"chr1","7339975","7340286","JH378105","30074426","30074735","44","22734451","GGCCAGGTGCAGTGGCTCACGTGTGTAATCCCAACAGTTTGGGAGGCTGAGGCAGGCGGATCACTTGAGCTCATGAGTTCAAGACCAGTCTGGCCAACGTGATGAAACACTGTCTCTACTAAAAATACAAAAATTAGCCAGGCATGGTGGCGCATGCCTGTAGTCCCAGCTACTTGGGAGGCTGAGGCATGAGAATCACTTGAACCTGGGAGGCAGCGGTTGCAATGAGCCAAGATTACACCACTGCCCTCCAGCCTGGGCAACAGAGCGAGACTCTGCCTCATAAAACAAACAAACAAACAAACAAAAAAA","GGCTGGGTGCGGTGGCTCACATCTGTAATTCCAGCACTTTGGGAGGCTGAGGTAGGTGGATCCCTTGAGGTCAGGAGTTTGAGACCAGCCTGGCCAACATGATGAAACCCTGTCTCTACTAAAAATACAAAAAATTAGCCAGGCTTGGTGGTGCATGTTTTTAATCCCAGCTACTTGGGAGGCTGAGGCAGGAGAATCACTTGAACCCAGGAGGCAGAGTTTGCAATAAGCCAATGTCGCACCACTGCACTCCAGCCTGGGCAACAGAGCAAGACTCCCTCTCAAACAAAAAAAAAACAAACAAACAAAA"
"chr1","56622930","56623242","JH378234","2806107","2806409","52","53816823","GGCTGGGCAGGGTGGCTCACGCCTGTAATCCCAGTGCTTTGGGTGGCCGAGGTGGGTGTTATCCCTTGAGGTCAGGAGTTCAGGAGTTCGAGACCAGTCTGGCCAACATGGTGAAACTTCATCTCTACTAAAAATACAAAAATTAGCTGGACGTGGTGGTGCATGCCTGTAGTGACAGCTACTCAGGAGGCTTAGGCGAGAGGATCACTGAAACCTGGGAGGTGGCAGTTGCAGTGAGCCAAGATTACAGCACTGCACTCCAGCCTGGGTGACAGAGTGAGACTCTGTCTCAAAAAATAAATAAATAAATAAA","GGCTGGGCACGGTGGCTTATGCCTGTAATCCCAGTACTTGGGAGGCCAAGGCGGGTGAATCACTTGAGGTCAAGAGTTCGAGACCAGCCTGGCCAACATGGTGAAACCTTGTCTCTACTAAAAACACAAAAATTAGCTGGGCGTGGTGGCACACGCCTGTAGTACCAGCTACTCGGGAGGCCGAGGCAGCAGAATCGCTTGAACCTGGGAGGTGGAAGTTGCAGTCAGCTGAGATTGCGCCACTGCACTCCAGCCTGGGTGACAGAGCGAGACTTTGTCTCAAAAAAAAAAAAAAAAAAAAAA"
"chr1","197132242","197132554","JH378114","36876536","36876843","45","160255706","GCCAGGTGTGGTGGCTCATGCCTGTAATCCCTGCACTTTGGGAGGCCGAGATGGGTGGATCACTTGAGGTCAGGAGTTCGAGACCGGCCTGGCCAACATGGCAAAACCCCATCTTTACTAAAAATACAAAAAAAAAAAAAAGAAATTAGCCAGGCATGGTGGCATATGCCTGTAATCCCAGCTACTCGAGAAGCTGAGGCAGCAGAATCGCTTGAACCCAGGGAAGCGGGGTTGCAGTGAGCTGAGATCACGCCACTGCACTCCAGCCTGGGAAACAGAGCAAGACTCTGCCTCAAAAAAAAAAAAAAAAGAA","GGCCAGAGGAGGTGGCTCACGCTTGTAATCCCAGCACTTTGGGAGACCAAAGAGGGTGGAGCATTTGAGGTCAGGAGTTTGAGACCAGCCTGGCCAACATGATGAAACCCCATCTCTACTAAATATACAAAAAAAAAAAAAAAATTAGCTAGGCGTGGTGGCACATGACTGTAATCCCAGCTACTGGGGAAGCTGAGGCAGTAGAATCGCTTGAACCAGGGAGTCAGAGGTTGCAGTGAGCCGAGATCGCACCACTGCACTCCAGCCTGGAGACAGAGCAAGACTCCATCTCAAAAAAAAAAAAAAAA"
"chr1","1441756","1442074","JH378151","5903380","5903673","67","4461624","GCCAGGCCCGGTGGCTCGCTCGTGTAATCCCAGCACTTTGGGAGGCCAAGACGGGTGGATCACTTGAGGTCAGAAGTTCATGACCAGCCTGGCCAACATGGTGAAACCCCATCTCTACCAAAAATACAAAAATTGGCCGGGCCTGGTGGCACAGGTCTGTATTAGCTGAGTGTGGTGACGTGAGCCTGTAATCCCAGTCACTCGGGAGGCTGAGGCAGGAGAACTGCTTGAACCTGGAAGGCGGAGGTTGCAGTGAGCCAAGATGGCACCATTGCACTCCAGCCTGGCCACAGAACAAAACCCTGTCTCTAAAAACAAA","GGCCGGGCGTGGTGGCTCCTGCCTGTAATCCCAGCACTTTGGGAGGCCAAGGTGGGTGGATCACTTGAGGTCGGGAGTTCAAGACCAGCCTGGCCAACATGGTGAAACCCCATCTCTACTAAAAATACAAAAATTCCCTGGGTGTGGCAGTACATGCCTGTAATCCCAGTCACTCAGGAGGCTGAGGCAGGAGAATTGCTGGAATCTGGGAGGAGGAGGTTGCAGTGAACCAAGATCGTGCCATTGCACTCCAGCCTGGGTGACAGAGTGAGACTTTGTCTTTAAAAAAAAAAA"
"chr1","11140981","11141282","JH378293","867202","867495","45","10273779","GGCCGGATGCAGTGGCTCACACCCGTAATCCCAGACCTTTGAGAGGCTGAGGCAGGTGGATTTCTTGAGGTTGGGAGTTCAAGACCAGCCTGGCCAACATGGCGAAACCCCATCTCCATTAAAAATACAAAAATCAGCCGGGAGTGGTGGTGCATGCCTGTAATCCCAGCTACTCGGGAGGCTGGGGCAGGAAAATCACTTGACCCTGGGAGGTGAAGGTAGCAGTGAGCCGAAATCACAGCACTGCACTCCAGCCTGGGTGACAGAGTGAGACTCCGTCTCAAAAAAAAAAAAAAAAAAAA","GGAGCAGTGGCTCACACCTGTAATCCCAACACTTTGGGAGGCTAGGCAGATGGATCACTTGAGGTTGGCAGTTCAAGGCCAGCCTGGCCAACATGGTGAAACCCCATCTCTACTAAAAATACAAAAATAAGCCGGCGTGTTGGCACGCAGCTGTAATCTCAGCTACTCGGGAGGCTGAGGCAGAAGAATTGCTTGAACCTGGGAAGTGGAGGTTGCAGTGAGCTGAGATCACATCATTGCACTCCAGCCTGGGAGACAGAGTGAGACTCTGTCTCAAAAGAAAAAAAAAAAAAA"
"chr1","17170368","17170657","JH378109","33226384","33226670","44","16056016","GGCCGGGCCCGGTGACTCACACTGTAATCCCAGCACTTTGGGAGGCTGAGGCAGGCGGATCATTTGAGGATAGGAATTTGAGACCAGTTTGGCCAACAATGGTGAAACCCTGTCTCTACTAAAAATACAAAAATTAGCTGGGTTTGGTGGCACACACCTGTAATCCCAGCTACTCGGGAGGCTGAGGCACCAGAATCCCTGGAACCTAGGAGGTGGAGGTTGCAGTGAGCCAAGATCACGCCATTGCACCCCAGCCTAGAAGACAGAGAGAGACTGTCTAAATAAATAAA","GGCCAGGCACGGTGGCTCACACCTGTAATCCCAGCACTTTGGGAGACCGAGGCAGGCAGATCACTAGAGGTCAGGAGTTTGAGACCAGTCTGGCCAACATGGTGAAACCCTGTCTCTACTAAAAATACAAAAATTAGCTGGGTATGGTGCCACGCACTTGTAATCCCAGCTACTCGGGAGGCTGAGGCAGGAGAATCACTTGAATCCAGGAGGTGGAGGTTGCAGTGAGCAGAGATCACACAACTCTACTCCAGCCTGGGTGACAGAGTGAACTCTATTCCAAAAAA"
"chr1","18218867","18219178","JH378139","15546874","15547182","46","2671993","GGCCAGGCACAGTGGCTCATGCCTGTAATCCCAGCACTTTGGGAGGCCAAGGAGGGCGGATCACTTGAGGTCAGAAGTTCAAGACCAGCCTGGCCAATATGGTGAAACCCCATCTCTACTAAAAACACAAAAATTAGCTGGGTGTGGTGGTGCACACTTGTAAACCTAGCTAGCTAGTCGGGAGGCTGAGGTGGGAGGACCACTTGGATATAGGAGGTGGAGGCTGCAGTGAGCCTAGATCACACCACTGCACTCTAGCCTGAGTGACAGAGTGAGACTCTGTCTCCAAAATAAAAAATAAAATAAAATAAA","GGCCCTGCCCGGTGACTCATGCCTGTAATCCCAGCACTTTGGGAGGCCAAGGTGGGTGGATCAATTGAGGTCAGGAGTTCAAGACCAGCCTGGCCAACATGGTGAAACCCCATCTTTACTAAAAATACAGAAATTAGCTGGGTGTGGTGGTGCACACCTGTAATCCCAGATACTCCGGAGGCTGAGGCAGGAGAGTCCTTTGAACCCAGGAGGTGGAGGTTGCAGTGAGCTGAGATCACAGCTCTGCACTCCAGTCTGGGTGACAGAGTGAGACTCTGTCTCAAAAAAAAAAAAAAAAAAAAAAAAAAA"
"chr1","20447149","20447450","JH378228","5526219","5526521","54","14920930","GGCAGGGTGGCTCACGCCTGTTAATTCCAGCACTTTGGGAGACCAAGGCGAGCAGATCACTTGAGGTCAGGAGTTTGAGATCAGCCTGATCAATATGGTGAAACCCCGTCTCTACTAAAAATACAAAAATTAGCCAGACATGGTGGCACACGCTTGTAATTCCAGCTACTCGGGAGGCCAAGGCGGGAGGATGGCTTGGACCCAGGAGGTTGCAGTGAACTGAGATCACACCACTGCCCTCCAGCCTGGGCGACAGAGTGGGACTCCATCTCAAAAATGAAGAAGAAGAAGAAGAAGGAGAA","GGCCAAGCATGGTGGCTCACGCCTGTAATCCCAGCACTTTGGGAGGCTGAGGCAGGTGGATCACTTGAAGTCAGGAGTTTGAGACCAGCCTGATCAACATGGTGAAACCCCGTTTCTACTAAAAATACAAAAATTAGCCAGGTGTGGTGGAGCATGCCTGTATTCCCAGCTACTCAGGAGATTGAGGCAGTAGAATGGCTTGAACCTTGGAGGTTGCAGTGAGTCAGGATCACACCACTGCACTCCAGCCTGGGCTACAGAGCAAGACTCCATCTCAAAAACAAAACAAAAGAAAAAGGAAAA"
"chr1","39452545","39452836","JH378111","44623372","44623662","37","5170827","GGCTGGGTGTGGTGGCTCACGCCTGTAATCCCAGCACTCTGGGAGGCCGAGGCGGGCAGATCACTTGAAGTTAAGAGTTCGAGACCAGCCTGGCCAACATGGTGAAACCCCATCTCTACTAAAAGCACAAAACATTAGCCAGGCCTGGTGGTTCACGCCTGTAATCCCAGCTACTCAGAAGGCTGAGGCAGGAGAACTGCTTGAATCCAGGAGGTGGAGGTTGCAGTGAGCCGAGATCACACCACTGCACTCCAGCCTGGGCAACAGAGTGAGACTCCATCTCAAAACAAAA","GGCCGGCGTGGTGGCTCAGGCCTGTAATCCCAGCACTTCGGGAGGCCGAGGCAGGCAGATCACTTGAGGTCAGGAGTTCAAGACCAGCCTGGCCAACATGATGAAACCCCATCTCTACTAAAAGTACAAAAATTAGCCAGAAATAGTGGCACGTGCCTATAATCCCAGCTACTTGGGAGGCTGAGGCAGGAGAATTACTTGAACCCAGGAGATAAGAGGTTGGAGTGAGCCAAGATCACACCACTGCACTCCAGCCTGGGCGACAGAGTGAGACTCCATCTCAACAACAAA"
"chr1","61603819","61604128","JH378115","28553246","28553551","47","33050573","GGCTGGGCATGGTGGCTCACTCCTGTAATCCCAGCACTTTGGAAGGCCAAAGCGGGCAGATCATTTGAGGTCAGGAGTTCGAGACCAGCCTGGCCAACATGGTGAAACCCCATCTCTACTAAAAAAAATATAAAAATTTGCCAGGCATGGTGGTGCAGGCCTGTAGTCCCAGCTGCCAGGGAGGTCGAGGCAGAAGAATCATTTGAACCCAGGAGGCAGAGATTGCAGTGAGCTGAGGTCATACCACTGGACTCTAGCATGTGTGACAGAGCAAGACTCCATCTCAGAAAAGAAAAGAAAAGAAAAAGAA","GCTGGGCATGGTGGCTCCCACCTGTAATCCCAGCATTTTGGGAGGCCAAGGCGGGTGGATCACTTGAGGTCAGGAGTTTGAGACCAGTCTGGCCGACATGGTGAAACCCTGTCTCTACTAAAAATACAAAAATTAGTCAGGTGTGATGGTGCATGCCTGTAGTCCTAGCTACTTGGGAGGCTGAGGCAGAAGAATCATTTGAACCCGGGAGGCAGAGGTTGCAGTGAGCCAAGATCACACCACTGCACTCCAGCTTAAGTGACAGAGCAAGACTCCATCTCCAAAAAAAAAAAAAAAAAAAAAAAA"
"chr1","97910674","97910987","JH378117","8273843","8274143","48","89636831","GCTGGGCGCAGTGGCTCACTACTATAATCCCAGCACTTTGGGAGGCTGAGGCGGGTGGATCACTTGAGGTCAGGAGTTCGAGACCAGCCTGGCCAACATGGTGAAATCTCATCTCTACTAAAAATACAAAAAAAAATTAGCCAGGCATGGCAGTACATGCTTGTAATCGCAGCTACTCGGGAGGCGGAGGCACGAGAATCACTTGAACTCAGGAGGCAGAGGTTGCAATGAGCCAGTGAGCCAAGATCACACTACTGCACTCCAGCCTGGGCAACAGAGCGAGACTCAAGAAAGCCAAAAAAAAAAAAAAAGAA","GCCGGGCACAGTGCTTCATGCTGTAATCCCAGCACTTTGGGAGGCTGAGGCGGGCAGATCACTTGAGGTCAGGAGTTCGAGACCAGCCTGGCCAAATGGTGAAATCCCATCTCTACTAAAAATACATAAATTAGCGAGTCATGGCGGCACATGCCTGTAATCCCAGCTACTTAGGAGGCTGAGGCAGGAGAATGGCTTGAACCCAGGAGGCAGAGGTTGCAGTGAGCTGAGATCACACTACTGCACTCCAGCCTGGGCAGCAGAGTGAGACTCTATCCAAAAAAAAAAAAAAAAAAAAAAA"
"chr1","106561301","106561562","JH378149","13828440","13828697","44","92732861","GGCTGGACATGGTGGCTCATGCCTGTAATCTCAGCAATTTGCGGGGCTGAGACAGATGGATCACTTGAGGTCAGGAATTCGAGAGCAGCCTGGCCAACATGGTGAAACCCTGTCTCTACTAAAAAATACAAAAATTAGCCAGGCATGGTGGCACACACCTGTAATCCCAGCTACTCAGGAGGCTGAGGCAGGAGAAGAGCTTGAACCCAGAAGGCAGAAGTTGCAGTGAGCCAGGATCACGCCACTGTATTCCAGCTTGGGC","GGCCGGGCATGGTGGCGCACACCTGTCAACTCAGCACTTTGAGAGGCTGAGGCAGGTGGATTACTTGAGTTCAGGAGTTCGAGACCAGCCTGGCCATCACGGTGAAACCCTGTCTCTACTAAAAAATACAAAAATTAGCTGGGCGTGGTGGCGCATACCTGTAATCCCAGCGACTCGAGGTGGAAGCAGGAGAATCGCTTGAATCCAGGAGGCAGAAATTGCAGTAAGCCAAGATTGTGCCACTGCACTCCAGCCTGG"
"chr1","123207524","123207802","JH378122","7809799","7810085","46","115397725","GGCCGGGCATGGTGGCTCATGCCTGTAATCCCATCATTTTGGGAGGCCTGGCAGGCAGATCACTTGAGTTCAGGAGTTCAAGACCAGCCTGGCCAACATGGTGAAACCCCCTCTCTACTGAAAATATAAAAATTAGCCGGGCGTGGTAGTGCATGCCTGTAATCCCAACTGCTAGGGAGGCTGAGGCAGGATAATTGCCAGGGGATGGAGGTGGCAATGAGCCACAGTTGCGCCACTGCACTCCAGCCTGGGCGACAGAGCAAGACTCCATCTCAAAAA","GGCCAGGCACAGTGGCTCATGCTTGTAATCCCAGCACTTTGGAAGGCCAAGGCGGGCAGATCACTTGAGCTCAGGAGTTCAAGACCAGCCTGGCCAACATGGTGAAACCCCGTCTCTACTAAAAATACAAAAATTATCCAGGTGTGGTGGTGCATGCCTGTAGTCCCAGCTACTCAGGAGGCTAAGGCAGGAGAATTGCTTGAACCTGAGAGGTAGAGGTTGCAGTGAGCCAAGATTGTGCCACTGCACTCCAGCCTGGGCAACAGAGTGAGACTCTGTCTCAAAAA"
"chr1","211156972","211157274","JH378118","17331774","17332076","44","193825198","GCCAGGTGGGATGCCTCATGCCTGTAATCCCAGCACTTTGGGAGGCTGAGGCAGGTGGATCATTTGAGGTCAGGAGTTTGAGACCAATCTGGCCAACATGGTGAAACGCTGTCTCTACTAAAAATACAAAAATTAGCTAGGCAGTAGTGGCGCATCCCTGTAGTCCCACCTACTTGGGAGGCTGAGGCAGGAGAATTGCTTGAGCCTGGGAGGCGGAGGTTGTGGTGAGCTGAGATCGGGCCACTGCACCCCAGTCTCAGTGAGAGAGCGAGACCCCATCTCAAAAAAAAAAAAAAAAAAGAA","GACCACGTGCGATGGCTCATGCCTGTAATCCCAGCACTTTGGGAGGCTGAGGTGGGTGGATCAGTTGAGGTCGGGAGTTTGAGACCAGCCTGGCCAACATGGTGAAACCTAGTCTCTACTAAAAATACAAAAATTAGGCATGCGTGGTGGCGCATGCCTGTAGTCCTAACTACTGGGAGGCTGAGGCAGGAGACTTGCTCGAACCTGGGAGGTGGAGGTTGCAGTGAGCCAAGATCGTGGCATTGCACTCCAGCCTGGGTGACAGAATGAGACTCTACCTCAAAAAAAAAAAAAAAAAAAAAA"
"chr1","225967937","225968232","JH378123","29482551","29482848","45","196485386","GCTGTGGCTCACACCTGTAATCCCAGCACTTTGGCAGGCTGAGGTGGGCGGATCACTTGAGGTCAGGAGTTCGAAACCAGCCTGGCCAACATGGTGAAACCCCATGTCTACTAAAAATACAAAAAAAATTAGCCAGGTGTGGTGATGCACGCCCGTAATCCCAGCTACTCGGAAAGCGGAGGAATGAGAATTGCTTGAACCCGGGAGGTGGAGGTTGTAGTGAGCTGAGAACGCGCCATTGCACTCCAGCCAGAGCGACAGAGTAAGACTCCATCTCAAAAAAAAAAAAAAAGAAA","GGTGGCTCACTCCTGTAATTTAAGCACTTTGGGAGGCTGAGGCAGGCGGATCACTTGAAGTCAGGAGTTCAAGACCAGCCTGGCCAACATGGTAAAACTCAATTTCTACTAAAAATACAAAAAAAATTAGCCAGGTGTGGTGGTGTGTGCCTGTAATCCCAGCTACTCAGGAGGCTAAGGCAGGAGAATTGCTTGAGCCCAGGAGGTGGAGGTTGCAGTGAGCTGAGATCACGCCACTGTACTCCAGCATGGGTGACAAAGTTAGACTCCATCTCAAAAAAAAAAAAGAAAAAAGAAA"
"chr1","227409692","227409998","JH378113","15232832","15233136","39","212176860","GGCCAGGTGAGGTGGCTCACACCTGTAGTCCCAGCACTTTGGGAGGCCAAGGTGGGTGGATGGCTTGAAGCCAGGAGTTCGAGACCAGCCTGGCCAACATGGTGAAACCCTATCTCTACTAAAAATACAAAAATCAGCCAGGCATGGTGGTGTGCGCCTGCAGTCCCAGCTACTCGGGGGAGGCTGAGGCAGCAGAATCGCTTGAACCCGGGAGGCAGAAGTTGCGGTGAGCTGAGATGCCACCAATGCACTCCAGCCTGGGCAACACAGTGAGATCCCATCTCAAAAAACAAAAAAATAAATAAAA","GGCCAGGTGCAGTGGCTCACACCTGTAATCCCAGCACTTTGGGAGGCCAAGGCAGGTGGATCACTTGAGCTCAGGAGTTCGAGACCAGCCTGGCCAACATGGTGAAACCCTGTCTCTACTAAAAATACAAAAATTGGCTGGGCATGGTGGTGCATGCCTGTAATTGCAGCTACTGGGGAGGCTGAGGCAGGAGAATCACTTGAACCCAGGAGGCAGAGGTTGCAGTGATATGAGATCACGCCACTGCACTCCAGCCTGGGCAACACAGTGAGACTCCATCTCAAAAAAAAAAAAAATGAAATAAA"
"chr1","806113","806419","JH378193","4088336","4088639","46","3282223","GACTGGACATGGTGGCTCACGCCTGTAATCCCAGCACTTAGGGAAGCCAAAGTGGGCGGATCATTTGAGGTCAGGAGTTCAAGACCAGCCTGGCCAACATGGTGAAACCCCATCTCTCTACTAAAAATACAAAAATCAGCATGGTGTGGTGTTGCACGCCCATAATCCCAGCTACTGGGGAGGCTGAGGTGAGAGAATTGCTTGAACCCAAGAGGTGGAGGTTGCAGTGAGCCGAGATCACACCATTGCACTCCAGCCTGGGCAACAGAGGGAGACTGTGTCTCCTAAAAAAAAAAAAAGAAAAAAA","GGCTGGGCACGGTAGCTCATCCCTGTAATCCTAGCACTTTGGGAGGCCAAGGCGGGCAGATCACTTGAGGTCAGGAGTTCGAGACCAGCCTGGCCAACATGGTGAAACCCCCATCTCTACTATAAATACAAAAATTAGCCAGGTATGGTGGCACGCACCTATAATCCCAGCTACTCAGGAGTCTGAGGTGTGAGAATTGCTTGAACCTGAGAGGTGGAGTTTGCAGTGAGCCGAGATCATGCCACTGCACTCCAGCCTGGGCAACACAGTGAGACTCCATCTCAAAAAAAAGAAAAAGAATAAA"
"chr1","871067","871361","JH378125","15313063","15313352","52","14441996","GACCGGGCGTGGTGGCGCACGCCTGTAATCCCCGCATTTTAGGAGGCTGTGGCGGGCGGATCATTTGAGGTCAGGGGTTCGAGATCAGCCTGACCGACGTGGAGAAACCCTGTCTCTGTTAAAAATACAAAAAAATTGGCCGGGCATGGCAGTACATCCCTGTAACCCCAGCTACTCAGGAGGCTGAGGCAGGAGAATCGCTTGACCAGGAGGCGGAGGTTGCAGTGAGCCGAGATCGTGCCACTGCACTCCAGCCTGGGCGACAGAATAAGACTTCATACCCAAAAAGATAAAA","GACCAGGCTTGGTGGCTCACTCCTGCAATCCCAGCACTTTGGGAGGACAAGGTGGGCAGATCACTTGAGGTAGGAGTTCAAGACCAGCTTGGCCAACATGGTGAAACCCTGTCTCTACTAAAAATACAAAAATTAGCTGGGCATGGTGGCCAGCACCTGTAATCCCAGCTACTCAGGAGGCTGAGGCAGGAGAATCACTTGAACCCAGGAGGCAGAGGCTGCAGTGAGCTGAGATCGTGCCACTGCACTCCAGCCTGGGCGACAGAGAAAGACTCAGTCTAAAAAAAAAA"
"chr1","883784","884059","JH378112","14425894","14426167","50","13542110","GGCGGCTCACACCTGTCATTCCAGCACTTTGGGAGGCCAAGGTGGGCAGATCACTTGAGATCAGGAGTTCAAGACCAGCCTGGCCAACATGGCAAAACCCCATCTCTACTAAAAATACAAAAATTCTCCGGACACGGTGGGCGCCTGTGGTCCCAGCTACTCAGGAGTCTGAGGCAGGAGAACCGCTGGAACCCGGGAGGCGGCGGTTATAGTGAGCCGAGATGGAGCCACTGCACTCCATCCAGCCTGGGCGACAGAGTGAGACTCTGTCTCAAA","GGTGGCTCACACCTGTAATCTCAGCACTTTGAGAGGCTGAGGTGGGTAGATCACTTGACGTCAGGAGTTCAAGACCAGCATGGCCAACATGGTGAAACCCTTTCTCTCCTAAAAATACAAAAATTAGCCAGTCATGATGGCACATGCCTGTGATCCCAGCTACTCAGGAGGCTGAGGCAGGAGAATCACTTGAACCCAGGAGGCGGAGGTTGCAGTGAGCTGAGATCATGCCACTGCACTCCAGCCTGAACGACAGAACGACTCTGTCTCAAAA"
"chr1","923971","924257","JH378135","2083499","2083789","43","1159528","CGGGGTGGCGGCTCACGCCTGTGATCCCAGCGCTTTGGGAGGACGAGGCGGGCAAATCACTTGAGGTCAGGAGTTCAAGACCAGACTAGCCAACATGGTGAAACCCCATCTCTACTAAAAATACAAAAATTAGCTGGGTGTGGTGGCGCACACCTGTAGTCCCAGCTACTCGAGAGGCTGAGGCAGGAGAATTGCTTGAGCCCTGGAGGTGGAGGTTGCAGTGAGCTGAGATCGCGCCACTGCCCTCCAGCCTGGGTGACAAGAACAAGACCCTGTCTCAAAACAAA","GCTAGGCGCGGTGGCTCATGCCTGTAATCCCAGCACTTCGGGAGGATGAGGTGGGCAGATCACTTGAGGTCAGGAGTTCGAGACCAGCCTGACCAATATGGTGAAACCCTGTCTCTACTAAAAATACAAAAAAATTAGCTGGGTGTGGTGGCACACACCTGTAATCCCAGCTATGTCGGAGGTTGAGGCAGGAGAATCGCTTGAACCCAGGAGGCAGAGGTTGCAGTGAGCTGAGATCGTGCCACTGCACTCCAGCCTGGGTGACAGAGCAAGACTCCATCTGAGAAACAA"
"chr1","930545","930814","JH378236","2562853","2563118","52","1632308","GGTCAGGCCCAGTGGTTCACACCTGTAATCCCAGCATTTTGGGAGCCCGAGGCAGGCGGACCACTTCAGGCCAGGAGTTCAAGACCAGCCTGGCCAACATGATGAAACCCCATCTCCACTAAAAATACAAAAATTAGGCCGGGTGCGGGGGCTCACACTTGTAACCCTAGCACTTTGGAAGGCTGAAGCGGGCGGATCATGAGGTCAGGAATTCGAGACCAGCCTGGCCAATACAGTGAAACGCTGTCTCTGACTAAAAACACAAAAAAA","GGCTGGGCACGGTGGCGTATGCCTATAATTCCAGCACTTTGGGACGCCAAGGCAGGTGGATCGCTTGAGGTCAGGAGTTCAAGACCAGCCTGGCCAACAGGTAAAACCCCATCTCTACTAAAAATACAAAAATTGGCCGGGCGCGGTGGCTCAAGCCTGTAATCCCAGCACTTTGGGAGGCCGAGACGGGTGGATCACGAGGTCAAGAGATCGAGACCATCCTGGTCAACATGGTGAAACCCCGTCTCTACTAAAAATACAAAAAA"
"chr1","1016208","1016497","JH378135","17707279","17707571","49","16691071","GGCTGGGTGTAGTGGCTCACGCCTGTAATCCCAGCAATTTGGGAGCCAAGGCAGGCGGATCATTTGAGGTCATGAGTTCGAGACCAGCCTGGCCACTGTGGTGAAACCCTATCTCTACTAAAAATACAAAAATGAGGTGGGTAAAGTGGTGCGCGCCTGTCGTCCCAGCTACTCTGGAGGCTGGGGCAGGAGAATCACTTGAACCCAGGAGGTGGAGGTAGCAGTGAGCCAAGATCGTGCCATTTTACTTGTCTTGGAGACAGAGGAAGACTCCATCTCAAAAAAAAAAA","GGCTGGGCGCAGTGGCTCACGCCTGTAATCCCAGCACTTTGGGAGGCCAAGGCAGGCAGGTCACTTGAGGTCAAGAGTTTGAGACCAGCCTGGCCAATGTGGTGAAACCCCATCTCTACTAAAAATACAAAAATTAGCTGGGCATGGTGCCTGCACCTATAATCCTAGCTACTTGGGAAGTTGAGGCAGGAGAATCACTTGAACCCAGCAGGCGGAGGTTGCAGTGAGCCAAGATCATGCCACTGCACTCCAGCCTCGGCAGCAGAGCGAGACTGCTGCTCAAAAAAAAAAAA"
"chr1","1072891","1073173","JH378154","14273514","14273808","53","13200623","GGCTGGGCGCGGTGGCTCACTACTGTACTCCCAGCACTTTGAGAGGCTGAGACGGGTGGATCACTTGAGTCCAGGAGTTAGAGACCAGCCTGACCAATGTGGTGAAACCCCATCTCTACTAAATATACAAAAATTAGCTGGGCGCAGTGGCGGACGCCTGTAATCCCAGCTACTCTGAGGCTGAGGTGGGAGGATGGCTTGAACCCCGGAGGCAGAGGCTGCAGTGAACCCAGATCGCACCGCTGCACTCCAGCTAGACACAGAGAGACTTAAAAAATAAAAA","GGCTGGGCGCAGTAGCTTACGCCTGTAATCCCAGCACTTTGGGAGGCTGAGACGGGCGGATCACTTGAGTCGGGAGTTTGAGACCAGCCTGGCCAACATGGTGAAACCCTATCTCTACTAAAAATACAAAAATTAGCCAGGCATGGTGGCACACGCCTGTAATCCCAGCTACTCGGGAGGCTGAGGCAGAAGAATCACTTGAACCCAGGAAGCAGAGGCTGCAGTGAGCTGAGATCGTACCACTGCACTCCAGCCTAGGCGACAGAGTGAGACTCCATCTCAGAAAAGAATAAAA"
"chr1","1078601","1078904","JH378199","1555773","1556071","57","477172","GGCCGGGCGCGGTGGCTCACGCCTGGAATCCCAGCACTCTTGAGAGGCCAAGGCGGGCGGATCACTTGGAGTCAGGAGTTTGAGACAGGCCCGGCCAACATGGTGAAACCACGTCTCCATTAAAAATAAAAAAAATTAGCCAGGTGTGGTGACACACGCCTGTAATTCCAGCTACTCAGGAGGCTGAGGCATGAGAATCACTTGAACCCAGGAGACAGAGGTCTCAGTGAACCGAGATCGCGCCCCTGGGCCACAGAGCGAGACTCCATCTCCAAAAAAAAAAACCAAAAAACGAAAAAAAAAA","GGCCGAGCGCAGGGGCTCACGCCTGTACTCTCAGCACTTTGGGAGGCCAAGGTGGGCAGATCACTTGAAGTCAGGAGTTTGAGACCAGCCTGACCAACATGGTGAAACCACATCTCTACTAAAAATACAAAAATTAGCCAGGCATGGTGGCACACACCTCTAATCCCAGCTACTCGAAGGCTAAGGCGGGAGAATCACTTGAACCTGGGAGGCAGAGGTTGCAGTGAGCACCACAGCACTCCAGCCTGGGGAACAGAGTGAGACTTCTCCAAAAAACAAAACAAACAACAACAACAAAA"
"chr1","1100336","1100637","JH378200","886572","886874","37","213764","GGCCGGGCACAGTGGCTCACGCCTGTGATCCCAGCACTGTGGGAGGCCGAGGTGGGCGGATCATTTGAGGTCAGGAGTTTGAGACCAGCCCGGCCAACATGGTGAAGCCCCATCTCTACTAAAAATGCCAAAATTAGCCGGGCATGGTGGCACGCTCCTGTAATCTCAGCTACTCAGGGGCTGAGGCAGGAGAATCCCTTGAACCCGGGAGGTGGAGGTTGCAGTGAGCCGAGATCGTGCCACTGCACTCTAGCCTGGGTGACAGAGCAAGACTCCATCTCAAAAAAACAAAAAAAGAGAGA","GGCCGGGCACAGTGGCTCACGCCTGTAATCCCAGTACTTTGGGAGGCCAAGGTGGGTGGATCACTTGAGGTCAGGAGTTCGAGACAGCCTGGCCAACATGGTGAAAACCCGTCTCTACTAAAATTACAAAAAGTTAGCCAGGCATGGTGGCACGCGCCTGTAATCCCAGCTACTCAGTGGCTGAGGCAGGAGAATCGCTTGAACCCAGGAGGCGGAGGTTGCAGTGAACTGAGATCATACAACTGCACTCGAGCCTTGGTGACAGAGCGAGACTCCATTTGAAAAAAAAAAAAAAAAAGGAAA"
"chr1","1151745","1152055","JH378314","184239","184548","52","967506","GGCCGGGTGCAGTGGCTTCACACCTGTAATCCCAGCACTTTGGGAGGCCAAGGCAGGGGGATCGCTTGAGGTCAGGAGTTTTAGACCAGCCTGGCCAACATTGTGAAACCTCGTCTTTACTAAATATACAAAAATTAGCCAGATGTGGTGGTGCGTGCCTGTAGTCCCAGCTACTTGGGAGGCTGGTAGGCCAGAGGATTGCTTGAGCCCAGAAGGAGGAGGCTGCAGTGAGCTGAGATTGCACCACTGCACTCCATCTTGGGTGACAGAAACCCTGTCTCAAAACAAAAAATGAAAGAAAGAGAGAGAGA","GGCCGGGCGCAGTGGCTCACACCTGTAATCCCAGAACTTTGGGAGGCTGAGGCAGGTGGATCACTTGAGGTCAGGAGTTTGAGACCAGCCGGACCAACATGGTAAAACCCCGTCTCTACTAAAAATACAAAAGTTAGCCGGACTGTGGTGGTGCAGCCTGTAGTCCCAGCTACTCGGGAGACTGAGGCAGGAGAATTGCTTGAACCTGGGAGGCAGAGGCTGCAGTTAGCTGAGATTGTGCCCTTGCACTCCAGCCTGGGTGACAGAGTGAGACTCTGTCTCAAAAAAAAAAAAAAAAAAAAGAAAGAAA"
"chr1","1182600","1182896","JH378262","3361970","3362261","39","2179370","GGCCGGGCCCAGTGGCCACACCTGTAATCCTAGCACGTTGGGAGGCTGAGGTGGGTGGATCATTTGAGGTCGGGAGTTTGAGACTAGCCTGCCCAACATGGTGAAACCGTATTTCTGTTAAAAATACAAAAATTAGCCAGGCGTGGTGGTGCACCCCTGTAATCCCAGCTACTCGGGAGGCTGAGGCAGGAGAATCGCTTGAACCCGGGAGGTGGAGGTTGCAGTGAGCCAAGATTGTGCCATTGCACTCCAGCCTGGGTGACAGAGCGAGACTCCATCTCAAAAAATAAAATAAAA","GCCGGGCGTGGTGGCTCACTTCTGTAATCCTAGCATTTTGAGAGGCTGAGGTGGGTGGATCACTTGAGGTCAGGAGTTTGAGACCAGCCTAGCCAACATGGTGAAACTCCGTCTCTATAAAAATACAAAAATTAGCCAGGCGTAGTGGTGCACTCCTGTAATCCCAGCTACTTGGGAGGCTGAGGCAGAAAATCGCTTGAACCTAGGAGGCGGAGGTTGCAGTGAGCCAAGAATGTGCCACTGCACTCCAGCCTGGGTGACAGAGTGGGACTCCATCTCAAGAAACAAAAAA"
"chr1","1234413","1234701","JH378117","6076538","6076831","41","4842125","CGGGTGTGGTGGCTCATGCCTGCAATCCCAACACTTTGGGAGGCCAAGGAGGGCGGATCACTTGAGGTCAGGAGTTCGAGACCAGCCTGGCCAACACGGTGAAACCCTGTCTCTACAAAAAGATAAAAATTAGCCAGGCATGGTGGTGCATGCCTGTAGTTCCAGCTGCTCAGGAGGCTGAGGCAGGAGACTCAATGGAACCTGGGAGGCGGAGGTTGCAGTGAGCTGAGATCATGCCACTGTACTCCAGCCTGGGCGACAGAGCGAGACTCCAACTTTAAAAAAAAAA","CCAGGTGTGGTGGCTCATGCCTGTAAGCCCAGCACTTTGGGAGGCCAAGGTGGGCGGATCACTTGAGGTCAGGAGTTTGAGACCAGCCTGGCCGACATGGTGAAACCCTGTCTCTACTCAAAATACAAAAATTAGCCAGGCGTGGTGGTGCATGCCTGTAATCCCAACTACTGAGGAGGCTGAGGCAGGAGAATTGCTTGAACCTGGGAGGTAAAGGTTGCAGTGAGCTGAGATTGCGCCACTGCACTCCAGCCTGGGTGACAGAGTGAAAATCCATCTCAAAAAAAAAAAAAA"
"chr1","1334825","1335058","JH378211","2321219","2321454","43","986394","GGCCGGGTACAGTGACTTACGCCTGTAATCCCGGCACTTTGGGAGGCCAAGGCAGGCAGATCACTTGAGGTCAGTTCGAGACCAGCCTGGCCAACATGGCGAAACCCCGTCTTTACGCAAAATACAAAAATTAGCCGGGCGTGGTGGCGCATGCCTGTAATCCCAGCTGCTCAGGAGGCTGAGACAGGAGGATCACTTAAACACGGGAGGCAGAGTGAGCCAAGGCCATGCCAC","GGCCAGGAGAAGTGGCTCACGCCTGTAATCCCAGCACCTTGGGAGGCCCAGGCAGGTAGATCACTTGAGGTCAGGAGTTTGAGACCAGCCTGGCCAACATGGTGAAACCCCGTCTCTACTAAAAATACCAAAAAAAAGTAGCTGGGCGTGGTGGCGCATGCCTGTAATCCCAGCTACTCAGGAGGCTGAGGCAGGAGAATCACTTGCACCCGGGAGGCGGAGGTTGCAGTGAGCTG"
"chr1","1361771","1362064","JH378153","13038261","13038552","52","11676490","GGCTGGGCACGGTGTCTCACGCCTGTAATCCCAGCACTTTGGGAGGGCAAGGCAGGCAGATCATTTCAGATCTGGAGTTCGAGACCAGCCTGACCAACATGGCGGAACCCGGTCTCTACTAAAAATACAAAAAATAGCTTGGTGGCGCACACCTGCAGTCACAGTTACTCGGGAGACTGGGGCGGGAAAAATCGCTTGAACCCGGGAGGCGAGATTGCATTAAGCCTAGATGGCGCCATTGCACTCCAGCCTGGGCGACAGCGCAAGACTCAGTCTCGGGGTAAGAAAAAAAAA","GCTGGGCACGGTGGCTCATGCCTGTAATCCCAGCACTTTGGGAGGCCAAGGCGGGTGGATCACTTGAGGTCAGGAGTTTGAGACCAGCCTGACCAACATGGCAAAACCCTGTCTCTACTAAAAATACAAAAATAGCCGGGTGTGGTGGGTTCCTGTAATCCCAACTACTCGGGAGACTGGGGCAGGAGAATCGCTTGAACCCGGGTGGCAGAGGTTGCAGTGAGCCAAGACTGCACCATTGCACTCCAGCCTGGGCGACAGACCAAGAGTCCGTCTCAAAAAAAAAAAAAAA"
"chr1","1364926","1365179","JH378172","1936923","1937169","47","571997","GGTCATTTAAGGTCGGGAGTTTGAGACCAGCCTGGCCAACATTGTGAAATCCCCTCTCTACTAAAAATACAAAAATTAGCTGGGAGTGGCGGTGTGCGCCTGTAATCCCAGATACTCGGGAGGCTGAGGCAGGAGAATCGCTTGAACCGGGTAGGCAGAGGTTGCGGTCAGCCGAGATCGCACCTTTGTACTCCAGACTGGGCGACGGAGCGAAACTCCGTCTCAAAAACAGAAAAAAACAAAACAAAACAAAA","CTTGAAGTCAGGACTTGGAGACCAGCCTGGCTAACATGGTGAAACCCCATCTCTACTAAATGTACAAAAATTAGTTGGGCTTGGTGGTGGCACCTGTAATCCCAGCTACTCAGGAGGCTGAGGCAGGAGAATTGCTTGAACCTGGGAGGTAGAGGTTGCACTGAGCCAAGATGGCACCACGGTACTCCAGCCTGGGTGACAAGAGTGAGACTCTGTCTCAAAAAAAAAAAAAAAAAAAAAAAGAAAA"
"chr1","1414789","1414975","JH378137","19323143","19323313","56","17908354","NNNNNNNNNNNNNNNNNNNNTAACTGAGTGTGGTGGCAAACACCTGTAATCCCAGCTACTCAGGGGGCTGAAGCAGGAGACCAGCTTGAACCCAGGAGGCGGAGGTTGCAGCGAGCCAAGATTGAGCCACTGCAAGCCAGCTTAAGGGATAGAGTGAGACTTTGTCTCAAATAAATAAAAATAAAAA","AAAATTAGCCAGGCATGGTGGCATGCACCTGTAGTCCCAGCTACTCGGGAGGCTGAGGCAGGAGAACTGCTTGAACCCGGGAGGCGGAGGTTGCAGTGAGCCGAGATCAGGCCACTGCACGCCAGCCTGGGTGACAGAGGGAGACTCCATCTCAAAAACAAAACCAAAAAA"
"chr1","1415241","1415383","JH378232","5487123","5487266","30","4071882","GACTGGGCGTGGGGGCTCATGACTGTAATCCCAGAACTTCAGAAGGTCAAGGCAGGAGCATCTCTTTAGCTCAGAAGTTCGAGCCCAGCCTGGGCAACAAGGGGAAACTCCATCTCTACTAACATTACAAAAAAGTTAGCTGG","GGCTGGGCACAGTGGCTCACACCTGTAATCCCAGCACTTTGGAAGGCCAAGGTGGGAGGATCACTTGAGGTCAGGAGTTTGAGACCAGCCTGGCCAACATGGTGAAACCCCATCTCAACTAAAAGTACAAAAAAATTAGCCTGG"
"chr1","1421879","1422167","JH378164","6799720","6800008","52","5377841","TGGCTTATGCCTGTAATCCCAGCATGCTGGGAGGCCAAGGAGAGAGAATCACTTGAGGCCAGGAGTTCGAGACCAGCCTGGCCAACATGTCGAACTACACCTCTACTAAAAATACAAAAATTGGTCGGGCATGGTGGTGGTGCATGCCTGTATTCTCAGCTACTCGAGAGGCTGAGGCAGGAGAATCGCTTGAACCCAGGAGGTGGAGGTTGCGGTGAGCCGAGATCGTGCCACTGTACTTCAGCCTGAGCAACAGAGTGAGACTGTCTACAAAAAAAAAAAAAAAAAA","GGCGGCTTGCTCCTGTAATCCCGGCACTTTGGGAGGCCAAGGTGGGTGAATCACTTGAGGTCAGGAGTTTGAGACTAGCCTGGCCAACATGGTGAAACCCCGACTCTACTAAAAATACAAAAATTAGCTGGGCATGGTGGTGCATGCCTGTAACCCCAGCTACTCAGGAGGATGAGGCAGGAGAATCACTTGAACCCAGGAGGCAGAGGTTGCAGTGAGCTGAGAGCATGCCACTGCACTCAGCCTGGGCAACAGTGAGACTGTCTCAAAAAAAAAAAAAAAGAGAGAA"
"chr1","1446261","1446518","JH378105","21076785","21077036","48","19630524","GGCTGGGCGTGGTGGATCACGCATGTAATCCCAGCATTTTGCGAGGCCAGGTGGGCAGATCATTTGAGATCAGGAGTTCTTGACCAGCCTGACCAACATGGTGAAACCCCATCTCTACTAAAAATACAAAAAACTTAACTAGGTGTGGTGGCAAACACCTGTAATCCCAGCTACTCAGGGGGCTGAGGCAGGAGAGCAGCTTGAACCCAGGAGGCAGAGGTTGCAGCGAGCCAAGATTGTGCCACCGCAAGCCAGCTT","GGCCAGGTGTGGTGGCTAACGCCTGTAACCCCAGCACTTTGGGAGGCCAAGGCAGGTGGATCACTTGAGGTCAGGAGTTCAAGACCAGCCTGCCAACATGGTGAAATCCCATCTCTAATAAAAATACAAAAATTAGCTGGATGTGGTGGCACACACCTGTAATCCCAGTCAGGAGGCTGTGGCAGGAGAATCACTTGAACCTGGGAGGCGGAGGTTGCAGTGAGCCAAGATTGTGCCACTGTGCTCCCGTCT"
"chr1","1446525","1446741","JH378107","3340768","3340992","68","1894243","AAGGCCGGTGAATTTCTTTAGTTCAGAAGTTTGAGCCCTGCCTGGACAATGTGGGAAACTCCATCTCTACTAACGTTACAAAAAAATTAGCCGGGCGTGTTAGTGTGCCTCTGCAATCCCAGCTTCTCGGGAGGCTGAGGCAGGAGGACTGCTTGAGCTGGAGAGGTCGCCCCTGCACTCCAGCCTGGGTGACAGACACTCTGTATTAAAATAATAA","GAGGCAGGTGGATCACCTGAGGTCAGGAGTTTGAGACCAGCCTGGCCAACATGGTGAAACCCCATTTCTACTAAAAATACAAAAATTAGCCAGGCGTGGTGGTACGTGCCTGTAGTCCCAGCTACTCAGGAGGCTTAGGCAGGAGAATTGCTTGAACCTCAGAGGTGGAGGCTGCAGTGAGCCAAGAACTCCAGCCTGGGTAGAGACTCCAAGACTCCAGTCTCA"
"chr1","1447033","1447087","JH378134","22123990","22124046","18","20676957","GGCTCACATCTTTAATCCCAGCACTTCAGAAGGTCGAGGCGATCAAATCTCTCGC","TGGCTTACACCTGTAATCCCAGCACTTTGGAAGGCTGAGGTGGGCTGCTCACTTGAG"
"chr1","1473818","1474140","JH378111","34678603","34678901","63","33204785","GGCCGGGCGCGGTGCCTCACTCCTGTAATCCCTGCACGTTGGAAGGCCGAGGCGAGTGGATCACTTGAGGTCAGGAGTTTGAGACCAGCCTGGCCAATATGGCAAAACCCCATCTCTACTAAAACTACAAAAATTAGCCAGAAATGGTAGCTAATGCCTGTAATCCCAGCTACTTGGGAGGCTGAAGCAGGAGAAACTATTGAACCCAGGAGGCGGAGGTTGCAGTGAGCCGAGATTGCGCCATTGCACTCCAGCCTGGGCGACAGNNNNNNNNNNNNNNNNNNNNAGCGAGACTCCATCTCCAAAAAAAGAAAAGAAAGAAA","CCGGGCATGGTGGCTCATACCTGGAATCCCAGCACTTTGGGAGGCTGAGGCGGATGGATCACTTGAGGTCAGGAGTTTGAGACCAGCCTGGCCAACATGGCGAAACTCCATCTCTACTAAAAATACAAAAATTAGCCAGTCATGGTGGCATGTGCCTGTAATCTCAGGTACTTGGGAGGCTGAGGCAGGAGAATCGCTTGAACCCAGGAGGCGGAGGTTGCAGTGAGCTGAGATTGTGCCACTGCACACCAGACTGGGCAACAGAGCAAGACCCCATGTCAAAAAAGAAAAAAATGAAA"
"chr1","1478526","1478842","JH378156","6640727","6641043","43","5162201","GGCGGGACGCAGTGGCTCACACCTGTAATCCCAGGACTTTGGGTGGCCGAGGTGGGTGAATCACTTGAGGTCAGCAGTTCAAGACCAGCTTGGCCAACATAGTGAAATCCTGTCTCTACTAAAAATACAAAAATTAGCCGGGTGTGGCAGTGCATGCCTATAATCCCAGCTACTCAGGAGGCTGAGGCAGGAGAATCGTTTGAACCTGGGAGGCGGAGGTTGCAGTGAGCCGAGATTGCACCACTGCACTCCAGCCTGGGTGACAGAACAAGACTCTGTCTCAAAAAAGTAAATAAATAAATAAATAAATAAATAAA","GGCTAGGTGCAGTGGCTCATGCCTGTAATCCCAGCACTTTGGGAGGCTGAGGCAGATGAATCACTTGAGGTCAGGAGTTCAAGACCAGCCTGGCCAACATGGTGAAACCCCGCCTTTACTAAAAATACAAAAAATTAGCTGGATGTGGTGGCACGTGCCTGTAATCCCAGCTACTCAGGAGGCTGAGTCAGGAGAATCACTTGAACCCAAGAGATTGAGGTTGCAGTGAGCCGAGATTGCACCATTGCACTCCAGCCTGGGTGACAGAGCAAGACTCGATCTCAAAAAAATAATAAATAAATAAATAAATAAATAAA"
"chr1","1489050","1489290","JH378115","35683459","35683705","43","34194409","GTGGCTCACTTGAGGACAGGAGTTCGACACCAGCCTAGCCAACATGGTGAAACCTTATCTCTACTAAAAACACAAAAATTAGTCGTGGTGGCACACGCCTGTAATCCCAGCTATTCGGGAGGCTGAGGCAGGAGAATTGCGTGAACCCCGGAAGCGGAGGTTGCAGTGAGCCGAGATCGCGCCATTGCACTCCAGCCTGGGCAACAGAGAGATACTGTTTCAAAAAAAAAAAAAAAAATAA","GGTGGATCACTTGAGGTCAGGAGTTCAAGACCAGCCTGGCCAATATGGTGAAACCTTATCTCTACTAAAAATAAAAAATTAACCCAGCATGGTGGTATCTGCCTGTAGTCCCAGCTACTTGGGAGGCTGAGGCAGGAGAATCACTTGAACCTGGAAAGCGGAGGTTGCAGTGAGCTGAGCTCACACCACTGCACTCCAGCCTGGGCAACAGAGCAAGACTTTGTCTCAAAACAAAAACAAAAACAAA"
"chr1","1489691","1489968","JH378134","21732976","21733249","49","20243285","GCTTGTAATCCCAGCACTTTGGGAGACCAAGCAGGTGGATCACTTCAGCTCAGGAGTTTGAGACCAGCCTGGCCAACATGACAAAACCCCGTCTCTACTTTAAAAAAAAAAAAGCCAGGCATGGTGGTGCGCGCCTGTAATCCCAGTTACTCCGGAGGCTGAGGCTGGAGAATCGCTTGAACCCGGGAGGTGGAGGTCGCAGTGGGCCCCGTGATGGTGCCACTGCACTCCAGCCTGGGTGACAAAGTGAGATTCTGTCTCAAAAAAACTCCAAAAAA","GCCTGTAATCCCAGCATTTTGGGAGGCTAAGGCAAGTGATCACTTGAGGTCAGGAGTTTGAGACCAGCCTGGCCAACATGGTGAAACCCCATCTCTACTAAAAACACAAAAATTAGCCAGGCATGGTGGCACTCGCCTGTAATCCCAGCTGCTTGGGAGGCTGAGGCAGAAGAATTGCTTGAACCTGGGAGGTGGAGGTTGCCGTGGGTTCAGATGGTGCTATTGTACTCCAGCCTGGATGACAAAATGAGACTGGGTCTCAAAAAAAAAAAAA"
"chr1","1515038","1515324","JH378108","24083744","24084033","43","22568706","GCTGGGCCCGCTGGCTCACTCCTGGAATCCAGTACTTTGGGAGGCCAAGGTGGCCGGATCACTTGAGGTCAGGAGTTTGAGACCAGCCTGACCAACATGGTGCAACCCTGTCTCTAGTAAAAATGCAATATTAGCAGGGTGTGTGGCACATGCCTGTAATGCCAGCGACTCAGGAGGCTGAGGCAGGAGAATCACTTGAACCTGGGAGGCGGAGGTTGCAGTGAGCCGAGATCGCACCACTGACTCCAGCCTGGGCAACAGACTGAGACTGTGTCTCAAAAAAAAAA","GGCACAGTGTCTCATGCCTGTAATTCTAGCACTTTGGGAGGCCGAAGTGGGTGGATCACTTGAGGTCAGGGGTTTGAGACCAGCCTGGCCAACATAGTGAAACCCCGTCTGTATTAAAAATACAAAAATTAGCAAGGTGTGGTGGCACATGCCTGTAATCCCAGCTACTCAGGAGGCTGAGGCTGGAGAATCACTTGGAACCTGGGAGGCAGAGGTTGTAGTGAGCCAAGATCGCACCACTGAACTCCAGCCTAGGCAACAGAGTGAGACTCTGTCTCAAAAAAAAAAAA"
"chr1","1536698","1536832","JH378105","22915833","22915964","19","21379135","GGCTGGGCGCGATGGCTTCACGCCTGTAATTTCAGCACTTTGGGAGGCCGAGGAGGGCGGATCACTTGAGGTCAGGAGTTCATGACCAACCTGACCAACATGGTGAACGCCCTGTCTACTACTAAAAATACAAAA","GGCTGGGCACAGTGGCTCACGCCTGTAATCCCAGCACTTTGGGAGGCCGAGGCGGGTGGATCACTTGAGGTCAAGAGTTCATGACCAGCCTGGCCAACATGGCGAAACCCCATCTTTACTAAAAATACAGAA"
"chr1","1582663","1582957","JH378109","15102213","15102512","42","13519550","GGCCGGGCACGGTGGCTCATGCCTATAATTCCAGCACTTTGGGAGGCTGGTGGGCAGATACTTTAGGTCAGGAGTTCAAGACCAGCCTGGCCAACATGGCAAAACCCTGTCGCTACTAAAAATACAAAAGTTAGCCAGGTGTGGTGGCGCACGCCTATAATCCCAGCTACTCGGGAGGCTGAGGCAGGAGAATCACTTGTACCCAGGAGACCGAGGCTGCAGTTACCCAAAATTGTGCCACTGCACTCCAGCCTGGGTGACACAGCGAGACTTTTTCTCAAAACAGAAAAAAAAA","GGCCGGGAGTGGTGGCTCATGCCTATAATCCCAGCACTTTGGGAGGCTGAGGTGGGCAGGTCACTTGAGGTCAGGAGTTCAAGATCAGCCTGGGCAACATGGTGAAACCCTGTCTCTACTAAAAATACAAAACCTAGCCAGGCATGGTGGCACATGCCTATAGTCCCAGCTACTCAGGAGGCTGAGGCAGGAGAATCTCTTGAACCCGGGAGGCAGAGGCTGCAATGAGCCGAGATTGTGCCACTGCACTCCGGTCTGGGTGACAGAGCGAGACCATGTCTCAGAAAAAAAAAAAAAAAA"
"chr1","1610543","1610806","JH378139","209730","209992","36","1400813","GGCCGGGCGCAGTGGCTCATGCCTGTAATCCCAGCACTTTGGGAGGCCAAGGTGGGCGGATCACTTGAGGTCGGGAGCTCGAGACCAGCCTGACCAACATGGTGAAACCCTGTTTCTACTAAAAATACAAAAATTAACCAGGTGTGGTGGTATGCACCTGTAATCCCAGCTACTCGGGAGGGTGAGGCAGGAGAATTGCTTGAACCCAGGAGGGGGAGGTTGCAGTGAGCCCAGACTGTGCCGCTGCACTCCAGCCTGGGCAAC","GGCCAGGCGTGGTGGCTCATGCCTGGAATCCCTGCGCTTTGGGCGGCCAAGGTGGGTGGATCACTTGAGGTCAGGAGTTCGAGACCAGCCTGGCCATCATGGTGAAACTCCATCTCTCCTAAAAATACAAAAAATTAACCAGGCGTGGTGGCAAGAACCTGTAATCCCAGCTACTTGGGAGGCTGAGGCAGGAGAATGACTTGAACCCAGGAGGCGGAGGTTGCAGTGAGCTGAGATTGCGCTACTGCACTCCAGCCTGGGCG"
"chr1","1665121","1665425","JH378118","10693452","10693756","47","9028331","GGCTGGGAGTGGTGGCTCAAGCCTGTAATTCCAGCACTTTGGGAGGCCGAGGCAGGCAGATCACTTGCAGTCAGGAGTTCAAGACCAGCCTGACCAACATGGCAAAACCCTGTCTCTACTAAAAATACAAAAATTGGCCAGGCGTGGTGGTGCACGCCTGTAATCTACTCGGGAGGCTGAGGCAGGAGAATCGCTTGAACCCAGGGGGTTGAGGTTTCAGTGAGCTGAGATTGCACCACTGTACTACAGCCTGGGTGACAGAGCGGGACTCCGTCTTAAAAAAAAAAAAGACAATATGAAACAAA","GGCCGGGCGCGGTGGCTCACGCCTGTAATCCCAGCACTTTGGGAGGCCGAGGCAGGCGGATCATTTGAGCTCAGGAGTTCAAGACCAGCCTGGCCAACATGGGGAAACCCCGTCTCTGCTAAAAATACAAAAATTAGCCAGGCGTGGTGGCACAAGCCTGTAATCCCAGCTATTTGGGAGGCTGAGACAGGAGAATCGCTTGAACCCGGGAGGTGGAGGTTGCAGTGAGCCGAGATCGCGCCACTACACTCCAGCCTGGGTGACAGAGAGAGACGCTGTCTCAAAAAAAAAAAAAAAAAAAAAAA"
"chr1","1674260","1674557","JH378188","7232167","7232465","44","5557907","GGCTAGACGCGGTGGCTCACACCTGTAACCCCAGCACTTTGGGAGGCCAAGTCAGGTGGATCGCTTGACTTCAGGAGTTCGAGAGCAGCCTGGCTGACATGGTGAAACCCCATCTCTACTAAAAATACAAAAATTAGCCAGGTGTGGTGGCGAGTGCCTGTAGTTTCAGCTGCACTCAAGAGGCTGAGGTGGGAGAATCGCTTGAACCCAGGAGCTGGAGGTTGAAGTGAGCCAAGATCACACCACTGCACTCCAGCCTGGGCAACAGAGTGAGACTCCATCTCAAAAAAAGAAAAAA","GGCCAGGCATGGTGGCTCACACCTGTCATCCCAGCACTTTGGGAGGCCAAGGCGGGCAGATCACTTGAGGTCAGGAATTCGAGACCAACCTGGGCAACATGGTGAAACCCCACCTCTACTAAAAATACAAAAATTAGCTGGGCGTGGTGGCAAGTGCCTGTAATCCCAGCTGCTCGGAAGGCTGAGGCAGGAGAATCGCTTGAACCCAGGAGGTGGAGGTTGCAGTGAGCCAAGATCACACCACTGCACTCCAGCCTGGGTGACAGAGTGAGACTCTGTCTCAAAAAGAAAAAGAAAAA"
"chr1","1679758","1680041","JH378105","37094152","37094433","40","35414394","ATCCCAGCACTTTGGGAGGCCGAGGCAGGTGGATCACTTGAGGTCAGGAGTTCGAGACCAGCCTAACCAACATGGTGAAACCCTGTCTCTACTAAAATACAAAAATTAGCCAGGCATGGTGGCACACACCTGTAATCCCAGCTACTCAGGGGGCTGAGGCAGGAGAATTGCTTGGACCCGGGAGGCAGAGGTTGCAGTGAGCAGAGATCGCACCACTGCACTCCAGCCTGGGAGACAGAGCGAGACTCCATCTCACAAAAAAAAAAAAAGATAATAAAAATAAA","AATCCCAGCACTTTGGGAGGCCGAGGCAGGTGGATCACTTGAGGTCAGGAGTTTGAGACCAGCCTGGCCAACATCGTCAAACCCCATCTCTACTAAAAACACAAAAATTAGCTGGGTGTGGTGGCGCATGCCTGTAATCCCAGCTACTCAGGAGGCTGAGGCAGCAGAATCACTTGAACCTGGGAGGCAGTGGTTGCAGTGTGCCAAGATCACACCACTGCACTCCAGCCTGGGCGACACAGCGAGACTCTATCTCAAGGAAAAAAATAAAATAAAATAAAA"
"chr1","1689215","1689513","JH378106","69562637","69562935","37","67873422","GGCCAGGTGTGGTGGCTCATGCCTGTAATCCCAACAATTTGGGAGGCCAAGGCAGGTGGATCACTTGAGGTCAGGAGTTCAAGACCAGCCTGGCTAACATGGTGAAACCCGATCTCTACTAAAAATACAAAAATTAGCTGGGCATGGTGGCACACGCCTGTAATCCCAACTACTTGGGAGGCTGAGGTAGAAGAATCATTTGAACCTGGGAGGCAGAGGTTGCACTGAGCCAAAATCACACCACTGCATTCCGGCCTGGGTGACAGAGCGAGACTCCATCTCAAAATAAAAAAATAAAA","GGCCAGGTACAGTGGCTCATGCCTGTAATCCCAGCACTTTGGGAGGCCAAGGCAGGGGGATCACTTGAGGTCAGGAGTTGGGGACCAGCCTGGCCAACATGGTAAAACCCGATCTCCACTAAAAATACAAAAATGCGCTGGGTGTGGTGGCACGCGCCTGTAATCCCAGCTACTCAGGAGGCTGAGGTAGGAGAATCGCTTGAACCTGGGTGGTGGAGGATGCAGTGAGCCAAGATCACACCACTGCACTCCAGCCTGGGCAACAGAGTGAGACTCCATCTCAAAGAAAAAAAAAAAAA"
"chr1","1694161","1694434","JH378168","2967958","2968218","43","1273797","GCGTGTAATCCCAGTACTTTGGGAGGCTGAGGCAGACAGATGACTTGAGGTCAGGAGTTCAAGACCAGCCTGGCCAACATGGCGAAACCCTGTCTCTACTAAAAGTACAAAAATTAGCCAGGTGTGGTGGTGCATGCCTGTAATCCCAGCTACTTGGGAAGCTGAGGAAGGAGAATCGCTTGAACTTAGGAGGTGGAGGTTGCAGTGAGCCGAGATCGCGCCATTGCACTCCATCCAGCCTGGGCCTCAGAGCTAGACTCAGTCTCAAATAAAA","CCTGTAATCCCAGCACTCTGGGAGGCTGAGGTGGCCAGATCACTTGAGGTCAGGCATTCGAGACCAGCCTGGCCAACATGGCGAAACGCTGTCTCTACTAAAAATGCAAAAATTAGCCAGGTATGGTGGTGCATGCCTGTAATCCCAGCTACTCAAGAGGCTGAGGCAGGAGAATCGCTTGAACTCAGGAGGCGGAGGTTGCAGTGAGTTGAGATTGCGCCACTGCACTCCAGCCTGGGCGATAGAGCAAGACTCAGTCCC"
"chr1","1720573","1720867","JH378117","6076538","6076831","44","4355965","GGGCGTGGTGGCTCACGCCTGTAAGCCCAGCACTTTGGGAGGCTCAGGCGGGTGGATCACTTGAGGTCAGGAGTTCGAGACCAGCCTGGCCAACATTGTGAAACCCTGTCTCTACTAATAATATAAAAATTAGCCGGGCTTTGTGGTGCATGCCTCTAATCCTGGCTACTTGGGAGGCTGAGACAGGAGAATTGATTGAACCTGAGAGGTGGAGGTTGCAGTGAGCTGAGATCGCGCTATTGCATTCCAGCCTGGGCAACAAGTGAAACTCTGCCTCCAAAAAAAAAAAAGAAAA","CCAGGTGTGGTGGCTCATGCCTGTAAGCCCAGCACTTTGGGAGGCCAAGGTGGGCGGATCACTTGAGGTCAGGAGTTTGAGACCAGCCTGGCCGACATGGTGAAACCCTGTCTCTACTCAAAATACAAAAATTAGCCAGGCGTGGTGGTGCATGCCTGTAATCCCAACTACTGAGGAGGCTGAGGCAGGAGAATTGCTTGAACCTGGGAGGTAAAGGTTGCAGTGAGCTGAGATTGCGCCACTGCACTCCAGCCTGGGTGACAGAGTGAAAATCCATCTCAAAAAAAAAAAAAA"
"chr1","1723075","1723390","JH378171","11133259","11133559","76","9410184","GGCCGGGCGCAGTGGCTCACGCCTGTAATCCCAGCTACTCGGGAGGCTGAGGCAAGAGAATCACTGGAGCCCCAGGGGTCGGAGGTTGCAGTGAGCTGAGATCGCACCACTGCACGCCAGCCTGGGCGACAGAGTGAGACTCCATACTCAAAAAAAAAAGCCTGGCGTGGTGGTGCACACCTGTAATCCCAGCTACTTGGGAGGCTAAGGCAGGACAATCACTTGAACCAAGGAGATGAAAGTTGCAGTGAGCCAAGATTGCGCCACTGCACTCCGCCTGGGTAACAGAGTAAAACCTTGTCAAATAAATAAATAA","GGCCATGTGTGGTGGCCATGCCTGTAATCCCAGCACTTTGGGAGGCTGAGGCAGGAGAATCACTCGAACCAAGGAGTTGGAGGTTGCAGTGAGCCAAGCATGCCACTGTATTCCACCCTGGTGACAGAACAAGACTCTATGAAAAAAAAAAAATTGCCAGCCATGGTGGCAAGCACCTGTAATCCCAGCTACTTGGGAGGCTGAGGCAGAAGAATCACTTGAACCTGGGAGACGGAGGTTGCAGTGAGCCGAGATAGTGCCACTGCAACCTGGGTGACAGAGAGAGACTTCGTCTCAAAAA"
"chr1","1733486","1733768","JH378110","7125375","7125650","53","5391889","GGCCAGGTATAGTGGCTCACACCTGGAACCCCAGCATTTTGGATAACATTAAGGCCGAGGCAGGTGGATCACTTAAGGCCAGGAGTTAGAGACCAGCCTGACCAACATGGTGAAACCCCGTCTCTATTAAAAATACAAAAATTAGCCAGGCGTGGTGGCACACATCTATAATCTCAGCTACTCAAAAGGCTGAGGCAGGAGTATTGCTTGAACCTAGGAGGCGGAGGTTGCAGTGAGCCCAGATCGCGCTACTGCACTCCAGCCACGGCAACAGAGTGAGACT","GGCCGGGTGCAGCAGCTCACACCTGTAATCCCAACACTCTGGGAGGCCTAAGGCAGGTGGATCACTTGAGGTCAGGAGTTTGAGATCAGCCTGGCCAAAATGGTGAAACCCCATCTCTACTAAAAATACAAAAATTAGCCGGGCTTGGTGGCACATGCCTATAATCCCAGCTACTAGGGAGGCTGAGGCAGGAGAATCACTTGAATCTGGGAGGCAAAGGTTGCAATGAGCCAAGATCATGCCACTGCACTCCAGCCTGGGCAACAGAGTGAGACT"
"chr1","1739275","1739574","JH378112","20863173","20863471","39","19123898","GGCCAGGCGTGGTGGCTCATGCCTGTAATCTCAGCACTTTGGGAGGCCAACGTGGGCGGATCACTTGAGGTCAGGAGTTCGAGACCAGCCTGACCAACATGGTGAAACCCCGTCTCTACTAAAAATACAAAATTAGCCAGGCATGGTGGTGTATGCCTGTAATCCCAGCTACTCAGGAGGCTGAGGCAGGAGAATCGCCTGAGCTGGGGAGGTGGAGGTTTCAATGAGCCGAGATCGCGCCTCTGCACTCCAGCCTGGGCAATAAGTGAGACTCTGCCTCAAAAAAAAAAAAAAAAAGAA","GCCAGGTGACATGGCTCATGTCTGTAATCTCAGCACTTTGGGAGGCCAAAGTGGGTAGATCACTTGAGGTCAGGTGTTCAAGACCAGCCTGACCAACATGGTGAAACACCGCCTCTACTAAAAATACAAAATTAGCCAGGCATGGTGATGCATGCCTGTAATCCCAGCTACTTGGGAGGCTGAGGCAGGAGAATCACTTGAACCAGGGAGGTGGAGGTTGTAGTGAGCGGAGATTGTGACATTGCACTCCAGCCTGGGCAATGAGAAAAACTCCGTCTCAAAAAAAAAAAAAAAAGAAA"
"chr1","1743672","1743955","JH378107","189732","190020","51","1553940","GGCCGGGCACAGTGGCTTATGTCTGTAATCCCACCACTTTGGGAGGCCAGGGCAGGCGGATCACTTGAGGTCAGGAGTTTGAGACCAGCCTGGCCAACATGGTGAAACCTTGTCTCTACTAAACATATAAAAATTAGTCAGGCTTGGTGGCGCACGCCTGTATTCTCAGCTACTCATTAGGCTGAGGCACAAGGATCACTTGAATCTGGGAGGCAGAGGTTGCAGTGACCCAAGATCACCCTAGCCTGGGTGACAGTGTGAGACTCAAAAAAAAAAGAAAAAAA","GGCTGGGTACAGTGGCTCACACCTATAATCCCAGCACTTTGGGAGGTCAAGACAGGTGGATCACTTGAGGTCAGGAGTTCAAGACCAGCCTGGCCAACATGGTGAAACCCTGTCTCTACTAAAAATATAAAAATTAGCCAGGCATGGTGGTGCACGCCTGTGGTCCCAGCTACTCAGGAGGCTGAGGCAGGAGGATCACTCGAACCTGGGAGACGGAGGTTGCAGTGGACCAAGATCGCACCACTGCACTCCAGGCTCAGTAACAGAGCAAAAAACAAAAAAAAAAAAA"
"chr1","1771319","1771556","JH378111","20524956","20525178","50","18753637","GGCCGGGTCCTAGGTAGCTCACACTTGTAATCCCAACATTTTGGGAGGCAGAGGCAGGCGGATCACTTGAGGTCAGGAGTTTAAGACCAGCCTGGCCAACATGGCGAACTCCCCACCCACAACTCTACAAAAAAATACAAAAATTAGCCGGGCGTGGTGGCACATGCCTGTAATCCCAGTAACTTGGGAGACTGAGGAAGGAGAATTGCTTGAGGTGATTGAGAGGCGAGGTTGCAGT","GCCGGATGTGGTGGCTCACGCCTGTAATCCCAGCACTTTGGGAGGCTGAGGCAGGTGGATCACTGGAAGTCAAGGAGTTTGAGACCAGCCTGGCCAACGTGATGAAACCCCATCTCTACTAAAAATACAAAAATTAGCCAGGCATGGTGACATGTGCCTGTAATTCCAGCTACTCGGGAAACTGAGGCAGGAGAATGCTTGAACATGAAAGGCGGAGGTTGCA"
"chr1","1810270","1810572","JH378140","16247165","16247461","43","14436895","GGCTGGGCACGGTGGCTCACTCCTGTAATCCCAGCACTTTGGGAGGCTGAGGCGGGCGGATCACTTGAGGTCAGGAGTTCGAGACCAGCCTGGCCAACACAGTGAAACCCCATCTCTACGAAAAATACAAAAGTTAGCCGGGTGTGGTGGCACGCACCTGTAATCCCAGCTACTCGAGAGGTTGAGGCAGGAGGATCACTTGAGCCCAGGGGTTAGAGGCTGAAGTGAGCTGTGGTCCTGCCACTGCATTCCAGCCTGGGTGACAGAACGAGACCCTAACTCAAAAAAAAGAAAAAGAACAAA","GGCTGAGCACGGTGGCTCACACCTGTAATCCCAGCACTCTGGGAGGCTGAGGCGGGTGGATCACTTGAGATCAGGAGTTCAAGACCAGCCTGGCCAACATGGTGAAACCCCATCTCTACTAAAAATACAAAAATTAGCCGGGTGTGGTGGCATGCACCTGTCATCCCAGCTATTCAGGAAGTTGAGGCACGAAAATCACTTGGACCCGGGAGGTGGAGACTGCAGTGAGCTGAAATCATGCCACTGTACTCCAGCCTGGGTGACAGAATGAGACTCCATCTCAAAAAAAAAAAAGAA"
"chr1","1816526","1816617","JH378124","5052722","5052813","10","3236196","GGCCAGGTGCAGTGGCTCAGGCCTGTAATCTTAGCACTTTGGGAGGCTGAGATGAGTGGATCACTTGAGGTCAGGAGTTTGAGGCCAGCCTG","GGCCAGGTGCAGTGGCTCATGCCTGTAATCCCAGCACTTTGGGAGGCCAAGGTGGGTGGATCACTTGAGGTCAGGAGTTCAAGACCAGCCTG"
"chr1","1854650","1854917","JH378153","2114272","2114538","43","259622","GGCCGGGTGTGGTGGCCCACGCCTGTCATCCCAGCACTTGGGGAGGCCGAGACGGGTGGCTCACTTGAGGTCAGGAGTCCAAGACCAGCCTGGTCATCATGGGGAAACCCTCTCTCTACTAAAAATATAAAAATTAGCCGGGCATGGTAGGACACACCTGTAGCCTCAGCTACTCGGGAGGCTGAGGTGGGAGGATCCCTTGAACCTGGGAGGCGAAGGTGGCAGAGAGCCAAGATCGCGCCACCACACTCCAGCCTGGGCAACAGAG","GGCCAGGTCTGGTGGCTCAAACCTGTAATCCCAGCACTTTGGGACAACGAGGCAGGTGGATCACTTGAAGCCAGGAGTTCAAGACCAGCCTGGTCAACATGGTGAAACCCTATCTCTACTAAAAATATAAAAATTAGCTGGGTATGGTGGCACACACCTTTAATCCCAGCTACTCGGGAGGCTGAGGCAGGAGAATCACTTGAACCGGGGAGGCGGAGGTTGCAGTGAGCCAAGATGGCACCACTGCACTCCATCCTGGGTGACAGA"
"chr1","1860616","1860906","JH378141","9524229","9524528","41","7663613","CCAGGTGAGGTGGCTCACACCTGTAATCCCAGCACTTTGGGAAGCCGAGGCGGGCGGATCACTTAAGGTTTGAGACCAGCCTGGCCAACATAGTGAAACCCCGTCTCTACTAAAAATACAAAAATTAGCCGGGCGTGATGGCGCATCCCTGTAATCCCAGCTACTTAGGAGGCTGAGGCAGGAGAATCGTTTGAACCCGGGAGGCGGAGGTTGCAGTGAGCTGAGATCATACCACTGCACTCCAGTCTGGGCGACAGAATGAGACTCAGTCTCAAAAAAAAGAAAAAAAAA","GGCCAGGTGAGGTGGCTCACGCCTGTAATCCCAGCACTTTAGGAGGTCAAGGCGGGTGGATCACTTGAGGTTAGGTGTTCGACACCAGCCTAGCCAACATAGTGAAACCCCGTCTCTACTAAAAATACAAAAATTAGCTGGGCATGGTGGCATGCGCCTGTAGTCCCAGCTACTCAGGAGGCTGAGGCAGGAGAATTGCTTGAACCCGGGAGGCAGAGGTTGCAGTGAGCCGAGATCATACCACTGCACTCTAGCCTGGGTGACAGAGCAAGATTCTGTCTCAAAAACAGAAACAAAAAA"
"chr1","1864931","1865228","JH378148","2011019","2011312","38","146088","GGCCAGGTGCAGTGGCTCACACCTGTAATCCCAGCACTTTGGGAGGCTGAGGCAGGTGGGTCACTTGAGGTCAGGAGTTCGAGACCAGCCTGGCCAACATGGTGAAACCCCGTCTCTACAAAAAATACAAAAATTAGCCAGGCGTGGTGGCGTGCGGCTGTAACCCCAGCTACTCGGGAGGCTGAGGCAAGAGACTCCCTTGAACCTGGGAGGAGGAGGTTGCAGTGAGCCAAGATCGTGCCACTGCACTACAGCTTAGGCGACAGAGCAAGACTCTGTCTCAAACAAATAAACAAAA","GGCCAGGTGCTATGGCTCACTCCTGTAATCCCAGCACTTTGGGAGGCTGAGGCAGGCAGGTCACTTGAGGTCAGGAGTTCGAGACCAGCCTGGCCAACATGGTGAAACCCTGTCTCTACTGAAAATACAAAAATTAGTCAGGCATGGTGGCGTGCGCCTGTAATCCCAGTTACTCAGAGGCTAAGGCAGGAGAATCACTTGAACCCGGGAGGCAGAGGTTGCGGTGAGCTGAGATTGTGCCACTGTACTCCAGCCTGGGTGACAGAGTGAGATTCTGTCTCAAGAAAAAAAAAA"
"chr1","1867792","1868073","JH378112","19879719","19880008","41","18011927","GGCTGGGTGTGGTGGCTCACCGCCTGTAATCCCAGCACTTTGGGAGGCGGAGGTGGGTGGATCATTTGAGATCAGGAGTTCAAGACCATCTTGGCCAACACGGGGAAACCCCGTCTATACTAAAAATACAAAAATTAGCCAGGCATGCTATAATCCCAGCTACTTGGGAGGCTGAGGCAGGAGAATTGCTTGAACCCAGGAGGTGGAGGTTGCAGTGAGCCGAGATCGCCCCGCTGCATTCCAACCTGGGCAACACAGTGAGACTGTCTCAAAAAAAAAAAA","GGCTGGGTATGGTGGCTCACGCCTGTAATCCTAGCACTTTGGGAGGCCAAGGTGGGTGGATCACTTGAGGTCAGGAGTTCAAGATCAGCCTGACCAACATGGTGAAACCATGTCTCTACTAAAAATACAAAAATTAGCCAGGCATGCCTGTAATTCCAGCTACTTGGGAGGCTGAGGCAGGAAAATTGCTTGAACCCAGGAGGTGGAGGTTGCAGTGAGCTGAGATCATGCCATTGCACTCTAGCCTGGGCAACAGAACAAGACTCTGTCTCAAAACAAACAAACAAAAA"
"chr1","1869962","1870225","JH378221","5865267","5865524","33","3995305","ACTTTCTGAGGCCGAGGCGGGCAGATCACTTGAGCTCAGGAGTTTGAGACCAGCCTGGCCAACATGGTGAAACCCCGTCTCTACTAAAAATACAAAAAACTAGCCAGGCATTGAGGCTCATGCCTGTAATCTCAGCTACTTGGGAGGCTGAGGCAGGAGAATTGCCTGGATCCAGGAGGCGGAAGTTGCAGTGAGCCAAGATCACTCCATTGCACTCCAGCCTGGGTGAGACAGCGAGACTCTGTCTAAAAATAAAAATAAAAA","TTGTGAGGCTGAGGCAGGCAGGTCACTTGAGCTCAAGAGCTTGAGACCAGCCTGGCCAACATGGCAAAATCCATCTCTACTAAAAATACCGAACACTAGCCAGGCGTTGAGGCGCATGTCTGTAATCTCAGCTACTTGAGAGGCTGAGGCAGGAGAATCGCTTGAACCCGGGAGGTGGAGGTTGCAGTGAGCCAAGATCACGCCACTGCACTCCAGCCTGGGTGACACAGCGAGACTGTCTAAAAATAAAAATAAAAA"
"chr1","1874322","1874633","JH378110","15808603","15808903","46","13934281","GCCAGGTGAAGTGGCTCACACCTGTAATCCCAGCACTTTGGGAGGCAGAGGCGGGCAGATCACTTGAGGCCAGGCATTCGAGATCAGCCTGGCCAACATGGTGAAACCCCGTCTCTACTAAAAATACAAGAAGAAATTAGCCGGGCGTGGGGGAGCACGCCTGTAATCCCAGCTACTCAGGAGGCTGAGGCGGGAGAATCGCTTGAACCTGGGAGGCGGAGGTTGCAGTGAGCTGAGATCGCGTCGCTGCACTCCAGCCTGGACAACGAGAGCGAGACTCGGTCTCAAAAAAAAAAAAACGCAAAAAACAAA","GACCAGGTGAGGTGGCTCACACCTGTAATCCCAGCATTTAGGGAGGCTGAGGCGGGCAGATCTTGAGGCCAGGTGTTTGAGACTAGCCTGGCCAACATGGTGAAACCCCATCTCTACTAAAAATACAAAAATTAGCCAGGGGTGGTGGTGTGTGCCTGTAATTCCAGCTACTTGGGAGGCTGAGGCAGGAGAATTGCTTGAACCTAGGAGGCAGAGGTTGCAGTGAGCTGAGATTGTGCCACTGCACTTCAGCCTAGGCAACAGAGCAAGACTCTGTCTCAAAAAAAAAAAAAAAAAAAAA"
"chr1","1878090","1878389","JH378124","15766356","15766649","53","13888266","GGCAGGGTGCAGTGGCTCATACCTGTAATCCCAGCACGTTGGGAGGCCAAGGTGGGCGGATCACTTGAGGTCAGGAGTTCGAGACCAGCTGGCCCACATGGTAAAACCCCATCTCTACTAAAATGCAAAAATCAACCGGGCACAGTGGCACACGCCTGTAATCCCAGCTCTTCAGGAGGCCGAGGCAGGAGAACTGGGAGGTGAGATTGCAGTGAGCTGAGATCGTGCCACTGCACTCCATCCAGGCTGGGTGACAGAGCTAGACACCATCTTGAAAAAAAATAAAATAAAATAAAAAGA","GGCCGGGCGCAGTGGCTCACACCTGTAATCCCAGCACTTTGGGAGGCCGAGGTGGGCGGATCACTTGAGGTCAGGAGTTCATGACCAGCTTGACCAACATGGCAAAACCCCATCTCCACTAAAAATACAAAAATTAGCCGGGCATGGTGGCGCACGCTTGTAAGACCCAGCCACTCAGGAGGCTGAGGCAGGAGAATCACTGGGAGGTGGAGGTTGCAGTGAGCTGAGATTGTGCCACTGCACTCCAGCCTGGGTGACAGAACAAAATTGTCTCAAAAAAAAAAAAAAAAAGAA"
"chr1","1923062","1923362","JH378242","734891","735189","38","1188171","GGCTGGGTTCAGTGGCACACACTTGTAATCCCAGCACTTTGGGAGGCCGAGGCAGGTGGATCACTTGAGGTCAGGAGTTCAAGACCAGCCTGACCAACATGGTGAAACCCCATCTCTACTATAAATACAAAAATTAGCCGGGCGTGGTGGTGCACACTTGTAATCCCAGCTACTTGGGAGGCTGAGGCAGGAGAACTGCTGGAACCCGAGAGGCGGAGGTTGCAGTGAGCTGAGATTGTGCCACTGAACTCCAGCCTGGGCACAGAGTGAGACTCCATCTGAAAAACCACAAAAACAAAAA","GGCTGGGTACGGTGGCTCACGCCTGTAATCCCAGCACTTTGGGAGGCGGAGGCAGACAGATCACTTGAGGTCAGGAGTTCGAGACCAGCCTGGCCAACATGGTGAAACACTGTCTCTACTAAAAATACAAAAATTAGCCAGGTGTGGTGGCACATACCTGTAGTCCCAGCTACTTGGGAGGCTTAGGCAGGAGAACCGCTTGAACCCAGGAGGTGGAGGTTGCAGTGAGCCGAGATCGTGCCACTGCACTCCAGCCTGGGCAACAGAGCGAGACTCCATCTCAAAAAAAAAAAAAAAAA"
"chr1","1948693","1949001","JH378108","30957686","30957982","49","29008993","GGCCGGGCGCGGTGGCTCACGCCTGTAGTCCCAGCACTTTGGGAGACCGAAGCGGGCAGATCACTGGAGGTCAGGAGTTCGAGACCAGCCTGGCCAATGTGATGAAACCCCATCTCTACTAAAAATACAAAAATTAGCCGGGCATGCGTGGTGGCGGATGCCTGTAATTAATCCTAGCTACTCGGGAGGCTGAGGCACGAGAATCACTTGGACCTGGGAGGCGGAGGTTGCGGTGAGCCAAGATTGCACCACTGCACTCCAGCCTGGGCGAGAGAGCGAAACTCTGTCTCAAACAGCAACAACAAAAAA","GGCCAGGCAGGGTGGCTCACACCTGTAATCCCAGCACTTTAGGAGGCCAAGGCAGGCGGATCACTTGAGGCCAGGAGTTCAAGACTAGCTTGGCCAATGTGGTGAAACCCCATCTCTACTAAAAATACAAAAATTAGCCGGGCATGGTGGCACATGCCTGTGATCCCAACTACTTGGGAGGCTGAGGCAGGAGAATTGCTTGAACCTGGGAGGCAAAGGTTGTAGTGAGCCAAGATCGCACCATTGCACTCCAGCCTGGGTGACAGAGCAAGACTCTGTCTCAACAACAACAAAAAA"
"chr1","2000756","2001044","JH378115","16549844","16550133","37","14549088","GGCCCGGCGCAGTGGCTCACGCCTGTAATCCCAGCACTTTGGGAGGCCGAGATGGGTGATCACTTGAGGCCAGGAGTTCGAGATCCATCTGGCCAACATGGTGAAACCCCATCTGTACTAAAAATACAAAAATTAGCCAGGCGTGGTGGCACGTGCCTGTAATCCCAGCTACTCAGGAGTCTGAGGCAGGAGAATCACTTGAACCCAGGAGGCGGGGGTTGCGGTGAGCTGAGATTGTGCCACTGGGCGACAGAGTGAGACTCCGTCTCAAATAAATAAAAAGAAGAAA","GCCAGGTGAGATGGCTCATGCCTGTAATCCCAGCACTTTGGGAGGCCAAGGCAGGTGGATCACTTGAGGTCAGGAGTTCAAGACCAGCCTGACCAACATGGTGAAACCCCATCTCTACTAAAAATACAAAAATTAGCCTGGCGTGGTGGCATGCGCCTGTAATCCCAGCTACTTAGGAGGCTGAGGCAGGAGAATCACTTGAACCTGGGAGGTGGAGGTTGCAGTGAGCTGAGATCGTGCCACTGGATGACAGAGTGAGACTCTGTCTCAAAAAAAAAAAAAAAAAAGAA"
"chr1","2003421","2003752","JH378223","370427","370753","47","1632994","GGCCAGGCGCGGTGGCTCACGCCTGTAATCCCAGCACTTTGGGAGGCCAAGGCGGGCGGATCACTTGTGGTCAGGAGTTCGAGACCAGCCTGACCAACATGGAGAAACCCCATCTCTACTAAAAGTACAAAAATTAGCTGGGCGTGGTGGCGCACATCTGTAATCCCAGCTACTCGGGAGGCTGAAGCAGGAGAATCACTTGAACCCAGGAGGCAGAGGTTGCAGTGAGCTGAGATCACGCCACTGCACTCCAGCCTGGGCAACAGACTGAGACTGTGTCTCAAAAAAAAAAAGAAAAGAAAAGAAAAACAAACAAACAAACAAAAAACAAA","GGCCAGGTGCAGTGGCTCATGCCTGTAATCCCAGTACTTTGGGAGGCCAAGGCAGGTGGACCACTTAAGGTCAGGAGTTCGAGACCAGCCTGACCAACATGGTGAACTCTCATATCTACTATAAATACAAAAATTAGGTGGGTGTGGTGGCGCACACCTGTAGTCCCAGCTACTCAGGAGCCTGAGGCATGAGAATCACTTCAATCCTGGGACGCGGAAGTAGCAGTGAGCTGAGATCACGCCACTGCGATCCAGCCTGGGCAACAGAGTGAGACCCTGTCTCAAAAAAAAAAAAAAAGAAAAGAAAAGAAAAGAAAAGAAAAGAAA"
"chr1","2087238","2087539","JH378153","12888892","12889194","41","10801654","CCAGACGCAGGGGCTCACGCCTGTAATCCCACCACTTTGAGAGGCTGAGGCGGGTGGATTATTTGAGATCAGGAGTTGGAGACCAGCCTGGCCAACATGGTGAAACCCCCTCTCTACTAAATATACAAAAATCAGCCGGGCATGGTGGCACATGCCTGTAATCCCAGCTACTCGGGAGGCTGAGGCAGGAGAATCGCTTGAACCTGGGAGGTGGAGATTGCAGTGAGCTGAGACTGCACCACTGCACTCCAGCCTGGGCCATGGAGTGAGACTCTGTCTCAAAAAAAAAAAAAAATAGAAAA","GCCGGGCGCGGTGGCTCACGTCTGTAACCCCAGCACTGTGGGAGGCTGAGGCAGGTGGATCACTTGAGGCCAGGAGTTCAAGACCAGCCTGGCCAACATGGAGAAACCCCGAGTCTACTAAAAGTACAAAAATTAGCCAGGTGTGGTGGGACATGCCTGTAATCCCAGCTACTCAGGAGGCTGAGGGAGGAAAATCGCTTGAACCTGGGAGGTGGAGGTTGCAGTGAGCTGAGAATGCACCACTGCACTCCAGCCTGGGCAATGGAGCGAGACTCTGTCTCAAAGACAAACAAACAAACAAAA"
"chr1","2097714","2098027","JH378244","3845104","3845415","45","1747390","GGCCAGGCACAGTGGCTTATGCCTGTAATCCCAGCACTCTGGGAGGCCAAGGTGGGCAGATAACTTGAGGTCAGGAGTTCGAGACCAGGCTGGCCAACATGGTGAAACCCCATCTCTACTAAAAATACAAAAAAATTACTTGGGTGTGGTGGCACACATCTGTAATCCCAGCAACACAGGAGGCTGGGGCAGGAGAATCGCTTGAACCCAGGAGACGGAGGCTGCAGTGAGCCAAGATCGCACCAGTGCACTCCAGCCTGGGCAACAGAAACAGAGCCTGTCTCCAAAAAAAAAAAAAATAACAACAAAAAAAA","GGCCAAGCACGGTGGCTCACACCTGTAATCCCAGCACTTCAGGAGGCCAAGGTGGGCAGATCACTCGAGGTCAGGAGTTCGAGACCAGCCTGGCCAACAAAGTGATACCCCATCTCTACTAAAAATACAAAAATTAGCTGGGTATGGTGGTACGCACCTGTAATCCCAGCTACACAGGAGGTTGAGGCAGGAGAATGGCTTGAACCCGGGAGGCAGAGGTTGCAGTGGGCCGAGATCGCACCACTGCACTCCAGCCTAGGAAACAGAACAAGATTCTGTCTCAAAAAAAAAAAAAAAAGAAAAGAAAAGAAA"
"chr1","2106980","2107287","JH378206","2642476","2642775","44","535496","GGCTGGGCATGGTGGCTCACACCTGTAATCCCAGCACTTTGGGAGGCCAAGGTGGGTGGATCACTTGAGGTCAGGTTTTCAAGACCAGCCTGGCCAACATGGCGACACCATGTTTCTACTAGAAAAATACAAAAATTACCTGGGCGTGGTGGTGTGCACCTGTAGTCCCAGCTACTTGGGAGGCTGAGGCTGGAGAATAGCTTGAACCTGGGAGGTGAAGGTTGCAGTGAGCTGAGATGGCGCCATTGTACTACAGCCTGGGTGACAGAGCGAGACTCTGTCTCAAAAAACGAAAAGCAAAAACAAGA","GGCTGGGCACCATGGCTCACACCTGTAATCCCAGCACTTTGGGAGGCCGAGGTGGGTGGGTTACTTGAGGCCCACAGTTCAAGACCAGCCTGGCCAACATGGTGAAACCTCGTCTCTACTAAAAAAACAAAAATTAGCTGGGCATGGTGGTGTGCACCTGTAATCCTAGCTATTTGGGAGGCTGAGGTGGGAGAATCGCTTGAACCTGGGAGGTGGAGATTGCAGTGAGCTGAGATCGTGCCATGTACTCCAGCCTGGGTGACAGAGCAAGACTCCAACTCAAAACAACAAAACAAAAAA"
"chr1","2108461","2108771","JH378249","1601829","1602137","46","506632","GGCTGAATGCGGTGGCTCACGCCTGTAATCCCAGCACTTTGGGAGGCCGAGGCGGGATGACGGCTTGAGGCCAGGAGTCAGAGACCAGCCCGGCCAACGTGGCGAAACCCGTCTCTACTAAAAAAACAAAAATTAGCCAGGTGTGGTGGCACACACCTATAGCCCCAGCTACTCAGGAGGCTGAGGCAGGAGAATCACTTGAACCTGGGAGGCGGAGGTTGCAGTGAGCCGAGACTGTGCCACTGCACTCTGGCCTGGGCAACAGAGTGAGACCCTGCCTAAAAAAAAAAAAAAAAAAAGAAAGAAGGAAA","GGCTGGGTGCAGTGACTCACACCTGAAATCCAAGCATTTTGGGAGGCTGAGGCGGATGGATCACTTGAGGTGAGGAGTTCGAGACCAGCCTGGCCAACATGGCAAAACCCGTCTCTACTAAAAATACAAAAATTAGCCAGGCGTGGTGGCACACACCTGTAATCCCAGCTACTTGGGAGGCTGAGGCAGGAGAATCATTTGAACCTGGGAGGTGGAGGTTGCAGTGAGCCGAGATTGTGACACTTCACTCCAGCCTGGGCGACAGAGCCAGACTGTCTCAAAAAAAAAAAAAAAAAAAAAAAAAAAAAA"
"chr1","2124703","2124956","JH378221","5283905","5284160","40","3159202","CGAGGCAGACAGATCACTTGAGGTCAGGAGTTCGGGACCAGCCTGGCCAACATGGTGAAACCCCGTCTCTACTGAAAATACAAAAAACTAGCTGGGTGTGGCGGTGGACACCTGTTATCCCAGCAACTTAGGAGGCTGAGGCAGGAGAATCATTTGAACCTGGGAGGCGGGGGTTACAGTGAGCCGAGATAGCGCCCTTGCACTCCAGCCTGGGTGCAGAGCAAGACTCGGTCTCAAAAACAAAAAAAAACAAA","CAAGGCAGGCAGATCACTTGAGGCCAGGAGTTCGAGACCAGCCTGGCTAACATGGTGAAACCCTGTCTCTACTAAAAATTCAAAAATTAGCTGGGTGTGGTGGCACACACCTGTAATCCCAGCTACTTGGGAGGCTGAGGTGGGAGAATTGTTTGAATCCGAGGGGCAGAGGTTGCAGTGAGCCGAGATGGCGTCACTGCACTCCAGCCTGGGTGACAGAGCAAGTCTCCATCTCAAAAACAGAAACAAAAAAGAA"
"chr1","2132434","2132743","JH378176","11220714","11221018","48","9088280","GGCTGGGCATGGTGACTCACACCAGTAATCCTAGCACTTTGGGAGGCTGAGGTGGGCAGATTGCTTGAGTCCAGGAGTTTGAGACCAGCCTGGGCAACATGGAGAAACCCTGTCTCTACTTAAAAATACAAAAATTAGCCAGGCATGGTGGTGCACACCTGTAGTCCCAGCTACTCAGGAGGCTGAGATGGGAGGATCATTTGAACCCGGGAGGTGGAGGTTGCAGTGAGCTTCGATCGCGCCACTGCACTCCAGCCTGGGTGACAGAGCCAGACCCTATCTCAAGGAAAAAAATAAAATTAAAAAAAAA","GGCTGGGCATGATGGCTCACACCTGTAATCCCAGCACTTTGGGAGGCCGAGGGAGGTGGATCACTTGAGGTCAGGGTTTCGAGACCAGCCTGGTCAACATGGTGAAACCCTGTCTCTACTAAAAATACAAAAATTAGCCAGGCATGTTGGTGCACACCTGTAGTCCCAGCTACTCGGGAGGCTGAGGCAGAAGAATCACTGCAACCCGGGAGGTAGAGGCTGCAATGAGCCAAGATCGCACCACTGCACTCCAGCCTGGCTGGCAGAGCAAGACGCTGTTTCAAAAATAAATAAGTAAATAAAAA"
"chr1","2231400","2231719","JH378221","5533597","5533908","43","3302197","GCCGGGTGCAGTGCCTCATACCTGTCATCCCAGCATTTTGAGAGGCTGAGGCGAGCACATCACTTGAAATCAGGAGTTTGAGACCAGCCTGGCCAACATGGTGAAGCCCCATCTCTACTAAAATCTCTACTAAAAATACAAAAATTAGCCAGGCATGGTGGTTCACACCTGTAATCCCAGCTACTTGGGAGGCTGAGGCAGGAGAATTGCTTGAACCTGGGAGGCGGAGGTTGCAGTGAGCTGAGATCGCACCACTGTACTACAGCCTGGGTGACAGAGCAAGATCCTGTCTCAAAACAAGCAAACAAACAAACAAAAGA","GCTGGATGTGGTGACTCGTGCCTGTAATCTCAGCATCTTGGCAGGCTGAGGTGAGCACATCATTGGAAGTCAGGAGTTTGAGCCCAGCCTGGGCTACATGGAGAAAGCCCATCTCTACTAAAATCTCTACTAAAAATACAAAAATTAGTCAGGCATGGTGGTTCACACCTGGAATCCTAGCTACTTGGGAGGCTGAGGCAGGAGAATTGCTTCAACCTGGGAGGTGGAGGTTGCAGTGAGCTGAGATCACACCAATGCATTCCAGCCTGGGTGACAGAGTGAGACCCTGTCTCAAAACAAAACAACACAAAA"
"chr1","2254558","2254850","JH378221","5511066","5511358","43","3256508","GCCAAGCACAGTGGCTCACGCCTGTAATCCCAGTACTTTGGGAGGCCAAGGTGGGCGGATCACTTGAGGTCAGGAGTTCCAGAACAGCCTGACCAGCATGCTGAAACCCTGACCCTACTAAAAAGACAATAATAGCTGGATGTGGTAAGGCACACCTGTAATCCCAGCTACTTGGCAGGCTGAGCCAGGAGAATCCCTTGAACACAGGAGGCAGAGGTCGCAGTCAGCTGAGATTGTGCCACTGCACTCCAGCCTGGGTGACAGAGACTCCATCTCAAAACAGAACAAAAAAA","GGCCAAGCTCGGTGGCTCACGCCTGTAATCCCAGCACTGTGGGAGACCAGGGTGGGTGGATAGCTTGAGGTCAGGAGTTCCAGAACAGCCTGGCCAACATGGTGAAGCCCCAACCCTATTAAAAATACAAAATCAGCTCGTAGTGCACACCTGTAATCCCAGCTACTTGGCAGATTGAAACAGGAGAATCCCTTGAACACAGGAGGCAGAGGTTGCAGTAAGCTGAGATTGCGCTGCTGCACTCCAGCCTGGGTGACAGAGTCAGACTCCATCTCAAAACAAAACAAAAAAAA"
"chr1","2277108","2277393","JH378111","43268192","43268483","40","40991084","GCCAGGTGTGGTGGCTCACGCCTGTAATCCCAGCACTTTGGGAGGCCGAGGCGGGTGGATCACTTGAGGTCAGGAGTTCGAGACCAGTCTACGCAACATGGTGAAACCCCATCTCTACTAAAAATACAAAAATCAGCAGGGCGTGGTGGCGCGTGCGTGTAATCCCAGCTACTTGGGAGGCTGAGACAGAATCACTTGAACCCGGGAGGTGGAGGTTGCAGTAAGCCAAGATCGTGCCACTGCACTCGTCTGGGCAACAGAGTGAGACTCCATCTCAAAAAAAAAA","GCCAGGCATGGTGGCTCACTCCTGTAATCCCAGCACTTTGGGAGGCTGAGGCGGGTAGATCACTTAAGGTCAGGAGTTCAAGACCAGCCTGACCAACATAGTAAAACCCTGTCTCTACTAAAAATACAAAAATTATCTGGGTATGGTGGCATATGCCTGTAATCCCAGCTACTTGGGAGGCTGAGGCAGGAGAATCGCTTGAACCTGGGAGGCAGAGGTTGCAGTAAGCCAAGATTGAACCACTGCACTCCAGCCTGGGTGACAGAGTGAGACTCCATCTCAAAAAAAAAAA"
"chr1","2291309","2291594","JH378193","2263082","2263366","56","28227","GCCCGGCGCAGTGGCTCACTCCTGTCATCCCAGAACTTTGGGAGGCCAAGGCAGGTGGATTGCTCAACTGAGGAGTTTCAGACCAGCCTGGGCAACATGGTGAAACTCCATCTCTACAAAAAAAACACACCAAAATTAGCCAGGCGCGGTGGTACGTGCCTGTCATCCCGGCTACCTGGGGGTCTGAGGCAGGAGAATCACTTGAGCACAGAAGGCAGAAATTGCAGTCAGCCAAGATCATGCCACTGCACTCCAACCTTGGCAACAGAGGCAGACCCTATCTAAA","GGCCAGGCACAGTGGCTCACGCCTGTAATCCCAGCACTTTGGGAGACCAAGGCAGGCAGATGGCTTGAGGCCAGGAGTTTGAGACCAGACTGGCCAACATGATGAAACCCCATCTCTACAAAAAATACAGAAATTAGTCCAGCATGGTGGTGCATGCCTGTAATCCCAGCTACTCAGGAGGCTGAGGCAGGAGAATCACTTGAACCCGGGAGGCAGAGGTTGCAGTGAGCCAAGATCATGCCACGGCCCTCCAGCCTGGGCAACAGAGCAAGACTCTGTCTCTAA"
"chr1","2443566","2443816","JH378116","11400503","11400756","46","8956937","CAGTCTAGGGGACTGAGGCGGGCGGATAACTTGAAGTCAGGAGTTTGAGATCAGCCTGGCCAACATGGTGAAATCCCATCTCAGCTAAAAATACAAAAATTATCCAGGCATGGTGGCACACGCCTATAGTCCCAGCTACTCTGGAGGCTGAGGCATGAGAATCGCTTGAACCCGGGATGCAGGGGTTGCAGTGAGCCAAGCTCCCACCACTGCACTCCAGCCTGGGTGACAGAGTGAGACCCCATCTCAAA","CCAGAACTTTGGGAGGCCAAGGCAGGCAGACCACTTGAGGTTAGGAGTTCAAGACCAACCTGGTCAACATGGTGGAATCCTGTCTCTACAAAAAATATAAAAATTAGCCAGGTATGGTGGCACATGCCTGTAATCCCAGCTGCTCTGGAGGCTGAGGCATGAGAATCGCTTGAACCCAGGAGGTGGAGGTTGCAGTGAGCCAAGATCACACCACTGCACTCCAGCCTAGGTGACAGAGTGAGACTGTCTCAAAA"
"chr1","2452273","2452573","JH378221","5322261","5322568","48","2869988","GGCTGGGCACGGTGGCTCAGCTTGTAATCCCAGCACTTTGGGAGGTCGAGGCAGGTGGATTGCTTGAAGTCAGGACTTCAAGACCAGCTTGGCCAACATGATGAAAACTCATCTCTACTAAAAATACAAAAATTAGCCAGGCGGAACCTGTAGTCCCAGCTACTTGGGAGGCTGAGGTGAGAGGATCACTTGAGCCTGGGTGGCAGAGGTTGCAGTTAGCTGAGATTGCACCACTGCTCTTCAGCCCGGGTGACAGAGCCAGATCCTGCCTCAATAATAATAATAATAATAATAAAAGAAA","GGCCAGGTGCAGTGGCTCATGCTTGTAATCCCAGCACTTTGGGAGGTCGAGGCAGGTGGATCACTTGAAGTCAGGAGTTCAAGATCACCCTGGCCAACATGGTGAAACCCTGTCTCTACTAAAAATACAAAAATTAGCCAGGCGGAATACATCTGTAGCCCCAGGTACTCCGGGGGCCTGAGGTGGGAGGATCATTTGAGCCTGGGTGGTGGAGATTGCAGTTAGCTGAGACTGCACCACTGAACTATAGCCTGGGTGACAGAGCCAGATCCTGCCTCAAAAAGAAAAAAAAAAGAACGAGAAGAGAA"
"chr1","2490533","2490838","JH378141","19020351","19020656","39","16529818","GGCCAGGTGTGGTGGCTCATGCCTGTAATCCTAGCACTTTGGGAGGCCAAGGTGGGCAGATCACTTGAGGTCAGGAGTTTGAGACCAGCCTGGCCAACATGGTGAAACCCCGTCTCTACTAAAATTACAAAAATTAGCCAGGCATGGTGGTGGACACCTGTAATCCCAGCTTCTCAGGAGGCTGAGGCATGAGAATCACTTGAATCCAGGAGGCAGAGGTTGCATGGATCCGAGATCGCGCCACTGCATTCCAGCCTGGGCGACAGAGTGAGACTCTATCAAAAAAAAAAAAAAAAAAAATCAAAA","GGCCAAGGATGATGGCTCACACCTGTAATCCCAACACTTTGGGAGGCCAAGGTGGGGAGATCACTTGAGGTCAGGAGTTCAAGACCAGCCTGACCAACATGGTGAAACCCTGTCTCTACTAAAAATACAGAAATTAGCCAGGTGTGGTGGTACGCACCTGTAATCCCAGCTACTCAGGAAGCTGAGGCAGGAGAATTGCTTGAATGCAGGAGGTAGAGGTTGCAGTGAGCCGAGATGGAGCCATTGCATTCCAGCCTGGGCGACAGAGTGAGACTCCATCTCAAAAAAAAAAAAAAGGAAATAAAA"
"chr1","2583712","2584005","JH378271","3155632","3155922","47","571920","GGCCAGGCGCGGTGGCTCACCTGGAATCCCAGCACTTTGGGAGGCCCAGGTGGGAGGATCACTTGAGGTCAGGAGTTCGAGACCAGCCTGGCCAACATGGTGAAACCCCATCCCACTAAAAATATAAAGATTAGCTGGGCGTGGTGATCCCAGCTACTTGGGACGCTGAGGCAGAAGAATGGCCTGAACCCAGGAGGCGGAGGTTGCAGCAAGCCAAGATTGCGCCATTGCACTCCAGCCTGGGCGGCAGAGTAAGACTCCATCTCAAAGAACAAAAAACAAAACAAAACAAAA","GGCCAGGCATGGTGGCTCACACCTGTAATCCCAGCACTTCAGGAAGCCGAGGCAGGTGGATCACTTGAGGTAAGGAGTTCGAGAGCAGCCTGGTCAACGTGGCAAAACCCCATCTCCACTAAAAATACAAAAATTAGCTGGGCATGGTGGCTCCCAGCTACTGGGGAAGCTGAGGCAGGAGAATCACTTGAACCCAGGAGGCAGAGGTTGCAGTGATCCAAGATTGCACCACTGCATTCCAGCCTAGGCGACAGAGTGAGACTCCATCTCAAAAACAAAACAAAACAAAAC"
"chr1","2642022","2642330","JH378117","15749415","15749721","41","13107393","GGTCGGGCGTGGTGGCTCACGCCTGTAATCTCAGCACTTTGGGAGGCCCAAGTGGGTGGATCACTTGAAGTCAGGAGTTCGAGACCAGCCTGGCCAACATGGTGAAACCCCGTCTCTACTAAAAATTCAAAAATTAGCCGGGTATGGTGGTGCGTGCCTGGAATCCCAGCTACTCAGGAGTCTGAGGCAGGACAATTGCTTGAATCTGGAAGGCGGAGGTTGCAGTGAGCCGAGACCACGCCACTGCACTCCAGCCTGGGCAAAAGAGCAAGACTCTGTCTCAGAAAAAAAAAAGAAGAAGAAGAATAA","GGCTGGGTGTGGTGGCTCACACCTATAATATCAGCACTTTGGGAGGCAGAGGTGGGTGGATCACTTGAGGTCAGGATTTCGAGACCAGCCTGGCCAATATGGTGAAACCCCATCTCTACTAAAAATACAAAAATTAGCCAGATGTGGTGGTGCACGCCTGTAAACCCAGCTACTCAGGAGGCTGAGGCAAGAGAATCACTTGAACCTGGGAGGCAGAGGTTGCAGTGAGCTGAGATCGTGCCACTGCACTCCAGCCTGGGCAACAGAGCAAGACTGTCTTAAAAAAAAAAAAGAAAAAGAAAAAAAA"
"chr1","2949139","2949448","JH378152","16029844","16030148","52","13080705","GGCCGGGCGTAGTGGGTCACGCCTGTAATCCCAGCACTTTGGGAGGCTAAGTTGGGCAGGTGACTTGTGGTCAGGAGTTCGAGACCAGCCTGGCCAACATGGTAAAACCCCATCTCAAAAAAAAAAAAAATCAGCTGGGCGTGGTGGCCCGTGCCTGTAGTCCCAGCTAATTGGGAGGTAAGGTGGGAGAATCACTCGAACCCAGGAGGCGGAGATTGCAGTGAGCCGAAATTGCGCCACAGCGCTCCGGCCTGGGTGACAGAGCGAGACTCCATCTCAAAGATAAAGTAAAATAAAATAAAAGATAAAA","GGCCAGGGGTGGTGGCTCACGCCTGTAATCCCAACACTTTGGGAGGACAAGGCGGGCAGATCACTTGAGGTCAGGAGTTCGAGACCAGCCTGGCCAACATAGTGAAACCCCATCTCTACTAAAAATACAAAAATTAGCTGGGCGTGGTGGCACATGCCTGTAGTCCCAGCTACTTAGGAGGCTGATGCAGGAGAATCATTCGAACCCAGGATGTAGAGGTTGCAGTGAGCCGAGATCGTACCACAGCACTCCAGCCTGGGTGACAAAGTGAGACTCCGTCTCAAAAAATAAAAAAATAAAAAAAA"
"chr1","3424326","3424601","JH378108","23694983","23695262","55","20270657","GCATGGTGGCTCATGCCTGTAATCCCAGCATTTTGGGAGGCTCAGGCAGACAGATCGCTCTAGCTCAGAAGTTGCAGAGCAGCCTGGGCAAGATGGTGAAACCCGTCTCTACCAAATAGACAAAAAGCAGCCAGGCGTGGTGGCACATCTGTGGTCCCAGCTACTTGAGAGGCTGAGCCAGGAGGATCACTTGAGCCCAGGAGGCGGGGGTTGCAGTGAGCTGAGATGGCACCACTGACTGCACTCCAGCCCGGGCGACAGAGTGAGACTCCGTCT","CCGGGTGCAGTGGCTCACGCCTGTAATCCCAGCACTTTTGGAGGCTAAGGCAGGCAAATCACTCGAGGTCAGGAGTTTGAGACCAGCCTGGCCAACATGGTGAAACCCCATCTCTACTAAAAATACAAAAATTAGCCAGGCTTGGTGGTACCTGTCTATTGTCCCAGCTACTTGGGAGGCTGAGGCAGGAGAATCACTTAAACCTGGGAGGCGGGAGTTGCAGTGAGCTGAGATGGCACCATTGCACTCCAGTGTTGGTGACAGACTGAGACTCTGTCTC"
"chr1","3518078","3518378","JH378123","5667081","5667374","41","2149003","GGCTGGGTGCAGTGGCTCACGCCTGTAATCCAAGCACTTTGGGAGGCCAAGGCGGGTGGATCATTTGAGGTTAGGAGTTCAAGACCAGCCTGGCCCACAGGGCGAAACCCTGTCTGTACTAAAAACACAAAAGTTAGCCGAGCCTCGTGAAGCATGCCTGTAATTCCAGCTACTTGGGAGGCTGAGGCAAGAGAATCGCTTGAACCCGGGAGGCAGAGGTTGCAGTGAGCCAAGATCGCGCCATTGCACTCCAGCCTGGGGGACAGAGAGAGACTCCGTCTCAAAAAAAAAAAAAAAAAGA","GGCTGGGCGCAGTGGCTCATGCCTGTAATCCCAGCACTTTGGGAGGCCAAGGCGGGTGGATCTTAAGGTCAGGAGTTTGAGACCAGCCTGACCAACATGGTGAAACCCCGTCTCTACTAAAAAGACAAAAATTAGCCAGCCGTAGTGGCGCATACCTGTAATCCCAGCTACTTGGGAGGCTGAGGCAGGAGAATCACTTGAACCCGGGAGGCAGAGGTTGCAGTGAGCTGAGATCGCACCACTGCACTCCAGCCTGGGTGACAGAGCGAGACTTTGTCTCAAAGGAAAAAAAAA"
"chr1","3532841","3533129","JH378106","68479909","68480208","47","64947068","GGCCGGGTGTGGTGGTAATCCCAGCACTTTGGGAGGCCCAGGCTGCAGGATCACTTGAGGTCAGGAGTTCGAAACCAGCCTGGCCAACATGGTGAAACCCGTCTCTACTAAAAATACAAAAAAATCAGCCGGGTGTGGTAGTGAATGCCTGTAATCCCAGCTACTTGAGAGGCTGAGGCAGGAGAATTGCTTGAACCTGGGAGGCAGAGTTTGCAGTGAGCCAAGATCGTGCCACTGCACTCCAGCCTGGGTTACGGCAAGATTCTCTCAAAAACAAAACCAAACAAAA","GGCCGGGTGTGGTGGCTCACACCTGTAATCCCAGCACTTTGAGAGGACAAGGTCAGCAGATCACTTGAGGTCAGGAGTTGGAGACGAGCCTGGCCAACATGGTGAAACCCCATCTCTACTAAAAATACAAAAAATTAGCTGGATGTGGTGGTGCGTGCCTGTAACCCCAGCTACTTGGGAGGCTGAGGCAGGAGAATCGCTTGAACCTGGGAGGCAGAGGTTGCAATAAGTCAAGATCACGCCGCTGCACTCCAGCCTGGGTGACAGAGCAAGACTCCGTCTCAAAACAAAACAAAAAAA"
"chr1","3587344","3587612","JH378154","16232662","16232924","52","12645318","GGCCGGGCGCGGTGGCTCACACCTATAATCCCAGCACTTTGGGAAGCTGAGGTGGGCAGATCACTTGAGGTCACAACACCAGCCTGGCCAACATGGTGAAACCCCATCTCTACAAAAATACAAAAATTAGCTGGGCCTGGTGGCGCGTGCCTGTAGTCCCAGCTACTCGGGAGGCTGAGGTGGGAGGATCACTTGAGCCCAGGAAGTGGAGGTTGCAGTGACCTGTGATACCAGCCTGAACAGAGCGAGACCCTGTGGCAAAAAAAAAA","GGCCGGGTGCAGTGGCTCACACCTGTAATCCCAACACTCTAGGAGACCCAGGTGGTCAGATCACTTGAGGATCCAGACCAGTGTGGCCAACATGGTGAAACACCATCTCTACAAAAAATACCAAAATTCGCTGGGTGTGGTGGCACATGCCTGTAATCCCAGCTACTCAGGAGGTTGAGATGGGAGGATCACTTGAACCCAGGAAGTGGAGGTTGCAGTGAGCTGAGATCAAGCAAGACTCCCTCTCAAAAAAAAGAAAAAAA"
"chr1","3633239","3633544","JH378108","26901048","26901345","42","23267809","GGCTGGGCGCAGTGGCTCAGGCCTATAATCCCAACACTTTGGGAGGCTGAGACTGGTGGATCACTTGAGGTCAGGAGTTTGAGACCAGCCTGGCCAACATGATGAAAACCCGTCTATACTAAAAAATACAAAAATTAGCCAGGTGTGGTGCCACACACCTATAATCCTAGCTACTCAGGAGGCTGAGGCAGGAGAATCACCTGAACCGGGGAGGTGGAGGTTGCAGTGAGCCAAGATTGCGCCACTGCACTCCAGCCTAGGCAACAGAGTGAGACTCCGCCTCCGAAAAAAGAAAAGAAGAAAAAA","GGCTGGGCTCAGTGGCTCAGGCCTATAATCCCAGCACTTTGGGAGTCCAAGGCAGGTGGATCACTTGAGCTCAGGAGTTTGAGACCAGCCTGGCCAACAGTGAAATCCTGTCTCTCCTAAAAATACAAAAATTAGCCAGGTGCAGTGGCACATGCCTATAATTCTAGCTACTTGGGAGGCTGAGGCAGGAGAATTGCTTGGACCTGGGAGGTGGAGGTTGCAGTGAGCCAAGATGGCACCACTGTACTCCAGCCTGAGTGACAGAGTGAGACTCCATCTCAAAAAAAAAAAAAAAAAA"
"chr1","3635793","3636091","JH378138","6648162","6648458","41","3012369","GGCTGAGCGTTATGTCGCACGCCTGTAATCCCAGCACTTTGGGAGGCTGAGTTGGGCAGATCACTTGAGGTCAGGAATTCAAGACCAGCCTGGCCAGCATGGTAAAACTCCTTCTCTAATAAAAACACAAAAATTAGCCAGGCGTGGTGGCGCACACCTGTAGTCCCAGCTACTTGGGAGGCTGAGGCAGGAGAATCCCTTGAACCTGGGAGGTGGAGGTTGCAGTGAGCCAAGGTCATGCCACTGCACTACAGCCTGGGGGACAGAGCAAGACTCCATCTCACACACGCACAAAAAAA","GGCCGGGCACGGTGGCTCACACCTGTAATCCCAGCACTTTGGGAGGCCGAGGCCGGTGGATCACTTGAGGTCAAGAATTTGAGACCAGCCTGGCCAGCATGGTGAAACCCCGTCTCTACTAAAAAACACAAAAATTAGCCAAGCATGGTGGTGCACACCTGTAGTCCCAGCTACTTGCGAGGCTGAGGCAGGAGAATCACTTGAACCTGGGAGGTGGAGGTTACAGTGAGCCAGGATCATGCCACTGCACTCCTGTCTGGGTGACAGAGCGAGACTCCATCTCAAAAAGAAAAAAAA"
"chr1","3648983","3649238","JH378156","1380668","1380930","42","2268315","GACCGCGCGCGGTGGCTCATGCCTGTAATCCCAGCACTTCGGGAGGCCGAGGAGGGCGTATTACTTGAGGTCAGGAGTTCGAGACCAGCCTGGCCAACATGGTGAAACCCCGTCTCTACTAAAAATAAAAAAATTAGTCGGGCTACTCGGGAGGCTGAGGCAGGAGAATCGCTTGAACCCGGGAGGCGGAGGCTGCAGTGAGCTGAGATCGTGCCATTGCACTCCAGCCTGGGCGACAGAGCGAGACCGTCTCAAA","GGCCGGTTGCGGGTGGCTCACACCTGTAATCCCAGCACTTTGGGAGGCTGAGGCGGGCAGATCACTTGAGGTCAGGAGTTCGAGACCAGCCTGGCCAACATGGTGAAACCCCATCTCTACCAAAAAGTATAAAAAATCAGCCGGGTGTCGTAGAAGCTGAGGCAGGAGAATTGCTTGAACCCGGGAGGCAGAGGTGGCAGTGAGTCAAGATTGTTCCACTGCACTCCAGCCTGGGTGACAGAGCAAGACTCCGTCTCAAAAAA"
"chr1","3662094","3662385","JH378115","34769363","34769654","35","31107269","GGCTGGGTGTGGTGGCTCACGTCTGTCATCCCAGCACTCTGGGAGGCCGAGGTGGGCGGATCACTTGAGGTCAGGAGTTTGAGACCAGCCTGACCAACATGGTGAAACCCCATTTCTACTAGAAATACAAAAAATTAGCTGGGCATGGTGGTACATGCCTGTAATCCCAGCTACTTGGGAGGCTGAGGCAGGAGGATTACTTGAACCTGGAAGGCAGAGGTTGCAGTGAGCTGAGATTGCACCACTGTACTCCAGCCTGAGCAACAGAGTGAGACTCCGTCTCAAAAAAGAA","GGCCGGGTGTAGTGGCTCACACCTGTAATCCCAGCACTTTGGGGGGCCAAGGTGGGTGGATCGCTGGAGGTCAGGAGTTCAAGACCAGCCTGGCCAACATGGTGAAACCCCATCTCTACTAAAAATACAAAATTAGCCAGGCATGGTGGTACATGCTTGTAATCCCAGCTACTTGGGAGGCTGAGGCAGGAGAATCACTTGAACCTGGAAGGCGGAGGTTACAGTGAGCTGAGACCGCACCATTGCACTCCAGCCTGGGCAACAGAGCAAGACTCCATCTCATAAAAAAGAA"
"chr1","3669606","3669916","JH378119","28438122","28438435","45","24768516","GCCAGGCGCGGGGGCTCACACCTGTGATCCCAGCACTTTGGGAGGCTGAGGCGGGTGGATTACTTGAGGTCAGAAGTTCGAGACCAGCTCGGCCAACATGGTGAAACCCCGTCTCTACCAAAAATACAAAAATTAGCCAGGCGGGGTGGCACGCACCTGTAATCCCAGCTACTTAGGGAAGGCTGAGGCATGAAAAACCGCTTGGACCTGGGAGGCAGAGGTTGCAGTGAGTCGAGATCATGCCACTGCACTCCAGCCTGAGTACAGAGTGAGACTCTGCCTACAAAAAAAAAAAAAAAACAAAAAAAAAA","GACCAGGCGTGGTGGCTCACACCTATAATCCCAGCACTTTGGGAGGCCCACGTGGGCAGATCACTTGAGGTCAGGAGTTCGAGACCAGCTTGGCCAACATGGTGAAACCCTATCTCTACTAAAAACACAAAAATTAGCCAGCCATGGCGGCATGCACCTGTAATCCCAGCTACTTGGGAGGCTGAGGCTGGAGCATCCCTTGAACCTGGGAGGCAGAGGTTGCAGTGAGTCGAGATCATGCCATTGCATTCCAGCCTGGGCAACAGAGTGAGACTCTTGTCTCAAAAAAAAAAAAAAAATTAAAATTAAAAAAA"
"chr1","3693828","3694131","JH378262","1936694","1936996","33","1757134","GGCCTGGCACGGTGGCTCACGCCTGTAATCCCAGTACTTTGGGAGGCCAAGGTGGGCGGATTATTTGAGGTCAGGAGTTCGAGACCAGCCTGACCAACATGATGAAACCCCATCTCTACTAAAAATACAAAAATTAGCCAGGTGTGGTGGCGCCTGCCTGTAATCCCAGCTACTCAGGAGGCTGGGGCAGGAGAATCGCTTGAGCCCATGAGGCAGAGGTTGCAGTGAGCTGAGATCGCGCCACTGCACTCCAGCCTGGGTGACAGAGCGAGACTCCGTCTCAAAAAACAAACAAACAAAAAAA","GGCCAGGCGCCATGGCTCACACATGTAATCCCAGCACTTTGGGAGGCCAAGGTGGGCAGATCACTTGAGGTCAGGAGTTCGAGACCAGCCTGGCCAACATGGTGAAACCCCGTCTCTACTAAAAATACAAAAATTAGCTGGGTGTGGTGGTGTGTGTCTGTAGTCCCAGCTACTCAGGAGGCTGAGGCAGGAGAATCTCTTGAACCCGGGAGGCAGAGGTTGCAGTGAGCCGAGATCGCACCACTGCCCTCCAGCCTGGGCCACAGAGTGAGACTCCCTCTCAAAAAACAAAAAACAAAAAAA"
"chr1","3706338","3706620","JH378223","5259349","5259635","46","1553011","GCTGGGAGTGGCGGCTCACGCCTGTAATCCCAGCACTTTGGGAGGCCGAGGCAGGTGGATCACTTGAGGTCAGGAGTTTGAGACCAGCCTGGCCATGCGGTGAAACCCCATCTCAACCGAAAATATAAAAATTAGCCAGGCATGGTGGCACACGCTTATAATCCCAGCTACTTGGAAGGCTGAGGCAGGAGAACCCGGGAGGTGGAGGTTGCAGGGAGCTGAGATCGTGCCACTGCACTCCAGCGTGAGCAACAGAGTGAGACTCCAACTCAAAAAAAAAAAA","GGCTGGGCACAGTGGCTCACACCTGTAATCTCAGCACTTTGGGAGGCCGAGGCTCGTGGATCACTTGAGGTCAGGAGTTTGAGACCAGCCTGGCCAACATGATGAAACCCCATCTCTACTAAAAATACAAAAATTAGCCGGGTGTGGTGACACTCGCCTATAACCCCAGCTATTTGGGAGGCTGAGGCAGGAGAACCAGAGAGGCAGAGGTTGCAATGAGCCTACATTGTGCCACTGCACTCCAGCCTGGGCAACAGAGCAAGACTCCATCTCCAAAATAAAAGAAA"
"chr1","3709432","3709724","JH378121","20749858","20750157","47","17040426","GGCTGGGTACGGTGGCTCACACCTGTAATCCCAGCACTTTGGGAGGGAAGCTGAGGCAGGTGGATCACTGGAGGTCAGCCTGGCCAACATGGTGAAACCCCGTCTCTACTAAAAATACAAAAATTAGCTGGGCGTGGCGGCATGTGTCTGTAATCCCAGTTACTCGGGAGGCTGAGGCAGGAGAATTGCTTGAACCTGGGAGGCAGAGGTTGCAGTGAGCCAAGAGTGCGCCACTGCACTCCAGCCTGGACAACAGAGCGAGACTCTTTGTCTCAAAAAAGAAAAAAAAATAA","GGCTGGGCGCAAGTGGCTCACACCTGTTATCCCAGCACTTTGGGAGGCTGAGGCAGGTGGATCACTGGAAGTCAGGAGTTCAAGACCAGCTGACCAACATGGTGAAAACGGGTCTCTACTAAAAATACAAAAATTAGCTGGGCATGGTGGCAAGTATCTGTAATCCCAGCTACTCAGGAGGCTGAGGCAGGAGAATTGCTTGAGCCTGGGAGGCAGAGGTTGCAGTGAGCTAAGACTGCACACTGCACTCCAGCCTGGGTGACAGAGCAAGACTCCATCTCAAAAAAAAAAAAAAAAAAA"
"chr1","3727938","3728241","JH378109","25988945","25989247","40","22261007","GGCCAGGTGCAGTGGCTCACACCTGTAATCCCAGCACTTTGGGAGGCCAAGGTGGGTGGATCACTTGAGTCCAGGAGTTTGAGACCAGCCTGGCCAACATGGTGAAACCCCATCTCTACCAAAAATACAACAAATTGGCCAGGCATGGTGGTGCACTCTTGTAATCCCAGCTACTCCAGAGGCTGAAGTGGAAGAATCATTTGAACCTGGGAGGTGGAGGTTGCAGTGAGCCGAGATTGTGCCACTGCACTCCAGCCTGGGTGACAGAGTGAGACCCTTTCTCAAAAAAAAAAGAAAAAAAAAA","GGCCGGGTGCAGTGGCTCACATCTGTAATCCTAGCACTTTGGGAAGCTAAGGTGGGTGGATCACTTGAGGTCAGGAGTTCAAGATCAGCCTGGCTAACATGGTGAAACCCCATCTCTCCTAAAATACAAAAATTACCAGGGCATGGTGGTGCATGCCTGTAATCCCAGCTACCCAAGAGGCTGAAATGGGAGAATTGTTTGAACCAGGAGTTGGAGGTTGCAGTGAGCCAAGATAGTGCCAGTGTACTCCAGCCTGGGTGACAGAGTGAGACTCCATCTCAAAAACAAAAAAAAAGGAAAAAA"
"chr1","3729348","3729651","JH378113","4126123","4126428","42","396775","GGCCAGACATGGTGGCTCATGCCTGTGATCCCAGCATTTTGGGAGGCCGAGGCAGGCGGATCACTTGAGGCCAGGAGTTCGAGACCAGCCTGGCCAATGTGGTGAAACCCCATCTCTACTAAAAATACAAAAGTTAGCTGGGCCTGGTGGCACACACCTGTAATTCGAGCTATTCAGGAGGCTGAGGCAGAGAATCACTTGAACCTGGGAGACAGAGGCTGCAGTGAGCTGAGATTGCGCCACTGCACTCCAGCCTGGGCCACAGAGCAAGACTCCATCTCAAAAAGTAAATAGATAAATAAAA","GGCCAGGCGCGGTGGCTCATGCTTGTAATCCCAGCACTTCAGGAGGCCGAGGCAGGTGGATCACTTGAGGTCAGGAGTTTGAGACCAGCCTGGCCAACATGGTGAAACCCGGTCTCTACTAAAAATACAAAAATTAGCTGGGCATGGTGGTGCACACCTGTAGTCCCAGCTACTCAGGAGACTGAGGCAGGAGAATCACTTGAACCTGGGAGGCAGAGGTTGCAGTGAGCTGAGATCATGCCACTGCACCTCAGCCTGAGCGACAGAGCAAGAATCCATTTCCAGAAAAGAAAAAAGAAAAAAAAA"
"chr1","3756596","3756889","JH378221","4088336","4088619","41","331740","GGTTGGATGCAGCGGCTCAGGCCTGTAATCCCAGCACTTTGGGAAGGCCAAGTGGGTGAATCGCTTGAGGCCAAGAGTTCAAGACTAGCCTGGCCAACATGGTAAAACCCTGTCCCTACCAAAAAACACAAAAATTAACCAGGTGTGGTGGTGCAGGCCTACAATCCCAGCTACTGAGGAGGCTGAGGCAGGAGAATTGCTTGAACCCAGGAGGCAGAGGTTGCAGTGAGCCAAGATCATGCCACTGCACCCCAGCCTGGGTGACAGAGTGAGATCCTGTCTCAAAAAAAAAAA","GCAGTCACTCATGCCAGTAATCCCAGTACTTTGGGAAGCTGAGGTGGGTGAATCACTTGAGGCCAGGAGTTCGAGACTAGCCTGGCCAACATGGTGAAACCCTGTCTACCAAAAAACACAAAGAATTGGCCAGGTGTAGTGGTGCATGCCTATAATCCCAGCTAGTAAGGAGGCTGAGGCAGGAGAACTGTTTGAACCCGAGAGGCAGAGGTTGCAATGAGCCAAGATCATGCCACTGCACTTCAGCCTGGGTGACAGAGTGAGACCCTATCTCAAAAAAAAAA"
"chr1","3765561","3765811","JH378139","17358360","17358597","52","13592799","GCCGGGCGCAGTGGCTCACGCCTGTAATCCCAGCACTTTGGGAGGCTGAGACAGGTGGATCATCACTTGAGGTCAGGAGTTTGACACCAGCCTGGCCAACATGGTAAAACCCCATCTCTACTAAAAATACAAAAATTAGCTGGGCATGGTGGCACATACCTGTGATCCCAGAGAATAGCTTGAACCCAGGAGATGAGGCTGCAGTGAGCCGAGATCGTGCCACTGCACTCCAGCCTGGGTGATGGAGCAAG","GCTGGGCACAGTGGCTCATGTCTGTTTTCTCAACACTTTGGGAGGCCAAGGCCGACGAATCATTTGAGGTCAGGAGTTTGAGACCAGCCTGGCCAACATGGTGAAACCCCATCTCTACTAAAAATAAAAAAGCAGCTGCTTGGGAGGCCGAGGCAGGAGAATTGCTTGAACCCAGGAGACAGAGGTTGCAGTGAGCCGGAATTGCACCACTGCACTCCAGCCTGGGTGACAGAGCGAG"
"chr1","3775400","3775709","JH378204","3945411","3945718","48","170011","GCCAGGCACAGTGGCTCATGCCTGTAATAGTAGCACTTTGGGAGGCCAAGGCGGGGTGGATCACTTCAGGTCAGGAGTTCGAGACCAGCCTGGGCAATGTGGTGAAACCCCATCTCTCCTAAAAATACAAAAATTAGCCAGGAGTGGTGGTATGCACCAGTAATCCCAGCTACTCAGGAGGCTGAGGCAGGAGGATCATTTGAACCCAGAGGCGGAGGTTGCAGTGAGCCGAGATCTCGCTATCGCACTCCAGCCTGGGCAATAAAGCAAGACTCCGTCTCAAAATAAATAAATAAAAGAGATGTAAAAA","GGCCTGGCACAGTGGCTCACGCCTGTAATCCCAGCACTTTGGGAGGCCGAGGTAGGTGGATCATTTGAGGTCAGGAGTTTGAGACCAGCCTGGCCAATATGGTGAAACCCCGTCTCTACTAAAAATACAAAAATTAGCCAGGCATGGTGGCATGCTCTTGTAATCCAAGCTATTCGGGAGGCTGAGGCAGGAGAATCGCTTGAACTCAGGAGGCGGAGGTTGCAGTGAGCCGAGATCACGCCATTGCACTCCAGCCTGGGTGACAGAGCAAAACTCTGTCTCAAATAATAAATAAATAAATAAATAAA"
"chr1","3795716","3796015","JH378141","14454762","14455052","46","10659046","GCCGGGCATGGTGGCTCAGGCCTGTAATCCCAGCACTTTGGGAGCCTGAGGTGGTTGGATCACTTGAGGCCAGGAGTTTGAGAACAGCCTGACCAATATGGTGAAACCACGTCTCTATCAAAAGTACAAAAATTAGCTGGGCGTGGTGGCATGTATCGGTAGTCCTAGCTACTTGGGAGGCTGAGGCAGGAGAATTGCTTGAACCTGGGAGCCTGGGAGGCAGAGGTTGCAGTGAGCCGAGATCATGCCACTGCACTCCAACCTGGGTGACAGAGCAAGACTCTGTCTAAAAAAAAAAAA","GCCAGGCATGGTGGCTCACCCCTGTAATCCCAGCACTTTGGGAGGCTGAGGCAGGTGGATCACTTGAGGTCAGGAGTTTGAGACCAGCCTGGCCAACATGGTGAAACCCCGTCTCTACTAAAAATACAAAAATTAGCCGGGCATGGTGGTGCGTGCCTCTAGTCCTAGCTACTTGGGAGGCTGAGGCAGGAGAATCGCTTGAACCTGGAAGGCAGAGGTTGCAGTGAGCTCAGATCGCACCACTGCACTCCAACCTGGCCACAGAGCGAGACTCCATCTCAAAAAAATAAA"
"chr1","3804633","3804940","JH378129","10477083","10477384","39","6672450","CTGGGCACCGTGGCTCATACCTGTAATTCCAGCACTTTGGGAGGCTGAGGCAGGTGCATCACTTGAGGTCAGGAGTTCAAGACCAGCCTGACCAACGTGGTGAAACCTTGTCTCTACTAAAAATACAAAAGTTAGCTGGGTTTGGTGGTACACACCTGTAATCCCAGCTACTTGGGAGGCAGAGGCAGGAGAATCGCTTGGACCTGGAAGGTGGAAGTTGCAGTGAGCAGAGATTGTGCCACTGCACTCCAGCCTGGGTGACAGAGTGAGACTCTGTCTCAAAAAAAAAAAAACAGAAAAAGAAAAAA","GGCTGGGCACAGTGGCTCACGCCTGTAATCCCAGCACTTTGGGAGGCTGAGGTGGGTGAATCACTTGAGGTAAGGAGTTTGAGACCAGCCAACCAACGTGGTGAAACCCTGTCACTACTAAAAATACAAAATTAGCTGGGCATGGTGGCACACACCTGTAATTCCAGCTACTTGGGAGGCTGAGGCAGGAGAATCACTTGAACCTGGGAGGGGGTGTTGCAGGGAGCAGAGATGGCACCACTGCACTCCAGCCTGGGTGACAGAGTGAGACTCCATCTCAAAAAAAAAAAAAAAAAAAAAAA"
"chr1","3847217","3847513","JH378152","13776460","13776759","52","9929243","CTGGGCATGGTAGTTCACTCCTGTAATCCCAGCACTGAGGTGGGCGGATCATTTGAGGTCAGGAGTTTGAAACCAGCCTGGGCAACATGGTGAAACCCTGTCTCTACTAAAAATACAAAAATCAGCTGGGCATGGTGGCTCGCATCCATAATCCCAGCTACTTGGGAGGTTAAGGCAGGAAGATCCCTTGAGCCAGGGAGGTGGAGGCTGTGGTGAGCTGAGATTGTGCCACTGCACTCCAGCCTGGGTGACAGAGTGAGACCCTGTCTCAACAAAAAAAAAAAAAAAAGAAAAAAA","GGCTGGACTCGGTGGCTCACGCCTGTAATCCCAGCACTGAGGCAGGCAGATCATTTGAGGTCAGGAGTTTGAAATCAACCTGGCCAACATGGTAGGACCCTGTCTCTAATAAAAATACAAAAATTACCCAGGCATGGTGGTGCACGCCTGTAATCCCAGCTACTTGGGAGGCTGAGGCAGGAGAGTCACTTGAACGTGGGAGGCAGAGGTTGCAGTGAGCTGAGATTGCACCACTGCACTCCAGCCTGGGTGACAGAGTGAGACTGTTTCAAAAAAAAAAAAAAGAGAGAGAGAAATAAA"
"chr1","3950849","3951144","JH378127","22815027","22815328","51","18864178","GGGCAGGCCCAGTGGCTCACACCTGTAATCTCAGCACTTTGGGAGGCCAAGGCAAGCAGATCACTTGAGGTCAGGAGTTCGAGGCCACAGTGAAACCCCACCTCTACTAAAAATACAAAAAATTAGCCGGGCATGGTGGTGCACACCTGTAATCCCAGCTACTCAGGAGGCTGAGGCAGGAGAATCGCTTGAACCTGGGAGGCGGAGGTTGCAGTGAGTCAGGATGGTACCACTGCACTCCAGCCTGGACTACAGAGCCAGACTCCGTCTCAAAATAATAATAATAATAATAATAA","GGCCAGGCACGGTGGCTCACACCTGTAATCCCAGCACTTTGGGAGGCCAAGGTGGACAGATCACTTGAGGCCAAGAGTTCAAGACCAGCCTGGCCAACATGGTGAAACACCATCTCCTAAAAACATAAAAATTAGCCAGGCATGGTGGCACGCACTTGTAATCCTAGCTACTCAGGAGGCTGAGGCAGGAGAATCGCTTGAACCTGGGAGGCGGAGGTTGCAGTGAGCCAAGATTGTGCCACTGCACTGCAGCCTGGGTGACAGAGCAAGACTCCATCTCAAAAAATAAAAAAATAAATAAA"
"chr1","3954205","3954489","JH378173","10880896","10881187","50","6926691","GCCGGGGGCCGTGGCTCACACCTGTAATCCCAGCACTTAGGGAGAAGGGGCGAGTGAATCACTTGAGGCCAGCAGTTTGAGACCTGCCTGGGCAATGTGGTAAAACCCCATCTGTACTAAAAATGAAAAATTATCCAGGTGTGGTGGTGGATGCCTGCAGTCCTAGCTACTCGGGAGGGTGAGGCAGGAGAATCGCTTAAACCCGGGAGGTTGCAGTGAGCTGAGATCTTGCCACTGTACTCCAGCCTGGGCTATAAAGGGAGACTCTGTCTCAAAAAATGAAAA","GGCCGGGCACGGTGGCTCATACCTATAATCCCAGCACTTTGGGAGGCCAAGGTGGGAGGATCACTTGAGGCCAGGAGTTCGAGACCAGCCTGGCCATCATGGTGAAACCCCATCTCTACTAAAAATAACAAAAATTAGCCGGGTGTGGTGACACGTGCCTGTAATCCCAGCTACTTGGGAGGCTGAGGCAGGAGAATCGCTTGAACCTGGGAGGTTGCAGTGAGCTGAGATCATGCCACTGTACTCCAGGCTGGGCAACAGAGGGAGACTCTGTCTCAAAAAAAAAAAAAAA"
"chr1","3965234","3965544","JH378153","14175225","14175527","41","10209991","GGCCTGGTGCGGTGGCTCATGCCTATAATCCCAGCACTTCGGGAGGCCGAGGTGGGTGGATCACTTGAGGTCAGCAGTTCAAGACCCACCTAGCCAACATGGTGAAATCCCATTTCTACTAAAAAATACAAAAATTAGCCAGGCATGGTGGTACACACCTGTAATCCCAGCTACTCAGGAGGCTGAGGCAGGAGAATCACTTGAACCCGGGAGGCAGAGGTTGCAGTGAGTCAAAATCACGCCACTGCACTCCAGCCTGGGTGACAGAGTAAGACTCTACCTCAAAAAAGAAATAGATGAAAATAAATAAA","GCCAGGTGCGGTGGTTCATGCCTCTAATCCCAGCACTTTGGGAAGCCGAGGCAGGTGGATCACTTGAGGTCAGGAGTTCAAGACCAGCCTGGCCAACATGGTGAAACCCTGTCTCTACTAAAAATACAAAAATCAGCCAGGTGTGGTGGTGCATGCCTGTAATCTCAGCTACTCAGGAGGCTGAGGCAAGAGAATCACTTGAACCCGGGAGGCAGAGGTTGCAGTGAGCCAAGATTGCACCACTGCACTCCAGCCTGGGTGACAGAATGAGACTCCATCTCAAAAAAAAATAAAAATAAAGAA"
"chr1","4020560","4020848","JH378153","14658508","14658797","46","10637948","GGCCGGGCGTGGTGCCTCATGCCTGTAATTCCAGCACTTTGGGAAGTTGAAGTGGGCGGATCACTTGAGGTCAGGAGACCAGTTTGGCCAACATGGTGAAACCTTGTCTCTACTAAAAATATAAAAATTAGCCAGGCATGTAGGCACACATCTGTAATCCCAGCTACTTGGGAGGCTGAGGCAGGAGAATTGCTTGAACTCGGGAGGCGGAGGTTGCAGTGAACTGAGGTTGTGCCACTGCAGTCCAGCCTGGGCGACAGAGCGATACTCTGTCTACAAAAAAAAAAAA","GGCCCGCCACGGTGGCTCATGCCTGTAATCCCAGCACTTTGGGAGACTGAGGTGGGCAGATCAGTTGAGGTCAGGTCGAGACCGGCCTAGCCAACATGGTGAAACCCCGTCTCTACTAAAAATACAAAAATTAGCTGGGCATGGTGGTGTGCACCTATAATCCCAGCTACTTGGGAGGCTGAGGCAGGAGAATCGCTTGAACCCTGGAGGCGGAGGTTGCAGTGAGCTGAGGTCATGCCACTGTACTCCAGCCTGGGTGAGAGAGTGAGACTCTGTCTCAAAAAAAAAAA"
"chr1","4027996","4028298","JH378135","21833062","21833364","51","17805066","GGCCGGGCACTGTGGCTCATGCCTGTAATTCCAGCATTTTGGGAGGCCAAGGCGGGTTGGATCACTTGAGCTCAAGAGTTCAAGACCAGCCTGGGCAACATGAAGAAACCCTATCTCTTCCCAAAATTTAAAAAATTAGCCAGGCATGGTGGCACACACCTGTGGTCCCAGCTACCCAGGAGGCAGAGGTGGGAGGATCGTTTGAACCCAGGAGGCAGAGGTTGCATGGAGCCAAGATCATGCCATTGCACTCCACCCTGGGTGACAGAGTGAGACCCCATCTCAAATAAATAAACAAATAAA","GGCCTAGCATGGTGGCTTATACCTGTAATCCCAGCACTTTGGGAGGCCGAGGTGGGTGGATCACTTGAGGCCAGGAGTTCAAGACCAGCCTGGGCAACATGGTGAAACCCCATCTCTACTAAAAATATAAAAATTAGCCAGGCACTGTGGCACATGTGTGTAATCCCAGCTACTCAGGAGGCTGAGGCAGGAGAATCTCTTGAACCCAGGAGGCGGAGGTTGCAGTGAGCCAAGATCGTGTCACTGCACTCAAGCCTGGGTGACAGAGTGAGAACCTATCTCAAAAAAATAAATAAATAAAAA"
"chr1","4177988","4178238","JH378135","4436418","4436677","40","258430","TGGGAGGCCAAGGTGGGTGGATCACTTGAGGTCAGGAGTTTGAGACCAGCCTGGCCAACATGGTGAAAATCTGTCTCTACTAAAAATACAAAAATTAGCGAGATGTGGTGGTGCATGCCTGTAATCCCAGCTACCAGGGAGGCTGAGGCAGGAGAATCATTTGAACCCAGGAGGCTGAGGTTGCAGTGAGCCAAGATCACATCATTGCACTCCAGGCTGGGCAACAGAGTGAGACCCCTTCTAAAAAAAAA","CACTTTGGGAGGCCTAGGTGGGTGGGTCACTTGAAGTCAGGAGTTCGAGTCCAGCCTGGCCAACATGGTGAAACCCTGTCTCTACTAAAACTACAAAAATTAGCAGGGAGTGGTGGTGCGTGCCTGTAATCCCAGCTACTTGGGAGGCTGAGGCAGGAGGATGGCTTGAACCCGGGAGGTGGAGGTTGCAGTGAGCCAAGATTACATCATTGCACTCTAGCCTGGGTGACAGAGAGAGACTATGTCTCAAAAACAGAAAA"
"chr1","4205004","4205297","JH378109","8720176","8720466","45","4515172","CCAGGCGCAGTGGCTCAAGCCTGTAATCCCAGCACTTTGGGAGGCCACGGTGGGCAGATAGTTTGAACCTAGGAGTTCAAGAGCAGTCTGGGCAACATGGTAAAAACCCTGTCTCTACAAAAATACAAAAATTAGCCAGGCGTGGCAGCGCACACCTGTAATCCCAGCTACTTGGGAGGCTGAGGTGGGAGAATTGCTTGAACCCGGGAGGCAAAAGTTGCAGTGAGCTGAGATTGTGTCGCTGCACTCCAACCTGGGCAACAGAGTGAGACTTTGTCTCAAAATAAAAATAAA","GCCGGGCGCAGTGGCTCACGCCTGTAATCCCAGCACTTTGGGAGGCTGAGGCAGGCAGATCAGTTGAGGTCAGGAGTTTGAGACCAGCCTGGCCAACATGGCAAAGCCCTGTCTCTACTAAAAATACAAAAATTAGCCAGGTGTGGTGGCATACACCTGTAATCCCAGCTATTTGGGAGGCTGAGGTGAGAACCGCTTGAACCCAGGAGGCAGAAGTTGCAGTGAGCTGAGATTGTGCCACTGTACTCCAGCCTGGGCAACAGAGTGAGACCCCATCTCAAAAAAAATAAA"
"chr1","4232354","4232625","JH378127","20137462","20137737","43","15905108","GGCCGGGCGTGGTGGCTCATGCCTGCAATCCCAGCACTTTGGGAAGCTGAGGCAGGCAGATCACTTGAGGTCAGGAGTTTGAGACCAGCCTGGCCAATATGGTGAAACCCTGTCTCTACCGAAAATACACAAATTAGCCAGATGTGGTGGCATGGCCTCTAATCCCAGCTACTCGGGAGGTTGAGGTGGGAGAATCACTGAACCTGTGAAACAGAGGTTGCAGTGAGCTGAGATCATACCATTGCACTCCAGCCTGGACACTGCAGCGAGAC","GGCCAGGCATGGTGGATAATGCCTATAATCTCAGCACTTTGGGAGGCTGAGATGTGTGGATCACTTAAGGTCAGGAGTTCAAGACCAGCCTAGCCAATATGGTGAGACCCTGTCTCTACTAAAAATACAAAAACTAGCCAGGGGTGGTGGCATGCGCCTGTAATCCCAGCTACTCGGGAGGCTGAGGCAGGAGAATCACTTGAACCCAGGAAGCAGAGGTTGCAGTGAGCTGAGATCATGCCATTGCACTCCAGCCTGGGCATCACAGCAAGACTC"
"chr1","4270358","4270690","JH378117","19004041","19004369","68","14733683","GGCCAGGCGTGGTGGCTCACGCCTGTAATTCCAGCATGGAATTTGGGAGGCCGAGGCGGATGGATTACTTGAGGTTGGGAGTTTGAGACTAGCCTGGCCAACATGGGGAAAACTTGTCTCTAAAAAATACAAAAATACAAAAATAAATAAATAAATAAATAAAACAGCCAAGGGTGGGGGCATGCACCTGTAATCCCAGCTACTTGGGAGGCTAAGGCAAGAGAATTGCTTGAATCTGGGAGGTAGAGGTTGCAGTGAGCAGACATTGCACCACTGCATTCCAGCGTGGGTAACAGAGCCAGAGTCTGTCTAAAAAAAAAAATAATAAAAGAA","GGCCAGGTTTGGTGGCTCACGCTTGTAATTCCAGCACTTTGGGAGGCCGAGGTGAGTGGATCACTTGAGGTTAGGAGTTCGAGACCAGCTTGGCCAATATAGTGAAACCCCATCTCTACTGAAAGCACAAAAAAAAAAAAAAAAAAAAAAAAAAAAAAAAAAAGCCCGGCATGGTAGCATGCGCCTGTAATCCCAGATACTCAGGAGGCTGAAGCAGGAGAATCTCTTGAATCCAGGAGGCAGAGGTTGCAGTGAGCCGAGATTGCACCATTGTACTCCAGCCTGGGTGACAGAGTGAGACTATGTCTAAAAAAAAAATAATAAATAAA"
"chr1","4296482","4296761","JH378221","3588462","3588726","46","708020","CACTTCGGGAGGCCGAGGCAGGTGGATCAGATCACTTGAGGTCACGAGTTCAAGACCAACCTGGCCAATATGGTGAAACCTCATCTCTACTGAAAATACAAAAAATTAGCCAGGCTTGGTAGCGCTGGCCTGTAAACCCAGCTACTTGGGAGGCTGAGACAGGAGAATTGCTTGAACCTGGGAGGTGGAGGTTGCAGGGAGCCAAGATTGTGCCATTGCATTCCAGCCTGGGCGACAGAGCGAGACTTTGTCTCAAAAAAAAAAAAAAAAAAAAAGGAAA","CTTTGGGAGGCCAAGGTGGGTGGATCACTTGAGGTCAGGAGTTCAAGACCAACCTGGCCAACATAGTGAAACCCCATATCTACTAAACATACAAAAAATTAGTCAGGCATGGTAGCATTGGTCTGTAATCCCAGCTACTTGGGAGGCTGAGACAGGAGAATTGCTTAAACCTAGGAGGTGGAGGTCGCAGTGAGCCGAGATCATGATATTGCACTCCAGCCTGGGTGACAGAGCGAGATTTTGTTTCAAAAAAAAAGAAGAAAAA"
"chr1","4300384","4300691","JH378280","3023588","3023891","47","1276796","GGTCGGGCATGGTGGCTCATGCCTGTAATCCCAGCACTTTGGGAGGCCGAGGCGTGCAGATCACTTGAGGTCAGGTGTTCGAGACCAGCCTGGCCAACAAGGCGAAACCCCATCTCCAATAAAAATACAAAAAATTAGCCAGGCATGGTGGTGTGCACCTGTAATCTCAGCTACTCGGGGGGCTGAGGCAGAAGAATCGCTTGAACCCAGGAGATGGAAGTTGCAGTGTGCCGAGATCTCACCACTGCACTCCAGCCTGAGTAACAGAGTGAGACTCCAAAAAAACAAAGAAAGAAAGAAAGAAAGAA","GGCTGGGCACGGTGGCTCATGCCTGTAATCCCAGCACTTTGGGAGGCCGAGGAGAGCAGATGACTTGAGGTCAGGAGTTCAAGACCAGCCTGGCCAACATGGTGAAACCCTATCTCTACTAAAAATATAAAAATTAGCTGGGCATGATGGTGTGTACCTGTAATCCCAGCTACTTGGGGGGCTGAGGCAGGAGAATCGCTTAAGCCCAGGAGACAGAGGTTGCAGTGAGCCAAGATCACACCACTGCACTCTAGCCTGGGCAACGGAGTGAGATGCCATCTCAAAGAAAAGAGAGAGAGAGAAA"
"chr1","4336683","4336970","JH378108","51058639","51058929","43","46721956","GGCCAGGCAAGGCAGCTCACGCCTGCAATCCCAGCACTTTGGGAGGCTGAGGTGGGTGGATCACTTGAGGTCAGGAGTTTTAGACCAGCCTCGCCAACATGGTGAAACCCCATCTCCGCTAAAAATACAAAAATTAGCTGGGCGTGGTGGCATGCATCTGTAGTCCCAGCTACTCGGGAGGCTGTGGTGGGAGAATTGCTTAAACCTGGGAGGCGAAGTTTGCAGTGAGCCAAGATCGCGCCATTGCCCTCCAGCCTGGGTGACAGAGCGAGATTCCATCTCAAAAAA","GGCCATGTGTGATGGCTCACACCTGCAATTCAAGCACTTTGGGAGGCTGAGGTGGGTGGATCACTTGAGGTCAGGAGTTTAAGACCAGCCTGGCCAACATGGTGAAACCCCATCTCTACTAAAAATACAAAATTAGCTGGGTGTAGTGGCATGCACCTGTAATCCCAGCTACTTGGGAGACTGAGGCAGGAGAATTGCTTGAACCCAGGAGGTGGAGGTTGTAGTGAGTCAAGATCGCACCACTGCACTCCAGCCTGGGAGACAGAGCAAGACTTCATCTCAAACAAAGAA"
"chr1","4359042","4359349","JH378224","2515142","2515446","45","1843900","GGCCAACTGCGGTGGCTCACGCCTGTAATCCCAGCACTTTTGGAGGCCAAGGTGGGTGGATCACTTGAGTTCAGGAGTGTGAGACCAGCCTGGCCAACATGGTGAAACCTCGTCTCTACTAAAAATGCAAAAATTAGCTGAGCATGGTAGAGAGCACCTGTAATCCCAGCTACTCAGGAGGCTGAGGCAGGAGAATCACTTGAATCTGGAGATAGAGGTTGCAGTGAGCCAAGATCGTGCCACTGAACCCCAGCCTGGGTGACACAGTGAGACTCTCTCTCAAAAAAAAGAAAAAGAAAAGAAATAAA","GGCCGGGGCAGTGGCTCACACCTATAATCCCAGCACTTTGGGAGGCTAAGGCGGGTGGATCACTTGAGGTCAGGAGTTTGAGACCAACCTGACCAACATGGTGAAACCACATCTCTACTAAAAATACAAAAATTAGCTGAGCGTGGTGGTGCACACCTGTAATCCCAGCTACTCGGGAAGCTGAGGCAGGAGAATCGCCTGAACCCAGGAGGCAGAGGCTGCAGTGAGCAGAGATCATGTCACTGCACTACAGCCTGGGTGACAGAGTGAGACTCTGTCTCAAAAAAAAAAAAAAAAAAAAAAAA"
"chr1","4359904","4360188","JH378142","8582255","8582540","57","4222351","ATCCCAGCACTTTGGGAGACCAAGGCAGGTGGATCACTTGGGGTTAGGAGTTTGAGATCAGCCTGGCCAACATGGTGAAACCCCATCTCTACTAAAAATACCAAAAAAAAAAAGCCAGACATTGTGGCACATATTCCCAGCTACCTGGGAGGCTGAGGCATGAGAATCACTTGAACCCAGGAGGTGGAGTTTGCAGTGAGCTGAGATCATGCCACTGCTCCACCCTGGGTGACGGCATGAGACTCCAACTCAAAAGTAAAAAGTAAAAATCAAAATAAAATAAAA","ATCCCAGCCCTTGGGAGGCCAAAGCAGGTGGAGCACTTGAGGTCAGGAGTTTGAGGTCAGCCTGGCCAACACGGTAAACCCCACCTCTATTAAAACTACAAAAAAGATTAGCCAGGCATGGTGGTGCACACTTGTAATCCCAGCTACAAAGGAGGCTGAGGCAGAAGAATCAATTGAACTTAGGAAGTGGAGGTTGCAGTGAGCTGAGATCACACCACTGCACTCCAGCCTGGAAAACAGAGTGAGTCTCCATCTCAAAAAAAAAAAAAAAAAAAAAAAAAAAAAA"
"chr1","4432424","4432706","JH378188","8291764","8292058","53","3859340","CACAGTGATTCATGCCTGTAATCCCAGCACTTTGGGAGGCCGAAGCTAGTGGATCACTTGAGGTCAGGAATTCCAGACCAGCCTGGCCAACATGTCTGTACTAAAAATACAAAATTTAGCCAGACATGGTGGTGCTCACCTGTAGTCCCAGCTACTCGGGAGACTGAAGCCGGAGAGTCAATTGAACCTGGGAGGTGGAGGTTGCAGTGAGCCGAGATTGCGACACTGCACTCCAGCCTGGGCAACACAGTGAGACTCTGTCTCCAGAAAAAAAAAAAAAGAA","GTGCAGTGGCTCATGCCCGTAATCCCACCACTTTGGGAGACTGAGGTGGGTGGATCACTTGAGGTCAGGAGTTTGAGATCCGCCTGGCCAACATGGTGAAACCCTGTTTCTACTAAAAATACAAAAATTAGCCAGGCATTGTGGTATGCACCTGTAATCCCAGCCACTTGGGAGGCTGAGGCAGGAGAATCACTTGAACCTGAGAGGCAGAGGTTGCAGTGAGCCGAGATGGCACCACTGCACTCCAGCCTAGGCAACAGAGTGAGACTCTGTCTCCAAAAAAAAAAAAAAAAAA"
"chr1","4465160","4465445","JH378133","9743043","9743332","41","5277883","GGCCAGGAGTGTTTGCTCATGCCTGTAATCTCAGCACTTTGGGAGGTAGAGGCGGGAGGAAAACTTGAGGTCAGGAGTTCAAGACCAGCCTGGCCAACATGATGAAACCCCATCTCTACTAAAAATACAAAAATTAGCCAGGCGTGGTGGTATATGCCTGTAGTCCCAGCTAGTCAGAGGCTGAGACAGGAGAATTGCTTGAACCTGTGAGGCAGAGGTTGCAGTAAGCTGAGATCGCACCACTGCACTGCAGCCTGGGTGACAGAGTGAAACTCAAAAAAAAAAA","GGCCAGGTGTGGTGGCTCATGCCTGTAATCCCAGCACTTTAAGAGGCCAAGGTGGGTGGATCATTTGAGGTCAGGAGTTCGAGACCAACCTGGCCAACATGATGAAACCCTGCCTCTATTAAAAATACAAAAATTAGCCAGGTGTGGTGGCACATGCCTGTAATCCCAGCTACTCAGGAGACTGAGGCAGGAGAATCGCTTGAACCTGGGAGGCAGAGGTTGCAGTGAGCCAATATCACACCACTGCACTCCAGCCTGGGTGACAGAGTGAGAATCCGTAAAAAAAAAAA"
"chr1","4692764","4693049","JH378148","3031128","3031420","37","1661636","GGCCGGGAGCAGTGGCTTGCACCTGTAATCCAGCACTTTGGGAGGCCAAGGTGGGCAGATCACTTGAGGTCAGGAGTTCGAGACCAGCCTGGCCAACACAGTGAAACCCCGTCTCTCCTAAAAATACAAAAATTAGCCTGGCATGGTGGTGTGCACCTGTAGTGTCAGCTACTTGGGAGGCTGAGGCAGGAGAATTGCTTGAACCCAGGAGGTAGAGGTTGCAGTGAGCTGAGATCGCACCACTGTACTCCAGACTGGGAGACAGAGCAAGACTCTGTCAAAAAAA","GGCCGGGTGCAGTGGCTCCCACCTGTAATCCCAGCACTTTGGGAGGCCAAGGCGGTCAGATCACTTGAGGCCAGGAGTTCAAGACCAACCTGGCCAACATGGTGAAACCCCGTCTCTACTAAAAATACAAAAATTAGCCAGGCATGGTGGCATGCACCTGTTGTCCCAGCTACTCGGGAGACTAAGGCAGGAGAATTGCTTGAACCCGGGAGGTGGAGGTTACAGTGAGCCAAGATCGCACCATTGCACTCCAGCCTGGGTGACAGAGCAAGATTCTGTCTCAAAAACAAAAA"
"chr1","4821133","4821444","JH378152","15090372","15090678","49","10269239","GGCCAAGCACAGTGGCTCGCGCCTGTAATCCCAGCATTTTGGGAGTCCGAGGTGGGTGGATCACTTGAGGTCAGGAGTATGAGACCAGCCTAGCCAACATGGTGAAACCCTGTCTCTACTAAAAATGCAAAAATTAGCCGGGCGTGATGGCACACACCTGTAGTCCCAACTACTCAGGAAGCTCAGAAATGAGAATCACTTGAGCCTGGGAAGTGGAGGTTGCAGTGAGCTGAGACTGAGCCACTGCACTCCAGCCTGGGAGACAGAACAAGACTGTGTCTCAAAGAAAAAAAAATAGAAAAAAGAAAGAAA","GGCCAGGCAAGGTGGCTCACGCCTGTAATCCCAGCACTTTGGGAGGCAGAGGCGGGTGGATCACTTGAGACCAGGAGTTTGAGACCAGCCTTCCCAACATGGTGAAACCCCGTCTCTATTAAAAATACAAAAATTAGCTGGGCGTCTTGGGCACACGCCTGTAATCTCAGCTACTCAAGAGGCTGAAGCAGGAGAATCACTTGAACTTGGGAGGCGGAGGTTGCAGTGAGCTGAGATCCTGCCACTGCACTCCAGCCTGGGTGACAGAGCTCTGTCTCAAAAAAAAAAAAAGAAAGAAAGAAAGAAA"
"chr1","4823933","4824244","JH378220","1403361","1403672","35","3420572","GGCCGGGCACGGTGGCTCATATCTGTAATCCCAGCACTTTGGGAGGCCAAGGCGGGCAGATCACTTGAGGTCAGGAGTTCGAGGCCAGCCTGGCCAACTTGGTGAAACCCCGTCTCTACTAAAAATACAAAAATTAGCCGGGCATGGTGGCACGTGCCTGTAATCCCAGCTACTCAGGAGGCTGAGGCAGGAGAATCACTTGAACCCGGAAGGTGGAGGTTGCAGTGAGCCAAGATCATGCCACTGCACTCCAGCCTGGGTGACAGAGCAAGACTCCGTCTCAAAAATAAATAAATAAATAAATAAAATAAA","GGCCAGGCACGGTGGCTCACACCTGTAATCCCAGCACTTTGGGAGGCCTAGGTAGGCAGATCACTTGACGTCAGGAGTTTGAGACCAGCCTGGCCAACATAGTGAAACCCCATCTCTACAAAAAATACTAAAATTAGCCACGTATGGTGGCATGCATCTGTAGTCCCAGCTACTCGGGAGGCTGAGGCAGGAGAATCACTTGAACCCGGAAGACGAAGGTTGCAGTGAGCCAAGATCATGCCACTGCACTCCAGCCTGGGCAACAGAGTGAGACTCAGTCTCAAAATAAATAAATAGATAGATAAAAATAAA"
"chr1","4928061","4928330","JH378177","5640956","5641241","53","712895","GGCCAAGCGTTCAGTGGCTCATGCCTGTAATCCCAGCACTTTGGAAGTGGATCACTTGAGGCCAGGGACTCGAGACCAACCTGGCCAATATGGCAAAACCTGGCTAAAAATACAAAAATTAGCTGGATGTGGTGGTGCACACCTGAATTCCAGCTACTCGGGAGGCTGAGGCAGGAGAATTGCTTGAACCTGGGAGGTGGAGGTTGCAGTGAGCCAAGATTGTGCCAACACACTCCAGCCTGGGTAACAGAGCGAGACTCCATCTCAAAC","GGCTGAGTTTGGTGGCTCACACCTGTAATCCCAGCACTTTGGGAGGCCAAGGTGGGCAGATCACTTGAGGTCAGGAGTTTGAGACCAACCTGGCCGACATGGCAAAACCCCATCTTTACTAAAAATACAAAAATTAGCTGGGCGTGGTCGTGCGCACCTGTAGTCCCAGCTACTCAGGAGGCTGAGGCAGGAGGATTGCTTGAACTTGGGAGGTGGAGGTTGCAGTGAGCCAAGATCATGCCACTGCACTCCAGCCTGGGTGACAGAGTGAGAGTCCATCTCAAAA"
"chr1","5061678","5061995","JH378114","41614179","41614488","46","36552501","GGCCGGGCGTGGAGGCTCATGCCTGTAATCCCAGAACTTCGGGAGGCCGAGGTGAGCAGATCACTTGAGGCCAGGAGTTTGAGACCAGCCTGGCCAACATGATGAAACCCCATCTCTACTAAAAATACAAAAATTAGCCAAGTGTGGTGATGTGTACCTGTAATCCCAGCTACTTGGGAGGCTGAGGCAGGAGAATTGCTTGAACCCAGGAGGTGGAGTTGGAGGTTGCAGTGAGCCGAGATCATGCAACTGCACTCCAGCCTGGGTAACAGAGTGAGACCCTGTCTCAAAATAAAAAATAAAAAAAAAAAGAATAAA","GGTCAGGCGCGGTGGCTCATGCCTGTAATCCCAGCACTTTGGAAGGCTGAGGTGGGTGGATCCCTTGAAGTCAGGAGTTTGAGACTAGCCTGGCCAACATGATGAAACCCCATCTCTACTAAAAATACAAAAATTAGCCAGGTGTGGTTATGCATGCCTGTAATCCCAGCTACTCAGGAGGCTGAGGCAGGAGAATTGCTTGAACCCAGGAAGCAGAGGTTACAGTGAGCCGAGATCATGCCATGGCACTGCAGCTTGGTTGACAGAGGGAGACTTCGTCTCAAAAAAAAAAAAAAAAAAAAAAAAAAAA"
"chr1","5158330","5158625","JH378156","1920","2211","44","5156410","GGCTGGGTGTGGTGGCTCACACCTGTAATCCCAGCACTTTGGGAGGCCAAGGTGGGCAGATCACTTGAGGTCAGGAGTTCAAGACCAGTCTGGCCAACATGGTGAAACCCCATGTCTACTTAACTAAAAATACAAAAAATTAGAAAGGCATGTTGCTGTGCAGCTGTAATCCCAGCTACTCAGGAGGCTGAGGCAGAAGAATTGCTTGAACCCAGGAGGCAGAGGTTGCAGTGGACCAAGATTGTACCACGCCACTCCAGCCTGGGCAACAGAGCAAAACTCTGTGTCAAAAAAAA","GCGGGGTGTGGTGGCTCACACCTGTAATCCCAGCACTTTGGGAGGCCAAGGTGGGCGGATCACTGGAGGTCAGGAGTTTGAGACCAGTCTGACCAACATGGCGAAACCCCGTCTGTACTAAAAATACAAAAATTAGCCAGGCATGGTGGTGGTGCACGCCTATAGTCCCAGCTACTTGGGAGGCTGAGGCAGGAGAATCACTTGAACTCGGGAGGCAGAGGTTGCAGTGAGCCAAGATCATGCCACTACATTCCAGCCTGGGTGACAGAGCAAGACTCTATCTCAAAAAAAA"
"chr1","5172036","5172329","JH378131","2330308","2330597","36","2841728","GGCCAGGCACGGTAGCTCACACCTGTAATCCCAGCACTTTGGGAGGCCGAAGCGGGTGGATCAGTTGTCGTCAGGAGTTCAAGACCAGCCTGGCCAACATGATGAAACCCCGTCTCTACTAAAAATACAAAAATTAGCTGGGTGTGGTGGCACATGCCTGTAATCCCAGCTACTCGGAAGGCTGAGGCAGGAGAATCGCTTGAACCCGGGAGGCAGAGGTTGCAGTGAGCTGAGATCACACTGCTGCACTCCAGCCTGGGCGACAGAGCAAGACTCTGTCTCTGGTGAAAAAAA","GTCGAGCTCTGTAGCTCACACGTGTAATCCCAGCACTTTGGGAGGCCAAGGCGGTGGATCACTTGAGGTCAGGAGTTCAAGACCAGCCTGGCCAACATGATGCAACCCTGTCTCTACTAATAATACAAAAATTAGCCAGGTGTGGTGGCACACACCTGTAATCCCAGCTACTGGGGAGGCTGAGGCAAGAGCTTCCCTTGAACCTGGGAGGCGGAGGTTGCAGTGAGCCAAAATCACACTACTGCACTCCAGCCTGGGCAACAGAGCAAGACTCTGTCTTGAAAAAAAAA"
"chr1","5642652","5642950","JH378255","3447746","3448043","38","2194906","GGTCAGGTGTGGTGGCTCACACCTGTAATCCCAGAACTTTGGGAGGCCAAGGTGGGTGGATCACTTTAGGTCAGGAGTTCAAGACCAGCCTGGCCAACATGGTGAAACCCCGTCTCTACTAAAACAATGCAAAAATTAGTCAGGCATGGTGGCACATGCCTGTAATCCTAGCTACTTGGGAGGCCGAGGCACAGGAATCACTTGAACCCAGGAGGTGGAGGTTCCAGTGAGCCAAGATTGCACCACTGCACTCCAGCCTGGGCAACAGAGTGAGACTCTGTCTCAAAAAAAATTAAAAA","GGCCAGGTATGGTGGCTCACGCCTGTAATCCCAGCACTTTGGGAGGCTGAGGTGAGTGGATCACTTGAGGTCAGGAGTTCAAGACCAGCCAGGCCAACATGGTGAAACCCTGTCTCTACTAAAAATATAAAAACTTAGCCAGGCATGGTGGTGCATGCCTGTAGTCCCAGCTACCTGGGAGGCTGAGCAGGAGAATCGCTTGAACCCAGGAGGCAGAGGTTGTAGTAAGCCAAGATTGCACCACTGCACTCCAACCTGGGCAACAGAGTGAGACTCCATCTCAAAAAAAAAAAAAAGA"
"chr1","5786454","5786751","JH378221","5809724","5810019","52","23270","GGGCGCAGTGGCTTACACCGGTAATCCCAGCACTTTGGGAGGCTGAGGTGGGTGGATCACTTGAGGCTGAAAGTTCGAGAACAGCCTGGCCAACATGGTGAAACCCCATCTTTACTAAAAATACGAAAATTAGCCAGGCATGGTGGCATGCGCTTGTAGTACCCAGCACTTTGAGAGGCTGAGGCAGGTGGATCACTTGAACCCGGGAGGTGGAGGTCGCAGTGAGCCTAGATCGCCCCACTGCACACAGCACCTGGGTGACAGAATGAGACTCCATCTACAAAAAAAAAAAAGGAAA","GCCAGCCGCAGTGGCTCACGCCTGTAATCCCAGCACTTTGGGAGGCCGCGGTGGGTGGATCACTTGAGGTCAGAAGTTTGAGACCAGCTTGGCCAACATGGTGAAACCCCGTCTATACTAAAAATATAAAAATTAGCCAGGCGTGGTGTTTGCACCTGTAATCCCAGCTCCTCGGGAGGCTGAGGCAGGAGAATCACTCGAACCTGGGAGGCAGAGGTTGCAGTGAGCTGAGATCGCACCACTGCACTCCAGCCTGGGTGATATGAGTGAGACTCCATCTCAAAAAAAAAAAAAGA"
"chr1","5836965","5837242","JH378137","1542358","1542638","47","4294607","CACGCCTGTAATCCCAGCACTTTAGGAGGCCAAGGCGGGCGGATCACTTGAGGCCAGCCTGGCCAACATGGTGAAACCCCATCTCTACTAAAAATACAAAAATTAGCTGAGCATGGTGGCATGCGCCTGTAGTCCCAGCTCCTCCGGAGGCTGAGACAGGAGAATCGCTGGGACCTGGGAAGCAGAGGCTGCAGTGAGCCGAGATGGTGCCACTGCACTCTAGCCTGGGTGACAGAGTGAAACCGTGAGAAAGAAAGAAAGGAAANAAGAAGAAGAGA","GGCTTACGCCTGTAATCCCAGCACTTTGGGAAGCCAAGGCAGGTGGATCACTTGAGGTCCAGCCTGGCCAACATGGTAAAACCCCATCTCTACTAAAAATACAGAAATTAGCCAGGCATGGTAGCATGTGCCTGTAGTCCCAGCTACTCGGGAGGCTGAGGCAGGAGAATCGCTTAAACCCAGGAGGCAGAGGTTGCAGGGAGCAGAGATCATGCCACTGCACTCCAGCCTGGGTGACAGAGCAAAACTCTGTCTTAAAAAAAAAAAAAAAAAAAAAAAAA"
"chr1","5963082","5963375","JH378113","29975858","29976154","51","24012776","GGCTGGGCGCGGTGGCTCACGTCTGGAACCTGAGCACTTTGGGAGGCCAAGGAGGGCAGATCACTTGAGGTCAGAAGTCTGAGACCTGCCTGGCCAACGTGGGAAAACCCCGTCTCTATTAAAAATACAAAAATTAGCTGGGCATGGTGGCCCGTGCCTGTAGTCCCAGCTACTCAGGAGACTGAGGCAGGAGAGTCACTTGAACCCAGGAGGCGGAGGTTGCAGTGAGCTGAGATCGCGCCACTGAGGGGCGAGAGAGTGAGACTCTGTCTCGAAAAGAGAAGAGAAGAGAAA","GCTGGGAGTGGTGGCTCAAACCTGTAATTTCAGCACTTTGGGAGGCCCAGAAGGGTGGATCACTTGAAGTCAGGAGTTCGAGATCAGCCTGGCCAACGTGGTGAAACCCCATCTCTGCTAAAAATACAAAAATTAGCTAGGCATGGTGGCACGCACCTGTAGTCCCAGCTACTCAGGAGGCTGAGGCAGGAGAATCGCTTGAACCCAGGAGGTGGAGGTGGCAGTGAGCTGAGTACCACTGTACTCTAGCCTGGGCGACAGAGCGAGACTCTGTCTCCAAAAAAAAGAGAAAAGAAA"
"chr1","5984777","5985077","JH378127","20579756","20580057","55","14594979","GGCCAGACACGGTGGCTCAGGCTTGTAATCTCAGCACTTTGGTGGCTGAGGCAGGTGGATCACTTGAGCTCTCAGGAGTTTGAAACGAGCCTGGGCAACATAGTAAGACCTGTCTCTATAAAAAACACAAAAATTTAGCCAGGTGTAGTGGTGTGTGCCTGTAGTTCCAGCTACTCAGGAGGCTGAGGTGGGAGAATCACTTCACCCCAGGAGGCAGAGATTACAGTGTGGTGAGATTGCACCACTGCACTCCAGCCTGGGTGACACAGTGAGACCCTGTCTCAAACAAAACAAAACAAAA","GGCCAGGCATGGTGGCTTATGCCTGTAATCCTAGCACTTTGGGAGGCCAAGGCAGGTGGATCACTTGAGTTCAGAAGTTTGCAACCAGCCTGGGCAGTATGGTGAAAGCCTGTCTCTACTAAAAATGCAAAAACTAGCCTGGCATGGTGGTGCATGCTTGTAATCCCAGCTCCTCAGGAGGCTGAGGTGGGAGAATCACTTGAACCCAGGAGGCAGAGGTTCCAGTGAGCCAAGATTGCACCACTGCACTCCAGCCTGGGAGACAGAGTGAGACTCCGTCTCAAATAAAAAAAAAAAAAGAA"
"chr1","5989126","5989424","JH378148","12384260","12384561","52","6395134","GGCCTGGGGTGGTGGCTCGCACCTGTAATCCCAGCACTTTTGGGAGGTCGAGGCAGGAGGATCACTTGAGCTCAGGAGTTCAAGATCACCTGGCAACATAGCAAAACACCATCCCTATGAAAAATACAAAAATTAGCCAGGCATGGTGGTGCACACCTGTGGTCCCAGCTACTTAGGAGGCTGAGACAGGAGGATCACTTGAGCCTGGGAAGCAGAGGTTGCAGTAAGCCGAGATCACGCCACCGCACTCCAGCCTGGGCAGTAGAGTGCAACTTTGTCTAAAAAAAAGAAAGAAAGAA","GGCTGGACGAGGTGGCTCACACCTCCAATCCCAGTATTTTGGGGAGGCCGAGGCAGGTGGATCACTTGAGGTCAGGAGCTTAAGACCAGCCTGGCCAACATAGTGAAACCCTGTCTCTAATAAAAATACAAAAATTAGCCAGGCATGGTGGCGAGCACCTATAGTCCTAGCTACTCAGGAGGCTGAGGCAGGAGAATCGCTTGAACCTGGGAGGCAGAGGTTGCAGTGAGCCGAGATCACATCACTGCACTCCAGCCTGGGCAACAAAGCCAGACCCTGTCTCAAAAAAAGAAAGAAAGAAA"
"chr1","5991781","5992088","JH378204","3945411","3945718","44","2046370","GGCCGGGTGCAGTGGCTCATGCCTGTAATCCCAGCACTTTGGGAGGCCGAGGTGGATGGATCACTTGAGATCAGGAATTTGAGACCAGCCTGGCCAACATGGTGAAACCCTGTCTCTACTAAAAATATAAAGATTAGCTGGGCATGGTGGCACACACGCGTAATCCCAGCTACTTGGGAGGCTGAGGCTAGAGAATCACCTGAGCTCGGCGGGTGGAGGTTGCAGTGAGCTGAGATTCACGCCACTGCACTCCAGCCTGGGTGATAGAGCAAGACTCTGTCTCAAAAAAGAAAAACCAAACAAAAAAA","GGCCTGGCACAGTGGCTCACGCCTGTAATCCCAGCACTTTGGGAGGCCGAGGTAGGTGGATCATTTGAGGTCAGGAGTTTGAGACCAGCCTGGCCAATATGGTGAAACCCCGTCTCTACTAAAAATACAAAAATTAGCCAGGCATGGTGGCATGCTCTTGTAATCCAAGCTATTCGGGAGGCTGAGGCAGGAGAATCGCTTGAACTCAGGAGGCGGAGGTTGCAGTGAGCCGAGATCACGCCATTGCACTCCAGCCTGGGTGACAGAGCAAAACTCTGTCTCAAATAATAAATAAATAAATAAATAAA"
"chr1","6029389","6029706","JH378112","33452684","33452993","50","27423295","GACTGGACACGGTGGCTCACACCTGTAATGCCAGCACTTTGGGAGGCTGAGGTGGGTGGATCACTTGAGGCCAGGAGTTTGAGACCAGCCTGGCCAACGTGGTGAAACCGAAACCCCTTCTCTACTAAAAATACAAAAATTAGCTGGGTGTGGTGATGTGTGCCTGTAATCCCAGCTACACCAGAGGCCGAGGCAGGAGAATCGCCTGAGCCTGGGAGTTGGAGGTTGCAGTGAGATAAGATTGCGCCACTGCATTCCAGCCTGGGCGGCAGAGTGAGACCCTGTCGGAAAAAAAAAAAAAAAGAAAAAAAGAAAAGA","GGCTGGGCACAGTAGCTCACACCTATAATCTCAGCACTTTGGGAGACTGAGGCAGGTGGATCACTTGAGGCCAGGAGTTTGAGACCAGCCTGGCCAACATGGTGAAACCCCATCTCTACTAAAAATACAAAAATTAGCCAGGCATGGTGGCATGTGCCTGTAATCCCAGCTACCTGAGAGGCTGAGGCAGGAGAATTGCTTGACCTGGGAGGCGGAGGTTGCAGTGAGCCAAGATGGTGCCACAGCACTCCAGCCTGGGTGACAGAGTGAGATTCTGTCTCAAAAAAGAAAAAAAAAAGAAAAGAAAAAA"
"chr1","6074901","6075190","JH378123","5667081","5667374","34","407820","GGCCGGGTGCAGTGGCTCACGCCTGTAATCCCAGCACTTTGGGAGGCCGAGGCGAGTGGGTCACTTGAGGTCAGGAGTTTGAGATCAGCATGGCCAACATGGTGAAACCCTGTTTCTACTAAAAATACAAAAAATAGCCGGGCATGGTGGCTCGCACCTGTAGTCCCAGCTACTCGGGAGGCTGAGGCAGGAGAATCGCTTGAACCCGGGAGGCAGAGGTTGCAGTGAGCTGAGATTGCACCACTGCACTCCAGCCTGGGTGACAGAGCGAGACTCTGTCTCAAAAAAAA","GGCTGGGCGCAGTGGCTCATGCCTGTAATCCCAGCACTTTGGGAGGCCAAGGCGGGTGGATCTTAAGGTCAGGAGTTTGAGACCAGCCTGACCAACATGGTGAAACCCCGTCTCTACTAAAAAGACAAAAATTAGCCAGCCGTAGTGGCGCATACCTGTAATCCCAGCTACTTGGGAGGCTGAGGCAGGAGAATCACTTGAACCCGGGAGGCAGAGGTTGCAGTGAGCTGAGATCGCACCACTGCACTCCAGCCTGGGTGACAGAGCGAGACTTTGTCTCAAAGGAAAAAAAAA"
"chr1","6086630","6086923","JH378111","16422425","16422715","40","10335795","GCCAGGCGAGGTGGCTCATGCCTGTGATCCCAGCACTTTGGGAGACTGAGGAGGGTGGATCACTTGAGGTCAGGAGATCGAGACCAGCCTGGCCAACATAGTGAAACCCTGTCTCTACCAAAAAATACAAAAATTAGCTGGGCATGGTGGTGCGCACCTGTAGTCCCAACTACTCGGGAGGCTGAGGTGGGAGAATTACTTGAACTCAGGAGGCAGAGGTTGCAGTGAACCAAGATCACGCCACGGCACTCCAGCCTGGGTGACAGAATGAGAGCCTGTTTCAAAAAAAATAAA","GCCAGGTGTGGTGGCTCATGCCTGTAATCCCAGCACTTTGGGAGGCTGAGGCGGGTGTATCACTTGAGGTCAGGAGTTCGAGACCAGCCTTGCCAACATGGTGAAACCTCCTCTCTACTAAAAACATAAAAATCAGCTGGGCATGGTTGCACGCACCTGTAATCCCAGCTACTCGGGAGGCTGGGGCAGGAGAATCACTTGAATTCTGCAGGCAGAGGTTGCAGTGAGCCAAGATTGTGCCACTGCACTCCCGCCTGGGTGACAGAGTGAGACTGTCTCAAAAAAAAGAAA"
"chr1","6098413","6098678","JH378213","818596","818865","39","5279817","GCACTTTGGGAGGCTGAGGCGGGCAGATCACTTGAGGTCAGGAGTTCGAGACCAGCCTGGCCAACATGGTGAAACCTCATCTCCACTAAAAATAGAAAAATCAGCTGGGCTTGGTGGCATGCACCTGTAGTCCCAGCTACTCAGGAGACTGAGGCAGGAGAATCTCCTGAAGCCAGGAGGCAAAGGTTGCAGCAAGCCAAGATCATGCCACTGCACTCCCGCCTGGGCAACAGAATGAGACTCCATCTCCAAAAAAAAAAAAATAA","CTCAGCACTTTGGGAGGCCGAGGCGGTCAGATCACTTAAGGTCAGGAGTTCGAGACCAGCCTGGCCAACATAGTGAAACCCCATCTCTACTAAAAGTACAAAAATTAGCTGGGCACGGTGGCATGGGCCTGTAGGCCCAGCTACTCAGGAGACTGAGGCAGGAGAATCGTTTGAACTCAGGAGGCAGAGGTTGCAATGAGCCGAGATCTCACCACTGCACTCCAGCCTGGGCCACAGAACGAGACTCTGTCTCAAAAAACAAAAAAAAAA"
"chr1","6103678","6103977","JH378118","10693452","10693756","47","4589774","GCGCGGTGGCTCACGCCTGGAATCCCAGCACTTTGGGAGGCCACAGTGGGCGGATCACTCGAGATCAGGAGTTCAAGACCAGTCTGGCCAACATAGTGAAACCCTGTCTCTACTAAAAATACAAAAATTAGCCGGACGTGGTGGCATGTGCCTGTAGTCCCATCTACTTGGGAGGCTGAGGCAGGAGAACTGCTTGAACCCAGGAGGCAGAGGTTGCAGAGAGCCGAGATCTCGCCACTACATTCCAGCTTGGGTGATAGAGCGAGACTCCATTTCAAAAAAATAAAAAAAAAACAAAGA","GGCCGGGCGCGGTGGCTCACGCCTGTAATCCCAGCACTTTGGGAGGCCGAGGCAGGCGGATCATTTGAGCTCAGGAGTTCAAGACCAGCCTGGCCAACATGGGGAAACCCCGTCTCTGCTAAAAATACAAAAATTAGCCAGGCGTGGTGGCACAAGCCTGTAATCCCAGCTATTTGGGAGGCTGAGACAGGAGAATCGCTTGAACCCGGGAGGTGGAGGTTGCAGTGAGCCGAGATCGCGCCACTACACTCCAGCCTGGGTGACAGAGAGAGACGCTGTCTCAAAAAAAAAAAAAAAAAAAAAAA"
"chr1","6133326","6133629","JH378262","1936694","1936996","32","4196632","GGCCAGGCATGGTGGCTCACGCCTGTAATCCCAGCATTTTGGGAGGCCAAGGCGGGCAGATCACTTGAGGCCAGGAGCTCGAGACCAGCCTGGCCAACAAGGTGAAACCCCGTCTCTACTAAAATTACAAAAACTAGCTGGGAGTGGTGGTGCATGCCTGTAGTCCCAGCTACTCAGGAGGCTGAGGCAGAAGAATCACTTGAACACAGGAGGCAGAGGTTGCAGTGAGCTGAGATCGCTACCACTGCACTTCAGCCTAGGCCACAGAGCGAGACTCCACCTCAAAAAAAAAAAAAAGAAAAAA","GGCCAGGCGCCATGGCTCACACATGTAATCCCAGCACTTTGGGAGGCCAAGGTGGGCAGATCACTTGAGGTCAGGAGTTCGAGACCAGCCTGGCCAACATGGTGAAACCCCGTCTCTACTAAAAATACAAAAATTAGCTGGGTGTGGTGGTGTGTGTCTGTAGTCCCAGCTACTCAGGAGGCTGAGGCAGGAGAATCTCTTGAACCCGGGAGGCAGAGGTTGCAGTGAGCCGAGATCGCACCACTGCCCTCCAGCCTGGGCCACAGAGTGAGACTCCCTCTCAAAAAACAAAAAACAAAAAAA"
"chr1","6133630","6133931","JH378106","69063427","69063728","37","62929797","GGCCGGGTGTGGTGGCTGACGCCTGTAATCTCAGCACTTGGGAGGCCAAGGTGGGTGGATCACTTGAGGTCAGGAGTTCGAGACCAGCCTGGCCAACATGGTGAAACCCCGTCTCTACTAAAAATACAAAAATTAGCCAGGTGTGGTGGGGCACACCTGTAATCCCAGCTACTCAGGAGGCTGAGGCAGGAGAATCGCTTGAACCCGGGAGGCAGCAGTTGCAGTGAGCCGAGATCAAGCTGCTACACTCCAGCCTGGGTGACAGAGTGAAACTCTATCTCAAAAAAAAAAAAAAAAAGAGA","GGCCAGGTGCAGTGGCTCACGCCTGTAATCCCAGCACTTTGGGAGGCCGAGGCAGGTGGATCACTCGAGATCAGAAGTTCGAGACCAGACTGGCCAGCGTGGTGAAACCCTGACTCTACTAAAAATACAAAAATTAGCCAGGTGTGGTGGCACACACCTGTAATCCCAGCTACTCAGGAGGCTGAGGCAGGAGAATCACTTGAACCTGGGAGGCAGAGGCTGCAGTGAGCCAAGATCATGCCACTGCACTCCAGCCTGGGTGACAGTGAGACTCCATCTCAAAAAAAATAAAAATAAAAAAA"
"chr1","6159617","6159917","JH378198","396866","397166","47","5762751","GGCCAGGCACAGTGGCTCCCGCCTATAATCCCTGCACTTTGGGAGGCTAAGGTGGAAGGATCCCTTGAGGCTAGGAGTTGGAGACCAGCCTGGCCAACATAGCGAAACCCCATCTCTACTAAAAAATACAAAAATCAGCCAGGCGTGTTGGTGGACATCTGTAGTCCCAGCTACTCAGGAGGCTGAGGTGGGAGAATCACTTGAACCCAGAAGGCAGAGGTTGCAGTGAGCCGAGATCACACCATTGCACTCCAGCCTGGGTGACAGAGTGAGTCTCTGTCTCCAAAAAAAAGCAAGCAAA","GGCTAGGCGTGGTGGCTCACGCCTGTAATCCCAGCACTTTGGGAGCCTGAGGTGGCAGATCACTTGAGGTCGGGAGTTCGAGACCAGCCTGGCCAACATAGTGAAAACTCATCTCTACTAAAGATACAAAAATTAGCTGGGCATGGTGGTGCATGCCTGTAATCTCAGCTACTCAGGAGGCTGAGGCAGGAGAATCACTTGAACCCAGGAAGTGGAGGTTGCAGTGAGTCGAGATCACACCATTGCACTCCAGCCTGGGTGACAGACTGAGACTCTGTCTCAAAGAAAAAAAGAAGAAAAA"
"chr1","6163417","6163678","JH378106","5142374","5142640","57","1021043","GGGAGGCTGAGAAGGGCAGATCACTTGAGGTCACGAGCTCAAGACCAGCCTGGCCAACATGGTGAAACCTGTCTCTACCAAAAATACAAAATTACCCGGCCATGATGGCGCACTCCTGGAGTCCCAGCTACTCACGAGGCTGAGGTGGGAGAACCACTTGAGCCCAGGACGGGGAGGTTGCAGTGAGTCGAGATCGCCCCACTGCACTCCAGCCTGGGCGATACAGTGTCTCAAAAAATAAATAAATAAATAAATAAAATAA","AGGCCAAAGTGGGTGGATCACTTGAGGTCAGGAGTTCGAGACCAGCATGGCTCAAATGGTGAAATCCGTCTCTACTAAAAATACAAAAATTAGCCAGGCGTGATGGTGCACGCCTGTGGTCCCAGCTACTCAGGAGGCTGAGGCGGGAGGATTACTTGAACCTGGGAAGTGGAGGTTGCAGTAAGCCAAGATTGTACCACTGCAACTCCAGCCTGGGCAACAGAGTGAGACTCTGTCTCAAAAATAAATAAATAAATAAATAAATAA"
"chr1","6178161","6178457","JH378128","12437864","12438161","42","6259703","GGCCAGGGGTGGTGGCTCACGCCCGTAATCCCAACACTTTGGGAGGCCAAGGCAGACAGATCATTTGAGGTCAGGAGTTAGAGACCAGCCTGGCCAACATGCTGAAACCCTGTCTCTACTAAAATACAAAAATTAGTTAGGTGTGTTGGTGTGTGCCTGTAATCTCAGCTATTTGTGAGCCTGAGGCAGGAGAATCACTTGAACTCGGGAGACGGAGGTTGCAGTGAGCCGAGATGGCGCCACTGCACTCCAGCCTGGGTGACAGAGCAAGATTCTGTCTCAAAAAAAAAAAAAAGA","GGCCAGGCATGGTGGCTCACACCTGTAATTCCAGCACTTTGGAAGGCCAAGGCAGGCAGATCAGTTGAGGTCAGGAGTCTGAAACCAGCCTGAACAGCATGGTGAAACCCTGTCTCTACTAAAAACACAAAAATTAGCCAGGTGTGTTGGCTTGTGCCTGTAATCCCAGCTACTTGAGAGGCTGAGGCAGTAGGATCACTTGAACCCGGGAGGCAGAGGTTGCAGTGAGCCCAGATCTTGCCACTGCACTCCAGCCTGGGCGACAGAGTGAGACTCCATCTCAAAAAAAAAAAAAAAA"
"chr1","6209517","6209813","JH378173","9472851","9473151","40","3263334","GGCATGGTGGCTCAGGCCTGTAATCCCAGCGCTTTGGGAGGCCAAGGCAGGCAGATCACTTGAGGTCAGGAGTTCGAGACCAGCCTGAACAACATGGTGAAACCCCATCTCTACTAAAAATAAAAAATTAGCTGGGCGTGGTGGTGCACGCCTGTAATCCCAGCTACTCGGGAGGCTGAGGCATGAGGATCCCTTGAATCCAGGAGGCGGAGGGTGCAGTGAGCTGAGATTGTACCACTGCATTCCAGCCTGGGTGACAGAGCAAGACTGCCTCCAAAAAAAGAAAAAGAAAAAAAA","GGCCGGGCACGGTGGCTCACACCTCCAATCCCAGCACTTTGGGAGGCCAAGGCAGGCAGATCACTTTAGGTCTGGAGTTTGAGACCAGCCTAGCCAACATGGTGAAACCCCATCTCTACTAAAAATACAAATATTAGCTGGGCATGGTGGTGAATGCCTATAATCCCAGCTACTCGGGAGGCTGAGGCAGGAGAATCGCTTGAACCCAGGAGGCAGAGGTTGCGGTGAGCTGAGATTGTACCACTGCACTCCAGCCTGGGCAACAGAGCAGAGTCCGTCAAAAAAAAAAAAAAAAAAAAAA"
"chr1","6228186","6228455","JH378136","12418870","12419139","49","6190684","GGCCGGGCGCGGTGGCTCACGCCTGTAATCTCGGCACTCTGGGAGGCCGAGGCGGGCAGATAGCTTGAGGTCAGGAGTTCGAGACCAGCCTGGCCAACATGGCGAAACCCTGTCTCTACTAAAAATGCAAAAATTAGCCAGGCATGGTGGCGCCCTTCGGGAGGCTGAGGCAGAACTGCTTGAACCCGGGAGGCGGAGGTTGCAGTGAGCCGAGATCGCGCCACTGCACTCCAGCCTGGGCTACAGAGCCAGACTGTCTTAAAAAAAAGA","GGCCAGGGATGGTGGCTCAGCTTGTAATCCCAGCACTTTGGGAGGCTGAGGTGGGCAGACTGCTCGAGGTCAGGAGTTCAAGACCAGCCTGGCCAACAGGCAAAACCCCATCTCTACTAAAAATTCAAAAATTAGCTGGGCATGGTGGCACATGCCTGAGGGTGAGGCAGGAGAACTGCTTGAATCCAGGAGGCAGAGGTTGCAGTAAGCCAAGATCACACCACTGCACTCCAGCCTGGGAAATAGAGTGAGACTTCATCTCAAAAAAAA"
"chr1","6243617","6243919","JH378252","4291425","4291721","41","1952192","GGCTGGGCGTGGTGGCTCACGCCTGTAATCCCAGCACTTTGGGAGGCTGAGGCGCGTGGATCACTTGAGGTCAGGAGTTCGAGACCAGCCTGGCCATCATGGTGAAACCCCGTCTCTACTAAAAATACAAAAAAATTAGCTGGGCATGGTGGCCCAAGCCTGTAATCCCAGCTACTCAGGAGGCTGAGGCAGGAGAATCGCTTGAACCCGGGAGGCAGAGGTTGCGGTGAACCGAAATGGTGCCACTGCACTCCAGCCTCCAGCCTGGGCCACAGAGCAAGACTGTCTTAAGAAATAAAAAAA","GGCTGGGTGCGGTGGCTCACACCTGTAATCCCAGCACTTCGGGAGGCTGAGCCGGTGGATCACTTGAGGTTGGGAGTTCAAGACCAGCCTGGCCAACATGGTGAATCCCCGTCTCTACTAAAAATACAAAAATTAGCTGGGCAGGGTGGTGCATGCCTATAATTCCAGCTACTCAGGAGGCTGAGGCAGGAGAATCGCTTGATCTGGGGAGGCAGAGGTTGCAGTGAGCCGAGATTGTGCCACTGCACTCCAGCCTGGGCAACAGAGCAAGACTCTGTCTAAAAAAAAAAAAAAAAA"
"chr1","6251627","6251874","JH378129","9423803","9424054","65","3172176","CCCAGCACTTTGAGAGGCCCAGGAAGGCAGACTGCTTGAGCTCAGTAGTTCAAGATGGCTCTGGGCAACTCGAGAAACCCTGTCTCTACAAAAAATACGAAAAGTAGTCAGGCATGGTGGTTCGTGCCTACAGTTCCAGCTACTTGGGAGGCAGAGGTTGCAGTGAACCAAGATCGCACCACTGCACTCTGGCCTGGTCAACAGAGCAAGACTAGGTCTCAAAAAAAAAAGAGAAAGAAAAGAAACAA","TAAACCCAGCACTTTGGGAGGCCGAGGTGGGTAGATCACTCGAGGTCAGGATTTCAAGACCAGCCTGGCCAACATGATGAAACCCCATCTCTACTAAAAATAAAAAAATTAGCCAGACATGTTGGTGCGTTCCTGTAACCCCGGCTACTCAGGAGGATGAGGCAGTAAGCCAAGATTGTGCCACTGCACTCTAGCCTGGGCCACAGAGCAAGATTCTGTCTCCAAAAAAAAGAAAAAGAAAAAGAAAACAAA"
"chr1","6278778","6278929","JH378109","26054998","26055129","43","19776220","NNNNNNNNNNNNNNNNNNNNAGTCCCAGCTACTCAGGAGGCTGAGGTGGGAGAATGGCATGAACCCGGGAAGCGGAGCTTGCAGTGAGCCGAGATTGCGCCACTGCACTCCAGCCTGGGCTACAGAGCGAGACTCCGTCTCCAAAAAAAAAA","CTTGTAATCCCAGCTACTCAGGAGGCTGAGGCAGGAGAATTGCTTGAACCTAGGAGGTGGAGGTTGCAGTGAGCTGAGATTGCAGCACTGCACTCCAGCCTGGGTAACACAGCAAGACTCCATCTCAAAAAA"
"chr1","6279142","6279285","JH378167","5324079","5324221","27","955063","GGCCAGGCACTATGGCTCACGCCTGTAATCCCAACACTTTGGGAGACCAAGGCGGGAAGACTGCTTGAGGCCAGGAGTTTGAGACCAACCTGGGCAACACTGCGAGACCCCTTCTCTATAATAAAATTAAAATTAGCCAGGCAG","GGCCAGGCACAGTGGCTCACGCCTGTAATCCCACCACTTTGGGAGGCTGAGGCGGGAGGATTGCTTGAGGTCAGGAGTTCGAGACCAGCCTGGCCAACACAGTGAAACCCCATCTCTACTAAAAATACAAAAATTTGGTGGGC"
"chr1","6337925","6338212","JH378119","10249605","10249888","42","3911680","GGCCGGGCGCGGTGGCTCACGCCTGTGATCCCAGCACTTTGGGAGGCCAAGGTGGGCAGATCACTTGAGGTCAGGAGTTTGAGACCAGCCTGGCCAACATAGTAAAACCCCGTCTCTACTTAAAATGCAAAAATTAGCCGAGTGTGGTGGCACGTGCCTGTAATCCCAGCTACTTGGGAAGCTGAAGCGGGAGAATCTCTTGAACCCAGGAGGCGGAGGATACAGTGAGACAAGATCAGATCATGCCACTGCACTCTAGCCTGGGCAACAGAGTGAGACTCCATCTCA","GGCCAGGCGCGGTGGCTCACACCTGTAATCCTAGCACTTTGCGAGTCCAAGGTGGGCAGCTCACTTGAGATCAGGAGTTCGAAACCATCCTGGCCAACATAGTGAAACCCTGTCTCTACTAAAAATACAAAAATTAACTGGGTGTGGTGGCACACACCTGTAATCCCAGCTACTCGGGAGCTGAGGCAGGAGACTTACTTGAACCCAGGAGGTGGAGGTTGCAGTGAGCAGGGATCATGCCACTGCACTCCAGCCTGGGCGACAGAGTGAGACTCAATCTCAAA"
"chr1","6340799","6341094","JH378114","37013997","37014291","39","30673198","GGCTGGGCAAGGTGGTTCACGCCTGTAATCCTAACACTTTGGGAGGCTGAGGCGGGTGGATCACTTGAGGTCAGGAGTTCAAGACCAGCCTGGCCAATATGGTGAAACCCTGTCTCTACTAAAAACACAAAAATTAGCCAGGTGTGGTGGCAGATGCCTGTAATCCCAGCTACTCGGGAGGCTGAGGCACAAGAATTGCTTGGACCCAGGAGGCGGAGGCTACAGTGAGCTGAGATTGTGCCACTGCACTTCAGCCTGGGCAATAGAGCGAGGCTTTGTCTCAAGAAAAAAAGAAA","GGCTGGGCACAGTGGCTCACGCCTGTAATCCTAGCACTTTGGGAGGCTGAGGCTGGTGGATCACTTGAGGTCAGGAGTTCAAGACCAGTCTGGGCAATACGGTGAAACCACATCTCTACTAAAAATACAAAAATTAGCCAGGTTTGATAGCACATACCTATAATCCCAGGTACTCGGGAGGCTGAGGCAGGAGAATCGCTTGAACCCAAGAGGCGGAGGTTGCAGTGAGCTGAGATCACGCCACTGCACTCCAGCCTGGGCCACAGAGTGAGACTCTATCTCAAATAAAAAAAAA"
"chr1","6348102","6348419","JH378205","4278012","4278319","44","2070090","GGCCAGGTGTGGTGGTTCACACCTGTAATCTCAGCACTTTGGGAGGCCAAGGCAGGCTCATCACTTGAGGTCAGGAGTTAGAGACCAGCCTGGCCAATATGGTGAAACCCCATCTCTACTAAAAATACAAAAATTAGCCGGGCATGGTGGCACATGCCTGTAATTGTAATACCAGCTACTCGGGAGGCTGAGGCAGGAGAATCACTTGAACCCAGGAGGCAGAGGCTGCAGTGAGCCAAGACTGTGCCAGTGCACTCCAGCTTGTGTGACATAGCAAGACTCCAACTCAAAAAAAAAAAAAAGAAAAGAAAAGAACAA","GGCCAGGCGCAGTGGCTCACACTTGTAATCCCAGCACTTTGGGAGGCCGAGGCGGGTGGATCACTTGAGGTCAGGAGTTCAAGACCAGCCTGGCCAACATGGTGAAACCCCATCTCTACTACAAATACAAAAATTAGCCAGGCGTGGTGGCACACGCCTATAATTGCAGCTACTCCGGAAGCTGAGGCAGGAGAATCACCTGAATCCAGGAGGTGGAGGCTGCAGTGAGCCAAGATTGTGCCACTGCACTCCAGCCTGGGCAACAGGGCAAGACTCCATCTCAAAAAAAAAAAAAAAAAAAAAAAAAA"
"chr1","6356344","6356487","JH378128","25274620","25274764","14","18918276","GTCAGGCACGGTGGCTCACACCTGTAATCCCAGCACTCTGGGAGGCTGAGGTGGGTGGATCACTTGAGCTCAGGAGTTCCAGACCAGCCTGGGCAACATGGCGAAACCCCGTCTCTACCAAAAATACAAAAAATTAGCTGGGTT","GTCAGGCGCAGTGGCTCACGCCTGTAATCCCAGTACTTTGGGAGGCTGAGATGGGTGGATCACTTGAGGTCAGGAGTTCGAGACCAGCCTGGCCAACATGGTGAAACCCCGTCTCTACTAAAAATACAAAAATTAGCTGGGTGTG"
"chr1","6356788","6356939","JH378144","18282379","18282526","40","11925591","TTAAGCTGGGCATGGCAGTGCACACCTGTGGTCCCAAAGGCTGAGATAGGAGGATCGCTTGAGCCCGGAAGGCAGAGATTACAGTGAACCTAGATTGCACCACTGCACTCCAGCCTGGGCGACAGAGCAAGGCCCTGTCTTAAAAAAATAAA","TGGTGGAGCGTGCCTGTAATACCAGCTACTTGGGAGGCTGAGACAGGAGAATCGCTTGAACCCAGGCGGCAGAGGTTCCAGGAAGCCGAGATGGTGCCACTGCACTCTAGCCTGGGCGACAGAGCAACACTCCGTCTTAAAAAAAAAA"
"chr1","6368669","6368973","JH378149","384599","384898","44","5984070","GCTGGGTGCAGTGGCTCACGTCTGTAATCCCAGCACTTTGTGAGGCCGACGTGGGCAGATCACTTGAAGTCAGGAGTTCGAGATCAGACTGGCCAACACGGTGAAACCCCATCTCTACTAAAAATACAAAAAAATTAGCCAGGTGTGGTTGTACACGCCTGTAATCCCAGCTGCTCGGGAAGCTGAGGCAGGAGAATCGCTTGAACCTGGGAGGCAGACGTTGCAGTGAGCCGGGATCGCACCATTGTACTCTAGCCTGGGTGACAGAGTGAGACTCTGTCTCAGAAAAAAAAACAAGACAAGAA","GGCTGGGTGCAGTGGCTCACACCTGTAATCCCAGCACTTTGGGAGGCTGAGGTGGGCAGATCGCTGGATGTTAGGAGTTCGAGACCAGCCTGGCCAACATGGTGAAACCCCCATCTCTACTAAAAACTACAAAAATTAGCCAGGTGTGGTGGTACATGCCTGTAATCCTAGCTACTCAGGAGGCCGAGGCAGGAGAATCACTTGAACCTGGGAGTCAGAGGTTGCCATGAGCCAAGATTGCACCACTGTATTCCAGCTTGGGTGACAGAGTGAGACCCTCTCTAAAAAAAAAAAAAAAAA"
"chr1","6374727","6375032","JH378288","2786677","2786981","47","3588050","GCTGGGCACGGTGGCTCAACCTGTAATCCCAGCACTTACAGAGGCTGAGGCGGGGGCGGATCACTTGAGGTCAGGAGTTCAGGACTTGCCTGGCCAAAATGGCAAAACCCCATCTCTACTAAAAATACAAAAATTAGCAGGGCGTGGTAGTACACACCTGTAATCCTAGCTAGTCAGGAGGCTGAGGCAGGAGAATTGCTCGAACCTGAAAGGCAGAGGTTGCAGTGGGCTGAGATCATGCCACTGCACTCCAGCCTGGGTGACAGAGTGAGACTTCGTCTCAAAAGAAAAAATAAAAGAAAGAAA","GGCTGGGCATGGTGGCTCACGCCTATAATCTCAGCACTTTGGGAGGCCAAGGCGGGCAGATCACTTGAGGTCAGGAGTTCAAGACCAGCCTGGCCAACATGGTGAAACCCCATCTCTACTAAAAATACAAAAATTAGCTGGGTGTGGTGGCACACACCTGTAATCCCAGCTATCCAGGAGGCCGAGGCAGAAGAATCGTTGGAACCTGGGAGGTGGAGGCTGCAGTGAGCTGTGATCACGCCATTGCACTCCAGCCTGGGTGACAGAGTGAGACTCCATCTCAAAAAAAAAAAAAAAAAAAAAAA"
"chr1","6392875","6393180","JH378139","10433692","10433994","40","4040817","GGCTAGGTCTGGTGACTCACGCTGTAATCCCAGCACTTTGGGAGGCTGAGGCGGGTGGATCAGTTGAGGTCAGGAGTTTGAGACCAGCCTGGCCAACATGGCAAAACCCTGTCTCTACTAAAAATACAAAAATTAGCTGAGTGTGGTGGCACTTGCCTGTAGTCCCAGCTACTCAGGAGGCTGAGGCAGGAGAATCGCTTGAGCCCAGGAAGTAGAGGTTGCAGTGAGCCAAGATTGCACCTGCCACAGCACTCCAGCCTGGGTGACAGAGTGAGATTCTGTCTACAAAAAAAAAAAAAAAAAAAA","GGCCAGGCTGGGTGGCTCACACTTGTAATCCCAGCACTTTGGGAGGCTGAGGTGGGCAGATCACTTGAGGTCAGGAGTTCGAGACCAGCCTGACCAACATGGTAAAACCCTGTCTCTGCTAAAAGTACAAAAATTAGCCTGGTGTGGTGGCACGTGCCTGTAGTCCCAGCTACTCAGGAGGCTGAGGCAGGAGAATCACTTGAACCCAGAAGGCGGAGGTTGCAGTGAGCCAAGATCATGCCACTACACTCCAGCCTGGGTGATAGAGTGAGACTCCATCTCAATAAATAAATAAATAAATAA"
"chr1","6393282","6393580","JH378242","734891","735189","42","5658391","GGCAGGGCACAGTGGCTCACGCCTGTAATCTCAGCATTTTGGGAGGCTGAGACAGGTAGATCATTTGAGGTCAGGAGTTCGAGACCAGCCTGGCCAACATAGTGAAATCCTGTCTCTACTAAAAATAAAAAAATTAGCCAGGTGTGGTAACGTGCACCTGTAGACCCAGCTACTCGGGAGGCTGTGGCAGAAGAATCTCTTGAACCTGAGAGGTGGAGGTTGCAGTGAGCCAAGATTGCACCACTGCACTCCACCCTGGGCGACAGAGCAAGACTCTGTGTCAAAAATAAAAGAAAAAA","GGCTGGGTACGGTGGCTCACGCCTGTAATCCCAGCACTTTGGGAGGCGGAGGCAGACAGATCACTTGAGGTCAGGAGTTCGAGACCAGCCTGGCCAACATGGTGAAACACTGTCTCTACTAAAAATACAAAAATTAGCCAGGTGTGGTGGCACATACCTGTAGTCCCAGCTACTTGGGAGGCTTAGGCAGGAGAACCGCTTGAACCCAGGAGGTGGAGGTTGCAGTGAGCCGAGATCGTGCCACTGCACTCCAGCCTGGGCAACAGAGCGAGACTCCATCTCAAAAAAAAAAAAAAAAA"
"chr1","6394064","6394360","JH378242","734891","735189","47","5659173","GGCCAGGCACGGTGGCTCATGCCTATAATTCCAGCACTTTGGGAGGCTGAGGCGGTTGGATCACTTGAGGCCAGGAGTTCGAGACCAGCCTGGCCAACATAGTGACCCATCTCTACTAAAAATACAAAAAACTAGCCAGGTGTGTTGACATACGCCTGTAGTCTCAGCTACTCAGAGGATGAGGCAGAAGAACCTCTTGAACCCAGAGGTGGAGATTGCAGTGAGTCAAGATCGTGCCACTGCACTCCAACCTGGGCGACAGAGCGAGACTCTCAAAAAAAAAAAAAAAAGCCAAAA","GGCTGGGTACGGTGGCTCACGCCTGTAATCCCAGCACTTTGGGAGGCGGAGGCAGACAGATCACTTGAGGTCAGGAGTTCGAGACCAGCCTGGCCAACATGGTGAAACACTGTCTCTACTAAAAATACAAAAATTAGCCAGGTGTGGTGGCACATACCTGTAGTCCCAGCTACTTGGGAGGCTTAGGCAGGAGAACCGCTTGAACCCAGGAGGTGGAGGTTGCAGTGAGCCGAGATCGTGCCACTGCACTCCAGCCTGGGCAACAGAGCGAGACTCCATCTCAAAAAAAAAAAAAAAAA"
"chr1","6423392","6423646","JH378122","6183298","6183540","42","240094","GGCCAGGCATGGTGGCTCATGTCTGTAATCCCAGCACTTTGGGAGGGCAAGGTGGGCAGATCACTTGAGGTCAGGAGTTCGAGACCAACTTGGACAACATGACGAAACCCCTGTAATCCAAGTTACTCAGGAGGCTGAGGCAGGAGAATCACTTGAACCCAGGAAGCAGAGGTTGCGGTGAGCTGAGATTGCCCCACTGCACTCCAGCCTGGGTGACAGAGTGAGACTCTGTCTCAAAAAAATAAAAATAAAAAA","GGCCGGGCACAGTGGCTCACGCCTGTAATCCCAGCACTTTGGGAGGCCAAGGTGGGCAGATCACTTGAGGGCAGGAGTTTGAGACCAGCCTGGCTAATATGTAATCCCAGTTACTTGGGAGGCTGAGGCAGAAGAATCACTTGAACCCGGGAGATGGTGGTTGCAGTGAGCCGAGATTGCACCACTGCACTCCAGCCTGGGCGACAGAGCAAGACTCTGTCTAAAAAAAAAAAAAAAAAAAAA"
"chr1","6426622","6426928","JH378131","12718360","12718656","51","6291738","GGCCATGCGTGGTGGCTCGTGCCTGTAATCCCAGAACTTTGGGAAGCCGAGGCAGGCGGATCACTTGAGGTCAGGAGTTTGAGACCAGCCCGGCCAACAAGGTGAAACCTGTCTCTACTAAAAGTAACAAAAAAAAAACTTGGCTGGGTATAGTGACTTGCGCCTGTAATCCCAGTTACTTGGGACACTGAGGCCGCAGAATCGCTTGTACCCATGAGGCACAGGTTGCAGTGAGGCAAGATTGCGCCACTACATTCCAGCCTGGGTGACAGAGCGAGACTCCATCTCAAAAACAAAAAACAAACAA","GGCCCGGCGTGGTGACTCATGCCTGTAATCCCAGCACTTTGAGAGGCCAAGGCAGGCAGTCACTTGAGGTCAGGAGTTTGAGACCAGCCTGGCCAACATGGTGAAACTATGTCTCTACTAAAAATATAAAACTCAGCTGGGCATGGTGGTCTGTGCCTATAATCCCAGTTACTTGGGAGGCTGAGAAGGAGAATCACTTGAACCCAGGAGGCAGAGGTTGCAGTGAGCCAGGATTGCGCCACTGCACTCCAGACTGGGGACAGAGTGAGACTCCATCTCAAAAAAAAAAAACAAAAA"
"chr1","6429860","6429969","JH378195","3840863","3840961","19","2588997","GGGAGGCCGAGAGAGGTGGATCACTTGAGGTCAGGAATTTGAGACCAGCCTGGTCAACATGGTGAAATCCCATCTCTACTAAAAATACAAAAATTAGCTGGGCAATGTGG","CTGAGGCAGGTGAATCACTTGAGGTCAGGAATTTGAGATCAGCCTGGCAAACATGGTGAAACCCCATCTCTACTAAAAATACAAAAATTTGCTGGGTGT"
"chr1","6454095","6454400","JH378118","10693452","10693756","41","4239357","GGCCGGGCGCGGTGGCTCACACCTGTAATCCCAGCACTTTGGGAAGCTGAAACAGGTGGATCACTTGAGCTCAGGAGTTCGAGACTAGCCTGGCCAAGATGGCAAAACTGGGTTTCTACTAAAAATACAAAAATTAGCCAGGCGTGGTGGCACATGCCTGTAGTCCCAGCTGCTTGGGAGGCTGAGGCAGGAGAATGGCTTGAACCCAGGAGGCAGAGGTTGCAGTGACCTGAGATTGCGCCATTGCATTCCAGCCTGGATGACAGAGCAAGACTCCGTCTCAAAAATAAAAATAAAAAAGAAGAA","GGCCGGGCGCGGTGGCTCACGCCTGTAATCCCAGCACTTTGGGAGGCCGAGGCAGGCGGATCATTTGAGCTCAGGAGTTCAAGACCAGCCTGGCCAACATGGGGAAACCCCGTCTCTGCTAAAAATACAAAAATTAGCCAGGCGTGGTGGCACAAGCCTGTAATCCCAGCTATTTGGGAGGCTGAGACAGGAGAATCGCTTGAACCCGGGAGGTGGAGGTTGCAGTGAGCCGAGATCGCGCCACTACACTCCAGCCTGGGTGACAGAGAGAGACGCTGTCTCAAAAAAAAAAAAAAAAAAAAAAA"
"chr1","6480737","6481031","JH378146","775831","776122","50","5704906","GGCCAAGCGCAGTAGCTCAGGCCTGTAATTGTAGCACTATGGGAGGCAGAGGCGGGCGGAACACTTGGGGTCAGGAGTTCGAGACCAGCCTGACCAATATGGTGAAATGCCGTCTCTACTTAAAATACAAAAACTAGCCCGGCGTGGTGGTGCACACCTGCAGTTCCAGCTACTAGAGTGGCTGGGGCAGGAGAATCGTTTGAACCCGGGAGGCAGAGGTTGCAGTGAGCCGACATCACACCACTGCACTCCAACCTAGGTGACAGAGTGAGACTCTGTAATTTAAAAAAAAAAA","GGCTGGGCGCAGTGGCTCATGCCTGTAATACCAGCACTTTGGGAGGCTGAGGCTGGCAGATCACTTGAGGTCAGGAGTTTGAGACCAGCCTGGCCAATAAGGTAAAACCCCGTCTCTACTAAAAATACAAAAATGAGCCAGGTGTGGTGTTGTGTGCCTATAGTCCCAGCTACTTGGGAGGCTGAGGCAGGAGAATCGCTTGAACCCGGGAGGCAGAGGTTGCAGTGAGCCAAGATCACACCAGTGCACTCTAGCCTGGCGACAGAGCGAGACTTTGTCTTAAAAAAAAAAA"
"chr1","6493825","6494082","JH378106","27411404","27411662","42","20917579","GGCCAGGTGAGGTAGCTTATGCCTGTAATCCCACCAATTTGGGAGGCCGAGGTGGGCAGATCGCTTGAGGTCAGGAGTTTAAGACCAGCCTGGCCAACATGGCAAAACACCGTCTCTACCAAAATTACAAAAAATTAGCCAGGCATGGTGGTGCGTGCCCGTAATCCCAGCTACTTGGGAGACTGAGGCAGGAGAATCACTTGAATCCGAAAGAAGGAGGTTGCAGTGAGCCGAGATTAGGCCACCATACTCCAGACT","GGCTGGGTGTGGTTGCTCATGCCTGTATTCCCAACACATTGGGAGGCCAAGGTGGGCAGATCACTTGAGGTCAAGATTTCAAGACCAGCCTTGCCAACATGGCAAAACCCTGTCTCTACTAAAAATATAAAAATTTAGCCAGGCGTGGTGGCACATGCCTGTAATCCCAGCTACTTAGGAGACTAAGGCAGGAAAATCACTTGAACCCAGGAAGTGGAGGCTGCAGTGAGCCAAGATCATGCCACTACACTCCAGCCTG"
"chr1","6508092","6508379","JH378173","4678251","4678536","41","1829841","GGCGCAGGGGCTCAATGCCTGTAATCCCAGCACTTTGGGAGGCCAAGGTGGGCAGATCACTTGAGGTCAGGAGTTCGAGACTAGTCTGGGCAACATGGTGAAACCCCATCTCTACCAAAAATATAAAAAATAATTAGCCGGACATGGTGGCACACACCTGTAATCCCAGCTACTCAGGAGGCTGAGGCAGAAGAATCGCTTGGACCCTGGAGACGGAGGTTGCAGTGAGCTGAGATCACGCAATTGCACTCCAGCCTGGGCAACAGAGCGAGACTCTGTCTCAAAAAA","GGGCGTGGGGGCTTACGCCTGTAATCCCAACACTTTGGGAGGCCAAGGTGGGCAGATCACTTGAAGTCAGGAGTTAGAGACTAGCCTGGCCAACGTGGTGAAACCCCGTCTCTACTAAAAATACCAAAAAATTAGCCAGGCATGGTGGCGTATGCCTGTAGTCCCAGCTACTCAGGAGGCTGAGGCAGGAGAATCGCTTGAAGCTGGAGGGCGGAGGTTGCAGTGAGTCGCAATCACACCACTGCACTCCAGCCTGAGCAACAGAGAGAGAGTCTGTCTCAAAAAA"
"chr1","6550963","6551277","JH378127","14973650","14973958","49","8422687","CCAGGCACGGTGCTTCATGCCTGTAATCCTAGCACTGTGGCAGGCCGAGGCAGGCGGATCACTTGAGGTCAGGAGTTTGAGACCAACTTACTTGGCCAACATAACAAAACCTCATCTCTACTAAAAAATCCAAAAATTAGCCAGGTGTGGTGGCGAGTGCCTGTAATCCCAGCTACTTGGGAGGCTGAGGCAGGAGAATCACCTGAACTCGGGAGGTGGAGGTTGCAGTGAGCTGAGATTGCGCCACTGCACTCCAGCCTGGATGACAGAGTGAGACTCTGTCTCAAAAAAATAAAAAGAAAAAAGAGAGAAAGA","CTGGGCACGGTGGCTCATGCCTGTAATCCCAGCACTTTGGGAGGCTGAGGCGGGCAGATCACTTGAAGTCAGGCTTTTGAGACCAGCCTGGCCAATATGGTGAAATCCCGTCTCTACTAATAATACAAAAATTAGTCAGGCATGGTGGTGAATGCCTGTAATCCCAGCTACTCGGGTGGCTGAGGCAGGAGAATCACTTGAACTCAGGAGGTGGAGGTTGCAGTGGTGCTGAGATTGCACCACCGCACTCCAGCCTGGGTGACAGAGTGAGACTCTGTCTCAAAAAAAAAAAAAAAAAAGTAAATAAAA"
"chr1","6564888","6565184","JH378220","4350061","4350357","45","2214827","GGCGGGGCGTGGTGGCTCATGCCTGTAATCCCAGCACTTTGGGAAGCTGAGGTGGGCAGATCACTTCAGGTCAGGAGTTCAAGACCAGCCTGGCCAACATGGCGAAACCCCATCTCTGCTAAATATACACAAAATTAGCAGGGCGTGGGGCATGCACCTGTAATCCCAGTTACTCCAGAGGTGAGGCGGGAGAATCGATGGAACCTGGGAGGCGCAGGTTGCAGTGAGCTGAGATTGCGCCACTGCACACTCCAGCCTGGGAGACAGAGAGAATCCGTCTCAAAAAAAAAAAAAAGA","GGCTGGGCATGGTGGCTTACACCTGTAATCCCAGCACTTTGGGAGGCTGAGGTGGGCAGATCACTTGAGCTCAGGAGTTCAAGACCAGCCTGGCCAACATGGTGAAACCCCGTCTCTACTAAAAATACAAAAATTAGTTGGGTGTGGTGGCACACACCTGTAGTCCCAGCTACTCAGGAGGCTGAGGCAGGAGAATCAGTTGAACCTGGGAAGCAGAGGTTCCAGTGAGCTGAGATTGCACCACTGCACTGCAGCCTGGGTGACAGAGCAAGACTCCACCTCAAAAAAGAAAAAGAA"
"chr1","6586204","6586475","JH378213","4422853","4423134","45","2163351","GGACGGGCGCTGTGGCTCATGCCTGTAATCCCTTGGGGAGGCTGGGCAGATCTCTTGAGGCCAGGAGTTCGAGACCAGCCTGGCCAGTATGGCGAAACCCCATCTCTACTAAAAATACAAAAGTTAGCTGAGAATGGTGGTGTGTGCCTGTAATCCCAGCTACTCGGGAGGCTGAGACAGGAGAATTGCTGGAACCTGGGAGGTGGAGGTTGCAGTGAGCTGAGATTGCACCACTGCATTCCAGCCTGGGTGACAGAGTGATACCTTGTCCC","GGCCAGGCGCAGTGGCTTATGCCTGTAATCCCAGCACTTTGGGAGGCTGATGCAGGCAGATCACTTGAGGCCAGGAGTTCGAGACCAGCCTGTCCAACACGGTGAAACCCTGTTCCTACTAAAAATACAAAAATTAGTTGGGCATGGTGGTGAATGCCTGTAATCCCAGCTACTCGGGCGGCTGAGGCAGGAGAATCGCTTGAACCCAGGAGGCGGAGGTTGCAGTGAGCCGAGATTGCACCACTGCACTCCAGCCTGGGTGACAGAGTAAGACTGTGTCTC"
"chr1","6614044","6614339","JH378141","9524229","9524528","49","2910185","GGCCGGGTGCAGTGGCTCTTTGTAATCCCAGCACTTTGGGATATCAAGGTGGGTGGATCACTTCAGCTCAGGAGTTCGAGACCAGCCTGGACAACATGGCGAAACCCCGTCTGTACAAAAAATACAAAAATTAGCCGAGCGTGGCGGCATGTGCCTGTTGTCCCAGCCACTCAGGAGGCTGAGGTGGGAGGATTGCTTGAGCCCAGGAGGTGGAGGTTGCAGTAAGCTGAGATCATGCCACTGCACTCCAGTCTGGGTGACAGAGCAAGACTCTGTCTCAAAAATAATAATAATAA","GGCCAGGTGAGGTGGCTCACGCCTGTAATCCCAGCACTTTAGGAGGTCAAGGCGGGTGGATCACTTGAGGTTAGGTGTTCGACACCAGCCTAGCCAACATAGTGAAACCCCGTCTCTACTAAAAATACAAAAATTAGCTGGGCATGGTGGCATGCGCCTGTAGTCCCAGCTACTCAGGAGGCTGAGGCAGGAGAATTGCTTGAACCCGGGAGGCAGAGGTTGCAGTGAGCCGAGATCATACCACTGCACTCTAGCCTGGGTGACAGAGCAAGATTCTGTCTCAAAAACAGAAACAAAAAA"
"chr1","6647449","6647657","JH378199","443122","443323","37","6204327","GGCCAGGCGAGGTGGCTCACGCTTATAATCCCAGCAGTTTGGGAGGCTGAGGCGGGTGGATGTCTTGAGGCTAGGAGTTTGAGACCAGCCTGGCCAACATGGTAAAAACCCCATCTCTACTAAAAATATAAAAATTAGCTGGGCTGGGCGCAGTGGCTCGCGTCTGTATTCCCAGCACTTTGGGAGGCCGAGGCAGGCGGATCACCTGA","GGCCGGGCATGGTGGCTTATGCCTGTAATCCCAGCACTTTGGGAGGTTGAGGCGGGTGGATCACTTGACGTTAGGGGTTTGAGGCCAGCCTGGCTAACATGGTGAAACCCGATCTCTACTAAAAATAAAAAAAAATTAAGCTGGACGCGGTGGCTCACGCCTGTAATCCCAGCACTTTGGGAGGCCGAGGCGGGTGGATCAC"
"chr1","6649368","6649666","JH378123","5667081","5667374","47","982287","GGCCGGGCACAGCGGCTCATGCCTGTAATCCCAGCACCTTGAGGGGCCGAGGTGGGGAGATCACTTGAGGTCAGGAGTTCAAGACCAGCCTGACCAACATGGTGAAATCCCATGTCTACTAAAAAGACACAAATTAGCCAGGCGTGGTGGCACACACCTGTAGTCCCAGCTACTTGGGAGGCTGAGACAGGAGGATCAGCTGAACCCGGGAGGTGGAGGTTGCAGTGAGCCGAGATCGCACCACTGCCCTCTAGTATTGTCACTGGGTGACAGAGCGAGACTCAGTCTGAAAAAAAAAA","GGCTGGGCGCAGTGGCTCATGCCTGTAATCCCAGCACTTTGGGAGGCCAAGGCGGGTGGATCTTAAGGTCAGGAGTTTGAGACCAGCCTGACCAACATGGTGAAACCCCGTCTCTACTAAAAAGACAAAAATTAGCCAGCCGTAGTGGCGCATACCTGTAATCCCAGCTACTTGGGAGGCTGAGGCAGGAGAATCACTTGAACCCGGGAGGCAGAGGTTGCAGTGAGCTGAGATCGCACCACTGCACTCCAGCCTGGGTGACAGAGCGAGACTTTGTCTCAAAGGAAAAAAAAA"
"chr1","6686958","6687270","JH378112","23716016","23716324","46","17029058","GGCCGGGTGCGGTGGCTCACACCTGTAATCCCAGCACTTTGGGAAGTCAAGGCAGGTGGATCACTTGAGGTCAGGAGTTCAAGACCAGCCTGGCCAACATGGTGAAATGTCATCTCTACTAAAGATAAAAAAACTGGCTGGGTATGGTGGCACAAGCCTGTAATCCCAGCTACTCGGGAGGCTGAGGCAGGAGAATTGCTTGAACCCTGGAAGCGGAAGTTGCAGTGAGCTGAGATCGCATCGCTGCACTCCAGTCTGGGTGACAAAGCAAGACTCTGTCTCAAAAAAAATAAAATATTAAAATAAAATAAAA","GGCCGGTGCAGTGGTTCACACCTGTAATCCCAGCACTTGGGAGGCCAAGGGGATGGATCACTTGAGGTCAGCAGTTCGAGACCAGCCTGGCCAACATGGTGAAACCTCGTCTCTTCTAAAAATACAAAAATTAGCTGGGCGTGGTGGCGCAGGCCTGTAATCCCAGCTACTTGGGAGGCTGAGGCAGGAGAATTGCTTGAATCCAGGAGACGGAGGTTGCAGTGAACTGAGATTGCACCACTGCACTCCAGCCTGGGTGACAGAGCAAGACTCCGTCTCAAAACAAATAAGCAGACAAACAAAAAAGAA"
"chr1","6739865","6740125","JH378299","666691","666951","33","6073174","GGCTGGGCGTGGTGGCTCATGCCTGTAATCTCAGCACTTTGGGAGGCCAAGGCAGGCAGATTGCTTGAGCTCAGGAGTTTGAGACCAGCCTGGCCAACATGGCGAAACCCCATCTCTCCTAAAAAATACAAAAATTAGCTGGGTGTGGTGGTGCGTGCCTGTAATCACAGCTACTTGGGAGGCTGAGGCAGGAGAATTGATTGAACCTGGGAGGCAGAGGTTGCAGTGAGCCGAGATCGTGCCACTGCACTCCAGCCTGGG","GGCCAGGCGTGGTGGCTCACGCCTGTAATCCTAGCACTTTGGGAGGTGGAGGCAGGCAGATCACTTGAGGTCAGGAGTTTGAGACCAGCCTGGCCAACATGATGAAACCCCATCTCTACTAAAAATACAAAAAAATTAGCTGGGCATGGTGGTGCCCGCATGTAATCCCAGCTACTGGGGAGGCTGAGACAGGATAATTGCTTGAACCTGGAAGGCGGAGGTTGCAATGAGCTGAGATCGTGCCATTGCACTCCAGCCTGG"
"chr1","6749805","6750028","JH378139","7853096","7853322","34","1103291","GGAACACTTGAGGCCAGGAGTTCGAGACCAGCCTGGTCAACATGGTGAAACCCCATCTCTACCAACAATACAAAAAATTAGCTGGGTGTGGTGGTGCGCACCTATAATCCCAGCTACTAGGGAGGCTGAGGCAGGAGAATCACTTGAACCCAGGAGGTGGAGGCTGCAGTGAGCTGAGATCATGCCACTGTACTCCAGCCAGGTGACAGAGTGAGACTCCATCT","GAATCATTTGAGGTCAGGAGTTTGAGATCAGCCTGGCCAACATGGTAAAACCCTGTCTCTACCAAAAAATATAAAAAATTAGCTGGGTGTGGTGGTGGCACCTGTATTCCCAGCTACTCTGGAGGCTGAGGCAGGAAAATTGCTTGAACCCAGGAGGTGAAGATTGCAGTGAGCTGAGATCATGCCACTGCACTCCAACCTGGGTGAAAGAGTGAGACTTGGTCTCA"
"chr1","6750180","6750492","JH378110","2590007","2590314","43","4160173","GCCAGGCCCAGTGGCTCATGCCTGTAATCCCAGCACTTTGGGAGGCTGAGGTGGGCGGATCACTTGAGGTCAGGTGTTCAAGACCAGCCTGGCCAACATGGTGAAACCCGTCCCTACTAAAAAGACAAAAATTAGCCAGACGTGGTGGCACACACCTGTGGTCCCAGCTACTCGGGAGGGTGAGGCAAGAGAATCACTTGAACCCGGGAGGTGGAGAAAGTTGCAGTGAGCCAAGATGGTGCCACTGCCCTCCAGCCTGGGCAATAGAGTTAGACTCCGTCTCAAAAAAAAAAAAAAGAGAGAGAAAGAAAAA","GCTGGAGGCAGCGGCTCATGCCTGTAATCCCAGCACTTTGGGAAGCTGAAGTAGGTGGATCACTTGAGGTTAGGAGTTCAAGACCAGCCTGGCCAACATGGTGAAATCCTGTCTCTACTAAAAATACAAAAATTAGCCGGGCATGGTGGCACACACCTGTCATCCCAGCTACTCGGAAGGCTGAGGCAGGAGAATCGCTTGAACCCGGGAGGTGGAGGTTGCAGCGAGCCGAGATTGTGCCACTGCACTTCAGCCTGGGCGACAGAGTGAGACTCCATCTCAAAAAAAAAAAAAAAAAAAAAAAAGAA"
"chr1","6754626","6754934","JH378206","2427764","2428073","45","4326862","GACCAGGCGAGGTGGCTCTTACCTATAATCCCAGTGCTTTGGGAGGCCGAGGCAGGTGGATCACTTGGAGTCAGGAGTTTGAGACCAGCCTGGCCAACATGGTGAAACCCCGTCTCTACTAAAAATACAAAAATTAGCCGGGTGTGGTGGTGCATGCCTGTAATCCAAGCTGCTTGGGAGGCTAGGGCAGGAGAATCACTTGAACCCGGAGGTGGAGGTTGCAGTGAGCTGAGATCATACCACCGCACTTCAGCCTGGGTGACATAGTGAGATTCAGTCCCGCCAAAAAAAAAAATAATAATAAAAAAA","GGCTGGGCGCCGTGGCTCACACCTGTAATCCCAGCACTTTCGGAGGCCGAGGCAGGTGGATCTCTTGAGTTCAGGAGTTAGAGACCAGCCTGGCCAACATGGCAAAACCCCGTCTCTACTAAAAATACAAAAATTAGCTGGGCGTGATGGTGCATGCCTGTAATCCCAGCTACTTGGGAGGCAGAGGCAGGAGAATTACTTGAACCTGGAAGGTGGAGGTTGCAGTGAGCAGAGATCAAGCCACTGCACTCCAGCCTGGGTGACAAAGTGAGACTCCGTCAAACAAGAACAACAACAATAAAAAAACAAA"
"chr1","6762324","6762618","JH378136","839654","839946","39","5922670","GGCCGGGCCGGGTGGCTCATGCCTGTAATCCCTGCACTTTGGGAGGCTGAGGCAGACAGATCGCTTGAGGTCAGGAGTTTGAGACCAGCCTAGCCAATATGGCGAAACCCTATCTCTGCTAAAAATACAAAAATTAGCTGGGTGGTGGTGGGTCAGCACCTGTAATCCCAGCTACTTGGGAGGCTGAGGCAGGAGAATCGCTTGAGCCTGGGAGGCAGAGGTTGCAGTGAGCTGAGATCATGCCACTGGACTCCAGCGTGGGTGACAGAGTGATACGCTATCTCAAAAAAAAAAA","GGCCGGGCATGGTGCCTCATGCCTGTGATCCCAGCACTTTGGGAGGCCGAGGCAGGTGGGTCACTTGAGGTCAGAAGTTTGAGATCAGCCTGGCTAATATGGCGAAACCCCATCTCTGCTAAAAATACAAAAATTAGCCAGGTATGGTGGCACACACCTGTAATTCCAGCTACTTGGAAGGCTGAGGCAGGAGAATTGCTTGACCCCAGGAGGCGGAGGTTGCAGTGAGCTGAGATCATGCCACTGCACTCCAGCCTGGATGATAGTGTGAGACTCTACCTCAAAAAACAAAA"
"chr1","6782175","6782461","JH378165","3554292","3554583","47","3227883","GGCCGGGTGCGGTAGCTCACGCCTATAATCCCAGCACTTTGGGAGGCTGAGGCAGGTGGATCACTTCAGGTCAGAAGTTTGAGACCAGCCTGGCCAACATGTTGAAACCCCATCTCTACTAAAAATAAAAAAAATTAGCTGGCATGGTGGCGCGTGCCTGTCATCCCAGCTACTCAGGAGGCTGAGGTGGAAGGATTGCTTGAACCCAGGAAGCGAAGGTTGCAGTGAGCCGAGATCGACTGGGTGACAGAGCGAGACTCCATCTCAAAAAAAAGAGAGAGAGAGAA","GGCCAGGCGTGGTGGCTCACGCCTACAATCCCAGCACTATGGGAGGCCAAGGCAGGAGGATCACTTGAGGTCAGGAGTTCGAGACCAGCCTGGCCAACATGGTGAAACCCCATCTCTACTAAAAATACAAAAAACTAGCTGGGCGTGGTGACATGTGCCTGTAATCCCAGCTACTCAGGAGGCTGAGGTGGGAGAATCGCTTGAACCCAGGTAGTGGAGGTTGCAGTGAGCCAAGATTGCACTCCAGCCTGGGTGACAGAGTGAGACCCTGTCTCAAAAAAATAAAGTAAAA"
"chr1","6786099","6786411","JH378246","2033796","2034100","46","4752303","GCCGGGCGCGGTGGCTCACACCTGTCATCCCAGCACTTTGGGAGGCCGAGGTGGGCAGATCACTTGAGGTCAGGAGTTCAAGACCAGCCTGGCCAACATGGTGAAACCCGTCTCTACTAAAAATACAAAATTAGCCAGGCATGATGGCACGTGTCTATAATCCCAGCTACTCAGGAGGCTGAGGCCACGCGAATCGCTTGAGCCTGGGAGGCAGAGGCTGCAGTGAGCCTATATCATGCTGCCGCACACCAGCCTGGGTGACAAGAGCGAAACTCCATCTCAAAAAAAAAATTAAAATTAAAAATTAAAAAAA","GCCAGGCGTGGTGGCTCACGCCTGTAATCCCAGCACTTTGGGAGGTTGAGGCGGGTAGATCACTTGAGGTCAGGAGTTCAAAACCAGCCTGTCCAACATGGTGAAACCCTGTCTCTACTAAAAATACAAAATTAGCAGGACATGGTGGTACATGCCTGTAATCCCAGCTACTCGGAAGGCTGAGGCAGAAGAATCGCTTGAACCTGGGAGGCGGAGGTTGTAGTGAGCCAAGATCGTGCCACTGCACTCCAGCCTGGACAAGAGCAAAACTCCATCTCAAAAAAAAAACAAAACAAAAAAAAAAA"
"chr1","6793151","6793455","JH378118","10693452","10693756","37","3900301","GGCTGGGCACGGTGACTCATGTCTGTAATCCCAGCAATTTGGGAGGTCGAGACCAGCGGATCACTTGAGGTCAGGAGTTCGAGACCAGCCTGGCCAACATGGCGAAACCCCTTCTCTACTAAAAATATAAAAATTAGCCAGGCATGGTGGCACGTGCCTGTAATCCCAGCTACTTGGGAGACTGAGGCACGAGAATCACTTGAACCCGGGAGGTGGAGGTTGCAGTGAGCTGAGATCGCGCCACTGCACTCTAGCCTGGGTGACAGAGCAAGACTCCATCTCAAAAAATAAATAAATAAATAAAA","GGCCGGGCGCGGTGGCTCACGCCTGTAATCCCAGCACTTTGGGAGGCCGAGGCAGGCGGATCATTTGAGCTCAGGAGTTCAAGACCAGCCTGGCCAACATGGGGAAACCCCGTCTCTGCTAAAAATACAAAAATTAGCCAGGCGTGGTGGCACAAGCCTGTAATCCCAGCTATTTGGGAGGCTGAGACAGGAGAATCGCTTGAACCCGGGAGGTGGAGGTTGCAGTGAGCCGAGATCGCGCCACTACACTCCAGCCTGGGTGACAGAGAGAGACGCTGTCTCAAAAAAAAAAAAAAAAAAAAAAA"
"chr1","6807797","6808114","JH378106","2172328","2172633","59","4635469","GGCCAGGCGTGGCGGCTTGCGCCTGTAATCCCAGCACTTTGGGAGGCTGAGGCAAGGGAGGCTGAGGTAGGCGGATCACTTTAGGCCAGGAATTCAAGACCAACCTGACCAACATGGTGAAACCCCGTCTCTATTAAAAATGCCAAAAAAAATTAGCCGGACATGGTGGTGCACGCCTGTAATCCCAGCTACTTGGGAGGCTGAGGCAAGAGAATTGCTTGAACCTGGAAGGCAGAGGTTGCACGAACCGAGATCGTGCCACTGCACTCCAGCCTGGGCAACAGAGTGAGACTCTGCCTCAAAAAAAGAAAAAAAAAA","GGCCAGGTACAGTGGCTCATGCCTGTAATCCCAGCACTTTGGGAGGCCGAGGCAGGCAGATCACTTGAGGTCAGGACTTTGAGACCAACCAGGCCAACATGGTGAAACCCCGTCTCTACTAAAAATACAAAAAAAAATTAGCTGGATGTGGTGGCACATGCCTGTAATCCCAGCTACTTGGGAGGCTGAGGCAGGAGAATCACTTGAATCTAGGAGGCAGAGTTTGCAGTGAGCCAACATCGTGCCACTCCACTCTAGCCTGGGCAACAGAGCGAGACTCTGTCTCAAAAAAAAAAAAGAAAAAAA"
"chr1","6809931","6810226","JH378115","16549844","16550133","48","9739913","GGCCAGGCACATTGGCTCATGCCTGTAATCTCAGCACTTTGGGAGGCCTTACTTAGGTGGGCGGATCACTTGAGGCCAGGAATTCAAGACCAACCTGGCCAACATGGTGAAACCCCGTCTCTACCAAAAATACGAAAAAAATTAGCCGGGCATGGTGGTGCACGCCTGTAATCCCAGCTACTTGGGAGGCTGAAGCAGGAGAATCGCTTGAACCTGGAAGGCGGAGGTTGCAGGGAGCCGAGATCGTGCCTGGGCAACAGAGCAAGACTCAGCCTCAAAAAAAAAAAGAAAAGAAA","GCCAGGTGAGATGGCTCATGCCTGTAATCCCAGCACTTTGGGAGGCCAAGGCAGGTGGATCACTTGAGGTCAGGAGTTCAAGACCAGCCTGACCAACATGGTGAAACCCCATCTCTACTAAAAATACAAAAATTAGCCTGGCGTGGTGGCATGCGCCTGTAATCCCAGCTACTTAGGAGGCTGAGGCAGGAGAATCACTTGAACCTGGGAGGTGGAGGTTGCAGTGAGCTGAGATCGTGCCACTGGATGACAGAGTGAGACTCTGTCTCAAAAAAAAAAAAAAAAAAGAA"
"chr1","6835775","6836077","JH378262","1936694","1936996","41","4899081","CAGGCGCGGTGGGTCACGCCTGTAATTCCAGCATTTTGGGAGGCCGAGGCTGGCAGATCATTTGAGGTCAGGAGTTCGAGACCAGCCTGGCCAATATGGTGAAACCCCATCTCTACTAAAAATACACAAATTAGCCAGGCGTGGTGGCGGACACCTGTAATCCCAGCTACTCAGGAGGCTGAGGCAGGAGAATCACTTGAACCTGGGAGGCAGAGGTTGCACTGAGCTGAGATCCCACCACTACACTCCAGTCTGGGCAACAGAGTGAGACTCCGTCTCAAAACAAACAAACAAACAAACAAA","GGCCAGGCGCCATGGCTCACACATGTAATCCCAGCACTTTGGGAGGCCAAGGTGGGCAGATCACTTGAGGTCAGGAGTTCGAGACCAGCCTGGCCAACATGGTGAAACCCCGTCTCTACTAAAAATACAAAAATTAGCTGGGTGTGGTGGTGTGTGTCTGTAGTCCCAGCTACTCAGGAGGCTGAGGCAGGAGAATCTCTTGAACCCGGGAGGCAGAGGTTGCAGTGAGCCGAGATCGCACCACTGCCCTCCAGCCTGGGCCACAGAGTGAGACTCCCTCTCAAAAAACAAAAAACAAAAAAA"
"chr1","6849604","6849897","JH378110","7881643","7881940","62","1032039","CCAGGCACAGTGGTTCACACCTGTAATCCCAGCACTTTGAGGGGCCAAGGCAGGCAGATTGCTTGAGCTCAGTTGTTTGGATAGGCCTTGGCAACATGGTGAAACCCTGTCTCTACAAAAAATTAGCCAGGTCTGTGGTGGCGAGCACCTATAATCCCAGCTACTTCAGAAGCTGACATGGGAGGATTGCTTCAGCCCAGGAGGTGGAGGTTGCAGTGAGCCAAGATTGTGCCACCGCACTCCAGTCTGGGTGACAGAATGAGACTCTGTCTCAAAAATAAAAAATAAAAAAAA","CTGGGTGCAGTGGCTCACACCTGTAATCCTAGCACTTTGGGAGGCCAAGGTGGGCAGATCACTTGAGGTCAGGAGTTCAAGACCAGCCTGGCCCACATGGTGAAACCCCATCTCTACTAAAAACACAAAAATTAGCTGGGTGTGGTGGTGTGTGCCTGTAATCCCGGCTACTTGGGAGGCTGAGATAGGAGAATTGCTTGAACCCAGGAGGTGGAGGTGGCAGTGAGCCAAGATCATGCCACTACACTCCAGCCTGGGTGACAGCATTAGACTCTGTCTCAAAAAAAAAAAAAAAAAA"
"chr1","6878159","6878468","JH378126","782415","782718","42","6095744","GGCCGGGCGCAGTGACTCACACCCGTAATCTCAGCACTTTGGGAAGTCGAGGTGGGCGGATTACTTGGAGGTCAGGAGTTCAAGACCAGCCTGGCCAACATGGTGAAACCCCATCTCTACTAAAAATACAAAAAATTAGCCTGGCGTGGTGGTGCATGCCTGTAATCCCAGCTACTTGGGAGGCTGAGGTGGGAGAATTGCTTGAACCCGGGAGGCAGAAGTTGTAGTGACCCCAGATTGTGTCATTGCCCTCTAGCCTGGGTGACAGAGTGAGACTCCATCTCAAAAAAACAAACAAAAAACCAAAAAA","GGCCAGGTGTGGTGGCTCACACCTGAAATCCCAGCACTTAGGGAGGCCGAGGGGGGTGGATCACTTGAGGTCAGGAGTTCCAGACTAGCCTGGCCAACATGGTGAAACCCCGTCTCTACTAAAAATAGAAAAAATTAGCTGGACGTGGTGGTGTATGCCTGTAATCCCAGCTACTTGGAAGGCTGAGGCAGGAGAATTGCTTGAACCCAGGAGGCGAAGATTGCAGTGAGCCAAGATTGTGCCACTGCACTCCATCCTGGGTGACAGAGTGAGACTCCATCTCAAAAAAAAAAAAAAAAAGAAA"
"chr1","6878494","6878781","JH378235","1235067","1235353","48","5643427","GGCCAGGCACAGTGGCTCATGCCTGTAATCCCAGAACTTTGGGAGGCCAAGGCGGGCGGATCGCTTGAGGTCAGGAGTTCAAGAACAGCCTGGACAACGAGGTGAAACCCCATCTCTACCAACAACACAAAAATTAGCCGGGCCTGGTGGCACGTGCCTGCTACTTGGGAAGCTGAGCCACGAGAATCACTTGAACCCGGGAGGTGGAGGTTGCAGTGAGTTGAGATTACACCACTGCACTCCAGCCTGGGTGACAGGGCAAGACTGACCCAAAAAATAAAAATAAAA","GGCCAGGCACGGTGGCTCACGCCTGTAATCCCAGCACTTTGAGAGGCCAAGGTGAGAGGATCATTTGAGGTCAGGAGTTCATGACCAGCCTGGTCAACATGGTAAAACCCCGTCTCTACTAAAGATACAAAATTAGCCAGGCATGGTAGTGCATGCCAGCTACTTGGGAGGTTGAGGCAGGAGAATCACTTGAACCTGGGAGGCAGAGGTTGCAGTGCGCTGAGATCACACCACTGCACTCCAGCCTGGGAGACAGAGCAAGACTCCATCTCAAATTTAAAAAAAAA"
"chr1","6950275","6950570","JH378115","16549844","16550133","49","9599569","GGCCAGGCACAGTGGCTCACACCTGTAATCACAGCACTTTGGGAGGCCAAGGTGGGCAGATCACTTGAGATCAGGAATTACAGACCAGCCCGGCCAACATGGTGAAACCCCACCTCTACTAGAAATACAAAAATTAGCCAGGGTTGGTGGCATGTGCCTGTAATCCCAGCTACTCGGGAGGCTGATGCAGGAGAATCACTTGAACCTGGGAGGTGGACGTTGCAGTGAGCTGAGATCATGCCACTACACTCCAGAGACTCCATCTCAAAAAAAAAGAAACGAAAACACAGGAGAAA","GCCAGGTGAGATGGCTCATGCCTGTAATCCCAGCACTTTGGGAGGCCAAGGCAGGTGGATCACTTGAGGTCAGGAGTTCAAGACCAGCCTGACCAACATGGTGAAACCCCATCTCTACTAAAAATACAAAAATTAGCCTGGCGTGGTGGCATGCGCCTGTAATCCCAGCTACTTAGGAGGCTGAGGCAGGAGAATCACTTGAACCTGGGAGGTGGAGGTTGCAGTGAGCTGAGATCGTGCCACTGGATGACAGAGTGAGACTCTGTCTCAAAAAAAAAAAAAAAAAAGAA"
"chr1","6965085","6965391","JH378255","1058410","1058705","45","5906675","GGCCAGGGGTGATGGCTCATGCCTGTAATCCCAGCACTTTGGGAGGCCGAGGTGGTGGATCACTTGAGGTCAGGAGTTCAAGACCAGCCTGGCCAACATGGTGAAACACCATCTCTACTCAAAAAAAAAAAATTAGTCAGGCATGGTGACACGCGCCTGTAATCCCAGCTACTCAGAAGGCTGAGGTGAGATGAGATAATCACTTGAACCGAGAAGGTGGAGGTTGCAGTGAGCCAAGATTGAACTACTGCACTCCAGCCTGGGCAAACAGAGTGAGACTGTCTCAAAAAAAAAAAAAAAAAAAAAA","GGCCAGGCGCGGTGGCTCATACCTGTAATCCCAGCACTTTGGGAGGCCAAGGCAGGTGGATCACTTGAGGTCAGGAGTTTGAAACCAGCCTGGCCAACATGGTGAAACCCCGTCTCTACTAAAAATACAAAAATTAGCCAGGCATGGCAGCCCACACCTGTAATCCCAGCTACTCAGGAGGCTGAGGCGGGAGAATCACTTGAACCCAGGTGGAGGCTGCAGTGAGCCAAGATTGTGCTACTGCACTCCAGCCTGGGCAACAGACTGAGACTCTGTCTCAAAAAAAAAAAAAAAAA"
"chr1","7002157","7002443","JH378221","1085122","1085403","51","5917035","CCAACACTTTGGGAGGCTGAGGTGGGCAGATCACTTGGGGTTAGGAGTTTGAGACCAGCCTGGCCAACATGATGAACCCCGTCTCTAACAGAAATACAAAAATTAGCCAGGTGTGGGGTGGTGCGGGGCTGAAATCCCAGCTAGTCAGGAGGCTAAGACAGGGGAATCACTTGAACCTGGGAGGCGGAGGTTGCAGTGAGCCGAGATGGCGCCACTGCACCCTGCCTGGGTAACACAGTGAGACTCCATCTTAAAAAAGAAAATACTCACAAAAAACAACAAAGAAA","CCAACACTTTGGGAGGCCAAGGTGGGCAGATCACTTGGGGTTAGGAGTTTGAGACCAGCCTGGCCAACATGGTGAAACCTCACCTCTACCAAAAATATAAAAATTAGCCAGGTGTGGTGGTGCACAGCTGAAATCCCAGCTACGTGGAAGGCTGAGGCAGGAGAATTGCTAGAACCTGGGAGGTGGAGGTTGCAGTGAGCTGAGATTGCACCGCTACTGCACTCCAGCCTGGGTGACACGGTGAGAGTCCCTCTGGAAAAAACAAACAAACAAACAAACAAA"
"chr1","7022398","7022707","JH378197","3241273","3241575","41","3781125","GGCCGGACATGGTGGTTCATACCTGTAATCCCAGCACTTTGGAAGGCCAAGGCGGGCAGATCACTTGAGGTCAGGAGTTTGAGACCAGCCTGGCCAACATAGTGAAACCCCGTCTCTACTAAAAACACACAAAAAATTAGCCAGGTGTGATGGCATGTGCCTGTAATCCCAGCTATTCAGGAGGCTGAGGCAGGAGAATTGCTTGAACCTGGGAGGCAGAAGTTACAGTGAGCCGAGATCGTGCCATTGCACTCTAGCCTGGGTGACAGAAAGAGACTCCATCTCCAAATCAATAAATAAATAAATAAAA","GGCCAGGCATGGTGGCTAATGCCTGTAATCCCAGCACTTTGGGAGACCAAGGCAGGGGAATCACTTGAGGTCAGGAGTTTGAGACCAGCCTGGCCAACATGGTGAAACCCCGTCTCTACTAAAAATACAAAAATTAGCCAGGTGTGGTGGTGCCTGCCTGTAATCCCAGCTACTCAGGAAGCTGAGGCAGGAGAATAACTTGAACCTGGGAGGCAGAGGTTGCAGTGAGCTGAGATTGTGCCACTGCACTCCAGCCTAGGGGACAGAAAGAGACTCCATCTCAACAAACAAACAAACAAAAAA"
"chr1","7034182","7034487","JH378118","10693452","10693756","42","3659270","GCTGGGCGTGGTGGCTCATGCCTGTAATCCCAGCACTTGGGGAAGCCAAGGCGGGTAGATCACTTGAGGTCAGGGATTCAAGACCAGCCTGGCTAACATGGGGAAACCCCATCTCTACCAACAATACAAAAAATTAGCCTTGCGTGGTGGCAGACACCTGTAATCCCAGCTTCATGGGAGGCTGAGACAGGAGAATCACTTGAACCCAGGAGGTTGGACGTTGCAGTGAGCTGAGATTGCACCACTGCACTCCAGCCTGGGTGACAGAGCGAGCCTGTCTCAAAAGAAAAAGAAAAAGAAAAAAAA","GGCCGGGCGCGGTGGCTCACGCCTGTAATCCCAGCACTTTGGGAGGCCGAGGCAGGCGGATCATTTGAGCTCAGGAGTTCAAGACCAGCCTGGCCAACATGGGGAAACCCCGTCTCTGCTAAAAATACAAAAATTAGCCAGGCGTGGTGGCACAAGCCTGTAATCCCAGCTATTTGGGAGGCTGAGACAGGAGAATCGCTTGAACCCGGGAGGTGGAGGTTGCAGTGAGCCGAGATCGCGCCACTACACTCCAGCCTGGGTGACAGAGAGAGACGCTGTCTCAAAAAAAAAAAAAAAAAAAAAAA"
"chr1","7051168","7051466","JH378119","360557","360852","36","6690611","GGCTGGGCATGGTGGCTCATGCCTGTAATCCCAGCACTTTGGGAGGCCAAAGGGGGTAGATCACTTGGGGTCAGGCGTTTGAGATCAGCCTGGCCAACATGGTAAAACCCCGTCTCTACTGAAAATACAAAAATTAGCCAGACATGGTGGCATACACCTGTGATCCCAGCTACTCAGGAGGCTGAGGCAGGAGAATCGCTTGAACCCGGGAGGCGGAGGTTGCAGTGAGCCGAGATCACGGCCACAGCACTCCAGCCTGGGCAACAGAGTGAGACTCTGTATCAAAAAAAAAAAAAGAA","GGCCTGGCCTGGTGGCTCATACCTATAATCCCAACACTTTGGGAGGCCAAGGCAGGTGGATCACTTGAAGTCAGGAGTTGAAGAGCAGCCTGGCCAACATGGTGAAACCATGTCTCTACTAAAAATACAAAAATTAGCCAGGCATGGTGGCATGCACCTGTAATCCCAGCTACTCAGGAGGCTGAGGCAGGAGAATAGCTTGAACCTGGGAGGCGGAGGTTGCAGTGAGCTGAGATGATAGCACTGCACTCCAGCCTGGGCAACAGAGCGAGACTCCGTCTCAAAAAAAAAAAGAA"
"chr1","7097016","7097312","JH378195","2148198","2148495","41","4948818","GCTGGGCACTGTGGCTCATGCCTGTAATTCCAGCACTTTGGGAGGCCGAGATGGGAGGATCGCTTGAGGTCAGGAGTTTGAGACCAACCTGGCCAACATGGTGAAACCCATTTCTACTTAAAAAAAAAAAAATTAGCCAGGCGTGATGGTGTGTGCCTGTAATTCCAGCTACTTGGGAGACTGAGGCACAAGAATCGCTTGAATCTGGGAGGTGGAGGTTGCAGTGAGCCAAGACTGACCACTGCACTCCAGCCTGGATGACAGAGTGAGACTCTGTCTTTAAAAAAAGAAAAAAAA","GGCTAGGTACAGTGGCTCATGCCTGTAATCCCAGCACTTTGGGAGGCTGAGGTAGGCAGATCACTTGAGGTCAGGAGTTTGAGACCAGCCTGGCCAACATGGTGAAGCCCCATCTCTACTAAAAATACAAAATTAGCCAGGCATGGATGGTGTCGTGTGCCTGTATTCCCAGCTACTTGGGAGGCTGAGGCAGGAGAATTGCTTGAACCTGGGAGGTGGAGGTTGCAGTGAGCCAAGATTATGCCACTGCACTCCAGCCTGGGTGACAGAGTGAGACTTTGTCTAAAAAAAAAAAAAA"
"chr1","7143392","7143670","JH378300","781632","781913","46","6361760","GGCCGGGTGTGGTGGCTCATGCCTGTAATCCCAGCACTTTGGGAAGCCGAGGTGGGTGGATCACTTGAGGTCAGGTGTTCAAGATCAGCCTGCCCAACATAGTGAGGTGGTCTCTACCAAAAATACAAAAATTAGCTGGGCATAATGAAACATGCCTGTAATTCCAGCTACTCGGGAGGCTGAACAGGAGAATCACTTGAACCTGGGAGGCAGAGGTTGCAGTGAGCTGAGATCGAACCACTGCACTTCAGCCTGGCCAACAGAGTAAGACCTTGTCTC","GGCTGGGCGTGGTGGCTCACATCTGTAACCCAGCACTTTGGGAGGCTGAGATGGGTGGATCACTTGAGGTCAGGAGTTTAAGACCAGCCTGGGCAACATGGTGGAACCCCGTCTCTACTAAAAATACAAAAATTAGCTGGGCATAGTGGTGCATGCCTGTAATACCAGCTACTCGGGAGGCTGAGGCCGGAGAATTACATGAACCTAGGAGGCAGAGGTTGCAGTGAGCCAGGATCGCACCACTGCACTCCAGACTTGGCGACAGAGTGAGACTCTGTCTCA"
"chr1","7144484","7144766","JH378114","30421755","30422034","40","23277271","GACTGGGCATGGTGCCTCACACCTGTAATCCCAGCACTTTGGGAGGCTAAGGTGGGTGGATCACTTGATGTCAGGAGTTCAAGACCATCCTGGCCAACATGGTGAAACCCCGTCTCTACTAAAAATACAAAAATTAGCCAGTCATAGTGACGCACGTGCCTGTAGTCCCAGCTACTTGGGGGGCTGAGGTGGGAGAATGGCTTGAACCTGGGAGGTGGAGGTTTCAGTGAGCCAAGATCGCACCATTGCACTCCAGCCTGGGTGACAGAGTAAAACTCCATCT","GGCCAGCATGGTGGCTCACACCTGCAATCCCAGCATTTTGGGAGGCCAAGGTGGGCAGACCACTTGAGGTCAGGAGTTCGAGACCAGCCTGGCCAACATGTGAAACCCCTGTCTCTACTAAAAATACAAAAATTAGCCAGGCATGGTGGCATGTGCCTGTAGTCCTAGCTATTCAGGTGGCTGAGGCAGGAGAATTGCTTGAACCAGGGATGTGGAGGTTGCAGTGAGCCGAGATTGTCCCATTGCACTCCAGCCTGGGTGGCAGAGCAAGACTTCATCT"
"chr1","7153237","7153524","JH378181","227616","227898","40","6925621","GCTGGGCATGGTGGCTCACACCTGTAATCCCAGCACTTTGGGAGACCAAGGCAGGTGGATCATTTGATGTCAGGAGTTTGAGACCAGTCTGGCCAACATGGTGAAACCCTGTGACTACTAAAAATACAAAAATTAGCTGGGTGTTGTGGTGTGTGCCTGTAATCCCAGCTACTCAGTAGGCTGAGGCAGGAGAATTGCTTGAACCCAGGAGGCAGAGGTTATAGTGAGCCAACATGGCACCACTGTACTCCAGCCTGGGTGACAGAGAAAGACTCTGTCTCAAAAAAA","CTGGGCATGGTGGCTCACACCTGTAATCTCAGTACTTTAGGAGGCAGAGGCAGGTGGCTCACTTGAGGTCAGGAGTTTGAGACCAGCCTGGCCAACATGGTGAAACCCTGTCTCTACTACAAATACAAAAATTAGCTGGGCATGGTGGCACACACCAGTAATCCTAGCTACTCAGGAAGCTGAGTCAGGAGAATTGCTTTAACCCAGGAGGCAGAGGTTACAGTGAGCCAAGATGGTGCCACTGCACTCCAGCCTGGGTGACAGAGTGAGACTCTGTCTCAAA"
"chr1","7183711","7184024","JH378221","898166","898458","54","6285545","GGCCAGGCACAGTGGCTCATGCCTGTAATTCCAACACTTTGAGAAGTTGAAGAGAGCAGATCACTTGAGCCCAGCTCAAGTCCAGTCAGGAGTTCGAGACCAGCCTGGCCAACATGGTGAAACCACTTCTCTACTGAAAATACAAAAATCAGCTGAGTGTGGTGGTGCATGCCTGTAGTCTCAGCTACTCAGGAGGCTGAGGCAGGAGACTCACTTGAACTTGGGAGGCGGAGATTGCAGTGAACTGAGATCTGAGATTGCACTACTGCACTCCAGCCTGGCATGAGCAAGACTCCATTCAAAAAAAAAAAAAA","GGCCAGGCGCAGTGGCTCACGCCTGTAATCTCAGCACTTTGGAAGGCTGAGGGGAGCAGATCACTTGAGGTCAGGAGTTCAAGACCAGCCTGGCCAACATGGTGAAACCCCATCTCTACTGAAAATACAAAAATCAGCTGAACGTGGTGGTGCATGCCTATAGTCCCAGATACTCAGGAGGCTGAGGCATGAGATTCACCTGAACCTGCGAGGCAGAGGTTGCAGTGAGTTGAGATCTGAAATCACACCACTGCACTCCAGTCTAGCATGAGCAAGACTCCATTAAAAAAAAA"
"chr1","7255246","7255531","JH378221","828783","829082","49","6426463","GACCAGGTGTGGTGGCTCACGTGTGTAATCTCAGCACTTTGGGAGGCTGAGGAGGGCAGATTGCTTGAGCTCATGAGTTCAAGACTAGCCTGGACAACATGGCAAAACCCTGTCTCTACAACAAAGTGTGGTGGCGCATGCCTGTGGTCCCAGCTACTCAGGAGGCTGAGGTGAGAGAATCACTTGAGACCAGGAGGCGGAGGTTACAGTGAACCGAGATAGCACCACTGCACTCCAGCCTGGGTGACAGAGTGAGACCCCATCTCAATTAAAAAAAAAAAAAAAA","GACCAGTCACAGTAACTCACACATGTAATCCCAGCACTTTGGGAGGCTGAGGCAGCTGGATTGCTTGAGCTCATGAGTTCAAGACCAGCCTGGGCAACATAGTAAAACCCCTGTCTATACAAGAAAGTAGCTGGGTGTGATGGCGCATGCCTGTGGTCCCAGCTACTCAGGAGGCTGCGGTGGGAGAATCACCTGAGCCCAGGAGGCAGAGGTTACAGTGAGCCAAGATAGCACCACTGTACTCCAGCCTGGGTGACAAAGTGGGACCACATCTCAATTTTTAAAAAAAGAAGACGAAAA"
"chr1","7353802","7354133","JH378196","3872159","3872491","60","3481643","GCTGGGTGCAGTGGTTCATGCCTGTAATCCCAGCACTCAGGGAGGCCGAGGTGGGTGAATCACTTGAGGTCAGGGGTTCAAGACCAGCCTGGCCAACATAACGAAACCCTGTCTCTACTAAAATTACAAAAATTAGCCGGGCATGGTGGTGCACACCTGTAATTCCAGCTACTCGGGAGGCTGAGGCAGGATAATTGCTTGAACCTGGGAGGCAGAGGTGAGCTTAGATTGCACCACTGCACTCCAGCCTGGGTGACAGAGCAAGAACTCTTTCTACAAAAAAAAAAAAAAAAAAAAAAAAAAAAAAACCAAAACCAACAAGACAAACAAAA","GGCTGGGGGCAGTGGCTCACGCCTGTAATCCCAGAATTTTGGGAGGCTGAGGAGGGTGGATCATTTGAGATCAGGAGTTTGTGACCAGCCTGGCCAAATGGTGAAACCCTGTCTCTACTAAAAACACAAAAATTAGTTGGGCGTGGTGATGCACGCCTGTAATCCCAGCTACTTGGGAGGTGGAGGCAGGATAATAGGTTGAACCTGGGAGGTGGAGGTTGCAGTGAGTTGACATTGCACCACTGCAATCCAGCCTGGGTGACAGAGCAAGACTCTGTCTCAACAAAACAAAACAAAACAAAACAAAACAAAACAAAACAAAACAAAACAGAA"
"chr1","7391376","7391646","JH378122","2843350","2843620","45","4548026","TTTGAGGAGGCCGAGGCAGGTGATCATTTGAGGTCAGGAGTTCGAGACCAGCCTGGCCAACATGGTGAAACCCTGTCTCTACTAAAAATGCAAAAATAAGCCGAGTGATAGTGGTGTGCACCTGTAATCCCAGCTACAGGGGAGGCTGAGGCAAGGGAATCGCTTGAACCCGGGAGGCAGAGGTTGCAATGAGCTGAGACTGTACCACTGCACTCCAGTCTGGGTGACAGAGTGAGAGCCTGTCTCAAAAAAATAATAATTAAAAAATAAA","TTTGGAGCCCAAGGCAGGCAGATCACTTGAGGTCAGGAGTTCGAGACCACTGTGGCCAATATGGTGAAATCCCATCTCTACTAAAAATATAAAAATTAGCCAGGAGTGGTGGCACCTGTAATCCCAGCTACTTGGGAGGCTGAGGCCAGAGAAGAATCACTTGAACCCGGGAGGAAAAGGTTGCAGTGAGCTGAGATTGTGCCACTGCACTCCAGCCTGGGTAACAGAGCGAGACTCTGTCTCAAAAACAAAATACATAAATAAAATAAAA"
"chr1","7463336","7463647","JH378134","9261505","9261814","47","1798169","GGCCAGGGCAGTGGCCCAGCCCTGTAATCCCAGCACTTTGGAAGGCCAAGGCGGGCGGATCAATTGAGGACAGGAGTGCAACACCAGCCTGGCCAACATGGTGAAACCCCGTCTCTACTGAAAATACAAAAATTAGCTGGGCGTCATGGTGCATGTCTGTAATCCCAGCTACTTGGGAGGCTAGGGCAGGAGAATCGCTTGAACCTGGGAGGTGGAGGTTGCAGTGAGCCGAAATAGTGCCACTACACTCCAGTCTGGGCAACAGAGCAAGACTCGGTCTACAAAAAAAAAAAGAAAAGAAAGAAAAAAGAA","GGCCAGCCATGGTGGCTTACACCTGTAATTCCAGCACTTTGGGAGGCCAAGGCAGGTGGATCACTTGAGGTCAGGAGTTTGAGACCAGCCTGGCCAACATAGTGAAATCCCGTCTCTACTGAAAATACAAAAATTATCCAGGCATGGTGGTGCATGTCTGTAATCCCAGCTACCTGGGAGGCTGAGGCAGGAGAATCACTTGAACCTGGGACGGGAGGTTGCAGTGAGCTGAGATTGCACCAGTACATTCCAGCCTGGGCAACAGAGCAAGACTCCGTCTCAAAAAAAAAAAAAAAAGGAAAAAGAAAAA"
"chr1","7546654","7546968","JH378127","1791547","1791857","44","5755107","GGCCGGGCACGGTGGCTCACGCCTGTAATCCCAGCACTTTGGGAGGTCGAAGTGGGCAGATCACTTGAGGTCAGGAGTTTGAGACCAGCCTGGCCAACATGGTGAAACCCTGTCTCTACTAAAAATATAAAAATTAGCCGGGCATGGTGGTGTGCACCTGTAATCCCAGCTACTTGGGAGGCTGAGGCAGGAGAATCTCTTGAACCCTGGGAGGCAGAGGTTGCAGTGAGCCGCAGTCACACCACTGCACTCTAGCCTGGATGACAGAGCGAGACCTTAGTACCCCCCAAAAAAAATAGAAAAGAAAAAAGAAAA","GGCCAGGCATGGTGGCTCACGCCTATAATCCCAGCACTTTGGGAGGCCAAGGTGGGCAGATCACTTGAGCTCAGGAGTTCAAGACCAGCCTGGCCAACATGGTGAAACCCTGTCCCTACTAAAAATACAAAAATTAGCCAGGCAGGGTGGCACACACCTGTAATCCCAGCTACTTGGGAGGCTGAGGCAGGAGAATCGCCTGAACCCAGGAGACAGAAGTTGCAGTGAGCCGAGATCATGCAGCTGTACTCCAGCCTGGGTGACAGAGTGAGACACTGTCTCAAAAAAAAAAAGAAAGGAAAAAAGGAAAA"
"chr1","7555461","7555772","JH378127","1791547","1791857","42","5763914","GGCCAGGCGTGGTGGCTTACACCTGTAATCCTAGCACTTTGAGGGGTCAAGGTGGGCAGATTCACTTGAGGCCAGGAGTTCAAGATCAGTCTGGCCAACATGGCGAAATCCCGTCTCTACTAAAAATACAAAAATTAGCCAGGTATGGTGGCACACACCTGTAATCCCAGCTACTCGGGAGGCTGAGGCAGGAGAATTGCTTGAACCCAGGAGGCAGAGGTTGCAGTGAGCCGAGATCACGCCACTGCACTGCAGCCTAGGCAACAAAGTGAGACTCTGTCTCAAAAAAACAAAAAACAAAAAACCAAAAAA","GGCCAGGCATGGTGGCTCACGCCTATAATCCCAGCACTTTGGGAGGCCAAGGTGGGCAGATCACTTGAGCTCAGGAGTTCAAGACCAGCCTGGCCAACATGGTGAAACCCTGTCCCTACTAAAAATACAAAAATTAGCCAGGCAGGGTGGCACACACCTGTAATCCCAGCTACTTGGGAGGCTGAGGCAGGAGAATCGCCTGAACCCAGGAGACAGAAGTTGCAGTGAGCCGAGATCATGCAGCTGTACTCCAGCCTGGGTGACAGAGTGAGACACTGTCTCAAAAAAAAAAAGAAAGGAAAAAAGGAAAA"
"chr1","7629776","7630024","JH378145","582483","582727","36","7047293","CCGAGGCGGGCGGATCACTTGAGCCCAGGAGTTCAAGACCAGCCTGGCCATCATGGTGAAACTCCGTCTCTACTAAAAATACAAAAATTAGTTGGGTGTGGTTGCACTTGCCTATAATCCCAGCTACTCAGGAGGCTGGGGCACGAGAATCGCTTGAACCCAGGAGGCGGAGGTTGCAGTGAGCTGAGATCATGCCACTGCACTCCAGCCTTGGTGACAGAGTGAGACTCCATCTCAAAAAAAAAAAAA","CCGAGGCATGTGGATCACTTGAGGTCAGGAGTTCAAGACCAGCCTTGCCAACATGGCAAAACCCTGTCTCTACTGAAAATACAAAAATTAGCCAGTTGGTGGCATGTGCCTGTAATCCCAGCTACTCAGGAGGCTGAGGCAAGAGAATCGCTTGAACCTGAGAGGTGGAGGTTGCAGTGAGCCAAGATCGTGCCACTGCACTCCAGTCTGGGTGACAAAATGAGACTCCATCTCAAAAAAAAAAA"
"chr1","7649567","7649859","JH378278","3122874","3123168","51","4526693","GCTGGGTGCGGTGGCTCACGCCTGTCATCGCAGCAGTTTGGGAGGCTGAGGCGGGTGGATTGCTTGAACCCAGGAGTTCAAGACCAGCCTGGCCAATATAGTGAGACCCCATCTCTACAAAAAATACAAAAATTAGCCAGGCATGGTGGTGTGTGCCTGTAGCCCCAGCCTCAGGAGGCTGAAGTGGGAGGATCACTTGAGCTCAGGATGCAGAGGTTGCAGTGAACTGAGATCACGCCACTGCACTCCAACCTGGACGATGGAGTGAGACTCTGTCTAAAGAAAAAAAAAAA","GGCTGGGTGCGGTGGCTCCTGCCTGAAATTCCAGCACTTTGGGAGGCTGAAGAGGTTGGATGATTTGAAGTCAGGAGTTCGAGACCAGCCTGGTCAATATGGTAAAACCCCTTCTCTACTAAAAATACAAAAATTAGCCAGGCATGGTGGCATGTGCCTGTAATCCCAGCTACTTGGGAGGCTGAGGCAGGAGAATTACTTGAACCTGGGAGGCAGAGGTTGCAGTGAGCTGAGATTGTACCACTGCACACCAGCCTGGATGATGGAGTGAGACTCTGTCTTAAAAAAAAAAAAA"
"chr1","7663774","7664083","JH378137","16253596","16253904","45","8589822","GGCCAGGCGTGGTGGCTCACACCTGTAATCCCTGCACTTCAGGAGGCCGAGGTGGGTGTATCACTTGAGGTCAGGAGTTCAAGACCAGCCTGACCACCATGCTGAAACCCTGTCTCTACTAAAAGTACAAAACTTAGCCAGGCGTGGTGGCGCACACCTGTAGTCCAGCTACTCAGGAGGCTGAGGCATGAGAATTGCTTGAACCCAAGGGTCGGAGGTTGCAGTGAGCTCAGATTGCACCACTGCACTCCAGCCTGGGTGACAGAGTGAGACCCTGTCTCAAAAAATGAATAAATAAATATATTAAAAA","GGCCAGGTGAGGTGGCTCATGCCTGTAATCCCAGCACTTCGGGAGTCCGAGGCAGGCAGATCACTTGAGGTCAGGAGTTCAAGACCAGCCTGGCCAACATGGTGAAACTCTGTCTCTACTAAAAATACAAAAACTAGCAGGGCGTGGTGGCGTACACCTGTAGTTCCAGCTACTCGGGAGGCTGAGACATGAGAATCACTTGAACCCAGGAGTCAGAGGCTGCAGTGAGCTGAGATTTTGCCACTGCACTCCAGCCTGGGTGATGGAGTGAGACTCTGTCTCAAAAAATAAAAATAAGTAAAGGACAAA"
"chr1","7682115","7682416","JH378262","1936694","1936996","44","5745421","GGGCACAGTGGCTCACCCCTGTAATCCCAGCACTTTGGGAGGCCAAGGTGGGCGGATCACTTGCGTCAGGAGTTCGAGACCAGCCTGGCCAACATGGTGAAACTCCATCTCTACTAAAAGTACAAAAATTAGCTGGGTGTGGTGGCACAAGCCTATAGTCCCAGGTACCAGGGAGGCTGAGGCAAGAGAATCACTTGAACCCAGGAAACAGAGGTTGCAGTGAGCCGAGATTGCATCACTGCTCTCCAGCCTGGCAAAAGAGTGAGACTCCATCTCAAAACAAAAAACCAACAAAAAGAAGA","GGCCAGGCGCCATGGCTCACACATGTAATCCCAGCACTTTGGGAGGCCAAGGTGGGCAGATCACTTGAGGTCAGGAGTTCGAGACCAGCCTGGCCAACATGGTGAAACCCCGTCTCTACTAAAAATACAAAAATTAGCTGGGTGTGGTGGTGTGTGTCTGTAGTCCCAGCTACTCAGGAGGCTGAGGCAGGAGAATCTCTTGAACCCGGGAGGCAGAGGTTGCAGTGAGCCGAGATCGCACCACTGCCCTCCAGCCTGGGCCACAGAGTGAGACTCCCTCTCAAAAAACAAAAAACAAAAAAA"
"chr1","7697718","7698015","JH378105","55574476","55574778","44","47876758","GGCTGGGCATGGTGGCTCACGCCTGTAATCCCAGCACTTTGGGAGGCTAAGGCGGGTGGATCACTTGAGGTCAGGAGTTCGAGACCAGCCTGGCCAACATGATGAAACTCTGTCTGTACTAAAAATGCAAAAATTAGCTGGGTGTGGTGGTACACACCTGTAATCCCAACTACTTGGGAGGCTGAGGCAGGAGAATCACCTGAACCCAGGAGGCAGAGGCTGCAGTAAGCTGAAATGGAGCCACTATACTCTAGCCTGAACGACAGAGCAAGACTCTGCCAAAAAAAAAAAGGAACAA","GGCCGGGCACAGTGGCTCACGCCTGTAATCCCAGCATTTTGGGAGGCCAAGGTGGGCAGATAACTTGAGGTCAGGAGTTCGAGACCAGCCTGGCCAACATGGTGAAACCCCATCTCTACTAAAAATACAAAAATTATCTGGGTGTGATGGCACACACCTGTGATCCCAAATACTTGGGAGGCTGAGGCAGGAGAATCGCTTGAACCTGGGAGGTAGAGGTTGCAGTGAGCTGAGATTGTGCCATAGCACTCCAGCCTGGGTGACAGAGCAAGACTCCGTCTCAAAAAAAAGAAAGGAAGGAAA"
"chr1","7740877","7741175","JH378105","45886739","45887040","41","38145862","GGCCAGGCAAGGTGGCTCACGCCTGTAATCCCACCACTTTGAGAGGCTGAGACAGATCACTTGAGGTCAGGAGTTCAAGACCAGCCTGGCCAACATGGTGAAACCCAGTCTCTACTAAAAATACAAAAAAGCTAGTCGGGTGTGGTGGTGTATGCCTGTAGTCCCAGCTACTCAGGAGGCTGATACAGGAAAATCGCTTGAACTCAGGAGGTGGAGGTTACAGTGAGCCGAGATGGCACCACTGCACTCCAGCCTGGGTGACACAGTGAGACTCTGTCTCAAAAAAAAAGAAAAAAAAA","GGCAGGACGTGGTGGCTCATGCCTGTAATCTCAGCACTTTGAGAAGCTGAGGTAGGTGGATCACTTGAGCCCAGGAGTTCAAGACCAGCCTGGCAAACATGGTGAAACCCTGTCTCTCCTAAAAATATAAAAAAATTAGCCAGGAGTGGTGGTGCACACCTGTAATCCCAGCTACTCGGGAGGCTGAGGCAGGAGAATCGCTCGAACCCAGGAGGTGGAGGTTGCAGTGAGCTGAGATCGCACCACTGCACTCCAGCCTGGGTGACAGAGTGATACTCTGTCTCAAAAAAAAAAAAAAAAAA"
"chr1","7742374","7742661","JH378221","354531","354820","30","7387843","GGCCAGGCACGGGGTCTCACGCCTGTAATCCCAGCACTTTGGGAGGCTGAGGTGGGCAGATCACTTGAGGTCAGGAGTTCAAGACCAGCCTGGCCAACATGGTGAAACCCCGTCTCTACTAAAAATACAAAAAAGATTAGCTGGGCATGGTGGCATGTGCCTGTAGTCCCAGCTACTTGGGTGGCTGAGCCAAGATAATCGCTTAAACTCAGGAGGCGGAGGTTGCAGTGAGCCAAGATCATGCCATTGCACTCCAGCCTGGGCAACAGAGTGAGATTCCATCTCAAA","GGCCAGGCACTGGGTCTCACGCTTGTAATCCCAGCACTTTGGGAGGCCGTGGCGGGCAGATCACTTGAGGTCAGGAGTTCAAGACCAGCCTGGCCAACATGGTGAAACCCCATCTCCACTAAAAATACAAAAAAAATTAGCTGGCCATGGTGGCACATGCCTGTAGTCCCAGCTACTCAGGAGGCTGAGCCAGGATCATCACTTGAACCCAGGAGGTGGAGGTTGCAGTGAGCCAAGATCATGCCACTGCATTCCAGCCAGGGAGACAGAGTGAGACTTAATCTCAAAAA"
"chr1","7746964","7747212","JH378275","1692408","1692657","34","6054556","GGCTGGGCGTGGTGGCTCATGCCAGGAACCTAGCACTTGGGAGGCTGAGGCAGGCAGATCACTTGAGATCGGGTGTTCGAGACCAGCCTGGCCAACATGGTGAAACCCTATCTCCGCTAAAAATACAAAAATTAGCTAGAAATCGCTTGAACCTAGGAAGCAGAGGTTGGAATGAGCCAAGATCGTGCCACTGCACTCCAGCCTGGGTGACAGAGCGAGACTCTGTCTCAAAAAAAAAAAAAAAAGAAA","GGCTGGGCGCAGTGGCTCATGCCTGTAATCTTAGCACCTTGGGAGGCCGAGGCGGGCAGATCACTTGAGGTCAGGAGTTCAAGACCAGCCTGGCTAACATGGTGAAACCCTGTCTCTACTAAAAATACAAAATTTAGCCAGAAATTGCTTGAACCCTGGAGGCAGAGGTTGCAGTGAGCCAAGATCATGCCACTGCACTTCAGCCTGGGCAACAGAGCAAGACTCTGTCTTTTAAAAAAAAAAAAAAAAA"
"chr1","7755789","7756083","JH378191","967537","967830","37","6788252","GGCTGGGAACAGTGGCTCATGCCTGTAATCCCAGCACTTTGGGAGGCCGAGGTGGGTGGATCACTTGAGATCAGGAGTTCCAGATCATCCTGGCCAACATGATGAAACCCTGTCCCTACTAAAAATACAAAAATTAGCCAGGTATGGTGGCGCTTGCCTATAATCCCAGCTACGTGGGAGGCTGAGGCAGGAGAATCACTTAAACCCGGGAGGTGGAGGTTGCAGTGAACCAAGATCGCGCCACTGCACTCCAGCCTGGGCGACAGCGCGAGACTCCAACTCAAAAAAAAAAAAA","GGCTGGGCGTGGTGGCTCACGTCTGTAATCCCAGCACTTTGGGAGGCCGAGGTGGGTGGATCACTTGAGGTCAGGAGTTCGAGACCAGCCTGGCCAACATGGTAAAACCCTGTCTCTACTAAAAATACAAAAATTAGCTGAGCGTGGTGGCACGTGCCTATAATCCCAGCTGCTTGGGGAGCTGAGGCAGGAGAATCACTTGAAACCGGGAGGCGGAGGTTGCAGTGAGCCAAGATCGCGCCACTGCACTCCAGCCTGGGTGACAGAGTGAGTCTCCGTCTGAAAAAAGAAAAA"
"chr1","7758280","7758582","JH378242","734891","735189","44","7023389","GGCTGGGTGCGGTGACTCATGCCTGTAATCCCAGCACTTTGGGAGGCCAAGGCAGGCGGATCACTTGAGGTTAAGAGTTCGAGACCAGCCTGGCCAACATTGTGAAAACCTGTCTCTACTAAAAATACAAGAATTAGGCGGGTGTGGTGGCACGCACCAGTAATTCTAGCTACTTGGGAGGCTGAGGCAGGAGAATCACCTGAATTGGGAGGTGGAGGATGCAGTGAGCAGAGATTGCACCACTGCACTTCTCCAGCCTTGGCAACAGAATAAGACTCCATTTCAAAAAAAGAAAAAGAAAAA","GGCTGGGTACGGTGGCTCACGCCTGTAATCCCAGCACTTTGGGAGGCGGAGGCAGACAGATCACTTGAGGTCAGGAGTTCGAGACCAGCCTGGCCAACATGGTGAAACACTGTCTCTACTAAAAATACAAAAATTAGCCAGGTGTGGTGGCACATACCTGTAGTCCCAGCTACTTGGGAGGCTTAGGCAGGAGAACCGCTTGAACCCAGGAGGTGGAGGTTGCAGTGAGCCGAGATCGTGCCACTGCACTCCAGCCTGGGCAACAGAGCGAGACTCCATCTCAAAAAAAAAAAAAAAAA"
"chr1","7759537","7759845","JH378119","2681409","2681712","44","5078128","GGCCGGGCGCTGCGGCTCATGCTTGTAATCCCAGCATTTTGGGAGGCCAAGGCGGGCAGATCACTTGAGGTCAGGAGTTCAAGACCAGCCTGGCAACATGGTGAAACCCCGACTCTACTAAAACTAGAAAAATCTGCTGGGCATGGTAGCACACGCCTGTAGTCCCAGCTACTCGGGAGGCTGAGGCAGTAGAATCGCTTGAACCTGGGAGGTGGAGGTTGCAGTGAGCCCAGATCATGCCACTGCACTCCAGCCTGGGCGACACAGCCAGACTCAGTTTAAAAAAAAACCAAAAAAACCAAAAACAAA","GGCCAGGTGTGCTGGCTCATGTCTGTAATCCCAGCACTTTGGGAGGCCAAGGCAGGCAGATCACTTGAGTTCAGGAGTTTGAGACCACCCTGGCCAACATGGTGAAACCCTGTCTCTACTACAAATTCAAAAACTAGCTGGCTGTGGTGGTGCGCGCCTGTAGTCCCAGGTACTCGGGAGGCTGAGGCAGGAGAATCGCTTGAACCTGGGAGGTGGAGATTGCAGTGAGCCAAGATCATGCCACTGCACTCCAGCCTGGGCAACAGAGCAAGACTCCGTCTCAAAAAAAAAAAAAAAAAAAAAA"
"chr1","7766650","7766959","JH378135","16046002","16046306","39","8279352","GGCCGGGTGCGGTGGCTCACGCCTGTAATCTCAGTACTTTGGGAGGCCGAGGCAGGCAGATCACTTGAGGTCAGGAGTTTGAGACCAGCCTGGCCGACATGGTGAAACCCTGTCTCTACTAAAGATACAAAAAATTAGCTGGGCGTGGTGGTACACACCTGTAATCCCAGCTACTTGGGAGGCTGGGGCAGGAGAATCTCTTGAACCTGGGAAGCGGAGGTTGCAGTGAGCCAAGATTGCACCATTGCACTCCAGCCTGGGCGACAGGGAGAGATTCCGTCTACAAAAAAAAAAAAAAAAAAAAGGAAAA","GCCAGGCGCAGTGGCTCACGCCTGTAATCCCAGCATGTTGGGATGCTGAGGTGGCAGATCACTTGATGTCAGGAGTTTGAGACCAGCCTGGCCAACATGGTGAGAACCCATCTCTACTAAAAATACAAACATAAGCCAGGCATGGTGGTACACACCTGTAATCCCAGCTACTCGGGAGGCTGAGGCAGGAGAATCGCTTGAACCTGGGAGGCAGAGGTTGCAGTGAGCCAAGATTGTACCACTGCACTCCAGCCTGGGAGACAGAGTGAGATTCTGACTCAAAAAAAAAAAAAAAAAAAAAAAAA"
"chr1","7769080","7769350","JH378229","2648106","2648374","45","5120974","GGCCGGCCATGGTGGCTCATGCCTGTAATCCCAACACTTTGGGAGGCCGAGGCAGCTGGATCACTTGAGGTCAGGAGTTCGAGACCAGCCTGGCCAACGTGGTCAAACCGTGTCTCTACTAAAAATACAAAAATTAGCTGGCCATGGTGGTGTGCGCAGGACAATCTGTTGAACCCAGGAGGCAGAGGTTGCAGTGAGCCAAGATTGTGCCACTGCACTCCAGCCTGGGCGACAGAGCAAGACTCTGTCTCAAAAGAAAAAAAAGAGAAAA","CCAGGCATGGTGGCTCCCGCCTGAAATCCTGGAACTTTGGGAGGCCGAGGCTGAGACAGATCACTTGAGATCAGGAGTTTGAGACCAGCCTGGCCAACATGGTGAAACCCTGTCTCTACTAAAAATACAAAAACTAGCTGGGCATGATGGCTGAGGCATGAGAATTGCTTGAACCAGGAGGCGGAGGTTGCAGTGAGCCAAGATCATGCCACTGCACCCCAGCCTGGGCAATGGAGTGAGACTCAGTCTCAAAAAAAAAAAAAAAAAAA"
"chr1","7776245","7776536","JH378140","5325520","5325814","36","2450725","GGCTGGGCCTGGTAGGCTCATGCCTGTAATTCAAGCACTTTGGGAGGCTGAGGTGGGCAGATCACTTGAGCTCAGGAGTTCAAGACCAGCCTGGCCAACATGGCGAAACATCATCTCTACTAAAAATACAAAAATTAGCTGGGCATGGTGGTGCGTGCCTGTAATCCCAGCTACTCGGGAGGCTGAGGCAGGAGAATCACTTGAACCCGGGAGGCAGAAGTTGCAGTAAGTCGAGATCGCACCACTGCACTCCAGCCTGGGCAACAGAGTTAGACTCCGTCTCAAAAAAAAA","GGCTGGGCATGGTGGCTCACGCCTATAATCCCAGCCCTTTGGGAGGCTGAGGCAGGTAGATCACTTGAGGTGAGGAGTTCAAGACCAGCCTGGCCAACATGATGAAACCTCATCTCTACTAAAAATACAAAAACTTAGCCAGGCATGGTGGTACGTGTCTGTAATCCCAGCTACTCAGGAGTCTGAGGCAGGAGAATCGCTTGAACCCAGGAGGCAGAGGTTGCAGTGAGCTGAGATCGCACCACTGCACATCAGCCTGGGCAACAGAGAGAGACTCTGTCTCAAAAATAAAAAA"
"chr1","7794554","7794844","JH378221","300120","300403","42","7494434","GGCCGGTGCAGTGGCTCACGCCAGTAATCCCAACATTTTGGGAGACCGAGGCCAGCAGATCACTGGAGCTTAGGAGTGTGAGAACAGCCTGGCTAACACAGACCATCTTTACCAAAAACACAAAAATTAGCCAGGTGTGGTGGCTGCACCTGTAGTTCCAGCTACTCGGGAGGCTGAAGCAGGAAACTGGCTTGAGCCCAGAAGACGGAGGTTGCAGTGAGCCGAAATCGCGCCACTGCACTCCATCCAGCCTGGACAACAGAGCAAAACCCTGTCTCAAAAAATAAAAAA","GGGCGGGTGCGTGGCTCACACCACTAATCTCAACACTTCGGGAGACCGAGGCCAGCAGATCACTGGAGTTCTGGAGTTTGAGACCAGCCTGGCCAACATAAACCATCTTTACCAAAAACATAACAATTAGCCAGATATGGTGGCTGCGCCTGCAGTTCAGCTACTCGGGAGGCTGAAGCAGGAGAATGCCTGGAGCCCAGAAGACAGGTTGCAGTGAGCGCATATGGCGCCACTGCACTCCACCCTGAGCGACAGAGCAAGACCCTGTCTCAAAAAAAAAAAAA"
"chr1","7807337","7807633","JH378126","782415","782718","43","7024922","GGCCAGGCATGGTGGCTCACGCCTGTAATCCCAACACTTTGGGAGGCCGAGGAGGTTGGATCACTTGAGGCCAGGAGTTCGAGACCAGCCTGGCCAACATGGAGAAACCCCGTCTCTACAAAAAATATAAAAATGAGCTGTGGCGGTGCATGCCTGTAGTCCCAGCTACTCGGGAGGCTGAGGTGGGAGAATTGTTGGAACCCAGGAGGCAGAGATTGCAGTGAGCCGAGATCGTGCCACTGCACTCCAGCTTGGGGGACACAGTGAGATCCTGTCTACAAAAAAAAAAGAAAGAAA","GGCCAGGTGTGGTGGCTCACACCTGAAATCCCAGCACTTAGGGAGGCCGAGGGGGGTGGATCACTTGAGGTCAGGAGTTCCAGACTAGCCTGGCCAACATGGTGAAACCCCGTCTCTACTAAAAATAGAAAAAATTAGCTGGACGTGGTGGTGTATGCCTGTAATCCCAGCTACTTGGAAGGCTGAGGCAGGAGAATTGCTTGAACCCAGGAGGCGAAGATTGCAGTGAGCCAAGATTGTGCCACTGCACTCCATCCTGGGTGACAGAGTGAGACTCCATCTCAAAAAAAAAAAAAAAAAGAAA"
"chr1","7815921","7816211","JH378115","28716128","28716418","40","20900207","GGTTGGGCGTGATGGCTCACACCTGTAAGCCCAGCACTTTGGGAGGCCAAGGTGGGTGGATCATTTGAGGTCAGGAGTTCGAGACCAGCCTGGCCAACATGGTGAAACCTGTCTCTATTAAAAATACAAAAATGAGCTGGGTGTGGTGGCATGCGCCTGTAATCCCAGCTACTGGAGAGGCTGAGGCAGGAGAAACATTTGAACCCAGGAGGTGGAAGTTGCAATGAGCCGCGATCAGGCCACTGTACTCCAGCCCGGGTGACAGACTGAGATCCTGTCTCAAAAAAAAAA","GGCCGGGCGTGGTGGCTCACACCTGTAATCCCAGCACTTTGGGAGGCAAAGGTGGGTGGATCACTGGAGGTCAGGAGTTCGAGACCAGCCTGGCCAACATGGTGAAACCCCATCTCTACTGAAAATACAAAAATTAGTCAGGCATGGTGGTGCCTGCCTGTAGTCCCAGCTATTGGGAGGCTGAGACAGGAGAATCATTTGAACCTAGGAGGCGGAAGTTGCAGTGAGCTGAGATCACGCCACTGCACTCCAGCCTGGGTAACAGACCAAGACTCTGTCTCAAAAAAAAAA"
"chr1","7818979","7819273","JH378213","3242672","3242967","34","4576307","GGCCGGGTGCAGTGGCACACTCCTGTAATGCCAGCACTTTGGGAGGCCGAAGCGGGTGGATCACTTGAGGTCAGGAGTTCAAGACCAGCCAGGCCAACATGGCGAAACCCCGTCTCTACTAAAAATACAAAAATTAGCCAGGCGTGGTGGCGTGCACCTGTAATCCCAGCTACTCGGGAGGCTGAGGCAGGAGGATCGCCTGAACCTGGGTGGCAAAGATTGCAGTGAGCCAAGATTATGCCACTGCACTCCAGCCTGGGTGACAGAGCAAGACTCTGTCTCAAAAAAAAAAAAA","GGCTGGGCGCGGTGGCTCACTCCTGTAATCCCAGCACCTTGGAAGGCTGAGGTGGATGGATCACTTGAGGTCAGGAGTTCCAGACCAGGCTGGCCAACATGGTAAAACCCTGTCTCTACTAAAAATACAAAAATTAGCCAGGCGTGGTGGCGTGTGCCTGTAGTCCCAGCTACTTGGGAGGCTGAGGCAGGAGGATTACTTGAACCTGGGAGGCAAAGATTGCAGTGAGCCGAGATCAGGCCACTGAACTCCAGCCTGGGACACAGAGCGAGACTCTGTCTTAAAAAAAAAAAAAA"
"chr1","7849169","7849449","JH378206","17099","17389","50","7832070","TGGCTCTTGCCTGTAATCCCAGCACTTTGAGAGGCTGAGGCGGGCAGATTACTTGAGGTCAGGAGTTTGAGACCAGCCTGGCCAACATGGGGAAACCCCATTTCTACAAAAATTAGCTGGGCATGGTGGTGTGCGCCTGCAATCCCACCTACTCTGGAGGCTGAGGCAGGAGAATCACTTGAACCCGGGAGGCAGAGGTTGCAGTGAGCCAAGATCACACCACTGCACTCCAGCGTGGGCAAGGGAGCAAAACTTTGTCTCAAAAAAAAGAAAAAGAGAAA","GTGGCTCATGCCTGTAATTCTAGCACTTTGGGAGGCCAAGGCAGGTGGATTACTTGAGGTTAGGAGTTTGAGACCAGCCTGTCCAACATGGTGGAACCCCATCTCTACTAAAAATTCAAAAATTAGCCAGGTGTTGTGGCATATGCCTGTAATCCCAGCTACTCAGGAGGCTGAGGCAGGAGAATCACTTGAACCCAGAGGCAGAGGTTGCAGTGAGCCGAGATCACACCACTGAGCTCCAGCCTGGCCAACAGAGCAAACCTCTGTCTCAAAAAATAATAATAATAAAAA"
"chr1","7859477","7859761","JH378171","5901188","5901476","49","1958289","GGCCGGGTGTGGTGGCTCACACTTGTCATCCCAGCACGGGAGGCCGAGGTAGGCGGATTGCTTGAGGCCAGGAGTTCAAGACCAGCCTGGGCAACACAGCGAAACCCTGTCTCTACAAAAAATACAAAACTTAGCCAGGCGTGGTGGCATCCACCTGTAATCCCAGCTATTCGGGAGGCTGGTGCAGGAGGATCACTTGAACCTGGAGGCGTGGGTTGCAGTGAGAGGAGATCGCACTACTTCACTCCAGCCCGGGGAACAGAGCAAAACTCCATCTCAAAAGAA","GCTGGGTGCAGTGGCTCACACCTATAATCTCAGCACTTTGGGAGGCCGAGGTAGGGTGGATCACTTGAGGTCAGGAGTTCAAGACCAACCTGGCCAACATGGTGAAACCCTGTCTCTACTAAAAATACAAAAATTAGCTGGGCGTGGTGGCACACACCTGTAATCCCAGCTACTCAGGAGGCTGAGGCAGGAGAATCACTTGAACCCAGGAGGAGGAGGTTGTAGTAAGCTGAGATCACGCTACTGCACTCCAGCCTGGGCAACAGAGCAGGACTCCATCTCAAAAAAA"
"chr1","7871432","7871728","JH378112","34723890","34724187","43","26852458","GGCTGGGCCTGGTGGCTTACACCTGTAATCCCAGCACTTTGGGAGGCCAAGGCAAGAGGATCACTTGAGATCAGGAGTTCGAGACCAGCCTGGCCAACATGGTGAAACCCTGTCTGACTAAAAATACGAAAACTAGCTGGGCATGGTGGTGGACACCTGGAATTCCAGCTACTCGGGAGGCTGAGGTATGAGAATTGCTTGAACCTGTGAGGCAGAAGTTGCACTGAGCCGAGATCACACTACTGCACTCTAGCCTGGGTGACAGAGCAAGGCCTTATCTCAAAAAAAAAAAAAAAA","GGCCTGGCATGGTGGCCCATACCTGTAATCCCAGCACTTTGGGAGTCCAAGGCATGAGGATCACTTGAGGTCAGGAGTTCGAGACCAGCCTGGCCAACATGGTGAAACCCTGCCTGTACTAAAAATACAAAAATTAGCCGGGCATGGTGTTACACCTGTAGTCCCAGCTACTTGGGAGGCTGAGGCAGGAGAACTGCTTGAACCTAGGAGGCAGAGGTTGCAGTGAGCCGAGATCGAGCCACTGCACTTCAGCCTGGGTCACAGAGCAAGACTCCAACTCAAACAAAACAAAATAAAA"
"chr1","7919200","7919497","JH378234","2806107","2806409","44","5113093","GGCTGGGCGCGGTGGCTCACGCCTGTAATCTTGGGAGGTCAAGGCGGGCAGATCACTTGAGGTCAGGAGTTTTAGACCAGCCTGGCCAACATGTTGAAACCTCGTCTCTACCAAAAAATACAAAAATTAGCTGGGCGTGGTGGCGTGCGCCTGTAGTCCCAGCTACTTGGGAGGCTGAGACAGAAGAATTGCTTGAACCTGGGAGGCAGAGGTTGCAGTGAGCCGAGATTGTGCCATTGCACTCCAGCCTGGGTGACAGAGTGAGACTCCGTCTCAAAAAAAAATAAATAAAATAAAA","GGCTGGGCACGGTGGCTTATGCCTGTAATCCCAGTACTTGGGAGGCCAAGGCGGGTGAATCACTTGAGGTCAAGAGTTCGAGACCAGCCTGGCCAACATGGTGAAACCTTGTCTCTACTAAAAACACAAAAATTAGCTGGGCGTGGTGGCACACGCCTGTAGTACCAGCTACTCGGGAGGCCGAGGCAGCAGAATCGCTTGAACCTGGGAGGTGGAAGTTGCAGTCAGCTGAGATTGCGCCACTGCACTCCAGCCTGGGTGACAGAGCGAGACTTTGTCTCAAAAAAAAAAAAAAAAAAAAAA"
"chr1","7964749","7965034","JH378194","7963931","7964213","43","818","CCGGGCTCGGTGGCTCATGCATGTAATCCCAGCACTTTGGGAGGCCGAGGCTGGTGGATCACTTGAGGTCAGGAGTTTGAGACCAGCCTGGCCAACATGGTAAAACCCTGTCTCTACTAAAAACACAAAAAATTTAGCTGGGCGTGGTGGCGCTTGCCTGTAACCCCAGCTACTCAGGAGTCTGAGGCAGGAGAATCACTTGAACCCCAGAGGCAGAGGTTGCAGTGAGCTGAGATCATGCCCCCACACTCCAGCCTGGGTGACAGAGAGACTCAAAAAAAAAAAA","GGACACAGTGGCTCATGCCTGTAATCCCAGCACTTTGGGAGGCCGAGGCGGGTGGATCACTTGAGTCCAGGAGCTCGAGACCATCCTGGTCAACATGGTGAAACCCCATCTCTACTAAAAATACAAAAATTAGCTGGACATGGTGGCGCGTGCCTGTAATCCCAGCTACTCAGGAGGCTGAGGCAGGAGAATCACTTGAACCCAGGAGGCGGAGGTTGCAGTGAGCTGGGATCGCATCACAGTATTCCAGCCTGGGTGACAAGTGAGACTCTATCTCAAAAAA"
"chr1","7965708","7966017","JH378118","20140583","20140886","38","12174875","GGCCAGGTGCAGTGGCTCACAACTGTAATCCCAGCACTTTGGGAGGCTGAGGTGGGCAGATCACTTGAGGTCAGGAGTTTAAGACCAGTTTGGCCAACATGGTGAAACCCCGTCTCTAATAAAAACACAAAAATTAGTTGGGCATGATGGTGCACGCCTGTAGTCCCAGCTACTCGGGAGGCTGAGGTACGAGAATTGCTTGAACCTGGGAGACAGAGGTTGCAGTGAGCCGAGATGGTGCCACTACACTCCAGCCTGGATGACAGAGCAAGACTCTGTCTCAAAACAAAAACAAAACAAAGAAAATAAA","CCAGGTGCCGTGGCTCAGACCGGGAATCCCAGCACTTTGGAGGCTGAGGTAGGCAGATCACTTGAGGTCAGGAGTTTGAGACCAGCCTGGCTAACATGGTGAAAACCCATCTCTACTAAAAATACAAAAATTAGCTGGGCATGGTGGTGCATGCCTGTAGTCCCAGCTACACACGAGGCTGAGGCAGGAGAATTGCTTAAACCTGGGAGGCAGAGGTTGCAGTGAGCTGAGATTGTGCCACTGCACTCCAGCCTGGGTGACAGAGTGAGACTCTGTCTCAAAAAAAAAAAAAAAAAAAAAAAAA"
"chr1","7981099","7981396","JH378105","69163567","69163856","49","61182468","GCTGGGCATGGTGGTGCACACCTGTAATCCCAGCTACTCGGGAGGCTGAGGTGGGAGGATCACTTGAGGTCAGGAGTTCGAAACCAGCCTGGCTAACATGGTGAAACCCCGTCTCTACTAAAAATACAAAAGTTAGCTGGGCAGTTAGCTGGGTATGGTAATGCATTCCTGTAATCCCAGCTATCAGGAGGCTGAGGCAGGAGAATCTATTGAACCCGGGCGGCGGAGGTTGCAGTGAGCCGAGATTACGCCACTGCACTCCAGCCTGGGTGACACAGCAAGACTGTCTCAAAAAAAA","GGCTGGGTGTGGTGGCTCACACCTATAATCCCAGCACTTTGGGAGACTGAGGTGGGCGGATCACTTGAGGTCAGGAGTTTGAGACCTGCCTGGCCAACATGGTGAAACCCTGTCTTTACTAAAAATACAAAAATTAGCTGGGTGTAGTGGCACACACCTGTAGTCCCAGCTACTTGGGAGGCTGAGGCAGGAGAATCGCTTGAACCTGGGAGGCAGAGGTTGCAGTGAGCCGAGATCATGCCACAGCACTCCAGCCTGGGTGGCAGAGCAAGACTGTCTCCAAAACAAAA"
"chr1","7995398","7995700","JH378143","6011946","6012241","49","1983452","GGCCAGGCGTGGTGGCTCATGCCTGTAATCCCAGGACTGTGGGAGGCCGAGGCAGGCGGATCACTTGAGGCTATGAGTCTGAGACCAGCCTGGGTAACATAGTGAAACCTCATCTCTACAAAAAATACCAAAAATTAGCTGGGCACAGTGGTGCGTACATGTAGTCCCAGCTACTCAGGAGGTTGAGGCAGGAGAATTGCTTGAACCCAGGAGGTAGAAGTTGCAGTGAGCCGAGATCGAGATACTGCACTCCAGCCTGACCGACAGAGTGAGACCCTGCCTCTAAAGAAAAAAACAACAAAA","CCAGGCATGGTGGCTTATGCCTGTAATTCCAGCACTTTGGGAGGCCGAGGCAGACAGATCACTTGAGGTCAGGAGTTTGAGACCAGCCTGGCTAACATAGTGAAACCCCATCTCTACTAAAAATACAAAAATTAGCTGGGCATGGTGGTGTGCGCCTGTAGTCCCAGTTACTCAGGAGGCTAGGACAGGAGAATTACTCAAACCTGGGAGGTGGAGATTGCAGTGAGCCAAGATCTTATCACTGCAGTCCAGCCTGAGCAACGGAGTGAGACTCTGCCTCAAAAAAAAAAAAAAAA"
"chr1","8001521","8001818","JH378106","69562637","69562935","48","61561116","GGCTAGGGGCAGTGGCTCACGCCTGTAATCCCAGCACTTTCAGAGGCCAAGGCGGGCGGATCATTTGATGTCAGGAGTTTGAGGCCAGCCTGAAGAACACAGCGAAACCCCGTCTGTACAAAAATACAAAAATCAGCCTGGTGTGGTTGCACGCGCCTGTAATCCCAGCTACTTGGGAGCTGAGGCAGGAGAATCGCTTGAACCTGGGAGGCGGAGGTTGCGGTGAGCCAAGATCACACCACCGCACTCTAGCCTGGGCAACAGAGCGAGACTCGGTCTCAAAAAAAAAGGAAGGAAA","GGCCAGGTACAGTGGCTCATGCCTGTAATCCCAGCACTTTGGGAGGCCAAGGCAGGGGGATCACTTGAGGTCAGGAGTTGGGGACCAGCCTGGCCAACATGGTAAAACCCGATCTCCACTAAAAATACAAAAATGCGCTGGGTGTGGTGGCACGCGCCTGTAATCCCAGCTACTCAGGAGGCTGAGGTAGGAGAATCGCTTGAACCTGGGTGGTGGAGGATGCAGTGAGCCAAGATCACACCACTGCACTCCAGCCTGGGCAACAGAGTGAGACTCCATCTCAAAGAAAAAAAAAAAAA"
"chr1","8002276","8002565","JH378200","261439","261727","47","7740837","GTGGCTCACGCCTGTAATCCCAGCACTTTGGGTGGCTGAGGCAAGTGGATCACTTGAGGCCAGGAATTCAAGACCAGCCTGGCCAACATGATGAAACCCCATCTCTATTAAAAATACAAAAGAATTAGCCAGGCATGGTGGCACATGCCTGTAATCCCAGTTACAAGGGAGGCTGAGGTGGGATAATCGCTTGAACTTGGGGGGTGGAGGTTACAGTGAGCTGAGGTCGCGCCATTGCACTCCAGTCTGGGAGACAGAGTGAGACTCTAGTTTAAAAAAAAAAAAAAAAA","GCCGTGATTCATGCCTGTAATCCCAACACTTTGGGAGGCCGAGGCAGGCGGATCACTTGAGGTCAGGAGTTCAAGACCAGCCTGGCCAACATGGTGAAACCCTGTCTCTACTAAAAATACAAAAATTAGCCAGGCATGGAGGCATACACCCATAATCCCAGCTACTAGGGAGGCTGAGGCAGGAGAATCGCTTGAGCCCAGGAGGTGGAGGTTGCAGTGAGCTGAGATCGCACCACTGCACTCCAGCCTGGGCGATAGAGAGAGACTCTATCTCAAAAAAAAAAAAAAA"
"chr1","8005550","8005856","JH378117","32289208","32289505","46","24283658","GCTGGGCACAGTGGCTCACGCCCGTAATCCCAGCATTTTGGGAGGTCAAGGCAGGTGGATAATTTGAGGTCGGAAGTTTGAGACCAGCCTGGCCAACAGGGGGAAAACCTGTCTCTACTAAAAATACAAAAATTAGCTAGGCAGTAGTGGTGCACACCTGTAATCCCAGCTACTTGGGGGACTGAGGCAGGAGAATCTCTTGAACCTGGGAGGCGGAGGTTGTGGTGAGCCGAGATCACACCACTGCACTCCAGTCTGGGTGACAGAGTGAGACCCTATCCCCAAAAAAATTAAAAAAAAAAAAGAA","GGCTGGGTACAGTGGCTCACGCCTGTAATCCCAGCACTTTGGGAGGCCAAGGCAGGTGGATCATTTGAGGTCAGGAGTTTGAGACCAGCTGGGCCAACATGAGGAAACCCCCTCTCTACTAAAAATACCAAAATTAGCCTGGTGGTAGTGGCACACACCTGTAATCCCAGCTACTTGGGAGACTGAGGCAGGAGACTCTCTTGAGCCTGGGAGGCAGAGGTTGCAGTGAGTTGAGATCTCTCCACTGCACTCCAGTCTGGGTGAGAGAGTGAGACCCTGTCTCAAAAAGAAAAAAGAA"
"chr1","8010088","8010391","JH378152","13742000","13742297","43","5731912","GGCCGGGTGCAGTGGCTCACGCCTGTAATCCCAGCACTTTGAAGGCCGAGGCGAGTGGATCACTTGAGGCCAGGAGTTTGAGACCAGCCTAGCCAACATGGTGAAACCCCATCTCTATTAAAAATACAAAAATTAGCCAGACATGGTGGCTCACACCTGTAGTCATCCAGCTACTCGGGAGGCTGAGGCAGGAAAATTGCTGAACCCAGGAGGCGGAGGTTTCAGTGAGCCGAAATCTTGCCACTGCACTCCAGCCTGGGGGACAGAGTGAGACTCCGTCTCAAAAAACAAACAAACTAAAAAA","GGCCAGGAGTGGTGGCTCATACCTGTAATCCCAGCACTTTGAGAGGCCAAGGCAGGTGGATCACTTGAGGTCAGGAGTTCGAGACCAGCCTGGCCAACATGGTGAAACCCTGTCTGTACTAAAAATACAAAAATTAGCCAGGCATGGTGGCACACACCTATAATCCCAGCTACTTGGGAGGCTGAGGCAGAGAACTGCTTGAACCCTGGAGGCGGAGGTTGCAGTGAGCCGAGATGGCGCCACTTGCACTCCAGCCTGGGCGACAGAGTGAGACTCCATCCAAAAAAAAAAAAAAAAA"
"chr1","8013253","8013559","JH378116","22378952","22379256","44","14365699","GGCTGGGCATGGTGGCTCATGCCTGTAATCCCTGCACTTTGGGAAGCCAAGGTGGGCAGATTACTTGAGGTTAGGAGTTCGAGACCAGCCTGACCAACATGGTGAAATCCCGTCTACTAAAAATACAAAAATTAGCCGAGCATGGTAGTGCATGCCTGTAATCCCAGCTACTCAGGAGGCTGAGGCAGGAGAATGGCTTGAACCTGGGAGGCGAAGTTTGCAGTGAGCGGAGATCGCACTACTGCATTCTAGCCTGGGCAGACAGAGCAAGACTCCGTCTCACAAAAAAAAAAAGAAAGAAAAAGAA","GACTGGATGTGGTGGCTCATGCCTGTAATCCCAGCACTTTGGGAGGCCAAGGCGGGCAGATCACTTGAGGTCAGGAGTTCGAGACCAGCCTGGCCAACATAGTGAATCCCTGTCTCTACTAAAAATACAAAAATCAGCCAAGCATGGTGGCACATACCTGTAGTCCCAGCTACTCAGGAGGCTGAAGCAAGAGAATCACTTGAACCTGGGAGGCGGAGGTTGCAGTGAGCCGAGATTGCACCATTGCACTCCAGCCTCGGCAACAAAGTGAGACTCCATCTCAAAAAAAAAAAAAAAAAAAAAAA"
"chr1","8045811","8046103","JH378123","21695970","21696268","43","13650159","GGCCAGGCGCAGTGGCTCACGCCTGTAATCCCAGCACTTTGGGAGGCTGAGGCAGGTGAATCACTTGAGGTCAGGAGTTCAAAACCAACCTGGCCAACATGGTGAAACCCCATATCTACTAAAAATACAAAAATTAGCTGGACATGATGGCTTGTGCCTGTAATCCCTACTCAGGAGGCCGAGGCACAAGAATTGCTTGAACCTGGGAGGTGTAGGTTGCAGTGAGCAGAGATCCTGCTGCTGCACTCAGCCTGGGCGACAGAGTGAGACTCCATCTCAAAAACAGCAAAAAA","GGCTAGGCACAGTGACTCACACCTGTAATCCCAGCACTTTGGGAGGCCGAGGCCAGGGATCACTTGAGGTCAGGAGTTCGTGACCAGCCTGGCCAACATGATGAAACCCCGTCTCTACTAAAAATACAAAAAATTAGCTGGGCATGGTGGTGCGTGCCTGTAATCCCAGCTACTCGGGAGGCTGAGGCAGAAGAATTGCCTGAACCCAGGAGGCGGAGGTTGCAGTGAGCTGAGATCATGCCACTGCACTCCAGCCTGGGTGACAGAGTGAGAATCCATCTCAAAAAAAACAAAACAAA"
"chr1","8049620","8049913","JH378127","16083164","16083457","58","8033544","GGCCGGGCGTGGTGGCGCATGCCTGTAATGGGCGGCTGAGGTGGGCGGATCACTTGAGGCCAGGAGTTGAGACTATCCTGGCCAACATGGTGAAACCCCGTTTCTACTAAAAATACAAAAATTAGCAGGTATGGTGGCGCACTCACGTAGTCCCAGCTACTCGGGAGGCTGAGCAAAAGAATTGCTTGAACCCAGGAGATGAAGGTTGCAGTGAGCCGAGATCGCGCCATTGCACTGCAGCCTGGGTGACACAGAGACTGTCTCAAACAAGAAACAAAAAACAAACAAAAAAAA","GGCTCATGCCTGTAATCCCAGCATTTTGGGAGGCTGAGGCAGGCAGATCACTTGAGATCAGGAGTTTGAGACCATCCTGGCCAACATGGTGAAACCCCGTCTCTACTAAAAATACAAAAATTAGCCGGGTGTTTGGCACGTGCCTGTAGTCCCAGCTACTTGGGAGGCTGAGGCAGAAGAATTGCTTGAACCCAGGAGGCAGAGGTTGCAGTGAGCTGAGACTGCGCCACTGCACTCCAGCCTGGTGACACGGCAAGATTCCGTCTGAAAAAAAAAAAAAAAAAAAAAAAAAAA"
"chr1","8065189","8065490","JH378148","5678256","5678554","50","2386933","GGCTGGGTGCAGTGGCTCACACCTGTAATCCCAGGGCACTTTGGGTGGCCGAGGCAGGTGGTTCACTTGAGGCCAGTAGTTTGAGACCAGTGTGGCCAACATGGTGAAACCCTGTCTCTACTAAAAATACAAAAAAATTAGCCAGGCGCATGCCTGTAATCCCAACTACTCGAGAGGCTGAGGCAGGAGAATCACTTGAACCCAGGAGGCGGGAGGCAGAGATTGCAGTGAGCCAAGATGGCGCCACTGTACTCCAGCCTGGGCCACAGAGTGAGACTCCGTCTCAAAAAAACAATAATAAA","GGCTGGGTGCAGTGGCTCACGCCTGTAATCCCAGCACTTTGGGAGGCCAAGGTGGGTGGATCACTTGAGGTCAGGAGTTGGAGACCAGCCTGGCCAAGACGGTGAAACGCCTGTCTCTACTAAAAATACAAAATTAGCCAGGCATATTGGCGCATACCTGTCATCCCAGCTACTCGGGAGGCTGAGGCAGGAGAATCACTTGAAGCCAGGAGGTGGAGGTTGCAATGAGCCAAGATTGTGCCACTGCACTCCAGCCTGGGTGACAAAGTGAGACTCTGTCTCAAAAATAAATAAATAAA"
"chr1","8070636","8070940","JH378118","10693452","10693756","47","2622816","GCCTGGCGCGGTGGCTCACGCCTGTAATCCCAACACTTTGGGAGGTCGAGGCAAGCGGATCACTTGAGTTCAAGAGTTCGTGACCAGCCTGGCCAACATGGTGAAACCCCGTCTCTACTAAAAATACAAAAAATTAGCCGGGTGTGGTGGCGCACGTGTGTAATCCTAGACGCATGGGGAGTCTGAGGCAGGAGAATCGCTTGAACCCAGGAGGAGGAGGTTGCATTGAGTCGAGATTGCACCACTGCACCCCAGCCTGGACGACAGAACGAGACTCCATCTCAAAAAAGAAAAAGAATATAAAA","GGCCGGGCGCGGTGGCTCACGCCTGTAATCCCAGCACTTTGGGAGGCCGAGGCAGGCGGATCATTTGAGCTCAGGAGTTCAAGACCAGCCTGGCCAACATGGGGAAACCCCGTCTCTGCTAAAAATACAAAAATTAGCCAGGCGTGGTGGCACAAGCCTGTAATCCCAGCTATTTGGGAGGCTGAGACAGGAGAATCGCTTGAACCCGGGAGGTGGAGGTTGCAGTGAGCCGAGATCGCGCCACTACACTCCAGCCTGGGTGACAGAGAGAGACGCTGTCTCAAAAAAAAAAAAAAAAAAAAAAA"
"chr1","8074970","8075148","JH378105","45345926","45346101","27","37270956","GGCCTGGCACAATGGCTCATGCCTGTAATCCCAGCACTTCGGGAGGCCGAGGCGGGTGGATCACTTGAGGTCAGGAGTTTGAGACCAGCCTGGACAGCATGGAGAAACCCCGTCTCTACTAAAACTACAAAAATTAGCTGGGCGTGGTGGCATGTGTCTGTAGTCCCAGCTACTCGGGA","GGCTGGGCACAGTGGCCCACACCTGTAATCTCAGCACTTTGGGAGGGTGAGGCGGGTGGATCACTTGAGGTCAGGAGTTCAAGACCAGCTTGGCCAACATGGTGAAACCCCCTGTCTCTACAAAAATACAAAAATTAGCTGGGCATGGTGGCATGTGCCTGTAATCCCAGCTACTC"
"chr1","8075698","8075987","JH378163","8365625","8365922","47","289927","GGCCAGGTACAGTGGCTTGCACCTGTAATCCCAGCACTTTGGGAAGCTGAGGTGGGCAGATCACTTGAGGCCAGGAGTTCAAGACCAGCCTGACCAACATGGTGAAAGTACAAAAAATACAAAAATTAGCCAGGCGTGGTGGTGCGCACCTGTAGTCCCAGCTACTTGGAAGGCTGAGGCAGGAGAATCACTTGAGCCCAGGAAGTGGAAGTTGCAGTGAGCCAAGATCATGTGACTGTATTCCAGCCTGGGCAATACAGTGAGACTCTGTCTCAAAAAAAAAAACAAAA","GGCCAGGTACAGTGGCTTGCACCTGTAATCCCAGCACTTTGGGAAGCCAAGGCGGGCAGATCACTTGAGGTCAGGAGTTTGAGACCAGCCTGGCCAACATGGTGAAACTCAGTCTCTACTAAGAATACAAAAATTAGCCAGGCCTGGTGGAGCATACCTGTTGTCCCAGCTATTCAGGAGGCTGAGGCACGAGAATTACTTGAACCTGGGAGGTGGAGGTTACAATGAGCCAAAATCATGCCACTGCACTCCAGCGTGGGCAACAGAGTGAGACTCCATCTCATAAAAAAAAAAAAAA"
"chr1","8076331","8076631","JH378148","13262362","13262662","35","5186031","GGCTGGATGCAGTGCTCACGCCTGTAATCTCAGCCCTTTGGGAGGCCGAGGTGGGTGGATCACTTGAGGTCAGGAGTTCAAGAACAGCCTGGCCAACATGGTGTAACCCCATCTCTACTAAAAAAACAAAAATTAGCCGGGCGTGGTGGCACATGCCTGTGATCTCAGCTCCTTGGGAGGCTGAGGCAGGAGAATCACTTGAACCTGGGAGAAGGAGGTTGCAGTGAGCCAAGATCATGCCAATGCACTCCAGCCTGGGTGACAGAGCAAGACTCTGTGTCAAAACAAAAAAAAACAAAAA","GCTGCGTGTGGTGGCTCACGCCTGTAATCCCAGCACTTTGGGAGACCAAGGTGGGTGGATCACTTGAGGTCAGGAGTTCAAGACCAGCCTGGCCAACATGGTGAAACCCTGTCTCTACTAAAAATATAAAAATTAGCCAGGCACGGTGGCACATGCCTGTAATCTCAGCTACTCAGGAGGCTAGGCAGGAGAATCACTTGAACCTGGGAAGTGGAGGTTGCAGTGAGCCAAGATCACACCATAGCACTCCAGCCTGGGTGACAGAGCAAGACTCTGTCTCAAAAAAAAAAAAAAAAAAAAA"
"chr1","8077023","8077324","JH378129","5150668","5150949","61","2926355","GGCCGGGCATGGTGGCTTACGCCTGTAATCACAGGACTCTGGGAGACTGAGGAGGGTGGATCACTTCAGATCAGGAGTTCGAGACCAGACTGGCCAACATGGTGAAACCCCATCTCTACTGAAACAAAACAAAACAAAACAAAAAATTAGCCAGGCGTGGGGCACGTGCCTGTAATCCCAGCTACTCAGGAAGCTGAGGTGGGAGAATTGCTAGAATCGCTGGAACCCGGGAGGCAGAGGTTGCAGTGAGCCGAGGTTGCGCCGCTGCACTCCAGCCTGGGAGACAGAGCGAGGCTCCATCT","GGCCAGGCATGGTGGCTTATGCCTGTAAGCCCAGAACTCTGGGAGGCCGAGGTGGGTGGATCACTTGAGGTCAGGAGTTTGAGACCAGTTTGGCCAACATGGTGAAACCCCACCTCTACTAAAAATACAAAAAAAATAGTCAGACATGGTGGCGTATGCCTGTAATCCCAGCTACTCCAGAGGCTGAGGCAGGAGAATCACTTGAACCCAAGAGGCAGAGGTTGCAGTGACACTAGATTGTGCCAGTGCACTCCAGCCTGGGCAGCAGAGCAAGACTCCATC"
"chr1","8085483","8085790","JH378118","10693452","10693756","44","2607969","GGCCCGGCGAGGTGGCTCACGCCTGTAATCCCAGCGGGAGGCTGAGGCAGGTGGATCATTTGAGGTCAAGAGTTCAAGACCAGCCTGGCCAACATGGTGAAACTCCGTCTCTACTAAAAATACCAAAAAAATTAGCTGGGTGTGGTGGCACATGCCTGTAATCCTAGCTACTAGGGAGGCTGAGGCAGGAGGATCATTGAACCTGGGAGACAGAGGTTGCAGTGAGCTGAGATAGATCACGCCACTTCACTCCAGCCTGGGTGACAGAGTGAGACTCTGTCTTTAAATAAAAAAAAAAAAAAAAAAAA","GGCCGGGCGCGGTGGCTCACGCCTGTAATCCCAGCACTTTGGGAGGCCGAGGCAGGCGGATCATTTGAGCTCAGGAGTTCAAGACCAGCCTGGCCAACATGGGGAAACCCCGTCTCTGCTAAAAATACAAAAATTAGCCAGGCGTGGTGGCACAAGCCTGTAATCCCAGCTATTTGGGAGGCTGAGACAGGAGAATCGCTTGAACCCGGGAGGTGGAGGTTGCAGTGAGCCGAGATCGCGCCACTACACTCCAGCCTGGGTGACAGAGAGAGACGCTGTCTCAAAAAAAAAAAAAAAAAAAAAAA"
"chr1","8094872","8095138","JH378154","11102614","11102873","45","3007742","CCCAGCACTTTGGGAGGTGAGGCAGGTAAATCGCTTGAGGCCAGGAGTTCAAGACCAGGCTGGCCAACATCGTGAAACCCTGTCTCTACTAAAAATACAAAAATCAGCCAGGGGTGGTGGCACATGCCTGTGGTCACAGCTACTCAGGAGGCTTGAGGCAGGAGAATCACTTGAACCCAGGAGGTGGAGGTTGTAGTGAGCCAAGATTGACTCACTGGACTTCAGCTTGGGCAACAGAGCAAGACTCTGTCTCAGAAAAAAAAAAAA","CCCAGCACTTTGGAATGCCGAGGTAGCGAGATCACTTGAGGCCAGGAGTTCAAGACCAGCCTGGCCAACATGGAGAAACCTTGTCTCTACCAAAAATACAAAAATTAGCCAGGCTTGGTAGCACACACCTGTAGTCCCAGCTACTCGGGAGGCTGAGGCAGGAGAATCGCTTGAACCCAGGAGGTGGAGGTTGCAGTGCACCAAGATCATGCCAATGCACTCTGGCAACAGAGTGAGACTCTGTTTAAAAAAAAAAAAAA"
"chr1","8122221","8122528","JH378131","2434394","2434708","32","5687827","GGCCAGGCGTGGTGGCTGACACCTGTAATCCCAGCACTTTGGGAGGCTGAAGTGGACAGATCACTTGAGGTTAGGAGTTCAAGACCAGCCTGGCCAACATGGTGAAACCCCATCTCTACTAAAAATACAAAAATTGCCTGGGTGTGGTGGTGCTTGCCTGTAGTCCCAGCTACCCGAGAGGCTGAGGCAGGAGAATTGCTTGAACCTGGGAGGCAGAGGTTGCAGTGAACTGAGATCGTGCCACTGCACTCCAGCCTGGGCAACAGAGTGAGACTCCATCTCAAAAATAAACAAATAAAAATTAAAAA","GGACGGGCACGGTGGCTGCCACCTGTAATCCCAGCACTTTGGAGGGCTGAAGTGGGCAGATCACTTGAGGTCAGGAGTTCAAGACCAGCCTGGCTAACATGGTGAAACCCCATCTCTACTAAAAATACAAAAATTGCCTGGGCATGGTGGCGCATGCCTGTGATCCCAGCTACTCGAGAGGCTGAGGCAGGAGAATTGTTTGAACCCGGGAGGCAGAGGTTGCAGTGAACCAAGATCGTGCCACTGCACTCCAGCCTGGGTAACAGAGTGAGACACCATCTCAAAAATAAATAAATAAGTCAATAAATAAATAAA"
"chr1","8132981","8133281","JH378205","7517678","7517968","59","615303","GCTGGGCGTGGTGGTTGATGCCTGTAATACCAGCACTTTGGGAAGTTGAGGCTGGCAGATTACTTGAGCTCAGGAGTTCAAGACCAACCTGGATCACATGCCAAAACCCCGTCTCTACAAAAATACAGAAAATTAGCCAGGTGTGGTGGTGTGCTCCTGTAATCCCAGCTACTCAGGAGACCGAGGCAGGAGAATTGCTTGAAGCTGGCAGGTCGAGGCTTCAGTGAACTGAGATTGCGTCTCTGCACTCCAACCACCTGGGTGACAAACCAAGACCCTCTCTCTCTACGAAAAAAAAAAA","CTGGGCGTGGTGGCTCACGCCTGTAATCCCAGCACTTTGGGAGGCTGAGGCAGGTGGATCACTTGAGGTCAGGAGTTCCAGACCAGCCTGGCCAACATGGAGAAACCCTGTCTCTACTAAAAATACAAAAATTAGCCAGGTGTAGTGGCATGTGCCTGTAATCCCAGCTACTCAGGAGGCCGAGGCAGGAGAATTGCTTTAACCATTGAGGCAGAGGTTGTGGTGAACTGAGATTGCGCCACTGCACTGCAGCCTGGGTGACAAAGTGAGACTTCGTATCAAAATAAAAAA"
"chr1","8133297","8133596","JH378139","2261573","2261873","30","5871724","GGCCAGGTGCAGTGGCTCACGCCTGTAATCCCAGCACTTTGGGAGGCTGAGGTGGGCAGATCACTTGAGGTCAGGAGTTCAAGACCAGCCTGGCCAACATGGTGAAACCCCGTCTCTACTAAAAATACAAAAATTAGCCAGACATGGTGGCACGCACCTGTAATCCCAGCTACTCCGGAGGCTGAGACAGGAGAATTGCTTGAACCCAGGAGGCAGAGGTTGCAGTGAGCCAAGATCACGCCACTGCACTCCAGCCTGGGTGACAGAGCAAGATCCTGTCTACAAAAAAAAAAAAAAAAA","GGCCTAGGCGCAGTGGCTCGCGCCTGTATCCCCAGCACCTTGGGAGGCTGAGGTGGGCAGGTCACTTGAGGTCAGGAGTTCGAGACCAGCCTGGCCAACAGGGTGAAACCCCATCTCTACTAAAAATACAAAAATTAGCTGAACATGGTAGTGCGTACCTGTAATCTCAGCTCCTCAGGAGGCTGAGACAGGAGAATTGCTTAAACCCAGGAGGGGGAGGTTGCAGTGAGCTAAGATCACGCCACTGCACTCCAGCCTGGGTGACAGAGTAAGACTCCATTTCAAAAAAAAAAAAAAAAAA"
"chr1","8138606","8138882","JH378119","5541960","5542223","55","2596646","TCCCAGCACTTTGGGAGGCCAAGGAGGGCTGATCACTTGAGCTGAAGAGTTGGAGACCAGCCTGGCCAACATGGTGAAACCCCGTCTCTAAAAAAAACTACAAAAATGAACTGGGCATGTTGGCGCAATCCTGTAATCTCAGCTACTCAGGCAGCTTAGGTGGGAGGACCACCTGACCCCAGGAGGTAGTAGAGGTTGTAGTGAGCTAAGACAATGCCACTGCACTTCAGCCTGGGCAATAGAGCGAGACCCTGTCTCAAAACAAACAAAACGAAAA","CTAGCACTTTGGGAGGCCAAGGCAGGCAGATCACTTAAGCTCAAGAGTTGGAGACCATCCTGGGCAACATGGTGAAAGCCTGTCTCTAAAAATCGCAAAAATCAGCCAGCATGGTGTTGCGCAACTGTAATCCCAGCTACTCAGGAGGCTGAGGTGGGAAGATCACTTGAATGGGAGGTGAAGGCTGCAGTGAGCTGAGACAGCGCCACTGCACTCCAGCCTGGGCAAGAGAGTGAGACCCCGTCTCAAAAAAACAAAAACAAA"
"chr1","8146937","8147221","JH378105","50034667","50034949","41","41887730","GGCTGAGCACAGTGGCTCACGCCTGTGATCCCAGAACTTTGGGAGGATGAGGTGGGTGGATCACTTGAGGTCAGGAGTTTGAGACCAGCCTGGCAAACACGGTGAAACCCCCTCTCTACTAAAAATACAAAAATCAGCTGGGCGTGGTGGTGTGTGCCTGCAATCCCAGCTACTTCGGAGGCTGAGGCTTGAGAATCGCTTGAACCTGGGAGGCAGAGGTTGCAGCAAGCCAAGATCATGCCACTGCACTCCAGCCTGAGCGACAGAGCAAGACTCTGCCTCAAA","GGCCAGGCATGGTGGCTCACACCCGTAATCCCAGCACTTTGGGAGGCTGAGGCAGGTGGATCACTTGAGGTCAGGAGTTTGAGACCAGCCTGGGCAACATGGCGAAACCCTGTCTCTACTAAAAATACAAAAAATTAGCTGGGCATGGTGGTGCGTGCCTGTAATCCCAGCTACTCAGGAGGCTGAGGCAGGAGAATCTCTTTAACCTGGGAAGTAGAGGTTGCAGTGAGCTGAGATCATGCCACTGCACTCCAGCCTGGGCAACAGAGCAAGACTATCTCAA"
"chr1","8151765","8152058","JH378189","3786344","3786637","39","4365421","GGCCAGGTGCAGTGGCTCACGCCTATAATTCCAGCACTTTGGGAGGCCAAGGTGGGGGATCACTTGAGGTCAGGAGTTCGAGACCAGCCTGGCCAACATGGTGAAACCCCGTCTCTACTAAGAAAAAGAGAAAAATTAGCCAGGCGTGGTGGTGAGTGCCTGTAATCCCAGCTACTCGGGAGGCTGAGGCAGGAGAATCTCTTGAACATGGGAGGTGGAGGTTGCAGTGAGCCAAGATGGCGCCACTGCACTCCAGATTGGGCAACAGAGAGAGAGTCCATCTAAAAAAAAAAA","GGCCAGGCGTGGTGGCTCACACCTTTAATCCCAGCACTTTGGGAGGCTGAGGCGGGTGGATCACTTGAGGTCAAGAATTTGAGACCAGCCTGGCCAACATGGTGAAACCCTGCCTTTACTAAAAATACAAAAATTAGCCGGGCATGGTGGTGAGTGCCTCTAATACCAGCTATTCAGGAGGCTGAGGCAGGAGAATCACTTGAACCTGGGAGGTGGAGGTTGCGGTGAGCCAAGATTGCACCACTGCACTCCAGCGTGGGCAACAGAGCAAGACTCCATCTCCAAAAAAAAAAA"
"chr1","8153103","8153411","JH378301","920694","921000","42","7232409","GGCCAGGGGTGGTGGCTCACACCTGTAATCCCAGCACTTTGGGAGGCTGAAGCGGCCAGATCATTTGAGGTCAGGAGTTCAAGACCAGCCTGGCCAGCATGGTGAAACTCCGTCTCTACTAAAAATAGAAAAATTCTCCAGTCATGATGGTGCACACCTGTGGGCCCAGCTACTCAGGAGGCTGAGGCACAAGAATTGTTTGATCCAGGGAAGTGGAGGTTGCGGTGAGCCGAGATTGTGCCACTGCACTCCAGCCTGGGTGACAGTGCGAGACTCCATCTCAAAAAAATAAAATAAAAATAAAAAGAA","GGCCTGGCATGGTGGCTCATGCCTGTAATCCTAGCACTTTGGGAGGCCGAGGCAGGCGGATCATTTGAGGTCAGGAGTTCAAGACCAGCCTGGACAACATGGTGAAACCTGTCTCTACTGAAAATACAAAAATTAGCCAGGCGTGGTGGTGCACACCTGTAATCCCAGCTACTTGGGAGGCTGAGGCACAAGAATTATTTGAATCCAGGAGGTGAAGGTTGCAGTGAGCTGAGATTGTGCCACTGCACTCCAGCCTGGGTGACAGAACGAGACTCTGTCTCAAAAAAAAAAAAAAAAAAAAAAAAAA"
"chr1","8154335","8154627","JH378148","12335761","12336055","39","4181426","CGGGTGTGGTGGCTCATGCCTGTAAACCCAGCACTTTGGGAGGCTGAGGTTGGTGGATCACTTGAGGTGAGGAGTTGGAGACCAGCCTGGCCAACATGGTGAAACCCCCTCTCTACTAAAAATACAAAAATTAGCCGGGTTTGGTGGTGTGCACCTGCAGTCCCAGCTACCTGGGAGACTGAGGCAGGAGAATTGCTTGAACCCGGGAGGCAGAGGTTGCGGTGAGCTGAGGTCACGCCACTGCACTCCAGCCTAGATGACAGAGTGAGACTCTGTCAAAAAAAAAAAAAAAA","GGCTGGGTATAGTGGCTCATGCCTGTAATCCCAGCACTTTCGGAGGCTGAGGTGGGCAGATCACTTGAGGTCAGGAGTTCGAGACCAGCCTGGCCAACATGGTGAAACCCCCTCTCTACTAAAAATACAAAAAGTTAGCCAGGCCTGGTGGTGAGCACCTGTAGCCCAGCTACTCAGGAGACTGAGGCAGGAGAATCACTTGAATCCAGGAGGTGGAGGTTGCAGTGAGCTGAGATCACCCCACTGCACTGCAGCCTGGATGACAGAATGAAACTCTGTCTCAAAAAAACAAAAA"
"chr1","8155615","8155906","JH378113","39319250","39319536","42","31163635","GGCGTGGTGGCTTATGCCTGTAATCCAAGCATTTTGGGAGGCCAAGGAAGGTGGATCGCTTGAGATCAGGTGTTCGAGACCAGCCTGGCCAATATGGTGAGACCCCGTTTCTACTGAAAATACAAAAAATTAGCCAGGCATGGTGGCACGTGCCTTTAACTCCAGCTACTCTGGAGGCTGAGGCAGGAGAATCACTTGAACTCGGAAGGTGGAGGTTGCAGTGAGCCGAGATCACCCCACTGCACTCCAGCCTGGGCGACAGAGCAAGACTCCATCTACAAAAAAAAAAAAA","GCTGGGCACGATGCCTATAATCCTAGCACTTTGGGAGGCCAAGGAGGGTCAATCACTTGAAGTCAGGAGTTTGAGACCAGCCTGGCCAACATGGTGAAACCCCATCTCTACTAAAAATACAAAAATTAGCCAGGCATGATGGCAAGTGCCTGTAATCCCAGCTACTCAGGAGGCTGAGGCAGGAGAATCACTTGAACCCTGGAGATGGAGGTTGCAGTGAGCTGAGATCATGCCACTGCACTCTAGCCTGGGCAAAAGAGCAAGACTCCATCTAAAAAAAAGAAAAA"
"chr1","8176772","8177074","JH378151","6150117","6150421","38","2026655","GGCCGGGCATGGTGGCTCATGCCTGTAATCCCAGCACTTTGGGAGGCTGAGGCAAGCAGATCACTTGAGTCCAGGAGTTCAAGACCAGCCTGGCCAACATGGTGAAACCCTGTCTCTACTAAAAATATAAAAATTAGCCAGGCACGGTGGTGCAAGCCTGTAATCCCAGCTACTTGTCAGGGTGAGGCAGGAAAATCGCTAGAACCTGGGAGGCAGAGTTGCCATGAGCCAAGATCGTGCCACTACACTCTAGCCTGGGTGACAGAGCGAGACTCCATCTCAAAAAAAAAAAAAAAAAAAGAA","GACTGGGCATGGTGGCTCACGCCTGTAATCCCAACACTTTAGGCGGCTGAGGCAGGCAGATCATGTGAGGTCGGGAGTTCGAGACCAGCCTGGCCAACTTGGTGAAACCCCTGTCTCTACTAAAAATACAAAAAATTAGCCAGGCATGGTGGTGCACACCTGTAATCCCAGCTACTTGGGAGGCTGAGGCAGGAGAATTACTTGAACCTGGGAGGCTGAGGTTGCAGTGAGCCAAGATCGCCCCACTGCACTCCAGCCTGGGTGACAGAGAAAGACTCCATCTCAAAAAAAAAAAAAAAAAAAAA"
"chr1","8189543","8189825","JH378108","20497499","20497784","41","12307956","GGCTGGGCTCAGTGGCTCATTCCTGTAATCCCAGCACTTTGGGAGGCCAAGGTGAGCAGATCACTTGAGGTCAGGAGTTCTTGACCAACCTGGCCAACATGACGAAACCTTGTCTCTAATAAAAATACAAAATTAGCCGGGTGTGGTGGTGCATGCCTGTAATCTCAGCTACTCAGGAGGCTGAGGCAGGAGAATCACTTGAACCCGGGAGGCGGAGGTTGCAGTGAGCTGAGATCGTGCCATTGCACTCCAGCCTGGGCAGCAAGAGCAAGACTCTGTCTAA","GGCCAGGCACGGTGGCTCACGCCTGTAATCCCAACACTTTGGGAGGCCAAGGTGGGCGGATCACTTGAGGCCAGGAGTTCGAGACTAGCCTGTCTAACATGGTGAAACTCTGTCTCTACTAAAAATACAATGATTAGCCAGGTGTGGTGGTGCATGCCTGTAATCCCAGCTACTCAGGAGGCTGAGGCAGGAGAATGCTTGAACCTGGGAGGCAGAGGTTGCAATGAGCTGAGATTGGCCACTGCACTCTAGCCTGGGCAACAAAGCAAGACTCTGTCTCAATAAA"
"chr1","8197633","8197761","JH378135","301532","301659","18","7896101","GAGCTCAGTGGCTCTGCTTGTAATCCCAGCACTTTGGTAGGGTGAGGCGAGCAGATCACTAGAGGTCAGGAGTTCGAGACCAGCCTGGCCAATATGGTGAAACCCCGTCTCTACTAAAAATACAAAAAT","GGCGCGGTGGCTCATGCCTGTAATCCCAGCACTTTGGGAGGCTGAGGTGGGCGAATCACTCAAGGTCAGGAGTTCGAGACCAGCCTGGCCAATATGGTGAAACTCTGTCTCCACTAAAAATAAAAATT"
"chr1","8200357","8200648","JH378136","50874","51166","42","8149483","GGCCCGGCACGGTGGCTCACACCTGTAATCCCAGCACTTTGGGAAGCCGAGGTGGGTGGATAACTTGAGATCAGGAGCTCGAGAATAGCCTGGCCAACATGTCAAAACCCTGTCTCTTCTAAAAATATAAAAATTAGCCAGGCGTGGTGGCATGCACCTGTAGTCCCAGCTACTTGGGAAGGTGAGGCAGGAGAATTGCTTGAACTCAGGGGGCAGAGGTTGCAGTGAGCCTAGATCACACCACTGCGCTCCAGCCTGGGTGACAAGAGCGAGACTCCATCTTTAAAAAAAA","GGCCAGGTACGGCAGCTCACACCTACAATCCCAGCACTTTGGGAGGCTGAAGTGGGTGGCTCACTTGAGTCAGAAGTGCGAGACCAGCCTGGCTAACACAGCAAAACCCTGTCTCTATTAAAAATATAAAAATTAGCCAGGCATGGTGGCATGCACCTGTAGTCCCAGCTACTTGGGAGGCTGAGGCAGGAGAATAGTTTGAACCCAGGAGGCAGAGGTTGCAGTGAGCCAAGATCACACCACAGCACTTCAGCCTGGGGGACAGAGCAAGACTCCATCTCAAAAAAAAAGAA"
"chr1","8209139","8209429","JH378144","872582","872874","45","7336557","GGCTGGGCACGGTGGCTCACACCTGTAATCCCAGCACTTTGGGAGGCCGAGGCAGGCGGACCACTTGAACCCAGGAGTTCAAGACCAGCCTGACCAACGTGGTGAAACCCCATCTCTACTAACAATACAAAAATTAGTTGGGCTTGGTGTTTTGTGCCTGTAATCCCAGCTACTCAAGAGACTGAGACAGGAGAATCACTTGAACTTGGAATGTGGAGGCTGCAGTGAGCCGAGATCGTGCTGCTGCATTCCAGCCTGGGCGACAAGAGCCAGACTCCATCTCAAAAAAAA","GGCCAGGCACGGTGGCTTACACCTGCAATCCCAGCACTTTGGGAGGCCCAGGCAGGCGGATCACTTGAGGCCAGAAGTTAAGAGACCAGCCTGGCCAATGTGCTGAAATCTCATCTCTACTAAAAATACAAAAATTAGCTGGTTACATGGTGGCGTGTGCCTGTAATCCCAGCTACTCGGGAGGCTGAGGCATGAGAATCACCTGAACCTGGGAGACGGAGGCTGTAGTGAGCCAAGATCCTGCCACTGCACTCCAGCCTGGGCAACAAAGCAAGACTCCATCTCAAAAAAAA"
"chr1","8225893","8226196","JH378131","2337347","2337654","32","5888546","GGCCGGGTGTGGTGGCTCACACCTGTAATCCCAGGACTTTGGGAGGCTGAGGAGGGTGGATCACTTGAGGTCGGGAGTTTGAGATCAGCCTGGCTAACATGGTGAAACCCCATCTCTACTAAAAATATAAAAAATTAGCCAGGTGTGGTGGTGCACACCTGTAATCCCAGCTACTCGGGAGGCTGAGGCATGAGAATCACTTGAACCCAGGAGGTGGAGGTTGCAGTGAGTTGAGATTATGTCACTGCACTCCAGCCTGGGTGACAGAGTGAGACCCTGTCTCAAAAAATAAACATAAATAAAA","GGTCAGGCGTGGTAGCTCACACCTGTAATCCCAGCACTTTGGGAGGCTGAGACAGGTGGATCACTTAAGGTCAGGAGTTTGAGACCAGCCTGGCCAACATGGTGAAACCCCATCTCTGCTAAAACTATAAAAATAAGCCAGATGTGGTGGCACACACCTGTAATCCCAGCTACTCAGGAGGCTGAGGCATGAGAATCACTTCAACCCAGGAGGTGGAGTTTGCAGTGAACTGAGATTGTGCCACTGCACTCCAGCCTGGGTGACAGAGTGAGACTCTGTCTCAAAAAATAAACATAAATAAAATAAAA"
"chr1","8236438","8236733","JH378172","9370200","9370493","32","1133762","GCTGGGCACTGTGGCTCAAGCCTGTAATCCCAGCACTTTGGGAGACTGAGGTGGGCAGATCACTTGAGGTCAGGAGTTCAAGACCAGCCTGGCCAACATGGTAAAACCCCGTCTCTACTAAAAATACAGAAATTAGCTGGGCATGGTGGCATGCACCTGTAATCCCAGCTACTTGGGAGGCTGAGGCAGGACAATTGCTTGAACCCAGGAGGCAGAGGTTGCAGTGAGCTGAGATCACGCCACTACACTCCAACCTGGGCAACAGAGTGAGACTCCATCTCAAATAAATAAATAAA","GGCCAGGCACAGTGGCTCACACCTGTAATCCCAGCACTTTGGGAGTCTGAGGTGGGCAGATCTTGAAGTAAGGAGTTCAAGACCAGCCTGGCCAACATGGTAAAACCCCATCTCTACTAAAAGTACAAAAATTAGCTGGGTATGGTGGCATGCACCTGTAATCCCAGCTAATCGGGAGGCTGAGGCAGAAGAATTGCTTGAACCCAGGAGACAGAGGTTGCAGTGAGCCGAGATCATGCCACTGCACTCTAGCCTGGGTGACAGAGCAAGACTCCATCTCAATAAACAAACAAA"
"chr1","8276221","8276533","JH378106","2172328","2172633","46","6103893","GGCCAGGTGAGGTGGTTCATGCCTGTAATCCCAGCACTTTGAGAGGCCGAGGCAGGCAGATCATTTGAAGTCAGAAGTTCGAGACAAGCCTGGCTAATATAGCAAAACCCCGTCTCTACTAAAAATACAAAAAAAAGTTAGCCGGGTGTGGTGGCGCATGCCTGTAATCCCAGCTACTTGGGAGGCTGAGGCAGGAGAATTGCTTGAGCCCAGGAGGCGGAGGTTGCAGTGAGCCAAGATCGCGTCACTGCACTCCAGCCTGGGCAACACAGCGAGTCCTTGTCTCAAATAAATAAATAAATACATAAATAAA","GGCCAGGTACAGTGGCTCATGCCTGTAATCCCAGCACTTTGGGAGGCCGAGGCAGGCAGATCACTTGAGGTCAGGACTTTGAGACCAACCAGGCCAACATGGTGAAACCCCGTCTCTACTAAAAATACAAAAAAAAATTAGCTGGATGTGGTGGCACATGCCTGTAATCCCAGCTACTTGGGAGGCTGAGGCAGGAGAATCACTTGAATCTAGGAGGCAGAGTTTGCAGTGAGCCAACATCGTGCCACTCCACTCTAGCCTGGGCAACAGAGCGAGACTCTGTCTCAAAAAAAAAAAAGAAAAAAA"
"chr1","8276567","8276699","JH378213","4209495","4209630","18","4067072","GGCTGGGCATGGTGGCTCATGGTAATCCCAGCACTTTGGGAGTTTGAGGTGGGCAGATCACTTGTAGCCAGGAGTTTGAGACCAGTCTGACCAACATCATGAAACCCCGTCTCTACTAAAAATACAAAAATTA","GGCTGGGCATGGTGGCTCATGCCTGTAATCCCAGCACTTTGGGAGGCCTAGGTGGGCGGATCACTTGAGGTCAGGAGTTCGAGACCAGCCTGGCCAACATAGAGAAACCCTGTCTCTACTAAAAATACAAAAATTA"
"chr1","8277005","8277059","JH378118","28940531","28940576","18","20663526","GGTAAGCTAGTGGTGGTGGTACATGCCTGTAGTCCTAGCTACTTGGTAGACAGAG","GGCCGGGTGTGGTGGCTCATGCCTGTAATCCCAGCACTTTGGGAGG"
"chr1","8280790","8281087","JH378156","3853230","3853526","37","4427560","GGCCAGGTGCAATGGCTCACACCTGTAATCCCAGCACTTTGGGAGGCTGAGGCGGGAGGATCACTTGAGGTCAGGAGTTCAAGACGAGCCTGGCCAACATGGTGAAACCCCGTCTCTACTAAAAACACAAAAAGTAGCCGGGTGTCGTGGCGCACTCCTGTAATCCCAGACTACCTGGGAGGCTGAGGCAGGAGAATTGCTTGAACCCGGGAGTCAGAGGTTGTAGTGAGCCAAGATTGTGCCACTGCACTCCAGCCTGGGCGACAGAGCAAGACTCCATCTCCAAAAAAGAAAAAAA","GGCCACGCACAGTGGCTCACACCTGGAATCCCAGCACTTTGGGAGGCCAAGGCGGGTGGATCACTTGAGGTCAGGAGTTTGAGACCAGCCTGGCCAACATGTTGAAACCTTGTCTCTACTAAAACTAAAAAAAAATTAGCCAGATGTGGTGGCACACACCTGTAATCCCAGCTACTTGGGAGGCTGAGGCAAGAGAATTGCTTGGACCTGGGAGGCAGAGGTTGCAGTGAGCTGAGATTGTGCCACTGCACTCCAGCCTGGGTGACAGAGCAAGACTCCGTCTCAAAAAGAAAAAAA"
"chr1","8287433","8287739","JH378221","5880620","5880917","50","2406813","GGCCAGTCGCAGTGGCTCACACCTGTAACCCCAGTAATCCCAGCACTTTGGGATGCTAAGGCAGGCGGATCACTTGAGGTCAGGAGTTCGAGACCAGCCCGGCCAACATGGAGAAACCCCATCTCTACTAAAAATATAAAAATTAGCCAGTCATGGTGGCGCGCACCTGTGGGCCTAGCTACTCGAAAGGCTGAGGCATGAGAATTGCTTGAACCCTGGAGGTGAAGGTTGCAGTGAGCCGAGATCACGCCATTGCACTCCAGCCTTGGTGACAGAGCAAGACCCTGTCTCAAAAAAGAAAAAAGAA","GGCCAGGCACGGTGGCTCATGCCTGTAATCCCAGCACGTTGGGAGGCTGAGGCAGGCAGATCACTTGAGGTCAGGAGTCAGAGACCAGCCTGGCCAACATGGTGAAACCCCATCTCTAGTAAAAATACAAAAACTAGCCAGGCATGGTGGCAGCACCTGTAGTCCCAGCTACTTGGGAGGCTGAGGCAGGAGAATTGCTTGAGCCAAGGAGGCAGAGATTGCATTGAGCCGAGATCATGCCATGGCACTCCAGCCTGGGTGACAGAGGGACACTCTGTCTCAAAAAAAGAAAAAAGAA"
"chr1","8289076","8289372","JH378148","3195871","3196169","35","5093205","GGCTGGGCGTGGTGGCTCACACCTATAATCCCAGCACTGTGGGAGGCCGAGGCAGGTGGATCACTTGAGGTCAGGGGTTGGAGACCAGCCTGGCCAACATGGCGAAACCCCATCTGTGCTAAAAATCAAAAATTAGCCTGCTATGGTGGCCCATGCCTGTAATCCCAGCTACTTGGGAGGCTGAGGCAGGAGAATTGCTTGAACCTGGGAGGTGGAGGTTGCAGTGAGCCGAGATCATGCCATTGCACTGCAGCCTGGGTGACAGAGAGAGACGCTGTCTCAAAAAAAAAAAAAAAA","GGCCAGGCGTGGTGGCTCACACCTGTAATCCCAGCACTTTGGGAGGCCAAGGCAAGTGGATCACTTGAGTTCAGGGGTTCAAGACCAGCCTGGCCAACATGATGAAACCCCGTCTCTACTAACAATACAAAAAATTAGCAAGGTGTGGTGGCACATGCCTGTAATCCCAGCTACTTGGGAGGCTGAGGCAGGAGAATTGCTTGAACCCAGGAGGCAGAGGTTGCAGTGAGCCGACATCACGCCATTGCACTCCAGCCTGGGTGACAGAGTGGGACTCTGTCTCAGAAAAGAAAAAAGAA"
"chr1","8296104","8296399","JH378242","734891","735189","43","7561213","GGCCAGGTGCAAGTGGCTCACGCTTATAATCCCAGCACTTTCGGAGGCAGAGGTGGGCAGATCACTTGATGTCAGGAGTTTGAGACGACTTTGGCCAATGTAGTGAAACCCTGTCTCTACTAAAAATACAAAAATTAGCTGGGTGTGGTGGCTCACGCCTGTAGTCCCAACTACTTGGGAGGCTGAGGCAGGAGAATCGCTTGAACCCGGGAGGTGGAGGTTTCAGTGAGCCAAGGTTGTGCCACTGTACTCCAGCCTGGGCAACAAAAGCGAGACTCCATCTCAAAAAAAAAAAA","GGCTGGGTACGGTGGCTCACGCCTGTAATCCCAGCACTTTGGGAGGCGGAGGCAGACAGATCACTTGAGGTCAGGAGTTCGAGACCAGCCTGGCCAACATGGTGAAACACTGTCTCTACTAAAAATACAAAAATTAGCCAGGTGTGGTGGCACATACCTGTAGTCCCAGCTACTTGGGAGGCTTAGGCAGGAGAACCGCTTGAACCCAGGAGGTGGAGGTTGCAGTGAGCCGAGATCGTGCCACTGCACTCCAGCCTGGGCAACAGAGCGAGACTCCATCTCAAAAAAAAAAAAAAAAA"
"chr1","8300817","8301135","JH378152","16188403","16188709","56","7887586","GGCTGGGTGCTGTGGCTCACGCCTGTAATCTCAGCACTTTGGGAGGCTGAGGCGGGCAGATCACTTGAGGTCAAGAGTTCGAGACTATCCTGGCCAACATGGTAAAACCCCATCTCTACTAAAAATACAACAATTAGCTAGGCATGGTGGTGCGTGCCTGTAATCCCAGCTACTCAGGAGGCTGAAGCAGGAGAATTGCTTGAACCCAGGAGGCGGAGGTTGCAGTGAGCCGAGATCACGCCACTGCACTCCAGCCTGGCAAGCGAGCTAGACTCCGTCTCAAAANNNNNNNNNNNNNNNNNNNNCTCAAAAAAAAAAA","GGCCGGGTGCAGTGGTTTACGCCTGTAATCCTAGTACTTAGGGAGGCTGAGGCTGGGGGATCATTTGAGGTCGGGAGTTCGAGACCAGCCTGGCCAACATGGTGAAACCCCGTCTCTACTAAAAATACAAAAAATTAGCTGGGCATGGTGGTGCGTGCCTGTAATCCCAGCTACTCAGGAGGCTGAGGCAGGAGAATTGCTTGAACCCGGGAGGCGGAGGTTGCAGTGAGCCAAGAGCACGCCACTGCACTCCAGCCTGGGTGACAGAGCGAGACTCAATCTCAAAAAAAACCAAAAAAACAAAAAA"
"chr1","8302513","8302822","JH378110","40011605","40011912","45","31709092","GGCCGAGTGTGGAGGCTCACGCCTGTAATCCCAGCACTTTGGGAGGCTGAGGCGGGCGGATCACTTGAGGCCGGGAGTTCAAGACCAGCTTGGCCAACATGGTGAAACCCCGTCTCCACTAAAAATACAAAAATTAGCCAAGCATGGTGGTGTGCACCTGTAATCCCAGCTACTCAGGAGGCTGAGGCGGGAGAATCGCTTGAATCTGGGAGGCAGAGGTTGCAGTGAGCCAAGATGGTGTCATTGCACTGGAGCCTGGGGGACAGTGAGACTCTGTCTCAAAAACAAAAAAAGAGAGAGAGAAAAGAAA","GGGTGTGGTGGCTCACACCTGTAATCCCAGCACTTTGGGAGGCCGAGGCAGACGGATCACTTGAGATCAGGAGTTCAAGACCAGCCTGGCCAATATGGTGAAACCCCATCTCTACTAAAAATACAAAAATTAGCCGGGCATGGTGGTGTGTGTCTGTAATCCCAGCTACTCTGGAGGCTGAGGCAGGAGAATCGCTTGAATCCAGGAAGTAGAGGTTGCAGTGAGCTGAGATCATGCCACTACACTCCAGCCTGGGCAACTGAGTGAGACTCTGTCTCAAAAAAAAAAAGAGAAAGAAGAGAAAGAAA"
"chr1","8324489","8324798","JH378220","6273810","6274113","39","2050679","GGCCGGGCATGGTGGCTCATGCCTGTAACCCCAGCACTTTGAGAGGCTGAAGTGGATGAATCACTTGAGGTCAGGCGTTCAAGACCAGCCTGGCCAACATGACAAAATCCCATCTCTACTAAAAATACAAAAAATTAGCCTGGCATGTGGTGCGCACCTGTAGTCCCAGCTACTCGGGAGGCTGAGGCAGGAGAATTGCTTGAACCCGGGAGGTGGAGGTTGCAGTGAGCCGAGATCGTGCCACTGCACTCCAGCCTGAGCAACAGAGTGAGACTTCATCTCAAAATAAATAAATTAAAATAAAATAAAA","GGCCAGGCATGGTGGCTCATGCCTGTGATCCTGGCACTTTGGGAGGTTGAGTCCGGTGATCACTTGAGGTCAGGAGTTCAAGACCAGCCTGGCCAACATGGCGAAACCCCATCTCTACTAAAAATACAAAAATTAGCTGGGTATGGTGGCACACCTGTGGTCCCAGCTACTCAGGAGGCTGAGGCAGGAGAACTGCTTGAACCTGGGAGGCGGAGGTTGCAGTGAGCCGAGATCGTGCCACTGCACTCCAGCCTGGGCAACAGAGTGAGACTGTCTTAAAAAAAAAAAAAAAAAAAAAAAAAAA"
"chr1","8337719","8337981","JH378167","8273333","8273599","35","64386","GGCCAAACGCAGTAGCTCATGCCTGTAATCCCAGCACTTTGGGAGGCCGAGGCAGGTGGATCACTTGAGGTCAGGAGTTCAAGATCAGCCTGGCCAACATGACGAAACCATGTCTACTAAAATACAAAAATTAGCCAGGCATGGTGGCCCGTGCCCATAATTCCAGCTACTTGGGAGGCTGAAGCAGGAGAATCGCTTGAACCTGGGAGGCGGAGGTTGCAGTGAGCCAAGATTGCGCCACTGCACTCCAGCCTGGGTGACAG","GGCCAGGGGCGGTGGCTCATGCCTGTAATCCCAGCACTTTGGGAGGCAGAGGTATGTGGATCACTTGAGGTCAGGAGTTCAAGACCAGCCTGGCCAACATGGCAGAACCTCATCTCTACTAAAAATACAGAAATTAGCCAGGCATGGTGGTGAGTGCCTTTAACTCCAGCTACTCGGGAGGCTGAGGCAGGAGAATCACTGGAACCTGGGAGGCAGAGGTTGCAGTGAGCCAAGATCTTGCCATTGCACTCCAGCTGGAGTGATAGA"
"chr1","8445936","8446235","JH378220","4350061","4350357","36","4095875","GCTGGGCGCGGTGGCTCACGCCTGTAATCCCAGCACTTTGGGAGGCTGAGGCAGGTGGATCACTTGAGGTCAGGAGTTGGAGACTAGCCTGGCCAACATGGCGAAACCCCGTCTCTACTAAAAATACAAAAATTAGCTGGGGTGTGGTGGCACACGCCTATAATCCCAGCTACTCAGGAAGCTGAGGCAGGAGAACAGCTTGAACCCAGAAGGCAGAGGTTGCAGTGAGCTGAGATTGTGCCACTGCACTGCAGCCTGGGTGACAGAGCAAAATTCCATCTCAAAAAAGAACAAAAAAAA","GGCTGGGCATGGTGGCTTACACCTGTAATCCCAGCACTTTGGGAGGCTGAGGTGGGCAGATCACTTGAGCTCAGGAGTTCAAGACCAGCCTGGCCAACATGGTGAAACCCCGTCTCTACTAAAAATACAAAAATTAGTTGGGTGTGGTGGCACACACCTGTAGTCCCAGCTACTCAGGAGGCTGAGGCAGGAGAATCAGTTGAACCTGGGAAGCAGAGGTTCCAGTGAGCTGAGATTGCACCACTGCACTGCAGCCTGGGTGACAGAGCAAGACTCCACCTCAAAAAAGAAAAAGAA"
"chr1","8448308","8448603","JH378125","15313063","15313352","39","6864755","GGCCGGGCATGGCGGCTCACACCTGTAATCCCAGCACTCTGGGAGGCCAAGGTGGGCAGATCATTTGAGGTTAGGAGTTCAAGACCAGCCTGGCTAACATGGTGAAACCCTGTCTCTACTAAAAATACAAAAATTAGCCGGGTGTGGTGACACACACCTGTAGTCCCAGCTACTGGGGAGGCTGAAGTGGGAGGATCACTTGAACCCGGGAGGCAGAGGTTGCAGTGAGCTGAGATCACACCATTGCACTGGTCCAGCCTGGGCAACAGAGCAAGACTCTGTCTCAAAAAAAAAAA","GACCAGGCTTGGTGGCTCACTCCTGCAATCCCAGCACTTTGGGAGGACAAGGTGGGCAGATCACTTGAGGTAGGAGTTCAAGACCAGCTTGGCCAACATGGTGAAACCCTGTCTCTACTAAAAATACAAAAATTAGCTGGGCATGGTGGCCAGCACCTGTAATCCCAGCTACTCAGGAGGCTGAGGCAGGAGAATCACTTGAACCCAGGAGGCAGAGGCTGCAGTGAGCTGAGATCGTGCCACTGCACTCCAGCCTGGGCGACAGAGAAAGACTCAGTCTAAAAAAAAAA"
"chr1","8470508","8470775","JH378213","6815104","6815369","44","1655404","GAGACCAAGGTGGGCAGGTCACTTGAGGTCAGGAGTTTGAGACCAGCCTGGCCAACATGGTGAAACCCTGTCTCTACTAAAAAGAAATACAAAAATTAGCCGGGCATGGTAGTGTGTGCCCATAATCTCAGCTACTCAGGAGGCTGAGGCAGAAGAATCTCTTGAACCCGGGAGGCGGAGGTTGCAGTGAGCCGAGATCACGCCACTGCACTCTAGCCTGGGCGAAAAGAGTGAGACTCTGTCTCAAGAGGAAAAAAAAAAAAGAAAA","GGAGACCAAAGTGGGTGGATCACTTGAGGTCAGGAGTTCGAGACCAGCCTGGCCAAAATGTTGAAACCCCGTCTTTACTAAAAATACAAAAATTAGCTGGGCATGGTGGCACGTGCCTGTAATCCCAGCTACTCAGGAGGCTGAGGCAGGAGAATTGCTTGAACCTGGGAGGCGGAGGTTGCGGGGAGCCGAGATCGCGCCATTGCACTCCAGCCTGGGTGACAGAGTGAGACTCTGTTTCAGAAACAAAACCAAAACCAAAAAAA"
"chr1","8522839","8523110","JH378114","33998852","33999125","53","25476013","TGAGAGGCCGAAGTGGGTGGGTGACTTGAGGTCAGGAGTTTGAGACCAGCCTGGCCAATGGGGTGAAACCCAGCTTCTACTAAAAATACAAAAATAAGTCAGGCGTGATGGCATGCACCTGTAGTCCCAGCTACTCAGTAGTCCGAAGTGGGAGGATCACTTGAGCCTGGGAGGCAGAAGCTGTAGTGAGGCCAGACTGCACCACTGCACTCCAGCCTGGGCAACAGAGTGAGACTCCACCTCAAAAAAAAAAAACACAACACAAAACAAAA","TTGGGAGGCCAAGGTTGGTGGATCAGTTGAGGTCAGGAGTTTGAGACAAGCCTGGCCAACATGGTGAAACCCCGTCTCTACTAAAAATACAAAAATTAGCCAGGCATGGTGGCACGGACCCGTAATCCCAGCTACTCAGGAGGCTGAGGCAGGAGAATCACTTGAACCCAGGAGGTGGAGGTTGCAGTGAGCCAAGATCACACCACTGCACTCCAGCCTGGGCAACAGAGTGAGACTCCATCTCAAGAATAAAAAGAAAGAAAAAAGAATAAAA"
"chr1","8524077","8524232","JH378143","2383120","2383278","32","6140957","TAATAATATTAGCTAGGCATGGTGGTGCACACCTGTAATCCCAGCTACTTGGGAGGCTGAGGCAGGAGAATCTATTGAACCCAGGAGGTGGAGGTTGCAGTGATCCAAGATTGTGCCATTGCACTCCAGCCTGGGTAACAAGTGAAACTCTGTCTC","AAATATATAAAAATTAGCCGAGCGCAGGGGCACACACCTGTAATCCCAGCTACTAGGGAGGCTGAGGCAGGAGAATCGCTTGAACCTGGGAGGTGGAGTTTGCAGTGAGCTGAGTTTGTGCCACTACACTCCAGCCTGGGAGACAGTGAGACTCCCTCT"
"chr1","8524531","8524667","JH378107","55895704","55895839","16","47371173","GGCTGGGTTTGGTGGTTCATGCCTGTAATCCCAGCACATTGGGAGGCTGAGGCGGTGGATCACTTGAGGTCAGGAGTTTGAGACCAGCTTGATCAATATGGTGAAACCCTGTCTCTACTAAAAATACAACAAAAAAG","GGCTGGGCAGTGTCTCATGCCTGTAATCCCAGCACTTTGGGAGGCTGAGGCAGGTGGATCACTTGAGGTCAGGAGTTTGAGACCAGCCTGGCCAACATGGTGAAACCCTGTCTCTACTAAAAATACAAAAATTAGC"
"chr1","8546551","8546849","JH378118","23039489","23039776","42","14492938","GGCCAGACGTGGTGGTTCATGCCTGTAATCCCAGCACTTTGGGAGGCTGAGGTGGGTGATCACTTGAGGTCAGGAGTTCAAGACCAGCCTGGCCAAGATGGTGAAACCCTGTCTCTACTAAAAATACAAAAATTAGCTGGGCATCGTGGCACATGCCTGTAGTCCCAGCTACTCGGGAGACTGAGGTAGGAGAATGAATCACTTGAACCCAGGAGGCGGAGGTTGCAGTAAAGTGAGCCAAGATCAAGCCACTGAGCTCCAGCCTGGGTGACAGAGCAACACCCCATCTCAGAAAAAAA","GGCCAGATGTGGTAGTTCATGCCTGTAATCCCAGCACTTTGGGAGGCTAAAGTGGGTGGATCACTTGAGGTCAGGAGTTCAAGACCATCCTGGCCAACATGGTGAAACTCTGTCTCTACTAAAAATATAAAATTAGCTGGGCGTGGTGGGACATACCTGTAGTCCCAGATACTTGGAGGCTGAGGCAGGAGAATCCCTTGAACCCGGGAGGCAGAGGTTGCAGTGAGCCAAGATCATGTTACTACGCTCCAGTATGGGTGACAGAGCAAGACTCTATCTCAAAAAAAA"
"chr1","8551382","8551696","JH378206","1268945","1269256","47","7282437","GGCCGGCGTGGTGGCTCATGCTTGAAATCCCAGCAGATTGGGAGGCCGAGGCGGGTGGATGGATCACTTGAGGTCAGGAGTTCCCGACCAGTCTGGCCAACATTGTCAAAACATGTCTCTACTAAAAATACAAAAAATAGCTGGGCGTGGTGGCACACACCTATAATCCCAGCTACTTGGGAGGCCGAGGCAGGAGAATCGTTTGAACCTAGGAGGTGGAGGTTGCAGTGAGCCGAGATCACGCCACTGCACTCCAGCCTGGGCGACACAGTGAGGCTCCTTCTCAAAAAAAAAAGAAAGAAAAGGAAAAAAAAA","GGCCGGGCGTGGTGGCTCACGCCTGTAATCCCAACACTTTGGGAGGCCGAGGCGGGCAGATCACTTGAGGTCAGGAGTTCGAAAACAGCCTCGCCAACATGGTGAAACCCTGTCTCTACTAAAAATACAAAAATTAGCCAGGCGTGGTGGCACACACCTGTAATCCTAGCTACTCAGGAGGCTGAGGCAGGAGAATCTTTTGAACCCAGGAGGTGGAGGATGCAGTGAGCCAAGATCACGCCATTGCACTCCAGCCTGGGCAACAAAGCAAGACTTCCTCTCAAAAAAAAAAAAAAAAGAAAGAAAGAAAAA"
"chr1","8577353","8577647","JH378105","47354649","47354946","46","38777296","CCAGGCCCAGTGGCTCACCCTTGTAATCCCAGCACTTAAGGAGGCCAAGGCGGGTGGATCACTTTAGTCAGGAGTCCAAGACCAGCTTGGCCAACATGGTAAAACCCCGTCTCTACTAAAAATACAAAAAAATTAGCCAGGTGTGGTGGCATATGCCTGTGGTCCCAGCTACTGGGAGGCTGAGGTAGGAGGATCACTTGAACCAGGGAGGCAAAGTTGCAGTGAGCCAAGATCATGCCACTGCACTCCAGCCTGGGCAACGTAGCAAGACTCCATCTCAAAAAAAAAAAAAAAA","GGCTGGGCACAGTGGCTCATGCCTGTTATCCCAGCACTTTGGGAGGCCAAGGCAGGTGGATCACTTGAGGTCAGGAGTTCGTGACCAGCCTGGCCAACATGGTGAAACCCAGTCTCTACTAAAAATGCAAAAAAATTAGCTGGGTGTGGTAGCGTGTGCTTGTAATCCCAGCTACTAGGGAGGCTCAGGCAGGAGAATCACTTGAGCCTAAGAGGGAGGTTGCAGTGAGCCAAGATTATGCCACTGCACTCCAGCCTGGGCAACAGAGTGAGACTCCATCTCAAAAAAAAAAAAAGAA"
"chr1","8594411","8594630","JH378113","41905483","41905699","34","33311072","GGCCGGGCATGGTGGCTCATCCCTGTAATCCCAGCACTTTGGGAGGCTGAGGAGGGCGGGTCACTTGAGGTCAGGAGTTGGAAACCAGCCTGGCCCACATGGTGAAACCCCGTCTCTAACTAAAAATACAAAACAGCCGGGCATGGTGGCGCACGCTAGTAATCCCAGCAACTTGGGAGGCTGAGGCAGGAGAACTGCTTGAAACCCCAGAAGGTGGAGG","GCCAATCGAGGTGGCTCACACCTGTAATCCCAGCACTTTGGGAGGCTAAGGCAGGCGGATCACTTGAGGTCAGGAGTTCGAAACCAGCCTGGCCAACATGTTGAAACCCCATCTCTACTAAAAATACAAAATTAGCTGGGCATGGTGGTGCATGCCTGTAATCCCAGCTACTCAGGAGGCTGAGGCAGGAGAATCGCTTGAACCTGGGAGGTGGAGG"
"chr1","8601675","8601807","JH378234","2807132","2807268","15","5794543","GACTGGGCACAGTGGCTCACGCCTGTAATCCCAACACTTTGGGAACCCAAGGCGGGAAGATCACTTGAGGTCAGTTTGAGACCAGCCTGGCCAACATGGTGAAACCCTGTCTCTACTAAAAATACAAAAATTA","GGCTGGGCATGGTGGCTCACGCCTGTAATCCCAACACTTTGGGAGGCCAAGGTGGGCGAATCACTTGAGGTCAGGAGTTTGAGACCAGCCTGGCCAACATGGTGAAATCCTGTCTTTACTAAAAATACAAAAATTAG"
"chr1","8604096","8604405","JH378141","19020351","19020656","50","10416255","GCCAGGTACAGTGGCTCACACCTGTAATCCCAACACTTTGGGAAGCCAAGATGAGAGGATCACTTGAGGTCAGGAGTTCAAGACCAGCCTGGCCAATAAGGCAAAAAACCCTGTCTCTACTAAAAGTACAAAAACTAGCCAGGTGTGGTAGCCCACACCTGTAACCCCAGCTACTCAGGAGGCTGAGGCAGGAGAATCGCTTAAACCCAAGAGGTGGAGGTTGCAGTGAGCCGAGATCATGCCACTGCATTCCAGCCTGCATGACAGGGTGAGACTCTGTCTCAAAACAAAAACAACAACAACAAAAAAA","GGCCAAGGATGATGGCTCACACCTGTAATCCCAACACTTTGGGAGGCCAAGGTGGGGAGATCACTTGAGGTCAGGAGTTCAAGACCAGCCTGACCAACATGGTGAAACCCTGTCTCTACTAAAAATACAGAAATTAGCCAGGTGTGGTGGTACGCACCTGTAATCCCAGCTACTCAGGAAGCTGAGGCAGGAGAATTGCTTGAATGCAGGAGGTAGAGGTTGCAGTGAGCCGAGATGGAGCCATTGCATTCCAGCCTGGGCGACAGAGTGAGACTCCATCTCAAAAAAAAAAAAAAGGAAATAAAA"
"chr1","8616022","8616321","JH378220","3170241","3170542","49","5445781","GGCATGGTAGCTCACGTTTGTAATCCCAGCACTTTGGGAGGCCAAAGCAGGCAAATCACTTGAGGTCAGAAGTTGGAGACCAGCCTGGCCAACATGGTGAAACCCTGTTCTCTGCTAAAAATACAAAAAAAATCAGCCGGTTGTACTGGCACGCACCTGTAATCCCAGCTACTGGGGAGGCTGAGGCAGGAGAATCACTTGTTTCCGGGAGGCAGAGGCTGCGGTGAGCCAAGACTGCACCACTGCACTCCAGCCTGGGTGACAGAGCAAGACTCTGTTTCAAACAACAACAACAACAAA","GGCCAGGCATGGTGGCTCAGCTTGTAATCCCAGTGCTTTGGGAGGCCAAGGCAGGTAAATCACTTGAGGTCAGGAGTTTGAAGCCAGCCTGGTCAACATGGTGAAACCCTGTCTCTACTAAAAATACAAAAATTAGCTGGGTGTAGTGGTGTGCACCTGTAATCCCAGGTACTTGGGAGGCTGAGGCAGGAGAATCACTTGAACCCGTGAGGCGGAGGTTTCAGTGAGCCAAGACTGCACCACTGTACTCCAGCCTGGGCGACAGAGCAAACTCTTGTCTGTTTCAAACAAAACAAAACAAA"
"chr1","8713757","8714044","JH378203","7885064","7885353","41","828693","GCCGGGCACAGTGGCTCACGCCTGTAATCCCAACACTTTGGGAGGCTGAAGAGAGCGGATTACTTGAGGTCAGGAGTTTGAGACCAGCCTGACCAACATGGTGTAACCCCGTCTCTACTAAAATTACAAAAATTAGCCAGACATGGTGATGCACACCTGTAATCCCAGTTACTCAGGAGGCTGAGGCAAGAGAACTGCTTGAACCCAGGAGGCGGAGGTTGCAGTGAGCCGAGATCACCACCACACACCAGCCTGGGTGACAGAGCGAGACTCTATCTCAAAAAAAAA","GTCAGGCATGGTGGCTCACGCCTGTAATCCCAGCACTTTGGGAGGCTGAGGTGGGTGGATCACTTGAGGTCAGGAGTTTGACAGCAGCCAGACCAACAAGGTGAAACCCTGTCTCTACTAAAAATACAAAAAATTAGCCAGGCGTGGTGGTGCACTCCTGTAATCCCAGCTACTTGGGAGGCTGAGGCAGGAGAACTGCTTGAACCCGGAGGCGGAGGTGGCAGTTAGCCAAGATCACACCACTACACTCCATCCAGGGTGACAGAGCAAGACTGTCTCAAAAAAAAAAA"
"chr1","8732127","8732340","JH378260","3723216","3723423","49","5008911","GCTGGGTGTGGTGGCTCATGCCTGTAATCCCAGCACTTTGGGAGGCTGAGGCAGGAGGATTGTTTGAGGTCAGGAGTTTGAGACCAGCCCAGGAGAATCACTTGAACCAGGGAGGCAGAGGTTGCAGTGAGCCAAGTTCACACCACTGCACTCCAGCCTGAGTGACAGAGCGAGACTCCATCTCAAAAAAATAAAAAAAAGAACAACAACAAAA","GGCCAGGCGCAGTGGCTCACTCCTGTAATCCCAGCACTTTGGAAGGCCGAGGCAGGCGGATCACTTGAGGTCAGGAGTTTGAGACCAGTCTGGCCAACCATGGAACCCGGGAGGCGGAGATTGCAGTGAGCCAAGATTACGCCACTGCACACCAGCCCAGCCTGGGCAACAGAGCTAGACTCCGTCTCAAAAAAAAAAAAAAAAAAAA"
"chr1","8741451","8741741","JH378147","15759138","15759416","44","7017687","GGCTGGGTGTGGTGGCTCACGCTTGTAATCCCAGCACTTTGGGAGGCTGAGGTGGGCGGATCACTTGAGGTCAGGAGTTCGAGACCAGGCTAGCCAACATGGTGAAACCCCATCTCTACTAAAATAAATACAAAAATTAGCTGGGTGTGGTGGCATGCACCTGTAATCCTAGCTACTCGGGAGGCTGAGGCAGGAGAATTACTTGAACCTGGGAGGCGGAGTTCTCGGCAGTGAGCCGGGATTGTGCCATTGTACTCCAGCGCGGGCGACAGAGCAAAGCTCTGTCTCAAA","GGCTGGGTGTGGTGGCTCACATCTGTAATCCCAGCACTTTGGGAGGCTGGGGTGGGCGGATCACTTGAGGTCAGGAGTTGGAGACCACCAGCCTGGCCAACATGGTGAAACCCCATCTCTACTAAAAATACAAAAATTAGCTGGGCGTGGTGGCATGAACCTGTAATCCCACCTACTTGGGAGGCTGATGCATGAGAATCACTTGAACCCGGGAGGTGGAGGTTGCAGTGAGCCGAGATTGTACACTCCAGCCTGGGCGACAGAGTGAGACTCTGTCTC"
"chr1","8757031","8757335","JH378166","13698898","13699202","49","4941867","GCTGGGCGCCGTGGCTCACACCTGTAATCCCAGCACTTCGGGAGACTGAGGCGCATGGATCATTTGAAATCAGGAGTTTGAGACCAGCCTGACCAACATAATGAAACCCCGTCTCAACTAAAAACACAAAAAAATCAGCCAGATGTGGAGGCGCACACCTGTAATCCCAGCCACTCAGGAGGCTAAGGCAGGGGAATCACCTGACCCTGGGAGGCAGAGGTTGCAGTGAGGCAAGATCGAACCACTGCACTCCAGCCTGGGCGACAGAGCTAGACTCCGTCTACAAAAAACAAACAAACAAAAAA","GGCTGGGCGCATTGGCTCAGCCTGTAATCCCAGTACTTTGGGAGGCTGAGGCGGGCAGATCATTTGAGGTCAGGAGTTCGAGACCAGTCTGACCAACATGATGAAACCCTGTCTCTACTAAAACCACAAAAAAATTAGCCAGGTGTGGTGGCACATACCTGTAGTCCCAGCTACTCGGGAGGCTGAGGCAGGAGAATTGCTTGAGCCTGGAAGACAGAGGTTGCAGTGAGCGGAGATTGCACCACTGCACTCCAGCCTGGGAGACAGAGCAAGATTCCATCTAAAAAAAAAAAAAAAAAAAAAAA"
"chr1","8759940","8760240","JH378113","2184682","2184974","56","6575258","GGCCAGGTGCAGTGGCTCACACCTATAATCCCCGCACTTGGGAGGCCAAGGCTGGCAGACCACTTGAGGTCGGGAGTTCAAGACCAGCCTGGCCAACATGGTGAAACCCCATCTCTACTAAAAATCAAAAAAGGCACGCACCTATAATCCCAGCTACTCAGGAGGCTGACGTGGGAGAATCACTTGAACCCAGGAGGTGGAGGTTGCAGCCAGCCAAGAGCCAAGATTACACCACTGCCCTCCAGCCTAGGCAACAGAGCAAGACTCCATTGCAAAAAAAAAAAAAAGAAAAGAAAAAGAA","GGCCAGGAGCAGTGGCTCACACCTGTAATCCCAGCACTTTGGGAGGCCAAGGCAGGCAGGTCACTTGGGGTCAGGAGTTCGAGACCAGCCTGGCCAATATGGTGACCCCCATCTCTACTAAAAATACAAAAATTAGCAATCGCCTGTACTCCCAGCTACTCAGGAGGCTGAGGTAGGAGAATGGCTTGAACCTGGGAGGTGGAGTTTGCAGTGAGCCGAGATCACACCATTGCATTCCAGCCTGGGCGACAGAGTGAGACTCCATCTCAAAAACAAACAAACAAACAAACAAA"
"chr1","8772341","8772630","JH378106","6660208","6660505","39","2112133","GGGCGTGGTGGCTCATGCCTGTAATCCCAGCATTTTGGGAGGCCGAGGCAGGCAGATTACTTGAGGTCAGGAGTTCGAGACCAGCCTGGCCAACATGGCAAAACCCCGTCTCTACTAAAAATACAAAAATTAGCCAGGCATGGTGGTACATGCCTGTAATCCCAGCCACTTGGGAGCTGAGTCAGGAGAATTGCTTGAACCCAAGAGATGGAGGTTGCAGTGAGCCAAGACTGTACCACTGCAATCTAGCCTGGGTGACAGAGCAAGACTGTCTCAAAACAAAAACAAAA","GCTGCGTACAGTGGCTCACGCCTGTAATCCCAGCATTCTGGGAGGCCAAGGCAGGCAGACCACTTGAGGTCAGGAGTTCGAGACCAGCTTGGCCAACATGGTGAAACCCCATCTCTACTAAAAATACAAAAATTAGCCAGGTATGGTGGCACATGCCTATAGTCCCAGCTACTTGGGAGGCTGAGGCAGGAGAATGGCTTGAACCCGGGAGGCGGAGGTTGCAGTGAGCCGAAACTGTGCCATTGCACTCCAGCCTGGGTGACAGAGCAAGACTCCATCTCAAAAAAATAATAAAAAA"
"chr1","8773397","8773576","JH378157","8977299","8977479","29","203902","GGCCGGGAGCAGCTTATGCCTGTAATCCCAGCGCTTTGGGAGGTCGAGGAGGGCAGATCACTTGAGGCCAGGAGTTCAAGACCAGCATGGCCAACTTGGTGAAACCCCATCTCCACAAAAAAATACAAAAATTAGTCAGGCATGGTGTTGCGCACCTGTAATCCCAGCTACTCAGGTGGC","GTCAGGCACAGTGGCTTACGCCTGTAATCCCAGCACTTTGGGAGGCCGAGGTGAGCAGATCACTTGAGGTCAGGAGTTCAAGACCAGCCTGGCCAACATGGTGAAACCCCATCTCTACTAAAATACAAAAATTCACCAAGTGTGGTGGTGCACACCTGTAATCCCAGCTACTCAGGAGGCT"
"chr1","8790614","8790909","JH378109","34030083","34030375","77","25239469","GGCCAGGAACGGTGGCTCATGCTGTAATCCCAGCACTTTGGGAGCCTGAGGCAGGAGGATCACTTGAGGCCAGGAGTTCAAGACCAGCCTGGGCAACACAGGGAGACCCTAGAAAAAAATTAAAAGTTGTTTTAATCGAAAACAAATCAGTCAAACAAATTACTGGTATGCTTTAAAAATAACTGTGTGACAGAAGAATTACTTGAACCCAGGAGGCGGAGGCTGCAGTGAGCTAAGATCACACCACTGCACACCAGCCTAGGTGACAGAGTAAGACTCCGCCTAAAAAAAAAAAA","GCTGGGCACAGTGGCTCATGCCTGTAGTTCTAGCACTTTGGGAGGCTGAGGCAGGTGGATCACTTGAGGTCAGGAGTTTGAGACCAGCCTGGTCAACATGGTGAAACCCTGTCTCTACTAAAAGTACAAAAAAATTAGCTGGACATGGTGATGTGTGCCTGTAATCCCAACTGTGAGGCTGAGGCAGGAGAATTGTTTGAACCCAGGAGGCGGAGGTTGCAGTGAGCCAAGATCGCACCACTGCACTCCAGCTTGGGTGACAAAGTGAGACTCTGTCTTAAAAAAAAAATAAA"
"chr1","8794196","8794458","JH378114","20734954","20735221","48","11940758","GGCCAGAAGTGGTGGCTCAGGCCTGTAATCCCAGCACTTTGGGAGGTCGAGGCGTGTGATCACTTGAGGTCAGGAGTTTGAGACCAGCTTGGCCAACACAGTGAAACCCCATCTCTACTAAAAAATACAAAAATTAGCTGGGTGTGGTGGCACACGTCTGTAGTCCCAGCATTCGAGAGGCTNAGGCAGGNGAACCACTTGAATTGGAGCCGCAGGTGCAGTGAGCCGAGATTGCACCACTGCCTACTCCCTACCTGGGTGAC","GGCCAGGTGCGGTGGCTCACGCCTGTAATCCCAGCACTTTGGGAGGCTGGGGCGGGCAGATCACTTGAGGTCAGAAGTTTGAGACCAGCCTGGCCAACATGGTGAAACCCCGTCTCTACCAAAAATATATAAAATTAGCTGGGTGTGGTGGTGCACGCCTGTAATCCCAGCTACTTGGGAGGCTGAGGCAGGAGAATCACTTGAACCTGGGAGGCAAAAGTTGCAGTGAGCCGAGATTGTGCCACTGCACTCCAGCCTGGGTGACAGA"
"chr1","8806779","8807064","JH378326","204096","204381","38","8602683","GCCGTGTGCAGTGGCTCACGCCTGTAATCCCGGCCCTTTAGGAAGCCAAGGCAGGTGGATCACTTGAGGTCAGGAGTTCAAGACCAGCCTGGCCAACATGGTAAAACCCTGTCTCTACTAAAAATACAAAAATTAGCCAGGTGTGGTGGCACATGTCTGTAATCCCAGCTACTCGGGAGACTGAGGCAGGAAAATCGCTTGAACCTGGGAAGCAAGGTTGCAGTGAGCCGAGATCGTGCCATCGCACTCCAGCCTGGGTGACAGAGCAAGACTCCATCTCGAAAAA","GCCAGGTGCTGTGGCTCATGCCTGTAATCCCAGCACTTTGGGAGGCTGAAGTGGGGAGATAACTGGAGGTTAGGAGCTCAAGACCAGCCTGGCGAACATGGTGAAACCCCGTCTCTACTAAAAATACAAAAATTAGCCAGGCGTGGTGGCGCATGCTTGTAATCCCAGCTACTCAGGAGACTGAGGCAGGAGAATCGCTTGAACCCGGGAGGTAGAGGTTGCAGTGAGCCGAGATCGTGCCACTGCACTCCAGCCTTGGTGACAGAGCAAGACTCTGTCTCAAAAA"
"chr1","8808049","8808327","JH378117","36078925","36079198","44","27270876","GGCCTAGTGCGGTGGCTCACGCCTGTAATCCCAGCACTTTGGGAGGCCAAGGCGAGTGGACCACTTGAGGTCAGGAGTTCGAGACCAGCCTGGCCAACATGGTGAAACCTCGTCTCTACTAAAAATACAAAAATTAGCCTGGCACTTTGGCGTGTGGCTGTAATCCCAGCTACTTGGGGGGCTGAGGCACGATAATTGCTTGAACTCAGAGGCAGAGGTTGCAGGGAGCTGAGATTGGCACTACTGCACTCCATCCTGGGTGACACAGCGAGACTCTGT","GGCCAGGCGCGGTGGCTCACGCCTGTAATCCCAGCACTTTGGGAGGCCGAGGCGGGTGGATCACTTGAGGTCAGGAGTTGGAGACCAGCCTGGCCAACAAGGTGAAACTCTGTCTCTACTAAAGATACAAAAAATTACCTGGGTATAGTGGTGTATGCCTGTAATCCCAGCTACTTGGGAGGCTGAGGCAGGAGAATAGCTTGAACCCAGAGGCACAGGTTGCAGTGAGCCAAGACCGTGCCACTGCACTCCAGCCTGGGTAACAGAGTGAGAC"
"chr1","8819125","8819411","JH378127","5317720","5318008","34","3501405","GGCTGAGTGCAGTGGATCGTACCTGTAATCCCAGCACTTTGGGAGGCCAAGGCAGGCAGATCACTTGAGGTCAGGAGTTCTAGACCAGCCAGGCCAACATGGTGAAACCCCATCTCTACTAAAAATACAAAAAAGTAGCCCGGTGGCACGTGCCTGTAATTCCAGCTACCCGGGAGGCTGAGGCAGGAGAATTGCTTGAGCCTGGGAGGCAGAGGTTGCAGTGAGCCGAGATTGCACCACTACACTCCAGCCTGGGCGACAAAGCAAGACTCTGTCTCAAAAATAAA","GGCTGAGTGCAGTGGGTCATGCTTGTAATCCCAGCACTTTGGGAGGCCAAGGCAGGCAGATCACTTGAGGTCAGGAGTTTGAGACCAGCCTGGCCAACATGGTGAAACCCATCTCTACTAAAAATACAAAAATTAGCTGGGCATGGTGGCTCAGGCTTGTAATCCCAGCTACTTGGGAGGCTGAGGCAGGAGAATTGCGTGAACCTGGGAGGCAGAGGTTGCAGTGAGCCGAGATCACACCACCGTACTCCAGCCTGTGCAACAGAGCAAAACTCTGTCTCAAAAAAAA"
"chr1","8827080","8827361","JH378164","6714567","6714844","41","2112513","GGCCAGGTGCAGTGGCTCACACCTGTAATCCCAGTACTTTGGGAGGCCAAGGCGGGCAGATCATTGGAGGTCAGGAGTTCGAGATCAGCCTGGCCAACATGGTGAAACCCTGTTTCTACTAAAAATACAAAAATAAGCCGGGTGTGGTGGTGCGCGTCTGTAGTCCCAGTAACTTGGGAGGCTGAGGCAAGAGAATCACTTGAACTGGGAGGTGGAGGTTGCAGTGAGTCGAGATCGTGCCATTGCACTCCAGCCTGGGCGACAGAGTGAGACTCCACTTCA","CCGGGTGTGGTGGCTCACACCTGTAACCCCAGTACTTTGGGAGGCCAAGGCAGGTGATCACTTGAGGTCAGGAGTTCGAGACCAGCCTGACCAACATGGTGAAACCCTGTCTCTACTAAAAACACAAAAATTAGCGGGGCGTGGTGTGCACGCCTGTAATCCCAGCTACATAGGAGGCTGAGGCAGGAGAATCGCTTGAACCTGGGAGATGGAGGTTGCAGTGAGCCAAGAATGTGCCACTGCACTCCAACCTGGGTGACAGAGTGAGACTCAGTCTC"
"chr1","8832909","8833214","JH378115","2763171","2763458","70","6069738","GGCAGGGTGCAGTGGCACACGCCTGTAATCCCAGCACTTTGGGAGGCCGAGGTGGGAGGATCTCTTGAGGCCCGGAGTTTAAGACCAGCCTGGCCGGTCCGTTGGGCCCTACGTANGGAGTAACCCCTCTCTTAATTTAAAAAGTAACTAAAAACGTAGCGTGGCAGGNGGCNCATGCCTGTAATCCCAGCTACTCAGGGGACTGAGGCAGGAGAATCACTTGAACCTGGGAGGCAGAGGTAATGAGACAAGATTGAGCCACTGCACTCTAGCCTGGGTGACATAGCAAGACAATGTTTCAAAAAA","GGCAGAGTGTGGTGGCTCACACCTGTAATCCCAGCACTTTGGAAGGCCGAGGTGGGTGGATCACTTGAGTTAAGAAGTTTGAGACCAGCCTGGCCAACATGGTGAAACCCCATCTCTACTAAAAGTACAAAAATTAGTGGGCTTGCTGGCACATGCCTGTAATCCCAGCTACCTGGGAGGCTGAGGCAGGAGAATCACTTGAACTTGGGAGGCAGAAGTCGCAATGAGTCAAGATCATGCCACTGCATTCTAGCCTGGGTGACACAGCAAGAATCTGTCTCAAAAAAA"
"chr1","8833404","8833669","JH378131","1687914","1688186","43","7145490","GCCTATAATCTGGGATGCCAAGGTTGGCGGATCACTTGAGGTCAGGAGTTCAAGACCAGCCTGGCCAACATGATGAAACCCCGTCTCTACTAAAAATACAAAAATTAGCTGGGCATGGTGGCACACCTGTAATCCCAGCTACTCTAGAGTCTGAGGGAGGAGAACTGCTTGAATCCGGGAGGTGGATGTTGCAGTGAGCTGAGGCTGCACTCCAGCCTGAGCAACAGAGCCAGATTCCATCTCAAAACAAACAAAAAAACAACAAA","CCTATAATCCCAGCACTTTGGGAGGCCAATGAGGTTTGAAGTCAGGAGTTCAAGACCAGCCTGGCCAACATACCAAAACCCTGTCTCTACTAAAAATACAAAAATTAGCTAGGCATGGTGGTGTGCCTGTAATCCCAGCTACTCTAGAGGCTGAGAGAGGAGAACTGCTTGAACCCAGGAGGTAGAGGTTGCAGTGAGCTGAGGCTGCACTCCAGCCTAAGCAACAGAGCCAGATTCCATCTCAAAAACAAAAACAACAACAAAAGCAACAAA"
"chr1","8841153","8841364","JH378111","19001225","19001437","49","10160072","GGCCGGGCACGGTGGCTCACATCTGTAATCCTAGCACTTTGGGAGGCCAAGGCTCATTTGAGGTCAGGAGTTTGAGATCAGCCTGGCCAACATGATGAAACCCTGTCTCAACTAAACAACAACAACAACAAAATTAAGGCTAGACACAGTGGCTCACGTCCATAATCCCAGCTCTTGGAGGCTGAGTCGGGCGGATCACTTGAGGTCAGGAG","GGCCAGGCGCGGTGGCTCATGCCTGTAATCCCAGCACTTTGGGAGGCTGAGGTGGGCAGATCACTTGAGGTCAGGAGTTTGAGACCAGCCTGGTCAACAAGATGAAACCCCATCTCTACTAAAAATACAAAAAAATTGGCCGGGCGCGGTGGCTCATGCCTGTAATCCAAGCACTTTGGAGGCCAAGGCAGGTGGATCACCTGAGGTCGGGAG"
"chr1","8863626","8863926","JH378131","1654837","1655135","39","7208789","GGCCAGGTACAGTGGCTGGCACCTGTAATCCCAGCACTTTGGGAAGCTGAGGTGTGTGGATCACTTGAGGTCAGGAGTTGGAGGCCAGTCTAGCCAACATGGTGAAACCCTATCTCTACTAAAAGTACAAAAATTAGCCGGGCGTGGTGGTGCACACCTGTAGTCCCAGCTACTTGGGAGTCTGAGACATGAGAATCACTTGAAGCTGGGAGGCAGAGGTTGCAGTGAGCAGAGATTGTGTCACTGCACTCCAGCCTGGGCAACAGAGAGAGACTCTGTCTCAAAAAATAAAAATAACAAA","GGCCAGGTGCAGTGGCTCATGCCTCTAAACGCAGCACTTTGGGAAGCCAAGGTGTAGGGATCACTTGAGGTCAGGAATTGGGGGCCAGTCTAGCCGACGTGGTGAAACCCCATCTCTACTAAAAATACAAAAATTAGCCAGGTGTGGTGGCGTGCGCCTGTAGTCCCAGCTACTCGGGAGGCTGAGGCATGAGAATCACTCGAAGCTGGGAGGCAGAGGTTGCTGTGAGCAGAGATTGTGCCACTGCTCTCCAGCCTGGGCAACAAAGTAAGATTCCATCTCAAAAATAAAAATAAAAA"
"chr1","8884577","8884646","JH378216","5906472","5906540","8","2978105","GGCAGAGCATGGTGGCTCACATCTGTAATCCCAGCACTTTGGGAGGCCGAGGCGGGCAGATCACTTGGGG","GCCAGGCGTGGTGGCTCACACCTGTAATCCCAACACTTTGGGAGGCTGAGGCAGGCAGATCACTTGAGG"
"chr1","8888377","8888650","JH378232","2920110","2920380","41","5968267","GCAGGGCACAGTGGTTCACACCTGTAATCCCAGCACTTTGGCAGGCCAAGGTGGATGGATCACTTGAGGTCAGGAACTCAAGACCAGTCTGGCCAACATGGTGAAACCCTGTCTCTACTAAAAATACAAAAATTAGCCGGGTGTGGTGGAACATACCTGTGATCCCAGCTACTCTCGAGGCCGAGGCAGAAGAATCGCTTGTACCCGGGAGGTAGAGGTTGCAGTGAGCCAAGATCATGCCACTGCACTCCGGACTGGGTGACAGAGCAAGACT","GGCTGGGCATGGTGGCTCACATCTGTAATCCCAGCACTTTGGGAGGCTGAGGTGGGCGGATCACTTGAGGTCAGGAGTTCAAGACCAGCCTGGCCAACATGCTGAAACCCTGTCTCTACTAACAATAAAAGATTAGCTGGGCATGGTGGCACATGCCTATTATCCCAGCTACTCAGGAGGCTGAGGCAGGAGAATCGTTTGAACCCGGGAGGCGGAGGTTGCAGTGAGCCGAGATCATGCCACTGCATTCCAGCCTGGGCGACAGAGCAAG"
"chr1","8894299","8894572","JH378122","7809799","7810085","46","1084500","GGCCAGGCATGGTGGCTCATGCCTGTAATCTCAGCACTTTGGAAGGCCAACGCTGGCAGATCACTTGAGGTCAGGAGTTCAAGGCCAGCCTGGCCAACATGGAGAAATCCTGTCTCTACTAAAAATACAAAAATTAGCTGGGTGTGATGATGTGCTCCTGTACTCCCAGTTACTCAGGCAGCTGAGGCAGGAGAAGCCGGAGGCGGAGGTTGTGGTGAGCCAAGATTGTGCCACTGCACTCCAGCCTGGGTGACAGAGCAAGACCCTGTCTCAA","GGCCAGGCACAGTGGCTCATGCTTGTAATCCCAGCACTTTGGAAGGCCAAGGCGGGCAGATCACTTGAGCTCAGGAGTTCAAGACCAGCCTGGCCAACATGGTGAAACCCCGTCTCTACTAAAAATACAAAAATTATCCAGGTGTGGTGGTGCATGCCTGTAGTCCCAGCTACTCAGGAGGCTAAGGCAGGAGAATTGCTTGAACCTGAGAGGTAGAGGTTGCAGTGAGCCAAGATTGTGCCACTGCACTCCAGCCTGGGCAACAGAGTGAGACTCTGTCTCAAAAA"
"chr1","8895372","8895508","JH378149","10169880","10170014","19","1274508","GGCTGGTCAGAGTGGCTCACGCCTGTAATCACAACACTGTGGGAGGCTGATGAGGGTGGATCACTTTGAGGCCAGAAGTTCAACACCAGCCTGGCCAATATGGTGAAACTCTGTCTCTACTAAAAATATAAAAATTA","GGCTGGACATGGTGGCTCATGCCTGTAATCCCAGCACTTTGGGAGGCTGAGGTGGGTGGATTACTTGAGGTCAGGAGTTCAAGACTAACCTGGCCAACATGGTGAAACTCTGTCTCTACTAAAAATACAAAAATT"
"chr1","8897054","8897367","JH378135","16449037","16449347","41","7551983","GGCTGGGCATCGTGCCTCACACCTGTAATTCCAGCACTTTGGCAGGCCAAGGCGGGTGGATTACTTGAGGTCAGGTGTTCGAGACCAGCCTGGCCAACATGGTGAAACCCCGTCTCTACTAAAAATACAAAAATTAGCCGGACATGGTGACTCACACCTGTAATCCCAGCTACTCAGGAGGCTGAGGCAGGAGAATCGCTTGAACCCGGGAGGCGGAGGTTGCAGTGAGCCGAGATCCCGCAACTGCACTCCAGCCTGGGAGACAGAGTGAGACTCCGTCAAAAACAAAAAAACAAAAAGCAAACAAACAAAAA","GGCTGGGCGCAGTGGCTCACACCTGTAATCCCAGCACTTTGGGAGGCCGAGGTGGGTAGATCACTTGAGGTCAGGAGTTCAAGACCAGCCTGACCAACATGGTGAAACCTTGTCTCTACTAAAAATACAAAAATTAGCCGGGCCGGGTGGCGCATGTCTGTAATCCTAGCTACACGGGAGGCTGAGGCAGGAGAATCGCTTGAACCCGGGAGGCGGAAGTTGCAGTGAGCTGAGATCGTGCCACTGCACTCCAGCCTGGGCAACAGAGAGAGACTCTGCCTAAAAAAAAAAAACAAAAACAAAAAAAAAAA"
"chr1","8905619","8905951","JH378128","10880524","10880831","69","1974905","CCAGGTGCATTGGCTCACACCTGTAATCCCAGCACTTTGGAAGGCCAAGGATGGCGGATCACTTGAGACCAGGAGGTTGAGACCAGCCTGGCCAAAATGGTGAAAACCCCATCTAATTTTTGTCACCCCATTTAATCTTTGTAAACATACAAAAATTAGCCAGGTGTGGTGGCACACACCTGTAGTCCCAGCTACTCGGGAGGCTGAGGTAGGAGAATCGCTTGAACCTGGGAGACGGAGGTTGTGGTGAGCCGAGATCGCGCTCCTGCACTTCAGCCTGGGCGAAAGAGCGAGACTCAGTCTCAAAAAAAAGAAGAAGAAGAAAAAGAAGAA","GGCCGGGTGTAGTGGCTCACACCTGTAATTCCAACACTTTGGGAGGCCAAGGCAGGCAGATCACTTGAGGTCAGGAGATCAAGACCATCCTGGCCAACATAGTAAAACCTCGTCCCTACTGAAAATACAAAAATTAGCCGAGCATGGTGGCACACACCTGTAATCCCAGCTACTCAGGAGGCTGAGGCAGGAGAATTGCTTGAACCTGGGAGGTAGAGGTTGTAGTGAGTCGAGATCGTGCCACTGCACTTCAGCCTGGATGACAGTGCAAGACTCTGTCTCAAAAAAAAAAAGAAAAGAAAAGAAAA"
"chr1","8912538","8912811","JH378184","5326135","5326413","37","3586403","GAGCACTGTGGCTCACACCTGTAATCCCAGCACTTTGGGAGGCTGAGGTGGGTAGATCATTTGAGGTCAGGAGTTCGAGACCAGCCTGGCCAACATGGTGAAACCCTGTCTCCACTAAAAATACAAAAATTAACTGGGCATGGTGGGAGACACCTGTAATCCCAGCTACTCAGGAGCTTGAGGCAGGAGAATCACTTGAACCTGGGAGGCGGAGGTTGCAGAGAGCCAAGATCATGCCACTGAACTCCAGCCTGGACAACAGAGCAAGACTCCG","GGCCAGGCATGGTGGCTCACACCTGTAATCCCAGCACTTTGGGAGGCCAAGGTAGGCAGATCACTTGAGGTGAGGAGTTCAAGACCAGCCTGGCCAACATGGTGAAACCCTGCCTCTACTAAAAATACAAAAATTAGCCGAGTATGATGGCACACAACTGTAATCCCAGGTACTCAGGGGGCTGAGGCACAAGAATCACTTGAATCTGGGAGGCAGAGGTTGCAGTGAGCCAAGATCATGCCACTGCACTCCAGCCTGGACAACAGAGTGAGACTCTGT"
"chr1","8921941","8922222","JH378190","2110516","2110800","44","6811425","GCCAGCTGCAGTGGCTCACGCCTGTAGTCCCATCACTTTGGGAGGCCAAGGCTGGTTGATCACTTGAGGTCAGGAGTTCGAGACCAGCCTGGGCAACATGGTAAAACCCCATCTCTACTAAAAATACAAAAATTAGCCAGGTGTGGTAGCATGTGCCTGTAGTCCCAGCTACTCAGGAGGCTAAGGTGGAACCAGGAAGTGGAGGTTTCAGTGGGCTGAGAGCACACCACTGTACTCCAGCCTGGGCGACAGAGCAAGACTCTGTCTCAAAAAAAAAAAAAA","GGCCAGGTGTGGTGGCTCATGCCTGTAATCCCAGCACTTTGGGAGGCCGAGGCAGGAGGATCACTTGAGGTCAGGAGTTCAAGACCAGCCTGGGCAAGATGGAGAAACCCTGTCTCTACTAAAAATACAAAAATTTGCCAGGCATGGTGGCACACATCTGTAGTTCTAGCTACTCTGGAGGCTAAGCCATGAATCCGGGAGGTGGAGGTTGCAGTGAGCTGAGATCACACCACTGCACTCCAGCCTGTGCCACAGAGCAAGACTTTGTCTCAAAAAACAAAAAAA"
"chr1","8923659","8923954","JH378163","14312901","14313198","43","5389242","GGCCAGGTGCAGTGGCTCACATTTGTCATCCCAGGACTTTTGGAGGCCAAGGCAGATGGATCATTTGAGGTCAGAAGTTTGAGACCAGCCTGGCCAACATGGTGAAACCCCGTCTCTACTAAAAATACAAAAAATTAGCCGGGTGTGGTGGTGCGCACCTATAATCCCAGCTGCATGGGAGGCTGAGACAGAAGAATCGCTTGAACCAGGAAGGCATTGGTTGCAGTGAGCTGAGATCATGCCATTGCACGCCAGCCTGGGCGACAGAGTGAGACTTGGTCTCAAAAAAAAAAAAA","GGCCAGGTGTGGTGACTCACACCTGTAATCCCAGTGCTTTGGGAGGCCAAGGCAGGTGGATCACTTGAGGTCAGGAGTTCGAGACCAACCTGGCCAACCTGGTGAAACCACATCTCTACAAAAATACAAAAAATAAGCCAGGTGTGGTGGTGCACAACTGTAATCCCAGCTACTTGGGAGGCTGAGACAGAAGAATCACTTCAGCCTGGGAGGCAGAGGTTGCAGTGAGCTGAGATCATATCACTGCACTCCAGCCTGGGCAACAGAGTGAGATTCTGTCTCAAAAAAAAAAAAAAAA"
"chr1","8925564","8925849","JH378193","1868175","1868464","50","7057389","GGCTGAGCATGGTGGCTCTCACCTGTAATCCCAGCACTTTGGGAGGCTGAGGCAGGCAGATCACTTAAGTCCAGGAGTTTGAGACCAGCCCGGGCCACATGGCAAAACCTCATTTCTACAAAAAATACAAAAATTAGCCAGGTGTTATGGCACGTGCCTGTAGTCCCAGCTACTCCAGAGGCTGGGGCTGGAGGATCACTTGAGCCCAGGAGGAAGAGGTTGCAGTAAGCCAAGATGATGCCACTGTACTCCAGCGTGGGCAACACAGCCCATCTCAAAAAAAAAA","GGCCAGGCATGGTGGCTCACACCTGGAATCCCAGCACTTTGGGAGGCTGAGACAGGCAGATCACTTGAGCCCAGGAGTTTGAGACCAGTCTGGCCAACATGGTGAAACCCTGTCTCCACTAAAAATACAAAAATTAGCCAGGTTTGGTGGTGTGTGCCTGTGGTGCCAGCTACTTGGGAGACTGAGGCAGGAGGATCACTTGAGCCCGGGAGGTGGAGGTTGCAGTGAGCCAAGATGATGCCCTGCACTCCAGCCTGGGCCACAGTGAGACCCTGTATCAAAAAAGAAAA"
"chr1","8929502","8929663","JH378105","10557376","10557537","36","1627874","ACAAGCCAGTTGTGGTCGTTCGCACCTGTAGTCCCAGCTACTTGTGGGGCTGAGGTGGGACAATCGCTTGAGCCCAGGAGGCGGAGGTTGCAGTGAGCTGAGATCACGCGACTGCACTCCAGCCTGGGCACCAGAGTGAGACCCTGTCTACAAAAAAAAAAA","ATTAGCCAGGTGTGGTGGCGTACACCTGTAGTCCCAGCTACTGGGGAGGCTGAGGCAGGAAAATCGCTTCATCCTGGGAGTTGGAGGTTGCAGTGAGCTGGGATGGCACCACTGCACTCTAGCCTGGGTGACAGAGCAAGACTCTGTCTCTAAATAAATAAA"
"chr1","8929971","8930115","JH378108","31569309","31569458","24","22639338","GCCGGGCTCGCTGGCTCACACCTGTAATCCTACCACTTTGGGAGTCTGAGGCTTGTGGATCACTTGAGCTCAGGAGTTAAAGACCAGCCTGGGCAACATGGTGAAAACCCATCTCTACGAAAAATACAAAAATTAGCCAGGTGGA","GGCCAGGTGCCGTGGCTCACTCCTGTAATCCTAGCACTTTGGGAGGCTGAGGCGAGTGGATCACTTGAGGTCAGGAGTTCAAGATCAGCCTGGCCAATATGGCGAAACCCCATCTCTACTAAAAATATAAAAATTAGCCAGGCATAGTGG"
"chr1","8942278","8942579","JH378198","396866","397166","37","8545412","GGCCGGGCGTGGTGGCTCGTGCCTGTAATCCCAGCACTTTGGGGAGGCTGAGGTGGGCAGATAACTTGAGGTCAGGCGTTCCAGATCAGCCTGGCCAACATGGTGAAACCTCGTCTCTACTAAAAATACAAAAAAAATTAGCTGGGCGTGGTGGTGCATGCCTGTAATCCCAGCTACTCAGGAGGCTGAGGCAGGAGAATCACTTGAACCCAGGAGGTGGAGGCTACAGTGAGCTGAGATCACGCCACTGCACTCCAGCCTGGGCAACAGAGTGAGACTCTGTCTCAAAAAAATAAATAAAA","GGCTAGGCGTGGTGGCTCACGCCTGTAATCCCAGCACTTTGGGAGCCTGAGGTGGCAGATCACTTGAGGTCGGGAGTTCGAGACCAGCCTGGCCAACATAGTGAAAACTCATCTCTACTAAAGATACAAAAATTAGCTGGGCATGGTGGTGCATGCCTGTAATCTCAGCTACTCAGGAGGCTGAGGCAGGAGAATCACTTGAACCCAGGAAGTGGAGGTTGCAGTGAGTCGAGATCACACCATTGCACTCCAGCCTGGGTGACAGACTGAGACTCTGTCTCAAAGAAAAAAAGAAGAAAAA"
"chr1","8944800","8945092","JH378191","967537","967830","38","7977263","GACTGGGCATGGTGGCTCATGCCTGGAATCCCAGCACTTTGGGAGGCCGAAGTGGGCGGATGACTTGAGGTCAGGAGTTTGAGACCAGCCTGGCCAACATGGTGACACCCTGTCTGTACTAGAAATACAAAAATTAGCCAGGCGTGGTGGCACGTGCCTGTAATCCCAGCTACTGAGGAGGCTGAGGCAGGAGAATCGATTGAACCCGGGAGGCGGAGGTTGCAGTGAGCCGAGATCGCGCCACCGCACTCCAGCCTGGGCTACAGGGCACGACTTCGTCTCAAATAAAAGAA","GGCTGGGCGTGGTGGCTCACGTCTGTAATCCCAGCACTTTGGGAGGCCGAGGTGGGTGGATCACTTGAGGTCAGGAGTTCGAGACCAGCCTGGCCAACATGGTAAAACCCTGTCTCTACTAAAAATACAAAAATTAGCTGAGCGTGGTGGCACGTGCCTATAATCCCAGCTGCTTGGGGAGCTGAGGCAGGAGAATCACTTGAAACCGGGAGGCGGAGGTTGCAGTGAGCCAAGATCGCGCCACTGCACTCCAGCCTGGGTGACAGAGTGAGTCTCCGTCTGAAAAAAGAAAAA"
"chr1","8948023","8948315","JH378140","13990409","13990701","33","5042386","GCCAGGCGCAGTGGCTCGCGCCTATAAACCCAGCACTCTGGGAGGCTGAGGAGGTTGGATCACTTGAGGTCAGGAGTTCGAGACCAGCCTGGCCAATATGGTGAAACCCTGTCTCTACTAAAAATACAAAAATTAGCCGGGCATGGTGGCATATGCCTGTAATCCCAGCTACTGGGGAGGGTGAGGCAGGAGAATTGCTTGAACCCAGGAGGCGGAGGTTGCAGTGAGCCTAGATCATGCCACTGCACTCCAGCCTGGGTGACAGAGCAAGACTCTGTCTCAAAATAAATAAA","GGCTAGGCGCAGTGACACACTTCTGTAATCCCAGAACTTTGGGAGGCTGAGGTAGGTGGATCATTTGTGGTCAGGAGTTCGAGACCATCCTGACCAACACGGTGAAACCCTGTCTCTACTAAAAATACAAAAATTAGCTGGGCATGGTGGCATGCACCTGTAGTCCCAGCTACTCGGGAGGCTGAGGCAAGAGAATTGCTTGAACCCAGGAGGCAGAGGTTGTAGTGAGCCTAGATCATGCCACTGCACTCCACCCTGGTGACAGAGCAAGACTCTGTCTCAAAAGAAAAAAA"
"chr1","8961683","8961979","JH378135","16046002","16046306","54","7084319","GGCCGGGCGCAGTGGCTCACGCCTGTAATCCCAACATTTTGGAAGGCTGGGGCGGGCAGATCATTTGAGCTCAGGAGTTGGAGACCAGCCTGGCCAACATGGTGAAACCCCTTCTCTACTAAAAATTAGCTGATCATGGTTGTGTGCACCTGTAATCCCAGCTACGCAGGAGGCTGAGGCAGGAGAATCGCTTGAACCTGGGAGGCAGAGGCTGAAGTAAGCCAGTATCACGCAACCGCACACCAGCCTGGGAGACAGAGCGAAACTCTGTCTCAAAAAAAATAAAAATAAAAAGAA","GCCAGGCGCAGTGGCTCACGCCTGTAATCCCAGCATGTTGGGATGCTGAGGTGGCAGATCACTTGATGTCAGGAGTTTGAGACCAGCCTGGCCAACATGGTGAGAACCCATCTCTACTAAAAATACAAACATAAGCCAGGCATGGTGGTACACACCTGTAATCCCAGCTACTCGGGAGGCTGAGGCAGGAGAATCGCTTGAACCTGGGAGGCAGAGGTTGCAGTGAGCCAAGATTGTACCACTGCACTCCAGCCTGGGAGACAGAGTGAGATTCTGACTCAAAAAAAAAAAAAAAAAAAAAAAAA"
"chr1","8966479","8966784","JH378105","55161570","55161870","46","46195091","GGCCGGGTGCAGTGGCTCACACCTGTAATCCCAGCACTTTGGGAGGCTGAGACAGGCAGACTGCTTGAACCCGGGAGTTTGAGACCTGCCTGGGCAACATGGTAAAACCCTGTCCCTACTAAAAATAAAAACTAGCCGGGCGTGGTGGCACACGCCTGGAGTCCCAGCTACTCAGGAGGCTGAGGCAGGAGAATTGCTTGAACCCGGGAGGCGGAGGTTGCAGTGAGCTGAGATCACGCCACTGCACTCCAGCCTGGCAACAGAGTGAGACTCCATCTCAAAAAAATAAGCAACAACAACAAAAAA","GGCCGGGCCCGGTGGCTCACACCTGTAATCCCAGAACTTTGGGGGACTGAGGCGGGCGGATCTTGAGCTCAGAAGTTCAAGACCAGCCTGACCAACATGGTAAAACCCTGTCCCTACTAAAAATACAAAAATTAGCCAGGCGTGGTGGCACGTGCCTGTAATCCCAGCTACTCAGGAGGCTGAAGCAGGAGAATGGCTTGAACCAAGGAGTCGGAGGTTGCAGTGAGCCGAGATCGCGCCACTGCACTCCAGCCTGGGCGACAGAGCAAGACTCCAACTCAAAAAAAAAAAAAACAAAAAA"
"chr1","8971912","8972204","JH378187","2759115","2759407","41","6212797","GGCCAGGCACAGTGGCTTACGCCTGCAATCCCAGCACTTTGGGAGGCCGAGGCAGGTGGATGATTTGAGGTCAGGAGTTCAAGACCAGCCTTACCAACATGGCGAAACCCCGTCTCTACTAAAAATACAAAAATTAGCCGGGTGTGGTGGCGCGCGCCTGTGACCCCAGCTACTTGGAAGGGTGAGGCAGGAGAAATCACTTGAACCCAAGAGGTGGAGATTGCAGTGAGCTGAGATCGTGCCACTGCACTCCAGCCTGGGCAACAGAGCAAAAGTCCGTCTCAAAAAAAAAA","GGCTAGGCACAGTGGCTCATGCCTGCAATCCCAGCACTTTGGGAGGCCGAGGTGGGCGGATCACTTGAGGTCAGGAGTTCGAGACCAGTCTGGCAACATGGAGAAGCCCCGTCTCTACTAAAAATACAAAAACTAGCTGGGCATGGTGGCGCATGCCTGTAGTCCCAGTTACTCGGTAGGCTGAGGCAGGAGAATCACTTGAACCCAGGAGGTGGAGGTTGCAGTGAGCCGAGATCGCACCACTGCACTCCAACCTGGGCGACAGAGCGAAATTGCGTCTCAAGAAATAAAAA"
"chr1","8982197","8982492","JH378113","14532240","14532539","54","5550043","GGCTGGGCATCGTGGCTTATGCCTGTCATCCCAACACTTTGGGAGGCCGAGGCAGGAGGATCAACTTGAGGTCAGGAGTTCGAGACCAGCCTGGGTAACATGGTGAAACCCTGTCTCTACAAAAAATACAAAAATTAGCTGGGCATGGTGCCTGGGCTGTGCCTGTAGTCCCGGCTACTCTGGAGGCTGAAGTGATTGAGCCTGGGAGGCGGAGGTTGCAATGAGCCGAGATCGTGCCATTTTACCCCAGCCTGGGTGACAGAGCCAAACTCTGTCTCAAAAAAAAAGAAAAAAAA","GGCCAGGCATGGTGGCTCATGCCTGTTATCCCAGCACTTTGGGAGGCTGAGGTGGGCGGATCACTTGAGGTCAGGAGTTCAAGACCAGCCTAGGCAACACGGTGAAACCCTGTCTCTACTAAAAATACAAAAAATAGCTGGGCATCATGGTGTGTGCCTGTAATCTCAGCTACTTGGGAGGCTGAGGCAAGAGAATCACTTGAACCTCGGAGGCGGAAGTTGAAGTGAGCTGAGATCGTGCCACTGCACTCCAGCTTGGGTGACAGAGCAAGACTCTGTCTCAAGAAAAAAAAAAAAAAA"
"chr1","8983095","8983359","JH378131","1551088","1551349","41","7432007","GGCTGAACACAGGGGCTCACGCCTGTAATCCCAGCACCTTGGGAGGCCGAAGCGAGTGGATCACTTGAGGTCAGGAGTTCGAGGCCAGCACGGCCAACATGGTGAAACCCCTTCTCTACTAAAAATACAAAAATTAGCCAGACATGGTAGCGTGCACCTGTAGTTCCAGCTACTCGGGAGGCTGAGCAGGAGAATTGGTTGAACCCAGGAGGTGGAGGTTGCCGTGAGCTGAGATCGTGCCACTGCACTCTAGCCTGGGTGACAG","CCTGGCACAGCGGCTCATGCCTGTAATCCCAGCACTTCGGGAGGCTGAAGTGGATGCATCACTTGAGCTCAGGAGTTCGAGACCAGCCTGGCCAACATGGTGAAACCCCTTCTCTACTAAAAATACAAAAATTAGCCAGACGTGTTGGCGTGCACTGTAATCCCACCTACTCGGAAGGCTGAGGCAGGAAAATTGCTCGAACCCAGGAGGCGGAGGTGGTAGTGAGCCGAGGTCGCACCAGTGCACTCCAGCCTGGCGACAG"
"chr1","8990943","8991070","JH378152","4496049","4496169","21","4494894","GGCTGGGTGCAGTGGCTCATGCCTGTAATCACAGCACTTTGGGGATCACTTGAGGTCAGGAGTTCGAGACCAGCCTGGCTAACATGGTGAAACCCTGTCTCTATTAAAAATACAAAAATTAGCCGGGC","GCTGGGGCCGTGACTCATGCCTGTAATCCCAGCACTTTGGGTGGATCACTTGAGGTGAGGAGTTTGAGACCAGCCTGGCCGACATGATGAAACCCCGTCTCTACTAAAAATACAAAAATTA"
"chr1","8997180","8997412","JH378141","15808367","15808597","48","6811187","CAGATCACTGGAGGTCAGGAGTTCGAGACCGGCCTGGCCAACATGATGAAACCCCATCTCTACTAAAAATATAAAAATTAGTCCGGCATGGTGGCGTGTGCCTGTAGTCCCAGCTACTCAGGAGGCTGAAGCAGGATAATCTGTTGAACTCAGGAGATGGAGGTTGCGCTCCAGCCTGGGCAACAGAGTGAGACTCCAACTACAAAAAAAAAAAAAAAAAGAAAGGAAAAAAA","GGGTAGATGACTTGAGGTCAGGAGTTCAAGACCAGGCTGGCCAACATGGCAAAACCCCATCTCTACAAAAAAAAAAAATTAGGCGGGCTTGGTGGTGTGTGCCTGTAATCCCAGCTTCAGGGGCGGCTGAGGCAGGAGAATCACTTGAACCCAGGAGGTGGAGGTTGCAGTGAGCCTGGGGCGACAGAGCAAGAGGCTCCGTCTCAAAAAAAAAAAAAAAAAAAAAAAAAA"
"chr1","9004680","9004894","JH378111","19001225","19001437","33","9996545","GGCCGGGCGCGGCGGCTCACACTTGTAATCCCAGCACTTCGGAAGGCCAAGGCGAGCAGATCACTTGAGGTCAGGGAGTTTGAGACCAGCCTGGCCAACATGATGAAACCCAGTCTCTACTAAAAATACAAAAAAATTAGCCAGGTGTGGTGGCACACACTTGTAATCCCAGCACTTGGGGAGACTGAGGCGGGTGGATCACTTGAGGTCAGGAG","GGCCAGGCGCGGTGGCTCATGCCTGTAATCCCAGCACTTTGGGAGGCTGAGGTGGGCAGATCACTTGAGGTCAGGAGTTTGAGACCAGCCTGGTCAACAAGATGAAACCCCATCTCTACTAAAAATACAAAAAAATTGGCCGGGCGCGGTGGCTCATGCCTGTAATCCAAGCACTTTGGAGGCCAAGGCAGGTGGATCACCTGAGGTCGGGAG"
"chr1","9011218","9011527","JH378117","15749415","15749721","41","6738197","GGCTGGGCATGGTGGATCAAGCCTATAAACCCAGCACTTTGGGAGGCTGAGGTGGGCGGATCACTTGAGGTCTGGAGTTCGAGACCAGCCTGGCCAACATGGTGAAATCCCATCTCTACTAAAGAAACAAAAGTCAGCCAGGCGTGGTGGCACATGCCTGTAATCTCAGCTACTCGGGAGGCTGAGGCAGGAGAATCACTTGAATCTGGGAGGCAGAGGTTGCAGTGAGCCGAGATCGTGCCACTGCACTCCATCCAGAGCCACAGAGCAAGACTCCAACTCAAAAAAAGAAAAAGAAAAACAAAAAAGA","GGCTGGGTGTGGTGGCTCACACCTATAATATCAGCACTTTGGGAGGCAGAGGTGGGTGGATCACTTGAGGTCAGGATTTCGAGACCAGCCTGGCCAATATGGTGAAACCCCATCTCTACTAAAAATACAAAAATTAGCCAGATGTGGTGGTGCACGCCTGTAAACCCAGCTACTCAGGAGGCTGAGGCAAGAGAATCACTTGAACCTGGGAGGCAGAGGTTGCAGTGAGCTGAGATCGTGCCACTGCACTCCAGCCTGGGCAACAGAGCAAGACTGTCTTAAAAAAAAAAAAGAAAAAGAAAAAAAA"
"chr1","9019020","9019210","JH378255","529289","529473","25","8489731","CCAGGTGAGGTGGCTCATGCCTGTAAGCCCAGCACTTTGGGAGGCCAAGGCAGGCGGATCACTAGAGGTCAGGAGTTCTAGACCAGCCTGGCCAACATGGTGAAACCTCATCTCTACTAAAAATACAAAAAAAAAGGGCTGGTGCGGTGGCTCACGCCTGTAATCCCAGCACTTTGGGAGGCTGAGGCGGG","CCAGGTGCGGTGGCTCATCCTGTAATCCCAGCACTTTGGGAGGCAAGGCAGGTGGATCACTTGAGGTCAGGAGTTCAAGAGCAGCCTGGCCAACATGATGAAATCTCGTCTCTACTAAAAGTAGAAAAAGTAAGCCGGGCGCGGTGGCTCCAGCCTGTAATCCCAGCACTTTGGGAGGCCGAGGC"
"chr1","9020749","9020873","JH378112","13291402","13291526","22","4270653","GGCAGGGTGCAGAGGCTCACACCTCTAACACCAGCACTTTGGGAGGCCGCAGTGGACAGATCATTTGAGGCCAGGAGTTCAACGCCAGCCTGGCCAACATGCTGAAACTCCATCTCTATTGAAAA","GGCTGGGCACGGTGGCTCATGCCTGTAATCCCAGCACTTTGGGAGGCCAAGGTGGGCGGATCATTTGAGGTCAGGAGTTCAAGACCAGCCTGGCCAACATAGTGAAACTCCATCTCTTTTAAAAA"
"chr1","9035915","9036219","JH378166","9428708","9429013","52","392793","GCTGGACACNGTAGCTCACCCCCTGTAATCCCAGCATTTTGGGAGGCCGAGGCAGGTGGATCACTTGAGGCCAGGAGTTCGAGACCAGCCTAGCCAACATGGTGAAACCCCATCTCTATGAAAAATCAAAAAAATTAAGCTGGGCACGGTGGCACATGCCTGCAGTGCTAGCTACTCAGGAGGCTGAGGCACAAGAATTGCTTGAACTTAGCAGGTGGAGCTTGCAGTGAGCCGAGACTGCGCCACTGCACTCCAGCCTGGGCAACTAAGCAAGAGTCCATCTCAAACAAACAAACAAACAAAAA","GGCTAGGCATGGTGGCTCACGCCTGTAATCCCAGCAGTTTGGGAGGCTGAGGCAGGCAGATCACTTGAGGTCAGGAGTTCAAGACCAGCCCGGCCAACATGGTGAAACCCCATCTCTACTAAAAATACAAAAAAATTATCCGGGCATGGTGGCACGCGCCTGTGGTCCCAGCTACTCGGGAGGCTGAGGCGGAAGAATCACTTGAGCCCAGGAGGCGGAGGTTGCAGTGAGCCAAGATTGAGCCACTGCACTCCAGCCTGGTGACAGAGCAAGACTCCGTCTCAAACAAACAAACAAACAAACAAA"
"chr1","9036407","9036718","JH378131","1500567","1500875","41","7535840","GGCCGGGTGCGGTGGCTCATGCCTGTAATACCAGCACTTTAGGAGGCTGAGGCAGTTGGATCACTTGAGGTCAGGAGTGCGAGACCAGCCTGGCCAACATGGTGAAACTCGGTCTCTACTAAAAATACAAAGATTAGCCGGGCATGGTGGAGTAGGTCTGTAATCCCAGCTACTAGGGAGGCTGAGGCATGAAAATCGCTTGAACCCAGGATGGGGAGGTTGCAGTGAGCCGAGATCGTGCCACTGTGCTCCAGCCTGGGCAACAGAGTGAAACTCTGTCTCAAAAACAAAACAAACAAACCAACACAAAAA","GGCCGGGTACGGTGGCTCACGCCTGTAATCCCAGAACTTTGGGAGGCTGAGGCAGGTGGATCACTTGAGGTCAAGAGTGCGACACCAGCCTGGCCAAAATGGTGAAACTCCGTCTCTACTAAAAATGTAAAAATTAGTTGGGCGTAGTGGAGTAGGTCTGTAATCCCAGCTACTAGGGAGACTGAGGTACAAGAATCGCTTGAAGCCAGGAGGGGGAGGTTGCAGTAAGCTGAGATCGTGCCCCTGTGCTCCAGCCTGGGTGACAGAGCAAGACTCTGTCTTGCAAACAAAACAAACACAAAAATAAAA"
"chr1","9046538","9046840","JH378105","8442381","8442678","49","604157","GGCCACACGCAGTGTTTCACCTCTGTCGTCTCAGCACTTTGGGAAGCCGAGGTGGGTGGATCACTTGATGCCAGGAGTTTGAGACCAGCCTGGCCAATATGGTGAAACCCTGTCTCTACTAAAAATACAAAGATTAGCTGCGCGTGGTGGCAGACACCTGTAATCCCAGCTACTTGGGAAGCTGAGGCAGGAGAATGGCTTGAACCCAGGAGGTGGAGGTTGCAGTGAGCCAATTTCACACCACTGCACTCCAGCCTGGGCGTCAGAGCAAGACTCTACCTCAAAAAATAAAGAAATAAATAA","GCTGGGCGCAGTGGCTCACATCTGTAATATCAGCACTTTGGGAGGCCAAGGCGGGTGGATCACTTGAGGTCAGGAGTTCAAGACCAGCCTGGCCAAAATGGTGATACCCTGTCTCTACTAAAAATACAAAATTTATCTGGGTGTGGTGGCACACACCTGTAAGCCCAGCTACTTGGGAGGCTGAGGCAGGAGAACTGCTTGAACCCAGGAGGTGAAGGTTGCAGTGAACCAAGATCCCACCACTGCACTTCAGCCTTGGCAACAGAACGAGACTCTTGCCTCCAAAAAAAAAAAAAAA"
"chr1","9051541","9051814","JH378105","22316938","22317211","56","13265397","CACACATATAATCCCAGCACTTTGGGAGGTTGAGATGGGTAGACTACTTGAGCCCAGGAGTTCTCGGCCAGCCCGGGCAACATGGTGAAACCTCGTCTCTACTAAAAATTCAAAAATTTGCTGGGCATGATGTGCACCTGTAATCCCAACTACTCAGGAGGCTGAGGTGGAAGGATTACTTGAGCACGGGACGCAGAGGTTGCAGTAAGCTGAGATCGCACCACTGCACTCCAGCCTGGGTGACAGTGCAAGACCCTGTCCCAAAAAAGAAAAA","GCCTGTAATCCCTGCACTTTGGGAGGCAGAGGCGGGTGGATTACTTGAGGCCAGGAGTTTGAGACCAGCCTGGCCAACATGGTGAAACCCCGTCTCTACTAAAAATACAAAAATTAGCTGGGCATGAAGTCCCGGGGCTGTAATCCCAGCTACTCAGGAGACTAGGGCAGGAGAATGGCTTGAACCCGGGAGGCAGAGGTTGCAGTGAGCCGAGATCACGCCACTGCACTCCAGCCTGGGTGACAGAGAGACTCGCTCTCAAAAGAAAAAAAAA"
"chr1","9053104","9053414","JH378204","3945411","3945718","39","5107693","GGCTGGGCACAGTGGCTCACGCCTGTAATCCCAGCAGTTTGGGAGGCCAAGGTGGGAGGATCACTTGAGATCAGGAGTTTGAGACCAGCTTGAGCAACATGGTGAAACCCCATCTGTACTAAAAATACAAAAATAAGCCGGGCGTGGTGGCATATGCCTGTAGTCCCAGCTACTAGGGAGGCTAAGGCAGGAGAATCGCTTGAACCCGGGAGATGGAGGTTGCAGTGAGCCGAGATCACGCCATTGCACTCCAGTCTGGGAAACAGAGCAAGACTCTGTCTCAAAAAATAAATAAATAACAAATAAAAAAA","GGCCTGGCACAGTGGCTCACGCCTGTAATCCCAGCACTTTGGGAGGCCGAGGTAGGTGGATCATTTGAGGTCAGGAGTTTGAGACCAGCCTGGCCAATATGGTGAAACCCCGTCTCTACTAAAAATACAAAAATTAGCCAGGCATGGTGGCATGCTCTTGTAATCCAAGCTATTCGGGAGGCTGAGGCAGGAGAATCGCTTGAACTCAGGAGGCGGAGGTTGCAGTGAGCCGAGATCACGCCATTGCACTCCAGCCTGGGTGACAGAGCAAAACTCTGTCTCAAATAATAAATAAATAAATAAATAAA"
"chr1","9053873","9054175","JH378113","14308366","14308666","44","5254493","TGGCTCACACCTGTAATCCCAGCACTCTAGGAGCCCAAGGCAGGTGGATCACTTGAGGTCAGGAGTTTGAGACCAGCCTGGCCAACATGGTGAAACCCCGTCTCTACTAAAAACACAAAAATTAGCCAGGCGCGGTGGCATGCACCTGTAATCCCAGCTATCCGGGAGGCTGAGGCAGGAGAATTGCTTGAACCGAGGAGGTGGAGGCTACAGTGAGCTGAGATTGTGCCACTGCACTCCAGCCTGGGCGACAGAGCGAGACTCTGTCTCAAAACAACAACAACAAAAATTTAAATAAATAAA","GGTGGCTTACACCTGTAATCCCAGCACTCTGGGAGGCCGAGGCAAGAGGATCACTTGAGGTCAGGAGTTCAAGACCAGCCTGGTCAACATGGTAAAACCCCATCCCTACTAAAAAGACAAAAATTAGCCAGGCATGGTGGCACGTGCCTGTAATCCCAGCTACTCGGGAGGCTGAGGCAGGAGAATCACTTGAACCTGGGAGATGGAGTTTGCAGTGAGCCGAGATCATGCCACTGCACTCCAGCCTGGGCAACAGAGCAAGACTCTGTGTCAAAAAAAAAAAATTAAAATTAAAAAAAAA"
"chr1","9058104","9058415","JH378118","10693452","10693756","43","1635348","GGCCGGGCGCGGTGGCTCACACCTGTAACCCCAGCACTTTGGGAGGCCGAGGCGGGCAGATCACTTGAGGTCAGGAGTTCTAGACCAGCCTGGCCAACATGGTGAAACCCCGTCTCTACTAAAAATACAAAAATTAGCCGGGTGTGGTGGTGCATGTCTGTAATCCCAGCTACTTGGGAGGCTGAGGTGGGAGGATTGCTTGAGCCCAGAAGGTGGAGGTTGCAGTGAACCTTGATTGCACCACTGTACTCCAGCCTGGGTGACAGAGCAAGACTCTGTGTACAAAAAAAAAAAAAAAGAGANANANANANA","GGCCGGGCGCGGTGGCTCACGCCTGTAATCCCAGCACTTTGGGAGGCCGAGGCAGGCGGATCATTTGAGCTCAGGAGTTCAAGACCAGCCTGGCCAACATGGGGAAACCCCGTCTCTGCTAAAAATACAAAAATTAGCCAGGCGTGGTGGCACAAGCCTGTAATCCCAGCTATTTGGGAGGCTGAGACAGGAGAATCGCTTGAACCCGGGAGGTGGAGGTTGCAGTGAGCCGAGATCGCGCCACTACACTCCAGCCTGGGTGACAGAGAGAGACGCTGTCTCAAAAAAAAAAAAAAAAAAAAAAA"
"chr1","9060519","9060825","JH378200","886572","886874","42","8173947","GGCCGGACACGATGGCTCACGCCTGTAATCCCAGCACTTTGGGAGGCCAAGGAGGGTGGATCACTTGAGGTCAGGAGTTCGAGACCAGCCTGGCCAACATGGCAAAACCCCGTGTCTACTAAAAATACAAAAATTAGCCGAGCATGGTAGTGCACGCCTGTAATCCCAGCTACTCAGGAGGTGGAAGCAGGAGAATCGCTTGAACTTGGGAGGCGGAGGTTGTAGTGAGCTGAGATCATGCCACTGCACTCCAGCCTGGGAGAAGAGCGAAACTCCGTCTCAAAAAAAAAAAACAGAAAACGAGAAA","GGCCGGGCACAGTGGCTCACGCCTGTAATCCCAGTACTTTGGGAGGCCAAGGTGGGTGGATCACTTGAGGTCAGGAGTTCGAGACAGCCTGGCCAACATGGTGAAAACCCGTCTCTACTAAAATTACAAAAAGTTAGCCAGGCATGGTGGCACGCGCCTGTAATCCCAGCTACTCAGTGGCTGAGGCAGGAGAATCGCTTGAACCCAGGAGGCGGAGGTTGCAGTGAACTGAGATCATACAACTGCACTCGAGCCTTGGTGACAGAGCGAGACTCCATTTGAAAAAAAAAAAAAAAAAGGAAA"
"chr1","9063022","9063336","JH378135","9840354","9840669","49","777332","GGCCAGGCGTGGTAGCCTGTAAACCCAGCACTTTGGGAGGCTGGGGCAAGTGGATCACTTGAGGTCAGAAGTTCGAGACCAGCCTGGCCAACATGGTGAAACCCCGTTTCTACTAAAAATACCAGAAAAAAAAAATTAGCCGGTCGTGGTGGTGTGCACCTGTAATTCCAACTACTTGGGAGGCTGAAGTAGGAGAATCACTTGAACCCAAGAGGCGGAAGTTGCAGTGAGCTGAGATCGCACTACTACACTTCAGCCTGGGTGACAGAGCGAGACTCTTGTCTCCAAAAAAAAAAAAAAAAAGTAAAACAGAAA","GGCCGGATGCTGTGGTTCATGCCTGTTATCCCAGCACTGTGGGAGGCTGAGGCAGGTGGATCATTTGAGGTCAGGAGTTCGAGACCAGCCTGGCCAACATGGTGAAATCCCGTCTCTACTAAAAATACAGAAAAATGAGTCAGGTGTCGTGGTGTGTGCCTGTAATCCCAGCTACTAGGGAGGCTGAGGTATGAGAATCACTTGAACCCAGGAAGCGGAAGTTGCAGTGAGCTGAGATCGCGCCACTGCACTCCAGCCTGAGTGACAGAGTGAGACTTTGTCTCCAAAAAAAAAGAAAGAAAGGGAAAAAAAAAAA"
"chr1","9067203","9067421","JH378293","1950043","1950263","40","7117160","GGCTGGACATGGTGGCCCATGCCTATAATCCCAGCACTTTGGGAGGCTGAGGCAGGCAGATCGCTTGAGCTCAGGAGTTCAAGACTAGTCTGGCCAAAATGGTAAGATACCGTCTCTACAAAAATACAAAAATTAGCCAGGCATGGTGCTGCATGCCTGTAGTCCCAGCCACTTGGGAGGCTAGAGTGGAAGGATTGCTTGAGCCTGGAGGTGGAGGTT","GGCCAGGCATGGTGGCTCACACCTATAATCTCAGCACTTTGGGAGGCTGAGGTGGGCAGATTGATTGAGCTCAGGGGTTTGAGATCAGCCTGGACAACATAGCAAAACACCATCTCTACAAAAAATACAAAAACTAGCCAGGCATGATGATACATGCCTGTAATCCCAGCTACTTGGGAGACTGAGGCAGAAGAATTGCTTGAACCTGGGAGGCGGAGGTT"
"chr1","9076441","9076721","JH378256","1961202","1961481","41","7115239","GCCAGGCGCAGTGGCTCATGCCTGTAATCCCAGCACTTTGGGAGGCCAAGGTGGGTGGATTGCTTGAGATCAGGAGTTCAAGACCAACCTGACCAACTTGGTGAAACACTATCTGTACTAAAAAAATACAAAACTTAGCCAGGCATGGTGGTGCACGCCTGTAATCCTAGCTACTCAGGAGGCTGAGGTAGGAGAATCACTTGAACCTGGGAGGCGGAGGTTGTAGTGAGCTGAGATTGTGCCACTGCACTCCAGCCTGGGCAACAAAGTGAGACTTCATC","GGCCAGGCAAAGTGGCTCATGCCTGTAATCTCAGCACTTTGGGAGGCCAAGGCAGGTGGATAACTTGAGGTCAGGAGTTCAAGACCAGCCTGGCCAACATGGTGAAACCCTGTCTCTACTAGTAATACCAAAATTAGCCAGCCGTGGTGGTGCATGCCTGTAATCCCAGCTACTCGGGAGGCTGAGGCAGGAGAAGCACTTGAACCCGAGAGGTGGAGGTCGCAGTGGGCTGAGATCGCGCCGTTGCACTCCAGCCTGGGCGACAGAGTGAGACTTTATC"
"chr1","9096747","9097028","JH378110","34162160","34162442","39","25065413","GGCCGGGTGCAAAGGCTCATGCCTGAAATCCCAGCACTTTGGGAGGCCGAGGCGGGCAGATTGCTTGAAGTCAGGAGTTCGAGACCAGACTGGCCAACATGGTGAAACCCCATCTGTACTAAAAATACAAAAATTAGCTGGTTGTGGTGGCACGTGCCTGTAATCCCAGCTACTTGGGAGGCTGAGGCAGGAGAATCGCTTGAATCTGGGAGATGGAGGTTGCAGTGAGCCGAGATCGCGCCACTGCACTCCAGCCTGGGCAACAGCAAAACTCCAGCTCAA","GCCGGGCACAGTGGCTCATGCCTGTAATCCCAGCACTTTGGGAGGTCAAGGCGGGCAGATCACTTGAGGTCAGGAGTTCAAGACCAGACTGGTCAACATGGCGAAACCCCATATCTACTAAAAACACAAAAATTAGCTGGGTGTGGTGGCACATGCCTGTAATCCCAGCTACTTGGGAGGCTGAGGCAGGAGAATCGCTTAAACTCAGGAAGTGGAGGTTGCAGTGAGCCAGGATCGCACCACTGCACTCCAGCCTGGGTGACGACAGAGCAAGACTCTGTCT"
"chr1","9097566","9097709","JH378108","35260894","35261037","18","26163328","GGCCAGGAGCAGTGGCTCATGCCTGTAGTCCCAGCACTTTGGGAGGCTGAGGCGGGCAGATTACTTGAGGCCAGGTGTTCAAAACCAGCCTGGCCAACATGGTGAAACCCCGACTCTACTAAAAATACAAAATTAGGCTAGGCG","GGCCAGGCACAGTGACTCATGCCTGTAATCCCAGCACTTTGGGAGGCTGAGGCAGGCAGATCACTTGAGGTCATGAGTTCAAGACCAGCCTGGCCAACATGGTGAAACCTCAACTCTACTAAAAATACAAAAGTTGGGGCGGGG"
"chr1","9098004","9098161","JH378167","508244","508403","33","8589760","TTAGCCAGGTGTGGTGGCACACACCAGTAGTCCCAGCTACTCAGGAGACTGAGGTGGAAGTTGCAGTGAGCCAGAGGTGGAGGTTGCAGTGAGCCAAGATTGAGCCACTGCACTCCAGCCTGGGCAACACAGTGAGACGCTGCCTCAAAAACAAAAAA","AGCCATGCGTGGCGACACATACCTGTGGTCCCAGCTACTCACGAGGCTAAGGTGGGAAGATTGCTGGAGCCTGGGAGGCAGAGGTTGTAGTGAGCCGAGATTGCTCCACTGCACTCCAGCCTGGGCAACAGAGTGAGGCTCCATCTCAAAAAAAAAAAAA"
"chr1","9099444","9099749","JH378193","3655622","3655925","49","5443822","GACTGGGTGCGGTAGCTCATGCCCATAATCCCAACAGTTTGCGGGGCCGAGGTGGGTGGATCACTTGAGGTCAGGAGTTCCAGACCGGTGTGGCCAACACAGTGAAACCCTGTCTCTACCAAAAATAACAAAAATTAGCTGGATGTGGTGACACACGCCTGTAGTCCCAGCTACTCGGGAGACTGAAGCAGGAGAATCACTTGAACCCAAGAGATGGAGGTTGCGGCGAGCCGAGATTATGCCACTGCACTCCAGCCTGGGCGACAGAGCAAGACTCCACCTCAAAAAAATAAATAAAAATTAAAA","GGCTGGGCACGGTGGCTCATGTCTGTAATCCCAGCATTTTGGGAGGCCAAGGTGGGTAGATCAGTTGAGGTCAGGAGTTCCAGACTAGCCTAGCCAACATGGTGAAACCCTGTCTCTACTAAAAATACAAAAATTAGCTGGGTGTGGTGGCGCATGCCTGTAATCCTAGCTACTCGGGAGACTGAGGCAGGAGAATCACTTGAACTTGGGAGACAGAGGTTGCAGTGAGCCGAGACCATGCCATTGCACTCCAGCCTGGGTGACACAGCTGGACTCCATCTCAAAAAATATATAAAAATAAAAA"
"chr1","9100294","9100603","JH378120","4438901","4439206","41","4661393","GGCCAGGCGCGGTGGCTCACGCCTGTAATCCCAGCATTTTGGGAGTCCGAGGCGGGCGGATCACTTGAGGTCAAGAGTTCCAGACCAGCCTGGCCAACATGGTGAAACCCTGCCTCTACTAAAAAAACAAAAATTAGCTGGGCGTGGTGGCACGTGCCTATAATCCCAGCTACTCGGGAGACTGAGGTAGGAGAACCACTTGAACCTGGGAGGCAGAGGTTGCAGTGAGCCGAGATTGTGCCACTGCACTCCAACCTGGGCGACAGAGCAAGACCCTGTCTCAAAAATAAATAAATAAATAAAACTAAAA","GGCTGGGCACAGTGGCTCACACCTATAATCCCAGCACTTTGGGAGGCTGAGTCCAGCAGACCACTTGAGGTCAGGAGTTTGAGACCAGCCTGGCCAACATGGTGAAACCATGTCTCTACTAAAAATAAAAAATTAGCTGGGCGTTGTGGCATATGCCTGTAATCCCAGCTACTGGGGAGGCTGAGGCAGGAGAATCACTTGAACCTGGGTGGCAGAGGTTGCAGTGAGCCAAGATTGTGCCACTGCACTCCAGCCTGGGTGACATAGTGAGACTCTGTCTCAAAAAAAATAAAAAATAAAAATAAA"
"chr1","9103726","9104033","JH378148","12335761","12336055","64","3232035","GGCCAGGCGCGGTGGCTCATGCCTGTAATCCCAACACTTTGGGAGGCCAAGGTGGGCAGAACACTTGGGGTCANNNNNNNNNNNNNNNNNNNNAGACCAGCCTGGCCAACATGGTGAAACTCCATCTCTACCAAAAATACAAAAATTAGCCAGGTGTGCTAGTGCGCCCCTGTAATCCCAGCTTAGTGGGAGATTGAGGTGGGAGAATCCCCTGAATCCAGGAGGTGGAGGTTGCAGTGAGCTGAGATTGCGCCGCTGAACTCCAGCCTGGATGACGAAGTGAGACTCTGTCTCAAAAAAAAAAAAAA","GGCTGGGTATAGTGGCTCATGCCTGTAATCCCAGCACTTTCGGAGGCTGAGGTGGGCAGATCACTTGAGGTCAGGAGTTCGAGACCAGCCTGGCCAACATGGTGAAACCCCCTCTCTACTAAAAATACAAAAAGTTAGCCAGGCCTGGTGGTGAGCACCTGTAGCCCAGCTACTCAGGAGACTGAGGCAGGAGAATCACTTGAATCCAGGAGGTGGAGGTTGCAGTGAGCTGAGATCACCCCACTGCACTGCAGCCTGGATGACAGAATGAAACTCTGTCTCAAAAAAACAAAAA"
"chr1","9110847","9111152","JH378126","782415","782718","36","8328432","GGCCAGGTGTGGTGGCTCATACCTGTAATCCCAGCACTTAGGAAGGCCGAGGCAGGTGGATCATTTGAGGTCAGGAGTTTGAGACCAGCCTGGCCAACATGGTAAAACACCGTCTCTACTAAAAATACAAAAAATTAGCCAGATGTGGTGGTGTACGCCTGTATTCCCAGCTACATGGGAGGCTGAGGCAGGAGAATGGCTTGAACCCAGGAAGTGGAGGCTGCAGTGAGCCGAGATCGCGCCACTTCACTCCAGCCTGGGTGACAGAGCTAGACTCCATCTCAAAACAAACAAACAAAAAACAAA","GGCCAGGTGTGGTGGCTCACACCTGAAATCCCAGCACTTAGGGAGGCCGAGGGGGGTGGATCACTTGAGGTCAGGAGTTCCAGACTAGCCTGGCCAACATGGTGAAACCCCGTCTCTACTAAAAATAGAAAAAATTAGCTGGACGTGGTGGTGTATGCCTGTAATCCCAGCTACTTGGAAGGCTGAGGCAGGAGAATTGCTTGAACCCAGGAGGCGAAGATTGCAGTGAGCCAAGATTGTGCCACTGCACTCCATCCTGGGTGACAGAGTGAGACTCCATCTCAAAAAAAAAAAAAAAAAGAAA"
"chr1","9112365","9112530","JH378219","6396636","6396804","22","2715729","GGCCAGCTGCGGTGGCTCACACCTGTAATCCCAGCACTCTGGGAGGCTGAGGTGGTGGATCACTTGAGGTCAGGAGTTTGAGATCAGCCTGAGCAACACGGTGAAACCCCATCTCTACTAAAATACCAAATTAGCCAGGCATGGTGGCGCATGCCTGTCATCCCAG","GGCTGGGCACAGTGGCTCACACCTGTAATCCCAGCAGTTTGGGAGGCTGAGGTGGGTGGATCACTTGAGGTCAGGAGTTTGAGACTAGCCTGACCAACATGGTGAAACTCCATCTCTACTAAAAATACAAATATTAGCCAGGTGTGGTGGTGCATGCCTGTAATCACAG"
"chr1","9114708","9114989","JH378179","2770478","2770770","45","6344230","GGGCATGGTGGCTCATGCCTGTAAATCCCAGCACTTTGGGAGGCCAAGGTGGGCGGATCACTTGAGGTCAGGAGTTTGAGACCAGCCTGGCCAACATGGCAAAACTGCGTCTCTACTAAAATTACAAAAATTAGCTGGGCGTGGTGGTGCATGTCCCAACTACTCAGGAAGCTGAGGCAGGAGACTCGCTTGAACCTGGGAAGTGGAGGTTGCAGTGAGCCACGATCGCGCCACTGCACTCCAGCCTGGGTGATAGAGCGAGTCTCCATATCCAAAAAAAAA","GGCTGGGCATAGTGGCTCATGCCTGTAATCCCAGCACTTTGGGAGGCCAAGGTGGGCGGATCACTTGGGCTCAGGAGTTTGAGACCATCCTGGCCAACATGGCAAAACTCTGTCTCTACTAAAAATAGAAAAATTAGCTGGGCACTGTGGTGTGTGCCTGGCATCCCAGCTACTTGGGAGGCTGAGGCAGGAGAATCACTTGAACCTAGGAGGCGAAGGTTGCAGCGAACCAGGATCCTGCCACACTGCACTCCAGCCTGGGTGACAGAGTGAGACTCCGTCTCAAGAAAAAA"
"chr1","9131734","9132035","JH378242","734891","735189","49","8396843","GGCTGAGCACAGTGGCTCATGCCTATAATCTCAGCACTGTGGGAGGCTGAGGTAGGAGGATCACTGGAGGTCAGAAGTTCAAGACCAGCCCGGCCAACATGGTGAAACTCTGTCTCTACTAAAAATACAAAAATTAGCAGGTGGTGGCACGCACCTGTAGTCCCAGCTACTCGGGAGGCTGAGGCAGGAGAATCGCTTGAATCCAGGAAGTGGAGGTTGCAGTGAGCTATCGCACCACTGCACCCCAGCCTGGCTGGGCGACAGAGCGAAAGAGTGAGACTGTCTACAAAAAAAAAAAAAAA","GGCTGGGTACGGTGGCTCACGCCTGTAATCCCAGCACTTTGGGAGGCGGAGGCAGACAGATCACTTGAGGTCAGGAGTTCGAGACCAGCCTGGCCAACATGGTGAAACACTGTCTCTACTAAAAATACAAAAATTAGCCAGGTGTGGTGGCACATACCTGTAGTCCCAGCTACTTGGGAGGCTTAGGCAGGAGAACCGCTTGAACCCAGGAGGTGGAGGTTGCAGTGAGCCGAGATCGTGCCACTGCACTCCAGCCTGGGCAACAGAGCGAGACTCCATCTCAAAAAAAAAAAAAAAAA"
"chr1","9134337","9134559","JH378109","48953753","48953976","34","39819416","GCCGCGCGCGGTGGCTCACACCTGTAATCCCAGCACTTTGGGAGGCCAAGGCAGGTGGATTACTTAAGGTCAGGAGTTTGAGACCAGCCTGGCCAACATGGTGAAACCTCATCTCTACTAAAAATACAAAAATTAGCCTGGTGTGATGGGCCACACTTGTGTTCCCAGCTACTTGGGAGGCTGAGGCAGGAGAATCACTTGAACCTGGGAGGCGGAGGTTGCA","GCTGGGCACAGTGGCTCACACCTGTAATCCCAGCACTTTGGGAGGCCAAGGAGGGTGGATCACTTGAAATCAAGAGTTCAAGACCAGCCTGGCCAACATGGTGAAACCCCATCTCTACTAAAAACACAAAAATTAGCCAGGCGTGGTGTCAAGCATCTGTAATCCCAGCTACTCAGGAGGCTGAGGCAGGAGAATCACTTGAACCCATGAGGCAGAGGTTTCAG"
"chr1","9136043","9136328","JH378189","7335796","7336075","51","1800247","GCCCGGCACGGTGGCTCATGCCTGTAATCCCAGCATTTTGGAAGGCTGAGCCAGGCGGTTCACTTGAGGCCAGGAGTTCGAGACAAGCCTGGGCAACATGGTGAAACCCTGTCTCTACTATTAACAAAGCTACAAAAATTAGGCATGGTGGGGTGTGACTGTAATCCCGGCTACTCGGGAGGCTGAGGCAGGAGAATTGCTTGAACCCAGAAGGCGAAGATTACAGTGAGTCTAGATCGTGCCACTCTACTCCAGGCTGGGCGACGGAGACTCTGTCTCAAAAAAA","GCCAGGCACAATGGCTTATGCCTGTAATCCCAGTACATTGGGAGGCTGAGGCAGGTGGATCACTTGAGGCCAGGAGTTCGAGACCAGCTTGGCCAACATGGTGAAACCCTATCTCTACTGAAATAGAAAAATTAGCCAGGCGTGGTGGCCTGAAATCCCAGCTACTTGGGAGGCTGAGGCAGGAGAATTGCTTTAACCCAGGAGGCAGAAGTTGCAGTGAGCCAAGATCATGCCACTGTACTCCAGCCTGGGTGACACAGTGAGATTTTGTCTCAAAAAA"
"chr1","9136337","9136530","JH378167","12576421","12576619","39","3440084","CTTGAGGTCAGGAATTCAAGATCAGTCTGCCCAACAAGGTGAAACCCGGTCTCTACTAAAAACACAAAAAAATTAGCTGGATGTGGTGGCGCACATCTGCAATCCCAGCTACTTAGGAGGCTGAGGCATGAGAATCGCTTGAATCTGGGAGGCAGAGGTTGCAGTGAGCCGAGATCACGCCACTGCACTCCAGC","TCACTTGAGGTCAGGAATTTGAGACCAGTCTGACCAACACAGAGAAAACCCATCTCTACTAAAAACACAAAAAATTAGCCAGGTGTGGTGAGACATGCCTGTAATCTCAGCTACTCAGAAGGCTGAAGCAGGAGAATCGCTTGAACCCATGAGGCAAAGGTTGCAGTGAGCCACGATCACACCACTGCACTCCAGACTG"
"chr1","9143095","9143392","JH378157","1154304","1154607","49","7988791","GGCCAGGCGTGGTGGCTCACACCTGTAATCCCAGTACTTTGGGAGGCTGAGGTGGGTGGATCACTTGAGATCAGGAGTTCGAGATCAGCCTGGTCAACATGGTGAAACTCCATCTCTACTAAAAAAAAAAAAAAACAAAATTAAGCTAGGCATGGTGGCATGTGCCTGTAGTTCCAGGTACCTGGGAGGCTGAGGCAGGAGAGTTGCTTGAACCTGGGAGGCAGAGGTTGCAGATCACACCAGTGCACTCCAGCCTGGGTGACAGAGCGAGACTCTGTCTTAAAAAAAAAAAAAAAAA","GGCCGGGCGTGGTGGCTCATGCCTGTAATCCCAGCACTTTGGGAGGCTGAGGTGGGTGGATCATTTGAGTCAGGAGTTTGAGACCATCCTGGCCAACATGGTAAAACCCCATCTCTCCTAAAAATAAAAAAAAAAATTAGCCAAGCATGGTGGCTCGCACCTGTAGTCCCAGCTACTTGAGAGGCTGAGGCAGGAGAATTGCTTGAACCCGGGAGGCGGAGGTTGCGGTGAGCCGAGATCGCGCCACTGCACTCCAGCCTGGGTGACAGAGGGAGACTTCATCTCAAAAAAAAAAAAAAAAAAA"
"chr1","9153440","9153741","JH378178","8042470","8042765","41","1110970","GGCCGGGTGTGGTGGCTCATGCCTGTAATCTCAGCACTTTGGGAGGCCGAGGCGGGCAGATCACTTCAGGTCAGGAGTTCGAGACCAGCCTGGCCAACATGACAAGACCCTATCTCCACTAAAAATGCAAAACTTAACTGGGCATGGTGGCACACACCTGTAATCCCAACTACTTGGGAGGCTGAAGCAGGAGAATCACTTGAGACTGGGAGGTGGAGGTTGCAGTGAGCCAAGATCGCATCACTGCACTCCAGCCTGGGTGACAGAGCAAGACTCTGTCTCAAAGAAAAAGAAGAAAACAA","GGCAGAGCATGGTGGCTCATGCCTGTAATCCCAGTACTTTGGGAGGCCAAGGCGGGCAGATCACTTGAGGTCAGGAGTTCAAGATCAGCCTGGCCAACATGGTAAAACCCTGTCTTTACTAAAAATATAAAAATTAACTGGGCATGGTGGCATGCACCTGTAATCCCAGCTACTCAGGTGGCTGAGGCAGGAGAATCCCTTGAAACCTAGGAGGTGGAGGTTGCAGTGAGCCAAGATTGCGCCACTGCACTCTAGCCTGGGTGACAGAGCAAGACTCTGTCTCAAAAAAAAAAAAA"
"chr1","9162977","9163257","JH378277","169900","170182","41","8993077","GCTGGGTGCGGTGGCTCATGCCTGTAATCCCAACATTTTGGGAGACTAAGGCAGGTGGGTCACTTGAGGTCACGAGTTCAAGACCAGCCTGGCCAACATGGTGAAACCTCGTTTCTACTAAAAATACAAAAATTAGCCAGGCGTGGTGGCATGCACCTGTAATCCCAGCCACTTGCAAGGCTGAGGCAGGAGAATCGCTTGAACCTGGGAAGCGGAGGTTGCAGTGAGCTGAGATCATGCCATTGCACTCCAGCCTGGGAGTCGCAATGAGACTCTGTCTC","GGCCAGGTGCGGTGGCTCAGGCCTGTAATCCCAGCACTTTGGGAGACTGAGGCAGGTAGATCACTTGAGGTGAGGAGTTAGAGACCAGCCTGGCCAACATGGTGAAACCTCATCTTTACTAAAAATACAAAAATTAGCCAGGCGTGGTGGTGCATGCCTGTAGTCCCAGCTGCTTGGAAGGCTGAGGCAGGAGAATCACTTGAACCTGATGGGCAGAGGTTGCAGTATGCTGAGATCATGTCACTGCACTCCAGCCTGGGTGACAGAGTGAGACTCTTTCTCA"
"chr1","9165380","9165670","JH378107","53276825","53277112","45","44111445","GGCCTGGCGCTGTGGCTTACATCTCTAATCCCAGAACTTTGGGAGGCCAAGGCGGGTGGATCACTTGAGGTCAGGAATTCCAGACCAGCCTGGGCAACATGGTGAAACCCTGTCTCTATTAAAAATATAAAAATTAGCCAGGCACGGTGGTGTGCATCTGTGATCCCAGCTACTCAGTGGGCTGAGGTAGGAGAATCACTTGAACCCAGGAGGCAGAGGTTGCAGTGAACCGAGACCACACCATTGCACTCCAGCCTGGGTGAAAGAGTGAGACTTCATTTAAAAAAAAAA","GGCCGGGCGCAGTGGCTCACACCTGTAATCCCAGAATTTGGGAGGCCAAGGTGGGTGGATCACTTGAGGTCAGGAGTTTGAGAGCAGCCTGGCCAACATGGTGAAACCCGTCTCTACTGAAAATACAAAAACTAGCCGGGCATGGTGGTGCATACCTGTAATTCCAGCTACTAGGGATGCTGAGGCAGGAGAATTGCTTGAACCCAGGAGGCAGAGGTTGCAGTGAACCAAGATCACACCACTGCACTTCAGCCTGGGTGACAGAACAAGACTCCATCTCAAAATAAA"
"chr1","9166641","9166759","JH378105","56601369","56601491","27","47434728","TGGTGGCGCGTGCCTGTAATCCCAGCTACTCGGGAAGCTGAGGCAGGAGAATTGCTTGAACCCCATAGGTAGAGGTTGCAGTGAACTGAGATTGCACCACTGGAAGTGACAGAGTAAGA","TGGTGGCACACGCCTGTAGTGCCAGCTACTTGGGAGGCTGAGGCAGGAGAATCGCTTGAACCCAGAAGGCAGAGGTTGCAGTGACCCGAGATCGCACCACTGCACTCCAGCCTGGGCGACAGA"
"chr1","9167620","9167924","JH378160","13103182","13103478","43","3935562","GGCTGGGTGCGGTGGCTCACTTGTAATCCCAGCACTTTGGGGTGCTGAGGTGGGCGGATCACTTGAGGCCAGGAGTTCGAGACCAGCCTGGACAACATGGTGAAACCCCTGTCTCTACTAAAAATACAAAAATTAGCTGGGCGTCATGGTGCGCGCCTGTAATCCCAGCTACTTGGGAGGCTGAGGCAGAAGAATCGCTTGAACCCAGAAGGCAGAGGTTGCAGTGAGCCGAGATCATGCCACTGCTGCACTCCAGCCTGAGTGACAGAGCGAGACTGTGTCTCAAAGAAAAACACAAAAAGAAA","GGCTGGGTGCGGTGGCTTACACCTATAATCCCAGCACTCTGGGAGGCGGAAGTGGGTGGATCACTTGAGGTCAGGAGTTTGAGACCGGCCTGGCCAACATGGTGAAACTCTGTCTCTACTAAAAGTACAAAAATTAGGTGGGCGTGGTGGTGCATGCCTGTAATCCCAGCTACTTGGGAGGCTGATGCAGGAGAATCACTTGAACCCAGGAGACAGAGGTTGCAGTGGGCCAAGATCATGCCATTGTACTCCAGCCTGGGTGACAGAGTGAGATGCTGTCTCAAAAAAAAAAAAAAA"
"chr1","9177971","9178072","JH378137","919412","919513","13","8258559","GGCTGGGCACGGCAGCTCACACCTGTAATCCCGGCACTTTGGGAGGCTGAGGCAAGCGGATTATTTGAGGTCAGGAGTTCGAGACCAGCCTGGCTAACATGG","GGCTGGACAAGGTGGCTCACACCTGTAATCCCAGCACTTTGGGAGGCCGAGGCAGGTGGATCACTTGAGGTCAGAAGTTTGAGACCAGCCTGGCCAACATGG"
"chr1","9183890","9184196","JH378135","1618015","1618319","50","7565875","GCCGGGCACGGTTGCTGACGCCTGTAATCCCAGCACTTTGGGAGGCTGAGGCAGGCAGATCACTTGAGGCCAGGAGTTCGAGACTAGCCTGGCCAACATGGTGAAACCTGGTCTCTACTAAAAAATAAAAAAATTAGCCAGGCATAGAGATGCACACCTGCAGTCCCAGTTACTCAGGTGGCTGAGGCAAGAGAATTGATTGAACCCAGGAGGCGGAGGTTGCAGTGAGCCAAGATCACACCACTGCACTCCTGGGTGACAGAGTGAGACCCTGTTTCAAAAAAGAAAAAAAAAGAAGTAAAGGAAA","GGCCAGGCACGGTGGCTCACATTTGTAATCCCAGCACTTTGGGAGGCTGAGGCAGACAGATCACTTGAGGTCAGGAGTTCAAGACCAGCCTGGCTAACATCGTGAAACCCTGTCTCTACTAAAAATACAAAAATTAGCCAGGCATGGTGGCACATGCCTGCAATCCCAGCTACTTGGGAGGCTGAGGCAGGAGAATCGCTTGAACCCAGGAGGCGGAGGTTGCAGTGAGCCCAGATAGCATCACTGCACTCCAGCCTGGGTGACAGAGTGAGACTCCATCTCAAAAAAAAAAAGAAGAAGAAGAA"
"chr1","9197424","9197716","JH378118","10693452","10693756","48","1496028","GGCGGGGCGTGGTGGCTCATGTCTGTAATCCCAGCACTTTCGGAGACCGAGGAGGGTGAATCACTTGAGGTCAGGAGTTCAAGACCAGCCTGGCCAACATGGTGAAACTAAAAATACAAAAAATTAGCCAAGCATGGTGGCATACGCCTGTAATCCCAGCTATTCGGGAGGCTGAGGCAGGAGAATCGCTTGAACCCAGAAGGTGGAGGTTGCAGTGAGCCGAGATCGTGCCGCCTCACTCCAGCCTGCGTGACAGAGCGAGACTCCATCTCAAAAAAAGAATAAACAAATAA","GGCCGGGCGCGGTGGCTCACGCCTGTAATCCCAGCACTTTGGGAGGCCGAGGCAGGCGGATCATTTGAGCTCAGGAGTTCAAGACCAGCCTGGCCAACATGGGGAAACCCCGTCTCTGCTAAAAATACAAAAATTAGCCAGGCGTGGTGGCACAAGCCTGTAATCCCAGCTATTTGGGAGGCTGAGACAGGAGAATCGCTTGAACCCGGGAGGTGGAGGTTGCAGTGAGCCGAGATCGCGCCACTACACTCCAGCCTGGGTGACAGAGAGAGACGCTGTCTCAAAAAAAAAAAAAAAAAAAAAAA"
"chr1","9201389","9201686","JH378188","7232167","7232465","35","1969222","GGCTGGGCACAGTGGCTCACGCCTGTAATCCTAGCACTTTGGGAGGCCAAGGCAGGTGGATCACTTGAAGTCAGGAGTTTGAGACCAGCCTGGCCAACATGGTGAAACCCCATCTGTACTAAAAATATAAAAATTAGCTGGGCATGGTGGCGTGTGCCTGTGATCCCAGCTACTCGGGAGGCTGAGGCAAGAGAGTCGCTTGAATCTGGGAGGTGGTGGTTGCAGTGAGCCGAGATCGCATCACTGCACTCCAGCCTGGGTGACAGAGTGAGACTCTGTCTCAAAAAAAAAAAAAAAA","GGCCAGGCATGGTGGCTCACACCTGTCATCCCAGCACTTTGGGAGGCCAAGGCGGGCAGATCACTTGAGGTCAGGAATTCGAGACCAACCTGGGCAACATGGTGAAACCCCACCTCTACTAAAAATACAAAAATTAGCTGGGCGTGGTGGCAAGTGCCTGTAATCCCAGCTGCTCGGAAGGCTGAGGCAGGAGAATCGCTTGAACCCAGGAGGTGGAGGTTGCAGTGAGCCAAGATCACACCACTGCACTCCAGCCTGGGTGACAGAGTGAGACTCTGTCTCAAAAAGAAAAAGAAAAA"
"chr1","9204858","9205151","JH378185","912659","912955","47","8292199","GGCTGGGTGCGGTGGCTCATGCCTGTAATCCCAATACTTCAGGAGGCCGAAGCGGGCAGATCACTTGAGGCCAGGAGTTCCAGACCAGCCTGGCCAACGCGGAGAAACCCTGTCTCTACTAAAAATACAAAAATTAGCCAGGCGTGGTAGTGCGTGCCTGTAATCCCAGCTACTCCGGAGGCTGAGGCAGGAGAATTGCTTGAACCTGGGAGGCCGAGGTTGCAGTGATCACGCCATTGCACTCCAGCCTGGGCGACAGGGTGAAACTCTATCTCAATTAAAAAAATAGAAAGA","GGCCGGGTGCGGTGGCTCATGCCTGTAATCCCAGCACTTTGGGAAACGAAGCGGGCAGATCGCTTGAGGTCAGGAGTTCAAGACCACCCTGGCCAACACAGCAAAACCCTGTCTCTACTAAAAATACAAAAATTAGCCAGACGTGATGGTGCATGCCTGTGATCCCAGCTACGCTGGAGGCTGAGACAGGAGAATCCCTTGAACCTGGCAGGCAGAGGTTGCAATGAGCCAAGATCGTGCCACTGCACTCCAGCCTGGGCAACAGAGTGAGACTCCATCTCAAAAAAAAAAAAAAAA"
"chr1","9208279","9208423","JH378127","21235722","21235868","28","12027443","GGCCGGGAGTGGTGGCTTACACCTGCAATCCCAGCACTTTGGGAAGTTGAGGTGGGTGGATCATTTGAGCTCAGGAGTTGGAGACCAGCCTGGGCAACATGGTGAAACCACGTCTCTCCCCAAAATCTGAAAATTAGCCAGATGT","GGCCAAGCGTGGTGGCTCATGCCTGTAATCCAGCACTTTGGGAAGCTGAGGTGGGCGGATCACTTGAGGCCAGGAGTTCGAGACCAGCCTGGCCAACATGGTGAAATCCCGTCTCTACCAAAAATACAAAAATTAGCTGGGTGGTGG"
"chr1","9211334","9211491","JH378136","13734238","13734384","45","4522904","TGAGCCAGGCATGGTGGTATACACCTGTAATCCCAGCTACTGGGGAGGCTGAGGCAGGAGAATTGCTTAAACCTGAGCTGAGATGGTGCCACTGCACTCCAACCTGGGCAACAGAGCAAGACTGTTTCCAAAAAAAAAAGAAAAAAAGAAAAAGAAAA","AGCCAGGTATAGTGGCACACGCCTGTAATCCCAGATACTCAGGAGGCTAAGGCAGGAGAATCATTTGAACCTGGGAGGAGGGGGTTCCATGCCACTGTACTCCAGCCTGGGCAACAGAGCAAGACTCCATCTCAAAAAAAAAAAAAA"
"chr1","9211786","9211921","JH378133","7666290","7666425","11","1545496","GGCTGGATGTGGTGGGTCACACCTGTATTCCCAGCACTTTGGGAGGTTGAGGCGGGCAGATCACTTGAGGTCAGGAGTTCAAGACCAGCCTGGCCAAGCTGGTGAAACCCTGTCTCTACTAAAAATACAAAAATTA","GGCTGGGTGAGGTGGCTCACACCTGTAATCCCAGCACTTTGGGAGGCTGAGGTGGGCCGATCACTTGAGGTCAGGCGTTCAAGACCAGCCTGACCAACGTGGTGAAACCCTGTCTCTACTAAAAATACAAAAATTA"
"chr1","9213519","9213823","JH378143","5579727","5580030","42","3633792","GGCCAGATGCGGTGGCTCACGCCTGTAATCCCAGCACTTTGGGAAGCTGAGGTGGGCAGATCACTTGAGGCCAGGAGTTCGAGACCAGCTTGATCAACATGGTGAAACCCCGTCTCTACTAAAAATACAAAAAATAGCTTAACGTGGTGGTGCACACCTGTAATCCCAGCTACTCGGGAGACTGAGGCAAGAGAATCACTTGAACCCAGAAGGCGGAGGTTGCAGTGAGCCGAGACTGTGCCACTGCACTCCAGCCTGGGTGACAGAGAGAAACTGTGTCTCAAAATAATAATAATAATAAATAA","GGCCAGGCTTGGTGGCTCACACCTGTAAGCCCAGCACTTTGGGAGGCTGAGGTGGGCAGATCACTTGAGGTCAGGAATTCGAGACCAGCCTGACCAACATGGTGAAACCCAGTCTGTACTAAAAATATAAAAAATTAGCTGGGTGTGGTGGTGCACACCTGTAATCCCAGCTACTCTGGAAGCAGAGGCAGAAGAATCACTTGAACCCAGAAAACAAAAGTTGCAGTGAGCCAAGATTGTACCACTGCACTCCAGCCTGGGTGACAGAACAAGGCTCTGTCTCAAAAAAATAAAAAATAAAAAA"
"chr1","9216694","9216992","JH378116","28282701","28282994","35","19066007","GGCCAGGCGTGGTGGCTCACCCTGTAATCCTAGCACTTTGGGAGGCCGAGGCAGGTGGACCACTTGAGGTCGGGATTTCAAAACCAGCCTGGCCAACATGGTGAAACCCCATCTCTACTAAAAATACAAAAAAATTAGCCGGGCATGGTGGTGCACCCCTTTAATCCCAGCTACTTGGGAGGCTGTGGCAGGAGAATTGCTTGAACCTGGGAGGCAGAGGTTGCGGTGAGCCAAGATCGTGCCACTGCACTCCAGCCTGGGCGACAGAGTGAGACTCTGTCTACAAAAAAAAAAAAAAA","GCCAGGCGTGGTGGCTCACACGTGTAATCCCAGCAGTTTGGGAGGCAGAGGCAGGCAGATCACTGGAGGTCAGGAGTTCAAGACCAGCCTGGCCAACATGGTAAAACCCCATCTCTACTAAACATACAAAAATTAGCTGGGCATGGTGGTGCATGCCTGTAATCCCAGCTACTTGGGAGGCTGAGGGAGGAGAATTGCTTGAACCTGGGAGGCAGAGGTTGCAGTGAGCTGAGATTGTGCCACTGCACTCCAGCCTAGATGACAGAGTTAGACTCTGTCTCAAGAAAAAAAAAA"
"chr1","9229088","9229398","JH378106","63132227","63132529","56","53903139","GGCCGGGCCCAGTGGCTCACACCTGTAATCCCAACACTTTGGGAGGCCAAGGCGGGCAGGTCACTTGAAGAATTCAAGACCAGCCTGGCCAACATGGTGAAACCCCCTCTCTACTAAAAATACAAAAATTTGCTGGGCATGGGGGCAGCAGATGCCTGTAATCCCAGCTGCTGGGGAGGCTAAGGCAGGAAAATCGCTTGAACCGCCCCGCCTCCGGTGACGGAGGTTGCAGTGAACCAAGATCGTGCCACTGCACTCCAGCCTGGGTGACAAAGCTAGACTTCTCCTTAAAAAAAAAAAAAAAAAAAAAA","GCCGGGTGCAATGGCTCACACCTGTAATCCCAACACTTTGGGAGGCCAAGGCGGGTAGATCACTTGAAGTCAGGAGTTCGAGACCAGCCTAGCCAACAAGGTAAAACCCCTGTCTCTACTAAAAATACAAAAATTAGCCAGGGGTAGGGGCCAGGACCTGTAATCCCAGCTACTTGAGAGGCTGAGGCAGGAGAAGCGCTTGAACCTGGAGGCGGAGGTTGCAGAGAGCCAAGATCACGTCACTGCACTCCAGCCTAGGTGACAGAGCAAGACTCCACCTTAAAAAAAAAAAAAAAAAAAAAA"
"chr1","9238790","9239080","JH378137","1180480","1180771","42","8058310","GGCAGGGTGCGGTGGCTCACGCCTGTAATCCCGGCACTTTGGGAGGCCGAAGTGAGCAGATCACTTGAGGTCAGGATTTTGAGACCAGCCTGGCCAACATGGTGAAACCCCATTTCTACTAAAAGTGCAAAAAATTAGCCGGGCATGGTGATGCGCGCCTGTACTCCGAGCTGCTTGGGAGGCTGAGGCGGGAGAATTGCTGGAACCCAGGAGGCGGAGATTGCAGTGAGCCGAGATCATGCCACTGCACTCCAGCCTGGTGACAGAGCAGACTCTGTCTAAAAAAAAAAA","GGCCGGGCACAGTGGCTCACACCTGTAATCCCAGCACTTTGGGAGGCCGAGGTGGGTGGATCACTTGAGGTCAGGAGTTTGAGAAAGCCTGGCCAACATGGTGAAACCTCATCTCTACCAAAAAATACAAAAATTAGCCGGGCGTGGTGGAGCGCACCTGTATTCCCAGTTACGTGGGAGGCTAAGGCATGAGAATCACTTGAACCCAGGAGGCGGAGGTTGCAGTGAGCCGAGATCATGCCACTGCACTCCAACCTGGATGACAGAAGGAGACCCTGTCTTAAAAAAAAAA"
"chr1","9246847","9247155","JH378167","4158411","4158718","37","5088436","GGCTGGGCACAGTGGCTTATACCTGTAATCCCAGCACTTTGGGAGGCTGAGACGGGTGGATCACTTGAGGTCAGGAGTTCAAGACCAGCCTGGTCAAATGGTGAAACCCCATCTCCACTAAAAATACAAAAATTATCCAGGCATGGTAGTGTGTGCCTGTAATCCCAGCTACTCGGGAGGCTGAGGCAGGAGAATTGCTTGAACCCAGGAGGCGAAGGTTACAGTGAGCCAAGATCACGCCACTGCACTCCAGCCTGGGTAACAGGGGGAGACTCCATCTCCAATAAAATAAAACAAAATAAGATAAGA","GGCTGGGCGCAGTGGCTCATACCTATAATCCCAGCACTTTGAGAGGCCAAGGCGGGCAGATCACTTGGGGTCAGGAGTTCAACACCAGCCTGGCCAATATGGCGAAACCCCATCTCTACTGAAAATACAAAAATTAGCCAGGTATGGTGGTGAGTGCCTGTAATCTCAGCTACTCGGGAGGCTGAGGCAGGAGAATCACTTGAATCCAGGAGGTGGAGGTTGCTGTGAGCCGAGATCACACCACTGCACTCCAGCCTGGGCAACAGAGGGAGACTCCATCTCAAAAAATAAAATAAAATAAAATAAAA"
"chr1","9268121","9268418","JH378111","8498303","8498600","36","769818","GGCCGGGTGCAGTGGCTCACGCCTGTAATCCCAGCACTTTGGGAGGCCGAGGCAGGAGGATCACTTGAGGTCAGGAGTTTGAGACCAACCTGACTAACATGGTGAAACCCCGTCTCTACTAAAAATACAAAACATTAGCTGGGCGTGGTAGTGCACGCCTGTAATCCCAGCTACTTGGGAAGCTGAGGTGGGAGAATTGCTTGAATCCCGGAGGTGGAGGTTGCAGTGAGCCAAGATTGCGCCACTGCACTCCAACCTGGGTGACAGAGTGAGACTCTGTCTCAAACAAACAAAAAAA","GGCTAGGCATGGTGGCTCACACCTGTAATGCCAGCACTTTGGGAGGCCAAGGCAGGCAGATCATTTGAGGTCAGGAGTTTGAGACTAGCCTGACCAACATGGTGAAACCCCGTCTCTACTAAAAATACAAAAATTAGCTGGGCATGGTGTTGCATGCCTGTAATCCCAGCTACTTGGGAGGCTGAGGCCAGAGAATTGCTTGAACCCAGGAGGCGGGGGTTGCAGTGAGCCAAGATTGTGCCACTGCACTCCAGCTTGGGTGACAGAGTGAGACTCCATCTCAAAAACAAACAAAAAA"
"chr1","9269787","9269986","JH378111","34084751","34084947","24","24814964","GGCCGGGTGGGGTGGCTCACACCTGTAATCCCAGCACTTTGGGAGGCCGAGGTGGGCCAATCACTTGAGGTCAGGAGTTTGAGACCAGCCTGACCAACATGGTGAAACCCTGTCTTTACTAAAAACACAAAAATTAGGCTGGGCGCGATGGCTCATGCCTGTAATCCCAGCTCTTTGGGAGGCCGAGGCAGGCGGATCAC","GGCTGGGCATGGTGGCTCACACCTGTAATCCCAGCACTTTGGGAGGCCAAGGCAGGTGGATCACTGGAGGTCAGGAGTTTGAGACCAGCCTGGCCAACATGGTGAAAACCTGTCTCTACTAAAAACACAGAAATGCCGGGCGCGGTGGCTCAAGCCTGTAATCCCAGCACTTTGGGAGGCCGAGGCGGGTGGATCAC"
"chr1","9310225","9310524","JH378135","3207581","3207895","72","6102644","GGCCAGGCACGGTGACTCACGCCTGTAATCCCAACACTCTGGGAGGCCAAGGAGGGTGGACTGCTTCAGCTCAGGAGTTTGAGACCAGCCTGGCAATAGGGTGAAACCCCAACTCTACAAAAAATACAAAATACAAAAATATATATATATCTGGGCGTGGTAGTGCATACCTGAGGTCCCAGCTACTCAAGAGGCTGAGGTGTGAGGATCCCCGAGCCTGGGAGGCAGAAGCCGCAGTGAGCTTTGTCCCCAGCCTGGGTGACAAAGCAAGACTCTGTTTAAAAAACAAACGACAAAAAA","GGTCAGGCGCAGTGGCTCATGCCTGTAATCCCAGCACTTTGGGAGGCCAAGGTGGGTGGATCACTTGCAGGTCAGGAGTTCAAGACCAGCCTGGCCATCATGGTGAAACCCTGTCTCTACCAAAAATAAAAAATAAAAAAAAAAATAGCCAGGTGTGGTGGTGTATGCCTGTAGTTCCAGCTACTGGGGAGGCTGAGGTGGGACAATCCCTTGAACCTGGGAGGCAGAGGTTGCAGTGAGCTGAAATCATGCCACTATACTCCAGCCTGGGTGACAAATCAAGACTTCATCTCAAAAAACAAACGAACAAACAAA"
"chr1","9327941","9328235","JH378148","12335761","12336055","33","3007820","GGTTAGGCACAGTGGCTCACGCCTGTAATTCTTGCACTTTGGGAGGCTGAGGTGGGCAGATCACTTGAGGTCAGGAGTTTGAGACCAGCCTGGCCAACATGGCGAAACCCCGTCTCTACTAAAAATACAAAAATTAACCAGGTGTGGTGGTGAGCACCTGTAATCCCAGTTACTCAGGAGGCTTAGACAGGAGAATCACTTGAACCCAGGAGGTGAAGGTTGCAGTGAGCTGAGATCACACCACTGCACTCCAGCCTGGGTGACAGAGCGAGTCTCTGTCTCAAAAAAAAAAAGA","GGCTGGGTATAGTGGCTCATGCCTGTAATCCCAGCACTTTCGGAGGCTGAGGTGGGCAGATCACTTGAGGTCAGGAGTTCGAGACCAGCCTGGCCAACATGGTGAAACCCCCTCTCTACTAAAAATACAAAAAGTTAGCCAGGCCTGGTGGTGAGCACCTGTAGCCCAGCTACTCAGGAGACTGAGGCAGGAGAATCACTTGAATCCAGGAGGTGGAGGTTGCAGTGAGCTGAGATCACCCCACTGCACTGCAGCCTGGATGACAGAATGAAACTCTGTCTCAAAAAAACAAAAA"
"chr1","9360665","9360965","JH378148","13262362","13262662","33","3901697","GCTGGGCATGGTGGCTCACGCCAGTAATCCCAGCACTTTGGGAGGCCGAGGTGGGTGGATCATTTGAGGCCAGGAGTTCAAGACCAGCCTGGCCAACATGGTGAAACCCCGTCTCTACTAAAAATACAAAAATTAGTTGGGCGTGGTGGCATGTGCCTGTAATCCCAGCTACTCAGGAGTCTGAGGCAGGAGAATCACTTGAACCTGGGAGATGGAGGTTGCAGTGGGCTGAGATCACACCACTGCACTCTAGCTGGGCAACAGAGCAAGACTCTGTCCAAAAAAAAAAAAAAAAAAGAAA","GCTGCGTGTGGTGGCTCACGCCTGTAATCCCAGCACTTTGGGAGACCAAGGTGGGTGGATCACTTGAGGTCAGGAGTTCAAGACCAGCCTGGCCAACATGGTGAAACCCTGTCTCTACTAAAAATATAAAAATTAGCCAGGCACGGTGGCACATGCCTGTAATCTCAGCTACTCAGGAGGCTAGGCAGGAGAATCACTTGAACCTGGGAAGTGGAGGTTGCAGTGAGCCAAGATCACACCATAGCACTCCAGCCTGGGTGACAGAGCAAGACTCTGTCTCAAAAAAAAAAAAAAAAAAAAA"
"chr1","9373504","9373784","JH378105","50034667","50034949","47","40661163","GGGCGTGGTGGCTCACGCCTGTAATCCCAGCACTTTGGGAGGCCGAGGCATGCGAATCTCTTGAGCTCAGGAGTTGGAGGCCAGCCTGAGCACCATGGCGACACCCTGTCTCTACCAAAAAACAAAAACTTTTCCGGGTATGGTGGTGCATGCCTGTGGTCCCAGCTACTCAGGGGGCTGAGGCAGGAGGATCGCTTGAGTCTGGGAGGCGGAGGTTGCAGTGAGCAGAGATGGTGCCATTGCACTCCAGCCTGAGCAACAGAGCGAGACCCTGTCTCAAA","GGCCAGGCATGGTGGCTCACACCCGTAATCCCAGCACTTTGGGAGGCTGAGGCAGGTGGATCACTTGAGGTCAGGAGTTTGAGACCAGCCTGGGCAACATGGCGAAACCCTGTCTCTACTAAAAATACAAAAAATTAGCTGGGCATGGTGGTGCGTGCCTGTAATCCCAGCTACTCAGGAGGCTGAGGCAGGAGAATCTCTTTAACCTGGGAAGTAGAGGTTGCAGTGAGCTGAGATCATGCCACTGCACTCCAGCCTGGGCAACAGAGCAAGACTATCTCAA"
"chr1","9375286","9375581","JH378119","28803177","28803468","40","19427891","GGCTGGGCTCCGTGGCTCACGCCTATAATCCCAGCAGTTTGGGAGGCCAAGGCAGGCAGATCACTTGAGGTTAGGAGTTTGAGACCAGCCTGGCCAACATAGCAAAACCCTGTCTCTGCTGAAAATACAAAAAAATTAGCTGGCCCTGATGGCAAACACCTGTAGTCCCAGCTACTCAGGAGGCTGAGGTGGGAGAATCGCTTGAACCTGGGAAGCAGAGGTTGCAGTGAGCTGAGATCACACCACTGCACTCCAGCCTGGGCAACAGAGCAAGACTCCGACTCAAAAAAAAAAAA","GGCTGGGCACGGTGGTTCACGCCTGTGATCCCAGCACTTTGGGAGGCGAGGCAGGCGGATCACTCGAGGTTAGGAGTTTGAGACCAGCCTGGCCAACATAGTGAAACCCTGTCTCTACTTAAAATACAAAAATTAGCTGGGCGTGGTGGCACATGCCTGTAATCCCAGCTATTTGGGAGGCTGAGGCAGGAGAACTGCTTGAACCAGAGAGGCAGAGGTTGCAGTGAGCTGAGATCACACCACTGCATTCCAGCCTGGGCAACAGAGCAAGACTCTATCTCAAACAAACAAA"
"chr1","9387520","9387813","JH378131","1137873","1138177","51","8249647","GGCCAGGTGCAGTGGCTCATGTCTGAGCACTTTGGGAGGTCAAGGTGGGCGGATCACTTGAGGTCAGCAGTTGGAGACCAGCCTGGCCAACGTGGGGAAACCCCATCTCTACTAACAATACAAAAATTAGACAGGCGTGGTGGTGCATGCCTTTAGTCCCAGCTTTGGGAGGCTGAAGCATGAGAATAGCTTGGACCTGGGAGGCAGAGGTTGTAGTGAGTAGTGAGCCAAGACTGCACCACTGCACTCCAGACTGAGCGACAGAGTGAAACTGTCTAAAAAAAGAGGAGGAAA","GACCAGGCGCAGTGGCTCATTAGCAATTTGGGAGGCCGAGGCGGGCGCATCGCTTGAGGTCAGCAGTTGGCAACCAGCCTGGCCAACATGGGGAAACCCCATCTCTACTAATAATACAAAAATTAGCCAGGCGTGGTGGTACATGCCTTCAGTCTGTCTCAGCTATTTGGGAGGCTGAGGCACGAGACTCACTTGGACCTGTGAGGCAGAGGTCGTAGTGAATAGTGAGTTGAGATTACACCACTGCACTCCAGTCTGAGCAACAGAGTGCAACTGTCTAAAAAAAAAAAAAGAAGAAGAAGAAA"
"chr1","9390177","9390413","JH378262","2943023","2943258","30","6447154","GGCCGGGCGTGGTGGCTCACACCGGTAATCTCAACACTTTGGGAGGCCGAGGCAGGCAGATCATTTGAGGTCAGGAGTTCAAGACCAGCCTGACCAACGTGGTGAAACCCCATCTCTACTAAAAATACAAAAATTAGCCAGGCATGGTGGCACGCACCTGTAATACCAGCTACTCAGGAGGCTGAGGCAGGAGAATCACTTGAACCCGGGAGGCAGAGTTTGTAGTGAGCTGAGATC","GCCAGGCGTGGTGGCTCATGCCTGTAATCCCAGCACTTTGGGAGGATGAGGCGGGCAGATCACTTGAGGTCAGGAGTTCAAGACTAGCCTGACCAACATCGAGAAACCCCATCTCTACTATAAATACAAAAAGTAGCCGGGCATAGTGGTACATGCCTGTAATCCCAGCTACTCGGGAGGCTGAGACAGGAGAATCGCTTGAACCTGGGAGGCAGAGGTTGCAGTGAGCTGAGATC"
"chr1","9393405","9393714","JH378140","6128865","6129171","41","3264540","GGCCAGGTGTGGTGGCTCACACCCGTAATCCCAGCACTTTGGGAGGCTGAGGCAGGTGGATCACTTGAGGTCAGGAGTTCAAGACCAACCTGACCAATGTGGTGAAACCCATCTCTATTTAAATATACAAAAATTAGCTGGGCATGGTGGTGTGTGCCTGTAATCTCAGCTACTTGGGAGGCTGAGGCAGCAGAATCACTTGACCCCAGGAGGCGGAGGTTGCAGTGAGCTGAGATTGTACCACTGCACTCCAGCCTGGGTGACAGAGTGGGACGCCATCTAAAAATAAATAAATAAACAAGTAAATAAA","GGCCGGGCATGGTGGCTCACACCTGTAATCCCAGCACTTTGGGAGGCTGAGGCAGATGGATCACTTGAGGTCAGGAGTTCAAGACCAACCTGGCCAACATGGTGAAACCTCATCTCTACTAAAAATACAAAAATTAGCCAGCTGTGGCGGTGAGTGCCTGTAATCCCAGCTACTTTGGAGGCTGAGGCAGGAGAATCACTTCAGCCCAGGAGGAGGGGGTTGCAGTGAGCTGAGATTGCACCACTGCATTCCAGTCTGGGAGACAGAGTGAGACTCCACCTCAAAAATAAATAATAAATAAAGGAAA"
"chr1","9395595","9395915","JH378118","10693452","10693756","54","1297857","GGCCGGGCGCGGCGGCTCACGCCTGTAATCCCAGCACTTAGGGCGGCCAAGGTGGGCGGATCACTTGAGGTCAAGAGTTTGAGACCAGCCTGGCCAACATGGTGAAACCCCATCTCTACTAAAAATACACAAAATTAGCCGGGCGTGGTGGTGCGCGCCTGTAATCCCAGCTACTCAGGAGGCTGAGAAACAAGAATTGCTGAGGCAGAGGTTGACGAAGGGGGTGGAGGTTGCAGTGAGCCGAAATTGTGCCACTGCACTCCAGCCTGGGCGACAGAGTGAGACTCTGTTTCAAAAAAATAAAACAAAATAAAAGTAAAA","GGCCGGGCGCGGTGGCTCACGCCTGTAATCCCAGCACTTTGGGAGGCCGAGGCAGGCGGATCATTTGAGCTCAGGAGTTCAAGACCAGCCTGGCCAACATGGGGAAACCCCGTCTCTGCTAAAAATACAAAAATTAGCCAGGCGTGGTGGCACAAGCCTGTAATCCCAGCTATTTGGGAGGCTGAGACAGGAGAATCGCTTGAACCCGGGAGGTGGAGGTTGCAGTGAGCCGAGATCGCGCCACTACACTCCAGCCTGGGTGACAGAGAGAGACGCTGTCTCAAAAAAAAAAAAAAAAAAAAAAA"
"chr1","9397466","9397652","JH378267","358566","358737","40","9038900","TTAGCCAGGCGTGGTGGTGCACACTTGTAGTCCCAGCTACTCGGGAGGCTGAGGCAAGAGAATCACTTGAACCTGGGTGTAGCTGGGAGGCAGAGGTTGCAGTGAGCCAAGATTGTGCCACTGTACTCTAGCCTGGGCGACAGAGGGAAACTCCGTCTCAAAAAAACCCAAAAAACAAAAAACAAAA","AATTAGCCAGGTGTGGTGGTGCATGCCTGTAGTCCTAGCTACTTGGGAGGCTGAGGCAGGACAATCACTTGAACCCAGGAGGCAGAGGTTGCAGTGAGTCAAGATTGCGCCACTGCACTCCAGCCTGGGTGACAGAGCAAGACTCTGTCTCAAAAAACGAGAAAAGAAAAAA"
"chr1","9397946","9398080","JH378124","17682396","17682531","14","8284450","GGCCAGGCACGGTGGCTCATGCCTGTAATGCCAGCACCTTGGGAGGCCGAGGCGGGCAGATCGCTTGAGGCCAGGAGTTCGAGACCACTCTGGCCAACATGGTGAAACCCCGTCTCTACTAAAAATACAAAAATT","GGCTGGGCATGGTGGCTCATGCCTGTAATTCCAGCACGTTGGGAGGCCGAGGTGGGCAGATCACTTGAGGTCAGGAGTTTGAGACCATCTTGGCCAACATGGTGAAACCTTGTCTCTACTAAAAAGTACAAAAATT"
"chr1","9409985","9410276","JH378131","1111821","1112112","31","8298164","GGCCAAGTGTGGTGGCTCACGCCTGTAATTCCAGCACTTTGGGAGGCCAAGGTGGGTGGATCACTTGAGGTCAGGAGTTCGAGACCAGCCTGGCCAACACGGTGAAACCCCGTCTCTACTAAAAATACAAAAATTAGCCGGTTGTAGTGACACATGCCTGTAATCCCAGCTACTCGGGAGGCTGAGGCACAAGGATCACTGGAACAAGGGAGGTGGAGGCTGCAGTGAGCCAAAATTGCAACACTGCACTCCAACCTGGGCACCAGAGACTCTATTTAAAAAGAAAAAAAAA","GCCAAGTGTGGTGGCTCATACCTGTAATCCCAGCACTTTGGGAGGCCAAGGTGGGTGGATAAGTTGAGGTCAGGAGTTCAAGACCAGCCTAGCCAACATGATGAAACCCTGTCTCTACTAAAAATACAAAACTTAGCCAGTCATGGCGGCACATGCCTGTAATCCCAGCTATACGGGAGGCTGAGACACGAGAATCACTGGAATAAGGGAGGTGGAGGCTGCAGTGAGCTGAAATTGCACCACTGCACTCCAACCTGGGCAACACAGACTCTGTTTAAAAAGAAAAAACAAA"
"chr1","9423259","9423554","JH378116","19694866","19695160","53","10271607","GGCCGGGCGTGGTGGCTCACACCTGTTACCCCAGCACTTTGGGAGGCCGAGTTGGGCGGATCACTTGAGGCCAGCCTGACCAACATGGTGAAACCCCGTCTCTACTAAAAATACAAAAATTAGCCGGGCGTGGTGGTGCACGCCTGTAATCCCAGCTGCTCCAGAGGCTGAGGCAGGAGAATCGCTTGAACCCGGGAGGTGGAGGTTGCAGTGAGTCGAGCTGGCACCACTGGACTTCAGCCTGACCGACGGTGAGACTCCGGCTCAAAAGAAACAAAAACAAACAAACAAACAAA","GGCTGGGTGTGGTGGCTCATGCCTGTAATCCCAGCACTTTGGGAGGCCAAGGTGGGTAGATCGCTTGAGGTAAGGATGGCCAACATGGTAAAACCTCGTCCTTCTAAAAATACAAAAATTAGCTGGGTATGGTGGCGCGTGCCTGTAATCCCAGCTACTTGAGAGGCTGAGGCAGGAGAATCACTTGAACCCAGGAGGCAGAGGTTGCAGTGAGCTGAGATGGCGCCACTGCACTCCAGCCTGGGTGACAGTGAGACTCCGTCTTAAAAAAAAAAAAAGAAAAAGAAAAAGAAAA"
"chr1","9432301","9432597","JH378110","6965048","6965350","44","2467253","GGCCGGGCGCAGTGGCTTACGCCTGTAATCCGAGCACTTTGAGAGGCTGAGGCAGGCAGAACACTTGAGGTGAGGAGTTCGAGACCAGCCTGGCCAACATGGCAAAATGCCATCTCTGCTAAAAATACAAAAATTAGCCAGGCATGGTGGCATGTGCCTGTAATCCCAGCTATTTGGGAGGCTGAGCAGAATTGCTTGAACCTGAGAGGCGAGGTTGCAGTGAGCCAAATCGCACCACTGCACTGCAGCCTGGGCGACAGATCTAGACTCCGTCTCAAAAAAACAAAAACAAACAAA","GGCCAGACGCGGTGACTCATGCCTGTAATCCCAGCACTTTGAGAGGCTGAGGCAGGTGGATCACTTGAGGTCAGGAGTTCAAGACCAGCCTGGCCAACATAGTGAAACCCCATCTCTACTAAAAATACAAAAATTACCCAGGTGTGGTGGCATGTGCCTGTAATCCCAGCTATTCTGGAGGCTGAGACAGGAGAATTGCTTGAACCCGAGAGGCAGAGGTTGCAGTGAGCCAAGATCATGCCATTGCACTCCAGCCTGGGCCACAGAGCAAGACTCCATCTCAAAAACAAAACAAAACAAAAA"
"chr1","9440611","9440919","JH378108","18569772","18570078","45","9129161","GGCCGACGCGGTTGCTCAGGCCTGTAATCCCAGCACTGTGGGAGGCCGAGGCGGGCAGGTCACTTGAGGTCAGTAGTTTGAGACCAGCCTGGCCAACATGGTGAAAGCCCATCTCTACTAAAAATACAAAAATTAGCTGGGCGTGGTGGCGCGCTCCTGTAGTCCCAGCTACTTAGGAGGCTGAGGCAAGAGAATCGATTGAACCTGGGAGGTGGTGGTTGCAGAGAGCCAAGATAACATCCTGCACTCCAGCCTGGGTGGCAGAGCGAGACTCCGTCTCAAAAAAGAAACGAATAATAAATAAATAAA","GGCCGGGCGCAGTGGCTCACGTCTGTACTCCCAGCACTTTGGGAGGCCGATCGGGCGGATCACTTGAGGTCAGGAGTTCGAGACCAGCCTGGCCAACATGGTGAAACCCAGTCTCTACTAAAAATACAAAAATTAGTTGGGCGTGGTGGCGAGCGCCTGGAGTCACAGCTACTCAGGAGGATGAGGCAAGAGAATCGCTTGAACCAGGGAGGTGGAGGTTGCAGTGAGCTGAGGTCACACCACTGCACTCCAGCCTGGGTGGCAGAGTGAGACCCTGTCTCAAAAATAAAAATAAATAACAAGAAAA"
"chr1","9450496","9450612","JH378165","2374563","2374679","10","7075933","GGCTGGGCACAGTGGCTCATGCCTGTAATCCCAGCGCTTTGGGAGGGCGAGGCAGGTGGATCACTTGAGGTCAGGAGTTTGAGACCAGCCTGGCCAACATGGTGAAACCCCATCTCT","GGCCGGGCACAGTGGCTCATGCCTGTAATCCCAGCACTTTGGGAGGCCAAGGTGGGTGGATCACTTGAGGTCAGGAATTCGAGACCAGCCTGGCCAACACGGTGAAACCCCGTCTCT"
"chr1","9453272","9453355","JH378131","8931391","8931474","8","521881","GGCTGAGTGTGGTGGCTCATGCCTGTAATCCCAGCACTTTGGGAGGCTGAGGTGGGTGGATCACTTAAGGTCAGGAGTTCAAAA","GGCTGGGTATGGCGGCTCATGCCTGTAATCCCAGCACTTTGTGAGGCCGAGATGGGTGGATCACTTGAGGTCAGGAGTTCAAGA"
"chr1","9455035","9455335","JH378131","1064476","1064779","38","8390559","GGCTGGGCATGGTGGCTCATGCCTGTAATCCCGGCACCTTGGGAGGCTAAAGCAGGCGGATCACTTGAGACCAGGAGTTTGAGACCAGCCTGGCCAACATAGTGAAACCCTTCTCTACTAAAAATACAAAAATTATCCGGGTGTGGTGGCGCATGCCTGTAGTCCCAGCTACTTGGGAGGCTGAGGCAGGAGGATTGCTTGAACCTGGGAAGCAGAGGTTGCAGTGAGCCAAGATCATGCCGCTGCACTCCAGCCTGGGCAACAGAGTGAGACTCCACTTTAAAAATAAATAAATAAATAA","GGCCGGGCCCAGTGGCTCATGCCTATAATCCCAGCACTTTGGGAGGCCGAGGCAGGCAGATCACTTGAGGCCAGAAGTTCGAGACCAGCCTGACCAACATGGTGAAATCCCATCTCTGCTAAAAATACAAAAATTAGCCTGGTGTAGTGGCGCACGCGTGTAGTCCTAGCTACTCAGGAGGCTGAGGCAGGAGAATCGCTTGAACCTGGGAGGCAGAGGTTGCAGTGAGCCAAGATCATGCCCCTGCACTCCAGCCTGGGCAACGGAGCGAGACTCCATTGCAAAAATAAATAAATAAATAAAT"
"chr1","9463833","9463984","JH378125","6922374","6922528","23","2541459","GGCCGGGTATGGTGGCTCACGCCTATAATCCCAACACTTTGGGAAGCCGAGGTGGATGGATTACTTGAGGTCATGAGTTCGAGGCCAGCCTGGCCAACGCAGTGAAATCCCATCTCTACTAAAAATCAAAAATTAGCCAGGCATGGTGGTGC","GGCCAGGCTTGGTGGCTTACGCCTGTAATCCCAACACTTTGGGAGGCCAAGGCGGGTGGATCACTTGAGGTCAGGAGTTCGAGACCAGCCTGGCCAACATGGTGAAACCTCATCTCTACTAAAAATACAAAAATTAGCCGGGTGTGGTGGTGCAC"
"chr1","9473660","9473965","JH378115","26968615","26968913","42","17494955","GGCCGGGCACGGTAGCTCAAGCCTGTAATCCCAGCACTTTGGGAGGCTGAGGTGGGAGGACCACTTTAGGTCAGAAGTTTGAGATCAGCCTGGCCAACATGATGAAAACCCGCCTCTACTAAAAATACAAAAATTAGCCGGGCGTGGTGGCATGCACCTGTAGTCCTAGCTACTTAGGAGGCCGAGGCAGGAGAATCCCTTGAACCAGGGAGGCAGAGGCTGCAGTGAGCTGAGATTGAGCCACTGCACTTCAGCCTGGGCAACACAGCAAGACTCCGTCTCAAAAAAACACAACAACAACAAAAA","GGCCAGGCACGGTGGCTCACGCCTGTAATCCCAGCACTTTGGGAGGCTGAGGCAGGCAGAACTTGAGGTCAGGAGTTTGAGACCAGCCTGGCCAACATGGTGAAACCCCTATCTCTACTAAAAATACAAAAATTAGCCGGGTGTGGTGGCGTGCACCTGTAATGCCAGCTACTTAGGAGGCTTAGGCAGGAGAATCATTTGAACGTGGGAGGCAGAGGTTGCAGTGAGCTGAGGTTGCGCCACTGCACTCCAGCCTGGGCAATAGAGCAAGATTTGTCTCAAAAAAAAAAAAAAAAAAA"
"chr1","9479072","9479365","JH378167","11202084","11202374","50","1723012","CCAAGCGCAGTGGCTTAACCTGTAATCCCAGCACTTTGGGAGGCTGAGGCTAGAGGGTTGCTTGAGCTCAAGAATTCAAGACCAGCCTGGCCAACATGGCAAAACCCCATCTCTACTAAAAATACAAAAATTTAGCCCAGCATGGTGGTGTGCGCCTATAGTCCCAGCTACTCAGGAGGCTGAGGCAGGAGGATCACTGGAGCCCAAGAAGCAGAGGTTGCAGTGAATCAAGATCGCGCCACTGCACTCCAGCCTGGCAACAGAGTGAGACCCTGTCTCAAAAAAAAGTAAAAA","CCAGGTGCAGTGGCTCAACCTGTAATCCCAGCACTTTGGGAGGCTGAGGCAGGTGGATTACTTGAGGTCAGGAGTTCAAGACCAGCCTGGCCAATATAGGAAACCCCATCTCTACTAAAAATACAAAAGTTAGCTGGGCATGGTGGTGCATGCCTGTAGTCCCAGCTACCTGGGAGGCTGAGGCAGGAGAATCACTTGAACCTGGGAGGCGGAGGTTGCAGTGAGCCAAGAGGGTGCCACAGCACTCCAGCCTGGGTGACAGAGCGAGACTCCATCTCAAAAAAAAAAAAA"
"chr1","9484169","9484479","JH378314","184239","184548","45","9299930","GGCTGGGCGTGGTGGCTCATGCCTGTAATCCCAGCACTTTGGGAAGCCAAGGCGCGTGGATCACTTAAGGTCAGGGGTTTGAGACCAGCCTGGCCAACATGGTAAAACCCCATCTCTACTAAAAATAAAAATTAGCCAGACATGATGGGGTGCACCTGTAGTCCCAGCTACTCAGAAGGCTGAGGCAGGAGAATTGCTTGAACCCGGGAGGCAGAGATTGCAATGAGCTGAGATTGTGTGCCACTGCACTCCAGCCTGGGGACAGAACGAGACTCTGTTGCAAAAAAAAAGAAAAGAAAAGAAGAGAAAAA","GGCCGGGCGCAGTGGCTCACACCTGTAATCCCAGAACTTTGGGAGGCTGAGGCAGGTGGATCACTTGAGGTCAGGAGTTTGAGACCAGCCGGACCAACATGGTAAAACCCCGTCTCTACTAAAAATACAAAAGTTAGCCGGACTGTGGTGGTGCAGCCTGTAGTCCCAGCTACTCGGGAGACTGAGGCAGGAGAATTGCTTGAACCTGGGAGGCAGAGGCTGCAGTTAGCTGAGATTGTGCCCTTGCACTCCAGCCTGGGTGACAGAGTGAGACTCTGTCTCAAAAAAAAAAAAAAAAAAAAGAAAGAAA"
"chr1","9487884","9488143","JH378146","9756021","9756280","42","268137","TTTGGGAAGCCGAGGCAGGTGGATCACTTTAGGTCTGGAGTTCAAGACCAGCCTGGCCAACATAGTGAAATCCCATCTCTACTAAAAATACAAAATTTAGCCAGGCGTAGTGGCACACACCTGTAATCCCAGCAACTCGGGAGGCTGAGGCAGCAGAATCGCTTGAACCCAGGAGGCAGAAGTTGCAGTGAGCTGAGATCACACCACTGCATTCCAGCCTGGTCGACAGAGCAAAACTCCATGTCAAAAAAAAAAAAAAA","TTTGGGAGGCCAAGGCAGGTGGATCACTTGAGGTCAGGAATTCAAGACCAGCCAGGCCAACATGGTGAAACCCCATCTCTACTAAAAATACAAAAATAGCTGGGCATGGTGGTGCACACCTGTAATGCCAGCTACTCGGGAGGCTGAGGCAGGAGAATAGCTTGAACCCAGGAGGTAGAGATTGTAGTAAGCCAGGATCGTGCCACTGCAGTCCAGCCTGGGTGACAGAGAAAAACTGTCTCAAAAACATAAAATAAAAA"
"chr1","9488484","9488710","JH378131","1027767","1027994","33","8460717","GGGCAGGTGCGGCGGCTCACACCTGTAATCCTAGCACTTTGGGAGGCCGAGGTGGGCAGATCACTTGAGGTCAGGAGTTCAAGACCAGCCTGACCAACATGGTGAAATCCTGTCTGTACTAAAAATACAAAAATTATCTGGAAATCACTTGAACCCGGGAGGCAGAGGTTGCAGTGAGCCAAGATCATGCCAGTGCACAGAGCAAGACTCCATCAAAAAAAAAAAGA","GCCAGGCAAAGCAGCTCACACTTGTAATCCCAGCACTTTGGGAGGCCGAGGTGGGTGGATCACTTGAGGTCAGGCATTCAAGACCAGCCTAGTCAACATGGTGAAACCCCGTATCTACTAAAAATACAAAATTTAGCCGGAAATCACTTGAACCCCGGTGGCAGAGGTTGCAGTGAGCAGAGATCATGCCACTGCACAGAGCAAGACTGTCTCAAAAAACAAAAAAGA"
"chr1","9490995","9491144","JH378126","23493847","23493997","24","14002852","CCAGGCGCAGTGGCTCATGCCTGTAATCCCAGAACTTTGGGATGCCAAGGCGGGTGAATCACTTGATGTCAGGAGTTCAAGACAAGCCTGACCAACATAGTGAAACCCTGTCTCTACTAAATACAAAACATTAGCTGTGTGTGGTGGCGC","GGCCAGGTGCAGTGGCTCACTCTTGTAATCCCAGCACTTTGGGAGGCCAAGGCGGGTGGATCACTTGAGGTTAGGAGTTCGAGACCAGCCTGACCAAAATGGTAAAACCCTGTCTCTACTAAAAATACAAAAATTAGCTGGGCATGGTGGC"
"chr1","9493063","9493080","JH378105","48290961","48290972","7","38797898","ACAAACAAAAAACCAAAA","AAAAATACAAAA"
"chr1","9493110","9493392","JH378105","50034667","50034949","41","40541557","GGCCAGGCACAGTGGTTCACACCTGTAATCCCAGAATTTGGGAAACTGAGGCAGGTGGATCACTTGAGGTCAGGAGTTTGAGACCAGCCTGGCCAACATGGTGAAACCCTGTCTCTACTAAAAATACAAAATTTAGCTAGGCGTGATGGCGCATGCCTGTAATTCCAGCTTCTTGGGAAGTTGAGACTCAAGAATTGCTTGAACCTGGGAGGTAGAAGTTGCAGTGAGCTGAGATTGTGTCACTGCACTCCAGCCCGGGTGACAGAGCAAGACTCTGTCTCAA","GGCCAGGCATGGTGGCTCACACCCGTAATCCCAGCACTTTGGGAGGCTGAGGCAGGTGGATCACTTGAGGTCAGGAGTTTGAGACCAGCCTGGGCAACATGGCGAAACCCTGTCTCTACTAAAAATACAAAAAATTAGCTGGGCATGGTGGTGCGTGCCTGTAATCCCAGCTACTCAGGAGGCTGAGGCAGGAGAATCTCTTTAACCTGGGAAGTAGAGGTTGCAGTGAGCTGAGATCATGCCACTGCACTCCAGCCTGGGCAACAGAGCAAGACTATCTCAA"
"chr1","9496209","9496509","JH378114","20734954","20735221","71","11238745","GGCCGGGTGCAGCGGCTCATGCCTGTAATCCCAGCACTTTGGGAGGCCGAGGTGGGTGGATCATTTGAGTGAATGAAAAAAAATCTCAAGAGTGAATTTTAGGTCAGGAGTTTGAGACCAGCCTGGACAACATAGTGAAACCCCATGTCTTCTAAAAATACACACAAAAAATTAGCTGGGCGTGGTGGTGCACACCTGTAATCCCAGCTACTAGGGAGGCTGAGGCAGGAGAATCGCTCAAACATGGGAGACAGAGGTTGCAGTGAGTGGAGATTGCACCACTGCACTCCAGCCTGGGGGA","GGCCAGGTGCGGTGGCTCACGCCTGTAATCCCAGCACTTTGGGAGGCTGGGGCGGGCAGATCACTTGAGGTCAGAAGTTTGAGACCAGCCTGGCCAACATGGTGAAACCCCGTCTCTACCAAAAATATATAAAATTAGCTGGGTGTGGTGGTGCACGCCTGTAATCCCAGCTACTTGGGAGGCTGAGGCAGGAGAATCACTTGAACCTGGGAGGCAAAAGTTGCAGTGAGCCGAGATTGTGCCACTGCACTCCAGCCTGGGTGACAGA"
"chr1","9499346","9499642","JH378164","1985629","1985927","41","7513717","GGCCGGACGGGGTGGCTCACGCCTGTAATCCCAGCACTTTGGGAGGCTGGGACAGGTGGATCACTTGAGATCAGGAGTTTGAGACCAGCCTGGTCAACAGGATGAAACCCCATCTCTACTAAAAATACAAAAATTAGTTGGGTGCAGTTGCACACGCCTGTAGTCCCAGCTACTGGGGAGGCTGAGTCAGGAGAATCGCTTGAATCCAGGAGATGGAGGCTGCAGTGAGCCGAGATCTCACCACAGCATCCAGCCTGGGCGACACAGCAAGACTCCATCTTAAAAAAAAAAAAAAAA","GGCCAGGCAAGGTGGCTCACGCCTGTAATCCCAGCACTTTGGGAGGCTGAGGCAGGTGGATCACTTGAGGTCAGGAGTTCAAGCCCAGCCTGGCCAACATGATGAAACCCCATCTCTACTAAAAATACAAAAATTAGTTGAGCGTGGTGGCACACGCCTGTAATCCCAGCTACTTTGGAGACTGAGGCAGGAGAATCGCTTGAACCTGGGATGCAGAGGTTGTGGTGAGCCAAGATCGCACTACCACACTCCAGCCTGGGTGACAGAGCAAGACTCCATCTCAAAAAAATAAAAATAAA"
"chr1","9508101","9508255","JH378152","12893231","12893382","26","3385130","GCTAGGCGCAGTGGCTCACACCCCTAATCCCAACACTTTGGGAGGCCGAGGCGGGTGGATCACTTGAGGTCAGGAGTTCCAGACCAGCCTGGCCAACTTGGTGAAACCCCGTCTCTGCTATAAAAAAAAAAAAAATCAAGGCCAGGCGCAGTGGC","GGTCGGGCATGATGGCTCATGCCTGTAATCCCAGCATTTTGGGAGGCCAGAGCAGGTGGATCACTTGAGGTCAGGAGTTCAGGACCAGCCTGGCCAACATGGTGAAACGCCATCTCTGCTAAAAATAAAAAAATTAAGCCAGGCACAGTGGC"
"chr1","9510834","9511021","JH378267","1578253","1578442","27","7932581","GGCCAGACGTGGTGGCTCATGCCTGTAATCCTAGCGCTTTGGGAGGCCAAGGTGGGCGGATCACTTGAGGTCAGGAGTTCAAGACCAGCCTGGCTAACATGGTGAAACCCAGTCTCTACTAAAAATACAAAAATTAGCCGGGCGTGGTGGCACATGCCTATAATCCCAGCATTGGGGGTTNAGGCAAG","GGCCAGGCATGGTGGCTCAGCATGTAATCTCAGCACTTTGGGACACCGAGGTGGGCGGATCACTTGAGGTCAGGAGTTCAAGACCAGCCTGGCCAACATGATGAAACTCCATCTCTATTAAAAGTACAAAAATTAGCCGGGCGCGGTGGCTCAAGCCTGTAATCCCAGCACTTTGGGAGGCTGAGGCGGG"
"chr1","9516956","9517093","JH378125","4589691","4589826","16","4927265","GGCCAGGTGCTGTGGCTCACACCTGTAATCCCAGCACTTTGGGAGGCCGAGGTGAGTGGATTACTTGAGGTCAGGAGTTTGAGACCAGCCTGACCAATATAGTGAAACCCCGTCTCTACTAAAAAAATACAAAATTAG","GGCCAGGCACGGTGGCTCACACCTGTAATCCCAGCACTTTGGGAGGCCGAGGTGGGTGGATCACTTGAGGCCAGGAATTTGAGACCAGCCTGGCCAACATGGTGAAATCCTGTCTCTACTAAAAATACAAAAATTA"
"chr1","9518665","9518906","JH378204","1849445","1849686","44","7669220","GAGGCAGGCAGATCACTTGAGGTCAGGAGTTCACGACCAGCCTGGCCAACATTGTGAAACCCCATCTCTACTAAAAATACAAAAAAATTAACTGGGTGTGGTGGCGCACACTTGTAGTCCCAGCTACTCGGGAGGCTGAGGCAGGAGAATCGCTTGAACCTGGGAGACAGAGGTTGCAGTGAGCCTGTCTGGGCTATAGAGCGAGACTCTGACTCAAAAAAAGAAAGAAAGAAAGAAAGAAA","GAGGCAGACAGATCACTTGAGGTCAGGAGTTGGAGACCAGCCTGACCAACATGGTGAAATCTCATCTCGACTAAAAATACAAAAATGAGCTCGGTGTGGTGGTGTGCACATGTAATTCCAGCTTCTCGGGAGGCTGAGGCAGGAGAATCGCTTGGACCTTGGAAGCAGAGGTTGCAGTGAGCCGAGATCGTACCTGGGTGGCAGAGCAAGACTCTGTCTCAAAAAAAAAAAGAAAAGAAAAA"
"chr1","9522106","9522390","JH378139","17086414","17086694","52","7564308","GCTAAGCGCCGTGGATCATCCCTGCAATCCCAGCACTTTGGGAGGCCGAGGCGTGTGGATCATTTGAGGTCAGGGGTTCAAGACCTGTCTGGCCAACATTGCGAAACCCCGTCTCTACTAAAATTACAAAAATTAGCCGGGCATGGAAGCAGATGCCTGTAATCCCAGCTACTTGGGAGGCTGAGGCAGGAGAGAATCGCTTGAACCCAGGAGGCAGGGGTTGCATTGAGCTGAGATCGCACCATTGCACTGCACCCTGGGCAACGCAGTGAGATGCCATCTCAA","GGCTGGATGCAGTGGCTCTTGCCTGTAATCCCAGCACTCTGGAGGCCGAGGCAGGTGGATCACTTGGGGGCAGGAGTTCGAGACCAGCCTGGCCAACATGGTGAAACCCTGTCTCTACAAAAATACAAAAATTAGCCGGGCATGGTGGCATGCACCTGTAATCCCAGCTACTCGGGAGGCTGAGGCAGGAGAATTGCTTGAACCTGGGAGGCAGAGGTTGCAGTGAGCCAACATCGCACCATTGCACTCCAGCCTGGGCCATAGAGTGAGACTCCATCTCA"
"chr1","9527603","9527910","JH378108","50609420","50609729","43","41081817","GCCGGGTGTGGTGCCTCACGTCTGTAATGTCAACATTTTGGGAGGCTGAGGCAGGCAGATCACTTGAGGCCAGGAGTTCAAGACCAGCCTGGCCAACATGATGAAACCCTGTCTCTACTAAAAATACAGAAAAATTAGCCAGGCATGGTGGCACGTGCCTGTAATCCAGCTACTCGCGAGGCAGAGGCAGGAGAATTGCTTGAACCCAGGAGGTGGAGGTTGCAGTGAGCTGAGATCATGCCACTGCACTCCAGCCTTGGTGACAGAGTGAGACTTCATCTAAAAAAATAAATAAAAATAAAATAAAA","GGCTGGGTGCGGTGGCTCACGTCTGTAATCCCAGCACTTTGGGAGGCTGAGGCGGGCAGATCACTTGAGGCCAGGAGTTCAAGACCAGCCTGGCCAACATGGTGAAACCCCATATCTACTAAAAATACAAAACATTAGCTGGGCATTGGTGGCATGTGCCTGTAGTCCCAGCTACCCAGGAGGCTGAGGCAGGAGAATCGCTGGAACCCAGGAGGCAGAGGTTTCAGTGAGCCGAGATTGTGCCACTGCACTCTAGCCTGGGTGACAGAGTAAGACTCCATCTCAAAGAAAGAAAAAAAAAAAATAAGAA"
"chr1","9543381","9543711","JH378125","9079890","9080218","64","463491","GGCCAGGTGTGACAGCTCATGCCTGTAATCCTAGCACTTTAGGAGGCCGAGATGGGTGGACCACTTGAGCTCAGGAGTTGGAGACCAGCCTGGCCAACAGGTCAAAACCCTGTCTCTACCAAGAATACACATTAAAAAATTAGCTGGGTGTGGTGATGTGCGCCTGTAGTCCCGATACTCGAGAGACTGAGGTGGGAGGATGGCTTAAGACCAGGAGGCAGAGGTTGCAGTGGGCTGAGATCACACCACTGCACTCCAGCCTGGGTGACAAAGCCAAGACTCAGTCTCAATAAATAAATAAATAAATAAATAAATAAATAATAAAAATAAA","GGCCAGGCGTAATGGCTCATGCCTGGAATCCCAGCACTTTGGGAGGCTGAGGTGGGTGAATCACTTGAGGTCAAGAGTTTGAGACCAGCCTGGCCAACATAGCGAAACTCTGTCTCTACTAAAAATACAAAAAAATTAGCTGGGCATGGTGGCAAGCACCTGTAATCCCAGCTACTTGGGAGGCTAAGGCAGGATAACTGCTTGAACCTAGGAGGCAGAGCTTACAGTGAGGGGGATCACGCCACTGCACACCAGCTTGGGCGACAGAGCAAGACTCTGTCTCAATAAATAAATAAATAAATAAATAAATAAATAAATAAATAAATAAA"
"chr1","9544956","9545260","JH378225","6103213","6103503","50","3441743","GGCCAGGCACTGTGGCTCACACTTGTAATACTACCACTCTGGGAGGCTGAGGCAGGTGGATTACTTGAGGCCAGGAGTTCGAGACCAGCCTGGCCAACAGGGTGAAACCCAATCTCTACTAAAAAAAAAATACAAAAATTAGCCGGGTGTAGTGGCACATGCCTGTAATGCCTGTAATTCCAGCTACTGGGGAGGCTGAGGCAGGAGAATAGCTTGAATGCAGGAGGCAGAGGTTGCAGTGAGCCAAGATTGTGTCACTGCACTCCAGCCTGGGTGACAGAGCAAGACTGTCTTAAAAAAAAAAA","GGCCAGGCACAGTGGCTCACGCCTGTAATCTCAGCACTTTGGGAGACCGAGGCAGGCGGATCACTTGAGGCCAGGAGTTCGAGACTAGCCTGGCCAACATGGTGAAACCCTGTCTCTACTAAAAATACAAAAATTAGCCAGGTGTGACAGCACATGCCTGTAATCCCAGCTACTAGGGAGGCTGAGGCAGAAGAATCACTTGAACCCAGGAGGCGGAGGTTGCAGTGAGCCAAGATCACACCACTGCACTCCAGCCTGGGCAACACAGCAAGGCTGTCTTAGAAAAAAAAA"
"chr1","9556178","9556425","JH378275","1692408","1692657","33","7863770","GGCTGGGAGCAGTGGCTCACATCTGTAATCCTAGCACATTGGGAGGCCGAAGTGGGTGGATCACTTGAGGTCAGGGGTTCGAGACCAGCCTGGCCAACATGGTGAAACCCCGTCTCTACTAAAAATACAAAAACTAGCCAGAAATCACTTGATCACAGGAGGCAAAGGCTGCAGTGAGCCCAGATCATGCCACTGTACTCCAGCCTGGGCAACAGAGCAGGACTCTGTCTCAGAAAGGAAAAAAAAAA","GGCTGGGCGCAGTGGCTCATGCCTGTAATCTTAGCACCTTGGGAGGCCGAGGCGGGCAGATCACTTGAGGTCAGGAGTTCAAGACCAGCCTGGCTAACATGGTGAAACCCTGTCTCTACTAAAAATACAAAATTTAGCCAGAAATTGCTTGAACCCTGGAGGCAGAGGTTGCAGTGAGCCAAGATCATGCCACTGCACTTCAGCCTGGGCAACAGAGCAAGACTCTGTCTTTTAAAAAAAAAAAAAAAAA"
"chr1","9561115","9561409","JH378153","2856479","2856773","38","6704636","GGCTGGACGCAGTAGCCCACACCTATAATCCCTGCACTTTGGGAGGCCGAGGCAGGCGGATTACTTGAGGTCAGGAGTTTGAGACCAGCATGGCCAACATAGTGAAACCCCATCTCTACAAAAATACAAAAATTAGCCAGGCGTGGTGACATGCATCTGTAATCCCAGCTGCTCGGGAGGCTGAGGCAGGAGAATGGCTTGAACCCAGGAGGTGGAGGTTGCAGTGAGCCCAGGTCATGCCACTGCACTCCAGCCTGGGTGACAGAGCGAGAACTCCATCTCAAAAAAAAAAAAA","GGCCAGGCACGGTGGCTCACACCTATAATCCCAGCATTTTGGGAGGCCAAGGCAGGCAGATCACTTGAGGTCAGGAGTTTGAGACCAGCCTGGCCAACCTGGTGAAACCCTGTCTCTACTAAAAATACAAAAATTAGCCAGATGTGGTGGAGAAGCACCTGTAATCCCAGCTGCTCGGGAGGCTGAGGCAGGAGAATCGCTTGAACCTGGGAAGTGGAGGTTGCAGTGAGCCGAGATCAGGCCACTGCACTCCAGCCTGGGTAACAGAGTAAGACTCCATCTCAAAATAAATAAA"
"chr1","9562854","9563155","JH378131","969136","969431","43","8593718","GGCTGGGCGCAGTGGCTCATGCCTGTAATCCCAGCACTCTGGGAGGCCGAGGAGGGTGGATCACTTGAGGTCAGGAGTTTGAGATCAGCCCGGGCAATGTGGTGAAACCTTGTCTCTACTAAAAATGCAAAAATTAGCCAGGCATGGTGGCAAATACTTGTAATCTCAGCTACTCAGGAGGCTGAGGCACAAGAACCACTTTAACTTGGGAGGAGGAGGCTGCAGTGAGCCGAGATTGCACCACCGCACTCCAGTCCAGCCTGGGTGACAGAGTGAGACTCTCTAAAAAAAAAAAAAAAAAA","GGGTGCAGTGGCTCATGCCTGTAACCACAGCACTTTGGGAGGCCGAGGGTGGATCACTTGAGGTCAGGAGTTTGAGACCAGCCTGGGCAACATGGTGAAACCCCGTCTCTACTAAAAATGCAAAAATTAGCCAGGCATGGTGGCAACTACTTGTAATCTCAGCTACTCGGGAGGCTGAGGGACAAGAATCACTTTAGCTTGGGAGGTGGAGGCTGCAGTGAGCCGAGATCGTACCATTGTACTCCAGTCTCATCCTAAAAGAATGAGACTCTGTGTCAAAAAAAAGAAAAAAATAA"
"chr1","9568982","9569317","JH378122","29052182","29052494","84","19483200","GGCTGGACTCGGTGCCTCACACCTGTAATCCCAGTACTTTGGGAGGCTGAGGTGTGCGGATCACTTGAGCTCAGGATTTCGAGACCAGCCTGGCCAACATGGTGAAACCCTGTCTCTACAAAAATTAGCCGGGTGTGGTGTCATGCCTCGGGAGGCTGAGGCAGGAGAATGGCGTGAACCCGGGAGCCTGTAATCCCAGGGAGGCTGAAGCAGGAGAATTGCTTGAACCCAGAAGTTGAGGTTGCAGCTGAGATTGCACCATTGCACTCCACCCTAGGGGACAGAGTGAGTAAGACTCCATCTCAAAAAAATGAAAAAAGAAAAAAAGAAAAGAAA","GGCTGGACACGGTGGCTCACACCTGTAATACCAGCACTTTGGGAGGTTGAGGCAGGTGGATCACTTGAGGTCAGGAGTTCGAGACCAGCCTGGCCCACAAGGTGAAACCCTGTCTCTACTAAAAATACAAAAAATTAGCCAGGCGTGATGAAGCATGCCCATAATCCCACCTACTCAGAAGGCTGAGGCAGGAGAATCACTTGAACCCAGGAGGTGAAAGCTGCGGTGAGCTGAGATTGCACCATTGCATTCCAGCCTGGGTGACAGAATGAGATTCTGTTGCAAAAAAGAAAAAAGAAAAAAAGAAAAAAAA"
"chr1","9590529","9590797","JH378157","6000937","6001194","46","3589592","GGCTGGGTGCGGTGGCTCAGGCCTATAATCCCAGCACTTTGGGAGGCCAAGGCGGGTGGATCATTTGATGTCAGGAGTTCAAGAGTTCAAGACCAGCCTGAGCAACAGGGTGAAACCTCATCTCTACTAAAATATAAATATTAGTCGGCTGTGGTGATGCGTGCCTGTAATCCCAGCTACTCAGGAGGCTGAGGCAGGAGAATTGCTTGAACCCAGGAGGAAGAGATTGCAGTGAGCCGAGATCGCGCCACTTCACTCCAGCCGTGGGC","GGCCAGGAGCGGTGGCTCAAGCCTATAATCCCAGCACTTTGGGAGGCTGAGCGGGTGGATCATTTGAGGTCAGGAGTTCCAGACCAGCCTGGCCAACATGATGAAATCCCATCTCTACTAAAAACACAAAAATTAGCCAGGGGTGGTGATGTGCACCTGTAATCCCAGCTACTTGGGAGGCTGAGGCAGGAGAATCGCTTGAACCCAGGAGGAGGAGGTTGCAATGAGCCAAGATCATGCCACTGCACTCCAGCCTGG"
"chr1","9602658","9602959","JH378323","767953","768259","44","8834705","GGCCGGGCGCAGTGGCCCACGCCTGTGATCCCAGCACTTTGGGAAGCCAAGATGGGTGGGTCACTTGAGATCAGGAGTTCAAGACCAGCCTGGGAAACATGGTGATATCCCATCTCTACTAAAAATATAAAAATTAGCCAGGCATGGTGGTGCGCACCTGTAGTCCCAGCTACTCGGGAGGCTGAAGCAGGACAATCTCTTGAACCCTGGAGGAGGAGGTTGCAGTGGGCCAAGATCACGCCACTGCACTCCAGCCTGGGCGACAGAGTGAGACTGCATCTCGAAAAAAAAAAAAAAGGAAA","GGCCGGGTGCAGTGGCTCAAACCTGTAATCCCAGCACTTTGGGAAGCCAAGGTGGGTGGATCACTTGAGATCAGGAGTTTAAGACCAGCCTGGGCAACATGGTGAAATCTCATCTCTACTAAAAATATTAAAAATTAGCCGGCCATGGTGGTGTGTGCCTGTAATCCCAGCTACTTGGGAGGTTGAGGCAGGAGAGCCACCTGAGCCCAGGAGGCGGAGGTTGCAGTGAGCCAAGATCCCACCACTGCACTCCAGCCTGGGTGACAGCGCGAGATTCCATCTCAAAAGAAAAAGAAAAAGAAAAAAA"
"chr1","9628317","9628621","JH378131","901572","901879","36","8726745","GGCCGGGTGCAGTGGCTCATGCCAGTAATCCCAGCATTTTGGGAGGCCAAGGCAGGCAGATCACTTGAGGCCAGGAGTTCAAGACCAGCCTGGACAACATGGTGAAACCCCGTCTCTACTAAAAATACAAAAAAATATCTGGGCATGGTGGCAGATGCCTGTAATCCCAGCTACTCAGGAGGCTGAGGCAGGAGAATCGTTTGAACCCTGGATGCGGTGGTTGCAGTGAGCTGAGATGGCGCCACTGCACTCCAGCCTGGGTGACAGCCTGGGTGACAGAGCAAGACTCCAACTCAGAAAAAAAA","GGCCGGGCGCAGTGGCTCACACCTGTAATCCCAGCACTTTGGGAGGCCAAGGCAGGTGGATCACTTGAGGCCAGGATGTCAAGACCAGCTTGGATGACATGGTGAAACGCTGTCTCTACTAAAAATACAAATAATTAGCTGGGTGTGGTGGCACATGCCTGTAATCCCACCTACTCAGGAGGCTGAGGCAGGAGAATCGCTTGAACTCAGGAGGCGGAGGTTGCAGTGAGCTCAGATCGCACCAGTACACTCCAGCCTGGGTGACAGCCTGGGTGACAGAGTGAGACTCCAACTCAGAAAAAAAAAAA"
"chr1","9651184","9651498","JH378110","2590007","2590314","48","7061177","GGCTGGGCGCGGTGGCTCACGCCTGTAATTCCAGCACTTTGGGAGGCCGAGGTGGGTGGATCACTTGAGGTCAGGAGTTCAAGACCATCTTGGCCAACATGGTGAATATCTGTCTCTACGAAAAATGCAAAAAAAAAAATTAGCTGGGCGTGGTGATGAGCACCTGTAATCCCAGCTACTTGGGAGGTGGAGGCAGGAGAATCGCTTCAATCCGGGAGGTGGAGGTTGCAGTGTGCTGAGATTGTGCCACTGCACTCCAGCCTGGGCAACAGAGTGAGACTACATTTCAAAAAAAAAAAAAAGAAAGAAAAAAAA","GCTGGAGGCAGCGGCTCATGCCTGTAATCCCAGCACTTTGGGAAGCTGAAGTAGGTGGATCACTTGAGGTTAGGAGTTCAAGACCAGCCTGGCCAACATGGTGAAATCCTGTCTCTACTAAAAATACAAAAATTAGCCGGGCATGGTGGCACACACCTGTCATCCCAGCTACTCGGAAGGCTGAGGCAGGAGAATCGCTTGAACCCGGGAGGTGGAGGTTGCAGCGAGCCGAGATTGTGCCACTGCACTTCAGCCTGGGCGACAGAGTGAGACTCCATCTCAAAAAAAAAAAAAAAAAAAAAAAAGAA"
"chr1","9657230","9657531","JH378129","1199150","1199451","39","8458080","CGGTGGCTCAGGTCTGTAATCCCAGCACCTTTGGGAGACCGAGGCAGGTGGATCACTTGAGGTCAGGAGTTCGAGACCAGCCTGTCCAACATGAGGAAACCCCATCTCTACTAAAAATACACAAATTATCTGGGCGTGGTGGCGCATGCCTGTAATCCCAGCTACTCTGGAGGCTGAGGCAGGAGAATCGCTTGAACCCGGGAGGCGGAGGTTGCAGTGAGCCGAGATCACACCGTTGCACTCCAGCCTGGGCGACAGAGCAAGACTCTGTCTCAAAAAAAAAAAAAAGAAGAAAAAAGAAA","CGTGGTGGCTCACGCCTGTAATCCCAGCACTTTGGGAGGCCAAGGCGGATGGATCACTCGAGGTCAGGAGTTCGATACCAGCCTGACCAACATGGAGAAACCCGATCTCTACTAAAAATACAAAAATTAGCAGGGCGTGTGGCAAATGCCTGTAGTCTCAGCTACCCCGGAGGCTGAGGCAGGAGAATCGCTTGAACCCGGGAGGCGGAGGTTGCAGTGAGCTGAGATTGCACCACTGCACTCCAGCCTGGGCGATAGAGCAAGACTTTGTCTCAAAACAAACAAACAAACAAAAACAAAAA"
"chr1","9657857","9657991","JH378216","7116473","7116605","15","2541384","GGCCGGGTGTGGTGGCTCACACCTGTAATCCCAGCACTTTTGGAGGCCAAGGCGGGTGGATCACTTAGGATCAGGAGTTTGAGACCAGCATGGCCAACATGGCGAAACCCCGTCTCTACAAAAAATACAAAAATT","GGCCAGGTGTGGTGGCTCATACCTGTAATCCCAGCACTTTAGGAGGCCAAGGTTGGGGGATCACTTGAGGTCAGGAGTTTGAGACCAGCCTGGCCAACATGGTGAAACCTTGTCTCTACTAAAAATACAAAAA"
"chr1","9658286","9658444","JH378157","12402064","12402214","36","2743778","TTAGCCCGACATGGTGGTGCATGCCTGTAGTCCTAGTTACTCAGGAGGCTGAGGCAGGAAAATCACTTGAACCCTTAACCAGGGAGGCGGAGGTTGCAGTGAGCCGAGATCATGCCACTGCACTCCAACCTGGGCGACAGAGCGAGACTCGATCTCAGA","GCTGGGCACGGTGACGCAAACCTGTAATCCCAGCTACTTGGGAGACTGAGGCAGGAGAATCACTTGAACCCGGGAGGTGGAGGTTGCAGTGAGCTGAGATTGTGCCACTGCACTCCAGCCTGGGCGACAGAGCCAGACTCTGTCTCCAAAA"
"chr1","9668439","9668744","JH378107","529179","529482","52","9139260","GGCCAGGCATGGTGGCTCATGCCTGTAATCCCAGCACTTTAGGACGCCAAGGTGGGTGGATCACTTGAAGTCAGGAGTTCGAGATCAGCCCGAACAACATAGTGAAAACCAATCTCTGCTAAAATACAAAAATTAGCCAGATGTGGCGTTGTGCACGACTGTAATCCTAGCTACACGGGAGGTTGAGGCAAGAGGTTTGCTTGAACCAGAGAGGCAGAGGTTGCAGTGAGCCGAGATCGCACCATTATACGCCAGCCTGGGTGACAGAGCGAGACTCTGTTTCAAAAAAATTAAAAAAATAAAAAA","GGCCAGGCCCGGTGGCTCACGCCTGTAATCCCAGCACTTTGGGAGGCTGAGGTGGGTGGATCACTTAAGGTCAGGAGTTCAAGGCCAACCTGGCCAATATGGTGAAACCCAGTCTCTACTAAAAATACAAAAATTAGCCAGATGTGATGGCACACGCCTATAATCCCAGCTACTCAGGAGGCTGAGGCAAGAGAATCACTTGAACCCGGGAGACAGAGGTTTCAGTGAGCCAAGATCGTGCCATTGTACTCCAGCCTGGGTGACAGAGTGAGACTCTGTCTCAAAAAAATAAAAAATAAAAAAA"
"chr1","9672639","9672939","JH378118","10693452","10693756","44","1020813","GACCAGGTGCGGTGGCTCACGCCTGTAATCCCAGCACTTTGGGAGGCGGAGGCAGGCAGATCACTTGAGGTCAGGAGTTCAAGACCAGCCTGGCCAACATGGTGAAACCCCGTCTCTACTAAAATACAAAAATTAGCCAGGTGTGGTGGCATATGTCTGCAGCCCTAGCTACTTGAGGGGATGAGGCAGGAGGATCGCTTGAACCAGGGTGGTCAAGGCTGCATTGAGCCAAGATCGTGCCCCTGCATTCCAGCCTGAGTGAAAAAGTGAGACCCTGTCTATAAAAAAAAAAAAAAAAAAA","GGCCGGGCGCGGTGGCTCACGCCTGTAATCCCAGCACTTTGGGAGGCCGAGGCAGGCGGATCATTTGAGCTCAGGAGTTCAAGACCAGCCTGGCCAACATGGGGAAACCCCGTCTCTGCTAAAAATACAAAAATTAGCCAGGCGTGGTGGCACAAGCCTGTAATCCCAGCTATTTGGGAGGCTGAGACAGGAGAATCGCTTGAACCCGGGAGGTGGAGGTTGCAGTGAGCCGAGATCGCGCCACTACACTCCAGCCTGGGTGACAGAGAGAGACGCTGTCTCAAAAAAAAAAAAAAAAAAAAAAA"
"chr1","9688673","9688990","JH378133","8263869","8264178","53","1424804","GGGCGTGGAGGCTGGCCTGTAATCCCAGCTCTTTGGGAGGCTGAGGCAGGTGGATCCCTTGAGGTCAGGAGTTTGAGACCAGCCTGGCCAACATGGCAAAACAATGTCTCTACTAAAAAAAAAACCACAAAAATTAGCTGGGCATGGTGGCGCACACCTGTAGTCCCAGCTACTTGGGAGGCTGAGGCAGAAGAATCGCTTGAACCCGGGAGGCGGAGGTGGCAGTGAGCTGAGATTGCATCACTGCACTCCAGCCTGAGTGACAGAGCAAGACTCCATCTCAAAAAAATTAAGTAAATAAATAAATAATAAATAAAA","GGCTAGGCACGGTGGCTCACACATGTAGTCCCAGCACTTTGGGAGGCTGAGGTAGGTGGATCTCTTGAGGCCAGGAGTTTGAGACCAGCCTGGGCAACATGGTGAAACCCTGTCTCTACTAAAAGTACAAAAATTAGCTGGGCATGGTGGCATGCCTGTGGTCCCAGCTACATGGGAGGCTGAGGCAAGAGAATTGCTTGAATCCAGGAGGTGGAGGTTGCAGTGAGCTGAGATTGCACCACTGCACTCCAGCCTGAGTGACAGAGCAAGACTCCATCTCAAAAAAAAAAAACAAAAAACAAAAAACAAA"
"chr1","9689711","9690004","JH378111","43268192","43268483","39","33578481","GCTAGGCACGGTGGCTCACACCTGTAATCCCAGTCCTTTGGGAGGCCGAGGCGGGAGGATCATCACTTAAGGCCGGAGTTTGAGACCAGCCTGGCCAACATGGCGAAACCCCATCTCTACTAAAAATACAAAAATTATCTGGGTGTGGTGGCGCGTGCCTGTAATCCCAGCTACTTAGGAGGCTGAGGCAGGAGAATCGCTTGAACCTGGGAGGTGGAGGTTGCAGTGAGCCAAGATCACGCCACTGCACTTCAGCGTGAGCGACAGAGTGAGACTCCGTCTCAAAAAATAAAA","GCCAGGCATGGTGGCTCACTCCTGTAATCCCAGCACTTTGGGAGGCTGAGGCGGGTAGATCACTTAAGGTCAGGAGTTCAAGACCAGCCTGACCAACATAGTAAAACCCTGTCTCTACTAAAAATACAAAAATTATCTGGGTATGGTGGCATATGCCTGTAATCCCAGCTACTTGGGAGGCTGAGGCAGGAGAATCGCTTGAACCTGGGAGGCAGAGGTTGCAGTAAGCCAAGATTGAACCACTGCACTCCAGCCTGGGTGACAGAGTGAGACTCCATCTCAAAAAAAAAAA"
"chr1","9704886","9705178","JH378167","7541085","7541377","41","2163801","GCTGGGTATGGTGGCTCATGCCTGTGATCCCAGAACTTTGGGAGGCCGAGGTGGGCAGATCACTTGAAGTTAGGAGTTCAAGACCAGTCTGGCCAACATGGTGAAACCCTCTCTCTACAAAAGTACAAAAATTAGCCAGATGTGGTAACGCATGCCTGTAATTCCAGCTATTTGGGAGGCTGAGGCAGGAGAATCTCTTGAACCCAGGAGGCAGAGATTGCAGTGAGCCGAGGTGGCGCCACTGCACTCCAGCCTGGGTGACAGAGCAAGACTCCGGCTCAAAAAAAAAAAAA","GGCTGGGCAAGGTAACTCATGCCTGTAATCCCAGCACTTTGGGAGGGGGAGGTAGGCAGATCACTTGAGGTCAGGAGTTCAAGACCAGCCTGGCCAACATGGTGAAACCCCATCTCTAAAAGATACAAAAATTAGCTGGGTGTGGTGTCGCATGCCTGTAATCCCAGCTACTTGAGAGGCTGAGGTAGGAGAATCACTTGAACCCGGGAGGCAGAGGTTGCAGTGAGCTGAGATCGCACCACTGCACTCCAGTCTGGGTGACGTGCGAGACTCCATCTCAAAAAAAAAAAGAA"
"chr1","9708001","9708312","JH378115","14987072","14987385","41","5279071","GGCCGGGTGCCATGGCTCACGGCTGTAATCCCAGCACTAAGGGAGGCCGAGGTGGGCAGATCACTTGAGGTCAGGAGTTCGAGACCAGCCTGGACAACATGGTGAAACCCCGTCTCTACTAAAAATACAAAAATTAGCCGGGCGTGGTGGCACGTGCCTGTAGTCCCAGCTACTTGGGAAGATGAGGCAGGAGAATTGCTTGAATCTGGGAGGCGGAGGTTGCAGTGAGCCGAGATCACACCACTGAACTCCAGCTTGGGCAACAGAGTGAAACCCTGTCTCAAAAAATAAAAATAAATAAAAATAAAATAA","GGCCGGGTGTAGTGGCTCATGCCTGTAATCCCAGCACTTTGGGAGGCTGAGGCGGGCAGATCTCTTGAGGTCAGGAGTTCAAGACCAGCCTGGCCAACATGGTGAAATCCCGTCTCTACCAAAAATACAAAAATTGGCTGGGTGTGGTGGCATGTGCCTGTAGTCCCAGCTACTGGGAAGGCTGAGGCAGGAGAATCGCTTGAACCTGGGAGGCAGAGGTTGCAGTGAGCCAAGATCGCGACACTGTACTCCAGCCTGGGTAACAGAGCGAGACTGTCTCAAAATAAATACATAAATAAATAAAAATAAATAAA"
"chr1","9734466","9734764","JH378149","14546048","14546350","41","4811582","GACCGTGCGCAGTGGCTCACACCTGTAATCCCAGCACTTTGGGAGGTGGTGGCAGGCAGATCACTCAAGGTCAGGAGGAGTTCGAGACCAGCCTGGCCAACATGGTGAAACTCTGTGTCTACTAAAAATACAAAAATTAGCCAGGCGTGGTGGCGTGCGCCTGTAATCCCAGTTACTTGGGAGGCAGGAGAATCACTTGAACCCAGGAGGCTGAGGTTGCAGTGAGCCAAGATCACACCACTGCACTCCAGCCTGGGCAACAGAGTGAGACTCTATCTCAAAACAAACAAACAAAAAAA","GGCCAGGCACAGTGGCTCACACCTGTAATCCCAGCACTTTGGGAGGCCAAGGCAGGCGGATCACTTAAGGTCAGGAGTTCAAGACCAGCTTGGCCAACATAGTGAAACTCTGTCTCTACTAAAAAATACAAAAATTAGCTGGGTGTGGTGGCACACACCTGTAATCCCAGCTACTCTAGAGGCTGAGGCATGAAAATCATTTGAACCCAGGAGGCAGAGGTTGCAATGAGCCAAGATCACACCACTGCACTCCCGCCTGGTCAACAGAGTGAGACTCTATCTCAAAAAAAAAAAACAAAAAAA"
"chr1","9736147","9736297","JH378125","5599410","5599561","17","4136737","GGCCAGGCGCGGTGTCTCACACCTATAATCCCAGCACTTTGGGAGGCTGAGGCGGGCAGATCACTTGAGGTCAGGAGTTCGAGACCAGCCTGGCCAACGTGGTGAAACCCCATCTCTACTAAATATACAAAAATTAGCTATGCATGTTGGC","GGCCGGGCGCGGTGGCTCAAGCCTGTAATCTCAGCACTTTGGGAGGCTGAGGCGGGTGGATCACTTGAGGTCAGGAGTTCGAGACCATCCTGGTCAACATGGTGAAACCCCGTCTCTACTAAAAATACAAAAAATTAGCTGGGCATGGTGGC"
"chr1","9757172","9757396","JH378158","9154126","9154346","47","603046","GGGCGGGCGTGGTGGCTCATGCCTGTAATCCCAGCTCTGAGGGAGGCTGAGGCAGATGGATCGCTTGAGCTCAGGAGTCCAAGACCAGCCTGGGCAACATGGTGAAACCTTGCCTCTAGCAAAAAAAAAAAAAAAAAAAAGACCAGGAATGGGTGGCATGCACCTGTGGTCTGAGCTACTCGGGAGGCTGAGGTGGGAGAATCGCTTGAACTCAGGAGGTGGAGG","GGCCGGGCACGGTGGCTCATGCCTGTAATCCCAGCACTTTAGGAGGCCAAGGTGGATCACTTGAGGTCAGGAGTTCAAGACCAGCCTGGCCAACATGGTGAAACCCCATCTCTACCAAAAATACTTTTAAAAAAAATTAGCCGGGTATGGTGGCATGCACCTGTAATCCCAGCTACTTGGAAGGCTGAGGCAGGAGAATCACTTGAACCTAGAAGGGGAGG"
"chr1","9759253","9759552","JH378216","4809975","4810272","36","4949278","GGCCGGGTGCAGTGGTTCACACCTGTAATCCCAGCACTTTGGGAGGCCGAGGCGAGGAGATCACTTGAGGTCAGGAGTTTGAGACCAGCCTGGCCAACATGGTGAAACCCTGTCTCTACTAAAAATACAAAAATTAGCCAGGCGTGGTGGTGTGCGCCTGTAGTCCCAGCTACTCGGGAGGCTGAGGCACAGGAATCACTTGAACGCAGGAGGTGGAGGATGCTGTGAGCTGAGGTTGTGCCACTGCACTCCAGCCTGGGTGACAGAGCGAGACTCTGTCTCCAAAAAAAAGAAAAAAAA","GGCCAGGTGAGGTGGCTCACTCCTGTAATCCCAGCACTTTGGGAGGCCGAGGTGGGCGGATCACTTGAGGTCAGGAGTTCAAGACCAGCCTGGCCAACTGGGGAAACCCTGTCTCTACTAAAAATACAAAAATTAGCCAGGCGTGGTGGTGTGTGCCTGTAATCCCAGCTACTCGGGAGACTGAGGCAGGAGAATCGCTTGAACCCTGGAGGCAGAAGTTGCAGTGAGTCAGGATTGTGGCACTGCACTTCAGCCTGGGTGACAGAGGGAGACTCTGTCTCAAAAAAGAAAAAAAAAA"
"chr1","9760939","9761232","JH378199","7196909","7197202","45","2564030","GGGCACCATGGCTCATGCCTGTAATCCCAACACTTTGGGAGGCCAAGGCAGGTGGATCACTTGAGGTCTGGGGTTCAAGGCCAGCCTGGGTAACATGGTGAAACCTGTCTCTACTAAAAATACAAAAATTAGCCAGGTATGATGGCACAGGCCTGTAATCCCAGCTACTCGGAAGGGTGAGGTGGGAGAATCGCTTGAATATCTGAGGCAGAGGTTGCAGTGAGCTGAGATCCCGCTGCTGCATTCCAGCCTGGGTGATGAAGTGAGGCTCCATCTTTAATAAAAAAAAAAAAA","GCCAGGCACAGTAGCTCACACCTGTAATCCCAGCACTTTGGGAGGCCAAGTCAGGTGGATCACTTGAGGTCAGGAGTTCAAGACCAGCCTGGCCAACATGGTGAAACCCGTCTCTACTAAAAATACAAAAATTAGCCAGGCATGGTGGCACATGCCTGTAATTCCAGCCCCTTGGAAGGCTGAGGCAGGAGAATCTCTTGAATCTGGGAGGCGGAGGTTGCAGTGAGCCAAGATCATGCTCTGCACTCCAGCCTAGGCGACAAAGTGAGACTCCATATTAAAAAAAAAAAAAAA"
"chr1","9773688","9773918","JH378105","45639946","45640176","42","35866258","CCAGGAGCAGTGTCTCATGCCTGTAATCCCAGTGTGTTGGGAGGCTGGCCACACAGATCACTTGAGGTCAGGAGTTTGAGACCAGCCTGGCCAACATGGTGAAACCCTCCTGTCTTTACTAAAAATACAAAAATTAGCCGGGTGTGGTGACACGCACCTGTAGACCCAGCTTCTCGGGCGGCTGAGGCAGGAGAATTGCTTGAACCTGGGAGGTGCAGGTTGCAGTGAGCC","GGCCAGGCGCGGTGGCTCATATCTGTAATCCCAGCACTTTGGGAGGCTGAGGTGGGTGAACCACTTGAGGTCAGGAGTTCGAGACCAGCCTGACCATCATGGCAAAACCCTGTCTCTACTAAAAATACAAAAATTAGCTGGGTGTGGTGGCACATGCCTGTAGTCCCAGCTACTTTGGAGGCTGAGGCAGGAGAATTGCTTGAACCTGGGAGGTGGAGATTGCAGTGAGCC"
"chr1","9780525","9780664","JH378296","887584","887721","31","8892941","GCCAGGCGCAGTGGCTCACACCCATAATCCCAACACTTTGGGAGGCCCAGGTAGGAGGATTGCTTGAGCCTAGAAGTTCGACACCAGCCTGGGTGACAAGGTGTGATCCCGTCTCTACAAAAAAATGTTTTAAAAAATTA","GGCTGGGCACAGTGGCTCACACCTGTAATCCCAACACTTCGGGAGGCAGAGGCAGGTGGATCACTTAAGTGCAGGAGTTCAAGACCAGCCTGGCCGACATGGTGAAACCCCATCTTTACAAAAAAATTTTAAAAATTA"
"chr1","9780980","9781145","JH378148","2046250","2046409","33","7734730","TTAAACCAAGCGTGGTGGCATGCACCTGTAACCCCAGCTACTTGGAAGGTTGAGGCAGGAGAATCTCTTGAACCTGGGGGCAGAGGTTGCAGTGAGCAGAGATTGTGTCACTTGCACTCCGGCCTGGGTGACAAAGCAAGATTACCTCTTGAATAAAAAAAAAAAA","ATTAGCCAGGCGTGGTGACACATGCCTGTAATCCCAGCTACTTGGGAAGCTGAGGCAGGAGAATCTCTTGAACTTGGGAGGTGGAGGTTGCAGTGAGCCGAGATTCTGCCATTGCACTCCAGCCTGGGCAACAAGCAAAACTCTGCTTTAAAAAAAAAAA"
"chr1","9781916","9782064","JH378186","1895634","1895782","18","7886282","GCTGGGTGCAGTGGGTCACGCCTGTAATCCCAGCACTTTGGGAGACCGAGGCAGGCGGATCACTTGAGGCCAGGAGTTTGAGACCAGACTGGCCAACATGGTGAAACCCTGTCTCCGCTAAAAATACAAAAATTAGCCAGGCATGGTGG","CTGGGTGCAATGGCTCATGCCTGTAATCCCAGCACTTTGGGAGGCCAAGACAGGCGGATCACTTGAGGTCAGGAGTTCGAGACTAGCCTGGCCAACATGGTAAAACCTTGTCTCTACTAAAAATAGAAAAATTAGCCTGGCATGGTGGC"
"chr1","9792466","9792757","JH378141","14454762","14455052","42","4662296","GGCCAGACGTGGTGGTTCACGCCTGTAATCTCAGCACTTTCGGAGGCTGAGGCAGGTAGATCATTTGAGGCCAGGAGTTCAAGACCGGCATGGCCAACATGGCGAAACCCTGTCTCTACTAAAAATACAAAAATTAGCCAGGCATGGTGAAGCATGCCTATGATCTCAGCTACTTGGGAGGCTGAGGCAGGAGAATTGCTTGAGCCTGGGAGGAGGAGGTTGCAGTGAGCTGAGATTGCGTGACTGCACTCCAGCCTGGACAACAGAGGGAGACTCAATCTCAAAAAAACAA","GCCAGGCATGGTGGCTCACCCCTGTAATCCCAGCACTTTGGGAGGCTGAGGCAGGTGGATCACTTGAGGTCAGGAGTTTGAGACCAGCCTGGCCAACATGGTGAAACCCCGTCTCTACTAAAAATACAAAAATTAGCCGGGCATGGTGGTGCGTGCCTCTAGTCCTAGCTACTTGGGAGGCTGAGGCAGGAGAATCGCTTGAACCTGGAAGGCAGAGGTTGCAGTGAGCTCAGATCGCACCACTGCACTCCAACCTGGCCACAGAGCGAGACTCCATCTCAAAAAAATAAA"
"chr1","9796010","9796213","JH378120","3180126","3180329","30","6615884","GAGGCAGGCAGATCACTTGCGACCAGGAGTTCGAGACCAGCCTGGCCAACATGGTGAAACCTCATCTTTACTAAAAATACAAAAATTAGCCAGGCGTGGGGGTACATGCCTGTAATCCCAGCTACTCGGGAGGCTGAGGCAGGAGAATTGCTTTAACCTGGGAGGTGGAGGTTGCAGTGAGCCGAGATGGCGCCACTGCACTCC","AGACGGGCAGATCACTGGATATTAGGAGTCCTAGACCAGCCTAGCCAACATGGTGAAACCCTATCTCTACTAAAAATACAAAAATTAGCCAGGCATGGTGGCACACGATTGTAATCTCAGCTACTTGGGAGGCTGAAGCAGGAGAATCGCTTGAACCTGGGAGGTAGAGGTTGCAGTGAGCTGAGATCGCGCCACTGCATTCCA"
"chr1","9807562","9807691","JH378136","1806802","1806930","14","8000760","GGCCGGGCAGGGTGGCTCATGCCTGTAATCCCAGTGCTTTGGGAGGTCAAGGAGGCTGGATCACTTGAGGTCAGGAGTTTGAGACCAGGCTGGTCAACATGGTGAAACCCCGTCTCTACTAAAAATACAA","GGCGGGGCATGGTGGCTCATGCCTGTAATCCCAGTGCTTTGGGAGGCTGACGTGGGTGGATCACTTGGGGTCAGGAGTTTGAGACCAGCCTGGTCAACATAGTGAAATCCCGTCTCTGCTAAAAATACA"
"chr1","9807970","9808118","JH378105","7893701","7893843","34","1914269","CTACTCAAAAATGATACCAGCTACTTGGAGGCTGAGGCAGGAGAATTGCTTGAAGCCGGGAGGCGGAGGTTGCAGTGAGCCAAGATCATGCCACTGCACTCCAGGCTGGGCAACAGAATGAGACTCTGTCTCAAAAATAAATAAATAAA","GCACCTATAATCCCAACGACTTGGGAGGCTGAGGCATGGAGAATTGCTTGAACCTGGGAAGCGGAGATTGCAGTGAGCTGAGATCGCACCACTGCATTCCAGCCTGGGCGACAGAGCAAGACTCCATCTAATAAATAAATAAA"
"chr1","9819155","9819460","JH378118","10693452","10693756","42","874297","GGCCGGGTGCAGTGGCTCACATCTGTAATCTCAGCACTGTAGGAGGCAGAGGCAGGCGGATCACTTGAGGTCAGGAGTTCAGACCAGCCTGGCCAACATGGTGAAACGCTGTCTCTACTAAAAATGCAAAAATGAGCCCAGTGTGATGGCATATGCCTGTAGTCCCAGCTACTGGCGAGGCTGAGGCAGAAGAATCTCTTGAACCCGGGAGGCGGAGGTTGCAGTGAGACAAGATCACGCCATTGCACTCCAGCCTGGGTGACAGAATGAGACTCTGTCTCAAAAAAACAAACAAACAAAAAAAAA","GGCCGGGCGCGGTGGCTCACGCCTGTAATCCCAGCACTTTGGGAGGCCGAGGCAGGCGGATCATTTGAGCTCAGGAGTTCAAGACCAGCCTGGCCAACATGGGGAAACCCCGTCTCTGCTAAAAATACAAAAATTAGCCAGGCGTGGTGGCACAAGCCTGTAATCCCAGCTATTTGGGAGGCTGAGACAGGAGAATCGCTTGAACCCGGGAGGTGGAGGTTGCAGTGAGCCGAGATCGCGCCACTACACTCCAGCCTGGGTGACAGAGAGAGACGCTGTCTCAAAAAAAAAAAAAAAAAAAAAAA"
"chr1","9833241","9833544","JH378242","734891","735189","39","9098350","GGCTGGGCACAGTGGCTCGTGCCTGTAACCCCAGCACTTTGGGAGTCCGAGGTGGGCGGATCACTTGAGATCAGGAGTTTAAGACCAGCCTGGCTAACATGGTGAAACCCCGTCTCTACTAAAAATACAAAAATCAGCCAGGTGTAGTGGTGCATGCCTGTAGTCCTAGCTACTTGGGAGGCTGAGGCAGGAGAATCGCCTGAACCCAGAGGGTGGAGGTGCAGTGAGCTGAGATCGTACCACTGCACTCCAGCCTGGACAACAGAGCGAGACTCCGTCTCAAAAAAAAAAAAATTATAAAAAA","GGCTGGGTACGGTGGCTCACGCCTGTAATCCCAGCACTTTGGGAGGCGGAGGCAGACAGATCACTTGAGGTCAGGAGTTCGAGACCAGCCTGGCCAACATGGTGAAACACTGTCTCTACTAAAAATACAAAAATTAGCCAGGTGTGGTGGCACATACCTGTAGTCCCAGCTACTTGGGAGGCTTAGGCAGGAGAACCGCTTGAACCCAGGAGGTGGAGGTTGCAGTGAGCCGAGATCGTGCCACTGCACTCCAGCCTGGGCAACAGAGCGAGACTCCATCTCAAAAAAAAAAAAAAAAA"
"chr1","9839112","9839377","JH378110","7925750","7926017","33","1913362","GGCCGGGCGCGGTGTCTCATGCCCGTAATCCCAGCACTTTGGGAGGCCGAGGCAGATGGATCACTTGAGGTCAGGAGTTCAAGACCAGCCTGGCCAACATGGCGAAACCCCATCTCTACTAACAATACAAAAATTAGCCAGGCACAGTGGTACCTGCCTGTAGTCCCACTTACTCGGGAGGCTGAGGCAGGAGAATCGCTTGAACCCAGGAGGTGGGGGTTGCAGTGAGCCGAGATCATGCCACTGCACTCCAGCCTGGGTGACAG","GGCTGGGCGTGGTGGCTCACGCCTGTAATCCCAGCACTTTGGGAGGCTGAGGCAGGTGGATCACTTGAGGTCAGGAATTCGAGACCAGCCTGGCCAACATGGCAAAACCCCATCTCTACTAAAAATACTAAATTAGCCGGGTGTGGTGGTGCATGCCTGTAGTCCCATCTACTCGGGAGGCTGAGACAGGAGAATCACTTGAACCCAGGAGGCAGAAGTTGCAGTGAGCAGAGATCATGCCATTGCACTCCAGCCTGGGTGACAGAGC"
"chr1","9852920","9853210","JH378182","1921178","1921467","45","7931742","GGCCAGGTGCAGTAGCTCAAGCCTGTAATCCCAGCACTTTGGGAGGCCAAAGTGGGCAGATCACTTGAGCTCAGGAGCTCAAGACCAGCCTGGACAACATGGCAAAACCCCATCTCTACAAAAAATACAAAAATTAGCCAGATGTGGTGGCACACACCTATAGTCCCAGCTACTCGGGAGGTTGAAGTGGTAGGATTGCTTGAGCCTGGGAGGCGGAGGTTGCAGTGAGTGAAGATTATGCCACTGCACTCTGGCCTGGGTGACAGAGTGAGACCCTATCTCAAAAAAAAA","GGCCAGGTGCAGTGGCTCATGCCTGTAATCCCAGCACTTTGGGAGGCTGAGGTGGGCAGATCACTTGAGGCCAGGAGCTCAAGACCCGCCTGGCCAACATGGTGGAAGCCTGTCTCTACTAAAAATATAAAAATTAGCCAGGTGCATTGGCACATGCCTGTGGTCCCAGCTACTCAGGAGGCTGAGGCAGGAGAATCGCTTGAACCCGGGAGGTGGAGGTTGCAGTGAGCCAAGATCGTACCACTGAACTCTGGCCTGGGTGACAGAGTGAGACTCTATGTCAAAAAAAA"
"chr1","9854132","9854400","JH378130","8812952","8813212","44","1041180","GGCCAAGGTGGGCAGATCACTTGAAGTCAGGAGTTTGAGACCAGCCTGATCAACATGGTGAAACCCCATCTCTACTAAAAATATCAAAAAGTTAGCTGGGCGTGGTGGCACATGCCTGTAGTCCCAGCTACTCGGGAAGCTGAGGCACGAGAATTGTTTGAACCCAGGAGCTGGAGGTTGCAGTGAGCTGAGATCGCACCACTGCATTCTAGTCTGGGCGACAGAGTGAGACTCTGTCTCAAAAAAAAATAAGAAATAAATAAATAAAA","CCAAGGTGGGTGGATTGCTTGAAGTCAGGAATTTGAGACCAGCCTGGCCAACATGGTTAAACTCCATCTCTACTAAAAATACAAAAATTAGCTGGGCATGGTGGTGTGCACCTGCCGTCCCAGCTAATCAGGAGGCTGAGGCAGGAGAACTGTTTGAACCAGGAGATGGAGGTTGCAGTGAGCTGAGATCATGCCACTGCACTCCAGCCTGGACAACAGAGTGAGACTCTGTCTCAACAAAACAAAACACAAAAAATAAAA"
"chr1","9909648","9909948","JH378262","1936694","1936996","40","7972954","GGCCGGGCGCGGTGTCTCAGGCCTGTAATCCTAGCATTTTGGGAGGCCGAGGCGGGCACACTACTTGGGGTCAGAAGTTGGAGACCAGCCTGGCCAACATGGAGAAAACCCGTCTCTACTAAAAATACAAAAATTAGCTGGGAGTGGTGGCGCATGCCGGTAATCCCATCTACTCAGGAGGCTGAGGCAGGAGAATCGCTTGAACCCGGGAAGCGGAGGTTGCGGTGAGCCAAGATCGCGCCACTGCACCTGAGCCTGGGCGACAGAGCGAGACTCCCTCTCAAAAACAAAAACAAAAAAA","GGCCAGGCGCCATGGCTCACACATGTAATCCCAGCACTTTGGGAGGCCAAGGTGGGCAGATCACTTGAGGTCAGGAGTTCGAGACCAGCCTGGCCAACATGGTGAAACCCCGTCTCTACTAAAAATACAAAAATTAGCTGGGTGTGGTGGTGTGTGTCTGTAGTCCCAGCTACTCAGGAGGCTGAGGCAGGAGAATCTCTTGAACCCGGGAGGCAGAGGTTGCAGTGAGCCGAGATCGCACCACTGCCCTCCAGCCTGGGCCACAGAGTGAGACTCCCTCTCAAAAAACAAAAAACAAAAAAA"
"chr1","9917033","9917199","JH378149","1124237","1124383","46","8792796","TGTATATANNNNNNNNNNNNNNNNNNNNGCCTGTAATCGCAGCTACTCAGGAGGCTGAGGCAGGAGAATCACTTTGGACCTGGAGGCGGAGGTTGCAGTGAGCCGAGATTGTGCCACTCTAGCCTGGGCAACAGAGGAACTCTGTCTCCAAAACAAAAAAAGGAAAA","GCATGGTGGTGCATGCCTGTAATCCCAGCTACTCAGGAGGCGGAGGCAGGAGAATAGCTTGAACCTGGGAGGCGGAGGTTGCAGTGAGCCAAGATCGTGCTATTGCACCTGGGCAACAGAAACTCTGTCTCAGAAAAAAAAAAAAAA"
"chr1","9917500","9917634","JH378206","438225","438357","27","9479275","GGCCAGCACAGTGGTTTTGCCCTGTAATCCCAGCTACTTGAAAGGATGAGGCAGAAGGATCACTTGAGTCCAGGAGTTCTAGACCAGCCTGGGCAACATAGTAAGACCTTGTCTCAAAAAAACAAAACAAAAAAA","GGCCAGGCACATTGGCTCATGCCTGTAATCCCAGCACTTTGGGAGGATGAGGCAGGCGGATCACTTGAGGTCAGGAGTTTGAGACCAGCCTGGCCAACATGGTGAAACCCTGTCTCTACTAACAAAACAAAAA"
"chr1","9932273","9932581","JH378115","19583909","19584219","58","9651636","GGCCAGGTACAGTGGCTCATGCCGGTAATCCCACCACTTTGGAAGGCTGAGGTGGGTGGATCGCTTGAGCTCAGGAGTTCAAGACTATCCTGGCCAACATGGTGAAACCCTGTCTCTATGAAAAATACAAAAATTAGTGGTGTGTGGTGGTGTGTGCCTGTGGGCCCAGATACTTGAGGGGCTGAGATGGGAGATGCTTGAGCCCAGGAGACAGAGGCTGCAGTGAGCCGAGATTGCATTACTACACTGAGCCTGGTTGACAAAGTAAGACCCTGCCTCAAAAACAACAACAACAACAAAAAAACAAAA","GGCCAGGCACAGTGGCTCATGCCTGTAATCCAGCATTTTGGGAGGTTGAGGCAGGTGGATCACTTGAGGTTAGGAGTTTAAGACCAGCCTGGCCAACATGGTGAAACTCTGTCTCTACCAAAAAATACAAAAATTAGCCGGATATGGTGGTGCATGCCTGTAGTCCCAGCTACTTGGGAGGCTGAGGTGGGAGAATCACTTGAACCCAGGAGGCTGAGGTTGCAGTGAGTCTAGATTACGCCACTGCATCTAGCCTGGGTGACAGAGTAAGACCTTGTCTCAAAAAAAAAAAAAAAAAAAAAAAAAAAAAA"
"chr1","9932597","9932734","JH378131","16208116","16208252","19","6275519","GGCTAGGCGCAGTGGCTCACATCTATAATTCCAACACTTTGGGAGGCTGAGGCGGGCAGATCACTTGAGGTTAGGAGTTCAAGACCAGCCTTGACAACATGGTAAACCCCATTTCTACTAAAAATACAAAAATTAGCC","GGCTGGGAGCAGTGGCTCACGCCTTAATCTCAGCACTTTGGGAGGCTGAGGTGGGCAGATGACTTGAGGTCAGGAGTTCAAGACCAGCCTTGGCAACATGGTGAAACCTTTTCTCGACTAAAAATACAAAAATTAGC"
"chr1","9938349","9938623","JH378125","5366702","5366979","53","4571647","GCCAGGTGGGGTGCCTCATGCCTGTAATCCTAGCACTTTGGGAGGCTGGGGTGAGTGGATCATTTGAGGTCAGGAGTTCAAGACCGACCTGGCCAATATGGCAAAACCACATTTGTACTAAAAATACAAAAATTAGCCGGACGTGGTGGCACGCACTCAAGAGGCTGAGGCAGGAGAATTGCTGAAACCCAGGAGGTGGAGGTTGCAGTGAGCCGAAATCATGCCACCGCACTCCAGTCGGGGCGACAGAGCGAGACTCAGTCTAAAAAAAAGAA","GCCAGGTGCGGTAGCTCACACCAGTAATCCCAGCCCTTTGGGAGGCTGAGGCTGGTGGATCACTTGAGGTCAGGAGTTCCAGACCAGCCTGGCCAACGGAGGGAAACCCCATCTCTACTAAAAATACAAAAATTGGCACGCACCTGTAATCCCAGCTACTCCGTAGGCTGAGGCCGGGAGAATTGCTGGAACCCAGGAGGTGGGGGTTGCAGTGAGCTGAGATCTTGCCACTGCACTCCAGCCTGGGCAACAGAGCAAGACTCTGTCTCAAAAAAAAA"
"chr1","9939080","9939382","JH378110","6207232","6207533","52","3731848","GGCCAGGCATGGTGTCTCACACCTGTAATCCCAGCACTTTAGGAGGCTGAGGCAGGCAGATCACTTGAGACCAGGAGTTATAAACCAGCCTGGCCGACACGGCGAAACCCCGTCTCTACAATAAATTAAAAATTAGCTGGGCATGGTGGTGTGTGCTTGTAGTCCCAGCTACTCGGCGGGCTGAGGTGGGAGAATCATCCAAGCCTTGGAGGCAGAGGTTGCAGTGAGCTGAGATTGTGACACTGCACTCCAGCCTGGGAGACAGAGTGAGACTCCTACTCAAAAAAAACCAAAAACAAAAAA","GGCCAGGTGTGGTGTCTCACACCTGTAATCCCAGCTCTTTGGGAGGCGGAGGCAGGCGGATCACTTGAGATCAGGAGTTCTAGACCAGCCTGGCCAACATAGAGAAACCCCATCTCTATAAAAAATGCAAAAATTAGCTGGGCGTGGTGGTACGTGTCTGTAATCCCAGCAACTCGCAAGGCTGAGGCAGAAGAATCACTTGAACGTGGGAGGCGGAGGTTGCAGTGAGCTGGGATCATGCCACTGCACTCCAGCCTAGGCAACAGAGTGAGACTTCATCTAAAAAAAAAAAAAAAAAAAAA"
"chr1","9944013","9944292","JH378232","3348298","3348573","42","6595715","GGCCGGGTGCAGTGGCTCACGCCTGTAATCCCAGCACTTAGGGAGGCCAAGGCGGGCAGATCACTTAAGGTCAGGAATTCAAAACCAGCCCGGCCAACATGGTGAAACCCCATCTCTACTAAAAATACAAAAATTAACCAGGCGTGGTGGTCCATGCCTGTAATCTTAGCTACTCAGGAGGCTGAGGCATGAGAATCGCTTGAACTCAGGAGGTGAATGCTGCAGTGAGCCAAGATCGCGACGCTGCACTGCAGCCTGGGTGACAGAGCAACTCCGTCTT","GGCTGGGTACAGTGGCTCATGCCTGTAATCCCAGCACTTTGGGAGGCCAAGGGGGGCAGATCACTTGAGGTTGGGAGTTCAAGAGCAGCCTGACCAACATGGTGAAACCCCATCTCTACTAAAAATACAAAAATTAGCTGGGCATGGTGGCACATGCCTGTAATCCCAGCTACTCAGGAAGCTGAGGCAGGAGAATCGCTTGAACCCAGGAGGCGGAGGTTGCAGTGAGCCGAGATTGCACCGCTGCAATTCAGCCTGGGCGACAGAGCGAGACTC"
"chr1","9944320","9944335","JH378185","5729091","5729102","4","4215229","GAAGAAAAAAATAAAA","GAAAAAAATAAA"
"chr1","9948384","9948719","JH378189","3948588","3948904","71","5999796","GGCCGGATGCGGTGGCTCATGCCTGTAATCCCAGCACTTTGAGAGGCCGAGGTGGGCGAATCACTTGAAGTCAGGAGTTTGAGACTAGCCTTGCCAACATGGTGAAACTCCGTCTCCACTAAAAAAAACAAAAAAATTATATATATACACATACATATATATATATATACACACAACAAAAATTAGCTGGGCCTCTTGGTGTGTACCTATAATCCCAGCTACTCGGGAGGCTGAGGCAGGAGAATCGCTTGAACCCAGGAGGTGGAGGTTGCAGTGAGCAAAGATTGCGCCACTGCACTCCAGCCTGGGTGACAGAGTGAAACTCCATCTAAAAAA","GGCCAGGAGCAGAGGCTCATGCCTGTAATCCCAGGAGTTTGGAAGGCCGACGTGGGTGGATCACTTGAGGTCAGGAGTTTGAGACCAGCCTGGCCAACATGGCGAAACCCCATCTCTACTAAAAAAAAAAAAAAAAAAAAAAAAAAAAAATTCAAAAAATTAGCTGGGCATGGTGATGTGCACCTGTAATCCCACCTACTCGGGAGGCTGAGGCAGGAGAATTGCTTGAACCCAGGAGACAGAGGTTGCACTGAGCTGAGATCACATCACCACCGCACTCCAGCCTGGGCAACAGAGAGAGACTCGTCTCAAAAAAA"
"chr1","9949775","9950064","JH378114","37013997","37014291","48","27064222","GGGCACAGTGGTTCACGGCTATAACCCCAGCACTTTGGGAGGCTGAGACGGGTGGATCAGTTGAGGTCAGGAGTTCAAGACTAGCCTGGCCAACATGGCGAAACCCCATCTCTACTAAAAATACCAAATTTATCCAGGCACAGTGGCACACACCTTTAATTCCAGCTACTGGGGAGGCTGAGGCAGGAGAATTGCTTTAATCCAGGAGGAGGAGGTTGCAGTGAGCCAAGATCACGCCACTGCACTCCAGCTTAAGCAACAAAGTGAGACTCTGTTTCAAAAAAAAAAAA","GGCTGGGCACAGTGGCTCACGCCTGTAATCCTAGCACTTTGGGAGGCTGAGGCTGGTGGATCACTTGAGGTCAGGAGTTCAAGACCAGTCTGGGCAATACGGTGAAACCACATCTCTACTAAAAATACAAAAATTAGCCAGGTTTGATAGCACATACCTATAATCCCAGGTACTCGGGAGGCTGAGGCAGGAGAATCGCTTGAACCCAAGAGGCGGAGGTTGCAGTGAGCTGAGATCACGCCACTGCACTCCAGCCTGGGCCACAGAGTGAGACTCTATCTCAAATAAAAAAAAA"
"chr1","9957383","9957643","JH378119","31401450","31401705","48","21444067","AGGTAGACCAATCACTTGAGGTCAGGGGTTCGAGATCAGCATGGCCAACATGATGAAACCCCATCTCTACCAAAAAATACAAAAGCTAGCCGGGTGTGGTGGCACGTGCCTGTAATCCCAGCTACTGGGAAGGCAGAGGCACAAGAATTGCCTGAACCTGGGAGGAAGAGGTTGCAGTGAGCAGAGATCGCACCACTGCACTCCAGCCTGGGTGACAAAGTAAAACTCTGTCTCAAAAAAAAAAAAAAGAAAAGAAAGAAA","GTGGCTCACTTGAGGTCAGGAGTTTAAGACCAGCCTGGCCAATATGGTGAAACCCTGTCTCTACTGAAAATACACAACTTAGCCGGATGTGGTGGCTTGTGTCTGTACTCCCAGCTACTTGGGAGGCTGAGGCAGGAGAATTGGTTGAACCTGGGAGGCAGAGGTTGCAGTGAGCTGAGATGGCACCACTGCATTCCAGACTGGGTGACAGAGTGACACTCCATCTCAAAAAAAAAAAAAAAAAAAAAAAAAGAAA"
"chr1","9966318","9966453","JH378107","55895704","55895839","22","45929386","GGGCACGGTGGCGCATGCCTGTAATCCCAATACTTTGGGAGGCCGAGGCAGGTGGGTCACTTAAGGTCAGGAGTTTGAGACCAGCCTGGCCAACGTGGTGAAACCCCGACTCTACTAAAAAAAAAAACAAAAATTA","GGCTGGGCAGTGTCTCATGCCTGTAATCCCAGCACTTTGGGAGGCTGAGGCAGGTGGATCACTTGAGGTCAGGAGTTTGAGACCAGCCTGGCCAACATGGTGAAACCCTGTCTCTACTAAAAATACAAAAATTAGC"
"chr1","9967590","9967846","JH378244","3128296","3128550","40","6839294","TGGGCGGCTGAGGTGGGTGGATCACTTGAGGCCAGGAGTTCGAGACCAGCCTAGCTAACATGGTGAAACCCATCTCTACTAAAAATTCAAAAGTTATCTGGGTGTGGTGGTGCATGCCTGTAGTCCCAGCTACTTGGGAGGCTGAGGCAGGAGAATTGCTTGAACCTGGGAGGTAGAGGTTGCAGTGAGCCGAGATCGTGCCACTGCACTCCAGCCTGGGTCAGAGAGGGAGACTCTGTCTCAAAAAAATAAATAAA","TGGGAGGCTGTAGGGTAGATCACTTGAGGTCGGGAGTTTGAGACCAGCCTAGCCGACATAGTGAAACCCATCTCTACTAAAAATACAAAAATTAGCTGGGTGTGGTGGCACACACCTGTAATCCCAGATACTTGGGAAGTTGAGGCAGGAGAATTGCTTGATCACAGGAGGCGGAGGTTGCAGTGAGCTGAGATCACGCTACTGCACTCCAGCCTGGGCCACAGAGCGAGACTCTGTCTCAAAAATGAAATAAAA"
"chr1","9972450","9972746","JH378110","6965048","6965350","45","3007402","GGCCAGGTGTGGTGACTCATGCCTGTAGTCCCAGCACTTTGGGAGGCTGAGGCAGGCAGATCACTTGAGGTCAGGAGTTGGAGACCAGCTTGGCTAACATGGTAAAAACCCCATCTCTACTAAAAATACAAAAATTAACCAGCATGGTGGCATGTGCCCGTAATCCCAGCTACTCAGGAGTCTGACTCAGGAGAATCGCTTCAACCCAGGAGGCGGAGGTTGCAGTGAGCCGAGATCACTCCAGTGCAGCCTGGGGAACAGAGCAAGACTCTGTCTCAAAAAACAAAACAAAACAAA","GGCCAGACGCGGTGACTCATGCCTGTAATCCCAGCACTTTGAGAGGCTGAGGCAGGTGGATCACTTGAGGTCAGGAGTTCAAGACCAGCCTGGCCAACATAGTGAAACCCCATCTCTACTAAAAATACAAAAATTACCCAGGTGTGGTGGCATGTGCCTGTAATCCCAGCTATTCTGGAGGCTGAGACAGGAGAATTGCTTGAACCCGAGAGGCAGAGGTTGCAGTGAGCCAAGATCATGCCATTGCACTCCAGCCTGGGCCACAGAGCAAGACTCCATCTCAAAAACAAAACAAAACAAAAA"
"chr1","9979602","9979884","JH378279","1666661","1666937","47","8312941","CACCTATAATCCCAGCACTTTGGGAGGCTAAGGCGGGCAGATCGCTTGAGGTCAGAAGTTCAAGACCAGCCTGGCCAACATGATGAAACCCCATCACTACTAAAAATACAAAAAAATTGGCTGAGTGTGGTGGTGCGCCCCTGTAATCCCAGCTGCTCGGGAGGCTGAGGCAAGAGAATTGTTTGAACCCAGGAGCCAGAGGTTACAGTGAGCTGAGATCACACACTGCACTCCAGCCTGGGTGTCAGAGCAAGACACCATCTCAAAATAATAAATAAATAAA","CCTGTAATCCCAGCACTTTGGGAGGCTAAGGCGGGGGGATCACTTGAGGTCAGAGTTCAAGACCAGCCTGACCAACATGGTGAAACCCCGTCTCTACTAAAAATACAAAAATTAGCCAGGTGTGGTGGTGCATGCCTGTAATCCCAGCTACTTGGGAGGCGGAGGCAGGAGAATTGCTTGAACCCGGAGGGTAGAGGTTGCAGTGAGCCAAGATCGCACCGCTGCACTCCAGCCTGAGTGACAGAACAAGACTCTGTCTCAAACAACAACAAAAAAA"
"chr1","9986598","9986887","JH378135","5609813","5610105","41","4376785","GGTTGGGTGTGATAGCTCACACCTGTAATCCCCACACTTTGGGAGGCCAAGGCAGGTGGATCATTTGAGGTCAGTTTGAGATCAGCCGGGCCAACATGGAGAAACCCTGTCTCTATTAAAAACACAAAAGTTAGCTGGGCACGGTGGTGTGCGCTTGTAATCCCAGCTACTCGGGAAGCTGAGGCAGGAGAATTTCTTGAACCTGAGAGGTGGAGGTTGCAGTGAGCTGAGATCGTGCCACTGCAATCCAGCCTGGGTGACAGAACAAGACTCTGTCTCAAAAAAAACAA","GGCTGGGCGTGGTAGCTCACACCTGTAATCCCAGCACTTTAGGAGGCCAAGGCAGGTGGATCAGTTGAGGTCAGGAGTTCTAGACTACCCTGGCTAACATGGCGAAACACTGTCTCTACTAAAAATACAAAAATTAGCTGGGCATGGTGGTGAGCGCCTGTAATCCCAGCTACTCGAGAGGCTGAGACAGGAGAATCACTTGAACCTGGGAGGCGGAGGTTGCAATGAGCTGAGATCGTGCCACTGCACTGCAGCCTGAGTGACAGAGCAAGATTCTGTCTTCAAAAACAAAA"
"chr1","9989757","9990039","JH378283","2933790","2934070","46","7055967","GGCTTGGTGCGGTGGCTCACGCCTGTAATCCCAGCACTTTGGGAGGCCGAGTTAGGAAGGTCACTTGAGGTCAAGAGTTCAAGACCAGCCTGGCCAACAGGGTGAAATCCCGTCTCTACTAAAAACAAAAATTAGCCAGGCTTGTAATCCCAGCTACTGGGGAGGCTGAGGCAAGAGAATTGCTTGAACCCGGGAGGCAGAAATTGCAGTGAGCTGAGATTGCACCATTGCACTCCAGCCTGGGTGAAGAGGCAAGACTTTGTCTAAAAAAAAAAAAAAAAAA","GGCCAGGTGTGGTGGCTCATGCCTGTAATCCCAGCACTTTGGGAGGCAAAGGTGGGTGGATCACTCGAGGTCAGGAGTTTGAGACCAGCCTGGCCAACATGGTGAAACCCGTCTCTATTAAAATACAAAAATTAGCTGGTGTCTGTAATTCCAGCTACTCGGGAGGCTGAGGCAGGAGAATTGCTTGAACCCGGGAGGCAGAGGTTGCAGTGAGCTGAGATTGTGCCACTGCACTCCAGCCTGGGCAATGCAGTGAAACTCTGTCTCAGAAAAAAAAGAAA"
"chr1","10001329","10001636","JH378111","12898365","12898668","52","2897036","GGCCAGGTCCAGTGGCTCAGGCCTGTAATTCCAGCACTTTGGGAAGCCGAGGCAGGCAGATCACTTGAGGCCAGGAGTTCAAGACCAGCCTGGCCAACATGGTGAAACCGCATTTCTACCAAAAAATAAAATAAAAATTAGCTGGGCATGGTGGTGTGCACCTGCAGTCCTGGCTGCTGGGGAGGCTGAGGTGGGAGGATCGCTTGAGCCTAGAAGGAGGAGGTTGCAATGAGCCAAGATGGTGCCACTACACTCCAGCCTGGGCAACAGAGTGAGATCCTATCTCAAAAAATAAAAATAAAATAAAA","GCTGGGTACAGTGGCTCATGCCTGTAATCCCAGCACTTTGGGAGGCTGAGGTGGGTAGATCACTTGAGGCCAGGAGTTCGAGACCAGCCTGAACAACATGGTGAAACCCCATCTCTACTAAAAATATACAAAAATTAGCTGGGCGTGGTGGTGCACACCTGTAGTCCCAGCTACTTGGGAGGCTGAGGCAGGAGAATCCTTTGAACCCAGGATGTGGAGGTTGCAATGAGCATAGATCATGCCATTGCACTCCAGCCTGGGCAACAGAGTGAGACTTCATCTCAAGAAAAAAAAACAAAATAAA"
"chr1","10004805","10005103","JH378105","12770941","12771250","65","2766136","GCCAGGCACAGTGGCTCATACCTGTAATCCCAACACTTCTGGAGGCCAAGGTGGGAGGATCACTTGAGCCCAGGGGTTCAAGACCAGCCTGGACAACATAGCAAGACCCCATTTCTATAAAAAAATAAAAACAGCTGAGGCTGGGCATGGTGGCTCACACCTGGGTCGGGCTGAGGCAGGAGAATCAGTTGAACCCAGGAGGCGGAGGTTGCAGTGAGCTGAGGTCGAGCCACTGCACTGTAGCCTGGGGACGGAGTGAAACTCCATCTCAAAAACAAACAAATGAACAAACAAACAAA","GGCCAGGTGCAGTGGCTCACACCTGTAATCCCAACACTTTGGGAGTTCAAGGCAGGAGCATCACTTGAGGTCAGGAGTTCGAGACCAGCCTGGCCAACATGGTGAAACCCCGTCTCTACTAAAAATACTAAAATTAGCCAGGCATGGTGGCATGTGCCTGTAGTCCCAGCTATTCAGGAGGCTGAGGTAGGAGAATCACTTGAACCCAGGAGGCAGAGGTTGCAGTGAGCTGAGATTGCGCCACTGCACTCCAGCCTGGGCGACAGAGAAAGACTCCATCTCAAGAAACAAAACAAACAAACAAACAAAC"
"chr1","10008881","10009166","JH378221","506746","507023","45","9502135","CACGCCTGTAATCCCAACACTTTGGGAGGCCCAGGTGGGCTGATCACTTGAGGTCAGGAGTTCGAGACCAGCCTGGCCAATATGGTAAAATCCCGTTTCTGCTAAAAATACAAAAATTAGCTGGGTGTGGTGGTGCATGCCTGTAGTCCCAGCTACTCGGGAGGCTGAGGCAGGAGAATCGCTTGAACCCAGGAGGCAGAGGTTGCAGTGAGCTGAGATCACACCACTGCACTCCAGCGTGGGTGACACTGGGTGACAGAGGGAGAGACTCCATCTCAAAAAAAAA","CACGCCTGTAATCCCAGCACTTTGGGAGGCAGAGGCGGGTGGATCACTTGAGGTCAGGAGTTCGAGACCAGCCTGGCCAACATGGTGAAACCCCATCTCTACTAAAAATACAAAAATTTAGCTGGGAGTAGTGGCGCATGCCTGTAATCCCAGTTACATGGGAGGCTGAGACAGGAGAATCGCTTAAACTCGGGAGGTGGAGGTTGCAGTGAGCTGAGATCACACCACTGCACTCCAGCCTGGGCAACAGAGCGAGACTCTGTCTCAAAAAACAAAGA"
"chr1","10014149","10014242","JH378108","45286143","45286235","18","35271994","GGCCAGGTGTGGTGGCTTATAACTATAATCCTAGCACTTTCGGAGGGCAAGGCAGGAAAATCATTTGAGGCTAGGAGTTCAAGACCAGCCTAGG","GGCCAAGCATGGTGGCTCACACCTATAATCCCAGCACTTTGGAAGGCCAAGGCAGGCAGATCACTTGAGGTTAGGACTTCAAAATCAGCCTGG"
"chr1","10014543","10014748","JH378254","343341","343553","52","9671202","GACCAGCCTAGGCAGTGGCAAACCTGTCCTACAAAACACAAAATTAGCCGGGCATGATGGCACGTGCCTGTAGTGTCCCAGCTACTTTGGGGGCTGAGGTGGGAGGATCGCTTGAGCCTGGGAGGCAGAGGTTACAGTGAGCCGAGATCTCACCACTGTACTTAGCCAGGACGACAGAGTGAGACCCCATCTCAAAAAAGAAAAAA","GACCAGCCAGTTCAAGGGTGAAACCCTGTCTCTACTAAAATATAAAAATTAGCCAGGCATGGTGGTGTGTGCCTGTAATCCCAGCTACTTGGGAGGCTGAGGCAGGGGAATCGTTTGACCTTGGTAGGCAGAGGTTGCCATGAGCTAAAATCACACCATTGCACTCCAGCCGGGGCAACAGAGCAAGACTCCATCTCAAAAGGAAAAAACAAA"
"chr1","10020435","10020711","JH378135","16429609","16429870","52","6409174","CACACTTGTAATCCGAGCATTTTGGTAGGCTGAGGTGGGTGGATCACTTGAGGCCAGGAGTTGGAGACCAGCCCAACCAACATGGCGAAACAAAAATACAAAAATACTAAAAATACAAAAATTAGCTGGCCATGGTGGTGGTGCACACTTGTAATCCCAGCTACTAGGGAGGCTGAGGCAGGAGAATCACTTAAACCTGGGAGGTGGAGGTTGCAGTGAACGGAGATTGCACCACTGCACTCCAGCCTGGATGACAGAGTGAGACTCTGTCTCAAAA","CTGTAATCCCAGAACTTTTGGAGGCTGAGGCGGGTGGATCATTTGAGGTCAGGAGTTCAAGAACAGCCTGGCCAACATGATCAAACCCCGTATCTACTAAAAATACAAAAATTAGCCAGGCATGGTGGTGCACACCTGTAATCCCAGCTCAGGAGGCTGAGGCAGGAGAATCACTTGAACCCAGGAGGCAGAGGTTGCAGTGAGCCGAGATTGTACCACTGCACTCCAGCCTGGACAACAGAGTGAGACTCTGTCTCAAAAA"
"chr1","10027163","10027294","JH378123","25088543","25088674","15","15061380","GACCAGGCATGGTGGTTCACACGTGTAATCCCAGTACTTTGGGAGGCCGAGGCGGGCAGATCACTTGAGGTCAGGAGTTCAAGACCAGCCTGGACAACATGGCGAAACCCCATCTCTGCTAAAAATACAAAA","GCCTGGCATGGTGATTCACACCTGTAATCCCAGCACTTTGGGAGGCTGAGGCAGGCAGACCACTTGAGGTCAGGAGTTCGAGACCAGCCTGGCCAACATGGTGAAACCCCATCTCTAATAAAAACACAGAAA"
"chr1","10029941","10030252","JH378248","3387134","3387441","42","6642807","GGCCGGGTGCAGTGGCTCACGCCTGTAATTCCAGCACTTTGGGAGGCCGATGTGGGTGGATCACTTGAGGTCAGGAGTTTGAGATCAGCCTGGCTAACATGGTAAAACCCTGTCTCTACTAAAAATACAAAAATTAGCCGGGCGTGGTGGCCCATGCTTGTAATCCCAGCTACTCGGGAGGCTGAGGCAGGAAAAGCGCTTGAACCCAGGAGGCAGAGGTTGCGGTGACTCGAGATTGTGTCAGTGCACTCCAGCCTGGGTGACAGAGCAAGATTCTGTCTTAAAAAAAAGAAAAAAGAAAAGAAAGAAGAA","GGCCAGGTGCAGTGGCTCACACCTGTAACCCCAGCACTTTGGGAGGCCAAGGTGGGTGGATCACTTGAGGTCAGGAGTTCAAGACCAGCGTGGCAAACATGGTAAAACCCCGTCTCTACTAAAAATACAAAAATTAGCTGGGCATGGTGGCATGTACCTGTAATCCCAACTTCTCTGGAGGCTGAGGCAGGAGAATTGCTTCGACCTGGGAGGCAAAGGTTGCAGTGAGCCGAGATTGTGCCACTGCATTCCAGCCTGGGTGACAGAGCAAGACTCTGTCTTAAAAAAAAAAAAAAAAAAAAAAAAAA"
"chr1","10039165","10039478","JH378131","477242","477545","45","9561923","GCCACGTGCAGTGGCTCACGCCTGTAATCCCAGCACTTTGGCAGGCAGAGGCAGGTGGACCACTTGAGGTCAGGAGTTTGAAACCAGCCTAGTCAACATGGTAAAACCCCATCTTTACTAAAAATACACACACACACAAAAAATCAGCAGGGCATGGTGGCATGCACCTGTAATCCCAGCTACTTGGGAGGCTGAGGCAGGAGAATCACTTGAACCCGGGAAGCAGAGGCTGCAGTGATCCGAGATCATGCCACTTCACTCCAGCCTGGGCAACAGAGAGAGATTCTGTCCCAAAAAACAACAACAAAAAGAAA","GGCTGGGCATGGTGGCTCATATCTGTAATCCCAGCTCTTTGGGAGGCAGAGGCAGGTGGATCACTTGAGGTCAGGAGTTTGAAACCAGCCTAGTCAAGATGGTGAAACCACATCTCTACTAAAAATACAAAAACAAATTAGCAGGGCATGGTGGTGCGCACCTGTAATCCCAGCTACTTGGGAGGCTGAGGCAGAAGAATTGCTTGAACCGGGAGGCGGAGGCTGCAGTGAGCTGACATGCCACTGCACTCCAGCCTGGGGGACAGAACAAGATTCTGTCCCAAAAAACAACAACAAAAACAAA"
"chr1","10041403","10041689","JH378171","8952847","8953132","43","1088556","TCATGCCTGTAATCCCACAACTTTGGGAGGCTGAGGTGGGTGGATCATTTGAGGTCAGGAGTTTGAGACCAGCCTGGCCAACATGGTGAAACCCCTCTACTAAAAATACAAAAATTAGCCGGGCAGTAGTGGCATGTGCCTGTAACCCCAGCTACTCGGGAGGCTGAGGCAGGAGAATCACTTGAACTCGGGAGGCGGAGGTTGCAGTGAGCAGAGATCGTGCCACTGCACTCCAGCATGGGGACAGAGCGAGACTCTGTCTTAAAAAACAAACAAACAAACAAAAA","CTCATGCCTGTAATCCCAGCAATTTGGGAGGCTGAGGAGGGTGGATCACTTAGTTCAGGAGTTTGAGACCAGCCTGGACAACATGGTGAAACCCCATCTCTACTAAAAATACAAAAATTAGCTGAGTGTTCTGGCACATGCCTGTAACCCCAGCTACTTGGGAGGCTGAGGCAGGAGAATTGCTTGAATCTGGGAGGCTGAGGTTGCAGTCAGCCGAGATCCTACCATTACACTCCAGCCTAGGCGAAGAAGGGAGACTCAGTCAAAAAAAAACAAAAAAAAAAAA"
"chr1","10044331","10044604","JH378262","154443","154718","51","9889888","GGCCAGGCGCGGTGGCTCATGCCTGTAATCCCAGCACTTTGAGAGGCTGAGGTGGGTGGACTGCTTGAGCTCAGGAGTTCAAGAACAGCCTGGCCAACATAGTAAAACTCTCTCTCTATCAAAAATACAAAAAACTAGCCGGGCATGATGGCGTGCGCCTATGGTCCCAAGTACTCAGGAGGCTGAGGTGGGAGGATCGCTTGAGCCCAAGCGGTGGAGTTACAGTGAGCTGAGATCATGCCACTGTACTCTAGCCTGGGTGACAAAGCGAGAC","GGCCGGGCACGGTGGCTCACGCCTGTAATCCCAGCACTTTGGGAGGCTGAGGTGGGTGGATCTCTTGAGCTCAGGAGTTCAAGACCAGCCTGGCCAACATGGTGAAACCCTGTCTCTACCAAAAATATAAAACATTAGCTGGGAGTGGTGGCACGTGCTTCCAGTCCCAGCTTCTTAGGGGGGTCAGTCAGGATAATTGCTTGAACCCAGGAGGTGGAGGTTGCAGTGGGCTGAGATCATGCCACTGAACTCCAGCCTAGGTGACAGAGCAAGACT"
"chr1","10055326","10055608","JH378159","5476349","5476632","45","4578977","GGCCAGGCGCAGTGGCTCATGCCTGTAATCCCAGCACTTTGGGAGGCCAAGGTGGGCAGATCACTTGAGGTGAGGAGTTTGAGACCAGCCTGGTCAACATGGTGAAACCCTGTCTTTACTAAAAATACAAAAATTAGCCGGGTGTGGTAGCACGTGGGAGGCTGAGGCAGGAGAATCACTTGAAGCTGGGGATGGAGGTTGCAGTGAGCTGAGATTGCATCACTGCATTCCAGCCTGGATGACAGAGTAAGACTCTGTCTCAAAAAAACAAAACAAAACAAAA","GGCTGGGCACAGTGGCTCATGCCTGTAATCCCAGCACTTTGGGAGGCCGAAGCAGGCAAATCACTTGAGGCTGGGAGTTTGAGACCAGCCTGGCATACGTGGTGAAACCCCATCTCTACTAAAAATACAAAAATTAGGCGCCTGTAATCTCAGTGGCTTGGGAGGCTGAGGCAGGAGAATCGCTTGAACCTGGGAGTTGGAGGTTGCAGTGAGCTGAGACTGCACCACTGCACTGCAGCCTGGGCAACTGAGCAAGACTCTGTCTCAAAAAAAAAAAAAAAAAA"
"chr1","10069163","10069421","JH378206","3843876","3844134","44","6225287","GGGAGTCCGAGGCGGTGGAACATTTGAGGTCTGGAGTTCGAGACCAGCCTGGCCAACACGGCAAAACCCTGTCTCTACTAAAAATACAAAGATCAGCCAGGCATGGTGGCACACACCTGCAATCCCAGCTACTTGGGAGGCTGAGGCAGGAGAATCACTTGAACCTGGGAGGCGGAGGTTGCAGTGAGCCAATATCGCACCGCTGCACTCCAGCCTGGGCGATGAAGTGAGACTCCGTCTCAAAAAAATTAGAAAAAAA","TTTGGGAGGCCGAGGCAGGTGGATCACTTGAGGTTAGGAGACCAGCCTGGCCAACATAGTGAAATCCTGTCTTTACCAAAAATACAAAAATTAGCCAGGCATGGTGGCACACACCTGTAGTCCCAAATACTCGGGAGGCTGAGGCAGGAGAATCACTTGAACTTGGGAGGCGGAGGTTGCAGTGAGCCAAGATCACACCACTGCACTCCAGCCTGGGTGACAGAGCAAGACTCTGTCTTAAAAAAAAAAAAAAAAGAAA"
"chr1","10073082","10073363","JH378139","1856531","1856816","51","8216551","GGCTGGGTGTGGTTGCTCATGCCTGTAATCCCAACACTTTGGGAAGCCAAGGTGGGTGGATCAGTTGAGGTCAGGAGTTCGAGATCAGCCTAGCCAACATGGTGAAAGCCCGTCTCACAAAAAAAATACAAAAAGCCGGGCGTGGTGCTACCTGCCTGTAATTCCAACTACAAGAGAGTCTGAGGCATGAGAATTGCTTAAACCCGGGAGGTGGAGGTTGCAATGAGCCAAGATTGCGCCACTGCACTCCAACCTGGTGATGGCGTGAGACTCTGTCTCAAA","GACTGGGTGCGGTGGCTCATGCCTGTAATCCCAGCACTTTGGGAGGCTGAAGTGGGTAGATTATTTGAGGTCAGGAGTTCGAGATCAGCCTGGCCAACATGGTGAAAACCCATCTCTACTAAAAATACAAAAATTAGCCGGGCGTGGTGGTGCATGCCTGCAATCCCAGCTACTTGGGAGGCTGATGCAGGAGAATTGCTTGAACCCAGGAGATGGAGGTTGCAGTGAGCCGAGGTCGCACCACCGCACTCCAGTCTGAGCGACAGAGTGAGACTCTGTTTCAAAA"
"chr1","10078812","10079093","JH378257","303275","303558","44","9775537","GGTCGGGTGCGGTGGCTCACACCTGTAATCCCAGCACTTTGGGAGGCCAATGGAGGAGGATCACTTGAGGTCAGAAGTTGAAGACCAGCCTGGTCAACATGGTGAAACTCCGTCTCTACTAAAAATACAAAAAATTAGCCGGGCGTGGTGGCGCATGCCTGTAATCCCAGCTACTCAGGAGGCTGAGGCAGGAAAATCACTTGAGCCCGGGAGGCAGACTACGTCACTGCCCTCCAGCCTGGGCGACAGAGCGGGACTCCATCTCAAAAAATAATAATAAAA","GCTAGGTGTGGTGGCTCACACCTGTAATCCCAGCACTTTGGGAGGCCGAGGTAGGTGGATCACTTGAGGTCAGGAGTTCAAGACCAGCCTGGCCAACATGGTGAAACCCCATCTCTACTAAAAATACAAAAAATTAGCCGGGCATGGTGGTGAGTACCTGTAATCCCAGCTACTTGGGAGGCTGAGGCAGGAGAATCGCTTGAACTTGGGAGGCAGAGATCACACCACTGTACTCCAGTCTGGGTGACAGAGTGAAACTCTATCTGAAAAAAAAAAGAAAGAAA"
"chr1","10092706","10093008","JH378151","6150117","6150421","38","3942589","GGCTGGGCACGATGGCTCACGCCTGTAATCTCAGCACTTTGAGGGGCCGAGGAAGGCAGATCATTTGAGGTCAGGAGTTCGAGACCAGCGTGGCCAATGTGGTGAAACCCTGTTTCTAGTTAAAATACAAAAATTAGCTGGGCGTGGTGGCCCACTCCTATAATCCCAGCTACTTGGGAGGCTCAGGCAGGAGAATCGCATTAACTTGGGAGGCGGAGGTTGCAGTGAGCCAAGATCGCCCCACTGCCCTGCAGCCTGGGTGACAGAGCAAGACTCCGTCTCAAAAAAAAAAGAAAAAAAAAA","GACTGGGCATGGTGGCTCACGCCTGTAATCCCAACACTTTAGGCGGCTGAGGCAGGCAGATCATGTGAGGTCGGGAGTTCGAGACCAGCCTGGCCAACTTGGTGAAACCCCTGTCTCTACTAAAAATACAAAAAATTAGCCAGGCATGGTGGTGCACACCTGTAATCCCAGCTACTTGGGAGGCTGAGGCAGGAGAATTACTTGAACCTGGGAGGCTGAGGTTGCAGTGAGCCAAGATCGCCCCACTGCACTCCAGCCTGGGTGACAGAGAAAGACTCCATCTCAAAAAAAAAAAAAAAAAAAAA"
"chr1","10095348","10095630","JH378253","2354623","2354905","39","7740725","GGCCACGCACAGTGGCTCATACCTGTAATCCCAGTCCTTTGGGAGGCCAAGGCAGGAAGATCTCTTGAGGCCAGGAGTTTGAGACCAGCCTGGCCAACAGCTGAAACCCTGTCTCTACTAAAAATACAAAAATTAGCCAGGCATGGTGGCACACACCTGTAATCCCAGCTACTCAGGTGGCTGAGGCAGCAGAATCACTTGAACCTGGGAGGCGGAAATTGCAGTGAGTCATGATCGCACCACTGCACTCCAGCCTGGGCGACAGAGTGAAACTCTGTCTCAA","GGCCATTCGTAGTGAATCATGCCTGTAATCCCAGCACTTTGGGAGGCCAAGGCGGGCAGATCACTTGAGGCCAGGAGTTTAAGACCAGCCTGGCCAATATGATGAAACCCCATCTCTCCTAAAAATACAAAAATCAGCCAGGCATGGTGGCAAGCACCTGTAGTCCCAGCTACTTGGGAGGCTGAGGCAGGAGAATCACTTGAACATGGGAGGTGGAAGTTGCAGTGAGCCAGCATTGCACCACTGCACTCCAGCCTGGGCGACAGAGTCAGACTCCATCTCA"
"chr1","10096319","10096605","JH378107","57287252","57287540","43","47190933","GGCTGGGCGTGGTGGCTCACGCCTGTAATCCCAGCACTTTGGGAAACAGAGACATGGATCACTTGAGGCCAGGAGTTCAAGACCAACCTGTCCAACATCGTGAAACCCCGTCTCTAATGAAAATACAAAAATTAGCTGGGTGTGGTGTTGCATGCCTGTAGTCCCAGCTACTTGGGAGGCTAAGGCAGGAGAATCACTTGAACCTGGGAGGTGTAGGCTACAGTGAACTGAGATCACACCACTGCCCTCCAGCCTGGGTGACAGAGTAAGACTCTGCATCAAAAAAA","GGCTGCATGTGGTGGCTCACGCCTGTAATCCCAGCACTTTGGGAGACCAAGGTGGGTGGATCACTTGAGGTCAGGATTTCAAGACCAGCCTGGTCAACATGGTGAAAGCCCGTCTCTACTAAAAACACAAAAATTAGCTGGATGTGGTGGCATGTGCCTGCAGTCCCAGCTACTTGGGAGGCTGAGGCAGGAGAATCACTTGAACTCAGGAGGCAGAGGTTGCAGTGAGCTGAGATCACACCACTGCACTCCAGCCTGGGTGACAGAGCAAGACTCCGTCTCAAGAAAA"
"chr1","10097041","10097344","JH378105","54530604","54530910","46","44433563","GGCCAGGAGCAGTGGCTTACGCCTGTAATCCCATCACTTTGGGTGGCCGACGCAGGTGTTCACTTGAGGTCAGGAGTTCGAGACCAGCCTGGCCAACATGTTGAAACCCTGTATCTACTAAAAATACAAAAATTAGCGGGGCATGGTGGCATGTACCTGTAGTCCCAGCTACTTTGGAGGCCGAGGCAGGAGAGTCGCTTGAACTTGGGAGGTGGAGGTTGCTGTGACCTGAGATTGCACCGCTGCACTCCAGCTTGGGCAACAGAGTGAGACTTTGTCTCAAAAAAAGTAATAAATAAATAAA","GGCCAGGCGCAGTGGCTCACGCCTGTAATCCCAGCATTATGGGAGGCCGAGGTAGGTGGATCACTTGAGGTCAGAAGTTCGAGACCAGCTTGGTCAACATGGTGAAACCCTGTCTGTACTAAAAATACAAAAATTAGCCGGGCATGGTGACGTGGGCCTATAGTCCCAGCTACTAGGGAGGCTGAGGCAGGAGAATCGCTTGAACTCAGGAGGTGGAGGCTGCAGTGAGCTGAGATGGTGCCACTGCACTCCAGCCTGCGTGACAGAGTAAGACTCGGTCTCAAAAATAAATAAATAAATAAATGAA"
"chr1","10097392","10097664","JH378118","16901832","16902106","42","6804440","ACGCCTGTAATCCCAGCACTTTGCGAGGCTGAGGCAGGTGGATCACTTGAGGTCAGGAGTTTTAGGCCAGCCTGGCCAATATGGTGAAACCCCATCTCAACTAAAAATTCAAAAATTAGCCATGCGTGGTGGCCCATGTCTGTAATCCCAGCTACTCGGGAGGCTGAGGCAGGAGAATTGCTTGAACCCAAGAGGCGGAGGTTGCAGTGAGCCGAGATTGTGCCACGGCATTCCAGTATGGGAGACAGAGTGAGACTCCGTCTCCAAAAAAAA","ATGCCTGTAAATCCCAGCACTTTGGGAGGCCGAGGTGGGCGGATCACTTGAGGTCAGAGTTTGAGACCAGCCTGGCCAACATGGTAAAATCCCGTTTCCACTAAAAACACAAAAATTAGCCAGGTGTGGTGGTGCAAGCCTGTAATCCTAGCTACTTGGGAGGCTGAGGCAGGAGAATTGCTTGAATCTGGGAAGTGGAGGTTGCAGTGAGCTGAGATTGTGTCACTGCATTCCAGCCTGGGTGACAGAGTGAGACTCTATCTCCAAAAAGAAAA"
"chr1","10098469","10098766","JH378111","43268192","43268483","42","33169723","GCTGGGCACAGTGGCTCACACCTGTAATCCCAGCACTTTTGGGAGGCCGAAGCAGACAGATCACTTGAGGTCAGGAGTTCGAGACAAGCCTAGCCAACATGGTAAAACCCTGTCTCCCCTAAAAATACAAAAAAAATTAGCCGGGCATGGTGGTACGTGCCTGTAATCCCAGTTATTTGGGAGGCTGAGGCAGGAGAATTGCTTGAACCTGGGAGGCAGGGGTTGCAGTGAGCCAAGATTGCACCACTGCACTACAGCCTGGGTGACAGAGCAAGACTCTGTACTAAAAAAAAAAAAA","GCCAGGCATGGTGGCTCACTCCTGTAATCCCAGCACTTTGGGAGGCTGAGGCGGGTAGATCACTTAAGGTCAGGAGTTCAAGACCAGCCTGACCAACATAGTAAAACCCTGTCTCTACTAAAAATACAAAAATTATCTGGGTATGGTGGCATATGCCTGTAATCCCAGCTACTTGGGAGGCTGAGGCAGGAGAATCGCTTGAACCTGGGAGGCAGAGGTTGCAGTAAGCCAAGATTGAACCACTGCACTCCAGCCTGGGTGACAGAGTGAGACTCCATCTCAAAAAAAAAAA"
"chr1","10111107","10111413","JH378127","5659021","5659323","38","4452086","GGCCAGGCGCGGTGGCTCACACCTGTAATCCCAGCACTTTGAAAGGCCGAGGTGGGCGGATCACTTGAGGTCAGGAGTTCAAGACAAGCCTGGCCAACATGGCGAAACCTCTTCTTTACTAAAAATACAAAAATTAGCTAGGCATGATGGCATGTGCCTATAATCCCAGCTACTAGAGAGGCTGAGGCAGGAGAATCACTTGAATCCAGGAGGCAGAGGTTGCAGTGAGCCAAGATCACACCACTGCACTCCAGCCTGGGCAACACAGCAAGACTCTGTCTCACAAAAAAAAAAAAAAGAAAGAAAA","GGCCAGGCACAGTGGCCCAGGCCTGTAATCCCAGCACTTTGGAAGGCCAAAGCGGGTGGATCACTTGATGTCAGGAGTTCGAGACCAGCCTGGCCAACATGGTGAAACTCTGTCTGTACTAAAAATACAAAAATTATCCAGGCGTGGTGATATGTGCCTATAATCCTAGCTACTCAGGAGGCTGAGGCAGGAGAATCACTTGAGTCCAGGAGGTAGAGGTTGCAGTGAGCCAAGATTGTGCCACTGCACTCCAGCCTGGGCAACAGAGCAAGACTGTCTCAAAAAAAAAAAAAAAAAAAAAAA"
"chr1","10114008","10114298","JH378141","14454762","14455052","39","4340754","GGCCAGGTGCTGTGGCTCACACCTGTAATCCCAGCACTTTGTGAGGCTGAGGCAGATGGATCATTTGAGGTCAGGAGTTTGAGACTATCCCGGCCAACATGGTAAAACACTGTCTCTACTAAAAATACAAAAATTAGCTGTACATGGTGGTGAGCGCCTGTAGTCCCAGCTACTTGGGAGGCTGAGGCACAAGAATTGCTTGAACCCAGAAGGCGGAGTTTGCACTGAGCAGAGATCACACCACTGCTCTCCAACCTGGATGACAGAGCGAGACTCCATCTCAAAAAAAAA","GCCAGGCATGGTGGCTCACCCCTGTAATCCCAGCACTTTGGGAGGCTGAGGCAGGTGGATCACTTGAGGTCAGGAGTTTGAGACCAGCCTGGCCAACATGGTGAAACCCCGTCTCTACTAAAAATACAAAAATTAGCCGGGCATGGTGGTGCGTGCCTCTAGTCCTAGCTACTTGGGAGGCTGAGGCAGGAGAATCGCTTGAACCTGGAAGGCAGAGGTTGCAGTGAGCTCAGATCGCACCACTGCACTCCAACCTGGCCACAGAGCGAGACTCCATCTCAAAAAAATAAA"
"chr1","10114619","10114714","JH378148","17166877","17166973","9","7052258","GGCTGGGCACGGTGGCTCATGCCTGTAATCCCAGCACTTTTGGGAGGCCAAGGCGGGCAGATCACTTGAGGTCAGGAGTTCGAGACCAGCCTGGCC","GGCCGGGCACAGTGGCTCATGCCTGTAATCCCAGCACTTTGGGAGGCCGAGGCAGGCAGATCACTTGAGGCCAGGAGTTCAAGACCAGCCTGGCCAA"
"chr1","10114725","10114998","JH378151","9077199","9077465","39","1037526","GGCCAAGCACGGTGGCTCATGCCTGTAATCCCAGCACTTTGGGAGGCTAAGGTAGGTGGATCACTTGAGGTATAGGAGTTGGAGACCAGCCTGACCAACATGGTGAAACCCTATCTCAACTAAAAATACAAAAAATTAGCCAGGCATGGTGGCGTGTGCCTGTAATCCCAGCTACTTGGGAGGCTGAGGCAGGAGAATCTCTTAAATCCCGGGAGGCAGAGGCTGCTGTGAGCTGAGATCACACCACTGCACTCCAGCCTGGGCAAGAGAGCGA","GGCCAGGCACGGTGGCTCATGCCTGTAATCCCAGCACTTTGGGAGGCCGAGGTGGGCGGATCACTTGAGGTCAGGAGTTCGAGACCAGCCTGGTCAACATGGTGAAACCCCATCTCTACTAAACATCGAAAAATTAGCCAGGCTTGGTGGTGTGTGTCTATAATCCCAGCTACGTAGGAGGCTGAGACAGGAGAATCGCTTGAGCCCAGGAGGCGGAGGTTGCAGTGAGCTGAGATCGCACCACTGCACTCCAGCCTGAGTGACAAA"
"chr1","10141533","10141799","JH378154","11102614","11102873","50","961081","ATCGCAGCACTTTGGGAGGCTGAGGTGGGTGGATCACTTGAAGTCAGGAGTTTGAGACCCGCCTGGCCAACATGGTGAAACCCTTTTCTACCAAAAAATACAAAAATTAGCCAGGCATGGTAACGCACCCCTGTAGTCGCCACTACTCAGGAGGCTGAGGTACGAGAATTATTTGAACCCAGGAGGTAGAGGTTGCAATGAGCTGAGATCGTGCCACTGCACTCCAGGGCAACAGAGTGAGAGACCCTGTCTCAAAAAAGCAAAAAA","CCCAGCACTTTGGAATGCCGAGGTAGCGAGATCACTTGAGGCCAGGAGTTCAAGACCAGCCTGGCCAACATGGAGAAACCTTGTCTCTACCAAAAATACAAAAATTAGCCAGGCTTGGTAGCACACACCTGTAGTCCCAGCTACTCGGGAGGCTGAGGCAGGAGAATCGCTTGAACCCAGGAGGTGGAGGTTGCAGTGCACCAAGATCATGCCAATGCACTCTGGCAACAGAGTGAGACTCTGTTTAAAAAAAAAAAAAA"
"chr1","10144855","10145162","JH378148","1606698","1607008","44","8538157","GCCAGGCATGGTGGCTCACACCTGTAATCCCAGCACTTTGAGAGGCCGAGGCAGGCAGATCACTTGAGGTCAGGAGTTCGAGACCAGCCTGGCCAACATGGTGAAACCCTGTCTCTACTAAAAATACAAAAATTAACTGGGTGTGGTGGCACACGACTGAAAGCTCTGCCATTTGGGAGACTGAGGCAGGAGAATTGCTTGAACCTGGCAGGCAGAAGTTGCAGGGAGCCAAAATCGCGCCACTGCACTTCAGCCTGGGCACCAGAGCAAGACTCTGTCTCAAAATAAATAAATAAGAAACATAAAAA","GCTAGGCACGGTGGTTCACACCTGTAATCCTAGCACTTTGGGAGGTCGAGACAGGCAGATCACTTGAGGCCAGGAGTTCGAGACCAGCCTGGCCAACATGGTGAAAACCCATCTCTATTAAAAATACAAAAAATTAGCCGGGCATGGTGGCACATGCCTGTAATCCCAGCTACTCAGGAGGCTGAGGCAGGAGAATTGCTTGAACCTGGGTGGCAAAAGTTGCAGTGAGCCAAGATGGTGCCACTGCACTTCAGCCTGGGAAACAGAATGAGACTCTGTCTCAAAAATAAATAAATAAAATAAAATAAAAA"
"chr1","10155816","10156121","JH378105","55574476","55574778","37","45418660","GGCAGGGCGTGGTGGCTCACGCCTGTAATCCCAGCACTTTGGGAGGCGGAGGCGGGCGGATCACTTGAGGTCAGGAGTTCAAGACCAGCCTGGCCAACATGGTGAAACCCCATCTCTATTAAAAATACAAAACATTAACTGGGTGTGGTGGCGCACGTCTGTTATCCTAGCTACTTGGGAAGCTGAGGCAGGAGAATCACTTGAACCCGGGAGGCAGAATTTGCAGTGAGCCGAGATTGTGCCAGTGCTCTCCAGCCTGGGTGACAGAGCGAGACTCCGTCTCAAAAAAAAAAAAGGAAAAGAAAA","GGCCGGGCACAGTGGCTCACGCCTGTAATCCCAGCATTTTGGGAGGCCAAGGTGGGCAGATAACTTGAGGTCAGGAGTTCGAGACCAGCCTGGCCAACATGGTGAAACCCCATCTCTACTAAAAATACAAAAATTATCTGGGTGTGATGGCACACACCTGTGATCCCAAATACTTGGGAGGCTGAGGCAGGAGAATCGCTTGAACCTGGGAGGTAGAGGTTGCAGTGAGCTGAGATTGTGCCATAGCACTCCAGCCTGGGTGACAGAGCAAGACTCCGTCTCAAAAAAAAGAAAGGAAGGAAA"
"chr1","10163595","10163730","JH378213","4209495","4209630","15","5954100","GGCTGAGCACGGTGGCTTACACTTGTAATCCCAGCCCTTTGGGAGGCCTAGGTGGGCAGATCAGTTGAGGTCAGGAGTTTGAGACCAGCCTGATCAACATAGTGAAACCCCATCTCTACTAAAAATACAAAAATTA","GGCTGGGCATGGTGGCTCATGCCTGTAATCCCAGCACTTTGGGAGGCCTAGGTGGGCGGATCACTTGAGGTCAGGAGTTCGAGACCAGCCTGGCCAACATAGAGAAACCCTGTCTCTACTAAAAATACAAAAATTA"
"chr1","10174797","10175053","JH378125","19456698","19456951","46","9281901","GGCCGAGCACAGTGGCTCACGCCTGTAATCCCACCACTTTGGGAGGCCAAGGTGGGCAGATCACTTGAGGTCAGGAGATCGAGACCAGCCTGGCCAACATGGCAAAACCCTGTCTCTACTAAAAATACAAAAAAATTAGCCAGCCGTGGTGGCGCACACTTGAAATCCCAGCTACTCAGGAGGTGGAGGCTTCAGTGAGCCGAGAACGTGCCTCTGCACTCCAGCCTGGGTGACAAAGCGAGACTCCGTCTCAAAAA","GGCCAAGCGTGGTGGCTCACGCCTGTAATCCCAACACTTTGAGAAGCCAAAGCGGACAGATCACTTGAGGTCAAGAGTTCAAGACCAGCCTGGCCAACATGGTGAAACCTGTCTCTACTAAAAATACAAAAATTAGCCGGGCGTGGTGATGCACACCTGTAATCCCAGCTACTGGGGAGGCTGAGGCAGTGAGCTGAGATAGCGCCACTGCTTTCCAGCCTGGGCAACAGAGCAAGACTCCATCTCAAAAAAAA"
"chr1","10188667","10188963","JH378139","8066225","8066520","38","2122442","GGCCAGGCGAGGTGGCTCACGCCTGTAATCCCAGCACTTTGGGAGGCCAAGGTGAGGGGATCACTTGAGGTCAGGAGTCTGAGACCAGCCTGGCCAACATGGTGAATCCCTGTCTCTACTAAAAATACAAAAATTAGTCAGGCGTGATGGCACATGCCTGTAATCCCAGCTCCTCAGGAGGCTGAAGCAAGAGAATCACTTGAACCTTGGAGGCGGAGGTTGCAGTGAGCCGAAATCGTGCCACTGCACTCCAGCCTGGGCAATAGAGAGAGACTCTGTCTCAGAAAAAAGAAAAAA","GGCCAGGCGTGGTGGCTCACACCTGTAATCCCAGCACTTTGAGAGGCTGAACCAGGTGGATCACTTGAAGCCAGGAGTTTGAGACCAGCCTGGCCAACATGGTGAAGCCCAGTCTCTATTAAAAATACAAAAATTAGCCATGCGTGGTGGCACACGCCTGCAATCCCAGCTACTCAGGAAGCTGAGGCAGGAGAATCTCTTGAACCCAGGAGACGGAGGGTGCAGTGAGCCCAGATCATGCCACTGCACTCCAGCCTGGGCAACAGAGTGAGACCCTGTCTCAAAAAAAAAAAAAA"
"chr1","10194842","10195120","JH378279","1666661","1666937","38","8528181","CACCTGTAATCCCAGCACTTTGGGAGGCCCAGGTGGGTGAATCACTTGAGGTAAGGAGTTTGAGACCAGCCTAGCCAACATGGTGAAACCCAGTCTCTACTAAAAATACAAAAAATTAGCCAGATGTGGTGGCGCATGCCTGTAATCCCAGCTACTCGGGAGGCTGAGGCAGGAGAATGGCGTGAACCCAGGAGGCGGAGCTTGCAGTGAGCCGAGATCTCGCCACTGCAGTCCAGCCTGGGTGACAGAGCGAGACTCCGTCTCAAAAAAAAAAAAAAA","CCTGTAATCCCAGCACTTTGGGAGGCTAAGGCGGGGGGATCACTTGAGGTCAGAGTTCAAGACCAGCCTGACCAACATGGTGAAACCCCGTCTCTACTAAAAATACAAAAATTAGCCAGGTGTGGTGGTGCATGCCTGTAATCCCAGCTACTTGGGAGGCGGAGGCAGGAGAATTGCTTGAACCCGGAGGGTAGAGGTTGCAGTGAGCCAAGATCGCACCGCTGCACTCCAGCCTGAGTGACAGAACAAGACTCTGTCTCAAACAACAACAAAAAAA"
"chr1","10196219","10196539","JH378135","16449037","16449347","56","6252818","CCAGGCGCGGTGGCTCACAACAGTAATCCCAACACTTTGGGAGGCCGAGGTGGGTGGATCACTTGAGGTCAGGAGTTCGAGACCAGCCTGACCAACATGGCAAAACCCCATCTCTACTAAAAAATACAAAAATTAGCCAGGCGTGGTGGGCACGCCTGTAATACCAGCTACTTGGGAACCTGAGGCAGGAGAATCACTTGAACCCGGGAGGTGGACGAGGCGGCAGTTGCAGTGAGCTGAGATCCTACCACTGAACTCCAGCCTGGGAGATAGAGTGAGACTCTGTGTCAACAAAAAATAAAATAAAATTTAAAACAAAAA","GGCTGGGCGCAGTGGCTCACACCTGTAATCCCAGCACTTTGGGAGGCCGAGGTGGGTAGATCACTTGAGGTCAGGAGTTCAAGACCAGCCTGACCAACATGGTGAAACCTTGTCTCTACTAAAAATACAAAAATTAGCCGGGCCGGGTGGCGCATGTCTGTAATCCTAGCTACACGGGAGGCTGAGGCAGGAGAATCGCTTGAACCCGGGAGGCGGAAGTTGCAGTGAGCTGAGATCGTGCCACTGCACTCCAGCCTGGGCAACAGAGAGAGACTCTGCCTAAAAAAAAAAAACAAAAACAAAAAAAAAAA"
"chr1","10205955","10206249","JH378114","4775468","4775765","36","5430487","GGCTGGGCATCGTGGCTCACGCGTATAATCCCAACACTTTGGGAGGCCAAGGCGGGTGGATCACTTGAGGTCAGGAGTTCAAGACCAGCCTGGCCAACATGATGAAACGCTGTCTCTACTAAAAATACAAAAATTAGCTGGGTGTGATGGCACATGACTGTAATCCCAGCTACTCGGGAGGCTGAGGCAGGAGAATCACTTGAACCCGGGAGATGAAGGTTGTAGTGAGCCAAGGTCACACCACTGCACTCTAGCCTGGATGACAGAGCGAGACTCTGTCTCAAAAAAAAAAAAA","GGCTGGGTTCAGTGGCTCACACCTATAATCCCAGAACTTTGGAAGGCCATGGCGGGTAGATTGCTTGAGGTCAGGAGTTTGAGACCAGCCTGGCCAACAAGGTGAAACCCCGTTTCTACTAAAAATATAAAAATTAGCTGGGTGTGGTGGTACATGCCTGTAATCCCAGCTACTCAGGAGGCTGAGGCAGGAGAATCACTTGAACCCCCGGAGATGAAGGTTGTAGTGAGCCAAGGTTGCACCATTGCACTCCAGCCTGGGTGACAGAGTGAGACTCCGTCCCAAAAAAAAAAAAAAA"
"chr1","10208585","10208880","JH378122","8372983","8373280","42","1835602","GGCCGGGCGCGATAGCTGATGCCTGTAATCCCAGCCCTTTGGGAGGCCGAGGCGGACAGATCATTTGAGGTCAGGAGTTCGAGACCAGCCTGGCCAACATGGTGACATGTCATCTCTGCTAAAAATACAAAAATTAGCTGGGTGTGGTGGCACATGCCTGTAATCCCAGCTACTCAGAAGGCTGAGGCAGGAGAATTGCTTGAACCTCGGAGGTGGAGGTTGCAGTGAGCCAAGATCGCACCATTACACTCCAGCCTCAGTGACAGAGCGAGACTCCATGTCAAAAAAAAAAAAAA","GGCCGGGCACGATGGCTTATGCCTGTAATCCCAGCACTTTGAGAGGCCAAGGCTGGCAGATCGCTTGAGGTCAGGAGTTCAAGACCAGCCTGGCCAACATGGTGAAACCCCATCTCTAGTAAAAATACAAAAATTAGCCAGGCATGGTGGCACATATGTAATCCCAGCTACTCAGGAGACTGAGGCAGGAGAATTGCTTGAACCCGGGAGGGAGAGGTTGCAGTGAGCCAAGATCACACCACTGCACTCTAGCCTCGGTGACAGAGGGAGACTCCGTCTCAAAAAAACAACAAAAAAA"
"chr1","10216727","10217035","JH378118","10693452","10693756","36","476725","GGCCGCGTGCGGTGGCTCACGCCTGTAATCCCAGCACTTTGGGAGGCCGAGATGGGTGGATCACTTGAGGTCAGGAGATCAAGACCAGCCTAGCCAACATGGTGAAACCCCGTCTCTATTAAAAATACAAAAATTAACCAGGCGTGGTGGCACGCACCTGTAATCCCAGCTATTCAAGAGGCTGAGGCAGGAGAATCACTTGAACCCAGGAGGTGGAGGTTGCAGTGAGCTGAGATCGCACCACTGCACTCCAGCCTGGGTCACAGAGTGAGACTCCATCTACAAAAAAAAAAGAAGAAGAAAAAACAA","GGCCGGGCGCGGTGGCTCACGCCTGTAATCCCAGCACTTTGGGAGGCCGAGGCAGGCGGATCATTTGAGCTCAGGAGTTCAAGACCAGCCTGGCCAACATGGGGAAACCCCGTCTCTGCTAAAAATACAAAAATTAGCCAGGCGTGGTGGCACAAGCCTGTAATCCCAGCTATTTGGGAGGCTGAGACAGGAGAATCGCTTGAACCCGGGAGGTGGAGGTTGCAGTGAGCCGAGATCGCGCCACTACACTCCAGCCTGGGTGACAGAGAGAGACGCTGTCTCAAAAAAAAAAAAAAAAAAAAAAA"
"chr1","10219039","10219260","JH378293","1320467","1320687","25","8898572","GGCCAGGCATGGTGGCTCATGCCTGTAATCCCAGCACTTTGGGAAGTCAAGTTGGGCAGATCACTTGAGGTCAGGAGTTCGAGACCAGCCTGGCCAACATGGTAAAACCCCATCTTTACTAAAAATACAAAAATTAGCCAGGCATGGTGGTATGCGCCTGTGATCCCCGCTACTAGGGAGGCTGAGGCAGGAGAATTGCTTGAACCCAGGAGGTGGAGGCTG","GGCCAGGCGAGGTGGCTCATGCCTGTAATCCCAGCATTTTGGGAGGCCGAGGTGGGCAGATCACTTGAGGTCAGGAGCTCGAGACCAGCCTGGGCAACATGGTGAAACCCTGTCTTTACAAAAATACAAAAATTAGCTGGGCGTGGTGGTGCTCACCTGTAATCCCAGCTACTTGGGAGGCTGAGGCAGAAGAATTGCTTGAACCCAGGAGGTGGAGGTTG"
"chr1","10222840","10223138","JH378121","27451419","27451720","55","17228579","GGCTGGGTGCAGCAGCTCATGCCCATAATCCCAGCACTCTGGGAGGCCAAGGCAGGTGGACTGCTTGAGCTCAGGAGTGGGAGACCAGCCTGGGCAACATGGTGAGACCCCACCTCTACTAAAACTACAAAAATTTGCTGGGCATAGTGCTGTGCACCTGTGGTCCCAACTACTAGGGAGGCTGAGGTGGGAGGATCACTTGAGCCCAGGAGGCGGAAGTTGCAGTGAGCTGAGATGGTGCCACTGTACTCCAGCCTGGGTAACAAGAGTGAGATCCTGTTTCAAAAAATAAAATAAAA","GGCCGGGTGTGGTGGCTCATGCCTGTAATCCTAGCATTTTGGGAGGCCAAGGCAAGTGGATGACTTGAGGTCAGGAGTTCGAGACAAGCCCAGGCAACGTGGGGAAACCCCATCTCTTCTAAAAATACAAAAATTAGCCAGGTGTGGTGACTTACACCTGTAGTCCCAGCTACTCGGGAGACTGAAGTGGGAGGATCACTTGAGCCTAGGAGGCACAGGTTGCAGTGAGCTGAGATCGTGCCACTGCACTCCAGCCTGGGTGACAGAGGGAGAGACCCTGTCTCAAAAAAAAAAAAAGAAAA"
"chr1","10225995","10226303","JH378111","19551489","19551796","62","9325494","GGCCAGGTGTGATGACTCATACCTGTAATCTCAGCACTTTGGGAGCCTGAGATGCGCAGATTGCTTGAGCTCAGGAGTTCGAGACCAGCCTGGGCAACATGGCAAAACCCTGTCTCTACCAAAAATACAAAAAATTAGCTGAGCATGGTGGTGCGCTCCTGTGGTTGCAGCTACTCCAGAGCCTGAGGTGGGAAGATTTCTTGAGCCTGGGAGGTGGAGGTTGCAGTGAGGGAAGCTTGTGTCGCTGCACTCCAGCCTGGGTGAGACAGTGAGACCCCATCCAAAAACAACAACAACAACAACAAAAAA","GGCCAGGTGTGGTGGCTCATGGCTATAATCTCAGCACTTTGGGAGGCTGAGGTGACTGGATCACTTGAGGTCAGGAGTTCGAGACCAGCCTGGCCAACATGGCAAAACCCTGTCTCTATCAAGAATACATAAAATTAGCCAGGCATGGTGGCATGTGCCTGTAGTCCCAGTTACTAGGGAGGCTGAGGTGGGAAAATTGCTTGAACACAGGAGGTGGAGATTGCAATGAGCTAAGATTGTGCCACTGCACTCCAGCCTGGGTGACAGAGCAAGACTCCGTCTCAAAACATAAATAAATACAAATAAAA"
"chr1","10227494","10227788","JH378204","7978351","7978644","38","2249143","GGCCAGGTATGGTGGCTCATGGCTTTAATCCTAGCACTTTGGGAGGACAAGACAGGCAGATTACTTGAGGTCAGGAGTTTGAGACCAGACTGGCCAACATGGTGAAACCCCACCTCTACTAAACATACAAAATTAGCCAGGTATGGTGGCACCCACCTGTAGTCCCAGCTACTTGGGAGGGTGAGGCAGGAGAATTCACTTGAACCTGGGAGGCAGAGGTTGCAGTGAGCTCAGATCGCACCACTGCACTCCAGCCTGGGCAACAAAGTGAGACTCCGCCTCATAAATAAATAAA","GGCCAGGCATGATGGCTTATGCCTGTAATCCCAACACTTTGGAAGGCCAAGGCAGGCAGATCACTTGAGGTCAGGAGTTTGAGACCAGACTGACCAACATGGTGAAACCCCGTCTCTACTAAAAATACAAAAATTAGTCAGGCATGGTGGCACATGCCTGTAATCCCAGCTACTCGGGAGGCTGAGGCAGGAGAATCACTTGAACCTGGGAGGCAGAGGTTGCAGTGAGCTGAGATCACGCCATTGCACTCTAGCCTGGGCAACAGAGTAAGATCCTGTCTCAAAAAAAAAAAA"
"chr1","10230408","10230697","JH378108","50685837","50686123","41","40455429","GGCCAGGTGTGGTGGCTCACGCCTGTAATCCCTGCACTTTGGGAGGCCGAGGCAGGTGAATCACTTGAGCTCAGGAGTTCGAGACCAGACTGGCCAACATGGTGAAACCCCGTCTCTACTAAAAATACAAAAAAATTAGCTGGGCCTGGTGGCACATGCCTGTGATCCTAGCTACTCAGGAGGCTGAGGTGGGAAGAACGCTTAAACCTGGGAGGCAGAGGTTGCAGTGAGCCAAGTTCGTGCCACTGCACTCCAGCCTGGGTGACAGAACAAGACTGCGTCTCAAAAAA","GGTTGGGCATCGTGGCTCACACCTGTAATCCCATCACTTTGGGAGGCCAAGGCAGGCGGATCACTTGAGGTCAGGAATTCGAGGCTGGCCTGGCCAACATTGTGAAACCCCGTCTCTACTAAAAATACAAAAATTAGCTGGGTGTGGTGGCACACGCCTGTTGTCCCAGCTACTCAGGAGGCTGAGGAGGAAGAATCGCTTGAACCCAGGAGGCAGAGGTTGCAGTGAGCCAAGATTGTGCCACTGCACTCCAGCCTGGTAACAGAGCAAGACTCCATCTCAACAAA"
"chr1","10239228","10239465","JH378308","870384","870623","39","9368844","GGCTGAGGGGGTTGATCACTTGAGGTCAGGAGTTTGCGACCAGCCTGGCCAAGATGGTGAAACCCCATCTCTACAAAAATACAAAAGTTAGCGAGGCATGGTGGCACGCACCTGTAATCCCAGCTACTTGGGAGGCTGAGGTGGGAGAATTGCTTGAACCTGGGAGGCGGAGGTTGCAGTGAGCCGAGATTGCACCACTGCACTCCAGCCTGGGCAACAGAGCAAGATTCCATCTCAA","CTGAGGAGGGCAGATCACTTGAGGTCAGGGGTTTGAGACCAGCCTGGCCAACATGGTAAAAATGCTGTCTATACTAAAAATACAAAGATTAGCTGGGCGTGGTGGCACACACCTGTAATTCCAGCTACTTGGGAGGCTGAGGCAGGAGAATTGCTTGAACCCAGGAGCTGGAGGTTGCAGTGAGCCCAGATCGCAACACTGCCCTCCAGCCTGGGTGACAGAGTGAGACTCCATCTCAAA"
"chr1","10242106","10242407","JH378164","5362251","5362554","46","4879855","GCTGGGCGCGGTAGCTCACACTTGTAATCCCAGCACTTTGGGAGGCCAAGGCAGGTGTATCACTTGAGGTCAGGAATTCGAGACTAGCCTGGCGAACATGGTGAAACCCCATCTCTACCAAAACACAAAAATTAGCCAGAAATAGTGGTGTGTGCCTATAATCCCAGCTACTGGGGAGGTTGAGGCAGGAGAATCACTTGAACCCGGGAGGCAGAGGTTGCACTGAGCTGATATTAATGCACTGCACTCCAGCCTGGGTGACAGAGTAAGACTTCATCTCAAGAAAAAAAGAGAAATGAAAA","GGCCGGGCGTGGTGGCTTACAGTCTGTAATCCCAGCACTTTGGGAGGTCAGCACAAGTGGATCACTTGAGGTCAGGAGTTCAAGACCGGCATGGCCAACATGGTGAAACCCCGTCTCTACTAAAAATACAAAAATTAGCCAGACATAGTGGAGAGTGCCTGTAATCCCAATTACTTGGGAGGCTGAGGCAGGAGAATCACTTGAACCCAGGAGGCGGAGGTTGCAGTGAGCTGAGATTGCACCACTGCACTCCAGCCTGGGTGACAGAGCAAGACTCCATCTCAAAAACAAAAGAAATAAAAAA"
"chr1","10243867","10244157","JH378111","43268192","43268483","39","33024325","GCCAGGCACAGTGGCTCACACCTGTAATCCCAGCACTTTGGGAGGCAAACACAGGTGGATCACTTAAGGTCAGAAGCTCGAGACCAGCCTTGCCAACATGGTCAAATCCTGTCTCTACTAAAAATACAAAAATTAGCTGGGCATAGTGCCACGCGCCTGTAATCCCAGCTACTCAGGAGGCTGAGGCGGAAGAATCGCTTGAACCTCGGAGGCGGAGGTTGCAGTGAGCCAAGATGGCACCACTGTACTCCAGCCTGGGCGACAGAGTGAGACTCCGTCTCAGAAGAAAAA","GCCAGGCATGGTGGCTCACTCCTGTAATCCCAGCACTTTGGGAGGCTGAGGCGGGTAGATCACTTAAGGTCAGGAGTTCAAGACCAGCCTGACCAACATAGTAAAACCCTGTCTCTACTAAAAATACAAAAATTATCTGGGTATGGTGGCATATGCCTGTAATCCCAGCTACTTGGGAGGCTGAGGCAGGAGAATCGCTTGAACCTGGGAGGCAGAGGTTGCAGTAAGCCAAGATTGAACCACTGCACTCCAGCCTGGGTGACAGAGTGAGACTCCATCTCAAAAAAAAAAA"
"chr1","10244635","10244923","JH378119","11553220","11553504","43","1308585","GGCTGGGCACAGTGGCTCATGCCTGTAATCCCATCACTATGGGAGGCCAAGGCGGGCAGATCACTTGAGGATAGGAATTCGAGACCAGCCTGGCCAACACAGCGAAACCCCATCTCTACTAAAAATTAAAAAATTCAGCCGGGTGTGGTGGCACCCGCCTGTAATCCCAGATACTCAGGAGGCTGAAGCAGGAAAACTGCTTGAACCCAGGAGGTGTAGGTTGCAGTGAGCTGAGATCACGCCACTGCACTCCAGCCTAGGCAACAGAGCGAGACTCAGTCTAAAAAAA","GGCCGGGCACGTAGTGGCTCACGCCTGTAATCCCAGCACTTTGAGGCCAAGGTGGGCAGATCACTTGAGGTCAAGACTTCGAGACCAGCCTGGCCAACATGGCGAAACCTCATTTCTACTAAAAATACAAAATTAGCCAGGTGTGGTGGCACGTGCCTGTGATCCCAGCTACTCAGGAGGCTGAGGCAGGAGAATCGCTTGAACCTGGGAGGCAGAGGTTGCAGTGACCCGAGATCGTGCCACTGCACTCCAGCCTGGGCAACAGAGAGACTCATTCTCAAAAAA"
"chr1","10253782","10254102","JH378148","13262362","13262662","52","3008580","GCCGGGCGCGGTGGCTCACGCCTGTAATCCCAGCACTTTGGGAGGCCAAGGAGGGCGGATCACTTGAGATCACTCGAACTACGAGTTCGAGACCAGTCTGGCCAACATAGTGAAATCCTGTCTCTACCAAAAATACAAAAAGGAGCCAGGCGTGGTGGCACATGCCTGTAGTCTCAGCTACTCAGGAGGCTAAGGCAGGAGAAATCGCCTGTACCTGGGAGGTGGAGGTTAGAGTGAGCCAAGATCACACCACTGCACTTCAGCCTGGGTGACAGAGTGAGGCTCTGTCTTAATAAAAAAAAAAGAAAGAAAGAAAAAGAA","GCTGCGTGTGGTGGCTCACGCCTGTAATCCCAGCACTTTGGGAGACCAAGGTGGGTGGATCACTTGAGGTCAGGAGTTCAAGACCAGCCTGGCCAACATGGTGAAACCCTGTCTCTACTAAAAATATAAAAATTAGCCAGGCACGGTGGCACATGCCTGTAATCTCAGCTACTCAGGAGGCTAGGCAGGAGAATCACTTGAACCTGGGAAGTGGAGGTTGCAGTGAGCCAAGATCACACCATAGCACTCCAGCCTGGGTGACAGAGCAAGACTCTGTCTCAAAAAAAAAAAAAAAAAAAAA"
"chr1","10259988","10260164","JH378153","9756344","9756517","28","503644","GGCCGGGCATGGTGGCTCATGCCTGTAATCCCAGCACTTTGGGAGGCCAAGGCGGGCGGATCATTTGAGGTCAGAAGTTTGAGACCAGTCTGGCCAACATGGTGAAACTCCGTCTCTACTAAAAATACAAAAATTAGCTGGGTGTGGTAGCGCGTGCCCATAGTGTCCCAACTATTC","GGCCGGGCACAGTCTCTCATGCCTGTAATCCCAGCACTTTGGGAGGCCGAGGCAGGTGGATCATTTGAGGTCTGAAGTTTGAAACCAGTCTGGCCAACATGGAGAAACCCCGTCTCTACTAAAAATACAAAAAATTAGCCAGGCCTGGTGGTGCATGCCTGTAATCCCAGTTAC"
"chr1","10263420","10263705","JH378105","66031056","66031341","47","55767636","GGCCAGGCGCAGTGGCCCCCACCTGTAATCCCAGTACTTTGGGTGGCCGAGGTGGGCGGATCAGTTGAGGTCAGGAGTTTGAGACCAGCCTGGCCAACATGATGAAACCCCAAAATACAAAAATGAGTCGGGCGTGGTGCCATGCACCTGTAATCCTAGCTACTCAGGAGGCTGAGGCAGGAGAATTGCTTGAACCTGGGAGGCGGAGGTTGCAGTGAGCCGAGATGGCGCCACTGCACTCCAGCCTGGAGACAGAGCAAGACTCCGTCTCAAAAAAAAAAAGAAA","GGCCAGGCACAGTGGCTCACATCTGTAATCCCAGCACTTTGGGTGGCTGAGGTGGGTGGATCACTTGAGGTCAGGAATTCCAGAGCAGCCTGGCCAACATGGTGAAACGCCCCATCTTTACTAAAATTAGCTGGGTGTGGTGCCATGCACCTGTGATTCCAGCTATTCAGGAGCCTGCGACAGGAGAATCACTTCAACCTGGGAGGCGGAGGTTGCAGTGAGCTGAGATCACACCACTGCACTCCAGCCTGTGCGACAGAGCGAGACTGTCTCAAAACAAAACAAA"
"chr1","10271074","10271310","JH378110","38257656","38257901","64","27986582","CCAGTCTGGGCGGCAGAGTGAGACTCTGTCTCAAAAAAATAAATAAATAAAAATAGAAAAATTAGCCGGCCGTGGTGACGTGCATCTATAGTCCCAGCCACTCGGGAAGCTGAGGCAGGAGAATCCCTTGAACCCAGGAGGCGGAGGTTACAGTGAGCTAAGATTGCGCCAATGCCCTCCAGCCTGGGCAACAGAGCGAGACTCCATCTCAAAAAAAAACAAAAACAAAAACAAAAA","CTTGAGGTCAGGAGTTTGAGACCAGCCTGGCAAGCATGGTGAAATCCCAATTCTACTAAAAATACAAAAATTAGCCAGGTGTGGTGGCACGTGCCTATAGTCCTAGCTACTTGGAAGGCTGAGGCAGGAGAATCGCTTAAACCTGGCAGACAGAGCTTGCAGTGAGCCCAGATTGTGCCACTGAACTCCAGCCTGGGTGACAGAGCAAGACTCTATCTCAAAAAAAAAAAAAAAAAAAAAAAAAAA"
"chr1","10281000","10281274","JH378236","730247","730519","46","9550753","GCCAGGCACAGTGGCTCACTCCTATAGTCCCAACACTTTGGGAGGCCAAGGAGGGTGGGTCAGTTGAGGTCAGTAGTTCGAGACCAGCCTGGCCAACATGGTGAAACCCTGCCTCCACTAAAAATAGAAAATTAGCCAGGCGTGGTGGCGAACACCTGTAATCCCAGCTACTTGAGAGGCTGAGGCAGGAGAATCACTTGAACCTGGAAGGCAGAGGTTGCAGTGAGTCAAAATCATGCCGCTGTACTCTAGACAGAGCGAGACTCTGTCTCAAA","GCCAGGCACAGTGGCTCACACCTGTAATCCCAGCACTTTGGGAGGCCAAGGCAGGTGGATCACTTAAGGTCAGGAGTTTGAGACCAGCCTGGCCAACATGGTGAAACCCTGTCTCTACTAAAAATATGAAAATTAGCCAGGTGTGGTGGTGTGCACCTGTAATCTCAGCTACTCAGGAGGTTGAGGCAGGAGAATTGCTTGAACTTGGGAGGTAGAGGTTGCAGTGAGCCAAGATCATGCCCAGCCTGGGCAACAGAGCAAGAATCCAACTCA"
"chr1","10326821","10327047","JH378131","154115","154352","36","10172706","GGCTGGGCGCAGTGGCTCACACCTGTCCCGGCACTCTGGGAGGCCGAGGCAGGTGGATCACTTGAGGTCAGGAGTTTGTGACCAGCCTGGCCAACATGGTGAAATCCCATCTGAGACACGAGAATTGCTTGAACCCAGGATGGGGGGGTTGCAGTGAGTTGAGATTGTGCCACTGCACTCCAGCCTGGGCAAGAAAGCGAGACTCTCATCTCAAAAAAAATAAAAAA","GGCCGGGAACTGTGGCTCACATCTCTAATCCCAGCACTCTGGGATGCTGAGGCCAGAGGATCACTTGAGGTCAGGAGTTTGTGACCAGCCTGGCCAATATGGTGAAACCCTATCTGAGGCATGAGAATTGCTTGAACCCAGGAGAGGGAGAGAGGTTGCAGTGAGTCTAGATTGCGCCACTGCACTCCAGCCTGGGCAACAAAGGGAGACTACATCTCAAAAAAAGAAAATAAATAAA"
"chr1","10331158","10331400","JH378156","1741769","1742011","49","8589389","GGCCGGGTATGGTGGCTCGCACCTGTAATCCCAGCATTTGGGAGGCTGAGTCGGACAGATTGCTTGAGCTCAGGAGTTAGAGACCAGCCTGGGCAACATGGCGAAACCCTGTCTCTACAAAAAAATGCAAAAATTAGCCAGGCGCGGTGGTGCACGCCTTTGGTCTCAGCTACTCAGGAAGCTGAGGTGGGAGGATGGTTTGAGCCCAGAGGGCAGAGGTTGCAGTGAGCCAAGATCATGCCA","GGCTGGGTGCGGTGGCTCACATCTGTAATCCCAACACTTTGGGAGGCTGAGGCGGGTGGATCACTTGAGGTCAGGAGTTCGAAACCAGCTTGTCCAACATGGCAAAACCCTGTCTCTACTTAAAATACAAAATTAGCCAGGCATGGTGGTACACGCCTGTAATCCCAGCTACTCGGGAGGCTGAGGCAGGAGAATTGCTTGAACCTGGGAGGCGGAGGTTGTAGTGAGCCAAGATTGTGCCAC"
"chr1","10345819","10346101","JH378105","49336187","49336472","38","38990368","GGCCGGCACAGTGGCTCACACCTATAATCCCAGCACTTTGGGAGGCCAAGGTGGGCAGAGCGCTTGAGGTCAGGAGTTTGAGACCAGCCTGGCCAACATGGTGAAACCCCTCCTCTACTAAAAACAGAAAAATTAGCTGGCCTAGTGGTGCGTGCCTATAATCCCAGCTACTCAGGAGGCTGAGTCAAGAGAATCGCTTGAACCCAAGAGGCAGAGGTTGCAGTGAGCTGAGATTGCGCCACTGCACTCCAGCCTGGGCGACAGAGCGAGACTCCGTCTCAAA","GCTGAGCACAGTGGCTCACGCCCATAATCCCAGCATTTTTGGAGACCAAGGCAGGCAGATCACTTGAGGTCAGGAGTTTGAGACCAGTCTGGCCAACATGGTGAAACCCTGTCTCTACTAAAAACACAATAAATTAGCTGGGCGTGGTAGCATGTGCCTATAATCCCAGCTACTCATGAGGCTGAGACAGGAGAATCACTTGAACCCAGGAGGCAGAGGTTGCAGTGAGTTGAGATTGTGCCATTGTACTCCAGCTTGGGCAACAGAGTGAGACTCCATCTCAAAA"
"chr1","10361593","10361886","JH378106","12852151","12852449","41","2490558","GGCTGGGTGCAGTGGCTCACGCCTGTAATCCCAGCACTTTGGGAGGCTGAGGTGGGTGGATTACTTGAGGTCAGGAGTTTGAGACCAGCCTGGCCATTGTGGTAAAACCCCGTCTCTACAAAAAATACGAAAATTAGCCAGGCATGGTGGCACGTGCCTGTAGTCTCAGCTACTGGGGAGGCTGAGTCAGGAGAATCGCTTGAACCAGGGGGCGGAGGTTGCAGTGAGCCAAGACCAAGCCACTGCACTTCAGGGAGAAAGAGTGAGACTCCGTCTCAAAAACAACAAAAACAA","GGCTGGGTATCGTGGCTTATGCCTGTAATTCCAGCACTTTGGGAGGCTGAGGTGGGGGCATTACTTGAGGTCAGGAGTTTGAGACCAGCCTGGCCAACGTGATGAAACGCTTTCTCTACTAAAAATACAAAAATTAGCCAGGCATGGCGGCACATGCCTGTAGTCCCAGCTACTCGGGAGGCTGAGGCAGGAGAGTGACTTGAACTCAGGAGGCGGAGGTTGCAGTGAGCCAAGATCATGCCACTGCACTCCAGCCTGGGTGACAGAGTGAGACTCTGTATCAAAAAACAAAAAAAGAA"
"chr1","10380106","10380310","JH378125","6583282","6583470","41","3796824","GGCCCAGTACAGTGGCTCAACGCCTGTAATCCCAGCACTTTGGGAGGCTGAGGCAGGCAGATCACTTGAGGTGAGGAGTTCGAGACCAGCCTAGCCAACATAATGAAATGCCATCTCTAACTAAAAAAAAAAAAAAAAAAAATTAAGCTGGATGTGGTGGACACTTGCCTTGTAATCCCAGCTACTCAGGAGCCTTAGGCAGGAG","GGCCGGGCACAGTGGCTCATGCCTGTAATCCCAGCACTTTGGGAGGCCGAGGCAGGCAGATCACTTGAGGTCAGGAGTTTGAGACCAGCCTGGCCAACGTGGTGAAACCCCATCTCTACTAAAGATACAAAAATTAGCCGGGCGTGGTGTCACTTGCCTGTAATCCCAGCTACTTGGGAGGCTGAGACA"
"chr1","10381495","10381713","JH378113","41905483","41905699","34","31523988","GGCCAGGTGTGGTGGCTCACACCTGTAATCCTAGCACTTTGTGGGGCCAAGACAGGTGGATCACTTGAGCCCAGGAGTTGAAGTCCAGCCTGGGCAACATGGTATAACCCTGTGTCTACTAAAAATACAAAAATTAACCCGTCATGGTGGCACACGCCTGTAATCCCAGCTACTCAGGAGGCTGAGGCAGGAGAATTGCTTGAACCCGGGAGCTGGAGG","GCCAATCGAGGTGGCTCACACCTGTAATCCCAGCACTTTGGGAGGCTAAGGCAGGCGGATCACTTGAGGTCAGGAGTTCGAAACCAGCCTGGCCAACATGTTGAAACCCCATCTCTACTAAAAATACAAAATTAGCTGGGCATGGTGGTGCATGCCTGTAATCCCAGCTACTCAGGAGGCTGAGGCAGGAGAATCGCTTGAACCTGGGAGGTGGAGG"
"chr1","10382781","10382953","JH378105","45345926","45346101","22","34963145","GACCGGGCACAGTGGCTCACACCTCTAATCCCAGAACTTTGGGAGGCTGAGGTGGGTGGATCACTTGAGGTTAGGAGTTCGAGACCAGCCTGGCCAACATGGTGAAACCCTGTCTCTACTAAAATAAAAACATTAGCTGGGCATGGTGGCACACACCTGTAGTCCCAGCTACT","GGCTGGGCACAGTGGCCCACACCTGTAATCTCAGCACTTTGGGAGGGTGAGGCGGGTGGATCACTTGAGGTCAGGAGTTCAAGACCAGCTTGGCCAACATGGTGAAACCCCCTGTCTCTACAAAAATACAAAAATTAGCTGGGCATGGTGGCATGTGCCTGTAATCCCAGCTACTC"
"chr1","10391030","10391369","JH378135","18214402","18214733","81","7823372","GGCTGGGCATAGTGGCCCATGCCTGTAATCACAGCCCAGCACTTTGGGAAGCTGCGGTGAATGATCATTTGAGCCCAGGAGTTGAAGACTAGCCTGGACAACATAGCGAGATCCTGTTTCTACAAAAAAGTAAAACAAACATTTTTTTAATTAAAAAATATAAATTGGCCGGGCGTGGTGGCTCACGCCTGTAATCCCAGCACTTCGGGAGGCTGAGGCAGGAGAATCGCTTGAACCTAGGAGGCAGAGGTTAGTGAGCCGAGATCGCGCCACTGCACTTCACCCTGGCGACAGAGTGAGAGTTTGTCTCAAAAAACAAACAAAACAAAACAAACAAAAA","GACTGGGCATGGTGGCTCGTGCCTGTAATCCCAGCACTTTGGGAGGCCGAGGTGAGCGGATCACTTGAGGTCAGGAGTTTGAGATCAGCCTGGCCAACATGGTGAAACCCTATCTCTACTAAAAATACAAAAAAAAAAAGGAAATAAAAGAAATTAGCCCGGCTTGGTGGCACATGCCTGTAATCCTACTTACTCAGGAGGCTGAGGCAGGAGAATCCTTTGAACCTGGGAGGCGGAGGTTGCAGTGAGCCAAGATTGCGCTGCTGCACTCCAGCCTGGGCAACAGAGCGAGACTCGGTCTAAAAAAAAAAAAAAAAAAAAAAAAAAAAAAA"
"chr1","10395614","10395907","JH378148","2569469","2569763","40","7826145","GGCTGGGTGCGGTGGCTCACACCTATAATCCCAACACTTTGGGAGGCCAAGGTGGGCCGATTACTTGAAGTCAGGAGTTTAAGACCAGCTTGGGCAACATGGTGAAACCCCATCTCTACCAAAAATACAAAAATTAGCCAGGCATGGTGGCACATGCCTGTAATCCCAGCTACACTGGAGGCTGAGGCATGAGAATCGCTTGAACCCAGGAGGCGGAAGTTGCAGTGAGCTGAGATTACGCCACTGCACTCCAGCCTGGATGATAAAGCAAGACTGTCTCAAAAAAAAAAAAAA","GGCTGGGTGCACTGGCTCATGCCTGTAATCCCAGCACTTTGGGAGGCCAAGGCAGGTAGACAACTTGAGGTCAGGAATTTCAGACCAGCCTGGCCAACATGGTGAAACCCCATTTCTACTAAAAATACAAAAATTAGCCTGTCATGGTGACACATCACTGTAGTCCCAGCTACTCAGGAGGCTGAGGCACGAGAATCGCTTGAACTCAGGAGGCGGAGGTTGTAGTGAGCCAAGATCCGCCACTGCACTCCAGCCTGGGTGACAGAGCAAGACTCTGTCTCAAAAAAAAAAAAAA"
"chr1","10414273","10414564","JH378131","63232","63529","36","10351041","GGCCAGGAGCAGTGGCTCATACCTGTAATTCCTGCACTTTGGGAGGCCGAGGCAGGTAGATCACTTGAGGTGAGGAGTTCGAGACCAGCCTGGCCAACATGATGAAACCCTGTCTCTACCAAAAAATACAAAAATTAGCCAGACATGGTGGCACATGCTTGTAATCCTAGCACTTGGGAGGCTAAGGCAGGAGGATTGCTTGAACCCAGGAGGTGAAGGTTGCAGTGAGCTGAGATCGCACCATAGCACTCCAGCCTGGGCGACAGAGCGAGACTCTGTCTCAAAAAAAAAA","GGCCAGGAGCAGTGGCTCATACCTGTTATCCTGGCACTTTGGGAGGCCGAGGTAGGTAGATCACTTGAGGTCAGGAGTTCGAGGCCAGCCTGGCCAAGATGGTGAAACCCATCTCTACCAAAAAATACAAAAATTAGCCGAACATGGTGGCACATGCTTGTAATCCCAGCACTTGGGAGGCTGAGGTGGGAGGATCGCTTGAAACCAGGAGGTGAAGGTTGCAGTGAGCTGAGATCACGTAATTGTACTCCAACCTGGGTGATGGAGCAAGACTCTGTCTCAAAGGAAAAAAAAAAAA"
"chr1","10432721","10433010","JH378105","69163567","69163856","40","58730846","GGCCGGGTGTGGTGGTCTCATGCCTGTAATCCCAGCACTTTGGGAGGCTGAGATGGGTGGATCACTTGAGTTCAGAAGTTTGAGACCAGCCTGGCCAACATGGTGAAATCTCTACTAAAAATACAAAGATTAGCTGGGCGTGGTGGCTCCTGCCTGTAATCCCAGCTACTTGGGAGGCTGAGACAGGAGAATCCCTTGAACCTGGGAGGCAGAGGTTGCGGTGAGCCGAAGTTGTGCCACTGCACTCCAGCCTGGGTGACAGAGCAAGACTCTGTCTCAAAACAAAAGAA","GGCTGGGTGTGGTGGCTCACACCTATAATCCCAGCACTTTGGGAGACTGAGGTGGGCGGATCACTTGAGGTCAGGAGTTTGAGACCTGCCTGGCCAACATGGTGAAACCCTGTCTTTACTAAAAATACAAAAATTAGCTGGGTGTAGTGGCACACACCTGTAGTCCCAGCTACTTGGGAGGCTGAGGCAGGAGAATCGCTTGAACCTGGGAGGCAGAGGTTGCAGTGAGCCGAGATCATGCCACAGCACTCCAGCCTGGGTGGCAGAGCAAGACTGTCTCCAAAACAAAA"
"chr1","10451851","10452143","JH378116","14428154","14428454","47","3976303","GGCTGGGCGCGGTGGCTCACGCCTATAATCTCAGCACTTTGGGAGGCCGAGGCGGGTGGATCACTGGAGCTCAGGAGCAGCCTGGCCAACATGATGAAACGCTGTCTCTACTAAAAATACCAAAATTAGCCAGGCGTGTTGGTGTGCACCTGTAATTCCAGCTACCTGGGACGCTGAGGCAGGAGAATTGCTTGAACCCGGGAGGTGGAGACTGCAGTGAGCTGAGATTGCACCACTGCACTCCAGCCTGGGCGACAGAGTAAGACTGTGTCTACAAAAAAAAAAAAAAATAA","GACTGGGCGCGGTGGCTCACACCTGTAATCTCAGCACTTTGGGAGGCCGAGGTGGGTGGATCACTTGAGGTCAGGAGTTCAAGACCAGCCTGGCCAACATGGTGAAACCCCTTCTCTACTAAAAATATAAAAATTAGCTGGGTGTGGTGGTGTGCACCTGTAGTCCCAGCTACTCAGGAAGCTAAGGCAGGAGAATTGCTTGAACCTCGGAGGCAGAGGTTGCAGTGAGCCGAGATTGTGCCCCACTGCACTCCAGCCTGGGCAACAGAGCAAGACTCCGTCTCAAAAAAAAAAAAAAAAA"
"chr1","10472143","10472437","JH378173","12616169","12616458","46","2144026","GGCCAGGCACAGTGGCTGACGCCTGAAATCCCAATACTTCAGGAGGCTGAGGCAGGTAGATAACTTGAGGTCAGGAGTTCGAGACAAGCCTGGCCAAGGTGGTGAAACCTCTTCGCAATTAAAAATACAAAAATTAGCCAGGCGTGGTAACATATGCCTGTAATCCCAGCTACTCAGGAGGCTGAGGCAGAAGAATCCCTTGAACCCAGGAGGCAGAGGTTGCAGTAAGCCGAGATCAAGCCACTGCACTCCAGCCGAGGCAACAGAGTGAGACTCAACCTCAAAAACAAAAAAA","GGCCAGGCCCAGTGGCTCATGCCTGTAATCGCAGCACTTTGGGAGGCTGAGGTAGGCAGATCACTTGAGGTCAGGAGTTCGAGACTAGCCTGGCCAACGCGGTGAAACCCTGTCTCTATTAAAAATACAAAAATTAGCTAGGCATGGTGGCACATGCCTGTAATCCCAGCTACTCAGGAGGCTGAGGCATGAAATCCCTTGAGCCTGGGAGGCAGAGGTTGCAGTGATTTGAGATCACACCACTGCACTCCAGCCTGGGCAACAGAGACTCTGTCTCAAAAAAAAAAAAA"
"chr1","10489010","10489286","JH378111","32631993","32632265","45","22142983","GGCCAGGTATGGTGGCTCATGCCTGTAATTCCAACACTTTGGGAGGGAGGCCAAGGTGGGCAAATCACTTAAGGTCAGGAGTTTTGAGACCAGCCTGGCCAACATGTTGAAACTCCGTCTCTACTAAAAATACAAAAACTTAGCTGGGTGTGGTGGCGCACACCTGTAATCTCAGCTACTGAGGCGGAGGCAGGAGAACAGCTTGACCCTGGGAGGCGGAGGTTGCAGTGAGCCAAGATGGCACCACTGCACTCCAGCCTGGTTGACAGAGTAAAAC","GGCCAGGTGTGGTGGCTCACACCTGTAATTCCAGAACTTTGGGAGGCCAAGGTGGGTGGATTACTTGAGGTCAGGAGTTCAAGATGAGCCTGGCCAACATGGTGAAATCCCATCTCTACTAAAAATACAAAAATTAGCTGGGCGTGGTGGCACACACCTGTAGTCCCAGCTACTCAGGAGGCGAGGCGGGAGAATCACTTGAACCCAGGAGGCAGAGGTTGCAGTGAGCTGAGATCGCATCACTGCACTCCAGCCTGGGTGACAGAGTAAGAC"
"chr1","10511479","10511751","JH378118","23705639","23705917","44","13194160","GGCTGGGCGCGGTGGCCCACACCTGTAAATCCCAGCACTTTCGGAGGCTGGGCAGATCACTTGAGGTTAGGAGTTCGAGACCCGCCTGGCCAACATGGTGAAACCTTGTCTCTACTAAAAATAGAAAAATTAGCCAAGCGTGGTGGCATGTGCCTGTAGTCCCAGCTACTCAGGAGGCTGAGACAGGAGAATCACTTGAACCCAGGAGGCAGAGGTTGCAGTGCCAAGATTGTACCACTTTACTCCAGCCTGGGTGATAGAGCGAGACTCTGT","GGCTGGGCGCAGTGGCTCACACCTGTAATCCCAGCACTTTGGAAGGCCCGGGTGGGCAGATCACTTGAAGTCAGGAATTCGAGACCAGCCTGGCTAGCATGGGGAAACCCTGTCTCTACTAAAAATACAAAAATTAGCCAGATGTGGTGGTGCATGTCTGTAGTCCCAGTTACTCAGGAGGTTGAGGCAGGAGAATCGCTTGAACCTGGGAGGCAGAAGTTGAGATGAGCCAAGACTGTGCCACTGCACTCCAGCTTGGGTGACAGAGTGAGACTCTGT"
"chr1","10542819","10543130","JH378110","2590007","2590314","43","7952812","GCTGGACGCTGTGGCTCATGCCTGTAATCCCAGCACTTTGGGAGGCTGAGACAGGTGGATCATTTGAGGTTAGGAGTTCAAGACCAGCCTGACTAACATAGTGAAACCCCATCTCTCTACTAAAAATACAAAAATTAGCTGGGCATGGTGGTACACACCTGTAATCCCAGCTACTCAGGAGCCTGAGGCAGGAGAATCGCTTGAGCCTGGGAGGCAGAGATTGTGGTGAGCTGAGATTGCACCACTGCACTCCAGTCTGGGTGACAGAATGAGACCCTGTCTACAAAAAAAAAAAAAAAAGAAAGAAAGAAA","GCTGGAGGCAGCGGCTCATGCCTGTAATCCCAGCACTTTGGGAAGCTGAAGTAGGTGGATCACTTGAGGTTAGGAGTTCAAGACCAGCCTGGCCAACATGGTGAAATCCTGTCTCTACTAAAAATACAAAAATTAGCCGGGCATGGTGGCACACACCTGTCATCCCAGCTACTCGGAAGGCTGAGGCAGGAGAATCGCTTGAACCCGGGAGGTGGAGGTTGCAGCGAGCCGAGATTGTGCCACTGCACTTCAGCCTGGGCGACAGAGTGAGACTCCATCTCAAAAAAAAAAAAAAAAAAAAAAAAGAA"
"chr1","10551507","10551795","JH378127","12965702","12965993","44","2414195","GGCCAGGCGCAGTGGCTCACACCTGTAACGTCAGCACTTTGAGAGGATGAGGCAGGCGGATCACTTGAGGTCAGGAGTTCAAGACCAGCCTGGTCAACATGGCGAAACCCCGTCTCTACTAAAAATACAAAAATTAGCCCGGCGTGGTGGTGCATGCCTGTAATCCCAGCCACTTGGGAGGCAGAGGCAGGAGAATCACTTCAGTCTCCTGAGGTGGAGGTTGCAGTGAGCCGAGATCATGCCACTGCCCTCCAATCTGGGTGACACAGCAAGACTGTCTAAAAAAAAA","GGCTAGGCGCAGTGGCTCATGCCAGTAATCTCAGCACTTTGGGAGACTGAGGCGGGTGGATCACTTGAGGTCAAGAGTTTGAGACCAGCCTGGCCAACATGGCGAAACCCCTTCTCTATTAAAAATACAAAAATCAGCCAGGCATGGTGGTGAATGCCTGTAATCCCAGCCACTTGGGAGGCTGAGGCAGGAGAATTGCTTCAACTGGGAGGTGGAGGTTGCAATGAGCTGAGATCACACCATTGCCCTCCAGCCTGGGTGAGAGAGCGAGACTGTCTCAAAGGAAAGAAAA"
"chr1","10552729","10553037","JH378108","31634555","31634857","40","21081826","GCCAGACACAGTGGCTCATGCCTGTAAATCCCAGCACTTTGGGAGGCCAAGGTGGGCAGATCACTTGAGGTCAGGAGTTCGAGACCAGCCTGGCCAATGTGGTGAAACCCCATCTCTACAAAAAATACAAACATTAGCAAGGTGTGGTGACGCGCATCTGTAATCCCAGCTACTTGGGAGGCTGAGGTATGAGAATCACTTGAACCCGGGAGGTGGAGGTTGCAGTGAGCCGAGATCACGCCACTGCACTCCAGCCAGGGCAACAGAGTGAGACTCTGTCTCAAAAACAAAACAAAACAAAACAAAAAA","GGCCAGACACGGTGGCTCATGCCTGTAATCCCAGCACTTTGGGAGGCCAAGGTGGGCAGATCACTTGAGGTCTGGAATCCAAGACCAGCCTGGCCAACATGGTGAAACCCTATTTCTACCAAAAATACCAAAACTAGCCAGGTGTGGTGTGCACCTGTAATCCCAGCTACTTGAGAGGCTGAGGCCAGAAGAATCGCTTGAACCCGGGAGGTGGAGGTTGCAGTGAGCCGAGATCACTCCACTGCACTCCAGCCTTAGCAACAGAGTGAGAGTCTGTCTCAAAAAACCCCCAAAAAACAAAAA"
"chr1","10557747","10558049","JH378151","4578678","4578981","39","5979069","GGCTGGGTGCGGTAGCTCACGCCTGTAATCCCAGCACTTTGGGAGGCTGAGGTGGGCAGATCACTTGAGATCAGGAGTTCAAGACCAGCCTGGTTAACATGGTGAAACCCCATCTCTACTAAAAGTACAAAAATTAACTGGGTGTTGTGGTGCATACCTGTAATTCCCTGCTACTCCGGAGGCTGAGGCAGGATAATCGCTTGAACCTGGGAGGTGGAGGTTGCAGTGAGCTGACATTGTGCCACTGCACTCCAGCCTGGGTGACAGAGTGAGACTCCAACTCTAAATAAATAAATAAATAAA","GGCCAGGTGCGGTGGCTCACGCCTGTAATCCCAGCACTTTGGGAGGCTGAGGTGAGCAGATCACTTGAGGTCAGGAGTTCGAGACCAGCCTGGCCAACATGGTGAAACCCCATCTCTATTAAAAATATAAAAATCAGCTGGATGTGATGGTGCATGCCTGTCATCCCAGCTACTTGGGAGGCTGAGGCAGGAGAATTGCTTGAACCTGGGAGGCAGAGGTTGCAGTGAGCTGAGATTGCACCACTGCACTCCAGCCTGGGTGACAGAGCAAGACTCCATCTCAAAAAAACAAAAAACAATGAAA"
"chr1","10584098","10584400","JH378152","13742000","13742297","39","3157902","GGCAGGGTGCAGTGGCTCACATCTGTAATCCCAACACTTTGAGAGGCCAAGGCAGGCGGATCACTTGAGGTCAGGAGTTCGAGACCAGCCTGGCCAACGTGGTGAAACCCTGTCTCTACTAAAAATACAAAAAATTAGCCGAGCGTGGTGGCACACGCCTGTAATCCCAGCTCCTTAGGGGGCTGAGGCAGGAGAATCACTTAAACCCAGGAGGTGGAAGTTGCAGTGAGCCGAGATCACGCCGCTGCACTCCAGCCTAGGTGACAGAGTGAGACTCTGTCTCAAAAACAAAGAAAAAATAAA","GGCCAGGAGTGGTGGCTCATACCTGTAATCCCAGCACTTTGAGAGGCCAAGGCAGGTGGATCACTTGAGGTCAGGAGTTCGAGACCAGCCTGGCCAACATGGTGAAACCCTGTCTGTACTAAAAATACAAAAATTAGCCAGGCATGGTGGCACACACCTATAATCCCAGCTACTTGGGAGGCTGAGGCAGAGAACTGCTTGAACCCTGGAGGCGGAGGTTGCAGTGAGCCGAGATGGCGCCACTTGCACTCCAGCCTGGGCGACAGAGTGAGACTCCATCCAAAAAAAAAAAAAAAAA"
"chr1","10594467","10594765","JH378123","97512","97808","40","10496955","GGCTGGGTGCGGTGGCTCACGCCTGTAATCCCAGCACTTTGGGACGTGAGGTGGGTGGATCACTTGAGGTCAGGAGTTTGAGGCCAGCCTGGCCAGCATGGTGAAACCCTGTCTGTACTAAAAATATAAAAATTAGCTGAGCATGGTGGCATGCCTGTAGTCCCAGCTACTTGGGAGGCTGAGGCAGGAGAATCACTTGAACCCAGGAGGTACAGGTTGCAGTGAGCTGAGATTGCGCCACTGCACTCCAGCCTGGGTGACAGAGCAAGACTCTGTCCCCCTGCCAAAATAAAAAAAAA","GGCCAGGTGCACTGGCTTACACCTGTAATCCCAGCACTTTGGGAGGCTGAGGTAGATGGATCAGTTGAGGTCAGGAGTTTGAGACCAGTCTGGTCAACATGGTGAAATCCTGTCTCTACTAAAAATATAAAAATTAGCTGGGCATGGTGGTACATGCCTGTGATCCTAGCTACTCAGGAGGCTGAGGCATGAGAATCACTTGAACCCAGAAGGTGGAGGTTGCAGTGAGCTGAGATTGTGCCACTGCACTCCAGCCTGGATGACAAAGCAAGACTCTGACTCAAAAAAAAAAAAAAA"
"chr1","10603671","10603792","JH378118","14956607","14956728","20","4352936","CCAGGTGCCGTGGCTCACACCTCTAATCCCAGTACTTTGGGAGGCCAGGGCAGGCAGATTGCTTGAGCCCAGAAGTTTGATATTAGCCTGGCCAACATGGTGAAACTCTGTCTCTACCAAAC","GCCAGGCACGGTGGCTCATGCCTGTAATCCCAGCACTTTGGGAGGCCAAGGCAGGCAGATCACTTGAACTCAGGAGTTTGAGACCAGCCTGGCCAACATGGTGAAACCCTGTCTCTACTAAA"
"chr1","10603829","10603998","JH378120","11385773","11385932","41","781944","TAAGCTAGGCATGGTGGTGTGAGCCTGTAGTCCCAGCTATACTCGGGAGGCTGAGGTGGTGGGAGGATCACTTGGCCTCGGGAGGTGGAGGTTGCAGTGAACTGAGATCACACGACTGCACTCCAGCCTCGGCAACAGAAGGAGACCCTGTCTCAATTTAAAAAACAAAA","TTAGTCTGGCATGGTGGCGTGTGCTTGTAATTCCAGCTATTCAGAGGCTGAGGCGTGAGAACCGCTTGGATCCAGGAGGTGGAGGTTATGGTGAGCTGAGATCACACCACTGCTCTCCAGCCTGGGTGACAGAGCAAGACTGTCTCAAAACAAAACAAAA"
"chr1","10604002","10604068","JH378111","17103761","17103827","9","6499759","GCCAGGCGCAGTGGCTCATGCCTATAATCCCAGGACTTTGGGAGGCTGAGGTGGGCGGATCACTTGA","GGCCAGGTGCAATGGCTCATGCCTGTAATCCCAGCACTTTGGGAGGCTGAGGCAGGCAGATCACTTG"
"chr1","10701168","10701515","JH378189","6147070","6147394","85","4554098","GGCCGGGCGCAGTGGCTCACGCCTGTAATCCCAGCACTTAGGGAGCCGGAAGCGGGCAGATTGCTTGAGGTCAGGAGTTCGAGACTAGTCTGGCCAACATGGTTGGAAACTCCACCTCCACTAAAAGTAAAAAAAATTAGCCAGGTGTGGTGGCGAGTGCCTGTAATCCCAGTTACTCGGGAGGCTGAGGCACAACAATTGCTTGAACCCGGAAAGCAGAGGTTGCAGTGAGCCGAGATCACACCAAGGAATTTGATGGCTTTATCAGAAATACCAAATGCACAAATGCACTCCAGCCTGGGCAACAGAGCAAGAGAGACCCTGTCTTAAAAAAAAAAAAGAAAAAGA","GGCCAGGCGTGGTGGCTCACACCTGTAATCCCAGCACTTTGGGAGGTGGAGGCGGGTGGATCACTTGAGGCCAGGAGTTCAAGACCAGCCTGGCCAACATGGTGAAACCCTCTCTATACTAAAAATACAAAAATTAGCTGGGCACAGTGGCGCATGCCTGTACTCCCAGGTACTTGGGTGGTTGAGGTAGGAGAATTGCTTGAACCCAAGAGGGAGAGGTTGCAGTAAGCTGAGATCGCACCACTGCATTCAAGCGAGCTGAGATCATGCCACTGCACTGCAGCCTGGGCAACAGAGTGAGAACCTGTCTCCAAAAAAAAAAAAA"
"chr1","10712127","10712414","JH378105","37094152","37094433","44","26382025","GCTTGTAATCCCAGCACTTTGGGAGGCTAAGGCGAGTGGATCACTTGAGGCCAGGAGTTCGAGACCAGCCTGGCCAACATGGTGAAACCCCATCTCTACTAAAAATACAAAAATTAGCCAGTTGTGGTGGCACAGGCCTGTAGTCCCAGCTACTCTGGAGGCTAAGGCAGAGAATTGCTTAAACCTGGGAGGCGGAAGTTGCAGTGAGCTGAGATAGCACCGCTGCACTCCAGCCTGGGCGACAGAGCGAGACTCCATGTCAAAAATAAAAAAATAAAATAAAATAAA","AATCCCAGCACTTTGGGAGGCCGAGGCAGGTGGATCACTTGAGGTCAGGAGTTTGAGACCAGCCTGGCCAACATCGTCAAACCCCATCTCTACTAAAAACACAAAAATTAGCTGGGTGTGGTGGCGCATGCCTGTAATCCCAGCTACTCAGGAGGCTGAGGCAGCAGAATCACTTGAACCTGGGAGGCAGTGGTTGCAGTGTGCCAAGATCACACCACTGCACTCCAGCCTGGGCGACACAGCGAGACTCTATCTCAAGGAAAAAAATAAAATAAAATAAAA"
"chr1","10725004","10725308","JH378118","10693452","10693756","34","31552","GGCCGGGTGCGGTGGCTCATGCCTGTAATCCCAGCACTTTGGAAGGCTGAGGCAGGCGGATCACTTGAGGTCAGGAGTTCAAGACCAGCCTGGGCAACATGGTGGAACCCTGTCTCTACTAAAAATACAAAAAATTAGCCAGGCATGGTGGCACACGCCTGTAATCCCAGTTACTCGGGAGGCTGAGATGGGAGAATTGCTTGAACCCGGGAGGCAGAGGTTGCAGTGAGCCGAGATCACGCCACTGCACTCCAGCCTGGGCGACAGAGCAGGACTCCATCTCACAAAAAAGAAAAGAAAAAAAA","GGCCGGGCGCGGTGGCTCACGCCTGTAATCCCAGCACTTTGGGAGGCCGAGGCAGGCGGATCATTTGAGCTCAGGAGTTCAAGACCAGCCTGGCCAACATGGGGAAACCCCGTCTCTGCTAAAAATACAAAAATTAGCCAGGCGTGGTGGCACAAGCCTGTAATCCCAGCTATTTGGGAGGCTGAGACAGGAGAATCGCTTGAACCCGGGAGGTGGAGGTTGCAGTGAGCCGAGATCGCGCCACTACACTCCAGCCTGGGTGACAGAGAGAGACGCTGTCTCAAAAAAAAAAAAAAAAAAAAAAA"
"chr1","10739438","10739741","JH378201","122224","122525","38","10617214","GGCTGGGTACAGTGGCTCATGCCTGTAATCCCAGCACCTTGGGGGGCTGAGGTGGGTGGATCACTTGAGGTTAGGAGTTTGAGACCAGCCTGGCCAACATGGTGAAACCCCGTCTCTACTAAAAACACAAAAATTAGCCAGGCATGGTGGCGCTTGCCTATAATCCCAGCCACTCGAGAGGCTGAGGCAGGAGAATCACCTGAACCCGGGAGGTGGAGGTTGCAGTGAGCCAAGATTGCACTGCTGCATTCCAGCCTGGGTGACAGAGTGAGACTCCATCTCAAACAAAAAACAAAAACAGAAA","GGCTGGGCACGGTGGCTCATGCCTATAATCCCAGCACTTTGGGAGGCCGAGGTGGGTGGATCACTTGAGGTTAGGAGTTCGAGCCCAGCCTGGCCAACATGGTGAAACCCCGTCTCTACTAAACTACAAAATTAGCTGGGCTTGGTGGTGCACGCCTGTAATCCCAGCTACTTGGGAGGCTGAGACAGGAGAATCCCTTGAACCTGGGAGGCGGAGGTTGCAGTGAGCCAAGATTGCACCACTGTACTACAGCCTGGGTGATACAGTGAAACTCCATCTCAAAAAAAAAACAAAAAAAAAAA"
"chr1","10740251","10740562","JH378166","2088727","2089032","38","8651524","GGCCAGGTGCGGTGGCTCAAGCCTGTAATCCCAGCACTTTGGGAGGCTGAGGCAGACAGATCACTTGAGGTCAGGAGTTTAAGACCAGCCTGGCCAACATGGCAAAACCCCATCTCTACTAAAAATACAAAAATTAGCCGTGTATAGTGGTGCATGCCTGTAATCCCAGCTACTTGGGAGGCTAAGGCAGGAGAATCACTTGAACCCGGGAGGCGGAGGTTGCAGTGAGCCAAGATCGCGCCACTGCACTCCAGTCTGGGCGACAGAGCAAGACTCTGTCTCAAAAAAAAAAAAAAAAAAGAGAGAGAGAGA","GGCCAGGAGCAGTGTCTCATGCCTATAACCCCAGCACTTTAAAAGGCTGGGGTGGGCAGATCACTTGAGGTCAGGAGTTTAAGACCAGCCTGGCCAACATGGTGAAACCCCATCTCTACTAAAAATACAAAAATTAACAGGGTATGGTGGTGCATGCCTGTCATCCCAGCTACTCAGGAGGCTAAGGCAGGAGAATCACTTGAACCTGGGATGCGGAGGTTGTAATGAGCCAAGATCACACCACTGCACTCCAGCCTGGGCAACAAAGCAAGACTCTGTCTCAAAAAAACAAAAAAAAAAAAAAAA"
"chr1","10750137","10750443","JH378188","9401785","9402089","37","1348352","GGCCAGGTGCAGTGGCTCATGTCTCTAATTCCAGCACTTTGGGAGGCTGAGCCCGGCAGCTAACTTGAGGTCAGGAGTTTGAGACCAGCCTGGCCAACATGGTGAAACCCCATCTCTACTAAAAATACAAAAATTAGCCAGGCATGGTGGTGCGTGCCTGTAATCCCAGCTACTTGGGAGGCTGAGGCAGGAGAATCGTTTGAAACCAGCAGGCGGAGGCTGCCGTGAGCCGAGATTGCACCACTGCACTCCAGCCTGGGTGACAGAGTGAGACTCTGTCTCAAAAACAAACAAACAAACAAACAAA","GCCGGGCACAGTGGCTCATGCCTGTAATCCCAGCACTTTGGGAGGCTGAGGCGGGCAGATCACTTGAGGTCAGGAGTTCGAGACCAGCCTAGCCAACATGGTGAAACCCCATCTCTACTAAAAATACAAAAATTAGCCAGACATGGTGGTGCGTGCCCATAATTCCTGCTACTTGGGAGGCTGAGGCAGGAGAATCGATTGAACCTGGGAGATGGAGGTTGCAGTGAGCCGAGATTACACCACTGCACTCCAGTCTGGGTGACAAAGCAAGACTCTGTCTCAAAAAAAAAAAAAAAAGAAAGAAA"
"chr1","10750786","10751086","JH378115","26968615","26968913","41","16217829","GCTAGGCGTGGTAGCTCATGCTTGTAATCCCAGCACTTTGAGAGGCAGAGGCAGGCAGATCACTTGAGGCCAGGAGTTCGAGACGAGCCTGTCCAACATGGTGACACCCCGTCTCTACTAAAAATACAAAAATTGGCCGGCTGTGGTGGCGGTGCCTGTAATGCCAGCTACTCAGGAGACTGAGGCAGGAGAATCACTTGAACCTGGGAGGCGGAGGTTGCAGTGAGCAGAGATTGTGCCACTGCACTCCAGCCTGGGCAACAGAGAAAGCCTCCGTCTCAAAAAAGAAAAGAAAAGAAAA","GGCCAGGCACGGTGGCTCACGCCTGTAATCCCAGCACTTTGGGAGGCTGAGGCAGGCAGAACTTGAGGTCAGGAGTTTGAGACCAGCCTGGCCAACATGGTGAAACCCCTATCTCTACTAAAAATACAAAAATTAGCCGGGTGTGGTGGCGTGCACCTGTAATGCCAGCTACTTAGGAGGCTTAGGCAGGAGAATCATTTGAACGTGGGAGGCAGAGGTTGCAGTGAGCTGAGGTTGCGCCACTGCACTCCAGCCTGGGCAATAGAGCAAGATTTGTCTCAAAAAAAAAAAAAAAAAAA"
"chr1","10751453","10751743","JH378153","2856479","2856773","32","7894974","GGCCAGGTGTGGCGGCTCACTCCTGTAATCCCAGCACTTTGGGAGGCCAAGGTGGGCAGATCACTTGAGGTCAGGAGTTTGAGACCAGCCTGGCCAACATGGCGAAACCCTGTCTCTACTAAAAATACAAAAATTAGCCGGGTGTGGTGGTGCGCACCTGTAATCCCAGCTATTCGGGAGGCAGAGGCAGGAGAATCGCTTGAACCCAGGGAACAGAGGTTGCAGTGAGCCGAGATCACCCCACTGCACTCCAGCTAGGCAACAGAGTGAGACTCCATCTCAAAAAAAAAA","GGCCAGGCACGGTGGCTCACACCTATAATCCCAGCATTTTGGGAGGCCAAGGCAGGCAGATCACTTGAGGTCAGGAGTTTGAGACCAGCCTGGCCAACCTGGTGAAACCCTGTCTCTACTAAAAATACAAAAATTAGCCAGATGTGGTGGAGAAGCACCTGTAATCCCAGCTGCTCGGGAGGCTGAGGCAGGAGAATCGCTTGAACCTGGGAAGTGGAGGTTGCAGTGAGCCGAGATCAGGCCACTGCACTCCAGCCTGGGTAACAGAGTAAGACTCCATCTCAAAATAAATAAA"
"chr1","10765495","10765791","JH378114","41541862","41542163","37","30776367","GGCCTGGCGCGGTGGCTCATGCCTGTAATCCCAGCGCTTTGGGAGGCCTAGGTGGGTGGATCACTTGAGGTCAGGAGTTCGAGACCAGCCTGACCAACATGGTGAAACCCCATCTCTACTAAAAATACAAAATTAGCCAGGCGTGGTGACGCACGCCGGTAATCCCAGCTACTCAGGAGGCTGAGGCAGGAGAATTGCTTGAACCCGGGAGGCGGAGGTTGCAGCAAGCCTAGATCGTGCCACTGCAATTCAGCCTGGGTGAAAAAGCAAGACTGTCTCAAAAAAAAAAAAAAAAAA","GCCAGGCACGGTAGCTCATGCCTGTAATCCCAGCACTTTGGAAGGCTAAGGCAGGCGGATCACTTGAGGTCAGGAGTTCGAGACCAGCCTGACCAACATGGCGAAACCCCAACTCTACAAAAAATACAAAAATCAGCCAGGCATCATGGCGCATGCCTGTAGTCCCAGCTACTCAGGAGGCTGAGGCAGGAGAATTGCTTGAACCCGGGAGGCAGAGGTTGCAGTGAGCCGAGATTGTGCCACTGCACTCCAGCCTAGGTGACAAAGCAAGACTCTGTCTCAAAAAAAGAAAAAAGGAAAAA"
"chr1","10766478","10766761","JH378200","7476156","7476436","38","3290322","GGCCAGGTGCGGTGGTTCATGCTTGTAATACCAGCACTTTGGGAGGCTGAGGCATGTGGATCACTTGAAGTCAGGAGTTCGAGACCAACCTGGCCAACATGGTGAAACCCCGTCTCTACTAAAAATACAAAAAAATTAGCCGGGTGTGGTGGTGGAAGCCTGTAGTCCCAGCTACTCAGGAGGCTGAGGCAGGAGAATTGTTTGAACCCAGATGGCGGAGGTTGCAGTGAACTGAGATCATACCACTGCACTCCAGCCTGGGCAACAGAGCGAGACTCGCTCTC","GGCCAGGTGGTGTGGCTCTTGCATGTAATCCCAGCACTTTGGGAGGTCAAGGCAGGTGAATCATTTGAAGTCAGGAGTTGGAGACCAGCCTGGCCAACATGGTAAAATCCCGTCTCTACTAAAAATAAAAAAATTCACTGGGCGTGGTGGTGCATGCCTGTAGTCCCAGCTACTCAGAAGGCTGAGGCAGGAGAACTGCTTGAACCCAGGAGGCGGAGGTTGCAGTGAGCTGAGATTGCGCATTGCACTCCAGCCTGGGCAACAAAGCAAGACTCCCTCTC"
"chr1","10805414","10805705","JH378227","823038","823329","53","9982376","GGTCGGGTGCAGTGGATCACGCCTGTGATCCCAGCACTTTGGGAGGCTGAGGTGGGCGGATCACTTGAGGTCAGGAGATTGAAACCAGCCCGACCAACCTGGTAAAAATCCCATCTCTACTGAAAGTACAAAAATTACCCTGGCGTGGTGGTGCACACCTGTAATCCCAGCTACTTGGGAAGCTGAGGCAGGAGAATTGCTTGAACCTGGGAGGCAGAGGCTGCAGTGATCCTACCACTGTACTCCATCCTGGACAACAGAGTGGAATTTTGTCTTAAAAAAAAAAGAGAGA","CCGGGTGCGGTGGCTCATGCCTGTAATCCCAGCACTTTGGGAAGCCAAGGTGGGCGGATCATTTGAGGTTAGGAGTTTGAGACCAGCCTGGCCAACATGGTGAAACCCCATCTCTACTAAAAATACAAAAATTAACCGGGTGTGGTAGTACACATCTGTAATCCCAGCTACTTGGGAGGCTGAGGCAGGAGAATTGCTTGAACCTGGGAGGCAGAGGCTGCAGTGAGCCGAGATGGCACCACCACACTCCACCCTGGGTGACAGGGAGATTTTTTCTCCAAAAAAAAGAGAA"
"chr1","10808021","10808314","JH378141","15518519","15518815","37","4710498","GGCCGGGTGCAGTGGCTCACGCCTGTAATCCCAGCACTTTGGGAGGCCAAGGCAGGCAGAGCACTTGAGGCCAGAAGTTCGAGACCAGTGTTGCCAACATGGTGAAAACCCATCTCTACTAAAACTACAAAAATTAGCCAGGCGTGGTGGCACATACCTGTAATCCCAGCTACTCGGGAGGCTGAGACAGGAGAATCACTTGAACCTGGGAGGCGGAGGTTGCAGCGAGCCGAGATCGCGCCACTGAACTCCAGCCTGGGTGACAGACTGAGACTCTGTCACAAAAAATAATAA","GGCCAGGCTCTGTGGCTCACACCTGTAATCCCAGCACTTTAGGAGGCCAAGGCAGGCAGATCACTTGAGGTCAGGAGTTCCAGATCAGTGTGGTCAACATGGTGAAATCCCATCTCTACTAAAAATACAAAAATTAGCCAGGCATGGTGGCATGCACCTGTAATCCCAGCTACTCGGGAGGCTGAGACAGGAGAATTGCTTGAACCCAGGAGGCAGAGGTTGCAGTGAGCCGAGATTGCGCCACTGCACTCCAGCCTGGTGACAGAGTGAGACTCCGTCTCAAACAAAGAAACAAAA"
"chr1","10829193","10829488","JH378112","16541777","16542068","52","5712584","GGCCAGGCACGGTGGCTCACCCCTGGAATCCCAGCACTTTGGGAGGCCGAGGCGGGTGGACCACTTGAGCCCAGGAGTTTGAGACCAGCCTGGGCAACATGATGAAACCCCATCTCTACTAAAAATACAAAAATTAGCCTGGTGTGGTGGCACATGCCTGCAATCCCAGCTACTCAGGAGGCTGAGGCAAGAGAAGCGCTTGAACCTGGGAGGTGGAGGCTGCAGTGAGCACTCCAAACCTGAGTGACGGAGAGAGACCTTGTCTCAAAAAAAAAAAAAAGAATGAAAAAAGAAAA","GGCCAGGCGCAGTGGCTCATGCGTGTAATCCCAGCACTCTGGGAGGCCAAGGGCAGATCACTTGAGGTCAGGAGTTCGAGACCAGTCTGGCCAACATGGTGAAACCCCGTCTCCACAAGAAATACAAAAATTAGCCAGGTGTTGTGGCACGCACCTGTAATCCCAGCTACTCAGGAGGCTGAGGCAGGAGAATCACTTGAACCTGGGAGGTAGAGGTTGCAGTGCCACTGCACTCCAGCCTGGGTGACAGAGCGAGTCTCTGTCTCAAAAAAGAAAAAAAAGAAAAAGAAAA"
"chr1","10830650","10830962","JH378195","8547789","8548098","52","2282861","GGCCAGGCACGGTGGCGCATGCCTGTAATCCCAGCGTTTCGGGAGGCTGAGATGGGCGGATCACTTGAGCTCAGGAGTTTGAGACAAGCCTGGGCAACACGGCAAAAACCCCATTGCTACAAAAAATACAAAAATCAGCTGGGCGTGGTGGTGCATGCCTATAGTTCCAGCTACTTGGGAGGCTGAGGCAGGAAGATCACTTGAACCCGGGAGGCGGAGATTGTAGCGAGCCGAGATCGTGCCACTGCACTCCAACCTGGGTGACAGAGCGAGACTGCGTCTTAAAAAGAAAGAAAACAAAAAGAAAAAGAAA","CCAGGCATGGTGGCTCATGCCTGTAATCCCAGCACTGTGGGAGGTCAAAGTGGGCAGATCACTGGAGGTCAGGAGTTTGAGCCCAGCCTGGCCAACATGGCGAAACCCCATCTCTACTAAAAATACAAAAATTAGCCGGACATGGTGGTGCACGCCTGTAATTCCAGCTACTTGGGAGGCTGAGGCATGAGAATCACTTGAACCCAGGAGACGGAGGTTGCAGTGAGCCGAGACCATGCCACTGCACTCCAGCCTGGGTGACAGAGTGAGACTCCATCTCAAAAAAAAAAAAAAAGAAAAGAAAAGAAAA"
"chr1","10855424","10855732","JH378203","4131805","4132112","44","6723619","GCCAGGAGCCATGGCTGATGCCTATAATCCTGGCACTTTGGGAGGCCAGGGTGGGCAGATCACTTGAGGTCAGGAGTTTGAGACCAGCCTGGCCAACATGGTGAAACCCCATCTCTACTAAAAATACAAAAATTAGCCAGGCATGGTAGCCCACACCTGTAATCCCAGCTACTCAGGAGGCTGAGAGAGGAAAATCACTTGAACCTGGGAGGCGGAGGTTGCAGTGAGCCGAGATCGTGGCACTGCACTCCAGGCTGGGTGACAGAGCGAGACCCCATCTAAAAAAAAAATGAAGAAAGAAAAAGAAAA","GGCTGGGTGCCATGGTTCACGCCTATAATCCTGGCACTTTGGGAGGCCAAGGTGGGCAGATCACTTGAGGTCAGGAGTTCGAGACCAGCCTGGCCAACATGGTGAAACCCCATCTCGACTAAAACTACAAAAATTAGCTGCTGGGGTGGCGCACACCTGTAGTCCCAGCTACTCAGGAGGCTGAGGCAGGAGAATTGCTTGAACCTGGGAGGTGGAGGTTGCAGTGAGCCAAGATCTTACCACTTCACTCCCACCTGGGTGACAGAGCAAGACTCCATCTCAAAAAAATAATAATAAAAATAAATAAA"
"chr1","10878187","10878493","JH378110","31358400","31358705","44","20480213","GCTGAGCACCGTGGCTCACGCCTGTTATCCCAGCACTTTGGGAGGCCGAGGAGCGTGGATCACTTGAGCCCAGGAGTTTGAGACCAGCCTGGCCAACGTGGTGAAACCCTGTTTCTACTGAAAATACAAAAATTAGCTGGGCGTGGTGGCACATGCCTGTACTCCCAGCTACTCAGGAGGTTTAGGCAGGAGAATTGCTTGAACCCAGGAGGCAGAGGTTGCAGTGAGTCGAGATTTCATTACTGCACTCCAGCCTGGGCGACAGAGTGAGACCCTGTCTCAAAAAAACCCAAAAAACAAAAACAAA","CCAGGCATGGTGGCTCATGCCTGTAATCCCAACACTTTGGGAGGCCGAGGTGGGTTGATCACTTGAGGCCAGGAGTTCAAGACCAGCCTGGCCAACAAGGTGAAACCCTGTCTCTACTAAAATTACAAAAATTAGCCGGGCGTGGTGGTGCATGCCTGTAATCATAGCTAATCAGGAGGTTGAGGCAGGAGAATTGCTTGAACCCAGGAGGCAGAGGTTGCAGTGAGCCGAGATCGTACCACTGCACTCCAGCCTGGGCAACAGAGTGAGACTCTGTTTGAAAAAAAAAAAAAAAAAAAGCAAAAA"
"chr1","10881461","10881761","JH378123","5667081","5667374","47","5214380","GGCCGGGCGCGGTGGCTCATACCTGTAATCCCAGCACTTTGGGAGGCTGAGGGGGCGGATCATTTGAGGTCAGGAGTTTGAGATGAGACTTGCCAACATGGTGAAACCCTGTCGCTACTAAAAATACAAAAATTAGCCATGCGCGATGCCACACGCCTGTAATCACAGCTACTCAGGAGGCTGAGGTAGGAGAATCCCCTGAATCCGGGAGGCAGAGGTTGCAGTGAACTGAGATCGCATCACTGCACTCCGGCCTGGGTGACAAGAGCAAGACTGTCTCAAAGAGAGAGAGAGAGAAAAA","GGCTGGGCGCAGTGGCTCATGCCTGTAATCCCAGCACTTTGGGAGGCCAAGGCGGGTGGATCTTAAGGTCAGGAGTTTGAGACCAGCCTGACCAACATGGTGAAACCCCGTCTCTACTAAAAAGACAAAAATTAGCCAGCCGTAGTGGCGCATACCTGTAATCCCAGCTACTTGGGAGGCTGAGGCAGGAGAATCACTTGAACCCGGGAGGCAGAGGTTGCAGTGAGCTGAGATCGCACCACTGCACTCCAGCCTGGGTGACAGAGCGAGACTTTGTCTCAAAGGAAAAAAAAA"
"chr1","10891181","10891466","JH378186","4923456","4923748","38","5967725","GGCCAGGCACAGTGGCTCACGCCTGTAATCCCAGCATTTGGGAGGCTGAGGCAGGCGGATCACTTGAGGTCAGGAGTTCGAGACCAGCCTGGCCAACATGGTGAAACTTCATCTCTACAAAAATAGAAAAATTAGCCAAGTGTGGTGGTGCGTGCCTGTAATCCCAGCTACCTGGGAGGCTGAGGCAAGAGACTCGCTTGAACTCAGGAAGCGGAGGTTGCAGTGAGCTGAAATCATGCCACTGCACTCCAGCAATAGAGAGACTCCGTCTCAAAAAAAAAAAAAA","GCCAGGCACAGTGGCTCACGCCTGTAATTCCAGCACTTTAGGAGGCTGAGGCAGGTGGATCGCTTGAGGTCAGGAGTTCGAGACCAGCCTGGCCAACATGGCGAAACCCCATCTCTACTAAAAATACTAGAATTAGCCAGGTATGGTGGTGCGTGCCTGTAATCCCAGCTACCTGGGAGGCTAAGGCTAGAGAATTGCTTGAGCCCGGGAGGCGGAGGTTGCAGTGAGCCGAGATCACGCCCCTGCACTTCAGCCTCGGTGACAGAGTGACTCTGTCTCAAAAAAAAAAAAAA"
"chr1","10907034","10907327","JH378123","5667081","5667374","42","5239953","GGCTGGGTACAGCTGCTCATGCCTGTAATCCCAGCACTTTTGGAGGCCAAGGCAGGAGGATCGCTTGAGGTCAGGAGCTCGAGACCAGCCTGGCCAATATGATGAAACCCCGTCTCTACTAAAAATACAAAAATTGGCCAGGCATAGCGGTGCACACCTGTAATGCCAGCTACTCGGGAGGCTAAGGCAGGAGAATTGCTTGAACCTAGGAGGCGAAGGTTGCAGGGAGCTGAGATCTTACCACTGCACTCCAGCCTGGGTGACAGAGTGAGACTGTTTCAAAAAAAAAGTAAA","GGCTGGGCGCAGTGGCTCATGCCTGTAATCCCAGCACTTTGGGAGGCCAAGGCGGGTGGATCTTAAGGTCAGGAGTTTGAGACCAGCCTGACCAACATGGTGAAACCCCGTCTCTACTAAAAAGACAAAAATTAGCCAGCCGTAGTGGCGCATACCTGTAATCCCAGCTACTTGGGAGGCTGAGGCAGGAGAATCACTTGAACCCGGGAGGCAGAGGTTGCAGTGAGCTGAGATCGCACCACTGCACTCCAGCCTGGGTGACAGAGCGAGACTTTGTCTCAAAGGAAAAAAAAA"
"chr1","10912454","10912745","JH378173","2881761","2882050","78","8030693","GGCCAGGTGCAGTGGCTCACGCCTGTAATCCCAACAGTTTGGGAGGCTGAGGCAGGTGGATCATTTGAGGCCAAGAGTTCCAGACCAGCCTGGCCAACACGGTAAAAACCTCAATCTCTACTAAACGCACAAAAATCAGCCAGGCGTGGTGGAGAGCATCTGTAATCCCAGATACTTGGAGGCTGAGGCAGGAGAATCGCTTGCACCTGGAGGCGGAGGTTGCAGTGAGCTGAGATGGTGCCNNNNNNNNNNNNNNNNNNNNNNNNNNNNNNNNNNNNNNNNNNNAAAAAAA","GGCCAGGTGTGGTGGCTCACGCCTGTAACCCCAACACTTTGGGAGGCTGAGGCAGGTGGATCACTAGAAGTCAGGAGTTCAAGACCAGCCTGGCCAACATGGTGAAACTCCATCTCTACTAAAAATACAAAAATTATCCAGGCGTGGTGCCACATGCCTCTAATACCAGCTACTTGGGAGGCTGAGGCAGGAGAATCGCTTGAACCCAGGAGGTGGAGGTTGCAGTGAGTTGAGATGGTGCCACTAGCCTGGGCAACAGAGTGAGACTCTGTCTCAAAAAAAAAAAAAAA"
"chr1","10914488","10914794","JH378141","18437190","18437494","42","7522702","GGCTGGGCATGGTGGCTCACATCTGTAATCCCAGGACTTTGGGAGGCCAAGGCGGGTGGATCACTTGAGGCCAGGAGTTCGAGACCAGCCTGGCCAACATGGAGAAACCCTGTCTATATTAAAAATACAAAAATTAGCTGGGCGTGGTGGTGCATGCCTGTAATCCCAGCTACTTGGGAGGCAGAGGTGGGAGGAGGGCTTCAACCTGGGAGGTGGAGGTTGCAGTGAGCCAAGATTGCGCCACTGCACTCCAGCCTGGGTGACAGATAGAGACTCCATCTCAAAAATAAATAAATAAATAAAAAGA","CCAGGCATGGTGGCTCACACCTGTAATCCCAGCACTTTGGGAGGCCAAGGCGGGTGGATCACTTGAGGTCAGGAGTTCGAGACCAGCCTGGCCAACATGGTGAAACCCCATGTCTGCTAATAATACAAAAATTAGCCGGGCATGGTGGTGCATGCCTGTAATCTCAGCTGCTTCAGGAGGCCAAGCCAGGAGAATCGCCTGAACCTGGGAGGCGGAGGTTGTAGTGAGCCAAGATTGTGCCACTGCACTCCAGCCTGGGTGACAGAGTGAGATTCTGTCTCAAAATAAATAAATAAATAAATAAA"
"chr1","10915775","10916028","JH378163","13662209","13662456","29","2746434","GGCTGGGTGTGGTGGCTCACGCCTGTAACCCCAGCACTTTGGGGGGCCGAGGTGGGTGGATCACTTGAGGTCAGGAGTTTGAGACCAGCCTGGCCAACATGGTGAAACCCTGTCTCTGCTAAAAATACAAAAATTAGCCAGGCGTGATGGCACACACCTATAGTCCCAGCTACTTGGGAGGCTGAGGCAGGAGAATTGCTTGAACCCAGGAGACAGGTGGAGGTTGCAGTGAGCCGAGATCATGCCACTGCACT","GCTGGGTGCGGTGGCTCACGCCTGTAATCCCAACACTTTGGGAGACCGAGGTGGGTGGATCACTTGAGGTCAAGAGTTTGAGACCAGCCTGTCCAACATGGTGAAAACCCATCTCTACTAAAAACACAAAAATTAGCCAGGCGTAGTGGCACACGCCTATAATCTCAGCTACTTGGGAGGCTTAGGCAGGAGAATTGATTGGACCCAGGGGGCAGAGGTTGCAGTGAGCCGAGATCATGCCACTGTAC"
"chr1","10916764","10917017","JH378281","2535487","2535738","43","8381277","GGTCGGGCACAGTGGCTCACGCCTGTAATCCCAACACTTTGGGAGGCCAAGGCGGGCAGATCACTTGAGGTTGGGAGTTAGAGATGGGCCTGGCCAACATGGCAAAACCCTGTCTCTACTAAAAATATAAAAATTAGCCAGGCATGGTGGCATGCGCCTGTAATCCCAGCTACTTGGAAGGCTGAGGCAGGAGAATGGCTCAAAACCTGGAGGTGGAGGTTGCAGTGAGCTGAAATGGCACCCCTGCATTCCAG","GGCTGAGCACAGTGGCTCATGCCTGTAATCCCAGCATTTTGGAAGGCAGAAGCGGATGGATCGCTTGAGGTCAGGAGTTTGAGACTAGCCTGGTCAACATGGTAAAACCCTGCCTCTACTAAAAATATAAAAATTAGCTGGGTGTGGTGGCATGTGCCTGTAGTCCCAGCTACTTGGGAGGCTGAGGCAGGACAATTGCTTGAACCCAGGAGGTGGAGGTTGCAGTGAGCTGAGATCACACCACTGCACTCC"
"chr1","10932078","10932379","JH378205","4278012","4278319","45","6654066","GACCGGGTGCGGTGGCTCACGACTGTAACCCCAACACAATAGGAGGCCAAGGCGGGTGGATCACTTGAGGCCAGGAGTTCCAGACCAGCCTGGCCAACATGGTGAAACCCCATCTCTACTAAAAGTACAAAATTAGCCGGGTGTGGTGGCATGCGCCTGTAATCCCAGCTACTCGGGAAGCTGAGGCAGGAGGATCGCCTGAATCTGGGAGGTGGAGGCTGCAGTAAGCCAAGATCGTGCCACTGGACTCCAGCCTGGACGACAAAGCAAGACCCCATCTCAAAAAAAAAAAAAGAAGAAGA","GGCCAGGCGCAGTGGCTCACACTTGTAATCCCAGCACTTTGGGAGGCCGAGGCGGGTGGATCACTTGAGGTCAGGAGTTCAAGACCAGCCTGGCCAACATGGTGAAACCCCATCTCTACTACAAATACAAAAATTAGCCAGGCGTGGTGGCACACGCCTATAATTGCAGCTACTCCGGAAGCTGAGGCAGGAGAATCACCTGAATCCAGGAGGTGGAGGCTGCAGTGAGCCAAGATTGTGCCACTGCACTCCAGCCTGGGCAACAGGGCAAGACTCCATCTCAAAAAAAAAAAAAAAAAAAAAAAAAA"
"chr1","10933162","10933461","JH378111","8498303","8498600","42","2434859","GGCCAGTTGTGGTGGCTCACTCCTGTAATCCCAGCACTTTAACAGGCCAAGGCGGGCAGATCATTTGAGGTCGGGAGTTTGAGACCAGCCTGGCTAACATGGTGAAACCCATCTCTACTAAAAATACAAAAAAATTAGTTGGGCATGGTGGTGCACACCTGTAATCCCAGCTACTTGGGAGGCCGAGGCAAGAAAATCACTTGAACCCAGGAGGCAGAGGTTGCAGTGAGCTGAGACTGTACCACTACACTCCAGCCTGGCCACAGAGTGAGACTCCATCTCACAAAAAAAAAAAAAGAA","GGCTAGGCATGGTGGCTCACACCTGTAATGCCAGCACTTTGGGAGGCCAAGGCAGGCAGATCATTTGAGGTCAGGAGTTTGAGACTAGCCTGACCAACATGGTGAAACCCCGTCTCTACTAAAAATACAAAAATTAGCTGGGCATGGTGTTGCATGCCTGTAATCCCAGCTACTTGGGAGGCTGAGGCCAGAGAATTGCTTGAACCCAGGAGGCGGGGGTTGCAGTGAGCCAAGATTGTGCCACTGCACTCCAGCTTGGGTGACAGAGTGAGACTCCATCTCAAAAACAAACAAAAAA"
"chr1","10935615","10935912","JH378188","9186121","9186411","48","1749494","GGCCAGACGCGGTGGCTCACGCCTATAATCCCAGCACTTTGGGAGGCCAAGGTGGGAGGATCACTTGAGGCCAGGAGTTTGAGATCAGCCTGGCCAACATGGCGAAACCCTGTCTCTCCTAAAAGAAGACATCTCTAATCTGTAATCTCAGCTACTTGGGAGGCTGAGGCAGGAGAATCGCTTGCACCTGGGAGGTGGAGGTTGCAGTGAGCTGAGATTGTGCCACTGCATTCCAGCCTGGGCAACAGAGCAAGACTCGTCTCAAAACAGAAACAAAACCAAAAAACAACACAAAAAA","GGCCAGGTGTGGTGGCTCATGCCTGTAATCCCAGCACTTTGGGAGGCCAAGGTGGGAAGATCACTTGAGGTCAGAAGTTTGAGACCAGCCTGGCCAACATGGTAAAACACTGTCTCTACTAAAAATACAAAAATTAGCTGTAATCCCAGCTACTTGGGAGGCTGAGGCAGGAGAATTGCTTGAACCCAGGAAGTGGAGGTTGCAGTGAGCCAAGATTGTGCTGCTGCATTTCAGCCTAGGTGGCAGAGCAAGACTCCATCTCAAAAAAAAGAAAAGAAAAGAAAAAAAAAA"
