"chr1","933714","933845","chr16","66259824","66259953","22","65326110","GGCTGGGCGTGGTGACTCACGCCTGTCATCCCAGCACTCTGGGAGGCGGAGGCAGCAAGATCTCTTGACACCGGGTGTTCGAGACTAGCCTGGGCAAAATAGCAAGACCCCATCTCTCAAAAAAATTAAAAA","GGCCAGGTGTGGTGGCTCACTCCTGTAATCCCAGCAATTTGGGAGGCCGAGGCAGGAAGATCTCTTGAGCCCAGTTCAAGACCAGCCTAGGCAACGTAGCAAGACCCCATCTCTACAAAAAAATTAAAAA"
"chr1","1708025","1708246","chr7","10622519","10622740","56","8914494","CAGTGGCTCATTGCTATAATAGCACTTTGGGAGGCCAAGGGAGGAGGATTGCTTGAGACCAGGAGTTGAAGACCAGCCTGGGCCACATAGTGAGACCCTCTCTCCATAAAGAAACAAAAAATTTAGTCACGTGCAGTGTGGCACATGCCTGAATCCTTGCTACTTAGGGGGCTGAGGCAAGAGGATGGCTGTGCCCAGGAGTTCAAGGTTTCAGTGAGCTGT","TGGCCAATGTATGTAATCTCAGCACTTTGGGAGGCCAAGGCAGGAGGACTGCTTGAGGCCAGGAGTTCAAGACCAGCCTGGGCAATGTAGTCAGACCCCATCTCTACAAAAAAATTAAAAATTAGTGGAGCATGTTTGCACATGCTTGTAGTCCTAGTTACTCAGGAGGCTGAGGTAGGAGGATCACTTGAGTCCAGCAGATTGAGGCTACAGTGAGCTATG"
"chr1","1722333","1722628","chr1","884699","884998","34","837634","GCTGCGCACAGTGGCTCATGCCTATAATCCCAATATTGTGGGAGGCTAAGGCAGGGAGACTGTTGGAAGCCAGGACTTGGAGCCCAGTCTGGGCAACATAAAGAGTCCTCATCTCCACACACACACAAAAATTTTTAAAATTAACTGGACATGGTGGCGCACATCTGTAGCTGAGGCAGGAGGATCACTGAGCCTCAGAGGTCAAGGCTACAGCAAGTTATGATCCCACCGCTGCACTCCAGCCTGAGTGACAGAGCAAGACCCTGTGTACTGTCTCAAAAAAAAAATAATAATAA","GCTGGGCACAGTGGCTCACGCCTATAATCCCAACATTGTGGGAGGCTGAGGCAGGGAGACTGCTGGAAGCCAGGACTTGGAGTCCAGCCTGGGCAACATAAAGAGTCCTCGTCTCCCCCACACACATACACACAAAATTTTTTTAAATTAACTGGGCATGGTGGTGCATGTCTGTAGCTGAGGCAGGAAGATCACTGACCCTCAGAGGTCAAGGCTACAGCAAGCTATGACCCCCACCGCTGCACTCCCGCCTGAGTGACAGAGTGAGACCCTGTGTACTGTCTTTAAAAAAAAAAAAAA"
"chr1","1731513","1731790","chr1","895591","895864","23","835922","CCTGTAATCTCTGGATTTGGGGAGGCTGAGTTACGAGGATCCCTTGAGGCCAGGAATTTTAGACCAGCCTGGGCACAATGTAGTGAGACCCTGTCTCTACAAAAAGTTTAAAAAACAAAATTAGCTGGGCATGGTGCCTGTAGTCCTAGCTACTGGGATGGCTGAGGCAGAAGGAGTTTGAGGTTACACTGAGCTATGATATGCCACTGTACTCCAGTCTGGGTGCCAGAGTGAGACCTTGTCTCAAAAAAGCAAAAACAAAACCCCACAAACAAAAA","CCTGTAATCTCAGGATCTGGGGAGGTTGAGTTGCCAGGATCCCTTGAGCCAGGAATTTGAGACCAGCCTAGGCAATGTAGTGAGACCCCGTCTCTGCAAAAAGTTAAAAAAAACAAAATTAGCTGGGCATGATGCCTGTAGTCCTACCTACTGGGATGGCTGAGGCAGGAGTTTGAGGTTACAGTGAATTATGATCATGCCACTGTACTCCAGTCTGGGTGCCAGAGTGAGACCTTGTCTCAAAAAAGCAAAAACAAAACCCCACAAACAAAAA"
"chr1","2210891","2210958","chr4","85914853","85914914","15","83703962","TCCCAAGTGCTGGGAGGCTGAGGCAGGAGGATCACTTGAGCCCAGGAGTTTGAGGATTACAGGGACCT","GCTACTCGGGTGGCTGAGGCAGGAGGATTGCTTGAGCCCAGGAGTTTGAGGTTACAGTGCGC"
"chr1","2246109","2246244","chrX","144541916","144542049","16","142295807","GACCAGGCACGGTGGCTCACACCTGTACTCTCAGCACTTTGGGAGGCCGAGGTGGGAGGATTGCTTGAGCCCAGGAGTTCAAGACCAGCCTGGGCAACACAGGGAGACCCTGTCTCTACAAAAGAAGTTTTAAAAA","GGCTGGGCACAGTGGCTCACGCCTGTAATCTCAGCACTTTGGGAGGCCAAGGTGGGAGGACTACTTGAGGCCAGGAGTTCAAGACCAGCCTGGGCAACATAGCGAGACCCTGTCTCCACAAAAAAATTTAAAAA"
"chr1","5712307","5712376","chr20","65828488","65828554","14","60116181","AGGAGTTCAAGACCACCCTGGGCAACATAATGACACCCCATCTCTACAAAAAAAAAATGTAAGAATTAGC","AGGAGTTCAAGACCAGCCTGGGCAACTTAGGAAGACCTTGTTTCTACAAAAAAAAATGTAAAAATTA"
"chr1","5937600","5937742","chr10","83729520","83729647","43","77791920","TAACCCCAGCATTTTGGGAGGCCAAGGTGGGAGGACCACTTGAGGCCAGGAGTTCAAGAGCAGCCTGTACAACATAGCAAGACCATATCTCTACAAAACAAAAAACTTAGCCAGGCACGGTGACGCTGTCTGCAGTCCTGGCT","GCACTTTGGGAGGCTGAAACAGGAGGATCACTTGAACCCAGGAGTTTGAGATCAGCCTGGGCATCATAGCGAGACCCTGTCTCTACAAAAAAACTAAAAATTAGCCAGGCAAAGTGGTGCACAGCCTG"
"chr1","6418532","6418668","chr15","9717035","9717171","20","3298503","GACCAGGCTCAGTGGCTGACTCCTGGAATCCCAGCACTTTGGGAGGCCAAGGCAGGAGGATCACTTGAGGCCAGGGGTTCAAGACCAGCCTGGGCAACATACAGAGACCCCCATCTCCACAAAAAATTAAAAAATTA","GACCAGGCACAGTGGCTCACATTTTTAATCTCAGCACTTTGGGAGGCCCAGGCAGGAGGATCGCTTGAGCCCAGGAGTTCAAGACCAGCCCAGGCAACACAGGGAGACCCCCATCTCTACAAATAATTTAAAAATTA"
"chr1","6425878","6425977","chr17","54315143","54315245","26","47889265","TCATTCCTATAATCCCAACACTTTGGGAGGCTGAGGATTGTTTGAGGCCAGATGTTCAAGGCCAGCCTGGCCAGCATAGTGAGACCCTGTCTCCACAAAA","CTCTAATCTCAGCACTTTGGGAGGCTCAGACAGGAGGATTGCTTGAGGCCAAGAGTTCAAGACCAGCCTAAGCAACATAGTGAGACCCTGTCTCTACAGAAAA"
"chr1","6426277","6426458","chr1","130404574","130404754","46","123978297","ATAATTTTTTAAAAAGTTTTCCCAGCATGGTGGCACGTACCTGTAGTCCTAGCTATTTGGGAGGGAGAGGCAGGAGAGTCCCTTGAGCCCAGGAGCTGGAGATTACAGTGAGCTGTGATTGCATCACTGCACTCCAGCCTGGCTGACACAACCAGACCCTGTTTCTAAAATAAGTAAATAAA","CAGAAAACTTTTAAAAATTAGCCAAGTGTGGTGGTGCATACCTGTAGTCCCAGCTACTGAGGAGGTTGAAACAGGGACAGTTTGAGCCCAGGAGTTCAAGGTTTCAGTGAGATCTCATTGCATCACTGCACTCCAGCCTGGGTGACAGAGCAAGACCTTGTCTGTACAAAAAAGGAAAAAA"
"chr1","6509246","6509376","chr3","13531543","13531676","22","7022297","GGCTGGGTGTGGTTGCTCATACCTGCGATCCCAGCACTGTGAGAGGCTGAGGCAGGAGGACTGCTTTAGCCCAGGAGTTTGAGGCCAACCTGGGCAATATAGGGAGACCTCTCTCTACTAAAATTTAAAAA","GGCTTGGTGCGGTGGCTCACACCTGTAATCCCAGCACTTTGAGAGGCTGAGGCAGGAGGATTGTTTGAGGCCAGGAGGTCAAGACCAGCCTGGGCAACATAGGGAGACCCTATCTCTACAAAAAAATTTAAAAA"
"chr1","6552532","6552693","chr16","55697996","55698154","42","49145464","TTAGACAGGTGTGGTGGCTAATAATAGCTGTCATCCTACCTACTCAAGTGAGGTAGGAGGATCCCTTCAGCCCAGAAGCTTGAGGTTGCAGTAAGCTATGATCACACCACTGTACTCCAGCCTCAGTGACAGACTGAGATCCTGTCTCAAAGGAAAAAATAA","TTAGCCTGGCATGGTGGCCTATACCTGTAGTCCTAGCTACTTGAGAGGCTGAAGTGGGAGGATTGCTTGGGTCCAGGAGGTGGAGGTTACAGTGAGCTATGATCATGCCACTGCACTCCAGCCTGGGCAACAGAGAGAGATCCTGTCTCAAAAAAAAAA"
"chr1","6556752","6556806","chr8","30850800","30850854","18","24294048","GCAACGTGGTGAGACCCTGTCTCTACAAGAAATTTAAAAATTAGTCGGGTGTGGT","TGGCCAACACAATGAGACCCTATCTCTACAAAAATATTTTAAAATAGTTGGGCAT"
"chr1","6612170","6612305","chr15","32182829","32182962","28","25570659","GGCTGGGTGTGGGGGCTCACACCTACAATCCCAGCACTCTGGGAGGCAGGAAATGTGAGACGATTGTTTGAAGCTAGGAATTTGAGACCAGCTGGGGCAATACAGCGAGACCCTGTCTCTACAAAAAGTTAAAAAA","GCTGGCTGTGGTGGCTCACACCTATAATCCTAGCACTCTGGGAGGCTGAGGTGGGAGAATTGTTTGAGGCCAGTAGTTCGAGACCAGCCTGGACAGCATAGTGAGACCCTGTCTCTACAAAAATAATTTAAAAA"
"chr1","6680533","6680819","chr3","41729817","41730091","62","35049284","GGGCGTGGTGGTGCATGCCTGTAATCCCAGCACTTTGGGAGGCCAAGGCAGGAGGATTGCTTGAGTTCAGGAGTTTGAGACCAGCCTGTGCAATATAACAAGACCCCCATCTCTACAAAATATTTACAAATTAGCTGAGCACAGTGGCACATACCTGTAGTCCAGGCTACTTGGGAGGCAGACGAAGGAGGGTTGCCCGAGCCCAGGAGTTCAAGGTTGCAGTGAGCCGTGATTGCACCACTGCACTCCAGCTGGGCAACAGAGCAAGGTCCCGTCTTAAACAAAAA","CAGTGGTTCATGCCTGTAACCCCAGCACTTTGCGAGGCCAAGAGGGGAGGATTGCTTGAGGCCAGGAGCTTGAGACCAGCCTGGGCAACACAGCAAGACCTCATCTCTATCAAAAATTTAAAAATGAGCCAGGCTTAGTGGTGCATGCCTGTAGCCCCAGCTCCTTGGGAGGCTGAGGTAGGAGGATTGCCTGAGTCCAGGAGTTTGAGGTTACAGTGAGCTATGATCACACCACTGCACTCCAGGCTGGGCAACAGAGCAAGACCCTATCTCAA"
"chr1","6699281","6699460","chr1","7884336","7884503","48","1185055","GGCTGGGTGCAATGGCTCACACCAGTACAGTAATCCCAGCACTTTGGTATCCCAAGGTGGGAGGACTGCTTGAGGCCAGGAGTTCAAGACCAGCTTGAGCAACACAGCGAGATCCTGACTCTACAAAAAAATTTAAAAAATTATCCAGGTGTACTTCCAGCACCTCAGGAGGCTAAGGCA","GCTGGGCACAGTGGCTCACACCTATAATCCCAGCACTTTGGGAGGCTAATGTGGGAGGACTGCTTGAGGCCAGGAGTTTGAGAACAACCTGGGCAACAAGGCAAGACCCCGTCTCTACAAAAAATTTTAAAAATTAGCCAGATGCAGTGGTGCGTGCCTGTAGTCCTA"
"chr1","6735132","6735270","chr17","81275044","81275175","28","74539912","GGCTGGGTGTTGTGGCTCACACCTGTAATCCCAGTAACATGGGAGGCCTGAGGTGGGAGAGGATCACTTAAGGCCAGGAGTTCAAGACCAGCTGCAGCAACCTAGTGAGACCTCATCTTTATTTAAAAATTAAAAAATT","GCTGGGCATGGTGGCTCACACCTGTAATCCCAGCACTTTGGGAGGCCGAGGCAGGAGGATCACCTGAGGCCAGGATTTCAAAACCAGCCTGGGCAACATAGTGAGACTCAGTCTTTATAAAAACTTAAAAAA"
"chr1","6816807","6817087","chr1","5948732","5949015","15","868075","GCCAGGCACAGCGGCTCATGCCTGTAAGCCTGGCACTTTGGGAGGCTGAGACAGGATGATTGCTTGAGGCCAGGAGTACAAGACAAGCCTGCGCAACATAGCAAGACCCTTTCTCCATAAAATTCAAAAAGAATTAGCCGGGTGTGGTGGCACACGCCCGTAGTCCTCACTACTCAGGAGGCTGAGGCAGGAGGATCACTTGAACCCAAGAGTTCAAGGTTGCAGTGAGCTGTGATGGCACTCTAGCCTGGGTGACAGATCAAGACTCTGTCTCTAAAAAA","GCCAGGCACAGTGGCTCATGCCTGTAAGCCTGGCACTTTGGGAGGCTGAGACAGGATTACTGCTTGAGGCCAGGAGTACAAGACAAGCCTGTGCAACATAGCAAGACCCTTTCTCCATAAAATTAAAAAAGAATTAGCCGGGCGTGGTGGCACACACGCCCGTAGTCCTCGCTATTCAGGAGGCTGAGGCAGGAGAATCACTTGAACCCAAGAGTTCAAGGTTGCAGTGAGCTGTGATGGCACTTTAGCCTGGGTGACAGAGCAAGAGTCTGTCTCTAAAAAAA"
"chr1","6821445","6821625","chr1","5953688","5953866","14","867757","ACCAAAAAAAAAATTTTAATCAGCTGGGCATGGTGATACATGCCTGTACTCCTAACCACTTGGGAGTCTGAGGCAGGAGGATCACTTGAGTCCAGGAATTCAAGGTGCCAGTGAGCTATGATCACACCTCTGCACTCCAGCCTGGATGACAGAGTGAGACCATCTTTAAAAAGAAATAAAA","AAAAATAATTTTTTTTAATCAGCTGGGCATGGTGATACATGCCTGTACTCCTAACCACTCGGGAGTCTGAGGCAGGAGGATCACTTGAGCCCAGGAATTCAAGGTTACAGGGAGCTATGATCACACCTCTGCACTCCAGCCTGGATGACAGAGTAAGACCATCTTTAAAAAGAAATAAA"
"chr1","6821898","6822030","chr1","5954140","5954271","6","867758","GGCTGGGCACAGTGGCTTATACCTGCAATCCCAGCACTTTGGGAGGCCAAGGCTGGAGGATCACTTGAGGCCAGGAGTTTAAGATCAGCCTGGGCAACATATTGAGACCCTGTCTTTACCAAAAAAAAAAAAA","GGCTGGGCACAGTGGCTCATACCTGTAATCCCAGCACTTTGGGAGGCCAATGCTGGAGGATCACTTGAGGCCAGGAGTTTAAGACCAGACTGGGCAACATATTGAGACCCTGTCTTTACAAAAAAAAAAAAA"
"chr1","7773452","7773701","chr1","213032011","213032263","60","205258559","GCTCATGCCTGTAATCCCAGCACTTTTGGGGACTGAGGCAGGAGAATTGCTTGAGGCCAGGAGTTCAAGACCAGCTTGGGCAATATATTTAGATCCCCTGTCTAGACAAAAAATTTAAACATTAGCCAGGTATGGTGATGTGTACCTGTAGTCTAGCTACTCAGGAGGCTAAGGCTGAGGATTGCTTGAGCCCAGAAATTCCAGGCCACAGTGAGCTATGACTGTCCCACTGCACTCCAGTCTGGTCAAC","GGCTCATGCCTGTGATCCCAGCACTTTGGGAAGCCAGGATGGGAGGATCGCTTGAGGGTAGGAGTTCAAGACCAGGCTGGGAAATGTAGCAAGATCCTGTCTCAACAAAAAAATTTAAAAATTAGCCAGGCATGGTGGTGCACACTTTACAGCCCTGCCTACTAGAGAGGCTGAGGCGGGAGGATTGGTTGAGCCCAGGAGTTCAAGGTTATAGTGAGCTCTGATTGCACCACTCACACTCCAGCCTGGGCAA"
"chr1","7833125","7833253","chr8","26277262","26277394","21","18444137","GGCCAGGCACAGTGGCTCATGCCTGTAACCCCAGCATTTTGGGAGGCCAAGACAGGAGGATTGTTTGAATGCAGGAGTTTGAGACCAGCTTGGGCAACATGGTGAGACTGTCTAACAAAAATTTAAAAA","GACCAGGCACAGTGGCTCACGTCTGTAATCCCAGCACTTTGGGAGGCTGAGACAGGAGGATCCCTTGAGTCCAGGAGTTTGAGACCAGCCTGGGCAACATAGGGAGACCCTGTCTCTAAAAAAAGTTTAAAAA"
"chr1","8432774","8433065","chr1","7589707","7589998","13","843067","GGCTGGGCACAGTGGCTCATGCCCATAATCCCAACTCTTTGGGAGGCTGAGGCAGCAGGATTGCTTGAAATCAAGAGTTCAAGACCAAGCCTGGGCAACATAGTGAGAACCCCGTCTCTACAAAAAAAATTTTTTAAATTAGCTGGGCATGGTGACTGACACATACCTGTAGTCTGACCTACTTGGGAGGCCGAGCCAGGAGGATCATTTGAGCCCGGAAGCTCCACGTTACAGTGAACTGTGATCATACCACTGTAGCCTAGGTGGCAGAGCAAGACCCTGTCTCTAAAAA","GGCTGGGCGCAGTGGCTCATGCCCATAATCCCAACTCTTTGGGAGGCTGAGGGAACAGGATTGCTTGAAATCAAGAGTTCAAGACCAAGCCTGGGCAACATAGTGAGAACCCTGTCTCTACAAAAAAATATTTTAAAATTAGCTGGGCATGGTGACTGACACATACCTGTAGTCTGAACTACTTGGGAGGCTGAGCCAGGAGGATCATTTGAGCCCAGAAGCTCCATGTTACAGTGAGCTGTGATCATACCACTGCAGCCTAGGTGGCAGAGCAAGACCCTGTCTCTAAAAA"
"chr1","8484245","8484560","chr1","207481939","207482253","78","198997694","GGCCAGGTGCAGTGGCTCATGTCTTAATCCCAGCATTTTGGGAAGCTGAAGTGGGAAGATCACTTGAGGCCAGGCATTCTAGACCAGCCTGGGAAACATAGTGAGGCCCTGTCACTAGAAGAAACAAACAAACAAACAAAAACCCTAAAAAAATTAGACAGGTGTAGTAGCCTGTAGTCCCAGGTACTCAGGAGGTTGAGGCAGGAGGATTGCTTGAGCTCAGGAGTTTGAGGTTACAGTGAGCTATAATCACTCTACTGTACTCCAGCCTTGGTGACAGAGTGAGACTTAAAGAAAAAAAAGAAAAAGAAAAAAA","GCCAGGTACAGTGGCTCACATCTATAATCCCAGCACTTTAGGAGGCCGAGGCGGGAGGATCCTTTGAGTCCAGGAGTTCAAGACCAGCCTGGGCAACATGGCGAGATCCTGTCTCTACAAAAAATTTTAAAAAACAAAACACAAAAAGCTGGGCATGTTGGCACATGTCTGTGGTCCAAGCTACTTAGGAGGCTAGGGCAGGAAGATTGCTTGAGCCCAGGAGTTCAAGGTTACAGTGAGCTATGATCATGCCACTGTACTCTAGCCTGGGTGACAGAGAGATCCTGTCTCTAAAGAATAAAACAAAACAAAAAA"
"chr1","8535323","8535470","chr1","7692478","7692625","4","842845","GGCTGGGTGCAGTGGTTCACACCTATAATCCCAGTGCTTTGGGAGGCCAGGGCAGGAGGATCACTTGAAGCCAGGAGTTTGAGACCAGCCTGGGCAACCTAGTGAGACTCCCATCTACAAAAAATTTTAAAATTAACCAGGTGTGGTG","GGCTGGGTGCAGTGGTTCACACCTATAATCCCAGTGCTTTGGGAGGCCAGGGTAGGAGGATCACTTGAAGCCAGGAGTTTGAGACCAGCCTGGGCAACCTAGTGAGACTACCATCTACAGCAAATTTTAAAATTAACCAGGTGTGGTG"
"chr1","8643821","8644088","chr1","7801968","7802245","32","841853","GGCCAGATGCGGTGGCTCATACCTGTAACCCCAAGACTTTGGGAGAAGGAGGCAGGAGGATCACCTGAGGCCAGGAGTTCAAGACCAGCCTGAATAACATAGCAAGACCCCATCTCTACAAAAAAATTGTTAATAGGCCAGGTGTAAGCACACCTGTAGTCCTAGCTACTCAAGAGGCTGAGGCAGGAGAATCAATTGAGCCCAGGAGTTCGAGGATGTGGTGAACTATGATCACGCCACTACCCTCCAGTCTGAGCGACAGAGTGAG","GGCCAGATGTAGTGGCTCATACCTGTAACCCCAAGACTTCGGGAGACAGAGGCAGAAGGATTACTTGAGGCCAGGAGTTCAAGACCAGCCTGAGTAACATAGCAAGACACCATCTCTACAAAAAAAATTTTTTAATAGGCCAGGTGTATGCATACCTGTAGTCCTAGCTACTCAGAAGGCTGAGGCAGGAGAATCAATTGAGCCCAGGAGTTCAAGGATGTGGTGAACTATGATCACACCACTCACCTCCAGTCTGGGCGACAGTGAGACTCTGTCTC"
"chr1","8657237","8657346","chr1","7815143","7815253","8","842094","GAGACAGGAGGATTGCTTGAGCCCAGGAGTTCAAGACTAGCCTGGGCAACAAAATGAGACCCTGTCTCTACAAAATATTTTAAAAATTAGCCAGGCATGGTGGTACATGC","GAGACAGGAGGATTGCTTGAGCCCAGGAGTTTTAAGACTAGCCTGGGCAACATAGTGAGACCCTGTCTCTAGAAAAAATTTTAAAAATTAGCCAGGCATGGTGGTGCACGC"
"chr1","8736942","8737110","chr1","7884336","7884503","14","852606","GCTGGGCACAGTGGCTCACACCTATAATCCCAGCACTTTGGGAGGCTAACATGGGAAGACTGCTTGAGGCCAGGAGTTTGAGACCAACCTGGGCAACAAGGCAAGACCCCATCTCTACAAAAATTTTAAAATTAGCCAGGTACAGGGGCGCGTGCCTGTAGTCCTATCT","GCTGGGCACAGTGGCTCACACCTATAATCCCAGCACTTTGGGAGGCTAATGTGGGAGGACTGCTTGAGGCCAGGAGTTTGAGAACAACCTGGGCAACAAGGCAAGACCCCGTCTCTACAAAAAATTTTAAAAATTAGCCAGATGCAGTGGTGCGTGCCTGTAGTCCTA"
"chr1","8815355","8815488","chr3","157204243","157204376","25","148388888","GGCCAGGCGCAGTGGTTTATGTTTGTAATCCCTGCACTTTGGGAGGCCGAAAGGGAGGATGACTTGAGGCCAGGAGCTTCAGACCAGCCTGGGCAACAAAGCAAGAACCCGTCTCTAAAAAATTTAAAAGATTA","GGCCGGGTGTGGTGGCTCATGCCTGTAATCCCAGCACTTTGGGAGGCTGAGGTGAGAGGATCACTTGAGGCCAGGGATTCAAGACCAGCCTGGGCAACACAGCAAGACCCCATCTCTACAAAAAATTAAAATTA"
"chr1","9097421","9097564","chr1","8277909","8278053","8","819512","GGCCAGGAGTGGTGGCTCATGCCTGAAATTGCAGCACTTTGGGAGGTCAAGGCAGGAGGATCGCTTGAGCCCAGAAATTTGAGAGTAACCTGGGCAACAGAGTGAGACACTGTCTCTACAAAAATTTAAAAATTAGCTGGGCGT","GGCCGGGAGTGGTGGCTCATGCCTGAAATCACAGCACTTTTGGAGGTCAAGACAGGAGGATCGCTTGAGCCCAGAAATTTGAGAGTAACCTGGGCAGCAGAGTGAGACACTGTCTCTACAAAAAATTTAAAAATTAGCTGGGCAT"
"chr1","9128383","9128708","chr9","63549251","63549556","84","54420868","GGCCAGGTGTGGTGCTCACATCTTCATCCCAGCAACGTGGGAGGCTGAGGAAGACGGCTTGAGGCCAGGAGTTCAAGACCAGTCTGGGCAACATAGCAAGATCCCATCCCTACAAAAATTTAAAAATTAGCCAGGCGTGGTGGTTCACACCTGCAGTCCTAGCCACTCCATCACACCTGTAGTTCTAGCCACTTAGGAGGCTGGAATGGGAGGGTTGCTTGAGCCCAGGAGTTCGAGATTACAGTGAACCATGATCACACCATTGTACTCCAGCCTCGGCAACAGAGTGAGATCCGTCTCAAAAAAAAAAAAAAAAAGAAAAGAAA","GGCCAGGTGTGGAGGCTCACACCTGTAATCCCAACACCTTGGGAGGCCAAGGTGGAAGGATCACTCAAGGCCAGGAGTTCAAAACCAGCCTGGACTACACAGTGAGACCCCCAACTCTACAAAAAATAAAAAATTAGCCAGGTGTGGTGGCACCTGCCTGTAGTCCTACCTACTGGAGAGACTGAGAGGAAGAGAGAATTGCTTGAGCCCAGGAGTTCGTGGTTACAGTGAGCCATGATCACCCCACTGTACTTCATCCTGGGAAACAGAGTGAGACCATGTCTTTAAAAAAAAAAAAAAAAAAAA"
"chr1","9168751","9169053","chr1","8350188","8350493","21","818563","GGCTGGGCGAGGTGGCTCACCCTGTAATCCCAGCACTTTGGGAGGCTGGGGCGGGAGGATCACTTGAGCCCAGGAGGTTGAGACCAACCTGGGAAACATGGTAAGATCCCATCTCAACAGAAAATTTAAACATTAGCTGGGCATGGTGACATATGCCTGTAGTGCTAGCTACTCAGGATGCTGAGGCAGGAGGATCGCTTGAGCTCAGGAGTTCCAGGTTCCAGTGAGCTACGGTTGTGCCACTGCACTCCAGCCTGGGTGACAGAGTGAGGCCCTGTCTCAAGAAAAAAAAAAAAAAAAAGA","GGCTGGGCATGGTGGCTCACACCTGTAATCCCAGCACTTTGGGAGGCTGGGGTGGGAGGATCACTTGAGCCCAGGAGGTTGAGACCAACCTGGGAAACATGGTAAGACCCCATCTCAACAGAAAATTTAAAAATTAGCTGGGTGTGGTGACACATGCCCGTAGTGCTAGCTACTCAGGATGCTGAGGTGGGAGGATCGCTTGAGCTCAGGAGTTCAAGGTTCCAGTGAGCTATGGTTGTGCCACTGTACTCCAGCCTGGGTGACAGAGTGAGACCTTGTCTCAAAAAAAAAAAAAAAAAAAAAAAA"
"chr1","9324806","9324936","chr2","52806357","52806489","22","43481551","GGCCAGACGAGGTGGCTGATGCCTATAAATCCCAGCACTTTGGGAGGCCAAGGTGGGAGGATTGCTTGAGGCCAGAAGTTTGAGAATAGCCTGGGCAACATAGTGAGATCCCATCTCTACCAAAAAAAAAA","GGCCAGGCACGGTGGCTCCTGCCTATAATCCCAGCACTTTAGGAGGGCAAGGCAGGAGGATTGCTTGAGGCCAGGAGTTTGAGACCCACCTGGGCAACATAGGTAGACCCCATCTCTACAAAAAAATCAAAAA"
"chr1","9377415","9377464","chr13","15063375","15063423","11","5685960","AGCCTAGGCAACGTGGGGAGACCCTGTCTCTACAAAAAAACGAAAAATCA","CAGCCTGGGCAGCATAGTGAGACCCTATCTCTACAAAAAATTGAAAAAT"
"chr1","9527439","9527511","chr3","155506946","155507016","16","145979507","TAGCTGGGTGTGATGGCACACACCTGTGGTCCTGGCTACTTGAGAGGCTGAGGCAGAAGGATGGCTTAAGCCC","AGCTGGGTATAGTGGCACATGCCTGTAATCCTAGTTACTTGGGAGGCTGAGGCAGGAGGATTGTTTGAGCC"
"chr1","9610911","9611053","chr1","8787419","8787562","12","823492","GGCTGGGTATGGTGGCTCACGCCTGTAATCCCAGGCATGGGAGGCTGAGGCAGGAAGATCTCTGGAAACCAGGAATTTGAGACCAGGCTGGGCAACATAGTGAGACCCCATCTCTACAAAAAACTTTAAACAATTAGCCAGGC","GGCTTGGTATGGTGGCTCCCACCTGTAATCCCAAGCATGGGAGGCTGAGGCAGGAGGATTGCTAGAGACCAGGAATTTGAGACCAGCCTGGGCAACATAGTGAGACCCCATCTCTACAAAAAACTTTTAAAAAATTAGCCAGGC"
"chr1","9671037","9671214","chr2","84640092","84640260","38","74969055","TTAGCTTGGTGTGGTGGTGCACACAGTAGTCCTAACTGCTCAGGAGGCTGAGGCAGGAGGATTGCTTGAGCCCAAGAGGTTGAGGTTGCAGTAAACTATGATCGCACCACTGCACTCCAGCCTGGGTGACACAGAGAGACCCTGTCTCTAAAAAAAGGAAAAAACAAAACAAAAACAA","ATTAGCTGGGTGTGGTGGCATGCATCGTAGTCCCAGCTACTCAGGAGGCTGAGGCAGGAGGATTGCCTGAGCCCAGGAGTTCAAGGTTACAGTGAGCTATGATGGCACCATTGCACTGCAGTCCGGGCAACAGAGTGAGACACTGTCTTAAAAAAAAAAAAAAAAAAAA"
"chr1","9671508","9671638","chr15","8150163","8150300","32","1521345","GGCTGGGCACGGTGGCTTACGCACTATGGGGGGCTGAGGTGGGAGGACCACTTGAGCCCAGGAGTTTGAGACCAGCCTGGGCAACTTAGCAAGACCCCATATCTACAAAAATCTGAAAATTAGCTTGGTGT","GGCACAGTGGCTCACCTATAATCCCAACACTTTGGGAGGCTGAGGCGGGAGGATCACTTGAGCCCAGAAGTTTGAGACTAGCCTGGGCAACATGGCAAGACTCCATCTCTACAAAAAATTTAAAAATTATCCAGGTGT"
"chr1","9704591","9704873","chr1","44272464","44272753","59","34567873","GGCTGGATATGGTGGCTCATGTCTGTAATCCCAGCACTTTGGGAGGCCAGAGTGAGAAGATCCCTTGAACCCAGGAGGTCAAGACCAGCCTGGGCAATATAGTGAGACTGTCTCTACAAAAAATTAAAAAATTAGCCAGGTGTAGTGGTGTGCACCTGTAGGCACCTGGGAGGGTGAGATGGGAACATCACTTGAACCTAGGAATTTGTGTTACAGTGAGCTATGATGGCACCACTGTACTCCAGCTGGGGCAACAGAGTGAGACCCTGTTTCAAAAAAAAAA","GGCCGGGTGCGGTGGCTCATGCCTGTAATCCCAGCACTTTGAGAGGCTGAGGTGAGAGGATCGCTTGAGGCCTGGAGTTCAAGACCAGCCTGGGCAACATAGTGAGACCTCGTTTCTGCAAAAAATTAAAAAGTTAGATGGACGTAGTGGTGCACACCTGTGGTCCTAGCTACTTGGGAGGTTGAGGAGGGAGGATCTCTTGAGCCTAGGAGTTTGAGGCCACAGTGAGCTATGATGGCACCACTGCACTCCAGCCTGAGCAGCAAAGCAAGACCCTGTCTCAAAAAAAA"
"chr1","9746874","9747000","chr16","50928132","50928259","25","41181258","GAGGCTGTGGCGGGAGGATCCCGTGAGCCCAGGAGTTCGAGGTTACAGTGAGCAGTGACTGCACCACTACATTCCAGCCTGGGCGACAGAGCAAGACCTTCCCTACAAAAAAAAGAAAAAAAAAGAA","GACTGAGGCAGGAGGATCACTTAAGCCCAGGAGTTCGAAGTTACAGTGAGCAATGACTGGGCTACTGCACTCCAGCCTGGGTGACAGAGCAAGACTCTATCTCTAAAAAAATAAGAAATATTTAAAAA"
"chr1","10054995","10055251","chr1","9262276","9262521","30","792719","GGAGGAAGGCTTGAAGCCAGGAGTTGGAAACCAGCTTGGGCAACATAACGAGACCCCATCACTACAAAAAAATTTTTTTAAATTAGCTGGGTGTGGCAGCACACGCCTGTAGTCCTAGCTACTCAGGAGGCTAAGACAGGAGGATCACCGGAGCCCAGGAGTTCAAGGCTACAGTGAGCCATGATGCTGCCAGTGCACTCCAGCCTGGGAAACAGTGAGATCTTGTCTCAGAATAAAGAAAGGAAAGAAAAGAAAAA","GGAGGAAGGCTTGAGGCCAGGAGTTGGAGACCAGCTTGGGCAACATAACAAGACCCCATCGCTACAAAATTTTTTTTAAATTAGCTGGGTGTGGTGGCACACACCTGTAGTCCTAGTTACTCAGGAGGCTAAGACAGAAGGATCACCTGAGCCCAGGAGTTCAAGGCTACAGTGAGCCATGATACTGCCGGTGCACTCCAGCCTGGGCAACAGAGTGAGATCCTGTCTCAGAATAAAGAAAGAAAA"
"chr1","10060473","10060738","chr1","9267991","9268271","28","792482","GCGGTGGCTTACACCTGTAATCCTAGCATTTTGGGAAGCCAAGGTGGGAGGATCACTTGAGGCCAGGAGCTCAAGACCGGCCTGAGCAGCATAGTAAGATGCCTTCTCTACAAAAAAATTTTAAAAATTAGCTGGGCATGGTGGCACGTGCCTGTAGTCGTAACTACTCAGGAGGCTGAGGCAGGAGGATCACTTGAGCCTAGTGAGCTACAATTGCACCACTGCACTCTAGCCTAGGCAACAGAGACTGGCTCCAAAAAAAAAAA","GGCCAGGTGCAGTGGCTTACACCTATAATCCTAGCATTTTGGGAAGCCTAGGTGGGAGGATCACTTGAGGCCAGGAGCTCAAGATCAGCCTGAGCAGCATAGTAAGATGCCATCTCTACAAAAAAAATGTTAAAACTTAGCTGGGCATGGTGGCACGTGCCTGTAGCCGTAGCTACTCAGAAGGCTGAGGCAGAAGGATCACTTGAGCCTAGTGAACTACAATTGCACCACTGCACTCTAGCCTGGGCAACAGAGTGAGACTGGCTCCAAAAAAAAAAAAA"
"chr1","10120423","10120717","chr1","9322977","9323273","24","797446","GGCCAGGCACGGTGGCTCACGCCTGCAATACCAGCACTTTGGGAGGCTGAGGTGGGAGGATCACTTGAGGCCTGGAGTTGAAGACCAGTCTGGGCAACACAGCAAGACTCTGTCTCTACAAAAGATGAAAATATCAACTGGGCAAGATGGTGTGTGCCTGGAGTCCTGGCTACTTGGAAGGCTGAGGCAGGAGGACTGCTTGAGCCCAGGAGTTTGAGGTTATAGTGAGCACTCCAGCCTAGACAACAGAGTGAGATTCTGTCTCTTAAAAATAAATAAATAAATAAAATAAAAA","GGCCAGGCACAGTGGCTCATGCCTGCAATCCCAGCACTTTGGGAGGCCGAGGTGGGAGAATCACTTGAGGCCCAGAGTTGAAGACCAGTCTGGGCAACATAGGAAGACTCTGTCTCTACAAAAAATGAAAATATCAACTGAACAAGATGGTGTGTGCCTGGAGTCCTGGCTACTTGGAAGGCTGAGGCAGGAGGACTGCTTGAGCCCAGGAGTTTGAAGTTATAGTGAGCACTCCAGTCTAGGCAACAGGGTGAGATCCTGTCTCTTAAAAAAATAATAATAATAAAAATAAATAAA"
"chr1","10188965","10189265","chr1","9406637","9406956","37","782328","GGCTAGGTGTGGTGGTTCACCCCTGTAATCCCAGCTCCTCTGGAGGCTGAGGTGGGAGTATCACTTGAGCACAGGAGTTTAAGACCAGCCTGGGCAAGATGGCAAGACCCTGTCTCTATAAAAAATTTTCAAAAATTAACTAGGCATGGTGGCGCACACATGTAGTCCCTTCTACTTGGGAGGCTGAGGCAGAAGGATTGCTTGAGCCCAGAAATTCAAGGTGACAGTGAGCTATGATCATGATCATGGCACTGCACTCCAGCCTGGACAATAAAGTGATACCTTGGCTTAAAAGAAAAAA","GGCTGCGTGTGGGGGTTCACCCCTGTAATCCCAGCTACTCAGGAGGCTGAGGTGGGAGGATCACTTGAGCCCAGGAGTTTAAGACCAGCCTGGGCAAGATGGCAAGACCTTGTCTCTACAAAAAATTTTCAAAAATTAACCAGGCATGGTGGTGCACTCATGTAGTCCCTGCTATTTGGGAGGCTGAGGCAGAAGGATCGCTTGAGCCCAGAAATTCAAGGTGACAGTGAGCTAGGATCATGATCATGGCACTGCACTCCAGCCTGGACAATAAAGTGAGACCTTGTCTTAAAAAAAAAAAAAAAAAAAGAAGAAAGAAA"
"chr1","10201204","10201485","chr6","37356228","37356519","79","27155024","GGCCGGACGCAGTGGCTCACATCTGTAATCCCAGTGCTTTGGGAGGCTGAGGCGGGAGGATTGCTTCACATCAAGAGTTTGAGACAAGCTTGGACAACATAGCAGGACCCCCATCTCTACCAAAAAAAAAAAAAAATCTGGATGTGGGTGGTGTGTGTTTGTAGTCCTAGTGCTTCGGAGGCTGAGTGGGGAGGATGGCTTGAGTTTGAGATTACAGTGAGCTAAGACAGCGCCATTGCACTCCACTCTGGGCTCAGACTTTGCCTGCTAAAAATAAAAAGA","GGCCAGGCACAGTGGCTCACATCTGCGTGTAATCCCAGTGCTTTGGGAGGATAAGGCAGAAGGATCATTTGAAGCCAGGAGTTTAAGACCAGCCTGGGCAACATGGCAAGACCCTATCTCTACCAAAAAAAAGAAAAAGCCAGGTGTGGTGGCAGGTTTCTGTAGTCCTAGCTACTCAGAAGGCTAAGGCAAGAGGATCACTTGAACCCAGGAGTTTGAGCTTACAGTGAGCTATGATCATGCCAGTGAACTCCAGCCTGGGCAACAGAGCTGTCTAAAATAAATAAAAGAA"
"chr1","10388584","10388658","chr5","39056441","39056518","22","28667857","GCCAAGCCAGGAGGCTTTTAGCCCAGGAGTTTGAGACCAGCCTGGGCGACATGGTGAGACTCCATCTCAAAAAAA","GGCTAAGGCTGGCGGATTACTTGAGGCCAGGAGTTCGATACCAGCCTGAGCAACATAGTGAGACATTTCTTTACAAAA"
"chr1","10388953","10389102","chr16","50300723","50300876","59","39911770","TACAAAAAAAATTTTAAAACTAGCTGGGAATTGTGGTTCAAGGAGTTCAAAGTTGCAGTGAGTCATGTTCACACCACTGCAGGAGTTCAGGGTTTCAGTGAGCCATGTTCGCACTCCTGCATTCCAAGCTGGGCAACAGAATGAGACTCT","GCAAAAAAATTTTTTTAAATTAGCTGGGTGCAGTGGTATGTGCTTGTAGTCCCAGCTATATGGGAGGCTGAGGCAGGAGGACTGCTTGAGTTCAAGGTCACAGTGAGCTATGATTGTGCCACTGTACTCCAGCCTAGGTGACAGAGCAAGAACC"
"chr1","10427902","10428034","chr19","3881316","3881448","16","6546586","GGCTAGGTGTAGTGGCTCATGCCAATAATCCCAGAACTTTGGGAGGCCAAGGCAGGAGGATGGCTTGAGCCCAGGAGTTTGAGACCAGCCTGGCCACATAGTGAGACCCTCATATCTACAAAAAATTTAAAAA","GGCTGGGCACATTGGCTTATGCCAGTAATCCCAGCACTTTGGGAGGTCAAGGCAGGAGGATGGCTTGAGCCCAGGAGTTCGAGACCAGTCTGGGCAACATAGTGAGACCCCATCTCTACTAAAAATTTAAAAA"
"chr1","10469683","10469987","chr1","9730305","9730593","34","739378","GGCTCGGCCCTGTGGTTCATGCCTGTACTTCCAGCACTTTGGGAGGCAGAGGTAGGAGGGCTACTCAAGTCCAGAAGTTCAAGACTAGCCTGCGCAACACAGCAAGACCCCCTCGCTACAAAAATTCAAAAAATAATTAGCTGGGCATGGTGGCATGCACCTGAGTCTTAGCTACTCAGGAGGCTGAGGCTGGAGGATCACTTGAGCCCAGGACTTGGAGATTACAGTGAGCTATGTATGATTGCACCACTGCACTCCAGCTTGGGCGACAAAGAAAGACCCTGTCTCTCTAAAAAAAAAAAAAA","GGCTCGGCCCTGTGGTTCATGCTTGTAATTCCAGCACTTTGGGAGGCAGAGGTAGGAGGGCTACTGAAGTCCAGAAGTTCAAGACTAGCCTGAGCAACACAGCGAGACCCCCTCTCTACAAAAATTCAAAAAAATAATTAGCTGGACATGGTAGCATGCACCTGTAGTCTTAGCTACTCGGGAGGCTGAGGCTGGAAGATCACTTGAGCCCAGGACTTGGAGATTACAGTGAGCTATGATCACACCACTACACTCCAGCTTGGATGACAAAGAAAGACCCTGTCTAAAA"
"chr1","10470761","10471051","chr17","10011968","10012249","63","458793","GGCCAGGCACAGTGGCTCACACCTGTAATCCCAGCACTTTGGGAGGCTGAAGCAGGAGGACTGCTTGAGGCCAGGAGTTCGAGACCAGCCTGGACAACATAGTGAGGCCCTGTCTCTATACAAATTTTTAAAAAATGAGTCTGACATGGTGGCACATACCTGGAGTTCTAGCTACTCGGGAGGCTGAGGCAGGAGGATGACTTGAGCCCTGGATTTCCAGCTTACGGTGAGCTATGTCACACCACTGCACTACAGGCACTATAGGCTGGCTGAAAGATGGAGACTCTGTCT","GGGCACAGTGGCTCACATCTGTAATCCTAGTGCTTTGGGAGGCTGAGGCAGGATGATCACTTGAGGCCGGAAGTTTGAGACCAGCCTGGACAATATAGTGAGACCCTGTCTCTACAAAAAATGTTTAAAATAAATTAGCCGGCATGGTGGCACGTGCCTGTAGTTCCAGCTGCTCTGGAGGCTGAGGCAGAAGGATCGTTTGAACCCAGGAGCTCAAGGTTACAGTGAGCTATGATCGTGCCACTGCACTGCACTCCAGCCTGTGCAACAGAGACCCTGTCT"
"chr1","10545671","10545908","chr5","135917876","135918081","77","125372205","GCTGGGCCTCATGACTCATGCCTGTAATCCCAGCTACTGGGGCAGCAGGGGGCAGTGTGCAGGGGAGAGGAAGGGATTGCTAAAGACCAGGAGTTCAAGACCAGCCTGGGCAACACAGTAAGACCTTGTCTCTAAAAAATAAAATAAAATAAAAAATTATTCTTAAATTAGCCAGGCGCAGTGGCACACACCTATAATCCTAGCTATTCGGGAGGCTGAGGCAGGAAGATAGCCAGAG","GGGTGCAGTGGTTCATGCCTATAATCCCAGCACTTTAAGAGGTCGAAGCAGGAGGATTGCTTGAGGCCAGAAGTTCAAGACGAGCCTGGGCAACAAGGTGAGACCCTGTCTCAATAAAAAATTTAAAAGAAAAAATTATCTGGGTGTGGTGGCACATACCTGTAGATCTAACTACTCAGGAGACTGAGGAAGGAGTTTTGCTTTAG"
"chr1","10826635","10826762","chr5","48846364","48846471","39","38019729","TGAGCCCGGGAGCTCGAGGTTACAGTGAGCTATGGATCTGAGCTCTGATTGTGTGTGTGCCACTGCACTCCAGCCTAGGCAACAGAGCAAGACCTTGTCTCAACTAAAAACAACAAAGAAACAAAAAA","GAGCTCAGGAGGAGTTCAGGTTTATAGTGAGCTATGATTGAGCCACTGCACTCCAGCCTGGGTGAAGAGCAAGCTCCTGTCTCCAAAAAGAAAAAGAAAAGAAAAAAA"
"chr1","10990853","10991010","chr1","10258770","10258927","11","732083","GGCTGGGTGGTGGTATGTGCCTGTAATTCTAGCATGTGGGAAGGCCAAGGTGAAAGGATCACTTGAGGCAAGGAATTCATAACCAGCCTAGGCAACATAATGAGACCCTGTCTTTACAAAAAACTTTTTTAATTAGCCAGATGTGGTGGTGCACACCT","GGCTGGGTGGTGGTGCGTGCCTGTAATTGTAGCATGTGGGAAGGCCAAGGTGGGAAGATCACTTGAGGCAAGGAGTTCATAACCAGCCTAGACAACATAATGAGACCCTGTCTTTACCAAAAAATTTTTTAATTAGCCAGAAGTGGTGGTGCACACCT"
"chr1","11090553","11090832","chr1","10372588","10372865","19","717965","GCCAGGCATGGCAGCTCATGCCTGTAACCCCAACACTTTGAGAAGCTAAGGTGAGAGGATTGCTTGAATCTAGGAGTTTGAGACCAGCCTGGGAAACATAGTGAGACCCTGCCTCTACAAAAAATAAAAAAATTCGTTGGGCATGGTGGCATGGGCCCAGTCTACCCTGGATGCTGAGGCCAGAGGATTGTTTGAGCCCAGGAGTTCAAGCTTACAGTAAGCTATGATTGTGCCACTGCACTCCAGCCTGGATGACAGAGACCCTATCTCTAAAAATAAA","GCCAGGCACGGTGGCTCATGCCTGTAACCCCAACACTTTGAGAAGGTAAAGTGAGAGGATTGCTTGAATCTAGGTTTGAGACCAGCTTGGGAAACATAGTGAGACCCTGCCTCTACAAAAAATTAAAAAATTAGTTGGGCATGGTGGCATGGGCCCGGTCTACCCTGGATGCTGAGGCCGGAGGACTGCTTGAGCCCAGGAGTTCGAGCTTATAGTAAGCTATGATTGTGCCATTGCACTCCAGCCTGGATGACAGAGACCCTGGCTCTAAAAATAAA"
"chr1","11100901","11101071","chr16","24865099","24865260","40","13764198","AGGTGGGTACAGTGGCACATGCCGGTGGTCCTACCTGCTCAGGAGGCAGAGGCAGGAGGATCACCTGAGCCTGGGAGGTTGAGGCACAGTGAGCTATGATCATGCCACTGCTGCACTCTAGCCTAGGTGACAGCGTGAGACCTTGTCTACAAAAAAATAAAAAATAAAAAA","CAGGTGTGGTAGCACATGCCTGTAGTCCTACCTACTTGGGAGGCTGAGGTGAGAGGATACCTAAACCCAGGATTTGAGGTTATAGTGAGCCATGACTATGCCACTGCACTCTAGCCTGGGTGACAGAGTGAGACCCTGTTTCCAAAAATAAAAAGTAAAAAA"
"chr1","11101450","11101587","chr3","126620481","126620621","25","115519031","GCTGAGCTCAGTGGCTCACGCCTGTAATCCTAACATTTTGGGAGGCCAAGGCAGAGGAGTTGCTTGAGGCCAGGAGTTCGAGACCAGCCTGGGCAACATAGTAAGACCCCTTTCTGCAAAAACTGAAAAAATTAGGCG","GCTGGGCGCAGTGGCTCATGCCTGTAATCTTAGCACTTTGGGAGGCCAAGGCAGGAGGATTGCTCGAGCCAGGGAGTTTGAGGCCAGCCTGGGCAACATAGCAAGACCCTGTCTCTACAATAAATTTAAAAATTAGCTGGG"
"chr1","11171501","11171806","chr15","26711810","26712122","70","15540309","GGCTGTGTGTGGTGGCTCAGGCCTATAATCCTAGCACTTCGGGAGGTTGAGATGGGAAGATCTCTTGAGGCTAGGAGTTCCACACCAGCCTCAACATAGTGAGACTCCGTCTCTACAAAAAAATTTAAAAACAGGCAGGTGTGTTGGTGTGCGCTTGTATTCCCAGCTACTTTGGAGGCTCAGGCAGGAGGACTGCTTCAGCTCACGAGTTCCAGGTTTCAGTAAGCTATATGATTGCACTACAGCACTCCAGGGTGGGTAACAGAATGAGACTATGTCTCTAAAAAAATAAAAAATAAAAATAAA","GGCTGGGCAATGGTGGCTCATACCTGTAATCCCAACACTTCGGGTGGTTGAGATGGGAGGATCACTTGAGGCCAGGAGTTTAAGACCAGCCTGGGCAACACAGTGAGACCCATCTCTACAAAAAATTTAAAAATTAGCTAGGCATAGTGGCATGTGCCTGTAGTCCCAGCTACTTAGGAGGCTGAGGCAAAAAGATTACTTGAACCCAGGAGTTTGAGGTTACAGTGAGCTATGATGGCACTACTGCACTCCAGCCTGTGTGACAGAGTGTGAGACCCTGTCTCTAAAAAATAGATAAATAAAATAAAATAAA"
"chr1","11306859","11307185","chr7","19632617","19632910","81","8325758","GGCCAGGTGTGGTGATACACACTTGTAACCCCAGCACTTTGGGAGGCCAAAGCAAGAGGATTACTTGAGGCCAGGAGTTCAAGACCAACCTGAGCAACATAGCAAGACCCCATCTCTACAAAAATTAAAAATTAGCCAGGCATGGTGGTGGACTGGTTAGTCCACCTGGTTAGTCCACCTGGACTGGTTAATCCTCCTGGTTAGTCAGGAGGCTGAGGCAGGAGGATCGCTTGAGCCCAGGAGTTTAAGTTTGCGGTGAGCCATGATGGTGCCACTGCACTGCAGCCTGGGTGACAAAGTGAGACCCTGCCTCAAAAAACAAAACAA","GGCCAGGTGCAGTGGCTCACACCTATAATCCCAGCCCTTTGGGAGGCCAAAGCAGGAGGACAGTTTGAGACCAGGAGTTTCAGACCAGCCTGGGCAACACAGCAAGACCCTGTCTCTACAAAAAATAAAAACAGCCAGGTGTGGTGGTGCGCATTTGTAGTCCTAGCTATTTAGGAGGCTGAGGCAGGAGGAAACTTGAGCCCAGGAGTTTGAGGTTGCAGTGAGCTATGATGGTGCCACTGCACTCCAGCCTGGGTGACAGAGTGGGAGACTTTCTCTTAAAACAAATGAAAA"
"chr1","11358935","11359232","chr1","10636980","10637278","28","721955","GGCTGGGTGTGGTGGCTCACACCTGTCATCCCAGCACTCTGGAGGCTGAAGCAGGAGGATCCTTGAGGCCAGGATTGAGACCAGCCTGGGCAACATAGGGAGATGCTCACTCTACAAGGTATTTTTTAAATTAGCTAGATGTGGTGGCATGCACCTATAGTCCCAGCTACTCAAGAGGCTGAAGCCGGAGGATCACTTGAGCCCAGGAGTCAGGGGTTACAACGAACTATAATTGTACCACTGCACTCCAGCCTGGGCAACAGTGCAGGACCCTGTCTTGAAATAATAATAATAATAA","GGCCGAGTGTGGTGGCTCACACCTGTAATCCCAGCACTCTGGGAGGCTGAAGCAGGAGGATCCTTGAGACCAGGAGTGAGACCAGCCTGGGCAACATAGGGAGACGTTCTCTCTACAAAATATTTTTTAAATTAGCTGGATGTGGCGGCATGCACCTATAGTCCCAGCTACTCGAGAGGCTGAGGCAGGAGAATCACTTGAGCCCAGGAGTTGGAGGTTACAATGAATTATAATTGCACCACTGCACTCCAGCCTGGGCAACAGTGCAAGACCCTGTCTCAAAATAATAATAAAAAAAA"
"chr1","11582804","11582947","chr18","23144302","23144442","32","11561498","GTCAACCAGACATGGTGGTGCACACCTGTAGTCCTAGCTACTTGGGAGGCTGAGGCCAGAGAATCACTTGAACACAGGAGTTAGAGGTTAGTGCTATGATCGCACCACTGCACTCCAGCCTGGGTGACAGAGTGAGACCCTATC","TAGCCAGGCATGGTGGTGCATACCTGTAGTACTGGCTGCCTGGGAAGCTGAGGCGGGGAATCACTTGAGCCTAGGCGTTCAAAGTTACAGTGAGCTATGATTGCACCACTGCACCCAGTCTGGGTGACAGAGCAAGACCCT"
"chr1","11583260","11583392","chr7","111620999","111621131","28","100037739","GCTGGGTGTGGCGGCTCACACCTGTAATCCCAGCACTTTGGGAGGCTGACGGGAGGATCACTTGAGTCTAGGAATTTGAGAGCAGCCTGGGCAACAAAATGAGACACTGTATCTACTGAAAACGAAAAATTCT","GACTGGGTGTAGTGGCTCACACCCGTAATCCTAGCACTTTGGGAGGCCAAGGTGGGAGGACAGCTTGAATCCAGGAGTTGGAGAGCAGCCTGGGCAACAAAGTGAGACCTGTCTCTACAAAAAACTTTAAAAA"
"chr1","11753942","11754083","chr14","10853551","10853688","32","900391","GGCCGGGCATGGTGGCTCACACCTGTAATCCCAGCACTCAGGGAAGCCGAGGAGGGAGGATTGCTTGAGCCCAGGCTGGAGTGCAGTGGTGCGATCATGGCTCACCAGTGGGACTCTGTCTCTACCAAAATTTTTAAAAATT","GGCCAGGCATGATGGCTCACACCTGTAATCCCAGCACTTTGGGAGGCTGAGGTGGGAGGATTGCTTGAGCCCAGATCTTTGAGACCAGCCTGGGCAACATAGTGAGACCCTGTCTCTACTAAAAATTTTAAAAATTAG"
"chr1","11790288","11790428","chr1","11075614","11075759","16","714674","GGCACAGTGGCTCATGCCTATATGCTCAGCACTTTGGGAGGCCAAGGCAGGAGGATCGCTTAAAGCCAGGAGTTCAAGACCATCCTGGGCAATAAAGTGAGACTTTGTTCCTACAAAAAAATTTGTTAAAAATTAGCAGGG","GGTCGGGCACAGTGGCTCACACCTATACGCCCAGCACTTTGGGAGGCCAAGGCAGGAGGATCGCTTAAAGCCAGGAGTTCAAGACCAGCCTAGGCAACAAAGTGAGAATTTGTTCCTATAAAAAATTTTGTTAAAAATTGGCAGGG"
"chr1","11871477","11871607","chr1","100917561","100917687","19","89046084","GGCCAGGCATGGTGGTTCACACCTGTAATCCCAACACTTTGGGCGGCTGAGACAGGAGGATCACTTGAGGCCAGAAGTTTGAGACCAGCCTGAGCAACATAGCAAGATTACAGCTCACAAAAATTAAAAAT","GGACAGGCATAGTGGCTCACACCTGTAATCCCAGCACTTTGGGAGGCTGAGGCAGGAGGAATACTTGAGGCCAGGAGTTTGAGACCAGCCTGGGCAACATAGCAAGATCTCATCTCTAATTTAAAAA"
"chr1","11922218","11922346","chr12","20446566","20446692","16","8524348","GCTGGGCACGCTGGCGCACACCTGTAATCCCAGCACTTTGGGAGGCCAAGGTGGGAGGATCACTTGAGCCCAGGAGTTTGAGACAAGCCTGCGCAACATAGTGAGACCCTGTCTCTATTTTAAAAATTA","CTGGGCGTGGTGGCTCACACCTGTGATCCCAGCACTTTGGGAGGCCAAGATGGGAGGATCACTTGAGGCCAGGAGTTTGAGACCAGCCTGGTCAACATAGTGAGCCCCTGTCTCTATTATTTAAAAA"
"chr1","11970048","11970340","chr1","11286343","11286644","23","683705","GCCAGGAGCAGTGACTCACACCTGTGATCTCAACACTTTGGGAGACCAAGGCAGGAGGACTGCTTGAGGCCAGGAGTCCAGCCCAGATAATATAGTGAGATCCCATCTCTACAAGAATTTTAAAAATCAGCTGGGTGTGGTGGCACACACCTGTAGTTCCAGCTACTTGGGAGGCTGAGGCAGGAGGATCGCTGGAGCCCAGGAGTTCAGGGTTCCAGTGAGCTGTGATCGCACCACTGCACTCCAGCCTGGGCAACAGAGTGAGACCCTGTCACTAAAGAATAATATGAAAA","GCCAGGAGCAGTGGCTCACACCTGTGATCTCAACACTTTGAGAGACCAAGGCAGGAGGACTGCTTGAGGCCAGGAGTTTTGAGTCCAGCCCAGATAATATAGTAAGACCCCATCTCTACAAAAATTTTAAAAATCAGCTGGGTGTGGTGGCCGCACACCTGTAGTTCCAGCTACTTTGGGAGGCTGAGGCAGGAGGATCACTTGAGCCCAGGAGTTCAAGGTTCCAGTGAGCTGTGATTGTACCATTGCACTCTAGTCTGGGCAACAGAGTGAGACCCTGTCACTAAAGAATAATATGAAAA"
"chr1","12143802","12143936","chr1","11478098","11478232","11","665704","GGCCGGGCACAGCGGCTCACGCCTGTAATCCCAGCACTTTGGGAGGCTGAGGGAGGAGGATCGCTTAAGGCCAGGAGTTCAAGACCAGTCTGGACAACATAACAAGACCCGGTCTCTTTCTATAAATGAAAAAAT","GGCCGGGCACAGTGGCTCACGCCTGTAATCCTGGCCCTTTGGGAGGCCGAGGGAGGAAGATCGCTTAAGGCCAGGAGTTCAAGACCAGTCTGGACAACACAGCAAGACCCGATCTCTTTCTGTAAATTAAAAAAT"
"chr1","12228835","12229148","chr1","11561638","11561946","36","667197","GGCTGGGCGTGGTGGCTCACGCCTGTAATCCCAGCACTTCGGGAGGCCAAGGCAGGAGGATCATTTCAGGCCAGGAGTTCACAACCAGCCTGGGCAACATAGCAAGACCCTATCTCTACTAAAATTAAAAAAAAATTAGTTGGTCATGGTGACATGCTCCTGTAGTCCTAGCTACGTGGCAGACTGAGAGGTAGGAGGATCCCTTGAGCCCAGGACTTTGAAGTTACAGTGAGCTATGATTGCACCACTGCACTCTAGCCTGGGTGACAAAGCAAGACCTTGTCTCAAAAAAGAAGACAAAATAAAAAAGGAAA","GGCTGGGTGTGGTGGCTCAGGCCTGTAATCCCAGCACTTTGGGAGGCCAAGGCAGGAGGATCATTTCAGGCCAGGAGTTCACGACCAGCCTGGGCAATACAGCAAGACCCTATGTCTACTAAAAATAAAAAAAAAAATTAGTTGGTCGTGGTGGCTTACACCTCTAGTCCTAGCCACTTAGGAGGTAGGAGGATCCCTTGAGCTCAGGACTCTGAAGTTACAGTGAGCTATGATTGCACCACTGCACTCCAGCCTGGGTGACAAAGCGAGACCCTGTTTCAAAAAAGAAAACACAGTAAAAAAAGGAAA"
"chr1","12328124","12328430","chr1","11666074","11666387","37","662050","GGCCAGGTATGGTGGCTCACACCTATAATCCTAGCACTTTGGGAGGCCAGGGCAGGAGGATCACTTGAGACCAGAAGTTCCAGACCAGCCTGGGCAACATAGTGAGACCTTGTCTCTACTTTTTTCTATTTTTTTTTTTTTAAATTAGCCAGGCATGGTGGTGCATGCCTATAGTCCTAGCTACTCAGTAGGCAGGAGGGTCACTTGAGCCTAGGTGTTCAAAGTCACAGTGAACTATGATTGCACCACTGCACTCAAGGCTGGGCAATAGAGCAAGACTCTATTTCCAACAAAAACAAAAACAAAA","GGCCAGGTACGGTGGCTCACACTTGTAATCCCAGCACTTTGGGAGGCCAGAGCAGGAGGATCACTTGAGACCAGAAGTTCTAGACCAGCCTGGGAAACATAGTGAGTCTCTACATTTTTTTCTTTTTTTCTTTTTCTTTTTTTAATTAGCCAGGCATGGTGGTATACGCCTGTAGTCCCAGCTACTCTGGAGGCAGGAGGGTCACTTGAGCCCAGATGTTCAAAGTCACAGTGAACTATGATTGCACCACTGCACTCAAGCCTGGGCAATAGAACAAGACTCTATTTCCAATAAAAACAAAAACAAAAACAAAA"
"chr1","12465300","12465398","chr1","11798162","11798253","13","667138","AGCTCTTTGGGAGGCTGAGGTGGGAGGATGACTTGAGGCCAGGAGTTCGGAGCAGCCTGGGCAACATGGCGAAACCTCATCTCTACAAAAAATTGAAAA","AGCTCTTTGGGAGGCTGAGGATGACTTGAGGCCAGGAGTTCGGACCTGCCTGAGCAACATGGCGAGACTCCATCTCTACAAAAAATTGAAAA"
"chr1","13621107","13621392","chr1","12288924","12289213","24","1332183","GGCCAGGTGTGGTGGCTCATGTCTATAATCCTAACACTTTGGGAGGCCAAGATGAGAGACTTACTTGAGCTCAGGAGTTCGAGACCAGCCTGGGCAACATAGCAAGACCCTGTCTCTACAAAAATTTTAAAAATTAGCCAGGTGTGGTGGTACACACCTGTAGTTCAAGCTACTCAGGAGGCTGAGGCAGGAGGATCATTTCAGCCTGGGAAACTGAGGCTATGATCACGCCACTGCACTCTAGCCCAGAAAACAGAGACCCTGTGTCAAAAAGAAAAAAAAGAAA","GGCCGGGTGTGGTGGCTCATGTGTACAATCCCAGCACTTTGGGAGGCCAAGATGAGAGACTCACTTAAGCTCAGGAGTTCGAGACCAGCCTGGGCAACACAGCAAGACCCTGTATCCACAAAAAATTTAAAATTTAGCCAGGTGTGGTGGTACACACCTGTAGTTCAAGCTACTCAGGAGGCTGAGGCAGGAGGATCATTTGAGCCTGGAAGACTGAGGCTATGATCATGACACTGCACTCTAGCCCAGACAACACAGTGAGACTCTGTGTCAAAAAAAAAAAAAAAAAA"
"chr1","15027437","15027719","chr2","153692636","153692913","58","138665199","GGCCAGACACAGTGGTTCATGCCTGTAATCCCAGCGCTTTGGAAGGATGAGGTGGGAAGACCACTTGAGGCCAGAAGTTCGGGACCGGCCTGGGCAACACAGCCATACCACATCACTACAAAAAGATTAAAAAATCAGCTGGGCATGGTGACATGCATCCGTAGACCTAGCTACTCAGAAGGCTGATGCGGGAGGATCACTTGAGCCCAGGAGTTCGAGGTTACAGTGAGCTATGATTGTGCCACTGTACTCCAGCCTGGATGAACGCATGAGGCCTTGTCTC","GGCAGAGTGCAGTGGTTTATGCCTTAATCCCACCGCTTTGGGAGGCCAAGCTGAGAGGATCACTTGAGGCCAGAAGTTCAAGATCAACCTGGCAACATAGCATGCCATCTCTACAAAAAAATTAAAAAATTAGATGGGCATGGTGGAGTACACCTGTAGTCCTAGCTACTCAGGAGGCTGAGGCAGGAGGATCCCTTGAGTCCAGGAGTTCGAGGCTATAGTGAACTATGATTACACCACTGCACTCCAGCCTGGGTAGCAGAGTGAGAACCTGTCTC"
"chr1","15733014","15733164","chr1","14489098","14489249","9","1243916","GGCAGGGCTCAGTGGCTCATGCCTGTAATTCCAACACTTTAGAAGGCCAAGGCAGGAAGACTGCTTGAGCCCAGGAGTTGGAGACCAGATTGGGCAACAGAGGGAGAAACCCTGTCTATACACAAAAAATTTAAAATTAGCCGGCTGTGGT","GGCAGGGCTCAGTGGCTCATGCCTATAATTCCAGCACTTTAGAAGGCCAAGGCAGGAAGATTGCTTGAGCCCAGGAGTTGGAGACCAGACTGGGCACCAGAGGGAGAAACCCTGTCTATACAAAAAAAATTTTAAAATTAGCCAGGTGTGGT"
"chr1","15811351","15811662","chr1","8350188","8350493","71","7461163","GGCCAGGTGCAGTGGCTCACACATATAATCCCAGTACTTTGGGAGGCTGAGGCAGGAACATTGCTTGAGGTCAGGAGTTCAAGTCCACCCTGGGCAACATAGTAAGATCCTGTCTCTAAGAAATTTTTAAAAATTAGCTGGGTGTGCCAGTATGTACCTCTAGCCCTAGCTACTCAGGAGGCTGCTGTGAGAGGGTGGCTTGAGCCGAGGAGTTTCAAGGTTACAGTGAGCTATGATTGTGCCACTGTACTCCAGCACTGCAACCTGGGCGATAGAGTGAGATGCTGTCTAAAAAAAAAAAACAAAAAAAAA","GGCTGGGCATGGTGGCTCACACCTGTAATCCCAGCACTTTGGGAGGCTGGGGTGGGAGGATCACTTGAGCCCAGGAGGTTGAGACCAACCTGGGAAACATGGTAAGACCCCATCTCAACAGAAAATTTAAAAATTAGCTGGGTGTGGTGACACATGCCCGTAGTGCTAGCTACTCAGGATGCTGAGGTGGGAGGATCGCTTGAGCTCAGGAGTTCAAGGTTCCAGTGAGCTATGGTTGTGCCACTGTACTCCAGCCTGGGTGACAGAGTGAGACCTTGTCTCAAAAAAAAAAAAAAAAAAAAAAAA"
"chr1","15826137","15826264","chr5","58891178","58891305","24","43065041","GGACACAGTGGCTTGCACCTGTAACCCCACACTTTGGGAGGCTGGAGTGAGAGGAAGGCTTGAGGCCAGGAGTTCAAGACCAGCCTTAGCAACACAGGGAGACCCGGTCTCTACAAAAAAACCAAAAA","GGCACAGTGGCTCACACCTGTAATCCCAGCACTTTGGGAGGCGGAGGTGGGAGGAAAGCTCCAGGCCAGGAATTCAAGACCAGCCTGGCCAACAGAGAGATCCCATCTCTATACAAAAAAATTAAAAA"
"chr1","15963003","15963288","chr1","44272464","44272753","65","28309461","GCTGGGCGTGGTGGCTCATGCCTGTGATCCCAGCACTTTGGGAGGCAGAGGCGAGAAGATTGCTTGAGGCTAGGAGTTCCAGGTCAACCTGTGCAACATAGCGAGACTGGTCTCTACAGCATGTTTCAATTACCTGGGCGTGGTGTTGTGCGCCTTTAGTCCCAGCTACTTGGGATGCTGAGGCAGGAGGATTGCTTGTGCCTGGGAGTTTGAGGTTACAGTGAGCTATGATTGCACCACTGCACTCCAACCTGGGAACATGGTGAAACCTCGTCTCTACAAAAAA","GGCCGGGTGCGGTGGCTCATGCCTGTAATCCCAGCACTTTGAGAGGCTGAGGTGAGAGGATCGCTTGAGGCCTGGAGTTCAAGACCAGCCTGGGCAACATAGTGAGACCTCGTTTCTGCAAAAAATTAAAAAGTTAGATGGACGTAGTGGTGCACACCTGTGGTCCTAGCTACTTGGGAGGTTGAGGAGGGAGGATCTCTTGAGCCTAGGAGTTTGAGGCCACAGTGAGCTATGATGGCACCACTGCACTCCAGCCTGAGCAGCAAAGCAAGACCCTGTCTCAAAAAAAA"
"chr1","16322968","16323161","chr1","148996237","148996447","61","132673269","CACACCTGGCCAATCTCAGCACTTTGGGAGGCTGAGGAGGGTGAATTGTTTGAGACCAGGAGTTCAAGACCAGCCTGAGCAACATAACAAGACCTCTTCTCTACAAAAAATTAAATTAAAAAATTGACTCACAGATGTAATCCTGTCACTTTGGAGGCCAAGGCAGGCAGATCACTTGAGCCCAGGAGTTCAAG","ATGCCTGTAATCCCAGCACTTTGGGAGGCTGAGATGGGAGGATTGCCTGAGGCCAGAAGTTCAAGACCAGCCTGGGCAACATAGCAAGACCTTATCACTCAAAAAAAAAGAAAAAAAAAAAAAAAAAGGCAGGAACAGTGATGTTCACTTTAGTGCTAGCTACTTGGGAGGCTCAGGCAGAAAGATATCTTGGGCCCAGGAGTTCAAGGTT"
"chr1","16358497","16358696","chr6","178615392","178615597","57","162256895","GAGCCCAGGAATTTGAGACCAGCTTGGTCTCTCGAAAAGTTTTAAAATTAGCTGGGTATGGTGGGAGCTACTTCCGGGGCTGGGGAGAAACGGGGAGGATCACTTGAGCCCAGGAGTTCAAGGCTACAGTGAATGATGATTGTGCCACTGCACTCCAGCCTGGGTGACAGAGCAAGACCCTGTCTCTAAAAAAATAAGAA","CAGCCTGGGCAACACAGCAAGACCCCATCTCTACAAAAAATTTAAAAATTAGCTGGGCATGGTGGCTTCTTCTTACAGCCCTAGCTACTCAGGAGGCAGAAAGATTGCTTGAACCCAGGAGTTCAAGGATACAGTGAGCTATGGTTGCACCACTGCACTCCAGCCTGGGTATCACAGCAAGACCCTGTCTTAAAAAAAAAAAGAAA"
"chr1","16505294","16505428","chr11","122324056","122324186","33","105818762","GGCTGGGTGCAGTGGCTCACGCACCTGTACTCCGAGCCTCAGGAGGAGGCTGAGGTGGGAGTATCACTTGAAGCGATCTGAGTTCAGATCAGTCTGGGTAACAAGGCAAGACCACCGCCCCCTCCATTTAAAAAT","GGCCAGGTGCAGCGGCTCACACCTGTAATCCCAGCACTTTGGGAGGCTGAGGTGGGAGGATCGCTTGAAGCCAGGAGTTCGAGACCAGCCTGGGCAACACAGCAAGACCCCGACTCTATTAAATTTAAAAA"
"chr1","16607747","16607833","chr5","187692199","187692275","32","171084452","TAAAAAAAAATAAAAAATTAAGGGCTGGGTGTGGAGGCTCACGCCTGTATTCCTAGCACTTTGGGATACCGAGGCGGGCAGATCACT","AAAAAATGTAAAAAGCTGGGCATGGGGGTGCATGCTTGTAGCCCTTGCTACTCAGGAGACTGAGGCAGGAAAGTCAC"
"chr1","16608136","16608269","chr7","84475245","84475382","22","67867109","CTGGGCACAGTGGCTCACGCCTGTAATCCCAGCACTTTGGGAGACTAAGGCGGGTGGATCACTTGAGGCCAAGAGTTTGAGCCCAGCCTGGCCAACATGGCAAAACCCCATCTGTACTAAAAATTTTAAAAATT","GGCTGGGCACAGTGGCTCACACCTGTAATCCCAGCACTTTGGGAGGCTGAGACAGAAGATCACTTGAGCCCAGGAGTTTGAGACCAGCCTGGCCAATATAGCAAGACCCCATCTCTATTATTAAAAATTTAAAAATTA"
"chr1","17055001","17055146","chr7","17162294","17162440","23","107293","GGCCAGGTGTGGTGGCTCACGCCTGTAATCCCAACACTTTGGGAAGTCGGAGCAGGATGATTGCTTGAGCCCAGGAGTTCGAGACCAGCCTGGGCAACATAGCCAGACTCCATCTCTACAAATAATTTTTTAAAAAATTATCCGGG","GGTTGGGCATGCTGACTCACGCCTGTAATCCCAGCACTTTGGGAGGCCAAGGCAGGAGGATTGCTTGAGCCCAGGAGTTCGAGACCAGCCTGGGCAACATAGGGAGACCCCATCTCTACAAAATATTTTTCTAAAAATTATCCAGGC"
"chr1","17285027","17285182","chr1","15983811","15983976","24","1301216","TAGCTGGGCATGGTGGTACAGGCCTGTAGTCCTAGCTATTCGGGAGGCTGAGGCAGGAAAATTGCTTGAGACTAGGAGTTTGAGGTTACAGTGAGCAAAGATCACACCACTGCACTCCAACCTGGGTGACAGAGTGAGACCCTGTCTCAAAAAAAA","GCTGGGCATGGTGGTACATGCCTGTAGTCCTAGCTATTCGGGAGGTTGAGGAAGGAAAATTGCTTGAGACTAGGAGTTTGAGGTTACAGTGAGCGAAAATCACACCACTGCACTCCAACCTGAGTGACAGAGTGAGACTCTATCAAAAAAAAAAAAAAAAAAAAAA"
"chr1","17434506","17434628","chr19","40395480","40395604","27","22960974","GGCTGGGTGTGGTGGCTCACGCCTGTCATCTCAGCACTTTGGGAGGCTGAAGCAGGCAGATCACCTGAGGTCAGGAGTTCGAGACCAACCATGGTGACAAAGCCAGCCCTGTACTACAAAAAA","GGCTGAGTGCAGTGTCTCACATCTGTAATCTCAGCACTTTGGGACGCTGAAGCAGGAGGATCGCTTCAAGCCATGAGTTTCAGACCAACCAGGGCAACAAAGCAAGTCCCTGTCTCTATTAAAAA"
"chr1","17452190","17452319","chr1","23061463","23061601","26","5609273","GGCTCACGCCTGTAATCCCAACACTTTGGGAGACCAAGGTGGGAGGATTGCTTGAGTCTGGGAGTTTGAGACCAGCCTGGGCAGCGTAGGGAGATCCTGTCTCTACGTAAAATTTAAAAATTAGCTGGGC","CAGTGGCTCACACCTGTAATCCCAAAACTTTGGGAGGCCGAGATGGGAGGATTGCTTGAGCCCAGGAGTTTGAGACCAGCCTGGGCAACAAGGTGAGACCCTGTCTCTACAAAAAATTTTAAAATTAGCCAGGTGTGGT"
"chr1","17497084","17497241","chr11","119805860","119806014","37","102308776","GGGCACAGTGGCTCACGCCTGTAATCTCAATGCTTTAGGAGGCTGAGGGAGGAGGATGGCTTGAGTTCAGGAGTCCGAGACCAGCCTGGGCAACATGGCAAGACCCGGTCTCTAACAAAAAAATTTAAAAATCAGGCCAGGCACAGTGGCTCACACCT","GGCCAGGTGCAGTGGCTCATACCTGTAATCTCAGCACTTTGGGAGGCTGAGGCAAGAGGATCACTTGAGTCCAGGAGTTCAAGACCAGCCTGGGCAACATAGCAAGACCCTTGTCTCTACAAAAAAATTTTAAAAATTAGCTGGATGCCAGGAAC"
"chr1","18937461","18937759","chr1","38498092","38498387","57","19560631","GGCTGAACATGGTGGCTCACGGCTGTAATCCCAACACTTTGGGAGGCTGAGGCAGGAGGATCATTTGAAGCCAGGAGTTCAACACCAGCCTGAACAACATAGTGAGATTCCATCCCTACAAAAAATTTTAAAAATTAGCCAGGCATGGTGGCACGCACCTGTAGTCCTAGCTACTTGGGAGGCTGAGGTTGGAGGATCCCTCGAGCCTAGTAGTTCAAGGTTGCAGTGAGCTAGGATCGGGCCACTGCACTCCATCCTGGGTGACAGAGTGTGACCCTGTCTCAAAAACAAACAAAAAA","GGCTGGGTACAGTGGCTCATGTCTGTAATCCCAGCACTTTGGGAGGCTGAGGCGGGAGGATCACATGAGGCCAGGAGTTTGAGATTAGCTTGGACAACATACTGACACCCTGTCTCTACAAAAAATTTAAAAATTAGCCAGACATGATGGCGTGCACCTGTAGTCCTAGATACCTGGGAGGCTGAAGCAGGAGGATCGCTTGAGCCTGGGAGTTCGAGGTTGTGGTGAACTATGATCATGCCACTGCATTCCAGCCTAGGAAACAGAGTAAGACCCTGTCTCAAAACAACAACAAA"
"chr1","18949611","18949909","chr1","22927817","22928115","65","3978206","GCCAGCCATGGTGGCTCACATCTGTAAGCCCAGTACTTTGGGAGGCCAAGGCAGGAGGATCACTTGAGGCCAGGAGTTCAAGACCAGCCCTGGCAACATAGCGAGACCCCTATCTCAACAAAAATTTTTTTTAAAAAAAATTAGCTGGGTGTAGCGGTGTGTGTCTGAAGTCCTAGCTCCTCGGGAGGCTGAGGCAGGAGGATTGCTTGTGCCTAAGGAGTTGAAGGATGCAGCAAGCAGTGACTATTCAACAGCACTCCAGCCAGGGCAACAGAGCAAGACCCTGTCTTAAAAAAAAA","GGCCAGATGCGGTAGCTCATGCCTGTAATCCCAACACTTTGGGAGGCCAAGGCTGGATGATTGCTTGAGGCCAGGAGTTCAAGACCACCCTGGGCAATATAGCAAGACCTCATCTTTACAAAATATTCTTTAAAATAATTAGCTGGTTGTGGTGGGGTGTGCCTGTTGTCCTAGCTACTCAGGAGGCTGAGGCAGGAGGACTGCTTGAGGCCAGGAGTTAGAGGTTGCAGTGAACCACGATTGCACCACTGCACTCCAGCCTGGGTGATAGAGCAAGACCCTGTCTCAAAAAAAAAAAA"
"chr1","19124185","19124401","chr16","70814901","70815120","40","51690716","AGCCTGGGCAACATAGTGAGACTTCATCTCTTAAAAAAAATTTAAAAAAGTTAGCCAGGCGTGGTGGCGTGTACCTGTGGTCCTAGCTGCTGGGGAGGCTGTGGAAGGAGGATGGCTTGGGCCCAGAAGTTCGAGGGTGCAATGAACTGTGATCCACGCCACTGCACTCCAGCCTGGGTGACAGAGTGAGACCCTGTCTCAAAAAAAAAAAAAAAAA","CAGCATGGGCAACATAGTGAGACCTCATCTCTACAAAAAATTTTTTAAAAATTAGCCAGGCATGGTGGTGCACACCTGTAATCCAAGCTACTTGGGAGGCTGTGGCAGGAGGATGACTTGGGCCCCGGAGATCAAGGCTACAGTGAGCTATAATGGTGCCACTGCACTTCAGCCTGGGTGAAAGAGTGAGACCCTGTCTCAAAAAAATAAAAATAAAAAA"
"chr1","19136052","19136302","chr1","17914431","17914700","27","1221621","GGTTGGGTGTGGTAGCTCACGTCTTTCAACACTTGGAGGCTGAGGCAGGAGTTCAAGACCAGCCAGGGAAACATAGCAAGACCTCATCTCTACAAAAAATTTAAAAATTAGCCAGACGTGGTGCCACGTGCCTGTAGTCCTGCCTCAGGAAGATCACTTGATCCCAGGAGTTCAAGGTTACAGTGAGCCATGATCATGCCACTGCACTCCAGCCTGAACAACACAGCAAGTCCCTGTCTCTAAAAATAGAA","GGTTGGGTGTGGTAGCTCATGTCTATAATCCCAACACTTGGAGGCTGAGGCAGGAGTTCAAGACCAGCCAGGGAAACATAGCAAGACCTCATCTCTACAAAAAAGTAAAAAATTAGCCAGACGTGGTGCCATGTGCCTATAGTCCTGCCTCAGGAAGATCACTTGATCCCAGGAGTTCAAGGTTACAGTGAGCCATGATCATGCCACTGCACTCCAGTCTGAACAACAGAGCAAGACCCTGTCTCTAAAAAAAGAATGAATGAAAGAAAA"
"chr1","19139412","19139538","chr4","77442068","77442203","23","58302656","GCTGGGTGCAGTGGCTCACACCTGTAATCCCAACACTGGGAGGCTGAGGCAGGAAGATCACTTGAGGCCAGGAGTTCAAAACCAGCTTGGGCAATAGTGAGATGCTGTCTCAACAAAAAAAAAACTA","GGCTAGGTGCAGTGACTCACACCTGTAATCCCAACAGCTTGAGAGGCTGAGGCAGAAGGATCACTTGAGGTCAGGAGTTTGAGACCAGCTTGGGCAACATAGCGAGATGTCATCTCTACAAAAAATTTAAAAACTA"
"chr1","19139856","19139997","chr20","11424872","11425014","38","7714984","CAAGACTAGGGCATGGTAGGCATGCGACCTAGCTACTCAGGCAGGAGGATTCCTTGAGCCTAGGCATTTGAAGTTGCAATGAGCTATGATTGTGACCTACTGCTACACCAGCCTGGGCAACGAGAGTGAGACTCTGTCTCAA","AAAAATTAGGCATGGTGGCATGCACCTGTAGTCTCAGCTACTCAGGAGGATTGCTTGAGTCCAGGGATTTGAGGTTACACTGAGCTATGATAATGCCACTGCACTCCAACCTGAGTGACAGCGTGAGACCCTGTCTCTAAAAA"
"chr1","19186523","19186807","chr19","40130488","40130744","90","20943965","GGCCGAGCACAGTGGCTCACACCTACAGTCCCAGCTATATGGGAGACTGAGGTGGTAAGATCACTTGGGCCAGGAGTTCGAGCAGCCTGGGCGACATAGCGAGACCCCATCAGGAAGACGGACGGATGGAAGGAAGGAAGGAAGGAAGGACGGACCAGCCAGGCATGATGGCACACACACATAGTTCCAAAAGGCTGAGGGCAAGAGTACTGCTTGAGCCCAGAATTCAAGACCAGCCTGGGAGATACAGTAACATCCCCACCTCTAAAAAAAAACAAAACAAAA","GGCCAGGTCCGGTGGCTCATACCTATAATCCCAGCACTTTGGGAGGCTGAGGCAGGAGGATCTCTTGAGGCCAGGGGTTTGAGACCAGCCTGAGCAACATAGCAAGACCCCATCTCTACAAAAAAATAAAAAATTAGCCAGGTATGGTGGCACACAGCTGCAGTCCTCAGCACAGGCAAGAGGATCACTTGAGGCCAGCAGCTCAAGACCAGCCTGGGCAACATAGTGAGACCCCATCTCTACAAAAAAATAAAAAA"
"chr1","19193183","19193421","chr1","51615756","51615974","63","32422573","GGCTGGGCACGGTGGCTCACACCTTAAATCCCAACACTTTTGAGAGGCCGAGATGAGAGGATCACTTATGCCCAGCAATTTTAGACCAGCCTGGCAACCTAGAGAGGGAGACCCTGTCTCTACAAAAAAATTAAAAAGTTACCCAGGCATGGTGGCATGTACCTATGGTACCAGCTACTTGGGAGGCTGAGGTGCACCACTGCACTCCAGCCTGGGTGACAGAACAAGACCTTGTCTCA","GGCTGGACGCAGTGGCTCACACCTGTAATCTCAGCACTTTGGGAGGCCGAGGCTGGGGGATCACTTAAGCTCACAAGTTCAAGACCAGCCAGGGCAACATGGTGAAAACCTGTCTCTACAAAAAAATACGAAACTTAGCCATCATGGGGTGCGCGCCTGTAGTCCCAGCTACTTACAGCACTGCACTCCAGCCTGGGAGACAGCCAGACCTTGTCTCAA"
"chr1","19193449","19193468","chr11","47403537","47403555","4","28210088","TAAATAAATAAATAAATAAA","TAAAAATAAATAAAAAAAA"
"chr1","19194088","19194402","chr1","17973688","17973991","30","1220400","GGCCAGATGCGGTGGCTCACATCTATTATCCCAGCACTTTGGGAGGCCGAGGCAGGAGGACTGCTTGGGGCCAAGAGTGCGAGACCAGCCTGGTCAACACAGCAAGATCCCATCTCTGCAAAAAATTTTAAAAATTAGCTGGGCATGGTGGTGCACACCTGTAGTCCTAGCTACTCAGGAGGCTGAGGTGGGAGGATCACCAGAGCCCAGGAGTTCAAGGTTACAGTGAGCTATAATCCTACCATTGCACTCTAGCCTAGGAGACAAAGTGACTCTACCTCTGTAAAAATAATAATAAAAAAATTAAAAAGAAAA","GGCCAGACGCGGTGGCTCACATCTTTATCCCAGCACTTTGGGAGGCTGAGGCAGGAGGATTGCTTGGGGCCAAGAGTGCGAAACCAGCCTGGTCAACGCAGCAAGATCCCATTTCTACAAAAAATTTTAAAAATTAGCTGGGCATGGTGGTGCACACCTGTAGTCCTAGCTACTCAGGAGGCTGAGATGGGAGGATCACCAGAGCCCAGGAGTTCAAGGTTACAGTGAGCTATAATCCTATCATTGCTCTATAGCCTGGGAGACAAAGTGAGACTCCATCTTTGTAAAAATAATAATAAAAAAA"
"chr1","19355676","19355975","chr18","51769231","51769514","84","32413555","TAGTTCCAGCACTTTGAGAGGCTGAGGCAAGAAGATTGCTTGGCCAGGGGTTCGAGACCAACCTGGGCAACAGTTGCACTGCCCCCTACCCCTTCACCCCTCCCAACAAAACAAAAAGTTACCTGGGTAGGGTGGCATCTGTGGTCCTAGCTTCTTGGGAGTCTGAGATGGGAGGATCACTTGAGCCCAGGAGTTTGAGGTTATAGTGAGCTATGATTGCACCATTGCATTCCAGCCTGGGCAGCAGAGCAAGACCCTGTCTCTAAAAAACATAATAAACAAATGTTAATTAAAAAAAAA","TGTGATCCCAGCACTTTGGGAAGCCAAGGCAGGAGGACTGCTTGAGGCCAGGAATTTGACACCAGCCTGGGCAACATAATGAGACCCATCTCTACAAAAAAATTTAAAAAGTCAGTCAGCAGTGGTGGCACATCTCTAGTCCTAGCTACTTGGAAGGCTGAGGTGGGAGGATCACATGAGCCCAGGAGTTTTGGGTTACAGTGAGCTATGATCATGCCACTGCTCTCCAGCCTCAGTAACAGAGTAAGAGCCTGTCTCAAAAAAAAAAAAAAAAAAAAAAAAAA"
"chr1","19378006","19378288","chr17","54698926","54699200","72","35320920","CTTTGGGAGGCTGAGGCAGGAGGATTGCTTGAGGCCGGGAGTTCGAGACCAGCCTGGGTGACATAGCAAGACCCTGTACCTCCAAAAAATAAAATACAAACATTAGTCAGGCATAGAGGCACACACACACATAGGCCTAGCTACTCAGCTGAGGTAGGAGGATTGCTTGAGCCCAGGAGTTCAAGGTTACAGTGAGCTATAGTCATGCCATCATACACCCAGCCTGGGTGACAGAGTGAGTCCTTGTCTCTGGAAAAAAAAAAAAGAAACTAAAAAATAAAAA","AACACTTTGGGAAGTTGAGAGGAGGATGGTTTGAGGCCAGGAGTTTGAGACCATCCTGGGCAACATAGTGAGACTCTGCCTCTACAAAATATTTAAAAATCAGCTGGGCATGGTGGTGAACACCTACAGTCCTAGCTACTCAGGAGGCTGAGGTGGGAGGATTGCTTGAGCCCAGGATTTGGAGGTTACAGTGAGCTATGATCTTGCCACTGCACTCCAGCCTGGGTGACAAAGACCACATCTCTAAAAATAAATTAAAAATAAAGAAATAAAAA"
"chr1","19659526","19659822","chr1","18444535","18444823","24","1214991","GCCAGGTGCGGGCCTCATGCCTGTAACTCTAGTGCTTTGAGAGGCTGAGGCAGGAGGATCACTTGAGGCCAGGAGTTTGAGACCAGCCTGGGCAATACAGCAAGACCTTGTCTCTACAAAAAACTTAAAAAATCTAGCTGGGTGTGGTAGCGCACACCTCTAGTCCTACCTACTTGGGAGGCTGAGGTGGGAAGGTAGCTTGAACACAGGAGTGCGAGGTTACACTGAGCTATGATAGCATCACTGCCTCCAGCCTGGGCCACAGAACGAGACTCTTGTCTCTAAAAAAGAAAAAAA","GACTCATGCCTGTAATTCTAGTGCTTTGAGAGGCTGAGGCAGGAGGATCACTTGAGGCCAGGAGTTTGAGACCAGCCTGGGCAATACAGCAAGACCTTGTCTCTACAAAAAACTTAAAAAATTTAGCTGGGTATGGTAGCGCACACCTCTAATCCTACCTACTTGGGAGGCTGAGGTAGGAAGGTAGCTTGAACACAGGAGTTTGAGGTTACAGTGAGCTATGATAGCATCACTGCCTCCAGCCTGGGCCACAGAGCGAGACTCTTGTCACTAAAAAAGAAAAAAAAAA"
"chr1","19666045","19666137","chr1","18451519","18451609","6","1214526","CGCCTGTAACCCTAGCACTTTGGGAGGCCAAGACAGGAGGATCGCTTGAGCCCAAGAGTTCAGTGAGTTATGATCGGGCCAGTGCATTCCAGC","CCTGTAACCCTAGCACTTTGGGAGGCCGAGACAGGAGGATCGCTTGAGCCCAAGAGTTCAGTGAGTTTTGAGCGTGCCAGTGCATTCCAGC"
"chr1","19684920","19685053","chr1","18469970","18470103","11","1214950","GGCAGGGCATCGTGGCTCATGCCTATAGTCTCAGCAATTTAGGACGCTGAAGCAGGAGGATCTCTTGAGCCCAGGAGTTTGAGACCAGCCTGGACAACATAAGAAGTCCCCATCTCTACATTTAAAATTTAAAA","GGGCATGGTGGCTCATGCCTATAGTCCCAGCAATTTAGGAGGCTGAAGCAGGAGGATGGATCTCTTGAGCCCAGGAGTTTGAGACCAGCCTGGACAACATAAGAAGTCCCCATCTCTACATTTAAAATTTAAAA"
"chr1","20017791","20017922","chr8","55255708","55255837","27","35237917","GGCTAGGTACAGTAGTTCATGCCTGTAATTTCAGCACTTTGAAAGGCTGAGATAGGAGGATTTCTTATGGCCAGGAGTTCAAGATCAGCCTGGGCAACAAAGAGAGATGCCATCTCTGCCAAAAATAAAAAT","GTCAGATGCAGTGGCTCATGCCTGTGATGCCAGCACTTTGGGAGGCTGAGACAAGAGGATTGCTTGAGCCCAGGAGTTCAAGACCAGCCTGGGCAACATAGGGAGATCCTATCTCAACAAAGTTAAAAAT"
"chr1","20136860","20136978","chr20","54532723","54532836","25","34395863","GCGTGATCACTCACACCTGCAATCCCAGCACTGTGGGAGGCCAAGACGGAAGGATTGCATGAGGCCAGGAGTTTGAGACCGGCCTGGGAAACATAGTGAGACCGCATGTCTACAAACAA","GGTGACTGACGTGTAATCCCAGCACTTTGGGAGGCCAAGGCGGAAAGATCACTTGAGGCCAGGAGTTTGAGACCACCCTGAGCAACATAGTGAGACCCCTGTCTCTATAAAAAA"
"chr1","20557092","20557301","chr1","19359974","19360181","20","1197118","CCAGCCTGGACAACATAGTGAGACCCCATCTCTACAAAAAAATTTTTTTTAATTAGCCAGGCATGGTGGCATGCATCTGTAGTCCTAGCTACTTGGGAGGCTTGAGCCTGGGAGTTCCAGGCTTCAGTGAGCTATGTTTGCACCACTCCACTCCAGCCTGGGCGACAGCACAAGACCTTGTCTCAAAAAAAAAAGAAAAAGAAAAAAAAA","CCAGCCTGGACAACATAGTGAGACCCAATCTCTATAAAAAATTTTTTAAAAATTAGCCAGGCATGGTGGCATGCATCTGTAGTCCTAGCTACTAGGGAGGCTTGAGCCTGGGAGTTCCAGGCTTCAGTGAGCTATGTTCACACCACTCCACTCCAGCCTGGGTGACAGCGCAAGACCTTGGCTCACACAAACAACAACAACAAAAAAA"
"chr1","20568848","20568972","chr1","19373051","19373175","10","1195797","TTAGGAGGCTGAGGCAGGAAGATGCTTGAACCCAGGAGTTTGAAGTAACATTGAGCTATGATCTTGCCACTGCACTCCAGTCTAGGCAACAGAGCAAGGCACTATCAAAGAAAGAAAGCAAGAAA","TCAGGAGGCTGAGGCTGGAAGATACTTGAGCCCAGGAGTCTGAAGTAACTTTGAGCTATGATCTTGCCACTGCACTCCAGTCTGGGCAACAGAGCAAGACCCTATCAAAGAAAGAAAGGAAGAAA"
"chr1","20619326","20619458","chr1","19433509","19433641","7","1185817","GGCTGGCCACCATGGCTCATACCTGTAATTCCAGCATTTTGGGAGGCTGATGCAGGAGGATCTCTTGAGGCCAGGAGTTCGAGATCATCCTGGGCAATGTGGCGAGACCCTGTCTCTACAAAAAATTTAAAAA","GGCTGGGCACAATGGCTCATACCTGTAACCCCAGCATTTTGGGAGGCTGAGGCAGGAGGATCGCTTGAGGCCAGGAGTTTGAGATCATCCTGGGCAATGTGGCGAGACCCTGTCTCTACAAAAAATTTAAAAA"
"chr1","20794035","20794131","chr1","19612478","19612575","3","1181557","TAAGCCCAAGAGTTCGAGGTTACAGTGAGCTTTGATTGTGCCACTGCACTCCAGCCTGGGTGACAAGAGTTAAGACCCTGTCTCTTAAAGCAAAAAA","TAAGCCCAAGAGTTTGAGGTTACAGTGAGCTTTGATTGTGCCACTGCACTCCAGCCTGGGTGACAAGAGTTGAGACCCTGTCTCTTAAAGCAAAAAAA"
"chr1","20905447","20905695","chr1","19718924","19719173","20","1186523","CACTTGGGGAGGACAAGGTGGGTGAATTGCTTGAGGCCAGGAGTTCCAAGACTAGCCTGAGCAACATAGTGAGACACCATCTCTACAAAAAAAATTTTTTAATTAGCTGGGTGTGGTGGCATGTGTCTTTAGTCCTAGCTGCTTTGGAGGCTGAGGCAGGAGGATTGCTTGAGCCCAAGGGTTGATGGTTATATGATCGTATTACTGTACCCCACCCTGTGTGACAGAGCAAGAACCTGTCTCTAAAAA","CGCTTGGGGAGGACAAGGTGGGTGAACTGCTTGAGGCCAGGAGTTCCAAAATTAGCCTGAGCAACACAGTGAGATACCATCTCTTATGAAAAAAATTTTTAAATTAGCTAGGTGTGGTGGCATGTGTCTATAGTCCTAGCTACTTAGGAGGCTGAGGCAGGAGGACCGCTTGAGCCCAAGGGTTGAAGGTTATATGATCGTATTACTGTACCCTAGCCTGTGTGACATAGCAAGAACCTGTCTCTAAAAA"
"chr1","21041112","21041357","chr6","171784589","171784817","58","150743477","CCAGGAGATCAAGGCCAATCTGAGCAACATAGCAAGACCCCATCTCTACAAAAAATTTAACCAAAAGAAAAAATTAGCCGGGCATGGTGGCATGAGCCTGTGGTCTCAGCTAACTGGGAAGCTGAGGCAAGAAGATCACTTGAACCCAGGAGTTAGAGGTTACAGTGAGCTATGATCATGCCACTGTACCCCAGCCTTGGCCACGGAGCAAGGCCCTGTCTCTAAAAAAATAATAAGGAATAAAAA","CCAGGAGTTCAAGACCAGACTGGGTAACATAGCAAGACCCTGTCTCTACAAAAAATTTAAAAATCAGCTGGGTGTAGTGGCACGTGCCTGTGGTCTCAGCTACTTGGTAGGCTGAGGCAGGAGGATTGCTTGAGCCCAGGAGATTGAGGTTACAATGAGCCATGATCGTGCCACTGCACTCTAGCCTGGGCGACTACAGGACGCTGTCTCTAAAAAATGACAACAAAAA"
"chr1","21043013","21043320","chr1","19857509","19857813","19","1185504","GGCCAGATGCTGTGGCTTATGCCTGTAATCCCAGCACTTTGGGAGGCCAACACAGGAAGACTGCTTAAGAACAGAAGTTTCAGACCAGCCTGTGCAACATAGCAAGACTTCAACTGTATTTTTAAAAAAAAAAATTTTTTTCATTAGCTAGGCATGGTGGCATCCATCTGTAGACATAGCTACTTGGGAAGCTGAGGCAAAAGGACTGCTTGGGCCCAGGAGTTCAAGGCTTACAGTGAGCTATGATCACACCACTGTACTACAACCTGGGTGACAGAGGAAAACCCTATCTCTTTAAATACAAAAAA","GCCAGGTGCTGTGGCTGATTCCTGTAATCCCAGCACTTTGGGAGGCCAACACAAGAAGACTGCTTAAGAACAGAAGTTTCAGACCAGCCTGTGCAACACAGCAAGACTTCATCTCTATTTTTAAAAAATATTTTTTTTCATTAGCTAGGCATGGTGGCATCCACCTGTAGACATAGCTACTTGGAAGGCTGAGGCAAAAGGACTGCTTGGGCCCAGGAGTTCAAGGATTACAGTGAGCTATGATCACACCACTGTCCTATAACCTGGGTGACAGAGGAAGACCCTATCTCTTTAAATACAAAAAA"
"chr1","21060481","21060790","chr1","19878435","19878744","20","1182046","GCCAGGTGGCATGGCTCGTGCCTGTAATCTCAAAACCTTGAAAGGCTAAGGCAGGAGGGTCATCTGAGGCCAGGAGTTCTAGACCAGCCTGGGCAACATAGTGAGATCCTGTCACTACAGAAAATGAAACAAAACAAAATTAGCCGGGCATGACGACATGCACCTGTAGTCCCAGCTACTTGGGAGGCTGAGGCAGGAAGATTGCTTGAGCCCAGGAGTTCAAAGTTAATTACAGTGAACTATGATCATGCTACCATGCTCCAGCCTGGACAACAGGGTAAGAACCTGTCTCCAAAAAACCAAAGAGAAA","GCCAGGTGGCATGGCTCATGTCTGTAATCTCAGAACCTTGGAAGGCTAAGGCAGGAGGATCGTCTGAGGCCAGGAGTTTTAGACCAGCCTGGGCAACACAGTGAGATCCTGTCACCACAGAAAATGAAACAAAACAAAATTAGCCGGGCATGACCCTATGCACCTATAGTCCCAGCTACTTGGGAGGCTGAGGCAGGAAGATTGCTTGAGCCCAGGAGTTCCAAGTTAATTACAGTGAACTATAATTGTGCCACCATGCTCCAGCCTGGACAACAGGGTGAGAACCTGTCTCCAAAAAAACAAAGAGAAA"
"chr1","21093841","21094126","chr1","19911310","19911593","23","1182531","GGTCGGGCACAGAGACTCACTCCTATAATCCCAGCACTTTGGAAGGCCAATGTAGGAGGATTGGTTGAGGCTAGGAGTTCAAGGCCAGCCTGGGCAACTTGTCAAGAACTCATCTCTACAAAAATACAAATAAAAAATTAGCTGGGCATGGTCGCATGTGCCTGTAGTCCTAGCTACCCAGGAAGCTGAGGCAGAAGGGTCGCTTGAGCCAAGGAGTTCAAGGTTACAGTGAAATATGAATGTGCCACTGCACTCCAGCCTAAGTGACAGAGCAAGACCCTGTCTC","GGTCGGGCACAGAGACTCACTCCTATAATCCCAGCACTTTGGAAGGTCATGGTAGGAGGATCAGTTGAAGCCAGGAGTTCGAGGCCAGCCTGGGCAACTTGGCAAGAACTCATCCCTACAAAAATACAAATAAAAAATTACGTGGGCATGGTGGCATGTGCCTGTAGTCCTAGCTACTCAGGAAGCTGAGGCAGGAGGGTCGCTTGAGCCAAGGAGTTCAAGGTTACAGTAAGCTATGAATGTGCCACTGCACTCCAGCCTGAATGACAGCAAAACCCTGTCTC"
"chr1","21103625","21103931","chr11","49184547","49184846","66","28080922","CTGGGCACAGTGGCTCACACCTGTAATCGTAGCACTTTGGGAGGCTGAGGCAAGAGGATTGGTTAAGGCCAGGAGTTCTAGACCAACCCGGGTAACAAGATGAGACTCCTGTCTCTACAAAAAATTTAAAAAAAATTAGCTGGGCATGGTGGTCCCTACCTGTATATTCCTAGATACTTGGGAGACTGAGGCAGGAGGACCGTTTGAGCCCAGGAGTTCACGGGTGCAATAAGCTGTGATCGTGCCATTGCATCCTGCCTGGGCAACAAAGCAAGACTCTGTTTCTTTAAAAAACAACAACAACAAA","GCCGGGCACAATGGCTTATACCTGTAATCTCAGCACTTTTGGAGGCTGAGGCAGGAGGATTTCTTAAGGCCAGGAGTTCAAGACCAGTCTAGGAAACATGGCAAGACCCTGTCTCTACAAAAAAATGAAACAATTAGCTGGGCATGGTGGCACATGCCTGTAGTCCCAGCTACTTGGGAGGTTGAGGCAGGAGGATTACTTGAGACCAGGAGGTCAAGGTTACAGTGAGCCATGATCGTGCCACTGCATTCCAGCCTAGGTGACAGAGCAAGACCCTCTCTCTTAAAAAAAAAAAAAAAA"
"chr1","21148435","21148552","chr10","62804129","62804246","30","41655694","TGTAATCCTAGCACTCTGGGAGGCCAAGGCTGGAAGATCAACTGAGGTTGGGAGTTTGAAACCAGCCTGGGCAACACAGTAAGACCATCTCTACAAATAACTGAAAAATTATCCAGAT","TAATCTCAGCACTTTGGGAGGCTGAGGCAGGAGGATCGCCTGAGCCCAGGAGTTTGAGACCAGTCTGGGCAACATAGTGAGACTCTGTCTCTACAAAAAATTTTAGAAATTAGCCAGG"
"chr1","21185724","21185849","chr1","20023323","20023455","11","1162401","GGCCGGAACTGGTGGCTCACGCCTGTAATCCCAACACTTTGGGAGGCCAAGGCAGAAGGACAGCCAGGAATTTGAGACCAGCTTGGTCAGCATAGTGAGGCCCCATCACTATAAAAAAATTAAAAA","GGCCAGAACTGGTGGCTCACGCCTGTAATCCCAACACTTTGGGAGGCCAAGGCAGAAGGACAGCTTAAAGCCAGGAATTTGAGACCAGCTTGATCAGCATAGTGAGGCCCCATCACTGCAAAAAAATTAAAAA"
"chr1","21191723","21191988","chr1","20027183","20027446","36","1164540","GGCTGGACTCAGTGGTTCACGCCTGTAATACTAGCACTTTGGGAGGCCAAGGAAAGAGAATCACGTAAGCTCAGGACCAGCCTGGGCAACACAGTGAGACCCTGTCTCTACAAAAAAAAATTTAAAAATTAGCTGGATGTGCGGTGGTGCCTACCTGTGGTCCTAGCTGCTCAGGAGGCTGAAGTGTCAGTGAGCTATGATCGTGGCACTACACTCCAGCCTGGGTGACAGTGCGAAACCGGGTCTCAAAATAATAATAATAATAA","GGCTGGACACAGTGGCTCACGCCTATAATACTAGCACTTTGGGAGGCCAAGGAAGGAGAATCACTTAAGCTCAGGAGTTCAAGACCAGCCTGGGTAACACAGTGAGACCCTGCCTCTACAAAAAAAATTTAAAAATTAGCTGGATGTGTACTGGTGCCTACCTGTGGTCCTAGCTGCTCGGGAGGCTGACGTGTCTGTAAGCTATGATCGTGGCACTACACTTCAGCCTGGGTACCAGTGCAAAACCGGGTCTCATAATAATAA"
"chr1","21298858","21299027","chr1","20139650","20139817","13","1159208","TTAGCCTGGTGTGGTGGCACACACCTATCATCCTAGCCACTCAGGAGGCTGAGGCAGGAGGATCGCTTGAGCTCAGGAGGTCAAGGTTACTGTGAGCTATGATTGCGCCACTTCTCTCTGGCCTTAGTGACAAAGCAAGACCCTGTCTCTTAAATAAATAAATAAAAAGA","TTAGCCTGGAGTGGTGGCACACACCTGTCATCCTAGCCACTCATGAGGTTGAGGCAGGAGGATCGCTTGAGCTCAGCAGGTCAGGGTTACTGTGAGCTATGATTGTGCCACTTCTCTCTGGCCTCTCTGACAAAGCAAGACCCTGTCTCTCAAATAAATAAATAAAAA"
"chr1","21859159","21859442","chr5","1141827","1142122","67","20717332","GGCCAGCACACTAGCTCATACCTATAATCCTAATACTTTGAGAGACTAGGGTGGAAGGATTGCTTAAGGCCAGGAGTTTCAGACCAGCCTGAGCAACATAACAAGACCTTCTCTCTACAAAATAATAAAAATGTAGCACATATCTGTAGTCTTGAGCTACTCGCTGAGAGGCTGAGTCAGGAGCATGGCTTGAGCCCAGAAGCTTGAGGCTACAGTGAGCTATGTTCATACCACTGTACCCCAGCCTGGGTGACACAGCAAAACCTTGTCTCAAAAAAAGAAAA","GGCTGGGCACAGTGGCTCATGCCTATAATCCCAACACTTTGAGAGACTGAGGGAGGAGGATTGCTTGAGGCCAGGAGTTTGAGACCAGACCGAGCAACAAAGCAAAACCTTGTCTCAACAAAGAATACATTAAAAAAAAAAAATTAACTGGGCGCATGCCTGTAGTCCTAGCTGGTTTGGAGGCTGAAGCAGGAGGATCCCTTGAGCCCAGGAGTTCAAGGTTACAGCGAGCTATGATCATGCCACTGCACTCCAGCCTGGGTGACAGAGCAAAACCCTGTCTCAAAAAATAACAA"
"chr1","21866140","21866407","chr1","20486657","20486925","29","1379483","GGTGTGGTGGTTCACATCTATAACCTCAGCACTTCAAGAGGCTGAGGCATTTGAGAGCAGCCTGGGCAACATAGTGAGACCCCCCCTCTATTTAAAAAATAAAATAAAAATTAGGCAAAGTGGCACACGGCTGTAGTCCTAGATGCCCAGGAAACTGAGGCACAGGAGCATTGCTTGAGCCCAGGAGACTGTGGTTACAGTGAGCTATGATCACGCCACTGCACTCCAGCCTGGGTGACAGAGTGAGATCCTGTCTCTAAAAATAAAA","GGTGTGGTGGTTCACATCTGTAATCACAGCACTTTAAGAGGCTGAGGCATTTGAGAGCAGCCTGGGCAACATAGTGAGACCACATCTCTATTAAGAAATAAAGTAAAAATTAGCCAGGCAAAGTGGCACATGGCTGTAGTCCTAGATACCCAGGAAACGGAGGCAGGAGCATTGCTGGAGCCCATTAGATCGTGGTTACAGTGAGCTATGATCACACCACTGAACTCCAGCCTGGGTGATAGAGTGAGATCCCATCTCTAAAAATAAAA"
"chr1","21966756","21966967","chr1","20595195","20595412","23","1371561","CCAACCTGGCAACATAGCGAAACTCTGTCTCTACAAAAAATTAAAGTTAAAATTAAAAAATTAGGTGGTGCCTACACTCTTAGCTATACTATAGCTCTCAGGAGGCTAAGGCAGAAGGATTACTTGAGCCCAGAAGCTTGAGGTTACAGTGAGCTATGATCATGACACTGCACTCCAGCCTAGGCAACAGAGCTGATCCATCTCAGAAAAAA","AGACCAACCGCGGCAACATAGCGAAACCTTGTCTCCACAAAACATTAAAGTTAAAATTTAAAAATTAGGTGGTACCTATACTCCTAGCTGTACTATAGTTAGTCAGGAGGCTAAGGCAGAAGGATCACTTGAGCCCAGAAGCTTGAGGTTACAGTGAGCTATGATCATGACACTGCACTCCAACCTAGGCAACAGAGCAGACCCTATCTCAAAAAAAA"
"chr1","21967230","21967321","chr13","46988867","46988962","22","25021637","GGCCAGGTGCAAGGCTCACACCTTTAATCTCAACACTTTGGGAGCCTGAGGTGAGAGGATCGCTTGAAACCAGGAGTTCAAGACCAACCTGG","GGCCAGGTGCAGTAGCTCATACCTGTAATCCCAGCACTTTGGGAGGCTGAGGCAGGAGGATCGCTTGAGCCAGGAATTCAAGATCCTGTCTCTCTA"
"chr1","22757326","22757482","chr16","55697996","55698154","23","32940670","TTAGCTGGGCATGGTGATGCATGCCTGTAGTCCTAGCTACTCAGGAGGCTGAAGTGGGAGGATTGCTTGAGGTCAGGAGTTTGAGGTTACAGTGAGCTATGATCACTACTGTACTCCAGCCTGGGCAACAGAGTGAGACCCTGTCACTGAAAAAAAA","TTAGCCTGGCATGGTGGCCTATACCTGTAGTCCTAGCTACTTGAGAGGCTGAAGTGGGAGGATTGCTTGGGTCCAGGAGGTGGAGGTTACAGTGAGCTATGATCATGCCACTGCACTCCAGCCTGGGCAACAGAGAGAGATCCTGTCTCAAAAAAAAAA"
"chr1","22757783","22757919","chr8","26277262","26277394","27","3519479","GACTAGGCACGGTGGCTCACGTCTGTAATCTCAGCATTTTGGGAGGCTGTGGCTGCAGGACCCCTTGAGGCCAGGAGTTTGAGACCAGCATGGGTAACACAGCAAGACCCCCGTCTCTTAAATAAGAATTAGCTTGT","GACCAGGCACAGTGGCTCACGTCTGTAATCCCAGCACTTTGGGAGGCTGAGACAGGAGGATCCCTTGAGTCCAGGAGTTTGAGACCAGCCTGGGCAACATAGGGAGACCCTGTCTCTAAAAAAAGTTTAAAAA"
"chr1","23174076","23174370","chr1","21804485","21804785","23","1369591","GGCCGATTGTGGTGGCTCACGCTCATAATCCTGTTGCTTTGAGAGGCTGAAGTGGGAGGCTAGGAGTTCAAAAACAGCCTGGGCAACATATCGAGAACCTGTCTCTACAAAAAAAAAAAAAATTAGCCAGGTATGGTGGTACATGCCTGTAGTCCTAGCTACTCAGGAGGCTGAGGCAAGAGGATCCCTTGAGCTCAGGAGTTCAAGGTTACAGTGAACTGTGATTGCACCACTGTACTCCACCCTGGGCGACAGAGCAAGACCTTGTCTCTAAAAATAATTAAAAAATTAAAAA","GGCCGATTGTGGTGGCTCATGCTCATAATCTGAGTGCTTTGAGAGGCTGAAGTGAGAGGCTAGTAGTTCAAAAACAGCCTGGGCAACATATCGAGAACCTGTCTCTACAAAAAAAAAAAAAAATTAGCCAGATATGGTGGCACATGCCTGTAGTCCTAGCTCCTCAGGAGGCTGAGGCAAGAGGATCGATCCCTTGAGCCCAGGAGTTCAAGGTTACAGCGAACTATGATGAACCACTGTACTCCACCCTGGGCGACAGAGCAAGACCTTGTCTCTCTAAAAATAATTTAAAAATGAAAAA"
"chr1","23293735","23293866","chr1","21881616","21881747","5","1412119","GGCCAAGCACAGTGCCTAAAGCCTGTAATTCCAACATTTTGGGAAGCTGAGGCAGGAGGATCACTTGAGCCCAGGAGTTTGAGACCAGTCTGGGCAACATAGCAAGACCCCATCTCTCCAAAAATAAAACCA","GGCAAAGCACAGTGCCTCAAGCCAGTAATTCCAACATTTTGGGAAGCTGAGGCAGGAGGATCACTTGAGCCCAGGAGTTTGAGACCAGTCTGGCCAACATAGCAAGACCCTATCTCTCCAAAAATAAAACCA"
"chr1","23294140","23294291","chr1","21882027","21882175","7","1412113","TTGGCCAGGCATGGTGGTATATGCCTGTAGTCCTAGCTACTCAGTAAGCTGAGACGGGAGAATTGCTTGAGCCCAGGTGTTCAAGGTTACAGTAAACTATGGTTTCATCACTGCTGGGTGACAGAGCAAGACCCTGCCTCCAGATAAATAAA","TTGGCCAGGCATGGTATATGCCTGTAGTCCTAGCTACTCAGTAAGCTGAGATGGGAGAATCGCTTGAGCCCAGGTGTACAAGGTTACAGTAAACTATGGTTTCATCACTGCTGGGTGACAGAGCAAGACCCTGCCTCCAAATAAATAAA"
"chr1","23297987","23298136","chr2","91658413","91658557","31","68360426","GTCCTAGCTAATCAGGAGGCCGAGGCAGGAGGATTGCTCGAGCCCAGGAGTTCGAGGTTATAGTGAGCTGTGATTGTGCCACTTCACCGTAGCCTGGGCAACAGAGTGATACCCTGTCTCAAAAAAAACAAAAACAAAAAAACAAAAAAA","AGCTACTTGGGAGGCTGAGGCAGGAGGATAGCTTGAACCCAGGAGCTTGAAGTTATAGTGAGCCATGATTGTACCACTGCATTCCAGCCTGGGCAACAGAGCGAGACTCTGTCTCTCAAAAAAAAAAAAAAAAAAAAAAAAAAAA"
"chr1","23310888","23310953","chr1","5680125","5680189","16","17630763","ACCAGCTTGGGCAACATAGTGGGACTCTGTCTCCATGAAAATAAAATTAAAAATAAGCCAGGTGTG","CCAGCCCGGGCTACAAAGTGAGACACTGCCTCTAAAAATAATTGTTTAAAAATTAGCCAGGTGTG"
"chr1","23382512","23382807","chr1","21974172","21974465","15","1408340","GCAGGGCATGGTGGCTCACGCCTGTAATCCCAGTGCTTTGGGAGGATGAAGTGAGATCACTTGAGGCCAGGAGTTTGAGACCAGCATGAGCAACATAGCGAGACCTCATCTCTCCAAAATATTTAACAATTAGCCAGGCATGGTGGCATGCATCTATAGTCTTAGCTACTTGGGAGGCTGAGGTGGGAGAACTGCTTGAGCCCAAGAGTTTGAGGTTACAGTGAGCTATGATGGTACCACTGCACTCTAGCCTCGGCAACAGAGTGAGCCCCTATCTTAAAACAAACAAACAAAAA","GGCAGGGCATAGTGGCTCATGCCTGTAATCCCAGTGCTTTGGGAGGATGAGGTGAGATCACTTGAGGCCAGGAGTTTGAGATCAGCATGAGCAACATAGCGAGACCTCATCTCTCCAAAATATTTAACAATTAGCCAGGCATGGTGGCATGCATCTGTAGTCTTAACTATTTGGGGGGCTGAGGTGGGAGAACTGCTTGAGCCCAAGAGTTTGAGGTTACAGTGAGCTATGATGGTGCCACTGCACTCTAGCCTGGGCGACAGAGTGAGCCCCTATCTTAAACAAACAAACAAA"
"chr1","23383035","23383166","chr19","11210804","11210934","21","12172231","GGCCAGGCACAGTGGCTCATACCTATAATCCCAGCACTTTGGGAGGCCGAGGCAGAAGGACTGCTTGAGGTTAGGAGTTTGAGACCAGCCTGGGCAATACAGGGAGACCGTCTCTAGAAAAAAATGTTAAAA","GGCCAAGTACACTGACTCATGCCTGTAATCCCAGCACTTTGGAGGCTGAGGCCGAAGGATTGCTTTAGGCCAGGAGTTTGAGACCAGCCTGGGCAATATAGTGACACCCCGTCTCTACAAAAAAAGTAAAA"
"chr1","23432219","23432524","chr1","22027426","22027709","50","1404793","GCCAGAGACAGTGGCTTACGCTTGTAATCCTAGCACTTTGGGAAGCTGAGGCAGGAGGATCACTTGAAGCCAGGAGGATCGCTTGAAGCCAGGAGTTCCAGACCAGCTTGGGCAACATAGCGAGACCTCATTTCTACAAAATTTAAAAATTAGCCAGGCATGTTAGTGCATGCCTGTAGTCCTAGCTATTCAGAAGGCTGAGGCAGGAAGATGGCTTGAGCCTAGGAATTCAAGGGTGCAGTAAGCTCCGATCGCTCCACTGCACTCCAGCCTGAGATCCTGTCTCAAAAAAAAAAAAAAAAAAAA","CAGTGGCTTACGCTTGTAATCCCAGCACTTTGGGAAGCTGAGGCAGGAGGATCGCTTGAAGCCAGGAGTTCAAGACCAGCTTGGGCAACATAGCAAGATCTCATTTCTACAAAATTTAAAAATTAGTCAGGCATGTTAGTGCATGCCTGTGGTCCTAGCTATTCAGGAGGCTGAGGCAGGAGATGGCCTGAGCCCAGGAGTTCAAGGATGCAGTGAGCTATGATCACTCCGCTGCACTCCAGCCTGAGATCCTGTCTCAAAAAATCAAAAACAAAACAAAAAAA"
"chr1","23448962","23449248","chr1","22043409","22043693","23","1405553","GGCTGGGTGCGGTGGCTGAAGCCTGTAATCCCAGCACTTTGGGAGACTGAAGCAGGAGGGTTGCTTAAGTCCAGGAGTTTGAGACCACCCGGCAACATAGCACAACTTCGTCTCTACAAAAATTTTTTAAAAATTAGATGGATGTAATGGTATGTGCCTGTAGTCCTAGCTACTCGGGAGGCTGAGGCAGGAGGATTGCCTGAGCCCAGTTCGAGGTTATAGTGAGCTATGATTACACCACTGCACTCCAGCCTGGATGACAGAATCAACACCCTGTGTCTAAAAAA","GGCTGGGCACGGTGGCTTAAGCCTGTAATCCCAGCACTTTGGGAGGCTGAAGCAGGAGGATTGCTTGAGTCCAGGAGTTCGAGACCAGCCTGGCAACATAGCAAAACTTCATCTCCACAAAAATTTTTTAAAAATTAGATGGATGTAGTGGTGTGAGCCTGTAGTCCTAGCTACTCAGGAGGCTGAGGCAGGAGGATTGCCTGAGCCCAGTTTGAGGTTATAGTGAGCTATGATTACGCCAGTGCACTCTAGCCTGGACAGAATCAACACCCTGTGTCTAAAAAA"
"chr1","23603456","23603731","chr1","22216259","22216537","30","1387197","CTGTAATTACAGCACTTTGGGAGGCCAAGGCAGGCGGATCGCTTGAGACCAGGAGTTCCAGACCAGCCTGGGCAACGTAGTAAGACCTAGTCTTTACAAAAATTAAAAAATTAGCTGGGCATGATGGATGGCTCACGCCTGTAGTCCTAGCTACTCAGGAGGCTGAGGCAGAAAGGATCACTTGAGCTGGGGAAGTCGAGGCAGTGAGCCTGATTGCTCCACTCCACTCTGGCCTCAGCCACAGAGGGAGACCCTGTCTCAAAAAAATAAAAAGAA","GTCTGTAATCACAGCTTTGGGAGGCTGAGGCAGGAGGATCCCTTGAGACCAGGAGTTCCAGACCAGCCTGGGCAACATAGCAAGACTCACTCTTTACAAAAAAATTTAAAAAATTAGCTGGGCATGATATATGACTCCCACCTGTAGTCCTTGCTACTCAGGAGGCTGAGGCAGAAAGGATCACTTGAGCCGGGGAGGTCGAGGCAGTGAGCGTGATTGCTCCACTGCACTCTGGCCTCAGCAACAGAGGGAGACCTTGTCTCAAAAAAATAAAAATAA"
"chr1","23605205","23605493","chr1","22217737","22218030","37","1387468","GGCCAGGAGCAGTGGCTCATGCCTGTAATCCTAGCACTTTGGGAGGCCAAAGCAGGAGGATTGCTTGAAGCCAGGAGTTCAAGACTAGCCTGGGCAACAGAGAGAGAGACCTCGTCTCTACAAAATATTTTAAAAAGCTGGGCATGGTGGCGTGGGCCTATAGTCCCAGCTACTCGGAAGGCTGAGGCAGGAGGACTGCCTGAGCCCAGGAGTTCAAGGTTACAGTGAGCTCTGATTGTGCCACTGTACTCCAGTGTGGGAGACAGAGCCATCAAAAAAAAAAAAAAAA","GGAGTGATGACTCATGCCTGTAATCCTAGCACTTTGGGAGGCCAAGGCAGGAGGACTGCTTGAAGCCAGGAGTTCAAGACTAGTCTGGGCAACAGAGAGAGACCTCGTCTCTACGAATTATTTTTAAAAGCCAGGCATGGTGGCATGCGCCTATAGTCCCAGCTACTCAGAAGGCTGAGGAAGGAGGACTGCTTGATCCCAGGAGTTCAAGGTTACAGTGAGCTCTGATTGTGCCACTGGACTCCAGTGTGGGAGACAGAGCCATTAAAAAAAAAAAAAAAAAAAAAAAAAAAA"
"chr1","23759965","23760257","chr1","22377098","22377391","13","1382867","GGCCAGGCATAGTGGCTCATGCTGGTAATCACAGCATGTTGGGATTACTAGGTGGGAGCTGAGGTGGAAGGATCACTTGAGGCTAAGAGCTTGAGACCAGCCTGGGCAACATAGTGAGACCCCATCTCTACAAAAATTAGCCAGGTGTGGTGGTACATGCTTGTAGTTCTACCTACTTGGGAGGCTAGGGCAGGAGGATCACTTGAGTCCAGGAGTTTGAGGTTACAGTGAGCTATGATTGTGCCACTGTACTCCAGCCTGGGCAACAGAGTAAGACCTTGTCTCTAAAAAAA","GGCCAGGCACAGTGGCTCATGCTGGTAATCATAGCATGTTGGGATTACTAGGTGGGAGCCCAGGTGGAAGGATCACTTGAGGCCAAGAGTTTGAGACCAGCCTGGGCAACATAGTGAGACCCCCCCATCTCTACAAAAATTAGCCCGGTGTGGTGGTACATGCTTGTAGTTCTACCTACTTGGGAGGCTAGGGCAGGAGATCACTTGAGTCCAGGAGTTTGAGGTTACAGTGAGCTATGATTGTGCCACCGTACTCCAGCCTGGGCAACAGAGTAAGACCTTGTCTCTAAAAAA"
"chr1","23933690","23933816","chr7","133653641","133653773","20","109719951","CTGGGTGCAGTGGCTCATGCCTGTAATCCCAGCACTTTGGCAGGCTGAGGCAGGAGGATCCCTTGAATCCAGGAGTTCAAGACCAGCCTGGACAACATAATGAGACCCTCTACAAAAAATTAAAAAA","GGTTGGGCTCAGTGGCTCATGCCTGTAATCCCAGCACTTTGGGAGGCTGAGGCAGGAGGATTGCTTGAGGCCAGTAGTTCAAGACCAGCCTGGGCAACATAATGAAATGTCATTCCTACAAAAAGTTAAAAAA"
"chr1","24029818","24030112","chr1","22649445","22649743","21","1380373","GGCCAGCTGCCATGGCTCATGCTTGTAATCCAGTGCTTTGGGAGGCTGAGGCTAGATCTCTTGAGGCCAGGAGTTTGAGACCAGCCTGGGCAACATAGCAAGACCCTGTCTCTACAAAAAATTTAAACATTAGCTGGTTGTAGAGGTGCACACCTGTAGTTCTAGCTACTCAGGAGGCTGAGGTGGGAGGACCACTTGAGCCCCAGGAGTTTGAGGTTACAGTGAGGTATGATCGTGCCACTGCGCTATTGCCTGCATGACAGAGCAAGACCCCATTTCATTAAAAAAACAAAAA","GGCCAGGTGCCGTGGCTCATGCCTGTAATCCAGTGCTTTGGGAAGCTGAGGCTAGAAGATCTCTTGAGGCCAGGAGTTTGAGACCAGCCTGGGCAACACAGCAAGACCCTGTCTCTACAAAAAATTTAAAAAGTAGCTGGATGTAGAGGTACATACCTGTAATTCTAGCTACTCAGGAGGCTAAGGTGGGAGGATCACTCGAGCCCCAGAAGTTTGAGGTTACAGTGAGGTATGATCGTGCCATTGCACTATTGCCTGCATGACAGAGCAAGACCCCATTTCATTAAAAAAACAAAAAA"
"chr1","24108829","24108939","chr1","22738897","22739007","3","1369932","GGATCCCTTGAGCCCAGGAGTTCGAGGTTACAGTGAGCTATGATTGTATCGCTGCACTCCAACCTAGGCGGCAGAGTGAGACTCTGTCTCTAAAAAAATAAAAATAAAAAA","GGATCCCTTGAGCCCAGGAGTTCGAGGTTACAGTGAGCTATGATTGTATCGCTGCACTCCAACCCAGGCGGCAGAGTGAGACTCTGCCTCTAAAAAAATAAAAACAAAAAA"
"chr1","24667720","24667985","chr1","23306149","23306431","39","1361571","GACTGGGCATGATGGTTCACACCTGCAATCCCAGTACCTTGGGAGGCCAAGATGGGAAGATTGCATGAGGCCAGGAGTTTGAGACCAGCCTGGGCAACATAGGGAGACCTCACCTATAGAAAAAAAGTTTAAAATTAAAAAATTAGCTGGCATGGTGCTGAGCACCTATCTACTCTAGAGGATCGCTTGAGCCCAGGAGTTAGAGGTTGCAGTGAGCTATGATTGCACCACTGCACTCCAAACCTGGGCAATGGAGCGAGACCTTG","CTGGGCACGATGGCTCACACCTGCAATCCCAGCACCTTGGGAGGCCAAGATGGGAAGATTGCTTGAGGCCAGGAGTTTGGGACCAGCCTGGGCAACATAGGGAGACCCCACCTAGAGAAAAAAATGTTTAAAATTTAAAAATTAGCTGGTGTGGTGCTGAGCACCTAACTGTTCTAGAGGATCGCTTGAGCCCAGGATTAGAGGTCGCAGTGAGCTATGATTGCACCACTGCACTCCAACCTGGGCAATGGAGCGAGACCTTGTCCCCCCCCAAAAAAAAAAA"
"chr1","24673877","24674172","chr9","94961059","94961353","74","70287182","GGCCAGGAGCAGTGGCTTGTGCCTGTAATCCTAGAATTTTGGGAGACCCAGGCAAGAGACTATCCCTCAAGGCCAGGAGTTCGAGACCAGCCTTGGCAACAGACACCCCATCTCTACGAAAAAAAAATTTAATTAGCCAGGTGTGGTGGCGTGTATGGGTAGTCTTGGCCATTCAGAAGGCTGAGGTATGAAGATTCCATACACCCAGGAGTTCAAGGTTGCAATGAGCTGTGATCGTACCACTGCACTGCAGCCTGGGCAACAGTGAGATCTCCTCTCAAACAAGAAAAAAGAAA","GGCCAGGTGCAGTGGCTCACACCTGTAATCCCACCACTTTGGGAGGCTGAGACAGGAGAATCACTTGAGGCCAGGAGTGTGAGACCAGCCTGGGCAACTAAGTGAGACCCCATCTCAACAAAAATAAATTTTTAAATTAGCCAGGCATGGTGGCATGCACTTGCAGTCCCAGCCACTCGGGAGGCTGAGGCAGGAAGATTGCTTAAACCCAGGAGTTTAAGGTTACAGTGAGCTGTGATCATGCCACTGCACTCCAGCCTGCGCAAGAGAGCAAGACCCTGTCTCTAAAATAAAA"
"chr1","24810824","24811123","chr9","98532256","98532547","64","73721432","GCTGGGCGTGGTGGCTCATGCCTGTAATCCCTACACTTTGGGAGGTGTAGATGGGTGGAAGGATTGCTCGAGGCCAGGAGTTTGAGATCAGCCTGATCAACATAGCAAGACCTTCTCATCTTTAACCAAAAAAAAATTAAGCCAGGCATGTTGGCACATTTGGCACATGCCTGTAGTCCCAGCTACTCGGGAGGCTGAGGCAGGAGAATAGCTTGAGCCCAGGAGTTTGAGGTTACAGTGAGCTATAGTTGTGCCATTGCACTCCAGCCTGGGTGACAGATCAAGAGCCTGTCTCTAAAA","GCTAGGTGTGGTGGCTCATGCCTGTAATTGCCGCACTTTGGGAGGCCAAGGTGGGATGATTGCTTAAGACCAGGAGTTCGAGATCAGCCTGAGCAACATAGCGAGGCCCTGCCTCTACCAAAAAAGTAAAAATAAAAAAGCCAGATGTGGTGGCACATGCCTGTAGTCCTAGCTACTCGGGAGGCTGAGGCAGGAGGATCACGTGAGCCCAGGAGTTTGAGGCCACAGTGAGCTACAGTCGTGCCACTGCACTCTAGCCTGGACAACAGAGCAAGACCTTGTCTCCAATAAA"
"chr1","25018618","25018897","chr3","47986181","47986463","60","22967563","GCCAAGCATGGTGGCTCATACCTGTAATCCCAGCACTTAGGGAGGCCAAGGTGGGAGGATTACATGAGGCCAGGAGTTCAAAACCAGTCTGGGCAATACAGCAAGACCCTGTCTCTACAGGAAAAAAAAAAAAAGCCAAGTGTGGTAGCGTGAGTCTGTAGTCCTAGCTACTTGGGAGGCTGGGGAAGGAGGATCTCTTGAGCCCAGGAGTTTGAGGCTATAGTGAACTATGGTTGTGCCACTGTACTCCAGCCTGGGTGACAGAGCAAGACCCTGTATC","GGCCAGGCATGGCGGCTCATGCCTGTAATCCCAGCACTTTGGGTGACCAAGGCTGGAGGATCACTTGAGACCAGGAATTCAAGACCAGCCTAGGCAACATGGCAAGAACTTGTCTCTAGAAAAAAATTTTAAAATTAGCCAGATGTAGAGGCACGTACCTGTAGTCCCAGCTACTTGGGAAGCTGAGGCAGGAGGATCGCTTGAGCCCAGGATTTTGAAGTTACAGTGAGCTATGATCATGCCACTGCATATCAGCCTGAGTGACAGAGTAAGACTCTGTCTC"
"chr1","25059299","25059457","chr3","124656335","124656466","49","99597036","TCAAGATCCAGCCTGGGCAACACAGCAAGACTCCACCTCTACAAAAGAATGTAAAAGTTAGCCAGACGTGGTGGCACACACCTGTTGTACTAGCTGCTTGAGAGGCTGAGTCAGGAGGATTGCTTGAGCCCAAGAGTTCAAGGTTACAGTGAGCTATAA","CAGTCTGAGGAACATAGCAAGACCCCATCTCTACAAAAAATTTAAAAATTAGCCAGACAAGGTAGCACGCACTAGTAGTTCTGATGATGTGTGAGGCTGAGGCGGAGGATTGCTAGAGCCCGAGAGTTCAAG"
"chr1","25140714","25141027","chr1","23789916","23790234","31","1350798","GCCAGGCATGGTGGCTCATACTTGTAATCCCAGCACTTTGAGAGGCCGAGGCAAGAGGATTATCTGAAGCCAGGATTTCGAGACCAGCCTGGGCAATATAGTGAGACCCTGACTCTACAGAAAAAAAAATTTAAATTAGCTGGGCGTGGTAGTGCACACCTGTAATCCTAGCTACTTGGGAGGCTGAAGCGAGAGAACTGCTTGAGCCCAGGAGCTCAAGGTTACAGTGAGCTATGATTGCACCACTGCACTCTAGCGTGGGCAACAGAGCAAGACCCTGTTTCTAAAAAAAAAAAAAAAAGAAGAGAAAGAAA","GCCAGGCATGGGGGCTCACACTTGTAATCCCAGCACTTTGAGAGGCTGAGGCAAGAGGATCACCTGAAGCCAGGAGTTTGAGACCAGCCTGAACAACATAGTGAGACCCTGTCTCTACAGAAAAAAAATTTAAATTAGCTGGGCGTGGTGGTGCACACCTGTAATCCTAGCTACTTGAGAGGCTGAAGCAGGAAGATTGCTTGAGCCCAGGAGCTCAAGGTTACAGTGAGCTATGATTGCACCACTGCTCTCCAGCCTGGGCAACAGAGCAAGACCCTGTCTCTAAAAAGAAAAGAAAAGAAAATAAAAGAAAAGAAAA"
"chr1","25400975","25401268","chr1","24056020","24056327","33","1344955","GGCCTGGCACAGTGGCTCACACCTGTAATCTCAACCATGTGGGAGGCCAAGGATGGAAGATCACTTGAGGCCAGGAGTTTGAGACAGCCTGAGCAACACAGTGAGACCCCGTCTCTACAAAAAAATTAATTAGCCAGGAATCATGGCACATGCCTGTAATCCTAGCTACTGGGGAGGCTGATGTGGGAGGATCCCTTGAGGCCACAAGTTTGAGGTTACAGTGAGTTATGACGGTGTCAATGCACTCCAGCTTAAGCAACAGAGTGAGACACTGTCTCTTAAAAAAAAAAACAA","GGCCTGGCACAGTGGCTCACACCTGTAATCTCAACCCTGTGGGAGGCCAAAGAGAGAGGATCACTTGAGGCCAGGAATTTGAGACAGCCTGAGCAACACAGTGAGATCCCGTCTCTACAAAAAAATTAATTAGCCAGGAATTGTGGCACATGCCTGTAATCCTAGCTACTGGGGAGGCTGATGTGGGAGGCTCCCTTGAGGCCGAAGTTTGAGGTTACAATGAATTATGATGGATGGTGTCAATGCACTCCAGCTTAGGCAACAGAGCGAGACACTGTCTCTTTAAAAAATAAAATAAAATAAAAAAA"
"chr1","25827536","25827819","chr1","24248226","24248509","21","1579310","GGCTGGGCATGGTGGCTCATGCCCGTAATCCCAGCACTCCCAAGGCCAAGGTGGGAGGACTGCTTGAGCCCAGAGTCTGAGATCAGCCTGGGCAACACAGAGAGACCCTGTCTCTACAAAAAATTTAAAAAATAGCTGGGCATAGTAGCACATGCCTGTAGTCCCAGCTACTCAGGAGGCTGAGGCAAGAGGACAACTTGAGCCCAGGAGTTTCAGGTTATAGTAAGCTATGATTGCACCATTGCACTCCAGTCTGGGTGACAGAATGATATCCTGTCTCAAAA","GGCCGGGCATGGTCGCTCATGCCCGTAATCCCAGCACTCCTAAGGCCAAAGTGGGAAGATTGCTTGAGCCCAGAGTTTGTGATCAGCCTGGGCAACATAGAGAGACCCTGTCTCTACAAAAAATTTAAAAAATAGCTGGGCATAGTAGCACATGCCTGTAGTTCCAGCTACTCAGGAGGCTAAGGCAACAGCACAGCTTGAGACCAGGAGTTTGAGGTTAAAGTAAGCTATGATTGTACCACTGCACTCCAGTCTGGGTGACAGAATGATACCGTGTCTCAAAA"
"chr1","26219201","26219338","chr12","20446566","20446692","29","5772635","GCTGGGTGTGGTGGTACACACCTGTAATCCCAGCACTTTGGGAGGCCGAGGAGGGAGGATCACTTGAGGCCAGGAGTTAGAGACCAGCCTTATTTATTTAGAGACATAGCAAGATTCTGTCTCTAAATAATTAAAAAA","CTGGGCGTGGTGGCTCACACCTGTGATCCCAGCACTTTGGGAGGCCAAGATGGGAGGATCACTTGAGGCCAGGAGTTTGAGACCAGCCTGGTCAACATAGTGAGCCCCTGTCTCTATTATTTAAAAA"
"chr1","26254407","26254582","chr20","23929018","23929191","43","2325389","GCTGGGTGCAGTGGCTTATGCCTGCAGTCCCAACACTTCGGGAGGCCAAGGTGGGAAGATCGCTGAGGCCAGGAGCTCAGGACAAGCCTGGGCAACAGAGTGAGACCCTGTTTCTATAAGATATTTAAAAATTAGTTGGATGCAGTGGTGCGAGCCTGCATTCTTCCTAGCTACTC","GCCAGGCATGGTGGCTCACACCTGTAATCCCAAAACTTTGGGAAGCCAAGGCAGGAGGATCGCTTGAGACCAGGAGTTCAAGACTAGCCTGGGCAACATAGTGAGACCCCATCTCTACAACAAAATTTAAAACTTAGTTGGGTGCTGTGGCACATGCCTGTGATCCAGCTACTC"
"chr1","26300992","26301294","chr1","24773660","24773972","30","1527332","GCTGAGCATGTTGGCTTACTCCTGTAACCCCAGCTCTTTGGGAGGCTGAGGCAGGAGGATTGCTTGAAGCCAGGAGTTTGAGATCAGCCTAGGAAACATCACAAGACCCCATCTCTACAAAAAATTGAAAAAAACAAAACAGCCAAGTGTGATAGTGCATGCCTGTAGTCCCAGCTACTTTGAAGGCTGAGGCAGGAGGATCACTTGAGCCCAGGAGTTCCAGGTTACAGTGAGCTCTGACCGTACCACTTCAGCCTGGGCAATAGAGCAAGACCCTGTCAAAAAAAAACAGAAAAAAGAAAA","GGCTGAGCATGATGGCTCACTCCTGTAACCCCAGATCTTTGGGAGGCTGAGGCAGGAGGATTGCTTGAAGCCAAGAGTTTGTGATCAGCCTAGGAAACATCACAAGACTCCGTCTCTACAAAAAATTTAAAAAAGGAAAAAACAAAACTTAGCCAAGTGTTATAGTACATGCCTGTAGTTCCAGCTACTTTGAAGGCTGAGGCAGGGGGATCACTTGAGCCCAGGAGTTCGAGGTTACAGTGAGCTCTGACCGCACCACTTTCAGCCTGGGCAGTAGAGCAAGACCCTGTCTCAAAAAAAACAGAAAAGAAAA"
"chr1","26555877","26556166","chr20","11774510","11774795","61","14781367","GCAGTGGCTCACACTTGTAATCCCAGCATTTTGCGAGACCAAAGTGGGAGGAGTGGTTGGGGCCAGGAGTTTGACACCAGCCTGGACAACACAGCAAGATGCTGTCTCTATAAAAAATTTAAAATTAGCTGGGCATCATGGCACATGCTTGTAATCCTAGCTACTTGAGAGGCTGAGGCAGAAGGATCGCTTGAGACCAGGAGTTTGAGGGTGCAGTGAACTATGATGGCGCCACCACACTCCAGCCTGGGAGACAGAGTGAGACCCTGTCTCTAAAAGAAAAAAGAAAA","GTGCCTCAGACCTGTAATCCCAGCACTTTGGGAGGCCAAGGTGGGAGGATTGCTTGAAAACAGGAATTCACGACCAGCCTGGGCAACAAAATAAGACCCTGTCTCTCTAACAAAATGTTAAAAATTAGCCAGACATGGTGGCACATGCCTGTAGTCCCAGCTACTTGGGAGGCTGAGGCTGGAGAATTGCTTGAGCCCAGGAGTTTGGGGTTACAATGAGCTATGATGGCACCACTGCACTCCAGCCTGGGTGACAGAGTGAGACCCCATCTCAAAACAAAACAAA"
"chr1","26644173","26644394","chr1","25128148","25128369","12","1516025","AAGAGTTTGCAGTCTGGGCAACATAGCAAAACTCCACCCTCCACCACCCCAAAAATTAGCTGGGCATGGTGGCATGCACCTGTAGTCCCAGGTACTTAGGAGGATGAGGCGGGAGGATTGCTTGAGCCCAGGAGTTCGAGGTTACAGTGAGCTATGATTGCACCACTTGTACTCCAGCCTGGGTGACAACGGCAAGAACCTGTCTCCAGGGGGGAAAAAAAA","AAGAGTTTGCAGTCTGGGCAACATAGCAAAACTCCATCCCCTAGCACCCCAAAAATTAGCTGGGCATGGTGACATGCACCTGTAGTCCCAGCTACTTAGGAGAATGAGGCGGGAGGATTGCTTGAGCCCAGGAGTTCGAGGTTACAGTGAGCTATGATTGCACCACTTGTACTCCAGCCTGGGTGACAACGGCAAGAACCTGTCTCGACAGGAAAAAAAAAA"
"chr1","26946453","26946605","chr1","25454259","25454411","10","1492194","GCCGGGCATGGTGTCTCATGCCTGTGAACCCAACACTTTGAAAGGCCGAGGCAGGAGGATTGCTTGAGGCCAGGGGTTGGAGATCAGCCTGGGCAACATGGCAAACCTCCCCGCAATCTCTCCAAAAAAAATTTAAAAATTAGCTGGGCATGG","GCCAGGCATGGTGGCTCATGCCTATGATCCCAGCACTTTGAAAGGCTGAGGCAGGAGGATTGCTTGAGGCCAGGGGTTGGAGATCAGCCTGGGCAACATGGCAAACCTCCCTCCAGTCTCTACAAAAAAAATTTAAAAATTAGCTGGGCATGG"
"chr1","26949401","26949666","chr1","25457995","25458257","13","1491406","GGCTCATGCCTATAACCCCAGCACTTTGGGAGGCTGAGGCAGGAGGCTCTCTCTCAAGGCCAGGAATTGGAGACCAGCCTAGGCAATATAGTGAGACCTAGCCTCTACAACAAAAATTTATAAATTAGCCTGATGTGGTGGCACATGCCTGTAGGCCTAGCTACTTGGGAGGCAAGAGGATTGCTTGAGCCCAGGAGTTTGAAGTTGCAGTGAACTATGATTCAGCCATTGCATTCCAGCTGGGCAACACAACAAGACTCTGTCTC","GGCTTATGCCTATAACCCCAGCACTTTGGGAGGCCAAGGCAGGAGGCTCTCTTGAGGCCAGGAATTGGAGACCAGCCTAGGCAATATAGTGAGACCTAGTCTCTACAAAAAATTTGATAAATTAGCCTGATGTGGTGGCACATGCCTGTAGTCCTAGCTACTTGGGAGGCAAGAGGATTGCTTGAGCCCAGGAGTTTGAAGTTGCAGTGAACTATGATTGAGCCATTGCATTCCAGCTGGGCAACAAAACAAGACTCTGTCTC"
"chr1","26977902","26978177","chr1","25488633","25488904","21","1489269","GGGCATGGGGCTCATGCCTGTAATCTCAGCGCTTTGGGAGGCCAAGGCAGAAGTATCACTTGAGGACAGGAGTTTGAGACCACTTGGACAAGTTAGCCAGATCCCATCTCTGAGTGTGCCTGCAGTTCTAGCTACTCGAGAGGCTGAGGAGGGAGGATCGCTTGTATGCAGGAGTTCGAGGTTACAGTTAGCTATGATTGCACCACTGACCACTCCAGCCTGGGCAACAGAACGAGACCCTGTATATAAACAAATTTTTAAAAAAGGAAAGAAAAA","GGGCATGGGGCTCATGCCTGTAATCTCAGTGCTTTGGGAGGCCAAGGCAGAAGGGTCACTTGAGGCCAGGAGTTTGAGATCACTTGGACAAGATAGCCAGATCCCATCTCTCAGTATGCCTGCAGTTCTAGCTACTTGAGAGGCTGAGGAGGGAGGGTCACTTGTATGCAGAAGTTCGAGGTTACAATTAGCTATGATTGCACCACTGTACCACTCCAGCCTGGGCAACAGAACGAGACCCTGTTTATAAACAAATTTTTTAAAAAGGAAAA"
"chr1","27002634","27002911","chr1","25514132","25514410","15","1488502","GGCCAGGCATGGTGGCTCGTGCCTATAATCCCAGCAATTTGGGAGGCCAAGGCAGGAGGATTGCTTGAGGCCAAGAGTTTGAGACCAGCCTGGGCAACATAGCCAGACTTAATCTCCACAGTAAAAAAATTTGCCCAGCATGGTGGTTCATGCCTGCAGAACCAGCTACTGGGGAGACTGAGGCAGAACTGCTTGAGCCCAGGAGTTCGAGGTTACAGTGAGCTATGATTGCACCATTGCACTCCAGCCTGAGTGACAGAGCAAGACCCTGTCTCAAA","GGCCAGGCATGGTAGCTCATGCCTATAATCTCAGCAATTTGGGAGGCCAAGGCAGGAGGATTGCTTGAGGCCAAGAGTTTGAGACCAGCCTGGGCAACATAGCCAGACTTAATCTCCACAATAAAAAAAATTCACCAAGCATGGTGGTTCATGCCTGCAGAATCAGCTACTGGGGAGGCTGAGGCAGAACTGCTTGAGCCCAGGAGTTTGAGATTACAGTGAGATATGATTGCACCACTGCACTCCAGCCTAAGTGACAGAGCAAGACCCTGTCTCAAA"
"chr1","27077857","27077998","chr1","25591325","25591467","13","1486532","GGCCAGGGGCAGTGGCTCATGCCTGTAATCCCAGAACGTTAGGAGGCTGAGGAGGGCAGATCGCTTGAGCCCAGGAGTTCGAGACAAGCCTGGGCAACATGGCAAGGCCCATCTACTACAAAAAAATTTAAAATTAGCCGGG","GGCCAGTGGTGGTGGCTCATGCCTGTAATCCTAGAACACTGGGAGGCTGAGAAGGGCAGATCGCTTGAGCCCAGGAGTTCAAGACAAGCCTGGGCAACATGGCAAGGCCCCATCTCTACAAAAAAATTTAAAAATTAGCTGGG"
"chr1","27476786","27476923","chr1","26012099","26012257","31","1464687","AAAATTAGCTGGGCTTGGTAGTCCTAGCTGCTTCGGAGGCTGAGGCAGGAGTATCATTTGAACCTAGGAGTTTGAGACTACAGTGAACTATGATCGCACCACAGCACTCTAGCCTGGGCAACAAAGGGAGACCCTGTC","AAAATTAGCTGGCCATGGTAGTCCTAGCCACTTGGGAGGCTGAAGCAGGAGTATCATTTGAACCTAGGAGTTTGAGACTACAGTGAACTATGATTGCACCACAGCACTCCAGCCTGGGCAGCAAAGGGAGGCCCTGTCAATAATAATAAGAAGAATAAA"
"chr1","27485174","27485343","chr6","88100187","88100346","46","60615013","GGCCAGACACAGTAGCTCACTCCAGTAATCCCAGCACCTTAGAAGGCTGAGGTGGGAGGATCACTTGAGGCCAGGAGTTCAAGACCAGCCTAGGCAACATAGGGAGAATCTGTGTCTACAAAATAATTTATGTATTTATTTATTTGTTGTTGTTGTTGGTGGTGGTGGTG","GGCCAGGCGCAGTGGCTCATGCTTATAATCCCAACATGGGAGGCCAAAGTGGGAGAATCACTTGAGCCCAGGAGTTCAATACCAGCCTGGGCAACATAGGGAAAGCCTGTCTCTACAAAAGAATTTTTAAAAGTTAGCCGGGTGTGGAGGTGTGCACTTG"
"chr1","27485633","27485807","chr3","74948544","74948714","39","47462911","AAAATAATTTCAAAATTAACCAGGCATGGCGGTATGCACCTGTAGTCTCTACTACTTGGGAAGCTGAGGCGGGAGGATCACTTAGAGCCCAGAAGTTCAAGGTTACAGTGAGCTATGATCATGCCACTGCACTCCAGCTTGGGCAACATAGCAGGACTCTATCTCCTAAAAAAAA","AAAATACATAAGTTAGCCAGGTATGGTGGTGCTCACCTGTAATACTAGCTACACAGGAGGCTGAGGCAAGAGGATCACTTCAACTCAAGAGTTCAAGATTACAGTGAGCTATGATCATACCACTACACTCCAGCCTGGGCAACAGAGCAAGATTCCATCTAAAAAAAAAAA"
"chr1","27518410","27518543","chr1","26069847","26069980","8","1448563","GGCTGGGCATAGTGGCTCATGCTTGTAATCCTAGCACTTTGGAAGGCCAAGGTAGGAGGACTGCTTGAGACCAGGAGTTCGAGACCAGCCCTGGCAACATAGCGAGACCCTTGTCTCTATACAAAATTTAAAAA","GGCTGGGCATGGTGGCTCATGCTTGTAATCCTAGCACTTCGGAAGGCCAAAGTAGGAGGATTGCTTGAGACCAAGAGTTCGAGACCAGCCCTGGCAATATAGCAAGACCCTTGTCTCTATACAAAATTAAAAAA"
"chr1","27534384","27534678","chr6","176566710","176566999","70","149032326","GTGTGGTGGCTCACACCTGTAATCCCAGCTACTTAGGAGGCCTAGACGGAAAGATAGTTTGAGGCCAGGAGTTTGAGACCAACCTGGGCAACACAGAGAGACCTCATCTCTGAAAATACTTTTTAAAAATATTAACCAGGCATGGTGGCATGGTGGCATGTGCCTGTAATCCTAGCTATGTAGGAGGATGCCTTGAACCCAGGAGTTCAAGGTTACAGTGAGCTATGATCGTGCCACTGCACTCCAGCCCAGGTGACAAAGTGAGACCCTGTTTCTAAAATAAAAATAAAAACAA","GGTCGTGGTGGCTCATGCCTGTAATCCCAGCACTTTGGGAGGCTGACCTGGAGGATGGCTTGAGGCCAGGAGTTCAAGGCCAGCCTGGGCAACATGGCGAGACCCCATCTCTAGAAAAAATATAAAAAATTAGCTGGGAATGGTGATGTGTGCCTGTAATCCTAGCTGAGGCAGGAGAATCTCATGAGCCCAGGAGTTTGAGGTTACAGTGAGCTATGATCAGGAGACTGCAGTCCAGCCTAGGTGGCAGAGCAAGACCCTGTCTTTTTAAAAAAAAAAAAAAAAAAAGA"
"chr1","27552736","27553061","chr1","26101200","26101525","26","1451536","GGCCAGGTGTGGTAGCTCATGCCTGTAATCTCAGTGCTTTGGGAGACCGAGGCAGGAGGATCACTTGAAGGCCAGGAGGTCGAGAGCAGTCTGGGCAACAGAGTAAGATCCTGTCTCTATAAAAAAGTTTTTTAAAAGTTAGCCAGGCATGGTGGCACACTCCTGTAGTCCTAGCTACTAGGAAGGCTGGGGCAGGAGGGAGGAGGGAGAATTGCTTGAGCCCAGGAGTTTGAGGTTATATTGAGCTATGATTGTGCCTCTGCACTCCAGCCTGTGTGACAAAGTGAGGCGCTGTCTCAAAAACAAAACAAAACAAAAGAAAGAAA","GGCCAGGTGTGGTAGCTCATGCCTGTAATCTCAGTGCTTTGGGAGGCCAAGGCAGGAGGATCACTTGAAGGCCAGGAGGTCGAGAGCAGTCTGGGCAACAGAGTAAGACCCTGTGTGTCTACAAAAAATTTAAAAAAAAAAATTAGCCAGGCACGGTGGCACACTCCTGTAGTCCTAGCTACTAGGAAGGCTGAGGCAGGAGGGAGGAGGGAGGACTGCTTGAGCCCAGGAGTTTAAGGTTATACTGAGCTATGATTGTGCCTCTGCACTCCAGCCTGTGTGACAAAGTGAGGCGCTGTCTCAAAAACAAAACAAAACAAAACAAA"
"chr1","27557868","27558152","chr1","26107242","26107528","23","1450626","GGCCAGGTGCACTGGCTCACACCTGTAATCCCAGTGCTTTGGGAGGCCGAGGGAGAATCACTTGAGGCCAAGAATTTAAGACCAGGCTGGGCAACATAGCAAAATCCCGTCTCTACAAAAAATAAAATTAGCCAGGTGTGGTGGCCATGCATCTACAGCCCTAGCTACTCAGGAGGCTGAGGCAGAAAGATTGCTTGAACCCAGGAGTTTGAAGTTACAGTGAACTATGATCATGCCACTCCAGCCTTAGTGAGAGTGAGATTCAGTCTCAAAAAGAAAAAAAAA","GGCCAGGTGCACTGGCTCACACCTGTAATCCCAGCACTTTGAGAGGCCAAAGAGGAGGATCACGTGAAGCCAAGAATTTAAGACCAGGCTGGGCAACATAGCAAAATCCCATCTCTACAAAAAATAAAATTAGCCAGGTGTGGTGGCCATGCATCCATAGCCCTAGCCACTCAGGAGGCTGAGGCAGGAGGATTGCTTGAATCCAGGAGTTTGAAGTTACAATGAGTTATGATAATGCCACTCCAGCCTTAGTGAGACAGAGATTCAGTCTCAAAAAAAAAAAAAAA"
"chr1","27559791","27560071","chr1","26109159","26109447","26","1450632","CCGAGCACAGTGCCTCATGCCTGTCATTCCAGCAGTTTGGGGAGCTGAAGCAGGAGGATTGTTTGAAGCTAGCCAGGCAGTCAAGACCAACCTGGGCAACATAGCAAGACCCTGAATTTAGGAAAAAACAGTAATTAGCTGGGAATGGTGGTGCATGCCTGTAGTCCTAGCTACTTGGGAGTCTGAGGTGGGAAGAAGGACTGTGTGAGCCCAGGAGTTCAAGGTTATAGTATGCTATGATCGCACCACTATATAGTGGTGATAGAGTAAGACCCTGTCTC","GGCCTGGGCACAGTGCCTCATGCCTGTCATTCCAGCACTTTGGGGAGCTGAGGCAGGAGGATATCTTGAAGCTAGCTAGGCAGTCGAGACCAACCTGGGCAACATAGCAAGACCCTGAATTTAGAAAAAAATAAGAATTAGCTGGGAATGGTGGCGCATGCCTGTAGTCCTAGCTACTTGGGAGTCTGAGGTGGGAAGAAGGATTGTGTGAGACCAGGAGTTCAAGGTTATAGTATGCTATGATTACACCACTGTATATCACTGTGGTGATAGAGTAAGACCCTGCCTC"
"chr1","27762071","27762233","chr1","26320668","26320837","20","1441403","TTAGTTGGGCATGGTGGCACACGCTTGTGGTCCCAGCTACTCAGGAGGCTGAAGTAGGAGGATTGCCTGAGCCCAGGAGTTACAGGTTACAAAGAGTGATCATGCACTGCATTCCAGTCTGGACAACAAAGTAAGACCCTGTATCTTTAAAAAAAAAAAAAAA","TTAGTTGGGTGTGGTGGCACATGCTTATGGTCCCAGCTACTTAGGAGGCCGAAGCAGGAGGATTGCCTGAGCCCAGGAGTTACAAGTTACAAAGAGCTGTGATCATGCACTGCACTCCAGTCTGGGCAACAGAGTGAGAGCCTGTATCTTTAAAATGAAAGAAAAGAAAA"
"chr1","27762516","27762576","chr1","26321125","26321181","8","1441391","AGGTCAAGACCAACCTGGGCAATATAGTGAGACACTGTCTCTACAAAAAAATTTTAAAAGT","AGGTCAAGACCAGCCTAGGCAACATAGACACCGTCTCTACAAAAAAATTTTAAAAGT"
"chr1","27766937","27767226","chr1","128698304","128698604","74","100931367","GGCCCAGCAGGATGGCTCAATGCCTGTAAATCCTAGCACTTTAGGAGGCTGGCTCACTTGAGCTCAGGAGTTGGAGACCAGCCTGGATAACATAGCCAGACCTTGTCCCTACTAAAAATTTTTAAAATTAGCCAGGTATGATGGCACATACCCATATTCCTAGCTACTTGGGAGGCTGAGGCAGGAGGATCACTTGAGTCCGAGAGATTGAAGCTACAGTGAGGTATGATCACACCACTGCACTGCAGACTGCATGACAGGCACGGCCAGGTCTCAACAACAACAAAAAA","GGCTGGGCACAGTGACTCATGCCTGTAATCCCAGCACTTTGGGAAATCAAGTCAGGAGGATCACTTGAGGCCAGGAATTCAAGGCCAGCCTGGGCAACATAGTGAGACCCTGTCCCTACTAAAAAATAAAAAATTAGCTGAGTATCATGGCAGACACCTATAGTCCTAGCTACTTGGGAGGCTGAGGCAGAAGGATCACTTGAGCCCAGTAGTTTGAGGTTACAGTGGGCTATGATCTAGTCACTGCACTCCAGTCTGGGTGACAGTGCAAGATCCCGTCTCAAAAAACAAACAAACAAAA"
"chr1","27837949","27838070","chr6","155902023","155902147","22","128064074","GGCTGGGCGTGGTGGCTCGCACCTGTAATCCCAGCACTTTGGGAGGCAAAGGCTGGAGAATAGCTTGAGGTCAGGGGTTTGAGACCAGCCTGGGGAACATGGCAAGACACCATCTCTAAAAA","GGCTGGGCATGGTGGCTCACGTCTGTAATCTCAGCACTTCGAGAGGCCAAGGCAGGAGAATTGCTTGAGGCCAGGAGTTTGAGACCAGCCTGGGCAACACAGAGAGACCCCACCTCTATTAAAAA"
"chr1","27995766","27996042","chr1","26568320","26568602","34","1427446","GGCTGGGCATAGTGGCTCACACTTGTAATTTTGACACTTTGGGAAGTCAAAGCAGGAGGACTGCTTGAGGCTAGGAGTTCAAGACCAGCCTGGGCAACACGGTGAGACCCTATCTGTACAAAAACTTTTAAAATTTGCTGGGCTTGGTGGTGCATACCCGTAGTCAGGAGGCTCCCCTTAAATCCAGGAGTTTGAGGTTACAGTGAGCTATGAATGCACCACTGCACTCCAGCCTGCGCAACAGAGAGACACCCTGTCTCAAAAACAACAACAACAA","GGCTGGGCATAGTGGCTCACACCTGTAATTTTGATACTTTGGGTGATCAAAGCAGGAGGATTGCTTGAGGCTAGGAGTTCAAGACCAGCCTGGGCAACACAGTGAGACCCTATCCGTACAAACACTTTTAAAATTCGCTGGGCTTGGTGGTGCATACCCGTAGTCAGGAGGCTGAGGCAGGAAGATCTCTTGAATCCAGGAGTTTGAGGTTGCAGTGAGCTATGAATGCACCACTGCACTGCAACCTGGGCAACAGAGAGACACCCTGTCTCAAAAACAACAA"
"chr1","28047861","28048024","chr1","52195362","52195533","40","24147501","GAGCATGGTGGCATGTACCTGTAGTCCTGGCTACTCAGGATGCTGAGGCAGGAGGATTGCTTGAGCCCAGAAGTTTAAGGTTGTAGTGTACTACAATCACACCACTGCATTCCAGTCTGGGTGAGTGAGATCCTATCAACTAAAAAAAAAAAAAATCCAAAAAA","TTAACAGCCTCGTGCAGTAGCATGTGCCTGTGGTTCTAGCTATTCAGGAGGCTGAGGCAGGAGGATTGCTTGAGCCCAGGAGTTCAAGGTTTCAGTGAGCTATGATCACACCACTGCACTCCAACCTGGGTGACACAGACACTATCTCAAAAAAAACAAAAAAAACAAAAAA"
"chr1","28078158","28078365","chr1","26655804","26656004","24","1422354","AGCCTGGGCAACATAGTGAGACCCCATCCCTACAAAAAATTTAAAAATTAGCCTGGCACGGTAGATGCATCCTTGTAGTCCTCGCTACTCAGCAAGCTGATCAGGAATTCAAGGTTATAGTGAGCTAGGATTGTACCACTTCACTCAGATCACTGCATTCTGCCTGGGTGACAGAAGTAGGCTCTGTCTCGAAAAAATAAATTAAAAA","AGCCTGGGCAACATAGTGAGACCCCATCCCTACAAAAAATTTAAAAATTAGCCTGGCATGGTAGATGCATCCTTGTAGTCCTCGCGACTCAGCAAGCTGATCAGGAATTCAAGGTTATAGCCAGCTAGGATCGCTCTACTTCACTCAGATCACTGCACTCTGCCTGGGTGACAGAGCTAGACTCCATCTCTTAAAAACAAA"
"chr1","28082246","28082483","chr1","26660578","26660816","16","1421668","CTTTGGGAGACTGAGGTGGGAGGATGGTTTGAGGTCAGGAATTCAAGACCAGCCTGGGCAACACAGCGAGACCCCCGTCTCTAAAAAACTTTTACAACCTGCCAGGCGCAGTGGCATATGCCTGTAGTCCTAGCTACTTGGGAGACTCAAGTAAGAGGATCGCTAAAGCCCAAGAGTTTGAGGTTACAGTGGACTACGATTGCACACTGCATTCCAGCCTGGGTGACAGAGTGAGACC","CTTTGGGAGACTGAGGTAGGAGGATGGCTTGAGGTCAGGAATTCAAGCCCAGCCTGGGCAACAGAGTGAGACCCCCGTCTCTAAAAAACTTTTACAACTTGTCAGGCGCAGTGCCACATGCCTGTAGTCCTAGCTACTTGGGAGACTCAAGTAGGAGGATCGCTGAAGCCCAAGAGTTTGAGGTTACAGTGGGCTACGACTGCAGCACTGCATTCCAGCCTGGGTGACACGGTGAGACC"
"chr1","28114723","28114857","chr19","19541216","19541349","22","8573507","GCCAGGCATGGTGGCTCAAGCCTGTAATCATAGCACTTTGGCAGGTTGAGGCAGGAGGATAGCTTAAAGCCAGGAGTTTGAGACCAGCCTGGGCAACAAAGCAAGACCCCCATTTCTAAAAAAAATTTTTAAAAA","GGCCAGGCATGATAGCCCATGCCTGTAATCCCAGCACTTTGGGAGGCCGAGGCAGGAGGATCACTTGAGGCCAGGAGTTTGAGACCAGCCTGAGCAACATAGAGAGACCCCCATCTCTACAAAAAATTTAAAAA"
"chr1","28173620","28173753","chr9","89477730","89477866","28","61304110","GGTTGCGTGTGATAGCTCATGCTTATAATCTCAACACTTCGGGAGGCTGAGGTGGGAAGATTGCTTGAGCCTAGGAGTTCGAGATCAGCCCTGGCAACATGGTGAGACATCATGTCTACAAAAAATTTTAAAAT","GGCTGGGTACGGTGGCTCATGCTTACAATCTCAGCACTTTGGGATGCTGAGGTGGGAAGATTGCTTGACCCCAGGAGTTCAAGACCAGCCTGGCCAACATAGTGAGGCACTGTCTCTAATTTTAAAAAATTTTAAAA"
"chr1","28189348","28189481","chr1","134018877","134019008","21","105829529","GGCCAGGCACAGTGGCTCACACCTACAATCCCAGTACTTTGAGAGGCCAAAGTAGGAGGATCACTTGAGGCCAGGAGTTTGAGACCAGCCTGGGCAACATAACAAGACGTGCCATCTCTAAATAAATTAAAAAA","GGCCAGGTGCAGTGGCTCACACCTGTAATCCCACACTTTGTGAGGCTGAGGTGGGAGGATCGCTTGAGGCCAAGAGTTTGAGACCAGCCTGGGCAAAATAGCAAGAATCCATCTCTACAAAAAATTTAAAAA"
"chr1","28239154","28239345","chr15","70302217","70302396","59","42063063","TAGGAATGCAGGTATATGCCACCACACCCAGCTACTTTTTAAAAAGAAATGTAATTTCTCCGTACTCGGGAGGCTGAGGCAGGAGGATCCCTTAAGTCCAGGAGTTTGAGGTTACCTTGAGCTATGATTGCAGCACTGCACTCCAGCCTGAGCAACAGATAGAGACCCTGTCTCCAAAAAAGAAAAATAAGA","TAATAATAATAATAAGCCAGATATGGTGGCAGCACACCTGTAGTTCTAGCTACTCAGGAAGCTGAGGCAGGAGAATGGTTTGAGCCCAGGAGTTTGAAGTTACAATGAGCTATGATGGCACCATTGCAGTCTAGCCTGGGTGACAGGATGAGAAGCTGTCTCTCTAAAAAGAAAAAAAAA"
"chr1","28239648","28239745","chr13","46988867","46988962","22","18749219","GGCCACATGCATTGGCTCACACCGGTAATCCCAGTGCTTTGGGAGGCCAAAGTGGGAGGATCACTTGAGGCCAGGAGTTCAAAACCGTGCCTCTACAA","GGCCAGGTGCAGTAGCTCATACCTGTAATCCCAGCACTTTGGGAGGCTGAGGCAGGAGGATCGCTTGAGCCAGGAATTCAAGATCCTGTCTCTCTA"
"chr1","28251477","28251761","chr1","26821042","26821323","15","1430435","GGCCAGGTGCAGTGATCATATGCCTGTAAACCCAGCACTTTGAGAAGCTAAGGCTGGAGGATCGCTTGAGGTCAGGAGTTTGAGACTGGCCTGGGCAACATAGCAAGACGCTGCTTCTACAAAAAATAAAAAAAAAAATTAGCTGTGTGTGGTGCTGTGTATCTATACTCTTAGCTACTTGGGAGGCTGAGACAGGAGGATCACTTGAGCCCAGGAATTTGAGGTTACAATGAGCTATGATCGTGCCACTGCACTGCAGCCTGGGAGGCAAAGGAAGACCCTGTC","GGCCAGGTGCAGTGATCATATGCCTGTAAACCCAGCACTTTGAGAAGCTAAGGCTGGAGGATCGCTTGAGGTCAGGAGTTTGAGACTGGCCTGGGCAACATAGTAAGACCCTGCTTCTACAAAAAATAAAAAAAATTAGCCATGTATGGTGGTGTGTATCTATACTCTTAGCTACTTGGGAGGCTGAGGCAGGAGGATCACTTGAGCCCAGGAATTTGAGGTTACAATGAGCTATGATTGTGCCACTGTACTGCCGCCTGGGCGGCAAAGCAAGACCCTGTC"
"chr1","28262400","28262679","chr1","26832777","26833042","34","1429623","CTGGGTGCAGTGGCTTGCACCTGTAATCCCAACATTTTGACAGGCCAAGGCAAGAGGATCACTGGAGGCCAGGAGTTTGAGACCACCCTGGGCAACACAGCAAGCCCCATCTCTACAAAGAATTTTTTTAATTAGTTGGACGTGGTGGTACAAGCCTGTAGTCCAAGCTACTCAGGAGGCTGACGCAGGAGGACAGCTTGAGCCCAGGAGTTCAAGGCCACCGTGAGCCATGATTGATTGTGCCACTGCACTCCAGCCCAGGCAACAGAGACCCTGCCTC","CTGGGGGCAGTGGCTCGCGCCTGTAATCCCAACACTTTGGAAGGCCAAGGCAAGAGGATCACTGGAGGCCAGGAGTTTGAGACCACCCTGGGCAACACAGCACACCCCATCTCTACAAAGAATTTTTTTTAATTAGTTGGGCATGGTGGTACAAGCCTGTAGTCCAAGCTACTCAGGAGGCTGACGCAGGAGGATTGTTTGAGTCCAGGAGTTCAAGGCCACTGTGAGCCATGACTGTGCTACTGCACTTCAGCCCAGGCAACAGA"
"chr1","28264169","28264271","chr1","26834570","26834665","10","1429599","AATTTCATACGTTGGGAGGCCAAGGTGCACAGGTCGCTTGAGGCCAGAGTTGGAGACCATCCTGGGTAACATAGTGAGACCTCATCTCTTCAAAATTTTAAAA","ACGTTGGGAGGCCAAGGTGCACAGGTGGCTTGAGGCCAGAGTTGGAGACCATCCTGGGTAACATAGTGAGACCTCATCTCTTCAAAATTTTAAAAA"
"chr1","28407814","28408076","chr4","66198728","66198972","72","37790914","GACTGGGCATGGTGGCCCATGCCGATAATCCCAGCTACTTGGGAGGCTGAGGTGGGAGAATCACTTGAGCCCAGGAGGTTGAGGCTGCTCTGAGACATGGTCCAGGCATGGTGGTGAGCACTTGTAATCCTAGCTACTCAGGAGGCTGAGGCAGGAGGATTCCTTACACCCAGGAGTTTGAGGTTACAGTGAGCTATGATCATACCATGGTACTCCAGCATGGAAGACAGAATGAGATCCTGTCTCAGTAATAAATAAGTAAA","GGCTGGGCATGGTGACTCATATCTGTAGTCCCAGCGTTTTGGGAGGCCAAGACAGGAGAATCACTTGAGGCCAGGAGTTAGAGATGAGTCTGGGCAACAGAGTGTGTGTGTCTGTAGGCCTAGCTACTTGGGAGACTGAGGCAGGAGGATCCCTTGAGCCAGGATTTTAAGGCTACATGAGCTTTGATCATGCCACCGCACTCTAGTCTTGGCAATAGAGCAAAGTCCTGTCTCTAAAATAAAAA"
"chr1","28467918","28468202","chr1","27052788","27053071","17","1415130","GGTGGCCCACATCTATAATGCCAGCACTTTGAGAGGCTGAGGTAAGAGAATTGCTTGAGGTCAGGAGTTTAAGACCAGCCTGAGCAACATAACCAAATTTTGTCTCTACAAAATTAAAAATTAAAAAAAAATTAGCCAGGCATGGTGGCACATGCCTGCAGTCCTAGCTACTATGGAGGCTGAGGCTGCAGGATCACTTGGGTCCATTACAGTGAGCTATGATCATACCACTGCACTCCAGCCTGGGCAACAGAGCAAGACCCTATCTCTTAAAAATAAAAATAA","GGTGGCTCACACCTATAATGCCAGCACTTTGAGAGGCTGAGGTAAGAGGATTGCTTGAGGCCCGGAGTTTAAGACCAGTCTGAGCAACATAACCAAATTTTGTCTCTACAAAATTAAAAAAAAAAAAAAAAAAATTAGCCAGGCGTGGTGGCACATGCCTGCAGTCCTAGCTACTATGGAGGCTGAGGCTGCAGATCACTTGGGTCCATTACAGTGAGCTATGATCATACCACTGCACTCCAGCCTGGGCAACACAGCAAGACCCTATCTCTTAAAAATAAAAA"
"chr1","28546881","28547158","chr1","27137581","27137852","15","1409300","GGTCAGGTTCAGTGGCTCACACCTGTAATCCCAGCACTTTAGGAAGTTGAGACTGGGAATTTGAGACCAGCCTGGTTAACATACTGAGACCCCTGTCTCTGCAAAAAATAAAAAGAAATTGGCCGGACAGCATAGTGCACACCTGTAGTCCTAGCTACTTGGGAGGATAGTTTGAGCCCAAGAGTTTGAGGTTACAGTCAGCTATAATCACATCACTGCACTCCAGCCTGGGTGACAGAGTGAGTAGAGGGAGACCGTCTCAAAAAAGAAAAAAAAAA","GGTCAGGTTCAGTGGCTCACACCCGTAATCCCAGCATTTTAGGAAGTTGAGACTGGGAATTTGAGACCAGCCTGGGTAACATGCTGAGACTCCTGTCTCTGCAAAAAATAAAAAGAAATTGGCCGGACAGCATAGTGCACACCTGTAGCTACTTGGGAGGATAGTTTGAGCCCAAGAGTCTGAGGTTACAGTCAGCTATAATCACACCACTGCACTCCAGCCTGGGTGACAGAGTGAGTACAGGGAGACTGTCTCAAAAAAGAAAAAAAAAA"
"chr1","28562456","28562733","chr10","14729564","14729844","64","13832892","ATCCCAGCACGTTGGGACACTGAGGCAAGAGGATCGCTTGAGGCCAGGAATTCGAGACCAGCCTGGGCAACATAGTGAGACCCCTGCCTCCACAAACAGTAAATTAGCTGGGCATGGTAGCACACAACCTGTAGTCCCAGCTACTCAGGAGGCTGAGGCAGGAGGACTGCCTGAGCCCAGGAGTTTGAGGTTACAGCAAGCTATGATCGCACCACGGCATTCCAGCCTGAGCAACAGGGCAAGACCCTGTCTACAAAAAAAAAAAAAAAAAAAAAGAA","GTAAGTTCCAGCACTTTGGGAGTCAGACGTGGGAGAATTGCCTGAGGCCAGGAGTTTGAGACCAGCCTGGGCAACATAGCTAGACCTTATTTCTACCAAAAACAATTAGCCAGGTGTGGTGACATGCACCTGTTGTCCCAGCTACTCAGGAGGCTGAGGCTGGAGGTTTGTCTGAGCCCATGTGTTTTAGGTTACAGTGAGCTATGATCACACTGCTGGACTCCAGTCTGGGCAACAGAGCAAGACTCCATCTCTAAAAAAAAAAAAAAAAAAAAAAAAAA"
"chr1","28571647","28571798","chr3","133031705","133031853","29","104460058","GGCCAGGCGCGGTGGCTCATGCCTGTAATCCCAGCACTTTGGGAGGGCAATATGAAAGGATTGCTTGAGACCAGGAGTTCAAGATGAGCTTGGGCAACATAGTGAGACCCCCATCTCTACAAAAAAATTAAAAAATTTGCCTGTGTGGTGGC","GCCAGGGGCAGTGGCTCACACCTGTAATCCTAGCACTTTGGGAGCCTGAGGTGAGAGAATTGCTTGAGGCCAGGAGTTCAAGACCTGCCTGGGCAACATAGTGAGACCTCATCTCTACAAAAAATTTAAAAATTGACGGGTGGTAGAGC"
"chr1","28666970","28667127","chr2","14973331","14973476","32","13693639","GACCGGGTGCAGTGGCTCACACCTCTCATCCCAGCACTTTGGGAGGCTAAGGCGGGAGGATCCCTTGAGCCCTGGAGTTTGAGACCAGCCTGCCAGCCTGGGCAACAGAGTGAGGCCCCCATCTCTACAAAAACAATTTTAAAAATTAGCTGGGCATG","GGCTGGGTACCGTGGCTCACACCTGTAATCCCAACACATTGGGAGGCTGAGGCGGGAGGATCCCTTCAGCCCAGGAGTTTGAAACCAGCCTGGGCATCATAGGAAGACACCATCTCCACAAAAAAATTAAAAAGTAGTTGGGCATA"
"chr1","28703153","28703445","chr1","27321180","27321479","19","1381973","GCTGGATGCAGTGGCTGATGGCTATAATCGCAGTACTTTCGGATACTGAAGTGGTAGGATCACTTGAGGCCAGGAATTCGAGGCCAGCTTGGGCAACATAGTAAAATCCCTGTCTCTAAAAAAATTTAAAATTAGATGAGCGTGGTGGTGCGTGCCTGTAGTCCTAGCTACTCTGAGGCGGGAAGACAGCTTGAGCCCAGAAGTTTGAGGTTACAGTGAGCTATGACTGCACCACGGCACTCCAGCATGGGCAACAGAGCCAGACCCTGCCTCTAATTAAAAACAACAAAAAA","GCTGGATGCAGTGGCTGATGGCTATAATCGCAGTACTTTGGGATACTGAGGTGGGAGGATCACTTGAGGCCAGGAGTTCGAGACCAGCTTGGGCAACATAGTAAAATCCCTGTCTCTACAAAAAAATTTAAAAATTAGATGAGCGTGGTGGTGCGTGCCTGTAGTCCTAGCTACTCTGAGGCGGGAGGACAGCTTGAGCCCAGAAGTTTGAGGTTATAGTGAGCTATGATTGCACCATGGCACTCCAGCATGGGCAACAGAGCCAGACCCTGCCTTATTAACAACAACAACAACAAAAAA"
"chr1","28704016","28704161","chr1","27322056","27322207","19","1381960","GGCTAGGCATGTTGGCCTATGTCTGTAATCCCAACACTTTGGGAGGCCAAGATGGGAGGATCACTTGAAGTAAGGAGTTTGAGACCAGCCTAGATAACATAGTGAGACCCCATCTCTACAAAAATTTTTAAAAATTTAGGCCGGGC","GGCTAGGCATATTGGCCTATGTCTGTAATCCCAGCACTTTGGGAGGCCAAGATGGGAGGATCGCTTGAGGTCAGGAGTTTGAGACCAGCCTAGACAACATTGTGACCCCATCTGTACAAAAAATTTTAAAAATTTAGGCTGAGCACAGTGGC"
"chr1","28752048","28752313","chr1","27374417","27374687","34","1377631","CACTTTGAGAGGCAGAGGCAGGTAGGATTGCTTGAAGCCAGGAGTTTGAGACCAGCCTGGGCAACATAGCGAAACCTGATCTCTACTAAAAAAATTAGCCAGATAAGGTGGTCTGCACCTGTAGTTCTAACTTCTCAGAGGCTGAGGCAGGAAGATTGCTTGAGCCCAGGAGTCCAAGTTTGCAGTCAGTTATGATCATGCCATTGTATTCCAGGCTGGGTGAAAGAGTGAGACACTGTCTCAAAACAAAACAACAACAACAAAAA","CACTTTGGGGGACTGAGGCAGGAGGATTGCTTGAGGCCAGGAGTTCGAGACCAGCCTGGGCAATATAGCGAAACCTGATCTCTACTCAGAAAATTAGCCAGGTGAGGTGGTATGCGCCTGTAGTTCTAGCTTCTCAGAAGCTGAGGCGGGAAGATTGCTTGAGCCCAGGAGTTCAAGGTTACAGTGAGTTATGATCATGCCATTGTACTCCAAGCTGAGTGAAACAGTGAGACAGTGTCTCAAAACAAAACAATAACAAAAAAAAAAAAAA"
"chr1","28787327","28787451","chr1","27417311","27417438","10","1370016","GGTGCAGTGGCTCATGCCTGTAATCCCGGTACTTTGGGAGGCCAATGTGGAAGAATTGCTTGAGGCCAGGAGTTTGAGACCAGCCTGGGTAACATAGTAAGACTCTATCACTACAAAATAAAATA","GGGTGCAGTGGCTCATGACTGTAATCCTGGTACTTTGGGAGGCCAAGGTGGAAGAATTGCTTGAGGCCAGGAGTTTGAGACCAGCCTGGGCAATATAGCAAGACTCTGTCACTACAAAAATAAAAATA"
"chr1","28787751","28787828","chr1","27418064","27418135","8","1369687","TAGCCAGGCATGGTAGCATGCCCCTGTAGTCCTAGCTAAGTGGGAGGCTGTGGCAGCAGAACTACTTAAGCCCAGTAG","GCCAGGCATGGTAGCATGCCCCTGTAGTCCTAGCTACGTGGGAAGCTGTGGCAGCAGAATTAAGCCCAGTAG"
"chr1","28953532","28953678","chr3","39659071","39659215","59","10705539","GGTAATTCAGACCTGTATCCTAGCACTTATAGAAGCGGAAGTGGGATAACCCTGCGTGTTCTCGTGTGGGAGGCCAGCTTAAGCAACAAAGCAGGAAGGCCCCACCAACAAACGAATTTAAAAATCATACGTGCGTGGTGGCGCGCG","GGCTCACATCTGTAATCCCAGCACTCTGGGAAGCCGAGGTAGGAGGATTGCTTGAGGCCAGGAGTTTGAAACCATCCTGGGCAACACAGCAAGACTCCACCTCTACAAAAAGTTAAAAAGTCAGCTGGGTGTGGTGGGGTACGTC"
"chr1","28956062","28956178","chr1","27599912","27600035","10","1356150","TGGCTCACACCTGTAATCCCAGCACTATGGGAAGCCAAGGTGAGAGGATCCCTTGATGCCAGGAGTTCAAGACCTAAAGATATCTCTACAAATAATTTATAAAATTAGCTAGGTGTG","GTGCTATGGATCACATCTGTAATCCCAGCACTTTGGGAAGCCAAGGTGAGAGGATCCCTTGATGCCAGGAGTTCAAGACCTAAAGATATCTCTACAAATAATTTATAAAATTAGCTAGGTGTGG"
"chr1","29065922","29066227","chr3","124592202","124592487","89","95526280","GGCCCAGCATGGTAGCTCACATCTGCCACTCACACTTTAGAAGGCTGAGGCAGGGGACGTGCTTGAGGCCAGGAGTTCAAGACCAGCCTTGGGCAACCCTGTCTCTACAACAACAACAACAACAAATTTAACTTAGCTGGATGTGGTGGTGCGTGCCTGTAATCCTAGCTACTTGGATTAGCTACTTGGAAGGCTGAGGTGGGAGGACAGCTTGAACCCAGGAGTTAGAGGTTACAGTGAGCTATGATGCCACCGCTACATTCTAGCCTGGCAGCCTGGGTGACAGAGGCCCTGTCTCTCAAAAAA","GGCCAGGCATGGTGGCTTATACCTATAATCTCAGCACTTTGGGAGGCTGAGGTGGGAGAATCACTTGAGGCCATGAGTTCAAGACCAGCCTGGGCAACATAGCATTACCCCATCTTTATAAAAATAAAACATTAGCTGGGCGTGGTGGTGAGGATCTGTAGCCTTAGCTACTCAGGAGGCTGAGGTGGAAGGATCACTTGAACCAAGGAGTTCAAGGTTACAGTGAGCTACAATTGTACCACTGCACTCCAGCCTGGGCAACAAAGTGGGACCCTGTCTCAAAAAA"
"chr1","29148117","29148267","chr1","23061463","23061601","27","6086654","GGCTGGGCACAATGGCTCAGGCCTGTAATCCCAGCACTTTGGGAGACTGAGGTGGGTGGATTGCTTGAGCCCAGGAGTTTGAGTACCAGCCTGGACAACATGGTGAAACCCTGTCTCTACAAATAATTTAAAATTAGCCAGGTGTAGGTGG","CAGTGGCTCACACCTGTAATCCCAAAACTTTGGGAGGCCGAGATGGGAGGATTGCTTGAGCCCAGGAGTTTGAGACCAGCCTGGGCAACAAGGTGAGACCCTGTCTCTACAAAAAATTTTAAAATTAGCCAGGTGTGGT"
"chr1","29408622","29408746","chr1","100917561","100917687","19","71508939","GGCCAGGTTTAGTGGTTCACACTTGTAATCTCAACACTTTGGGAGGCTGAGATAGGAGGAATGCTTGAGGCCAGGAGTTTCAGACCAGCCTGGGCAACATAATGAGACCTCGTCTCTATTAACAA","GGACAGGCATAGTGGCTCACACCTGTAATCCCAGCACTTTGGGAGGCTGAGGCAGGAGGAATACTTGAGGCCAGGAGTTTGAGACCAGCCTGGGCAACATAGCAAGATCTCATCTCTAATTTAAAAA"
"chr1","29475645","29475906","chr1","28166366","28166613","27","1309279","CAGGCATGGTGACTTGTGCCTGCAATCCCAGCTGAAGTGTGAAGATTACTTCAGGCCAGGAGTTTGAGACCAGCCTGACCCCATCTCTACGAAAAAATTTTTTTAATTAGCCACGCGTGGTGGCACTCGCCTATAGTCCTAGCTACTTCAGAGGATGAGGCAGGAGGATCACTTCAGCCTAGGATTTCAAGGCTACAGTGAGCTATGATTGTGACACTGCACTCCAGTCTGGGTAACAGCAAGACCCCCATCTCTAATAAAA","CAGACATGGTGACTTGTGCCTGTAATCCCAGCTGAAGTGTGAGGATTACTTCAGGCCAGGAGTTTGAGATCAGCCTGACCCCATCTCTACAAAAAAAATTTTTTTAATTAGCCACGCGTGGTGGCACTCGCCTATAGTTCTAGCTGCTTCAGAGGATGAGGCAGGAGGATCACTTCAGCCTAGGATTTCAAGGCTACAGCAAGCCAAGATTGTGACACTGCACTCCAGTCTGGGTAACAGCAAGACCC"
"chr1","30062715","30063015","chr1","28746678","28746981","26","1316037","GGCCGGGCATGGTGGTGCACACCTATAATCCCAGCACTCTGAGAGGCCAAGACGGGAGGATCACTTGAGGCCAGAGTTTGAAACCAGCCTGTGCCACATAGTGAGACCCAGTCTCTACTAAAAATTAAAAAAAACAATTAGCTGGGCATGATGGTGTACACCTGTAGTTGTAGCTACTTGGGAGGCTGAGGCAGAAGGATTAGGATCACTTAAGCCTAGGAGTTTGAGGCCACAGTGAGCTATGAGCGCACCACAGCACTCCAGCCTGGAAAACAGTGAGATCCTGCTTCTAAAAGAAAAA","GGCCGGGCATGGTGGTGCACACCTATAATCCCAGCACTTTGAGAGGCCAAGGAGGGAGGATCACTTGAGGCCAGAGTTTGAAACCAGCCTGCTGTACAACATAGTGAGACTCAGTCTCTACTAAAAATTTTTTAAAAATTGCCTGGGCATGATGGCGTACACCTGTAATTGTAGCTACTTGGGAGGCTGAGGCAGAAGGATCAGGACCACTTAAACCTAGGAGTTTGGGGCCACAGTGAGCTATATGAGTGCACCACAGCACTCCAGCCTGGAAAACAGTGATATCCTGCTTCTAAAAGAAAAA"
"chr1","30657442","30657764","chr1","29357257","29357585","32","1300185","GGTTAAGTGCAGTGGCTCATACCTGTAATCCCAGCAGTTTGAGAGGCTGAGGTGAGACGGATCACTTGAGGCCAGGAGTTTGAGACCACCCTGGGAAACACAGGGAAACCTCACCTCTACCAAGAAAAAATAAATAAATAAAAAATAAAATAAAATAGTAAAAAAGAAGGAAAGAAAAAGAAAAGTCAGACATTGTCGTGTGTGGCTGTTATCCTAGCTACTTAGGAGGATGAGGCAAAAGATCACTGGAGCCCAGATTGCACCACTGCACTCTAGCCTGGATGACAAAATAAGACTTTGTTTCTAAAGTAAATAAATATAAA","GGTCGAGTGCGGTGGCTCATGCCTGTAATCCCAGCAGTTTGAGAGGTTGAGGTGAGAGGGATCACTTGAGGCCAGGAATTTGAGACCACCCTGGGAAACACAGGGAAACCTCACCTCTACCAAAAAAATAAATTAATAAATAATTTAAAAAATAAAAAAAAAGAAGGAAAGAAAAAGAAAAGTCAGACACTGTGGTGTGTGGCTGTTATCCTAGCTACTTAGGAGGATGAGGCAAAAGATCACTTGGGCCCAGATTGCACCACTGCACTCTAGTCTGGATGACAAAATAAGACTTTTATTTCTGAAGTAAATAAATATAAATAAATAAA"
"chr1","31277038","31277354","chr1","30039554","30039856","40","1237484","GGCTGGGCACAGTGGCTCACGCCTGGAATGCCAGCACTTTGGGAGGCCAAGGGAGGAGGACTGCTTGAGCCCGAGAGTTTGACACAACACCAGCCTAGGCAACGCTGGTGAGACCACCCCATCTCTCCAAAAATTTAACAATTAGCTAAGTGTGGTGATGCACAGTAGCCCTAGCTACTCAGGAGGCTGACGCAGGAGAATCCAGTGGGCCCAGGAATTCAAGGTTACAGTGAACTGTATTCACGCCACTGCATCCCATCCTCGGCAACAGAGTGAGATCCTGTCTCCAAAAAAAAAAAGAGAGAAAGAGAGAGAAA","GGCTGGGCACAGTGGTTCACACCTGGAATGCCAGTACTTTGAGAGGCCAAGGGAGGAGGATTGCTTGAGCCCAGCAGTTTGACACAACACCAGCCCAGGCAACACTGGCGAGACCACCCCATCTCTACAAAAAATTTAACAATTAGCTAAGTGTGGTGGTGCACACTAGTACCCCTAGCTACTCAGGAGGCTGAGGCAGGAGGATCCAGTGAGCCCAGGAATTCAAGGTTACAGTGAACTGTATTCACACCACTGCATTCCATCCTCGGCAACAGAGTGAGATCCTGTCTCAAAAAAAAAAAA"
"chr1","31340746","31340882","chr11","108966699","108966837","24","77625953","GACTGGCCGTGATGGCTCATGCCTGTAATCCTAGCACTTTGGGAGGCCAAGGTGGGAGGATCACTTGAGTCTAGGAGTTGGAGAACAGCTGGGGCAACATACCAAGACCCCCATATCTGTTAAAAAAAATTTAAAAA","GGCTGGGTGTGCTGGCTCACCCCTGTAATCCCAGCACTTCGGGAGACCAAGATGGGAGGATCACTTGAGGTCAGGAGTTCGAGACCAGCCTGGTCAACATAGCAAGACCCCATCTCTATTTTTAAAAAAAATTTAAAAA"
"chr1","31351109","31351370","chr19","40130488","40130744","69","8779379","GCTGGGTACATTGGCTCCTGCCTCTAATCCCAGATACTCGGGAGGCTGGGTCAGGAGGGTTGCTTGAGGCCAGGAGTTTGAGACCAGCCTGGGCAATATAGTGAGACACTGTATCTACAATAAAAAGGAAAAAATTAGCTGGGCATGGTGGCATATGCCTGTAGTCCTACTCAAGGGAGGATCACTTGAGCCCAGGGAGTTCAGGCACTCCAGCCTGTGTGACAGTGAGATCCTGTCTCTTTGAAAAGAAAAAAAAATAAAA","GGCCAGGTCCGGTGGCTCATACCTATAATCCCAGCACTTTGGGAGGCTGAGGCAGGAGGATCTCTTGAGGCCAGGGGTTTGAGACCAGCCTGAGCAACATAGCAAGACCCCATCTCTACAAAAAAATAAAAAATTAGCCAGGTATGGTGGCACACAGCTGCAGTCCTCAGCACAGGCAAGAGGATCACTTGAGGCCAGCAGCTCAAGACCAGCCTGGGCAACATAGTGAGACCCCATCTCTACAAAAAAATAAAAAA"
"chr1","31380983","31381116","chr1","30145723","30145858","15","1235260","GGCTGGACATAGTGGTTCATACCTGTAATCCCAGCACTTTGGGAGGCAGAGGTGGGAGGACTGCTTGGGCCCAGGATTTAGGGACCAGACTGGGAAATAATAGCAAGAACTTGTCTCTACAAAAAAATTAAAAA","GGCTGGATGCAGTGGTTCATACCTATAATTCCAGCACTTTGGGGGGCAGAGGTGGGAGGACTCCTTGAACCCAGGAGTTGGGGACCAGACTGGGAAATAATAGCAAGAACTCGTCCCTACAAAAAAAATTTAAAAA"
"chr1","31390127","31390264","chr1","30155820","30155957","12","1234307","GGTCTGGTGCAATGGCTGATACCTGTGATCCTAGCACTTTGGGAGGCTGAGGTGGGAGGATCATTTGAGCCTAGGTGTTTGAGACCAACCTGGGCAATATAGTGAGATCTCCTCTCTACAGAAAAAAGTTTAAAAATT","GGTCTGCCGTGATGGCTCATGCCTGTAATCCTAGCACTTTGGGAGGCTGAGGTGGGAGGATCATTTGAGCCTAGGTGTTTGAGACCAACCTGGGCAATGTAGTGAGATCTCCTCTCTACAAACAAATTTTTAAAAATT"
"chr1","31462469","31462606","chr1","23061463","23061601","29","8401006","TGGATCACACCTGTAATCCCAGTGATTCAGGAGGCTGGGATGGGAGGATCCCTTGGGCCAGGAGTTTCAGGCCAGCCTGGCCAACATGGTGATACCCTGTCTCTACAAAAATTTTAAAAATGGGCCAGGTGAGGTGGC","CAGTGGCTCACACCTGTAATCCCAAAACTTTGGGAGGCCGAGATGGGAGGATTGCTTGAGCCCAGGAGTTTGAGACCAGCCTGGGCAACAAGGTGAGACCCTGTCTCTACAAAAAATTTTAAAATTAGCCAGGTGTGGT"
"chr1","31495439","31495745","chr10","69237677","69237979","68","37742238","GGCCCGGCGCAGTGGCTTATGTCTGTAATCCCAGCATTTTGGGAGGCCAAGGCAAGAAGATTAATTGAGGCCAGGAGTTCAAGACTACTCAGGGCAACATAGTGAGACCCAATCTCTACAAAATATTTTAAAATTACCCAGATGCGGTGGCACATGCCTGTAGTCCCAGCTACTAGGGAGGTGAGGCAGGAGGATGCCTTAAGCCCAGGAATTTGAGGTTACAGTGAGCTGTGATCACCACATTGCACCCCAACCTGGGCAAAAGTGCAAGACTCTTTCTCAAAATAAAATATAAAATAAAAAATAA","GCCGGGCGCAGTGGCTCACTCCTGTAATCCCAACACTTTGGGAGGCCAAGGAAGGAAGATCATTTGAGGCCAGGAGTTTGGGACCAGCCTAGGCAACATAGTGAGACCCCATCTCTATTAAAAATTTAAAAATTAGCCAGATGTGGTGGCACATGCCTGTGATCGCAACTACTTGGAAGGTTGAGGCTGAAGCATCACTTGAGCCCAGGAGTTTGAGGTTATAGCAAGCTATAAACGCACCACTGCACTCCAGCCTGGGCAACAGAGGAGACCTCATCTTTATTTAAAAAAAAAAAAAAAGAA"
"chr1","31576331","31576442","chr1","30348283","30348394","6","1228048","TCGCTTAAGCACAGGAATTCAAGGTTACAGTGAGCTATGATTCCACCACCACATTGCAGCCTGGGCAACACGAGTGAGGCCTCAAAATAAAGCAAAAAAATGGAAAGGAAAA","TCGCTTAAGCACAGGAATTCAAGGTTACAGTGAGCTATGATTCTACCACCACATTGCAGCCTGGGCAACGTGAGTGAGACCTCAAAATAAAACCAAAAAATGGAAAGGAAAA"
"chr1","31605839","31605974","chr11","122324056","122324186","25","90718217","GGCCAGGTACAGTAGCTCACACCTGTAATTCCAGCACTTTGGAAGGCGGAGGTGGAAGGAATGCTTAAGCCCAGAAGTTCGAGGCCAGCCTGGGCAACACAGCGACACCCCATCTCCACAAAATATTTTTTAAAAA","GGCCAGGTGCAGCGGCTCACACCTGTAATCCCAGCACTTTGGGAGGCTGAGGTGGGAGGATCGCTTGAAGCCAGGAGTTCGAGACCAGCCTGGGCAACACAGCAAGACCCCGACTCTATTAAATTTAAAAA"
"chr1","31643544","31643697","chr1","30416989","30417151","21","1226555","TTAGTGGGGCATGCTGGCATGGACCTATAGTACTTGGCTACTTGGGAGGCTGAGGGAGGAGGATCACTTGAGCCCAGGAATTTGAGGTTGCAGTGAGCTATGATCACTACACTCCAGCCTGGGAGACAAAGACCCTGTCTCAAAAAAAAAAAAA","TCAGTGGGGCATGGTGGCATGGACATATAGTCTTAGCTACTTGGGAGGCTGAGGGAGGAGGATCACTTGAGCCCAGGAATTTGAGGTTGCAGTGAGCTATGATCACTATACTCCATCCTGGGAAAGAAAGACCCTCTCTGAAAAATAAAAATAAAAATAAAAA"
"chr1","31643995","31644132","chr1","30417463","30417600","5","1226532","GACCAGGAGTTGTGGCTCACACCTATAATCTCTCAGCACTTTGGAAGGCCAAGGTGGGAGTATCACTTGAGACCAGGAGTTCAAGATCAGCCTGGGCAACACAGCAAGACGTCATCTCTACAAAAAATTTAAAAATTA","GGTCAGGAGTTGTGGCTCACACCTATAATCTCTCAGCAATTTGTAAGGCCAAGGTGGGAGTATCACTTGAGACCAGGAGTTCAAGATCAGCCTGGGCAACACAGCAAGATGTCATCTCTACAAAAAATTTAAAAATTA"
"chr1","31704796","31704927","chr12","100835212","100835345","20","69130416","GGCTGGGTGCAGTGGCTCATGCCTGTAACCCCAGCACTTTGGGAGGCTGAGGCAAGAGGACTGCTTGAGCCCAGGAGTTCAAGACCAGCCTGGACAACATGGCGAGGCCTCCATTTCTACAAAACATTTAAA","GGCTGAGCGCAGTGGTTCAAGCCTGTAATCCCAGCACTTTGGGAGGCTGAGGCAGGAGGATCGCTTGAGCCCAGGAGTTCAAGACCAGCCTGGGCAATATAGTGAGACCCCCATCTCTAAACAAAATTTAAAAA"
"chr1","32170820","32170958","chr1","30920381","30920524","14","1250439","CCAAGTGTGGTGGCTCACACCTGTAATCCCAGTGCTTTGGGAGGCCAAGGCAGAAGGATCGCTTGAGGCCAGAAATTCAAGACTAGCATGGGCAGTGTAGCTAGACTCCTGTCTACAAAATTAAAAAAAAAATAGGTGG","CCAAGTGTGGTGGTTCACACCTGTAATCCCAATGCTTTGGGAGGCCAAGGCAGAAGGACCGCTTGAGGCCAGGAATTCAAGACTAGCATGGACAATGTAGCCAGACTCCTTGTCTACAAAACTTTTTTTAAAAAAAATAGGTGG"
"chr1","32171252","32171425","chr1","30920824","30920996","6","1250428","TAGGCAAACATGGTGGTTTATGCCTGTAATCCTAGCTACTCAGGAAGCCGAGTCGGGAGGATCACTTGAGCCCAGGAGTTCAAGGTCACAGTGAGCTATGATTGTGCCACTCAACTCCAGCCTGAACAACAGAGTGAGACCCTGTCTCTAAAAACAATAAAATAGAAAATAAAA","TAGGCAGACATGGTGGTTTATGCCTGTAATCCTAGCTGCTCAGGAAGCCGAGTCGAGAGGATCACTTGAGCCCAGGAGTTCCAGGTCACAGTGAGCTATGATTGTGCCACTGAACTCCAGCCTGAACAACAGAGTGAGACCCTGTCTCTAAAACAATAAAATAGAAAATAAAA"
"chr1","32257792","32257939","chr4","43856748","43856892","34","11598956","GGCATGGTGGCTCATGCCTGCAATCCCAGCACTTTGGGAGGCTGAGGTAGAAGGATCACTTGAGGCCAGGAGATTGAGACCAGCCTGGCAACATAGGGAGACCCCGTTTCTATTTAAAAAAATTAAATACAAGCCCGGGCGCGGTGGC","GGCCACACATGGTGGCTCACGCCTGTAATCCCAGCACTTTCGGAGGCCGAGGTAGTAGGATCTCTTGAGCCCAGGAGTTCGAGACCAGCCTGGGCAACATAGGAAGACCTCGTCTCTACAAAAAATTTAAAAATTAGCCAGGCAT"
"chr1","32346929","32347190","chr1","31094554","31094812","26","1252375","GGCTGCGCATGGCAGCTCATGCCTGTAATCCCAACACCTGGGGAGGCTGAGTTGGGAGGATCACTTGAAGCCAGGAGTTCAAGACAAGCCGGGACAACATAGCAGACTCTGTCTCTACAAAAAGTTAGCTGGGCATTAGCTGGGCATCATGGCTTGCACCTCTTATCCTAGCTACTCAGGAGGCAGGGGAAGGAGGATCACTTGAGTCGAGGAGTTCAAGATTACAGTATGCTATGATCACAACACTGTACTCCAGCCCGGG","GGCTGCGCACGGCAGCTCATGCCTGTAATCCCAACACCTGGGGAGGCTGAGGTGGGAGGATCACTTGAGGCCAGGAATTCAAGACCAGCCTGGACAACATAGCAGACTCTGTCTCTACAAAAAGTAAAAAAATTAGCTGGGCATGATGGCTTGCACCTGTAATCCTAGCTACTCAGGAGGCAGGAGCAGGAAGATCACTTGAGTCTAGGAGTTCGAGATTACAGTATACTATGATCACATCACTGTACTCTAGCCTGGG"
"chr1","32367177","32367475","chr1","31117785","31118072","32","1249392","GGCTGGGTGCAGTGGCTCATGCCTGTAATCTCAACACTTTCTCAACACTTTGGAAGACTGAGGTGGGAGGATCACTTGCGTCCAGGAATTTGAGACCAGCATGGGCAACACAGGGGAACGCTGTCTCTACAAAAAATTTAAAAATTAGCCGGGCATGATGGGTGCATGCCTGTAGTCCTAGCTACTCGGGAGGCTGAAGGGAGAGAAATCACTTGAGCCCAGGAGTTTGAGATGACAGTGAAATGATCACACCACTGCATTCATCCTGGGCGACAGAGTGAGACCTTGTCTCAAAAAAA","GGCTGGGTGCAGTGGCTCATGCCTATAATCTCAACACTTTGGGAGATTGTGGTGGGAGGATCACTTGAGTCCAGGAATTTGAGACCAGCGTAGGCAACACAAGAGAACCCTGTCTCTACAAAAAATTTAAAACTTAGCTGGGCATGGTGGATGCGTGCCTGCAGTCCTGGCTACTCAGGAGGCTGAAGGGAGAGAAATCACTTGAGCCCAGGAGTTTGAGATGACAGTGAGACGATCACACCACTGCATTCATCCTGGGTGACAGAGTGAGACCCTGTCTCAAAAAAA"
"chr1","32539574","32539709","chr1","31298470","31298606","11","1241104","GCCAGGCGCGGTGGTTCATGCCTGTAATCCCAGCACTTTGGGAGGCCATGCGGCAGGAGCATTGCTTGAGGCTTGGAGTTGAAGACCAGCCTGGGCAAAACAGGGAGACCCCCATCTCCACAAAAATATTTACAAA","GGCTGGGCATGGTGGCTCATGCCTGTAATCCCAGCACTTTGGGAGTCCACGAGGCAGGAGCATTGCTTGAGGCTTGGAGTTGAAGACCAGCCTGGGCAAAACAGGGAGACCACCATCTCCACAAAAACATTTACAAA"
"chr1","32550618","32550741","chr1","31313023","31313129","22","1237595","GGCCAGGCACAGTGGTTCATGCCTATAATCCCAATACTTTGGGAGGCTGAGGCAGGAAGATCTCTTGAGACTAGGCATTCAAGACTAGCCTGGGCAACATAGCAACACCCCGTCTCTATTAAAA","CACACCTGTAATCCCAATACTTTGGGAGACTGAGGCAGGAAGATCTCTTGAGACTAGGCATTTAAGACTAGCCGGTGCAACATAGCAACACTCCGTCTCTATTAAAA"
"chr1","33031889","33032181","chr1","31633870","31634164","18","1398019","GGCCACGTGCGGTGGCTTACGCCTGTAATCCCTGAGGCTGAGGCAGAAGGATAATTTGAGGCCAGGAGTTTGAGACCAGCCTGGGCAATGTAGGCAGACCCCTGACTCTACAAAAAACTTAAAAATTAGCCAGGTGTGGTGGCATGCACCTGTGGTCCTAGTTACTTGGGAAGATGAGGCTGGAGGATTGCCTGAGCCCAGAAGTTTGAGGTTATAGTGAGCTATGATTGCAGCCCTGCACTCCAGACTGAAAGACAGAGCAAGACCCTGTCTCTAAAATTAAAAAATAAAAA","GGCTAGGTGTGGTGGCTTATGCCTGTAATCCCTGAGGCTGAGGCAGGAGGATAACTTGAGGCCAGGAGTTTGAGACCAGCCTGGGCAATGTAAGCAGACCCCTGACTCTATAAAAGCCTTAAAAATTAGCCAAGTGTGGTGGCGTGCACCTGTGGTCCTAGTTACTTGGGAAGATGAGGCTGGAGGATTGCATGAGCCCAGAAGTTTGAGGTTATAGTGAGCTATGATTGCAGTCCTGCACTCCAGACTGAATGACGGAGCAAGACCCTGTCTCTAAAATTAAAAAATAAAAAAA"
"chr1","33089590","33089659","chr12","123894321","123894392","14","90804731","CAGGAGTTAGAGACCAGCCTAGCAACATAGCAAGACCCCATCTCTATAAAAAAATTAAAAATTAGCTGAG","CAGGAGTTCAAGACCAGCAAAGGCAACATAGGGAGACCTCATCTCTACAAAAAATTTTTAAAATTAGCCGGG"
"chr1","33191217","33191355","chr3","126620481","126620621","28","93429264","GCTGGCCACAGTGGCCCACGCCTGTAATCGCAACACTTTGGGGGGCTGAAGTGGGAGGATTGCTGGAGCTCGGCAGTTCGAGACTAGCCTGGGCAACATAGGAAGCTCCCCATCTCTACAAAAATTTAAAAATTAGCTG","GCTGGGCGCAGTGGCTCATGCCTGTAATCTTAGCACTTTGGGAGGCCAAGGCAGGAGGATTGCTCGAGCCAGGGAGTTTGAGGCCAGCCTGGGCAACATAGCAAGACCCTGTCTCTACAATAAATTTAAAAATTAGCTGGG"
"chr1","33219384","33219498","chr1","31840843","31840957","7","1378541","GCTTGAGCCCAGGAGTTCGAGGTTACAGTGAGCTATAATTGTACCACTGCACTACAGCCTGGGCAACACAGTAAGTCCCTGTCTCTAAAAAAAAAAAGTAATATATAAAAATAAA","GCTTAAGCCCAGGAGTTCGAGGTTACAGTGAGCTATAATTGTGCCACTGCACTACAGCCTGGGCAACAGAGTAAGTCCCTGTCTCTAAAAAAAAAGTAAATATATAAAAATAAAA"
"chr1","33268285","33268448","chr1","31869702","31869862","13","1398583","AATTAGCCAGGCATGGTTTTGTACACCTGTAGTCCTAGCTCCTCATGAGGCTGAGGTCAGAAGATCACTTAATGGCAGGAGTTCGAGGTTACAGTGAACTATATAATTGCACCACTGTACTCCATCCTGAGCAACAGAGCGAGACCGTCTGAAAAGAAAAAAAA","TTAGCCAGGTATGGTTGTGTACACCTGTAGTCCTAGCTCCTCATGAGGCTGAGGTCAGAGGATCACTTAATGGCAGGAGTTTGAGGTTACAGTGGACTATAATTGCACCACTGTACTCCATCCTGAGCAACAGAGTGAGACCATCTCAAAAGAAAAAAAAA"
"chr1","33268780","33268890","chr1","31870158","31870273","9","1398622","AATCCCAACACTTTGGGAAGCTGAGGCAGGAGGATTGCTAGAGGCCAGGAGTTTGAGATTGTCCTGGGCAACACAGTGAGACCCCATTTTAACAAATAATTAGCCAGGTAT","AATCCCAACACTTTGGGAAGCTGAGGCAGGAGGATTGCTAGAGGCCAGGAGTTTGAGACTGTCCTGGGCAACACAGTGAGACCCCATTTTAACAAAAATAAAAATTTGCTAGGCAT"
"chr1","33355751","33355924","chr1","31965309","31965512","43","1390442","CTTGGGGAAGCCGAGGCATGAGGATTGCTGGAGGCCAGGAGTTTGAGACCAGCCTGGGCAACATGGTGAGACCCCATCTCTACAAAAAAAAATTTTTTTAATTTAGCTGGGTGTGTAATCAGGAGGCTGAGCCAGGAGGATTGTTGAGCCCGGGAAATGGAGGTTGCAGTGAGC","GGGCATGGTGGCTCATGCCTGTAATCCCAGCACTTGGGGAGGCCAAGGCAGGAGGATTGCTGGAGTCCAGGAGTTTGAGACCAGCCTGGGCAACATGGTAAGACCTCATCTCCACAAAAAAAATTTTTTTAATTAGCTGGGTGTGTAATCAGGAGGCTGAGTCAAGAGGATTGTTGAGCCCAGGAAGTGGAGGTTGCAGTGAGC"
"chr1","33488583","33488767","chr11","112698176","112698365","42","79209593","TTAATTAAATAAAATAAAAGAATTAGCCAGGCATGGTGGCGCATGCTTGTAGTCAGCTACTCCAGAGACTGAGGCGGGAGGGTCACTTGAGCCCAGTAGTTTGTGGTTACAGTGAACTATGGTCATTGCCATTGCACTCCAGCCTGGACAACAGAGCAAGACCATGTCTCAAAAAATAAAATAAA","CCCATCTCTACAAAAATTTTAAAAATTAGCCAGGGATGGTGGTATGCACCTGTAGTTCCAGCTACTCTAGAGGCTGAGGCAGGAGGATCACTTGAGCTGAGGAGTTTGAGGTTACAGTGAACCATATTCATGCCACTGTACTCTAGCCTAGGCAACAGATCAAGACCCTGCCTCTAAAAAATAAAATAAA"
"chr1","33489074","33489126","chr5","51962482","51962535","7","18473408","ACCAGCCTGGGCAACATAGTGAGACCTCATCTCTACAAAAAATTAAAAAATTA","ACCAGCCTGAACAACCCAGTGAGACCTCATCTCTGCAAAAAATTTTAAAAATTA"
"chr1","33570215","33570339","chr1","32185269","32185394","12","1384946","GGCCAGGCACAGTGGTTCATGCCTGTAATCCCAGCACTTTGGGAGGCTGAGGCTGGACAATCGCTTGGGGCTGGGAGTTCTCAACCCGCCTAGACAACACAGGGAGATTGCATCTCTACAAAAAA","GGCCAGGAACAGTGGTTTAACACCTGTAATCCCAGCACTTTGGGAGGGTGAGGCTGGACAATCACTCGGGGCCAGGAGTTCTCAACCCGCCTAGACAACACAGGGAGATTGCATCTACACAAAAAA"
"chr1","33607552","33607806","chr15","39362329","39362566","69","5754777","GGTGCAGTGGTTCATGCCTGTAATCCCAACACTTTAAGAAGCCGAGTGGAGAGGCTGCTTGAGACCAGGAGTTCAAGATGAGCCTAGGCAACATAGCGAGACCCTGTCTCTGCAAAATTTCTTTTTAAATTAGCACGCCCAATAATGGTCCTAGCTAGTTGGGAGGCTGAGGCACTGTGATTGTGCCACTGCATTCCAGTCTGGGTGACAGAGCGAGATCCTGTCTCAACAACAACAACAAAAAAAAAAAAAAAA","GGCTGAGTGCAGTGGCTCACACCTGTAATCCCAGCCCTTTGAGAGGCTGAGGTGGGAGGATCACTTGAGGCCAGGAGTTGAAGACAAGCCTGGGCAACATAGGGAGACCTTGTCTCTACAAAATATTTTTTTTTAAATTAGCCTAAAAGTTCAAGGTTACAGTGAGCTATGATTGCACCACTGCATTCCAGCCTAGGTGACAGAGTGAGACCCTGTCTCTAAAAATAAAAATAAAAAA"
"chr1","33642542","33642873","chr1","32296362","32296694","20","1346180","GGCTAAGCACAGTGGCTTATGCTTCTAATCCCAGCTCTTGGGAGGCCAAGGTGGGAGGATCATTTGAGGCCAGAAGCTAGGAGTTCGAGACCATCCTGGGCAACACAGAGAGACCCCATCTCTACAATAAATTTTTAAAAATTATCCAGGCATGATGCATGCCTGTAGTGTGAGGTACTTGGGAGGCTGAGGCAGGAGGATTACTTGAGCCCCAGGAGTTTGAGGCTATAGTGAGCTATGATTGCACCACTGCACTTCAGCCTAGGTGATAGAGTGAGCCCTTGTCTCTAAAAAAATTTTTTTTAATTAGGGGAAAAAAAAAAAGAAAGAAA","GGCCAAGCACAGTGGCTTAGGCTTCTAATCCCAGCTCTTGGGAAGCCAAGGTGCGAGGAACACTTGAAGCCAGGAGCTGGGAGTTCGAGACCATCCTGAGCAACACAGAGAGACCCCATCTCTACAATAAATTTTTAAACATTATCCAGGCATGGTGCATGCCTGTAGTGCTAGGTACTTGGGGGGCTGAGGCAGGAGGATTACTTGAGCCCCAGGAGTTTGAGGCTATAGTGAGCTATGATTGCACCACTGCACTTCAGCCTAGGTGACAGAGTGAGCCCTTATCTCTAAAAAAAATTTTTTTTTAATTAGGGAAAAAAAAAAAGAAAGAAA"
"chr1","33706849","33707128","chr1","32367570","32367841","23","1339279","GGCCGGTTGCAGTGGCTAATGCCTGCAATCCCAGTACTTTGGGAGGCTTTGGGAAGATCGGTTGAGGCCAGGAGTTTGAGACCAGCCAGGACAACATAGTGAGATCCCATCTCTACAAAAAATGAAAAAAAATTAGCCAGGTGTGGTGGTGTGCACCTACAGTCCTAGCTAGCTAGCTACTCAAGAGGCTGAGGCAGGAGACTTGCTTGAACCCGGGAGTTCAAGATACTGTAGCCTCCAGCCTGGGTGACAGAACAAGACTCTGCCTCTTAAAAAAAAA","GGCCGGTTGCAGTGGCTAATGCCTGCAATCCCAGTACTTTGAGAGGCTTTGGGAGGATCAGTTGAGGCCAGGAGTTTGAGACCAGCCAGGGCAACATAGTGAGATCCCATCTCTACAAAAAATGAAGAAAATTAGCCCAGTGTGGTGATGTGCACCTATAGTCCTAGCTAGCTACTCAAGAGACTGAGGCAGGAGACTTACTTGAACCAAGGAGTTCAAGCTACTGTAGCCTCCAGCCTGGGTGACAGAACAAGACTCTGTCTCTAAAAAAA"
"chr1","33786277","33786401","chr1","32442004","32442131","9","1344273","GGCTTGTGCATGTAATCCCAGTGTTTTGGGAGGTCAAGGCAGGAGAATTGCTTGAGGCCAGGAGTTCGAGATCAGCCCGGGCAACGGAGCAAGACCCTGCCTCTGCAAAAAATTAAATTAGCCGG","GGCTTGTGCATGTAATCCCAGTGTTTTGGGAGGTCAAGGCAGGAGACTTGCTTGAGGCCAGGAGTTCGAGATCAGCCTGGGCAGCAGAGCAAGACCCTGCCTTTGCAAAAAATTAAAAAATTAGCCAG"
"chr1","33786708","33786880","chr1","32442439","32442598","21","1344269","TAAAAAAAAGTACCAGATGGTATGCACCTGTAGTTCCAGCTATTCAGTTCAGGAGGCTGAGGCAGGAGGATCGCTTGAGCCCAGGAGTTACAGGTTACAGTAAGCTATGATCATGCCACTGGGCTCCAGCCTGGGTGGCAGAGGTAGACCCTGTCTTGATTTTAAAAATAAAA","TTAGCCAGATGGTATGCACCTGTAGTTCCAGCTCTTCAGGAGGCTGAGGCAGGAAGATCACTTGAGCCCAGGAGTTACAGGTTACAGTGAGCTATGATCATGCCACTGGACTCCAGCCTGGGTGACAGAGGTAGACTCTGTCTTGATTTAAAAAATAAAA"
"chr1","33903397","33903678","chr1","32565437","32565709","23","1337960","GGCCAGATGTGGTAGCTCACACCTGTGAATCCCAGAGTTTTGGGAAGCCCAAGTAGGAAGATTGCTTGAGGCCAGAAGTTCGAGACAAACCTGGGCAACATAACAATTACCCGGGTGTTGGGGTGCATGCCTGTAGTCACAGCTACTCCTCGGGAGGCTGAGGCAGGAGGATCACTTGAACCCAGGAGTTCAATGTTATAGTGAGCTATGATCACACCACTGCACTCCAGCCTGGATGACAGAGCATAATTCTGTCTCTAAAAAATAAATAAATAAATAAAA","GGCCAGATGTGGTAGCTCACACCTGTGAATCCCAGAGTTTTGGGGAGCCCAAGCAGGAGGATTGCTTGAGGCCAGAAGTTTGAGACAAGCCTGGGCAACATAACAATTACCCGGGTGTGGGGGTGCATGCCTGTAGTCACAGCTACTCCTCGGGAGGCTGAGACAGGAGGATCACTTGAGCCCAGGAGTTCAATGTTATAGTGAGCTATGATCGCACCATTGTACCCCAGCCTGGATGATAGAGCATAATTTTGTCTCTAATAAATAAATAAA"
"chr1","33999494","33999712","chr16","40955418","40955633","46","6955924","CCAGTCTGGGCACCCTAGGGAGACTACATGTCTACAAAAAAATAAAAGTAAAGAAATTAGCCAGGAGTGGTGGTGTATGCCTGTAGTCTTAGCTATTCAGAAGGCTGAGGTAGGAGGATCACTTGAGCCCAGGATTTGGAGGTTACAGTGAGCTATGATTACACCACTGCACTCCAGCCTGGATAACAGAGCAAGACTTTGTCTCTAAATAAAAATAAA","AGCCTGGGCAACATAGCAAGGCCCCATCTCTACAAAAAAAAAAAAAAATTTAATTTGCCAGATGTGGTGGTAAGTGCCTACAGTCCTAGCTACTGGGTAAGCTGAGGCAGGAGGATCGCTTCAGCCCAGGAGTTGGAGGTTACAGTGAGCTATGATTGCACCACTGCACTCCAGCCCAGGCAGCAGAGCAAGACTCTGTCTCTAAAACTAAAAAAA"
"chr1","34574717","34575006","chr1","33260555","33260855","33","1314162","GGCTGAGCACAGTGGTTCATACCTGTCATCCCAGTGCTTTGGGAGGCCGAAGCTGAAGGATAATTTGAGGCCAGGTGTTCCAGACCAGCCTGGGCAAGATACCAAGACCCCCATTTCTAAAAACAATTTTTTTAATTAGCTGGGCATAGTGGTACACCTATAGTCCTAGCTACTCAGGAGGCTGAAGCAGGAGGATCACTTAGGCCCAGAAGTTGAGGTTACAATGAGCTATTATCACATGACTCCATTCCAGCCTGGGAAACAGGATGAGACCCTGTCTCAAAAAAAAA","GGCTAAGCACAGTGGTTCACATCTGTCATCCCAGTGCTTTGGAAGGCCAAAGCAACAGGATAATTTGAGGCCAGGTGTTCCAGACCAGCCTGGGCAAGATAGCAAGACCCCCATCTCTAAAAACAATTTTTTAAAAAATAGCTGGGCATAATGGTACACATATAGTCCTAACTACTCAGGAGGCTGAAGTGGGAGGATCACTTAAGCCCAGAAGTTGAGGTTACAATGAGGTATTATCACACCACTGCATTCCAGCCTGGGAAACAGGATGAGACCCTGTCTCAAAAAAAAAAAAAAAAAA"
"chr1","34610944","34611232","chr1","33299401","33299712","35","1311543","GCTCACGCTTGTAATCCTGGCCCTTTGGGAGGCTGAAGGGGGAAGATTACTTGAGGTCAGGAGTGCAAGACTAGCCCGGGCAACATAGCAAGACCCCCATTTCTACAAAAAAGTTTAGAAAAAAAATAGCCAAGGGTGGTGGCATGTGCCTATAGCCCCAGCTACTCAGGAGGCTGAAGCAGGAGGATCACTTGAGCCCATGAAGTCGAGGTTACATCGAGCCATGATCATACCACTGCACTCCAGCCTGGGTGACAGATCAAGACTCTGCCTATAAAAAAGATAAAAA","GCCAGGGACTGCAGCTCACGCTTGTAATCCTGGCATTTTGGGAGGCTGAACGGGGAAGATTACTTGAGGTCAGGAGTGCAAGACTAGCCTGGGCAACATAGCAAGACCCCCATCTCTACAAAAAAATTTAGAAAAAAAAAAAATAGCCAAGTGTGGTGGCATGTGCCTATAGCCCCAGCTACTCAGGAGGCTGAAGCGGGAGGATCACTTGAGCCCATGAGGTCGAGGTTACATTGAGCCATGATCACACCACTGCACTCCAGCCTGGGTGACAGATCAAGACTCTGCCTATGAAAAAGATAAAAATAAAAA"
"chr1","35659790","35660101","chr1","34362013","34362310","33","1297777","GGCTGGGTATGGTGGCTCAGGCCTGCAATCCCAGCACTTTGGGAGGCTGAGCGGGGAGGATTGCTTGAGGTGGGAGGATTGCTTGAGGCCAGGAGTTTGAGACCAGCCATAACAAGGCCTCATCTCTACAAAACATTTTGAAATTAGCCGGGTGTGGTGATGCATACCTGTAGTCCTAACTACTTGGAAAGCTGAGTAAGGATGATCCCTTGAACCCAGGAGTTTGAGACTACAGTGAGCTATAATCGCACCACTGCACTCCAGCCTGGGTGACAGAGTGAAAGACCTTGTCTACTAAAAAACACAAAAGAA","CTGGGTATGGCGGCTCGGGCCTGCAATCCCAGCACTTTGGGAGGCTGAGCGGGGAGGATTGCTTGAGGTGGGAGGATTGCTTGAGGCCAGGAGTTTGAGACCAGCTATAACAAGGCCTCATCTCTACAAAACATTTTGAAATTAGCCGGGTGTGGTGATGCATACCTGTAGTCCTAACTACTTGGAAAGCTGAGTAAGGAGGATCCCTTGAGCCCAGGATACAGTCGAGCTATAATTGCACACTGCACTCCGCAGCCTGGGGTGACACAGTTGAAACCCGTGCTCTAAAAAAACAAAA"
"chr1","35708666","35708957","chr10","27157967","27158263","60","8550699","GGCTGGGCGCAGTGGCTCATGCCCAGCACTTTGGGAGGTAAAGGTGGGAGGACTGCTTGAGGCCAGGAGTTCAAGACCAGCTTGGACAACATAGAGAGACCCCATCTCTAAAAAATATTTTAAAAATTAACCTGGAGTGGTGGCACAGGCCTGTAGCCCTAGCTACTTAGGATGCTGAGGTGGGAGGATCCCTTTAGCCCAAGAGTTTGAGGTTATAGTGAGCCATGATCACACCACCATACTCCAGCCTGGGCAACAGAACAAGACCCTGTCTCTAATATAAATAAATAAA","GGTTGGGTGCAGTGGCTCATGCCTATAATCTCAGCACTTTAGGAGGCTAAGGCAGCAAGATTGCTTGAGGCCAGGAGTTTGAGACCAGCCTGGGCAACAGAGTGAGACCCTATCTATACAAAAAATTTAAAAATTAGCTGGGCATGGTGGCATGTATCTGTTGTCCTAGCTACTCAGGAGGCTGAGGTGGGAGGATCGCTCGAGCCCAGGAGTTTGAGGTTATAATGAGCTGTGACTACATCACTGCACTCCAGCCTGGGCAACAGAGCAAGACCCTGTCTCTAAAAAATAAACAAA"
"chr1","35779134","35779340","chr1","34476719","34476926","15","1302415","ACCAGCATGGGCAACATAGCCAAGACCCATTTCTACAAAAAAAATATACAAATCAGGCGAGTGCAGAGGTGCAGGCCTATAGTTCTAGCTACCTGGGAGGTTGAGGCAGGAGGATCACTTGAGCCCAGGAGTTCGAGGTCAGAGTGAATTATGATAGTCACTACACTACAGCCTGGGTAACAGGATGAGAGCCTGTCTGGAGAAAAA","ACCAGCATGGGCAACATAGCCAAGACCTATTTCTACAAAAAATATAAAAATCAGGCGAGTGCAGAGGTGCAGGCCTATAGTTCTAGCTACCTGGGCGGTTGAGGCAGGAGGATCACTTGAGCCCAGGAGTTCAAGGTCACAGTGAATTATGATCGTCACTATACTACAGCCTGGGTGACGGGATGAGAGCCTGTCTGGGTAAAAAAAA"
"chr1","35799584","35799737","chr1","34501746","34501905","15","1297838","GGCTGGGTACAGTGACTTGCACCTATAATTCCAGCATTTTGGGAGGCTGAGGTGGGAGGATCGCTTGAGTCCAGGAGTTCAAGACCAGACTGGGCAACAGAGCAAGACCTTGTCTCTACTAATAATTTAAAAATTAGCGCATGCGCGCGCGCGC","GGCCGGGCACAGTGACTTGCACCTATAATTCCAGCATTTTGGGAGGCTGAGGTGGGAGGATCACTTGAGCCCAGGAGTTCAAGACCAGACTGAGCAACAGAGCAAGACCTTATCTCTACGAATAATTTAAAAATTAGTGCGCACACGTGCATGCGCGCGC"
"chr1","35973832","35974092","chr1","34682232","34682497","21","1291600","AACACTTTGGGAGGCTGAGGCAGGAGGATCACTTGAGACCAGGAGTTCAAGATGAGTCTGGACAACATATTGAGACCCTGTCTCTACAAAAATAATTAGCCAGGTGTGGTGGCACATGCCTGTAGTCCTAACTACTCAGGAGGCTGAGACAAGAGGATCACTTGAGCCCAGGTGTTTGAAGTAGCAGTGAGCCATGATTGTGCCACTTTGTTCCACCTGGGTGACAGAGTTAGCCCCTGTCTCCAAAAAGAAGAAAAAAAA","AACATTTTGGGAGGCTGAGTCAGGAGGATCACTGGAGACCAGGAGTTCAAGACGAGTCTGGACAACATAGTGAGACCTTGTCTCTACAAAATAATTAGCCAGGTGTGGTGGTGAATGCCTGTAGTCCTAGCTACTCAGGAGGCTGAGACAAGAGAATCACTTGAGCCCAGGTGTTTGAAGTAGCAGTGAGCCATGATTGTGCCACTTTGCTCCACCTGGGTGACAGAGTTAGACCCTGTCTCTAAAAAGAAAAAAAGAAAAAAAAA"
"chr1","36232042","36232282","chr1","34961903","34962154","35","1270139","GTGGGAGGATGGCTTGAAGCCAGGAGTTTAAGACCAGCTGGGCAATATAGTGAGACCCTATCTCTAACAAAAATTTTATAAAATTAGCCAGGCATGGTGGCATGAGTCTGTAGTCCTAGCTAGTTGGGAGGCTGAGGAAGGAGGATCTCTGGAGCCCAGGAGTTTAAAGTTACAGTGCGCTATAAACACACCACTGCATTCCAGCCTGGGTGACAGAGGAGATCCTGTGTCTAAAAAAAAA","GTGGGAGGATGGCTTGAGGCCAGGAGTTTAAGACCAGCTGGGCAACATAGTGAGACCCCATCTCTACAAAAAATTTTATAAAATTAGCCAGGTGTGTTGGCACGAGCCTGCAGTCCTAGCTTGTTGGGAGGCTGAGGCAGGATCTCTGGAGCCCAGGCGTTTGAAGTTACAGTGAGCTATAATCACACCACTGCATTCCAGCCTGGGTGACAGAGGAGATCCTGTGCCTAAAAAAAAAAAAAAAAAAAAAAA"
"chr1","36314079","36314396","chr1","35057996","35058331","36","1256083","CCAAGCATGGTGGCTCACACCTATAATCCTAGTGCTTTGGTGCTTTGGGAGACTGAAGTGGGAGAATCGCTTGAGGCCCAGAGTTCAAGACTAGCCTGGGCAACATACCAAGACTCTGTTTCCAAAAAAAAATTTAAAAATTAGCTGGGCACAGTGGTACATCACTGTAGTCCTAGCTTCTCAGGTGACTGAGGAAGGAGGATCACTTCAGCTCAGGAGTTTGAGGTTACAGTGAGCTATGATCATGTTACTGCCCTCCAGCCTGGGCGACAGAGCCACACCCTGTCTCTAAAAGAAAAAAAAAGAATAGAAATAAAA","GACCAAGCATGGTGGCTCACACCTATAATCCTAGTGCTTTGGTGCTTTGGGAGACTGAGGTGGGAAGATTGCCTGAGACCCGGAGTTCAAGACTAGCCTGGGCAACATACCAAGACTCTTGTTTCTACAAAAAAATTAAAAAATTAGCTGGGTACAGTGGCACATCACTGTAGTCCTAGCTTCTCTGGTGACTGAGGAAGGAGGATAACTTCAGCTCAGGAGTTTGAGGTTACAGTGAGCTATGATCACGTTACCGTCCTCCAGCCTGGGCGACACAGCCACACCCTGTCTCTAAAAAAAAAAAAAGAAATAAAATTAAAAAGAATAGAAATAAAA"
"chr1","36390422","36390712","chr9","60118480","60118761","71","23728058","GGCTGGTCATGGTGGCTCACGCCTGTAATCCCAGCACTTTGGGAGGATCACTTGAGCTCAGGAGTTCAAAACCAGCCTGGGCAACATAGGGAGAACTCGTCTCCTGTAAATAAAAATTTTAAAAAATGATCTTGGTGTGGTGGTGCCTGTAGTCCTAGCTACTCAGGAGGCTTAAGTGGAAGGATCACTTGAGTCCAGGAGGTTGAGAACACAGTGTGCTATGATTGTGCCACTGCACTCCAGAGCCTGGGAGACAGATTGAGACCCTGACTTTTAAAAAAAGAAATAAAA","GGCCAGGCATGGAGGCTCATGCCTATAATCCCACCTCTTTGGGAGACCAAGGCAGGAGGAGTTCAAAACCAGCCTGGCCAACAAAGAGAGACCCCATCTCTACAAAAGAAAAATTTTTAAATTTAGCTAGGCATGATGGTACATGCCTGTAGTCATAGCTACTCAGGAGGCTAAGGCAAAGGATCACTTCAGCCCAGGAGTCTGAGGCTGCAGTGAGCTATGATCATGCCACTGCACTTCAGCCTGGGTGACAGAGCAAGACTGTCTCAAAAAAAAAAAAAA"
"chr1","36401144","36401280","chr1","35146071","35146207","10","1255073","GCCCATATTCCCAGTTACTCAGAAGGCTAAGGCAGGAGGATCACTTGAACTCAGGAGTTTTAGGTTACAGTGAGCTATGATCACATCACTGCACTCAAGTCTGGGCAACAGAGCAAGACCTGGTCTCAAAAAAAAAA","GCCTATATTCCCAGTTACTCAGAAGGCCAAGGCAGGAGGATCACTTGAGCCCAAGAGTTCTAGGTTACAGTGAGCTATGATCACATCACTGCACTCGAGACTGGGCAACAGAGCAAGATGTGGTCTCAAAAAAAAAA"
"chr1","36453674","36453809","chr6","63960389","63960524","23","27506715","GGCCTGGCATGGTAGTTCATGCCTGTGATCTCAGCATTTTGGGAGGCCAAGCTGGAGGATTGCTCAAGCCCAGAAGCTTGAAACTAGCCTGGGCAACATAGTGAGACCCTGTCTCTACAAAAAAATTTAAAAATTA","GGCCAGGCACAGTGGCTCATGCCTGTAATCCCAACACTTTGGGAGGCCAAGGTGGGAGGATTGCTTAAGGCTGGGAGTTTGAGACCAGCCTGGGCAATACAGTGAGGCCCTGTCTCTACAAAAAATTTAAAAATTA"
"chr1","36514159","36514435","chr1","35259428","35259697","24","1254731","GGCCAGGTGCAGTGTCTCATGCTTGTAATCCAAGCACTTTGGGAGGCCGAGGTGGGAGGATTGCTTGAGGCCAGAAGTTTCAGACCAGCCTGGTCAACATAGTGAGACTCCATCTCTACAAAAATTTTAAAAACTATCCGAATGTGGTGGTGTACACCCGTTGTCTTAGCTACTTGGGAGGCTGAGGCAGGAAGATCCTTGAGCCCAGGAGGTGAGCTGTGATCCTGACACTGCATTTCCACCTGGGCGACAGAGTGAGACTGTCTCTCTTAAAAAA","GGCCAGGTGCAGTGTCTCATGCTTGTAATCCAAGCACTTTGGGAGGTTGAGGTGGGATGATTGCTTGAGGCCAGGAATTTGAGACCAGCCTGGTCAACATAGTGAGACTCCTATCTCTACAAAAATTTTAAAAACTATCCGAATGTGGTGGTGTACACCTGTTGTCTTAGCTACTTGGGAGGCTGAGGCAGGAAGATCCTTGAGCCCAGGAGGTGAGCTGTGATCTTGCCACTGCATTCCCACCTAGGCGATAGAGTGAGACCCTGTCTC"
"chr1","36514455","36514622","chr4","106616558","106616719","37","70102103","AAAAATAAGAACCAAGTGTGGTGGCATCCCCCTGTAATCCTAGCTACTTGGGAAGCTGAGGCAGGAGGCCTGCTTGAGGCCAAGAGTTCGAAGCTACAGCAAGTTGCGATCATACCACTGTACTCCAGCCTGGACAAAAGAGCGAGACCCTGTCTCCAAAACAAAAAA","AAATTAGCCAGGTGTAGTGGCATGCACCTGTAGTCCTAGCTACTTGGGAGGCTGAGGCAGGAGGATTGCTTGAGCCCAGCAATTCGAGGTTACGGTGAGCTATGATCACACCACCACGCTCCAGCATGGGCAACAGAGCAAGACCCTGTCTCAAGAAAAAAA"
"chr1","36627895","36628027","chr2","104708095","104708220","32","68080200","GTCAGGTATGGTGGTATACACTTGAAGTCCCAGTTACTAGGAAGGCTGAGGCAGGTGGGTCCCTTGAGCCCAGGAGTTTGAGTCTAGCCTGGGCAACTTAATAAGACCCTCATCTCTAAAGATTTTTTAAAAA","GTGTAGTGGCTCACACCTGTAATCCCAACACTGGGAGGCTGAGGCAGGAGGATCACTTGAAGCCAGGAGTTTGAGACCAGCCTGGGCAACATAGGGAGACCCCATCTCTACAAAATATTTTAAAAT"
"chr1","36719443","36719648","chr1","35486685","35486892","35","1232758","CTGGGCAACTTGAGAAGACCCCATATCTACAAAAAAAAAAAAATTTTTTTTTTAATTAGCCAGTCACGGTGGTGCGTTCCTGTAGTCCTAGCTATTTGAGAGGCTAAGACAGGAGGGAGTGCAAAGTTACAGTGAGCTGTGATCACACCTCTGCACTGCAGCTCTGGAGGAAAGAGCAATACCCTATCTCCAAAAAAAAAGAGAAA","CTGGGCAACATAAGACCCCGCATCTATAAAAATTTTTTTTTTTTTAAATTAGACAGTCATGGTGGTGTGTACCTGTAGTCCTAGCTATTTGAGAGGCTAAGACAGGAGGGAGTGCAAAGTTACAGCGAGCTGTGATCACGCCACTGTACAGCAGCTCTGGAGGAAAGAGCAATACCCTAGCTCCCCCCCCGCCAAAAAAAAAGAGAAA"
"chr1","36735823","36736143","chr1","35502787","35503084","50","1233036","GGCCAGGTGTGGTAGCTCATGCCTGTAATCCCGTGCTTTGGGAGGCCAAGGAGGTGGGTGGGAATCACTTGAGGCCAAGAGTTCAAGACCAGCATGGGAAACATAGCAAGCCCTCGTCTCTATAAAAATTTTTAAAATTAGCCGGGCATCATGGTGCATACCTGTACTCCTAGCTCAGCCTAGTTGGAAGGCTGAGACAGGAGGATCACTTGAGCCCAGGAGTTCGAGGATGCCGTGAGCTATGATCGTGCCACTGCACTCCAGCCTGGGTGACAGAGCAAGATCGTGTCTCCAAAAAAATAAAAAATAAAAATAAATAAA","GGCCAGGTGTGGCAGCTCATGCCTGTAATCCCAATGCTTCAGGAGGCCAAGGAGGTGGGTGGGAATCACTTGAGGCCAAGAGTTCAAGACCAGCATGGGAAACATAGCCAGCCCTTGTCTTTAAAAAAAATTTAAAAAATTAGCCGGGCATCATGGTGCATATCTGTACTCCTAGCTCAGCCTACTTGGAAGGCTGAGGCAGGAGGATCACTTGAGCCCAGCAGTTCAAGGATGCCATGAGCTACAATTGTGCCACTGCACTCCAGCCTGGGCGACAGAGCAAGACTCCATCTCCAAA"
"chr1","36796509","36796844","chr1","35564755","35565049","68","1231754","GGCCAGGTGCAATAGCTCACTTATGTAATCCCAGCACTTTGCGAGGCTGAGGTGAGAGGATCACTTGTGGCTAAGAGTTCAAGACTTCGCAAGCTTGGGCAACATAGTGAGATCCCATCTCTACTAGAAAAATATAAAAATTAATTGGGTGTGGTGTCACATGCCTGTAGTCTTAGCTACTTGGGAGGCTGAGGCAGGAGGATTACTTGAGCCCAGGAGTTTGAGGTTACAGTGAGTCGTGATCACGCCACGACTAGGCTGCATTCCAGCCTAGGCAACGGTGCGAGACTCTGTCTCTAAAAAAATAAAATAAAATGAAATAAAATAAAATGAAAA","TGTAATCCCAGCACTTTGGGAGGCCGAGGTGAGAGGATAACTTGTGGCCAAGAGTTCAAGACTCCGCAAGTTTGGGCTTGGGCAACATAGTGAGATCCCGTCTCTACAAGAAAAATATAAAAATTAATTGGGCATGGTGGCACATGCCTGTAGTCCTAGCTACTTGGGAGGCTGAGGCAGGAGGATTACTTGAGCCCAGGAGTTTGAGGTTACAGTGAGCCGTGATCACACCACTGCATTCCAGCCTAGGAAACAGTGTGAGACTCTGTCTCTAAAAAATAAAATAAAATGAAAA"
"chr1","36884658","36884950","chr1","35657300","35657594","29","1227358","GACCGGATGCAGTTGCTCGCGCCTGTAATCCCAGCACTCTGGGAAACCAAGGCATTTGGGAGGGCAAGGATTGCTTGAGGCCAAGAGTTTGGGTAACCTGGGCAACATAGTGAGACCCTCTCTACAAAAATAAAAAAATTAGCTAAGCGCAGTGGCTTACACCTATAGTCCTAGCTACTTAGGAGGCAGAGGCAAGAGGATTGCTTGAGCCCAAGAATTTGAAGTTAGTGAACTATGATCAGGCTACTGCACTCCAGTTGGGGCAACAGAGCAAGATCCTGTCTCTAAAAAAA","GACCAGATGCAGCGGCTCACACTTGTAATCCCAGCACTCTGGGAAGCCAAGGCATTTGGGAGGCCAAGGATTGCTTGAGGCCAGGAGTTTGGGTAACCTGGGCAACATAGTGAGACCCTGTCTTTACAAAAAATAAAAAAATTAGCCAAGCGCAGTTAGCTTACACCTATAGTCCTGGCTACTTAGGAGGAGGCAAGAGGATTGCTTGAGCCCAAGAATTTGAAGTTAGTGAACTATGATCGCTACTGTACTGCAGTCGGGGCAACAGAGCAAGAGCCTGTCTCTAAAAAAACAA"
"chr1","38026438","38026728","chr1","36596681","36596974","39","1429757","GGCTGGATGCAGTGGCTCATGCCTGTAATCCCAACACTTTGGGAGGCCAAGTCGGGAGGATCACTTGAGGCCAGGAGACCAGCCTGAGCAACATAGCATGACCTCATCTCTATAAAAAGTTTTAAAATGAGCTGGGCATGGTGGCACACATGCATAGTACCAGCTACTTGGGAGGCTGAAGCCAGAGGATTGCCTGAGCCCAGGGGTTTGAAGTTATAGTGAGCTATATCACACCATTGCACCCCAGCCTGGGTGACAGAGAGAGACCTTGTACGTTTAAAAAAAAAAAAA","GACCAGATGCAGTGGCTAATGCCTGTAATCCCAACACTTTGGGAGGCCAAGTCGAGAGGATCACGTGGGGCCAGGAGATCAGCCTGAGCAACATAGCAAGATCTCATCTCTATAAAAACTTTTAAAATGAGCTGGGCATGGTGGCACACATGTGTACTACTTGGGAGGCTGAAACCAGAGGATTGCCTGAGCCCAGGGATTTGAGGTTATAGTGATCTTTGAACACACCATTGCACCCCAGCCTGGGTGACAGAGAGAGACCTTGTTATTAAAAAAAAAAAAAAAAAAAAAAAA"
"chr1","38046272","38046591","chr1","36616763","36617077","32","1429509","GGCTGGGCATGGTGGTGCACACCTGTAATCCCAGTGCTTTGGGAGGGCAAGGCAGAAGAACTGCTTGAGGCCAGGAGTTAAAGACCAGCCTGGACAACATAGCAGCATCCTGTCTCTACAAAAAGTGTTTTTAAAAATGAGCTGCGTGTGGTGGTATGCACCTATAGTTCCATCTACTTGGGAGGCTGAGGCAGGAGGATCTCTGGAGCCCAGGAGTTCGAGGTTACAGTGAGCTACAGTTGTGCCACTGCACGTCAGCCTGGGCAAACACAGTGAAACCCCATTTCTTTAAAAAACAAACAACAACAACAACAACAAAA","GGCCAGGCATGGTGGTGCACACCTGTAATCCCAGAGCTTTAGGAGGGCAAGGCAGAAGAACTGCTTGAGGCCAGCAGTTCAAGACCAACCTGGACAACATAGCAAGACCCTGTCTCTACCAAAAGTGTTTTTTAAAAAATGAGCTGTGTGTGGTGGCATGCGCTTATAGTCCCATCTACTTGGGAGGCTGAGGCAGGAGGATCTCTGGAGCCCAGGGGTTTGAGGTTACAGTGAGCCACAGTCGTGCCACTGTACTTCAGCCTGGGCAAACACAGTGAGACCCCATTTCTTTAAAAAAACAAAACAAAACAAAAA"
"chr1","38070224","38070278","chr19","30903836","30903887","12","7166388","CAGCTTGGGCAACAAGGTGAAACCCTTTCTCTACTAAAAAAAAATTTAAAAATTA","CAGCCTCGGCAACATGGCAAAACCCCACTTCTACAAAAAATTTTAAAAATTA"
"chr1","38089469","38089767","chr1","36661932","36662229","19","1427537","GGCTGGGTATGGTGGCTCATGCATGTAATCCCAGCACTTTGGGGGACCAAGGTGGAGGACTGTTTCCGGCCAGGAGTTCAAGACCAGCTTGGGCAACATAGCGAGATCCCCATCTCTACAAAAAAAATTTTTTTAATTTGCCAGGCGTGGTGGTGCACAACTGTAGTCCTAGCTACTCAGGAGGCTGAAGCAGGAGGATCGTTTAAGCCCAGGAGTTCAAGGTTACAGTGAGCTATGATCACGGCACTGCACTCAAGCCTGGGCGACAGAGCAAGACCCTGGCTCTAAAAACAAAAAAA","GGCTGGGTGTGGTGGCTCATGCCTGTAATCCCAGCACTTTGGGGGACCAAGGTGGAGGATTGTTTCAGGCCAGGAGTTCACGACCAGCTTGGGCAACATAGCGAGGTCTCCATCTCCACAAAAAAATTTTTAAAATTTGCCAGGCTTGGTGGTGCACAACTGTAGTCCTAGCTACTCAGGAGGCTGAAGCAAGAGGATCGTTTAAGCCCAGGAGTTCAAGGTTATAGTGAGCTACGATCATGGCACTGCACTCAAGCCTGGGCAACAGAGCAAAACCCTGGCTCTGAAAACAAAAAAA"
"chr1","38154741","38154864","chr2","40642929","40643054","29","2488188","GTGTGGTGACTCACGCCTGTAATCCCAGCCTTTTGGGAGGCTGAGGTAGGAAGAAGACTAGGAGTTTGAGACCAGGCTGGGCAACATAGCAGAACCTTGTCTTTACAAATAATTTTAAAAATTA","GTGTGGTGGCTCATGCCTGTAATCCCAGCACTTTGGGAGGCCAAGCGGGGAGGATCACTTGAGCCCAGGAGTTTGAGATCAGGCTGGGAAACATAGCAAGACCTGTCTCTACAAAAAATTTTAAAA"
"chr1","38155164","38155186","chr6","175033159","175033175","6","136877995","TTAGACCAGGGATGGTAGTGTGC","TTAGCCAGGTGTAGTGG"
"chr1","38364883","38365204","chr2","72426884","72427200","66","34062001","GGCCCAGCACTGTGGCTCATGCCTATAATCCCAGAGCTTTGAGAGGCATAGATGGGGGTCTTGCTTGAGGCCAGGAGTTAGAGACCAGCCTGGGCAACATAGCAATACTCCGTCTCTACAAAAAAATTTAAAAGAAAAAAAAAAAGTTAGCTAGGCATGTTGGCATGCCTGCAGTCCTAGCCACTTGGGAGGCTCAGGTGGGAGGATCACCTGACCCCAGGAGTTTGAGGTTACAGTGAGCCTATGATCATGCCACTGCACTCCAGCCTGAGTGACAGAGTAAGACCTTGTCTCTAATAATAATAATATAATAATAATAAAA","GGCCAGCACAGTGGCTTATGCCTATAATCCCAGCACTTTGGGAGGCTGAGACCAGAGGGTTTCTTGAGGCCTGGAGTTAGAGACCAGCCTGGGCAAGATAGCAAGACCCTGTCTCTACAAAAAATTAAAAATAAAAAAATAAGCGGGGCATGGTAGCACATGCCTGTAGTCCTAGCTACTCAGGAGGCTGAGGCAGGAGGATCACTTGAGCCCAGGAGTTTGAAGTTACAGTGAGTTATGATAGTACCACTGCCCTCCAGTCTGGGTGATAGAGAAAGACCCTATCTCAAAAAAAAAAAGAAAAAGAAAAAAAAAAA"
"chr1","38420983","38421260","chr1","37001253","37001519","24","1419730","TCCCAGGGCTTTGGGAGGCAGAGGTGGGAGGATTGATTGCCTGAGGCCAGGAGTTTGAGATCAGCCTGGGCAACATAGCAAGACCCCATCTCTACTGAAAAAAAAACTTAGCTGGGCATAGCAGTGCATGCCTGTAGTAGTCCTAGCTACTTGGAAGGCAGAGGTGGGAGGATCACTTGAGCCCAGGAGTTCGAGGTTACAGTTAGCCACAATTACACCACTGCATTCCAGCTGAGAACAGAGCAAGATTCTGTCTCTTAAAAAAACAAACAAAAAAA","TCCCAGGGCTTTGGGAGGCAGAGGTGGGAGGATTGATTGCTTGAGGCCAGGAGTTTGAGACCAGCCTAGGCAACAAAGCAAGACCCCATCTCTACTGAAAAAAAAATTAGCTGGGCATAGCAATGCATGCCTGTAGTAGTCCTAGGTACTTGGAAGGCAGAGGTGGGAGGATCACTTGAGCCCAGAAGTTCAAGGTTACAGTGAGCCACGATTATACCACTGCATTCCAGCTGAGAACAAAGCAAGACTCTGTCTCTTAAAAAAAAA"
"chr1","38465799","38466079","chr1","37048859","37049140","21","1416940","GGCCAGGCGTGGTGGCTTAACCCTGTAGTCCTATTGCTTTGGGGTGCCGAGGCAGGAGGACTGCTTGGGGCCAGGAGTTCCAGACCAACCTGGGCAACATAGCAAAACATTTAAAAATTAGCTGGGTGTGGTGCCATATGCCTGTAGTCCCAGCTACTATGGAAGATGAGGAGGGAGGGTCACTTGAGCCCAGGAGTTTGAAGTTACAGTGAGCTGTGAATACACCACTGCACTCTAGCCTGGGCAACAAAGACCCTGTCTCTTAAAAACAAAAACAAAAA","GGCCAGGTGTGGTGGCTCAAGCCTGTAGTCCCATCGCTTTGGAATGCTGAGGCAGGAGGATTGCTTGGGGCCAGGAGTTCCAGACCAACCTGGGCAACACAGCAAAACATTTAAAACTTATCTGGGTGTGGTGGCATGTGCCTGTAGTCCCAGCTACTATGGAGGATGAGGAGGGAGGGTCACTTGAGCCCAGGAGTTTAAAGTTACGGTGAGCTATGAATACACCACTGCACTCCAGCCTGGGCAACAAAGACCCTGTGTCTTAAAAACAAAAACAAAAAA"
"chr1","38565801","38565944","chr1","37147248","37147384","14","1418553","GGCTGGGTGCAGTGGCTCATGCCTGTAATTAATCCCAACACTTTGGGAGTCTGAGCTGGGAGGACTGCTTGAGCTCAGGAGTTCAAGACCAGCCTGGGAAATATAGTGAGACCCCTATCTCTATTTCAAATAATTTAAAAAATA","GGCTGGGTGCAGTGGCTCACACCTGTAATCCCAACACTTTGGGAGTCTGAGCTGGGAGGATTACTTGAGCTCAGAAGTTCAAGACCAGCCTGGGCAATATAGTGAGACCCCTATCTCTATTTCAAATAATTTTAAAA"
"chr1","38614678","38614798","chr7","50855091","50855223","28","12240413","GCTGAGGCGGGAGGATCACTTGAGCCCAGGGGTTCGAGGTTACAGTGAGCTATAATCATGCCACTGTACTTCAAGCCTGGGTGACACCCTGTCTCAAAAAAGAAAAAAAAGTTTGAAAAAA","AAGCTGAGGCAGGAGGATCTTTTGAGTCCAGGAGTTTGAGGTTACAGTGAGCTATGATCATGCCACTGAACTTCAAGCCTGGGAGACAGAGTAAGACCCTGTCTCTAAAAAAATAAAAAGTAAAAATAAAAAA"
"chr1","38628941","38629244","chr1","37211345","37211648","15","1417596","GGCCAGGAATAGTGGCTCATGCCTGTAATCCCAGCACTTTGTGGGGCTGAGGCAAGAGGATTGCTTGAGCCCAGAAGTTCAAGACCAGCCTGGGCAACTTAATAAGACCCCTGCCTTTACAAAAAATTAAAATTAAAATAAATTAGCTCAGTGTGGTGGCCCACACCTGTAGTCCCAGTTACTTGGGAGACTGAGGTAAGAGGATCGCTTGAGCCCAGGAGGTTAAGGTTACAGTGAGCCGTGATTACACCACTGCACTCCAGCCTGGGTGACAGAGCAACACACTGTCTCAAAAACAAACAAA","GGCCAGGAGTAGTGGCTCATGCCTGTAATCCCAGCACTTTGTGGGACTGAGGCAAGAGGATCGCTTGAGCTCAGGAGTTCAAGACCAGCCTGGGCAACTTAATAAGACCCCTGCCTCTACAAAAAATTTAAATTAAAATAAATTAGCTGGGTGTGGTGGCCCACACCTGTAGTCCCAGCTACTTGGGAGACTGAGGTAGGAGGATCACTTGAGCCCAGGAGGTTAAGGTTACAGTGAGCTGTGATTGCACCGCTGCACTCCAGCCTGGGTGACAGAGCAACACACTGTCTCAAAAACAAACAAA"
"chr1","38860895","38861197","chr3","42185773","42186069","54","3324878","GGCTGGGTGCAGTGGCTAATGCCTGTAATCCCAACACTTTGAAAGGCTGAGGCAGGAGGATTGCTTGAGGCTGGGAGTTTGAGATCAGCCTGGGCAACATGGCAAGACCCCATCTCTACAAAAAAAAATTTTTTTAATTAGCCAGGTGTGGTGGTATGCATCTATAGTCCTAGGTACTCAGGAAGCTGAGGTGGGAGGATCGCTTGAGCCCAAGAGTTCAAGGTTACAGTGAGCTATGATCATGCCACTGCACTCCAGCCTGGGTAACAGAGCGACACCCTGTGTCCTAATAAAACAAAATAA","GGCTGGGTGCGGTAGCTCACGGCTGTAATCCCACCACTTCGGGAGGCCAAGGCGGGAGGATTGCTTGAGCCCAGGAGTTTGAGACTAGCCTGGGCAGCATAGCAAGACCCCATCTCTAAAAAAAATTTTTTTAATTAGCCGGGGGTGGCGGCATGCGCCTGTAGTCCTAGCTACTAGGGAGGCAGAGGTCGGAGGATCTCTTCAGCCCAGGAGTTTGAGGCTACAGTGAGCTATGATCACGCCACTGCACTCCAGCCTGGGCAACAGAGCAAAATCCTGTCTTGAAGGAAAAAAAAA"
"chr1","39299215","39299522","chr1","37873831","37874140","20","1425384","GGCGCAGTGGCTCATGCCTGTAATCCTAGCACTTTGAGAGACTGGGGCGGGAGGATCCCTTGAGCCCAGGAGTTTGAGACCAGCCTGAGCAACACAGCAAGACGCCATCTGTACAACAAAATTTTAAAATTACCTGAGGATGGTGGCACGCACCTGTAGTCTTAGCCACTTGGGAGGCTGAAGCAGGAAGATTGTTTAAACCCAGGAGTTCGAGGTTGCAGTGAGCCATAATTGTGCCACTGCACTCCAGCCTGGGCAACAGATCAAGACCCTGTCTCAAAAACAAATAATAAATAGAATAAAATAAA","GGCACAGTGGCTCATGCCTGTTATCCTAGCACTTTGAGAGACTGAGGCGGGAGGATCCCTTGAGCCCAGGAGTTTGAGACCAGCCTGAGCAACATAGCAAGACGCCATCTCTACAACAAAATTTTAAAATTACCTGAGCATGGTGGCACACACCTGTAGTCTTAGTCACTTGGGAGGCTGAAGCAGGAGGATTGTTTAAGCCCAGGAGTTCAAGGTTGCAGGGAGCCATTATCATGCCACTGCACTCCAGCCTGGGCAACAGATGAAGACCCTGTCTCAAAAAATTAATAATAAATAGAATAAAATAAAA"
"chr1","39459948","39460233","chr4","43544153","43544436","58","4084205","GGGTGTGGTGGCTCACACCTGTAATCTCAGTGCTTTGGAAGGCTGAGGTGGGAGGACGCTTGAGCTCAGGAGTTCAAGACCAGCTTGGGCAAGATAGCAAGACACTGTCTCTACCAAAAAATTAAAAAGTTAGTTGGGTGTGGTGGCTTGCACCTATAGTCCTGTCTACTCAGGAGGCTGAGGCGGGATTGCTTGAGCACAGGAGTTTGAGGTTACAGTGAGCTATGATTGTACCACTGCACTCTAGCCTGGGTGTCAGAGTGAGACCCTGTCTATAAAAAAAAAA","GGGCATGGTGGCTCACACCTGTAATCCCAGCACTTTGGGAGGCTGAGGTGGGAGGATCGCTTGAGGCCAGGAGTTTGAGACAAGCCTGGGCAACAAAGCAAGACACAGTTTCTACAAAAAATTAAAAATTAACCAGGCATAATGGCATGCACCTGTAGTCCCAGCTACTTGAGAGGCTGAGGCAGAAGGATCCCTTCAGTCCAGGAGTTTGAGGTTACAGTGAGCTGATAGTGCCACTGCACTCCAACCTGGATGACAGAGCAAGACCTTGTCTCAAAAACAAA"
"chr1","39500937","39501219","chr7","19632617","19632910","52","19868320","GCCAGGTGCAGTGGCTCATGCCTATAATCTCAGCACTTTGGGAGGCCAATGTGGGAGGACTGCTTGAGCCCAGGAGTTTGAGAACAGCCTGGGTAACATTCAAGAACTCTACAAAAAATAAAAATAGCCAGGTGTGGTGGTGCTTGCCTGTAGTTCTAGCTACTCCAGAGGCTGAGGTGGGAGGATCACTGGAACCCAGGAGTTTGAGGTTACAGTGAGCTATGATCATGCCACTGCCCTCCAGCCTGGGTGACAGAGTGAGACCCTGTCTTAAAAAAAAAAA","GGCCAGGTGCAGTGGCTCACACCTATAATCCCAGCCCTTTGGGAGGCCAAAGCAGGAGGACAGTTTGAGACCAGGAGTTTCAGACCAGCCTGGGCAACACAGCAAGACCCTGTCTCTACAAAAAATAAAAACAGCCAGGTGTGGTGGTGCGCATTTGTAGTCCTAGCTATTTAGGAGGCTGAGGCAGGAGGAAACTTGAGCCCAGGAGTTTGAGGTTGCAGTGAGCTATGATGGTGCCACTGCACTCCAGCCTGGGTGACAGAGTGGGAGACTTTCTCTTAAAACAAATGAAAA"
"chr1","39585119","39585385","chr1","38160412","38160674","22","1424707","CTTTGGGAGGCCAAGGTGGGAGGATTGCTTGAGTCCAGGAGTTTGAGATCAGCCTGGGCAACATAGCAAAACCTCATCTCTACAAAAATTTAAAAATTAGCTAGACGTGGTGACATGTGCCCCTAGTCATAGCTAGTTGGGAAGCTGAGGTAGGAGGATCCCTTGAGCCCAGGAGTTCAAACTTGCAATGGGCTATGATCACACTGCTACACTGCAACCTGGGTAACACAGTGAGACCCTATCTCTAAAAAAAAAAAAAAAAAAAAA","CTTTGGGAGGCCAAGGTGGGAGGATTGCTTGAGTCCAGGAGTTTGAGACCAGCCTGGGCAACATAGCAAGACCTCATCTCTACAAAAAATTTAAAAATTAGCTAGACATGGTGACATGTGCCCCTAGCCTTAGCTAGTTGGGAAGCTGAGACAGGAGGATACCTTGAGCCCAGGAGTTCAAAGTTACAGTGGGCTATGATCACGCTGCTACACTGCAGCCTGGGTAACACAATGAGACTGTATCTCTAAAAAAAAAAAAAAAA"
"chr1","39656287","39656569","chr8","42986537","42986825","60","3330250","GCTGGACGTGGCGGCTCATTTCTGTAATCCCAGCAGTTTGGGGGGCCCAGGCAAGAGGATCGTTTGAGGCTAGGAGTTCAAGATCAGCAAAGGAAACATAGCAAAACCTTGTCTCTATAAACAATTTAAAAAGCCGCACATGGTGGCATGCACTTGTAGTCCTAGCTACTTGGGAGGCTGAGGCAGGAGGATGACTTGTGCCTAGGAGTTTGAGGGTGCAGTAAGCTATGATCACGCCACTGCACTCCAGCCCGGGTGACAGAACAAGACCCTGTCTACAAAA","GACTGGGCATGATGGCTCACTCCTATAGTCCCAGCAGTTTGGCAGGCCAAGGCAAGAGGGTCACTTGAGTCCAGGAGTTCAAGACCAGCCTGGGCAACATAGCAAGACCTCTTCTCTACAAAAAATTTTTAAAAAGTTACCCAGGGGTGTGGTGCATGACTATGGTCCTGGCTACTCGGAAGGCTGAGGCAGGAGGATGGCTTGAGCCCAGGAGTTCAAGGTTACAGTGAGCTATGATCACACCACTGCACTCCAGTCTGGGTGACAGAGCAAGACCCTGTCTCTAAAA"
"chr1","39746813","39746999","chr16","50560030","50560220","38","10813217","GCTGGACAAGGTGTCTCACACCTATAATCCAACACTTTGGGAGGCTTAGGTGGGAGGATAGCTTGAGGCCAGGAGTTCAAGACCAGCCTTGGCAACATAGTGAGACCCTGTCTCTACAAAAAAATAATAATAATAAAACTGAGCTGGGCATGATGGCATGTGCCTGTATTCCTAGCTTACTCAGGAG","GGCTGGGCACAAGGGCTCACACTTATAATCCCAGCACTTTGGGAGGCCGAGGTGGGAAGATCACTTGAGTCCAGGAGTTCAAGACCAGCCTGGCAGCATAGTGAGACCCTGTCTGTACAAGGAAAAAAATATATATATTAAAAATTAGCCAGGCTTTGTGGTACACATCTGTACTCCTAGCTACTCAGGAG"
"chr1","39839910","39840205","chr1","38498092","38498387","23","1341818","GGCCGGATACAGTGGCTCATGTCTGTAATCCCAGTGTTTTGGGAGGCTGAGGTGGGAGGATCACATGAGGCCAGGAGTTTGAGATCAGCCTGGACAACATACTGACACCCTGTCTCTACAAAAAGTTTAAAAATTAGCCAGACATGATGGCATGCACCTGTAGTCCTAGATACTTGGGAGGCTGAAGCAGGAGGATTGCTTGAGCCTAGGGGTTCAAGATTATAGTGAACTATGATCATGCTGCTGCATTCCAGCCTGGGAAACAGAATGAGACCCTGTCTCAAAACAACAACAAA","GGCTGGGTACAGTGGCTCATGTCTGTAATCCCAGCACTTTGGGAGGCTGAGGCGGGAGGATCACATGAGGCCAGGAGTTTGAGATTAGCTTGGACAACATACTGACACCCTGTCTCTACAAAAAATTTAAAAATTAGCCAGACATGATGGCGTGCACCTGTAGTCCTAGATACCTGGGAGGCTGAAGCAGGAGGATCGCTTGAGCCTGGGAGTTCGAGGTTGTGGTGAACTATGATCATGCCACTGCATTCCAGCCTAGGAAACAGAGTAAGACCCTGTCTCAAAACAACAACAAA"
"chr1","39967798","39967879","chr6","73488406","73488484","18","33520608","GTTACAGTGAGCTATGATCGTACCACTGTACTTCAGCCTGGGTGGCAAAGTGAGGCCTCATGTCTTTAAAAAATAAAAAAAA","GGTTACAGTGAGCTATGATCCTGCCACTGCACTCCAGCCTGGGTGACAGCCAGAACCAGTCTCTTTTAAAAAAAAAAAA"
"chr1","40112627","40112859","chr15","39362329","39362566","59","750298","GCTGGCTGTGATGGCTCATGTCTGTAACCCCATCACTTTGGGAGGCCAGGCAGGAGGACCACTTGAGGCCAGGAGTTCAAGATCAGCCTGGGCAACATAGGGAGGCCCTGTCTCTAGAAAAGTTTTTTAAATTAGCCAGGCATCAGAGGTTGCAGTGAGCTATCACATCACTGCACTTTAGCTCTTTGTTTTGAGGCAGAGTGAGACCCTGTCTCAAAACAAAACAAAACAAA","GGCTGAGTGCAGTGGCTCACACCTGTAATCCCAGCCCTTTGAGAGGCTGAGGTGGGAGGATCACTTGAGGCCAGGAGTTGAAGACAAGCCTGGGCAACATAGGGAGACCTTGTCTCTACAAAATATTTTTTTTTAAATTAGCCTAAAAGTTCAAGGTTACAGTGAGCTATGATTGCACCACTGCATTCCAGCCTAGGTGACAGAGTGAGACCCTGTCTCTAAAAATAAAAATAAAAAA"
"chr1","40302314","40302458","chr2","94724395","94724539","28","54422081","GGCTGGGCACCGTATTTCATGCCTATAATCCCAGTACCTTGGGAGGCTGAGATGAGAGGACAGCTTGAGGCCAGGAGTTTGAGACCAGCCTAGGCAATACAGTGACACCTAGTCTCTACAAAAAATTTAAAAATTTGGCTGGGCG","GGTTGGGTGCCTTGACTCAAGACTATAATCCCAGCACTTTGGGAGACTGAGGTGGGAAGATCACTTGAGCCCAGGAGTTTGAGACTAGCCTGGGCAATATAGTGACACCTTGTCTCTACAAATAATTTAAAAATTAGCCAGGCGT"
"chr1","40415751","40416016","chr3","142578564","142578842","67","102162813","CTGTAATCCCAGTGCTTTGGAAGGCTGAGGTGGGAGGATCACTTGAGGCCAGGAATTCGAGAACAGCTTGGGCAACATAGCAAAGCTCCATCTCTACAAAAAAAAATATTTTTTTAATTAGCTGGGCATGGTGGGACCTGACTGTAGGGAGGCTGAGCTGGGAGGATCGCTTGAACCCAGGAGTTCAAGATTATGGTGAGCTATGATCATGCCACTGCCCCCCAGCCTGAGTGACAAAGCAAGACCCTATATCAAAAAAAAAAAGA","CTGTAATCTCAGCACTTTGGGAGGCTGAGGTGGGAGGATCGCTTGAGGCCAGGAGTTTGAGACCAGCCTGGGCAACATAGTGAGACTCCCATCTCTAAAAAAAATTTTTTTTTTTTTAAATTAGCTGGGCATGGTGACATGTACCTGTAGTCCTAGCTGCTCAGGAGGCTGAGGTGGGAGGATCATTTGAACCCAGAAGTTCAAGGTTACAGTGAAGTTTGACTGTGCCAGTGCACTCTAGCCTAGGTGACAGAGTGATACTCTCTCTCCAAAAAAAAA"
"chr1","40422253","40422412","chr1","193846037","193846192","32","153423784","GGCCAGGCACAATGACTCACACCTATAATCCCAGCACTTTGGGAGGCTGAGGCAGGAGGATCGCTTGGGCCTAGGGTTTGAGACCAGACTGGGCAATAGAGTGAGACCTCATATCTACAAAAAGTTTAAAAATTAGCTGAGTGTGCTGGTGCATGCCTGT","GCTGGGCATGGTGGCTCACAGCTGTAATCCAAGCACTTTGGGAGGTTGAGGCAGGAGGATCGTTTGAGCTTAGGAGTTTGAGACCAGCCTGGGCAATAAAATGAGATTCCATCTCTACAAAAAAATTTAAAAATTAGCCAGGTGTGGTGACATGTG"
"chr1","40619991","40620255","chr1","39305180","39305443","21","1314811","CAGGCATGGTGGCTTACATCTGCAATCCCATGCTTTGGGGGTCTGAGGCAGGAGGATTGCTTGAGGCCAAAAGTTGGAGAGCAGCTGGGCAACGTAGCAAGATCCCATCTCTAGAAAAAAATTTTAAAATATTGGCCAGGTGTGGTAGTGCATGCCTTTAGTCCTAACTACTGCGGCGGCTGAGGTGGGAGGATTGCTTGAACTACGGTGAGCTATGGTCATGCCATTGTATTCTAGCCTGGGCAATGGAGCAAGAGCCTGTCTC","CAGGCATGGTGGCTCACATGTGTAATCCCATGCTTTTGGGGGGCTGAGGCAGGAGCATTGCTTGAGGCCAAAAGTTGGAGAGCAGCTGGGCAACATAGCAAGATCCCATCACTAGAAAAAATTTTAAAATATTGTCCAGTTGTGGTGGTGCATGCCTGTAGTCCTAGCTACTGGGGCGGCTGAGGTGGGAGGATTGCTTGAACTACAGTGAGCTATGGTCATGCCATTGACTCTAGCCTGGGCAATAGAGCAAGACCCTGACTC"
"chr1","40636878","40637002","chr4","36186380","36186506","25","4450498","GAGGCTGAGGACGGGAGGTGGCTTGAGCCCAGGAGTTCGAGGTTACAATGAGATATAATCGAGCCACTGCACTCCAGCCTGGGTGACAGAGTAAGGCTCTGCCTCTAAAAAAAGAAAAGAAAAAA","GAGGCTGAGGCAGGAGGATCACTTGAGCCCAGGAGTTCGAGGTTACAGTGAACTGTGATGGAGCCACTACACTCCAATCTGGGTGGCAGAGTGATACTTTGTCTCTAAAAAAGGAAAGAAAAGGAAA"
"chr1","40637581","40637715","chr11","117179860","117180000","28","76542279","GACTGGGTGCAGTGGCTCACACCTGTAATCCTACCACTTTGAGAGGCTGAGGAGGGAGGATTGCTTGAGCCCAGGACCACCCGGGGCAACATAGTAAGGCCTCATCTCTACAGATAATTTAAAAAATTAGCTGGG","GGCTGGGCACAGTGGCTCACGCCTGTAATCCTAACACTCTGGGAGGCCAAGGCAGGAGGATTGCTTGAGCCCAGGAGTTCAAGCAGCCTGGGCAGCATAGTGAGGCTTCATCTCTACACATAATTTAAAAACTAGCCAGGT"
"chr1","40699661","40699796","chr1","39383100","39383235","12","1316561","GCCTGGCATAATGGCTCACACTTGTAATCCCAGCTCTTTGAGAGGCCAAGGCAGGAGGATTGCTTGAAGCCAGAAGTTCACAACCAGTCTGAACAACATAGTGAGACCCCTGTCTCTGTTAAAATCTATTTTAAAA","GCCTGGCACGATGGCTCACACTTGTAACCCCAACTCTTTAAGAGGCCAAGGCAGGAGGATTGCTTGAAGCCAGAAGTTCAAGACAAGTCTGAGCAACTTAGTGAGACCCCTGTCTCTATTAAAATCTATTTAAAAA"
"chr1","40705066","40705194","chr1","39389031","39389160","5","1316035","GGCCAAGCATGGTGGCTCATACCTATCATCCCAGCGCTTTGGTAAGACGAGGCAGGAGGATTGCTTGAGGCCAAGAGTTCGAGACCAGTTTGGGCAACATAACGAGACCCTGTCTCAAAAAACCAAAAA","GGCCAAGCATGGTGGCTCATACCTATCATCCCAGCGCTTTGGTAAGACGAGGCAGGAGGGTTGCTTGAGGCCAAGAGTTTGAGACCAGTTTGGGCAACAAAATGAGACCCTGTCTCAAAAAACCCAAAAA"
"chr1","40713342","40713644","chr1","213299903","213300197","58","172586561","GGTCAGGTGTGGTGGCTAACACTTACGTAATCCTAGTGCTTTGTGAGGTCAAGGTGAATGGATTGCTTGAGGCCAGGAGTTTAAGACCAGTCTGGGCAACATAGCAACACCCTGTCTCTACAAGAATAAAAAAATTTAACCAGGCATGGTGGTGGGCACCTGTAATCCTAGCTACTTGGGACCCTGAGGCAGGAGAATTTCTTGAGCCCAGGAGTTCAAGGTTACAGTGAGCTATGATTGTGCCACTGTACTCCAGCCTGGGCAACAGAGCAAGACCTTGTCTCTAAAAAAAAGACAAGAAAA","GTCAGATGCGGTGGCTTACACCTGTAATCTCAACACTTTGGGAGGCCAAGGTAGGGGAATTGCTTGAGGCCAGGAGTTCAAGACCAGCCAGAGCAACATAGTGAGACCCTGCCTCTACAAAAATTTAAAAAATAACCAGGCATGGTGGTGTGTGCCTGTAATTCTATCTACTCTGAAGGCTGAGGCAGGAGGATTACTTGAGCCCAGGAGTTCAAGGTTGCAGTGAGCCATGATTGTGCCACTGCACTCCAACCTGGTGACAGAGCTAGATCCTGTCTCTTAAGAAAAAAGAAAA"
"chr1","40782909","40783220","chr1","39479360","39479669","23","1303549","GGCTGGGAGTGGCGGCTCACGCCTCTAATCCCAGTGCCTTGGGAGGCTGAGGTGGGAGGATCACTTAAGGCCTCAAGTTGAAGACCAGCCTGGGCAATACAGTGAGACCCTGTCTCTACAAAAATTATTTTTCAATTAGCTGGGCACTGTGGCATGCACCTGTAGTCCTAGATATTTGAGAGGCTGGGGTGGGAGGATCACTTGAGCCTAAGAGTTTGAGGTTACTATAAGCTAAGATTGTACCACTGCATTCTAGCCTGAGCAAGGGAGTACGATGCTGTCTCTAAATTAAAACAAACAATCAAACAAAAA","GGCTGGGAGTGGTGGCTCACATCTCTAATCCCAGTGCCTTGGGAGGCTGAGGTGGGAGGATCACTTAAGGCCTCAAGTTCAAGACCAGCCTGGGCAATACAGTAAGACCCTGTCTCTACGAAAATTATTTTTAAAGTAGCTGGGCACTATGTCATGCACCTGCAGTCCTAGATATTTGAGAAGCTGGGGTGGGAGGATCACTTGAGCCTAAGAGTTTGAGGTTACACTAAGTTAAGATTGTACCACTGCATTCCAGCCTGAGCAAGGGAGTAAGATCCTGTCTCTAAACTGAAACAAACAAACAAAAAAA"
"chr1","40786815","40787085","chr1","39483236","39483506","7","1303579","GGCCAAGCACAGTGGCTCACACCTGTAATCCCAGTGCTTTGGGAGGCCAAGGCGGGAGGATCTCTTGAAGCCAGGAGTTCAAGACCAAGACTGGGCAACATAGTGAGACCCTGTCTCTACAAAAACTTTTTAAAAGTTAGTTGGGCATTGTGGTGTCCTAGCTGTTTGGGAGGCTGAGGCAGGAAATCCCTGAAGCTGAAGAGTTTGAGGTTACAGTGAGCTGTGTTTGTGCCACTGCATTCCAGCCTGAGCAGGAGAACCAAGACTCTGT","GGCCAAGCACAGTGGCTCACACCTGTAATCCCAGTGCTTCGGGAGGCCAAGGCGGGAGGATCTCTTGAAGCCAGGAGTTCAAGACCAAGACTGGGCAATGTAGTGAGACCCTGTCTCTACAAAAACTTTTTAAAAGTTAGTTGGGCATTGTGGTGTCCTAGCTATTTGGGAGGCTGAGGCAGGAAATCCCTTAAGCTGAAAAGTTTGAGGTTACAGTGAGCTGTGTTTGTGCCACTGCATTCCAGCCTGAACAGGAGAACCAAGACTCTGT"
"chr1","40796649","40796915","chr1","39493094","39493350","23","1303555","GGCTGGGTACAGTGGCTCACACCTGTAATCCCAGCACTTTGAGAGGCCAAGGTGGGAGGACCACTTGAGGCCCAGGAATTTGAGACCAGACTGGGCAGCAAAGAGACCCTGTCCCTACAAAAAAAAAGTGTTTTTTAATTGGCTGGGCATGGTGATGCACTTCTCCAGTCCTAGCTACTCAGGAGGCTGAGGTGGGTGGGAGAGAGGATCACTTGAGCCTAGGAGCTTGAGGTTACAGTGAGCTGTGATTGTACCACTGAACTCTAG","GGCTAGGTACAGTGGCTCACACCTGTAATCCCAGCACTTTGAGAGGCCAAGGTGGGAGGATCACTTGAGGCCCAGGAATTTGAGACCAGACTGGGCAACAAAGAGATCCTGTCCCTACAAAAAAATTTTCTTTTAATTGGCTGGGCATGGTGATGCTCTTCTCCAGTCCTAGCTAATCAGGAGGTTGAGGTGGTTGGGAGAGAGGATCACTTGAGCCTAGGAGTTTGAGGTTACGGTGAGCTGTGATTGTACCACTG"
"chr1","40897012","40897135","chr1","39598316","39598439","4","1298696","GGCCAGGCACAGTGCCTCATGCCTGTAATCCCAGCATTTTGGGAGGCCAGGGTGGGAGGATTGCTTGAGGCCAGGAGTTTGGGCAACATAGCAAGACCCCTATCTCTACAGAAAATTTAAAAAT","GGCCAGGCACAGTGCCTCACGCCTGTAATCCCAGCATTTTGGGAGGCCAGTGTGAGAGGATTGCTTGAGGCCAGGAGTTTGGGCAACATAGCAAGACCCCTATCTGTACAGAAAATTTAAAAAT"
"chr1","40967641","40967932","chr10","25256063","25256356","64","15711578","GCCGCGTGTGGTGGCTCACACCTGTAATCTTAGAGCTTTAGGAGGCCAAGGAGGGAGGATCGCTTGAGGCCAGGAGTTTGAGACCAGCCTGGGCAACATAGCGAGGCATTGTCTCTACAAACTTTTTTAAAAATTAGCAGAGAATGGTGGCTTGCTGCTGTAGTCCTAGCTAAGGTAGGAGGATTGCTTGAGCCTGGGAGTTCAAGGTTGCAGTGAGCTATGATCATGCCACTGCACTCCAGCTTGGATGACAGAGCAAGATCCTGTCTTTAAAAGTAAAAAAAATAGAAAA","GACTGGGCCTGGTGGCTCACACCTACAATTCCAGCATTTTGGGAGGCTGAGATAGGTGGATCACTTGAGGCCAGGAGCTAAAGACCAGCCAGGGCAACAGAGTGAGACTCTGTCTCTACAAATTCTTTCAAAATTAGGCAGATGTAGTGGTTCATGACTGTAGTCCTAGCTATTTAAGAGGATTGCTTAAGCCTAGGAGTTCAAGGCTGCAGTGAGCTATGATGGTGCTACTCTACTCCAGCCTGGGTGACAGAGCAAGACCCTGTCTCTTAAAAAAAAAAAAAAAAAAAAAAA"
"chr1","41084041","41084346","chr1","20653974","20654240","98","20430067","GGCCGGGCACAGTGGCTCATGCCTGTAATCCCAACACTGGGAGGTCAAGGCAGGAGGCTTACTTGAGGCCAGGAGTTCAAGACCAGCCTGGCCAACATGGTGAAACACTTNNNNNNNNNNNNNNNNNNNNTACCAGATGCAAAGATGCAAAGAGGGGAGGGCTGGGCATGGTGGCTCATGCCTGTAATCCTAGCACTTTGGGAGGCTGAGGCAGGAGGATCACTTGAAGCCAGGAGTTGGAGACCAACCTGAGCTACAAAATGAAACCCTACCTCTACCAAAGAAAAAGTAATTGAAAAACAAAAA","CTGGGCACAATGGCTCACACCTGTAATCCCAGCACTTTGGAGACTGAGGCTGGAGGATCGCTTCAGGCCAGGAGTTGAGACCAGTTTAAGCAACATAGCAAAATCCTGTCTCTAAAAAATTAAATAGGCCAGGCATGGTGGCTCATGCCTGTAATCAAAGCATTTTGGGAGGCTGAGGCAGGACAATCACTTGAGTCAGCAGTTTGAGACCAGCCTGAGCAACATAGGGCAATCCCATCTCTATTTAAAAAAAAAAAATTGAAAAAA"
"chr1","41095359","41095661","chr1","39790199","39790504","22","1305160","GGCTGGGTGCAGTGGCTCGTCTGTAATCCCAGCACTTTGGGAGGCTGAGGCAGAAGGATTGTTTGAGCTGAAGAGTTTGAGACCAGTTGGACAACACAGTAAGACCCTATTTTTTCTGTCATTTTTTTAATTGGCAAAGTATGGTGGCATGTTCCTGTAGTCCTAGCTACTTGGGAGGCTTAGGCAGGAGAACTGCTTGAGCCCAGGAGTTTGAGGTTGCAATGAGTTATGATTGTACCACTGCACTGCAGCCTGAGCTACAAAGTGAGACTCAGTCTACTTAAAAAAAAAAAAATTAAAAAA","GGCTGGGTGCAGTGGGCTTATCTGTAATCCCAGCACTTTGGGAGGCTGAGGCAGAAGGATTGCTTGAGCTCAAGAGTTTGAGACCAGTTGGGCAACATAGTGAGACCCTATTTTTTTGTGTCATTTTTTTAATTGGCAGAGTATGGTGGCATGTTCCTGTAGTCCTAGCTACTTGGGAGGCTTAGGCAGGAGAACTGCTCAAGCCCAGGAGTTTGAGGTTGCAGTGAGCTATGATTGTACCACTGCACTGCAGTCAGAGCTACAAAGTGAGATTCAGTCTCTACAAAAAAAAAAAAAATTAAAAAA"
"chr1","41108774","41109058","chr1","39803243","39803539","25","1305531","GGCCAGGCATAGTGGCTTGTGCCTGTAATTGGGAGGTCAAGGAAGGAGGATCACTTGCCAGAAGTCAAGACCAGCCTGGACAACATAGCAAGACCCATCTCTGCAAAAAAGTTTTTAAAAAATTAGCCAGGCATGGTAGCATGCGCCTGTAGTCCTAGCTGTGCAGAAGGCTGAAGCAGAAGGATCACCCGAGCCCAGGAGTTCAAGGTTGCAATGAGCTGTGATCACCACTGCATTTCAGGTGGGCAACAGAGTGAGACCCTGTCTCTACAAAAAAGAATAAAA","GGCCAGGCATAGTGGCTTGTGCCTGTAATCCCAGCACTTTGGGAGGTCAAGGAAGGAGGATCACTTGCCAGAAGTCAAGACCAGCCTAGACAACACAGCAAGACCCATCTCTGCAAAAAAGTTTTTAAAAAATTAGCCAGGCATGGTAGCATGTGCCTGTAGTCCTAGCTGCGCAGGAGGCTGAAGCAGAGGGATCACTTGAGCCCAGGAGTTGAAGGTTGCAATGAGCTGTGATCACACCACCGCATTTCAGGTGGGCAACAGAGTGAGACTCTGTTTCTGCAAAAAAGAATAAAA"
"chr1","41131060","41131304","chr1","39823729","39823971","12","1307331","GCTGGGTGTGGTAGCTCACACCTGTAATCTTAGTACTTTGGGAGGGGAAGGTAGGAAGATCACTTGAGGACAGGAGTTCAAGACCAGCCTGGGCAACATAGCAAGACCCCATCTCAAAAAAAAAAAAAAAAAAGCCAGGCATGGTGGTGCATCCCTGTAGTCCTAGCTACTTGGCAGGCTGAGGCAGGAGGATCACTTGAACCCAAGAATTCAAGGTTACAGTGAGCTATGATCATGCAACTGCA","GCTGGGTGTGGTAGCTCACACCTGTAATCTTAGTACTTTGGGAGGGCAAGGTATGAAGATCACTTGAGGACAGAAGTTAAAGACCAGCCTGGGCAACATAGCAAGACCCCATCTCAAAAAAAAAAAAAAAATCTAGGCATGGTGGTGCATGCCTGTAGTCCTAGGTACTTGGTAGGCTGAGGCAGGAGGATCACTTGAACCCAAGAATTCAAGGTTACAGTGAGCTATGATCATGCTACTGCA"
"chr1","41135412","41135705","chrX","21887337","21887630","62","19248075","GGCTGAGCATAGTGGCTCATGGCTATAATCCCAGAACTTTGGGAGGCCAAAGTAGGAGGATCACTTGAGGCCAGTAGTTCACAACTAGCCTGGGAAACATAGTGAGACCCTGTCTGTACAAAAATTTAAAAATTAGATAGGTGTGATGGTGGGCACCTCTAGTCCTAGCTACTAGGGAGGTTGAGGGGGAGGATTGCTTGAGCCCAGAAGTTTGAGGCTATAGTGAGCTATGATTATGCCACTGCACTCTAGCACCTGGGCGACAGAGTGAGACCCGCCTTAAAAAAAAAAAAA","GCTGGCCATGGTGGCTCATGCCTGTAATCCCAGCACTTTGGGAAGCCAAGGTGAGAGGATCACTTGAGGCCAAGAGTTCAAGACCAGCCTGGGCAACATAGTGAGACTGTGTCTCTACAAAATAAAAATTAAAAAAATTTTGGTACACACCTATAGTCCTAGCTACTCAGGAGGCTGAGGTGGGAGGATTGCTTGAGTCCAGGATTTCAAGGTTACAGTGAGCTATGATCATGCCACTGCACTCTAACCTTGGCAAAAGAGCAAGATCCTGTCTCTAAAAAAATTAAAATAAAA"
"chr1","41162461","41162746","chr15","91203036","91203303","67","50040575","CCTGTAATCCCAGTGCTTTGGGAGGCTGAAGGGGGATGAGAGGCAGGGGGATCACTAGAGGCCAGGAGTTCAAGACCAGCCTAGGCAACATAGTGAGACGCGTTCTCTACAAAAAATAAAAATTAGCTAGGTGTGGTGGCTTGCACCTGTCGTCTTCGCTACTTAAGAGGCTGAGGTAGGAGGAATGCTTAAACCCAGGAGTTCAAGGTTACGGTGAGCTATGATTGTGCCATTGCACTCAAGCCTCAGGAACAGGGTGAGACCTTGTCTCTATAAAACAACAAAA","CCTGTATTCCCAGTGCTTTGGGAGGCCAAGGTGGGAGGCTCACTTGAGGCCAGGAATTCAAGACTAGCCTGCGCAACATAGCGAGACTCCTGTCTCCACAGATAATGAAAAAATTAGCCAGACATGGTGACTCGCACCTGTAGTCCTAGCTACTCAGCAGGCTGAGGCAGGGGGACTGCTTGAGTCCAGGAGTTCAAGGTTGCAGTGAGCTATGATTGTGCCATTGCACTGTAGCCTGGGTGATGGCGTGACCCTGTCTTACAAAAAA"
"chr1","41180792","41181098","chr1","39871622","39871902","44","1309170","GGCCAGGTGCAGTGACTCACATCTGTAATCCCAGAGGTCCAGGAGGCCAAGATGTGAGGATCACTTGAGGCCAGGAGATCAAGACCAGCCTAGGCAACATAGCAAGACCCTATCCCCAACAAAAAAATTTAAAAATTAGCCAGGATTGGTGGTGTGCGCCTGTAGTCCTAGCTACTTTGTAGGCTGAGATGGGAGGATCCCTTGAGCTCAGTAGTTCAAGGTTACAGTGAGCTATGATCATGCCACTGCACTCCTGCCTGGGTGACAGGGAAAGAGCCTGTCTCTCTAAAAACTAAACAAACAAAAA","GGCCAGGTGTGGTGACTCACACCTGTAATCCCAGAGCTCTGGGAAGCCAAGATGTGAGGATCACTGGAGGCCAGGAGATCAAGACCAGCCTAGGCAACATAGCAAGACCCTATCCCCAACAAAATTTAAAAATTAGCCAGGAGTGGTGGTGTGCGCCTGTAGTCCTAGCTACTTGGGAGGCTGAGATAGGAGGATCCCTTGAGCCCGGTAGTTCAAGGTTACAGTGAGCTATGATCATGCCACTGCACTCTTGCCTGAGTAACAGAGAAAGAGCCTGTCTC"
"chr1","41224436","41224569","chr3","13531543","13531676","19","27692893","GGCTGGGCATGGTGGCTCACATCTGTAATCCCAGCAATTTGGGAGGCTGAGGCAGGAGGATTGCTTGAGGATAGGAGTTCAAGATGAACCTGGGTGACACAGTGAGATCCTATCTCTACAAAAAAATTTAAAAA","GGCTTGGTGCGGTGGCTCACACCTGTAATCCCAGCACTTTGAGAGGCTGAGGCAGGAGGATTGTTTGAGGCCAGGAGGTCAAGACCAGCCTGGGCAACATAGGGAGACCCTATCTCTACAAAAAAATTTAAAAA"
"chr1","41232449","41232720","chr1","39924046","39924318","9","1308403","GGCCAGGTACTGTGGCTTACGTATGTAATCCCAGCACTTTGGGAGGCTGAGGCAAGAAGATCACTTGAGGCCAGTAGTTCAAAACTGGCAAGGGCAACATAGTGAGAACTCATCTCTACCAAAAATTTAAAAATTGGCCAGACATGGTGGCACATGCCAGTAGTCTTAGCTACTTGGGAGGCTGAGGCAGGAGGATTGCTTGAGCCCAGGAGTTCAAGGGTTCAGTGAGCTATGATTGTGCCACTGCACTCCAGCCTGAGTGACAGAGCAAG","GGCCAGGTACTGTGGCTTATGTCTGTAATCCCAGCACTTTGGGAGGCAGAGGCAAGATGATCACTTGCGGCCAGTAGTTCAAAACTGGCCAGGGCAACATAGTGAGAACTCATCTCTACCAAAAATTTAAAAATTGGCCAGACACGGTGGCACATGCCAGTAGTCTTAGCTACTTGGGAGGCTGAGGCAGGAGGATTGCTTGGAGCCCAGGAGTTCAATGGTTCAGTGAGCTATGATTGTGCCACTGCACTCCAGCCTGAGTGACAGAGCAAG"
"chr1","41345851","41346038","chr18","11988555","11988738","43","29357296","TTTTTTAAATAGGCATTGTGGCACACACGTGTAAGTCTTAGCTACTCAGGAGGCTGAGGCAGAAGGATCTCCTGGGCCCAGGAGTTTGAGGCTACAGTGAGCTATGATCACACCACTGCACTCCAGCCTGGGCAACAGAGGGAGACCCTGCCTCAAAAAAATTATAATAATAAAAAACACAAGAAAAA","ATTAGCCAGGCATGATGGTACATGCATGTAGTCCTACCTACTCAGGAGGCTGAGGCAGGAGGATTGCTTGAGCCCAGGAGTTTGAGATTACAGTGAGCCATGATGATGCCACTGCACTGCAGCCTGGGCAACAGAGCAAGATTCCATCTCTAAAAAATGCTAAAAAAAAAAAAAAAAAAAAAAA"
"chr1","41346342","41346476","chr8","26277262","26277394","28","15069080","GGCTGGGTGTTGTGGCTTATGTCTGTAATCCCAACAACTCCGGAGGCTGAGACAGGAGAATCACTTCAGGCCAGTAGTTTGAGACCAGCCTTGGCAACACAGTGAGACTCTGTCTCTAAAAAAAGGGTTTTTTAA","GACCAGGCACAGTGGCTCACGTCTGTAATCCCAGCACTTTGGGAGGCTGAGACAGGAGGATCCCTTGAGTCCAGGAGTTTGAGACCAGCCTGGGCAACATAGGGAGACCCTGTCTCTAAAAAAAGTTTAAAAA"
"chr1","41353866","41354169","chr1","40044129","40044434","26","1309737","GGCCAGACATGATGGCTCATGTCTGTAATCCCAGTGCTTTGGAGGGCCAAGGCAAGAGGATTGCTTGAGGCCAGGAATTTGAGACCAGCCTAGGCAACATAGTGAGACCTCCATCTCTACATAAGATTTTTTTTTTAATTAGCCAGGTGTGGTGGTGCACAACTAGAGTCCTAGCTACTTGGGGGACTGAGTAGGAAGGGTCCCTTGAGCCCAAGAGTTCAAGGCTACAGTGAGCTATAATCCTGCCACTGCACTCCAGCAATGAACAGAGTGAGACCCTGTCTACTTAAAAAAGAAAAACAAA","GGCCAGACATGATGGCTCACATCTGTAATCCCAGTAATTTGGAGGGCCAAGGCAGGAGGACTGTTTGAGGCCAGGAATTTGAGACCAGCCTGGGCAACAGTGACACCTCCATCTCTACATAAGATTTTTTTTTAAATTAGCCAGGTTGGTGGTGCACAACTAGAGTCCTAGCTACTTGGGGGACTGAGGAGACGGGGTCCCTTGAGCCCAAGAGTTCAAGGCTACAGTGAGCTATAATCCTGCCACTGCACTCCAGCAAAGAACAAAAGAGTAAGACCCTGTCTCTTTAAAAAAGAAAAAAACAAA"
"chr1","41579998","41580283","chr1","40282162","40282429","33","1297836","GACTGGGCCTGGTGACTCTCACTTGTAATCCGAGTACTTTGGGAGGCTGAGGTAAGAGGATCACTTCAGGCCTGGAATTCAAGACTAGCCTGGGCAACATAGCAAGACTCTGTCTCTGCAAAAACACTAAAAATTAGCCAGGCATGGTGGTGCACGCCTGTAGTCCTGTAGTCTCAGGTACTTGGGAAGCTGAGGCAGAAGGATGGCTTGAGCCCAAGAGTTTGTAGTTACAGTGAGCTGTGATGGCACCACAGCACTACAGGCTGGGCAACAGAGCAAGGCTCTG","GGTGACTCACACTTGTAATCCAAGCACTTTGGGAGGCTGAGGTAAGAGGATCACTTGAGGCCTGGAGTTCAAGACTAGCCTGGACAACATAGCAAGACCCTGTCTCTGCAAAAACATTAAAAATTAGCCAGGCATGGTGGTGCATGCCTGTAGTCTCAGGTACTTGGGAAGCTCATGCAGAAAGATGGCTTGAGCCCAAGAGTTTGTAGTTACAGTGAGCTATGATCGCACCACAGCACTACAAGCTAGGCAACAGAGCAAGGCTCTG"
"chr1","41609190","41609339","chr9","22903436","22903588","38","18705754","CCTATAATCCCAGCACTTTGAAAGGCTGAGGCAGGGGGATCTTGAGCCCAGGAGTTGGAGGTTACAGTGAGCTGACTGCACCAATGCACTACAGCCTGGGCAACAGTGTGAGACCCTGCCTCAAAAAACCCCCACAAAAAACAACAAAAA","GCCTGTCATCCCAGAGCTTTGGCAGGCCAAGGCAGAAGGATTGCTTGAGCCCAGGAGTTTGAGGTTACAGTGAGCTATGATTGTGCCACTGCACTCCAGCCTGAGCAACAGAGTGAGACTGTCTAAAAATAATAAAAGAAAAAGAAAGAAGAA"
"chr1","41611938","41612061","chrX","8420728","8420853","27","33191210","TGGCTCAAGCCCATAATCCCAACACTTAGGGAGGCTCTGCTGTGGGAGGATCGCCTAAGGCCAGTAGTTCGAGAGCAGCCTGGTCAACATAGCGAGACCCCCGTCTCTGCAAAAAAAGTTAAAA","GCCCGGTGACTCATGCCTATAATCCCAGCACTTTGGGAGGTCGATGTGGGAGGATCGCTTGAGGCCAGGAGTTCAAGACCAGCCTAGGCAACATAGTGAGACCCTGTCTCTACAAAAAATTTAAAA"
"chr1","41691124","41691286","chr1","15446723","15446900","60","26244401","TCAAGACCAGCCTGGGCAACATTGTGAGACCCCATCTCTACAAAAACAAATTAGTTGAGCATGGTGTGTGCCTGTAGCCCTAGCTACTCAAGAGGATCGCTTGAGCCCAGTTCAAGGTTGCAGTGAGCTATATCACACCACTGCACTGCAGCCTGGATTACAG","GACCAGACTGGGCAACATAGTAAGACCCCATCTCTGAAAATGAAAACTGAAAAATTACACGAGCATGGTGGTGCACACTTGCAGTCTCAGCTACTCGGGAGGCTGAGGCAGGAAGATTCCTTGAGCCTTCACTTAGAGGTTAGTGAGCTATGATGGCACCACTGCACTCCAGCCTGGG"
"chr1","41751623","41751915","chr19","6351295","6351580","60","35400328","GGCCGGGCATGGTAATTCATGCCTGTAATCTCAGAACTTTGCGTGGCCAAGGCAAGAGGATCACTTTGAGGCTAGGAGTTCAAGACCAGCCTGGGTAACATAGCAAGACCCTGTCTCAACAAAAATGTTTTTAAAAATTAGCCCAGCATGGTGGCATATGCCTGTTGTCCTAGCTTTTAGGAGGCTGAGGCAGAAGGATTGCTTGCACCCAGGAGTTTGAGGTTACAGTGAGTTATGGTCATACCACTGCACTGCAACCTAGGCCACAGGGTGAGATACTGTCTCAAAAAAAA","GGCTGGGCATGATGGTTCATGCCTGTAATCCCAGTGCTTTGGGAGACTGAGGATTGCTTGAGTTCAGGAGTTCAAGGCCAGCCTGGGCAACATAGCAAGACCCCATCTCTACAAAAAAAATTTTACAAAATTGCCAAGCATGGAGGCTTATGCCTGTAGTCCCAGCTAGTTTGGAGGCTGAGGCAGGAGGAATGCTTGAATCCAGAAGTTTGAGGTTACAGTGATCTATGATTGTACCATTGCACTCCAGCCTAGGCAACAAAGTGAGACCCTGTCTCTAAAAAGA"
"chr1","42061587","42061722","chr16","47844971","47845103","24","5783384","CTGGGTGTAGTGGCTCATGCCTGTAGTCCCAGTTACTTGAGAGGCTAAGGCAGGAGGATCGCTTGAGCCCAGGAGTTTGACACCAGCCAGGGCAACATAGTGTAGACCCCATCTCCATTTTTAAGAACATTAAAAA","CTGGGTGTGGTGGCTCATGCCTGTAATTCCAGCACTTTGGGAGGCCAAGGCAGGAGGATCGCTTGAGTCCAGGAGTTTGAGACCACCCGGGGCAACACGGTAAGACCCTGTCTCTATTTTAAAAATTTAAAGA"
"chr1","42409622","42409706","chr1","41133475","41133564","5","1276147","TTGAGGTTATAGTAAGCTATGATTGTGCCACTACACTCCAGCCTGGGCAACAGAGCAAGACCCTGTCTCTAAATAAATAAATAAA","TTGAGGTTATAGTAAGCTATGATTGTGCCACTACACTCCAGCCTGGGCAACAGAAGCAAGACCCTGTCTCTAAATAAATAAATAAATAAA"
"chr1","42940178","42940443","chr1","41597237","41597483","30","1342941","GACGTGGTGGCTCACACCTCTAATCTCAACACTTTGGGAAGCCAAGGCAGGAGGATCACTTGAGGCCAGGAGTTCAAGACCAGTCCAGGCAACATAGTGAGAACTCCATCTCCACAAAAAATTTCAAAACTTAGCCAGGCATGGTGGCACGTGCTGTCATCCTGGCTACTCTGGAGAATCACCTGAGCCCAGTAGGCTATGAGAGCACCACTGCACTGGGCAAAAGGGCAAGATCCTGTCTCAAAAGAAATTTTTAAAGAAAAAAA","GGCGTGGTGGCTCACACCTCTAATCCCAACACTTTGGGAAGCCAAGGCAGGAGCACTTGAAGCCAGGAGTTCAAGACCAGTCTAGGCAACACAGTGAGAACTCCATCTCCACAAAAAATTTCAAAAACTTAGCCAGGCATGGTGGCATGTGCTGTCATCCTGGCTACTCTGGAGAATCACTTGAGCCCAGTAAGCTATGAGAGCACCACTGCACTGGGCAAAAGGGCAAGATCTTGTCTCAAAAAAA"
"chr1","42956871","42957010","chr1","41613056","41613210","22","1343815","GGCCAGGCACAGTGTCTCACACCTGTAACCCCAAAACTTTGGCAGGCCGAAGCAGGAGCATCACTTGAAGCCAGCATGGGCAACAGAACAAGGCCCCATCTCTACAGGAAATTTAAAATTAGCTGGCCATGGTGGCGTGC","GGCCAGGCACAGTGTCTCACACCTGTAATCCCAAAAGTTTGGCAGGCCAAAGCAGGAGGATCACTTAAAGCCAGGAGTTCGAGACCAGCATGGGCAACAGAGCAAGGCCCCATCTCTACAGAAAATTTAAAAATTAGCTGGCCATAGTGGCGTGC"
"chr1","43168153","43168445","chr1","41828827","41829120","13","1339326","GGGCACAGTGGCTCACACCTATACAACACTTGGGAGGCTGAGGCATGAGGATTGCTTGAGGCCAGGAGTTTGAGATCAGCCTGGGCAAGTAAAACCCCCTTCTCTACAAAAGATTTAAAACTTAGCCAACTGTGGCACTACACGCCTGTAGTCCTAGCTACTCATGAGACTGAGGCAGGAGGGTCACTTGAACCCAGGAACTCAGTGAGTAAGTGATGATCGTGCCACTGTACTCCAATCTGGGCAACAGAGTGAAACCCTGTCTCTAAAAAAAGAAAAGAAAAAAAAGAAAA","GGGCACAGTGGTTCACACCTATACAACACTTGGGAGGCTGAGGCATAAGGATTGCTTGAGGTCAGGAGTTTGAGACCAGCCTGGGCAAGTAAAACCCCCTTCTCTACAAAAGATTTAAAAATTAGCCAACTGTGGCACTACACGCCTACAGTCCTAGCTACTCATGAGACTGAGGCAGGAGGATCACTTGAACCCAGGAACTCAGTGAGTGAGTGATGATCATGCCACTGTACTCCAATCTGGGCAACAGAGTGAAACCCTATCTCTAAAAAAAGAAAGAAAAAAAAAAGAAAA"
"chr1","43197156","43197450","chr1","41855302","41855593","18","1341854","GGCCAAGTGTGGTGGCTCACACCTGTAATCCTACCACTTTGGGAGGCCAAGGTGGGAGGATTGCTTGAGGCCAGGAATTTGAGACCAGCCTGGGCAACACAACAAGATCCCATCTCTACAATTTCTTTTTAATTAGCTAGGCATGGTGGCATTTGTCTTTGGTCCTAGCTACTCAGGAGGCTATGGCAGGAGGATTCCTTGAGCACAGGAGTTGGAGGTTACGGTGAGCTATGATCTTACCACTGCACTCCTGCCTGAGTGACAGAGCAAGACCCTGTGTCATAAATAAATAAAA","GGCCAAGTGTGGTGGCTCACACCTGAAATCCTACTACTTTGGGAGGCCAAGGTGGGAGGATTGCTTGAAGCCAGGAGTTTGAGACCAGCCTGGGCAACACAAGACCCCACTTCTACAATTTATTTTTAATTAGTTAGGCATGGCGGCATTTGTCTTTGGTCCTAGCTACTCAGGAGGCTATGGCAGGAGGATTCCTTGAGTACGGGAGTTGGAGGTTACGGTGAGCTATGATCGTACCATTGCACTCCTGCCTGAGTGACACAGCAAGACCCTGTGTCATAAATAAATAAAA"
"chr1","43383498","43383609","chr13","32556750","32556867","29","10826748","GGGCATGGTACCTCAGGCCTGTAATCCCAGCATCTTGGGAGACCAGGAATTTGAGACCAACCTGGGTAAAATAACAAGACCTCATCTCTACAAAAATTTCAAAATTAGCCGG","GGTGCTGTGGATCATGCCTGTAATCCCAGCACTTTGGGAGGCCTGCCAGGAATTCAAGACCAACCTGGGCAACATAGCAAGACTCTGTCTCAACAAAAAGGTTAAAAAATTAGCTGGG"
"chr1","43438914","43439076","chr1","42102542","42102704","5","1336372","GCATGCCTGTAGTCCCAACTACTCAGGAGGCCGAGACTAGGGGGTCTCTTGAGTCCAGGAATTTGAGGTTACAGTGAGCTATGATCAAGCCACTGCACTCCAGCCTGGGTGACAGAGCAAGACTCTGTCTCTAAAATAAATTTAAAAAGAAAGAGAGAAAGAA","GCATGCCTGTAGTCCCAACTACTCAGGAGGCCGAGACTGGAGAGTCTCTTGAGTCCAGGAATTTGAGGTTACAGTGAGCTATGATCAAGCCACTGCACTCTAGCCTGGGTGACAGAGCAAGACTCTGTCTCTAAAATAAACTTAAAAAGAAAGAGAGAAAGAA"
"chr1","43536963","43537079","chr7","56164759","56164878","21","12627796","GGCTGGGTATGGTTACTGATGCCTATAATCCTAGCACTTTGGGAGGCTAAGGCAGGAGGATTGCTTGAGGTCAGGAGTTTGAGAACAGCCTGGACAACATAGCGAGACCCTGTCTCT","GGCCAGGTGTGGTGGCTCATGCCTGTAATCATCCCAGCACTTTGGGAGGCCAAGGCAGGAGGATTGCTTGAGGCCAGGAGTTCAAGAGCAGCCTGGGCAACATAGCGAGGCCTCATCTCT"
"chr1","43537111","43537272","chr7","165137313","165137480","42","121600202","AAGCTGGTGTGATGGCATGAGCCTGTACTCCTAGCTATTCAAGAGGTTGAGGTGGGAAGATCACTCAAGCCCAGGAATTTGAGGTTAGAGTGAGCTATGATCATGCTACTGCCTTCCAACCTGGGTGACGGCAAGACGATGCTAAAAAAAAAGAAAGAAAAA","ATTAGCCAGGCATGGTGACACATGCCTGTAAGTCCTAGCTACTCAAGAGGCTGAGGCAGGAGAACTGCTTCAGCCCAGGAGTTCAAGGTTACAGTGAGCTACGATCATGCCACTGCACTCCAGCCTGGGTGACAGGGCAAGATTCTGTCTCTAAAAAAAAAAAAAAAA"
"chr1","43559863","43559994","chr16","47844971","47845103","27","4285108","GGTGTAGTGGTTCATGCCTATAATCCCAGTACTTTGGGAGGCCAAAGCAGGAGGATTACTGGAGTTCAGGAGTTCGAGACTAACCTAGGCAACATGGCGAGAACTTGTCTCTATTTTTCAAAAATGTAAAAA","CTGGGTGTGGTGGCTCATGCCTGTAATTCCAGCACTTTGGGAGGCCAAGGCAGGAGGATCGCTTGAGTCCAGGAGTTTGAGACCACCCGGGGCAACACGGTAAGACCCTGTCTCTATTTTAAAAATTTAAAGA"
"chr1","43708778","43709075","chr1","42435340","42435616","40","1273438","GCTGGATACAGTGGCTCACGCCTGTAATCTCAGCACTTTGGGAGGCCAAGGCAGGAGGATTGTTTAAGACCAGGAGTTCGAGACCAGCCTGGACAACAAAGCAAGACCCCCCATTTCTACAAAAACATTAAGAAATGTACCAGGTGTGGTGGTGCATGCCTGTAGTCCCAGCTACTCAGGAGGCTGAGGCAGGAAGATCACTTGAGCCCAGGTGTTCAAGGTTATAGTGAGCTGTGATCATACCACTGCATTCCAGCGTGGACTACAGAGTGAGATCCTGTCTCTAAAACAACAAAAA","GCTGGATACAGTGGCTCATGCCTGTAATCTCAGCACTTTGGGAGGCCAAGGCAGGAGGATTATTTCAGACCTGGAGTTCGAGACCAGCCTGGACAACAAAGCAAGACCCCCATTGCTCCAAAAAAATTAAAAAATTTGCCAGGTGTGGTGGTGCATGCCTGTAGTACCAGCTACTCAGGAGGCTGAGGCAGGAGGATCACTTGAACCCAGGTGTTCAGGATTATAGTGAGCTGTGATCACATCACTGCATTCCAGCCTGGACTACAGAGTGCAGACC"
"chr1","44014911","44015197","chr1","42831018","42831314","25","1183893","GGCCAGGCCCAGTGGCTCACACCTGTAATCCCAGCACTTTGGGAGACTAAGGTGAGAAGATCACTTGAGGCCAGGAGTTTGAGACCAGCCTAGACAACATAGTGAGACTTCGTCTCTACAAAATTTCTTTAATTAGCCAGGCATGGTGGCACCTGTATTCCTCGCTACTTGGGAGGCTAAGGTGGGAGGATGGCATGAGCCTAGGAGTTTGAGGTTACAGTGAGCTATGATTGCACCACTGCACTCCAGCCTGGGCAACAGATCGACTTTGTCTCAAAAAAAACAAA","GCTAGGCCCAGTGGCTCACACCTGTAATCCCAGCACTTTGGGAGGCTAAGGTGTGAAGATCACTTGAGGCCAGGAGTTTGAGACCAGCCTAGACAACATAGTGAGACTTCGTCTCTACAAAATTTCTTTTTTTTAATTAGCCAGGCATGGTAGCATGTGCCTGTATTCCTAGCTACTTGGGAGGCTAAGGTGAGAGGACGGCATGAGCCTAGGAGTTTGAGGTTACCGTGAGCTATGATTATACCACTGCACTCCAGCCTGGGCAACAGATCAAGATTTTGTCTCCAAAAAAAAAAA"
"chr1","44086922","44087222","chr12","87829978","87830283","55","43743056","GGCTAGGCACAGCAGCTCATGCCTGTAATCCCAGTACTTTGGGAGGCTGAGGTGGGAGGATCACTTGAAGTCAAGAGTTTGAGACCAGCCTGGACAACATAACAAGATCCTGTTTCTACAAAAAAATTTAAAACAATTAGTCAGGTATGGTGGCATGCACCTGCAGTCCTAGCTACTTGGCAGGCTGAGGTGGGAGATCACTTAAGCCCAGAAGTTGAAGGTTACATTGAGCTATGATCATGCCTCTGCACTCCAGCCTGGGCAACAGAGTGAGACCCTGTCTCTTAAACAAAACAAAAAA","GGCTAGGCACAGTGGCTCATGCCTGTAATCCCAGCACTTTGGAAGGCCAAAGCGGAAGGATATCTTGAGTGCAGGAGTTTGAGACCAGCCTGGGCAGCATAGCAAGACCCAGACTCTACAAAAAATTTAAAAAATTAGCCAGATATGGTGGCACGCACTTGTAGTACTGGCTACTTGAGAGGCTGAGGCAGGAGGATCTCTTGAGCCCAGAAGTTTGAGGTTGCAGTGAGCTATGATCATGCCACTGCAATCCAGCCTGGCAACAAAGTGAGACCCTGTCCTCAAAATAAAAAAATAAAAATAAAA"
"chr1","44333995","44334269","chr14","65763633","65763910","64","21429638","GACTGGGTGCATTGGCTCACTTCTATAATCCCATCACTTTGGGAGGCTGAGGTTGGAGGATCACTGGAGGCCAAGAATTTGAGACCAACCTGGGCAACATTGCAGGACTTCATTTCTACAAAAATAAAAACACCAGATGTGGTGGTGTACACTTGCAGTCCTGGCTACTCGGGAGGTTAGGGCAGGAGGATTGCTTGAGCCCAGGAGTTCGAGGCTACAGTAAGCTATGATCACACCACTGTGCTCCAGGCTGGGCAGCAGAGCAAGGATCTTGT","GGCTGGGCTCAGTGGCTCATGACTGTAATCTCAGCCTTTTGGGAGGCTGAGGCCAGAGGATCACTCGAGGCCAGGAGTTTGAGACCATCCTGGTCAACAAAGCAAGATCTGTCTCTATGAAAAAACTTAAAAATTAGCCAGGTGTGGTGGTGTGTGCCTATAGTCCTAGCTACTCGGGAGGCTAAGCCAGGAAGACTGCTTAAGCCCAGGAGCTTGTGGATGCAGTGAGCTATGATCACACCACTACACTCCAGCCTGGGCAACAGAGCAAGACCCTG"
"chr1","44404204","44404492","chr1","43228372","43228655","19","1175832","GGCTAGGCATGGTGGTTCATGCCTGTAATCCTAGCACTTTGAGAGGCCAGGAATTTGAGACCAGCCTGTGCAACATAGTAAGATCCTGTCTCCAGAAAAAATTTAAAAATCAGCCAGGCATGGTGGCATGGGCCTGTAGTCCTAGCTATTTGAGAGGCTGAGGTAGGAGGATTGCTTGAGCCCATTAAGTTTGAGGTTACAGTAAGCCATTATCACATCACTACACCCCCGCCTGGGCAACAGAGCAAGACTCTGTCTAAAAAAAAAGAAAAGAAAAGAAAGAAAAAAA","GCTAGGCATGGTGGTTCATGCCTGTAATCCTAGCACTTTGAGAGGCCAGGAATTTGAGACCAGCCTGTGTAACATAGTAAGATCCTGTCTCCAGAAAAAATTTTAAAAAATCAGCCAGGCATGGTGGCATGGGCCTGTAGTCCTAGCTCTTTGGGAGGCTGAGGTAGGAGGATCGCTTGAGCCCATAAAGTTTGAGGTTACAGTGAGCCATTATCACACCACTACACCCCAGCCTGGGCAACAGAGCAAGACTCTGTCTGAAAAAAAAAGAAAAGAAAAAGAAA"
"chr1","44405458","44405602","chr7","44405885","44406024","27","427","GGCCGGGTGCCATGACTCATACCTGTAATCCCAGCACTTTGGGAGGCTGAGGCTGGTTGATCACTTGAGCCCAGGAATTCTAAACCAACCTGGGCAACACAGGAGGACCCTGTCTCTACAAAAATTTTTTTTAAAAATTAGTCAG","GGCCAGGTACCTTGGCTCACACCTGTAATTCCAGCACTTTGGGAGGCTGAGGCAGGAGGACCACTTGAGGCCAGGAGTTTGAGGCCAACCTGGGCAACAAAGCAAGACCCCACCTCTACAAAAATTTTTTAAAAATTAGC"
"chr1","44414183","44414477","chrX","40310477","40310741","85","4103706","GCTGGGTATGGTGGTTCACATCTGGAATTCCAGCACTTTGAGAGACTGAGGAGGGAGGATTTCTTGAGGCTGGGGGAATTATTTGAGGCCAGGAGTTTGAGACCAGCCTGGGTAATGTCACGAGGCCTTGTCTCTACAAAAAAATTAAAAAATATTATCCAGGCATAGTGGTGCACACGTGTACGGCATGTGGTATAGCTACTCAGGAGGCTGAGGTAGGAGGATCACTTAGGCCCAGGNTTTCAAGGTTACAGTGAGCTATGATTGTGCCACTGTACTCTAACCTGGGCAACAG","GGCTAGGCACAGTGGCTCATGACTCTAATCCCAGCGCTTTGGGAAGCTGAGGAAAGAGGAAAGCCTGCGGCCAGGAGTTCAAGACCAGCCTGAGCAACATGGTGAGACCCCCGTCTCTACAAAGAATAAAAAAAATTATCCAGGCATAGTGGCACATGCCTCAAGTTCTAGCTACTCAGAAGGCTGAGGCAGGAGGATTGTTTGAGCCCAGGAGTTCAAGGTTACAGTGAGCTATGATTGCACCACTGTACTCTAGCCTAGGCAA"
"chr1","44432175","44432489","chr8","69589450","69589756","73","25157275","GGTCAGGCATGATAGTTCACACGTATAATTCCAGCACTTTGGGAGGCTCAGGCAGGAGGATCATTTGAGGCTAGGAGTTCGAGACCAGCCTGGGCAACATAGCAAGACTCTGTCTTTACCAAATAATAATGGTAAATAATTTAAAAATCAGGTAGGCATGGTGGCATGTGCTTGTAGTCCTAGCTACTCTGGAGGAGGCTGAGGTAAGAGAATCAGTTGAGCCTAGGAATTCAAGATTGCAGTAAGTTATGATCACATCACAGCCCTCCAGCGTGGGCAACAGAGCAAGACTGTCTCCTAAAAAAACAAACAAAA","GGCCAGGCATGGTGGTTCACACGTGTAATCCTAGCACTTTGGGATGCAGAGGCAGGAGAATCATTTGAGCCCAGGAGTTGGAGGCCAGCCTGGACAACATAAGGAGACCTATCTCTACAAAAAATAATTTTTTAAAAATTATCTGGGCATGGTGGCATGTGCCTGTGGTCCTAGCTACTAAGGAGGCTGAGACTGGAAGATCACTTGAGCCCAGGAGTTCAAGGTTACAGTGAGCTATGACTGCACCACTGCACTTCAGCCTGGGTGGCAGAGTGAGACTTTGTCTTAAAACAAAAACAAACAAAAA"
"chr1","44713215","44713342","chr2","104708095","104708220","26","59994880","GTGGTGGCTTATGCCTGTTAATCCCCCACGCTATGAGAGGCTGAGGCGGGAGGATCACTTGGGGCCAGTAGTTTGAGACCAGCCTGGGCAACATGGCAAGACTCCATGTCTACAAAAAAATGCAAAAA","GTGTAGTGGCTCACACCTGTAATCCCAACACTGGGAGGCTGAGGCAGGAGGATCACTTGAAGCCAGGAGTTTGAGACCAGCCTGGGCAACATAGGGAGACCCCATCTCTACAAAATATTTTAAAAT"
"chr1","44755697","44755995","chr3","42185773","42186069","60","2569924","GCTGGGTGTGGTGCCTCATGCCTATAATCCTAGCACTTTGGGAGGCAGAGGCAGAAGGCTTGCTTGAGCCCAGGAGTTTGAGCCCAGCCTGGGTAACATAGCAAGGCCTCATCTCTACAAAAAAAATTTTTTTTAATTAGCTGGGTGTGGTGGCATGCCCCGTAGTCCTAGCTACTCAGGAGGATGAGGCGAGAGGATTGTTTGAGCTCACGAGTTTGAAGGTATAGTGGCCTATGATGGCACCACTGCACTCCAACCTGGGCAATAGAGTGAGACCCTGTCTCAAAAAAAAAAAAAAA","GGCTGGGTGCGGTAGCTCACGGCTGTAATCCCACCACTTCGGGAGGCCAAGGCGGGAGGATTGCTTGAGCCCAGGAGTTTGAGACTAGCCTGGGCAGCATAGCAAGACCCCATCTCTAAAAAAAATTTTTTTAATTAGCCGGGGGTGGCGGCATGCGCCTGTAGTCCTAGCTACTAGGGAGGCAGAGGTCGGAGGATCTCTTCAGCCCAGGAGTTTGAGGCTACAGTGAGCTATGATCACGCCACTGCACTCCAGCCTGGGCAACAGAGCAAAATCCTGTCTTGAAGGAAAAAAAAA"
"chr1","44859995","44860167","chr1","67375798","67375978","46","22515803","GCCTGACATGGTGGCTCATGCTTGTAATCCCAGCACTTTGGGAGGCTGACAGGAGGCTCACTTGAGGCCAAAAGATCAAGACCAACCCAGGCAACATAGCAAGACCCTGCCTTCCTAAAAAATAAAAAATAAGTTACAGGGGCACACCTGTAGTCCTAGACACACAGGAGGCT","GACTGAGCATGGTGGCTCATGCCTGAAATCCCAGCACTTTGGGAGGCTGAGGTGGGAGGAGCACTTGAGGGCAGGAGTTTAAGACCAGCCTGGGCAACATAGTGAGACCCTGTATCAACAACAACAACAAAAAGTAGCCAGGTGTGGCAGCACACACCTGCAGTCCTAACTACTCAGGAGG"
"chr1","44878903","44879181","chr1","43764034","43764322","18","1114869","GGCTGGGCACAGTGGCTCACACATGGATTGCCAGCACTTTGGGAGGCCGAGGCAGGAGAATCACTTGAGGCCAGGGGTTCAAGACCAACCTGGGCAACATGGCAAGACCCTGTCTCTACAAAAAAAAAAAAAGTAAAAATTAGCCGGGCATGGTGATATGCACCTGTAGTCCTAGCTACTCAGAAGCCTGAGGCAGGAGGATTGCCTGAGCCCAGGACATGGACACTGCACTCAAGGGCAACAAAGTAAGACCCTGTCAAAAAAAAAAGAAGAAAAGAA","GGCCGGGCACAGTGGCTCACACATGGATTGCCAGCACTTTGGGAGGCCAAGGCAGGAGAATCATTTGAGGCCAGGGGTTCAAGACCAACCTGGGCAACATGGCAAGACCCTGTCTCTACAAAAAAAAAAAAAAAGTAAAAATTAGCTAGGCATGGTGATATGCACCTGTAGTCCTAGCTACTCAGAAGGCTGAGGCAGGAGGATTGCCTGAGCCCAGGACGTGGACACTGCACTCCAGGGCAACAAAGTAAGACCCTGTCAAAAAAAAAAAAAGAGAGAAAGAAGAAAA"
"chr1","45022855","45022974","chr2","52806357","52806489","30","7783502","GGCTGGGCACGATGGCTCGTGCCTATAATCTCAGCACTTTGGGAGGCTGAGGCTTGAGGCAGGAAATTGGGACCAACCTGGTCAAGATACTGAGACCCAACTCTACAAAAAAACCAAAAA","GGCCAGGCACGGTGGCTCCTGCCTATAATCCCAGCACTTTAGGAGGGCAAGGCAGGAGGATTGCTTGAGGCCAGGAGTTTGAGACCCACCTGGGCAACATAGGTAGACCCCATCTCTACAAAAAAATCAAAAA"
"chr1","45190873","45191167","chr1","44080201","44080496","16","1110672","GTGGTGGCTCATGCCTGTCATCCCAGCACTTTGGGAGGCCAAGGTGGGAGGATCACTTGAGCCCAGGAGTTCCAGATCAGCCTGGGCAACATGGTGAGATCCTGACTCTACAAAAAATTAAAAAACTAGTTGGGCATGGTGGTGCACACCTGTAGTCCTAGTTACTTGGGAGGCTGAGGTGGGAGGATCCTTTGAGCCCAGGAGTTTGAGGTTACAGCTAGCTATGATTGCGCCACTGCACTCCAGCCTGGGCAAGAGAGTGAGACCTCATCTCAAAAACAAAAACAAAAACAAA","GTGGTGGCTCATGTCTGTCATCCCAGCACTTTGGGAGGCCAAGGTGGGAGGATCACTTGAGCCCAGGAGTTCCAGATGAGCCTCGGCAAAATGGTGAGATCCTGTCTCTACAAAAAAATTAATAAAACTAGTTGGGCATGGTGGCGCACACCTGCAGTCCTAGCTACTTGGTAGGCTGAGGTGGGAGGATCCTCTGAGCCCAGGGGTTTGAGGTTACAGCTAGCTATGATTGCGCCACTGCACTCCAGCCTGGGCGACAGAGTGAGACCTCATCTCAAAACAAAAACAAAAACAAA"
"chr1","45231099","45231383","chr1","44122296","44122547","50","1108803","GGCCAGGCGCAGCAGCTCATGCCTGTAATCCCAGCATTTTGGGAGACTGAGGCAGGAGGACTGCTTGAGGCCAGGAGTTTGAGACCAGCCTGGACAATACGGTGAGACCCCGTCTCTACTAAAAATTAAAAATTAACTGGGCATGGTGGTGCACACCTGTAATCCTAGCTACTGGGGAGAGTGAGGCAGGAGAATCACTCGAACTCAGGAGGTTGAGGCTACTGTGAGCAGTGTTCACGCCTCTGCACTCCAGCCTGGTTGACAAAGGGAGACCCTGTCTCAAAA","GCCAGGTGCAGCAGCTCATGCCTGTAATCCCAGCACTTTGGGAGGCTGAGGGAGGAGGATTGCTTGAGGCCAGGAGTTTGAGACCAGCCTGGACAATTAGCTGGGCATGGTGGTGCACACCTGTAATCCTAGCTACTAGGGAGAGTGAGGCAGGAGGATCACTCGAACTCAGGAGGCTGAGGCTACGGTGAGCAGTGTTCACACCTCTACACTCCAGCCTGGTTGACAAAGGGAGACCCTGTCTCAAAGAAA"
"chr1","45401665","45401963","chr5","127204077","127204375","50","81802412","GGCCAGGTGCAGTGGCTCATGCCTGTAACCCCAGCACTTTGGGAGGCCAAGGCAGGAGGATTGCTTGAGGTCAGAAGTTCAAGACCAGCCTGGGCAGCATAGCAAGATTTCATCTCTACAAAAATTTAAAAATTAGCCAGCTGTGGTAGTATGCTTCTGTAGTCCTAGCTACTTGGGAGGCTGAGGCAGGAGGACTGCTTGATTCCAGGAGTTCAAGACTTCAGTGGCCCTCGATTGCACCACTGCACTCCAGCCTGGGACACAGAGCAAGACACTGTCTCAAAAAAAAAAAAAAAAAA","GCCTGGTATAGTGGCTCACGCCTATAACCCCAGCACTTTGGGAGGCCAAAGCGGGAGGACTGCTTGATGCCAGAAGTTCAAAACCAGCCTGGGCAACATAGCAAGACCCCATCTCTACGCAAAATTTAAAAACTTAGCCGGGAGTGGTATCTGGTGCCTGTAGTTCTAGCTACTCAGGAGGTTGAGGCAGGAGGATTACTTGAGCCCAGGAGGTCAAGGCTACAGTGAGCTGTGATGGCACCACTGCACTCCAGACTGGATGACAGAGCAAGACCCTGTCTCTAAAAAAAAAAAAAAAA"
"chr1","45542085","45542386","chr1","44438619","44438917","46","1103466","GGCCAGGTGCAGTGGCTCATGCCTGTAATCCCAGCACTTTGGGAGGCTGAGGTGGGAGGACTGCTTGAGGCCAGGAGTTCAAGACCAGCCTGGGCAACACAGTAAAATCCCCATCTCTATAAAATTTTTTTAAAAATTAGCTGGGCCTGGTGGTGTGCGCCTGTAGTCCTAGCTACCTGAGAAGCTGAGGCAGGAGGACTGTTGGAGCTCAGGAGTTTGAGATTGTAGTGAGCTGTGATCATGCCACTGTACTCCAGCCTGGGCAACAGAGGGAAACCCTGTCTTGAAAAAAAACAAAAAAA","GGCCAGGTGCAGTGGCTCATGCCTGTAATCCCAGCACTTTGGGAGGCTTCAGGCCAGGAGTTCAAGACTAGCCTGGGCAACATAGTGAGATCCCTATCTCTATAAAAATTTTTTTAAAAATTAGCTGGGCCTGGTGGTGTGCGCCTGTAGTCCTAGCTACTCGGGAAGCTGAGGCAGGAGGGTTGCTGGAGCTCAGGAGTTTGAGGTTGTAGTGAGCTGTGATCATGCCACTGTACTTCAGCCTGGGCAAGAGAGGGAAACCTTGTCTTGAAAAAAAAAAACAAAAAACAAAACAAAAA"
"chr1","45697593","45697856","chr1","44604806","44605072","16","1092787","GTGACTCACACCTGTAATCCTAACACTTTGGGAGGCTGAGGTGGGAAGATCACTAGAGGACAGGAGTTTGAGACCAGCCTGGGCAACATAGTGAGACCCTGTCTCTGCAAAAATTTAAAAACTAGCTGGACATGGTGGCACCCCCCTGTAGTCCCAGCTATCAGGAGGCTAAAGCAAGAGGATTGCTTGAGCCCAGAAGTTTGAGGTTACAGTGAGCTATCGTGCCACTGCCTGGATGAGAAAGTGAGACCCTATCTCTAAAAA","GTGACTCACACCTGTAATCCTAACACTTAGGGAGGCTGAGGTGGGAAAATCAGTTAGAGGACAGGAGTTAGAGACCAGCCTGGGTAACATAGTGAGACCTTCTCTCTGCAAGAAATTTAAAAACTAGCTGGGCATGGTGGCACCCACCTGTAGTCCCAGCTACTCAGGAGGCTAAAGCAAGACAATTGCTTGAGCCCAGGAGTTTGAGGTTACAGTGAGCTATCGTGCCACTGCCTGGATGAGAAAGTGAGACCCTGTCTCTAAAAA"
"chr1","45792176","45792463","chr1","44700288","44700574","17","1091888","GGCCGGCACAATGGCTCATGCCTATAATCCCAGCATTTTGGGAGGCCAAGGCAGGAGAATCGCTTGAGGCCAGGAGTTTGAGATCAGCTTGGGCAGCATAGCAATATCTTATCTCTACAAAAAAATTTTAAAAATTAGCTGGGCATGGTGGCAAGCGCTTGCACCCCTAGCTACTCTGAAGACTGAGGTGGGAGGATTGCTCGAACCCAGGAGCTTGAGGTTACAGTGAGCCTTGATTGCACCGCTGCACTCCAGCTTGGGTGACAGAGTGAGACCTTGTCTCAAAAA","GGCCGGCACAGTGACTCATGCCTACAATCCCAGCATTTTGGGAGGCCAAGGCAGGAGAATCACTTGAGGCTAGGAGCTTGAGATCAGCTTGGGCAGCATAGCAATATCCTATCTCTACAAAAAATTTTAAAAATTACCTGGGCGTGGTGGCAAGCACTTGCACCCCTAGCTACTCTGGAGGCTGAGGTGGGAGGATCGCTCGAACCCAGGAGTTTGAGGTTACAGTGAGCCTTGATTGCACCACTGCACTCCAGCTTGGGTGACAGAGTGAGACCTTGTTTCAAAAA"
"chr1","45869254","45869571","chr1","44786069","44786378","25","1083185","GGCCAGATGCAGTGGCGCATGCCTGTAATCCCAAGGCTTTGGGAGGCCAAAGTGGAGGATCCCTTGAGGCCAGGAGTTCTAGACCAGCCTGGGCAACAGAGCAGACTGGAGACCCCATCTCTACACAAGAAATAAAAAATAGCAGGGATTAGTGGCCTACACCCTGTAGTCCTAGCTACCCTGAAGGCTGATGTAGGAGGATTGATTGAGCCCAGAAGTTCAAGGTTACAGTAAGCTATGATCATGCCACTGCACTCTAGCCCAGGCAACAGAGCAAGACCCTCTCTAAAAAAAAAAAAAAAAGAGAGAGAAAGAAAA","GGCCAGATGCAGTGGCGCATGCCTGTAATCCCAAGGCTTTGGGAGACCAAAGTGGGAGGATCCCTTGAGGCCAGGAGTTCTAGACCAGCCTGGGCAACAGAGCTGACTGGAGACCCCATCTCTACACAAGAGATAAAAAAAATAGCAGGGATTGGTGGCCTACACCCTGTAGTCCTAGCTACCCTGAAGGCTGATGGAGGAGGATTGCTTGAGCCCAGGAGTTCAAGGTTACAGTAAGCTATGATCATGCCACTGCACTCTAGCCTGGGCAACAGAGCAAGAACCTCTCTCAAAAAAAAAGAAAAAGAAA"
"chr1","45881772","45882082","chr1","44798389","44798699","17","1083383","GCTGGGCAAAGTGGCTCATGCCTGTAATCCCAGCACTTTGGAAGGTCAAGGCAGGAGGGTTTGCTTGAGGCCAGGAGTTTGGGAACAGCCTGGGCAACACAGTGGGACCCCATCTCTACAAAAAAATTTTAAAAATTTAGCCAGGCTTGGTGGCACATGCCTGTAGTTCTAACTACTGAGGAGGCTAAGGTGAGAGGATCTCTCGAGTTCAGGAATTTGAGGTTACAGTGAGCTATGATCACATCACTACGCTCCAGCCTGAGTTACAGAGTGAGATCCTGTCTCTAAAAAAAGAAAAAGGAAAGGAAGAA","GCTGGGCAAAGTGGCTCATGCCTGTAATCCCAGCACTTTGGAAGGTCAAGGCAGGAAGTTTGCTTGAGGCCAGGAGTTTGGGAACAGTCTGGGCAACACAGTGGGACCCCACCTCTACAAAAAAAATTTTAAAAACTTAGCCAGGCTTGGTGGCACACGCCTGTAGTTCTAACTACTGAGGAGGATAAGGTGAGAGGATCTCTTGAGTTCAGGAATTTGAGGTTACAGTGAGCTACGATCACACAACTACACTCCAGCCTGAGTTACAGAGCAAGACCCTATCTCTAAAAAAAGAAAAAGGAAAGGAAGAA"
"chr1","45945492","45945689","chr1","44852303","44852496","23","1093189","TCTACAAAAAAAATTTAAAAATTTTGTCAGACATGGTGGCTTGTGTCTGTAGTCCTAGCTACTCAGGAGGCTGAGGCAGGAGCATCACTAGAGCCCAGGAGTTTAAGGTTGCAGTGAGCTATGATTGCAGCACTCTAGCTTGGGTAACAGAGGGAAACCCTATCTCAAAATCAAAAAAAGAAAGAAAGAAGAAAGAAA","TCTACAAAAAATTTTTAAAATTAGTCAGACGTGGTGGCATGTGCCTGTAGTCCTAACTACTCAAGAGACTGAGGCAGGAGGATCACTAGAGCCCAGGAGTTCGAGGTTGCAGTGAGCTATGATCACTACACTCTAGCTTGGGTAACAGAGGGAAACCCTGTCTCAAAAGCAAAAACAGAAAGAAAGAGAAAGAA"
"chr1","45945982","45946113","chr1","44852775","44852896","15","1093207","CTGGGCACAGTGGCTGTTGCCTGTAATCCCAGAACTTTGGGAGACTGAGGTGGGAAGATCGCTTGAAGCCAGGAGTTTGAGACCAGCTTGGGCAACATAGTGAGACCCTGTCTCTATAAAACACCCCCCCCC","GGCACAGTGGCTCTTGCCTATAGTCCCAGAACTTTGGGAGGCTGAGGTGGGAAGATCGCTTGAAGCCAGGAGTTTGAGACCAGCTTGGGCAACATAGTGAGACCCTGTCTCTATAAAAACCA"
"chr1","46100686","46100959","chr1","45022696","45022967","14","1077990","GCTAGGCATGGTAGCAAACACCTGTAGTCCCAGCTACTCAGGAAGCTGAGACAGGAGAATTGCTTGAGCCCAGGAGTTCAAGACAAGGCTGGGCAGCATAGCAAGACCCCATCTCTCAAAAAAATTTAAAAATTAGCCAGGCATGCTGGTGGTACATGCCTGTAGTCCTAGCCATTCAAGAGGCTGAGGCAGGAGGATCACTTGAGCCCAGCAGTTCCAGGTTACAGTGAGCTAAAGTTGTGCCACTGCACTCCAGCCTGGGCAACAAAGCAAG","CAGGCATGGCAGCATACACCTGTAGTCCCAGCTACTTAGGAAGCTGAGACAGGAGAACTGCTTGAGCCCAGGAGTTCAAGACAAGCCTAGGCAGCATAGTAAGACCCCATCTCTCAAAAAAATTTAAAACTTAGCCAGGCATGCTGGTGGCACATGCCTGTAGTCCTAGCCATTCAAGAGGCTGAGGCAGGAGGATCACTTGACCCCAGGAGTTCCAGGTTACAGTGAGCTAAAATTGTGCCACTGCACTCCAGCCTGGGCAACAAAGCAAG"
"chr1","46104968","46105261","chr1","45027269","45027562","15","1077699","GGCCAGGTACAGTGGCTCATGCCCGTAATCTCAATGCTTTGAGAGGCCAAGGTGGGAGGATTGCTTGAGGCAGGAGTTTGACACCAGCCTAGGCAACATAGCGATACACTATCTCTACAAAAAAATTTAAAAATTAGCTGGGTGTGGTGGCACATGCCTGCAGTCCTATCTACTTGTGAAGCTAAGATGGGAGGATCCCTTGAGCTCAGGAGTTCAAAGTTACAGTGAGTTATGATCATGCTACTGCACTCCAGCCTGTGTGACAAAATGAGACTCTATTAAAAAAAAAAAAAA","GGCCAGGTACAGTGGCTCATGCCCACAATCTCAATGCTTTGAGAGGTCAAGGTGAGAGGATAGATTGAGGCAGAAGTTTGACACCAGCCTAGGCAACATAGCGATACACTGTCTCTACAAAAAAATTTAAAAATTAGCTGGGTGTGGTGGCACACGCCTGTAGTCCTATCTATTTGTGAAGCTAAGATGGGAGGATCCCTTGAGCTCAGGAGTTCAAAGTTACACTGAGTTATGATCATGCCACTGCACTCCAGCTTGTGTGACAAAATGAGACTCTATTTAAAAAAAAAAAAA"
"chr1","46201950","46202178","chr1","45119337","45119566","19","1082613","GGCTGAGGTGTGAAGATCACTTGAGGTGGGAAGTTCAAGACCAGCCTGGGCAACATAGAGAGACACTGTCTCTACAAAAAAGTGAAGAAATTAGCAACGCTAGTGGTGCGTGCCTATAGCCCTAGTTACTCAGAAGACTGAGGTAGGAGGATCCCTTGAGGCCTGGAGTTTGAGATTACATTGAGCTATGATTATACCACTGCACTCCAGCCTGCACAATAGAGCAAGA","GGCTGAGGTGGGAAGATCACTTGAGGCCAGAAGTTAAAGACCAGACTGGGCAACATAGAGAGACACTGTCTCTACAAAAAAGTGAAAAAATTAGCAATGCATGATGGTGCGTGCCTATAGTCCTAGTTACTCAGAAGACTGAGGTAGGAGGATCCCCTGAGGCCTAGAGTTTGAAGTTACATTGAGCTATGATTATACCACTGCACTCCAGCTTGGGCAATAGAGCAAGA"
"chr1","46203556","46203781","chr1","45120983","45121202","9","1082573","AGGCTGGGTGGGAGGATCACATGAGGCCAGGGCAACGTAGTGAGACCCTGTCTCTACAAAAATAGAGGTGTTGTGCACCTGTAGTCCTAGCTACAATGGAGGCTGAGGTGGGAGGATCACTGAAGCCCAGGAGTTTGAGGTTACAGTTAGCTATGATTGTGCCACTGCACTCCAGCCTGGGTGACAAAGCGAGACCCTGTCTACTAAAAAAAAAAAAAAAAAAAAA","AGGCTGGGTGGGAGGATCACATGAGGCCAGGGCAACATAGTGAGACCCTGTCTCTACAAAATAGAGGTGTTGTGCACCTGTAGTCCTAGCTACAATGGAGGCTGAGGTGGGAGGATCACTGAAGCCCAGGAGTTTGAGGTTACAGTTAGCTATGATTGTGCTACTGCACTCCAGCCTGGGTGACAAAGCAAGACCCTGTCTCTAAAAAAAAAAAAAAAAA"
"chr1","46273366","46273664","chr1","45197587","45197881","27","1075779","GGCTGGGCATGGTGGGTTATGCCTATAATCCCAACACTTTGGGAGGCTGAGGCAGGAGAATAACTTGAGGCCGGGTTTGAGACCAGCCTGGGCAGCACAGCAAGACGGCCGTCTAAACAAAATAAAATTAGAGAACAAATTAGCCAGACATGGTGGCAGACATCTGGAGACCTAGCTATCTGAGAAGATGAGGCAGAAGGATTCCTTGAACCCAGGAGGCTGAAGATACAGTGAGCCCTGATCATGCCAGTGCACTCCGGCCTGGGCAACAGAGACAGAGATTCTATCTCTTAAAAAAA","GGCTCGGCATATTGGGTCATGCCTATAATCCCAACACTTTTGGAGGCTGAGGCAGGAGAATCACTTGAGGACAGGTCTGAAACCAGCCTGGGCAGCATAGCAAGACACCATCTAAACAAAATAAAATTAGAGAACAAATTAGCCAGACATGGTGGCAAACATCTGGAGACCTAGTTATCTGAGAAGATGAGGCCAGATTCCTTGAACCCAGGAGGCTGAAGATACTGTGAGCCCTGAATGTGCCAGTGCACTCCGGCCTGGGAAACGGAGACAGAGATTCTCTCTCTTAAAAAAA"
"chr1","46373254","46373389","chr1","45296786","45296921","17","1076468","GAGCGTAGTGGCTCCGAAAGATCTGTAATGCCAGTGCTTTGGGATGCCAAGGCAGGAGAATCGCTTAAGACCAGGAGTTTGAGATCAGTCTGGGTTACATAGCGAGACCCTAACCATAGAAAAAAAAAATTCAGGT","GAGTGCAGTGGCTCCCAAAGATCTGTAATGCCAGTGGTTTGGGATGCCAAGGAAGGATAATCACTTAAGACCAGGAGTCTGAGATCAGTCTGGGTTACAGAGCGAGACCCTAACCCTAGGAAAAAAAAAAAAATCA"
"chr1","46373970","46374100","chr1","45297504","45297636","8","1076466","AGTACAAAAAAGTTTTTTTTTAATTAACTGGGCAGGAGTTCAATGTTACAGTGAGCTATGATTATATCAGTGCACTCCAGCTGGGCAACAGAGCAAGACCTTGTCTCTTAAAAAATTAAAAAATAAATAAA","AGTACAAGAAAAAGTTTTTTTAAATTAACTGGGCAGGAGTTCAATGTTACAGTGAGCTATGATTATATCAGTGCTCTCCAGCATGTGCAACAGAGCAAGACCCTGTCTCTTAAAAAATTAAAAAATAAATAAA"
"chr1","46430745","46431056","chr1","45361216","45361525","24","1069529","GCTGGGTGTGGTGTCTTATGCTTGTAATTCGAGCACTTTGGGAGGCCAAAGTGGGAGTATCGCTTAAGGCCAGGAGTTCAAGACTAGCCTGAGAAATGTAGCAAGACCCCTTACTCCAATTAAAAAAAAAAAAAAAGACCATGCATGGTGGCATGCACCTGTAGTCCTAGGTACTTCGGAGCGTGAGGCAGGAGGATCACTTGAGTCCAGAATTCAAGGGTACAGTGAGCTAAGATCCTGCCAATGCACTCCAGCCTGGGTGAGAGAAAGAGAGCTTGTCTCTAAGAAACAGAACAACAAAAAACAACAAAA","GCCGGGTGTGGTGTCTTATGCCTGTAATTTGAGCAGTTTGGGAGGCCGAAGTGGGAGTATCGCTTAAGGCCAGGAGTTCAAGACTAGCCTGAGAAATGTAGCAAGACTCCTGTCTCCATTAAAAAAAAAGAAAAAAAGCCATGCATTGTGGCATGCACCTGTAGTCCTAGGTACTTCAGAGGCTGAGGCAGGAGGATCACTTGAGCCCAGAATTCAAGGTTATAGTGAGCTATGATCCTGCCAATGCACTCCAGTCTGGGTGAGAGAAAGAGAGCTTGTCTCTAAGAAACAGAACAACAACAAAAAAAAA"
"chr1","46777100","46777387","chr2","42436845","42437128","61","4340255","CTGGGTGTGGTGGCTCACATCTATAATCCCAGCACTTTGGGACGCCAAGGCAGGAGGATCCTTTGAGCTCAGGAGTTCAAGACCAGCATGGGCCACACAGTAAGACCTCATCCCTACAAAAAATCAAAAAATTAGCTAGGTATGGTGGCACACACCTATAGTCCTAGCTACTCAGGAGGCTGGGGCAGGAGGATCACTTGAGCCCAGGAGGTCACGGGTACAGTGAGCCATGTTTGTGCCACTGCATTCCAGTCTGGGTGACAGCAAGATCTTGTATCCAAAAAAAAA","GGGTGTGATGGCTCACGCCTGTATTCCCAACACTTTGGGAGGCTGAGGTGGGAGGAATGCTTGACGCTAGGAGTTCGAGACCAGCCTGGGCAACATAGCAAGACCTTGTATCTACAAAAAGTTTAAAAATTAGCTGGGTGTGATGGTACACGCCTGTAGTCCCAGCTACTAGGGAGGCTGAGGCGGGAGAATCACTTTAGCCCAGGAGTTTAAGGTTACAGTGAGCTGTGGTCCTGCCACTGTACTCCAGCCTGGGTGACAGTAAGACCCTGTCTCCAAAAAAA"
"chr1","46887357","46887644","chr1","45840826","45841115","27","1046531","GGCCAGGCACAGTGGCTCACACCTGTAATCCCAGCACTATGGGAGGCTGATGCAGGAAGACTTCTCAAGGCCAGGAGTTCAAGACCAGGCTGAGCAACACAGTGAGACCCCATCTCTAAAAAAAATTTTTTTAATTAGCTGGACATGCTCGTGTGCACCTGTAGTCCTACTCAGAAGGTTGAGGTGGGAGCATTGCTTGAGCCCAGGAGGTCAAAGTTACAGTGAGCCAAGATCACATCACTGTCCTCCAGCCTGGGTGACAGTGAGACCCAGTCTCTTAAAAAAAAA","GCCAGGCATGGTGGCTCACACCTGTAATCCCAGCAATATGGGAGGTTGATGCAGGAGGACTTCTGAAGGCCAGGAGTTCAAGACCAGGCTGGGCAACACAGTGAGACCCCATCTCTACGAAAAAAAAATTTTAATTAGCTGGACATGCTTGTGTGCACCTGTAGTCCTACTCAGAAGGCTGATGTGGGAGGACGCTTGAGCCTAGGAGGTCAAAGTTATAGTGAGCCAAGATCGCATCATTGTACTCCAGCCTGGGTGACAGTGAGACCCAGTCTCTTAAAAAAAAAAAA"
"chr1","46975793","46976070","chr1","45936470","45936751","18","1039323","GGCCTGGCACGGTGGCTTATACCTGTAATCCCAACCCTTTCAGAGGCTGAGGCAAGAGGATCTCTTGAAGCCAGGAGTTCAAGACCACCCTAGGCAACATAGTGAGATCCTGTCTACAAAATTAAGTAGCTGGGTGTGATGGTGTTCTCCTGTAGTCCTAGCTACTTGGGAGGTTAAGATAAGAGAATAACTTAAGCCCAAAGTTCAGGGGTTACATTGAGCTATGATCACTGAGTCTGGGACACATAGTTGAGACCCTGTATTTTTTAAAAGAAGAA","GCCTGGCACAGTGGCTTATACCTGTAATCCCAACACTTTCAGAGGCTGAGGCAAGAGGATCTCTTGAAGCCAGGAGTTCAAGACCAGCCTAGGCAACATAGTGAGATCCTGTCTCTACAAAAATAAGTAGCTGGGTGTGATGGTGTTCTCCTGTAGTCCTAGCTACTTGGGAGGCTAAGATAGAAGGATTTCTTAAGCCCAAAGTTCAGGGGTTACATTGAGCTATGATCACTGGGTCTGGGACACATAGTTGAGACCCTGTATTTTTTAAAAAGAGAAAAA"
"chr1","47227341","47227472","chr1","46171465","46171597","9","1055876","GGCCTAGCGAGGTGGCTCACACCTGTAATCCCCATGCTTAGGGAGGCCAAGGGAGGAGGATTGCTTAAGGCCAGGATTTCAAGAACAGCCTGGCTATAGCGAGACTCCATCTCTATTTTAAAAAACAAAAAT","GGCCCGGCGTGGCGGCTCACACCTGTAATCCCCATGCTTAGGGAGGCCAAGGCAGGAGGACTGCTTGAGGCCAGGATTTCAAGAACAGCCTGGGCTATAGCGAGACCCCATCTCTATTTTAAAAAACAAAAAT"
"chr1","47700924","47701227","chr1","46489384","46489681","28","1211540","GGCCAGGCACAGTGGCTGACGCATATAATCCCAATATTTTGTGACGCCAAGGTGGGAAGACTGCTTGAAGTTAGGAGTCTGAGACTAGCCTGGGCAACATAGGGAGACCCTGTCTTTACAAAAAAAAAAAGAGAGATAGCCAGGCATGGTGTTGCATGCTTGTATTCCTGCCTACTTGGGGGACTGAGGCAGGAGGATCACTTGAGCTCAGAAGTTCAAGGTTACTGTGAGCAATGCTCACGCCACTGCTCTCCAGCCTGGTTGACAGGCCAGACCCTGACTCTAAACAAAAACAAAAAACAAA","GGGCAGGCACAGTGGCTGATGCATATAATCCCAATATTTTGTGAGGCCAAGGTGGGAAGATTCCTTGAGGTTAGGAGTCTGAGATTAGTCTGGGCAACATAGGGAGACCCTGTCTTTACAAAAAAAAAAATCACCAGGCATGGTATTGCATGCGTGTATTCCTGCCTACTTGGGGGGCTGAGGCAAGAGGATCACTTGAGCTCAGAAGTCGAGGTTACTGTGAGCAATGCTCACACCATTGCTCTCCAGCCTGAGTGACAGAGCCAGACCCTGCCTCTAAACAAAAACAAAAAACAAA"
"chr1","48074698","48075012","chr1","46754477","46754779","32","1320221","GGCTGGGTATAGTGGCCCAAGCCTCCAATCCCAGCAGATTGGGACACTGAGGTGGGAGGATTGCTTGAAGCCAGGAGTTCAAGATCAGCCTAGGCAATATAGCAAGATCTTGTCTCTACAAAAAAATTTTAAAATTGGCCAGGCATGGTGGTGCACATTTATAGTCCCAACTACTCAAGAGGCTGAGGCAGGAGGATTGCTTGAGCTCAAGAGTTCAAAGTTACAGTGAGCCATGATTGTGCCACTGCACTCCAGCCTGGGCAACAGAACAAGACCCTGTCTCTTAAAAAATAAAAAATAAAGAAAAAATAAAAA","GGCTGGGTACAGTGGCCCAAGCCTGTAATCCCAGCAGACTGGGACACTGAGGTGGGAGGATTGCTTAAAGCCAGGAGTTCAAGATCAGCCTAGGCAATATAGCCAGATCTTGTCTCTACAAAAAAATTTAAAAATTGGCCAGTCATGGTGGTACACATTTATAGTCCCAACTACTCAAGAAGCTGGAGGATTGTGTGAGCTCAAGAGTTCAAAGTTACAGAGAGCCATGATCATGCCACTGTACTCTAGCCTGGGCAACCGAACAAGACTCTGTCTCTTAAAAAATAAAAAATAAATAAAAAA"
"chr1","49408581","49408730","chr1","48185990","48186150","20","1222591","AATTAGCTGGGTATGGTGGTGCAGGCCTTTAAGTCTTAGCTACTCAGGAGGCAGCAGCAGGAGGATCCCTTAAGCTCAGGAGTTCTTGGCTATAGTGAGCTATGATCGCGCCATTGCACTCCAGCCTGGGCAATAGAGCAAGACACTGTC","AAAAAATGAATTAGTTGGGTATGGTGGTACAGGCCTTTAAGTCTTAGCTACTTATGAGGCAGCAGCAGGAGGATCCCTTGAGCTCAGGAGTTCTTGGCTATAATGAGCTATAATCGCACCATTGCACTCCAGCCTGGGCAATAGAGCAAGATACTGTCACA"
"chr1","50848667","50848792","chr17","81612054","81612179","22","30763387","GGCTGGGCACAGAGGCTTATGCCTATAATATTAGCACTTTGAGAGGCTGAGGCAGGAGGATCTCTTGAGGCCAGGAGTTCAAGACAAGGCTGGGCAAAATACCAAGACCCCTATCTCTACCAAAAA","GGCCGGGCACAGTGGCTCATGCCTGTAATCCCAGCACTTTAGGAGGCCAAGGTGGGAGGATCACTTGAAGCCAGGAGTTTAAGACCAGCCTGGGCAACATAGCAAGACCCCTGTCTCTGCCAAAAA"
"chr1","51469949","51470064","chr1","50282558","50282676","7","1187391","GACCAGGTGCAGTGGCTCACACTTATAATCCCAGTGCTTTGGGAGGGTGACATGGGAGAATCACTTGAGGCCAGAAGTTCAAGACCAGCCTGGGCAACACAGCAAAACCCCATCTC","GACCAGGTGCAGTGGCTCACACTTATAATCCCAGTACTTTGGGAGGTTGACATGAGAGGATCACTTGAGGCCAGAAGTTCAAGACCAGCCTGGGCAACACAGCAAAACCCCATCTCTCT"
"chr1","51470361","51470569","chr1","50282987","50283187","20","1187374","AGCACAAAACCCCATCTCTACAGAAAATTTAAAAATTAGCCAAGCATGATGGCACATGCCTGTAGTTAGTCCCAGCCACTTGGGAGGCTAAGGCAGGAGGACGACTGCTTGAGCCCAGGGTGGTTCAAGGTTACAATGAGCTATGATAATGCCACCACGCTGCAGCCTGTGTGACAGAGCAAGACTGTCTTTCAAAAAAAAAAAAAAAA","ACAAAACTCCATCTCTACAAAAAATTTAAAAATTAGCCAAGCATGACGGCACATACCTGTAGTTAGTCCCAACTACTTGGGAGGCTAAGGCAGGAGGACAACTGCTTGAGCCCAGGGTGGTTCAAGGTTACAGTGAGCTATGATAATGCCACCGCGCTGCAGCCTGTGTGACACAGCAAGACTACCTTTCAAAAAAAAAAA"
"chr1","51481875","51482181","chr1","50293634","50293935","24","1188241","GGCCGGGCACCGTAGCTTATGCCTATAACCCCAGCACTTTGGGAGGCTGAGGTGGGAGGATCACTTGACAATAGGAGTTTGAGACCAGCCTGGAGAACATAGCGAGACTGTATCTCTACCAACAATTTTTATGAAATAGCCGGGTGTTGTGGCACATACCTGTAGTCCTAGCTGCTCAGGAGGCTGAGGCAGGAGAATTGCTCGAGCCCAAGAGTTCGAGGTTACAGTGAGCTGAGATCATGCCACTGTACTTTAGCCTGGGCAGCAGAGCAAGACCCTGTCTCTAAATAAAATAAATAAAATAAAA","GGCCGGGCACGGTGGCTCATGCCTGTAACCCCAGCACTTTGGGACGCTGAGGTGGGAGGATCACTTGACTGTAGGAGTTTGAGACCAGCCTGGAGAACATAGCGAGACTGTATCACTACAAACAATTTTTATGAAATAGACGGGTGTTGTGGCACACACTTATAGTCCTAGCTACTCAGGAGGCTGAGGCAGGAGAATTGCTTGAGCCCGAGAGTTCGAGGTTACAGTGAGCTGTGATCATGCCACTGTATTTCAGCCTGGGCAGCAGAGCAAGACCCTGTCTCAAAATAAATAAAATAAAA"
"chr1","51737132","51737261","chr1","50555025","50555155","7","1182107","CTGGGCATGGTGGCTGATGCCTGTAATCCCAGAACTTTGGAAGGCCGAGACAAGGGGATCACGTGAGCCCATGAGTTTGAGACCAGCCTGGGCAACACAGTGAGACCACCATCTAAAAAAAATTTAAAAA","CTGGGCATGGTGGCTCGTGCCTGTAATCCCAGAACTTTGGAAGGCTGAGACAAGGGGATCACTTGAGTCCATGAGTTTGAGACCAGCCTGGGCAACACAGTGAGACCACCACCTAAAAAAAAATTTAAAAA"
"chr1","51861892","51862188","chr4","159546560","159546852","66","107684668","GGCTGGCCATGGCAGCTCATGCCTGCAATCCCAGCACTTTGGGAAGCCAAGGGCGGGAGGATTGCTTGAGCCCAGGAACTGGAAACCAGCCCAGGCAACACAGCGAAACCCCATCTCTATAAAAATTTTAAAAATAAAAAAGTAGTTGGATGTAGTGGCTCATGCCTGTAGTCCTAGTTGTTCAGGAGGCTGAGGCAGGAGGATCCTTTAAGTACAGGAGTTTGAAGTTGCAGTGAGCTATGACTGCGCTACTGCACTCCAGCCTAGGTGACAGCAAGACCCTGTCTCAAAAACAAA","GGCTGGGCATGATGGCTCATGCTTATAATCCCAGCCTTTTGGGAGGCCTAGGAGGGAGAATTGCTTGAGCCCAGGAGTCTGAGACTAGCCTAGGCAACATAACGAGACCCTAACTCTACAAAAAAAAAATTAAAAACTAGTTGGGCACAGTGGTACATGCCTGTAGTCCTGGCAACTCAGGAGGCTGAGGCAGGAGGATGGTTTGAGCCCAGGCATTCAAGGTTACAGTGAGCTATAATCACACCCCTGCACTCCAGCCTGGGTCAGAGCAAGACCCTGTCTCTAAAAATAAA"
"chr1","51868659","51868937","chr3","63839917","63840201","62","11971258","GGGTGCAGTGGCTCATACCTGTAATAAGCACATTGGGAGGCTGAGGCAGGAGGCTCACTTGAGCCCAGGAGTTCGAGATTAGCCTCGGCAACACAGCAAGACTCTATCTCTACAATTTTTTTTTAAAGTGGACATGGTGGTGTGTACCTGTAGTTCCAGCTACTCAGGAGGCTGAGGTAGGAGGATGCTTTGAGTCCAGGAGTTCAAGGTTACAGTGACCTATGATTTTGCCACTGCACTCCAGCCTGGGCAACGGAGCAAGACCCTGTCTCAAAAAAA","GGCACGGTGGCTCACACCTGTAATCCAAGCACTTTGGGAGGCCGAGGTGGAGGATCTCTTGAGACCAGGAGTTCAAGGCCAGCCTGGGCAACATAGCGAGACCCCATCTCCACAAAAAATTTAAAAATTAGCCAGGTGTGGTGATGCTCATCTGTACTCCCAGCTACTGAGAAAGCTGAGGCAGGAGGATCACATGAGCCCAGAAATTCAAGGTTACAGTAAGCTATGATTGTGTTACTGCACTCCAGCCTGGGCAACAGGACAAGCCCCTGTCTCAAAAAAAAA"
"chr1","51871572","51871689","chr14","18154463","18154571","28","33717109","GGCTGGGTACAGTGGCTCACACTCATAATCCCAGTGCTCTGAGAGGCCGAGGAGGGAGGATGACTTGAGGCCAGGAGTTTGAGACCCCATCTCTACAAAAAATTTAAAAATTTAGCTG","GGCTGGGCACAGTGGCTCACACCTGTAATCCCAGGACTTTGGGGGGCTGAGGTGGGAGGATCTCTTGAGGCCAGGAGTTCAAGACCCCATTTCTACAATTTTTTTTCTT"
"chr1","51871847","51871956","chr3","152080074","152080172","29","100208227","GGGTGTGGTGGCAATTGTCTGTAGTCCTAGCTACTCAGGAGGCTGAGGTGGGAGGATCCCTTGAGTCCATGAGTTCAAGGTTACAGTGACCTATGATTGTGCCACTGCAC","GCGTGGTGGTATGTACCTGTAGTCATAGCTACTTAGAAGGCTAAGGTGGGAGGATCACTTGAGACCAGGAGTTTGAGATTAGAGTGAGCTATGATCATG"
"chr1","52095094","52095352","chr1","50915436","50915703","26","1179658","TAATCCCAGCACTTTGGGTGGTTGAGGAGGGAGTATCACTTGAGTTCAAGGCCAGCCTGGGCAACACAGTGAGACCTCTATTTCTACTAAATAACTAACTAGGTCCAGTGGCATGCACTTATAGTCCTAGCTACTTGGGTGGCTGAGGCGGGAGGATCCCTTGAGCTCAGGAGTTCACAGTTACAGTGAGCTATGACTGTGCCACTGCACTCTAGCCTGGGCAACAGAATGTGACTCTGTCTCTACAAAAAAAGAAAAA","GCCTATAATCCCAGCACTTTGGGTGGTTGAGGAGGGAGGATCACTTGAGTTCAAGACCAGCCTGGGCAACAAAGTGAGACCTCTATCTCTACTAAATAACTAACTAACTAGGTCCAGTGCCATGCATTTAGAGTCCTAGCTACTTGGGAGGCTGAGGCGGGAGGATCTCTTGAGCCCAGGAGTTCATGGTTACAATGAGCTATGACTGTGCTACTGCACTCCAGCCTGGGCAACAGAGTGAGACTCTGTCTCTACAAAAAAAGAAAAA"
"chr1","52208167","52208277","chr1","51025126","51025239","7","1183041","GGAGGATCACTTGAGCCCAGTTCAAGGTGACAGTGAGCTATGATCGCAGCACTGTATTCCAGCCTGGGCAACAGAATGAGGCCATCTCTTAAAATTTAAAAAAACAAAAAA","GGAGGATCACTTGAGCCCAGGAGTTCAAGGTAACAGTGAGCTATGATCGCAGCACCATATTCCAGCCTGGGCAACAGAATGAGTCCATCTCTTAAAATTTAAAAAAACAAAAAA"
"chr1","52254820","52255097","chr1","51073987","51074252","34","1180833","GGCATAGTGGCTCAGGCCTATAATTCCAGTGCTTTGGGAGGCTGAGGCGGAAGGATTGATTGAAGCCAAGAGTTCAAGGCCTGGGTAACATAGTGAAATCCATCTGGGACAAAAAAAATTTTTTTTAATTAGCTGGGCATGGTGGTGTGCGCCCGTAGTCCTAGCAGGCTACAGGTGAGCTATGATTAGCAGGTTACAGTGAGCTATAATTGCACCACTGCACTCCAGCCTAGGTGACAGAGCTAAGACCCTGTCTACCAAAAAAAAAAAAAAAAAAA","GGCATAGTGGCTCAGGCCTATAATTCCAGTGCTTTGGAAGGCTGAGGTGGAAGGATTGATTGAAGCCAAGAGTTCAAGGCCCGGGTAACATAGTGAGAGCCATCTGGGACAAAAAAAAATTTTTTTTAATTAGCTGGGCATGGTAGTGTGCAGCTGTAGTCCTAACAGTCATTCGAGGTTACATTGAGCTATGATTGCACCACTGCACTCCAGCCTAGGTGACAGAGCTAAGACCCTGTCTCCAAAAAAAAAAAAAAAAAAAAAAA"
"chr1","52305046","52305331","chr13","97673114","97673378","73","45368068","GGCTGGGCGTGGTGGCTCACATCTGTAATCCCAGCACTTTGGAGGCCAACGTGGGAGGACTGCTTGAGCCCAGGAGTTCAAGACCAGCCTGGGCAATATAGTGAGACCCCATCCCTACCCCAAAGAACTTTAAAAATTAGGCAAGTGTGGTGGCATGCACCTGGTGGGAGGATCTGAGCCCAGGAGGCAGAGGTCACAGTGAGCCATGATCATGCCATTGCACTCTAGCCTGGGTGACAGAGCGAAATCATCTCACAAAAAAAAAAAAAAGAAAAAAAGAAAGAAA","GGCCAGGCATGGTGGCTCACACCTGTAATCCCAGCACTTCGGGAGGCTAAGGCAGGAGGATTGCTCGAGCCCAGGAGTTAGAGACCAGCCTGGGCAATATAATGGGACCCTGTCTCTACAAAAAGTTTAAAAATTAAAAATTAACCAGGTGTGATGGAGCCCAGGGGATCAAGGCTATAGTGAGCCATGATTGCACCATTGTACTCCAACCTGGGTGATAGAGTGACACCCTGTCTCCAAAAAAAGAAAGAAAAAGAAAAGAAAA"
"chr1","52388389","52388668","chr1","51209624","51209912","32","1178765","GCACAGTGGCTCACACCTGTAATTTCAGCATTTTGGAGGCTGAGGCAGGGGGATCACTTCAGGCCAGGAGTTGGAGACCAGCCTGGGCAACATAGTGAGAACCCATCTCTAAAAAAAAAAAATTTTTTTAATTAGCCAGGTGTGGTGGCACACACCTGTAATCCTAGGTACTCAGGGGGCTGCAGTGGAAGGATCCTGTTAGCCCAGGAGTTAGAGGTTACAATGCACTGCACTCCAGTCTGGGCATCAGAGTGAGAGCCTGTTTCAAAAAAAAAAAAAA","GCACAGTAGCTCACACCTGTAATTTCAGCACTATGGAGGCCGAGGCAGGGGGATCACTTCAGGCCAGGAGTTGGAGACCAGCCTGGGCAACACAGTGAGAACCCATCTCTAAAAAAGAAAGTTTTTTAATTAGCCAAGTGTGGTGGCACACACCTATAATCCTAGGTACTCAGGAGACTGCAGTGGAAGGACCCTGTTAGTCCAGGAGTTAGAGGTTACAGCGCACTTCACTCCAGCCTGGGCATCAGAGTGAGAGCTTGTCTCAAAAGAAAAAAAAAAACAAAAAAAA"
"chr1","52393031","52393161","chr1","51214266","51214389","18","1178765","CTAAGGAAGGAGGATCCCTTGAGCCCAGGAGTTTGAGGTTATGATGAGCTATAATCATGCCACTGCACCATAGCCTGGGCAACAGAATGAGACCCTGTCTTTAAAAAAAAACCAACCAAACAAACAAAAAA","GCTGAGGCAGGAGGATCCCCTGAGCCCAAGAGTTTGAGGTTATAAAGAGCTATAATCGTGCCACTGCACCACAGCCTGGGCAACAGAATGAGGCCCTGTCTTTAAAAAACAAACAAACAAAAAA"
"chr1","52613158","52613319","chr1","51444549","51444704","15","1168609","AAAATTAGCTGGGCGTGGTGGCAGTACCAGACACTCCAGAGGCTGAGGCAGGAGGGCCCCTTGAGCCCAGGACTTCTAGGTTACAGTAAGCTATGATTTCACCACTGCACTCCAGCCTGGGCAACAGAGTGAGACCTTATCTTTAAAAAAAAAAAGAAAAAA","AAATTAGCTGGGCGTGGTGGCAGTCCCAGCTACTCCAGAGGCTGAGGCAAGAGGGCCCCTTGAGCCCAGGACTTCTAGGTTACAGTAAGCTATGATTCCAGCACTGCACTCCAGCCTGGGCAACAGAGTGAGAACCGATCTTTAAAAAAAAAGAAA"
"chr1","52627374","52627649","chr9","92394484","92394763","68","39767110","GCCTGTAATCCCAGTGATTAAGGAGGCTGAGGCAGAAGGATTGCTTGAGGCCAGGCATTTACAACCAGCCTGTGTAACATATCAAGACTCTGTCTCCACACACACATAAAAAAGCAAGGCGTGGTAGAACATCCCTGTAGTCCTAGCTACAGGAGAGGCAGAGTTAAAAGGATTGCTGGAACTCCTGAGTTTGAGGTTACAGTGAGCTATGATTGTGCCTCTGCACTCTAGCCTGGTGACAGAGCAAGACCTTGTCTCTAATAAAAAAGAAAAAAA","GCCTGTAATCCCAGTGTTTTGGGAGGCTAAGGCAGAAGGATCGCTTGAGACCAGGAGTTTGAGACCAGCCTGGGCAACATAGCAAGACTCTGTCTCTAAAGAAAAAATTAAAAATAAGCTAGCTGTTGTGATGCATGCCTGTGGTCCAAGCTGCTCAGGAGGCTGAGGCAGGAGGATTGCTTGACCCCAGGAGTTGAGGTTACAGTGAGCTACGATTGTGCCATTACAACCCAGCCTGGGCAACAGAAAGACTGTCTCTAAAAACTAAAAAGAAAAAAAA"
"chr1","52649582","52649852","chr1","51481877","51482146","17","1167705","GGCTGGGGATTGTGGCTCATGGCTGTAATTTGAGAGATTGACGTGAAAGGATCACTTGAGGCCAGGAGTTCAGGACCAGCCTGGGCAACATAGCGAGATCCCATCTCTCAAAAAAATTGTTTTTGAATTAGCCAGGCACGGTGGCATGTGCCGGAGTTCTAACTACTTGGGAGGCTGAGGTGGGAGGATTGCTTAAGCCCAGTAGTTCAAGTTTACAGTAAGCTATGATTGCACCACTGCATTCCAACCTGGGTGACACAGTGAGACCCTG","GGCTGGGGATTGCGGCTCATGCCTGTAATTTGAGAGACTGAGGTGAAAGGATCACTTGAGGCCAGGAGTTCAGGACCAGCCTGGGCAGCATATGAGATCCCATCTCTCAAAAAAATTGTTTTTGAGTTAGCCAGGCATGGTGGCATGAGACTGAGTCCTAACTACTTGGGAGGCTGAGGTGGGAGGATGGCTTAAGCCCAGTAATTCAAGTTTACAGTAAGCTATGATTGCACCACTGCACTCCAACCTGGGTGACAGAGTGAGACCCTG"
"chr1","52733118","52733240","chr1","51567043","51567161","7","1166075","GGCTGGGCATGGTGGCTCATGCCTGTAATCCCAACACTTTGGGAGGCCAAAATGGGAAAATCACTTGAGGCCAGGAGTTCAAAACCAGCCTGGGAAACATAGTGAGATTCCATTTCTACGAAA","GGCTGGGCATGGTGGCTCACGCTTGTAATCCCAACACTTTGGGAGGCCAAAGTGGGAAAATCACTTGAGGCCAGGAGTTCAAAACCAGCCTGGGAAACAGTGAGATTCCATTTCTACAA"
"chr1","52733542","52733727","chr1","51567461","51567647","12","1166081","AAAAAAGTTTAAATTAGTCGGATGTGGTGGTGTGCACCTGTAGTCCTCGGTACTTGGGAGGCTGAGGCTGGAAAATCACTTAAGTCCAGAGGTTCGAGGTTAGAGTGAGCTATGATTGCACCACTGTATCCCAACCTGGGTGACAGAGTGAGACCCTATCTCTAAAAATAAAAATTAAAAAAAGAA","AAAAAAATTTTAAATTAGCTGGATGTGGTAGTGTGCACCTGTAGTCCTCAGTACTTGGGAGGCTGAGGCAGGAAAATCACTTGAGTTCAGGGGTTCGAGGTTACAGTGAGCTATGATTGCACCACTGTATCCCAGCCTGGGTGACAGAGTGAGACCCTATCTCTAAAAATAAAAATTAAAAAAAGAA"
"chr1","52755230","52755463","chr6","90039645","90039880","61","37284415","GGCTGGGCGTAGTGGCTCCCACCTGTAATCCCAGCACTTTGGGAGGCAAGAGCATGCTTGAGGCCAAGTGTTCAATACCAGCCTGGGCAATATAGAGACACTGCCTCTATCAAAAAAAAAAGTAGCCAGGTATGGTGGCACATGCCTGTAGTCCTAGCTACTCAGGAGGTTGAGGTGATAGGATTGCTTGAGACCAGGATTTCAGCGTTACAGTGAGCTATGATCAGGTCACTG","GGCCAGGCACAGTGGCTTAGACTTATAATCCTAGCACTTTGGGAGGCCAAGGTGGAAGGATGGCTTCAGGCAAGGAGTTCAAGAACAGCCTGGCAACATAGCAAGACTCCATCTTTAAAAAAGAAATAGCCAGTCATGGTGGCACACACCTGTAGTCCTAGCTACTCAAGAGGAGGAGGCAGGAGGATCACTCGAGCCCCAGAGTTTGAGGTTGCAGTGAGCTATGACAGCATCAC"
"chr1","52967186","52967334","chr18","10684709","10684863","27","42282477","GCTAGGCATGGTGGCACTTGCCTGTAGCCTCAGGAGGCTGAGGCAGGAGATTCGCTTGAGCCCAGGAGTTCAAGATTACAGTGAGCTATGATCATGCCACTGTACTCCAGCCTGGATGAGAGAACAAGACACTGTCTCAAAAAAAAAAA","GCTGGGCATGAGGGCACATGCCTGTAGTGATAGCTACTCAGGAGGCTGAGGAGGGATCCTCGAGCCCAGGAGTTCAAGGTTACAGTGAGTTATGATTATGCCACTGCACTCCAGCCTGGGTGACAGAGCAAGACCCTGTCTCAAAAAAAAAAAAA"
"chr1","52995619","52995779","chr1","51722947","51723105","12","1272672","CCAGGCATGGTGGCAAGAGCCTGTAGTCCTGGCTACTTGGGAGGCTGAAGCAGGAGGATCGCTTGAGCCCAGGAATTTGAGGTTACAGTAATCTATGATTGCCCAACTGCACTCCAGCCTCAGAGACAGAGTGAGACCCTGCCTCTAAAAATAAAATAAAA","CCAGGCATGGTGGCAAGAGCCTATAGTCCAGGCTACTTGGGAGGCTGAGGCAGGAGGATCGCTTGAGCCCAGGAGTTTGAGGTTACAGTAAGCTATGATTGCCCCACTACACTCCAGCCTTGGAGACAGAGTGAGACCCTGCCTCTAAAAGTAAAAAAA"
"chr1","53062771","53063066","chr1","51783657","51783959","36","1279114","GGCCAGGCATGGTGGTTCACACCTGTAACCCAGTGCTCTGGGAGGCCAAGGCAGGAAGGCTGCTTGAGGCCAGGAGTTTGAGGCTAGTCTGGGCAACATAGCGAGACCCAGTCTCTATTTTAAAAAAAAAAAAAAATTAATAGCCAGGCATGGTGGTGCACACTTGTAGACCTAGCTACTCAGGAGACTGAGACAGAAGGATCGCTTGAGCCCAGAGTTCAAGGTTATAGTGAGTTACCACTGCACTCCAGACTCGGCAACAGAGTGAAACCCCATCTCTTAAAAAAAACCAAAAA","GGCCAGGCATGGTGGTTCACACCTGTAACTCAGTGCTTTGGGAGGCCAAGGTAGGAAGATAGCTTGAGGCCAGGAGTTTGAGACTAGTCTGGGCAACATAGCGAGACCCAGTCTCTATTAAAAATAAATAAATTTTAATTAGCCAGGCATGGTGGTGCACACTTGTAGATCTACTCAGGAGACTGAGACAGAAGGATTGCTTGAGTCCATGAGTTCAAGGTTATAGTGAGTTACCACTGCACTCCAGACTTGGCAACAGAGTGAAACCCCATCTCTAAAAAAAAAAAAAAAAAAAAAAAAAAA"
"chr1","53346515","53346812","chr1","52067151","52067448","21","1279364","GGCCATGCACGGTGGCTCATGCCTATAATCCGAGCACTTTGGGAGACCAATGCAGGAGGATCACTTGGGGCCAAGAGTTCCAGACCAGCCTGAGCAACACAGTGAGACCCCCATCTCTACAAAAAATAAAAAAATTAGCTGGGCATGGTAGCACAAGCCTATAGTCCTAGCTACTCAGGAAGCTGAGGATCCCTTGAACCCATGAGTTTGAGGTTACAGTAAGCCATGATCCTATCACTGCACTCCTGCCTGGGCAACAGGGCAAGACCCTGTCTCTAAAAAAATTAAAAATAAAGAA","GCCACACACAGTGGCTCAATGCCTATAATCCTAGCACTTTGGGAGGCCAATGCAGGAGGATCACTTGGGGCCAAGAGTTCCAGACTAGCCTGGGCAACACAGTGAGACCCCCATCTCCACAAAAAATTAAAAAATTAGCAGGGCATGGTAGCACAAGCCTATAGTCCTAGCTACTCAGGAGGCTGAGGATCCCTTCAGCCCAGGAGTTTGAGGTTACAACAAGCCATGATCCTATTACTGCACTCCTGCCTGGGGGACAGGGCAAGACCCTGTCTCTAAAAAAATTAAAAATAAAGAA"
"chr1","53433828","53434109","chr1","52155558","52155859","37","1278270","GGCCGGGCACAGTGGTCCTGCCTGTAATCCCAACACTTTGGGAAGCCAAGGTGGGAGGATTGCTTGAGCCTAGGAGTTTGAGACCAGCTTGGGCAACATAGTGAGACCCAGTCTCTAAATACAAATTGAAAAAATTAGCCGGGTGTAGTGGCACACCCCTGTAGTTTAAGCTACTCCAGAGGCTGAGGCGGGAGGATCACTTGAGCCTAGGAGTTCATTACAGTGAGCTATGATTGCACCACTACACTTCAGTCTGGGCCACAAAGTGAGACCCTGTCTCAA","GGCCAGGCACAGTGGCTTCTGCCTATGATCCCAACACTTTGGGAAGCCAAGGCAGGAGGATTGCTTGAGCCTAGGAGTTTGAGACCAGCTTGGGCAGCATAGCGAGACCCAGTCTCTAAATAAAAATTTAAAAAATTAGCCGGGTGTAGTGGCACACCCCTAGTTTAAGCTACTCCAGAGGCTGAGGCGGGAGGATCACTTGAGCCTAGGAGTTTATTACAGTGAGCTATTATTGCACCACTACACTTCAGTCTGGACCACAAAGTGAGACCCTGTCTCAAGTGGGGGAAAAAAAAAAAGAA"
"chr1","53469423","53469578","chr1","52195362","52195533","21","1274061","TTAGCCTCGTGTGGTAGCATGTGCCTGTGGTTCTAGCTATTCAGGAGGCTGAGGCAGGAGGATTGCTTGAGCCCAGGAGTTCAAGGTTGCAGTGAGCTATGATCATACCACTGCACTCCAACCTGGGTGACAGAGACACTATCTCAAAAAAAAAAA","TTAACAGCCTCGTGCAGTAGCATGTGCCTGTGGTTCTAGCTATTCAGGAGGCTGAGGCAGGAGGATTGCTTGAGCCCAGGAGTTCAAGGTTTCAGTGAGCTATGATCACACCACTGCACTCCAACCTGGGTGACACAGACACTATCTCAAAAAAAACAAAAAAAACAAAAAA"
"chr1","53469877","53470007","chr1","52195828","52195958","11","1274049","GGGCCTGGTGGCTCACACCTGTAATCCCAATACTTTGGGAAGCCAAGGCTGGAGGATTGCTTGAAGCCAGGCGTTCAAGACCAGCCTGGGCAACCTAGCAAGAACTGTCTCTTCAAAAAATTAAAAAATTA","GGGCCCAGTGGCTCACACCTGTAATCCCAATGCTTTGGGAAGTCAAGGCTGGAGGATTGCTTGAGGCCAGGCGTTCACAACCAGCCTGGGCAACATAGCAAGAATTGTCTCTTAAAAAAATTTAAAAATTA"
"chr1","53632432","53632727","chr1","52367677","52367967","50","1264755","CAGGCACAGTGGCTCATGCTTATAATCCCAGTACTTTGGGAGGATGAGACAAGAGGATTACCCGAGGCCAGGAGTTTGAGACCAGCCTGGGCAACATTGCAAGACTCCATCCCAACAACAAAAAATTTTAATTAGTCGGGCATGGTGGTACATACCTGTAGTCCTAGCTAGCTAGTCGGGAGGCTGAGGTCAAAGGATCGCTTGAGCCCAGGAGTTTGAGATTATAGTAAGCTATGATTGCACTCTAGCTTGGGTGACAGAGTAAGACCCTGACTGGGAGAAAACAAAAACAAAAA","CAGGCACAGTGGCTCATGCTTACAATCCCAGTACTCTGGGAGGATGAGACAAGAGGCCAGGAGTTTGAGACCAGCCTGGGCAACATTGCAAGACTCCATCCCAACAACAAAAAATTTCAATCGGTCAGGCATGGTAGTGCATACCCGTAGTCCTAGCTACTCAGGAGGCTGAGGTGGAAAGATCGCTTGAGCCCAGGAGTTTGAGATTATAGCGAGCTATGATTGCACTCCACGTTGAAGGAAAGAGTAAGACCCTGACTGCGGGGTAAAAAAAAAAAAAAAAAAAAAAAA"
"chr1","53649108","53649446","chr13","19713162","19713466","87","33935946","GGCTAGGTGCAGTGGCTCATGCCTGTAATTACAGAACTTTGGGAGCTCAAGGCAGGAGGATCACTTGAGGTCAGGAATTCGAGACTAGCCTGGGCAACACAGCAAGAACCTGCCTCTACAAAAAATTTTTAAAATTAGCCTGTGTAACATAGTGTGACCCCGTCTCTACAAAATTAGCCCGGTGTGGTTGCATGGGCCTGTAGTCCTAGCTACTCAGGAGACTTAGGCAGGAGGATTGCTCGAGCCCTGGAGTTTGAGGTTACAGTGAGCTATGATCATACTACTGCACTTCGGCCTGGGTGACAGAGTGAGGCACTGTCTCAAAAATAAATAAATAAA","GCTAGGCATGGTGGCTCATGCCTGTAATCCCAGCACTTTGGGAGGCCAAGGCAGGTGGATCACTTGAGCCCAGGAATTTGAGACCAGCCTGGGCAACATAGCAAGACCCCCCCTACAAAAATAAGAATAAAACAATTAGCTGATATGGGGGTGCACACCTGTAGTCCTAGCTACTCTGGAGACTAAGGCAGGAGGATCACTTGAGCCCAGGAGTTTGAGGTCACAGTGAGCTATGATCCTGCCACTACACTCCAGCCTAGGTGACAGAGTAAGACCCTATCTCTAAAAATAAATTTAAAAGAAAA"
"chr1","53724682","53724846","chr4","106616558","106616719","35","52891876","AAATTAGCCAGGCATGGTAGTGCACACCTGTAGTTCCCAGTTACTCGGGAGGCTGAGACAGGAGGATCACTTGGGCCCAGGAATTTGAAGTGACAGCAAACCATGATCACACCACTGCAGTCCAGCCTGGGCTACACAGTGAGACCCTGTCTCAAAAAAATAAAA","AAATTAGCCAGGTGTAGTGGCATGCACCTGTAGTCCTAGCTACTTGGGAGGCTGAGGCAGGAGGATTGCTTGAGCCCAGCAATTCGAGGTTACGGTGAGCTATGATCACACCACCACGCTCCAGCATGGGCAACAGAGCAAGACCCTGTCTCAAGAAAAAAA"
"chr1","53799661","53799845","chr2","43619324","43619533","60","10180337","TAGTGAGACCCTGTCTCTACAAAAAAAATTTTTTTAATTAGCCAGGTATGGTAGCATGCCTGTAGTCCTAGCTACTCGGTAGGATCGCTAGAGTCCAGGAGTTCAAGGCTGCAGTGAGCTATGATTGCACCACTGCCTTCCCATCTGGTTGACAGAGCAAAACTCCGTCTTCCAAAAAAAAAAAA","ACATAGCGAGACCCCATCTCTACAAAACAGATTTTTTTAATTAGCCAGACATGGTGGCATCTGCCTATGGTCCCAACTACTACAGAAGATGATACAGGAGGATCGCTTGGGCCCAGGAGTTCAAAGTTACAGTGAGCTATGATCGCTCCACTGCACTTTACCCTGGGTGACAAAGTGAGACCTTGTCTCTAAAAAAAAAAAAAAAAAAAA"
"chr1","53824392","53824610","chr1","52602967","52603196","21","1221425","CACAATGGCTCGAACTTATAGTCCCATCAGTTTGGGAGATCAAAGCAGATGAACTGCTTGAGGTCAGGAGGTCAAGACCAGCCAGGCAACATAGTAAGACTCTGTCTCTACAAAAATTAAAAAAATTAAAATGTTTGAAAAATTAGCTGAGTGTGGTGGTACACACCTGTAGTCCTAGTGACTTGGTAGGCTGAGGCAGGAGGTCACTTGAGCCCAGAA","GAGCACAGTGGCTCAAACTTCTAGTCCCTAGTCCCATCAGTTTGGGAAATCAAAGCAGATGAATTGCTTGAGGCCAGGAGGTCAAGACCAGCCAGGGTAACATAGTAAGACTCTGTCTCTACAAAAATTTAAAAACTTAAAATGTTTGAAAAATCAGCTGAGTGTGGTGGTACACACCTGTAGTCCTAGTGACTTGGTAAGCTGAGGCAGGAGGTCACTTGAGCCCAGAA"
"chr1","53899900","53900199","chr1","52669666","52669965","27","1230234","GGCCAGGCACAGTGGCTCACATCTGTAATCTCAGCACCTTGGGAGGCCAATGTGGGAGGATCGATTGAGCCCAGGAGTTTGAGACCAGCCTGGGCAACATAACAAGGCCCCTGTCTCTACAAAAAATTTGAAAAATTAGCTGGGCATGGTGGCATGCGCCTATAGTCCCAGCTTACTTGGGAGGCTGAGGCAAGATTGCCTGAGACCAGGAGTTCGAGGTTACAGTGAGCTGTGACTGGACCACTTCACCCCAGCCTGGGCGACAGAGCCCCTGTGGGAGAGAGAGAGAGAGAAAAAAAA","GGCCAGGCACGGTGGCTTACATCTGTAATCTCAGCACTTTGGGAGGCCTATGTGGGAGGATTGATTGAGCCCTGGAGTTTGAAACCAGCCTGGGCAACATAACAAGGCCCCTGTCTGTACAAAAAATCTTAAAAATTAGCTGGGCATGGTGGCATGCGCCTGTAGTCCCAGCTTACTCGGGAGGTTGAGGCAAGATTGCCTGAGCCCAGGAGTTTGAGGTTACAGTAAGCTATGATTGGACCACTGCACTCCAGCCTGGGTAACGGAGTCCCTGTGAGAGAGAGACAGAGAAAAAAAAAA"
"chr1","53940872","53941163","chr1","52711013","52711291","32","1229859","GGCCAGGCCAAGTGACTCATGCCTGTAATCTCAGCACTTTGGGAGGCAAAGATGTGAGGATCACTTGAGGTCAGGAGTTTGAGACCACCTGGGCAACATAGAGAGACCCCATCTTTACACAAAATTTAAAAATTTGGCTGGCACGGTTGTGCACCCCTGCAGTCCCAGTTGCTTGAGAGGCTGAGGCTGGAGGATCACTTCAGCCCAGGAGCTCAAGGTTACAGTGAGCTATGATTGCACCACTGCACTCCAGCCTGGGTGACAGAGTGAGGCTTTGTACTAAAAAAAAAAA","GGCCAGGCGAAGTGACTCATGCCTGTAATCTCAGCATTTTGGGAGGATCACTTGAGGTCATGAGTTTGAGACCACCTGGGCAACATAGAGAGACCCCATCTCTACATAAAATTTAAAAATTTGGCTGGCATGGTGGTATACCCCTGTAGTCCCAGTTGCTTGAGAGGCTGAGGCTGGAGGATCATTTCAGCCCAGCAGCTCAGGTTACAGTGAGCTATGATTGCACCACTGCACTCCAGCCTAGGTGACAGAGTGAGGTCTTGTCTTAAAAAAAAAAAA"
"chr1","54000718","54001019","chr1","52770709","52771019","28","1230009","GGCAGGATGCGGTGGCTCACACCTGTAATCCCAGCACTTTGAGAGGCCAAGGCAGGAGGATTCCTCGAGCCCAGGAATTCAAGGCCAGCCTTGGCAACATAGTGAGAGCCCCATGTCTACCCAAAATTTAAAAAATTAGCTGGGCATGGTGGCGTGTGCCTGTAGTCCCAGCTAATTGGGAGGCTAAGTCGGGAGGATCCATTGAGCCCAGGAGTTGAAAGTTACAGTGAGCTGTGGTCATGCCACTGCACTCCAGCCTGAGGGACAGAGTGAGACCCTGTCTCAATTTAAAAAAAAAAGAA","GGCCAGGTGCGGTGGCTCACGCCTGTAATCCCAGCACTTTGAAAGGCCAAGGCAGGAGGATTCCTCGAGCCCAGGAATTCGAGACCAGCCTTGGCAACATAGTGAGATCCCCATCTCTACCCAAAATTTAAAAAAATTAGCTGGGCATGGTGGCGTGTGCCTGTAGTCCTAGCTCCTTGGGAGGCTAAGTCGGGAGGATCGATTGAGGCCAGGAGTTCAAAGTTACAGTGAGCCGTGGTCATGCCACTGCACTTCAGCCTGAGGACAGAGCGAGACCCTGTCTCAATTTAAAAAAAAAAAAAGAAAAAGAA"
"chr1","54031727","54032011","chr1","52800366","52800652","18","1231361","GGTTGGGTGTGATGGCTCACACCTATAATCCTAGCACTTTGGGAGTTGAGGCAGGAAGATGGTTTGAAGCCAGGAGTTTGAGACCAGACTGGCCAACATAGTAAGACTCCTATCTCTACAAAAAAATTTTCAAAATTTAGCCTGGTGTGGTTGTGCATGCTGGCAGTCCTAACTACTCAGGAGGCTGAAGCAGGAGGATCCCTTGAGCCCAAGAGTTCAAGGTCGCAGTGAGCTATGATCATGCTTGCATTCCAGCGTGGGTGACAGAGTGAAACCTCATCTCAA","GGTTGGGTGTGATGGCTCACACCTATAATTCTAGCACTTTGGGAGTTGAGGCAGGAAGATGACTTGAGGCCAGGAGTCTGAGACCAGCCTGGGCAACATAGTAAGACCCCCATCTCTACTAAAAAAATTTTGAAATGTAGCCTGGTGTAGTTGTGCATGCTGGCAGTCCTAACTACTCAGGAGGCTGAAGCAGGAGGATCGCTTGAGCCCAAGAGTTCAAGGTCGCAGTGAGCTATGATCATGCTACTGCATTCCAGCGTGGGTGACAGAGTAAAACCTCATCTCAA"
"chr1","54102730","54103053","chr1","52872748","52873065","33","1229982","GGCCAGGTGCAGTGACTCATGCCTGCATTCCCAGCACTTTTTTTCTTAATTGGGAGGCCAAGGTGGGAGGATGACTTGAGGCCAGGAGCTCAAGACCAGCCTGAGCACAGTGAGACCTTTTTTCTACAAAGAAAAAAAAAAAAAAACCCTAAAAATTAACTGGGCGTGGTGGCGCATACCTGTAGTCCTAGCTATTTGAGAAGCTAAAGGTGCAGTATAGCATGAGCCCAGGAGCTCAGGGTTACAGTGAGCTATGATCCTACTACTACACTTCAGCTGCAGTGACAGAGTGAGACCCTGTATCTAAAAAGAAATAAGTAAAAA","GGCCAGGCACAGTGACGCATGCCTACATTCCCAGCACTTTTTTTCTAAATTGGGAGGCCAAGGTGGGAGGATGGCTTGAGGCCAGGAGCTCAAGACCAGCCTGAGCAGCACAGTGAGACCTTTTTTCTACAAAAAAAAAAAAAAAAAAAAACCCTAAAAATTAACTGGGCATGGTGGCGCATACCTGTAGTCTTAGCTATTCGGGAGGCTAAAGGTGCAGGATGGCATGAGCCCAGGAGCTCAGGGTTACAGTGAGCTATGATCCTACCACTGCACTTCAGCTTCAGTGACAGAGTGAGACCCTGTATCTAAAAAGAA"
"chr1","54141731","54142035","chr15","26711810","26712122","64","27429921","GGGTGTGGTGGCTCACGCTTGTAATCCCAACACTTTGGGAGGCCTAGGCAGGAAGATCACTTGAGGCCAGGAGTTCAAGACTAGTCTGGGCAATGTAGTAAGACCCTATATCTAAAAAAAATTTAAAACTAGCCAGGTATAGTACCATGCACCTATAGTCCCAAGCTACTCAGGAGACTGAGGCAGGAAAATCCCTTGAGCCCAGGAGTTTGAGGTCACAGTGAGTTATGATGCCACTGCACTCCAGCCTGGGTGACAGAGTGAGACCTTTTCTAAAAAAATAATAATAATAATAATAAATAAAA","GGCTGGGCAATGGTGGCTCATACCTGTAATCCCAACACTTCGGGTGGTTGAGATGGGAGGATCACTTGAGGCCAGGAGTTTAAGACCAGCCTGGGCAACACAGTGAGACCCATCTCTACAAAAAATTTAAAAATTAGCTAGGCATAGTGGCATGTGCCTGTAGTCCCAGCTACTTAGGAGGCTGAGGCAAAAAGATTACTTGAACCCAGGAGTTTGAGGTTACAGTGAGCTATGATGGCACTACTGCACTCCAGCCTGTGTGACAGAGTGTGAGACCCTGTCTCTAAAAAATAGATAAATAAAATAAAATAAA"
"chr1","54227090","54227261","chr1","52997266","52997436","10","1229824","GTAGCCTGGCTAATGATAATTAGCGACTCGGATGGCTGAGGGGGGAGAATCACTTGAGCCAAGGAGGTTGAGGTTACAGTGAGCCATGATCATGCCATGGCACTGTAGCCTGGGTGACAGAGAGTGGCAGACCGAGACCCTGCCTCAAAAAAACCAAAATAAAAAACACAAA","TAGCCTGGCTAATGATAATTAGCTACTCGGATGGCTGAGTGGGGAGGATCACTTGAGCCAAGGAGGTTGAGGTTACAGTGAGCCATGATCGTGCCATGGCACTGTACCCTGGGTGACAGAGGATGGCAGACTGAGACCCTGCCTCAAAAAAACCGAAATAAAAAACACAAA"
"chr1","54227295","54227413","chr1","52997477","52997595","9","1229818","GGCCAAGCATGGTGGCTCACACCTGTAATCCCAGCACTTTGGGAGGCCAAGGCAGGAGGATCACTTGAGGCCAGGAGTTCAAGACCAGCCTAAGCAACATAGTGAGACCTTGTTTCTAA","GGCCAACCATGGTAGTTCATGCCTGTAATCCCAGCACTTTGAGAGGCCAAGGCAGGAGGATCACTTGAGGCCAGGAGTTCAAGACCAGCCTAGGCAACATAGTGAGACCTTATTTCTAT"
"chr1","54240882","54241094","chr1","53010052","53010267","21","1230830","GGCTGGGTGCAGTGGCTCACGCCTGTAATCCCAGTACTCTGGGAAACCAAGACAAGAGGATCTCTTGAGGCCAGGACTTTGAGGCCAGCCTGAGCAACATAGCAAGACCCCATCTCTATAAACAATAACAAAAATTAGCTGGGTGTGGTGGTGCTTTCCTGTAGTCCTAGCTACTCGGCAGGCTGGGGCAGGAGGATCATTTGAGCCCAGGAG","CTGGGTGTGGTGACTCACGCCTGTAATCGCAGTACTCTGGGAAACCAAGACAAGAGGATCTCTTGAGGCCAGGAGTTTGAGGCCAGCCTGGGCAATATAGCAAGACCCTATCTCTACAAATAATAATAATAAAAAAATTAGCTGGATGTGGTGGTGCTTGCCTGTAGTCCTAGCTACTCGGGAGGCTGGGGCAGGAGGATCATTTGAGCCCAGGAG"
"chr1","54673566","54673846","chr4","107482202","107482483","73","52808636","TGGCTCACACCTGTAATTCTAACACTTTGGGAGGCCAAAGCAGGAGAACTGCTTGACCCCAGGAGTTCAAGGCCAGCCTGGGAAACACGGCAAGACCCTGTTTCAACAAAAATTTTTAAAAATTAGCCAGGTGTGGTGGTGCACACCTGGTGTGCCCCTATAATACCAGCTACTTGAAAGGTTGAGGCGAGAGGATCATATGAGCCCAGGAGTTCGAGGTTACAGTGAGCTGTGATCATGACACTGTACTCCAGCCTGGTGATACAGTGAGACCCTGTCTC","GGCCAGGTGCAGTGGCTCACGCCTATAATCCCGGCACTTTGTGAGGCTGAGGCAGGAGGATTGCTTGAGGCAAGGAATTCAAGACCAGCTTGGGCAACACAGCAAGACCCTGTCTCTACAAAACAATTTTTCAAAATTAGCTGGGTGTAGTGGTGCACACCTGTAGTCCTAGCTACTTGGGAGACTGAGGCAGGAGGATCGTTTGAGGCCAGGAGGTTGAGGCTACAGTGAGCTATGATCATGCCACTGCACTCCAGCCTGGGAGACAGTGAGACTCTGTTT"
"chr1","54761191","54761483","chrX","30822633","30822934","74","23938558","GGCTGGGCATGGTGGCTCATTCCCATAATCCCAGCATTTTGATAGATCAAGGAAGGAGGATTGTTTGAGGTCAAGAGTTCAAGACCAGCCTGGGCAACATAAGGAGAAGCTATAACAGTCACAAAATTTGCCGGGTTTGGGTGGCACGCCTGTAGTCCTAACTACTCTGGCTGAGGTGAGAGGATGGCTAGAGCCCAGGAGTTCGAGGCTGCAGTGAGCTATGATCACACCACTGCCCTCCAGCCTGGTGACAGAGGAAGGAAACCCCGTCTCAATTATTAAAAAAAAAAAAA","GGCTGGGCATGGTGGCTCACACCTGTAATCCCAACACTTTGGCAGGCTGAGGTGGCAGGATCACTTGAGGTCAAGAATTTGAGACCAGCCTGGGCAACATAGGGAGATACCATCTCTACAATTTTTTTTTTTAATTACCCAGGCATGGTGGCTCATGCCTGTAGTCCCAGCTACTCAAGAGGCTGGGGCTGGAGGATCGCTTGAGCCCAGGAATTCAAGGTTACAGTGAGCTATGATTACACCACTGCACTCCAGCCTGGGTGACAGAGGAAGGCCCTGTCTCAAAAAAAAAAAAAAAAAAA"
"chr1","54862796","54863098","chr1","53671206","53671483","37","1191590","GGCTGGGCATGGTGGCTTATGCCTATAATCCCAGCACTTTGAGAGGCTGAGGCAGGAGAATCGCTCGCATCCAAGAGTTCGAGACCAGCCTGGGCAACATAGCGAGATTCTGTCTCCATGAAAAAAATTTTTAACTTAGACTACGGTTGTAGTGGCATGTGCCTGTAGTCCTAGCTACTTGGGAGGCTGAGGCAGGAGGATTGCTTGGGTTCAAGGTTATAGTGAGCTATGATCAAGCCACTGCACTCCAGTCTGGGTGACAAACAAGACCTTGTCTCTGAAGAGAGCAACAACAATGAAAAA","GGCTGGGCATGGTGGCTTATGCCTATAATCCCAGCACTTTGGGAGGCTGAGGCAGGAGAATCACTTGCGTCCAAGAGTTTGAGACCAGCCTGGGCAACATAGTGAGATTCTGTCTCTATGAAAAAATTTTTTAACTTAGACTACAGTTGTAGTGGCATGTGCCTGTAGTCCTAGCTACTTGGGAGGCTGAGGCAGGAGGATTGCTTGAGTTCATGGTTATAGTGAGCTATGATCAAGCCACTGCACTCCAGTCTGGGTAACAAACAAGACCTTGTCTC"
"chr1","55295113","55295242","chr3","43450984","43451115","30","11844129","GGCCAGGTGCGGAGTCTCAAACCTATAACCCCAACACTTTGGGAGGCTGAAGTTTAAGGATTCCTTGAGGCTTGGGGTTCAAGGCCAGCCTGCCCAATATAGCAAGACTCTATCTCTATATAATTTAAAA","GGCTAAGTGTGGTGGCTCACACCTGTAATCCCAGCACTTTGGGAGGCTGGGGCTGGAGGATTGCTGGAGGCCAGGAGTTGGAGACCAGCCTGGGCAACATAGCAAGACTCCCTCTCTATAAAAATTTAAAAA"
"chr1","55320933","55321075","chr1","220376410","220376552","29","165055477","GGGCGTGGTGGCTCACAACCATAATCCTAGCACTTTGGGAGGCCAAGGCAGGAGGATTTCTTGAGGCCAGGAGTTTGAGACCAGCCAGTGATAACATAGTGAAACCCTGTCTCTACAAAACATTAAAAAAATTAGCCCAGTGT","CTGGCCATGGTGGCTCACACCTGTAATCTCAGCATTTTGAGAGGCCGAGGCAGGAGGATTGCTTGAGGCCAGGAGTTTGAGACCAGCCTGGCAGCGTAGTGACACCCCATCTCCACAAAACATTTAAAAATTAGCTGGGTGTG"
"chr1","55532749","55532864","chr1","54342085","54342195","13","1190664","GGAGTGGTGGCTCACACCTGTAATCCCAGTACTTTGGGAGGCTGAGGTGGGAGGATCACTTGAAGCCAGGAGTTTGAGACCAACCAGGGCAACATCGTGAGACCCAGTGTTTACAA","GGTGGCTCACACCAGTAATCCCAGTACTTTGGGAGGCTGAGGTGGGAGGATCACTTGAGGCTGGAAGTTTGAGACCAACCTGGGCAACATCGTGAGACCCAGTGTCTACGA"
"chr1","55533157","55533331","chr1","54342503","54342692","35","1190654","TACAAAATTTAACAAAGTAAAAAAAAAAAAAATCAGCTAGGCCTGGTGGCCCAGTAGTCCTATGTAGTCCATGTAGTCCTAGCTACTCAGAAGGCTGAGACTGAAGGATTGCTTGAGCCCAGGAATTCGAGATTATAGCGAGCTGTGACTGCATCACTGCATTCCAGCCTGGGTG","TACAAAAATTTACCAAGTAAAAAAAAAAAAAAAAAAAAAAAAAAAAATTAGCTGGGCATGGTGGCCCAGTAGTCCTACGTAGTCCATGTAGTCCTAGCTACTCAGAAAGCTAAGACCAAAAAATTGCTTGAGCCCGGGAATTTGAAATTGTAGTGAGCTGTGACTGCATCACTGCATCTCAGCCTGGGTG"
"chr1","55583677","55583942","chr1","54390419","54390667","36","1193258","GGTTGGGTACAGTGGCTCACACCTGTAATCCAAGCACTTTGGGAGGCTGAGACAGGAGGATCGCCTAAGGCCAGGAGTTCAAGACCAACCTGGGCAACATAGTGAGACCCTGTCTCTCCAAAAATTTAGCTGGGCGTGGTGGTGCCTGCCTGTAGTCCTAGCTACTTGGGAGGCTGAGGCAGGAGGATCGCTCAAGGCTACAGGGAGCCATAATCACACCACTGCACTCCAGCCTGGGTGACAAAGTGAGACCCTGTTTCTAAAAA","GGTTGGGTGCAGTGGCTCACACTTGTAATCCAAGCACTTTGGGAGGCTGAGGTCAGGAGTTCAAGACCAACCTGGGCAACATAGTGAGATCCTGTCTCTACAAAAAAGTTAACTGGGCATAGTGGTGCCTGCCTGTAGTCCTAGCTACTTGGGAGGCTGAGGCAGGAGGTTCGCTCAAGGTTGCAGGGAGCCATAATCATGCCACTCCGCTCCACCCTGGGTGACAAAGCGAGACCCTGTTTCTAAAAA"
"chr1","57652402","57652539","chr20","2883411","2883547","25","54768991","GGAGGCAGGAGGATCACGGAGGATCACTTGAGCCCAGGAGTTCGAGATTACAGTGAGCTATGATTGTGCCACTATACTCCAGCCTGGGCGACAGAGTGAGACCCAGACTCAAAACAAAACAAACAAACAAACAAAAAA","GGGAGGCTGTGGCAGGAGGATTGCTTGAGTACAGGAATTCAAGGTTACAGTAAGCTATGATTGTGCCACTGTACGCCAGCCTGGGTGACAGAGTGATACCCTGTCTCAAAACAAACAAACAAACAAAAACACAAAAA"
"chr1","58050648","58050939","chr1","56726740","56727068","52","1323908","GGCCAGGTGGAGTGGCTCATGCCTATAATCCCAGTGCTTTGGGAGACCAAGGTGGGAGGATTGCTTCGGGCCAGGAATTCAAGACCACAGTGGGTAACATAGCAAGTCCTCATCTTTAAAAAAAAAAAAAAAATTGCCAGGCATGGTGGTGCACGCCTAGTCCTAGCTACTGGGTAAGCTGAGGCAGGAGGATCATTTGAGCACAGGAGTTTAAGGATACAGTGAGCTATGACTGCAACACTGCACTTCAGCCTTGGTGACAGAGTAAGAGCCTGTCTAACAAAAAAAAAAA","GCCAGGTGGAGTGGCTCATGCCTATAATCCCAGTGCTTTGGGAGACCAAGGTGGGAGGATTGCTTCAGGCCAGAAATTCAAGACCAGAGTGGGCAACATAGCAAGTCCTCATCTTTAAAAAACAAACAAACAAACAAAAAAAAACAACAATTTGCCGGGCATGGTGGTGCATGCCTGTAGTCCTAGCTACTGGGTAAGCTGAGGCAGGAGGATCACTTGAGCACAGGAGTTCAAGGATACAGTGAGCTATGACTGCAACATTGCACGTCAGCCTGGGTGACAGAGTAACAGCCTGTCTCAAAAAAAAAAAAAAAAAAAAAAAAAAAGAA"
"chr1","58751090","58751345","chr1","9262276","9262521","62","49488814","GGAGGCTGAGGCAGCAGAATTGCTTGAGGCTAGGAATTCAAGACCAACCTGGGCAACACTGCAAGACCCCATCTCTATAATTTTTCTTTTAATTAACTGTGCATGGTGACATGTACCTGTAGTCCTAGCTACTCAGGAGGCTGAGGCAGAAGGATCGATTGAGCCTAGAAGTTCAATGCTACAGATAGCCTTGATCCTGCCACTGCACTTCAGTCTGGGCAACACAGCAAGACCCTGTCTCAAAAATAAAGAAAAA","GGAGGAAGGCTTGAGGCCAGGAGTTGGAGACCAGCTTGGGCAACATAACAAGACCCCATCGCTACAAAATTTTTTTTAAATTAGCTGGGTGTGGTGGCACACACCTGTAGTCCTAGTTACTCAGGAGGCTAAGACAGAAGGATCACCTGAGCCCAGGAGTTCAAGGCTACAGTGAGCCATGATACTGCCGGTGCACTCCAGCCTGGGCAACAGAGTGAGATCCTGTCTCAGAATAAAGAAAGAAAA"
"chr1","59018937","59019065","chr11","98398817","98398954","20","39379880","GGCTGGGCATGCTCATGCCTGTAATCCCAGCACTTTGGGAGGCTGAGGCAAGAGATCCCTTGAAGCCAGGAGTTTGAGACCAGCCTGGTCAATAAAGTGAGACCCTGTCTCTATATACATTTTAAAAAT","GGCCGGGAGCCATGGCTCACACCTGTAATCCCAGCACTTTGGGAGGCTGAGGCAGGAGGATCCCTTGAGCCCAGGAGTTTGAGACCAGCCTGGGCAACATAGTGAGACTCTTGTCTCTATAAACAATTTTAAAAATTA"
"chr1","59514572","59514709","chr1","58209551","58209687","11","1305021","CCAGGCGTGGTGGCTCATGACTATAATCCCAGCACTTCGCAGTGCAGTATGATCAGTTGAGCCCAGGAGTTAAAAACCAGCCTGGGCAACATAGTGACACACCGTGTCTACAGAAAAAATTTAAAAAATTAGCTGGGC","CCAGGCTTGGTGGCTCATGACTGTAATCCCAGCACTTCGCAATGCAGTGCGATCAGTTGAGCCCAGGAGTTAAAAATCAGCCTGGGCAACATAGTGACACACCGTGTCTACCGAAAAAATTTGGAAAATTAACTGGG"
"chr1","60254786","60255060","chr1","58955984","58956251","29","1298802","GGTCAGGTGCAGTGGCTTACACTTGTGATCCCAGTGCTTTGGGAAGCTGAGGCAGCAGGATTGCTTGAAGCCAGGAGCTCAAGACCAGCCTAAGCAACTTAGTGAGATGCTATCTCTACAAAAAAATTTTAAAAATGTTTAGCTTGGGCATGGTGGCATGCACCTGTTGAGAGGCTAAGGCAAAAGGATTGCTTGAGCCCAGCAGTTTGAGGTTACACTGAGCTATGATTGCACCATCGCACTCTAGCCTAGGCAATCAGGAAAAAAAAAAAAAA","GGTCAGGTGCAGTGGCTCACGCTTATAATCCCAGTGCTTTGGGAAGCTGAGACAGTAGGATTTCTTGAAGCTACGAGCTCGAGACCAGCCTAAGCAACTTAGTGAGATGCTATCTCTACAAAAAAATTTTTAAAATGTTTAGTTTGGTTGCACCTGTTGAGAGGCTAAGGCAAAAGGATTGCTTGAGCCCAGCAGTTTGAGGTTACAGTGAGCTATGATTGCGCCATTGCACTCTAGCCTAGGCAATCAAAAAAAAAAAAAAAAAAAA"
"chr1","60315106","60315232","chr18","39283470","39283587","31","21031636","GGCCGAGCACAGTGGTTCACACCTATAATCATATCACTTTTGCAGGATCACATAAGGCCAGGAGTTTGAAATCAGCCTGGCCAAAATAGTGAGACCAAGTCTCTACAAAAGAAACATTTTAAAATTA","GGCTAAGCACAGTAGCTCACACCTATAATCCCAGCACTTTGATCACTTGAGGCCAGGAGTTTGAGACCAGCCTGGGCAACATAGTGGGACCTTATTTCTACAAAAAAATAAAAAAAAT"
"chr1","61256301","61256571","chr1","59998087","59998354","21","1258214","GTGCAATGGTTCACACATGTAATGCCAGTGCTTTAGGAGGCTGAGGTGGGAGGATCTTTTGGGGCCAGGACTTTGAGATCAGCCTGGGCAACAGAGCAAGAGCCCATCTCTACAAATATTTTCAAAATTAGTTGGGCATGGTAGCACATGCCTGTAGTCCCAGATACTCAGGGGGCTAAGGGGATTGCTTGAACCCAGGAGTTTGAGGTTATAGTGAGCTATGACCATGCCACTGCACTCCAGCCTGGGCAACAGAGGGAGACCTCATCTC","GCAGTGGTTCATGCCTGTAATGCCAGTGCTTTGGGAGGCTGAGGTGGAAGGATCTTTTGGGACCAGGACTTTGAGATCCGCCTGGGCAACACAGCAAGAGCCCATCTCTATAAATATTTTCAAAATCAGTTGGGCATGGCAGCACATGCCTGTAATTCCAGATACTCAGGGGCTGAGGGGATTGCTTGAACCCAGGAGTTTGAGGTTATAGTGAGCTATGATCATGCTACTGCACTCCAGCCTGGGCAACAAAGGGAGACCTCATCTC"
"chr1","62139484","62139571","chrX","53096553","53096642","20","9042931","GAGTTTGAGGTTATAGTGAGCTACGATTGAACAACTGCACTCTAACCTGGACAACAGAGAACCTGTCTCAAACAAAAAAAAGTAAAAA","GAGTTTGAGGTGACAGTGAGCTATGATTGTGCCACTGCACTCTAGCTCTAGGCACCAGAATGAGATCCTGTCTCTAAAAAAAGAAAAAAA"
"chr1","62199716","62199859","chr1","60812406","60812549","6","1387310","GGCTTGGTGCAGTGGCTCATGCCTGTAATCCCAGCACTTTGGGAGACTGAGGCAGGAACATCCCTTGAGGCCAGGAGTTCGAGCCAGCATGGGCAACATAGGGGGACTCCACGTCTATATTATTGAATAAAAATTTAAAAATTA","GGCTTGGTGCAGTGGCTCATGCTTGTAATCCCAGCACTTTGGGAGGCTGAGGCAGGAACATCCCTTGAGGCCAGGAGTTTGAGCCAGCATGGGCAACACAGGGGGACTCCACGTCTATATTACTAAATAAAAATTTAAAAATTA"
"chr1","62434942","62435211","chr1","61043787","61044096","57","1391155","GGGGCCCAAGGTGGGAGGATTGCTTGAGGCCAGGAGCTTGAGATCAGCCTAAGTAACATAGCAGGACCCTGTCTCTACAAAAAAAAATTTTTAATTAGCCATGCATAATGGCATGTGCCCGTAGTCCCAGCTACTTGGGAGGCTGAGGCAGGAGGCTTGCTTGAGCCCAGGAACTCAAGGTTACAGTGAGCTATGATTGTGCCATTGCACTCCAGCCTGAGCAACAGAGTGAGACCCTGTCTCAAAAGAAAAGAGAAACAAACAGAAAAA","GGCCAGGCGTGGTGGCTTACACCATAATCCCAGCACTTTGAGGGCCCAAGGTGGGAGGATTGCTTGAGGCCAGGAGCTTGAGATCAGCCTAAGTAACACAGCAGGACCCTGTCTCTGCAAAAACATTTTTAAAATTAGCAACGCATAGTGGCATGTGCCTGTCGTCCTAGCTACTTGGGAGGCTGAGGCAGGAGCCTTGCTTGAGCCCAGGAACTCAAGGTTACAGTGAGCTATGATTGTGCCATTGCACTCCAGCCTGAGCAATAGAGTGAGACCCTGTCCCAAAAGAAAAGAGAAAGAAACAGAAAAA"
"chr1","62704159","62704463","chr1","61321003","61321309","29","1383156","GACCGGGCCTGACAGCTCACGCCTGTAATCCCAGCACTTTGGGAGGCCAAGGCGAGAGCAATGCTTAAGATGAGGAGTTCAAGACCAGCCTAGGCAACGTAGCGAGACCCCCCAACCCCCATTTCTACAAAAAATTTAAAAATTAACCAGGTGTGGTGGTGCATCCCATCATCCTGGCTACTCAGGAAGCTGAGACAGGAGGATTGCTTGAGCCTAAGAGATCAGGGCTACAGTGAGCCATCATCGCACCACTGCACTCCAGCCTGGGTGACAGAGCAAGAGATTCTACCTCAAAAATAAATAAA","GACCAGGCCTGACAGCTCATGCCTGTAATCCCAGCATTTTGGGAGGCAGAGGTGAGAGGAATGCTGAAGATGAGGAATTCAAGACCAGCCTAGGCAATGTAGCGAGACCCTCCCAACCCCCATCTCTACAAAAAAATGTAAAAATTAACCAGGTGTGGTGGCGCACCCTGTCATCCTGGCTACTCAGGAAGCTGAGGCAGGAGGATTGCTTGAGCCTGGGAGGCCAGGGCTACAGTGAGCCATTATCATGCCACTGCACTCCAGGCTGGGTGACAGAGCAAGAGAGTCTACCTCAAAAATAAATAAA"
"chr1","62765670","62765814","chr1","61384565","61384709","9","1381105","GGCCAGGTGTGATGGCCTGTAATCCAAGCATTTTGGGAGGCCAAGGCAGGAAGATCACTTTATCCCAGGAGTTCAAGACTAGCCTGGGCAACATAGTGAGACCCTGTCTCTACAAACAATTTTAAAAACTAGCCAGGCATAGTGG","GGCCAGATGTGATGACTTGTAATCCAAGCATTTTGGGAGGCCAAGGCAGGAGGATCACTTTATCCCAGGAGTTCAAGACTAGCCTGGGCAACATAGTGAGACCCTGTCCCTACAAAAAATTTTAAAAAGTAGCCGAGCATAGTGG"
"chr1","62958949","62959228","chr2","153692636","153692913","64","90733687","GGCCAGGCGTGGTGGCTCACGCCTGTAATCCCAGCACTTTATGTGGCCAAGGTGGGAGAATCACTTGAGGCCAGGAGTTCAAGATGAGCCTGGGCAACATAGTGAAAACCTGCTGCCACAAAAAAATAAAAAGTAAGCCTGATATGTTGGTGCATGCCTGTAGTCCTAACTACTCTGGGGGCCTCGGCGGGAGGATCTCTTGAGCCCAGCAGTTCGAGGTTATAGCAAGCTATGATTACACCACTGCACTCCAGCCTGGCAAACACAGTGAGACCTGGTC","GGCAGAGTGCAGTGGTTTATGCCTTAATCCCACCGCTTTGGGAGGCCAAGCTGAGAGGATCACTTGAGGCCAGAAGTTCAAGATCAACCTGGCAACATAGCATGCCATCTCTACAAAAAAATTAAAAAATTAGATGGGCATGGTGGAGTACACCTGTAGTCCTAGCTACTCAGGAGGCTGAGGCAGGAGGATCCCTTGAGTCCAGGAGTTCGAGGCTATAGTGAACTATGATTACACCACTGCACTCCAGCCTGGGTAGCAGAGTGAGAACCTGTCTC"
"chr1","63028476","63028690","chr1","61640067","61640273","18","1388409","CTAGCCTGGGCAATATAGCCAGACTTCCATCTCTACAAAAAACTTAAAAATTAGCCAGGCATGGTGGCATGCACCTGTAGTCCCAGCTACTTGGGAGGCTGACGCAGGAGGATCACTTGAGCCCAGGAGTTTGAAGTTTCAGTGAGCTAGGATCACAGCACTGCACCCTAGCATGGACAACAGAGCAAGGCCCCCATTTCTAAAAAATAAATAAA","CTAGCCTGGGCAACATAGCCAGACCCCCATCTCTACAAAAAATTTAAAAATTAGCCAGGCATGGTGGCATGCACCTGTAGTCCCAGCTACTTGGGAGGCTGACGCAGGAGGATCGCTTGAGCCCAGGAGTTTGAAGTTTCAGTGAGCTAGAATCACACCACTGCACTCTAACGTGGACAACAGAGCAAGGCCCCCATTTCTAAAAAA"
"chr1","63055436","63055728","chr1","61668273","61668543","46","1387163","GCTGGATACAGTGGCTCATGCTTATAATCCCAGCATTTTGGGAGGACTGCTTGAGCCCAGGAGTTTGAGACAAGCCTGGGCAACATAGCGAGACCCCGTTTGTACAAAAAATTTAAAAAGTTAGCCCAGCATAGCGGCACGCGCCTATAATTTTGGCTGCTCTGGAGGTTGAGGCGGGAGGATCATTAAGTCCAGGAGTTCAAGGCTACAATGAGCCATGACTGTACTACTGCACTTTAGTCTGGCCTACAGAGGAAGACCCTCATCTCTAAAAATAAATAAATAAAAATAAA","CAGTGACTCACGCTTGTAATCCCAGCATTTTGGGAGGACTGCTTCAGCCCAGGAGTTTGAGACAAGCCTGGGCAACATAGCGAGACCCTGTCTGTACAAAAAGTTTGAAAAGTTAGCCTGGCATAGCGGCACGCACTTATAATTTTGGCTACTCCGGAGGTTGAGGCGGGAGGATCATTAAGTCCAGGAGTTCAAAGCTACAGTGAGCCATGATTGTACTACTGCACTTTAGCCTGGGCTACAGCATGAGACTCCCATCTCTAAAAATAAA"
"chr1","63066849","63067032","chr7","135746152","135746331","44","72679303","AAAGCTGGGCACAGTGGCATGCACCTATAGTTCTAGCTACTCCGGAGGCTGAGGAGGGAGGATCACTTGAGCCCAGGAGTTTCAAGTTACAGTGAGCTATGATCATTCTATTGCACCCCCAGCCTGGGTGACAGAGCTAGACCCTGTCTTTTTTTTTTTAAACAAAACAAAACAAAACAAAAAA","TTAGCTAAACATGGTGGTGTGCACCTGTATTTCTAGCTACTTGGGAGGCTGAGGTGGGAAGATCTATTGAGCCCAAGGAGTTCAGGGTTACAGTGAGCTATGATCCTGCCACTGCACTGCAGCCTAGGTGACAGAGTAAGACCCTGTCTTTAAAAAAAAAAAAAAAAAGGAAAAAAAAAA"
"chr1","63067405","63067547","chr1","61682214","61682356","5","1385191","GGCTGGGCACAGTGGCTCACATCTGTAATTCCAGCCCTTTGGGAGGTTGAGGTGGGAAGACTGCTTGAGCCCAGGAGTTGGAGATTAGCCTGGGCAATACAGAAAGACTTTGACTCTACAACAAATAAAATAAAAATTAGCTG","GGCTGGGCACAGTGGCTCACATCTGTAATTCCAGCCCTTTGGGAGGTTGAGGTGGGAAGATTGCTTGAGCCTAGGAGTTGGAGATCAGCCTGGGCAATACAGAAAGACTTTGACTCTATAACAAATTAAATAAAAATTAGCTG"
"chr1","63200395","63200690","chr11","98241209","98241503","63","35040814","GGCTGAGTGCAGTGGCTCACACCTATAGTCCCAGCACTTTGGGAGGCTGAAGCAGGAGGAACACTTGAGGCCAGCAGTACAAGACCAGCCTAGGCCATAGCAAGACCCCATCTCTACAAAAAAGTTAAAAAGTTAGCCCGGCATGGTGGTGTGTGCCTGTAGTCTTAGCTACTCAAGAGACTGAAGCAGGAGGATGGCTTGAGCCGAAGAGTTGGAGGCTACGGTGAGCCACTATTGTGCCACTGCATTCCTGCCTGGGCAGCAGAGTGAGACCCTGGCTCAAAACAAATAAAAAA","GGCTGGGGCTGGTGGCTCACACTTGTAATCCCAGCACTTTGGGAGGCTGAAGTGAGAGAATTGCTTGAAGCCAGGAATTCAAGACAAACCTGGGCAACATAATAAGACCCCATCTCTACAAAAAAATTTTTAAATTATCCAGGCGTGGTAGTGTGCACCTGTAGTCCTAGCTACTTCAGAGGCTGAAGGAGGAGAATCACTTGAACCCAAGAGTTGTAGGTTACAGAGGGCTATGATTGTGCCACTGCACTACAGCCTGGGCAACAGAGTGAGACCTTGCCTCAAAAAATAAAAA"
"chr1","63239248","63239545","chr1","61857823","61858138","35","1381425","CTGGGCATGGTGGCTCATACCTATAATCCTGGCACTTTGGGAGGTTGAGTGGGAGGATCGCTTGAGGCCAGGAGTTTTAGACCAGCCTGAGCAACATAGTAAGACCTCGTCTCTACAAAAAATTTTAAAAAGCCCACTGTGGTGGTGTGTACCTGTAGTCCTAGCTACTCAGGAGGCTGAGGCAGGAGTGTTATTTGAGCCAAGGAGGTCGAGGGTGCAATGAATCCTAGTCTTACCACTGCACACTAGCCTGGGTGGCAGAGTGAGACCCTGTTTTAATAAAAATAGAAAAAAAAAA","CTGGGCGTGGTGGCTCATACCTGTAATCCTGGCACTTTGGGAGGTTGAGGTGGGAGGATCGCTTGAGGCCAGGAGTTTGAGACCAGCCTGAGCAACATAGTACAACCTCGACTCTACAAAGAATTTTAAGAAGCCCAGTGTGGTGGTGTGCACCTGTAGTCCTAGCTACTCAGGAGGCTGAGGCAGGAGTGTTACTTGAGCCAAGGAGGTCGAGGGTGCAATGGATCCTAGTCTCACCACTGCACCCTAGCCTGGGTAGCAGAGTGAAACCCTGTTTTAATTAAAAAAAAACCCAAAAGCCAAAAAAAAAAAAAAA"
"chr1","63301923","63302189","chr1","61925691","61925934","47","1376232","TTTGGGAGACCAAGGCGAAAGGATTGCTTGAGGCCAGGAGTTTAAGACCAGCCTGGGCAAAATAGCAAGACCTCATCTCTACAAAAAAAAATTTTAAATAAAAAATAGACAGGCATGGTGACATATGTCTGTAATCCTAGTTACTTAGGAGGCTAAAGCAGGAGGATTGTTTGAGTCCAGTGAGTTATTTTCGCACCACTGCACTCCAGCCTGGGTGACAGATTGAGACCCCATCTCTAAAAGAAAAAAAAGAAAGAAAAAGTAAAA","TTTGGGAGGCCAAGGCAAAAGGATTGCTTGAGGCCAGGACATAGCAAGACTGCATCGCTACAAAAAAAAATTTTTTTTTAAATAGCCAGGCATGGTGACACATGTTTGTAATAATCCTAGTTACTTAGGAGACTGAGGTAGGAGGATTGCTTGAGTCCAGTGAGTTATTTTCGCACCACTGCACTCCAGCCTGGGTGACAGATTGAGACCCCATCTCTACAAAAAAAAGAAAGAAAAAGTAAAA"
"chr1","63556742","63557042","chr1","109768500","109768802","66","46211758","GCCCAGCATGGTGGCTGACACCTGTAATCCCAACATTATGGGAGGCCAAGGCGCGATCCTCGCTTGAGGCCTGAAGTTTGAAACCAGTCTGGGCAACACTGTGAGATCTCATCTCTACCCAAAAAAAAAAAAAAAAATTAGCTGGGCATGGTGATGTGTACCTGTGGTCCTAGCTACTTGGGAGACTGAAGCAGGAAGATCACTTAGGCCCAAGAGTTTGAGGTTACAGTGAACTATGATCACCACTGCACTCTAGCCTGGGTGACATAGTAAGACCCTGTCTTTTAAAAAGAAAGAAAAA","GGCCAGGCACAGTGGCTCACACCTGTAATCCCCACACTTTGGGAGGCTGAGACAGGAGGATTGCTTAAGGCCAGGAGTTTGAGACCAGCCAGGGCAACACAGTGAGACTGTCTATACAAAAAAAAAACAAACAAAATTAGCCAGATGTGGTGGCCCATACCTGTAGTCCTGGCTACTCGGGAGGCTGAGGCAGGAAGATCACTACGGCCCAGGAGTTCAAAATTCCAGTGAGCTATGATCACATAACTGTACTCCAGCCTGGGTGACATAGCAAGACCCTGTCTCTATTAAAAAAAAAAAAAA"
"chr1","63750771","63751094","chr1","62377687","62377985","40","1373084","GGCCAGGCACAGAGGCTCATGCCTGTATTCCCAGCATTTTGGGAGGCCAAGGTGGGAGGATCGCTTGAGGCCAGGAGTTTGAGACCAGCCTGGGCAACGCTGGGCAACATAGCAAGACCCCATCTCTAAAATAAATTTAAAAATTAGCCAGACATGGTGGTGCACACCTGTAGTTCTAGCTACTCAGGAGGCTGAGGTGAGAGGACAGCTTGAGCCCAGGAGTTCAAGGTTATAGTGAGCTATGATGACGCCATTGTGCTCCATCCTGGACAACAGAGCAAGAGTCCACCTCAAAAAAGTAAATAAAAACTAAAAAACAGAAAA","GGCCAGGAACAGAGGCTCATGCCTGTAATCCCAGCATTTGGGAAGGCCAAGGTGGGAGGATCGCTTGAGGCCAGGAGTTTGAGACCAGCCTGGGCAACACAGCAAGACCCCATCTCTAAAACAAATTTTAAAATTAGCCAGATATGGTCGTGCACACCTGTAGTTCTAGCTACTCAGGAGGCTGAAATGAGACGACTGCTTGAGCCCAGGAGTTCAAGGTTATAGTGAGCTATGATCACGCCATTGTGCTCCACTCTGGACAACAGAGCAAGAGTCCACCTCAAAAAAATAAATAAAAA"
"chr1","63759709","63759894","chr1","62384591","62384787","18","1375118","GGCCGGATGCAGTGGCTCAGGCCTGTAATCCCAGCAGTTTGGGAGGCCGAGGCAGGAGGATCGCTTGAGGCCAGGAGTTCAAGACCAGCCTGGGCAACATAGCGAGTCCCCCCACCCCATCTCTGCAAAAAAATTAGCCAGGTGTGGTGTTGCACCTGTCGTCCTAGCTGCTTTCGAGGCAGAGGC","GGCCGGATGCAGTGGCTCACGCCTGTAATCCCAGCAGTTTGGGAGGCCGAGGCAGGAGGATCGCTTGAGGCCAGGAGTTCAAGACCAGCCTGGGCAACATAGCGAGCCCCCCCCCCCTCCCTACCCCATCTCTGCAAAAAAAAATTAGCCAGGTGTGGTGTCACACCTGTAGTCCTAGCTAGTTTCGAGGCAGAGGC"
"chr1","63896939","63897237","chr1","62509452","62509737","38","1387487","GCTCACACTTATAATCCCAGTATTTTGGGAGGCTGCGGCAGGAGGATCACTTGAAGCCAGGAGTTCAAGACCAGCCTGGGCAACACAGCGAGACCTTCATCTCTATAAAAAATTTCAAAATTAGCCAGGGATGGTGATGCATGCCTTTAATGCTAGTTACTTGGGAAGCTGAGGCAGGAGCAACACTTGAGCTCAGGAGTTTGAGGTAACAGTGAGCTATGATCGCACCACTGCACTCCAGCCTGGTCAACAGAGTAAAACCCTGTCTCAAAAAAAAAAAAGAGAGAGAGAAAGAGAAA","GCTCATGCTTATAATCCCAGCATTTTGAGAGGTTGTGGGTGGCAGGAGGATCACTTGAAGCCAGGAGCTCAAGACCAGCCTAGGCAACACAGCAAGACCCCCATCTCTATAAAAAAATTCAAAATTAGCCAGAGATGGTGATGCATACCTTTAATGCTAGTTACTTGGGAAGCTGAGGCAGGAGCAACACTTGAGCTCAGGAGTTTTAGGTAACAGTGAGCTATGATTGCACCACTGCACTCCAGCCTGGTCAACAGAGTAAAATCCTGTCTCAAAAAAAAAAAAA"
"chr1","64109844","64110165","chr1","62725483","62725804","21","1384361","GACTGGGTGCAGTGGCTCACGTCTGTAATCCCAGCACTTTGAGAGGTGAGGCAGGAGGATTACTTGAGGCCATGAGTTCAAGACCAGGAGTTAGAGGCCAGCCTGAGCGACACAGAGAAATGCTGTCTCTACAAAAAAATTTAAAAAATTAACCAGGCATGGTGGCACATACCTGTAATCCCAGTACTTTGGGAAGCTAAAGCAGGAAGATTGCTTGAGTCTGAGAGTTTGAAGTTACAGTGAGCTATGATTGTGCCACTGCACTCCAGCCTGGGTGACAGAGCAAGACCCTGTCTCTAAAATAAATTAAAAATAAAATAAA","GGCTGGGTACAGTGGCTCGCGTCTGTAACCCCAGCACTTTGAGAGGTGAGGCAGGAAGATTACTTGAGGCCATGAGTTCAAAACCAGGAGTTAGAGGCCAGCTTGAGCAACACAGAGAAATGCTGTCTCTACAAAAAAATTTTAAAAATTAACCAGGCATGGTGGCACATACCTGTAATTCCAGTACTTTGGGAAACTAAAGCAGGAGGATCACTTGAGCCTGGGAGTTTGAAGTTACAGTGAGCTATGATTGTGCCACTGCACTCCAGCCTGGGTGACAGAGTGAGACCCTGCCTCTAAAACAAATTAAAAATGAAATAAA"
"chr1","64166342","64166474","chr1","92629998","92630131","23","28463656","GGCTGGGCACAGTGGGCTCACTTCTGTAAGCCTAGTATTTGGGAGGCCAAGGCGGAAGGATTGCTTGAGACCAGGAGTTCAAAACCAGCCTGGGAAACATAACAAGATCCCATCTCTACAAAAAAGCTAAAAA","GGCTGGGCACAGGGGCTCATGCCTATAATCCTAGTGCTTTGGGAGGCCAAGGTGGGAGGACTGCTTGAGCCCAGGAGTTTGAAACCAGCCTGAGCAACATAAGGGAGACCTCATCTCTACAAAAAATTTAAAAA"
"chr1","64407686","64407926","chr1","63031659","63031896","14","1376027","GGCTTGGTGCAGTGGTGCATGTCTGTAATCCCAGTGCTTTGGGAAGCTGAGGTGGGAGAATGGTTTGAGGCCAGGAGTTCAAGACCAGCCTGGGTAAGACCCTGTCTCTACAAAAGAATTTAAAAATTAGCTAGGTGTGGTGGTGCACATCTGTAGTCCTAGCTACTCAGGAGGCTAAGTCAGGAGGATTGCTTACACCCAGGAGTTTGAGGTTACAACGAGTGACAATTGTGCCACTGTA","GGCTTGATGCAGTGGTGCATGTCTGTAATCCCAATGCTTTGGGAAGCTGAGGTGGGAGAATGGTTTGAGGCTAGGAGTTCAAGACCAGCCTAGGTGAGACCCTGTCTCTACAAAAGAATTTAAAAATTAGCTGGGTGTGGTGGTGCACATCTGTAGTCCTAGTTATTCAGGAGGCTGAGTCAGGAGGATTGCTTACACCCAGAAGTTTGAGGTTACAATGAGTGACAATTGTGCCACT"
"chr1","64409368","64409415","chr1","63033340","63033389","4","1376028","CTTGGGCAGCATAGTGAGACCTCACCTCTACAAAAAATTTAACAATTA","AGCTTGGGCAACATAGTTAGACCTCACCTCTACAAAAAATTTAACAATTA"
"chr1","64619216","64619506","chr1","63224929","63225218","28","1394287","GGCCAGACACGGTGGCTCATACCTATCATCCCAGCACTTTGGGAAGCCAAGGTGGAAAGATTGCTTGAAGCTAGGAATTGGAGACCAGCCTGGACAACATAGCGAGATCCTATCTCTAAAAATAACAACAATAATAATAATGCATCTATAGTCCTAGCTACTTGAGATGCTAAGGCAGGAAGATCATTTTCACCCAGGAGTTCAAGGTTACAGGGAATTGCATCACTGCACTCCAGCCTGGGCAGCAGAGTGAGACCCTATCTCTAAATAAATAAACAGACAAACAAAAAA","GGCTAGACACAGTGGCTCATACCTATCATCCCAGCACTTTGGGAAGCCAAGGTGGAAAGATTGCTTGAAGCTAGGAATTGGAGACCAGCCTGGACAACATAGCAAGATCCTATCTCTAAAAATAATAACAATAATAATAATAATAATACATCTGTAGTCCTAGCTACTTGAAATGCGAAGGCAGGAAGATCATTTTCACCCAGGAGTTCAAAGTTACAGGGAACTGTATCACTGCACTCCAGCCTGGGTGACAGAGTGAGACCCTATCTCTAAATAAATAAATAAACAAA"
"chr1","65039380","65039551","chr1","44338241","44338403","36","20701139","GCCGGTGGTGATGGTGTGCACCTATATAGTTCTAGCTACTCAGGAGGCTGAGGCAGGAGGATTGCTTGAGCCCAGGAGTGTGCGGTTACAGTGGGCTACGATCATACCACTGCACTCCAGCCTGGGCAACAGCCCAAGATCCTGTCTCTAAAAACAATAAAAAAGAAAAAAA","GCCAGGCATGCTGGTATGCACCTGTAGTCCTAGCTACTTGGGAGACTGAGGCTGTAGGATTACTTGAGCCAGCAATTCAAGGTACAGTGAGCTATGATCATGCCACTGCACTCTAGCCTAGGCAACAGAGCAAGATCCTGTCTCAAAAAAAAAAAAAAAAAAA"
"chr1","65055705","65055992","chr1","63666128","63666413","19","1389577","GGCTGGGCACGGTGGCTCAGTCTATAATTCTAGCACTTTGGGAGGCCAAGTCAGGAGGATCTTTTGGGGCCAGGAGTTCAAGACCAGCTTAGATAGCATAGTGAGACCCCGACTCTACAAAAAAGCAAAACAAAACAAAACAAAACAAAAAACAAACAAACAAAAAACCCTGGCATGGTGTCATGCACCTGTGGTCCAAGCTATTCAGGAGCCTGAGGCAGGAGGATCACTTGAACCCAGGAGTTCAAGGTTATAGTGAGCTGTTATTGCACCATTGCACTCCAGTCT","GGCTGGGCACAGTGGCTCAGTCTGTAATCCTAGAACTTTGGGAAGGCCAAGTCAGGAGGATCTTTTGGGGCCAGGAGTTCAAGACCAGCTTAGACAGCATAGTAAGACCCTGACTCTACAAAAAAGCAAACAAAACAAAACAAAACAAATCAAATCAAAAACAAACCCTGGCATGGTGGCATGCACCTGTGGTCCAAGCTATTCAGAAGCCTGAGGCAGGAGGATCACTTGAACCCAGGAGTTCAAGGTTATAGTGAGCTGTTATGGCACCACTGCACTCCAGTCT"
"chr1","65413884","65414176","chr1","63965618","63965881","44","1448266","GGCTGGGCATAGTGGCTCACACCTGTAATCCCAGCACTTTGGAAGACCGAGGCAGAAGGATTGCTTGAGCCCAGGAGTTTGAGACCAACCTAGGCAACATAGTGAGATCCTGTTTCTACTAAAAAATTTTTTTACAGTTAGCCGGGCATGGTGGCCTGCACCTCAGGAAGGTGCGGCAGGAGGATAGCTTGAGCCCAAGAGCTCTAGGTTGCAGTAAGTTATGATCATACACCACTGCACTCTAGCCTGGGCAACAGAGTAAGACTGTCTTACAAAAAAAAAAAAAAAAAAAA","GGCTGGGCATGGTGGCTCATGCCTGTAATCCCAGCACTTTGGAAAACCAAGGCAGAAGGATTGCTTGAGCCAGAGTTTGAGAACAACCTAGGCAATACAGTGAGCTCCTGTTTCTACTAAAAACATTTTTTACAGTTAGCCTCACCTCAGGAAGGTGAGGCAGGAGGATAGCTTGAGCCGAAGAGCTCTAGGTTGCAGTAAGTTATGGTCATACACCACTGCACTCCAGGCAACAGAGTAAGACTGTCTTAAAAAAAAAAAAAA"
"chr1","65614553","65614840","chr16","58638778","58639066","60","6975775","GGACAGGCACAGTAGCTCACATCTGTAATTCCAGAACTTTGGGAAGCCAAGGTGGGAGGATCACTTGAGGCCAGGAGTTCAAGACCAGCCTGGCCAACAGAGTGAGACTCCATCCCTACAAAAAATTACAAAATTAGCAGGGTGTGATGGTATGCGTGTGTAGTCTCAGCTACTCAAGAGGACTGCTTGAGCCCAGGAGTTTGAGGTTACAGTGAACTATGATCACATCACTGCACTCCAGCCTAGGTGACAGAGCAAAGATCCTGTCTCTTAAGAAAAAAAAAAAAA","GGTTAGGTGCGGTGGCTCACGCCTGTAATCCCAGCATTTTGGGAGGCCAAGATGGGAGGATCACTTGAGGCCAGGAGTTCAAGACCAGCCTGGCAACATAGTGAGACCCTATCTCTACGAAAGGTTAAAAAATTAGCCAGGTGTGGTTGCATGTACAGGTAGTCCTAGCTACTGAGGCAGGAGAATGGCTTGAGCCCAGCACTTTGAGGTTGCAGTGAGCTATGATTGTGTCACTGTACTCCAGCCTGGGCAACAGAGTGAGACCCTGTCTCAGAAAAAAAAAAAAAAA"
"chr1","65807787","65808059","chr1","64345478","64345762","29","1462309","GGCTGGGTTCATTGGCTCACACTTGTAATCCCAGCACCTTGAGAGGCTGAGATGGGCAGATCACTTGAGACCAGGAGTTCCGGACCAGCCTGAGCAACATAGCGAGACCCTGGCTCTACAAAAATAAAATAATTAATCAGGCATGATAGGGCACACTTGTATTCCTAGTAACTCAGGAGGCTGAGGCAGGAGGCTACCACCCTGGGAGTTTGAGGCTGCACTCTAGCCTGGGTGACAGCGTGAGATCCTGTCTCAAAAAAAAAAAAAAAAAAA","GGCTGGGTTCATTTACTCACACTTGTAATCCCAGCACCTTGAGAGGCTGAGGTGGGTGGATCACTTGAGACCAGGAGTTCCGGACCAGCCTGGGCAACATAGCGAGACCCTGGCTCTACAAAAAATAAAATAATTAATCAGGCATGATGGGGCATACTTGTATTCCTAGTAACTCAGGAGGCTGAGGCCGGAGGCTTGCTTGAGCCCCCAGAGTTCGAGGCTGCACTCTAGCCTGGGTGACAGTATGAGATCCTGTCTCAAAAAAAAAAAAAAAAAAGAGAAAAA"
"chr1","65879232","65879363","chr6","63960389","63960524","23","1918843","GGCCAGGCCCGGTGGCTAATGCCTGTAATCCCAACACTTTGGAATGCCGAGGTGGGAGGATGGCTTGAGGATAGGCGTTTGAGACCAGCCTAGGTAACAAAGGGAGACTCTATCTCTACAAAAATTTAAAAA","GGCCAGGCACAGTGGCTCATGCCTGTAATCCCAACACTTTGGGAGGCCAAGGTGGGAGGATTGCTTAAGGCTGGGAGTTTGAGACCAGCCTGGGCAATACAGTGAGGCCCTGTCTCTACAAAAAATTTAAAAATTA"
"chr1","66019719","66020003","chr1","64562180","64562466","24","1457539","GGCTGAGTTTGGTGGCTCACACCTGTAATCCCAAAACTTCAGGAGGCTAAAGCAGGAGGATCACTTGAGGTCAAGAGTTCGACACCAGCCTGGGCAACATATCAAGACCTCCATAAATAATAAAAATGAGCCAGGCATGGTGGCACATGCCTGTAGTCATAGTTACTTGGGAGGCTAAGACTGGAGGAACTTTTGAGCCCAGGAGGTCACAGTTATAGTGAGCTATAATGATGGAACCACTGCACTCCAGTCTAGGGGACAGAGCAAGACCCCATCTCTAAAAAA","GGCTGAGTGTGGTGGCTCACACCTGTAATCCCAAAACTTTGGGAGGCTAAAGCAGGAGGATCACTTGAGGTCAAGAGTTCAACACCAACCTGGGCAACATACCAAGACCTCGTCTCTATAAATAATAAAAATGAGTCAGGCATGGTGGCACATGCCTGTAGTCGTAGTTGCTTAGAAGGCTAAGACCAGAGGACCTTTTGAGCCCAGGAGGTCACAGCTATAGTGAGCTATGATGGAACCACTGCACTCCAGTCTAGAGGACAGAGCAAGACCCCATCTCTAAAAAA"
"chr1","66144449","66144751","chr9","25949149","25949446","62","40195300","GGCTGGGTGTGGTGGTTTATACCTGTAATCCCAGTGCTTTGGGAGGCCAAGACAGGAGGATTATTTGAGGCCAGGTGTTCAAGATCAGCCTGGACAACACAGCAAGACCCCATCTCTACAAAAAATAAACGAATTAGCCATGCATTGTGGCAAGCACCTGTAGTCCTACCTACTCAGGAGGCTGAGGCAGGATGATCCCTTGAACCCAGGAGCTCAAGGTTACAGTAAGCTATGAGAGTACCACTGCACTCCAGCCTGGGCAAAAGAGTAAGACCACATCTTTAAAAAATAAAAAAGAAGAAA","CTGGGCATGGTGGCTCATGCCTGTAATCCCAGCACTTTGGGAGGCCAAGAAGAGAGGATCACTTGAGGCCAGGAGGTTGAGACCAGCCTAGACAACACAGCGAGACCCCATCTTAAAAAATAATAATTAGCTGGGCATGGTGGTGCACAGCTGTAGTCCTAGCTACTCAAGAGGCAGAAGCAGGAGGATCACTTGAGCCCAGGAGTTTGAGGCTACAGTGAGCTGTGATTGCACCACTGCACCTCAGCCTGGGCAACAGAGTGAGACCTCATCTCTTAAAAAAAAAAAAAATTAAAAA"
"chr1","66183459","66183733","chr1","64733991","64734250","33","1449468","GTCAGGCACAATGGCCTACACCTGTAATCCCAGCACTTTGACAGGCTGAGAGAGGATCACTTGAGGCCTGGAGTTCAAGACCAGCCTAGGCAACACAGTGAGATCCCATCGCTACAGGAAAAAAAAAATTAGCTAGGCATCTCGGCACACACCTGTAGTCCTAGTTACTTGGAGGCTAAGGCAAGAGGATAGCTTGAGCCCAGGAGTTGGAGTCAACAGTGACCTATGATTATGCCACTGAACTCTAGCCTGGGTAAAACCCTGTCTCCAAAAAA","CACAATGGCCCACACCTATAATCACAGCACTTTAAGAGGCTGAGGATCACTTGAGGCCTGAAATTCAAGACCAGCCTAGGCAACATAGTGAGCTCCCATCTCTACAGAAAAGAAAAATTAGGCATCTTGGCACATACCTGTAGTCCTAATTACTTGGAGGCTGAGGCAAGAGGATAGCTTGAGCCCAGGAGTTGGAGTCAACAGTGACCTATAATTATGCCACTAAACTCTAGCCTGGGTAAAACCCTGTCTCTAAAAAA"
"chr1","66525029","66525307","chr1","65139110","65139377","32","1385919","CCAGGCACACGGACTCCCACCTGTAAGCCCAGCACTTTGGAAGGCCAGGATAGGAAGGCCAGGAGTTCAAGACCAGCTCAGGCAATATAGTGAGACCCTATCTCAACAAAAAATTTTTAAAAATTAGGTGGGAGTGGTGGCAAATGCCTGTAGTCCTAGCTATGTCAGAGGTTAAGGCAGGAAGACTGCTTGAGCCCAGGAGTTCAAGGTTGCAGTGAGCTATGATTGCGCCACTGCACTGCATTCTGGGTGACAGAGCAAAACTCCATCTCTCAAAAA","GACTCCCACCTGTAAGCCCAGCACTTTGGAAAGCCAGAACAGGAAGACCAGGAGTTCAAGACCAGCCCAGGCAATATAGCGAGACCCTATATCTACAAAAAATTTAAAACATTAGGTGGGAGTGGTGGCAAATGCCTGTAGTCCTAGCTATATCAGAGGCTGAGGTAGGAAGACTGCTTGAGCCCAGGAGTTCAAGGTTGCAGTGAGCTATGATTGCACCACTGCACTGTATTCTAGGTGACAGAGCAAGACTCCATCTCTAAAAAAA"
"chr1","66551844","66552131","chr5","51279060","51279357","60","15272784","GGCTTGGCACAGTGGCTCATGCCTGTAATCCCAGCACTTTGGGAGGCTGAGGCTGGAGGATCACTTGAGGCCAGGAGTTCAAGACCATCCTGGGCAACACAGCAAGACGCCGTCTAAAAAAAAAAAAACAGGCATGGTGGCTCTCACCTGCAGTCCTAGCTACTCAAGAGGGCTGAGGCAAGAGGATCACTTGAGCTCAGGAGTTAGGGGTTGCAGAGAGCTGTGACAGACCCACTGCATTTCAGCCTAGGTGACAGAACAAGACTCTCTTTAAAAAAAAAAAAAAAA","GCCAGGCACAGTAGCTCATACCTATAATCCTAGCACTTTGGGAGGCTGAGGCAGGAGGATCACTTGAGGCCAGGAGCTCAAGACCAGCCTGGGCAATACCACAAGACCCCATCTCAAGAAGAAAAACAACTAGCCAGGTGCAGTGGTGCACACCTGTAGTCCTAGCTACTAGAGAGGCTGAAGCAGGAGGACAGCTTGAGCCCAGGAGTTTGAGGCAACAGTGAGCTATGATCATACCACTGCACCTCAGCCTGGGCAACAGAGTGAGACCTTATCTCTTTAAAAAAAAAAAAAAAAA"
"chr1","66563405","66563523","chr1","65177598","65177716","5","1385807","CTTTGGGAGGCCAAGGCAGGAGGATGACTTGAGGCCAGGAGTTCAAGACCAGCCTGAGCAACACAGAGAGACTCCGTCTCTACAAAAACTTCTAAAAAAAATCAGCTGGGTGTTGTGGC","CTTTGGGAGGCCAAGGCAGGAGGATGACTTCAGGCCAGGAGTTCAAGACCAGCCTGAGCAACACAGAGAGACTCCGTCTCTACAAAAACTTTTTTTAAAAATCAGCTGGGTGTTGTGGC"
"chr1","66939846","66940122","chr1","65553454","65553744","29","1386392","TGGCTCATCCCTGTAATCTCAGCACTTTGGGAAGCTAAAGCAGGAGAATTGCTTGAGACCAGAAGTTCAAGACCAGCCTGGGCAACGTAGCAAGACCCTGTCTCTACAATTTCTTTAAATTAGCCAGGTGTGGTGGTGCATGCCTGTAGTGCTAGCTACTTGGGAGGGTGAGGCAGGAGGTTCACTTGAGCCCAGGAGTTGAAGGTTATAGTGAGCTAGAATTGTACTACTTCACTCCAGCCTGGGCATCAGATCAAGAGTCTGCTTCAAAAAAAAA","GTGGCTCACACCTGTAATCTCAGCACTTTGGGAAGCTGAAGTAGGAGAATTACTTGAGACCAGAAGTTCAAGACCAGCCTGGGCAACGTAGCAAGACCCTGTCTCTACAATTTTTTTTTTAAATTAGCCATGTGTGGTGGTGCATGCCTGCAGTGCTAGCTACTTGGGAGGCTGAGGCAGGAGGTTCACTTGAGCCCAGGAGTTCAAGGTTACAGTGAGCTAGAATTGTATACTTCACTCCAGCCTGAGCATCAGAGCAAGAGTCTGCTTCAAAAAATAAAATAAAATAAA"
"chr1","67281857","67282119","chr3","122742903","122743160","53","55461046","GTAATCCCAGAACTTTGGGAAGCCAAGATGGGAGGATAGCTTGAAGGCAGGAATTTGAGATCAGCCTGGGCAACATAGTGAGACCTATCTCTCCAAAAAAGTGAAAAATTATCCAGGTGTGGTGGCACATGCCTGTAGTCTTAGCTACACAGTAGGCGGAGGCAGGAGCATCCCTTGATCCCAGGAGTTTGAGGATGCAGTAAGCTATGATTATGCCACTGCACTCCAGTCTGGGTGACACAGCAATACCCTGTCTCAAAAAA","TAATCCCAGCACTTTGGGAGGCCAAAACAGGAGGTTGCTTGAAGCCAGTAATTTGAGGCAAGGCTAGGAAACATAGTGAGACCCCATCTCTACAAAAAGTTAAAAATTAGCCAGGCACAGTGACATGTATCTGTAGTCTTAGCTACTTAGAAGGCTGAGGCAGGAGGATCTTTGAGCCCAGGAGTTTAAGGTTACAGTGAGCTATGATCATGCCACTGCACTCCAGGCTGGGTAACAGAGTGAGACCCTGTCTCTAAA"
"chr1","67887622","67887909","chr1","66526863","66527155","25","1360759","CAGTGGTTGATGCCTGTAATTCCAGCACTTTGGGAGGCCAAGGCAGGAGGATCACTTAAGGCCAGGAGATTAAGACCAGCCTGGGCAACATAGAAAGATCTTGTCTCTACAAAAATTTTTAACAATTAGCTAGGCATGGTGGTGCAGGCCTGTAGTCCTAGCTACTAGGGAGGCTGAGGTGGGTGGACCGCTTGAGCCCAGAAGTTTGAAGTTACAGTGAGCTATGATCATGCCACTGCACTCCAGCCTGGGTAACAAGAGCTAGATCCTGTCTCTAAAATAATAAAA","GGTCAGGCACAGTGGTTTATGACTGTAATTCCAGCACTTTGGGAGGCCAAGGCAGGAGGATCACTTAAGGCCAGGAGATTAAGACCAGCCTGGGCAACATAGATCGTGTCTCTACAAAAAATTTTAAAAATTAGCCAGGTATGGTGGTGCAGGCCTATAGTCCTAGCTACTAGGGAGGCTGAGGTGAGTGGACCTCTTGAGCCCAGGAGTTTGAAGTTACAGTGAGCTATGATCATGCCACTGCACTCCAGCCTGGGTTACAAGAGCTAGATCCTGTCTCTAAAATAATAAAA"
"chr1","67935490","67935745","chr1","66567477","66567725","30","1368013","GGCAAAGCCTGGTGGCTAACACCTGTAACCCCAGCACTTTGGGAGGCCAACACAGGTGGATCACTTGAGGCAAGGAGTTCAAGACCAGCCTGGGCAACATAGTGAGACCTCCATCTCTACAAAAAATTTAAAAATTACTCAGGCACAATGGCATACTTGAGCCCAGGAGTTCAAGGTTACAATGAGCCATGACAGTGCCACTGTACTCCAGCCTGGGTGACAGTGAAACCCTGTCTCTAAAAAACAAACAAATAAA","GGCAAAGCCTGGTGGCCAACAGCAGTAACCCCAGCACTTTGGGAGGCCAACACAGGCAGATCACTTGAGGTCAGGGGTTCAAGACCAGCCTGGGCAACATAGCAAGACCCCCATCTCTACAGAAAATTTAAAAATTGCCCAGGCACAATGGCACACTTGAGCCCAGGAGTTCAAGGTTACAATGAGCCATGACAGTACTCCAGCCTGGGTGATGGTGAAATCCTGTCTCTAAAAAAAAAAAAACAAAAA"
"chr1","67976772","67977070","chr1","66605084","66605372","28","1371688","GGTCAGGTGTAGTGGCTCACACCTGTAATCCCAGCACTTTGGGAGGCCAAGGTGGGAGGGTAGCTTGAGTTCAGGAGTTTAAGACCAGCCTGGGCAACAAAGCGAGACCTCATCTCTACAGAACATTTAAAAAAATTAGCTGGGTGTGGTGGTGCACGCCTGTGGTCTTAGCTACCCGGGAGGCTGAGGCAGGAGGATCGCTTGAGCCAGGGAAGCTGAGGCTACAATGAGCCGTGATTGTGCCACTGTACTCCAGCCTGGGTGACAAAGCAAGACTCTGTCTCAAAAAAAAAAAAAAA","GGTCAGGTGTAGTGGCTCACACCTGGAATCCCAGCACTTTGGGAGGCCAACGTGGGAGGGGAGCTTGAGTTCAGGAGTTCAAGATCAGCCTGGGCAACAAAGTGAGACCTCATCTCTACAGAAAATTTTTAAAAATTAGCTGGGTGTGGTGGTGCATGCCTGTGGTCTTAGCTAAGCCAGAAGCTGAGGCAGGAGGATCGCTTGAGCCAGGGAAGCTGAGGCTACAATGAGCCATGATTGTGCCACTGTACTCCAGCCTGGGTGACAAAGCAAGACCCTATCTCAAAAA"
"chr1","68029013","68029293","chr1","66656013","66656301","35","1373000","GGATGGGCACAGTGGCTCAATGCCTGTAATCCCAGTGCTCTGGGAGGTCAAGGCAGAAGGACTGCTTGAGGCAAGGGGTTTGAGACCAGCCTGAACAACACAGCAGAATCTCGTCTTTACCAAAAATTTGAGAAAATTAGCACACACCTGTAGCCCACGCCACATGGGAGGCTAAGGCAAGAGGACTGCTTAAGCCCAGGAGTTTGAGGATATAGTGAGCTATGATTGTGCCACTGCACTTTCAGTCTGCATGATCAGAGCAAGACTCATCTCTAAAAAAA","GGGCACAATGGCTCAATCCCTGTAATCCCAGCGCTCTGGGAGGTCAAGGCAGAAGGACTGCTTGAGGCTAGGAGTTCGAGACCAGCCTGGACAACACAGCAGAATCTCGTCTTTACCAAAACTTTGAGAAAATTAGCTGGGAATGGTGGCACACACCTGTAGCCCATGCCACATGGGAGGTTAAGGCAAGAGGATTGCTCAAGCCCAGGAATTTGAGGATATAGTGAGCTATGATTGTGCCACCACACTTTCAGTCTGCACAATCAGAGCAAGACTCATCTCTAAAAAA"
"chr1","68035588","68035862","chr16","54716804","54717077","68","13318784","CTCAGAACTTTGGGAGGCTGAGGCAGGAGGATTGCTTGAGGTCAGGAGTTTGAGACCAGCCTGAACAACATAGCAAGACCCCATCTCTATAAGAAAATGAAAAAATAAATTAGCCAGGTGTGGTGGCAAAAGCCTGTAGTCCTAGATGCCTAGATGCTCAGGAGAATCACTTGAGCCCAGAATTTCAAGGCTACAGTGAGCTATGATCGTGCCACTGCACTCTAGCCTAAATGACAGAGCTATATCCTTTCTCAAAAGAAAAAAGGAAAGAAAAA","CCCAGTGCTTTGGGAGACTGAGACTGAAGGATCACTAGAGGCCAGAGGTTTGAGACCAGCCTGGGCAACATAGCAAGACCCCACCTCTATAAAATGATTTTAGAAAATTAGCTGGGCATGGTGGCGCAGGTCTGTAGTCCTAGCTACTCAGGAGGTTGAGATGGGAGATCACTTGAGCCCAGTAGTTGGAGGTTACAGTGAGCTATGATCATGCCGCTGCACTCCAGCCTAGGTGACAGAGTGAGACCCTATCTCAAACAAACAAACAAACAAA"
"chr1","68463929","68464229","chr1","67245632","67245929","12","1218297","GGCCAGGTGTGGTGTCTCATGCCTATAATCCCAGCACTTTAGGAGGTCAAGGGAGAAGGATCACTTGAGGCCAGGAGTTTGAGACCAGCCTGGGCAACACAGTGAGACACCATCTCTGCAAAAAGAATTAAAAATTATCCAGATGTGGTGATGTGTGCTTGTAGTCATAGCTACTTGGGAGGCTGAGCCAGGAGGATCGCCTGAGCCCAGCAGTTCAAGGTTACAGTGAGCTATGATCACATCACTGCACTCCAGCCTGAGTGACAGAGGGAGATGCTGTCTCTTAAAAAACAGAAAAAAA","GCCAGATGTGGTGTCTCATGCCTGTAATCCCAGCACTTTAGGAGGTCAAGGGAGAAGGATCACTTGAGACCAGGAGTTTGAGACCAGCCTGGGCAACATAGTGAGACACCATCTCTGCAAAAAATTAAAAATTAGCCAGATGTGGTGGTGTGTGCTTGTAGTCATAGCTACTTGGGAGGCTGAGCCAGGGGGATCGCCTGAGCCCAGGAGTTCAAGGTTACAGTGAGCTATGATCACATCACTGCACTCCAGCCTGAGTGACAGAGGGAGATACTGTCTCTTAAAAAACAGAAAAAAA"
"chr1","68717016","68717332","chr1","67291493","67291809","20","1425523","GACCAGGCATGGTGGCTCACAACTGTAATCCAAGCACTTGGGGAGGCCAAGAAGGGAGAATTGGTTGAAGCCAGAAGTTTTGATACCAGCCTGGACTAAAAAGCAAGAATGTCTCTACAAAAAATTTAAAACACAATAAAATTAGACAAGCATGGTGGTGCACACCCTGTAGTCCTGGCTACTCGGGAGACTGGGGCAAGAGGATCACTAGAGCCCAGCAGTTTTAGGCCATAGTGAGCTATAATTGCAACATTGCACTCCAGCCTGTGCAACTAAGCAAGACTATGCCTCTGAACAATAAAAATAAAAATAAAAAA","GGCCAGGCACAGTGGCTCACAACTATAATCCTAGCACTTGGGGAGGCCAAGAAGGGAGAATTGCTTGAAGTCAGAAGTTTTGATACCAGCCTGGGCTACAAAGCAAGAATGTCTCTACAAAAAATTTAAAACATAACAAAATTAGACAAGCATGGTGGTGCACACCCTGTAGTCCTGGCTACTCAGGAGACTGGGGCAAGAGGATCACTTGAGCCCAGGAGTTTTAGGCCACAGTGAGCTATAATTGCAACATTGCACTCCAGCCTGGGCAACTAAGCAAGACTCTGTCACTAAACAATAAAAATAAAAATAAAAAA"
"chr1","68721180","68721390","chr1","67295651","67295862","8","1425529","AACCTGGGCAGCCTAGCAAAACTTCATCTCTACAAAAAATTTAAAATTAGCCAGGAGTGGTGGTGTGTGCCTGGGGTCCTAGCTACTCAGGAAGCTGGGGCAGGAGGATCGCTTAAGCCCAGGAGTTCAAGGTTACAGTGAGCTCTGATCACACCACTTCACTCTAGCCTGAGTTACAGAGCAAGGCCCTTTCTCCAGAAAAATAAAGAAA","AACCTGGGCAGCCTAGCAAAACTCCATCTCTACAAAAAATTTAAAAATTAGCCAGGAGGGGTGGTGTGTGCCTGAGGCCCTAGCTACTCAGGAAGCTGGGGCAGCAGGATCGCTTAAGCCCAGGAGTTCAAGGTTACAGTGAGCTCTGATCACACCACTTCACTCTAGCCTGAGCTACAGAGCAAGGCCCTTTCTCCAGAAGAATAAAGAAA"
"chr1","68802308","68802488","chr1","67375798","67375978","12","1426510","GGCTGAGCATGGTGGCTCATACCTGAAATCCCAGCACTTTGGGAGGTTGAGGTGGGAAGATCACTTGAGGCCAGGAGTTTAAGACCAGCCTGGGCAACATAGTGAGACCCTGTATCAACAACAACAACAAAAAGTAGCCAGGTGTGGCAGCACATGCCTGTAGTCCTAGCTGCTCAGGGGG","GACTGAGCATGGTGGCTCATGCCTGAAATCCCAGCACTTTGGGAGGCTGAGGTGGGAGGAGCACTTGAGGGCAGGAGTTTAAGACCAGCCTGGGCAACATAGTGAGACCCTGTATCAACAACAACAACAAAAAGTAGCCAGGTGTGGCAGCACACACCTGCAGTCCTAACTACTCAGGAGG"
"chr1","68890159","68890263","chr2","96734671","96734780","26","27844512","GCCTGTAATACCAGCACTTTGGGAGGCCTAGCTGGGAGGCTTGTTTGAGGCTAGGAGTTTGAGATCAGCGTGGGCAACATAGCAAGACCCTATTTTTATAAGAAA","ATGCCTGTAATCCCAGCACTTTGGGAGGCCAAGATGGAAGGATTGCTTGAGGCCAGGAATTTGAGACCAGCCTAGCCAACATAGCAATTTCTCTATAAAGAAATTAAAAA"
"chr1","68933956","68934248","chr1","67512132","67512412","31","1421824","GGCCAGGCATGGTAGCTCACACCCACAATCCCGGCACTCTGGGAGGCGGGAGGATCACTTGAGACCAGGAGTTTGAGACATGTCTGGGCAACATACACAGAACCTGTCACTACAAAAAATTGAAAAGGTTAGCTGGGCATGATGGCATGTGCCTGTGGTCTTAGCTACTCCTGAAGCTGGGGGCATGAGGATTGCTTGAGCCTAAGAGTTCAAGGTTATAGTGAAGTATGATTGTATCACTGCATTCCATTCTGGGCAACACAGCAACACCTTGGCTTTTAAAAGAACAGAAA","GTAGCTCACACCCATAATCCTGGCACTCTGGGAGGTGGGAGGATCACTTGAGACCAGGAGTTTGAGACATGCCCGGGCAACATACACAGAACCTGTCACTACAAAAAATTTAAAAGGTTAGCTGGGCATGGTGGCATATACCTGTGGTCTCAGTTACTCCTGAAGCTGGGGCATGAGGATTGCTTGAGCCTAAGAGTTCAAGGTTATAGTAAGCTATGATTGTATTACTGAACTCCATTCTGGGCAACACAGCAAGACCTTGGCTTTTAAAACAATAGAAA"
"chr1","68996892","68997020","chr7","133653641","133653773","21","64656749","GGTTGGGCACAGTGGCTCATGCCTATAATCCCAGCACTTTGGAAGCCTGAGACAGGAGGATTGCTTGAGGCTGGGAGTTCAAGACCAGCCTAGACAACATAGTGAGACCTCATCTCTATAAATTAAAAA","GGTTGGGCTCAGTGGCTCATGCCTGTAATCCCAGCACTTTGGGAGGCTGAGGCAGGAGGATTGCTTGAGGCCAGTAGTTCAAGACCAGCCTGGGCAACATAATGAAATGTCATTCCTACAAAAAGTTAAAAAA"
"chr1","69447104","69447412","chr13","66383831","66384127","68","3063273","GGCTGAGCATGGTGGCTCAAACCTGTAATCCCAGCACTTTGAGAGGCTGAGGCTGGAGCATTCCTTGAGGCCAGGAGTTTGAAACCAGCCTGGTCAACATAGCCAGACCCTATGGCCTCTACAAAAGAAAAATTCAAAAATTAACTGGGAGTGGTGGCATGTACCTGTAGTCTGAGGTACTGGGGAGGCTGAAGCAGGAGGACTGTTTGAGCTTCGAAGTCTGAAGCTACAGTGAGCCATGATTGCACCATTGCACTCTATCTGGGTGGCAGAGTGAAACCCTGTCTCCAAAACAAAAACAGAAACAAA","GGCTGGGCATGGTGGTTCATGCCAGTAATCTCAACACTTTGGGAGGCTGAGGCAGGAGGACTGCTTGAGGCCAGAAGTTCAAGACCAGCCTGGGCAACATAGCAAGACCCCATCTCTACAAAAAATTAAATTAGCCAGGTGTGGTGGTATGTGCCTGTAGTTCTAGCTACTGGGGAGGCTGAGGCAGGAGGATCACTTCAGCCCAGCAGGTGAAGGTTCCAGTGAGCTAGGTTTGTACCATTGCACTCTAGCCTGGGTGACAGAGTGGCACCCTGTCTGGAAAAAAAAAAAAAAAAA"
"chr1","69529759","69530069","chr1","8350188","8350493","65","61179571","GCCTGACATGGTGGCTCACACCTGTAATGCCAGCACTTTGGGAAGCTGAGGTGAGAGGATTGCTTGAGCCCAGAATCCAAGACCTGGGCTCAAACTGGGCAACATGGTGAGAACCCCATCCTTACAAAAAATTTAAAAATTAGCTAGGTGTGGTGGTGCATGCCTGTAGTCCCAGCTATTTGGGAGGTTCAGGCAGGAGGATTGCTTGAGCCCAGGAGTTTGAGGTTAAAGTGATCTCTGATCATGCCACTGAACTCCAACCTGAGTGACAGAGTGAGACCCTGTCAAAAAAAAAATGAAAAGAAAGAAAA","GGCTGGGCATGGTGGCTCACACCTGTAATCCCAGCACTTTGGGAGGCTGGGGTGGGAGGATCACTTGAGCCCAGGAGGTTGAGACCAACCTGGGAAACATGGTAAGACCCCATCTCAACAGAAAATTTAAAAATTAGCTGGGTGTGGTGACACATGCCCGTAGTGCTAGCTACTCAGGATGCTGAGGTGGGAGGATCGCTTGAGCTCAGGAGTTCAAGGTTCCAGTGAGCTATGGTTGTGCCACTGTACTCCAGCCTGGGTGACAGAGTGAGACCTTGTCTCAAAAAAAAAAAAAAAAAAAAAAAA"
"chr1","69734981","69735291","chr1","68317122","68317431","28","1417859","GCCAGGCCAGGTGGCTCATGCCTACAATCCCAGAGCTTTGGGAGGCCAAGGCGGGAGGATCAGTTGAGACCAGCATTTGAGACCAGTCTGGGCAACATACTAAGACTTTGTCTCTACAAAAATAAAAATAAAAAATTTAGCCAAGTGTAGGTGGCACACTCCTGTAGTCCTAGCTACTCAGGAGGCTGGGGCAGGAGAGAGGATTGCTTGAACACATGAGTTCAAGGTTTCAGTGAGTTGTGATTGCACCACTGCACTGCAGCCTAGGTGACAGAGCAAAACCCTGTCTCTCTCCAGAAAAAAAATAAAAA","GCCAGGCCGGGTGGTTCATGCCTACAGTCCCAGAGTTTGGGAAGCCAAGATGGGAGGATCAGTTGAGGCCAGCATTTGAGACCAGTTTAGGCAACATACTAAGGCTCTGTCTCTACACAACTAAAAATAAAAAATTTAGCCAGATGTAGGTGGCACACTTCTGTAGTCCTAGCTACTCAGGAGGCTGGGGCAGGAGAGAGGATTGCTTGAACCCAGGAGTTCAAGGTTTCAGTAAGCTGTGATCACACCACTGCACTCCAACCTAGGTGACAGAGCAAAACCCTGTCTCTCTCTAAAAAAAAAAAAAAAA"
"chr1","69763831","69763956","chr1","68341169","68341300","16","1422662","GCCAGGCATGGTGGCTAACATGTGTAATTACAGCTCTTTGGGAGGCTGAGGTGGGAAGGTCACTTGAGGTTAGGAGTTTGAGACCAGCCTAGGCAATATAGAGAGGTCTTGTCTCTAATTTAAAAA","GCCAGTCATGGTGGCTCACACCTGTAATTACAGCTCTTTAGGAGGCTGAGGTGGGAAGGTCACTTGAAGCTAGGAGTTTGTGACCAGCATAGGCAATATAGAGAGGTCCTGTCTCTAATAATAATTAAAAAA"
"chr1","71209554","71209780","chr1","69749061","69749298","29","1460493","GAGTTGGTTACCAGACTGGGCAACACAGCAAGTTCCCAATTCTACAACAAATTAAAAAATTACCCAGGCACAGTGACACACACTGGCAGTCCTAACTACTCAGGAAGCTGAGGCAGTAGGATTGCTTGAGCCCAGGAGTTCAGAGGTTGCAGAGAGCTATGATTGTACCACTGCACTCCAACCTGGGTGACAGAATGGGACCTTTTATCAAAAAAAAAAAAAAAAAA","GAGTTCGTTACCAGACTGGGCAACATAGCAAGTCCCCAATTCTACAAAAAAATTTAAAAATTAACCAGGCACAGTGGCACACACTTGCAGTCCTAACTACTAGGGAAGCTGACACAGTAGGATTGCTTGAGCCCAGGAGTTCAGAGGTTGCAGAGAGCTATAATAGCACCATTGCACTCCAACCTGGGTGACAGAATGGGACCTTGTCTCAAAAAAAAAAAAAAAAAAAACAAAAAAA"
"chr1","71411224","71411526","chr1","69949520","69949842","40","1461704","GCCAGTTGTAGTGGCTCAGGGCTATAATCCCTGCACTTTGGGAGGCTAAGGTGGGAGGATCACTTGAGGCCATGAGTTTGAGACCAGCCTAGGCATCAAAGAAAAACCATATCTCTTAAAAAAAAAAAAATCAGCTGGTGTGATGGCACACACCTGTAGTCCTACTACTTGGGAGCCTGAGGCAGGAGGATTGCCGGAGCACAGGACTTTGAAGTTCAGTAAGTAACTGTGATCACGTCATAGAACTCCAGCCTGGGAAACAGAGTGAGACCCCGTCTCTAAAAAAAAAAAAAAAAAAAAAAA","GGCCAGGTGTGGCAGCTCAGAGCTATAATCCCTGCACTTTGGGAGGCTAAGGTGGGAGGATCACTTGAGTCCATGAGTTTGAGACCAGCCTAGGCATCAAAGCAAAACCCTATCTCTTAAAAAAAAAAAAAAAAAAAAAATCAGCTGGTGTGATGGCACACAACTGTAGTCCTACTACTTGGGAGCCTAAGGCAGGAGGATTGCCTGAGCCCAGGACTTTGAAGTTCAGTAAGTAACTGTCATCACACCATGGCACTCTAGCCTGGGAAATAGAGTGAGACCCTGTCTCTTAAAAAAAACTTAAAAAAAGAAAAAGAAAAAAA"
"chr1","71420877","71421165","chr1","69961404","69961691","24","1459473","GGTCAGGTACAGTGGCTCACACCCATAATCCCAGTACTTCGGGAGGCCAAGGCAGGAGGATTGTGGACACCAGGAGTTTGAGACCAAGCTGGGCAATATAGCAAGACCCCATCTCTGCGAAAAATTTAAACATTAGCCGGGCACAGTGGTGCATGCCTGTGGTCCTAGCTATTCAGGAGGCTGAGGCAGGAGATCACTGGAGCCCAGGGGTTCAAGGTCTAATAAACTATCATGCCACTGTACCCTAGCCCGGTCAACAGAATGAGACCCTACCTCTAAAAAAAAAGAA","GGTCAGATACAGTGGCTCACACCCACAATCCCAGTACTTCAGGAGGCCAAGGCAGGAGGATTGCTGACAGCAGGAGTTTGAGACCAAGCTGAGCAATACAGCAAGACCCCATCTCTGTGAAAAATTTAAACATTAGTGGGGCATAGCGGTGCATGCCTATGGTCCTAGCTATTTAGGAGGCTGAGGCAGGAGATCACTTGAGCCCAGGGGTTCAAGGTCTAATAAGCTATTATGCCACTGTACTCTAGACCAGTCGACAGAATGAGACCCTACCCCTAAAAAAAAGAA"
"chr1","72233657","72233931","chr1","70899127","70899405","21","1334530","TAATTTCAGTGCTTTGAGAGGCCAAAGCAGGAGAATCACTTGAGGCTAGGAGTTCAAGACTAGCCTGAGCAATGTAGGGAGATGCCTGTCTCTACAAAAATTTAAAAAGAAAAAATTAACCCGGCATGGTGGCACATGCCTGTAGTACTAGCTACTAGGGAGGAACCCTTGAACCTAGGAATTTGAGGCTACGGTGAGTAAATTATGATGGCGTTACTGCACTCCAGCCTCGGTGACAGAGAAACCCTGTCTCTTAAAAAAAATAACAAAAGAAA","TAATTCCAGTGCTTTGGGAGGCCAAGGCAGGAGAATCACTTGAGGCTAGGAGTTCAAGACCAGCCTGAGCAATGTAGGGAGATGCCTGTCTCTACAAAAATTTAAAAAGAAAAAAATTAACCTGGCTTGGTGGCACATGCCTGTAGTCCTAGCTACTAGGGAGGAATCCTTGAGCCCAGGAGTTTGAGGCTACAGTGAGTAAATTATGATGGTGTTACTACACTCCAGCCTGGGTGACAGTGAAACCCAGTCTCTTAAAAAAAATAATAACAAAAGAAA"
"chr1","73720292","73720616","chr1","72428312","72428632","21","1291980","GGCCAGGTATGATGGCTCATGCCTGTATTCCCAGCAATTTGGGAGGCCAAGACTGGAGAATTGTTTGAAGCCAGGAGTTCAAGACTAACCTGGTCAACCTAACGAGACCCCCCCCCCATCTCTACAAAAATTTTAAAAATATTTAAATATTAGTTAGGCATGGTGACACATGCCTATATCCTAGCTACTTGGGAGGCTGAGGCAGGAAGATTGCTTGAGCCCAGGAGTTTGAGATTGCAGTGAGCTATGATCATGCCATTTCACTTCAGCCTGGGTGAGAGAATGAGACCCCATATCAAAAGAAAAAAAAAAAACAGGAAAAGAA","GGCCAGGTGTGATGGCTCGTGCCTGTATTCCCAGCAATTTGGGAGGCGAAGACCAGAGAATTGTTTGAAGCCAGGAGTTCAAGACTAACCTGGGCAACATAACGAGACCCACCCATCTCTACAAAAAATTTTAAAATATTTAAATATTAGTTAGGCGTGGTGGCACATGCCTATATCCTAGCTACTTGGGAGGCTGAAGCAGGAAGATTGCTTGAGTCCAGGAGTTTGAGATTGCAGTGAGCTATGATCATGCCATTTCACTTCAGCCTGGGTGAGAGATTGGGACCCCATGTCAAAAGAAAAAAAAAAACAGGAAAAGAA"
"chr1","73987790","73988042","chr1","72712159","72712408","23","1275631","GCTCATGCCTACAATCCCAGCACTTTGGGAGGCCAAGGTGGGAGAATCCCTTGAGGAGGACTTGAGTTTGAGATCCCGGTCTACAAAAAGCGTAAAAATTAGCTGGGCATGGTGGCACACACCCATAGTCCTAGTTACTCAGGACACTGAGGTAAGAAGATTGCTTGAGCCCAGGAGTTTGAGGTTACAGTGAACTATGATCGCACCACTGCACTCTAGCCTGGGCAATAGAGCGAGACTCAGTCTCTAAAAA","GCTCATGCCTATAATCCCAGCATTTTGGAGGCCAAGGTCGGAGAATCCCTTGAGGAGGCCTTGAGTTTGAGATCCAGGTCTACAAAAAGTTTAAAAATTAGCTGGGCGGTGGCGGCACACACTTATAGTCCTAGCTACTCAGGAGACTGATGTGAGATTGCTTGAGCCCAGGAGTTTGAGGTTACAGTGAACTGTGATCACACCACTGCACTGTAGCCTGGGCAATAGAGCAAGACTCAGTCTCTAAAAA"
"chr1","75060417","75060600","chr1","73797702","73797882","16","1262715","AAAATTCAAATTTAAGCCCAGCATGATGGTATATCCCTATAGTACCAGCTACTGTGGAGGCTGGGGCAGGAGAATCACTTGAGCCCCCAAATTCGAGGTTAGAGTGAGCTATGAACATGCCACTGCACTCCAGCCTGAGCAACAGAGCAAGATACTATCTCTAAAATTAAGAAAAAAGAGAAAA","AAAATTCAAATGTAAGCCCAGCATGATGGCATATCCCTGTAGTACCAGCTACTCTGGAGACGGGCAGGAGAATCACTTGAGCCCCCAAATTCGAGGTTACAGTGAGCTATGAACATGCCACCGCACTCCAGCCTGAGCAACAGAGCAAGATCCTGTCTCTAAAATTGAAAAAAAAAAAGAA"
"chr1","75509528","75509813","chr1","74259075","74259361","22","1250453","GCTGGGTTCAGTGGCTCATGCATGTGATCCCAGCATTTTGGGAGATTGGAGCAGGAGGATCAGTTAAGGCAGGAAGTTTGAGACAAGCCTGGGCAACATAGTGAGACCCCATTTCTATAAAAAAAATTAAAAATTAGACAGGCATGGTGGCACAAACCCATAGTCCTAGCTACTCTGGAAGCTGAGTGAGGAGGTTCATGTGAGCCTGGTAGTTCAAGATTACAGTGAGCCATGATTGTGCCACTGCACTCCAGCCTGGGTTACAGTGCAAGACCCTGTGTCTAAA","GCTGGGTTCAGTGGTTCATGCATGTGATCCCAGCATTTTGGGAGATTGGAGCAGGAGGATCAGTTAAGGCATGAAGTTTGTGACAAGCCTGAGCAACATAACGACACCCCATTTCTACAAAAAATTTAAAAATTAGACAGGCATGGTGGCACAAACCCATAGTCCTAGCTACTCTGGAGGCTGAGGGAGGAGGTTCGTGTGAGCCTGGTAGTTCAAGGTTACAGTGAGCCATGATTGTGTCACTGCATGCCAGCCTGGGTGACAGAGCAAGATCCTGTGTCTAAAAA"
"chr1","75636225","75636515","chr1","74390239","74390528","15","1245986","GGCCTGAAGCAGGGGCTCATGCCTGTAATCCCAGTGCCCTGAGAGGCCAAGGAGAGAGGGATTGCATGAGGGCAGGAGTTCAAGACCAGCCTGGGTAACGTATTGAGACCTCATTTCTGCAAAATGTTCAAAAATTAGCCAAACATGGTGGTGTGTGCCTGTAGTCCTTGCTACTCAGGAGGCTGAGGTGGGAGGATTGCTTGAGCCCAGGAGTTCGAGGTTACAGTGAGCTGTGATCACACCACTGCACTCCAGCACTCCAGCCTGGGCAGCAGAGTGAGACCCTGTCTC","GGCCTGATGCAGGGGCTCATGCCTGTAATCTCAGTGCTCTGAGAGGTCAAGGCGAGAGGATTGCTTGAGGGCAGGAGTTCAAGACCAGCCTGGGTAACATATTGAGACCTAATTTCTGCAAAATGTTCAAAAATTAGCCAAACATGGTGGTGTGTGCCTGTAGTCCTTGCTACTCAGGAGGCTGAGGTGGGAGGATTTCTTGAGCCCAGGAGTTTGAGGTTACAGTGAGCTATGATCACACCACTGTACTCCAGCACTTCAGCCTGGGCAACAGAGTGAGACCCTGTCTC"
"chr1","76658471","76658750","chr1","75440893","75441168","29","1217578","GCTGAGCACAGTAGCTTATGCCTGTAATTCCAGCCTTCTGGGAGGTGAGGCAGAAGGATTGCTTGAGACCAACGGGAGACACAGCAAGACGCTGTCTGAACGATAAGTAAATATTATCTGGGCATGGTGGTGTATGCCCGTAGCCCTAGCTACTCAGGAAGCTGAGGTGGGAGGATCATTTAAGCCCAGGAATTCGAGGTTACAGTGAGCTATAATCACACCACTGCACTCCAGCCTGGGCAACAGAGAGAGACCTTGTGAAGAAGAAGAAGAAAAAAAA","GGCTGAGCATAGGGGCTTATGCCTGTAATTCCAGCCTTCTGGGAAGTGAGGCAGAAGGATTGCTTGAGACCAGCCTGGGCGACATAGCAAGACGCTGTCTGAACGATAATTAAAAATTATCTGGGCCTGGTGGTGTATGCCTCTAGTACTAGCTACTCAGGAAGCTGAGGTGGGAGGATCATTTGAGCCCAGGAATTGGAGGTTACAGTGAGCTATAATCACACCACTGCACTCCAGCCTGGGCGACAGAGACAGATCTTGTGAAGAAAAAAAAAA"
"chr1","76840570","76840877","chr1","75612268","75612570","24","1228302","GCCAGGCACAGTGGTTCACAACTGTGAAAATCCCAACACTTTGGGAGACCAAGGTGGGCAGATTGCTTGAGACCAGGAGTTCAAGATCAGCCTGGGCAGCATAGCAAGACCCTATCACTACAAGATTTTACAAATTAGCTAAGCATGTTGGTATACACCTATAATCGTAGCTACTCAGGAGGCTGAGGCAGAAGGATGGCTTGTGCCCAGGAGTATGAGGTTGCAGTGAGCTATGATCACACCACTACACTTCAGCCTGGGAGACACAGTGAGACCCTGTCTCTCAAAAAAGAACAAAAACAAAAAAA","GCCAGGTACAGTGGTTCACAACTGTGAAAATCCCAACACTTTGAGAGGCCAAGGTGGGCAGATTGTTTGAGACCAGGAGTTCAAGGCCAGCCTGGGCAGCATAGCAAGACCCCATCTCTACAAAATTTTACAAATTAGCCAAGCATGTTGGTACACACCTATAATCGTGGCTACTCAGGAGGCTGAGGCAGAAGGATGGCTTGTGCCCAGAAGTATGAAGTTGCAGTGAGCTATGATCACACCACTACACTCCAACCTGGCAGACACAGTGAGACTCTGTCTCTCAAAAACAACAACAAAAAA"
"chr1","76917954","76918237","chr1","75707389","75707687","47","1210565","CTGGGCACGGTAGCTCATGCCTATAATCCTAGAATTTTGGGAGGCTGAGGCAGGTGAACCATTTGAGGCCAGGAGTTTGGGGCCAGCCTGAGCAATATAGCAAGATCCTGTCTCAACAAAACATTTAAAAATTTAAAAAATCAGCTAGGTGTGGTTGACATGGACCTATTGTCCTAACTGCTCAGGAAGCTGAGGCCAGAGAATCCATGGAGCCCCAGAGGTCAAGGTTGCATCCAGCTTGGGTGACAGAGTGAAACCCTGTCTCTTAAAAAAAAAAAGGAAAA","CTGAGCATGATGGCTCACACCTATAATCCCAGAATTTTGGGAGACTGAGGAAGGCGAACCATTTGAGGCCAGGAGTTTGGGGCCAGCCTGGGTGACATAGCAAGATCCTGTCTCTACAAAACATTTAAAAATTTCAAAAATCAGCTGGGTGTGGTGACATGGACCTGTTGTCCTAACTGCTCAGGAGGCTGAGGCCGGAGAATCCATGGAGCCCCAGAAGTCAAGGTTGCAGTGAGCTATATCACTGCACTCCAACTTGGATGACAGAGTGAAACCCTCTTTAAAAAAAAAAAAAAAAA"
"chr1","77030792","77031095","chr7","154128220","154128522","72","77097428","GCCAGGCACAGTGACTTGTGCCTGCAATCCCAGCACTTTGGGAGGTTGAGATGAGAAGATTGCTTGAAGTCAGGAGTTCAAGTTCAGCCTGGGCAACAGAGCAAGACCCTGGCTCTACAAAAAATGTAAAAATTAGCCAGGCATGGTGGTGCAGGCCTGTAGACATAGCTTCTCAAGAGGCTGCAGCAAAAGGATCACTTGAACCCAAAGGTTTGTTATAGTAAGATATGATAGTGCCACTGCACTATAGTCTGGGTGACAGAGTGAGACCCTGTGAAAGAAAGAGAGAGAGAACAAAAAAAAA","GGCCAGGCTCAGCAGCTCATGCCTGTAATCCCAGCACTTGGGGAGACTGAGGTGGGAGGATTGCTTGAGGTCAGAAGTTTGAGACCAGCCTGGGCAACATAGCGAGACCCTATCTCTAAAAATAATTTAAAAATTAACCAGGCATAGTGGTGCACACCTGTAGTCCCAGCTACTCCAGGGATTGAGGCAGGAGGATCCCTTGAACCCAGGAGTTTGACGTTACAATGAACTATGATAATTCACTGCACTTCAGCCTGGGTGACAGAGTGAGACCCTGTCGCTTAAAAAAAAAAAAAAAAAAAA"
"chr1","77044619","77044923","chr1","75833870","75834174","15","1210749","GGCCAGCCACAGTGACTCACACCCATAAACTCAGCACTTCAGGAGGCCAAGATGGGAGGATTGCTTGAGCCCAGGAGTTCAAGACAAGCCTGGGCAAAAAGGCAATTCCCCATCTCTACAAAAAACTTAAAAATTAGTTGGGTGTGGTAGCGCATGCCTGTGGTCTTGGCTACTCAGGCGGCTGAGGTAGGAAGATTGCATAAGCCAGGGAGGTCAAGGCTAAAGTAAACTATGATCACACCACTGCACTCCAGCTTAGATAACAGAGTGAGACTCTGTCTCAGAAAAGAAAGAAAGAAAAAAAA","GGTCAGGCATAGTGACTCACACCCATAAACTCAGTACTTCGGGAGGCCAAGATGGGAGGATTGCTAGAGCCCAGGAGTTCAAGACAAGCCTTGGCAAAAAGGCAATACCCCATCTCTACAAAACACTTAAAAATTAGCTGGGTGTGGTAGCACATGCCTGTGGTCTTGGCTACTCAGGAGGCTGAGGTAGGAAGATCGCATAAGCCAGGGAGGTCAAGGCTAAAGTAAACTATGATCACACCACTGCACTCCAGCTTAGACAACAGAGTGAGACTCTGTCTCAAAAAAGAAAGAAAGAAAAAAAA"
"chr1","77188861","77188993","chr16","39114611","39114744","27","38074250","GCCAGGCATGGTGGGCCACACTTGTAATCCTAGTACTTCGGGAGACTGAGGTAAGAAGACCATTTGAGGCTGAGATTTCAAGACCAGCCAGGGCAACATTGTGAGACCCTATCTCTACAAAAAATTTAAAAAT","GGCCAGGCATGGTGGCTCATACCTGTAATCCTAGCACTTTAGGAGACTGAGATGGGAAGATCGCTTGAATCTAGGAGCTCAAGACCAGCCTGGGCAACATAGTGAGACCTCATCTCTATAAAAAAATTTAAAAA"
"chr1","78301242","78301353","chr1","146596888","146596999","24","68295646","CTGAGCATGGTGGCTCACATCTATAATCTCAATGCTTTGAGAGGCCAAGGCCAGAGGATCACTTGAGGCCAGGAGTTCAAGACCAACCTGAGCAACATAGCGAGACCCCATC","GGTGCTGTGGCTCACACCTATAATCCCCAGGCTTTGGGAGGCCAAGGTGGGAGGATCACTTGATGCCAGGAGTTCAAAACCAGCCTGGGCAACACAGCAAGATCTCACCTCT"
"chr1","78301707","78301945","chr1","23707720","23707948","62","54593987","GTAAATTGGTACCAGGAGTAGTGGATCACTGCTGAAAACATACCCAAAAAATGAAAATAAAAAATTAGCCAGACATGATGGCATGCTCCTGAGGTCTAGCTATTCAGGAGGCTAAGGCAGGAGGATCGCTTGAGCCCAGGAGTTTGAGGTTACAGTGAGCTATGATTGTGCCACTGCACTCTAGCCTGGGTGACAGGGTGAGACTTTGTCTCTAAAAAAGTGAAATTAAAAAAAAGAAA","TCAAGATCCAGCCTGGGCAACACAGCAAGACTCCATCTCTACAAAAAAAAATGTAAACGTTAGCCAGACGTGGTGGCACACACCTGTTGTACTAGCTGTTCAAGAGGTTGAGTCAGGAGGATTGCTTGAGCCCAAGAGTTCAAGGTTACAGTGAGCTATAATCATGTCACTGAACTCCAGCCTGGGTAACAGAGTGAGACCTTGTCTCAAAAAAAAAAAAAAAAAAAAA"
"chr1","78421383","78421609","chr1","77172383","77172596","22","1249000","AAACCAGCCTGGGCAACAGAGTGAAACCCCAACTCTACAAAAAAAACCATAAATTAACCAGGCATGGTGATGGGCACTTGTAATCATAGCTACTCAGGAGGATGAGGCAGGAGGATACCCTGAGCCCAGGAGTTTTTGAGGTTACAGTGAGCTGTGATCACGCCACTGTACTCCAGCCTGGGCAACAGAGTGAGATCCTGTCTCAAAAAGAAAGAAAGAAAAGAAAA","AGACCAGCCTGGGCAACAGAGTGAGACCCCATCTCTACAAAAAAACATAAACTAACCAGGCATGGTGATGGGCACCTGTAATCGTAGCTACTCAGGAGGATGAGGCAGGAGGTTACCCTGAGCCCAGGAGTTCGAGGTTACAGTGAGCTGTGATCACGCCACTGTACTCCAGCCTGGGCAACAGAGTGAGATCCTATCTCAAAAAGAAAGAAAA"
"chr1","78469834","78470122","chr1","77221727","77222015","16","1248107","GGCAGGCCATGGTGGCTCATGCCTATAAACTCAGCACTTTGTGAGGCAGGGCAAGAGGACTGCTTGTGGGCAGGAGTTCAAGATCAGCCTAAGCAACATAGTGAGACCCCATTTCTACGCACACACACAAAAAATGTTTAAAATAGCCAGGTATGGTAACATGCTCCTGTAGTTCTAGTTACTCAGAAGGCTGAGGCAGAAGGCTCATTTGAGCCCAGGAGTTCACCACTGCACTCCAGCCTGGGCAAGAGAGCAAGACTATGTCTCTTAGAAAAAAACAAAAACAAAA","GGCAGGCCATGGTGGCTCATGTCTATAAACTCAGCACTTTGTGAGGCCATGGCAAGAGGACTGCTTGTGGGCAGGAGTTCAAGATCAGCCTAAGCAACATAGTGAGACCCCATTTCTATGCACACACAAAAAATGTTTAGAATAGCCAGGTATGGTAACATGTTGCTGTTGTTCTAGCTACTCAGAAGGCTGAGGCAGAAGGCTCATTTGAGCCCAGGAGTTCACCACTGCACTCCAGCCTAGGCAAGAGAGAAAGATTATGTCTCTTAGGAAAAAACAAAAACAAAAA"
"chr1","78492820","78493140","chr1","207481939","207482253","77","128989119","GCCGGGCATAGTGGCTCATGCCTGTAATCTTGACACTTTGGGAAGCTGAGGTGGGAGGATCGTTTGAGGCCAGGAGTTCAAGACCAGCCTGGGCCACTTGGTGAGACTCCATCTCTACCAAAAAAAACAAAAACAAAAAAAAATTAAGCTGATTGTGATATCGCATGGCTGTAGTCCTAGCTACTCAGGAGGCCGAGGCGGGAGGACTGCCTAAACCCAGGAGATCGAAGTCACAGTGAGCTACGATCATGCCATTGTACTTTAGCCTGTGCAACAGAGCAAGACCTTGTCTCAAAAAAAAGAAAAAGTAAAAAGAAAAAA","GCCAGGTACAGTGGCTCACATCTATAATCCCAGCACTTTAGGAGGCCGAGGCGGGAGGATCCTTTGAGTCCAGGAGTTCAAGACCAGCCTGGGCAACATGGCGAGATCCTGTCTCTACAAAAAATTTTAAAAAACAAAACACAAAAAGCTGGGCATGTTGGCACATGTCTGTGGTCCAAGCTACTTAGGAGGCTAGGGCAGGAAGATTGCTTGAGCCCAGGAGTTCAAGGTTACAGTGAGCTATGATCATGCCACTGTACTCTAGCCTGGGTGACAGAGAGATCCTGTCTCTAAAGAATAAAACAAAACAAAAAA"
"chr1","78676445","78676708","chr1","77423217","77423470","33","1253228","GAGGCTGAGGTGGAAAGATCACATCAGGCCAGTAGCGCGAGACCAACCTGAGAAGCACAATGAGACCCTATCTCTACACAAAATGTAAAAATTTAGCCAGATGTGGTGGCACCTATTTGTAGTTCTAGCTACTCAGGAGACCAAGGCAGAATGTTGCTTGAGCCCAGGAGTTCAAGGTTACAGTGAGCTATGATCTCACCACTAATCTCCAGCCTGGGCAACAGAGTGAGACCCTGTCTCAGAAAAAAAAAAAAAGAAGAAGAA","GAGGCCGAGGTGGAAAGATCACATCAAGCCAGTAGTGCGAGACCAACCTGAGCAGCACGATGAGACCCTATCTCTACACAAAATGTAAAAGTGTAGCCGGGTGTGGTGACACCTATTTGTAGCTCTAGCTACTCAGGAGACCAAGGCAGAATATTGCTTGAGCCCAGGAATTCAAGGGTACAGTGAGCTCTATGATCTCACCACTACACTCCAGCCTGGGCAACACAGCAAGACCCTGTCTCAAAAAAAAAAAA"
"chr1","78963327","78963631","chrX","49053394","49053705","59","29909933","GCCAGGCACAGTGGCTCATGCCTGTAATCCCAGCTCTTTGGGAGGTTGAGATTGGAGGATCACTTGAGGCCAGGAGTACCACTTCAGCCTGGGCAACATAGTGAGACCCTGTTTCTATAAAAATTTAAAAAGTAGCTGGGTGTGGTGGCAAGCCCCTGTAGTCCTAGCTACTTGGGAGGCTAAAGCAGGAGTATCGCTTGAGCCCAGGAATTTGAGGTGGCAGTGAGCTATTGTCCTGCCACTGCCCTCTAGCCTGGGTGACAAGAGTGAGATCCTGTCTCAAAAAAAAAACAACAACAAACAAA","GGCTAGGTACAGTGGCTCATGCCTGTAATCCCAGTGCTTTGGGAGGTTGCAGTGGGAGGACACTTGAGGTCAGGAGTTTGAGACCAGTCTGGGCAACATAGTGAGACCCTGTCTCTACAAATAATTTAAAAAATTAGCTGGGTGTGGTGGCACATGCCTGCAGTCCTAGCTACTTGGGAGGCTGAGGCAGGAGGATTGCTTGAGCCCAGGAGTTTGAGGTTACAGTGGGCTATAATCTCGCTACTATACTCCAGCCTGGGTGACAGAGTGATACCCTATCTAATAAAAAAAAAGAAAGAAAGAAAGAAAAAA"
"chr1","79008815","79008971","chr14","48034365","48034524","37","30974450","GCTGGGCAAGGTGGCTTATGCCTTGCTAGCACTTTGGGAGGCTGAGAAGAGGGGATTGCTTGAGCCTAGGAATTGGAGATTACAGTGAGCTATGACCATGACCCTGCACTCCAGCCTAGGCAACAGAGCAAGACCCTGTCTTTAAAAATAAATAAAA","GCCAGGCACTGTGGCTCATGCCTATAATTCTAGCGCTTTGGGAGGTCTAGGCAGGAGAATCGCTTGAGCCCAGGAATTCGAGGTTACAGTGAGCTATTATCACGGCACTGCATTCCAGCCAGGACGACGGAGCAAGACCGTGTCTCTTTAAAAAAAAAAA"
"chr1","79012529","79012813","chr1","77773480","77773774","29","1239049","GGCTAGGCACAGTAGTTTATGCTTGTAATCCCAGAGCTTTGGGAGGCAGAGGCAGGAAAATCACTTGAGGCCAGGAATTAGAGACCAGCCTGAGCAAGACAGCAAGACACTGTCTCTACAAAAAAATTTATTTTTTAAATTAGCCACACATGGTGGTGTGCATCTGTAGTCCTAGCTACTCGGGATGCTGAGGCAGGAGGATCCCTTTAGCCTAGGAGTTCAAGGTTACAGTGAACTATGACCAGCCACTGCATTCCAGCCTGGTGACAGAATGAGACCCTGTCT","GGCTAGGCACAGTAGTTTATGCTTGTAATCCCAGAGCTTTCGGAGGCAGAGGCAGGAAAATTGCTTGAGGCCAGAATTAGAGACCAGCCTGGGCAAGACAGAAAGACACTGTCTCTACAAAAAAAATTTTTCTTTAATTAGCCGCACATGGTGGTGTGCATCTGTAGTCCTAGCTACTCGGGATGCTGAGGCAGGAGGATGCCTTGAGCCTAGGAGTTCAATGTTACAGTGAACTATGACCAGCCACTGCACTCCAGTCTGGTGACAGAATAAGACCCTGTCTTTTAAAATAAAA"
"chr1","79034926","79035224","chr5","127204077","127204375","64","48169151","GCCAGGCATGGTTGGTCACGCCTGTAATTCCAATACTTTGGGAGGCCAAGGCAGGACATGACTCAAGGACAGGAGTTCAAGACCAGCCTGGGCAACATAGCGAAAACCCATCTCTACAAAAATTTTAAAACATTATCTGGGAGCACTGGCAAGCACCTGTGGTCCTAGCTACTTGGCAGGCTGAGGCAGGAAGAACCCTTGAACCCAGGAGTTCAAGGCTTCAGTGAGCCATGATCGCTCCACTACACTCCAGCCTGGGTGACAGAGTAAGACCCTGTCTCTAACTTAAAAAAAAAAAA","GCCTGGTATAGTGGCTCACGCCTATAACCCCAGCACTTTGGGAGGCCAAAGCGGGAGGACTGCTTGATGCCAGAAGTTCAAAACCAGCCTGGGCAACATAGCAAGACCCCATCTCTACGCAAAATTTAAAAACTTAGCCGGGAGTGGTATCTGGTGCCTGTAGTTCTAGCTACTCAGGAGGTTGAGGCAGGAGGATTACTTGAGCCCAGGAGGTCAAGGCTACAGTGAGCTGTGATGGCACCACTGCACTCCAGACTGGATGACAGAGCAAGACCCTGTCTCTAAAAAAAAAAAAAAAA"
"chr1","79050327","79050638","chr1","77818081","77818387","31","1232246","GGCTTGGTGCAGTGGCTCATGCTTATAATCCCAGCGCTTTGGGAGTCCAAGGTTAGGAGGATTGCTTGAGGCTAGGAGTTTGAGACCAGCCTGGTCAACATAGCAAGACTTTGTCTCCACAAAAAAAGTTAAAATTAGCCAGGTGGGGTGGCTCACACCTGTAGTCCTAGCTGCTTGGAAGGCTGCGGCAGTGGAATTGTTTGGGTCTATGAGTTGGAGGTTGCAGTGAGCTATGATCATGCCACTGCACTCCCCTGAGTAATTAAAGTAATGGAACAAGACACCATCTCTTTAAAAAAAAAAAAAAAAAAA","GGCTTGGTGCAGTGGCTCATGCCTCTAATCCCAGCGCTTTGGAAGTCCAAGGTTAGGAAGATTGCTTGAGGCTAGGAGTTTGAGACCAGCCTGGTCAACATAGCAAAACTTTGTCTCCACAAAAAAAGTAAAAAATTAGCCAGGTGGCGTGGCTCACACCTGTAGTTCTAGCTGCTTGGAAGGCTGCGGCAGCGGAATTGTTTGAGTCTGGGAGTTGGAGGTTGCAGTGAGCTGTGATCATGCCACTGGACTCCAGCCTGAGTAACAGAGCAAGACACTCTCTCTTAAAAAAAAAAAAAAAAAAAAA"
"chr1","79113192","79113322","chr10","25430401","25430541","31","53682791","GCTGGATATGGTGGCATGTACCTGTAGTCTTACCTACTTGGGAGGCTGAGGCAGGAGGATCACTTGAACCTAGGAGTTCAAGGTTACAGTGAGCTAATTGTGTCACTGCACTACAGCCTGGGTGACAGAGC","GTTGGGTGTGGTGGTGTGTGCCTGTAATCTTAGCTACTCAGGAGGCTAGGGCAGGAGGATCACTTGAGCCCAGGAGTTCAAGGTTACAGTGAGCTGTGATTGCGCCCCTGCACTGCGGCCTGGGCGACAGAGCAAGACTCT"
"chr1","79209610","79209921","chr1","77959955","77960250","40","1249655","GGCCAGGCGCTGTATCTCATTCCTTTAATCCCAACCAACACTTTGGAAGGCTGAGGCAGGGGGGTTGCTTGAGGCCAGGAGTTCAAGAACAACCTGGGCAACGTAGTAGACCCCATCTCTACAAAAAATTTAAAAATTAGCCAGGCCTGGTGGTGTGTGTCTGTAGTTTTGGCCACTTGGGAAACAGAGGCAGGAGGATCTCTTGAGCCCAGGAACTCAAAGTTACTGTAAGCTATGATCATATCACTGTACTCCAGCCTGGGTGACAGAGTGAGTCCCTATTTCTAAAAGAAAAAAATTAAAATTAAAAAA","GGCCAGGTGCTGTAGCTTGTGCCTTTAATCCCAACCAACAATTTGGGAGGCTGAGGCAGGGGGGTTGCTTGAGGCCAGGAATTCAAGAACAACCTGGGCAACATAATAGACCCCATCTCTACAAAAAATTAAAAAACTAGCCAGGCTTGGTGGTGTGTGTCTATAGTTTTGGCCACTTGGGAAACAGGCAGGAGGATCTCTTGAGCCCAGGAACTCAAAGTTACAGTAAGCTGTGATCATACCACCGTACTCCAGGGTAGGTGACAGAGCAAGTCCTTATTTCTAAAAGAAAAAAA"
"chr1","79289320","79289593","chr1","78041581","78041868","26","1247739","GGGCACAGTGGCTCAGACCTGTAATCCCAGCACTTTGGAATGCTGAGGCAGGAGGATAGCTTGAGGCCACGAGTTTCAGACTAGCCTGGACAATATAACGATACTCTGCCTCTACAAAAGATAAAAAATGTCAGCCAGATATGGTGGCACATGCCTGTAACCCTAGCTACTCAGAAGGCCGAGGCAAGATTGCTTGAGCACAGGAGTTTGAGGTTACAGTGAGCTCTGATTATACACTGCACTCAAGCCTGAGTGACAAAGTGAGACACTGTCT","GGTCACAGTGGCTCAGACCTGTAATCTCAGCACTTTGGGATGCTGAGGCAGGAAGATAGCTTGAGGCCAGGAGTTTCAGACTAGCCTGGGCAATATAACGATACTCCACCTCTACAAAAGATAAAAAATGTCAGCCAGATATGGTGGGCACGTGCCTGTAACTCTAGCTACTCAGAAGGCCAAGGCAGGATTGCTTGAGCACAGGAGTTTGAGGTTACAGTGAGCTCTGATTATACCACTGCACTCAAGCCTGAGTGACAAAGTGAGACACTGTCTCTGGAAAAAAAA"
"chr1","79364545","79364616","chr1","78116008","78116078","5","1248537","GGTTGCATTGAGTTATGATTGTACCACTGCACTCCAACCTGGGTGACAGAACAAGACCCTCTCTCTAAAAAA","GTTGCATTGAGTTATGCTTGTACCACTGCACTTCAATCTGGGTGACAGAACGAGACCCTCTCTCTAAAAAA"
"chr1","79364915","79365063","chr1","78116374","78116502","32","1248541","AGACTAACCCTCGGCAACATAGTGAGATCCTACCTCTACAAAAAATTTTTTAAATTAGCTGGGTGTGGTGGCTTTTGTCTATAGTCCTAGCTACTCAGGGGCTGAGGCGAGAGGATCACATGAGTTTAGGAGTTCAAAGTTTCAGTGAG","CCTGGGCAACATAGTGAGGTCCTATCTCTACAAAAATTTTTAAAAATTAGCTGGGTGTGGTGGCTTGTGTCTATAGTCCTAGCTATTTGGGGGCTGAGGCGAGTTTAGGAGTTCAAAGTTTCAGTGAGT"
"chr1","79493925","79494226","chr1","188660332","188660631","65","109166407","GCCAGGCATGGTGGCTTATGTCTGTAATCCCAGTACTTTCGGAGGTTAAGGCAGAAGTATCACTTGACACCAGGAGTTCAAGACCAGCCTGGGCAATATAGTGAGACCCTATCTCTACAAAAAAAAATTTTTTTAATTATCTGGGCATGGTGGTGCACACATATAGTCCTTGCTACTTGGGAGTCTGAGGCAGGAGGATAGCTTGAGCCCATGTGTTAGAGGTTGCAGTGAACTACGACTGAACCACTGCACTCCAGCCTGGGTGACAGAGCGAGATCCTGTCTCTACATATAAAAATAAAA","GACTGGGCATGGTGGCTTATGCTTACAATCACAGTGCCTTGAGAGGCTGAGGCAGGAGGATCGCTTGAGGCCAGGAGTTCGAGACCAGCTTGGGCAACATAGTGAGACCTCATCTCCACAAAATAATCTTTTTAAATTAGTCTGGCATGGTGGTGCATGCCTGTAGTCCTAGCTCCCTGAGAGGCTGAGTCAGGAGGACTGGTTGAGCCCAAGAATTTGAGGTTGCAGTGAGCTATGACTGCACCACTGTACTCCAGTTTGGGTGACAGATAGAAGCCCTGTCTCTAAAAAAAGAAAAAA"
"chr1","79501679","79501962","chr3","63839917","63840201","71","15661762","CTGGGCACAATGGTTCACACCTGTAATTCCAAGACTTTGGGAGGCCGAGGAGGAAGGATCACTTGAGGCCAGGTGTTACAGACCAGCAACATAGCCAGACCCCATCTCTACAAAAAAGTTTTTTAAAATTAGCCAGGTGTGGTGGGTGGCATGCACCTGAGTGCTAGCTACTTAAAAGGCTGAGGTAGGAGGATTGCTTGAGCCCAGGAGTTTAAGACCACCATGAGCCATGATCGTGCCATGGCACTCCAGACATGACAAAGCAAAACCCTGTCTCAAAAAAA","GGCACGGTGGCTCACACCTGTAATCCAAGCACTTTGGGAGGCCGAGGTGGAGGATCTCTTGAGACCAGGAGTTCAAGGCCAGCCTGGGCAACATAGCGAGACCCCATCTCCACAAAAAATTTAAAAATTAGCCAGGTGTGGTGATGCTCATCTGTACTCCCAGCTACTGAGAAAGCTGAGGCAGGAGGATCACATGAGCCCAGAAATTCAAGGTTACAGTAAGCTATGATTGTGTTACTGCACTCCAGCCTGGGCAACAGGACAAGCCCCTGTCTCAAAAAAAAA"
"chr1","80173514","80173644","chr1","78919098","78919229","7","1254416","GGCTGGGTATGGCGGCTCACTCCTGTAATCCCAACACTTTGGGAGGCTGGAGCAAGAGAAACACTGAGGCCAGGGTTCAAGACCAGCCTGAGTGACATAGTGAGACCCTGTCTCTAGAAAAAAATTAAAAA","GGCTGGGTATGGTGGCTCACACCTGTAATCCCAAACTTTGGGAGGCTGGAGCAAGAGAAACACTGAGGCCAGGAGTTCAAGACCAGCCTGAGTGACATAGTGAGACCCTGTCTCTAGACAAAATTTAAAAAT"
"chr1","80747565","80747894","chr1","79495507","79495821","32","1252058","GCTGAGCACAATGACTCATGCATGTAATCCCAGCACTTTGGGAGGCCCAGGTAGGAGGATCACTTGAGGCCAGGGGTTTGAGACTAGCCTGGGAAACATAGTGAGACCTTCATCTCTACAAAAAAAAAAAAAGAAAAAAGTTAATTAAGTTAATTAGCCAGGCATAGTGACACTTGCCTGTAGTCCTCATTCCTCAGCAGGCTGACGTTGAAGAGCCACTTGAGCCCAGGAGTATGAGGTTTTAGAGTGACCTGTGATCATGATTGCACCTCTGCACTCCAGCCTGGGCAACAGAGTGAGACCCTGTCTCAAAAAATAAATAAATAAAAA","GCTGAGCACAATGGCTCATGCATGTAATCCCAGCACTTTGGGAGGCCCAGGCAGGAGGATCACTTGAGGCCAGGAGTTTGAGACTAGCCTGGGAAACATAGTGAGACCCTCGTCTCTACCAAAAAAAAAAAAAAAAAAAGTTAATTAGCCAGGCATAGTGACACTTGCCTGCAGTCCTCATTCCTCAGTAAGCTGAGGTTGAAGAACCACTTGAGCCCAGGAGTATGAGGTTTTAGAGTGATCTGTGATCATGATTGTGTCTCTGCACTCCAGCCTGGGCAACACAGTGAGACCCTGCCTCAAAAAATAAATAAA"
"chr1","81094285","81094566","chr1","79819788","79820105","59","1274497","GCCAGGCACAGTGGCTTACACCTCTAATCCCAGCACTTGAGGAGACTGAGGTGGGAAGATTGCTTAAGGCCAGGAGTTTGACCTGACGGGAAACAGAGGCAGAACGCATCTAGACCAAAAACAAACAAACAACAAAAAAAATTACAACCCTAGCTATTCAGGAGTCCGATGTCAGAAGATCTCTTGAGGCCAGGAGTTCAAGGTTACAGTGAGCTATGATCATACCACTACACTCCAGCCTGGGTGACAGAGTGAGACTGTCTCTAAAAACAAACAAACAAA","GCTAGGCACAGTGGCTTACAACTGTAATCCCAGCACTTGAGGAGACTGAGGTGGGAAGATTGCTTGAGGCCAGGAATTTGACCTGACTTGGGAAACAGAGGGAGAGGGCATTTAGACCAAAAAAAAAAAAAAAAAAAAAAAAAAAAATTACACCCCTAGCTATTCAGGAGGCCAATGTCAAAAGATCTCTTGAGGCCAGGAGTTCAAGGTTACGGTAAGCTATGATCGTACCACTACACTCCAGCCTGGGTGACAGAGCGAGACTTTTAGCCTGGGTGACAGAGTGAGACTTTGTCTCTAAAAAAAAAAAAAAAAAAA"
"chr1","81195347","81195658","chr1","79925048","79925362","33","1270299","GGCCATGAGTGTTGGCTTACGCCAGTAATCTCAGCATTTTGAGAAGCCAAGGCCAGAGGACCATTTGGGGCTAGGATTCAAGACTAGCCTGGGCAATATAATGAGAAACCATCTGTACAAAAATTTTTTTAAAAATTAGTCAGGCATGGTGGTACACACCTGTAGTCTTAGCGCCTCTAGAGGCTGAGTCAGGAAAACTGTTTGAGCCCAGAAGTTCGGCATTGCAGCACGTAGTGATCATGCAACTGCACTCCAGCCTGGGTAACAGAATGAGACCCTGTCTCAAAAAAATAATAAATAATAAAAAATAAA","GGCCAAGAGTGTTGGCTTACATTAGTAATCTCACCATTTTGGGAAGCCAAGGCCAGAGGACCAGCTGGGGCCAGGATTCAAGACTAGCCTGGGTAATATAATGAGAAACCATCTGTACAAAATTTTTTTAAAAAAACTAGTCAGGCATGGTGGTATATACCTGTAGTCTTAGATCCTTTAGAGGCTGAGTCAGGGGAGACTGTTTGAGCCCGGGAGTTCGGCATTGCAGTGAGTAGTGATCATGCCACTGCACTCCAGCCTGGGTCACACAGTGAGGCCCTGTCTCAAAAAAATAAATAAATAATAAAAAATAAA"
"chr1","81720881","81721081","chr1","80442789","80443007","35","1278092","CAGGCTGGACAATATAGTAAGGTGTCATCTCTACAATAAATTTAACAAGCTGGATGTGGCGGCATATGCCTGTAGTCTCAGCTACTTGAGAGACTGAGACAGTAGACTCACTTGAGCCCAGGAATTCAAGGTTACAGTGAGCTCTGATTATGCCACTGCACTCCAGCCTGGACAACAGAGCAAGATCCTGGCTCTAAAAAA","AGGCTGGACAATATAGCAAGGTGTCATCTCTACAATAAGTTTAAAAAGCTGGATGTGGAGGTGCATGCCTGTAGTCCCAGCTACTTGAGAGGCTGAGGCAGTAGACTCACTTGAACCCAGGAATTCAAGGTTACAGTAAGCTATGATCATGCCACTGCACTCCAGCCTGGACAACAGAGCAAGATCCTGTCTCTAGAAAATGTAAATTAAAAAAAAAAA"
"chr1","82089711","82090020","chr1","80884309","80884618","23","1205402","CTGGGAGCAGTAGCTCATGCCTGTAATTCCAGTGCTTTGGGAAGCTGAGGTGGAAGGAAGCTTGAGGTCAGGAGTTTAAGACCAGCCTGGGCAACATAGTAAGACCTGTCTCTACAAAAAAATTAAATAAAAAAAATTAGTCATGGTGGCATGCACCTGTAGTCCTATCTACTTGGGAGGCTGAGGCAGGAGGATCCCTTGAGCACAAGAGTTTGAGGATAGAGTGAGCTGTGGTTATGTCACTGCAATTCAGCCTGGACAATAAAGCGAGGCCCTTTCTCTATAAAAAACAAAATGAAATAAAATAAAA","CTGGGAACAGTAGCTCCTGCCTGTAATTCCAGTGCTTTGGAAGCTGAGGTGGAAGGAAGCATGAGACCAGGAGTTTAAGACCAGCCTGGGCAACATAGTAAGATCTGTCTCTACAAAAAAAAATTAAATAAAAAAAAAATTAGTCATGGTAGCATGCACCTGTAGTCCTATCTACTTGGGAGGCTGAGGCAGGAGGATCCCTTGAGCACAAGAGTTTGAGGATATAGTGAGCTGTGGTTATGTCACTACAATTCAGCCTGAACAACAGAGCGAGGCCCTGTCTCTATACAAAAAATAAAATAAAATAAAA"
"chr1","82708887","82709174","chr8","27568036","27568312","76","55140851","GGCTTGATGCAGTTGTTCGCACCTATAATCCCAGCACTTTGAGAAACCGAGTAGGGAGGATCACTTGAGTCCAGGAGTTTTGAGCCCCGACTGAGCCAAAAAGCGAGACACCATCTCTCCAAAAAAAAGTTTTTTTTAATTAGCTGGGCATGGTGGTGGCACGCACCTGTATAGTCCTAAGCTACTCAGGAGACTGAGCTGGGAGGATCACTTAGGCCCAGGAGTTTGAGGCCACTGCACTCCAGCCTATGCGACAGAGAAAGACTGTCTGAAAAAGGTAAAATAAAA","GCTAGGTGCAGTGACTCACGCCTATAATTCCAGCATTTTGGGAGGCCAAGGTGGGAGGATGACTTGGCCAGGAGTTTGAGACCAGCCTGGGCAACATAGCCAGACCCCATCTCTACAAAAATTTTTTAAAAGTTACCCAGGCATGGTGGTACGCACATGTAATCCCAGCTCCTCAGCATACTGAAGCAGGAGTGTCACTTGAGTCCAGGAGTTTGAGGTTGCACTCCAGCCTGGGCAACAGAGCAAGACCCTGTCTCTAAACAAATAATAATAATAA"
"chr1","82971295","82971596","chr1","81787079","81787353","47","1184216","GGCTAGGCATGGTGGTTCATGCCTACAATCCCAGCACTTTGAGAGGCCAAAGCAGGACTATTGCTTGAGGCCAGGAGTTCAAGACCAGCCTGGGCAACATAGCAAACTATGTCTCTACAAAGAATAAAATAAAAGTTATCCAGCCATGGTGGTGCGTGCCTGTAGTCCTAGCTACTTGAGAAGTGGAAGCAGGAGGATCAGTTGAGGCCAGGAGTTGGAGGTTACAGAGAGTTATGATGGCACCACTGCATTCCATTCCAGCCTGGGTGACAGAGTGAGATCCTGTCTCAAAAAAAAAAAAA","GGCTGGGCATGGTGGTTCACGCCTACAATCCCAGCACTTTGAGAGGCCAAGGCAGGAGCATTGCTTGAGGCCAGAAGTTCAAGACCAGCCTGGGCAACATAGCAAGATATGTCTCTACAAAAAATAAAATAAAAGTTATCCAGCTGTGGTGGTGTGTGCCTGTAGTCCTAGCTACTTGGGAAGTGGAGGCAGGAGGATCAGTAGAGGCCAGGAGTTGAAGGTTAGAGTGAGTTATTCCAGCCTATGTGGTAGAGTGAGACCCTGTCTCAAAAAAA"
"chr1","82977933","82978208","chr1","81793669","81793946","33","1184264","GGCCGGGGTGTGGTGCCTCACACCTGTAATCCGCACACTTTGGGAGGCCGAGGTGTGAGGTTCAATTGAGGCCAGGACAACATAGTGAGACCCCTGTCTCTACAAAAAATAAAAAAAAAATTAGTTGGGTGCAGTGGCGTGTGCCTCTATTCCTAGCTATGCAAAAGGATCGCTTGAACCCAGGAGTTGGAGGTTACAATGAACTATGATTGCACCACTTGCACGTAGGCCTGAGTGATGAGCAAGATCCTGTCTCTAAAAACAAACACAAACAAA","GGCCAGGGTGTGGTGCCTCACACCTGTAATCCCAACACTTTGGGAGGTCGAGGTGTGAGGTTCACTTGAGGCCAGGATAACATGGTGAGACCCCTGTCCCTACAAAATAATAATAATAATAATAAAAATAGCTGTGTGCAGTGGCGTGTGCCTCTATTCCTAGCTATGCAGAAGGATTGCTTGAACCCAGGAGTCGGAGGTTACAATGAACTATGATTGCACCACTTGCGCATAGGCCTAAGTGATGGAGCAAGACCCTATCTCTAAAAACAAACAAA"
"chr1","83092395","83092685","chr1","81908582","81908876","22","1183813","GGTGCAGTAGCTCACACCTATAACCTCAGCAGATTATAGCTGGGAGTACCGCTTGAGGCCAGGAGTTCAAGACCAGCCCTGGCAACATAGTGAGACCCCTGTCTACACAAAAAATTTTAAGAATTAACTGGTTGTGGTGGTACGAGTCTGTAGTGGTAGTTACTCAGGAAGCTGAGGTAGGAGGATCACTTGAGCCCAGGAGTTCAAGTTTGTGGTGAGCCAAGATGGCACCACTGCACTGCAGCCTGGGCAACAAAGTGAGGTCTTGTCTCTAAAAATAATAAAAATAAA","GGTTAGGTCCAGTAGCTCACACCTATAACCTCAGCAGGTTATAGCTGGGAGTACCGCTTGAGGTCAGGAGTTTAAGACCAGCCCTGGCAACATAGTGAGACCCCTGTCTACACAAAAAACTTAAGAATTAACTGGTTGTGGTGGTACGAGTCTGCAGTCCTAGTTACTCAGGAAGCTGAGGTAGGAGGATCACTTGAGCCCAGGAGTTCGAGGTTATGGTGACCTGAGATGGCACCACTGCACTCCAGCCTGGGCAACAAAGTGAGATCTTATCTCTAAAAATAATAAAAATAAA"
"chr1","83757335","83757621","chr20","59124558","59124843","66","24632777","GGCCAGACACGGTGGCTCACGCCTATAATCCCAGCACTTTGGGAGGCCAAGGCAGGAGGATAGCTCTAGGCCAGGAGTTTGAGATCAGCTTGAGGAATATGACAAGACCACATCTCTACAAAAAAATTACAAAATTAGCTGGGCATGGTGGCATGTGCTACCCAAGAGGCTGAAGCAGGAGGAAGACTTGAACCCAGGAGGTCAAGGTTGCAGTGCACTGTGATCACACCACTTCACTCCAACCTGGGTGACAGAGTAAGACCTTGTCTACAAAAAAAAAAAAAAAA","GGCCAGACTTGGTGGCTCATGCCTGCAATCCTGGCAGTTTGGGAGGCCAAGGTGGGAGGATTGCTTGAGGCCAGGAGTTTGAGAGCACCCTGGGCAACAAAGCAAGACCCCATCTCTACAAAAAATTTAAAAATTAGCCAGGCATGATGGCACGTGTCTGTAGACCTAGCTACTTGGGAGGATCACTTGAGCCCAGGAGTTCAATGCTACAGTGAGCTGTGATTGCACCACTGCACGCCAGCCTGGGCAACAAAGTGAGACCCTGTCTCTTTAAAAAAAAAAAAAA"
"chr1","83912160","83912468","chr1","82722054","82722359","24","1190106","GGCCAGGCATGGTGGCTTACACCTGTAATCCCAGTACTTTGGAGGCTGAGGTAGACGGATCACTTGAGGCCAGGAGTTCAAGACTAGCCTGGGCAACATAGTGAGATTCCATTTCTTTAAAGAATGAAAATAAATTAACCAGGTGTGGTGGTATGTATCTGCAGTCCTGGCTACTCAGGAGGCTGAAGTGGGAGGATGGCTTGAGCCCACGAGTTCAAGGTTAAAGTGAGCTATGATCATGCCACTGTCCTCCAGCTGGGGCAAAAGAACAAGGGCCTGTGTAAAAGAAAACAAAAACAAAAACAAAAA","GGCCAGGCATGGTGGCTTATACCTGTAATCCCAATACTTTGGAGGCTGTGGTAAAAGGATCACTTGAGGTCAGGAGTTCAAGACTAGCCTGGGCAACATAGTGAGATTCCATTTCTTTAAAGAATGAAAATAAATTAACCAGGTATGGTGGTATGCACCTGCAGTCCTGGCTACTCAGGAAGCTGAAGTGGGAGGATGGCTTTAGCCCAGGAGTTCAAGGTTAAAGTGAGCCATGATCATGTCGCTGTTCTCCAGCTGGGGCAAAAGACCAAGGGTCTGTGTAAAAGAAACAAACAAACAAACAAA"
"chr1","84183913","84184046","chr12","100835212","100835345","22","16651299","GGTTGCGTGCAGTGGTTCACTCCTGTAATCCCAGCACTTTGGGAGGCCGAAGCGGGAGAATCAGTCGAGCCCACAAGTTCGAGACTAGCCTGGGTAACAAAGCGAGACCCCCATCTCTACAAAAAATTTAAAAA","GGCTGAGCGCAGTGGTTCAAGCCTGTAATCCCAGCACTTTGGGAGGCTGAGGCAGGAGGATCGCTTGAGCCCAGGAGTTCAAGACCAGCCTGGGCAATATAGTGAGACCCCCATCTCTAAACAAAATTTAAAAA"
"chr1","84221979","84222264","chr1","83104487","83104772","24","1117492","GGCTGGGTGCAGTGGCTCATGTTTGTGATCCCAGTGCTTTGAAATGCTGAGGCAGAAGGATTGCTTGAGGTCAGGAGTTGGAGACCAGCCTGGGTAACATAAAGCTACCCCATCTCTACAAAAAATAAAAATTAGAAAATTATCCAGGCTTGTTGGCACATGCCTGTAGTCCTAGCTACTGGAGAGGAGGATCTCATGAACCCAGGAATTTGAGGTTAGAGTGAGCTCTGGGCATGCCGCTGCACTATAGCTTGGGTGACACAGCAAGACCCTGTATCTTAAAAAA","GGCTGGGTGCAATGGCTCCTGCTTGTGATCCCAGTGCTTTGAAAGGCTGAGGCAGAAGGATTGCTTGAGGTCAGGAGTTGGAGACCAGCCTGAGTAACATGAAGCTACCCCATCTCTATAAAAAATAAAAATTAGAAAATTATCCAGGCTTGTTGGCACATACCTGTAGTCCTAGCTACCTGAGAGGAGGATCTCACAAACCTAGGAATTTGAGGTTACGGCGAGCTCTGAACATGCCGCTGCACTGCAGCTTTGGGTGATGCAGCAAGACCCTGTATCTTAAAAA"
"chr1","85383450","85383551","chr1","84188758","84188855","12","1194692","AGCCTGTTGTGGTGGTGTACACCTGTAGTCCCAGCTACTTGGGAGGTTGAAGCAGGAGGATTGTGGAGTCCAAGAGTTCAAGATTACGGTGAGCTATGATTG","GTGGTGGAATTCGTACACCTGTAGTCCCAGCTACTTGGGAGGTTGAAGCAGGAGGATTGTGGAGCCCAAGAGTTCAAGATTACAATGAGCTATGATTG"
"chr1","85438129","85438444","chr1","84252159","84252458","38","1185970","GGCCAGGAGCTGTGGCTCACACTTGTAATCTCTGCATTATGAGAGGCTGAGATGGGAGGATCCCTTGAGGCTGGGAGTTTGAGAACATCCTGGTCAACATAGCAAGATCCCATCTCTGTAAAAACATTAAAAAACAATTAGCTAGACACGGTGGCATGTGCCTATAGTCTTAGATACTGGGGAAGCTGAGGTGGGAGGATCGCTTGAGCCTAGGGGTTTGAGGTTACCCTGAACTGTGATTGTGCCATTGCACTCCAGTCTGAGCAATACAGTGAGACCCTGTCTCTAAAAAAGAAACAAACAATAAACAGAAAAA","GGCCAGCGGCTGTGGCTCACACTTGTAATCTCTGCATTATAAGAGGCTGAGATGGGAGGATTCCTTGAGACCAGGAGTTTGAGAACAGCCTGGTCAACATAGCAAGATCCCATCTCTGTGAAAACATTAAAAAACAATTAGCTGGATGTGGTGGCATGTGCCTATAGTCTTAGCTACTTGGGAAGCTGAGGTGGGAGGATCACTTGAGCCTAGGGGTTTGAGGTTACAGTGAACTGTGATCGTGCCACTGCACTCCAGTCTGGGCAATACAGTGAGACCCTGTCTCTTAAAAGAAAGAAA"
"chr1","85973216","85973510","chr1","84797306","84797600","25","1175910","GGCTAGGCACAATGGCTCATGCCTGTAATTGAAGTTCTTTGGGAGGCTGAGGTGGGAGGATCACTTGTGGCCAGCCTGGGCAACATAGTATGACTCCATCTCCTGAAAAAAAAATCTTTTTTAAATTAGGTGGGCATGGTGGTGCATGCCTGTATACCCAGCTACTCAGGGGGCTGAGGTTGGGGGATCACTTAAGCTCAGGAGGTCGAGGTTACAGTGGGCTATCATAGTGCCACTGCACTCCAGCCTGGGCAACAAAGCAAGACTCTGTCTCAGAAAAAGAAAAAAATGAAAA","GGCTAGGCACAATGGTTCATGCCTGTAATTGAAGCGCTTTGGGAGGCTGAGGTGGGAGGATCACTTGAGGCCAGCCTGGGCAACAGAGTATGACCCCATCTCCTTAAAAAAATATTTTTTTTAAATTAGCTGGGCATGGTGGTGCATGCCTGTATAGTGAGGCTACTCGGGGGGCTGAGCTTGGGGGGTCACTTGAGCCCAGGAGGTCCAGGTTACAGTGGGCCATCATAGTGCCACTGCACTCCAGCATGGGCAACAAAGTAAGACTCTGTCTCAAAAAAGAGAAAAATGAAAA"
"chr1","86414240","86414514","chr8","124100194","124100460","66","37685954","GGCTGGGCACAGTGGCTCATGCCGGTAATCTCAACAGTTTGGGAGGCTGAGGTGGGAGGATTGCTTGAGGCCAGGAGTTCAACACCAGCCTGGGCAACAAAGTAGTAGATCCCGTCTCTATGAAAGAAATTTTTTTTAATTAGCTGGGTTTGGTGGTATGCACCTGTGGTCCTAGCTACTCGGGAGGCTGAGGCAGGAGGATTGCTTGAACCTAGGAGTTCAAGGCTGCAGTCCAGCCTGAGCAATAGAACAAAACCTCATCTCAAAAAGAAAAA","GGCTGGGTACATGGCTCACACCTGTAATCTCATTACTTTGGGAGGCTGAGGTTGAAGGATCTCTGGAGCCCAGGAGTTTGAGGCCAGCCTGGGCAGCATAGTGAGACACCATCTCTACAAAAAATTTTTGAAAATTAACTGAGCATGTTGGTGTGCACCTGTAGTTCTAGCTACGTGGGAGGCTGAAGCAGGAGGATCCCTTGAGCCCAGGAGGTTGAGGCTGTACTCCAGCTTAGGTGACAGAATGACATTCTGTCTAAAAAAAAA"
"chr1","87143835","87144139","chr1","85957172","85957481","28","1186663","GGCTGGGCACAGTGGTTCATGCCTGTAATCCCAACACTTTGGGAGGCTGACGTGGGAGGATTGCTTGAGTCCAGGAGTTCAAGACTAGCCTGGGAAACGTAGTGAGACACGATCTCTACAAAAATTTTCTAAAAATTAGCCAGGCATGGTGGCACACATGTGTAGTCCTGGCTATTTAGGAGGCTGAAGCAGGAGCATCGCTTGAGCCCAAGAAGTTGAAGTTATGGTGAGCCATGATCACACCACTGCATTCTAGCCTGGGTGACAAAGTGAGACCCTGTCTCAAAAAAAAAAAAAAGAGAAAA","GGCTGGGCACAGTGGTTCATGCCTGTAATCCCAACACTTTGGGAGGTTGAGGTGTGAGGATTGCTTGAGTCCAGCAGTTCAAGACCAGCCTGGGAAACATAGACATGATCTCTACAAAAAAATTTTCTAAAAATTAGCCAGGAGTGGTGGCACACATTTGTAGTCCTAACTATTTAGGAGGCTGAAGCAGGAGCATCACTTGAGCCCAGGAAGTTGAAGTTGTGGTGAGCCATGATCACACCACTGCATTCTAGCCTGGGTGACAGAGTGAGACCCTGTCTCAAAAAAAAAAAGGAAAGAGAAGAGAAAA"
"chr1","87188272","87188377","chrX","15602944","15603040","37","71585328","AGAAATTGGAACACAGCCTGGGCAACATAGTGAGACCCCCATCATATAAAAATAAATTAGCTGTGTGTGGTGGTACATGCCTACAGACCTAGCTACTTGGGAGGCT","CAGCTTGGGCAACACAATAAGACCCCACCTTTACAAAAAATAAAAAAATTAGCTGAGTGTGGTGGTGCATGCCTGTAGTCCTAGCAGTTCAAGGCTG"
"chr1","87214070","87214356","chr1","86025185","86025468","26","1188885","CCAGGTGCAGTGGCTCATGCCTGTAATCCTCAGCTCTTTGGGAGACCAAGGCAAGAGGACCTCTTGAGGCCAGGACTTCAACACCAACCTGGGCGATATAGCAAGACCCTGTCTCTACAAAAAATTTAAAAATTATCTGGGTGTTGTAGCATGTGCCTATAGCTAATCAAGAGATTGAAGAAGTAGGATTGCTTGATCTGAGGAGTTAGAGGCTACAGTGAAGTATCATGATGCCACTGCACTCCAGACTGGGTGACAAAACAAGATCCTAAAAAAAAAAAAAAGAA","CCAGGTGCAGTGGCTCATGCCTGTAATCCCCAGCTCTTTGGGATACCAAGGCAGGAGGACCTCTTGAGGCCAGGAGTTCAACACCAACCTGGGCAATATAGCAAGACCTTGTCTCTACAAAAAAATTTAAAATTATCTGGGTATTGTAGCTTGTGCCTATAGCTACTCAAGAGACTGAAGCAGGAGGATTGCTTGAGCCCAGGAGTTAGAGGCTACAGTGAAGTATGATCATGCCGCTGCACTCCAGGCTAGATGACAAAACAAGATCCAAAAAAAAAAAAAAA"
"chr1","87386583","87386750","chr9","24967659","24967824","48","62418924","CTGGGCACAGATCGCTTGTATCTCTAATCTTAGCTACTTGGGAGTCTGAAGCAAGAGTATCACTTGAGGCCAGAAGTTCAAGACCAGCCTGGGCAACAAAACGAGACCACATCTCTAAAAAAAAAATTTTTTTTAATTAGCTGAACGTGGTGGCACACACCTGTGATC","GACCAAGCACAGAGACTCATGCCTATAATCCCAGCACTTCGGGAGGCCAAGACAAGAAGATCACTTGAGTAAGGAGTTCAAGACCAGCCTGAGCAACATAGCAAGACCCACATCTCTACAAAAAAATTAAAAATTAGCTGGGCATGGTGGTACACAATTGTGGTCC"
"chr1","87630242","87630483","chr1","86430120","86430366","26","1200122","GGGCACGGTGGCTCACATCTGCAATCTCCGTGCTTTGGGGGATCTCTTGAGCCCAGTAGTTTGAGACTAGCCTGGGCAAGATAGTGAGACCCTGTCTTTATAAAAAATTAAAAAATTAGCCAGGCATGGAGGCATGTATCTGTAGTCCTGGCTACCTGGAAGGCTGAAGCAAGAGAATCCCTTGAGTCCAGGAGTTTGAGGTTACAGTGAGCTATGACAAGCCACTGCACTCCAGCATGGGC","GGCTGGGCATGGTGGCTCACACCTGCAGTCTCAGTGCTTTGGGGCATCTCTTGAGCCCAGTAGTTTGAGACTAGCCTGGGCAAGATAGTGAGGCCCTGTCTTTATAAAAAATTAAAAAATTAGCCAGTCCTGGAGGCGTGTATCTGCAGTCCTAGCTACTTGGGAGGCTGAAGCAGGAGAATCCCTTGAGTCCAGTAGTTCGAGGTTACAGTGAGCTATGAGCAGCCACGGTACTCCAGCATGGGTG"
"chr1","87690170","87690473","chr4","2690787","2691081","67","84999383","GGTTGAGCACAGTGTCTCACACCTGTAATCCCAACACTTTGAGAGGCTGAAGCAGGAGGATCACTTGAGGCCAGGAGGTCAAGACTAGCCTGGGCAATATAGGGAGACCCCATCTCCACAAAAATAATTTTAAAAATTAGCTTGGCATGGTGGCACGTGCTAGTAGTTTTAGCTACTCCAGAGGCTGAAGTACACTTGAGCCCAGGAATTCGAGGTTACAGTGAACTATGATCACGCCACAGCATTTGAGCCTGGGTGACAGAGAAAGACCATGTTTCTTAACATAAAACAACAACAAAAAAAA","GACTGGGCACAGTGGCTCATACCTGTAATCCCAGCAGTTTGCAAGGCCAAGGCAGGAGGATCACTTGAACCCAGGAGTTCAAGACCAACCTGGGCAAGAAAGTGAGACCTCCACCTCTACAGAAAATTTTTTAAACATTAGCTTGGGGTGGTGGTGTGCACCAGTGGTCCTAGCTACTCGGGAGGATCACTTGAGGCCAGGAATTCAAGGCTACAGTGAGCTATAATTGTGCCACAGCACTCCAACCTGGGTGACAGAGTAAGACCTGTCTCTAAAAATAACAACAAAAAAGAAA"
"chr1","88141869","88141996","chr6","70821396","70821527","37","17320473","CCAGGCATGATGGCACACACCTGTAGTCCTGGCTACTCAGGAGGCTGAGACAAGAGGATCCTTTGAGGCCAGGAACTGCACTTCAACCTGGGCAACATAGCAAGACTCCAAGAAAGGAAGGAAAGAAA","CCAGGTATGGTGGCACACACCTGTAGTCCCAGCTACTCAGAAGGCCAAGATGGAAGGATCACTTGGGGCCAGGAGTTCAAAAGCAGCCTGGGCAACATAGCAAGGCTCCATCTCTAGCAAAATTTTTAAAAA"
"chr1","88259256","88259383","chr2","104708095","104708220","23","16448839","GGGCACGGTGGCTCACACCTGTAATCCTAACACTTGGGGAGAACAAGGCAGGAAGATCACTTTGTCCAGGAGTTTGAGACCAACCTGGGCAACATAGCAAGACCCCATCTCTACAAAAAGTTAAAAAA","GTGTAGTGGCTCACACCTGTAATCCCAACACTGGGAGGCTGAGGCAGGAGGATCACTTGAAGCCAGGAGTTTGAGACCAGCCTGGGCAACATAGGGAGACCCCATCTCTACAAAATATTTTAAAAT"
"chr1","88261304","88261627","chr4","73816234","73816545","79","14445070","GGCCAGGCATGATGGCTCACGCCTGTAATCCCACCCAACACTTTGGAAGACGAAGGCGAGAGGATCACTTGAGGCCAGGAGTTTGAGACCAGCCTGGGCAAAATGGCAAGACCAAGACCTCCATCTCTACAAAAAATTAAAAAAAAAAAAAAAGAAAACTGGGTGTCATGACACACACCTGTGGTCCTAGCTATTTGGGAGGCTGAGGCTACCGGAGGATCACTCTAGCCTAGGAGGTCGAGGCTACAGTGATCCATGGTCACACCACTTCACTCCAGCTTGGGTAACAGAGCGAGCTCTGTCTCCAAATTAAAAAAGAAAAAA","GGCCAGGCGCAGTGGCTCACGCCTGTAATCCTGGTGCTATGGGAGGCTGAGGTGGGGGAACTCCTTGAGGCCAGAAGTTTGAGACCAGTCTGGGCAACATAGCTAGACCCCATCTCTAAAAAAAAATTAAAAAAAAAAAAAAATTAGCTGGGCCTATGGCACACACTGTAGTTCTAGCTACTTGGGAGGCTGAGACAGGAGGATCACTTAAGCCTAAGAGTTTGAAGCTTCAGTGAGCTATGATTGCACCACTGTACTCCAGCCTGGGCAACAGAATGAGACTCTGTCTCTAAAAAACAAAACAAAACAAAA"
"chr1","88398354","88398580","chr1","87185446","87185668","16","1212908","GGAGGATATCTTGGGCCAGGAGTTCAAGACCAGCCTGGGCAACATAGGAGACCCTATCTCTACAAAAAGTGTAAAAATTAGTCAGGTGTGGTGGTTTGTGCTTGTAGTCCTAGAAACTTGGGAGGCTGAAGCAGGAGGATCTCTTGAGCCCAAGAGTTCAAGGTTACAGTGAGATATGATCATGCCTCTGCACTCCAACCTGGGTGACAGAGTGAGACCCTGTCTCA","GGAGGATATCTTGGGCCAGGAGTTCAAGGGCAGCCTGGGCAACGTAGGAGACCCTATCTCTACAAAAAATGTAAAAATTAGTCGGATGTGGTGGTATGTGCCTGTAGTCCTAGATACTTGGGAGGCTGAAGCAGGAGGATCGCTTGAGCCCAAGAGTTCAAGGTTACCGTGATGATCCTGCCTCTGCACTCCAACCTGGGTGACAGAGTGAGACCCTGTCTCA"
"chr1","88450223","88450531","chr1","94247075","94247368","82","5796852","GGCCAGGCACGGTGGCTCAGGCCTGTGAGCACTTTGGGATTCTGGGAGGCTGAGGTGGGAGGATCACTTGAGCCCAGGAGTTTAAGAACAGCCCTGGTAACAACTCTACAACAAAAAAAAAATTTTTTTTTTCTTTAAATCTTGGCTTGGCATGGTGGTGTACTCCTGCAGTGCTGGCTACTTGGGAGGCTGAGGTAGGAGGACCACTTGAGCCCAGGAGTTAGAGGTTACAGTGAGTTATGATCATGCCACTATGCTGTCCGGCATGAGTGACAGAATGAGATTCTGTCTCAAGAAAGAAAAAACAAA","GGCCAGGCACGGTGGCTTATGCCTGTAATCCCAGTGCTTCGGGAGGCCGAGGTGGGGGGATTGCTTGAGGACAGGAGTTTGAGACCAGCTGAGCAACATAGCGAGACCCCATCTTTACAAAAAATTAAGATTTAGCCAGGCATGGTGGTGTGCGCCTGCAGTCCTAGCTACTTGGGACACTAAGACAGGAGGATCACTTAGCACAGGAGTTTGAGGTTACAGTGAGCTATGATCATGCCACTGCACTTCAGCCTGGGTGACAGAGCAAGACACTGTCTAAAAACAAAAGAAAAA"
"chr1","90027694","90027998","chr1","88765695","88766003","31","1261999","GCCAGGCACAGTAGCTCACACCTATAATCTCAACACTTTGGGAGGCTGAGACAGGAGAATTGCTTGAGGCCAGGAGTTTGAGCCAGACTGAGCAACATAGTGAGACCCCTATCATCTCCACAAAAAAAAAAAAAAAAAAAAATTTTAAATTAACCGGGCATGGTGTCACATGCCTTGTAATCCTAGTTACTTGGAAGGCTGATAGCTTGAGCTCAAGAGTTGAGGTTACAGTGAGCTATGATAATACCACTGCACTCCAGCCTGCATGACATAGTGAGACCCAGTCTCAACAAAAAAAAAAAAAA","GACCAGGCACAGTGCCTCACACCTATAATCACAACACTTTGGGAGGCTGAGGCAGGAGAATTGCTTGAGACCAGGAGTTTGAGCCAGGCTGAGCAACATAGTGAGATCCCTATCATCTCTACCAAAAAATAAAAAAGAATTTTTTTTAATTAGCCAGGCATGGTGTCACATGCCTGTAATCCTAGTTACTTGGAAGACTGATAGCTGGAGCTCAAGAGTTGAGGTTACAGGCAGCTATGATAATACCACTGCACTCCAGCCTGCATGACATAGTGAGACCCAGTTTCAAAAAAAAAAAAAAAGAGAGAA"
"chr1","90127549","90127682","chr13","74782008","74782141","23","15345541","GGCAGGACGAGGTGGCTCATGCCTGTAATCCCAGCACTTCAGGAGGCTAAGGCATGAGGATCTCTTGAGGTCAGAAGTTCAAGACCAGCCTGGGCAGTATAGTGAGATCTCCATCTCTACAAGGGATTAAAAAA","GGCTGGGCATGGTGGCTCATGCCTGTAATCCCAGCACTTTGGGAGGCCAAGGCAGGAGGATCGCTTGAGCTCAGGAGTTCAAGACCAGCCTGGGCAACAAAGTGAGACCTTATCTCTACCAAAAATTTAAAAAT"
"chr1","90142888","90143021","chr7","18299760","18299888","30","71843128","GCCAGGCAGGGTGGCTTGTTCCTGTAATCCCAGCAACTCAGGAGGCTAAGGGAGGAGGATCGTTTGAGGCTTGGAGTTAGAGACCTGTCTTGTCAACACAGCAAGACCCTCTCTCAAAAAATAAAATTTAAAAA","GCCAGGCATGGTGGCTCACACCTATAATCCCAGCAACTCGGGAGGCTGAAGTGAGAAGATCGTTGAGGCCAGGAGTTCAAGACCAGCCTGGGCAACATAAGAAGACCCTGTCTCTAAAAAAGAATTAAA"
"chr1","90238614","90238914","chr1","88988009","88988308","25","1250605","GGCTGGGCATAGTGGCTCACGCCTATAATCCCAACACTTTGGAAGTCTGAGGTGGGAAGATGACTTGAGGCCGGGAGTTTGAGACGAGCCTGAGCAACACAGTGAGACGCCATTGCTAGCAAAAAACTAAAAATTAGCTAGGTGTAGTGGCACGTTCCTGTACTCCTAGCTACTCAGGAGGTTGAGGCAGGAGGATTGCTTGAGCCCAGATGTTTGAGGTTACAGTGAGCTATGATCATACCACTGTACTCCAGCATGGGCAACAGAGAGAGATTCTGTCTCAAAAATAAGTAAATAAAAA","GCTGGGCATAGTGGCTCATGCCTGTAATCCCAACACTTTGGGAGTCTGAGGTGGGAAGATTGCTTGAGGTTGGGAGTTTGAGACTAGCCTGAGCAACACGGTGAGACCCCACTCCTAGCAAAAAATTAAAAATTAGCTAGGTGTGGTGGCACGTTCCTGTACTCCTAGCTACTCAGGAGGTTGAGGCAGGAGGACTGCTTGAGCCCAGATGTTTGAGGTTACAGTGAGCTATGATCACACCACCTTACTCCAGCCTTGGCAACAGACAGAGATCCTGTCTCGAAAATAAATAAATAAAAA"
"chr1","90317546","90317820","chr1","89066901","89067171","19","1250645","GGCCAGGCACGGTAGCTCATGCCTGTAATTCCAGTGTTTGGGGAGGCTTAAGTGGGAGGATTACTTGAGGCCAGGAGTTTCAGACCAGCCTGAGCAACATACTGAGACATGTCTCTACAAAAAAAGAAAAAATTAGCTGGGTATGGTGTCCTGAACCTGTAGTTTTAGCTACTTGGGAAGCTGAGGAGGATCAGTTAACCCCGAGTTTGAGGTTACAGTGAGGTATGATCATGCCACTGCACTCCAGCTTGGCTGACAAAGTGAGAACCTTTCTC","GGCCAGGCACGGTAGCTCATGCCTGTAATTCATGTTTTGGGAGGCTTAAGTGGAAGGATTACTTGAGGCCAGGAGTTTCAGACCAGCCTGAGCAACATAGTGAGACATGTCTCTACAAAATAGAAAAAATTAGCTGGGTGTGGTGTCCTCAACCTGTAGTTTTGCTACTTGGGAAGCTGAGGACAATCAGTTCACCCTGAGTTTGAGGTTATAGTGAGCTATGATCATGCCACTGCACTCCAGCCTGGGTGACAGAGTGAGAACCTTTCTC"
"chr1","90426305","90426588","chr2","44735869","44736149","66","45690436","TGGCTTATGCCTGTAATCACAGCCCTTTGGGAGGCCAGGGCAGGAGGATTGCTTGAGTCTAGGAGATTGAGAACAGTCAGAGCAACATAGTGAGATGCTATCTCTACAAAAATTTTTAAAAAATTAGCCAGATGAGGGGGTGCAGACTTGTAGTCATAGCTATTTGGGGGGCTGAGGTGGAAGGATTGCTTGAAAGCAAAAGTTTGAGATTATAGTGAGCTCTGTGCCACTGCACTCCAGCCTGGGTGACACAGCGAGACCCTGTCTACTTAAAAAAAAAAAAA","GGCTCATGCCTATAATCCCAGTGCTTTGGGAGGCTGAGGCAGGAGGATCACTTGAGGCCAGGAGCTGAGATCAGCCTGGACAGCATAGTGAGACTCCGTTTCTACAATAAAATTAAAAAGTAGCCAGGGTGGTGGTGCACACCTGTGGTCCTACCTACTTGGGAGGTGAGGTGGAAGGATTGCTTGAGCCCAGGAATTTGAAGTTAAAGTGAGCTATGATGGTGCCACTCAACTCCAGCCTGGGTGACGAGCAAGACCCTGTCTCTTAAAATAAGAAAAAA"
"chr1","90577607","90577887","chr1","89369505","89369779","24","1208102","GGAGGCTAATGCCTGTAATCCCAGCATTTTGGGAGGCCAAGGTGGGAGAATTCCTTGAGCCCAGGAGTTTAAGTTTAAGACCAGCCTGGGAAAAGTAGCAAGACCTCATCATTATGAAAAAATTAAAAATCAGCCAAGTGCAGTGGTGCTTGCCCAGAGTCCTAGCTACTCAGGAGGCTGAGGCAGGAGGACCCAGCATGAGCACAGGAGTTCAAGGCTATGGTGAGCTATGATCATGCCCTGCACTTCAGCTTGGGTAACAGACCAGAATTCCATCTCAA","GGAGGCTCATGCCTGTAATCCCAGCACTTTGGGAGACCAAGGTGGGAGAATTCCTTGAGCCTGGGAGTTTACGACCAGCCTGGGCAAAATAGCAAGACTTCATCATTATGAAAAAATTAAAAATCAGCCAAGTGCAGTGGTACTTGCCCGGAGTCCTGGCTACTCAGGAGGCTGAGGCAGGAGGGCCCAGTGTGAGCACAGGAGTTCAAGGCTATGGTTAGCTATGATCATGCCCTGCACTTCAGCTTGGGTGACAGGACAGAATTCCATCTCAA"
"chr1","90588590","90588745","chr7","70977213","70977371","38","19611377","GCTGGTATGATGCCTCATTTGTAGTCCCACCTATTCAGAAGGCTGAGGCAAAAGGATAACTTAAGCCCAGAAGTTTGAGGTTAGAGTGAACTATGATTGTCATTGCACTCCAGCTTGGACAACAGAGCAAGAACTTGTCTCTAAAAAATAAACAAA","CTGAGCATGGTGGCATGCACCTGTAGTCCTAGCTACTTGGGAGACTGAAGCAAGAGGATCCTTTAAGCCCAGAGTTCAAAGTTATAGTGAGCTATGATTGTGCCACTGCATTCCAGCCTGGACAAGAGAGCAAGACCCTATCTCTAAAAAAAAACAAAA"
"chr1","90588771","90588882","chr1","52997477","52997595","29","37591294","GGGTGCAGTGATTCAAACCTGTAATCCCAGCACTTTGGGAGGACAAGGCAGAACAATCACCTGAGACCAGGAGTTGGAGACCAGCCTCACAACATAGTAAGACTTCATATCT","GGCCAACCATGGTAGTTCATGCCTGTAATCCCAGCACTTTGAGAGGCCAAGGCAGGAGGATCACTTGAGGCCAGGAGTTCAAGACCAGCCTAGGCAACATAGTGAGACCTTATTTCTAT"
"chr1","90873988","90874064","chr1","197944777","197944855","26","107070789","AAATAAGCCAAGCATGTTATCATGCACCAGGAGTAATAGCTACTCTAGAGGCTGAGGCAGGAAGATCGCTTGAGGCC","AAAAATTAGCTGGGCGTGGTAGCACATACCTGTAGTCCTAGCTAGTCAGGAAGCTGAGGCAAAAGGATTGCTTGAGCTC"
"chr1","91226390","91226586","chrX","59722429","59722617","50","31503961","AGCCTGGGCAACATAGTGAGGCCCTGTCTCTACAAAATTTTTTGTTTTAAAATAGCTGGGCATGATGGTGCATGCTGTGGTCCTAGCTCTTGGGAGGCTGAGGTGGGAGGATTGCTTGAGCCAAGAGGTTTAGGTTACAGAGAGTGGTGATGGCGCCACTGCACTCCAGGCTGGGTGACAGGGCAAGAACCTGTCTC","CAGCCTTGGCAACATAGTGAGACCCTGCCTCTACAAAAAATTAGCTGAGTATAGTGATGCACTCCTGTAGTCCTAGCTACTCGGGAGGCTGAGGCAGGAAGATCACTTGAGCCCAGGAATTTGAGGTTACAGTGAGCTATGATCATGCCCCTGCACTCCAGCCTGGGTGACAGAACAAGGCCCTGTCTC"
"chr1","91364815","91364947","chr1","45815412","45815540","33","45549403","CCAGGCATGGGGCTAGAGTACATGCCTGTCATCCCAGCTACTCAGGAGGCTGAGGCAGGAGAATCACTTGAGCCCAGGAGTTGGAGGCCGATCTGGGCAACATAGTGATATTTCAGCTCCAAAAATTTAAAAA","GGCCAGGCATGGTAGCTCATGCCTGTAATCCCAGCACTTTGGGAGGCTGAGGTGGGAGAATTGCTTGAGGCCAGGAGTTGAAGACCAGGCTGGCAACATAGCGAGACTCTATCTACATAATTTTAAAAA"
"chr1","91383408","91383708","chr1","90155134","90155452","29","1228274","GGCTGGGCATGGTGTCATACATTTGCAATCCCACCACATTAGGAGGCTGAGGCAGGAAGATGGCTTGTGCCCAGGAGTTGGAGACTAGCCTGAGGAACACAGCAAGATCCTCCTCTCTATAAAAAATTTAAAAACTAGCCAGGTGTGGCGGCATGTGCCTGTAGTCCTAGCTGCTCAGGAGGCTAAGGCAGGAGGATCGTTTGAGCAGGAGGTTGAAACTACACTGAGCCATGACCATGGCACTGTCTGGGTGACAGAGTGAGACCTTGTCTCAAAAAATAAAAATTAAAAAGGAAAAAAA","GGCTGGGCATGGTGTCATACATCTGCAATTCCACCACTTTAGGAGGCTGAGGCAGGAAGATGGCTTGTGCCCAGGAGTTGGAGACTAGCCTGAGGAACACAGCAAGATCCTCCTCTCTACAAAAAATTTAAAAACTAGCCAGGTATGGTGGCACGTGCCTGTAGTCCTAGCTGCTCAGGAGGCTGAGGCAGGAGGATCGTTTGAGCAGGAGGCTGAAACTACAGTGAGTCATGACCATGCCACTGCACTACAGTCTGGGTGACAGAGTGAGACCTTGTCTCAAAAAAAATAAAATTAAATTTAAAAAAAGGAAAAAAAA"
"chr1","91404776","91404923","chr1","90176491","90176640","8","1228285","GGCGGGTCGCGTTGGCTCACGCCTGTGATCCTAACACTTTGGGAGGCGGAGACGGGGCTGGGGGTGGGGGGATCGCTTGAGTCCAGGAGTTGGGGACCTGCTTGGGCAACATGGCAAAACCCCCATCTCTATAAAAATAATTTAAAAA","GGCGGGTCGCGTTGGCTCACGCCTGTGATCCTAACACTTCGGGAGGCCGAGACGGGGCTGGGAGTGGGGGGATTGCTTGAGCCCAGGAGTTGGAGACCTGCTTGGGCAACATGGCAAAACCCCCATCTCTATAAAAATAATTTAAAAATT"
"chr1","92107566","92107762","chr6","37697378","37697562","56","54410188","GCTGGGGGCAGCAGTTCATGCCTGTAATCTCAGCACTTTGAGCAGCCAAAGTGGAGGATTTCTTGCGGCCAGGAGTTTGAGACCAGCCTGGGCAACATAGAAAGACCCTGTTTCTATAAAAACAAACAAACACACAAAAAAACCTTGCACCTGTAGTACTAGTAGTACTAGCTACTGGGAGGCTGAGGCAGGAGGAT","GCATGGTGGCTCACACCTGTAATCTCAACACTTTGGAGAGGCAAAGGCAGGATGATTGCTTGAAGCCAGGAGTTTGAGACCAGCCTGGGCATACCAAGACCCCGTCTCTACAGAAAAAATTAAGATTAGCTAGGCATGGTAACACGTGCCTATAGTCCTAGCTAATCAGGCTGAGGCAGGAGGAT"
"chr1","92398138","92398440","chr1","91199217","91199521","16","1198921","GCCAGGTGCAGTGGCTCATGCCTGTAATCCCAGCACTTTGGGAGGTCAAGGCAGGAGGATCACTTGAAGCCAGAAGTTCAAGCAGCCTGAGCAACACAAGGAGACTCTGCCTCTACAAAAAATACAAAAATTAGCCAGGTGTGGTGGTGCATGTCTGTGGTCCTAGCTACTCAAGAGGCCAAGGCAGGAGGATTGCATGAGCCCAGGAGTTCGAGGTTACAGCGAGCTCTGACTGTGCCACTGCATTCCAGCCTGGTCAACAGAGCAAGACCCTGTCTCTTAAAAAATAAAAAGAAAAAAGAA","GCCAGTTGCAGTGGCTCATGCCTATAATCCCAGCACTTTGGGAGGCCAAGGCAGGAGGATCACTTGAAGCCAGAAGTTCAAGACCAGCCTGAGCAACACAAGGAGACCCTGCCTCTACAAAAAATACAAAAATCAGCCAGGTGTGGTAGTGCACGTCTATGGTCCTAGCCACTCAAGAGGCCAAGGCAGGAGGATTGCGTGAGCCCAGGAGTTCGAGGTTACAGTGAGCTACGACTGTGCCACTGCATTCCAGCCTGGGCAACAGAGCAAGACCCTGTCTCTTAAAAAATAAAAAGAAAAAAGAA"
"chr1","92562014","92562165","chr1","91352109","91352259","11","1209905","GGCCAGGTACAGTGGCTCATGCCTGTAATCCCAGCACTTTGAGAGGCCAAGGCAGGAGGATCCTTTGAGGCCAGGAGTTTGAGGCCAGCGTGGACAACATAGTAAGACCACACCTCTACACAAAGTTTCTAGAAGTTAGCCAGATATGGTGG","GGCCAGGTGCAGTGGCTCATGCCTGTAATCCCAGCATTTGGGAGGCCAAGGCAGGAGGATCTCTTGAGGCCAGGAGTTTGAGGCCAGTGTGGACAACATAATGAGACCACACCTCTACACAAAGTTTTTAAAAGTTAGCCAGATGTGGTGG"
"chr1","92606030","92606324","chr9","63277055","63277347","56","29328975","CTGGGCGCGGTGGCTCACGCCTGTAATCACAGTGCTTCGGAAGGCAGGGGTAGGAGGATTACTTAAGGCCAGGAGTTCGAGACCAGCCTGGGCAACATAGTGAGACCCTGTCTCTACAAAAAAATTTTAAAATGAGCCAGGCATGGTGATGCATGCCTGTAGTTCCAGCTACTCAGGAGGCTGAGGCAGGAGGATTGCTTGAGCCTAGGAGTTCAAGGTTACAGTGAACTATAATCATGCTATTGCACTCCAGCCTAGGTGATAGAGTGAAACCCTGTCTCTAAAAAAATAAAAA","GGCTGGGTGCAGTAGCTCAGGTCTGTAATCTCAGTGCTTTGGGAGGCCATGGCAGGAGGATCCCTGGAGCCCAGGAGTTTGAGACCAGCCTGGGCAACATAGCAAGACCCCATCTCTACAAAAAATTTAAAAATTATCCAGGCATGATGGTGCATGCCTGTAATCCTAGCTACTTAGAAGGCTGAGCCAGAAGGATTGCTTGAGCCTGGGAGTTGGAGGTTACAGTGAGCTATGATCATACCACTACACTCCAGCTTGGGTACAGAGCAAGACCCTGTCTCTAAAAAAACAAA"
"chr1","93059191","93059445","chr1","92288883","92289131","33","770308","TTTGGGAGGCCAAGGTGGGAGGATTGTTTGAGGCCAGGAGTTTGAGACCAGCCTAGGTAACATAGAAAGACTTCGTCTCAAGTTTAAAAATCAGCTGAGCACAGTGGCACACACTGGTAGTCCTACCTACTCGAGAGACAGAGGCAGGAGGATTGCTTGAGCCCAGAGTTTGAGGTTGCAGTGAGCTATGATCATACTACTGCACTCTAGCCTGGGCAACAGAGCAAGATCCTGTCTCAAAAATAAATAAATAAA","TTTGGGAAGCCAAGGTGGGAGGACTGTTTGAGGCCAGGAGTTTGAGACCAGCCTAGGTAACACAGAAAGACTTTGTCTCTACAGAAGGTTTAAAAATCAGCTGGGCACAGTGGCACACACTGGTAATCTTAGCCACTCAAGAGACAGAGGCAGGAGGATCGCTTGAGCCCAGAGTTTGAGGTTTCAGTGAGCTATGATTATACCACTGCACTCTAGCCTAGGCAACAGAGCAAGATCCTGTCTCAAAAA"
"chr1","93165908","93166199","chr1","92388825","92389096","35","777083","GCGGCTCACACCTGTAATCCCAGCATTTTGAGAGGCTGAGGTGGGAGGATTGCTTGAGACCAGGATTTGAGATCAGCTTGGGCAACATAGCAAGACCCTGTCTCTACAAAAAAAAAAAAAANAAAAAAAGAAAACAAAATTAAGCTGGTTATGGTGGTTTATGCCTGTGGCCATAGCTACTTGGGAGGCCAAGACAGGAGATTACTTGAGGAGTTGAAGGTTACGGTGAGCTCTGATTGTGCAACTGCACTCCAGCCTGGTCGACAGAGTGAGATCTTGTCTCACAAAAAAA","GTGGCTCACACCTGTAATCCCAGCACTTTGAGAGGCTGAGGTAGGAGGATTGCTTGGGACCAGGATTTGAGATCAGCTTGGGCAACATAGCAAGACCCTGTCTCTACCAAAAAGAAAAAAAAATTAGCCGGGCATGGTGGTTTATGCCTGTGGCTATAGCTACTTGGGAGGCCAAGACAGGAGATTGCTTGAGGAGTTGAAGGTTACGGTGAGCTCTAATTGTGCAACTGCACTCCAGTCTGGGTGACAGAGTGAGATCTTGTCTCCAAAAA"
"chr1","93257085","93257214","chr20","18748338","18748470","22","74508747","GGCTGGGCACAGTGGCTCACGCCTTTAATCCCAGTGCTTTGAGAGGCTGAGGTGGGAGGATCACTTGAGGTCAAGAGTTCAAGGTCAACCTGGACAACACAGCAAGATCCCATCTCTCCAAAAGTAAAAA","GGCTGGGTGTGGTGGCTCACGCCTGTAATCCCAGCACTTTGGGAGGCTAAGGTGGGAGGATCACTTGAGGTTGGGAGTTTAAGGCCAACCTGGGCAACATAGCAAGACCCCATCTCTACAAAAAAAGAAAAAA"
"chr1","93268400","93268463","chr1","92494490","92494559","8","773910","AGCCTGGACAACATAGTGAAACGCTGTCTCTACAAAAAATTTAAAAGTGCACCGGGTGTGGTGG","TTCGATAGCCTGGACAACATAGTGAAAAGCTGTCTCTACAAAAAATTTAAAAGTGCGCCGGGTGTGGTGG"
"chr1","93520086","93520380","chr1","92745087","92745371","35","774999","GGCTGAGTATGGTAGGTCACACCTGTAATCCCAGCAATTTGGGAGGCTGAGGCAGAAGGATTCCCTTCTGCCAGGAGTTCAAGACCAGCCTGAGCAATAATGCGAGAACCCATCTCTATAAAAATTTTTTAAATTAGCTGAGTATGATGGCAAATGCCCGCAGTCCCAGCTACTCAGGAGGCTGAGGCCAGAGGATCACTTGAGCCTAGCAGTTCAAGGTTACAGAAGCTATGATCGTATCACTGCACTCCAGCCTGGGCAACAGAGAGTGATCCAAAAAAAAAAAAAAAAAAAA","GGCTGAGTATGGTGGCTCACACCTGTAATCCCAGCAATTTGGGAGGCTGGGGCAAAAGGATTCCCTGAGGCCAGGAGTTCAAGACCAGCCTGAGCAATAATGCGAGAACCCACATCTACAAAAAAATTTTTAAATTAGCTGAGTATGATGGCAAGTGCCTGTAGTCCCAACTACTCAGGAGGCTGAGGCCAGGGAATCACTTGAGCCCAGGAGTTCAACGTTACAGAAGCTATGACCATATCACTGCACTCAGCCTGGGCAACAGAGAGGGATCCAAAAAAAAAA"
"chr1","93631105","93631249","chr15","46171560","46171694","35","47459545","GGCCAGGTGCAGTGGCTCACGCTTGTAATCCTAACACTTTAGGAGGTTGAGGTGGGAGGGTCGCTTGAAGCCAGAGTTCAAGACTGGTTTGGCCAACATAGGGAGACCTACCCCCGATCTCCACAATAAGTTAAAAAAAAAAATT","GACCAGGTACAGTGGCTCACACCTGTAATCCCATGACTTTGGGAGGCCAAGGTGGGAGGATCGCTTGAGCCCAGGAGTTCAAGAGTAGCCTGGGCAACATAGGGAGACCTCATCTCTACAAATAACTTAAAAATT"
"chr1","93631547","93631696","chr1","876590","876733","37","92754957","TTAGCCAGGCATGGTGGTGCATACCTGTAGTCCTAGCTACTTGGGAAGCTGAGGCAGGAGGATTGCTTGAGCCTAGGAGTTTGAGGCTAGGATCGCACCCCTGTACTCCAGCCTGTGGGTAAAAGAGTGAGACCCTCTTTAAAAAAAAAA","GGCATGGTGGTACATACCTGTAGTCCTAGCTACTCCAGAGGCTAAGACAGGAGGATTGGTTGAGCCCAGGAGTTCAAGGCAGGACCGAGCCACTGCATGTCAGCCTGGGCAACAGAGTGAGACTCTGTCTCTTAAGGAAAAAAA"
"chr1","93714846","93715154","chr1","92939976","92940290","22","774870","GGCCAGGAGCAGTGACTTATGCCTGTAATCCCAGCATTGTTGCGGGGCAAGGCAGGAGGATCACTTGAAGCAAGACATTTGAGACCAGCCTGGGCAACATAGAGGGACCCATCTCTACAAAGTATTTAAAAATAAAAAATTAGCTGGGTGTGGTGGCACACAACTGTAGTCCTTGTAGCTACTTGGGATGCTGAGACTAGAAGATCACTTGAGCATAGGAGTTCATGGTTGCAGTGAGTTAGATCACACCACTGCACTCCAGCCTTGGCAACAGAGCAAGACCGTGTCTACAAAAAAAAAAAAAAAAAA","GGCCAAGAGCGGTGACTCATGCCTGTAATCCCAACATGGTTTGGGGGCAAGGCAGGAGGATCCACTTGAAGCAAGACATTTGAGACCAGCCTGGGCAACACAGCGGGACCCATCTCTACAAAATGTTTAAAAAATAAAAAATTAGCTGGGTGTGGTGGCACACAACTGTAGTCCTTGTAGCTACTTGGGATGCTGAGACTAGAAGATCACTTGAGCATAGGAATTCATGGTTGCAGTGAGTTAGATCAAACCACTGCACTCCAGCCTTGGCAACAGAGCAAGACGCTGTCTCAAAAACAAAAAACAAGAAAAAAA"
"chr1","93740902","93741156","chr15","10550865","10551096","71","83190037","GGTCAGGAGCTGTGGCTCTTGCCTGTGTCTGTAATCCCAGCACTTTGAGAGGCAGCAGGATCCCTTGAGGGCAAGAGTTCAAGACCAGCCTGGGCAACATAGTGAGACTGACCCCTATCTCTACAGAAAACTTAAAAAAAAATTAGCCAGGCTGCGGCTTGAGCCCAGAAGTTAAGGCTGCAGTGAGCCATGATCGCATCACTGAACTCCAGCCTGGGCAACTGAGCAAGACCCTGTCTTTAAAAAAAAAAAAAA","GGCCAGGCGTGGTGGCTCACACCTGTAATCTCAGCAATTTGGGAATCCAAGGTGGGAGGATCACTTGAGGCCAAAGTTCAAGACCAGCCTGGGCAACATAGCAAGACCTCATCTCTACAGAAAATTTTAAAAACTAGCTGCACGCCTGTAGTCCTAGCAGTGAGCTATGATCACACCACTTCACTCCAGCCTGGGCAACAGAGCAAGACCCTGTCTGAAAAAAAAACAGAAA"
"chr1","93760159","93760264","chr1","92985981","92986098","21","774178","GGAGGATCACTTGAACCCAGGAGTTTGAGGTTACAGTGGGCTATGATCACGCCACAGCACCGCAGCCTAGGCAACAGGGCGAGATCCTGTGTCTAAAACAAACAAA","GGAGGATCACTTGAACCCAGGAGTCTGAGGTTACAGTAGGCTATGATCACGCCATTGACTGCAGCCTGGGCAACAGGGCAAGATCCTGTGTCTAAAACAAACAAGCAAACAAACAAAA"
"chr1","93860705","93860810","chr1","93985549","93985656","17","124844","GGGAGGCTGAGGCAGGAGGATTGCTTGAGCCTAGGAGTTGGAGGTTATAGTGAGCTATGATTGCACCACTGCACTCCAGCCTGGGCAACAGAGGGAGACCCTGTCT","GAGGCTAAGGCAGGAGGATCACTTGAGCCCAAGAGTTTGAGGTTATACGTGAGCTATGATCACACCACTGCACTTCAGCCTGGGCAACAGAGTAAGACCCTGTCTGAA"
"chr1","94002119","94002415","chr1","93216802","93217100","21","785317","GGGCACAGTAACTCATGCCTGTAATCCCAGTGCTTTGAGAGGCCAAGGTCAGGGGATTGCTGGAGGCCAGGAGTTCAAGACCGGCCTGGGCAATAGAGTAAGATCCTGTCTCTACAAAACAATTTTTAAAAATTAGCTGAGGGCATGATAGTACACTCCTGTAGCTCTGGCTACTTGGAAGGCTAAGGTGGAACGATCCCTTGAGGCCAGAAGTAGGAGTTCCATATTACAAGGAGCTATGATCAAGCCACTGCACTCCAATCTGAGTGACAGAATGAGACCTTGTCTCTAAAAAAA","GGGCACAGTAGCTCACACCTGTAATCCCAGTGCTTTGAAAGGCCAAGGTCAGGGGATTGCTGGAGGTCAGGAGTTCAAGACCAGCCTGGGCAATAGAGTAAGACCCTGTCTCTACAAAACAATTTTAAAAAATTAGCTGGGGGCATGATAGTACACTCCTATAGCCCTTGCTACTTGGAAGGCTAAGGTGGAACGATCCCTTGAGGCCAGAAGTAGGAGTTCCACATTACAGTGAGCTGTGATCAAACCACTGCACTCCAGTCTTGAGTGACAGAGTGAGACCTTGTCTCTAAAATAAA"
"chr1","94063498","94063819","chr1","93286966","93287245","63","776532","GACTGAGTGCAGTGGCTCACGCCTATGATCCCCGCACTTTGGGAGGCTGAGACAAGAGGATTGCGTAAGGCCAGGAGTTCAAGATTGGCCTGGGTAACATAGCAAGACTGTATCTCTACAAAAAATTTTAAAACTAGCTACATGTGGTGGCACACACCTGTAGTCCTAGCTGCTCAGGAGGCTGAAGCAGAAGGACCAACTCCTTGAGCCGAGGAGTTGGCAGTTACAATGAGCTACATGATCATGCCATTGCATTCTAGCCTGGGTGACAGAGTGAGACCCTGTCTCTATTTTAAAAAAACAAAACAAACAAACAAAAAAA","GGCTGAGTGCAGTGGCTCACGCCTATGATCCCCACACTTTGGGAGGCTGAGGCAGGAGGATTGCATAAGGCCAGGAGTTCAAGACTGGCCTGGGTAACATGGCTAGACTGTATCTCTACAAAAAATTTTAAAACTAGCTGGGCATGGTGGCACACACCTGTAGTCCTAGCTGCTGAGGAGGCTGAAGCAGAAGGATAAACTCCTTGAGCCGAGGAGTTGGTGGTTACAATGAGCTATGTGATCATACCATTGCATTCTAGCTTGGGTGAGACCCTGTCTC"
