"chr1","9305861","9306180","KN295236v1","1883860","1884167","41","7422001"
"chr1","170786725","170787007","KN296316v1","304722","304999","49","170482003"
"chr1","886174","886477","KN295708v1","975967","976273","41","89793"
"chr1","973497","973797","KN294172v1","4261970","4262272","33","3288473"
"chr1","1015082","1015373","KN297197v1","1630263","1630561","53","615181"
"chr1","1150254","1150547","KN294439v1","300738","301034","38","849516"
"chr1","1225008","1225290","KN294777v1","658614","658896","32","566394"
"chr1","1360387","1360474","KN296305v1","942682","942759","31","417705"
"chr1","1616487","1616657","KN294879v1","295776","295949","69","1320711"
"chr1","1656729","1656837","KN295520v1","1","108","30","1656728"
"chr1","1661354","1661556","KN295586v1","5219415","5219623","42","3558061"
"chr1","1668722","1669014","KN294911v1","4551473","4551760","32","2882751"
"chr1","1692801","1693071","KN294187v1","242848","243117","40","1449953"
"chr1","1727529","1727819","KN296770v1","78926","79217","56","1648603"
"chr1","1751608","1751906","KN296404v1","2965711","2966008","40","1214103"
"chr1","1763785","1763955","KN296847v1","896438","896603","26","867347"
"chr1","1764263","1764397","KN296635v1","2256493","2256628","16","492230"
"chr1","1827167","1827477","KN295090v1","2881719","2882025","37","1054552"
"chr1","1856299","1856716","KN296977v1","16188","16534","122","1840111"
"chr1","1880818","1881130","KN296743v1","245342","245652","32","1635476"
"chr1","1955650","1955954","KN297197v1","4305535","4305831","43","2349885"
"chr1","2073036","2073192","KN297203v1","866961","867115","19","1206075"
"chr1","3674444","3674748","KN294873v1","312181","312477","39","3362263"
"chr1","3675398","3675450","KN295022v1","781880","781932","13","2893518"
"chr1","4361830","4362135","KN295523v1","2221436","2221738","37","2140394"
"chr1","4622349","4622629","KN296732v1","1792478","1792756","47","2829871"
"chr1","6108899","6109198","KN296635v1","126740","127032","37","5982159"
"chr1","6140333","6140626","KN296096v1","1838666","1838962","54","4301667"
"chr1","6662801","6663096","KN294964v1","1405362","1405660","42","5257439"
"chr1","6674744","6675035","KN295303v1","16080","16371","49","6658664"
"chr1","7015408","7015716","KN295090v1","2881719","2882025","37","4133689"
"chr1","7149641","7149941","KN295236v1","1883860","1884167","48","5265781"
"chr1","7314857","7315154","KN295244v1","318312","318607","34","6996545"
"chr1","7416805","7417103","KN294372v1","2580401","2580700","37","4836404"
"chr1","7433020","7433342","KN295405v1","2031379","2031690","49","5401641"
"chr1","7435028","7435341","KN295294v1","849337","849645","41","6585691"
"chr1","7535759","7536060","KN296062v1","1571490","1571788","39","5964269"
"chr1","7699583","7699877","KN297094v1","86545","86834","36","7613038"
"chr1","7982926","7983221","KN294439v1","300738","301034","36","7682188"
"chr1","8040033","8040322","KN295706v1","150980","151270","30","7889053"
"chr1","8180446","8180753","KN295637v1","380266","380573","41","7800180"
"chr1","8268233","8268541","KN296749v1","264936","265241","32","8003297"
"chr1","8292048","8292208","KN295667v1","2474569","2474732","18","5817479"
"chr1","8294870","8295168","KN295667v1","2471597","2471899","34","5823273"
"chr1","8325281","8325590","KN295294v1","849337","849645","34","7475944"
"chr1","8575077","8575247","KN296498v1","397835","398002","24","8177242"
"chr1","8668240","8668584","KN295594v1","103351","103682","85","8564889"
"chr1","8706548","8706835","KN294456v1","1570309","1570590","36","7136239"
"chr1","8753702","8754004","KN297197v1","1630263","1630561","32","7123439"
"chr1","8911904","8912214","KN294208v1","594903","595207","38","8317001"
"chr1","8950246","8950545","KN295667v1","1786657","1786955","23","7163589"
"chr1","9001952","9002258","KN295531v1","74200","74508","44","8927752"
"chr1","9066873","9067171","KN295667v1","1666677","1666971","31","7400196"
"chr1","9126916","9127216","KN295017v1","163423","163725","43","8963493"
"chr1","9322920","9323201","KN294911v1","3417560","3417842","44","5905360"
"chr1","9324057","9324368","KN295667v1","1413818","1414125","25","7910239"
"chr1","9483299","9483614","KN295092v1","17292","17602","44","9466007"
"chr1","9536241","9536549","KN297165v1","1212451","1212758","37","8323790"
"chr1","9947716","9948011","KN296594v1","636925","637224","33","9310791"
"chr1","10132823","10133126","KN297293v1","497776","498076","37","9635047"
"chr1","10159082","10159252","KN296290v1","593470","593637","31","9565612"
"chr1","10159558","10159692","KN295667v1","566495","566629","16","9593063"
"chr1","10361975","10362290","KN296883v1","926230","926542","41","9435745"
"chr1","10370461","10370714","KN295667v1","330237","330497","32","10040224"
"chr1","10375479","10375750","KN295371v1","312819","313104","43","10062660"
"chr1","10383790","10384086","KN294439v1","300738","301034","30","10083052"
"chr1","10417632","10417906","KN297133v1","1618181","1618455","37","8799451"
"chr1","10583798","10584092","KN295708v1","2600644","2600942","29","7983154"
"chr1","10938647","10938953","KN297144v1","369276","369583","38","10569371"
"chr1","10972899","10973213","KN295077v1","564405","564717","38","10408494"
"chr1","11011179","11011470","KN294182v1","193047","193344","40","10818132"
"chr1","11059606","11059919","KN296883v1","926230","926542","44","10133376"
"chr1","11095906","11096144","KN294372v1","1341247","1341494","34","9754659"
"chr1","11105099","11105401","KN296486v1","163955","164261","34","10941144"
"chr1","11158971","11159258","KN294245v1","98484","98770","39","11060487"
"chr1","11180102","11180391","KN296096v1","1838666","1838962","52","9341436"
"chr1","11471596","11471902","KN295294v1","849337","849645","38","10622259"
"chr1","11703002","11703307","KN295294v1","849337","849645","36","10853665"
"chr1","12076173","12076473","KN294172v1","4261970","4262272","24","7814203"
"chr1","12169058","12169367","KN297320v1","2011211","2011528","47","10157847"
"chr1","12641899","12642210","KN296849v1","270527","270842","31","12371372"
"chr1","12800365","12800705","KN294957v1","64569","64891","67","12735796"
"chr1","13766874","13767185","KN295480v1","2450587","2450900","38","11316287"
"chr1","14346833","14347125","KN296508v1","1861452","1861744","37","12485381"
"chr1","14416445","14416602","KN296516v1","50755","50899","30","14365690"
"chr1","14784814","14785114","KN295470v1","49643","49945","43","14735171"
"chr1","14868520","14868817","KN295666v1","599906","600199","32","14268614"
"chr1","15075491","15075616","KN294229v1","305428","305560","23","14770063"
"chr1","15078487","15078785","KN295596v1","1653699","1653998","38","13424788"
"chr1","15306324","15306620","KN296518v1","311574","311873","36","14994750"
"chr1","15585691","15585981","KN294457v1","1018677","1018971","33","14567014"
"chr1","15685461","15685769","KN295294v1","849337","849645","36","14836124"
"chr1","15830844","15831152","KN294181v1","1418383","1418694","34","14412461"
"chr1","16218154","16218448","KN296732v1","139891","140190","49","16078263"
"chr1","16431587","16431811","KN295523v1","3140974","3141195","47","13290613"
"chr1","16958128","16958439","KN294416v1","5965","6274","34","16952163"
"chr1","17376006","17376295","KN297044v1","447248","447534","20","16928758"
"chr1","17465719","17466018","KN294457v1","1018677","1018971","38","16447042"
"chr1","17530650","17530947","KN297044v1","607727","608033","33","16922923"
"chr1","17591363","17591662","KN295102v1","291073","291373","34","17300290"
"chr1","18083352","18083655","KN295244v1","318312","318607","40","17765040"
"chr1","18609605","18609904","KN294292v1","269090","269388","38","18340515"
"chr1","19301521","19301823","KN294821v1","89447","89748","39","19212074"
"chr1","19370831","19371142","KN295573v1","1295388","1295699","45","18075443"
"chr1","19462607","19462918","KN294443v1","739291","739598","35","18723316"
"chr1","19697064","19697078","KN294970v1","643129","643145","5","19053935"
"chr1","19697135","19697246","KN295294v1","2522966","2523073","19","17174169"
"chr1","19771480","19771783","KN295667v1","2471597","2471899","35","17299883"
"chr1","20146155","20146458","KN297227v1","1013431","1013731","33","19132724"
"chr1","20362383","20362681","KN297159v1","3458145","3458443","37","16904238"
"chr1","20615025","20615336","KN294172v1","2441614","2441913","46","18173411"
"chr1","20727954","20728257","KN296743v1","245342","245652","34","20482612"
"chr1","20803028","20803275","KN297416v1","71048","71290","34","20731980"
"chr1","20945048","20945356","KN296673v1","14244","14552","39","20930804"
"chr1","21218162","21218450","KN294592v1","1365380","1365673","46","19852782"
"chr1","21314854","21315159","KN295708v1","975967","976273","30","20338887"
"chr1","21352639","21352934","KN297133v1","262973","263267","35","21089666"
"chr1","22024824","22025126","KN295708v1","1461378","1461681","35","20563446"
"chr1","22034589","22034888","KN295708v1","1471221","1471525","30","20563368"
"chr1","22060416","22060727","KN296096v1","2223591","2223902","33","19836825"
"chr1","22141267","22141560","KN297159v1","2958759","2959053","36","19182508"
"chr1","22582834","22583106","KN294761v1","1769883","1770150","35","20812951"
"chr1","22584288","22584559","KN297403v1","3928","4192","49","22580360"
"chr1","22851871","22852168","KN294662v1","177705","178001","32","22674166"
"chr1","23093701","23094011","KN294266v1","416253","416561","32","22677448"
"chr1","23154979","23155278","KN295708v1","2600644","2600942","27","20554335"
"chr1","23182710","23182977","KN295708v1","2629360","2629621","27","20553350"
"chr1","23209736","23209974","KN297416v1","71048","71290","31","23138688"
"chr1","23331061","23331359","KN295708v1","2738759","2739048","38","20592302"
"chr1","23337905","23338209","KN295523v1","556214","556518","38","22781691"
"chr1","23513499","23513788","KN295977v1","1257123","1257362","85","22256376"
"chr1","23513934","23514242","KN296528v1","1485437","1485734","45","22028497"
"chr1","23526074","23526368","KN295077v1","388250","388549","45","23137824"
"chr1","23621492","23621642","KN294540v1","553911","554067","33","23067581"
"chr1","23621969","23622110","KN296406v1","63290","63430","20","23558679"
"chr1","23635453","23635737","KN295441v1","58834","59125","42","23576619"
"chr1","23688797","23689110","KN295548v1","1203912","1204221","44","22484885"
"chr1","23772848","23773151","KN294378v1","472867","473166","37","23299981"
"chr1","23864611","23864673","KN297094v1","75794","75851","11","23788817"
"chr1","23910584","23910872","KN295984v1","2500308","2500598","43","21410276"
"chr1","24009284","24009579","KN295090v1","2881719","2882025","46","21127565"
"chr1","24024459","24024763","KN294439v1","300738","301034","41","23723721"
"chr1","24067199","24067261","KN294407v1","726854","726914","10","23340345"
"chr1","24106833","24107133","KN295531v1","74200","74508","32","24032633"
"chr1","24112864","24113150","KN295554v1","79219","79506","32","24033645"
"chr1","24180532","24180829","KN295633v1","161032","161323","37","24019500"
"chr1","24214477","24214537","KN294385v1","2588","2649","5","24211889"
"chr1","24335707","24336013","KN297141v1","152542","152844","26","24183165"
"chr1","24373168","24373478","KN294193v1","198069","198376","42","24175099"
"chr1","24486492","24486797","KN295236v1","753928","754234","41","23732564"
"chr1","24780689","24780997","KN295142v1","809109","809420","40","23971580"
"chr1","24799123","24799503","KN296079v1","673289","673603","107","24125834"
"chr1","24911486","24911792","KN295531v1","74200","74508","39","24837286"
"chr1","25780822","25781108","KN294470v1","2983090","2983380","37","22797732"
"chr1","26183721","26184003","KN296498v1","381298","381573","43","25802423"
"chr1","26263976","26264262","KN294457v1","1018677","1018971","38","25245299"
"chr1","26377100","26377407","KN297047v1","2103989","2104301","37","24273111"
"chr1","26464492","26464796","KN294439v1","300738","301034","48","26163754"
"chr1","26479422","26479725","KN295601v1","1054911","1055206","36","25424511"
"chr1","26502553","26502849","KN297197v1","1630263","1630561","33","24872290"
"chr1","26571667","26571756","KN295705v1","657665","657751","11","25914002"
"chr1","26594986","26595278","KN296422v1","129610","129905","30","26465376"
"chr1","26648381","26648525","KN294187v1","392846","392992","16","26255535"
"chr1","26648833","26648969","KN294874v1","26624","26752","39","26622209"
"chr1","26669784","26670082","KN297056v1","14090","14388","28","26655694"
"chr1","26735927","26736246","KN296430v1","736322","736630","42","25999605"
"chr1","26759673","26759973","KN294439v1","300738","301034","34","26458935"
"chr1","26788612","26788906","KN295705v1","318789","319084","41","26469823"
"chr1","27226769","27227062","KN294457v1","1018677","1018971","32","26208092"
"chr1","27248355","27248660","KN294161v1","267117","267425","38","26981238"
"chr1","27439313","27439615","KN297184v1","163657","163968","56","27275656"
"chr1","27475867","27476173","KN295294v1","849337","849645","33","26626530"
"chr1","27570334","27570633","KN295244v1","318312","318607","38","27252022"
"chr1","27696764","27697061","KN295244v1","318312","318607","38","27378452"
"chr1","27698470","27698794","KN294856v1","400185","400505","59","27298285"
"chr1","27946825","27947113","KN296588v1","13289","13578","31","27933536"
"chr1","27947139","27947408","KN295907v1","1929142","1929405","46","26017997"
"chr1","28036017","28036306","KN296606v1","198929","199206","35","27837088"
"chr1","28227133","28227425","KN296508v1","1861452","1861744","33","26365681"
"chr1","28366772","28367052","KN297133v1","667003","667284","41","27699769"
"chr1","28431350","28431653","KN296682v1","4003280","4003585","32","24428070"
"chr1","28450298","28450612","KN295523v1","2221436","2221738","51","26228862"
"chr1","28457414","28457696","KN295596v1","1924896","1925180","43","26532518"
"chr1","28485982","28486275","KN295523v1","556214","556518","52","27929768"
"chr1","28594066","28594370","KN295090v1","2881719","2882025","40","25712347"
"chr1","28608015","28608300","KN294911v1","3417560","3417842","39","25190455"
"chr1","28642433","28642734","KN297197v1","1630263","1630561","43","27012170"
"chr1","28665634","28665936","KN295705v1","2422724","2423022","35","26242910"
"chr1","28695315","28695618","KN295090v1","2881719","2882025","36","25813596"
"chr1","28771848","28772145","KN294182v1","193047","193344","32","28578801"
"chr1","28850777","28851085","KN296743v1","245342","245652","40","28605435"
"chr1","28855669","28855969","KN295814v1","769523","769821","31","28086146"
"chr1","28873050","28873347","KN297176v1","238646","238944","43","28634404"
"chr1","28931674","28931983","KN295294v1","849337","849645","33","28082337"
"chr1","28961525","28961825","KN296381v1","355929","356232","37","28605596"
"chr1","28981555","28981865","KN295304v1","46058","46359","39","28935497"
"chr1","29044686","29044935","KN295382v1","229095","229345","51","28815591"
"chr1","29064683","29064839","KN296726v1","834547","834705","26","28230136"
"chr1","29082923","29083206","KN296883v1","3124205","3124494","38","25958718"
"chr1","29147591","29147895","KN296322v1","2331544","2331850","42","26816047"
"chr1","29190915","29191223","KN295090v1","2881719","2882025","36","26309196"
"chr1","29237150","29237441","KN296594v1","636925","637224","43","28600225"
"chr1","29260123","29260424","KN294821v1","89447","89748","43","29170676"
"chr1","29333991","29334289","KN294372v1","1816578","1816877","37","27517413"
"chr1","29402889","29403000","KN295077v1","540029","540136","21","28862860"
"chr1","29414555","29414852","KN296508v1","1861452","1861744","31","27553103"
"chr1","29584146","29584434","KN296732v1","1792478","1792756","38","27791668"
"chr1","29976985","29977299","KN296062v1","1513349","1513658","33","28463636"
"chr1","30366149","30366464","KN296096v1","2223591","2223902","35","28142558"
"chr1","30518924","30519238","KN295074v1","341643","341951","35","30177281"
"chr1","30647875","30648187","KN295708v1","2854723","2855026","45","27793152"
"chr1","31267494","31267811","KN295459v1","634986","635295","42","30632508"
"chr1","31287588","31287901","KN294181v1","656558","656864","41","30631030"
"chr1","31380415","31380712","KN297094v1","83549","83833","44","31296866"
"chr1","31429994","31430303","KN294705v1","217192","217491","26","31212802"
"chr1","31449567","31449881","KN294705v1","235051","235362","36","31214516"
"chr1","31468685","31468986","KN295814v1","1558400","1558704","40","29910285"
"chr1","31508953","31509238","KN295260v1","414258","414542","26","31094695"
"chr1","31533238","31533537","KN294705v1","314085","314398","38","31219153"
"chr1","31569943","31570183","KN294705v1","353065","353305","11","31216878"
"chr1","31573406","31573686","KN296883v1","3124205","3124494","40","28449201"
"chr1","31689386","31689697","KN294705v1","477749","478050","35","31211637"
"chr1","31828508","31828804","KN296296v1","192849","193147","36","31635659"
"chr1","32120359","32120655","KN294705v1","881212","881521","46","31239147"
"chr1","32234680","32234983","KN294372v1","1816578","1816877","42","30418102"
"chr1","32241490","32241792","KN294705v1","1001708","1002005","24","31239782"
"chr1","32318288","32318577","KN294705v1","1079452","1079734","32","31238836"
"chr1","32356295","32356589","KN296404v1","2965711","2966008","34","29390584"
"chr1","32540313","32540614","KN296731v1","1520595","1520896","40","31019718"
"chr1","32638651","32638947","KN294705v1","1414649","1414956","39","31224002"
"chr1","32695081","32695380","KN294705v1","1477713","1478004","34","31217368"
"chr1","32707040","32707350","KN295294v1","849337","849645","42","31857703"
"chr1","32747454","32747727","KN294705v1","88883","89167","44","32658571"
"chr1","32951280","32951575","KN294705v1","1552100","1552398","32","31399180"
"chr1","32952898","32953188","KN294705v1","1553728","1554021","29","31399170"
"chr1","33044828","33045111","KN295923v1","639205","639493","39","32405623"
"chr1","33185926","33186199","KN297046v1","2855852","2856127","38","30330074"
"chr1","33225277","33225512","KN294470v1","2654293","2654537","61","30570984"
"chr1","33350561","33350862","KN296865v1","1933794","1934101","38","31416767"
"chr1","33631916","33632225","KN295294v1","849337","849645","31","32782579"
"chr1","33694204","33694505","KN294416v1","327416","327717","41","33366788"
"chr1","33724735","33725033","KN294879v1","599455","599756","45","33125280"
"chr1","35557291","35557592","KN294372v1","2580401","2580700","35","32976890"
"chr1","35638156","35638454","KN294378v1","472867","473166","41","35165289"
"chr1","35667956","35668269","KN297205v1","435353","435667","29","35232603"
"chr1","35673968","35674154","KN294665v1","64456","64624","54","35609512"
"chr1","35757856","35758164","KN296153v1","2939571","2939879","36","32818285"
"chr1","35870958","35871240","KN294987v1","346285","346567","37","35524673"
"chr1","35942921","35943222","KN294987v1","152903","153215","35","35790018"
"chr1","36037076","36037375","KN294439v1","300738","301034","34","35736338"
"chr1","36049877","36050174","KN294458v1","909867","910169","32","35140010"
"chr1","36091969","36092234","KN297442v1","822414","822676","38","35269555"
"chr1","36130904","36131205","KN295523v1","556214","556518","33","35574690"
"chr1","36144180","36144465","KN296311v1","5447519","5447807","34","30696661"
"chr1","36160992","36161296","KN294987v1","384726","385022","37","35776266"
"chr1","36310224","36310507","KN295573v1","1209164","1209448","38","35101060"
"chr1","36510478","36510787","KN295241v1","154718","155028","39","36355760"
"chr1","36906112","36906418","KN295236v1","753928","754234","41","36152184"
"chr1","36918448","36918760","KN295142v1","809109","809420","41","36109339"
"chr1","37276423","37276716","KN296311v1","3176858","3177154","37","34099565"
"chr1","38123259","38123560","KN297227v1","1013431","1013731","34","37109828"
"chr1","38152460","38152764","KN297157v1","244479","244781","35","37907981"
"chr1","38332432","38332712","KN294592v1","1407123","1407409","41","36925309"
"chr1","38476756","38477057","KN295244v1","318312","318607","36","38158444"
"chr1","38478424","38478717","KN296508v1","1861452","1861744","29","36616972"
"chr1","38800519","38800789","KN296884v1","1152939","1153223","53","37647580"
"chr1","39325660","39325962","KN295923v1","2418053","2418351","40","36907607"
"chr1","39363627","39363927","KN296948v1","914496","914793","38","38449131"
"chr1","39386220","39386526","KN296934v1","523491","523793","40","38862729"
"chr1","39514855","39515154","KN294949v1","669778","670078","35","38845077"
"chr1","39638660","39638958","KN296528v1","1485437","1485734","49","38153223"
"chr1","39656876","39657156","KN294456v1","711541","711812","45","38945335"
"chr1","39661320","39661617","KN295096v1","472728","473024","43","39188592"
"chr1","39781928","39782203","KN297165v1","693062","693346","34","39088866"
"chr1","39975599","39975915","KN296404v1","1840967","1841270","46","38134632"
"chr1","40235573","40235893","KN296649v1","267832","268145","51","39967741"
"chr1","40284103","40284242","KN295096v1","1927679","1927823","18","38356424"
"chr1","40496708","40496939","KN297096v1","9914","10132","46","40486794"
"chr1","40615412","40615726","KN297047v1","2103989","2104301","47","38511423"
"chr1","40702687","40702995","KN294705v1","235051","235362","38","40467636"
"chr1","40710069","40710331","KN297442v1","822414","822676","34","39887655"
"chr1","40715619","40715705","KN296726v1","233564","233629","27","40482055"
"chr1","40781599","40781887","KN294457v1","1018677","1018971","34","39762922"
"chr1","40864400","40864704","KN294439v1","300738","301034","36","40563662"
"chr1","41080213","41080512","KN295244v1","318312","318607","33","40761901"
"chr1","41135054","41135337","KN295236v1","3645629","3645922","40","37489425"
"chr1","41184962","41185286","KN297158v1","609393","609708","51","40575569"
"chr1","41338453","41338740","KN296588v1","13289","13578","32","41325164"
"chr1","41349117","41349418","KN295531v1","74200","74508","33","41274917"
"chr1","41525341","41525645","KN294172v1","346409","346717","46","41178932"
"chr1","41576783","41577079","KN296424v1","369709","370011","40","41207074"
"chr1","41803847","41804161","KN295708v1","975967","976273","37","40827880"
"chr1","41883499","41883791","KN295666v1","599906","600199","31","41283593"
"chr1","41902741","41902978","KN296311v1","6934502","6934740","34","34968239"
"chr1","42163389","42163683","KN295244v1","318312","318607","37","41845077"
"chr1","43046577","43046886","KN294181v1","1655832","1656144","40","41390745"
"chr1","43053259","43053544","KN296864v1","789875","790161","24","42263384"
"chr1","43342924","43343229","KN297047v1","2103989","2104301","37","41238935"
"chr1","43405780","43406092","KN295368v1","1059789","1060099","47","42345991"
"chr1","43449878","43450147","KN296864v1","1194223","1194487","30","42255655"
"chr1","43685972","43686264","KN294181v1","895820","896118","42","42790152"
"chr1","43741622","43741799","KN296932v1","69753","69926","28","43671869"
"chr1","43755549","43755837","KN294457v1","1018677","1018971","38","42736872"
"chr1","43789265","43789555","KN296821v1","487660","487949","42","43301605"
"chr1","44015917","44016220","KN294613v1","721443","721745","40","43294474"
"chr1","44079267","44079559","KN296770v1","78926","79217","32","44000341"
"chr1","44350749","44351067","KN297047v1","2103989","2104301","54","42246760"
"chr1","45289872","45290172","KN296864v1","3200205","3200492","31","42089667"
"chr1","45380234","45380512","KN296864v1","3296529","3296805","34","42083705"
"chr1","45403089","45403376","KN296311v1","5007248","5007529","45","40395841"
"chr1","45426244","45426339","KN295705v1","657665","657751","17","44768579"
"chr1","45517319","45517612","KN294539v1","1216306","1216596","34","44301013"
"chr1","45604402","45604705","KN294443v1","739291","739598","36","44865111"
"chr1","45664416","45664721","KN297205v1","435353","435667","41","45229063"
"chr1","45871968","45872285","KN295371v1","551008","551309","56","45320960"
"chr1","45917906","45918202","KN295441v1","1795450","1795742","29","44122456"
"chr1","45939192","45939492","KN295441v1","1772208","1772509","20","44166984"
"chr1","46164440","46164735","KN296311v1","5551109","5551405","41","40613331"
"chr1","46501268","46501558","KN296460v1","130610","130915","47","46370658"
"chr1","46598537","46598827","KN295077v1","61551","61831","43","46536986"
"chr1","46646034","46646366","KN295441v1","1012675","1012992","58","45633359"
"chr1","46757865","46758161","KN296404v1","2965711","2966008","22","43792154"
"chr1","46763234","46763513","KN295474v1","569694","569984","49","46193540"
"chr1","46765459","46765771","KN294705v1","1001708","1002005","74","45763751"
"chr1","48016257","48016439","KN296883v1","678066","678244","24","47338191"
"chr1","48111210","48111503","KN296096v1","2554971","2555261","37","45556239"
"chr1","48808195","48808489","KN295666v1","599906","600199","32","48208289"
"chr1","51421662","51421942","KN294777v1","658614","658896","23","50763048"
"chr1","51685098","51685406","KN296096v1","2342383","2342678","54","49342715"
"chr1","51696822","51697111","KN295260v1","1828605","1828891","40","49868217"
"chr1","51759843","51760106","KN295361v1","463073","463334","42","51296770"
"chr1","51923817","51924131","KN295236v1","753928","754234","38","51169889"
"chr1","51936825","51937122","KN296577v1","144899","145207","35","51791926"
"chr1","51991844","51991912","KN295096v1","584550","584618","14","51407294"
"chr1","52122911","52123055","KN295667v1","1070958","1071102","16","51051953"
"chr1","52123353","52123528","KN294172v1","1604931","1605105","30","50518422"
"chr1","52148222","52148517","KN297197v1","1630263","1630561","32","50517959"
"chr1","52156941","52157247","KN296167v1","187386","187697","42","51969555"
"chr1","52890289","52890585","KN296625v1","47509","47806","41","52842780"
"chr1","52959454","52959746","KN294747v1","654984","655267","41","52304470"
"chr1","53051751","53052059","KN295294v1","849337","849645","35","52202414"
"chr1","53088949","53089245","KN294251v1","954096","954390","38","52134853"
"chr1","53103941","53104245","KN294407v1","206812","207117","32","52897129"
"chr1","53128579","53128889","KN294407v1","235329","235629","25","52893250"
"chr1","53242582","53242830","KN296119v1","220472","220721","55","53022110"
"chr1","53389060","53389129","KN294385v1","2588","2649","13","53386472"
"chr1","53406124","53406407","KN294407v1","503441","503731","22","52902683"
"chr1","53407176","53407483","KN294407v1","504505","504801","42","52902671"
"chr1","53592897","53593210","KN294407v1","707064","707376","17","52885833"
"chr1","53659418","53659700","KN294407v1","777385","777672","24","52882033"
"chr1","53682990","53683306","KN294856v1","400185","400505","39","53282805"
"chr1","53760894","53761176","KN297008v1","3704335","3704617","31","50056559"
"chr1","53792829","53792982","KN296726v1","834547","834705","28","52958282"
"chr1","54698362","54698688","KN294407v1","1840936","1841273","31","52857426"
"chr1","54786142","54786442","KN294407v1","1932520","1932812","23","52853622"
"chr1","54826803","54827051","KN294407v1","1976889","1977138","27","52849914"
"chr1","54845121","54845382","KN296119v1","220472","220721","35","54624649"
"chr1","54867386","54867657","KN296119v1","220472","220721","53","54646914"
"chr1","55064359","55064584","KN296311v1","4279008","4279235","37","50785351"
"chr1","55111491","55111859","KN296138v1","234707","235060","95","54876784"
"chr1","55206941","55207248","KN295459v1","634986","635295","42","54571955"
"chr1","55510349","55510661","KN295586v1","892853","893164","39","54617496"
"chr1","55527055","55527366","KN295633v1","672161","672469","42","54854894"
"chr1","55743251","55743551","KN296180v1","1884395","1884694","39","53858856"
"chr1","55802982","55803285","KN294407v1","2910911","2911209","32","52892071"
"chr1","55836103","55836410","KN294439v1","300738","301034","42","55535365"
"chr1","55841104","55841429","KN294407v1","2949986","2950293","47","52891118"
"chr1","56150749","56151038","KN295923v1","621393","621694","56","55529356"
"chr1","56201645","56201955","KN294407v1","3307409","3307704","46","52894236"
"chr1","56358506","56358800","KN294439v1","300738","301034","34","56057768"
"chr1","57367905","57368212","KN295294v1","849337","849645","37","56518568"
"chr1","58688865","58689162","KN295974v1","2070068","2070368","23","56618797"
"chr1","58700006","58700315","KN294747v1","1263904","1264208","38","57436102"
"chr1","59672179","59672467","KN296311v1","5551109","5551405","57","54121070"
"chr1","60956755","60957043","KN296635v1","126740","127032","29","60830015"
"chr1","61169588","61169893","KN294873v1","312181","312477","43","60857407"
"chr1","61559501","61559792","KN295244v1","451775","452068","34","61107726"
"chr1","61859599","61859880","KN296635v1","875955","876237","28","60983644"
"chr1","62578743","62579024","KN295906v1","275815","276092","37","62302928"
"chr1","62665675","62665980","KN296635v1","1699891","1700194","19","60965784"
"chr1","62825342","62825627","KN294874v1","619764","620065","44","62205578"
"chr1","62841079","62841381","KN297227v1","1013431","1013731","33","61827648"
"chr1","62871075","62871357","KN296635v1","1913084","1913363","25","60957991"
"chr1","63219137","63219435","KN296635v1","2257953","2258248","27","60961184"
"chr1","63666327","63666629","KN295470v1","49643","49945","37","63616684"
"chr1","63822158","63822448","KN294705v1","2200725","2201020","42","61621433"
"chr1","63825114","63825428","KN294372v1","1186525","1186831","47","62638589"
"chr1","64111936","64112241","KN296907v1","96512","96823","39","64015424"
"chr1","64132714","64133005","KN294536v1","345039","345332","35","63787675"
"chr1","65407673","65407957","KN294592v1","1407123","1407409","47","64000550"
"chr1","66178357","66178675","KN296635v1","5187200","5187519","32","60991157"
"chr1","66224778","66225073","KN296635v1","5238302","5238600","24","60986476"
"chr1","66238992","66239294","KN297184v1","790654","790958","33","65448338"
"chr1","66434997","66435295","KN296635v1","5463227","5463530","32","60971770"
"chr1","66486886","66487179","KN294457v1","1018677","1018971","29","65468209"
"chr1","66697809","66698118","KN295090v1","2881719","2882025","34","63816090"
"chr1","66855977","66856263","KN295667v1","595363","595651","40","66260614"
"chr1","67255348","67255660","KN296295v1","278782","279092","36","66976566"
"chr1","68026642","68026942","KN296315v1","1326220","1326518","44","66700422"
"chr1","68272414","68272691","KN297095v1","1167761","1168047","45","67104653"
"chr1","68386534","68386843","KN295077v1","564405","564717","40","67822129"
"chr1","68467331","68467634","KN295596v1","3145346","3145648","40","65321985"
"chr1","68580777","68581068","KN295706v1","150980","151270","34","68429797"
"chr1","68715243","68715551","KN294446v1","911552","911862","55","67803691"
"chr1","68836921","68837215","KN296063v1","1001562","1001853","40","67835359"
"chr1","68908267","68908437","KN297274v1","1583264","1583437","21","67325003"
"chr1","69385958","69386231","KN295260v1","1828605","1828891","65","67557353"
"chr1","70993469","70993781","KN294181v1","1655832","1656144","41","69337637"
"chr1","71374230","71374523","KN295244v1","318312","318607","37","71055918"
"chr1","71541188","71541382","KN294728v1","1036691","1036881","28","70504497"
"chr1","71593245","71593556","KN297444v1","360314","360617","35","71232931"
"chr1","71603754","71604048","KN294879v1","694535","694829","44","70909219"
"chr1","71610732","71611022","KN295260v1","1828605","1828891","44","69782127"
"chr1","71765180","71765488","KN296435v1","2563437","2563748","36","69201743"
"chr1","72658355","72658634","KN297105v1","2773760","2774037","39","69884595"
"chr1","73539156","73539461","KN295090v1","2881719","2882025","43","70657437"
"chr1","73833422","73833728","KN295523v1","2221436","2221738","42","71611986"
"chr1","74427985","74428287","KN295261v1","349783","350088","47","74078202"
"chr1","74935612","74935922","KN295666v1","1573062","1573363","40","73362550"
"chr1","75508280","75508535","KN297077v1","548799","549065","53","74959481"
"chr1","76712168","76712434","KN296398v1","205071","205339","28","76507097"
"chr1","77083511","77083619","KN295077v1","540029","540136","14","76543482"
"chr1","78876935","78877237","KN295090v1","2881719","2882025","39","75995216"
"chr1","79067937","79068232","KN296096v1","3068156","3068453","35","75999781"
"chr1","79094991","79095286","KN294181v1","1771837","1772133","34","77323154"
"chr1","79165700","79165989","KN297047v1","4130656","4130943","40","75035044"
"chr1","79439074","79439233","KN295171v1","190435","190596","26","79248639"
"chr1","79808881","79809178","KN296096v1","1838666","1838962","31","77970215"
"chr1","83220615","83220903","KN294421v1","1228170","1228462","35","81992445"
"chr1","83230248","83230552","KN296528v1","1485437","1485734","43","81744811"
"chr1","84933575","84933883","KN295923v1","1527713","1528024","42","83405862"
"chr1","85003430","85003713","KN297190v1","2895570","2895865","40","82107860"
"chr1","86879678","86879986","KN294443v1","739291","739598","43","86140387"
"chr1","87053873","87054162","KN294705v1","1552100","1552398","44","85501773"
"chr1","87480892","87481197","KN295883v1","341100","341400","42","87139792"
"chr1","88057545","88057874","KN294199v1","22718","23041","49","88034827"
"chr1","88496378","88496683","KN294172v1","346409","346717","37","88149969"
"chr1","89888981","89889283","KN297227v1","1013431","1013731","31","88875550"
"chr1","90352332","90352636","KN295059v1","45263","45569","27","90307069"
"chr1","90418522","90418829","KN296024v1","24513","24820","33","90394009"
"chr1","91289297","91289600","KN295368v1","1855168","1855468","28","89434129"
"chr1","92264442","92264741","KN297058v1","60082","60384","26","92204360"
"chr1","92272199","92272487","KN296096v1","2743314","2743604","35","89528885"
"chr1","92276065","92276361","KN297058v1","68777","69075","25","92207288"
"chr1","92286946","92287242","KN297058v1","80278","80584","35","92206668"
"chr1","92371240","92371537","KN296508v1","20473","20772","34","92350767"
"chr1","92692995","92693307","KN294949v1","669778","670078","52","92023217"
"chr1","92829670","92829962","KN295244v1","318312","318607","33","92511358"
"chr1","92831934","92832232","KN295814v1","769523","769821","40","92062411"
"chr1","92989477","92989787","KN296062v1","1513349","1513658","36","91476128"
"chr1","93014622","93014914","KN295112v1","416115","416402","45","92598507"
"chr1","93033197","93033492","KN296320v1","198094","198393","41","92835103"
"chr1","93251888","93252044","KN295236v1","3777012","3777174","26","89474876"
"chr1","93289053","93289347","KN297197v1","1906448","1906757","58","91382605"
"chr1","93321729","93322016","KN295666v1","599906","600199","39","92721823"
"chr1","93331248","93331545","KN295171v1","416237","416530","48","92915011"
"chr1","93405761","93406072","KN296557v1","437116","437419","31","92968645"
"chr1","93440253","93440559","KN294172v1","4261970","4262272","41","89178283"
"chr1","93467805","93468077","KN294235v1","266788","267059","35","93201017"
"chr1","93531625","93531794","KN297215v1","545203","545376","26","92986422"
"chr1","93546884","93547205","KN295366v1","145957","146277","41","93400927"
"chr1","94102093","94102389","KN295470v1","49643","49945","33","94052450"
"chr1","95230155","95230444","KN295814v1","1558400","1558704","49","93671755"
"chr1","95633786","95634074","KN296096v1","2743314","2743604","30","92890472"
"chr1","96259792","96260081","KN294592v1","1149325","1149619","48","95110467"
"chr1","96426350","96426493","KN294571v1","1592697","1592838","21","94833653"
"chr1","96426804","96426984","KN295692v1","2229933","2230108","31","94196871"
"chr1","98310103","98310463","KN294509v1","45439","45805","87","98264664"
"chr1","98823261","98823560","KN294439v1","300738","301034","31","98522523"
"chr1","98848249","98848543","KN295236v1","753928","754234","41","98094321"
"chr1","99267913","99268222","KN295294v1","849337","849645","37","98418576"
"chr1","99475297","99475604","KN294493v1","393207","393512","36","99082090"
"chr1","99820063","99820338","KN295995v1","775102","775384","56","99044961"
"chr1","99885352","99885634","KN295907v1","1624481","1624768","63","98260871"
"chr1","100157654","100157951","KN296508v1","1861452","1861744","49","98296202"
"chr1","101328741","101329047","KN294581v1","142146","142447","37","101186595"
"chr1","101333683","101333993","KN296865v1","1933794","1934101","41","99399889"
"chr1","101448339","101448625","KN296731v1","1599838","1600125","34","99848501"
"chr1","101453621","101453906","KN296635v1","126740","127032","35","101326881"
"chr1","101587623","101587936","KN296865v1","1933794","1934101","32","99653829"
"chr1","102929962","102930257","KN295244v1","318312","318607","39","102611650"
"chr1","103658300","103658640","KN297032v1","164398","164714","76","103493902"
"chr1","104729761","104730064","KN296984v1","21323","21643","45","104708438"
"chr1","105359418","105359624","KN296322v1","586770","586970","38","104772648"
"chr1","106225272","106225416","KN295232v1","307361","307489","38","105917911"
"chr1","107340383","107340647","KN297403v1","3928","4192","41","107336455"
"chr1","107650317","107650618","KN294959v1","760738","761035","32","106889579"
"chr1","109243680","109243992","KN295263v1","118995","119308","24","109124685"
"chr1","109554770","109555078","KN295371v1","551008","551309","36","109003762"
"chr1","109722127","109722420","KN295633v1","161032","161323","34","109561095"
"chr1","109958733","109959028","KN297197v1","1630263","1630561","41","108328470"
"chr1","110506896","110507193","KN294874v1","619764","620065","35","109887132"
"chr1","110541014","110541289","KN295394v1","783777","784048","43","109757237"
"chr1","110559917","110560209","KN294439v1","300738","301034","38","110259179"
"chr1","110643264","110643376","KN295077v1","540029","540136","22","110103235"
"chr1","110649912","110650199","KN296921v1","2850553","2850841","35","107799359"
"chr1","110661801","110662089","KN294733v1","65842","66110","35","110595959"
"chr1","110743757","110744051","KN294439v1","300738","301034","32","110443019"
"chr1","112232985","112233264","KN294172v1","4176770","4177051","38","108056215"
"chr1","112606096","112606379","KN294446v1","216971","217252","46","112389125"
"chr1","113611812","113612112","KN297205v1","519447","519723","40","113092365"
"chr1","113620743","113621054","KN297205v1","510464","510761","31","113110279"
"chr1","113691668","113691981","KN297205v1","435353","435667","27","113256315"
"chr1","117697697","117697983","KN295281v1","181549","181835","34","117516148"
"chr1","117853874","117854180","KN295236v1","2465192","2465497","31","115388682"
"chr1","118398112","118398406","KN294182v1","193047","193344","35","118205065"
"chr1","119599092","119599148","KN294372v1","2077882","2077940","6","117521210"
"chr1","120716275","120716584","KN296982v1","365886","366192","40","120350389"
"chr1","121677657","121677868","KN296253v1","1347681","1347896","25","120329976"
"chr1","121702273","121702574","KN295350v1","281962","282264","42","121420311"
"chr1","121987364","121987678","KN295907v1","1622346","1622658","41","120365018"
"chr1","122896230","122896546","KN294443v1","739291","739598","43","122156939"
"chr1","122957767","122958068","KN294439v1","300738","301034","36","122657029"
"chr1","123219758","123220054","KN296865v1","1168429","1168732","36","122051329"
"chr1","123663080","123663371","KN296865v1","1618219","1618509","30","122044861"
"chr1","124763672","124763949","KN297046v1","2855852","2856127","39","121907820"
"chr1","124861204","124861512","KN295077v1","564405","564717","46","124296799"
"chr1","125042204","125042501","KN296305v1","568169","568467","34","124474035"
"chr1","125304121","125304432","KN297165v1","1212451","1212758","35","124091670"
"chr1","125982975","125983267","KN295375v1","114875","115176","51","125868100"
"chr1","126246149","126246447","KN296635v1","126740","127032","36","126119409"
"chr1","126372435","126372725","KN295594v1","71823","72120","38","126300612"
"chr1","127796391","127796661","KN294257v1","2460776","2461045","51","125335615"
"chr1","127816569","127816862","KN294365v1","462497","462793","32","127354072"
"chr1","127892130","127892443","KN296062v1","1513349","1513658","31","126378781"
"chr1","128400359","128400638","KN295371v1","312819","313104","38","128087540"
"chr1","129205220","129205444","KN296442v1","752599","752819","33","128452621"
"chr1","129379402","129379695","KN296478v1","687197","687466","62","128692205"
"chr1","129446694","129446987","KN297171v1","3842175","3842475","43","125604519"
"chr1","129594640","129594762","KN296153v1","546197","546323","33","129048443"
"chr1","129603557","129603840","KN294257v1","622598","622878","42","128980959"
"chr1","129616488","129616704","KN297112v1","3923306","3923518","36","125693182"
"chr1","129617392","129617506","KN295923v1","1069950","1070068","24","128547442"
"chr1","129634729","129635018","KN296281v1","69164","69458","35","129565565"
"chr1","129675918","129676210","KN294842v1","959846","960139","32","128716072"
"chr1","129840358","129840441","KN297165v1","4164546","4164620","28","125675812"
"chr1","129862105","129862401","KN296486v1","163955","164261","44","129698150"
"chr1","129986592","129986894","KN296153v1","4205517","4205811","46","125781075"
"chr1","129991471","129991748","KN295586v1","1950719","1950998","34","128040752"
"chr1","130387614","130387916","KN295090v1","583930","584231","41","129803684"
"chr1","130484251","130484543","KN297047v1","4442061","4442354","35","126042190"
"chr1","130519996","130520290","KN294439v1","300738","301034","32","130219258"
"chr1","130552798","130553027","KN297260v1","186541","186766","29","130366257"
"chr1","130960217","130960513","KN297165v1","3298693","3298988","28","127661524"
"chr1","130989456","130989761","KN294372v1","1816578","1816877","47","129172878"
"chr1","131543773","131544085","KN297249v1","308747","309053","37","131235026"
"chr1","131789560","131789859","KN297249v1","107156","107452","33","131682404"
"chr1","132395501","132395817","KN294591v1","583940","584248","52","131811561"
"chr1","132640274","132640569","KN295814v1","1558400","1558704","26","131081874"
"chr1","132795410","132795731","KN295814v1","1395163","1395470","47","131400247"
"chr1","132871197","132871524","KN296146v1","170328","170637","60","132700869"
"chr1","132903351","132903663","KN295893v1","178302","178608","35","132725049"
"chr1","132957152","132957451","KN295666v1","599906","600199","33","132357246"
"chr1","133075317","133075626","KN295236v1","753928","754234","37","132321389"
"chr1","133081846","133082161","KN296865v1","1933794","1934101","39","131148052"
"chr1","133092309","133092617","KN294469v1","153201","153509","43","132939108"
"chr1","133104691","133104977","KN295814v1","1060959","1061246","34","132043732"
"chr1","133170560","133170873","KN295814v1","993853","994162","22","132176707"
"chr1","133173338","133173636","KN296153v1","47077","47360","50","133126261"
"chr1","133273953","133274244","KN294539v1","1216306","1216596","37","132057647"
"chr1","133342462","133342521","KN296761v1","407798","407854","18","132934664"
"chr1","133422465","133422763","KN294439v1","300738","301034","42","133121727"
"chr1","133540990","133541293","KN297197v1","1630263","1630561","39","131910727"
"chr1","133635159","133635458","KN296096v1","2342383","2342678","37","131292776"
"chr1","133985513","133985809","KN294592v1","1365380","1365673","44","132620133"
"chr1","134055237","134055532","KN294987v1","364320","364620","40","133690917"
"chr1","134070978","134071283","KN297141v1","152542","152844","47","133918436"
"chr1","134209538","134209837","KN294856v1","342348","342654","29","133867190"
"chr1","134283089","134283341","KN296119v1","220472","220721","34","134062617"
"chr1","134374692","134374993","KN295405v1","356810","357116","41","134017882"
"chr1","134462497","134462779","KN294856v1","77770","78052","30","134384727"
"chr1","134520230","134520491","KN294457v1","3355520","3355753","81","131164710"
"chr1","134553585","134553784","KN294739v1","833278","833462","38","133720307"
"chr1","134582623","134582927","KN296847v1","1837114","1837414","39","132745509"
"chr1","135070823","135070982","KN296153v1","1353","1501","27","135069470"
"chr1","135099969","135100193","KN296442v1","752599","752819","33","134347370"
"chr1","135162500","135162809","KN295090v1","2881719","2882025","38","132280781"
"chr1","135180997","135181313","KN296296v1","37345","37668","31","135143652"
"chr1","135189378","135189672","KN296296v1","28178","28472","28","135161200"
"chr1","135394731","135395021","KN296093v1","175750","176040","17","135218981"
"chr1","135413169","135413468","KN296303v1","373645","373940","31","135039524"
"chr1","135513990","135514301","KN296743v1","245342","245652","42","135268648"
"chr1","136826311","136826618","KN295090v1","2881719","2882025","40","133944592"
"chr1","137495754","137496047","KN297138v1","230274","230565","31","137265480"
"chr1","138219764","138220066","KN295814v1","769523","769821","39","137450241"
"chr1","139420917","139421215","KN296062v1","1571490","1571788","40","137849427"
"chr1","140032450","140032751","KN296096v1","1838666","1838962","42","138193784"
"chr1","140270358","140270653","KN297197v1","4305535","4305831","32","135964823"
"chr1","140376801","140377074","KN297046v1","2855852","2856127","41","137520949"
"chr1","140589623","140589916","KN296146v1","288800","289102","33","140300823"
"chr1","140724948","140725014","KN294385v1","2588","2649","12","140722360"
"chr1","140731989","140732292","KN295061v1","7177","7482","30","140724812"
"chr1","141196264","141196559","KN297146v1","392206","392503","24","140804058"
"chr1","141336125","141336421","KN295107v1","1283723","1284018","37","140052402"
"chr1","141500956","141501261","KN297047v1","2103989","2104301","45","139396967"
"chr1","141637659","141637959","KN295872v1","160298","160605","33","141477361"
"chr1","141717777","141718082","KN295244v1","318312","318607","46","141399465"
"chr1","142163947","142164243","KN297105v1","120666","120961","37","142043281"
"chr1","142604697","142605001","KN297105v1","549483","549783","35","142055214"
"chr1","142607018","142607316","KN295533v1","2478184","2478484","38","140128834"
"chr1","144191297","144191574","KN297105v1","2102053","2102331","41","142089244"
"chr1","144780781","144781074","KN294571v1","489095","489386","24","144291686"
"chr1","144957542","144957853","KN297105v1","2887290","2887589","39","142070252"
"chr1","144979558","144979868","KN294470v1","300987","301295","46","144678571"
"chr1","145035737","145036027","KN294493v1","45511","45806","40","144990226"
"chr1","146576396","146576534","KN296955v1","725975","726109","21","145850421"
"chr1","147178453","147178744","KN296859v1","1239627","1239918","42","145938826"
"chr1","147521759","147522047","KN294705v1","929881","930175","39","146591878"
"chr1","147809734","147810002","KN296025v1","207864","208148","45","147601870"
"chr1","147810035","147810048","KN294747v1","577436","577449","3","147232599"
"chr1","147998462","147998809","KN295236v1","2888775","2889100","77","145109687"
"chr1","149116781","149117066","KN295371v1","312819","313104","38","148803962"
"chr1","149438230","149438405","KN296943v1","381794","381965","19","149056436"
"chr1","149751202","149751509","KN296943v1","79913","80211","31","149671289"
"chr1","150054016","150054320","KN294325v1","671385","671685","36","149382631"
"chr1","150294420","150294539","KN295708v1","1761568","1761682","27","148532852"
"chr1","150803367","150803663","KN294439v1","300738","301034","40","150502629"
"chr1","151132702","151133006","KN296749v1","264936","265241","35","150867766"
"chr1","151672646","151672957","KN294874v1","417401","417713","41","151255245"
"chr1","152945295","152945593","KN296157v1","909246","909557","34","152036049"
"chr1","153151574","153151924","KN295441v1","1012675","1012992","77","152138899"
"chr1","153226103","153226386","KN296157v1","1202481","1202769","26","152023622"
"chr1","153302490","153302802","KN296157v1","1281581","1281887","41","152020909"
"chr1","153374696","153374846","KN296516v1","50755","50899","26","153323941"
"chr1","153496825","153497125","KN294521v1","524915","525214","36","152971910"
"chr1","153523391","153523689","KN296157v1","1505253","1505555","25","152018138"
"chr1","153940941","153941236","KN294457v1","1018677","1018971","29","152922264"
"chr1","153997437","153997663","KN296157v1","1924601","1924827","11","152072836"
"chr1","155130953","155131249","KN296157v1","3073053","3073348","27","152057900"
"chr1","155274635","155274945","KN296492v1","179311","179624","43","155095324"
"chr1","155396752","155397034","KN294705v1","88883","89167","36","155307869"
"chr1","156224799","156225109","KN296743v1","245342","245652","38","155979457"
"chr1","156416872","156417173","KN297058v1","68777","69075","41","156348095"
"chr1","156434660","156434952","KN296311v1","5346181","5346473","39","151088479"
"chr1","156770101","156770407","KN296404v1","2965711","2966008","46","153804390"
"chr1","157066263","157066550","KN296079v1","1115350","1115639","41","155950913"
"chr1","157228250","157228549","KN295533v1","1212131","1212431","40","156016119"
"chr1","157325385","157325692","KN295962v1","450259","450567","34","156875126"
"chr1","157360295","157360590","KN296303v1","373645","373940","35","156986650"
"chr1","157366928","157367216","KN297047v1","4130656","4130943","29","153236272"
"chr1","157500738","157501025","KN297168v1","565722","566010","39","156935016"
"chr1","157534580","157534871","KN296063v1","1001562","1001853","33","156533018"
"chr1","157833654","157833964","KN297452v1","2612946","2613256","19","155220708"
"chr1","157911056","157911359","KN297452v1","2535334","2535649","35","155375722"
"chr1","157960756","157961054","KN295666v1","599906","600199","35","157360850"
"chr1","157969663","157969948","KN296025v1","207864","208148","35","157761799"
"chr1","158265870","158266138","KN297452v1","2174294","2174579","26","156091576"
"chr1","158336622","158336922","KN297452v1","2101922","2102221","21","156234700"
"chr1","158422484","158422780","KN297159v1","2958759","2959053","46","155463725"
"chr1","158430355","158430646","KN297452v1","2004155","2004466","40","156426200"
"chr1","158437705","158438035","KN295523v1","520940","521253","65","157916765"
"chr1","158522190","158522432","KN296305v1","830964","831190","39","157691226"
"chr1","158810587","158810886","KN295260v1","1828605","1828891","44","156981982"
"chr1","159228551","159228845","KN297452v1","1195933","1196227","23","158032618"
"chr1","159659320","159659619","KN294182v1","193047","193344","38","159466273"
"chr1","160595842","160596143","KN296404v1","178518","178827","28","160417324"
"chr1","160681430","160681741","KN296404v1","273181","273489","23","160408249"
"chr1","161146727","161147032","KN296404v1","758223","758521","33","160388504"
"chr1","161237466","161237766","KN297008v1","400368","400667","36","160837098"
"chr1","161476501","161476815","KN296062v1","1286121","1286436","36","160190380"
"chr1","161506284","161506588","KN296404v1","1130422","1130724","32","160375862"
"chr1","161877035","161877308","KN296404v1","1501515","1501797","29","160375520"
"chr1","161986676","161986961","KN294181v1","1462137","1462426","59","160524539"
"chr1","162731930","162732223","KN294439v1","300738","301034","28","162431192"
"chr1","162831345","162831651","KN296404v1","1941329","1941636","28","160890016"
"chr1","162982887","162983196","KN296404v1","2091746","2092052","26","160891141"
"chr1","163044541","163044842","KN295090v1","583930","584231","41","162460611"
"chr1","163048092","163048363","KN296508v1","1861452","1861744","45","161186640"
"chr1","163610812","163611154","KN296653v1","90231","90557","59","163520581"
"chr1","164672330","164672633","KN296303v1","373645","373940","45","164298685"
"chr1","164757213","164757501","KN296315v1","1914282","1914582","36","162842931"
"chr1","164758955","164759254","KN295705v1","145822","146116","49","164613133"
"chr1","164859775","164860073","KN296495v1","509389","509682","36","164350386"
"chr1","165833744","165834020","KN297046v1","1054099","1054380","50","164779645"
"chr1","165975556","165975869","KN294262v1","1943881","1944191","38","164031675"
"chr1","168200729","168201029","KN297354v1","1294463","1294763","30","166906266"
"chr1","168468911","168469209","KN295666v1","599906","600199","34","167869005"
"chr1","169961706","169962010","KN294790v1","2745558","2745869","57","167216148"
"chr1","170513466","170513753","KN296341v1","223975","224257","30","170289491"
"chr1","171702802","171703084","KN295260v1","1828605","1828891","58","169874197"
"chr1","173046514","173046800","KN296357v1","105890","106179","45","172940624"
"chr1","174926809","174927111","KN295523v1","556214","556518","45","174370595"
"chr1","175433888","175434108","KN296096v1","1022667","1022879","45","174411221"
"chr1","177770298","177770597","KN294949v1","669778","670078","39","177100520"
"chr1","177883517","177883823","KN295244v1","451775","452068","45","177431742"
"chr1","178471862","178472155","KN295980v1","153709","154006","36","178318153"
"chr1","178485398","178485701","KN296303v1","373645","373940","50","178111753"
"chr1","178641598","178641910","KN296743v1","245342","245652","40","178396256"
"chr1","178893137","178893425","KN296743v1","1137094","1137385","38","177756043"
"chr1","179875941","179876207","KN295894v1","1093798","1094070","37","178782143"
"chr1","179893386","179893658","KN296588v1","13289","13578","45","179880097"
"chr1","179954528","179954828","KN294540v1","194556","194859","38","179759972"
"chr1","180251711","180251992","KN294987v1","346285","346567","36","179905426"
"chr1","180321341","180321643","KN296635v1","4432341","4432641","39","175889000"
"chr1","180325845","180326150","KN294874v1","619764","620065","41","179706081"
"chr1","180377845","180378131","KN295371v1","312819","313104","22","180065026"
"chr1","180383617","180383903","KN297242v1","1418485","1418781","44","178965132"
"chr1","180389416","180389513","KN295692v1","3721081","3721169","23","176668335"
"chr1","180436889","180437196","KN295090v1","980313","980620","34","179456576"
"chr1","180539683","180539981","KN295371v1","488718","489017","18","180050965"
"chr1","180567105","180567338","KN294259v1","29439","29663","34","180537666"
"chr1","180719560","180719853","KN297133v1","1092172","1092463","30","179627388"
"chr1","180782436","180782749","KN295371v1","736974","737284","28","180045462"
"chr1","181682808","181683117","KN295705v1","376067","376372","38","181306741"
"chr1","181862185","181862483","KN294457v1","1018677","1018971","38","180843508"
"chr1","181926676","181926729","KN297078v1","127153","127206","7","181799523"
"chr1","181977667","181977965","KN296404v1","2965711","2966008","43","179011956"
"chr1","182042339","182042638","KN297197v1","4305535","4305831","35","177736804"
"chr1","182116016","182116325","KN295533v1","1212131","1212431","44","180903885"
"chr1","182253869","182254152","KN296303v1","373645","373940","49","181880224"
"chr1","182262697","182263003","KN295523v1","2221436","2221738","34","180041261"
"chr1","182609262","182609559","KN296547v1","1021222","1021514","38","181588040"
"chr1","182862720","182862861","KN294421v1","1422833","1422964","23","181439887"
"chr1","182874882","182875181","KN294325v1","671385","671685","40","182203497"
"chr1","182881337","182881633","KN294456v1","620364","620653","50","182260973"
"chr1","183370855","183371161","KN295090v1","2944195","2944504","37","180426660"
"chr1","183392257","183392555","KN295755v1","107176","107479","37","183285081"
"chr1","183447981","183448294","KN295671v1","216235","216540","36","183231746"
"chr1","183458157","183458445","KN295090v1","1652000","1652298","48","181806157"
"chr1","183558712","183559039","KN296404v1","2399857","2400155","71","181158855"
"chr1","183654439","183654737","KN295666v1","599906","600199","47","183054533"
"chr1","183706546","183706726","KN296138v1","93122","93299","28","183613424"
"chr1","183777908","183778217","KN296404v1","2965711","2966008","36","180812197"
"chr1","183997530","183997813","KN296496v1","860326","860613","28","183137204"
"chr1","184057961","184058250","KN297197v1","4305535","4305831","38","179752426"
"chr1","184392772","184393090","KN296496v1","456887","457202","37","183935885"
"chr1","184407159","184407462","KN296496v1","441899","442193","35","183965260"
"chr1","184487447","184487752","KN296404v1","1130422","1130724","42","183357025"
"chr1","185012426","185012513","KN294372v1","2493314","2493391","16","182519112"
"chr1","185076963","185077178","KN297112v1","3923306","3923518","30","181153657"
"chr1","185111562","185111877","KN295907v1","1622346","1622658","29","183489216"
"chr1","185654390","185654684","KN297047v1","4442061","4442354","37","181212329"
"chr1","185664543","185664649","KN295667v1","234116","234221","23","185430427"
"chr1","186246221","186246521","KN294856v1","342348","342654","37","185903873"
"chr1","186486011","186486302","KN297165v1","3749739","3750031","41","182736272"
"chr1","188115027","188115341","KN296865v1","1689138","1689449","49","186425889"
"chr1","188391620","188391924","KN295941v1","1791752","1792063","26","186599868"
"chr1","188573685","188573994","KN295294v1","849337","849645","32","187724348"
"chr1","189155302","189155604","KN295523v1","556214","556518","38","188599088"
"chr1","190304978","190305316","KN296513v1","1915593","1915931","48","188389385"
"chr1","190485795","190486100","KN294578v1","284399","284695","37","190201396"
"chr1","191029798","191030100","KN294439v1","300738","301034","34","190729060"
"chr1","191758941","191759233","KN295102v1","20527","20821","28","191738414"
"chr1","192044594","192044899","KN294372v1","1816578","1816877","33","190228016"
"chr1","192052864","192053172","KN296959v1","801925","802228","30","191250939"
"chr1","192097868","192098171","KN296959v1","755501","755812","30","191342367"
"chr1","192320843","192321135","KN294439v1","300738","301034","35","192020105"
"chr1","192344262","192344559","KN296959v1","516807","517116","35","191827455"
"chr1","192525468","192525746","KN296959v1","330230","330508","16","192195238"
"chr1","192770521","192770796","KN296959v1","79593","79868","16","192690928"
"chr1","192966750","192967034","KN296011v1","293572","293852","36","192673178"
"chr1","193299734","193300023","KN297026v1","24896","25186","32","193274838"
"chr1","193495404","193495693","KN295706v1","150980","151270","31","193344424"
"chr1","193626016","193626306","KN297026v1","340265","340563","28","193285751"
"chr1","193676278","193676579","KN294964v1","1668257","1668556","34","192008021"
"chr1","193683147","193683457","KN295633v1","672161","672469","42","193010986"
"chr1","193738549","193738856","KN294181v1","1655832","1656144","42","192082717"
"chr1","194348762","194349060","KN296096v1","2342383","2342678","39","192006379"
"chr1","194693513","194693815","KN296062v1","1571490","1571788","34","193122023"
"chr1","194782625","194782921","KN297026v1","1503573","1503871","22","193279052"
"chr1","194789756","194790073","KN295365v1","294006","294312","54","194495750"
"chr1","194893331","194893625","KN297026v1","1618352","1618651","41","193274979"
"chr1","194944000","194944286","KN294181v1","1812992","1813276","36","193131008"
"chr1","195033759","195034056","KN297026v1","1756531","1756827","30","193277228"
"chr1","195428413","195428732","KN294785v1","25306","25624","48","195403107"
"chr1","195888257","195888552","KN294457v1","1018677","1018971","39","194869580"
"chr1","195947346","195947645","KN297197v1","1630263","1630561","34","194317083"
"chr1","196869255","196869568","KN295090v1","2881719","2882025","40","193987536"
"chr1","196918166","196918449","KN294279v1","787996","788295","32","196130170"
"chr1","197986001","197986299","KN294439v1","300738","301034","43","197685263"
"chr1","198781537","198781829","KN294235v1","1067079","1067373","33","197714458"
"chr1","199193373","199193635","KN297165v1","585984","586250","44","198607389"
"chr1","200767232","200767529","KN296294v1","249884","250173","34","200517348"
"chr1","200958898","200959184","KN296294v1","430532","430809","36","200528366"
"chr1","201755888","201756214","KN296770v1","78926","79217","67","201676962"
"chr1","201756591","201756874","KN295573v1","1209164","1209448","38","200547427"
"chr1","202101637","202101920","KN294475v1","277181","277454","52","201824456"
"chr1","202836372","202836678","KN295470v1","49643","49945","37","202786729"
"chr1","204342444","204342717","KN296852v1","46151","46426","44","204296293"
"chr1","204602809","204603102","KN296079v1","1115350","1115639","38","203487459"
"chr1","204649346","204649624","KN296507v1","428632","428906","39","204220714"
"chr1","204839320","204839629","KN297215v1","833438","833744","45","204005882"
"chr1","205898140","205898443","KN295983v1","1328530","1328833","38","204569610"
"chr1","205932787","205933083","KN295294v1","130722","131013","32","205802065"
"chr1","205934786","205935097","KN297205v1","435353","435667","34","205499433"
"chr1","206155436","206155739","KN294977v1","142166","142464","36","206013270"
"chr1","206163603","206163916","KN294977v1","133969","134282","18","206029634"
"chr1","206166760","206167059","KN294977v1","131259","131546","25","206035501"
"chr1","206243051","206243152","KN294224v1","992538","992641","21","205250513"
"chr1","206244059","206244367","KN294407v1","1806724","1807035","39","204437335"
"chr1","206292240","206292540","KN294977v1","13939","14236","30","206278301"
"chr1","206320002","206320304","KN294443v1","739291","739598","34","205580711"
"chr1","206338327","206338640","KN295236v1","467891","468202","38","205870436"
"chr1","206386511","206386808","KN294536v1","1907658","1907953","21","204478853"
"chr1","206471975","206472256","KN294536v1","1827811","1828088","24","204644164"
"chr1","206515606","206515910","KN295533v1","2478184","2478484","34","204037422"
"chr1","206533588","206533736","KN294536v1","1762846","1762968","30","204770742"
"chr1","206626517","206626797","KN295586v1","1950719","1950998","39","204675798"
"chr1","207067551","207067847","KN297008v1","400368","400667","30","206667183"
"chr1","207077277","207077540","KN294536v1","1163932","1164192","27","205913345"
"chr1","207295610","207295899","KN295110v1","221324","221616","36","207074286"
"chr1","207800320","207800618","KN294536v1","431967","432266","16","207368353"
"chr1","207883258","207883561","KN294536v1","345039","345332","31","207538219"
"chr1","207903878","207904181","KN294987v1","538565","538859","54","207365313"
"chr1","208213354","208213645","KN297453v1","222858","223160","19","207990496"
"chr1","208339862","208340169","KN297453v1","355433","355730","34","207984429"
"chr1","208604573","208604868","KN297453v1","365151","365431","42","208239422"
"chr1","209861244","209861536","KN296588v1","13289","13578","48","209847955"
"chr1","209889685","209889969","KN296315v1","1326220","1326518","45","208563465"
"chr1","210118665","210118964","KN295061v1","7177","7482","37","210111488"
"chr1","210148596","210148908","KN295744v1","299244","299554","34","209849352"
"chr1","210408607","210408917","KN294193v1","992618","992926","40","209415989"
"chr1","210671723","210672034","KN297165v1","1404972","1405271","34","209266751"
"chr1","210819120","210819434","KN296119v1","4487068","4487375","37","206332052"
"chr1","211351576","211351884","KN297165v1","2114981","2115274","39","209236595"
"chr1","211464140","211464434","KN294439v1","300738","301034","25","211163402"
"chr1","212052733","212052960","KN297165v1","2825528","2825742","28","209227205"
"chr1","212191450","212191737","KN297047v1","4130656","4130943","34","208060794"
"chr1","212267251","212267566","KN297165v1","3042169","3042475","36","209225082"
"chr1","212530996","212531293","KN297165v1","3298693","3298988","29","209232303"
"chr1","212623144","212623424","KN294172v1","4176770","4177051","35","208446374"
"chr1","212987899","212988203","KN295090v1","583930","584231","38","212403969"
"chr1","213338720","213338938","KN296485v1","371894","372113","30","212966826"
"chr1","213736132","213736435","KN294470v1","482377","482680","33","213253755"
"chr1","214817152","214817466","KN296865v1","1933794","1934101","40","212883358"
"chr1","215425188","215425497","KN295744v1","299244","299554","46","215125944"
"chr1","215742399","215742660","KN294873v1","765462","765739","42","214976937"
"chr1","215771531","215771826","KN295366v1","47716","48013","50","215723815"
"chr1","215833613","215833958","KN296311v1","2854210","2854515","81","212979403"
"chr1","215893463","215893760","KN296594v1","636925","637224","33","215256538"
"chr1","216026049","216026337","KN296883v1","3124205","3124494","35","212901844"
"chr1","216125556","216125857","KN297141v1","152542","152844","33","215973014"
"chr1","216224542","216224822","KN296311v1","4488740","4489022","34","211735802"
"chr1","216563149","216563445","KN295666v1","1045930","1046226","35","215517219"
"chr1","216565820","216566110","KN295523v1","3194371","3194661","34","213371449"
"chr1","216651377","216651677","KN294499v1","1970854","1971150","37","214680523"
"chr1","216864400","216864710","KN296743v1","245342","245652","41","216619058"
"chr1","216908233","216908511","KN295667v1","595363","595651","45","216312870"
"chr1","216979442","216979671","KN294470v1","2654293","2654537","56","214325149"
"chr1","217064308","217064592","KN295586v1","1950719","1950998","37","215113589"
"chr1","217206960","217207085","KN294175v1","151478","151601","26","217055482"
"chr1","217737004","217737211","KN296096v1","1230031","1230232","33","216506973"
"chr1","218132159","218132477","KN295705v1","662266","662578","52","217469893"
"chr1","218812397","218812686","KN295102v1","20527","20821","38","218791870"
"chr1","219123400","219123691","KN296620v1","918824","919110","38","218204576"
"chr1","219291687","219291968","KN295371v1","312819","313104","37","218978868"
"chr1","219475490","219475709","KN296225v1","347881","348098","29","219127609"
"chr1","219801326","219801620","KN296588v1","13289","13578","48","219788037"
"chr1","220523781","220524083","KN296404v1","1840967","1841270","35","218682814"
"chr1","220952791","220953102","KN295294v1","849337","849645","33","220103454"
"chr1","221206448","221206758","KN295236v1","5507600","5507912","39","215698848"
"chr1","221261497","221261802","KN294964v1","1668257","1668556","43","219593240"
"chr1","221321458","221321766","KN295077v1","564405","564717","40","220757053"
"chr1","221518139","221518435","KN296948v1","810301","810600","35","220707838"
"chr1","221575726","221576051","KN295474v1","1353145","1353475","61","220222581"
"chr1","221644143","221644432","KN296079v1","1115350","1115639","34","220528793"
"chr1","221835483","221835779","KN295244v1","318312","318607","39","221517171"
"chr1","221943439","221943734","KN295236v1","1532582","1532882","40","220410857"
"chr1","222416523","222416849","KN295368v1","1059789","1060099","53","221356734"
"chr1","222434716","222435027","KN295294v1","849337","849645","40","221585379"
"chr1","222437048","222437352","KN296538v1","1823743","1824043","37","220613305"
"chr1","222496856","222497164","KN295470v1","49643","49945","47","222447213"
"chr1","222540210","222540479","KN296381v1","386660","386925","37","222153550"
"chr1","223871244","223871543","KN296303v1","354473","354769","35","223516771"
"chr1","223885294","223885416","KN296828v1","314507","314624","20","223570787"
"chr1","224420470","224420750","KN296609v1","1198878","1199159","36","223221592"
"chr1","224571113","224571424","KN294289v1","271244","271551","41","224299869"
"chr1","224738648","224738949","KN296404v1","1840967","1841270","40","222897681"
"chr1","224864085","224864369","KN296075v1","554059","554355","47","224310026"
"chr1","224926578","224926890","KN297050v1","99487","99797","41","224827091"
"chr1","224966153","224966447","KN294446v1","93113","93404","34","224873040"
"chr1","225292707","225292982","KN295820v1","258888","259166","34","225033819"
"chr1","225473787","225474099","KN294373v1","543221","543520","39","224930566"
"chr1","225586423","225586597","KN294187v1","1635027","1635204","41","223951396"
"chr1","225714465","225714795","KN296977v1","16188","16534","95","225698277"
"chr1","225717210","225717497","KN295666v1","242323","242613","35","225474887"
"chr1","225732328","225732599","KN297180v1","374964","375232","40","225357364"
"chr1","225732615","225732899","KN296770v1","78926","79217","38","225653689"
"chr1","225765665","225765980","KN294457v1","1059434","1059741","40","224706231"
"chr1","225792025","225792239","KN295236v1","2103800","2104006","44","223688225"
"chr1","225804462","225804771","KN295735v1","193633","193945","36","225610829"
"chr1","226035000","226035205","KN295907v1","2603648","2603823","63","223431352"
"chr1","226107625","226107936","KN295294v1","849337","849645","39","225258288"
"chr1","226171673","226171948","KN296225v1","483804","484076","47","225687869"
"chr1","226207971","226208267","KN294439v1","300738","301034","31","225907233"
"chr1","226292677","226292962","KN297323v1","206533","206815","45","226086144"
"chr1","226373879","226374082","KN295735v1","782614","782822","42","225591265"
"chr1","226482645","226482947","KN294372v1","2672577","2672878","44","223810068"
"chr1","227193491","227193765","KN294893v1","439595","439874","46","226753896"
"chr1","227303498","227303796","KN294439v1","300738","301034","37","227002760"
"chr1","227880781","227881083","KN297165v1","3298693","3298988","40","224582088"
"chr1","227904025","227904324","KN294536v1","431967","432266","38","227472058"
"chr1","227928507","227928812","KN295666v1","243750","244052","37","227684757"
"chr1","227993936","227994231","KN295666v1","599906","600199","43","227394030"
"chr1","228432104","228432402","KN295034v1","286669","286968","46","228145435"
"chr1","228971490","228971800","KN294992v1","101231","101532","43","228870259"
"chr1","229440088","229440383","KN294842v1","959846","960139","35","228480242"
"chr3","123731742","123732055","KN295573v1","1295388","1295699","37","122436354"
"chr3","146669308","146669607","KN296422v1","129610","129905","42","146539698"
"chr3","161087408","161087720","KN294535v1","642438","642745","42","160444970"
"chr3","193724239","193724533","KN294644v1","544893","545191","48","193179346"
"chr3","1752005","1752290","KN295706v1","150980","151270","40","1601025"
"chr3","2457303","2457597","KN295666v1","599906","600199","37","1857397"
"chr3","2521464","2521765","KN295090v1","2881719","2882025","41","360255"
"chr3","2841407","2841701","KN295984v1","590347","590645","38","2251060"
"chr3","2898231","2898543","KN295236v1","467891","468202","43","2430340"
"chr3","2908407","2908701","KN296821v1","487660","487949","33","2420747"
"chr3","3388166","3388474","KN296865v1","1933794","1934101","41","1454372"
"chr3","3563546","3563846","KN296404v1","2965711","2966008","28","597835"
"chr3","4026377","4026674","KN294260v1","1811971","1812266","30","2214406"
"chr3","4497329","4497641","KN297141v1","152542","152844","41","4344787"
"chr3","5144033","5144276","KN296311v1","6934502","6934740","47","1790469"
"chr3","5176912","5177092","KN294456v1","327664","327842","28","4849248"
"chr3","5425585","5425864","KN295490v1","165749","166030","54","5259836"
"chr3","5972315","5972629","KN294767v1","520155","520468","35","5452160"
"chr3","6496900","6497185","KN295107v1","1283723","1284018","47","5213177"
"chr3","7448802","7449078","KN294739v1","631813","632086","37","6816989"
"chr3","8225896","8226205","KN296435v1","2563437","2563748","42","5662459"
"chr3","8403216","8403505","KN294457v1","1018677","1018971","39","7384539"
"chr3","9264460","9264755","KN296153v1","1422592","1422886","39","7841868"
"chr3","9539548","9539576","KN297106v1","726027","726055","3","8813521"
"chr3","9697048","9697192","KN294451v1","163074","163214","23","9533974"
"chr3","9792586","9792865","KN296505v1","35926","36209","40","9756660"
"chr3","9991825","9992080","KN296485v1","571271","571537","39","9420554"
"chr3","10255264","10255478","KN296485v1","371894","372113","20","9883370"
"chr3","10279119","10279416","KN294172v1","4261970","4262272","41","6017149"
"chr3","10287335","10287631","KN296485v1","325970","326263","38","9961365"
"chr3","10416670","10416967","KN294662v1","177705","178001","39","10238965"
"chr3","10422099","10422404","KN296485v1","176756","177062","39","10245343"
"chr3","10546307","10546599","KN295244v1","318312","318607","41","10227995"
"chr3","10958023","10958328","KN294172v1","4261970","4262272","39","6696053"
"chr3","11479358","11479466","KN295667v1","1196716","1196821","15","10282642"
"chr3","11622450","11622533","KN297153v1","1323853","1323933","16","10298597"
"chr3","11909543","11909854","KN294443v1","739291","739598","39","11170252"
"chr3","12041500","12041789","KN295633v1","1426612","1426907","50","10614888"
"chr3","12049912","12050232","KN294443v1","739291","739598","39","11310621"
"chr3","12066246","12066541","KN295705v1","145822","146116","31","11920424"
"chr3","12121071","12121353","KN294457v1","80072","80358","48","12040999"
"chr3","12149139","12149424","KN295260v1","414258","414542","31","11734881"
"chr3","12162478","12162760","KN296557v1","864395","864678","39","11298083"
"chr3","12803032","12803287","KN297143v1","112628","112889","41","12690404"
"chr3","12847505","12847800","KN296508v1","1861452","1861744","31","10986053"
"chr3","12911027","12911305","KN295983v1","1764831","1765114","45","11146196"
"chr3","12912631","12912937","KN297197v1","826059","826368","39","12086572"
"chr3","12944093","12944396","KN296138v1","116453","116753","35","12827640"
"chr3","12979395","12979678","KN295294v1","1260280","1260565","38","11719115"
"chr3","12996888","12997181","KN296311v1","5551109","5551405","31","7445779"
"chr3","13001485","13001785","KN294899v1","104983","105286","46","12896502"
"chr3","13660194","13660500","KN295319v1","714924","715234","39","12945270"
"chr3","13741641","13741932","KN295319v1","793331","793610","34","12948310"
"chr3","14239691","14239995","KN296635v1","1699891","1700194","42","12539800"
"chr3","14649721","14650022","KN296486v1","163955","164261","50","14485766"
"chr3","15541315","15541614","KN294949v1","669778","670078","45","14871537"
"chr3","15684357","15684656","KN294493v1","393207","393512","37","15291150"
"chr3","16101681","16101981","KN296062v1","1571490","1571788","33","14530191"
"chr3","16269070","16269383","KN297112v1","5244431","5244743","41","11024639"
"chr3","17887443","17887739","KN294439v1","300738","301034","43","17586705"
"chr3","18284484","18284747","KN294558v1","279123","279385","36","18005361"
"chr3","19194506","19194764","KN296322v1","2618929","2619187","39","16575577"
"chr3","19918126","19918423","KN294662v1","177705","178001","36","19740421"
"chr3","20036891","20037194","KN296749v1","264936","265241","43","19771955"
"chr3","20158833","20159204","KN296554v1","22598","22982","100","20136235"
"chr3","21147814","21148097","KN295236v1","4082902","4083183","40","17064912"
"chr3","21709831","21710138","KN295261v1","349783","350088","43","21360048"
"chr3","21819696","21819996","KN296096v1","2342383","2342678","34","19477313"
"chr3","21977367","21977678","KN294949v1","1441026","1441336","38","20536341"
"chr3","22120336","22120621","KN294439v1","300738","301034","39","21819598"
"chr3","22286782","22286852","KN296306v1","3206542","3206604","13","19080240"
"chr3","22290835","22291117","KN295671v1","131374","131657","39","22159461"
"chr3","22362354","22362642","KN297366v1","616589","616875","42","21745765"
"chr3","23128292","23128491","KN295236v1","2103800","2104006","29","21024492"
"chr3","23156956","23157254","KN296587v1","124403","124701","29","23032553"
"chr3","23276758","23277072","KN296322v1","2331544","2331850","40","20945214"
"chr3","23917506","23917787","KN294509v1","1381965","1382247","34","22535541"
"chr3","23931574","23931877","KN295294v1","849337","849645","36","23082237"
"chr3","23970617","23970916","KN297190v1","3742456","3742758","38","20228161"
"chr3","23991077","23991374","KN296322v1","2331544","2331850","44","21659533"
"chr3","23998156","23998453","KN294991v1","933720","934011","35","23064436"
"chr3","24158901","24159193","KN297133v1","262973","263267","38","23895928"
"chr3","24192373","24192665","KN294539v1","1216306","1216596","36","22976067"
"chr3","24832507","24832815","KN297144v1","369276","369583","36","24463231"
"chr3","25313317","25313615","KN295533v1","2478184","2478484","33","22835133"
"chr3","25373624","25373915","KN295294v1","130722","131013","39","25242902"
"chr3","25377279","25377566","KN294372v1","958026","958311","44","24419253"
"chr3","25833762","25834044","KN294747v1","1151551","1151840","46","24682211"
"chr3","26013257","26013356","KN294705v1","2216781","2216882","22","23796476"
"chr3","27581701","27581995","KN296096v1","2342383","2342678","35","25239318"
"chr3","27677134","27677275","KN295586v1","3748417","3748552","23","23928717"
"chr3","27677587","27677687","KN295402v1","1251986","1252075","21","26425601"
"chr3","27730640","27730932","KN297133v1","1704881","1705174","35","26025759"
"chr3","29659782","29660085","KN295531v1","74200","74508","41","29585582"
"chr3","29828569","29828871","KN294443v1","739291","739598","41","29089278"
"chr3","30040922","30041222","KN296406v1","90170","90475","37","29950752"
"chr3","30145059","30145369","KN294416v1","5965","6274","42","30139094"
"chr3","31698641","31698900","KN295236v1","4086391","4086650","32","27612250"
"chr3","31773454","31773747","KN295666v1","599906","600199","32","31173548"
"chr3","32040536","32040756","KN295102v1","1533","1765","45","32039003"
"chr3","32050186","32050504","KN296406v1","76428","76742","44","31973758"
"chr3","32529106","32529414","KN297227v1","1013431","1013731","39","31515675"
"chr3","32614551","32614861","KN295294v1","849337","849645","42","31765214"
"chr3","32814211","32814498","KN296079v1","1115350","1115639","40","31698861"
"chr3","32899679","32899896","KN295236v1","2103800","2104006","35","30795879"
"chr3","32963302","32963602","KN295343v1","1134123","1134419","47","31829179"
"chr3","33120637","33120916","KN295983v1","1555954","1556260","62","31564683"
"chr3","33137357","33137662","KN297028v1","45030","45346","34","33092327"
"chr3","33183242","33183524","KN297028v1","102289","102574","34","33080953"
"chr3","33194693","33194997","KN297028v1","114888","115203","28","33079805"
"chr3","33367897","33368195","KN296062v1","1571490","1571788","31","31796407"
"chr3","33453280","33453570","KN294613v1","583948","584237","33","32869332"
"chr3","33483426","33483738","KN297028v1","437185","437502","32","33046241"
"chr3","33776943","33777241","KN297028v1","699171","699463","39","33077772"
"chr3","34033469","34033743","KN297028v1","947215","947509","41","33086254"
"chr3","35525771","35526080","KN294668v1","681392","681697","17","34844379"
"chr3","35583888","35584204","KN295198v1","458258","458573","56","35125630"
"chr3","36714569","36714881","KN294407v1","1806724","1807035","42","34907845"
"chr3","36785308","36785601","KN294182v1","193047","193344","44","36592261"
"chr3","37090898","37090982","KN295692v1","1885548","1885632","11","35205350"
"chr3","37322144","37322450","KN296322v1","2331544","2331850","33","34990600"
"chr3","37434006","37434311","KN297038v1","159105","159406","32","37274901"
"chr3","37454197","37454516","KN294987v1","364320","364620","54","37089877"
"chr3","37554320","37554633","KN294407v1","1806724","1807035","32","35747596"
"chr3","37805706","37805997","KN294181v1","1812992","1813276","41","35992714"
"chr3","39140219","39140506","KN295923v1","639205","639493","41","38501014"
"chr3","39346159","39346469","KN296809v1","758234","758543","32","38587925"
"chr3","39488878","39489184","KN296809v1","900461","900773","31","38588417"
"chr3","39560224","39560520","KN295573v1","714200","714494","37","38846024"
"chr3","39816741","39817047","KN294181v1","1488459","1488767","43","38328282"
"chr3","40021204","40021504","KN294917v1","918629","918942","35","39102575"
"chr3","41313799","41314084","KN294790v1","2757247","2757531","35","38556552"
"chr3","41734180","41734491","KN294539v1","1401588","1401899","41","40332592"
"chr3","42063001","42063302","KN294728v1","656817","657121","34","41406184"
"chr3","42198646","42198937","KN297138v1","230274","230565","31","41968372"
"chr3","42229879","42230175","KN295430v1","2487355","2487647","41","39742524"
"chr3","42232157","42232458","KN297197v1","1076965","1077255","40","41155192"
"chr3","42287684","42287957","KN295523v1","169816","170099","46","42117868"
"chr3","42494294","42494584","KN295706v1","150980","151270","41","42343314"
"chr3","42606068","42606357","KN297165v1","2636886","2637185","56","39969182"
"chr3","42735648","42735957","KN297197v1","1591514","1591818","34","41144134"
"chr3","43696805","43697110","KN295722v1","1843463","1843767","44","41853342"
"chr3","43763939","43764237","KN294378v1","472867","473166","34","43291072"
"chr3","43889449","43889729","KN297197v1","1974307","1974599","37","41915142"
"chr3","44388924","44389219","KN294634v1","275869","276162","33","44113055"
"chr3","45571656","45572019","KN296977v1","16188","16534","83","45555468"
"chr3","45649601","45649806","KN297112v1","3923306","3923518","44","41726295"
"chr3","45668697","45669001","KN294172v1","4261970","4262272","35","41406727"
"chr3","45766154","45766461","KN296743v1","245342","245652","35","45520812"
"chr3","46259492","46259762","KN296880v1","208679","208947","38","46050813"
"chr3","46268044","46268321","KN297197v1","4345104","4345386","26","41922940"
"chr3","46748939","46749142","KN297312v1","310002","310205","43","46438937"
"chr3","46993929","46994234","KN296486v1","163955","164261","35","46829974"
"chr3","48317293","48317588","KN295236v1","3645629","3645922","39","44671664"
"chr3","48366898","48367200","KN297259v1","966404","966719","37","47400494"
"chr3","48368508","48368805","KN296040v1","978911","979214","44","47389597"
"chr3","48371406","48371693","KN297259v1","961867","962149","44","47409539"
"chr3","48500842","48500980","KN294251v1","2008348","2008480","27","46492494"
"chr3","48501212","48501432","KN294571v1","782546","782736","54","47718666"
"chr3","48603304","48603607","KN295586v1","2566716","2567015","39","46036588"
"chr3","48723506","48723817","KN294181v1","1655832","1656144","42","47067674"
"chr3","48727863","48728119","KN294603v1","63055","63320","55","48664808"
"chr3","48754934","48755228","KN295102v1","20527","20821","40","48734407"
"chr3","48996226","48996525","KN294181v1","1771837","1772133","32","47224389"
"chr3","49029568","49029853","KN297259v1","288165","288444","34","48741403"
"chr3","49107081","49107320","KN294582v1","164659","164875","57","48942422"
"chr3","49147955","49148252","KN295244v1","318312","318607","31","48829643"
"chr3","49174354","49174668","KN297095v1","1635195","1635505","38","47539159"
"chr3","49211027","49211340","KN295936v1","797665","797975","35","48413362"
"chr3","49241398","49241674","KN297259v1","162786","163061","49","49078612"
"chr3","49260258","49260562","KN297259v1","42351","42660","32","49217907"
"chr3","49465391","49465704","KN294407v1","707064","707376","42","48758327"
"chr3","49618480","49618784","KN294326v1","652356","652655","44","48966124"
"chr3","49825355","49825660","KN295633v1","161032","161323","46","49664323"
"chr3","49933145","49933425","KN294372v1","2054949","2055229","36","47878196"
"chr3","50076290","50076398","KN295596v1","1638708","1638802","39","48437582"
"chr3","50090081","50090351","KN294761v1","1769883","1770150","32","48320198"
"chr3","50091543","50091839","KN294372v1","1887783","1888081","34","48203760"
"chr3","50339864","50340163","KN296119v1","5183586","5183875","36","45156278"
"chr3","50348495","50348810","KN295294v1","849337","849645","48","49499158"
"chr3","50600239","50600514","KN294733v1","65842","66110","49","50534397"
"chr3","50670341","50670526","KN297322v1","538157","538333","28","50132184"
"chr3","50694050","50694340","KN296635v1","3763561","3763853","38","46930489"
"chr3","50948878","50949176","KN296062v1","1571490","1571788","36","49377388"
"chr3","51098422","51098732","KN296847v1","1837114","1837414","35","49261308"
"chr3","51122339","51122621","KN297047v1","4130656","4130943","55","46991683"
"chr3","51151215","51151460","KN295736v1","509382","509628","62","50641833"
"chr3","51189591","51189764","KN294372v1","928976","929145","9","50260615"
"chr3","51243241","51243437","KN297404v1","144735","144940","37","51098506"
"chr3","51293312","51293622","KN295236v1","467891","468202","36","50825421"
"chr3","51862721","51863011","KN294372v1","241069","241365","27","51621652"
"chr3","51944952","51945258","KN295236v1","753928","754234","35","51191024"
"chr3","52305556","52305871","KN294526v1","97754","98050","43","52207802"
"chr3","52610769","52611074","KN296594v1","636925","637224","43","51973844"
"chr3","52710330","52710637","KN296743v1","245342","245652","38","52464988"
"chr3","52751322","52751618","KN294526v1","546417","546714","23","52204905"
"chr3","52771264","52771559","KN294526v1","567332","567643","36","52203932"
"chr3","52806325","52806639","KN294526v1","599064","599369","29","52207261"
"chr3","53064159","53064457","KN294987v1","1560638","1560926","44","51503521"
"chr3","53102456","53102747","KN294987v1","1615569","1615864","23","51486887"
"chr3","53431757","53432059","KN295871v1","841459","841758","24","52590298"
"chr3","53633055","53633357","KN295871v1","630091","630392","29","53002964"
"chr3","53775179","53775473","KN297259v1","851931","852224","36","52923248"
"chr3","53811793","53812099","KN295871v1","442109","442423","36","53369684"
"chr3","53866800","53867098","KN296096v1","1838666","1838962","35","52028134"
"chr3","53944486","53944778","KN296508v1","20473","20772","42","53924013"
"chr3","54117471","54117769","KN296138v1","116453","116753","33","54001018"
"chr3","54160595","54160891","KN297327v1","626342","626638","37","53534253"
"chr3","54206181","54206465","KN296063v1","1001562","1001853","37","53204619"
"chr3","54488171","54488481","KN296322v1","2331544","2331850","37","52156627"
"chr3","54488904","54489199","KN294439v1","300738","301034","34","54188166"
"chr3","54502755","54503057","KN294439v1","300738","301034","37","54202017"
"chr3","54533636","54533928","KN296063v1","1001562","1001853","44","53532074"
"chr3","55012835","55013146","KN296743v1","245342","245652","45","54767493"
"chr3","55343617","55343924","KN295484v1","487266","487564","29","54856351"
"chr3","55408201","55408518","KN294493v1","393207","393512","44","55014994"
"chr3","55880369","55880675","KN295470v1","49643","49945","32","55830726"
"chr3","56204246","56204541","KN295236v1","3645629","3645922","32","52558617"
"chr3","56209230","56209366","KN294569v1","751020","751158","20","55458210"
"chr3","56344792","56345037","KN297416v1","71048","71290","42","56273744"
"chr3","56688576","56688887","KN296322v1","2331544","2331850","45","54357032"
"chr3","56896666","56896985","KN294457v1","1059434","1059741","45","55837232"
"chr3","56934179","56934483","KN296261v1","590582","590882","42","56343597"
"chr3","57725964","57726272","KN294991v1","60526","60836","26","57665438"
"chr3","57734980","57735265","KN296079v1","1115350","1115639","47","56619630"
"chr3","57799900","57800196","KN294991v1","140677","140974","32","57659223"
"chr3","57826034","57826330","KN295107v1","1283723","1284018","37","56542311"
"chr3","57998109","57998418","KN294991v1","333450","333754","26","57664659"
"chr3","58421051","58421167","KN295112v1","15296","15417","15","58405755"
"chr3","58502887","58503174","KN294613v1","583948","584237","40","57918939"
"chr3","58510762","58511062","KN294991v1","839515","839812","35","57671247"
"chr3","58579312","58579625","KN294443v1","739291","739598","38","57840021"
"chr3","58669519","58669814","KN296311v1","1823337","1823634","36","56846182"
"chr3","58726803","58727103","KN294991v1","1056445","1056738","32","57670358"
"chr3","59066623","59066933","KN296062v1","1513349","1513658","65","57553274"
"chr3","59095447","59095740","KN295244v1","318312","318607","41","58777135"
"chr3","59126433","59126716","KN294991v1","1241236","1241518","28","57885197"
"chr3","59127235","59127539","KN296743v1","245342","245652","36","58881893"
"chr3","59243163","59243460","KN294991v1","1364270","1364551","31","57878893"
"chr3","59354783","59354858","KN297274v1","558721","558800","17","58796062"
"chr3","59445205","59445520","KN294991v1","1570802","1571127","42","57874403"
"chr3","59605275","59605349","KN294147v1","1370524","1370593","14","58234751"
"chr3","59777441","59777694","KN294991v1","1922083","1922330","21","57855358"
"chr3","59885110","59885415","KN295523v1","556214","556518","34","59328896"
"chr3","60044149","60044448","KN294991v1","2196413","2196709","31","57847736"
"chr3","60288692","60288997","KN294526v1","647579","647880","35","59641113"
"chr3","60636661","60636929","KN296145v1","302422","302712","59","60334239"
"chr3","60755648","60755940","KN297386v1","621296","621589","26","60134352"
"chr3","61984929","61985244","KN295474v1","1353145","1353475","63","60631784"
"chr3","62150321","62150603","KN294777v1","658614","658896","41","61491707"
"chr3","62204670","62204972","KN297083v1","432578","432881","36","61772092"
"chr3","62823865","62824128","KN297046v1","1889640","1889903","43","60934225"
"chr3","63112040","63112324","KN295706v1","150980","151270","36","62961060"
"chr3","63232391","63232704","KN294172v1","346409","346717","38","62885982"
"chr3","63260027","63260329","KN294493v1","393207","393512","47","62866820"
"chr3","64448933","64449233","KN295470v1","49643","49945","43","64399290"
"chr3","67149832","67150128","KN295735v1","1642298","1642593","42","65507534"
"chr3","67385895","67386184","KN294493v1","393207","393512","49","66992688"
"chr3","68012719","68012975","KN297416v1","71048","71290","29","67941671"
"chr3","68162399","68162713","KN295337v1","902341","902651","33","67260058"
"chr3","68586500","68586792","KN296296v1","28178","28472","33","68558322"
"chr3","70379145","70379423","KN296290v1","830757","831038","33","69548388"
"chr3","70617586","70617836","KN297154v1","100017","100273","51","70517569"
"chr3","70793913","70794219","KN295294v1","849337","849645","37","69944576"
"chr3","72175331","72175611","KN295596v1","1971635","1971913","38","70203696"
"chr3","72743517","72743810","KN295405v1","492804","493098","39","72250713"
"chr3","72789520","72789819","KN296775v1","754705","755004","39","72034815"
"chr3","73010059","73010368","KN296865v1","1933794","1934101","36","71076265"
"chr3","73168766","73169053","KN294705v1","88883","89167","51","73079883"
"chr3","74800791","74801074","KN297046v1","2855852","2856127","48","71944939"
"chr3","74848428","74848728","KN295368v1","1855168","1855468","34","72993260"
"chr3","75024899","75025194","KN295244v1","318312","318607","55","74706587"
"chr3","75164409","75164683","KN294218v1","740587","740864","43","74423822"
"chr3","75168015","75168316","KN295420v1","192549","192848","40","74975466"
"chr3","76119494","76119790","KN294439v1","300738","301034","34","75818756"
"chr3","77646310","77646622","KN295142v1","809109","809420","55","76837201"
"chr3","78653547","78653687","KN296153v1","1353","1501","24","78652194"
"chr3","78953969","78954231","KN297403v1","3928","4192","43","78950041"
"chr3","79358804","79359096","KN295107v1","1283723","1284018","41","78075081"
"chr3","80011311","80011607","KN296323v1","215948","216243","35","79795363"
"chr3","80860416","80860722","KN296323v1","1071225","1071527","37","79789191"
"chr3","81502134","81502446","KN296743v1","245342","245652","36","81256792"
"chr3","81895842","81896139","KN294372v1","241069","241365","46","81654773"
"chr3","82504239","82504550","KN295459v1","634986","635295","36","81869253"
"chr3","83045498","83045752","KN295907v1","1929142","1929405","51","81116356"
"chr3","83730763","83731071","KN295244v1","451775","452068","51","83278988"
"chr3","84200079","84200380","KN294172v1","4261970","4262272","44","79938109"
"chr3","84449996","84450289","KN295666v1","599906","600199","34","83850090"
"chr3","85888737","85889053","KN295077v1","564405","564717","48","85324332"
"chr3","86284841","86285135","KN297165v1","3298693","3298988","38","82986148"
"chr3","86431373","86431686","KN296404v1","1840967","1841270","47","84590406"
"chr3","87402752","87403053","KN296743v1","245342","245652","52","87157410"
"chr3","88665806","88666106","KN297141v1","152542","152844","39","88513264"
"chr3","89488067","89488128","KN296695v1","95488","95547","9","89392579"
"chr3","89512650","89512988","KN294147v1","1519281","1519605","68","87993369"
"chr3","89623280","89623572","KN294372v1","1816578","1816877","53","87806702"
"chr3","90109475","90109765","KN295077v1","426667","426954","38","89682808"
"chr3","90414623","90414905","KN296225v1","56780","57057","40","90357843"
"chr3","90521533","90521838","KN294493v1","393207","393512","45","90128326"
"chr3","97774198","97774483","KN296508v1","1861452","1861744","41","95912746"
"chr3","97866604","97866880","KN296579v1","318521","318797","34","97548083"
"chr3","98143787","98144090","KN295523v1","2221436","2221738","38","95922351"
"chr3","98369720","98370013","KN295666v1","599906","600199","41","97769814"
"chr3","98713024","98713329","KN295523v1","556214","556518","41","98156810"
"chr3","98867724","98868019","KN295244v1","318312","318607","33","98549412"
"chr3","98888097","98888388","KN295705v1","145822","146116","38","98742275"
"chr3","99706492","99706811","KN294172v1","4261970","4262272","50","95444522"
"chr3","100639612","100639881","KN294733v1","65842","66110","48","100573770"
"chr3","100673334","100673635","KN294439v1","300738","301034","42","100372596"
"chr3","100960342","100960409","KN294991v1","1506488","1506548","12","99453854"
"chr3","100961358","100961529","KN296290v1","593470","593637","24","100367888"
"chr3","100973102","100973398","KN294439v1","300738","301034","38","100672364"
"chr3","101032010","101032312","KN295034v1","286669","286968","53","100745341"
"chr3","101351243","101351537","KN297219v1","871641","871926","56","100479602"
"chr3","101445903","101446198","KN296538v1","1758586","1758878","35","99687317"
"chr3","101731285","101731595","KN295480v1","2450587","2450900","49","99280698"
"chr3","102048784","102049017","KN296157v1","1924601","1924827","44","100124183"
"chr3","102367747","102368051","KN294521v1","524915","525214","40","101842832"
"chr3","102402120","102402394","KN297190v1","6420810","6421091","33","95981310"
"chr3","102623561","102623850","KN295117v1","255146","255434","45","102368415"
"chr3","103088407","103088702","KN294705v1","2200725","2201020","35","100887682"
"chr3","103295764","103296060","KN297008v1","400368","400667","40","102895396"
"chr3","103311821","103312119","KN294821v1","89447","89748","31","103222374"
"chr3","103598879","103599164","KN296386v1","200203","200489","25","103398676"
"chr3","103980785","103981079","KN295523v1","556214","556518","44","103424571"
"chr3","104185266","104185551","KN294457v1","1018677","1018971","45","103166589"
"chr3","105010806","105011114","KN297048v1","305838","306132","36","104704968"
"chr3","105239694","105239992","KN294457v1","1018677","1018971","37","104221017"
"chr3","105426856","105426945","KN294739v1","724684","724772","20","104702172"
"chr3","105456647","105456951","KN295102v1","291073","291373","41","105165574"
"chr3","105498151","105498455","KN295368v1","1855168","1855468","37","103642983"
"chr3","106198364","106198659","KN296062v1","607246","607539","31","105591118"
"chr3","106923480","106923790","KN294407v1","707064","707376","52","106216416"
"chr3","107502796","107503108","KN295172v1","272834","273143","49","107229962"
"chr3","110435151","110435467","KN295074v1","341643","341951","40","110093508"
"chr3","110492172","110492455","KN297047v1","4130656","4130943","36","106361516"
"chr3","111200731","111201046","KN297047v1","2103989","2104301","42","109096742"
"chr3","112820586","112820885","KN297319v1","314657","314952","34","112505929"
"chr3","112851670","112851793","KN294458v1","1638615","1638741","19","111213055"
"chr3","113531736","113532030","KN296305v1","568169","568467","34","112963567"
"chr3","113589612","113589886","KN294874v1","750115","750390","60","112839497"
"chr3","114472743","114472890","KN295096v1","1927679","1927823","33","112545064"
"chr3","114797029","114797321","KN295096v1","3544312","3544597","38","111252717"
"chr3","116396591","116396853","KN295096v1","1913098","1913365","21","114483493"
"chr3","116559070","116559363","KN294457v1","1018677","1018971","33","115540393"
"chr3","116725039","116725324","KN296588v1","13289","13578","54","116711750"
"chr3","117644779","117645058","KN296732v1","1792478","1792756","35","115852301"
"chr3","117743370","117743446","KN294372v1","2493314","2493391","13","115250056"
"chr3","117835821","117836112","KN295096v1","486800","487090","23","117349021"
"chr3","117849577","117849857","KN295096v1","472728","473024","34","117376849"
"chr3","117964009","117964306","KN295596v1","3080087","3080384","39","114883922"
"chr3","118267861","118268156","KN296311v1","5551109","5551405","44","112716752"
"chr3","119292255","119292593","KN294407v1","1840936","1841273","56","117451319"
"chr3","119911665","119911955","KN296079v1","1115350","1115639","37","118796315"
"chr3","120419436","120419752","KN296146v1","170328","170637","40","120249108"
"chr3","120477621","120477894","KN297046v1","2123979","2124247","51","118353642"
"chr3","120894576","120894888","KN295362v1","1165497","1165809","40","119729079"
"chr3","121073715","121074028","KN294181v1","1418383","1418694","44","119655332"
"chr3","121453966","121454269","KN295368v1","1855168","1855468","39","119598798"
"chr3","122202666","122202950","KN297112v1","5826102","5826396","37","116376564"
"chr3","122445887","122446163","KN296225v1","56780","57057","41","122389107"
"chr3","123533297","123533467","KN296138v1","93122","93299","19","123440175"
"chr3","123666457","123666723","KN294187v1","242848","243117","38","123423609"
"chr3","124390282","124390592","KN294172v1","4261970","4262272","39","120128312"
"chr3","124735098","124735413","KN295362v1","1165497","1165809","39","123569601"
"chr3","125497631","125497924","KN296594v1","148361","148665","31","125349270"
"chr3","125720717","125721032","KN296594v1","374443","374748","35","125346274"
"chr3","125958472","125958772","KN296594v1","636925","637224","29","125321547"
"chr3","126446277","126446579","KN294181v1","1488459","1488767","33","124957818"
"chr3","126523901","126524188","KN296594v1","1207281","1207569","26","125316620"
"chr3","127686876","127687179","KN294326v1","652356","652655","38","127034520"
"chr3","127877959","127878248","KN295706v1","150980","151270","37","127726979"
"chr3","128287727","128288028","KN295814v1","769523","769821","27","127518204"
"chr3","128314278","128314559","KN295820v1","258888","259166","33","128055390"
"chr3","128449326","128449621","KN294634v1","275869","276162","37","128173457"
"chr3","128885338","128885630","KN294634v1","275869","276162","42","128609469"
"chr3","128958512","128958809","KN296036v1","1045194","1045490","36","127913318"
"chr3","129171067","129171372","KN294416v1","327416","327717","41","128843651"
"chr3","129521649","129521915","KN297046v1","1889640","1889903","35","127632009"
"chr3","129547180","129547473","KN294439v1","300738","301034","38","129246442"
"chr3","129579676","129579992","KN296311v1","885064","885374","40","128694612"
"chr3","129596257","129596342","KN294372v1","2493314","2493391","20","127102943"
"chr3","130214902","130215196","KN295236v1","3645629","3645922","38","126569273"
"chr3","130280036","130280192","KN296498v1","397835","398002","24","129882201"
"chr3","131255338","131255624","KN296588v1","13289","13578","34","131242049"
"chr3","132211769","132212074","KN295090v1","2881719","2882025","44","129330050"
"chr3","132538852","132539145","KN297133v1","1704881","1705174","38","130833971"
"chr3","133000117","133000410","KN296955v1","420857","421152","38","132579260"
"chr3","133210585","133210879","KN294713v1","464461","464753","26","132746124"
"chr3","133481966","133482272","KN295362v1","1165497","1165809","35","132316469"
"chr3","133508314","133508618","KN295315v1","1041178","1041475","46","132467136"
"chr3","134075534","134075846","KN295350v1","979608","979920","43","133095926"
"chr3","134159313","134159631","KN297038v1","758591","758902","37","133400722"
"chr3","134610132","134610422","KN294421v1","1228170","1228462","41","133381962"
"chr3","134816116","134816177","KN295022v1","781880","781932","16","134034236"
"chr3","134962146","134962438","KN296178v1","611876","612166","35","134350270"
"chr3","135279520","135279827","KN294592v1","1366519","1366825","48","133913001"
"chr3","135533909","135534222","KN294493v1","1581321","1581633","34","133952588"
"chr3","135931836","135932116","KN295596v1","1911422","1911707","47","134020414"
"chr3","136736477","136736782","KN294493v1","393207","393512","23","136343270"
"chr3","136966870","136967159","KN295244v1","451775","452068","34","136515095"
"chr3","137152490","137152787","KN294493v1","139754","140055","28","137012736"
"chr3","137986886","137987185","KN294378v1","472867","473166","40","137514019"
"chr3","138081510","138081804","KN296096v1","1838666","1838962","30","136242844"
"chr3","138694901","138695207","KN295825v1","3473769","3474064","34","135221132"
"chr3","140631757","140632022","KN295930v1","374655","374908","34","140257102"
"chr3","140898768","140899075","KN295671v1","216235","216540","43","140682533"
"chr3","141039322","141039601","KN295825v1","1166781","1167075","33","139872541"
"chr3","141219117","141219409","KN295706v1","150980","151270","34","141068137"
"chr3","141244672","141244749","KN296849v1","927971","928048","15","140316701"
"chr3","141247991","141248285","KN295825v1","951327","951619","23","140296664"
"chr3","141325858","141326159","KN295825v1","866786","867099","40","140459072"
"chr3","141367772","141368064","KN295244v1","318312","318607","32","141049460"
"chr3","141553459","141553624","KN294287v1","231225","231390","25","141322234"
"chr3","141603344","141603608","KN294243v1","199203","199464","55","141404141"
"chr3","142599942","142600238","KN295497v1","443812","444112","34","142156130"
"chr3","142649271","142649577","KN294443v1","739291","739598","41","141909980"
"chr3","142858597","142858881","KN295430v1","2487355","2487647","43","140371242"
"chr3","142867933","142868228","KN295497v1","716044","716343","38","142151889"
"chr3","143297804","143298095","KN296117v1","111356","111648","35","143186448"
"chr3","143315103","143315403","KN294182v1","193047","193344","43","143122056"
"chr3","144316742","144317020","KN297323v1","206533","206815","53","144110209"
"chr3","144668946","144669247","KN297186v1","628159","628458","39","144040787"
"chr3","145223086","145223343","KN296119v1","220472","220721","37","145002614"
"chr3","145580282","145580571","KN296588v1","13289","13578","32","145566993"
"chr3","145666241","145666546","KN295523v1","556214","556518","38","145110027"
"chr3","145887866","145888168","KN296743v1","245342","245652","47","145642524"
"chr3","146039608","146039913","KN295869v1","611129","611435","39","145428479"
"chr3","146097782","146098100","KN294181v1","1655832","1656144","41","144441950"
"chr3","146260925","146261229","KN294571v1","2793346","2793649","34","143467579"
"chr3","146275928","146276236","KN296306v1","1552937","1553241","42","144722991"
"chr3","146379043","146379332","KN296498v1","392214","392512","45","145986829"
"chr3","146436105","146436422","KN295907v1","1622346","1622658","37","144813759"
"chr3","146587655","146587753","KN294588v1","2231922","2232008","22","144355733"
"chr3","146666757","146667037","KN297121v1","161380","161653","44","146505377"
"chr3","146753032","146753341","KN294443v1","739291","739598","37","146013741"
"chr3","147137663","147137971","KN294558v1","118505","118813","40","147019158"
"chr3","147216147","147216276","KN294991v1","1410514","1410644","25","145805633"
"chr3","147353058","147353350","KN296864v1","2185157","2185462","42","145167901"
"chr3","147464410","147464705","KN296743v1","1727640","1727937","35","145736770"
"chr3","147470768","147471060","KN295755v1","110864","111155","38","147359904"
"chr3","147897976","147898282","KN296404v1","2412477","2412775","48","145485499"
"chr3","148954837","148955127","KN296588v1","13289","13578","37","148941548"
"chr3","149591063","149591361","KN294662v1","177705","178001","34","149413358"
"chr3","150209940","150210251","KN295394v1","975651","975961","41","149234289"
"chr3","151541628","151541961","KN295074v1","1146684","1147014","52","150394944"
"chr3","152598943","152599218","KN296311v1","4488740","4489022","49","148110203"
"chr3","153461281","153461572","KN295102v1","20527","20821","29","153440754"
"chr3","154474335","154474641","KN296865v1","1933794","1934101","32","152540541"
"chr3","154544665","154544955","KN296921v1","574919","575213","51","153969746"
"chr3","155144510","155144806","KN296620v1","941796","942085","31","154202714"
"chr3","155162113","155162254","KN294451v1","163074","163214","25","154999039"
"chr3","155339408","155339732","KN294856v1","400185","400505","50","154939223"
"chr3","155792814","155793122","KN296620v1","275794","276100","34","155517020"
"chr3","157300332","157300659","KN296884v1","534442","534766","35","156765890"
"chr3","157526590","157526900","KN296884v1","297221","297530","28","157229369"
"chr3","157571509","157571800","KN296884v1","246730","247022","25","157324779"
"chr3","157589128","157589411","KN294181v1","1812992","1813276","32","155776136"
"chr3","157594958","157595248","KN296884v1","229196","229498","34","157365762"
"chr3","157606425","157606733","KN295294v1","849337","849645","38","156757088"
"chr3","158352991","158353285","KN294181v1","1771837","1772133","36","156581154"
"chr3","158417949","158418238","KN294519v1","100879","101154","40","158317070"
"chr3","159400089","159400383","KN296311v1","5346181","5346473","38","154053908"
"chr3","159660084","159660389","KN296818v1","156890","157195","23","159503194"
"chr3","159974518","159974818","KN296926v1","935456","935755","34","159039062"
"chr3","160036780","160037065","KN295592v1","2037246","2037532","40","157999534"
"chr3","160606039","160606345","KN295382v1","54432","54736","37","160551607"
"chr3","160815398","160815662","KN297319v1","541687","541946","45","160273711"
"chr3","160908651","160908961","KN295236v1","1822477","1822785","34","159086174"
"chr3","160926833","160927128","KN294439v1","300738","301034","38","160626095"
"chr3","160974667","160974839","KN295708v1","1597439","1597612","24","159377228"
"chr3","160975013","160975331","KN294407v1","707064","707376","38","160267949"
"chr3","161066273","161066438","KN295236v1","3777012","3777174","24","157289261"
"chr3","161084734","161085037","KN294172v1","4261970","4262272","33","156822764"
"chr3","161802628","161802691","KN296153v1","541465","541522","16","161261163"
"chr3","162664360","162664673","KN295090v1","2881719","2882025","39","159782641"
"chr3","163915734","163916023","KN295706v1","150980","151270","30","163764754"
"chr3","165042338","165042618","KN294172v1","4044399","4044693","40","160997939"
"chr3","165172060","165172106","KN294172v1","1892980","1893024","22","163279080"
"chr3","165361074","165361365","KN295236v1","5625349","5625634","61","159735725"
"chr3","165731049","165731345","KN296108v1","1012572","1012870","24","164718477"
"chr3","166295088","166295344","KN296641v1","1210775","1211038","64","165084313"
"chr3","166485505","166485817","KN296108v1","1810655","1810966","29","164674850"
"chr3","166586143","166586423","KN294421v1","1228170","1228462","51","165357973"
"chr3","166588253","166588493","KN295490v1","389971","390223","41","166198282"
"chr3","166938177","166938485","KN295371v1","551008","551309","42","166387169"
"chr3","167211109","167211193","KN297456v1","530745","530833","11","166680364"
"chr3","167879340","167879515","KN294467v1","103866","104036","36","167775474"
"chr3","167879542","167879661","KN294187v1","107773","107893","26","167771769"
"chr3","167992602","167992913","KN294467v1","224171","224477","47","167768431"
"chr3","168092756","168093066","KN295930v1","311356","311644","55","167781400"
"chr3","169554387","169554673","KN295371v1","312819","313104","37","169241568"
"chr3","169577622","169577902","KN294733v1","65842","66110","52","169511780"
"chr3","170770335","170770625","KN295984v1","729021","729310","48","170041314"
"chr3","171051929","171052241","KN296507v1","587426","587738","49","170464503"
"chr3","171114098","171114379","KN295957v1","35657","35935","35","171078441"
"chr3","171921741","171922062","KN297205v1","435353","435667","47","171486388"
"chr3","173221005","173221297","KN294634v1","275869","276162","44","172945136"
"chr3","174594687","174594982","KN295666v1","1045930","1046226","40","173548757"
"chr3","174690651","174690954","KN296538v1","1823743","1824043","38","172866908"
"chr3","174956745","174956916","KN297215v1","545203","545376","28","174411542"
"chr3","175099256","175099485","KN296538v1","326328","326563","43","174772928"
"chr3","175347960","175348262","KN296404v1","2965711","2966008","37","172382249"
"chr3","175510969","175511286","KN295315v1","212350","212643","76","175298619"
"chr3","175529811","175530130","KN294147v1","1332177","1332478","50","174197634"
"chr3","175567807","175568100","KN294147v1","1298964","1299259","30","174268843"
"chr3","175956941","175957225","KN294147v1","933748","934036","27","175023193"
"chr3","176240134","176240405","KN294147v1","640569","640862","47","175599565"
"chr3","176731134","176731418","KN296158v1","254683","254974","36","176476451"
"chr3","177069275","177069580","KN295722v1","1843463","1843767","38","175225812"
"chr3","177094731","177095023","KN294172v1","5507104","5507398","41","171587627"
"chr3","177598865","177599161","KN296743v1","2012835","2013130","36","175586030"
"chr3","177777074","177777370","KN296948v1","810301","810600","37","176966773"
"chr3","177875668","177875975","KN295294v1","849337","849645","40","177026331"
"chr3","177896588","177896875","KN297008v1","5613130","5613416","36","172283458"
"chr3","178375355","178375609","KN296859v1","1475499","1475752","41","176899856"
"chr3","179358922","179359214","KN295102v1","20527","20821","30","179338395"
"chr3","180082981","180083260","KN297008v1","3704335","3704617","34","176378646"
"chr3","180226071","180226367","KN294949v1","347431","347727","49","179878640"
"chr3","180973742","180974044","KN296108v1","1012572","1012870","37","179961170"
"chr3","182101435","182101791","KN296977v1","16188","16534","78","182085247"
"chr3","182224057","182224337","KN295692v1","3729386","3729674","40","178494671"
"chr3","182350001","182350299","KN295487v1","150380","150684","39","182199621"
"chr3","182384577","182384864","KN295102v1","291073","291373","40","182093504"
"chr3","182402150","182402451","KN294987v1","364320","364620","38","182037830"
"chr3","182448664","182448966","KN295110v1","225301","225591","62","182223363"
"chr3","182478224","182478515","KN295666v1","599906","600199","38","181878318"
"chr3","182501549","182501862","KN294443v1","739291","739598","35","181762258"
"chr3","182509893","182510043","KN295717v1","1336620","1336780","27","181173273"
"chr3","182515384","182515670","KN294421v1","1228170","1228462","39","181287214"
"chr3","182770037","182770330","KN296096v1","2743314","2743604","50","180026723"
"chr3","182855350","182855629","KN297046v1","1388146","1388432","40","181467204"
"chr3","183223570","183223859","KN296079v1","1115350","1115639","42","182108220"
"chr3","183354718","183355012","KN295107v1","1283723","1284018","38","182070995"
"chr3","183364128","183364419","KN295077v1","426667","426954","42","182937461"
"chr3","183955617","183955901","KN295596v1","66567","66857","38","183889050"
"chr3","184646467","184646757","KN294433v1","203912","204207","27","184442555"
"chr3","184844045","184844346","KN297047v1","4442061","4442354","41","180401984"
"chr3","184948904","184949192","KN296305v1","727438","727730","32","184221466"
"chr3","185028331","185028635","KN294439v1","300738","301034","36","184727593"
"chr3","185894570","185894849","KN294987v1","346285","346567","37","185548285"
"chr3","186078725","186079020","KN295633v1","161032","161323","35","185917693"
"chr3","186127972","186128266","KN296770v1","78926","79217","48","186049046"
"chr3","186557013","186557328","KN295571v1","29327","29643","42","186527686"
"chr3","186576526","186576801","KN295571v1","49704","49979","24","186526822"
"chr3","186885289","186885582","KN295244v1","451775","452068","39","186433514"
"chr3","187019297","187019593","KN295236v1","4680465","4680758","44","182338832"
"chr3","187058969","187059185","KN295571v1","529975","530201","25","186528994"
"chr3","187091340","187091458","KN294539v1","220465","220585","20","186870875"
"chr3","187400834","187401149","KN295571v1","874929","875230","56","186525905"
"chr3","187807593","187807842","KN295490v1","389971","390223","47","187417622"
"chr3","188309921","188310234","KN296743v1","245342","245652","33","188064579"
"chr3","188524851","188525149","KN295090v1","2881719","2882025","34","185643132"
"chr3","188610917","188611207","KN295706v1","150980","151270","27","188459937"
"chr3","188658032","188658326","KN296311v1","5551109","5551405","37","183106923"
"chr3","188695746","188696030","KN296606v1","198929","199206","44","188496817"
"chr3","188918577","188918872","KN295080v1","73247","73541","41","188845330"
"chr3","188985990","188986296","KN296538v1","1823743","1824043","32","187162247"
"chr3","189097820","189098127","KN295294v1","3348137","3348442","36","185749683"
"chr3","189238926","189239097","KN294782v1","204386","204554","33","189034540"
"chr3","189258280","189258589","KN296036v1","918830","919139","30","188339450"
"chr3","189625528","189625828","KN297227v1","1013431","1013731","36","188612097"
"chr3","189790288","189790595","KN295236v1","467891","468202","36","189322397"
"chr3","189791135","189791310","KN296290v1","593470","593637","27","189197665"
"chr3","189974559","189974844","KN296225v1","56780","57057","36","189917779"
"chr3","189982639","189982948","KN295533v1","2550969","2551279","38","187431670"
"chr3","190014229","190014510","KN297008v1","3704335","3704617","39","186309894"
"chr3","190014546","190014562","KN294385v1","12879","12895","3","190001667"
"chr3","190077346","190077637","KN297133v1","667003","667284","41","189410343"
"chr3","190516007","190516290","KN295077v1","462845","463133","33","190053162"
"chr3","190568100","190568381","KN294747v1","1151551","1151840","49","189416549"
"chr3","190664594","190664903","KN297141v1","152542","152844","40","190512052"
"chr3","190699846","190700149","KN294172v1","4261970","4262272","36","186437876"
"chr3","191057315","191057640","KN294893v1","177646","177958","46","190879669"
"chr3","191109800","191110038","KN296311v1","6934502","6934740","40","184175298"
"chr3","191201268","191201544","KN296153v1","663699","663968","51","190537569"
"chr3","191342893","191343172","KN294964v1","662807","663094","42","190680086"
"chr3","191412098","191412373","KN296507v1","428632","428906","44","190983466"
"chr3","191786178","191786490","KN295548v1","1203912","1204221","41","190582266"
"chr3","191923219","191923516","KN297227v1","1522810","1523106","50","190400409"
"chr3","192098865","192099178","KN295236v1","753928","754234","45","191344937"
"chr3","192241139","192241440","KN295090v1","2881719","2882025","35","189359420"
"chr3","193075041","193075298","KN294761v1","1769883","1770150","40","191305158"
"chr3","193619337","193619621","KN294527v1","21606","21894","35","193597731"
"chr3","193691712","193692020","KN295523v1","556214","556518","42","193135498"
"chr3","194098805","194099115","KN295236v1","753928","754234","47","193344877"
"chr3","195310164","195310354","KN296833v1","279634","279824","34","195030530"
"chr3","195534291","195534573","KN294182v1","193047","193344","45","195341244"
"chr3","195605089","195605388","KN297197v1","1630263","1630561","33","193974826"
"chr3","196208593","196208790","KN294387v1","883742","883936","33","195324851"
"chr3","196846188","196846479","KN297026v1","205762","206051","38","196640426"
"chr3","197183288","197183599","KN294705v1","235051","235362","43","196948237"
"chr3","197614834","197615110","KN294893v1","439595","439874","45","197175239"
"chr3","197621364","197621649","KN296290v1","577237","577523","31","197044127"
"chr3","197636381","197636681","KN296594v1","636925","637224","35","196999456"
"chr3","197654704","197655020","KN297205v1","435353","435667","38","197219351"
"chr3","197840397","197840680","KN294239v1","580864","581146","37","197259533"
"chr3","197872851","197873156","KN295294v1","849337","849645","30","197023514"
"chr3","198207314","198207623","KN294467v1","224171","224477","39","197983143"
"chr3","198276836","198277141","KN296290v1","1242269","1242564","27","197034567"
"chr3","199070867","199071161","KN296547v1","1021222","1021514","42","198049645"
"chr3","199258409","199258723","KN295294v1","849337","849645","33","198409072"
"chr3","199453649","199453828","KN294561v1","634753","634925","30","198818896"
"chr3","199495718","199496013","KN296290v1","2450633","2450928","32","197045085"
"chr3","199544914","199545211","KN295107v1","1283723","1284018","39","198261191"
"chr3","199839608","199839909","KN294172v1","4261970","4262272","40","195577638"
"chr3","200093922","200094219","KN294439v1","300738","301034","32","199793184"
"chr3","200419275","200419582","KN295294v1","849337","849645","28","199569938"
"chr3","200536323","200536636","KN296096v1","2223591","2223902","37","198312732"
"chr3","200602878","200603178","KN297038v1","1916025","1916321","34","198686853"
"chr3","201384607","201384915","KN294407v1","707064","707376","39","200677543"
"chr3","201593130","201593435","KN294911v1","2469693","2469997","31","199123437"
"chr3","201660540","201660845","KN295090v1","1141582","1141886","39","200518958"
"chr3","201709603","201709906","KN295017v1","163423","163725","35","201546180"
"chr3","201725051","201725348","KN297038v1","758591","758902","31","200966460"
"chr3","201797092","201797387","KN295610v1","472231","472528","38","201324861"
"chr3","201951222","201951535","KN297038v1","516977","517287","41","201434245"
"chr3","201960888","201961182","KN294443v1","739291","739598","38","201221597"
"chr3","201989173","201989456","KN297038v1","477043","477327","25","201512130"
"chr3","202068296","202068592","KN297038v1","397645","397947","37","201670651"
"chr3","202123840","202124146","KN295090v1","2881719","2882025","39","199242121"
"chr3","202231702","202231985","KN297038v1","233481","233770","36","201998221"
"chr3","202280367","202280666","KN296594v1","636925","637224","36","201643442"
"chr3","202633059","202633253","KN295964v1","63429","63595","51","202569630"
"chr3","202714161","202714464","KN296486v1","163955","164261","33","202550206"
"chr3","202831614","202831903","KN294457v1","1018677","1018971","32","201812937"
"chr3","202855638","202855940","KN295294v1","849337","849645","37","202006301"
"chr3","202870682","202870846","KN296498v1","397835","398002","21","202472847"
"chr3","202964423","202964721","KN295244v1","451775","452068","35","202512648"
"chr3","202971499","202971803","KN295523v1","2221436","2221738","33","200750063"
"chr3","203043862","203044174","KN296311v1","747845","748155","41","202296017"
"chr3","203148359","203148691","KN296495v1","1319916","1320232","48","201828443"
"chr3","203257648","203257952","KN294443v1","739291","739598","48","202518357"
"chr3","203327962","203328245","KN294181v1","1812992","1813276","39","201514970"
"chr3","203362022","203362318","KN296311v1","5551109","5551405","31","197810913"
"chr3","203365614","203365896","KN296864v1","1087186","1087472","36","202278428"
"chr3","203380520","203380802","KN295236v1","4082902","4083183","30","199297618"
"chr3","203428050","203428356","KN295962v1","947246","947555","46","202480804"
"chr3","203651481","203651790","KN297046v1","2009321","2009632","51","201642160"
"chr3","203731890","203732200","KN296322v1","2331544","2331850","40","201400346"
"chr3","203919376","203919685","KN295090v1","980313","980620","37","202939063"
"chr3","204081845","204082141","KN295644v1","204541","204836","46","203877304"
"chr3","204144399","204144708","KN296865v1","1933794","1934101","40","202210605"
"chr3","204144896","204145180","KN294443v1","726968","727252","35","203417928"
"chr3","204162733","204163031","KN295107v1","1283723","1284018","35","202879010"
"chr3","204218943","204219238","KN294790v1","3102820","3103115","31","201116123"
"chr3","204645522","204645822","KN294439v1","300738","301034","38","204344784"
"chr3","204683857","204684147","KN295706v1","150980","151270","34","204532877"
"chr3","204693267","204693538","KN297180v1","374964","375232","38","204318303"
"chr3","204826020","204826332","KN297047v1","2103989","2104301","36","202722031"
"chr3","204884327","204884637","KN296743v1","245342","245652","37","204638985"
"chr3","205114173","205114463","KN294521v1","524915","525214","45","204589258"
"chr4","113508156","113508459","KN295967v1","550401","550707","39","112957755"
"chr4","155320316","155320652","KN296096v1","3448164","3448467","68","151872152"
"chr4","184942315","184942606","KN296096v1","2743314","2743604","32","182199001"
"chr4","180840","181152","KN294951v1","415","725","24","180425"
"chr4","667554","667854","KN295666v1","599906","600199","36","67648"
"chr4","972361","972642","KN296507v1","428632","428906","41","543729"
"chr4","1013818","1014114","KN297327v1","626342","626638","18","387476"
"chr4","1641335","1641642","KN297154v1","721396","721694","32","919939"
"chr4","1654986","1655259","KN297180v1","374964","375232","40","1280022"
"chr4","1879651","1879943","KN295474v1","1698800","1699092","39","180851"
"chr4","2019560","2019854","KN295666v1","599906","600199","36","1419654"
"chr4","2034209","2034512","KN296311v1","4306981","4307286","44","2272772"
"chr4","2280195","2280478","KN296833v1","353722","354006","37","1926473"
"chr4","2607413","2607712","KN296153v1","3236501","3236782","51","629088"
"chr4","2680873","2681163","KN296311v1","5551109","5551405","36","2870236"
"chr4","2738074","2738277","KN294269v1","1322810","1323024","43","1415264"
"chr4","2786563","2786858","KN294439v1","300738","301034","45","2485825"
"chr4","3045990","3046280","KN295523v1","556214","556518","50","2489776"
"chr4","3111847","3112108","KN294372v1","1409108","1409361","82","1702739"
"chr4","3935819","3936128","KN296225v1","183514","183826","52","3752305"
"chr4","4957532","4957816","KN295260v1","414258","414542","36","4543274"
"chr4","5389360","5389691","KN295735v1","635748","636056","62","4753612"
"chr4","6015550","6015850","KN294467v1","214886","215182","37","5800664"
"chr4","6399746","6400051","KN295090v1","2881719","2882025","31","3518027"
"chr4","6705982","6706288","KN296513v1","1602755","1603035","44","5103227"
"chr4","6985259","6985572","KN296191v1","1483522","1483838","46","5501737"
"chr4","6990213","6990511","KN296513v1","1316393","1316688","25","5673820"
"chr4","7159714","7160068","KN296079v1","673289","673603","100","6486425"
"chr4","7350383","7350681","KN296119v1","5901396","5901695","39","1448987"
"chr4","7413222","7413531","KN294911v1","2261925","2262231","39","5151297"
"chr4","7437032","7437335","KN295523v1","2221436","2221738","36","5215596"
"chr4","8372050","8372335","KN296153v1","2930575","2930860","46","5441475"
"chr4","8892125","8892416","KN297165v1","3298693","3298988","34","5593432"
"chr4","9652963","9653271","KN294614v1","233912","234216","41","9419051"
"chr4","9681230","9681532","KN294705v1","1498005","1498316","41","8183225"
"chr4","10195044","10195340","KN296484v1","1016396","1016694","39","9178648"
"chr4","10204798","10204913","KN296435v1","2910156","2910264","21","7294642"
"chr4","10243942","10244226","KN294571v1","1371123","1371410","37","8872819"
"chr4","10391477","10391752","KN294456v1","711541","711812","46","9679936"
"chr4","10403636","10403934","KN295533v1","2478184","2478484","39","7925452"
"chr4","10434133","10434433","KN296732v1","1455446","1455745","46","8978687"
"chr4","10848138","10848437","KN294172v1","5183828","5184128","54","5664310"
"chr4","11070080","11070392","KN297444v1","657624","657928","36","10412456"
"chr4","11132179","11132315","KN295281v1","224393","224522","23","10907786"
"chr4","12375502","12375794","KN295706v1","150980","151270","40","12224522"
"chr4","13892380","13892666","KN295523v1","284656","284944","54","13607724"
"chr4","13926817","13927110","KN296063v1","1001562","1001853","43","12925255"
"chr4","14311669","14311983","KN295294v1","3348137","3348442","39","10963532"
"chr4","15480341","15480634","KN297048v1","305838","306132","36","15174503"
"chr4","15897601","15897909","KN296743v1","245342","245652","41","15652259"
"chr4","15979132","15979460","KN295362v1","1165497","1165809","52","14813635"
"chr4","16457649","16457953","KN296337v1","638587","638899","27","15819062"
"chr4","16492687","16492998","KN295294v1","849337","849645","34","15643350"
"chr4","16587857","16588156","KN295854v1","1678566","1678867","35","14909291"
"chr4","17084557","17084630","KN296096v1","2068825","2068896","11","15015732"
"chr4","17095614","17095901","KN294527v1","21606","21894","17","17074008"
"chr4","17291149","17291459","KN294443v1","739291","739598","48","16551858"
"chr4","17376999","17377304","KN296498v1","392214","392512","39","16984785"
"chr4","18065635","18065922","KN296588v1","13289","13578","38","18052346"
"chr4","18065962","18065982","KN295571v1","587307","587324","6","17478655"
"chr4","18567772","18567971","KN296078v1","556076","556267","29","18011696"
"chr4","19218879","19219199","KN297171v1","3842175","3842475","62","15376704"
"chr4","19247535","19247828","KN296078v1","1262912","1263214","33","17984623"
"chr4","19254583","19254695","KN294470v1","523433","523540","18","18731150"
"chr4","19747498","19747799","KN297141v1","152542","152844","40","19594956"
"chr4","20275980","20276262","KN295586v1","1950719","1950998","40","18325261"
"chr4","20551968","20552281","KN294874v1","417401","417713","39","20134567"
"chr4","20841022","20841334","KN295744v1","299244","299554","53","20541778"
"chr4","21574323","21574618","KN295236v1","73390","73682","35","21500933"
"chr4","22176897","22177207","KN296743v1","245342","245652","47","21931555"
"chr4","22268326","22268630","KN294439v1","300738","301034","40","21967588"
"chr4","22346825","22347130","KN294662v1","177705","178001","40","22169120"
"chr4","23891325","23891593","KN294536v1","1163932","1164192","44","22727393"
"chr4","24127124","24127440","KN295433v1","1340428","1340713","52","22786696"
"chr4","24420948","24421249","KN295433v1","1034099","1034401","17","23386849"
"chr4","24589194","24589513","KN297047v1","2103989","2104301","41","22485205"
"chr4","24933847","24934131","KN294172v1","4176770","4177051","36","20757077"
"chr4","24951221","24951522","KN295433v1","491311","491615","26","24459910"
"chr4","25130438","25130736","KN295107v1","1283723","1284018","36","23846715"
"chr4","25232474","25232799","KN294385v1","503196","503497","67","24729278"
"chr4","25325177","25325490","KN295433v1","107662","107973","32","25217515"
"chr4","25408332","25408597","KN295708v1","450567","450846","60","24957765"
"chr4","25431297","25431606","KN295637v1","380266","380573","45","25051031"
"chr4","25489627","25489927","KN294949v1","546876","547172","48","24942751"
"chr4","25659660","25659960","KN296311v1","3176858","3177154","46","22482802"
"chr4","25912010","25912166","KN296654v1","153614","153769","23","25758396"
"chr4","26193469","26193770","KN294372v1","1816578","1816877","40","24376891"
"chr4","26884778","26885073","KN296311v1","1823337","1823634","34","25061441"
"chr4","26898360","26898647","KN297105v1","2623818","2624102","42","24274542"
"chr4","27948318","27948592","KN296743v1","1660722","1660997","41","26287596"
"chr4","28947879","28947954","KN296266v1","26261","26336","13","28921618"
"chr4","29074325","29074611","KN295685v1","195808","196100","35","28878517"
"chr4","29966430","29966724","KN295685v1","1117244","1117553","43","28849186"
"chr4","30279693","30279998","KN295685v1","1470484","1470788","21","28809209"
"chr4","30875213","30875521","KN295045v1","1002653","1002946","50","29872560"
"chr4","32046269","32046618","KN294668v1","3311936","3312263","86","28734333"
"chr4","32099408","32099721","KN295244v1","451775","452068","53","31647633"
"chr4","33063577","33063878","KN295368v1","1855168","1855468","38","31208409"
"chr4","34283517","34283774","KN296833v1","435218","435467","39","33848299"
"chr4","35094494","35094796","KN296635v1","3682782","3683079","37","31411712"
"chr4","36358706","36358987","KN296588v1","13289","13578","46","36345417"
"chr4","36650479","36650776","KN295814v1","1105297","1105592","41","35545182"
"chr4","37173160","37173466","KN295923v1","621393","621694","41","36551767"
"chr4","37701616","37701899","KN295983v1","1764831","1765114","26","35936785"
"chr4","37740868","37741205","KN295983v1","1731946","1732285","43","36008922"
"chr4","37749128","37749432","KN295294v1","849337","849645","38","36899791"
"chr4","38046535","38046793","KN294705v1","88883","89167","58","37957652"
"chr4","38133262","38133562","KN295983v1","1328530","1328833","27","36804732"
"chr4","38275865","38276031","KN296244v1","817924","818083","22","37457941"
"chr4","38276060","38276174","KN295983v1","1185911","1186024","12","37090149"
"chr4","38416621","38416743","KN295735v1","463489","463612","15","37953132"
"chr4","38421170","38421467","KN295814v1","769523","769821","31","37651647"
"chr4","38852133","38852434","KN295708v1","1471221","1471525","36","37380912"
"chr4","38969666","38969976","KN295983v1","483158","483467","24","38486508"
"chr4","39271788","39271992","KN295586v1","5219415","5219623","29","34052373"
"chr4","39319563","39319869","KN295294v1","849337","849645","27","38470226"
"chr4","39333730","39334023","KN296281v1","69164","69458","36","39264566"
"chr4","39476806","39477089","KN297019v1","932923","933205","40","38543883"
"chr4","39568510","39568798","KN295430v1","2487355","2487647","39","37081155"
"chr4","39601411","39601580","KN295498v1","114768","114933","28","39486643"
"chr4","39610434","39610760","KN294571v1","144703","145021","31","39465731"
"chr4","39617015","39617316","KN296538v1","1823743","1824043","38","37793272"
"chr4","39811218","39811537","KN295294v1","849337","849645","43","38961881"
"chr4","39859988","39860291","KN295596v1","1653699","1653998","40","38206289"
"chr4","39937363","39937629","KN296292v1","12823","13089","54","39924540"
"chr4","39975680","39975981","KN294467v1","214886","215182","35","39760794"
"chr4","40221467","40221771","KN294893v1","301857","302162","42","39919610"
"chr4","40222146","40222435","KN295706v1","150980","151270","31","40071166"
"chr4","40278254","40278553","KN294439v1","300738","301034","41","39977516"
"chr4","40314581","40314885","KN294372v1","1816578","1816877","40","38498003"
"chr4","40346512","40346818","KN295368v1","1855168","1855468","39","38491344"
"chr4","40466178","40466457","KN296311v1","4488740","4489022","35","35977438"
"chr4","40472426","40472714","KN296508v1","1861452","1861744","27","38610974"
"chr4","40713958","40714266","KN294181v1","1488459","1488767","40","39225499"
"chr4","40876833","40877148","KN295531v1","74200","74508","42","40802633"
"chr4","40946780","40947086","KN296743v1","245342","245652","39","40701438"
"chr4","40950319","40950637","KN294571v1","1549843","1550147","37","39400476"
"chr4","41086437","41086571","KN294685v1","755069","755203","13","40331368"
"chr4","41086864","41087027","KN296726v1","834547","834705","37","40252317"
"chr4","41125985","41126281","KN297112v1","5826102","5826396","36","35299883"
"chr4","41670019","41670318","KN294571v1","2275131","2275428","28","39394888"
"chr4","41836373","41836384","KN295136v1","58560","58572","3","41777813"
"chr4","41836430","41836628","KN296142v1","262854","263051","41","41573576"
"chr4","41874636","41874939","KN294571v1","2489385","2489693","29","39385251"
"chr4","42208295","42208595","KN294571v1","2839903","2840201","34","39368392"
"chr4","42334610","42334912","KN294245v1","31932","32231","31","42302678"
"chr4","42429224","42429522","KN294245v1","130909","131221","34","42298315"
"chr4","43278880","43279181","KN294245v1","1069106","1069409","43","42209774"
"chr4","43519083","43519420","KN294245v1","1354718","1355017","66","42164365"
"chr4","44122778","44123076","KN296244v1","376974","377272","47","43745804"
"chr4","44764402","44764707","KN296424v1","355130","355434","36","44409272"
"chr4","45643524","45643811","KN294911v1","2261925","2262231","51","43381599"
"chr4","45978403","45978707","KN295430v1","2487355","2487647","41","43491048"
"chr4","46539658","46539958","KN295244v1","318312","318607","48","46221346"
"chr4","47059017","47059288","KN294739v1","631813","632086","37","46427204"
"chr4","47457844","47458147","KN295523v1","556214","556518","35","46901630"
"chr4","47630832","47631149","KN295459v1","164910","165209","53","47465922"
"chr4","48858269","48858581","KN295090v1","2881719","2882025","40","45976550"
"chr4","50476802","50477093","KN296312v1","373225","373518","39","50103577"
"chr4","51411918","51412226","KN294172v1","5507104","5507398","49","45904814"
"chr4","51875029","51875105","KN294372v1","2493314","2493391","12","49381715"
"chr4","52040734","52041065","KN297205v1","435353","435667","55","51605381"
"chr4","52313145","52313451","KN295368v1","1855168","1855468","42","50457977"
"chr4","52907009","52907268","KN297403v1","3928","4192","36","52903081"
"chr4","53531164","53531461","KN297205v1","197352","197649","29","53333812"
"chr4","53549128","53549426","KN294161v1","306568","306873","38","53242560"
"chr4","53587910","53588218","KN294161v1","267117","267425","14","53320793"
"chr4","53590996","53591288","KN294161v1","264038","264324","23","53326958"
"chr4","53822023","53822306","KN294161v1","13261","13541","28","53808762"
"chr4","54055888","54056191","KN294172v1","4261970","4262272","36","49793918"
"chr4","54197325","54197625","KN296732v1","1455446","1455745","37","52741879"
"chr4","54198385","54198693","KN295717v1","1411094","1411403","33","52787291"
"chr4","54232356","54232639","KN296000v1","1001616","1001896","46","53230740"
"chr4","54240520","54240581","KN294991v1","1506488","1506548","9","52734032"
"chr4","54326531","54326830","KN294372v1","2580401","2580700","42","51746130"
"chr4","54346253","54346549","KN294842v1","959846","960139","33","53386407"
"chr4","54392134","54392424","KN296380v1","245301","245591","42","54146833"
"chr4","54469393","54469695","KN295717v1","281442","281748","36","54187951"
"chr4","54650163","54650474","KN295091v1","1951302","1951608","48","52698861"
"chr4","55399890","55400200","KN296460v1","130610","130915","44","55269280"
"chr4","55547510","55547821","KN295596v1","1380126","1380434","42","54167384"
"chr4","56267972","56268276","KN295523v1","2221436","2221738","40","54046536"
"chr4","56895843","56896159","KN294470v1","2127954","2128268","36","54767889"
"chr4","57790142","57790425","KN295236v1","4082902","4083183","30","53707240"
"chr4","59837091","59837390","KN294561v1","638195","638502","36","59198896"
"chr4","59840639","59840810","KN294561v1","634753","634925","13","59205886"
"chr4","60674475","60674717","KN296796v1","156026","156264","33","60518449"
"chr4","61681436","61681682","KN297416v1","71048","71290","40","61610388"
"chr4","62251335","62251631","KN294439v1","300738","301034","39","61950597"
"chr4","62542580","62542875","KN297008v1","5829984","5830279","34","56712596"
"chr4","62906505","62906788","KN294182v1","193047","193344","46","62713458"
"chr4","63700594","63700888","KN297197v1","4305535","4305831","30","59395059"
"chr4","63712224","63712531","KN295159v1","717764","718073","33","62994460"
"chr4","66683103","66683391","KN296770v1","78926","79217","48","66604177"
"chr4","68289189","68289495","KN295523v1","556214","556518","35","67732975"
"chr4","68314361","68314414","KN297078v1","127153","127206","7","68187208"
"chr4","68395347","68395658","KN294899v1","104983","105286","41","68290364"
"chr4","70371674","70371974","KN294443v1","739291","739598","40","69632383"
"chr4","70508149","70508429","KN295022v1","910089","910363","50","69598060"
"chr4","70859705","70859998","KN295294v1","849337","849645","43","70010368"
"chr4","71757154","71757459","KN295236v1","2465192","2465497","41","69291962"
"chr4","72303522","72303819","KN295814v1","1558400","1558704","38","70745122"
"chr4","72353806","72354093","KN296588v1","13289","13578","31","72340517"
"chr4","73406162","73406459","KN294172v1","3984255","3984554","40","69421907"
"chr4","73485344","73485651","KN296682v1","1836506","1836812","37","71648838"
"chr4","73529769","73530056","KN294421v1","1228170","1228462","41","72301599"
"chr4","73539908","73539987","KN294372v1","2493314","2493391","16","71046594"
"chr4","73675673","73675971","KN296844v1","117424","117723","38","73558249"
"chr4","73680226","73680513","KN296620v1","918824","919110","38","72761402"
"chr4","73944642","73944935","KN296311v1","3176858","3177154","41","70767784"
"chr4","74138381","74138702","KN294199v1","22718","23041","75","74115663"
"chr4","74347994","74348295","KN297197v1","4305535","4305831","34","70042459"
"chr4","74449116","74449332","KN297165v1","209140","209359","38","74239976"
"chr4","74539639","74539934","KN296311v1","5551109","5551405","37","68988530"
"chr4","74580052","74580336","KN295260v1","414258","414542","37","74165794"
"chr4","75099006","75099303","KN294439v1","300738","301034","30","74798268"
"chr4","75387008","75387305","KN294233v1","274183","274475","35","75112825"
"chr4","75821739","75822048","KN295294v1","849337","849645","37","74972402"
"chr4","76955749","76955971","KN296253v1","1347681","1347896","38","75608068"
"chr4","77969712","77969998","KN296588v1","13289","13578","32","77956423"
"chr4","78017742","78018000","KN296641v1","1210775","1211038","45","76806967"
"chr4","83888393","83888693","KN295107v1","1283723","1284018","35","82604670"
"chr4","83900886","83901134","KN295350v1","35196","35461","49","83865690"
"chr4","84195872","84196151","KN295666v1","599906","600199","42","83595966"
"chr4","84543954","84544254","KN294278v1","114843","115139","35","84429111"
"chr4","84965071","84965377","KN295459v1","634986","635295","44","84330085"
"chr4","85262315","85262610","KN294457v1","1018677","1018971","38","84243638"
"chr4","86550074","86550375","KN295420v1","192549","192848","38","86357525"
"chr4","86713032","86713298","KN296641v1","1210775","1211038","51","85502257"
"chr4","87423148","87423441","KN295114v1","252240","252533","44","87170908"
"chr4","87892016","87892313","KN296263v1","972605","972900","36","86919411"
"chr4","88790254","88790546","KN296303v1","373645","373940","34","88416609"
"chr4","89726569","89726866","KN296096v1","2342383","2342678","35","87384186"
"chr4","89807710","89807985","KN295070v1","38511","38791","33","89769199"
"chr4","89991300","89991614","KN296062v1","1513349","1513658","37","88477951"
"chr4","90207664","90207965","KN295236v1","753928","754234","52","89453736"
"chr4","90252302","90252529","KN294470v1","896036","896254","50","89356266"
"chr4","90337807","90338108","KN294292v1","269090","269388","36","90068717"
"chr4","90479202","90479397","KN294739v1","833278","833462","41","89645924"
"chr4","91026873","91027142","KN296109v1","1150977","1151256","43","89875896"
"chr4","91147430","91147708","KN295352v1","59329","59611","37","91088101"
"chr4","91187064","91187363","KN296025v1","207864","208148","54","90979200"
"chr4","91200091","91200382","KN296025v1","195127","195419","26","91004964"
"chr4","91379877","91380176","KN296311v1","3176858","3177154","35","88203019"
"chr4","91615096","91615398","KN296311v1","5551109","5551405","35","86063987"
"chr4","91691419","91691712","KN297165v1","3298693","3298988","34","88392726"
"chr4","91788473","91788780","KN294181v1","1655832","1656144","41","90132641"
"chr4","91955467","91955764","KN297008v1","400368","400667","33","91555099"
"chr4","92109857","92110146","KN297210v1","27992","28292","33","92081865"
"chr4","92470818","92471136","KN296485v1","176756","177062","50","92294062"
"chr4","92781693","92781992","KN295368v1","1855168","1855468","41","90926525"
"chr4","93102319","93102625","KN294181v1","1655832","1656144","43","91446487"
"chr4","95324506","95324788","KN295371v1","312819","313104","38","95011687"
"chr4","95928260","95928480","KN295523v1","3140974","3141195","29","92787286"
"chr4","97722331","97722619","KN297026v1","205762","206051","37","97516569"
"chr4","97729517","97729820","KN295375v1","114875","115176","39","97614642"
"chr4","97789288","97789600","KN297095v1","1635195","1635505","32","96154093"
"chr4","98265278","98265583","KN294874v1","113910","114212","34","98151368"
"chr4","98747945","98748251","KN295936v1","797665","797975","47","97950280"
"chr4","101205614","101205919","KN296486v1","163955","164261","37","101041659"
"chr4","101982433","101982737","KN295441v1","1262105","1262411","47","100720328"
"chr4","102127302","102127588","KN295929v1","133520","133795","31","101993782"
"chr4","102150214","102150499","KN295260v1","414258","414542","36","101735956"
"chr4","102283438","102283738","KN295533v1","2478184","2478484","42","99805254"
"chr4","102296008","102296303","KN294366v1","365534","365828","34","101930474"
"chr4","103095042","103095342","KN296829v1","742734","743036","21","102352308"
"chr4","103208472","103208764","KN294172v1","5183828","5184128","49","98024644"
"chr4","103937201","103937307","KN297203v1","1813239","1813340","21","102123962"
"chr4","105124795","105125086","KN295974v1","3082015","3082303","39","102042780"
"chr4","105870149","105870459","KN296311v1","7732786","7733096","46","98137363"
"chr4","105976459","105976787","KN297048v1","305838","306132","84","105670621"
"chr4","106851060","106851370","KN296086v1","333559","333867","32","106517501"
"chr4","108047574","108047869","KN296820v1","273281","273569","33","107774293"
"chr4","108127358","108127644","KN294251v1","2714950","2715231","35","105412408"
"chr4","108765982","108766298","KN295523v1","556214","556518","44","108209768"
"chr4","109221746","109222055","KN296322v1","2331544","2331850","45","106890202"
"chr4","109548148","109548455","KN294172v1","5329301","5329600","37","104218847"
"chr4","110039979","110040286","KN294767v1","520155","520468","50","109519824"
"chr4","110303550","110303847","KN296278v1","292330","292629","35","110011220"
"chr4","111383500","111383799","KN297150v1","132808","133106","20","111250692"
"chr4","111771062","111771365","KN295523v1","556214","556518","35","111214848"
"chr4","112760081","112760382","KN297398v1","167664","167967","21","112592417"
"chr4","113111188","113111491","KN297227v1","1013431","1013731","33","112097757"
"chr4","113241471","113241762","KN296508v1","1861452","1861744","30","111380019"
"chr4","113593064","113593375","KN296311v1","5345840","5346147","39","108247224"
"chr4","114702393","114702701","KN294187v1","348608","348909","47","114353785"
"chr4","114878269","114878567","KN297133v1","1092172","1092463","38","113786097"
"chr4","115152598","115152907","KN296062v1","1513349","1513658","40","113639249"
"chr4","115345521","115345819","KN294172v1","4261970","4262272","37","111083551"
"chr4","115348317","115348627","KN296743v1","245342","245652","33","115102975"
"chr4","115558772","115559079","KN296743v1","245342","245652","36","115313430"
"chr4","115714194","115714495","KN297293v1","497776","498076","41","115216418"
"chr4","115797674","115797984","KN296864v1","3336609","3336911","40","112461065"
"chr4","115945651","115945946","KN296303v1","373645","373940","31","115572006"
"chr4","116231193","116231483","KN295236v1","3645629","3645922","38","112585564"
"chr4","116254877","116255193","KN294874v1","417401","417713","46","115837476"
"chr4","117117302","117117598","KN294790v1","51287","51583","34","117066015"
"chr4","120724451","120724716","KN296609v1","236661","236935","39","120487790"
"chr4","123818301","123818613","KN295405v1","356810","357116","42","123461491"
"chr4","124594902","124595208","KN296096v1","1356513","1356824","35","123238389"
"chr4","126377864","126378136","KN296035v1","844275","844552","52","125533589"
"chr4","126539151","126539457","KN296138v1","116453","116753","39","126422698"
"chr4","126570703","126570998","KN295045v1","1002653","1002946","35","125568050"
"chr4","126576339","126576638","KN295356v1","793889","794175","32","125782450"
"chr4","127785323","127785630","KN296865v1","1933794","1934101","46","125851529"
"chr4","128466963","128467083","KN294175v1","151478","151601","19","128315485"
"chr4","128607961","128608262","KN294172v1","4261970","4262272","35","124345991"
"chr4","129742881","129743171","KN295236v1","612873","613167","33","129130008"
"chr4","130010824","130011134","KN295294v1","849337","849645","37","129161487"
"chr4","131255085","131255387","KN295596v1","3080087","3080384","32","128174998"
"chr4","131335704","131335986","KN294526v1","655224","655504","43","130680480"
"chr4","131695985","131696277","KN296311v1","5551109","5551405","36","126144876"
"chr4","131934782","131934858","KN295692v1","1885548","1885632","13","130049234"
"chr4","132137151","132137434","KN296290v1","830757","831038","36","131306394"
"chr4","132188566","132188872","KN296303v1","354473","354769","76","131834093"
"chr4","132282885","132283214","KN294521v1","524915","525214","59","131757970"
"chr4","134055390","134055462","KN296849v1","927971","928048","18","133127419"
"chr4","134570160","134570446","KN294470v1","2983090","2983380","42","131587070"
"chr4","134579108","134579407","KN296096v1","1838666","1838962","36","132740442"
"chr4","134617882","134618162","KN297138v1","230274","230565","44","134387608"
"chr4","134669729","134670030","KN297375v1","245323","245624","52","134424406"
"chr4","134822789","134823087","KN296119v1","141510","141802","44","134681279"
"chr4","135220719","135220854","KN294451v1","163074","163214","22","135057645"
"chr4","136061532","136061844","KN296004v1","40917","41230","45","136020615"
"chr4","136350746","136351053","KN297047v1","2397344","2397638","59","133953402"
"chr4","138091869","138092182","KN295236v1","1883860","1884167","41","136208009"
"chr4","138232963","138233252","KN295077v1","426667","426954","44","137806296"
"chr4","138460314","138460609","KN295244v1","451775","452068","41","138008539"
"chr4","138733134","138733416","KN297320v1","1622296","1622585","43","137110838"
"chr4","139522119","139522452","KN297046v1","2009321","2009632","61","137512798"
"chr4","139689471","139689784","KN295907v1","1622346","1622658","39","138067125"
"chr4","139807167","139807458","KN295244v1","318312","318607","33","139488855"
"chr4","140967616","140967874","KN297442v1","2402497","2402757","45","138565119"
"chr4","141870823","141871109","KN296732v1","3671264","3671550","40","138199559"
"chr4","142477490","142477797","KN295523v1","556214","556518","31","141921276"
"chr4","142702144","142702444","KN296743v1","2012835","2013130","35","140689309"
"chr4","142823029","142823350","KN296948v1","336769","337079","58","142486260"
"chr4","142982864","142983177","KN294457v1","1018677","1018971","52","141964187"
"chr4","143043386","143043688","KN295523v1","3127085","3127384","41","139916301"
"chr4","143071086","143071303","KN296096v1","1022667","1022879","62","142048419"
"chr4","143219220","143219527","KN294493v1","393207","393512","40","142826013"
"chr4","143444230","143444534","KN297444v1","360314","360617","35","143083916"
"chr4","143614090","143614385","KN294457v1","1018677","1018971","44","142595413"
"chr4","143665510","143665805","KN296263v1","1122104","1122397","30","142543406"
"chr4","143680025","143680330","KN296157v1","1352514","1352819","42","142327511"
"chr4","144279332","144279610","KN294987v1","1615569","1615864","50","142663763"
"chr4","144355688","144355807","KN295735v1","463489","463612","21","143892199"
"chr4","144710700","144710984","KN295260v1","414258","414542","36","144296442"
"chr4","144861647","144861937","KN294662v1","177705","178001","37","144683942"
"chr4","145215734","145216015","KN297349v1","521071","521366","34","144694663"
"chr4","145442504","145442771","KN297349v1","292750","293018","29","145149754"
"chr4","145926003","145926282","KN294893v1","439595","439874","41","145486408"
"chr4","146985097","146985338","KN296108v1","1008472","1008714","33","145976625"
"chr4","147138799","147139090","KN295814v1","1105297","1105592","32","146033502"
"chr4","148263828","148264142","KN295671v1","216235","216540","38","148047593"
"chr4","149216971","149217275","KN294210v1","412992","413304","30","148803979"
"chr4","149244572","149244880","KN294210v1","442910","443216","38","148801662"
"chr4","149727038","149727337","KN295107v1","1283723","1284018","37","148443315"
"chr4","149795816","149796121","KN294325v1","671385","671685","37","149124431"
"chr4","150808890","150809178","KN295761v1","108212","108492","33","150700678"
"chr4","151103286","151103592","KN295596v1","1653699","1653998","42","149449587"
"chr4","151417354","151417662","KN294992v1","241101","241411","23","151176253"
"chr4","151566706","151567014","KN294992v1","101231","101532","37","151465475"
"chr4","151652490","151652569","KN294172v1","2491576","2491646","19","149160914"
"chr4","151652862","151653096","KN296538v1","326328","326563","33","151326534"
"chr4","151658479","151658785","KN294992v1","14349","14658","32","151644130"
"chr4","151822246","151822505","KN296460v1","555357","555613","63","151266889"
"chr4","152042114","152042414","KN296312v1","373225","373518","36","151668889"
"chr4","152088593","152088905","KN296312v1","419775","420082","32","151668818"
"chr4","152651231","152651531","KN297279v1","1239283","1239580","35","151411948"
"chr4","152928069","152928367","KN296303v1","373645","373940","42","152554424"
"chr4","153911518","153911796","KN294281v1","1346508","1346791","31","152565010"
"chr4","154020883","154021183","KN294281v1","1477054","1477353","45","152543829"
"chr4","154480746","154481030","KN295573v1","1209164","1209448","42","153271582"
"chr4","154606984","154607262","KN296000v1","1093131","1093411","42","153513853"
"chr4","154906371","154906666","KN296311v1","5551109","5551405","33","149355262"
"chr4","155310836","155311131","KN296964v1","747921","748217","23","154562915"
"chr4","155475660","155475950","KN294245v1","98484","98770","37","155377176"
"chr4","155851595","155851892","KN296964v1","196664","196981","40","155654931"
"chr4","155865869","155866163","KN296547v1","1021222","1021514","31","154844647"
"chr4","155933370","155933682","KN296009v1","976422","976743","63","154956948"
"chr4","156305088","156305375","KN294439v1","300738","301034","44","156004350"
"chr4","157187806","157188098","KN296502v1","101034","101331","40","157086772"
"chr4","157508233","157508525","KN296635v1","126740","127032","42","157381493"
"chr4","157605314","157605608","KN295666v1","599906","600199","29","157005408"
"chr4","157736819","157737128","KN294266v1","416253","416561","36","157320566"
"chr4","158431928","158432228","KN294964v1","1668257","1668556","36","156763671"
"chr4","159255657","159255962","KN294387v1","3050275","3050564","54","156205382"
"chr4","160055468","160055775","KN295294v1","849337","849645","36","159206131"
"chr4","160986463","160986758","KN296520v1","1624939","1625235","41","159361524"
"chr4","162364025","162364331","KN295433v1","491311","491615","45","161872714"
"chr4","162417698","162417996","KN296036v1","1045194","1045490","35","161372504"
"chr4","162688288","162688346","KN295586v1","729787","729848","9","161958501"
"chr4","162697584","162697874","KN295666v1","599906","600199","37","162097678"
"chr4","162995482","162995773","KN295474v1","1031506","1031797","35","161963976"
"chr4","163258271","163258445","KN296932v1","69753","69926","31","163188518"
"chr4","163258744","163258878","KN294540v1","553483","553617","8","162705261"
"chr4","163332288","163332588","KN296594v1","636925","637224","37","162695363"
"chr4","163532387","163532716","KN294540v1","277548","277876","36","163254839"
"chr4","163617604","163617902","KN294540v1","194556","194859","32","163423048"
"chr4","163644048","163644359","KN294378v1","424125","424437","44","163219923"
"chr4","164970773","164971068","KN295244v1","318312","318607","31","164652461"
"chr4","165465504","165465804","KN296498v1","392214","392512","44","165073290"
"chr4","165822868","165823170","KN295596v1","1653699","1653998","39","164169169"
"chr4","166048500","166048809","KN295294v1","849337","849645","42","165199163"
"chr4","166103291","166103589","KN295523v1","556214","556518","44","165547077"
"chr4","166184372","166184681","KN294172v1","4261970","4262272","46","161922402"
"chr4","166604862","166605171","KN297008v1","1691093","1691401","42","164913769"
"chr4","167098331","167098546","KN297112v1","3923306","3923518","29","163175025"
"chr4","167551774","167552072","KN295236v1","3645629","3645922","38","163906145"
"chr4","168798111","168798424","KN296865v1","1933794","1934101","37","166864317"
"chr4","169108776","169109078","KN295758v1","1090528","1090830","22","168018248"
"chr4","169186663","169186973","KN295758v1","998298","998613","34","168188365"
"chr4","169234327","169234620","KN294705v1","2200725","2201020","37","167033602"
"chr4","169563687","169563976","KN295758v1","642966","643255","29","168920721"
"chr4","169834368","169834652","KN296833v1","353722","354006","35","169480646"
"chr4","169905669","169905979","KN295758v1","293566","293879","33","169612103"
"chr4","169977093","169977245","KN296732v1","1737795","1737950","24","168239298"
"chr4","170217644","170217946","KN296311v1","5551109","5551405","36","164666535"
"chr4","170331028","170331332","KN295090v1","2881719","2882025","37","167449309"
"chr4","170995194","170995477","KN296833v1","353722","354006","39","170641472"
"chr4","171017557","171017854","KN296422v1","129610","129905","32","170887947"
"chr4","171077617","171077928","KN294443v1","739291","739598","39","170338326"
"chr4","172714892","172715194","KN295533v1","2478184","2478484","39","170236708"
"chr4","172778215","172778514","KN294365v1","873601","873907","34","171904614"
"chr4","172830049","172830355","KN294443v1","739291","739598","29","172090758"
"chr4","172832249","172832486","KN294728v1","1005079","1005298","57","171827170"
"chr4","172832780","172832872","KN295402v1","1251986","1252075","23","171580794"
"chr4","172926437","172926738","KN296520v1","1624939","1625235","38","171301498"
"chr4","172995020","172995324","KN294439v1","300738","301034","39","172694282"
"chr4","173209132","173209438","KN295523v1","2221436","2221738","37","170987696"
"chr4","173333974","173334241","KN294893v1","439595","439874","50","172894379"
"chr4","173647542","173647838","KN297259v1","851931","852224","38","172795611"
"chr4","173825315","173825621","KN295607v1","4189882","4190189","23","169635433"
"chr4","173869753","173870047","KN297141v1","152542","152844","36","173717211"
"chr4","173914245","173914543","KN295368v1","1855168","1855468","38","172059077"
"chr4","174083284","174083596","KN295607v1","3940485","3940785","60","170142799"
"chr4","174346070","174346365","KN295607v1","3681967","3682250","43","170664103"
"chr4","175060316","175060616","KN295607v1","2991610","2991908","31","172068706"
"chr4","175175085","175175387","KN296311v1","5551109","5551405","37","169623976"
"chr4","175680909","175681228","KN296749v1","264936","265241","73","175415973"
"chr4","175951613","175951910","KN295607v1","2026305","2026600","31","173925308"
"chr4","177414717","177415021","KN295607v1","709986","710290","45","176704731"
"chr4","177578970","177579090","KN294224v1","992538","992641","35","176586432"
"chr4","177912479","177912743","KN295607v1","207986","208253","37","177704493"
"chr4","179119790","179120080","KN294421v1","1228170","1228462","40","177891620"
"chr4","179601229","179601521","KN294592v1","1407123","1407409","37","178194106"
"chr4","180092196","180092487","KN295666v1","599906","600199","45","179492290"
"chr4","180417211","180417524","KN297047v1","2103989","2104301","46","178313222"
"chr4","180581784","180582124","KN295735v1","162135","162470","66","180419649"
"chr4","180596825","180597128","KN296682v1","4003280","4003585","34","176593545"
"chr4","180706688","180706986","KN295077v1","388250","388549","34","180318438"
"chr4","180741866","180742178","KN295236v1","467891","468202","46","180273975"
"chr4","180742569","180742719","KN296153v1","1325304","1325453","29","179417265"
"chr4","181881762","181882071","KN296062v1","1513349","1513658","41","180368413"
"chr4","182981497","182981779","KN294777v1","658614","658896","39","182322883"
"chr4","183389813","183390119","KN295633v1","300161","300472","45","183089652"
"chr4","183883224","183883515","KN296119v1","5183586","5183875","37","178699638"
"chr4","184340124","184340239","KN296233v1","177960","178079","11","184162164"
"chr4","184689527","184689829","KN295107v1","1283723","1284018","37","183405804"
"chr4","184784652","184784955","KN297165v1","3298693","3298988","45","181485959"
"chr4","184920230","184920526","KN294172v1","2441614","2441913","42","182478616"
"chr4","185992305","185992462","KN296654v1","153614","153769","25","185838691"
"chr4","185992496","185992626","KN295257v1","96981","97109","16","185895515"
"chr4","186078058","186078348","KN294456v1","620364","620653","38","185457694"
"chr4","186459653","186459941","KN296096v1","2743314","2743604","35","183716339"
"chr4","186599917","186600202","KN295666v1","599906","600199","42","186000011"
"chr4","186794612","186794924","KN296743v1","245342","245652","39","186549270"
"chr4","186846358","186846686","KN296435v1","2563437","2563748","64","184282921"
"chr4","187510044","187510342","KN295371v1","312819","313104","52","187197225"
"chr4","187727587","187727683","KN296306v1","3337541","3337633","18","184390046"
"chr4","188025848","188026146","KN294182v1","193047","193344","34","187832801"
"chr4","188045990","188046324","KN294470v1","2127954","2128268","55","185918036"
"chr4","188051314","188051446","KN296977v1","64263","64393","24","187987051"
"chr4","188083654","188083955","KN297112v1","5826102","5826396","39","182257552"
"chr4","188222228","188222539","KN296883v1","926230","926542","36","187295998"
"chr4","188248645","188248962","KN294372v1","1365841","1366147","47","186882804"
"chr4","188345140","188345424","KN297444v1","360314","360617","43","187984826"
"chr4","188454053","188454365","KN296743v1","245342","245652","35","188208711"
"chr4","188546136","188546425","KN294457v1","1018677","1018971","36","187527459"
"chr4","188600306","188600599","KN296921v1","2850553","2850841","34","185749753"
"chr4","188932671","188933003","KN295671v1","216235","216540","60","188716436"
"chr4","189042360","189042651","KN295706v1","150980","151270","30","188891380"
"chr4","189050310","189050606","KN296635v1","126740","127032","44","188923570"
"chr4","189050666","189050936","KN297046v1","2855852","2856127","38","186194814"
"chr4","189555215","189555382","KN297274v1","750745","750899","33","188804470"
"chr4","190291557","190291866","KN295294v1","849337","849645","31","189442220"
"chr4","190457924","190458207","KN295368v1","958379","958665","42","189499545"
"chr4","190472378","190472683","KN295294v1","849337","849645","36","189623041"
"chr4","190534263","190534551","KN294987v1","346285","346567","38","190187978"
"chr4","190686786","190687082","KN295633v1","161032","161323","41","190525754"
"chr4","190929904","190930202","KN294949v1","669778","670078","35","190260126"
"chr4","191829996","191830324","KN296538v1","110885","111207","50","191719111"
"chr4","192412495","192412807","KN294767v1","520155","520468","47","191892340"
"chr4","192446146","192446428","KN297095v1","1167761","1168047","45","191278385"
"chr4","192467611","192467913","KN295017v1","163423","163725","35","192304188"
"chr4","192537662","192537954","KN295633v1","772567","772864","48","191765095"
"chr4","192545335","192545645","KN295090v1","2881719","2882025","45","189663616"
"chr4","192601995","192602298","KN294325v1","671385","671685","39","191930610"
"chr4","192787412","192787719","KN296743v1","245342","245652","34","192542070"
"chr4","192993912","192994206","KN294457v1","1018677","1018971","36","191975235"
"chr4","193012441","193012741","KN294325v1","671385","671685","40","192341056"
"chr4","193341617","193341926","KN294407v1","707064","707376","41","192634553"
"chr4","193657885","193658172","KN294987v1","346285","346567","43","193311600"
"chr4","195388924","195389224","KN295671v1","216235","216540","48","195172689"
"chr4","195598130","195598432","KN295236v1","793983","794296","51","194804147"
"chr4","195795926","195796235","KN295480v1","2008304","2008614","49","193787622"
"chr5","121503459","121503757","KN295205v1","936165","936460","37","120567294"
"chr5","400634","400927","KN295330v1","13483","13780","27","387151"
"chr5","458092","458404","KN296743v1","245342","245652","36","212750"
"chr5","972110","972407","KN296311v1","5551109","5551405","33","4578999"
"chr5","1316237","1316548","KN295090v1","2881719","2882025","41","1565482"
"chr5","1465528","1465787","KN294761v1","1769883","1770150","38","304355"
"chr5","2030884","2031154","KN296381v1","386660","386925","44","1644224"
"chr5","2416330","2416597","KN294387v1","2084516","2084785","44","331814"
"chr5","2513644","2513930","KN296732v1","2992338","2992633","50","478694"
"chr5","2894392","2894692","KN295107v1","1283723","1284018","40","1610669"
"chr5","4338989","4339283","KN296287v1","90153","90446","39","4248836"
"chr5","5327802","5328102","KN296508v1","20473","20772","37","5307329"
"chr5","5857559","5857861","KN294790v1","51287","51583","39","5806272"
"chr5","6009740","6010049","KN295869v1","611129","611435","43","5398611"
"chr5","6548157","6548418","KN296453v1","1428497","1428753","41","5119660"
"chr5","7087352","7087561","KN295236v1","2103800","2104006","42","4983552"
"chr5","7825412","7825723","KN295294v1","849337","849645","36","6976075"
"chr5","8969930","8970216","KN297105v1","2623818","2624102","38","6346112"
"chr5","9455906","9456201","KN295596v1","66567","66857","47","9389339"
"chr5","9990378","9990659","KN294758v1","2817592","2817886","39","7172786"
"chr5","10657921","10658269","KN294271v1","443034","443363","59","10214887"
"chr5","10723957","10724271","KN296063v1","634869","635182","42","10089088"
"chr5","10741157","10741460","KN295894v1","2318578","2318877","33","8422579"
"chr5","10774590","10774900","KN294758v1","2027250","2027565","26","8747340"
"chr5","10924093","10924384","KN294758v1","1869212","1869504","36","9054881"
"chr5","11350144","11350449","KN294758v1","1430270","1430569","38","9919874"
"chr5","11529409","11529713","KN295893v1","178302","178608","41","11351107"
"chr5","11798983","11799264","KN295459v1","140500","140772","43","11658483"
"chr5","11996476","11996754","KN297046v1","2855852","2856127","29","9140624"
"chr5","13631907","13632195","KN296225v1","56780","57057","47","13575127"
"chr5","14201627","14201921","KN295666v1","599906","600199","32","13601721"
"chr5","14240405","14240702","KN296484v1","1016396","1016694","27","13224009"
"chr5","14758934","14759225","KN295666v1","599906","600199","40","14159028"
"chr5","14937401","14937683","KN297171v1","2491493","2491777","28","12445908"
"chr5","15552548","15552858","KN296743v1","245342","245652","48","15307206"
"chr5","15731426","15731721","KN297171v1","3321108","3321407","35","12410318"
"chr5","15763264","15763577","KN294172v1","6901602","6901916","44","8861662"
"chr5","16251249","16251541","KN297171v1","3842175","3842475","26","12409074"
"chr5","17144472","17144736","KN297121v1","161380","161653","44","16983092"
"chr5","17247199","17247498","KN295107v1","1283723","1284018","42","15963476"
"chr5","17286874","17287188","KN294446v1","911552","911862","35","16375322"
"chr5","18070567","18070881","KN295705v1","662266","662578","43","17408301"
"chr5","18106175","18106471","KN297452v1","704156","704453","41","17402019"
"chr5","18236540","18236813","KN295907v1","1929142","1929405","42","16307398"
"chr5","19769851","19769970","KN294365v1","891816","891939","24","18878035"
"chr5","19822837","19823131","KN296311v1","5551109","5551405","28","14271728"
"chr5","19883531","19883795","KN294235v1","266788","267059","43","19616743"
"chr5","20747334","20747620","KN296588v1","13289","13578","38","20734045"
"chr5","21421589","21421899","KN296783v1","81025","81324","36","21340564"
"chr5","23925769","23925913","KN295871v1","1133038","1133184","27","22792731"
"chr5","24270380","24270690","KN296608v1","115683","115986","32","24154697"
"chr5","24714812","24715122","KN294874v1","417401","417713","36","24297411"
"chr5","24939356","24939650","KN296588v1","13289","13578","40","24926067"
"chr5","25130486","25130782","KN295361v1","520718","521015","40","24609768"
"chr5","25221235","25221545","KN296404v1","1840967","1841270","51","23380268"
"chr5","25739200","25739540","KN296557v1","1006318","1006652","58","24732882"
"chr5","26348539","26348838","KN295591v1","1042086","1042388","57","25306453"
"chr5","27317397","27317705","KN296180v1","1884395","1884694","49","25433002"
"chr5","27956442","27956732","KN296508v1","1861452","1861744","41","26094990"
"chr5","28131982","28132261","KN297008v1","2762343","2762623","35","25369639"
"chr5","28418792","28419082","KN295633v1","161032","161323","40","28257760"
"chr5","29464195","29464475","KN297153v1","1265711","1265994","44","28198484"
"chr5","30960711","30961014","KN295420v1","192549","192848","50","30768162"
"chr5","31851616","31851905","KN296153v1","3236501","3236782","49","28615115"
"chr5","32438791","32439106","KN296191v1","1483522","1483838","42","30955269"
"chr5","32622284","32622588","KN296495v1","2280841","2281148","43","30341443"
"chr5","32633663","32633971","KN297444v1","657624","657928","37","31976039"
"chr5","33295009","33295288","KN296079v1","1743565","1743846","37","31551444"
"chr5","33385768","33386068","KN294182v1","193047","193344","34","33192721"
"chr5","33413688","33413999","KN295368v1","1855168","1855468","37","31558520"
"chr5","33682478","33682783","KN295260v1","1994855","1995163","39","31687623"
"chr5","33740104","33740413","KN297259v1","42351","42660","37","33697753"
"chr5","33785793","33786080","KN297452v1","3139780","3140070","36","30646013"
"chr5","33822771","33823084","KN294210v1","412992","413304","45","33409779"
"chr5","33940352","33940653","KN296732v1","1455446","1455745","35","32484906"
"chr5","34140318","34140615","KN296422v1","129610","129905","33","34010708"
"chr5","34209264","34209571","KN296594v1","636925","637224","34","33572339"
"chr5","34303407","34303710","KN296062v1","1571490","1571788","34","32731917"
"chr5","34898050","34898355","KN295294v1","849337","849645","46","34048713"
"chr5","34988451","34988761","KN297444v1","360314","360617","39","34628137"
"chr5","35075492","35075777","KN297105v1","2623818","2624102","36","32451674"
"chr5","35124843","35125139","KN296635v1","126740","127032","39","34998103"
"chr5","35240747","35241020","KN295706v1","445761","446040","38","34794986"
"chr5","35273024","35273315","KN296594v1","833735","834026","40","34439289"
"chr5","35443149","35443458","KN294372v1","1256417","1256721","38","34186732"
"chr5","35600574","35600878","KN297453v1","222858","223160","41","35377716"
"chr5","35727088","35727373","KN297112v1","5826102","5826396","39","29900986"
"chr5","35897558","35897864","KN294499v1","1816307","1816606","53","34081251"
"chr5","36050845","36051140","KN295102v1","291073","291373","30","35759772"
"chr5","36209092","36209395","KN295708v1","1471221","1471525","39","34737871"
"chr5","36258400","36258710","KN297047v1","2103989","2104301","36","34154411"
"chr5","36537145","36537446","KN295633v1","1132130","1132430","36","35405015"
"chr5","36660955","36661251","KN295637v1","374033","374325","29","36286922"
"chr5","36661343","36661643","KN296305v1","568169","568467","31","36093174"
"chr5","36667991","36668299","KN295637v1","380266","380573","25","36287725"
"chr5","36759052","36759356","KN294536v1","431967","432266","46","36327085"
"chr5","37173193","37173502","KN295637v1","880838","881149","27","36292355"
"chr5","37182926","37183235","KN295637v1","890393","890699","27","36292533"
"chr5","37200694","37200978","KN295586v1","1950719","1950998","38","35249975"
"chr5","37640782","37641079","KN296594v1","636925","637224","35","37003857"
"chr5","37711189","37711483","KN295666v1","599906","600199","30","37111283"
"chr5","39070690","39071006","KN294443v1","739291","739598","41","38331399"
"chr5","39090912","39091214","KN295077v1","388250","388549","40","38702662"
"chr5","39616716","39617016","KN295090v1","583930","584231","38","39032786"
"chr5","39736229","39736513","KN294439v1","300738","301034","38","39435491"
"chr5","40373794","40374106","KN294208v1","594903","595207","39","39778891"
"chr5","40532630","40532914","KN295573v1","1209164","1209448","38","39323466"
"chr5","40596768","40597061","KN294842v1","959846","960139","39","39636922"
"chr5","40824331","40824635","KN297442v1","1643699","1644000","40","39180632"
"chr5","40838070","40838388","KN297141v1","152542","152844","48","40685528"
"chr5","41045937","41046236","KN294290v1","8955","9255","37","41036982"
"chr5","41144586","41144892","KN294239v1","486838","487140","22","40657748"
"chr5","41370410","41370697","KN295923v1","639205","639493","28","40731205"
"chr5","42239920","42240206","KN294407v1","2623542","2623823","38","39616378"
"chr5","42404079","42404373","KN296062v1","1571490","1571788","48","40832589"
"chr5","42464997","42465208","KN295523v1","3140974","3141195","36","39324023"
"chr5","42511593","42511867","KN294761v1","1769883","1770150","38","40741710"
"chr5","42764062","42764382","KN294239v1","2135990","2136291","43","40628072"
"chr5","42888149","42888442","KN295666v1","599906","600199","35","42288243"
"chr5","42914831","42915129","KN295236v1","2465192","2465497","39","40449639"
"chr5","42919059","42919363","KN294443v1","739291","739598","35","42179768"
"chr5","42927687","42927991","KN294172v1","3984255","3984554","35","38943432"
"chr5","42970666","42970954","KN295474v1","569694","569984","40","42400972"
"chr5","43521364","43521661","KN297047v1","4442061","4442354","37","39079303"
"chr5","43740092","43740361","KN294472v1","244757","245027","47","43495335"
"chr5","43807708","43808019","KN295236v1","753928","754234","37","43053780"
"chr5","45895639","45895952","KN297197v1","826059","826368","44","45069580"
"chr5","46061174","46061473","KN296609v1","295796","296099","32","45765378"
"chr5","46184309","46184607","KN295596v1","3080087","3080384","42","43104222"
"chr5","46276125","46276430","KN296158v1","42951","43250","49","46233174"
"chr5","46436860","46436954","KN295705v1","657665","657751","18","45779195"
"chr5","46521420","46521708","KN296588v1","13289","13578","36","46508131"
"chr5","47380528","47380816","KN297180v1","374964","375232","60","47005564"
"chr5","47565126","47565433","KN295294v1","849337","849645","35","46715789"
"chr5","48097661","48097960","KN295368v1","1855168","1855468","40","46242493"
"chr5","48246803","48247081","KN294987v1","538565","538859","48","47708238"
"chr5","49329615","49329918","KN295523v1","2221436","2221738","43","47108179"
"chr5","49900171","49900473","KN297320v1","1622296","1622585","44","48277875"
"chr5","49967620","49967888","KN296210v1","227891","228160","28","49739729"
"chr5","50613842","50614147","KN295962v1","1449992","1450292","32","49163850"
"chr5","51456440","51456736","KN295244v1","318312","318607","33","51138128"
"chr5","53019557","53019845","KN297121v1","161380","161653","51","52858177"
"chr5","54878413","54878529","KN295667v1","1196716","1196821","20","53681697"
"chr5","55352097","55352225","KN295281v1","224393","224522","25","55127704"
"chr5","55441899","55442186","KN295923v1","639205","639493","31","54802694"
"chr5","56055903","56056184","KN296108v1","337838","338115","43","55718065"
"chr5","56143727","56144043","KN295601v1","1027765","1028072","53","55115962"
"chr5","56401104","56401410","KN296062v1","1958978","1959286","41","54442126"
"chr5","56594700","56595011","KN297205v1","435353","435667","38","56159347"
"chr5","57053721","57054033","KN294289v1","271244","271551","22","56782477"
"chr5","57381271","57381579","KN295633v1","672161","672469","41","56709110"
"chr5","57888646","57888949","KN294911v1","2469693","2469997","41","55418953"
"chr5","58424844","58425160","KN295236v1","2465192","2465497","53","55959652"
"chr5","58448029","58448167","KN294443v1","559721","559853","16","57888308"
"chr5","58448459","58448587","KN294874v1","26624","26752","28","58421835"
"chr5","58466261","58466555","KN294439v1","300738","301034","43","58165523"
"chr5","58531333","58531641","KN296062v1","1513349","1513658","37","57017984"
"chr5","58597350","58597647","KN294842v1","959846","960139","36","57637504"
"chr5","58970873","58971168","KN296588v1","13289","13578","35","58957584"
"chr5","58985289","58985592","KN295090v1","2881719","2882025","34","56103570"
"chr5","59695408","59695710","KN296460v1","130610","130915","37","59564798"
"chr5","59698738","59699027","KN294745v1","54863","55159","47","59643875"
"chr5","59701383","59701685","KN296381v1","517426","517720","38","59183957"
"chr5","59926540","59926847","KN296322v1","2331544","2331850","41","57594996"
"chr5","59986954","59987060","KN297354v1","262541","262645","17","59724413"
"chr5","60027323","60027625","KN296406v1","90170","90475","38","59937153"
"chr5","60224925","60225204","KN294181v1","1812992","1813276","39","58411933"
"chr5","60370456","60370749","KN295984v1","2500308","2500598","39","57870148"
"chr5","60379713","60380020","KN294439v1","300738","301034","44","60078975"
"chr5","60708728","60709041","KN296865v1","1933794","1934101","36","58774934"
"chr5","61106304","61106613","KN294443v1","739291","739598","40","60367013"
"chr5","61116558","61116862","KN295365v1","294006","294312","39","60822552"
"chr5","62745150","62745462","KN297205v1","435353","435667","38","62309797"
"chr5","62763713","62763852","KN295241v1","78815","78952","43","62684898"
"chr5","63369281","63369581","KN295692v1","2294119","2294418","48","61075162"
"chr5","63747989","63748285","KN294834v1","348291","348603","31","63399698"
"chr5","64663946","64664248","KN295721v1","401344","401628","41","64262602"
"chr5","64676114","64676398","KN294893v1","439595","439874","47","64236519"
"chr5","64965029","64965342","KN296153v1","2939571","2939879","50","62025458"
"chr5","64996766","64997058","KN295102v1","20527","20821","42","64976239"
"chr5","70637904","70638177","KN297046v1","2855852","2856127","37","67782052"
"chr5","70867869","70868199","KN296538v1","2254750","2255046","77","68613119"
"chr5","71797701","71797993","KN295045v1","1002653","1002946","40","70795048"
"chr5","72040995","72041297","KN295450v1","153301","153603","30","71887694"
"chr5","72224351","72224643","KN295706v1","150980","151270","32","72073371"
"chr5","72267773","72268070","KN295244v1","318312","318607","35","71949461"
"chr5","72292295","72292433","KN295571v1","562365","562494","25","71729930"
"chr5","73607038","73607333","KN294457v1","1018677","1018971","36","72588361"
"chr5","74427237","74427534","KN296520v1","1624939","1625235","31","72802298"
"chr5","74544049","74544344","KN296153v1","2373972","2374265","40","72170077"
"chr5","74647778","74648079","KN294571v1","2793346","2793649","44","71854432"
"chr5","75392217","75392508","KN296422v1","129610","129905","40","75262607"
"chr5","75659288","75659608","KN296201v1","499393","499704","56","75159895"
"chr5","75758032","75758328","KN296096v1","1838666","1838962","36","73919366"
"chr5","75876602","75876973","KN295594v1","103351","103682","101","75773251"
"chr5","75888491","75888785","KN295244v1","451775","452068","35","75436716"
"chr5","76013736","76014039","KN296201v1","795517","795820","21","75218219"
"chr5","76015930","76016228","KN297444v1","360314","360617","33","75655616"
"chr5","76051406","76051722","KN295459v1","634986","635295","41","75416420"
"chr5","76168789","76169083","KN295405v1","492804","493098","41","75675985"
"chr5","76225216","76225496","KN294439v1","300738","301034","43","75924478"
"chr5","77430160","77430330","KN295533v1","1907585","1907759","25","75522575"
"chr5","77653869","77654158","KN297046v1","1054099","1054380","44","76599770"
"chr5","77892444","77892725","KN295633v1","161032","161323","39","77731412"
"chr5","78247283","78247579","KN295633v1","161032","161323","37","78086251"
"chr5","78377581","78377808","KN295102v1","1533","1765","34","78376048"
"chr5","78403416","78403713","KN294539v1","1216306","1216596","46","77187110"
"chr5","79410623","79410914","KN295706v1","150980","151270","30","79259643"
"chr5","79599098","79599337","KN296062v1","1777245","1777488","41","77821853"
"chr5","79811441","79811743","KN295424v1","559928","560225","36","79251513"
"chr5","79838820","79839084","KN296323v1","1995147","1995410","36","77843673"
"chr5","80726177","80726475","KN294439v1","300738","301034","36","80425439"
"chr5","80736723","80737007","KN296096v1","2743314","2743604","38","77993409"
"chr5","81158146","81158445","KN295666v1","1045930","1046226","32","80112216"
"chr5","81191539","81191844","KN294650v1","254184","254484","42","80937355"
"chr5","82354228","82354516","KN294457v1","1018677","1018971","45","81335551"
"chr5","82651395","82651659","KN294761v1","1769883","1770150","40","80881512"
"chr5","82937184","82937448","KN294415v1","178151","178407","43","82759033"
"chr5","82986754","82987048","KN295107v1","1283723","1284018","33","81703031"
"chr5","83201137","83201443","KN295090v1","2881719","2882025","40","80319418"
"chr5","83252019","83252303","KN295607v1","4148434","4148717","34","79103585"
"chr5","83286105","83286159","KN294456v1","660223","660265","25","82625882"
"chr5","83495808","83496110","KN295666v1","599906","600199","48","82895902"
"chr5","83664071","83664371","KN297038v1","159105","159406","35","83504966"
"chr5","83678397","83678689","KN296508v1","1861452","1861744","35","81816945"
"chr5","83835930","83836213","KN296513v1","2842459","2842744","48","80993471"
"chr5","83844200","83844480","KN294705v1","289818","290102","36","83554382"
"chr5","83885380","83885672","KN294457v1","1018677","1018971","34","82866703"
"chr5","83905405","83905712","KN294911v1","2469693","2469997","43","81435712"
"chr5","84318354","84318664","KN297453v1","222858","223160","38","84095496"
"chr5","84545125","84545411","KN295371v1","312819","313104","36","84232306"
"chr5","85751067","85751371","KN294873v1","484973","485273","43","85266094"
"chr5","85769745","85769875","KN297154v1","1772981","1773108","22","83996764"
"chr5","85770497","85770795","KN295244v1","318312","318607","40","85452185"
"chr5","85800721","85801025","KN296145v1","2944395","2944693","41","82856326"
"chr5","87680778","87681069","KN294172v1","4261970","4262272","39","83418808"
"chr5","88768388","88768536","KN297274v1","750745","750899","23","88017643"
"chr5","89274251","89274545","KN295045v1","1088023","1088324","34","88186228"
"chr5","90366183","90366485","KN294372v1","2580401","2580700","37","87785782"
"chr5","93489297","93489602","KN295260v1","1994855","1995163","48","91494442"
"chr5","94374367","94374667","KN295596v1","1653699","1653998","40","92720668"
"chr5","94809258","94809389","KN295236v1","73188","73322","17","94736070"
"chr5","94810471","94810663","KN296138v1","93122","93299","37","94717349"
"chr5","95676553","95676854","KN294172v1","4261970","4262272","41","91414583"
"chr5","95838523","95838800","KN295439v1","49145","49426","53","95789378"
"chr5","95870911","95871220","KN295744v1","299244","299554","46","95571667"
"chr5","96492373","96492654","KN294837v1","420921","421204","40","96071452"
"chr5","97418870","97419173","KN295261v1","349783","350088","35","97069087"
"chr5","97497826","97498139","KN295671v1","216235","216540","43","97281591"
"chr5","97507411","97507716","KN297154v1","624798","625094","49","96882613"
"chr5","97652206","97652513","KN294172v1","4261970","4262272","36","93390236"
"chr5","98066239","98066356","KN295735v1","463489","463612","21","97602750"
"chr5","98875417","98875715","KN296594v1","636925","637224","38","98238492"
"chr5","99897848","99898122","KN294739v1","631813","632086","34","99266035"
"chr5","100140237","100140298","KN294407v1","726854","726914","11","99413383"
"chr5","100539384","100539659","KN294456v1","1570309","1570590","42","98969075"
"chr5","101696660","101696970","KN295394v1","975651","975961","37","100721009"
"chr5","102484457","102484657","KN296322v1","586770","586970","32","101897687"
"chr5","102961914","102962227","KN295294v1","849337","849645","40","102112577"
"chr5","103462539","103462825","KN295236v1","4082902","4083183","49","99379637"
"chr5","103656217","103656393","KN294172v1","1604931","1605105","30","102051286"
"chr5","104427399","104427693","KN296885v1","2622259","2622549","32","101805140"
"chr5","104761630","104761714","KN295433v1","640621","640705","20","104121009"
"chr5","104762031","104762234","KN296885v1","2282025","2282236","32","102480006"
"chr5","104863401","104863724","KN296885v1","2168756","2169071","33","102694645"
"chr5","105231233","105231534","KN296885v1","1800319","1800625","31","103430914"
"chr5","107356604","107356915","KN296732v1","1455446","1455745","47","105901158"
"chr5","107468144","107468431","KN296833v1","353722","354006","43","107114422"
"chr5","107493931","107494249","KN297095v1","2153310","2153630","63","105340621"
"chr5","107921375","107921682","KN296743v1","245342","245652","41","107676033"
"chr5","109274999","109275288","KN296079v1","1115350","1115639","35","108159649"
"chr5","109560853","109560983","KN294536v1","1762846","1762968","24","107798007"
"chr5","109848939","109849254","KN296308v1","696395","696709","44","109152544"
"chr5","109960869","109961177","KN294991v1","2057714","2058020","38","107903155"
"chr5","111026104","111026392","KN296743v1","1727640","1727937","41","109298464"
"chr5","111208007","111208316","KN295294v1","849337","849645","44","110358670"
"chr5","112025438","112025749","KN296513v1","962012","962324","44","111063426"
"chr5","112354113","112354394","KN296620v1","918824","919110","39","111435289"
"chr5","112653049","112653324","KN295092v1","1040370","1040646","32","111612679"
"chr5","113191518","113191838","KN295090v1","841424","841742","45","112350094"
"chr5","113322949","113323268","KN296743v1","245342","245652","42","113077607"
"chr5","113656599","113656895","KN296508v1","20473","20772","35","113636126"
"chr5","113921527","113921792","KN296625v1","62627","62884","48","113858900"
"chr5","114071485","114071794","KN295441v1","1262105","1262411","40","112809380"
"chr5","114436815","114437111","KN296528v1","1485437","1485734","42","112951378"
"chr5","114825577","114825871","KN296864v1","1087186","1087472","45","113738391"
"chr5","115134342","115134634","KN295205v1","717742","718025","41","114416600"
"chr5","115556870","115557167","KN295405v1","492804","493098","40","115064066"
"chr5","116172166","116172477","KN294407v1","1806724","1807035","48","114365442"
"chr5","116232803","116233099","KN296404v1","2965711","2966008","36","113267092"
"chr5","116428077","116428377","KN295077v1","388250","388549","32","116039827"
"chr5","116513195","116513497","KN295533v1","2550969","2551279","46","113962226"
"chr5","118038498","118038792","KN295633v1","156560","156854","35","117881938"
"chr5","118656600","118656909","KN294443v1","739291","739598","41","117917309"
"chr5","119134372","119134670","KN296422v1","129610","129905","39","119004762"
"chr5","119266242","119266547","KN295596v1","1653699","1653998","47","117612543"
"chr5","119362085","119362398","KN295907v1","1622346","1622658","42","117739739"
"chr5","119473896","119474190","KN294372v1","2580401","2580700","41","116893495"
"chr5","120197283","120197325","KN296311v1","4120329","4120369","6","116076954"
"chr5","120378593","120378896","KN294372v1","2580401","2580700","41","117798192"
"chr5","120517252","120517555","KN294239v1","1743341","1743644","41","118773911"
"chr5","120524032","120524329","KN296303v1","373645","373940","39","120150387"
"chr5","120571987","120572278","KN297048v1","305838","306132","38","120266149"
"chr5","121282328","121282616","KN295706v1","150980","151270","46","121131348"
"chr5","122706927","122707049","KN295735v1","463489","463612","17","122243438"
"chr5","122745108","122745165","KN295433v1","52889","52947","7","122692219"
"chr5","122912311","122912605","KN294181v1","913596","913892","36","121998715"
"chr5","123815652","123815937","KN294705v1","929881","930175","51","122885771"
"chr5","125193668","125193982","KN294224v1","584464","584771","58","124609204"
"chr5","125501955","125502259","KN294493v1","393207","393512","39","125108748"
"chr5","125730685","125730994","KN295368v1","1059789","1060099","41","124670896"
"chr5","126014195","126014492","KN297319v1","314657","314952","34","125699538"
"chr5","127156094","127156402","KN295350v1","287012","287321","42","126869082"
"chr5","127693502","127693801","KN294613v1","600670","600970","38","127092832"
"chr5","127937610","127937991","KN296244v1","262576","262955","107","127675034"
"chr5","127942520","127942814","KN297327v1","626342","626638","39","127316178"
"chr5","128210566","128210877","KN294269v1","729417","729728","37","127481149"
"chr5","128737613","128737905","KN294954v1","219948","220230","36","128517665"
"chr5","129006298","129006593","KN294899v1","64434","64733","31","128941864"
"chr5","129045641","129045927","KN296079v1","1115350","1115639","38","127930291"
"chr5","129401293","129401366","KN296849v1","927971","928048","15","128473322"
"chr5","129669796","129670100","KN294257v1","1866130","1866430","37","127803666"
"chr5","132702070","132702363","KN294439v1","300738","301034","34","132401332"
"chr5","132780079","132780389","KN296743v1","245342","245652","40","132534737"
"chr5","132828874","132829175","KN294650v1","254184","254484","41","132574690"
"chr5","133211091","133211243","KN296654v1","153614","153769","22","133057477"
"chr5","133234685","133234986","KN296547v1","1021222","1021514","41","132213463"
"chr5","133262198","133262506","KN294266v1","416253","416561","46","132845945"
"chr5","133467642","133467953","KN294911v1","5013700","5014002","44","128453942"
"chr5","133915920","133916224","KN297293v1","497776","498076","33","133418144"
"chr5","134639586","134639899","KN294911v1","3817974","3818286","51","130821612"
"chr5","134644430","134644721","KN296635v1","3763561","3763853","37","130880869"
"chr5","135017125","135017423","KN295523v1","2221436","2221738","41","132795689"
"chr5","135036267","135036552","KN294911v1","3417560","3417842","23","131618707"
"chr5","135036607","135036622","KN295907v1","437750","437765","0","134598857"
"chr5","135466634","135466937","KN294964v1","1668257","1668556","35","133798377"
"chr5","135665728","135666026","KN295244v1","318312","318607","34","135347416"
"chr5","135737997","135738297","KN295244v1","318312","318607","37","135419685"
"chr5","135742544","135742837","KN295594v1","71823","72120","38","135670721"
"chr5","135814911","135815198","KN295205v1","936165","936460","64","134878746"
"chr5","135945823","135946115","KN294181v1","913596","913892","40","135032227"
"chr5","135950010","135950309","KN294911v1","2469693","2469997","21","133480317"
"chr5","136026513","136026811","KN296311v1","1962715","1963013","37","134063798"
"chr5","136215004","136215270","KN294911v1","2189908","2190173","25","134025096"
"chr5","136426656","136426957","KN295368v1","1855168","1855468","32","134571488"
"chr5","136442064","136442366","KN294911v1","1951668","1951965","30","134490396"
"chr5","136604867","136605177","KN295405v1","356810","357116","34","136248057"
"chr5","136715662","136715967","KN295172v1","272834","273143","46","136442828"
"chr5","138141097","138141402","KN294407v1","707064","707376","59","137434033"
"chr5","138647004","138647317","KN297137v1","41308","41619","36","138605696"
"chr5","139241219","139241412","KN295091v1","853387","853586","36","138387832"
"chr5","139397389","139397694","KN294421v1","1228170","1228462","49","138169219"
"chr5","139405962","139406014","KN296495v1","1661947","1662006","10","137744015"
"chr5","139455364","139455657","KN296145v1","3237255","3237561","44","136218109"
"chr5","139505619","139505873","KN294879v1","153087","153349","51","139352532"
"chr5","139567971","139568213","KN296460v1","555357","555613","47","139012614"
"chr5","139681457","139681750","KN295350v1","795286","795586","42","138886171"
"chr5","139714371","139714654","KN297105v1","2623818","2624102","42","137090553"
"chr5","139731225","139731520","KN296752v1","519278","519575","36","139211947"
"chr5","139983390","139983696","KN295894v1","1539447","1539747","35","138443943"
"chr5","140004565","140004875","KN296308v1","429749","430056","36","139574816"
"chr5","140150772","140151064","KN296075v1","925319","925608","41","139225453"
"chr5","140312967","140313254","KN296290v1","830757","831038","35","139482210"
"chr5","140644450","140644756","KN296812v1","170396","170699","39","140474054"
"chr5","140727102","140727420","KN297138v1","230274","230565","51","140496828"
"chr5","140820133","140820436","KN297047v1","2103989","2104301","42","138716144"
"chr5","140846780","140847085","KN294521v1","524915","525214","41","140321865"
"chr5","140975086","140975389","KN295708v1","1471221","1471525","41","139503865"
"chr5","141061887","141061981","KN295705v1","657665","657751","15","140404222"
"chr5","141581312","141581614","KN294172v1","4261970","4262272","35","137319342"
"chr5","141865146","141865426","KN294218v1","740587","740864","41","141124559"
"chr5","141876729","141877021","KN295107v1","1283723","1284018","35","140593006"
"chr5","141906092","141906400","KN295294v1","849337","849645","36","141056755"
"chr5","142212268","142212571","KN294874v1","619764","620065","34","141592504"
"chr5","142936686","142936848","KN295605v1","674278","674441","41","142262408"
"chr5","143027455","143027746","KN295633v1","1047268","1047559","31","141980187"
"chr5","143267269","143267566","KN295814v1","769523","769821","30","142497746"
"chr5","143542689","143542993","KN294499v1","1816307","1816606","39","141726382"
"chr5","143699868","143700176","KN294874v1","417401","417713","36","143282467"
"chr5","143775638","143775927","KN295755v1","110864","111155","39","143664774"
"chr5","143992306","143992601","KN295735v1","1703584","1703878","40","142288722"
"chr5","144547241","144547549","KN295077v1","564405","564717","45","143982836"
"chr5","144751916","144752073","KN295236v1","3777012","3777174","55","140974904"
"chr5","145009802","145010105","KN295090v1","2881719","2882025","42","142128083"
"chr5","145635744","145636030","KN294987v1","1615569","1615864","40","144020175"
"chr5","145769835","145770150","KN294613v1","580666","580973","45","145189169"
"chr5","145864124","145864394","KN297121v1","161380","161653","52","145702744"
"chr5","146581378","146581685","KN295236v1","2917498","2917811","53","143663880"
"chr5","146940885","146941188","KN296625v1","659398","659696","51","146281487"
"chr5","147539484","147539735","KN296625v1","62627","62884","34","147476857"
"chr5","147554368","147554663","KN296625v1","47509","47806","27","147506859"
"chr5","147620404","147620709","KN295523v1","2221436","2221738","40","145398968"
"chr5","147669522","147669832","KN296322v1","2774012","2774318","46","144895510"
"chr5","147787376","147787682","KN297008v1","5717968","5718272","41","142069408"
"chr5","147962652","147962948","KN296594v1","636925","637224","29","147325727"
"chr5","148286363","148286678","KN296682v1","5378594","5378910","43","142907769"
"chr5","148915140","148915451","KN294790v1","993295","993605","40","147921845"
"chr5","148948098","148948409","KN294172v1","901987","902298","39","148046111"
"chr5","148989109","148989409","KN296528v1","1485437","1485734","46","147503672"
"chr5","149002568","149002877","KN297314v1","534372","534675","43","148468196"
"chr5","150542666","150542778","KN295607v1","3694335","3694446","10","146848331"
"chr5","150543511","150543711","KN296096v1","1230031","1230232","40","149313480"
"chr5","150709538","150709849","KN294443v1","739291","739598","42","149970247"
"chr5","150876419","150876715","KN296305v1","568169","568467","38","150308250"
"chr5","150896298","150896593","KN294457v1","1018677","1018971","38","149877621"
"chr5","150940807","150941112","KN294458v1","231870","232179","41","150708937"
"chr5","151023464","151023787","KN296460v1","130610","130915","53","150892854"
"chr5","151151518","151151815","KN295533v1","2478184","2478484","30","148673334"
"chr5","151387508","151387808","KN294439v1","300738","301034","38","151086770"
"chr5","151575487","151575650","KN294739v1","833278","833462","49","150742209"
"chr5","151906018","151906349","KN294856v1","400185","400505","51","151505833"
"chr5","152103734","152104042","KN295074v1","341643","341951","47","151762091"
"chr5","152542423","152542726","KN296594v1","636925","637224","35","151905498"
"chr5","152631811","152632118","KN297153v1","1174970","1175275","33","151456841"
"chr5","152779321","152779398","KN297153v1","1323853","1323933","11","151455468"
"chr5","152872963","152873256","KN297019v1","767638","767931","37","152105325"
"chr5","152880109","152880393","KN294385v1","47653","47934","38","152832456"
"chr5","153068525","153068825","KN296594v1","636925","637224","36","152431600"
"chr5","153086692","153087017","KN297047v1","2103989","2104301","44","150982703"
"chr5","153204450","153204729","KN294739v1","631813","632086","46","152572637"
"chr5","153355494","153355796","KN295294v1","849337","849645","52","152506157"
"chr5","154151715","154152018","KN295244v1","318312","318607","35","153833403"
"chr5","154372276","154372569","KN297403v1","31686","31980","40","154340590"
"chr5","155136333","155136641","KN296809v1","758234","758543","41","154378099"
"chr5","155869643","155869925","KN295022v1","596504","596797","48","155273139"
"chr5","155952583","155952887","KN294499v1","1816307","1816606","39","154136276"
"chr5","156046901","156047209","KN295022v1","762648","762944","38","155284253"
"chr5","156068208","156068503","KN294457v1","1018677","1018971","35","155049531"
"chr5","156134979","156135288","KN295523v1","556214","556518","35","155578765"
"chr5","156195979","156196288","KN294470v1","2127954","2128268","35","154068025"
"chr5","156291953","156292088","KN294470v1","2407101","2407236","12","153884852"
"chr5","156292389","156292571","KN294172v1","1604931","1605105","29","154687458"
"chr5","156592023","156592284","KN294415v1","178151","178407","35","156413872"
"chr5","156672557","156672844","KN295107v1","1283723","1284018","37","155388834"
"chr5","157296921","157297221","KN297008v1","1120392","1120695","46","156176529"
"chr5","158130656","158130921","KN297095v1","2895043","2895323","54","155235613"
"chr5","158339487","158339781","KN296404v1","2965711","2966008","35","155373776"
"chr5","158390261","158390555","KN294634v1","275869","276162","31","158114392"
"chr5","159134319","159134610","KN295706v1","150980","151270","38","158983339"
"chr5","159507187","159507489","KN295967v1","550401","550707","38","158956786"
"chr5","159532054","159532358","KN295294v1","849337","849645","29","158682717"
"chr5","159536134","159536427","KN295107v1","1283723","1284018","29","158252411"
"chr5","159621523","159621822","KN295526v1","551702","551982","37","159069821"
"chr5","159635041","159635341","KN297048v1","305838","306132","43","159329203"
"chr5","159651682","159651957","KN297046v1","2855852","2856127","40","156795830"
"chr5","159764415","159764705","KN295526v1","378139","378443","44","159386276"
"chr5","159867282","159867547","KN295526v1","274389","274655","29","159592893"
"chr5","159934573","159934857","KN294705v1","88883","89167","33","159845690"
"chr5","159988483","159988798","KN297046v1","1007338","1007647","35","158981145"
"chr5","160118522","160118822","KN295526v1","33100","33411","32","160085422"
"chr5","160293436","160293733","KN296980v1","144231","144543","35","160149205"
"chr5","160539567","160539869","KN295533v1","2478184","2478484","45","158061383"
"chr5","161156694","161156991","KN294987v1","1615569","1615864","36","159541125"
"chr5","161231093","161231398","KN296980v1","1112006","1112317","32","160119087"
"chr5","161991584","161991900","KN295459v1","634986","635295","52","161356598"
"chr5","162089072","162089360","KN296040v1","950807","951097","38","161138265"
"chr5","162141764","162141981","KN294558v1","271426","271641","31","161870338"
"chr5","162151212","162151523","KN296507v1","537327","537637","26","161613885"
"chr5","162156139","162156272","KN296507v1","541130","541261","11","161615009"
"chr5","162156578","162156733","KN296726v1","834547","834705","24","161322031"
"chr5","162157042","162157059","KN294410v1","3296","3313","5","162153746"
"chr5","162319303","162319609","KN297205v1","197352","197649","41","162121951"
"chr5","163270303","163270613","KN295459v1","634986","635295","46","162635317"
"chr5","163500001","163500297","KN296303v1","373645","373940","35","163126356"
"chr5","165022435","165022747","KN295936v1","2582233","2582544","53","162440202"
"chr5","165482004","165482293","KN295705v1","318789","319084","45","165163215"
"chr5","165537019","165537331","KN297205v1","435353","435667","40","165101666"
"chr5","166822411","166822704","KN296154v1","2511683","2511967","32","164310728"
"chr5","166966331","166966628","KN294172v1","309928","310221","47","166656403"
"chr5","167055123","167055406","KN294705v1","88883","89167","35","166966240"
"chr5","167411751","167412028","KN294443v1","726968","727252","35","166684783"
"chr5","167598710","167598999","KN296154v1","3295013","3295319","43","164303697"
"chr5","168069354","168069625","KN297046v1","2123979","2124247","69","165945375"
"chr5","168296285","168296432","KN295564v1","625987","626137","26","167670298"
"chr5","168300565","168300879","KN295907v1","1622346","1622658","55","166678219"
"chr5","168628010","168628037","KN296732v1","1737982","1738007","6","166890028"
"chr5","168628084","168628228","KN295871v1","1133038","1133184","27","167495046"
"chr5","168685368","168685673","KN295244v1","318312","318607","45","168367056"
"chr5","168782084","168782389","KN297133v1","332842","333137","41","168449242"
"chr5","169399321","169399638","KN294378v1","472867","473166","54","168926454"
"chr5","169417302","169417643","KN295671v1","204992","205309","58","169212310"
"chr5","169830849","169831134","KN294457v1","1018677","1018971","36","168812172"
"chr5","169972765","169973064","KN295107v1","1283723","1284018","37","168689042"
"chr5","170110551","170110854","KN296833v1","299746","300046","47","169810805"
"chr5","170283787","170284108","KN295459v1","634986","635295","51","169648801"
"chr5","170310054","170310361","KN295977v1","1364225","1364532","43","168945829"
"chr5","170426899","170427192","KN294439v1","300738","301034","35","170126161"
"chr5","170512730","170513036","KN295241v1","154718","155028","65","170358012"
"chr5","170584062","170584361","KN294172v1","4261970","4262272","34","166322092"
"chr5","170783043","170783342","KN295633v1","772567","772864","37","170010476"
"chr5","170787032","170787336","KN295967v1","550401","550707","36","170236631"
"chr5","170942513","170942819","KN296167v1","360416","360717","40","170582097"
"chr5","171001684","171001996","KN296743v1","245342","245652","40","170756342"
"chr5","171039754","171040046","KN295090v1","841424","841742","61","170198330"
"chr5","171095631","171095944","KN295708v1","2776241","2776551","42","168319390"
"chr5","171098693","171098977","KN297047v1","4130656","4130943","38","166968037"
"chr5","172397838","172398125","KN296770v1","78926","79217","33","172318912"
"chr5","173287761","173288067","KN295744v1","299244","299554","34","172988517"
"chr5","173573672","173573994","KN294874v1","417401","417713","40","173156271"
"chr5","173590559","173590868","KN297095v1","645839","646137","39","172944720"
"chr5","174277342","174277641","KN297095v1","1169283","1169598","34","173108059"
"chr5","174441032","174441330","KN296682v1","3042198","3042498","44","171398834"
"chr5","174482910","174483180","KN297442v1","822414","822676","44","173660496"
"chr5","174523127","174523430","KN297095v1","1421083","1421383","34","173102044"
"chr5","174553309","174553602","KN294521v1","524915","525214","38","174028394"
"chr5","174591168","174591479","KN294874v1","417401","417713","41","174173767"
"chr5","174738371","174738683","KN297095v1","1635195","1635505","24","173103176"
"chr5","174882046","174882339","KN295102v1","20527","20821","35","174861519"
"chr5","174959080","174959391","KN297205v1","435353","435667","34","174523727"
"chr5","175207597","175207898","KN296538v1","1823743","1824043","38","173383854"
"chr5","175227009","175227306","KN295368v1","1059789","1060099","48","174167220"
"chr5","175333868","175334173","KN295666v1","1045930","1046226","48","174287938"
"chr5","175350286","175350455","KN295498v1","114768","114933","22","175235518"
"chr5","175448037","175448344","KN296145v1","881964","882257","43","174566073"
"chr5","175982667","175982946","KN297095v1","2895043","2895323","26","173087624"
"chr5","176730195","176730450","KN297095v1","3666495","3666757","37","173063700"
"chr5","176773847","176774149","KN297095v1","3773761","3774062","40","173000086"
"chr5","176836038","176836341","KN297095v1","3773761","3774062","21","173062277"
"chr5","177083259","177083549","KN294421v1","1228170","1228462","39","175855089"
"chr5","177604581","177604880","KN296404v1","2965711","2966008","36","174638870"
"chr5","177741323","177741625","KN297227v1","1013431","1013731","44","176727892"
"chr5","177752456","177752755","KN294521v1","524915","525214","48","177227541"
"chr5","177806590","177806903","KN297205v1","435353","435667","36","177371237"
"chr5","178253852","178254146","KN294439v1","300738","301034","40","177953114"
"chr5","178705038","178705329","KN296119v1","5183586","5183875","43","173521452"
"chr5","178748062","178748344","KN294893v1","439595","439874","47","178308467"
"chr5","178764654","178764948","KN297319v1","314657","314952","33","178449997"
"chr5","179384924","179385203","KN294790v1","301541","301822","54","179083383"
"chr5","179449193","179449506","KN295923v1","1527713","1528024","41","177921480"
"chr5","179469899","179470197","KN295533v1","2478184","2478484","38","176991715"
"chr5","179487625","179487917","KN294987v1","364320","364620","41","179123305"
"chr5","179558413","179558547","KN295633v1","277836","277971","15","179280577"
"chr5","180594478","180594777","KN295586v1","3926458","3926758","40","176668020"
"chr5","180671070","180671385","KN296096v1","2223591","2223902","30","178447479"
"chr5","180858780","180859088","KN295284v1","405102","405418","33","180453678"
"chr5","180907908","180908209","KN295284v1","455881","456193","33","180452027"
"chr5","180951133","180951436","KN294790v1","6452634","6452946","49","174498499"
"chr5","180972537","180972817","KN296732v1","1792478","1792756","33","179180059"
"chr5","181256234","181256325","KN295402v1","1251986","1252075","19","180004248"
"chr5","181256351","181256434","KN296287v1","69231","69300","21","181187120"
"chr5","181298924","181299206","KN295607v1","4148434","4148717","38","177150490"
"chr5","181572426","181572734","KN296743v1","245342","245652","35","181327084"
"chr5","181591836","181592142","KN294458v1","1826299","1826605","39","179765537"
"chr5","181952375","181952668","KN296281v1","69164","69458","31","181883211"
"chr5","181975540","181975839","KN295244v1","318312","318607","39","181657228"
"chr5","182006947","182007218","KN295350v1","743655","743915","43","181263292"
"chr5","182149070","182149368","KN295717v1","2113703","2113997","45","180035367"
"chr5","182402849","182402927","KN295692v1","1885548","1885632","14","180517301"
"chr5","182563310","182563609","KN295923v1","958696","958996","36","181604614"
"chr5","182617562","182617896","KN294271v1","443034","443363","52","182174528"
"chr5","182912351","182912670","KN295533v1","2478184","2478484","54","180434167"
"chr5","182965001","182965313","KN296865v1","1933794","1934101","34","181031207"
"chr5","183014681","183014976","KN295984v1","1621030","1621326","44","181393651"
"chr5","183168219","183168373","KN294454v1","542209","542346","37","182626010"
"chr5","183241607","183241917","KN295315v1","1665346","1665656","42","181576261"
"chr5","183333013","183333129","KN295735v1","463489","463612","24","182869524"
"chr5","183368312","183368586","KN296609v1","236661","236935","37","183131651"
"chr5","183659610","183659913","KN295531v1","74200","74508","34","183585410"
"chr6","6815620","6815923","KN295236v1","2465192","2465497","45","4350428"
"chr6","82313211","82313516","KN296326v1","627716","628019","28","81685495"
"chr6","413432","413745","KN296865v1","1933794","1934101","34","1520362"
"chr6","427036","427327","KN295244v1","318312","318607","41","108724"
"chr6","1019365","1019659","KN297186v1","912206","912496","29","107159"
"chr6","1443529","1443819","KN294457v1","1018677","1018971","36","424852"
"chr6","1809836","1809989","KN294456v1","822985","823137","28","986851"
"chr6","2167238","2167503","KN295257v1","1588850","1589107","28","578388"
"chr6","2242369","2242679","KN296865v1","1933794","1934101","35","308575"
"chr6","2500568","2500827","KN295474v1","1254272","1254526","44","1246296"
"chr6","2971880","2972189","KN295077v1","564405","564717","38","2407475"
"chr6","3072844","3073134","KN295257v1","674135","674435","33","2398709"
"chr6","3220094","3220367","KN294475v1","277181","277454","48","2942913"
"chr6","3843944","3844261","KN296337v1","638587","638899","38","3205357"
"chr6","3853297","3853595","KN296009v1","1458146","1458440","21","2395151"
"chr6","3894695","3895001","KN295294v1","849337","849645","39","3045358"
"chr6","4017919","4018216","KN296635v1","3682782","3683079","35","335137"
"chr6","4279479","4279770","KN296009v1","1007308","1007614","45","3272171"
"chr6","4532598","4532905","KN296009v1","746834","747139","33","3785764"
"chr6","4731458","4731761","KN296847v1","1837114","1837414","40","2894344"
"chr6","4900973","4901268","KN294457v1","1018677","1018971","33","3882296"
"chr6","5142799","5142867","KN296726v1","233564","233629","12","4909235"
"chr6","5216676","5217007","KN296108v1","369770","370081","57","4846906"
"chr6","5919636","5919931","KN295633v1","1047268","1047559","40","4872368"
"chr6","6128230","6128542","KN295236v1","703616","703926","45","5424614"
"chr6","6399070","6399375","KN296865v1","1933794","1934101","40","4465276"
"chr6","6704536","6704837","KN294266v1","301799","302101","29","6402737"
"chr6","6727201","6727502","KN294290v1","8955","9255","46","6718246"
"chr6","6763097","6763372","KN295963v1","389058","389338","45","6374039"
"chr6","7172062","7172350","KN296096v1","2743314","2743604","30","4428748"
"chr6","7200291","7200600","KN296743v1","245342","245652","32","6954949"
"chr6","7247115","7247402","KN294485v1","291791","292070","42","6955324"
"chr6","7764167","7764462","KN295706v1","150980","151270","43","7613187"
"chr6","8242296","8242585","KN296646v1","1858022","1858313","42","6384274"
"chr6","8263343","8263636","KN296311v1","5551109","5551405","30","2712234"
"chr6","8454651","8454952","KN296093v1","52979","53277","42","8401672"
"chr6","8547189","8547487","KN296158v1","254683","254974","38","8292506"
"chr6","9461524","9461824","KN295967v1","550401","550707","33","8911123"
"chr6","9616834","9617131","KN297445v1","501613","501913","27","9115221"
"chr6","9654025","9654336","KN297445v1","534697","535002","36","9119328"
"chr6","9982035","9982332","KN295102v1","291073","291373","33","9690962"
"chr6","10671556","10671836","KN296000v1","1093131","1093411","46","9578425"
"chr6","10860285","10860580","KN295531v1","74200","74508","47","10786085"
"chr6","10914198","10914445","KN296311v1","6934502","6934740","43","3979696"
"chr6","10977967","10978272","KN296508v1","20473","20772","41","10957494"
"chr6","11088869","11089170","KN294416v1","327416","327717","40","10761453"
"chr6","11106338","11106628","KN296496v1","860326","860613","44","10246012"
"chr6","11111170","11111481","KN296865v1","1933794","1934101","38","9177376"
"chr6","11113690","11114012","KN297032v1","164398","164714","56","10949292"
"chr6","11189411","11189698","KN295045v1","762069","762358","44","10427342"
"chr6","11198551","11198858","KN294592v1","1129901","1130208","44","10068650"
"chr6","11212424","11212727","KN296157v1","1505253","1505555","38","9707171"
"chr6","11278665","11278956","KN294182v1","193047","193344","40","11085618"
"chr6","11308202","11308493","KN295923v1","958696","958996","39","10349506"
"chr6","11310051","11310338","KN297343v1","1949457","1949744","41","9360594"
"chr6","11320425","11320721","KN294172v1","309928","310221","33","11010497"
"chr6","11348997","11349305","KN294443v1","739291","739598","38","10609706"
"chr6","11382741","11383019","KN296743v1","1660722","1660997","35","9722019"
"chr6","11587317","11587620","KN296119v1","122145","122450","43","11465172"
"chr6","11915363","11915649","KN295573v1","1209164","1209448","35","10706199"
"chr6","12055767","12056063","KN294439v1","300738","301034","41","11755029"
"chr6","12058126","12058427","KN295261v1","349783","350088","43","11708343"
"chr6","12267881","12268180","KN294457v1","1018677","1018971","47","11249204"
"chr6","12676439","12676735","KN295666v1","1573062","1573363","50","11103377"
"chr6","12681825","12682105","KN296883v1","3124205","3124494","42","9557620"
"chr6","13032771","13033067","KN294613v1","583948","584237","30","12448823"
"chr6","13106431","13106733","KN295705v1","376067","376372","48","12730364"
"chr6","13488107","13488411","KN296036v1","1045194","1045490","36","12442913"
"chr6","13723379","13723668","KN295706v1","150980","151270","29","13572399"
"chr6","13756627","13756918","KN297138v1","230274","230565","32","13526353"
"chr6","13825029","13825324","KN296508v1","20473","20772","30","13804556"
"chr6","14311153","14311452","KN295090v1","583930","584231","36","13727223"
"chr6","14319415","14319725","KN296865v1","1933794","1934101","39","12385621"
"chr6","14324643","14324914","KN297219v1","871641","871926","53","13453002"
"chr6","14394836","14395087","KN295685v1","1163544","1163804","55","13231292"
"chr6","14437377","14437692","KN294893v1","177646","177958","41","14259731"
"chr6","14444202","14444502","KN296508v1","20473","20772","36","14423729"
"chr6","14605006","14605315","KN295523v1","556214","556518","35","14048792"
"chr6","14748821","14749101","KN294848v1","1350361","1350645","45","13398460"
"chr6","14822538","14822840","KN295523v1","2221436","2221738","49","12601102"
"chr6","15206393","15206694","KN297293v1","497776","498076","39","14708617"
"chr6","15239569","15239878","KN295294v1","849337","849645","35","14390232"
"chr6","15309471","15309649","KN295907v1","2603648","2603823","29","12705823"
"chr6","15312741","15313055","KN296096v1","2223591","2223902","34","13089150"
"chr6","15334686","15334975","KN294446v1","433460","433755","36","14901226"
"chr6","15366254","15366555","KN294526v1","411463","411755","43","14954791"
"chr6","15381120","15381431","KN295936v1","2582233","2582544","54","12798887"
"chr6","15391776","15392090","KN294181v1","1655832","1656144","45","13735944"
"chr6","15526131","15526445","KN294443v1","739291","739598","35","14786840"
"chr6","15852179","15852485","KN295236v1","2465192","2465497","39","13386987"
"chr6","15983761","15984069","KN294443v1","739291","739598","38","15244470"
"chr6","16127269","16127554","KN296588v1","13289","13578","34","16113980"
"chr6","16315225","16315521","KN295666v1","599906","600199","41","15715319"
"chr6","16689245","16689546","KN294172v1","346409","346717","38","16342836"
"chr6","16744474","16744747","KN297046v1","2855852","2856127","32","13888622"
"chr6","16746170","16746468","KN296635v1","3682782","3683079","32","13063388"
"chr6","16757085","16757398","KN297165v1","1212451","1212758","47","15544634"
"chr6","16847283","16847577","KN296036v1","1045194","1045490","30","15802089"
"chr6","16873226","16873284","KN294498v1","475029","475087","14","16398197"
"chr6","17316095","17316379","KN295706v1","150980","151270","35","17165115"
"chr6","17332990","17333297","KN296508v1","1412607","1412913","32","15920383"
"chr6","17459523","17459810","KN295244v1","318312","318607","45","17141211"
"chr6","17462615","17462909","KN294552v1","1218036","1218307","54","16244579"
"chr6","17729897","17730179","KN295371v1","35690","35974","37","17694207"
"chr6","17767951","17768237","KN297165v1","693062","693346","35","17074889"
"chr6","18053073","18053364","KN297138v1","230274","230565","32","17822799"
"chr6","18092538","18092842","KN295984v1","2378672","2378981","40","15713866"
"chr6","19508690","19508982","KN294874v1","2162261","2162545","42","17346429"
"chr6","19545838","19546154","KN296594v1","636925","637224","44","18908913"
"chr6","19866798","19867096","KN294181v1","1771837","1772133","42","18094961"
"chr6","19889495","19889800","KN294493v1","393207","393512","38","19496288"
"chr6","19998252","19998556","KN295523v1","2221436","2221738","37","17776816"
"chr6","20518406","20518704","KN294372v1","2580401","2580700","42","17938005"
"chr6","20711420","20711715","KN295633v1","161032","161323","36","20550388"
"chr6","20817196","20817491","KN297197v1","1630263","1630561","32","19186933"
"chr6","21149305","21149421","KN295735v1","463489","463612","22","20685816"
"chr6","21161568","21161877","KN295074v1","341643","341951","40","20819925"
"chr6","21423224","21423504","KN294172v1","631777","632057","39","20791447"
"chr6","21644159","21644464","KN296404v1","1840967","1841270","47","19803192"
"chr6","21800522","21800791","KN297121v1","161380","161653","49","21639142"
"chr6","21820008","21820258","KN297046v1","2123979","2124247","49","19696029"
"chr6","21841400","21841679","KN296833v1","353722","354006","34","21487678"
"chr6","22025261","22025555","KN295633v1","161032","161323","40","21864229"
"chr6","22811447","22811784","KN295090v1","841424","841742","60","21970023"
"chr6","22815833","22816150","KN296158v1","1693623","1693916","60","21122210"
"chr6","23837904","23838213","KN297141v1","152542","152844","48","23685362"
"chr6","24467670","24467992","KN294257v1","2425451","2425760","35","22042219"
"chr6","24613299","24613603","KN294257v1","2283179","2283479","31","22330120"
"chr6","24635880","24636183","KN297141v1","152542","152844","37","24483338"
"chr6","25034283","25034578","KN294257v1","1866130","1866430","35","23168153"
"chr6","25038933","25039243","KN296743v1","245342","245652","39","24793591"
"chr6","25065145","25065457","KN294257v1","1835395","1835711","35","23229750"
"chr6","26527081","26527380","KN294837v1","387266","387564","44","26139815"
"chr6","26618660","26618948","KN294257v1","606167","606446","32","26012493"
"chr6","26742799","26743087","KN295666v1","599906","600199","41","26142893"
"chr6","26780762","26781074","KN296743v1","245342","245652","43","26535420"
"chr6","26810614","26810918","KN294257v1","413888","414191","27","26396726"
"chr6","27049589","27049643","KN297078v1","127153","127206","10","26922436"
"chr6","27712240","27712551","KN294443v1","189452","189746","42","27522788"
"chr6","27894572","27894865","KN295045v1","1002653","1002946","33","26891919"
"chr6","27899404","27899674","KN294181v1","1812992","1813276","45","26086412"
"chr6","28103354","28103664","KN295995v1","465320","465627","43","27638034"
"chr6","28260230","28260525","KN294443v1","739291","739598","32","27520939"
"chr6","28509992","28510116","KN297154v1","1772981","1773108","22","26737011"
"chr6","28920322","28920623","KN294172v1","4261970","4262272","42","24658352"
"chr6","29095123","29095416","KN295666v1","599906","600199","33","28495217"
"chr6","29274073","29274355","KN296263v1","762065","762346","42","28512008"
"chr6","29289743","29290035","KN296620v1","918824","919110","31","28370919"
"chr6","30143315","30143614","KN295090v1","2881719","2882025","41","27261596"
"chr6","30254497","30254804","KN296865v1","1933794","1934101","41","28320703"
"chr6","30308823","30309127","KN296959v1","801925","802228","39","29506898"
"chr6","30339537","30339614","KN295893v1","21090","21160","17","30318447"
"chr6","30397186","30397496","KN296893v1","227332","227635","47","30169854"
"chr6","30556177","30556476","KN296308v1","234635","234943","28","30321542"
"chr6","30889630","30889943","KN296743v1","245342","245652","35","30644288"
"chr6","31133074","31133368","KN296831v1","300356","300652","42","30832718"
"chr6","31153990","31154286","KN297319v1","314657","314952","30","30839333"
"chr6","31387828","31388131","KN296308v1","949119","949424","24","30438709"
"chr6","31405838","31406142","KN296308v1","969158","969467","30","30436680"
"chr6","31428980","31429283","KN294613v1","583948","584237","62","30845032"
"chr6","31452753","31453051","KN296308v1","1017896","1018185","30","30434857"
"chr6","31480414","31480724","KN296311v1","885064","885374","38","30595350"
"chr6","31574654","31574927","KN296096v1","2743314","2743604","50","28831340"
"chr6","31586637","31586927","KN297197v1","4305535","4305831","36","27281102"
"chr6","31696096","31696404","KN296308v1","1248987","1249295","31","30447109"
"chr6","31752728","31752852","KN295523v1","3875772","3875897","17","27876956"
"chr6","31858441","31858713","KN296538v1","1823743","1824043","50","30034698"
"chr6","32050340","32050650","KN297028v1","65856","66163","51","31984484"
"chr6","32201356","32201665","KN295382v1","196632","196942","33","32004724"
"chr6","32313722","32314033","KN295633v1","300161","300472","35","32013561"
"chr6","32337939","32338236","KN294439v1","300738","301034","30","32037201"
"chr6","32428808","32429101","KN297197v1","4305535","4305831","40","28123273"
"chr6","32468763","32469074","KN295294v1","849337","849645","38","31619426"
"chr6","33604399","33604711","KN296371v1","129529","129823","35","33474870"
"chr6","33735204","33735511","KN295666v1","314167","314473","39","33421037"
"chr6","33918843","33919145","KN296528v1","1485437","1485734","34","32433406"
"chr6","34176080","34176247","KN297112v1","3850321","3850493","25","30325759"
"chr6","34178525","34178835","KN294193v1","198069","198376","30","33980456"
"chr6","34211522","34211816","KN294837v1","387266","387564","29","33824256"
"chr6","34608279","34608577","KN296594v1","636925","637224","37","33971354"
"chr6","34939008","34939288","KN296233v1","239296","239573","45","34699712"
"chr6","35050280","35050572","KN296201v1","2898707","2898989","56","32151573"
"chr6","35378791","35379100","KN297047v1","2103989","2104301","42","33274802"
"chr6","35442963","35443270","KN294172v1","4261970","4262272","38","31180993"
"chr6","35489385","35489678","KN296153v1","2930575","2930860","48","32558810"
"chr6","35540996","35541074","KN296849v1","927971","928048","21","34613025"
"chr6","35626344","35626654","KN295294v1","849337","849645","27","34777007"
"chr6","35780143","35780449","KN295315v1","1665346","1665656","41","34114797"
"chr6","36100227","36100525","KN296404v1","2965711","2966008","28","33134516"
"chr6","36102630","36102709","KN297153v1","1323853","1323933","15","34778777"
"chr6","36334840","36335140","KN297008v1","400368","400667","35","35934472"
"chr6","36557428","36557729","KN295523v1","2221436","2221738","43","34335992"
"chr6","36687362","36687662","KN294187v1","348608","348909","34","36338754"
"chr6","36874697","36874996","KN296096v1","2342383","2342678","34","34532314"
"chr6","36884575","36884869","KN294457v1","1018677","1018971","38","35865898"
"chr6","37198443","37198565","KN295735v1","463489","463612","20","36734954"
"chr6","37326169","37326463","KN295610v1","472231","472528","38","36853938"
"chr6","37332265","37332560","KN295294v1","130722","131013","45","37201543"
"chr6","37407215","37407468","KN295107v1","183262","183519","45","37223953"
"chr6","37540573","37540865","KN296594v1","636925","637224","43","36903648"
"chr6","37566095","37566406","KN297197v1","1906448","1906757","37","35659647"
"chr6","37781234","37781532","KN297184v1","718400","718698","34","37062834"
"chr6","37788284","37788591","KN296404v1","273181","273489","33","37515103"
"chr6","37798264","37798575","KN295294v1","849337","849645","36","36948927"
"chr6","37873831","37874137","KN295531v1","74200","74508","34","37799631"
"chr6","37905669","37905966","KN295205v1","936165","936460","36","36969504"
"chr6","37964661","37964967","KN294208v1","594903","595207","36","37369758"
"chr6","38159866","38160157","KN297112v1","5826102","5826396","32","32333764"
"chr6","38443239","38443534","KN295633v1","161032","161323","35","38282207"
"chr6","38593987","38594279","KN294446v1","93113","93404","44","38500874"
"chr6","38603262","38603574","KN295077v1","564405","564717","37","38038857"
"chr6","38649104","38649227","KN296828v1","314507","314624","23","38334597"
"chr6","38750394","38750691","KN294439v1","300738","301034","35","38449656"
"chr6","39041706","39042019","KN296004v1","40917","41230","41","39000789"
"chr6","39140077","39140366","KN295102v1","20527","20821","33","39119550"
"chr6","39389261","39389405","KN297159v1","606361","606506","32","38782900"
"chr6","39896304","39896608","KN294372v1","2580401","2580700","35","37315903"
"chr6","40244539","40244834","KN294421v1","1228170","1228462","35","39016369"
"chr6","40335832","40336112","KN296833v1","353722","354006","39","39982110"
"chr6","40513968","40514273","KN294911v1","2469693","2469997","35","38044275"
"chr6","40871701","40871997","KN294874v1","619764","620065","39","40251937"
"chr6","41017208","41017509","KN294172v1","2441614","2441913","47","38575594"
"chr6","42341087","42341398","KN297197v1","826059","826368","38","41515028"
"chr6","42659633","42659930","KN294439v1","300738","301034","37","42358895"
"chr6","42803835","42804138","KN296495v1","424830","425125","24","42379005"
"chr6","42847950","42848239","KN296311v1","5346181","5346473","33","37501769"
"chr6","42889418","42889716","KN296495v1","518054","518359","34","42371364"
"chr6","42962607","42962923","KN296513v1","962012","962324","42","42000595"
"chr6","43243855","43244157","KN294373v1","543221","543520","37","42700634"
"chr6","43379945","43380122","KN294996v1","92743","92918","33","43287202"
"chr6","43587660","43587954","KN296495v1","1241760","1242057","33","42345900"
"chr6","43616283","43616584","KN296404v1","1840967","1841270","46","41775316"
"chr6","43629447","43629747","KN295523v1","2221436","2221738","40","41408011"
"chr6","43660884","43661178","KN294457v1","1018677","1018971","33","42642207"
"chr6","43673625","43673923","KN297227v1","1013431","1013731","37","42660194"
"chr6","43687583","43687865","KN294705v1","88883","89167","30","43598700"
"chr6","44082418","44082710","KN295923v1","958696","958996","35","43123722"
"chr6","44174082","44174386","KN296495v1","1849816","1850126","22","42324266"
"chr6","44179919","44180227","KN296495v1","1856564","1856868","22","42323355"
"chr6","44367415","44367721","KN295304v1","46058","46359","34","44321357"
"chr6","44451601","44451906","KN296062v1","1571490","1571788","39","42880111"
"chr6","44485620","44485935","KN296495v1","2171656","2171960","21","42313964"
"chr6","44590231","44590528","KN296495v1","2277980","2278280","34","42312251"
"chr6","44593100","44593399","KN296495v1","2280841","2281148","28","42312259"
"chr6","44841895","44842067","KN295907v1","2603648","2603823","24","42238247"
"chr6","44842103","44842230","KN297386v1","872340","872469","14","43969763"
"chr6","45049931","45050238","KN296365v1","1687288","1687593","37","43362643"
"chr6","45056725","45057007","KN294893v1","439595","439874","44","44617130"
"chr6","46266330","46266622","KN296743v1","1727640","1727937","33","44538690"
"chr6","46384132","46384424","KN296970v1","676636","676933","41","45707496"
"chr6","46465165","46465468","KN296528v1","1485437","1485734","45","44979728"
"chr6","47251658","47251954","KN296036v1","1045194","1045490","43","46206464"
"chr6","47463573","47463884","KN295601v1","1027765","1028072","40","46435808"
"chr6","47780309","47780620","KN295294v1","849337","849645","37","46930972"
"chr6","47865723","47865882","KN296244v1","817924","818083","27","47047799"
"chr6","47866223","47866362","KN295236v1","1488859","1488994","22","46377364"
"chr6","48019451","48019745","KN296743v1","1727640","1727937","40","46291811"
"chr6","48125264","48125573","KN296743v1","245342","245652","38","47879922"
"chr6","48238421","48238701","KN296682v1","260929","261208","39","47977492"
"chr6","48653255","48653546","KN294230v1","162927","163218","34","48490328"
"chr6","49033472","49033777","KN295261v1","349783","350088","34","48683689"
"chr6","50852343","50852663","KN296879v1","181889","182179","66","50670454"
"chr6","51294094","51294396","KN294662v1","177705","178001","40","51116389"
"chr6","51483399","51483700","KN296176v1","795995","796298","39","50687404"
"chr6","51515853","51516150","KN294251v1","3884081","3884364","40","47631772"
"chr6","51921243","51921554","KN294251v1","3490141","3490453","32","48431102"
"chr6","52682659","52682972","KN295294v1","849337","849645","34","51833322"
"chr6","52994220","52994506","KN296290v1","830757","831038","33","52163463"
"chr6","53024616","53024916","KN295533v1","1212131","1212431","51","51812485"
"chr6","53410775","53411102","KN294199v1","22718","23041","55","53388057"
"chr6","54122280","54122578","KN297327v1","626342","626638","37","53495938"
"chr6","54158448","54158747","KN294251v1","1697059","1697360","29","52461389"
"chr6","54329445","54329744","KN296381v1","517426","517720","38","53812019"
"chr6","54556920","54557214","KN294457v1","1018677","1018971","35","53538243"
"chr6","54862917","54863210","KN294457v1","1018677","1018971","33","53844240"
"chr6","55652818","55653136","KN294991v1","831899","832213","47","54820919"
"chr6","57842523","57842819","KN294536v1","431967","432266","39","57410556"
"chr6","58226463","58226762","KN295706v1","150980","151270","35","58075483"
"chr6","58423632","58423935","KN294571v1","2793346","2793649","40","55630286"
"chr6","64553223","64553487","KN295459v1","140500","140772","43","64412723"
"chr6","64988134","64988435","KN294469v1","220583","220884","44","64767551"
"chr6","65250996","65251083","KN296373v1","834612","834699","7","64416384"
"chr6","65911600","65911904","KN296373v1","237196","237507","35","65674404"
"chr6","65922908","65923200","KN294457v1","1018677","1018971","45","64904231"
"chr6","66407496","66407669","KN295701v1","677816","677994","16","65729680"
"chr6","66494910","66495197","KN294893v1","439595","439874","49","66055315"
"chr6","67365812","67366119","KN295708v1","975967","976273","47","66389845"
"chr6","67830223","67830492","KN294893v1","216426","216684","44","67613797"
"chr6","68218797","68219095","KN295441v1","1678947","1679252","43","66539850"
"chr6","68410357","68410643","KN296833v1","353722","354006","39","68056635"
"chr6","69093820","69094116","KN294499v1","1970854","1971150","50","67122966"
"chr6","69796107","69796416","KN297205v1","435353","435667","39","69360754"
"chr6","71638078","71638356","KN294387v1","2300841","2301120","41","69337237"
"chr6","71766167","71766464","KN294387v1","2165626","2165914","28","69600541"
"chr6","71995165","71995451","KN295523v1","2951315","2951605","44","69043850"
"chr6","72254253","72254540","KN296404v1","2412477","2412775","41","69841776"
"chr6","72573069","72573379","KN294387v1","1378789","1379098","31","71194280"
"chr6","72802412","72802713","KN295244v1","318312","318607","40","72484100"
"chr6","73113150","73113458","KN296322v1","2774012","2774318","36","70339138"
"chr6","73296741","73297039","KN294387v1","667868","668165","37","72628873"
"chr6","74456941","74457241","KN295326v1","317964","318263","44","74138977"
"chr6","74520751","74521046","KN296921v1","571592","571884","36","73949159"
"chr6","74524051","74524343","KN296921v1","574919","575213","28","73949132"
"chr6","74525683","74525982","KN296921v1","576347","576656","37","73949336"
"chr6","74526883","74527179","KN295633v1","1132130","1132430","40","73394753"
"chr6","74528575","74528862","KN295706v1","150980","151270","37","74377595"
"chr6","74555316","74555556","KN296921v1","609388","609614","32","73945928"
"chr6","74571563","74571847","KN296955v1","746117","746399","32","73825446"
"chr6","74572848","74573180","KN295236v1","1696270","1696595","51","72876578"
"chr6","74695568","74695858","KN296921v1","763793","764087","28","73931775"
"chr6","74764011","74764292","KN296588v1","13289","13578","33","74750722"
"chr6","75862091","75862386","KN295708v1","2541888","2542182","34","73320203"
"chr6","75959208","75959515","KN296921v1","1956128","1956437","27","74003080"
"chr6","76056005","76056312","KN297133v1","262973","263267","58","75793032"
"chr6","76061061","76061362","KN297319v1","314657","314952","41","75746404"
"chr6","76804106","76804411","KN295441v1","58834","59125","53","76745272"
"chr6","76857006","76857297","KN296921v1","2829160","2829438","29","74027846"
"chr6","76866425","76866722","KN296404v1","1130422","1130724","35","75736003"
"chr6","77066296","77066598","KN296921v1","3051195","3051498","26","74015101"
"chr6","77612801","77613088","KN295554v1","79219","79506","15","77533582"
"chr6","78360681","78360800","KN296828v1","314507","314624","18","78046174"
"chr6","78493312","78493612","KN296096v1","3068156","3068453","37","75425156"
"chr6","80233063","80233359","KN296515v1","307381","307666","43","79925682"
"chr6","81626231","81626521","KN297293v1","497776","498076","40","81128455"
"chr6","81874797","81875094","KN296847v1","1837114","1837414","33","80037683"
"chr6","83347824","83348112","KN296588v1","13289","13578","39","83334535"
"chr6","83390430","83390725","KN296528v1","1485437","1485734","43","81904993"
"chr6","83419494","83419575","KN294879v1","472982","473063","18","82946512"
"chr6","83421982","83422278","KN294439v1","300738","301034","45","83121244"
"chr6","84323757","84324066","KN294181v1","1655832","1656144","43","82667925"
"chr6","84512513","84512818","KN296153v1","2939571","2939879","43","81572942"
"chr6","84528931","84529224","KN297026v1","205762","206051","30","84323169"
"chr6","84991230","84991538","KN295671v1","216235","216540","40","84774995"
"chr6","85182417","85182733","KN294443v1","739291","739598","47","84443126"
"chr6","85719294","85719564","KN296938v1","811604","811879","46","84907690"
"chr6","85873234","85873563","KN296311v1","710660","710971","67","85162574"
"chr6","86212331","86212618","KN296311v1","5551109","5551405","44","80661222"
"chr6","86834883","86835175","KN294526v1","411463","411755","41","86423420"
"chr6","86883575","86883859","KN295260v1","414258","414542","30","86469317"
"chr6","88319904","88320190","KN296096v1","2743314","2743604","37","85576590"
"chr6","88391319","88391622","KN294705v1","477749","478050","36","87913570"
"chr6","88403038","88403352","KN296004v1","40917","41230","39","88362121"
"chr6","88536881","88537181","KN295708v1","1471221","1471525","42","87065660"
"chr6","88834106","88834404","KN297048v1","305838","306132","38","88528268"
"chr6","88874772","88875072","KN296096v1","1838666","1838962","37","87036106"
"chr6","88946671","88946984","KN294987v1","171642","171952","44","88775029"
"chr6","88960165","88960406","KN297416v1","71048","71290","36","88889117"
"chr6","89086565","89086871","KN296460v1","130610","130915","43","88955955"
"chr6","89640168","89640289","KN296969v1","145558","145680","38","89494610"
"chr6","90204974","90205297","KN294767v1","520155","520468","51","89684819"
"chr6","90325079","90325358","KN296852v1","1422418","1422681","47","88902661"
"chr6","90369145","90369445","KN295107v1","1283723","1284018","39","89085422"
"chr6","90853028","90853327","KN295533v1","2478184","2478484","39","88374844"
"chr6","90933391","90933700","KN296146v1","288800","289102","45","90644591"
"chr6","90940719","90941030","KN295907v1","1622346","1622658","47","89318373"
"chr6","90948163","90948293","KN295735v1","1450186","1450321","19","89497977"
"chr6","90993512","90993792","KN294172v1","4176770","4177051","37","86816742"
"chr6","91476544","91476861","KN295294v1","849337","849645","40","90627207"
"chr6","91914186","91914495","KN295236v1","753928","754234","44","91160258"
"chr6","92051584","92051907","KN295142v1","809109","809420","48","91242475"
"chr6","92107811","92108098","KN297106v1","1066344","1066643","36","91041467"
"chr6","92546531","92546836","KN294416v1","327416","327717","40","92219115"
"chr6","94506186","94506488","KN295107v1","1283723","1284018","43","93222463"
"chr6","95804637","95804919","KN297448v1","150819","151101","22","95653818"
"chr6","97830858","97831174","KN295814v1","1395163","1395470","46","96435695"
"chr6","98155449","98155770","KN294790v1","6452634","6452946","45","91702815"
"chr6","98538644","98538938","KN296885v1","2890891","2891184","38","95647753"
"chr6","98691824","98692122","KN297083v1","432578","432881","39","98259246"
"chr6","98745325","98745620","KN295236v1","3645629","3645922","35","95099696"
"chr6","98773551","98773854","KN295090v1","2881719","2882025","40","95891832"
"chr6","98841276","98841573","KN297197v1","4305535","4305831","33","94535741"
"chr6","99409171","99409367","KN294387v1","883742","883936","36","98525429"
"chr6","99470431","99470711","KN296062v1","1571490","1571788","51","97898941"
"chr6","101177222","101177524","KN296205v1","679898","680194","32","100497324"
"chr6","101954796","101955096","KN294899v1","64434","64733","41","101890362"
"chr6","104555716","104556034","KN297008v1","4799734","4800049","41","99755982"
"chr6","106071898","106072200","KN294439v1","300738","301034","39","105771160"
"chr6","106310364","106310675","KN295580v1","42931","43241","56","106267433"
"chr6","106703590","106703885","KN295666v1","599906","600199","34","106103684"
"chr6","106708181","106708490","KN294893v1","177646","177958","41","106530535"
"chr6","106893065","106893352","KN294987v1","1560638","1560926","41","105332427"
"chr6","106976097","106976388","KN296096v1","2743314","2743604","38","104232783"
"chr6","107045094","107045345","KN296323v1","1995147","1995410","51","105049947"
"chr6","107215144","107215448","KN295980v1","153709","154006","42","107061435"
"chr6","107405346","107405647","KN295633v1","161032","161323","43","107244314"
"chr6","107577336","107577639","KN296096v1","2342383","2342678","38","105234953"
"chr6","107820602","107820874","KN296507v1","428632","428906","40","107391970"
"chr6","108186367","108186649","KN296864v1","1087186","1087472","45","107099181"
"chr6","108717624","108717938","KN296964v1","182512","182821","36","108535112"
"chr6","108731009","108731294","KN296001v1","160536","160820","47","108570473"
"chr6","108863264","108863378","KN294416v1","397178","397288","20","108466086"
"chr6","108943931","108944246","KN295077v1","564405","564717","45","108379526"
"chr6","109036874","109037175","KN295523v1","2221436","2221738","35","106815438"
"chr6","109133816","109134117","KN295988v1","1541930","1542229","40","107591886"
"chr6","109184552","109184837","KN295459v1","140500","140772","47","109044052"
"chr6","109404596","109404907","KN297038v1","758591","758902","38","108646005"
"chr6","109630717","109631027","KN297171v1","3842175","3842475","34","105788542"
"chr6","109890819","109891104","KN294439v1","300738","301034","36","109590081"
"chr6","109902926","109903207","KN294657v1","488170","488452","37","109414756"
"chr6","109941807","109942104","KN296305v1","727438","727730","33","109214369"
"chr6","110919887","110920195","KN296096v1","2223591","2223902","34","108696296"
"chr6","111081169","111081456","KN296828v1","255969","256256","37","110825200"
"chr6","111290077","111290371","KN296828v1","48236","48528","25","111241841"
"chr6","111986044","111986342","KN297008v1","400368","400667","31","111585676"
"chr6","112253299","112253550","KN294470v1","2654293","2654537","52","109599006"
"chr6","112279845","112280112","KN297046v1","2855852","2856127","37","109423993"
"chr6","112627526","112627825","KN296000v1","914080","914394","38","111713446"
"chr6","112648738","112649044","KN296513v1","1523302","1523609","38","111125436"
"chr6","112698576","112698887","KN295236v1","1883860","1884167","38","110814716"
"chr6","112699375","112699667","KN296743v1","2012835","2013130","35","110686540"
"chr6","112703050","112703331","KN296000v1","1001616","1001896","23","111701434"
"chr6","112841691","112841980","KN294439v1","300738","301034","39","112540953"
"chr6","112843987","112844284","KN297197v1","1630263","1630561","30","111213724"
"chr6","112876428","112876476","KN296883v1","3343846","3343893","11","109532582"
"chr6","112878716","112878804","KN296635v1","2268140","2268219","21","110610576"
"chr6","112943539","112943830","KN294439v1","300738","301034","44","112642801"
"chr6","113252896","113253198","KN296831v1","646525","646816","30","112606371"
"chr6","115274398","115274704","KN295074v1","341643","341951","44","114932755"
"chr6","115415761","115415841","KN295671v1","54529","54606","23","115361232"
"chr6","115433556","115433852","KN295090v1","583930","584231","43","114849626"
"chr6","115476449","115476758","KN294443v1","739291","739598","45","114737158"
"chr6","115496839","115497143","KN295304v1","46058","46359","43","115450781"
"chr6","115827999","115828300","KN297219v1","340922","341217","38","115487077"
"chr6","115879939","115880032","KN295441v1","1523467","1523565","17","114356472"
"chr6","116009630","116009932","KN296404v1","2965711","2966008","37","113043919"
"chr6","117015349","117015658","KN295998v1","595294","595608","36","116420055"
"chr6","117077948","117078243","KN295244v1","318312","318607","42","116759636"
"chr6","118286653","118286958","KN294800v1","6897","7207","31","118279756"
"chr6","119426298","119426588","KN294634v1","275869","276162","30","119150429"
"chr6","119474038","119474334","KN295102v1","20527","20821","36","119453511"
"chr6","119763577","119763655","KN295705v1","859351","859420","15","118904226"
"chr6","120288499","120288793","KN295705v1","145822","146116","42","120142677"
"chr6","120935474","120935754","KN294987v1","346285","346567","39","120589189"
"chr6","121099570","121099752","KN294181v1","1476055","1476221","48","119623515"
"chr6","121305884","121306188","KN297121v1","187382","187689","31","121118502"
"chr6","121387761","121388055","KN296096v1","1838666","1838962","31","119549095"
"chr6","123373874","123374165","KN295077v1","388250","388549","35","122985624"
"chr6","123429651","123429950","KN296138v1","116453","116753","38","123313198"
"chr6","124362580","124362885","KN295294v1","849337","849645","44","123513243"
"chr6","124566420","124566583","KN297203v1","866961","867115","43","123699459"
"chr6","124698178","124698455","KN295906v1","275815","276092","43","124422363"
"chr6","124741535","124741846","KN297366v1","1644622","1644935","33","123096913"
"chr6","124818969","124819263","KN296311v1","5346181","5346473","35","119472788"
"chr6","125276929","125277221","KN297403v1","31686","31980","33","125245243"
"chr6","125500960","125501256","KN297366v1","885598","885894","25","124615362"
"chr6","125536690","125536705","KN294385v1","12879","12895","3","125523811"
"chr6","125536738","125537022","KN294571v1","1371123","1371410","35","124165615"
"chr6","125762530","125762832","KN294172v1","4261970","4262272","29","121500560"
"chr6","126166513","126166825","KN294181v1","1655832","1656144","42","124510681"
"chr6","127921153","127921460","KN295708v1","2776241","2776551","37","125144912"
"chr6","128397602","128397903","KN295596v1","3080087","3080384","36","125317515"
"chr6","129002057","129002344","KN295441v1","580095","580385","40","128421962"
"chr6","129206422","129206723","KN295236v1","2465192","2465497","34","126741230"
"chr6","130261135","130261449","KN296738v1","16748","17059","44","130244387"
"chr6","130409929","130410235","KN295090v1","2881719","2882025","35","127528210"
"chr6","130484097","130484387","KN294809v1","1211386","1211675","33","129272711"
"chr6","131890955","131891236","KN295361v1","929923","930201","34","130961032"
"chr6","132158119","132158424","KN294172v1","346409","346717","49","131811710"
"chr6","132337972","132338272","KN294458v1","909867","910169","33","131428105"
"chr6","133879814","133880055","KN294486v1","1745533","1745773","42","132134281"
"chr6","134169600","134169904","KN295523v1","2221436","2221738","39","131948164"
"chr6","134438427","134438720","KN296697v1","2060","2343","41","134436367"
"chr6","134696345","134696633","KN296145v1","435254","435547","46","134261091"
"chr6","134760011","134760300","KN294790v1","2757247","2757531","41","132002764"
"chr6","135453351","135453655","KN297197v1","1630263","1630561","39","133823088"
"chr6","135648280","135648576","KN294987v1","538565","538859","45","135109715"
"chr6","135910519","135910823","KN297227v1","1013431","1013731","34","134897088"
"chr6","135942632","135942928","KN295244v1","318312","318607","33","135624320"
"chr6","136004236","136004530","KN295154v1","74939","75235","55","135929297"
"chr6","136117496","136117794","KN297141v1","152542","152844","32","135964954"
"chr6","136471340","136471631","KN294987v1","364320","364620","50","136107020"
"chr6","136925052","136925348","KN296770v1","78926","79217","37","136846126"
"chr6","137579338","137579644","KN294571v1","2793346","2793649","43","134785992"
"chr6","137621561","137621856","KN295554v1","79219","79506","40","137542342"
"chr6","137947752","137948052","KN295671v1","216235","216540","32","137731517"
"chr6","138712182","138712268","KN295705v1","657665","657751","16","138054517"
"chr6","138875877","138876168","KN297190v1","4639539","4639836","33","134236338"
"chr6","138901790","138902102","KN296062v1","1513349","1513658","46","137388441"
"chr6","139133201","139133525","KN295907v1","1622346","1622658","48","137510855"
"chr6","139635443","139635514","KN296096v1","2068825","2068896","15","137566618"
"chr6","139640554","139640867","KN294443v1","739291","739598","41","138901263"
"chr6","139734410","139734712","KN294536v1","1745130","1745442","45","137989280"
"chr6","139768203","139768293","KN294739v1","724684","724772","11","139043519"
"chr6","140386852","140387027","KN294978v1","1655536","1655712","25","138731316"
"chr6","140894386","140894699","KN295077v1","564405","564717","36","140329981"
"chr6","141014347","141014637","KN295706v1","150980","151270","37","140863367"
"chr6","141069800","141070115","KN294911v1","3875254","3875561","39","137194546"
"chr6","141319254","141319526","KN294235v1","266788","267059","33","141052466"
"chr6","141548267","141548567","KN294741v1","1570044","1570346","60","139978223"
"chr6","142206492","142206774","KN295607v1","4148434","4148717","31","138058058"
"chr6","142331644","142331931","KN295375v1","869867","870144","57","141461777"
"chr6","144093417","144093731","KN297205v1","435353","435667","38","143658064"
"chr6","145323711","145324020","KN296749v1","264936","265241","37","145058775"
"chr6","145899979","145900294","KN294226v1","747463","747781","37","145152516"
"chr6","146666744","146667055","KN294952v1","30707","31016","27","146636037"
"chr6","146985904","146986203","KN296635v1","3682782","3683079","35","143303122"
"chr6","146998750","146999052","KN296001v1","277186","277487","48","146721564"
"chr6","147246749","147247047","KN297307v1","262941","263244","33","146983808"
"chr6","147654833","147655129","KN297307v1","679680","679966","31","146975153"
"chr6","148914336","148914653","KN296538v1","175444","175756","42","148738892"
"chr6","149189715","149190021","KN296460v1","130610","130915","40","149059105"
"chr6","149765779","149765894","KN296828v1","314507","314624","21","149451272"
"chr6","150009339","150009640","KN294599v1","375761","376063","27","149633578"
"chr6","150772565","150772873","KN297431v1","418260","418560","36","150354305"
"chr6","150950896","150951201","KN297431v1","600241","600538","35","150350655"
"chr6","151954616","151954898","KN294777v1","658614","658896","38","151296002"
"chr6","152098707","152099006","KN294949v1","669778","670078","33","151428929"
"chr6","152131049","152131349","KN294987v1","364320","364620","33","151766729"
"chr6","152217272","152217480","KN295523v1","3140974","3141195","44","149076298"
"chr6","152245980","152246270","KN296096v1","2743314","2743604","41","149502666"
"chr6","152253484","152253735","KN294372v1","1341247","1341494","39","150912237"
"chr6","152286703","152286998","KN294458v1","909867","910169","40","151376836"
"chr6","152299953","152300246","KN297242v1","3888232","3888524","43","148411721"
"chr6","152358975","152359272","KN295633v1","161032","161323","46","152197943"
"chr6","152449123","152449430","KN294850v1","49705","50009","44","152399418"
"chr6","152542483","152542795","KN295294v1","849337","849645","47","151693146"
"chr6","153068413","153068701","KN297047v1","4130656","4130943","39","148937757"
"chr6","153188344","153188642","KN296311v1","5551109","5551405","30","147637235"
"chr6","153283325","153283632","KN294443v1","739291","739598","41","152544034"
"chr6","153459825","153460134","KN294172v1","334361","334671","35","153125464"
"chr6","153463986","153464291","KN295708v1","1471221","1471525","39","151992765"
"chr6","153723266","153723580","KN296139v1","264220","264531","44","153459046"
"chr6","153826176","153826480","KN295531v1","74200","74508","34","153751976"
"chr6","153885289","153885502","KN295586v1","5219415","5219623","28","148665874"
"chr6","154169994","154170295","KN294874v1","619764","620065","35","153550230"
"chr6","154286377","154286687","KN295236v1","1883860","1884167","39","152402517"
"chr6","154690180","154690491","KN295274v1","114389","114698","41","154575791"
"chr6","155410446","155410729","KN295607v1","4148434","4148717","33","151262012"
"chr6","155708560","155708861","KN295449v1","1174499","1174802","42","154534061"
"chr6","155891693","155892003","KN295090v1","2881719","2882025","41","153009974"
"chr6","155949012","155949293","KN297008v1","2762343","2762623","34","153186669"
"chr6","155985847","155985918","KN294372v1","2493314","2493391","14","153492533"
"chr6","156139188","156139399","KN295936v1","919343","919552","31","155219845"
"chr6","156377401","156377687","KN297176v1","238646","238944","50","156138755"
"chr6","157600326","157600598","KN294419v1","207365","207640","35","157392961"
"chr6","157814862","157815174","KN297320v1","2011211","2011528","42","155803651"
"chr6","157824158","157824455","KN296498v1","392214","392512","36","157431944"
"chr6","157856459","157856755","KN297046v1","1388146","1388432","37","156468313"
"chr6","157943275","157943576","KN295814v1","1105297","1105592","44","156837978"
"chr6","157984450","157984720","KN296486v1","463908","464178","39","157520542"
"chr6","158035043","158035337","KN297165v1","3298693","3298988","36","154736350"
"chr6","158202267","158202576","KN295107v1","1435288","1435595","43","156766979"
"chr6","158284214","158284487","KN296609v1","236661","236935","28","158047553"
"chr6","158450898","158451194","KN295666v1","599906","600199","35","157850992"
"chr6","158512459","158512768","KN294443v1","739291","739598","43","157773168"
"chr6","158762264","158762564","KN296303v1","373645","373940","40","158388619"
"chr6","159084742","159085012","KN294761v1","1769883","1770150","44","157314859"
"chr6","159817308","159817589","KN297046v1","2855852","2856127","35","156961456"
"chr6","160730112","160730420","KN297095v1","3773761","3774062","40","156956351"
"chr6","161046265","161046563","KN295320v1","373901","374195","49","160672364"
"chr6","161198558","161198774","KN295586v1","5219415","5219623","27","155979143"
"chr6","161372807","161373120","KN294443v1","739291","739598","34","160633516"
"chr6","162560042","162560347","KN296319v1","828782","829092","38","161731260"
"chr6","162584701","162585011","KN294193v1","198069","198376","37","162386632"
"chr6","162676042","162676345","KN296153v1","2939571","2939879","38","159736471"
"chr6","163310344","163310634","KN296319v1","80449","80740","31","163229895"
"chr6","164080861","164080979","KN294539v1","220465","220585","14","163860396"
"chr6","164115311","164115591","KN296381v1","386660","386925","47","163728651"
"chr6","164263728","164264035","KN297444v1","360314","360617","39","163903414"
"chr6","164806849","164807131","KN297047v1","3623288","3623568","27","161183561"
"chr6","164809665","164809963","KN294790v1","3102820","3103115","39","161706845"
"chr6","164863105","164863404","KN297047v1","3571550","3571847","23","161291555"
"chr6","165209272","165209530","KN297047v1","3215534","3215772","44","161993738"
"chr6","165534505","165534789","KN297047v1","2889144","2889420","32","162645361"
"chr6","165565272","165565397","KN294991v1","1475561","1475677","26","164089711"
"chr6","166022312","166022599","KN297047v1","2397344","2397638","38","163624968"
"chr6","166422607","166422903","KN294407v1","2047344","2047652","45","164375263"
"chr6","166452091","166452400","KN297047v1","1967153","1967461","41","164484938"
"chr6","167198737","167199019","KN294987v1","346285","346567","38","166852452"
"chr6","168731496","168731811","KN296191v1","1483522","1483838","49","167247974"
"chr6","171610850","171611156","KN294540v1","810794","811096","41","170800056"
"chr6","171841694","171841986","KN296311v1","3176858","3177154","38","168664836"
"chr6","172081505","172081795","KN294790v1","3102820","3103115","46","168978685"
"chr6","172143032","172143316","KN296635v1","126740","127032","41","172016292"
"chr6","172466201","172466477","KN295441v1","1494791","1495062","34","170971410"
"chr6","172852587","172852888","KN295523v1","556214","556518","42","172296373"
"chr6","173490615","173490942","KN297320v1","2011211","2011528","50","171479404"
"chr7","41025489","41025795","KN295744v1","299244","299554","35","40726245"
"chr7","931903","932203","KN296096v1","604223","604535","35","327680"
"chr7","1010954","1011263","KN294172v1","346409","346717","38","664545"
"chr7","1065690","1065989","KN296178v1","611876","612166","42","453814"
"chr7","1991683","1991996","KN295735v1","193633","193945","43","1798050"
"chr7","2028622","2028924","KN294187v1","348608","348909","43","1680014"
"chr7","2131990","2132287","KN296096v1","1805750","1806047","30","326240"
"chr7","2550779","2551084","KN296096v1","2223591","2223902","24","327188"
"chr7","2640987","2641150","KN295171v1","190435","190596","33","2450552"
"chr7","2662764","2663054","KN296508v1","1861452","1861744","34","801312"
"chr7","2683050","2683311","KN296486v1","463908","464178","51","2219142"
"chr7","2701153","2701371","KN296199v1","937","1156","34","2700216"
"chr7","2750376","2750654","KN295586v1","1950719","1950998","40","799657"
"chr7","2812109","2812391","KN295236v1","4082902","4083183","40","1270793"
"chr7","2844134","2844420","KN296096v1","2554971","2555261","27","289163"
"chr7","2891489","2891732","KN296311v1","6934502","6934740","38","4043013"
"chr7","2934157","2934451","KN294429v1","167857","168149","36","2766300"
"chr7","3002993","3003283","KN296096v1","2628599","2628896","32","374394"
"chr7","3028630","3028868","KN294158v1","392232","392464","42","2636398"
"chr7","3188827","3189139","KN296096v1","2911457","2911767","29","277370"
"chr7","3213624","3213937","KN296096v1","2936986","2937299","32","276638"
"chr7","3586868","3587173","KN296096v1","3321505","3321807","31","265363"
"chr7","3631696","3631961","KN297047v1","2830306","2830568","46","801390"
"chr7","3723335","3723628","KN296096v1","3476688","3476993","36","246647"
"chr7","3747403","3747707","KN297165v1","1212451","1212758","41","2534952"
"chr7","3769321","3769616","KN296096v1","3523052","3523350","29","246269"
"chr7","3832604","3832878","KN297046v1","2855852","2856127","34","976752"
"chr7","4015164","4015466","KN294893v1","301857","302162","35","3713307"
"chr7","4180098","4180386","KN296821v1","550712","551000","39","3629386"
"chr7","4580213","4580508","KN294421v1","1228170","1228462","33","3352043"
"chr7","4622892","4623186","KN297133v1","262973","263267","41","4359919"
"chr7","4667924","4668220","KN295735v1","1642298","1642593","30","3025626"
"chr7","5192505","5192795","KN296096v1","2743314","2743604","34","2449191"
"chr7","5383270","5383502","KN295102v1","1533","1765","40","5381737"
"chr7","5422801","5423086","KN295421v1","9449","9734","30","5413352"
"chr7","5477629","5477741","KN295667v1","1196716","1196821","20","4280913"
"chr7","5596068","5596249","KN294172v1","1604931","1605105","31","3991137"
"chr7","5622521","5622816","KN294842v1","959846","960139","41","4662675"
"chr7","5791072","5791365","KN297259v1","851931","852224","37","4939141"
"chr7","5958411","5958729","KN294181v1","1655832","1656144","46","4302579"
"chr7","6137913","6138174","KN296225v1","48179","48438","24","6089734"
"chr7","6243487","6243648","KN296225v1","163623","163775","27","6079864"
"chr7","6535560","6535837","KN295661v1","153875","154158","40","6381685"
"chr7","6582574","6582852","KN296864v1","1087186","1087472","44","5495388"
"chr7","6586063","6586373","KN295523v1","2221436","2221738","41","4364627"
"chr7","6596434","6596578","KN296290v1","446627","446768","21","6149807"
"chr7","6705104","6705399","KN297159v1","2958759","2959053","36","3746345"
"chr7","7470258","7470560","KN295236v1","753928","754234","33","6716330"
"chr7","7811162","7811457","KN297133v1","262973","263267","31","7548189"
"chr7","8312032","8312334","KN296847v1","1837114","1837414","35","6474918"
"chr7","8359901","8360176","KN295963v1","389058","389338","23","7970843"
"chr7","11261346","11261659","KN295362v1","1364261","1364575","44","9897085"
"chr7","11401667","11401961","KN295236v1","1718173","1718471","46","9683494"
"chr7","11837761","11838037","KN296498v1","381298","381573","40","11456463"
"chr7","12029106","12029412","KN294911v1","3613098","3613406","35","8416008"
"chr7","13251494","13251765","KN294387v1","2084516","2084785","58","11166978"
"chr7","13312778","13313069","KN295706v1","150980","151270","33","13161798"
"chr7","13438021","13438132","KN295091v1","877225","877336","21","12560796"
"chr7","14644204","14644495","KN296145v1","881964","882257","46","13762240"
"chr7","14966205","14966485","KN295962v1","1565860","1566141","47","13400345"
"chr7","15243492","15243770","KN296594v1","833735","834026","39","14409757"
"chr7","15564082","15564385","KN297319v1","314657","314952","49","15249425"
"chr7","16270370","16270653","KN296096v1","2743314","2743604","38","13527056"
"chr7","16426915","16427243","KN295368v1","1855168","1855468","57","14571747"
"chr7","16488100","16488399","KN294767v1","520155","520468","48","15967945"
"chr7","16750686","16750997","KN294172v1","6901602","6901916","35","9849084"
"chr7","18137070","18137322","KN296339v1","2024262","2024514","37","16112808"
"chr7","18166384","18166673","KN296588v1","13289","13578","36","18153095"
"chr7","18197515","18197810","KN296513v1","1523302","1523609","47","16674213"
"chr7","18256019","18256313","KN295236v1","3645629","3645922","41","14610390"
"chr7","18513953","18514258","KN294378v1","472867","473166","39","18041086"
"chr7","20308784","20309078","KN296145v1","2944395","2944693","34","17364389"
"chr7","20946145","20946420","KN295717v1","1914940","1915232","57","19031205"
"chr7","21348391","21348690","KN294964v1","1668257","1668556","39","19680134"
"chr7","21729969","21730263","KN294457v1","1018677","1018971","38","20711292"
"chr7","22009308","22009604","KN294475v1","696899","697190","23","21312409"
"chr7","22172282","22172582","KN294899v1","104983","105286","41","22067299"
"chr7","22233040","22233341","KN294181v1","1771837","1772133","36","20461203"
"chr7","23221908","23222196","KN297197v1","4305535","4305831","44","18916373"
"chr7","23447858","23448166","KN294790v1","6452634","6452946","39","16995224"
"chr7","23596652","23596812","KN296244v1","817924","818083","16","22778728"
"chr7","23598089","23598370","KN295906v1","275815","276092","43","23322274"
"chr7","23646698","23646998","KN294416v1","327416","327717","40","23319282"
"chr7","23679042","23679110","KN297295v1","600878","600944","12","23078164"
"chr7","23704082","23704368","KN294439v1","300738","301034","41","23403344"
"chr7","23883633","23883931","KN296538v1","2254750","2255046","39","21628883"
"chr7","23935538","23935843","KN296435v1","2563437","2563748","39","21372101"
"chr7","24116620","24116932","KN295294v1","849337","849645","51","23267283"
"chr7","24307279","24307527","KN296108v1","1008472","1008714","44","23298807"
"chr7","25534856","25534944","KN294372v1","2493314","2493391","27","23041542"
"chr7","25992132","25992443","KN295294v1","849337","849645","47","25142795"
"chr7","26519136","26519447","KN295294v1","849337","849645","37","25669799"
"chr7","27239315","27239577","KN295984v1","1810947","1811214","45","25428368"
"chr7","27474646","27474948","KN296486v1","163955","164261","46","27310691"
"chr7","27506383","27506680","KN296306v1","482708","483004","38","27023675"
"chr7","27765331","27765634","KN294499v1","1816307","1816606","46","25949024"
"chr7","27791766","27792045","KN296732v1","1792478","1792756","28","25999288"
"chr7","27906401","27906687","KN295923v1","639205","639493","38","27267196"
"chr7","27918714","27918997","KN295523v1","284656","284944","45","27634058"
"chr7","27973526","27973731","KN296142v1","262854","263051","33","27710672"
"chr7","28945453","28945749","KN295666v1","599906","600199","38","28345547"
"chr7","28991106","28991402","KN296062v1","1571490","1571788","38","27419616"
"chr7","29166498","29166797","KN294521v1","524915","525214","33","28641583"
"chr7","29325464","29325761","KN295244v1","318312","318607","32","29007152"
"chr7","29336911","29337213","KN296625v1","47509","47806","39","29289402"
"chr7","29657838","29658122","KN296767v1","503523","503828","43","29154315"
"chr7","30516897","30517200","KN297444v1","360314","360617","36","30156583"
"chr7","30842079","30842300","KN295705v1","1652223","1652450","38","29189856"
"chr7","30846757","30846858","KN295735v1","320699","320795","16","30526058"
"chr7","31099624","31099892","KN296739v1","397137","397408","24","30702487"
"chr7","32306886","32307188","KN297141v1","152542","152844","35","32154344"
"chr7","32310242","32310549","KN294693v1","443833","444140","25","31866409"
"chr7","33873217","33873531","KN295735v1","635748","636056","45","33237469"
"chr7","34037021","34037317","KN296402v1","644175","644471","40","33392846"
"chr7","34326581","34326923","KN294407v1","1840936","1841273","57","32485645"
"chr7","36072925","36073222","KN295107v1","43247","43530","31","36029678"
"chr7","36517782","36518093","KN294181v1","1655832","1656144","43","34861950"
"chr7","36659661","36659963","KN297153v1","982502","982805","32","35677159"
"chr7","36798983","36799273","KN295107v1","732623","732923","34","36066360"
"chr7","37067495","37067793","KN294439v1","300738","301034","37","36766757"
"chr7","37163324","37163636","KN296303v1","373645","373940","48","36789679"
"chr7","37179173","37179461","KN295107v1","1127692","1127980","27","36051481"
"chr7","37330000","37330296","KN295107v1","1283723","1284018","17","36046277"
"chr7","37966523","37966765","KN294158v1","392232","392464","43","37574291"
"chr7","38138886","38139189","KN295405v1","492804","493098","46","37646082"
"chr7","38158197","38158494","KN296404v1","2965711","2966008","35","35192486"
"chr7","38159426","38159726","KN296635v1","3682782","3683079","39","34476644"
"chr7","39507646","39507909","KN296784v1","119851","120113","45","39387795"
"chr7","39516219","39516525","KN297046v1","1007338","1007647","41","38508881"
"chr7","40378443","40378752","KN297008v1","400368","400667","46","39978075"
"chr7","40490868","40491138","KN294257v1","2460776","2461045","33","38030092"
"chr7","40657556","40657853","KN294439v1","300738","301034","38","40356818"
"chr7","40922066","40922358","KN295420v1","192549","192848","41","40729517"
"chr7","40974994","40975284","KN296770v1","78926","79217","36","40896068"
"chr7","41375330","41375620","KN295110v1","221324","221616","36","41154006"
"chr7","42084421","42084709","KN295692v1","3729386","3729674","22","38355035"
"chr7","42247162","42247445","KN296588v1","13289","13578","38","42233873"
"chr7","42402658","42402958","KN295692v1","3383666","3383959","34","39018992"
"chr7","42620676","42620971","KN295692v1","3158934","3159238","37","39461742"
"chr7","43872959","43873041","KN295692v1","1885548","1885632","6","41987411"
"chr7","43923859","43924145","KN296588v1","13289","13578","37","43910570"
"chr7","44347739","44348043","KN296305v1","727438","727730","41","43620301"
"chr7","44855396","44855695","KN297227v1","187174","187471","31","44668222"
"chr7","45388564","45388859","KN296422v1","129610","129905","37","45258954"
"chr7","45497395","45497507","KN297227v1","822378","822489","9","44675017"
"chr7","45517425","45517718","KN295244v1","318312","318607","39","45199113"
"chr7","45606377","45606679","KN297227v1","934625","934922","40","44671752"
"chr7","45682539","45682847","KN295090v1","2881719","2882025","38","42800820"
"chr7","47690629","47690933","KN296609v1","295796","296099","32","47394833"
"chr7","48029978","48030269","KN294842v1","959846","960139","34","47070132"
"chr7","48267984","48268293","KN297203v1","1114855","1115163","29","47153129"
"chr7","48500552","48500848","KN294172v1","2441614","2441913","33","46058938"
"chr7","48519917","48520223","KN295294v1","849337","849645","44","47670580"
"chr7","48856074","48856380","KN297203v1","1731262","1731574","27","47124812"
"chr7","51050803","51051112","KN295294v1","849337","849645","37","50201466"
"chr7","51391869","51392157","KN296404v1","2965711","2966008","39","48426158"
"chr7","52070541","52070846","KN295708v1","975967","976273","43","51094574"
"chr7","52098918","52099206","KN295077v1","426667","426954","44","51672251"
"chr7","52160393","52160698","KN296865v1","1933794","1934101","34","50226599"
"chr7","52218397","52218687","KN294457v1","1018677","1018971","34","51199720"
"chr7","52239827","52240139","KN294945v1","204331","204640","33","52035496"
"chr7","52380216","52380515","KN294172v1","4261970","4262272","32","48118246"
"chr7","52894968","52895263","KN296775v1","1171643","1171944","43","51723325"
"chr7","55291461","55291766","KN294906v1","441586","441889","26","54849875"
"chr7","55559108","55559424","KN294874v1","1346769","1347088","54","54212339"
"chr7","56073052","56073328","KN295984v1","729021","729310","46","55344031"
"chr7","56238257","56238549","KN294457v1","1018677","1018971","34","55219580"
"chr7","56770476","56770792","KN296316v1","280716","281025","40","56489760"
"chr7","56816795","56817062","KN294485v1","291791","292070","38","56525004"
"chr7","56842999","56843302","KN294325v1","671385","671685","36","56171614"
"chr7","56866906","56867206","KN296311v1","1823337","1823634","34","55043569"
"chr7","56868607","56868906","KN296404v1","2965711","2966008","38","53902896"
"chr7","56893316","56893626","KN297121v1","187382","187689","42","56705934"
"chr7","56904844","56904982","KN295315v1","245414","245544","23","56659430"
"chr7","56913078","56913369","KN295117v1","255146","255434","46","56657932"
"chr7","56923728","56924037","KN294172v1","346409","346717","42","56577319"
"chr7","56987837","56988120","KN295077v1","426667","426954","42","56561170"
"chr7","57050486","57050794","KN295294v1","849337","849645","40","56201149"
"chr7","57084679","57084959","KN294987v1","346285","346567","40","56738394"
"chr7","57152893","57153191","KN296305v1","568169","568467","47","56584724"
"chr7","57190426","57190729","KN297444v1","360314","360617","39","56830112"
"chr7","57312159","57312450","KN294251v1","954096","954390","32","56358063"
"chr7","57330410","57330707","KN296580v1","116642","116943","48","57213768"
"chr7","57347946","57348259","KN297205v1","435353","435667","38","56912593"
"chr7","63088725","63089016","KN294991v1","933720","934011","37","62155005"
"chr7","63101396","63101706","KN296422v1","129610","129905","57","62971786"
"chr7","63105051","63105286","KN296157v1","1924601","1924827","37","61180450"
"chr7","63529293","63529583","KN295907v1","1624481","1624768","45","61904812"
"chr7","64015324","64015632","KN295313v1","223221","223522","30","63792103"
"chr7","64203836","64203969","KN296969v1","145558","145680","24","64058278"
"chr7","64363674","64363979","KN296322v1","2331544","2331850","42","62032130"
"chr7","64373031","64373334","KN294470v1","482377","482680","50","63890654"
"chr7","64640289","64640592","KN294416v1","327416","327717","36","64312873"
"chr7","64691109","64691320","KN297242v1","308315","308525","34","64382794"
"chr7","64921696","64921991","KN296486v1","163955","164261","41","64757741"
"chr7","65015922","65016216","KN294439v1","300738","301034","40","64715184"
"chr7","65053854","65054166","KN296119v1","1523270","1523583","46","63530584"
"chr7","73064348","73064566","KN294741v1","808194","808414","39","72256154"
"chr7","73149565","73149863","KN297141v1","152542","152844","40","72997023"
"chr7","73211149","73211460","KN294506v1","22535","22843","47","73188614"
"chr7","73263043","73263340","KN294506v1","82958","83259","28","73180085"
"chr7","73343918","73344168","KN294506v1","152574","152829","32","73191344"
"chr7","73366671","73366985","KN294506v1","179137","179448","31","73187534"
"chr7","73368877","73369167","KN295706v1","150980","151270","38","73217897"
"chr7","73533069","73533371","KN295375v1","114875","115176","48","73418194"
"chr7","73590925","73591223","KN296261v1","99584","99884","38","73491341"
"chr7","73610366","73610663","KN294506v1","367215","367500","26","73243151"
"chr7","73682489","73682784","KN294175v1","20081","20372","33","73662408"
"chr7","73843450","73843747","KN296404v1","2399857","2400155","36","71443593"
"chr7","73895911","73896204","KN294634v1","275869","276162","47","73620042"
"chr7","74018010","74018095","KN297154v1","749472","749558","14","73268538"
"chr7","74018443","74018472","KN296119v1","3496644","3496671","6","70521799"
"chr7","74120405","74120706","KN294874v1","619764","620065","31","73500641"
"chr7","74935543","74935844","KN295523v1","2221436","2221738","34","72714107"
"chr7","75172150","75172447","KN296948v1","810301","810600","39","74361849"
"chr7","75327720","75328005","KN296588v1","13289","13578","41","75314431"
"chr7","75328041","75328054","KN296311v1","5447840","5447854","3","69880201"
"chr7","75802310","75802598","KN294987v1","538565","538859","49","75263745"
"chr7","75951996","75952305","KN295962v1","1758214","1758526","35","74193782"
"chr7","76183339","76183646","KN296865v1","1933794","1934101","45","74249545"
"chr7","76238862","76239153","KN295962v1","1449992","1450292","33","74788870"
"chr7","76253317","76253600","KN295596v1","1971635","1971913","37","74281682"
"chr7","76257588","76257904","KN295962v1","1431841","1432153","36","74825747"
"chr7","76263194","76263508","KN295459v1","634986","635295","38","75628208"
"chr7","76299472","76299770","KN295977v1","1364225","1364532","46","74935247"
"chr7","76496037","76496320","KN295652v1","343132","343416","44","76152905"
"chr7","77112291","77112587","KN295883v1","341100","341400","33","76771191"
"chr7","77121308","77121652","KN295962v1","520507","520854","25","76600801"
"chr7","77139530","77139832","KN297095v1","3773761","3774062","35","73365769"
"chr7","77190638","77190930","KN295107v1","1283723","1284018","36","75906915"
"chr7","77238474","77238773","KN295523v1","2221436","2221738","38","75017038"
"chr7","77403552","77403849","KN295962v1","228012","228315","32","77175540"
"chr7","77951083","77951374","KN297046v1","3476449","3476739","38","74474634"
"chr7","78027407","78027706","KN296019v1","305793","306089","31","77721614"
"chr7","78055912","78056190","KN296959v1","1187668","1187943","53","76868244"
"chr7","78719364","78719653","KN295430v1","2487355","2487647","41","76232009"
"chr7","78750526","78750834","KN294443v1","739291","739598","47","78011235"
"chr7","78804597","78804894","KN296635v1","5238302","5238600","32","73566295"
"chr7","78818517","78818810","KN294457v1","1018677","1018971","36","77799840"
"chr7","79046866","79047148","KN296054v1","32553","32831","36","79014313"
"chr7","79106588","79106882","KN297112v1","5826102","5826396","29","73280486"
"chr7","79250765","79251053","KN295315v1","2445620","2445907","45","76805145"
"chr7","79304854","79305138","KN294761v1","1769883","1770150","51","77534971"
"chr7","79335287","79335585","KN294439v1","300738","301034","35","79034549"
"chr7","79470203","79470532","KN294957v1","64569","64891","42","79405634"
"chr7","79482925","79483250","KN295449v1","736149","736483","66","78746776"
"chr7","79597819","79598102","KN296063v1","1202275","1202554","43","78395544"
"chr7","79695909","79696205","KN296498v1","392214","392512","44","79303695"
"chr7","79762787","79763090","KN295637v1","380266","380573","37","79382521"
"chr7","79846919","79847225","KN295523v1","556214","556518","32","79290705"
"chr7","79884265","79884563","KN296096v1","2342383","2342678","37","77541882"
"chr7","79924634","79924911","KN295459v1","140500","140772","39","79784134"
"chr7","79940732","79940977","KN295977v1","1257123","1257362","34","78683609"
"chr7","80005528","80005823","KN294399v1","252270","252562","37","79753258"
"chr7","80032717","80033011","KN294399v1","232858","233148","27","79799859"
"chr7","80121891","80122197","KN294172v1","4261970","4262272","33","75859921"
"chr7","80321048","80321131","KN295692v1","1885548","1885632","9","78435500"
"chr7","80334299","80334568","KN296538v1","973901","974153","51","79360398"
"chr7","80362653","80362945","KN296079v1","1115350","1115639","35","79247303"
"chr7","80399128","80399331","KN295326v1","305901","306095","34","80093227"
"chr7","80564445","80564749","KN295708v1","975967","976273","37","79588478"
"chr7","80567483","80567784","KN295671v1","216235","216540","40","80351248"
"chr7","80676288","80676576","KN294571v1","489095","489386","39","80187193"
"chr7","80765349","80765731","KN295091v1","2216521","2216892","108","78548828"
"chr7","80955000","80955197","KN294987v1","1164602","1164812","40","79790398"
"chr7","81228997","81229281","KN295607v1","4148434","4148717","42","77080563"
"chr7","81229307","81229323","KN295354v1","125420","125433","4","81103887"
"chr7","81240276","81240572","KN294439v1","300738","301034","38","80939538"
"chr7","81439869","81440184","KN294172v1","2441614","2441913","47","78998255"
"chr7","81446323","81446419","KN294705v1","2216781","2216882","20","79229542"
"chr7","81466785","81467078","KN296311v1","5551109","5551405","38","75915676"
"chr7","81537751","81538036","KN297184v1","805116","805398","39","80732635"
"chr7","81617964","81618272","KN294172v1","4261970","4262272","45","77355994"
"chr7","81726885","81727171","KN296588v1","13289","13578","35","81713596"
"chr7","81748478","81748783","KN294506v1","352478","352773","26","81396000"
"chr7","81807047","81807308","KN297121v1","161380","161653","59","81645667"
"chr7","81892732","81893040","KN296743v1","245342","245652","37","81647390"
"chr7","81915168","81915435","KN297227v1","101411","101676","41","81813757"
"chr7","82013708","82014019","KN295717v1","1411094","1411403","38","80602614"
"chr7","82063597","82063869","KN297320v1","138420","138696","47","81925177"
"chr7","82191436","82191747","KN294443v1","739291","739598","37","81452145"
"chr7","82229878","82230178","KN296096v1","1838666","1838962","39","80391212"
"chr7","82295049","82295362","KN296738v1","177153","177462","46","82117896"
"chr7","82451707","82452005","KN295814v1","769523","769821","40","81682184"
"chr7","82567104","82567386","KN296079v1","1115350","1115639","39","81451754"
"chr7","82605412","82605709","KN296513v1","900469","900768","48","81704943"
"chr7","82609579","82609804","KN296253v1","1347681","1347896","43","81261898"
"chr7","82670202","82670501","KN294705v1","217192","217491","43","82453010"
"chr7","82933932","82934221","KN296731v1","1599838","1600125","35","81334094"
"chr7","83216378","83216680","KN295596v1","1653699","1653998","36","81562679"
"chr7","83335088","83335177","KN295402v1","1251986","1252075","10","82083102"
"chr7","83392763","83393064","KN296938v1","86218","86522","46","83306545"
"chr7","83402685","83402983","KN295708v1","1212763","1213070","46","82189922"
"chr7","83466986","83467292","KN297153v1","982502","982805","42","82484484"
"chr7","83667099","83667338","KN295382v1","229095","229345","58","83438004"
"chr7","85063954","85064264","KN294662v1","103164","103467","55","84960790"
"chr7","85824277","85824591","KN296062v1","1286121","1286436","44","84538156"
"chr7","86938259","86938570","KN296485v1","176756","177062","48","86761503"
"chr7","87267720","87268021","KN296594v1","636925","637224","41","86630795"
"chr7","87445626","87445682","KN294880v1","445","503","7","87445181"
"chr7","88811725","88811995","KN297327v1","385678","385955","39","88426047"
"chr7","89419562","89419884","KN294949v1","1577610","1577925","54","87841952"
"chr7","89541606","89541892","KN294439v1","300738","301034","50","89240868"
"chr7","89830253","89830570","KN296133v1","269435","269752","42","89560818"
"chr7","90113450","90113761","KN296004v1","40917","41230","41","90072533"
"chr7","91338605","91338900","KN296287v1","90153","90446","36","91248452"
"chr7","91453066","91453359","KN297148v1","486939","487237","40","90966127"
"chr7","92276613","92276919","KN296634v1","204797","205096","36","92071816"
"chr7","93287369","93287672","KN295102v1","291073","291373","39","92996296"
"chr7","94556143","94556434","KN295523v1","3194371","3194661","40","91361772"
"chr7","96179522","96179812","KN297046v1","1341031","1341321","37","94838491"
"chr7","96563267","96563579","KN294251v1","3490141","3490453","47","93073126"
"chr7","97731523","97731833","KN295531v1","74200","74508","42","97657323"
"chr7","97773506","97773744","KN296153v1","3908850","3909065","54","93864656"
"chr7","97872462","97872755","KN297026v1","205762","206051","37","97666700"
"chr7","97989976","97990278","KN294662v1","103164","103467","37","97886812"
"chr7","98034396","98034671","KN296484v1","59923","60204","49","97974473"
"chr7","98582570","98582864","KN294457v1","1018677","1018971","34","97563893"
"chr7","98756050","98756345","KN294536v1","431967","432266","40","98324083"
"chr7","101728144","101728447","KN296508v1","20473","20772","37","101707671"
"chr7","102494602","102494871","KN294761v1","1769883","1770150","40","100724719"
"chr7","102704287","102704554","KN295490v1","165749","166030","38","102538538"
"chr7","103481860","103482151","KN295343v1","578867","579161","36","102902993"
"chr7","103726795","103727060","KN294630v1","501216","501474","24","103225579"
"chr7","103754233","103754528","KN295601v1","1054911","1055206","42","102699322"
"chr7","103757221","103757404","KN296609v1","3126435","3126635","61","100630786"
"chr7","103763789","103764098","KN295523v1","556214","556518","33","103207575"
"chr7","103892817","103893115","KN294630v1","330424","330704","40","103562393"
"chr7","103898876","103899156","KN295236v1","4082902","4083183","30","99815974"
"chr7","104172630","104172943","KN295236v1","753928","754234","39","103418702"
"chr7","104188921","104189217","KN297197v1","4305535","4305831","36","99883386"
"chr7","104218670","104218983","KN295294v1","849337","849645","53","103369333"
"chr7","104252356","104252631","KN294842v1","617561","617838","39","103634795"
"chr7","104257473","104257777","KN295967v1","550401","550707","39","103707072"
"chr7","104339124","104339434","KN296731v1","1520595","1520896","41","102818529"
"chr7","104477743","104478051","KN296311v1","5551109","5551405","42","98926634"
"chr7","104488746","104489047","KN297038v1","159105","159406","39","104329641"
"chr7","104634393","104634692","KN297153v1","982502","982805","36","103651891"
"chr7","104655671","104655916","KN296108v1","1008472","1008714","44","103647199"
"chr7","104685050","104685359","KN296062v1","1571490","1571788","47","103113560"
"chr7","104693524","104693819","KN297197v1","4305535","4305831","31","100387989"
"chr7","104785362","104785538","KN294172v1","1604931","1605105","27","103180431"
"chr7","104921899","104922198","KN295923v1","958696","958996","27","103963203"
"chr7","104988896","104989209","KN294172v1","2441614","2441913","47","102547282"
"chr7","105020182","105020487","KN295107v1","1435288","1435595","43","103584894"
"chr7","105384245","105384553","KN294493v1","393207","393512","40","104991038"
"chr7","105598313","105598592","KN295523v1","2951315","2951605","71","102646998"
"chr7","105705248","105705549","KN296311v1","5551109","5551405","35","100154139"
"chr7","105879123","105879439","KN295573v1","1295388","1295699","42","104583735"
"chr7","105889380","105889678","KN294457v1","1018677","1018971","40","104870703"
"chr7","105889846","105890120","KN296588v1","13289","13578","40","105876557"
"chr7","105898967","105899266","KN295923v1","2418053","2418351","32","103480914"
"chr7","105961774","105962064","KN294439v1","300738","301034","36","105661036"
"chr7","106066200","106066501","KN294501v1","959940","960242","35","105106260"
"chr7","106179531","106179805","KN294761v1","1769883","1770150","45","104409648"
"chr7","106185158","106185318","KN295729v1","1032420","1032580","28","105152738"
"chr7","106192866","106193130","KN295361v1","463073","463334","48","105729793"
"chr7","106214325","106214624","KN294182v1","193047","193344","40","106021278"
"chr7","106290331","106290637","KN294842v1","959846","960139","48","105330485"
"chr7","106366062","106366370","KN295090v1","2881719","2882025","43","103484343"
"chr7","106451581","106451858","KN294728v1","1298722","1299008","54","105152859"
"chr7","106712660","106712962","KN295470v1","49643","49945","36","106663017"
"chr7","107109826","107110106","KN296732v1","1792478","1792756","31","105317348"
"chr7","107110143","107110165","KN295236v1","4083223","4083246","5","103026920"
"chr7","107584564","107584867","KN296167v1","91576","91878","44","107492988"
"chr7","107914625","107914842","KN296253v1","1347681","1347896","42","106566944"
"chr7","107961099","107961395","KN296921v1","763793","764087","38","107197306"
"chr7","108201349","108201594","KN296244v1","653126","653373","38","107548223"
"chr7","108762243","108762526","KN295633v1","1047268","1047559","35","107714975"
"chr7","108988260","108988566","KN295814v1","1558400","1558704","41","107429860"
"chr7","109102468","109102757","KN294251v1","954096","954390","35","108148372"
"chr7","109843080","109843355","KN295081v1","29716","29995","38","109813364"
"chr7","109944816","109945096","KN294499v1","1471813","1472085","28","108473003"
"chr7","110012310","110012595","KN294499v1","1541256","1541549","55","108471054"
"chr7","110118596","110118817","KN297112v1","3923306","3923518","38","106195290"
"chr7","110141476","110141662","KN295825v1","624686","624866","60","109516790"
"chr7","110427512","110427808","KN294499v1","1970854","1971150","27","108456658"
"chr7","110961527","110961797","KN297121v1","161380","161653","44","110800147"
"chr7","112109902","112110206","KN297095v1","3773761","3774062","39","108336141"
"chr7","112661144","112661278","KN296153v1","3511382","3511514","16","109149762"
"chr7","115163279","115163591","KN296311v1","5551109","5551405","49","109612170"
"chr7","116306823","116307121","KN296743v1","2012835","2013130","38","114293988"
"chr7","116346220","116346514","KN294326v1","512","800","38","116345708"
"chr7","116427007","116427312","KN295523v1","2221436","2221738","37","114205571"
"chr7","116587283","116587578","KN294856v1","342348","342654","58","116244935"
"chr7","116619110","116619415","KN294443v1","739291","739598","31","115879819"
"chr7","116783836","116784147","KN295523v1","2221436","2221738","39","114562400"
"chr7","117650036","117650338","KN294911v1","2469693","2469997","35","115180343"
"chr7","119049928","119050234","KN295744v1","299244","299554","41","118750684"
"chr7","119334608","119334732","KN294421v1","1422833","1422964","18","117911775"
"chr7","120926128","120926436","KN295225v1","2330730","2331041","31","118595398"
"chr7","121463392","121463697","KN294856v1","342348","342654","32","121121044"
"chr7","121998531","121998828","KN295854v1","1678566","1678867","36","120319965"
"chr7","122049992","122050300","KN295533v1","1879409","1879714","40","120170583"
"chr7","122492159","122492471","KN296513v1","962012","962324","42","121530147"
"chr7","122851790","122852087","KN294182v1","193047","193344","40","122658743"
"chr7","123810780","123811071","KN296422v1","129610","129905","40","123681170"
"chr7","124991074","124991366","KN297091v1","5851","6158","28","124985223"
"chr7","125165507","125165824","KN295459v1","1404910","1405218","63","123760597"
"chr7","125433549","125433856","KN295045v1","1088023","1088324","38","124345526"
"chr7","126247163","126247455","KN296422v1","129610","129905","34","126117553"
"chr7","126289898","126290162","KN297442v1","822414","822676","45","125467484"
"chr7","128219400","128219661","KN297442v1","2402497","2402757","42","125816903"
"chr7","128725492","128725789","KN297444v1","360314","360617","40","128365178"
"chr7","128884473","128884750","KN297157v1","27582","27864","45","128856891"
"chr7","132476298","132476593","KN295107v1","1283723","1284018","35","131192575"
"chr7","132922033","132922328","KN294439v1","300738","301034","36","132621295"
"chr7","132949415","132949719","KN295294v1","849337","849645","35","132100078"
"chr7","133700244","133700357","KN294470v1","523433","523540","20","133176811"
"chr7","133971217","133971294","KN297153v1","1323853","1323933","13","132647364"
"chr7","134306540","134306802","KN294218v1","2166564","2166845","59","132139976"
"chr7","134398122","134398427","KN295294v1","849337","849645","34","133548785"
"chr7","134602713","134602872","KN294488v1","288705","288860","33","134314008"
"chr7","135052575","135052864","KN294372v1","2237375","2237670","41","132815200"
"chr7","135184589","135184895","KN296732v1","1455446","1455745","37","133729143"
"chr7","135389046","135389236","KN296096v1","1230031","1230232","39","134159015"
"chr7","135573464","135573744","KN295607v1","4148434","4148717","45","131425030"
"chr7","135573746","135574057","KN295983v1","1555954","1556260","37","134017792"
"chr7","135646098","135646405","KN295671v1","216235","216540","40","135429863"
"chr7","136044857","136045165","KN294346v1","421482","421800","35","135623375"
"chr7","136875675","136875975","KN294172v1","2326208","2326504","39","134549467"
"chr7","137515564","137515859","KN294457v1","1018677","1018971","27","136496887"
"chr7","137654264","137654563","KN296508v1","1861452","1861744","51","135792812"
"chr7","137726910","137727195","KN296528v1","1527121","1527406","35","136199789"
"chr7","137800319","137800615","KN296541v1","3385282","3385588","57","134415037"
"chr7","138006379","138006689","KN295871v1","667156","667468","38","137339223"
"chr7","138113114","138113405","KN297112v1","5826102","5826396","34","132287012"
"chr7","139261832","139262136","KN297190v1","4639539","4639836","56","134622293"
"chr7","139744439","139744543","KN295814v1","729586","729683","18","139014853"
"chr7","139893613","139893917","KN295523v1","556214","556518","36","139337399"
"chr7","139909283","139909592","KN295090v1","2881719","2882025","44","137027564"
"chr7","139968895","139969188","KN296635v1","126740","127032","33","139842155"
"chr7","140077254","140077556","KN297233v1","1129546","1129845","21","138947708"
"chr7","140088539","140088817","KN297233v1","1117852","1118142","34","138970687"
"chr7","140274576","140274893","KN297233v1","928929","929246","38","139345647"
"chr7","140674256","140674556","KN295410v1","667929","668225","48","140006327"
"chr7","141101553","141101863","KN296435v1","2563437","2563748","38","138538116"
"chr7","141825427","141825721","KN294365v1","462497","462793","36","141362930"
"chr7","142013500","142013793","KN296635v1","126740","127032","36","141886760"
"chr7","142485351","142485463","KN294470v1","523433","523540","17","141961918"
"chr7","142545358","142545664","KN295090v1","2881719","2882025","35","139663639"
"chr7","142602286","142602580","KN294439v1","300738","301034","35","142301548"
"chr7","143131774","143132062","KN295706v1","150980","151270","37","142980794"
"chr7","143178952","143179263","KN295074v1","341643","341951","28","142837309"
"chr7","143601921","143602220","KN295077v1","388250","388549","33","143213671"
"chr7","144057582","144057874","KN294874v1","619764","620065","41","143437818"
"chr7","144600265","144600579","KN294443v1","739291","739598","46","143860974"
"chr7","144806306","144806448","KN296153v1","1325304","1325453","27","143481002"
"chr7","144957979","144958238","KN294879v1","123578","123838","23","144834401"
"chr7","144987378","144987645","KN294879v1","153087","153349","19","144834291"
"chr7","145310119","145310426","KN294443v1","739291","739598","42","144570828"
"chr7","145312121","145312187","KN294790v1","2423244","2423306","14","142888877"
"chr7","145535088","145535381","KN294879v1","694535","694829","26","144840553"
"chr7","145772782","145773016","KN294879v1","934270","934507","30","144838512"
"chr7","145904465","145904753","KN295923v1","639205","639493","38","145265260"
"chr7","145906515","145906798","KN294987v1","346285","346567","36","145560230"
"chr7","146028346","146028641","KN294467v1","224171","224477","44","145804175"
"chr7","146560642","146560949","KN294987v1","152903","153215","34","146407739"
"chr7","147026378","147026677","KN294874v1","619764","620065","37","146406614"
"chr7","147478895","147479208","KN294790v1","993295","993605","45","146485600"
"chr7","147489278","147489573","KN294439v1","300738","301034","36","147188540"
"chr7","147856998","147857287","KN296732v1","3671264","3671550","36","144185734"
"chr7","148011537","148011664","KN295154v1","318162","318288","23","147693375"
"chr7","148646073","148646355","KN295962v1","1565860","1566141","46","147080213"
"chr7","148649389","148649573","KN294790v1","3568985","3569161","27","145080404"
"chr7","148768538","148768849","KN294407v1","707064","707376","45","148061474"
"chr7","148847863","148848100","KN296311v1","6934502","6934740","30","141913361"
"chr7","149097755","149098031","KN297046v1","2855852","2856127","38","146241903"
"chr7","149150858","149151154","KN294457v1","1018677","1018971","33","148132181"
"chr7","149491932","149492243","KN294443v1","739291","739598","47","148752641"
"chr7","150019188","150019500","KN294181v1","1655832","1656144","46","148363356"
"chr7","150395779","150396069","KN296096v1","2743314","2743604","35","147652465"
"chr7","150578484","150578790","KN294978v1","2055443","2055742","52","148523041"
"chr7","151070055","151070359","KN294372v1","2672577","2672878","39","148397478"
"chr7","151168917","151169091","KN294172v1","1604931","1605105","33","149563986"
"chr7","151516279","151516571","KN295633v1","161032","161323","37","151355247"
"chr7","151849615","151849896","KN295596v1","66567","66857","45","151783048"
"chr7","152096294","152096595","KN296460v1","1723302","1723602","31","150372992"
"chr7","152570266","152570574","KN295281v1","186868","187179","32","152383398"
"chr7","152744130","152744419","KN295352v1","59329","59611","37","152684801"
"chr7","153145065","153145364","KN296460v1","656150","656447","22","152488915"
"chr7","153287941","153288239","KN296460v1","503310","503605","36","152784631"
"chr7","153580209","153580519","KN295236v1","1883860","1884167","43","151696349"
"chr7","153659625","153659930","KN296460v1","130610","130915","24","153529015"
"chr7","153914968","153915268","KN295077v1","388250","388549","38","153526718"
"chr7","154383051","154383336","KN295667v1","595363","595651","48","153787688"
"chr7","155144760","155145066","KN297274v1","1207421","1207728","39","153937339"
"chr7","155236308","155236596","KN294457v1","1018677","1018971","53","154217631"
"chr7","155355601","155355902","KN295090v1","2881719","2882025","34","152473882"
"chr7","155413781","155414081","KN295814v1","769523","769821","45","154644258"
"chr7","155583139","155583450","KN294407v1","707064","707376","34","154876075"
"chr7","155699387","155699700","KN295596v1","1983125","1983437","35","153716262"
"chr7","155747313","155747609","KN296404v1","2965711","2966008","31","152781602"
"chr7","155797253","155797378","KN295735v1","463489","463612","19","155333764"
"chr7","156189422","156189722","KN294571v1","1050804","1051111","37","155138618"
"chr7","156190151","156190429","KN297008v1","3704335","3704617","33","152485816"
"chr7","156201127","156201413","KN297452v1","2174294","2174579","40","154026833"
"chr7","156433166","156433459","KN295077v1","388250","388549","45","156044916"
"chr7","156448918","156449207","KN294439v1","300738","301034","43","156148180"
"chr7","157136158","157136461","KN295533v1","2478184","2478484","45","154657974"
"chr7","157206318","157206624","KN296306v1","189893","190200","29","157016425"
"chr7","157364750","157365042","KN296620v1","918824","919110","39","156445926"
"chr7","157373068","157373359","KN296306v1","374474","374765","26","156998594"
"chr7","157392411","157392709","KN296306v1","394908","395216","42","156997503"
"chr7","157588222","157588536","KN294325v1","671385","671685","42","156916837"
"chr7","157903241","157903545","KN295090v1","2881719","2882025","34","155021522"
"chr7","157948280","157948483","KN297096v1","9914","10132","54","157938366"
"chr7","158013868","158014160","KN297133v1","1704881","1705174","28","156308987"
"chr7","158038073","158038339","KN296485v1","571271","571537","35","157466802"
"chr7","158148757","158149064","KN296306v1","1552937","1553241","22","156595820"
"chr7","158205837","158206130","KN294433v1","763042","763340","55","157442795"
"chr7","158331849","158332139","KN297320v1","1622296","1622585","36","156709553"
"chr7","158880084","158880400","KN295090v1","2881719","2882025","43","155998365"
"chr7","161472252","161472495","KN296108v1","1008472","1008714","35","160463780"
"chr7","161885097","161885407","KN297343v1","714401","714707","24","161170696"
"chr7","162202532","162202836","KN297343v1","388874","389176","35","161813658"
"chr7","162554167","162554472","KN297343v1","49709","50014","32","162504458"
"chr7","162604548","162604709","KN296290v1","593470","593637","20","162011078"
"chr8","736151","736461","KN294458v1","231870","232179","38","504281"
"chr8","1703299","1703593","KN295368v1","1855168","1855468","38","151869"
"chr8","1705514","1705801","KN294234v1","1365056","1365353","38","340458"
"chr8","1774683","1774980","KN294234v1","1304920","1305220","23","469763"
"chr8","2557333","2557637","KN296322v1","2331544","2331850","36","225789"
"chr8","2779610","2779907","KN294439v1","300738","301034","38","2478872"
"chr8","3584113","3584413","KN295323v1","697327","697631","31","2886786"
"chr8","3765912","3765970","KN296495v1","1661947","1662006","9","2103965"
"chr8","4122404","4122730","KN296594v1","636925","637224","69","3485479"
"chr8","5224293","5224602","KN297263v1","472093","472394","46","4752200"
"chr8","6219478","6219791","KN296322v1","2331544","2331850","38","3887934"
"chr8","6242886","6243172","KN295706v1","150980","151270","38","6091906"
"chr8","6271849","6271987","KN295430v1","2442467","2442601","28","3829382"
"chr8","6272019","6272219","KN297259v1","663588","663773","40","5608431"
"chr8","6478364","6478675","KN294407v1","707064","707376","37","5771300"
"chr8","8944012","8944297","KN297366v1","616589","616875","38","8327423"
"chr8","9674612","9674917","KN295531v1","74200","74508","41","9600412"
"chr8","9839072","9839381","KN294172v1","4261970","4262272","41","5577102"
"chr8","10583172","10583480","KN294172v1","5329301","5329600","45","5253871"
"chr8","10772221","10772540","KN296743v1","245342","245652","57","10526879"
"chr8","10981760","10982063","KN295236v1","2465192","2465497","43","8516568"
"chr8","12162624","12162934","KN296096v1","2319038","2319345","46","9843586"
"chr8","12170167","12170460","KN295433v1","23778","24071","47","12146389"
"chr8","13729953","13730129","KN297215v1","545203","545376","11","13184750"
"chr8","14605497","14605802","KN295523v1","556214","556518","42","14049283"
"chr8","14638306","14638641","KN294949v1","1577610","1577925","59","13060696"
"chr8","14950223","14950524","KN296609v1","295796","296099","38","14654427"
"chr8","15295741","15296049","KN295705v1","376067","376372","44","14919674"
"chr8","15484093","15484430","KN295236v1","2888775","2889100","64","12595318"
"chr8","15551113","15551393","KN294260v1","1373842","1374126","47","14177271"
"chr8","16138607","16138800","KN295343v1","650233","650423","31","15488374"
"chr8","17212011","17212310","KN296019v1","190090","190393","39","17021921"
"chr8","17282523","17282834","KN295371v1","891415","891719","47","16391108"
"chr8","17564619","17564922","KN295907v1","723658","723980","40","16840961"
"chr8","18053845","18054066","KN296538v1","303426","303645","37","17750419"
"chr8","18117219","18117512","KN295907v1","1275087","1275383","28","16842132"
"chr8","18329904","18330204","KN294837v1","387266","387564","43","17942638"
"chr8","18456506","18456792","KN295907v1","1624481","1624768","27","16832025"
"chr8","18522770","18523077","KN295975v1","53540","53846","46","18469230"
"chr8","18592093","18592390","KN297048v1","305838","306132","37","18286255"
"chr8","18597312","18597618","KN296864v1","3244974","3245273","36","15352338"
"chr8","18668545","18668835","KN295077v1","426667","426954","35","18241878"
"chr8","18744110","18744390","KN295907v1","1929142","1929405","39","16814968"
"chr8","18967757","18967860","KN295907v1","2149009","2149104","12","16818748"
"chr8","19276893","19277187","KN294439v1","300738","301034","32","18976155"
"chr8","19403222","19403526","KN295907v1","2582419","2582721","31","16820803"
"chr8","19442901","19443220","KN295907v1","2624108","2624423","36","16818793"
"chr8","19702039","19702309","KN294187v1","242848","243117","43","19459191"
"chr8","19800388","19800670","KN295205v1","717742","718025","41","19082646"
"chr8","20057467","20057782","KN295236v1","1883860","1884167","44","18173607"
"chr8","20410169","20410453","KN295652v1","343132","343416","8","20067037"
"chr8","20485268","20485474","KN295079v1","400228","400432","35","20085040"
"chr8","21321336","21321632","KN296305v1","568169","568467","35","20753167"
"chr8","21731810","21732104","KN296508v1","1861452","1861744","43","19870358"
"chr8","22177792","22178084","KN295814v1","769523","769821","38","21408269"
"chr8","22394100","22394383","KN296806v1","97956","98240","35","22296144"
"chr8","22501016","22501310","KN295430v1","2487355","2487647","46","20013661"
"chr8","22781488","22781719","KN296861v1","91226","91452","48","22690262"
"chr8","22794579","22794902","KN296322v1","2331544","2331850","46","20463035"
"chr8","23251813","23252119","KN296847v1","1837114","1837414","42","21414699"
"chr8","23775829","23776143","KN296743v1","245342","245652","40","23530487"
"chr8","23930795","23931091","KN295596v1","3080087","3080384","38","20850708"
"chr8","23981140","23981446","KN294842v1","849678","849987","47","23131462"
"chr8","24511682","24511974","KN296682v1","5272387","5272680","25","19239295"
"chr8","24589095","24589389","KN296682v1","5195332","5195618","43","19393763"
"chr8","24729945","24730252","KN295533v1","2550969","2551279","42","22178976"
"chr8","25036233","25036401","KN296682v1","4731421","4731589","13","20304812"
"chr8","25335167","25335474","KN295871v1","667156","667468","40","24668011"
"chr8","25560207","25560520","KN296145v1","1501592","1501907","45","24058615"
"chr8","25588096","25588391","KN296682v1","4158169","4158474","28","21429927"
"chr8","25678775","25679085","KN297008v1","1691093","1691401","42","23987682"
"chr8","25773952","25774269","KN296682v1","3970563","3970870","29","21803389"
"chr8","26121470","26121777","KN294499v1","1970854","1971150","48","24150616"
"chr8","26637310","26637606","KN296311v1","5551109","5551405","39","21086201"
"chr8","26727531","26727896","KN294509v1","45439","45805","76","26682092"
"chr8","26730918","26731236","KN296682v1","3011760","3012064","39","23719158"
"chr8","26747781","26747834","KN294880v1","445","503","9","26747336"
"chr8","26747835","26748133","KN296588v1","13289","13578","44","26734546"
"chr8","26864491","26864658","KN295498v1","114768","114933","29","26749723"
"chr8","27388455","27388744","KN296682v1","2336326","2336613","28","25052129"
"chr8","27521377","27521667","KN296682v1","2202168","2202455","25","25319209"
"chr8","28041754","28042056","KN296682v1","1646853","1647159","27","26394901"
"chr8","28200916","28200980","KN296495v1","1661947","1662006","10","26538969"
"chr8","28902950","28903235","KN294456v1","1570309","1570590","38","27332641"
"chr8","29422070","29422370","KN297141v1","152542","152844","38","29269528"
"chr8","29934142","29934451","KN294181v1","1488459","1488767","41","28445683"
"chr8","30268352","30268664","KN296916v1","602568","602869","31","29665784"
"chr8","30281856","30282151","KN294592v1","1365380","1365673","46","28916476"
"chr8","31255712","31256034","KN294977v1","133969","134282","57","31121743"
"chr8","31458278","31458580","KN294372v1","2580401","2580700","37","28877877"
"chr8","31783898","31784193","KN295107v1","1283723","1284018","33","30500175"
"chr8","32789965","32790205","KN294373v1","866015","866255","21","31923950"
"chr8","33110854","33111134","KN297008v1","3704335","3704617","37","29406519"
"chr8","33278582","33278889","KN294373v1","363662","363967","40","32914920"
"chr8","34002425","34002728","KN297141v1","152542","152844","33","33849883"
"chr8","34148158","34148461","KN296146v1","170328","170637","39","33977830"
"chr8","34445892","34446210","KN296404v1","1840967","1841270","53","32604925"
"chr8","34577286","34577572","KN296588v1","13289","13578","39","34563997"
"chr8","34594831","34595127","KN295923v1","639205","639493","57","33955626"
"chr8","35112361","35112661","KN296635v1","5254836","5255128","45","29857525"
"chr8","35188442","35188741","KN294987v1","364320","364620","42","34824122"
"chr8","35291713","35292013","KN296096v1","2342383","2342678","37","32949330"
"chr8","35430953","35431259","KN296404v1","2965711","2966008","38","32465242"
"chr8","35460493","35460787","KN294457v1","1018677","1018971","35","34441816"
"chr8","35654227","35654509","KN294705v1","88883","89167","33","35565344"
"chr8","36649875","36650188","KN295722v1","1843463","1843767","55","34806412"
"chr8","36652791","36652852","KN294385v1","2588","2649","8","36650203"
"chr8","36657013","36657287","KN295459v1","140500","140772","37","36516513"
"chr8","36673428","36673732","KN296404v1","1840967","1841270","45","34832461"
"chr8","37255159","37255460","KN296218v1","129905","130214","47","37125254"
"chr8","37403528","37403842","KN296743v1","245342","245652","43","37158186"
"chr8","37471646","37471934","KN294964v1","662807","663094","31","36808839"
"chr8","37990239","37990386","KN296516v1","50755","50899","32","37939484"
"chr8","38239238","38239541","KN296176v1","795995","796298","40","37443243"
"chr8","38432519","38432828","KN294396v1","179685","179998","32","38252834"
"chr8","38687628","38687932","KN294396v1","441764","442073","31","38245864"
"chr8","38711041","38711346","KN294396v1","466650","466935","42","38244391"
"chr8","38717914","38718217","KN294396v1","473649","473951","32","38244265"
"chr8","38755924","38756218","KN296635v1","3682782","3683079","42","35073142"
"chr8","38795437","38795747","KN296305v1","568169","568467","47","38227268"
"chr8","38862226","38862450","KN296698v1","98867","99095","16","38763359"
"chr8","38901794","38902059","KN296507v1","428632","428906","44","38473162"
"chr8","38903619","38903719","KN297354v1","262541","262645","15","38641078"
"chr8","39024079","39024346","KN294172v1","4176770","4177051","39","34847309"
"chr8","39031442","39031708","KN295825v1","1372270","1372545","47","37659172"
"chr8","39247056","39247329","KN295735v1","803449","803732","47","38443607"
"chr8","39300699","39301003","KN296062v1","1513349","1513658","53","37787350"
"chr8","39339435","39339740","KN295923v1","958696","958996","34","38380739"
"chr8","39416810","39417107","KN294372v1","1816578","1816877","34","37600232"
"chr8","39575448","39575749","KN294745v1","54863","55159","34","39520585"
"chr8","39713295","39713561","KN294416v1","485346","485604","43","39227949"
"chr8","39732963","39733254","KN296714v1","106545","106837","18","39626418"
"chr8","40497357","40497640","KN296305v1","727438","727730","46","39769919"
"chr8","40501558","40501860","KN295671v1","216235","216540","35","40285323"
"chr8","40504972","40505321","KN295441v1","1055145","1055464","81","39449827"
"chr8","41024752","41025020","KN296142v1","353305","353561","24","40671447"
"chr8","41088977","41089054","KN295384v1","53434","53512","18","41035543"
"chr8","41112909","41113116","KN296142v1","262854","263051","26","40850055"
"chr8","41342358","41342640","KN296142v1","55369","55665","28","41286989"
"chr8","41690621","41690920","KN295523v1","2221436","2221738","43","39469185"
"chr8","41868917","41869213","KN296311v1","5551109","5551405","39","36317808"
"chr8","41949232","41949542","KN294208v1","594903","595207","38","41354329"
"chr8","42491258","42491588","KN297144v1","1008295","1008615","54","41482963"
"chr8","42492171","42492471","KN296404v1","2965711","2966008","37","39526460"
"chr8","42819687","42819744","KN297094v1","75794","75851","9","42743893"
"chr8","44218693","44218994","KN294439v1","300738","301034","32","43917955"
"chr8","44317351","44317682","KN294856v1","400185","400505","59","43917166"
"chr8","45587373","45587631","KN296453v1","1428497","1428753","20","44158876"
"chr8","45893277","45893579","KN296453v1","1118965","1119261","39","44774312"
"chr8","46038579","46038880","KN294161v1","306568","306873","37","45732011"
"chr8","47112189","47112491","KN296218v1","129905","130214","26","46982284"
"chr8","47398222","47398515","KN294705v1","2200725","2201020","40","45197497"
"chr8","47687424","47687717","KN294499v1","1821976","1822269","28","45865448"
"chr8","47721239","47721552","KN295523v1","2850114","2850428","35","44871125"
"chr8","47827056","47827366","KN294443v1","739291","739598","38","47087765"
"chr8","47865643","47865957","KN294911v1","3875254","3875561","43","43990389"
"chr8","47894912","47895219","KN296322v1","2331544","2331850","36","45563368"
"chr8","47956767","47957062","KN294182v1","193047","193344","35","47763720"
"chr8","48115744","48115834","KN296508v1","504275","504370","28","47611469"
"chr8","49021521","49021818","KN296538v1","1823743","1824043","39","47197778"
"chr8","49594980","49595284","KN295362v1","1364261","1364575","40","48230719"
"chr8","50302216","50302480","KN295362v1","634949","635213","18","49667267"
"chr8","55613848","55614062","KN296253v1","1347681","1347896","38","54266167"
"chr8","56131841","56132132","KN295110v1","221324","221616","38","55910517"
"chr8","56144643","56144940","KN294279v1","787996","788295","40","55356647"
"chr8","58303133","58303425","KN295236v1","3645629","3645922","37","54657504"
"chr8","58421676","58421945","KN294443v1","351067","351341","48","58070609"
"chr8","58673531","58673742","KN294987v1","1164602","1164812","30","57508929"
"chr8","59196048","59196341","KN294172v1","4044399","4044693","41","55151649"
"chr8","59320683","59320978","KN294978v1","1782247","1782548","39","57538436"
"chr8","59551492","59551785","KN295666v1","242323","242613","47","59309169"
"chr8","59595958","59596259","KN294978v1","2055443","2055742","28","57540515"
"chr8","59899331","59899623","KN294978v1","2363522","2363823","40","57535809"
"chr8","60397756","60397825","KN296913v1","1603515","1603576","13","58794241"
"chr8","62161325","62161631","KN294978v1","4596494","4596805","38","57564831"
"chr8","63805799","63806075","KN297046v1","2855852","2856127","37","60949947"
"chr8","63856590","63856898","KN296825v1","520254","520563","29","63336336"
"chr8","64672300","64672612","KN296825v1","1350206","1350518","33","63322094"
"chr8","64760937","64761234","KN296825v1","1447046","1447349","32","63313891"
"chr8","65163190","65163455","KN294733v1","65842","66110","39","65097348"
"chr8","65257142","65257268","KN295735v1","463489","463612","20","64793653"
"chr8","65593708","65593991","KN294848v1","1216633","1216914","39","64377075"
"chr8","65598350","65598663","KN296825v1","2282155","2282450","32","63316195"
"chr8","65609325","65609644","KN296825v1","2292180","2292497","39","63317145"
"chr8","65769393","65769697","KN297227v1","1013431","1013731","34","64755962"
"chr8","65947838","65948138","KN295096v1","425421","425712","45","65522417"
"chr8","67178527","67178818","KN295326v1","317964","318263","42","66860563"
"chr8","67225507","67225811","KN294290v1","8955","9255","39","67216552"
"chr8","67617759","67618045","KN297312v1","181136","181434","40","67436623"
"chr8","67632353","67632603","KN294172v1","4176770","4177051","56","63455583"
"chr8","67732642","67732935","KN294439v1","300738","301034","35","67431904"
"chr8","67862970","67863267","KN297197v1","1630263","1630561","35","66232707"
"chr8","67945120","67945449","KN297312v1","497358","497659","55","67447762"
"chr8","68133879","68134164","KN295236v1","4082902","4083183","34","64050977"
"chr8","68289249","68289553","KN295923v1","958696","958996","43","67330553"
"chr8","68547417","68547684","KN296281v1","20578","20863","70","68526839"
"chr8","68739257","68739453","KN296833v1","279634","279824","36","68459623"
"chr8","68840955","68841252","KN295107v1","1283723","1284018","30","67557232"
"chr8","69195193","69195502","KN295394v1","975651","975961","47","68219542"
"chr8","71202768","71203080","KN296153v1","213908","214219","47","70988860"
"chr8","71256388","71256676","KN295564v1","541984","542276","35","70714404"
"chr8","71384586","71384884","KN295564v1","411597","411896","21","70972989"
"chr8","71587542","71587848","KN294588v1","351346","351656","56","71236196"
"chr8","71656751","71657059","KN295564v1","131327","131629","26","71525424"
"chr8","71946383","71946688","KN295996v1","180960","181256","36","71765423"
"chr8","72027963","72028278","KN294407v1","707064","707376","49","71320899"
"chr8","72031603","72031910","KN295294v1","849337","849645","37","71182266"
"chr8","72069802","72070089","KN294172v1","4044399","4044693","35","68025403"
"chr8","72123983","72124288","KN294325v1","671385","671685","42","71452598"
"chr8","72158793","72159020","KN297165v1","209140","209359","40","71949653"
"chr8","73064414","73064707","KN294614v1","233912","234216","28","72830502"
"chr8","73574915","73575207","KN294457v1","1018677","1018971","39","72556238"
"chr8","73946802","73947110","KN294614v1","1151071","1151381","29","72795731"
"chr8","75259181","75259371","KN296229v1","1879978","1880156","30","73379203"
"chr8","75342861","75343148","KN294245v1","98484","98770","46","75244377"
"chr8","75662033","75662326","KN297242v1","2994815","2995099","46","72667218"
"chr8","75693632","75693791","KN296229v1","1438320","1438485","22","74255312"
"chr8","76980810","76981123","KN296229v1","107300","107598","33","76873510"
"chr8","77783315","77783611","KN294457v1","1018677","1018971","30","76764638"
"chr8","78212261","78212559","KN296119v1","141510","141802","49","78070751"
"chr8","78347947","78348254","KN294172v1","4261970","4262272","36","74085977"
"chr8","78468513","78468803","KN295110v1","225301","225591","37","78243212"
"chr8","78491562","78491856","KN296594v1","636925","637224","33","77854637"
"chr8","78504519","78504608","KN295705v1","657665","657751","13","77846854"
"chr8","78626051","78626364","KN294372v1","2154125","2154431","43","76471926"
"chr8","78744075","78744375","KN294439v1","300738","301034","33","78443337"
"chr8","78900226","78900527","KN294325v1","671385","671685","46","78228841"
"chr8","79630990","79631300","KN294372v1","1186525","1186831","45","78444465"
"chr8","79751381","79751676","KN295633v1","1132130","1132430","32","78619251"
"chr8","79779310","79779425","KN295428v1","232453","232577","22","79546857"
"chr8","79797537","79797834","KN296315v1","1914282","1914582","34","77883255"
"chr8","79864218","79864528","KN294407v1","707064","707376","38","79157154"
"chr8","79961291","79961602","KN295995v1","465320","465627","51","79495971"
"chr8","80204840","80205133","KN296096v1","2342383","2342678","50","77862457"
"chr8","80852882","80852960","KN294372v1","2493314","2493391","7","78359568"
"chr8","80922166","80922459","KN294439v1","300738","301034","41","80621428"
"chr8","81259033","81259329","KN294987v1","364320","364620","43","80894713"
"chr8","81907217","81907498","KN296042v1","541714","542006","35","81365503"
"chr8","82397164","82397330","KN295171v1","190435","190596","25","82206729"
"chr8","83482845","83483150","KN296460v1","130610","130915","35","83352235"
"chr8","84772188","84772488","KN297361v1","98317","98619","26","84673871"
"chr8","84895817","84896112","KN295666v1","1045930","1046226","46","83849887"
"chr8","87005360","87005664","KN294467v1","224171","224477","39","86781189"
"chr8","88444694","88444982","KN295671v1","131374","131657","40","88313320"
"chr8","88635308","88635607","KN294987v1","346285","346567","52","88289023"
"chr8","89123293","89123603","KN295936v1","797665","797975","44","88325628"
"chr8","89537745","89538047","KN294172v1","2441614","2441913","37","87096131"
"chr8","90891952","90892257","KN296635v1","126740","127032","43","90765212"
"chr8","92278953","92279256","KN295923v1","958696","958996","33","91320257"
"chr8","92310979","92311279","KN296303v1","354473","354769","42","91956506"
"chr8","92370542","92370833","KN297452v1","2174294","2174579","47","90196248"
"chr8","92381159","92381495","KN295523v1","2887577","2887883","59","89493582"
"chr8","92759366","92759655","KN294181v1","1771837","1772133","40","90987529"
"chr8","93713225","93713524","KN294978v1","2055443","2055742","32","91657782"
"chr8","93827182","93827473","KN295039v1","334928","335219","18","93492254"
"chr8","94333403","94333685","KN294705v1","88883","89167","28","94244520"
"chr8","94810377","94810690","KN297259v1","486205","486514","47","94324172"
"chr8","96579892","96580131","KN295571v1","529975","530201","49","96049917"
"chr8","96606415","96606708","KN297444v1","360314","360617","41","96246101"
"chr8","96617042","96617357","KN294790v1","993295","993605","43","95623747"
"chr8","96701066","96701366","KN297205v1","197352","197649","36","96503714"
"chr8","96720507","96720801","KN296096v1","1838666","1838962","39","94881841"
"chr8","96752575","96752872","KN295744v1","299244","299554","47","96453331"
"chr8","96778445","96778712","KN295459v1","140500","140772","49","96637945"
"chr8","96796438","96796688","KN296311v1","6934502","6934740","46","89861936"
"chr8","96900888","96901181","KN296311v1","5551109","5551405","33","91349779"
"chr8","96976297","96976588","KN296311v1","5551109","5551405","37","91425188"
"chr8","97442571","97442873","KN294193v1","566484","566786","38","96876087"
"chr8","97466933","97467099","KN296157v1","2019151","2019318","22","95447782"
"chr8","97555665","97555967","KN294187v1","1070222","1070520","42","96485443"
"chr8","97843684","97843974","KN294662v1","177705","178001","48","97665979"
"chr8","98221380","98221437","KN296825v1","401844","401900","15","97819536"
"chr8","98448073","98448200","KN294668v1","2359341","2359470","16","96088732"
"chr8","98448232","98448408","KN295692v1","2229933","2230108","37","96218299"
"chr8","98667042","98667354","KN295294v1","849337","849645","42","97817705"
"chr8","99067946","99068248","KN297184v1","278597","278885","27","98789349"
"chr8","99169448","99169752","KN297184v1","380491","380794","20","98788957"
"chr8","99237000","99237302","KN297184v1","448950","449259","31","98788050"
"chr8","99500130","99500442","KN297184v1","718400","718698","31","98781730"
"chr8","99545760","99546067","KN297184v1","764180","764471","38","98781580"
"chr8","99582731","99583022","KN297184v1","804308","804601","28","98778423"
"chr8","99583746","99584020","KN297184v1","805116","805398","23","98778630"
"chr8","99641813","99642114","KN296404v1","2412477","2412775","44","97229336"
"chr8","99791223","99791508","KN297184v1","1018549","1018850","33","98772674"
"chr8","99858913","99859210","KN295706v1","150980","151270","43","99707933"
"chr8","99944809","99945098","KN296079v1","1115350","1115639","39","98829459"
"chr8","100178828","100179118","KN295315v1","2379093","2379387","36","97799735"
"chr8","100250191","100250471","KN294987v1","346285","346567","36","99903906"
"chr8","100262807","100262839","KN294897v1","454866","454898","7","99807941"
"chr8","101095555","101095845","KN296303v1","354473","354769","38","100741082"
"chr8","101152370","101152666","KN297154v1","624798","625094","34","100527572"
"chr8","101228648","101228950","KN297197v1","3256825","3257127","39","97971823"
"chr8","101615520","101615823","KN295099v1","115938","116244","40","101499582"
"chr8","101655429","101655732","KN295814v1","1558400","1558704","37","100097029"
"chr8","101698440","101698738","KN295671v1","216235","216540","35","101482205"
"chr8","101726450","101726760","KN295533v1","2478184","2478484","48","99248266"
"chr8","101879089","101879388","KN294705v1","1553728","1554021","45","100325361"
"chr8","102564672","102564980","KN295573v1","1295388","1295699","45","101269284"
"chr8","103765269","103765581","KN294262v1","2471856","2472160","55","101293413"
"chr8","104289887","104290198","KN297197v1","3256825","3257127","47","101033062"
"chr8","104385646","104385940","KN294172v1","4044399","4044693","34","100341247"
"chr8","104399502","104399779","KN294519v1","100879","101154","38","104298623"
"chr8","104887575","104887864","KN296311v1","5346181","5346473","43","99541394"
"chr8","105645604","105645916","KN294443v1","739291","739598","42","104906313"
"chr8","105831115","105831324","KN296661v1","1896642","1896869","32","103934473"
"chr8","106053189","106053493","KN295368v1","1855168","1855468","37","104198021"
"chr8","107378909","107379212","KN294407v1","707064","707376","37","106671845"
"chr8","108618210","108618332","KN295708v1","1761568","1761682","23","106856642"
"chr8","108726315","108726613","KN296097v1","211413","211726","32","108514902"
"chr8","109027642","109027953","KN295960v1","398573","398884","27","108629069"
"chr8","109960552","109960821","KN296686v1","139324","139600","34","109821228"
"chr8","110610688","110610990","KN295294v1","440074","440378","41","110170614"
"chr8","111508561","111508698","KN296955v1","725975","726109","19","110782586"
"chr8","111897510","111897822","KN297452v1","2612946","2613256","41","109284564"
"chr8","113609662","113609795","KN294451v1","163074","163214","23","113446588"
"chr8","114102225","114102509","KN296096v1","2743314","2743604","40","111358911"
"chr8","114176024","114176336","KN296825v1","520254","520563","40","113655770"
"chr8","114263184","114263463","KN294257v1","2460776","2461045","43","111802408"
"chr8","115156561","115156877","KN296513v1","962012","962324","41","114194549"
"chr8","117222210","117222516","KN294269v1","729417","729728","52","116492793"
"chr8","117606366","117606671","KN296749v1","264936","265241","35","117341430"
"chr8","117854046","117854328","KN295260v1","1828605","1828891","45","116025441"
"chr8","118903466","118903767","KN296588v1","13289","13578","49","118890177"
"chr8","119088403","119088698","KN294705v1","2200725","2201020","40","116887678"
"chr8","119265249","119265536","KN295962v1","502360","502650","41","118762889"
"chr8","119488823","119489139","KN295523v1","556214","556518","48","118932609"
"chr8","119515605","119515928","KN294520v1","40899","41229","28","119474706"
"chr8","119622751","119623065","KN297038v1","758591","758902","42","118864160"
"chr8","119779692","119780004","KN294520v1","292772","293083","34","119486920"
"chr8","119916779","119917082","KN295523v1","556214","556518","34","119360565"
"chr8","120070278","120070572","KN296538v1","1758586","1758878","33","118311692"
"chr8","121663091","121663400","KN295586v1","2600534","2600840","41","119062557"
"chr8","122206762","122206914","KN295077v1","497969","498120","22","121708793"
"chr8","122424664","122424937","KN295601v1","797126","797393","19","121627538"
"chr8","122437799","122438091","KN296157v1","3976746","3977041","38","118461053"
"chr8","122460356","122460656","KN297038v1","159105","159406","34","122301251"
"chr8","122549936","122550222","KN296852v1","445762","446049","38","122104174"
"chr8","122656060","122656237","KN294172v1","1604931","1605105","38","121051129"
"chr8","122681899","122682202","KN295601v1","1054911","1055206","22","121626988"
"chr8","123405627","123405939","KN295236v1","753928","754234","43","122651699"
"chr8","123630073","123630232","KN295601v1","2035321","2035474","17","121594752"
"chr8","123706242","123706546","KN295601v1","2118624","2118931","37","121587618"
"chr8","123836420","123836720","KN295601v1","2263648","2263941","32","121572772"
"chr8","124233413","124233676","KN297403v1","3928","4192","34","124229485"
"chr8","124297539","124297831","KN295601v1","2727468","2727765","33","121570071"
"chr8","124466234","124466532","KN294439v1","300738","301034","34","124165496"
"chr8","124625044","124625333","KN295923v1","639205","639493","27","123985839"
"chr8","124856756","124857068","KN295294v1","849337","849645","37","124007419"
"chr8","125056680","125056986","KN296743v1","245342","245652","36","124811338"
"chr8","125454704","125454998","KN295405v1","492804","493098","37","124961900"
"chr8","125828297","125828600","KN295261v1","349783","350088","32","125478514"
"chr8","125897297","125897598","KN297026v1","205762","206051","49","125691535"
"chr8","125902270","125902566","KN294439v1","300738","301034","32","125601532"
"chr8","125937082","125937394","KN294856v1","342348","342654","39","125594734"
"chr8","126611936","126612120","KN294758v1","2328118","2328290","40","124283818"
"chr8","127113749","127113840","KN295402v1","1251986","1252075","15","125861763"
"chr8","127310693","127311012","KN296062v1","1571490","1571788","57","125739203"
"chr8","128456022","128456331","KN295294v1","849337","849645","40","127606685"
"chr8","128894411","128894725","KN296907v1","96512","96823","29","128797899"
"chr8","128946093","128946247","KN296290v1","593470","593637","30","128352623"
"chr8","129301381","129301546","KN295498v1","114768","114933","23","129186613"
"chr8","129413903","129414183","KN296508v1","1861452","1861744","43","127552451"
"chr8","129467555","129467848","KN296907v1","679520","679809","23","128788035"
"chr8","130022856","130023157","KN296749v1","264936","265241","38","129757920"
"chr8","130356285","130356522","KN296153v1","2784510","2784728","55","127571775"
"chr8","131525815","131526111","KN294172v1","2441614","2441913","37","129084201"
"chr8","131873439","131873739","KN295110v1","221324","221616","40","131652115"
"chr8","131983755","131984006","KN297442v1","2402497","2402757","37","129581258"
"chr8","132060278","132060574","KN294439v1","300738","301034","29","131759540"
"chr8","132210577","132210892","KN294486v1","1054314","1054627","46","131156263"
"chr8","133252326","133252618","KN297403v1","31686","31980","34","133220640"
"chr8","134257069","134257353","KN294657v1","488170","488452","37","133768899"
"chr8","134397937","134398238","KN297008v1","400368","400667","37","133997569"
"chr8","135102042","135102339","KN296287v1","90153","90446","43","135011889"
"chr8","135483837","135484142","KN296365v1","1687288","1687593","40","133796549"
"chr8","136101883","136102195","KN295736v1","2631077","2631390","38","133470806"
"chr8","136390865","136391135","KN295736v1","2323752","2324030","45","134067113"
"chr8","137176729","137177014","KN295736v1","1648575","1648880","49","135528154"
"chr8","137303040","137303324","KN295260v1","1828605","1828891","43","135474435"
"chr8","138378728","138378976","KN295736v1","509382","509628","23","137869346"
"chr8","139346315","139346610","KN295244v1","451775","452068","42","138894540"
"chr8","139705436","139705745","KN296682v1","4003280","4003585","43","135702156"
"chr8","139907474","139907770","KN296036v1","1045194","1045490","37","138862280"
"chr8","140095472","140095797","KN294470v1","2983090","2983380","67","137112382"
"chr8","140132484","140132788","KN295236v1","1883860","1884167","43","138248624"
"chr8","140146266","140146439","KN296932v1","69753","69926","24","140076513"
"chr8","140201015","140201311","KN296422v1","129610","129905","50","140071405"
"chr8","140218526","140218834","KN295984v1","2378672","2378981","39","137839854"
"chr8","140268445","140268727","KN296435v1","2165310","2165604","50","138103135"
"chr8","140367188","140367477","KN297141v1","152542","152844","44","140214646"
"chr8","140916778","140917061","KN296821v1","487660","487949","39","140429118"
"chr8","140920848","140921145","KN296732v1","1455446","1455745","32","139465402"
"chr8","140926069","140926380","KN294443v1","739291","739598","37","140186778"
"chr8","141229775","141230074","KN295984v1","2378672","2378981","43","138851103"
"chr8","141445076","141445380","KN296498v1","392214","392512","39","141052862"
"chr8","142688546","142688849","KN295523v1","3325135","3325432","50","139363411"
"chr8","142809041","142809342","KN296311v1","4306981","4307286","39","138502060"
"chr8","142907716","142908034","KN297197v1","826059","826368","42","142081657"
"chr8","142992974","142993274","KN296732v1","1455446","1455745","35","141537528"
"chr8","143219656","143219801","KN294451v1","163074","163214","21","143056582"
"chr8","143615807","143615882","KN297274v1","558721","558800","13","143057086"
"chr8","143949150","143949478","KN297320v1","369550","369866","48","143579600"
"chr8","144101352","144101656","KN295294v1","849337","849645","39","143252015"
"chr8","144161607","144161899","KN294470v1","2983090","2983380","32","141178517"
"chr8","144348526","144348822","KN294457v1","1018677","1018971","36","143329849"
"chr9","296198","296475","KN295722v1","2063507","2063801","37","1767309"
"chr9","839524","839790","KN296292v1","12823","13089","49","826701"
"chr9","876429","876733","KN295706v1","150980","151270","43","725449"
"chr9","1112677","1112981","KN297453v1","222858","223160","36","889819"
"chr9","1713652","1713946","KN295722v1","661661","661956","28","1051991"
"chr9","3230153","3230409","KN296063v1","182569","182836","50","3047584"
"chr9","4154863","4155168","KN295923v1","958696","958996","37","3196167"
"chr9","4576864","4577189","KN295441v1","1012675","1012992","49","3564189"
"chr9","4659148","4659439","KN294527v1","21606","21894","40","4637542"
"chr9","4838331","4838634","KN294650v1","78382","78675","39","4759949"
"chr9","5559518","5559809","KN295883v1","341100","341400","34","5218418"
"chr9","6115734","6116018","KN294378v1","1188019","1188301","32","4927715"
"chr9","6472082","6472390","KN295394v1","975651","975961","46","5496431"
"chr9","6565055","6565354","KN296594v1","636925","637224","35","5928130"
"chr9","6983640","6983938","KN297453v1","110237","110534","34","6873403"
"chr9","8685940","8686223","KN295735v1","803449","803732","30","7882491"
"chr9","9015027","9015322","KN294185v1","41855","42159","36","8973172"
"chr9","10641740","10642031","KN294613v1","583948","584237","36","10057792"
"chr9","10791386","10791663","KN297046v1","2855852","2856127","33","7935534"
"chr9","11734068","11734378","KN294613v1","671470","671777","42","11062598"
"chr9","12296293","12296557","KN294475v1","277181","277454","59","12019112"
"chr9","13899203","13899508","KN294416v1","5965","6274","37","13893238"
"chr9","15076361","15076645","KN296096v1","2743314","2743604","37","12333047"
"chr9","15125554","15125847","KN296145v1","881964","882257","34","14243590"
"chr9","17044957","17045117","KN296726v1","834547","834705","25","16210410"
"chr9","17286265","17286561","KN296311v1","5551109","5551405","38","11735156"
"chr9","17337737","17338041","KN295470v1","49643","49945","32","17288094"
"chr9","17401354","17401646","KN295984v1","2500308","2500598","43","14901046"
"chr9","17743572","17743874","KN297323v1","468272","468571","42","17275300"
"chr9","18208062","18208354","KN295967v1","1829669","1829969","36","16378393"
"chr9","18380075","18380394","KN295294v1","849337","849645","42","17530738"
"chr9","18720413","18720709","KN295967v1","1352671","1352975","32","17367742"
"chr9","19106047","19106352","KN295967v1","958702","958998","31","18147345"
"chr9","19505086","19505385","KN295967v1","557250","557553","24","18947836"
"chr9","19519508","19519822","KN296004v1","40917","41230","38","19478591"
"chr9","19741875","19742014","KN296290v1","446627","446768","28","19295248"
"chr9","22590527","22590817","KN294747v1","1151551","1151840","48","21438976"
"chr9","22761324","22761637","KN295294v1","849337","849645","39","21911987"
"chr9","23923759","23924073","KN296743v1","245342","245652","40","23678417"
"chr9","24049349","24049653","KN296311v1","5551109","5551405","42","18498240"
"chr9","26024242","26024552","KN296749v1","264936","265241","43","25759306"
"chr9","27045298","27045616","KN295294v1","3348137","3348442","51","23697161"
"chr9","27274590","27274895","KN296847v1","1837114","1837414","37","25437476"
"chr9","27460755","27461055","KN295596v1","1653699","1653998","39","25807056"
"chr9","28847041","28847365","KN296004v1","40917","41230","50","28806124"
"chr9","29302514","29302799","KN296079v1","1115350","1115639","39","28187164"
"chr9","29483389","29483554","KN295171v1","190435","190596","25","29292954"
"chr9","30625572","30625870","KN296305v1","568169","568467","39","30057403"
"chr9","31393975","31394271","KN296062v1","1571490","1571788","40","29822485"
"chr9","31556844","31557154","KN296743v1","245342","245652","33","31311502"
"chr9","32060550","32060870","KN294407v1","2047344","2047652","54","30013206"
"chr9","32158928","32159227","KN297141v1","152542","152844","33","32006386"
"chr9","33441383","33441697","KN295274v1","114389","114698","38","33326994"
"chr9","33610862","33611152","KN296580v1","101572","101868","38","33509290"
"chr9","33642355","33642645","KN295607v1","4148434","4148717","37","29493921"
"chr9","33921395","33921409","KN294959v1","761069","761083","3","33160326"
"chr9","33921450","33921736","KN297112v1","2503319","2503607","37","31418131"
"chr9","33953737","33954041","KN294458v1","909867","910169","45","33043870"
"chr9","34006800","34007078","KN297046v1","2855852","2856127","35","31150948"
"chr9","34099496","34099785","KN296096v1","2743314","2743604","41","31356182"
"chr9","34418062","34418354","KN294439v1","300738","301034","29","34117324"
"chr9","34471617","34471687","KN295596v1","1981757","1981833","16","32489860"
"chr9","34494833","34494902","KN294385v1","2588","2649","12","34492245"
"chr9","34514946","34515250","KN295022v1","780778","781083","39","33734168"
"chr9","34659628","34659938","KN294407v1","707064","707376","42","33952564"
"chr9","34679668","34680003","KN297153v1","982502","982805","74","33697166"
"chr9","34768941","34769154","KN294987v1","1164602","1164812","35","33604339"
"chr9","35070402","35070721","KN295236v1","5365718","5366032","45","29704684"
"chr9","35493334","35493625","KN294172v1","5507104","5507398","40","29986230"
"chr9","36157176","36157486","KN294454v1","522421","522725","23","35634755"
"chr9","36204276","36204567","KN295236v1","3645629","3645922","35","32558647"
"chr9","36242665","36242958","KN295596v1","66567","66857","37","36176098"
"chr9","36247279","36247582","KN294454v1","425151","425450","43","35822128"
"chr9","36289016","36289310","KN294457v1","1018677","1018971","30","35270339"
"chr9","36398620","36398815","KN294739v1","833278","833462","34","35565342"
"chr9","36568585","36568898","KN296743v1","245342","245652","36","36323243"
"chr9","36601790","36602097","KN294493v1","393207","393512","37","36208583"
"chr9","36826807","36827123","KN294372v1","1256417","1256721","49","35570390"
"chr9","36904226","36904516","KN297133v1","1092172","1092463","32","35812054"
"chr9","36956954","36957164","KN296508v1","332977","333187","13","36623977"
"chr9","37002946","37003248","KN296311v1","3176858","3177154","43","33826088"
"chr9","37044596","37044903","KN296508v1","420469","420787","38","36624127"
"chr9","37098109","37098409","KN296508v1","475663","475963","29","36622446"
"chr9","37116596","37116653","KN294385v1","2588","2649","10","37114008"
"chr9","37121100","37121391","KN294407v1","3200809","3201095","42","33920291"
"chr9","37311410","37311699","KN294613v1","583948","584237","38","36727462"
"chr9","37405455","37405752","KN296508v1","795750","796055","30","36609705"
"chr9","37603653","37603735","KN297274v1","558721","558800","15","37044932"
"chr9","37728995","37729301","KN294172v1","4261970","4262272","37","33467025"
"chr9","38038270","38038555","KN296486v1","463908","464178","39","37574362"
"chr9","38071339","38071651","KN296508v1","1340436","1340740","31","36730903"
"chr9","38171726","38172017","KN294182v1","193047","193344","38","37978679"
"chr9","38372822","38373105","KN296508v1","1649068","1649353","34","36723754"
"chr9","38582083","38582362","KN295077v1","61551","61831","37","38520532"
"chr9","38582383","38582648","KN294415v1","178151","178407","36","38404232"
"chr9","38749778","38750064","KN294239v1","580864","581146","36","38168914"
"chr9","38758027","38758319","KN296508v1","2021470","2021761","26","36736557"
"chr9","67237366","67237690","KN295722v1","2435870","2436198","37","64801496"
"chr9","67384902","67385181","KN295963v1","389058","389338","33","66995844"
"chr9","67595911","67596207","KN295430v1","2769321","2769618","38","64826590"
"chr9","67816821","67817111","KN296770v1","78926","79217","36","67737895"
"chr9","68244752","68245049","KN295430v1","2124164","2124466","26","66120588"
"chr9","68250558","68250860","KN294745v1","54863","55159","41","68195695"
"chr9","69582693","69582987","KN295430v1","768421","768715","24","68814272"
"chr9","69588239","69588303","KN294991v1","1506488","1506548","11","68081751"
"chr9","70011811","70012082","KN295430v1","335691","335951","38","69676120"
"chr9","70179736","70180040","KN294443v1","739291","739598","46","69440445"
"chr9","70776253","70776548","KN296635v1","5254836","5255128","49","65521417"
"chr9","70851287","70851601","KN296743v1","245342","245652","43","70605945"
"chr9","70899290","70899588","KN295610v1","472231","472528","34","70427059"
"chr9","71044982","71045287","KN296096v1","2342383","2342678","42","68702599"
"chr9","71329776","71330058","KN295319v1","793331","793610","38","70536445"
"chr9","71642752","71643003","KN296261v1","131688","131940","34","71511064"
"chr9","72066446","72066754","KN295523v1","3075770","3076075","36","68990676"
"chr9","72321744","72322045","KN296315v1","1326220","1326518","46","70995524"
"chr9","72650490","72650789","KN297403v1","31686","31980","40","72618804"
"chr9","72915073","72915365","KN296311v1","5007248","5007529","45","67907825"
"chr9","73718691","73718987","KN294457v1","1018677","1018971","34","72700014"
"chr9","74426868","74427161","KN294172v1","4044399","4044693","33","70382469"
"chr9","74510959","74511262","KN296498v1","392214","392512","40","74118745"
"chr9","74988438","74988760","KN294193v1","198069","198376","50","74790369"
"chr9","75227082","75227380","KN296303v1","373645","373940","37","74853437"
"chr9","75359530","75359835","KN295090v1","2881719","2882025","37","72477811"
"chr9","75657730","75658025","KN296594v1","636925","637224","34","75020805"
"chr9","75674531","75674829","KN294457v1","1018677","1018971","34","74655854"
"chr9","75854348","75854636","KN296036v1","1045194","1045490","41","74809154"
"chr9","76014012","76014292","KN297112v1","5826102","5826396","45","70187910"
"chr9","76405497","76405795","KN294407v1","707064","707376","49","75698433"
"chr9","76639052","76639365","KN297186v1","541611","541927","40","76097441"
"chr9","76849777","76850085","KN295725v1","1512559","1512866","30","75337218"
"chr9","76972815","76973102","KN295995v1","775102","775384","54","76197713"
"chr9","77028436","77028746","KN295725v1","1342361","1342656","40","75686075"
"chr9","77049867","77050169","KN296319v1","693155","693452","48","76356712"
"chr9","77203079","77203365","KN295984v1","729021","729310","41","76474058"
"chr9","77214516","77214822","KN295725v1","1167926","1168236","45","76046590"
"chr9","79199445","79199727","KN297163v1","851219","851501","32","78348226"
"chr9","79830961","79831262","KN297163v1","1462890","1463194","32","78368071"
"chr9","79994183","79994480","KN295666v1","599906","600199","37","79394277"
"chr9","80612392","80612678","KN294520v1","127416","127705","43","80484976"
"chr9","80699813","80700100","KN296731v1","1377230","1377519","40","79322583"
"chr9","80734688","80734989","KN296404v1","2965711","2966008","57","77768977"
"chr9","81272110","81272410","KN295368v1","1855168","1855468","39","79416942"
"chr9","81481436","81481731","KN294439v1","300738","301034","32","81180698"
"chr9","82562280","82562592","KN297205v1","435353","435667","38","82126927"
"chr9","83061418","83061712","KN294911v1","4048660","4048944","43","79012758"
"chr9","83153277","83153577","KN297227v1","1013431","1013731","36","82139846"
"chr9","83172344","83172476","KN296372v1","3","136","16","83172341"
"chr9","83228430","83228737","KN296146v1","288800","289102","42","82939630"
"chr9","83439650","83439941","KN295430v1","2487355","2487647","37","80952295"
"chr9","83743026","83743339","KN297047v1","2103989","2104301","52","81639037"
"chr9","83782971","83783282","KN295533v1","2478184","2478484","45","81304787"
"chr9","83829673","83829976","KN294172v1","346409","346717","40","83483264"
"chr9","84243920","84244217","KN296305v1","568169","568467","35","83675751"
"chr9","84431531","84431831","KN295523v1","556214","556518","32","83875317"
"chr9","84495524","84495834","KN297047v1","2103989","2104301","37","82391535"
"chr9","84732456","84732565","KN296247v1","562123","562230","23","84170333"
"chr9","85037298","85037598","KN297008v1","400368","400667","32","84636930"
"chr9","85509921","85510228","KN294458v1","231870","232179","20","85278051"
"chr9","85790601","85790914","KN295523v1","556214","556518","36","85234387"
"chr9","86064578","86064879","KN296921v1","668498","668797","33","85396080"
"chr9","86194993","86195299","KN294458v1","909867","910169","21","85285126"
"chr9","86767378","86767662","KN294458v1","1492703","1493004","39","85274675"
"chr9","86915619","86915921","KN297227v1","1013431","1013731","40","85902188"
"chr9","87197193","87197512","KN294874v1","417401","417713","45","86779792"
"chr9","87435741","87436036","KN294439v1","300738","301034","29","87135003"
"chr9","87477566","87477847","KN296864v1","1087186","1087472","41","86390380"
"chr9","87480744","87481027","KN297095v1","2121662","2121938","39","85359082"
"chr9","87512216","87512524","KN295236v1","1883860","1884167","38","85628356"
"chr9","87573942","87574233","KN294385v1","425878","426172","33","87148064"
"chr9","87650198","87650481","KN296833v1","353722","354006","35","87296476"
"chr9","87713870","87714126","KN297442v1","2402497","2402757","37","85311373"
"chr9","87847134","87847372","KN296108v1","1008472","1008714","37","86838662"
"chr9","88700608","88700910","KN294470v1","482377","482680","35","88218231"
"chr9","89298208","89298510","KN295410v1","711307","711608","25","88586901"
"chr9","90509156","90509441","KN295459v1","140500","140772","44","90368656"
"chr9","90610130","90610440","KN295236v1","1532582","1532882","39","89077548"
"chr9","90812172","90812467","KN295633v1","772567","772864","46","90039605"
"chr9","90904779","90905081","KN295077v1","564405","564717","43","90340374"
"chr9","90935402","90935697","KN297144v1","783800","784109","33","90151602"
"chr9","91109090","91109384","KN297144v1","962792","963084","31","90146298"
"chr9","91150963","91151267","KN295523v1","556214","556518","31","90594749"
"chr9","91193801","91194114","KN295573v1","1295388","1295699","34","89898413"
"chr9","91451573","91451877","KN297320v1","62280","62583","40","91389293"
"chr9","91656097","91656393","KN297320v1","266816","267116","26","91389281"
"chr9","91990471","91990772","KN295375v1","114875","115176","38","91875596"
"chr9","92176761","92177039","KN296883v1","3007585","3007863","40","89169176"
"chr9","92209340","92209644","KN295090v1","2881719","2882025","40","89327621"
"chr9","92335551","92335842","KN295706v1","150980","151270","27","92184571"
"chr9","92348708","92349006","KN294439v1","300738","301034","35","92047970"
"chr9","92364174","92364469","KN297320v1","855292","855586","29","91508882"
"chr9","92654777","92655092","KN297320v1","1141450","1141764","28","91513327"
"chr9","93111768","93112073","KN295523v1","2221436","2221738","40","90890332"
"chr9","93148397","93148684","KN297320v1","1622296","1622585","25","91526101"
"chr9","93418359","93418657","KN297320v1","1902260","1902559","32","91516099"
"chr9","93841132","93841436","KN296879v1","181889","182179","35","93659243"
"chr9","93848114","93848248","KN296153v1","545761","545896","10","93302353"
"chr9","93848543","93848721","KN296879v1","188961","189133","18","93659582"
"chr9","94835898","94836199","KN295894v1","2318578","2318877","38","92517320"
"chr9","95594849","95595142","KN294439v1","300738","301034","38","95294111"
"chr9","95697137","95697433","KN294662v1","177705","178001","41","95519432"
"chr9","95710086","95710384","KN295244v1","318312","318607","33","95391774"
"chr9","95883545","95883850","KN295637v1","380266","380573","34","95503279"
"chr9","95896555","95896834","KN295967v1","540742","541024","41","95355813"
"chr9","95935939","95936236","KN294521v1","524915","525214","37","95411024"
"chr9","96052320","96052624","KN295090v1","2881719","2882025","36","93170601"
"chr9","96229719","96229785","KN295735v1","240351","240416","13","95989368"
"chr9","96238057","96238345","KN297319v1","314657","314952","34","95923400"
"chr9","96458672","96458981","KN295596v1","3183520","3183823","34","93275152"
"chr9","96459825","96460115","KN296096v1","2743314","2743604","38","93716511"
"chr9","96467305","96467599","KN297154v1","624798","625094","34","95842507"
"chr9","96903276","96903583","KN294416v1","327416","327717","53","96575860"
"chr9","97092172","97092463","KN296311v1","5346181","5346473","34","91745991"
"chr9","97232679","97232980","KN294290v1","8955","9255","37","97223724"
"chr9","97299233","97299533","KN294964v1","1668257","1668556","42","95630976"
"chr9","98190459","98190763","KN295090v1","2881719","2882025","36","95308740"
"chr9","98472553","98472846","KN295430v1","2487355","2487647","30","95985198"
"chr9","98550689","98550999","KN294181v1","1488459","1488767","38","97062230"
"chr9","99622760","99623056","KN296096v1","2342383","2342678","43","97280377"
"chr9","99668585","99668881","KN296635v1","3682782","3683079","32","95985803"
"chr9","99673384","99673684","KN294439v1","300738","301034","29","99372646"
"chr9","102021604","102021902","KN296635v1","3682782","3683079","42","98338822"
"chr9","103556167","103556462","KN295054v1","443357","443657","37","103112810"
"chr9","103925961","103926276","KN296507v1","587426","587738","44","103338535"
"chr9","104272224","104272511","KN294634v1","275869","276162","44","103996355"
"chr9","104307056","104307351","KN296158v1","254683","254974","38","104052373"
"chr9","104373259","104373557","KN294592v1","208961","209254","41","104164298"
"chr9","104538443","104538729","KN296096v1","2743314","2743604","36","101795129"
"chr9","104598709","104599001","KN295666v1","599906","600199","34","103998803"
"chr9","104641057","104641366","KN294181v1","1655832","1656144","36","102985225"
"chr9","104850714","104851012","KN296311v1","3176858","3177154","30","101673856"
"chr9","104977501","104977818","KN295633v1","300161","300472","43","104677340"
"chr9","105410555","105410845","KN296970v1","676636","676933","46","104733919"
"chr9","105785594","105785876","KN294181v1","1812992","1813276","44","103972602"
"chr9","105958764","105958863","KN295814v1","729586","729683","23","105229178"
"chr9","106583801","106584102","KN296635v1","5238302","5238600","37","101345499"
"chr9","106753548","106753832","KN296079v1","1743565","1743846","33","105009983"
"chr9","106790906","106791167","KN294257v1","1584353","1584614","44","105206553"
"chr9","106961266","106961575","KN296877v1","211280","211586","33","106749986"
"chr9","106998518","106998837","KN296877v1","248496","248796","41","106750022"
"chr9","108099745","108100030","KN295907v1","1624481","1624768","41","106475264"
"chr9","108305938","108306237","KN295666v1","599906","600199","38","107706032"
"chr9","108661077","108661383","KN295236v1","2465192","2465497","35","106195885"
"chr9","108666533","108666835","KN295936v1","2031789","2032087","29","106634744"
"chr9","109377674","109378006","KN297341v1","18682","19004","52","109358992"
"chr9","109435785","109436092","KN295936v1","1242473","1242775","32","108193312"
"chr9","109454274","109454555","KN296852v1","46151","46426","45","109408123"
"chr9","109634367","109634470","KN296187v1","2317035","2317139","19","107317332"
"chr9","109752437","109752742","KN294705v1","1116993","1117294","43","108635444"
"chr9","109826740","109827054","KN295936v1","797665","797975","33","109029075"
"chr9","109874934","109875186","KN296659v1","4939","5195","51","109869995"
"chr9","110381101","110381398","KN296315v1","1914282","1914582","55","108466819"
"chr9","110692256","110692554","KN296096v1","2342383","2342678","39","108349873"
"chr9","110826366","110826675","KN295294v1","849337","849645","35","109977029"
"chr9","111058066","111058376","KN295198v1","350469","350779","26","110707597"
"chr9","111121023","111121323","KN296594v1","636925","637224","33","110484098"
"chr9","111303031","111303318","KN295260v1","414258","414542","35","110888773"
"chr9","111471406","111471700","KN294187v1","242848","243117","51","111228558"
"chr9","111474500","111474809","KN294419v1","204196","204511","34","111270304"
"chr9","111544821","111545123","KN295090v1","2881719","2882025","34","108663102"
"chr9","111552396","111552712","KN294419v1","125871","126186","43","111426525"
"chr9","111694569","111694884","KN295294v1","849337","849645","35","110845232"
"chr9","111816642","111816948","KN295090v1","2881719","2882025","41","108934923"
"chr9","111916108","111916407","KN295667v1","553853","554152","36","111362255"
"chr9","111982352","111982638","KN297154v1","724271","724555","49","111258081"
"chr9","112592030","112592284","KN296175v1","298416","298660","50","112293614"
"chr9","112926908","112927206","KN296096v1","2342383","2342678","37","110584525"
"chr9","113332356","113332647","KN296588v1","1417300","1417593","26","111915056"
"chr9","113424145","113424454","KN294208v1","594903","595207","37","112829242"
"chr9","113699428","113699490","KN294633v1","30146","30213","18","113669282"
"chr9","114100793","114101085","KN296381v1","517426","517720","39","113583367"
"chr9","114193860","114194168","KN295708v1","2776241","2776551","37","111417619"
"chr9","115665089","115665398","KN296865v1","1933794","1934101","33","113731295"
"chr9","115745877","115746179","KN294728v1","656817","657121","39","115089060"
"chr9","116216307","116216610","KN296913v1","1607268","1607571","36","114609039"
"chr9","117065021","117065338","KN294181v1","1655832","1656144","41","115409189"
"chr9","117110135","117110447","KN297408v1","148474","148782","39","116961661"
"chr9","118228074","118228387","KN295248v1","127574","127884","29","118100500"
"chr9","119384717","119385020","KN297323v1","675655","675951","47","118709062"
"chr9","119760495","119760807","KN296743v1","245342","245652","45","119515153"
"chr9","119845143","119845443","KN295523v1","556214","556518","42","119288929"
"chr9","120094722","120095026","KN294396v1","473649","473951","36","119621073"
"chr9","120507343","120507639","KN294439v1","300738","301034","40","120206605"
"chr9","120933082","120933386","KN294172v1","346409","346717","35","120586673"
"chr9","120971090","120971390","KN296508v1","1861452","1861744","40","119109638"
"chr9","121003367","121003638","KN294739v1","631813","632086","34","120371554"
"chr9","121374417","121374687","KN295907v1","1929142","1929405","40","119445275"
"chr9","121443915","121444210","KN294439v1","300738","301034","37","121143177"
"chr9","121473511","121473705","KN295236v1","2103800","2104006","44","119369711"
"chr9","122426111","122426387","KN296225v1","56780","57057","45","122369331"
"chr9","122857398","122857695","KN297165v1","3298693","3298988","36","119558705"
"chr9","122982640","122982947","KN297095v1","3710135","3710434","38","119272505"
"chr9","122996257","122996550","KN294172v1","4261970","4262272","35","118734287"
"chr9","123364508","123364801","KN294439v1","300738","301034","37","123063770"
"chr9","123636105","123636443","KN295984v1","262744","263057","39","123373361"
"chr9","123957340","123957641","KN295984v1","596537","596841","33","123360803"
"chr9","124067508","124067801","KN296404v1","2965711","2966008","33","121101797"
"chr9","124344139","124344435","KN297048v1","305838","306132","33","124038301"
"chr9","124552757","124552859","KN297144v1","828736","828836","20","123724021"
"chr9","124672576","124672876","KN296635v1","3682782","3683079","38","120989794"
"chr9","124709362","124709391","KN296290v1","481649","481677","4","124227713"
"chr9","124714362","124714652","KN295430v1","2487355","2487647","39","122227007"
"chr9","124896424","124896733","KN295637v1","890393","890699","35","124006031"
"chr9","124944324","124944634","KN294172v1","901987","902298","38","124042337"
"chr9","124986740","124987039","KN295984v1","1665130","1665438","31","123321610"
"chr9","125222033","125222326","KN297048v1","305838","306132","42","124916195"
"chr9","125292658","125292961","KN294181v1","1655832","1656144","40","123636826"
"chr9","125500001","125500084","KN295894v1","637442","637535","15","124862559"
"chr9","126203831","126204132","KN295984v1","2936899","2937195","30","123266932"
"chr9","126339880","126340146","KN295375v1","1278374","1278633","65","125061506"
"chr9","126345052","126345370","KN297320v1","2011211","2011528","53","124333841"
"chr9","126701190","126701495","KN295984v1","3297137","3297441","29","123404053"
"chr9","126756014","126756325","KN294181v1","1655832","1656144","39","125100182"
"chr9","126785241","126785532","KN295984v1","3372801","3373090","29","123412440"
"chr9","126847764","126848070","KN295984v1","3436454","3436762","25","123411310"
"chr9","127024528","127024823","KN297165v1","1404972","1405271","36","125619556"
"chr9","127129540","127129817","KN294570v1","177638","177914","36","126951902"
"chr9","127142918","127143052","KN295735v1","1450186","1450321","23","125692732"
"chr9","127282032","127282332","KN296244v1","807081","807381","27","126474951"
"chr9","127397221","127397501","KN295077v1","61551","61831","36","127335670"
"chr9","127539052","127539343","KN296096v1","2342383","2342678","40","125196669"
"chr9","127574322","127574619","KN296244v1","509005","509288","48","127065317"
"chr9","127698634","127698931","KN296244v1","376974","377272","28","127321660"
"chr9","127700234","127700531","KN295102v1","291073","291373","32","127409161"
"chr9","127772155","127772452","KN295666v1","242323","242613","41","127529832"
"chr9","127876760","127877058","KN295039v1","307776","308070","37","127568984"
"chr9","128144455","128144758","KN296019v1","305793","306089","39","127838662"
"chr9","128154141","128154440","KN296594v1","636925","637224","32","127517216"
"chr9","128241374","128241687","KN295303v1","16080","16371","46","128225294"
"chr9","128502070","128502136","KN296306v1","3206542","3206604","12","125295528"
"chr9","128502343","128502532","KN295984v1","1420303","1420453","96","127082040"
"chr9","128835493","128835792","KN295090v1","583930","584231","31","128251563"
"chr9","128901368","128901551","KN296381v1","236500","236688","23","128664868"
"chr9","128906105","128906230","KN295735v1","463489","463612","17","128442616"
"chr9","129094309","129094603","KN297343v1","1949457","1949744","43","127144852"
"chr9","129204039","129204276","KN296311v1","6934502","6934740","32","122269537"
"chr9","129261007","129261296","KN295090v1","1040471","1040775","33","128220536"
"chr9","129359425","129359718","KN296508v1","1861452","1861744","31","127497973"
"chr9","129448165","129448453","KN296508v1","1861452","1861744","37","127586713"
"chr9","129541339","129541602","KN295350v1","743655","743915","40","128797684"
"chr9","129848195","129848493","KN295090v1","1652000","1652298","28","128196195"
"chr9","130457415","130457712","KN295923v1","958696","958996","38","129498719"
"chr9","130581858","130582164","KN295090v1","2417315","2417621","27","128164543"
"chr9","130811683","130811943","KN294536v1","1163932","1164192","42","129647751"
"chr9","131075444","131075744","KN296594v1","636925","637224","30","130438519"
"chr9","131083676","131083969","KN296079v1","1115350","1115639","40","129968326"
"chr9","131086647","131086944","KN296495v1","509389","509682","36","130577258"
"chr9","131097210","131097500","KN295090v1","2955233","2955526","39","128141977"
"chr9","131177464","131177760","KN297008v1","6842947","6843240","35","124334517"
"chr9","131863736","131864046","KN297008v1","6141946","6142249","28","125721790"
"chr9","132054756","132055038","KN297008v1","5938750","5939026","38","126116006"
"chr9","132213783","132214057","KN294475v1","277181","277454","37","131936602"
"chr9","132314724","132315022","KN296096v1","2342383","2342678","36","129972341"
"chr9","132362406","132362696","KN296948v1","899240","899529","32","131463166"
"chr9","132408494","132408800","KN297008v1","5563704","5564006","26","126844790"
"chr9","132825654","132825952","KN297008v1","5124757","5125060","33","127700897"
"chr9","133042270","133042544","KN296732v1","1792478","1792756","39","131249792"
"chr9","133837555","133837848","KN297197v1","1630263","1630561","39","132207292"
"chr9","133873658","133873815","KN294758v1","2328118","2328290","53","131545540"
"chr9","133960822","133961113","KN297008v1","3956422","3956715","28","130004400"
"chr9","133991463","133991762","KN295236v1","3645629","3645922","39","130345834"
"chr9","135570515","135570843","KN297165v1","1212451","1212758","59","134358064"
"chr9","135603476","135603745","KN297008v1","2762343","2762623","27","132841133"
"chr9","135978193","135978414","KN296153v1","3908850","3909065","55","132069343"
"chr9","136184286","136184599","KN295531v1","74200","74508","40","136110086"
"chr9","136756613","136756691","KN294372v1","2493314","2493391","14","134263299"
"chr9","136914204","136914504","KN297008v1","1331066","1331365","30","135583138"
"chr9","136952062","136952368","KN294373v1","543221","543520","39","136408841"
"chr9","137016271","137016570","KN296620v1","918824","919110","28","136097447"
"chr9","137126094","137126399","KN297008v1","1120392","1120695","32","136005702"
"chr9","137152695","137152995","KN297444v1","360314","360617","38","136792381"
"chr9","137539530","137539825","KN295107v1","1283723","1284018","35","136255807"
"chr9","137619924","137620234","KN296804v1","287524","287835","43","137332400"
"chr9","137706218","137706515","KN297008v1","563459","563758","22","137142759"
"chr9","137850319","137850597","KN295586v1","1950719","1950998","37","135899600"
"chr9","137871258","137871558","KN297008v1","400368","400667","23","137470890"
"chr9","138095336","138095632","KN297008v1","173119","173410","31","137922217"
"chrX","123600859","123601157","KN296303v1","373645","373940","41","123227214"
"chrX","673565","673857","KN296096v1","2342383","2342678","41","1668818"
"chrX","677155","677443","KN296096v1","2743314","2743604","37","2066159"
"chrX","735285","735581","KN296404v1","2965711","2966008","41","2230426"
"chrX","758907","759207","KN294172v1","4261970","4262272","33","3503063"
"chrX","849287","849507","KN294987v1","1164602","1164812","37","315315"
"chrX","850953","851260","KN297197v1","826059","826368","40","24894"
"chrX","892285","892575","KN295706v1","150980","151270","37","741305"
"chrX","925910","926192","KN294987v1","346285","346567","39","579625"
"chrX","1001181","1001502","KN294874v1","1346769","1347088","57","345588"
"chrX","1040031","1040346","KN295074v1","341643","341951","40","698388"
"chrX","1048970","1049278","KN294443v1","739291","739598","42","309679"
"chrX","1473422","1473732","KN295294v1","849337","849645","30","624085"
"chrX","1647644","1647977","KN294443v1","739291","739598","57","908353"
"chrX","1682409","1682685","KN294499v1","2257569","2257842","42","575160"
"chrX","1795287","1795585","KN294535v1","642438","642745","51","1152849"
"chrX","1967668","1967953","KN294991v1","933720","934011","36","1033948"
"chrX","1975129","1975459","KN296004v1","40917","41230","62","1934212"
"chrX","2009981","2010270","KN296921v1","2850553","2850841","38","840572"
"chrX","2029750","2030060","KN295236v1","1883860","1884167","34","145890"
"chrX","2065364","2065643","KN294257v1","622598","622878","32","1442766"
"chrX","2110082","2110385","KN296404v1","2412477","2412775","38","302395"
"chrX","2190019","2190311","KN294467v1","214886","215182","35","1975133"
"chrX","2197847","2197899","KN295077v1","241039","241090","23","1956808"
"chrX","2197986","2198049","KN297154v1","300103","300164","20","1897883"
"chrX","2227158","2227451","KN294372v1","1816578","1816877","41","410580"
"chrX","2251682","2251990","KN295090v1","583930","584231","39","1667752"
"chrX","2309004","2309315","KN295708v1","2776241","2776551","44","467237"
"chrX","2350516","2350814","KN295735v1","1642298","1642593","26","708218"
"chrX","2405316","2405610","KN296036v1","1045194","1045490","29","1360122"
"chrX","2406743","2406878","KN295735v1","1714533","1714668","22","692210"
"chrX","2418826","2418961","KN295735v1","1714533","1714668","15","704293"
"chrX","2468641","2468946","KN294949v1","669778","670078","40","1798863"
"chrX","2471022","2471327","KN295523v1","2221436","2221738","37","249586"
"chrX","2494634","2494920","KN295735v1","1798304","1798592","27","696330"
"chrX","2551535","2551847","KN296079v1","401790","402103","39","2149745"
"chrX","2612059","2612362","KN295244v1","318312","318607","61","2293747"
"chrX","2675626","2675851","KN296464v1","405636","405867","18","2269990"
"chrX","3242848","3242974","KN296365v1","692004","692128","19","2550844"
"chrX","3342798","3343060","KN296180v1","1843257","1843527","41","1499541"
"chrX","3456714","3457018","KN294443v1","739291","739598","33","2717423"
"chrX","3530388","3530712","KN297095v1","2153310","2153630","52","1377078"
"chrX","3549219","3549520","KN295244v1","318312","318607","39","3230907"
"chrX","3635066","3635376","KN294790v1","993295","993605","42","2641771"
"chrX","4511912","4512180","KN294739v1","631813","632086","60","3880099"
"chrX","4938499","4938808","KN296036v1","1853808","1854116","36","3084691"
"chrX","5096621","5096932","KN294407v1","707064","707376","37","4389557"
"chrX","5880543","5880849","KN294407v1","707064","707376","33","5173479"
"chrX","5891939","5892266","KN296435v1","2563437","2563748","68","3328502"
"chrX","6660709","6660995","KN296833v1","353722","354006","44","6306987"
"chrX","6963909","6964201","KN295157v1","50252","50544","40","6913657"
"chrX","7039865","7040167","KN295893v1","178302","178608","37","6861563"
"chrX","8525039","8525322","KN296833v1","353722","354006","34","8171317"
"chrX","8525384","8525398","KN295907v1","437750","437765","4","8087634"
"chrX","8557022","8557319","KN296096v1","1838666","1838962","43","6718356"
"chrX","8920605","8920743","KN295281v1","224393","224522","25","8696212"
"chrX","8922926","8923225","KN294234v1","1365056","1365353","37","7557870"
"chrX","9296358","9296654","KN296101v1","65988","66290","25","9230370"
"chrX","9478123","9478410","KN297366v1","616589","616875","34","8861534"
"chrX","9842217","9842449","KN297154v1","749863","750096","31","9092354"
"chrX","11264716","11265034","KN296743v1","245342","245652","36","11019374"
"chrX","11689329","11689608","KN294172v1","4176770","4177051","36","7512559"
"chrX","11926483","11926793","KN296883v1","926230","926542","40","11000253"
"chrX","12657503","12657792","KN295633v1","1047268","1047559","32","11610235"
"chrX","12838320","12838609","KN294573v1","30538","30831","44","12807782"
"chrX","14718560","14718816","KN297403v1","3928","4192","23","14714632"
"chrX","15050135","15050444","KN294493v1","393207","393512","40","14656928"
"chrX","15194849","15195131","KN295260v1","414258","414542","26","14780591"
"chrX","15220118","15220416","KN296498v1","392214","392512","32","14827904"
"chrX","15228196","15228426","KN296004v1","463110","463335","24","14765086"
"chrX","15778712","15779005","KN294439v1","300738","301034","31","15477974"
"chrX","15844585","15844873","KN296731v1","1599838","1600125","44","14244747"
"chrX","15901139","15901436","KN295523v1","556214","556518","37","15344925"
"chrX","16773283","16773409","KN294536v1","1762846","1762968","16","15010437"
"chrX","16785686","16785984","KN294378v1","472867","473166","36","16312819"
"chrX","17120193","17120499","KN295090v1","2881719","2882025","36","14238474"
"chrX","17728300","17728500","KN296311v1","7758854","7759054","28","9969446"
"chrX","18189603","18189896","KN295397v1","20260","20564","33","18169343"
"chrX","18236399","18236646","KN295286v1","56861","57120","24","18179538"
"chrX","18311272","18311561","KN294592v1","1407123","1407409","30","16904149"
"chrX","18346958","18347258","KN294439v1","300738","301034","36","18046220"
"chrX","18826742","18827045","KN294949v1","669778","670078","44","18156964"
"chrX","18835203","18835543","KN295594v1","103351","103682","34","18731852"
"chrX","18906415","18906707","KN295441v1","1795450","1795742","28","17110965"
"chrX","19062543","19062847","KN296948v1","336769","337079","41","18725774"
"chrX","19224164","19224449","KN295236v1","4082902","4083183","40","15141262"
"chrX","19244290","19244592","KN294172v1","4261970","4262272","34","14982320"
"chrX","19550049","19550358","KN295244v1","318312","318607","50","19231737"
"chrX","19840173","19840464","KN296119v1","5183586","5183875","35","14656587"
"chrX","20054153","20054444","KN294439v1","300738","301034","33","19753415"
"chrX","20068808","20069107","KN294949v1","669778","670078","34","19399030"
"chrX","20073478","20073767","KN296381v1","517426","517720","58","19556052"
"chrX","20125699","20126017","KN294181v1","1655832","1656144","39","18469867"
"chrX","20169410","20169700","KN296145v1","881964","882257","34","19287446"
"chrX","20177308","20177599","KN296311v1","5551109","5551405","38","14626199"
"chrX","21390229","21390530","KN295304v1","46058","46359","45","21344171"
"chrX","21765254","21765556","KN294717v1","51729","52027","34","21713525"
"chrX","21821790","21822112","KN297154v1","1615519","1615836","46","20206271"
"chrX","21882075","21882379","KN294521v1","538038","538341","31","21344037"
"chrX","22039056","22039355","KN294457v1","1018677","1018971","35","21020379"
"chrX","22646382","22646616","KN296485v1","371894","372113","35","22274488"
"chrX","23076664","23076975","KN296865v1","1933794","1934101","39","21142870"
"chrX","23684689","23684957","KN294439v1","245831","246101","25","23438858"
"chrX","23764047","23764125","KN294879v1","472982","473063","17","23291065"
"chrX","23780636","23780936","KN296167v1","91576","91878","31","23689060"
"chrX","23866731","23867034","KN294416v1","327416","327717","40","23539315"
"chrX","23905913","23906215","KN296145v1","2807215","2807514","38","21098698"
"chrX","23971658","23971945","KN297165v1","693062","693346","32","23278596"
"chrX","23988607","23988890","KN294790v1","2757247","2757531","39","21231360"
"chrX","24273996","24274313","KN294281v1","87062","87375","41","24186934"
"chrX","24534400","24534688","KN296063v1","1001562","1001853","34","23532838"
"chrX","24575711","24576024","KN296019v1","190090","190393","38","24385621"
"chrX","24647471","24647767","KN296404v1","2965711","2966008","36","21681760"
"chrX","24659447","24659749","KN295987v1","301164","301465","42","24358283"
"chrX","24989618","24989902","KN295286v1","56861","57120","59","24932757"
"chrX","26563855","26564163","KN295294v1","849337","849645","44","25714518"
"chrX","27329062","27329371","KN294842v1","959846","960139","59","26369216"
"chrX","27615214","27615512","KN296404v1","2965711","2966008","32","24649503"
"chrX","27685704","27685992","KN295633v1","161032","161323","42","27524672"
"chrX","28355118","28355425","KN296588v1","13289","13578","46","28341829"
"chrX","29023549","29023838","KN295081v1","29716","29995","41","28993833"
"chrX","29223658","29223940","KN297374v1","65866","66143","33","29157792"
"chrX","29389098","29389395","KN294199v1","909895","910191","54","28479203"
"chrX","29467229","29467340","KN294470v1","523433","523540","18","28943796"
"chrX","29478077","29478355","KN295962v1","1565860","1566141","52","27912217"
"chrX","29537716","29538016","KN295090v1","583930","584231","38","28953786"
"chrX","29564350","29564576","KN296305v1","830964","831190","39","28733386"
"chrX","30625110","30625417","KN294493v1","393207","393512","43","30231903"
"chrX","30758823","30759133","KN296743v1","245342","245652","39","30513481"
"chrX","30787258","30787560","KN296569v1","627317","627623","33","30159941"
"chrX","31211989","31212278","KN294439v1","300738","301034","37","30911251"
"chrX","31987026","31987313","KN296936v1","81413","81696","21","31905613"
"chrX","32452393","32452679","KN297047v1","4130656","4130943","39","28321737"
"chrX","32625972","32626268","KN297112v1","5826102","5826396","40","26799870"
"chrX","32738304","32738598","KN295017v1","91698","91988","26","32646606"
"chrX","33127932","33128227","KN296743v1","1727640","1727937","39","31400292"
"chrX","33229267","33229570","KN294290v1","8955","9255","37","33220312"
"chrX","34514390","34514511","KN296508v1","2005079","2005198","12","32509311"
"chrX","34514566","34514686","KN295907v1","2149009","2149104","37","32365557"
"chrX","36140091","36140386","KN297048v1","305838","306132","28","35834253"
"chrX","36168693","36168993","KN294420v1","883019","883326","32","35285674"
"chrX","36369073","36369383","KN296492v1","179311","179624","28","36189762"
"chrX","36426494","36426770","KN296492v1","115445","115719","24","36311049"
"chrX","38445670","38445963","KN295474v1","569694","569984","35","37875976"
"chrX","38491266","38491558","KN296311v1","5346181","5346473","32","33145085"
"chrX","38611750","38612064","KN297375v1","245323","245624","33","38366427"
"chrX","39008503","39008803","KN296303v1","373645","373940","30","38634858"
"chrX","39837241","39837531","KN294439v1","300738","301034","33","39536503"
"chrX","40321466","40321774","KN295459v1","634986","635295","22","39686480"
"chrX","40506862","40507102","KN296311v1","6934502","6934740","43","33572360"
"chrX","40728644","40728939","KN295459v1","1063877","1064178","31","39664767"
"chrX","40939090","40939398","KN295236v1","1883860","1884167","33","39055230"
"chrX","40966084","40966388","KN295459v1","1309454","1309759","24","39656630"
"chrX","41058987","41059277","KN295459v1","1404910","1405218","34","39654077"
"chrX","41140280","41140579","KN295459v1","1489142","1489440","19","39651138"
"chrX","41180461","41180760","KN295459v1","1535026","1535327","33","39645435"
"chrX","41277996","41278196","KN297404v1","144735","144940","31","41133261"
"chrX","41314793","41315083","KN295459v1","1688205","1688494","21","39626588"
"chrX","41344612","41344944","KN294856v1","400185","400505","52","40944427"
"chrX","41350945","41351226","KN297008v1","3704335","3704617","29","37646610"
"chrX","41469148","41469451","KN295967v1","958702","958998","43","40510446"
"chrX","41512554","41512867","KN294790v1","993295","993605","38","40519259"
"chrX","41514061","41514377","KN296406v1","162794","163109","31","41351267"
"chrX","41551547","41551833","KN296406v1","205005","205282","38","41346542"
"chrX","41638703","41639009","KN294911v1","3613098","3613406","33","38025605"
"chrX","41838862","41839157","KN296406v1","474553","474851","29","41364309"
"chrX","42055765","42056077","KN295077v1","564405","564717","41","41491360"
"chrX","43312225","43312518","KN296743v1","2012835","2013130","35","41299390"
"chrX","43380833","43381135","KN295923v1","621393","621694","34","42759440"
"chrX","43864169","43864457","KN296806v1","97956","98240","29","43766213"
"chrX","44587784","44588095","KN296062v1","1513349","1513658","32","43074435"
"chrX","44758950","44759245","KN294439v1","300738","301034","37","44458212"
"chrX","44766107","44766394","KN295117v1","255146","255434","25","44510961"
"chrX","44885025","44885295","KN294879v1","123578","123838","46","44761447"
"chrX","45017448","45017759","KN296004v1","40917","41230","36","44976531"
"chrX","45168886","45169188","KN295077v1","388250","388549","36","44780636"
"chrX","45207704","45207938","KN296153v1","2784510","2784728","56","42423194"
"chrX","45244852","45245162","KN296146v1","170328","170637","43","45074524"
"chrX","45378225","45378520","KN296281v1","69164","69458","40","45309061"
"chrX","45692927","45693228","KN295523v1","2221436","2221738","36","43471491"
"chrX","45868637","45868931","KN297048v1","305838","306132","35","45562799"
"chrX","46488882","46489174","KN295420v1","192549","192848","36","46296333"
"chrX","46848115","46848416","KN294630v1","545291","545587","39","46302824"
"chrX","47093299","47093606","KN296145v1","2052757","2053065","35","45040542"
"chrX","47101536","47101839","KN294949v1","669778","670078","36","46431758"
"chrX","47106865","47107168","KN294439v1","300738","301034","41","46806127"
"chrX","47392112","47392407","KN294949v1","669778","670078","53","46722334"
"chrX","47398795","47399089","KN296281v1","69164","69458","31","47329631"
"chrX","47555223","47555498","KN296019v1","169049","169340","41","47386174"
"chrX","47579287","47579574","KN296588v1","13289","13578","36","47565998"
"chrX","47735555","47735865","KN294613v1","720616","720930","46","47014939"
"chrX","47775960","47776250","KN295633v1","161032","161323","34","47614928"
"chrX","48366171","48366463","KN294446v1","93113","93404","38","48273058"
"chrX","48799776","48800067","KN296921v1","2850553","2850841","34","45949223"
"chrX","49176389","49176689","KN297197v1","4305535","4305831","31","44870854"
"chrX","49714842","49715131","KN294613v1","583948","584237","33","49130894"
"chrX","49849046","49849324","KN294570v1","177638","177914","38","49671408"
"chrX","50474735","50475046","KN295294v1","849337","849645","32","49625398"
"chrX","51528295","51528586","KN294215v1","11752","12037","24","51516543"
"chrX","51832154","51832460","KN296498v1","392214","392512","38","51439940"
"chrX","52009391","52009690","KN296594v1","636925","637224","31","51372466"
"chrX","52129629","52129922","KN294897v1","417952","418246","39","51711677"
"chrX","52475033","52475318","KN296717v1","43400","43683","26","52431633"
"chrX","53655833","53656104","KN295596v1","1971635","1971913","43","51684198"
"chrX","53716520","53716806","KN295744v1","316957","317261","37","53399563"
"chrX","54120244","54120525","KN294172v1","4176770","4177051","36","49943474"
"chrX","54120565","54120580","KN294747v1","577436","577449","3","53543129"
"chrX","54161784","54162063","KN296158v1","254683","254974","35","53907101"
"chrX","54179051","54179364","KN296614v1","45058","45358","36","54133993"
"chrX","54196927","54196939","KN294987v1","346601","346612","3","53850326"
"chrX","54197063","54197349","KN295735v1","803449","803732","39","53393614"
"chrX","54278432","54278745","KN295907v1","1622346","1622658","35","52656086"
"chrX","54811112","54811408","KN296167v1","321769","322068","33","54489343"
"chrX","54861641","54861938","KN294439v1","300738","301034","26","54560903"
"chrX","54862907","54863193","KN297008v1","3704335","3704617","33","51158572"
"chrX","57453593","57453914","KN294181v1","1488459","1488767","52","55965134"
"chrX","62325750","62326007","KN294235v1","266788","267059","48","62058962"
"chrX","62573511","62573813","KN295405v1","2031379","2031690","62","60542132"
"chrX","63542946","63543254","KN294461v1","80914","81226","25","63462032"
"chrX","64517052","64517368","KN296272v1","7231","7547","35","64509821"
"chrX","64845849","64846140","KN296063v1","1001562","1001853","37","63844287"
"chrX","64847678","64847989","KN294842v1","798735","799047","44","64048943"
"chrX","64884210","64884472","KN297403v1","3928","4192","37","64880282"
"chrX","65275799","65276110","KN294571v1","1050804","1051111","39","64224995"
"chrX","66987175","66987470","KN297112v1","5826102","5826396","27","61161073"
"chrX","67474938","67475244","KN294911v1","2469693","2469997","34","65005245"
"chrX","67544841","67545141","KN294874v1","619764","620065","38","66925077"
"chrX","67659164","67659457","KN294705v1","2200725","2201020","42","65458439"
"chrX","67771554","67771853","KN294326v1","704615","704918","38","67066939"
"chrX","68880144","68880433","KN295244v1","451775","452068","27","68428369"
"chrX","69018927","69019227","KN295244v1","318312","318607","43","68700615"
"chrX","69292386","69292681","KN295244v1","52221","52512","27","69240165"
"chrX","69789120","69789429","KN294987v1","152903","153215","40","69636217"
"chrX","70402978","70403289","KN296406v1","90170","90475","43","70312808"
"chrX","70611136","70611427","KN297112v1","5826102","5826396","37","64785034"
"chrX","70625120","70625414","KN295102v1","20527","20821","35","70604593"
"chrX","70796599","70796852","KN296833v1","435218","435467","38","70361381"
"chrX","70905398","70905690","KN295984v1","2500308","2500598","31","68405090"
"chrX","71357478","71357535","KN297094v1","75794","75851","10","71281684"
"chrX","73086478","73086774","KN294790v1","51287","51583","38","73035191"
"chrX","73335550","73335841","KN295439v1","51621","51917","29","73283929"
"chrX","73348781","73349081","KN294470v1","356145","356443","42","72992636"
"chrX","73575091","73575380","KN296119v1","3287647","3287934","43","70287444"
"chrX","73775029","73775319","KN295923v1","639205","639493","34","73135824"
"chrX","74023573","74023885","KN294650v1","254184","254484","45","73769389"
"chrX","74144896","74145181","KN295205v1","717742","718025","29","73427154"
"chrX","74232057","74232353","KN296311v1","5551109","5551405","39","68680948"
"chrX","75751921","75752197","KN295070v1","38511","38791","46","75713410"
"chrX","76081549","76081852","KN296498v1","392214","392512","40","75689335"
"chrX","76894432","76894738","KN295236v1","4569456","4569757","47","72324976"
"chrX","77004759","77005067","KN296743v1","245342","245652","44","76759417"
"chrX","77033723","77034023","KN296732v1","1455446","1455745","41","75578277"
"chrX","77085788","77086101","KN295533v1","2292035","2292350","51","74793753"
"chrX","77086161","77086308","KN297159v1","606361","606506","30","76479800"
"chrX","77191168","77191475","KN294443v1","739291","739598","32","76451877"
"chrX","77195412","77195708","KN296977v1","63072","63373","25","77132340"
"chrX","77196572","77196699","KN296977v1","64263","64393","17","77132309"
"chrX","77206584","77206889","KN296977v1","75391","75691","35","77131193"
"chrX","77975862","77976158","KN296594v1","636925","637224","44","77338937"
"chrX","78082785","78083095","KN295130v1","57369","57663","33","78025416"
"chrX","79099004","79099312","KN294856v1","342348","342654","34","78756656"
"chrX","79933804","79933886","KN297153v1","1323853","1323933","12","78609951"
"chrX","80987306","80987616","KN297007v1","105257","105566","37","80882049"
"chrX","81043633","81043928","KN296921v1","763793","764087","45","80279840"
"chrX","81593754","81594048","KN295625v1","86307","86594","29","81507447"
"chrX","82296568","82296865","KN294439v1","300738","301034","33","81995830"
"chrX","85275256","85275548","KN294439v1","300738","301034","45","84974518"
"chrX","86133098","86133407","KN295236v1","1883860","1884167","43","84249238"
"chrX","86476473","86476779","KN296460v1","130610","130915","36","86345863"
"chrX","86986792","86987092","KN295294v1","849337","849645","42","86137455"
"chrX","88764701","88764955","KN294218v1","740587","740864","50","88024114"
"chrX","89270560","89270850","KN295236v1","4082902","4083183","42","85187658"
"chrX","91051071","91051384","KN295294v1","849337","849645","42","90201734"
"chrX","91511957","91512260","KN297444v1","854140","854442","36","90657817"
"chrX","92414073","92414359","KN296635v1","126740","127032","42","92287333"
"chrX","93774857","93775166","KN295368v1","1059789","1060099","41","92715068"
"chrX","94201892","94202162","KN294739v1","631813","632086","38","93570079"
"chrX","94690109","94690403","KN294662v1","177705","178001","37","94512404"
"chrX","95137234","95137537","KN295708v1","1471221","1471525","41","93666013"
"chrX","95290908","95291213","KN295294v1","3348137","3348442","41","91942771"
"chrX","95297085","95297381","KN296062v1","1571490","1571788","42","93725595"
"chrX","96452024","96452306","KN294893v1","439595","439874","41","96012429"
"chrX","96535990","96536302","KN294443v1","739291","739598","34","95796699"
"chrX","96604784","96605067","KN294987v1","346285","346567","29","96258499"
"chrX","96628596","96628900","KN295692v1","2294119","2294418","42","94334477"
"chrX","96846559","96846861","KN295433v1","1034099","1034401","37","95812460"
"chrX","96930176","96930480","KN294292v1","125372","125675","21","96804804"
"chrX","96937344","96937617","KN294292v1","132912","133185","21","96804432"
"chrX","97079656","97079955","KN294292v1","269090","269388","28","96810566"
"chrX","97168026","97168325","KN295244v1","318312","318607","31","96849714"
"chrX","98933964","98934269","KN297095v1","3710135","3710434","43","95223829"
"chrX","100007348","100007629","KN294987v1","346285","346567","38","99661063"
"chrX","100048888","100049200","KN296404v1","273181","273489","43","99775707"
"chrX","100062717","100063020","KN295974v1","2070068","2070368","43","97992649"
"chrX","100173309","100173613","KN297227v1","1013431","1013731","33","99159878"
"chrX","100403979","100404286","KN294181v1","1655832","1656144","36","98748147"
"chrX","100493346","100493632","KN295205v1","717742","718025","34","99775604"
"chrX","100568990","100569303","KN294850v1","49705","50009","29","100519285"
"chrX","100659002","100659318","KN294850v1","144372","144685","27","100514630"
"chrX","102337129","102337430","KN294439v1","300738","301034","33","102036391"
"chrX","102363006","102363172","KN294287v1","231225","231390","24","102131781"
"chrX","103721798","103722100","KN295350v1","352594","352893","41","103369204"
"chrX","103751281","103751576","KN294439v1","300738","301034","35","103450543"
"chrX","103851814","103852114","KN294372v1","1816578","1816877","36","102035236"
"chrX","104003690","104003984","KN296743v1","2012835","2013130","35","101990855"
"chrX","105616828","105617128","KN294172v1","4261970","4262272","38","101354858"
"chrX","107049703","107050015","KN295748v1","158810","159129","32","106890893"
"chrX","107098180","107098469","KN295748v1","205649","205937","28","106892531"
"chrX","107382778","107383059","KN296079v1","1743565","1743846","35","105639213"
"chrX","107557521","107557832","KN294443v1","739291","739598","37","106818230"
"chrX","107644619","107644901","KN295326v1","317964","318263","40","107326655"
"chrX","108066816","108067096","KN296732v1","1792478","1792756","26","106274338"
"chrX","110307692","110307982","KN295940v1","418804","419096","42","109888888"
"chrX","111228502","111228795","KN294287v1","269111","269403","35","110959391"
"chrX","111245664","111245766","KN297259v1","981245","981342","17","110264419"
"chrX","111331362","111331455","KN294949v1","273741","273835","16","111057621"
"chrX","112480788","112481052","KN297227v1","101411","101676","34","112379377"
"chrX","112558388","112558685","KN294457v1","1018677","1018971","38","111539711"
"chrX","113685544","113685843","KN294439v1","300738","301034","40","113384806"
"chrX","114279576","114279860","KN296079v1","1743565","1743846","46","112536011"
"chrX","115297594","115297902","KN295236v1","1883860","1884167","36","113413734"
"chrX","115308282","115308589","KN295281v1","186868","187179","54","115121414"
"chrX","115868298","115868616","KN296062v1","1513349","1513658","51","114354949"
"chrX","115906217","115906522","KN295523v1","556214","556518","35","115350003"
"chrX","116171402","116171671","KN296606v1","198929","199206","49","115972473"
"chrX","117831042","117831335","KN294536v1","345039","345332","33","117486003"
"chrX","117881055","117881347","KN295930v1","805919","806220","32","117075136"
"chrX","118307929","118308233","KN294457v1","1018677","1018971","31","117289252"
"chrX","118334299","118334596","KN295930v1","358140","358439","32","117976159"
"chrX","118416843","118417151","KN295930v1","270265","270565","30","118146578"
"chrX","118702143","118702440","KN297319v1","314657","314952","39","118387486"
"chrX","118964173","118964314","KN294451v1","163074","163214","20","118801099"
"chrX","119003962","119004254","KN294439v1","300738","301034","33","118703224"
"chrX","119249618","119249925","KN297444v1","360314","360617","42","118889304"
"chrX","119277623","119277912","KN294444v1","80660","80970","42","119196963"
"chrX","119341973","119342277","KN295967v1","550401","550707","40","118791572"
"chrX","119354131","119354402","KN295236v1","2756661","2756934","50","116597470"
"chrX","119354988","119355271","KN297019v1","932923","933205","34","118422065"
"chrX","119375470","119375681","KN297112v1","3923306","3923518","26","115452164"
"chrX","123056276","123056559","KN297008v1","3704335","3704617","38","119351941"
"chrX","123062691","123062981","KN297047v1","4130656","4130943","34","118932035"
"chrX","123189601","123189902","KN297141v1","152542","152844","37","123037059"
"chrX","123263419","123263703","KN297105v1","2623818","2624102","35","120639601"
"chrX","123308881","123309043","KN294961v1","8665","8828","22","123300216"
"chrX","123335848","123336144","KN296311v1","5551109","5551405","32","117784739"
"chrX","123442432","123442728","KN294439v1","300738","301034","35","123141694"
"chrX","123698822","123699114","KN297403v1","31686","31980","35","123667136"
"chrX","123783659","123783958","KN297046v1","2048970","2049274","45","121734689"
"chrX","123873804","123874098","KN294172v1","4044399","4044693","40","119829405"
"chrX","124317541","124317829","KN295307v1","57792","58084","34","124259749"
"chrX","124751010","124751302","KN296096v1","2342383","2342678","37","122408627"
"chrX","124809787","124810083","KN295814v1","253207","253496","49","124556580"
"chrX","125446110","125446398","KN295607v1","4686649","4686942","45","120759461"
"chrX","126195607","126195905","KN296588v1","13289","13578","45","126182318"
"chrX","126757861","126758153","KN295706v1","150980","151270","33","126606881"
"chrX","127458267","127458562","KN296926v1","756922","757216","40","126701345"
"chrX","127470729","127470963","KN296454v1","17768","18002","44","127452961"
"chrX","129454171","129454390","KN296157v1","1924601","1924827","40","127529570"
"chrX","129512378","129512669","KN297138v1","230274","230565","30","129282104"
"chrX","129569206","129569510","KN295294v1","849337","849645","34","128719869"
"chrX","129691842","129692130","KN295814v1","183509","183799","34","129508333"
"chrX","129793663","129793929","KN294257v1","2460776","2461045","36","127332887"
"chrX","129840400","129840711","KN295708v1","2776241","2776551","33","127064159"
"chrX","129916385","129916671","KN297452v1","2174294","2174579","40","127742091"
"chrX","131151306","131151616","KN294443v1","739291","739598","46","130412015"
"chrX","131286348","131286635","KN294457v1","1018677","1018971","39","130267671"
"chrX","132045540","132045846","KN294407v1","707064","707376","39","131338476"
"chrX","132590835","132591138","KN295090v1","2881719","2882025","35","129709116"
"chrX","133463360","133463438","KN294372v1","2493314","2493391","9","130970046"
"chrX","133831535","133831795","KN296833v1","435218","435467","27","133396317"
"chrX","133953661","133953925","KN297442v1","822414","822676","33","133131247"
"chrX","133962817","133963113","KN296833v1","299746","300046","25","133663071"
"chrX","133983002","133983289","KN296311v1","5551109","5551405","37","128431893"
"chrX","134144806","134145104","KN295441v1","1795450","1795742","35","132349356"
"chrX","134208963","134209271","KN296833v1","52061","52369","25","134156902"
"chrX","134213931","134214239","KN296833v1","46867","47177","26","134167064"
"chrX","134229163","134229459","KN296833v1","32093","32382","42","134197070"
"chrX","134251317","134251618","KN296833v1","9519","9815","18","134241798"
"chrX","134261471","134261781","KN295835v1","505","815","18","134260966"
"chrX","134407762","134408024","KN294415v1","178151","178407","39","134229611"
"chrX","135081960","135082091","KN295735v1","1450186","1450321","33","133631774"
"chrX","135348020","135348305","KN296588v1","13289","13578","26","135334731"
"chrX","135362785","135363091","KN296311v1","3176858","3177154","46","132185927"
"chrX","135389559","135389618","KN296306v1","3206542","3206604","10","132183017"
"chrX","135468151","135468444","KN295294v1","849337","849645","47","134618814"
"chrX","135524026","135524320","KN295244v1","318312","318607","37","135205714"
"chrX","135698113","135698418","KN295671v1","216235","216540","34","135481878"
"chrX","136033744","136034047","KN295294v1","3348137","3348442","33","132685607"
"chrX","136149110","136149418","KN295586v1","5000258","5000571","45","131148852"
"chrX","136255933","136256238","KN296520v1","1624939","1625235","48","134630994"
"chrX","136256899","136257189","KN295294v1","130722","131013","39","136126177"
"chrX","136331378","136331685","KN295459v1","634986","635295","46","135696392"
"chrX","136764103","136764400","KN294208v1","594903","595207","39","136169200"
"chrX","136783369","136783544","KN295708v1","1597439","1597612","26","135185930"
"chrX","139311914","139312222","KN294407v1","707064","707376","40","138604850"
"chrX","139982586","139982910","KN295077v1","564405","564717","45","139418181"
"chrX","140118983","140119280","KN294650v1","254184","254484","39","139864799"
"chrX","140132529","140132821","KN296311v1","5346181","5346473","30","134786348"
"chrX","140519356","140519659","KN297141v1","152542","152844","36","140366814"
"chrX","140664961","140665258","KN294457v1","1018677","1018971","28","139646284"
"chrX","141005289","141005588","KN296305v1","568169","568467","38","140437120"
"chrX","141011461","141011740","KN297165v1","693062","693346","38","140318399"
"chrX","141012649","141012952","KN294257v1","70332","70634","41","140942317"
"chrX","141699678","141699980","KN296775v1","754705","755004","37","140944973"
"chrX","145091909","145092217","KN294571v1","2793346","2793649","42","142298563"
"chrX","145291898","145292021","KN294536v1","1762846","1762968","15","143529052"
"chrX","145473130","145473440","KN295118v1","127490","127782","42","145345640"
"chrX","146184818","146185086","KN295441v1","1494791","1495062","45","144690027"
"chrX","148953126","148953426","KN294372v1","1816578","1816877","46","147136548"
"chrX","149164874","149165179","KN296311v1","1036675","1036980","45","148128199"
"chrX","149215469","149215583","KN295708v1","1761568","1761682","21","147453901"
"chrX","150333971","150334261","KN296697v1","2060","2343","46","150331911"
"chrX","150440678","150440977","KN296404v1","2412477","2412775","37","148028201"
"chrX","150459095","150459397","KN294856v1","342348","342654","34","150116747"
"chrX","150551947","150552246","KN296311v1","3176858","3177154","36","147375089"
"chrX","151189836","151190127","KN294987v1","1615569","1615864","36","149574267"
"chrX","152267556","152267737","KN295708v1","1597439","1597612","28","150670117"
"chrX","153236310","153236615","KN295236v1","2465192","2465497","37","150771118"
"chrX","153333524","153333822","KN296732v1","1455446","1455745","39","151878078"
"chrX","153339187","153339338","KN295564v1","625987","626137","25","152713200"
"chrX","153433905","153434164","KN297442v1","822414","822676","41","152611491"
"chrX","153874655","153874973","KN296466v1","166920","167228","28","153707735"
"chrX","154349214","154349519","KN295244v1","318312","318607","39","154030902"
"chr10","627933","628220","KN296119v1","5901396","5901695","48","5273463"
"chr10","762088","762372","KN294218v1","2457805","2458093","27","1695717"
"chr10","1082441","1082752","KN294396v1","473649","473951","47","608792"
"chr10","2418342","2418621","KN294218v1","740587","740864","28","1677755"
"chr10","2537381","2537689","KN295294v1","849337","849645","37","1688044"
"chr10","3514477","3514786","KN297205v1","435353","435667","38","3079124"
"chr10","3602992","3603286","KN297403v1","31686","31980","37","3571306"
"chr10","3856488","3856801","KN296865v1","1933794","1934101","43","1922694"
"chr10","4031669","4031800","KN295735v1","1727114","1727246","21","2304555"
"chr10","4093453","4093739","KN295045v1","762069","762358","44","3331384"
"chr10","4099615","4099909","KN295260v1","1828605","1828891","51","2271010"
"chr10","4568840","4569155","KN297205v1","435353","435667","44","4133487"
"chr10","4764193","4764490","KN297327v1","626342","626638","39","4137851"
"chr10","4911133","4911417","KN294457v1","1018677","1018971","41","3892456"
"chr10","5083482","5083789","KN296261v1","497981","498293","48","4585501"
"chr10","5418610","5418894","KN294456v1","105867","106153","41","5312743"
"chr10","5660845","5661136","KN296063v1","386138","386436","30","5274707"
"chr10","5706904","5707210","KN296063v1","431825","432155","42","5275079"
"chr10","5854138","5854440","KN296812v1","170396","170699","43","5683742"
"chr10","6041345","6041645","KN296063v1","790065","790364","32","5251280"
"chr10","6252403","6252699","KN294439v1","300738","301034","30","5951665"
"chr10","6727362","6727644","KN294911v1","3417560","3417842","45","3309802"
"chr10","6924655","6924960","KN295722v1","1843463","1843767","45","5081192"
"chr10","6946936","6947236","KN294439v1","300738","301034","45","6646198"
"chr10","7072078","7072374","KN296191v1","1483522","1483838","52","5588556"
"chr10","7075298","7075594","KN296062v1","1571490","1571788","36","5503808"
"chr10","7217045","7217308","KN295107v1","183262","183519","34","7033783"
"chr10","7583782","7584076","KN294439v1","300738","301034","38","7283044"
"chr10","7897725","7898030","KN294911v1","2469693","2469997","38","5428032"
"chr10","7938616","7938922","KN294281v1","87062","87375","38","7851554"
"chr10","8019292","8019600","KN297205v1","435353","435667","36","7583939"
"chr10","8030307","8030603","KN296303v1","373645","373940","35","7656662"
"chr10","8200273","8200537","KN295091v1","2050470","2050730","39","6149803"
"chr10","8227892","8228176","KN294987v1","346285","346567","46","7881607"
"chr10","8493774","8494054","KN294911v1","4551473","4551760","38","3942301"
"chr10","9228201","9228484","KN296079v1","1115350","1115639","48","8112851"
"chr10","9905165","9905460","KN294439v1","300738","301034","45","9604427"
"chr10","10039384","10039629","KN294372v1","1341247","1341494","36","8698137"
"chr10","10377583","10377884","KN296079v1","2738474","2738780","28","7639109"
"chr10","10546338","10546634","KN296079v1","2554291","2554588","35","7992047"
"chr10","10795276","10795515","KN294158v1","392232","392464","32","10403044"
"chr10","11130344","11130640","KN294182v1","193047","193344","40","10937297"
"chr10","11356573","11356876","KN295893v1","178302","178608","37","11178271"
"chr10","11719004","11719303","KN296079v1","1376834","1377130","29","10342170"
"chr10","12044284","12044593","KN296079v1","1035541","1035847","36","11008743"
"chr10","12045744","12046054","KN296079v1","1034083","1034389","35","11011661"
"chr10","12068647","12068925","KN296852v1","2805136","2805415","38","9263511"
"chr10","12082584","12082894","KN295744v1","299244","299554","40","11783340"
"chr10","12165267","12165573","KN296079v1","913521","913813","38","11251746"
"chr10","12385617","12385917","KN296538v1","1823743","1824043","36","10561874"
"chr10","12398370","12398663","KN296079v1","1115350","1115639","33","11283020"
"chr10","12402413","12402604","KN296381v1","236500","236688","26","12165913"
"chr10","12465355","12465651","KN294172v1","4261970","4262272","32","8203385"
"chr10","12486006","12486301","KN296925v1","258503","258798","36","12227503"
"chr10","12734962","12735270","KN296079v1","329076","329384","22","12405886"
"chr10","12788533","12788835","KN296079v1","274284","274587","29","12514249"
"chr10","13032649","13032936","KN296311v1","5346181","5346473","37","7686468"
"chr10","13126036","13126342","KN294172v1","346409","346717","37","12779627"
"chr10","13135971","13136281","KN296062v1","1513349","1513658","41","11622622"
"chr10","13204071","13204381","KN297050v1","99487","99797","40","13104584"
"chr10","13888826","13889133","KN295995v1","465320","465627","29","13423506"
"chr10","13899397","13899706","KN294193v1","198069","198376","34","13701328"
"chr10","14237841","14238139","KN295368v1","1855168","1855468","33","12382673"
"chr10","14286901","14287199","KN296594v1","636925","637224","41","13649976"
"chr10","14295252","14295523","KN295995v1","883189","883475","27","13412063"
"chr10","14819879","14820169","KN295045v1","1002653","1002946","35","13817226"
"chr10","14959751","14960053","KN295995v1","1556884","1557188","33","13402867"
"chr10","15215435","15215738","KN294949v1","669778","670078","36","14545657"
"chr10","15634331","15634626","KN295995v1","1918861","1919162","27","13715470"
"chr10","15638490","15638783","KN295301v1","861264","861571","52","14777226"
"chr10","15700218","15700514","KN296311v1","5346181","5346473","31","10354037"
"chr10","15729663","15729969","KN295294v1","849337","849645","36","14880326"
"chr10","15858233","15858544","KN294181v1","1655832","1656144","34","14202401"
"chr10","15897500","15897831","KN295940v1","160285","160597","42","15737215"
"chr10","15904768","15905080","KN295940v1","166996","167299","44","15737772"
"chr10","15909959","15910255","KN294439v1","300738","301034","39","15609221"
"chr10","16017380","16017689","KN294613v1","580666","580973","37","15436714"
"chr10","16132688","16132991","KN295940v1","399370","399675","36","15733318"
"chr10","16349866","16350151","KN297008v1","3704335","3704617","35","12645531"
"chr10","16817176","16817499","KN294172v1","901987","902298","52","15915189"
"chr10","16987699","16987988","KN296508v1","1861452","1861744","39","15126247"
"chr10","17155503","17155803","KN294501v1","959940","960242","45","16195563"
"chr10","17309538","17309834","KN297197v1","4305535","4305831","36","13004003"
"chr10","17314634","17314934","KN295962v1","1449992","1450292","35","15864642"
"chr10","17398897","17399203","KN294372v1","2580401","2580700","53","14818496"
"chr10","17849255","17849540","KN297133v1","262973","263267","50","17586282"
"chr10","18007017","18007315","KN295244v1","318312","318607","37","17688705"
"chr10","18079436","18079745","KN295294v1","849337","849645","40","17230099"
"chr10","18127623","18127934","KN295533v1","1224462","1224775","45","16903161"
"chr10","18176094","18176373","KN295735v1","295237","295521","36","17880857"
"chr10","18212137","18212441","KN296743v1","245342","245652","37","17966795"
"chr10","18226282","18226579","KN294182v1","193047","193344","34","18033235"
"chr10","18343781","18344091","KN296306v1","3374106","3374409","44","14969675"
"chr10","18553179","18553471","KN294439v1","300738","301034","34","18252441"
"chr10","18694288","18694575","KN295983v1","730962","731245","39","17963326"
"chr10","19124897","19125202","KN295610v1","472231","472528","29","18652666"
"chr10","19137146","19137451","KN295236v1","2465192","2465497","32","16671954"
"chr10","19368935","19369215","KN295610v1","686732","687023","34","18682203"
"chr10","19496343","19496633","KN295107v1","1283723","1284018","42","18212620"
"chr10","20046740","20047033","KN296306v1","482708","483004","52","19564032"
"chr10","20092868","20093181","KN295533v1","2550969","2551279","38","17541899"
"chr10","20321453","20321737","KN296864v1","1087186","1087472","44","19234267"
"chr10","20394790","20395103","KN297205v1","435353","435667","36","19959437"
"chr10","20516873","20517175","KN294172v1","4261970","4262272","39","16254903"
"chr10","20672256","20672558","KN296404v1","2965711","2966008","38","17706545"
"chr10","21938134","21938445","KN295142v1","809109","809420","50","21129025"
"chr10","21993695","21993995","KN296187v1","2191196","2191496","31","19802499"
"chr10","22364494","22364812","KN294987v1","152903","153215","50","22211591"
"chr10","23333237","23333530","KN297047v1","4130656","4130943","40","19202581"
"chr10","23792102","23792313","KN296187v1","478073","478282","25","23314029"
"chr10","24328005","24328282","KN296290v1","830757","831038","33","23497248"
"chr10","25084941","25085237","KN295596v1","3080087","3080384","30","22004854"
"chr10","25237058","25237364","KN294493v1","131820","132128","48","25105238"
"chr10","25304112","25304405","KN294421v1","1228170","1228462","42","24075942"
"chr10","27056796","27057075","KN294583v1","261612","261882","26","26795184"
"chr10","27168307","27168535","KN295102v1","1533","1765","36","27166774"
"chr10","27304715","27305024","KN295523v1","2221436","2221738","38","25083279"
"chr10","27591546","27591850","KN295995v1","465320","465627","41","27126226"
"chr10","27613106","27613364","KN296507v1","428632","428906","47","27184474"
"chr10","27674604","27674916","KN295074v1","341643","341951","39","27332961"
"chr10","28755002","28755081","KN297153v1","1323853","1323933","13","27431149"
"chr10","29034159","29034465","KN294539v1","1401588","1401899","40","27632571"
"chr10","29056610","29056924","KN294172v1","901987","902298","41","28154623"
"chr10","29119788","29120085","KN294372v1","1816578","1816877","43","27303210"
"chr10","29148814","29149110","KN297008v1","400368","400667","36","28748446"
"chr10","29174002","29174229","KN296142v1","262854","263051","54","28911148"
"chr10","29176009","29176300","KN296635v1","3763561","3763853","32","25412448"
"chr10","30266395","30266567","KN294571v1","1593145","1593316","26","28673250"
"chr10","30268337","30268635","KN295294v1","849337","849645","36","29419000"
"chr10","30270508","30270818","KN295074v1","341643","341951","41","29928865"
"chr10","30416029","30416328","KN294662v1","177705","178001","42","30238324"
"chr10","30554626","30554920","KN296281v1","69164","69458","37","30485462"
"chr10","30964423","30964722","KN294439v1","300738","301034","41","30663685"
"chr10","31044423","31044717","KN296145v1","881964","882257","31","30162459"
"chr10","31104475","31104766","KN294467v1","214886","215182","43","30889589"
"chr10","31152134","31152430","KN295107v1","1283723","1284018","36","29868411"
"chr10","31311371","31311660","KN294439v1","300738","301034","31","31010633"
"chr10","31407295","31407603","KN295368v1","1059789","1060099","42","30347506"
"chr10","31881561","31881855","KN297047v1","2397344","2397638","42","29484217"
"chr10","31893769","31894084","KN295708v1","2776241","2776551","40","29117528"
"chr10","32416312","32416620","KN295502v1","54128","54438","43","32362184"
"chr10","32489184","32489497","KN295744v1","299244","299554","37","32189940"
"chr10","32668543","32668834","KN294439v1","300738","301034","42","32367805"
"chr10","32775249","32775552","KN294439v1","300738","301034","42","32474511"
"chr10","33059518","33059810","KN296311v1","5346181","5346473","33","27713337"
"chr10","33082109","33082390","KN296119v1","5183586","5183875","41","27898523"
"chr10","33114125","33114415","KN294499v1","1821976","1822269","47","31292149"
"chr10","34077974","34078278","KN297242v1","1418485","1418781","45","32659489"
"chr10","34092666","34092976","KN294443v1","739291","739598","34","33353375"
"chr10","34570748","34571036","KN295243v1","533999","534314","51","34036749"
"chr10","34608346","34608638","KN295243v1","570778","571063","34","34037568"
"chr10","34652454","34652765","KN295923v1","1527713","1528024","33","33124741"
"chr10","34738699","34739004","KN295243v1","711183","711487","32","34027516"
"chr10","34922442","34922745","KN295708v1","2776241","2776551","35","32146201"
"chr10","35152706","35153011","KN295243v1","1125403","1125716","37","34027303"
"chr10","35615686","35615989","KN296486v1","163955","164261","36","35451731"
"chr10","35649970","35650288","KN296406v1","76428","76742","49","35573542"
"chr10","35736638","35736950","KN295236v1","467891","468202","40","35268747"
"chr10","35899392","35899694","KN295871v1","667156","667468","39","35232236"
"chr10","36042058","36042363","KN295090v1","2881719","2882025","40","33160339"
"chr10","36332163","36332448","KN295294v1","130722","131013","34","36201441"
"chr10","36389902","36390209","KN296337v1","638587","638899","39","35751315"
"chr10","36499313","36499629","KN296435v1","113782","114097","50","36385531"
"chr10","36632444","36632740","KN297452v1","704156","704453","44","35928288"
"chr10","36643827","36644111","KN296833v1","353722","354006","36","36290105"
"chr10","36763508","36763805","KN295017v1","163423","163725","39","36600085"
"chr10","37091888","37092183","KN295244v1","451775","452068","37","36640113"
"chr10","37347816","37348090","KN295099v1","444560","444835","29","36903256"
"chr10","37387524","37387824","KN296732v1","1455446","1455745","33","35932078"
"chr10","37440832","37441137","KN295096v1","472728","473024","41","36968104"
"chr10","37456282","37456579","KN295523v1","3194371","3194661","42","34261911"
"chr10","38231555","38231865","KN296133v1","192274","192580","43","38039281"
"chr10","38353502","38353800","KN296303v1","354473","354769","38","37999029"
"chr10","38468234","38468476","KN295102v1","1533","1765","46","38466701"
"chr10","38835994","38836280","KN297168v1","565722","566010","49","38270272"
"chr10","42912702","42912999","KN294439v1","300738","301034","43","42611964"
"chr10","43519554","43519860","KN295294v1","849337","849645","66","42670217"
"chr10","43603371","43603681","KN294387v1","1378789","1379098","44","42224582"
"chr10","43709471","43709777","KN297165v1","1212451","1212758","45","42497020"
"chr10","43716613","43716937","KN295077v1","564405","564717","49","43152208"
"chr10","46482387","46482701","KN296551v1","266293","266598","31","46216094"
"chr10","47523669","47523969","KN296817v1","140762","141062","28","47382907"
"chr10","49225835","49226118","KN295666v1","599906","600199","36","48625929"
"chr10","49993177","49993445","KN295459v1","140500","140772","38","49852677"
"chr10","50025854","50026154","KN295236v1","1532582","1532882","42","48493272"
"chr10","50046847","50047157","KN296865v1","1933794","1934101","39","48113053"
"chr10","51113369","51113675","KN295667v1","1413818","1414125","42","49699551"
"chr10","51259993","51260280","KN296883v1","3124205","3124494","38","48135788"
"chr10","51435718","51436004","KN294848v1","1350361","1350645","43","50085357"
"chr10","52585803","52586107","KN294493v1","393207","393512","40","52192596"
"chr10","52891877","52892170","KN295107v1","1283723","1284018","39","51608154"
"chr10","55015773","55016065","KN295244v1","318312","318607","42","54697461"
"chr10","57956541","57956835","KN294302v1","668198","668499","38","57288343"
"chr10","59133989","59134283","KN296303v1","354473","354769","33","58779516"
"chr10","60395350","60395625","KN296588v1","13289","13578","42","60382061"
"chr10","60464679","60464985","KN295294v1","849337","849645","41","59615342"
"chr10","60885572","60885896","KN296538v1","110885","111207","39","60774687"
"chr10","60972920","60973236","KN294172v1","6901602","6901916","38","54071318"
"chr10","61958884","61959186","KN297141v1","152542","152844","35","61806342"
"chr10","62296883","62297185","KN294728v1","1239204","1239498","51","61057679"
"chr10","62318629","62318913","KN295573v1","1209164","1209448","31","61109465"
"chr10","62322749","62323071","KN294728v1","1266632","1266956","27","61056117"
"chr10","62354518","62354803","KN294728v1","1298722","1299008","20","61055796"
"chr10","62557731","62558025","KN294728v1","1508357","1508660","35","61049374"
"chr10","63178611","63178923","KN294991v1","831899","832213","32","62346712"
"chr10","63508004","63508287","KN295692v1","1571517","1571802","39","61936487"
"chr10","63686609","63686919","KN295142v1","809109","809420","37","62877500"
"chr10","64997303","64997608","KN294493v1","393207","393512","46","64604096"
"chr10","65499572","65499848","KN297403v1","3928","4192","41","65495644"
"chr10","65826940","65827243","KN294172v1","4261970","4262272","40","61564970"
"chr10","66282700","66282999","KN296594v1","636925","637224","34","65645775"
"chr10","66524243","66524415","KN295459v1","1057343","1057518","34","65466900"
"chr10","66559058","66559334","KN297431v1","661119","661396","35","65897939"
"chr10","66593558","66593850","KN294446v1","1022595","1022887","31","65570963"
"chr10","66642958","66643263","KN295294v1","849337","849645","33","65793621"
"chr10","66705253","66705552","KN294446v1","904235","904532","37","65801018"
"chr10","66859358","66859644","KN297047v1","3623288","3623568","38","63236070"
"chr10","67029063","67029373","KN295871v1","667156","667468","40","66361907"
"chr10","67155244","67155535","KN294578v1","606994","607284","44","66548250"
"chr10","67180354","67180648","KN294446v1","433460","433755","30","66746894"
"chr10","67211470","67211764","KN296303v1","373645","373940","41","66837825"
"chr10","67530478","67530768","KN296580v1","101572","101868","38","67428906"
"chr10","67534266","67534563","KN296311v1","5551109","5551405","46","61983157"
"chr10","67543043","67543342","KN294536v1","431967","432266","35","67111076"
"chr10","67635512","67635639","KN295735v1","463489","463612","20","67172023"
"chr10","67656392","67656692","KN297038v1","159105","159406","44","67497287"
"chr10","67664140","67664434","KN297444v1","360314","360617","50","67303826"
"chr10","67667599","67667898","KN295304v1","46058","46359","32","67621541"
"chr10","67733672","67733748","KN297274v1","558721","558800","15","67174951"
"chr10","67808000","67808273","KN294728v1","1298722","1299008","43","66509278"
"chr10","68032214","68032515","KN295405v1","156516","156823","23","67875698"
"chr10","68146101","68146392","KN295405v1","275222","275513","33","67870879"
"chr10","68347673","68347967","KN295523v1","556214","556518","36","67791459"
"chr10","68357689","68357989","KN294439v1","300738","301034","35","68056951"
"chr10","68428203","68428446","KN296119v1","220472","220721","34","68207731"
"chr10","68722828","68722968","KN294458v1","1638615","1638741","34","67084213"
"chr10","69463610","69463912","KN294850v1","49705","50009","35","69413905"
"chr10","69873078","69873391","KN295405v1","2031379","2031690","51","67841699"
"chr10","70871310","70871520","KN294831v1","610417","610640","54","70260893"
"chr10","70917213","70917523","KN296749v1","264936","265241","41","70652277"
"chr10","70920136","70920155","KN294410v1","3296","3313","6","70916840"
"chr10","70920181","70920462","KN294987v1","346285","346567","35","70573896"
"chr10","70979356","70979653","KN297046v1","1129994","1130297","29","69849362"
"chr10","71138852","71139151","KN297403v1","31686","31980","36","71107166"
"chr10","71239841","71240124","KN297046v1","1388146","1388432","28","69851695"
"chr10","71301931","71302242","KN295077v1","564405","564717","41","70737526"
"chr10","71449765","71450071","KN296305v1","568169","568467","40","70881596"
"chr10","71567032","71567339","KN295294v1","849337","849645","33","70717695"
"chr10","71821446","71821759","KN297046v1","2009321","2009632","39","69812125"
"chr10","71835135","71835466","KN295582v1","167749","168075","54","71667386"
"chr10","71860869","71861125","KN294372v1","1341247","1341494","40","70519622"
"chr10","72125166","72125472","KN297046v1","2328054","2328362","26","69797112"
"chr10","72380723","72381025","KN297046v1","2603576","2603873","29","69777147"
"chr10","72637086","72637395","KN294181v1","1655832","1656144","34","70981254"
"chr10","72641133","72641422","KN295825v1","2851923","2852213","32","69789210"
"chr10","72646249","72646536","KN295633v1","161032","161323","35","72485217"
"chr10","72663406","72663705","KN294439v1","300738","301034","32","72362668"
"chr10","72973365","72973543","KN295692v1","2229933","2230108","30","70743432"
"chr10","73201090","73201392","KN297046v1","3152065","3152363","25","70049025"
"chr10","73528884","73529198","KN297141v1","152542","152844","71","73376342"
"chr10","74100664","74100977","KN295294v1","849337","849645","40","73251327"
"chr10","74112019","74112305","KN297408v1","234057","234345","33","73877962"
"chr10","74290527","74290839","KN297190v1","4519150","4519464","36","69771377"
"chr10","74939495","74939790","KN297408v1","1056471","1056771","29","73883024"
"chr10","75284335","75284610","KN296588v1","13289","13578","37","75271046"
"chr10","75391855","75392164","KN295666v1","599906","600199","53","74791949"
"chr10","75399398","75399709","KN297442v1","1835378","1835691","42","73564020"
"chr10","76361976","76362275","KN295480v1","661049","661350","21","75700927"
"chr10","76449264","76449556","KN297259v1","851931","852224","48","75597333"
"chr10","76478789","76479081","KN294457v1","1018677","1018971","39","75460112"
"chr10","76902265","76902572","KN295523v1","556214","556518","40","76346051"
"chr10","77022718","77023026","KN294493v1","393207","393512","43","76629511"
"chr10","77043751","77044067","KN295368v1","1059789","1060099","42","75983962"
"chr10","77697774","77698074","KN295480v1","2008304","2008614","35","75689470"
"chr10","77898071","77898372","KN294172v1","2441614","2441913","37","75456457"
"chr10","78155015","78155287","KN296486v1","463908","464178","31","77691107"
"chr10","78596365","78596679","KN295480v1","2892694","2893009","29","75703671"
"chr10","78652822","78653120","KN295480v1","2950039","2950338","27","75702783"
"chr10","78696019","78696347","KN295480v1","3358154","3358463","50","75337865"
"chr10","78812324","78812629","KN297047v1","2103989","2104301","48","76708335"
"chr10","78853400","78853681","KN297112v1","5826102","5826396","43","73027298"
"chr10","81150045","81150368","KN296139v1","264220","264531","46","80885825"
"chr10","84281554","84281854","KN294987v1","364320","364620","45","83917234"
"chr10","84385862","84386160","KN297154v1","1642304","1642599","39","82743558"
"chr10","84548730","84549036","KN295722v1","1843463","1843767","34","82705267"
"chr10","86135502","86135694","KN295758v1","220330","220525","31","85915172"
"chr10","86391992","86392270","KN294842v1","1298076","1298360","48","85093916"
"chr10","86523406","86523715","KN294443v1","739291","739598","38","85784115"
"chr10","86540054","86540351","KN295523v1","556214","556518","38","85983840"
"chr10","86580500","86580793","KN296508v1","1861452","1861744","35","84719048"
"chr10","86713915","86714217","KN294536v1","431967","432266","37","86281948"
"chr10","87985751","87986047","KN296635v1","3763561","3763853","40","84222190"
"chr10","88009174","88009428","KN294415v1","178151","178407","35","87831023"
"chr10","89724532","89724832","KN295236v1","1532582","1532882","40","88191950"
"chr10","91258957","91259235","KN296795v1","941474","941762","37","90317483"
"chr10","91959849","91960140","KN294457v1","1018677","1018971","37","90941172"
"chr10","92335299","92335380","KN295705v1","859351","859420","17","91475948"
"chr10","92361371","92361665","KN294457v1","1018677","1018971","47","91342694"
"chr10","92502150","92502425","KN297046v1","2855852","2856127","35","89646298"
"chr10","92545488","92545783","KN294842v1","959846","960139","39","91585642"
"chr10","92759797","92760054","KN294172v1","3506839","3507104","48","89252958"
"chr10","92966752","92967044","KN296281v1","69164","69458","37","92897588"
"chr10","93050362","93050649","KN297008v1","2227803","2228097","53","90822559"
"chr10","93067125","93067424","KN294571v1","2793346","2793649","41","90273779"
"chr10","93293659","93293949","KN294578v1","606994","607284","41","92686665"
"chr10","93396414","93396707","KN295244v1","318312","318607","39","93078102"
"chr10","93451222","93451529","KN295523v1","556214","556518","36","92895008"
"chr10","93730743","93731042","KN295923v1","2418053","2418351","34","91312690"
"chr10","93737688","93737982","KN294479v1","49487","49794","33","93688201"
"chr10","94432261","94432551","KN296303v1","583828","584113","32","93848433"
"chr10","94647289","94647589","KN296303v1","378042","378339","26","94269247"
"chr10","94651866","94652164","KN296303v1","373645","373940","17","94278221"
"chr10","94669289","94669585","KN296303v1","354473","354769","26","94314816"
"chr10","95392326","95392626","KN295244v1","451775","452068","32","94940551"
"chr10","95794838","95795140","KN297141v1","152542","152844","37","95642296"
"chr10","95804393","95804703","KN294893v1","177646","177958","35","95626747"
"chr10","95817075","95817376","KN296040v1","665152","665451","28","95151923"
"chr10","96090525","96090835","KN297205v1","435353","435667","32","95655172"
"chr10","96317914","96318188","KN297153v1","128612","128885","42","96189302"
"chr10","96408269","96408551","KN296508v1","1861452","1861744","38","94546817"
"chr10","96540084","96540253","KN295171v1","190435","190596","26","96349649"
"chr10","96661809","96662085","KN294457v1","1018677","1018971","42","95643132"
"chr10","96781699","96781955","KN296063v1","182569","182836","46","96599130"
"chr10","96783070","96783360","KN296833v1","353722","354006","35","96429348"
"chr10","96867656","96867994","KN294234v1","1365056","1365353","68","95502600"
"chr10","96997777","96998079","KN294234v1","1365056","1365353","36","95632721"
"chr10","97002523","97002836","KN295236v1","753928","754234","39","96248595"
"chr10","97035234","97035516","KN296290v1","830757","831038","31","96204477"
"chr10","97142931","97143254","KN296743v1","245342","245652","49","96897589"
"chr10","97421245","97421511","KN296201v1","832672","832932","37","96588573"
"chr10","97428964","97429229","KN296109v1","1150977","1151256","53","96277987"
"chr10","97467916","97468224","KN295523v1","2221436","2221738","35","95246480"
"chr10","97494982","97495292","KN297095v1","2417996","2418306","42","95076986"
"chr10","97584474","97584764","KN295633v1","161032","161323","34","97423442"
"chr10","97750884","97751102","KN295523v1","3140974","3141195","30","94609910"
"chr10","97794803","97795106","KN297095v1","3773761","3774062","37","94021042"
"chr10","98398795","98399099","KN297444v1","360314","360617","42","98038481"
"chr10","98767846","98768148","KN297095v1","3773761","3774062","41","94994085"
"chr10","99324648","99324957","KN297165v1","1212451","1212758","38","98112197"
"chr10","99702877","99703177","KN295962v1","1449992","1450292","34","98252885"
"chr10","99724743","99725046","KN295304v1","46058","46359","44","99678685"
"chr10","100043027","100043311","KN295371v1","35690","35974","36","100007337"
"chr10","100059663","100059962","KN297227v1","1013431","1013731","35","99046232"
"chr10","100198130","100198197","KN295096v1","584550","584618","12","99613580"
"chr10","100365381","100365684","KN296404v1","2412477","2412775","47","97952904"
"chr10","100420265","100420557","KN296303v1","373645","373940","34","100046620"
"chr10","101028855","101029160","KN296594v1","636925","637224","32","100391930"
"chr10","101246014","101246193","KN294978v1","1655536","1655712","27","99590478"
"chr10","101421873","101422173","KN294521v1","524915","525214","40","100896958"
"chr10","101423957","101424257","KN296138v1","116453","116753","36","101307504"
"chr10","101468204","101468539","KN294856v1","400185","400505","65","101068019"
"chr10","101931173","101931468","KN296404v1","2965711","2966008","34","98965462"
"chr10","101970528","101970655","KN294421v1","1422833","1422964","18","100547695"
"chr10","102074341","102074635","KN294439v1","300738","301034","37","101773603"
"chr10","102242772","102243075","KN294879v1","303877","304179","40","101938895"
"chr10","102468308","102468614","KN296743v1","245342","245652","36","102222966"
"chr10","102699516","102699816","KN296096v1","2342383","2342678","37","100357133"
"chr10","102746300","102746402","KN297354v1","262541","262645","14","102483759"
"chr10","102886480","102886795","KN294443v1","739291","739598","41","102147189"
"chr10","102991950","102992250","KN297205v1","435353","435667","42","102556597"
"chr10","103066390","103066684","KN295533v1","1122939","1123234","37","101943451"
"chr10","103190910","103191195","KN295666v1","599906","600199","42","102591004"
"chr10","103300813","103301127","KN295090v1","2357367","2357681","61","100943446"
"chr10","103337683","103337816","KN296311v1","3016211","3016344","17","100321472"
"chr10","103338124","103338222","KN295294v1","2522966","2523073","34","100815158"
"chr10","103338521","103338547","KN295232v1","307287","307317","10","103031234"
"chr10","103418740","103419037","KN295633v1","161032","161323","40","103257708"
"chr10","103461421","103461733","KN294521v1","412429","412735","37","103048992"
"chr10","103464087","103464374","KN297154v1","624798","625094","49","102839289"
"chr10","103530128","103530427","KN295236v1","1532582","1532882","38","101997546"
"chr10","103717535","103717833","KN295523v1","556214","556518","35","103161321"
"chr10","103745665","103745973","KN295368v1","1059789","1060099","39","102685876"
"chr10","104335541","104335831","KN296158v1","42951","43250","42","104292590"
"chr10","105085152","105085451","KN294439v1","300738","301034","40","104784414"
"chr10","105241009","105241312","KN295236v1","753928","754234","38","104487081"
"chr10","105263560","105263855","KN295803v1","677308","677609","32","104586252"
"chr10","105600415","105600718","KN295294v1","849337","849645","37","104751078"
"chr10","105963375","105963669","KN296035v1","33667","33961","28","105929708"
"chr10","106764638","106764865","KN296035v1","820365","820592","18","105944273"
"chr10","107024797","107025087","KN295706v1","150980","151270","37","106873817"
"chr10","107089317","107089602","KN295526v1","551702","551982","43","106537615"
"chr10","107115946","107116255","KN294181v1","1488459","1488767","30","105627487"
"chr10","107376097","107376376","KN294443v1","726968","727252","48","106649129"
"chr10","109382542","109382693","KN295564v1","625987","626137","23","108756555"
"chr10","109539529","109539837","KN296435v1","2563437","2563748","45","106976092"
"chr10","109688933","109689233","KN295397v1","20260","20564","42","109668673"
"chr10","109700605","109700918","KN297047v1","2103989","2104301","42","107596616"
"chr10","109809803","109809918","KN294693v1","1050409","1050534","18","108759394"
"chr10","110472959","110473237","KN296547v1","617734","618015","29","109855225"
"chr10","110494098","110494393","KN296201v1","2898707","2898989","60","107595391"
"chr10","112202294","112202584","KN297095v1","1167761","1168047","43","111034533"
"chr10","112318803","112319113","KN295988v1","306049","306357","39","112012754"
"chr10","112655648","112655951","KN295988v1","639129","639428","30","112016519"
"chr10","112713936","112714228","KN295988v1","700038","700328","27","112013898"
"chr10","112718663","112718986","KN294856v1","400185","400505","52","112318478"
"chr10","112761088","112761388","KN294372v1","2580401","2580700","29","110180687"
"chr10","112965641","112965945","KN296505v1","1052663","1052967","44","111912978"
"chr10","112987696","112988014","KN295923v1","621393","621694","59","112366303"
"chr10","113014705","113014988","KN294837v1","420921","421204","39","112593784"
"chr10","113051188","113051487","KN295988v1","1045521","1045818","25","112005667"
"chr10","113975207","113975513","KN296743v1","245342","245652","37","113729865"
"chr10","114321907","114322201","KN296036v1","1045194","1045490","45","113276713"
"chr10","114322619","114322916","KN295474v1","1211498","1211797","28","113111121"
"chr10","114505980","114506268","KN295474v1","1031506","1031797","32","113474474"
"chr10","114607818","114608113","KN297112v1","5826102","5826396","30","108781716"
"chr10","114626686","114626986","KN296096v1","2342383","2342678","39","112284303"
"chr10","114936742","114937041","KN295474v1","583202","583499","30","114353540"
"chr10","114949242","114949532","KN295474v1","569694","569984","27","114379548"
"chr10","114971787","114972020","KN297154v1","749863","750096","36","114221924"
"chr10","114973663","114973972","KN295637v1","380266","380573","42","114593397"
"chr10","114986141","114986456","KN295294v1","849337","849645","41","114136804"
"chr10","115255426","115255736","KN296406v1","76428","76742","45","115178998"
"chr10","115624924","115625232","KN296435v1","2563437","2563748","42","113061487"
"chr10","116692760","116693070","KN297205v1","435353","435667","42","116257407"
"chr10","117505508","117505810","KN294439v1","300738","301034","30","117204770"
"chr10","118150198","118150529","KN297341v1","18682","19004","52","118131516"
"chr10","118230258","118230527","KN294761v1","1769883","1770150","39","116460375"
"chr10","118742123","118742382","KN296119v1","220472","220721","42","118521651"
"chr10","118921430","118921736","KN296404v1","1941329","1941636","46","116980101"
"chr10","119473523","119473833","KN294181v1","1488459","1488767","40","117985064"
"chr10","119672355","119672642","KN297320v1","1622296","1622585","49","118050059"
"chr10","119682171","119682466","KN294457v1","1018677","1018971","31","118663494"
"chr10","120161559","120161869","KN296146v1","170328","170637","40","119991231"
"chr10","121349183","121349492","KN295523v1","2221436","2221738","50","119127747"
"chr10","121366332","121366604","KN297442v1","822414","822676","47","120543918"
"chr10","121481508","121481817","KN295236v1","1883860","1884167","40","119597648"
"chr10","121681835","121682138","KN295523v1","556214","556518","28","121125621"
"chr10","121914421","121914726","KN294850v1","49705","50009","37","121864716"
"chr10","122221378","122221684","KN294790v1","182131","182442","33","122039247"
"chr10","125081855","125082147","KN295666v1","1045930","1046226","43","124035925"
"chr10","125289917","125290049","KN294421v1","1422833","1422964","17","123867084"
"chr10","125531991","125532272","KN295586v1","1950719","1950998","39","123581272"
"chr10","125669579","125669877","KN296305v1","727438","727730","39","124942141"
"chr10","125762998","125763285","KN296635v1","126740","127032","43","125636258"
"chr10","126020294","126020568","KN294499v1","2257569","2257842","32","123762725"
"chr10","126535723","126536027","KN295368v1","1855168","1855468","26","124680555"
"chr10","126611428","126611713","KN295814v1","1490936","1491235","44","125120492"
"chr10","126615681","126615958","KN295962v1","1565860","1566141","45","125049821"
"chr10","127650035","127650339","KN294470v1","593518","593826","44","127056517"
"chr10","127684894","127685207","KN294790v1","4748718","4749030","30","122936176"
"chr10","127929866","127930071","KN294790v1","4981358","4981563","22","122948508"
"chr10","128614721","128615017","KN294790v1","5685294","5685588","38","122929427"
"chr10","128650473","128650758","KN295814v1","183509","183799","40","128466964"
"chr10","128975998","128976288","KN294457v1","1018677","1018971","35","127957321"
"chr10","129355036","129355344","KN294790v1","6452634","6452946","36","122902402"
"chr10","129447971","129448279","KN295236v1","1822477","1822785","38","127625494"
"chr10","129619230","129619535","KN294790v1","6719882","6720184","33","122899348"
"chr10","130346878","130347185","KN294790v1","7454971","7455279","24","122891907"
"chr10","130673623","130673927","KN295987v1","301164","301465","33","130372459"
"chr10","131505604","131505899","KN295633v1","1847059","1847355","36","129658545"
"chr10","131989714","131990018","KN295090v1","2881719","2882025","39","129107995"
"chr10","132354860","132355159","KN294292v1","269090","269388","41","132085770"
"chr10","132859590","132859855","KN294897v1","502271","502537","25","132357319"
"chr10","132866650","132866936","KN294439v1","300738","301034","36","132565912"
"chr10","132959182","132959493","KN294172v1","4261970","4262272","42","128697212"
"chr10","134260652","134260972","KN297205v1","435353","435667","43","133825299"
"chr10","134300574","134300873","KN295923v1","958696","958996","27","133341878"
"chr10","134852103","134852401","KN296311v1","5551109","5551405","34","129300994"
"chr11","7471099","7471238","KN294158v1","30645","30788","16","7440454"
"chr11","29753098","29753390","KN294182v1","193047","193344","39","29560051"
"chr11","305452","305616","KN297154v1","932035","932199","28","626583"
"chr11","616006","616229","KN295102v1","1533","1765","37","614473"
"chr11","620300","620595","KN296580v1","101572","101868","34","518728"
"chr11","695961","696252","KN295706v1","150980","151270","37","544981"
"chr11","2008974","2009267","KN295705v1","318789","319084","39","1690185"
"chr11","3116921","3117004","KN296062v1","753458","753539","13","2363463"
"chr11","3500661","3500953","KN297403v1","31686","31980","38","3468975"
"chr11","3703419","3703728","KN296119v1","5538270","5538571","40","1834851"
"chr11","3704006","3704296","KN294399v1","232858","233148","38","3471148"
"chr11","3706568","3706845","KN296119v1","5542054","5542329","40","1835486"
"chr11","3760890","3761211","KN296322v1","2331544","2331850","43","1429346"
"chr11","5089533","5089837","KN295090v1","2881719","2882025","39","2207814"
"chr11","5461279","5461546","KN295746v1","278600","278865","23","5182679"
"chr11","5590825","5591129","KN295294v1","849337","849645","36","4741488"
"chr11","6000308","6000604","KN296062v1","1571490","1571788","36","4428818"
"chr11","6096374","6096685","KN296062v1","1513349","1513658","40","4583025"
"chr11","6262623","6262927","KN295705v1","376067","376372","35","5886556"
"chr11","6561252","6561538","KN296311v1","3176858","3177154","42","3384394"
"chr11","7109069","7109301","KN294158v1","392232","392464","19","6716837"
"chr11","7235359","7235648","KN294158v1","264261","264549","23","6971098"
"chr11","7512842","7513137","KN297048v1","305838","306132","35","7207004"
"chr11","8854615","8854917","KN294443v1","739291","739598","37","8115324"
"chr11","9086483","9086786","KN295523v1","556214","556518","39","8530269"
"chr11","9159977","9160081","KN294224v1","992538","992641","22","8167439"
"chr11","9236220","9236439","KN295523v1","3140974","3141195","40","6095246"
"chr11","9288183","9288489","KN295405v1","356810","357116","39","8931373"
"chr11","9382903","9383204","KN294439v1","300738","301034","34","9082165"
"chr11","9400136","9400444","KN296743v1","245342","245652","33","9154794"
"chr11","9560097","9560403","KN296153v1","2939571","2939879","51","6620526"
"chr11","9945568","9945862","KN297403v1","31686","31980","32","9913882"
"chr11","10347929","10348221","KN295315v1","2379093","2379387","37","7968836"
"chr11","10540630","10540904","KN294257v1","2460776","2461045","42","8079854"
"chr11","10591016","10591323","KN297197v1","4305535","4305831","45","6285481"
"chr11","12494880","12495194","KN296004v1","40917","41230","44","12453963"
"chr11","12980217","12980527","KN296365v1","1687288","1687593","45","11292929"
"chr11","14168411","14168598","KN294921v1","758463","758653","35","13409948"
"chr11","14171564","14171861","KN295244v1","318312","318607","35","13853252"
"chr11","14265757","14266052","KN296508v1","1861452","1861744","32","12404305"
"chr11","14286866","14287172","KN295294v1","849337","849645","43","13437529"
"chr11","14418622","14418912","KN295666v1","599906","600199","39","13818716"
"chr11","15408742","15408958","KN297165v1","209140","209359","32","15199602"
"chr11","16463063","16463374","KN294167v1","116988","117283","55","16346075"
"chr11","16748657","16748930","KN297046v1","2123979","2124247","48","14624678"
"chr11","16774023","16774265","KN294879v1","153087","153349","54","16620936"
"chr11","16876621","16876863","KN296067v1","2002","2241","36","16874619"
"chr11","16898501","16898801","KN294187v1","348608","348909","46","16549893"
"chr11","17010324","17010641","KN296062v1","1513349","1513658","43","15496975"
"chr11","17177011","17177325","KN295368v1","1059789","1060099","30","16117222"
"chr11","17801872","17802183","KN296743v1","245342","245652","37","17556530"
"chr11","18088684","18088972","KN296145v1","881964","882257","40","17206720"
"chr11","18569095","18569380","KN296528v1","1527121","1527406","25","17041974"
"chr11","18636187","18636497","KN296528v1","1592081","1592396","20","17044106"
"chr11","18639631","18639927","KN296528v1","1595989","1596283","43","17043642"
"chr11","19902465","19902792","KN296062v1","1571490","1571788","58","18330975"
"chr11","20435580","20435866","KN295974v1","3082015","3082303","43","17353565"
"chr11","21119007","21119304","KN296305v1","568169","568467","38","20550838"
"chr11","21822957","21823248","KN295320v1","373901","374195","38","21449056"
"chr11","22274047","22274349","KN295708v1","1471221","1471525","39","20802826"
"chr11","22954024","22954319","KN295441v1","821099","821403","54","22132925"
"chr11","22992688","22992927","KN296635v1","2267608","2267841","40","20725080"
"chr11","23855261","23855548","KN295110v1","225301","225591","42","23629960"
"chr11","23961616","23961931","KN294945v1","707167","707479","41","23254449"
"chr11","24132075","24132393","KN297205v1","435353","435667","52","23696722"
"chr11","25663732","25664031","KN296508v1","20473","20772","38","25643259"
"chr11","26164357","26164661","KN296305v1","727438","727730","58","25436919"
"chr11","26196669","26196970","KN297227v1","1013431","1013731","36","25183238"
"chr11","26251400","26251705","KN295294v1","849337","849645","41","25402063"
"chr11","26296047","26296366","KN294856v1","400185","400505","52","25895862"
"chr11","26306991","26307287","KN296821v1","487660","487949","38","25819331"
"chr11","26489967","26490276","KN294325v1","671385","671685","45","25818582"
"chr11","27001904","27002265","KN294509v1","45439","45805","85","26956465"
"chr11","27063974","27064280","KN297225v1","353507","353815","33","26710467"
"chr11","27195016","27195312","KN295533v1","2478184","2478484","35","24716832"
"chr11","27330515","27330823","KN297225v1","611201","611512","21","26719314"
"chr11","28798508","28798802","KN295236v1","4680465","4680758","43","24118043"
"chr11","29426919","29427220","KN296305v1","727438","727730","47","28699481"
"chr11","30162384","30162683","KN296404v1","2965711","2966008","38","27196673"
"chr11","31115340","31115632","KN297112v1","5826102","5826396","40","25289238"
"chr11","31150621","31150896","KN296201v1","657649","657923","35","30492972"
"chr11","31305989","31306294","KN296404v1","1840967","1841270","34","29465022"
"chr11","31437416","31437729","KN297186v1","541611","541927","46","30895805"
"chr11","31533873","31534181","KN295294v1","849337","849645","34","30684536"
"chr11","31972088","31972397","KN294172v1","901987","902298","37","31070101"
"chr11","32216702","32217011","KN294443v1","739291","739598","34","31477411"
"chr11","32382763","32383024","KN294733v1","65842","66110","42","32316921"
"chr11","32422201","32422465","KN297403v1","3928","4192","31","32418273"
"chr11","32798906","32799210","KN296948v1","1070494","1070798","35","31728412"
"chr11","33056345","33056652","KN296404v1","1840967","1841270","36","31215378"
"chr11","33086289","33086465","KN295533v1","1907585","1907759","21","31178704"
"chr11","33126205","33126501","KN296594v1","636925","637224","46","32489280"
"chr11","33271272","33271357","KN295753v1","279661","279750","16","32991611"
"chr11","34114213","34114502","KN295962v1","2498584","2498875","43","31615629"
"chr11","35775475","35775784","KN297259v1","847127","847434","35","34928348"
"chr11","36178571","36178868","KN295995v1","1556884","1557188","40","34621687"
"chr11","37325461","37325774","KN297205v1","435353","435667","43","36890108"
"chr11","37716117","37716408","KN297047v1","2397344","2397638","37","35318773"
"chr11","39056574","39056837","KN296225v1","56780","57057","48","38999794"
"chr11","39418565","39418889","KN296435v1","113782","114097","48","39304783"
"chr11","40617909","40618204","KN295633v1","161032","161323","32","40456877"
"chr11","41267784","41268084","KN295217v1","1085061","1085359","36","40182723"
"chr11","42937738","42938045","KN297008v1","5563704","5564006","35","37374034"
"chr11","43266222","43266518","KN296315v1","1914282","1914582","35","41351940"
"chr11","44076470","44076779","KN295090v1","1141582","1141886","40","42934888"
"chr11","44627047","44627339","KN294911v1","3828337","3828631","43","40798710"
"chr11","45039027","45039335","KN295533v1","2550969","2551279","42","42488058"
"chr11","45053133","45053385","KN295091v1","2050470","2050730","42","43002663"
"chr11","45111964","45112259","KN296732v1","258416","258718","35","44853548"
"chr11","45624282","45624579","KN296096v1","2342383","2342678","36","43281899"
"chr11","45692873","45693173","KN296732v1","835403","835700","24","44857470"
"chr11","45766273","45766573","KN296732v1","910412","910710","40","44855861"
"chr11","46880156","46880456","KN296732v1","1971017","1971317","32","44909139"
"chr11","47129235","47129540","KN296732v1","2224950","2225255","28","44904285"
"chr11","47135283","47135574","KN296311v1","5346181","5346473","39","41789102"
"chr11","47155825","47156136","KN296732v1","2252275","2252587","38","44903550"
"chr11","47190748","47191034","KN296732v1","2290639","2290924","24","44900109"
"chr11","47207481","47207778","KN296311v1","5346181","5346473","41","41861300"
"chr11","47313546","47313853","KN295090v1","2881719","2882025","37","44431827"
"chr11","47465764","47466056","KN296732v1","2569897","2570181","23","44895867"
"chr11","47645203","47645504","KN294378v1","472867","473166","31","47172336"
"chr11","47680873","47681083","KN294741v1","806282","806487","43","46874591"
"chr11","47799953","47800253","KN295361v1","520718","521015","40","47279235"
"chr11","47873242","47873538","KN296732v1","2992338","2992633","30","44880904"
"chr11","47938230","47938496","KN295236v1","1871844","1872102","40","46066386"
"chr11","47941972","47942267","KN297408v1","369223","369519","35","47572749"
"chr11","48035597","48035909","KN296732v1","3164600","3164911","29","44870997"
"chr11","48043395","48043687","KN296311v1","5346181","5346473","37","42697214"
"chr11","48159255","48159563","KN295671v1","216235","216540","39","47943020"
"chr11","48201779","48202135","KN294172v1","4261970","4262272","93","43939809"
"chr11","48216190","48216487","KN295755v1","110864","111155","45","48105326"
"chr11","48256062","48256374","KN296732v1","3390485","3390795","36","44865577"
"chr11","48293129","48293416","KN296732v1","3428480","3428768","27","44864649"
"chr11","48369862","48370173","KN295294v1","849337","849645","40","47520525"
"chr11","48375687","48375983","KN296406v1","559165","559460","45","47816522"
"chr11","48380934","48381235","KN296732v1","3518527","3518826","28","44862407"
"chr11","48381582","48381890","KN296732v1","3519171","3519478","19","44862411"
"chr11","48472975","48473270","KN297319v1","314657","314952","33","48158318"
"chr11","48533502","48533811","KN294456v1","588756","589063","35","47944746"
"chr11","48606391","48606690","KN294187v1","348608","348909","44","48257783"
"chr11","48868754","48869047","KN294705v1","1001708","1002005","39","47867046"
"chr11","50045918","50046213","KN296303v1","373645","373940","37","49672273"
"chr11","50114684","50114995","KN294493v1","393207","393512","43","49721477"
"chr11","50129881","50130180","KN295236v1","1532582","1532882","36","48597299"
"chr11","50143055","50143325","KN296180v1","1843257","1843527","57","48299798"
"chr11","50218906","50219194","KN295107v1","732623","732923","32","49486283"
"chr11","50248460","50248744","KN296609v1","1198878","1199159","49","49049582"
"chr11","50417822","50418116","KN297390v1","49343","49641","54","50368479"
"chr11","56257902","56258203","KN294873v1","484973","485273","35","55772929"
"chr11","56293674","56293975","KN297227v1","1013431","1013731","37","55280243"
"chr11","56365794","56366088","KN296495v1","1093157","1093447","54","55272637"
"chr11","56390992","56391307","KN295368v1","1855168","1855468","49","54535824"
"chr11","58309342","58309648","KN296311v1","4622660","4622966","38","53686682"
"chr11","58421211","58421500","KN296303v1","373645","373940","35","58047566"
"chr11","58475446","58475738","KN296311v1","5007248","5007529","50","53468198"
"chr11","59917104","59917396","KN294421v1","1228170","1228462","38","58688934"
"chr11","60303043","60303342","KN295405v1","492804","493098","33","59810239"
"chr11","60458939","60459241","KN295017v1","163423","163725","41","60295516"
"chr11","60502765","60503076","KN296743v1","245342","245652","33","60257423"
"chr11","60664907","60665212","KN295433v1","1034099","1034401","44","59630808"
"chr11","60683964","60684264","KN295523v1","2221436","2221738","35","58462528"
"chr11","60693598","60693890","KN296508v1","1861452","1861744","35","58832146"
"chr11","60726834","60727101","KN295825v1","1372270","1372545","45","59354564"
"chr11","60824075","60824403","KN294957v1","64569","64891","59","60759506"
"chr11","61047826","61048123","KN294182v1","193047","193344","38","60854779"
"chr11","61120650","61120934","KN296404v1","1501515","1501797","46","59619135"
"chr11","61138640","61138937","KN295244v1","451775","452068","34","60686865"
"chr11","61142561","61142846","KN295315v1","2445620","2445907","44","58696941"
"chr11","61172407","61172589","KN294739v1","833278","833462","32","60339129"
"chr11","61193107","61193390","KN296157v1","1099229","1099518","40","60093878"
"chr11","61196636","61196940","KN294325v1","671385","671685","41","60525251"
"chr11","61419915","61420228","KN296004v1","40917","41230","37","61378998"
"chr11","61452658","61452953","KN296305v1","568169","568467","44","60884489"
"chr11","61470398","61470478","KN295405v1","1451115","1451207","24","60019283"
"chr11","61547887","61548183","KN295405v1","492804","493098","36","61055083"
"chr11","61675380","61675670","KN295666v1","599906","600199","32","61075474"
"chr11","62338600","62338921","KN296435v1","113782","114097","52","62224818"
"chr11","62353071","62353378","KN295907v1","1622346","1622658","56","60730725"
"chr11","62482082","62482144","KN294630v1","91899","91964","30","62390183"
"chr11","62511406","62511681","KN294456v1","620364","620653","34","61891042"
"chr11","62535661","62535978","KN296167v1","187386","187697","39","62348275"
"chr11","62543340","62543650","KN295368v1","1855168","1855468","44","60688172"
"chr11","62600373","62600638","KN294456v1","711541","711812","26","61888832"
"chr11","62648634","62648944","KN294456v1","763495","763801","32","61885139"
"chr11","62700201","62700353","KN294456v1","822985","823137","14","61877216"
"chr11","62869217","62869387","KN294456v1","993749","993927","26","61875468"
"chr11","63037350","63037642","KN294456v1","1168703","1168999","34","61868647"
"chr11","63095374","63095683","KN294456v1","1225025","1225338","35","61870349"
"chr11","63371132","63371432","KN296486v1","1409511","1409813","44","61961621"
"chr11","63565399","63565685","KN295070v1","38511","38791","43","63526888"
"chr11","63610273","63610573","KN296062v1","1571490","1571788","32","62038783"
"chr11","63712059","63712357","KN295605v1","519535","519844","38","63192524"
"chr11","63744582","63744661","KN296743v1","378923","379006","16","63365659"
"chr11","63770124","63770423","KN295605v1","464691","464987","28","63305433"
"chr11","63917730","63918036","KN295523v1","556214","556518","39","63361516"
"chr11","63959176","63959491","KN295708v1","2776241","2776551","45","61182935"
"chr11","64504526","64504831","KN294443v1","739291","739598","33","63765235"
"chr11","64612101","64612398","KN296752v1","519278","519575","35","64092823"
"chr11","64626037","64626340","KN296062v1","2366918","2367221","31","62259119"
"chr11","64631340","64631633","KN297138v1","230274","230565","35","64401066"
"chr11","64808072","64808383","KN295090v1","2881719","2882025","42","61926353"
"chr11","64892804","64893100","KN294172v1","4261970","4262272","48","60630834"
"chr11","65089350","65089641","KN295596v1","1911422","1911707","51","63177928"
"chr11","65115048","65115355","KN296865v1","1933794","1934101","40","63181254"
"chr11","65216542","65216817","KN296743v1","1660722","1660997","31","63555820"
"chr11","65318384","65318661","KN295705v1","145822","146116","47","65172562"
"chr11","65410235","65410533","KN295596v1","1653699","1653998","37","63756536"
"chr11","65417297","65417602","KN296062v1","1571490","1571788","27","63845807"
"chr11","65419120","65419406","KN296062v1","1569463","1569754","37","63849657"
"chr11","65473918","65474212","KN297112v1","5826102","5826396","28","59647816"
"chr11","65595359","65595661","KN296062v1","1398184","1398490","23","64197175"
"chr11","65642823","65643135","KN294407v1","707064","707376","31","64935759"
"chr11","65756744","65757051","KN296062v1","1245546","1245852","29","64511198"
"chr11","65789325","65789500","KN296290v1","593470","593637","28","65195855"
"chr11","66378548","66378836","KN296311v1","5346181","5346473","36","61032367"
"chr11","66516422","66516728","KN296062v1","457644","457936","39","66058778"
"chr11","66770165","66770457","KN295706v1","150980","151270","34","66619185"
"chr11","66781232","66781534","KN295154v1","74939","75235","39","66706293"
"chr11","66984174","66984467","KN296520v1","1624939","1625235","36","65359235"
"chr11","67145750","67146045","KN295533v1","2478184","2478484","34","64667566"
"chr11","67176344","67176632","KN295666v1","599906","600199","29","66576438"
"chr11","67181316","67181614","KN296357v1","738528","738826","39","66442788"
"chr11","67223729","67224008","KN296040v1","653237","653513","45","66570492"
"chr11","67236054","67236362","KN294592v1","1366519","1366825","39","65869535"
"chr11","67279821","67280114","KN295110v1","221324","221616","37","67058497"
"chr11","67337518","67337837","KN295923v1","958696","958996","50","66378822"
"chr11","67373771","67374072","KN296635v1","126740","127032","48","67247031"
"chr11","68073346","68073653","KN295722v1","1843463","1843767","36","66229883"
"chr11","68112553","68112724","KN296932v1","69753","69926","26","68042800"
"chr11","68219919","68220227","KN294790v1","1503083","1503386","57","66716836"
"chr11","68553402","68553700","KN294210v1","1450485","1450782","48","67102917"
"chr11","68572925","68573233","KN296062v1","1571490","1571788","35","67001435"
"chr11","69029402","69029700","KN295523v1","556214","556518","42","68473188"
"chr11","69283159","69283462","KN296739v1","355022","355334","40","68928137"
"chr11","69378670","69378944","KN294745v1","83847","84123","46","69294823"
"chr11","69427510","69427803","KN297190v1","910999","911294","35","68516511"
"chr11","69458150","69458450","KN294987v1","364320","364620","33","69093830"
"chr11","69633687","69633999","KN296883v1","926230","926542","39","68707457"
"chr11","69894686","69894975","KN294446v1","93113","93404","38","69801573"
"chr11","70361661","70361949","KN295706v1","150980","151270","33","70210681"
"chr11","70441674","70441962","KN296119v1","5183586","5183875","22","65258088"
"chr11","70481308","70481606","KN296119v1","5137301","5137597","22","65344007"
"chr11","70513055","70513202","KN296180v1","2482989","2483141","21","68030066"
"chr11","70710910","70711163","KN296119v1","220472","220721","41","70490438"
"chr11","70743674","70743970","KN295074v1","1580881","1581175","38","69162793"
"chr11","71212597","71212695","KN296453v1","594539","594623","24","70618058"
"chr11","71250283","71250597","KN295090v1","2881719","2882025","35","68368564"
"chr11","71857056","71857125","KN297153v1","1323853","1323933","18","70533203"
"chr11","71873220","71873512","KN296119v1","3689217","3689507","33","68184003"
"chr11","72072768","72072932","KN296244v1","817924","818083","24","71254844"
"chr11","72074592","72074890","KN295107v1","1283723","1284018","38","70790869"
"chr11","72937785","72938089","KN294443v1","739291","739598","40","72198494"
"chr11","73051528","73051821","KN296119v1","2575805","2576101","18","70475723"
"chr11","73270340","73270570","KN295591v1","1504268","1504496","35","71766072"
"chr11","73349248","73349544","KN297197v1","4305535","4305831","32","69043713"
"chr11","73493921","73494215","KN296119v1","2131991","2132284","18","71361930"
"chr11","73770442","73770736","KN297319v1","314657","314952","40","73455785"
"chr11","73853365","73853653","KN296040v1","950807","951097","46","72902558"
"chr11","74084363","74084662","KN296119v1","1533196","1533505","43","72551167"
"chr11","74393546","74393852","KN296261v1","590582","590882","36","73802964"
"chr11","75131293","75131585","KN296119v1","897320","897604","33","74233973"
"chr11","75234487","75234771","KN295706v1","150980","151270","39","75083507"
"chr11","75531994","75532060","KN296119v1","398369","398436","4","75133625"
"chr11","75653086","75653379","KN296119v1","269854","270149","25","75383232"
"chr11","75654434","75654747","KN296119v1","268487","268800","22","75385947"
"chr11","75700718","75701008","KN294439v1","300738","301034","31","75399980"
"chr11","75744325","75744639","KN295294v1","849337","849645","39","74894988"
"chr11","75995141","75995438","KN295977v1","1364225","1364532","25","74630916"
"chr11","76105685","76105909","KN295977v1","1257123","1257362","28","74848562"
"chr11","76182782","76182967","KN294790v1","3568985","3569161","28","72613797"
"chr11","76470579","76470878","KN295977v1","891219","891518","18","75579360"
"chr11","76719055","76719275","KN296485v1","371894","372113","31","76347161"
"chr11","76724153","76724463","KN297259v1","42351","42660","40","76681802"
"chr11","76856918","76857221","KN294396v1","473649","473951","38","76383269"
"chr11","77728791","77729085","KN294182v1","193047","193344","42","77535744"
"chr11","77888592","77888881","KN296096v1","1838666","1838962","38","76049926"
"chr11","79492670","79492962","KN296635v1","3682782","3683079","41","75809888"
"chr11","80514239","80514504","KN297180v1","374964","375232","42","80139275"
"chr11","82134675","82134956","KN297453v1","365151","365431","36","81769524"
"chr11","82738749","82739055","KN295582v1","528956","529269","35","82209793"
"chr11","84109335","84109632","KN294439v1","300738","301034","38","83808597"
"chr11","84709284","84709576","KN297159v1","2958759","2959053","35","81750525"
"chr11","84716494","84716787","KN296157v1","3976746","3977041","40","80739748"
"chr11","84723652","84723965","KN296311v1","5345840","5346147","35","79377812"
"chr11","84925859","84926166","KN294856v1","400185","400505","50","84525674"
"chr11","84972247","84972538","KN294613v1","378217","378519","39","84594030"
"chr11","85110927","85111235","KN295368v1","1855168","1855468","48","83255759"
"chr11","85547519","85547824","KN294172v1","4261970","4262272","42","81285549"
"chr11","85685824","85686108","KN297176v1","238646","238944","43","85447178"
"chr11","85802483","85802784","KN295533v1","1212131","1212431","43","84590352"
"chr11","85919375","85919662","KN296588v1","13289","13578","31","85906086"
"chr11","86243072","86243338","KN295070v1","38511","38791","46","86204561"
"chr11","87007658","87007965","KN297046v1","1007338","1007647","42","86000320"
"chr11","87590713","87591028","KN296682v1","5378594","5378910","40","82212119"
"chr11","87814233","87814409","KN295523v1","2956217","2956396","30","84858016"
"chr11","88610795","88611106","KN295294v1","849337","849645","40","87761458"
"chr11","90652577","90652872","KN294573v1","77452","77742","57","90575125"
"chr11","90912402","90912699","KN296311v1","5551109","5551405","46","85361293"
"chr11","91070777","91071088","KN296201v1","499393","499704","45","90571384"
"chr11","91132414","91132732","KN295077v1","564405","564717","38","90568009"
"chr11","91188918","91189228","KN296948v1","336769","337079","46","90852149"
"chr11","92053830","92054135","KN295523v1","2221436","2221738","40","89832394"
"chr11","92194926","92195219","KN294457v1","1018677","1018971","41","91176249"
"chr11","92519895","92520228","KN294407v1","1840936","1841273","44","90678959"
"chr11","92884524","92884814","KN295987v1","393175","393462","36","92491349"
"chr11","93526058","93526372","KN295281v1","186868","187179","44","93339190"
"chr11","93565251","93565539","KN295027v1","794552","794841","27","92770699"
"chr11","93758612","93758907","KN296145v1","435254","435547","37","93323358"
"chr11","94539272","94539572","KN294182v1","193047","193344","36","94346225"
"chr11","96210004","96210080","KN295623v1","464729","464795","15","95745275"
"chr11","96594755","96595049","KN296528v1","1485437","1485734","42","95109318"
"chr11","96861717","96861991","KN294475v1","277181","277454","44","96584536"
"chr11","97035203","97035499","KN294182v1","193047","193344","41","96842156"
"chr11","98340982","98341275","KN295371v1","312819","313104","56","98028163"
"chr11","98387858","98388170","KN295523v1","3127085","3127384","54","95260773"
"chr11","98558607","98558915","KN295090v1","980313","980620","38","97578294"
"chr11","99147910","99148211","KN295045v1","1088023","1088324","30","98059887"
"chr11","99352929","99353241","KN296749v1","264936","265241","44","99087993"
"chr11","99378877","99379166","KN296315v1","1326220","1326518","50","98052657"
"chr11","99807647","99807947","KN296311v1","1962715","1963013","38","97844932"
"chr11","100170316","100170624","KN294945v1","707167","707479","40","99463149"
"chr11","100370475","100370721","KN295523v1","4212161","4212401","38","96158314"
"chr11","100435067","100435355","KN295923v1","2418053","2418351","49","98017014"
"chr11","100504570","100504880","KN294571v1","2793346","2793649","40","97711224"
"chr11","100580637","100580908","KN295260v1","1828605","1828891","54","98752032"
"chr11","100692308","100692466","KN296290v1","593470","593637","28","100098838"
"chr11","100743030","100743341","KN295294v1","849337","849645","37","99893693"
"chr11","100757857","100758152","KN294439v1","300738","301034","34","100457119"
"chr11","101598282","101598578","KN297197v1","1630263","1630561","31","99968019"
"chr11","103176782","103176818","KN295034v1","775819","775855","5","102400963"
"chr11","104570079","104570232","KN295236v1","4903371","4903529","30","99666708"
"chr11","104570530","104570667","KN295394v1","739949","740082","9","103830581"
"chr11","104741898","104742162","KN297442v1","822414","822676","37","103919484"
"chr11","105593154","105593464","KN295281v1","236676","236977","37","105356478"
"chr11","105605218","105605341","KN295281v1","224393","224522","14","105380825"
"chr11","105649757","105650052","KN295096v1","3516283","3516576","29","102133474"
"chr11","106224368","106224672","KN295077v1","564405","564717","41","105659963"
"chr11","106234289","106234573","KN296883v1","3011497","3011783","44","103222792"
"chr11","106253448","106253752","KN294685v1","517692","517999","43","105735756"
"chr11","106269589","106269898","KN295671v1","216235","216540","45","106053354"
"chr11","106331994","106332281","KN295077v1","462845","463133","20","105869149"
"chr11","106369685","106369989","KN294172v1","4261970","4262272","35","102107715"
"chr11","106375662","106375960","KN295102v1","20527","20821","37","106355135"
"chr11","106404391","106404697","KN295077v1","388250","388549","31","106016141"
"chr11","106439967","106440251","KN294987v1","267799","268080","45","106172168"
"chr11","106656959","106657267","KN295077v1","132341","132639","39","106524618"
"chr11","106831086","106831369","KN294987v1","346285","346567","37","106484801"
"chr11","107397388","107397669","KN296759v1","625710","625994","13","106771678"
"chr11","108466199","108466499","KN296759v1","1287295","1287593","38","107178904"
"chr11","108588426","108588526","KN295753v1","279661","279750","19","108308765"
"chr11","109208320","109208572","KN296153v1","2784510","2784728","63","106423810"
"chr11","109916644","109916958","KN294536v1","1175236","1175556","54","108741408"
"chr11","110233841","110234136","KN294526v1","411463","411755","44","109822378"
"chr11","110299851","110300131","KN296508v1","222421","222702","37","110077430"
"chr11","110331798","110332106","KN295294v1","849337","849645","41","109482461"
"chr11","110582262","110582566","KN296311v1","5551109","5551405","35","105031153"
"chr11","110661375","110661683","KN295294v1","849337","849645","38","109812038"
"chr11","110797643","110797936","KN295107v1","1283723","1284018","34","109513920"
"chr11","110829164","110829452","KN294421v1","1228170","1228462","39","109600994"
"chr11","110902136","110902432","KN294499v1","1816307","1816606","44","109085829"
"chr11","111633369","111633659","KN295706v1","150980","151270","32","111482389"
"chr11","112758371","112758679","KN296938v1","715484","715803","37","112042887"
"chr11","114071372","114071679","KN296847v1","1837114","1837414","22","112234258"
"chr11","115119276","115119574","KN294208v1","594903","595207","44","114524373"
"chr11","115176756","115177060","KN296847v1","735361","735665","25","114441395"
"chr11","115182647","115182958","KN296847v1","728840","729153","32","114453807"
"chr11","115297029","115297336","KN296847v1","605673","605966","33","114691356"
"chr11","115475905","115476219","KN296847v1","440460","440765","28","115035445"
"chr11","115734201","115734485","KN296079v1","1115350","1115639","36","114618851"
"chr11","116034295","116034604","KN295294v1","849337","849645","33","115184958"
"chr11","116152024","116152314","KN296158v1","254683","254974","21","115897341"
"chr11","117042493","117042781","KN296588v1","13289","13578","40","117029204"
"chr11","117423064","117423375","KN295142v1","809109","809420","33","116613955"
"chr11","117452054","117452279","KN296158v1","1577217","1577406","41","115874837"
"chr11","117573011","117573311","KN295294v1","849337","849645","38","116723674"
"chr11","117575208","117575339","KN296153v1","2686586","2686721","18","114888622"
"chr11","117575639","117575801","KN297046v1","2964427","2964590","24","114611212"
"chr11","117575865","117576164","KN296158v1","1682924","1683220","37","115892941"
"chr11","117585061","117585364","KN296594v1","636925","637224","43","116948136"
"chr11","117613421","117613720","KN295077v1","388250","388549","35","117225171"
"chr11","117660189","117660483","KN296508v1","1861452","1861744","35","115798737"
"chr11","117705362","117705619","KN296119v1","220472","220721","42","117484890"
"chr11","117768942","117769187","KN294172v1","6338447","6338691","36","111430495"
"chr11","117965645","117965956","KN294949v1","1577610","1577925","38","116388035"
"chr11","118334917","118335236","KN295977v1","407147","407454","45","117927770"
"chr11","118850088","118850374","KN296588v1","13289","13578","38","118836799"
"chr11","119649443","119649747","KN294172v1","4261970","4262272","43","115387473"
"chr11","120093196","120093494","KN294439v1","300738","301034","31","119792458"
"chr11","121143977","121144283","KN296594v1","636925","637224","37","120507052"
"chr11","121398364","121398665","KN296732v1","1455446","1455745","45","119942918"
"chr11","121790038","121790100","KN296880v1","68591","68650","10","121721447"
"chr11","121862510","121862818","KN296743v1","245342","245652","36","121617168"
"chr11","121866466","121866751","KN296770v1","199276","199560","34","121667190"
"chr11","122042945","122043239","KN297047v1","4442061","4442354","38","117600884"
"chr11","122405303","122405609","KN295523v1","556214","556518","37","121849089"
"chr11","122464361","122464644","KN294893v1","439595","439874","44","122024766"
"chr11","123348501","123348804","KN294987v1","364320","364620","37","122984181"
"chr11","123351031","123351333","KN295236v1","1521504","1521804","36","121829527"
"chr11","123939646","123939956","KN295717v1","281442","281748","50","123658204"
"chr11","124197368","124197678","KN296062v1","1513349","1513658","47","122684019"
"chr11","124384291","124384587","KN297032v1","171256","171551","37","124213035"
"chr11","124765474","124765776","KN295236v1","753928","754234","36","124011546"
"chr11","124968860","124969155","KN296303v1","373645","373940","36","124595215"
"chr11","125016901","125017200","KN296743v1","245342","245652","37","124771559"
"chr11","125102333","125102617","KN295735v1","803449","803732","35","124298884"
"chr11","125936696","125936977","KN297008v1","3704335","3704617","41","122232361"
"chr11","127477841","127478134","KN294439v1","300738","301034","40","127177103"
"chr11","127926085","127926148","KN294991v1","1506488","1506548","10","126419597"
"chr11","128015031","128015340","KN294161v1","325040","325346","44","127689991"
"chr11","128027924","128028197","KN294387v1","2084516","2084785","39","125943408"
"chr11","128544303","128544596","KN294613v1","583948","584237","32","127960355"
"chr11","128678078","128678370","KN294747v1","802303","802600","42","127875775"
"chr11","128688430","128688730","KN297171v1","3842175","3842475","35","124846255"
"chr11","128924825","128925096","KN294747v1","1046385","1046646","34","127878440"
"chr11","129050151","129050442","KN294747v1","1151551","1151840","31","127898600"
"chr11","129093964","129094269","KN294747v1","1186172","1186477","27","127907792"
"chr11","129171941","129172252","KN296513v1","962012","962324","38","128209929"
"chr11","129282597","129282905","KN296681v1","1459229","1459527","34","127823368"
"chr11","130226482","130226777","KN296681v1","527701","528004","40","129698781"
"chr11","133036915","133037221","KN297293v1","497776","498076","36","132539139"
"chr11","133627926","133628215","KN295308v1","2407130","2407413","37","131220796"
"chr12","66322163","66322475","KN296743v1","245342","245652","41","66076821"
"chr12","93060814","93061127","KN296743v1","245342","245652","45","92815472"
"chr12","99352429","99352741","KN296743v1","245342","245652","36","99107087"
"chr12","425551","425847","KN296153v1","1422592","1422886","37","997041"
"chr12","660921","661212","KN295096v1","3516283","3516576","38","2855362"
"chr12","822991","823280","KN295706v1","150980","151270","42","672011"
"chr12","1020530","1020829","KN295573v1","578191","578493","32","442339"
"chr12","1237584","1237886","KN294634v1","275869","276162","39","961715"
"chr12","1755122","1755426","KN294187v1","348608","348909","41","1406514"
"chr12","2768043","2768342","KN296311v1","3176858","3177154","30","408815"
"chr12","2978319","2978622","KN295304v1","46058","46359","50","2932261"
"chr12","3039538","3039833","KN296594v1","636925","637224","45","2402613"
"chr12","3096058","3096357","KN296609v1","295796","296099","33","2800262"
"chr12","3159799","3160095","KN295244v1","318312","318607","29","2841487"
"chr12","3227659","3227968","KN295090v1","2881719","2882025","35","345940"
"chr12","3651402","3651729","KN296062v1","1513349","1513658","61","2138053"
"chr12","4015162","4015454","KN295601v1","1054911","1055206","38","2960251"
"chr12","4756226","4756542","KN296849v1","270527","270842","33","4485699"
"chr12","5636691","5636979","KN295894v1","2318578","2318877","41","3318113"
"chr12","6092349","6092643","KN296594v1","636925","637224","38","5455424"
"chr12","6209336","6209596","KN297121v1","161380","161653","40","6047956"
"chr12","6390224","6390524","KN297154v1","721396","721694","40","5668828"
"chr12","6946214","6946508","KN294439v1","300738","301034","41","6645476"
"chr12","8040195","8040498","KN296311v1","1036675","1036980","42","7003520"
"chr12","8155610","8155890","KN295236v1","4680465","4680758","50","3475145"
"chr12","8204328","8204623","KN297112v1","5826102","5826396","36","2378226"
"chr12","8208136","8208439","KN294420v1","883019","883326","42","7325117"
"chr12","8224837","8224924","KN294588v1","2231922","2232008","13","5992915"
"chr12","8391385","8391534","KN296516v1","50755","50899","26","8340630"
"chr12","8427092","8427400","KN296865v1","1933794","1934101","31","6493298"
"chr12","8855245","8855542","KN294182v1","193047","193344","42","8662198"
"chr12","8883119","8883420","KN294172v1","4261970","4262272","35","4621149"
"chr12","8896320","8896621","KN295854v1","1678566","1678867","34","7217754"
"chr12","8943548","8943846","KN294439v1","300738","301034","34","8642810"
"chr12","9027969","9028222","KN294372v1","1341247","1341494","73","7686722"
"chr12","9029045","9029098","KN296062v1","2465248","2465301","11","6563797"
"chr12","9052302","9052611","KN295531v1","74200","74508","38","8978102"
"chr12","9313549","9313725","KN294561v1","634753","634925","29","8678796"
"chr12","10060936","10061252","KN294945v1","204331","204640","41","9856605"
"chr12","10420297","10420360","KN294790v1","2423244","2423306","11","7997053"
"chr12","10446779","10447069","KN295430v1","2487355","2487647","35","7959424"
"chr12","10455122","10455428","KN296770v1","21547","21858","40","10433575"
"chr12","10481179","10481465","KN296770v1","48990","49276","21","10432189"
"chr12","10489164","10489444","KN295022v1","910089","910363","35","9579075"
"chr12","10507580","10507864","KN296594v1","833735","834026","35","9673845"
"chr12","10534151","10534431","KN297008v1","3704335","3704617","36","6829816"
"chr12","10960733","10961037","KN296153v1","55778","56082","45","10904955"
"chr12","12838895","12839105","KN295236v1","2103800","2104006","36","10735095"
"chr12","13149773","13150070","KN296731v1","1377230","1377519","28","11772543"
"chr12","13209343","13209641","KN294235v1","200524","200821","40","13008819"
"chr12","13428629","13428909","KN295667v1","595363","595651","48","12833266"
"chr12","13766458","13766770","KN295533v1","1224462","1224775","41","12541996"
"chr12","14901190","14901482","KN296315v1","465152","465444","29","14436038"
"chr12","15505066","15505373","KN294172v1","4261970","4262272","42","11243096"
"chr12","16288019","16288312","KN294439v1","300738","301034","32","15987281"
"chr12","17030184","17030487","KN297462v1","297104","297412","38","16733080"
"chr12","17984878","17985058","KN296932v1","69753","69926","29","17915125"
"chr12","18188718","18189019","KN295221v1","3529","3835","42","18185189"
"chr12","18907321","18907621","KN295343v1","509157","509455","44","18398164"
"chr12","19230256","19230557","KN295090v1","2881719","2882025","39","16348537"
"chr12","19883502","19883585","KN297153v1","1323853","1323933","17","18559649"
"chr12","19887227","19887522","KN296730v1","56910","57206","40","19830317"
"chr12","22474981","22475233","KN294372v1","1341247","1341494","48","21133734"
"chr12","22611876","22612168","KN295405v1","492804","493098","34","22119072"
"chr12","22973302","22973625","KN294486v1","1054314","1054627","41","21918988"
"chr12","23083248","23083531","KN296833v1","353722","354006","35","22729526"
"chr12","23511272","23511559","KN296883v1","3011497","3011783","35","20499775"
"chr12","23675322","23675552","KN294486v1","1745533","1745773","22","21929789"
"chr12","23808461","23808539","KN294467v1","48015","48081","22","23760446"
"chr12","24717757","24718068","KN295294v1","849337","849645","31","23868420"
"chr12","24917274","24917576","KN295304v1","46058","46359","28","24871216"
"chr12","24984757","24985071","KN294172v1","6901602","6901916","37","18083155"
"chr12","25164757","25165041","KN295077v1","426667","426954","37","24738090"
"chr12","25202459","25202754","KN296921v1","763793","764087","36","24438666"
"chr12","25322667","25322961","KN296528v1","1485437","1485734","38","23837230"
"chr12","25439328","25439633","KN295637v1","380266","380573","36","25059062"
"chr12","25525258","25525569","KN296311v1","4306981","4307286","34","21218277"
"chr12","25573181","25573494","KN296306v1","3374106","3374409","52","22199075"
"chr12","25598145","25598425","KN295077v1","426667","426954","37","25171478"
"chr12","25600866","25601162","KN294439v1","300738","301034","37","25300128"
"chr12","26256604","26256906","KN294372v1","2580401","2580700","37","23676203"
"chr12","26288991","26289305","KN296218v1","129905","130214","36","26159086"
"chr12","26332434","26332734","KN295430v1","2487355","2487647","52","23845079"
"chr12","26656096","26656397","KN295039v1","307776","308070","39","26348320"
"chr12","26693356","26693650","KN294218v1","2530021","2530313","46","24163335"
"chr12","27905321","27905537","KN295586v1","5219415","5219623","32","22685906"
"chr12","28375463","28375774","KN294777v1","745309","745618","38","27630154"
"chr12","28771041","28771342","KN297295v1","267999","268305","35","28503042"
"chr12","28936072","28936215","KN294421v1","1422833","1422964","23","27513239"
"chr12","31312008","31312319","KN297205v1","435353","435667","33","30876655"
"chr12","31774388","31774689","KN294172v1","4261970","4262272","31","27512418"
"chr12","31790006","31790318","KN294790v1","993295","993605","37","30796711"
"chr12","31858856","31859157","KN297259v1","42351","42660","38","31816505"
"chr12","32055035","32055342","KN295090v1","2881719","2882025","38","29173316"
"chr12","32586904","32587221","KN296743v1","245342","245652","44","32341562"
"chr12","32616438","32616745","KN295308v1","1538341","1538644","41","31078097"
"chr12","32721266","32721542","KN297431v1","954088","954355","42","31767178"
"chr12","33055935","33056248","KN295368v1","1059789","1060099","42","31996146"
"chr12","33173362","33173681","KN294407v1","707064","707376","51","32466298"
"chr12","33990187","33990484","KN294378v1","472867","473166","41","33517320"
"chr12","35216574","35216882","KN295722v1","1843463","1843767","43","33373111"
"chr12","35231770","35231934","KN296726v1","834547","834705","24","34397223"
"chr12","35232254","35232317","KN297159v1","588665","588728","3","34643589"
"chr12","35633215","35633534","KN294558v1","118505","118813","42","35514710"
"chr12","35824253","35824563","KN297159v1","1128283","1128586","27","34695970"
"chr12","36006914","36007213","KN296311v1","5551109","5551405","37","30455805"
"chr12","36029705","36029997","KN296036v1","1045194","1045490","30","34984511"
"chr12","36030017","36030200","KN295692v1","2229933","2230108","32","33800084"
"chr12","36146227","36146523","KN297133v1","1704881","1705174","38","34441346"
"chr12","36447396","36447486","KN295705v1","657665","657751","18","35789731"
"chr12","36562054","36562338","KN294987v1","346285","346567","27","36215769"
"chr12","36611996","36612273","KN296040v1","653237","653513","48","35958759"
"chr12","37194082","37194389","KN296609v1","295796","296099","36","36898286"
"chr12","37663954","37664262","KN297159v1","2963956","2964254","33","34699998"
"chr12","37817366","37817663","KN294705v1","2200725","2201020","29","35616641"
"chr12","37926536","37926838","KN294493v1","393207","393512","43","37533329"
"chr12","38062650","38062923","KN297159v1","3236368","3236629","39","34826282"
"chr12","38076578","38076887","KN295459v1","634986","635295","37","37441592"
"chr12","38102582","38102900","KN297159v1","3269345","3269663","29","34833237"
"chr12","38227813","38228107","KN297159v1","3399273","3399575","25","34828540"
"chr12","38285457","38285759","KN297159v1","3458145","3458443","21","34827312"
"chr12","38561600","38561683","KN295402v1","1251986","1252075","18","37309614"
"chr12","38580304","38580580","KN297133v1","1618181","1618455","36","36962123"
"chr12","38616853","38617128","KN296311v1","6996116","6996392","38","31620737"
"chr12","38647506","38647827","KN296406v1","76428","76742","51","38571078"
"chr12","38846420","38846725","KN296167v1","360416","360717","39","38486004"
"chr12","38871970","38872277","KN295708v1","2776241","2776551","39","36095729"
"chr12","39031826","39032123","KN297390v1","49343","49641","44","38982483"
"chr12","39048828","39049133","KN295883v1","341100","341400","47","38707728"
"chr12","39077809","39078028","KN297416v1","71048","71290","51","39006761"
"chr12","39184449","39184710","KN296119v1","220472","220721","39","38963977"
"chr12","39197405","39197686","KN294239v1","580864","581146","41","38616541"
"chr12","39220031","39220330","KN294433v1","763042","763340","50","38456989"
"chr12","39277363","39277674","KN295236v1","1883860","1884167","39","37393503"
"chr12","39341393","39341673","KN294457v1","1018677","1018971","45","38322716"
"chr12","39451480","39451788","KN297197v1","826059","826368","36","38625421"
"chr12","39560570","39560871","KN296365v1","1687288","1687593","42","37873282"
"chr12","39741864","39742155","KN295091v1","1419733","1420024","38","38322131"
"chr12","39832284","39832592","KN295573v1","1295388","1295699","39","38536896"
"chr12","40212611","40212919","KN296635v1","1699891","1700194","39","38512720"
"chr12","40244087","40244368","KN294592v1","1407123","1407409","41","38836964"
"chr12","40275742","40276034","KN295666v1","1045930","1046226","37","39229812"
"chr12","40394933","40395224","KN295102v1","20527","20821","33","40374406"
"chr12","40450041","40450336","KN295705v1","662266","662578","51","39787775"
"chr12","40480834","40481142","KN296743v1","245342","245652","38","40235492"
"chr12","40544427","40544718","KN295995v1","775102","775384","55","39769325"
"chr12","40551688","40551855","KN296498v1","397835","398002","21","40153853"
"chr12","40562143","40562347","KN295405v1","500003","500205","38","40062140"
"chr12","40746576","40746850","KN296225v1","56780","57057","39","40689796"
"chr12","40872281","40872588","KN295907v1","1622346","1622658","34","39249935"
"chr12","40908145","40908451","KN294443v1","739291","739598","38","40168854"
"chr12","41059371","41059640","KN296174v1","150464","150739","42","40908907"
"chr12","41257766","41258072","KN295871v1","667156","667468","44","40590610"
"chr12","41647364","41647640","KN296732v1","1792478","1792756","37","39854886"
"chr12","42376205","42376518","KN294850v1","144372","144685","43","42231833"
"chr12","42389420","42389727","KN295294v1","849337","849645","37","41540083"
"chr12","43445429","43445727","KN295814v1","769523","769821","35","42675906"
"chr12","43614365","43614651","KN295706v1","150980","151270","38","43463385"
"chr12","45426073","45426371","KN297141v1","152542","152844","36","45273531"
"chr12","45746330","45746460","KN295315v1","245414","245544","17","45500916"
"chr12","46437641","46437945","KN297153v1","982502","982805","40","45455139"
"chr12","46796279","46796456","KN296932v1","69753","69926","37","46726526"
"chr12","47062660","47062954","KN294439v1","300738","301034","33","46761922"
"chr12","47160167","47160444","KN295962v1","1585684","1585956","44","45574483"
"chr12","47160478","47160502","KN295923v1","639524","639546","6","46520954"
"chr12","47324394","47324687","KN296311v1","3176858","3177154","35","44147536"
"chr12","47441494","47441570","KN296266v1","26261","26336","9","47415233"
"chr12","47663636","47663929","KN294613v1","583948","584237","37","47079688"
"chr12","48097963","48098264","KN295045v1","1088023","1088324","40","47009940"
"chr12","48983502","48983804","KN296320v1","198094","198393","35","48785408"
"chr12","49112460","49112747","KN295236v1","4680465","4680758","40","44431995"
"chr12","49657041","49657345","KN296323v1","2116195","2116500","43","47540846"
"chr12","50314554","50314865","KN295735v1","193633","193945","45","50120921"
"chr12","50507982","50508283","KN296062v1","1571490","1571788","34","48936492"
"chr12","50841793","50842095","KN297227v1","1013431","1013731","31","49828362"
"chr12","51426084","51426376","KN295244v1","318312","318607","38","51107772"
"chr12","51781676","51781934","KN295685v1","1163544","1163804","49","50618132"
"chr12","52275656","52275895","KN294451v1","1388964","1389197","55","50886692"
"chr12","52319028","52319313","KN296588v1","13289","13578","46","52305739"
"chr12","52370047","52370288","KN296864v1","791289","791518","54","51578758"
"chr12","52420420","52420715","KN296635v1","3682782","3683079","36","48737638"
"chr12","54563304","54563595","KN295236v1","3645629","3645922","42","50917675"
"chr12","55116489","55116783","KN295045v1","1002653","1002946","44","54113836"
"chr12","55426768","55427078","KN296554v1","30352","30657","28","55396416"
"chr12","55434362","55434677","KN295962v1","450259","450567","39","54984103"
"chr12","55931223","55931515","KN294457v1","1018677","1018971","37","54912546"
"chr12","56375143","56375450","KN296743v1","245342","245652","41","56129801"
"chr12","56662519","56662822","KN296322v1","2331544","2331850","31","54330975"
"chr12","56973124","56973435","KN296743v1","245342","245652","38","56727782"
"chr12","57046343","57046629","KN296287v1","90153","90446","32","56956190"
"chr12","57099535","57099818","KN294220v1","39025","39323","37","57060510"
"chr12","57110659","57110954","KN294220v1","27679","27969","23","57082980"
"chr12","57150449","57150728","KN296743v1","1660722","1660997","38","55489727"
"chr12","57431481","57431791","KN294229v1","309731","310040","25","57121750"
"chr12","57452681","57452963","KN294987v1","346285","346567","36","57106396"
"chr12","57505563","57505847","KN296096v1","2743314","2743604","38","54762249"
"chr12","57559258","57559560","KN295090v1","2881719","2882025","33","54677539"
"chr12","58117658","58117978","KN294739v1","476754","477066","55","57640904"
"chr12","58646427","58646743","KN296865v1","1933794","1934101","46","56712633"
"chr12","59373392","59373673","KN296025v1","207864","208148","35","59165528"
"chr12","59386833","59387124","KN297112v1","5826102","5826396","30","53560731"
"chr12","59919510","59919808","KN294443v1","739291","739598","52","59180219"
"chr12","60618492","60618784","KN294952v1","62466","62763","46","60556026"
"chr12","60708354","60708653","KN296404v1","2965711","2966008","38","57742643"
"chr12","60724366","60724661","KN295803v1","677308","677609","40","60047058"
"chr12","60768759","60769067","KN294172v1","4261970","4262272","41","56506789"
"chr12","61092355","61092665","KN295281v1","186868","187179","41","60905487"
"chr12","61154045","61154341","KN296153v1","1422592","1422886","32","59731453"
"chr12","61187269","61187573","KN294172v1","4261970","4262272","30","56925299"
"chr12","61329873","61330166","KN296062v1","1571490","1571788","35","59758383"
"chr12","61332211","61332519","KN296312v1","419775","420082","42","60912436"
"chr12","61839791","61840087","KN294439v1","300738","301034","32","61539053"
"chr12","61847339","61847643","KN295326v1","317964","318263","39","61529375"
"chr12","61877695","61877826","KN294570v1","428409","428541","41","61449286"
"chr12","61993094","61993393","KN294182v1","193047","193344","33","61800047"
"chr12","62009947","62010252","KN295744v1","299244","299554","38","61710703"
"chr12","62088561","62088851","KN296096v1","2743314","2743604","31","59345247"
"chr12","62570572","62570865","KN295366v1","158201","158498","36","62412371"
"chr12","62584738","62585030","KN296311v1","5346181","5346473","37","57238557"
"chr12","62857328","62857612","KN294181v1","1812992","1813276","43","61044336"
"chr12","63223387","63223678","KN294790v1","51287","51583","37","63172100"
"chr12","63415903","63416038","KN295735v1","1450186","1450321","21","61965717"
"chr12","65398743","65399053","KN297205v1","435353","435667","46","64963390"
"chr12","65574304","65574605","KN296594v1","636925","637224","43","64937379"
"chr12","66460593","66460888","KN295405v1","492804","493098","33","65967789"
"chr12","66669391","66669681","KN295152v1","166573","166865","35","66502818"
"chr12","67322317","67322630","KN294493v1","393207","393512","41","66929110"
"chr12","67846101","67846227","KN296096v1","2542539","2542664","18","65303562"
"chr12","67846289","67846474","KN295708v1","1597439","1597612","35","66248850"
"chr12","68502431","68502743","KN295368v1","1059789","1060099","42","67442642"
"chr12","69071680","69071982","KN295596v1","1653699","1653998","44","67417981"
"chr12","69498962","69499256","KN295706v1","150980","151270","33","69347982"
"chr12","69502922","69503234","KN296096v1","2223591","2223902","45","67279331"
"chr12","69794575","69794879","KN297141v1","152542","152844","45","69642033"
"chr12","70183626","70183920","KN296157v1","3976746","3977041","38","66206880"
"chr12","70549299","70549602","KN295142v1","809109","809420","44","69740190"
"chr12","70837430","70837735","KN295523v1","2221436","2221738","45","68615994"
"chr12","71055958","71056263","KN295523v1","2221436","2221738","40","68834522"
"chr12","71343110","71343404","KN294987v1","538565","538859","58","70804545"
"chr12","72052786","72053084","KN297038v1","159105","159406","38","71893681"
"chr12","72129046","72129284","KN294705v1","353065","353305","39","71775981"
"chr12","72182523","72182807","KN296637v1","590347","590632","18","71592176"
"chr12","73543417","73543713","KN295803v1","677308","677609","39","72866109"
"chr12","74079418","74079531","KN294470v1","523433","523540","22","73555985"
"chr12","74353981","74354267","KN295671v1","216235","216540","46","74137746"
"chr12","75083214","75083521","KN294443v1","739291","739598","37","74343923"
"chr12","75249362","75249672","KN295260v1","1994855","1995163","36","73254507"
"chr12","76164219","76164508","KN294182v1","193047","193344","44","75971172"
"chr12","76349859","76350157","KN295368v1","1855168","1855468","29","74494691"
"chr12","76506268","76506569","KN296311v1","5007248","5007529","57","71499020"
"chr12","76579693","76580005","KN295502v1","54128","54438","38","76525565"
"chr12","76608356","76608659","KN295368v1","1607315","1607615","28","75001041"
"chr12","76683079","76683319","KN294911v1","2904441","2904676","50","73778638"
"chr12","76853439","76853739","KN295368v1","1370538","1370844","34","75482901"
"chr12","77007357","77007647","KN296620v1","918824","919110","29","76088533"
"chr12","77166571","77166850","KN295607v1","4148434","4148717","33","73018137"
"chr12","77191394","77191702","KN294571v1","239961","240260","51","76951433"
"chr12","77802507","77802810","KN296812v1","170396","170699","38","77632111"
"chr12","77978493","77978757","KN295368v1","188929","189193","17","77789564"
"chr12","79192886","79193171","KN294443v1","726968","727252","40","78465918"
"chr12","79594139","79594438","KN295717v1","281442","281748","40","79312697"
"chr12","79970609","79970917","KN295294v1","849337","849645","42","79121272"
"chr12","80033611","80033915","KN295633v1","300161","300472","46","79733450"
"chr12","80098115","80098400","KN294613v1","583948","584237","32","79514167"
"chr12","81055489","81055812","KN294303v1","226138","226457","63","80829351"
"chr12","81619982","81620274","KN296635v1","126740","127032","47","81493242"
"chr12","81764677","81764714","KN294613v1","100916","100952","15","81663761"
"chr12","83167783","83168039","KN297442v1","2402497","2402757","40","80765286"
"chr12","83641343","83641638","KN296312v1","419775","420082","44","83221568"
"chr12","83665885","83666179","KN296244v1","807081","807381","46","82858804"
"chr12","83869889","83870194","KN294172v1","4261970","4262272","44","79607919"
"chr12","84499696","84499987","KN295107v1","1283723","1284018","36","83215973"
"chr12","85404568","85404885","KN295171v1","301297","301609","58","85103271"
"chr12","87163182","87163481","KN297008v1","400368","400667","34","86762814"
"chr12","87222909","87223218","KN297165v1","3298693","3298988","46","83924216"
"chr12","88793445","88793741","KN296804v1","430678","430977","29","88362767"
"chr12","89832446","89832751","KN295471v1","638562","638881","34","89193884"
"chr12","91971533","91971839","KN294372v1","1186525","1186831","47","90785008"
"chr12","92464722","92464996","KN297312v1","287910","288171","58","92176812"
"chr12","92722885","92723098","KN296153v1","3908850","3909065","47","88814035"
"chr12","94262064","94262361","KN294457v1","1018677","1018971","36","93243387"
"chr12","95158774","95159067","KN295315v1","212350","212643","30","94946424"
"chr12","95175775","95176059","KN297019v1","932923","933205","32","94242852"
"chr12","95619933","95620270","KN296435v1","113782","114097","57","95506151"
"chr12","95651123","95651432","KN295294v1","849337","849645","33","94801786"
"chr12","96051802","96051989","KN296833v1","279634","279824","24","95772168"
"chr12","96412115","96412327","KN297112v1","3923306","3923518","28","92488809"
"chr12","96568979","96569292","KN295907v1","1622346","1622658","40","94946633"
"chr12","96758894","96759204","KN296743v1","245342","245652","38","96513552"
"chr12","96786692","96786998","KN294850v1","49705","50009","43","96736987"
"chr12","97105898","97106186","KN295633v1","161032","161323","57","96944866"
"chr12","97129979","97130290","KN295871v1","667156","667468","37","96462823"
"chr12","97226928","97227226","KN296311v1","5551109","5551405","37","91675819"
"chr12","97237911","97238192","KN294571v1","489095","489386","48","96748816"
"chr12","97259294","97259602","KN295523v1","556214","556518","36","96703080"
"chr12","97346258","97346386","KN295257v1","96981","97109","16","97249277"
"chr12","97346691","97346846","KN296654v1","153614","153769","29","97193077"
"chr12","97402530","97402808","KN294499v1","2257569","2257842","40","95144961"
"chr12","97418699","97419000","KN295967v1","550401","550707","40","96868298"
"chr12","97479856","97480155","KN295368v1","1855168","1855468","39","95624688"
"chr12","98129185","98129335","KN296153v1","1353","1501","26","98127832"
"chr12","99452175","99452479","KN295304v1","46058","46359","42","99406117"
"chr12","99459091","99459392","KN294172v1","4261970","4262272","32","95197121"
"chr12","99492641","99492944","KN295671v1","216235","216540","34","99276406"
"chr12","99500533","99500821","KN296311v1","5346181","5346473","38","94154352"
"chr12","99595728","99596031","KN295375v1","114875","115176","34","99480853"
"chr12","99642690","99642970","KN295706v1","150980","151270","45","99491710"
"chr12","100763859","100764166","KN297141v1","152542","152844","46","100611317"
"chr12","101137342","101137644","KN297227v1","1013431","1013731","37","100123911"
"chr12","101173192","101173498","KN296743v1","245342","245652","33","100927850"
"chr12","101307701","101307955","KN294991v1","1922083","1922330","39","99385618"
"chr12","101611240","101611547","KN294879v1","303877","304179","39","101307363"
"chr12","101878879","101879159","KN296119v1","5542054","5542329","36","96336825"
"chr12","101953942","101954218","KN294987v1","346285","346567","42","101607657"
"chr12","102116546","102116831","KN295081v1","29716","29995","41","102086830"
"chr12","102235845","102236140","KN297138v1","230274","230565","33","102005571"
"chr12","102364651","102364956","KN297047v1","2103989","2104301","44","100260662"
"chr12","102422253","102422526","KN294218v1","2166564","2166845","58","100255689"
"chr12","102510706","102511024","KN295362v1","1165497","1165809","47","101345209"
"chr12","102749034","102749336","KN294172v1","4261970","4262272","36","98487064"
"chr12","102859002","102859296","KN295405v1","492804","493098","30","102366198"
"chr12","103063115","103063402","KN297165v1","3749739","3750031","41","99313376"
"chr12","103115477","103115787","KN295090v1","1141582","1141886","43","101973895"
"chr12","103749664","103750007","KN295474v1","1353145","1353475","53","102396519"
"chr12","104116135","104116432","KN297165v1","3298693","3298988","35","100817442"
"chr12","104761484","104761793","KN295294v1","849337","849645","40","103912147"
"chr12","104769472","104769776","KN295090v1","2881719","2882025","39","101887753"
"chr12","105094913","105095213","KN294521v1","524915","525214","36","104569998"
"chr12","105388320","105388621","KN295102v1","291073","291373","38","105097247"
"chr12","105660183","105660494","KN296004v1","40917","41230","39","105619266"
"chr12","105928538","105928835","KN294790v1","94668","94968","52","105833870"
"chr12","106567026","106567312","KN297332v1","453660","453954","37","106113366"
"chr12","107510086","107510390","KN296176v1","795995","796298","21","106714091"
"chr12","107675249","107675547","KN295601v1","632755","633050","42","107042494"
"chr12","107993238","107993337","KN295705v1","657665","657751","21","107335573"
"chr12","108033307","108033620","KN294513v1","536795","537091","38","107496512"
"chr12","108351799","108352096","KN296406v1","187712","188008","29","108164087"
"chr12","108416999","108417299","KN294513v1","908577","908877","27","107508422"
"chr12","108421286","108421596","KN294592v1","88562","88866","43","108332724"
"chr12","109682643","109682930","KN297026v1","205762","206051","47","109476881"
"chr12","110285429","110285731","KN295304v1","46058","46359","43","110239371"
"chr12","110298996","110299297","KN294470v1","3520917","3521211","36","106778079"
"chr12","110369724","110370020","KN294470v1","3444403","3444708","35","106925321"
"chr12","110398485","110398785","KN294470v1","3414708","3415013","31","106983777"
"chr12","110822683","110822810","KN296977v1","64263","64393","21","110758420"
"chr12","110971407","110971559","KN295564v1","625987","626137","21","110345420"
"chr12","111045219","111045503","KN294991v1","2117781","2118075","44","108927438"
"chr12","111204029","111204181","KN295564v1","625987","626137","21","110578042"
"chr12","111253160","111253463","KN294172v1","4261970","4262272","36","106991190"
"chr12","111420670","111420972","KN295667v1","2471597","2471899","42","108949073"
"chr12","111495320","111495614","KN297154v1","1642304","1642599","33","109853016"
"chr12","111617346","111617645","KN294470v1","2165966","2166263","28","109451380"
"chr12","111629725","111630015","KN295294v1","130722","131013","35","111499003"
"chr12","111655679","111655986","KN294172v1","346409","346717","35","111309270"
"chr12","111697754","111698036","KN295236v1","4082902","4083183","36","107614852"
"chr12","112471010","112471313","KN294470v1","1302003","1302301","30","111169007"
"chr12","112568131","112568435","KN296749v1","264936","265241","34","112303195"
"chr12","112719869","112720170","KN295077v1","388250","388549","38","112331619"
"chr12","112849509","112849801","KN294470v1","930929","931223","22","111918580"
"chr12","112863877","112864193","KN296743v1","245342","245652","41","112618535"
"chr12","113049566","113049702","KN297259v1","1364944","1365081","21","111684622"
"chr12","113052795","113052901","KN295667v1","1196716","1196821","16","111856079"
"chr12","113115810","113116095","KN294470v1","637986","638271","20","112477824"
"chr12","113218267","113218391","KN294458v1","1638615","1638741","20","111579652"
"chr12","113259016","113259318","KN294470v1","482377","482680","22","112776639"
"chr12","113307606","113307879","KN294470v1","432542","432832","58","112875064"
"chr12","113342090","113342350","KN294470v1","398650","398919","32","112943440"
"chr12","113419908","113420202","KN294446v1","93113","93404","35","113326795"
"chr12","114232554","114232855","KN296378v1","499347","499645","24","113733207"
"chr12","114714664","114714946","KN296833v1","353722","354006","36","114360942"
"chr12","115173994","115174299","KN295102v1","291073","291373","40","114882921"
"chr12","115665677","115665981","KN296303v1","373645","373940","58","115292032"
"chr12","116402082","116402381","KN294987v1","364320","364620","39","116037762"
"chr12","116500584","116500877","KN297048v1","305838","306132","36","116194746"
"chr12","116550628","116550929","KN295236v1","1532582","1532882","37","115018046"
"chr12","117210726","117211029","KN294591v1","152630","152938","45","117058096"
"chr12","117400415","117400699","KN294526v1","411463","411755","40","116988952"
"chr12","117403622","117403933","KN296119v1","4487068","4487375","45","112916554"
"chr12","117422384","117422688","KN296108v1","1012572","1012870","44","116409812"
"chr12","117425624","117425928","KN296157v1","1352514","1352819","38","116073110"
"chr12","117501468","117501768","KN295074v1","341643","341951","44","117159825"
"chr12","117717782","117718073","KN294181v1","913596","913892","40","116804186"
"chr12","117721055","117721353","KN294182v1","193047","193344","36","117528008"
"chr12","117807332","117807624","KN296508v1","1861452","1861744","35","115945880"
"chr12","118046867","118047155","KN294911v1","4551473","4551760","35","113495394"
"chr12","118063878","118064183","KN295236v1","753928","754234","36","117309950"
"chr12","118066296","118066609","KN294407v1","707064","707376","42","117359232"
"chr12","118092869","118093150","KN294747v1","654984","655267","55","117437885"
"chr12","118149604","118149899","KN297444v1","380340","380636","31","117769264"
"chr12","118153041","118153328","KN296119v1","141510","141802","42","118011531"
"chr12","118848903","118849209","KN296311v1","600949","601255","27","118247954"
"chr12","118969021","118969359","KN295244v1","318312","318607","70","118650709"
"chr12","119087870","119088180","KN295236v1","1883860","1884167","43","117204010"
"chr12","119108587","119108852","KN294733v1","65842","66110","38","119042745"
"chr12","119188766","119189072","KN296812v1","170396","170699","39","119018370"
"chr12","119202374","119202682","KN296673v1","14244","14552","40","119188130"
"chr12","119308269","119308554","KN296311v1","1082750","1083044","26","118225519"
"chr12","120042728","120043030","KN296311v1","1823337","1823634","28","118219391"
"chr12","120140651","120140962","KN296311v1","1917408","1917719","27","118223243"
"chr12","120186912","120187222","KN296311v1","1962715","1963013","33","118224197"
"chr12","120278538","120278830","KN296311v1","2052115","2052415","32","118226423"
"chr12","120311428","120311620","KN297215v1","545203","545376","39","119766225"
"chr12","120895243","120895538","KN296311v1","2680836","2681134","34","118214407"
"chr12","121236995","121237241","KN296311v1","3033401","3033637","34","118203594"
"chr12","121242308","121242608","KN296311v1","3039349","3039627","41","118202959"
"chr12","121250532","121250827","KN297046v1","2123979","2124247","62","119126553"
"chr12","121547633","121547928","KN294457v1","1018677","1018971","37","120528956"
"chr12","121551059","121551352","KN295244v1","318312","318607","38","121232747"
"chr12","121942888","121943168","KN295114v1","83185","83456","60","121859703"
"chr12","122177535","122177844","KN296311v1","3990615","3990924","28","118186920"
"chr12","122215094","122215397","KN296311v1","4029203","4029508","34","118185891"
"chr12","122263143","122263389","KN296538v1","1457481","1457725","39","120805662"
"chr12","122308220","122308517","KN296311v1","5551109","5551405","36","116757111"
"chr12","122311688","122311991","KN295523v1","556214","556518","35","121755474"
"chr12","122404050","122404361","KN296435v1","2563437","2563748","39","119840613"
"chr12","122453227","122453542","KN294266v1","416253","416561","34","122036974"
"chr12","122541946","122542239","KN296311v1","4363161","4363459","31","118178785"
"chr12","122653895","122654197","KN296311v1","4476778","4477085","30","118177117"
"chr12","122672053","122672351","KN296311v1","4493472","4493777","25","118178581"
"chr12","122793089","122793383","KN297008v1","400368","400667","38","122392721"
"chr12","122810460","122810723","KN296311v1","4641682","4641945","23","118168778"
"chr12","122875597","122875899","KN296311v1","4710940","4711247","35","118164657"
"chr12","123078535","123078685","KN295564v1","625987","626137","22","122452548"
"chr12","123122443","123122501","KN296495v1","1661947","1662006","8","121460496"
"chr12","123166756","123167063","KN295470v1","49643","49945","47","123117113"
"chr12","123318750","123319048","KN297197v1","4305535","4305831","33","119013215"
"chr12","124353168","124353460","KN296311v1","5326489","5326787","34","119026679"
"chr12","124584324","124584621","KN296311v1","5543532","5543828","32","119040792"
"chr12","124584758","124585051","KN296153v1","1422592","1422886","34","123162166"
"chr12","125020480","125020792","KN296311v1","6009807","6010115","38","119010673"
"chr12","125127555","125127699","KN295735v1","1450186","1450321","21","123677369"
"chr12","125127738","125127854","KN294741v1","716305","716426","19","124411433"
"chr12","125233379","125233689","KN296311v1","6232505","6232808","32","119000874"
"chr12","125377502","125377559","KN297094v1","75794","75851","7","125301708"
"chr12","125535448","125535756","KN296096v1","2223591","2223902","42","123311857"
"chr12","126002438","126002745","KN294407v1","707064","707376","35","125295374"
"chr12","126017254","126017309","KN297078v1","127153","127206","10","125890101"
"chr12","126093325","126093625","KN296311v1","7067486","7067786","31","119025839"
"chr12","126126204","126126489","KN296311v1","7100580","7100867","34","119025624"
"chr12","126517322","126517480","KN297046v1","2964427","2964590","29","123552895"
"chr12","126761134","126761444","KN296311v1","7732786","7733096","33","119028348"
"chr12","126787101","126787385","KN295666v1","599906","600199","46","126187195"
"chr12","126844197","126844497","KN296311v1","7818824","7819113","36","119025373"
"chr12","126932467","126932542","KN296040v1","643919","643999","15","126288548"
"chr12","126959523","126959866","KN296554v1","22598","22982","96","126936925"
"chr12","127074057","127074358","KN296311v1","8049976","8050280","30","119024081"
"chr12","127575220","127575531","KN296311v1","8560102","8560416","29","119015118"
"chr12","128645847","128646154","KN296311v1","9648125","9648436","37","118997722"
"chr12","128933663","128933948","KN295550v1","1025329","1025607","41","127908334"
"chr12","129369775","129370090","KN294874v1","1346769","1347088","47","128023006"
"chr12","129586818","129586879","KN295550v1","379463","379519","13","129207355"
"chr12","129982518","129982815","KN296315v1","465152","465444","38","129517366"
"chr12","130390318","130390600","KN296588v1","13289","13578","36","130377029"
"chr12","130642485","130642792","KN296594v1","636925","637224","45","130005560"
"chr12","131136299","131136455","KN294378v1","912719","912887","33","130223580"
"chr12","131973167","131973461","KN296153v1","1422592","1422886","40","130550575"
"chr12","132284881","132285191","KN296311v1","885064","885374","40","131399817"
"chr12","133778918","133779230","KN296191v1","1483522","1483838","46","132295396"
"chr12","133860340","133860651","KN294470v1","2736017","2736331","42","131124323"
"chr12","133894222","133894499","KN294239v1","580864","581146","35","133313358"
"chr12","134198318","134198617","KN297197v1","4305535","4305831","30","129892783"
"chr12","134508208","134508515","KN296743v1","245342","245652","34","134262866"
"chr12","134702654","134702913","KN296625v1","62627","62884","42","134640027"
"chr12","134835271","134835567","KN296303v1","373645","373940","37","134461626"
"chr12","134847049","134847335","KN295706v1","150980","151270","37","134696069"
"chr12","134925582","134925857","KN294733v1","169985","170264","42","134755597"
"chr12","135033190","135033278","KN295402v1","1251986","1252075","12","133781204"
"chr12","135058083","135058375","KN294470v1","2983090","2983380","37","132074993"
"chr13","19151410","19151717","KN294685v1","1047240","1047549","41","18104170"
"chr13","19179443","19179740","KN294685v1","1024221","1024521","35","18155222"
"chr13","19200181","19200477","KN294451v1","1154894","1155195","46","18045287"
"chr13","19426734","19427034","KN295706v1","150980","151270","38","19275754"
"chr13","19437889","19438180","KN294457v1","1018677","1018971","42","18419212"
"chr13","19443757","19443992","KN296311v1","6934502","6934740","41","12509255"
"chr13","19445515","19445608","KN294705v1","2216781","2216882","17","17228734"
"chr13","19483164","19483454","KN294685v1","770558","770851","25","18712606"
"chr13","19558918","19559218","KN295596v1","1653699","1653998","34","17905219"
"chr13","19559697","19559976","KN296833v1","353722","354006","38","19205975"
"chr13","19577215","19577516","KN296893v1","227332","227635","39","19349883"
"chr13","19854056","19854372","KN294911v1","2469693","2469997","49","17384363"
"chr13","19903882","19904193","KN295236v1","793983","794296","38","19109899"
"chr13","20023123","20023422","KN294685v1","316937","317242","31","19706186"
"chr13","20110100","20110402","KN294874v1","619764","620065","34","19490336"
"chr13","20111282","20111589","KN295244v1","318312","318607","47","19792970"
"chr13","20170685","20170990","KN295923v1","958696","958996","37","19211989"
"chr13","20522646","20522942","KN295368v1","1855168","1855468","39","18667478"
"chr13","20656528","20656773","KN296157v1","1924601","1924827","45","18731927"
"chr13","20762469","20762766","KN296311v1","3176858","3177154","33","17585611"
"chr13","20802321","20802567","KN295157v1","337756","338004","42","20464565"
"chr13","20825583","20825899","KN296311v1","5345840","5346147","48","15479743"
"chr13","21148672","21148954","KN294685v1","1329170","1329457","27","19819502"
"chr13","21236368","21236662","KN295236v1","3645629","3645922","31","17590739"
"chr13","21456665","21456968","KN295244v1","318312","318607","41","21138353"
"chr13","21561078","21561381","KN295294v1","849337","849645","43","20711741"
"chr13","21641612","21641928","KN296287v1","90153","90446","54","21551459"
"chr13","22356978","22357280","KN295607v1","4686649","4686942","52","17670329"
"chr13","22969120","22969431","KN296435v1","2563437","2563748","44","20405683"
"chr13","22974797","22975108","KN295236v1","1883860","1884167","39","21090937"
"chr13","23160451","23160726","KN294471v1","407740","408022","37","22752711"
"chr13","23589621","23589922","KN296305v1","568169","568467","38","23021452"
"chr13","24159212","24159529","KN294685v1","1024221","1024521","52","23134991"
"chr13","24256396","24256696","KN294949v1","47225","47535","31","24209171"
"chr13","24727270","24727567","KN294439v1","300738","301034","36","24426532"
"chr13","24848013","24848293","KN296036v1","1045194","1045490","52","23802819"
"chr13","24863615","24863901","KN294949v1","546876","547172","40","24316739"
"chr13","24873662","24873934","KN294949v1","557509","557789","34","24316153"
"chr13","24875476","24875746","KN296486v1","463908","464178","41","24411568"
"chr13","24983890","24984191","KN294949v1","669778","670078","34","24314112"
"chr13","25410378","25410707","KN297259v1","727387","727715","53","24682991"
"chr13","25652475","25652774","KN295236v1","188452","188753","36","25464023"
"chr13","25680590","25680873","KN294949v1","1355947","1356232","24","24324643"
"chr13","25756007","25756296","KN296538v1","1730805","1731095","40","24025202"
"chr13","25925908","25926209","KN294949v1","1534898","1535194","29","24391010"
"chr13","25970395","25970707","KN294949v1","1577610","1577925","30","24392785"
"chr13","26340411","26340700","KN297319v1","931125","931424","28","25409286"
"chr13","26653120","26653424","KN294767v1","520155","520468","38","26132965"
"chr13","26759204","26759474","KN297319v1","541687","541946","36","26217517"
"chr13","26885111","26885407","KN295666v1","1045930","1046226","42","25839181"
"chr13","26905425","26905728","KN297319v1","415150","415460","20","26490275"
"chr13","26907473","26907633","KN296654v1","153614","153769","33","26753859"
"chr13","26907661","26907776","KN294571v1","485389","485504","12","26422272"
"chr13","27000937","27001231","KN297319v1","326692","326990","35","26674245"
"chr13","27521359","27521658","KN296303v1","373645","373940","39","27147714"
"chr13","27557910","27558231","KN295366v1","145957","146277","57","27411953"
"chr13","27569723","27570025","KN294224v1","1275086","1275392","31","26294637"
"chr13","27793593","27793867","KN297046v1","2855852","2856127","37","24937741"
"chr13","27849718","27849816","KN294224v1","992538","992641","13","26857180"
"chr13","28049550","28049850","KN294224v1","788470","788782","43","27261080"
"chr13","28310762","28311098","KN294199v1","22718","23041","83","28288044"
"chr13","28629957","28630267","KN294224v1","238908","239214","36","28391049"
"chr13","29000180","29000457","KN296225v1","56780","57057","43","28943400"
"chr13","29061478","29061784","KN295523v1","556214","556518","35","28505264"
"chr13","29063131","29063428","KN294457v1","1018677","1018971","34","28044454"
"chr13","29065728","29066021","KN296063v1","1001562","1001853","31","28064166"
"chr13","29099477","29099779","KN294290v1","8955","9255","39","29090522"
"chr13","29172601","29172907","KN294245v1","346863","347164","40","28825738"
"chr13","29273600","29273890","KN296096v1","2743314","2743604","37","26530286"
"chr13","29352324","29352624","KN296508v1","1861452","1861744","42","27490872"
"chr13","29983038","29983175","KN294404v1","342929","343067","24","29640109"
"chr13","30114277","30114574","KN296145v1","2807215","2807514","21","27307062"
"chr13","30181803","30182110","KN294571v1","2793346","2793649","39","27388457"
"chr13","30185000","30185275","KN296311v1","6996116","6996392","36","23188884"
"chr13","30268853","30269150","KN294172v1","4261970","4262272","45","26006883"
"chr13","30635057","30635373","KN296145v1","2293982","2294283","32","28341075"
"chr13","30880815","30881119","KN296145v1","2052757","2053065","24","28828058"
"chr13","30949457","30949751","KN296145v1","1989783","1990092","38","28959674"
"chr13","31135972","31136276","KN296145v1","1806461","1806758","24","29329511"
"chr13","31453516","31453816","KN296305v1","727438","727730","43","30726078"
"chr13","32170391","32170698","KN296145v1","764126","764443","33","31406265"
"chr13","32281726","32282030","KN296145v1","655419","655727","28","31626307"
"chr13","32305396","32305690","KN296311v1","5551109","5551405","34","26754287"
"chr13","32731976","32732281","KN295748v1","158810","159129","35","32573166"
"chr13","32912032","32912316","KN294987v1","346285","346567","29","32565747"
"chr13","33308550","33308850","KN294181v1","913596","913892","43","32394954"
"chr13","33376870","33377174","KN295523v1","520940","521253","67","32855930"
"chr13","35429861","35430167","KN297227v1","1013431","1013731","36","34416430"
"chr13","35434478","35434768","KN296311v1","5346181","5346473","35","30088297"
"chr13","35524197","35524496","KN294439v1","300738","301034","36","35223459"
"chr13","35622056","35622351","KN294457v1","1018677","1018971","35","34603379"
"chr13","35674420","35674739","KN294588v1","351346","351656","56","35323074"
"chr13","36434182","36434485","KN296019v1","190090","190393","34","36244092"
"chr13","36458181","36458485","KN295708v1","1471221","1471525","36","34986960"
"chr13","36704259","36704565","KN297095v1","3773761","3774062","37","32930498"
"chr13","37163641","37163937","KN295722v1","2063507","2063801","44","35100134"
"chr13","38252597","38252901","KN297095v1","3773761","3774062","36","34478836"
"chr13","38670226","38670540","KN294205v1","1079084","1079396","29","37591142"
"chr13","38779676","38779974","KN297165v1","3298693","3298988","38","35480983"
"chr13","38967539","38967829","KN295601v1","1054911","1055206","43","37912628"
"chr13","38993727","38994026","KN296242v1","911265","911565","34","38082462"
"chr13","39196390","39196683","KN294245v1","98484","98770","33","39097906"
"chr13","39227125","39227297","KN294561v1","634753","634925","26","38592372"
"chr13","39313957","39314259","KN294378v1","472867","473166","39","38841090"
"chr13","39389458","39389754","KN294205v1","411401","411711","36","38978057"
"chr13","40435338","40435635","KN296311v1","5346181","5346473","35","35089157"
"chr13","40650419","40650718","KN294378v1","472867","473166","40","40177552"
"chr13","40699734","40700028","KN295244v1","318312","318607","34","40381422"
"chr13","40708097","40708387","KN296508v1","1861452","1861744","37","38846645"
"chr13","40884875","40885187","KN295294v1","849337","849645","42","40035538"
"chr13","40910763","40911087","KN297047v1","2103989","2104301","54","38806774"
"chr13","40935506","40935801","KN294457v1","1018677","1018971","38","39916829"
"chr13","41123971","41124267","KN297219v1","1486307","1486596","32","39637664"
"chr13","41447792","41448100","KN295294v1","3348137","3348442","36","38099655"
"chr13","41757559","41757858","KN296528v1","1485437","1485734","34","40272122"
"chr13","46439667","46439972","KN296311v1","5345840","5346147","40","41093827"
"chr13","46921975","46922059","KN296726v1","233564","233629","31","46688411"
"chr13","46993088","46993383","KN296508v1","20473","20772","44","46972615"
"chr13","47104710","47105012","KN294182v1","193047","193344","42","46911663"
"chr13","47795469","47795768","KN295596v1","3570572","3570871","29","44224897"
"chr13","47967340","47967441","KN297154v1","1633466","1633571","15","46333874"
"chr13","47997528","47997828","KN295571v1","587362","587646","52","47410166"
"chr13","48127172","48127467","KN294372v1","2237375","2237670","33","45889797"
"chr13","48448908","48449201","KN295633v1","161032","161323","37","48287876"
"chr13","49002550","49002823","KN295596v1","2334868","2335141","34","46667682"
"chr13","49403965","49404260","KN295596v1","1971635","1971913","28","47432330"
"chr13","49414789","49415087","KN294378v1","472867","473166","35","48941922"
"chr13","49463378","49463635","KN297403v1","3928","4192","39","49459450"
"chr13","49472163","49472469","KN297259v1","42351","42660","38","49429812"
"chr13","49584167","49584451","KN295666v1","754657","754955","44","48829510"
"chr13","49712498","49712793","KN295596v1","1653699","1653998","16","48058799"
"chr13","49822239","49822548","KN295596v1","1554905","1555212","32","48267334"
"chr13","49990816","49991108","KN296303v1","373645","373940","38","49617171"
"chr13","51764034","51764332","KN297048v1","305838","306132","35","51458196"
"chr13","51917403","51917688","KN297452v1","2174294","2174579","34","49743109"
"chr13","51987814","51988114","KN295671v1","216235","216540","32","51771579"
"chr13","52041000","52041291","KN294439v1","300738","301034","35","51740262"
"chr13","52238218","52238514","KN294439v1","300738","301034","46","51937480"
"chr13","52241909","52242206","KN295666v1","599906","600199","50","51642003"
"chr13","52966542","52966838","KN296404v1","2965711","2966008","45","50000831"
"chr13","53265919","53266226","KN295962v1","450259","450567","45","52815660"
"chr13","53325310","53325619","KN295596v1","3183520","3183823","40","50141790"
"chr13","54044666","54044982","KN297046v1","1007338","1007647","46","53037328"
"chr13","54088979","54089272","KN297138v1","230274","230565","41","53858705"
"chr13","55485167","55485463","KN295671v1","216235","216540","45","55268932"
"chr13","55610044","55610055","KN295315v1","2627494","2627504","2","52982550"
"chr13","55610087","55610332","KN296311v1","6042935","6043176","56","49567152"
"chr13","56093453","56093727","KN294893v1","439595","439874","50","55653858"
"chr13","56354574","56354832","KN296453v1","1428497","1428753","45","54926077"
"chr13","56953753","56954033","KN296732v1","1792478","1792756","38","55161275"
"chr13","58523832","58524136","KN296386v1","200203","200489","60","58323629"
"chr13","59071652","59071946","KN295405v1","492804","493098","64","58578848"
"chr13","60349418","60349700","KN294456v1","1570309","1570590","33","58779109"
"chr13","60464098","60464400","KN296339v1","2234937","2235250","36","58229161"
"chr13","60530389","60530682","KN296063v1","1001562","1001853","39","59528827"
"chr13","60897421","60897708","KN296594v1","833735","834026","42","60063686"
"chr13","61282166","61282465","KN296732v1","1455446","1455745","32","59826720"
"chr13","62179696","62180004","KN294764v1","521033","521343","35","61658663"
"chr13","63374567","63374845","KN294485v1","291791","292070","46","63082776"
"chr13","63574652","63574959","KN297112v1","4194661","4194962","42","59379991"
"chr13","63579453","63579750","KN295249v1","38988","39287","36","63540465"
"chr13","64023731","64023984","KN294991v1","1922083","1922330","49","62101648"
"chr13","64248447","64248761","KN296404v1","1840967","1841270","45","62407480"
"chr13","65563611","65563892","KN297046v1","1054099","1054380","40","64509512"
"chr13","66349581","66349870","KN295038v1","1373077","1373367","44","64976504"
"chr13","67264413","67264718","KN294443v1","739291","739598","38","66525122"
"chr13","68054126","68054414","KN294571v1","489095","489386","40","67565031"
"chr13","68086365","68086679","KN297159v1","3379919","3380233","49","64706446"
"chr13","68124787","68125096","KN296306v1","3374106","3374409","54","64750681"
"chr13","68242414","68242610","KN295326v1","305901","306095","33","67936513"
"chr13","70129584","70129654","KN294372v1","2077882","2077940","15","68051702"
"chr13","70540923","70541233","KN296743v1","245342","245652","47","70295581"
"chr13","70982660","70982963","KN296305v1","568169","568467","46","70414491"
"chr13","71363345","71363644","KN294325v1","671385","671685","40","70691960"
"chr13","71409403","71409638","KN295102v1","1533","1765","43","71407870"
"chr13","71494157","71494444","KN294987v1","346285","346567","39","71147872"
"chr13","71665445","71665748","KN296528v1","1485437","1485734","41","70180008"
"chr13","71675814","71676123","KN294470v1","593518","593826","38","71082296"
"chr13","73120045","73120337","KN295102v1","20527","20821","37","73099518"
"chr13","73239530","73239843","KN296907v1","96512","96823","45","73143018"
"chr13","73477319","73477633","KN294181v1","1655832","1656144","36","71821487"
"chr13","73734433","73734746","KN295984v1","2378672","2378981","47","71355761"
"chr13","74505006","74505298","KN295706v1","150980","151270","42","74354026"
"chr13","75178150","75178458","KN295172v1","272834","273143","38","74905316"
"chr13","75925520","75925827","KN295090v1","2881719","2882025","39","73043801"
"chr13","76063716","76064032","KN296062v1","1286121","1286436","43","74777595"
"chr13","76801262","76801568","KN297229v1","946253","946558","21","75855009"
"chr13","77060729","77061028","KN295666v1","1045930","1046226","36","76014799"
"chr13","77725071","77725365","KN295006v1","702410","702703","27","77022661"
"chr13","77789773","77790071","KN295006v1","637933","638226","27","77151840"
"chr13","78038274","78038571","KN295006v1","399537","399832","20","77638737"
"chr13","78281602","78281881","KN295006v1","158205","158484","21","78123397"
"chr13","80189216","80189509","KN295260v1","1822489","1822791","33","78366727"
"chr13","80195257","80195547","KN295260v1","1828605","1828891","41","78366652"
"chr13","80440410","80440703","KN294172v1","4261970","4262272","39","76178440"
"chr13","80450247","80450352","KN294224v1","992538","992641","21","79457709"
"chr13","80467699","80468006","KN296743v1","245342","245652","28","80222357"
"chr13","80670478","80670779","KN297444v1","854140","854442","35","79816338"
"chr13","81089694","81089998","KN297227v1","1013431","1013731","36","80076263"
"chr13","82142807","82143030","KN296698v1","98867","99095","31","82043940"
"chr13","82773255","82773560","KN294372v1","2580401","2580700","41","80192854"
"chr13","83169778","83170072","KN294790v1","3610703","3611000","43","79559075"
"chr13","83228372","83228665","KN295107v1","1283723","1284018","55","81944649"
"chr13","83251712","83252010","KN297112v1","5826102","5826396","43","77425610"
"chr13","83277885","83277951","KN294991v1","1506488","1506548","10","81771397"
"chr13","84219364","84219668","KN296460v1","130610","130915","45","84088754"
"chr13","84308623","84308920","KN295666v1","1045930","1046226","35","83262693"
"chr13","84486086","84486386","KN295633v1","772567","772864","48","83713519"
"chr13","84567476","84567753","KN296209v1","498309","498590","54","84069167"
"chr13","84888664","84888971","KN294443v1","739291","739598","40","84149373"
"chr13","85415666","85415954","KN294964v1","320180","320478","46","85095486"
"chr13","85865888","85866185","KN294475v1","654913","655211","65","85210975"
"chr13","86118838","86119169","KN294957v1","64569","64891","45","86054269"
"chr13","86412383","86412681","KN296247v1","882084","882381","29","85530299"
"chr13","86536184","86536484","KN294536v1","431967","432266","43","86104217"
"chr13","86605284","86605581","KN296311v1","5551109","5551405","34","81054175"
"chr13","86824287","86824566","KN295607v1","4148434","4148717","37","82675853"
"chr13","86936114","86936222","KN294224v1","992538","992641","20","85943576"
"chr13","86983894","86984199","KN296865v1","1933794","1934101","36","85050100"
"chr13","87476998","87477312","KN294378v1","424125","424437","49","87052873"
"chr13","87803878","87804179","KN295090v1","583930","584231","45","87219948"
"chr13","88090384","88090672","KN297112v1","5826102","5826396","41","82264282"
"chr13","88535138","88535438","KN294521v1","524915","525214","32","88010223"
"chr13","89477978","89478272","KN296311v1","5551109","5551405","35","83926869"
"chr13","89575949","89576252","KN294439v1","300738","301034","38","89275211"
"chr13","89830243","89830509","KN296142v1","353305","353561","45","89476938"
"chr13","90630151","90630440","KN294457v1","1018677","1018971","42","89611474"
"chr13","91282339","91282649","KN295281v1","186868","187179","33","91095471"
"chr13","91442761","91443058","KN297197v1","4305535","4305831","31","87137226"
"chr13","92240683","92240984","KN294372v1","2672577","2672878","45","89568106"
"chr13","92394304","92394612","KN294874v1","619764","620065","37","91774540"
"chr13","92413780","92414078","KN295405v1","492804","493098","36","91920976"
"chr13","92799852","92800129","KN297019v1","932923","933205","41","91866929"
"chr13","92965765","92965987","KN297112v1","3923306","3923518","42","89042459"
"chr13","93912507","93912808","KN295962v1","2405950","2406251","41","91506557"
"chr13","94012617","94012926","KN295261v1","349783","350088","40","93662834"
"chr13","94025455","94025728","KN297046v1","2855852","2856127","42","91169603"
"chr13","94592077","94592363","KN296096v1","2743314","2743604","37","91848763"
"chr13","94672487","94672786","KN296305v1","568169","568467","38","94104318"
"chr13","94686178","94686483","KN296096v1","1800507","1800815","41","92885671"
"chr13","94840447","94840760","KN295533v1","2550969","2551279","38","92289478"
"chr13","95495039","95495346","KN296145v1","2566410","2566719","48","92928629"
"chr13","95570313","95570583","KN295265v1","96575","96861","51","95473738"
"chr13","95624243","95624558","KN296062v1","1513349","1513658","41","94110894"
"chr13","95632915","95633212","KN294911v1","1951668","1951965","37","93681247"
"chr13","95683991","95684293","KN297157v1","244479","244781","39","95439512"
"chr13","95717728","95718018","KN294873v1","586144","586433","36","95131584"
"chr13","95812836","95813134","KN295244v1","451775","452068","31","95361061"
"chr13","95857478","95857694","KN296485v1","371894","372113","37","95485584"
"chr13","95892807","95893109","KN296665v1","123981","124282","39","95768826"
"chr13","97589832","97590131","KN297112v1","5826102","5826396","36","91763730"
"chr13","97603755","97604120","KN295923v1","1950691","1951034","74","95653064"
"chr13","97890377","97890516","KN295096v1","1927679","1927823","21","95962698"
"chr13","98158663","98158960","KN295523v1","2221436","2221738","46","95937227"
"chr13","98218329","98218623","KN295102v1","20527","20821","42","98197802"
"chr13","98316079","98316390","KN294181v1","1837289","1837599","41","96478790"
"chr13","98404266","98404581","KN296743v1","245342","245652","41","98158924"
"chr13","98493126","98493421","KN296322v1","2774012","2774318","38","95719114"
"chr13","98777633","98777916","KN297046v1","1388146","1388432","34","97389487"
"chr13","98930637","98930938","KN295260v1","1828605","1828891","52","97102032"
"chr13","98935434","98935735","KN296322v1","2331544","2331850","32","96603890"
"chr13","99186738","99187010","KN296322v1","2062577","2062849","17","97124161"
"chr13","99451884","99452185","KN294987v1","364320","364620","41","99087564"
"chr13","100023915","100024204","KN296322v1","1201974","1202262","22","98821941"
"chr13","100061591","100061906","KN297452v1","2535334","2535649","40","97526257"
"chr13","100314992","100315265","KN294292v1","132912","133185","38","100182080"
"chr13","100347885","100348184","KN296322v1","883848","884156","31","99464037"
"chr13","100359154","100359427","KN296486v1","463908","464178","55","99895246"
"chr13","100468179","100468465","KN295667v1","595363","595651","47","99872816"
"chr13","100522096","100522403","KN296322v1","711699","712009","29","99810397"
"chr13","100541813","100542125","KN295142v1","809109","809420","39","99732704"
"chr13","100552310","100552612","KN296303v1","354473","354769","34","100197837"
"chr13","100705807","100706106","KN296322v1","519742","520038","29","100186065"
"chr13","102057876","102058222","KN297205v1","435353","435667","91","101622523"
"chr13","102528136","102528442","KN297274v1","1207421","1207728","42","101320715"
"chr13","102758413","102758715","KN295531v1","74200","74508","38","102684213"
"chr13","103644297","103644602","KN294457v1","1018677","1018971","37","102625620"
"chr13","105657810","105658116","KN295523v1","2221436","2221738","38","103436374"
"chr13","105847453","105847766","KN296406v1","76428","76742","40","105771025"
"chr13","106565058","106565381","KN296191v1","1483522","1483838","52","105081536"
"chr13","106639594","106639905","KN296062v1","1286121","1286436","40","105353473"
"chr13","106882648","106882961","KN294193v1","198069","198376","34","106684579"
"chr13","106919385","106919670","KN294848v1","1350361","1350645","44","105569024"
"chr13","106972753","106973060","KN295281v1","186868","187179","44","106785885"
"chr13","107154690","107154988","KN294457v1","1018677","1018971","37","106136013"
"chr13","107294498","107294802","KN294467v1","224171","224477","38","107070327"
"chr13","107699825","107700118","KN295666v1","599906","600199","40","107099919"
"chr13","109060635","109060929","KN297197v1","4305535","4305831","45","104755100"
"chr13","109186007","109186321","KN295523v1","556214","556518","45","108629793"
"chr13","109264965","109265255","KN296311v1","5346181","5346473","39","103918784"
"chr13","109350405","109350698","KN294457v1","1018677","1018971","37","108331728"
"chr13","110110070","110110365","KN295244v1","318312","318607","36","109791758"
"chr13","110323917","110324228","KN297408v1","148474","148782","38","110175443"
"chr13","110543357","110543653","KN294499v1","1816307","1816606","48","108727050"
"chr13","110768560","110768850","KN295596v1","1911422","1911707","40","108857138"
"chr13","111012619","111012920","KN296322v1","2774012","2774318","43","108238607"
"chr13","111462802","111463103","KN294977v1","133969","134282","41","111328833"
"chr13","111717982","111718287","KN296119v1","4487068","4487375","38","107230914"
"chr13","112373845","112374140","KN296062v1","1571490","1571788","49","110802355"
"chr13","112698180","112698478","KN294933v1","809140","809435","42","111889040"
"chr13","112821686","112821975","KN294396v1","453145","453436","40","112368541"
"chr13","113007363","113007683","KN295236v1","2917498","2917811","55","110089865"
"chr13","113110013","113110307","KN294933v1","426549","426843","29","112683464"
"chr13","114366000","114366306","KN296062v1","1571490","1571788","39","112794510"
"chr14","18579387","18579691","KN294187v1","348608","348909","44","18230779"
"chr14","18874509","18874827","KN297154v1","875473","875784","36","17999036"
"chr14","18930552","18930822","KN297190v1","4814922","4815195","42","14115630"
"chr14","19299816","19300113","KN294662v1","177705","178001","34","19122111"
"chr14","19419649","19419941","KN296422v1","129610","129905","38","19290039"
"chr14","19471704","19472016","KN296743v1","245342","245652","46","19226362"
"chr14","19561336","19561669","KN295706v1","150980","151270","78","19410356"
"chr14","19591808","19592117","KN297154v1","875473","875784","38","18716335"
"chr14","19661848","19662121","KN296507v1","428632","428906","50","19233216"
"chr14","19695379","19695688","KN294592v1","1294187","1294491","39","18401192"
"chr14","19719038","19719330","KN296404v1","2965711","2966008","35","16753327"
"chr14","20138339","20138605","KN294893v1","507840","508112","56","19630499"
"chr14","20143617","20143937","KN294856v1","400185","400505","50","19743432"
"chr14","20352054","20352364","KN296594v1","833735","834026","54","19518319"
"chr14","20401575","20401706","KN296153v1","3511382","3511514","18","16890193"
"chr14","20413843","20414132","KN296096v1","2743314","2743604","34","17670529"
"chr14","21446088","21446385","KN294199v1","909895","910191","43","20536193"
"chr14","21614983","21615283","KN295077v1","870181","870478","37","20744802"
"chr14","21683090","21683398","KN294443v1","739291","739598","35","20943799"
"chr14","21724456","21724753","KN296281v1","69164","69458","47","21655292"
"chr14","21847163","21847430","KN297180v1","374964","375232","54","21472199"
"chr14","21876735","21876962","KN296454v1","17768","18002","48","21858967"
"chr14","21931563","21931863","KN297227v1","1013431","1013731","35","20918132"
"chr14","22111696","22111991","KN296311v1","5551109","5551405","32","16560587"
"chr14","22485908","22486221","KN297197v1","1906448","1906757","37","20579460"
"chr14","22649237","22649539","KN296404v1","1840967","1841270","46","20808270"
"chr14","23013981","23014271","KN295592v1","2093136","2093434","33","20920845"
"chr14","23034067","23034373","KN295236v1","2917498","2917811","44","20116569"
"chr14","23059576","23059852","KN296635v1","126740","127032","43","22932836"
"chr14","23321258","23321571","KN296743v1","245342","245652","37","23075916"
"chr14","25105862","25106163","KN297189v1","69425","69735","35","25036437"
"chr14","25666351","25666645","KN296422v1","129610","129905","34","25536741"
"chr14","26313132","26313448","KN295281v1","186868","187179","41","26126264"
"chr14","26568973","26569279","KN295090v1","2881719","2882025","38","23687254"
"chr14","26709797","26710105","KN295090v1","980313","980620","43","25729484"
"chr14","26922792","26923080","KN295405v1","492804","493098","40","26429988"
"chr14","27076846","27077122","KN296590v1","226504","226786","27","26850342"
"chr14","28326951","28327252","KN295362v1","1165497","1165809","47","27161454"
"chr14","28470245","28470536","KN295430v1","2487355","2487647","33","25982890"
"chr14","28618412","28618717","KN294172v1","2441614","2441913","36","26176798"
"chr14","29710497","29710796","KN297242v1","1811589","1811889","31","27898908"
"chr14","29831307","29831607","KN296322v1","2331544","2331850","37","27499763"
"chr14","29874073","29874383","KN296743v1","245342","245652","40","29628731"
"chr14","30018631","30018946","KN297242v1","1474743","1475062","24","28543888"
"chr14","30019507","30019666","KN297259v1","862230","862371","36","29157277"
"chr14","30148938","30149242","KN297242v1","1338899","1339208","30","28810039"
"chr14","30150308","30150594","KN297242v1","1337569","1337862","32","28812739"
"chr14","30163583","30163887","KN294172v1","346409","346717","33","29817174"
"chr14","30335709","30335948","KN297242v1","1162867","1163098","44","29172842"
"chr14","31116114","31116421","KN296847v1","440460","440765","37","30675654"
"chr14","31793212","31793497","KN294509v1","1381965","1382247","15","30411247"
"chr14","31978882","31979197","KN295907v1","1622346","1622658","37","30356536"
"chr14","32181120","32181390","KN294509v1","987957","988228","20","31193163"
"chr14","32978283","32978572","KN295102v1","20527","20821","33","32957756"
"chr14","33395175","33395469","KN294536v1","345039","345332","33","33050136"
"chr14","33434924","33435236","KN297165v1","1212451","1212758","49","32222473"
"chr14","33444082","33444389","KN297138v1","425840","426156","42","33018242"
"chr14","33455804","33456109","KN296925v1","327469","327778","30","33128335"
"chr14","33465772","33466087","KN296167v1","187386","187697","41","33278386"
"chr14","33759521","33759799","KN297046v1","1388146","1388432","36","32371375"
"chr14","33798440","33798736","KN296311v1","5551109","5551405","40","28247331"
"chr14","34022706","34023006","KN295533v1","2478184","2478484","34","31544522"
"chr14","34066332","34066558","KN296311v1","4279008","4279235","39","29787324"
"chr14","34279842","34280149","KN295633v1","300161","300472","37","33979681"
"chr14","34706005","34706317","KN297327v1","356153","356465","41","34349852"
"chr14","34861266","34861545","KN295906v1","275815","276092","27","34585451"
"chr14","34889004","34889299","KN295906v1","306356","306651","18","34582648"
"chr14","35275705","35275991","KN294456v1","620364","620653","38","34655341"
"chr14","36319755","36320054","KN294172v1","2441614","2441913","39","33878141"
"chr14","36407234","36407505","KN294257v1","2460776","2461045","36","33946458"
"chr14","38180294","38180588","KN296063v1","1001562","1001853","32","37178732"
"chr14","38205892","38206203","KN297259v1","42351","42660","38","38163541"
"chr14","38246694","38246952","KN295735v1","641152","641404","39","37605542"
"chr14","38323752","38324059","KN296743v1","245342","245652","34","38078410"
"chr14","38346596","38346745","KN296153v1","1353","1501","23","38345243"
"chr14","38441179","38441473","KN296019v1","305793","306089","38","38135386"
"chr14","38448834","38449134","KN296119v1","3287647","3287934","54","35161187"
"chr14","38474980","38475259","KN296731v1","1377230","1377519","47","37097750"
"chr14","38571460","38571754","KN296538v1","1758586","1758878","43","36812874"
"chr14","38900363","38900454","KN295405v1","1451115","1451207","19","37449248"
"chr14","39822180","39822493","KN295825v1","963011","963322","48","38859169"
"chr14","40360494","40360803","KN296507v1","587426","587738","46","39773068"
"chr14","41027407","41027696","KN296635v1","126740","127032","41","40900667"
"chr14","41651196","41651379","KN296138v1","93122","93299","33","41558074"
"chr14","41662422","41662731","KN296495v1","2280841","2281148","42","39381581"
"chr14","42903688","42904002","KN295907v1","1622346","1622658","35","41281342"
"chr14","43942071","43942148","KN295096v1","584550","584618","19","43357521"
"chr14","43942750","43942968","KN294582v1","164659","164875","51","43778091"
"chr14","44062636","44062917","KN295666v1","242323","242613","50","43820313"
"chr14","44283092","44283376","KN295371v1","312819","313104","39","43970273"
"chr14","45976547","45976840","KN297154v1","1642304","1642599","46","44334243"
"chr14","46570901","46571188","KN295667v1","595363","595651","35","45975538"
"chr14","47017224","47017520","KN296404v1","1130422","1130724","46","45886802"
"chr14","47080406","47080717","KN296096v1","2223591","2223902","36","44856815"
"chr14","47278764","47279067","KN294416v1","327416","327717","43","46951348"
"chr14","48490964","48491293","KN294856v1","400185","400505","52","48090779"
"chr14","48498123","48498405","KN296311v1","5551109","5551405","46","42947014"
"chr14","48557875","48558170","KN295666v1","599906","600199","28","47957969"
"chr14","48590917","48591199","KN297453v1","365151","365431","40","48225766"
"chr14","48609811","48610115","KN295523v1","2221436","2221738","35","46388375"
"chr14","48618015","48618319","KN294172v1","4261970","4262272","35","44356045"
"chr14","48736291","48736560","KN294257v1","2460776","2461045","41","46275515"
"chr14","48775393","48775704","KN295459v1","634986","635295","46","48140407"
"chr14","48833789","48834096","KN295523v1","556214","556518","34","48277575"
"chr14","49016235","49016530","KN295666v1","599906","600199","33","48416329"
"chr14","49175666","49175973","KN297197v1","826059","826368","46","48349607"
"chr14","49305342","49305633","KN295705v1","318789","319084","35","48986553"
"chr14","49413768","49414063","KN295533v1","2478184","2478484","39","46935584"
"chr14","49786907","49787216","KN296743v1","245342","245652","36","49541565"
"chr14","49854512","49854812","KN296404v1","2965711","2966008","30","46888801"
"chr14","50160864","50161137","KN294485v1","291791","292070","42","49869073"
"chr14","50277900","50278205","KN295523v1","556214","556518","41","49721686"
"chr14","50479983","50480284","KN294443v1","739291","739598","44","49740692"
"chr14","50857886","50858183","KN296153v1","1422592","1422886","32","49435294"
"chr14","50942812","50943128","KN296865v1","1933794","1934101","40","49009018"
"chr14","51102827","51103127","KN295717v1","281442","281748","37","50821385"
"chr14","51174634","51174938","KN294439v1","300738","301034","38","50873896"
"chr14","51469122","51469425","KN295671v1","216235","216540","40","51252887"
"chr14","51581917","51581966","KN296883v1","3343846","3343893","5","48238071"
"chr14","51612745","51613045","KN294443v1","739291","739598","44","50873454"
"chr14","51896538","51896825","KN296883v1","3011497","3011783","20","48885041"
"chr14","52972972","52973271","KN296883v1","1902571","1902873","25","51070401"
"chr14","53113755","53113926","KN296498v1","397835","398002","27","52715920"
"chr14","53113966","53114092","KN295601v1","2245378","2245504","15","50868588"
"chr14","53726345","53726622","KN297047v1","2397344","2397638","43","51329001"
"chr14","54172285","54172464","KN296883v1","678066","678244","14","53494219"
"chr14","54248080","54248367","KN296883v1","603581","603872","27","53644499"
"chr14","54286184","54286495","KN296883v1","565178","565480","34","53721006"
"chr14","54429302","54429598","KN296594v1","636925","637224","38","53792377"
"chr14","54543177","54543343","KN295498v1","114768","114933","23","54428409"
"chr14","54830638","54830945","KN294911v1","3875254","3875561","42","50955384"
"chr14","55407162","55407467","KN296305v1","568169","568467","34","54838993"
"chr14","55526444","55526731","KN294964v1","662807","663094","35","54863637"
"chr14","55573017","55573315","KN296305v1","727438","727730","29","54845579"
"chr14","55691362","55691665","KN296305v1","848749","849057","25","54842613"
"chr14","55777541","55777617","KN296305v1","942682","942759","8","54834859"
"chr14","56212673","56212962","KN296508v1","1861452","1861744","31","54351221"
"chr14","56338052","56338363","KN296096v1","2223591","2223902","39","54114461"
"chr14","57036279","57036584","KN295294v1","849337","849645","40","56186942"
"chr14","57085849","57086162","KN295294v1","849337","849645","33","56236512"
"chr14","57359560","57359879","KN294199v1","22718","23041","53","57336842"
"chr14","58932261","58932546","KN294485v1","291791","292070","42","58640470"
"chr14","59364485","59364797","KN294790v1","6452634","6452946","49","52911851"
"chr14","60047237","60047516","KN295236v1","4082902","4083183","36","55964335"
"chr14","60233240","60233369","KN294536v1","1762846","1762968","17","58470394"
"chr14","60617687","60618016","KN297095v1","2153310","2153630","49","58464377"
"chr14","60630199","60630496","KN296096v1","2743314","2743604","45","57886885"
"chr14","60689290","60689595","KN296138v1","116453","116753","40","60572837"
"chr14","62365842","62366139","KN296635v1","2869616","2869919","40","59496226"
"chr14","62404155","62404466","KN295368v1","1059789","1060099","39","61344366"
"chr14","62667725","62668020","KN296404v1","2965711","2966008","32","59702014"
"chr14","62706138","62706441","KN294407v1","707064","707376","44","61999074"
"chr14","62708381","62708694","KN294199v1","22718","23041","50","62685663"
"chr14","62712263","62712387","KN294991v1","753035","753155","21","61959228"
"chr14","62787027","62787297","KN296225v1","56780","57057","53","62730247"
"chr14","62995793","62996108","KN295708v1","2776241","2776551","38","60219552"
"chr14","63146569","63146864","KN294416v1","327416","327717","45","62819153"
"chr14","63224871","63225168","KN294662v1","177705","178001","36","63047166"
"chr14","63339242","63339553","KN294443v1","739291","739598","28","62599951"
"chr14","64274660","64274963","KN294911v1","2469693","2469997","37","61804967"
"chr14","64303402","64303721","KN294262v1","2471856","2472160","46","61831546"
"chr14","64466267","64466574","KN295077v1","564405","564717","35","63901862"
"chr14","64481890","64482185","KN295523v1","2221436","2221738","39","62260454"
"chr14","64621530","64621833","KN294558v1","118505","118813","37","64503025"
"chr14","64770636","64770927","KN295705v1","145822","146116","38","64624814"
"chr14","64887298","64887400","KN297354v1","262541","262645","18","64624757"
"chr14","64984528","64984843","KN295708v1","2776241","2776551","47","62208287"
"chr14","65432965","65433237","KN295368v1","1746189","1746462","38","63686776"
"chr14","65516060","65516356","KN296075v1","554059","554355","44","64962001"
"chr14","66006928","66007240","KN294976v1","231663","231974","29","65775265"
"chr14","66024306","66024593","KN295352v1","59329","59611","46","65964977"
"chr14","66192414","66192733","KN295936v1","797665","797975","42","65394749"
"chr14","66327940","66328231","KN295667v1","2044080","2044374","50","64283860"
"chr14","66403923","66404209","KN294172v1","2351056","2351337","43","64052867"
"chr14","66692322","66692631","KN294287v1","738126","738426","31","65954196"
"chr14","66953203","66953470","KN296606v1","198929","199206","37","66754274"
"chr14","67046402","67046535","KN295758v1","722056","722185","33","66324346"
"chr14","67920306","67920607","KN294873v1","484973","485273","27","67435333"
"chr14","68490490","68490771","KN295697v1","385478","385766","46","68105012"
"chr14","69870791","69871090","KN295892v1","145277","145572","31","69725514"
"chr14","69880710","69881002","KN296311v1","5346181","5346473","33","64534529"
"chr14","69959386","69959702","KN295074v1","341643","341951","37","69617743"
"chr14","70180239","70180539","KN295533v1","2478184","2478484","35","67702055"
"chr14","70283520","70283828","KN296460v1","130610","130915","36","70152910"
"chr14","70441233","70441543","KN296743v1","245342","245652","34","70195891"
"chr14","70959271","70959559","KN295038v1","690102","690395","31","70269169"
"chr14","70963100","70963399","KN295038v1","686255","686566","35","70276845"
"chr14","71375446","71375740","KN296378v1","990926","991230","41","70384520"
"chr14","71894538","71894804","KN294733v1","65842","66110","46","71828696"
"chr14","71915602","71915898","KN294739v1","40571","40852","40","71875031"
"chr14","72460806","72461097","KN294739v1","599901","600196","19","71860905"
"chr14","72514280","72514576","KN295244v1","318312","318607","39","72195968"
"chr14","72560358","72560640","KN296025v1","207864","208148","31","72352494"
"chr14","72604037","72604377","KN294739v1","765643","765948","67","71838394"
"chr14","72964573","72964842","KN296959v1","1187668","1187943","59","71776905"
"chr14","72972794","72973072","KN295906v1","275815","276092","42","72696979"
"chr14","73038246","73038542","KN294439v1","300738","301034","41","72737508"
"chr14","73042684","73042984","KN295607v1","3788993","3789294","35","69253691"
"chr14","73046148","73046368","KN295236v1","2103800","2104006","45","70942348"
"chr14","73053786","73054038","KN294998v1","11914","12182","65","73041872"
"chr14","73253780","73254062","KN295405v1","875237","875520","35","72378543"
"chr14","73288435","73288750","KN295142v1","809109","809420","42","72479326"
"chr14","73294976","73295293","KN296743v1","245342","245652","49","73049634"
"chr14","73355725","73356028","KN297197v1","4305535","4305831","39","69050190"
"chr14","73361113","73361408","KN294536v1","1907658","1907953","38","71453455"
"chr14","73366200","73366477","KN295906v1","275815","276092","40","73090385"
"chr14","73488232","73488552","KN294856v1","400185","400505","43","73088047"
"chr14","73511271","73511566","KN295633v1","161032","161323","33","73350239"
"chr14","73543442","73543740","KN294439v1","300738","301034","33","73242704"
"chr14","73697930","73698242","KN294443v1","739291","739598","42","72958639"
"chr14","73699925","73700205","KN296153v1","2930575","2930860","53","70769350"
"chr14","73705999","73706295","KN295343v1","578867","579161","40","73127132"
"chr14","74441145","74441438","KN294501v1","4415745","4416036","37","70025400"
"chr14","74834287","74834567","KN295424v1","309532","309809","43","74524755"
"chr14","75644399","75644702","KN294650v1","254184","254484","31","75390215"
"chr14","76260010","76260300","KN295706v1","150980","151270","31","76109030"
"chr14","76300701","76300952","KN296062v1","1777245","1777488","41","74523456"
"chr14","76354891","76355193","KN294662v1","177705","178001","43","76177186"
"chr14","76407111","76407440","KN294181v1","1655832","1656144","56","74751279"
"chr14","76472124","76472418","KN296303v1","373645","373940","33","76098479"
"chr14","76608700","76608994","KN297133v1","262973","263267","38","76345727"
"chr14","76958693","76959017","KN295090v1","2881719","2882025","51","74076974"
"chr14","77068625","77068938","KN296004v1","40917","41230","41","77027708"
"chr14","77317317","77317594","KN294239v1","580864","581146","45","76736453"
"chr14","77590177","77590468","KN297159v1","2958759","2959053","42","74631418"
"chr14","77633958","77634254","KN294172v1","2441614","2441913","41","75192344"
"chr14","77661176","77661489","KN294407v1","707064","707376","37","76954112"
"chr14","77787864","77788150","KN295633v1","161032","161323","40","77626832"
"chr14","78203929","78204227","KN295666v1","1045930","1046226","37","77157999"
"chr14","78247603","78247903","KN294372v1","2580401","2580700","40","75667202"
"chr14","78730432","78730685","KN295490v1","389971","390223","38","78340461"
"chr14","79265912","79266214","KN294439v1","300738","301034","36","78965174"
"chr14","80142454","80142760","KN295268v1","78938","79251","35","80063516"
"chr14","80789171","80789464","KN296422v1","129610","129905","27","80659561"
"chr14","81010581","81010614","KN294613v1","100916","100952","8","80909665"
"chr14","81232982","81233278","KN295236v1","3645629","3645922","38","77587353"
"chr14","81382299","81382600","KN294939v1","614638","614935","39","80767661"
"chr14","81456129","81456418","KN296062v1","1571490","1571788","36","79884639"
"chr14","81639258","81639559","KN295729v1","576867","577171","26","81062391"
"chr14","81994848","81995142","KN296063v1","1001562","1001853","39","80993286"
"chr14","83755031","83755337","KN296308v1","429749","430056","43","83325282"
"chr14","83929100","83929418","KN297184v1","790654","790958","54","83138446"
"chr14","84553709","84554021","KN295523v1","2221436","2221738","54","82332273"
"chr14","84847957","84848253","KN294837v1","387266","387564","37","84460691"
"chr14","84928884","84929053","KN294726v1","170871","171036","31","84758013"
"chr14","85374039","85374349","KN297044v1","893411","893712","52","84480628"
"chr14","86101246","86101533","KN295244v1","318312","318607","42","85782934"
"chr14","86994966","86995277","KN296750v1","1057524","1057835","19","85937442"
"chr14","88526993","88527160","KN296883v1","678066","678244","31","87848927"
"chr14","88775174","88775448","KN295930v1","311356","311644","47","88463818"
"chr14","89051460","89051766","KN295708v1","1471221","1471525","40","87580239"
"chr14","89185781","89185948","KN295171v1","190435","190596","27","88995346"
"chr14","89242130","89242438","KN294493v1","393207","393512","46","88848923"
"chr14","89332429","89332740","KN296795v1","438720","439031","38","88893709"
"chr14","89334899","89335200","KN295090v1","1141582","1141886","43","88193317"
"chr14","89412123","89412434","KN294456v1","1570309","1570590","56","87841814"
"chr14","89737011","89737321","KN295236v1","753928","754234","41","88983083"
"chr14","89898313","89898612","KN297197v1","4305535","4305831","38","85592778"
"chr14","89909251","89909566","KN296635v1","3682782","3683079","50","86226469"
"chr14","90100125","90100449","KN295594v1","103351","103682","71","89996774"
"chr14","90240908","90241209","KN295368v1","1855168","1855468","33","88385740"
"chr14","90285415","90285720","KN294457v1","1059434","1059741","40","89225981"
"chr14","90308244","90308538","KN296145v1","881964","882257","29","89426280"
"chr14","90315061","90315346","KN294747v1","654984","655267","40","89660077"
"chr14","90334159","90334442","KN294987v1","346285","346567","34","89987874"
"chr14","90343471","90343778","KN297158v1","576757","577059","38","89766714"
"chr14","90535284","90535571","KN294457v1","1018677","1018971","39","89516607"
"chr14","90554948","90555244","KN297158v1","365261","365556","33","90189687"
"chr14","90743541","90743839","KN294439v1","300738","301034","35","90442803"
"chr14","91110437","91110744","KN295633v1","1132130","1132430","36","89978307"
"chr14","91242178","91242490","KN296322v1","2331544","2331850","30","88910634"
"chr14","91267026","91267329","KN296244v1","376974","377272","34","90890052"
"chr14","91458050","91458335","KN294181v1","774731","775035","46","90683319"
"chr14","91488795","91489105","KN294911v1","2469693","2469997","34","89019102"
"chr14","92226654","92226949","KN294439v1","300738","301034","28","91925916"
"chr14","92535350","92535644","KN296311v1","5346181","5346473","31","87189169"
"chr14","92537753","92538066","KN296311v1","5345840","5346147","40","87191913"
"chr14","92679025","92679329","KN295077v1","388250","388549","36","92290775"
"chr14","92681670","92681964","KN295814v1","769523","769821","33","91912147"
"chr14","93162792","93163129","KN296435v1","227758","228094","48","92935034"
"chr14","93238957","93239256","KN296580v1","116642","116943","32","93122315"
"chr14","93246984","93247276","KN295633v1","161032","161323","38","93085952"
"chr14","93461453","93461742","KN295244v1","451775","452068","40","93009678"
"chr14","93534691","93535001","KN295294v1","849337","849645","37","92685354"
"chr14","93862513","93862808","KN294457v1","1018677","1018971","39","92843836"
"chr14","94242067","94242359","KN294457v1","1018677","1018971","32","93223390"
"chr14","95305706","95306008","KN294592v1","88562","88866","45","95217144"
"chr14","95367327","95367616","KN296079v1","1115350","1115639","32","94251977"
"chr14","95451733","95452036","KN295090v1","2881719","2882025","31","92570014"
"chr14","96136874","96137172","KN295368v1","1855168","1855468","36","94281706"
"chr14","96232668","96232969","KN294457v1","1059434","1059741","50","95173234"
"chr14","96874886","96875191","KN295294v1","849337","849645","36","96025549"
"chr14","98873480","98873760","KN296606v1","198929","199206","34","98674551"
"chr14","98966435","98966724","KN296883v1","3124205","3124494","33","95842230"
"chr14","99609551","99609855","KN296879v1","181889","182179","64","99427662"
"chr14","99673414","99673716","KN296075v1","554059","554355","55","99119355"
"chr14","99807848","99808142","KN295450v1","153301","153603","44","99654547"
"chr14","99888245","99888551","KN296311v1","885064","885374","38","99003181"
"chr14","100104067","100104382","KN296635v1","5110632","5110938","44","94993435"
"chr14","100313309","100313618","KN295735v1","193633","193945","36","100119676"
"chr14","101379927","101380238","KN295294v1","849337","849645","33","100530590"
"chr14","101542927","101543180","KN296577v1","675724","675974","40","100867203"
"chr14","101594786","101595098","KN296673v1","14244","14552","42","101580542"
"chr14","102397524","102397800","KN295070v1","38511","38791","40","102359013"
"chr14","102558288","102558576","KN295666v1","599906","600199","36","101958382"
"chr14","102784802","102785125","KN296191v1","1483522","1483838","66","101301280"
"chr14","102791436","102791612","KN294739v1","833278","833462","30","101958158"
"chr14","102821842","102822153","KN295236v1","1883860","1884167","39","100937982"
"chr14","102914363","102914672","KN295294v1","849337","849645","35","102065026"
"chr14","102970941","102971074","KN297118v1","320216","320340","19","102650725"
"chr14","103216834","103217129","KN295090v1","2881719","2882025","37","100335115"
"chr14","103321328","103321625","KN294172v1","2441614","2441913","38","100879714"
"chr14","103347737","103347898","KN295498v1","114768","114933","25","103232969"
"chr14","103620171","103620439","KN294257v1","2460776","2461045","34","101159395"
"chr14","103621531","103621865","KN294147v1","1519281","1519605","58","102102250"
"chr14","103763891","103764177","KN296620v1","918824","919110","33","102845067"
"chr14","103810119","103810418","KN294416v1","519207","519489","51","103290912"
"chr14","104058308","104058620","KN294977v1","133969","134282","37","103924339"
"chr14","104162085","104162397","KN294790v1","993295","993605","32","103168790"
"chr14","104229768","104230074","KN295294v1","849337","849645","31","103380431"
"chr14","104263223","104263526","KN294874v1","619764","620065","36","103643459"
"chr14","104353865","104354164","KN294147v1","1416224","1416523","43","102937641"
"chr14","104934900","104935210","KN296743v1","245342","245652","35","104689558"
"chr14","105485473","105485770","KN294650v1","254184","254484","34","105231289"
"chr14","105496117","105496413","KN295236v1","3645629","3645922","30","101850488"
"chr14","105558615","105558912","KN295666v1","599906","600199","37","104958709"
"chr14","105865601","105865895","KN296508v1","1861452","1861744","33","104004149"
"chr15","20373137","20373429","KN295666v1","599906","600199","39","19773231"
"chr15","20852899","20853211","KN296075v1","193581","193882","27","20659318"
"chr15","20900956","20901237","KN297008v1","3704335","3704617","37","17196621"
"chr15","21368480","21368774","KN294741v1","2171815","2172117","42","19196665"
"chr15","21402510","21402816","KN295735v1","635748","636056","48","20766762"
"chr15","21458113","21458418","KN296498v1","392214","392512","45","21065899"
"chr15","21533877","21534152","KN295820v1","258888","259166","38","21274989"
"chr15","22265844","22266088","KN297416v1","71048","71290","37","22194796"
"chr15","22316766","22316843","KN294741v1","1527015","1527092","9","20789751"
"chr15","22365869","22366174","KN295102v1","20527","20821","41","22345342"
"chr15","22954303","22954596","KN296096v1","2342383","2342678","39","20611920"
"chr15","23057891","23058091","KN295586v1","5219415","5219623","34","17838476"
"chr15","23059832","23060075","KN295977v1","1257123","1257362","39","21802709"
"chr15","23721556","23721867","KN296833v1","116004","116315","38","23605552"
"chr15","24145444","24145719","KN294893v1","439595","439874","40","23705849"
"chr15","24942211","24942519","KN296732v1","1455446","1455745","48","23486765"
"chr15","24964923","24965208","KN295371v1","35690","35974","32","24929233"
"chr15","25151914","25152213","KN295090v1","2881719","2882025","44","22270195"
"chr15","25498456","25498746","KN295830v1","68193","68492","34","25430263"
"chr15","25517801","25518078","KN296035v1","844275","844552","51","24673526"
"chr15","25711328","25711620","KN295326v1","317964","318263","30","25393364"
"chr15","25799794","25800099","KN294790v1","94668","94968","43","25705126"
"chr15","25802506","25802823","KN295090v1","841424","841742","45","24961082"
"chr15","25830774","25830871","KN295402v1","1251986","1252075","24","24578788"
"chr15","26815380","26815706","KN294558v1","118505","118813","39","26696875"
"chr15","26834753","26835031","KN296096v1","2743314","2743604","46","24091439"
"chr15","27194149","27194458","KN294443v1","739291","739598","38","26454858"
"chr15","27264471","27264591","KN297118v1","320216","320340","17","26944255"
"chr15","27435003","27435309","KN296167v1","360416","360717","49","27074587"
"chr15","28955278","28955573","KN296844v1","117424","117723","32","28837854"
"chr15","29610059","29610350","KN296844v1","747194","747475","32","28862865"
"chr15","29975359","29975662","KN295368v1","1855168","1855468","38","28120191"
"chr15","30194019","30194332","KN295294v1","849337","849645","28","29344682"
"chr15","30240091","30240379","KN294407v1","3200809","3201095","38","27039282"
"chr15","30503041","30503353","KN295077v1","564405","564717","41","29938636"
"chr15","30524931","30525231","KN294856v1","342348","342654","38","30182583"
"chr15","30624049","30624359","KN296743v1","245342","245652","43","30378707"
"chr15","31104276","31104580","KN294182v1","193047","193344","36","30911229"
"chr15","31175134","31175415","KN295352v1","59329","59611","40","31115805"
"chr15","31220545","31220835","KN296588v1","13289","13578","37","31207256"
"chr15","31322196","31322490","KN296062v1","1571490","1571788","40","29750706"
"chr15","31345546","31345847","KN297197v1","4305535","4305831","30","27040011"
"chr15","31451964","31452270","KN295523v1","556214","556518","33","30895750"
"chr15","31739093","31739179","KN295705v1","657665","657751","19","31081428"
"chr15","32020270","32020562","KN294457v1","1018677","1018971","36","31001593"
"chr15","32077602","32077907","KN296460v1","130610","130915","38","31946992"
"chr15","32135633","32135930","KN296180v1","473443","473737","32","31662190"
"chr15","32652155","32652441","KN295077v1","426667","426954","45","32225488"
"chr15","33133023","33133300","KN297046v1","2855852","2856127","33","30277171"
"chr15","33536793","33537066","KN296180v1","1843257","1843527","36","31693536"
"chr15","33580325","33580636","KN296180v1","1884395","1884694","45","31695930"
"chr15","34343717","34344009","KN297154v1","846370","846665","38","33497347"
"chr15","35494941","35495243","KN295294v1","3348137","3348442","37","32146804"
"chr15","35686675","35686982","KN295523v1","2221436","2221738","33","33465239"
"chr15","37103913","37104180","KN294874v1","750115","750390","22","36353798"
"chr15","37227381","37227684","KN294874v1","619764","620065","28","36607617"
"chr15","37433452","37433764","KN294874v1","417401","417713","32","37016051"
"chr15","37715517","37715813","KN294874v1","127755","128058","34","37587762"
"chr15","37760840","37761144","KN295523v1","556214","556518","50","37204626"
"chr15","37814869","37815171","KN294874v1","23921","24240","38","37790948"
"chr15","38105268","38105552","KN296430v1","37971","38266","33","38067297"
"chr15","38288608","38288881","KN295706v1","150980","151270","50","38137628"
"chr15","38288895","38289067","KN295722v1","1499718","1499885","30","36789177"
"chr15","38304210","38304487","KN295667v1","799611","799886","37","37504599"
"chr15","38344085","38344397","KN296743v1","245342","245652","31","38098743"
"chr15","38412924","38413222","KN295045v1","1088023","1088324","42","37324901"
"chr15","38477098","38477363","KN294415v1","178151","178407","53","38298947"
"chr15","38507178","38507473","KN295074v1","1580881","1581175","32","36926297"
"chr15","38598141","38598277","KN295633v1","1436686","1436832","27","37161455"
"chr15","39056282","39056575","KN296305v1","568169","568467","39","38488113"
"chr15","39220226","39220514","KN296430v1","1252258","1252551","28","37967968"
"chr15","39408910","39409206","KN294457v1","1018677","1018971","33","38390233"
"chr15","39534880","39534968","KN295705v1","657665","657751","10","38877215"
"chr15","39595129","39595431","KN295523v1","556214","556518","43","39038915"
"chr15","39596764","39597072","KN296635v1","1699891","1700194","45","37896873"
"chr15","39607285","39607475","KN296677v1","151719","151911","33","39455566"
"chr15","39732265","39732400","KN294569v1","751020","751158","20","38981245"
"chr15","39760131","39760406","KN295371v1","312819","313104","40","39447312"
"chr15","39906902","39907191","KN296062v1","1571490","1571788","50","38335412"
"chr15","40013639","40013768","KN297133v1","991250","991377","24","39022389"
"chr15","40014061","40014230","KN296244v1","817924","818083","22","39196137"
"chr15","40220443","40220750","KN295260v1","1828605","1828891","69","38391838"
"chr15","40223146","40223455","KN295294v1","849337","849645","36","39373809"
"chr15","40604562","40604865","KN296460v1","130610","130915","37","40473952"
"chr15","40776802","40777054","KN295586v1","5256061","5256317","41","35520741"
"chr15","41157293","41157606","KN297047v1","2103989","2104301","48","39053304"
"chr15","41234301","41234579","KN294456v1","1570309","1570590","39","39663992"
"chr15","41303875","41304180","KN295294v1","849337","849645","36","40454538"
"chr15","41444757","41445051","KN296682v1","5272387","5272680","33","36172370"
"chr15","41558735","41559051","KN296738v1","16748","17059","45","41541987"
"chr15","41639072","41639362","KN294527v1","21606","21894","36","41617466"
"chr15","41845093","41845381","KN296079v1","1115350","1115639","40","40729743"
"chr15","41879020","41879312","KN296905v1","195552","195846","43","41683468"
"chr15","42544156","42544201","KN295034v1","775819","775855","16","41768337"
"chr15","42544789","42544873","KN297008v1","5996228","5996313","10","36548561"
"chr15","42720497","42720800","KN295294v1","849337","849645","39","41871160"
"chr15","42803453","42803743","KN297138v1","230274","230565","35","42573179"
"chr15","42958176","42958490","KN295573v1","1295388","1295699","45","41662788"
"chr15","43127396","43127684","KN295110v1","221324","221616","34","42906072"
"chr15","43424202","43424492","KN296158v1","254683","254974","38","43169519"
"chr15","43444827","43445122","KN296153v1","2373972","2374265","41","41070855"
"chr15","44603833","44604142","KN294443v1","739291","739598","39","43864542"
"chr15","45543827","45544116","KN295236v1","4680465","4680758","43","40863362"
"chr15","45580512","45580816","KN294856v1","342348","342654","47","45238164"
"chr15","46295885","46296189","KN295077v1","564405","564717","36","45731480"
"chr15","46299267","46299561","KN294439v1","300738","301034","38","45998529"
"chr15","46492180","46492497","KN296865v1","1933794","1934101","38","44558386"
"chr15","46860666","46860957","KN294614v1","233912","234216","44","46626754"
"chr15","47155807","47156105","KN295315v1","2379093","2379387","37","44776714"
"chr15","47540742","47541050","KN295523v1","2221436","2221738","36","45319306"
"chr15","47650131","47650221","KN296306v1","3337541","3337633","16","44312590"
"chr15","47666913","47667079","KN295171v1","190435","190596","27","47476478"
"chr15","47667193","47667500","KN294613v1","580666","580973","39","47086527"
"chr15","47675979","47676277","KN295294v1","849337","849645","45","46826642"
"chr15","47677264","47677570","KN295523v1","2221436","2221738","35","45455828"
"chr15","47764353","47764638","KN296833v1","353722","354006","39","47410631"
"chr15","47848233","47848538","KN295523v1","556214","556518","36","47292019"
"chr15","48072204","48072508","KN297452v1","2612946","2613256","49","45459258"
"chr15","48085868","48086162","KN295667v1","1698439","1698736","42","46387429"
"chr15","48274571","48274879","KN296146v1","170328","170637","40","48104243"
"chr15","48895881","48896170","KN295205v1","1665908","1666210","34","47229973"
"chr15","49274130","49274427","KN296303v1","354473","354769","34","48919657"
"chr15","49304036","49304350","KN295205v1","1260421","1260725","39","48043615"
"chr15","49699641","49699937","KN294147v1","1298964","1299259","36","48400677"
"chr15","49779971","49780251","KN294650v1","773833","774114","37","49006138"
"chr15","50538987","50539273","KN295205v1","25264","25551","35","50513723"
"chr15","50585010","50585303","KN294216v1","24055","24354","24","50560955"
"chr15","52448335","52448645","KN294193v1","198069","198376","43","52250266"
"chr15","52702663","52702956","KN296311v1","3176858","3177154","34","49525805"
"chr15","52984282","52984559","KN294693v1","160581","160869","40","52823701"
"chr15","53062473","53062641","KN296955v1","127201","127367","30","52935272"
"chr15","53183740","53184022","KN294170v1","92944","93238","40","53090796"
"chr15","53225202","53225487","KN294170v1","133602","133887","26","53091600"
"chr15","53456942","53457239","KN294170v1","360996","361293","33","53095946"
"chr15","53503058","53503370","KN294170v1","418443","418750","36","53084615"
"chr15","54269662","54269970","KN297197v1","1630263","1630561","39","52639399"
"chr15","55273990","55274296","KN295294v1","849337","849645","39","54424653"
"chr15","55996786","55997079","KN296036v1","1045194","1045490","39","54951592"
"chr15","56000834","56000985","KN295564v1","625987","626137","23","55374847"
"chr15","56037071","56037290","KN295523v1","3140974","3141195","45","52896097"
"chr15","56051034","56051342","KN295294v1","849337","849645","34","55201697"
"chr15","56144285","56144591","KN297078v1","68432","68759","93","56075853"
"chr15","56516590","56516877","KN295923v1","639205","639493","36","55877385"
"chr15","56762035","56762340","KN295907v1","1622346","1622658","37","55139689"
"chr15","56898582","56898870","KN294439v1","300738","301034","38","56597844"
"chr15","57130444","57130746","KN295350v1","352594","352893","41","56777850"
"chr15","57295846","57296142","KN297176v1","238646","238944","35","57057200"
"chr15","57360000","57360275","KN297190v1","3269453","3269753","41","54090547"
"chr15","57712505","57712799","KN297190v1","2892080","2892379","35","54820425"
"chr15","57896067","57896362","KN294439v1","300738","301034","38","57595329"
"chr15","59036282","59036584","KN297190v1","1530732","1531039","33","57505550"
"chr15","59052568","59052813","KN297215v1","694653","694889","52","58357915"
"chr15","59206736","59207034","KN296378v1","990926","991230","39","58215810"
"chr15","59537280","59537408","KN296153v1","3511382","3511514","23","56025898"
"chr15","59860738","59861007","KN297190v1","707171","707419","42","59153567"
"chr15","60109503","60109787","KN297165v1","693062","693346","40","59416441"
"chr15","60718817","60719125","KN294172v1","901987","902298","43","59816830"
"chr15","60936829","60937125","KN296404v1","2965711","2966008","27","57971118"
"chr15","61003963","61004268","KN294373v1","543221","543520","42","60460742"
"chr15","61009108","61009374","KN294387v1","2084516","2084785","45","58924592"
"chr15","61013590","61013808","KN296096v1","1230031","1230232","36","59783559"
"chr15","61145202","61145511","KN296062v1","1513349","1513658","42","59631853"
"chr15","61444771","61445087","KN295666v1","599906","600199","52","60844865"
"chr15","61577121","61577181","KN296695v1","95488","95547","8","61481633"
"chr15","61586695","61586996","KN297197v1","1630263","1630561","35","59956432"
"chr15","61684273","61684565","KN296588v1","13289","13578","34","61670984"
"chr15","61717066","61717363","KN296096v1","2342383","2342678","38","59374683"
"chr15","61747502","61747817","KN297046v1","1007338","1007647","42","60740164"
"chr15","61820744","61821028","KN296507v1","428632","428906","51","61392112"
"chr15","61925260","61925568","KN294372v1","1256417","1256721","40","60668843"
"chr15","61990691","61990943","KN295735v1","641152","641404","43","61349539"
"chr15","62188506","62188802","KN297165v1","3298693","3298988","37","58889813"
"chr15","62208404","62208706","KN296096v1","2342383","2342678","36","59866021"
"chr15","62404132","62404442","KN295294v1","849337","849645","42","61554795"
"chr15","62466072","62466367","KN294439v1","300738","301034","39","62165334"
"chr15","62503606","62503877","KN296225v1","483804","484076","43","62019802"
"chr15","62523425","62523528","KN294470v1","523433","523540","19","61999992"
"chr15","62532567","62532873","KN297095v1","2417996","2418306","41","60114571"
"chr15","62692346","62692643","KN295090v1","583930","584231","30","62108416"
"chr15","62884336","62884633","KN295459v1","164910","165209","39","62719426"
"chr15","63023884","63024166","KN295586v1","37948","38244","24","62985936"
"chr15","63204396","63204699","KN295586v1","221423","221724","35","62982973"
"chr15","63403749","63404056","KN295294v1","849337","849645","35","62554412"
"chr15","63444480","63444769","KN294457v1","1018677","1018971","33","62425803"
"chr15","63597107","63597216","KN295814v1","729586","729683","30","62867521"
"chr15","63688814","63688876","KN295586v1","729787","729848","8","62959027"
"chr15","63706779","63707075","KN295586v1","752787","753082","26","62953992"
"chr15","63718788","63719079","KN297026v1","205762","206051","36","63513026"
"chr15","63994559","63994843","KN294443v1","726968","727252","39","63267591"
"chr15","64279773","64280083","KN294911v1","3613098","3613406","41","60666675"
"chr15","64305685","64305973","KN294747v1","1151551","1151840","36","63154134"
"chr15","64371898","64372171","KN297008v1","3704335","3704617","40","60667563"
"chr15","64842211","64842492","KN295586v1","1950719","1950998","24","62891492"
"chr15","64974484","64974767","KN295586v1","2083106","2083388","21","62891378"
"chr15","65251784","65252085","KN295667v1","1698439","1698736","43","63553345"
"chr15","65357199","65357482","KN294777v1","658614","658896","36","64698585"
"chr15","65413014","65413307","KN294634v1","275869","276162","32","65137145"
"chr15","65457540","65457824","KN296833v1","353722","354006","36","65103818"
"chr15","66256821","66257144","KN294303v1","226138","226457","60","66030683"
"chr15","66535445","66535729","KN295586v1","3204702","3204991","28","63330743"
"chr15","66730677","66730971","KN294439v1","300738","301034","35","66429939"
"chr15","67224914","67225207","KN295666v1","599906","600199","31","66625008"
"chr15","67580526","67580838","KN295586v1","4277537","4277833","35","63302989"
"chr15","67659988","67660286","KN297165v1","3298693","3298988","33","64361295"
"chr15","67679085","67679146","KN294499v1","1986575","1986645","13","65692510"
"chr15","68542379","68542655","KN295586v1","5258497","5258774","34","63283882"
"chr15","69335451","69335745","KN295820v1","258888","259166","47","69076563"
"chr15","69397807","69398099","KN296303v1","373645","373940","43","69024162"
"chr15","69570729","69571030","KN295368v1","1855168","1855468","30","67715561"
"chr15","69901294","69901604","KN294899v1","104983","105286","50","69796311"
"chr15","70094955","70095270","KN296201v1","1218737","1219046","42","68876218"
"chr15","70153852","70154152","KN294821v1","89447","89748","36","70064405"
"chr15","70223584","70223891","KN295907v1","1622346","1622658","39","68601238"
"chr15","70529433","70529726","KN295633v1","161032","161323","36","70368401"
"chr15","71015654","71015951","KN294172v1","4261970","4262272","37","66753684"
"chr15","71693443","71693755","KN295523v1","2221436","2221738","40","69472007"
"chr15","72154844","72155143","KN297083v1","432578","432881","29","71722266"
"chr15","72564054","72564368","KN294790v1","6452634","6452946","45","66111420"
"chr15","72726217","72726516","KN295523v1","556214","556518","30","72170003"
"chr15","72801492","72801768","KN296000v1","1093131","1093411","41","71708361"
"chr15","72929817","72930142","KN295236v1","2917498","2917811","57","70012319"
"chr15","72939125","72939410","KN297047v1","2397344","2397638","47","70541781"
"chr15","73077399","73077588","KN295717v1","408666","408835","45","72668733"
"chr15","73079548","73079788","KN297416v1","71048","71290","39","73008500"
"chr15","73097696","73097990","KN295244v1","318312","318607","43","72779384"
"chr15","73204587","73204888","KN296404v1","2412477","2412775","35","70792110"
"chr15","73260474","73260778","KN294479v1","391913","392217","40","72868561"
"chr15","73282056","73282339","KN295706v1","150980","151270","38","73131076"
"chr15","73374502","73374666","KN295241v1","14756","14920","24","73359746"
"chr15","73374973","73375110","KN296311v1","3016211","3016344","11","70358762"
"chr15","73703199","73703484","KN294172v1","4176770","4177051","37","69526429"
"chr15","73915472","73915768","KN297112v1","5826102","5826396","34","68089370"
"chr15","73928028","73928318","KN295667v1","952782","953076","42","72975246"
"chr15","74018859","74019164","KN296864v1","2956551","2956853","49","71062308"
"chr15","74120204","74120505","KN296036v1","1045194","1045490","35","73075010"
"chr15","74559796","74560046","KN297458v1","392729","392960","40","74167067"
"chr15","74635007","74635301","KN297458v1","309297","309603","32","74325710"
"chr15","74799802","74800091","KN294457v1","1018677","1018971","36","73781125"
"chr15","75519978","75520283","KN297083v1","848538","848843","17","74671440"
"chr15","75571671","75571928","KN295382v1","229095","229345","44","75342576"
"chr15","75861501","75861808","KN297095v1","3773761","3774062","43","72087740"
"chr15","75954991","75955283","KN294407v1","3200809","3201095","43","72754182"
"chr15","76126761","76127069","KN295433v1","864270","864578","44","75262491"
"chr15","76260870","76261162","KN294292v1","269090","269388","50","75991780"
"chr15","76286718","76286997","KN296281v1","20578","20863","53","76266140"
"chr15","76716949","76717264","KN295236v1","2465192","2465497","41","74251757"
"chr15","76789706","76790026","KN295923v1","958696","958996","58","75831010"
"chr15","77068689","77069006","KN294837v1","387266","387564","54","76681423"
"chr15","77180198","77180488","KN296508v1","1861452","1861744","31","75318746"
"chr15","77323987","77324294","KN294493v1","393207","393512","37","76930780"
"chr15","77351053","77351348","KN295533v1","2478184","2478484","34","74872869"
"chr15","77709191","77709483","KN295666v1","599906","600199","36","77109285"
"chr15","77724604","77724916","KN295573v1","1295388","1295699","40","76429216"
"chr15","77782282","77782583","KN296732v1","1455446","1455745","29","76326836"
"chr15","77897319","77897632","KN294407v1","707064","707376","42","77190255"
"chr15","77915999","77916285","KN297008v1","3704335","3704617","31","74211664"
"chr15","77917958","77918255","KN294172v1","4261970","4262272","33","73655988"
"chr15","77925370","77925666","KN294439v1","300738","301034","33","77624632"
"chr15","77943894","77944023","KN295735v1","463489","463612","34","77480405"
"chr15","78035142","78035439","KN296594v1","636925","637224","40","77398217"
"chr15","78035757","78036031","KN296290v1","830757","831038","43","77205000"
"chr15","78040195","78040482","KN295633v1","1047268","1047559","36","76992927"
"chr15","78918328","78918614","KN295692v1","3729386","3729674","34","75188942"
"chr15","79060925","79061240","KN294181v1","1655832","1656144","45","77405093"
"chr15","79078497","79078757","KN294523v1","20532","20782","44","79057965"
"chr15","80655573","80655784","KN295735v1","782614","782822","33","79872959"
"chr15","80722083","80722231","KN294569v1","751020","751158","22","79971063"
"chr15","80756337","80756629","KN295075v1","391444","391736","37","80364893"
"chr15","80887028","80887325","KN295963v1","389058","389338","44","80497970"
"chr15","80914880","80915175","KN294439v1","300738","301034","35","80614142"
"chr15","80979976","80980288","KN295075v1","145399","145703","32","80834577"
"chr15","81518939","81519237","KN295102v1","291073","291373","39","81227866"
"chr15","82304551","82304843","KN294372v1","958026","958311","54","81346525"
"chr15","82638975","82639268","KN296503v1","578430","578728","38","82060545"
"chr15","82652832","82653108","KN296732v1","1792478","1792756","48","80860354"
"chr15","82693541","82693843","KN294234v1","1365056","1365353","40","81328485"
"chr15","82715386","82715658","KN295459v1","140500","140772","39","82574886"
"chr15","82837579","82837864","KN296503v1","372552","372841","21","82465027"
"chr15","83074680","83074988","KN295102v1","291073","291373","36","82783607"
"chr15","83210003","83210295","KN294365v1","1191298","1191592","43","82018705"
"chr15","83423850","83424145","KN295610v1","472231","472528","39","82951619"
"chr15","83513772","83514052","KN296991v1","944213","944498","25","82569559"
"chr15","83601731","83602027","KN296921v1","668498","668797","35","82933233"
"chr15","83640447","83640740","KN296635v1","126740","127032","40","83513707"
"chr15","83796167","83796453","KN296991v1","652236","652527","34","83143931"
"chr15","85271267","85271556","KN295596v1","66567","66857","38","85204700"
"chr15","85451380","85451672","KN295345v1","47933","48225","27","85403447"
"chr15","86199214","86199525","KN295236v1","2465192","2465497","39","83734022"
"chr15","86792458","86792737","KN294728v1","1298722","1299008","48","85493736"
"chr15","86922383","86922694","KN294443v1","739291","739598","31","86183092"
"chr15","87099807","87100101","KN297197v1","4305535","4305831","29","82794272"
"chr15","87417919","87418221","KN296594v1","636925","637224","39","86780994"
"chr15","87465123","87465436","KN297205v1","435353","435667","39","87029770"
"chr15","87655042","87655347","KN295294v1","849337","849645","39","86805705"
"chr15","87771289","87771351","KN294407v1","726854","726914","14","87044435"
"chr15","87818915","87819174","KN296138v1","136502","136761","43","87682413"
"chr15","87902501","87902826","KN295090v1","980313","980620","54","86922188"
"chr15","88000001","88000228","KN296157v1","1924601","1924827","36","86075400"
"chr15","88066986","88067307","KN294407v1","1806724","1807035","50","86260262"
"chr15","88074500","88074801","KN294234v1","1365056","1365353","39","86709444"
"chr15","88143120","88143398","KN296761v1","50796","51082","41","88092324"
"chr15","88204797","88205068","KN296292v1","12823","13089","53","88191974"
"chr15","88457540","88457837","KN296305v1","568169","568467","35","87889371"
"chr15","88569913","88570216","KN294467v1","224171","224477","29","88345742"
"chr15","88612570","88612865","KN296508v1","1861452","1861744","32","86751118"
"chr15","88618785","88619087","KN295705v1","318789","319084","46","88299996"
"chr15","88666193","88666495","KN294987v1","538565","538859","53","88127628"
"chr15","88792015","88792329","KN296311v1","885064","885374","33","87906951"
"chr15","88829589","88829891","KN297293v1","497776","498076","41","88331813"
"chr15","90501060","90501350","KN295236v1","3645629","3645922","40","86855431"
"chr15","90508026","90508321","KN295666v1","754657","754955","42","89753369"
"chr15","90616517","90616807","KN296883v1","3011497","3011783","35","87605020"
"chr15","90718397","90718705","KN295459v1","1309454","1309759","60","89408943"
"chr15","90773920","90774227","KN294856v1","342348","342654","38","90431572"
"chr15","90798902","90799186","KN296795v1","351203","351480","43","90447699"
"chr15","91276010","91276316","KN296795v1","833444","833749","33","90442566"
"chr15","91382588","91382881","KN296795v1","941474","941762","25","90441114"
"chr15","91974082","91974364","KN294292v1","132912","133185","46","91841170"
"chr15","92110040","92110331","KN294949v1","669778","670078","32","91440262"
"chr15","92855175","92855442","KN296225v1","483804","484076","51","92371371"
"chr15","94164214","94164456","KN294698v1","101311","101554","42","94062903"
"chr15","94243863","94244176","KN294181v1","1655832","1656144","48","92588031"
"chr15","94637761","94638044","KN295607v1","4148434","4148717","44","90489327"
"chr15","95262503","95262792","KN296520v1","1624939","1625235","37","93637564"
"chr15","95553947","95554270","KN296096v1","2223591","2223902","52","93330356"
"chr15","95821376","95821670","KN295814v1","253207","253496","64","95568169"
"chr15","96383108","96383419","KN295362v1","1165497","1165809","46","95217611"
"chr15","96808855","96809148","KN295315v1","212350","212643","41","96596505"
"chr15","96843990","96844290","KN297159v1","3458145","3458443","37","93385845"
"chr15","96868117","96868414","KN295967v1","550401","550707","38","96317716"
"chr15","97387512","97387828","KN295236v1","5507600","5507912","54","91879912"
"chr15","97890475","97890696","KN295586v1","5219415","5219623","41","92671060"
"chr15","97937258","97937563","KN295708v1","1471221","1471525","44","96466037"
"chr15","98050691","98050991","KN294372v1","2580401","2580700","47","95470290"
"chr15","98052853","98053158","KN296865v1","1933794","1934101","40","96119059"
"chr15","98415639","98415937","KN296404v1","2965711","2966008","46","95449928"
"chr15","98430968","98431040","KN297106v1","1124845","1124919","14","97306123"
"chr15","98637450","98637748","KN294457v1","1018677","1018971","28","97618773"
"chr15","98764573","98764854","KN296795v1","941474","941762","45","97823099"
"chr15","98803312","98803606","KN296404v1","2399857","2400155","41","96403455"
"chr15","98981353","98981658","KN295573v1","1295388","1295699","45","97685965"
"chr15","99232094","99232379","KN297047v1","4130656","4130943","35","95101438"
"chr15","99238887","99239164","KN295666v1","1045930","1046226","44","98192957"
"chr15","99291859","99292148","KN295633v1","772567","772864","45","98519292"
"chr15","99311005","99311301","KN294172v1","4261970","4262272","32","95049035"
"chr15","99314011","99314323","KN294181v1","1655832","1656144","43","97658179"
"chr15","99393651","99393933","KN295352v1","59329","59611","32","99334322"
"chr15","99568446","99568747","KN295077v1","388250","388549","37","99180196"
"chr15","99680406","99680717","KN296167v1","435508","435810","55","99244898"
"chr16","57278288","57278599","KN295923v1","2038233","2038544","27","55240055"
"chr16","179479","179778","KN297008v1","400368","400667","43","220889"
"chr16","206029","206323","KN297008v1","2762343","2762623","73","2556314"
"chr16","316915","317215","KN294378v1","472867","473166","42","155952"
"chr16","447226","447539","KN295236v1","467891","468202","42","20665"
"chr16","476068","476343","KN295820v1","258888","259166","40","217180"
"chr16","761928","762236","KN295090v1","2881719","2882025","36","2119791"
"chr16","852707","853015","KN296404v1","1840967","1841270","39","988260"
"chr16","1631672","1631966","KN295102v1","20527","20821","43","1611145"
"chr16","1680162","1680463","KN297008v1","400368","400667","44","1279794"
"chr16","1988443","1988738","KN296743v1","995691","995989","44","992752"
"chr16","2137324","2137613","KN294439v1","300738","301034","36","1836586"
"chr16","2147579","2147850","KN295308v1","2052385","2052662","55","95194"
"chr16","2183591","2183888","KN294439v1","300738","301034","33","1882853"
"chr16","2429214","2429504","KN294501v1","4415745","4416036","36","1986531"
"chr16","3066729","3067049","KN294199v1","909895","910191","63","2156834"
"chr16","3447828","3448137","KN295523v1","2221436","2221738","34","1226392"
"chr16","3491451","3491754","KN295666v1","1573062","1573363","51","1918389"
"chr16","3511737","3512027","KN297047v1","4130656","4130943","42","618919"
"chr16","3705469","3705782","KN296096v1","2223591","2223902","45","1481878"
"chr16","3708709","3709001","KN296520v1","1624939","1625235","46","2083770"
"chr16","3710229","3710364","KN295633v1","1436686","1436832","32","2273543"
"chr16","3710664","3710804","KN295236v1","1264153","1264285","21","2446511"
"chr16","3728538","3728846","KN295523v1","2221436","2221738","42","1507102"
"chr16","3813065","3813377","KN295533v1","2550969","2551279","39","1262096"
"chr16","3828010","3828146","KN296153v1","546197","546323","42","3281813"
"chr16","3854439","3854728","KN295984v1","2500308","2500598","50","1354131"
"chr16","3937153","3937487","KN295039v1","337903","338224","48","3599250"
"chr16","4228447","4228747","KN296108v1","509706","510008","39","3718741"
"chr16","4523644","4523938","KN296311v1","5551109","5551405","41","1027465"
"chr16","4556024","4556326","KN295523v1","556214","556518","49","3999810"
"chr16","4694373","4694683","KN295236v1","753928","754234","40","3940445"
"chr16","5017216","5017528","KN295294v1","849337","849645","36","4167879"
"chr16","5178494","5178580","KN297153v1","471017","471105","28","4707477"
"chr16","5189330","5189425","KN294739v1","724684","724772","21","4464646"
"chr16","5529784","5530070","KN296096v1","2743314","2743604","39","2786470"
"chr16","5733648","5733949","KN294536v1","431967","432266","39","5301681"
"chr16","6170390","6170639","KN294761v1","1832788","1833012","66","4337602"
"chr16","6286601","6286912","KN294302v1","668198","668499","56","5618403"
"chr16","6531095","6531391","KN295244v1","318312","318607","32","6212783"
"chr16","6873588","6873894","KN297205v1","435353","435667","51","6438235"
"chr16","6878816","6879104","KN295117v1","255146","255434","39","6623670"
"chr16","7084763","7085079","KN295172v1","272834","273143","37","6811929"
"chr16","7428855","7429163","KN296635v1","3682782","3683079","51","3746073"
"chr16","7710971","7711288","KN295022v1","780778","781083","55","6930193"
"chr16","8496005","8496299","KN294457v1","1018677","1018971","44","7477328"
"chr16","8692976","8693255","KN296775v1","923714","923996","49","7769262"
"chr16","8727370","8727673","KN295368v1","1855168","1855468","36","6872202"
"chr16","8813004","8813302","KN294407v1","123512","123801","51","8689492"
"chr16","9049055","9049360","KN296365v1","1687288","1687593","30","7361767"
"chr16","9384413","9384666","KN295112v1","476650","476909","45","8907763"
"chr16","9456451","9456712","KN296453v1","1428497","1428753","47","8027954"
"chr16","9711930","9712245","KN295671v1","216235","216540","45","9495695"
"chr16","9940036","9940347","KN295090v1","2881719","2882025","42","7058317"
"chr16","10389903","10390210","KN296538v1","1804214","1804518","43","8585689"
"chr16","10436085","10436383","KN296538v1","1758586","1758878","37","8677499"
"chr16","10468354","10468649","KN294407v1","1968166","1968465","36","8500188"
"chr16","10539007","10539307","KN295350v1","352594","352893","41","10186413"
"chr16","10544294","10544598","KN295523v1","4218925","4219223","49","6325369"
"chr16","10546887","10547188","KN295459v1","634986","635295","54","9911901"
"chr16","10551076","10551341","KN294657v1","488170","488452","51","10062906"
"chr16","10699294","10699591","KN295077v1","388250","388549","36","10311044"
"chr16","10917346","10917627","KN294911v1","3417560","3417842","40","7499786"
"chr16","10975567","10975865","KN294837v1","387266","387564","40","10588301"
"chr16","11251136","11251394","KN296538v1","973901","974153","33","10277235"
"chr16","11284820","11285118","KN296538v1","940098","940403","26","10344722"
"chr16","11441996","11442304","KN294443v1","739291","739598","33","10702705"
"chr16","11551322","11551636","KN296036v1","1853808","1854116","43","9697514"
"chr16","11590210","11590509","KN294439v1","300738","301034","39","11289472"
"chr16","11617732","11618033","KN296096v1","2342383","2342678","41","9275349"
"chr16","11618788","11618881","KN295402v1","1251986","1252075","27","10366802"
"chr16","11675186","11675477","KN296072v1","83797","84090","44","11591389"
"chr16","11900188","11900422","KN296538v1","326328","326563","20","11573860"
"chr16","12041186","12041481","KN294439v1","300738","301034","26","11740448"
"chr16","12041847","12042164","KN294187v1","1893311","1893633","51","10148536"
"chr16","12198247","12198524","KN294485v1","291791","292070","36","11906456"
"chr16","12234465","12234767","KN295236v1","5507600","5507912","49","6726865"
"chr16","12341998","12342223","KN295571v1","529975","530201","52","11812023"
"chr16","12381669","12381973","KN294571v1","1050804","1051111","43","11330865"
"chr16","12389357","12389663","KN296538v1","18442","18751","37","12370915"
"chr16","12391297","12391603","KN294187v1","348608","348909","40","12042689"
"chr16","12506577","12506862","KN296588v1","13289","13578","29","12493288"
"chr16","12528719","12529023","KN294964v1","1668257","1668556","41","10860462"
"chr16","12557285","12557525","KN295977v1","1257123","1257362","40","11300162"
"chr16","12601211","12601530","KN295893v1","5619291","5619601","40","6981920"
"chr16","13190070","13190381","KN294741v1","1570044","1570346","52","11620026"
"chr16","13270333","13270618","KN295607v1","4148434","4148717","42","9121899"
"chr16","13381120","13381411","KN294245v1","98484","98770","35","13282636"
"chr16","13500651","13500964","KN296146v1","170328","170637","47","13330323"
"chr16","13793588","13793889","KN296019v1","190090","190393","39","13603498"
"chr16","13918081","13918363","KN295236v1","4082902","4083183","37","9835179"
"chr16","13943747","13944017","KN295459v1","140500","140772","39","13803247"
"chr16","14070728","14071003","KN296606v1","198929","199206","38","13871799"
"chr16","14436827","14437143","KN296004v1","40917","41230","34","14395910"
"chr16","14743854","14744161","KN296075v1","205313","205620","26","14538541"
"chr16","14756927","14757226","KN296075v1","193581","193882","38","14563346"
"chr16","14821017","14821344","KN295523v1","520940","521253","68","14300077"
"chr16","15002052","15002357","KN295666v1","314167","314473","37","14687885"
"chr16","15044504","15044793","KN294539v1","1216306","1216596","41","13828198"
"chr16","15750588","15750891","KN295315v1","2379093","2379387","43","13371495"
"chr16","15972619","15972862","KN294378v1","1372190","1372435","24","14600429"
"chr16","16048888","16049200","KN297205v1","435353","435667","33","15613535"
"chr16","16077955","16078248","KN296303v1","373645","373940","47","15704310"
"chr16","17381985","17382281","KN297165v1","3298693","3298988","34","14083292"
"chr16","17637211","17637513","KN297227v1","1013431","1013731","34","16623780"
"chr16","17713493","17713811","KN296580v1","1111291","1111604","38","16602202"
"chr16","19046914","19047202","KN295573v1","1209164","1209448","42","17837750"
"chr16","19120771","19121074","KN294182v1","193047","193344","43","18927724"
"chr16","19224731","19224987","KN294879v1","123578","123838","76","19101153"
"chr16","19234498","19234754","KN296119v1","220472","220721","42","19014026"
"chr16","19286682","19286970","KN296119v1","5183586","5183875","34","14103096"
"chr16","19357873","19358176","KN294303v1","90908","91213","27","19266965"
"chr16","19593473","19593746","KN296588v1","13289","13578","43","19580184"
"chr16","19593975","19594028","KN297078v1","127153","127206","7","19466822"
"chr16","19892202","19892507","KN295523v1","556214","556518","32","19335988"
"chr16","20015077","20015381","KN296225v1","745898","746202","37","19269179"
"chr16","20349871","20350169","KN296404v1","2965711","2966008","36","17384160"
"chr16","20402757","20403043","KN295045v1","762069","762358","41","19640688"
"chr16","20443408","20443704","KN295706v1","150980","151270","41","20292428"
"chr16","20980373","20980415","KN295225v1","524890","524934","4","20455483"
"chr16","20980446","20980461","KN295354v1","125420","125433","4","20855026"
"chr16","21181057","21181365","KN294181v1","1655832","1656144","43","19525225"
"chr16","21244525","21244814","KN294439v1","300738","301034","41","20943787"
"chr16","21258370","21258665","KN294842v1","959846","960139","36","20298524"
"chr16","22456187","22456504","KN297047v1","2103989","2104301","53","20352198"
"chr16","22458963","22459238","KN297259v1","162786","163061","39","22296177"
"chr16","22538711","22539013","KN294172v1","4261970","4262272","41","18276741"
"chr16","22607523","22607637","KN295077v1","540029","540136","21","22067494"
"chr16","22630052","22630360","KN295236v1","1883860","1884167","46","20746192"
"chr16","23078387","23078679","KN296178v1","611876","612166","37","22466511"
"chr16","23284634","23284850","KN295102v1","1533","1765","45","23283101"
"chr16","23617600","23617698","KN294251v1","857605","857696","22","22759995"
"chr16","23818846","23819165","KN294493v1","393207","393512","49","23425639"
"chr16","23829360","23829491","KN296244v1","938186","938327","26","22891174"
"chr16","23933065","23933233","KN295708v1","1597439","1597612","28","22335626"
"chr16","24690641","24690857","KN294987v1","1164602","1164812","43","23526039"
"chr16","25022832","25023142","KN296247v1","292725","293037","29","24730107"
"chr16","25301819","25301932","KN296247v1","17410","17519","20","25284409"
"chr16","25339051","25339353","KN295706v1","150980","151270","43","25188071"
"chr16","25356454","25356753","KN295361v1","983812","984111","31","24372642"
"chr16","25525246","25525494","KN294372v1","1341247","1341494","38","24183999"
"chr16","26019030","26019321","KN297048v1","305838","306132","42","25713192"
"chr16","26019747","26020007","KN295361v1","463073","463334","22","25556674"
"chr16","26739282","26739543","KN295361v1","463073","463334","48","26276209"
"chr16","27241942","27242245","KN294439v1","300738","301034","32","26941204"
"chr16","27384602","27384913","KN294407v1","707064","707376","38","26677538"
"chr16","27641414","27641727","KN296178v1","877978","878288","33","26763436"
"chr16","27716122","27716435","KN295633v1","300161","300472","34","27415961"
"chr16","28039998","28040307","KN296743v1","245342","245652","31","27794656"
"chr16","28151617","28151917","KN296303v1","354473","354769","37","27797144"
"chr16","28166211","28166506","KN295596v1","3080087","3080384","39","25086124"
"chr16","28355032","28355324","KN294387v1","3050275","3050564","34","25304757"
"chr16","28360264","28360556","KN295102v1","20527","20821","42","28339737"
"chr16","29080562","29080790","KN294486v1","1745533","1745773","44","27335029"
"chr16","29271825","29272135","KN295090v1","583930","584231","47","28687895"
"chr16","29301220","29301514","KN296096v1","2342383","2342678","41","26958837"
"chr16","30062610","30062895","KN294229v1","365748","366039","46","29696862"
"chr16","30216513","30216830","KN294767v1","520155","520468","45","29696358"
"chr16","30223650","30223950","KN295368v1","1607315","1607615","44","28616335"
"chr16","30332262","30332562","KN294613v1","255683","255987","21","30076579"
"chr16","30386347","30386630","KN294613v1","211399","211680","21","30174948"
"chr16","30411122","30411432","KN294613v1","187112","187424","32","30224010"
"chr16","30417458","30417785","KN294613v1","180246","180584","35","30237212"
"chr16","30735921","30736233","KN294613v1","600670","600970","38","30135251"
"chr16","30821975","30822051","KN297153v1","1323853","1323933","11","29498122"
"chr16","30996464","30996547","KN296266v1","26261","26336","19","30970203"
"chr16","30996845","30996908","KN297415v1","886015","886073","14","30110830"
"chr16","31047916","31048055","KN295523v1","3875772","3875897","44","27172144"
"chr16","31175291","31175585","KN295706v1","150980","151270","31","31024311"
"chr16","31475754","31476043","KN296145v1","435254","435547","46","31040500"
"chr16","31531624","31531763","KN297047v1","4464482","4464614","18","27067142"
"chr16","31532350","31532524","KN295287v1","43070","43244","25","31489280"
"chr16","31734161","31734470","KN295523v1","556214","556518","47","31177947"
"chr16","45538578","45538870","KN296079v1","1115350","1115639","35","44423228"
"chr16","45641651","45641944","KN295667v1","595363","595651","43","45046288"
"chr16","45733516","45733815","KN294372v1","2580401","2580700","42","43153115"
"chr16","45735833","45736140","KN295244v1","451775","452068","44","45284058"
"chr16","45771285","45771587","KN294650v1","254184","254484","38","45517101"
"chr16","45821142","45821434","KN295923v1","2418053","2418351","39","43403089"
"chr16","45997959","45998269","KN297205v1","435353","435667","37","45562606"
"chr16","46879638","46879933","KN295236v1","4680465","4680758","47","42199173"
"chr16","47141902","47142193","KN296770v1","78926","79217","33","47062976"
"chr16","47234110","47234380","KN295112v1","143484","143749","45","47090626"
"chr16","47321486","47321796","KN295294v1","849337","849645","39","46472149"
"chr16","47368451","47368722","KN295573v1","1209164","1209448","50","46159287"
"chr16","47574495","47574804","KN296322v1","2774012","2774318","43","44800483"
"chr16","47791835","47791998","KN295171v1","190435","190596","32","47601400"
"chr16","47793784","47794062","KN294513v1","492478","492763","43","47301306"
"chr16","47859505","47859805","KN295666v1","1045930","1046226","40","46813575"
"chr16","48141490","48141727","KN296311v1","6934502","6934740","38","41206988"
"chr16","49102533","49102806","KN295236v1","4082902","4083183","35","45019631"
"chr16","49201456","49201750","KN294251v1","954096","954390","48","48247360"
"chr16","49313411","49313718","KN296435v1","113782","114097","46","49199629"
"chr16","51078767","51079061","KN295607v1","4686649","4686942","52","46392118"
"chr16","51424054","51424341","KN297259v1","427512","427791","53","50996542"
"chr16","51699535","51699864","KN295923v1","621393","621694","61","51078142"
"chr16","51955057","51955360","KN295368v1","1607315","1607615","36","50347742"
"chr16","52090244","52090386","KN294454v1","542209","542346","27","51548035"
"chr16","52151232","52151532","KN296921v1","668498","668797","35","51482734"
"chr16","52154669","52154788","KN295236v1","5922919","5923039","15","46231750"
"chr16","52154835","52155014","KN296883v1","678066","678244","34","51476769"
"chr16","52615157","52615468","KN294806v1","124245","124554","24","52490912"
"chr16","52715369","52715671","KN294806v1","239629","239932","34","52475740"
"chr16","52739267","52739376","KN295941v1","2361411","2361517","29","50377856"
"chr16","52867494","52867790","KN294806v1","398308","398605","36","52469186"
"chr16","52978650","52978947","KN294806v1","524327","524627","34","52454323"
"chr16","53098159","53098400","KN296153v1","3908850","3909065","51","49189309"
"chr16","53161399","53161680","KN295371v1","312819","313104","43","52848580"
"chr16","53947227","53947520","KN297279v1","1239283","1239580","29","52707944"
"chr16","54106365","54106676","KN294181v1","1655832","1656144","39","52450533"
"chr16","54203473","54203759","KN295923v1","1537667","1537964","45","52665806"
"chr16","54230597","54230891","KN297279v1","947617","947922","33","53282980"
"chr16","54257592","54257889","KN297279v1","921942","922233","33","53335650"
"chr16","54754135","54754436","KN297279v1","395343","395643","23","54358792"
"chr16","56200583","56200890","KN295923v1","958696","958996","28","55241887"
"chr16","56675444","56675748","KN296306v1","1552937","1553241","37","55122507"
"chr16","56775764","56776068","KN295923v1","1537667","1537964","34","55238097"
"chr16","57191422","57191736","KN297158v1","609393","609708","31","56582029"
"chr16","57258207","57258504","KN295666v1","599906","600199","39","56658301"
"chr16","57386372","57386637","KN296225v1","483804","484076","40","56902568"
"chr16","57486648","57486945","KN295923v1","2250832","2251135","24","55235816"
"chr16","57511298","57511586","KN294964v1","662807","663094","39","56848491"
"chr16","57520185","57520472","KN296864v1","1087186","1087472","45","56432999"
"chr16","57929792","57930100","KN294181v1","1488459","1488767","42","56441333"
"chr16","57956751","57957066","KN294443v1","739291","739598","39","57217460"
"chr16","58086582","58086726","KN296619v1","4481","4621","28","58082101"
"chr16","58111112","58111410","KN296635v1","3682782","3683079","31","54428330"
"chr16","58258858","58259026","KN296726v1","834547","834705","27","57424311"
"chr16","59149115","59149399","KN295633v1","161032","161323","37","58988083"
"chr16","59283215","59283508","KN296145v1","3439277","3439568","30","55843938"
"chr16","59416255","59416321","KN294777v1","651764","651830","14","58764491"
"chr16","59458146","59458376","KN296485v1","371894","372113","37","59086252"
"chr16","59529381","59529673","KN294439v1","300738","301034","34","59228643"
"chr16","59698346","59698655","KN294856v1","342348","342654","38","59355998"
"chr16","59825195","59825498","KN295803v1","677308","677609","40","59147887"
"chr16","60976018","60976318","KN294911v1","4571440","4571737","39","56404578"
"chr16","61886789","61887077","KN296311v1","5346181","5346473","42","56540608"
"chr16","62367040","62367348","KN294373v1","543221","543520","35","61823819"
"chr16","63483832","63484139","KN294467v1","224171","224477","38","63259661"
"chr16","64154619","64154697","KN296096v1","2068825","2068896","15","62085794"
"chr16","64252792","64253086","KN295735v1","1262015","1262303","41","62990777"
"chr16","64505939","64506234","KN295107v1","1283723","1284018","34","63222216"
"chr16","65525606","65525907","KN294290v1","8955","9255","41","65516651"
"chr16","65664868","65665168","KN294172v1","4261970","4262272","41","61402898"
"chr16","65689308","65689619","KN295294v1","849337","849645","40","64839971"
"chr16","65886666","65886979","KN296312v1","419775","420082","36","65466891"
"chr16","65962768","65963064","KN294439v1","300738","301034","27","65662030"
"chr16","66094705","66095004","KN295923v1","958696","958996","27","65136009"
"chr16","66113056","66113351","KN294439v1","300738","301034","40","65812318"
"chr16","66774941","66775060","KN295735v1","463489","463612","16","66311452"
"chr16","66781153","66781452","KN297038v1","159105","159406","51","66622048"
"chr16","66795521","66795816","KN295039v1","307776","308070","38","66487745"
"chr16","67146953","67147226","KN296153v1","663699","663968","41","66483254"
"chr16","67316027","67316347","KN296743v1","245342","245652","47","67070685"
"chr16","67364058","67364379","KN294407v1","707064","707376","60","66656994"
"chr16","67388340","67388641","KN294325v1","671385","671685","44","66716955"
"chr16","67485398","67485697","KN294439v1","300738","301034","37","67184660"
"chr16","67547198","67547402","KN295129v1","1720","1920","62","67545478"
"chr16","67568277","67568342","KN296306v1","3206542","3206604","17","64361735"
"chr16","67585402","67585720","KN296305v1","568169","568467","57","67017233"
"chr16","67597564","67597866","KN296378v1","499347","499645","42","67098217"
"chr16","67713024","67713326","KN295894v1","2318578","2318877","43","65394446"
"chr16","67731745","67732032","KN297319v1","314657","314952","40","67417088"
"chr16","67739860","67739934","KN294147v1","1370524","1370593","16","66369336"
"chr16","67811983","67812253","KN294873v1","765462","765739","47","67046521"
"chr16","67947359","67947672","KN297197v1","826059","826368","47","67121300"
"chr16","68349309","68349383","KN296062v1","753458","753539","17","67595851"
"chr16","68827030","68827340","KN294911v1","2469693","2469997","42","66357337"
"chr16","68862153","68862458","KN294467v1","224171","224477","32","68637982"
"chr16","68886550","68886836","KN295666v1","599906","600199","44","68286644"
"chr16","68911674","68911985","KN296743v1","245342","245652","32","68666332"
"chr16","68967218","68967511","KN295666v1","599906","600199","29","68367312"
"chr16","68986634","68986933","KN294372v1","1816578","1816877","48","67170056"
"chr16","68987053","68987193","KN296619v1","4481","4621","19","68982572"
"chr16","69042286","69042570","KN295315v1","2445620","2445907","42","66596666"
"chr16","69250697","69250905","KN295236v1","2103800","2104006","41","67146897"
"chr16","69272698","69273009","KN295236v1","2465192","2465497","40","66807506"
"chr16","69324980","69325286","KN295523v1","556214","556518","35","68768766"
"chr16","69431689","69432019","KN295487v1","150380","150684","63","69281309"
"chr16","69492398","69492704","KN296864v1","1379763","1380073","39","68112635"
"chr16","69513277","69513567","KN295244v1","318312","318607","38","69194965"
"chr16","69523757","69524041","KN296833v1","353722","354006","35","69170035"
"chr16","69531614","69531921","KN296404v1","1840967","1841270","35","67690647"
"chr16","69638252","69638551","KN295869v1","611129","611435","47","69027123"
"chr16","70251643","70251940","KN294842v1","959846","960139","36","69291797"
"chr16","70439841","70440137","KN294372v1","1816578","1816877","38","68623263"
"chr16","70736332","70736638","KN294172v1","4261970","4262272","34","66474362"
"chr16","71535302","71535605","KN296096v1","2342383","2342678","36","69192919"
"chr16","71573309","71573602","KN296925v1","258503","258798","46","71314806"
"chr16","71599602","71599912","KN294443v1","739291","739598","43","70860311"
"chr16","71615861","71616152","KN296311v1","5346181","5346473","42","66269680"
"chr16","71953450","71953739","KN294485v1","291791","292070","44","71661659"
"chr16","72449586","72449643","KN295820v1","975468","975533","22","71474118"
"chr16","72489291","72489590","KN296303v1","373645","373940","46","72115646"
"chr16","72600542","72600842","KN294705v1","217192","217491","38","72383350"
"chr16","73109216","73109513","KN295294v1","849337","849645","36","72259879"
"chr16","73403493","73403799","KN295090v1","2881719","2882025","43","70521774"
"chr16","73660173","73660477","KN296322v1","2331544","2331850","35","71328629"
"chr16","74092492","74092791","KN296004v1","470801","471102","51","73621691"
"chr16","74171209","74171497","KN296635v1","5238302","5238600","46","68932907"
"chr16","74396102","74396400","KN295236v1","1532582","1532882","40","72863520"
"chr16","74419366","74419670","KN294856v1","342348","342654","42","74077018"
"chr16","74473617","74473922","KN296311v1","5345840","5346147","35","69127777"
"chr16","74506582","74506871","KN295666v1","599906","600199","36","73906676"
"chr16","74553038","74553347","KN296743v1","245342","245652","38","74307696"
"chr16","74722475","74722762","KN297343v1","1949457","1949744","39","72773018"
"chr16","74803772","74804056","KN295930v1","311356","311644","42","74492416"
"chr16","74868547","74868842","KN295244v1","318312","318607","42","74550235"
"chr16","74895653","74895966","KN297159v1","3379919","3380233","34","71515734"
"chr16","74960556","74960874","KN297205v1","435353","435667","34","74525203"
"chr16","75106820","75107094","KN296732v1","1792478","1792756","40","73314342"
"chr16","75227640","75227952","KN294172v1","6901602","6901916","35","68326038"
"chr16","75336863","75337167","KN295281v1","186868","187179","39","75149995"
"chr16","75426289","75426590","KN295090v1","583930","584231","31","74842359"
"chr16","75488785","75489087","KN294439v1","300738","301034","40","75188047"
"chr16","75756730","75757024","KN296305v1","727438","727730","33","75029292"
"chr16","75827274","75827570","KN297190v1","4639539","4639836","33","71187735"
"chr16","76123209","76123496","KN295607v1","4686649","4686942","45","71436560"
"chr16","76532706","76532963","KN295735v1","641152","641404","42","75891554"
"chr16","76670062","76670372","KN296536v1","1183315","1183624","28","75486747"
"chr16","76851102","76851204","KN296187v1","2317035","2317139","25","74534067"
"chr16","77239772","77240061","KN296119v1","5183586","5183875","40","72056186"
"chr16","77348562","77348863","KN296096v1","2342383","2342678","31","75006179"
"chr16","77381328","77381618","KN297047v1","4130656","4130943","42","73250672"
"chr16","77411768","77412076","KN296536v1","460188","460495","25","76951580"
"chr16","77544124","77544416","KN295666v1","599906","600199","35","76944218"
"chr16","77605408","77605698","KN296536v1","267851","268147","34","77337557"
"chr16","77693722","77694033","KN295077v1","564405","564717","46","77129317"
"chr16","78032089","78032397","KN297259v1","42351","42660","52","77989738"
"chr16","78093614","78093736","KN294536v1","1762846","1762968","18","76330768"
"chr16","78367674","78367955","KN295906v1","275815","276092","44","78091859"
"chr16","78584726","78585034","KN295114v1","97982","98291","51","78486744"
"chr16","78664497","78664798","KN297452v1","2174294","2174579","61","76490203"
"chr16","78701583","78701890","KN295531v1","74200","74508","40","78627383"
"chr16","79798757","79799050","KN297319v1","314657","314952","42","79484100"
"chr16","79917687","79917829","KN295871v1","1133038","1133184","27","78784649"
"chr16","80099483","80099776","KN295633v1","161032","161323","41","79938451"
"chr16","80497139","80497445","KN295294v1","849337","849645","38","79647802"
"chr16","80690873","80691163","KN296378v1","860934","861229","42","79829939"
"chr16","80956519","80956819","KN296732v1","2992338","2992633","35","77964181"
"chr16","80963624","80963921","KN294182v1","193047","193344","35","80770577"
"chr16","81111608","81111893","KN297322v1","1323202","1323503","46","79788406"
"chr16","81121456","81121757","KN297322v1","1313687","1313986","26","79807769"
"chr16","81208638","81208944","KN297322v1","1229048","1229357","36","79979590"
"chr16","81277247","81277537","KN294747v1","654984","655267","43","80622263"
"chr16","81464105","81464392","KN296770v1","199276","199560","35","81264829"
"chr16","81777522","81777803","KN297322v1","643718","644004","20","81133804"
"chr16","81875892","81876215","KN296146v1","170328","170637","55","81705564"
"chr16","82016602","82016890","KN295523v1","284656","284944","44","81731946"
"chr16","82044353","82044648","KN294457v1","1018677","1018971","36","81025676"
"chr16","82377397","82377708","KN296119v1","5272025","5272327","53","77105372"
"chr16","82388321","82388621","KN297322v1","22506","22815","31","82365815"
"chr16","82860612","82860943","KN295294v1","849337","849645","58","82011275"
"chr16","83164781","83165077","KN296303v1","354473","354769","40","82810308"
"chr16","83347281","83347574","KN295110v1","221324","221616","50","83125957"
"chr16","83996089","83996385","KN296303v1","373645","373940","38","83622444"
"chr16","84115677","84115986","KN295294v1","849337","849645","49","83266340"
"chr16","84165720","84166010","KN295430v1","2487355","2487647","44","81678365"
"chr16","84241297","84241591","KN296096v1","2743314","2743604","36","81497983"
"chr16","84399707","84400000","KN297112v1","5826102","5826396","37","78573605"
"chr16","84459295","84459603","KN295744v1","299244","299554","44","84160051"
"chr16","84663605","84663875","KN296507v1","428632","428906","45","84234973"
"chr16","84687654","84687955","KN295814v1","769523","769821","40","83918131"
"chr16","84888309","84888605","KN295236v1","3645629","3645922","36","81242680"
"chr16","84899547","84899753","KN296481v1","147133","147307","57","84752414"
"chr16","84906525","84906839","KN296306v1","1552937","1553241","46","83353588"
"chr16","84959634","84959934","KN296404v1","1840967","1841270","96","83118667"
"chr16","84975220","84975545","KN294199v1","22718","23041","53","84952502"
"chr16","85030300","85030437","KN295315v1","245414","245544","28","84784886"
"chr16","85100236","85100530","KN296547v1","1021222","1021514","34","84079014"
"chr16","85105601","85105911","KN296096v1","2223591","2223902","34","82882010"
"chr16","85725004","85725305","KN297444v1","360314","360617","33","85364690"
"chr16","85742893","85743196","KN295090v1","2881719","2882025","40","82861174"
"chr16","86005953","86006242","KN295077v1","426667","426954","40","85579286"
"chr16","86331030","86331119","KN295705v1","657665","657751","18","85673365"
"chr16","86752938","86753231","KN295260v1","414258","414542","57","86338680"
"chr16","86755061","86755358","KN294987v1","1615569","1615864","47","85139492"
"chr16","86809452","86809759","KN296743v1","245342","245652","38","86564110"
"chr16","87364284","87364584","KN294260v1","716175","716471","49","86648109"
"chr16","87379039","87379136","KN296484v1","364768","364860","22","87014271"
"chr16","87424206","87424497","KN296770v1","78926","79217","37","87345280"
"chr16","87631479","87631796","KN296404v1","1840967","1841270","43","85790512"
"chr16","87905750","87906059","KN294443v1","739291","739598","39","87166459"
"chr16","88026085","88026385","KN294182v1","193047","193344","38","87833038"
"chr16","88363560","88363866","KN295803v1","677308","677609","45","87686252"
"chr16","89250451","89250743","KN296290v1","830757","831038","43","88419694"
"chr16","89389522","89389821","KN297197v1","4305535","4305831","34","85083987"
"chr16","89449949","89450249","KN295142v1","809109","809420","44","88640840"
"chr16","89493181","89493476","KN295459v1","164910","165209","37","89328271"
"chr16","89533080","89533163","KN294372v1","2493314","2493391","17","87039766"
"chr16","89774633","89774942","KN295623v1","231150","231457","44","89543483"
"chr16","90139285","90139571","KN295666v1","599906","600199","39","89539379"
"chr16","90237034","90237205","KN296290v1","593470","593637","24","89643564"
"chr16","90286952","90287075","KN295112v1","15296","15417","17","90271656"
"chr16","90418766","90419070","KN294467v1","304772","305068","29","90113994"
"chr17","392038","392355","KN297133v1","297148","297453","39","94890"
"chr17","518382","518662","KN297197v1","4345104","4345386","40","3826722"
"chr17","557536","557841","KN295090v1","2881719","2882025","35","2324183"
"chr17","777083","777394","KN296538v1","2254750","2255046","50","1477667"
"chr17","814614","814919","KN294911v1","2469693","2469997","43","1655079"
"chr17","836334","836639","KN296505v1","1052663","1052967","32","216329"
"chr17","850626","850923","KN294821v1","89447","89748","42","761179"
"chr17","949887","950199","KN297205v1","435353","435667","36","514534"
"chr17","1076211","1076516","KN294172v1","4261970","4262272","37","3185759"
"chr17","1175489","1175740","KN296859v1","1475499","1475752","40","300010"
"chr17","1180547","1180858","KN294407v1","707064","707376","40","473483"
"chr17","1187369","1187670","KN294747v1","1263904","1264208","38","76535"
"chr17","1199898","1200208","KN295977v1","407147","407454","47","792751"
"chr17","1219695","1219991","KN296635v1","126740","127032","36","1092955"
"chr17","1223875","1224180","KN294372v1","2580401","2580700","41","1356526"
"chr17","1248259","1248569","KN294172v1","4261970","4262272","43","3013711"
"chr17","1364118","1364425","KN295236v1","753928","754234","31","610190"
"chr17","1423540","1423836","KN295077v1","388250","388549","41","1035290"
"chr17","1627399","1627693","KN294182v1","193047","193344","39","1434352"
"chr17","1650185","1650487","KN296244v1","807081","807381","40","843104"
"chr17","1670043","1670208","KN296139v1","131898","132065","30","1538145"
"chr17","1862850","1863158","KN295294v1","849337","849645","39","1013513"
"chr17","1982908","1983194","KN297171v1","3364988","3365275","33","1382080"
"chr17","2181853","2182157","KN295294v1","849337","849645","31","1332516"
"chr17","2294735","2295027","KN294421v1","1228170","1228462","44","1066565"
"chr17","2298455","2298759","KN294172v1","4261970","4262272","47","1963515"
"chr17","2337982","2338259","KN294657v1","488170","488452","46","1849812"
"chr17","2542729","2543027","KN294172v1","4261970","4262272","35","1719241"
"chr17","2544596","2544904","KN294172v1","4261970","4262272","34","1717374"
"chr17","2555176","2555460","KN297366v1","616589","616875","35","1938587"
"chr17","2599351","2599648","KN295596v1","3080087","3080384","31","480736"
"chr17","2614877","2615043","KN295564v1","625987","626137","29","1988890"
"chr17","2683365","2683643","KN297180v1","374964","375232","39","2308401"
"chr17","2698862","2699169","KN294548v1","110492","110795","34","2588370"
"chr17","2718343","2718646","KN295090v1","2881719","2882025","27","163376"
"chr17","2742044","2742337","KN294526v1","411463","411755","42","2330581"
"chr17","2776175","2776478","KN295090v1","2881719","2882025","34","105544"
"chr17","2783846","2784146","KN296498v1","392214","392512","29","2391632"
"chr17","2812068","2812242","KN294739v1","833278","833462","40","1978790"
"chr17","2855345","2855647","KN294172v1","4261970","4262272","34","1406625"
"chr17","2884924","2885230","KN294187v1","348608","348909","39","2536316"
"chr17","2967360","2967666","KN295708v1","1786417","1786722","43","1180943"
"chr17","2974092","2974397","KN295090v1","2881719","2882025","43","92373"
"chr17","3109338","3109630","KN294842v1","959846","960139","33","2149492"
"chr17","3174294","3174578","KN294893v1","439595","439874","50","2734699"
"chr17","3293676","3293745","KN295705v1","859351","859420","13","2434325"
"chr17","3472909","3473225","KN296404v1","1840967","1841270","44","1631942"
"chr17","3516768","3517008","KN296311v1","6934502","6934740","34","3417734"
"chr17","3532817","3533121","KN295923v1","958696","958996","33","2574121"
"chr17","3633721","3634033","KN297205v1","197352","197649","45","3436369"
"chr17","3656923","3657225","KN295304v1","46058","46359","34","3610865"
"chr17","3788779","3789081","KN297227v1","1013431","1013731","37","2775348"
"chr17","3906920","3907217","KN294911v1","1951668","1951965","38","1955252"
"chr17","4164238","4164531","KN297046v1","1341031","1341321","36","2823207"
"chr17","4382648","4382942","KN296746v1","5921","6220","35","4376727"
"chr17","4400589","4400661","KN295671v1","54529","54606","15","4346060"
"chr17","4431589","4431899","KN295022v1","780778","781083","41","3650811"
"chr17","4439424","4439698","KN294991v1","1774620","1774900","46","2664804"
"chr17","4444133","4444434","KN295705v1","318789","319084","40","4125344"
"chr17","4469572","4469874","KN295045v1","1088023","1088324","35","3381549"
"chr17","4498626","4498889","KN296743v1","2638206","2638486","55","1860420"
"chr17","4513210","4513514","KN297141v1","152542","152844","31","4360668"
"chr17","4533921","4534220","KN294372v1","2672577","2672878","35","1861344"
"chr17","4653158","4653465","KN295368v1","1370538","1370844","72","3282620"
"chr17","4804514","4804802","KN295671v1","193788","194072","29","4610726"
"chr17","4940530","4940607","KN295671v1","54529","54606","10","4886001"
"chr17","5089192","5089503","KN295294v1","849337","849645","43","4239855"
"chr17","5139694","5139987","KN296153v1","2373972","2374265","33","2765722"
"chr17","5239342","5239653","KN296743v1","398473","398783","45","4840869"
"chr17","5257609","5257893","KN294825v1","213624","213899","41","5043985"
"chr17","5362652","5362981","KN294856v1","400185","400505","60","4962467"
"chr17","5408094","5408402","KN294234v1","1365056","1365353","43","4043038"
"chr17","5470783","5471094","KN295523v1","2221436","2221738","38","3249347"
"chr17","5596108","5596403","KN296948v1","914496","914793","36","4681612"
"chr17","5877041","5877340","KN296378v1","499347","499645","48","5377694"
"chr17","5978475","5978785","KN295294v1","849337","849645","37","5129138"
"chr17","6049420","6049730","KN294977v1","133969","134282","42","5915451"
"chr17","6063924","6064234","KN295984v1","2378672","2378981","51","3685252"
"chr17","6101165","6101431","KN297442v1","2402497","2402757","31","3698668"
"chr17","6239052","6239356","KN297165v1","4109763","4110065","39","2129289"
"chr17","6812574","6812865","KN296311v1","747845","748155","51","6064729"
"chr17","6814770","6815084","KN294470v1","2127954","2128268","44","4686816"
"chr17","7009923","7010035","KN295350v1","907143","907257","8","6102780"
"chr17","7010331","7010538","KN296322v1","586770","586970","38","6423561"
"chr17","7137722","7137947","KN297242v1","308315","308525","36","6829407"
"chr17","7218898","7219202","KN294172v1","4261970","4262272","39","2956928"
"chr17","7467955","7468251","KN295984v1","1996530","1996831","39","5471425"
"chr17","7486500","7486809","KN295523v1","556214","556518","38","6930286"
"chr17","7604076","7604364","KN297048v1","305838","306132","34","7298238"
"chr17","7667452","7667759","KN295706v1","150980","151270","58","7516472"
"chr17","7744072","7744383","KN294949v1","1577610","1577925","42","6166462"
"chr17","7896056","7896351","KN294181v1","1771837","1772133","31","6124219"
"chr17","8221397","8221621","KN294172v1","1754307","1754512","51","6467090"
"chr17","8571592","8571880","KN294187v1","1204659","1204956","41","7366933"
"chr17","8580510","8580609","KN294588v1","2231922","2232008","19","6348588"
"chr17","8885270","8885408","KN294451v1","163074","163214","23","8722196"
"chr17","9047708","9048010","KN297171v1","3842175","3842475","37","5205533"
"chr17","9231597","9231892","KN294439v1","300738","301034","32","8930859"
"chr17","9621473","9621651","KN295692v1","2229933","2230108","29","7391540"
"chr17","9626310","9626416","KN294911v1","2213528","2213629","16","7412782"
"chr17","9626711","9626870","KN294187v1","322635","322801","16","9304076"
"chr17","9792948","9793253","KN294187v1","146897","147191","34","9646051"
"chr17","9803900","9804207","KN294187v1","135434","135733","45","9668466"
"chr17","10055374","10055654","KN296833v1","353722","354006","44","9701652"
"chr17","10391147","10391394","KN296311v1","6934502","6934740","40","3456645"
"chr17","10531709","10532008","KN294378v1","472867","473166","30","10058842"
"chr17","10684184","10684499","KN295461v1","6926","7221","42","10677258"
"chr17","10799158","10799277","KN295154v1","318162","318288","21","10480996"
"chr17","10870725","10871037","KN297205v1","435353","435667","33","10435372"
"chr17","11047329","11047594","KN295685v1","1163544","1163804","63","9883785"
"chr17","11273303","11273605","KN294457v1","1018677","1018971","36","10254626"
"chr17","11312368","11312667","KN295596v1","1653699","1653998","43","9658669"
"chr17","11322543","11322842","KN296883v1","1902571","1902873","37","9419972"
"chr17","11433250","11433562","KN295871v1","667156","667468","41","10766094"
"chr17","11822825","11823123","KN296404v1","2965711","2966008","40","8857114"
"chr17","12300649","12300907","KN297148v1","335667","335939","50","11964982"
"chr17","12447063","12447357","KN296305v1","568169","568467","31","11878894"
"chr17","12485121","12485390","KN297105v1","2773760","2774037","48","9711361"
"chr17","12604809","12605109","KN296795v1","1484132","1484433","46","11120677"
"chr17","12721780","12722087","KN297205v1","435353","435667","43","12286427"
"chr17","13119151","13119459","KN295871v1","667156","667468","37","12451995"
"chr17","13273407","13273704","KN296732v1","1455446","1455745","35","11817961"
"chr17","13319025","13319332","KN296311v1","5345840","5346147","37","7973185"
"chr17","13330087","13330377","KN295236v1","4680465","4680758","47","8649622"
"chr17","13475987","13476290","KN294439v1","300738","301034","60","13175249"
"chr17","13738009","13738317","KN296743v1","245342","245652","40","13492667"
"chr17","13971926","13972226","KN296404v1","2412477","2412775","39","11559449"
"chr17","14022713","14022792","KN296266v1","26261","26336","10","13996452"
"chr17","14023085","14023237","KN294713v1","612984","613133","28","13410101"
"chr17","14145303","14145549","KN296311v1","6934502","6934740","37","7210801"
"chr17","14178002","14178310","KN296865v1","1933794","1934101","38","12244208"
"chr17","14226962","14227024","KN297171v1","2550417","2550479","9","11676545"
"chr17","14271550","14271615","KN294991v1","1506488","1506548","13","12765062"
"chr17","14463870","14463991","KN295735v1","463489","463612","19","14000381"
"chr17","14597534","14597666","KN296635v1","2256493","2256628","22","12341041"
"chr17","14597965","14598126","KN297154v1","932035","932199","28","13665930"
"chr17","14602350","14602662","KN295236v1","753928","754234","38","13848422"
"chr17","14609774","14610056","KN294592v1","120925","121212","24","14488849"
"chr17","14667569","14667649","KN295671v1","54529","54606","17","14613040"
"chr17","14672696","14673004","KN297203v1","1114855","1115163","44","13557841"
"chr17","14703900","14704202","KN297008v1","400368","400667","40","14303532"
"chr17","14704215","14704322","KN295077v1","540029","540136","14","14164186"
"chr17","14786437","14786735","KN294592v1","312680","312981","28","14473757"
"chr17","14820056","14820325","KN294387v1","2084516","2084785","43","12735540"
"chr17","15042226","15042287","KN294498v1","475029","475087","15","14567197"
"chr17","15320032","15320344","KN296743v1","2012835","2013130","45","13307197"
"chr17","15352268","15352555","KN296263v1","762065","762346","53","14590203"
"chr17","15352586","15352604","KN294410v1","3296","3313","4","15349290"
"chr17","15435672","15435969","KN294592v1","981710","982010","31","14453962"
"chr17","15526594","15526884","KN295923v1","639205","639493","46","14887389"
"chr17","15536098","15536432","KN294592v1","1078856","1079183","42","14457242"
"chr17","15584986","15585298","KN294592v1","1129901","1130208","24","14455085"
"chr17","15609289","15609455","KN294911v1","2708547","2708716","29","12900742"
"chr17","15679491","15679786","KN294475v1","654913","655211","37","15024578"
"chr17","15722945","15723232","KN295706v1","150980","151270","38","15571965"
"chr17","15810761","15811058","KN294911v1","1951668","1951965","33","13859093"
"chr17","15817307","15817608","KN294592v1","1366519","1366825","20","14450788"
"chr17","15842744","15843033","KN297442v1","1643699","1644000","43","14199045"
"chr17","15867083","15867390","KN297008v1","5155918","5156226","44","10711165"
"chr17","15943694","15943990","KN296311v1","3176858","3177154","43","12766836"
"chr17","16103574","16103886","KN296096v1","2223591","2223902","41","13879983"
"chr17","16359520","16359834","KN294373v1","919251","919563","41","15440269"
"chr17","17113639","17113945","KN296743v1","245342","245652","40","16868297"
"chr17","17301728","17302037","KN295907v1","644623","644928","42","16657105"
"chr17","17335494","17335792","KN295236v1","1532582","1532882","41","15802912"
"chr17","17536433","17536650","KN296442v1","752599","752819","35","16783834"
"chr17","17541252","17541419","KN295498v1","114768","114933","26","17426484"
"chr17","17618011","17618290","KN295114v1","83185","83456","55","17534826"
"chr17","17651107","17651387","KN296588v1","13289","13578","37","17637818"
"chr17","17794617","17794908","KN294470v1","593518","593826","52","17201099"
"chr17","18001944","18002248","KN295523v1","556214","556518","38","17445730"
"chr17","18142296","18142390","KN295705v1","657665","657751","22","17484631"
"chr17","18168110","18168425","KN295294v1","849337","849645","40","17318773"
"chr17","18300627","18300783","KN296654v1","153614","153769","23","18147013"
"chr17","18316113","18316424","KN297205v1","435353","435667","38","17880760"
"chr17","18404341","18404649","KN294443v1","739291","739598","34","17665050"
"chr17","18418751","18419047","KN294499v1","1970854","1971150","33","16447897"
"chr17","18526171","18526474","KN296357v1","459129","459433","32","18067042"
"chr17","18680217","18680536","KN294987v1","445994","446306","48","18234223"
"chr17","18698638","18698783","KN294158v1","30645","30788","33","18667993"
"chr17","18759034","18759286","KN295257v1","1588850","1589107","52","17170184"
"chr17","18762301","18762597","KN295077v1","426667","426954","34","18335634"
"chr17","18919625","18919922","KN295666v1","599906","600199","38","18319719"
"chr17","19271837","19272160","KN297138v1","425840","426156","42","18845997"
"chr17","19859359","19859654","KN294257v1","1866130","1866430","25","17993229"
"chr17","19921785","19922084","KN296498v1","392214","392512","28","19529571"
"chr17","20210934","20211231","KN294662v1","177705","178001","55","20033229"
"chr17","20416024","20416320","KN294378v1","472867","473166","40","19943157"
"chr17","20796746","20797056","KN295294v1","849337","849645","33","19947409"
"chr17","20827937","20828219","KN297019v1","932923","933205","33","19895014"
"chr17","21216216","21216513","KN297197v1","1630263","1630561","36","19585953"
"chr17","21428565","21428877","KN295294v1","849337","849645","41","20579228"
"chr17","21448241","21448550","KN296460v1","130610","130915","47","21317631"
"chr17","21555545","21555861","KN296191v1","1483522","1483838","51","20072023"
"chr17","21571479","21571784","KN294372v1","1256417","1256721","41","20315062"
"chr17","21651403","21651717","KN295523v1","2221436","2221738","51","19429967"
"chr17","21821775","21822073","KN296153v1","2373972","2374265","40","19447803"
"chr17","22154292","22154585","KN296594v1","636925","637224","43","21517367"
"chr17","22347775","22348051","KN294485v1","291791","292070","43","22055984"
"chr17","23705551","23705858","KN295087v1","71015","71308","44","23634536"
"chr17","24628132","24628398","KN297227v1","101411","101676","37","24526721"
"chr17","24661547","24661855","KN296926v1","780452","780747","35","23881095"
"chr17","24790137","24790444","KN296926v1","916099","916412","29","23874038"
"chr17","25341968","25342274","KN295666v1","1573062","1573363","41","23768906"
"chr17","25519779","25520077","KN297032v1","372818","373121","36","25146961"
"chr17","25567350","25567653","KN294439v1","300738","301034","50","25266612"
"chr17","25646002","25646211","KN296311v1","7758854","7759054","45","17887148"
"chr17","25836386","25836681","KN294949v1","347431","347727","50","25488955"
"chr17","25899274","25899557","KN294987v1","346285","346567","37","25552989"
"chr17","25925693","25925984","KN297320v1","1622296","1622585","32","24303397"
"chr17","26096826","26097127","KN295893v1","6059032","6059335","40","20037794"
"chr17","26097333","26097644","KN296062v1","1513349","1513658","38","24583984"
"chr17","26255843","26256155","KN295142v1","809109","809420","34","25446734"
"chr17","26270268","26270582","KN296000v1","280677","280986","47","25989591"
"chr17","26780636","26780932","KN296263v1","88457","88750","26","26692179"
"chr17","26899866","26900170","KN296263v1","224653","224954","30","26675213"
"chr17","27647435","27647733","KN296263v1","983495","983788","28","26663940"
"chr17","28121844","28122145","KN297293v1","497776","498076","33","27624068"
"chr17","28437242","28437541","KN295304v1","46058","46359","35","28391184"
"chr17","28512958","28513259","KN295484v1","487266","487564","39","28025692"
"chr17","28527331","28527446","KN296075v1","314216","314321","40","28213115"
"chr17","28527759","28527917","KN296654v1","153614","153769","20","28374145"
"chr17","28916925","28917234","KN294172v1","4261970","4262272","44","24654955"
"chr17","28988884","28989194","KN294181v1","1655832","1656144","39","27333052"
"chr17","29075646","29075952","KN296934v1","523491","523793","33","28552155"
"chr17","29356222","29356529","KN296153v1","618839","619148","40","28737383"
"chr17","29733447","29733758","KN294181v1","1655832","1656144","40","28077615"
"chr17","30252036","30252295","KN295286v1","56861","57120","59","30195175"
"chr17","34845234","34845544","KN297157v1","244479","244781","35","34600755"
"chr17","35135354","35135642","KN296040v1","950807","951097","43","34184547"
"chr17","35535865","35536175","KN294409v1","1038861","1039173","47","34497004"
"chr17","36031239","36031520","KN296210v1","455958","456239","43","35575281"
"chr17","36120948","36121243","KN294181v1","913596","913892","42","35207352"
"chr17","36123066","36123347","KN296606v1","198929","199206","37","35924137"
"chr17","36266544","36266674","KN297190v1","522471","522575","36","35744073"
"chr17","36310759","36311067","KN297444v1","657624","657928","40","35653135"
"chr17","36368615","36368903","KN294407v1","3200809","3201095","40","33167806"
"chr17","36561557","36561867","KN295719v1","122219","122525","27","36439338"
"chr17","36566815","36567106","KN295666v1","599906","600199","28","35966909"
"chr17","36719030","36719323","KN295114v1","54685","54985","28","36664345"
"chr17","36764325","36764636","KN295114v1","97982","98291","23","36666343"
"chr17","36805370","36805672","KN296311v1","5346181","5346473","43","31459189"
"chr17","36910080","36910389","KN296167v1","360416","360717","35","36549664"
"chr17","37042308","37042485","KN295287v1","43070","43244","39","36999238"
"chr17","37042526","37042557","KN297106v1","726027","726055","8","36316499"
"chr17","37043098","37043386","KN295294v1","130722","131013","39","36912376"
"chr17","37329848","37330164","KN297028v1","65856","66163","40","37263992"
"chr17","37886021","37886317","KN296311v1","5346181","5346473","30","32539840"
"chr17","37937963","37938277","KN294326v1","652356","652655","37","37285607"
"chr17","38228951","38229242","KN295091v1","2391563","2391867","53","35837388"
"chr17","38598805","38599110","KN294326v1","16737","17041","30","38582068"
"chr17","38628496","38628817","KN294181v1","1655832","1656144","46","36972664"
"chr17","38659300","38659605","KN295294v1","849337","849645","37","37809963"
"chr17","38803165","38803419","KN296394v1","102579","102835","28","38700586"
"chr17","38850579","38850877","KN296394v1","44176","44478","31","38806403"
"chr17","38987605","38987892","KN296311v1","5346181","5346473","51","33641424"
"chr17","39123869","39124191","KN294181v1","1655832","1656144","42","37468037"
"chr17","39295292","39295587","KN296685v1","671","965","27","39294621"
"chr17","41693102","41693400","KN296404v1","1840967","1841270","38","39852135"
"chr17","41778581","41778889","KN295236v1","753928","754234","40","41024653"
"chr17","41796652","41796948","KN297190v1","4639539","4639836","34","37157113"
"chr17","41799019","41799293","KN296290v1","830757","831038","37","40968262"
"chr17","41833326","41833622","KN296609v1","2156791","2157086","35","39676535"
"chr17","41971500","41971793","KN296609v1","2017343","2017640","33","39954157"
"chr17","42040876","42041177","KN294893v1","439595","439874","66","41601281"
"chr17","42425796","42425953","KN296654v1","153614","153769","16","42272182"
"chr17","42726709","42727030","KN294790v1","993295","993605","43","41733414"
"chr17","43299782","43300073","KN296609v1","751438","751734","26","42548344"
"chr17","43347612","43347919","KN294443v1","739291","739598","36","42608321"
"chr17","43433679","43433977","KN296609v1","612525","612829","33","42821154"
"chr17","43509133","43509468","KN296609v1","535789","536099","58","42973344"
"chr17","43610675","43610975","KN297205v1","197352","197649","31","43413323"
"chr17","43804441","43804739","KN294837v1","387266","387564","34","43417175"
"chr17","44142292","44142598","KN295523v1","2221436","2221738","43","41920856"
"chr17","44184391","44184702","KN294790v1","993295","993605","35","43191096"
"chr17","44592613","44592922","KN294493v1","393207","393512","48","44199406"
"chr17","45573510","45573811","KN295090v1","2881719","2882025","35","42691791"
"chr17","45704742","45705034","KN295706v1","150980","151270","37","45553762"
"chr17","45706726","45706784","KN296880v1","68591","68650","10","45638135"
"chr17","45726403","45726721","KN297320v1","2011211","2011528","38","43715192"
"chr17","45809298","45809581","KN295371v1","35690","35974","32","45773608"
"chr17","45840429","45840720","KN294439v1","300738","301034","42","45539691"
"chr17","45892488","45892762","KN294987v1","346285","346567","42","45546203"
"chr17","45981065","45981363","KN296036v1","1045194","1045490","36","44935871"
"chr17","46038550","46038859","KN296460v1","130610","130915","37","45907940"
"chr17","46081518","46081792","KN294257v1","2460776","2461045","34","43620742"
"chr17","46150161","46150470","KN295907v1","1622346","1622658","43","44527815"
"chr17","46427987","46428281","KN295592v1","2037246","2037532","37","44390741"
"chr17","46494577","46494863","KN294439v1","300738","301034","36","46193839"
"chr17","46599717","46600005","KN296157v1","3976746","3977041","40","42622971"
"chr17","46612973","46613266","KN295236v1","612873","613167","35","46000100"
"chr17","46613878","46614164","KN296588v1","13289","13578","33","46600589"
"chr17","46631857","46632154","KN296062v1","1571490","1571788","34","45060367"
"chr17","46662531","46662863","KN294856v1","400185","400505","54","46262346"
"chr17","46688555","46688869","KN295294v1","849337","849645","38","45839218"
"chr17","46736216","46736519","KN294747v1","1263904","1264208","41","45472312"
"chr17","46794575","46794878","KN295375v1","114875","115176","29","46679700"
"chr17","46825853","46826144","KN295755v1","110864","111155","37","46714989"
"chr17","46903576","46903872","KN294439v1","300738","301034","35","46602838"
"chr17","47004334","47004630","KN296096v1","1838666","1838962","33","45165668"
"chr17","47005686","47005845","KN295571v1","499361","499515","26","46506325"
"chr17","47027187","47027480","KN296311v1","5346181","5346473","31","41681006"
"chr17","47045291","47045595","KN295596v1","3183520","3183823","35","43861771"
"chr17","47092615","47092932","KN295968v1","98325","98641","41","46994290"
"chr17","47140012","47140203","KN294172v1","1604931","1605105","36","45535081"
"chr17","47156925","47157239","KN294339v1","168795","169110","38","46988130"
"chr17","47192532","47192843","KN295077v1","564405","564717","35","46628127"
"chr17","47327722","47328013","KN295706v1","150980","151270","34","47176742"
"chr17","47431995","47432306","KN297153v1","565384","565694","39","46866611"
"chr17","47687657","47687939","KN294456v1","1570309","1570590","33","46117348"
"chr17","47951946","47952249","KN294443v1","739291","739598","30","47212655"
"chr17","48272705","48273004","KN295350v1","795286","795586","25","47477419"
"chr17","48288528","48288826","KN295244v1","451775","452068","39","47836753"
"chr17","48338400","48338702","KN294874v1","619764","620065","33","47718636"
"chr17","48567568","48567857","KN295706v1","150980","151270","28","48416588"
"chr17","49177983","49178278","KN295923v1","958696","958996","33","48219287"
"chr17","49209596","49209907","KN294443v1","739291","739598","42","48470305"
"chr17","49753925","49754068","KN295096v1","1927679","1927823","21","47826246"
"chr17","50060209","50060304","KN295894v1","637442","637535","18","49422767"
"chr17","50273337","50273636","KN294457v1","1018677","1018971","34","49254660"
"chr17","51138455","51138751","KN294457v1","1018677","1018971","34","50119778"
"chr17","52200274","52200584","KN296743v1","245342","245652","39","51954932"
"chr17","53221923","53222219","KN295039v1","307776","308070","27","52914147"
"chr17","54063702","54063994","KN295692v1","1571517","1571802","49","52492185"
"chr17","54380342","54380653","KN295172v1","272834","273143","41","54107508"
"chr17","54418378","54418683","KN295090v1","2881719","2882025","38","51536659"
"chr17","54473710","54474014","KN297105v1","1333695","1333999","42","53140015"
"chr17","54909234","54909517","KN294705v1","88883","89167","32","54820351"
"chr17","54944739","54945046","KN296119v1","122145","122450","53","54822594"
"chr17","55819998","55820323","KN295394v1","975651","975961","60","54844347"
"chr17","55841588","55841892","KN295573v1","1261890","1262202","33","54579698"
"chr17","56176882","56177187","KN296322v1","2331544","2331850","30","53845338"
"chr17","56351365","56351674","KN296635v1","5238302","5238600","49","51113063"
"chr17","56636970","56637264","KN294842v1","959846","960139","35","55677124"
"chr17","56866054","56866349","KN295102v1","20527","20821","34","56845527"
"chr17","56869091","56869318","KN296884v1","1433769","1434003","45","55435322"
"chr17","57092211","57092526","KN296145v1","432751","433058","36","56659460"
"chr17","57323289","57323581","KN297023v1","929783","930072","27","56393506"
"chr17","57482573","57482874","KN294874v1","619764","620065","36","56862809"
"chr17","57499741","57499816","KN295893v1","21090","21160","22","57478651"
"chr17","57719336","57719627","KN294446v1","433460","433755","40","57285876"
"chr17","57800310","57800615","KN294493v1","393207","393512","37","57407103"
"chr17","57851274","57851578","KN295523v1","2221436","2221738","28","55629838"
"chr17","58090210","58090506","KN295343v1","578867","579161","40","57511343"
"chr17","58144619","58144907","KN296588v1","13289","13578","46","58131330"
"chr17","58159899","58160196","KN294850v1","49705","50009","42","58110194"
"chr17","58272704","58272941","KN296698v1","98867","99095","48","58173837"
"chr17","58651142","58651443","KN295633v1","156560","156854","30","58494582"
"chr17","58657336","58657632","KN295633v1","161032","161323","19","58496304"
"chr17","58687201","58687512","KN294790v1","993295","993605","41","57693906"
"chr17","58753040","58753342","KN295633v1","261733","262032","24","58491307"
"chr17","58804910","58805216","KN294911v1","2469693","2469997","33","56335217"
"chr17","59714952","59715246","KN294842v1","959846","960139","37","58755106"
"chr17","59717253","59717561","KN295633v1","2192031","2192328","30","57525222"
"chr17","59725088","59725373","KN295633v1","2185959","2186235","35","57539129"
"chr17","59746493","59746793","KN295633v1","2162162","2162462","33","57584331"
"chr17","59808483","59808788","KN294372v1","2672577","2672878","34","57135906"
"chr17","59852632","59852934","KN295633v1","2059490","2059802","34","57793142"
"chr17","59928931","59929226","KN295633v1","1984423","1984716","23","57944508"
"chr17","60061156","60061455","KN295633v1","1858235","1858531","27","58202921"
"chr17","60203523","60203827","KN295523v1","2887577","2887883","43","57315946"
"chr17","60472050","60472362","KN294987v1","152903","153215","33","60319147"
"chr17","60659807","60659972","KN295633v1","1233098","1233272","28","59426709"
"chr17","60828987","60829282","KN295107v1","1283723","1284018","38","59545264"
"chr17","60844933","60845248","KN295294v1","849337","849645","39","59995596"
"chr17","61105305","61105606","KN295735v1","201487","201780","46","60903818"
"chr17","61110232","61110546","KN296422v1","129610","129905","47","60980622"
"chr17","61117870","61118153","KN295633v1","754297","754580","32","60363573"
"chr17","61139391","61139700","KN296484v1","1016396","1016694","49","60122995"
"chr17","61186130","61186425","KN295666v1","599906","600199","32","60586224"
"chr17","61191410","61191698","KN295533v1","2478184","2478484","39","58713226"
"chr17","61368397","61368696","KN296594v1","636925","637224","44","60731472"
"chr17","61382443","61382753","KN295394v1","975651","975961","40","60406792"
"chr17","61693169","61693464","KN295430v1","2487355","2487647","29","59205814"
"chr17","61706410","61706700","KN294613v1","583948","584237","33","61122462"
"chr17","61958339","61958636","KN295244v1","318312","318607","34","61640027"
"chr17","62248904","62249207","KN296306v1","1552937","1553241","42","60695967"
"chr17","62446509","62446803","KN297197v1","4305535","4305831","43","58140974"
"chr17","62724629","62724861","KN296305v1","830964","831190","39","61893665"
"chr17","63033991","63034148","KN295236v1","4903371","4903529","32","58130620"
"chr17","63034174","63034291","KN297190v1","1041571","1041704","24","61992603"
"chr17","63077884","63078166","KN295244v1","318312","318607","45","62759572"
"chr17","63306671","63306980","KN294326v1","652356","652655","43","62654315"
"chr17","63395165","63395463","KN296096v1","2342383","2342678","42","61052782"
"chr17","63511385","63511685","KN295967v1","550401","550707","41","62960984"
"chr17","63551622","63551896","KN294570v1","177638","177914","35","63373984"
"chr17","63625868","63626173","KN295294v1","849337","849645","38","62776531"
"chr17","63650674","63650981","KN296743v1","245342","245652","37","63405332"
"chr17","63708144","63708440","KN297319v1","314657","314952","36","63393487"
"chr17","63727378","63727678","KN296063v1","182569","182836","74","63544809"
"chr17","64058774","64058933","KN296654v1","153614","153769","27","63905160"
"chr17","64157423","64157720","KN294378v1","1295027","1295323","45","62862396"
"chr17","64163984","64164149","KN294187v1","322635","322801","24","63841349"
"chr17","64215074","64215370","KN296096v1","1838666","1838962","38","62376408"
"chr17","64328688","64328994","KN295893v1","178302","178608","38","64150386"
"chr17","64490889","64491151","KN297442v1","822414","822676","37","63668475"
"chr17","64621042","64621335","KN297190v1","4639539","4639836","45","59981503"
"chr17","64645488","64645780","KN295601v1","1321296","1321586","36","63324192"
"chr17","64780542","64780843","KN294439v1","300738","301034","36","64479804"
"chr17","65343412","65343707","KN295523v1","2221436","2221738","60","63121976"
"chr17","65387971","65388256","KN297242v1","2994815","2995099","33","62393156"
"chr17","65481949","65482244","KN295666v1","599906","600199","40","64882043"
"chr17","65488637","65488922","KN295430v1","2487355","2487647","31","63001282"
"chr17","65513912","65514212","KN296486v1","163955","164261","44","65349957"
"chr17","65573052","65573414","KN296191v1","1483522","1483838","92","64089530"
"chr17","65621811","65622140","KN294199v1","22718","23041","64","65599093"
"chr17","65647238","65647396","KN296654v1","153614","153769","25","65493624"
"chr17","65647430","65647554","KN296547v1","1738556","1738682","17","63908874"
"chr17","65720658","65720955","KN297197v1","4305535","4305831","34","61415123"
"chr17","65876306","65876612","KN296062v1","1513349","1513658","40","64362957"
"chr17","66013832","66014146","KN294407v1","1806724","1807035","39","64207108"
"chr17","66086880","66087163","KN297008v1","2762343","2762623","48","63324537"
"chr17","66207260","66207570","KN295744v1","299244","299554","40","65908016"
"chr17","66478375","66478681","KN297047v1","2103989","2104301","45","64374386"
"chr17","66548998","66549305","KN294443v1","739291","739598","37","65809707"
"chr17","66923897","66924191","KN295236v1","3645629","3645922","33","63278268"
"chr17","67186874","67187168","KN294182v1","193047","193344","36","66993827"
"chr17","67553634","67553800","KN296498v1","397835","398002","23","67155799"
"chr17","67889697","67889995","KN294821v1","89447","89748","34","67800250"
"chr17","68415401","68415646","KN296538v1","1457481","1457725","40","66957920"
"chr17","68706051","68706357","KN296365v1","1687288","1687593","48","67018763"
"chr17","68724905","68725198","KN295814v1","1105297","1105592","40","67619608"
"chr17","68793064","68793358","KN297138v1","230274","230565","34","68562790"
"chr17","69182665","69182952","KN296404v1","2965711","2966008","42","66216954"
"chr17","70036368","70036690","KN295596v1","477905","478225","42","69558463"
"chr17","70336089","70336390","KN294521v1","524915","525214","38","69811174"
"chr17","70349359","70349670","KN295294v1","849337","849645","40","69500022"
"chr17","70718823","70719109","KN295294v1","1260280","1260565","44","69458543"
"chr17","70902158","70902471","KN295077v1","564405","564717","47","70337753"
"chr17","71507515","71507829","KN295692v1","212234","212508","82","71295281"
"chr17","71576833","71577119","KN294987v1","346285","346567","29","71230548"
"chr17","72037820","72038122","KN295294v1","849337","849645","39","71188483"
"chr17","72395280","72395592","KN295294v1","849337","849645","35","71545943"
"chr17","72555825","72556130","KN294193v1","566484","566786","34","71989341"
"chr17","72627330","72627628","KN296743v1","245342","245652","34","72381988"
"chr17","72628375","72628673","KN294172v1","4261970","4262272","35","68366405"
"chr17","72891260","72891561","KN294193v1","803031","803328","32","72088229"
"chr17","73077069","73077379","KN294193v1","992618","992926","27","72084451"
"chr17","73754794","73755091","KN294837v1","387266","387564","33","73367528"
"chr17","73788597","73788909","KN295077v1","564405","564717","39","73224192"
"chr17","73893390","73893698","KN294650v1","254184","254484","39","73639206"
"chr17","73958520","73958823","KN296096v1","2342383","2342678","33","71616137"
"chr17","74470044","74470134","KN295753v1","279661","279750","22","74190383"
"chr17","74624958","74625238","KN295586v1","1950719","1950998","36","72674239"
"chr17","74670682","74670945","KN297319v1","541687","541946","57","74128995"
"chr17","74681571","74681868","KN294899v1","104983","105286","52","74576588"
"chr17","74688583","74688696","KN294416v1","397178","397288","15","74291405"
"chr17","74722698","74722760","KN297094v1","75794","75851","8","74646904"
"chr17","74782320","74782620","KN294439v1","300738","301034","26","74481582"
"chr17","74800427","74800730","KN296775v1","754705","755004","44","74045722"
"chr17","74921511","74921812","KN294372v1","2672577","2672878","36","72248934"
"chr17","74933713","74934012","KN296404v1","2412477","2412775","38","72521236"
"chr17","75360202","75360499","KN295102v1","20527","20821","33","75339675"
"chr17","75687349","75687626","KN297008v1","3704335","3704617","30","71983014"
"chr17","76293931","76294211","KN295607v1","4148434","4148717","35","72145497"
"chr17","76332902","76333215","KN295671v1","216235","216540","44","76116667"
"chr17","76401963","76402271","KN294790v1","94668","94968","46","76307295"
"chr17","76486221","76486466","KN294582v1","164659","164875","55","76321562"
"chr17","76489501","76489809","KN295236v1","1883860","1884167","37","74605641"
"chr17","76496346","76496656","KN297442v1","2741303","2741611","46","73755043"
"chr17","76662303","76662609","KN294499v1","1816307","1816606","38","74845996"
"chr17","76722734","76723024","KN295405v1","492804","493098","40","76229930"
"chr17","76731242","76731537","KN295205v1","936165","936460","33","75795077"
"chr17","76735526","76735806","KN297121v1","161380","161653","40","76574146"
"chr17","76873051","76873141","KN295894v1","637442","637535","12","76235609"
"chr17","76904781","76905085","KN297112v1","6344019","6344321","37","70560762"
"chr17","76912006","76912317","KN297046v1","1007338","1007647","42","75904668"
"chr17","77020551","77020878","KN295236v1","1696270","1696595","40","75324281"
"chr17","77092225","77092521","KN295459v1","164910","165209","40","76927315"
"chr17","77279369","77279672","KN295294v1","849337","849645","40","76430032"
"chr17","77562999","77563328","KN296743v1","2422226","2422560","55","75140773"
"chr17","77882046","77882355","KN296743v1","245342","245652","37","77636704"
"chr17","77908777","77909054","KN295705v1","145822","146116","49","77762955"
"chr17","77927975","77928257","KN297019v1","932923","933205","36","76995052"
"chr17","78002583","78002890","KN295907v1","1622346","1622658","38","76380237"
"chr17","78334328","78334642","KN295533v1","2550969","2551279","41","75783359"
"chr17","78882345","78882625","KN295906v1","275815","276092","49","78606530"
"chr17","79044169","79044478","KN295708v1","2776241","2776551","35","76267928"
"chr17","79229542","79229840","KN296404v1","2965711","2966008","39","76263831"
"chr17","79367445","79367735","KN294429v1","167857","168149","30","79199588"
"chr17","79373087","79373400","KN294443v1","739291","739598","42","78633796"
"chr17","79373718","79373933","KN297096v1","9914","10132","28","79363804"
"chr17","79581375","79581690","KN296507v1","587426","587738","39","78993949"
"chr17","79642582","79642898","KN297205v1","435353","435667","36","79207229"
"chr17","80473166","80473238","KN294879v1","472982","473063","12","80000184"
"chr17","80530438","80530731","KN296404v1","2965711","2966008","32","77564727"
"chr17","80648520","80648810","KN295988v1","700038","700328","34","79948482"
"chr17","80709081","80709376","KN296865v1","1933794","1934101","44","78775287"
"chr17","81107499","81107787","KN295294v1","130722","131013","49","80976777"
"chr17","81307774","81308078","KN296004v1","470801","471102","47","80836973"
"chr17","81356393","81356691","KN294439v1","300738","301034","34","81055655"
"chr17","81661372","81661609","KN295102v1","1533","1765","40","81659839"
"chr17","81809120","81809430","KN295671v1","216235","216540","40","81592885"
"chr17","82046081","82046395","KN294407v1","707064","707376","35","81339017"
"chr17","82717151","82717443","KN297319v1","314657","314952","35","82402494"
"chr17","82811831","82812142","KN295077v1","564405","564717","39","82247426"
"chr17","82850498","82850628","KN296955v1","725975","726109","17","82124523"
"chr17","83049861","83050166","KN295236v1","753928","754234","35","82295933"
"chr17","83223210","83223509","KN294439v1","300738","301034","37","82922472"
"chr18","29359897","29360189","KN297038v1","1106402","1106697","38","28253495"
"chr18","2819170","2819316","KN294451v1","163074","163214","16","2656096"
"chr18","4621054","4621356","KN297112v1","5826102","5826396","20","1205048"
"chr18","4798330","4798642","KN294407v1","707064","707376","38","4091266"
"chr18","5342072","5342368","KN297112v1","6499420","6499720","24","1157348"
"chr18","5461941","5462163","KN294493v1","328451","328673","41","5133490"
"chr18","5647686","5647977","KN295984v1","2500308","2500598","38","3147378"
"chr18","5660633","5660930","KN297112v1","6823364","6823663","32","1162731"
"chr18","6237547","6237840","KN296311v1","5551109","5551405","38","686438"
"chr18","6256825","6257125","KN297112v1","5506979","5507284","44","749846"
"chr18","6529832","6530130","KN297444v1","360314","360617","31","6169518"
"chr18","7323760","7324044","KN297112v1","4492953","4493238","29","2830807"
"chr18","7497655","7497976","KN297112v1","4314213","4314521","29","3183442"
"chr18","7528720","7529019","KN294172v1","4261970","4262272","36","3266750"
"chr18","7639521","7639835","KN297112v1","4194661","4194962","38","3444860"
"chr18","7802057","7802351","KN294662v1","177705","178001","34","7624352"
"chr18","7943925","7944214","KN294439v1","300738","301034","40","7643187"
"chr18","8060883","8061203","KN294856v1","400185","400505","54","7660698"
"chr18","8163540","8163842","KN295708v1","1543178","1543480","36","6620362"
"chr18","8928688","8929002","KN297112v1","2960102","2960413","37","5968586"
"chr18","9398341","9398617","KN295666v1","1072665","1072949","43","8325676"
"chr18","9458563","9458711","KN297156v1","23134","23279","24","9435429"
"chr18","9654371","9654669","KN297112v1","2277855","2278150","35","7376516"
"chr18","9812619","9812912","KN297112v1","2124975","2125270","25","7687644"
"chr18","9857260","9857572","KN297112v1","2071910","2072223","40","7785350"
"chr18","10039282","10039584","KN294372v1","2154125","2154431","39","7885157"
"chr18","10342112","10342406","KN297112v1","1589651","1589951","36","8752461"
"chr18","10460573","10460859","KN297112v1","1484294","1484581","29","8976279"
"chr18","11988170","11988461","KN296311v1","5346181","5346473","35","6641989"
"chr18","12301835","12302127","KN296508v1","1861452","1861744","46","10440383"
"chr18","12551183","12551481","KN296305v1","568169","568467","46","11983014"
"chr18","12972467","12972755","KN294457v1","1018677","1018971","43","11953790"
"chr18","12980230","12980517","KN297046v1","1054099","1054380","43","11926131"
"chr18","13080933","13081209","KN294407v1","2623542","2623823","34","10457391"
"chr18","13280516","13280674","KN295498v1","114768","114933","39","13165748"
"chr18","13398505","13398802","KN295244v1","318312","318607","35","13080193"
"chr18","13577444","13577736","KN295368v1","1855168","1855468","46","11722276"
"chr18","13943352","13943664","KN294457v1","1059434","1059741","43","12883918"
"chr18","14021007","14021299","KN295633v1","1847059","1847355","43","12173948"
"chr18","14081831","14082123","KN297197v1","4305535","4305831","33","9776296"
"chr18","14088332","14088625","KN295666v1","599906","600199","37","13488426"
"chr18","14181091","14181392","KN294439v1","300738","301034","35","13880353"
"chr18","14261298","14261590","KN294207v1","843400","843694","40","13417898"
"chr18","14831709","14831865","KN295717v1","1336620","1336780","33","13495089"
"chr18","15698239","15698529","KN296770v1","78926","79217","46","15619313"
"chr18","15749207","15749498","KN294499v1","1821976","1822269","31","13927231"
"chr18","15781477","15781539","KN296495v1","1661947","1662006","10","14119530"
"chr18","15833583","15833858","KN294987v1","346285","346567","46","15487298"
"chr18","16307749","16307851","KN297259v1","981245","981342","17","15326504"
"chr18","16332692","16333011","KN294451v1","698577","698890","32","15634115"
"chr18","16552608","16552908","KN294451v1","926288","926590","31","15626320"
"chr18","16594324","16594627","KN295523v1","556214","556518","41","16038110"
"chr18","16659670","16659926","KN294451v1","1024809","1025042","36","15634861"
"chr18","16733017","16733310","KN294705v1","2200725","2201020","28","14532292"
"chr18","16897228","16897518","KN294451v1","1259168","1259459","20","15638060"
"chr18","17035661","17035953","KN295596v1","3080087","3080384","44","13955574"
"chr18","17276135","17276429","KN294181v1","1655832","1656144","51","15620303"
"chr18","17487112","17487425","KN295907v1","1622346","1622658","37","15864766"
"chr18","17533096","17533399","KN295368v1","1059789","1060099","38","16473307"
"chr18","17794541","17794851","KN297038v1","758591","758902","39","17035950"
"chr18","17829492","17829788","KN297165v1","3298693","3298988","30","14530799"
"chr18","17840611","17840903","KN295706v1","150980","151270","30","17689631"
"chr18","18066667","18066955","KN294705v1","929881","930175","41","17136786"
"chr18","18095858","18096164","KN296865v1","1933794","1934101","35","16162064"
"chr18","18117875","18118175","KN297197v1","1630263","1630561","32","16487612"
"chr18","18270196","18270506","KN295236v1","1883860","1884167","37","16386336"
"chr18","18337036","18337351","KN294181v1","1655832","1656144","36","16681204"
"chr18","18488493","18488762","KN295257v1","1588850","1589107","41","16899643"
"chr18","18515502","18515806","KN296378v1","990926","991230","40","17524576"
"chr18","18625656","18625962","KN296062v1","1513349","1513658","43","17112307"
"chr18","18626138","18626451","KN296743v1","245342","245652","39","18380796"
"chr18","18773483","18773780","KN297197v1","1630263","1630561","30","17143220"
"chr18","18800093","18800395","KN294911v1","2261925","2262231","36","16538168"
"chr18","18989560","18989852","KN295045v1","1002653","1002946","40","17986907"
"chr18","19259351","19259634","KN296833v1","353722","354006","31","18905629"
"chr18","19272557","19272836","KN295371v1","312819","313104","43","18959738"
"chr18","19960836","19961144","KN296865v1","1933794","1934101","52","18027042"
"chr18","19966663","19966952","KN296178v1","611876","612166","45","19354787"
"chr18","20063472","20063780","KN297047v1","2103989","2104301","40","17959483"
"chr18","20105766","20106052","KN295923v1","639205","639493","38","19466561"
"chr18","20288010","20288314","KN295294v1","849337","849645","36","19438673"
"chr18","20345349","20345638","KN294439v1","300738","301034","38","20044611"
"chr18","20391124","20391461","KN297019v1","324037","324355","66","20067087"
"chr18","20507463","20507839","KN294728v1","885687","886066","106","19621776"
"chr18","20540719","20541026","KN295459v1","634986","635295","40","19905733"
"chr18","20552657","20552803","KN294713v1","612984","613133","26","19939673"
"chr18","20754129","20754278","KN294713v1","612984","613133","19","20141145"
"chr18","21073277","21073588","KN294443v1","739291","739598","35","20333986"
"chr18","21121404","21121704","KN294987v1","1615569","1615864","38","19505835"
"chr18","21167430","21167737","KN296119v1","3232560","3232848","62","17934870"
"chr18","21271730","21272013","KN295923v1","958696","958996","52","20313034"
"chr18","21287205","21287493","KN296831v1","646525","646816","36","20640680"
"chr18","21724432","21724729","KN294271v1","1082376","1082665","31","20642056"
"chr18","21989019","21989331","KN294271v1","809224","809526","35","21179795"
"chr18","22581865","22582171","KN294271v1","214257","214568","35","22367608"
"chr18","22762263","22762574","KN296743v1","245342","245652","38","22516921"
"chr18","23117330","23117554","KN296485v1","371894","372113","39","22745436"
"chr18","23178479","23178776","KN294439v1","300738","301034","36","22877741"
"chr18","23400193","23400497","KN294591v1","330981","331282","31","23069212"
"chr18","23417163","23417284","KN294175v1","151478","151601","20","23265685"
"chr18","24297910","24298204","KN295523v1","2221436","2221738","40","22076474"
"chr18","24585729","24586005","KN294501v1","4415745","4416036","36","20169984"
"chr18","25134167","25134481","KN297205v1","435353","435667","44","24698814"
"chr18","25596626","25596916","KN295825v1","3473769","3474064","56","22122857"
"chr18","26627965","26628282","KN297205v1","435353","435667","44","26192612"
"chr18","27957537","27957736","KN295236v1","2103800","2104006","34","25853737"
"chr18","27996059","27996362","KN294501v1","988974","989292","38","27007085"
"chr18","28649534","28649828","KN296305v1","568169","568467","41","28081365"
"chr18","28698869","28699164","KN294182v1","193047","193344","42","28505822"
"chr18","28738316","28738600","KN294501v1","224548","224822","46","28513768"
"chr18","29623685","29623983","KN294728v1","1107981","1108277","47","28515704"
"chr18","30468702","30468990","KN295420v1","192549","192848","40","30276153"
"chr18","31537650","31537962","KN295375v1","1548013","1548325","30","29989637"
"chr18","31763473","31763770","KN294325v1","671385","671685","43","31092088"
"chr18","31810856","31811148","KN294421v1","1228170","1228462","39","30582686"
"chr18","32210310","32210598","KN295375v1","869867","870144","26","31340443"
"chr18","32958660","32958976","KN295523v1","556214","556518","46","32402446"
"chr18","32977832","32978129","KN296404v1","2965711","2966008","33","30012121"
"chr18","32980401","32980704","KN295375v1","115337","115624","36","32865064"
"chr18","32980865","32981165","KN295375v1","114875","115176","26","32865990"
"chr18","32992307","32992615","KN297165v1","1212451","1212758","36","31779856"
"chr18","33121123","33121436","KN294588v1","4035","4347","37","33117088"
"chr18","33189475","33189782","KN295523v1","2221436","2221738","43","30968039"
"chr18","33458034","33458325","KN295077v1","426667","426954","31","33031367"
"chr18","33764367","33764597","KN295102v1","1533","1765","40","33762834"
"chr18","34517940","34518242","KN296154v1","3769741","3770038","42","30748199"
"chr18","34797727","34798020","KN294588v1","1712226","1712521","29","33085501"
"chr18","36154808","36155109","KN294439v1","300738","301034","41","35854070"
"chr18","36667330","36667633","KN297205v1","435353","435667","50","36231977"
"chr18","36797321","36797634","KN294911v1","2261925","2262231","36","34535396"
"chr18","37221385","37221692","KN295708v1","2776241","2776551","43","34445144"
"chr18","37571013","37571241","KN296698v1","98867","99095","54","37472146"
"chr18","38289514","38289793","KN297008v1","3704335","3704617","39","34585179"
"chr18","38951150","38951481","KN296883v1","926230","926542","57","38024920"
"chr18","39041863","39042175","KN296004v1","40917","41230","40","39000946"
"chr18","39801384","39801661","KN296096v1","2743314","2743604","44","37058070"
"chr18","40262614","40262746","KN296290v1","446627","446768","23","39815987"
"chr18","40338486","40338814","KN294856v1","400185","400505","52","39938301"
"chr18","40534204","40534510","KN294181v1","834509","834813","35","39699695"
"chr18","40972713","40973006","KN295350v1","414398","414688","43","40558315"
"chr18","41508484","41508771","KN296096v1","2743314","2743604","33","38765170"
"chr18","41914831","41915127","KN295244v1","318312","318607","38","41596519"
"chr18","42139470","42139758","KN295661v1","153875","154158","27","41985595"
"chr18","42320425","42320754","KN297219v1","1680501","1680815","71","40639924"
"chr18","42420549","42420860","KN297042v1","120722","121029","23","42299827"
"chr18","42653414","42653706","KN296404v1","2965711","2966008","45","39687703"
"chr18","42667864","42668161","KN297444v1","360314","360617","43","42307550"
"chr18","42749311","42749625","KN296311v1","5551109","5551405","47","37198202"
"chr18","42781150","42781420","KN294257v1","2460776","2461045","37","40320374"
"chr18","42914233","42914435","KN295236v1","2103800","2104006","34","40810433"
"chr18","42920236","42920546","KN296381v1","17301","17612","36","42902935"
"chr18","42928548","42928851","KN296404v1","273181","273489","41","42655367"
"chr18","42951365","42951650","KN294777v1","658614","658896","33","42292751"
"chr18","42970913","42971117","KN295758v1","220330","220525","58","42750583"
"chr18","43674626","43674915","KN296311v1","5346181","5346473","37","38328445"
"chr18","43721553","43721850","KN294949v1","546876","547172","46","43174677"
"chr18","43792686","43792983","KN295923v1","958696","958996","41","42833990"
"chr18","44255580","44255868","KN296386v1","321537","321818","34","43934043"
"chr18","44521453","44521757","KN294251v1","954096","954390","49","43567357"
"chr18","45713043","45713365","KN294957v1","64569","64891","34","45648474"
"chr18","45869662","45869965","KN295261v1","349783","350088","39","45519879"
"chr18","46134276","46134588","KN294172v1","901987","902298","37","45232289"
"chr18","46237616","46237926","KN295633v1","300161","300472","40","45937455"
"chr18","46271153","46271447","KN294493v1","45511","45806","36","46225642"
"chr18","46306909","46307212","KN296305v1","568169","568467","40","45738740"
"chr18","46324079","46324376","KN296508v1","20473","20772","31","46303606"
"chr18","46342153","46342487","KN296191v1","1483522","1483838","51","44858631"
"chr18","46976951","46977228","KN294761v1","1769883","1770150","49","45207068"
"chr18","47512668","47512980","KN295523v1","556214","556518","47","46956454"
"chr18","47524064","47524369","KN294181v1","1488459","1488767","40","46035605"
"chr18","47602843","47603122","KN295596v1","1971635","1971913","46","45631208"
"chr18","47895105","47895428","KN296609v1","612525","612829","65","47282580"
"chr18","48025123","48025433","KN297205v1","435353","435667","36","47589770"
"chr18","48814756","48815067","KN295241v1","154718","155028","37","48660038"
"chr18","49134802","49135086","KN295592v1","2037246","2037532","37","47097556"
"chr18","49234531","49234813","KN294650v1","773833","774114","41","48460698"
"chr18","49394969","49395266","KN295315v1","2379093","2379387","36","47015876"
"chr18","50086193","50086474","KN295661v1","153875","154158","44","49932318"
"chr18","50481090","50481401","KN295236v1","1883860","1884167","32","48597230"
"chr18","50938731","50939064","KN294630v1","464625","464938","66","50474106"
"chr18","51099069","51099405","KN297342v1","441721","442022","63","50657348"
"chr18","51475968","51476036","KN296306v1","3206542","3206604","14","48269426"
"chr18","51931779","51932079","KN297141v1","152542","152844","36","51779237"
"chr18","53176056","53176359","KN295697v1","385478","385766","38","52790578"
"chr18","53330973","53331280","KN297444v1","360314","360617","41","52970659"
"chr18","53340959","53341260","KN297197v1","4305535","4305831","57","49035424"
"chr18","54342503","54342816","KN297245v1","2667687","2667998","32","51674816"
"chr18","54363637","54363706","KN296306v1","3206542","3206604","16","51157095"
"chr18","55534280","55534314","KN294372v1","2041257","2041288","6","53493023"
"chr18","55630128","55630195","KN296306v1","3206542","3206604","11","52423586"
"chr18","55708902","55709214","KN296406v1","76428","76742","49","55632474"
"chr18","55961305","55961620","KN295244v1","451775","452068","64","55509530"
"chr18","56282415","56282733","KN296435v1","2563437","2563748","49","53718978"
"chr18","56385527","56385813","KN295294v1","1260280","1260565","40","55125247"
"chr18","56586873","56587186","KN297177v1","14741","15053","43","56572132"
"chr18","57917903","57918183","KN295459v1","140500","140772","44","57777403"
"chr18","58327675","58327974","KN295107v1","1283723","1284018","35","57043952"
"chr18","59128283","59128592","KN297197v1","826059","826368","36","58302224"
"chr18","59295425","59295735","KN294181v1","1655832","1656144","42","57639593"
"chr18","59393860","59394143","KN296290v1","830757","831038","42","58563103"
"chr18","59522416","59522548","KN294451v1","163074","163214","28","59359342"
"chr18","59540808","59541122","KN294874v1","417401","417713","42","59123407"
"chr18","59975240","59975562","KN296096v1","2223591","2223902","44","57751649"
"chr18","60007148","60007438","KN295244v1","318312","318607","35","59688836"
"chr18","60010481","60010788","KN297008v1","400368","400667","42","59610113"
"chr18","60073832","60074089","KN296784v1","119851","120113","39","59953981"
"chr18","60165229","60165540","KN296322v1","2331544","2331850","34","57833685"
"chr18","60260766","60260910","KN295717v1","1437270","1437412","26","58823496"
"chr18","60867699","60867990","KN295303v1","16080","16371","33","60851619"
"chr18","60958609","60958902","KN297026v1","304537","304827","35","60654072"
"chr18","62151903","62152199","KN294705v1","1243205","1243495","47","60908698"
"chr18","63891409","63891707","KN294439v1","300738","301034","40","63590671"
"chr18","64167569","64167879","KN294407v1","1806724","1807035","38","62360845"
"chr18","64658993","64659292","KN295814v1","769523","769821","44","63889470"
"chr18","64830838","64831085","KN295361v1","463073","463334","43","64367765"
"chr18","64994350","64994647","KN296635v1","1699891","1700194","41","63294459"
"chr18","65252549","65252863","KN294693v1","440482","440796","50","64812067"
"chr18","65500621","65500917","KN296705v1","593159","593458","43","64907462"
"chr18","66033121","66033460","KN294407v1","1840936","1841273","52","64192185"
"chr18","66085671","66085961","KN295706v1","150980","151270","37","65934691"
"chr18","66280170","66280453","KN295607v1","4148434","4148717","39","62131736"
"chr18","66728232","66728543","KN295090v1","2881719","2882025","36","63846513"
"chr18","66811623","66811968","KN294147v1","1519281","1519605","73","65292342"
"chr18","66985070","66985355","KN294705v1","1553728","1554021","50","65431342"
"chr18","67771692","67771999","KN294172v1","4261970","4262272","43","63509722"
"chr18","67819155","67819450","KN295666v1","599906","600199","38","67219249"
"chr18","68660049","68660232","KN295825v1","624686","624866","26","68035363"
"chr18","71453786","71454095","KN295236v1","5507600","5507912","38","65946186"
"chr18","71529925","71530221","KN294172v1","3984255","3984554","31","67545670"
"chr18","73448040","73448368","KN295039v1","337903","338224","46","73110137"
"chr18","73550944","73551242","KN296594v1","636925","637224","40","72914019"
"chr18","73726965","73727270","KN297158v1","609393","609708","39","73117572"
"chr18","74051917","74052107","KN296833v1","279634","279824","33","73772283"
"chr18","75756605","75756908","KN294372v1","2580401","2580700","38","73176204"
"chr18","77026443","77026735","KN294499v1","1821976","1822269","32","75204467"
"chr18","77078693","77078975","KN294457v1","1018677","1018971","45","76060016"
"chr18","77181275","77181578","KN295523v1","556214","556518","36","76625061"
"chr19","4849450","4849746","KN294439v1","300738","301034","36","4548712"
"chr19","422588","422886","KN297133v1","262973","263267","39","159615"
"chr19","526922","527222","KN294290v1","8955","9255","38","517967"
"chr19","530891","531188","KN294172v1","4261970","4262272","45","3731079"
"chr19","636647","636946","KN294662v1","177705","178001","36","458942"
"chr19","1007256","1007547","KN297327v1","626342","626638","45","380914"
"chr19","1038474","1038568","KN294588v1","2231922","2232008","16","1193448"
"chr19","1171329","1171626","KN297274v1","1583606","1583909","35","412277"
"chr19","1190824","1190988","KN296955v1","127201","127367","28","1063623"
"chr19","1404784","1405017","KN297274v1","1330081","1330328","34","74703"
"chr19","1410749","1411048","KN297274v1","1324121","1324424","26","86628"
"chr19","1530654","1530942","KN295706v1","150980","151270","30","1379674"
"chr19","1708361","1708638","KN294987v1","346285","346567","32","1362076"
"chr19","1783785","1784085","KN295304v1","46058","46359","39","1737727"
"chr19","1818730","1819027","KN297274v1","900692","901004","41","918038"
"chr19","1988100","1988401","KN294467v1","214886","215182","41","1773214"
"chr19","2012107","2012416","KN294443v1","739291","739598","43","1272816"
"chr19","2085679","2085813","KN297274v1","635328","635463","12","1450351"
"chr19","2086147","2086314","KN296290v1","593470","593637","26","1492677"
"chr19","2101104","2101412","KN296096v1","1800507","1800815","49","300597"
"chr19","2136592","2136875","KN296311v1","7818824","7819113","52","5682232"
"chr19","2144532","2144835","KN294325v1","671385","671685","33","1473147"
"chr19","2158837","2158912","KN297274v1","558721","558800","10","1600116"
"chr19","2203465","2203780","KN297274v1","511569","511879","31","1691896"
"chr19","2220828","2220898","KN294172v1","4006362","4006429","15","1785534"
"chr19","2392419","2392721","KN295523v1","4218925","4219223","53","1826506"
"chr19","2392768","2393069","KN295304v1","46058","46359","36","2346710"
"chr19","2720506","2720818","KN294443v1","739291","739598","35","1981215"
"chr19","2726861","2727145","KN296153v1","4214715","4214999","29","1487854"
"chr19","2727803","2728112","KN296153v1","4213762","4214073","34","1485959"
"chr19","2768302","2768592","KN295923v1","639205","639493","38","2129097"
"chr19","2843218","2843242","KN295236v1","4083223","4083246","9","1240005"
"chr19","2843294","2843574","KN296588v1","13289","13578","39","2830005"
"chr19","2903516","2903799","KN296290v1","830757","831038","29","2072759"
"chr19","2922159","2922453","KN297133v1","1092172","1092463","39","1829987"
"chr19","3029228","3029525","KN296365v1","1687288","1687593","44","1341940"
"chr19","3116525","3116814","KN294287v1","269111","269403","37","2847414"
"chr19","3683429","3683702","KN294893v1","507840","508112","32","3175589"
"chr19","3772171","3772476","KN296594v1","636925","637224","36","3135246"
"chr19","3870883","3871197","KN295034v1","882100","882408","45","2988783"
"chr19","3933602","3933894","KN294251v1","954096","954390","35","2979506"
"chr19","3938552","3938847","KN296096v1","1838666","1838962","46","2099886"
"chr19","3969026","3969339","KN295907v1","1622346","1622658","36","2346680"
"chr19","3971458","3971771","KN297047v1","2103989","2104301","39","1867469"
"chr19","4184577","4184853","KN296606v1","198929","199206","41","3985648"
"chr19","4213567","4213645","KN297153v1","1323853","1323933","11","2889714"
"chr19","4218122","4218426","KN296153v1","2667883","2668186","31","1550239"
"chr19","4218895","4219197","KN295294v1","849337","849645","31","3369558"
"chr19","4310681","4310979","KN294454v1","425151","425450","50","3885530"
"chr19","4536545","4536848","KN296303v1","373645","373940","39","4162900"
"chr19","4599568","4599672","KN294705v1","1649788","1649883","22","2949780"
"chr19","4599985","4600174","KN296677v1","151719","151911","33","4448266"
"chr19","4618969","4619280","KN295294v1","849337","849645","37","3769632"
"chr19","4639977","4640251","KN297133v1","1618181","1618455","39","3021796"
"chr19","4665249","4665560","KN296153v1","2205173","2205480","30","2460076"
"chr19","4697286","4697567","KN294758v1","2089262","2089542","46","2608024"
"chr19","4717444","4717649","KN296311v1","6934502","6934740","56","2217058"
"chr19","4748814","4749111","KN295315v1","2379093","2379387","43","2369721"
"chr19","4868369","4868679","KN296743v1","245342","245652","35","4623027"
"chr19","4875201","4875496","KN294457v1","1018677","1018971","34","3856524"
"chr19","4887933","4888238","KN296743v1","245342","245652","49","4642591"
"chr19","5338835","5339121","KN295260v1","414258","414542","35","4924577"
"chr19","5572100","5572407","KN296153v1","1281234","1281538","35","4290866"
"chr19","5593405","5593647","KN295382v1","229095","229345","45","5364310"
"chr19","5595125","5595444","KN296153v1","1257695","1257996","43","4337430"
"chr19","5698453","5698754","KN294874v1","619764","620065","40","5078689"
"chr19","5787419","5787651","KN295480v1","3178821","3179037","59","2608598"
"chr19","5832201","5832499","KN296145v1","435254","435547","48","5396947"
"chr19","5836757","5837050","KN297197v1","1630263","1630561","45","4206494"
"chr19","5888732","5889028","KN296153v1","956052","956346","35","4932680"
"chr19","5949231","5949540","KN295236v1","1883860","1884167","44","4065371"
"chr19","6033010","6033318","KN296153v1","801124","801432","24","5231886"
"chr19","6133718","6133937","KN296485v1","371894","372113","33","5761824"
"chr19","6152357","6152626","KN296153v1","663699","663968","28","5488658"
"chr19","6202133","6202408","KN296096v1","55559","55846","42","6146574"
"chr19","6272198","6272466","KN294172v1","5494068","5494327","61","778130"
"chr19","6302663","6302954","KN294467v1","214886","215182","49","6087777"
"chr19","6322391","6322689","KN296153v1","499683","499973","34","5822708"
"chr19","6329714","6329965","KN294705v1","353065","353305","48","5976649"
"chr19","6329996","6330009","KN295315v1","2627494","2627504","4","3702502"
"chr19","6385114","6385235","KN297452v1","2946838","2946957","22","3438276"
"chr19","6396974","6397277","KN296153v1","429335","429629","37","5967639"
"chr19","6519449","6519812","KN295735v1","162135","162470","91","6357314"
"chr19","6651483","6651783","KN296153v1","169004","169304","28","6482479"
"chr19","6678190","6678504","KN294842v1","849678","849987","43","5828512"
"chr19","6721887","6722157","KN296153v1","102083","102352","37","6619804"
"chr19","6770339","6770647","KN296153v1","55778","56082","28","6714561"
"chr19","6873984","6874299","KN296460v1","130610","130915","44","6743374"
"chr19","6902406","6902713","KN294443v1","739291","739598","49","6163115"
"chr19","6957885","6958195","KN297197v1","826059","826368","40","6131826"
"chr19","6959160","6959498","KN295039v1","337903","338224","58","6621257"
"chr19","7229140","7229449","KN294467v1","224171","224477","51","7004969"
"chr19","7247104","7247401","KN294634v1","275869","276162","37","6971235"
"chr19","7347099","7347391","KN296096v1","2743314","2743604","37","4603785"
"chr19","7453621","7453925","KN296938v1","86218","86522","38","7367403"
"chr19","7575171","7575475","KN295523v1","2221436","2221738","36","5353735"
"chr19","7862548","7862852","KN294416v1","327416","327717","41","7535132"
"chr19","7991086","7991393","KN294443v1","739291","739598","34","7251795"
"chr19","8000571","8000850","KN297171v1","3364988","3365275","42","4635583"
"chr19","8038584","8038799","KN297096v1","9914","10132","36","8028670"
"chr19","8165563","8165866","KN295034v1","40824","41136","45","8124739"
"chr19","8175528","8175834","KN295090v1","2881719","2882025","38","5293809"
"chr19","8237755","8238047","KN295430v1","2487355","2487647","31","5750400"
"chr19","8341570","8341883","KN297047v1","2103989","2104301","42","6237581"
"chr19","8392412","8392683","KN294499v1","2257569","2257842","43","6134843"
"chr19","8475524","8475829","KN296311v1","5543965","5544268","37","2931559"
"chr19","8538325","8538665","KN295371v1","375282","375608","62","8163043"
"chr19","8767188","8767488","KN296305v1","568169","568467","42","8199019"
"chr19","9323131","9323427","KN295633v1","1132130","1132430","40","8191001"
"chr19","9548202","9548549","KN295077v1","302858","303182","78","9245344"
"chr19","9567189","9567487","KN296311v1","5551109","5551405","31","4016080"
"chr19","9629773","9630075","KN297095v1","3773761","3774062","36","5856012"
"chr19","9693106","9693395","KN297154v1","1962772","1963060","14","7730334"
"chr19","9805836","9806136","KN294457v1","1018677","1018971","42","8787159"
"chr19","10055475","10055772","KN297154v1","1642304","1642599","25","8413171"
"chr19","10063050","10063159","KN297154v1","1633466","1633571","15","8429584"
"chr19","10228455","10228619","KN295719v1","422","586","28","10228033"
"chr19","10374638","10374934","KN297154v1","1310508","1310812","34","9064130"
"chr19","10382901","10383201","KN297319v1","314657","314952","40","10068244"
"chr19","10415219","10415519","KN294325v1","694295","694594","39","9720924"
"chr19","10674503","10674793","KN297154v1","1003289","1003573","26","9671214"
"chr19","10689608","10689768","KN296290v1","593470","593637","26","10096138"
"chr19","10745913","10746095","KN294172v1","1604931","1605105","29","9140982"
"chr19","10746395","10746530","KN296496v1","237417","237553","15","10508978"
"chr19","10750021","10750318","KN296312v1","75219","75511","43","10674802"
"chr19","10830100","10830412","KN296865v1","1933794","1934101","40","8896306"
"chr19","10931399","10931709","KN297154v1","737986","738297","30","10193413"
"chr19","10944710","10945004","KN297154v1","724271","724555","37","10220439"
"chr19","10972334","10972644","KN297154v1","693797","694098","36","10278537"
"chr19","10995163","10995440","KN297121v1","161380","161653","40","10833783"
"chr19","11164117","11164426","KN297141v1","152542","152844","35","11011575"
"chr19","11298722","11299024","KN297154v1","431309","431608","31","10867413"
"chr19","11301892","11302201","KN295294v1","849337","849645","36","10452555"
"chr19","11386211","11386493","KN294911v1","3417560","3417842","39","7968651"
"chr19","11516325","11516624","KN297141v1","152542","152844","37","11363783"
"chr19","11531450","11531719","KN297402v1","151133","151399","39","11380317"
"chr19","11569069","11569367","KN296311v1","8153758","8154056","57","3415311"
"chr19","11637343","11637620","KN297154v1","79977","80269","36","11557366"
"chr19","11695508","11695817","KN295907v1","1622346","1622658","37","10073162"
"chr19","11818932","11819196","KN295236v1","6110337","6110611","36","5708595"
"chr19","11900565","11900881","KN295236v1","6032196","6032507","38","5868369"
"chr19","11904854","11905151","KN295236v1","6028721","6029025","39","5876133"
"chr19","12327402","12327704","KN297154v1","624798","625094","43","11702604"
"chr19","12328970","12329166","KN296322v1","586770","586970","35","11742200"
"chr19","12380388","12380693","KN294181v1","1655832","1656144","38","10724556"
"chr19","12412862","12413176","KN295294v1","849337","849645","44","11563525"
"chr19","12495271","12495580","KN295523v1","2887577","2887883","44","9607694"
"chr19","12504455","12504748","KN295236v1","5536845","5537133","29","6967610"
"chr19","12632348","12632652","KN295045v1","1088023","1088324","31","11544325"
"chr19","12755820","12756166","KN296381v1","17301","17612","92","12738519"
"chr19","12799591","12799896","KN295523v1","556214","556518","34","12243377"
"chr19","12821638","12821870","KN294234v1","415116","415343","29","12406522"
"chr19","12927662","12927904","KN294705v1","353065","353305","42","12574597"
"chr19","12958244","12958493","KN296311v1","6934502","6934740","38","6023742"
"chr19","12998908","12999237","KN296079v1","673289","673603","137","12325619"
"chr19","13385953","13386238","KN297154v1","724271","724555","39","12661682"
"chr19","13531750","13532050","KN295077v1","870181","870478","36","12661569"
"chr19","13727453","13727730","KN295236v1","4358007","4358303","46","9369446"
"chr19","13737030","13737339","KN296865v1","1933794","1934101","32","11803236"
"chr19","13915341","13915650","KN294266v1","416253","416561","36","13499088"
"chr19","13947213","13947506","KN296096v1","2743314","2743604","43","11203899"
"chr19","13992374","13992670","KN296547v1","1021222","1021514","36","12971152"
"chr19","13993677","13993894","KN295586v1","5219415","5219623","24","8774262"
"chr19","14043978","14044129","KN296153v1","1325304","1325453","30","12718674"
"chr19","14048941","14049241","KN294439v1","300738","301034","39","13748203"
"chr19","14071911","14072186","KN297153v1","1265711","1265994","43","12806200"
"chr19","14194414","14194549","KN294569v1","751020","751158","20","13443394"
"chr19","14333955","14334261","KN295294v1","849337","849645","36","13484618"
"chr19","14334863","14335158","KN295244v1","318312","318607","32","14016551"
"chr19","14364131","14364441","KN295236v1","3701099","3701414","30","10663032"
"chr19","14721057","14721353","KN295666v1","599906","600199","31","14121151"
"chr19","14725629","14725920","KN296406v1","559165","559460","35","14166464"
"chr19","14831181","14831363","KN294561v1","634753","634925","27","14196428"
"chr19","14929529","14929828","KN294493v1","45511","45806","37","14884018"
"chr19","14949657","14949954","KN295236v1","3200779","3201088","38","11748878"
"chr19","14980337","14980503","KN295498v1","114768","114933","60","14865569"
"chr19","14980770","14980906","KN296907v1","1081563","1081700","17","13899207"
"chr19","15008406","15008715","KN295236v1","3147837","3148149","24","11860569"
"chr19","15259663","15259952","KN294467v1","214886","215182","39","15044777"
"chr19","15291741","15292026","KN294747v1","654984","655267","39","14636757"
"chr19","15376099","15376418","KN296322v1","2774012","2774318","52","12602087"
"chr19","15521272","15521511","KN295977v1","1257123","1257362","42","14264149"
"chr19","15523728","15524021","KN296508v1","1861452","1861744","37","13662276"
"chr19","15587691","15588001","KN294470v1","2127954","2128268","33","13459737"
"chr19","15600820","15601116","KN297452v1","1114079","1114374","39","14486741"
"chr19","15618087","15618359","KN295236v1","2756661","2756934","32","12861426"
"chr19","15749174","15749471","KN296404v1","2412477","2412775","33","13336697"
"chr19","15792211","15792505","KN295236v1","2574290","2574605","49","13217921"
"chr19","15831484","15831768","KN295371v1","312819","313104","37","15518665"
"chr19","15879110","15879414","KN294457v1","1018677","1018971","36","14860433"
"chr19","16004649","16004965","KN295236v1","2363017","2363326","29","13641632"
"chr19","16038128","16038426","KN296775v1","1171643","1171944","46","14866485"
"chr19","16058509","16058800","KN295236v1","2307994","2308287","24","13750515"
"chr19","16061039","16061361","KN297205v1","435353","435667","49","15625686"
"chr19","16324371","16324676","KN294911v1","2469693","2469997","34","13854678"
"chr19","16531056","16531190","KN294410v1","6509","6647","22","16524547"
"chr19","16531484","16531643","KN295241v1","14756","14920","28","16516728"
"chr19","16588818","16589122","KN294443v1","739291","739598","36","15849527"
"chr19","16631041","16631339","KN296406v1","187712","188008","38","16443329"
"chr19","16633565","16633874","KN295236v1","1820130","1820433","39","14813435"
"chr19","16687052","16687363","KN296743v1","245342","245652","34","16441710"
"chr19","16724742","16725040","KN294182v1","193047","193344","34","16531695"
"chr19","16761890","16762200","KN294443v1","739291","739598","41","16022599"
"chr19","16771359","16771640","KN296609v1","236661","236935","46","16534698"
"chr19","16772219","16772413","KN296677v1","151719","151911","35","16620500"
"chr19","16817543","16817838","KN295236v1","1626020","1626314","23","15191523"
"chr19","16904528","16904837","KN295236v1","1536292","1536602","22","15368236"
"chr19","16943006","16943307","KN294172v1","346409","346717","34","16596597"
"chr19","16953722","16954007","KN294987v1","346285","346567","33","16607437"
"chr19","17161235","17161526","KN296547v1","617734","618015","38","16543501"
"chr19","17165827","17165888","KN296541v1","3430587","3430655","22","13735240"
"chr19","17171813","17172123","KN295236v1","1261326","1261624","34","15910487"
"chr19","17179334","17179635","KN295236v1","1254556","1254861","43","15924778"
"chr19","17250641","17250946","KN294493v1","393207","393512","36","16857434"
"chr19","17278386","17278698","KN294407v1","2194605","2194919","39","15083781"
"chr19","17679135","17679427","KN295236v1","758639","758931","29","16920496"
"chr19","17711132","17711460","KN295236v1","724137","724449","54","16986995"
"chr19","17822378","17822691","KN295236v1","612873","613167","41","17209505"
"chr19","17826494","17826804","KN295236v1","607085","607395","32","17219409"
"chr19","17871001","17871291","KN295045v1","1002653","1002946","34","16868348"
"chr19","17877795","17877908","KN295596v1","3421157","3421267","18","14456638"
"chr19","17887379","17887689","KN297197v1","1906448","1906757","39","15980931"
"chr19","17997363","17997646","KN295236v1","422166","422445","22","17575197"
"chr19","18052534","18052831","KN296422v1","129610","129905","34","17922924"
"chr19","18101258","18101550","KN295236v1","324724","325014","28","17776534"
"chr19","18107718","18108005","KN296096v1","2743314","2743604","33","15364404"
"chr19","18115637","18115939","KN296609v1","295796","296099","36","17819841"
"chr19","18159434","18159735","KN296311v1","5551109","5551405","45","12608325"
"chr19","18222794","18223086","KN295666v1","599906","600199","34","17622888"
"chr19","18238749","18239051","KN296316v1","46602","46905","33","18192147"
"chr19","18339137","18339428","KN295236v1","73390","73682","29","18265747"
"chr19","18340909","18341097","KN297323v1","1210893","1211058","58","17130016"
"chr19","18341386","18341406","KN296998v1","167792","167809","6","18173594"
"chr19","18452733","18453036","KN295523v1","2221436","2221738","36","16231297"
"chr19","18477706","18478000","KN296311v1","5551109","5551405","32","12926597"
"chr19","18567260","18567559","KN296594v1","636925","637224","38","17930335"
"chr19","18633629","18633700","KN294217v1","1814289","1814368","16","16819340"
"chr19","18804930","18805222","KN296508v1","1861452","1861744","37","16943478"
"chr19","18850404","18850712","KN295893v1","178302","178608","33","18672102"
"chr19","19016922","19017221","KN295633v1","161032","161323","34","18855890"
"chr19","19090874","19091136","KN294470v1","950039","950301","48","18140835"
"chr19","19202667","19202961","KN296062v1","1571490","1571788","38","17631177"
"chr19","19291360","19291620","KN296119v1","220472","220721","43","19070888"
"chr19","19397176","19397481","KN297038v1","159105","159406","42","19238071"
"chr19","19428506","19428800","KN296311v1","1823337","1823634","37","17605169"
"chr19","19510991","19511284","KN295410v1","667929","668225","41","18843062"
"chr19","19531496","19531809","KN297205v1","435353","435667","34","19096143"
"chr19","19661392","19661482","KN295894v1","637442","637535","16","19023950"
"chr19","19814935","19815241","KN295533v1","1212131","1212431","38","18602804"
"chr19","19834648","19834931","KN294457v1","1018677","1018971","40","18815971"
"chr19","19908999","19909303","KN294856v1","342348","342654","40","19566651"
"chr19","19949084","19949386","KN294439v1","300738","301034","42","19648346"
"chr19","20114844","20115108","KN295708v1","2629360","2629621","39","17485484"
"chr19","20273460","20273754","KN296311v1","5346181","5346473","46","14927279"
"chr19","20346508","20346735","KN296153v1","2784510","2784728","45","17561998"
"chr19","20359517","20359827","KN295523v1","556214","556518","41","19803303"
"chr19","20411633","20411937","KN294325v1","671385","671685","40","19740248"
"chr19","20465447","20465681","KN296157v1","1924601","1924827","34","18540846"
"chr19","20921485","20921770","KN297008v1","3704335","3704617","43","17217150"
"chr19","21211718","21212016","KN295921v1","187807","188115","27","21023911"
"chr19","21385072","21385380","KN296964v1","182512","182821","46","21202560"
"chr19","21446861","21447038","KN294467v1","127328","127505","24","21319533"
"chr19","21619358","21619664","KN294172v1","6901602","6901916","46","14717756"
"chr19","21683304","21683632","KN294407v1","707064","707376","49","20976240"
"chr19","21759590","21759900","KN297153v1","565384","565694","40","21194206"
"chr19","21799153","21799411","KN296922v1","734831","735076","38","21064322"
"chr19","21808821","21809108","KN295692v1","2294119","2294418","50","19514702"
"chr19","22445114","22445406","KN296200v1","184738","185039","35","22260376"
"chr19","22519300","22519594","KN295705v1","145822","146116","30","22373478"
"chr19","22560773","22561081","KN296743v1","245342","245652","36","22315431"
"chr19","22666460","22666770","KN294269v1","729417","729728","36","21937043"
"chr19","22803450","22803754","KN295671v1","216235","216540","43","22587215"
"chr19","23387960","23388204","KN297403v1","3928","4192","48","23384032"
"chr19","23485577","23485888","KN295907v1","1622346","1622658","42","21863231"
"chr19","23530963","23531285","KN297047v1","2103989","2104301","47","21426974"
"chr19","23649547","23649846","KN296732v1","1455446","1455745","37","22194101"
"chr19","23664373","23664668","KN296589v1","353509","353805","23","23310864"
"chr19","23735457","23735752","KN296589v1","271673","271973","34","23463784"
"chr19","24003012","24003305","KN295235v1","128521","128822","29","23874491"
"chr19","24194152","24194442","KN294457v1","1018677","1018971","35","23175475"
"chr19","24195939","24196228","KN294421v1","1228170","1228462","45","22967769"
"chr19","32767281","32767596","KN295671v1","216235","216540","51","32551046"
"chr19","32769984","32770271","KN297048v1","305838","306132","48","32464146"
"chr19","33526657","33526968","KN296378v1","990926","991230","52","32535731"
"chr19","34157341","34157626","KN296094v1","192094","192369","34","33965247"
"chr19","35340452","35340743","KN296096v1","2743314","2743604","47","32597138"
"chr19","35630293","35630594","KN296062v1","1571490","1571788","38","34058803"
"chr19","35633271","35633565","KN294451v1","1259168","1259459","41","34374103"
"chr19","35832875","35833167","KN294457v1","1018677","1018971","31","34814198"
"chr19","35841182","35841462","KN296743v1","1660722","1660997","43","34180460"
"chr19","36763735","36764040","KN295666v1","1045930","1046226","39","35717805"
"chr19","36968181","36968480","KN295470v1","49643","49945","34","36918538"
"chr19","37165875","37166020","KN296153v1","1325304","1325453","20","35840571"
"chr19","37429899","37430192","KN294457v1","1018677","1018971","36","36411222"
"chr19","38214383","38214687","KN295303v1","13697","13995","51","38200686"
"chr19","38320548","38320812","KN296138v1","491009","491292","44","37829539"
"chr19","38346427","38346738","KN295294v1","849337","849645","33","37497090"
"chr19","38387779","38388087","KN296743v1","245342","245652","37","38142437"
"chr19","38409115","38409417","KN295923v1","2418053","2418351","40","35991062"
"chr19","38410724","38411022","KN294372v1","2580401","2580700","36","35830323"
"chr19","38674489","38674771","KN294987v1","346285","346567","36","38328204"
"chr19","38697675","38697976","KN296138v1","116453","116753","31","38581222"
"chr19","38719510","38719693","KN296138v1","93122","93299","25","38626388"
"chr19","39021050","39021357","KN295642v1","127776","128084","42","38893274"
"chr19","39793807","39794087","KN294964v1","662807","663094","38","39131000"
"chr19","40049720","40050041","KN294848v1","1279240","1279549","34","38770480"
"chr19","40114235","40114528","KN295366v1","47716","48013","35","40066519"
"chr19","40176821","40177109","KN295244v1","318312","318607","31","39858509"
"chr19","40527057","40527355","KN296484v1","1016396","1016694","17","39510661"
"chr19","40534561","40534873","KN296484v1","1011407","1011719","23","39523154"
"chr19","40621346","40621654","KN296982v1","365886","366192","35","40255460"
"chr19","40713741","40714005","KN297143v1","112628","112889","43","40601113"
"chr19","41007873","41008162","KN296484v1","496858","497155","26","40511015"
"chr19","41109814","41110102","KN296484v1","393178","393454","33","40716636"
"chr19","41138197","41138493","KN295102v1","20527","20821","32","41117670"
"chr19","41166634","41166936","KN295405v1","492804","493098","48","40673830"
"chr19","41340813","41341114","KN296484v1","144308","144603","31","41196505"
"chr19","41424443","41424745","KN296484v1","59923","60204","34","41364520"
"chr19","41485358","41485659","KN296484v1","1160","1463","25","41484198"
"chr19","41506396","41506683","KN295260v1","1828605","1828891","39","39677791"
"chr19","41546648","41546942","KN295705v1","380252","380546","28","41166396"
"chr19","41593457","41593745","KN297026v1","205762","206051","34","41387695"
"chr19","41593781","41593804","KN295236v1","4083223","4083246","4","37510558"
"chr19","41714893","41715192","KN294182v1","193047","193344","34","41521846"
"chr19","41834830","41835055","KN294741v1","808194","808414","43","41026636"
"chr19","41864267","41864548","KN296381v1","386660","386925","40","41477607"
"chr19","41865328","41865618","KN295607v1","4686649","4686942","48","37178679"
"chr19","41879831","41880115","KN296381v1","397051","397333","26","41482780"
"chr19","41911009","41911295","KN296381v1","430993","431281","29","41480016"
"chr19","42009515","42009809","KN295244v1","318312","318607","35","41691203"
"chr19","42173853","42174159","KN295523v1","556214","556518","36","41617639"
"chr19","42314365","42314505","KN296516v1","50755","50899","19","42263610"
"chr19","42321805","42322108","KN296040v1","978911","979214","49","41342894"
"chr19","42399119","42399417","KN296635v1","126740","127032","36","42272379"
"chr19","42500001","42500135","KN296290v1","446627","446768","18","42053374"
"chr19","42591535","42591829","KN295533v1","2478184","2478484","39","40113351"
"chr19","42710289","42710601","KN294181v1","1655832","1656144","42","41054457"
"chr19","42774606","42774857","KN297121v1","161380","161653","52","42613226"
"chr19","42835779","42836062","KN297133v1","1704881","1705174","42","41130898"
"chr19","42895930","42896217","KN294987v1","346285","346567","35","42549645"
"chr19","42902472","42902737","KN294879v1","153087","153349","51","42749385"
"chr19","42997323","42997605","KN294501v1","3570171","3570458","43","39427152"
"chr19","43102291","43102579","KN295984v1","729021","729310","58","42373270"
"chr19","43270739","43271046","KN295708v1","1471221","1471525","35","41799518"
"chr19","43321766","43322069","KN296588v1","13289","13578","45","43308477"
"chr19","43344399","43344694","KN295666v1","242323","242613","46","43102076"
"chr19","43402758","43402834","KN296849v1","927971","928048","9","42474787"
"chr19","43456016","43456317","KN295090v1","2881719","2882025","36","40574297"
"chr19","43733332","43733628","KN295666v1","242323","242613","46","43491009"
"chr19","43770683","43770978","KN296311v1","3176858","3177154","38","40593825"
"chr19","43810256","43810557","KN296594v1","636925","637224","35","43173331"
"chr19","43898574","43898875","KN295315v1","2379093","2379387","44","41519481"
"chr19","43930714","43930824","KN295077v1","540029","540136","14","43390685"
"chr19","43945244","43945541","KN296404v1","2965711","2966008","33","40979533"
"chr19","44031468","44031762","KN296311v1","5551109","5551405","49","38480359"
"chr19","44034733","44034863","KN295225v1","702230","702360","16","43332503"
"chr19","44097904","44098209","KN294970v1","241329","241631","42","43856575"
"chr19","44209664","44209976","KN295601v1","1027765","1028072","37","43181899"
"chr19","44473146","44473190","KN296036v1","557629","557669","13","43915517"
"chr19","44502541","44502831","KN296982v1","365886","366192","65","44136655"
"chr19","44611764","44611806","KN295225v1","524890","524934","5","44086874"
"chr19","44763920","44764199","KN294893v1","439595","439874","45","44324325"
"chr19","44830118","44830408","KN294991v1","933720","934011","37","43896398"
"chr19","44877283","44877556","KN294182v1","321574","321847","58","44555709"
"chr19","44896921","44897220","KN294458v1","909867","910169","37","43987054"
"chr19","45082922","45083220","KN296404v1","2965711","2966008","41","42117211"
"chr19","45315936","45316232","KN294790v1","3102820","3103115","38","42213116"
"chr19","45942936","45943237","KN294181v1","1771837","1772133","28","44171099"
"chr19","46172773","46173074","KN297197v1","1630263","1630561","33","44542510"
"chr19","46193659","46193961","KN297227v1","1013431","1013731","39","45180228"
"chr19","46248559","46248861","KN295594v1","71823","72120","42","46176736"
"chr19","46298758","46299064","KN296865v1","1933794","1934101","38","44364964"
"chr19","46361988","46362276","KN295533v1","2478184","2478484","53","43883804"
"chr19","46762736","46763046","KN294443v1","739291","739598","33","46023445"
"chr19","46987608","46987697","KN295830v1","20325","20411","25","46967283"
"chr19","47170800","47171062","KN294879v1","123578","123838","47","47047222"
"chr19","47208857","47209157","KN295533v1","2478184","2478484","38","44730673"
"chr19","47407395","47407707","KN294831v1","625064","625375","16","46782331"
"chr19","47509235","47509446","KN294831v1","610417","610640","34","46898818"
"chr19","47701648","47701955","KN295090v1","2881719","2882025","47","44819929"
"chr19","47862292","47862467","KN296932v1","69753","69926","25","47792539"
"chr19","48195747","48196045","KN295375v1","114875","115176","38","48080872"
"chr19","48465001","48465311","KN295077v1","564405","564717","46","47900596"
"chr19","48689597","48689881","KN297427v1","55592","55883","40","48634005"
"chr19","48971759","48971910","KN294488v1","288705","288860","21","48683054"
"chr19","48993232","48993526","KN294499v1","1816307","1816606","49","47176925"
"chr19","49048795","49049020","KN296955v1","184184","184408","20","48864611"
"chr19","49277759","49278068","KN296508v1","20473","20772","38","49257286"
"chr19","49372491","49372630","KN295878v1","303465","303605","24","49069026"
"chr19","49588000","49588131","KN296955v1","725975","726109","19","48862025"
"chr19","49766431","49766754","KN295459v1","634986","635295","52","49131445"
"chr19","50009083","50009326","KN296809v1","206189","206409","58","49802894"
"chr19","50147816","50148110","KN296508v1","1861452","1861744","35","48286364"
"chr19","50352598","50352896","KN296594v1","636925","637224","38","49715673"
"chr19","50420467","50420766","KN296311v1","5346181","5346473","35","45074286"
"chr19","50605803","50606117","KN296964v1","182512","182821","39","50423291"
"chr19","50668967","50669262","KN295666v1","599906","600199","38","50069061"
"chr19","50777315","50777616","KN295523v1","2221436","2221738","37","48555879"
"chr19","50805112","50805401","KN296040v1","950807","951097","42","49854305"
"chr19","50921074","50921371","KN296096v1","2743314","2743604","43","48177760"
"chr19","51104572","51104863","KN295706v1","150980","151270","36","50953592"
"chr19","51122221","51122371","KN295633v1","1436686","1436832","36","49685535"
"chr19","51224571","51224876","KN295533v1","2478184","2478484","49","48746387"
"chr19","51282505","51282810","KN296743v1","245342","245652","38","51037163"
"chr19","51298547","51298864","KN295281v1","186868","187179","42","51111679"
"chr19","51379518","51379674","KN297203v1","866961","867115","30","50512557"
"chr19","51507413","51507707","KN294457v1","1018677","1018971","32","50488736"
"chr19","52054224","52054538","KN296743v1","245342","245652","55","51808882"
"chr19","52221078","52221363","KN295708v1","247100","247386","36","51973978"
"chr19","52257027","52257320","KN296883v1","3011497","3011783","31","49245530"
"chr19","52541144","52541415","KN296609v1","700991","701265","35","51840153"
"chr19","52545470","52545780","KN296365v1","1687288","1687593","45","50858182"
"chr19","52650833","52651124","KN296096v1","2342383","2342678","35","50308450"
"chr19","52934739","52935031","KN295102v1","20527","20821","31","52914212"
"chr19","52962367","52962452","KN295705v1","657665","657751","13","52304702"
"chr19","53102115","53102408","KN295666v1","599906","600199","36","52502209"
"chr19","53370755","53371063","KN295365v1","294006","294312","35","53076749"
"chr19","53407997","53408300","KN296062v1","1571490","1571788","37","51836507"
"chr19","53487301","53487606","KN295236v1","4973106","4973409","35","48514195"
"chr19","53527339","53527629","KN296378v1","860934","861229","38","52666405"
"chr19","53801887","53802176","KN295523v1","914945","915233","52","52886942"
"chr19","53884122","53884274","KN296153v1","1325304","1325453","24","52558818"
"chr19","53890938","53891240","KN296357v1","738528","738826","29","53152410"
"chr19","53894917","53895228","KN295459v1","634986","635295","46","53259931"
"chr19","54282712","54283016","KN296357v1","349531","349841","30","53933181"
"chr19","54829926","54830206","KN295424v1","309532","309809","46","54520394"
"chr19","54884802","54884905","KN294520v1","1645648","1645750","18","53239154"
"chr19","54953111","54953422","KN295923v1","1527713","1528024","42","53425398"
"chr19","54985986","54986102","KN295294v1","1505534","1505632","31","53480452"
"chr19","55188326","55188603","KN296743v1","1660722","1660997","33","53527604"
"chr19","55223050","55223344","KN296486v1","213418","213705","35","55009632"
"chr19","55513229","55513522","KN296486v1","507820","508120","35","55005409"
"chr19","55539144","55539445","KN295045v1","1088023","1088324","41","54451121"
"chr19","55605168","55605438","KN294367v1","51683","51971","51","55553485"
"chr19","55948036","55948314","KN296732v1","1792478","1792756","36","54155558"
"chr19","56759443","56759739","KN297008v1","400368","400667","31","56359075"
"chr19","56896696","56896992","KN297038v1","507992","508287","28","56388704"
"chr19","56969428","56969722","KN296486v1","1936774","1937067","21","55032654"
"chr19","57136905","57137193","KN296795v1","941474","941762","38","56195431"
"chr19","57231990","57232273","KN295607v1","4148434","4148717","32","53083556"
"chr19","57232614","57232902","KN296743v1","2012835","2013130","48","55219779"
"chr19","57696352","57696646","KN297095v1","3773761","3774062","48","53922591"
"chr19","57894848","57895127","KN296096v1","1460921","1461213","52","56433927"
"chr19","58009481","58009768","KN296883v1","3011497","3011783","42","54997984"
"chr19","58230478","58230789","KN295523v1","556214","556518","44","57674264"
"chr19","58234820","58234970","KN296516v1","50755","50899","27","58184065"
"chr19","58503393","58503689","KN296305v1","568169","568467","52","57935224"
"chr19","58577789","58577990","KN295326v1","305901","306095","54","58271888"
"chr19","58680187","58680499","KN297047v1","2103989","2104301","44","56576198"
"chr19","58866683","58866955","KN295350v1","35196","35461","50","58831487"
"chr19","58873342","58873631","KN297133v1","1092172","1092463","43","57781170"
"chr19","58882935","58883221","KN294790v1","2757247","2757531","32","56125688"
"chr19","58918082","58918375","KN295405v1","492804","493098","39","58425278"
"chr19","58973841","58974136","KN295633v1","161032","161323","31","58812809"
"chr19","59454302","59454581","KN294761v1","1769883","1770150","48","57684419"
"chr19","59511204","59511510","KN294378v1","722388","722700","44","58788816"
"chr19","59733536","59733827","KN295706v1","150980","151270","35","59582556"
"chr19","59891882","59892184","KN294439v1","300738","301034","33","59591144"
"chr19","59944007","59944348","KN295350v1","1105088","1105380","76","58838919"
"chr19","59998019","59998312","KN295666v1","599906","600199","46","59398113"
"chr19","60157018","60157299","KN296311v1","5346181","5346473","43","54810837"
"chr19","60181386","60181430","KN294873v1","1599803","1599848","8","58581583"
"chr19","60218314","60218603","KN296588v1","13289","13578","33","60205025"
"chr19","60390986","60391308","KN296743v1","2012835","2013130","64","58378151"
"chr19","60468387","60468687","KN297408v1","369223","369519","41","60099164"
"chr19","60514475","60514801","KN297165v1","1212451","1212758","64","59302024"
"chr19","60840382","60840661","KN296852v1","2805136","2805415","38","58035246"
"chr19","60930676","60930973","KN296520v1","1624939","1625235","32","59305737"
"chr19","61206119","61206424","KN295301v1","861264","861571","37","60344855"
"chr19","61265040","61265346","KN295744v1","299244","299554","44","60965796"
"chr19","61297920","61298216","KN296508v1","1861452","1861744","31","59436468"
"chr19","61342655","61342967","KN294407v1","707064","707376","36","60635591"
"chr19","61352243","61352543","KN295637v1","890393","890699","40","60461850"
"chr19","61360389","61360685","KN295090v1","2881719","2882025","32","58478670"
"chr19","61459349","61459635","KN294842v1","959846","960139","50","60499503"
"chr19","61626875","61627156","KN297032v1","324125","324392","53","61302750"
"chr19","61627466","61627769","KN294407v1","2910911","2911209","55","58716555"
"chr19","61664214","61664521","KN296460v1","130610","130915","37","61533604"
"chr19","61809526","61809682","KN296726v1","834547","834705","32","60974979"
"chr19","61852657","61852948","KN295706v1","150980","151270","32","61701677"
"chr19","61875756","61876051","KN296303v1","373645","373940","43","61502111"
"chr19","61940914","61941185","KN297019v1","932923","933205","44","61007991"
"chr19","62498864","62499175","KN295090v1","980313","980620","36","61518551"
"chr19","62544255","62544547","KN296404v1","2965711","2966008","37","59578544"
"chr19","62683241","62683321","KN295096v1","584550","584618","20","62098691"
"chr19","62777224","62777513","KN295244v1","318312","318607","36","62458912"
"chr19","62943523","62943814","KN295633v1","156560","156854","37","62786963"
"chr19","63021707","63022003","KN296062v1","1571490","1571788","37","61450217"
"chr19","63212585","63212754","KN295171v1","190435","190596","32","63022150"
"chr19","63384999","63385299","KN297133v1","262973","263267","36","63122026"
"chr19","63497730","63497999","KN297442v1","2402497","2402757","47","61095233"
"chr19","63632085","63632365","KN294790v1","2757247","2757531","51","60874838"
"chr19","63632994","63633290","KN295107v1","1283723","1284018","37","62349271"
"chr19","63635504","63635801","KN295368v1","1607315","1607615","42","62028189"
"chr19","63693270","63693569","KN294181v1","1771837","1772133","43","61921433"
"chr19","63770732","63771026","KN295107v1","1283723","1284018","34","62487009"
"chr19","64090139","64090426","KN295352v1","59329","59611","34","64030810"
"chr19","64185687","64185983","KN295894v1","2318578","2318877","41","61867109"
"chr19","64206302","64206617","KN295368v1","1059789","1060099","47","63146513"
"chr19","64307239","64307539","KN295244v1","318312","318607","44","63988927"
"chr19","64364996","64365048","KN297133v1","1703194","1703245","5","62661802"
"chr20","30277473","30277780","KN296825v1","482175","482479","36","29795298"
"chr20","98842","99150","KN296743v1","245342","245652","41","146500"
"chr20","264408","264716","KN295171v1","301297","301609","26","36889"
"chr20","356619","356916","KN295171v1","403291","403589","49","46672"
"chr20","367981","368290","KN296743v1","245342","245652","33","122639"
"chr20","435464","435771","KN295090v1","2881719","2882025","40","2446255"
"chr20","732317","732607","KN294421v1","1228170","1228462","32","495853"
"chr20","732681","732700","KN294970v1","643129","643145","6","89552"
"chr20","1796291","1796603","KN294470v1","2127954","2128268","41","331663"
"chr20","2343310","2343610","KN297444v1","360314","360617","37","1982996"
"chr20","2659193","2659517","KN295459v1","634986","635295","52","2024207"
"chr20","2703543","2703849","KN295671v1","216235","216540","40","2487308"
"chr20","2792227","2792536","KN296311v1","5345840","5346147","38","2553613"
"chr20","2933001","2933308","KN296435v1","2563437","2563748","43","369564"
"chr20","2944005","2944305","KN294172v1","4261970","4262272","33","1317965"
"chr20","2949511","2949639","KN295633v1","277836","277971","18","2671675"
"chr20","2949943","2950097","KN296516v1","50755","50899","33","2899188"
"chr20","2955760","2956066","KN295893v1","178302","178608","44","2777458"
"chr20","2984953","2985022","KN295096v1","584550","584618","14","2400403"
"chr20","3104101","3104393","KN297219v1","1176169","1176462","39","1927932"
"chr20","3384986","3385282","KN294262v1","2471856","2472160","45","913130"
"chr20","3857640","3857725","KN295671v1","54529","54606","19","3803111"
"chr20","4016926","4016965","KN294897v1","454866","454898","9","3562060"
"chr20","4206554","4206868","KN295236v1","2465192","2465497","41","1741362"
"chr20","4491517","4491813","KN296110v1","236033","236330","36","4255484"
"chr20","4492645","4492936","KN296547v1","1021222","1021514","38","3471423"
"chr20","4578933","4579235","KN296938v1","86218","86522","37","4492715"
"chr20","4697542","4697847","KN294457v1","1059434","1059741","37","3638108"
"chr20","4845225","4845540","KN297190v1","4639539","4639836","55","205686"
"chr20","4921012","4921105","KN295705v1","657665","657751","18","4263347"
"chr20","5270558","5270624","KN294499v1","1784824","1784889","16","3485734"
"chr20","5435625","5435766","KN295315v1","245414","245544","24","5190211"
"chr20","5436931","5437236","KN295523v1","556214","556518","35","4880717"
"chr20","5452586","5452885","KN296305v1","568169","568467","74","4884417"
"chr20","5530573","5530710","KN296153v1","522269","522408","21","5008304"
"chr20","5545200","5545504","KN295368v1","1607315","1607615","42","3937885"
"chr20","5709165","5709457","KN295666v1","599906","600199","35","5109259"
"chr20","5880670","5880969","KN296096v1","2342383","2342678","37","3538287"
"chr20","6489163","6489466","KN297141v1","152542","152844","34","6336621"
"chr20","6794326","6794632","KN294443v1","739291","739598","39","6055035"
"chr20","7215309","7215625","KN296153v1","2939571","2939879","43","4275738"
"chr20","8266603","8266915","KN297047v1","2103989","2104301","38","6162614"
"chr20","8538015","8538333","KN297141v1","152542","152844","46","8385473"
"chr20","10148816","10149128","KN295294v1","849337","849645","39","9299479"
"chr20","10705742","10706068","KN296311v1","5345840","5346147","64","5359902"
"chr20","10852170","10852432","KN297143v1","112628","112889","37","10739542"
"chr20","11119178","11119471","KN296588v1","13289","13578","40","11105889"
"chr20","11840543","11840828","KN295930v1","311356","311644","40","11529187"
"chr20","11883198","11883492","KN296594v1","636925","637224","33","11246273"
"chr20","11956169","11956455","KN294158v1","264261","264549","40","11691908"
"chr20","12535674","12535945","KN297403v1","3928","4192","33","12531746"
"chr20","12600369","12600624","KN296339v1","2024262","2024514","43","10576107"
"chr20","12780232","12780444","KN296090v1","13670","13879","33","12766562"
"chr20","13101735","13102035","KN295236v1","4569456","4569757","43","8532279"
"chr20","13421433","13421804","KN296191v1","1483522","1483838","89","11937911"
"chr20","13572982","13573266","KN294987v1","538565","538859","50","13034417"
"chr20","13681610","13681874","KN297442v1","822414","822676","38","12859196"
"chr20","14626532","14626839","KN295294v1","849337","849645","33","13777195"
"chr20","14791999","14792301","KN295601v1","632755","633050","41","14159244"
"chr20","15035157","15035468","KN297078v1","881035","881338","35","14154122"
"chr20","15957353","15957648","KN295244v1","318312","318607","27","15639041"
"chr20","16431089","16431373","KN296635v1","5254836","5255128","58","11176253"
"chr20","16604866","16605161","KN294457v1","1018677","1018971","36","15586189"
"chr20","17115561","17115852","KN296495v1","1093157","1093447","54","16022404"
"chr20","17818392","17818701","KN296743v1","245342","245652","33","17573050"
"chr20","18242760","18243055","KN294439v1","300738","301034","33","17942022"
"chr20","18269332","18269638","KN294470v1","2127954","2128268","41","16141378"
"chr20","18414830","18415127","KN294790v1","51287","51583","37","18363543"
"chr20","19085326","19085595","KN296502v1","707128","707392","30","18378198"
"chr20","19687699","19687983","KN296290v1","830757","831038","32","18856942"
"chr20","19835006","19835303","KN295666v1","599906","600199","40","19235100"
"chr20","20470732","20471030","KN296157v1","3976746","3977041","36","16493986"
"chr20","21349346","21349639","KN296435v1","2165310","2165604","21","19184036"
"chr20","21693478","21693776","KN296635v1","3682782","3683079","35","18010696"
"chr20","21707502","21707816","KN296435v1","1786695","1787004","35","19920807"
"chr20","22131767","22132069","KN295294v1","849337","849645","36","21282430"
"chr20","22315537","22315850","KN297320v1","1141450","1141764","42","21174087"
"chr20","22951883","22952188","KN295236v1","753928","754234","39","22197955"
"chr20","23015036","23015325","KN294457v1","1018677","1018971","39","21996359"
"chr20","23629008","23629337","KN296435v1","227758","228094","34","23401250"
"chr20","23733695","23733999","KN294181v1","1655832","1656144","42","22077863"
"chr20","23869299","23869567","KN294603v1","63055","63320","54","23806244"
"chr20","24309677","24309987","KN295077v1","564405","564717","31","23745272"
"chr20","25090862","25091180","KN297044v1","71112","71430","53","25019750"
"chr20","25648318","25648606","KN294911v1","3828337","3828631","47","21819981"
"chr20","25777632","25777926","KN295039v1","307776","308070","35","25469856"
"chr20","25824714","25825006","KN296883v1","3124205","3124494","39","22700509"
"chr20","26014079","26014370","KN295236v1","1718173","1718471","53","24295906"
"chr20","28340863","28341169","KN294385v1","503196","503497","43","27837667"
"chr20","28404789","28405095","KN294443v1","739291","739598","32","27665498"
"chr20","29149423","29149552","KN294175v1","151478","151601","32","28997945"
"chr20","29157445","29157732","KN295706v1","150980","151270","33","29006465"
"chr20","29187551","29187844","KN294879v1","694535","694829","39","28493016"
"chr20","29191208","29191508","KN294790v1","94668","94968","38","29096540"
"chr20","29198038","29198330","KN296062v1","1571490","1571788","41","27626548"
"chr20","29200366","29200668","KN296580v1","116642","116943","40","29083724"
"chr20","29355081","29355396","KN294266v1","416253","416561","38","28938828"
"chr20","29527479","29527713","KN296538v1","326328","326563","38","29201151"
"chr20","29677860","29678144","KN294705v1","88883","89167","33","29588977"
"chr20","29683223","29683516","KN295107v1","1283723","1284018","36","28399500"
"chr20","29741865","29742154","KN295706v1","150980","151270","37","29590885"
"chr20","29807001","29807269","KN296225v1","483804","484076","43","29323197"
"chr20","29820330","29820380","KN297133v1","1703194","1703245","7","28117136"
"chr20","29833791","29834097","KN294443v1","739291","739598","40","29094500"
"chr20","29908712","29909012","KN296460v1","130610","130915","42","29778102"
"chr20","30099179","30099462","KN294987v1","346285","346567","34","29752894"
"chr20","30283016","30283322","KN294172v1","5183828","5184128","42","25099188"
"chr20","30490249","30490551","KN294172v1","346409","346717","35","30143840"
"chr20","30571940","30572248","KN295034v1","882100","882408","29","29689840"
"chr20","30852620","30852923","KN296305v1","568169","568467","45","30284451"
"chr20","30905267","30905532","KN296119v1","220472","220721","38","30684795"
"chr20","30996093","30996394","KN296244v1","376974","377272","33","30619119"
"chr20","31165346","31165635","KN296119v1","5183586","5183875","32","25981760"
"chr20","31528995","31529284","KN294325v1","671385","671685","43","30857610"
"chr20","31617785","31618098","KN295294v1","849337","849645","36","30768448"
"chr20","31717350","31717562","KN297242v1","308315","308525","41","31409035"
"chr20","31899241","31899540","KN296541v1","1931951","1932251","32","29967290"
"chr20","32207297","32207608","KN295090v1","841424","841742","60","31365873"
"chr20","32288363","32288667","KN296311v1","4306981","4307286","34","27981382"
"chr20","32410785","32411097","KN296062v1","1286121","1286436","37","31124664"
"chr20","32561639","32561935","KN295420v1","192549","192848","41","32369090"
"chr20","32580841","32580935","KN295894v1","637442","637535","18","31943399"
"chr20","32600058","32600363","KN295090v1","2881719","2882025","44","29718339"
"chr20","32630082","32630392","KN295114v1","97982","98291","40","32532100"
"chr20","32671796","32672093","KN295706v1","150980","151270","39","32520816"
"chr20","32751518","32751833","KN294407v1","707064","707376","35","32044454"
"chr20","32873952","32874249","KN297403v1","31686","31980","33","32842266"
"chr20","32989386","32989705","KN294856v1","400185","400505","47","32589201"
"chr20","33101398","33101694","KN295667v1","595363","595651","38","32506035"
"chr20","33189768","33190066","KN294172v1","4261970","4262272","40","28927798"
"chr20","33227472","33227765","KN297046v1","1128973","1129268","40","32098499"
"chr20","33272998","33273274","KN297046v1","1054099","1054380","49","32218899"
"chr20","33696635","33696931","KN295601v1","1054911","1055206","44","32641724"
"chr20","33883630","33883926","KN297197v1","1630263","1630561","47","32253367"
"chr20","33939275","33939566","KN296096v1","2342383","2342678","46","31596892"
"chr20","34062342","34062616","KN295820v1","258888","259166","43","33803454"
"chr20","34133130","34133400","KN296119v1","5542054","5542329","38","28591076"
"chr20","34188714","34188973","KN294172v1","6338447","6338691","57","27850267"
"chr20","34193544","34193850","KN294443v1","739291","739598","34","33454253"
"chr20","34278038","34278342","KN296635v1","5238302","5238600","38","29039736"
"chr20","34333423","34333729","KN294443v1","739291","739598","31","33594132"
"chr20","34591641","34591745","KN295667v1","1196716","1196821","14","33394925"
"chr20","34648641","34648980","KN294451v1","1154894","1155195","75","33493747"
"chr20","35043424","35043717","KN297197v1","4305535","4305831","31","30737889"
"chr20","35360386","35360686","KN296305v1","568169","568467","38","34792217"
"chr20","35545381","35545665","KN294443v1","726968","727252","32","34818413"
"chr20","35984607","35984907","KN294439v1","300738","301034","45","35683869"
"chr20","36358766","36359072","KN295459v1","634986","635295","37","35723780"
"chr20","36361909","36362194","KN294325v1","671385","671685","40","35690524"
"chr20","36374955","36375263","KN294911v1","2469693","2469997","41","33905262"
"chr20","36788768","36789050","KN295967v1","435515","435802","43","36353253"
"chr20","38405717","38406025","KN295090v1","2881719","2882025","34","35523998"
"chr20","38629578","38629862","KN295244v1","318312","318607","41","38311266"
"chr20","39092903","39093202","KN295045v1","1088023","1088324","38","38004880"
"chr20","39385491","39385781","KN295633v1","161032","161323","43","39224459"
"chr20","39470659","39470930","KN296021v1","27979","28260","43","39442680"
"chr20","40000002","40000194","KN294739v1","833278","833462","32","39166724"
"chr20","40200601","40200765","KN296932v1","69753","69926","27","40130848"
"chr20","40269361","40269661","KN297274v1","1207421","1207728","46","39061940"
"chr20","40686904","40687187","KN297121v1","161380","161653","46","40525524"
"chr20","41005185","41005489","KN295894v1","2318578","2318877","37","38686607"
"chr20","41059550","41059831","KN296109v1","1150977","1151256","48","39908573"
"chr20","41701143","41701350","KN297404v1","144735","144940","39","41556408"
"chr20","41717792","41718078","KN296096v1","2743314","2743604","38","38974478"
"chr20","41755839","41756121","KN296311v1","5007248","5007529","52","36748591"
"chr20","41969246","41969554","KN294439v1","300738","301034","43","41668508"
"chr20","42416928","42417228","KN294458v1","909867","910169","45","41507061"
"chr20","42530408","42530707","KN294987v1","364320","364620","36","42166088"
"chr20","43048704","43048983","KN294987v1","267799","268080","43","42780905"
"chr20","43162023","43162111","KN295692v1","1885548","1885632","13","41276475"
"chr20","43209457","43209753","KN296752v1","519278","519575","29","42690179"
"chr20","43274000","43274293","KN295244v1","318312","318607","43","42955688"
"chr20","43295311","43295612","KN295666v1","1045930","1046226","42","42249381"
"chr20","43321769","43322067","KN296635v1","126740","127032","36","43195029"
"chr20","43390692","43390984","KN297008v1","400368","400667","45","42990324"
"chr20","43462469","43462774","KN294172v1","4261970","4262272","37","39200499"
"chr20","44198921","44199217","KN296311v1","5346181","5346473","31","38852740"
"chr20","44410220","44410525","KN296865v1","1933794","1934101","37","42476426"
"chr20","44532259","44532556","KN296303v1","373645","373940","33","44158614"
"chr20","44601357","44601660","KN296749v1","264936","265241","38","44336421"
"chr20","44647506","44647784","KN295371v1","35690","35974","46","44611816"
"chr20","44739992","44740160","KN294172v1","1604931","1605105","25","43135061"
"chr20","44829928","44830242","KN294922v1","62662","62959","74","44767266"
"chr20","44869431","44869719","KN295706v1","150980","151270","36","44718451"
"chr20","44917330","44917571","KN296153v1","3908850","3909065","62","41008480"
"chr20","44983516","44983812","KN294439v1","300738","301034","35","44682778"
"chr20","45010192","45010480","KN295102v1","20527","20821","40","44989665"
"chr20","45507936","45508208","KN295561v1","191403","191659","47","45316533"
"chr20","45569640","45569948","KN295294v1","849337","849645","40","44720303"
"chr20","45846808","45847105","KN296948v1","914496","914793","37","44932312"
"chr20","46348958","46349194","KN296698v1","98867","99095","43","46250091"
"chr20","46409137","46409475","KN297154v1","1615519","1615836","67","44793618"
"chr20","46471455","46471748","KN294439v1","300738","301034","37","46170717"
"chr20","46531452","46531762","KN294407v1","1806724","1807035","35","44724728"
"chr20","46543690","46543985","KN296508v1","1861452","1861744","35","44682238"
"chr20","46559001","46559141","KN296516v1","50755","50899","25","46508246"
"chr20","46577134","46577220","KN295753v1","279661","279750","15","46297473"
"chr20","46653699","46653998","KN294439v1","300738","301034","39","46352961"
"chr20","47055051","47055345","KN297259v1","851931","852224","29","46203120"
"chr20","47127725","47128038","KN295717v1","1411094","1411403","40","45716631"
"chr20","47169289","47169588","KN296404v1","2965711","2966008","31","44203578"
"chr20","47299688","47299985","KN295533v1","2478184","2478484","36","44821504"
"chr20","47356076","47356372","KN295236v1","133925","134230","43","47222151"
"chr20","47477796","47478125","KN295107v1","660829","661157","66","46816967"
"chr20","47550153","47550441","KN296322v1","1987116","1987405","65","45563037"
"chr20","47966009","47966320","KN296847v1","440460","440765","37","47525549"
"chr20","48031462","48031708","KN297190v1","5993054","5993304","39","42038408"
"chr20","48069567","48069870","KN295975v1","53540","53846","37","48016027"
"chr20","48095376","48095687","KN296062v1","1513349","1513658","45","46582027"
"chr20","48167012","48167277","KN296292v1","12823","13089","52","48154189"
"chr20","48171327","48171623","KN295497v1","713655","713954","43","47457672"
"chr20","48231706","48232005","KN295596v1","1653699","1653998","33","46578007"
"chr20","48447467","48447747","KN296000v1","1093131","1093411","40","47354336"
"chr20","48501559","48501869","KN296646v1","220937","221250","39","48280622"
"chr20","48685986","48686319","KN297028v1","46668","46962","76","48639318"
"chr20","48740756","48741048","KN295523v1","3591094","3591391","30","45149662"
"chr20","49005810","49006104","KN295523v1","3325135","3325432","30","45680675"
"chr20","49132519","49132808","KN295523v1","3194371","3194661","18","45938148"
"chr20","49143488","49143789","KN297205v1","197352","197649","42","48946136"
"chr20","49193790","49194100","KN295533v1","2550969","2551279","44","46642821"
"chr20","49257331","49257641","KN295074v1","341643","341951","44","48915688"
"chr20","49351955","49352265","KN295975v1","53540","53846","38","49298415"
"chr20","49369951","49370245","KN295294v1","1260280","1260565","80","48109671"
"chr20","49374449","49374739","KN295523v1","2951315","2951605","19","46423134"
"chr20","49429064","49429372","KN295523v1","2887577","2887883","24","46541487"
"chr20","49474587","49474880","KN296311v1","5346181","5346473","35","44128406"
"chr20","49483083","49483367","KN295523v1","2840883","2841179","29","46642200"
"chr20","49705771","49706070","KN295526v1","228444","228746","40","49477327"
"chr20","50082289","50082582","KN295244v1","318312","318607","37","49763977"
"chr20","50291255","50291538","KN295523v1","2002656","2002937","19","48288599"
"chr20","50304263","50304558","KN296580v1","101572","101868","35","50202691"
"chr20","51002673","51002957","KN296743v1","1660722","1660997","51","49341951"
"chr20","51034893","51035208","KN296743v1","245342","245652","43","50789551"
"chr20","51187247","51187551","KN295523v1","1096485","1096786","39","50090762"
"chr20","51363777","51364060","KN294239v1","580864","581146","41","50782913"
"chr20","51663664","51663976","KN295294v1","849337","849645","32","50814327"
"chr20","51872376","51872665","KN295995v1","775102","775384","46","51097274"
"chr20","52213904","52214205","KN296681v1","1459229","1459527","41","50754675"
"chr20","54081165","54081481","KN295236v1","753928","754234","36","53327237"
"chr20","54240611","54240684","KN295893v1","21090","21160","12","54219521"
"chr20","54242490","54242790","KN295533v1","2478184","2478484","35","51764306"
"chr20","54297788","54298086","KN295523v1","556214","556518","36","53741574"
"chr20","54305505","54305814","KN295893v1","84727","85036","25","54220778"
"chr20","54328244","54328542","KN295893v1","109989","110291","28","54218255"
"chr20","54393834","54394172","KN294407v1","1840936","1841273","48","52552898"
"chr20","54478719","54479011","KN295893v1","267013","267305","30","54211706"
"chr20","54875423","54875755","KN295893v1","680493","680824","59","54194930"
"chr20","54946493","54946791","KN295893v1","750992","751287","18","54195501"
"chr20","55430369","55430682","KN295893v1","1250354","1250667","22","54180015"
"chr20","55441565","55441874","KN295893v1","1261531","1261839","20","54180034"
"chr20","55579689","55579960","KN297047v1","4130656","4130943","43","51449033"
"chr20","56109601","56109908","KN295893v1","1933736","1934041","37","54175865"
"chr20","56668507","56668785","KN296311v1","4488740","4489022","52","52179767"
"chr20","56675162","56675468","KN295708v1","1471221","1471525","37","55203941"
"chr20","56773699","56774009","KN296322v1","2331544","2331850","40","54442155"
"chr20","57986546","57986842","KN295244v1","318312","318607","32","57668234"
"chr20","58161662","58161978","KN294470v1","2127954","2128268","41","56033708"
"chr20","59069212","59069527","KN295893v1","4831664","4831980","28","54237548"
"chr20","59332348","59332669","KN295142v1","809109","809420","45","58523239"
"chr20","59722742","59723044","KN297197v1","1630263","1630561","38","58092479"
"chr20","59938132","59938449","KN295705v1","662266","662578","39","59275866"
"chr20","60061165","60061459","KN296520v1","1624939","1625235","35","58436226"
"chr20","60598520","60598811","KN295893v1","6384210","6384509","28","54214310"
"chr20","60814423","60814728","KN295893v1","6635023","6635327","26","54179400"
"chr20","61546516","61546810","KN295430v1","2487355","2487647","35","59059161"
"chr20","61577763","61578054","KN297112v1","5826102","5826396","31","55751661"
"chr20","61578788","61579085","KN296381v1","517426","517720","39","61061362"
"chr20","61649155","61649470","KN295343v1","627294","627603","43","61021861"
"chr20","61728962","61729273","KN294372v1","1186525","1186831","50","60542437"
"chr20","61816937","61817234","KN296528v1","1485437","1485734","36","60331500"
"chr20","61828492","61828596","KN296134v1","25371","25479","32","61803121"
"chr20","62140008","62140295","KN296588v1","13289","13578","28","62126719"
"chr21","14198248","14198539","KN295236v1","3645629","3645922","43","10552619"
"chr21","15484935","15485236","KN296365v1","1687288","1687593","41","13797647"
"chr21","15542130","15542425","KN296635v1","2257953","2258248","32","13284177"
"chr21","15848185","15848544","KN296554v1","22598","22982","88","15825587"
"chr21","16520368","16520674","KN295459v1","164910","165209","52","16355458"
"chr21","16660887","16661196","KN296825v1","520254","520563","38","16140633"
"chr21","17441413","17441726","KN295936v1","797665","797975","37","16643748"
"chr21","17557297","17557579","KN296063v1","1001562","1001853","41","16555735"
"chr21","17681393","17681531","KN295871v1","1133038","1133184","28","16548355"
"chr21","18128103","18128405","KN296528v1","1485437","1485734","40","16642666"
"chr21","18167848","18168154","KN296743v1","245342","245652","40","17922506"
"chr21","18370267","18370552","KN294987v1","346285","346567","36","18023982"
"chr21","18623622","18623697","KN297153v1","1323853","1323933","14","17299769"
"chr21","19079424","19079640","KN294158v1","392232","392464","45","18687192"
"chr21","19097082","19097386","KN295142v1","809109","809420","44","18287973"
"chr21","19523176","19523458","KN295433v1","452233","452511","35","19070943"
"chr21","19722224","19722527","KN297442v1","2741303","2741611","38","16980921"
"chr21","20293742","20294034","KN296153v1","1422592","1422886","40","18871150"
"chr21","20557900","20558182","KN296732v1","3671264","3671550","41","16886636"
"chr21","20647729","20648034","KN295202v1","1820464","1820769","43","18827265"
"chr21","20750237","20750525","KN296594v1","636925","637224","41","20113312"
"chr21","21112286","21112586","KN295533v1","2478184","2478484","40","18634102"
"chr21","22338550","22338862","KN295294v1","849337","849645","44","21489213"
"chr21","22363643","22363926","KN294987v1","346285","346567","43","22017358"
"chr21","23061899","23062197","KN295586v1","3926458","3926758","37","19135441"
"chr21","23685705","23686009","KN295894v1","2318578","2318877","42","21367127"
"chr21","25869788","25870018","KN295967v1","1669086","1669314","41","24200702"
"chr21","26403727","26404012","KN294493v1","325938","326234","41","26077789"
"chr21","27164734","27165032","KN295244v1","318312","318607","38","26846422"
"chr21","27358268","27358347","KN294372v1","2493314","2493391","14","24864954"
"chr21","27660348","27660655","KN294172v1","4261970","4262272","39","23398378"
"chr21","27849570","27849852","KN294239v1","580864","581146","31","27268706"
"chr21","28541664","28541952","KN295107v1","1283723","1284018","35","27257941"
"chr21","28830535","28830661","KN294458v1","1638615","1638741","25","27191920"
"chr21","28944828","28945133","KN295854v1","1527413","1527713","23","27417415"
"chr21","29332752","29332838","KN295692v1","3721081","3721169","19","25611671"
"chr21","29635834","29636009","KN294172v1","1604931","1605105","22","28030903"
"chr21","29636062","29636189","KN295405v1","1708196","1708328","14","27927866"
"chr21","30059706","30059998","KN296588v1","13289","13578","31","30046417"
"chr21","30073750","30074049","KN296305v1","568169","568467","35","29505581"
"chr21","30369444","30369742","KN295596v1","3080087","3080384","35","27289357"
"chr21","30924156","30924458","KN294821v1","89447","89748","39","30834709"
"chr21","31015117","31015175","KN297094v1","75794","75851","8","30939323"
"chr21","31195746","31196055","KN294269v1","729417","729728","21","30466329"
"chr21","31259361","31259646","KN295666v1","242323","242613","40","31017038"
"chr21","31380338","31380513","KN295633v1","1233098","1233272","24","30147240"
"chr21","31826156","31826438","KN294456v1","1570309","1570590","39","30255847"
"chr21","32056531","32056847","KN295368v1","1059789","1060099","48","30996742"
"chr21","32231807","32232111","KN296865v1","1933794","1934101","36","30298013"
"chr21","32411969","32412284","KN296406v1","76428","76742","37","32335541"
"chr21","32501471","32501764","KN294739v1","599901","600196","33","31901570"
"chr21","33226443","33226495","KN297133v1","1703194","1703245","7","31523249"
"chr21","33314622","33314913","KN296508v1","20473","20772","38","33294149"
"chr21","33414952","33415201","KN295736v1","509382","509628","45","32905570"
"chr21","33451140","33451444","KN295090v1","2881719","2882025","45","30569421"
"chr21","33597368","33597679","KN297197v1","826059","826368","42","32771309"
"chr21","33725823","33726108","KN297046v1","2040908","2041203","44","31684915"
"chr21","33797178","33797495","KN295894v1","886145","886454","58","32911033"
"chr21","34202153","34202457","KN297274v1","1207421","1207728","39","32994732"
"chr21","34326958","34327273","KN294790v1","6452634","6452946","41","27874324"
"chr21","34486316","34486626","KN296520v1","403692","403997","39","34082624"
"chr21","34612994","34613299","KN295633v1","1132130","1132430","40","33480864"
"chr21","34615508","34615829","KN294181v1","1488459","1488767","50","33127049"
"chr21","34761831","34762112","KN294218v1","740587","740864","41","34021244"
"chr21","35557734","35558029","KN294439v1","300738","301034","36","35256996"
"chr21","35665868","35666163","KN295410v1","667929","668225","43","34997939"
"chr21","35718998","35719310","KN295907v1","1622346","1622658","39","34096652"
"chr21","35832743","35833034","KN296096v1","2743314","2743604","33","33089429"
"chr21","35876738","35877040","KN294536v1","431967","432266","33","35444771"
"chr21","35973051","35973353","KN294893v1","301857","302162","39","35671194"
"chr21","35993780","35994092","KN294842v1","798735","799047","38","35195045"
"chr21","36007655","36007945","KN295995v1","701326","701608","47","35306329"
"chr21","36089743","36089983","KN294705v1","353065","353305","44","35736678"
"chr21","36093256","36093424","KN294705v1","1028612","1028758","49","35064644"
"chr21","36116409","36116706","KN294439v1","300738","301034","31","35815671"
"chr21","36135592","36135879","KN294181v1","1427693","1427982","25","34707899"
"chr21","36166760","36166947","KN294739v1","833278","833462","30","35333482"
"chr21","36168574","36168879","KN296225v1","183514","183826","43","35985060"
"chr21","36311796","36312084","KN294181v1","1249228","1249516","24","35062568"
"chr21","36443452","36443737","KN297322v1","643718","644004","37","35799734"
"chr21","36615034","36615343","KN295294v1","849337","849645","39","35765697"
"chr21","36931177","36931464","KN296588v1","13289","13578","35","36917888"
"chr21","37006849","37007149","KN294911v1","5013700","5014002","40","31993149"
"chr21","37027556","37027867","KN294181v1","519559","519879","36","36507997"
"chr21","37043556","37043845","KN296303v1","373645","373940","41","36669911"
"chr21","37249147","37249416","KN294387v1","2084516","2084785","34","35164631"
"chr21","38020031","38020338","KN296365v1","1687288","1687593","23","36332743"
"chr21","38466440","38466734","KN294172v1","4044399","4044693","39","34422041"
"chr21","38904407","38904707","KN296365v1","808092","808394","26","38096315"
"chr21","38955507","38955811","KN294856v1","342348","342654","36","38613159"
"chr21","38985667","38985966","KN294172v1","2441614","2441913","37","36544053"
"chr21","39064393","39064681","KN294281v1","1346508","1346791","45","37717885"
"chr21","39160224","39160537","KN296365v1","527375","527682","37","38632849"
"chr21","39692056","39692350","KN295114v1","252240","252533","36","39439816"
"chr21","40004333","40004647","KN294407v1","707064","707376","40","39297269"
"chr21","40009345","40009649","KN294439v1","300738","301034","42","39708607"
"chr21","40119112","40119417","KN294172v1","4261970","4262272","42","35857142"
"chr21","40406997","40407301","KN297141v1","152542","152844","37","40254455"
"chr21","40415951","40416240","KN295706v1","150980","151270","39","40264971"
"chr21","41195673","41195985","KN294874v1","417401","417713","34","40778272"
"chr21","41221832","41222173","KN295077v1","564405","564717","73","40657427"
"chr21","42016359","42016666","KN296435v1","2563437","2563748","41","39452922"
"chr21","42330427","42330740","KN296743v1","245342","245652","34","42085085"
"chr21","42333117","42333387","KN295441v1","1494791","1495062","49","40838326"
"chr21","42360553","42360861","KN295074v1","341643","341951","43","42018910"
"chr21","42374735","42375028","KN294372v1","1816578","1816877","40","40558157"
"chr21","42412944","42413255","KN296435v1","2563437","2563748","45","39849507"
"chr21","42461650","42461947","KN296167v1","360416","360717","42","42101234"
"chr21","42636626","42636775","KN294257v1","1519774","1519923","23","41116852"
"chr21","42691291","42691586","KN294821v1","89447","89748","37","42601844"
"chr21","42725769","42726068","KN294439v1","300738","301034","40","42425031"
"chr21","42759734","42760038","KN295967v1","550401","550707","37","42209333"
"chr21","42999772","43000000","KN297154v1","749863","750096","41","42249909"
"chr21","43086050","43086276","KN295523v1","3140974","3141195","46","39945076"
"chr21","43142498","43142621","KN296261v1","7345","7469","12","43135153"
"chr21","43143801","43144110","KN296261v1","8674","8974","26","43135127"
"chr21","43252502","43252776","KN296261v1","119882","120152","28","43132620"
"chr21","43264735","43265027","KN295041v1","208870","209171","45","43055865"
"chr21","43337205","43337488","KN296311v1","4488740","4489022","37","38848465"
"chr21","43445186","43445498","KN296062v1","1513349","1513658","35","41931837"
"chr21","43598404","43598700","KN296261v1","467762","468058","41","43130642"
"chr21","43654086","43654385","KN295705v1","145822","146116","37","43508264"
"chr21","43757823","43758131","KN296261v1","636941","637251","26","43120882"
"chr21","44373475","44373787","KN294945v1","569667","569979","33","43803808"
"chr21","44413864","44414087","KN295591v1","1504268","1504496","35","42909596"
"chr21","44501416","44501719","KN295294v1","849337","849645","29","43652079"
"chr21","44617421","44617711","KN296520v1","1624939","1625235","30","42992482"
"chr21","44636179","44636474","KN296520v1","1603910","1604204","32","43032269"
"chr21","44828049","44828325","KN297165v1","614060","614338","47","44213989"
"chr21","45479839","45480122","KN296520v1","826461","826753","37","44653378"
"chr21","45550260","45550567","KN296520v1","759256","759572","32","44791004"
"chr21","45910975","45911075","KN297354v1","262541","262645","21","45648434"
"chr21","46068162","46068331","KN296955v1","127201","127367","23","45940961"
"chr22","44171140","44171446","KN295142v1","809109","809420","43","43362031"
"chr22","16266073","16266265","KN296932v1","69753","69926","45","16196320"
"chr22","16454111","16454408","KN295433v1","864270","864578","40","15589841"
"chr22","16493759","16494038","KN295825v1","1372270","1372545","68","15121489"
"chr22","16839511","16839797","KN296079v1","1115350","1115639","37","15724161"
"chr22","17417821","17418119","KN294172v1","652149","652461","41","16765672"
"chr22","17545741","17546042","KN295596v1","3080087","3080384","43","14465654"
"chr22","17741511","17741757","KN297215v1","694653","694889","52","17046858"
"chr22","17757693","17757886","KN297044v1","372903","373088","34","17384790"
"chr22","17807658","17807956","KN296635v1","3763561","3763853","34","14044097"
"chr22","17831110","17831417","KN295671v1","216235","216540","39","17614875"
"chr22","18357549","18357855","KN294991v1","933720","934011","52","17423829"
"chr22","19190703","19191003","KN295244v1","318312","318607","42","18872391"
"chr22","19232917","19233230","KN296424v1","355130","355434","37","18877787"
"chr22","19241067","19241360","KN296424v1","346975","347277","29","18894092"
"chr22","19316040","19316341","KN294650v1","254184","254484","35","19061856"
"chr22","19535510","19535818","KN294416v1","327416","327717","42","19208094"
"chr22","19545070","19545383","KN295531v1","74200","74508","43","19470870"
"chr22","19612034","19612338","KN295090v1","2881719","2882025","48","16730315"
"chr22","20310067","20310365","KN295533v1","2478184","2478484","40","17831883"
"chr22","20418420","20418709","KN296040v1","950807","951097","40","19467613"
"chr22","20435543","20435849","KN294893v1","177646","177958","49","20257897"
"chr22","20501985","20502282","KN295633v1","161032","161323","34","20340953"
"chr22","21996548","21996832","KN296035v1","844275","844552","46","21152273"
"chr22","22551648","22551952","KN297114v1","6482","6786","40","22545166"
"chr22","22636620","22636918","KN294172v1","2441614","2441913","37","20195006"
"chr22","22650042","22650157","KN294416v1","397178","397288","20","22252864"
"chr22","22653424","22653723","KN296775v1","1171643","1171944","42","21481781"
"chr22","23342776","23343066","KN296311v1","5346181","5346473","30","17996595"
"chr22","23404827","23405120","KN297026v1","205762","206051","37","23199065"
"chr22","23456404","23456704","KN297094v1","24257","24559","32","23432147"
"chr22","23517098","23517377","KN297094v1","83549","83833","25","23433549"
"chr22","23520062","23520360","KN295666v1","599906","600199","33","22920156"
"chr22","23583973","23584230","KN296784v1","119851","120113","36","23464122"
"chr22","23654240","23654539","KN296404v1","2965711","2966008","37","20688529"
"chr22","23665620","23665915","KN295706v1","150980","151270","41","23514640"
"chr22","23696282","23696562","KN295371v1","35690","35974","34","23660592"
"chr22","24028583","24028893","KN295294v1","849337","849645","33","23179246"
"chr22","24084676","24084980","KN297184v1","790654","790958","38","23294022"
"chr22","24231265","24231562","KN297197v1","4305535","4305831","41","19925730"
"chr22","24306364","24306484","KN296365v1","692004","692128","20","23614360"
"chr22","24567023","24567322","KN295239v1","549383","549675","39","24017640"
"chr22","24814099","24814402","KN297442v1","2208300","2208607","32","22605799"
"chr22","25365791","25366101","KN297442v1","1643699","1644000","36","23722092"
"chr22","26324239","26324539","KN296594v1","636925","637224","36","25687314"
"chr22","26952583","26952883","KN294181v1","1471324","1471621","38","25481259"
"chr22","26979252","26979559","KN295531v1","74200","74508","41","26905052"
"chr22","27334147","27334449","KN294416v1","327416","327717","38","27006731"
"chr22","27395846","27396129","KN294842v1","74709","74995","25","27321137"
"chr22","27405266","27405574","KN295236v1","753928","754234","30","26651338"
"chr22","27529138","27529431","KN294842v1","203980","204278","29","27325158"
"chr22","27538576","27538887","KN296062v1","1513349","1513658","45","26025227"
"chr22","27587914","27588214","KN294439v1","300738","301034","33","27287176"
"chr22","28020368","28020660","KN295706v1","150980","151270","30","27869388"
"chr22","28027109","28027408","KN294842v1","616585","616891","20","27410524"
"chr22","28029149","28029386","KN296311v1","6042935","6043176","35","21986214"
"chr22","28149980","28150287","KN296322v1","2331544","2331850","43","25818436"
"chr22","28369412","28369711","KN294842v1","959846","960139","24","27409566"
"chr22","28434133","28434438","KN294842v1","1022348","1022659","29","27411785"
"chr22","29054144","29054452","KN294842v1","1665488","1665798","31","27388656"
"chr22","29204722","29205008","KN294439v1","300738","301034","51","28903984"
"chr22","29231465","29231757","KN296096v1","1460921","1461213","44","27770544"
"chr22","29440936","29441249","KN296004v1","40917","41230","41","29400019"
"chr22","29451412","29451715","KN296665v1","123981","124282","29","29327431"
"chr22","29474979","29475251","KN296959v1","1187668","1187943","47","28287311"
"chr22","29512477","29512782","KN296665v1","193528","193836","32","29318949"
"chr22","29573159","29573459","KN294837v1","387266","387564","35","29185893"
"chr22","29607264","29607551","KN295045v1","39786","40078","40","29567478"
"chr22","29619097","29619400","KN294433v1","763042","763340","51","28856055"
"chr22","29740572","29740671","KN294705v1","2216781","2216882","17","27523791"
"chr22","29788592","29788885","KN296588v1","13289","13578","55","29775303"
"chr22","29970596","29970904","KN295107v1","1283723","1284018","49","28686873"
"chr22","30210617","30210926","KN295045v1","603133","603451","30","29607484"
"chr22","30240118","30240416","KN296520v1","1624939","1625235","35","28615179"
"chr22","30249814","30250095","KN296311v1","5007248","5007529","43","25242566"
"chr22","30347903","30348191","KN295045v1","762069","762358","23","29585834"
"chr22","30385795","30386103","KN294407v1","2194605","2194919","53","28191190"
"chr22","30417722","30418028","KN295893v1","178302","178608","42","30239420"
"chr22","30737932","30738211","KN294269v1","1626233","1626504","67","29111699"
"chr22","30954666","30954978","KN294407v1","707064","707376","34","30247602"
"chr22","31695083","31695393","KN296079v1","668720","669021","45","31026363"
"chr22","31966893","31967187","KN294630v1","545291","545587","42","31421602"
"chr22","32399955","32400259","KN295487v1","150380","150684","33","32249575"
"chr22","32470114","32470388","KN296743v1","1660722","1660997","39","30809392"
"chr22","32526842","32527132","KN294458v1","148633","148926","38","32378209"
"chr22","32533317","32533628","KN296775v1","754705","755004","37","31778612"
"chr22","32634804","32635119","KN294372v1","1256417","1256721","52","31378387"
"chr22","33593905","33594219","KN295907v1","1622346","1622658","39","31971559"
"chr22","33781870","33782187","KN296743v1","245342","245652","33","33536528"
"chr22","34020831","34021122","KN294181v1","1771837","1772133","33","32248994"
"chr22","34204627","34204938","KN294443v1","739291","739598","37","33465336"
"chr22","34254785","34255018","KN296108v1","1008472","1008714","42","33246313"
"chr22","34366286","34366586","KN296305v1","727438","727730","43","33638848"
"chr22","34430186","34430493","KN296743v1","245342","245652","40","34184844"
"chr22","34481957","34482241","KN296635v1","126740","127032","42","34355217"
"chr22","34547932","34548158","KN296153v1","3029268","3029486","31","31518664"
"chr22","34699263","34699570","KN296864v1","1379763","1380073","36","33319500"
"chr22","34841975","34842265","KN294457v1","1018677","1018971","39","33823298"
"chr22","35163080","35163355","KN297133v1","1618181","1618455","41","33544899"
"chr22","35178692","35178988","KN296303v1","373645","373940","30","34805047"
"chr22","35228925","35229220","KN295706v1","150980","151270","35","35077945"
"chr22","35264972","35265280","KN296096v1","2223591","2223902","34","33041381"
"chr22","35286683","35286928","KN296625v1","62627","62884","54","35224056"
"chr22","35331782","35332082","KN296404v1","1840967","1841270","35","33490815"
"chr22","35634325","35634637","KN296404v1","1598663","1598963","47","34035662"
"chr22","35639703","35639985","KN295112v1","143484","143749","55","35496219"
"chr22","36073957","36074237","KN295607v1","4148434","4148717","38","31925523"
"chr22","36187697","36187992","KN294987v1","1615569","1615864","39","34572128"
"chr22","36247311","36247594","KN297403v1","31686","31980","37","36215625"
"chr22","36518117","36518187","KN295096v1","584550","584618","15","35933567"
"chr22","36641201","36641458","KN296402v1","544737","545001","54","36096464"
"chr22","36686788","36687087","KN294439v1","300738","301034","39","36386050"
"chr22","36714164","36714465","KN294443v1","739291","739598","35","35974873"
"chr22","36887319","36887609","KN295326v1","317964","318263","48","36569355"
"chr22","36895787","36896098","KN294172v1","901987","902298","35","35993800"
"chr22","37064151","37064182","KN296484v1","1007511","1007546","15","36056640"
"chr22","37064444","37064526","KN295705v1","657665","657751","14","36406779"
"chr22","37248670","37248966","KN295907v1","2582419","2582721","49","34666251"
"chr22","37519326","37519638","KN296435v1","2563437","2563748","37","34955889"
"chr22","37768951","37769259","KN295090v1","2881719","2882025","44","34887232"
"chr22","37795291","37795550","KN294897v1","502271","502537","53","37293020"
"chr22","37806612","37806915","KN295814v1","1047369","1047675","43","36759243"
"chr22","37885159","37885456","KN294205v1","487724","488015","47","37397435"
"chr22","37922482","37922763","KN294987v1","346285","346567","36","37576197"
"chr22","38051577","38051747","KN297215v1","545203","545376","29","37506374"
"chr22","38076962","38077268","KN294443v1","739291","739598","29","37337671"
"chr22","38275150","38275433","KN296588v1","13289","13578","40","38261861"
"chr22","38714966","38715261","KN297047v1","4442061","4442354","41","34272905"
"chr22","38889011","38889169","KN296323v1","2194501","2194660","20","36694510"
"chr22","39404098","39404392","KN296538v1","1758586","1758878","36","37645512"
"chr22","39433744","39434059","KN295077v1","564405","564717","34","38869339"
"chr22","39489737","39490029","KN294172v1","6569155","6569443","26","32920582"
"chr22","39541252","39541458","KN295236v1","2103800","2104006","34","37437452"
"chr22","39716894","39717190","KN294172v1","6344733","6345035","35","33372161"
"chr22","39722143","39722391","KN294172v1","6338447","6338691","16","33383696"
"chr22","39780583","39780894","KN297197v1","826059","826368","45","38954524"
"chr22","39793409","39793703","KN294457v1","1018677","1018971","35","38774732"
"chr22","39871913","39872041","KN295428v1","232453","232577","21","39639460"
"chr22","39923982","39924264","KN296119v1","5183586","5183875","42","34740396"
"chr22","39986397","39986488","KN295402v1","1251986","1252075","18","38734411"
"chr22","39986490","39986764","KN294499v1","2257569","2257842","42","37728921"
"chr22","40004430","40004744","KN295090v1","2944195","2944504","44","37060235"
"chr22","40041677","40041969","KN297026v1","205762","206051","40","39835915"
"chr22","40083505","40083800","KN294172v1","5966521","5966798","36","34116984"
"chr22","40187618","40187920","KN294521v1","524915","525214","36","39662703"
"chr22","40230776","40231070","KN296775v1","754705","755004","43","39476071"
"chr22","40250249","40250531","KN295371v1","312819","313104","33","39937430"
"chr22","40368928","40369235","KN296865v1","1933794","1934101","37","38435134"
"chr22","40374972","40375260","KN296732v1","1455446","1455745","37","38919526"
"chr22","40435344","40435501","KN294172v1","5605181","5605340","15","34830163"
"chr22","40435817","40436014","KN294172v1","5604692","5604871","32","34831125"
"chr22","40454626","40454925","KN296062v1","1571490","1571788","39","38883136"
"chr22","40860497","40860788","KN296040v1","950807","951097","38","39909690"
"chr22","41214613","41214910","KN295633v1","1047268","1047559","49","40167345"
"chr22","41335815","41336112","KN294172v1","4663254","4663549","23","36672561"
"chr22","41759287","41759582","KN294172v1","4261970","4262272","50","37497317"
"chr22","41930488","41930795","KN295533v1","1212131","1212431","39","40718357"
"chr22","42001858","42001954","KN296308v1","1344969","1345058","23","40656889"
"chr22","42135435","42135724","KN295666v1","599906","600199","31","41535529"
"chr22","42141207","42141514","KN297141v1","152542","152844","33","41988665"
"chr22","42270790","42271080","KN296635v1","3763561","3763853","49","38507229"
"chr22","42437633","42437934","KN295487v1","150380","150684","48","42287253"
"chr22","42607589","42607867","KN295371v1","312819","313104","40","42294770"
"chr22","42712059","42712363","KN296322v1","2331544","2331850","36","40380515"
"chr22","43095978","43096283","KN297141v1","152542","152844","39","42943436"
"chr22","43142809","43143105","KN294172v1","2953492","2953801","32","40189317"
"chr22","43176352","43176651","KN296096v1","2342383","2342678","45","40833969"
"chr22","43181998","43182296","KN296580v1","116642","116943","42","43065356"
"chr22","43270365","43270662","KN294181v1","1771837","1772133","30","41498528"
"chr22","43510136","43510451","KN294172v1","2598014","2598319","38","40912122"
"chr22","43678276","43678576","KN295102v1","291073","291373","34","43387203"
"chr22","43749050","43749359","KN296486v1","163955","164261","38","43585095"
"chr22","44137653","44137945","KN296153v1","1422592","1422886","35","42715061"
"chr22","44170196","44170491","KN297190v1","4639539","4639836","47","39530657"
"chr22","44487143","44487442","KN295368v1","1855168","1855468","30","42631975"
"chr22","44516719","44517021","KN294592v1","1366519","1366825","40","43150200"
"chr22","44585331","44585637","KN294172v1","1539210","1539519","39","43046121"
"chr22","44682489","44682798","KN296938v1","86218","86522","38","44596271"
"chr22","44759087","44759378","KN295666v1","599906","600199","35","44159181"
"chr22","45222842","45223146","KN297444v1","360314","360617","31","44862528"
"chr22","45265615","45265910","KN294172v1","848325","848621","23","44417290"
"chr22","45268552","45268626","KN295623v1","464729","464795","13","44803823"
"chr22","45280569","45280880","KN296460v1","130610","130915","42","45149959"
"chr22","45351661","45351728","KN295096v1","584550","584618","10","44767111"
"chr22","45572972","45573268","KN294443v1","739291","739598","39","44833681"
"chr22","45662863","45663169","KN294172v1","430371","430682","37","45232492"
"chr22","45765411","45765697","KN294987v1","346285","346567","35","45419126"
"chr22","45785972","45786282","KN294172v1","346409","346717","41","45439563"
"chr22","46810469","46810767","KN296305v1","727438","727730","49","46083031"
"chr22","47677712","47678011","KN294172v1","4261970","4262272","42","43415742"
"chr22","47784288","47784591","KN294172v1","4261970","4262272","38","43522318"
"chr22","47969085","47969397","KN296096v1","2223591","2223902","34","45745494"
"chr22","48661840","48662128","KN297047v1","4130656","4130943","35","44531184"
"chr22","48681279","48681596","KN294172v1","6901602","6901916","36","41779677"
"chr22","49262642","49262950","KN296145v1","833078","833392","42","48429564"
"chr22","49319857","49319870","KN295893v1","7357254","7357265","6","41962603"
"chr22","49319904","49320182","KN294991v1","1364270","1364551","37","47955634"
"chr22","49440539","49440839","KN296528v1","1485437","1485734","33","47955102"
"chr22","49659790","49660101","KN295077v1","564405","564717","33","49095385"
"chr22","49925836","49926132","KN297008v1","400368","400667","36","49525468"
"chr22","49972954","49973255","KN295261v1","349783","350088","36","49623171"
"chr22","49985408","49985720","KN294181v1","1655832","1656144","35","48329576"
"chr22","49990895","49991188","KN295405v1","492804","493098","32","49498091"
"chr22","50000388","50000683","KN295666v1","599906","600199","31","49400482"
"chr22","50105575","50105882","KN295705v1","662266","662578","38","49443309"
"chr2A","30801750","30802065","KN296743v1","245342","245652","36","30556408"
"chr2A","84672299","84672574","KN296983v1","204632","204912","31","84467667"
"chr2A","224533","224832","KN295610v1","472231","472528","38","247698"
"chr2A","653489","653784","KN294439v1","300738","301034","41","352751"
"chr2A","877338","877623","KN294893v1","439595","439874","42","437743"
"chr2A","1229734","1230026","KN296833v1","9519","9815","38","1220215"
"chr2A","1385137","1385434","KN296311v1","5551109","5551405","36","4165972"
"chr2A","1578675","1578976","KN294987v1","364320","364620","36","1214355"
"chr2A","1660444","1660740","KN294439v1","300738","301034","35","1359706"
"chr2A","2363565","2363849","KN297138v1","230274","230565","45","2133291"
"chr2A","3410548","3410852","KN296594v1","636925","637224","33","2773623"
"chr2A","3475949","3476241","KN294911v1","4551473","4551760","42","1075524"
"chr2A","3678183","3678472","KN297047v1","2397344","2397638","32","1280839"
"chr2A","3834052","3834357","KN295906v1","881552","881854","43","2952500"
"chr2A","4922372","4922668","KN296096v1","2743314","2743604","52","2179058"
"chr2A","5304487","5304800","KN296883v1","926230","926542","42","4378257"
"chr2A","5905598","5905884","KN295666v1","599906","600199","43","5305692"
"chr2A","6794629","6794921","KN295045v1","762069","762358","48","6032560"
"chr2A","7098142","7098431","KN296770v1","78926","79217","37","7019216"
"chr2A","8437365","8437664","KN295236v1","753928","754234","48","7683437"
"chr2A","8911803","8912101","KN294457v1","1018677","1018971","39","7893126"
"chr2A","8923521","8923826","KN295814v1","1558400","1558704","36","7365121"
"chr2A","9257738","9257904","KN296290v1","593470","593637","24","8664268"
"chr2A","9317397","9317691","KN296036v1","1045194","1045490","46","8272203"
"chr2A","9565464","9565604","KN294451v1","163074","163214","21","9402390"
"chr2A","9568497","9568731","KN296153v1","2784510","2784728","51","6783987"
"chr2A","9655481","9655780","KN296311v1","5346181","5346473","39","4309300"
"chr2A","9752600","9752907","KN296609v1","295796","296099","47","9456804"
"chr2A","9850716","9851034","KN294790v1","6452634","6452946","50","3398082"
"chr2A","10100358","10100667","KN295523v1","556214","556518","44","9544144"
"chr2A","10707384","10707680","KN297444v1","360314","360617","39","10347070"
"chr2A","10859113","10859414","KN296305v1","568169","568467","39","10290944"
"chr2A","10964993","10965296","KN294172v1","4261970","4262272","56","6703023"
"chr2A","11257397","11257702","KN296157v1","1505253","1505555","32","9752144"
"chr2A","11561088","11561305","KN296538v1","303426","303645","33","11257662"
"chr2A","11594889","11595198","KN294893v1","301857","302162","40","11293032"
"chr2A","11598471","11598743","KN296485v1","571271","571537","47","11027200"
"chr2A","11610113","11610418","KN295315v1","1665346","1665656","38","9944767"
"chr2A","11695239","11695541","KN295236v1","2465192","2465497","32","9230047"
"chr2A","11846930","11847227","KN294552v1","1768488","1768790","28","10078442"
"chr2A","11962683","11962987","KN294552v1","1658198","1658507","32","10304485"
"chr2A","12392748","12392997","KN294415v1","178151","178407","41","12214597"
"chr2A","12982238","12982530","KN296096v1","2342383","2342678","34","10639855"
"chr2A","14380059","14380277","KN295236v1","2103800","2104006","47","12276259"
"chr2A","14418045","14418347","KN294439v1","300738","301034","45","14117307"
"chr2A","14656582","14656891","KN297050v1","99487","99797","39","14557095"
"chr2A","14740999","14741296","KN297197v1","4305535","4305831","36","10435464"
"chr2A","16062532","16062836","KN296743v1","245342","245652","36","15817190"
"chr2A","16103307","16103579","KN295459v1","140500","140772","46","15962807"
"chr2A","16118178","16118460","KN296833v1","353722","354006","32","15764456"
"chr2A","16170020","16170324","KN296311v1","4306981","4307286","42","11863039"
"chr2A","16191934","16192234","KN295294v1","3348137","3348442","40","12843797"
"chr2A","16222838","16223149","KN296306v1","1552937","1553241","51","14669901"
"chr2A","16304764","16305049","KN295984v1","2500308","2500598","36","13804456"
"chr2A","16501261","16501561","KN294439v1","300738","301034","39","16200523"
"chr2A","16957538","16957853","KN295671v1","216235","216540","51","16741303"
"chr2A","17254930","17255229","KN295294v1","849337","849645","47","16405593"
"chr2A","17514483","17514792","KN295487v1","150380","150684","48","17364103"
"chr2A","17838759","17839052","KN296731v1","1599838","1600125","35","16238921"
"chr2A","17858819","17859117","KN296948v1","914496","914793","42","16944323"
"chr2A","19000601","19000871","KN295459v1","140500","140772","44","18860101"
"chr2A","20201466","20201777","KN296062v1","1513349","1513658","43","18688117"
"chr2A","20336209","20336504","KN296594v1","636925","637224","38","19699284"
"chr2A","21210497","21210812","KN297138v1","425840","426156","47","20784657"
"chr2A","21215068","21215359","KN295984v1","2500308","2500598","45","18714760"
"chr2A","21314123","21314433","KN296513v1","962012","962324","42","20352111"
"chr2A","21472073","21472349","KN297259v1","427512","427791","50","21044561"
"chr2A","21727470","21727778","KN295294v1","849337","849645","50","20878133"
"chr2A","21744753","21745044","KN294705v1","2200725","2201020","39","19544028"
"chr2A","22483551","22483843","KN296311v1","5551109","5551405","37","16932442"
"chr2A","23912822","23913138","KN296743v1","245342","245652","31","23667480"
"chr2A","24249386","24249693","KN296865v1","1933794","1934101","36","22315592"
"chr2A","24373090","24373393","KN294911v1","2469693","2469997","37","21903397"
"chr2A","24486296","24486588","KN294446v1","93113","93404","33","24393183"
"chr2A","24749839","24750133","KN296635v1","126740","127032","40","24623099"
"chr2A","24852521","24852814","KN296635v1","3763561","3763853","34","21088960"
"chr2A","24873725","24873827","KN296062v1","1270967","1271072","13","23602758"
"chr2A","24874246","24874460","KN295236v1","2103800","2104006","37","22770446"
"chr2A","25062514","25062817","KN295596v1","3080087","3080384","39","21982427"
"chr2A","25231513","25231798","KN295236v1","4680465","4680758","43","20551048"
"chr2A","25371481","25371787","KN295523v1","2221436","2221738","38","23150045"
"chr2A","25386358","25386652","KN295633v1","161032","161323","35","25225326"
"chr2A","25444272","25444575","KN296554v1","30352","30657","39","25413920"
"chr2A","25505682","25505744","KN297366v1","203065","203117","18","25302617"
"chr2A","25651397","25651703","KN295531v1","74200","74508","32","25577197"
"chr2A","25943169","25943480","KN296406v1","76428","76742","51","25866741"
"chr2A","26140877","26141176","KN297227v1","1013431","1013731","43","25127446"
"chr2A","26223298","26223586","KN294457v1","1018677","1018971","37","25204621"
"chr2A","26335609","26335922","KN297320v1","1141450","1141764","47","25194159"
"chr2A","26342277","26342563","KN295923v1","639205","639493","34","25703072"
"chr2A","26361001","26361302","KN294987v1","1615569","1615864","47","24745432"
"chr2A","26677893","26678203","KN295531v1","74200","74508","40","26603693"
"chr2A","26923435","26923730","KN296311v1","5346181","5346473","37","21577254"
"chr2A","26929930","26930224","KN297281v1","1242808","1243100","34","25687122"
"chr2A","27119055","27119364","KN295368v1","1059789","1060099","45","26059266"
"chr2A","27234758","27235064","KN296743v1","2059074","2059384","29","25175684"
"chr2A","27380451","27380759","KN296743v1","1909800","1910104","36","25470651"
"chr2A","27435553","27435855","KN295350v1","281962","282264","37","27153591"
"chr2A","27464121","27464409","KN296731v1","1377230","1377519","31","26086891"
"chr2A","27915526","27915831","KN296322v1","2331544","2331850","38","25583982"
"chr2A","28293646","28293947","KN296096v1","2342383","2342678","37","25951263"
"chr2A","28372833","28373132","KN296743v1","916878","917189","28","27455955"
"chr2A","28377022","28377313","KN296743v1","912655","912959","35","27464367"
"chr2A","28501745","28502056","KN296743v1","788878","789188","32","27712867"
"chr2A","28561334","28561629","KN294457v1","1018677","1018971","39","27542657"
"chr2A","28806936","28807228","KN297186v1","628159","628458","44","28178777"
"chr2A","28857802","28858097","KN296635v1","5238302","5238600","37","23619500"
"chr2A","28928979","28929275","KN295244v1","318312","318607","31","28610667"
"chr2A","29043060","29043347","KN296201v1","2898707","2898989","50","26144353"
"chr2A","29201873","29202167","KN296743v1","83017","83316","28","29118856"
"chr2A","29583839","29584152","KN294945v1","204331","204640","37","29379508"
"chr2A","30785603","30785915","KN295077v1","564405","564717","39","30221198"
"chr2A","30798251","30798540","KN295091v1","2267953","2268243","41","28530298"
"chr2A","32141277","32141585","KN296992v1","30859","31165","27","32110418"
"chr2A","32905733","32906023","KN296311v1","5346181","5346473","42","27559552"
"chr2A","32927025","32927314","KN296178v1","611876","612166","36","32315149"
"chr2A","33373272","33373565","KN296036v1","1032324","1032614","38","32340948"
"chr2A","33860337","33860620","KN294964v1","662807","663094","41","33197530"
"chr2A","34914126","34914407","KN294758v1","2089262","2089542","39","32824864"
"chr2A","35079922","35080176","KN296119v1","220472","220721","35","34859450"
"chr2A","35136665","35136963","KN295157v1","50252","50544","43","35086413"
"chr2A","35641645","35641931","KN295923v1","639205","639493","43","35002440"
"chr2A","36286148","36286256","KN296460v1","492850","492957","17","35793298"
"chr2A","36297999","36298044","KN297154v1","187745","187783","15","36110254"
"chr2A","36502959","36503266","KN295236v1","753928","754234","39","35749031"
"chr2A","37729070","37729155","KN294372v1","2493314","2493391","17","35235756"
"chr2A","38281721","38282105","KN294509v1","45439","45805","96","38236282"
"chr2A","39107193","39107478","KN295666v1","221527","221815","22","38885666"
"chr2A","39127736","39128009","KN295666v1","242323","242613","37","38885413"
"chr2A","39208772","39209067","KN297197v1","4305535","4305831","29","34903237"
"chr2A","39435122","39435432","KN295666v1","548997","549296","32","38886125"
"chr2A","39436461","39436753","KN296588v1","13289","13578","43","39423172"
"chr2A","39463297","39463553","KN296225v1","48179","48438","44","39415118"
"chr2A","39474670","39474962","KN295666v1","599906","600199","25","38874764"
"chr2A","39625744","39626042","KN295666v1","754657","754955","28","38871087"
"chr2A","39903252","39903512","KN297403v1","3928","4192","40","39899324"
"chr2A","40241065","40241361","KN294842v1","959846","960139","42","39281219"
"chr2A","40272991","40273286","KN295666v1","1416122","1416429","45","38856869"
"chr2A","40434433","40434714","KN297008v1","3704335","3704617","37","36730098"
"chr2A","41005518","41005824","KN295294v1","849337","849645","33","40156181"
"chr2A","42871150","42871527","KN296864v1","1932050","1932365","99","40939100"
"chr2A","42957866","42958101","KN296062v1","1777245","1777488","42","41180621"
"chr2A","43384972","43385083","KN295077v1","540029","540136","18","42844943"
"chr2A","43585680","43585975","KN294987v1","1615569","1615864","36","41970111"
"chr2A","44226196","44226515","KN295090v1","2881719","2882025","41","41344477"
"chr2A","44298285","44298553","KN296063v1","1202275","1202554","39","43096010"
"chr2A","44435252","44435549","KN296311v1","5551109","5551405","37","38884143"
"chr2A","44664439","44664730","KN296508v1","1861452","1861744","35","42802987"
"chr2A","44687160","44687459","KN297141v1","152542","152844","36","44534618"
"chr2A","44759313","44759610","KN296498v1","392214","392512","25","44367099"
"chr2A","45129891","45130191","KN296594v1","636925","637224","38","44492966"
"chr2A","45287819","45288119","KN296770v1","12910","13212","37","45274909"
"chr2A","46544171","46544485","KN296062v1","1513349","1513658","43","45030822"
"chr2A","46673704","46673994","KN295705v1","2422724","2423022","36","44250980"
"chr2A","46841002","46841311","KN295871v1","667156","667468","40","46173846"
"chr2A","48046585","48046885","KN295077v1","388250","388549","36","47658335"
"chr2A","48061916","48062222","KN295705v1","1004848","1005155","30","47057068"
"chr2A","48187186","48187481","KN294592v1","1365380","1365673","46","46821806"
"chr2A","48256831","48256886","KN297078v1","127153","127206","11","48129678"
"chr2A","48284014","48284308","KN295633v1","161032","161323","33","48122982"
"chr2A","48295600","48295914","KN296153v1","683933","684241","39","47611667"
"chr2A","48314224","48314528","KN294705v1","343141","343444","34","47971083"
"chr2A","48398543","48398880","KN295705v1","662266","662578","44","47736277"
"chr2A","48419969","48420271","KN295705v1","641930","642234","29","47778039"
"chr2A","48501510","48501810","KN296305v1","568169","568467","39","47933341"
"chr2A","48731650","48731963","KN294741v1","782033","782342","44","47949617"
"chr2A","48745270","48745546","KN295459v1","140500","140772","40","48604770"
"chr2A","48746341","48746627","KN295705v1","293508","293794","16","48452833"
"chr2A","48799632","48799944","KN296062v1","1513349","1513658","46","47286283"
"chr2A","48827325","48827620","KN295705v1","200281","200574","29","48627044"
"chr2A","48880163","48880461","KN295705v1","145822","146116","27","48734341"
"chr2A","48921288","48921555","KN296310v1","924992","925248","52","47996296"
"chr2A","48966538","48966835","KN295705v1","61355","61652","24","48905183"
"chr2A","49176556","49176705","KN296516v1","50755","50899","24","49125801"
"chr2A","49221401","49221700","KN296138v1","116453","116753","40","49104948"
"chr2A","49953770","49954057","KN296852v1","445762","446049","23","49508008"
"chr2A","50502155","50502468","KN296852v1","963784","964095","27","49538371"
"chr2A","52281808","52282106","KN296513v1","900469","900768","38","51381339"
"chr2A","52694726","52695001","KN296000v1","1093131","1093411","50","51601595"
"chr2A","53221286","53221584","KN296775v1","1171643","1171944","38","52049643"
"chr2A","53393985","53394290","KN296743v1","245342","245652","33","53148643"
"chr2A","53757083","53757385","KN295090v1","2881719","2882025","40","50875364"
"chr2A","54012829","54013125","KN296303v1","373645","373940","38","53639184"
"chr2A","54571108","54571411","KN295236v1","2465192","2465497","39","52105916"
"chr2A","54631365","54631676","KN296865v1","1933794","1934101","39","52697571"
"chr2A","54701775","54702065","KN296079v1","1115350","1115639","42","53586425"
"chr2A","54725040","54725131","KN295705v1","657665","657751","12","54067375"
"chr2A","54826524","54826827","KN294949v1","669778","670078","42","54156746"
"chr2A","54926538","54926828","KN296770v1","78926","79217","34","54847612"
"chr2A","55038043","55038317","KN294235v1","266788","267059","43","54771255"
"chr2A","55049316","55049618","KN295666v1","599906","600199","47","54449410"
"chr2A","55139288","55139599","KN294181v1","1655832","1656144","33","53483456"
"chr2A","56386933","56387221","KN295244v1","318312","318607","39","56068621"
"chr2A","56542786","56543096","KN295523v1","2887577","2887883","44","53655209"
"chr2A","56768147","56768371","KN296153v1","1155816","1156031","46","55612331"
"chr2A","56773449","56773543","KN295205v1","1360632","1360727","10","55412817"
"chr2A","56773842","56773853","KN294987v1","346601","346612","4","56427241"
"chr2A","56929875","56929927","KN297133v1","1703194","1703245","10","55226681"
"chr2A","56988416","56988712","KN295523v1","2221436","2221738","37","54766980"
"chr2A","57003616","57003951","KN296513v1","1915593","1915931","52","55088023"
"chr2A","57008389","57008686","KN295077v1","388250","388549","26","56620139"
"chr2A","57035483","57035760","KN297095v1","1167761","1168047","45","55867722"
"chr2A","57224299","57224593","KN295236v1","3645629","3645922","37","53578670"
"chr2A","59195782","59195888","KN297144v1","828736","828836","26","58367046"
"chr2A","59304476","59304776","KN294439v1","300738","301034","33","59003738"
"chr2A","59662861","59663142","KN296079v1","1743565","1743846","37","57919296"
"chr2A","59727442","59727753","KN296062v1","1513349","1513658","34","58214093"
"chr2A","59820546","59820844","KN296311v1","5551109","5551405","36","54269437"
"chr2A","60293531","60293833","KN295586v1","638085","638389","48","59655446"
"chr2A","60413709","60414014","KN295459v1","634986","635295","48","59778723"
"chr2A","61529954","61530215","KN296142v1","353305","353561","38","61176649"
"chr2A","61785025","61785335","KN296865v1","1933794","1934101","33","59851231"
"chr2A","61917121","61917422","KN294992v1","14349","14658","44","61902772"
"chr2A","61990704","61991008","KN294457v1","1059434","1059741","25","60931270"
"chr2A","62031425","62031729","KN297141v1","152542","152844","35","61878883"
"chr2A","62247291","62247608","KN294457v1","789492","789809","34","61457799"
"chr2A","62360612","62360907","KN295107v1","1283723","1284018","35","61076889"
"chr2A","62361277","62361578","KN296305v1","568169","568467","33","61793108"
"chr2A","62629068","62629365","KN294457v1","393656","393953","32","62235412"
"chr2A","62650045","62650328","KN296404v1","2620091","2620371","37","60029954"
"chr2A","62653733","62654043","KN295114v1","97982","98291","46","62555751"
"chr2A","62736089","62736364","KN294457v1","248555","248833","30","62487534"
"chr2A","62902805","62903102","KN296404v1","2399857","2400155","32","60502948"
"chr2A","62915381","62915672","KN294457v1","80072","80358","37","62835309"
"chr2A","63039500","63039801","KN295962v1","1449992","1450292","40","61589508"
"chr2A","63113346","63113611","KN297403v1","3928","4192","30","63109418"
"chr2A","63185051","63185360","KN294235v1","158319","158624","44","63026732"
"chr2A","63274906","63275220","KN296062v1","1513349","1513658","38","61761557"
"chr2A","63288018","63288309","KN296442v1","172964","173265","23","63115054"
"chr2A","63569683","63569783","KN295705v1","657665","657751","21","62912018"
"chr2A","63597520","63597822","KN295637v1","890393","890699","35","62707127"
"chr2A","63825384","63825485","KN294705v1","2216781","2216882","20","61608603"
"chr2A","64540846","64541129","KN294499v1","2257569","2257842","46","62283277"
"chr2A","64886827","64887129","KN296900v1","132918","133224","16","64753909"
"chr2A","64909120","64909442","KN296900v1","115416","115735","28","64793704"
"chr2A","66026603","66026909","KN295573v1","1295388","1295699","43","64731215"
"chr2A","66031436","66031725","KN295205v1","717742","718025","42","65313694"
"chr2A","66153676","66153946","KN295441v1","1494791","1495062","39","64658885"
"chr2A","66199760","66200051","KN296508v1","1861452","1861744","37","64338308"
"chr2A","66268507","66268794","KN295706v1","150980","151270","33","66117527"
"chr2A","66373671","66373963","KN294457v1","1018677","1018971","47","65354994"
"chr2A","66399602","66399917","KN294172v1","6901602","6901916","42","59498000"
"chr2A","66473613","66473913","KN296732v1","1455446","1455745","34","65018167"
"chr2A","66500838","66501130","KN296153v1","2373972","2374265","35","64126866"
"chr2A","66541523","66541805","KN297323v1","206533","206815","45","66334990"
"chr2A","66548428","66548728","KN294850v1","49705","50009","51","66498723"
"chr2A","66639429","66639737","KN295315v1","1665346","1665656","36","64974083"
"chr2A","68157866","68158169","KN296322v1","2331544","2331850","41","65826322"
"chr2A","68165933","68166244","KN294181v1","1655832","1656144","53","66510101"
"chr2A","69233907","69234204","KN294922v1","62662","62959","27","69171245"
"chr2A","69482176","69482471","KN294457v1","1018677","1018971","33","68463499"
"chr2A","69506719","69507000","KN296290v1","830757","831038","37","68675962"
"chr2A","69525025","69525316","KN294181v1","1812992","1813276","48","67712033"
"chr2A","69627243","69627552","KN296435v1","2563437","2563748","36","67063806"
"chr2A","70650373","70650685","KN295294v1","849337","849645","63","69801036"
"chr2A","70748824","70749096","KN297019v1","621316","621591","38","70127508"
"chr2A","70935198","70935489","KN296311v1","5346181","5346473","35","65589017"
"chr2A","71176826","71177118","KN294739v1","599901","600196","45","70576925"
"chr2A","71340334","71340628","KN294745v1","54863","55159","40","71285471"
"chr2A","71502074","71502382","KN295294v1","440074","440378","29","71062000"
"chr2A","72095103","72095393","KN295666v1","242323","242613","31","71852780"
"chr2A","72128845","72129149","KN295294v1","1038271","1038572","25","71090574"
"chr2A","72743398","72743685","KN295294v1","1260280","1260565","23","71483118"
"chr2A","72798960","72799029","KN295294v1","1323758","1323827","7","71475202"
"chr2A","73090247","73090550","KN295294v1","1611661","1611973","45","71478586"
"chr2A","74217203","74217512","KN297141v1","152542","152844","45","74064661"
"chr2A","74669449","74669548","KN295441v1","1523467","1523565","28","73145982"
"chr2A","74707790","74708093","KN297112v1","5826102","5826396","41","68881688"
"chr2A","74903976","74904283","KN296743v1","912655","912959","34","73991321"
"chr2A","75154403","75154700","KN295294v1","3710463","3710765","22","71443940"
"chr2A","75471817","75472128","KN295294v1","849337","849645","36","74622480"
"chr2A","75551301","75551607","KN294558v1","118505","118813","43","75432796"
"chr2A","75676629","75676937","KN294439v1","300738","301034","37","75375891"
"chr2A","75807835","75808147","KN294407v1","707064","707376","31","75100771"
"chr2A","75982938","75983250","KN294439v1","300738","301034","48","75682200"
"chr2A","76050292","76050563","KN296225v1","483804","484076","41","75566488"
"chr2A","76194638","76194939","KN294439v1","300738","301034","35","75893900"
"chr2A","76337711","76338004","KN294650v1","78382","78675","40","76259329"
"chr2A","76979984","76980068","KN295402v1","1251986","1252075","10","75727998"
"chr2A","78016640","78016688","KN295225v1","524890","524934","8","77491750"
"chr2A","78715530","78715847","KN297147v1","462055","462363","45","78253475"
"chr2A","78981208","78981499","KN296620v1","918824","919110","42","78062384"
"chr2A","79467274","79467606","KN294372v1","1256417","1256721","67","78210857"
"chr2A","80182163","80182450","KN295236v1","6085948","6086231","42","74096215"
"chr2A","80959716","80960011","KN294475v1","696899","697190","45","80262817"
"chr2A","84447377","84447686","KN295375v1","114875","115176","47","84332502"
"chr2A","84567195","84567478","KN297047v1","4130656","4130943","36","80436539"
"chr2A","84864102","84864383","KN296541v1","1706066","1706346","37","83158036"
"chr2A","84938862","84939165","KN296883v1","926230","926542","44","84012632"
"chr2A","86606242","86606553","KN295930v1","529774","530087","36","86076468"
"chr2A","86670837","86671069","KN296096v1","2402074","2402305","29","84268763"
"chr2A","86695066","86695364","KN294893v1","330637","330932","30","86364429"
"chr2A","86752463","86752774","KN295977v1","407147","407454","36","86345316"
"chr2A","86803017","86803269","KN294893v1","439595","439874","42","86363422"
"chr2A","87016317","87016618","KN295366v1","47716","48013","38","86968601"
"chr2A","87046560","87046865","KN296322v1","2331544","2331850","40","84715016"
"chr2A","87125222","87125525","KN297197v1","4305535","4305831","57","82819687"
"chr2A","87176568","87176879","KN295090v1","2881719","2882025","36","84294849"
"chr2A","87232513","87232821","KN294443v1","739291","739598","29","86493222"
"chr2A","87728117","87728391","KN296225v1","483804","484076","47","87244313"
"chr2A","87871526","87871813","KN294527v1","21606","21894","40","87849920"
"chr2A","87896055","87896351","KN296315v1","1914282","1914582","34","85981773"
"chr2A","88148237","88148535","KN297141v1","152542","152844","39","87995695"
"chr2A","89050304","89050461","KN296726v1","834547","834705","20","88215757"
"chr2A","89103699","89104000","KN296635v1","3763561","3763853","37","85340138"
"chr2A","89315569","89315868","KN294172v1","2441614","2441913","34","86873955"
"chr2A","89470439","89470742","KN294874v1","619764","620065","47","88850675"
"chr2A","89536636","89536930","KN296508v1","1861452","1861744","34","87675184"
"chr2A","89663888","89664190","KN296305v1","568169","568467","31","89095719"
"chr2A","92091415","92091681","KN295706v1","150980","151270","55","91940435"
"chr2A","96030967","96031274","KN295315v1","130276","130587","41","95900691"
"chr2A","96106787","96107093","KN296865v1","1933794","1934101","31","94172993"
"chr2A","97326230","97326554","KN294911v1","2469693","2469997","55","94856537"
"chr2A","97477030","97477321","KN294439v1","300738","301034","38","97176292"
"chr2A","97618379","97618699","KN295077v1","564405","564717","44","97053974"
"chr2A","97639843","97639920","KN295623v1","464729","464795","20","97175114"
"chr2A","97845672","97845969","KN294172v1","4261970","4262272","36","93583702"
"chr2A","98591283","98591397","KN295315v1","1326495","1326609","9","97264788"
"chr2A","98913504","98913803","KN295315v1","1665346","1665656","33","97248158"
"chr2A","98979398","98979690","KN297197v1","1630263","1630561","38","97349135"
"chr2A","99616004","99616301","KN295315v1","2379093","2379387","26","97236911"
"chr2A","99694621","99694894","KN295315v1","2445620","2445907","36","97249001"
"chr2A","99869761","99870055","KN295315v1","2627590","2627898","31","97242171"
"chr2A","99875078","99875379","KN297141v1","152542","152844","38","99722536"
"chr2A","99900852","99901116","KN294257v1","1584353","1584614","42","98316499"
"chr2A","100296755","100297074","KN295708v1","1471221","1471525","53","98825534"
"chr2A","100519057","100519359","KN294182v1","193047","193344","41","100326010"
"chr2A","100524238","100524541","KN295923v1","958696","958996","40","99565542"
"chr2A","100631294","100631601","KN296865v1","1933794","1934101","31","98697500"
"chr2A","100829031","100829258","KN296311v1","6934502","6934740","44","93894529"
"chr2A","101509928","101510174","KN296538v1","1457481","1457725","43","100052447"
"chr2A","101555074","101555369","KN296096v1","2342383","2342678","44","99212691"
"chr2A","101814726","101815022","KN296311v1","5346181","5346473","36","96468545"
"chr2A","101887797","101887913","KN294470v1","523433","523540","23","101364364"
"chr2A","102187200","102187500","KN296404v1","2965711","2966008","39","99221489"
"chr2A","102358467","102358746","KN295719v1","28887","29155","47","102329580"
"chr2A","102460648","102460985","KN294147v1","1519281","1519605","58","100941367"
"chr2A","102489944","102490226","KN296606v1","198929","199206","34","102291015"
"chr2A","103282197","103282498","KN294458v1","909867","910169","30","102372330"
"chr2A","105416527","105416839","KN295984v1","2378672","2378981","51","103037855"
"chr2A","105982835","105983140","KN295236v1","753928","754234","33","105228907"
"chr2A","106398828","106399125","KN296062v1","1571490","1571788","35","104827338"
"chr2A","106404971","106405277","KN297047v1","2103989","2104301","31","104300982"
"chr2A","106516179","106516468","KN296588v1","13289","13578","36","106502890"
"chr2A","106630918","106631213","KN296079v1","1115350","1115639","36","105515568"
"chr2A","106801009","106801312","KN295294v1","849337","849645","42","105951672"
"chr2A","106973626","106973929","KN295523v1","556214","556518","38","106417412"
"chr2A","106974637","106974945","KN295091v1","2391563","2391867","28","104583074"
"chr2A","107031818","107032113","KN294439v1","300738","301034","34","106731080"
"chr2A","107308412","107308695","KN297019v1","932923","933205","38","106375489"
"chr2A","109684740","109684972","KN294365v1","739997","740234","35","108944743"
"chr2A","109694369","109694655","KN294728v1","1298722","1299008","45","108395647"
"chr2A","109723066","109723365","KN294365v1","780189","780487","27","108942877"
"chr2A","109809318","109809624","KN294365v1","890876","891195","44","108918442"
"chr2A","109876152","109876471","KN294365v1","957620","957937","29","108918532"
"chr2A","110073284","110073561","KN296225v1","56780","57057","46","110016504"
"chr2A","110375644","110375928","KN295523v1","3194371","3194661","41","107181273"
"chr2A","110433431","110433736","KN295523v1","2221436","2221738","34","108211995"
"chr2A","110458381","110458657","KN294790v1","2757247","2757531","41","107701134"
"chr2A","110487342","110487643","KN294571v1","2857523","2857823","47","107629819"
"chr2A","110558126","110558292","KN296245v1","598804","598968","26","109959322"
"chr2A","110566042","110566110","KN296306v1","3206542","3206604","12","107359500"
"chr2A","110877041","110877330","KN294539v1","1216306","1216596","37","109660735"
"chr2A","110911131","110911429","KN295869v1","992033","992329","36","109919098"
"chr2A","111510457","111510762","KN294365v1","2132468","2132770","31","109377989"
"chr2A","111523897","111524206","KN294443v1","739291","739598","38","110784606"
"chr2A","111848935","111849232","KN294493v1","325938","326234","51","111522997"
"chr2A","113685500","113685808","KN295705v1","376067","376372","37","113309433"
"chr2A","113705990","113706276","KN297121v1","161380","161653","50","113544610"
"chr2A","113752970","113753268","KN295236v1","2917498","2917811","60","110835472"
"chr2B","121765878","121766211","KN295671v1","216235","216540","72","121549643"
"chr2B","155713254","155713555","KN296303v1","373645","373940","37","155339609"
"chr2B","215744456","215744749","KN295666v1","599906","600199","39","215144550"
"chr2B","221904594","221904906","KN295294v1","849337","849645","36","221055257"
"chr2B","237633446","237633735","KN295110v1","221324","221616","35","237412122"
"chr2B","114156448","114156755","KN294181v1","1655832","1656144","43","112500616"
"chr2B","114267272","114267566","KN297444v1","360314","360617","40","113906958"
"chr2B","114478349","114478663","KN294893v1","177646","177958","35","114300703"
"chr2B","114617345","114617632","KN297138v1","230274","230565","37","114387071"
"chr2B","115030097","115030405","KN294571v1","1050804","1051111","47","113979293"
"chr2B","115564303","115564596","KN296311v1","5551109","5551405","43","110013194"
"chr2B","116945968","116946261","KN295523v1","3194371","3194661","39","113751597"
"chr2B","117001679","117001841","KN295294v1","2386824","2386991","28","114614855"
"chr2B","117278365","117278669","KN296460v1","130610","130915","42","117147755"
"chr2B","117624362","117624657","KN295667v1","324323","324629","51","117300039"
"chr2B","117884347","117884650","KN294335v1","138980","139284","42","117745367"
"chr2B","119714140","119714424","KN297008v1","3704335","3704617","31","116009805"
"chr2B","120518428","120518575","KN296290v1","446627","446768","33","120071801"
"chr2B","120535729","120536043","KN296743v1","245342","245652","40","120290387"
"chr2B","120538762","120539044","KN295923v1","639205","639493","39","119899557"
"chr2B","120541300","120541601","KN297197v1","4305535","4305831","41","116235765"
"chr2B","120628150","120628436","KN294705v1","88883","89167","47","120539267"
"chr2B","121804074","121804362","KN296079v1","1115350","1115639","34","120688724"
"chr2B","122090486","122090756","KN294499v1","2257569","2257842","39","119832917"
"chr2B","122362159","122362454","KN296167v1","360416","360717","25","122001743"
"chr2B","122443300","122443618","KN295294v1","849337","849645","43","121593963"
"chr2B","122695083","122695378","KN296167v1","692949","693240","33","122002134"
"chr2B","124157414","124157724","KN294761v1","2628011","2628316","45","121529403"
"chr2B","124416265","124416400","KN296372v1","3","136","24","124416262"
"chr2B","125093285","125093606","KN297047v1","2103989","2104301","52","122989296"
"chr2B","125140412","125140721","KN294856v1","342348","342654","50","124798064"
"chr2B","125423911","125424198","KN294761v1","1332775","1333059","31","124091136"
"chr2B","125469659","125469961","KN296864v1","1379763","1380073","64","124089896"
"chr2B","125990285","125990595","KN296075v1","554059","554355","57","125436226"
"chr2B","126553335","126553637","KN294761v1","205456","205762","39","126347879"
"chr2B","126612485","126612611","KN294761v1","144490","144620","17","126467995"
"chr2B","127409487","127409792","KN294443v1","739291","739598","40","126670196"
"chr2B","127483113","127483418","KN295441v1","1678947","1679252","38","125804166"
"chr2B","127850633","127850944","KN295533v1","2635593","2635895","38","125215040"
"chr2B","127915874","127916183","KN295533v1","2550969","2551279","36","125364905"
"chr2B","127919295","127919597","KN295533v1","2547975","2548280","32","125371320"
"chr2B","127984914","127985264","KN294147v1","1519281","1519605","69","126465633"
"chr2B","127987986","127988286","KN295533v1","2478184","2478484","21","125509802"
"chr2B","128157503","128157810","KN295533v1","2292035","2292350","33","125865468"
"chr2B","128435885","128436169","KN297008v1","3704335","3704617","36","124731550"
"chr2B","128535386","128535552","KN295533v1","1907585","1907759","25","126627801"
"chr2B","128561541","128561840","KN295533v1","1879409","1879714","25","126682132"
"chr2B","128597337","128597618","KN296096v1","1838666","1838962","41","126758671"
"chr2B","128846502","128846787","KN295533v1","1635405","1635693","23","127211097"
"chr2B","128857381","128857658","KN297121v1","161380","161653","31","128696001"
"chr2B","129010553","129010871","KN295533v1","1465115","1465430","35","127545438"
"chr2B","129247329","129247623","KN295666v1","599906","600199","32","128647423"
"chr2B","129578763","129579060","KN295533v1","906408","906700","38","128672355"
"chr2B","129626454","129626769","KN295343v1","509157","509455","52","129117297"
"chr2B","130389420","130389480","KN294880v1","445","503","7","130388975"
"chr2B","130621021","130621309","KN294987v1","346285","346567","40","130274736"
"chr2B","130646307","130646597","KN296311v1","3176858","3177154","46","127469449"
"chr2B","131474702","131475014","KN296865v1","1933794","1934101","36","129540908"
"chr2B","131567447","131567758","KN294187v1","348608","348909","49","131218839"
"chr2B","131861991","131862294","KN297197v1","1630263","1630561","46","130231728"
"chr2B","131892086","131892380","KN294728v1","1107981","1108277","41","130784105"
"chr2B","137313031","137313313","KN296588v1","13289","13578","48","137299742"
"chr2B","138074295","138074595","KN295244v1","318312","318607","37","137755983"
"chr2B","138709485","138709679","KN294325v1","1387208","1387403","20","137322277"
"chr2B","138720393","138720688","KN296404v1","2965711","2966008","43","135754682"
"chr2B","138773822","138774111","KN294325v1","1317759","1318060","42","137456063"
"chr2B","138991124","138991307","KN294739v1","833278","833462","29","138157846"
"chr2B","139038292","139038600","KN296096v1","2223591","2223902","32","136814701"
"chr2B","139272397","139272665","KN294733v1","65842","66110","39","139206555"
"chr2B","139373595","139373894","KN294325v1","694295","694594","20","138679300"
"chr2B","139395042","139395326","KN294325v1","671385","671685","36","138723657"
"chr2B","139568857","139569163","KN296749v1","264936","265241","36","139303921"
"chr2B","139636354","139636651","KN295410v1","667929","668225","39","138968425"
"chr2B","139791523","139791819","KN294325v1","267586","267875","30","139523937"
"chr2B","139914911","139915220","KN294407v1","2047344","2047652","51","137867567"
"chr2B","140023469","140023755","KN295573v1","1209164","1209448","34","138814305"
"chr2B","140242312","140242584","KN296312v1","75219","75511","55","140167093"
"chr2B","140410259","140410572","KN295294v1","849337","849645","41","139560922"
"chr2B","140574911","140575199","KN296821v1","550712","551000","30","140024199"
"chr2B","141384738","141384870","KN294421v1","1422833","1422964","17","139961905"
"chr2B","142269753","142270047","KN295244v1","318312","318607","36","141951441"
"chr2B","142899088","142899334","KN295717v1","1350278","1350524","49","141548810"
"chr2B","143322412","143322721","KN294372v1","2154125","2154431","46","141168287"
"chr2B","143923668","143923975","KN296812v1","170396","170699","42","143753272"
"chr2B","144039253","144039550","KN296311v1","5551109","5551405","36","138488144"
"chr2B","144510539","144510819","KN294250v1","227703","227984","28","144282836"
"chr2B","144931379","144931535","KN296732v1","1737795","1737950","29","143193584"
"chr2B","145464188","145464414","KN296296v1","15857","16080","43","145448331"
"chr2B","145872266","145872457","KN296096v1","1230031","1230232","36","144642235"
"chr2B","146275945","146276159","KN297112v1","3923306","3923518","32","142352639"
"chr2B","149828175","149828475","KN296635v1","3682782","3683079","43","146145393"
"chr2B","150734440","150734724","KN295667v1","1112348","1112630","38","149622092"
"chr2B","150788073","150788370","KN296498v1","392214","392512","37","150395859"
"chr2B","151787559","151787863","KN295236v1","753928","754234","41","151033631"
"chr2B","151887566","151887876","KN295523v1","556214","556518","32","151331352"
"chr2B","152099060","152099353","KN296036v1","1045194","1045490","41","151053866"
"chr2B","152662436","152662728","KN294457v1","1018677","1018971","39","151643759"
"chr2B","152950405","152950716","KN297050v1","99487","99797","38","152850918"
"chr2B","153259393","153259694","KN296749v1","264936","265241","42","152994457"
"chr2B","155789537","155789843","KN295294v1","3348137","3348442","50","152441400"
"chr2B","155893082","155893363","KN295633v1","1047268","1047559","46","154845814"
"chr2B","156021860","156022143","KN296921v1","2850553","2850841","42","153171307"
"chr2B","156053330","156053602","KN295022v1","640716","640989","35","155412614"
"chr2B","156126479","156126766","KN296508v1","1861452","1861744","36","154265027"
"chr2B","156650135","156650448","KN294613v1","671470","671777","34","155978665"
"chr2B","156685353","156685642","KN296594v1","833735","834026","35","155851618"
"chr2B","156801089","156801384","KN296422v1","129610","129905","31","156671479"
"chr2B","156864391","156864707","KN294911v1","2469693","2469997","44","154394698"
"chr2B","158064766","158065059","KN294939v1","614638","614935","29","157450128"
"chr2B","158460705","158460770","KN296306v1","3206542","3206604","11","155254163"
"chr2B","159329575","159329885","KN294790v1","993295","993605","42","158336280"
"chr2B","159440256","159440502","KN297431v1","954088","954355","72","158486168"
"chr2B","160171665","160171952","KN296498v1","392214","392512","46","159779451"
"chr2B","160768576","160768883","KN295633v1","1047268","1047559","51","159721308"
"chr2B","160983927","160984072","KN294451v1","163074","163214","22","160820853"
"chr2B","161795004","161795298","KN297190v1","4639539","4639836","31","157155465"
"chr2B","162415500","162415795","KN296422v1","129610","129905","39","162285890"
"chr2B","163609825","163610137","KN294874v1","417401","417713","41","163192424"
"chr2B","163804031","163804333","KN294650v1","254184","254484","42","163549847"
"chr2B","163845266","163845570","KN295368v1","1855168","1855468","49","161990098"
"chr2B","163944263","163944564","KN296036v1","1045194","1045490","40","162899069"
"chr2B","163984146","163984455","KN295871v1","667156","667468","36","163316990"
"chr2B","164054376","164054660","KN296025v1","207864","208148","34","163846512"
"chr2B","164074611","164074886","KN294172v1","5958311","5958583","53","158116300"
"chr2B","164256587","164256897","KN296062v1","1513349","1513658","39","162743238"
"chr2B","164575425","164575728","KN295294v1","849337","849645","35","163726088"
"chr2B","165115986","165116296","KN295744v1","299244","299554","41","164816742"
"chr2B","165880594","165880896","KN296278v1","292330","292629","25","165588264"
"chr2B","165960559","165960848","KN296508v1","1861452","1861744","33","164099107"
"chr2B","166299281","166299567","KN294478v1","25188","25478","30","166274093"
"chr2B","168520744","168520862","KN295090v1","1521458","1521574","25","166999286"
"chr2B","168632426","168632732","KN295304v1","46058","46359","30","168586368"
"chr2B","169108845","169109153","KN295090v1","980313","980620","30","168128532"
"chr2B","169625821","169626104","KN295894v1","1790547","1790829","31","167835274"
"chr2B","169862590","169862951","KN294509v1","45439","45805","78","169817151"
"chr2B","169973361","169973678","KN297047v1","2103989","2104301","43","167869372"
"chr2B","170285732","170286031","KN294172v1","2441614","2441913","33","167844118"
"chr2B","170749433","170749492","KN297159v1","937279","937340","7","169812154"
"chr2B","171689932","171689994","KN296759v1","1410287","1410357","24","170279645"
"chr2B","172030011","172030306","KN296594v1","833735","834026","38","171196276"
"chr2B","172884738","172885029","KN296770v1","78926","79217","37","172805812"
"chr2B","172973276","172973455","KN294739v1","833278","833462","28","172139998"
"chr2B","173725165","173725287","KN296365v1","692004","692128","20","173033161"
"chr2B","174194001","174194318","KN295294v1","849337","849645","38","173344664"
"chr2B","174394221","174394538","KN295236v1","753928","754234","41","173640293"
"chr2B","174609971","174610263","KN297159v1","2958759","2959053","36","171651212"
"chr2B","174664164","174664459","KN296311v1","5551109","5551405","37","169113055"
"chr2B","174727902","174728208","KN295420v1","192549","192848","32","174535353"
"chr2B","175434844","175435156","KN295236v1","753928","754234","43","174680916"
"chr2B","175443771","175444077","KN295523v1","556214","556518","38","174887557"
"chr2B","175576603","175576909","KN294172v1","4261970","4262272","41","171314633"
"chr2B","175620663","175620963","KN297242v1","1337569","1337862","30","174283094"
"chr2B","175680283","175680566","KN295592v1","2037246","2037532","45","173643037"
"chr2B","175777292","175777581","KN294475v1","696899","697190","39","175080393"
"chr2B","175810258","175810568","KN296062v1","1513349","1513658","42","174296909"
"chr2B","175987365","175987706","KN297095v1","2153310","2153630","57","173834055"
"chr2B","176008559","176008850","KN295315v1","2379093","2379387","33","173629466"
"chr2B","176084885","176085187","KN295923v1","958696","958996","43","175126189"
"chr2B","176458721","176459017","KN294457v1","1018677","1018971","36","175440044"
"chr2B","176891422","176891709","KN294457v1","1018677","1018971","40","175872745"
"chr2B","176947563","176947872","KN294181v1","1655832","1656144","41","175291731"
"chr2B","177252798","177253095","KN294842v1","959846","960139","44","176292952"
"chr2B","177572925","177573223","KN295244v1","318312","318607","33","177254613"
"chr2B","178144794","178145086","KN295666v1","599906","600199","31","177544888"
"chr2B","178671314","178671594","KN294893v1","439595","439874","45","178231719"
"chr2B","178728280","178728564","KN294739v1","599901","600196","47","178128379"
"chr2B","178741100","178741393","KN294457v1","1018677","1018971","38","177722423"
"chr2B","178826834","178826946","KN295667v1","1196716","1196821","17","177630118"
"chr2B","178891352","178891655","KN294911v1","2469693","2469997","38","176421659"
"chr2B","179015781","179016091","KN297165v1","1212451","1212758","32","177803330"
"chr2B","179035554","179035819","KN295685v1","1163544","1163804","44","177872010"
"chr2B","179179015","179179290","KN296695v1","180318","180599","53","178998697"
"chr2B","179273540","179273850","KN296569v1","627317","627623","38","178646223"
"chr2B","179981508","179981805","KN295112v1","559588","559883","37","179421920"
"chr2B","180113583","180113880","KN295533v1","2478184","2478484","36","177635399"
"chr2B","180846728","180847027","KN296287v1","90153","90446","38","180756575"
"chr2B","181156800","181157076","KN294251v1","2714950","2715231","40","178441850"
"chr2B","181434325","181434603","KN294539v1","484915","485208","40","180949410"
"chr2B","182145975","182146284","KN295531v1","74200","74508","39","182071775"
"chr2B","182190849","182191151","KN294539v1","1249739","1250051","32","180941110"
"chr2B","182500468","182500773","KN294705v1","477749","478050","35","182022719"
"chr2B","182547277","182547567","KN296062v1","1571490","1571788","42","180975787"
"chr2B","183250740","183251043","KN294378v1","472867","473166","39","182777873"
"chr2B","184322304","184322599","KN296508v1","1861452","1861744","26","182460852"
"chr2B","184749136","184749445","KN295172v1","272834","273143","32","184476302"
"chr2B","185772207","185772477","KN296360v1","248214","248493","44","185523993"
"chr2B","187950818","187950963","KN295096v1","1927679","1927823","24","186023139"
"chr2B","188306894","188307199","KN295601v1","632755","633050","49","187674139"
"chr2B","188330726","188330999","KN296244v1","545079","545353","41","187785647"
"chr2B","188774086","188774375","KN295923v1","639205","639493","50","188134881"
"chr2B","188810236","188810546","KN294588v1","351346","351656","52","188458890"
"chr2B","189484467","189484765","KN296303v1","373645","373940","42","189110822"
"chr2B","190085916","190086215","KN296096v1","1838666","1838962","39","188247250"
"chr2B","191593635","191593935","KN296508v1","1861452","1861744","39","189732183"
"chr2B","191633312","191633615","KN296541v1","3385282","3385588","24","188248030"
"chr2B","191654724","191655037","KN297159v1","3379919","3380233","40","188274805"
"chr2B","192039011","192039276","KN295825v1","1372270","1372545","54","190666741"
"chr2B","193146644","193146956","KN295368v1","1059789","1060099","42","192086855"
"chr2B","193206484","193206791","KN296865v1","1933794","1934101","28","191272690"
"chr2B","193266305","193266597","KN295244v1","318312","318607","41","192947993"
"chr2B","193604156","193604454","KN296541v1","1528483","1528765","36","192075673"
"chr2B","195459203","195459489","KN294987v1","346285","346567","33","195112918"
"chr2B","195518033","195518305","KN294470v1","398650","398919","43","195119383"
"chr2B","195628847","195629156","KN296311v1","5345840","5346147","39","190283007"
"chr2B","196266530","196266834","KN296422v1","129610","129905","42","196136920"
"chr2B","196728727","196729001","KN297133v1","1618181","1618455","39","195110546"
"chr2B","196959516","196959817","KN297165v1","3298693","3298988","38","193660823"
"chr2B","197304647","197304941","KN296743v1","1727640","1727937","38","195577007"
"chr2B","197672019","197672310","KN294421v1","1228170","1228462","37","196443849"
"chr2B","200948490","200948768","KN297467v1","164954","165232","30","200783536"
"chr2B","201709952","201710230","KN297165v1","585984","586250","54","201123968"
"chr2B","202136641","202136965","KN296404v1","273181","273489","52","201863460"
"chr2B","202532132","202532430","KN294991v1","2196413","2196709","42","200335719"
"chr2B","202564563","202564730","KN296290v1","593470","593637","23","201971093"
"chr2B","202646762","202647056","KN295708v1","1471221","1471525","43","201175541"
"chr2B","203486611","203486901","KN295706v1","150980","151270","40","203335631"
"chr2B","203861419","203861676","KN294415v1","178151","178407","11","203683268"
"chr2B","204661832","204662114","KN294705v1","88883","89167","40","204572949"
"chr2B","204987101","204987385","KN297008v1","3956422","3956715","47","201030679"
"chr2B","205097580","205097715","KN294421v1","1422833","1422964","13","203674747"
"chr2B","205283668","205283972","KN294421v1","1232749","1233054","31","204050919"
"chr2B","206298346","206298658","KN295744v1","299244","299554","39","205999102"
"chr2B","206421142","206421442","KN297404v1","56177","56483","30","206364965"
"chr2B","206502680","206502777","KN294705v1","2216781","2216882","18","204285899"
"chr2B","206519805","206520101","KN295107v1","1283723","1284018","35","205236082"
"chr2B","206574819","206575126","KN297404v1","215864","216179","28","206358955"
"chr2B","206620620","206620722","KN294470v1","523433","523540","21","206097187"
"chr2B","207162529","207162838","KN294467v1","224171","224477","44","206938358"
"chr2B","207207788","207208092","KN296812v1","170396","170699","33","207037392"
"chr2B","207328053","207328356","KN295523v1","556214","556518","37","206771839"
"chr2B","207675014","207675128","KN295735v1","463489","463612","23","207211525"
"chr2B","207702493","207702763","KN296959v1","1187668","1187943","47","206514825"
"chr2B","207718897","207719203","KN296743v1","245342","245652","32","207473555"
"chr2B","207864981","207865293","KN297203v1","1350960","1351267","38","206514021"
"chr2B","207987336","207987647","KN295487v1","150380","150684","31","207836956"
"chr2B","208044493","208044779","KN294439v1","300738","301034","42","207743755"
"chr2B","208047563","208047848","KN295571v1","587362","587646","39","207460201"
"chr2B","208057457","208057692","KN296036v1","1621904","1622129","57","206435553"
"chr2B","208294045","208294331","KN294513v1","492478","492763","43","207801567"
"chr2B","208382277","208382580","KN296743v1","245342","245652","42","208136935"
"chr2B","208529534","208529635","KN295667v1","1196716","1196821","18","207332818"
"chr2B","208859101","208859421","KN294911v1","3875254","3875561","41","204983847"
"chr2B","209122945","209123266","KN295596v1","66567","66857","70","209056378"
"chr2B","209236755","209237067","KN296311v1","5543965","5544268","37","203692790"
"chr2B","209410955","209411250","KN296303v1","373645","373940","40","209037310"
"chr2B","210232837","210233127","KN294281v1","1346508","1346791","47","208886329"
"chr2B","210411142","210411439","KN296305v1","568169","568467","36","209842973"
"chr2B","210792272","210792568","KN295315v1","2379093","2379387","31","208413179"
"chr2B","210808268","210808565","KN294439v1","300738","301034","36","210507530"
"chr2B","210825681","210825990","KN295090v1","2881719","2882025","35","207943962"
"chr2B","210830320","210830633","KN295974v1","775565","775875","36","210054755"
"chr2B","211628356","211628662","KN296460v1","130610","130915","42","211497746"
"chr2B","211944926","211945221","KN295420v1","192549","192848","29","211752377"
"chr2B","212143838","212144143","KN295722v1","1843463","1843767","34","210300375"
"chr2B","212784683","212785007","KN294378v1","472867","473166","103","212311816"
"chr2B","212866814","212867131","KN295441v1","1678947","1679252","53","211187867"
"chr2B","212989906","212990196","KN296588v1","13289","13578","35","212976617"
"chr2B","213184502","213184788","KN296588v1","13289","13578","30","213171213"
"chr2B","213229549","213229843","KN296508v1","1861452","1861744","37","211368097"
"chr2B","213411444","213411743","KN294493v1","325938","326234","39","213085506"
"chr2B","213525559","213525866","KN295637v1","380266","380573","32","213145293"
"chr2B","213527091","213527405","KN296146v1","170328","170637","44","213356763"
"chr2B","213532971","213533275","KN296305v1","568169","568467","37","212964802"
"chr2B","213646800","213647100","KN295484v1","487266","487564","36","213159534"
"chr2B","213950258","213950560","KN296404v1","1840967","1841270","36","212109291"
"chr2B","214921258","214921554","KN296311v1","3176858","3177154","41","211744400"
"chr2B","216035429","216035733","KN295523v1","556214","556518","42","215479215"
"chr2B","217562017","217562290","KN295459v1","140500","140772","39","217421517"
"chr2B","217609435","217609564","KN295154v1","318162","318288","18","217291273"
"chr2B","219341979","219342262","KN296153v1","4205517","4205811","48","215136462"
"chr2B","219460291","219460594","KN295977v1","407147","407454","37","219053144"
"chr2B","219785343","219785647","KN294790v1","2757247","2757531","49","217028096"
"chr2B","219990352","219990660","KN296865v1","1933794","1934101","35","218056558"
"chr2B","220134502","220134806","KN294378v1","472867","473166","41","219661635"
"chr2B","220404503","220404805","KN294717v1","30504","30806","44","220373999"
"chr2B","220628016","220628329","KN296913v1","1282748","1283062","29","219345268"
"chr2B","220936857","220937149","KN295244v1","318312","318607","33","220618545"
"chr2B","220940891","220941192","KN296913v1","1607268","1607571","21","219333623"
"chr2B","221170093","221170376","KN295607v1","4148434","4148717","28","217021659"
"chr2B","221176455","221176759","KN295717v1","281442","281748","35","220895013"
"chr2B","221997697","221998010","KN295346v1","1675704","1676009","39","220321993"
"chr2B","222058051","222058350","KN294172v1","346409","346717","47","221711642"
"chr2B","222577692","222577828","KN295346v1","1098611","1098743","19","221479081"
"chr2B","222830262","222830560","KN295346v1","842157","842466","37","221988105"
"chr2B","222893585","222893877","KN295633v1","1847059","1847355","44","221046526"
"chr2B","223048251","223048534","KN295368v1","1855168","1855468","47","221193083"
"chr2B","223690709","223691008","KN295706v1","150980","151270","37","223539729"
"chr2B","223940336","223940621","KN296305v1","727438","727730","35","223212898"
"chr2B","224161240","224161529","KN295523v1","2221436","2221738","40","221939804"
"chr2B","224267451","224267759","KN295441v1","1678947","1679252","38","222588504"
"chr2B","224450914","224451223","KN294372v1","2580401","2580700","50","221870513"
"chr2B","224691933","224692246","KN297095v1","2417996","2418306","40","222273937"
"chr2B","225048717","225049018","KN296079v1","1115350","1115639","46","223933367"
"chr2B","225146962","225147267","KN297197v1","4305535","4305831","41","220841427"
"chr2B","225213955","225214182","KN296698v1","98867","99095","34","225115088"
"chr2B","226011094","226011391","KN294446v1","93113","93404","42","225917981"
"chr2B","226023460","226023765","KN295022v1","780778","781083","43","225242682"
"chr2B","226074395","226074684","KN294366v1","365534","365828","38","225708861"
"chr2B","227229307","227229619","KN295642v1","127776","128084","49","227101531"
"chr2B","228507262","228507570","KN295294v1","849337","849645","40","227657925"
"chr2B","228690448","228690732","KN296311v1","5551109","5551405","34","223139339"
"chr2B","228745512","228745815","KN295692v1","3158934","3159238","43","225586578"
"chr2B","229245705","229246008","KN297227v1","1013431","1013731","40","228232274"
"chr2B","229518035","229518358","KN296865v1","1933794","1934101","52","227584241"
"chr2B","229619525","229619799","KN297452v1","534860","535130","51","229084665"
"chr2B","229620828","229621127","KN294373v1","543221","543520","51","229077607"
"chr2B","229956305","229956614","KN296865v1","1933794","1934101","34","228022511"
"chr2B","230085488","230085791","KN294874v1","619764","620065","37","229465724"
"chr2B","230321150","230321442","KN296096v1","4037357","4037652","36","226283793"
"chr2B","231338446","231338770","KN295523v1","2221436","2221738","67","229117010"
"chr2B","232748781","232749066","KN294734v1","241345","241631","21","232507436"
"chr2B","233077968","233078270","KN297444v1","854140","854442","33","232223828"
"chr2B","233109973","233110258","KN295907v1","1624481","1624768","35","231485492"
"chr2B","233439986","233440274","KN295244v1","318312","318607","33","233121674"
"chr2B","233479633","233479945","KN296743v1","245342","245652","46","233234291"
"chr2B","233551416","233551711","KN297444v1","380340","380636","27","233171076"
"chr2B","233612495","233612797","KN297444v1","318159","318459","19","233294336"
"chr2B","233861135","233861355","KN297444v1","91516","91743","28","233769619"
"chr2B","233935322","233935455","KN297444v1","16171","16298","19","233919151"
"chr2B","234634415","234634702","KN296646v1","1858022","1858313","37","232776393"
"chr2B","234635051","234635151","KN294224v1","992538","992641","17","233642513"
"chr2B","235240107","235240419","KN294407v1","707064","707376","32","234533043"
"chr2B","235561285","235561596","KN296646v1","882833","883144","25","234678452"
"chr2B","235603035","235603309","KN294570v1","177638","177914","40","235425397"
"chr2B","235659290","235659591","KN296646v1","784026","784328","19","234875264"
"chr2B","235871347","235871661","KN296646v1","563168","563473","38","235308179"
"chr2B","236096316","236096580","KN295596v1","1971635","1971913","46","234124681"
"chr2B","236107449","236107751","KN294790v1","6452634","6452946","45","229654815"
"chr2B","236625962","236626302","KN295962v1","1390793","1391127","57","235235169"
"chr2B","236648645","236648956","KN295708v1","2776241","2776551","38","233872404"
"chr2B","236728528","236728838","KN295077v1","564405","564717","43","236164123"
"chr2B","236779791","236780088","KN296555v1","85033","85332","34","236694758"
"chr2B","237011203","237011492","KN296311v1","5551109","5551405","51","231460094"
"chr2B","237196546","237196854","KN295302v1","106670","106975","24","237089876"
"chr2B","237255850","237256167","KN295304v1","46058","46359","48","237209792"
"chr2B","237460095","237460393","KN296315v1","1326220","1326518","36","236133875"
"chr2B","237589579","237589883","KN296146v1","170328","170637","34","237419251"
"chr2B","237592125","237592452","KN295533v1","1212131","1212431","77","236379994"
"chr2B","237595918","237596206","KN294251v1","954096","954390","34","236641822"
"chr2B","237605717","237606013","KN294182v1","193047","193344","39","237412670"
"chr2B","237673749","237673844","KN297415v1","886015","886073","43","236787734"
"chr2B","237705856","237706150","KN296885v1","2890891","2891184","30","234814965"
"chr2B","237767217","237767512","KN296303v1","373645","373940","40","237393572"
"chr2B","237835019","237835327","KN297205v1","435353","435667","39","237399666"
"chr2B","237921570","237921865","KN294439v1","300738","301034","30","237620832"
"chr2B","238184967","238185266","KN295533v1","2478184","2478484","42","235706783"
"chr2B","238376971","238377270","KN297165v1","693062","693346","49","237683909"
"chr2B","238581974","238582236","KN297442v1","822414","822676","41","237759560"
"chr2B","238772230","238772513","KN297105v1","2623818","2624102","33","236148412"
"chr2B","238780713","238780954","KN294372v1","1341247","1341494","37","237439466"
"chr2B","238803274","238803535","KN294415v1","178151","178407","45","238625123"
"chr2B","238807836","238808132","KN295107v1","1283723","1284018","33","237524113"
"chr2B","238860725","238861029","KN297444v1","360314","360617","37","238500411"
"chr2B","239042120","239042426","KN296306v1","733206","733513","34","238308914"
"chr2B","239103101","239103391","KN295198v1","210784","211077","33","238892317"
"chr2B","239267971","239268277","KN296311v1","5551109","5551405","53","233716862"
"chr2B","239369084","239369388","KN295531v1","74200","74508","39","239294884"
"chr2B","239487991","239488266","KN294650v1","773833","774114","34","238714158"
"chr2B","239650432","239650743","KN296743v1","245342","245652","36","239405090"
"chr2B","240231595","240231878","KN295717v1","90443","90729","36","240141152"
"chr2B","240400583","240400867","KN295717v1","269789","270079","28","240130794"
"chr2B","240411018","240411311","KN295717v1","279373","279664","45","240131645"
"chr2B","240616309","240616610","KN295717v1","484796","485098","18","240131513"
"chr2B","241072453","241072759","KN295744v1","299244","299554","42","240773209"
"chr2B","241465412","241465584","KN295717v1","1336620","1336780","18","240128792"
"chr2B","241543469","241543779","KN294790v1","993295","993605","39","240550174"
"chr2B","241649001","241649297","KN295717v1","1521439","1521756","44","240127562"
"chr2B","241758192","241758497","KN294172v1","2441614","2441913","44","239316578"
"chr2B","241860226","241860519","KN297112v1","5826102","5826396","41","236034124"
"chr2B","241993314","241993603","KN296096v1","2743314","2743604","30","239250000"
"chr2B","242183100","242183407","KN297171v1","2075886","2076198","42","240107214"
"chr2B","242229725","242230006","KN295717v1","2113703","2113997","34","240116022"
"chr2B","242597125","242597355","KN294158v1","392232","392464","31","242204893"
"chr2B","243309724","243310022","KN297159v1","3458145","3458443","40","239851579"
"chr2B","243587594","243587902","KN296883v1","926230","926542","37","242661364"
"chr2B","244178344","244178639","KN295244v1","318312","318607","35","243860032"
"chr2B","244196613","244196900","KN295596v1","66567","66857","40","244130046"
"chr2B","244306755","244307070","KN297047v1","2103989","2104301","42","242202766"
"chr2B","244588357","244588670","KN296743v1","245342","245652","42","244343015"
"chr2B","244932259","244932554","KN297048v1","305838","306132","30","244626421"
"chr2B","245032929","245033231","KN295523v1","556214","556518","38","244476715"
"chr2B","245104106","245104413","KN295074v1","519532","519826","37","244584574"
"chr2B","245394814","245395088","KN294485v1","291791","292070","40","245103023"
"chr2B","245650992","245651285","KN296697v1","2060","2343","39","245648932"
"chr2B","247033528","247033827","KN295236v1","1532582","1532882","39","245500946"
"chr2B","247620452","247620754","KN296508v1","20473","20772","34","247599979"
"chr2B","247633817","247634107","KN297141v1","152542","152844","49","247481275"
"chr2B","247770721","247771021","KN295523v1","556214","556518","36","247214507"
"chr2B","247845461","247845767","KN295294v1","849337","849645","41","246996124"
"chr2B","247847875","247848165","KN296502v1","101034","101331","43","247746841"
"chr2B","247853715","247853996","KN294790v1","3691673","3691956","45","244162042"
"chrUn_NW_014014551v1","15385","15678","KN296516v1","246646","246936","40","231261"
"chrUn_NW_014014934v1","1","59","KN296153v1","541465","541522","9","541464"
"chrUn_NW_014015121v1","9567","9855","KN295260v1","1828605","1828891","44","1819038"
"chrUn_NW_014015148v1","321","630","KN294470v1","2127954","2128268","37","2127633"
"chrUn_NW_014015475v1","2199","2477","KN294519v1","100879","101154","44","98680"
"chrUn_NW_014015509v1","28405","28670","KN295930v1","374655","374908","39","346250"
"chrUn_NW_014015509v1","36585","36885","KN294987v1","538565","538859","49","501980"
"chrUn_NW_014015679v1","7875","8110","KN294705v1","353065","353305","44","345190"
"chrUn_NW_014015817v1","6241","6540","KN295591v1","1042086","1042388","45","1035845"
"chrUn_NW_014016241v1","1094","1334","KN297416v1","71048","71290","33","69954"
"chrUn_NW_014016311v1","302","592","KN296303v1","373645","373940","40","373343"
"chrUn_NW_014016355v1","361","644","KN294893v1","439595","439874","45","439234"
"chrUn_NW_014016385v1","111","422","KN295366v1","158201","158498","35","158090"
"chrUn_NW_014016485v1","570","869","KN296096v1","1838666","1838962","44","1838096"
"chrUn_NW_014016854v1","1006","1312","KN294443v1","739291","739598","37","738285"
"chrUn_NW_014017090v1","7629","7929","KN295666v1","754657","754955","37","747028"
"chrUn_NW_014017165v1","574025","574326","KN296290v1","7993","8292","35","566032"
"chrUn_NW_014017165v1","985440","985551","KN295077v1","540029","540136","23","445411"
"chrUn_NW_014017165v1","987486","987769","KN296290v1","441835","442115","22","545651"
"chrUn_NW_014017235v1","329","639","KN294243v1","175612","175921","33","175283"
"chrUn_NW_014017284v1","2406","2639","KN296153v1","3908850","3909065","59","3906444"
"chrUn_NW_014017356v1","1417","1708","KN295907v1","1624481","1624768","34","1623064"
"chrUn_NW_014017532v1","15770","16059","KN294893v1","439595","439874","44","423825"
"chrUn_NW_014017541v1","9469","9809","KN295074v1","1146684","1147014","53","1137215"
"chrUn_NW_014017541v1","10069","10381","KN296096v1","2223591","2223902","39","2213522"
"chrUn_NW_014017559v1","10606","10907","KN295705v1","376067","376372","54","365461"
"chrUn_NW_014017559v1","81900","82204","KN297154v1","1527871","1528177","48","1445971"
"chrUn_NW_014017663v1","2398","2691","KN297157v1","244479","244781","44","242081"
"chrUn_NW_014017744v1","20086","20378","KN294243v1","142681","142964","30","122595"
"chrUn_NW_014017819v1","247","432","KN296306v1","795058","795232","23","794811"
"chrUn_NW_014018095v1","681","980","KN295814v1","769523","769821","34","768842"
"chrUn_NW_014018121v1","329","625","KN295041v1","208870","209171","31","208541"
"chrUn_NW_014018418v1","784","1075","KN294378v1","1231111","1231396","32","1230327"
"chrUn_NW_014018446v1","1089","1268","KN296138v1","93122","93299","23","92033"
"chrUn_NW_014018447v1","170","471","KN294443v1","739291","739598","45","739121"
"chrUn_NW_014018453v1","604","910","KN295893v1","178302","178608","38","177698"
"chrUn_NW_014018532v1","77","210","KN294172v1","5560341","5560477","16","5560264"
"chrUn_NW_014018532v1","504","675","KN294790v1","3568985","3569161","26","3568481"
"chrUn_NW_014018608v1","1134","1428","KN296096v1","2342383","2342678","35","2341249"
"chrUn_NW_014018608v1","5613","5907","KN295430v1","2487355","2487647","35","2481742"
