"chr1","1320814","1321109","chr1","227145106","227145406","44","225824292"
"chr1","2639640","2639779","chr1","2544621","2544764","7","95019"
"chr1","4371393","4371689","chr1","4263881","4264184","22","107512"
"chr1","6473449","6473517","chr7","882777","882828","20","5590672"
"chr1","8876906","8877184","chr1","8562113","8562412","26","314793"
"chr1","8987245","8987533","chr1","8671534","8671823","4","315711"
"chr1","9750550","9750846","chr1","9447992","9448288","6","302558"
"chr1","10076380","10076678","chr1","9779559","9779862","13","296821"
"chr1","10358890","10359011","chr1","184538590","184538721","31","174179700"
"chr1","12198498","12198801","chr1","11997118","11997422","8","201380"
"chr1","17418043","17418316","chr1","17267961","17268262","32","150082"
"chr1","17455464","17455624","chr2B","22683512","22683671","26","5228048"
"chr1","19849407","19849710","chr1","19741418","19741724","17","107989"
"chr1","21116884","21117182","chr1","21025895","21026194","6","90989"
"chr1","21874560","21874860","chr5","164674025","164674313","66","142799465"
"chr1","23139054","23139347","chr1","23001640","23001933","2","137414"
"chr1","24888140","24888261","chr10","115828273","115828400","23","90940133"
"chr1","25000003","25000197","chr19","21026285","21026474","34","3973718"
"chr1","25297096","25297285","chr19","14701273","14701459","22","10595823"
"chr1","25330932","25331202","chr10","66678061","66678321","67","41347129"
"chr1","25841735","25842033","chr1","25574128","25574419","13","267607"
"chr1","27250278","27250471","chr16","19931476","19931668","27","7318802"
"chr1","27751607","27751903","chr1","27567583","27567880","7","184024"
"chr1","28247627","28247793","chr1","28079916","28080082","3","167711"
"chr1","28852208","28852311","chr16","14045419","14045515","30","14806789"
"chr1","28962754","28963013","chr4","39519338","39519604","51","10556584"
"chr1","29019295","29019599","chr1","28839153","28839468","20","180142"
"chr1","29259006","29259116","chr7","127926820","127926916","36","98667814"
"chr1","29909845","29910166","chr1","29746720","29747026","23","163125"
"chr1","32615793","32616095","chr1","32496857","32497148","17","118936"
"chr1","33061253","33061554","chr1","32774490","32774789","6","286763"
"chr1","33174336","33174625","chr1","32889338","32889630","17","284998"
"chr1","33207115","33207413","chr1","32924716","32925014","5","282399"
"chr1","33324718","33325016","chr1","33022269","33022569","13","302449"
"chr1","35576277","35576432","chr1","35427071","35427227","4","149206"
"chr1","35871262","35871543","chr10","66678061","66678321","65","30806799"
"chr1","36258061","36258369","chr1","36121580","36121889","12","136481"
"chr1","39592460","39592635","chr10","84027091","84027263","21","44434631"
"chr1","40630189","40630479","chr1","40385185","40385478","7","245004"
"chr1","40957008","40957170","chr1","40707488","40707654","7","249520"
"chr1","41816714","41816998","chr1","41694634","41694920","6","122080"
"chr1","43208617","43208889","chr1","43034730","43035021","20","173887"
"chr1","43222225","43222415","chr11","126036905","126037089","26","82814680"
"chr1","46030623","46030927","chr1","45945511","45945815","3","85112"
"chr1","46898183","46898382","chr18","56418609","56418802","25","9520426"
"chr1","48033963","48034251","chr1","47799683","47799971","6","234280"
"chr1","48157715","48158015","chr5","15255661","15255963","35","32902054"
"chr1","48834333","48834620","chr1","48625766","48626052","6","208567"
"chr1","53569222","53569437","chr1","53302817","53303032","8","266405"
"chr1","53588389","53588685","chr1","53322363","53322665","10","266026"
"chr1","54809457","54809745","chr1","54581278","54581565","9","228179"
"chr1","54917573","54917875","chr19","7470476","7470769","54","47447097"
"chr1","56079329","56079634","chr1","55825913","55826219","12","253416"
"chr1","60476646","60476966","chr1","60307907","60308221","14","168739"
"chr1","61180334","61180634","chr1","60988096","60988400","16","192238"
"chr1","61947066","61947364","chr1","61646985","61647275","9","300081"
"chr1","62399575","62399769","chr1","62113406","62113577","30","286169"
"chr1","62780299","62780471","chr20","48553774","48553944","20","14226525"
"chr1","68489579","68489858","chr1","68293454","68293734","14","196125"
"chr1","68910335","68910636","chr1","68557976","68558281","6","352359"
"chr1","70200240","70200511","chr1","69860150","69860421","5","340090"
"chr1","78654575","78654875","chr1","78331382","78331682","11","323193"
"chr1","78794910","78795208","chr1","78472074","78472377","18","322836"
"chr1","79213355","79213652","chr1","78891528","78891822","20","321827"
"chr1","82519984","82520280","chr1","82128083","82128380","15","391901"
"chr1","86871399","86871679","chr9","114345197","114345475","33","27473798"
"chr1","87156290","87156618","chr7","100421300","100421622","48","13265010"
"chr1","90863633","90863941","chr1","90523877","90524174","20","339756"
"chr1","92937622","92937921","chr17","10788822","10789119","32","82148800"
"chr1","93336671","93336968","chr1","93010089","93010378","19","326582"
"chr1","94915870","94916054","chr1","94679598","94679783","6","236272"
"chr1","95946133","95946413","chr1","95772490","95772770","10","173643"
"chr1","101533823","101534117","chr15","56223449","56223745","36","45310374"
"chr1","102864659","102864956","chr1","102891801","102892099","11","27142"
"chr1","106229894","106230208","chr7","36985780","36986090","36","69244114"
"chr1","113724082","113724298","chr1","125663926","125664141","10","11939844"
"chr1","121386910","121387171","chr1","117734134","117734406","12","3652776"
"chr1","123049197","123049367","chr16","76972112","76972280","19","46077085"
"chr1","125035196","125035485","chr1","114068843","114069132","7","10966353"
"chr1","125799952","125800244","chr6","3148097","3148387","27","122651855"
"chr1","129225841","129226144","chr1","129228127","129228430","5","2286"
"chr1","129331757","129332041","chr1","129327671","129327952","10","4086"
"chr1","130310726","130310984","chr4","39519338","39519604","66","90791388"
"chr1","130423290","130423583","chr1","130436494","130436805","23","13204"
"chr1","130632774","130633062","chr1","130650340","130650633","9","17566"
"chr1","130742718","130743026","chr1","130777149","130777459","5","34431"
"chr1","132888998","132889277","chr3","48119309","48119586","47","84769689"
"chr1","132995843","132996112","chr6","157648299","157648578","42","24652456"
"chr1","133307832","133308142","chr1","133419627","133419935","12","111795"
"chr1","133336798","133337053","chr4","102918608","102918845","62","30418190"
"chr1","133344354","133344551","chr18","56418609","56418802","23","76925745"
"chr1","133386856","133387137","chr1","133496261","133496550","14","109405"
"chr1","139461169","139461419","chr14","40514826","40515073","35","98946343"
"chr1","140476572","140476787","chr9","105217160","105217370","29","35259412"
"chr1","141711841","141712139","chr1","141422953","141423251","5","288888"
"chr1","143642986","143643282","chr1","143386146","143386444","14","256840"
"chr1","145303961","145304251","chr1","145067638","145067933","16","236323"
"chr1","146543966","146544268","chr1","146311742","146312043","10","232224"
"chr1","147037139","147037405","chr1","146841203","146841480","18","195936"
"chr1","147518097","147518394","chr1","147339694","147339996","10","178403"
"chr1","150629089","150629233","chr1","150422661","150422805","3","206428"
"chr1","152293692","152294001","chr1","152150403","152150710","8","143289"
"chr1","154089078","154089366","chr1","186843903","186844195","39","32754825"
"chr1","156361911","156362194","chr1","156244088","156244399","35","117823"
"chr1","157601437","157601616","chr5","158646080","158646259","33","1044643"
"chr1","157896889","157897200","chr1","157861032","157861338","12","35857"
"chr1","159558531","159558812","chr1","159596386","159596667","6","37855"
"chr1","162757774","162758075","chr1","162321625","162321926","7","436149"
"chr1","164882882","164883159","chr1","164487168","164487445","7","395714"
"chr1","171395657","171395826","chr1","171055779","171055947","4","339878"
"chr1","172494851","172495142","chr1","172136042","172136340","12","358809"
"chr1","172892264","172892554","chr5","141928392","141928680","35","30963872"
"chr1","172983819","172984111","chr1","172658353","172658642","13","325466"
"chr1","174336095","174336373","chr1","174024675","174024967","21","311420"
"chr1","177714108","177714420","chr1","177352825","177353131","14","361283"
"chr1","180495927","180496224","chr1","180210539","180210836","13","285388"
"chr1","181426509","181426814","chr1","181195999","181196304","3","230510"
"chr1","182437133","182437431","chr1","182322859","182323157","8","114274"
"chr1","182608735","182609024","chr1","182500791","182501100","27","107944"
"chr1","183870457","183870654","chr1","183797609","183797806","4","72848"
"chr1","184293060","184293344","chr1","184217831","184218114","7","75229"
"chr1","184608659","184608791","chr1","184538590","184538721","6","70069"
"chr1","186061562","186061816","chr1","185936530","185936785","8","125032"
"chr1","186947639","186947930","chr1","186843903","186844195","9","103736"
"chr1","187278154","187278453","chr1","187179858","187180164","10","98296"
"chr1","191857644","191857909","chr11","48319214","48319479","44","143538430"
"chr1","192186237","192186527","chr1","191534378","191534667","4","651859"
"chr1","192575743","192576053","chr1","191926311","191926621","6","649432"
"chr1","199262331","199262609","chr5","11322709","11322998","44","187939622"
"chr1","204044378","204044529","chr1","203493866","203494011","9","550512"
"chr1","204903376","204903682","chr1","204448705","204449014","12","454671"
"chr1","206331347","206331658","chr1","205581853","205582157","14","749494"
"chr1","207170393","207170699","chr5","15255661","15255963","51","191914732"
"chr1","209269025","209269230","chrX","54691581","54691795","39","154577444"
"chr1","211371026","211371316","chr1","210501582","210501873","9","869444"
"chr1","211897223","211897528","chr1","211032280","211032580","22","864943"
"chr1","212391541","212391852","chr1","211533092","211533401","12","858449"
"chr1","220102234","220102531","chr1","219346983","219347287","16","755251"
"chr1","221806776","221807083","chr1","221065885","221066192","5","740891"
"chr1","223630458","223630757","chr1","222567827","222568124","7","1062631"
"chr1","223824596","223824893","chr1","222772004","222772297","13","1052592"
"chr1","225811381","225811658","chr1","224785157","224785432","5","1026224"
"chr1","227953161","227953436","chr10","82567324","82567601","37","145385837"
"chr1","228178938","228179233","chr1","227145106","227145406","23","1033832"
"chr1","228213261","228213556","chr1","227180980","227181283","21","1032281"
"chr1","228566235","228566533","chr1","227554526","227554820","9","1011709"
"chr3","236496","236776","chr15","11817338","11817619","34","11580842"
"chr3","3172930","3173235","chr3","3212409","3212708","13","39479"
"chr3","3317490","3317745","chr3","3365662","3365912","13","48172"
"chr3","11994782","11995088","chr3","11969908","11970213","10","24874"
"chr3","19497920","19498217","chr3","19675408","19675705","6","177488"
"chr3","20519838","20519972","chr3","20699599","20699732","3","179761"
"chr3","20520232","20520361","chr1","92601078","92601204","38","72080846"
"chr3","25978882","25979109","chr3","26301173","26301401","3","322291"
"chr3","28216047","28216353","chr3","28527968","28528275","10","311921"
"chr3","28617522","28617831","chr3","11969908","11970213","39","16647614"
"chr3","29625919","29626199","chr3","29912474","29912754","6","286555"
"chr3","32332270","32332565","chr3","32624429","32624727","9","292159"
"chr3","32538896","32539193","chr3","32842600","32842907","16","303704"
"chr3","32549496","32549797","chr3","32853497","32853797","6","304001"
"chr3","37119179","37119465","chr3","37582128","37582430","25","462949"
"chr3","37156945","37157135","chr3","37624183","37624369","8","467238"
"chr3","39496613","39496881","chr3","40093118","40093376","14","596505"
"chr3","39725288","39725436","chr3","40313035","40313183","5","587747"
"chr3","41961536","41961843","chr3","42544894","42545187","21","583358"
"chr3","43555866","43556143","chr18","59979019","59979298","49","16423153"
"chr3","46816099","46816378","chr3","46667397","46667676","4","148702"
"chr3","47956641","47956934","chr3","47891710","47892005","8","64931"
"chr3","48178679","48178823","chr12","129420003","129420157","32","81241324"
"chr3","48530016","48530316","chr3","48475825","48476131","10","54191"
"chr3","48791923","48792214","chr3","48724364","48724657","7","67559"
"chr3","48815926","48816215","chr3","48761968","48762262","9","53958"
"chr3","49053769","49054081","chrX","79875759","79876064","44","30821990"
"chr3","49479495","49479789","chr3","49442755","49443053","15","36740"
"chr3","49866367","49866568","chr19","52927849","52928049","22","3061482"
"chr3","50061742","50061910","chr16","76972112","76972280","22","26910370"
"chr3","50080613","50080811","chr3","50049483","50049678","9","31130"
"chr3","50577482","50577599","chr4","61786568","61786682","24","11209086"
"chr3","50577647","50577865","chr5","58752170","58752381","62","8174523"
"chr3","52260686","52260961","chr3","52127415","52127690","5","133271"
"chr3","52719089","52719363","chr3","52585515","52585790","4","133574"
"chr3","53165684","53165822","chr14","57584255","57584397","26","4418571"
"chr3","53805976","53806280","chr14","73238388","73238687","38","19432412"
"chr3","58248183","58248371","chr3","58204849","58205041","6","43334"
"chr3","58258224","58258519","chr3","58215463","58215758","9","42761"
"chr3","63507219","63507536","chr3","63252201","63252517","6","255018"
"chr3","63871803","63872098","chr3","63631448","63631756","21","240355"
"chr3","70544271","70544576","chr3","70292959","70293270","16","251312"
"chr3","72182144","72182416","chr3","71934688","71934960","4","247456"
"chr3","78712274","78712475","chr3","78181944","78182145","4","530330"
"chr3","86810509","86810815","chr3","86138743","86139049","9","671766"
"chr3","90295036","90295326","chr3","89675563","89675856","8","619473"
"chr3","99178887","99179175","chr3","96632064","96632351","7","2546823"
"chr3","99673986","99674283","chr3","97117050","97117347","11","2556936"
"chr3","102606141","102606442","chr3","100073367","100073670","6","2532774"
"chr3","110805251","110805534","chr12","131995458","131995740","37","21190207"
"chr3","110876234","110876537","chr1","78331382","78331682","37","32544852"
"chr3","112359666","112359959","chr3","109689038","109689332","10","2670628"
"chr3","113063959","113064127","chr3","110433832","110434000","8","2630127"
"chr3","113348621","113348920","chr3","110738582","110738884","12","2610039"
"chr3","116918264","116918574","chr3","114348875","114349185","5","2569389"
"chr3","117524761","117525053","chr3","114982463","114982765","16","2542298"
"chr3","119627499","119627807","chr3","117203728","117204036","9","2423771"
"chr3","120531126","120531405","chr3","118123428","118123703","13","2407698"
"chr3","122037044","122037328","chr3","119675613","119675905","17","2361431"
"chr3","124156471","124156774","chr3","121844500","121844806","9","2311971"
"chr3","124223784","124224078","chr3","121908246","121908540","9","2315538"
"chr3","125673199","125673485","chr3","123354110","123354421","34","2319089"
"chr3","126325695","126325864","chr20","48553774","48553944","17","77771921"
"chr3","128288462","128288692","chr3","126027445","126027675","6","2261017"
"chr3","128722649","128722944","chr3","126463759","126464051","15","2258890"
"chr3","129516336","129516657","chr3","127260502","127260821","9","2255834"
"chr3","138089237","138089533","chr8","22840045","22840341","30","115249192"
"chr3","138109125","138109330","chr1","28623801","28623994","37","109485324"
"chr3","138119271","138119570","chr3","135637514","135637802","17","2481757"
"chr3","141490787","141491072","chr3","139054817","139055120","23","2435970"
"chr3","143987139","143987444","chr3","141439501","141439807","6","2547638"
"chr3","147255435","147255730","chr14","33351396","33351697","35","113904039"
"chr3","148365395","148365692","chr3","145915402","145915704","16","2449993"
"chr3","153492586","153492893","chr3","151154719","151155022","9","2337867"
"chr3","157702931","157703095","chr5","20442835","20442996","42","137260096"
"chr3","160295040","160295333","chr5","164674025","164674313","42","4378985"
"chr3","165604474","165604668","chr3","163117251","163117445","3","2487223"
"chr3","166006546","166006806","chr3","163526766","163527026","4","2479780"
"chr3","172060346","172060609","chr3","169643408","169643662","19","2416938"
"chr3","173402443","173402739","chr3","171059021","171059311","9","2343422"
"chr3","177799125","177799204","chr14","48184077","48184156","24","129615048"
"chr3","179987337","179987630","chr3","177676451","177676748","8","2310886"
"chr3","182600005","182600240","chr4","102918608","102918845","57","79681397"
"chr3","183780606","183780908","chr3","181597563","181597867","6","2183043"
"chr3","184451575","184451849","chr3","182280810","182281086","7","2170765"
"chr3","184581659","184581968","chr3","182412059","182412352","30","2169600"
"chr3","186944036","186944335","chr3","184800931","184801232","6","2143105"
"chr3","187468070","187468285","chr19","36922315","36922521","41","150545755"
"chr3","188150869","188151106","chr4","60472082","60472322","43","127678787"
"chr3","188492540","188492825","chr3","186374001","186374291","26","2118539"
"chr3","188509660","188509948","chr12","6254409","6254699","37","182255251"
"chr3","189119084","189119388","chr1","78331382","78331682","35","110787702"
"chr3","190307945","190308244","chr3","187906958","187907249","22","2400987"
"chr3","191082515","191082699","chr15","6654353","6654531","37","184428162"
"chr3","194249995","194250300","chr3","191933916","191934220","9","2316079"
"chr3","196339307","196339363","chr3","194061130","194061186","0","2278177"
"chr3","199966986","199967146","chr3","195627254","195627414","2","4339732"
"chr3","202896225","202896505","chr18","70842698","70842984","38","132053527"
"chr3","203352812","203353116","chr3","199388198","199388503","11","3964614"
"chr3","204987729","204988023","chr3","200972560","200972855","6","4015169"
"chr3","205060156","205060312","chr5","46533153","46533308","22","158527003"
"chr4","2595817","2596017","chr6","43636622","43636822","21","41040805"
"chr4","2610756","2610938","chr11","126036905","126037089","21","123426149"
"chr4","3243109","3243400","chr4","3169747","3170045","11","73362"
"chr4","5360525","5360822","chr4","5412191","5412485","8","51666"
"chr4","11013358","11013663","chr9","45643452","45643760","52","34630094"
"chr4","14149250","14149546","chr9","66316060","66316358","38","52166810"
"chr4","15468747","15469024","chr4","15242822","15243118","37","225925"
"chr4","17305850","17306025","chr1","215775008","215775184","23","198469158"
"chr4","20026676","20026942","chr4","19868568","19868839","12","158108"
"chr4","21519512","21519796","chr4","21392781","21393066","9","126731"
"chr4","25196964","25197173","chr9","116455771","116455985","85","91258807"
"chr4","27383725","27384014","chr4","27350513","27350804","11","33212"
"chr4","28012504","28012659","chr4","27992901","27993056","1","19603"
"chr4","30458637","30458923","chr4","30462084","30462370","5","3447"
"chr4","37522273","37522588","chr4","37061087","37061399","16","461186"
"chr4","37953903","37954190","chr4","37495779","37496066","6","458124"
"chr4","39230047","39230344","chr4","38793102","38793408","14","436945"
"chr4","39341729","39341900","chr15","63546490","63546662","17","24204761"
"chr4","39442137","39442428","chr4","39015931","39016223","11","426206"
"chr4","40840557","40840771","chrX","54691581","54691795","26","13851024"
"chr4","42362604","42362894","chr4","42066227","42066517","4","296377"
"chr4","43657822","43658091","chr1","146841203","146841480","43","103183381"
"chr4","44755479","44755769","chr4","44402776","44403068","7","352703"
"chr4","45927825","45928122","chr4","95132302","95132596","9","49204477"
"chr4","47651218","47651417","chr6","110332874","110333074","23","62681656"
"chr4","49711501","49711667","chr4","91294473","91294639","3","41582972"
"chr4","51132115","51132395","chr4","89891999","89892280","7","38759884"
"chr4","53548380","53548676","chr15","56223449","56223745","30","2675069"
"chr4","53963441","53963745","chr4","87011387","87011691","3","33047946"
"chr4","54551479","54551778","chr19","38346378","38346679","35","16205101"
"chr4","54604790","54605081","chr4","86381098","86381395","14","31776308"
"chr4","59864413","59864703","chr4","81491005","81491294","3","21626592"
"chr4","61821732","61822035","chr4","59700342","59700643","5","2121390"
"chr4","62303029","62303269","chr4","60472082","60472322","11","1830947"
"chr4","63573183","63573361","chr4","61786365","61786529","23","1786818"
"chr4","63573400","63573514","chr4","61786568","61786682","1","1786832"
"chr4","63659924","63660216","chr4","61872349","61872640","14","1787575"
"chr4","64181248","64181414","chr4","62403969","62404135","4","1777279"
"chr4","67847859","67848137","chr4","66206014","66206278","23","1641845"
"chr4","73925345","73925625","chr4","72211184","72211464","2","1714161"
"chr4","74743733","74743899","chr16","76972112","76972280","21","2228379"
"chr4","84420707","84421001","chr4","48339990","48340288","12","36080717"
"chr4","84519121","84519411","chr4","48239608","48239907","16","36279513"
"chr4","84555006","84555256","chr10","66678061","66678321","52","17876945"
"chr4","88505960","88506255","chr4","96535138","96535445","27","8029178"
"chr4","89778374","89778639","chr4","97839804","97840054","18","8061430"
"chr4","93808143","93808448","chr4","101963745","101964051","12","8155602"
"chr4","94787451","94787678","chr4","102918608","102918845","13","8131157"
"chr4","95405055","95405255","chr4","103570202","103570402","4","8165147"
"chr4","98572204","98572498","chr4","106773395","106773692","12","8201191"
"chr4","102102693","102102995","chr4","110324037","110324323","22","8221344"
"chr4","110044347","110044512","chr4","118410394","118410543","19","8366047"
"chr4","112574980","112575236","chr1","185936530","185936785","52","73361550"
"chr4","115697596","115697902","chr22","8016422","8016724","63","107681174"
"chr4","122922971","122923263","chr4","110324037","110324323","32","12598934"
"chr4","129028785","129029005","chr4","137733748","137733954","16","8704963"
"chr4","135046702","135047005","chr4","143545796","143546103","13","8499094"
"chr4","138970868","138971148","chr4","147481599","147481878","12","8510731"
"chr4","139562190","139562359","chr16","76972112","76972280","19","62590078"
"chr4","140394403","140394691","chr4","148866813","148867100","7","8472410"
"chr4","145361572","145361854","chr4","153848124","153848406","4","8486552"
"chr4","146232207","146232511","chr4","154711174","154711483","19","8478967"
"chr4","151768707","151769008","chr4","160118948","160119242","23","8350241"
"chr4","155394115","155394394","chr11","123470004","123470281","33","31924111"
"chr4","157165086","157165375","chr4","165638689","165638979","17","8473603"
"chr4","160361557","160361855","chr4","168734737","168735036","12","8373180"
"chr4","160879071","160879240","chr4","169258311","169258487","13","8379240"
"chr4","165184604","165184907","chr4","173789494","173789798","7","8604890"
"chr4","168061257","168061443","chr5","44737050","44737238","26","123324207"
"chr4","170141285","170141445","chr4","178584127","178584287","0","8442842"
"chr4","171494808","171495103","chr4","179954271","179954568","15","8459463"
"chr4","174647827","174648124","chr4","183140262","183140558","6","8492435"
"chr4","181638492","181638790","chr4","190072185","190072485","9","8433693"
"chr4","187399902","187400196","chr8","22840045","22840341","37","164559857"
"chr4","189032696","189033000","chr4","197510201","197510505","8","8477505"
"chr4","190333901","190334193","chr4","198839292","198839591","12","8505391"
"chr4","192056171","192056393","chr4","114782067","114782289","35","77274104"
"chr4","192928261","192928572","chr4","201507094","201507405","5","8578833"
"chr5","10909092","10909384","chr17","84920892","84921185","7","74011800"
"chr5","11166007","11166290","chr17","84663075","84663365","20","73497068"
"chr5","12739080","12739339","chr9","100886238","100886501","49","88147158"
"chr5","13291520","13291823","chr17","82481343","82481651","16","69189823"
"chr5","14179111","14179294","chr17","81566243","81566426","6","67387132"
"chr5","14199751","14200052","chr17","81545266","81545567","16","67345515"
"chr5","14436180","14436448","chr17","81316102","81316400","33","66879922"
"chr5","18483650","18483958","chr1","11997118","11997422","38","6486532"
"chr5","19203242","19203546","chr5","79232098","79232398","11","60028856"
"chr5","19901536","19901837","chr12","7078172","7078469","33","12823364"
"chr5","27330815","27331120","chr5","70935715","70936016","14","43604900"
"chr5","32398763","32399059","chr5","65777034","65777331","8","33378271"
"chr5","36744546","36744837","chr17","17412838","17413130","9","19331708"
"chr5","37951237","37951546","chr17","18608093","18608373","34","19343144"
"chr5","39045440","39045680","chr4","60472082","60472322","46","21426642"
"chr5","41233709","41234020","chr17","21871737","21872048","7","19361972"
"chr5","42482508","42482794","chr17","23202520","23202810","12","19279988"
"chr5","42551630","42551932","chr17","23271544","23271846","12","19280086"
"chr5","44426886","44427170","chr5","2528643","2528934","56","41898243"
"chr5","45874380","45874544","chr21","1090784","1090946","20","44783596"
"chr5","46245906","46246199","chr17","26338518","26338823","20","19907388"
"chr5","46413266","46413442","chr1","6162805","6162979","25","40250461"
"chr5","50016926","50017019","chr17","30118533","30118626","0","19898393"
"chr5","50406614","50406807","chr1","28623801","28623994","24","21782813"
"chr5","59123675","59123972","chr7","64765308","64765606","29","5641633"
"chr5","64755570","64755874","chr17","45164743","45165054","13","19590827"
"chr5","73913271","73913575","chr17","53800293","53800596","6","20112978"
"chr5","82197965","82198264","chr17","61764319","61764619","7","20433646"
"chr5","83244937","83245228","chr17","62892691","62892981","8","20352246"
"chr5","83841358","83841668","chr15","12954150","12954452","45","70887208"
"chr5","83923033","83923199","chr17","63589082","63589248","6","20333951"
"chr5","83930575","83930861","chr12","129228568","129228862","42","45297993"
"chr5","85573833","85574121","chr17","65289358","65289646","8","20284475"
"chr5","92842004","92842305","chr17","72490506","72490805","10","20351498"
"chr5","93634886","93635194","chr17","73286373","73286657","29","20348513"
"chr5","94286472","94286755","chr17","73828109","73828392","7","20458363"
"chr5","94828127","94828432","chr17","74216622","74216920","17","20611505"
"chr5","97300202","97300502","chr17","76850816","76851116","11","20449386"
"chr5","99214729","99214795","chr5","81322816","81322882","1","17891913"
"chr5","99870361","99870633","chr6","157648299","157648578","34","57777938"
"chr5","104263590","104263884","chr5","86092958","86093262","16","18170632"
"chr5","106095176","106095417","chr5","87927685","87927933","12","18167491"
"chr5","109525179","109525483","chr5","91335891","91336185","16","18189288"
"chr5","111515867","111516019","chr5","93422592","93422745","6","18093275"
"chr5","116803668","116803978","chr5","98807843","98808148","10","17995825"
"chr5","118130167","118130453","chr5","100161057","100161339","11","17969110"
"chr5","123072138","123072439","chr5","105131487","105131787","5","17940651"
"chr5","130867583","130867894","chr5","113116090","113116396","15","17751493"
"chr5","133218584","133218856","chr12","70862934","70863217","41","62355650"
"chr5","134458906","134459204","chr5","116341597","116341895","5","18117309"
"chr5","134556977","134557268","chr5","116447710","116447993","15","18109267"
"chr5","136369171","136369466","chr5","118296843","118297139","8","18072328"
"chr5","140926759","140927004","chr19","37140299","37140540","39","103786460"
"chr5","141190260","141190474","chr9","105217160","105217370","34","35973100"
"chr5","141647676","141647985","chr5","123688973","123689279","10","17958703"
"chr5","142549094","142549371","chr5","124608060","124608365","30","17941034"
"chr5","143677059","143677363","chr5","125792781","125793087","5","17884278"
"chr5","145242534","145242828","chr5","127372003","127372310","23","17870531"
"chr5","158393935","158394233","chr5","140841444","140841736","15","17552491"
"chr5","160009439","160009605","chr5","141839012","141839170","27","18170427"
"chr5","160966216","160966505","chr5","142805937","142806237","20","18160279"
"chr5","163730036","163730316","chr5","145539870","145540177","34","18190166"
"chr5","168115614","168115935","chr5","149888600","149888923","12","18227014"
"chr5","169882480","169882775","chr5","151730388","151730683","9","18152092"
"chr5","173239986","173240281","chr5","155208136","155208431","6","18031850"
"chr5","174449301","174449596","chr5","156298246","156298540","8","18151055"
"chr5","175261781","175262067","chr5","157130311","157130597","6","18131470"
"chr5","176874674","176874834","chr19","4197281","4197440","20","172677393"
"chr5","179422174","179422475","chr5","161153142","161153427","27","18269032"
"chr5","179583104","179583368","chr5","161313373","161313643","12","18269731"
"chr5","181024082","181024391","chr5","162690350","162690660","7","18333732"
"chr5","181117549","181117734","chr6","43831654","43831840","22","137285895"
"chr5","181368649","181368949","chr5","163001779","163002079","12","18366870"
"chr5","181423550","181423707","chr5","163021194","163021351","2","18402356"
"chr5","182188175","182188471","chr5","163775200","163775511","17","18412975"
"chr5","182527012","182527166","chr4","27992901","27993056","22","154534111"
"chr5","182773294","182773461","chr2B","22683512","22683671","28","160089782"
"chr5","183025167","183025423","chr5","164584794","164585039","14","18440373"
"chr5","183113832","183114103","chr5","164674025","164674313","25","18439807"
"chr6","7928159","7928455","chr6","7909787","7910060","25","18372"
"chr6","9985597","9985906","chr6","10139705","10140013","7","154108"
"chr6","13986574","13986873","chr12","45734149","45734450","11","31747575"
"chr6","16284668","16284958","chr6","16540959","16541249","4","256291"
"chr6","16878290","16878598","chr6","17151461","17151768","10","273171"
"chr6","17797324","17797597","chr6","18103976","18104256","10","306652"
"chr6","17864917","17865224","chr6","18175049","18175347","12","310132"
"chr6","20373974","20374266","chr6","20747339","20747631","7","373365"
"chr6","21817987","21818292","chr6","22201651","22201956","9","383664"
"chr6","21878607","21878912","chr6","22264941","22265247","10","386334"
"chr6","23192013","23192295","chr6","23644719","23645001","8","452706"
"chr6","23688781","23689087","chr6","24165127","24165425","14","476346"
"chr6","24172170","24172478","chr6","24656893","24657204","7","484723"
"chr6","26777492","26777773","chr20","50515241","50515510","44","23737749"
"chr6","27060243","27060551","chr6","27177522","27177834","15","117279"
"chr6","29282476","29282760","chr6","29431443","29431727","7","148967"
"chr6","29914564","29914860","chr6","30067180","30067477","7","152616"
"chr6","30554721","30555028","chr6","30797224","30797502","34","242503"
"chr6","31130707","31131013","chr6","31179947","31180253","2","49240"
"chr6","31268408","31268699","chr6","31316360","31316650","5","47952"
"chr6","31786148","31786450","chr6","31837472","31837780","12","51324"
"chr6","34240122","34240432","chr14","33372998","33373305","40","867124"
"chr6","35598562","35598843","chr6","35594662","35594943","5","3900"
"chr6","36035558","36035863","chr6","36044845","36045152","7","9287"
"chr6","38088300","38088608","chr6","37988555","37988859","8","99745"
"chr6","38258242","38258508","chr6","38159173","38159441","4","99069"
"chr6","42645441","42645629","chr19","14701273","14701459","24","27944168"
"chr6","43537421","43537573","chr6","43426837","43426989","3","110584"
"chr6","45491853","45492150","chr6","45447579","45447882","16","44274"
"chr6","45987919","45988200","chr6","45994910","45995191","3","6991"
"chr6","47924579","47924868","chr6","48080834","48081129","9","156255"
"chr6","49068354","49068459","chr6","49284209","49284319","12","215855"
"chr6","51248308","51248486","chr1","79118026","79118200","29","27869718"
"chr6","52609042","52609335","chr6","52788854","52789149","8","179812"
"chr6","54417759","54418060","chr6","54207457","54207756","12","210302"
"chr6","56442288","56442581","chr6","56273980","56274271","8","168308"
"chr6","68805482","68805747","chr6","69538274","69538533","13","732792"
"chr6","74626938","74627113","chr10","84027091","84027263","37","9400153"
"chr6","78497115","78497393","chr9","114345197","114345475","33","35848082"
"chr6","79374356","79374642","chr6","80367298","80367586","8","992942"
"chr6","81391392","81391591","chr6","43636622","43636822","24","37754770"
"chr6","88827057","88827358","chr7","65427060","65427373","19","23399997"
"chr6","91123814","91124099","chr6","92268139","92268422","11","1144325"
"chr6","100648405","100648627","chr4","114782067","114782289","4","14133662"
"chr6","101179777","101179856","chr14","48184077","48184156","42","52995700"
"chr6","103063265","103063562","chr6","103447271","103447568","10","384006"
"chr6","103765029","103765322","chr6","104164563","104164867","23","399534"
"chr6","103858875","103859052","chr6","104256647","104256821","8","397772"
"chr6","110606058","110606340","chr6","110929487","110929768","7","323429"
"chr6","112798590","112798762","chr12","79555209","79555379","35","33243381"
"chr6","114472319","114472612","chr6","114842502","114842803","16","370183"
"chr6","123347353","123347509","chr6","123717713","123717868","3","370360"
"chr6","127924338","127924616","chr6","128410179","128410469","15","485841"
"chr6","130984560","130984819","chr6","131508761","131509036","31","524201"
"chr6","131765480","131765770","chr6","132322811","132323101","11","557331"
"chr6","135988619","135988909","chr6","136600033","136600323","6","611414"
"chr6","136363559","136363870","chr6","137000715","137001027","14","637156"
"chr6","139516775","139517067","chr6","140206000","140206293","6","689225"
"chr6","140980326","140980633","chr6","141698596","141698897","14","718270"
"chr6","146869297","146869599","chr6","147126975","147127277","4","257678"
"chr6","150582184","150582487","chr6","150831441","150831753","16","249257"
"chr6","150910338","150910641","chr1","187179858","187180164","35","36269520"
"chr6","153483763","153484055","chr6","153712051","153712348","13","228288"
"chr6","154409404","154409690","chr6","154632655","154632940","8","223251"
"chr6","158632455","158632734","chr6","157648299","157648578","5","984156"
"chr6","159957122","159957427","chr14","33351396","33351697","43","126605726"
"chr6","160069000","160069290","chr6","159115138","159115443","18","953862"
"chr6","161225679","161225901","chr6","161135113","161135335","2","90566"
"chr6","161803555","161803771","chr4","114782067","114782289","35","47021488"
"chr6","162366610","162366918","chr6","162318039","162318347","9","48571"
"chr6","162975533","162975825","chr6","162938810","162939105","5","36723"
"chr6","164195950","164196112","chr21","1090784","1090946","20","163105166"
"chr6","170801666","170801851","chr6","170629584","170629769","4","172082"
"chr6","170954874","170954990","chr4","61786568","61786682","35","109168306"
"chr6","172446422","172446671","chr6","172300065","172300319","11","146357"
"chr6","172881329","172881519","chr10","91136197","91136386","17","81745132"
"chr7","780811","781118","chr13","66946747","66947038","42","66165936"
"chr7","1322143","1322194","chr7","882777","882828","0","439366"
"chr7","3072602","3072896","chr7","2640697","2641005","21","431905"
"chr7","5724139","5724440","chr7","5348591","5348900","16","375548"
"chr7","5942096","5942392","chrX","150786537","150786837","24","144844441"
"chr7","6023239","6023533","chr7","5596650","5596944","8","426589"
"chr7","6259448","6259745","chr13","33334828","33335129","36","27075380"
"chr7","6950753","6950959","chr7","5741924","5742127","6","1208829"
"chr7","10072588","10072899","chr7","9919990","9920297","9","152598"
"chr7","10884903","10885167","chr4","39519338","39519604","55","28634435"
"chr7","12529834","12530163","chr7","12427691","12428013","19","102143"
"chr7","14194880","14194994","chr3","49831829","49831941","15","35636949"
"chr7","16618250","16618540","chr7","16585914","16586218","20","32336"
"chr7","21796095","21796389","chr7","21815631","21815932","18","19536"
"chr7","21955506","21955807","chr7","21973915","21974214","34","18409"
"chr7","22260765","22260960","chr7","22269023","22269240","26","8258"
"chr7","25394467","25394766","chr7","25117174","25117469","13","277293"
"chr7","26261420","26261665","chr18","67967951","67968202","41","41706531"
"chr7","27283158","27283318","chr19","4197281","4197440","24","23085877"
"chr7","31086803","31087077","chr7","30453150","30453453","34","633653"
"chr7","33916669","33916975","chr7","33148402","33148707","12","768267"
"chr7","37417582","37417881","chr7","36985780","36986090","19","431802"
"chr7","37622591","37622910","chr7","37188304","37188627","9","434287"
"chr7","38145407","38145711","chr7","37714429","37714712","28","430978"
"chr7","38269372","38269672","chr7","37850340","37850639","4","419032"
"chr7","39387662","39387955","chr13","66946747","66947038","36","27559085"
"chr7","45286438","45286754","chr7","45142299","45142584","39","144139"
"chr7","45445662","45445957","chr7","45282630","45282927","13","163032"
"chr7","50824007","50824332","chr11","111847512","111847835","49","61023505"
"chr7","52009804","52010108","chr7","51832034","51832341","10","177770"
"chr7","55293275","55293467","chr7","55063642","55063834","4","229633"
"chr7","56200296","56200594","chr7","56022530","56022819","20","177766"
"chr7","58784813","58784833","chr7","62367886","62367909","3","3583073"
"chr7","58785140","58785273","chr7","62367442","62367575","4","3582302"
"chr7","59649490","59649787","chr19","23793472","23793759","16","35856018"
"chr7","62896179","62896489","chr5","15255661","15255963","43","47640518"
"chr7","63798153","63798462","chr7","63269092","63269402","5","529061"
"chr7","63929958","63930253","chr7","63415942","63416235","11","514016"
"chr7","64645288","64645587","chr7","64765308","64765606","6","120020"
"chr7","64910051","64910353","chr7","64227122","64227430","14","682929"
"chr7","73476455","73476590","chr7","65306221","65306356","1","8170234"
"chr7","73479666","73479967","chr7","65309449","65309756","7","8170217"
"chr7","73548198","73548382","chr14","83060606","83060790","27","9512408"
"chr7","73647171","73647409","chr2B","89507487","89507761","67","15860316"
"chr7","73786888","73787127","chr4","102918608","102918845","72","29131720"
"chr7","74979966","74980242","chr7","66484625","66484932","39","8495341"
"chr7","76116249","76116553","chr7","67099454","67099760","9","9016795"
"chr7","76401411","76401638","chr1","53302817","53303032","46","23098594"
"chr7","79814547","79814847","chr7","70867824","70868125","17","8946723"
"chr7","80391970","80392262","chr7","71461090","71461380","17","8930880"
"chr7","80420892","80421176","chr4","114450961","114451254","37","34030069"
"chr7","80557682","80557986","chr2A","20557789","20558089","33","59999893"
"chr7","80873953","80874257","chr1","9779559","9779862","51","71094394"
"chr7","81415751","81415954","chr7","72872595","72872798","4","8543156"
"chr7","81708855","81709151","chr17","10788822","10789119","28","70920033"
"chr7","83557428","83557559","chr10","115828273","115828400","24","32270845"
"chr7","83719168","83719310","chr19","44795094","44795233","19","38924074"
"chr7","86643244","86643572","chr7","97332703","97333031","9","10689459"
"chr7","87605131","87605426","chr7","96361576","96361876","12","8756445"
"chr7","95340941","95341182","chr5","164584794","164585039","49","69243853"
"chr7","97698597","97698782","chr11","126036905","126037089","23","28338308"
"chr7","97707986","97708149","chrX","3272734","3272899","19","94435252"
"chr7","97739593","97739887","chr7","86010760","86011057","11","11728833"
"chr7","100875778","100876073","chr7","82818957","82819254","8","18056821"
"chr7","102698448","102698692","chr1","27658112","27658351","35","75040336"
"chr7","103724456","103724754","chr7","79824634","79824935","12","23899822"
"chr7","104036805","104037116","chr7","79504972","79505281","12","24531833"
"chr7","105528518","105528797","chr7","78018213","78018492","7","27510305"
"chr7","105958971","105959284","chr7","77560661","77560974","11","28398310"
"chr7","106480707","106480898","chr14","88990171","88990362","27","17490536"
"chr7","108130915","108131211","chr7","102194503","102194784","23","5936412"
"chr7","110054956","110055093","chr7","104132041","104132210","33","5922915"
"chr7","110055392","110055533","chr7","104132511","104132653","4","5922881"
"chr7","110399748","110399902","chr7","104483069","104483239","19","5916679"
"chr7","112708691","112708983","chr7","106886757","106887044","12","5821934"
"chr7","116034820","116035113","chr10","113833920","113834214","34","2200900"
"chr7","117413234","117413513","chr7","111716124","111716403","10","5697110"
"chr7","121058089","121058394","chr7","115504972","115505277","1","5553117"
"chr7","121704872","121705125","chr20","16759795","16760045","32","104945077"
"chr7","129762595","129762868","chr7","124399330","124399614","16","5363265"
"chr7","134647852","134648166","chr7","129542754","129543056","25","5105098"
"chr7","135108049","135108224","chr1","28672491","28672663","31","106435558"
"chr7","136194277","136194587","chr7","131059120","131059429","13","5135157"
"chr7","138396155","138396401","chr7","133281786","133282033","9","5114369"
"chr7","138574532","138574801","chr19","37140299","37140540","59","101434233"
"chr7","141052376","141052667","chr7","136002234","136002533","9","5050142"
"chr7","144859460","144859585","chr10","42839576","42839699","17","102019884"
"chr7","146351088","146351361","chr4","114450961","114451254","43","31900127"
"chr7","147673548","147673846","chr7","142903074","142903369","10","4770474"
"chr7","156226362","156226687","chr11","60311834","60312126","62","95914528"
"chr7","156312575","156312743","chr7","152291184","152291352","5","4021391"
"chr7","156509935","156510225","chr7","149509261","149509555","12","7000674"
"chr7","156517665","156517960","chr13","66946747","66947038","69","89570918"
"chr7","160553722","160554010","chr7","157051089","157051366","17","3502633"
"chr7","162126136","162126427","chr7","158617882","158618172","9","3508254"
"chr8","2153605","2153906","chr12","7078172","7078469","34","4924567"
"chr8","2563188","2563479","chr8","2365996","2366306","29","197192"
"chr8","3853982","3854290","chr8","3657793","3658100","16","196189"
"chr8","8787883","8788163","chr8","11704394","11704675","14","2916511"
"chr8","10016866","10017175","chr7","36985780","36986090","58","26968914"
"chr8","10896891","10897175","chr14","41735145","41735435","47","30838254"
"chr8","13349167","13349469","chr8","16258782","16259086","16","2909615"
"chr8","13532931","13533116","chr3","58204849","58205041","39","44671918"
"chr8","15896992","15897302","chr8","18793607","18793919","18","2896615"
"chr8","15989519","15989820","chr8","18883507","18883809","13","2893988"
"chr8","19892574","19892865","chr8","22840045","22840341","11","2947471"
"chr8","24197807","24198110","chr8","26824272","26824577","8","2626465"
"chr8","24297128","24297417","chr8","26920744","26921033","8","2623616"
"chr8","25280813","25281107","chr8","27916219","27916513","7","2635406"
"chr8","27513946","27514143","chr8","85351295","85351492","5","57837349"
"chr8","31638020","31638322","chr8","81105491","81105802","14","49467471"
"chr8","34813077","34813378","chr8","77868002","77868321","22","43054925"
"chr8","35249383","35249670","chr8","77405341","77405628","5","42155958"
"chr8","38181141","38181422","chr17","3162700","3162981","33","35018441"
"chr8","39245474","39245618","chr8","73745583","73745713","15","34500109"
"chr8","39292251","39292548","chr8","73698631","73698929","12","34406380"
"chr8","40059534","40059832","chr8","69585843","69586150","34","29526309"
"chr8","40861230","40861526","chr13","69834669","69834965","38","28973439"
"chr8","40897473","40897696","chr3","41220982","41221195","51","323509"
"chr8","47933172","47933357","chr11","126036905","126037089","25","78103733"
"chr8","48116596","48116795","chr8","61464599","61464814","20","13348003"
"chr8","49857755","49858009","chr1","185936530","185936785","35","136078775"
"chr8","56199544","56199833","chr8","57642919","57643207","5","1443375"
"chr8","64777859","64778164","chr8","48875793","48876085","20","15902066"
"chr8","68089746","68090028","chrX","132308848","132309125","43","64219102"
"chr8","68769446","68769623","chr8","44816288","44816458","14","23953158"
"chr8","73558613","73558752","chr8","40005772","40005911","5","33552841"
"chr8","75078946","75079235","chr8","38456538","38456835","17","36622408"
"chr8","79306179","79306335","chr19","556212","556368","25","78749967"
"chr8","80544767","80545065","chr8","32693914","32694215","7","47850853"
"chr8","83141181","83141467","chr10","113833920","113834214","35","30692739"
"chr8","90241801","90242084","chr3","48119309","48119586","38","42122492"
"chr8","92985782","92986092","chr8","95114244","95114550","9","2128462"
"chr8","93080897","93081169","chr8","95210066","95210349","16","2129169"
"chr8","95593108","95593404","chr8","97535837","97536135","9","1942729"
"chr8","97962016","97962317","chr17","10788822","10789119","27","87173194"
"chr8","100279880","100280171","chr8","102387984","102388269","23","2108104"
"chr8","100280224","100280240","chr8","102388319","102388337","2","2108095"
"chr8","106414496","106414804","chr8","108689743","108690051","5","2275247"
"chr8","108296028","108296312","chr9","110242360","110242655","52","1946332"
"chr8","116934584","116934894","chr8","118943814","118944125","9","2009230"
"chr8","119284509","119284801","chr8","121074852","121075145","5","1790343"
"chr8","119516430","119516713","chr8","121305307","121305591","5","1788877"
"chr8","124354439","124354640","chr16","29897755","29897956","22","94456684"
"chr8","125410020","125410347","chr8","127364964","127365292","12","1954944"
"chr8","126693862","126694160","chr17","10788822","10789119","46","115905040"
"chr8","127153731","127154040","chr8","129172341","129172650","7","2018610"
"chr8","132703020","132703204","chr7","140067307","140067485","36","7364287"
"chr8","134269479","134269778","chr8","136178729","136179027","13","1909250"
"chr8","144102667","144102961","chr8","22840045","22840341","37","121262622"
"chr9","1000649","1000958","chr9","49055291","49055600","8","48054642"
"chr9","4372116","4372424","chr9","45643452","45643760","18","41271336"
"chr9","5753124","5753425","chr9","44190793","44191103","13","38437669"
"chr9","5827690","5827984","chr9","44116060","44116338","21","38288370"
"chr9","14725227","14725530","chr9","35421665","35421963","12","20696438"
"chr9","15417666","15417971","chr9","34695367","34695673","13","19277701"
"chr9","15489228","15489519","chrX","1489006","1489297","39","14000222"
"chr9","27860707","27860978","chr2A","54023787","54024067","39","26163080"
"chr9","29379893","29380067","chr9","20760009","20760183","2","8619884"
"chr9","32321464","32321754","chr9","17771519","17771810","13","14549945"
"chr9","34561645","34561819","chr7","152291184","152291352","28","117729539"
"chr9","36298713","36299024","chr9","66293594","66293894","38","29994881"
"chr9","36586099","36586290","chr14","88990171","88990362","25","52404072"
"chr9","70414702","70414861","chr9","53413246","53413405","3","17001456"
"chr9","70804535","70804838","chr9","53814780","53815092","16","16989755"
"chr9","71215050","71215265","chr9","54151758","54151984","17","17063292"
"chr9","71264595","71264866","chr3","135599517","135599785","55","64334922"
"chr9","71288162","71288473","chr9","54226247","54226556","12","17061915"
"chr9","71536977","71537276","chr9","54488422","54488722","8","17048555"
"chr9","82752124","82752419","chr9","65844550","65844845","13","16907574"
"chr9","83166312","83166621","chr9","68003853","68004163","4","15162459"
"chr9","83612281","83612574","chr9","66316060","66316358","7","17296221"
"chr9","84014009","84014312","chr14","33351396","33351697","35","50662613"
"chr9","86532927","86533217","chr9","69439033","69439340","28","17093894"
"chr9","92685020","92685308","chr9","75504018","75504306","8","17181002"
"chr9","93307520","93307813","chr9","76151093","76151389","13","17156427"
"chr9","97334983","97335141","chr21","1090784","1090946","24","96244199"
"chr9","102740644","102740940","chr11","46825571","46825857","47","55915073"
"chr9","103685098","103685393","chr9","86571264","86571560","13","17113834"
"chr9","103770762","103771047","chr9","86663701","86663989","12","17107061"
"chr9","103922802","103923105","chr9","86819768","86820072","7","17103034"
"chr9","104824597","104824758","chr21","1090784","1090946","32","103733813"
"chr9","104877621","104877921","chr9","87763198","87763497","2","17114423"
"chr9","106678899","106679091","chr4","66550976","66551167","4","40127923"
"chr9","108183800","108184102","chr9","91187703","91188005","3","16996097"
"chr9","110555367","110555419","chr7","882777","882828","19","109672590"
"chr9","111919162","111919463","chr22","15021315","15021625","41","96897847"
"chr9","112848924","112849270","chr12","64216228","64216540","80","48632696"
"chr9","114898501","114898795","chr9","97982788","97983083","8","16915713"
"chr9","115915025","115915317","chr9","99048312","99048609","9","16866713"
"chr9","117621745","117622009","chr9","100886238","100886501","17","16735507"
"chr9","118146522","118146537","chr10","38143071","38143085","4","80003451"
"chr9","118146612","118146777","chr5","20442835","20442996","31","97703777"
"chr9","118146805","118146927","chr4","61786568","61786682","18","56360237"
"chr9","120827985","120828244","chr9","104190589","104190866","22","16637396"
"chr9","121483749","121484031","chr9","104868469","104868758","14","16615280"
"chr9","122294830","122295126","chr5","2528643","2528934","44","119766187"
"chr9","123122155","123122454","chr9","106833301","106833603","12","16288854"
"chr9","124557640","124557804","chr9","108338461","108338625","8","16219179"
"chr9","124878516","124878823","chr9","108662316","108662625","7","16216200"
"chr9","126457847","126458150","chr9","110242360","110242655","17","16215487"
"chr9","128101973","128102166","chr16","19931476","19931668","20","108170497"
"chr9","129911164","129911464","chr9","113639132","113639441","19","16272032"
"chr9","130280663","130280943","chr9","113967198","113967486","9","16313465"
"chr9","130641355","130641633","chr9","114345197","114345475","5","16296158"
"chr9","131512698","131512932","chr2A","70199161","70199394","31","61313537"
"chr9","132715625","132715835","chr9","116455771","116455985","10","16259854"
"chr9","133850435","133850702","chr9","117633814","117634081","4","16216621"
"chr9","133891432","133891726","chr19","39895612","39895903","35","93995820"
"chr9","134989679","134989960","chr9","118343211","118343492","3","16646468"
"chr9","137867324","137867617","chr4","114450961","114451254","39","23416363"
"chrX","868614","868788","chrX","795883","796056","6","72731"
"chrX","988114","988251","chr4","107189902","107190034","26","106201788"
"chrX","1041466","1041769","chr12","7078172","7078469","43","6036706"
"chrX","1061700","1061823","chr8","137044634","137044759","39","135982934"
"chrX","1516220","1516420","chr1","53302817","53303032","68","51786597"
"chrX","3657316","3657481","chrX","3272734","3272899","2","384582"
"chrX","8408995","8409313","chrX","8229947","8230271","12","179048"
"chrX","8625265","8625574","chrX","8448402","8448710","9","176863"
"chrX","13329916","13330219","chrX","13241318","13241633","21","88598"
"chrX","14735822","14736116","chrX","14615786","14616089","15","120036"
"chrX","16717086","16717393","chrX","16606413","16606720","6","110673"
"chrX","19825236","19825542","chrX","19869125","19869434","8","43889"
"chrX","22015959","22016126","chr16","76972112","76972280","12","54956153"
"chrX","23086468","23086755","chrX","23274348","23274635","6","187880"
"chrX","23301462","23301756","chrX","23508848","23509149","17","207386"
"chrX","24082859","24083097","chr2B","112591286","112591513","39","88508427"
"chrX","29276940","29277252","chrX","29372869","29373181","8","95929"
"chrX","31991145","31991454","chrX","32225651","32225956","11","234506"
"chrX","32641883","32642183","chrX","32896401","32896704","23","254518"
"chrX","34776992","34777273","chrX","35113433","35113714","5","336441"
"chrX","35194169","35194459","chrX","35428927","35429230","22","234758"
"chrX","37322572","37322805","chr5","164584794","164585039","44","127262222"
"chrX","37668362","37668599","chr5","164584794","164585039","46","126916432"
"chrX","38872290","38872559","chrX","39190789","39191042","32","318499"
"chrX","41654100","41654410","chr12","53108891","53109192","46","11454791"
"chrX","42343661","42343964","chrX","42691018","42691322","10","347357"
"chrX","45560455","45560756","chrX","45808643","45808944","7","248188"
"chrX","46832295","46832603","chrX","47102028","47102339","7","269733"
"chrX","47806233","47806417","chr14","83060606","83060790","24","35254373"
"chrX","48338020","48338316","chrX","48752738","48753037","11","414718"
"chrX","48353339","48353533","chr18","56418609","56418802","22","8065270"
"chrX","49026635","49026937","chrX","49497996","49498296","13","471361"
"chrX","51393964","51394259","chrX","51994336","51994636","6","600372"
"chrX","53421942","53422252","chr15","20791552","20791856","38","32630390"
"chrX","53747375","53747568","chrX","54001593","54001787","2","254218"
"chrX","54361892","54362128","chr2A","70199161","70199394","23","15837269"
"chrX","57080947","57081253","chrX","57232880","57233166","28","151933"
"chrX","68965518","68965754","chrX","69347976","69348213","9","382458"
"chrX","69395265","69395486","chr4","114782067","114782289","28","45386802"
"chrX","69945232","69945527","chrX","70380942","70381244","12","435710"
"chrX","79421733","79422044","chrX","79875759","79876064","11","454026"
"chrX","82555985","82556085","chrX","83082452","83082553","3","526467"
"chrX","92132877","92133170","chrX","92551325","92551619","4","418448"
"chrX","95376271","95376562","chrX","95852336","95852589","47","476065"
"chrX","96335042","96335324","chrX","96826756","96827038","5","491714"
"chrX","101381081","101381384","chrX","101991682","101991997","15","610601"
"chrX","102554166","102554402","chrX","102810793","102811030","4","256627"
"chrX","107406524","107406817","chrX","107977806","107978101","12","571282"
"chrX","119495429","119495613","chrX","119900443","119900627","2","405014"
"chrX","128696334","128696637","chrX","129140680","129140983","5","444346"
"chrX","131754726","131755008","chrX","132308848","132309125","10","554122"
"chrX","133089967","133090275","chrX","133655175","133655482","17","565208"
"chrX","137760929","137761223","chrX","138423374","138423668","5","662445"
"chrX","139470000","139470265","chr2B","89507487","89507761","37","49962513"
"chrX","146765380","146765687","chrX","147467518","147467811","26","702138"
"chrX","150139323","150139625","chrX","150786537","150786837","20","647214"
"chr10","2519538","2519838","chr10","2523972","2524284","19","4434"
"chr10","2766575","2766782","chr10","2774188","2774395","5","7613"
"chr10","2900648","2900951","chr1","147339694","147339996","37","144439046"
"chr10","5779813","5780034","chr6","161135113","161135335","29","155355300"
"chr10","6353611","6353914","chr10","6360718","6361016","11","7107"
"chr10","7297314","7297501","chr10","7358016","7358200","10","60702"
"chr10","9298750","9299041","chr10","9455083","9455374","9","156333"
"chr10","10053217","10053501","chr10","10238290","10238568","15","185073"
"chr10","12002262","12002462","chr11","9225640","9225839","25","2776622"
"chr10","12115067","12115110","chr8","20618194","20618229","14","8503127"
"chr10","13658663","13658961","chr10","13561531","13561832","16","97132"
"chr10","17643566","17643864","chr10","17342829","17343127","9","300737"
"chr10","17806531","17806801","chr10","17506144","17506414","4","300387"
"chr10","19822521","19822834","chr10","22179361","22179687","19","2356840"
"chr10","21899269","21899563","chr19","7470476","7470769","34","14428793"
"chr10","25176481","25176783","chr10","27543129","27543433","9","2366648"
"chr10","29268554","29268832","chr3","182280810","182281086","34","153012256"
"chr10","38719007","38719315","chr10","82567324","82567601","32","43848317"
"chr10","42683751","42684051","chr10","67627757","67628067","18","24944006"
"chr10","43327481","43327775","chr10","66937699","66937995","3","23610218"
"chr10","53867727","53868029","chr10","55054468","55054773","12","1186741"
"chr10","57934337","57934590","chr10","50900928","50901181","9","7033409"
"chr10","58418864","58419158","chr10","113833920","113834214","37","55415056"
"chr10","58703071","58703382","chr10","50107742","50108052","7","8595329"
"chr10","59669186","59669430","chr20","16759795","16760045","34","42909391"
"chr10","65832480","65832603","chr10","42839576","42839699","4","22992904"
"chr10","66023873","66024173","chr10","42627391","42627695","6","23396482"
"chr10","66526134","66526318","chr9","20760009","20760183","37","45766125"
"chr10","67182631","67182935","chr10","41484955","41485257","11","25697676"
"chr10","67754585","67754873","chr10","41140055","41140345","13","26614530"
"chr10","67852516","67852695","chr15","6654353","6654531","29","61198163"
"chr10","70310433","70310761","chr10","125607919","125608233","52","55297486"
"chr10","71711545","71711832","chr5","22060047","22060334","35","49651498"
"chr10","72373702","72373763","chr22","28851826","28851868","32","43521876"
"chr10","72934548","72934849","chr6","159115138","159115443","59","86180590"
"chr10","73353671","73353968","chr10","35598416","35598713","10","37755255"
"chr10","73532367","73532676","chr10","35418840","35419129","30","38113527"
"chr10","78944390","78944700","chr10","94213811","94214117","19","15269421"
"chr10","86911155","86911493","chr10","101191155","101191465","37","14280000"
"chr10","89028657","89028950","chr10","103137242","103137541","13","14108585"
"chr10","89599312","89599615","chr8","22840045","22840341","31","66759267"
"chr10","97135818","97136120","chr10","111532452","111532759","23","14396634"
"chr10","97717183","97717357","chr1","215775008","215775184","22","118057825"
"chr10","97803070","97803357","chr10","112214611","112214922","55","14411541"
"chr10","99357790","99358082","chr10","113833920","113834214","7","14476130"
"chr10","101011427","101011621","chr22","15061334","15061530","22","85950093"
"chr10","101034962","101035271","chr10","115602113","115602422","14","14567151"
"chr10","101255245","101255340","chr10","115827078","115827173","2","14571833"
"chr10","101256439","101256562","chr10","115828273","115828400","8","14571834"
"chr10","102227914","102228217","chr10","116826868","116827172","2","14598954"
"chr10","102240354","102240665","chr10","116838157","116838465","9","14597803"
"chr10","102458009","102458307","chr10","117058841","117059151","28","14600832"
"chr10","102798496","102798845","chr12","67904676","67905008","68","34893820"
"chr10","103419665","103419880","chrX","54691581","54691795","32","48728084"
"chr10","108905487","108905771","chr10","123656407","123656698","13","14750920"
"chr10","110845257","110845549","chr1","32889338","32889630","33","77955919"
"chr10","112044415","112044713","chr10","126883870","126884180","17","14839455"
"chr10","114598351","114598637","chr10","129523791","129524076","3","14925440"
"chr10","119626487","119626788","chr10","134674922","134675228","14","15048435"
"chr10","119652952","119653246","chr1","54581278","54581565","53","65071674"
"chr10","119727224","119727533","chr10","134779350","134779647","21","15052126"
"chr10","120979777","120980052","chr10","136084836","136085117","14","15105059"
"chr10","122045811","122046123","chr10","137133695","137134021","38","15087884"
"chr10","125642156","125642316","chr5","46533153","46533308","24","79109003"
"chr10","126174610","126174923","chr10","140239741","140240051","15","14065131"
"chr10","129145536","129145836","chr10","143145253","143145561","14","13999717"
"chr10","132025028","132025337","chr6","159115138","159115443","35","27090110"
"chr11","847054","847245","chr1","28623801","28623994","21","27776747"
"chr11","3629152","3629420","chr11","3394949","3395228","16","234203"
"chr11","4002302","4002587","chr11","3782859","3783147","29","219443"
"chr11","9208416","9208664","chr14","40514826","40515073","34","31306410"
"chr11","9266230","9266506","chr11","9232652","9232946","26","33578"
"chr11","9826565","9826850","chr4","110324037","110324323","31","100497472"
"chr11","15033630","15033930","chr5","15255661","15255963","33","222031"
"chr11","15638169","15638465","chr11","15697374","15697670","4","59205"
"chr11","16851883","16852068","chr11","16954018","16954199","6","102135"
"chr11","18620815","18621121","chr11","18551078","18551384","7","69737"
"chr11","18683152","18683450","chr11","18615523","18615823","9","67629"
"chr11","19110936","19111238","chr11","19040038","19040335","10","70898"
"chr11","24092313","24092599","chr11","24127764","24128050","6","35451"
"chr11","27461810","27462106","chr11","27576705","27577006","12","114895"
"chr11","32299737","32300028","chr11","32539051","32539343","4","239314"
"chr11","32904337","32904665","chr11","33167564","33167863","39","263227"
"chr11","34701840","34701956","chr4","107189902","107190034","50","72488062"
"chr11","38680968","38681245","chr11","39070292","39070569","12","389324"
"chr11","39323104","39323409","chr11","39718858","39719164","9","395754"
"chr11","40873469","40873751","chr11","40718554","40718840","10","154915"
"chr11","42110944","42111234","chr11","41973480","41973770","12","137464"
"chr11","46716105","46716260","chr5","46533153","46533308","21","182952"
"chr11","46933751","46934049","chr8","22840045","22840341","30","24093706"
"chr11","47042785","47043071","chr11","46825571","46825857","4","217214"
"chr11","47263724","47264020","chr11","47045717","47046013","4","218007"
"chr11","48114088","48114355","chr11","47902755","47903046","30","211333"
"chr11","48377730","48378025","chr11","48160523","48160820","8","217207"
"chr11","48531513","48531774","chr11","48319214","48319479","8","212299"
"chr11","50234260","50234553","chr11","50220336","50220629","4","13924"
"chr11","59875205","59875497","chr11","60311834","60312126","3","436629"
"chr11","61174445","61174748","chr4","114450961","114451254","39","53276516"
"chr11","61486586","61486768","chr11","61919483","61919655","20","432897"
"chr11","61745270","61745538","chr11","62182955","62183223","14","437685"
"chr11","62284880","62285178","chr11","62734859","62735160","10","449979"
"chr11","63961171","63961440","chr11","64433510","64433784","10","472339"
"chr11","64371172","64371481","chr11","64884751","64885057","8","513579"
"chr11","65180696","65180985","chr11","65701023","65701315","16","520327"
"chr11","66523751","66524047","chr11","67399438","67399730","12","875687"
"chr11","66659347","66659654","chr11","67530658","67530965","4","871311"
"chr11","66868769","66869058","chr11","67766225","67766517","10","897456"
"chr11","70360527","70360823","chr11","71095964","71096262","12","735437"
"chr11","71061653","71061964","chr11","71826669","71826980","10","765016"
"chr11","71378316","71378609","chr11","72146816","72147113","7","768500"
"chr11","71955182","71955498","chr1","39403440","39403756","17","32551742"
"chr11","71984935","71985241","chr3","48475825","48476131","38","23509110"
"chr11","74102765","74103073","chr11","74832176","74832488","10","729411"
"chr11","76416014","76416312","chr11","76777613","76777911","7","361599"
"chr11","76824597","76824885","chr11","77171675","77171965","12","347078"
"chr11","78599162","78599470","chr1","11997118","11997422","30","66602044"
"chr11","81752071","81752363","chr11","82570698","82570996","13","818627"
"chr11","85942028","85942339","chr11","86863279","86863588","12","921251"
"chr11","88117533","88117725","chr11","89192648","89192840","3","1075115"
"chr11","88932336","88932647","chr11","89899430","89899730","32","967094"
"chr11","94858585","94858833","chr11","95886745","95887020","37","1028160"
"chr11","94858870","94858885","chr10","38143071","38143085","3","56715799"
"chr11","94891807","94892102","chr11","95920552","95920838","13","1028745"
"chr11","97005806","97006101","chr11","98083826","98084121","14","1078020"
"chr11","99150836","99151113","chr11","100393577","100393854","10","1242741"
"chr11","106039170","106039471","chr11","107506040","107506345","14","1466870"
"chr11","106197662","106197954","chr12","7078172","7078469","34","99119490"
"chr11","110624102","110624393","chr1","78331382","78331682","37","32292720"
"chr11","110691896","110692206","chr11","111919376","111919686","9","1227480"
"chr11","112737257","112737552","chr12","118699148","118699445","28","5961891"
"chr11","115820309","115820616","chr11","117057488","117057795","4","1237179"
"chr11","117968670","117968946","chr4","148866813","148867100","49","30898143"
"chr11","118312731","118313033","chr11","119555529","119555842","18","1242798"
"chr11","119434304","119434606","chr11","120693432","120693735","4","1259128"
"chr11","120033471","120033771","chr11","121282934","121283232","9","1249463"
"chr11","122111201","122111478","chr11","123470004","123470281","8","1358803"
"chr11","124596177","124596361","chr11","126036905","126037089","0","1440728"
"chr11","125083728","125084037","chr11","126534498","126534807","4","1450770"
"chr11","125836625","125836786","chr21","1090784","1090946","25","124745841"
"chr11","126317843","126318164","chr11","127765372","127765693","10","1447529"
"chr11","128091247","128091486","chr11","129549771","129550011","7","1458524"
"chr12","83492864","83493150","chrX","147467518","147467811","47","63974654"
"chr12","414197","414379","chr3","58204849","58205041","43","57790652"
"chr12","4048210","4048494","chr12","4016881","4017178","18","31329"
"chr12","6226984","6227277","chr12","6254409","6254699","7","27425"
"chr12","7050600","7050896","chr12","7078172","7078469","4","27572"
"chr12","7855715","7856009","chr12","7627612","7627903","8","228103"
"chr12","8040614","8040886","chr13","66946747","66947038","43","58906133"
"chr12","8131645","8131816","chr1","201814437","201814608","31","193682792"
"chr12","12532610","12532900","chr12","11985619","11985911","8","546991"
"chr12","12839357","12839647","chr6","3148097","3148387","37","9691260"
"chr12","12980666","12980857","chr12","12429826","12430017","5","550840"
"chr12","14673327","14673625","chr12","14161618","14161920","11","511709"
"chr12","14675087","14675209","chr1","92601078","92601204","29","77925991"
"chr12","18657941","18658237","chr12","18148706","18149003","8","509235"
"chr12","19736552","19736859","chr12","19245810","19246117","11","490742"
"chr12","19763913","19764167","chr4","39519338","39519604","63","19755425"
"chr12","20187262","20187536","chr12","19689643","19689932","19","497619"
"chr12","24252835","24253134","chr12","64216228","64216540","27","39963393"
"chr12","24314261","24314515","chr12","64153634","64153904","20","39839373"
"chr12","25052842","25053135","chr12","21613971","21614270","17","3438871"
"chr12","29271678","29271957","chr12","26143829","26144137","31","3127849"
"chr12","31987978","31988124","chr4","23626200","23626354","30","8361778"
"chr12","32059390","32059545","chr15","46827782","46827937","22","14768392"
"chr12","32990774","32991073","chr14","73238388","73238687","35","40247614"
"chr12","33206797","33207091","chr12","30157758","30158055","9","3049039"
"chr12","33855509","33855778","chr12","30347002","30347275","11","3508507"
"chr12","35138592","35138895","chr12","31828636","31828951","39","3309956"
"chr12","38509502","38509702","chr6","110332874","110333074","27","71823372"
"chr12","38551754","38552054","chr14","73238388","73238687","30","34686634"
"chr12","38623919","38624226","chr12","35126776","35127057","33","3497143"
"chr12","40549472","40549657","chr12","37079195","37079356","32","3470277"
"chr12","40655716","40656024","chr7","79504972","79505281","35","38849256"
"chr12","41232139","41232448","chr12","37787845","37788153","7","3444294"
"chr12","42259805","42260000","chr12","38858046","38858241","3","3401759"
"chr12","47019113","47019213","chr7","127926820","127926916","35","80907707"
"chr12","49267141","49267451","chr12","46113066","46113375","10","3154075"
"chr12","49324800","49325088","chr12","46170838","46171126","6","3153962"
"chr12","56940150","56940442","chr12","53108891","53109192","16","3831259"
"chr12","58114653","58114945","chr12","54211731","54212024","1","3902922"
"chr12","62337407","62337704","chr12","58421546","58421849","14","3915861"
"chr12","62638783","62639080","chr12","58719566","58719866","8","3919217"
"chr12","65008741","65009048","chr12","61126415","61126724","4","3882326"
"chr12","69085308","69085568","chr3","26301173","26301401","58","42784135"
"chr12","72071128","72071411","chr12","70862934","70863217","3","1208194"
"chr12","76472746","76472910","chrX","3272734","3272899","24","73200012"
"chr12","77375090","77375257","chr12","76300186","76300353","5","1074904"
"chr12","80833534","80833704","chr12","79555209","79555379","6","1278325"
"chr12","81262134","81262425","chr12","79936833","79937125","3","1325301"
"chr12","83323322","83323621","chr12","82081148","82081450","5","1242174"
"chr12","83341679","83341978","chr12","82099513","82099822","16","1242166"
"chr12","93801407","93801709","chr12","92602314","92602622","17","1199093"
"chr12","94375656","94375945","chr5","11322709","11322998","30","83052947"
"chr12","97305589","97305880","chr12","95998373","95998669","10","1307216"
"chr12","100172659","100172936","chr12","98925405","98925687","12","1247254"
"chr12","104499399","104499700","chr12","103391130","103391434","9","1108269"
"chr12","107357799","107358091","chr12","106290881","106291178","12","1066918"
"chr12","110293891","110294092","chr6","43636622","43636822","19","66657269"
"chr12","112967864","112967962","chr12","111899107","111899207","7","1068757"
"chr12","114365389","114365526","chr12","113331826","113331965","4","1033563"
"chr12","115722588","115722746","chr19","21317025","21317181","17","94405563"
"chr12","119170188","119170495","chr15","20791552","20791856","39","98378636"
"chr12","119368482","119368781","chr8","22840045","22840341","36","96528437"
"chr12","119623934","119624238","chr12","118699148","118699445","16","924786"
"chr12","120519836","120520127","chr12","119600099","119600404","19","919737"
"chr12","122342211","122342362","chr2B","95188602","95188753","14","27153609"
"chr12","122397241","122397529","chr12","121504344","121504635","5","892897"
"chr12","122411837","122412128","chr12","121519186","121519487","15","892651"
"chr12","122432618","122432692","chr9","112151710","112151787","23","10280908"
"chr12","122589729","122590039","chr12","121694958","121695267","22","894771"
"chr12","123071521","123071796","chr1","146841203","146841480","39","23769682"
"chr12","125107698","125107831","chr13","58903750","58903872","27","66203948"
"chr12","126677977","126678282","chr3","199388198","199388503","41","72710221"
"chr12","126753765","126754058","chr12","124944873","124945166","5","1808892"
"chr12","126809250","126809392","chr12","113331826","113331965","21","13477424"
"chr12","126818393","126818710","chr12","125012894","125013214","9","1805499"
"chr12","130875575","130875867","chr12","129228568","129228862","6","1647007"
"chr12","131074959","131075130","chr12","129420003","129420157","17","1654956"
"chr12","131783206","131783390","chr2A","38081984","38082161","35","93701222"
"chr12","132408027","132408325","chr12","7078172","7078469","41","125329855"
"chr12","133842607","133842896","chr12","131995458","131995740","12","1847149"
"chr12","134800911","134801169","chr11","48319214","48319479","42","86481697"
"chr12","135044604","135044903","chr12","133209898","133210198","9","1834706"
"chr13","87424887","87425191","chr13","69834669","69834965","14","17590218"
"chr13","19994908","19995188","chr13","1903339","1903632","22","18091569"
"chr13","20405215","20405516","chr13","2317916","2318225","17","18087299"
"chr13","25077924","25078213","chr13","7048960","7049257","21","18028964"
"chr13","30356288","30356586","chr6","136600033","136600323","42","106243745"
"chr13","32156517","32156819","chr14","33351396","33351697","36","1194879"
"chr13","35667992","35668301","chr13","17761697","17762000","22","17906295"
"chr13","38725003","38725303","chr13","20720053","20720353","11","18004950"
"chr13","39423259","39423550","chr13","21407341","21407632","0","18015918"
"chr13","47203638","47203882","chr13","29237720","29237963","7","17965918"
"chr13","49949119","49949428","chr8","129172341","129172650","32","79223222"
"chr13","50358615","50358898","chr3","135637514","135637802","32","85278899"
"chr13","51261459","51261764","chr13","33334828","33335129","6","17926631"
"chr13","51908191","51908498","chr13","33997269","33997574","14","17910922"
"chr13","61561991","61562283","chr13","43774222","43774506","17","17787769"
"chr13","61904773","61905067","chr13","44094193","44094487","5","17810580"
"chr13","65197339","65197625","chr13","47372583","47372866","10","17824756"
"chr13","69556012","69556152","chr1","2544621","2544764","20","67011391"
"chr13","73040851","73040995","chr13","55398146","55398293","8","17642705"
"chr13","75888975","75889272","chr13","58023123","58023424","10","17865852"
"chr13","78508890","78509024","chr13","60699803","60699929","10","17809087"
"chr13","82240245","82240539","chr13","64437582","64437879","11","17802663"
"chr13","83725283","83725589","chr13","66024496","66024806","13","17700787"
"chr13","84787075","84787387","chr13","67113832","67114130","19","17673243"
"chr13","85809888","85810196","chr13","68170160","68170468","4","17639728"
"chr13","86495795","86496078","chr13","68852835","68853119","8","17642960"
"chr13","86644079","86644259","chr14","86610878","86611062","37","33201"
"chr13","89272000","89272280","chr13","71736605","71736885","6","17535395"
"chr13","90582153","90582456","chr13","73049031","73049328","19","17533122"
"chr13","92439000","92439294","chr13","74920691","74920999","17","17518309"
"chr13","92578568","92578875","chr13","75076383","75076689","12","17502185"
"chr13","95419774","95420023","chr13","77922468","77922717","8","17497306"
"chr13","95704119","95704264","chr3","138210077","138210229","22","42505958"
"chr13","96456080","96456344","chr1","165117099","165117361","42","68661019"
"chr13","98323975","98324165","chr12","86927858","86928049","22","11396117"
"chr13","103011072","103011362","chr13","85657086","85657383","9","17353986"
"chr13","109021041","109021348","chr5","123688973","123689279","32","14667932"
"chr13","110815992","110816259","chr13","93572805","93573075","6","17243187"
"chr14","19264849","19264927","chr16","30727509","30727580","27","11462660"
"chr14","19739491","19739779","chr14","24564730","24565014","9","4825239"
"chr14","25223788","25224098","chr14","19012211","19012521","14","6211577"
"chr14","29984245","29984475","chr2A","70199161","70199394","39","40214916"
"chr14","32603085","32603392","chr14","11628517","11628817","13","20974568"
"chr14","33402302","33402595","chr14","10802432","10802728","14","22599870"
"chr14","33418617","33418781","chr7","152291184","152291352","26","118872567"
"chr14","33420982","33421258","chr14","10784159","10784435","16","22636823"
"chr14","33844328","33844571","chr19","37140299","37140540","46","3295971"
"chr14","33891118","33891310","chr6","22417992","22418185","28","11473126"
"chr14","34191723","34191921","chr1","39939994","39940195","26","5748271"
"chr14","34423096","34423409","chr1","78331382","78331682","41","43908286"
"chr14","34495133","34495428","chr14","9749229","9749529","9","24745904"
"chr14","35226204","35226500","chr14","9004929","9005225","5","26221275"
"chr14","36941239","36941529","chr14","7488757","7489054","16","29452482"
"chr14","38241531","38241832","chr14","6130033","6130328","10","32111498"
"chr14","38354793","38355082","chr14","6031245","6031534","8","32323548"
"chr14","39059035","39059317","chr10","66937699","66937995","42","27878664"
"chr14","39229756","39230055","chr14","5148263","5148564","12","34081493"
"chr14","39715405","39715692","chr14","4663211","4663497","6","35052194"
"chr14","44018435","44018751","chr4","114450961","114451254","51","70432526"
"chr14","44834179","44834473","chr14","29163671","29163975","18","15670508"
"chr14","48932057","48932350","chr14","33351396","33351697","9","15580661"
"chr14","48953554","48953859","chr14","33372998","33373305","6","15580556"
"chr14","51308375","51308675","chr14","35625429","35625727","26","15682946"
"chr14","56105178","56105312","chr13","60699803","60699929","29","4594625"
"chr14","59894476","59894743","chr14","44311985","44312258","13","15582491"
"chr14","62107571","62107860","chr1","32889338","32889630","34","29218233"
"chr14","62193841","62194118","chr9","114345197","114345475","30","52151356"
"chr14","62220077","62220384","chr14","46729257","46729584","26","15490820"
"chr14","63147624","63147911","chr14","47658828","47659120","14","15488796"
"chr14","63184749","63185039","chr14","47696934","47697226","7","15487815"
"chr14","63209949","63210222","chr12","19689643","19689932","53","43520306"
"chr14","64296100","64296193","chr14","48184077","48184156","17","16112023"
"chr14","66581242","66581402","chr19","556212","556368","26","66025030"
"chr14","67323092","67323276","chr11","127405933","127406117","21","60082841"
"chr14","68415517","68415801","chr14","52423458","52423739","16","15992059"
"chr14","68685447","68685726","chr14","52750922","52751201","7","15934525"
"chr14","73364988","73365240","chr14","57583763","57584016","6","15781225"
"chr14","75128385","75128642","chr14","59382483","59382740","5","15745902"
"chr14","78955474","78955608","chr14","62874660","62874794","3","16080814"
"chr14","85497740","85498035","chr1","78331382","78331682","38","7166358"
"chr14","86489449","86489735","chr14","70335948","70336234","8","16153501"
"chr14","88498990","88499287","chr14","72352711","72353018","22","16146279"
"chr14","89371878","89372171","chr14","73238388","73238687","13","16133490"
"chr14","98800142","98800467","chr14","82927679","82927990","25","15872463"
"chr14","102399560","102399854","chr14","85991824","85992120","8","16407736"
"chr14","102975884","102976081","chr14","86580813","86581011","5","16395071"
"chr14","103009371","103009555","chr14","86610878","86611062","6","16398493"
"chr14","103184853","103185162","chr9","108662316","108662625","43","5477463"
"chr14","104056625","104056891","chr14","57583763","57584016","69","46472862"
"chr14","104250697","104250894","chr8","33048411","33048604","26","71202286"
"chr15","20600482","20600776","chr15","1897084","1897378","7","18703398"
"chr15","23538744","23539044","chr15","4567101","4567396","15","18971643"
"chr15","24229231","24229514","chr15","5256302","5256585","11","18972929"
"chr15","28754730","28755022","chr15","9155883","9156168","19","19598847"
"chr15","30780178","30780220","chr15","11299955","11299997","2","19480223"
"chr15","30780256","30780376","chr15","11300037","11300157","3","19480219"
"chr15","31289290","31289570","chr15","11817338","11817619","7","19471952"
"chr15","37997596","37997798","chr7","148748308","148748509","25","110750712"
"chr15","38178403","38178727","chr4","21392781","21393066","91","16785622"
"chr15","38331660","38331790","chr13","58903750","58903872","28","20572090"
"chr15","38548859","38549044","chr11","126036905","126037089","24","87488046"
"chr15","39604285","39604442","chr4","27992901","27993056","17","11611384"
"chr15","40060896","40061190","chr5","15255661","15255963","48","24805235"
"chr15","40817902","40818186","chr15","21914533","21914818","5","18903369"
"chr15","40968349","40968643","chr15","22085614","22085908","10","18882735"
"chr15","41394551","41394733","chr5","158646080","158646259","25","117251529"
"chr15","42699299","42699604","chr15","23591971","23592278","7","19107328"
"chr15","43704132","43704421","chr15","24606243","24606535","10","19097889"
"chr15","45525112","45525416","chr15","26479359","26479657","16","19045753"
"chr15","47053243","47053535","chr15","27988611","27988908","13","19064632"
"chr15","47951983","47952274","chr15","28859145","28859440","7","19092838"
"chr15","47972552","47972846","chr6","159115138","159115443","48","111142586"
"chr15","49148419","49148715","chr1","227145106","227145406","26","177996687"
"chr15","49430562","49430768","chr6","110332874","110333074","32","60902312"
"chr15","49906402","49906705","chr15","30888118","30888416","15","19018284"
"chr15","51950515","51950796","chr15","32923338","32923619","6","19027177"
"chr15","52700470","52700779","chr15","33719203","33719512","44","18981267"
"chr15","57663915","57664206","chr15","38815410","38815705","11","18848505"
"chr15","62094032","62094191","chr19","53349283","53349429","31","8744749"
"chr15","62347015","62347313","chr14","33351396","33351697","31","28995619"
"chr15","63760576","63760868","chr15","45035917","45036209","3","18724659"
"chr15","70132597","70132891","chr15","51110715","51111008","8","19021882"
"chr15","70389581","70389886","chr6","91726115","91726413","31","21336534"
"chr15","71667333","71667623","chr15","52672308","52672599","2","18995025"
"chr15","72202806","72203104","chr15","56223449","56223745","7","15979357"
"chr15","76566877","76567176","chr19","37128315","37128610","30","39438562"
"chr15","80692989","80693295","chr15","61707775","61708081","10","18985214"
"chr15","82887159","82887331","chr15","63546490","63546662","6","19340669"
"chr15","84857227","84857520","chr15","65540466","65540756","9","19316761"
"chr15","87550732","87551022","chr4","114450961","114451254","29","26900229"
"chr15","87562101","87562394","chr15","68260358","68260652","8","19301743"
"chr15","88805840","88805958","chr1","92601078","92601204","27","3795238"
"chr15","89570327","89570616","chr15","70298737","70299026","5","19271590"
"chr15","90841896","90842191","chr15","71572552","71572857","12","19269344"
"chr15","94300166","94300462","chr10","134779350","134779647","32","40479184"
"chr15","94698567","94698766","chr15","75794722","75794920","6","18903845"
"chr15","94699804","94699927","chr13","60699803","60699929","23","34000001"
"chr15","97286140","97286428","chr15","78419844","78420142","22","18866296"
"chr16","2144253","2144553","chr19","35927225","35927525","28","33782972"
"chr16","2842391","2842648","chr3","163526766","163527026","36","160684375"
"chr16","2995927","2996236","chr16","3004689","3004999","12","8762"
"chr16","3006024","3006326","chr16","3015535","3015846","22","9511"
"chr16","3620465","3620771","chr16","3660632","3660942","15","40167"
"chr16","4816148","4816444","chr16","4889187","4889483","6","73039"
"chr16","4884185","4884447","chr4","39519338","39519604","55","34635153"
"chr16","6012093","6012288","chr16","6015413","6015637","33","3320"
"chr16","6973673","6973978","chr1","146311742","146312043","37","139338069"
"chr16","7213045","7213336","chr16","7222536","7222801","42","9491"
"chr16","7335561","7335855","chr16","7345482","7345776","10","9921"
"chr16","8922345","8922647","chr16","9058819","9059130","25","136474"
"chr16","9074412","9074694","chr16","9214336","9214622","11","139924"
"chr16","9355223","9355521","chr16","9514163","9514462","21","158940"
"chr16","10175917","10176102","chr16","10325904","10326089","8","149987"
"chr16","12338691","12338989","chr16","12332800","12333098","6","5891"
"chr16","12452986","12453246","chr16","12447402","12447669","14","5584"
"chr16","14728008","14728245","chr5","73277519","73277780","52","58549511"
"chr16","16977955","16978195","chr11","48319214","48319479","52","31341259"
"chr16","19460699","19460995","chr16","19684793","19685090","6","224094"
"chr16","19571677","19571973","chr11","60311834","60312126","40","40740157"
"chr16","19696059","19696249","chr16","19931476","19931668","9","235417"
"chr16","20518765","20519057","chr7","142903074","142903369","31","122384309"
"chr16","21050613","21050789","chr14","77200968","77201139","32","56150355"
"chr16","21354240","21354414","chr16","21657154","21657329","8","302914"
"chr16","21377190","21377504","chr9","101437570","101437876","61","80060380"
"chr16","23410994","23411159","chr16","23386742","23386906","7","24252"
"chr16","24019917","24020206","chr16","24025497","24025784","5","5580"
"chr16","25112157","25112431","chr16","25162545","25162842","27","50388"
"chr16","25366290","25366569","chr16","25414856","25415128","18","48566"
"chr16","28102325","28102633","chr16","28097394","28097703","8","4931"
"chr16","28600056","28600249","chr1","28623801","28623994","26","23745"
"chr16","30064266","30064558","chr16","29836898","29837199","14","227368"
"chr16","30978611","30978936","chr5","1224047","1224343","90","29754564"
"chr16","31096682","31096861","chr9","20760009","20760183","25","10336673"
"chr16","31532740","31533050","chr16","31286299","31286609","14","246441"
"chr16","45456492","45456795","chr22","12643573","12643869","42","32812919"
"chr16","45757651","45757776","chr8","137044634","137044759","34","91286983"
"chr16","46047448","46047666","chr13","29237720","29237963","65","16809728"
"chr16","46439905","46440205","chr16","37752444","37752747","9","8687461"
"chr16","49269991","49270279","chr16","40626481","40626774","10","8643510"
"chr16","49282262","49282408","chr16","40638942","40639088","5","8643320"
"chr16","50584850","50584898","chr16","41998885","41998933","1","8585965"
"chr16","52129342","52129626","chr16","43520817","43521097","15","8608525"
"chr16","52276595","52276801","chr6","22417992","22418185","30","29858603"
"chr16","57046904","57047194","chr16","48287365","48287661","11","8759539"
"chr16","58087853","58088141","chr15","38815410","38815705","40","19272443"
"chr16","58188569","58188866","chr16","49473972","49474268","18","8714597"
"chr16","66253240","66253539","chr16","57816048","57816343","15","8437192"
"chr16","66341849","66342157","chr16","57904169","57904451","29","8437680"
"chr16","66770356","66770617","chr11","79308621","79308878","33","12538265"
"chr16","68292607","68292888","chr16","59564633","59564891","27","8727974"
"chr16","69019199","69019483","chr16","60304675","60304959","6","8714524"
"chr16","71252369","71252669","chr16","62470948","62471247","8","8781421"
"chr16","72852485","72852777","chr16","64109219","64109522","17","8743266"
"chr16","74602809","74603003","chr18","56418609","56418802","23","18184200"
"chr16","74884397","74884694","chr16","66091775","66092069","11","8792622"
"chr16","75134336","75134638","chr16","66344274","66344573","12","8790062"
"chr16","77095891","77096190","chr16","68327341","68327641","16","8768550"
"chr16","77109167","77109440","chr16","68361940","68362208","10","8747227"
"chr16","81152316","81152619","chr12","7078172","7078469","42","74074144"
"chr16","81172652","81172947","chr15","56223449","56223745","35","24949203"
"chr16","81338727","81339059","chr7","12427691","12428013","56","68911036"
"chr16","81349011","81349300","chr16","72541745","72542039","13","8807266"
"chr16","81446177","81446370","chr8","75242362","75242538","52","6203815"
"chr16","81845728","81846028","chr16","73056086","73056395","15","8789642"
"chr16","83529803","83530093","chr12","6254409","6254699","40","77275394"
"chr16","83612651","83612946","chr16","74872040","74872342","15","8740611"
"chr16","84595011","84595247","chr2A","70199161","70199394","41","14395850"
"chr16","86314912","86315205","chr15","38815410","38815705","34","47499502"
"chr16","87156022","87156334","chr16","78427956","78428270","16","8728066"
"chr16","87385757","87385987","chrX","69347976","69348213","32","18037781"
"chr16","89148066","89148364","chr15","56223449","56223745","36","32924617"
"chr17","602412","602575","chr21","1090784","1090946","21","488372"
"chr17","1047163","1047450","chr17","1022441","1022737","13","24722"
"chr17","1227444","1227694","chr6","161135113","161135335","53","159907669"
"chr17","1313589","1313880","chr17","1299828","1300126","23","13761"
"chr17","1807443","1807720","chr7","37714429","37714712","38","35906986"
"chr17","1807748","1807758","chr7","22269612","22269624","4","20461864"
"chr17","2045305","2045475","chr20","48553774","48553944","17","46508469"
"chr17","5458496","5458801","chr17","5368304","5368601","13","90192"
"chr17","6402685","6402955","chr4","39519338","39519604","65","33116653"
"chr17","7538775","7539075","chr17","7542098","7542402","11","3323"
"chr17","7696151","7696452","chr17","7697429","7697736","39","1278"
"chr17","8545518","8545625","chr16","12003319","12003423","35","3457801"
"chr17","9697271","9697568","chr5","35471625","35471920","7","25774354"
"chr17","10534896","10535184","chr5","36377892","36378181","5","25842996"
"chr17","12118031","12118344","chr5","38051691","38052002","11","25933660"
"chr17","12339294","12339350","chr7","882777","882828","16","11456517"
"chr17","13142957","13143226","chr5","39017981","39018250","3","25875024"
"chr17","15582179","15582458","chr5","41460097","41460376","7","25877918"
"chr17","17045264","17045596","chr4","95132302","95132596","79","78087038"
"chr17","17045908","17045923","chr7","22269612","22269624","4","5223704"
"chr17","17509134","17509408","chr5","43483449","43483736","17","25974315"
"chr17","18014159","18014197","chr7","882777","882828","16","17131382"
"chr17","19204444","19204742","chr6","91726115","91726413","32","72521671"
"chr17","22051473","22051763","chr5","48290043","48290333","6","26238570"
"chr17","22700240","22700527","chr5","48947829","48948122","16","26247589"
"chr17","25333173","25333477","chr5","52417370","52417664","16","27084197"
"chr17","26964182","26964490","chr5","53162372","53162681","5","26198190"
"chr17","27309561","27309871","chr5","53505458","53505769","7","26195897"
"chr17","27550296","27550595","chr5","53755153","53755449","5","26204857"
"chr17","27855717","27856021","chr16","4889187","4889483","39","22966530"
"chr17","29914650","29914852","chr2A","32380655","32380859","27","2466005"
"chr17","30006857","30007159","chr5","56254655","56254957","4","26247798"
"chr17","30074317","30074621","chr12","45734149","45734450","50","15659832"
"chr17","35428776","35429066","chr5","57794608","57794899","12","22365832"
"chr17","36239702","36239918","chr5","58752170","58752381","16","22512468"
"chr17","37218536","37218848","chr5","59861452","59861766","12","22642916"
"chr17","41333311","41333613","chr17","15230603","15230897","16","26102708"
"chr17","42795041","42795340","chr2A","20557789","20558089","31","22237252"
"chr17","43146953","43147241","chr17","13384648","13384936","6","29762305"
"chr17","44455445","44455613","chr16","20011931","20012090","24","24443514"
"chr17","45239468","45239763","chr12","129228568","129228862","36","83989100"
"chr17","45484160","45484457","chr17","10998076","10998390","29","34486084"
"chr17","45607989","45608264","chr17","10873189","10873465","8","34734800"
"chr17","45692878","45693175","chr17","10788822","10789119","6","34904056"
"chr17","46552900","46553197","chr17","9893555","9893854","14","36659345"
"chr17","46854854","46855145","chr17","9577027","9577330","20","37277827"
"chr17","47646979","47647267","chr17","8782833","8783120","4","38864146"
"chr17","49201210","49201510","chr5","33185754","33186059","11","16015456"
"chr17","50172494","50172760","chr5","32186760","32187030","8","17985734"
"chr17","52825318","52825503","chr5","29582810","29582991","10","23242508"
"chr17","53296677","53296901","chrX","54691581","54691795","33","1394904"
"chr17","53411746","53412042","chr5","28979602","28979902","9","24432144"
"chr17","54660005","54660275","chr14","59382483","59382740","44","4722478"
"chr17","57983476","57983783","chr5","24281056","24281363","7","33702420"
"chr17","58539851","58540028","chrX","795883","796056","26","57743968"
"chr17","59440529","59440836","chr5","23102801","23103108","13","36337728"
"chr17","60461280","60461567","chr5","22060047","22060334","15","38401233"
"chr17","60847759","60847816","chr8","20618521","20618568","25","40229238"
"chr17","61396240","61396523","chr17","1573109","1573392","41","59823131"
"chr17","61737181","61737474","chr5","2528643","2528934","31","59208538"
"chr17","62016289","62016579","chr5","20494246","20494538","9","41522043"
"chr17","62066745","62067034","chr14","33351396","33351697","60","28715349"
"chr17","63319809","63320108","chr5","19111104","19111409","16","44208705"
"chr17","63711379","63711562","chr11","126036905","126037089","25","62325526"
"chr17","65998412","65998722","chr1","28839153","28839468","33","37159259"
"chr17","66525763","66526063","chr5","15754023","15754327","14","50771740"
"chr17","66917412","66917696","chr1","172658353","172658642","43","105740941"
"chr17","66943973","66944170","chr1","39939994","39940195","26","27003979"
"chr17","67008975","67009279","chr5","15255661","15255963","3","51753314"
