"chr1","24117215","24117541","chr1","22746040","22746350","37","1371175"
"chr1","97517546","97517849","chr3","166261548","166261846","41","68744002"
"chr1","124780303","124780597","chrX","52560249","52560544","37","72220054"
"chr1","144703475","144703768","chr10","31235387","31235677","46","113468088"
"chr1","15335374","15335648","chr1","14031631","14031904","22","1303743"
"chr1","16383810","16384087","chr1","15182882","15183154","33","1200928"
"chr1","19398405","19398687","chr1","18178292","18178583","26","1220113"
"chr1","19660534","19660850","chr1","18445538","18445834","39","1214996"
"chr1","25427903","25428012","chr1","24082292","24082404","12","1345611"
"chr1","33029975","33030274","chr14","15756054","15756351","35","17273921"
"chr1","36306818","36307116","chr1","35049137","35049433","27","1257681"
"chr1","44302259","44302521","chr1","43118748","43119010","22","1183511"
"chr1","53608370","53608679","chr7","123614361","123614671","35","70005991"
"chr1","62259005","62259230","chr7","137253037","137253265","42","74994032"
"chr1","134872810","134873095","chr6","174059675","174059966","51","39186865"
"chr1","162004722","162005031","chr5","8289100","8289402","39","153715622"
"chr1","203292496","203292806","chr7","139825104","139825409","44","63467392"
"chr1","216661871","216662173","chr1","212377737","212378037","26","4284134"
"chr1","224132877","224133161","chr1","225464231","225464516","35","1331354"
"chr1","224657147","224657438","chr10","37556074","37556363","40","187101073"
"chr1","856531","856841","chr16","58035622","58035931","41","57179091"
"chr1","922738","922749","chr20","53711580","53711590","1","52788842"
"chr1","924949","925095","chr11","54998127","54998272","19","54073178"
"chr1","925106","925218","chr1","128607504","128607619","20","127682398"
"chr1","925978","926288","chrX","95124717","95125020","42","94198739"
"chr1","1016939","1016985","chr1","140366987","140367030","11","139350048"
"chr1","1019549","1019678","chr19","13856646","13856781","18","12837097"
"chr1","1072667","1072887","chr6","56511093","56511315","48","55438426"
"chr1","1097599","1097894","chr5","15334601","15334897","27","14237002"
"chr1","1116512","1116804","chr3","41096118","41096410","38","39979606"
"chr1","1130090","1130199","chr3","170473190","170473299","12","169343100"
"chr1","1144427","1144676","chr1","41686550","41686797","36","40542123"
"chr1","1152314","1152354","chrX","41233833","41233871","13","40081519"
"chr1","1152648","1152697","chr13","26677414","26677463","6","25524766"
"chr1","1165212","1165503","chr1","41691570","41691860","38","40526358"
"chr1","1208887","1209181","chr5","51540643","51540938","30","50331756"
"chr1","1222096","1222231","chr12","121124958","121125092","12","119902862"
"chr1","1222232","1222498","chr8","127225775","127226038","32","126003543"
"chr1","1223865","1224095","chr1","359301","359533","18","864564"
"chr1","1235039","1235330","chr1","370222","370517","31","864817"
"chr1","1236041","1236336","chr1","371229","371529","37","864812"
"chr1","1271653","1271954","chr1","30694818","30695123","33","29423165"
"chr1","1321549","1321742","chr6","124254397","124254590","32","122932848"
"chr1","1325257","1325491","chr9","93284979","93285214","24","91959722"
"chr1","1333049","1333357","chr1","473784","474075","41","859265"
"chr1","1333876","1334188","chr1","474596","474901","46","859280"
"chr1","1335409","1335666","chr3","166742231","166742486","47","165406822"
"chr1","1350680","1350978","chr1","142214846","142215140","37","140864166"
"chr1","1351306","1351423","chr13","86722914","86723028","15","85371608"
"chr1","1360089","1360377","chr19","33742345","33742643","54","32382256"
"chr1","1403722","1404027","chr3","156186156","156186456","38","154782434"
"chr1","1409900","1410195","chr16","3820416","3820710","48","2410516"
"chr1","1415388","1415677","chr10","67303946","67304249","39","65888558"
"chr1","1422432","1422691","chr3","155645632","155645891","32","154223200"
"chr1","1422826","1423125","chr12","82660952","82661251","36","81238126"
"chr1","1426730","1426821","chr11","111876709","111876806","21","110449979"
"chr1","1427276","1427483","chr16","48976473","48976683","37","47549197"
"chr1","1433846","1434043","chr1","25987435","25987643","51","24553589"
"chr1","1447126","1447323","chr3","12719728","12719927","33","11272602"
"chr1","1453211","1453353","chr6","124570723","124570854","29","123117512"
"chr1","1465885","1466189","chr10","36894912","36895216","33","35429027"
"chr1","1468070","1468334","chr10","20251697","20251955","46","18783627"
"chr1","1474672","1474791","chr1","7373118","7373239","14","5898446"
"chr1","1478909","1479203","chr3","42101864","42102152","50","40622955"
"chr1","1479326","1479623","chr1","166387645","166387949","45","164908319"
"chr1","1480958","1481108","chr1","619160","619308","19","861798"
"chr1","1481410","1481537","chr1","619607","619735","16","861803"
"chr1","1484539","1484681","chr10","59906585","59906730","25","58422046"
"chr1","1484861","1484959","chr11","86655990","86656090","19","85171129"
"chr1","1484964","1485253","chr1","623166","623453","32","861798"
"chr1","1493248","1493380","chr3","40768859","40768991","15","39275611"
"chr1","1509155","1509422","chr4","17496445","17496716","43","15987290"
"chr1","1511555","1511850","chr16","5048763","5049058","30","3537208"
"chr1","1512529","1512811","chr15","103655749","103656029","31","102143220"
"chr1","1512837","1512853","chr3","5100586","5100601","3","3587749"
"chr1","1563872","1564173","chr1","697393","697693","26","866479"
"chr1","1569122","1569293","chr1","45139652","45139830","36","43570530"
"chr1","1575336","1575633","chr6","35367989","35368287","42","33792653"
"chr1","1575713","1575837","chr1","34316226","34316351","19","32740513"
"chr1","1575867","1576039","chrX","49106487","49106662","29","47530620"
"chr1","1576451","1576653","chr7","7584089","7584243","75","6007638"
"chr1","1576957","1577085","chr9","19020492","19020623","20","17443535"
"chr1","1607339","1607609","chr20","16006765","16007033","45","14399426"
"chr1","1611341","1611635","chr17","91103688","91103988","44","89492347"
"chr1","1614868","1615159","chr3","165070813","165071094","53","163455945"
"chr1","1616104","1616254","chr17","30707769","30707930","32","29091665"
"chr1","1631188","1631495","chr10","12541086","12541391","31","10909898"
"chr1","1632461","1632749","chr10","37556074","37556363","33","35923613"
"chr1","1643886","1644165","chr7","68687687","68687968","40","67043801"
"chr1","1646875","1647011","chr8","98050124","98050252","20","96403249"
"chr1","1663671","1663963","chr7","96880673","96880966","39","95217002"
"chr1","1667960","1668256","chr1","826334","826624","31","841626"
"chr1","1669869","1670149","chr14","50426870","50427150","38","48757001"
"chr1","1681603","1681911","chr1","841353","841664","29","840250"
"chr1","1687665","1687958","chr7","122016416","122016713","44","120328751"
"chr1","1693590","1693879","chr1","853160","853444","30","840430"
"chr1","1701937","1702241","chr1","863983","864306","48","837954"
"chr1","1704747","1705026","chr16","10710589","10710878","39","9005842"
"chr1","1705573","1705697","chr5","48394329","48394446","21","46688756"
"chr1","1707354","1707459","chr13","43952738","43952844","16","42245384"
"chr1","1715896","1716018","chr13","92115891","92116014","18","90399995"
"chr1","1732016","1732288","chr5","140003061","140003335","31","138271045"
"chr1","1735984","1736118","chr7","67248169","67248300","20","65512185"
"chr1","1736617","1736922","chr1","901108","901414","36","835509"
"chr1","1749241","1749375","chr5","47669988","47670124","24","45920747"
"chr1","1767523","1767790","chr1","139650554","139650817","40","137883031"
"chr1","1797957","1798202","chr3","43311153","43311399","34","41513196"
"chr1","1837887","1838186","chr9","12540416","12540718","39","10702529"
"chr1","1841917","1842164","chr10","84559895","84560138","39","82717978"
"chr1","1849277","1849483","chr13","19997932","19998136","27","18148655"
"chr1","1861372","1861679","chr13","65670526","65670833","46","63809154"
"chr1","1875519","1875845","chr1","36811370","36811680","68","34935851"
"chr1","1876492","1876760","chr8","142242840","142243113","31","140366348"
"chr1","1905513","1905731","chr1","85926312","85926528","27","84020799"
"chr1","1930808","1931057","chr1","1101257","1101506","26","829551"
"chr1","1941048","1941343","chr14","15756054","15756351","37","13815006"
"chr1","1982315","1982612","chr1","1159625","1159918","29","822690"
"chr1","1985108","1985369","chr1","1162004","1162257","24","823104"
"chr1","1993339","1993476","chr5","57402354","57402485","26","55409015"
"chr1","2012817","2013112","chr1","1196629","1196938","31","816188"
"chr1","2028098","2028403","chr1","1217420","1217730","28","810678"
"chr1","2052745","2053034","chr16","5048763","5049058","30","2996018"
"chr1","2062919","2063218","chr20","42256252","42256545","37","40193333"
"chr1","2079902","2080202","chr1","1270348","1270648","27","809554"
"chr1","2083923","2084210","chr4","46517171","46517466","38","44433248"
"chr1","2085203","2085511","chr10","63477993","63478300","36","61392790"
"chr1","2108151","2108456","chr1","1299641","1299936","34","808510"
"chr1","2120953","2121244","chr3","176257352","176257651","41","174136399"
"chr1","2224442","2224755","chr8","129162500","129162803","47","126938058"
"chr1","2226123","2226407","chr12","101488838","101489123","35","99262715"
"chr1","2251805","2252116","chr1","1440911","1441222","23","810894"
"chr1","2256032","2256303","chr1","1446330","1446615","28","809702"
"chr1","2264273","2264576","chr1","1455121","1455416","28","809152"
"chr1","2286741","2287027","chr1","1476749","1477052","35","809992"
"chr1","2287475","2287775","chr1","1477549","1477852","28","809926"
"chr1","2443952","2444250","chrX","134977768","134978064","30","132533816"
"chr1","2453165","2453472","chr1","1657814","1658118","35","795351"
"chr1","2454899","2455203","chr19","4795768","4796069","38","2340869"
"chr1","2471831","2472143","chr6","169714085","169714396","40","167242254"
"chr1","2472232","2472533","chr1","213733726","213734025","41","211261494"
"chr1","2671178","2671467","chr1","1826688","1826988","33","844490"
"chr1","2755970","2756257","chr1","1912616","1912913","30","843354"
"chr1","2806268","2806440","chr15","1194324","1194491","23","1611944"
"chr1","2807255","2807413","chr13","25597519","25597673","25","22790264"
"chr1","2886388","2886674","chr3","166005666","166005965","37","163119278"
"chr1","2942714","2943000","chr4","129330527","129330815","35","126387813"
"chr1","3149385","3149692","chr2","150947481","150947785","33","147798096"
"chr1","3176407","3176704","chr1","2331497","2331784","42","844910"
"chr1","3238897","3239194","chr1","2395060","2395364","32","843837"
"chr1","3453860","3454169","chr19","5831566","5831872","57","2377706"
"chr1","3459906","3460096","chr7","95851055","95851245","35","92391149"
"chr1","3464667","3464977","chr1","2626986","2627293","33","837681"
"chr1","3493313","3493578","chr11","51986924","51987196","46","48493611"
"chr1","3587746","3588042","chr8","28147529","28147829","38","24559783"
"chr1","3590542","3590850","chr7","139509153","139509451","61","135918611"
"chr1","3606205","3606481","chr11","12463145","12463418","46","8856940"
"chr1","3610203","3610507","chr4","7573461","7573754","47","3963258"
"chr1","3668053","3668354","chrX","134977768","134978064","39","131309715"
"chr1","3670460","3670556","chr13","9396220","9396315","20","5725760"
"chr1","3670875","3671077","chr8","6961245","6961455","31","3290370"
"chr1","3673805","3674106","chr1","2855276","2855576","15","818529"
"chr1","3675451","3675637","chr3","77623703","77623888","18","73948252"
"chr1","3681755","3682055","chr1","2862087","2862379","30","819668"
"chr1","3725025","3725207","chr20","28489519","28489696","28","24764494"
"chr1","3725693","3725988","chr3","43024886","43025192","42","39299193"
"chr1","3750815","3751122","chr1","3109699","3110004","26","641116"
"chr1","3751942","3752224","chr7","75261722","75262006","34","71509780"
"chr1","3754388","3754704","chr1","3113235","3113558","48","641153"
"chr1","3790970","3791282","chr10","17320058","17320366","27","13529088"
"chr1","3808509","3808768","chr10","12560934","12561194","52","8752425"
"chr1","3808824","3809120","chr1","3170839","3171137","28","637985"
"chr1","3886774","3887052","chr1","25675317","25675602","45","21788543"
"chr1","3891815","3892126","chr1","3245015","3245327","31","646800"
"chr1","3923369","3923578","chr16","668407","668615","34","3254962"
"chr1","4019117","4019423","chr1","3368082","3368386","25","651035"
"chr1","4038187","4038497","chr5","109045885","109046188","42","105007698"
"chr1","4071071","4071368","chr1","200028486","200028781","38","195957415"
"chr1","4122690","4122977","chr15","79894939","79895223","30","75772249"
"chr1","4214687","4214979","chr1","3543280","3543572","33","671407"
"chr1","4265432","4265743","chr1","3600841","3601138","38","664591"
"chr1","4327410","4327740","chr1","3666777","3667094","44","660633"
"chr1","4418163","4418477","chr1","3754910","3755218","40","663253"
"chr1","4419159","4419245","chr17","13636074","13636156","16","9216915"
"chr1","4435883","4436005","chr9","16249665","16249787","23","11813782"
"chr1","4436593","4436719","chr3","40768859","40768991","19","36332266"
"chr1","4442522","4442813","chr8","38791119","38791413","32","34348597"
"chr1","4448361","4448641","chr18","49418161","49418444","38","44969800"
"chr1","4474029","4474327","chr3","2986573","2986865","34","1487456"
"chr1","4485524","4485822","chr1","3823686","3823994","25","661838"
"chr1","4528333","4528644","chr3","164494607","164494917","33","159966274"
"chr1","4546156","4546462","chr1","3882097","3882394","26","664059"
"chr1","4546911","4547215","chr1","3882971","3883274","33","663940"
"chr1","4578584","4578866","chr1","142214846","142215140","36","137636262"
"chr1","4579312","4579535","chr16","9675962","9676190","40","5096650"
"chr1","4631740","4632027","chr1","210885185","210885469","30","206253445"
"chr1","4868872","4869167","chr11","117178011","117178304","36","112309139"
"chr1","4879186","4879498","chr12","21381036","21381346","37","16501850"
"chr1","4901028","4901245","chr1","4224328","4224546","18","676700"
"chr1","4930383","4930643","chr1","4241784","4242044","22","688599"
"chr1","4933570","4933872","chr8","94510144","94510444","36","89576574"
"chr1","5003138","5003439","chr1","4315592","4315885","25","687546"
"chr1","5079883","5080191","chr1","4395272","4395583","42","684611"
"chr1","5107707","5108011","chr6","129934590","129934892","39","124826883"
"chr1","5109164","5109456","chr3","178976330","178976618","41","173867166"
"chr1","5152499","5152649","chr2","66905039","66905190","27","61752540"
"chr1","5183753","5184058","chr4","39634856","39635158","43","34451103"
"chr1","5216427","5216724","chr1","4528844","4529147","35","687583"
"chr1","5220930","5221227","chr1","4533899","4534202","35","687031"
"chr1","5230066","5230403","chrX","135197869","135198180","66","129967803"
"chr1","5490807","5491099","chr1","4590538","4590838","22","900269"
"chr1","5609586","5609892","chr1","4707328","4707639","36","902258"
"chr1","5627376","5627665","chr1","4727252","4727548","25","900124"
"chr1","5631797","5632107","chr1","4731654","4731965","35","900143"
"chr1","5638736","5638983","chr3","43311153","43311399","33","37672417"
"chr1","5657587","5657899","chr7","25088554","25088855","44","19430967"
"chr1","5683524","5683822","chr1","4785356","4785664","36","898168"
"chr1","5715260","5715421","chr12","113043341","113043499","27","107328081"
"chr1","5715572","5715692","chr8","6959684","6959805","16","1244112"
"chr1","5718652","5718827","chr3","41169959","41170135","31","35451307"
"chr1","5739725","5739865","chr2","203147393","203147530","17","197407668"
"chr1","5770592","5770894","chrX","144246404","144246709","29","138475812"
"chr1","5792968","5793137","chr9","51743737","51743907","23","45950769"
"chr1","5797782","5797878","chr2","124529769","124529860","18","118731987"
"chr1","5798481","5798666","chr19","16963325","16963517","34","11164844"
"chr1","5804358","5804653","chr1","4909340","4909636","25","895018"
"chr1","5931774","5931900","chr13","57272723","57272853","14","51340949"
"chr1","5947551","5947834","chr1","5050480","5050765","23","897071"
"chr1","5976719","5977020","chr1","5080444","5080737","35","896275"
"chr1","5981504","5981773","chr1","5084485","5084769","41","897019"
"chr1","6004558","6004855","chr1","5106139","5106436","25","898419"
"chr1","6027873","6028167","chr1","5130089","5130383","30","897784"
"chr1","6070709","6071009","chr1","5172917","5173228","40","897792"
"chr1","6074271","6074497","chr13","9933233","9933462","30","3858962"
"chr1","6082310","6082606","chr7","34134376","34134677","33","28052066"
"chr1","6141452","6141751","chr1","67968311","67968611","35","61826859"
"chr1","6145002","6145297","chr1","5246463","5246759","24","898539"
"chr1","6148660","6148960","chr1","5250185","5250486","24","898475"
"chr1","6157274","6157568","chr1","5259124","5259414","34","898150"
"chr1","6162504","6162803","chr1","5264819","5265120","32","897685"
"chr1","6175531","6175810","chr20","41055128","41055405","29","34879597"
"chr1","6215013","6215297","chr1","8801097","8801380","43","2586084"
"chr1","6216359","6216653","chr1","5318181","5318473","32","898178"
"chr1","6224853","6224932","chr8","33633747","33633811","21","27408894"
"chr1","6225994","6226192","chr16","437053","437252","22","5788941"
"chr1","6236233","6236429","chr3","12719728","12719927","25","6483495"
"chr1","6237382","6237602","chr13","94935954","94936168","36","88698572"
"chr1","6237997","6238152","chr19","16334651","16334811","27","10096654"
"chr1","6319934","6320225","chr1","5433684","5433987","36","886250"
"chr1","6344997","6345308","chr20","48185619","48185932","33","41840622"
"chr1","6359124","6359450","chr1","5474218","5474542","35","884906"
"chr1","6361946","6362250","chr6","73393768","73394067","39","67031822"
"chr1","6362340","6362625","chr2","96980084","96980369","40","90617744"
"chr1","6374253","6374536","chr1","5489662","5489955","44","884591"
"chr1","6378888","6379190","chr7","43358173","43358469","35","36979285"
"chr1","6382540","6382845","chr1","5500103","5500408","48","882437"
"chr1","6390168","6390447","chr1","5507608","5507875","50","882560"
"chr1","6392021","6392306","chr1","5509404","5509693","23","882617"
"chr1","6407562","6407857","chr7","55588044","55588338","36","49180482"
"chr1","6413131","6413243","chr13","25224248","25224363","14","18811117"
"chr1","6433577","6433853","chr1","5556635","5556910","19","876942"
"chr1","6447165","6447496","chr1","5571139","5571472","31","876026"
"chr1","6449254","6449541","chr1","5574830","5575114","26","874424"
"chr1","6492830","6493141","chr1","5621350","5621662","26","871480"
"chr1","6497107","6497402","chr1","5625978","5626285","36","871129"
"chr1","6525906","6526123","chr16","18853603","18853823","26","12327697"
"chr1","6526261","6526343","chr13","104289300","104289379","12","97763039"
"chr1","6530437","6530718","chr12","112944818","112945097","55","106414381"
"chr1","6537012","6537300","chrX","52560249","52560544","35","46023237"
"chr1","6554838","6555130","chr3","1206332","1206624","44","5348506"
"chr1","6556828","6557123","chr1","5683577","5683881","38","873251"
"chr1","6557456","6557746","chr8","28279625","28279912","47","21722169"
"chr1","6558739","6558874","chr7","35304836","35304964","24","28746097"
"chr1","6559881","6560170","chr20","8006906","8007198","34","1447025"
"chr1","6565538","6565843","chr6","62900559","62900862","41","56335021"
"chr1","6569103","6569347","chr7","53730102","53730346","39","47160999"
"chr1","6569411","6569647","chr9","72730444","72730684","34","66161033"
"chr1","6569689","6569990","chr18","60042917","60043218","37","53473228"
"chr1","6573289","6573581","chr1","25647657","25647947","37","19074368"
"chr1","6610139","6610479","chr1","5738415","5738717","63","871724"
"chr1","6618739","6618953","chr1","5747236","5747453","18","871503"
"chr1","6620159","6620365","chrX","25813318","25813533","43","19193159"
"chr1","6620535","6620821","chr1","5749338","5749639","41","871197"
"chr1","6627045","6627133","chrX","55988546","55988632","11","49361501"
"chr1","6627138","6627239","chr1","5754266","5754367","10","872872"
"chr1","6633086","6633359","chr1","5759837","5760117","30","873249"
"chr1","6635341","6635626","chr8","123457883","123458168","45","116822542"
"chr1","6642738","6643039","chr1","5769530","5769829","28","873208"
"chr1","6643547","6643838","chr1","5770336","5770622","26","873211"
"chr1","6655046","6655348","chr17","31366515","31366817","37","24711469"
"chr1","6656267","6656516","chrX","9003364","9003612","44","2347097"
"chr1","6659836","6660141","chr1","5786998","5787304","24","872838"
"chr1","6665235","6665457","chr9","126091587","126091817","42","119426352"
"chr1","6665517","6665785","chr8","139730317","139730594","54","133064800"
"chr1","6666106","6666414","chr2","84653052","84653348","35","77986946"
"chr1","6671047","6671323","chr1","5801205","5801479","26","869842"
"chr1","6675631","6675925","chr5","139447355","139447652","37","132771724"
"chr1","6681819","6682145","chr1","5809103","5809429","26","872716"
"chr1","6689425","6689723","chr3","41130046","41130344","37","34440621"
"chr1","6721671","6721844","chr3","69004212","69004378","43","62282541"
"chr1","6723745","6724013","chr1","5852632","5852914","33","871113"
"chr1","6731316","6731451","chrX","854799","854933","13","5876517"
"chr1","6732785","6733073","chr3","84501132","84501422","35","77768347"
"chr1","6734027","6734128","chr3","151235850","151235951","11","144501823"
"chr1","6744631","6744939","chr1","5873339","5873648","32","871292"
"chr1","6746686","6746977","chr1","5875367","5875672","38","871319"
"chr1","6747155","6747388","chr1","5876117","5876338","28","871038"
"chr1","6752296","6752569","chr1","5880788","5881073","38","871508"
"chr1","6765908","6766191","chrX","40056549","40056830","36","33290641"
"chr1","6770060","6770345","chr13","70417267","70417557","45","63647207"
"chr1","6770633","6770934","chr1","5896714","5897011","28","873919"
"chr1","6779200","6779496","chr16","5048763","5049058","31","1730437"
"chr1","6787069","6787198","chr7","20223555","20223683","12","13436486"
"chr1","6787494","6787509","chr14","100799751","100799765","4","94012257"
"chr1","6815278","6815589","chr4","32376720","32377029","43","25561442"
"chr1","6860194","6860509","chr9","96572136","96572441","39","89711942"
"chr1","6861137","6861335","chr6","55060425","55060623","28","48199288"
"chr1","6865074","6865215","chrX","130438301","130438440","18","123573227"
"chr1","6865517","6865571","chr1","168754306","168754362","10","161888789"
"chr1","6865572","6865753","chr1","9081901","9082091","41","2216329"
"chr1","6869413","6869541","chr6","174648180","174648299","33","167778767"
"chr1","6893856","6894147","chr1","21948142","21948432","36","15054286"
"chr1","6922582","6922876","chr7","136748917","136749210","39","129826335"
"chr1","6984376","6984675","chr9","82264266","82264564","36","75279890"
"chr1","6984725","6985025","chr1","5896714","5897011","33","1088011"
"chr1","7004958","7005257","chr15","14879367","14879661","29","7874409"
"chr1","7015741","7015949","chr1","6153209","6153443","36","862532"
"chr1","7045499","7045800","chr13","92078227","92078528","33","85032728"
"chr1","7093200","7093495","chr13","70565050","70565347","39","63471850"
"chr1","7133488","7133589","chr17","11926089","11926190","7","4792601"
"chr1","7146301","7146574","chr1","10625158","10625437","36","3478857"
"chr1","7179625","7179927","chr9","96018903","96019206","39","88839278"
"chr1","7182585","7182894","chr1","6326400","6326704","30","856185"
"chr1","7209935","7210226","chr6","138780660","138780954","30","131570725"
"chr1","7229632","7229856","chr2","51196499","51196724","29","43966867"
"chr1","7253334","7253628","chr1","6394721","6395014","29","858613"
"chr1","7337639","7337786","chr18","719108","719252","27","6618531"
"chr1","7385147","7385259","chr14","195049","195159","10","7190098"
"chr1","7476028","7476126","chr19","4926258","4926351","13","2549770"
"chr1","7476369","7476586","chr7","162241692","162241920","37","154765323"
"chr1","7504321","7504614","chr1","39808407","39808699","31","32304086"
"chr1","7585744","7586044","chr1","6710062","6710357","30","875682"
"chr1","7633678","7633880","chr1","6754007","6754209","17","879671"
"chr1","7648438","7648733","chr1","6768495","6768791","19","879943"
"chr1","7724725","7725016","chr1","6844259","6844555","25","880466"
"chr1","7728767","7729052","chr1","6848234","6848522","24","880533"
"chr1","7731978","7732104","chr15","5767693","5767818","16","1964285"
"chr1","7745700","7745995","chrX","41694245","41694543","36","33948545"
"chr1","7754493","7754814","chr1","6873668","6873998","31","880825"
"chr1","7808360","7808670","chr7","68708818","68709123","36","60900458"
"chr1","7813316","7813622","chr1","6932454","6932767","28","880862"
"chr1","7814366","7814654","chrX","48185329","48185616","36","40370963"
"chr1","7836608","7836899","chr1","62311880","62312149","74","54475272"
"chr1","7846751","7846951","chr3","39457454","39457654","32","31610703"
"chr1","7846952","7847240","chr1","6966178","6966454","26","880774"
"chr1","7906906","7907198","chrX","46755159","46755454","34","38848253"
"chr1","7910710","7910811","chr3","151235850","151235951","14","143325140"
"chr1","7910961","7911101","chr4","158835451","158835593","23","150924490"
"chr1","7916975","7917268","chr3","137785344","137785639","52","129868369"
"chr1","7917886","7918081","chr2","202596898","202597086","33","194679012"
"chr1","7918859","7919149","chr10","10946803","10947092","46","3027944"
"chr1","7925109","7925397","chr5","40305535","40305825","38","32380426"
"chr1","7926645","7926944","chr6","20317307","20317607","34","12390662"
"chr1","7928909","7929203","chr1","182310341","182310641","36","174381432"
"chr1","7931487","7931786","chr9","38901975","38902276","38","30970488"
"chr1","7933300","7933576","chr14","82712949","82713221","37","74779649"
"chr1","7934875","7935152","chr1","7054984","7055261","22","879891"
"chr1","7938651","7938960","chr1","7058476","7058777","33","880175"
"chr1","7948365","7948665","chr1","7068489","7068794","24","879876"
"chr1","7955864","7956155","chr1","7076246","7076540","19","879618"
"chr1","7957757","7958039","chr1","86639013","86639294","35","78681256"
"chr1","7970984","7971067","chr2","89046914","89047000","14","81075930"
"chr1","7971574","7971777","chr19","29270644","29270853","36","21299070"
"chr1","7976861","7977162","chr1","7097124","7097416","38","879737"
"chr1","7980963","7981098","chr1","7101560","7101696","10","879403"
"chr1","7982090","7982273","chr1","7102743","7102920","21","879347"
"chr1","7985818","7986053","chr11","123742048","123742278","40","115756230"
"chr1","7986703","7986856","chr10","59907389","59907536","23","51920686"
"chr1","8004878","8005177","chr3","21904631","21904931","31","13899753"
"chr1","8007340","8007634","chr10","70908203","70908485","43","62900863"
"chr1","8047946","8048213","chr18","47191826","47192094","42","39143880"
"chr1","8053385","8053684","chr1","7178195","7178502","34","875190"
"chr1","8054994","8055289","chr3","178976330","178976618","36","170921336"
"chr1","8059156","8059456","chr1","7184284","7184584","26","874872"
"chr1","8063747","8064028","chr3","157375862","157376143","34","149312115"
"chr1","8069648","8069798","chr3","40638454","40638604","20","32568806"
"chr1","8074149","8074455","chr1","7198834","7199133","39","875315"
"chr1","8077347","8077618","chr16","54898992","54899253","43","46821645"
"chr1","8078031","8078330","chr1","7202909","7203205","20","875122"
"chr1","8079215","8079517","chr1","7204091","7204395","24","875124"
"chr1","8082058","8082326","chr8","45747070","45747341","42","37665012"
"chr1","8084385","8084670","chr2","19412650","19412932","38","11328265"
"chr1","8091258","8091566","chr10","12541086","12541391","37","4449828"
"chr1","8106626","8106921","chrX","52560249","52560544","32","44453623"
"chr1","8110114","8110284","chr1","7951721","7951900","24","158393"
"chr1","8112325","8112622","chr2","83920319","83920617","31","75807994"
"chr1","8114096","8114379","chrX","16786018","16786300","34","8671922"
"chr1","8117169","8117468","chr1","7244256","7244567","41","872913"
"chr1","8121425","8121730","chr3","13848162","13848465","40","5726737"
"chr1","8127743","8128040","chr1","7254956","7255255","29","872787"
"chr1","8131321","8131615","chr3","1691355","1691649","34","6439966"
"chr1","8131976","8132242","chr2","47029753","47030018","31","38897777"
"chr1","8134009","8134298","chr9","115113357","115113647","29","106979348"
"chr1","8171689","8171764","chr1","38102824","38102893","13","29931135"
"chr1","8173786","8173986","chr2","99076392","99076604","38","90902606"
"chr1","8174669","8174760","chr15","26540163","26540255","12","18365494"
"chr1","8177807","8178069","chr15","99281561","99281822","52","91103754"
"chr1","8183344","8183629","chr14","11891111","11891377","55","3707767"
"chr1","8189330","8189497","chrX","557444","557611","19","7631886"
"chr1","8189878","8190163","chr2","164795608","164795898","44","156605730"
"chr1","8191124","8191345","chr1","7320247","7320474","29","870877"
"chr1","8194226","8194532","chr1","7323345","7323650","39","870881"
"chr1","8195331","8195601","chr19","40901661","40901935","30","32706330"
"chr1","8195805","8196078","chr11","4478161","4478437","37","3717644"
"chr1","8205981","8206292","chr1","7334401","7334711","33","871580"
"chr1","8207449","8207745","chr11","110430979","110431269","50","102223530"
"chr1","8211229","8211518","chr1","7339699","7339990","31","871530"
"chr1","8216053","8216364","chr1","7344555","7344857","36","871498"
"chr1","8221716","8222011","chr1","7351005","7351299","28","870711"
"chr1","8242520","8242652","chr3","178724024","178724160","16","170481504"
"chr1","8243138","8243465","chr19","25432758","25433083","43","17189620"
"chr1","8245871","8246172","chr14","15756054","15756351","36","7510183"
"chr1","8246981","8247281","chr1","7379314","7379602","35","867667"
"chr1","8250415","8250698","chr1","7383101","7383402","43","867314"
"chr1","8252509","8252764","chr9","93172956","93173205","35","84920447"
"chr1","8270756","8271023","chr10","38503497","38503770","45","30232741"
"chr1","8275837","8276144","chr1","10241868","10242167","44","1966031"
"chr1","8283851","8284156","chr4","111711200","111711511","46","103427349"
"chr1","8284920","8285229","chr1","7442502","7442785","41","842418"
"chr1","8300627","8300815","chr13","64990371","64990560","32","56689744"
"chr1","8315113","8315412","chr14","47617054","47617352","31","39301941"
"chr1","8436918","8437217","chr15","297183","297483","43","8139735"
"chr1","8452395","8452692","chr1","7603687","7604005","41","848708"
"chr1","8469981","8470277","chr1","64718214","64718507","38","56248233"
"chr1","8475513","8475723","chr3","172783026","172783239","30","164307513"
"chr1","8479425","8479714","chr1","7632950","7633255","37","846475"
"chr1","8490488","8490774","chr1","7645039","7645330","32","845449"
"chr1","8493591","8493884","chr1","7648142","7648442","31","845449"
"chr1","8495030","8495316","chr1","7649513","7649803","36","845517"
"chr1","8499857","8500000","chr7","167773913","167774060","29","159274056"
"chr1","8500001","8500104","chr15","89488339","89488440","15","80988338"
"chr1","8572218","8572517","chr3","64580661","64580960","39","56008443"
"chr1","8581629","8581925","chr1","7739383","7739673","27","842246"
"chr1","8594089","8594389","chr1","42063040","42063336","47","33468951"
"chr1","8601808","8602109","chr1","213733726","213734025","37","205131918"
"chr1","8620212","8620459","chr10","37059435","37059692","41","28439223"
"chr1","8632781","8632950","chr4","49440492","49440656","32","40807711"
"chr1","8642167","8642462","chr19","13989351","13989646","29","5347184"
"chr1","8643203","8643330","chr1","7801356","7801483","12","841847"
"chr1","8643637","8643795","chr1","7801784","7801953","20","841853"
"chr1","8647887","8648182","chr1","7805750","7806051","24","842137"
"chr1","8650259","8650550","chr13","91979302","91979597","38","83329043"
"chr1","8660061","8660348","chr4","7405019","7405304","39","1255042"
"chr1","8680918","8681229","chr19","34145290","34145601","50","25464372"
"chr1","8688947","8689236","chr1","7847645","7847910","45","841302"
"chr1","8720595","8720893","chr14","103136842","103137137","35","94416247"
"chr1","8724115","8724399","chr1","113487119","113487407","47","104763004"
"chr1","8759216","8759354","chr19","41099738","41099873","19","32340522"
"chr1","8759645","8759821","chr1","7951721","7951900","28","807924"
"chr1","8763238","8763380","chr10","83387616","83387757","14","74624378"
"chr1","8792205","8792505","chr14","63539987","63540287","31","54747782"
"chr1","8798747","8798959","chr1","130626987","130627198","33","121828240"
"chr1","8799361","8799583","chr3","126702080","126702302","32","117902719"
"chr1","8803467","8803747","chr7","106425305","106425586","32","97621838"
"chr1","8821844","8822150","chr17","88386345","88386651","45","79564501"
"chr1","8828735","8829019","chr12","38901004","38901285","35","30072269"
"chr1","8834657","8834950","chr7","18502191","18502489","37","9667534"
"chr1","8836310","8836442","chr19","7938276","7938409","15","898034"
"chr1","8843692","8844012","chr11","48147631","48147935","42","39303939"
"chr1","8845813","8846115","chr12","57850151","57850455","33","49004338"
"chr1","8850031","8850343","chr14","16102451","16102756","39","7252420"
"chr1","8851908","8852197","chr1","8016120","8016423","33","835788"
"chr1","8853083","8853376","chr1","8017322","8017613","33","835761"
"chr1","8853893","8854130","chr4","34205517","34205746","63","25351624"
"chr1","8854183","8854377","chr11","33452371","33452567","25","24598188"
"chr1","8866459","8866752","chr16","45044828","45045127","40","36178369"
"chr1","8875936","8876142","chr16","44901254","44901459","24","36025318"
"chr1","8878641","8878947","chr1","8041525","8041839","33","837116"
"chr1","8894780","8895016","chr13","71260588","71260830","33","62365808"
"chr1","8895833","8896127","chr10","30442537","30442830","34","21546704"
"chr1","8898833","8899127","chr5","165333751","165334026","62","156434918"
"chr1","8903403","8903563","chr11","109938167","109938327","28","101034764"
"chr1","8906710","8907024","chr12","45805530","45805841","35","36898820"
"chr1","8910742","8910877","chr19","41099738","41099873","11","32188996"
"chr1","8910878","8911190","chr1","8083579","8083887","30","827299"
"chr1","8924683","8924992","chr7","116514535","116514837","46","107589852"
"chr1","8929191","8929376","chr6","55060425","55060623","34","46131234"
"chr1","8933868","8934063","chr1","8105438","8105635","26","828430"
"chr1","8934427","8934734","chr1","8105995","8106305","25","828432"
"chr1","8940995","8941288","chr19","44781977","44782268","27","35840982"
"chr1","8946875","8947012","chr1","11197428","11197566","21","2250553"
"chr1","8951733","8952033","chrX","9240846","9241146","33","289113"
"chr1","8956751","8957054","chr6","73393768","73394067","38","64437017"
"chr1","8964209","8964496","chr1","8140967","8141254","24","823242"
"chr1","8967678","8967886","chr6","128823079","128823285","28","119855401"
"chr1","8969888","8970181","chr1","8145830","8146127","25","824058"
"chr1","8976625","8976921","chr1","8153035","8153326","25","823590"
"chr1","8979221","8979560","chr1","8155527","8155835","58","823694"
"chr1","8991949","8992261","chr1","8169425","8169734","31","822524"
"chr1","8993020","8993312","chr1","8170489","8170798","41","822531"
"chr1","8995173","8995476","chr1","8172669","8172968","33","822504"
"chr1","9000212","9000500","chr1","8177974","8178259","29","822238"
"chr1","9003324","9003630","chr1","8181721","8182029","30","821603"
"chr1","9004472","9004633","chr14","69005087","69005239","28","60000615"
"chr1","9008656","9008886","chr1","8187378","8187607","24","821278"
"chr1","9012248","9012328","chr20","54265712","54265795","10","45253464"
"chr1","9012662","9012879","chr3","178768245","178768464","33","169755583"
"chr1","9018306","9018467","chr8","144173751","144173908","26","135155445"
"chr1","9020514","9020743","chr1","8198629","8198861","29","821885"
"chr1","9041255","9041536","chr1","8219758","8220043","22","821497"
"chr1","9041797","9042111","chr1","8220304","8220619","24","821493"
"chr1","9047914","9048220","chr1","8226856","8227163","25","821058"
"chr1","9069712","9070026","chr1","8248710","8249022","23","821002"
"chr1","9073785","9074089","chr14","7443817","7444116","34","1629968"
"chr1","9086633","9086944","chr6","71219456","71219765","45","62132823"
"chr1","9091126","9091424","chr5","51540643","51540938","36","42449517"
"chr1","9092197","9092508","chr1","192538013","192538320","45","183445816"
"chr1","9101815","9102039","chr11","118500754","118500968","35","109398939"
"chr1","9102521","9102821","chr1","8282848","8283148","14","819673"
"chr1","9104456","9104632","chr9","28310079","28310249","25","19205623"
"chr1","9110528","9110842","chr1","8292791","8293098","31","817737"
"chr1","9119957","9120255","chr6","129934590","129934892","34","120814633"
"chr1","9120704","9120868","chrX","557444","557611","24","8563260"
"chr1","9124892","9125191","chr9","93157421","93157721","34","84032529"
"chr1","9125979","9126125","chr1","8308002","8308146","16","817977"
"chr1","9147674","9147985","chr7","82393560","82393871","34","73245886"
"chr1","9154977","9155273","chr1","8334578","8334879","29","820399"
"chr1","9156147","9156420","chr8","142242840","142243113","34","133086693"
"chr1","9158375","9158678","chr10","12541086","12541391","33","3382711"
"chr1","9161798","9162089","chr3","2986573","2986865","35","6175225"
"chr1","9176909","9177217","chr7","12895917","12896216","40","3719008"
"chr1","9205665","9205973","chr15","1586384","1586685","39","7619281"
"chr1","9206517","9206810","chr1","160169222","160169504","44","150962705"
"chr1","9208893","9209170","chr5","80430961","80431244","36","71222068"
"chr1","9262697","9262991","chr1","8440589","8440877","25","822108"
"chr1","9299750","9300062","chr5","60270379","60270690","40","50970629"
"chr1","9302374","9302661","chr1","8480019","8480302","33","822355"
"chr1","9311647","9311950","chr1","8488855","8489161","20","822792"
"chr1","9322241","9322462","chr3","103846800","103847020","45","94524559"
"chr1","9326056","9326350","chr1","8504430","8504725","27","821626"
"chr1","9357802","9358098","chr1","8533739","8534038","35","824063"
"chr1","9358927","9359240","chr6","75775282","75775584","42","66416355"
"chr1","9380666","9380964","chr1","8556667","8556970","30","823999"
"chr1","9396841","9397126","chr1","8572431","8572724","34","824410"
"chr1","9401112","9401409","chr1","8576584","8576877","35","824528"
"chr1","9403445","9403681","chr1","8579153","8579390","19","824292"
"chr1","9404064","9404348","chr1","8579777","8580062","25","824287"
"chr1","9406702","9406813","chr3","177541212","177541321","25","168134510"
"chr1","9409358","9409544","chr15","7902064","7902241","40","1507294"
"chr1","9414441","9414731","chr10","86833856","86834153","30","77419415"
"chr1","9415258","9415548","chr1","113822360","113822643","44","104407102"
"chr1","9419876","9420164","chr6","74187933","74188220","36","64768057"
"chr1","9422135","9422431","chr1","8597706","8598011","33","824429"
"chr1","9427652","9427905","chr2","56066062","56066311","32","46638410"
"chr1","9441246","9441559","chr1","40610787","40611094","41","31169541"
"chr1","9442329","9442630","chr1","8618849","8619149","20","823480"
"chr1","9459167","9459477","chrX","23558557","23558868","39","14099390"
"chr1","9459615","9459920","chr15","109458692","109458994","39","99999077"
"chr1","9468840","9469135","chr1","8642366","8642662","34","826474"
"chr1","9472762","9472865","chr3","151235850","151235951","9","141763088"
"chr1","9473187","9473328","chr1","29438048","29438196","25","19964861"
"chr1","9481728","9482021","chr19","44781977","44782268","38","35300249"
"chr1","9489210","9489504","chr20","8006906","8007198","42","1482304"
"chr1","9494767","9494966","chr17","61702562","61702761","27","52207795"
"chr1","9496974","9497271","chr16","5625017","5625313","38","3871957"
"chr1","9498092","9498398","chr10","13801982","13802279","42","4303890"
"chr1","9502422","9502722","chr6","71534351","71534652","41","62031929"
"chr1","9503670","9503898","chr19","43007920","43008132","53","33504250"
"chr1","9511902","9512186","chr1","8682183","8682465","27","829719"
"chr1","9524803","9525049","chrUn_NW_014806302v1","95","341","38","9524708"
"chr1","9530491","9530775","chr1","51468852","51469133","54","41938361"
"chr1","9536930","9537242","chr16","49561590","49561896","34","40024660"
"chr1","9537368","9537668","chr1","8708547","8708853","36","828821"
"chr1","9538499","9538647","chr6","56602654","56602794","24","47064155"
"chr1","9540991","9541302","chr1","8713687","8713996","30","827304"
"chr1","9545640","9545882","chr12","60640820","60641060","31","51095180"
"chr1","9546895","9547052","chr6","174263574","174263720","49","164716679"
"chr1","9548371","9548679","chr1","8722440","8722744","29","825931"
"chr1","9552663","9552922","chr1","139650554","139650817","37","130097891"
"chr1","9554250","9554390","chr3","55217417","55217559","20","45663167"
"chr1","9554996","9555062","chr11","74463624","74463686","15","64908628"
"chr1","9555178","9555294","chr5","169539239","169539350","15","159984061"
"chr1","9559024","9559200","chr6","171382337","171382512","22","161823313"
"chr1","9574719","9575008","chr1","8748683","8748972","32","826036"
"chr1","9576171","9576473","chr1","8750164","8750456","25","826007"
"chr1","9609955","9610249","chr4","163610184","163610481","34","154000229"
"chr1","9611055","9611349","chrX","52560249","52560544","32","42949194"
"chr1","9612064","9612355","chr3","124575436","124575725","34","114963372"
"chr1","9612811","9613108","chrX","46755159","46755454","40","37142348"
"chr1","9617156","9617454","chr1","25448752","25449049","39","15831596"
"chr1","9620323","9620651","chr3","174830153","174830453","63","165209830"
"chr1","9621584","9621887","chr1","166387645","166387949","36","156766061"
"chr1","9624997","9625278","chr1","8801097","8801380","20","823900"
"chr1","9631085","9631391","chr6","137966291","137966590","45","128335206"
"chr1","9631942","9632218","chr19","44781977","44782268","51","35150035"
"chr1","9639069","9639361","chr1","8817874","8818163","20","821195"
"chr1","9641796","9642023","chr5","185915874","185916101","31","176274078"
"chr1","9644203","9644513","chr1","8826578","8826885","26","817625"
"chr1","9647244","9647412","chr14","63413693","63413854","31","53766449"
"chr1","9652095","9652406","chr1","8833711","8834024","30","818384"
"chr1","9653071","9653373","chr2","52264229","52264529","34","42611158"
"chr1","9654833","9655106","chr2","70087538","70087814","36","60432705"
"chr1","9656058","9656222","chr6","63963732","63963899","24","54307674"
"chr1","9657552","9657658","chr20","18861314","18861421","12","9203762"
"chr1","9658957","9659261","chr16","9881258","9881559","38","222301"
"chr1","9660295","9660605","chr1","8842551","8842862","19","817744"
"chr1","9673143","9673305","chr2","56378402","56378559","23","46705259"
"chr1","9674429","9674730","chr6","91735449","91735750","24","82061020"
"chr1","9676857","9677149","chr7","18502191","18502489","42","8825334"
"chr1","9680836","9681136","chr19","20676318","20676616","30","10995482"
"chr1","9697419","9697697","chr1","8878306","8878588","26","819113"
"chr1","9710613","9710910","chr1","8892430","8892730","22","818183"
"chr1","9721642","9721955","chr11","108599039","108599366","57","98877397"
"chr1","9723535","9723824","chr19","44781977","44782268","30","35058442"
"chr1","9732545","9732837","chr8","93237278","93237575","39","83504733"
"chr1","9738650","9738871","chr6","56511093","56511315","38","46772443"
"chr1","9744755","9745053","chr14","47617054","47617352","47","37872299"
"chr1","9748848","9749128","chr7","152515614","152515898","38","142766766"
"chr1","9749160","9749175","chr7","83951879","83951896","2","74202719"
"chr1","9757778","9758071","chr4","19936763","19937047","54","10178985"
"chr1","9768006","9768111","chr3","40638050","40638149","16","30870044"
"chr1","9771045","9771337","chr19","13989351","13989646","38","4218306"
"chr1","9777069","9777387","chr1","26347523","26347832","47","16570454"
"chr1","9779955","9780246","chr1","8961487","8961782","30","818468"
"chr1","9781818","9781915","chr2","121314465","121314565","23","111532647"
"chr1","9785194","9785435","chr13","9933233","9933462","46","148039"
"chr1","9791160","9791457","chr1","8970649","8970949","30","820511"
"chr1","9801902","9802131","chr15","1189218","1189446","32","8612684"
"chr1","9803806","9804113","chrX","23558557","23558868","32","13754751"
"chr1","9804284","9804379","chr6","156104904","156104999","20","146300620"
"chr1","9808131","9808430","chr1","16002724","16003017","42","6194593"
"chr1","9838245","9838340","chr12","106080630","106080723","17","96242385"
"chr1","9855822","9856140","chr1","9039155","9039454","43","816667"
"chr1","9858620","9858945","chrX","19309419","19309726","51","9450799"
"chr1","9863296","9863588","chr1","9047036","9047328","22","816260"
"chr1","9886690","9886908","chr15","2721161","2721396","46","7165529"
"chr1","9890121","9890443","chr1","9076897","9077220","33","813224"
"chr1","9894145","9894283","chr11","63259700","63259833","20","53365555"
"chr1","9897600","9897866","chr2","47029753","47030018","31","37132153"
"chr1","9897958","9898252","chr15","6872633","6872929","42","3025325"
"chr1","9914702","9914795","chr20","18199749","18199840","11","8285047"
"chr1","9917200","9917499","chr1","210738800","210739095","35","200821600"
"chr1","9920467","9920712","chr10","59910337","59910584","32","49989870"
"chr1","9921695","9921995","chr8","122296258","122296554","38","112374563"
"chr1","9923616","9923922","chr7","113559810","113560113","38","103636194"
"chr1","9931761","9931875","chr3","126661092","126661204","20","116729331"
"chr1","9933287","9933596","chr12","120424846","120425154","37","110491559"
"chr1","9933988","9934282","chr7","43322799","43323092","35","33388811"
"chr1","9940988","9941285","chr3","5998793","5999090","36","3942195"
"chr1","9946617","9946661","chr7","35304782","35304834","16","25358165"
"chr1","9952849","9953149","chr2","95249993","95250288","29","85297144"
"chr1","9966835","9967049","chr3","46654662","46654857","41","36687827"
"chr1","9973237","9973531","chr1","9179485","9179779","19","793752"
"chr1","9974833","9975129","chr12","57850151","57850455","46","47875318"
"chr1","9975322","9975610","chr12","40546888","40547177","27","30571566"
"chr1","9990478","9990639","chr5","165329421","165329578","37","155338943"
"chr1","9991762","9992065","chr1","9199163","9199478","34","792599"
"chr1","9992665","9992957","chr1","9200117","9200411","26","792548"
"chr1","9999195","9999413","chr16","14036863","14037070","39","4037668"
"chr1","10000678","10000960","chr1","9206715","9207000","26","793963"
"chr1","10005173","10005463","chr5","47986349","47986641","33","37981176"
"chr1","10006149","10006317","chr1","173281089","173281254","29","163274940"
"chr1","10006391","10006693","chr1","9212154","9212461","29","794237"
"chr1","10010607","10010740","chr11","30887908","30888045","19","20877301"
"chr1","10012044","10012168","chr8","6959684","6959805","16","3052360"
"chr1","10013458","10013763","chr1","9223735","9224038","38","789723"
"chr1","10015370","10015651","chr7","3450180","3450461","31","6565190"
"chr1","10024136","10024377","chr1","9236650","9236893","20","787486"
"chr1","10025127","10025290","chr2","188225310","188225477","20","178200183"
"chr1","10026910","10026949","chr14","10568172","10568206","9","541262"
"chr1","10042717","10043019","chr1","9249955","9250243","32","792762"
"chr1","10049772","10050060","chr1","9256717","9257004","23","793055"
"chr1","10060959","10061250","chr6","75775282","75775584","48","65714323"
"chr1","10062011","10062311","chr1","9269544","9269845","28","792467"
"chr1","10062721","10062987","chr1","9270271","9270537","26","792450"
"chr1","10077651","10077941","chr1","9285451","9285750","29","792200"
"chr1","10085414","10085555","chr6","177341736","177341880","25","167256322"
"chr1","10086005","10086105","chr3","40638050","40638149","17","30552045"
"chr1","10094356","10094636","chr1","9296312","9296585","28","798044"
"chr1","10101909","10102217","chr2","77368420","77368728","40","67266511"
"chr1","10109110","10109367","chr14","10702441","10702697","36","593331"
"chr1","10119321","10119631","chr1","9321795","9322108","35","797526"
"chr1","10119650","10119923","chr14","73392059","73392334","39","63272409"
"chr1","10120165","10120399","chr16","55465255","55465491","48","45345090"
"chr1","10123863","10124164","chr1","10579073","10579371","45","455210"
"chr1","10128674","10128979","chr1","9332336","9332617","46","796338"
"chr1","10129107","10129404","chr1","9332753","9333067","33","796354"
"chr1","10130220","10130519","chr1","9333867","9334164","28","796353"
"chr1","10136647","10136813","chr1","9340804","9340975","19","795843"
"chr1","10137102","10137195","chr1","211663925","211664014","15","201526823"
"chr1","10137776","10138078","chr1","9341990","9342296","24","795786"
"chr1","10141069","10141358","chr8","72173297","72173587","37","62032228"
"chr1","10147262","10147416","chrX","66006360","66006509","27","55859098"
"chr1","10163731","10164013","chr14","95902866","95903147","31","85739135"
"chr1","10166809","10167101","chr1","9375318","9375601","28","791491"
"chr1","10182555","10182856","chr5","93179263","93179563","31","82996708"
"chr1","10183682","10183970","chr1","159878672","159878960","30","149694990"
"chr1","10186964","10187259","chr19","46860523","46860827","36","36673559"
"chr1","10187995","10188250","chr11","42969652","42969906","37","32781657"
"chr1","10190903","10191085","chr2","116697025","116697210","33","106506122"
"chr1","10193941","10194140","chr10","86749316","86749514","35","76555375"
"chr1","10194410","10194505","chr19","28835350","28835446","22","18640940"
"chr1","10201709","10201859","chr1","161409822","161409970","21","151208113"
"chr1","10204740","10204814","chr1","125095297","125095370","11","114890557"
"chr1","10222452","10222776","chr8","29142157","29142470","92","18919705"
"chr1","10239899","10240201","chr2","204357109","204357403","42","194117210"
"chr1","10251599","10251732","chr7","35304836","35304964","20","25053237"
"chr1","10262532","10262781","chr1","41686550","41686797","35","31424018"
"chr1","10272469","10272761","chr1","9503703","9503996","24","768766"
"chr1","10273659","10273841","chr1","45139652","45139830","39","34865993"
"chr1","10276021","10276330","chr7","46338902","46339208","42","36062881"
"chr1","10294008","10294317","chr1","9526344","9526642","34","767664"
"chr1","10297927","10298232","chr1","9530219","9530526","24","767708"
"chr1","10302143","10302419","chr1","36516905","36517189","35","26214762"
"chr1","10303682","10303827","chr8","41637901","41638027","59","31334219"
"chr1","10305735","10306030","chr10","37249410","37249706","32","26943675"
"chr1","10317570","10317698","chr9","89613171","89613303","16","79295601"
"chr1","10332596","10332906","chr1","9586915","9587216","30","745681"
"chr1","10349499","10349808","chr1","9605237","9605545","19","744262"
"chr1","10350472","10350773","chr3","5892866","5893169","41","4457606"
"chr1","10354181","10354265","chr3","123390838","123390916","18","113036657"
"chr1","10358596","10358733","chr14","2902914","2903050","24","7455682"
"chr1","10366607","10366902","chr1","9625137","9625426","21","741470"
"chr1","10368089","10368267","chr3","36859317","36859495","22","26491228"
"chr1","10379319","10379622","chr1","153060640","153060942","40","142681321"
"chr1","10381129","10381401","chr14","7664868","7665141","43","2716261"
"chr1","10383465","10383772","chr5","49585011","49585313","37","39201546"
"chr1","10387125","10387348","chr16","9675962","9676190","41","711163"
"chr1","10396122","10396410","chr1","9656440","9656741","33","739682"
"chr1","10399871","10400010","chr6","177341736","177341880","24","166941865"
"chr1","10400313","10400620","chr1","9660614","9660924","31","739699"
"chr1","10410800","10411092","chrX","9240846","9241146","34","1169954"
"chr1","10421510","10421802","chr6","64801784","64802074","32","54380274"
"chr1","10421944","10422257","chr9","89822163","89822467","41","79400219"
"chr1","10429537","10429809","chr4","17496445","17496716","37","7066908"
"chr1","10437270","10437566","chr3","47504311","47504609","38","37067041"
"chr1","10438247","10438538","chr1","9694859","9695155","26","743388"
"chr1","10444172","10444466","chr18","48571328","48571623","41","38127156"
"chr1","10445269","10445406","chr2","80224302","80224438","16","69779033"
"chr1","10448368","10448662","chr11","110921173","110921470","28","100472805"
"chr1","10458348","10458658","chr1","9717481","9717792","28","740867"
"chr1","10462851","10463156","chr1","9722011","9722327","36","740840"
"chr1","10468711","10468845","chr1","9729328","9729463","12","739383"
"chr1","10475321","10475434","chr4","54111508","54111622","15","43636187"
"chr1","10510792","10511038","chr7","158010659","158010910","46","147499867"
"chr1","10532064","10532346","chrX","96496938","96497219","32","85964874"
"chr1","10532383","10532398","chr3","15214867","15214880","2","4682484"
"chr1","10563995","10564287","chr1","9827734","9828044","42","736261"
"chr1","10569333","10569610","chr1","9833068","9833350","32","736265"
"chr1","10602798","10603108","chrX","41106858","41107170","42","30504060"
"chr1","10693797","10694096","chr1","9959034","9959327","36","734763"
"chr1","10696968","10697277","chr9","41623324","41623636","38","30926356"
"chr1","10714363","10714659","chr1","9980478","9980759","34","733885"
"chr1","10723294","10723572","chr1","9989516","9989805","28","733778"
"chr1","10732552","10732835","chr4","114813653","114813942","33","104081101"
"chr1","10732865","10732883","chr2","145916373","145916392","2","135183508"
"chr1","10745790","10746089","chr1","10011573","10011865","34","734217"
"chr1","10783151","10783461","chr1","10048562","10048868","31","734589"
"chr1","10783750","10784046","chr12","115141391","115141684","32","104357641"
"chr1","10829931","10830229","chr1","10095759","10096059","33","734172"
"chr1","10841044","10841162","chr12","89575136","89575255","18","78734092"
"chr1","10853297","10853567","chr1","10120323","10120601","35","732974"
"chr1","10866313","10866622","chr1","36149415","36149730","40","25283102"
"chr1","10875181","10875473","chr7","10974680","10974971","39","99499"
"chr1","10894205","10894499","chr16","5625017","5625313","38","5269188"
"chr1","10919088","10919199","chr9","129507036","129507146","12","118587948"
"chr1","10919233","10919401","chr8","98683701","98683863","34","87764468"
"chr1","10926821","10927086","chr20","66530052","66530319","42","55603231"
"chr1","10961438","10961727","chr3","170927087","170927379","43","159965649"
"chr1","10968030","10968309","chr1","126126926","126127199","34","115158896"
"chr1","10972123","10972257","chr8","41637901","41638027","30","30665778"
"chr1","10977168","10977474","chr1","10241868","10242167","26","735300"
"chr1","10979459","10979555","chr9","6116378","6116473","12","4863081"
"chr1","10979945","10980236","chr1","10244817","10245118","28","735128"
"chr1","10981106","10981337","chr6","56511093","56511315","48","45529987"
"chr1","10989696","10989972","chr1","10257598","10257885","38","732098"
"chr1","11004679","11004810","chr1","153724805","153724937","17","142720126"
"chr1","11017775","11018053","chr1","10286421","10286692","40","731354"
"chr1","11033081","11033267","chr11","2904691","2904882","34","8128390"
"chr1","11033547","11033576","chr10","80300576","80300604","4","69267029"
"chr1","11035093","11035185","chr1","10322552","10322647","17","712541"
"chr1","11035866","11036073","chr1","10323323","10323536","33","712543"
"chr1","11041279","11041587","chr10","77963387","77963688","40","66922108"
"chr1","11045649","11045956","chr1","10333959","10334269","33","711690"
"chr1","11058762","11059034","chr7","77698309","77698596","45","66639547"
"chr1","11062463","11062765","chr3","39641274","39641578","35","28578811"
"chr1","11074927","11075224","chr1","220883377","220883674","33","209808450"
"chr1","11081093","11081396","chr1","123666381","123666685","39","112585288"
"chr1","11087766","11088051","chrX","114333767","114334056","41","103246001"
"chr1","11088132","11088262","chr6","25802792","25802920","19","14714660"
"chr1","11088573","11088699","chr9","97550947","97551073","14","86462374"
"chr1","11091395","11091685","chr1","101799784","101800074","40","90708389"
"chr1","11095658","11095872","chr11","110703963","110704178","27","99608305"
"chr1","11113581","11113808","chr16","12882617","12882846","33","1769036"
"chr1","11160240","11160333","chr12","89418140","89418233","13","78257900"
"chr1","11212468","11212767","chr1","10488708","10489004","26","723760"
"chr1","11214055","11214363","chr10","80379242","80379544","36","69165187"
"chr1","11215237","11215526","chr1","26113860","26114150","34","14898623"
"chr1","11220016","11220319","chr1","10495883","10496182","27","724133"
"chr1","11222748","11222919","chr1","32072346","32072515","35","20849598"
"chr1","11229875","11230010","chr3","468264","468399","12","10761611"
"chr1","11231770","11232076","chr13","20564395","20564704","40","9332625"
"chr1","11242926","11243222","chr1","20601144","20601435","42","9358218"
"chr1","11244609","11244827","chr2","79409462","79409657","55","68164853"
"chr1","11246954","11247158","chr1","10521980","10522183","21","724974"
"chr1","11248056","11248357","chr1","10523072","10523363","33","724984"
"chr1","11250472","11250769","chr20","11964236","11964515","56","713764"
"chr1","11253197","11253493","chr1","10528246","10528543","22","724951"
"chr1","11255174","11255503","chr1","10530312","10530650","44","724862"
"chr1","11258821","11258998","chr6","171382337","171382512","27","160123516"
"chr1","11264068","11264365","chr7","17094370","17094669","44","5830302"
"chr1","11270965","11271269","chr1","10550606","10550912","28","720359"
"chr1","11276057","11276258","chr1","10555398","10555579","36","720659"
"chr1","11276530","11276665","chr1","10555851","10555984","9","720679"
"chr1","11284711","11284984","chr13","32821687","32821961","41","21536976"
"chr1","11309179","11309458","chr1","10582964","10583243","30","726215"
"chr1","11327532","11327823","chr1","10600019","10600318","30","727513"
"chr1","11336144","11336396","chr1","19483246","19483499","34","8147102"
"chr1","11339204","11339498","chr1","10612647","10612949","28","726557"
"chr1","11349032","11349333","chr1","10622253","10622559","38","726779"
"chr1","11360157","11360293","chr1","26001514","26001648","12","14641357"
"chr1","11360595","11360808","chr1","10638602","10638813","25","721993"
"chr1","11367696","11367968","chr1","10645403","10645684","28","722293"
"chr1","11369761","11370057","chr1","10647467","10647773","34","722294"
"chr1","11370637","11370948","chr1","10648557","10648866","30","722080"
"chr1","11374205","11374530","chr1","10652045","10652346","42","722160"
"chr1","11380848","11381125","chr3","165557610","165557900","52","154176762"
"chr1","11383189","11383499","chr1","10664029","10664334","35","719160"
"chr1","11401962","11402265","chr4","107595634","107595933","37","96193672"
"chr1","11506321","11506597","chrX","36328048","36328321","36","24821727"
"chr1","11512060","11512371","chr16","66712522","66712835","45","55200462"
"chr1","11528611","11528895","chr1","10812618","10812906","23","715993"
"chr1","11540848","11541141","chr8","137196221","137196512","46","125655373"
"chr1","11574404","11574737","chrX","41172649","41172964","56","29598245"
"chr1","11582948","11583259","chr16","45595072","45595379","38","34012124"
"chr1","11585723","11586016","chr1","10869402","10869697","31","716321"
"chr1","11597139","11597430","chr1","128612759","128613052","37","117015620"
"chr1","11623449","11623554","chrX","63155876","63155980","11","51532427"
"chr1","11630051","11630342","chr10","84017809","84018084","52","72387758"
"chr1","11636024","11636325","chr1","10917741","10918045","31","718283"
"chr1","11638702","11639008","chr7","162123349","162123656","35","150484647"
"chr1","11658751","11659015","chr3","66129419","66129692","40","54470668"
"chr1","11659480","11659782","chr1","10940746","10941041","32","718734"
"chr1","11669263","11669535","chr10","63527143","63527393","64","51857880"
"chr1","11676889","11677118","chr9","98492641","98492868","52","86815752"
"chr1","11679709","11680007","chr1","10961228","10961534","41","718481"
"chr1","11682479","11682777","chr1","10964236","10964525","35","718243"
"chr1","11690413","11690547","chr14","4018104","4018238","17","7672309"
"chr1","11692080","11692360","chr10","12659402","12659674","41","967322"
"chr1","11701122","11701257","chr1","26326278","26326413","12","14625156"
"chr1","11702232","11702541","chr16","24907406","24907708","38","13205174"
"chr1","11711876","11712187","chr12","103022528","103022830","42","91310652"
"chr1","11713622","11713923","chr4","17517205","17517504","37","5803583"
"chr1","11714591","11714883","chr9","13634514","13634810","42","1919923"
"chr1","11724419","11724716","chr11","55122642","55122939","33","43398223"
"chr1","11735260","11735547","chr3","126282662","126282957","41","114547402"
"chr1","11738252","11738533","chr2","91714052","91714333","37","79975800"
"chr1","11742453","11742754","chr1","11025154","11025446","38","717299"
"chr1","11752652","11752928","chr20","65954243","65954531","38","54201591"
"chr1","11757104","11757395","chr20","56789030","56789326","40","45031926"
"chr1","11757875","11758043","chr2","99838378","99838543","24","88080503"
"chr1","11779177","11779472","chr1","11063038","11063335","32","716139"
"chr1","11788939","11789249","chr6","75775282","75775584","40","63986343"
"chr1","11794842","11795152","chr1","153252516","153252827","35","141457674"
"chr1","11805097","11805407","chr1","11092866","11093179","32","712231"
"chr1","11806907","11807207","chr3","36442876","36443174","37","24635969"
"chr1","11868723","11869034","chr1","11154649","11154964","22","714074"
"chr1","11872088","11872307","chr19","30753073","30753294","29","18880985"
"chr1","11873118","11873421","chr9","8036058","8036357","38","3837060"
"chr1","11876519","11876815","chr14","15756054","15756351","33","3879535"
"chr1","11877611","11877905","chr10","30442537","30442830","25","18564926"
"chr1","11884440","11884748","chr1","11189996","11190296","26","694444"
"chr1","11888760","11889070","chr1","11194737","11195033","32","694023"
"chr1","11891124","11891285","chr1","11197053","11197199","24","694071"
"chr1","11891498","11891636","chr1","11197428","11197566","6","694070"
"chr1","11895624","11895927","chr1","213515103","213515414","48","201619479"
"chr1","11901720","11901831","chr1","11209083","11209203","18","692637"
"chr1","11902126","11902331","chr1","11209494","11209698","14","692632"
"chr1","11913613","11913903","chr1","11222447","11222734","27","691166"
"chr1","11915728","11916032","chr1","11224557","11224859","29","691171"
"chr1","11919366","11919659","chr4","163610184","163610481","43","151690818"
"chr1","11921903","11922211","chr16","9816171","9816470","41","2105732"
"chr1","11922410","11922690","chr5","140003061","140003335","35","128080651"
"chr1","11928578","11928885","chr1","11243868","11244174","29","684710"
"chr1","11933720","11934016","chr7","78850005","78850301","41","66916285"
"chr1","11935728","11936046","chr16","70767146","70767454","42","58831418"
"chr1","11939959","11940249","chr1","11257341","11257642","43","682618"
"chr1","11941726","11941910","chrX","23681445","23681631","35","11739719"
"chr1","11941938","11942232","chr17","24632429","24632723","41","12690491"
"chr1","11943885","11944059","chr9","106198599","106198772","35","94254714"
"chr1","11946877","11947123","chr1","11265645","11265891","17","681232"
"chr1","11954520","11954809","chr4","7087810","7088092","47","4866710"
"chr1","11985302","11985436","chr7","52682488","52682622","11","40697186"
"chr1","11988258","11988535","chr18","12307388","12307664","39","319130"
"chr1","12010000","12010303","chrX","95106921","95107224","38","83096921"
"chr1","12011783","12012086","chr1","11337188","11337499","36","674595"
"chr1","12015805","12016109","chr1","151879393","151879697","40","139863588"
"chr1","12045692","12046001","chr1","11372238","11372542","33","673454"
"chr1","12052797","12053108","chr7","81771278","81771588","40","69718481"
"chr1","12058367","12058618","chr15","27910790","27911049","35","15852423"
"chr1","12065449","12065736","chr5","7365971","7366261","36","4699478"
"chr1","12067238","12067534","chr1","11398310","11398609","39","668928"
"chr1","12068081","12068386","chr1","20575921","20576224","39","8507840"
"chr1","12068643","12068924","chr16","10710589","10710878","34","1358054"
"chr1","12095685","12095944","chr2","112111465","112111722","35","100015780"
"chr1","12097063","12097359","chr1","11429949","11430259","35","667114"
"chr1","12098271","12098518","chr14","22066932","22067189","41","9968661"
"chr1","12100823","12101118","chr1","11433844","11434134","31","666979"
"chr1","12140651","12140960","chrX","9240846","9241146","32","2899805"
"chr1","12167166","12167468","chr1","11502035","11502344","30","665131"
"chr1","12175209","12175501","chr1","11510088","11510391","31","665121"
"chr1","12176415","12176713","chr1","11511291","11511591","26","665124"
"chr1","12192368","12192660","chr1","34646580","34646874","41","22454212"
"chr1","12215331","12215493","chr3","130174120","130174282","22","117958789"
"chr1","12217930","12218232","chr1","11550963","11551272","25","666967"
"chr1","12237377","12237513","chr10","88421235","88421372","11","76183858"
"chr1","12237825","12238030","chr20","16586159","16586341","55","4348334"
"chr1","12271413","12271714","chr1","11605860","11606163","32","665553"
"chr1","12286930","12287216","chr6","116810267","116810558","38","104523337"
"chr1","12389838","12390138","chr1","39808407","39808699","42","27418569"
"chr1","12435574","12435870","chr1","11768443","11768734","23","667131"
"chr1","12487270","12487567","chr4","42823211","42823505","38","30335941"
"chr1","12490264","12490465","chr3","39457454","39457654","36","26967190"
"chr1","12496942","12497253","chr1","11829910","11830219","30","667032"
"chr1","12499245","12499549","chr11","48147631","48147935","34","35648386"
"chr1","12511490","12511746","chr1","11844306","11844583","39","667184"
"chr1","12511776","12511789","chr1","56144660","56144672","1","43632884"
"chr1","12524571","12524867","chr10","37937441","37937734","34","25412870"
"chr1","12535049","12535358","chr4","39634856","39635158","35","27099807"
"chr1","12543052","12543361","chr1","11875528","11875836","27","667524"
"chr1","12586351","12586651","chr1","11923561","11923860","32","662790"
"chr1","12679047","12679325","chr4","153518820","153519072","63","140839773"
"chr1","12716327","12716637","chr1","12052707","12053018","22","663620"
"chr1","12727659","12727963","chr3","5426422","5426723","47","7301237"
"chr1","12758951","12759120","chr10","32574729","32574895","39","19815778"
"chr1","12774729","12774836","chr3","170473190","170473299","17","157698461"
"chr1","12775456","12775612","chr7","117719275","117719434","38","104943819"
"chr1","12778989","12779123","chr10","79268040","79268175","14","66489051"
"chr1","12780062","12780379","chr19","6952975","6953291","53","5827087"
"chr1","12785988","12786282","chr13","14714807","14715101","33","1928819"
"chr1","12789272","12789544","chr1","12168709","12168988","40","620563"
"chr1","12798738","12798901","chr6","156060083","156060254","32","143261345"
"chr1","12802911","12803013","chrX","63155876","63155980","15","50352965"
"chr1","12804333","12804427","chr7","49412503","49412597","16","36608170"
"chr1","12809612","12809905","chr4","18466227","18466514","42","5656615"
"chr1","12810447","12810584","chr2","41004651","41004787","19","28194204"
"chr1","12811391","12811571","chrX","38289270","38289452","33","25477879"
"chr1","13530129","13530418","chr19","44781977","44782268","49","31251848"
"chr1","13532277","13532532","chr1","12145916","12146175","31","1386361"
"chr1","13557641","13557939","chr1","12220796","12221078","47","1336845"
"chr1","13568440","13568746","chr11","34015433","34015744","39","20446993"
"chr1","13570164","13570354","chr1","20997684","20997875","37","7427520"
"chr1","13574551","13574736","chr1","9081901","9082091","34","4492650"
"chr1","13575783","13575857","chr15","108353401","108353459","25","94777618"
"chr1","13577372","13577482","chr19","45791252","45791365","30","32213880"
"chr1","13579617","13579873","chr2","187629803","187630055","28","174050186"
"chr1","13579896","13580163","chr5","91591730","91591991","46","78011834"
"chr1","13588739","13588848","chr3","170473190","170473299","12","156884451"
"chr1","13590142","13590310","chr1","20267473","20267639","22","6677331"
"chr1","13592202","13592510","chr6","91735449","91735750","39","78143247"
"chr1","13596282","13596418","chr17","17143345","17143471","27","3547063"
"chr1","13596420","13596561","chr7","125512694","125512834","15","111916274"
"chr1","13598620","13598804","chr7","133114354","133114541","27","119515734"
"chr1","13610690","13610993","chr20","56789030","56789326","38","43178340"
"chr1","13619884","13620178","chr1","12286134","12286433","33","1333750"
"chr1","13626545","13626824","chr4","149272256","149272532","44","135645711"
"chr1","13629384","13629667","chr13","54793309","54793577","52","41163925"
"chr1","13635727","13636036","chr1","12303375","12303675","27","1332352"
"chr1","13644005","13644332","chr1","12312406","12312712","48","1331599"
"chr1","13645435","13645672","chr19","34537638","34537863","60","20892203"
"chr1","13647766","13648077","chr2","89375745","89376052","35","75727979"
"chr1","13650867","13651180","chr16","19359716","19360027","37","5708849"
"chr1","13651972","13652253","chr3","164558229","164558511","33","150906257"
"chr1","13672604","13672885","chr1","12341704","12342004","35","1330900"
"chr1","13680133","13680419","chr1","12348743","12349006","39","1331390"
"chr1","13686934","13687031","chr11","51993301","51993399","8","38306367"
"chr1","13720492","13720794","chr1","12389845","12390131","38","1330647"
"chr1","13742681","13742975","chr1","25789354","25789652","52","12046673"
"chr1","13744317","13744584","chr1","12418023","12418288","27","1326294"
"chr1","13778309","13778603","chr1","142214846","142215140","36","128436537"
"chr1","13792543","13792853","chr1","12467865","12468181","39","1324678"
"chr1","13810429","13810723","chr15","18045606","18045905","32","4235177"
"chr1","13812008","13812317","chr19","14629478","14629787","33","817470"
"chr1","13822966","13823265","chr1","12501282","12501578","35","1321684"
"chr1","13865553","13865835","chrX","48844855","48845147","35","34979302"
"chr1","13906945","13907097","chr2","167410988","167411131","22","153504043"
"chr1","14037839","14038097","chr14","22066932","22067189","29","8029093"
"chr1","14050790","14051075","chr1","12732049","12732337","31","1318741"
"chr1","14079052","14079358","chr1","12759833","12760129","34","1319219"
"chr1","14082998","14083291","chr1","12761899","12762194","29","1321099"
"chr1","14100133","14100431","chr7","18502191","18502489","34","4402058"
"chr1","14153126","14153237","chr6","136905744","136905862","14","122752618"
"chr1","14172901","14173228","chr1","12855097","12855412","38","1317804"
"chr1","14177898","14178186","chr1","200836750","200837033","33","186658852"
"chr1","14178266","14178286","chr2","107265547","107265564","3","93087281"
"chr1","14218491","14218790","chrX","134977768","134978064","34","120759277"
"chr1","14285431","14285713","chr3","22124922","22125205","40","7839491"
"chr1","14305830","14306112","chr1","12991429","12991696","39","1314401"
"chr1","14337175","14337475","chr14","67450355","67450647","46","53113180"
"chr1","14437876","14438184","chr3","24735011","24735315","43","10297135"
"chr1","14472734","14473026","chr7","84112350","84112645","39","69639616"
"chr1","14473831","14474124","chr1","13168553","13168840","27","1305278"
"chr1","14476248","14476544","chr6","140907162","140907461","37","126430914"
"chr1","14479493","14479790","chrX","40673024","40673315","30","26193531"
"chr1","14553104","14553384","chrX","16786018","16786300","42","2232914"
"chr1","14571910","14572210","chr2","187558684","187558980","37","172986774"
"chr1","14583345","14583635","chr1","13272496","13272780","33","1310849"
"chr1","14585488","14585780","chr1","13274447","13274724","34","1311041"
"chr1","14592372","14592678","chr2","57691932","57692233","45","43099560"
"chr1","14659121","14659418","chr19","16979690","16979993","38","2320569"
"chr1","14669063","14669291","chrX","25813318","25813533","49","11144255"
"chr1","14677487","14677782","chr1","13368467","13368754","33","1309020"
"chr1","14728320","14728619","chr18","60777381","60777680","34","46049061"
"chr1","14779121","14779416","chr1","213733726","213734025","35","198954605"
"chr1","14860318","14860619","chr20","65687247","65687551","33","50826929"
"chr1","14876988","14877111","chr8","874222","874344","17","14002766"
"chr1","14916430","14916731","chr14","52157822","52158126","36","37241392"
"chr1","14923813","14924125","chr1","13615570","13615881","26","1308243"
"chr1","14938130","14938439","chr12","117508251","117508556","30","102570121"
"chr1","14946160","14946445","chr1","153740173","153740453","42","138794013"
"chr1","14964482","14964775","chr8","28101256","28101539","54","13136774"
"chr1","14971672","14971795","chr8","6959684","6959805","11","8011988"
"chr1","15002422","15002716","chr1","13693861","13694153","20","1308561"
"chr1","15050712","15051009","chr1","13743786","13744089","32","1306926"
"chr1","15057074","15057389","chr1","13749721","13750025","44","1307353"
"chr1","15059305","15059603","chr3","29566877","29567179","38","14507572"
"chr1","15060064","15060359","chr5","140633926","140634218","36","125573862"
"chr1","15081129","15081442","chr1","13775163","13775472","39","1305966"
"chr1","15083974","15084280","chr1","13778033","13778335","31","1305941"
"chr1","15106881","15107175","chr1","13800681","13800978","26","1306200"
"chr1","15120082","15120392","chr1","13812906","13813220","29","1307176"
"chr1","15138796","15139103","chr1","13830720","13831016","33","1308076"
"chr1","15178459","15178747","chr9","127186328","127186617","41","112007869"
"chr1","15208955","15209269","chr1","13901562","13901864","37","1307393"
"chr1","15223748","15224041","chr3","165332839","165333127","31","150109091"
"chr1","15225163","15225455","chr16","74240002","74240299","43","59014839"
"chr1","15261014","15261305","chr1","13955716","13956005","27","1305298"
"chr1","15264906","15265206","chr19","20676318","20676616","26","5411412"
"chr1","15269480","15269771","chr9","5713218","5713508","34","9556262"
"chr1","15273946","15274254","chr1","13963576","13963887","20","1310370"
"chr1","15295082","15295390","chr8","50115092","50115395","31","34820010"
"chr1","15324768","15325057","chr13","27313335","27313627","47","11988567"
"chr1","15340843","15341116","chr8","142242840","142243113","42","126901997"
"chr1","15380101","15380398","chr1","14076529","14076829","30","1303572"
"chr1","15390087","15390378","chr1","142214846","142215140","38","126824759"
"chr1","15397189","15397481","chr1","14094966","14095263","26","1302223"
"chr1","15410119","15410390","chr7","84519633","84519901","36","69109514"
"chr1","15416874","15417186","chr1","14118617","14118931","19","1298257"
"chr1","15435794","15436103","chr16","69274790","69275094","38","53838996"
"chr1","15472092","15472394","chr1","14175071","14175392","43","1297021"
"chr1","15486529","15486832","chr19","46860523","46860827","31","31373994"
"chr1","15488012","15488311","chr1","14191187","14191478","26","1296825"
"chr1","15489671","15489973","chrX","16119994","16120296","35","630323"
"chr1","15491883","15492022","chr15","9786599","9786734","11","5705284"
"chr1","15492278","15492456","chr11","122457829","122458007","22","106965551"
"chr1","15499554","15499756","chr1","14203347","14203549","18","1296207"
"chr1","15526260","15526437","chr10","30677316","30677490","43","15151056"
"chr1","15529176","15529266","chr1","51192000","51192093","13","35662824"
"chr1","15529287","15529385","chr1","154651566","154651659","17","139122279"
"chr1","15530701","15530834","chr1","221479214","221479348","23","205948513"
"chr1","15563928","15564211","chr10","29944942","29945224","31","14381014"
"chr1","15571050","15571326","chr1","14292172","14292457","24","1278878"
"chr1","15571327","15571487","chr1","89718597","89718758","28","74147270"
"chr1","15581508","15581683","chr16","8306350","8306526","19","7275158"
"chr1","15581970","15582114","chr7","16748615","16748755","19","1166645"
"chr1","15588449","15588744","chr1","14312242","14312538","33","1276207"
"chr1","15590508","15590798","chr1","14333521","14333824","35","1256987"
"chr1","15601775","15602076","chr1","14325085","14325389","29","1276690"
"chr1","15603436","15603734","chr1","14326765","14327065","37","1276671"
"chr1","15607425","15607731","chr1","14331461","14331767","32","1275964"
"chr1","15609501","15609798","chr1","14357076","14357370","29","1252425"
"chr1","15611058","15611279","chr3","40213090","40213310","36","24602032"
"chr1","15622276","15622577","chr1","14371199","14371494","27","1251077"
"chr1","15660399","15660685","chr1","14408063","14408356","33","1252336"
"chr1","15670711","15671005","chr12","107131131","107131428","35","91460420"
"chr1","15672319","15672619","chr1","14420612","14420914","33","1251707"
"chr1","15672663","15672735","chr6","46535476","46535542","22","30862813"
"chr1","15684018","15684263","chr1","14433465","14433711","20","1250553"
"chr1","15684992","15685299","chr2","190634954","190635262","41","174949962"
"chr1","15687326","15687606","chr16","59404673","59404966","44","43717347"
"chr1","15687799","15688068","chr1","14438877","14439164","41","1248922"
"chr1","15703928","15704145","chr6","124382423","124382631","35","108678495"
"chr1","15704199","15704330","chr19","45249393","45249524","11","29545194"
"chr1","15706928","15707227","chr4","17517205","17517504","32","1810277"
"chr1","15710629","15710921","chr1","87274301","87274590","26","71563672"
"chr1","15723450","15723626","chr2","69424628","69424798","29","53701178"
"chr1","15724351","15724661","chr1","14477777","14478086","25","1246574"
"chr1","15731561","15731853","chr3","36442876","36443174","35","20711315"
"chr1","15731886","15732011","chr9","21529707","21529833","9","5797821"
"chr1","15735455","15735592","chr14","12654012","12654148","21","3081443"
"chr1","15736389","15736562","chr5","80521478","80521650","27","64785089"
"chr1","15737837","15738132","chr8","52425612","52425905","38","36687775"
"chr1","15744105","15744257","chr11","110189195","110189346","18","94445090"
"chr1","15763432","15763736","chr20","24730064","24730368","32","8966632"
"chr1","15769518","15769797","chr1","14518605","14518884","27","1250913"
"chr1","15771458","15771743","chr1","50853090","50853377","44","35081632"
"chr1","15783019","15783324","chr14","124293090","124293393","49","108510071"
"chr1","15785318","15785561","chr1","14534701","14534944","21","1250617"
"chr1","15786334","15786547","chr5","27524472","27524687","30","11738138"
"chr1","15789059","15789358","chr1","220883377","220883674","54","205094318"
"chr1","15812932","15813026","chr1","27257765","27257856","15","11444833"
"chr1","15815807","15815912","chr15","102734940","102735037","19","86919133"
"chr1","15833012","15833322","chr2","101348065","101348376","40","85515053"
"chr1","15844304","15844610","chr7","26853365","26853670","48","11009061"
"chr1","15846047","15846214","chr20","3048277","3048442","19","12797770"
"chr1","15856742","15857050","chr1","14607063","14607368","42","1249679"
"chr1","15871837","15872149","chr1","14623179","14623489","22","1248658"
"chr1","15884244","15884553","chr4","48619545","48619851","32","32735301"
"chr1","15886715","15886993","chr1","14638737","14639015","21","1247978"
"chr1","15893905","15894208","chr14","15756054","15756351","31","137851"
"chr1","15903330","15903639","chr10","47473969","47474274","36","31570639"
"chr1","15910445","15910584","chr12","2753063","2753206","32","13157382"
"chr1","15911869","15912169","chr16","1511202","1511503","34","14400667"
"chr1","15920321","15920613","chr9","114478189","114478482","30","98557868"
"chr1","15928409","15928730","chr16","56526638","56526950","42","40598229"
"chr1","15930860","15931156","chr1","14683609","14683910","27","1247251"
"chr1","15939825","15940114","chr4","87891219","87891517","46","71951394"
"chr1","15941301","15941572","chr10","7712297","7712544","76","8229004"
"chr1","15942072","15942242","chr1","164648998","164649168","27","148706926"
"chr1","15942765","15942889","chr14","56935844","56935965","17","40993079"
"chr1","15943556","15943857","chr1","140166438","140166735","44","124222882"
"chr1","15948234","15948373","chr5","86872464","86872603","19","70924230"
"chr1","15950220","15950492","chr1","14706137","14706403","29","1244083"
"chr1","15954745","15955049","chr1","14711251","14711554","31","1243494"
"chr1","15955610","15955779","chr13","25668157","25668326","28","9712547"
"chr1","15956551","15956711","chr16","13074697","13074856","28","2881854"
"chr1","15957721","15957781","chr20","53084552","53084603","14","37126831"
"chr1","15958004","15958299","chr1","14714260","14714558","36","1243744"
"chr1","15958346","15958650","chr18","33694065","33694371","34","17735719"
"chr1","15958652","15958786","chr1","14716197","14716331","9","1242455"
"chr1","15958866","15958903","chr5","66679911","66679938","15","50721045"
"chr1","15962073","15962244","chr16","21706599","21706769","28","5744526"
"chr1","15974129","15974224","chr4","163608312","163608410","16","147634183"
"chr1","15974909","15975045","chr1","14758245","14758381","5","1216664"
"chr1","15975378","15975644","chrX","126749515","126749781","38","110774137"
"chr1","15977561","15977857","chr1","200028486","200028781","37","184050925"
"chr1","15996996","15997286","chr14","80785559","80785851","41","64788563"
"chr1","15997356","15997660","chr16","1511202","1511503","43","14486154"
"chr1","16004048","16004341","chr1","14797863","14798157","21","1206185"
"chr1","16011282","16011610","chr7","49471680","49471987","63","33460398"
"chr1","16027829","16028125","chr18","20505848","20506142","38","4478019"
"chr1","16028330","16028637","chr1","14821539","14821837","27","1206791"
"chr1","16029339","16029499","chr10","79681748","79681907","18","63652409"
"chr1","16029802","16029938","chr1","14822999","14823135","8","1206803"
"chr1","16030672","16030983","chr1","14823856","14824166","32","1206816"
"chr1","16031965","16032270","chr3","55556828","55557129","42","39524863"
"chr1","16044065","16044373","chr7","54800820","54801122","35","38756755"
"chr1","16053422","16053720","chr1","41691570","41691860","34","25638148"
"chr1","16058500","16058756","chrX","118023418","118023670","46","101964918"
"chr1","16114723","16115034","chr18","389933","390244","36","15724790"
"chr1","16117301","16117605","chr16","8952218","8952519","39","7165083"
"chr1","16132726","16133032","chr16","49561590","49561896","32","33428864"
"chr1","16168896","16169006","chr1","123145127","123145241","14","106976231"
"chr1","16169586","16169897","chr9","61954675","61954986","45","45785089"
"chr1","16171759","16172061","chr1","14971522","14971830","28","1200237"
"chr1","16205999","16206187","chrX","23681445","23681631","24","7475446"
"chr1","16206613","16206757","chr4","158835451","158835593","20","142628838"
"chr1","16209918","16210222","chr1","15011226","15011525","24","1198692"
"chr1","16212293","16212614","chr16","41071621","41071940","52","24859328"
"chr1","16216062","16216274","chr6","178976144","178976355","27","162760082"
"chr1","16217873","16218133","chr1","139650554","139650817","30","123432681"
"chr1","16226943","16227236","chr1","15029951","15030253","32","1196992"
"chr1","16229778","16230074","chr16","10710589","10710878","40","5519189"
"chr1","16232104","16232386","chr1","15036075","15036356","24","1196029"
"chr1","16295226","16295374","chr2","188378796","188378944","24","172083570"
"chr1","16295375","16295679","chr3","48992148","48992443","39","32696773"
"chr1","16315805","16316084","chr1","15114047","15114333","30","1201758"
"chr1","16321851","16322158","chr1","15120057","15120359","37","1201794"
"chr1","16325090","16325403","chrX","39918091","39918400","36","23593001"
"chr1","16353399","16353699","chr1","15152135","15152446","33","1201264"
"chr1","16356427","16356733","chr8","131966023","131966329","37","115609596"
"chr1","16388673","16388976","chr1","15187673","15187965","35","1201000"
"chr1","16400434","16400753","chr3","64066404","64066716","45","47665970"
"chr1","16404305","16404559","chr1","41861410","41861660","53","25457105"
"chr1","16418655","16418937","chr1","15216039","15216324","22","1202616"
"chr1","16423620","16423928","chr6","171252837","171253139","32","154829217"
"chr1","16425151","16425451","chr1","15222834","15223141","39","1202317"
"chr1","16432521","16432812","chrX","46755159","46755454","30","30322638"
"chr1","16434734","16435027","chr1","15233193","15233476","32","1201541"
"chr1","16444792","16445091","chr1","15242700","15243011","31","1202092"
"chr1","16445336","16445472","chr1","15243255","15243391","11","1202081"
"chr1","16445473","16445749","chr8","3628123","3628404","43","12817350"
"chr1","16445778","16445968","chr1","15243680","15243861","25","1202098"
"chr1","16446478","16446772","chr1","15244354","15244646","30","1202124"
"chr1","16448688","16448895","chr19","34537638","34537863","49","18088950"
"chr1","16453833","16454106","chr1","15250728","15251001","23","1203105"
"chr1","16472672","16472829","chr15","1911266","1911429","31","14561406"
"chr1","16482810","16483105","chr1","213733726","213734025","36","197250916"
"chr1","16484275","16484589","chr20","21068534","21068830","62","4584259"
"chr1","16487113","16487425","chr15","10255190","10255503","40","6231923"
"chr1","16487713","16487993","chr9","110633099","110633381","37","94145386"
"chr1","16488776","16488968","chr10","71390186","71390372","31","54901410"
"chr1","16494567","16494853","chr2","202930199","202930485","31","186435632"
"chr1","16503776","16504073","chr1","15293044","15293336","30","1210732"
"chr1","16505768","16506040","chr1","15295049","15295323","30","1210719"
"chr1","16507192","16507487","chr1","15296458","15296736","45","1210734"
"chr1","16531513","16531810","chr1","15332611","15332909","24","1198902"
"chr1","16532524","16532739","chr9","13639312","13639522","38","2893212"
"chr1","16533408","16533580","chr10","38461164","38461337","30","21927756"
"chr1","16537709","16538012","chr1","15339243","15339545","26","1198466"
"chr1","16539764","16540051","chr1","15340989","15341294","39","1198775"
"chr1","16546492","16546766","chr1","15346351","15346635","38","1200141"
"chr1","16547583","16547876","chr1","15347451","15347750","34","1200132"
"chr1","16562960","16563249","chr10","72762845","72763134","34","56199885"
"chr1","16568003","16568312","chr1","15367802","15368113","23","1200201"
"chr1","16574942","16575243","chr1","15374781","15375083","27","1200161"
"chr1","16582498","16582791","chr1","15382600","15382893","19","1199898"
"chr1","16585312","16585613","chrX","23558557","23558868","42","6973245"
"chr1","16605621","16605921","chr3","75746452","75746751","28","59140831"
"chr1","16610265","16610471","chr2","204638025","204638229","34","188027760"
"chr1","16613640","16613923","chr1","15630179","15630478","38","983461"
"chr1","16615292","16615568","chrX","23310561","23310832","45","6695269"
"chr1","16616461","16616717","chr5","176566225","176566486","48","159949764"
"chr1","16620305","16620494","chr4","53864886","53865067","35","37244581"
"chr1","16620717","16620750","chr7","128710441","128710476","10","112089724"
"chr1","16620783","16620931","chr6","136114005","136114151","19","119493222"
"chr1","16899815","16899964","chr1","100916716","100916855","34","84016901"
"chr1","16921805","16921975","chr9","28310079","28310249","23","11388274"
"chr1","16925479","16925773","chr1","15615906","15616199","24","1309573"
"chr1","16933708","16934010","chr1","15623386","15623679","33","1310322"
"chr1","16938710","16938991","chr1","15630179","15630478","36","1308531"
"chr1","16942927","16943143","chr13","94935954","94936168","30","77993027"
"chr1","16964312","16964408","chr1","212121416","212121513","22","195157104"
"chr1","16965916","16965957","chr7","95880883","95880923","9","78914967"
"chr1","16985771","16986074","chr1","15681218","15681514","22","1304553"
"chr1","16989336","16989583","chr9","97896588","97896848","44","80907252"
"chr1","16991032","16991327","chr1","15686682","15686987","34","1304350"
"chr1","16992956","16993247","chr1","15689559","15689854","26","1303397"
"chr1","16994248","16994548","chr9","8036058","8036357","36","8958190"
"chr1","16995652","16995930","chr1","15692095","15692393","41","1303557"
"chr1","16999819","17000000","chr12","115674238","115674427","27","98674419"
"chr1","17006100","17006405","chr17","24746185","24746489","40","7740085"
"chr1","17007139","17007426","chr5","140263343","140263635","46","123256204"
"chr1","17041551","17041847","chr3","55556828","55557129","44","38515277"
"chr1","17044470","17044773","chr10","61542529","61542829","38","44498059"
"chr1","17047562","17047841","chr1","15743413","15743700","35","1304149"
"chr1","17083182","17083468","chr1","15778865","15779153","21","1304317"
"chr1","17107549","17107846","chr1","146319644","146319941","35","129212095"
"chr1","17128875","17129171","chr3","164535092","164535388","28","147406217"
"chr1","17141822","17142090","chr10","28302353","28302618","45","11160531"
"chr1","17189580","17189879","chr5","169145976","169146273","40","151956396"
"chr1","17198363","17198666","chr1","15894668","15894971","27","1303695"
"chr1","17210134","17210431","chr1","15906313","15906612","26","1303821"
"chr1","17227057","17227182","chr1","221900948","221901068","21","204673891"
"chr1","17235289","17235548","chr2","109462574","109462832","42","92227285"
"chr1","17269262","17269573","chr1","15965073","15965384","23","1304189"
"chr1","17287818","17287950","chr1","162948066","162948191","24","145660248"
"chr1","17288571","17288609","chr1","142219534","142219575","7","124930963"
"chr1","17300224","17300522","chr18","20505848","20506142","42","3205624"
"chr1","17302881","17303187","chrX","568154","568456","40","16734727"
"chr1","17304792","17304895","chr15","26979561","26979654","20","9674769"
"chr1","17313910","17314010","chr7","67982985","67983085","16","50669075"
"chr1","17314031","17314081","chr7","35313473","35313525","9","17999442"
"chr1","17319108","17319415","chrX","52560249","52560544","46","35241141"
"chr1","17328183","17328473","chr1","16032446","16032730","24","1295737"
"chr1","17329374","17329671","chrX","46755159","46755454","61","29425785"
"chr1","17339537","17339833","chr1","16043882","16044188","33","1295655"
"chr1","17351494","17351803","chr1","16056444","16056762","33","1295050"
"chr1","17357397","17357676","chr13","75157859","75158148","38","57800462"
"chr1","17360093","17360390","chr1","46180984","46181279","37","28820891"
"chr1","17364626","17364918","chr1","16070994","16071290","23","1293632"
"chr1","17367697","17367996","chr1","16074209","16074505","31","1293488"
"chr1","17370822","17371128","chr1","16077963","16078273","39","1292859"
"chr1","17382119","17382305","chr7","20223071","20223252","32","2840952"
"chr1","17385773","17386004","chr15","49239183","49239418","46","31853410"
"chr1","17391870","17392082","chr16","44901254","44901459","28","27509384"
"chr1","17392979","17393278","chr16","5625017","5625313","33","11767962"
"chr1","17396943","17397248","chr5","184066657","184066960","42","166669714"
"chr1","17397846","17398140","chr1","16105363","16105658","27","1292483"
"chr1","17407251","17407536","chr1","50853090","50853377","52","33445839"
"chr1","17413963","17414239","chr15","81709226","81709498","41","64295263"
"chr1","17416881","17417184","chr9","88223848","88224153","38","70806967"
"chr1","17433854","17434074","chr20","74468616","74468850","45","57034762"
"chr1","17454658","17454958","chr1","16163717","16164014","31","1290941"
"chr1","17459091","17459287","chr1","186839979","186840175","23","169380888"
"chr1","17460039","17460334","chr1","16169097","16169394","22","1290942"
"chr1","17460624","17460915","chr1","140148617","140148908","36","122687993"
"chr1","17463916","17464217","chr1","16172898","16173195","30","1291018"
"chr1","17468782","17468938","chrX","855241","855400","20","16613541"
"chr1","17469339","17469652","chr1","16177936","16178252","37","1291403"
"chr1","17470515","17470809","chr1","16179118","16179414","22","1291397"
"chr1","17478509","17478705","chr11","2904691","2904882","29","14573818"
"chr1","17482077","17482384","chr1","16192926","16193231","26","1289151"
"chr1","17487307","17487587","chr2","172673831","172674101","52","155186524"
"chr1","17493231","17493507","chr1","16207886","16208158","33","1285345"
"chr1","17498998","17499266","chr1","16219135","16219417","30","1279863"
"chr1","17505147","17505421","chr8","88056762","88057034","40","70551615"
"chr1","17511845","17512009","chr15","68478451","68478621","27","50966606"
"chr1","17516592","17516948","chr16","66827758","66828135","70","49311166"
"chr1","17519855","17520176","chr1","16242271","16242582","44","1277584"
"chr1","17524830","17525132","chr13","27011987","27012277","51","9487157"
"chr1","17533396","17533694","chr5","184066657","184066960","37","166533261"
"chr1","17535201","17535496","chr20","33916602","33916903","30","16381401"
"chr1","17543791","17543891","chr17","11926089","11926190","11","5617702"
"chr1","17543901","17544010","chr20","26381288","26381399","17","8837387"
"chr1","17555002","17555289","chr1","16280237","16280530","34","1274765"
"chr1","17578965","17579250","chr5","7365971","7366261","36","10212994"
"chr1","17596705","17596874","chr1","16322927","16323096","9","1273778"
"chr1","17599002","17599298","chr1","16324819","16325101","39","1274183"
"chr1","17621024","17621323","chr1","16347293","16347600","27","1273731"
"chr1","17627886","17628188","chr3","177521885","177522197","42","159893999"
"chr1","17633166","17633479","chr2","189732428","189732738","43","172099262"
"chr1","17641571","17641884","chr1","16367417","16367727","33","1274154"
"chr1","17661072","17661353","chr16","71953675","71953957","33","54292603"
"chr1","17677488","17677667","chr6","35351850","35352031","19","17674362"
"chr1","17695243","17695554","chr16","39659210","39659522","34","21963967"
"chr1","17703083","17703387","chr1","16429661","16429960","28","1273422"
"chr1","17735553","17735858","chr1","16460358","16460652","35","1275195"
"chr1","17748279","17748577","chr1","16473224","16473532","32","1275055"
"chr1","17778460","17778748","chr4","111896065","111896357","37","94117605"
"chr1","17813273","17813641","chr18","39328793","39329151","79","21515520"
"chr1","17818332","17818641","chr3","42447575","42447885","32","24629243"
"chr1","17822292","17822583","chr9","88377292","88377585","35","70555000"
"chr1","17881888","17882185","chr1","16607293","16607596","30","1274595"
"chr1","17884434","17884741","chr7","163609529","163609835","42","145725095"
"chr1","17892147","17892446","chr7","116887581","116887882","36","98995434"
"chr1","17957473","17957781","chr5","138916506","138916814","36","120959033"
"chr1","18082559","18082856","chr1","16828250","16828534","32","1254309"
"chr1","18130688","18130967","chr2","45884113","45884393","36","27753425"
"chr1","18181780","18182073","chr1","16925275","16925557","36","1256505"
"chr1","18190184","18190497","chr7","80060557","80060869","43","61870373"
"chr1","18354446","18354752","chr1","17098859","17099160","28","1255587"
"chr1","18431326","18431620","chr1","17178484","17178790","36","1252842"
"chr1","18446390","18446680","chr1","123659247","123659540","41","105212857"
"chr1","18477683","18477968","chr1","17226074","17226360","25","1251609"
"chr1","18484380","18484662","chr1","34582723","34583007","41","16098343"
"chr1","18488286","18488538","chr1","19483246","19483499","38","994960"
"chr1","18503775","18504043","chr4","39369091","39369385","53","20865316"
"chr1","18506241","18506541","chr1","17256508","17256805","31","1249733"
"chr1","18548946","18549250","chr1","17303507","17303810","44","1245439"
"chr1","18560974","18561280","chr1","17315621","17315924","30","1245353"
"chr1","18598152","18598461","chr5","182742242","182742551","37","164144090"
"chr1","18604620","18604728","chr1","17359099","17359207","8","1245521"
"chr1","18604941","18605148","chr3","40154321","40154521","41","21549380"
"chr1","18606015","18606323","chr1","17360829","17361150","42","1245186"
"chr1","18629165","18629466","chr1","17385171","17385474","26","1243994"
"chr1","18631617","18631917","chr3","21904631","21904931","34","3273014"
"chr1","18671160","18671471","chr3","155182176","155182485","47","136511016"
"chr1","18681130","18681429","chr1","17437670","17437967","40","1243460"
"chr1","18695389","18695700","chr1","17451802","17452113","33","1243587"
"chr1","18697127","18697452","chr1","17453535","17453850","37","1243592"
"chr1","18867788","18868107","chr1","17627804","17628113","38","1239984"
"chr1","18871328","18871626","chr16","75181563","75181863","36","56310235"
"chr1","18949357","18949533","chr7","165092908","165093077","25","146143551"
"chr1","18977471","18977761","chr16","10710589","10710878","35","8266882"
"chr1","18982280","18982325","chr1","17743339","17743392","8","1238941"
"chr1","18982877","18983168","chr1","17743944","17744240","20","1238933"
"chr1","19001177","19001465","chr1","17767568","17767853","27","1233609"
"chr1","19005603","19005914","chr1","17771991","17772302","40","1233612"
"chr1","19024914","19025212","chr1","17791863","17792178","34","1233051"
"chr1","19029537","19029761","chr16","9675962","9676190","37","9353575"
"chr1","19037336","19037610","chr1","17804542","17804819","41","1232794"
"chr1","19048230","19048530","chr1","17815534","17815841","35","1232696"
"chr1","19054304","19054465","chr13","43952281","43952438","40","24897977"
"chr1","19177226","19177520","chr1","17955691","17955978","35","1221535"
"chr1","19177900","19178190","chr7","63746033","63746325","31","44568133"
"chr1","19185604","19185866","chr10","78347227","78347483","41","59161623"
"chr1","19207388","19207636","chr1","17987438","17987689","28","1219950"
"chr1","19208535","19208771","chr9","95706321","95706558","39","76497786"
"chr1","19212610","19212915","chr1","17992832","17993133","20","1219778"
"chr1","19220077","19220255","chr14","8030966","8031146","24","11189111"
"chr1","19220263","19220572","chr1","18000798","18001108","27","1219465"
"chr1","19237116","19237358","chr1","14534701","14534944","32","4702415"
"chr1","19252911","19253199","chr3","113334907","113335198","40","94081996"
"chr1","19255100","19255164","chr10","86868851","86868915","11","67613751"
"chr1","19255697","19255852","chr10","59907389","59907536","24","40651692"
"chr1","19273725","19274017","chr1","18043851","18044151","36","1229874"
"chr1","19276553","19276757","chr1","18046674","18046875","24","1229879"
"chr1","19277054","19277133","chr19","18604084","18604162","11","672970"
"chr1","19282231","19282543","chr1","18053218","18053531","42","1229013"
"chr1","19286726","19287036","chr1","18056363","18056666","31","1230363"
"chr1","19288917","19289222","chr1","18060745","18061050","32","1228172"
"chr1","19295820","19296122","chr1","36905300","36905598","42","17609480"
"chr1","19306289","19306587","chr14","15756054","15756351","32","3550235"
"chr1","19315030","19315341","chr1","18091965","18092276","21","1223065"
"chr1","19325159","19325300","chr7","16748615","16748755","16","2576544"
"chr1","19326211","19326503","chr11","47525504","47525800","41","28199293"
"chr1","19398841","19399146","chr1","18178737","18179050","28","1220104"
"chr1","19448198","19448395","chr11","2904691","2904882","28","16543507"
"chr1","19451528","19451747","chr1","18233174","18233379","25","1218354"
"chr1","19457552","19457861","chr9","13813355","13813666","38","5644197"
"chr1","19493458","19493758","chr1","10234104","10234413","46","9259354"
"chr1","19498031","19498324","chr1","18278217","18278509","26","1219814"
"chr1","19506484","19506783","chr1","18285828","18286137","34","1220656"
"chr1","19522871","19523168","chr1","18304703","18304999","25","1218168"
"chr1","19524836","19525140","chr1","18306348","18306657","35","1218488"
"chr1","19530121","19530431","chrX","66383160","66383473","47","46853039"
"chr1","19539192","19539377","chr8","22222411","22222599","28","2683219"
"chr1","19539434","19539676","chr12","94870837","94871079","38","75331403"
"chr1","19550160","19550296","chr16","25765147","25765276","25","6214987"
"chr1","19553437","19553734","chr10","73807038","73807338","38","54253601"
"chr1","19560607","19560902","chr1","18335559","18335863","32","1225048"
"chr1","19561502","19561523","chr15","15787743","15787765","2","3773759"
"chr1","19561583","19561868","chr17","29335507","29335791","34","9773924"
"chr1","19578687","19578984","chr1","18354281","18354595","33","1224406"
"chr1","19585838","19586126","chrX","147704041","147704334","36","128118203"
"chr1","19593089","19593404","chrX","23558557","23558868","33","3965468"
"chr1","19605189","19605497","chr1","18388286","18388599","26","1216903"
"chr1","19609077","19609231","chr1","74610219","74610377","28","55001142"
"chr1","19611173","19611441","chr18","12303035","12303304","41","7308138"
"chr1","19614641","19614943","chr1","18398774","18399076","32","1215867"
"chr1","19622727","19623035","chr9","58551560","58551867","34","38928833"
"chr1","19633502","19633824","chr1","166151496","166151788","60","146517994"
"chr1","19636498","19636792","chr5","51540643","51540938","42","31904145"
"chr1","19637252","19637529","chr1","18422107","18422385","30","1215145"
"chr1","19667447","19667609","chr1","88107984","88108143","15","68440537"
"chr1","19684604","19684919","chr6","81388384","81388693","44","61703780"
"chr1","19698732","19699041","chr15","10099117","10099418","34","9599615"
"chr1","19701402","19701704","chr1","113316039","113316346","39","93614637"
"chr1","19714045","19714181","chr1","221479214","221479348","17","201765169"
"chr1","19727829","19728138","chr1","207581322","207581630","37","187853493"
"chr1","19772735","19773042","chr1","18559139","18559450","34","1213596"
"chr1","19778048","19778372","chr2","56893700","56894034","48","37115652"
"chr1","19799986","19800281","chrX","48676443","48676743","35","28876457"
"chr1","19802677","19802955","chr20","42521603","42521892","63","22718926"
"chr1","19809232","19809545","chr2","203095842","203096145","39","183286610"
"chr1","19817465","19817755","chr16","18242235","18242525","41","1575230"
"chr1","19823112","19823425","chrX","44836707","44837017","36","25013595"
"chr1","19826823","19827124","chr5","8289100","8289402","35","11537723"
"chr1","19829630","19829930","chr7","153274536","153274834","34","133444906"
"chr1","19843623","19843929","chr11","126937281","126937583","46","107093658"
"chr1","19855058","19855360","chr1","18635657","18635955","34","1219401"
"chr1","19868629","19868922","chr1","18649730","18650024","21","1218899"
"chr1","19871811","19872121","chr1","18652930","18653243","37","1218881"
"chr1","19877241","19877567","chr3","42398472","42398786","58","22521231"
"chr1","19879470","19879597","chr1","7373118","7373239","24","12506352"
"chr1","20055460","20055731","chr1","18844467","18844744","24","1210993"
"chr1","20058170","20058480","chr1","18847190","18847499","30","1210980"
"chr1","20134173","20134472","chr7","36934995","36935295","36","16800822"
"chr1","20205915","20206223","chr3","155881861","155882170","40","135675946"
"chr1","20228942","20229242","chr1","19022544","19022830","37","1206398"
"chr1","20253761","20254091","chr12","65951597","65951896","71","45697836"
"chr1","20264896","20265200","chr1","19057907","19058213","26","1206989"
"chr1","20336923","20337234","chr1","130996291","130996602","37","110659368"
"chr1","20379857","20380155","chr17","28857264","28857563","26","8477407"
"chr1","20430596","20430901","chr1","19225664","19225959","43","1204932"
"chr1","20433573","20433854","chr4","7556667","7556946","47","12876906"
"chr1","20503838","20504133","chr1","19302856","19303163","33","1200982"
"chr1","20507432","20507575","chr16","7994900","7995042","16","12512532"
"chr1","20513199","20513501","chr7","5537918","5538212","37","14975281"
"chr1","20524086","20524396","chr1","19326143","19326454","31","1197943"
"chr1","20529047","20529163","chr2","94297725","94297837","15","73768678"
"chr1","20529228","20529413","chr8","126054004","126054184","26","105524776"
"chr1","20532905","20533188","chr14","70287490","70287771","42","49754585"
"chr1","20539723","20540011","chr4","7405019","7405304","36","13134704"
"chr1","20545299","20545600","chr1","19347170","19347468","24","1198129"
"chr1","20562069","20562378","chr1","19366133","19366445","27","1195936"
"chr1","20563056","20563353","chrX","46755159","46755454","31","26192103"
"chr1","20570926","20571094","chr19","3064186","3064354","21","17506740"
"chr1","20576769","20577083","chr1","38164151","38164461","50","17587382"
"chr1","20618274","20618579","chr1","19432459","19432761","26","1185815"
"chr1","20642648","20642984","chr11","126369473","126369807","64","105726825"
"chr1","20649725","20650018","chr3","40608125","40608417","36","19958400"
"chr1","20669348","20669615","chr1","188964406","188964667","32","168295058"
"chr1","20672443","20672741","chr1","19485941","19486239","22","1186502"
"chr1","20674867","20675015","chr1","161409822","161409970","32","140734955"
"chr1","20681410","20681708","chr1","19496292","19496586","19","1185118"
"chr1","20699852","20700150","chr1","19515441","19515740","23","1184411"
"chr1","20733427","20733723","chr1","19549174","19549474","24","1184253"
"chr1","20737362","20737644","chr1","27854506","27854794","32","7117144"
"chr1","20745474","20745762","chr1","19562156","19562443","30","1183318"
"chr1","20745790","20746078","chr9","127619426","127619714","42","106873636"
"chr1","20750186","20750484","chr11","126937281","126937583","48","106187095"
"chr1","20761247","20761562","chr1","19578289","19578596","36","1182958"
"chr1","20773376","20773678","chr1","19590844","19591148","15","1182532"
"chr1","20776223","20776522","chr1","19593687","19593984","25","1182536"
"chr1","20777607","20777908","chr2","68987510","68987817","34","48209903"
"chr1","20783581","20783894","chr2","107524460","107524764","62","86740879"
"chr1","20784566","20784861","chr1","19602347","19602637","26","1182219"
"chr1","20788703","20788905","chr1","19606842","19607044","15","1181861"
"chr1","20788906","20789067","chr1","54165162","54165317","30","33376256"
"chr1","20792507","20792806","chr1","19610957","19611255","34","1181550"
"chr1","20797169","20797333","chr19","16091386","16091542","32","4705783"
"chr1","20798039","20798350","chr5","152636074","152636386","42","131838035"
"chr1","20801855","20802015","chr2","148106559","148106712","32","127304704"
"chr1","20865620","20865940","chr4","102859737","102860039","47","81994117"
"chr1","20870740","20871059","chr5","51540643","51540938","55","30669903"
"chr1","20916695","20916997","chr1","19730496","19730798","36","1186199"
"chr1","20930151","20930445","chr1","19743244","19743537","36","1186907"
"chr1","20931989","20932296","chr1","19745131","19745430","35","1186858"
"chr1","20960666","20960976","chr12","120734096","120734401","48","99773430"
"chr1","20969234","20969369","chr1","5751178","5751314","20","15218056"
"chr1","20983179","20983486","chr15","42266168","42266476","48","21282989"
"chr1","21001561","21001855","chr12","81710970","81711266","40","60709409"
"chr1","21009866","21010188","chr1","192188964","192189271","50","171179098"
"chr1","21014721","21015030","chr1","19828846","19829151","30","1185875"
"chr1","21020347","21020497","chr11","33723808","33723943","44","12703461"
"chr1","21052026","21052314","chr8","101621639","101621927","33","80569613"
"chr1","21077374","21077645","chr1","19895850","19896124","27","1181524"
"chr1","21090220","21090355","chr15","9786599","9786734","8","11303621"
"chr1","21091622","21091916","chr1","114960347","114960641","35","93868725"
"chr1","21093210","21093512","chr1","19910676","19910990","40","1182534"
"chr1","21096676","21096975","chr1","19914453","19914756","22","1182223"
"chr1","21098343","21098641","chr2","111123439","111123734","40","90025096"
"chr1","21098642","21098775","chr5","100874529","100874663","11","79775887"
"chr1","21109376","21109675","chr10","31766090","31766389","30","10656714"
"chr1","21121666","21121975","chr1","19940875","19941185","30","1180791"
"chr1","21139675","21139975","chr9","95615479","95615776","35","74475804"
"chr1","21142543","21142857","chr1","19962325","19962637","25","1180218"
"chr1","21147605","21147685","chr1","25829614","25829692","24","4682009"
"chr1","21152479","21152789","chr1","19976629","19976945","35","1175850"
"chr1","21155774","21155872","chr11","118095677","118095770","17","96939903"
"chr1","21157552","21157824","chr10","12659402","12659674","41","8498150"
"chr1","21161784","21161978","chr11","2904691","2904882","29","18257093"
"chr1","21161985","21162286","chr1","213733726","213734025","45","192571741"
"chr1","21194186","21194500","chr1","225485315","225485623","42","204291129"
"chr1","21197974","21198255","chr10","12659402","12659674","34","8538572"
"chr1","21205564","21205847","chr7","97847497","97847781","40","76641933"
"chr1","21211492","21211788","chr5","93179263","93179563","27","71967771"
"chr1","21223833","21224136","chr1","20058777","20059076","21","1165056"
"chr1","21229786","21229966","chr2","51361305","51361475","29","30131519"
"chr1","21231193","21231492","chr1","20066745","20067051","57","1164448"
"chr1","21238842","21239040","chr19","52484636","52484847","32","31245794"
"chr1","21239061","21239194","chr10","31067832","31067967","14","9828771"
"chr1","21240349","21240652","chr1","20076719","20077024","30","1163630"
"chr1","21242148","21242458","chr1","20078507","20078813","26","1163641"
"chr1","21265446","21265780","chr1","20102586","20102933","54","1162860"
"chr1","21274334","21274436","chr1","62231025","62231129","14","40956691"
"chr1","21275732","21276043","chr1","20113106","20113413","23","1162626"
"chr1","21302641","21302950","chr1","20143420","20143723","34","1159221"
"chr1","21305434","21305717","chr1","20146185","20146473","35","1159249"
"chr1","21348485","21348786","chr1","20197332","20197640","31","1151153"
"chr1","21354158","21354456","chr1","20203386","20203685","30","1150772"
"chr1","21360842","21361042","chr12","78258009","78258208","24","56897167"
"chr1","21375618","21375911","chr1","20233462","20233761","34","1142156"
"chr1","21377806","21378115","chr1","20236388","20236688","32","1141418"
"chr1","21577022","21577335","chr9","13813355","13813666","42","7763667"
"chr1","21578057","21578369","chr16","50372626","50372936","34","28794569"
"chr1","21578861","21579163","chr1","15630179","15630478","27","5948682"
"chr1","21653009","21653310","chr17","23804184","23804485","31","2151175"
"chr1","21664737","21665047","chr1","20277647","20277951","36","1387090"
"chr1","21674053","21674330","chr1","20287592","20287881","35","1386461"
"chr1","21684766","21685064","chr4","115004439","115004741","37","93319673"
"chr1","21717949","21718249","chr1","20331873","20332174","27","1386076"
"chr1","21720101","21720405","chr1","20334052","20334358","21","1386049"
"chr1","21724727","21725030","chr1","20339469","20339778","24","1385258"
"chr1","21731477","21731790","chr1","22484670","22484981","37","753193"
"chr1","21744008","21744268","chr1","20358355","20358605","28","1385653"
"chr1","21796144","21796449","chr3","38684532","38684827","47","16888388"
"chr1","21813380","21813677","chr1","20434031","20434330","36","1379349"
"chr1","21838723","21839008","chr1","20458670","20458955","43","1380053"
"chr1","21844287","21844416","chr10","66401425","66401556","13","44557138"
"chr1","21847140","21847427","chr1","20467059","20467341","28","1380081"
"chr1","21867408","21867704","chr1","20487910","20488218","35","1379498"
"chr1","21885455","21885657","chr2","204638025","204638229","47","182752570"
"chr1","21886221","21886518","chr14","66206956","66207253","42","44320735"
"chr1","21886554","21886840","chr1","20506612","20506899","19","1379942"
"chr1","21896899","21897212","chr1","20515313","20515629","32","1381586"
"chr1","21921301","21921472","chr20","56880408","56880557","48","34959107"
"chr1","21926070","21926370","chr7","9696105","9696408","35","12229965"
"chr1","21926431","21926594","chr3","127342735","127342890","27","105416304"
"chr1","21948514","21948819","chr5","61994763","61995066","29","40046249"
"chr1","21956683","21956990","chr12","57850151","57850455","32","35893468"
"chr1","21959611","21959879","chr1","128863286","128863562","47","106903675"
"chr1","21961176","21961471","chr2","149130119","149130416","32","127168943"
"chr1","21962416","21962564","chr3","40638454","40638604","30","18676038"
"chr1","21963491","21963794","chr4","107825792","107826098","38","85862301"
"chr1","21965839","21966149","chr1","92493616","92493925","43","70527777"
"chr1","21966475","21966619","chr16","2387826","2387969","20","19578649"
"chr1","21967469","21967728","chr7","55705195","55705456","29","33737726"
"chr1","21971593","21971890","chr7","136620200","136620498","36","114648607"
"chr1","21983016","21983318","chr2","96943765","96944067","40","74960749"
"chr1","21983928","21983945","chr11","6657880","6657894","6","15326048"
"chr1","21997102","21997279","chr9","106198599","106198772","31","84201497"
"chr1","21997581","21997676","chr1","20628345","20628440","6","1369236"
"chr1","22003692","22003989","chr1","20634185","20634483","25","1369507"
"chr1","22019265","22019568","chr1","20649469","20649769","29","1369796"
"chr1","22033872","22034184","chr1","20663952","20664265","23","1369920"
"chr1","22072835","22073140","chr1","192230178","192230486","34","170157343"
"chr1","22075222","22075518","chr1","20706831","20707108","39","1368391"
"chr1","22083500","22083820","chr1","20715029","20715339","38","1368471"
"chr1","22127176","22127438","chr15","64841885","64842149","34","42714709"
"chr1","22131117","22131361","chr1","20764786","20765029","16","1366331"
"chr1","22132925","22133169","chr1","20764786","20765029","15","1368139"
"chr1","22136413","22136578","chrX","855241","855400","23","21281172"
"chr1","22142807","22142997","chr12","9405776","9405970","29","12737031"
"chr1","22152256","22152536","chr1","20782760","20783040","19","1369496"
"chr1","22154684","22154928","chr13","108196849","108197098","37","86042165"
"chr1","22157614","22157919","chr1","20789113","20789416","28","1368501"
"chr1","22162618","22162923","chr6","73393768","73394067","46","51231150"
"chr1","22165382","22165498","chr20","54454239","54454355","13","32288857"
"chr1","22169493","22169629","chr9","32244461","32244597","21","10074968"
"chr1","22169856","22170001","chr11","49360274","49360419","25","27190418"
"chr1","22177093","22177307","chr1","20811773","20811986","20","1365320"
"chr1","22177702","22177896","chr16","69040026","69040213","33","46862324"
"chr1","22196344","22196645","chr12","57850151","57850455","32","35653807"
"chr1","22196862","22197160","chr3","55556828","55557129","35","33359966"
"chr1","22203250","22203574","chr1","20838806","20839099","61","1364444"
"chr1","22208878","22209187","chr1","20844970","20845285","37","1363908"
"chr1","22218751","22219047","chr1","20855154","20855456","26","1363597"
"chr1","22220366","22220673","chr1","20856806","20857109","34","1363560"
"chr1","22221282","22221543","chr1","20857715","20857976","22","1363567"
"chr1","22232344","22232619","chr11","127835212","127835491","44","105602868"
"chr1","22283307","22283602","chr1","20921878","20922179","34","1361429"
"chr1","22315770","22315901","chr10","66401425","66401556","11","44085655"
"chr1","22318229","22318515","chr1","20957600","20957883","22","1360629"
"chr1","22336383","22336698","chr1","4731654","4731965","44","17604729"
"chr1","22348798","22349110","chr1","20985554","20985865","30","1363244"
"chr1","22354323","22354626","chr1","20991098","20991402","28","1363225"
"chr1","22360742","22360863","chr1","20997496","20997616","13","1363246"
"chr1","22360906","22361097","chr1","20997684","20997875","25","1363222"
"chr1","22373703","22373876","chr7","51593052","51593225","26","29219349"
"chr1","22432860","22433164","chr1","21070774","21071093","41","1362086"
"chr1","22505767","22506017","chr18","49342336","49342583","53","26836569"
"chr1","22547882","22548185","chr7","166273659","166273960","35","143725777"
"chr1","22552359","22552584","chr20","260294","260520","32","22292065"
"chr1","22559071","22559381","chrX","95381843","95382153","39","72822772"
"chr1","22570372","22570669","chr1","21208371","21208680","38","1362001"
"chr1","22574443","22574755","chr1","21212281","21212593","29","1362162"
"chr1","22628222","22628510","chr20","14099379","14099663","35","8528843"
"chr1","22666765","22667065","chr1","21306448","21306754","37","1360317"
"chr1","22667128","22667435","chr1","21306816","21307118","46","1360312"
"chr1","22707011","22707301","chrX","24506223","24506512","35","1799212"
"chr1","22727678","22727809","chr1","21366713","21366849","11","1360965"
"chr1","22755012","22755337","chr1","21394618","21394926","37","1360394"
"chr1","22758013","22758127","chr4","54111508","54111622","13","31353495"
"chr1","22767034","22767332","chr20","8006906","8007198","34","14760128"
"chr1","22810049","22810328","chr1","21449892","21450184","42","1360157"
"chr1","22817094","22817383","chr3","165332839","165333127","32","142515745"
"chr1","22820260","22820446","chr7","133114354","133114541","33","110294094"
"chr1","22826528","22826612","chr7","130361831","130361915","10","107535303"
"chr1","22826871","22827111","chr4","16011068","16011288","45","6815803"
"chr1","22867842","22868139","chr1","21506885","21507184","28","1360957"
"chr1","22941326","22941628","chr1","21580160","21580469","30","1361166"
"chr1","22992162","22992330","chr5","80521478","80521650","23","57529316"
"chr1","23014609","23014894","chr1","21654648","21654941","31","1359961"
"chr1","23044124","23044426","chr6","137966291","137966590","40","114922167"
"chr1","23062556","23062853","chr1","21703139","21703436","29","1359417"
"chr1","23066669","23066816","chr1","19595674","19595822","28","3470995"
"chr1","23083878","23083945","chr15","100271367","100271434","9","77187489"
"chr1","23089173","23089472","chr1","125339756","125340057","34","102250583"
"chr1","23094724","23095036","chr7","113559810","113560113","45","90465086"
"chr1","23108057","23108361","chr1","21745153","21745451","28","1362904"
"chr1","23113983","23114289","chr17","15267191","15267500","49","7846792"
"chr1","23120471","23120632","chr8","38416396","38416555","29","15295925"
"chr1","23142706","23142997","chr1","9406018","9406301","46","13736688"
"chr1","23149442","23149603","chr1","21779699","21779859","12","1369743"
"chr1","23166818","23167119","chr1","21796602","21796899","22","1370216"
"chr1","23223726","23223881","chr1","161035354","161035507","24","137811628"
"chr1","23241665","23241969","chr1","21872347","21872651","32","1369318"
"chr1","23245054","23245226","chr20","16117973","16118144","16","7127081"
"chr1","23296865","23297087","chr4","34413991","34414221","42","11117126"
"chr1","23300480","23300772","chr10","30442537","30442830","32","7142057"
"chr1","23310577","23310887","chrX","100821754","100822066","29","77511177"
"chr1","23316870","23317161","chr2","55091145","55091440","40","31774275"
"chr1","23317603","23317888","chr1","21907055","21907347","26","1410548"
"chr1","23378777","23379077","chr1","21970490","21970797","37","1408287"
"chr1","23382044","23382331","chr4","44011324","44011605","45","20629280"
"chr1","23386984","23387282","chr14","7643073","7643368","37","15743911"
"chr1","23388326","23388626","chr5","146760243","146760541","38","123371917"
"chr1","23400684","23400984","chr1","21993799","21994110","24","1406885"
"chr1","23407322","23407621","chr1","22000707","22001003","34","1406615"
"chr1","23412026","23412327","chr17","60945880","60946176","38","37533854"
"chr1","23413264","23413359","chrX","66033010","66033091","21","42619746"
"chr1","23414365","23414498","chr1","22008660","22008794","6","1405705"
"chr1","23417045","23417357","chr4","57099833","57100137","38","33682788"
"chr1","23434189","23434480","chr7","52333209","52333502","39","28899020"
"chr1","23452087","23452365","chrX","148237929","148238207","33","124785842"
"chr1","23453784","23454108","chr1","22048345","22048635","51","1405439"
"chr1","23479999","23480284","chr16","59117412","59117702","43","35637413"
"chr1","23481485","23481780","chr1","22085016","22085306","26","1396469"
"chr1","23482104","23482319","chr13","94935954","94936168","35","71453850"
"chr1","23503792","23504087","chr1","22107598","22107894","25","1396194"
"chr1","23514945","23515230","chr8","43015864","43016155","39","19500919"
"chr1","23517228","23517360","chr3","40768859","40768991","22","17251631"
"chr1","23530480","23530765","chr9","13914266","13914557","50","9616214"
"chr1","23532225","23532395","chr1","92775022","92775189","27","69242797"
"chr1","23535452","23535600","chr18","12393198","12393350","21","11142254"
"chr1","23539016","23539319","chr1","22146341","22146639","30","1392675"
"chr1","23563859","23564105","chr1","16028635","16028909","56","7535224"
"chr1","23564359","23564666","chr14","7697860","7698167","35","15866499"
"chr1","23565969","23566148","chr1","128904529","128904699","23","105338560"
"chr1","23566442","23566574","chr11","122217949","122218082","11","98651507"
"chr1","23568930","23569092","chr19","16334651","16334811","21","7234279"
"chr1","23569613","23569926","chr1","22177011","22177339","29","1392602"
"chr1","23577758","23578064","chr1","22189055","22189354","27","1388703"
"chr1","23587628","23587923","chr5","51540643","51540938","32","27953015"
"chr1","23593049","23593348","chr14","15756054","15756351","34","7836995"
"chr1","23596345","23596632","chr1","27274999","27275288","34","3678654"
"chr1","23610165","23610468","chr2","108498003","108498307","32","84887838"
"chr1","23636820","23637117","chr1","22248088","22248376","28","1388732"
"chr1","23643388","23643710","chr3","103389823","103390139","50","79746435"
"chr1","23644815","23645094","chr1","22256071","22256353","30","1388744"
"chr1","23656165","23656315","chr11","96514845","96514993","18","72858680"
"chr1","23660502","23660791","chr2","148030798","148031086","40","124370296"
"chr1","23664390","23664577","chrX","23681445","23681631","18","17055"
"chr1","23671445","23671731","chr9","24650454","24650735","41","979009"
"chr1","23680649","23680718","chr16","24935048","24935121","7","1254399"
"chr1","23680726","23681031","chr11","49833986","49834291","54","26153260"
"chr1","23690745","23691042","chr1","22306092","22306389","26","1384653"
"chr1","23699892","23700187","chr11","123577084","123577376","34","99877192"
"chr1","23719332","23719628","chr19","20676318","20676616","36","3043014"
"chr1","23719632","23719748","chr20","59740348","59740471","18","36020716"
"chr1","23728872","23729150","chr3","44808659","44808936","44","21079787"
"chr1","23743050","23743181","chr5","100874529","100874663","16","77131479"
"chr1","23743484","23743643","chr20","68909877","68910038","25","45166393"
"chr1","23762456","23762699","chr9","93172956","93173205","43","69410500"
"chr1","23766635","23766947","chr4","111096695","111097001","33","87330060"
"chr1","23777952","23778242","chr11","111767780","111768072","36","87989828"
"chr1","23781729","23782028","chr8","94510144","94510444","31","70728415"
"chr1","23783322","23783620","chr15","102740273","102740571","32","78956951"
"chr1","23796435","23796614","chr9","28310079","28310249","25","4513644"
"chr1","23800118","23800412","chr15","104467696","104467995","36","80667578"
"chr1","23801594","23801715","chr3","55292012","55292132","23","31490418"
"chr1","23808930","23809227","chr13","11438541","11438838","33","12370389"
"chr1","23828640","23828739","chr8","100519553","100519654","11","76690913"
"chr1","23830594","23830895","chr1","22448875","22449174","31","1381719"
"chr1","23831976","23832071","chr1","217601615","217601698","23","193769639"
"chr1","23832107","23832232","chr13","87428402","87428520","28","63596295"
"chr1","23841238","23841533","chr1","22460314","22460608","27","1380924"
"chr1","23853346","23853646","chrX","130555559","130555852","36","106702213"
"chr1","23853679","23853987","chr1","22472466","22472778","29","1381213"
"chr1","23897615","23897893","chr6","148052747","148053028","37","124155132"
"chr1","23906233","23906526","chr1","22524841","22525141","30","1381392"
"chr1","23906730","23906961","chr19","7788887","7789121","24","16117843"
"chr1","23909963","23910267","chr1","22529556","22529861","26","1380407"
"chr1","23914200","23914497","chr1","22533368","22533676","48","1380832"
"chr1","23914929","23915210","chr6","175025449","175025731","29","151110520"
"chr1","23930119","23930320","chr1","160857236","160857398","61","136927117"
"chr1","23941600","23941912","chr1","22559116","22559407","36","1382484"
"chr1","23956983","23957289","chr1","22574470","22574774","26","1382513"
"chr1","23961070","23961366","chr1","22580287","22580590","28","1380783"
"chr1","23973075","23973366","chr1","22591664","22591954","15","1381411"
"chr1","23979048","23979347","chr3","166005666","166005965","31","142026618"
"chr1","23988571","23988873","chr1","22607630","22607927","30","1380941"
"chr1","23989136","23989441","chr1","140333783","140334059","61","116344647"
"chr1","23994183","23994469","chr2","172226786","172227081","40","148232603"
"chr1","24013329","24013638","chr14","18780037","18780345","36","5233292"
"chr1","24028844","24029065","chr6","146980272","146980487","45","122951428"
"chr1","24044916","24045215","chr16","45626590","45626894","30","21581674"
"chr1","24051696","24051975","chrX","16786018","16786300","34","7265678"
"chr1","24053575","24053785","chr8","6961245","6961455","28","17092330"
"chr1","24054551","24054749","chr3","39457454","39457654","27","15402903"
"chr1","24060326","24060636","chr1","22683826","22684126","33","1376500"
"chr1","24071364","24071659","chr1","22696468","22696779","39","1374896"
"chr1","24075450","24075641","chr12","115674238","115674427","20","91598788"
"chr1","24084066","24084376","chr1","22710347","22710659","30","1373719"
"chr1","24089373","24089681","chrX","65873269","65873570","40","41783896"
"chr1","24098185","24098488","chr7","70776625","70776927","43","46678440"
"chr1","24099143","24099452","chr1","22728029","22728338","24","1371114"
"chr1","24104683","24104972","chr1","22733032","22733331","33","1371651"
"chr1","24106017","24106312","chr3","123672863","123673158","34","99566846"
"chr1","24114627","24114901","chr20","41055128","41055405","37","16940501"
"chr1","24128946","24129259","chr1","22756413","22756726","27","1372533"
"chr1","24132359","24132677","chr15","85396569","85396880","43","61264210"
"chr1","24159129","24159450","chr1","22778599","22778907","43","1380530"
"chr1","24173676","24173967","chr3","125669969","125670258","33","101496293"
"chr1","24177983","24178277","chr1","22798728","22799023","34","1379255"
"chr1","24181123","24181284","chrX","117720504","117720665","30","93539381"
"chr1","24186369","24186674","chr5","37259892","37260194","39","13073523"
"chr1","24190612","24190902","chr12","66521956","66522247","28","42331344"
"chr1","24192147","24192412","chr7","62877099","62877366","35","38684952"
"chr1","24201272","24201557","chr6","52702438","52702723","30","28501166"
"chr1","24203821","24204112","chr1","22841890","22842188","36","1361931"
"chr1","24208955","24209236","chr4","95827628","95827912","47","71618673"
"chr1","24210411","24210714","chr4","41467596","41467901","40","17257185"
"chr1","24211389","24211690","chr7","139304731","139305027","34","115093342"
"chr1","24218376","24218675","chr14","15756054","15756351","32","8462322"
"chr1","24226328","24226433","chr10","44888468","44888572","11","20662140"
"chr1","24229824","24229933","chr10","66072208","66072319","14","41842384"
"chr1","24250744","24251056","chr1","22893626","22893937","29","1357118"
"chr1","24258915","24259209","chr1","22902177","22902476","39","1356738"
"chr1","24287755","24288052","chr1","22933524","22933821","28","1354231"
"chr1","24303620","24303914","chr1","22949770","22950065","34","1353850"
"chr1","24351356","24351658","chr1","22994668","22994977","26","1356688"
"chr1","24361022","24361333","chr1","23004421","23004729","25","1356601"
"chr1","24362930","24363221","chr2","56875730","56876016","40","32512800"
"chr1","24364712","24365015","chr7","113559810","113560113","32","89195098"
"chr1","24365718","24366028","chr1","23009324","23009635","26","1356394"
"chr1","24369041","24369336","chr1","23012536","23012820","30","1356505"
"chr1","24375512","24375805","chr1","23019060","23019370","40","1356452"
"chr1","24378363","24378675","chr14","112053419","112053725","36","87675056"
"chr1","24416139","24416445","chr1","23055703","23056007","25","1360436"
"chr1","24425383","24425677","chrX","52560249","52560544","30","28134866"
"chr1","24431095","24431288","chr2","56203940","56204152","42","31772845"
"chr1","24439382","24439683","chr1","23078131","23078438","30","1361251"
"chr1","24558801","24559097","chrX","46755159","46755454","35","22196358"
"chr1","24573229","24573513","chr7","166206679","166206967","44","141633450"
"chr1","24609285","24609525","chr1","23249203","23249457","35","1360082"
"chr1","24635821","24636099","chr1","23275320","23275588","39","1360501"
"chr1","24645898","24645966","chr16","9454049","9454116","4","15191849"
"chr1","24662073","24662373","chr1","23299785","23300089","29","1362288"
"chr1","24662687","24662983","chr2","192826509","192826803","32","168163822"
"chr1","24666390","24666657","chr1","133293601","133293868","33","108627211"
"chr1","24690563","24690907","chr17","529267","529598","76","24161296"
"chr1","24696125","24696403","chr4","15811524","15811803","49","8884601"
"chr1","24697422","24697719","chr1","23335592","23335889","26","1361830"
"chr1","24704519","24704821","chr7","18502191","18502489","30","6202328"
"chr1","24706884","24707152","chr1","23341888","23342162","23","1364996"
"chr1","24715132","24715443","chr1","23357335","23357641","19","1357797"
"chr1","24725056","24725346","chr1","23367907","23368207","36","1357149"
"chr1","24735450","24735730","chr6","47441609","47441877","40","22706159"
"chr1","24743162","24743460","chr3","123607450","123607753","32","98864288"
"chr1","24758343","24758661","chr10","79029268","79029589","46","54270925"
"chr1","24764922","24765224","chr9","32720694","32720995","31","7955772"
"chr1","24778952","24779242","chrX","52560249","52560544","46","27781297"
"chr1","24780309","24780627","chr1","48614168","48614484","45","23833859"
"chr1","24795284","24795568","chrX","134927165","134927447","39","110131881"
"chr1","24806157","24806447","chr4","44696544","44696837","37","19890387"
"chr1","24836649","24836815","chr11","112074426","112074593","20","87237777"
"chr1","24842429","24842740","chr1","121781833","121782137","42","96939404"
"chr1","24853092","24853249","chr7","73300246","73300402","32","48447154"
"chr1","24854264","24854399","chr11","63259700","63259833","16","38405436"
"chr1","24860828","24861109","chr1","23510083","23510380","42","1350745"
"chr1","24863488","24863792","chr1","23513928","23514228","22","1349560"
"chr1","24865572","24865873","chr7","165267923","165268219","33","140402351"
"chr1","24870902","24871036","chr7","55937012","55937147","13","31066110"
"chr1","24874247","24874344","chr1","23524271","23524363","9","1349976"
"chr1","24875956","24876083","chr1","23525204","23525331","6","1350752"
"chr1","24889030","24889194","chr1","135766000","135766159","32","110876970"
"chr1","24894124","24894417","chr1","23543591","23543882","31","1350533"
"chr1","24901490","24901794","chr3","156392699","156393002","42","131491209"
"chr1","24905921","24906223","chr9","14885273","14885568","47","10020648"
"chr1","24909966","24910102","chr1","23557946","23558081","10","1352020"
"chr1","24910103","24910406","chr2","95270105","95270405","35","70360002"
"chr1","24910407","24910577","chr19","666223","666388","27","24244184"
"chr1","24921422","24921713","chr1","23568888","23569190","32","1352534"
"chr1","24936500","24936794","chr1","23584296","23584588","29","1352204"
"chr1","24941276","24941566","chr6","140129906","140130200","43","115188630"
"chr1","24951303","24951621","chr1","23600204","23600523","34","1351099"
"chr1","24952139","24952442","chr1","23601369","23601662","38","1350770"
"chr1","24960404","24960705","chr10","80657022","80657321","41","55696618"
"chr1","24966795","24967095","chr14","5623089","5623387","35","19343706"
"chr1","24967621","24967927","chr1","23617628","23617929","34","1349993"
"chr1","24986331","24986606","chr1","166222501","166222787","44","141236170"
"chr1","25008020","25008325","chr1","23658105","23658418","25","1349915"
"chr1","25019287","25019413","chr20","15201421","15201555","17","9817866"
"chr1","25037698","25037998","chr1","23688204","23688500","41","1349494"
"chr1","25038762","25039060","chr1","23689242","23689547","28","1349520"
"chr1","25050845","25051153","chr1","23698696","23699007","27","1352149"
"chr1","25068210","25068510","chr3","36442876","36443174","32","11374666"
"chr1","25250431","25250759","chr16","71903920","71904246","57","46653489"
"chr1","25275380","25275674","chr1","23920915","23921215","27","1354465"
"chr1","25286170","25286461","chr1","23931500","23931790","24","1354670"
"chr1","25287474","25287767","chr1","23932805","23933106","26","1354669"
"chr1","25296536","25296708","chr7","126282615","126282791","28","100986079"
"chr1","25298006","25298310","chr1","23943203","23943508","23","1354803"
"chr1","25298900","25299188","chr1","50853090","50853377","35","25554190"
"chr1","25299678","25299905","chr1","23944897","23945126","16","1354781"
"chr1","25322358","25322663","chr7","121549006","121549314","32","96226648"
"chr1","25355360","25355670","chr6","114354678","114354988","35","88999318"
"chr1","25363688","25364006","chr1","22330364","22330673","51","3033324"
"chr1","25378870","25379170","chr1","24031505","24031801","23","1347365"
"chr1","25380142","25380315","chr2","93510737","93510915","26","68130595"
"chr1","25388361","25388656","chr1","24041608","24041909","33","1346753"
"chr1","25389056","25389358","chrX","144246404","144246709","34","118857348"
"chr1","25394345","25394644","chr1","24048750","24049057","36","1345595"
"chr1","25398485","25398776","chr16","18242235","18242525","38","7156250"
"chr1","25403769","25404066","chrX","134977768","134978064","30","109573999"
"chr1","25414203","25414493","chr14","71239913","71240206","40","45825710"
"chr1","25424282","25424579","chrX","12865763","12866065","40","12558519"
"chr1","25426979","25427061","chr8","2867575","2867648","26","22559404"
"chr1","25765154","25765441","chr1","24185722","24186016","30","1579432"
"chr1","25767100","25767394","chr1","24187683","24187980","28","1579417"
"chr1","25778710","25779017","chr1","24199283","24199598","33","1579427"
"chr1","25789349","25789636","chr13","92379163","92379449","33","66589814"
"chr1","25818905","25819199","chr1","24239674","24239985","30","1579231"
"chr1","25822507","25822816","chr11","8088814","8089119","29","17733693"
"chr1","25849050","25849174","chr7","48491017","48491143","20","22641967"
"chr1","25869174","25869468","chr16","48001050","48001345","34","22131876"
"chr1","25881657","25881968","chr16","10767144","10767454","37","15114513"
"chr1","25918486","25918779","chr1","24345807","24346101","29","1572679"
"chr1","25925399","25925679","chr1","24354282","24354562","27","1571117"
"chr1","25939475","25939769","chr1","24370282","24370586","29","1569193"
"chr1","25955569","25955843","chr2","154924741","154925019","44","128969172"
"chr1","25961527","25961842","chr1","24391862","24392168","38","1569665"
"chr1","26020931","26021227","chr1","24450913","24451220","38","1570018"
"chr1","26047831","26048132","chr4","16703953","16704258","33","9343878"
"chr1","26079695","26079838","chr17","19996556","19996695","11","6083139"
"chr1","26090644","26090870","chr19","15477130","15477367","35","10613514"
"chr1","26102951","26103242","chr1","24567710","24568008","28","1535241"
"chr1","26111893","26112177","chr1","24577273","24577549","38","1534620"
"chr1","26119010","26119308","chr3","55556828","55557129","38","29437818"
"chr1","26129812","26130106","chr3","97417840","97418120","51","71288028"
"chr1","26143241","26143541","chr1","10949914","10950208","33","15193327"
"chr1","26153146","26153439","chr18","649638","649935","44","25503508"
"chr1","26154308","26154585","chr1","77864742","77865015","50","51710434"
"chr1","26177687","26177887","chr19","10370828","10371033","36","15806859"
"chr1","26179904","26180209","chr1","24650557","24650851","41","1529347"
"chr1","26182353","26182444","chr3","82641699","82641796","20","56459346"
"chr1","26182696","26182865","chr14","66716666","66716829","30","40533970"
"chr1","26186636","26186917","chr1","24657345","24657613","38","1529291"
"chr1","26206398","26206666","chr1","24678950","24679214","20","1527448"
"chr1","26271293","26271587","chr1","24744097","24744389","36","1527196"
"chr1","26284304","26284606","chr1","24756922","24757225","19","1527382"
"chr1","26326560","26326829","chr1","24804030","24804292","46","1522530"
"chr1","26330952","26331238","chr20","65954243","65954531","34","39623291"
"chr1","26333127","26333430","chr1","24811196","24811491","29","1521931"
"chr1","26364913","26365210","chr8","71401820","71402114","29","45036907"
"chr1","26388539","26388674","chr1","128570937","128571072","15","102182398"
"chr1","26388675","26388981","chr7","68708818","68709123","42","42320143"
"chr1","26394050","26394354","chr17","4492643","4492945","36","21901407"
"chr1","26410429","26410738","chr1","24891822","24892123","30","1518607"
"chr1","26420512","26420818","chr1","24898797","24899090","31","1521715"
"chr1","26424824","26425127","chr12","118461467","118461769","46","92036643"
"chr1","26431217","26431524","chr13","74777853","74778158","35","48346636"
"chr1","26434167","26434485","chr1","24914555","24914855","42","1519612"
"chr1","26466483","26466646","chrX","557444","557611","27","25909039"
"chr1","26468465","26468767","chr1","24949334","24949638","30","1519131"
"chr1","26474817","26475117","chr1","24954937","24955224","51","1519880"
"chr1","26477942","26478245","chr1","24958303","24958609","31","1519639"
"chr1","26488522","26488834","chr1","97853233","97853535","34","71364711"
"chr1","26495596","26495896","chr1","24977150","24977456","34","1518446"
"chr1","26543942","26544232","chr20","8006906","8007198","40","18537036"
"chr1","26552732","26553043","chr1","3081963","3082273","34","23470769"
"chr1","26555401","26555707","chr3","178949621","178949924","39","152394220"
"chr1","26567906","26568205","chr1","25046501","25046798","18","1521405"
"chr1","26569160","26569456","chr1","25047753","25048057","37","1521407"
"chr1","26574966","26575254","chr1","25053351","25053648","41","1521615"
"chr1","26577466","26577769","chr1","25055738","25056032","31","1521728"
"chr1","26633306","26633378","chr1","22614119","22614189","7","4019187"
"chr1","26634415","26634595","chr9","113115379","113115554","31","86480964"
"chr1","26638235","26638346","chr16","48230882","48230994","25","21592647"
"chr1","26639183","26639375","chr17","94621224","94621425","28","67982041"
"chr1","26639962","26640160","chr19","867991","868186","25","25771971"
"chr1","26641563","26641857","chr1","25125511","25125802","37","1516052"
"chr1","26654618","26654933","chr7","40063489","40063797","35","13408871"
"chr1","26656406","26656541","chr12","121124958","121125092","8","94468552"
"chr1","26656843","26656973","chr6","116856044","116856179","30","90199201"
"chr1","26659773","26660070","chrX","9240846","9241146","30","17418927"
"chr1","26671585","26671873","chr1","25157477","25157770","22","1514108"
"chr1","26695697","26696007","chr1","25183227","25183522","36","1512470"
"chr1","26710032","26710247","chr13","61550125","61550336","27","34840093"
"chr1","26723106","26723448","chr1","25216776","25217107","64","1506330"
"chr1","26729962","26730228","chr16","48893966","48894231","33","22164004"
"chr1","26751379","26751515","chr1","34264663","34264792","33","7513284"
"chr1","26762072","26762366","chr1","25254855","25255147","23","1507217"
"chr1","26769446","26769631","chr1","25987435","25987643","45","782011"
"chr1","26773970","26774109","chr1","221479214","221479348","23","194705244"
"chr1","26777649","26777939","chr16","10710589","10710878","32","16067060"
"chr1","26784128","26784429","chr1","25282140","25282440","21","1501988"
"chr1","26791732","26792024","chrX","8591299","8591598","37","18200433"
"chr1","26798068","26798214","chr2","106996875","106997028","35","80198807"
"chr1","26821242","26821428","chrX","38289270","38289452","29","11468028"
"chr1","26833036","26833105","chr1","10386764","10386833","6","16446272"
"chr1","26834940","26835091","chr15","89149263","89149414","24","62314323"
"chr1","26844177","26844232","chr13","39071279","39071338","12","12227102"
"chr1","26852175","26852289","chr16","61904829","61904945","10","35052654"
"chr1","26859494","26859795","chr4","107825792","107826098","39","80966298"
"chr1","26861935","26862233","chrX","52560249","52560544","32","25698314"
"chr1","26883705","26883938","chr6","100119122","100119352","32","73235417"
"chr1","26888722","26888850","chr20","54454239","54454355","19","27565517"
"chr1","26891806","26892110","chr7","166273659","166273960","33","139381853"
"chr1","26911126","26911186","chr8","51862362","51862427","10","24951236"
"chr1","26911666","26911767","chr17","11926089","11926190","10","14985577"
"chr1","26913357","26913656","chr4","24988139","24988435","39","1925218"
"chr1","26914282","26914565","chr6","130689193","130689479","34","103774911"
"chr1","26914920","26915216","chr1","212323534","212323829","40","185408614"
"chr1","26924227","26924526","chr6","161400948","161401240","48","134476721"
"chr1","26924576","26924677","chr2","51286276","51286376","9","24361700"
"chr1","26932353","26932651","chr4","37744527","37744834","38","10812174"
"chr1","26933345","26933639","chr6","140129906","140130200","46","113196561"
"chr1","26933654","26933786","chr5","3251194","3251329","12","23682460"
"chr1","26936388","26936694","chr1","25442293","25442599","32","1494095"
"chr1","26941434","26941721","chr1","25448752","25449049","35","1492682"
"chr1","26953897","26954122","chr19","48976393","48976612","38","22022496"
"chr1","26973157","26973465","chr15","104333343","104333649","43","77360186"
"chr1","26979883","26980200","chr16","60538229","60538539","45","33558346"
"chr1","26985741","26986036","chr1","25495790","25496087","28","1489951"
"chr1","26987831","26988000","chr14","10619607","10619777","24","16368224"
"chr1","26988840","26988993","chr11","110189195","110189346","24","83200355"
"chr1","26990329","26990636","chr1","25501966","25502256","44","1488363"
"chr1","26992568","26992864","chr1","25504104","25504393","36","1488464"
"chr1","26993982","26994240","chr1","25505746","25506009","16","1488236"
"chr1","27003816","27004094","chr15","78126491","78126779","48","51122675"
"chr1","27004116","27004235","chrX","59859494","59859610","16","32855378"
"chr1","27004456","27004587","chr14","124285957","124286090","17","97281501"
"chr1","27006346","27006625","chr9","66605929","66606205","36","39599583"
"chr1","27007423","27007565","chr1","25519320","25519465","18","1488103"
"chr1","27007566","27007661","chr1","25519466","25519561","11","1488100"
"chr1","27029621","27029830","chr8","64758477","64758689","28","37728856"
"chr1","27031985","27032232","chr6","146609282","146609530","33","119577297"
"chr1","27038759","27039061","chr1","25550932","25551240","30","1487827"
"chr1","27041791","27041934","chr7","16748615","16748755","13","10293176"
"chr1","27044092","27044390","chr1","25556158","25556466","34","1487934"
"chr1","27077999","27078306","chr1","7385558","7385856","37","19692441"
"chr1","27078798","27078931","chr16","24839455","24839591","23","2239343"
"chr1","27132192","27132328","chr10","18525365","18525502","17","8606827"
"chr1","27133546","27133727","chr2","123387451","123387629","21","96253905"
"chr1","27156803","27157100","chr14","5623089","5623387","32","21533714"
"chr1","27161494","27161799","chr11","126937281","126937583","36","99775787"
"chr1","27167917","27168214","chr19","13989351","13989646","37","13178566"
"chr1","27179752","27179938","chrX","38289270","38289452","28","11109518"
"chr1","27185779","27186020","chr20","54070107","54070341","36","26884328"
"chr1","27197289","27197577","chr1","25713745","25714030","25","1483544"
"chr1","27221176","27221474","chr5","39784506","39784802","32","12563330"
"chr1","27224732","27224865","chr10","86840248","86840381","18","59615516"
"chr1","27225169","27225329","chr10","80812589","80812749","27","53587420"
"chr1","27227849","27228147","chr1","25746264","25746564","22","1481585"
"chr1","27235795","27236093","chr16","67738400","67738702","46","40502605"
"chr1","27236097","27236207","chr14","88795810","88795919","14","61559713"
"chr1","27249352","27249474","chr9","97550947","97551073","12","70301595"
"chr1","27254212","27254361","chr1","128570937","128571072","24","101316725"
"chr1","27256735","27257014","chr2","188819988","188820257","68","161563253"
"chr1","27262336","27262599","chr3","153534168","153534425","40","126271832"
"chr1","27264125","27264420","chr1","25780722","25781024","29","1483403"
"chr1","27282850","27283161","chr15","39378476","39378791","45","12095626"
"chr1","27284514","27284815","chr1","25805838","25806138","21","1478676"
"chr1","27290721","27290915","chr7","133114354","133114541","32","105823633"
"chr1","27292894","27293189","chr10","27113051","27113346","31","179843"
"chr1","27296043","27296394","chr19","13140445","13140758","97","14155598"
"chr1","27301820","27302007","chr7","125488868","125489055","31","98187048"
"chr1","27303041","27303350","chr9","54400872","54401187","38","27097831"
"chr1","27306693","27306826","chr1","25829944","25830080","9","1476749"
"chr1","27308536","27308846","chr1","25832094","25832391","35","1476442"
"chr1","27317758","27317997","chrX","41379966","41380203","40","14062208"
"chr1","27338223","27338524","chr1","25863252","25863553","24","1474971"
"chr1","27353171","27353267","chr16","76016094","76016185","27","48662923"
"chr1","27363588","27363879","chr2","182277641","182277932","36","154914053"
"chr1","27367655","27367948","chr1","41691570","41691860","31","14323915"
"chr1","27370514","27370660","chr1","49885004","49885147","23","22514490"
"chr1","27379598","27379854","chrX","113227375","113227627","34","85847777"
"chr1","27386140","27386449","chr12","87974630","87974939","38","60588490"
"chr1","27389907","27390196","chr1","25917650","25917947","31","1472257"
"chr1","27392686","27392861","chr20","59426524","59426698","25","32033838"
"chr1","27400679","27400966","chr4","88410610","88410912","42","61009931"
"chr1","27413940","27414232","chr1","52875145","52875442","27","25461205"
"chr1","27430552","27430780","chr15","1189218","1189446","26","26241334"
"chr1","27443523","27443670","chr6","147844813","147844957","19","120401290"
"chr1","27443695","27443859","chrX","557444","557611","26","26886251"
"chr1","27451381","27451540","chr11","121428149","121428299","33","93976768"
"chr1","27454369","27454675","chr1","25989210","25989506","41","1465159"
"chr1","27464371","27464579","chr16","46571531","46571744","28","19107160"
"chr1","27466490","27466613","chr5","2364839","2364958","17","25101651"
"chr1","27467215","27467399","chr1","26002247","26002415","28","1464968"
"chr1","27478431","27478721","chr20","56831413","56831703","32","29352982"
"chr1","27485810","27486124","chr6","56887960","56888273","42","29402150"
"chr1","27490773","27491042","chr1","26028686","26028959","30","1462087"
"chr1","27496427","27496722","chr1","26031875","26032185","40","1464552"
"chr1","27507696","27507989","chr19","8402919","8403211","46","19104777"
"chr1","27512549","27512855","chr1","166387645","166387949","35","138875096"
"chr1","27512868","27513190","chr1","4731654","4731965","46","22781214"
"chr1","27516796","27516870","chr7","95896154","95896229","10","68379358"
"chr1","27517851","27518060","chr2","204638025","204638229","33","177120174"
"chr1","27521743","27522057","chr2","104318512","104318826","44","76796769"
"chr1","27532472","27532769","chr1","26078317","26078617","29","1454155"
"chr1","27539738","27540024","chr1","26086745","26087029","26","1452993"
"chr1","27547061","27547322","chr1","137315334","137315596","30","109768273"
"chr1","27558464","27558728","chr1","26107825","26108091","20","1450639"
"chr1","27559140","27559441","chr19","33742345","33742643","33","6183205"
"chr1","27562685","27562969","chr1","26112925","26113218","35","1449760"
"chr1","27563616","27563908","chr1","26113860","26114150","20","1449756"
"chr1","27592472","27592771","chr1","34320242","34320540","43","6727770"
"chr1","27594409","27594700","chr11","132437462","132437750","28","104843053"
"chr1","27594877","27595066","chr1","197582880","197583086","42","169988003"
"chr1","27610386","27610670","chr8","26670997","26671281","35","939389"
"chr1","27622341","27622636","chr3","36442876","36443174","37","8820535"
"chr1","27625034","27625329","chr7","12955922","12956218","41","14669112"
"chr1","27651382","27651549","chr14","84880122","84880288","24","57228740"
"chr1","27653094","27653397","chr1","26210990","26211302","33","1442104"
"chr1","27660423","27660609","chr7","14464950","14465133","23","13195473"
"chr1","27662009","27662157","chr3","80883715","80883855","30","53221706"
"chr1","27685586","27685881","chr1","26240349","26240653","34","1445237"
"chr1","27697221","27697510","chr1","26250787","26251076","23","1446434"
"chr1","27706893","27707190","chr7","37832095","37832384","48","10125202"
"chr1","27734009","27734141","chr6","132205592","132205725","12","104471583"
"chr1","27765892","27766187","chrX","114883322","114883623","40","87117430"
"chr1","27777242","27777540","chr1","26338890","26339188","18","1438352"
"chr1","27784118","27784415","chr1","26350421","26350718","25","1433697"
"chr1","27786105","27786400","chr18","20505848","20506142","31","7280257"
"chr1","27793157","27793422","chr1","26359834","26360100","25","1433323"
"chr1","27812907","27813194","chr1","26380786","26381065","33","1432121"
"chr1","27817110","27817406","chr1","220883377","220883674","36","193066267"
"chr1","27819060","27819281","chr8","64758477","64758689","31","36939417"
"chr1","27823570","27823875","chr1","26392686","26392987","28","1430884"
"chr1","27832960","27833140","chr5","51598976","51599160","25","23766016"
"chr1","27858571","27858868","chr1","26429183","26429476","26","1429388"
"chr1","27886994","27887283","chrX","117428205","117428490","35","89541211"
"chr1","27928950","27929263","chr7","40063489","40063797","33","12134539"
"chr1","27960476","27960695","chr1","97723066","97723283","31","69762590"
"chr1","27965029","27965323","chr1","26536696","26536999","27","1428333"
"chr1","27968676","27968937","chr1","26540672","26540937","37","1428004"
"chr1","27974582","27974886","chr1","26546585","26546884","29","1427997"
"chr1","27980478","27980790","chr1","26552639","26552951","24","1427839"
"chr1","27985596","27985900","chr10","72366392","72366697","44","44380796"
"chr1","28001618","28001920","chr9","95281737","95282038","36","67280119"
"chr1","28006322","28006631","chrX","23558557","23558868","31","4447765"
"chr1","28012634","28012654","chr1","26586500","26586521","3","1426134"
"chr1","28013083","28013226","chr4","46673684","46673827","18","18660601"
"chr1","28035388","28035690","chr13","39986756","39987062","33","11951368"
"chr1","28067235","28067529","chr1","26644528","26644818","35","1422707"
"chr1","28074861","28075162","chr15","102740273","102740571","31","74665412"
"chr1","28083658","28083952","chr1","26661977","26662262","30","1421681"
"chr1","28084507","28084801","chr1","26662857","26663151","22","1421650"
"chr1","28086779","28087084","chr1","91289965","91290268","36","63203186"
"chr1","28090825","28091118","chr20","63374772","63375065","28","35283947"
"chr1","28117971","28118256","chr2","159282566","159282858","34","131164595"
"chr1","28129912","28130032","chr13","2201788","2201907","13","25928124"
"chr1","28130527","28130640","chr9","112128434","112128552","27","83997907"
"chr1","28130646","28130902","chr1","26709221","26709480","17","1421425"
"chr1","28137257","28137551","chr1","26716179","26716479","27","1421078"
"chr1","28139274","28139381","chr11","10517391","10517498","17","17621883"
"chr1","28140606","28140782","chrX","41188728","41188898","27","13048122"
"chr1","28154571","28154706","chr10","31067832","31067967","13","2913261"
"chr1","28156778","28157049","chr1","26736878","26737142","30","1419900"
"chr1","28167022","28167329","chr16","23745167","23745470","53","4421855"
"chr1","28188528","28188730","chr4","116777080","116777297","44","88588552"
"chr1","28189023","28189117","chr1","7996796","7996891","13","20192227"
"chr1","28194117","28194371","chrX","117489489","117489746","39","89295372"
"chr1","28203762","28203928","chr19","3064186","3064354","23","25139576"
"chr1","28204705","28205007","chr1","31889744","31890030","68","3685039"
"chr1","28205346","28205633","chr1","26786925","26787220","26","1418421"
"chr1","28208679","28208969","chr1","26791446","26791729","34","1417233"
"chr1","28211102","28211408","chr1","26793877","26794188","29","1417225"
"chr1","28218218","28218378","chr18","40186193","40186358","43","11967975"
"chr1","28232859","28233030","chr20","59426524","59426698","19","31193665"
"chr1","28242294","28242467","chr7","21888163","21888326","30","6354131"
"chr1","28242776","28242837","chr15","7249323","7249383","15","20993453"
"chr1","28243809","28244132","chr2","70607992","70608311","46","42364183"
"chr1","28246169","28246481","chr1","26814796","26815107","30","1431373"
"chr1","28259091","28259381","chr1","26829375","26829672","33","1429716"
"chr1","28275983","28276290","chr2","44569113","44569418","33","16293130"
"chr1","28276522","28276818","chr1","26846544","26846844","25","1429978"
"chr1","28282400","28282683","chr2","56129571","56129845","67","27847171"
"chr1","28293915","28294172","chr1","26864230","26864488","24","1429685"
"chr1","28301220","28301377","chr1","21779699","21779859","19","6521521"
"chr1","28305067","28305367","chr13","14714807","14715101","33","13590260"
"chr1","28306166","28306461","chr1","26877235","26877531","24","1428931"
"chr1","28307905","28308139","chr16","44300498","44300727","31","15992593"
"chr1","28313660","28313953","chr7","169588830","169589125","37","141275170"
"chr1","28318080","28318388","chr6","105234648","105234956","38","76916568"
"chr1","28337223","28337522","chr1","26909266","26909566","32","1427957"
"chr1","28340151","28340323","chrX","41188728","41188898","18","12848577"
"chr1","28345876","28346078","chr2","204638025","204638229","38","176292149"
"chr1","28350134","28350431","chr1","26922749","26923056","29","1427385"
"chr1","28350721","28351020","chr1","26923347","26923647","27","1427374"
"chr1","28358411","28358688","chr1","26932614","26932905","28","1425797"
"chr1","28372200","28372336","chr1","26946932","26947067","5","1425268"
"chr1","28375342","28375617","chr17","1021940","1022220","35","27353402"
"chr1","28387493","28387784","chr11","122378721","122379020","44","93991228"
"chr1","28394806","28395065","chr14","22066932","22067189","31","6327874"
"chr1","28395399","28395716","chrX","95106921","95107224","46","66711522"
"chr1","28396787","28397098","chr1","4731654","4731965","44","23665133"
"chr1","28397691","28397994","chr1","26967988","26968279","33","1429703"
"chr1","28410776","28411091","chr1","26981820","26982129","26","1428956"
"chr1","28412221","28412516","chr3","2986573","2986865","35","25425648"
"chr1","28415448","28415757","chr20","321981","322292","40","28093467"
"chr1","28420561","28420631","chr8","20660648","20660717","17","7759913"
"chr1","28425403","28425698","chr20","54561107","54561400","30","26135704"
"chr1","28450163","28450293","chr19","7938276","7938409","14","20511887"
"chr1","28468528","28468829","chr1","27053075","27053374","27","1415453"
"chr1","28469517","28469800","chr1","27054061","27054349","28","1415456"
"chr1","28479512","28479713","chr3","3200882","3201085","23","25278630"
"chr1","28479786","28479885","chr7","21405061","21405150","20","7074725"
"chr1","28481227","28481443","chr7","84631446","84631650","37","56150219"
"chr1","28481606","28481911","chr1","27067325","27067624","33","1414281"
"chr1","28483466","28483803","chr6","176121333","176121642","59","147637867"
"chr1","28484162","28484440","chr1","27070173","27070457","24","1413989"
"chr1","28501811","28501953","chr17","19996556","19996695","19","8505255"
"chr1","28501954","28502043","chr9","40489148","40489241","16","11987194"
"chr1","28505304","28505447","chr19","33956833","33956975","14","5451529"
"chr1","28515762","28516059","chr1","27104112","27104401","29","1411650"
"chr1","28518279","28518582","chr2","119528613","119528916","30","91010334"
"chr1","28531354","28531655","chr19","20676318","20676616","31","7855036"
"chr1","28534397","28534695","chr1","27121916","27122210","24","1412481"
"chr1","28538124","28538425","chr1","27125952","27126257","22","1412172"
"chr1","28546649","28546873","chr9","126091587","126091817","33","97544938"
"chr1","28550156","28550383","chr16","9675962","9676190","36","18874194"
"chr1","28550928","28550979","chrX","130692874","130692925","6","102141946"
"chr1","28552419","28552709","chr1","27143198","27143496","35","1409221"
"chr1","28557388","28557695","chr1","27148264","27148572","18","1409124"
"chr1","28581942","28582250","chr4","32376720","32377029","38","3794778"
"chr1","28601148","28601451","chr1","139180433","139180733","31","110579285"
"chr1","28606278","28606407","chrX","21501042","21501169","16","7105236"
"chr1","28612368","28612635","chr1","27233200","27233489","34","1379168"
"chr1","28613342","28613658","chrX","92232727","92233038","39","63619385"
"chr1","28615932","28616223","chr1","27237742","27238042","33","1378190"
"chr1","28617110","28617410","chr1","27238899","27239200","25","1378211"
"chr1","28619458","28619741","chr9","115113357","115113647","37","86493899"
"chr1","28620025","28620085","chr11","74463624","74463686","15","45843599"
"chr1","28621212","28621367","chrX","123819871","123820016","31","95198659"
"chr1","28621670","28621730","chr15","108353401","108353459","18","79731731"
"chr1","28622071","28622164","chr5","39418145","39418231","23","10796074"
"chr1","28626480","28626770","chr1","27248757","27249051","27","1377723"
"chr1","28636593","28636885","chr1","27260021","27260319","34","1376572"
"chr1","28639445","28639752","chr7","113559810","113560113","36","84920365"
"chr1","28650298","28650594","chr1","27274999","27275288","25","1375299"
"chr1","28653539","28653844","chr1","27277889","27278188","30","1375650"
"chr1","28654622","28654746","chr5","141044567","141044691","26","112389945"
"chr1","28655982","28656295","chr1","27281316","27281634","32","1374666"
"chr1","28656330","28656637","chr1","184252403","184252708","50","155596073"
"chr1","28661842","28662055","chr6","178976144","178976355","24","150314302"
"chr1","28667296","28667482","chr7","133114354","133114541","24","104447058"
"chr1","28669865","28670148","chr1","27293715","27294008","34","1376150"
"chr1","28684919","28685224","chr12","95336572","95336880","38","66651653"
"chr1","28685261","28685568","chrX","19059328","19059639","45","9625933"
"chr1","28685741","28686048","chr1","27306646","27306949","26","1379095"
"chr1","28687408","28687707","chr1","93505580","93505880","32","64818172"
"chr1","28690192","28690490","chr5","51540643","51540938","33","22850451"
"chr1","28694617","28694717","chr6","177202453","177202553","14","148507836"
"chr1","28695227","28695303","chr15","88759915","88759990","11","60064688"
"chr1","28700493","28700774","chr1","27318283","27318570","34","1382210"
"chr1","28702036","28702325","chr1","27320172","27320461","27","1381864"
"chr1","28706866","28707166","chr1","27327310","27327618","25","1379556"
"chr1","28722308","28722611","chr1","27342547","27342851","22","1379761"
"chr1","28725218","28725510","chrX","112170114","112170405","36","83444896"
"chr1","28737979","28738262","chr1","125086913","125087195","43","96348934"
"chr1","28746132","28746251","chr1","123145127","123145241","18","94398995"
"chr1","28758796","28759102","chr7","87824551","87824858","34","59065755"
"chr1","28764375","28764509","chr12","121124958","121125092","10","92360583"
"chr1","28784315","28784624","chr1","53307731","53308037","34","24523416"
"chr1","28784699","28785008","chr6","148383798","148384102","38","119599099"
"chr1","28787452","28787750","chr1","27417439","27417732","29","1370013"
"chr1","28800862","28801136","chr1","27436423","27436690","21","1364439"
"chr1","28801294","28801587","chr1","27436850","27437147","28","1364444"
"chr1","28809415","28809708","chr1","27452212","27452520","40","1357203"
"chr1","28812187","28812261","chr1","110427850","110427933","20","81615663"
"chr1","28812450","28812666","chr16","60867035","60867253","33","32054585"
"chr1","28823516","28823825","chr1","214944515","214944819","43","186120999"
"chr1","28847572","28847854","chr1","27494892","27495183","40","1352680"
"chr1","28849034","28849140","chr15","41535761","41535865","14","12686727"
"chr1","28851623","28851755","chr2","204660465","204660597","19","175808842"
"chr1","28863478","28863772","chr16","74240002","74240299","55","45376524"
"chr1","28870924","28871221","chr1","27521209","27521505","15","1349715"
"chr1","28871852","28872147","chr1","27522465","27522762","30","1349387"
"chr1","28872972","28873049","chr1","30367857","30367932","20","1494885"
"chr1","28873348","28873361","chr14","49439829","49439842","1","20566481"
"chr1","28876289","28876572","chr1","27527748","27528037","32","1348541"
"chr1","28889392","28889456","chr19","1846133","1846195","4","27043259"
"chr1","28890145","28890307","chr2","69424628","69424798","31","40534483"
"chr1","28897759","28898065","chr1","27544265","27544576","29","1353494"
"chr1","28899804","28900115","chr1","27546058","27546358","30","1353746"
"chr1","28902797","28903084","chr1","27551133","27551423","19","1351664"
"chr1","28913933","28914225","chr19","44781977","44782268","36","15868044"
"chr1","28916584","28916860","chr1","27560843","27561111","20","1355741"
"chr1","28920127","28920428","chr5","169145976","169146273","33","140225849"
"chr1","28931999","28932093","chr10","36848738","36848833","15","7916739"
"chr1","28936170","28936473","chr1","27580814","27581118","27","1355356"
"chr1","28937082","28937329","chr10","59910337","59910584","24","30973255"
"chr1","28937805","28938081","chr9","58979007","58979301","53","30041202"
"chr1","28938085","28938391","chr4","134675515","134675820","42","105737430"
"chr1","28944916","28945215","chr1","27588925","27589222","26","1355991"
"chr1","28951667","28951800","chr4","115848594","115848725","12","86896927"
"chr1","28958321","28958535","chr4","44010244","44010456","26","15051923"
"chr1","28963768","28963929","chr1","26946456","26946617","30","2017312"
"chr1","28970861","28971139","chr2","137863570","137863841","44","108892709"
"chr1","28981956","28982263","chr3","178868174","178868466","84","149886218"
"chr1","28993579","28993711","chr16","67963199","67963331","13","38969620"
"chr1","28995082","28995306","chr10","61763698","61763924","32","32768616"
"chr1","28999550","28999835","chr11","132437462","132437750","36","103437912"
"chr1","29003669","29003820","chr8","42342329","42342477","23","13338660"
"chr1","29010022","29010331","chr10","74888195","74888498","42","45878173"
"chr1","29013280","29013331","chr1","95918958","95919004","20","66905678"
"chr1","29013630","29013782","chr11","25879146","25879289","33","3134484"
"chr1","29028149","29028466","chr1","3081963","3082273","75","25946186"
"chr1","29041127","29041432","chrX","24073203","24073513","52","4967924"
"chr1","29052739","29052890","chr1","202825790","202825940","22","173773051"
"chr1","29062011","29062302","chr1","27717377","27717670","36","1344634"
"chr1","29071780","29072088","chr1","27734524","27734818","44","1337256"
"chr1","29083388","29083543","chr1","97035534","97035689","18","67952146"
"chr1","29088515","29088818","chr1","27761237","27761541","23","1327278"
"chr1","29098544","29098834","chr1","220883377","220883674","39","191784833"
"chr1","29103702","29103992","chr5","40305535","40305825","30","11201833"
"chr1","29106499","29106779","chr1","27777177","27777456","23","1329322"
"chr1","29123655","29123790","chr1","27795195","27795332","9","1328460"
"chr1","29128646","29128938","chr1","9601563","9601859","30","19527083"
"chr1","29133855","29134121","chr1","139650554","139650817","31","110516699"
"chr1","29145031","29145314","chr1","27818092","27818368","24","1326939"
"chr1","29166704","29167011","chr5","139653331","139653632","43","110486627"
"chr1","29175194","29175446","chr10","59910337","59910584","29","30735143"
"chr1","29180186","29180315","chr14","104145051","104145178","12","74964865"
"chr1","29194591","29194889","chr1","27869475","27869768","28","1325116"
"chr1","29220902","29221195","chr1","27899190","27899499","34","1321712"
"chr1","29222049","29222350","chr1","27900349","27900652","28","1321700"
"chr1","29223942","29223999","chr3","183742878","183742928","11","154518936"
"chr1","29228368","29228664","chr17","19468266","19468561","30","9760102"
"chr1","29229871","29230154","chr1","27906218","27906492","19","1323653"
"chr1","29241064","29241371","chr7","80060557","80060869","41","50819493"
"chr1","29255054","29255342","chrX","147721260","147721544","40","118466206"
"chr1","29266711","29266895","chr1","15622351","15622536","30","13644360"
"chr1","29268671","29268959","chr1","27940975","27941268","31","1327696"
"chr1","29273325","29273461","chr10","88421235","88421372","14","59147910"
"chr1","29275074","29275368","chr1","27946867","27947160","21","1328207"
"chr1","29298844","29299126","chr1","27983869","27984155","27","1314975"
"chr1","29320155","29320317","chr2","66903519","66903680","19","37583364"
"chr1","29322365","29322496","chr5","184143516","184143648","23","154821151"
"chr1","29337244","29337535","chr1","28024870","28025162","35","1312374"
"chr1","29337981","29338290","chr1","28025615","28025926","24","1312366"
"chr1","29370474","29370768","chr14","388729","389019","30","28981745"
"chr1","29376732","29376982","chr10","12184534","12184790","47","17192198"
"chr1","29385281","29385585","chr1","28074420","28074732","30","1310861"
"chr1","29391490","29391802","chr1","28081604","28081899","36","1309886"
"chr1","29400114","29400424","chr1","28089427","28089744","27","1310687"
"chr1","29402201","29402494","chr1","28092953","28093256","40","1309248"
"chr1","29403335","29403637","chr4","108524764","108525061","40","79121429"
"chr1","29404926","29405237","chr1","28095805","28096113","25","1309121"
"chr1","29406126","29406412","chr1","28096928","28097213","30","1309198"
"chr1","29407269","29407560","chr1","28098041","28098340","38","1309228"
"chr1","29425562","29425875","chr7","113559810","113560113","45","84134248"
"chr1","29427898","29427966","chr14","18477873","18477940","10","10950025"
"chr1","29433159","29433271","chr9","129507036","129507146","15","100073877"
"chr1","29447867","29448035","chr2","69424628","69424798","26","39976761"
"chr1","29449160","29449470","chr1","28140968","28141279","29","1308192"
"chr1","29449659","29449967","chr1","28141456","28141777","39","1308203"
"chr1","29458123","29458419","chr1","28149024","28149323","28","1309099"
"chr1","29464548","29464835","chr1","28156001","28156308","46","1308547"
"chr1","29481552","29481720","chrX","557444","557611","22","28924108"
"chr1","29483509","29483803","chr16","879658","879957","41","28603851"
"chr1","29483897","29484047","chr4","108162884","108163039","22","78678987"
"chr1","29485110","29485197","chr1","161410047","161410127","18","131924937"
"chr1","29500541","29500679","chr3","183731879","183732019","17","154231338"
"chr1","29510488","29510785","chr1","9601563","9601859","37","19908925"
"chr1","29510786","29511085","chrX","23431463","23431760","36","6079323"
"chr1","29511728","29512014","chr6","32157411","32157710","46","2645683"
"chr1","29522306","29522615","chr3","55556828","55557129","30","26034522"
"chr1","29523358","29523663","chr5","128034254","128034552","41","98510896"
"chr1","29548896","29549206","chr1","28241509","28241820","34","1307387"
"chr1","29554611","29554908","chr1","28247349","28247653","28","1307262"
"chr1","29558054","29558360","chr1","28250946","28251253","25","1307108"
"chr1","29569685","29569966","chr9","62151850","62152133","41","32582165"
"chr1","29589121","29589240","chr19","50110063","50110186","19","20520942"
"chr1","29589453","29589633","chr5","51598976","51599160","32","22009523"
"chr1","29591897","29592196","chr1","28285503","28285805","23","1306394"
"chr1","29637593","29637904","chr1","28330177","28330487","25","1307416"
"chr1","29642416","29642527","chr1","203207333","203207443","10","173564917"
"chr1","29669900","29670114","chr19","10979398","10979617","31","18690502"
"chr1","29674199","29674502","chr4","114775709","114776011","37","85101510"
"chr1","29733773","29734079","chr2","57691932","57692233","40","27958159"
"chr1","29736689","29736976","chr1","28417488","28417793","33","1319201"
"chr1","29746510","29746771","chr1","28428959","28429240","43","1317551"
"chr1","29789750","29790064","chr1","28470230","28470543","37","1319520"
"chr1","29908073","29908371","chr1","28589514","28589821","34","1318559"
"chr1","30006787","30007011","chr16","9675962","9676190","33","20330825"
"chr1","30091195","30091437","chr1","28778696","28778953","37","1312499"
"chr1","30210901","30211172","chr1","28902446","28902725","30","1308455"
"chr1","30357670","30357954","chr4","15383771","15384051","38","14973899"
"chr1","30419443","30419748","chr1","29109304","29109615","35","1310139"
"chr1","30451391","30451691","chr11","48147631","48147935","37","17696240"
"chr1","30522512","30522822","chr9","69126510","69126808","43","38603998"
"chr1","30555459","30555734","chr7","49194857","49195149","44","18639398"
"chr1","30738052","30738313","chr9","18595320","18595597","45","12142732"
"chr1","30793576","30793711","chr2","80224302","80224438","12","49430726"
"chr1","30793712","30794003","chr1","29489608","29489904","28","1304104"
"chr1","30821459","30821725","chr1","29519877","29520143","32","1301582"
"chr1","31068338","31068641","chr12","85405157","85405457","31","54336819"
"chr1","31084823","31085126","chr14","15756054","15756351","34","15328769"
"chr1","31096241","31096518","chr9","106051939","106052219","36","74955698"
"chr1","31108335","31108643","chr1","199758505","199758810","36","168650170"
"chr1","31135094","31135274","chr16","48484668","48484845","25","17349574"
"chr1","31159093","31159389","chr1","29918785","29919082","24","1240308"
"chr1","31216669","31216948","chr4","112407490","112407770","42","81190821"
"chr1","31219789","31220086","chr6","138825677","138825972","36","107605888"
"chr1","31224355","31224419","chr1","10386764","10386833","12","20837591"
"chr1","31225109","31225420","chr1","29985648","29985959","37","1239461"
"chr1","31236110","31236257","chr19","2761793","2761941","21","28474317"
"chr1","31244452","31244757","chr1","30006570","30006870","26","1237882"
"chr1","31249248","31249541","chr1","30011448","30011759","46","1237800"
"chr1","31254629","31254940","chr16","38542453","38542761","39","7287824"
"chr1","31259473","31259699","chr19","34537638","34537863","35","3278165"
"chr1","31284247","31284557","chr1","30046673","30046989","30","1237574"
"chr1","31295991","31296142","chr1","161409822","161409970","27","130113831"
"chr1","31297610","31297910","chr16","22009894","22010193","29","9287716"
"chr1","31316032","31316330","chr1","30079438","30079734","23","1236594"
"chr1","31316340","31316546","chr1","118790938","118791149","36","87474598"
"chr1","31325161","31325476","chr1","30087167","30087481","22","1237994"
"chr1","31332303","31332509","chr1","30096013","30096218","24","1236290"
"chr1","31339124","31339428","chr1","30103545","30103825","36","1235579"
"chr1","31341531","31341857","chr1","30107718","30108016","45","1233813"
"chr1","31342276","31342520","chr1","30108461","30108708","21","1233815"
"chr1","31344304","31344470","chr3","160490400","160490565","29","129146096"
"chr1","31346794","31347092","chr1","30112337","30112637","26","1234457"
"chr1","31348428","31348522","chr9","6116378","6116473","14","25232050"
"chr1","31373947","31374081","chr11","63259700","63259833","16","31885753"
"chr1","31374711","31375014","chr1","30138991","30139300","36","1235720"
"chr1","31379700","31380080","chr16","2431866","2432244","76","28947834"
"chr1","31382363","31382492","chr12","22433754","22433884","15","8948609"
"chr1","31382589","31382899","chr1","30147359","30147668","31","1235230"
"chr1","31389375","31389582","chr8","64758477","64758689","35","33369102"
"chr1","31392093","31392399","chr1","30157860","30158170","33","1234233"
"chr1","31400831","31401125","chr1","27854506","27854794","42","3546325"
"chr1","31402911","31403074","chr10","78300000","78300164","25","46897089"
"chr1","31404676","31404996","chr9","33248494","33248819","53","1843818"
"chr1","31410830","31410859","chrX","139062709","139062735","7","107651879"
"chr1","31411046","31411207","chr8","25829334","25829500","32","5581712"
"chr1","31415900","31416211","chr11","7057942","7058249","48","24357958"
"chr1","31416899","31417032","chr4","7013851","7013985","17","24403048"
"chr1","31417234","31417436","chr11","118500754","118500968","71","87083520"
"chr1","31421411","31421553","chr10","84186965","84187108","20","52765554"
"chr1","31424758","31424890","chr2","192722632","192722764","17","161297874"
"chr1","31425517","31425609","chr16","7129059","7129148","14","24296458"
"chr1","31431957","31432228","chr20","66530052","66530319","41","35098095"
"chr1","31434784","31435074","chr9","90820027","90820317","37","59385243"
"chr1","31435414","31435485","chr15","8900417","8900490","9","22534997"
"chr1","31436572","31436805","chr8","115792076","115792308","47","84355504"
"chr1","31439357","31439655","chr1","30206394","30206688","25","1232963"
"chr1","31459545","31459859","chr3","174880748","174881059","36","143421203"
"chr1","31462369","31462463","chr1","20628345","20628440","16","10834024"
"chr1","31462801","31462911","chr6","159053812","159053925","15","127591011"
"chr1","31469885","31470183","chr1","67135280","67135580","43","35665395"
"chr1","31474086","31474309","chr14","109038524","109038733","43","77564438"
"chr1","31479676","31479977","chr1","30241629","30241925","24","1238047"
"chr1","31483015","31483287","chr12","112336857","112337127","47","80853842"
"chr1","31496226","31496522","chr1","52875145","52875442","46","21378919"
"chr1","31508593","31508923","chr4","45964822","45965127","66","14456229"
"chr1","31522845","31523135","chrX","95137968","95138264","34","63615123"
"chr1","31528894","31529195","chr1","56881921","56882217","30","25353027"
"chr1","31538383","31538675","chr1","30305549","30305839","30","1232834"
"chr1","31550143","31550448","chr1","30320782","30321085","25","1229361"
"chr1","31559399","31559696","chr7","18502191","18502489","29","13057208"
"chr1","31561184","31561335","chr7","120346484","120346633","29","88785300"
"chr1","31562207","31562521","chr1","30333956","30334259","36","1228251"
"chr1","31579516","31579817","chr4","134675515","134675820","37","103095999"
"chr1","31635960","31636171","chr9","57296014","57296212","43","25660054"
"chr1","31670232","31670521","chr1","30444548","30444843","23","1225684"
"chr1","31700846","31701053","chr10","12528574","12528781","38","19172272"
"chr1","31718435","31718743","chr1","30494197","30494506","37","1224238"
"chr1","31736532","31736850","chr16","65310363","65310670","46","33573831"
"chr1","31739989","31740316","chr1","9722011","9722327","58","22017978"
"chr1","31787684","31787971","chrX","23351237","23351529","42","8436447"
"chr1","31792207","31792371","chr10","69611091","69611255","23","37818884"
"chr1","31807024","31807257","chr10","61029967","61030201","33","29222943"
"chr1","31807280","31807398","chr12","89575136","89575255","15","57767856"
"chr1","31815473","31815769","chr1","30572117","30572415","20","1243356"
"chr1","31824029","31824321","chr3","166005666","166005965","37","134181637"
"chr1","31825713","31826011","chr1","30577825","30578123","21","1247888"
"chr1","31826859","31827145","chr1","159878672","159878960","38","128051813"
"chr1","31865145","31865457","chr10","38609403","38609714","38","6744258"
"chr1","31908024","31908328","chr1","30658599","30658901","25","1249425"
"chr1","31909077","31909373","chr11","111871416","111871712","36","79962339"
"chr1","31909968","31910252","chr3","42161496","42161779","28","10251528"
"chr1","31914858","31915025","chr15","2272340","2272515","30","29642518"
"chr1","31942888","31943193","chr1","30694818","30695123","21","1248070"
"chr1","31950226","31950526","chr1","30702136","30702438","24","1248090"
"chr1","31977356","31977646","chr1","30728940","30729224","42","1248416"
"chr1","32107996","32108281","chr9","9377086","9377372","41","22730910"
"chr1","32112131","32112428","chr1","30866544","30866853","42","1245587"
"chr1","32127354","32127664","chr1","89866413","89866715","54","57739059"
"chr1","32162454","32162751","chr1","30911717","30912016","27","1250737"
"chr1","32166148","32166452","chr3","123607450","123607753","35","91441302"
"chr1","32180121","32180411","chr1","30929987","30930275","31","1250134"
"chr1","32186288","32186556","chr1","30936146","30936414","20","1250142"
"chr1","32187231","32187537","chr18","14693248","14693553","34","17493983"
"chr1","32190845","32191070","chr19","10979398","10979617","36","21211447"
"chr1","32229136","32229431","chr20","54253129","54253431","37","22023993"
"chr1","32234175","32234443","chr1","30983354","30983604","39","1250821"
"chr1","32247327","32247459","chr19","7938276","7938409","12","24309051"
"chr1","32253644","32253923","chr2","163497277","163497552","32","131243633"
"chr1","32253933","32254059","chr3","48293586","48293699","28","16039653"
"chr1","32254196","32254414","chr1","118790938","118791149","28","86536742"
"chr1","32261414","32261616","chr3","39457454","39457654","35","7196040"
"chr1","32264741","32264854","chr3","124100480","124100599","20","91835739"
"chr1","32280907","32281203","chr1","31032521","31032823","34","1248386"
"chr1","32293278","32293581","chr1","31044795","31045094","34","1248483"
"chr1","32293949","32294246","chr3","21904631","21904931","33","10389318"
"chr1","32300416","32300574","chr1","38812994","38813150","24","6512578"
"chr1","32301417","32301683","chr6","55384284","55384546","41","23082867"
"chr1","32305873","32306174","chr1","31058677","31058982","34","1247196"
"chr1","32309467","32309770","chr1","31063196","31063491","30","1246271"
"chr1","32311637","32311916","chrX","40495088","40495370","39","8183451"
"chr1","32324343","32324577","chr8","29302577","29302805","32","3021766"
"chr1","32325778","32326074","chr6","26402946","26403244","41","5922832"
"chr1","32326087","32326211","chr1","68190673","68190799","13","35864586"
"chr1","32326815","32327117","chr11","47525504","47525800","46","15198689"
"chr1","32335950","32336219","chr1","31083824","31084117","49","1252126"
"chr1","32347748","32348057","chr1","31096028","31096331","40","1251720"
"chr1","32357101","32357261","chr6","58863249","58863409","30","26506148"
"chr1","32357319","32357629","chr16","75785347","75785650","42","43428028"
"chr1","32368723","32368859","chr10","38983120","38983255","16","6614397"
"chr1","32370680","32370834","chr7","120346484","120346633","23","87975804"
"chr1","32370835","32371005","chrX","41878744","41878921","30","9507909"
"chr1","32378918","32379198","chr8","93237278","93237575","46","60858360"
"chr1","32382731","32382781","chr1","31130774","31130825","7","1251957"
"chr1","32382904","32382971","chr1","31130948","31131019","8","1251956"
"chr1","32391776","32392044","chr15","17661822","17662095","37","14729954"
"chr1","32395292","32395594","chr1","31143381","31143682","38","1251911"
"chr1","32396156","32396283","chr2","41321263","41321389","24","8925107"
"chr1","32396634","32396808","chr6","180034110","180034274","27","147637476"
"chr1","32403296","32403430","chr1","28201933","28202067","13","4201363"
"chr1","32408388","32408540","chr4","44130284","44130433","21","11721896"
"chr1","32408800","32409089","chr12","65951597","65951896","49","33542797"
"chr1","32420340","32420630","chr11","47011732","47012024","34","14591392"
"chr1","32430768","32431104","chr12","121866524","121866853","48","89435756"
"chr1","32442723","32443007","chr1","31193820","31194109","28","1248903"
"chr1","32446114","32446407","chr1","31197320","31197629","37","1248794"
"chr1","32450872","32451020","chr4","107394440","107394589","20","74943568"
"chr1","32451841","32452134","chr13","14714807","14715101","33","17737034"
"chr1","32465747","32465959","chr11","120925293","120925520","39","88459546"
"chr1","32505283","32505579","chr1","31258266","31258568","34","1247017"
"chr1","32506849","32507060","chr1","166117886","166118098","24","133611037"
"chr1","32515201","32515333","chrX","2592837","2592968","18","29922364"
"chr1","32515617","32515785","chr8","122467386","122467555","27","89951769"
"chr1","32529818","32529965","chr8","103450330","103450478","27","70920512"
"chr1","32529969","32530211","chr10","81707017","81707247","53","49177048"
"chr1","32530638","32530952","chr17","56761053","56761356","47","24230415"
"chr1","32538586","32538719","chr7","100180933","100181067","15","67642347"
"chr1","32548880","32549043","chr3","130174120","130174282","20","97625240"
"chr1","32549044","32549137","chrX","38269524","38269615","19","5720480"
"chr1","32550798","32550974","chr19","12924575","12924752","28","19626223"
"chr1","32558925","32559203","chr10","17697484","17697766","39","14861441"
"chr1","32561474","32561684","chr15","78831585","78831798","25","46270111"
"chr1","32561685","32561775","chr16","1200063","1200157","21","31361622"
"chr1","32572019","32572297","chr3","78654630","78654916","40","46082611"
"chr1","32577562","32577863","chr1","31338655","31338968","36","1238907"
"chr1","32582999","32583311","chr1","31346211","31346522","34","1236788"
"chr1","32586747","32587042","chr1","31350134","31350427","29","1236613"
"chr1","32591253","32591550","chr3","36442876","36443174","34","3851623"
"chr1","32594607","32594900","chr6","149667107","149667399","36","117072500"
"chr1","32611757","32612050","chr7","96880673","96880966","30","64268916"
"chr1","32618935","32619239","chr3","166005666","166005965","37","133386731"
"chr1","32662022","32662330","chr3","156102274","156102583","37","123440252"
"chr1","32668898","32669196","chr14","111646507","111646801","35","78977609"
"chr1","32683810","32684115","chr1","31455463","31455764","26","1228347"
"chr1","32684544","32684838","chr1","31456198","31456490","25","1228346"
"chr1","32687354","32687656","chr7","166273659","166273960","36","133586305"
"chr1","32691306","32691589","chr1","31464687","31464968","26","1226619"
"chr1","32701214","32701355","chr9","21128084","21128223","33","11573130"
"chr1","32748665","32748963","chr9","115486233","115486535","39","82737568"
"chr1","32919797","32919964","chr7","21888163","21888326","54","11031634"
"chr1","32920462","32920729","chr9","66605929","66606205","39","33685467"
"chr1","32923148","32923207","chr1","168754306","168754362","13","135831158"
"chr1","32932355","32932530","chr9","95351943","95352120","27","62419588"
"chr1","32933054","32933356","chr8","50115092","50115395","34","17182038"
"chr1","32936962","32937192","chr13","47564620","47564847","32","14627658"
"chr1","32952458","32952697","chr1","31551552","31551790","27","1400906"
"chr1","32953772","32954076","chr1","31552863","31553168","33","1400909"
"chr1","32960721","32960731","chr1","133939342","133939352","3","100978621"
"chr1","32961297","32961499","chr6","55060425","55060623","31","22099128"
"chr1","32968748","32968935","chrX","23681445","23681631","22","9287303"
"chr1","32970555","32970860","chr8","124734002","124734300","42","91763447"
"chr1","32976904","32977192","chrX","123703837","123704123","33","90726933"
"chr1","32983128","32983378","chr16","32493471","32493718","36","489657"
"chr1","33011171","33011464","chr1","31614039","31614330","28","1397132"
"chr1","33032781","33032921","chr7","27092525","27092662","26","5940256"
"chr1","33035667","33035817","chr19","16091980","16092129","23","16943687"
"chr1","33037388","33037562","chr1","124185654","124185821","41","91148266"
"chr1","33046568","33046859","chr1","31649245","31649535","25","1397323"
"chr1","33047419","33047592","chr1","211626449","211626612","34","178579030"
"chr1","33048311","33048483","chr1","188132162","188132337","36","155083851"
"chr1","33051783","33052076","chr1","31655018","31655313","32","1396765"
"chr1","33056008","33056104","chr12","113169153","113169246","14","80113145"
"chr1","33056436","33056652","chr11","118500754","118500968","42","85444318"
"chr1","33070170","33070458","chrX","16441347","16441641","38","16628823"
"chr1","33072385","33072654","chr1","31678880","31679149","20","1393505"
"chr1","33073885","33074174","chr10","16041754","16042052","34","17032131"
"chr1","33074364","33074404","chr3","50347199","50347247","13","17272835"
"chr1","33084331","33084613","chr15","12177412","12177696","32","20906919"
"chr1","33094593","33094885","chr20","42256252","42256545","32","9161659"
"chr1","33099206","33099494","chr2","101366160","101366456","32","68266954"
"chr1","33099985","33100095","chr1","203207333","203207443","21","170107348"
"chr1","33100274","33100425","chr20","11319049","11319198","30","21781225"
"chr1","33105194","33105476","chr1","31716150","31716449","47","1389044"
"chr1","33107185","33107561","chr10","15022601","15022963","89","18084584"
"chr1","33124974","33125279","chr1","31736036","31736335","30","1388938"
"chr1","33138995","33139291","chr1","31750156","31750452","26","1388839"
"chr1","33142249","33142430","chr3","180136626","180136803","42","146994377"
"chr1","33147504","33147770","chr5","138988948","138989214","37","105841444"
"chr1","33167729","33167864","chr20","15201421","15201555","12","17966308"
"chr1","33168207","33168272","chr19","4953654","4953719","13","28214553"
"chr1","33173312","33173651","chr1","31786324","31786648","39","1386988"
"chr1","33184476","33184738","chr9","87564713","87564985","37","54380237"
"chr1","33197139","33197437","chr1","31817506","31817799","29","1379633"
"chr1","33201574","33201872","chr1","31822106","31822398","34","1379468"
"chr1","33209922","33210137","chr4","116777080","116777297","38","83567158"
"chr1","33210155","33210438","chr19","3831924","3832210","47","29378231"
"chr1","33219515","33219654","chr3","121808021","121808151","25","88588506"
"chr1","33220115","33220248","chr2","90766401","90766535","11","57546286"
"chr1","33220539","33220842","chr20","37925942","37926250","18","4705403"
"chr1","33269640","33269783","chr3","183731879","183732019","23","150462239"
"chr1","33275236","33275529","chr1","31880607","31880900","29","1394629"
"chr1","33279864","33280012","chr7","137476596","137476751","26","104196732"
"chr1","33280964","33281096","chr16","67963199","67963331","12","34682235"
"chr1","33297342","33297635","chr16","2792881","2793177","30","30504461"
"chr1","33304679","33304975","chr1","31911012","31911316","28","1393667"
"chr1","33314130","33314300","chr2","3877795","3877959","27","29436335"
"chr1","33314611","33314654","chr4","167860218","167860255","7","134545607"
"chr1","33349723","33350006","chr1","31958702","31958985","26","1391021"
"chr1","33378491","33378599","chr3","170473190","170473299","18","137094699"
"chr1","33378631","33378767","chr3","63945894","63946022","31","30567263"
"chr1","33381962","33382235","chr1","31993798","31994075","30","1388164"
"chr1","33382330","33382627","chr3","38627395","38627686","46","5245065"
"chr1","33388922","33389202","chr3","4647021","4647302","31","28741901"
"chr1","33412944","33413235","chr3","2986573","2986865","36","30426371"
"chr1","33427225","33427522","chr3","2986573","2986865","38","30440652"
"chr1","33430988","33431136","chr7","120346484","120346633","22","86915496"
"chr1","33431638","33431748","chr16","4335933","4336040","11","29095705"
"chr1","33433614","33433834","chr6","29080666","29080880","32","4352948"
"chr1","33439590","33439890","chr1","32052914","32053208","26","1386676"
"chr1","33447632","33447931","chr1","64584409","64584705","43","31136777"
"chr1","33454751","33454876","chr1","32071588","32071713","8","1383163"
"chr1","33455501","33455679","chr1","32072346","32072515","22","1383155"
"chr1","33462782","33462908","chr2","97432022","97432149","11","63969240"
"chr1","33463599","33463925","chr1","32084528","32084851","34","1379071"
"chr1","33474350","33474644","chr4","71624638","71624931","42","38150288"
"chr1","33498557","33498854","chr1","32121576","32121873","36","1376981"
"chr1","33510482","33510762","chr3","116942614","116942891","39","83432132"
"chr1","33512318","33512612","chr1","133155786","133156081","43","99643468"
"chr1","33513978","33514072","chr7","162283431","162283525","11","128769453"
"chr1","33516467","33516774","chr1","32133275","32133583","25","1383192"
"chr1","33520667","33520977","chr1","32137803","32138113","21","1382864"
"chr1","33524002","33524309","chr1","32141459","32141770","32","1382543"
"chr1","33531986","33532209","chr1","129864922","129865136","51","96332936"
"chr1","33553613","33553910","chr1","32165871","32166175","37","1387742"
"chr1","33569046","33569356","chr7","113559810","113560113","42","79990764"
"chr1","33590156","33590468","chr1","32207162","32207474","32","1382994"
"chr1","33603762","33604041","chr16","23185128","23185409","38","10418634"
"chr1","33643893","33644184","chr1","32298003","32298293","28","1345890"
"chr1","33653577","33653877","chr1","32307457","32307757","13","1346120"
"chr1","33661929","33662231","chr1","32316102","32316412","44","1345827"
"chr1","33683563","33683709","chr5","77732484","77732627","34","44048921"
"chr1","33697174","33697477","chr1","32358769","32359076","25","1338405"
"chr1","33713679","33713993","chr1","32374415","32374727","25","1339264"
"chr1","33733898","33734194","chr1","32393900","32394190","28","1339998"
"chr1","33752013","33752295","chr1","32411220","32411509","26","1340793"
"chr1","33754371","33754492","chr11","33090769","33090890","31","663602"
"chr1","33768814","33769120","chr7","35585916","35586218","31","1817102"
"chr1","33797995","33798289","chr1","32454012","32454315","33","1343983"
"chr1","33807289","33807598","chr2","83939908","83940217","35","50132619"
"chr1","33823147","33823451","chr7","135649375","135649679","34","101826228"
"chr1","33857077","33857373","chr1","32513378","32513676","22","1343699"
"chr1","33884130","33884443","chr1","10049160","10049469","36","23834970"
"chr1","33911135","33911444","chr1","32573109","32573418","16","1338026"
"chr1","33981241","33981547","chr7","113559810","113560113","34","79578569"
"chr1","34098446","34098747","chr3","154675847","154676147","39","120577401"
"chr1","34377573","34377811","chr12","83454543","83454783","36","49076970"
"chr1","34479650","34479846","chr11","2904691","2904882","35","31574959"
"chr1","34645389","34645703","chr1","33333805","33334116","26","1311584"
"chr1","34662753","34663037","chr20","32205318","32205599","42","2457435"
"chr1","34683814","34684112","chr1","33373181","33373490","36","1310633"
"chr1","34840231","34840513","chr1","33523987","33524269","21","1316244"
"chr1","34893928","34894161","chr19","34537638","34537863","54","356290"
"chr1","34935559","34935850","chr17","80089787","80090086","50","45154228"
"chr1","35036037","35036270","chr1","33730878","33731114","28","1305159"
"chr1","35044171","35044490","chr1","33739447","33739760","23","1304724"
"chr1","35139895","35140188","chr1","33836018","33836313","34","1303877"
"chr1","35220720","35220977","chr1","33918917","33919166","34","1301803"
"chr1","35247811","35248122","chr1","33946106","33946411","26","1301705"
"chr1","35255772","35255935","chr1","33954692","33954854","14","1301080"
"chr1","35256072","35256201","chr1","33954996","33955119","14","1301076"
"chr1","35265554","35265854","chr1","33964395","33964701","45","1301159"
"chr1","35266963","35267303","chr2","56893700","56894034","48","21626737"
"chr1","35305158","35305299","chr7","135130943","135131082","25","99825785"
"chr1","35326035","35326345","chr1","34027012","34027319","27","1299023"
"chr1","35343880","35344160","chr4","38276322","38276599","38","2932442"
"chr1","35378811","35379043","chr5","4957706","4957938","34","30421105"
"chr1","35386764","35387050","chr1","34087304","34087602","29","1299460"
"chr1","35408939","35409112","chr16","48484668","48484845","29","13075729"
"chr1","35425703","35425814","chr15","10890077","10890189","13","24535626"
"chr1","35467158","35467436","chrX","49476083","49476359","41","14008925"
"chr1","35478289","35478465","chr7","165092908","165093077","24","129614619"
"chr1","35486083","35486384","chr1","34188444","34188745","26","1297639"
"chr1","35486500","35486672","chr16","30390993","30391163","22","5095507"
"chr1","35497790","35498092","chr1","34200784","34201089","28","1297006"
"chr1","35517567","35517868","chr2","189732428","189732738","44","154214861"
"chr1","35519611","35519913","chr1","34232567","34232871","26","1287044"
"chr1","35534698","35534822","chr11","66431883","66432008","13","30897185"
"chr1","35540139","35540271","chr1","154072718","154072853","14","118532579"
"chr1","35540353","35540652","chr16","19836030","19836330","43","15704323"
"chr1","35546010","35546310","chr1","34262533","34262831","31","1283477"
"chr1","35547311","35547597","chr3","138490412","138490695","40","102943101"
"chr1","35555890","35556200","chr7","68982054","68982357","35","33426164"
"chr1","35566364","35566659","chr1","34282314","34282617","27","1284050"
"chr1","35570363","35570643","chr19","14636554","14636840","39","20933809"
"chr1","35570919","35571223","chr15","4100710","4101009","37","31470209"
"chr1","35599172","35599462","chr1","27854506","27854794","43","7744666"
"chr1","35609111","35609417","chr7","21258839","21259148","36","14350272"
"chr1","35611066","35611370","chr10","72366392","72366697","42","36755326"
"chr1","35614353","35614421","chr1","16024119","16024187","9","19590234"
"chr1","35615273","35615459","chr14","48315903","48316088","30","12700630"
"chr1","35617645","35617950","chr6","136798827","136799128","35","101181182"
"chr1","35619202","35619496","chr7","10974680","10974971","32","24644522"
"chr1","35619650","35619938","chr1","34320242","34320540","29","1299408"
"chr1","35623770","35623879","chr15","8794424","8794533","15","26829346"
"chr1","35638464","35638741","chr3","150340282","150340560","43","114701818"
"chr1","35642362","35642494","chr19","45249393","45249524","13","9607031"
"chr1","35652996","35653261","chr9","59044284","59044552","35","23391288"
"chr1","35654727","35655019","chr1","34356404","34356704","42","1298323"
"chr1","35660433","35660725","chr3","125669969","125670258","36","90009536"
"chr1","35669618","35669907","chr8","43015864","43016155","51","7346246"
"chr1","35683305","35683320","chr3","75534440","75534456","2","39851135"
"chr1","35684501","35684780","chr4","112407490","112407770","35","76722989"
"chr1","35692468","35692776","chr3","3601309","3601618","42","32091159"
"chr1","35699876","35700151","chr7","79619579","79619853","35","43919703"
"chr1","35703203","35703490","chrX","16786018","16786300","38","18917185"
"chr1","35705086","35705380","chr4","88410610","88410912","41","52705524"
"chr1","35707407","35707684","chr15","40988593","40988874","49","5281186"
"chr1","35717752","35718038","chr7","77698309","77698596","38","41980557"
"chr1","35740606","35740903","chr1","34437190","34437490","33","1303416"
"chr1","35744341","35744502","chr11","95513954","95514124","55","59769613"
"chr1","35755187","35755221","chr15","13261359","13261392","3","22493828"
"chr1","35755365","35755584","chr1","4224328","4224546","28","31531037"
"chr1","35760177","35760487","chr7","40063489","40063797","42","4303312"
"chr1","35763862","35763959","chr12","106135345","106135451","13","70371483"
"chr1","35768181","35768231","chr1","34465885","34465944","10","1302296"
"chr1","35793814","35794114","chr1","34495393","34495697","36","1298421"
"chr1","35797765","35798054","chr1","25647657","25647947","36","10150108"
"chr1","35862740","35863043","chr2","146877836","146878139","32","111015096"
"chr1","35869930","35870231","chr8","19773789","19774080","41","16096141"
"chr1","35877349","35877619","chr1","34582723","34583007","25","1294626"
"chr1","35901709","35902008","chr1","34607067","34607352","34","1294642"
"chr1","35939978","35940272","chr1","34646580","34646874","24","1293398"
"chr1","35941530","35941837","chr1","34648110","34648413","24","1293420"
"chr1","35983821","35984126","chr1","34692757","34693056","31","1291064"
"chr1","35986859","35987092","chr19","43625773","43626006","26","7638914"
"chr1","35989528","35989836","chr6","176730413","176730722","35","140740885"
"chr1","35996446","35996754","chr1","34706303","34706615","37","1290143"
"chr1","36046443","36046752","chr17","31366515","31366817","26","4679928"
"chr1","36065895","36065984","chr7","21405061","21405150","15","14660834"
"chr1","36066137","36066352","chr14","99604703","99604919","26","63538566"
"chr1","36097173","36097452","chr1","34807509","34807791","22","1289664"
"chr1","36118061","36118225","chr11","122701206","122701378","28","86583145"
"chr1","36118786","36118917","chr9","809263","809394","14","35309523"
"chr1","36128137","36128379","chr9","97024542","97024780","36","60896405"
"chr1","36144754","36145020","chr1","12418023","12418288","38","23726731"
"chr1","36154080","36154367","chr1","34876706","34877001","26","1277374"
"chr1","36159673","36159961","chr4","25834381","25834669","39","10325292"
"chr1","36178372","36178584","chr3","46654662","46654857","53","10476290"
"chr1","36188145","36188444","chr1","34914463","34914760","26","1273682"
"chr1","36193638","36193941","chrX","47839719","47840022","36","11646081"
"chr1","36197851","36198021","chr7","7584089","7584243","41","28613762"
"chr1","36198069","36198361","chr1","34924549","34924838","16","1273520"
"chr1","36213746","36214050","chr4","35932130","35932431","35","281616"
"chr1","36223007","36223315","chr7","49080039","49080347","45","12857032"
"chr1","36223435","36223515","chr1","34951318","34951397","4","1272117"
"chr1","36223597","36223757","chr19","34961037","34961203","35","1262560"
"chr1","36228429","36228723","chr15","77777340","77777635","33","41548911"
"chr1","36232286","36232590","chr5","39343850","39344155","40","3111564"
"chr1","36236445","36236750","chr1","34966024","34966318","37","1270421"
"chr1","36237828","36237962","chr7","137660344","137660478","13","101422516"
"chr1","36238264","36238282","chr20","1362807","1362822","7","34875457"
"chr1","36238544","36238707","chr1","34968158","34968319","25","1270386"
"chr1","36253033","36253331","chr20","20991332","20991614","34","15261701"
"chr1","36264779","36265103","chrX","19309419","19309726","71","16955360"
"chr1","36272134","36272327","chr5","187073723","187073919","31","150801589"
"chr1","36281315","36281501","chr8","126054004","126054184","31","89772689"
"chr1","36281764","36281977","chr2","84307151","84307360","29","48025387"
"chr1","36291889","36292175","chr13","92379163","92379449","40","56087274"
"chr1","36300752","36301036","chr1","35042120","35042404","17","1258632"
"chr1","36312208","36312495","chr1","166079981","166080274","38","129767773"
"chr1","36313854","36314004","chr4","44130284","44130433","19","7816430"
"chr1","36320721","36320997","chr1","35066231","35066520","36","1254490"
"chr1","36321878","36322188","chr1","35067409","35067707","34","1254469"
"chr1","36375816","36376087","chr1","35121659","35121931","22","1254157"
"chr1","36377670","36377797","chr13","21727820","21727947","13","14649850"
"chr1","36381026","36381319","chr1","35127058","35127356","26","1253968"
"chr1","36385409","36385601","chr2","144497091","144497282","32","108111682"
"chr1","36385604","36385905","chr7","18502191","18502489","63","17883413"
"chr1","36391757","36392055","chr4","57896992","57897295","40","21505235"
"chr1","36394330","36394625","chr1","35139225","35139517","23","1255105"
"chr1","36397452","36397769","chr1","35142349","35142670","32","1255103"
"chr1","36427446","36427545","chr1","12222923","12223022","11","24204523"
"chr1","36427797","36427955","chr14","18834712","18834871","25","17593085"
"chr1","36435405","36435662","chr1","35181614","35181866","25","1253791"
"chr1","36439529","36439823","chr11","63310767","63311058","34","26871238"
"chr1","36442802","36443104","chr20","21068534","21068830","48","15374268"
"chr1","36454597","36454891","chr1","35199549","35199843","23","1255048"
"chr1","36456616","36456914","chr1","35201562","35201860","19","1255054"
"chr1","36466332","36466632","chr1","35210478","35210776","26","1255854"
"chr1","36469961","36470268","chr14","33330241","33330545","52","3139720"
"chr1","36487237","36487414","chr8","64679789","64679965","27","28192552"
"chr1","36506528","36506768","chr5","9984829","9985068","30","26521699"
"chr1","36508142","36508317","chr3","87852891","87853064","31","51344749"
"chr1","36508456","36508566","chr1","94182742","94182844","19","57674286"
"chr1","36516685","36517087","chr16","66827758","66828135","115","30311073"
"chr1","36519590","36519878","chr18","5146676","5146960","35","31372914"
"chr1","36522024","36522334","chr1","35267419","35267721","32","1254605"
"chr1","36523022","36523189","chr1","128303355","128303524","30","91780333"
"chr1","36541186","36541483","chr20","42678956","42679249","40","6137770"
"chr1","36547223","36547517","chr1","125348377","125348684","49","88801154"
"chr1","36593010","36593322","chr6","175590266","175590576","38","138997256"
"chr1","36605890","36606178","chr9","115113357","115113647","33","78507467"
"chr1","36629514","36629816","chr1","39804102","39804403","34","3174588"
"chr1","36630986","36631291","chr20","53705752","53706055","38","17074766"
"chr1","36632338","36632430","chr3","177675081","177675165","17","141042743"
"chr1","36644428","36644650","chr8","31096257","31096481","23","5548171"
"chr1","36654931","36655201","chr7","40703992","40704269","44","4049061"
"chr1","36666133","36666441","chr1","35425507","35425809","25","1240626"
"chr1","36668954","36669089","chr10","71389735","71389870","16","34720781"
"chr1","36669911","36670083","chr15","1194324","1194491","25","35475587"
"chr1","36672398","36672691","chr1","64718214","64718507","35","28045816"
"chr1","36675529","36675616","chr1","114060640","114060726","9","77385111"
"chr1","36676363","36676464","chr9","95466353","95466453","14","58789990"
"chr1","36684039","36684330","chr19","13989351","13989646","37","22694688"
"chr1","36685880","36686179","chr7","43067043","43067333","38","6381163"
"chr1","36688481","36688582","chr6","155856466","155856574","27","119167985"
"chr1","36688594","36688660","chr10","79449670","79449738","8","42761076"
"chr1","36708781","36709003","chr15","88759449","88759670","42","52050668"
"chr1","36730200","36730507","chr1","35497116","35497415","29","1233084"
"chr1","36740345","36740601","chr1","35507255","35507521","37","1233090"
"chr1","36747665","36747961","chr3","41130046","41130344","40","4382381"
"chr1","36756562","36756869","chr1","35519916","35520225","35","1236646"
"chr1","36798875","36799165","chr11","48892425","48892714","42","12093550"
"chr1","36807776","36807974","chr10","28724852","28725046","30","8082924"
"chr1","36819787","36820099","chr16","72854002","72854312","30","36034215"
"chr1","36830618","36830916","chr1","53265096","53265391","35","16434478"
"chr1","36832262","36832558","chr6","71534351","71534652","36","34702089"
"chr1","36838512","36838803","chr15","9035118","9035412","37","27803394"
"chr1","36844214","36844512","chr1","35613999","35614306","46","1230215"
"chr1","36845102","36845403","chr7","34134376","34134677","36","2710726"
"chr1","36856202","36856506","chr14","124293090","124293393","33","87436888"
"chr1","36859302","36859603","chr1","51432673","51432969","32","14573371"
"chr1","36865372","36865682","chr1","40610787","40611094","30","3745415"
"chr1","36876442","36876749","chr1","35648870","35649158","31","1227572"
"chr1","36950916","36951198","chr1","123238606","123238891","34","86287690"
"chr1","37199809","37199952","chr7","120346484","120346633","22","83146675"
"chr1","37212415","37212728","chr1","35797120","35797437","35","1415295"
"chr1","37247507","37247767","chr1","35827844","35828102","21","1419663"
"chr1","37267906","37268210","chr1","1270348","1270648","47","35997558"
"chr1","37323113","37323408","chr1","35902702","35903004","33","1420411"
"chr1","37359937","37360113","chr9","95543227","95543407","31","58183290"
"chr1","37364670","37364963","chr9","82180515","82180807","42","44815845"
"chr1","37448597","37448909","chr14","118773469","118773777","38","81324872"
"chr1","37568057","37568366","chr1","36149415","36149730","40","1418642"
"chr1","37591599","37591907","chr1","36171582","36171883","36","1420017"
"chr1","37634638","37634940","chrX","112616416","112616715","43","74981778"
"chr1","37674441","37674703","chr1","36255193","36255462","23","1419248"
"chr1","37725545","37725853","chr1","36307222","36307527","37","1418323"
"chr1","37887793","37888111","chr1","36455609","36455930","28","1432184"
"chr1","37889179","37889467","chr1","36456997","36457288","29","1432182"
"chr1","37949366","37949652","chr1","36516905","36517189","30","1432461"
"chr1","38004487","38004653","chr9","97325455","97325624","23","59320968"
"chr1","38004654","38004963","chr9","6386849","6387160","39","31617805"
"chr1","38017274","38017405","chrX","127885638","127885748","31","89868364"
"chr1","38044237","38044532","chr14","120943818","120944114","33","82899581"
"chr1","38046632","38046843","chr16","668407","668615","33","37378225"
"chr1","38058499","38058808","chr10","87498791","87499100","32","49440292"
"chr1","38085810","38086018","chr3","3200882","3201085","35","34884928"
"chr1","38110374","38110548","chr19","3064186","3064354","28","35046188"
"chr1","38113532","38113639","chr19","21594201","21594305","21","16519331"
"chr1","38118758","38119051","chr1","36690680","36690976","31","1428078"
"chr1","38129253","38129548","chr8","41814834","41815130","42","3685581"
"chr1","38141158","38141454","chr9","63616129","63616431","40","25474971"
"chr1","38148067","38148357","chr5","7365971","7366261","32","30782096"
"chr1","38153936","38154246","chr5","91933944","91934255","33","53780008"
"chr1","38158307","38158602","chr19","34246069","34246358","36","3912238"
"chr1","38171069","38171216","chr2","148106559","148106712","26","109935490"
"chr1","38199301","38199607","chr1","36770963","36771263","36","1428338"
"chr1","38207498","38207794","chr1","36779275","36779575","28","1428223"
"chr1","38219563","38219873","chr1","34227664","34227970","38","3991899"
"chr1","38222861","38223172","chr1","36794911","36795223","31","1427950"
"chr1","38239703","38240009","chr1","17831407","17831712","35","20408296"
"chr1","38247972","38248261","chr5","58864170","58864457","38","20616198"
"chr1","38249706","38249964","chr1","36821041","36821303","18","1428665"
"chr1","38266888","38267198","chr1","36839080","36839377","37","1427808"
"chr1","38274872","38275169","chr1","43419061","43419362","43","5144189"
"chr1","38326579","38326875","chr1","36905300","36905598","24","1421279"
"chr1","38328065","38328312","chr3","61201652","61201899","30","22873587"
"chr1","38334240","38334543","chr1","36913313","36913609","35","1420927"
"chr1","38344192","38344400","chr2","204638025","204638229","37","166293833"
"chr1","38356457","38356740","chr2","69251967","69252248","38","30895510"
"chr1","38358360","38358470","chr9","63658328","63658441","24","25299968"
"chr1","38358471","38358664","chr2","188277497","188277692","33","149919026"
"chr1","38360285","38360585","chr1","36939510","36939814","38","1420775"
"chr1","38371514","38371809","chr5","127394159","127394457","24","89022645"
"chr1","38394893","38395189","chr11","132437462","132437750","37","94042569"
"chr1","38397340","38397651","chr6","148798979","148799291","53","110401639"
"chr1","38399675","38399813","chr7","16748615","16748755","17","21651060"
"chr1","38408104","38408388","chrX","9102633","9102917","35","29305471"
"chr1","38408723","38408970","chrX","112717395","112717644","36","74308672"
"chr1","38411224","38411380","chr13","43952281","43952438","26","5541057"
"chr1","38420561","38420740","chr1","130573108","130573282","22","92152547"
"chr1","38420872","38420982","chr1","203207333","203207443","17","164786461"
"chr1","38424724","38425025","chr1","205847853","205848155","37","167423129"
"chr1","38429344","38429650","chr1","37010205","37010496","38","1419139"
"chr1","38442536","38442832","chr1","37023476","37023776","21","1419060"
"chr1","38446020","38446337","chr1","37026974","37027275","41","1419046"
"chr1","38460282","38460591","chr3","9901815","9902119","43","28558467"
"chr1","38471924","38472223","chr1","37055374","37055661","32","1416550"
"chr1","38485595","38485733","chr1","37068893","37069031","10","1416702"
"chr1","38486318","38486410","chr11","43832965","43833051","16","5346647"
"chr1","38486543","38486830","chr9","84478732","84479016","38","45992189"
"chr1","38487633","38487918","chr1","37071095","37071392","31","1416538"
"chr1","38494605","38494678","chr16","24935048","24935121","12","13559557"
"chr1","38494966","38495060","chr19","33137833","33137927","18","5357133"
"chr1","38517328","38517603","chr3","163208068","163208350","44","124690740"
"chr1","38526524","38526834","chr5","168856198","168856499","38","130329674"
"chr1","38542670","38542832","chr1","37123603","37123779","28","1419067"
"chr1","38543340","38543500","chr6","43969089","43969241","30","5425749"
"chr1","38544978","38545286","chr11","48521632","48521940","36","9976654"
"chr1","38546105","38546411","chr1","37126650","37126959","23","1419455"
"chr1","38558482","38558606","chr11","66431883","66432008","17","27873401"
"chr1","38582489","38582618","chr16","2483426","2483556","15","36099063"
"chr1","38583683","38583982","chr1","37165243","37165544","32","1418440"
"chr1","38584078","38584210","chr1","34264663","34264792","32","4319415"
"chr1","38594459","38594768","chr5","58278167","58278471","32","19683708"
"chr1","38599112","38599423","chr1","37179443","37179751","30","1419669"
"chr1","38607050","38607343","chr10","30442537","30442830","35","8164513"
"chr1","38624001","38624220","chr11","118500754","118500968","31","79876753"
"chr1","38635019","38635310","chr1","37217541","37217832","27","1417478"
"chr1","38640766","38641064","chr1","37224509","37224806","23","1416257"
"chr1","38647412","38647669","chr1","37232417","37232674","24","1414995"
"chr1","38652880","38653192","chr1","37237820","37238130","26","1415060"
"chr1","38686697","38687003","chr3","122758536","122758834","38","84071839"
"chr1","38699587","38699753","chr19","15492088","15492253","27","23207499"
"chr1","38718735","38719042","chr1","37307282","37307583","27","1411453"
"chr1","38723772","38724058","chr1","37312329","37312619","18","1411443"
"chr1","38735802","38736080","chr5","47773430","47773713","31","9037628"
"chr1","38809045","38809345","chr1","37396929","37397224","32","1412116"
"chr1","38815996","38816303","chrX","15989207","15989511","48","22826789"
"chr1","38872833","38872953","chr1","162948066","162948191","19","124075233"
"chr1","38920890","38921199","chr11","95865708","95866010","33","56944818"
"chr1","38943494","38943771","chr1","37523915","37524200","29","1419579"
"chr1","39085977","39086285","chr1","37658048","37658353","26","1427929"
"chr1","39087166","39087479","chr1","37659238","37659546","48","1427928"
"chr1","39089732","39089914","chr11","112607244","112607433","37","73517512"
"chr1","39152711","39153003","chr1","37725942","37726243","43","1426769"
"chr1","39229681","39229982","chr3","124778963","124779266","51","85549282"
"chr1","39335933","39336149","chr1","37911503","37911717","14","1424430"
"chr1","39347919","39348206","chr1","37922188","37922488","37","1425731"
"chr1","39374211","39374506","chr1","37952279","37952575","25","1421932"
"chr1","39376701","39377000","chr6","136798827","136799128","34","97422126"
"chr1","39378850","39379167","chr16","49577471","49577781","40","10198621"
"chr1","39421940","39422225","chr1","37994061","37994347","24","1427879"
"chr1","39467958","39468268","chr1","38039309","38039612","23","1428649"
"chr1","39489044","39489299","chr9","97498932","97499190","43","58009888"
"chr1","39501280","39501416","chr12","83935262","83935397","14","44433982"
"chr1","39502195","39502332","chr4","158835451","158835593","21","119333256"
"chr1","39503308","39503619","chr1","38076901","38077202","32","1426407"
"chr1","39506461","39506757","chr2","150804486","150804778","47","111298025"
"chr1","39508364","39508657","chr1","38082739","38083023","26","1425625"
"chr1","39520050","39520193","chr1","12240468","12240612","16","27279582"
"chr1","39533247","39533382","chr9","109685615","109685747","14","70152368"
"chr1","39550339","39550357","chr19","5037113","5037129","5","34513226"
"chr1","39553057","39553216","chr16","6858537","6858688","28","32694520"
"chr1","39564097","39564299","chrX","9150025","9150226","26","30414072"
"chr1","39564629","39564936","chr1","38142795","38143101","21","1421834"
"chr1","39566114","39566392","chr1","38144288","38144564","37","1421826"
"chr1","39566547","39566722","chr6","124572429","124572608","29","85005882"
"chr1","39570589","39570767","chr8","47205989","47206172","27","7635400"
"chr1","39572977","39573261","chr1","31889744","31890030","37","7683233"
"chr1","39576611","39576913","chr1","38156354","38156663","34","1420257"
"chr1","39584289","39584571","chr8","79732285","79732567","43","40147996"
"chr1","39585387","39585716","chr13","49045537","49045844","97","9460150"
"chr1","39588222","39588520","chr3","62999264","62999556","36","23411042"
"chr1","39589316","39589614","chr17","84246025","84246317","36","44656709"
"chr1","39605341","39605630","chr9","60940784","60941073","37","21335443"
"chr1","39607798","39608070","chr14","104454047","104454314","36","64846249"
"chr1","39610181","39610480","chr1","38186141","38186439","25","1424040"
"chr1","39612581","39612713","chr9","89613171","89613303","11","50000590"
"chr1","39619465","39619628","chr9","4641675","4641840","22","34977790"
"chr1","39619929","39620064","chr2","40953991","40954127","20","1334062"
"chr1","39623701","39623966","chr9","88532256","88532523","37","48908555"
"chr1","39635365","39635674","chrX","123974305","123974614","44","84338940"
"chr1","39645387","39645670","chr8","63836992","63837276","33","24191605"
"chr1","39653486","39653703","chr8","8641143","8641363","34","31012343"
"chr1","39658542","39658717","chr1","25825674","25825851","28","13832868"
"chr1","39659286","39659594","chr18","371369","371677","33","39287917"
"chr1","39662876","39663167","chr1","38239128","38239421","34","1423748"
"chr1","39741322","39741597","chr5","51170047","51170316","39","11428725"
"chr1","39742542","39742829","chr1","38399521","38399807","25","1343021"
"chr1","39753308","39753608","chr6","20317307","20317607","33","19436001"
"chr1","39754195","39754487","chr1","38412022","38412324","28","1342173"
"chr1","39759741","39759851","chrX","8656290","8656402","15","31103451"
"chr1","39781536","39781832","chr1","38440044","38440344","30","1341492"
"chr1","39781885","39781895","chr4","449784","449794","0","39332101"
"chr1","39782428","39782717","chr7","28329692","28329979","36","11452736"
"chr1","39782750","39782881","chr6","137317853","137317983","14","97535103"
"chr1","39790894","39791002","chr12","106135345","106135451","16","66344451"
"chr1","39791440","39791546","chr8","98635433","98635540","14","58843993"
"chr1","39804162","39804411","chr1","38462695","38462950","33","1341467"
"chr1","39804415","39804546","chr7","52682488","52682622","15","12878073"
"chr1","39828669","39828977","chr1","38487646","38487954","18","1341023"
"chr1","39835097","39835387","chr20","56831413","56831703","35","16996316"
"chr1","39843352","39843646","chr1","38501866","38502158","29","1341486"
"chr1","39858231","39858524","chr1","38516361","38516635","40","1341870"
"chr1","39859856","39860145","chr1","38517957","38518249","20","1341899"
"chr1","39879860","39880158","chr11","53118374","53118663","41","13238514"
"chr1","39893197","39893507","chr20","20376808","20377116","39","19516389"
"chr1","39902267","39902553","chr1","38560616","38560901","26","1341651"
"chr1","39909013","39909307","chr5","15334601","15334897","36","24574412"
"chr1","39966434","39966720","chr1","38625514","38625799","24","1340920"
"chr1","39984756","39984824","chr11","6816562","6816629","9","33168194"
"chr1","40005704","40006011","chr1","38666203","38666515","36","1339501"
"chr1","40010737","40011037","chr1","38671249","38671550","32","1339488"
"chr1","40014439","40014751","chr16","799351","799657","33","39215088"
"chr1","40015197","40015489","chr1","42063040","42063336","38","2047843"
"chr1","40017798","40018098","chr1","38678360","38678663","28","1339438"
"chr1","40028583","40028881","chr1","38688661","38688975","37","1339922"
"chr1","40048257","40048273","chr8","3626746","3626762","2","36421511"
"chr1","40049778","40050083","chr1","38711378","38711689","31","1338400"
"chr1","40050587","40050880","chr20","42678956","42679249","39","2628369"
"chr1","40065454","40065753","chr1","38726332","38726635","26","1339122"
"chr1","40085356","40085661","chr1","38748320","38748620","23","1337036"
"chr1","40088899","40089206","chr1","123644273","123644576","31","83555374"
"chr1","40099059","40099231","chr1","128904529","128904699","30","88805470"
"chr1","40113855","40114146","chr1","38777192","38777483","17","1336663"
"chr1","40153920","40154076","chr1","38812994","38813150","10","1340926"
"chr1","40162987","40163296","chr1","38823765","38824069","31","1339222"
"chr1","40166466","40166752","chr1","38827184","38827470","37","1339282"
"chr1","40191084","40191372","chr13","92379163","92379449","31","52188079"
"chr1","40217613","40217685","chr15","56720594","56720666","9","16502981"
"chr1","40219117","40219414","chr1","38882633","38882939","33","1336484"
"chr1","40220175","40220483","chr4","164884910","164885219","38","124664735"
"chr1","40238728","40239037","chr1","38902300","38902608","27","1336428"
"chr1","40265726","40266060","chr11","54028665","54029000","47","13762939"
"chr1","40312524","40312648","chr1","7373118","7373239","15","32939406"
"chr1","40312656","40312944","chr9","12622765","12623053","31","27689891"
"chr1","40323438","40323721","chr1","38986821","38987108","30","1336617"
"chr1","40330456","40330766","chr13","54172103","54172410","33","13841647"
"chr1","40343646","40343803","chr7","120346484","120346633","25","80002838"
"chr1","40351398","40351705","chr1","39015850","39016154","33","1335548"
"chr1","40410875","40411173","chr5","139653331","139653632","34","99242456"
"chr1","40412221","40412517","chr7","62550872","62551158","50","22138651"
"chr1","40414572","40414866","chr1","39077916","39078213","28","1336656"
"chr1","40419998","40420284","chrX","52560249","52560544","32","12140251"
"chr1","40437166","40437487","chr1","39088029","39088352","29","1349137"
"chr1","40437662","40437963","chr1","39088542","39088852","21","1349120"
"chr1","40447407","40447631","chr1","39098488","39098713","20","1348919"
"chr1","40468794","40469102","chr1","39120628","39120934","48","1348166"
"chr1","40505415","40505568","chr4","44129939","44130089","19","3624524"
"chr1","40530788","40531081","chr16","30959648","30959942","41","9571140"
"chr1","40539183","40539463","chr1","39199826","39200107","18","1339357"
"chr1","40540591","40540701","chr10","66072208","66072319","15","25531617"
"chr1","40547127","40547422","chr2","204411458","204411754","35","163864331"
"chr1","40553949","40554100","chr7","120346484","120346633","28","79792535"
"chr1","40578244","40578524","chr7","127339486","127339779","29","86761242"
"chr1","40586094","40586396","chr19","20676318","20676616","31","19909776"
"chr1","40586398","40586557","chr13","43952281","43952438","22","3365883"
"chr1","40593414","40593635","chr3","40213090","40213310","30","380324"
"chr1","40594100","40594197","chr6","156104904","156104999","16","115510804"
"chr1","40595854","40596146","chrX","40517713","40518010","38","78141"
"chr1","40597229","40597524","chr15","110406639","110406933","30","69809410"
"chr1","40597785","40598076","chr18","47950403","47950694","36","7352618"
"chr1","40602986","40603287","chr1","39286032","39286323","27","1316954"
"chr1","40611740","40612043","chr1","39294932","39295245","28","1316808"
"chr1","40621686","40621985","chr1","39307225","39307535","36","1314461"
"chr1","40629849","40630155","chr20","63504291","63504596","40","22874442"
"chr1","40636152","40636323","chr19","3064186","3064354","18","37571966"
"chr1","40639888","40640021","chr3","175611360","175611495","13","134971472"
"chr1","40640022","40640321","chr3","7138329","7138625","45","33501693"
"chr1","40640322","40640496","chr20","411897","412077","34","40228425"
"chr1","40643639","40643932","chr1","39326132","39326423","21","1317507"
"chr1","40645138","40645277","chr3","40638454","40638604","27","6684"
"chr1","40653073","40653203","chrX","113513431","113513558","17","72860358"
"chr1","40657154","40657472","chr3","43024886","43025192","37","2367732"
"chr1","40661425","40661676","chr14","18111755","18112003","34","22549670"
"chr1","40665230","40665496","chr1","39348669","39348957","48","1316561"
"chr1","40686807","40687100","chr1","39370948","39371239","27","1315859"
"chr1","40687292","40687586","chr1","39371430","39371728","29","1315862"
"chr1","40692355","40692640","chr3","170738078","170738362","32","130045723"
"chr1","40710574","40710871","chr6","44313901","44314193","42","3603327"
"chr1","40718820","40719134","chr16","49577471","49577781","35","8858651"
"chr1","40720107","40720415","chr7","162432937","162433243","34","121712830"
"chr1","40741151","40741441","chr17","76463145","76463430","40","35721994"
"chr1","40742578","40742874","chr1","39423115","39423419","24","1319463"
"chr1","40744387","40744700","chr20","55147901","55148203","58","14403514"
"chr1","40747814","40748103","chr9","59685986","59686279","35","18938172"
"chr1","40784394","40784667","chr1","39481244","39481517","22","1303150"
"chr1","40790545","40790843","chr1","39487042","39487341","40","1303503"
"chr1","40806456","40806737","chr3","5192807","5193084","42","35613649"
"chr1","40829156","40829463","chr1","39525925","39526222","38","1303231"
"chr1","40837251","40837412","chr3","160490400","160490565","35","119653149"
"chr1","40857383","40857675","chr1","39555548","39555822","36","1301835"
"chr1","40875044","40875346","chr1","39575358","39575660","22","1299686"
"chr1","40886523","40886817","chr2","169559582","169559876","35","128673059"
"chr1","40888727","40889024","chr1","39590134","39590435","27","1298593"
"chr1","40893993","40894281","chr13","14714807","14715101","44","26179186"
"chr1","40905279","40905429","chr4","166303006","166303156","20","125397727"
"chr1","40936646","40936932","chr6","64801784","64802074","45","23865138"
"chr1","40941402","40941673","chr3","36114319","36114587","39","4827083"
"chr1","40946303","40946599","chr7","18502191","18502489","33","22444112"
"chr1","40953974","40954232","chr8","23500748","23501007","36","17453226"
"chr1","40956212","40956472","chr1","129089131","129089396","45","88132919"
"chr1","40964781","40964950","chr2","188225310","188225477","26","147260529"
"chr1","40965634","40965710","chr1","39656281","39656348","13","1309353"
"chr1","40965832","40966003","chr15","85342414","85342588","25","44376582"
"chr1","40966757","40966914","chr4","163053093","163053252","21","122086336"
"chr1","40972323","40972578","chr1","39669785","39670041","19","1302538"
"chr1","40974192","40974488","chr1","39671661","39671954","17","1302531"
"chr1","41003100","41003399","chr6","91735449","91735750","35","50732349"
"chr1","41012984","41013285","chr5","25083724","25084024","40","15929260"
"chr1","41035635","41035941","chr1","39732537","39732836","37","1303098"
"chr1","41043337","41043648","chr1","39740032","39740336","27","1303305"
"chr1","41046353","41046485","chr1","28201933","28202067","17","12844420"
"chr1","41056994","41057289","chr1","39750252","39750560","28","1306742"
"chr1","41076948","41077257","chr1","39771348","39771657","23","1305600"
"chr1","41092413","41092584","chr1","39787198","39787377","27","1305215"
"chr1","41093111","41093241","chr19","38786900","38787030","13","2306211"
"chr1","41100433","41100723","chr16","5048763","5049058","33","36051670"
"chr1","41109621","41109910","chr1","39804102","39804403","31","1305519"
"chr1","41114204","41114495","chr1","39808407","39808699","23","1305797"
"chr1","41114892","41115196","chr7","10379231","10379537","39","30735661"
"chr1","41128735","41129038","chr1","112517831","112518130","36","71389096"
"chr1","41131593","41131725","chr3","130974704","130974838","16","89843111"
"chr1","41173028","41173286","chr1","107312915","107313177","37","66139887"
"chr1","41173959","41174256","chr1","39864795","39865096","21","1309164"
"chr1","41179531","41179828","chr3","178949621","178949924","38","137770090"
"chr1","41183289","41183591","chr1","39874113","39874406","33","1309176"
"chr1","41185483","41185659","chr1","25825674","25825851","27","15359809"
"chr1","41186619","41186732","chr3","42871024","42871136","21","1684405"
"chr1","41187770","41188064","chr7","43067043","43067333","31","1879273"
"chr1","41193630","41193919","chr13","63671215","63671500","37","22477585"
"chr1","41198442","41198730","chr1","39888778","39889065","45","1309664"
"chr1","41199390","41199682","chr9","59685986","59686279","30","18486596"
"chr1","41203973","41204267","chr2","146462167","146462465","36","105258194"
"chr1","41214357","41214532","chr6","132206031","132206198","30","90991674"
"chr1","41215109","41215390","chr19","2388975","2389250","44","38826134"
"chr1","41218393","41218688","chr7","53567985","53568279","29","12349592"
"chr1","41227755","41228046","chr1","39916413","39916711","26","1311342"
"chr1","41229240","41229549","chr10","12541086","12541391","30","28688154"
"chr1","41244714","41244979","chr1","39936306","39936577","29","1308408"
"chr1","41289418","41289729","chr1","39983403","39983712","26","1306015"
"chr1","41308039","41308338","chrX","40395926","40396225","37","912113"
"chr1","41311072","41311309","chr17","76043406","76043643","39","34732334"
"chr1","41315453","41315741","chr17","23035596","23035884","29","18279857"
"chr1","41340258","41340524","chr1","40030135","40030400","17","1310123"
"chr1","41346637","41346943","chr3","43024886","43025192","42","1678249"
"chr1","41375364","41375662","chr1","40067738","40068036","30","1307626"
"chr1","41464244","41464536","chr1","40158700","40158997","23","1305544"
"chr1","41479128","41479438","chr1","40173790","40174098","24","1305338"
"chr1","41501153","41501451","chr1","142214846","142215140","32","100713693"
"chr1","41515397","41515708","chr1","40212003","40212310","32","1303394"
"chr1","41522026","41522341","chrX","100926712","100927019","40","59404686"
"chr1","41530528","41530808","chr1","40226524","40226805","21","1304004"
"chr1","41536144","41536443","chrX","8680001","8680299","35","32856143"
"chr1","41539132","41539247","chr1","8787564","8787680","15","32751568"
"chr1","41539704","41539815","chr19","44485715","44485824","16","2946011"
"chr1","41560540","41560843","chr20","8006906","8007198","43","33553634"
"chr1","41568922","41569216","chr1","113822360","113822643","42","72253438"
"chr1","41571733","41571916","chr1","22526172","22526359","29","19045561"
"chr1","41572360","41572476","chr1","40266497","40266608","13","1305863"
"chr1","41574699","41574974","chr1","40276560","40276843","36","1298139"
"chr1","41604288","41604588","chr1","40307771","40308074","31","1296517"
"chr1","41604912","41605222","chr1","40308849","40309157","27","1296063"
"chr1","41606372","41606751","chr16","2431866","2432244","115","39174506"
"chr1","41654119","41654413","chr1","40356653","40356941","28","1297466"
"chr1","41659278","41659578","chr1","219141361","219141657","32","177482083"
"chr1","41702123","41702351","chr16","9675962","9676190","33","32026161"
"chr1","41720765","41721071","chr14","22313522","22313826","25","19407243"
"chr1","41726249","41726539","chr1","40448354","40448642","20","1277895"
"chr1","41765060","41765364","chr1","40477321","40477608","36","1287739"
"chr1","41920437","41920740","chr1","40622911","40623204","29","1297526"
"chr1","41946912","41947219","chr1","40649200","40649488","32","1297712"
"chr1","41953797","41954089","chr9","58433485","58433789","47","16479688"
"chr1","41992508","41992767","chr3","21355687","21355945","41","20636821"
"chr1","42055517","42055642","chr1","110628489","110628615","21","68572972"
"chr1","42056165","42056285","chr10","74336072","74336186","20","32279907"
"chr1","42217849","42218161","chr15","39378476","39378791","38","2839373"
"chr1","42321132","42321436","chr1","41040847","41041151","26","1280285"
"chr1","42419731","42420038","chr18","47250296","47250603","40","4830565"
"chr1","42683166","42683472","chr1","41344611","41344920","29","1338555"
"chr1","42801466","42801758","chr1","86816862","86817153","33","44015396"
"chr1","42836105","42836400","chr17","77075517","77075809","47","34239412"
"chr1","42857023","42857318","chr1","41523678","41523977","31","1333345"
"chr1","42861514","42861783","chr3","164848080","164848350","51","121986566"
"chr1","42865440","42865742","chr11","110573347","110573643","38","67707907"
"chr1","42874982","42875280","chr1","41540771","41541063","35","1334211"
"chr1","42902610","42902832","chr19","34537638","34537863","39","8364972"
"chr1","42904044","42904325","chr1","41570642","41570941","37","1333402"
"chr1","42937488","42937677","chr13","64990371","64990560","30","22052883"
"chr1","42961146","42961453","chr1","166387645","166387949","38","123426499"
"chr1","42974880","42975181","chr2","108511509","108511810","42","65536629"
"chr1","42982907","42983197","chr1","41639488","41639776","31","1343419"
"chr1","42991923","42992227","chr2","109793679","109793978","35","66801756"
"chr1","42999828","42999994","chr2","69424628","69424798","23","26424800"
"chr1","43022731","43023027","chrX","127362936","127363225","35","84340205"
"chr1","43027791","43028038","chr1","41686550","41686797","15","1341241"
"chr1","43030213","43030520","chr1","41689087","41689386","37","1341126"
"chr1","43032693","43032984","chr1","41691570","41691860","21","1341123"
"chr1","43066600","43066622","chr1","120253985","120254008","4","77187385"
"chr1","43066760","43067044","chr17","29335507","29335791","31","13731253"
"chr1","43067385","43067419","chr10","84409156","84409186","9","41341771"
"chr1","43067733","43067874","chr1","27806170","27806303","21","15261563"
"chr1","43073321","43073586","chr1","41733598","41733863","11","1339723"
"chr1","43121062","43121367","chr1","148439557","148439865","45","105318495"
"chr1","43173785","43173917","chr1","161382752","161382881","16","118208967"
"chr1","43175073","43175253","chr10","17022071","17022251","34","26153002"
"chr1","43187121","43187298","chr16","48040796","48040975","23","4853675"
"chr1","43202355","43202552","chr19","34834553","34834754","29","8367802"
"chr1","43222498","43222691","chr3","82100916","82101121","44","38878418"
"chr1","43233336","43233631","chr1","41892646","41892924","34","1340690"
"chr1","43234737","43235041","chr1","41893997","41894301","22","1340740"
"chr1","43242610","43242906","chr1","41901938","41902238","31","1340672"
"chr1","43243338","43243608","chr1","41902671","41902942","26","1340667"
"chr1","43247160","43247468","chr1","41906460","41906768","20","1340700"
"chr1","43251673","43251963","chr1","41911242","41911533","12","1340431"
"chr1","43258396","43258698","chr15","50351605","50351909","37","7093209"
"chr1","43293144","43293438","chr1","9601563","9601859","48","33691581"
"chr1","43294546","43294855","chr3","83226353","83226666","33","39931807"
"chr1","43308675","43308985","chr1","41970995","41971307","25","1337680"
"chr1","43310628","43310774","chr18","47328828","47328978","25","4018200"
"chr1","43324670","43324956","chr1","41987328","41987627","28","1337342"
"chr1","43333086","43333402","chr7","53253342","53253651","41","9920256"
"chr1","43341200","43341496","chr5","93179263","93179563","32","49838063"
"chr1","43348598","43348908","chr15","85396569","85396880","44","42047971"
"chr1","43350458","43350755","chr1","42012944","42013245","30","1337514"
"chr1","43464746","43465035","chr7","63152079","63152370","33","19687333"
"chr1","43490266","43490412","chr11","67342046","67342194","19","23851780"
"chr1","43497817","43498111","chr1","42170526","42170823","19","1327291"
"chr1","43512201","43512465","chr1","129089131","129089396","40","85576930"
"chr1","43557061","43557351","chr3","40850899","40851184","32","2706162"
"chr1","43558821","43559109","chr1","42284145","42284430","18","1274676"
"chr1","43567618","43567901","chr1","42285609","42285907","41","1282009"
"chr1","43594815","43594950","chr16","24839455","24839591","19","18755360"
"chr1","43614564","43614865","chr1","42338629","42338925","26","1275935"
"chr1","43630189","43630481","chr1","42356329","42356622","48","1273860"
"chr1","43644663","43644967","chr8","64112492","64112797","36","20467829"
"chr1","43651285","43651545","chr1","139650554","139650817","34","95999269"
"chr1","43661223","43661522","chr1","42384734","42385038","26","1276489"
"chr1","43664051","43664342","chrX","8978538","8978833","32","34685513"
"chr1","43672054","43672360","chr8","93049829","93050127","46","49377775"
"chr1","43711026","43711327","chr6","73393768","73394067","40","29682742"
"chr1","43726785","43727091","chrX","1982991","1983297","32","41743794"
"chr1","43731154","43731462","chr1","42458629","42458934","33","1272525"
"chr1","43737359","43737491","chr5","3251194","3251329","11","40486165"
"chr1","43748370","43748677","chr1","42475007","42475313","49","1273363"
"chr1","43748791","43749080","chr7","53567985","53568279","38","9819194"
"chr1","43755153","43755468","chr1","42481759","42482052","31","1273394"
"chr1","43822316","43822623","chr6","147879619","147879924","33","104057303"
"chr1","43828795","43829084","chr1","42653706","42653991","33","1175089"
"chr1","43861759","43861999","chr17","82147100","82147339","41","38285341"
"chr1","43891611","43891769","chr16","44937774","44937929","26","1046163"
"chr1","43974040","43974337","chr1","42788098","42788378","37","1185942"
"chr1","43993599","43993909","chr1","42809550","42809861","33","1184049"
"chr1","44011613","44011921","chr1","1476749","1477052","34","42534864"
"chr1","44016840","44017141","chr1","42825359","42825670","31","1191481"
"chr1","44021713","44022013","chr1","42829942","42830229","31","1191771"
"chr1","44022929","44023230","chr1","67135280","67135580","38","23112351"
"chr1","44058367","44058561","chr15","31981090","31981280","40","12077277"
"chr1","44075834","44076133","chr1","42885939","42886240","34","1189895"
"chr1","44076204","44076510","chr1","39371430","39371728","47","4704774"
"chr1","44123093","44123382","chr1","42934498","42934788","22","1188595"
"chr1","44184989","44185152","chrX","47540022","47540184","29","3355033"
"chr1","44185226","44185315","chr3","94091562","94091650","21","49906336"
"chr1","44194471","44194603","chr1","130415820","130415954","15","86221349"
"chr1","44204457","44204757","chr1","31889744","31890030","49","12314713"
"chr1","44290234","44290537","chr5","49234420","49234719","37","4944186"
"chr1","44301521","44301820","chr6","11866650","11866952","37","32434871"
"chr1","44310572","44310848","chrX","40056549","40056830","39","4254023"
"chr1","44314386","44314706","chr1","43130295","43130597","60","1184091"
"chr1","44314856","44315151","chr1","43130746","43131040","21","1184110"
"chr1","44316341","44316632","chr3","178976330","178976618","38","134659989"
"chr1","44316634","44316788","chr13","107655378","107655537","28","63338744"
"chr1","44334292","44334595","chr1","43153023","43153321","31","1181269"
"chr1","44339252","44339397","chr4","44130284","44130433","17","208968"
"chr1","44377409","44377662","chr7","5635314","5635566","39","38742095"
"chr1","44396791","44397084","chr1","43220346","43220635","25","1176445"
"chr1","44397286","44397583","chr1","43221153","43221446","21","1176133"
"chr1","44418475","44418688","chr16","14036863","14037070","39","30381612"
"chr1","44481832","44482114","chr7","3450180","3450461","27","41031652"
"chr1","44533772","44533988","chr16","668407","668615","32","43865365"
"chr1","44542247","44542540","chr1","43370416","43370709","29","1171831"
"chr1","44561124","44561420","chr1","43389723","43390025","28","1171401"
"chr1","44566980","44567273","chr1","43395802","43396099","26","1171178"
"chr1","44598547","44598849","chr1","43428414","43428732","34","1170133"
"chr1","44625352","44625652","chr1","43455710","43456015","26","1169642"
"chr1","44676863","44677156","chrX","52560249","52560544","31","7883386"
"chr1","44695695","44695995","chr16","46011891","46012194","45","1316196"
"chr1","44696351","44696658","chr1","43528766","43529070","27","1167585"
"chr1","44698510","44698624","chr19","19949995","19950109","14","24748515"
"chr1","44698880","44698998","chr20","21802714","21802813","29","22896166"
"chr1","44699559","44699861","chr1","43531786","43532087","31","1167773"
"chr1","44722725","44723019","chr5","149994321","149994614","48","105271596"
"chr1","44818918","44819237","chr1","43706247","43706542","42","1112671"
"chr1","44831416","44831707","chr1","43719785","43720068","24","1111631"
"chr1","44849500","44849817","chr1","43737262","43737564","41","1112238"
"chr1","44865181","44865247","chr1","22619342","22619410","9","22245839"
"chr1","44865905","44866142","chr2","72888703","72888943","43","28022798"
"chr1","44872500","44872789","chr1","43758958","43759250","27","1113542"
"chr1","45041157","45041345","chr1","20267473","20267639","36","24773684"
"chr1","45041373","45041494","chr8","10595405","10595524","12","34445968"
"chr1","45057995","45058228","chr13","61703170","61703404","27","16645175"
"chr1","45063740","45064042","chr1","43950047","43950337","36","1113693"
"chr1","45097859","45098166","chr1","43984385","43984694","26","1113474"
"chr1","45105094","45105387","chr15","27330681","27330978","47","17774413"
"chr1","45115206","45115509","chr1","162812566","162812863","31","117697360"
"chr1","45146223","45146516","chr1","44032064","44032350","20","1114159"
"chr1","45149451","45149752","chr1","44036279","44036579","37","1113172"
"chr1","45158059","45158359","chr1","44045663","44045955","26","1112396"
"chr1","45188595","45188890","chr1","44077346","44077644","35","1111249"
"chr1","45198269","45198563","chr12","115141391","115141684","37","69943122"
"chr1","45220762","45221050","chr1","50853090","50853377","35","5632328"
"chr1","45233934","45234231","chr1","44125062","44125371","36","1108872"
"chr1","45270111","45270403","chr1","5050480","5050765","34","40219631"
"chr1","45308722","45309038","chr15","51494118","51494425","36","6185396"
"chr1","45328807","45329032","chr16","71909561","71909798","35","26580754"
"chr1","45359691","45359975","chr1","44257774","44258057","21","1101917"
"chr1","45381155","45381436","chr3","7151888","7152177","39","38229267"
"chr1","45394030","45394334","chr1","44291095","44291413","41","1102935"
"chr1","45410061","45410350","chr1","44305283","44305570","30","1104778"
"chr1","45415454","45415763","chrX","23558557","23558868","38","21856897"
"chr1","45416619","45416920","chr1","44310684","44310991","30","1105935"
"chr1","45426414","45426679","chr18","47191826","47192094","35","1765412"
"chr1","45433652","45433809","chr6","143310132","143310288","22","97876480"
"chr1","45443105","45443402","chr12","20203356","20203653","28","25239749"
"chr1","45449037","45449203","chr3","125683456","125683623","37","80234419"
"chr1","45449702","45449834","chr10","59681553","59681689","20","14231851"
"chr1","45484543","45484843","chr14","15756054","15756351","34","29728489"
"chr1","45493760","45494071","chr1","44388890","44389181","41","1104870"
"chr1","45495388","45495646","chr2","80151819","80152082","33","34656431"
"chr1","45506476","45506778","chr1","44403275","44403583","28","1103201"
"chr1","45508030","45508312","chr10","12659402","12659674","46","32848628"
"chr1","45513342","45513633","chr1","44409479","44409772","24","1103863"
"chr1","45516376","45516677","chr9","102436573","102436871","45","56920197"
"chr1","45525240","45525532","chr19","44781977","44782268","32","743263"
"chr1","45529008","45529328","chr12","65516515","65516829","54","19987507"
"chr1","45533908","45534194","chr1","44430015","44430301","23","1103893"
"chr1","45536369","45536590","chr15","45308771","45308991","27","227598"
"chr1","45543348","45543664","chr1","44439884","44440216","38","1103464"
"chr1","45546486","45546786","chr1","44443095","44443396","18","1103391"
"chr1","45574452","45574761","chr1","44476911","44477220","35","1097541"
"chr1","45596743","45597035","chr1","44500380","44500684","32","1096363"
"chr1","45600528","45600818","chr1","44504201","44504492","14","1096327"
"chr1","45613088","45613387","chr1","44516581","44516880","23","1096507"
"chr1","45621001","45621294","chr1","44523838","44524147","33","1097163"
"chr1","45646992","45647276","chr1","44554511","44554803","40","1092481"
"chr1","45654835","45654981","chr7","120346484","120346633","24","74691649"
"chr1","45661472","45661637","chr5","80521478","80521650","42","34860006"
"chr1","45691785","45692096","chr16","45595072","45595379","38","96713"
"chr1","45692264","45692563","chr14","15756054","15756351","28","29936210"
"chr1","45697891","45698015","chr8","79499448","79499575","14","33801557"
"chr1","45698534","45698662","chr12","22433754","22433884","19","23264780"
"chr1","45703530","45703842","chr1","44611146","44611453","28","1092384"
"chr1","45705705","45705809","chr16","667338","667442","9","45038367"
"chr1","45708935","45709232","chr11","48147631","48147935","32","2438696"
"chr1","45721931","45722094","chr1","89718597","89718758","26","43996666"
"chr1","45722392","45722527","chr7","82557452","82557586","16","36835060"
"chr1","45723418","45723727","chr3","169762657","169762952","46","124039239"
"chr1","45735120","45735434","chr1","44642387","44642695","24","1092733"
"chr1","45828294","45828431","chr1","44748362","44748500","17","1079932"
"chr1","45838374","45838684","chr1","43419061","43419362","42","2419313"
"chr1","45840056","45840154","chr15","94696541","94696637","12","48856485"
"chr1","45840265","45840564","chr2","178897986","178898279","40","133057721"
"chr1","45850758","45851049","chr1","44768536","44768824","17","1082222"
"chr1","45879237","45879540","chr10","71453093","71453389","43","25573856"
"chr1","45884467","45884759","chr2","40101841","40102139","63","5782626"
"chr1","45896392","45896684","chr1","44806797","44807101","33","1089595"
"chr1","45916579","45916859","chr5","186037614","186037886","43","140121035"
"chr1","45923740","45924036","chr2","146462167","146462465","33","100538427"
"chr1","45943033","45943341","chr1","44849483","44849776","39","1093550"
"chr1","45952879","45953181","chr1","44859870","44860177","35","1093009"
"chr1","45970474","45970790","chr1","41805196","41805511","46","4165278"
"chr1","45972902","45973200","chr1","44882969","44883267","29","1089933"
"chr1","45974728","45975018","chr10","70908203","70908485","38","24933475"
"chr1","45976472","45976640","chr2","165263448","165263618","37","119286976"
"chr1","45982031","45982255","chr13","47564620","47564847","35","1582589"
"chr1","45984288","45984586","chr1","44903310","44903606","21","1080978"
"chr1","46022069","46022367","chr1","44942569","44942878","30","1079500"
"chr1","46026755","46026928","chr11","122701206","122701378","26","76674451"
"chr1","46027251","46027361","chrX","8656290","8656402","13","37370961"
"chr1","46032983","46033282","chr1","44953956","44954272","29","1079027"
"chr1","46038838","46039133","chr2","188829913","188830214","30","142791075"
"chr1","46041296","46041609","chr4","163037722","163038028","47","116996426"
"chr1","46065652","46065941","chr1","44987868","44988154","22","1077784"
"chr1","46083624","46083914","chr1","45003434","45003723","18","1080190"
"chr1","46087051","46087358","chr9","5696763","5697061","40","40390288"
"chr1","46088145","46088447","chr1","45008000","45008306","27","1080145"
"chr1","46103869","46104160","chr1","45026136","45026436","39","1077733"
"chr1","46111351","46111626","chr1","45035114","45035389","24","1076237"
"chr1","46125995","46126299","chr1","45050078","45050383","32","1075917"
"chr1","46134060","46134329","chr1","45059419","45059704","37","1074641"
"chr1","46137530","46137770","chr4","136069522","136069743","53","89931992"
"chr1","46139199","46139503","chr1","45067154","45067457","17","1072045"
"chr1","46146460","46146688","chr16","9675962","9676190","37","36470498"
"chr1","46150348","46150641","chr1","45076650","45076947","32","1073698"
"chr1","46160894","46161188","chr16","48001050","48001345","31","1840156"
"chr1","46163744","46163882","chr19","41289079","41289217","18","4874665"
"chr1","46166869","46167182","chr18","11139502","11139810","43","35027367"
"chr1","46180709","46180915","chr5","159217902","159218096","47","113037193"
"chr1","46187306","46187613","chr3","4366624","4366931","46","41820682"
"chr1","46190507","46190811","chr1","45108635","45108934","37","1081872"
"chr1","46191696","46191989","chr1","45110119","45110410","34","1081577"
"chr1","46193600","46193892","chr1","45113942","45114236","42","1079658"
"chr1","46205889","46206067","chr3","175781758","175781928","38","129575869"
"chr1","46206445","46206580","chr2","40953991","40954127","15","5252454"
"chr1","46210246","46210551","chr4","57099833","57100137","31","10889587"
"chr1","46213912","46214202","chr1","45132288","45132574","26","1081624"
"chr1","46218242","46218424","chrX","23681445","23681631","32","22536797"
"chr1","46246333","46246581","chr1","45166885","45167116","41","1079448"
"chr1","46258085","46258298","chr17","19340513","19340722","30","26917572"
"chr1","46265288","46265582","chr1","45188288","45188580","22","1077000"
"chr1","46270647","46270907","chr1","45193593","45193855","25","1077054"
"chr1","46290534","46290815","chr1","45215521","45215809","28","1075013"
"chr1","46291192","46291322","chr1","45216186","45216305","18","1075006"
"chr1","46291517","46291683","chr1","45216507","45216668","19","1075010"
"chr1","46341245","46341353","chr3","170473190","170473299","14","124131945"
"chr1","46359197","46359481","chr1","45288957","45289237","20","1070240"
"chr1","46371248","46371549","chr9","115486233","115486535","34","69114985"
"chr1","46376349","46376644","chr1","45300236","45300530","18","1076113"
"chr1","46382198","46382358","chr20","68909877","68910038","26","22527679"
"chr1","46382766","46382915","chr16","6858537","6858688","27","39524229"
"chr1","46413612","46413748","chr6","56602654","56602794","22","10189042"
"chr1","46418480","46418690","chr10","10683205","10683398","43","35735275"
"chr1","46419013","46419147","chr10","29597170","29597304","20","16821843"
"chr1","46421792","46421877","chr6","28153994","28154075","24","18267798"
"chr1","46423595","46423936","chr7","70967499","70967840","66","24543904"
"chr1","46427527","46427808","chr1","45358009","45358286","25","1069518"
"chr1","46428768","46429082","chr1","45359231","45359541","30","1069537"
"chr1","46433006","46433250","chr5","77903092","77903329","47","31470086"
"chr1","46441034","46441046","chr1","56144660","56144672","1","9703626"
"chr1","46442139","46442298","chr16","54054603","54054765","23","7612464"
"chr1","46457433","46457737","chr1","45384420","45384720","29","1073013"
"chr1","46464070","46464374","chr1","45393394","45393690","37","1070676"
"chr1","46465728","46466008","chr1","34950923","34951204","45","11514805"
"chr1","46468684","46468728","chr20","3589657","3589703","10","42879027"
"chr1","46469025","46469154","chr3","48450078","48450206","12","1981053"
"chr1","46469515","46469806","chr2","166145397","166145694","35","119675882"
"chr1","46472254","46472539","chr1","45408874","45409172","38","1063380"
"chr1","46482488","46482788","chr10","88726465","88726763","45","42243977"
"chr1","46485697","46486007","chr1","45423148","45423457","36","1062549"
"chr1","46495212","46495512","chr1","45433286","45433586","28","1061926"
"chr1","46513285","46513577","chr1","45471606","45471906","28","1041679"
"chr1","46525949","46526247","chr1","45483581","45483885","28","1042368"
"chr1","46534361","46534652","chr1","25647657","25647947","31","20886704"
"chr1","46537118","46537411","chr1","182173018","182173311","36","135635900"
"chr1","46543445","46543751","chr1","45501928","45502238","38","1041517"
"chr1","46548288","46548607","chr1","45507197","45507507","48","1041091"
"chr1","46568598","46568680","chr6","178365810","178365885","18","131797212"
"chr1","46596050","46596362","chr11","124222721","124223033","38","77626671"
"chr1","46642062","46642314","chr1","93431335","93431593","44","46789273"
"chr1","46642790","46643088","chr4","42823211","42823505","31","3819579"
"chr1","46655230","46655509","chr1","45607374","45607660","34","1047856"
"chr1","46669912","46670191","chr5","57079136","57079413","35","10409224"
"chr1","46685116","46685418","chr1","45635323","45635627","23","1049793"
"chr1","46699025","46699312","chr16","2871012","2871300","29","43828013"
"chr1","46707178","46707487","chr1","45657779","45658091","31","1049399"
"chr1","46707818","46708104","chr20","43026466","43026751","38","3681352"
"chr1","46711345","46711644","chr14","15756054","15756351","31","30955291"
"chr1","46714210","46714520","chr1","45665248","45665543","33","1048962"
"chr1","46715003","46715301","chr1","45666231","45666535","33","1048772"
"chr1","46715945","46716239","chr1","45667172","45667472","20","1048773"
"chr1","46719710","46720013","chr1","45670899","45671210","40","1048811"
"chr1","46724135","46724423","chr9","89659050","89659337","27","42934915"
"chr1","46739984","46740276","chr1","45692462","45692753","27","1047522"
"chr1","46740365","46740666","chr9","89822163","89822467","35","43081798"
"chr1","46743084","46743403","chr1","45696214","45696516","35","1046870"
"chr1","46751382","46751686","chr7","116514535","116514837","32","69763153"
"chr1","46756872","46757116","chr10","54437810","54438045","54","7680938"
"chr1","46763858","46764160","chr1","45717371","45717668","35","1046487"
"chr1","46784742","46785062","chr11","56032052","56032370","45","9247310"
"chr1","46788707","46789001","chr1","45743205","45743501","24","1045502"
"chr1","46817099","46817310","chrX","25813318","25813533","35","21003781"
"chr1","46869258","46869563","chrX","23558557","23558868","35","23310701"
"chr1","46872469","46872752","chr17","29335507","29335791","35","17536962"
"chr1","46887060","46887356","chrX","41694245","41694543","31","5192815"
"chr1","46891167","46891462","chr8","134918808","134919100","44","88027641"
"chr1","46893257","46893353","chr1","212121514","212121611","10","165228257"
"chr1","46898048","46898179","chr3","2774534","2774668","13","44123514"
"chr1","46900247","46900545","chr1","45853123","45853426","32","1047124"
"chr1","46908591","46908872","chrX","126948942","126949218","45","80040351"
"chr1","46911621","46911761","chr10","38651484","38651617","42","8260137"
"chr1","46923225","46923377","chr1","212796029","212796185","23","165872804"
"chr1","46940543","46940836","chrX","135166691","135166990","43","88226148"
"chr1","46949414","46949715","chr13","54974339","54974639","26","8024925"
"chr1","46965519","46965810","chr4","32668028","32668318","39","14297491"
"chr1","46970211","46970362","chr4","107394440","107394589","24","60424229"
"chr1","46994534","46994830","chr1","45941856","45942156","28","1052678"
"chr1","46996980","46997264","chr4","105401676","105401972","41","58404696"
"chr1","46997749","46998038","chr1","45944163","45944456","27","1053586"
"chr1","47005283","47005582","chr17","27471882","27472183","27","19533401"
"chr1","47006088","47006389","chr2","84826493","84826791","38","37820405"
"chr1","47011041","47011342","chr1","45966080","45966385","28","1044961"
"chr1","47018200","47018500","chr1","45972912","45973215","30","1045288"
"chr1","47025574","47025702","chr11","103824833","103824965","12","56799259"
"chr1","47042026","47042318","chr1","45992235","45992525","30","1049791"
"chr1","47057027","47057093","chr1","38976274","38976341","15","8080753"
"chr1","47061622","47061881","chr1","46005352","46005611","12","1056270"
"chr1","47075482","47075619","chr19","44154764","44154900","37","2920718"
"chr1","47076446","47076593","chr10","31067832","31067967","24","16008614"
"chr1","47086713","47087017","chr1","46030893","46031203","30","1055820"
"chr1","47100170","47100481","chr1","46044113","46044418","35","1056057"
"chr1","47131875","47132211","chr1","46076828","46077156","25","1055047"
"chr1","47164700","47165013","chr9","88244357","88244670","31","41079657"
"chr1","47172587","47172877","chr13","95800318","95800617","40","48627731"
"chr1","47236933","47237205","chr1","46180984","46181279","32","1055949"
"chr1","47260153","47260450","chr1","46205113","46205407","22","1055040"
"chr1","47280887","47281174","chr1","46225866","46226155","27","1055021"
"chr1","47297826","47298134","chr13","39996985","39997297","50","7300841"
"chr1","47366922","47367226","chr1","135881587","135881887","35","88514665"
"chr1","47373166","47373476","chr1","46316553","46316843","38","1056613"
"chr1","47497116","47497428","chr7","26853365","26853670","39","20643751"
"chr1","47645039","47645272","chr1","46550920","46551154","31","1094119"
"chr1","47998272","47998577","chr1","46677572","46677891","36","1320700"
"chr1","48017376","48017663","chr1","46697220","46697508","18","1320156"
"chr1","48025004","48025303","chr1","46703556","46703854","26","1321448"
"chr1","48059349","48059487","chr3","80883715","80883855","31","32824366"
"chr1","48059788","48059921","chr1","46739726","46739859","8","1320062"
"chr1","48062614","48062843","chr6","52667650","52667879","30","4605036"
"chr1","48069761","48070054","chrX","23597299","23597593","42","24472462"
"chr1","48070583","48070879","chr1","46750621","46750910","29","1319962"
"chr1","48083891","48084153","chr10","80509829","80510093","38","32425938"
"chr1","48086366","48086665","chr14","15756054","15756351","31","32330312"
"chr1","48090000","48090262","chr1","46769916","46770174","32","1320084"
"chr1","48090392","48090560","chr7","25785669","25785843","24","22304723"
"chr1","48090857","48091153","chr1","46770774","46771057","29","1320083"
"chr1","48094039","48094163","chr7","127541861","127541986","22","79447822"
"chr1","48097784","48098058","chr2","53091492","53091774","45","4993708"
"chr1","48102449","48102673","chr16","9675962","9676190","35","38426487"
"chr1","48106825","48107103","chr1","46786826","46787096","36","1319999"
"chr1","48108363","48108660","chr1","46788374","46788674","27","1319989"
"chr1","48111672","48111950","chr15","7748889","7749155","49","40362783"
"chr1","48113932","48114248","chr1","46793540","46793853","25","1320392"
"chr1","48114456","48114606","chr12","111971011","111971153","33","63856555"
"chr1","48114769","48114866","chr19","34961474","34961572","15","13153295"
"chr1","48122023","48122313","chr1","46802181","46802467","25","1319842"
"chr1","48122351","48122646","chr1","46802509","46802794","33","1319842"
"chr1","48134561","48134842","chr1","46813469","46813751","26","1321092"
"chr1","48135846","48136122","chr4","28996365","28996638","40","19139481"
"chr1","48147273","48147400","chr12","21884350","21884475","14","26262923"
"chr1","48148201","48148336","chr19","30084061","30084199","24","18064140"
"chr1","48153055","48153338","chr11","129069649","129069938","37","80916594"
"chr1","48161667","48161927","chrX","6112773","6113033","44","42048894"
"chr1","48163791","48164000","chr4","32665274","32665465","44","15498517"
"chr1","48166175","48166307","chr16","24839455","24839591","20","23326720"
"chr1","48167280","48167580","chrX","47698966","47699265","31","468314"
"chr1","48167691","48168000","chr16","49577471","49577781","41","1409780"
"chr1","48168735","48169043","chr1","46847171","46847482","37","1321564"
"chr1","48177929","48178108","chr5","164825492","164825672","28","116647563"
"chr1","48181458","48181758","chr1","46875252","46875555","22","1306206"
"chr1","48182001","48182297","chr1","182310341","182310641","40","134128340"
"chr1","48191770","48192057","chr1","212323534","212323829","38","164131764"
"chr1","48197553","48197712","chrX","113513243","113513403","24","65315690"
"chr1","48203055","48203351","chrX","41694245","41694543","30","6508810"
"chr1","48227832","48228127","chr6","44313901","44314193","36","3913931"
"chr1","48261146","48261456","chrX","148191845","148192147","45","99930699"
"chr1","48263007","48263287","chrX","127497173","127497455","37","79234166"
"chr1","48325798","48326109","chr1","47023847","47024141","42","1301951"
"chr1","48359481","48359780","chr1","47058694","47058998","37","1300787"
"chr1","48448095","48448405","chr1","113316039","113316346","41","64867944"
"chr1","48484246","48484548","chr1","47178535","47178842","29","1305711"
"chr1","48506876","48507185","chr7","127147811","127148124","41","78640935"
"chr1","48683406","48683598","chr6","75901127","75901316","50","27217721"
"chr1","48690171","48690482","chr1","47385868","47386178","31","1304303"
"chr1","48913131","48913433","chr1","47604379","47604679","37","1308752"
"chr1","48936521","48936791","chr1","47623715","47623981","31","1312806"
"chr1","48966077","48966347","chr14","108705944","108706204","45","59739867"
"chr1","48993899","48994018","chr1","162948066","162948191","16","113954167"
"chr1","49089928","49090195","chr4","114535893","114536160","42","65445965"
"chr1","49181910","49182070","chr6","135980111","135980271","24","86798201"
"chr1","49216832","49216981","chr16","69597813","69597964","23","20380981"
"chr1","49239977","49240269","chr5","51540643","51540938","37","2300666"
"chr1","49245122","49245413","chr19","20676318","20676616","41","28568804"
"chr1","49249874","49250171","chr1","48026588","48026896","29","1223286"
"chr1","49306398","49306579","chr3","48449585","48449767","23","856813"
"chr1","49315448","49315752","chr8","112331169","112331468","30","63015721"
"chr1","49387548","49387864","chrX","40673024","40673315","63","8714524"
"chr1","49415022","49415311","chr1","48192484","48192772","33","1222538"
"chr1","49472543","49472740","chr11","8509950","8510149","47","40962593"
"chr1","49474417","49474707","chr1","48252447","48252746","35","1221970"
"chr1","49826224","49826514","chr1","86816862","86817153","38","36990638"
"chr1","49895149","49895282","chr3","39515638","39515771","19","10379511"
"chr1","49979971","49980259","chr2","84487489","84487783","44","34507518"
"chr1","50046051","50046345","chr1","48825514","48825809","33","1220537"
"chr1","50083451","50083747","chr2","163856453","163856746","39","113773002"
"chr1","50104414","50104702","chr1","48867997","48868289","39","1236417"
"chr1","50111294","50111601","chr1","48874899","48875206","20","1236395"
"chr1","50203843","50204148","chr1","48966605","48966916","27","1237238"
"chr1","50301069","50301361","chr1","49063489","49063790","27","1237580"
"chr1","50473868","50474014","chr15","8538420","8538567","25","41935448"
"chr1","50569880","50570171","chr1","49314572","49314887","51","1255308"
"chr1","50594388","50594419","chr5","100268493","100268522","6","49674105"
"chr1","50594462","50594682","chr1","8187378","8187607","40","42407084"
"chr1","50718611","50718818","chr12","106080182","106080390","27","55361571"
"chr1","50761498","50761779","chr1","49526415","49526695","31","1235083"
"chr1","50763232","50763541","chr1","49528151","49528460","26","1235081"
"chr1","50777638","50777939","chr6","171125848","171126147","28","120348210"
"chr1","50846321","50846633","chr13","54172103","54172410","35","3325782"
"chr1","50885440","50885735","chr1","112580058","112580347","33","61694618"
"chr1","50935146","50935437","chr1","49700525","49700821","32","1234621"
"chr1","50946720","50947018","chr1","49712457","49712743","33","1234263"
"chr1","51114407","51114549","chr1","49885004","49885147","6","1229403"
"chr1","51131154","51131443","chrX","65039325","65039612","31","13908171"
"chr1","51135389","51135679","chr6","101656274","101656571","40","50520885"
"chr1","51152158","51152454","chr10","89330144","89330439","54","38177986"
"chr1","51155495","51155794","chr1","49970524","49970811","23","1184971"
"chr1","51184992","51185315","chr1","49999635","49999946","45","1185357"
"chr1","51245564","51245845","chr3","149333079","149333358","39","98087515"
"chr1","51255609","51255911","chr3","166840356","166840657","36","115584747"
"chr1","51256789","51257090","chr1","164369856","164370161","37","113113067"
"chr1","51298911","51299214","chr1","50111069","50111380","33","1187842"
"chr1","51320669","51320954","chr1","50133205","50133497","34","1187464"
"chr1","51324042","51324353","chr1","50136518","50136804","36","1187524"
"chr1","51337496","51337805","chr1","23004421","23004729","34","28333075"
"chr1","51345875","51346174","chr1","50157977","50158281","27","1187898"
"chr1","51365171","51365304","chr1","53876524","53876657","13","2511353"
"chr1","51365495","51365800","chr1","50176291","50176608","31","1189204"
"chr1","51370036","51370354","chr12","58899229","58899541","43","7529193"
"chr1","51376528","51376819","chr9","11886524","11886816","28","39490004"
"chr1","51383124","51383388","chr6","134147469","134147730","47","82764345"
"chr1","51383879","51384015","chr12","44037425","44037558","21","7346454"
"chr1","51392377","51392691","chr1","50204781","50205094","36","1187596"
"chr1","51403052","51403333","chr1","50215225","50215507","23","1187827"
"chr1","51413156","51413221","chr6","34141226","34141293","7","17271930"
"chr1","51413616","51413918","chr1","50226894","50227203","27","1186722"
"chr1","51419725","51420016","chrX","115930311","115930603","36","64510586"
"chr1","51434008","51434300","chr1","50246696","50246996","35","1187312"
"chr1","51436525","51436813","chrX","20000045","20000343","37","31436480"
"chr1","51441634","51441883","chr16","7776350","7776600","33","43665284"
"chr1","51459486","51459789","chr1","50272614","50272901","36","1186872"
"chr1","51466327","51466589","chr10","16131491","16131758","42","35334836"
"chr1","51469440","51469730","chrX","112895874","112896169","43","61426434"
"chr1","51475121","51475428","chr3","13191167","13191471","38","38283954"
"chr1","51475661","51475885","chr1","50287836","50288059","19","1187825"
"chr1","51489451","51489763","chr1","50301494","50301805","28","1187957"
"chr1","51491140","51491462","chr17","54739240","54739550","48","3248100"
"chr1","51494341","51494644","chr1","10234104","10234413","37","41260237"
"chr1","51498089","51498395","chr1","50311140","50311443","29","1186949"
"chr1","51591575","51591843","chr2","134211397","134211660","33","82619822"
"chr1","51621802","51622106","chr1","50430794","50431096","19","1191008"
"chr1","51629165","51629436","chr8","142242840","142243113","37","90613675"
"chr1","51664433","51664745","chrX","146639188","146639499","41","94974755"
"chr1","51666260","51666521","chr4","75960221","75960481","39","24293961"
"chr1","51730573","51730882","chr1","50544859","50545170","18","1185714"
"chr1","51764617","51764914","chr1","50577653","50577950","32","1186964"
"chr1","51772782","51772926","chr4","44130284","44130433","19","7642498"
"chr1","51773714","51773839","chr17","18670772","18670896","21","33102942"
"chr1","51773890","51774057","chr11","123716949","123717122","32","71943059"
"chr1","51787909","51788229","chr4","159622157","159622483","48","107834248"
"chr1","51800616","51800923","chr7","107408865","107409175","35","55608249"
"chr1","51807732","51808010","chr15","40988593","40988874","36","10819139"
"chr1","51843766","51843869","chr10","44888468","44888572","18","6955298"
"chr1","51847365","51847677","chr4","28111384","28111688","49","23735981"
"chr1","51853953","51854232","chr10","84017809","84018084","36","32163856"
"chr1","51855231","51855539","chrX","23558557","23558868","35","28296674"
"chr1","51858707","51859002","chr1","50675380","50675684","25","1183327"
"chr1","51870808","51871089","chr1","208311418","208311701","38","156440610"
"chr1","51871259","51871568","chr1","40610787","40611094","33","11260472"
"chr1","51885189","51885490","chr1","50703420","50703711","25","1181769"
"chr1","51894902","51895197","chr1","50713243","50713543","35","1181659"
"chr1","51897531","51897827","chr19","15956565","15956858","40","35940966"
"chr1","51908116","51908409","chr1","50726895","50727188","26","1181221"
"chr1","51925378","51925678","chr1","50744634","50744937","33","1180744"
"chr1","51927543","51927684","chr1","50746923","50747062","16","1180620"
"chr1","51929345","51929535","chr1","22526172","22526359","37","29403173"
"chr1","51937181","51937344","chr12","63241189","63241340","33","11304008"
"chr1","51937917","51938075","chr7","112409974","112410137","21","60472057"
"chr1","51949300","51949483","chr10","17022071","17022251","32","34927229"
"chr1","51950349","51950471","chr14","18243121","18243248","22","33707228"
"chr1","51952834","51953145","chr11","68344523","68344835","59","16391689"
"chr1","51955593","51955866","chr1","50769308","50769564","33","1186285"
"chr1","51956866","51957169","chr1","38412022","38412324","32","13544844"
"chr1","51960717","51960890","chr8","122467386","122467555","33","70506669"
"chr1","51984619","51984908","chr1","50804018","50804309","26","1180601"
"chr1","51987237","51987525","chr1","50806543","50806837","30","1180694"
"chr1","51991941","51992247","chr1","50811638","50811946","21","1180303"
"chr1","52000191","52000499","chr1","95793122","95793426","44","43792931"
"chr1","52005274","52005507","chr1","50824171","50824409","21","1181103"
"chr1","52005884","52006161","chr1","50824799","50825065","43","1181085"
"chr1","52011025","52011318","chr1","50830187","50830481","34","1180838"
"chr1","52021239","52021530","chr1","50840257","50840554","32","1180982"
"chr1","52022684","52022981","chr1","50841392","50841705","42","1181292"
"chr1","52024817","52025052","chr1","50843541","50843781","33","1181276"
"chr1","52034417","52034702","chr1","50853090","50853377","24","1181327"
"chr1","52060658","52060970","chr1","50880208","50880518","30","1180450"
"chr1","52097009","52097304","chr1","50917339","50917637","27","1179670"
"chr1","52100212","52100499","chr1","112580058","112580347","34","60479846"
"chr1","52107874","52108161","chr1","50928499","50928790","27","1179375"
"chr1","52110877","52111188","chr1","50931849","50932154","23","1179028"
"chr1","52113641","52113928","chr12","106121161","106121452","34","54007520"
"chr1","52113941","52114233","chr1","50934936","50935237","37","1179005"
"chr1","52117825","52117895","chr7","17681102","17681168","19","34436723"
"chr1","52127588","52127936","chr1","50940651","50940998","29","1186937"
"chr1","52174207","52174510","chr1","39371430","39371728","40","12802777"
"chr1","52177906","52178223","chr16","45595072","45595379","46","6582834"
"chr1","52193916","52194220","chr1","97853233","97853535","34","45659317"
"chr1","52200762","52201054","chr1","51016337","51016634","28","1184425"
"chr1","52201520","52201829","chr10","12541086","12541391","34","39660434"
"chr1","52207788","52207994","chr16","668407","668615","29","51539381"
"chr1","52231541","52231774","chr1","51049455","51049688","26","1182086"
"chr1","52235676","52235952","chr17","1021940","1022220","36","51213736"
"chr1","52244727","52245032","chr1","51063141","51063442","30","1181586"
"chr1","52245361","52245675","chr1","51063775","51064074","43","1181586"
"chr1","52270317","52270489","chr8","100272382","100272549","27","48002065"
"chr1","52272369","52272471","chr5","25768079","25768163","35","26504290"
"chr1","52272634","52272768","chr16","25765147","25765276","20","26507487"
"chr1","52272772","52273078","chr19","11709484","11709786","34","40563288"
"chr1","52292623","52292904","chr18","6606498","6606772","52","45686125"
"chr1","52314210","52314505","chr1","51139053","51139347","20","1175157"
"chr1","52346345","52346648","chr1","51163902","51164208","20","1182443"
"chr1","52357967","52358202","chr6","136099735","136099977","39","83741768"
"chr1","52365722","52366014","chr1","51184717","51185005","25","1181005"
"chr1","52376293","52376590","chr1","51197174","51197468","37","1179119"
"chr1","52377280","52377572","chr6","152672235","152672526","39","100294955"
"chr1","52380579","52380862","chr1","51201241","51201528","28","1179338"
"chr1","52391894","52392188","chr11","110573347","110573643","37","58181453"
"chr1","52413420","52413688","chr9","58204099","58204374","39","5790679"
"chr1","52424073","52424240","chr16","43272620","43272787","25","9151453"
"chr1","52425952","52426241","chr19","15956565","15956858","35","36469387"
"chr1","52427613","52427820","chr4","160315633","160315842","40","107888020"
"chr1","52431074","52431368","chr4","7669219","7669513","41","44761855"
"chr1","52493202","52493500","chr1","51308270","51308567","24","1184932"
"chr1","52509269","52509566","chr11","120098123","120098418","34","67588854"
"chr1","52522071","52522352","chr6","118304500","118304779","37","65782429"
"chr1","52580699","52581008","chr6","131722813","131723119","39","79142114"
"chr1","52608013","52608310","chr16","47676042","47676339","35","4931971"
"chr1","52608422","52608737","chr1","51434593","51434898","38","1173829"
"chr1","52609826","52610115","chr16","24462629","24462923","42","28147197"
"chr1","52618120","52618403","chr16","5151471","5151754","33","47466649"
"chr1","52619296","52619362","chr3","53166997","53167063","6","547701"
"chr1","52630682","52630863","chr1","51463147","51463328","10","1167535"
"chr1","52630865","52630915","chr1","51463330","51463380","7","1167535"
"chr1","52632310","52632605","chr1","51464788","51465074","27","1167522"
"chr1","52633235","52633527","chr1","51465687","51465988","37","1167548"
"chr1","52636628","52636925","chr7","82723801","82724095","34","30087173"
"chr1","52651399","52651706","chr1","51483694","51483998","29","1167705"
"chr1","52670230","52670526","chr1","51502825","51503132","30","1167405"
"chr1","52683629","52683942","chr1","51516876","51517178","28","1166753"
"chr1","52700363","52700652","chr1","51534188","51534463","38","1166175"
"chr1","52717334","52717543","chr7","32729330","32729532","46","19988004"
"chr1","52721800","52722089","chr1","51555951","51556249","39","1165849"
"chr1","52750798","52751033","chr7","34231758","34231993","33","18519040"
"chr1","52751555","52751855","chr3","142934307","142934610","34","90182752"
"chr1","52760756","52761036","chr15","40988593","40988874","37","11772163"
"chr1","52874603","52874796","chr3","92539761","92539958","26","39665158"
"chr1","52889751","52889923","chr19","30244151","30244322","26","22645600"
"chr1","52894782","52895095","chr1","51625415","51625707","41","1269367"
"chr1","52895611","52895900","chr1","199769653","199769937","38","146874042"
"chr1","52897820","52897958","chr5","3251194","3251329","14","49646626"
"chr1","52899587","52899885","chr11","127937675","127937970","43","75038088"
"chr1","52906251","52906553","chr1","51636421","51636720","31","1269830"
"chr1","52907852","52908173","chr1","51637977","51638302","40","1269875"
"chr1","52920420","52920712","chr1","51650729","51651024","29","1269691"
"chr1","52921445","52921680","chr10","79821319","79821555","31","26899874"
"chr1","52924423","52924724","chr1","42128893","42129195","37","10795530"
"chr1","52925772","52926047","chr8","142242840","142243113","39","89317068"
"chr1","52930254","52930519","chr1","129089131","129089396","39","76158877"
"chr1","52930692","52930848","chr4","107394440","107394589","26","54463748"
"chr1","52931821","52932132","chr1","51661375","51661686","27","1270446"
"chr1","52933802","52933972","chr1","26002247","26002415","25","26931555"
"chr1","52936685","52936995","chr1","51666668","51666973","29","1270017"
"chr1","52946901","52947192","chr5","170119366","170119655","30","117172465"
"chr1","52955604","52955911","chr2","96943765","96944067","46","43988161"
"chr1","52961979","52962279","chr5","51540643","51540938","51","1421336"
"chr1","52989888","52990193","chr14","124293090","124293393","29","71303202"
"chr1","52991953","52992145","chr1","51719255","51719448","20","1272698"
"chr1","52994319","52994460","chr4","158835451","158835593","13","105841132"
"chr1","53008942","53009231","chr2","103547845","103548139","40","50538903"
"chr1","53025069","53025365","chr11","98543635","98543933","41","45518566"
"chr1","53035632","53035922","chr11","43612208","43612500","37","9423424"
"chr1","53040432","53040696","chr20","19049436","19049704","42","33990996"
"chr1","53040729","53040862","chr6","135979680","135979814","19","82938951"
"chr1","53052316","53052452","chr7","67248169","67248300","21","14195853"
"chr1","53060096","53060392","chr20","54253129","54253431","35","1193033"
"chr1","53070731","53071019","chr13","16186245","16186530","34","36884486"
"chr1","53083664","53083879","chr4","116777080","116777297","30","63693416"
"chr1","53108282","53108509","chr16","9675962","9676190","32","43432320"
"chr1","53113146","53113368","chr14","9257286","9257506","43","43855860"
"chr1","53117285","53117579","chr1","51837972","51838265","21","1279313"
"chr1","53162248","53162547","chr1","51880489","51880799","32","1281759"
"chr1","53162611","53162908","chr4","154308357","154308654","42","101145746"
"chr1","53167027","53167337","chr1","51886627","51886928","34","1280400"
"chr1","53171055","53171352","chr20","58308745","58309042","36","5137690"
"chr1","53171567","53171876","chr1","51890870","51891180","28","1280697"
"chr1","53177459","53177769","chr1","109698616","109698923","39","56521157"
"chr1","53184902","53185034","chr10","29597170","29597304","15","23587732"
"chr1","53193172","53193333","chr8","103078231","103078398","26","49885059"
"chr1","53199419","53199715","chr9","59685986","59686279","34","6486567"
"chr1","53206201","53206341","chr13","15328691","15328827","22","37877510"
"chr1","53206799","53206968","chr19","16334651","16334811","33","36872148"
"chr1","53209390","53209676","chr1","51926304","51926604","45","1283086"
"chr1","53209689","53209986","chr1","51926617","51926913","17","1283072"
"chr1","53229280","53229569","chr10","27527734","27528023","30","25701546"
"chr1","53236112","53236417","chr1","51952546","51952846","42","1283566"
"chr1","53236965","53237260","chr1","51953401","51953694","9","1283564"
"chr1","53241652","53241793","chr7","16748615","16748755","13","36493037"
"chr1","53245956","53246247","chr11","48892425","48892714","34","4353531"
"chr1","53256039","53256172","chr10","86840248","86840381","14","33584209"
"chr1","53260179","53260488","chr1","51977417","51977722","38","1282762"
"chr1","53269569","53269830","chr10","15932151","15932414","44","37337418"
"chr1","53275164","53275477","chr1","51988872","51989180","28","1286292"
"chr1","53279383","53279516","chr16","4850336","4850468","21","48429047"
"chr1","53291843","53292140","chr7","32808560","32808857","40","20483283"
"chr1","53299229","53299540","chr1","155080830","155081136","39","101781601"
"chr1","53303515","53303812","chr1","52024013","52024300","39","1279502"
"chr1","53305188","53305493","chr7","54800820","54801122","31","1495632"
"chr1","53307776","53308078","chr4","88410610","88410912","38","35102834"
"chr1","53325000","53325319","chr1","52045407","52045725","23","1279593"
"chr1","53345073","53345366","chr1","52065400","52065698","20","1279673"
"chr1","53363610","53363909","chr1","52084925","52085225","30","1278685"
"chr1","53368951","53369068","chr1","7373118","7373239","18","45995833"
"chr1","53369201","53369362","chr10","80812589","80812749","24","27443388"
"chr1","53374625","53374922","chr1","52095576","52095881","31","1279049"
"chr1","53375032","53375318","chr1","52095990","52096282","20","1279042"
"chr1","53377347","53377542","chr4","71299730","71299932","34","17922383"
"chr1","53392492","53392785","chr1","50853090","50853377","34","2539402"
"chr1","53409029","53409347","chr1","52128992","52129285","47","1280037"
"chr1","53427364","53427667","chr1","52148275","52148585","32","1279089"
"chr1","53430076","53430356","chr9","115113357","115113647","40","61683281"
"chr1","53440471","53440652","chr11","62490821","62491000","25","9050350"
"chr1","53440759","53440830","chr2","192002650","192002717","16","138561891"
"chr1","53440830","53440918","chr1","52163580","52163668","6","1277250"
"chr1","53445968","53446270","chr1","52168693","52169000","37","1277275"
"chr1","53456047","53456322","chr6","122051308","122051594","40","68595261"
"chr1","53456361","53456376","chr7","83951879","83951896","2","30495518"
"chr1","53460840","53461148","chr1","52186526","52186842","39","1274314"
"chr1","53466433","53466737","chr3","156637517","156637819","40","103171084"
"chr1","53483242","53483531","chr1","52210819","52211100","38","1272423"
"chr1","53490350","53490640","chr1","52218030","52218343","42","1272320"
"chr1","53490905","53491179","chr19","52500003","52500283","47","990902"
"chr1","53500001","53500211","chr4","31881408","31881623","34","21618593"
"chr1","53542487","53542787","chr1","52270001","52270312","35","1272486"
"chr1","53549027","53549332","chr16","8952218","8952519","44","44596809"
"chr1","53550521","53550806","chr1","52278662","52278943","23","1271859"
"chr1","53550986","53551210","chr16","9675962","9676190","52","43875024"
"chr1","53563274","53563439","chr6","132206031","132206198","26","78642757"
"chr1","53576859","53577161","chr2","72963157","72963455","34","19386298"
"chr1","53581789","53581995","chr7","164809172","164809383","37","111227383"
"chr1","53584741","53584860","chr1","52320817","52320947","16","1263924"
"chr1","53586962","53587138","chr1","52322970","52323146","10","1263992"
"chr1","53596997","53597230","chr13","8533278","8533511","25","45063719"
"chr1","53615981","53616208","chr6","149977705","149977934","36","96361724"
"chr1","53617447","53617616","chr9","89594066","89594232","29","35976619"
"chr1","53624354","53624662","chr1","52359234","52359536","32","1265120"
"chr1","53631059","53631375","chr9","96974211","96974514","42","43343152"
"chr1","53635468","53635769","chr16","9054250","9054553","40","44581218"
"chr1","53641035","53641326","chr1","112580058","112580347","44","58939023"
"chr1","53646024","53646320","chr1","52385887","52386184","19","1260137"
"chr1","53666428","53666726","chr1","52407272","52407571","30","1259156"
"chr1","53670849","53671151","chr1","52411682","52411981","31","1259167"
"chr1","53672095","53672403","chr1","52412894","52413206","29","1259201"
"chr1","53678791","53679103","chr1","52420614","52420922","31","1258177"
"chr1","53683988","53684278","chr1","52427069","52427367","25","1256919"
"chr1","53694607","53694908","chr15","104333343","104333649","37","50638736"
"chr1","53695130","53695248","chr16","49357640","49357758","19","4337490"
"chr1","53695556","53695723","chr1","26708727","26708897","37","26986829"
"chr1","53702554","53702837","chr1","52448400","52448692","34","1254154"
"chr1","53703223","53703296","chr9","81447847","81447918","15","27744624"
"chr1","53703649","53703783","chr7","67248169","67248300","18","13544520"
"chr1","53705628","53705930","chr1","52451280","52451577","38","1254348"
"chr1","53705933","53706241","chr1","52451580","52451897","37","1254353"
"chr1","53729303","53729601","chr1","52477889","52478192","31","1251414"
"chr1","53733860","53734094","chr10","61029967","61030201","33","7296107"
"chr1","53734569","53734849","chr1","52484863","52485146","32","1249706"
"chr1","53738892","53739075","chr7","95222121","95222323","48","41483229"
"chr1","53742621","53742869","chr20","8862977","8863226","38","44879644"
"chr1","53744995","53745280","chr1","52495880","52496167","26","1249115"
"chr1","53763459","53763743","chr1","52516076","52516364","23","1247383"
"chr1","53787441","53787739","chr1","52540207","52540508","34","1247234"
"chr1","53796954","53797242","chr11","48892425","48892714","35","4904529"
"chr1","53798962","53799250","chr1","52569226","52569513","18","1229736"
"chr1","53799905","53800073","chr15","46589066","46589234","22","7210839"
"chr1","53810906","53811211","chr13","65679340","65679641","32","11868434"
"chr1","53814891","53814958","chr10","79529661","79529728","6","25714770"
"chr1","53814960","53815097","chrX","18796269","18796404","14","35018691"
"chr1","53839555","53839636","chr4","119411487","119411572","12","65571932"
"chr1","53840061","53840286","chr3","40213090","40213310","37","13626971"
"chr1","53841603","53841914","chr1","52618316","52618631","36","1223287"
"chr1","53847102","53847243","chr1","52623506","52623638","34","1223596"
"chr1","53847527","53847654","chr1","52623935","52624062","15","1223592"
"chr1","53859340","53859499","chr3","130174120","130174282","17","76314780"
"chr1","53897937","53898245","chr7","44336011","44336322","32","9561926"
"chr1","53979412","53979722","chr1","52749500","52749806","32","1229912"
"chr1","54042539","54042836","chr1","52811397","52811692","35","1231142"
"chr1","54048134","54048433","chr3","33286298","33286594","42","20761836"
"chr1","54061883","54062173","chr1","52830137","52830418","28","1231746"
"chr1","54064801","54065116","chr14","47593479","47593787","45","6471322"
"chr1","54065438","54065745","chr1","52833624","52833931","17","1231814"
"chr1","54094333","54094631","chr1","52864199","52864505","28","1230134"
"chr1","54097626","54097883","chr14","101221141","101221403","37","47123515"
"chr1","54112263","54112538","chr1","213007130","213007399","51","158894867"
"chr1","54208399","54208715","chr1","52978709","52979014","31","1229690"
"chr1","54246216","54246506","chr11","63310767","63311058","35","9064551"
"chr1","54249061","54249369","chr1","53018030","53018336","25","1231031"
"chr1","54314341","54314653","chr1","53077751","53078054","34","1236590"
"chr1","54314687","54314982","chr1","9601563","9601859","40","44713124"
"chr1","54369355","54369653","chr1","23131693","23131994","50","31237662"
"chr1","54487289","54487596","chr16","45971635","45971938","41","8515654"
"chr1","54502014","54502320","chr1","53265096","53265391","31","1236918"
"chr1","54522979","54523277","chr1","53288610","53288911","27","1234369"
"chr1","54541025","54541317","chr1","53307731","53308037","34","1233294"
"chr1","54571698","54572008","chr1","53339155","53339460","29","1232543"
"chr1","54592192","54592498","chr1","53359898","53360208","28","1232294"
"chr1","54595175","54595432","chr19","33850313","33850566","33","20744862"
"chr1","54595503","54595816","chr16","50407017","50407328","44","4188486"
"chr1","54617128","54617257","chr11","122217949","122218082","17","67600821"
"chr1","54628709","54628997","chr1","53396140","53396436","26","1232569"
"chr1","54631964","54632266","chr1","53399392","53399703","26","1232572"
"chr1","54642596","54642835","chr9","72730444","72730684","31","18087848"
"chr1","54656291","54656428","chr5","100874529","100874663","17","46218238"
"chr1","54657652","54657971","chr1","53425214","53425514","49","1232438"
"chr1","54660172","54660466","chr15","8611982","8612274","37","46048190"
"chr1","54669316","54669342","chr11","69929821","69929847","0","15260505"
"chr1","54669736","54670043","chr12","2316601","2316909","38","52353135"
"chr1","54672923","54673183","chr1","53475989","53476272","36","1196934"
"chr1","54688936","54689226","chr1","53486627","53486902","36","1202309"
"chr1","54703354","54703602","chr1","53502092","53502323","47","1201262"
"chr1","54709340","54709633","chr1","53508607","53508895","25","1200733"
"chr1","54712972","54713131","chr7","120346484","120346633","25","65633512"
"chr1","54714751","54715050","chr1","53516326","53516626","28","1198425"
"chr1","54751991","54752258","chr9","62225196","62225463","36","7473205"
"chr1","54755628","54755927","chr1","53559419","53559719","23","1196209"
"chr1","54760843","54761140","chr1","53564945","53565232","28","1195898"
"chr1","54777856","54778026","chr8","122467386","122467555","23","67689530"
"chr1","54794264","54794391","chr6","116856044","116856179","28","62061780"
"chr1","54800393","54800672","chr1","53607577","53607838","44","1192816"
"chr1","54851927","54852230","chr1","24173970","24174272","33","30677957"
"chr1","54853020","54853329","chr2","200213997","200214304","35","145360977"
"chr1","54863679","54863777","chr3","66408568","66408667","14","11544889"
"chr1","54868485","54868612","chr15","91253228","91253356","18","36384743"
"chr1","54901091","54901397","chr1","53708085","53708380","30","1193006"
"chr1","54907424","54907730","chr3","4570947","4571250","35","50336477"
"chr1","54947197","54947499","chr8","81972131","81972434","45","27024934"
"chr1","54951634","54951784","chr4","44130284","44130433","14","10821350"
"chr1","55004416","55004652","chr16","9675962","9676190","35","45328454"
"chr1","55021887","55022183","chr1","45492332","45492629","34","9529555"
"chr1","55033872","55034143","chr3","8283852","8284118","40","46750020"
"chr1","55039765","55040058","chr5","51540643","51540938","35","3499122"
"chr1","55061837","55062126","chr1","53869076","53869372","35","1192761"
"chr1","55062405","55062701","chr7","40926065","40926365","33","14136340"
"chr1","55107556","55107855","chr1","53917965","53918259","31","1189591"
"chr1","55123045","55123345","chr7","129683793","129684087","43","74560748"
"chr1","55139164","55139474","chr1","53949691","53950001","32","1189473"
"chr1","55170121","55170326","chr1","25987435","25987643","37","29182686"
"chr1","55250405","55250717","chr1","54065010","54065326","34","1185395"
"chr1","55289294","55289587","chr16","5645835","5646120","40","49643459"
"chr1","55292286","55292575","chr15","6371105","6371399","32","48921181"
"chr1","55295808","55295942","chr3","84801828","84801962","14","29506020"
"chr1","55297346","55297644","chr10","72468205","72468506","35","17170859"
"chr1","55299980","55300131","chr7","68811834","68811979","21","13511854"
"chr1","55302247","55302263","chrX","44899709","44899725","2","10402538"
"chr1","55302301","55302585","chr13","95788532","95788816","33","40486231"
"chr1","55302708","55303007","chr4","97570714","97571011","39","42268006"
"chr1","55307948","55308257","chr2","86984765","86985073","32","31676817"
"chr1","55317791","55318061","chr1","54132644","54132920","38","1185147"
"chr1","55357729","55358029","chr6","49401545","49401854","42","5956184"
"chr1","55365591","55365900","chr15","14456619","14456925","40","40908972"
"chr1","55365906","55366219","chr1","54182088","54182398","27","1183818"
"chr1","55372337","55372508","chr8","122467386","122467555","26","67095049"
"chr1","55386782","55387089","chr13","100483009","100483315","42","45096227"
"chr1","55391641","55391952","chr1","54208970","54209278","35","1182671"
"chr1","55402326","55402626","chr1","54219129","54219431","18","1183197"
"chr1","55408876","55408999","chr2","82491537","82491662","15","27082661"
"chr1","55419453","55419758","chr15","18383931","18384228","37","37035522"
"chr1","55420304","55420598","chr16","57719267","57719560","40","2298963"
"chr1","55422524","55422747","chr14","111685372","111685596","36","56262848"
"chr1","55432447","55432606","chr5","137798578","137798735","28","82366131"
"chr1","55452666","55452949","chr1","54268166","54268456","26","1184500"
"chr1","55465284","55465565","chr3","8731849","8732114","53","46733435"
"chr1","55473351","55473625","chr16","68772362","68772622","43","13299011"
"chr1","55479898","55480200","chr1","54295519","54295807","34","1184379"
"chr1","55482902","55483197","chr18","20505848","20506142","38","34977054"
"chr1","55483203","55483512","chr1","54299142","54299426","41","1184061"
"chr1","55484014","55484283","chrX","117508172","117508438","35","62024158"
"chr1","55526692","55526981","chr1","54335981","54336272","26","1190711"
"chr1","55528895","55529067","chr19","3064186","3064354","23","52464709"
"chr1","55542320","55542659","chr6","11674541","11674873","52","43867779"
"chr1","55547353","55547666","chr1","54355594","54355906","35","1191759"
"chr1","55559610","55559901","chr1","54366161","54366450","28","1193449"
"chr1","55564887","55565194","chr1","54371477","54371766","41","1193410"
"chr1","55570017","55570272","chr16","71909561","71909798","47","16339544"
"chr1","55595291","55595590","chr7","36208175","36208472","36","19387116"
"chr1","55624712","55625013","chr7","126762899","126763206","35","71138187"
"chr1","55634219","55634507","chr3","106398510","106398795","50","50764291"
"chr1","55638269","55638467","chr7","95222121","95222323","23","39583852"
"chr1","55638797","55639100","chr3","77608061","77608372","46","21969264"
"chr1","55685412","55685712","chr1","54496306","54496602","18","1189106"
"chr1","55733830","55734136","chr9","57172944","57173250","42","1439114"
"chr1","55734810","55735104","chr1","54540736","54541043","38","1194074"
"chr1","55744046","55744350","chr1","54549413","54549727","32","1194633"
"chr1","55745868","55746161","chr1","54551260","54551565","31","1194608"
"chr1","55791894","55792196","chr14","15756054","15756351","33","40035840"
"chr1","55855829","55856106","chr1","54641830","54642104","27","1213999"
"chr1","55917317","55917627","chr1","54697097","54697390","39","1220220"
"chr1","55962309","55962604","chr3","49900770","49901060","46","6061539"
"chr1","56015469","56015769","chr3","43402255","43402549","34","12613214"
"chr1","56077563","56077851","chr1","54858406","54858719","48","1219157"
"chr1","56090408","56090558","chr3","132573958","132574111","29","76483550"
"chr1","56104252","56104564","chr1","54886479","54886780","37","1217773"
"chr1","56105030","56105322","chr11","43612208","43612500","32","12492822"
"chr1","56111701","56111979","chr20","32205318","32205599","33","23906383"
"chr1","56129903","56130132","chr3","45604681","45604903","54","10525222"
"chr1","56132067","56132363","chrX","40673024","40673315","37","15459043"
"chr1","56135164","56135429","chr3","8731849","8732114","39","47403315"
"chr1","56142591","56142854","chr1","54929841","54930106","17","1212750"
"chr1","56168828","56169131","chr2","107413217","107413517","45","51244389"
"chr1","56182575","56182866","chr1","54972205","54972496","19","1210370"
"chr1","56187049","56187340","chr20","8006906","8007198","30","48180143"
"chr1","56207094","56207387","chr20","8006906","8007198","29","48200188"
"chr1","56258198","56258494","chr1","55049515","55049816","26","1208683"
"chr1","56322428","56322736","chr8","39036436","39036742","31","17285992"
"chr1","56371067","56371372","chr1","55174522","55174824","31","1196545"
"chr1","56537722","56538022","chr1","129480008","129480301","47","72942286"
"chr1","56595297","56595607","chr1","55387277","55387583","36","1208020"
"chr1","56862693","56862986","chr1","55537433","55537723","41","1325260"
"chr1","56953420","56953720","chr6","9637726","9638025","46","47315694"
"chr1","56982662","56982957","chr11","10940390","10940687","33","46042272"
"chr1","57085909","57086203","chr1","55775033","55775342","32","1310876"
"chr1","57109908","57110103","chr13","64990371","64990560","34","7880463"
"chr1","57137650","57137825","chr2","69424628","69424798","25","12286978"
"chr1","57231844","57232097","chr10","16131491","16131758","47","41100353"
"chr1","57298984","57299138","chr12","101822307","101822467","27","44523323"
"chr1","57333220","57333521","chr1","56019635","56019932","24","1313585"
"chr1","57359526","57359825","chr4","115355906","115356204","34","57996380"
"chr1","57360271","57360436","chr14","84880122","84880288","22","27519851"
"chr1","57407518","57407810","chr3","181853436","181853729","48","124445918"
"chr1","57470702","57470994","chr6","44313901","44314193","33","13156801"
"chr1","57470997","57471284","chr1","56158540","56158828","35","1312457"
"chr1","57483755","57484015","chr1","56171267","56171528","21","1312488"
"chr1","57506730","57507015","chr1","56194076","56194351","33","1312654"
"chr1","57514977","57515254","chr7","3450180","3450461","38","54064797"
"chr1","57555710","57556015","chr7","113559810","113560113","37","56004100"
"chr1","57565996","57566297","chr9","96018903","96019206","34","38452907"
"chr1","57594822","57594972","chr15","77563700","77563844","21","19968878"
"chr1","57595279","57595329","chr20","3589657","3589703","10","54005622"
"chr1","57598637","57598799","chr11","12936604","12936771","25","44662033"
"chr1","57610204","57610401","chr15","14166693","14166892","32","43443511"
"chr1","57610702","57610881","chr19","10264066","10264225","49","47346636"
"chr1","57651195","57651474","chr1","56333378","56333655","24","1317817"
"chr1","57662862","57663155","chr1","56345493","56345772","30","1317369"
"chr1","57685364","57685648","chr1","56366256","56366547","43","1319108"
"chr1","57694570","57694724","chr10","69611091","69611255","20","11916521"
"chr1","57914354","57914647","chr1","56592892","56593196","29","1321462"
"chr1","57931104","57931408","chr3","40731906","40732215","38","17199198"
"chr1","58037991","58038289","chr1","56716211","56716510","28","1321780"
"chr1","58048131","58048423","chr4","37385973","37386264","28","20662158"
"chr1","58050960","58051096","chr4","71089491","71089624","32","13038531"
"chr1","58128693","58129007","chr12","79325025","79325336","35","21196332"
"chr1","58277600","58277876","chr19","49356482","49356758","37","8921118"
"chr1","58470061","58470377","chr1","57145441","57145739","41","1324620"
"chr1","58652909","58653194","chr1","5050480","5050765","41","53602429"
"chr1","58653226","58653236","chr3","121688384","121688394","2","63035158"
"chr1","58718966","58719266","chr1","57391468","57391768","28","1327498"
"chr1","58724722","58725020","chr1","57396940","57397225","29","1327782"
"chr1","58747658","58747942","chrX","44738121","44738403","38","14009537"
"chr1","58761170","58761466","chr1","57432683","57432986","38","1328487"
"chr1","58850111","58850422","chr15","8359527","8359834","41","50490584"
"chr1","58908458","58908760","chr9","12496442","12496741","38","46412016"
"chr1","58990170","58990433","chr1","57665682","57665954","43","1324488"
"chr1","58992998","58993297","chr1","57673489","57673792","24","1319509"
"chr1","59249450","59249759","chr1","57936088","57936399","29","1313362"
"chr1","59253458","59253753","chr14","7643073","7643368","31","51610385"
"chr1","59313336","59313633","chr1","58003473","58003772","32","1309863"
"chr1","59338210","59338430","chr11","120671283","120671499","43","61333073"
"chr1","59472666","59472947","chr19","32753722","32754002","41","26718944"
"chr1","59503419","59503722","chr1","58198395","58198710","32","1305024"
"chr1","59504986","59505285","chr1","58199930","58200232","38","1305056"
"chr1","59511168","59511321","chr1","223601810","223601966","28","164090642"
"chr1","59589722","59589988","chr1","58286861","58287124","26","1302861"
"chr1","59646510","59646815","chr10","12541086","12541391","34","47105424"
"chr1","59680137","59680434","chr8","30311278","30311575","30","29368859"
"chr1","59786769","59787076","chr1","58479466","58479767","36","1307303"
"chr1","59810217","59810421","chr16","3387571","3387768","35","56422646"
"chr1","59810473","59810575","chr15","41535761","41535865","11","18274712"
"chr1","59822665","59822760","chr1","58515652","58515747","5","1307013"
"chr1","59823115","59823331","chr1","58516102","58516317","11","1307013"
"chr1","59839132","59839420","chr1","100651748","100652032","46","40812616"
"chr1","59864098","59864395","chr14","119239107","119239401","44","59375009"
"chr1","59950071","59950343","chr13","3574600","3574876","42","56375471"
"chr1","59971219","59971543","chr4","159622157","159622483","41","99650938"
"chr1","59972045","59972345","chr1","58669247","58669546","38","1302798"
"chr1","59985862","59986037","chr20","59426524","59426698","26","559338"
"chr1","60004956","60005157","chr18","8689056","8689259","36","51315900"
"chr1","60054942","60055246","chrX","47839719","47840022","46","12215223"
"chr1","60058996","60059292","chr1","58757259","58757554","18","1301737"
"chr1","60074064","60074360","chr3","14133270","14133569","33","45940794"
"chr1","60191648","60191941","chr11","112236085","112236375","32","52044437"
"chr1","60337094","60337206","chr2","107720840","107720952","13","47383746"
"chr1","60343402","60343617","chr10","73565247","73565453","40","13221845"
"chr1","60621661","60621930","chr16","60384000","60384267","47","237661"
"chr1","60769068","60769337","chr9","57579438","57579704","38","3189630"
"chr1","60776964","60777278","chr4","158986143","158986450","43","98209179"
"chr1","60823418","60823595","chr1","59517053","59517229","28","1306365"
"chr1","60823940","60824076","chr1","59517540","59517675","10","1306400"
"chr1","60855461","60855743","chr17","6896955","6897235","47","53958506"
"chr1","60890582","60890876","chr1","59589909","59590211","43","1300673"
"chr1","61516494","61516793","chrX","134977768","134978064","32","73461274"
"chr1","61535873","61536178","chr1","60155170","60155494","46","1380703"
"chr1","61562809","61563105","chr3","1691355","1691649","40","59871454"
"chr1","61570431","61570735","chr9","32114234","32114535","34","29456197"
"chr1","61600641","61600751","chr19","11546895","11547006","15","50053746"
"chr1","61666968","61667260","chr16","3212674","3212962","42","58454294"
"chr1","61733183","61733478","chr1","60345775","60346072","33","1387408"
"chr1","61865565","61865878","chr16","45819864","45820174","54","16045701"
"chr1","62003355","62003640","chr17","1729062","1729350","48","60274293"
"chr1","62059483","62059685","chr16","668407","668615","36","61391076"
"chr1","62093353","62093522","chr6","140049068","140049237","31","77955715"
"chr1","62097154","62097343","chr7","133114354","133114541","28","71017200"
"chr1","62121311","62121610","chr1","60733235","60733535","37","1388076"
"chr1","62132101","62132213","chr1","60744122","60744231","12","1387979"
"chr1","62132292","62132479","chr1","60744310","60744490","20","1387982"
"chr1","62168451","62168732","chr12","20843965","20844245","39","41324486"
"chr1","62186884","62187193","chr1","60799473","60799779","31","1387411"
"chr1","62225522","62225837","chr1","60838292","60838606","48","1387230"
"chr1","62226922","62227212","chr9","13634514","13634810","38","48592408"
"chr1","62280374","62280699","chr1","60893191","60893508","40","1387183"
"chr1","62336935","62337264","chr1","60949860","60950195","31","1387075"
"chr1","62634490","62634771","chr1","61248334","61248621","26","1386156"
"chr1","62663206","62663508","chr1","61277501","61277801","27","1385705"
"chr1","62734437","62734739","chr17","54282023","54282325","38","8452414"
"chr1","62738804","62739101","chr4","115563678","115563976","35","52824874"
"chr1","62743286","62743446","chr11","109938167","109938327","30","47194881"
"chr1","62757690","62757982","chr1","61376614","61376903","29","1381076"
"chr1","62765156","62765471","chr1","61384060","61384366","31","1381096"
"chr1","62788909","62789219","chr1","61403247","61403547","28","1385662"
"chr1","62789928","62790195","chr1","129089131","129089396","37","66299203"
"chr1","62795526","62795719","chr6","58167990","58168179","33","4627536"
"chr1","62796282","62796389","chr11","52824583","52824692","18","9971699"
"chr1","62807261","62807548","chr1","41691570","41691860","44","21115691"
"chr1","62809643","62809939","chr1","61425809","61426109","24","1383834"
"chr1","62813181","62813306","chr5","2739453","2739583","24","60073728"
"chr1","62814718","62814791","chrX","25133927","25133999","10","37680791"
"chr1","62820391","62820704","chr1","61436765","61437062","44","1383626"
"chr1","62823028","62823342","chrX","23558557","23558868","33","39264471"
"chr1","62830187","62830497","chr1","61446881","61447181","32","1383306"
"chr1","62834743","62834943","chr1","12231619","12231822","36","50603124"
"chr1","62842861","62843168","chr1","61459425","61459724","24","1383436"
"chr1","62858259","62858559","chr13","42937848","42938150","40","19920411"
"chr1","62858820","62859111","chr1","61475457","61475752","28","1383363"
"chr1","62859546","62859814","chr4","114052985","114053253","32","51193439"
"chr1","62861523","62861830","chr1","24211287","24211597","35","38650236"
"chr1","62866783","62867077","chr1","86816862","86817153","44","23950079"
"chr1","62878815","62879119","chr1","61501212","61501518","30","1377603"
"chr1","62888907","62889194","chr10","37556074","37556363","36","25332833"
"chr1","62925193","62925471","chr1","61546689","61546973","29","1378504"
"chr1","62930774","62931065","chr1","61550824","61551110","28","1379950"
"chr1","62950173","62950476","chr3","55556828","55557129","34","7393345"
"chr1","62952232","62952549","chr19","35042051","35042358","44","27910181"
"chr1","62955293","62955582","chr4","4730814","4731102","31","58224479"
"chr1","62964745","62965037","chr1","61584017","61584307","33","1380728"
"chr1","62987476","62987780","chr7","164026191","164026494","44","101038715"
"chr1","62989877","62990172","chr7","136620200","136620498","30","73630323"
"chr1","62993246","62993540","chr3","122758536","122758834","38","59765290"
"chr1","62998548","62998669","chr7","139104429","139104548","18","76105881"
"chr1","63001426","63001703","chr3","157375537","157375818","33","94374111"
"chr1","63002746","63003053","chr14","46341791","46342085","69","16660955"
"chr1","63019489","63019753","chr3","36114319","36114587","41","26905170"
"chr1","63032789","63033056","chr1","61644345","61644612","19","1388444"
"chr1","63033504","63033807","chr1","61645061","61645369","32","1388443"
"chr1","63046076","63046386","chr1","25768686","25768994","57","37277390"
"chr1","63050699","63050994","chr1","61663483","61663784","33","1387216"
"chr1","63056914","63057221","chr1","61669763","61670056","36","1387151"
"chr1","63068440","63068710","chr3","8731849","8732114","40","54336591"
"chr1","63075245","63075556","chr1","61688478","61688782","41","1386767"
"chr1","63086208","63086267","chr4","127863386","127863444","10","64777178"
"chr1","63089371","63089667","chr20","17043783","17044080","39","46045588"
"chr1","63107075","63107262","chr1","44754625","44754807","27","18352450"
"chr1","63110476","63110767","chr1","61722707","61722984","37","1387769"
"chr1","63121592","63121917","chr1","61735021","61735343","32","1386571"
"chr1","63127138","63127430","chr1","38986821","38987108","52","24140317"
"chr1","63130996","63131292","chr1","61744664","61744959","24","1386332"
"chr1","63136067","63136352","chr1","61749242","61749532","26","1386825"
"chr1","63142233","63142527","chr1","61755309","61755605","37","1386924"
"chr1","63162622","63162901","chr2","40746353","40746634","44","22416269"
"chr1","63171730","63172040","chr1","61789999","61790297","30","1381731"
"chr1","63175126","63175448","chr1","61793480","61793792","36","1381646"
"chr1","63192470","63192715","chr10","59910337","59910584","35","3282133"
"chr1","63203643","63203942","chrX","19529596","19529893","42","43674047"
"chr1","63208411","63208690","chr18","60459178","60459462","33","2749233"
"chr1","63217500","63217633","chr10","71389735","71389870","11","8172235"
"chr1","63222366","63222670","chr1","61841667","61841970","29","1380699"
"chr1","63230489","63230792","chr1","61848995","61849289","29","1381494"
"chr1","63233215","63233355","chr19","5913891","5914024","25","57319324"
"chr1","63236183","63236491","chr13","65679340","65679641","40","2443157"
"chr1","63267835","63268115","chr11","80548014","80548293","46","17280179"
"chr1","63269417","63269713","chr16","9492744","9493038","35","53776673"
"chr1","63290115","63290411","chr1","61906023","61906308","44","1384092"
"chr1","63290932","63291205","chr1","61907146","61907429","37","1383786"
"chr1","63292896","63293196","chr1","61908881","61909190","33","1384015"
"chr1","63325577","63325883","chr1","61951885","61952189","17","1373692"
"chr1","63333323","63333645","chr1","61960252","61960569","39","1373071"
"chr1","63339438","63339751","chr4","112951314","112951618","44","49611876"
"chr1","63353362","63353600","chr1","61981477","61981709","20","1371885"
"chr1","63358206","63358434","chr1","61986335","61986559","24","1371871"
"chr1","63364260","63364548","chr1","61993858","61994143","23","1370402"
"chr1","63371368","63371689","chr14","63539987","63540287","50","168619"
"chr1","63381630","63381917","chr3","1691355","1691649","38","61690275"
"chr1","63388415","63388732","chrX","19059328","19059639","36","44329087"
"chr1","63395134","63395431","chr7","54800820","54801122","36","8594314"
"chr1","63403460","63403764","chr13","107267453","107267748","39","43863993"
"chr1","63410298","63410549","chr1","62038508","62038760","22","1371790"
"chr1","63430024","63430332","chr6","105234648","105234956","40","41804624"
"chr1","63445288","63445581","chr1","62074305","62074605","29","1370983"
"chr1","63472042","63472346","chr2","40790611","40790910","30","22681431"
"chr1","63480401","63480549","chr11","54998127","54998272","16","8482274"
"chr1","63481662","63481920","chr1","62109821","62110079","13","1371841"
"chr1","63486324","63486611","chr1","62114463","62114757","31","1371861"
"chr1","63487714","63488017","chr1","62115871","62116168","38","1371843"
"chr1","63519336","63519630","chr19","13989351","13989646","36","49529985"
"chr1","63537835","63538131","chr18","20505848","20506142","34","43031987"
"chr1","63538171","63538475","chr16","51935981","51936282","36","11602190"
"chr1","63552166","63552448","chr1","62181995","62182275","20","1370171"
"chr1","63552734","63552792","chr13","14688151","14688212","11","48864583"
"chr1","63635809","63636085","chr5","189236720","189236995","43","125600911"
"chr1","63641927","63642082","chr13","33991736","33991896","24","29650191"
"chr1","63679967","63680255","chr1","62307022","62307312","34","1372945"
"chr1","63684898","63685206","chr11","75431985","75432282","48","11747087"
"chr1","63715064","63715373","chr1","4731654","4731965","38","58983410"
"chr1","63737919","63738216","chr16","8821830","8822125","38","54916089"
"chr1","63740455","63740654","chr11","2904691","2904882","33","60835764"
"chr1","63788272","63788570","chr1","140907090","140907384","31","77118818"
"chr1","63790076","63790403","chr1","41805196","41805511","42","21984880"
"chr1","63791159","63791386","chr5","185915874","185916101","27","122124715"
"chr1","63799807","63800117","chr1","62419540","62419847","28","1380267"
"chr1","63805551","63805680","chr7","48491017","48491143","30","15314534"
"chr1","63869137","63869426","chr12","38901004","38901285","38","24968133"
"chr1","63870125","63870405","chr1","31889744","31890030","48","31980381"
"chr1","63917988","63918263","chr15","357609","357882","39","63560379"
"chr1","63919193","63919495","chr1","62532517","62532818","24","1386676"
"chr1","63961619","63961826","chr2","78194606","78194829","58","14232987"
"chr1","63999882","64000000","chr13","26091006","26091123","14","37908876"
"chr1","64000001","64000194","chr19","8582317","8582502","30","55417684"
"chr1","64042844","64043078","chr1","62658764","62658998","16","1384080"
"chr1","64067587","64067892","chr1","62684052","62684363","31","1383535"
"chr1","64086606","64086909","chr10","81117060","81117362","38","17030454"
"chr1","64089927","64090231","chr1","62706748","62707048","33","1383179"
"chr1","64151747","64152068","chr1","62769187","62769509","38","1382560"
"chr1","64191076","64191371","chr1","62808378","62808677","27","1382698"
"chr1","64236148","64236442","chr1","62855507","62855812","32","1380641"
"chr1","64241293","64241603","chr1","62860746","62861054","31","1380547"
"chr1","64263783","64264088","chr2","83348614","83348919","38","19084831"
"chr1","64265828","64266105","chr4","10810168","10810434","43","53455660"
"chr1","64295152","64295443","chr1","101799784","101800074","34","37504632"
"chr1","64306456","64306756","chr13","62404877","62405180","40","1901579"
"chr1","64307276","64307350","chr1","62928568","62928640","8","1378708"
"chr1","64307449","64307668","chr1","62928740","62928959","19","1378709"
"chr1","64337640","64337959","chr8","28461779","28462090","46","35875861"
"chr1","64365577","64365865","chr1","62990502","62990789","23","1375075"
"chr1","64369576","64369887","chr1","62994436","62994747","25","1375140"
"chr1","64378901","64379209","chr1","63003708","63004017","30","1375193"
"chr1","64408481","64408770","chr1","63032460","63032740","32","1376021"
"chr1","64413180","64413441","chr1","139650554","139650817","31","75237374"
"chr1","64427750","64428053","chr1","63047066","63047371","30","1380684"
"chr1","64434571","64434868","chrX","52560249","52560544","23","11874322"
"chr1","64435887","64436184","chr3","5998793","5999090","38","58437094"
"chr1","64438766","64438913","chr12","63241189","63241340","25","1197577"
"chr1","64441333","64441646","chr16","66951443","66951748","49","2510110"
"chr1","64443057","64443328","chr1","63060270","63060541","25","1382787"
"chr1","64453077","64453385","chr1","63071208","63071518","37","1381869"
"chr1","64457714","64458017","chr1","63074168","63074470","27","1383546"
"chr1","64534866","64534989","chr20","54454239","54454355","37","10080627"
"chr1","64535036","64535191","chr19","12759498","12759656","27","51775538"
"chr1","64545625","64545925","chr1","63155019","63155320","33","1390606"
"chr1","64546285","64546584","chr1","220883377","220883674","43","156337092"
"chr1","64564106","64564402","chr1","63173166","63173467","32","1390940"
"chr1","64581553","64581733","chr8","122467386","122467555","41","57885833"
"chr1","64592131","64592424","chr1","63198914","63199206","29","1393217"
"chr1","64595110","64595407","chr1","63201800","63202098","26","1393310"
"chr1","64611771","64612070","chr1","63218848","63219153","26","1392923"
"chr1","64625877","64626182","chr1","63230862","63231165","38","1395015"
"chr1","64648013","64648301","chr1","63251632","63251929","28","1396381"
"chr1","64661601","64661909","chr14","51895763","51896072","34","12765838"
"chr1","64687354","64687625","chr1","63291846","63292111","23","1395508"
"chr1","64751290","64751600","chrX","23558557","23558868","35","41192733"
"chr1","64761366","64761535","chr16","75148418","75148588","29","10387052"
"chr1","64767926","64768236","chrX","50320300","50320608","43","14447626"
"chr1","64777394","64777411","chr7","136298440","136298457","2","71521046"
"chr1","64777443","64777724","chr6","56014347","56014628","35","8763096"
"chr1","64789868","64790029","chr8","144173751","144173908","23","79383883"
"chr1","64800669","64800971","chrX","114883322","114883623","27","50082653"
"chr1","64814852","64815102","chr10","80506925","80507166","51","15692073"
"chr1","64831257","64831573","chr7","81771278","81771588","40","16940021"
"chr1","64888229","64888506","chr3","44808659","44808936","37","20079570"
"chr1","64924875","64924983","chr16","4335933","4336040","18","60588942"
"chr1","64925252","64925431","chr1","128904529","128904699","29","63979277"
"chr1","65028053","65028357","chr1","63638264","63638575","33","1389789"
"chr1","65088781","65089089","chr1","63700285","63700584","30","1388496"
"chr1","65277589","65277891","chr1","182028175","182028479","31","116750586"
"chr1","65367626","65367926","chr10","34958816","34959116","32","30408810"
"chr1","65371851","65371947","chr5","169993910","169994003","14","104622059"
"chr1","65372250","65372347","chrX","114198091","114198185","13","48825841"
"chr1","65383745","65383941","chr11","108517484","108517656","56","43133739"
"chr1","65427929","65428237","chr15","30561481","30561792","42","34866448"
"chr1","65443328","65443493","chr6","143310132","143310288","28","77866804"
"chr1","65449411","65449706","chr1","63993170","63993466","23","1456241"
"chr1","65527538","65527831","chr1","64064807","64065080","42","1462731"
"chr1","65553656","65553826","chr3","39189443","39189610","20","26364213"
"chr1","65553861","65554022","chr15","108095064","108095230","35","42541203"
"chr1","65578492","65578765","chr14","3364891","3365165","36","62213601"
"chr1","65608293","65608434","chrX","38292794","38292936","12","27315499"
"chr1","65637537","65637834","chr1","64173244","64173535","31","1464293"
"chr1","65651689","65651989","chr1","64187586","64187884","29","1464103"
"chr1","65670245","65670544","chr7","166273659","166273960","27","100603414"
"chr1","65673605","65673896","chr14","107661796","107662087","31","41988191"
"chr1","65727209","65727491","chr1","64262368","64262650","24","1464841"
"chr1","65786022","65786322","chr1","64323340","64323650","31","1462682"
"chr1","65845985","65846286","chr1","64383766","64384073","38","1462219"
"chr1","65857018","65857341","chr6","169622824","169623132","57","103765806"
"chr1","65889638","65889944","chr4","111096695","111097001","31","45207057"
"chr1","65922344","65922658","chr1","64465874","64466175","30","1456470"
"chr1","65933053","65933356","chr1","64477606","64477906","17","1455447"
"chr1","65947958","65948261","chr1","64492894","64493204","42","1455064"
"chr1","65964061","65964358","chr1","64507528","64507829","29","1456533"
"chr1","66079679","66079987","chr1","64622434","64622744","41","1457245"
"chr1","66130388","66130688","chr1","64674516","64674819","44","1455872"
"chr1","66142032","66142335","chr1","64686727","64687030","17","1455305"
"chr1","66145855","66146150","chr1","64694162","64694459","37","1451693"
"chr1","66155312","66155618","chr2","203095842","203096145","37","136940530"
"chr1","66165173","66165451","chr1","64712437","64712715","29","1452736"
"chr1","66169016","66169308","chr1","64718214","64718507","23","1450802"
"chr1","66180102","66180302","chr14","19475809","19476022","47","46704293"
"chr1","66180593","66180728","chr1","64730837","64730972","11","1449756"
"chr1","66188946","66189080","chr7","137660344","137660478","11","71471398"
"chr1","66189346","66189617","chr4","68694350","68694614","93","2505004"
"chr1","66212469","66212754","chr1","64765312","64765593","31","1447157"
"chr1","66232796","66233081","chr5","51540643","51540938","45","14692153"
"chr1","66237662","66237965","chr1","64794182","64794478","23","1443480"
"chr1","66240769","66241064","chr1","64796662","64796974","36","1444107"
"chr1","66260926","66261093","chrX","557444","557611","28","65703482"
"chr1","66267755","66267853","chr3","169573450","169573549","15","103305695"
"chr1","66267855","66267987","chr14","12654012","12654148","22","53613843"
"chr1","66272294","66272426","chr19","12178955","12179081","27","54093339"
"chr1","66272847","66273031","chr2","96015267","96015450","25","29742420"
"chr1","66320866","66321152","chr1","64938578","64938865","24","1382288"
"chr1","66329124","66329426","chr1","64947316","64947606","37","1381808"
"chr1","66386654","66386942","chr8","53735567","53735855","41","12651087"
"chr1","66388059","66388342","chr1","65005476","65005771","34","1382583"
"chr1","66402177","66402474","chr6","20317307","20317607","30","46084870"
"chr1","66406868","66407172","chrX","9240846","9241146","42","57166022"
"chr1","66409563","66409877","chr1","65026569","65026883","20","1382994"
"chr1","66438452","66438727","chr14","22066932","22067189","46","44371520"
"chr1","66491409","66491740","chr1","65105129","65105438","54","1386280"
"chr1","66533428","66533726","chr15","18383931","18384228","33","48149497"
"chr1","66824010","66824126","chr13","41319152","41319268","15","25504858"
"chr1","66936662","66936941","chr1","65550219","65550500","36","1386443"
"chr1","66968860","66969194","chr1","65589293","65589609","42","1379567"
"chr1","66972563","66972870","chr1","65592921","65593237","36","1379642"
"chr1","67050476","67050761","chr1","65682049","65682319","38","1368427"
"chr1","67105745","67106048","chr1","65740145","65740454","30","1365600"
"chr1","67210864","67211185","chr1","65860174","65860490","32","1350690"
"chr1","67232704","67232987","chr1","65881405","65881688","14","1351299"
"chr1","67291505","67291802","chr1","65935645","65935956","40","1355860"
"chr1","67356013","67356297","chr1","65987842","65988132","30","1368171"
"chr1","67366411","67366697","chr6","140712867","140713153","40","73346456"
"chr1","67501613","67501925","chr7","80576000","80576310","40","13074387"
"chr1","67536709","67537003","chr19","13861665","13861958","37","53675044"
"chr1","67720681","67720804","chr8","84681685","84681808","18","16961004"
"chr1","67780607","67780907","chr3","12843370","12843669","42","54937237"
"chr1","67834836","67835141","chr14","112526592","112526892","37","44691756"
"chr1","67869341","67869642","chr1","66504071","66504363","28","1365270"
"chr1","67870071","67870324","chr1","66509180","66509416","34","1360891"
"chr1","67988349","67988638","chr1","66617595","66617882","28","1370754"
"chr1","68000003","68000154","chr11","1764341","1764489","27","66235662"
"chr1","68005932","68006231","chr1","66633532","66633851","37","1372400"
"chr1","68025481","68025777","chr1","66651923","66652224","31","1373558"
"chr1","68039686","68039785","chr1","154658231","154658332","16","86618545"
"chr1","68040751","68040943","chr10","28724852","28725046","28","39315899"
"chr1","68058970","68059269","chr3","15037241","15037540","38","53021729"
"chr1","68177249","68177288","chr2","93639690","93639728","8","25462441"
"chr1","68177575","68177729","chr7","120346484","120346633","20","52168909"
"chr1","68178579","68178883","chr15","104333343","104333649","41","36154764"
"chr1","68210032","68210352","chrX","66383160","66383473","57","1826872"
"chr1","68232384","68232677","chr1","66860761","66861063","41","1371623"
"chr1","68235801","68236043","chr6","136099735","136099977","33","67863934"
"chr1","68240302","68240528","chr17","31062846","31063079","37","37177456"
"chr1","68242061","68242356","chr3","38684532","38684827","37","29557529"
"chr1","68244524","68244821","chr1","66884809","66885100","29","1359715"
"chr1","68250304","68250606","chrX","52560249","52560544","31","15690055"
"chr1","68251688","68251993","chr1","66897404","66897695","34","1354284"
"chr1","68291366","68291648","chr1","66936248","66936531","33","1355118"
"chr1","68295901","68296178","chr1","66940802","66941085","37","1355099"
"chr1","68313703","68314017","chr1","66952363","66952674","31","1361340"
"chr1","68327437","68327730","chr1","66966431","66966716","40","1361006"
"chr1","68338421","68338718","chr1","66978256","66978550","27","1360165"
"chr1","68358591","68358896","chr1","66997914","66998211","27","1360677"
"chr1","68359923","68360229","chr1","66999243","66999536","40","1360680"
"chr1","68393204","68393496","chr1","67030921","67031213","27","1362283"
"chr1","68394697","68395001","chr20","4608384","4608687","38","63786313"
"chr1","68404657","68404953","chr1","67042355","67042652","21","1362302"
"chr1","68430216","68430511","chr7","162115436","162115734","36","93685220"
"chr1","68436691","68437012","chrX","19325410","19325719","48","49111281"
"chr1","68440349","68440629","chr1","67078470","67078759","33","1361879"
"chr1","68451034","68451328","chr20","22800828","22801125","45","45650206"
"chr1","68490202","68490492","chr16","10710589","10710878","34","57779613"
"chr1","68494252","68494552","chr1","67214933","67215241","34","1279319"
"chr1","68496032","68496167","chr10","71389735","71389870","9","2893703"
"chr1","68517156","68517433","chr12","89649774","89650053","57","21132618"
"chr1","68517577","68517727","chr16","6858537","6858688","24","61659040"
"chr1","68517795","68517933","chr6","153042327","153042461","24","84524532"
"chr1","68521909","68522210","chr1","67187310","67187597","34","1334599"
"chr1","68526088","68526373","chr1","67182544","67182831","22","1343544"
"chr1","68530929","68531087","chrX","855241","855400","27","67675688"
"chr1","68533030","68533176","chr19","32159624","32159766","30","36373406"
"chr1","68539320","68539621","chr10","82768266","82768562","40","14228946"
"chr1","68551660","68551913","chr2","187629803","187630055","42","119078143"
"chr1","68557968","68558148","chr16","47578815","47578998","24","20979153"
"chr1","68565219","68565527","chr18","371369","371677","38","68193850"
"chr1","68577465","68577772","chr10","86520368","86520675","34","17942903"
"chr1","68597532","68597824","chr1","15200529","15200801","62","53397003"
"chr1","68606415","68606687","chr16","16398990","16399262","33","52207425"
"chr1","68690296","68690597","chr1","67261454","67261758","24","1428842"
"chr1","68692702","68692959","chr1","67263879","67264136","14","1428823"
"chr1","68706637","68706873","chr19","7064332","7064566","38","61642305"
"chr1","68716837","68716994","chr19","44638522","44638676","27","24078315"
"chr1","68739424","68739530","chr10","44888468","44888572","13","23850956"
"chr1","68752948","68753241","chr1","67325695","67325992","25","1427253"
"chr1","68758523","68758816","chr1","67331334","67331624","35","1427189"
"chr1","68763467","68763777","chr1","67336326","67336635","27","1427141"
"chr1","68787170","68787485","chr1","67360109","67360408","40","1427061"
"chr1","68796684","68796985","chr15","110168338","110168631","44","41371654"
"chr1","68855795","68856094","chr1","67434210","67434507","30","1421585"
"chr1","68877758","68877898","chr1","28201933","28202067","19","40675825"
"chr1","68892932","68893213","chr20","24142203","24142488","27","44750729"
"chr1","68894743","68895027","chrX","135071379","135071661","37","66176636"
"chr1","68919825","68920108","chr17","29335507","29335791","36","39584318"
"chr1","68930203","68930514","chr1","67508370","67508694","39","1421833"
"chr1","69013788","69014073","chr4","159091626","159091898","43","90077838"
"chr1","69180347","69180641","chr1","67765511","67765806","21","1414836"
"chr1","69188529","69188811","chr1","67773565","67773859","40","1414964"
"chr1","69202693","69202993","chr1","67787453","67787747","38","1415240"
"chr1","69214109","69214363","chr13","88270653","88270911","33","19056544"
"chr1","69376271","69376553","chr1","67961422","67961715","37","1414849"
"chr1","69383023","69383299","chr3","125385973","125386251","41","56002950"
"chr1","69407445","69407734","chr1","112580058","112580347","34","43172613"
"chr1","69436963","69437242","chr1","68019764","68020045","26","1417199"
"chr1","69437306","69437316","chr1","133939342","133939352","1","64502036"
"chr1","69461720","69462030","chrX","12865763","12866065","46","56595957"
"chr1","69508310","69508589","chr1","68090766","68091056","35","1417544"
"chr1","69609504","69609632","chr10","31067832","31067967","16","38541672"
"chr1","69609866","69610018","chr10","17009374","17009530","30","52600492"
"chr1","69658843","69659154","chr1","68239487","68239796","28","1419356"
"chr1","69826219","69826478","chr1","68419297","68419568","36","1406922"
"chr1","69847632","69847934","chr1","68440530","68440814","41","1407102"
"chr1","69917477","69917784","chr14","63978468","63978772","36","5939009"
"chr1","70064208","70064480","chr8","142242840","142243113","37","72178632"
"chr1","70086546","70086655","chr14","195049","195159","14","69891497"
"chr1","70206433","70206726","chr1","68775844","68776139","31","1430589"
"chr1","70259332","70259641","chr12","58910856","58911159","44","11348476"
"chr1","70333792","70334094","chr4","73635301","73635606","38","3301509"
"chr1","70370176","70370484","chr1","68931264","68931573","39","1438912"
"chr1","70478923","70479210","chr1","69044959","69045244","34","1433964"
"chr1","70541251","70541486","chr19","7788887","7789121","30","62752364"
"chr1","70573069","70573376","chr2","57691932","57692233","40","12881137"
"chr1","70654286","70654589","chr13","105303664","105303967","31","34649378"
"chr1","70736752","70737060","chr10","12541086","12541391","43","58195666"
"chr1","70739629","70739939","chr1","69264954","69265275","35","1474675"
"chr1","71165430","71165692","chr1","139650554","139650817","31","68485124"
"chr1","71167916","71168191","chr2","56147584","56147867","60","15020332"
"chr1","71192245","71192505","chr1","69731921","69732181","22","1460324"
"chr1","71196655","71196896","chr1","69736312","69736540","27","1460343"
"chr1","71371069","71371378","chr1","69907823","69908133","21","1463246"
"chr1","71418488","71418618","chr5","62675882","62676010","11","8742606"
"chr1","71429346","71429632","chr1","69969291","69969576","19","1460055"
"chr1","71431411","71431691","chr1","69971354","69971633","24","1460057"
"chr1","71433232","71433523","chr6","131932218","131932509","37","60498986"
"chr1","71487364","71487545","chr3","32667940","32668109","39","38819424"
"chr1","71492699","71492982","chr17","29335507","29335791","28","42157192"
"chr1","71493657","71493948","chr20","42678956","42679249","39","28814701"
"chr1","71501749","71501834","chr13","105416123","105416211","12","33914374"
"chr1","71501835","71501964","chr3","3601650","3601780","17","67900185"
"chr1","71511480","71511620","chr1","221479214","221479348","23","149967734"
"chr1","71546686","71546975","chr1","70080858","70081149","28","1465828"
"chr1","71547285","71547560","chr4","44285534","44285810","37","27261751"
"chr1","71549270","71549583","chrX","41106858","41107170","41","30442412"
"chr1","71550268","71550441","chr3","87852891","87853064","24","16302623"
"chr1","71550553","71550816","chr5","137614363","137614631","49","66063810"
"chr1","71557374","71557670","chr1","70092191","70092489","27","1465183"
"chr1","71564933","71565071","chr1","70100339","70100477","4","1464594"
"chr1","71569804","71570055","chr1","70107001","70107252","20","1462803"
"chr1","71570317","71570626","chr6","105234648","105234956","38","33664331"
"chr1","71574559","71574851","chr4","105401676","105401972","38","33827117"
"chr1","71595805","71595935","chr19","7938276","7938409","13","63657529"
"chr1","71596523","71596824","chr1","70183835","70184139","22","1412688"
"chr1","71609050","71609343","chr1","70209127","70209427","25","1399923"
"chr1","71614187","71614292","chr1","154658231","154658332","17","83044044"
"chr1","71614583","71614760","chr2","184354378","184354557","23","112739795"
"chr1","71627884","71628177","chr4","44696544","44696837","37","26931340"
"chr1","71633230","71633368","chrX","130438301","130438440","21","58805071"
"chr1","71634794","71634968","chr8","126054004","126054184","27","54419210"
"chr1","71638419","71638713","chr2","187558684","187558980","33","115920265"
"chr1","71652495","71652795","chr1","70251641","70251938","30","1400854"
"chr1","71671877","71672138","chr1","70267785","70268039","31","1404092"
"chr1","71674046","71674335","chr11","48892425","48892714","39","22781621"
"chr1","71695126","71695421","chr1","70291942","70292237","18","1403184"
"chr1","71696621","71696909","chr2","97448922","97449211","48","25752301"
"chr1","71723097","71723386","chr1","70325203","70325488","27","1397894"
"chr1","71741755","71742060","chr1","70346198","70346482","42","1395557"
"chr1","71749426","71749568","chr14","68181921","68182061","18","3567505"
"chr1","71864804","71865076","chr8","142242840","142243113","36","70378036"
"chr1","71938499","71938796","chr14","15756054","15756351","35","56182445"
"chr1","71941555","71941845","chr1","70604190","70604480","23","1337365"
"chr1","71998961","71999248","chr1","70657488","70657781","31","1341473"
"chr1","72001888","72002197","chr1","70660389","70660688","37","1341499"
"chr1","72190634","72190931","chr1","70852102","70852383","35","1338532"
"chr1","72223016","72223307","chr11","119876872","119877165","40","47653856"
"chr1","72246898","72247200","chr4","18466227","18466514","48","53780671"
"chr1","72401824","72402118","chr1","71063301","71063600","25","1338523"
"chr1","72512211","72512490","chr1","71178604","71178869","34","1333607"
"chr1","72520698","72520910","chr15","78831585","78831798","34","6310887"
"chr1","72555022","72555309","chr20","25725788","25726059","60","46829234"
"chr1","72603407","72603707","chr7","35376488","35376788","40","37226919"
"chr1","72678428","72678716","chr3","165557610","165557900","57","92879182"
"chr1","72888887","72889145","chr3","80030845","80031101","40","7141958"
"chr1","72967889","72968059","chr19","49268988","49269155","24","23698901"
"chr1","72980743","72980940","chr11","2904691","2904882","46","70076052"
"chr1","73047830","73048132","chr1","221811818","221812117","39","148763988"
"chr1","73057397","73057704","chr1","40610787","40611094","41","32446610"
"chr1","73078573","73078878","chr10","74888195","74888498","36","1809622"
"chr1","73178781","73179089","chr5","5799269","5799582","35","67379512"
"chr1","73193294","73193617","chrX","40705257","40705573","44","32488037"
"chr1","73236935","73237225","chr1","25647657","25647947","36","47589278"
"chr1","73332305","73332615","chr7","113559810","113560113","48","40227505"
"chr1","73368834","73369138","chr5","120426668","120426971","55","47057834"
"chr1","73397339","73397632","chr16","27254219","27254511","46","46143120"
"chr1","73450573","73450825","chr17","5166575","5166846","50","68283998"
"chr1","73672262","73672490","chr4","116777080","116777297","49","43104818"
"chr1","73730110","73730403","chr10","25184691","25184985","40","48545419"
"chr1","73769724","73770017","chrX","17828364","17828649","35","55941360"
"chr1","73869479","73869640","chr13","96299109","96299267","27","22429630"
"chr1","73915546","73915782","chr13","57213169","57213400","33","16702377"
"chr1","74096595","74096907","chr1","72828714","72829025","28","1267881"
"chr1","74188854","74189148","chr6","178150239","178150531","39","103961385"
"chr1","74405763","74406066","chr1","73110537","73110844","39","1295226"
"chr1","74618239","74618400","chrX","25133782","25133926","25","49484457"
"chr1","74808397","74808687","chr9","115113357","115113647","34","40304960"
"chr1","75033362","75033671","chr12","100297616","100297927","39","25264254"
"chr1","75034575","75034875","chr14","111646507","111646801","34","36611932"
"chr1","75071541","75071832","chr9","59685986","59686279","34","15385555"
"chr1","75072864","75073155","chr1","39808407","39808699","31","35264457"
"chr1","75191120","75191412","chr1","73932980","73933268","30","1258140"
"chr1","75280368","75280676","chr1","74032610","74032921","31","1247758"
"chr1","75506196","75506484","chr1","146257088","146257378","32","70750892"
"chr1","75527223","75527496","chr3","81948459","81948731","45","6421236"
"chr1","75606510","75606811","chr4","136290265","136290568","38","60683755"
"chr1","75755368","75755682","chr1","74543807","74544123","35","1211561"
"chr1","75819156","75819485","chr7","19476455","19476762","70","56342701"
"chr1","75915309","75915425","chr20","54711525","54711640","14","21203784"
"chr1","75952473","75952772","chr5","107635775","107636076","30","31683302"
"chr1","75997613","75997885","chr6","62088652","62088935","39","13908961"
"chr1","76078463","76078745","chr1","19022544","19022830","47","57055919"
"chr1","76143143","76143438","chr13","70518735","70519027","35","5624408"
"chr1","76145963","76146251","chr9","89659050","89659337","37","13513087"
"chr1","76156747","76157014","chr1","74932333","74932600","26","1224414"
"chr1","76183097","76183284","chr20","32193148","32193348","34","43989949"
"chr1","76352581","76352882","chr16","12261264","12261562","39","64091317"
"chr1","76389043","76389349","chr1","75170992","75171298","25","1218051"
"chr1","76434501","76434608","chr1","123145127","123145241","27","46710626"
"chr1","76632908","76633210","chr1","75418853","75419155","35","1214055"
"chr1","76715725","76716035","chr1","75498713","75499025","29","1217012"
"chr1","76761307","76761620","chr1","75538464","75538760","35","1222843"
"chr1","76761689","76761826","chr19","41289079","41289217","20","35472610"
"chr1","76819647","76819935","chr19","41654823","41655120","40","35164824"
"chr1","76841265","76841549","chr1","75612955","75613252","27","1228310"
"chr1","76844923","76845219","chr1","75616919","75617216","19","1228004"
"chr1","76856186","76856502","chr1","75629918","75630231","30","1226268"
"chr1","76895605","76895898","chr14","115431247","115431536","33","38535642"
"chr1","76902124","76902418","chr14","103136842","103137137","25","26234718"
"chr1","76904195","76904502","chr11","127039406","127039714","34","50135211"
"chr1","76921418","76921570","chr20","11319049","11319198","22","65602369"
"chr1","76922847","76923131","chr1","75717079","75717358","25","1205768"
"chr1","76947521","76947814","chr16","13163929","13164237","49","63783592"
"chr1","76957062","76957378","chr1","75750116","75750432","30","1206946"
"chr1","76977664","76977896","chr1","75769290","75769522","14","1208374"
"chr1","76980221","76980393","chr1","75771843","75772015","20","1208378"
"chr1","76995755","76996057","chr1","75787912","75788217","23","1207843"
"chr1","77056290","77056414","chr9","97550947","97551073","16","20494657"
"chr1","77124961","77125233","chr1","75916040","75916298","44","1208921"
"chr1","77138879","77139017","chr1","75947292","75947430","8","1191587"
"chr1","77139681","77139871","chr1","75948079","75948268","21","1191602"
"chr1","77165797","77166097","chr16","9166808","9167112","38","67998989"
"chr1","77225932","77226235","chr9","35269044","35269344","41","41956888"
"chr1","77365416","77365709","chr7","18502191","18502489","40","58863225"
"chr1","77372564","77372865","chr1","217091228","217091528","41","139718664"
"chr1","77399517","77399817","chr7","40063489","40063797","31","37336028"
"chr1","77434778","77435071","chr1","142214846","142215140","29","64780068"
"chr1","77537478","77537793","chr1","76248439","76248747","37","1289039"
"chr1","77631178","77631479","chr1","76343140","76343442","42","1288038"
"chr1","77663558","77663867","chr1","76375094","76375397","29","1288464"
"chr1","77736592","77736904","chr1","76483253","76483544","39","1253339"
"chr1","77742619","77742922","chr1","76489272","76489570","25","1253347"
"chr1","77758137","77758316","chr3","175491275","175491459","33","97733138"
"chr1","77886542","77886841","chr7","52114993","52115291","36","25771549"
"chr1","78080910","78081009","chr11","51614343","51614439","18","26466567"
"chr1","78313461","78313770","chr1","77063081","77063387","33","1250380"
"chr1","78449281","78449585","chr1","77200622","77200933","29","1248659"
"chr1","78524019","78524320","chr1","77266870","77267168","25","1257149"
"chr1","78623151","78623440","chr1","77364969","77365262","26","1258182"
"chr1","78623873","78624169","chr15","7459518","7459814","42","71164355"
"chr1","78625642","78625953","chr5","184066657","184066960","45","105441015"
"chr1","78655844","78656170","chr1","77398011","77398305","53","1257833"
"chr1","78744474","78744778","chr1","77490148","77490457","30","1254326"
"chr1","78804082","78804390","chr1","77562772","77563075","31","1241310"
"chr1","78810272","78810569","chr14","15756054","15756351","41","63054218"
"chr1","78831320","78831603","chrX","21464522","21464807","30","57366798"
"chr1","78842174","78842444","chr16","67841897","67842169","39","11000277"
"chr1","78842465","78842633","chr3","160490400","160490565","28","81647935"
"chr1","78871949","78872169","chr3","45604681","45604903","37","33267268"
"chr1","78893976","78894273","chr1","77651661","77651954","18","1242315"
"chr1","78949408","78949704","chrX","44790338","44790634","33","34159070"
"chr1","78961407","78961702","chr10","12978392","12978689","41","65983015"
"chr1","78962887","78963212","chr1","39916413","39916711","65","39046474"
"chr1","78969255","78969546","chr1","77730548","77730833","36","1238707"
"chr1","78973741","78974039","chr1","9601563","9601859","43","69372178"
"chr1","78980518","78980811","chr1","77741946","77742244","26","1238572"
"chr1","78988128","78988443","chr1","77749591","77749904","25","1238537"
"chr1","78998952","78999256","chr1","77759958","77760267","29","1238994"
"chr1","79014541","79014846","chr5","8289100","8289402","44","70725441"
"chr1","79032492","79032797","chr1","77794614","77794918","29","1237878"
"chr1","79052465","79052778","chr1","77819934","77820233","42","1232531"
"chr1","79066292","79066593","chr14","15756054","15756351","36","63310238"
"chr1","79074989","79075130","chr6","56602654","56602794","21","22472335"
"chr1","79097178","79097477","chr9","900129","900422","35","78197049"
"chr1","79097920","79098205","chr10","27652971","27653253","40","51444949"
"chr1","79112159","79112439","chr1","77862671","77862966","36","1249488"
"chr1","79114225","79114481","chr1","77864742","77865015","38","1249483"
"chr1","79115028","79115322","chr1","77865514","77865809","27","1249514"
"chr1","79129273","79129429","chr7","136552115","136552271","28","57422842"
"chr1","79143898","79144198","chr1","77895453","77895751","40","1248445"
"chr1","79146041","79146323","chr1","77897574","77897854","21","1248467"
"chr1","79151088","79151374","chr1","77903543","77903823","26","1247545"
"chr1","79158672","79158815","chr17","29381256","29381391","28","49777416"
"chr1","79167989","79168278","chr3","126282662","126282957","37","47114673"
"chr1","79170283","79170585","chr1","77921853","77922155","14","1248430"
"chr1","79182746","79182985","chr1","77935956","77936198","24","1246790"
"chr1","79193365","79193497","chrX","2592837","2592968","11","76600528"
"chr1","79219179","79219472","chr1","77970688","77970988","39","1248491"
"chr1","79226110","79226352","chr15","58057536","58057773","43","21168574"
"chr1","79233222","79233520","chr1","77983381","77983674","27","1249841"
"chr1","79235895","79236167","chr13","24414225","24414496","40","54821670"
"chr1","79293690","79293982","chr1","78045712","78045996","28","1247978"
"chr1","79331972","79332269","chr1","78085342","78085651","26","1246630"
"chr1","79342387","79342540","chr20","11319049","11319198","29","68023338"
"chr1","79344560","79344847","chr1","78097994","78098289","32","1246566"
"chr1","79349418","79349711","chr1","78102873","78103172","41","1246545"
"chr1","79350159","79350461","chr5","93179263","93179563","36","13829104"
"chr1","79351767","79352057","chr12","55654729","55655018","32","23697038"
"chr1","79361939","79362148","chr12","115779124","115779331","24","36417185"
"chr1","79362733","79363045","chr1","78113827","78114150","38","1248906"
"chr1","79389753","79390035","chr1","78140888","78141165","26","1248865"
"chr1","79449695","79449986","chr1","78216151","78216447","35","1233544"
"chr1","79457777","79457916","chr8","41637901","41638027","37","37819876"
"chr1","79475039","79475335","chr16","5625017","5625313","42","73850022"
"chr1","79544440","79544741","chr1","78291453","78291750","22","1252987"
"chr1","79549680","79549828","chr19","42331320","42331470","21","37218360"
"chr1","79575406","79575718","chr8","38607474","38607771","46","40967932"
"chr1","79669161","79669463","chr9","54357147","54357447","35","25312014"
"chr1","79687968","79688267","chr1","78426472","78426775","27","1261496"
"chr1","79717925","79718203","chr1","78452347","78452636","45","1265578"
"chr1","79726955","79727230","chr1","78461371","78461639","34","1265584"
"chr1","79728418","79728729","chr8","52666814","52667124","41","27061604"
"chr1","79768343","79768625","chr1","78515863","78516134","35","1252480"
"chr1","79955075","79955364","chr1","78701242","78701540","36","1253833"
"chr1","80150493","80150791","chr20","56774654","56774954","36","23375839"
"chr1","80291108","80291384","chr7","107921503","107921774","38","27630395"
"chr1","80377850","80378131","chr9","106051939","106052219","41","25674089"
"chr1","80378258","80378393","chr15","68478001","68478136","14","11900257"
"chr1","80378394","80378656","chr1","129089131","129089396","42","48710737"
"chr1","80378798","80378983","chr2","150828868","150829054","44","70450070"
"chr1","80381767","80382042","chr1","79122217","79122513","43","1259550"
"chr1","80441987","80442284","chr4","105401676","105401972","30","24959689"
"chr1","80521839","80521996","chr14","90896617","90896768","38","10374778"
"chr1","80568000","80568300","chr4","31622415","31622702","56","48945585"
"chr1","80568575","80568856","chr15","40988593","40988874","40","39579982"
"chr1","80628500","80628809","chr2","203095842","203096145","43","122467342"
"chr1","80652837","80653131","chr1","79396826","79397121","34","1256011"
"chr1","80685513","80685805","chr2","142912183","142912473","41","62226670"
"chr1","80822249","80822510","chr12","106786060","106786323","34","25963811"
"chr1","80938867","80939163","chr1","79673271","79673563","33","1265596"
"chr1","80951430","80951748","chr11","54384246","54384559","42","26567184"
"chr1","80965475","80965774","chr1","112548829","112549133","39","31583354"
"chr1","81011907","81012207","chr15","104333343","104333649","34","23321436"
"chr1","81054443","81054742","chr1","79779022","79779320","42","1275421"
"chr1","81114195","81114491","chr1","79842128","79842425","26","1272067"
"chr1","81122947","81123255","chr1","79850924","79851225","36","1272023"
"chr1","81208559","81208866","chr1","79938264","79938573","33","1270295"
"chr1","81279475","81279717","chr11","31920323","31920561","38","49359152"
"chr1","81313841","81314127","chr10","81089628","81089912","62","224213"
"chr1","81407589","81407880","chr18","20505848","20506142","34","60901741"
"chr1","81455620","81455917","chr4","25744469","25744764","39","55711151"
"chr1","81677980","81678260","chr1","80393098","80393373","26","1284882"
"chr1","81703343","81703648","chr1","80423427","80423726","32","1279916"
"chr1","81721437","81721730","chr1","27876080","27876371","35","53845357"
"chr1","81755456","81755632","chr1","80469297","80469463","34","1286159"
"chr1","81755669","81755817","chr1","80469489","80469638","8","1286180"
"chr1","81844582","81844870","chr1","80567985","80568286","38","1276597"
"chr1","81846742","81847048","chr1","80570163","80570469","32","1276579"
"chr1","82131773","82132053","chr7","68687687","68687968","42","13444086"
"chr1","82303846","82304132","chr12","39315126","39315422","38","42988720"
"chr1","82344852","82345156","chr1","81151620","81151927","31","1193232"
"chr1","82378109","82378390","chr1","36516905","36517189","33","45861204"
"chr1","82418181","82418476","chr1","53265096","53265391","35","29153085"
"chr1","82515608","82515901","chr1","81322713","81323010","30","1192895"
"chr1","82593061","82593369","chr1","81407812","81408115","31","1185249"
"chr1","82679119","82679412","chr1","81492990","81493298","33","1186129"
"chr1","82735219","82735530","chr2","68982505","68982810","41","13752714"
"chr1","82780214","82780505","chr7","84669530","84669825","46","1889316"
"chr1","82804225","82804533","chr1","81618792","81619092","41","1185433"
"chr1","82820596","82820889","chr1","81635750","81636043","17","1184846"
"chr1","82849352","82849646","chr7","53567985","53568279","35","29281367"
"chr1","82859289","82859591","chr1","81672933","81673233","36","1186356"
"chr1","82860354","82860654","chr1","81674003","81674295","31","1186351"
"chr1","82864506","82864751","chrX","113544290","113544536","31","30679784"
"chr1","82896735","82897048","chr1","81710648","81710949","43","1186087"
"chr1","82908283","82908571","chr1","81722097","81722390","31","1186186"
"chr1","82960907","82961177","chr1","81775512","81775779","24","1185395"
"chr1","82980122","82980435","chr1","81795858","81796166","32","1184264"
"chr1","82984257","82984537","chrX","11965886","11966167","32","71018371"
"chr1","82988096","82988111","chr10","78414263","78414278","2","4573833"
"chr1","82988366","82988574","chr7","95222121","95222323","32","12233755"
"chr1","82988595","82988856","chr10","65554015","65554279","37","17434580"
"chr1","83017811","83017950","chr10","38983120","38983255","12","44034691"
"chr1","83031102","83031261","chr4","163053093","163053252","21","80021991"
"chr1","83051515","83051683","chr1","18496557","18496718","42","64554958"
"chr1","83072494","83072785","chr1","140148617","140148908","32","57076123"
"chr1","83073836","83074140","chrX","95177383","95177685","39","12103547"
"chr1","83088252","83088396","chr3","183731879","183732019","24","100643627"
"chr1","83094199","83094495","chr3","74132224","74132524","36","8961975"
"chr1","83107258","83107561","chr9","88223848","88224153","46","5116590"
"chr1","83111520","83111818","chr1","81927078","81927375","28","1184442"
"chr1","83151457","83151745","chr1","81966798","81967097","39","1184659"
"chr1","83199481","83199791","chr1","82013861","82014187","45","1185620"
"chr1","83227528","83227827","chr1","82042639","82042937","26","1184889"
"chr1","83233990","83234299","chr1","82048841","82049152","33","1185149"
"chr1","83255969","83256292","chr14","47901883","47902203","51","35354086"
"chr1","83318108","83318209","chr19","28835350","28835446","13","54482758"
"chr1","83320177","83320476","chr1","82137196","82137498","33","1182981"
"chr1","83345600","83345901","chr1","82164010","82164312","36","1181590"
"chr1","83427334","83427627","chr5","7365971","7366261","37","76061363"
"chr1","83593137","83593438","chr1","82403603","82403914","31","1189534"
"chr1","83626502","83626798","chr1","82437585","82437880","28","1188917"
"chr1","83650150","83650462","chr10","75939363","75939668","33","7710787"
"chr1","83703455","83703628","chr16","53414256","53414427","23","30289199"
"chr1","83781432","83781626","chr1","82590127","82590321","22","1191305"
"chr1","83866596","83866742","chr7","167773913","167774060","30","83907317"
"chr1","83871611","83871821","chr4","116777080","116777297","37","32905469"
"chr1","84012880","84013012","chr11","122217949","122218082","12","38205069"
"chr1","84027877","84028181","chr1","82844297","82844602","26","1183580"
"chr1","84940929","84941215","chr3","178976330","178976618","42","94035401"
"chr1","84962212","84962507","chr3","123232252","123232546","35","38270040"
"chr1","85006232","85006535","chr10","22511962","22512258","45","62494270"
"chr1","85103853","85104014","chr5","24882985","24883145","29","60220868"
"chr1","85163534","85163836","chr3","76671629","76671930","37","8491905"
"chr1","85371725","85372028","chr1","84177157","84177459","30","1194568"
"chr1","85413716","85414017","chr1","84226964","84227265","36","1186752"
"chr1","85455122","85455252","chr8","144173317","144173448","13","58718195"
"chr1","85514967","85515250","chr17","1021940","1022220","39","84493027"
"chr1","85654114","85654423","chr1","84485458","84485764","33","1168656"
"chr1","85671508","85671788","chr11","7102072","7102364","45","78569436"
"chr1","85673601","85673883","chr6","158330077","158330362","51","72656476"
"chr1","85801646","85801819","chr14","10619607","10619777","24","75182039"
"chr1","85881579","85881796","chr6","124382423","124382631","40","38500844"
"chr1","85887894","85888114","chr1","84711131","84711349","21","1176763"
"chr1","85918792","85919089","chr1","84742240","84742542","29","1176552"
"chr1","85923104","85923402","chr1","124876547","124876839","35","38953443"
"chr1","85932217","85932505","chr1","84756450","84756727","37","1175767"
"chr1","85937055","85937344","chr1","84761481","84761778","29","1175574"
"chr1","85939170","85939494","chr1","84763694","84764016","36","1175476"
"chr1","85941505","85941802","chr1","84766080","84766375","20","1175425"
"chr1","85951279","85951535","chr8","23500748","23501007","42","62450531"
"chr1","85975085","85975377","chr20","8006906","8007198","40","77968179"
"chr1","86001652","86001805","chr11","67342046","67342194","28","18659606"
"chr1","86060348","86060645","chr14","15756054","15756351","36","70304294"
"chr1","86199249","86199553","chr1","85028984","85029280","27","1170265"
"chr1","86272695","86272923","chr12","106080182","106080390","41","19807487"
"chr1","86276226","86276519","chr1","128612759","128613052","32","42336533"
"chr1","86283000","86283293","chr8","38791119","38791413","37","47491881"
"chr1","86302514","86302700","chr15","8260710","8260897","31","78041804"
"chr1","86380586","86380893","chr1","222607830","222608142","43","136227244"
"chr1","86455089","86455380","chr1","85284657","85284950","26","1170432"
"chr1","86463221","86463523","chr1","85293366","85293663","38","1169855"
"chr1","86525649","86525947","chr1","85358167","85358465","21","1167482"
"chr1","86531326","86531639","chrX","8591299","8591598","39","77940027"
"chr1","86553568","86553696","chr18","47431724","47431853","18","39121844"
"chr1","86564420","86564655","chr7","94786749","94786981","40","8222329"
"chr1","86580125","86580415","chr1","85412606","85412896","34","1167519"
"chr1","86581897","86582191","chr1","85414413","85414702","32","1167484"
"chr1","86595169","86595461","chr9","59685986","59686279","35","26909183"
"chr1","86678716","86678948","chr13","57213169","57213400","25","29465547"
"chr1","86692217","86692384","chr1","164626359","164626525","25","77934142"
"chr1","86692414","86692714","chr1","85521735","85522021","49","1170679"
"chr1","86772157","86772465","chr1","85601553","85601840","40","1170604"
"chr1","86813879","86814195","chr1","85645797","85646119","32","1168082"
"chr1","86894219","86894515","chr19","2344835","2345134","38","84549384"
"chr1","86896062","86896349","chr3","86995438","86995728","42","99376"
"chr1","86944677","86944976","chr1","85771057","85771356","34","1173620"
"chr1","86949938","86950226","chr1","85776872","85777161","17","1173066"
"chr1","87004651","87004932","chr1","85831908","85832188","29","1172743"
"chr1","87080679","87080936","chr1","85900497","85900754","21","1180182"
"chr1","87095229","87095542","chr20","41582621","41582926","47","45512608"
"chr1","87107585","87107799","chr1","85926312","85926528","19","1181273"
"chr1","87137172","87137472","chr16","45044828","45045127","38","42092344"
"chr1","87162556","87162861","chr15","12965109","12965410","32","74197447"
"chr1","87169462","87169710","chr1","85981144","85981409","39","1188318"
"chr1","87172498","87172792","chr1","85984147","85984437","27","1188351"
"chr1","87228796","87229108","chr9","57539892","57540201","36","29688904"
"chr1","87271118","87271391","chr1","86078738","86079004","30","1192380"
"chr1","87320957","87321330","chr1","86123297","86123630","88","1197660"
"chr1","87365939","87366242","chr1","86167478","86167786","26","1198461"
"chr1","87533149","87533449","chr1","86341591","86341908","49","1191558"
"chr1","87549721","87550029","chr1","86356926","86357231","34","1192795"
"chr1","87590957","87591243","chr20","27084019","27084300","38","60506938"
"chr1","87629442","87629583","chr1","86429315","86429456","10","1200127"
"chr1","87629584","87629666","chr1","86429457","86429537","6","1200127"
"chr1","87651553","87651857","chr14","19098861","19099159","35","68552692"
"chr1","87662147","87662444","chr1","86459364","86459658","30","1202783"
"chr1","87770839","87771161","chr4","137421011","137421314","57","49650172"
"chr1","87800035","87800327","chr16","4755567","4755860","40","83044468"
"chr1","87827116","87827411","chr3","166406946","166407246","36","78579830"
"chr1","87838561","87838872","chr5","8289100","8289402","35","79549461"
"chr1","87862160","87862439","chr2","68951730","68952011","34","18910430"
"chr1","87914546","87914705","chr4","107394440","107394589","24","19479894"
"chr1","87925752","87925942","chr1","86722375","86722554","30","1203377"
"chr1","87983901","87984184","chr9","28728990","28729273","48","59254911"
"chr1","87993214","87993495","chr1","86789766","86790051","31","1203448"
"chr1","88022802","88023069","chr4","114052985","114053253","29","26030183"
"chr1","88024370","88024674","chr16","56325069","56325376","36","31699301"
"chr1","88083101","88083401","chr1","7385558","7385856","34","80697543"
"chr1","88119460","88119755","chr1","86916967","86917271","26","1202493"
"chr1","88149716","88149886","chr15","91146542","91146715","23","2996826"
"chr1","88150056","88150356","chr1","26661110","26661415","41","61488946"
"chr1","88163279","88163574","chr3","182704785","182705087","38","94541506"
"chr1","88167455","88167742","chr5","173467491","173467779","40","85300036"
"chr1","88238109","88238394","chr15","40988593","40988874","40","47249516"
"chr1","88243540","88243625","chr1","87029885","87029965","13","1213655"
"chr1","88243959","88244132","chr1","87030279","87030459","27","1213680"
"chr1","88245798","88246111","chr1","87032241","87032561","38","1213557"
"chr1","88249240","88249540","chr11","100286946","100287245","38","12037706"
"chr1","88259482","88259742","chr19","8431833","8432097","42","79827649"
"chr1","88269753","88269953","chr7","126315477","126315677","43","38045724"
"chr1","88280618","88280892","chr1","87066870","87067148","31","1213748"
"chr1","88305684","88305982","chr1","87092457","87092760","34","1213227"
"chr1","88328035","88328332","chr1","87115703","87115991","34","1212332"
"chr1","88352983","88353329","chr4","57730041","57730348","88","30622942"
"chr1","88379176","88379479","chr1","87165862","87166162","29","1213314"
"chr1","88385313","88385668","chr10","85656791","85657134","60","2728522"
"chr1","88471640","88471946","chr20","28992302","28992610","26","59479338"
"chr1","88484832","88484937","chrX","63155876","63155980","11","25328956"
"chr1","88484938","88485164","chr5","122496993","122497223","36","34012055"
"chr1","88620794","88621105","chr13","40308575","40308883","48","48312219"
"chr1","88658241","88658526","chr1","50853090","50853377","42","37805151"
"chr1","88679472","88679767","chr1","87470846","87471143","19","1208626"
"chr1","88682433","88682715","chr1","87473799","87474087","22","1208634"
"chr1","88775727","88776027","chr1","217091228","217091528","36","128315501"
"chr1","89222539","89222840","chr1","87915861","87916163","26","1306678"
"chr1","89399338","89399463","chrX","66110024","66110150","20","23289314"
"chr1","89399627","89399790","chr6","180034110","180034274","20","90634483"
"chr1","89512562","89512854","chr12","44762301","44762592","33","44750261"
"chr1","89741493","89741795","chr12","107131131","107131428","34","17389638"
"chr1","89744130","89744374","chr1","88464994","88465234","22","1279136"
"chr1","90026508","90026848","chr1","88764526","88764844","57","1261982"
"chr1","90042830","90043135","chr1","88781629","88781938","21","1261201"
"chr1","90090087","90090317","chr10","61029967","61030201","34","29060120"
"chr1","90106798","90107098","chr7","18502191","18502489","35","71604607"
"chr1","90138323","90138630","chr1","88880014","88880334","27","1258309"
"chr1","90140294","90140464","chr1","12317685","12317842","36","77822609"
"chr1","90140610","90140742","chr10","31225194","31225326","16","58915416"
"chr1","90146358","90146584","chr1","88888296","88888516","32","1258062"
"chr1","90153338","90153627","chr1","87274301","87274590","35","2879037"
"chr1","90163568","90163877","chr1","88905736","88906038","29","1257832"
"chr1","90165749","90166056","chr16","4323541","4323846","41","85842208"
"chr1","90172559","90172692","chr7","52682488","52682622","17","37490071"
"chr1","90200212","90200499","chr1","88948440","88948721","30","1251772"
"chr1","90258938","90259220","chr17","29335507","29335791","33","60923431"
"chr1","90263879","90263989","chr20","42538468","42538581","10","47725411"
"chr1","90277394","90277681","chr1","89026254","89026540","16","1251140"
"chr1","90283018","90283320","chr12","57850151","57850455","33","32432867"
"chr1","90310719","90311013","chr6","100657711","100658002","35","10346992"
"chr1","90313128","90313441","chr5","107966069","107966372","60","17652941"
"chr1","90316169","90316457","chr6","64801784","64802074","37","25514385"
"chr1","90324363","90324653","chr4","25744469","25744764","36","64579894"
"chr1","90326227","90326547","chr1","110735616","110735936","52","20409389"
"chr1","90337575","90337867","chr1","86816862","86817153","34","3520713"
"chr1","90361501","90361793","chr1","89109564","89109857","30","1251937"
"chr1","90373535","90373851","chrX","39967008","39967319","45","50406527"
"chr1","90429700","90429842","chr4","7861594","7861734","15","82568106"
"chr1","90444104","90444283","chr16","44953725","44953901","33","45490379"
"chr1","90444575","90444711","chr1","89200665","89200803","12","1243910"
"chr1","90500001","90500232","chr1","50890362","50890591","35","39609639"
"chr1","90715995","90716302","chr9","95281737","95282038","45","4565742"
"chr1","90743005","90743290","chr7","77698309","77698596","34","13044696"
"chr1","90962032","90962323","chr15","104103332","104103629","37","13141300"
"chr1","91059371","91059505","chr1","89815434","89815567","7","1243937"
"chr1","91108741","91109038","chr3","166005666","166005965","38","74896925"
"chr1","91113987","91114283","chr11","120098123","120098418","34","28984136"
"chr1","91148775","91149078","chr10","78299464","78299766","37","12849311"
"chr1","91179952","91180261","chr1","89945137","89945441","32","1234815"
"chr1","91214064","91214366","chr3","169796882","169797184","40","78582818"
"chr1","91237284","91237574","chr14","15756054","15756351","37","75481230"
"chr1","91241090","91241383","chr7","18830711","18831007","29","72410379"
"chr1","91261663","91261971","chr1","90028209","90028511","34","1233454"
"chr1","91279523","91279843","chr1","90046720","90047047","43","1232803"
"chr1","91317757","91318054","chr1","90087198","90087503","27","1230559"
"chr1","91353022","91353321","chr1","90122866","90123163","20","1230156"
"chr1","91357890","91358114","chr3","45604681","45604903","44","45753209"
"chr1","91366574","91366793","chr10","61268396","61268605","38","30098178"
"chr1","91379829","91380122","chr14","86275991","86276283","30","5103838"
"chr1","91389522","91389832","chr16","31210925","31211235","37","60178597"
"chr1","91391394","91391676","chr1","90163398","90163682","24","1227996"
"chr1","91426687","91426998","chr9","13813355","13813666","38","77613332"
"chr1","91454407","91454701","chr15","75520244","75520539","40","15934163"
"chr1","91528420","91528705","chr1","90288754","90289039","21","1239666"
"chr1","91553276","91553576","chr1","36905300","36905598","29","54647976"
"chr1","91627670","91627975","chr3","168504192","168504499","47","76876522"
"chr1","91639714","91639993","chr1","90399195","90399470","33","1240519"
"chr1","91681327","91681627","chr6","95776648","95776947","32","4095321"
"chr1","91718983","91719221","chr16","71909561","71909798","34","19809422"
"chr1","91738673","91738913","chr19","17009211","17009447","34","74729462"
"chr1","91810274","91810566","chr6","177049221","177049516","38","85238947"
"chr1","91997046","91997360","chr1","90786880","90787190","28","1210166"
"chr1","92041586","92041871","chr8","27399723","27400015","47","64641863"
"chr1","92042083","92042385","chr15","16216766","16217067","40","75825317"
"chr1","92146412","92146719","chrX","49343693","49343997","32","42802719"
"chr1","92151948","92152240","chr1","90954076","90954369","12","1197872"
"chr1","92166104","92166404","chr1","90968304","90968602","30","1197800"
"chr1","92191486","92191786","chr10","53778026","53778332","46","38413460"
"chr1","92255925","92256224","chr1","91058910","91059212","31","1197015"
"chr1","92272552","92272865","chr3","154474330","154474642","46","62201778"
"chr1","92338935","92339246","chr1","91139447","91139754","24","1199488"
"chr1","92371954","92372252","chr2","51365479","51365776","22","41006475"
"chr1","92389062","92389356","chr1","27137284","27137575","45","65251778"
"chr1","92418657","92418946","chr1","91207422","91207706","35","1211235"
"chr1","92424500","92424806","chr1","91213247","91213552","28","1211253"
"chr1","92450799","92451104","chr7","78931435","78931742","35","13519364"
"chr1","92468282","92468580","chr1","91263750","91264053","33","1204532"
"chr1","92476140","92476429","chr3","166261548","166261846","35","73785408"
"chr1","92485079","92485385","chr7","29992759","29993068","39","62492320"
"chr1","92485981","92486275","chr1","91283335","91283633","33","1202646"
"chr1","92493021","92493319","chrX","2868197","2868493","33","89624824"
"chr1","92500161","92500457","chr6","140129906","140130200","37","47629745"
"chr1","92503045","92503346","chr1","91293524","91293827","27","1209521"
"chr1","92524644","92524947","chr1","91314921","91315216","35","1209723"
"chr1","92577391","92577708","chr1","91367581","91367879","35","1209810"
"chr1","92605721","92606025","chr15","85396569","85396880","35","7209152"
"chr1","92613509","92613790","chr15","47551838","47552117","37","45061671"
"chr1","92646529","92646799","chr1","91417289","91417582","43","1229240"
"chr1","92798152","92798453","chr1","91647647","91647953","34","1150505"
"chr1","92817175","92817441","chr16","10710589","10710878","53","82106586"
"chr1","92817518","92817808","chr1","91667762","91668053","33","1149756"
"chr1","92826529","92826829","chr1","92049750","92050050","43","776779"
"chr1","92828601","92828900","chrX","47742571","47742875","36","45086030"
"chr1","92838991","92839302","chr1","92067251","92067547","34","771740"
"chr1","92848154","92848306","chr15","4338133","4338290","31","88510021"
"chr1","92874373","92874671","chr1","92101368","92101659","28","773005"
"chr1","92875762","92876045","chr1","92102772","92103052","20","772990"
"chr1","92883189","92883465","chr7","125418682","125418959","33","32535493"
"chr1","92884501","92884789","chr1","101799784","101800074","37","8915283"
"chr1","92891402","92891707","chr1","95793122","95793426","36","2901720"
"chr1","92918251","92918540","chr1","92144978","92145275","26","773273"
"chr1","92968804","92969058","chr11","42969652","42969906","34","49999152"
"chr1","93000143","93000442","chr6","64605077","64605368","46","28395066"
"chr1","93039097","93039392","chr11","54610375","54610666","34","38428722"
"chr1","93076936","93077204","chr1","92298765","92299038","24","778171"
"chr1","93139846","93140153","chr1","92362857","92363165","29","776989"
"chr1","93208398","93208698","chr1","92432129","92432434","21","776269"
"chr1","93220911","93221197","chr17","76463145","76463430","36","16757766"
"chr1","93232694","93232889","chr12","115674238","115674427","33","22441544"
"chr1","93233481","93233665","chr9","13185785","13185960","30","80047696"
"chr1","93239657","93239835","chr10","19891580","19891749","31","73348077"
"chr1","93264558","93264861","chr1","92490624","92490928","33","773934"
"chr1","93267526","93267829","chr1","92493616","92493925","38","773910"
"chr1","93275216","93275541","chr1","92501449","92501784","39","773767"
"chr1","93293315","93293606","chr19","44781977","44782268","30","48511338"
"chr1","93301298","93301592","chr1","92525045","92525338","16","776253"
"chr1","93304224","93304529","chr1","92527960","92528267","36","776264"
"chr1","93305055","93305348","chr1","92529126","92529430","31","775929"
"chr1","93312969","93313113","chr1","49885004","49885147","29","43427965"
"chr1","93326329","93326397","chr1","38102824","38102893","9","55223505"
"chr1","93339622","93339929","chr1","92565356","92565660","33","774266"
"chr1","93340157","93340452","chr1","92565889","92566191","27","774268"
"chr1","93353824","93354110","chr1","113822360","113822643","43","20468536"
"chr1","93358076","93358371","chr1","92582602","92582893","43","775474"
"chr1","93361199","93361480","chr1","92585753","92586035","25","775446"
"chr1","93363858","93364164","chr1","92588449","92588741","35","775409"
"chr1","93385101","93385233","chr16","67963199","67963331","12","25421902"
"chr1","93389710","93390024","chr1","92614573","92614889","37","775137"
"chr1","93390339","93390419","chr1","130573426","130573505","11","37183087"
"chr1","93392049","93392346","chr1","92618724","92619028","31","773325"
"chr1","93394891","93394932","chr14","6969528","6969568","4","86425363"
"chr1","93401677","93401984","chr1","92628679","92628984","32","772998"
"chr1","93454935","93455217","chr8","19748385","19748661","35","73706550"
"chr1","93458184","93458482","chr6","93921228","93921523","36","463044"
"chr1","93464233","93464529","chr1","92689062","92689355","21","775171"
"chr1","93479137","93479436","chr1","92704223","92704511","33","774914"
"chr1","93479645","93479769","chr5","85294060","85294183","24","8185585"
"chr1","93480722","93481036","chr7","55648664","55648967","52","37832058"
"chr1","93493933","93494224","chr1","92718922","92719218","30","775011"
"chr1","93532019","93532213","chr16","6259172","6259364","29","87272847"
"chr1","93534905","93535202","chr7","36934995","36935295","31","56599910"
"chr1","93538654","93538865","chr16","75691875","75692095","43","17846779"
"chr1","93547361","93547659","chr1","92765599","92765885","28","781762"
"chr1","93548323","93548636","chr1","92766563","92766876","24","781760"
"chr1","93581475","93581764","chr1","92801202","92801494","23","780273"
"chr1","93595886","93596124","chr15","99972679","99972916","47","6376793"
"chr1","93602341","93602542","chr1","92822525","92822728","26","779816"
"chr1","93622842","93623132","chr1","92848874","92849174","39","773968"
"chr1","93697470","93697770","chr12","92457191","92457485","41","1240279"
"chr1","93713333","93713606","chr1","92938457","92938731","20","774876"
"chr1","93724347","93724654","chr1","92949771","92950077","22","774576"
"chr1","93777636","93777770","chr1","93004434","93004568","8","773202"
"chr1","93778071","93778235","chr1","93004888","93005049","16","773183"
"chr1","93809881","93810186","chr2","109793679","109793978","34","15983798"
"chr1","93822550","93822564","chr20","29962656","29962668","3","63859894"
"chr1","93822851","93822994","chr1","130112713","130112865","35","36289862"
"chr1","93823341","93823649","chr1","93049491","93049801","29","773850"
"chr1","93853247","93853534","chr5","7365971","7366261","40","86487276"
"chr1","93856135","93856334","chr7","133114354","133114541","32","39258219"
"chr1","93858495","93858801","chr1","93084170","93084478","32","774325"
"chr1","93863914","93864216","chr1","93089920","93090220","25","773994"
"chr1","93870817","93871102","chr1","93096681","93096974","26","774136"
"chr1","93894021","93894327","chr1","93120765","93121076","23","773256"
"chr1","93896447","93896615","chr6","63963732","63963899","27","29932715"
"chr1","93911444","93911747","chr1","93138849","93139146","26","772595"
"chr1","93919865","93920171","chr7","166273659","166273960","36","72353794"
"chr1","93965459","93965745","chr19","39932712","39933007","37","54032747"
"chr1","94020890","94021199","chr1","93235708","93236011","25","785182"
"chr1","94024141","94024260","chr8","6959684","6959805","14","87064457"
"chr1","94082269","94082546","chr1","93307120","93307418","49","775149"
"chr1","94152428","94152715","chr1","93379561","93379847","31","772867"
"chr1","94172256","94172421","chr16","13074697","13074856","20","81097559"
"chr1","94176942","94177107","chr1","93404964","93405139","18","771978"
"chr1","94177391","94177529","chr1","93405451","93405589","3","771940"
"chr1","94185959","94186262","chr1","93415455","93415747","30","770504"
"chr1","94194177","94194474","chr1","93425083","93425379","32","769094"
"chr1","94199622","94199927","chr7","95762152","95762455","32","1562530"
"chr1","94200932","94201109","chr20","14288272","14288449","26","79912660"
"chr1","94203499","94203780","chr2","40746353","40746634","35","53457146"
"chr1","94218039","94218179","chr1","93451710","93451847","11","766329"
"chr1","94218486","94218562","chr3","171128460","171128527","22","76909974"
"chr1","94221725","94222035","chr7","113559810","113560113","36","19338085"
"chr1","94222257","94222381","chr1","33954996","33955119","25","60267261"
"chr1","94238685","94238978","chr3","42417165","42417456","40","51821520"
"chr1","94259790","94260092","chr1","93495500","93495816","31","764290"
"chr1","94264035","94264339","chr1","95476592","95476897","45","1212557"
"chr1","94265371","94265674","chr1","24173970","24174272","28","70091401"
"chr1","94284559","94284834","chr1","93520418","93520691","35","764141"
"chr1","94341559","94341767","chr12","106080182","106080390","30","11738623"
"chr1","94345701","94345861","chr16","3098326","3098486","21","91247375"
"chr1","94380828","94381184","chr1","219527315","219527649","75","125146487"
"chr1","94383061","94383298","chr1","93615808","93616056","26","767253"
"chr1","94411378","94411671","chr1","93646599","93646889","31","764779"
"chr1","94420946","94421246","chr1","220883377","220883674","29","126462431"
"chr1","94422338","94422639","chr1","93656631","93656940","31","765707"
"chr1","94472128","94472432","chr1","93714270","93714571","26","757858"
"chr1","94489921","94490217","chr9","25083503","25083798","33","69406418"
"chr1","94492476","94492611","chr1","52623506","52623638","29","41868970"
"chr1","94492872","94493087","chr19","18634017","18634215","49","75858855"
"chr1","94511761","94512071","chr1","93753776","93754073","32","757985"
"chr1","94530694","94530989","chr1","93772752","93773052","31","757942"
"chr1","94532702","94532990","chr16","26344376","26344664","30","68188326"
"chr1","94581266","94581574","chr1","93822630","93822941","24","758636"
"chr1","94627594","94627868","chr1","37954757","37955032","38","56672837"
"chr1","94630273","94630441","chr8","100272382","100272549","24","5642109"
"chr1","94634031","94634322","chr20","56831413","56831703","36","37802618"
"chr1","94715360","94715655","chr6","32730960","32731256","39","61984400"
"chr1","94756883","94757178","chr1","94028251","94028546","19","728632"
"chr1","94777211","94777452","chr10","82377095","82377338","31","12400116"
"chr1","94787367","94787667","chr1","94058641","94058933","28","728726"
"chr1","94794334","94794562","chr9","91992319","91992544","38","2802015"
"chr1","94870464","94870759","chr12","87985371","87985666","31","6885093"
"chr1","94873831","94874085","chr1","94145196","94145476","45","728635"
"chr1","94904967","94905067","chr1","94182742","94182844","12","722225"
"chr1","94905631","94905828","chr1","94183414","94183612","16","722217"
"chr1","94907454","94907753","chr1","160995229","160995531","40","66087775"
"chr1","94919973","94920246","chr4","19936763","19937047","40","74983210"
"chr1","94969955","94970232","chr12","83800215","83800490","31","11169740"
"chr1","94970372","94970645","chr15","65292737","65293018","53","29677635"
"chr1","94985957","94986195","chr1","94257957","94258185","25","728000"
"chr1","95060310","95060586","chr13","69130962","69131242","40","25929348"
"chr1","95067513","95067820","chr1","94341915","94342214","34","725598"
"chr1","95087335","95087517","chr14","18401116","18401291","31","76686219"
"chr1","95087560","95087685","chr16","64036320","64036445","10","31051240"
"chr1","95116187","95116482","chr14","10804981","10805274","37","84311206"
"chr1","95138503","95138816","chr6","56887960","56888273","35","38250543"
"chr1","95202352","95202648","chr1","94478594","94478885","28","723758"
"chr1","95228229","95228377","chr7","120346484","120346633","24","25118255"
"chr1","95233284","95233586","chr1","94508899","94509211","37","724385"
"chr1","95241011","95241314","chr9","95897244","95897545","34","656233"
"chr1","95246849","95246934","chr10","21051082","21051165","12","74195767"
"chr1","95253089","95253319","chr8","38351320","38351561","37","56901769"
"chr1","95283263","95283547","chr1","51464788","51465074","32","43818475"
"chr1","95296643","95296932","chr1","146257088","146257378","53","50960445"
"chr1","95313841","95314138","chr19","45509831","45510130","30","49804010"
"chr1","95315693","95315999","chr1","94584968","94585273","21","730725"
"chr1","95337434","95337719","chr1","94597301","94597586","17","740133"
"chr1","95439428","95439750","chr2","41291254","41291571","50","54148174"
"chr1","95526019","95526250","chrX","64782827","64783036","55","30743192"
"chr1","95549966","95550246","chr1","94799033","94799312","17","750933"
"chr1","95551769","95551878","chr20","18861314","18861421","11","76690455"
"chr1","95599256","95599543","chr1","94848191","94848456","42","751065"
"chr1","95603632","95603935","chr1","94852907","94853204","28","750725"
"chr1","95604647","95604885","chr1","94853665","94853909","33","750982"
"chr1","95726263","95726555","chr1","94976397","94976690","22","749866"
"chr1","95736441","95736751","chr2","48871834","48872142","39","46864607"
"chr1","95753459","95753764","chr3","142934307","142934610","30","47180848"
"chr1","95782438","95782748","chr3","170038961","170039272","44","74256523"
"chr1","95785502","95785812","chr6","45139628","45139936","38","50645874"
"chr1","95845527","95845836","chr7","143960457","143960761","48","48114930"
"chr1","95891741","95891918","chr2","69424628","69424798","28","26467113"
"chr1","95918982","95919275","chr14","46148744","46149038","33","49770238"
"chr1","95973254","95973563","chr1","95232158","95232469","32","741096"
"chr1","96028066","96028406","chrX","38458514","38458838","59","57569552"
"chr1","96042860","96043021","chr7","21888163","21888326","20","74154697"
"chr1","96062948","96063238","chr19","44781977","44782268","33","51280971"
"chr1","96080475","96080762","chr19","34897530","34897818","35","61182945"
"chr1","96105515","96105815","chr1","95379080","95379381","24","726435"
"chr1","96161921","96162225","chr1","95437677","95437987","29","724244"
"chr1","96183355","96183659","chr1","95460659","95460962","23","722696"
"chr1","96199948","96200244","chr11","22418293","22418588","34","73781655"
"chr1","96274014","96274288","chr4","156457145","156457417","41","60183131"
"chr1","96290128","96290436","chr1","95567118","95567429","35","723010"
"chr1","96295043","96295333","chr1","95572040","95572340","34","723003"
"chr1","96307241","96307539","chr1","95597653","95597960","32","709588"
"chr1","96321271","96321565","chr7","166206679","166206967","53","69885408"
"chr1","96336771","96337059","chr16","57719267","57719560","38","38617504"
"chr1","96350295","96350357","chr1","223107670","223107728","16","126757375"
"chr1","96352095","96352400","chr4","114775709","114776011","30","18423614"
"chr1","96354232","96354497","chr1","139650554","139650817","34","43296322"
"chr1","96393076","96393283","chr17","19340513","19340722","31","77052563"
"chr1","96408231","96408532","chr1","205649853","205650155","37","109241622"
"chr1","96416839","96417132","chr1","95711978","95712268","19","704861"
"chr1","96420133","96420418","chr1","95715579","95715866","32","704554"
"chr1","96424710","96425015","chr19","46860523","46860827","39","49564187"
"chr1","96426494","96426803","chr14","18446701","18447008","45","77979793"
"chr1","96462566","96462849","chr20","22141649","22141937","38","74320917"
"chr1","96488725","96489039","chr11","49833986","49834291","38","46654739"
"chr1","96491263","96491553","chr17","60991414","60991704","34","35499849"
"chr1","96501230","96501541","chr7","121549006","121549314","38","25047776"
"chr1","96510292","96510591","chr1","95802227","95802523","20","708065"
"chr1","96523823","96524105","chr10","87343294","87343579","52","9180529"
"chr1","96532643","96532954","chr1","22173736","22174044","35","74358907"
"chr1","96535041","96535338","chr1","95831304","95831600","19","703737"
"chr1","96578351","96578566","chr16","668407","668615","37","95909944"
"chr1","96578873","96578960","chr9","6116378","6116473","16","90462495"
"chr1","96589824","96590130","chr1","95884639","95884948","28","705185"
"chr1","96622904","96622993","chr1","95918869","95918957","6","704035"
"chr1","96622994","96623039","chr1","95918958","95919004","4","704036"
"chr1","96630327","96630631","chr16","61529476","61529778","26","35100851"
"chr1","96773064","96773353","chr1","96069071","96069359","29","703993"
"chr1","97031912","97032204","chr1","96322816","96323118","33","709096"
"chr1","97200263","97200538","chr10","16131491","16131758","40","81068772"
"chr1","97205140","97205462","chr15","30124594","30124897","58","67080546"
"chr1","97218395","97218710","chr10","62196526","62196830","56","35021869"
"chr1","97242159","97242452","chr7","18357399","18357684","42","78884760"
"chr1","97273039","97273298","chr1","96572399","96572659","20","700640"
"chr1","97308441","97308730","chr1","96608024","96608313","17","700417"
"chr1","97381262","97381556","chrX","134977768","134978064","44","37596506"
"chr1","97416655","97416948","chr1","96726290","96726592","28","690365"
"chr1","97469921","97470203","chr1","96770987","96771267","25","698934"
"chr1","97683203","97683522","chrX","101580535","101580832","58","3897332"
"chr1","97749620","97749912","chrX","23351237","23351529","37","74398383"
"chr1","97786857","97787065","chr4","160315633","160315842","30","62528776"
"chr1","97841331","97841627","chr1","97192867","97193160","33","648464"
"chr1","97842484","97842768","chr1","97194009","97194300","29","648475"
"chr1","97869080","97869376","chr1","97221811","97222106","22","647269"
"chr1","97980355","97980641","chr5","154070353","154070633","47","56089998"
"chr1","98004150","98004282","chr16","50572452","50572587","15","47431698"
"chr1","98008169","98008374","chr1","97369565","97369767","22","638604"
"chr1","98008766","98008855","chr3","94091562","94091650","16","3917204"
"chr1","98012767","98013076","chr1","97374201","97374505","28","638566"
"chr1","98018262","98018547","chr2","72680084","72680366","32","25338178"
"chr1","98031648","98031990","chr1","219773746","219774072","69","121742098"
"chr1","98081426","98081702","chr1","97438915","97439199","24","642511"
"chr1","98096157","98096458","chr1","97455194","97455503","32","640963"
"chr1","98108401","98108720","chrX","23558557","23558868","50","74549844"
"chr1","98168986","98169282","chr1","97531476","97531775","37","637510"
"chr1","98246902","98247200","chr4","4211392","4211690","45","94035510"
"chr1","98375393","98375703","chr1","97734738","97735037","34","640655"
"chr1","98410385","98410678","chr1","97769602","97769897","32","640783"
"chr1","98497167","98497460","chr1","97864545","97864842","38","632622"
"chr1","98529363","98529657","chr1","97897609","97897916","37","631754"
"chr1","98659733","98660028","chr1","98036036","98036330","30","623697"
"chr1","98706042","98706343","chr1","98075328","98075641","39","630714"
"chr1","98785809","98786089","chr10","13382870","13383156","59","85402939"
"chr1","98861238","98861546","chr1","98229627","98229934","35","631611"
"chr1","98995400","98995573","chr16","43272620","43272787","31","55722780"
"chr1","99131226","99131511","chr1","98539193","98539477","32","592033"
"chr1","99150486","99150733","chr1","110831693","110831931","56","11681207"
"chr1","99157329","99157636","chr1","98575168","98575471","44","582161"
"chr1","99168196","99168467","chr1","98586044","98586312","46","582152"
"chr1","99171655","99171940","chr7","138798940","138799224","42","39627285"
"chr1","99318198","99318506","chr1","98745878","98746176","40","572320"
"chr1","99340932","99341221","chr3","62999264","62999556","34","36341668"
"chr1","99373484","99373783","chr1","98801412","98801741","55","572072"
"chr1","99443143","99443428","chr9","28728990","28729273","31","70714153"
"chr1","99472400","99472712","chr10","12541086","12541391","48","86931314"
"chr1","99594405","99594699","chr1","99016440","99016717","41","577965"
"chr1","99660908","99661112","chr1","99085011","99085215","9","575897"
"chr1","99733411","99733692","chr1","99161738","99162021","33","571673"
"chr1","99819333","99819631","chr1","46180984","46181279","45","53638349"
"chr1","99863572","99863834","chr1","99295451","99295725","30","568121"
"chr1","100010582","100010867","chr1","99496282","99496567","19","514300"
"chr1","100042666","100042969","chr18","20505848","20506142","45","79536818"
"chr1","100102315","100102612","chr1","99588173","99588469","33","514142"
"chr1","100263901","100264196","chr7","169588830","169589125","35","69324929"
"chr1","100285815","100286106","chr1","99760231","99760533","43","525584"
"chr1","100337959","100338242","chr1","99815945","99816223","23","522014"
"chr1","100367746","100368051","chr1","99846055","99846355","28","521691"
"chr1","100389992","100390101","chr10","66072208","66072319","13","34317784"
"chr1","100481951","100482255","chr1","99962607","99962914","34","519344"
"chr1","100517353","100517661","chr7","66633384","66633689","35","33883969"
"chr1","100559209","100559564","chr1","100041256","100041582","59","517953"
"chr1","100697167","100697472","chr8","54003336","54003632","50","46693831"
"chr1","100817156","100817463","chr1","100275345","100275649","31","541811"
"chr1","100978992","100979281","chr13","25438594","25438887","55","75540398"
"chr1","101124904","101125188","chr1","100613564","100613859","33","511340"
"chr1","101146269","101146564","chr1","100635473","100635774","31","510796"
"chr1","101162155","101162439","chr10","14341398","14341690","36","86820757"
"chr1","101223745","101223933","chr16","4662168","4662352","29","96561577"
"chr1","101231202","101231497","chr1","100714443","100714743","29","516759"
"chr1","101235067","101235352","chr1","100716946","100717231","26","518121"
"chr1","101243358","101243657","chr1","100725816","100726128","38","517542"
"chr1","101251697","101251989","chr1","100734086","100734381","22","517611"
"chr1","101275392","101275700","chr1","100760143","100760441","29","515249"
"chr1","101316483","101316783","chr16","48001050","48001345","39","53315433"
"chr1","101327269","101327560","chr7","48291940","48292230","39","53035329"
"chr1","101354347","101354628","chr1","100847475","100847760","34","506872"
"chr1","101369776","101370117","chr1","179532525","179532857","52","78162749"
"chr1","101402369","101402658","chr8","68283141","68283435","35","33119228"
"chr1","101427135","101427451","chr1","100925724","100926035","24","501411"
"chr1","101462671","101462721","chr16","61533540","61533581","13","39929131"
"chr1","101478467","101478766","chr1","100979356","100979666","34","499111"
"chr1","101540684","101540969","chr1","101038701","101038989","28","501983"
"chr1","101545584","101545734","chr1","49878115","49878258","23","51667469"
"chr1","101545998","101546193","chr1","101043930","101044114","24","502068"
"chr1","101579008","101579290","chr1","101078576","101078858","24","500432"
"chr1","101615306","101615606","chr1","101111913","101112224","26","503393"
"chr1","101619389","101619690","chr1","101116032","101116338","27","503357"
"chr1","101659719","101660015","chr12","58751734","58752032","41","42907985"
"chr1","101666960","101667254","chr1","101162678","101162971","38","504282"
"chr1","101669558","101669855","chr6","73393768","73394067","34","28275790"
"chr1","101698779","101699080","chr8","64112492","64112797","33","37586287"
"chr1","101704236","101704526","chr1","101203095","101203397","38","501141"
"chr1","101705431","101705721","chr1","146257088","146257378","35","44551657"
"chr1","101721555","101721675","chr1","101220272","101220408","25","501283"
"chr1","101721996","101722135","chr1","101220704","101220842","14","501292"
"chr1","101825556","101825854","chr7","114495190","114495488","41","12669634"
"chr1","101872832","101873114","chr3","128249747","128250040","45","26376915"
"chr1","101880017","101880318","chr13","96035506","96035794","46","5844511"
"chr1","101887714","101888020","chr13","94898211","94898520","42","6989503"
"chr1","102024208","102024542","chr1","101524018","101524335","43","500190"
"chr1","102140782","102141051","chr6","171482964","171483245","35","69342182"
"chr1","102174550","102174840","chr1","101667439","101667738","29","507111"
"chr1","102178057","102178349","chr2","109352551","109352842","41","7174494"
"chr1","102271318","102271606","chr1","101767628","101767929","33","503690"
"chr1","102301545","102301828","chr1","101799784","101800074","20","501761"
"chr1","102337484","102337781","chr1","101834985","101835278","22","502499"
"chr1","102391950","102392244","chr2","84663475","84663771","37","17728475"
"chr1","102454989","102455263","chr1","101953218","101953493","22","501771"
"chr1","102473947","102474292","chr11","108599039","108599366","63","6125092"
"chr1","102503095","102503403","chr16","30660195","30660500","43","71842900"
"chr1","102513604","102513895","chr1","102012571","102012866","28","501033"
"chr1","102546400","102546697","chr1","102045343","102045642","31","501057"
"chr1","102566530","102566844","chrX","40074000","40074309","46","62492530"
"chr1","102603688","102603986","chr20","4440940","4441242","35","98162748"
"chr1","102670362","102670661","chr1","182001745","182002046","44","79331383"
"chr1","102689267","102689567","chr1","102187873","102188180","31","501394"
"chr1","102689873","102690169","chr1","102188488","102188788","24","501385"
"chr1","102699129","102699409","chr6","171482964","171483245","50","68783835"
"chr1","102900715","102901012","chr1","102427253","102427570","38","473462"
"chr1","102989442","102989737","chr1","102507610","102507906","36","481832"
"chr1","103004160","103004352","chr13","64990371","64990560","33","38013789"
"chr1","103005109","103005252","chr12","84649893","84650035","20","18355216"
"chr1","103098754","103099053","chrX","114883322","114883623","40","11784568"
"chr1","103118462","103118768","chr10","12198513","12198815","42","90919949"
"chr1","103201490","103201762","chr5","8839296","8839563","43","94362194"
"chr1","103204272","103204507","chr15","2907734","2907968","39","100296538"
"chr1","103204810","103204932","chr8","6959684","6959805","21","96245126"
"chr1","103620638","103620794","chr1","161035354","161035507","25","57414716"
"chr1","103762718","103763010","chr15","105746468","105746766","47","1983750"
"chr1","103779180","103779486","chr5","50858391","50858695","38","52920789"
"chr1","103837158","103837323","chrX","557444","557611","29","103279714"
"chr1","103838658","103838790","chr9","89613171","89613303","18","14225487"
"chr1","103937206","103937496","chr1","103418567","103418861","37","518639"
"chr1","104108883","104109166","chr1","103593533","103593832","46","515350"
"chr1","104190523","104190811","chr1","103677853","103678140","17","512670"
"chr1","104250989","104251258","chr17","29335507","29335791","49","74915482"
"chr1","104267247","104267407","chr11","1755559","1755720","28","102511688"
"chr1","104410706","104411001","chr1","103886429","103886735","39","524277"
"chr1","104492095","104492203","chr15","41535761","41535865","24","62956334"
"chr1","104492198","104492285","chr19","4926258","4926351","19","99565940"
"chr1","104655003","104655142","chr7","16748615","16748755","14","87906388"
"chr1","104662399","104662706","chr17","54282023","54282325","41","50380376"
"chr1","104746966","104747247","chr1","104224018","104224316","40","522948"
"chr1","104812071","104812363","chr9","108867260","108867553","32","4055189"
"chr1","104830613","104830793","chr6","171382337","171382512","25","66551724"
"chr1","105796002","105796286","chr4","19936763","19937047","37","85859239"
"chr1","105876293","105876565","chr1","104927439","104927712","28","948854"
"chr1","105989509","105989857","chr1","105034803","105035137","51","954706"
"chr1","106359999","106360283","chr1","105407803","105408086","25","952196"
"chr1","106479236","106479556","chr1","81492990","81493298","53","24986246"
"chr1","106509296","106509596","chr5","51540643","51540938","42","54968653"
"chr1","106540702","106540997","chr1","130052839","130053138","40","23512137"
"chr1","106641168","106641469","chr2","172874555","172874853","44","66233387"
"chr1","106753276","106753563","chr1","105817794","105818078","23","935482"
"chr1","106841534","106841602","chr10","51121521","51121589","8","55720013"
"chr1","106841896","106842014","chr14","120998992","120999113","20","14157096"
"chr1","106925623","106925898","chr1","106000001","106000270","29","925622"
"chr1","106958475","106958748","chr4","44285534","44285810","44","62672941"
"chr1","107004598","107004907","chr16","60446626","60446931","39","46557972"
"chr1","107034898","107035194","chr3","155741449","155741749","36","48706551"
"chr1","107046801","107047109","chr9","18137848","18138159","42","88908953"
"chr1","107077666","107077939","chrX","68604890","68605163","57","38472776"
"chr1","107095900","107096021","chr1","205623214","205623337","19","98527314"
"chr1","107096668","107096856","chr1","186839979","186840175","30","79743311"
"chr1","107195344","107195476","chr14","70285357","70285492","16","36909987"
"chr1","107196410","107196528","chr10","62752755","62752877","21","44443655"
"chr1","107208808","107209110","chr15","79894939","79895223","51","27313869"
"chr1","107252906","107253222","chr1","106419791","106420097","46","833115"
"chr1","107361764","107361912","chr9","110685601","110685743","25","3323837"
"chr1","107366294","107366586","chr1","106525335","106525629","26","840959"
"chr1","107367468","107367517","chr7","62766855","62766905","13","44600613"
"chr1","107368107","107368423","chr16","38834403","38834713","39","68533704"
"chr1","107587912","107588197","chr1","106734804","106735096","27","853108"
"chr1","107610944","107611256","chr1","106751617","106751933","38","859327"
"chr1","107694133","107694428","chr1","106832696","106833005","35","861437"
"chr1","107771144","107771435","chr11","132437462","132437750","45","24666318"
"chr1","107793061","107793358","chrX","44429429","44429724","40","63363632"
"chr1","108118716","108119021","chr1","107312915","107313177","68","805801"
"chr1","108180972","108181283","chr2","89568945","89569252","56","18612027"
"chr1","108185625","108185928","chr19","33152027","33152331","30","75033598"
"chr1","108304777","108305052","chr14","7664868","7665141","45","100639909"
"chr1","108310331","108310621","chr11","48892425","48892714","35","59417906"
"chr1","108389881","108390181","chr1","107612616","107612919","39","777265"
"chr1","108413687","108413982","chr10","86833856","86834153","37","21579831"
"chr1","108439407","108439724","chr1","107662437","107662750","36","776970"
"chr1","108649722","108650026","chr1","107878172","107878477","34","771550"
"chr1","108711152","108711283","chr12","121124958","121125092","19","12413806"
"chr1","108711597","108711681","chr7","154286970","154287054","20","45575373"
"chr1","108711767","108711854","chr1","10322552","10322647","23","98389215"
"chr1","108751186","108751486","chr1","107977547","107977845","34","773639"
"chr1","108770099","108770193","chr12","109598222","109598314","13","828123"
"chr1","108891611","108891731","chr2","107900417","107900536","17","991194"
"chr1","108946639","108946943","chr1","108181705","108182002","30","764934"
"chr1","109048950","109049237","chr18","20505848","20506142","36","88543102"
"chr1","109356559","109356831","chr10","50845434","50845714","43","58511125"
"chr1","109361192","109361275","chr9","57296611","57296693","10","52064581"
"chr1","109368890","109369109","chr1","108595422","108595634","33","773468"
"chr1","109375840","109376123","chr1","108608593","108608876","20","767247"
"chr1","109390285","109390580","chr7","41918088","41918387","33","67472197"
"chr1","109397162","109397455","chr1","108630155","108630447","27","767007"
"chr1","109403878","109404177","chr7","118720504","118720800","34","9316626"
"chr1","109424374","109424686","chrX","118042139","118042444","40","8617765"
"chr1","109519211","109519518","chr4","45964822","45965127","40","63554389"
"chr1","109544261","109544563","chr6","11866650","11866952","33","97677611"
"chr1","109563669","109563971","chr1","91715661","91715965","38","17848008"
"chr1","109601286","109601590","chr1","43419061","43419362","37","66182225"
"chr1","109611724","109612011","chr1","108844581","108844882","38","767143"
"chr1","109622448","109622753","chr1","108856035","108856329","40","766413"
"chr1","109635977","109636267","chr1","108869761","108870050","23","766216"
"chr1","109646952","109647230","chr1","108880999","108881276","31","765953"
"chr1","109669040","109669139","chr3","151235850","151235951","11","41566810"
"chr1","109742624","109742780","chr1","161035354","161035507","27","51292730"
"chr1","109762488","109762620","chr19","41298958","41299092","15","68463530"
"chr1","109830320","109830615","chr3","5998793","5999090","36","103831527"
"chr1","109962438","109962716","chr1","109351271","109351548","49","611167"
"chr1","109978203","109978506","chr12","65535363","65535660","35","44442840"
"chr1","110166640","110166929","chr1","109587777","109588063","23","578863"
"chr1","110194293","110194593","chr1","109614206","109614510","27","580087"
"chr1","110243814","110243946","chr3","48450078","48450206","22","61793736"
"chr1","110244253","110244413","chr1","109665949","109666102","21","578304"
"chr1","110277629","110277937","chr1","109698616","109698923","22","579013"
"chr1","110280988","110281281","chr4","34937539","34937830","42","75343449"
"chr1","110308947","110309149","chr12","106080182","106080390","45","4228765"
"chr1","110323025","110323158","chrX","147913924","147914058","17","37590899"
"chr1","110331295","110331593","chrX","130555559","130555852","39","20224264"
"chr1","110376132","110376421","chrX","47500001","47500287","35","62876131"
"chr1","110387660","110387961","chrX","18944021","18944317","35","91443639"
"chr1","110390015","110390311","chr1","64584409","64584705","39","45805606"
"chr1","110430269","110430570","chr1","39371430","39371728","28","71058839"
"chr1","110436001","110436282","chr3","32443406","32443689","36","77992595"
"chr1","110448803","110449019","chr16","46571531","46571744","27","63877272"
"chr1","110462427","110462687","chr1","109878264","109878543","33","584163"
"chr1","110501314","110501500","chr1","135672246","135672432","39","25170932"
"chr1","110505874","110506166","chr1","109928823","109929119","24","577051"
"chr1","110509213","110509362","chr3","20732648","20732801","25","89776565"
"chr1","110519703","110519966","chr2","121904295","121904560","44","11384592"
"chr1","110557059","110557346","chr1","109979057","109979343","23","578002"
"chr1","110559497","110559797","chr1","109981447","109981742","32","578050"
"chr1","110562870","110563175","chr1","109698616","109698923","38","864254"
"chr1","110563506","110563779","chr1","109985855","109986122","34","577651"
"chr1","110568705","110568999","chr1","109990924","109991216","35","577781"
"chr1","110571027","110571336","chr3","113501913","113502208","46","2930886"
"chr1","110581175","110581476","chr1","110002842","110003143","25","578333"
"chr1","110593256","110593482","chr7","35960724","35960963","49","74632532"
"chr1","110599269","110599492","chr15","45308771","45308991","26","65290498"
"chr1","110610854","110611150","chr14","66206956","66207253","39","44403898"
"chr1","110613108","110613406","chr14","19098861","19099159","31","91514247"
"chr1","110618169","110618346","chr20","59426524","59426698","29","51191645"
"chr1","110622300","110622422","chr2","182489403","182489528","11","71867103"
"chr1","110629719","110630027","chrX","40985934","40986232","56","69643785"
"chr1","110634827","110634968","chr17","19996556","19996695","14","90638271"
"chr1","110642799","110643111","chr16","48001050","48001345","50","62641749"
"chr1","110650277","110650574","chr5","93179263","93179563","34","17471014"
"chr1","110657336","110657640","chr1","110111389","110111695","31","545947"
"chr1","110664388","110664681","chrX","23351237","23351529","39","87313151"
"chr1","110669746","110670062","chr16","40284404","40284713","36","70385342"
"chr1","110681391","110681702","chr1","110137999","110138305","27","543392"
"chr1","110685897","110686199","chr1","110142892","110143205","30","543005"
"chr1","110699579","110699876","chr1","110157314","110157612","34","542265"
"chr1","110707020","110707182","chr1","212796029","212796185","21","102089009"
"chr1","110710092","110710382","chr1","110166962","110167248","24","543130"
"chr1","110720044","110720342","chr14","124293090","124293393","33","13573046"
"chr1","110736919","110737206","chr1","110188495","110188781","23","548424"
"chr1","110775337","110775629","chr20","20733689","20733975","49","90041648"
"chr1","110776135","110776429","chr1","110235143","110235442","24","540992"
"chr1","110782473","110782756","chr16","71964877","71965160","39","38817596"
"chr1","110817901","110818198","chr3","79590044","79590340","36","31227857"
"chr1","110830232","110830528","chr17","23876636","23876930","29","86953596"
"chr1","110837402","110837697","chr6","73393768","73394067","33","37443634"
"chr1","110860314","110860620","chr1","110320197","110320506","36","540117"
"chr1","110865947","110866265","chr3","55556828","55557129","51","55309119"
"chr1","110880754","110881066","chrX","109548096","109548404","34","1332658"
"chr1","110886116","110886414","chr3","2986573","2986865","44","107899543"
"chr1","111029984","111030195","chr1","110427333","110427542","22","602651"
"chr1","111030487","111030568","chr1","110427850","110427933","8","602637"
"chr1","111053021","111053315","chr20","56789030","56789326","35","54263991"
"chr1","111130776","111131054","chr1","110537412","110537690","30","593364"
"chr1","111157412","111157709","chr1","110563540","110563834","28","593872"
"chr1","111163658","111163962","chr1","97853233","97853535","35","13310425"
"chr1","111206615","111206921","chr1","110615409","110615716","23","591206"
"chr1","111216904","111217199","chr1","110624424","110624729","29","592480"
"chr1","111220940","111221064","chr1","110628489","110628615","11","592451"
"chr1","111221353","111221512","chr1","110628897","110629046","19","592456"
"chr1","111239752","111240054","chr8","142412545","142412851","39","31172793"
"chr1","111248017","111248310","chr1","110656411","110656714","24","591606"
"chr1","111269779","111270072","chr1","41691570","41691860","35","69578209"
"chr1","112166296","112166544","chr2","90908624","90908867","36","21257672"
"chr1","112263343","112263645","chr1","122682950","122683251","28","10419607"
"chr1","112281292","112281580","chr14","30263101","30263394","44","82018191"
"chr1","112323465","112323769","chr1","122623127","122623433","20","10299662"
"chr1","112414333","112414634","chr1","122527224","122527532","28","10112891"
"chr1","112487971","112488282","chr1","122455019","122455331","31","9967048"
"chr1","112506108","112506396","chr1","122435731","122436030","25","9929623"
"chr1","112519891","112520207","chr1","122418643","122418962","50","9898752"
"chr1","112555832","112556127","chr1","122382391","122382693","28","9826559"
"chr1","112596364","112596666","chr1","122341752","122342058","20","9745388"
"chr1","112605368","112605628","chr5","6022015","6022274","36","106583353"
"chr1","112682213","112682454","chr7","161419954","161420190","34","48737741"
"chr1","112706289","112706600","chr8","5577075","5577373","40","107129214"
"chr1","112785047","112785179","chr7","61927850","61927986","18","50857197"
"chr1","112893027","112893331","chr1","122027974","122028285","29","9134947"
"chr1","112898762","112899073","chr1","122022268","122022578","27","9123506"
"chr1","112912027","112912179","chr1","12240468","12240612","22","100671559"
"chr1","113012556","113012846","chr2","107422966","107423258","39","5589590"
"chr1","113015301","113015558","chr6","130484936","130485189","38","17469635"
"chr1","113021714","113022006","chr15","7894081","7894368","47","105127633"
"chr1","113067123","113067320","chr3","39457454","39457654","31","73609669"
"chr1","113078254","113078550","chr1","52875145","52875442","35","60203109"
"chr1","113533998","113534300","chr16","58377154","58377456","48","55156844"
"chr1","113546575","113546872","chr1","123714998","123715297","35","10168423"
"chr1","113548146","113548456","chr1","123713462","123713754","34","10165316"
"chr1","113551601","113551912","chr1","123709582","123709890","24","10157981"
"chr1","113556869","113557161","chr1","112580058","112580347","40","976811"
"chr1","113567168","113567465","chr1","123695666","123695960","27","10128498"
"chr1","113600430","113600736","chr1","123666381","123666685","31","10065951"
"chr1","113608871","113609171","chr8","39036436","39036742","32","74572435"
"chr1","113613080","113613374","chr1","123655358","123655653","26","10042278"
"chr1","113620074","113620365","chr1","123648391","123648684","28","10028317"
"chr1","113622113","113622422","chr3","55556828","55557129","36","58065285"
"chr1","113623180","113623490","chrX","23558557","23558868","41","90064623"
"chr1","113636523","113636744","chr1","123630133","123630369","31","9993610"
"chr1","113641120","113641432","chr16","72854002","72854312","44","40787118"
"chr1","113650875","113650988","chrX","8656290","8656402","16","104994585"
"chr1","113664791","113665093","chr8","6545261","6545567","37","107119530"
"chr1","113692641","113692944","chr8","94510144","94510444","35","19182497"
"chr1","113718907","113719109","chr1","12231619","12231822","36","101487288"
"chr1","113729840","113730026","chr1","192999817","193000000","49","79269977"
"chr1","113731916","113732006","chr18","52409378","52409469","21","61322538"
"chr1","113740936","113741222","chr1","123519847","123520134","28","9778911"
"chr1","113744071","113744332","chr11","120774767","120775023","41","7030696"
"chr1","113761494","113761641","chr5","77875273","77875397","44","35886221"
"chr1","113781060","113781365","chr1","123476805","123477116","30","9695745"
"chr1","113782624","113782772","chr11","49739997","49740154","29","64042627"
"chr1","113802032","113802334","chr1","123455803","123456093","33","9653771"
"chr1","113817718","113817870","chrX","130438301","130438440","28","16620583"
"chr1","113818163","113818248","chr8","79499361","79499447","10","34318802"
"chr1","113839924","113839990","chr11","74463624","74463686","15","39376300"
"chr1","113839991","113840171","chr16","8306350","8306526","27","105533641"
"chr1","113840876","113841169","chr1","123418664","123418962","33","9577788"
"chr1","113846996","113847291","chr1","123414189","123414486","24","9567193"
"chr1","113850704","113851005","chr1","123410542","123410846","29","9559838"
"chr1","113863008","113863302","chr1","123397264","123397559","14","9534256"
"chr1","113864573","113864860","chr1","123395380","123395682","30","9530807"
"chr1","113900596","113900754","chr9","89594066","89594232","28","24306530"
"chr1","113908085","113908374","chr3","165332839","165333127","31","51424754"
"chr1","113913325","113913616","chr1","50853090","50853377","31","63060235"
"chr1","113920598","113920890","chr1","210738800","210739095","39","96818202"
"chr1","113936098","113936379","chr1","121665654","121665932","18","7729556"
"chr1","113936724","113937000","chr8","142242840","142243113","33","28306116"
"chr1","113937402","113937690","chr1","121667646","121667945","32","7730244"
"chr1","113954635","113954926","chr1","123195904","123196199","39","9241269"
"chr1","113956163","113956335","chr2","69424628","69424798","24","44531535"
"chr1","117633795","117633984","chr1","20997684","20997875","30","96636111"
"chr1","117931265","117931564","chr3","122758536","122758834","35","4827271"
"chr1","117962226","117962520","chr1","120763121","120763405","37","2800895"
"chr1","118091742","118092091","chr1","120612112","120612415","66","2520370"
"chr1","118173706","118173947","chr1","120531393","120531626","22","2357687"
"chr1","118198116","118198416","chr1","120518106","120518410","33","2319990"
"chr1","118245672","118245972","chr1","120472258","120472563","18","2226586"
"chr1","118260716","118261018","chr1","120456442","120456730","28","2195726"
"chr1","118278696","118279021","chrX","40100436","40100758","53","78178260"
"chr1","118299115","118299430","chr1","120416241","120416552","26","2117126"
"chr1","118312729","118313022","chr1","120404604","120404900","16","2091875"
"chr1","118320454","118320754","chr6","129934590","129934892","42","11614136"
"chr1","118385835","118385985","chr2","167410988","167411131","22","49025153"
"chr1","118392121","118392274","chr10","17009374","17009530","24","101382747"
"chr1","118444038","118444313","chr10","12659402","12659674","32","105784636"
"chr1","118465827","118466124","chr13","28891817","28892111","27","89574010"
"chr1","118486632","118486775","chrX","148683523","148683666","23","30196891"
"chr1","118806263","118806526","chr1","27436423","27436690","47","91369840"
"chr1","118908221","118908514","chr1","52427069","52427367","45","66481152"
"chr1","119074588","119074880","chr13","8757197","8757488","42","110317391"
"chr1","119093618","119093956","chr2","56893700","56894034","47","62199918"
"chr1","119345541","119345840","chr5","152667809","152668109","33","33322268"
"chr1","119411220","119411508","chr19","38957190","38957472","42","80454030"
"chr1","119423529","119423830","chr16","72854002","72854312","37","46569527"
"chr1","119657338","119657632","chr1","118982307","118982597","27","675031"
"chr1","119689737","119690033","chr7","19647590","19647890","36","100042147"
"chr1","119754561","119754850","chr1","118875773","118876061","20","878788"
"chr1","119847485","119847776","chr10","30442537","30442830","38","89404948"
"chr1","119879941","119880270","chr5","26243590","26243898","60","93636351"
"chr1","119971213","119971492","chr16","38331171","38331450","47","81640042"
"chr1","120003373","120003680","chr3","77608061","77608372","28","42395312"
"chr1","120065705","120066001","chr1","118561871","118562163","37","1503834"
"chr1","120180435","120180733","chr18","20505848","20506142","33","99674587"
"chr1","120189702","120189993","chr3","58189784","58190078","36","61999918"
"chr1","120205664","120205966","chr7","18580926","18581222","43","101624738"
"chr1","120235336","120235629","chr1","118359572","118359869","29","1875764"
"chr1","120297462","120297751","chr4","4455119","4455395","58","115842343"
"chr1","120338277","120338574","chr1","118255893","118256187","23","2082384"
"chr1","120339621","120339857","chr1","118254551","118254785","30","2085070"
"chr1","120382068","120382296","chr16","12882617","12882846","28","107499451"
"chr1","120384331","120384637","chr1","118208348","118208645","28","2175983"
"chr1","120396317","120396621","chr1","118195733","118196041","28","2200584"
"chr1","120450110","120450423","chr1","118138787","118139096","36","2311323"
"chr1","120459711","120460039","chr7","38935274","38935580","48","81524437"
"chr1","120460473","120460782","chr1","118128107","118128408","33","2332366"
"chr1","120463802","120464002","chr9","122716657","122716847","28","2252855"
"chr1","120464686","120464995","chr1","118123919","118124226","21","2340767"
"chr1","120490727","120491010","chr8","9775586","9775870","28","110715141"
"chr1","120491490","120491795","chr18","60400901","60401203","31","60090589"
"chr1","120494656","120494959","chr1","118094514","118094801","36","2400142"
"chr1","120558827","120559099","chr6","59088141","59088417","35","61470686"
"chr1","120634662","120634964","chr5","49234420","49234719","43","71400242"
"chr1","120641693","120641989","chr1","117953437","117953725","27","2688256"
"chr1","120643263","120643509","chr3","23499746","23499999","39","97143517"
"chr1","120698080","120698378","chr4","57896992","57897295","36","62801088"
"chr1","120720518","120720822","chrX","95177383","95177685","33","25543135"
"chr1","120748742","120749032","chr1","117843273","117843571","43","2905469"
"chr1","120761802","120762108","chr5","8289100","8289402","36","112472702"
"chr1","120765802","120766108","chr1","117825851","117826156","26","2939951"
"chr1","120811454","120811742","chr1","117781145","117781437","33","3030309"
"chr1","120856495","120856750","chr1","117732776","117733039","30","3123719"
"chr1","120860150","120860434","chr1","117732776","117733039","48","3127374"
"chr1","120870858","120871155","chr1","117719810","117720112","34","3151048"
"chr1","121072552","121072844","chr1","117617080","117617364","33","3455472"
"chr1","121090221","121090380","chr6","147844813","147844957","27","26754592"
"chr1","121103823","121103955","chr20","52631891","52632023","10","68471932"
"chr1","121185145","121185434","chr1","117504501","117504791","30","3680644"
"chr1","121307784","121308064","chr2","98277614","98277892","34","23030170"
"chr1","121345013","121345305","chr1","117344868","117345161","32","4000145"
"chr1","121390491","121390799","chr1","117297706","117298012","24","4092785"
"chr1","121397964","121398261","chr1","117290066","117290347","40","4107898"
"chr1","121429803","121430112","chr1","117261167","117261477","28","4168636"
"chr1","121539936","121540048","chr2","69013368","69013473","19","52526568"
"chr1","121540049","121540181","chr1","117155797","117155925","12","4384252"
"chr1","121545071","121545369","chr1","117150243","117150544","31","4394828"
"chr1","121570907","121571210","chr10","44029738","44030042","31","77541169"
"chr1","121590205","121590526","chrX","23558557","23558868","53","98031648"
"chr1","121617063","121617369","chr1","117080072","117080382","28","4536991"
"chr1","121642235","121642538","chr1","117054633","117054935","26","4587602"
"chr1","121645608","121645903","chr9","45414687","45414984","36","76230921"
"chr1","121694378","121694667","chr1","117001871","117002160","27","4692507"
"chr1","121707924","121708232","chr14","112526592","112526892","41","9181332"
"chr1","121713588","121713900","chr1","116977714","116978015","32","4735874"
"chr1","121738774","121739065","chr3","165332839","165333127","30","43594065"
"chr1","121781370","121781670","chr16","8821830","8822125","34","112959540"
"chr1","121789336","121789624","chr1","116906220","116906519","37","4883116"
"chr1","121794361","121794653","chr5","51540643","51540938","31","70253718"
"chr1","121834598","121834771","chr10","28714720","28714890","26","93119878"
"chr1","121840413","121840705","chr1","116854267","116854562","26","4986146"
"chr1","121856458","121856773","chr1","116838326","116838644","26","5018132"
"chr1","121890254","121890565","chr1","116804070","116804381","15","5086184"
"chr1","121937391","121937691","chr1","116756502","116756782","42","5180889"
"chr1","121951277","121951589","chr3","43024886","43025192","40","78926391"
"chr1","121986640","121986932","chr1","116706689","116706989","30","5279951"
"chr1","122039069","122039361","chr9","113586299","113586584","40","8452770"
"chr1","122048827","122049115","chr1","116639086","116639375","32","5409741"
"chr1","122170797","122170982","chr11","2904691","2904882","29","119266106"
"chr1","122172059","122172171","chrX","59859494","59859610","14","62312565"
"chr1","122197057","122197341","chr1","16828250","16828534","37","105368807"
"chr1","122307370","122307658","chr2","84487489","84487783","41","37819881"
"chr1","122554070","122554341","chr1","116080985","116081260","29","6473085"
"chr1","122554862","122555162","chr14","124293090","124293393","33","1738228"
"chr1","122570447","122570745","chr20","69502616","69502910","41","53067831"
"chr1","122604703","122605013","chr16","49561590","49561896","36","73043113"
"chr1","122642520","122642831","chr1","115988536","115988840","31","6653984"
"chr1","122649047","122649351","chr19","13635266","13635570","29","109013781"
"chr1","122730808","122731095","chr1","115922598","115922883","25","6808210"
"chr1","122800877","122801173","chr14","71239913","71240206","42","51560964"
"chr1","122915673","122915987","chr1","115739157","115739461","39","7176516"
"chr1","122926657","122926958","chr10","80111376","80111675","42","42815281"
"chr1","122942432","122942739","chr10","12541086","12541391","31","110401346"
"chr1","122950507","122950759","chr2","152255719","152255965","34","29305212"
"chr1","122955686","122955966","chr1","115697632","115697904","21","7258054"
"chr1","122956788","122956985","chr1","186839979","186840175","22","63883191"
"chr1","122959925","122960220","chr1","115693343","115693638","34","7266582"
"chr1","122975633","122975930","chr1","115677003","115677304","41","7298630"
"chr1","122983007","122983287","chr10","27652971","27653253","56","95330036"
"chr1","123003615","123003898","chr16","9492744","9493038","39","113510871"
"chr1","123031392","123031691","chr1","115617484","115617791","42","7413908"
"chr1","123057162","123057336","chr8","137715728","137715890","37","14658566"
"chr1","123064590","123064884","chr1","115585009","115585306","23","7479581"
"chr1","123078885","123079182","chr1","115569912","115570211","23","7508973"
"chr1","123079800","123079972","chr1","115569115","115569286","19","7510685"
"chr1","123079973","123080275","chr5","49234420","49234719","34","73845553"
"chr1","123080276","123080410","chr1","115568681","115568815","11","7511595"
"chr1","123088464","123088746","chr1","31691665","31691953","39","91396799"
"chr1","123103420","123103723","chr1","186676335","186676641","40","63572915"
"chr1","123108476","123108639","chr11","12936604","12936771","27","110171872"
"chr1","123121204","123121411","chr6","116837786","116837960","57","6283418"
"chr1","123121412","123121725","chr3","120668373","120668677","46","2453039"
"chr1","123121726","123121861","chrX","112757208","112757343","10","10364518"
"chr1","123124265","123124542","chr1","115521629","115521919","35","7602636"
"chr1","123171718","123172007","chr1","115472780","115473077","30","7698938"
"chr1","123378050","123378354","chr1","115277620","115277927","28","8100430"
"chr1","123378422","123378564","chr7","16748615","16748755","15","106629807"
"chr1","123436401","123436684","chr15","79894939","79895223","32","43541462"
"chr1","123559102","123559404","chr4","172054506","172054809","52","48495404"
"chr1","123578595","123578892","chr1","115080037","115080334","36","8498558"
"chr1","123605067","123605286","chr9","26650579","26650790","35","96954488"
"chr1","123609588","123609888","chr1","115048120","115048422","37","8561468"
"chr1","123638080","123638353","chr1","115016022","115016301","20","8622058"
"chr1","123650705","123651001","chr1","115003386","115003693","29","8647319"
"chr1","123658252","123658470","chr12","77851725","77851942","29","45806527"
"chr1","123658628","123658720","chr2","56203537","56203630","19","67455091"
"chr1","123679678","123679966","chr1","39808407","39808699","35","83871271"
"chr1","123685156","123685227","chr1","22614119","22614189","5","101071037"
"chr1","123686639","123686944","chr12","35823785","35824090","40","87862854"
"chr1","123689701","123689991","chr1","114960347","114960641","22","8729354"
"chr1","123691347","123691650","chr17","12349214","12349524","38","111342133"
"chr1","123703179","123703465","chr1","114946599","114946886","25","8756580"
"chr1","123709378","123709673","chr1","114940079","114940378","21","8769299"
"chr1","123716974","123717146","chr19","7937810","7937984","33","115779164"
"chr1","123719323","123719610","chr3","14227253","14227545","37","109492070"
"chr1","123721340","123721497","chr11","49739997","49740154","28","73981343"
"chr1","123723552","123723844","chr1","114922754","114923048","28","8800798"
"chr1","123752313","123752489","chr19","32197775","32197948","21","91554538"
"chr1","123757741","123757985","chr11","38644867","38645110","44","85112874"
"chr1","123859565","123859836","chr1","114777296","114777561","38","9082269"
"chr1","123869196","123869493","chr1","114768042","114768335","20","9101154"
"chr1","123915577","123915876","chr1","114720195","114720491","24","9195382"
"chr1","123933862","123934160","chr1","114701945","114702241","24","9231917"
"chr1","124688079","124688285","chr2","204638025","204638229","33","79949946"
"chr1","124696458","124696766","chr11","49833986","49834291","36","74862472"
"chr1","124705871","124706158","chr7","28329692","28329979","33","96376179"
"chr1","124718636","124718862","chr4","159524386","159524609","30","34805750"
"chr1","124724480","124724772","chr1","113974118","113974408","31","10750362"
"chr1","124724773","124724864","chr5","46628026","46628116","15","78096747"
"chr1","124729691","124729874","chr1","113969025","113969211","15","10760666"
"chr1","124730354","124730493","chr1","113968406","113968545","8","10761948"
"chr1","124739233","124739530","chr1","113953512","113953813","28","10785721"
"chr1","124742512","124742652","chr19","33071519","33071664","29","91670993"
"chr1","124744194","124744501","chr1","113948327","113948623","27","10795867"
"chr1","124751811","124751969","chr11","109938167","109938327","25","14813644"
"chr1","124752546","124752661","chr20","54711525","54711640","14","70041021"
"chr1","124765063","124765345","chr14","6323262","6323541","42","118441801"
"chr1","124770782","124771044","chr1","139650554","139650817","31","14879772"
"chr1","124776561","124776850","chr3","42101864","42102152","35","82674697"
"chr1","124780942","124781234","chr1","113909463","113909757","23","10871479"
"chr1","124785425","124785666","chr2","148949469","148949699","40","24164044"
"chr1","124789213","124789519","chr6","147879619","147879924","33","23090406"
"chr1","124791602","124791735","chr6","132205592","132205725","12","7413990"
"chr1","124802993","124803215","chr1","126090756","126090986","44","1287763"
"chr1","124808850","124809143","chr9","59685986","59686279","36","65122864"
"chr1","124811166","124811469","chr3","42011490","42011797","37","82799676"
"chr1","124813175","124813411","chrX","44950263","44950495","42","79862912"
"chr1","124816309","124816446","chr10","49774223","49774367","32","75042086"
"chr1","124819762","124820023","chr1","113874639","113874904","23","10945123"
"chr1","124824425","124824717","chr1","184034974","184035263","35","59210549"
"chr1","124825571","124825766","chr7","95222121","95222323","33","29603450"
"chr1","124858613","124858908","chrX","147569742","147570037","36","22711129"
"chr1","124864932","124865080","chr4","44130284","44130433","19","80734648"
"chr1","124866911","124867178","chr1","113822360","113822643","40","11044551"
"chr1","124871319","124871611","chr15","18383931","18384228","44","106487388"
"chr1","124874229","124874531","chr3","5426422","5426723","40","119447807"
"chr1","124876080","124876368","chr10","7678604","7678892","36","117197476"
"chr1","124885165","124885473","chr10","73807038","73807338","41","51078127"
"chr1","124887089","124887251","chr20","57010452","57010604","27","67876637"
"chr1","124887521","124887683","chr1","113801472","113801632","15","11086049"
"chr1","124916061","124916236","chrX","41188728","41188898","27","83727333"
"chr1","124916925","124917210","chr1","113775804","113776100","38","11141121"
"chr1","124918108","124918203","chr10","36848738","36848833","12","88069370"
"chr1","124938411","124938697","chr10","63349038","63349330","39","61589373"
"chr1","124965635","124965935","chr1","113725999","113726322","48","11239636"
"chr1","125019141","125019442","chr1","113672699","113673001","33","11346442"
"chr1","125039025","125039246","chr19","16035355","16035577","33","109003670"
"chr1","125047949","125048233","chr4","112407490","112407770","44","12640459"
"chr1","125059550","125059794","chr19","45342704","45342953","39","79716846"
"chr1","125073773","125074076","chr6","68100155","68100459","34","56973618"
"chr1","125088519","125088808","chr1","113604424","113604713","23","11484095"
"chr1","125147385","125147655","chr10","88768614","88768894","40","36378771"
"chr1","125149775","125150055","chr13","54793309","54793577","47","70356466"
"chr1","125153333","125153530","chr7","32729330","32729532","38","92424003"
"chr1","125198833","125199120","chr1","113487119","113487407","21","11711714"
"chr1","125203053","125203345","chr16","9835522","9835813","37","115367531"
"chr1","125226612","125226913","chr1","113450123","113450441","38","11776489"
"chr1","125227308","125227602","chr16","9816171","9816470","37","115411137"
"chr1","125254853","125255115","chr4","149864645","149864911","36","24609792"
"chr1","125262467","125262771","chr6","11866650","11866952","35","113395817"
"chr1","125272077","125272378","chr1","113403938","113404238","25","11868139"
"chr1","125273528","125273827","chr1","113402160","113402463","22","11871368"
"chr1","125283516","125283625","chr14","195049","195159","12","125088467"
"chr1","125289201","125289504","chr1","113386318","113386611","45","11902883"
"chr1","125291731","125292027","chr1","113384110","113384412","22","11907621"
"chr1","125358785","125359092","chr7","21258839","21259148","34","104099946"
"chr1","125735750","125736057","chr15","110442481","110442787","37","15293269"
"chr1","125927371","125927663","chr12","81936729","81937014","35","43990642"
"chr1","125943828","125944129","chr1","112712006","112712308","25","13231822"
"chr1","125959720","125960012","chr17","31366515","31366817","30","94593205"
"chr1","125974645","125974946","chr7","164087953","164088248","39","38113308"
"chr1","126008878","126009173","chr1","112648586","112648879","33","13360292"
"chr1","126021958","126022233","chr1","112634338","112634619","30","13387620"
"chr1","126033833","126034127","chr1","112622932","112623215","36","13410901"
"chr1","126050239","126050558","chr1","112606743","112607061","20","13443496"
"chr1","126070285","126070579","chr1","112588018","112588309","32","13482267"
"chr1","126078345","126078649","chr1","112580058","112580347","44","13498287"
"chr1","126106268","126106537","chr1","112551521","112551805","48","13554747"
"chr1","126112713","126112925","chr1","112545180","112545393","13","13567533"
"chr1","126136721","126137010","chr1","112517831","112518130","30","13618890"
"chr1","126143138","126143450","chr1","112511517","112511817","33","13631621"
"chr1","126311641","126311961","chr12","106930268","106930572","50","19381373"
"chr1","126424772","126425075","chr1","112270975","112271267","30","14153797"
"chr1","126551772","126552075","chr1","112151564","112151849","44","14400208"
"chr1","126585913","126586204","chr13","70587191","70587483","32","55998722"
"chr1","126684281","126684583","chr15","10323810","10324107","43","116360471"
"chr1","126698462","126698720","chr16","9523640","9523899","38","117174822"
"chr1","126702299","126702469","chr3","13262865","13263034","32","113439434"
"chr1","126754359","126754644","chr1","111959422","111959710","20","14794937"
"chr1","126776492","126776790","chr1","111937108","111937405","32","14839384"
"chr1","126787326","126787642","chrX","23558557","23558868","47","103228769"
"chr1","126789205","126789511","chr1","111927011","111927317","27","14862194"
"chr1","126798074","126798365","chr9","87090399","87090693","38","39707675"
"chr1","126809263","126809566","chr19","8986604","8986907","46","117822659"
"chr1","126813974","126814273","chr16","9816171","9816470","34","116997803"
"chr1","126911045","126911338","chr1","111809470","111809746","43","15101575"
"chr1","126920111","126920406","chrX","23351237","23351529","35","103568874"
"chr1","126966928","126967228","chr1","111752845","111753136","39","15214083"
"chr1","126987736","126988044","chr1","111732057","111732359","21","15255679"
"chr1","127043588","127043896","chr3","165559970","165560275","39","38516382"
"chr1","127135613","127135912","chr1","111578883","111579188","33","15556730"
"chr1","127222150","127222444","chr15","18383931","18384228","32","108838219"
"chr1","127246744","127247030","chr1","111471037","111471322","24","15775707"
"chr1","127264865","127265073","chr1","111451937","111452145","11","15812928"
"chr1","127269234","127269526","chr3","81861443","81861737","43","45407791"
"chr1","127358196","127358369","chr11","65596985","65597151","30","61761211"
"chr1","127363336","127363630","chr1","111353654","111353949","33","16009682"
"chr1","127405605","127405918","chr1","111312063","111312379","29","16093542"
"chr1","127550232","127550537","chr1","111164637","111164949","32","16385595"
"chr1","127559255","127559567","chr5","119504604","119504919","38","8054651"
"chr1","127618996","127619278","chr3","124575436","124575725","38","3043560"
"chr1","127648265","127648569","chr1","111069626","111069936","25","16578639"
"chr1","127666127","127666298","chr20","23038743","23038910","29","104627384"
"chr1","127694552","127694842","chr1","39808407","39808699","32","87886145"
"chr1","127748329","127748626","chr1","110966275","110966572","17","16782054"
"chr1","127753523","127753822","chr1","110961034","110961322","30","16792489"
"chr1","127762276","127762574","chr10","37249410","37249706","28","90512866"
"chr1","127775452","127775607","chr1","18496557","18496718","27","109278895"
"chr1","127775994","127776230","chr1","110938395","110938631","16","16837599"
"chr1","127821439","127821745","chr1","110894058","110894367","41","16927381"
"chr1","127825709","127826014","chr9","95281737","95282038","34","32543972"
"chr1","127897166","127897470","chr1","24173970","24174272","36","103723196"
"chr1","127940959","127941257","chr1","110774981","110775278","23","17165978"
"chr1","128005971","128006265","chr4","31652817","31653113","40","96353154"
"chr1","128422014","128422311","chr1","124028386","124028685","28","4393628"
"chr1","128424567","128424868","chr1","123350704","123351006","39","5073863"
"chr1","128431842","128432059","chr11","2904691","2904882","53","125527151"
"chr1","128459994","128460284","chr1","123924251","123924549","41","4535743"
"chr1","128460304","128460588","chr1","123086793","123087076","23","5373511"
"chr1","128478308","128478603","chr7","84112350","84112645","36","44365958"
"chr1","128611854","128612160","chr1","123827342","123827640","30","4784512"
"chr1","128625810","128625988","chr1","21779699","21779859","47","106846111"
"chr1","128638282","128638588","chr13","25494928","25495234","32","103143354"
"chr1","128642107","128642399","chr17","29335507","29335791","49","99306600"
"chr1","128655170","128655291","chr1","7373118","7373239","16","121282052"
"chr1","128661108","128661232","chr13","39071147","39071274","25","89589961"
"chr1","128661259","128661321","chr15","107905706","107905769","12","20755553"
"chr1","128666629","128666909","chr2","40746353","40746634","38","87920276"
"chr1","128668275","128668434","chr6","132206031","132206198","26","3537756"
"chr1","128682335","128682625","chr1","122980658","122980953","34","5701677"
"chr1","128685493","128685807","chr1","123350704","123351006","46","5334789"
"chr1","128692767","128692982","chr3","41546131","41546341","41","87146636"
"chr1","128752891","128753097","chr6","124382423","124382631","36","4370468"
"chr1","128761978","128762258","chr2","89319200","89319487","46","39442778"
"chr1","128779172","128779310","chr1","124115744","124115882","10","4663428"
"chr1","128837694","128838008","chr1","124175476","124175790","27","4662218"
"chr1","128839293","128839426","chr8","79499448","79499575","34","49339845"
"chr1","128839930","128840101","chr1","124177733","124177903","9","4662197"
"chr1","128876874","128877179","chr1","124231876","124232175","27","4644998"
"chr1","128892211","128892491","chrX","16786018","16786300","32","112106193"
"chr1","128893241","128893407","chr3","69004212","69004378","22","59889029"
"chr1","128893764","128893790","chr5","51480472","51480492","10","77413292"
"chr1","128896631","128896928","chr5","93179263","93179563","32","35717368"
"chr1","128906268","128906546","chr1","210540831","210541118","39","81634563"
"chr1","128946704","128947012","chr13","54172103","54172410","30","74774601"
"chr1","128961261","128961554","chr1","124312667","124312974","30","4648594"
"chr1","128964858","128965026","chr2","177020588","177020759","31","48055730"
"chr1","128967652","128967920","chr11","74680578","74680843","37","54287074"
"chr1","128968326","128968634","chr1","124320428","124320736","27","4647898"
"chr1","128969333","128969620","chr1","124321437","124321722","16","4647896"
"chr1","128969767","128969835","chrX","112447139","112447205","9","16522628"
"chr1","128969924","128970235","chr1","124322031","124322339","24","4647893"
"chr1","128973111","128973397","chr1","27854506","27854794","33","101118605"
"chr1","128979391","128979678","chr1","124333007","124333298","23","4646384"
"chr1","128991806","128992093","chrX","146586033","146586323","39","17594227"
"chr1","129003753","129003931","chr3","36859317","36859495","29","92144436"
"chr1","129018352","129018655","chr4","48619545","48619851","47","80398807"
"chr1","129036404","129036601","chr15","104600726","104600924","30","24435678"
"chr1","129072744","129072955","chr8","6961245","6961455","37","122111499"
"chr1","129106106","129106400","chr1","124468763","124469053","31","4637343"
"chr1","129120134","129120400","chr1","124483307","124483573","20","4636827"
"chr1","129135305","129135600","chr5","164800623","164800922","35","35665318"
"chr1","129172937","129173070","chr11","122217949","122218082","17","6954988"
"chr1","129183605","129183910","chr1","124549596","124549900","32","4634009"
"chr1","129200552","129200686","chr5","100874529","100874663","12","28326023"
"chr1","129205078","129205216","chr11","61103334","61103476","26","68101744"
"chr1","129209450","129209487","chr6","36560798","36560834","4","92648652"
"chr1","129213271","129213571","chr1","124581673","124581967","29","4631598"
"chr1","129226724","129226913","chr13","64990371","64990560","32","64236353"
"chr1","129226957","129227002","chr7","95880883","95880923","10","33346074"
"chr1","129229527","129229840","chr1","124599549","124599857","30","4629978"
"chr1","129234919","129235222","chrX","23956781","23957084","63","105278138"
"chr1","129238188","129238498","chr1","4731654","4731965","37","124506534"
"chr1","129244319","129244530","chr3","41546131","41546341","36","87698188"
"chr1","129246018","129246116","chr3","41545717","41545821","19","87700301"
"chr1","129246306","129246590","chr15","26048475","26048761","40","103197831"
"chr1","129260512","129260812","chr1","124633560","124633854","27","4626952"
"chr1","129268275","129268570","chr1","124641165","124641457","24","4627110"
"chr1","129290572","129290876","chr3","101165078","101165386","34","28125494"
"chr1","129296904","129297034","chr20","15201421","15201555","14","114095483"
"chr1","129310546","129310833","chr1","210699167","210699455","45","81388621"
"chr1","129318622","129318852","chr7","97252480","97252704","41","32066142"
"chr1","129320210","129320499","chr14","7643073","7643368","40","121677137"
"chr1","129324526","129324661","chr1","211711421","211711556","18","82386895"
"chr1","129328516","129328816","chr1","124702629","124702940","32","4625887"
"chr1","129333883","129334199","chr1","124707891","124708215","28","4625992"
"chr1","129335118","129335398","chr1","124709149","124709458","52","4625969"
"chr1","129338389","129338575","chr4","136027087","136027267","36","6688698"
"chr1","129343407","129343695","chr1","124717663","124717955","31","4625744"
"chr1","129356034","129356114","chr3","123390838","123390916","17","5965196"
"chr1","129356430","129356561","chr1","13243218","13243348","19","116113212"
"chr1","129362750","129362989","chr16","71909561","71909798","32","57453189"
"chr1","129363332","129363604","chr16","63474722","63474998","54","65888610"
"chr1","129363607","129363747","chr1","124739601","124739744","16","4624006"
"chr1","129371994","129372300","chr1","124747762","124748071","33","4624232"
"chr1","129375330","129375546","chr11","68114692","68114912","36","61260638"
"chr1","129378210","129378518","chr1","124752641","124752940","31","4625569"
"chr1","129385022","129385334","chr1","19609263","19609572","41","109775759"
"chr1","129386785","129387063","chr1","124761803","124762084","17","4624982"
"chr1","129398036","129398315","chr1","124776298","124776594","32","4621738"
"chr1","129404006","129404300","chr1","124785338","124785638","17","4618668"
"chr1","129405524","129405808","chr2","107490740","107491027","35","21914784"
"chr1","129410964","129411279","chr1","124792304","124792616","31","4618660"
"chr1","129434577","129434638","chr17","78867242","78867306","18","50567335"
"chr1","129434638","129434734","chr7","162283431","162283525","15","32848793"
"chr1","129448584","129448882","chr1","124830481","124830784","26","4618103"
"chr1","129458982","129459143","chr3","170087322","170087480","26","40628340"
"chr1","129459148","129459207","chr7","107174825","107174885","18","22284323"
"chr1","129460487","129460797","chr1","125348377","125348684","35","4112110"
"chr1","129460798","129461017","chr2","99056020","99056243","44","30404778"
"chr1","129461228","129461497","chr3","128730082","128730351","57","731146"
"chr1","129477614","129477790","chr12","119519961","119520131","24","9957653"
"chr1","129483577","129483868","chr1","124867331","124867632","36","4616246"
"chr1","129485240","129485406","chr3","88295825","88295991","20","41189415"
"chr1","129493094","129493387","chr1","124876547","124876839","17","4616547"
"chr1","129497422","129497554","chrX","763325","763456","16","128734097"
"chr1","129497806","129497973","chr5","153191791","153191956","20","23693985"
"chr1","129509030","129509068","chr8","38416576","38416613","9","91092454"
"chr1","129511046","129511341","chr1","124894405","124894712","34","4616641"
"chr1","129515976","129516267","chr1","124899360","124899661","36","4616616"
"chr1","129516986","129517284","chr1","124900564","124900858","28","4616422"
"chr1","129527209","129527511","chr3","77220254","77220554","31","52306955"
"chr1","129535405","129535690","chr8","103396428","103396713","42","26138977"
"chr1","129557969","129558108","chr3","46873715","46873849","26","82684254"
"chr1","129561703","129561998","chr5","51540643","51540938","34","78021060"
"chr1","129562204","129562476","chr6","32612049","32612327","49","96950155"
"chr1","129564037","129564190","chr9","60102678","60102832","47","69461359"
"chr1","129572948","129572975","chr3","126661512","126661537","5","2911436"
"chr1","129573405","129573516","chrX","8656290","8656402","16","120917115"
"chr1","129597239","129597528","chr8","63836992","63837276","40","65760247"
"chr1","129600732","129600889","chr14","69005087","69005239","34","60595645"
"chr1","129605977","129606286","chr19","42154548","42154853","34","87451429"
"chr1","129619175","129619462","chr14","7443817","7444116","65","122175358"
"chr1","129631639","129631932","chr1","125086913","125087195","30","4544726"
"chr1","129638249","129638360","chr8","2864915","2865029","15","126773334"
"chr1","129641860","129642045","chrX","23681445","23681631","26","105960415"
"chr1","129645587","129645705","chr1","125101757","125101875","11","4543830"
"chr1","129646404","129646605","chr2","91326626","91326830","47","38319778"
"chr1","129650446","129650710","chr20","23418115","23418381","37","106232331"
"chr1","129651135","129651426","chr1","125106618","125106910","24","4544517"
"chr1","129668453","129668586","chr9","128417487","128417621","18","1250966"
"chr1","129672584","129672883","chr1","125128665","125128968","37","4543919"
"chr1","129676809","129677105","chr1","125133388","125133695","27","4543421"
"chr1","129677372","129677683","chrX","41160510","41160820","36","88516862"
"chr1","129679498","129679798","chrX","47839719","47840022","46","81839779"
"chr1","129680110","129680399","chr9","115113357","115113647","38","14566753"
"chr1","129693501","129693788","chr9","43607571","43607859","42","86085930"
"chr1","129718746","129719031","chr1","125173945","125174241","35","4544801"
"chr1","129720984","129721267","chr1","125176073","125176355","26","4544911"
"chr1","129724797","129724969","chr3","96122448","96122622","33","33602349"
"chr1","129731209","129731517","chr1","125186091","125186400","22","4545118"
"chr1","129734905","129735202","chr1","125190081","125190382","24","4544824"
"chr1","129742663","129742963","chr1","125198084","125198392","34","4544579"
"chr1","129753881","129754165","chr1","125210082","125210376","31","4543799"
"chr1","129756822","129757059","chr4","38139928","38140171","38","91616894"
"chr1","129757796","129758105","chr13","33262171","33262472","29","96495625"
"chr1","129760392","129760689","chr1","125219742","125220024","33","4540650"
"chr1","129770809","129771103","chr1","125230682","125230973","22","4540127"
"chr1","129772584","129772881","chr20","17043783","17044080","39","112728801"
"chr1","129775439","129775737","chr1","23131693","23131994","40","106643746"
"chr1","129777081","129777376","chr1","125236348","125236647","29","4540733"
"chr1","129778182","129778484","chr6","73393768","73394067","32","56384414"
"chr1","129780403","129780696","chr1","125240350","125240635","31","4540053"
"chr1","129782889","129783185","chr1","125243003","125243300","28","4539886"
"chr1","129786949","129787189","chr7","40927000","40927244","41","88859949"
"chr1","129788490","129788773","chr1","125249403","125249682","30","4539087"
"chr1","129790465","129790621","chr4","31501572","31501724","26","98288893"
"chr1","129805131","129805415","chr1","125266260","125266565","37","4538871"
"chr1","129809056","129809345","chr1","125270144","125270446","37","4538912"
"chr1","129814298","129814591","chr1","125275971","125276273","39","4538327"
"chr1","129855816","129856122","chr1","125318341","125318647","31","4537475"
"chr1","129864849","129865140","chr6","66230085","66230373","34","63634764"
"chr1","129875842","129876106","chr1","139650554","139650817","34","9774712"
"chr1","129876371","129876671","chr1","125339756","125340057","28","4536615"
"chr1","129876719","129876903","chr16","48484668","48484845","26","81392051"
"chr1","129883734","129884052","chr8","143466459","143466768","47","13582725"
"chr1","129893607","129893883","chr1","125359284","125359563","29","4534323"
"chr1","129904279","129904574","chr16","5048763","5049058","40","124855516"
"chr1","129909302","129909607","chr1","125378681","125378993","30","4530621"
"chr1","129931799","129932114","chr1","125398593","125398915","42","4533206"
"chr1","129936774","129937078","chr3","36442876","36443174","33","93493898"
"chr1","129937655","129937959","chr1","125405789","125406093","36","4531866"
"chr1","129938619","129938917","chr1","125407063","125407364","26","4531556"
"chr1","129941307","129941591","chr12","98270194","98270480","35","31671113"
"chr1","129951697","129951991","chr7","48625556","48625849","47","81326141"
"chr1","129955242","129955454","chr2","191159453","191159667","51","61204211"
"chr1","129973209","129973505","chr1","125443751","125444048","25","4529458"
"chr1","129975479","129975777","chr1","125446658","125446965","24","4528821"
"chr1","129987990","129988150","chrX","855241","855400","29","129132749"
"chr1","129989838","129990127","chr1","125461541","125461832","19","4528297"
"chr1","130012815","130013105","chr16","5236028","5236320","38","124776787"
"chr1","130016671","130017001","chr11","61102382","61102692","52","68914289"
"chr1","130018675","130018779","chr3","10321001","10321105","20","119697674"
"chr1","130018810","130018929","chr9","97550947","97551073","16","32467863"
"chr1","130020794","130020913","chr8","10595405","10595524","14","119425389"
"chr1","130021385","130021578","chr15","94696186","94696379","32","35325199"
"chr1","130025293","130025463","chr15","46589066","46589234","27","83436227"
"chr1","130029846","130030148","chr9","123426880","123427186","37","6602966"
"chr1","130038685","130038977","chrX","112529229","112529523","32","17509456"
"chr1","130041471","130041749","chr1","125520162","125520442","16","4521309"
"chr1","130066393","130066492","chr17","11926089","11926190","10","118140304"
"chr1","130066946","130067029","chr4","86137657","86137734","17","43929289"
"chr1","130068581","130068906","chr1","125546925","125547239","29","4521656"
"chr1","130074704","130075005","chr1","139180433","139180733","33","9105729"
"chr1","130076304","130076614","chr1","125554389","125554691","38","4521915"
"chr1","130077928","130078198","chr5","7105359","7105637","43","122972569"
"chr1","130079063","130079360","chr1","125559352","125559650","27","4519711"
"chr1","130081141","130081443","chr17","31366515","31366817","41","98714626"
"chr1","130087716","130087899","chr6","171382337","171382512","34","41294621"
"chr1","130088311","130088476","chr11","96514845","96514993","42","33573466"
"chr1","130091164","130091461","chr18","20505848","20506142","33","109585316"
"chr1","130098739","130099046","chr1","125585370","125585671","26","4513369"
"chr1","130110113","130110279","chr10","28714720","28714890","23","101395393"
"chr1","130111868","130112007","chr19","41289079","41289217","19","88822789"
"chr1","130122929","130123232","chr1","125614673","125614977","21","4508256"
"chr1","130124431","130124695","chr1","125616814","125617051","43","4507617"
"chr1","130134693","130135002","chr1","125628132","125628439","35","4506561"
"chr1","130149939","130150253","chrX","123974305","123974614","38","6175634"
"chr1","130152460","130152558","chr11","51614343","51614439","17","78538117"
"chr1","130161735","130162021","chr1","125657043","125657344","37","4504692"
"chr1","130169407","130169712","chr19","45159207","45159507","50","85010200"
"chr1","130170218","130170391","chr1","188132162","188132337","31","57961944"
"chr1","130170702","130170848","chr7","56486056","56486191","29","73684646"
"chr1","130176050","130176207","chr7","57521645","57521803","28","72654405"
"chr1","130177599","130177892","chr2","107422966","107423258","31","22754633"
"chr1","130203049","130203344","chr1","125701789","125702086","24","4501260"
"chr1","130204082","130204377","chr1","125702826","125703114","43","4501256"
"chr1","130205604","130205746","chr2","188378796","188378944","21","58173192"
"chr1","130209297","130209584","chr1","125707493","125707782","34","4501804"
"chr1","130215292","130215602","chr1","125713464","125713768","31","4501828"
"chr1","130223087","130223264","chr20","54454954","54455134","36","75768133"
"chr1","130227221","130227498","chr9","94583528","94583802","48","35643693"
"chr1","130242909","130243203","chr1","125743996","125744288","30","4498913"
"chr1","130246689","130246975","chr16","20110296","20110593","47","110136393"
"chr1","130248248","130248382","chr7","40825254","40825387","20","89422994"
"chr1","130250375","130250669","chr1","125752035","125752332","27","4498340"
"chr1","130254818","130254972","chr15","8538420","8538567","27","121716398"
"chr1","130255139","130255408","chr18","47191826","47192094","35","83063313"
"chr1","130256004","130256243","chr4","38139928","38140171","40","92116076"
"chr1","130258247","130258294","chr16","61533540","61533581","10","68724707"
"chr1","130261158","130261428","chr6","17666189","17666461","42","112594969"
"chr1","130272939","130273241","chr1","75673607","75673911","39","54599332"
"chr1","130305006","130305303","chrX","52560249","52560544","29","77744757"
"chr1","130306074","130306239","chr3","96122448","96122622","34","34183626"
"chr1","130308123","130308433","chr1","125801737","125802041","38","4506386"
"chr1","130313534","130313623","chr16","39914025","39914109","16","90399509"
"chr1","130313825","130314103","chr1","130788993","130789275","35","475168"
"chr1","130314105","130314240","chr2","85443454","85443587","16","44870651"
"chr1","130332240","130332394","chr7","120346484","120346633","41","9985756"
"chr1","130339582","130339876","chr2","204586164","204586456","42","74246582"
"chr1","130353788","130354105","chr12","106103474","106103785","38","24250314"
"chr1","130365241","130365368","chr2","97432022","97432149","10","32933219"
"chr1","130385331","130385625","chrX","19584896","19585193","36","110800435"
"chr1","130398706","130398988","chr1","44032064","44032350","33","86366642"
"chr1","130399023","130399330","chr1","125897706","125898018","18","4501317"
"chr1","130401670","130401985","chr19","34879576","34879885","44","95522094"
"chr1","130402081","130402206","chr9","76980232","76980357","19","53421849"
"chr1","130402235","130402414","chr16","8306350","8306526","25","122095885"
"chr1","130412427","130412742","chr18","2235432","2235745","38","128176995"
"chr1","130417689","130417768","chr14","69005240","69005316","11","61412449"
"chr1","130420625","130420867","chrX","112717395","112717644","35","17703230"
"chr1","130422537","130422779","chr3","14917300","14917545","40","115505237"
"chr1","130442449","130442753","chr1","125944603","125944900","28","4497846"
"chr1","130451531","130451810","chr1","125954091","125954373","33","4497440"
"chr1","130461046","130461271","chr1","125962600","125962818","28","4498446"
"chr1","130462021","130462323","chr3","36442876","36443174","31","94019145"
"chr1","130475907","130476212","chr1","125979089","125979391","29","4496818"
"chr1","130489065","130489330","chr12","100711322","100711597","43","29777743"
"chr1","130494237","130494389","chr1","212796029","212796185","26","82301792"
"chr1","130497747","130498040","chr1","126002863","126003134","40","4494884"
"chr1","130504584","130504774","chr16","50728179","50728378","24","79776405"
"chr1","130504903","130505118","chr4","167862628","167862830","51","37357725"
"chr1","130507271","130507587","chr15","25631420","25631728","40","104875851"
"chr1","130518471","130518754","chr1","126026069","126026354","26","4492402"
"chr1","130529006","130529306","chr16","30749412","30749711","40","99779594"
"chr1","130531323","130531608","chr1","126040165","126040469","40","4491158"
"chr1","130555119","130555420","chr8","87785177","87785476","31","42769942"
"chr1","130557077","130557380","chrX","23558557","23558868","37","106998520"
"chr1","130557428","130557729","chr1","126066979","126067282","28","4490449"
"chr1","130570166","130570409","chr1","20764786","20765029","30","109805380"
"chr1","130580883","130581114","chr1","126090756","126090986","18","4490127"
"chr1","130585489","130585796","chr1","126095659","126095968","29","4489830"
"chr1","130588942","130589251","chr1","126099096","126099401","31","4489846"
"chr1","130589503","130589791","chr1","126099653","126099956","32","4489850"
"chr1","130590694","130590979","chr16","58964634","58964913","31","71626060"
"chr1","130591336","130591634","chr1","183958405","183958704","34","53367069"
"chr1","130606396","130606707","chr4","29120407","29120699","58","101485989"
"chr1","130609699","130610010","chr2","202017875","202018186","30","71408176"
"chr1","130614915","130615196","chr1","126126926","126127199","25","4487989"
"chr1","130630516","130630737","chr4","116777080","116777297","34","13853436"
"chr1","130640986","130641268","chr1","159878672","159878960","38","29237686"
"chr1","130645155","130645431","chr10","10404928","10405203","38","120240227"
"chr1","130656869","130657175","chr1","126170107","126170410","32","4486762"
"chr1","130672437","130672474","chr7","54902893","54902922","11","75769544"
"chr1","130672515","130672797","chrX","148237929","148238207","40","17565414"
"chr1","130674998","130675298","chr1","117344868","117345161","37","13330130"
"chr1","130685159","130685438","chr1","126198405","126198684","13","4486754"
"chr1","130686866","130687170","chr1","126200461","126200756","32","4486405"
"chr1","130691317","130691612","chr7","10974680","10974971","36","119716637"
"chr1","130733589","130733885","chr1","126250707","126251013","28","4482882"
"chr1","130762475","130762778","chr1","126283940","126284250","27","4478535"
"chr1","130811750","130812052","chr1","126331785","126332094","28","4479965"
"chr1","130885942","130886112","chr15","1194324","1194491","26","129691618"
"chr1","130886338","130886460","chr3","3601650","3601780","19","127284688"
"chr1","130886495","130886774","chr8","46567454","46567736","32","84319041"
"chr1","130887808","130888110","chr1","126408977","126409271","23","4478831"
"chr1","130914767","130914897","chr1","126443613","126443745","10","4471154"
"chr1","130919899","130920195","chr1","126449547","126449836","20","4470352"
"chr1","130958414","130958722","chr1","126490405","126490715","35","4468009"
"chr1","130964729","130965025","chr14","15756054","15756351","29","115208675"
"chr1","130979804","130979974","chr2","188225310","188225477","22","57245506"
"chr1","130996916","130997216","chr13","7363055","7363347","31","123633861"
"chr1","131004536","131004843","chr1","126539727","126540033","32","4464809"
"chr1","131014610","131014906","chr1","126549639","126549935","27","4464971"
"chr1","131092056","131092356","chr4","102859737","102860039","27","28232319"
"chr1","131101717","131102014","chr16","8821830","8822125","36","122279887"
"chr1","131178937","131179002","chr20","68909283","68909346","10","62269654"
"chr1","131179001","131179090","chr7","126526300","126526388","13","4652701"
"chr1","131188376","131188675","chr1","126758301","126758591","28","4430075"
"chr1","131209345","131209627","chr1","126783926","126784219","27","4425419"
"chr1","131231074","131231244","chr6","43792000","43792169","25","87439074"
"chr1","131245525","131245821","chrX","46755159","46755454","48","84490366"
"chr1","131376732","131377023","chr3","36442876","36443174","29","94933856"
"chr1","131599991","131600301","chr1","127169880","127170183","34","4430111"
"chr1","131738190","131738485","chr9","87090399","87090693","38","44647791"
"chr1","131866189","131866498","chr1","127422582","127422892","31","4443607"
"chr1","131893352","131893627","chr2","160284843","160285116","49","28391491"
"chr1","132047839","132048064","chr3","45604681","45604903","46","86443158"
"chr1","132070661","132070865","chr12","58853743","58853952","40","73216918"
"chr1","132146581","132146844","chr1","127750493","127750763","23","4396088"
"chr1","132176778","132177066","chr1","127791754","127792043","31","4385024"
"chr1","132242743","132243050","chr19","48979446","48979754","41","83263297"
"chr1","132297815","132298035","chr9","26650579","26650790","35","105647236"
"chr1","132427634","132427661","chr11","115895847","115895872","3","16531787"
"chr1","132427692","132427977","chr16","62572456","62572740","31","69855236"
"chr1","132428638","132428945","chr9","92918267","92918562","53","39510371"
"chr1","132437051","132437229","chr13","33172932","33173107","33","99264119"
"chr1","132467374","132467533","chr1","14757778","14757941","21","117709596"
"chr1","132471065","132471243","chr19","30244151","30244322","23","102226914"
"chr1","132476944","132477246","chr1","221401927","221402231","43","88924983"
"chr1","132488631","132488935","chr10","80019860","80020161","34","52468771"
"chr1","132536112","132536422","chr15","85396569","85396880","32","47139543"
"chr1","132544132","132544434","chrX","17790100","17790403","40","114754032"
"chr1","132547250","132547381","chr2","93098086","93098217","12","39449164"
"chr1","132555606","132555917","chr9","98408570","98408877","30","34147036"
"chr1","132564406","132564701","chrX","52914658","52914952","33","79649748"
"chr1","132565161","132565466","chr14","112526592","112526892","38","20038569"
"chr1","132571909","132572220","chr1","128181867","128182174","30","4390042"
"chr1","132574536","132574829","chr1","128180748","128181050","33","4393788"
"chr1","132574920","132575229","chr7","43295138","43295436","42","89279782"
"chr1","132575689","132575850","chr9","89594066","89594232","27","42981623"
"chr1","132583911","132584223","chr5","84392847","84393151","42","48191064"
"chr1","132585473","132585775","chr1","128194485","128194795","40","4390988"
"chr1","132605568","132605864","chr1","128215911","128216210","33","4389657"
"chr1","132610046","132610344","chr2","84826493","84826791","37","47783553"
"chr1","132624306","132624411","chr20","56786371","56786477","15","75837935"
"chr1","132624675","132624832","chr1","173281089","173281254","34","40656414"
"chr1","132624848","132625133","chr1","128234751","128235042","26","4390097"
"chr1","132652077","132652368","chr1","128256211","128256505","32","4395866"
"chr1","132653926","132654076","chr1","202825790","202825940","24","70171864"
"chr1","132654812","132655049","chr10","59910337","59910584","38","72744475"
"chr1","132656893","132656958","chr20","33766063","33766129","9","98890830"
"chr1","132680141","132680341","chr12","78258009","78258208","23","54422132"
"chr1","132690769","132690935","chr4","4726770","4726935","28","127963999"
"chr1","132700828","132701136","chr1","128305142","128305444","32","4395686"
"chr1","132702236","132702332","chr19","48785586","48785684","15","83916650"
"chr1","132703102","132703280","chr2","123387451","123387629","29","9315651"
"chr1","132717773","132718044","chr17","1021940","1022220","32","131695833"
"chr1","132725870","132726112","chr1","14534701","14534944","29","118191169"
"chr1","132730864","132731157","chr1","128337778","128338076","31","4393086"
"chr1","132751337","132751662","chr14","56766338","56766661","66","75984999"
"chr1","132751752","132752074","chr1","128360860","128361183","27","4390892"
"chr1","132771485","132771660","chr1","128382036","128382202","19","4389449"
"chr1","132771661","132771939","chrX","74003860","74004136","53","58767801"
"chr1","132771940","132772073","chr1","128382869","128383002","15","4389071"
"chr1","132799157","132799359","chr1","128411580","128411784","19","4387577"
"chr1","132799655","132799727","chr1","128412084","128412139","19","4387571"
"chr1","132800489","132800774","chr1","70325203","70325488","32","62475286"
"chr1","132804496","132804794","chr16","5048763","5049058","32","127755733"
"chr1","132810067","132810374","chr1","75673607","75673911","51","57136460"
"chr1","132811008","132811265","chr7","162644737","162644986","41","29833729"
"chr1","132833383","132833676","chr2","84826493","84826791","40","48006890"
"chr1","132840903","132841179","chr1","20706831","20707108","37","112134072"
"chr1","132846842","132847168","chr9","97800398","97800707","53","35046444"
"chr1","132849096","132849387","chr5","7365971","7366261","34","125483125"
"chr1","132849841","132850137","chrX","44429429","44429724","40","88420412"
"chr1","132851822","132852135","chr1","128462314","128462631","28","4389508"
"chr1","132852647","132852941","chr1","128463143","128463435","28","4389504"
"chr1","132859162","132859465","chr1","128468252","128468566","33","4390910"
"chr1","132863342","132863488","chr6","56602654","56602794","24","76260688"
"chr1","132868101","132868299","chr12","115674238","115674427","32","17193863"
"chr1","132869769","132869978","chr2","105618742","105618951","30","27251027"
"chr1","132883533","132883644","chr7","82846043","82846151","18","50037490"
"chr1","132886257","132886376","chr1","128497017","128497133","8","4389240"
"chr1","132886558","132886826","chr19","3332154","3332428","37","129554404"
"chr1","132889519","132889689","chr1","128500290","128500463","14","4389229"
"chr1","132889991","132890130","chr11","63259700","63259833","15","69630291"
"chr1","132890784","132891049","chr17","31954436","31954701","40","100936348"
"chr1","132894318","132894501","chr1","11468492","11468682","37","121425826"
"chr1","132894982","132895108","chr7","56497314","56497433","24","76397668"
"chr1","132908893","132909152","chr1","128524295","128524566","31","4384598"
"chr1","132928231","132928528","chr1","128543642","128543937","24","4384589"
"chr1","132960753","132961033","chr1","110705411","110705697","40","22255342"
"chr1","132965323","132965475","chr18","18548284","18548431","24","114417039"
"chr1","132966253","132966321","chr1","8947061","8947129","19","124019192"
"chr1","132966699","132966855","chr15","11983926","11984077","34","120982773"
"chr1","132975111","132975406","chr3","160951830","160952128","40","27976719"
"chr1","132979108","132979420","chr1","77590412","77590715","34","55388696"
"chr1","132983177","132983463","chr1","128595144","128595431","32","4388033"
"chr1","132987537","132987830","chr1","128601266","128601567","28","4386271"
"chr1","132991526","132991833","chr2","68982505","68982810","38","64009021"
"chr1","132994452","132994653","chr9","93234265","93234456","42","39760187"
"chr1","132997675","132997985","chr9","58551560","58551867","36","74446115"
"chr1","133001631","133001938","chr1","128632590","128632892","36","4369041"
"chr1","133005658","133005985","chr6","64221799","64222124","55","68783859"
"chr1","133028396","133028573","chrX","557444","557611","28","132470952"
"chr1","133050014","133050309","chr2","121905343","121905641","35","11144671"
"chr1","133052398","133052507","chr15","8794424","8794533","13","124257974"
"chr1","133057037","133057138","chr4","136069123","136069222","15","3012086"
"chr1","133074053","133074366","chr8","64887182","64887487","43","68186871"
"chr1","133080048","133080360","chr1","128714051","128714364","30","4365997"
"chr1","133084770","133085060","chr1","128719150","128719448","27","4365620"
"chr1","133101179","133101448","chr1","128734922","128735191","23","4366257"
"chr1","133107317","133107612","chr1","22949770","22950065","30","110157547"
"chr1","133115490","133115727","chr1","50890362","50890591","35","82225128"
"chr1","133115863","133116134","chr3","166345823","166346087","39","33229960"
"chr1","133139075","133139380","chr16","5163223","5163524","33","127975852"
"chr1","133171289","133171531","chr7","155492953","155493192","39","22321664"
"chr1","133172804","133172979","chr1","128814190","128814364","19","4358614"
"chr1","133174422","133174733","chr6","129934590","129934892","37","3239832"
"chr1","133178275","133178567","chr1","128820585","128820866","30","4357690"
"chr1","133180359","133180643","chr16","76936119","76936403","38","56244240"
"chr1","133180861","133180992","chr14","124285957","124286090","21","8894904"
"chr1","133182294","133182596","chr1","128824711","128825032","37","4357583"
"chr1","133184770","133184815","chr1","128827546","128827591","0","4357224"
"chr1","133186219","133186492","chr1","128829021","128829314","38","4357198"
"chr1","133195051","133195342","chrX","44429429","44429724","34","88765622"
"chr1","133196061","133196342","chr1","128839190","128839476","31","4356871"
"chr1","133203064","133203346","chr11","67517216","67517495","36","65685848"
"chr1","133212483","133212783","chr5","136255784","136256088","31","3043301"
"chr1","133213398","133213688","chr1","128863286","128863562","32","4350112"
"chr1","133221594","133221752","chr4","36630688","36630846","23","96590906"
"chr1","133240244","133240496","chr1","128891943","128892204","31","4348301"
"chr1","133245689","133245774","chr7","154286970","154287054","20","21041281"
"chr1","133254431","133254713","chr20","34758725","34759006","33","98495706"
"chr1","133259532","133259687","chr5","39240849","39241005","30","94018683"
"chr1","133266709","133267018","chr3","48976208","48976517","38","84290501"
"chr1","133279839","133279985","chr19","40961698","40961841","25","92318141"
"chr1","133279986","133280059","chr1","62928568","62928640","14","70351418"
"chr1","133283411","133283718","chr1","128938389","128938688","33","4345022"
"chr1","133283846","133284140","chr1","128941437","128941729","23","4342409"
"chr1","133302568","133302881","chr1","129480008","129480301","54","3822560"
"chr1","133306272","133306547","chr3","39607975","39608252","44","93698297"
"chr1","133316365","133316684","chr11","74770166","74770493","49","58546199"
"chr1","133334436","133334751","chr16","41878309","41878618","55","91456127"
"chr1","133353181","133353490","chr1","129015216","129015515","38","4337965"
"chr1","133365901","133366036","chr1","14758245","14758381","14","118607656"
"chr1","133366099","133366308","chr8","126054004","126054184","52","7312095"
"chr1","133366593","133366728","chr6","17405813","17405948","18","115960780"
"chr1","133370012","133370292","chr6","56014347","56014628","34","77355665"
"chr1","133386706","133386855","chr16","44937774","44937929","25","88448932"
"chr1","133387138","133387273","chr1","140276965","140277100","17","6889827"
"chr1","133395014","133395332","chrX","23558557","23558868","42","109836457"
"chr1","133401143","133401439","chr1","129063671","129063960","27","4337472"
"chr1","133402837","133403116","chrX","48678568","48678837","47","84724269"
"chr1","133419173","133419481","chr1","129084603","129084914","21","4334570"
"chr1","133422036","133422335","chr20","4217380","4217681","33","129204656"
"chr1","133424870","133425177","chr11","1714725","1715029","32","131710145"
"chr1","133442718","133442905","chr7","57521645","57521803","52","75921073"
"chr1","133444537","133444846","chr1","24391862","24392168","35","109052675"
"chr1","133470742","133471053","chr1","129133353","129133651","35","4337389"
"chr1","133472228","133472450","chr17","14452161","14452382","41","119020067"
"chr1","133478678","133478811","chr3","13262251","13262386","18","120216427"
"chr1","133478896","133479198","chr6","49699191","49699492","36","83779705"
"chr1","133479307","133479478","chr4","127864075","127864248","25","5615232"
"chr1","133495518","133495808","chr1","129166098","129166368","47","4329420"
"chr1","133531678","133531978","chr1","129202594","129202879","39","4329084"
"chr1","133580494","133580772","chr14","56872398","56872678","36","76708096"
"chr1","133593005","133593063","chr11","55023309","55023368","7","78569696"
"chr1","133593093","133593143","chr5","85373418","85373463","10","48219675"
"chr1","133593248","133593520","chr8","142242840","142243113","40","8649592"
"chr1","133605540","133605836","chr1","129278341","129278645","26","4327199"
"chr1","133606699","133606920","chr6","56511093","56511315","48","77095606"
"chr1","133612059","133612348","chr1","129285753","129286041","34","4326306"
"chr1","133613999","133614169","chr17","66754666","66754835","51","66859333"
"chr1","133619736","133620030","chr1","129293752","129294051","30","4325984"
"chr1","133632279","133632430","chr16","58362171","58362322","20","75270108"
"chr1","133644444","133644612","chr3","32667940","32668109","23","100976504"
"chr1","133652959","133653172","chr1","8062335","8062552","37","125590624"
"chr1","133718030","133718204","chr9","24910794","24910963","24","108807236"
"chr1","133748833","133749129","chr13","61961470","61961765","28","71787363"
"chr1","133818914","133819213","chr4","40297222","40297520","37","93521692"
"chr1","133844142","133844318","chr19","18835148","18835319","22","115008994"
"chr1","133856916","133857216","chr1","129588811","129589118","33","4268105"
"chr1","133864398","133864696","chr1","129596178","129596477","23","4268220"
"chr1","133876386","133876533","chr8","139715527","139715679","22","5839141"
"chr1","133876665","133876766","chr19","4926258","4926351","21","128950407"
"chr1","133877986","133878270","chr4","44140247","44140529","37","89737739"
"chr1","133892595","133892889","chr3","147093758","147094063","41","13201163"
"chr1","133905394","133905716","chr11","6802804","6803122","46","127102590"
"chr1","133938123","133938315","chr19","44155223","44155414","26","89782900"
"chr1","133938488","133938558","chr10","51121521","51121589","9","82816967"
"chr1","133979076","133979381","chr3","167949966","167950270","33","33970890"
"chr1","133985895","133986175","chr1","129721025","129721310","29","4264870"
"chr1","133993166","133993468","chr3","9603787","9604084","35","124389379"
"chr1","133997228","133997352","chr7","103797025","103797146","15","30200203"
"chr1","134005976","134006279","chr1","129742310","129742614","20","4263666"
"chr1","134047253","134047557","chr10","3972336","3972642","33","130074917"
"chr1","134055843","134056142","chr1","220883377","220883674","37","86827534"
"chr1","134063527","134063638","chr20","56786371","56786477","22","77277156"
"chr1","134063778","134063962","chr13","98750264","98750440","32","35313514"
"chr1","134066944","134067236","chr1","129808183","129808473","26","4258761"
"chr1","134069883","134070050","chr16","43272620","43272787","28","90797263"
"chr1","134074245","134074545","chr7","84112350","84112645","38","49961895"
"chr1","134078476","134078784","chr1","153252516","153252827","41","19174040"
"chr1","134088939","134089202","chr1","129829749","129830007","32","4259190"
"chr1","134107398","134107561","chr20","19680869","19681024","38","114426529"
"chr1","134110587","134110871","chr8","34964007","34964291","38","99146580"
"chr1","134110898","134110911","chr6","152161279","152161291","1","18050381"
"chr1","134118044","134118189","chr4","127768448","127768591","21","6349596"
"chr1","134118804","134119098","chr15","27245965","27246257","39","106872839"
"chr1","134151726","134152025","chr1","129896130","129896438","36","4255596"
"chr1","134171161","134171471","chr8","124179622","124179932","38","9991539"
"chr1","134172704","134172999","chr15","9035118","9035412","37","125137586"
"chr1","134199238","134199544","chr1","129933198","129933498","39","4266040"
"chr1","134203731","134203942","chr15","78831585","78831798","30","55372146"
"chr1","134240979","134241262","chr3","165332839","165333127","30","31091860"
"chr1","134241303","134241322","chr1","146584325","146584343","1","12343022"
"chr1","134242619","134242932","chr10","72366392","72366697","41","61876227"
"chr1","134246594","134246912","chr1","4731654","4731965","44","129514940"
"chr1","134251987","134252153","chr15","107478929","107479087","41","26773058"
"chr1","134257930","134258081","chr1","129997511","129997669","29","4260419"
"chr1","134260442","134260738","chr5","24690088","24690384","36","109570354"
"chr1","134265259","134265457","chr3","41180555","41180754","23","93084704"
"chr1","134265729","134265839","chrX","127885638","127885748","18","6380091"
"chr1","134294550","134294810","chr16","19730961","19731217","44","114563589"
"chr1","134308304","134308596","chr16","5048763","5049058","29","129259541"
"chr1","134308813","134308954","chr10","31067832","31067967","24","103240981"
"chr1","134308956","134309146","chr19","44155223","44155414","28","90153733"
"chr1","134309681","134309803","chr1","205623214","205623337","15","71313533"
"chr1","134311194","134311450","chr12","61477359","61477612","55","72833835"
"chr1","134314516","134314805","chr14","6901000","6901287","49","127413516"
"chr1","134319084","134319366","chr7","3450180","3450461","29","130868904"
"chr1","134320478","134320779","chr8","6545261","6545567","41","127775217"
"chr1","134338435","134338727","chr1","130082302","130082590","22","4256133"
"chr1","134339962","134340250","chr1","130083826","130084107","26","4256136"
"chr1","134354955","134355164","chr19","43007920","43008132","31","91347035"
"chr1","134356939","134357235","chr1","130094237","130094536","31","4262702"
"chr1","134364555","134364820","chr3","55264049","55264311","36","79100506"
"chr1","134367622","134367914","chr7","153171096","153171393","48","18803474"
"chr1","134371814","134371954","chr6","139626341","139626485","21","5254527"
"chr1","134373890","134373986","chr1","20628345","20628440","13","113745545"
"chr1","134374523","134374691","chr1","130112713","130112865","22","4261810"
"chr1","134374994","134375129","chr1","130113170","130113304","10","4261824"
"chr1","134382743","134383050","chr1","130119981","130120291","31","4262762"
"chr1","134399544","134399794","chr2","92500002","92500256","45","41899542"
"chr1","134400818","134401115","chr1","130138623","130138918","27","4262195"
"chr1","134401263","134401433","chr19","3064186","3064354","23","131337077"
"chr1","134406795","134407085","chr1","130144720","130145014","21","4262075"
"chr1","134417773","134418084","chr17","1515232","1515536","35","132902541"
"chr1","134421443","134421731","chr3","125669969","125670258","41","8751474"
"chr1","134431787","134432089","chr1","130170374","130170672","28","4261413"
"chr1","134440717","134441002","chr5","57079136","57079413","41","77361581"
"chr1","134453530","134453830","chr1","130195571","130195883","29","4257959"
"chr1","134456601","134456886","chr1","130198741","130199026","25","4257860"
"chr1","134459361","134459519","chr4","108162884","108163039","26","26296477"
"chr1","134469893","134470194","chr1","130213595","130213900","25","4256298"
"chr1","134482081","134482269","chr16","72458606","72458794","31","62023475"
"chr1","134495171","134495473","chr4","105401676","105401972","40","29093495"
"chr1","134496287","134496568","chr8","103396428","103396713","34","31099859"
"chr1","134498809","134499108","chr11","51794431","51794730","28","82704378"
"chr1","134500427","134500716","chr4","108727221","108727514","39","25773206"
"chr1","134504967","134505265","chr11","54995483","54995794","51","79509484"
"chr1","134512790","134513094","chr11","48892425","48892714","51","85620365"
"chr1","134521137","134521451","chr19","4764672","4764983","41","129756465"
"chr1","134526116","134526319","chr4","38753382","38753592","37","95772734"
"chr1","134531963","134532095","chr10","29597170","29597304","14","104934793"
"chr1","134532913","134533204","chr6","140129906","140130200","43","5596993"
"chr1","134539940","134540239","chr18","20456033","20456331","41","114083907"
"chr1","134579934","134580068","chr11","49065869","49066004","13","85514065"
"chr1","134580364","134580535","chr6","33156983","33157151","22","101423381"
"chr1","134583184","134583303","chr19","34794847","34794966","17","99788337"
"chr1","134603738","134603886","chr16","69670226","69670375","39","64933512"
"chr1","134605994","134606291","chrX","20000045","20000343","28","114605949"
"chr1","134877506","134877800","chr7","27184448","27184744","32","107693058"
"chr1","134882177","134882356","chr16","48040796","48040975","23","86841381"
"chr1","134892507","134892763","chr13","88270653","88270911","41","46621854"
"chr1","134895199","134895410","chr3","30112008","30112217","38","104783191"
"chr1","134902842","134903031","chr15","24158980","24159148","44","110743862"
"chr1","134908892","134909165","chr8","142242840","142243113","42","7333948"
"chr1","134910697","134910839","chr2","188378796","188378944","24","53468099"
"chr1","134910840","134910969","chr4","54093127","54093262","15","80817713"
"chr1","134921075","134921182","chr1","39198637","39198744","20","95722438"
"chr1","134923047","134923183","chr19","41099738","41099873","22","93823309"
"chr1","134926267","134926577","chr1","130332758","130333068","26","4593509"
"chr1","134935627","134935855","chr7","68810933","68811158","34","66124694"
"chr1","134949141","134949427","chr1","130358435","130358719","19","4590706"
"chr1","134954831","134955134","chr1","130364080","130364385","26","4590751"
"chr1","134964298","134964594","chrX","52560249","52560544","38","82404049"
"chr1","134973840","134974115","chr1","130377394","130377678","32","4596446"
"chr1","134976302","134976612","chr1","130378017","130378320","30","4598285"
"chr1","134981762","134981984","chrX","25813318","25813533","33","109168444"
"chr1","134991106","134991379","chr1","130392854","130393129","26","4598252"
"chr1","134991633","134991723","chr13","107655941","107656031","14","27335692"
"chr1","134993888","134994104","chr4","116777080","116777297","36","18216808"
"chr1","134997111","134997413","chr3","142934307","142934610","39","7937196"
"chr1","134998475","134998611","chr5","11801112","11801241","36","123197363"
"chr1","135008311","135008586","chr13","37692401","37692676","37","97315910"
"chr1","135013772","135013910","chr1","130415820","130415954","11","4597952"
"chr1","135014220","135014411","chr9","32684033","32684219","33","102330187"
"chr1","135015380","135015511","chr5","26036396","26036529","15","108978984"
"chr1","135019092","135019386","chr17","24162866","24163161","39","110856226"
"chr1","135024004","135024297","chr1","56881921","56882217","24","78142083"
"chr1","135042225","135042488","chrX","86177029","86177287","48","48865196"
"chr1","135057071","135057209","chr3","183731879","183732019","19","48674808"
"chr1","135057650","135057939","chr20","8006906","8007198","34","127050744"
"chr1","135066998","135067121","chr13","92115891","92116014","18","42951107"
"chr1","135071412","135071679","chr1","130481483","130481731","32","4589929"
"chr1","135082928","135083235","chr1","130493678","130493975","29","4589250"
"chr1","135093111","135093404","chr6","73393768","73394067","33","61699343"
"chr1","135114152","135114452","chr16","51846534","51846834","34","83267618"
"chr1","135120293","135120582","chr1","130535169","130535462","33","4585124"
"chr1","135120889","135121025","chr1","221479214","221479348","27","86358325"
"chr1","135121831","135121973","chr14","68181921","68182061","18","66939910"
"chr1","135125138","135125437","chr1","42481759","42482052","44","92643379"
"chr1","135175886","135176037","chr11","96514845","96514993","16","38661041"
"chr1","135176444","135176549","chr11","37311728","37311834","16","97864716"
"chr1","135201288","135201420","chr19","45249393","45249524","16","89951895"
"chr1","135202926","135203066","chr6","136114005","136114151","34","911079"
"chr1","135218248","135218367","chr1","7373118","7373239","9","127845130"
"chr1","135219681","135219870","chr7","133114354","133114541","33","2105327"
"chr1","135224282","135224590","chr1","130649634","130649934","38","4574648"
"chr1","135239895","135240210","chr1","130670621","130670928","34","4569274"
"chr1","135257490","135257796","chr16","1511202","1511503","33","133746288"
"chr1","135265679","135265836","chr1","89718597","89718758","25","45547082"
"chr1","135265840","135266142","chr7","41300059","41300359","45","93965781"
"chr1","135270508","135270801","chr1","130704268","130704560","46","4566240"
"chr1","135279348","135279646","chr1","130713413","130713703","42","4565935"
"chr1","135315574","135315880","chrX","129802246","129802557","37","5513328"
"chr1","135327941","135328223","chr1","130762722","130763008","25","4565219"
"chr1","135336808","135336870","chr1","11858190","11858250","14","123478618"
"chr1","135337396","135337704","chr1","130773794","130774104","35","4563602"
"chr1","135338654","135338965","chr1","130772054","130772358","22","4566600"
"chr1","135339772","135340026","chr15","7748889","7749155","52","127590883"
"chr1","135345060","135345378","chr13","65275083","65275399","37","70069977"
"chr1","135352706","135352845","chr7","16748615","16748755","18","118604091"
"chr1","135353502","135353797","chr19","20676318","20676616","26","114677184"
"chr1","135365584","135365872","chr1","130798823","130799120","29","4566761"
"chr1","135378235","135378540","chr1","130815867","130816171","30","4562368"
"chr1","135383038","135383340","chr1","130817853","130818157","21","4565185"
"chr1","135390596","135390833","chr1","130824986","130825225","21","4565610"
"chr1","135392976","135393279","chr7","67218976","67219283","40","68174000"
"chr1","135396765","135396882","chr2","43923383","43923493","14","91473382"
"chr1","135399015","135399124","chr20","54711525","54711640","15","80687490"
"chr1","135413691","135413880","chr11","2904691","2904882","29","132509000"
"chr1","135437588","135437888","chr12","57850151","57850455","34","77587437"
"chr1","135437968","135438133","chr11","65596985","65597151","28","69840983"
"chr1","135442330","135442340","chr20","41045396","41045406","2","94396934"
"chr1","135442651","135442827","chr10","83387135","83387313","23","52055516"
"chr1","135449077","135449281","chr3","3200882","3201085","26","132248195"
"chr1","135461337","135461643","chr1","130903976","130904278","28","4557361"
"chr1","135473072","135473378","chr1","130916743","130917049","32","4556329"
"chr1","135475316","135475602","chr1","130920222","130920519","36","4555094"
"chr1","135483252","135483532","chr18","39951140","39951423","38","95532112"
"chr1","135495280","135495500","chr1","130941595","130941834","38","4553685"
"chr1","135498131","135498447","chr19","34145290","34145601","45","101352841"
"chr1","135498934","135499212","chr3","166660099","166660383","37","31161165"
"chr1","135501289","135501603","chr16","56526638","56526950","43","78974651"
"chr1","135501616","135501725","chr3","124902957","124903064","29","10598659"
"chr1","135502071","135502236","chr19","15492088","15492253","28","120009983"
"chr1","135504495","135504806","chr6","174254350","174254659","42","38749855"
"chr1","135507671","135507978","chr1","130954999","130955305","32","4552672"
"chr1","135509551","135509845","chr1","130956850","130957148","19","4552701"
"chr1","135529882","135530184","chr1","130974088","130974396","36","4555794"
"chr1","135539361","135539496","chr19","16379933","16380067","13","119159428"
"chr1","135549658","135549961","chr12","101736860","101737158","28","33812798"
"chr1","135580251","135580559","chrX","41160510","41160820","32","94419741"
"chr1","135612636","135612943","chr1","131059785","131060096","29","4552851"
"chr1","135613714","135614022","chr16","23838320","23838626","38","111775394"
"chr1","135617263","135617405","chr4","28214549","28214688","26","107402714"
"chr1","135617702","135617838","chr16","18372725","18372859","16","117244977"
"chr1","135622669","135622973","chr11","116479859","116480167","45","19142810"
"chr1","135629154","135629322","chr1","131077799","131077965","16","4551355"
"chr1","135629622","135629754","chr10","36122739","36122872","11","99506883"
"chr1","135682489","135682762","chr6","63934012","63934286","35","71748477"
"chr1","135693651","135693961","chr1","125348377","125348684","34","10345274"
"chr1","135708106","135708269","chr1","128904529","128904699","30","6803577"
"chr1","135708570","135708699","chr9","97550947","97551073","12","38157623"
"chr1","135736158","135736456","chr1","131194712","131195014","27","4541446"
"chr1","135741449","135741750","chr1","131200205","131200507","34","4541244"
"chr1","135755578","135755889","chr1","131214997","131215311","38","4540581"
"chr1","135767691","135768005","chr16","45595072","45595379","42","90172619"
"chr1","135772448","135772759","chr16","54733721","54734021","45","81038727"
"chr1","135774198","135774458","chr1","131234122","131234396","30","4540076"
"chr1","135784571","135784872","chr1","131243643","131243953","32","4540928"
"chr1","135802268","135802562","chr1","131262327","131262606","38","4539941"
"chr1","135803658","135803962","chr3","124778963","124779266","34","11024695"
"chr1","135804181","135804461","chr1","131264658","131264942","24","4539523"
"chr1","135851649","135851956","chr1","131312995","131313307","25","4538654"
"chr1","135860665","135860795","chr14","40753170","40753300","28","95107495"
"chr1","135861100","135861236","chr1","131323368","131323503","12","4537732"
"chr1","135863579","135863896","chr1","131327086","131327380","46","4536493"
"chr1","135877588","135877904","chr1","131341620","131341936","22","4535968"
"chr1","135895606","135895910","chr1","131359922","131360232","31","4535684"
"chr1","135899462","135899755","chr20","51854188","51854479","35","84045274"
"chr1","135904682","135904976","chr1","131368861","131369166","33","4535821"
"chr1","135922126","135922421","chrX","101580535","101580832","39","34341591"
"chr1","135922840","135922973","chr3","2138104","2138236","16","133784736"
"chr1","135923858","135923942","chr20","54265712","54265795","11","81658146"
"chr1","135930869","135931095","chr7","130360802","130361029","38","5570067"
"chr1","135970885","135971176","chr15","27330681","27330978","38","108640204"
"chr1","135978776","135978860","chr10","12501471","12501539","31","123477305"
"chr1","135979047","135979192","chr16","38396699","38396842","22","97582348"
"chr1","135984636","135984919","chr7","137407258","137407535","37","1422622"
"chr1","135992741","135993051","chr6","105234648","105234956","39","30758093"
"chr1","135996035","135996327","chr14","15756054","15756351","33","120239981"
"chr1","135998748","135999046","chr1","131473145","131473453","24","4525603"
"chr1","136057397","136057668","chr1","131536588","131536857","29","4520809"
"chr1","136076658","136076964","chr1","131555919","131556205","39","4520739"
"chr1","136092450","136092747","chr2","113556020","113556318","37","22536430"
"chr1","136095711","136095731","chr2","107265547","107265564","3","28830164"
"chr1","136095844","136096132","chr2","202930199","202930485","40","66834355"
"chr1","136119818","136120113","chr1","131597853","131598157","28","4521965"
"chr1","136121812","136122107","chr1","131599854","131600146","21","4521958"
"chr1","136187864","136188172","chr1","131666491","131666795","31","4521373"
"chr1","136200884","136201193","chr1","131678815","131679126","20","4522069"
"chr1","136211197","136211436","chr1","131689285","131689525","28","4521912"
"chr1","136217468","136217774","chr1","123496610","123496919","34","12720858"
"chr1","136219286","136219601","chr1","131697736","131698035","39","4521550"
"chr1","136247682","136247997","chr18","15148463","15148774","37","121099219"
"chr1","136253576","136253865","chr1","131728960","131729257","59","4524616"
"chr1","136257767","136258079","chr1","131733472","131733777","31","4524295"
"chr1","136261498","136261801","chr1","131736844","131737150","31","4524654"
"chr1","136326720","136327021","chr1","131802385","131802687","30","4524335"
"chr1","136349443","136349756","chr15","42266168","42266476","36","94083275"
"chr1","136491270","136491423","chr4","107394440","107394589","25","29096830"
"chr1","136538208","136538513","chr11","15481380","15481682","40","121056828"
"chr1","136715387","136715648","chr1","132211537","132211788","33","4503850"
"chr1","136811023","136811240","chr16","75691875","75692095","34","61119148"
"chr1","136833702","136833921","chr17","14452161","14452382","41","122381541"
"chr1","136847101","136847396","chr1","132341903","132342204","39","4505198"
"chr1","136878852","136879147","chr1","132370278","132370577","19","4508574"
"chr1","136940425","136940600","chr20","68389895","68390055","38","68550530"
"chr1","136960365","136960656","chr1","132455028","132455320","22","4505337"
"chr1","136965022","136965333","chr11","28064781","28065087","38","108900241"
"chr1","137096423","137096707","chr4","149272256","149272532","54","12175833"
"chr1","137115168","137115463","chrX","46755159","46755454","39","90360009"
"chr1","137117635","137117944","chr1","132602871","132603181","29","4514764"
"chr1","137136191","137136501","chr11","48070227","48070538","36","89065964"
"chr1","137152214","137152523","chr1","132637377","132637663","40","4514837"
"chr1","137185553","137185860","chr3","180625486","180625795","43","43439933"
"chr1","137185881","137186171","chr1","132671080","132671362","35","4514801"
"chr1","137194723","137194875","chr11","110189195","110189346","19","27005528"
"chr1","137195203","137195526","chr10","33495676","33495976","57","103699527"
"chr1","137278186","137278491","chr1","132766100","132766410","23","4512086"
"chr1","137295588","137295760","chr9","10939703","10939868","52","126355885"
"chr1","137329120","137329422","chr15","103733997","103734299","43","33595123"
"chr1","137366295","137366555","chr1","187363185","187363458","49","49996890"
"chr1","137402106","137402399","chr6","14489347","14489636","55","122912759"
"chr1","137414125","137414411","chr1","43370416","43370709","39","94043709"
"chr1","137475758","137476045","chr14","115986443","115986729","32","21489315"
"chr1","137611207","137611500","chr1","53265096","53265391","37","84346111"
"chr1","137839858","137840152","chr5","61588682","61588978","32","76251176"
"chr1","137902057","137902189","chr19","45249393","45249524","12","92652664"
"chr1","138013999","138014205","chrX","9150025","9150226","31","128863974"
"chr1","138090010","138090314","chr15","106814652","106814952","36","31275358"
"chr1","138191770","138192066","chr1","133749325","133749621","21","4442445"
"chr1","138357828","138358149","chr1","133915603","133915907","49","4442225"
"chr1","138364169","138364470","chr15","409675","409975","34","137954494"
"chr1","138366314","138366606","chr13","61643917","61644204","44","76722397"
"chr1","138371908","138372219","chr4","114775709","114776011","35","23596199"
"chr1","138381166","138381476","chr2","72554016","72554326","40","65827150"
"chr1","138524865","138525163","chr7","31692235","31692534","22","106832630"
"chr1","138594396","138594687","chr4","44696544","44696837","35","93897852"
"chr1","138711569","138711787","chr17","19340513","19340722","42","119371056"
"chr1","138822505","138822755","chr13","39601289","39601539","45","99221216"
"chr1","139073190","139073360","chr10","65561419","65561592","26","73511771"
"chr1","139129515","139129733","chr13","61550125","61550336","23","77579390"
"chr1","139169980","139170274","chr2","107422966","107423258","30","31747014"
"chr1","139185232","139185521","chr3","1691355","1691649","35","137493877"
"chr1","139227274","139227584","chr1","134683663","134683971","31","4543611"
"chr1","139310980","139311291","chr10","72366392","72366697","39","66944588"
"chr1","139317590","139317869","chr1","134777541","134777819","19","4540049"
"chr1","139351572","139351899","chr1","134811794","134812119","38","4539778"
"chr1","139444035","139444217","chr16","48040796","48040975","23","91403239"
"chr1","139445542","139445677","chr20","52631891","52632023","16","86813651"
"chr1","139445701","139445859","chr1","212796029","212796185","44","73350328"
"chr1","139445931","139446055","chr15","14763817","14763930","22","124682114"
"chr1","139461032","139461164","chr7","52682488","52682622","17","86778544"
"chr1","139473311","139473623","chr2","159581108","159581414","40","20107797"
"chr1","139500981","139501187","chr12","106080182","106080390","40","33420799"
"chr1","139505876","139506177","chr1","134965717","134966014","24","4540159"
"chr1","139523154","139523439","chr9","59685986","59686279","38","79837168"
"chr1","139524027","139524324","chr1","134982237","134982532","34","4541790"
"chr1","139530674","139530976","chr20","20141215","20141514","39","119389459"
"chr1","139544443","139544724","chr1","135001977","135002275","39","4542466"
"chr1","139548441","139548735","chr1","135006157","135006457","24","4542284"
"chr1","139550222","139550531","chr1","135007944","135008265","37","4542278"
"chr1","139556221","139556513","chr1","135014303","135014595","23","4541918"
"chr1","139560347","139560653","chr1","135018710","135019013","48","4541637"
"chr1","139574979","139575261","chr6","56014347","56014628","30","83560632"
"chr1","139602087","139602404","chr1","135058206","135058522","38","4543881"
"chr1","139602408","139602706","chr1","135058526","135058826","27","4543882"
"chr1","139605725","139605877","chr20","57010452","57010604","16","82595273"
"chr1","139606203","139606498","chr1","135062402","135062694","46","4543801"
"chr1","139607852","139608159","chr1","135063956","135064263","29","4543896"
"chr1","139611015","139611304","chr1","135067049","135067320","41","4543966"
"chr1","139612394","139612724","chr12","117404296","117404615","45","22208098"
"chr1","139653300","139653479","chr12","38843462","38843639","29","100809838"
"chr1","139698497","139698798","chr4","115355906","115356204","31","24342591"
"chr1","139706946","139707258","chr17","12349214","12349524","37","127357732"
"chr1","139728260","139728384","chr10","62752755","62752877","14","76975505"
"chr1","139728716","139728785","chr1","16024119","16024187","7","123704597"
"chr1","139732716","139733018","chr1","2042296","2042599","44","137690420"
"chr1","139737764","139738075","chr2","175579865","175580176","39","35842101"
"chr1","139824140","139824437","chr1","135310220","135310531","45","4513920"
"chr1","139865582","139865895","chrX","19009078","19009390","40","120856504"
"chr1","139866787","139867059","chr1","135365859","135366132","22","4500928"
"chr1","139895394","139895683","chr3","165332839","165333127","41","25437445"
"chr1","139984341","139984626","chr10","76845223","76845511","35","63139118"
"chr1","139993188","139993290","chr8","41603464","41603564","17","98389724"
"chr1","140015534","140015836","chr13","102314610","102314902","40","37700924"
"chr1","140048541","140048858","chr1","135529092","135529405","30","4519449"
"chr1","140071787","140072081","chr4","40297222","40297520","37","99774565"
"chr1","140092378","140092669","chr1","112580058","112580347","28","27512320"
"chr1","140094983","140095268","chr13","92379163","92379449","38","47715820"
"chr1","140100445","140100753","chr11","104087348","104087659","42","36013097"
"chr1","140140855","140141170","chr1","135611354","135611682","41","4529501"
"chr1","140150647","140150940","chr2","46816455","46816748","40","93334192"
"chr1","140171364","140171652","chr1","151926651","151926935","38","11755287"
"chr1","140177883","140178259","chr18","79032","79400","92","140098851"
"chr1","140191337","140191621","chr12","26806483","26806772","39","113384854"
"chr1","140196473","140196738","chr3","14399123","14399386","57","125797350"
"chr1","140198247","140198332","chr1","20744253","20744338","11","119453994"
"chr1","140198333","140198441","chr16","43450886","43450994","18","96747447"
"chr1","140237216","140237494","chr5","57079136","57079413","42","83158080"
"chr1","140243174","140243461","chr19","44781977","44782268","38","95461197"
"chr1","140245709","140246013","chr1","135674679","135674986","30","4571030"
"chr1","140247382","140247680","chr1","135676356","135676656","34","4571026"
"chr1","140250931","140251205","chr4","158698053","158698327","44","18447122"
"chr1","140252152","140252216","chr1","17743339","17743392","16","122508813"
"chr1","140253332","140253450","chr19","665470","665588","11","139587862"
"chr1","140259251","140259484","chr16","18853603","18853823","32","121405648"
"chr1","140272550","140272858","chr1","135690341","135690658","29","4582209"
"chr1","140283311","140283592","chr1","135699131","135699413","28","4584180"
"chr1","140292049","140292217","chr3","88295825","88295991","21","51996224"
"chr1","140306522","140306801","chr1","135715964","135716241","32","4590558"
"chr1","140362673","140362965","chr1","135766538","135766831","32","4596135"
"chr1","140376178","140376328","chr11","1764341","1764489","23","138611837"
"chr1","140379861","140380160","chr16","25533517","25533810","37","114846344"
"chr1","140383728","140383864","chr5","100874529","100874663","15","39509199"
"chr1","140384157","140384260","chr19","2969698","2969794","18","137414459"
"chr1","140384282","140384365","chr7","126526300","126526388","13","13857982"
"chr1","140384512","140384653","chrX","130438301","130438440","20","9946211"
"chr1","140386495","140386611","chr14","126932023","126932138","13","13454472"
"chr1","140386675","140386833","chr19","3064186","3064354","31","137322489"
"chr1","140387184","140387488","chr7","34134376","34134677","36","106252808"
"chr1","140391732","140392035","chr10","44029738","44030042","41","96361994"
"chr1","140400874","140401083","chr6","175619107","175619314","29","35218233"
"chr1","140403925","140404211","chr2","202930199","202930485","29","62526274"
"chr1","140431076","140431378","chr9","21400822","21401126","37","119030254"
"chr1","140442344","140442555","chr15","43292801","43293028","51","97149543"
"chr1","140451190","140451481","chr3","2986573","2986865","29","137464617"
"chr1","140459949","140460027","chrX","53921180","53921256","11","86538769"
"chr1","140460049","140460161","chr2","69013368","69013473","14","71446681"
"chr1","140473306","140473614","chr9","28459576","28459874","44","112013730"
"chr1","140476160","140476465","chr2","98079559","98079877","42","42396601"
"chr1","140477063","140477373","chr1","135876552","135876853","27","4600511"
"chr1","140481849","140482157","chr1","135881587","135881887","24","4600262"
"chr1","140493949","140494252","chr1","86816862","86817153","42","53677087"
"chr1","140507273","140507549","chr1","135908909","135909188","33","4598364"
"chr1","140514446","140514730","chr18","69690427","69690699","46","70824019"
"chr1","140529320","140529604","chr4","17946850","17947134","35","122582470"
"chr1","140540493","140540636","chrX","130438301","130438440","20","10102192"
"chr1","140555787","140556069","chr11","132437462","132437750","36","8118325"
"chr1","140559140","140559433","chr1","135963403","135963700","24","4595737"
"chr1","140593901","140594213","chr1","135998880","135999182","32","4595021"
"chr1","140615778","140616002","chr9","93284979","93285214","47","47330799"
"chr1","140618456","140618766","chr1","136025903","136026212","33","4592553"
"chr1","140638810","140639097","chr1","46896689","46896978","47","93742121"
"chr1","140643486","140643792","chr8","140565096","140565402","58","78390"
"chr1","140653201","140653511","chr1","136060907","136061216","22","4592294"
"chr1","140669157","140669485","chr10","67021284","67021603","46","73647873"
"chr1","140673360","140673624","chr1","136080144","136080416","26","4593216"
"chr1","140677527","140677825","chr1","142214846","142215140","48","1537319"
"chr1","140694913","140695226","chr1","136101360","136101669","27","4593553"
"chr1","140701343","140701606","chr20","30734967","30735230","32","109966376"
"chr1","140702450","140702749","chr1","136104157","136104456","23","4598293"
"chr1","140712098","140712304","chr1","136113159","136113362","12","4598939"
"chr1","140722410","140722675","chr1","136123873","136124158","39","4598537"
"chr1","140735137","140735449","chrX","130805280","130805591","44","9929857"
"chr1","140748980","140749289","chr1","136156228","136156533","27","4592752"
"chr1","140878679","140878814","chr2","109524394","109524533","28","31354285"
"chr1","140892134","140892384","chr11","68130617","68130869","36","72761517"
"chr1","140894131","140894383","chr1","129089131","129089396","49","11805000"
"chr1","140899578","140899876","chr1","136407608","136407893","30","4491970"
"chr1","140937038","140937348","chr1","136453901","136454213","25","4483137"
"chr1","140956086","140956431","chr1","136475479","136475812","36","4480607"
"chr1","140957699","140957747","chr10","28719207","28719255","4","112238492"
"chr1","140984482","140984690","chr17","30707769","30707930","100","110276713"
"chr1","140984963","140985098","chr10","31067832","31067967","8","109917131"
"chr1","141107560","141107877","chrX","48676443","48676743","38","92431117"
"chr1","141113452","141113739","chr4","19936763","19937047","26","121176689"
"chr1","141154029","141154222","chr7","133114354","133114541","38","8039675"
"chr1","141186649","141186910","chr1","136748844","136749089","38","4437805"
"chr1","141242581","141242760","chr9","95543227","95543407","33","45699354"
"chr1","141253916","141254206","chr7","82723801","82724095","37","58530115"
"chr1","141366478","141366581","chr2","192895706","192895816","22","51529228"
"chr1","141486915","141487167","chr10","13684885","13685136","32","127802030"
"chr1","141563509","141563816","chr1","137137877","137138185","30","4425632"
"chr1","141620909","141621207","chr1","12636005","12636305","43","128984904"
"chr1","141635467","141635761","chr1","137213415","137213709","23","4422052"
"chr1","141658023","141658317","chr1","137233538","137233832","23","4424485"
"chr1","141665928","141666230","chr1","137234344","137234654","32","4431584"
"chr1","141690453","141690640","chr3","182382271","182382470","34","40691818"
"chr1","141705793","141706077","chr16","15837110","15837391","37","125868683"
"chr1","141724549","141724718","chr20","3048277","3048442","28","138676272"
"chr1","141742223","141742400","chr9","95351943","95352120","26","46390280"
"chr1","141748305","141748604","chr10","37249410","37249706","35","104498895"
"chr1","141769945","141770165","chr14","111685372","111685596","36","30084573"
"chr1","141787069","141787375","chr1","137358308","137358610","23","4428761"
"chr1","141788421","141788549","chr16","46801482","46801595","53","94986939"
"chr1","141788553","141788829","chr1","137359917","137360188","25","4428636"
"chr1","141795829","141795983","chr19","16091386","16091542","29","125704443"
"chr1","141796486","141796802","chr1","137367804","137368112","34","4428682"
"chr1","141804627","141804798","chr2","75701337","75701508","43","66103290"
"chr1","141804950","141805245","chr1","137376387","137376682","25","4428563"
"chr1","141806308","141806612","chr1","137377743","137378048","25","4428565"
"chr1","141809192","141809485","chr14","7643073","7643368","35","134166119"
"chr1","141817885","141818185","chr13","8790081","8790373","35","133027804"
"chr1","141824687","141824976","chr1","137402318","137402608","25","4422369"
"chr1","141829272","141829406","chr6","149897545","149897677","16","8068273"
"chr1","141851932","141852107","chr7","25785669","25785843","25","116066263"
"chr1","141857604","141857892","chr13","75157859","75158148","35","66699745"
"chr1","141907041","141907193","chr9","2136005","2136157","26","139771036"
"chr1","142057167","142057469","chr1","204805502","204805811","39","62748335"
"chr1","142077067","142077338","chr12","112336857","112337127","42","29740210"
"chr1","142163142","142163438","chrX","52553550","52553847","44","89609592"
"chr1","142201703","142202031","chr5","1167155","1167460","66","141034548"
"chr1","142219507","142219787","chr1","204643769","204644046","26","62424262"
"chr1","142260828","142261115","chr1","101038701","101038989","40","41222127"
"chr1","142268053","142268366","chr1","204602026","204602333","37","62333973"
"chr1","142353867","142354149","chr1","204523641","204523923","20","62169774"
"chr1","142363243","142363555","chr1","204514121","204514431","38","62150878"
"chr1","142393394","142393689","chr1","204486478","204486784","39","62093084"
"chr1","142395395","142395646","chr1","204484515","204484764","21","62089120"
"chr1","142440181","142440477","chr6","37848661","37848959","51","104591520"
"chr1","142456503","142456815","chr5","2380450","2380750","46","140076053"
"chr1","142470606","142470760","chr2","163113225","163113381","28","20642619"
"chr1","142470786","142470905","chr16","51668838","51668957","19","90801948"
"chr1","142596064","142596331","chr1","204286568","204286834","25","61690504"
"chr1","142732224","142732511","chr17","84253577","84253865","54","58478647"
"chr1","142745111","142745228","chr16","71048486","71048602","11","71696625"
"chr1","142844704","142845002","chr5","144613467","144613777","40","1768763"
"chr1","142952461","142952741","chr2","109192728","109193016","48","33759733"
"chr1","143062548","143062755","chr3","40154321","40154521","29","102908227"
"chr1","143068903","143069017","chr16","54191184","54191299","14","88877719"
"chr1","143108461","143108669","chr10","61268396","61268605","35","81840065"
"chr1","143121559","143121852","chr8","118741885","118742176","37","24379674"
"chr1","143281804","143282088","chr1","203637566","203637850","29","60355762"
"chr1","143534730","143534881","chr20","65902013","65902162","18","77632717"
"chr1","143541069","143541365","chr11","4418367","4418664","36","139122702"
"chr1","143545222","143545529","chr1","203386532","203386839","30","59841310"
"chr1","143578587","143578873","chr15","110406639","110406933","39","33171948"
"chr1","143599008","143599302","chr1","203328840","203329143","33","59729832"
"chr1","143663905","143664198","chr3","2986573","2986865","33","140677332"
"chr1","143666692","143666996","chr5","8289100","8289402","47","135377592"
"chr1","143670038","143670337","chr1","203207566","203207872","29","59537528"
"chr1","143688607","143688918","chr1","203194408","203194704","36","59505801"
"chr1","143693544","143693795","chr1","203189589","203189826","42","59496045"
"chr1","143698656","143698951","chr1","203183013","203183308","26","59484357"
"chr1","143731740","143732035","chr5","51540643","51540938","36","92191097"
"chr1","143732056","143732317","chr15","9200287","9200544","41","134531769"
"chr1","143761703","143762013","chr15","42266168","42266476","38","101495535"
"chr1","143851794","143852094","chr1","203028176","203028467","36","59176382"
"chr1","143880681","143880976","chr1","202999002","202999307","39","59118321"
"chr1","143955913","143956248","chr1","202923336","202923647","48","58967423"
"chr1","144011682","144011993","chr1","202866440","202866751","23","58854758"
"chr1","144044205","144044516","chr16","23838320","23838626","34","120205885"
"chr1","144052153","144052462","chr12","65638628","65638939","35","78413525"
"chr1","144146119","144146427","chr6","132252560","132252866","38","11893559"
"chr1","144319295","144319601","chr1","202573061","202573371","28","58253766"
"chr1","144368864","144369158","chr3","36442876","36443174","36","107925988"
"chr1","144524862","144525206","chr1","84297819","84298151","59","60227043"
"chr1","144601081","144601373","chr3","176405182","176405472","48","31804101"
"chr1","144616657","144616812","chr16","4847413","4847578","26","139769244"
"chr1","144643716","144644028","chr1","202246682","202246996","38","57602966"
"chr1","144817769","144817964","chr4","130421985","130422172","36","14395784"
"chr1","144857625","144857921","chrX","44429429","44429724","30","100428196"
"chr1","144878391","144878688","chr1","202003278","202003577","27","57124887"
"chr1","144895623","144895917","chr1","201985692","201985993","34","57090069"
"chr1","144896124","144896430","chr1","201985186","201985488","31","57089062"
"chr1","144910793","144911104","chr1","201970048","201970359","38","57059255"
"chr1","144923004","144923330","chr1","201900773","201901091","42","56977769"
"chr1","144925897","144926206","chr1","201897091","201897400","36","56971194"
"chr1","144935070","144935368","chr1","201885284","201885596","38","56950214"
"chr1","144938055","144938331","chr2","163127277","163127555","37","18189222"
"chr1","144954465","144954734","chr1","201865476","201865733","31","56911011"
"chr1","144972723","144973034","chr1","128110100","128110410","35","16862623"
"chr1","144981372","144981683","chr1","201838583","201838888","29","56857211"
"chr1","145005537","145005844","chr10","20867748","20868053","42","124137789"
"chr1","145032241","145032550","chr1","201792063","201792379","38","56759822"
"chr1","145052228","145052539","chr1","201772559","201772870","16","56720331"
"chr1","145108668","145108967","chr1","201714431","201714739","26","56605763"
"chr1","145252395","145252652","chr1","201560908","201561151","32","56308513"
"chr1","145425119","145425421","chr1","201392725","201393019","27","55967606"
"chr1","145470422","145470709","chr1","201360911","201361183","30","55890489"
"chr1","145471293","145471607","chr1","212358433","212358759","69","66887140"
"chr1","145586055","145586247","chr1","201251638","201251830","18","55665583"
"chr1","145926811","145927105","chr1","200966519","200966808","36","55039708"
"chr1","145962919","145963211","chr20","15493684","15493987","44","130469235"
"chr1","146049851","146050007","chr1","74610219","74610377","23","71439632"
"chr1","146098831","146099116","chr1","200836750","200837033","13","54737919"
"chr1","146178493","146178797","chr1","200757608","200757919","34","54579115"
"chr1","146221185","146221426","chr1","200714247","200714487","21","54493062"
"chr1","146270724","146270997","chr13","32253035","32253303","39","114017689"
"chr1","146282413","146282706","chr1","34320242","34320540","33","111962171"
"chr1","146284430","146284721","chr3","45368916","45369215","42","100915514"
"chr1","146286696","146286999","chr4","170626839","170627148","49","24340143"
"chr1","146403511","146403815","chr19","7738284","7738589","39","138665227"
"chr1","146409069","146409169","chr5","167556974","167557068","18","21147905"
"chr1","146416989","146417288","chr10","11888642","11888935","40","134528347"
"chr1","146420069","146420380","chr1","200466099","200466410","28","54046030"
"chr1","146422489","146422762","chr1","200463740","200464030","44","54041251"
"chr1","146429638","146429960","chr1","200457510","200457825","37","54027872"
"chr1","146450910","146451206","chr11","120098123","120098418","32","26352787"
"chr1","146461790","146462101","chr4","137421011","137421314","39","9040779"
"chr1","146470161","146470346","chr13","66474968","66475153","27","79995193"
"chr1","146470442","146470558","chr2","94297725","94297837","15","52172717"
"chr1","146488037","146488334","chr1","200397944","200398240","21","53909907"
"chr1","146497992","146498176","chr9","60169079","60169227","47","86328913"
"chr1","146498374","146498656","chr1","200387698","200387979","27","53889324"
"chr1","146519204","146519504","chr1","200366795","200367096","22","53847591"
"chr1","146520520","146520678","chr19","9046978","9047126","29","137473542"
"chr1","146523615","146523918","chr1","200362360","200362649","37","53838745"
"chr1","146526485","146526797","chr1","200359488","200359796","35","53833003"
"chr1","146530353","146530524","chr10","60024226","60024404","35","86506127"
"chr1","146535240","146535533","chr1","200353835","200354128","27","53818595"
"chr1","146542028","146542329","chr10","83639368","83639668","45","62902660"
"chr1","146667554","146667848","chr1","200229701","200229994","24","53562147"
"chr1","146677650","146677931","chr13","16186245","16186530","34","130491405"
"chr1","146688158","146688465","chr10","74888195","74888498","33","71799963"
"chr1","146702325","146702631","chr10","12541086","12541391","31","134161239"
"chr1","146767159","146767449","chr1","200126894","200127187","20","53359735"
"chr1","146769926","146770235","chr1","14463479","14463782","33","132306447"
"chr1","146775654","146775952","chr1","200118439","200118743","29","53342785"
"chr1","146790883","146791184","chr1","200103092","200103400","28","53312209"
"chr1","146792407","146792716","chr5","145522238","145522546","39","1270169"
"chr1","146795498","146795791","chr3","1691355","1691649","33","145104143"
"chr1","146802351","146802643","chr1","200092581","200092874","36","53290230"
"chr1","146803485","146803795","chr1","200091463","200091762","38","53287978"
"chr1","146805612","146805882","chr1","200089361","200089647","33","53283749"
"chr1","146843445","146843657","chr1","128859470","128859681","38","17983975"
"chr1","146867802","146868111","chr1","200028486","200028781","27","53160684"
"chr1","146880520","146880824","chr1","200015745","200016040","40","53135225"
"chr1","146883765","146884055","chr1","140166438","140166735","42","6717327"
"chr1","146904928","146905229","chr1","199991877","199992187","31","53086949"
"chr1","146925482","146925796","chr16","8401738","8402049","33","138523744"
"chr1","146931965","146932281","chr1","199963130","199963441","30","53031165"
"chr1","146935484","146935595","chr3","170149873","170149973","20","23214389"
"chr1","146936076","146936279","chr5","40431566","40431770","31","106504510"
"chr1","146946717","146946963","chr1","199946784","199947032","19","53000067"
"chr1","146952523","146952809","chrX","117428205","117428490","42","29524318"
"chr1","146955776","146956005","chr6","32692076","32692314","37","114263700"
"chr1","146958108","146958406","chr1","199938266","199938559","26","52980158"
"chr1","147007132","147007446","chr1","199891605","199891920","29","52884473"
"chr1","147013189","147013229","chr14","6969528","6969568","5","140043661"
"chr1","147032523","147032820","chr12","62026301","62026598","28","85006222"
"chr1","147044281","147044571","chr1","51464788","51465074","41","95579493"
"chr1","147045078","147045375","chr1","51432673","51432969","35","95612405"
"chr1","147050488","147050622","chr10","31067832","31067967","13","115982656"
"chr1","147110299","147110496","chr10","77155629","77155828","23","69954670"
"chr1","147111007","147111108","chr1","94182742","94182844","19","52928265"
"chr1","147118529","147118822","chr14","57139445","57139737","36","89979084"
"chr1","147136726","147137015","chr17","56718403","56718690","36","90418323"
"chr1","147146426","147146697","chr1","199760078","199760348","30","52613652"
"chr1","147147992","147148304","chr1","199758505","199758810","22","52610513"
"chr1","147161482","147161705","chr2","46084052","46084278","30","101077430"
"chr1","147178113","147178395","chr3","4647021","4647302","34","142531092"
"chr1","147181122","147181416","chr1","123659247","123659540","34","23521875"
"chr1","147187348","147187641","chr6","78630140","78630431","34","68557208"
"chr1","147195883","147195997","chr2","149745994","149746108","21","2550111"
"chr1","147196642","147196772","chr1","31761742","31761876","19","115434900"
"chr1","147205154","147205433","chr1","199698491","199698774","25","52493337"
"chr1","147227017","147227317","chr1","199675650","199675948","26","52448633"
"chr1","147239855","147240150","chr1","199662493","199662790","31","52422638"
"chr1","147285123","147285440","chr1","199617020","199617329","36","52331897"
"chr1","147323480","147323781","chr1","199579268","199579562","36","52255788"
"chr1","147345729","147346022","chr20","8006906","8007198","32","139338823"
"chr1","147356379","147356675","chr20","56831413","56831703","35","90524966"
"chr1","147364685","147365008","chr1","199539060","199539389","26","52174375"
"chr1","147367007","147367265","chr20","65817330","65817597","38","81549677"
"chr1","147368713","147368999","chr1","37071095","37071392","42","110297618"
"chr1","147376224","147376524","chr1","199529175","199529487","31","52152951"
"chr1","147383416","147383722","chr10","8067924","8068228","33","139315492"
"chr1","147394023","147394132","chr2","69013368","69013473","15","78380655"
"chr1","147394399","147394534","chr3","2774534","2774668","16","144619865"
"chr1","147394802","147395085","chr7","68687687","68687968","43","78707115"
"chr1","147395365","147395657","chr1","123659247","123659540","32","23736118"
"chr1","147398804","147398989","chr20","54454954","54455134","29","92943850"
"chr1","147399530","147399732","chr9","64092759","64092968","43","83306771"
"chr1","147421624","147421934","chr1","199482457","199482753","28","52060833"
"chr1","147426661","147426972","chr1","199477366","199477677","25","52050705"
"chr1","147428967","147429231","chr4","32907514","32907771","66","114521453"
"chr1","147433372","147433685","chr1","199470971","199471273","35","52037599"
"chr1","147465170","147465453","chr1","199438918","199439213","36","51973748"
"chr1","147470487","147470770","chr1","199433627","199433908","25","51963140"
"chr1","147501625","147501845","chr1","199402350","199402570","19","51900725"
"chr1","147506202","147506509","chr1","199397917","199398217","34","51891715"
"chr1","147508433","147508578","chr1","202825790","202825940","27","55317357"
"chr1","147533111","147533423","chr9","56905453","56905754","54","90627658"
"chr1","147566073","147566358","chr3","170738078","170738362","41","23172005"
"chr1","147599441","147599741","chr15","46599094","46599392","33","101000347"
"chr1","147738468","147738765","chr1","199158474","199158755","38","51420006"
"chr1","147957833","147958086","chr12","114041553","114041796","52","33916280"
"chr1","148170955","148171253","chr1","198688538","198688839","20","50517583"
"chr1","148233963","148234188","chr16","9675962","9676190","38","138558001"
"chr1","148234514","148234816","chr7","139117398","139117700","42","9117116"
"chr1","148321027","148321322","chr1","198530220","198530505","25","50209193"
"chr1","148323272","148323571","chr1","198528024","198528322","27","50204752"
"chr1","148331476","148331767","chr6","64801784","64802074","33","83529692"
"chr1","148348478","148348790","chr1","21394618","21394926","37","126953860"
"chr1","148359517","148359818","chr11","48147631","48147935","38","100211886"
"chr1","148377157","148377432","chr13","65708117","65708395","39","82669040"
"chr1","148381974","148382284","chr5","17032715","17033026","37","131349259"
"chr1","148389296","148389599","chr14","104135876","104136178","28","44253420"
"chr1","148439602","148439898","chrX","44429429","44429724","43","104010173"
"chr1","148492265","148492534","chr1","198329836","198330099","34","49837571"
"chr1","148509005","148509270","chr1","139650554","139650817","41","8858451"
"chr1","148633449","148633722","chr1","198193938","198194186","42","49560489"
"chr1","148666969","148667207","chr3","177861438","177861697","57","29194469"
"chr1","148751295","148751627","chr1","198077294","198077606","41","49325999"
"chr1","148777530","148777821","chr1","198051698","198051989","19","49274168"
"chr1","148839019","148839318","chr1","197989548","197989842","30","49150529"
"chr1","148939961","148940211","chr4","27718662","27718911","34","121221299"
"chr1","148949162","148949456","chr1","197878993","197879298","36","48929831"
"chr1","148994193","148994503","chr1","197829141","197829458","48","48834948"
"chr1","149029863","149030116","chr4","38139928","38140171","45","110889935"
"chr1","149030809","149031103","chr1","197792566","197792865","29","48761757"
"chr1","149084286","149084578","chr1","51625415","51625707","35","97458871"
"chr1","149199661","149199878","chr3","36859317","36859495","61","112340344"
"chr1","149227831","149228144","chr1","197598505","197598814","30","48370674"
"chr1","149243400","149243732","chr7","37320083","37320394","55","111923317"
"chr1","149370494","149370772","chr16","9395172","9395452","38","139975322"
"chr1","149409190","149409501","chrX","23558557","23558868","33","125850633"
"chr1","149563564","149563852","chr20","8006906","8007198","37","141556658"
"chr1","149692998","149693120","chr3","68756682","68756807","13","80936316"
"chr1","149693584","149693801","chr2","107869245","107869436","63","41824339"
"chr1","149700870","149701160","chr1","197142559","197142856","36","47441689"
"chr1","149724218","149724498","chr1","197119494","197119791","43","47395276"
"chr1","149766362","149766672","chr1","197077064","197077363","39","47310702"
"chr1","149786816","149787097","chr9","28557973","28558254","42","121228843"
"chr1","149829886","149830189","chr1","197015768","197016062","36","47185882"
"chr1","149840464","149840787","chr3","171450118","171450434","58","21609654"
"chr1","149843556","149843656","chr4","5039959","5040053","14","144803597"
"chr1","149844221","149844427","chr3","3200882","3201085","30","146643339"
"chr1","149984241","149984542","chr1","196860795","196861093","23","46876554"
"chr1","150055687","150055806","chrX","64859787","64859905","22","85195900"
"chr1","150128113","150128393","chr16","58964634","58964913","31","91163479"
"chr1","150178864","150179130","chr1","196667481","196667744","33","46488617"
"chr1","150301913","150302207","chr6","73393768","73394067","40","76908145"
"chr1","150362752","150363057","chr8","131575102","131575406","36","18787650"
"chr1","150382286","150382343","chrX","130692874","130692925","12","19689412"
"chr1","150386524","150386815","chr1","196448679","196448972","27","46062155"
"chr1","150397501","150397639","chr6","56602654","56602794","30","93794847"
"chr1","150406232","150406528","chr1","196429842","196430149","35","46023610"
"chr1","150468973","150469148","chr16","1066025","1066200","24","149402948"
"chr1","150560018","150560310","chr1","210738800","210739095","46","60178782"
"chr1","150560919","150561084","chr1","9166384","9166552","35","141394535"
"chr1","150594418","150594719","chr13","64879527","64879826","36","85714891"
"chr1","150629735","150629874","chr5","57657275","57657408","21","92972460"
"chr1","150643712","150644044","chr7","113559810","113560113","60","37083902"
"chr1","150667753","150668065","chr1","196112252","196112561","34","45444499"
"chr1","150671568","150671872","chr1","196108852","196109151","29","45437284"
"chr1","150677263","150677563","chr1","24173970","24174272","30","126503293"
"chr1","150711494","150711794","chr1","36905300","36905598","37","113806194"
"chr1","150729621","150729893","chr1","196053596","196053868","23","45323975"
"chr1","150732119","150732419","chr1","51432673","51432969","41","99299446"
"chr1","150736865","150736975","chr20","69598749","69598860","11","81138116"
"chr1","150753668","150753950","chr1","37954757","37955032","34","112798911"
"chr1","150803219","150803351","chr3","13246368","13246494","13","137556851"
"chr1","150803820","150804012","chr1","195979970","195980161","19","45176150"
"chr1","150825642","150825951","chr1","195964643","195964953","22","45139001"
"chr1","150827941","150828254","chr11","104132792","104133102","39","46695149"
"chr1","150836927","150837227","chr1","195952255","195952553","19","45115328"
"chr1","150839841","150839956","chr1","128607504","128607619","12","22232337"
"chr1","150862380","150862600","chr8","29302577","29302805","24","121559803"
"chr1","150865023","150865274","chr17","76426677","76426924","31","74438346"
"chr1","150871203","150871498","chr11","122201688","122201982","39","28669515"
"chr1","150881474","150881644","chr1","66836166","66836336","29","84045308"
"chr1","150881650","150881956","chr9","83008492","83008788","48","67873158"
"chr1","150882731","150883044","chr9","123426880","123427186","38","27455851"
"chr1","150886808","150887104","chr1","195903441","195903740","27","45016633"
"chr1","150928300","150928588","chr16","10710589","10710878","36","140217711"
"chr1","150936604","150936877","chr20","22316603","22316874","33","128620001"
"chr1","150950680","150950956","chr3","5192807","5193084","40","145757873"
"chr1","150953605","150953674","chr6","67382192","67382262","5","83571413"
"chr1","150955089","150955389","chr1","195842300","195842604","25","44887211"
"chr1","150985960","150986176","chr16","9675962","9676190","40","141309998"
"chr1","151059318","151059609","chr1","195744185","195744481","24","44684867"
"chr1","151076713","151077008","chr15","14879367","14879661","27","136197346"
"chr1","151161172","151161468","chr1","195592801","195593098","32","44431629"
"chr1","151309815","151310100","chr3","164933918","164934206","38","13624103"
"chr1","151505063","151505358","chr1","195258987","195259277","28","43753924"
"chr1","151595951","151596244","chr10","30442537","30442830","31","121153414"
"chr1","151603154","151603443","chr4","18466227","18466514","32","133136927"
"chr1","151690212","151690386","chr7","25785669","25785843","30","125904543"
"chr1","151690431","151690555","chr18","46064823","46064946","17","105625608"
"chr1","151718148","151718467","chr2","41291254","41291571","43","110426894"
"chr1","151765617","151765869","chr1","195000614","195000865","22","43234997"
"chr1","151790296","151790598","chr2","180917983","180918284","35","29127687"
"chr1","151834701","151834987","chr1","194925956","194926244","20","43091255"
"chr1","151887800","151888085","chr1","194874563","194874850","22","42986763"
"chr1","151929983","151930294","chr3","10762694","10763001","40","141167289"
"chr1","151946228","151946523","chr6","44313901","44314193","44","107632327"
"chr1","152013394","152013684","chr1","140148617","140148908","34","11864777"
"chr1","152013983","152014271","chr14","80785559","80785851","42","71228424"
"chr1","152143985","152144277","chr1","123659247","123659540","30","28484738"
"chr1","152152026","152152323","chr1","194600113","194600405","30","42448087"
"chr1","152215022","152215141","chr7","139104429","139104548","21","13110593"
"chr1","152289174","152289401","chr14","5368793","5369028","45","146920381"
"chr1","152397652","152397932","chr14","66464520","66464814","48","85933132"
"chr1","152499813","152500000","chr1","22526172","22526359","26","129973641"
"chr1","152578651","152578894","chr1","194190372","194190611","24","41611721"
"chr1","152658664","152658942","chr2","56752611","56752888","42","95906053"
"chr1","152660146","152660281","chr19","7938276","7938409","12","144721870"
"chr1","152744810","152745112","chr1","194038670","194038970","32","41293860"
"chr1","152778707","152779021","chr1","194004280","194004592","27","41225573"
"chr1","152782851","152783008","chr1","223601810","223601966","23","70818959"
"chr1","152809372","152809677","chr1","193981487","193981796","24","41172115"
"chr1","152831803","152832111","chr1","193952659","193952965","19","41120856"
"chr1","152846105","152846393","chrX","23351237","23351529","43","129494868"
"chr1","152880289","152880593","chr1","193904094","193904389","32","41023805"
"chr1","152896206","152896499","chr1","193888634","193888928","48","40992428"
"chr1","152917185","152917482","chr3","41130046","41130344","34","111787139"
"chr1","152926021","152926177","chr7","151280672","151280824","29","1645349"
"chr1","152958741","152959044","chr1","193836917","193837221","17","40878176"
"chr1","153001017","153001319","chr1","193798085","193798381","25","40797068"
"chr1","153024965","153025258","chr1","193773146","193773442","23","40748181"
"chr1","153040537","153040834","chr7","43358173","43358469","39","109682364"
"chr1","153061274","153061568","chr1","193734560","193734848","28","40673286"
"chr1","153063307","153063613","chr1","193724474","193724779","31","40661167"
"chr1","153071589","153071887","chr2","111123439","111123734","36","41948150"
"chr1","153089429","153089723","chr1","25763833","25764134","52","127325596"
"chr1","153098513","153098802","chr15","91905165","91905453","37","61193348"
"chr1","153149833","153150138","chr7","67586772","67587075","36","85563061"
"chr1","153158325","153158509","chr10","17022071","17022251","24","136136254"
"chr1","153163527","153163755","chr19","43625773","43626006","31","109537754"
"chr1","153166991","153167178","chrX","8050623","8050811","37","145116368"
"chr1","153170880","153171169","chr1","193613282","193613583","33","40442402"
"chr1","153174211","153174498","chr1","193609513","193609802","27","40435302"
"chr1","153174685","153174967","chr15","40988593","40988874","35","112186092"
"chr1","153176779","153177084","chr2","203095842","203096145","36","49919063"
"chr1","153180745","153181052","chr1","193602867","193603166","31","40422122"
"chr1","153194941","153194999","chr10","86868851","86868915","12","66326090"
"chr1","153196694","153197011","chr1","193586245","193586559","25","40389551"
"chr1","153202627","153202930","chr12","38115992","38116300","36","115086635"
"chr1","153214249","153214415","chr4","4726770","4726935","29","148487479"
"chr1","153215277","153215587","chr6","68100155","68100459","39","85115122"
"chr1","153224556","153224681","chrX","23895961","23896086","16","129328595"
"chr1","153224843","153224953","chr7","162463371","162463476","21","9238528"
"chr1","153236125","153236415","chr4","160154070","160154363","41","6917945"
"chr1","153261752","153261884","chr5","3251194","3251329","12","150010558"
"chr1","153265217","153265514","chr1","193516520","193516824","24","40251303"
"chr1","153271553","153271758","chr9","45360392","45360590","34","107911161"
"chr1","153275187","153275295","chr1","212121416","212121513","31","58846229"
"chr1","153276948","153276985","chrX","41233833","41233871","10","112043115"
"chr1","153287514","153287819","chr1","193496156","193496456","25","40208642"
"chr1","153289705","153289813","chr2","43923383","43923493","23","109366322"
"chr1","153296697","153296942","chr10","61029967","61030201","39","92266730"
"chr1","153303272","153303522","chr15","106581708","106581960","35","46721564"
"chr1","153308090","153308381","chr6","150076416","150076707","33","3231674"
"chr1","153325340","153325651","chr9","70581104","70581405","36","82744236"
"chr1","153331633","153331913","chr19","3332154","3332428","34","149999479"
"chr1","153353443","153353751","chr1","193427847","193428146","33","40074404"
"chr1","153411240","153411536","chr1","193366308","193366604","33","39955068"
"chr1","153431264","153431537","chr1","193336485","193336758","16","39905221"
"chr1","153554606","153554897","chr1","193221350","193221645","32","39666744"
"chr1","153631054","153631363","chr1","193150661","193150969","22","39519607"
"chr1","153631968","153632253","chr1","193149766","193150059","40","39517798"
"chr1","153675587","153675876","chr1","193109594","193109887","33","39434007"
"chr1","153702730","153703021","chr16","18242235","18242525","41","135460495"
"chr1","153798402","153798700","chr4","136270976","136271273","35","17527426"
"chr1","153806772","153807068","chr1","192992536","192992836","26","39185764"
"chr1","153842740","153843019","chr1","192965883","192966163","32","39123143"
"chr1","153850794","153851070","chr3","116942614","116942891","54","36908180"
"chr1","153872789","153873093","chr7","68708818","68709123","33","85163971"
"chr1","153876169","153876450","chr1","192936587","192936870","20","39060418"
"chr1","153882947","153883103","chr16","70039632","70039788","21","83843315"
"chr1","153907889","153908184","chr1","192908367","192908649","43","39000478"
"chr1","153922467","153922767","chrX","8978538","8978833","41","144943929"
"chr1","153947159","153947417","chr2","110082638","110082896","33","43864521"
"chr1","153974281","153974571","chr1","192852185","192852475","28","38877904"
"chr1","153989897","153990183","chr1","192779591","192779890","39","38789694"
"chr1","154004402","154004705","chr7","113559810","113560113","35","40444592"
"chr1","154006003","154006288","chr1","192764557","192764831","31","38758554"
"chr1","154037338","154037623","chr1","192731600","192731880","30","38694262"
"chr1","154040607","154040896","chr1","192728343","192728633","34","38687736"
"chr1","154047058","154047355","chr1","192721209","192721508","20","38674151"
"chr1","154067399","154067676","chr7","79156299","79156571","40","74911100"
"chr1","154075630","154075785","chr19","41846791","41846948","23","112228839"
"chr1","154078056","154078343","chr1","87274301","87274590","38","66803755"
"chr1","154092900","154093191","chr3","2986573","2986865","37","151106327"
"chr1","154118941","154119197","chrX","50801346","50801605","45","103317595"
"chr1","154143992","154144303","chr7","167695774","167696082","35","13551782"
"chr1","154182443","154182739","chr9","59823660","59823958","35","94358783"
"chr1","154194269","154194575","chr1","156337810","156338115","37","2143541"
"chr1","154219144","154219447","chr1","192538013","192538320","26","38318869"
"chr1","154224701","154225016","chr1","192530433","192530749","29","38305732"
"chr1","154226806","154227092","chr1","192528268","192528558","25","38301462"
"chr1","154440400","154440600","chr11","2904691","2904882","33","151535709"
"chr1","154537063","154537371","chr1","192230178","192230486","30","37693115"
"chr1","154563010","154563321","chr1","192204096","192204406","23","37641086"
"chr1","154577831","154578136","chr1","192188964","192189271","26","37611133"
"chr1","154621879","154622175","chr14","115306587","115306883","34","39315292"
"chr1","154663932","154664227","chr12","106121161","106121452","30","48542771"
"chr1","154707429","154707712","chrX","114314663","114314949","36","40392766"
"chr1","154707753","154707778","chr5","25023194","25023218","5","129684559"
"chr1","154957634","154957948","chr1","191806792","191807097","35","36849158"
"chr1","154964509","154964822","chr1","191799937","191800248","33","36835428"
"chr1","155138202","155138512","chr1","191619218","191619522","28","36481016"
"chr1","155146136","155146391","chr1","191611116","191611366","42","36464980"
"chr1","155178171","155178258","chr3","54039458","54039545","13","101138713"
"chr1","155186081","155186377","chr7","44325103","44325398","29","110860978"
"chr1","155209088","155209380","chr3","62999264","62999556","36","92209824"
"chr1","155238900","155239048","chr6","23686003","23686144","30","131552897"
"chr1","155240435","155240712","chr1","191527422","191527724","47","36286987"
"chr1","155261791","155261988","chr6","155844308","155844505","29","582517"
"chr1","155262401","155262509","chrX","127885638","127885748","19","27376763"
"chr1","155262513","155262804","chr14","6901000","6901287","43","148361513"
"chr1","155273668","155273945","chr9","30034233","30034515","37","125239435"
"chr1","155289447","155289747","chr8","22296831","22297127","33","132992616"
"chr1","155310262","155310420","chr16","6858537","6858688","26","148451725"
"chr1","155324746","155325056","chr1","191445632","191445936","33","36120886"
"chr1","155333794","155334054","chr1","139650554","139650817","33","15683240"
"chr1","155375251","155375536","chr1","191395336","191395628","26","36020085"
"chr1","155383776","155384044","chr5","140003061","140003335","45","15380715"
"chr1","155392064","155392207","chr4","158835451","158835593","28","3443387"
"chr1","155426974","155427254","chr1","142214846","142215140","46","13212128"
"chr1","155433837","155434170","chr1","191335610","191335944","27","35901773"
"chr1","155438967","155439213","chr4","153518820","153519072","34","1920147"
"chr1","155441876","155442188","chr1","191327576","191327881","22","35885700"
"chr1","155464947","155465240","chr1","191304044","191304336","32","35839097"
"chr1","155604495","155604805","chr11","50569364","50569671","45","105035131"
"chr1","156028771","156029081","chr2","202403614","202403920","40","46374843"
"chr1","156053607","156053894","chr1","101799784","101800074","37","54253823"
"chr1","156336383","156336642","chr1","190444134","190444393","26","34107751"
"chr1","156357316","156357628","chr1","190422803","190423111","33","34065487"
"chr1","156397690","156397862","chr16","54072124","54072295","26","102325566"
"chr1","156465013","156465184","chr19","36532763","36532930","30","119932250"
"chr1","156607865","156608160","chr1","190171816","190172117","26","33563951"
"chr1","156689189","156689496","chr1","92797768","92798069","43","63891421"
"chr1","156739555","156739755","chr2","204638025","204638229","41","47898470"
"chr1","156891741","156891813","chr14","30843292","30843367","11","126048449"
"chr1","156987647","156987947","chr1","189802587","189802887","29","32814940"
"chr1","157102891","157103097","chr11","120671283","120671499","37","36431608"
"chr1","157172622","157172933","chr1","10234104","10234413","35","146938518"
"chr1","157176417","157176714","chr1","189573499","189573812","39","32397082"
"chr1","157243498","157243806","chr19","12166905","12167203","35","145076593"
"chr1","157309393","157309706","chr1","189399290","189399611","42","32089897"
"chr1","157328018","157328314","chr5","23750395","23750692","37","133577623"
"chr1","157339280","157339582","chr16","55613093","55613398","34","101726187"
"chr1","157354240","157354534","chr1","189352474","189352772","27","31998234"
"chr1","157366222","157366478","chr3","8283852","8284118","44","149082370"
"chr1","157369228","157369505","chr1","189338744","189339022","19","31969516"
"chr1","157411706","157411988","chr1","189286133","189286410","32","31874427"
"chr1","157422669","157422959","chr11","49132682","49132972","33","108289987"
"chr1","157430940","157431242","chr10","60369547","60369856","38","97061393"
"chr1","157441040","157441337","chr1","220883377","220883674","34","63442337"
"chr1","157460939","157461222","chr3","49308343","49308623","37","108152596"
"chr1","157469196","157469341","chr7","120346484","120346633","22","37122712"
"chr1","157492224","157492550","chr16","8401738","8402049","58","149090486"
"chr1","157500105","157500377","chr4","42914132","42914400","67","114585973"
"chr1","157504819","157505112","chr1","189200094","189200395","37","31695275"
"chr1","157518439","157518745","chr2","96943765","96944067","38","60574674"
"chr1","157531194","157531499","chr16","45755211","45755510","33","111775983"
"chr1","157563011","157563284","chr9","106051939","106052219","38","51511072"
"chr1","157610277","157610417","chr2","203147393","203147530","9","45537116"
"chr1","157621391","157621563","chr20","5901834","5902004","27","151719557"
"chr1","157630802","157631098","chr1","189080184","189080477","23","31449382"
"chr1","157701916","157702226","chr16","50407017","50407328","32","107294899"
"chr1","157712030","157712327","chr14","9454773","9455079","44","148257257"
"chr1","157744867","157745177","chr1","188966162","188966465","37","31221295"
"chr1","157746494","157746760","chr1","188964406","188964667","32","31217912"
"chr1","157759602","157759903","chr12","57850151","57850455","29","99909451"
"chr1","157765203","157765216","chr4","27607078","27607090","1","130158125"
"chr1","157765251","157765529","chrX","16786018","16786300","38","140979233"
"chr1","157823955","157824234","chrX","148237929","148238207","45","9586026"
"chr1","157847137","157847391","chr1","188855053","188855303","25","31007916"
"chr1","157847974","157848281","chr3","142934307","142934610","41","14913667"
"chr1","157866727","157867036","chr1","188833128","188833440","20","30966401"
"chr1","157868380","157868515","chr10","29597170","29597304","15","128271210"
"chr1","157868516","157868818","chr1","155080830","155081136","33","2787686"
"chr1","157868819","157868975","chr5","1801383","1801540","30","156067436"
"chr1","157870253","157870373","chr2","149745994","149746108","16","8124259"
"chr1","157876573","157876872","chr1","188823156","188823455","38","30946583"
"chr1","157887996","157888291","chr10","30442537","30442830","38","127445459"
"chr1","157898805","157899102","chr4","127807840","127808134","30","30090965"
"chr1","157899706","157900001","chr14","86275991","86276283","35","71623715"
"chr1","157900789","157901099","chrX","41160510","41160820","45","116740279"
"chr1","157926262","157926449","chr10","29597621","29597804","38","128328641"
"chr1","157929043","157929339","chr15","30391310","30391609","37","127537733"
"chr1","157936707","157936976","chr4","41354871","41355137","36","116581836"
"chr1","157945638","157945951","chr1","188709155","188709451","35","30763517"
"chr1","157962728","157963014","chr1","188691975","188692258","36","30729247"
"chr1","157991365","157991663","chr9","14885273","14885568","46","143106092"
"chr1","157996342","157996652","chr1","188654762","188655074","37","30658420"
"chr1","157999338","157999631","chr1","188652278","188652581","28","30652940"
"chr1","158122197","158122496","chr1","188535779","188536077","25","30413582"
"chr1","158131774","158132066","chr1","188525698","188525992","30","30393924"
"chr1","158163984","158164260","chr1","188496551","188496826","17","30332567"
"chr1","158180446","158180632","chr7","132922735","132922923","28","25257711"
"chr1","158190942","158191239","chr1","188470540","188470840","24","30279598"
"chr1","158191939","158192194","chr1","188469665","188469918","31","30277726"
"chr1","158222898","158223193","chr18","14882039","14882334","34","143340859"
"chr1","158233043","158233336","chr1","188426528","188426828","35","30193485"
"chr1","158235360","158235500","chr20","53473013","53473159","30","104762347"
"chr1","158236349","158236639","chr12","20203356","20203653","36","138032993"
"chr1","158248241","158248534","chrX","46601508","46601802","40","111646733"
"chr1","158252869","158252948","chr19","8046708","8046781","13","150206161"
"chr1","158252969","158253135","chr19","15492088","15492253","27","142760881"
"chr1","158253691","158253992","chr1","188406531","188406826","28","30152840"
"chr1","158256672","158256683","chr1","34951994","34952004","1","123304678"
"chr1","158257519","158257817","chr12","65951597","65951896","44","92305922"
"chr1","158269880","158270119","chr1","188390175","188390406","30","30120295"
"chr1","158286014","158286311","chr1","188374244","188374541","29","30088230"
"chr1","158293595","158293876","chr1","188366359","188366652","30","30072764"
"chr1","158301191","158301483","chr16","48001050","48001345","36","110300141"
"chr1","158303513","158303742","chrX","81916496","81916726","36","76387017"
"chr1","158304421","158304726","chr16","72178626","72178931","34","86125795"
"chr1","158307604","158307911","chr1","22696468","22696779","40","135611136"
"chr1","158328045","158328333","chr1","188332683","188332986","35","30004638"
"chr1","158330666","158330964","chr1","188329772","188330070","21","29999106"
"chr1","158333139","158333443","chr12","105016872","105017174","47","53316267"
"chr1","158360571","158360863","chr1","188300305","188300620","51","29939734"
"chr1","158367299","158367599","chr10","82768266","82768562","40","75599033"
"chr1","158368311","158368382","chr19","7795667","7795734","16","150572644"
"chr1","158368843","158369086","chr6","24136379","24136621","43","134232464"
"chr1","158370782","158371078","chr16","74240002","74240299","33","84130780"
"chr1","158376192","158376486","chr1","188285732","188286025","27","29909540"
"chr1","158382374","158382690","chr9","13859323","13859634","65","144523051"
"chr1","158383796","158383905","chr10","66072208","66072319","18","92311588"
"chr1","158383906","158383987","chr15","77651708","77651790","19","80732198"
"chr1","158389308","158389606","chr3","166005666","166005965","33","7616358"
"chr1","158400068","158400352","chr2","103497192","103497475","56","54902876"
"chr1","158410748","158411053","chr4","44230814","44231111","40","114179934"
"chr1","158417703","158418009","chr1","188246272","188246577","28","29828569"
"chr1","158425793","158426076","chr1","188238008","188238291","26","29812215"
"chr1","158446154","158446447","chr1","188225441","188225741","30","29779287"
"chr1","158450421","158450713","chr20","8006906","8007198","46","150443515"
"chr1","158452780","158453086","chr1","188217507","188217816","27","29764727"
"chr1","158453107","158453385","chr1","188217158","188217458","42","29764051"
"chr1","158460534","158460684","chr19","32723322","32723473","23","125737212"
"chr1","158467216","158467415","chr16","7176620","7176819","35","151290596"
"chr1","158490183","158490488","chr19","32250803","32251104","34","126239380"
"chr1","158491642","158491828","chr3","42213607","42213791","41","116278035"
"chr1","158493289","158493432","chr7","68811834","68811979","18","89681455"
"chr1","158530463","158530761","chr1","188138119","188138427","26","29607656"
"chr1","158559153","158559284","chr10","27893044","27893171","18","130666109"
"chr1","158561567","158561874","chr9","89731334","89731639","36","68830233"
"chr1","158575392","158575686","chr10","27527734","27528023","36","131047658"
"chr1","158582029","158582292","chr16","48893966","48894231","35","109688063"
"chr1","158583095","158583268","chr9","37503653","37503821","33","121079442"
"chr1","158594260","158594563","chr6","136798827","136799128","33","21795433"
"chr1","158596739","158597049","chr1","188064020","188064328","37","29467281"
"chr1","158600987","158601299","chr1","188060125","188060422","40","29459138"
"chr1","158602602","158602761","chr9","89594066","89594232","24","69008536"
"chr1","158671781","158672076","chr1","187918991","187919292","33","29247210"
"chr1","158723271","158723435","chr9","28310079","28310249","25","130413192"
"chr1","158818621","158818913","chr1","187772448","187772738","24","28953827"
"chr1","158884956","158885191","chr16","71909561","71909798","34","86975395"
"chr1","158920927","158921218","chr2","95249993","95250288","30","63670934"
"chr1","158956268","158956329","chr13","14688151","14688212","15","144268117"
"chr1","158982057","158982354","chr1","213042969","213043254","42","54060912"
"chr1","159001427","159001716","chr1","199769653","199769937","44","40768226"
"chr1","159016602","159016905","chr1","187569579","187569879","25","28552977"
"chr1","159054958","159055253","chr3","1691355","1691649","40","157363603"
"chr1","159057126","159057406","chrX","148237929","148238207","27","10819197"
"chr1","159057766","159057903","chr1","52623506","52623638","27","106434260"
"chr1","159063493","159063788","chr3","2986573","2986865","36","156076920"
"chr1","159064974","159065272","chr1","187518110","187518402","29","28453136"
"chr1","159073365","159073662","chr1","187510219","187510505","39","28436854"
"chr1","159076816","159077103","chr19","29088081","29088361","40","129988735"
"chr1","159082076","159082386","chr1","187500984","187501292","19","28418908"
"chr1","159088458","159088753","chr1","187496122","187496412","32","28407664"
"chr1","159103465","159103747","chr1","187480768","187481049","18","28377303"
"chr1","159128573","159128873","chr19","33742345","33742643","37","125386228"
"chr1","159129213","159129526","chr1","187453795","187454095","37","28324582"
"chr1","159132171","159132481","chr1","51946350","51946655","37","107185821"
"chr1","159144440","159144732","chr1","187438094","187438388","27","28293654"
"chr1","159151188","159151477","chr1","187431419","187431708","25","28280231"
"chr1","159156622","159156910","chr1","187425426","187425718","23","28268804"
"chr1","159206256","159206551","chr1","187374929","187375228","21","28168673"
"chr1","159208676","159208983","chr1","187372511","187372805","42","28163835"
"chr1","159211570","159211879","chr1","43419061","43419362","34","115792509"
"chr1","159236766","159237062","chr1","187344572","187344870","31","28107806"
"chr1","159238943","159239239","chr15","83588553","83588852","40","75650390"
"chr1","159262790","159263093","chr7","41410560","41410865","33","117852230"
"chr1","159268095","159268374","chr1","187312659","187312937","17","28044564"
"chr1","159269054","159269198","chr8","143494670","143494809","24","15774384"
"chr1","159270315","159270621","chr1","187310415","187310726","40","28040100"
"chr1","159280869","159281166","chr15","981017","981311","37","158299852"
"chr1","159286519","159286814","chr19","44781977","44782268","27","114504542"
"chr1","159306673","159306955","chr3","164558229","164558511","30","5251556"
"chr1","159308244","159308553","chr2","95912749","95913054","36","63395495"
"chr1","159308981","159309271","chr1","187273236","187273532","36","27964255"
"chr1","159369328","159369625","chr2","46816455","46816748","36","112552873"
"chr1","159406232","159406542","chr1","187173174","187173478","35","27766942"
"chr1","159444167","159444468","chr1","187135298","187135600","33","27691131"
"chr1","159453693","159453988","chr1","200028486","200028781","37","40574793"
"chr1","159454046","159454343","chr1","187124729","187125027","20","27670683"
"chr1","159511657","159511857","chr3","116469003","116469187","58","43042654"
"chr1","159541186","159541500","chr1","187044852","187045160","30","27503666"
"chr1","159560747","159561050","chr1","187025585","187025884","35","27464838"
"chr1","159563192","159563486","chr5","51540643","51540938","36","108022549"
"chr1","159563717","159564003","chr1","187022646","187022931","18","27458929"
"chr1","159581455","159581756","chr1","187004956","187005263","28","27423501"
"chr1","159606028","159606325","chr5","8289100","8289402","39","151316928"
"chr1","159615269","159615527","chr8","42733565","42733821","40","116881704"
"chr1","159637437","159637729","chr1","186945656","186945951","26","27308219"
"chr1","159649302","159649419","chr6","136905744","136905862","19","22743558"
"chr1","159649741","159649906","chr13","38922163","38922335","41","120727578"
"chr1","159650735","159651030","chr5","24690088","24690384","42","134960647"
"chr1","159651883","159652196","chr1","186932153","186932457","31","27280270"
"chr1","159664334","159664625","chr1","186917147","186917413","43","27252813"
"chr1","159686236","159686524","chr3","42417165","42417456","36","117269071"
"chr1","159689190","159689454","chr4","6816617","6816885","36","152872573"
"chr1","159698194","159698388","chr7","95222121","95222323","27","64476073"
"chr1","159706008","159706301","chrX","44429429","44429724","28","115276579"
"chr1","159728043","159728351","chr1","186851249","186851541","39","27123206"
"chr1","159738864","159739060","chr1","186839979","186840175","14","27101115"
"chr1","159754808","159755100","chr1","186825563","186825853","17","27070755"
"chr1","159766672","159766969","chr1","186813738","186814037","34","27047066"
"chr1","159766970","159767134","chrX","117720504","117720665","21","42046466"
"chr1","159771267","159771534","chr7","84519633","84519901","39","75251634"
"chr1","159771564","159771696","chr1","26001514","26001648","16","133770050"
"chr1","159787738","159788034","chr1","186790604","186790900","15","27002866"
"chr1","159795523","159795822","chr13","11438541","11438838","38","148356982"
"chr1","159796982","159797264","chr1","186781615","186781909","26","26984633"
"chr1","159805588","159805896","chr1","186772310","186772620","30","26966722"
"chr1","159806480","159806774","chr1","186771444","186771736","21","26964964"
"chr1","159819477","159819789","chr1","186759017","186759331","26","26939540"
"chr1","159827267","159827548","chr1","186751279","186751557","31","26924012"
"chr1","159866418","159866698","chr18","29106936","29107221","35","130759482"
"chr1","159885776","159886087","chr1","186676335","186676641","25","26790559"
"chr1","159895353","159895651","chr5","51540643","51540938","26","108354710"
"chr1","159939303","159939608","chr1","186624286","186624598","20","26684983"
"chr1","159945417","159945729","chr1","186617401","186617702","41","26671984"
"chr1","159955943","159956253","chr1","186600630","186600942","37","26644687"
"chr1","159973955","159974249","chr1","186583810","186584106","24","26609855"
"chr1","159977173","159977464","chr1","186580284","186580580","27","26603111"
"chr1","159981104","159981399","chr5","93179263","93179563","38","66801841"
"chr1","160019226","160019328","chr8","32672030","32672132","13","127347196"
"chr1","160028560","160028866","chr1","186526630","186526929","29","26498070"
"chr1","160048768","160049062","chr1","186507563","186507857","36","26458795"
"chr1","160087833","160088135","chr1","186468196","186468502","33","26380363"
"chr1","160125346","160125501","chr10","79681748","79681907","18","80443598"
"chr1","160128904","160129199","chr1","186426326","186426630","31","26297422"
"chr1","160133844","160134150","chrX","114883322","114883623","33","45250522"
"chr1","160162400","160162716","chr5","152636074","152636386","47","7526326"
"chr1","160195937","160196242","chr17","25290849","25291156","34","134905088"
"chr1","160199983","160200278","chr13","22778351","22778653","33","137421632"
"chr1","160214107","160214406","chr1","186341163","186341470","23","26127056"
"chr1","160214980","160215284","chr2","21264271","21264566","44","138950709"
"chr1","160223203","160223464","chr1","186331249","186331506","24","26108046"
"chr1","160236024","160236173","chr4","44130284","44130433","20","116105740"
"chr1","160236210","160236504","chrX","52560249","52560544","28","107675961"
"chr1","160269543","160269841","chr7","84112350","84112645","39","76157193"
"chr1","160316309","160316609","chr1","186231076","186231384","33","25914767"
"chr1","160347126","160347414","chr1","186198786","186199070","27","25851660"
"chr1","160356048","160356358","chr1","186188410","186188718","25","25832362"
"chr1","160356793","160357103","chr1","186187676","186187986","38","25830883"
"chr1","160397905","160398111","chr17","94621224","94621425","35","65776681"
"chr1","160398145","160398247","chr3","169573450","169573549","19","9175305"
"chr1","160443261","160443595","chr1","186109252","186109562","45","25665991"
"chr1","160676135","160676444","chr12","120424846","120425154","39","40251289"
"chr1","160680044","160680343","chr1","185871764","185872058","33","25191720"
"chr1","160988253","160988548","chr1","185559820","185560119","31","24571567"
"chr1","161191920","161192225","chr6","105234648","105234956","35","55957272"
"chr1","161228268","161228579","chr1","185322280","185322577","33","24094012"
"chr1","161235364","161235633","chr1","185312846","185313148","53","24077482"
"chr1","161254651","161254944","chr1","185287033","185287336","30","24032382"
"chr1","161321659","161321789","chr4","71089491","71089624","27","90232168"
"chr1","161332254","161332521","chr1","185210520","185210800","38","23878266"
"chr1","161370960","161371104","chr1","185165356","185165500","13","23794396"
"chr1","161398694","161398999","chr1","185130187","185130497","35","23731493"
"chr1","161411447","161411711","chr1","185118110","185118391","32","23706663"
"chr1","161450255","161450583","chr1","185078805","185079119","36","23628550"
"chr1","161475997","161476299","chr1","185056836","185057136","32","23580839"
"chr1","161478674","161478972","chrX","90716358","90716657","35","70762316"
"chr1","161479444","161479509","chr3","130836238","130836302","11","30643206"
"chr1","161485277","161485580","chr5","61994763","61995066","37","99490514"
"chr1","161490780","161490918","chr15","17851239","17851374","14","143639541"
"chr1","161495325","161495621","chr1","185037045","185037338","21","23541720"
"chr1","161505622","161505876","chr1","185026462","185026717","20","23520840"
"chr1","161527878","161528173","chr1","185004064","185004364","20","23476186"
"chr1","161541199","161541448","chr1","184990689","184990951","38","23449490"
"chr1","161563338","161563645","chr13","74920685","74920986","49","86642653"
"chr1","161566469","161566779","chr1","184966200","184966511","24","23399731"
"chr1","161571491","161571802","chr1","184960842","184961151","31","23389351"
"chr1","161593191","161593488","chr1","184938834","184939130","35","23345643"
"chr1","161602906","161603222","chr1","184928985","184929277","47","23326079"
"chr1","161608023","161608187","chr6","132206031","132206198","23","29401992"
"chr1","161676602","161676907","chr1","184865646","184865951","24","23189044"
"chr1","161708796","161709090","chr1","184833567","184833857","23","23124771"
"chr1","161747116","161747414","chr1","184791329","184791614","42","23044213"
"chr1","161760912","161761208","chr1","46180984","46181279","33","115579928"
"chr1","161761758","161761949","chr15","104316011","104316193","31","57445747"
"chr1","161784629","161784932","chr6","129934590","129934892","39","31850039"
"chr1","161790759","161790910","chr19","42331320","42331470","23","119459439"
"chr1","161818651","161818946","chr1","184718781","184719076","33","22900130"
"chr1","161819014","161819308","chr16","32767641","32767933","40","129051373"
"chr1","161876593","161876892","chr3","41276171","41276467","35","120600422"
"chr1","161915447","161915571","chr4","168443863","168443995","23","6528416"
"chr1","161935697","161935992","chr1","184600006","184600302","26","22664309"
"chr1","161937307","161937599","chr1","128612759","128613052","34","33324548"
"chr1","161971746","161972053","chr4","107825792","107826098","45","54145954"
"chr1","162021199","162021499","chr7","113559810","113560113","41","48461389"
"chr1","162054286","162054569","chr10","14635289","14635572","41","147418997"
"chr1","162060924","162061060","chr10","31067832","31067967","13","130993092"
"chr1","162061062","162061341","chr12","20843965","20844245","41","141217097"
"chr1","162063198","162063509","chr1","184473706","184474016","22","22410508"
"chr1","162073999","162074272","chr19","3908080","3908353","36","158165919"
"chr1","162089750","162090024","chr1","31799473","31799750","49","130290277"
"chr1","162100181","162100503","chr1","184442844","184443154","37","22342663"
"chr1","162103883","162104188","chr5","97614678","97614986","34","64489205"
"chr1","162621065","162621301","chr8","70657686","70657926","41","91963379"
"chr1","162621833","162622145","chr1","184429986","184430299","24","21808153"
"chr1","162623830","162624130","chr7","113559810","113560113","30","49064020"
"chr1","162643401","162643587","chr15","104316011","104316193","32","58327390"
"chr1","162647287","162647580","chr1","184399576","184399873","32","21752289"
"chr1","162672034","162672347","chr1","31707100","31707414","50","130964934"
"chr1","162672815","162673099","chr1","184374891","184375181","28","21702076"
"chr1","162683493","162683788","chr1","64584409","64584705","36","98099084"
"chr1","162685196","162685449","chrX","24010912","24011167","39","138674284"
"chr1","162685633","162685929","chr12","62026301","62026598","34","100659332"
"chr1","162686488","162686783","chr9","30305014","30305317","43","132381474"
"chr1","162710920","162711221","chr7","122016416","122016713","35","40694504"
"chr1","162714980","162715265","chr1","184334991","184335282","39","21620011"
"chr1","162729267","162729576","chrX","23558557","23558868","37","139170710"
"chr1","162756856","162757142","chr1","184293171","184293441","41","21536315"
"chr1","162787957","162788258","chr1","184262449","184262747","34","21474492"
"chr1","162788622","162788934","chr1","184261784","184262082","32","21473162"
"chr1","162795863","162796152","chr1","184254633","184254926","24","21458770"
"chr1","162798087","162798432","chr8","142195657","142195988","55","20602430"
"chr1","162808989","162809266","chr1","184241700","184241979","29","21432711"
"chr1","162828227","162828522","chr20","21484702","21484998","41","141343525"
"chr1","162835522","162835660","chr16","66078865","66079003","25","96756657"
"chr1","162844290","162844593","chr10","37249410","37249706","36","125594880"
"chr1","162846891","162847178","chr1","184156003","184156306","38","21309112"
"chr1","162858630","162858924","chr1","184144719","184145007","34","21286089"
"chr1","162868357","162868649","chr2","107422966","107423258","38","55445391"
"chr1","162870725","162871000","chr1","184132449","184132724","27","21261724"
"chr1","162878403","162878532","chr1","184124756","184124885","8","21246353"
"chr1","162878806","162878977","chr1","184124308","184124480","17","21245502"
"chr1","162883139","162883441","chr1","184119795","184120108","31","21236656"
"chr1","162951258","162951383","chr6","37034735","37034861","12","125916523"
"chr1","162967791","162968079","chr1","184034974","184035263","25","21067183"
"chr1","162973378","162973671","chr1","184029415","184029708","25","21056037"
"chr1","162984783","162984920","chr5","3251194","3251329","21","159733589"
"chr1","163005105","163005396","chr5","7365971","7366261","34","155639134"
"chr1","163008260","163008556","chr20","217057","217357","36","162791203"
"chr1","163016211","163016502","chr1","183991947","183992238","33","20975736"
"chr1","163022519","163022817","chr17","84246025","84246317","34","78776494"
"chr1","163034921","163035222","chr1","183971933","183972240","36","20937012"
"chr1","163075935","163076228","chr1","183930027","183930315","21","20854092"
"chr1","163086497","163086786","chr1","183917702","183917992","21","20831205"
"chr1","163102246","163102536","chr1","183901965","183902256","23","20799719"
"chr1","163120894","163120996","chr6","36560457","36560560","15","126560437"
"chr1","163144420","163144694","chr1","183852432","183852707","29","20708012"
"chr1","163145857","163146148","chr1","183850724","183851013","29","20704867"
"chr1","163150018","163150186","chr11","121440472","121440639","25","41709546"
"chr1","163181274","163181567","chr1","183815118","183815419","33","20633844"
"chr1","163195099","163195304","chr19","53556913","53557119","22","109638186"
"chr1","163201859","163202150","chr1","183794611","183794902","17","20592752"
"chr1","163209178","163209504","chr1","183787266","183787596","29","20578088"
"chr1","163261916","163262208","chr17","24596609","24596903","35","138665307"
"chr1","163276384","163276559","chr5","17692044","17692216","21","145584340"
"chr1","163311396","163311687","chr1","183683781","183684071","23","20372385"
"chr1","163318905","163319202","chr3","43006950","43007246","36","120311955"
"chr1","163400119","163400410","chr1","183593412","183593703","27","20193293"
"chr1","163406732","163407033","chr1","183586808","183587118","32","20180076"
"chr1","163454765","163455059","chr1","183543860","183544152","19","20089095"
"chr1","163530146","163530443","chr1","183415087","183415381","29","19884941"
"chr1","163561771","163562068","chr6","91735449","91735750","35","71826322"
"chr1","163583492","163583807","chr1","19910676","19910990","49","143672816"
"chr1","163587122","163587310","chr3","182382271","182382470","27","18795149"
"chr1","163596289","163596554","chr13","33910522","33910802","54","129685767"
"chr1","163599338","163599630","chr1","183344987","183345288","21","19745649"
"chr1","163614869","163615152","chr1","26113860","26114150","43","137501009"
"chr1","163648144","163648454","chr1","183295372","183295677","32","19647228"
"chr1","163670137","163670439","chr1","183273620","183273921","28","19603483"
"chr1","163680031","163680327","chr1","64584409","64584705","31","99095622"
"chr1","163785965","163786264","chr4","57640318","57640616","40","106145647"
"chr1","163802708","163802992","chr1","183141881","183142163","25","19339173"
"chr1","163859465","163859768","chr1","183091506","183091806","28","19232041"
"chr1","163922189","163922333","chr15","8538420","8538567","19","155383769"
"chr1","163929863","163930130","chr7","61582296","61582559","36","102347567"
"chr1","163951578","163951875","chr3","36442876","36443174","31","127508702"
"chr1","163985945","163986229","chr1","182969153","182969438","22","18983208"
"chr1","164039704","164040006","chr12","62026301","62026598","36","102013403"
"chr1","164054747","164055052","chr1","182893816","182894117","33","18839069"
"chr1","164063186","164063490","chrX","92232727","92233038","40","71830459"
"chr1","164086104","164086422","chr10","88919909","88920213","47","75166195"
"chr1","164120220","164120526","chr1","182826455","182826761","32","18706235"
"chr1","164123797","164124104","chr1","182822560","182822863","37","18698763"
"chr1","164125098","164125416","chr16","18186280","18186587","48","145938818"
"chr1","164135832","164136138","chr1","182810922","182811225","31","18675090"
"chr1","164153637","164153867","chr1","50890362","50890591","25","113263275"
"chr1","164173564","164173867","chr6","129934590","129934892","36","34238974"
"chr1","164225241","164225539","chr1","182710601","182710891","30","18485360"
"chr1","164258393","164258703","chr1","182675272","182675586","34","18416879"
"chr1","164260591","164260889","chr4","105401676","105401972","28","58858915"
"chr1","164265178","164265476","chr1","182667069","182667375","31","18401891"
"chr1","164266862","164267173","chr1","182665375","182665680","34","18398513"
"chr1","164271340","164271612","chr1","182660703","182660975","35","18389363"
"chr1","164283842","164284137","chr1","182648295","182648590","22","18364453"
"chr1","164287174","164287478","chr14","104962839","104963138","43","59324335"
"chr1","164296026","164296274","chr1","182636215","182636476","30","18340189"
"chr1","164297475","164297611","chr19","41289079","41289217","19","123008396"
"chr1","164332214","164332529","chr1","182600047","182600356","42","18267833"
"chr1","164339204","164339499","chr3","165933663","165933962","33","1594459"
"chr1","164424500","164424785","chr1","182507172","182507458","22","18082672"
"chr1","164447222","164447524","chr7","165926447","165926749","38","1479225"
"chr1","164570497","164570791","chr7","5772369","5772664","32","158798128"
"chr1","164638062","164638302","chr8","70657686","70657926","43","93980376"
"chr1","164666242","164666557","chr1","220883377","220883674","47","56217135"
"chr1","164668925","164669242","chr20","9317385","9317693","60","155351540"
"chr1","164692981","164693275","chr8","58685934","58686228","31","106007047"
"chr1","164702149","164702284","chr8","144173317","144173448","27","20528832"
"chr1","164702950","164703245","chr1","182188524","182188826","30","17485574"
"chr1","164755522","164755802","chr11","123734398","123734679","41","41021124"
"chr1","164756211","164756319","chr2","93510321","93510431","15","71245890"
"chr1","164756321","164756544","chr4","159524386","159524609","26","5231935"
"chr1","164759891","164760194","chr1","182134194","182134509","34","17374303"
"chr1","164763214","164763504","chr3","183764911","183765196","38","19001697"
"chr1","164767302","164767484","chr16","48040796","48040975","22","116726506"
"chr1","164767774","164767785","chr1","224826646","224826656","5","60058872"
"chr1","164791162","164791460","chr1","182101805","182102107","30","17310643"
"chr1","164791557","164791837","chr20","4443026","4443307","38","160348531"
"chr1","164815749","164815952","chr3","80264970","80265174","44","84550779"
"chr1","164836671","164836971","chr1","182055485","182055781","34","17218814"
"chr1","164857908","164858204","chr16","8254341","8254639","29","156603567"
"chr1","164860209","164860499","chr12","57850151","57850455","49","107010058"
"chr1","164863676","164863969","chr20","68643250","68643541","30","96220426"
"chr1","164869563","164869872","chr3","55556828","55557129","37","109312735"
"chr1","164893574","164893865","chr1","182001745","182002046","38","17108171"
"chr1","164894517","164894781","chr10","74153529","74153793","33","90740988"
"chr1","164928546","164928830","chr1","181965841","181966124","25","17037295"
"chr1","165030642","165030936","chr1","181871852","181872154","26","16841210"
"chr1","165093773","165094060","chr1","181815837","181816125","18","16722064"
"chr1","165135112","165135422","chr1","181768955","181769255","39","16633843"
"chr1","165166177","165166485","chr1","181736416","181736715","28","16570239"
"chr1","165234755","165235049","chr1","181667035","181667333","26","16432280"
"chr1","165292396","165292659","chr3","161871065","161871331","39","3421331"
"chr1","165298362","165298659","chr20","69142111","69142409","34","96156251"
"chr1","165335386","165335671","chr16","2871012","2871300","38","162464374"
"chr1","165346386","165346586","chrX","9150025","9150226","27","156196361"
"chr1","165358685","165358946","chr1","181541829","181542091","20","16183144"
"chr1","165538780","165539071","chr1","181375970","181376269","44","15837190"
"chr1","165793805","165794086","chr1","181116103","181116401","38","15322298"
"chr1","165852909","165853152","chr6","140015934","140016183","37","25836975"
"chr1","165865565","165865818","chr1","181047294","181047552","26","15181729"
"chr1","165948730","165948933","chr1","186839979","186840175","33","20891249"
"chr1","165952986","165953289","chr1","180972813","180973124","31","15019827"
"chr1","165974177","165974341","chr10","32574729","32574895","26","133399448"
"chr1","165978685","165978993","chr1","180947173","180947476","31","14968488"
"chr1","166095272","166095555","chr8","63836992","63837276","41","102258280"
"chr1","166222517","166222812","chr1","180701129","180701427","23","14478612"
"chr1","166248027","166248312","chr1","180668594","180668883","19","14420567"
"chr1","166261000","166261283","chr1","180654918","180655197","36","14393918"
"chr1","166336056","166336360","chr20","28261989","28262293","42","138074067"
"chr1","166338917","166339202","chr1","180572948","180573233","33","14234031"
"chr1","166383405","166383711","chr1","140376605","140376912","33","26006800"
"chr1","166397455","166397752","chr3","84501132","84501422","37","81896323"
"chr1","166455528","166455823","chr1","180447800","180448108","34","13992272"
"chr1","166552204","166552504","chr10","59667642","59667941","42","106884562"
"chr1","166640114","166640381","chr6","171221315","171221588","49","4581201"
"chr1","166733942","166734157","chr9","14303314","14303531","40","152430628"
"chr1","166917131","166917429","chr1","179986056","179986358","28","13068925"
"chr1","166982860","166983153","chr16","53533249","53533532","40","113449611"
"chr1","167050931","167051223","chr1","179849065","179849345","40","12798134"
"chr1","167153724","167154005","chrX","16786018","16786300","40","150367706"
"chr1","167305686","167305905","chr11","120671283","120671499","47","46634403"
"chr1","167355390","167355663","chr5","140003061","140003335","37","27352329"
"chr1","167363369","167363677","chr4","33994902","33995208","38","133368467"
"chr1","167578888","167579125","chr14","5368793","5369028","37","162210095"
"chr1","167671595","167671900","chr1","179230437","179230748","28","11558842"
"chr1","167702017","167702316","chr1","179203009","179203300","31","11500992"
"chr1","167782949","167783231","chrX","49166555","49166839","41","118616394"
"chr1","167834217","167834511","chr3","47504311","47504609","42","120329906"
"chr1","167852632","167852919","chr1","179048928","179049224","37","11196296"
"chr1","167882537","167882848","chr2","72554016","72554326","50","95328521"
"chr1","167888433","167888713","chr1","19367186","19367465","34","148521247"
"chr1","167901615","167901914","chr13","11438541","11438838","38","156463074"
"chr1","167979498","167979800","chr17","25634388","25634694","38","142345110"
"chr1","168097307","168097611","chr6","135615290","135615601","46","32482017"
"chr1","168103238","168103543","chr2","101348065","101348376","34","66755173"
"chr1","168155182","168155491","chr5","60270379","60270690","35","107884803"
"chr1","168235920","168236228","chr1","178653871","178654181","27","10417951"
"chr1","168283373","168283624","chr11","23000001","23000246","30","145283372"
"chr1","168316960","168317256","chr2","159743116","159743415","30","8573844"
"chr1","168329637","168329830","chr15","87937976","87938158","38","80391661"
"chr1","168422713","168422823","chr16","5178790","5178910","25","163243923"
"chr1","168586492","168586804","chr16","45595072","45595379","44","122991420"
"chr1","168740661","168740961","chr5","25083724","25084024","41","143656937"
"chr1","168972365","168972625","chr11","101627371","101627629","35","67344994"
"chr1","169001120","169001393","chr1","177834672","177834949","38","8833552"
"chr1","169007749","169007941","chr5","183908884","183909071","36","14901135"
"chr1","169242337","169242617","chr1","177787264","177787546","36","8544927"
"chr1","169260164","169260322","chrX","117720504","117720665","24","51539660"
"chr1","169291928","169292210","chrX","40056549","40056830","44","129235379"
"chr1","169341509","169341759","chr12","120224050","120224301","41","49117459"
"chr1","169341809","169342128","chrX","95275235","95275554","63","74066574"
"chr1","169388246","169388518","chr15","357609","357882","41","169030637"
"chr1","169482734","169482849","chr4","56235373","56235488","26","113247361"
"chr1","169483226","169483506","chr1","177526021","177526321","57","8042795"
"chr1","169640024","169640198","chr1","128904529","128904699","31","40735495"
"chr1","169800362","169800629","chr1","14263482","14263748","39","155536880"
"chr1","169942288","169942581","chr14","8511597","8511888","46","161430691"
"chr1","169966243","169966543","chr1","176955702","176956002","29","6989459"
"chr1","170153899","170154156","chr14","5451204","5451460","40","164702695"
"chr1","170237566","170237879","chr1","176674419","176674731","44","6436853"
"chr1","170242334","170242628","chr3","48992148","48992443","50","121250186"
"chr1","170323058","170323352","chr1","176587830","176588126","32","6264772"
"chr1","170405748","170406048","chr1","176500119","176500416","41","6094371"
"chr1","170454131","170454418","chr2","54577651","54577936","44","115876480"
"chr1","170594773","170595067","chr1","176241509","176241803","33","5646736"
"chr1","170644599","170644919","chr1","176187299","176187607","46","5542700"
"chr1","170801265","170801573","chr1","175989522","175989817","41","5188257"
"chr1","170891711","170891901","chr19","16963325","16963517","33","153928386"
"chr1","170932305","170932605","chr8","78625690","78625989","45","92306615"
"chr1","170934616","170934737","chr7","139104429","139104548","16","31830187"
"chr1","170958314","170958562","chr5","152533866","152534118","43","18424448"
"chr1","171019295","171019616","chr1","175758326","175758618","55","4739031"
"chr1","171025469","171025771","chr1","175751918","175752219","32","4726449"
"chr1","171223774","171223912","chr19","43922821","43922958","17","127300953"
"chr1","171466742","171467043","chr4","116033366","116033672","75","55433376"
"chr1","171690048","171690153","chr20","18861314","18861421","17","152828734"
"chr1","171812852","171813103","chr19","25697082","25697343","58","146115770"
"chr1","171867931","171868241","chr20","51530938","51531246","57","120336993"
"chr1","171906569","171906799","chr1","44599274","44599505","30","127307295"
"chr1","172012124","172012441","chr20","56611349","56611646","72","115400775"
"chr1","172042133","172042439","chr1","174676433","174676730","46","2634300"
"chr1","172053622","172053915","chr6","140907162","140907461","35","31146460"
"chr1","172111400","172111702","chr1","174612417","174612727","31","2501017"
"chr1","172111770","172112021","chr14","72944722","72944975","41","99167048"
"chr1","172189405","172189705","chr1","174533890","174534199","31","2344485"
"chr1","172272878","172273168","chr20","56789030","56789326","29","115483848"
"chr1","172535502","172535798","chr3","179269561","179269859","47","6734059"
"chr1","172556459","172556774","chr14","3991661","3991972","39","168564798"
"chr1","172575687","172575970","chr16","9395172","9395452","33","163180515"
"chr1","172580494","172580825","chr2","203279969","203280291","55","30699475"
"chr1","172591544","172591844","chr1","174075274","174075577","33","1483730"
"chr1","172604820","172605135","chr1","174060449","174060769","24","1455629"
"chr1","172609762","172609971","chr1","25987435","25987643","39","146622327"
"chr1","172614099","172614381","chr12","20843965","20844245","35","151770134"
"chr1","172621972","172622136","chr6","139207284","139207450","29","33414688"
"chr1","172655956","172656249","chr1","174008442","174008735","22","1352486"
"chr1","172717430","172717712","chr1","173941819","173942101","30","1224389"
"chr1","172724217","172724512","chr1","31889744","31890030","38","140834473"
"chr1","172745341","172745627","chr1","53660982","53661263","43","119084359"
"chr1","172801534","172801828","chr1","173849686","173849980","28","1048152"
"chr1","172826001","172826153","chr11","49739997","49740154","23","123086004"
"chr1","172827359","172827474","chr16","73850698","73850815","16","98976661"
"chr1","172860898","172861201","chr1","173786736","173787045","30","925838"
"chr1","172870617","172870927","chr1","173776792","173777099","36","906175"
"chr1","172883032","172883330","chr7","17838757","17839051","40","155044275"
"chr1","172902094","172902351","chr6","175598203","175598462","40","2696109"
"chr1","172941951","172942248","chr1","173701497","173701791","33","759546"
"chr1","173006170","173006474","chr1","173629975","173630275","18","623805"
"chr1","173031389","173031649","chr11","47742284","47742545","41","125289105"
"chr1","173033524","173033834","chr1","173604560","173604860","34","571036"
"chr1","173090919","173091196","chr1","173547235","173547510","18","456316"
"chr1","173120922","173121047","chr9","21128249","21128373","14","151992673"
"chr1","173158400","173158691","chr1","173486332","173486631","39","327932"
"chr1","173352102","173352386","chr10","36159633","36159924","42","137192469"
"chr1","173368099","173368399","chr1","113960917","113961217","37","59407182"
"chr1","173467253","173467480","chr4","116777080","116777297","35","56690173"
"chr1","173541034","173541333","chr1","173097729","173098026","35","443305"
"chr1","173608810","173609062","chr13","108196849","108197098","35","65411961"
"chr1","173630345","173630688","chr3","183020565","183020883","62","9390220"
"chr1","173655389","173655679","chr19","44781977","44782268","32","128873412"
"chr1","173676030","173676329","chr1","114960347","114960641","41","58715683"
"chr1","173743369","173743651","chr1","172904150","172904445","40","839219"
"chr1","173901659","173901960","chrX","9240846","9241146","32","164660813"
"chr1","173907059","173907357","chr1","172746107","172746414","27","1160952"
"chr1","173998313","173998416","chr20","1878078","1878174","28","172120235"
"chr1","173998418","173998617","chr10","31351364","31351563","32","142647054"
"chr1","174051626","174051815","chr11","2904691","2904882","28","171146935"
"chr1","174103636","174103773","chr20","13955956","13956104","33","160147680"
"chr1","174172755","174173041","chr1","171200183","171200474","30","2972572"
"chr1","174253963","174254243","chr2","21506595","21506872","36","152747368"
"chr1","174255045","174255355","chrX","30090136","30090440","48","144164909"
"chr1","174321140","174321241","chr3","151235850","151235951","16","23085290"
"chr1","174323648","174323921","chr17","34067082","34067361","56","140256566"
"chr1","174347765","174348067","chr1","172596931","172597224","41","1750834"
"chr1","174360991","174361293","chr7","139827579","139827889","45","34533412"
"chr1","174620050","174620209","chr19","18169182","18169342","34","156450868"
"chr1","174645635","174645910","chr1","172298102","172298378","25","2347533"
"chr1","174665519","174665819","chr1","172273604","172273904","24","2391915"
"chr1","174709350","174709513","chr19","15492088","15492253","27","159217262"
"chr1","174763839","174764121","chr1","172173050","172173331","30","2590789"
"chr1","174881182","174881332","chr4","166303006","166303156","19","8578176"
"chr1","174892758","174892926","chr14","84880122","84880288","24","90012636"
"chr1","174924076","174924358","chr1","172014055","172014334","32","2910021"
"chr1","175012723","175013031","chr1","171914437","171914745","25","3098286"
"chr1","175113553","175113857","chr3","182704785","182705087","42","7591232"
"chr1","175220224","175220530","chr2","51284788","51285090","39","123935436"
"chr1","175291910","175291972","chr12","125128788","125128854","9","50163122"
"chr1","175291975","175292135","chrX","117720504","117720665","26","57571471"
"chr1","175311923","175312230","chr1","171614015","171614331","36","3697908"
"chr1","175434722","175435013","chr8","30881209","30881501","40","144553513"
"chr1","175468822","175469112","chr17","12814456","12814742","38","162654366"
"chr1","175491055","175491320","chr4","81361424","81361682","43","94129631"
"chr1","175523588","175523900","chr1","171408214","171408526","34","4115374"
"chr1","175576657","175576902","chr10","59910337","59910584","37","115666320"
"chr1","175579514","175579734","chr1","171357616","171357839","21","4221898"
"chr1","175616880","175617167","chr1","171320015","171320302","23","4296865"
"chr1","175762742","175763053","chr3","50077764","50078072","56","125684978"
"chr1","175764051","175764261","chr4","160315633","160315842","35","15448418"
"chr1","175831184","175831503","chr6","92311","92620","44","175738873"
"chr1","175898040","175898339","chr1","170823547","170823845","24","5074493"
"chr1","176025175","176025468","chr1","170653856","170654150","20","5371319"
"chr1","176059631","176059926","chr1","170606758","170607047","28","5452873"
"chr1","176077345","176077645","chr19","31252224","31252526","39","144825121"
"chr1","176124351","176124487","chr10","29597170","29597304","19","146527181"
"chr1","176124534","176124618","chr1","9215018","9215080","33","166909516"
"chr1","176154968","176155250","chr1","170512951","170513233","29","5642017"
"chr1","176283899","176284185","chr1","96069071","96069359","33","80214828"
"chr1","176291418","176291711","chr1","154123855","154124142","51","22167563"
"chr1","176358057","176358358","chr20","41582621","41582926","45","134775436"
"chr1","176361804","176362096","chr3","80702063","80702354","34","95659741"
"chr1","176485885","176486220","chr1","95001594","95001905","62","81484291"
"chr1","176851307","176851589","chr1","169902014","169902313","41","6949293"
"chr1","176918030","176918338","chr7","28135226","28135526","43","148782804"
"chr1","176934009","176934315","chr15","17398233","17398543","42","159535776"
"chr1","176937419","176937708","chr1","153571501","153571775","57","23365918"
"chr1","177018963","177019266","chr1","169742496","169742797","33","7276467"
"chr1","177030338","177030637","chr6","137966291","137966590","36","39064047"
"chr1","177096266","177096559","chr1","9746125","9746417","38","167350141"
"chr1","177109689","177109988","chr1","169649350","169649648","34","7460339"
"chr1","177115708","177115979","chr10","80509829","80510093","39","96605879"
"chr1","177208171","177208467","chr5","93179263","93179563","30","84028908"
"chr1","177224078","177224386","chr3","43024886","43025192","38","134199192"
"chr1","177260118","177260424","chr20","27658381","27658679","49","149601737"
"chr1","177354030","177354322","chr5","51540643","51540938","39","125813387"
"chr1","177357097","177357388","chr11","47011732","47012024","35","130345365"
"chr1","177485874","177486184","chr1","169274575","169274881","23","8211299"
"chr1","177546952","177547243","chr8","58685934","58686228","33","118861018"
"chr1","177551060","177551327","chr1","169158121","169158387","26","8392939"
"chr1","177654708","177655016","chr4","45964822","45965127","43","131689886"
"chr1","177659814","177660112","chr3","166005666","166005965","45","11654148"
"chr1","177671779","177672065","chr19","34246069","34246358","46","143425710"
"chr1","177731283","177731436","chr2","184252492","184252649","21","6521209"
"chr1","177780681","177780948","chr1","168920745","168921006","28","8859936"
"chr1","177783466","177783772","chr1","168917872","168918180","29","8865594"
"chr1","177843622","177843929","chr1","168837878","168838177","39","9005744"
"chr1","177886092","177886224","chr19","45249393","45249524","14","132636699"
"chr1","177925044","177925340","chr1","168757556","168757852","35","9167488"
"chr1","177928602","177928771","chr3","72356001","72356174","29","105572601"
"chr1","177928988","177929059","chr7","158032018","158032086","12","19896970"
"chr1","178102351","178102641","chr1","168595350","168595645","26","9507001"
"chr1","178107353","178107665","chr1","168590374","168590682","21","9516979"
"chr1","178116507","178116782","chr2","165566257","165566535","53","12550250"
"chr1","178132669","178132965","chr5","25083724","25084024","34","153048945"
"chr1","178173765","178174052","chr1","168536284","168536571","17","9637481"
"chr1","178234618","178234905","chr5","7365971","7366261","37","170868647"
"chr1","178406866","178407157","chr1","168297613","168297921","29","10109253"
"chr1","178462563","178462727","chr4","103144036","103144204","38","75318527"
"chr1","178478911","178479188","chr1","168220470","168220746","25","10258441"
"chr1","178534828","178535108","chr1","168160009","168160288","29","10374819"
"chr1","178547098","178547395","chr17","84246025","84246317","46","94301073"
"chr1","178551973","178552266","chr1","52875145","52875442","43","125676828"
"chr1","178589281","178589573","chrX","22381263","22381544","45","156208018"
"chr1","178596958","178597200","chr8","96210348","96210584","43","82386610"
"chr1","178622183","178622481","chr20","42678956","42679249","40","135943227"
"chr1","178683801","178684085","chr19","2501472","2501755","38","176182329"
"chr1","178762649","178762924","chr1","167923028","167923301","25","10839621"
"chr1","178764538","178764844","chrX","44981872","44982183","47","133782666"
"chr1","178767695","178767999","chr1","167917950","167918260","27","10849745"
"chr1","178862552","178862832","chr1","167826051","167826335","34","11036501"
"chr1","178927042","178927344","chr1","167761893","167762202","36","11165149"
"chr1","179049744","179050049","chr1","167628941","167629243","26","11420803"
"chr1","179053928","179054208","chr16","2871012","2871300","36","176182916"
"chr1","179072306","179072613","chr1","95793122","95793426","38","83279184"
"chr1","179239707","179239998","chr1","167428605","167428897","36","11811102"
"chr1","179259527","179259836","chr16","44769512","44769812","43","134490015"
"chr1","179264280","179264586","chr11","46868980","46869278","43","132395300"
"chr1","179442560","179442871","chr20","28992302","28992610","29","150450258"
"chr1","179491311","179491613","chr1","167175475","167175774","27","12315836"
"chr1","179558859","179559144","chr9","59358473","59358772","42","120200386"
"chr1","179592592","179592879","chr1","167085530","167085808","33","12507062"
"chr1","179646101","179646409","chr5","8289100","8289402","39","171357001"
"chr1","179667723","179668020","chr10","78203293","78203596","31","101464430"
"chr1","179685309","179685615","chrX","44836707","44837017","32","134848602"
"chr1","179705066","179705355","chr1","166962921","166963214","35","12742145"
"chr1","179718185","179718483","chr1","166949847","166950138","34","12768338"
"chr1","179722157","179722466","chr1","95476592","95476897","47","84245565"
"chr1","179738371","179738671","chr7","136395583","136395882","50","43342788"
"chr1","179753106","179753404","chr1","166915685","166915980","31","12837421"
"chr1","179767981","179768286","chr1","166900528","166900837","30","12867453"
"chr1","179771593","179771767","chr20","59426524","59426698","27","120345069"
"chr1","179772449","179772762","chr1","166895722","166896022","29","12876727"
"chr1","179779975","179780296","chr5","25083724","25084024","62","154696251"
"chr1","179785013","179785306","chr1","166884730","166885027","25","12900283"
"chr1","179787137","179787443","chr1","166882599","166882896","36","12904538"
"chr1","179803125","179803431","chr1","166871804","166872111","33","12931321"
"chr1","179822331","179822442","chr7","164372696","164372811","15","15449635"
"chr1","179830170","179830491","chr7","112529482","112529793","50","67300688"
"chr1","179839335","179839634","chr6","32574646","32574945","37","147264689"
"chr1","179845830","179846137","chr1","166821224","166821533","28","13024606"
"chr1","179856696","179856977","chr1","7354894","7355167","40","172501802"
"chr1","179870225","179870425","chr3","40154321","40154521","32","139715904"
"chr1","179872005","179872131","chrX","23895961","23896086","19","155976044"
"chr1","179873921","179874217","chr1","166790168","166790468","30","13083753"
"chr1","179881306","179881579","chr13","37692401","37692676","32","142188905"
"chr1","179881600","179881857","chr1","166786277","166786562","43","13095323"
"chr1","179905510","179905806","chr1","166733943","166734244","39","13171567"
"chr1","179915574","179915880","chr1","166750825","166751135","35","13164749"
"chr1","179920248","179920470","chr6","165733666","165733889","42","14186582"
"chr1","179927593","179927782","chr7","84631446","84631650","52","95296147"
"chr1","179928426","179928725","chr1","166736494","166736797","24","13191932"
"chr1","179932483","179932782","chr17","20044895","20045193","30","159887588"
"chr1","179933258","179933550","chr1","166731652","166731935","39","13201606"
"chr1","179933579","179933908","chr1","166731334","166731646","64","13202245"
"chr1","179964416","179964715","chr1","166700841","166701139","23","13263575"
"chr1","179964743","179964955","chr13","61550125","61550336","28","118414618"
"chr1","179965335","179965639","chr1","166699816","166700126","28","13265519"
"chr1","179965691","179965974","chr1","166699481","166699777","36","13266210"
"chr1","179970634","179970902","chr1","166694492","166694767","30","13276142"
"chr1","179971867","179972178","chr5","1282509","1282820","45","178689358"
"chr1","179993504","179993798","chr1","166672323","166672619","22","13321181"
"chr1","180002749","180003040","chr1","166663674","166663985","38","13339075"
"chr1","180024346","180024644","chr12","62026301","62026598","31","117998045"
"chr1","180041453","180041765","chr11","124222721","124223033","39","55818732"
"chr1","180065881","180066168","chr1","166599079","166599367","24","13466802"
"chr1","180071074","180071375","chr7","40350404","40350704","29","139720670"
"chr1","180088318","180088619","chr1","166577116","166577409","36","13511202"
"chr1","180089605","180089918","chr1","166575534","166575836","29","13514071"
"chr1","180118501","180118799","chr14","15756054","15756351","29","164362447"
"chr1","180122261","180122444","chr5","51598976","51599160","23","128523285"
"chr1","180160911","180161216","chr9","95281737","95282038","45","84879174"
"chr1","180164446","180164752","chr1","166509249","166509553","29","13655197"
"chr1","180202271","180202554","chr7","100628034","100628316","33","79574237"
"chr1","180205656","180205962","chr1","166467079","166467383","22","13738577"
"chr1","180216721","180216855","chr19","12364204","12364339","12","167852517"
"chr1","180218404","180218706","chr1","166454086","166454389","33","13764318"
"chr1","180235511","180235806","chr7","113559810","113560113","35","66675701"
"chr1","180246618","180246937","chr1","166426943","166427262","22","13819675"
"chr1","180246942","180247236","chr6","35367989","35368287","37","144878953"
"chr1","180251037","180251295","chr9","21464821","21465072","29","158786216"
"chr1","180256834","180257148","chr17","30674112","30674407","55","149582722"
"chr1","180285683","180285983","chr6","171125848","171126147","33","9159835"
"chr1","180290264","180290561","chr1","140166438","140166735","35","40123826"
"chr1","180293388","180293641","chr1","166384125","166384377","17","13909263"
"chr1","180300817","180300969","chr9","60169079","60169227","31","120131738"
"chr1","180301102","180301202","chr6","177202327","177202427","20","3098775"
"chr1","180303474","180303773","chr19","44781977","44782268","38","135521497"
"chr1","180332139","180332255","chr1","166346372","166346487","13","13985767"
"chr1","180332530","180332687","chr1","166345939","166346095","25","13986591"
"chr1","180338239","180338531","chr1","166339704","166339995","26","13998535"
"chr1","180338718","180338997","chr6","147123808","147124087","38","33214910"
"chr1","180350314","180350653","chr6","140129906","140130200","73","40220408"
"chr1","180352126","180352420","chr2","108349141","108349442","45","72002985"
"chr1","180362578","180362864","chr1","166313893","166314176","21","14048685"
"chr1","180369342","180369632","chr1","166306536","166306826","27","14062806"
"chr1","180410535","180410851","chr1","166265359","166265660","40","14145176"
"chr1","180419845","180420150","chr1","166255360","166255668","38","14164485"
"chr1","180423371","180423673","chr1","166251841","166252140","25","14171530"
"chr1","180424272","180424576","chr4","118772543","118772848","43","61651729"
"chr1","180433625","180433890","chr6","169101176","169101447","38","11332449"
"chr1","180441585","180441749","chr11","121440472","121440639","32","59001113"
"chr1","180443797","180444082","chrX","48185329","48185616","38","132258468"
"chr1","180453606","180453892","chr1","166222501","166222787","18","14231105"
"chr1","180470115","180470324","chr7","155499787","155499999","31","24970328"
"chr1","180492032","180492296","chr1","166180923","166181178","20","14311109"
"chr1","180504053","180504317","chr1","166168546","166168822","41","14335507"
"chr1","180506927","180507238","chr8","28461779","28462090","33","152045148"
"chr1","180528943","180529171","chr10","61029967","61030201","42","119498976"
"chr1","180546755","180546959","chr16","40692094","40692296","29","139854661"
"chr1","180546960","180547027","chr16","12841703","12841771","7","167705257"
"chr1","180549929","180550228","chr1","166113597","166113898","21","14436332"
"chr1","180582090","180582384","chr1","166080622","166080918","28","14501468"
"chr1","180582732","180583037","chr1","166079981","166080274","29","14502751"
"chr1","180584629","180584949","chr1","168297613","168297921","75","12287016"
"chr1","180594463","180594766","chr5","139653331","139653632","36","40941132"
"chr1","180604175","180604463","chr1","166058392","166058670","31","14545783"
"chr1","180660147","180660456","chr1","166000477","166000792","27","14659670"
"chr1","180667248","180667538","chr7","117150838","117151123","48","63516410"
"chr1","180671021","180671259","chr10","81707017","81707247","35","98964004"
"chr1","180679389","180679701","chr1","165983159","165983464","26","14696230"
"chr1","180723519","180723811","chr1","165936082","165936394","43","14787437"
"chr1","180737544","180737827","chr1","40649200","40649488","43","140088344"
"chr1","180746151","180746455","chr1","165916383","165916683","31","14829768"
"chr1","180764780","180764795","chr7","4708868","4708880","5","176055912"
"chr1","180793001","180793331","chr11","49486968","49487275","72","131306033"
"chr1","180793344","180793646","chr9","54357147","54357447","55","126436197"
"chr1","180823122","180823437","chr7","136433564","136433870","42","44389558"
"chr1","180830124","180830449","chr1","165833617","165833926","51","14996507"
"chr1","180833415","180833704","chr1","165830346","165830646","33","15003069"
"chr1","180838744","180839052","chr1","165825047","165825343","52","15013697"
"chr1","180845103","180845403","chr1","165818263","165818566","27","15026840"
"chr1","180849083","180849359","chr1","165814319","165814596","26","15034764"
"chr1","180855036","180855340","chr1","165808350","165808658","29","15046686"
"chr1","180859757","180860049","chr1","128612759","128613052","32","52246998"
"chr1","180888431","180888722","chr10","42858026","42858312","50","138030405"
"chr1","180935746","180936056","chr1","4731654","4731965","36","176204092"
"chr1","180937761","180938064","chr1","165724766","165725077","39","15212995"
"chr1","180970617","180970737","chr1","7373118","7373239","8","173597499"
"chr1","181076506","181076809","chr5","49234420","49234719","37","131842086"
"chr1","181097304","181097601","chr15","11342877","11343173","34","169754427"
"chr1","181100277","181100585","chr6","73393768","73394067","38","107706509"
"chr1","181238683","181239003","chr18","371369","371677","44","180867314"
"chr1","181312745","181312833","chr6","111928830","111928919","9","69383915"
"chr1","181313221","181313376","chr10","29808571","29808733","24","151504650"
"chr1","181332513","181332801","chr1","17956360","17956650","44","163376153"
"chr1","181336619","181336901","chr7","117150838","117151123","33","64185781"
"chr1","181351791","181351893","chr7","84632289","84632392","11","96719502"
"chr1","181352336","181352508","chr1","223601810","223601966","34","42249474"
"chr1","181362984","181363294","chr1","165303175","165303485","31","16059809"
"chr1","181364372","181364682","chr1","165302070","165302375","32","16062302"
"chr1","181389156","181389362","chr6","124382423","124382631","41","57006733"
"chr1","181396512","181396818","chr1","165270135","165270433","43","16126377"
"chr1","181411985","181412292","chr16","9492744","9493038","45","171919241"
"chr1","181487722","181488023","chr9","13634514","13634810","30","167853208"
"chr1","181512481","181512755","chrX","113535640","113535913","32","67976841"
"chr1","181519324","181519639","chr1","165138355","165138660","32","16380969"
"chr1","181520261","181520523","chr10","84666751","84667012","30","96853510"
"chr1","181580930","181581195","chr1","139650554","139650817","34","41930376"
"chr1","181614032","181614321","chr3","2986573","2986865","30","178627459"
"chr1","181697332","181697635","chr1","164962679","164962990","34","16734653"
"chr1","181704405","181704706","chr1","164955267","164955578","32","16749138"
"chr1","181724381","181724686","chr1","164936437","164936751","29","16787944"
"chr1","181731952","181732241","chr1","164928575","164928871","30","16803377"
"chr1","181737557","181737773","chrX","25813318","25813533","34","155924239"
"chr1","181778941","181779232","chr9","5723144","5723434","34","176055797"
"chr1","181809886","181810047","chr15","7101855","7102015","26","174708031"
"chr1","181822312","181822604","chr3","2986573","2986865","28","178835739"
"chr1","181839431","181839595","chr14","84880122","84880288","20","96959309"
"chr1","181839892","181840023","chr2","188339337","188339471","16","6499445"
"chr1","181859840","181860130","chr1","164792614","164792907","32","17067226"
"chr1","181876080","181876375","chr14","15756054","15756351","37","166120026"
"chr1","181883344","181883640","chr1","7446684","7446982","37","174436660"
"chr1","181884995","181885302","chr14","5608163","5608467","39","176276832"
"chr1","181887837","181888134","chr1","164766963","164767263","22","17120874"
"chr1","181891297","181891615","chr1","164763169","164763474","37","17128128"
"chr1","181892663","181892966","chr15","27030987","27031297","51","154861676"
"chr1","181897140","181897410","chr1","164756555","164756802","35","17140585"
"chr1","181897440","181897747","chr16","23838320","23838626","47","158059120"
"chr1","181925366","181925637","chr1","164724099","164724399","40","17201267"
"chr1","181930780","181931024","chr2","134716542","134716777","39","47214238"
"chr1","181941992","181942281","chr1","39808407","39808699","32","142133585"
"chr1","181942926","181943111","chr1","22526172","22526359","25","159416754"
"chr1","181943189","181943483","chr1","164705938","164706237","36","17237251"
"chr1","181952596","181952890","chr16","30959648","30959942","30","150992948"
"chr1","181954168","181954459","chr3","165332839","165333127","36","16621329"
"chr1","181955693","181955985","chr1","164688279","164688575","24","17267414"
"chr1","181956916","181957211","chrX","134977768","134978064","32","46979148"
"chr1","181962898","181963212","chr1","164679523","164679821","40","17283375"
"chr1","181963369","181963659","chr1","164679091","164679377","32","17284278"
"chr1","181966173","181966465","chr3","165332839","165333127","37","16633334"
"chr1","181978315","181978587","chr10","16131491","16131758","41","165846824"
"chr1","181981762","181982061","chr7","41300059","41300359","33","140681703"
"chr1","181989321","181989624","chr5","61994763","61995066","33","119994558"
"chr1","181991338","181991633","chr1","39808407","39808699","41","142182931"
"chr1","181992200","181992364","chr16","43272620","43272787","22","138719580"
"chr1","181993266","181993402","chr1","164648476","164648612","7","17344790"
"chr1","182002146","182002262","chr1","36724240","36724358","15","145277906"
"chr1","182003848","182003954","chr6","68007811","68007918","25","113996037"
"chr1","182004238","182004273","chr10","84409156","84409186","7","97595082"
"chr1","182014572","182014851","chr2","56631386","56631675","49","125383186"
"chr1","182015621","182015929","chr15","41525415","41525718","49","140490206"
"chr1","182041827","182042141","chr1","164598907","164599219","29","17442920"
"chr1","182052387","182052681","chr10","78959894","78960186","34","103092493"
"chr1","182080237","182080545","chr17","1515232","1515536","42","180565005"
"chr1","182152026","182152334","chr1","164486748","164487049","30","17665278"
"chr1","182155741","182156044","chr1","182310341","182310641","57","154600"
"chr1","182158797","182159092","chr1","164481448","164481744","28","17677349"
"chr1","182190721","182191016","chr1","164449288","164449584","22","17741433"
"chr1","182223263","182223551","chr1","211700488","211700776","33","29477225"
"chr1","182231107","182231395","chr1","164409416","164409702","17","17821691"
"chr1","182237385","182237679","chr16","5048763","5049058","26","177188622"
"chr1","182254220","182254521","chr16","23185128","23185409","56","159069092"
"chr1","182265300","182265380","chrX","65821027","65821103","10","116444273"
"chr1","182266474","182266787","chr3","75513199","75513501","40","106753275"
"chr1","182268669","182269019","chr6","155707324","155707658","63","26561345"
"chr1","182307741","182308044","chr1","164330900","164331197","29","17976841"
"chr1","182369189","182369495","chr1","164272013","164272316","24","18097176"
"chr1","182406507","182406789","chr7","42330064","42330342","35","140076443"
"chr1","182508054","182508353","chr1","164136948","164137251","27","18371106"
"chr1","182545073","182545246","chr10","28249751","28249929","26","154295322"
"chr1","182611025","182611156","chr16","30342614","30342746","17","152268411"
"chr1","182647437","182647735","chr7","68708818","68709123","40","113938619"
"chr1","182666240","182666540","chr19","15477368","15477670","38","167188872"
"chr1","182669093","182669260","chrX","557444","557611","23","182111649"
"chr1","182669322","182669617","chr1","163931737","163932032","17","18737585"
"chr1","182671984","182672299","chr19","4764672","4764983","41","177907312"
"chr1","182672899","182673178","chr1","151926651","151926935","41","30746248"
"chr1","182673217","182673231","chr5","93482878","93482891","2","89190339"
"chr1","182676335","182676667","chr1","36811370","36811680","63","145864965"
"chr1","182680267","182680329","chr20","68909283","68909346","10","113770984"
"chr1","182688843","182689137","chr1","163911401","163911692","27","18777442"
"chr1","182707996","182708294","chr6","166511276","166511551","60","16196720"
"chr1","182714058","182714350","chr10","66795107","66795397","36","115918951"
"chr1","182717635","182717927","chr1","38517957","38518249","38","144199678"
"chr1","182724100","182724357","chr9","97012326","97012589","45","85711774"
"chr1","182743966","182744302","chr1","24173970","24174272","69","158569996"
"chr1","182746482","182746629","chr1","160403053","160403201","26","22343429"
"chr1","182758867","182758994","chr1","199510324","199510455","15","16751457"
"chr1","182761518","182761808","chr3","62999264","62999556","30","119762254"
"chr1","182766087","182766249","chr4","4726770","4726935","35","178039317"
"chr1","182778858","182779171","chr7","80576000","80576310","39","102202858"
"chr1","182780370","182780582","chr17","19340513","19340722","30","163439857"
"chr1","182793836","182794127","chr1","163804630","163804934","40","18989206"
"chr1","182795168","182795342","chr1","115668974","115669151","26","67126194"
"chr1","182800296","182800520","chr1","97723066","97723283","31","85077230"
"chr1","182814733","182815047","chr1","163781670","163781979","21","19033063"
"chr1","182824107","182824428","chr1","41805196","41805511","42","141018911"
"chr1","182870012","182870206","chr7","95222121","95222323","31","87647891"
"chr1","182879488","182879763","chr19","13835035","13835309","37","169044453"
"chr1","182929933","182930152","chr2","57463650","57463865","37","125466283"
"chr1","182938864","182939174","chr7","123614361","123614671","38","59324503"
"chr1","183045259","183045555","chr1","163489285","163489576","26","19555974"
"chr1","183094476","183094766","chr1","163439556","163439851","38","19654920"
"chr1","183108740","183109027","chr7","77698309","77698596","36","105410431"
"chr1","183145482","183145765","chr1","163389928","163390224","47","19755554"
"chr1","183161806","183161965","chr1","14757778","14757941","20","168404028"
"chr1","183162638","183162769","chr1","31761742","31761876","19","151400896"
"chr1","183173556","183173805","chr1","163353484","163353744","27","19820072"
"chr1","183209640","183209771","chr1","163316263","163316385","19","19893377"
"chr1","183210852","183211050","chr1","163314968","163315163","11","19895884"
"chr1","183279123","183279382","chr1","163248182","163248439","21","20030941"
"chr1","183295556","183295864","chr5","127085371","127085675","38","56210185"
"chr1","183363205","183363507","chr1","163162499","163162801","20","20200706"
"chr1","183385247","183385547","chr1","9601563","9601859","40","173783684"
"chr1","183386686","183386997","chr1","163137959","163138268","31","20248727"
"chr1","183399765","183400065","chr1","163125959","163126255","17","20273806"
"chr1","183424473","183424636","chr7","136461566","136461722","37","46962907"
"chr1","183431730","183431851","chr17","7561242","7561365","18","175870488"
"chr1","183433557","183433819","chr1","163091764","163092034","28","20341793"
"chr1","183438764","183439048","chr1","163086238","163086532","38","20352526"
"chr1","183441965","183442257","chr4","36940497","36940790","33","146501468"
"chr1","183450501","183450807","chr1","163074994","163075304","33","20375507"
"chr1","183453093","183453401","chr1","163072062","163072372","34","20381031"
"chr1","183463145","183463449","chr2","75953516","75953828","41","107509629"
"chr1","183492483","183492766","chr10","29612469","29612755","49","153880014"
"chr1","183494242","183494459","chr16","18853603","18853823","27","164640639"
"chr1","183506119","183506416","chr20","4217380","4217681","43","179288739"
"chr1","183512832","183513136","chr10","29824099","29824399","38","153688733"
"chr1","183520282","183520439","chr8","38416396","38416555","26","145103886"
"chr1","183544452","183544757","chr4","137421011","137421314","38","46123441"
"chr1","183551971","183552178","chr16","67764130","67764338","27","115787841"
"chr1","183553248","183553557","chr16","51419761","51420066","35","132133487"
"chr1","183553780","183553987","chr1","162967916","162968092","45","20585864"
"chr1","183555779","183555897","chr1","162965651","162965765","9","20590128"
"chr1","183568118","183568423","chr1","162952769","162953076","26","20615349"
"chr1","183572405","183572557","chr1","162948574","162948731","20","20623831"
"chr1","183575380","183575705","chr16","4401576","4401897","47","179173804"
"chr1","183595609","183595879","chr1","162924355","162924625","13","20671254"
"chr1","183604385","183604664","chr1","162915563","162915843","20","20688822"
"chr1","183610369","183610677","chr20","28261989","28262293","36","155348380"
"chr1","183612047","183612202","chr1","161035354","161035507","22","22576693"
"chr1","183616326","183616615","chr1","51464788","51465074","42","132151538"
"chr1","183622545","183622846","chr1","162900302","162900599","42","20722243"
"chr1","183644337","183644638","chr2","44569113","44569418","42","139075224"
"chr1","183645448","183645677","chr16","9675962","9676190","41","173969486"
"chr1","183648387","183648594","chr19","34834553","34834754","23","148813834"
"chr1","183656019","183656145","chr2","69424190","69424316","14","114231829"
"chr1","183656831","183656962","chr11","101420391","101420521","21","82236440"
"chr1","183661986","183662288","chr16","54990041","54990342","43","128671945"
"chr1","183674771","183674871","chr11","51993301","51993399","12","131681470"
"chr1","183676156","183676464","chr1","162846512","162846815","34","20829644"
"chr1","183676864","183677077","chr16","46571531","46571744","28","137105333"
"chr1","183684931","183685249","chr1","162837461","162837755","41","20847470"
"chr1","183685304","183685592","chr1","162837138","162837422","29","20848166"
"chr1","183705905","183706203","chr1","162814223","162814529","27","20891682"
"chr1","183707589","183707885","chr1","162812566","162812863","26","20895023"
"chr1","183717619","183717926","chr1","162801965","162802267","30","20915654"
"chr1","183728009","183728287","chr1","162791494","162791777","26","20936515"
"chr1","183730367","183730651","chr1","162789153","162789418","27","20941214"
"chr1","183731964","183732269","chr8","94510144","94510444","38","89221820"
"chr1","183733070","183733385","chr1","162786107","162786420","20","20946963"
"chr1","183733463","183733589","chr20","27933673","27933803","21","155799790"
"chr1","183734276","183734433","chr4","163565780","163565939","25","20168496"
"chr1","183749699","183749992","chr5","79062872","79063161","40","104686827"
"chr1","183753731","183754028","chr1","162766835","162767136","23","20986896"
"chr1","183762454","183762765","chr1","162758433","162758730","33","21004021"
"chr1","183777096","183777414","chr20","30484300","30484613","44","153292796"
"chr1","183779426","183779587","chr4","107394440","107394589","27","76384986"
"chr1","183780605","183780759","chr2","89615828","89615980","23","94164777"
"chr1","183789296","183789570","chr11","89700088","89700363","30","94089208"
"chr1","183792531","183792832","chr1","162728323","162728614","28","21064208"
"chr1","183801125","183801416","chr1","162720970","162721262","26","21080155"
"chr1","183808510","183808807","chr2","57691932","57692233","31","126116578"
"chr1","183810528","183810827","chr1","162713133","162713436","22","21097395"
"chr1","183817396","183817710","chr1","97853233","97853535","44","85964163"
"chr1","183827672","183827957","chr1","162695310","162695607","33","21132362"
"chr1","183857252","183857359","chr14","195049","195159","15","183662203"
"chr1","183858131","183858427","chr10","75368570","75368867","37","108489561"
"chr1","183861722","183862005","chr1","145830496","145830779","63","38031226"
"chr1","183913322","183913608","chr4","19936763","19937047","41","163976559"
"chr1","183921249","183921551","chr1","162597657","162597954","24","21323592"
"chr1","183924884","183925183","chr7","36934995","36935295","36","146989889"
"chr1","183925265","183925483","chr3","30112008","30112217","42","153813257"
"chr1","183945447","183945651","chr8","65300801","65301004","24","118644646"
"chr1","183945689","183945835","chr1","162574010","162574156","13","21371679"
"chr1","183947199","183947507","chr1","162572352","162572658","27","21374847"
"chr1","183949615","183949916","chr7","18502191","18502489","43","165447424"
"chr1","183962225","183962518","chr7","84112350","84112645","33","99849875"
"chr1","183970515","183970815","chr14","15756054","15756351","32","168214461"
"chr1","183989204","183989490","chr13","29153830","29154120","36","154835374"
"chr1","183996405","183996709","chr1","162523711","162524019","22","21472694"
"chr1","184003156","184003451","chr1","142214846","142215140","35","41788310"
"chr1","184026824","184027128","chr1","162493194","162493473","45","21533630"
"chr1","184072615","184072823","chr15","13335059","13335262","38","170737556"
"chr1","184183712","184184006","chr1","86816862","86817153","30","97366850"
"chr1","184185780","184186088","chr1","162334779","162335074","35","21851001"
"chr1","184220607","184220720","chr4","54111508","54111622","20","130109099"
"chr1","184221336","184221640","chr1","162299463","162299756","35","21921873"
"chr1","184242325","184242525","chr2","204638025","204638229","36","20395700"
"chr1","184310338","184310653","chr1","162176929","162177229","35","22133409"
"chr1","184317449","184317741","chr1","162169522","162169812","35","22147927"
"chr1","184319115","184319369","chr1","162167882","162168137","28","22151233"
"chr1","184321257","184321541","chr1","162165695","162165977","23","22155562"
"chr1","184353330","184353631","chr1","162133635","162133936","26","22219695"
"chr1","184376003","184376311","chr3","126692566","126692873","39","57683437"
"chr1","184376607","184376892","chr1","162110320","162110626","39","22266287"
"chr1","184380886","184381176","chr12","40546888","40547177","32","143833998"
"chr1","184400914","184401205","chr1","52506706","52506998","29","131894208"
"chr1","184402831","184403131","chr1","162083607","162083915","32","22319224"
"chr1","184406712","184407023","chr1","162078520","162078824","32","22328192"
"chr1","184413335","184413508","chr1","45139652","45139830","45","139273683"
"chr1","184414094","184414177","chr1","162068592","162068675","7","22345502"
"chr1","184428288","184428419","chr8","41505677","41505810","25","142922611"
"chr1","184428749","184428921","chr1","15999812","16000000","41","168428937"
"chr1","184445105","184445391","chr1","146413549","146413848","41","38031556"
"chr1","184446932","184447222","chr10","7678604","7678892","33","176768328"
"chr1","184450845","184451143","chr5","184066657","184066960","37","384188"
"chr1","184476628","184476935","chr1","162002435","162002744","37","22474193"
"chr1","184480039","184480337","chr2","118169333","118169624","46","66310706"
"chr1","184484817","184485110","chr1","161993999","161994297","34","22490818"
"chr1","184527452","184527618","chr8","122467386","122467555","25","62060066"
"chr1","184546263","184546546","chr1","161932034","161932316","24","22614229"
"chr1","184570077","184570365","chr3","36442876","36443174","39","148127201"
"chr1","184592241","184592540","chr20","32988098","32988397","36","151604143"
"chr1","184607345","184607478","chr2","95024323","95024454","14","89583022"
"chr1","184630813","184631108","chr1","161849723","161850017","21","22781090"
"chr1","184648810","184649097","chr1","161831860","161832147","40","22816950"
"chr1","184678515","184678818","chr1","161802367","161802678","25","22876148"
"chr1","184684854","184685165","chr15","14245059","14245370","36","170439795"
"chr1","184747917","184748177","chr1","161728118","161728370","24","23019799"
"chr1","184808403","184808699","chr1","161667575","161667884","35","23140828"
"chr1","184829230","184829519","chr1","161646227","161646515","26","23183003"
"chr1","184951858","184952170","chr1","161517971","161518271","24","23433887"
"chr1","184956147","184956456","chr1","161513751","161514063","25","23442396"
"chr1","184959181","184959477","chr5","51540643","51540938","32","133418538"
"chr1","184969125","184969408","chr4","118398210","118398488","53","66570915"
"chr1","184975682","184975976","chr1","161495112","161495406","24","23480570"
"chr1","184998878","184999183","chr7","18502191","18502489","38","166496687"
"chr1","185000131","185000446","chr1","161469028","161469328","46","23531103"
"chr1","185013889","185014167","chr1","37954757","37955032","30","147059132"
"chr1","185020385","185020669","chr1","161450506","161450791","13","23569879"
"chr1","185024797","185024955","chrX","855241","855400","28","184169556"
"chr1","185034201","185034490","chr1","161443402","161443677","39","23590799"
"chr1","185035069","185035361","chr1","161442534","161442825","32","23592535"
"chr1","185039958","185040135","chr6","175663229","175663406","25","9376729"
"chr1","185049997","185050293","chr3","154675847","154676147","32","30374150"
"chr1","185055774","185056071","chr1","161422732","161423028","39","23633042"
"chr1","185068735","185069034","chr5","51540643","51540938","39","133528092"
"chr1","185085654","185085942","chr1","31889744","31890030","39","153195910"
"chr1","185090188","185090261","chr17","81432920","81432997","19","103657268"
"chr1","185090288","185090420","chr10","66401425","66401556","15","118688863"
"chr1","185094115","185094239","chr1","161384233","161384354","18","23709882"
"chr1","185095625","185095757","chr1","161382752","161382881","14","23712873"
"chr1","185097053","185097318","chr1","129089131","129089396","33","56007922"
"chr1","185098936","185099234","chr1","161378545","161378844","26","23720391"
"chr1","185100745","185101053","chr1","161376697","161376998","29","23724048"
"chr1","185109559","185109853","chrX","95137968","95138264","34","89971591"
"chr1","185130389","185130679","chr1","161345130","161345429","30","23785259"
"chr1","185162012","185162276","chr3","44261320","44261580","45","140900692"
"chr1","185173364","185173497","chr4","54093127","54093262","10","131080237"
"chr1","185175359","185175593","chr19","43625773","43626006","25","141549586"
"chr1","185177851","185178147","chrX","46755159","46755454","37","138422692"
"chr1","185195137","185195434","chrX","41694245","41694543","32","143500892"
"chr1","185241062","185241315","chr1","161232987","161233238","38","24008075"
"chr1","185269571","185269871","chr1","161203910","161204209","25","24065661"
"chr1","185293378","185293669","chr1","161179337","161179617","31","24114041"
"chr1","185312559","185312844","chr19","29088081","29088361","37","156224478"
"chr1","185410024","185410334","chr1","161065570","161065870","34","24344454"
"chr1","185437042","185437293","chr6","146609282","146609530","35","38827760"
"chr1","185439523","185439694","chrX","557444","557611","30","184882079"
"chr1","185439965","185440108","chr1","161034303","161034440","18","24405662"
"chr1","185490945","185491044","chr7","82846043","82846151","21","102644902"
"chr1","185498268","185498572","chr1","160976074","160976388","28","24522194"
"chr1","185501845","185502154","chrX","97485671","97485973","44","88016174"
"chr1","185513112","185513411","chr1","160962021","160962315","26","24551091"
"chr1","185516502","185516797","chr10","59548072","59548360","38","125968430"
"chr1","185531186","185531466","chr1","160944148","160944430","20","24587038"
"chr1","185534331","185534501","chrX","557444","557611","28","184976887"
"chr1","185534695","185534811","chr4","24645074","24645185","21","160889621"
"chr1","185539891","185540199","chr1","160935669","160935985","29","24604222"
"chr1","185550108","185550415","chr1","33946106","33946411","42","151604002"
"chr1","185561365","185561675","chr7","26853365","26853670","40","158708000"
"chr1","185565717","185566027","chr1","160907947","160908269","33","24657770"
"chr1","185568855","185569151","chr1","160904557","160904854","28","24664298"
"chr1","185591608","185591910","chr12","57850151","57850455","36","127741457"
"chr1","185615574","185615708","chr1","160856802","160856937","11","24758772"
"chr1","185726709","185727002","chr1","160748090","160748379","28","24978619"
"chr1","185738335","185738594","chr11","101627371","101627629","36","84110964"
"chr1","185808719","185809021","chr3","48992148","48992443","36","136816571"
"chr1","185861849","185862154","chr1","160634862","160635165","27","25226987"
"chr1","185927733","185928029","chr19","16097854","16098158","40","169829879"
"chr1","185933802","185934101","chr6","32157411","32157710","32","153776391"
"chr1","185934977","185935252","chr10","72544803","72545073","38","113390174"
"chr1","186022434","186022746","chr1","22696468","22696779","45","163325966"
"chr1","186077713","186078010","chr1","160413915","160414209","18","25663798"
"chr1","186080211","186080509","chr1","160411396","160411691","31","25668815"
"chr1","186080907","186081117","chr1","160409975","160410182","13","25670932"
"chr1","186084951","186085203","chr1","142978292","142978533","38","43106659"
"chr1","186086906","186087217","chr8","102226747","102227055","38","83860159"
"chr1","186121151","186121435","chr1","160368700","160368984","23","25752451"
"chr1","186128047","186128348","chr1","160361739","160362040","29","25766308"
"chr1","186160645","186160952","chr1","160330950","160331257","21","25829695"
"chr1","186207654","186207966","chr3","180625486","180625795","41","5582168"
"chr1","186237910","186238194","chr5","183597283","183597567","35","2640627"
"chr1","186264526","186264813","chr1","160229167","160229449","28","26035359"
"chr1","186275125","186275442","chr1","160218798","160219120","27","26056327"
"chr1","186298115","186298408","chr1","160195657","160195953","33","26102458"
"chr1","186306533","186306813","chr14","110553219","110553500","37","75753314"
"chr1","186325560","186325846","chr4","40297222","40297520","41","146028338"
"chr1","186456754","186456980","chr10","80980611","80980844","47","105476143"
"chr1","186474673","186474974","chr1","160023427","160023736","36","26451246"
"chr1","186479380","186479506","chr12","100710015","100710142","12","85769365"
"chr1","186499854","186500000","chr6","147844813","147844957","18","38655041"
"chr1","186503058","186503218","chr1","159995236","159995396","14","26507822"
"chr1","186513122","186513411","chr16","10710589","10710878","34","175802533"
"chr1","186525383","186525678","chr1","159972164","159972466","27","26553219"
"chr1","186525927","186526184","chr1","159971658","159971915","20","26554269"
"chr1","186537234","186537506","chr4","16813994","16814264","43","169723240"
"chr1","186537927","186538217","chr15","4100710","4101009","37","182437217"
"chr1","186547732","186547916","chr8","22222411","22222599","30","164325321"
"chr1","186548186","186548297","chr15","10890077","10890189","16","175658109"
"chr1","186627580","186627742","chr14","12217087","12217250","31","174410493"
"chr1","186639019","186639301","chr9","93612664","93612945","41","93026355"
"chr1","186736784","186737081","chr1","159750652","159750957","31","26986132"
"chr1","186763168","186763475","chr1","159723770","159724065","35","27039398"
"chr1","186801927","186802228","chr5","8289100","8289402","34","178512827"
"chr1","186877004","186877298","chr15","77884296","77884590","37","108992708"
"chr1","186879272","186879578","chr6","7684606","7684908","54","179194666"
"chr1","186892758","186893064","chr1","159595016","159595335","35","27297742"
"chr1","186939734","186939872","chr19","47566898","47567036","21","139372836"
"chr1","186976533","186976822","chr19","44781977","44782268","35","142194556"
"chr1","187061290","187061585","chr1","159422929","159423227","37","27638361"
"chr1","187224541","187224841","chr1","159265248","159265559","33","27959293"
"chr1","187247192","187247364","chr1","128814190","128814364","28","58433002"
"chr1","187257958","187258220","chr15","107152054","107152322","37","80105904"
"chr1","187397052","187397363","chr7","64036580","64036888","52","123360472"
"chr1","187952867","187953157","chr8","93041801","93042093","42","94911066"
"chr1","188005795","188006099","chr1","158958436","158958741","34","29047359"
"chr1","188079761","188080024","chr3","42744682","42744942","45","145335079"
"chr1","188093938","188094241","chr1","158862974","158863277","22","29230964"
"chr1","188098193","188098489","chr1","158858697","158859000","30","29239496"
"chr1","188173598","188173909","chr1","125348377","125348684","40","62825221"
"chr1","188291146","188291442","chr7","137866997","137867295","33","50424149"
"chr1","188303471","188303764","chr11","54946715","54947008","38","133356756"
"chr1","188320283","188320579","chr1","200028486","200028781","34","11708203"
"chr1","188328532","188328797","chr1","139650554","139650817","37","48677978"
"chr1","188432742","188433043","chr1","151981371","151981670","34","36451371"
"chr1","188460771","188461082","chr10","31415491","31415793","40","157045280"
"chr1","188587175","188587477","chr1","158380866","158381162","31","30206309"
"chr1","188591968","188592196","chr7","130360802","130361029","44","58231166"
"chr1","188592199","188592521","chr6","32867140","32867448","54","155725059"
"chr1","188645010","188645320","chr1","158323220","158323528","37","30321790"
"chr1","188672493","188672785","chrX","40673024","40673315","40","147999469"
"chr1","188749057","188749357","chr3","21904631","21904931","35","166844426"
"chr1","188855895","188856194","chr1","158111557","158111855","13","30744338"
"chr1","188938781","188939089","chr15","12099600","12099904","36","176839181"
"chr1","188951247","188951555","chr1","157983461","157983770","27","30967786"
"chr1","189011194","189011463","chr1","157923058","157923335","39","31088136"
"chr1","189100409","189100703","chr2","113302279","113302568","36","75798130"
"chr1","189147297","189147598","chr3","154675847","154676147","45","34471450"
"chr1","189152678","189152975","chr1","157795539","157795834","30","31357139"
"chr1","189184814","189185098","chr1","45132288","45132574","36","144052526"
"chr1","189193061","189193373","chr1","157754918","157755227","26","31438143"
"chr1","189232826","189233133","chr17","11947336","11947644","40","177285490"
"chr1","189234700","189234973","chr1","7621621","7621895","58","181613079"
"chr1","189252028","189252381","chr1","97853233","97853535","92","91398795"
"chr1","189288710","189289019","chr1","157658722","157659033","27","31629988"
"chr1","189308643","189308946","chrX","134977768","134978064","43","54330875"
"chr1","189373549","189373841","chr1","39808407","39808699","28","149565142"
"chr1","189439381","189439686","chr1","97853233","97853535","33","91586148"
"chr1","189461643","189461947","chr3","135767525","135767831","39","53694118"
"chr1","189464698","189464998","chr11","40413565","40413866","38","149051133"
"chr1","189483206","189483516","chr1","157461903","157462216","31","32021303"
"chr1","189521610","189521920","chr1","157422546","157422861","31","32099064"
"chr1","189552757","189553083","chr1","157391291","157391631","40","32161466"
"chr1","189660693","189660914","chr13","94935954","94936168","39","94724739"
"chr1","189690666","189690921","chr4","115130097","115130349","45","74560569"
"chr1","189789842","189790143","chr2","44278715","44279014","33","145511127"
"chr1","189817737","189818047","chr1","34227664","34227970","41","155590073"
"chr1","189820834","189821145","chr1","157122894","157123190","35","32697940"
"chr1","189845269","189845505","chr13","32361272","32361506","35","157483997"
"chr1","189855283","189855583","chr1","157089591","157089894","31","32765692"
"chr1","189953095","189953295","chr7","49412007","49412208","29","140541088"
"chr1","190017446","190017497","chr20","53838026","53838071","10","136179420"
"chr1","190121479","190121785","chr1","156775302","156775600","26","33346177"
"chr1","190146341","190146605","chr3","155645632","155645891","30","34500709"
"chr1","190361630","190361913","chr9","64349337","64349618","37","126012293"
"chr1","190365210","190365510","chr1","156586549","156586840","34","33778661"
"chr1","190390792","190391088","chrX","41694245","41694543","36","148696547"
"chr1","190404036","190404275","chr5","7355500","7355743","35","183048536"
"chr1","190579965","190580256","chr1","156376825","156377118","21","34203140"
"chr1","190619381","190619687","chr1","156337810","156338115","19","34281571"
"chr1","190632701","190633012","chr1","156323628","156323944","36","34309073"
"chr1","190639178","190639321","chr15","77563700","77563844","14","113075478"
"chr1","190646705","190646980","chr1","156308573","156308861","32","34338132"
"chr1","190685684","190685974","chr3","106398510","106398795","50","84287174"
"chr1","190693838","190693997","chr20","60918","61074","23","190632920"
"chr1","190709885","190710186","chr1","125979089","125979391","34","64730796"
"chr1","190732173","190732475","chr1","156220508","156220811","30","34511665"
"chr1","190756078","190756386","chr3","38740854","38741157","38","152015224"
"chr1","190772087","190772366","chr1","156179939","156180208","22","34592148"
"chr1","190779513","190779828","chr7","129856864","129857173","41","60922649"
"chr1","190786229","190786467","chr12","60348786","60349015","47","130437443"
"chr1","190825701","190825967","chr1","156122705","156122976","25","34702996"
"chr1","190834624","190834908","chr1","156113755","156114037","25","34720869"
"chr1","190843601","190843906","chr1","156104359","156104668","29","34739242"
"chr1","190915238","190915538","chr1","156034322","156034622","21","34880916"
"chr1","190918197","190918476","chr2","107554790","107555070","36","83363407"
"chr1","190919359","190919664","chr10","80884425","80884733","47","110034934"
"chr1","190953211","190953520","chr4","157263376","157263685","41","33689835"
"chr1","190987913","190988255","chr6","152601714","152602041","52","38386199"
"chr1","191001616","191001908","chr1","155944825","155945110","33","35056791"
"chr1","191009392","191009691","chr1","155937049","155937344","27","35072343"
"chr1","191166382","191166665","chr18","5146676","5146960","34","186019706"
"chr1","191171197","191171494","chr1","155773925","155774224","23","35397272"
"chr1","191227797","191227885","chr1","217601615","217601698","13","26373818"
"chr1","191249090","191249391","chr2","108498003","108498307","52","82751087"
"chr1","191257086","191257375","chr1","155677082","155677382","40","35580004"
"chr1","191339808","191340116","chr1","155594055","155594342","39","35745753"
"chr1","191479863","191480173","chr1","155473033","155473344","25","36006830"
"chr1","191482866","191483188","chr1","155470016","155470340","29","36012850"
"chr1","191500510","191500810","chr1","155453162","155453462","28","36047348"
"chr1","191521946","191522208","chr1","155434742","155435014","25","36087204"
"chr1","191535225","191535376","chr1","29438048","29438196","29","162097177"
"chr1","191571186","191571310","chrX","117855294","117855417","15","73715892"
"chr1","191579001","191579289","chr1","155376107","155376413","38","36202894"
"chr1","191579797","191580066","chr13","10129007","10129278","38","181450790"
"chr1","191582036","191582331","chr1","155372133","155372431","25","36209903"
"chr1","191615875","191616169","chr3","28131625","28131915","37","163484250"
"chr1","191629589","191629881","chr3","41137984","41138279","34","150491605"
"chr1","191632071","191632352","chr1","155319905","155320187","18","36312166"
"chr1","191636268","191636562","chr1","155316955","155317257","31","36319313"
"chr1","191637628","191637919","chr2","46773836","46774126","36","144863792"
"chr1","191638430","191638722","chr1","155314506","155314784","44","36323924"
"chr1","191641309","191641618","chr1","155313312","155313619","37","36327997"
"chr1","191661573","191661862","chr1","155301695","155301991","35","36359878"
"chr1","191670571","191670877","chr11","7057942","7058249","48","184612629"
"chr1","191673202","191673502","chr1","155288032","155288317","40","36385170"
"chr1","191673563","191673692","chr1","41162459","41162585","31","150511104"
"chr1","191676286","191676602","chr14","51659905","51660215","46","140016381"
"chr1","191683576","191683628","chr1","36724160","36724214","11","154959416"
"chr1","191690701","191691014","chr19","31373581","31373896","46","160317120"
"chr1","191696927","191697236","chr6","11866650","11866952","40","179830277"
"chr1","191708906","191709202","chr1","155249101","155249402","34","36459805"
"chr1","191747712","191748028","chr13","100404030","100404345","40","91343682"
"chr1","191765825","191766077","chr13","24107170","24107423","42","167658655"
"chr1","191767461","191767742","chr1","155188675","155188955","27","36578786"
"chr1","191825127","191825438","chr7","21258839","21259148","36","170566288"
"chr1","191869944","191870240","chr7","169588830","169589125","33","22281114"
"chr1","191875439","191875735","chr15","6872633","6872929","45","185002806"
"chr1","191880354","191880367","chr8","127355148","127355160","3","64525206"
"chr1","191880670","191880704","chr2","49762505","49762538","5","142118165"
"chr1","191880917","191881100","chr7","125488868","125489055","35","66392049"
"chr1","191888424","191888727","chr1","155072757","155073064","36","36815667"
"chr1","191902163","191902483","chr3","20214937","20215230","64","171687226"
"chr1","191906841","191907145","chr1","155053884","155054185","49","36852957"
"chr1","191931398","191931703","chr1","155025852","155026152","27","36905546"
"chr1","191942425","191942558","chr15","701327","701460","17","191241098"
"chr1","191954384","191954497","chr15","8794424","8794533","18","183159960"
"chr1","191954554","191954742","chr15","31981090","31981280","34","159973464"
"chr1","191968246","191968540","chr6","177600546","177600839","41","14367700"
"chr1","191971062","191971355","chr1","154987041","154987344","34","36984021"
"chr1","191978269","191978569","chr1","154979350","154979651","23","36998919"
"chr1","191985962","191986256","chr10","14341398","14341690","34","177644564"
"chr1","191996704","191996829","chr9","21529707","21529833","14","170466997"
"chr1","192000484","192000758","chr1","154955758","154956014","28","37044726"
"chr1","192015055","192015177","chrX","113515632","113515757","19","78499423"
"chr1","192016822","192016986","chrX","855241","855400","20","191161581"
"chr1","192018924","192019216","chrX","148090540","148090833","37","43928384"
"chr1","192024842","192025144","chr16","30373022","30373325","34","161651820"
"chr1","192027003","192027296","chr6","171125848","171126147","29","20901155"
"chr1","192067923","192068232","chr1","154886286","154886590","35","37181637"
"chr1","192108550","192108899","chr10","15022601","15022963","62","177085949"
"chr1","192136184","192136480","chr5","139653331","139653632","40","52482853"
"chr1","192143580","192143872","chr19","18025369","18025665","34","174118211"
"chr1","192144776","192145078","chr15","3223320","3223605","61","188921456"
"chr1","192145781","192146082","chr1","154814361","154814665","23","37331420"
"chr1","192154905","192155213","chr1","154804209","154804517","18","37350696"
"chr1","192162398","192162736","chr6","139613149","139613472","54","52549249"
"chr1","192193141","192193434","chr1","154764786","154765085","24","37428355"
"chr1","192220690","192220985","chr1","154735395","154735683","28","37485295"
"chr1","192233103","192233290","chr20","74237643","74237832","33","117995460"
"chr1","192253186","192253481","chr1","154699977","154700268","22","37553209"
"chr1","192278163","192278414","chr7","544667","544919","37","191733496"
"chr1","192280740","192280904","chr6","132206031","132206198","27","60074709"
"chr1","192284620","192284914","chrX","31048911","31049202","40","161235709"
"chr1","192295737","192296035","chr1","154657402","154657710","27","37638335"
"chr1","192303232","192303522","chr1","154649739","154650023","28","37653493"
"chr1","192303880","192304166","chr19","40520971","40521259","31","151782909"
"chr1","192370904","192371191","chr1","154586642","154586937","29","37784262"
"chr1","192388887","192389184","chr1","154570251","154570547","31","37818636"
"chr1","192421151","192421450","chr1","154533702","154533996","30","37887449"
"chr1","192430789","192431097","chr1","182592003","182592310","36","9838786"
"chr1","192458696","192458988","chr1","154498538","154498847","37","37960158"
"chr1","192484737","192485028","chr1","25647657","25647947","36","166837080"
"chr1","192494093","192494361","chr1","154462188","154462452","32","38031905"
"chr1","192514310","192514601","chr12","65951597","65951896","37","126562713"
"chr1","192518914","192519211","chr1","154438254","154438551","21","38080660"
"chr1","192522367","192522660","chr1","154434809","154435106","26","38087558"
"chr1","192552338","192552640","chr19","16277711","16278013","37","176274627"
"chr1","192566095","192566396","chr1","154383252","154383565","37","38182843"
"chr1","192572243","192572536","chr15","9035118","9035412","32","183537125"
"chr1","192576932","192577220","chrX","148090540","148090833","38","44486392"
"chr1","192580945","192581208","chr13","37866675","37866938","34","154714270"
"chr1","192581737","192581939","chr19","13167398","13167592","30","179414339"
"chr1","192593371","192593669","chr1","154357359","154357669","30","38236012"
"chr1","192608121","192608428","chr2","170952694","170953004","38","21655427"
"chr1","192616078","192616136","chr6","57823795","57823851","17","134792283"
"chr1","192616137","192616399","chr5","91591730","91591991","50","101024407"
"chr1","192619124","192619424","chr1","154331140","154331447","37","38287984"
"chr1","192620391","192620698","chr1","221692485","221692784","45","29072094"
"chr1","192628140","192628275","chr14","9171237","9171372","12","183456903"
"chr1","192632192","192632492","chr1","154319549","154319843","23","38312643"
"chr1","192646104","192646279","chr7","122743315","122743483","29","69902789"
"chr1","192655299","192655595","chr1","64584409","64584705","34","128070890"
"chr1","192680356","192680641","chr8","9875967","9876253","33","182804389"
"chr1","192683471","192683633","chrX","95100361","95100524","20","97583110"
"chr1","192695523","192695819","chr1","154253172","154253457","31","38442351"
"chr1","192697209","192697527","chr1","154251472","154251772","42","38445737"
"chr1","192721642","192721921","chr1","154226785","154227063","30","38494857"
"chr1","192759412","192759724","chr1","154188393","154188689","38","38571019"
"chr1","192764998","192765337","chr20","50911980","50912282","64","141853018"
"chr1","192789494","192789797","chr14","47617054","47617352","36","145172440"
"chr1","192828948","192829244","chr1","154123855","154124142","30","38705093"
"chr1","192830276","192830553","chr1","154122528","154122803","27","38707748"
"chr1","192832302","192832344","chr5","85373418","85373463","10","107458884"
"chr1","192835358","192835662","chr2","90065690","90065980","46","102769668"
"chr1","192836448","192836760","chr4","157263376","157263685","39","35573072"
"chr1","192837015","192837325","chr1","154117186","154117495","19","38719829"
"chr1","192867489","192867620","chr3","39515638","39515771","13","153351851"
"chr1","192867705","192867886","chr3","36859317","36859495","33","156008388"
"chr1","192870029","192870323","chr1","154079909","154080204","24","38790120"
"chr1","192871773","192872078","chr1","154077457","154077747","30","38794316"
"chr1","192872992","192873284","chr1","154076278","154076575","27","38796714"
"chr1","192893995","192894288","chr17","24596609","24596903","36","168297386"
"chr1","192896510","192896760","chr10","59910337","59910584","38","132986173"
"chr1","192920659","192920944","chr1","154028495","154028783","24","38892164"
"chr1","192933857","192934150","chr20","4217380","4217681","40","188716477"
"chr1","192962396","192962694","chr1","153986366","153986664","29","38976030"
"chr1","192969026","192969339","chr4","36442400","36442711","39","156526626"
"chr1","193007004","193007289","chr10","70908203","70908485","33","122098801"
"chr1","193017587","193017746","chr14","69005087","69005239","26","124012500"
"chr1","193060182","193060486","chr1","153891743","153892045","26","39168439"
"chr1","193105344","193105623","chr1","126079086","126079365","30","67026258"
"chr1","193109708","193110041","chr1","7216647","7216973","57","185893061"
"chr1","193149965","193150258","chr10","30442537","30442830","33","162707428"
"chr1","193160800","193161099","chr20","42678956","42679249","44","150481844"
"chr1","193169570","193169858","chr1","153785284","153785573","13","39384286"
"chr1","193175637","193175927","chr5","7365971","7366261","42","185809666"
"chr1","193192770","193193080","chr1","153767718","153768017","28","39425052"
"chr1","193196293","193196489","chr12","56585205","56585407","36","136611088"
"chr1","193198392","193198688","chr5","51540643","51540938","32","141657749"
"chr1","193223316","193223627","chr3","123349757","123350068","36","69873559"
"chr1","193233305","193233590","chr12","101488838","101489123","33","91744467"
"chr1","193239417","193239589","chr1","153725864","153726032","12","39513553"
"chr1","193239852","193239936","chr16","12841703","12841771","21","180398149"
"chr1","193241700","193241892","chr1","20997684","20997875","26","172244016"
"chr1","193254423","193254709","chr5","165211439","165211721","43","28042984"
"chr1","193257294","193257594","chr1","153704927","153705220","33","39552367"
"chr1","193259026","193259185","chr3","39811982","39812139","29","153447044"
"chr1","193259753","193259842","chr6","111928830","111928919","9","81330923"
"chr1","193261490","193261560","chr1","153700815","153700885","5","39560675"
"chr1","193261967","193262259","chr2","136348506","136348799","34","56913461"
"chr1","193264148","193264312","chr1","121645266","121645435","25","71618882"
"chr1","193264482","193264639","chr16","7687143","7687299","24","185577339"
"chr1","193265341","193265481","chr17","65711450","65711592","30","127553891"
"chr1","193265706","193266001","chr2","45584883","45585176","40","147680823"
"chr1","193267808","193268093","chr3","43117375","43117667","45","150150433"
"chr1","193278514","193278653","chrX","147148421","147148562","16","46130093"
"chr1","193301620","193301887","chr8","142242840","142243113","34","51058780"
"chr1","193311126","193311430","chr1","153651270","153651575","32","39659856"
"chr1","193321866","193321968","chr3","151235850","151235951","11","42086016"
"chr1","193322418","193322586","chr14","109632667","109632830","27","83689751"
"chr1","193327455","193327752","chr12","97301317","97301616","47","96026138"
"chr1","193356264","193356568","chr1","153604229","153604534","30","39752035"
"chr1","193367159","193367469","chr1","153593366","153593669","26","39773793"
"chr1","193384916","193385205","chr1","153575910","153576219","43","39809006"
"chr1","193389545","193389650","chr8","45625630","45625732","17","147763915"
"chr1","193412976","193413279","chr1","153547088","153547382","30","39865888"
"chr1","193463318","193463619","chr1","153509817","153510118","30","39953501"
"chr1","193513709","193514002","chr19","44781977","44782268","28","148731732"
"chr1","193551538","193551830","chr1","153414378","153414675","32","40137160"
"chr1","193586708","193587004","chr1","153377775","153378078","30","40208933"
"chr1","193595373","193595669","chr1","153368812","153369120","34","40226561"
"chr1","193598852","193599150","chr1","153365552","153365832","38","40233300"
"chr1","193602027","193602313","chr2","20500086","20500372","49","173101941"
"chr1","193636920","193637211","chr1","22949770","22950065","45","170687150"
"chr1","193655753","193655919","chr15","36679319","36679483","25","156976434"
"chr1","193674351","193674518","chr1","153294944","153295107","16","40379407"
"chr1","193674819","193674895","chr1","153294566","153294642","2","40380253"
"chr1","193675828","193676120","chr11","108757122","108757410","38","84918706"
"chr1","193715473","193715776","chr3","44130889","44131190","32","149584584"
"chr1","193720944","193721229","chr1","153247676","153247961","16","40473268"
"chr1","193770701","193771010","chr1","153198081","153198387","26","40572620"
"chr1","193866445","193866727","chr1","153106070","153106349","20","40760375"
"chr1","193912039","193912336","chr1","153060640","153060942","26","40851399"
"chr1","194005077","194005389","chrX","18103921","18104227","42","175901156"
"chr1","194068323","194068633","chr10","12940388","12940688","52","181127935"
"chr1","194095463","194095752","chr1","152849016","152849316","34","41246447"
"chr1","194145159","194145457","chr2","180536035","180536346","47","13609124"
"chr1","194179470","194179764","chr1","152759960","152760252","27","41419510"
"chr1","194184022","194184324","chr3","43331244","43331545","37","150852778"
"chr1","194319411","194319702","chr14","115431247","115431536","37","78888164"
"chr1","194448308","194448485","chr16","72728603","72728785","31","121719705"
"chr1","194458254","194458546","chr7","26706906","26707195","36","167751348"
"chr1","194472052","194472336","chr1","152465490","152465790","40","42006562"
"chr1","194566268","194566569","chr1","152371165","152371464","21","42195103"
"chr1","194574402","194574710","chr3","42882909","42883211","39","151691493"
"chr1","194708796","194708870","chr3","3757104","3757175","11","190951692"
"chr1","194708872","194709012","chr20","19197512","19197650","11","175511360"
"chr1","194710966","194711244","chrX","9013691","9013962","38","185697275"
"chr1","194717083","194717094","chrX","144397042","144397052","1","50320041"
"chr1","194717136","194717420","chr3","162207583","162207866","39","32509553"
"chr1","194726137","194726434","chr1","152201761","152202053","33","42524376"
"chr1","194737196","194737451","chr1","152190726","152190978","24","42546470"
"chr1","194747656","194747770","chr9","15245726","15245837","14","179501930"
"chr1","194767305","194767606","chr8","94510144","94510444","31","100257161"
"chr1","194774404","194774728","chr17","61248597","61248918","44","133525807"
"chr1","194774949","194775188","chr3","68988970","68989207","44","125785979"
"chr1","194810989","194811241","chr1","152121052","152121306","19","42689937"
"chr1","194847827","194848151","chr8","143359493","143359807","53","51488334"
"chr1","194859727","194860009","chr7","107327639","107327927","35","87532088"
"chr1","194881999","194882306","chr1","152046858","152047160","35","42835141"
"chr1","194891102","194891408","chr1","152037688","152037998","26","42853414"
"chr1","194909963","194910263","chr11","123577084","123577376","43","71332879"
"chr1","194946409","194946714","chr13","25494928","25495234","33","169451481"
"chr1","194948529","194948828","chr1","151981371","151981670","25","42967158"
"chr1","194958041","194958337","chr1","151971819","151972124","34","42986222"
"chr1","194967037","194967228","chr17","81861475","81861660","25","113105562"
"chr1","194991123","194991456","chr6","152601714","152602041","47","42389409"
"chr1","195000778","195001080","chr1","151927914","151928207","29","43072864"
"chr1","195001228","195001294","chr6","34141226","34141293","9","160860002"
"chr1","195001362","195001642","chr1","36821041","36821303","65","158180321"
"chr1","195013494","195013784","chr12","9825334","9825625","34","185188160"
"chr1","195014974","195015207","chr16","9675962","9676190","29","185339012"
"chr1","195039287","195039598","chr12","60402194","60402502","48","134637093"
"chr1","195049393","195049652","chrX","135189312","135189569","31","59860081"
"chr1","195050413","195050620","chr16","668407","668615","33","194382006"
"chr1","195051530","195051826","chr2","124098798","124099094","30","70952732"
"chr1","195101259","195101553","chr13","14714807","14715101","39","180386452"
"chr1","195119906","195120203","chr6","73393768","73394067","33","121726138"
"chr1","195134549","195134857","chr1","151797004","151797310","31","43337545"
"chr1","195206431","195206715","chr18","60459178","60459462","38","134747253"
"chr1","195258234","195258532","chr1","151667259","151667558","24","43590975"
"chr1","195363652","195363940","chr1","124900564","124900858","38","70463088"
"chr1","195376637","195376932","chr1","151540700","151540998","25","43835937"
"chr1","195564328","195564547","chr1","151350841","151351060","15","44213487"
"chr1","195630023","195630315","chr10","27527734","27528023","34","168102289"
"chr1","195723863","195724167","chr3","101319684","101319980","46","94404179"
"chr1","195740066","195740351","chr1","222369467","222369738","56","26629401"
"chr1","195834829","195835106","chr7","117919933","117920212","42","77914896"
"chr1","195846547","195846706","chr8","38416396","38416555","28","157430151"
"chr1","195873994","195874277","chr1","34582723","34583007","44","161291271"
"chr1","195945253","195945363","chr7","40424281","40424390","10","155520972"
"chr1","195988753","195989049","chr7","40926065","40926365","42","155062688"
"chr1","196007700","196008011","chr4","30034415","30034722","42","165973285"
"chr1","196026061","196026352","chr7","5537918","5538212","40","190488143"
"chr1","196052065","196052136","chr13","32645048","32645116","7","163407017"
"chr1","196063937","196064236","chr16","60958644","60958941","40","135105293"
"chr1","196072282","196072565","chr1","150815352","150815650","30","45256930"
"chr1","196121384","196121689","chr2","83939908","83940217","43","112181476"
"chr1","196196329","196196646","chr3","74632712","74633025","56","121563617"
"chr1","196203185","196203477","chr1","150686351","150686637","27","45516834"
"chr1","196306444","196306740","chr7","28261349","28261643","42","168045095"
"chr1","196372536","196372843","chr1","150508196","150508505","21","45864340"
"chr1","196410988","196411284","chr7","10974680","10974971","50","185436308"
"chr1","196481545","196481847","chr1","150408127","150408401","48","46073418"
"chr1","196489776","196490056","chr17","86288129","86288402","42","110201647"
"chr1","196778918","196779212","chr1","150108527","150108826","32","46670391"
"chr1","196786600","196786884","chr7","28329692","28329979","32","168456908"
"chr1","196856932","196857236","chr18","45166544","45166832","55","151690388"
"chr1","196859527","196859824","chr16","5297037","5297331","33","191562490"
"chr1","196875471","196875777","chr1","150014093","150014400","20","46861378"
"chr1","197008335","197008551","chr4","116777080","116777297","37","80231255"
"chr1","197018376","197018667","chr1","149877820","149878110","33","47140556"
"chr1","197088676","197088998","chr1","149807457","149807783","45","47281219"
"chr1","197097530","197097814","chr15","43608671","43608956","36","153488859"
"chr1","197262289","197262593","chr1","149634108","149634426","45","47628181"
"chr1","197335158","197335467","chr1","149559338","149559656","38","47775820"
"chr1","197354899","197355188","chr1","149540168","149540457","32","47814731"
"chr1","197379644","197379937","chr1","149515201","149515498","19","47864443"
"chr1","197501535","197501828","chrX","23351237","23351529","41","174150298"
"chr1","197601435","197601726","chr7","68642651","68642941","39","128958784"
"chr1","197641225","197641527","chr2","146462167","146462465","43","51179058"
"chr1","197656117","197656424","chr1","149234178","149234487","29","48421939"
"chr1","197661768","197661786","chr3","46769209","46769226","3","150892559"
"chr1","197662263","197662555","chr16","8821830","8822125","37","188840433"
"chr1","197792560","197792777","chr16","668407","668615","38","197124153"
"chr1","197864327","197864615","chr12","106121161","106121452","40","91743166"
"chr1","197941370","197941662","chr12","109661561","109661853","41","88279809"
"chr1","197944421","197944726","chr1","41726547","41726852","42","156217874"
"chr1","197944814","197945085","chr3","114180244","114180517","32","83764570"
"chr1","197946069","197946363","chr2","146877836","146878139","46","51068233"
"chr1","198031984","198032295","chr1","148858708","148859012","25","49173276"
"chr1","198032442","198032734","chr1","148858268","148858561","33","49174174"
"chr1","198046575","198046856","chr1","148843329","148843596","41","49203246"
"chr1","198054089","198054375","chr1","148836067","148836365","39","49218022"
"chr1","198060274","198060583","chr1","148829898","148830209","35","49230376"
"chr1","198078761","198079074","chr19","16097854","16098158","39","181980907"
"chr1","198112514","198112808","chr1","148777199","148777502","34","49335315"
"chr1","198118994","198119278","chr9","29868563","29868850","52","168250431"
"chr1","198120010","198120152","chr12","100583728","100583865","22","97536282"
"chr1","198120153","198120429","chr13","43827416","43827693","39","154292737"
"chr1","198145640","198145947","chr1","148749922","148750230","29","49395718"
"chr1","198159161","198159462","chr1","39804102","39804403","31","158355059"
"chr1","198160009","198160318","chr3","43024886","43025192","34","155135123"
"chr1","198183562","198183880","chr11","54028665","54029000","67","144154897"
"chr1","198197040","198197333","chr4","103348438","103348728","41","94848602"
"chr1","198230383","198230555","chr2","69424628","69424798","27","128805755"
"chr1","198248110","198248410","chr1","148638731","148639041","33","49609379"
"chr1","198325374","198325654","chr1","148559274","148559565","34","49766100"
"chr1","198355766","198356040","chr7","79619579","79619853","39","118736187"
"chr1","198368453","198368746","chr20","42678956","42679249","35","155689497"
"chr1","198374355","198374642","chr10","4246762","4247058","45","194127593"
"chr1","198378882","198379182","chr1","148505800","148506098","33","49873082"
"chr1","198447149","198447468","chr15","44165980","44166290","36","154281169"
"chr1","198614853","198614983","chr5","85294060","85294183","22","113320793"
"chr1","198675498","198675794","chr6","155190688","155190985","39","43484810"
"chr1","198721554","198721853","chr1","148158012","148158313","28","50563542"
"chr1","198724213","198724525","chr1","148155322","148155633","33","50568891"
"chr1","198841879","198842140","chr4","81361424","81361682","31","117480455"
"chr1","198933244","198933545","chr1","147934440","147934731","35","50998804"
"chr1","199031282","199031595","chr6","129934590","129934892","43","69096692"
"chr1","199122222","199122514","chr1","8282848","8283148","31","190839374"
"chr1","199473967","199474110","chr6","56602654","56602794","25","142871313"
"chr1","199564257","199564565","chr2","68982505","68982810","38","130581752"
"chr1","199572199","199572500","chr1","147267963","147268259","33","52304236"
"chr1","199593074","199593374","chr1","147246785","147247074","33","52346289"
"chr1","199657467","199657713","chr1","147178044","147178294","30","52479423"
"chr1","199685223","199685517","chr1","147150880","147151164","41","52534343"
"chr1","199872116","199872414","chr1","146972279","146972588","25","52899837"
"chr1","199941850","199942098","chr1","41861410","41861660","46","158080440"
"chr1","200319157","200319454","chr1","146730625","146730917","23","53588532"
"chr1","200427733","200428040","chr1","146574708","146575016","23","53853025"
"chr1","200509908","200510197","chr1","146478426","146478725","27","54031482"
"chr1","200515575","200515843","chr1","146472468","146472737","20","54043107"
"chr1","200525173","200525485","chr1","113316039","113316346","40","87209134"
"chr1","200531580","200531886","chr16","54733721","54734021","45","145797859"
"chr1","200533050","200533345","chr1","146456021","146456309","25","54077029"
"chr1","200593252","200593543","chr1","146398889","146399183","33","54194363"
"chr1","200602290","200602573","chr16","48044201","48044494","41","152558089"
"chr1","200609306","200609608","chr1","126170107","126170410","40","74439199"
"chr1","200646700","200647009","chr12","57850151","57850455","31","142796549"
"chr1","200662590","200662905","chr1","146319644","146319941","37","54342946"
"chr1","200664844","200664977","chr2","90766401","90766535","12","109898443"
"chr1","200665020","200665249","chr16","9675962","9676190","30","190989058"
"chr1","200666388","200666686","chr1","52875145","52875442","31","147791243"
"chr1","200691221","200691518","chr15","39460070","39460366","35","161231151"
"chr1","200698425","200698629","chr3","75040560","75040760","30","125657865"
"chr1","200700453","200700726","chr1","146283903","146284185","37","54416550"
"chr1","200711066","200711362","chr1","146257088","146257378","26","54453978"
"chr1","200717613","200717909","chr1","146250733","146251029","24","54466880"
"chr1","200740254","200740429","chr10","83387135","83387313","26","117353119"
"chr1","200745296","200745498","chr19","51434282","51434487","44","149311014"
"chr1","200763502","200763803","chr4","73882488","73882783","37","126881014"
"chr1","200776905","200777203","chr1","146189901","146190202","40","54587004"
"chr1","200805823","200806124","chr1","36905300","36905598","38","163900523"
"chr1","200810324","200810632","chr1","146156378","146156679","25","54653946"
"chr1","200895196","200895488","chr1","146059550","146059837","31","54835646"
"chr1","200950906","200951218","chr9","127339604","127339915","32","73611302"
"chr1","200962422","200962720","chr11","132618021","132618318","37","68344401"
"chr1","200963903","200964223","chr4","137747628","137747942","42","63216275"
"chr1","200967344","200967511","chrX","557444","557611","21","200409900"
"chr1","201000078","201000373","chr1","145958700","145958997","36","55041378"
"chr1","201001222","201001521","chr8","93237278","93237575","35","107763944"
"chr1","201091778","201091912","chr12","121124958","121125092","14","79966820"
"chr1","201093990","201094284","chr1","145870410","145870700","37","55223580"
"chr1","201134909","201135199","chr1","145830496","145830779","30","55304413"
"chr1","201135577","201135858","chr1","145829810","145830104","34","55305767"
"chr1","201158080","201158397","chr12","102235696","102236026","51","98922384"
"chr1","201168218","201168528","chr16","3552453","3552761","37","197615765"
"chr1","201220451","201220725","chr16","2595927","2596207","53","198624524"
"chr1","201233186","201233497","chrX","23558557","23558868","31","177674629"
"chr1","201246287","201246466","chr3","36859317","36859495","30","164386970"
"chr1","201288326","201288636","chr20","65919942","65920252","47","135368384"
"chr1","201295851","201296158","chr1","138419220","138419525","32","62876631"
"chr1","201298107","201298394","chr3","58189784","58190078","36","143108323"
"chr1","201303364","201303666","chr1","145648483","145648795","45","55654881"
"chr1","201309810","201310103","chr1","145642466","145642769","31","55667344"
"chr1","201320562","201320850","chr1","145631678","145631970","28","55688884"
"chr1","201345270","201345576","chr8","46093647","46093960","45","155251623"
"chr1","201370275","201370580","chr1","145564401","145564712","31","55805874"
"chr1","201384938","201385237","chr5","145119293","145119591","36","56265645"
"chr1","201394912","201395122","chr12","58853743","58853952","48","142541169"
"chr1","201398808","201399125","chr3","55556828","55557129","44","145841980"
"chr1","201401243","201401529","chr13","105186785","105187080","38","96214458"
"chr1","201408499","201408804","chr1","146389373","146389676","36","55019126"
"chr1","201423132","201423430","chr1","145513212","145513510","27","55909920"
"chr1","201430310","201430576","chr1","145506244","145506532","39","55924066"
"chr1","201437880","201438024","chr1","44053019","44053164","23","157384861"
"chr1","201438509","201438674","chr3","35912965","35913133","23","165525544"
"chr1","201632919","201633005","chr20","54265712","54265795","12","147367207"
"chr1","201633296","201633522","chr4","14069039","14069266","34","187564257"
"chr1","201637915","201638231","chr1","145288447","145288744","42","56349468"
"chr1","201666709","201666977","chr1","145253702","145253970","27","56413007"
"chr1","201823759","201823926","chrX","557444","557611","28","201266315"
"chr1","201824133","201824264","chr2","95024323","95024454","16","106799810"
"chr1","201895455","201895764","chr1","145006672","145006980","39","56888783"
"chr1","201937397","201937680","chrX","92648390","92648667","42","109289007"
"chr1","202021949","202022239","chr9","90820027","90820317","36","111201922"
"chr1","202054629","202054927","chr1","144830694","144830981","33","57223935"
"chr1","202060525","202060834","chr1","144824390","144824717","46","57236135"
"chr1","202115431","202115729","chr7","54800820","54801122","37","147314611"
"chr1","202194595","202194749","chr13","43952281","43952438","29","158242314"
"chr1","202272570","202272863","chr2","84110268","84110561","39","118162302"
"chr1","202288762","202289010","chr1","144633512","144633745","31","57655250"
"chr1","202517266","202517548","chr1","144407934","144408235","37","58109332"
"chr1","202524411","202524699","chr1","144402617","144402901","30","58121794"
"chr1","202537401","202537695","chr1","144389631","144389929","25","58147770"
"chr1","202692037","202692347","chr1","144239260","144239571","24","58452777"
"chr1","202781949","202782272","chr1","144144733","144145059","44","58637216"
"chr1","202838541","202838854","chr7","21258839","21259148","37","181579702"
"chr1","202917453","202917760","chr1","144001997","144002294","33","58915456"
"chr1","202964393","202964699","chr16","48596389","48596693","40","154368004"
"chr1","203031966","203032110","chr1","27794417","27794561","27","175237549"
"chr1","203103600","203103896","chr1","143798435","143798735","29","59305165"
"chr1","203113237","203113543","chr3","127341339","127341639","43","75771898"
"chr1","203127077","203127359","chr8","63836992","63837276","30","139290085"
"chr1","203229876","203230044","chr5","147464846","147465006","36","55765030"
"chr1","203233262","203233577","chr1","143731954","143732260","39","59501308"
"chr1","203237063","203237264","chr10","31351364","31351563","28","171885699"
"chr1","203258816","203259121","chr6","149542276","149542579","46","53716540"
"chr1","203287675","203287946","chr11","110301805","110302074","44","92985870"
"chr1","203293921","203294213","chr1","143664795","143665084","22","59629126"
"chr1","203298503","203298815","chr6","103394322","103394632","42","99904181"
"chr1","203321167","203321340","chr16","22888303","22888475","30","180432864"
"chr1","203368163","203368463","chr1","143585813","143586107","24","59782350"
"chr1","203372662","203372971","chr1","187526615","187526922","37","15846047"
"chr1","203373934","203374223","chr1","143580064","143580346","26","59793870"
"chr1","203375395","203375648","chr1","143578589","143578851","33","59796806"
"chr1","203419775","203420113","chr1","143534163","143534474","43","59885612"
"chr1","203460819","203461102","chr10","27527734","27528023","37","175933085"
"chr1","203469198","203469505","chr1","143486935","143487237","30","59982263"
"chr1","203485300","203485578","chr1","143470929","143471207","28","60014371"
"chr1","203492803","203493083","chr1","143463444","143463724","30","60029359"
"chr1","203493190","203493407","chr3","41546131","41546341","40","161947059"
"chr1","203516095","203516390","chr1","143440212","143440507","19","60075883"
"chr1","203522312","203522617","chr1","143433593","143433901","23","60088719"
"chr1","203543358","203543648","chr1","143401923","143402223","27","60141435"
"chr1","203561202","203561335","chr16","4243061","4243190","21","199318141"
"chr1","203606467","203606767","chr1","143331437","143331734","25","60275030"
"chr1","203625055","203625357","chr1","143312706","143313008","30","60312349"
"chr1","203669521","203669812","chr1","143271227","143271519","15","60398294"
"chr1","203674830","203675133","chr2","68650264","68650572","40","135024566"
"chr1","203698371","203698658","chr1","143240130","143240419","22","60458241"
"chr1","203707807","203708099","chr20","8006906","8007198","32","195700901"
"chr1","203789973","203790278","chr7","40275096","40275394","40","163514877"
"chr1","203792535","203792803","chr1","143146154","143146432","34","60646381"
"chr1","203808028","203808302","chr9","12622765","12623053","44","191185263"
"chr1","203812964","203813256","chr2","69273471","69273769","49","134539493"
"chr1","203828673","203828960","chr11","132437462","132437750","34","71391211"
"chr1","203915504","203915812","chr1","143025288","143025590","29","60890216"
"chr1","203962530","203962772","chr1","142978292","142978533","14","60984238"
"chr1","204078243","204078552","chr7","18502191","18502489","37","185576052"
"chr1","204095010","204095178","chr6","63963732","63963899","20","140131278"
"chr1","204116270","204116576","chr20","55147901","55148203","45","148968369"
"chr1","204186569","204186899","chrX","127457222","127457527","60","76729347"
"chr1","204249661","204249955","chr1","142653788","142654087","30","61595873"
"chr1","204273182","204273490","chr1","142630277","142630585","29","61642905"
"chr1","204311678","204311986","chr2","101348065","101348376","39","102963613"
"chr1","204317029","204317334","chr4","157007981","157008283","49","47309048"
"chr1","204335475","204335710","chr3","126821063","126821303","34","77514412"
"chr1","204343953","204344266","chr1","142562794","142563096","42","61781159"
"chr1","204363685","204363998","chr3","123365932","123366242","46","80997753"
"chr1","204369198","204369345","chr8","84405447","84405596","19","119963751"
"chr1","204373573","204373873","chr1","142534003","142534295","29","61839570"
"chr1","204376046","204376200","chr1","49885004","49885147","30","154491042"
"chr1","204392126","204392426","chr12","61578241","61578537","35","142813885"
"chr1","204403402","204403690","chr1","142505939","142506226","27","61897463"
"chr1","204407552","204407687","chr11","121199431","121199566","14","83208121"
"chr1","204424340","204424597","chr1","142485237","142485509","27","61939103"
"chr1","204440855","204441145","chr1","142467593","142467880","22","61973262"
"chr1","204442536","204442677","chr10","36114591","36114726","14","168327945"
"chr1","204443050","204443178","chr3","54039332","54039457","22","150403718"
"chr1","204447011","204447161","chr10","66400574","66400723","28","138046437"
"chr1","204447163","204447474","chr8","131966023","131966329","62","72481140"
"chr1","204456213","204456527","chr1","142452581","142452895","32","62003632"
"chr1","204481543","204481839","chrX","130555559","130555852","31","73925984"
"chr1","204489996","204490291","chr4","42823211","42823505","34","161666785"
"chr1","204492149","204492430","chr12","38901004","38901285","39","165591145"
"chr1","204509634","204509929","chr1","142394599","142394896","26","62115035"
"chr1","204541099","204541390","chr17","82385964","82386257","35","122155135"
"chr1","204541817","204542115","chr1","142362339","142362637","24","62179478"
"chr1","204557735","204558034","chr1","142348794","142349101","35","62208941"
"chr1","204567074","204567338","chr15","42398013","42398282","43","162169061"
"chr1","204572246","204572557","chr4","33097167","33097475","43","171475079"
"chr1","204590114","204590414","chr1","142315008","142315318","31","62275106"
"chr1","204596157","204596419","chr13","24966834","24967093","39","179629323"
"chr1","204606638","204606931","chr1","142300943","142301237","32","62305695"
"chr1","204612697","204612992","chr1","142296778","142297081","33","62315919"
"chr1","204614674","204614848","chr14","118920793","118920963","28","85693881"
"chr1","204619696","204619974","chr3","133373744","133374018","35","71245952"
"chr1","204622908","204623052","chr3","36388025","36388169","21","168234883"
"chr1","204623348","204623517","chr9","28310079","28310249","25","176313269"
"chr1","204629009","204629297","chr1","142278131","142278431","31","62350878"
"chr1","204631655","204631758","chr17","11926089","11926190","9","192705566"
"chr1","204640581","204640872","chr1","142264143","142264443","31","62376438"
"chr1","204642580","204642870","chr7","59596417","59596708","37","145046163"
"chr1","204644274","204644485","chr11","103847201","103847416","26","100797073"
"chr1","204654814","204655114","chr2","203073803","203074102","46","1581011"
"chr1","204667705","204668011","chr1","142241984","142242282","30","62425721"
"chr1","204669442","204669620","chr16","53414256","53414427","33","151255186"
"chr1","204670306","204670475","chr14","84880122","84880288","24","119790184"
"chr1","204670506","204670626","chr8","137715921","137716042","16","66954585"
"chr1","204679594","204679843","chr11","113760466","113760722","45","90919128"
"chr1","204694871","204695167","chr1","140166438","140166735","36","64528433"
"chr1","204713961","204714255","chr3","37781364","37781654","38","166932597"
"chr1","204715240","204715404","chr1","223601810","223601966","36","18886570"
"chr1","204719775","204720041","chr1","142187847","142188126","39","62531928"
"chr1","204720097","204720353","chr3","35600837","35601083","53","169119260"
"chr1","204728273","204728543","chr1","137315334","137315596","30","67412939"
"chr1","204728946","204729192","chr4","115577265","115577514","39","89151681"
"chr1","204740816","204741025","chr16","14036863","14037070","31","190703953"
"chr1","204742209","204742518","chr1","142165369","142165676","25","62576840"
"chr1","204744396","204744695","chr1","142163199","142163497","17","62581197"
"chr1","204757945","204758250","chr1","142149344","142149656","31","62608601"
"chr1","204762669","204762896","chr12","113711315","113711544","29","91051354"
"chr1","204766776","204766920","chr7","16748615","16748755","22","188018161"
"chr1","204767180","204767300","chrX","53921250","53921385","32","150845930"
"chr1","204771942","204772223","chr16","74357750","74358042","52","130414192"
"chr1","204774004","204774288","chr7","40703992","40704269","42","164070012"
"chr1","204774312","204774468","chr2","103374839","103374999","28","101399473"
"chr1","204785914","204786087","chr5","109211684","109211852","44","95574230"
"chr1","204788425","204788692","chr1","139650554","139650817","33","65137871"
"chr1","204800912","204801113","chr3","12719728","12719927","21","192081184"
"chr1","204802099","204802253","chr7","135130943","135131082","28","69671156"
"chr1","204805086","204805307","chr1","142100768","142100984","21","62704318"
"chr1","204842334","204842615","chr6","88360747","88361027","46","116481587"
"chr1","204845057","204845357","chr1","142050868","142051169","33","62794189"
"chr1","204846303","204846611","chr1","142049619","142049903","42","62796684"
"chr1","204851417","204851696","chr1","142044902","142045181","36","62806515"
"chr1","204884107","204884403","chr10","14656347","14656645","40","190227760"
"chr1","204886173","204886481","chr13","33262171","33262472","48","171624002"
"chr1","204890380","204890679","chr1","142004924","142005223","20","62885456"
"chr1","204897882","204898159","chr13","10129007","10129278","40","194768875"
"chr1","204920485","204920708","chr6","140015934","140016183","46","64904551"
"chr1","204921374","204921676","chr7","113559810","113560113","35","91361564"
"chr1","204946547","204946808","chr13","95906722","95906993","56","109039825"
"chr1","204949560","204949848","chr13","92379163","92379449","30","112570397"
"chr1","204976491","204976786","chr2","111123439","111123734","33","93853052"
"chr1","205048324","205048622","chr1","141833613","141833923","34","63214711"
"chr1","205130203","205130452","chr1","145957287","145957541","32","59172916"
"chr1","205155934","205156109","chr1","141715013","141715186","18","63440921"
"chr1","205166213","205166503","chr19","53106955","53107239","39","152059258"
"chr1","205270164","205270442","chr19","51756301","51756576","43","153513863"
"chr1","205340153","205340463","chr1","141530949","141531258","24","63809204"
"chr1","205352793","205353086","chr1","141519855","141520152","23","63832938"
"chr1","205396342","205396649","chr10","85563639","85563943","41","119832703"
"chr1","205422613","205422910","chr19","33742345","33742643","32","171680268"
"chr1","205588161","205588404","chr15","9253301","9253545","29","196334860"
"chr1","205590382","205590648","chr8","120799337","120799602","32","84791045"
"chr1","205603904","205604203","chr1","141219584","141219886","21","64384320"
"chr1","205617273","205617545","chr19","28816414","28816692","47","176800859"
"chr1","205789450","205789748","chr12","65951597","65951896","38","139837853"
"chr1","205809990","205810161","chr7","165092908","165093077","34","40717082"
"chr1","205831170","205831466","chr3","36442876","36443174","26","169388294"
"chr1","205838780","205838888","chr5","169539239","169539350","17","36299541"
"chr1","205838889","205839184","chr7","131815224","131815529","48","74023665"
"chr1","205839185","205839276","chr1","161410047","161410127","38","44429138"
"chr1","205839312","205839468","chr3","160490400","160490565","33","45348912"
"chr1","205863484","205863782","chr1","140907090","140907384","31","64956394"
"chr1","205868690","205868974","chr1","140902137","140902431","38","64966553"
"chr1","205880779","205881089","chr1","217488292","217488601","37","11607513"
"chr1","205907174","205907465","chr1","140864366","140864658","35","65042808"
"chr1","205912935","205913235","chr6","35367989","35368287","33","170544946"
"chr1","205938402","205938710","chr1","140831002","140831310","21","65107400"
"chr1","205951928","205952040","chr3","122814630","122814743","14","83137298"
"chr1","205958094","205958397","chr7","40063489","40063797","37","165894605"
"chr1","205958751","205958990","chr12","80456402","80456644","37","125502349"
"chr1","205982604","205982911","chr1","140787693","140787994","35","65194911"
"chr1","205985038","205985344","chr1","140785535","140785846","36","65199503"
"chr1","206062714","206063005","chr19","8296029","8296309","42","197766685"
"chr1","206074841","206075123","chr1","140691962","140692226","28","65382879"
"chr1","206087600","206087655","chr4","114561649","114561698","18","91525951"
"chr1","206093891","206094189","chr1","140673704","140674016","37","65420187"
"chr1","206117479","206117793","chr1","140649480","140649796","41","65467999"
"chr1","206126509","206126802","chr6","116810267","116810558","38","89316242"
"chr1","206134374","206134667","chr1","140632966","140633274","42","65501408"
"chr1","206175183","206175472","chr1","140588996","140589293","33","65586187"
"chr1","206176892","206177029","chr2","80224302","80224438","13","125952590"
"chr1","206185919","206186046","chr19","38786900","38787030","19","167399019"
"chr1","206186370","206186550","chr3","36859317","36859495","29","169327053"
"chr1","206188699","206189013","chr2","41291254","41291571","37","164897445"
"chr1","206190872","206190971","chr11","127339646","127339744","12","78851226"
"chr1","206194864","206195156","chr20","10530484","10530775","42","195664380"
"chr1","206206573","206206885","chr1","140558536","140558851","25","65648037"
"chr1","206222053","206222361","chr1","121525551","121525856","41","84696502"
"chr1","206225712","206226008","chr1","140538917","140539217","32","65686795"
"chr1","206226013","206226319","chr1","140538601","140538916","27","65687412"
"chr1","206250588","206250780","chr7","126315477","126315677","46","79935111"
"chr1","206263906","206264190","chr5","57079136","57079413","42","149184770"
"chr1","206266106","206266257","chr1","12240468","12240612","17","194025638"
"chr1","206282538","206282838","chr3","182938022","182938323","37","23344516"
"chr1","206303804","206303930","chr3","156138746","156138871","23","50165058"
"chr1","206318071","206318152","chr17","13636074","13636156","13","192681997"
"chr1","206321308","206321619","chr1","140443629","140443935","23","65877679"
"chr1","206330090","206330401","chrX","17563383","17563690","39","188766707"
"chr1","206346036","206346327","chr1","140418938","140419203","44","65927098"
"chr1","206361786","206362094","chr19","44723965","44724269","34","161637821"
"chr1","206370786","206371067","chr1","140393332","140393631","41","65977454"
"chr1","206387861","206388168","chr1","23131693","23131994","38","183256168"
"chr1","206391508","206391801","chr1","140372669","140372959","22","66018839"
"chr1","206395090","206395336","chr10","20819513","20819760","31","185575577"
"chr1","206396551","206396748","chr3","92539761","92539958","27","113856790"
"chr1","206416743","206417033","chrX","113172541","113172834","34","93244202"
"chr1","206419210","206419381","chr9","28310079","28310249","25","178109131"
"chr1","206422164","206422464","chr3","2986573","2986865","62","203435591"
"chr1","206426441","206426743","chr1","140338477","140338792","34","66087964"
"chr1","206428360","206428614","chrX","113227375","113227627","32","93200985"
"chr1","206432392","206432695","chr3","48901956","48902259","34","157530436"
"chr1","206436093","206436356","chr19","34150348","34150603","43","172285745"
"chr1","206437945","206438232","chr14","95533933","95534220","40","110904012"
"chr1","206450264","206450495","chr9","30064275","30064511","38","176385989"
"chr1","206462975","206463285","chr1","140301804","140302103","40","66161171"
"chr1","206465004","206465047","chrX","41233833","41233871","14","165231171"
"chr1","206473882","206474050","chr14","84880122","84880288","31","121593760"
"chr1","206488219","206488516","chr14","15756054","15756351","37","190732165"
"chr1","206490073","206490389","chr1","140274647","140274965","28","66215426"
"chr1","206497521","206497803","chr9","12622765","12623053","33","193874756"
"chr1","206505719","206506000","chr3","164558229","164558511","38","41947490"
"chr1","206510610","206510919","chr1","140253007","140253307","33","66257603"
"chr1","206526464","206526756","chr1","140235115","140235408","34","66291349"
"chr1","206526967","206527267","chr10","80251899","80252198","35","126275068"
"chr1","206533741","206533890","chr20","65902013","65902162","19","140631728"
"chr1","206534715","206535010","chr1","140225143","140225438","35","66309572"
"chr1","206539778","206540069","chr1","140211500","140211805","35","66328278"
"chr1","206543524","206543811","chr1","140207496","140207790","28","66336028"
"chr1","206544837","206544985","chr8","84405874","84406030","36","122138963"
"chr1","206554934","206555185","chr15","59238046","59238292","37","147316888"
"chr1","206559444","206559752","chr8","122699495","122699806","36","83859949"
"chr1","206559881","206560057","chr20","16586159","16586341","37","189973722"
"chr1","206562494","206562787","chrX","8591299","8591598","40","197971195"
"chr1","206587606","206587897","chr1","140166438","140166735","30","66421168"
"chr1","206593026","206593285","chr16","18125518","18125773","38","188467508"
"chr1","206595926","206596223","chr1","140157570","140157873","32","66438356"
"chr1","206598929","206599078","chr1","49878115","49878258","24","156720814"
"chr1","206625471","206625716","chr16","44689279","44689519","42","161936192"
"chr1","206625737","206625962","chr9","58391766","58391990","30","148233971"
"chr1","206628428","206628739","chr1","140119173","140119475","41","66509255"
"chr1","206629161","206629450","chr7","28329692","28329979","33","178299469"
"chr1","206629699","206630000","chr4","28111384","28111688","39","178518315"
"chr1","206635569","206635865","chr3","64580661","64580960","30","142054908"
"chr1","206646619","206646771","chr15","89149263","89149414","20","117497356"
"chr1","206659933","206660209","chr2","93178298","93178570","46","113481635"
"chr1","206672719","206673020","chr1","140067356","140067659","28","66605363"
"chr1","206681443","206681621","chr19","50138324","50138500","23","156543119"
"chr1","206704184","206704422","chr11","1347587","1347822","35","205356597"
"chr1","206707390","206707681","chr1","140019343","140019646","37","66688047"
"chr1","206729408","206729606","chr15","50493542","50493745","23","156235866"
"chr1","206730401","206730509","chr1","39198637","39198744","14","167531764"
"chr1","206732756","206732897","chr6","56602654","56602794","29","150130102"
"chr1","206732912","206733017","chr14","195049","195159","15","206537863"
"chr1","206733776","206733896","chr10","62752755","62752877","31","143981021"
"chr1","206742015","206742308","chr2","203408242","203408535","30","3333773"
"chr1","206752235","206752539","chr1","139974943","139975245","23","66777292"
"chr1","206753260","206753562","chr14","15756054","15756351","38","190997206"
"chr1","206757610","206757916","chr1","139969910","139970220","27","66787700"
"chr1","206766582","206766887","chr1","139960265","139960569","22","66806317"
"chr1","206777555","206777850","chr1","139947754","139948056","31","66829801"
"chr1","206779722","206780002","chr1","139945239","139945535","34","66834483"
"chr1","206785035","206785215","chr1","30225662","30225846","37","176559373"
"chr1","206796409","206796742","chr1","139926391","139926686","87","66870018"
"chr1","206797860","206798166","chr1","139924974","139925276","28","66872886"
"chr1","206803428","206803499","chr5","151066614","151066684","12","55736814"
"chr1","206803620","206803919","chr16","45755211","45755510","34","161048409"
"chr1","206807132","206807422","chr1","139915886","139916164","35","66891246"
"chr1","206814388","206814646","chr11","47464708","47464967","39","159349680"
"chr1","206817698","206817966","chr1","139905454","139905725","23","66912244"
"chr1","206824557","206824883","chr3","126268695","126269015","52","80555862"
"chr1","206848218","206848509","chr13","33880269","33880559","31","172967949"
"chr1","206862359","206862658","chr1","139860750","139861050","28","67001609"
"chr1","206867773","206868078","chrX","16119994","16120296","34","190747779"
"chr1","206868363","206868535","chrX","135049076","135049247","29","71819287"
"chr1","206880248","206880547","chr14","115306587","115306883","31","91573661"
"chr1","206892329","206892523","chr7","133114354","133114541","35","73777975"
"chr1","206893778","206894089","chr1","4731654","4731965","40","202162124"
"chr1","206908135","206908438","chr19","28619196","28619498","39","178288939"
"chr1","206912901","206913189","chr1","139806664","139806945","30","67106237"
"chr1","206966425","206966633","chr1","110063218","110063417","31","96903207"
"chr1","206974417","206974717","chr1","43419061","43419362","31","163555356"
"chr1","206975692","206975987","chr1","139742191","139742487","32","67233501"
"chr1","207014687","207014994","chr6","73393768","73394067","41","133620919"
"chr1","207044406","207044709","chr1","139670190","139670481","31","67374216"
"chr1","207126976","207127112","chr10","71389735","71389870","12","135737241"
"chr1","207147451","207147728","chr7","121068909","121069186","35","86078542"
"chr1","207174210","207174486","chr16","47640430","47640706","43","159533780"
"chr1","207181942","207182265","chr1","137706165","137706485","31","69475777"
"chr1","207206683","207206966","chr11","123250225","123250511","35","83956458"
"chr1","207209728","207210018","chr1","9601563","9601859","36","197608165"
"chr1","207215654","207215939","chr2","54577651","54577936","69","152638003"
"chr1","207222945","207223249","chr1","137742075","137742391","31","69480870"
"chr1","207238191","207238491","chr1","137768132","137768422","31","69470059"
"chr1","207243717","207244019","chr1","137773672","137773980","24","69470045"
"chr1","207248945","207249079","chr14","9310120","9310254","15","197938825"
"chr1","207279735","207280066","chr6","9436850","9437173","41","197842885"
"chr1","207281246","207281368","chr2","16029476","16029601","13","191251770"
"chr1","207282990","207283291","chr1","137813142","137813424","42","69469848"
"chr1","207295383","207295539","chr11","8190542","8190703","27","199104841"
"chr1","207302711","207303009","chr14","61533327","61533624","34","145769384"
"chr1","207361403","207361576","chr3","32667940","32668109","31","174693463"
"chr1","207361911","207362197","chr1","56345493","56345772","44","151016418"
"chr1","207362648","207362958","chr1","137892353","137892660","32","69470295"
"chr1","207384374","207384684","chr1","137909911","137910217","29","69474463"
"chr1","207416702","207416973","chr1","137942146","137942419","23","69474556"
"chr1","207450046","207450354","chr3","142934307","142934610","36","64515739"
"chr1","207525600","207525909","chr1","138056614","138056915","34","69468986"
"chr1","207533587","207533882","chr11","68151683","68151981","35","139381904"
"chr1","207544891","207545201","chr1","138076125","138076432","29","69468766"
"chr1","207572241","207572531","chr1","138100872","138101162","29","69471369"
"chr1","207579753","207580047","chr1","138108343","138108646","34","69471410"
"chr1","207606541","207606843","chr4","32554574","32554877","38","175051967"
"chr1","207607788","207608081","chr1","138158720","138159020","30","69449068"
"chr1","207630538","207630808","chr10","12659402","12659674","39","194971136"
"chr1","207694555","207694868","chr1","138247024","138247327","31","69447531"
"chr1","207696475","207696658","chr7","125488868","125489055","31","82207607"
"chr1","207709940","207710245","chr1","138263353","138263652","30","69446587"
"chr1","207721793","207722087","chr9","900129","900422","39","206821664"
"chr1","207756990","207757291","chr1","138312822","138313142","46","69444168"
"chr1","207774405","207774708","chr1","138330209","138330517","30","69444196"
"chr1","207775228","207775299","chrX","25133927","25133999","11","182641301"
"chr1","207778313","207778596","chr10","53132033","53132318","29","154646280"
"chr1","207780564","207780618","chr16","5143360","5143415","13","202637204"
"chr1","207800619","207800754","chr12","121124958","121125092","19","86675661"
"chr1","207804241","207804537","chr1","9601563","9601859","32","198202678"
"chr1","207815784","207816086","chr1","138371800","138372102","16","69443984"
"chr1","207824962","207825275","chr1","138381104","138381411","27","69443858"
"chr1","207883120","207883244","chr2","69424190","69424316","17","138458930"
"chr1","208107817","208108112","chr15","47684746","47685042","38","160423071"
"chr1","208119205","208119368","chr3","65985284","65985445","33","142133921"
"chr1","208191527","208191820","chr7","68537177","68537469","31","139654350"
"chr1","208223735","208223964","chr20","2171621","2171826","51","206052114"
"chr1","208607051","208607356","chr1","138997114","138997423","29","69609937"
"chr1","208633975","208634269","chr16","5625017","5625313","36","203008958"
"chr1","208706547","208706869","chr2","78919604","78919915","61","129786943"
"chr1","208729178","208729476","chr1","139116095","139116396","24","69613083"
"chr1","208741093","208741200","chr6","68007811","68007918","25","140733282"
"chr1","208741687","208741816","chr5","77736065","77736198","19","131005622"
"chr1","208792487","208792787","chr1","139180433","139180733","13","69612054"
"chr1","208848324","208848633","chr4","172045248","172045551","38","36803076"
"chr1","208875055","208875370","chr1","139261526","139261819","50","69613529"
"chr1","209000001","209000162","chrX","95100361","95100524","27","113899640"
"chr1","209033707","209033996","chr14","30263101","30263394","39","178770606"
"chr1","209037095","209037372","chr7","117919933","117920212","37","91117162"
"chr1","209040624","209040793","chr1","66836166","66836336","30","142204458"
"chr1","209050389","209050702","chr1","139435458","139435769","28","69614931"
"chr1","209094246","209094570","chr6","153254165","153254475","66","55840081"
"chr1","209096702","209096888","chr14","48315903","48316088","27","160780799"
"chr1","209097185","209097320","chr10","38983120","38983255","13","170114065"
"chr1","209125696","209125986","chr1","139563905","139564206","33","69561791"
"chr1","209225460","209225752","chr16","53343046","53343333","60","155882414"
"chr1","209235157","209235328","chr8","25829334","25829500","36","183405823"
"chr1","209246116","209246410","chr1","204857613","204857899","25","4388503"
"chr1","209262381","209262688","chr1","204874974","204875277","26","4387407"
"chr1","209265101","209265390","chr16","740941","741230","33","208524160"
"chr1","209299761","209300059","chr2","84267225","84267531","43","125032536"
"chr1","209305414","209305648","chr16","9675962","9676190","51","199629452"
"chr1","209334941","209335072","chr6","155856694","155856826","15","53478247"
"chr1","209402748","209403040","chr1","205009599","205009889","26","4393149"
"chr1","209424517","209424789","chr9","22464274","22464549","49","186960243"
"chr1","209578848","209579152","chr1","205168770","205169070","24","4410078"
"chr1","209587597","209587897","chr15","34388050","34388352","42","175199547"
"chr1","209621938","209622174","chr14","70269001","70269234","37","139352937"
"chr1","209632047","209632354","chr1","205219965","205220270","25","4412082"
"chr1","209650166","209650452","chr11","111767780","111768072","44","97882386"
"chr1","209668334","209668623","chr5","51540643","51540938","34","158127691"
"chr1","209743452","209743761","chrX","1982991","1983297","42","207760461"
"chr1","209763624","209763912","chr18","66393755","66394044","30","143369869"
"chr1","209789488","209789700","chr19","29270644","29270853","37","180518844"
"chr1","209789740","209789831","chr1","153220210","153220294","17","56569530"
"chr1","209794681","209794988","chr1","53362799","53363106","32","156431882"
"chr1","209817793","209818085","chr6","106918219","106918513","44","102899574"
"chr1","209823173","209823473","chrX","18944021","18944317","31","190879152"
"chr1","209826192","209826490","chr1","205406271","205406566","30","4419921"
"chr1","209829414","209829706","chr1","205410187","205410478","26","4419227"
"chr1","209832372","209832666","chr16","5048763","5049058","33","204783609"
"chr1","209837854","209838163","chr3","182704785","182705087","40","27133069"
"chr1","209845478","209845795","chr6","170401565","170401867","53","39443913"
"chr1","209909510","209909537","chr11","69929821","69929847","1","139979689"
"chr1","209909570","209909880","chr1","36516905","36517189","57","173392665"
"chr1","209922271","209922493","chr1","22462825","22463049","51","187459446"
"chr1","209925665","209925938","chr1","42284145","42284430","47","167641520"
"chr1","209952110","209952412","chr1","205538392","205538691","32","4413718"
"chr1","209970260","209970495","chr10","13382025","13382256","28","196588235"
"chr1","209976895","209977189","chr1","205564479","205564770","34","4412416"
"chr1","209996001","209996214","chr11","118500754","118500968","21","91495247"
"chr1","209996226","209996342","chr1","205577261","205577377","11","4418965"
"chr1","210000001","210000228","chr5","185915874","185916101","31","24084127"
"chr1","210022673","210022948","chr12","95596518","95596793","39","114426155"
"chr1","210025878","210026182","chr16","75708657","75708959","37","134317221"
"chr1","210026432","210026636","chr6","175777222","175777417","38","34249210"
"chr1","210035174","210035325","chr10","59907389","59907536","26","150127785"
"chr1","210038352","210038646","chr3","43006950","43007246","37","167031402"
"chr1","210040329","210040620","chr1","205625072","205625363","26","4415257"
"chr1","210052602","210052904","chr7","78361509","78361804","43","131691093"
"chr1","210063775","210064083","chr10","88466146","88466455","30","121597629"
"chr1","210066615","210066905","chr1","205652670","205652963","30","4413945"
"chr1","210082010","210082273","chr7","55705195","55705456","31","154376815"
"chr1","210087552","210087826","chr7","68687687","68687968","37","141399865"
"chr1","210089183","210089329","chr12","111971011","111971153","20","98118172"
"chr1","210091442","210091599","chr7","136461566","136461722","25","73629876"
"chr1","210095680","210095963","chr1","205682184","205682467","24","4413496"
"chr1","210107935","210108235","chr1","205694938","205695235","29","4412997"
"chr1","210110296","210110471","chr15","46486135","46486298","27","163624161"
"chr1","210110699","210110852","chr13","50221369","50221522","26","159889330"
"chr1","210113305","210113617","chr2","134722051","134722362","44","75391254"
"chr1","210135262","210135498","chr19","7788887","7789121","24","202346375"
"chr1","210137846","210137961","chr1","128607504","128607619","9","81530342"
"chr1","210138400","210138683","chrX","45568553","45568831","40","164569847"
"chr1","210139981","210140251","chr16","9395172","9395452","34","200744809"
"chr1","210144683","210144820","chr11","63259700","63259833","19","146884983"
"chr1","210147412","210147708","chr3","21160342","21160639","35","188987070"
"chr1","210154037","210154311","chr17","969913","970187","36","209184124"
"chr1","210160461","210160772","chr10","67755219","67755528","45","142405242"
"chr1","210165000","210165274","chr13","96489709","96489975","35","113675291"
"chr1","210166289","210166592","chr1","205751989","205752283","31","4414300"
"chr1","210180193","210180355","chr14","48582731","48582900","31","161597462"
"chr1","210180479","210180611","chr4","168443863","168443995","22","41736616"
"chr1","210239997","210240304","chr12","57850151","57850455","39","152389846"
"chr1","210245481","210245771","chr1","205833745","205834035","28","4411736"
"chr1","210253336","210253622","chr1","205842772","205843052","24","4410564"
"chr1","210259078","210259373","chr6","135792933","135793226","52","74466145"
"chr1","210267099","210267394","chr3","1691355","1691649","27","208575744"
"chr1","210288092","210288389","chr1","205869296","205869596","29","4418796"
"chr1","210294779","210295078","chr1","205876101","205876409","31","4418678"
"chr1","210307632","210307915","chr1","205889735","205890016","23","4417897"
"chr1","210367243","210367519","chr7","6899095","6899368","38","203468148"
"chr1","210369271","210369587","chrX","113202274","113202584","45","97166997"
"chr1","210387876","210387990","chrX","8656290","8656402","14","201731586"
"chr1","210403585","210403729","chr1","8697846","8697995","25","201705739"
"chr1","210430746","210431053","chr1","206009573","206009880","27","4421173"
"chr1","210436773","210437083","chr1","206015517","206015829","28","4421256"
"chr1","210451493","210451802","chr2","18256829","18257131","40","192194664"
"chr1","210464272","210464558","chr1","206043792","206044076","27","4420480"
"chr1","210490816","210491120","chr14","5623089","5623387","38","204867727"
"chr1","210509118","210509413","chr1","109990924","109991216","32","100518194"
"chr1","210613828","210614134","chr15","12222323","12222628","58","198391505"
"chr1","210618816","210619108","chr1","206198154","206198453","35","4420662"
"chr1","210621696","210621832","chr2","41004651","41004787","10","169617045"
"chr1","210631326","210631617","chr7","19158397","19158683","45","191472929"
"chr1","210669809","210670037","chr15","1189218","1189446","24","209480591"
"chr1","210715503","210715815","chr1","4731654","4731965","40","205983849"
"chr1","210759140","210759265","chr15","5386488","5386613","17","205372652"
"chr1","210761271","210761566","chr16","24462629","24462923","36","186298642"
"chr1","210830530","210830830","chr11","8104075","8104368","33","202726455"
"chr1","210835606","210835897","chr1","206419668","206419957","17","4415938"
"chr1","210867420","210867572","chr20","65902013","65902162","18","144965407"
"chr1","210905059","210905207","chr8","103450330","103450478","23","107454729"
"chr1","210940574","210940869","chr1","206562015","206562301","30","4378559"
"chr1","211063875","211064133","chr1","23989806","23990058","40","187074069"
"chr1","211272264","211272557","chr1","206899187","206899476","24","4373077"
"chr1","211342291","211342600","chr8","83631652","83631960","36","127710639"
"chr1","211359566","211359854","chr19","34897530","34897818","30","176462036"
"chr1","211391013","211391323","chrX","41410373","41410694","53","169980640"
"chr1","211618928","211619221","chr14","111646507","111646801","36","99972421"
"chr1","211630939","211631239","chr1","207271221","207271529","29","4359718"
"chr1","211640524","211640802","chrX","148237929","148238207","35","63402595"
"chr1","211643770","211644076","chr20","28261989","28262293","42","183381781"
"chr1","211645329","211645632","chr14","19098861","19099159","42","192546468"
"chr1","211659740","211659879","chr17","9362160","9362294","15","202297580"
"chr1","211659880","211660171","chr1","207298034","207298327","36","4361846"
"chr1","211669019","211669312","chr1","207307292","207307585","17","4361727"
"chr1","211673941","211674244","chr5","8289100","8289402","31","203384841"
"chr1","211699228","211699537","chr6","73393768","73394067","37","138305460"
"chr1","211705305","211705609","chrX","124173449","124173750","37","87531856"
"chr1","211781446","211781565","chr1","33954996","33955119","20","177826450"
"chr1","211782143","211782310","chr1","92775022","92775189","27","119007121"
"chr1","211864797","211865080","chr3","22062023","22062307","42","189802774"
"chr1","211886963","211887198","chr7","21507773","21508006","31","190379190"
"chr1","211887889","211888182","chr1","14191187","14191478","40","197696702"
"chr1","211888810","211889096","chr1","207534482","207534769","30","4354328"
"chr1","211946711","211947004","chr1","77983381","77983674","31","133963330"
"chr1","211958535","211958833","chr1","207607198","207607501","27","4351337"
"chr1","211964257","211964397","chr15","65759763","65759896","26","146204494"
"chr1","211979111","211979404","chr1","207625079","207625363","30","4354032"
"chr1","212097336","212097643","chr1","207748784","207749087","31","4348552"
"chr1","212144348","212144611","chr1","207799398","207799673","33","4344950"
"chr1","212144771","212145020","chr20","8862977","8863226","36","203281794"
"chr1","212145271","212145462","chr12","115674238","115674427","26","96471033"
"chr1","212151937","212152238","chr1","207807274","207807574","16","4344663"
"chr1","212158512","212158822","chr13","105303664","105303967","32","106854848"
"chr1","212161645","212161813","chr16","4172524","4172689","26","207989121"
"chr1","212165542","212165717","chr19","30244151","30244322","25","181921391"
"chr1","212180565","212180849","chr1","51464788","51465074","33","160715777"
"chr1","212184962","212185238","chr1","207840358","207840634","28","4344604"
"chr1","212208872","212209169","chr8","94510144","94510444","37","117698728"
"chr1","212253815","212254100","chr15","9289093","9289377","39","202964722"
"chr1","212256052","212256355","chr1","207913790","207914097","30","4342262"
"chr1","212370058","212370173","chrX","59859494","59859610","15","152510564"
"chr1","212478315","212478569","chr2","78933552","78933814","41","133544763"
"chr1","212515330","212515619","chr1","208165802","208166098","29","4349528"
"chr1","212519298","212519593","chr1","208170545","208170839","26","4348753"
"chr1","212576511","212576792","chrX","38237955","38238237","37","174338556"
"chr1","212615283","212615581","chr14","7643073","7643368","40","204972210"
"chr1","212638896","212639120","chr14","111685372","111685596","42","100953524"
"chr1","212641842","212642140","chr1","208287378","208287686","32","4354464"
"chr1","212652147","212652448","chr1","208297665","208297973","28","4354482"
"chr1","212664920","212665226","chr6","164331804","164332111","36","48333116"
"chr1","212670716","212671025","chr3","21904631","21904931","39","190766085"
"chr1","212673587","212673882","chr1","208320040","208320334","20","4353547"
"chr1","212720689","212720998","chr1","208360963","208361269","32","4359726"
"chr1","212892972","212893110","chrX","130438301","130438440","18","82454671"
"chr1","212955901","212956200","chr7","139326824","139327125","35","73629077"
"chr1","212957433","212957711","chr10","84017809","84018084","36","128939624"
"chr1","213076652","213076948","chr1","208714472","208714766","26","4362180"
"chr1","213137027","213137334","chr1","208772608","208772923","35","4364419"
"chr1","213215281","213215589","chr1","208850567","208850872","35","4364714"
"chr1","213231648","213231959","chr4","170626839","170627148","46","42604809"
"chr1","213289315","213289607","chr1","208926841","208927133","23","4362474"
"chr1","213293317","213293596","chr1","208931124","208931404","32","4362193"
"chr1","213295959","213296233","chr1","208933579","208933853","26","4362380"
"chr1","213298054","213298337","chr11","33392847","33393132","34","179905207"
"chr1","213315432","213315655","chr2","46084052","46084278","35","167231380"
"chr1","213357827","213358128","chr4","137421011","137421314","41","75936816"
"chr1","213361093","213361397","chr1","209055608","209055914","34","4305485"
"chr1","213363306","213363618","chr1","209057752","209058064","41","4305554"
"chr1","213391789","213392103","chr1","209085907","209086224","30","4305882"
"chr1","213393441","213393750","chr3","165546058","165546363","41","47847383"
"chr1","213394804","213395112","chr17","27628283","27628590","39","185766521"
"chr1","213404256","213404329","chr1","209098379","209098453","6","4305877"
"chr1","213404814","213405047","chr1","209098934","209099168","29","4305880"
"chr1","213426992","213427297","chr4","14524143","14524444","43","198902849"
"chr1","213452808","213453107","chr1","21672807","21673105","32","191780001"
"chr1","213497793","213498086","chr3","101319684","101319980","31","112178109"
"chr1","213580129","213580404","chr14","110553219","110553500","34","103026910"
"chr1","213601077","213601367","chr19","44781977","44782268","26","168819100"
"chr1","213625793","213626099","chr5","8289100","8289402","27","205336693"
"chr1","213663820","213664127","chr1","38412022","38412324","42","175251798"
"chr1","213673506","213673785","chr1","209366984","209367256","26","4306522"
"chr1","213683211","213683520","chr14","104809864","104810174","30","108873347"
"chr1","213689269","213689560","chr16","24462629","24462923","32","189226640"
"chr1","213691648","213691957","chr1","209385756","209386065","30","4305892"
"chr1","213744158","213744453","chr13","11438541","11438838","37","202305617"
"chr1","213768253","213768564","chr1","209459116","209459424","26","4309137"
"chr1","213826180","213826490","chr1","209517500","209517797","36","4308680"
"chr1","213830672","213830976","chr1","209522336","209522627","36","4308336"
"chr1","213861629","213861903","chr15","40988593","40988874","34","172873036"
"chr1","213864817","213865111","chr1","209556754","209557077","41","4308063"
"chr1","213888012","213888289","chr1","209579616","209579908","31","4308396"
"chr1","213915416","213915709","chr12","61578241","61578537","41","152337175"
"chr1","213941134","213941332","chr6","147680507","147680699","39","66260627"
"chr1","213971645","213971939","chr4","105401676","105401972","40","108569969"
"chr1","213982762","213983064","chr16","38603697","38603996","45","175379065"
"chr1","213995048","213995358","chr2","83939908","83940217","40","130055140"
"chr1","214013972","214014177","chr15","45300441","45300647","33","168713531"
"chr1","214075136","214075436","chr1","209804884","209805180","33","4270252"
"chr1","214108939","214109237","chr1","209862208","209862512","37","4246731"
"chr1","214119267","214119283","chr2","88102400","88102416","2","126016867"
"chr1","214119309","214119590","chr6","73721121","73721404","38","140398188"
"chr1","214188124","214188424","chr1","36905300","36905598","43","177282824"
"chr1","214207322","214207633","chr1","209951313","209951624","29","4256009"
"chr1","214213100","214213401","chr8","38791119","38791413","38","175421981"
"chr1","214257300","214257585","chr1","209991418","209991703","22","4265882"
"chr1","214289662","214289727","chr1","210022531","210022596","7","4267131"
"chr1","214296008","214296242","chr1","210028238","210028486","29","4267770"
"chr1","214296302","214296610","chr1","210028544","210028846","29","4267758"
"chr1","214304343","214304647","chr12","118461467","118461769","42","95842876"
"chr1","214311988","214312292","chr14","15756054","15756351","35","198555934"
"chr1","214350046","214350342","chr1","210072000","210072297","24","4278046"
"chr1","214440745","214441047","chr20","59910040","59910341","43","154530705"
"chr1","214474220","214474533","chr1","210195773","210196087","34","4278447"
"chr1","214520223","214520518","chr1","210245378","210245677","28","4274845"
"chr1","214521256","214521557","chr1","210246420","210246715","27","4274836"
"chr1","214526800","214527110","chr12","106103474","106103785","46","108423326"
"chr1","214552308","214552604","chr1","210277617","210277921","30","4274691"
"chr1","214622916","214623210","chr1","210338643","210338938","18","4284273"
"chr1","214625608","214625910","chr1","210341293","210341623","53","4284315"
"chr1","214653145","214653422","chr3","178976330","178976618","38","35676815"
"chr1","214681130","214681303","chr7","135343131","135343304","24","79337999"
"chr1","214698403","214698711","chr12","57850151","57850455","35","156848252"
"chr1","214706941","214707253","chr1","210421011","210421332","28","4285930"
"chr1","214736054","214736339","chr16","10710589","10710878","39","204025465"
"chr1","214760316","214760628","chr1","210474635","210474944","33","4285681"
"chr1","214926175","214926471","chr1","210635314","210635612","28","4290861"
"chr1","214929092","214929265","chr3","96122448","96122622","30","118806644"
"chr1","214941236","214941491","chr1","210652960","210653214","21","4288276"
"chr1","214951134","214951457","chr1","210662521","210662815","54","4288613"
"chr1","214955242","214955371","chr17","92027699","92027828","14","122927543"
"chr1","214975956","214976252","chr4","7669219","7669513","31","207306737"
"chr1","214989831","214990124","chr1","210699167","210699455","28","4290664"
"chr1","214996420","214996541","chr7","139104429","139104548","14","75891991"
"chr1","214996590","214996722","chr14","2902914","2903050","25","212093676"
"chr1","215009173","215009458","chr1","210716260","210716547","30","4292913"
"chr1","215020359","215020650","chr1","210727895","210728181","26","4292464"
"chr1","215022123","215022433","chr3","182942691","182942998","33","32079432"
"chr1","215023934","215024228","chr1","210731437","210731737","20","4292497"
"chr1","215030784","215031083","chr1","210738168","210738467","21","4292616"
"chr1","215031416","215031711","chr1","210738800","210739095","15","4292616"
"chr1","215067133","215067276","chr4","45326705","45326852","18","169740428"
"chr1","215073540","215073664","chr16","64036320","64036445","15","151037220"
"chr1","215074947","215075230","chr7","6898037","6898319","34","208176910"
"chr1","215082308","215082637","chr11","92700000","92700321","48","122382308"
"chr1","215110018","215110327","chr1","210818842","210819147","45","4291176"
"chr1","215111587","215111875","chr6","177049221","177049516","42","38062366"
"chr1","215135596","215135871","chrX","49166555","49166839","41","165969041"
"chr1","215158058","215158282","chr19","45691670","45691893","26","169466388"
"chr1","215175096","215175381","chr1","210885185","210885469","26","4289911"
"chr1","215258189","215258517","chr1","210977897","210978217","41","4280292"
"chr1","215292714","215293028","chr12","106103474","106103785","34","109189240"
"chr1","215308917","215309205","chrX","23351237","23351529","35","191957680"
"chr1","215317440","215317744","chr3","165546058","165546363","40","49771382"
"chr1","215339390","215339677","chr1","211059286","211059564","32","4280104"
"chr1","215384523","215384814","chr1","8696071","8696362","39","206688452"
"chr1","215418465","215418757","chr16","10782192","10782484","36","204636273"
"chr1","215431945","215432261","chr1","182310341","182310641","40","33121604"
"chr1","215440962","215441156","chr1","22526172","22526359","26","192914790"
"chr1","215509150","215509423","chr1","211230143","211230425","37","4279007"
"chr1","215509822","215510132","chr1","211230826","211231126","34","4278996"
"chr1","215515096","215515395","chr1","211236093","211236398","38","4279003"
"chr1","215525657","215525891","chr1","27384767","27385000","34","188140890"
"chr1","215536357","215536647","chr19","3204626","3204912","44","212331731"
"chr1","215541526","215541842","chr1","211263251","211263557","34","4278275"
"chr1","215543672","215543905","chr10","27024480","27024722","44","188519192"
"chr1","215587653","215587940","chr1","211307355","211307639","28","4280298"
"chr1","215590280","215590386","chr1","62231025","62231129","14","153359255"
"chr1","215591153","215591441","chr1","211310816","211311117","31","4280337"
"chr1","215599221","215599526","chr14","93549199","93549506","33","122050022"
"chr1","215622141","215622448","chrX","52560249","52560544","41","163061892"
"chr1","215622640","215622776","chr10","29597170","29597304","16","186025470"
"chr1","215630195","215630339","chr6","56602654","56602794","19","159027541"
"chr1","215631978","215632278","chr1","211352750","211353044","33","4279228"
"chr1","215643904","215644184","chr13","65708117","65708395","33","149935787"
"chr1","215650395","215650686","chr1","38517957","38518249","31","177132438"
"chr1","215659498","215659793","chr1","211381378","211381681","40","4278120"
"chr1","215659888","215660173","chr6","130689193","130689479","40","84970695"
"chr1","215679319","215679444","chr1","211402555","211402686","14","4276764"
"chr1","215689617","215689900","chr1","211412010","211412295","29","4277607"
"chr1","215691411","215691649","chr14","101521727","101521971","38","114169684"
"chr1","215693981","215694263","chr1","41691570","41691860","35","174002411"
"chr1","215705979","215706275","chrX","134977768","134978064","34","80728211"
"chr1","215706786","215707067","chr1","211425750","211426035","23","4281036"
"chr1","215715064","215715366","chr5","8289100","8289402","40","207425964"
"chr1","215716734","215717033","chr1","211435824","211436115","37","4280910"
"chr1","215727080","215727259","chr9","10939703","10939868","57","204787377"
"chr1","215732738","215732914","chr19","30244151","30244322","23","185488587"
"chr1","215749249","215749433","chr4","130421985","130422172","44","85327264"
"chr1","215757665","215757968","chr1","211476728","211477028","31","4280937"
"chr1","215761178","215761478","chr1","211480792","211481091","27","4280386"
"chr1","215762392","215762526","chr3","43244909","43245044","17","172517483"
"chr1","215764031","215764270","chr16","9675962","9676190","38","206088069"
"chr1","215764909","215765201","chr11","48892425","48892714","34","166872484"
"chr1","215801560","215801854","chr1","211522830","211523136","37","4278730"
"chr1","215820421","215820729","chr1","211542113","211542408","34","4278308"
"chr1","215835390","215835653","chr1","211558550","211558814","16","4276840"
"chr1","215836400","215836711","chr1","164718470","164718780","59","51117930"
"chr1","215843906","215844194","chr1","211567051","211567338","23","4276855"
"chr1","215884082","215884393","chr1","131473145","131473453","47","84410937"
"chr1","215899055","215899187","chr3","72355560","72355693","17","143543495"
"chr1","215899191","215899534","chr3","182704785","182705087","73","33194406"
"chr1","215900009","215900179","chr1","211626449","211626612","17","4273560"
"chr1","215905157","215905460","chr1","211631922","211632217","32","4273235"
"chr1","215907923","215908222","chr1","211635817","211636128","33","4272106"
"chr1","215911777","215911976","chr19","13167398","13167592","31","202744379"
"chr1","215912813","215912970","chr11","2912101","2912246","33","213000712"
"chr1","215916933","215917223","chr20","58308745","58309042","39","157608188"
"chr1","215917782","215918091","chr7","68708818","68709123","40","147208964"
"chr1","215918216","215918302","chr7","126526300","126526388","13","89391916"
"chr1","215918514","215918713","chr2","167568017","167568216","29","48350497"
"chr1","215930200","215930495","chr20","54561107","54561400","30","161369093"
"chr1","215930845","215931151","chrX","15989207","15989511","45","199941638"
"chr1","215931814","215931910","chr7","162283431","162283525","14","53648383"
"chr1","215938133","215938429","chr1","211657128","211657434","42","4281005"
"chr1","215941599","215941899","chr14","15756054","15756351","39","200185545"
"chr1","215957939","215958058","chr6","85833974","85834092","18","130123965"
"chr1","215962129","215962440","chr1","211676930","211677239","30","4285199"
"chr1","215971148","215971443","chrX","110604131","110604430","38","105367017"
"chr1","215971920","215971934","chr16","38396444","38396459","1","177575476"
"chr1","215972947","215973213","chr13","49397973","49398236","44","166574974"
"chr1","215973302","215973601","chr1","211687424","211687729","47","4285878"
"chr1","215981357","215981491","chr2","90766401","90766535","18","125214956"
"chr1","215981803","215981970","chrX","855241","855400","23","215126562"
"chr1","215985673","215985967","chr1","211700488","211700776","22","4285185"
"chr1","215992137","215992355","chr13","94935954","94936168","43","121056183"
"chr1","215992424","215992556","chr9","19020492","19020623","18","196971932"
"chr1","215993056","215993353","chr13","87682766","87683064","27","128310290"
"chr1","215996265","215996449","chr1","211710937","211711111","38","4285328"
"chr1","215996703","215996838","chr1","211711421","211711556","7","4285282"
"chr1","215999633","215999922","chr16","10710589","10710878","26","205289044"
"chr1","216004837","216005057","chr4","159136615","159136832","38","56868222"
"chr1","216013842","216014135","chr17","19947384","19947679","39","196066458"
"chr1","216031394","216031573","chr3","18303536","18303710","26","197727858"
"chr1","216037742","216037858","chrX","59859494","59859610","11","156178248"
"chr1","216048009","216048316","chr1","211765437","211765736","24","4282572"
"chr1","216057489","216057692","chr12","58853743","58853952","37","157203746"
"chr1","216073606","216073895","chr5","7365971","7366261","32","208707635"
"chr1","216080617","216080871","chr1","211799579","211799846","25","4281038"
"chr1","216101307","216101605","chr8","30311278","30311575","31","185790029"
"chr1","216105587","216105882","chr4","115563678","115563976","30","100541909"
"chr1","216107031","216107332","chr1","211829074","211829366","35","4277957"
"chr1","216114553","216114850","chr1","211836926","211837223","26","4277627"
"chr1","216149663","216149958","chr1","211868363","211868671","35","4281300"
"chr1","216150387","216150699","chr1","211869109","211869422","35","4281278"
"chr1","216151576","216151871","chr5","61588682","61588978","37","154562894"
"chr1","216163348","216163651","chr10","72646766","72647064","38","143516582"
"chr1","216175576","216175853","chr7","62550872","62551158","43","153624704"
"chr1","216181190","216181499","chr13","74777853","74778158","38","141403337"
"chr1","216188207","216188521","chr1","211902904","211903213","29","4285303"
"chr1","216197349","216197647","chr1","8282848","8283148","32","207914501"
"chr1","216200357","216200645","chr5","51540643","51540938","35","164659714"
"chr1","216201659","216201950","chr9","5713218","5713508","33","210488441"
"chr1","216202354","216202649","chr8","93049829","93050127","33","123152525"
"chr1","216210962","216211216","chr3","177861438","177861697","40","38349524"
"chr1","216225115","216225155","chr18","11584550","11584587","7","204640565"
"chr1","216227651","216227957","chr1","126331785","126332094","34","89895866"
"chr1","216255947","216256257","chrX","130457211","130457521","39","85798736"
"chr1","216262388","216262669","chr1","130788993","130789275","36","85473395"
"chr1","216262716","216263007","chr7","63746033","63746325","34","152516683"
"chr1","216288224","216288481","chr1","139650554","139650817","31","76637670"
"chr1","216288681","216288877","chr8","6930633","6930848","50","209358048"
"chr1","216297488","216297799","chr1","22330364","22330673","34","193967124"
"chr1","216358051","216358391","chr8","58180069","58180396","57","158177982"
"chr1","216363734","216364045","chr1","4191461","4191774","37","212172273"
"chr1","216404507","216404663","chr11","110189195","110189346","32","106215312"
"chr1","216408953","216409242","chr1","212121666","212121958","44","4287287"
"chr1","216438053","216438383","chr20","3512868","3513188","48","212925185"
"chr1","216441395","216441703","chr1","212155946","212156247","41","4285449"
"chr1","216449102","216449406","chr1","212163832","212164141","24","4285270"
"chr1","216458098","216458314","chr11","68114692","68114912","27","148343406"
"chr1","216459166","216459449","chr15","102089153","102089436","35","114370013"
"chr1","216474520","216474822","chr14","113112487","113112784","43","103362033"
"chr1","216477353","216477642","chrX","115930311","115930603","41","100547042"
"chr1","216481723","216481999","chr1","212196502","212196783","33","4285221"
"chr1","216494624","216494922","chr1","212209345","212209641","29","4285279"
"chr1","216516543","216516685","chr7","27092525","27092662","18","189424018"
"chr1","216516831","216516970","chr8","28345136","28345276","15","188171695"
"chr1","216528041","216528337","chr16","48001050","48001345","32","168526991"
"chr1","216563673","216563903","chr10","61029967","61030201","43","155533706"
"chr1","216571190","216571470","chr5","1459273","1459553","35","215111917"
"chr1","216577385","216577552","chr1","212287640","212287811","21","4289745"
"chr1","216588625","216588902","chr9","120828742","120829024","41","95759883"
"chr1","216593807","216594107","chr1","212304970","212305267","27","4288837"
"chr1","216613202","216613521","chr12","57850151","57850455","41","158763051"
"chr1","216623746","216623898","chr11","116835719","116835870","28","99788027"
"chr1","216629184","216629415","chr7","130360802","130361029","45","86268382"
"chr1","216636395","216636701","chr1","212351973","212352279","27","4284422"
"chr1","216640292","216640549","chr1","139650554","139650817","39","76989738"
"chr1","216645023","216645309","chr1","212360068","212360346","33","4284955"
"chr1","216647159","216647453","chr1","212361897","212362194","34","4285262"
"chr1","216668564","216668866","chr19","1614505","1614806","39","215054059"
"chr1","216674657","216674882","chr14","111685372","111685596","34","104989285"
"chr1","216677404","216677708","chr2","46854318","46854611","53","169823086"
"chr1","216690294","216690596","chr3","36442876","36443174","31","180247418"
"chr1","216697033","216697167","chr12","121124958","121125092","12","95572075"
"chr1","216701884","216702190","chr15","10099117","10099418","51","206602767"
"chr1","216703704","216704015","chrX","71592085","71592389","49","145111619"
"chr1","216705172","216705309","chr6","56602654","56602794","19","160102518"
"chr1","216707907","216708172","chr3","116759803","116760064","38","99948104"
"chr1","216720651","216720775","chr9","97550947","97551073","16","119169704"
"chr1","216752859","216753165","chr9","18137848","18138159","41","198615011"
"chr1","216808176","216808477","chr1","212563456","212563751","29","4244720"
"chr1","216809545","216809677","chr15","17851239","17851374","12","198958306"
"chr1","216809762","216809936","chr6","171382337","171382512","28","45427425"
"chr1","216828557","216828865","chr1","212585547","212585849","29","4243010"
"chr1","216834496","216834821","chr1","3081963","3082273","47","213752533"
"chr1","216847910","216848204","chr11","656787","657081","35","216191123"
"chr1","216853748","216853978","chr7","161419954","161420190","41","55433794"
"chr1","216877404","216877709","chr1","212634903","212635219","36","4242501"
"chr1","216878616","216878749","chr12","121124958","121125092","9","95753658"
"chr1","216879388","216879686","chrX","8591299","8591598","36","208288089"
"chr1","216881907","216882210","chr2","57691932","57692233","35","159189975"
"chr1","216888040","216888334","chr13","14714807","14715101","38","202173233"
"chr1","216904177","216904461","chr11","116745635","116745917","32","100158542"
"chr1","216915882","216916160","chr3","42554347","42554626","35","174361535"
"chr1","216917850","216917986","chr1","221479214","221479348","22","4561364"
"chr1","216918499","216918793","chr2","93066869","93067172","44","123851630"
"chr1","216919070","216919230","chr8","28500001","28500152","36","188419069"
"chr1","216935405","216935712","chr1","212744433","212744743","23","4190972"
"chr1","216940553","216940867","chr9","20492772","20493077","42","196447781"
"chr1","216943864","216944066","chr3","12719728","12719927","23","204224136"
"chr1","216944961","216945180","chr7","161680271","161680490","31","55264690"
"chr1","216948011","216948298","chr1","25647657","25647947","28","191300354"
"chr1","216951610","216951906","chr7","10379231","10379537","44","206572379"
"chr1","216966839","216967123","chr1","31889744","31890030","42","185077095"
"chr1","216972999","216973296","chr1","212782664","212782962","27","4190335"
"chr1","216974334","216974651","chr9","87769156","87769465","40","129205178"
"chr1","216977651","216977953","chr1","212788046","212788344","31","4189605"
"chr1","216997725","216997855","chr7","78175870","78175995","20","138821855"
"chr1","216998156","216998346","chr13","64990371","64990560","33","152007785"
"chr1","217000607","217000910","chr1","212809824","212810136","24","4190783"
"chr1","217009329","217009627","chr3","36442876","36443174","32","180566453"
"chr1","217011246","217011525","chr5","1459273","1459553","33","215551973"
"chr1","217023073","217023337","chr1","212836574","212836838","19","4186499"
"chr1","217028052","217028334","chr1","214140602","214140885","32","2887450"
"chr1","217029553","217029689","chr7","61927850","61927986","17","155101703"
"chr1","217047842","217048130","chr15","6872633","6872929","43","210175209"
"chr1","217050627","217050926","chr1","212864577","212864865","37","4186050"
"chr1","217053079","217053333","chr3","38592741","38592996","31","178460338"
"chr1","217055255","217055535","chr10","30442537","30442830","43","186612718"
"chr1","217061112","217061402","chr1","212874666","212874960","28","4186446"
"chr1","217085824","217086118","chr1","212896637","212896929","18","4189187"
"chr1","217090030","217090347","chr1","212900979","212901298","36","4189051"
"chr1","217191176","217191472","chr16","54990041","54990342","43","162201135"
"chr1","217194798","217195064","chr1","213007130","213007399","36","4187668"
"chr1","217203149","217203449","chr1","213017153","213017446","33","4185996"
"chr1","217220803","217221110","chr10","12541086","12541391","30","204679717"
"chr1","217222891","217223177","chr1","188691975","188692258","40","28530916"
"chr1","217227906","217228202","chr9","59685986","59686279","32","157541920"
"chr1","217229086","217229396","chr15","42266168","42266476","31","174962918"
"chr1","217260177","217260368","chr7","89572707","89572893","32","127687470"
"chr1","217284380","217284677","chr1","213098060","213098354","28","4186320"
"chr1","217288102","217288163","chr19","48230799","48230859","15","169057303"
"chr1","217291438","217291749","chr1","213105148","213105461","31","4186290"
"chr1","217297002","217297314","chr1","213110803","213111107","30","4186199"
"chr1","217316597","217316842","chr2","90908624","90908867","26","126407973"
"chr1","217337174","217337484","chrX","23558557","23558868","39","193778617"
"chr1","217341754","217342047","chr11","8104075","8104368","35","209237679"
"chr1","217348299","217348589","chr1","112580058","112580347","29","104768241"
"chr1","217364610","217364900","chr7","35168490","35168780","38","182196120"
"chr1","217400222","217400524","chr1","213220162","213220456","26","4180060"
"chr1","217404293","217404605","chr1","213224268","213224575","33","4180025"
"chr1","217474196","217474492","chr3","42554347","42554626","53","174919849"
"chr1","217475238","217475410","chr7","165092908","165093077","28","52382330"
"chr1","217475678","217475812","chr13","27954485","27954619","16","189521193"
"chr1","217480696","217480923","chr17","81821891","81822113","33","135658805"
"chr1","217518660","217518947","chr16","2871012","2871300","33","214647648"
"chr1","217532367","217532662","chr4","40297222","40297520","36","177235145"
"chr1","217535937","217536235","chr2","18501087","18501383","37","199034850"
"chr1","217558708","217559015","chr1","213368770","213369080","29","4189938"
"chr1","217577490","217577779","chr1","213388060","213388354","30","4189430"
"chr1","217630200","217630460","chr1","188964406","188964667","45","28665794"
"chr1","217664011","217664294","chr1","209376796","209377080","39","8287215"
"chr1","217668375","217668398","chrX","34855559","34855583","2","182812816"
"chr1","217668534","217668818","chr10","14635289","14635572","37","203033245"
"chr1","217686857","217687156","chr6","35367989","35368287","40","182318868"
"chr1","217752355","217752649","chr5","24690088","24690384","36","193062267"
"chr1","217764650","217764970","chr2","104015196","104015514","53","113749454"
"chr1","217778726","217779041","chrX","144246404","144246709","54","73532322"
"chr1","217807167","217807441","chr3","114180244","114180517","38","103626923"
"chr1","217815498","217815810","chr1","22484670","22484981","48","195330828"
"chr1","217851377","217851671","chr18","60449850","60450144","31","157401527"
"chr1","217878247","217878548","chr1","213694074","213694381","25","4184173"
"chr1","217916527","217916845","chr3","127168273","127168594","41","90748254"
"chr1","218042337","218042623","chr16","2871012","2871300","33","215171325"
"chr1","218071904","218072052","chr2","90766401","90766535","23","127305503"
"chr1","218081015","218081310","chr1","213893245","213893538","34","4187770"
"chr1","218109527","218109674","chr9","60468807","60468951","21","157640720"
"chr1","218127960","218128255","chr20","10530484","10530775","45","207597476"
"chr1","218138611","218138902","chr13","31842247","31842535","35","186296364"
"chr1","218142740","218143012","chr3","10888075","10888350","42","207254665"
"chr1","218149501","218149786","chr8","101186998","101187294","43","116962503"
"chr1","218250796","218251080","chr1","214067322","214067619","32","4183474"
"chr1","218336593","218336655","chr9","99178070","99178121","19","119158523"
"chr1","218350601","218350902","chr1","214176227","214176531","45","4174374"
"chr1","218358248","218358551","chr1","214181951","214182247","22","4176297"
"chr1","218394232","218394539","chr1","214218148","214218440","37","4176084"
"chr1","218401423","218401728","chr15","17846255","17846564","35","200555168"
"chr1","218411181","218411488","chr1","214235695","214235993","37","4175486"
"chr1","218427479","218427788","chr1","214253899","214254212","41","4173580"
"chr1","218434528","218434718","chr9","12393310","12393501","26","206041218"
"chr1","218479690","218479984","chr7","138156387","138156680","36","80323303"
"chr1","218530076","218530359","chr1","214372661","214372945","35","4157415"
"chr1","218538065","218538358","chr1","214380610","214380898","32","4157455"
"chr1","218557028","218557357","chr1","214402620","214402934","54","4154408"
"chr1","218566256","218566555","chr1","214412891","214413191","33","4153365"
"chr1","218583218","218583445","chr16","9675962","9676190","34","208907256"
"chr1","218627091","218627208","chr2","43923383","43923493","17","174703708"
"chr1","218721974","218722274","chr1","214568646","214568951","26","4153328"
"chr1","218745986","218746284","chr6","140711720","140712017","34","78034266"
"chr1","218755544","218755829","chr1","214603174","214603459","33","4152370"
"chr1","218842416","218842722","chr1","214682162","214682474","25","4160254"
"chr1","218873762","218873942","chr5","140935593","140935777","33","77938169"
"chr1","218875849","218875981","chr2","192722632","192722764","13","26153217"
"chr1","218884239","218884501","chr16","9064831","9065094","40","209819408"
"chr1","218916762","218917011","chr7","158010659","158010910","38","60906103"
"chr1","218996371","218996425","chrX","130692874","130692925","6","88303497"
"chr1","219100708","219101003","chr1","214929866","214930151","31","4170842"
"chr1","219115353","219115646","chr15","6371105","6371399","34","212744248"
"chr1","219150952","219151253","chr18","20505848","20506142","42","198645104"
"chr1","219178454","219178763","chr1","215066085","215066397","32","4112369"
"chr1","219184384","219184695","chr10","74888195","74888498","39","144296189"
"chr1","219200423","219200733","chrX","23558557","23558868","37","195641866"
"chr1","219291199","219291484","chr1","215193639","215193924","27","4097560"
"chr1","219354515","219354796","chr15","40988593","40988874","51","178365922"
"chr1","219363221","219363471","chr1","215258612","215258862","27","4104609"
"chr1","219397261","219397553","chr1","215290855","215291151","28","4106406"
"chr1","219503111","219503421","chr1","125348377","125348684","36","94154734"
"chr1","219572120","219572328","chr7","77300681","77300892","36","142271439"
"chr1","219595562","219595869","chr1","215478372","215478700","49","4117190"
"chr1","219601246","219601455","chr2","204638025","204638229","36","14963221"
"chr1","219662778","219663067","chr1","215537263","215537544","44","4125515"
"chr1","219686355","219686499","chr16","7713377","7713519","16","211972978"
"chr1","219723206","219723515","chr3","36442876","36443174","47","183280330"
"chr1","219729997","219730297","chr3","10762694","10763001","49","208967303"
"chr1","219740494","219740779","chr11","132437462","132437750","41","87303032"
"chr1","219805295","219805581","chr1","215682629","215682914","28","4122666"
"chr1","219843760","219844042","chr1","215720121","215720396","31","4123639"
"chr1","219884115","219884402","chr4","7405019","7405304","47","212479096"
"chr1","219889871","219890173","chr1","215764862","215765155","46","4125009"
"chr1","219910939","219911287","chr1","44439884","44440216","64","175471055"
"chr1","219918768","219919032","chr16","55065469","55065727","42","164853299"
"chr1","219920860","219921158","chr9","127741330","127741627","37","92179530"
"chr1","219977635","219977806","chr14","120998790","120998962","29","98978845"
"chr1","220049916","220050214","chr4","40116929","40117227","40","179932987"
"chr1","220068720","220069005","chr3","178976330","178976618","35","41092390"
"chr1","220185629","220185925","chr1","216062463","216062759","23","4123166"
"chr1","220201682","220201972","chr1","216078305","216078586","31","4123377"
"chr1","220217147","220217486","chr1","216093062","216093372","64","4124085"
"chr1","220281029","220281318","chr1","216158086","216158376","19","4122943"
"chr1","220298296","220298585","chr1","216175465","216175753","28","4122831"
"chr1","220303740","220304038","chr15","6872633","6872929","41","213431107"
"chr1","220502851","220503117","chr1","216387332","216387598","20","4115519"
"chr1","220505806","220506034","chr12","113711315","113711544","43","106794491"
"chr1","220531029","220531336","chr1","216413593","216413887","34","4117436"
"chr1","220535357","220535526","chr16","43272620","43272787","27","177262737"
"chr1","220542656","220542933","chr3","116942614","116942891","34","103600042"
"chr1","220544120","220544395","chr4","156457145","156457417","45","64086975"
"chr1","220551929","220552249","chr3","12498421","12498734","45","208053508"
"chr1","220582232","220582504","chr12","79542863","79543133","39","141039369"
"chr1","220589356","220589650","chr1","216474278","216474567","27","4115078"
"chr1","220602952","220603243","chr8","32502377","32502664","40","188100575"
"chr1","220632063","220632363","chr1","216523340","216523644","28","4108723"
"chr1","220644256","220644557","chr1","216535231","216535527","41","4109025"
"chr1","220658018","220658207","chr10","73809665","73809837","44","146848353"
"chr1","220659840","220660137","chr1","216550427","216550722","34","4109413"
"chr1","220662430","220662729","chr1","216552963","216553254","31","4109467"
"chr1","220666679","220666977","chr1","216557228","216557537","36","4109451"
"chr1","220684404","220684688","chr7","28261349","28261643","39","192423055"
"chr1","220698568","220698877","chr1","216588489","216588788","25","4110079"
"chr1","220729735","220730042","chr1","216620546","216620854","24","4109189"
"chr1","220746865","220747165","chrX","24749651","24749950","34","195997214"
"chr1","220760769","220761063","chr1","216651634","216651917","32","4109135"
"chr1","220787558","220787866","chr1","216678471","216678785","36","4109087"
"chr1","220821821","220822163","chr14","89052822","89053142","57","131768999"
"chr1","220915712","220916007","chr1","216816020","216816318","35","4099692"
"chr1","220928995","220929294","chr19","3937494","3937794","37","216991501"
"chr1","220935117","220935412","chr3","2986573","2986865","38","217948544"
"chr1","220941053","220941358","chr11","20504147","20504452","32","200436906"
"chr1","220960695","220961003","chr5","84733595","84733901","41","136227100"
"chr1","220997233","220997522","chr1","216900611","216900910","41","4096622"
"chr1","221047388","221047683","chr1","216950897","216951193","34","4096491"
"chr1","221065512","221065803","chr7","3450180","3450461","39","217615332"
"chr1","221081303","221081598","chr11","888323","888616","44","220192980"
"chr1","221114353","221114644","chr2","92038066","92038362","43","129076287"
"chr1","221135448","221135753","chr1","39371430","39371728","37","181764018"
"chr1","221163021","221163329","chr1","41951787","41952098","37","179211234"
"chr1","221171136","221171438","chr1","217071526","217071833","25","4099610"
"chr1","221182992","221183279","chrX","41137139","41137423","45","180045853"
"chr1","221189198","221189508","chr1","217091228","217091528","31","4097970"
"chr1","221210535","221210646","chr1","217113200","217113311","6","4097335"
"chr1","221210804","221210961","chr1","217113458","217113616","13","4097346"
"chr1","221219439","221219738","chr1","217121711","217122024","36","4097728"
"chr1","221235418","221235670","chr4","115577265","115577514","41","105658153"
"chr1","221236246","221236512","chr1","217138250","217138529","45","4097996"
"chr1","221242859","221243156","chr1","217145572","217145873","29","4097287"
"chr1","221250631","221250955","chr3","164494607","164494917","50","56756024"
"chr1","221298846","221299020","chr2","177020588","177020759","30","44278258"
"chr1","221299230","221299531","chr4","86818625","86818924","35","134480605"
"chr1","221302239","221302518","chr1","217192512","217192792","24","4109727"
"chr1","221316729","221316801","chr11","68114144","68114224","14","153202585"
"chr1","221316843","221317052","chr16","38067345","38067552","37","183249498"
"chr1","221326421","221326573","chr11","96514845","96514993","22","124811576"
"chr1","221327651","221327793","chr1","49885004","49885147","31","171442647"
"chr1","221327827","221327849","chr1","35654864","35654885","5","185672963"
"chr1","221355114","221355406","chr3","2986573","2986865","30","218368541"
"chr1","221358677","221358971","chr1","217247995","217248285","20","4110682"
"chr1","221379640","221379930","chr6","95776648","95776947","35","125602992"
"chr1","221400465","221400775","chr7","17531527","17531836","36","203868938"
"chr1","221406864","221407160","chr11","55122642","55122939","35","166284222"
"chr1","221465776","221466092","chr1","217348176","217348491","22","4117600"
"chr1","221485203","221485502","chr1","217367488","217367795","37","4117715"
"chr1","221486326","221486625","chr6","140907162","140907461","35","80579164"
"chr1","221496604","221496873","chr1","217379209","217379469","39","4117395"
"chr1","221509389","221509676","chr1","217395376","217395670","38","4114013"
"chr1","221535544","221535854","chr1","217423352","217423673","36","4112192"
"chr1","221561528","221561823","chr1","217449930","217450224","13","4111598"
"chr1","221577925","221578235","chrX","26591552","26591852","47","194986373"
"chr1","221583003","221583301","chr2","149098146","149098440","32","72484857"
"chr1","221592912","221593145","chr4","118928650","118928903","48","102664262"
"chr1","221602880","221603167","chr9","25083503","25083798","31","196519377"
"chr1","221621082","221621394","chr2","203095842","203096145","45","18525240"
"chr1","221727386","221727665","chr14","46600314","46600577","53","175127072"
"chr1","221749869","221750162","chr1","217618881","217619171","40","4130988"
"chr1","221755340","221755588","chr20","8862977","8863226","34","212892363"
"chr1","221807085","221807240","chr10","79681748","79681907","24","142125337"
"chr1","221902910","221903192","chr1","217775319","217775595","30","4127591"
"chr1","221908959","221909260","chr1","217781559","217781862","26","4127400"
"chr1","222007984","222008294","chr5","78100177","78100486","39","143907807"
"chr1","222082512","222082816","chr11","15481380","15481682","40","206601132"
"chr1","222150482","222150760","chr1","218019406","218019684","17","4131076"
"chr1","222156986","222157284","chr1","218057438","218057735","23","4099548"
"chr1","222214598","222214905","chr1","218115631","218115931","40","4098967"
"chr1","222229793","222230085","chr1","218131881","218132162","31","4097912"
"chr1","222250987","222251268","chr1","218201704","218201986","27","4049283"
"chr1","222253827","222254120","chr1","218204288","218204595","32","4049539"
"chr1","222318327","222318640","chrX","44641862","44642166","38","177676465"
"chr1","222338468","222338762","chr1","210356911","210357204","37","11981557"
"chr1","222347618","222347928","chr1","218305663","218305964","41","4041955"
"chr1","222371641","222371929","chr1","218330486","218330761","34","4041155"
"chr1","222372241","222372521","chr1","218331131","218331421","36","4041110"
"chr1","222406771","222407062","chr1","218365361","218365652","38","4041410"
"chr1","222415651","222415951","chr10","85232122","85232425","49","137183529"
"chr1","222419762","222420066","chr13","91751145","91751450","31","130668617"
"chr1","222434111","222434373","chr1","218395773","218396039","27","4038338"
"chr1","222447652","222447951","chr1","218412752","218413063","43","4034900"
"chr1","222453572","222453628","chr1","218419620","218419675","10","4033952"
"chr1","222454669","222454834","chr1","218420738","218420897","18","4033931"
"chr1","222460807","222461107","chr9","13634514","13634810","33","208826293"
"chr1","222482315","222482612","chr15","18383931","18384228","35","204098384"
"chr1","222482671","222482777","chr18","34849375","34849481","13","187633296"
"chr1","222483025","222483171","chr16","46156453","46156613","30","176326572"
"chr1","222489500","222489804","chr1","218442164","218442467","31","4047336"
"chr1","222493176","222493491","chr1","218445837","218446153","28","4047339"
"chr1","222503137","222503434","chr1","218468724","218469020","22","4034413"
"chr1","222503854","222504005","chr7","120346484","120346633","28","102157370"
"chr1","222507143","222507447","chr6","73393768","73394067","39","149113375"
"chr1","222523187","222523490","chr1","218492435","218492729","36","4030752"
"chr1","222529377","222529660","chr4","18466227","18466514","42","204063150"
"chr1","222530785","222531094","chr1","218501016","218501327","38","4029769"
"chr1","222536725","222537043","chr1","62100848","62101154","49","160435877"
"chr1","222537853","222538156","chrX","30090136","30090440","36","192447717"
"chr1","222539195","222539390","chr1","218511303","218511498","18","4027892"
"chr1","222550656","222550966","chr1","218522013","218522320","29","4028643"
"chr1","222551565","222551858","chr4","71399342","71399636","36","151152223"
"chr1","222552635","222552934","chr1","218524001","218524307","26","4028634"
"chr1","222554759","222555054","chr1","218526114","218526420","28","4028645"
"chr1","222559021","222559303","chr1","218528619","218528890","28","4030402"
"chr1","222560383","222560664","chr1","218529882","218530157","29","4030501"
"chr1","222569958","222570126","chr14","84880122","84880288","34","137689836"
"chr1","222573151","222573461","chr6","94126149","94126459","40","128447002"
"chr1","222631377","222631667","chr1","218614781","218615075","31","4016596"
"chr1","222647517","222647668","chr11","49739997","49740154","22","172907520"
"chr1","222666857","222667160","chr1","14459557","14459866","36","208207300"
"chr1","222752459","222752751","chr1","218734894","218735196","36","4017565"
"chr1","222755794","222756074","chr1","218738242","218738533","27","4017552"
"chr1","222762112","222762416","chr1","218743331","218743641","28","4018781"
"chr1","222783220","222783477","chr1","218769789","218770046","25","4013431"
"chr1","223354881","223355175","chrX","52560249","52560544","34","170794632"
"chr1","223386114","223386404","chr1","218932651","218932938","24","4453463"
"chr1","223397903","223398184","chr3","42417165","42417456","41","180980738"
"chr1","223411942","223412240","chr1","218961546","218961850","40","4450396"
"chr1","223421678","223421964","chr1","218967645","218967930","23","4454033"
"chr1","223463385","223463681","chr7","43322799","43323092","31","180140586"
"chr1","223469705","223470002","chr1","219009853","219010133","29","4459852"
"chr1","223475356","223475630","chr10","86687740","86688014","37","136787616"
"chr1","223497624","223497789","chr6","132206031","132206198","23","91291593"
"chr1","223497817","223497937","chr7","139104429","139104548","13","84393388"
"chr1","223615803","223616046","chr5","9984829","9985068","37","213630974"
"chr1","223637839","223638133","chr3","2986573","2986865","38","220651266"
"chr1","223649713","223650023","chr9","41445011","41445317","41","182204702"
"chr1","223673849","223674143","chr1","219205360","219205653","31","4468489"
"chr1","223683248","223683545","chr17","24909075","24909373","34","198774173"
"chr1","223687136","223687445","chr19","34879576","34879885","31","188807560"
"chr1","223691529","223691824","chr1","219221700","219221995","33","4469829"
"chr1","223700156","223700469","chr16","56526638","56526950","38","167173518"
"chr1","223709488","223709792","chr1","219240574","219240871","34","4468914"
"chr1","223731110","223731417","chr11","48147631","48147935","39","175583479"
"chr1","223780563","223780878","chr1","219309173","219309486","37","4471390"
"chr1","223859715","223860024","chr1","219388337","219388636","40","4471378"
"chr1","223869533","223869834","chr3","155741449","155741749","36","68128084"
"chr1","223877237","223877526","chr1","210885185","210885469","33","12992052"
"chr1","223886399","223886710","chr19","16357093","16357400","40","207529306"
"chr1","223903696","223904013","chr1","219432559","219432887","46","4471137"
"chr1","223916062","223916371","chr1","192230178","192230486","38","31685884"
"chr1","223921044","223921352","chr5","97614678","97614986","41","126306366"
"chr1","223939101","223939386","chr1","219468477","219468766","26","4470624"
"chr1","224083594","224083862","chr3","55138225","55138490","37","168945369"
"chr1","224085069","224085357","chr1","161646227","161646515","31","62438842"
"chr1","224096161","224096471","chr1","219538795","219539101","33","4557366"
"chr1","224121797","224122058","chr11","13157641","13157902","33","210964156"
"chr1","224131001","224131293","chr1","219574683","219574969","32","4556318"
"chr1","224152960","224153252","chr1","101799784","101800074","35","122353176"
"chr1","224201867","224202173","chr7","54800820","54801122","36","169401047"
"chr1","224222922","224223193","chr1","126126926","126127199","27","98095996"
"chr1","224225574","224225870","chr5","39728800","39729096","41","184496774"
"chr1","224230187","224230486","chr14","15756054","15756351","29","208474133"
"chr1","224248386","224248683","chrX","8591299","8591598","28","215657087"
"chr1","224249161","224249467","chrX","130457211","130457521","58","93791950"
"chr1","224254345","224254634","chr1","219693823","219694112","22","4560522"
"chr1","224266528","224266833","chrX","47742571","47742875","34","176523957"
"chr1","224280536","224280831","chrX","110604131","110604430","41","113676405"
"chr1","224284100","224284405","chr1","219723527","219723838","22","4560573"
"chr1","224299464","224299760","chr1","52875145","52875442","34","171424319"
"chr1","224332145","224332458","chr1","219773746","219774072","29","4558399"
"chr1","224369032","224369307","chr16","58631076","58631352","35","165737956"
"chr1","224385959","224386259","chr6","95776648","95776947","31","128609311"
"chr1","224428105","224428403","chr10","59667642","59667941","34","164760463"
"chr1","224431785","224432073","chr1","219880347","219880638","21","4551438"
"chr1","224674371","224674666","chr3","48992148","48992443","31","175682223"
"chr1","224739074","224739365","chr1","112580058","112580347","40","112159016"
"chr1","224814775","224815070","chr1","220313509","220313817","37","4501266"
"chr1","224818424","224818718","chr1","220317487","220317784","25","4500937"
"chr1","224843053","224843345","chr1","220344932","220345232","25","4498121"
"chr1","224851174","224851368","chr1","38976375","38976555","42","185874799"
"chr1","224923203","224923488","chr1","220415451","220415740","24","4507752"
"chr1","224952898","224953187","chr1","41691570","41691860","35","183261328"
"chr1","224959537","224959837","chr1","220451915","220452216","18","4507622"
"chr1","224964569","224964869","chr14","15756054","15756351","34","209208515"
"chr1","225014058","225014306","chr1","52833046","52833304","52","172181012"
"chr1","225021713","225022018","chr1","220515024","220515332","31","4506689"
"chr1","225068800","225069044","chr1","220562956","220563200","23","4505844"
"chr1","225073636","225073947","chr14","104880378","104880684","43","120193258"
"chr1","225228861","225228992","chr2","192722632","192722764","18","32506229"
"chr1","225250832","225251127","chr7","132957306","132957601","44","92293526"
"chr1","225269860","225270157","chr1","220762622","220762928","34","4507238"
"chr1","225284905","225285222","chr2","41291254","41291571","41","183993651"
"chr1","225289866","225290120","chr1","35181614","35181866","35","190108252"
"chr1","225314478","225314710","chr16","40530104","40530330","50","184784374"
"chr1","225315540","225315835","chrX","44429429","44429724","31","180886111"
"chr1","225317171","225317463","chr3","165332839","165333127","34","59984332"
"chr1","225334641","225334949","chr1","220827702","220828012","33","4506939"
"chr1","225337135","225337422","chr1","220830222","220830504","43","4506913"
"chr1","225374723","225375020","chr14","34889471","34889766","38","190485252"
"chr1","225378972","225379093","chr1","7373118","7373239","14","218005854"
"chr1","225379119","225379270","chr7","16965450","16965596","28","208413669"
"chr1","225384273","225384563","chr1","220883377","220883674","31","4500896"
"chr1","225400635","225400801","chr3","160490400","160490565","24","64910235"
"chr1","225423879","225424168","chr1","220922820","220923112","23","4501059"
"chr1","225507516","225507816","chr13","40009453","40009755","39","185498063"
"chr1","225508484","225508781","chr13","107475602","107475898","37","118032882"
"chr1","225561968","225562268","chr19","8986604","8986907","38","216575364"
"chr1","225566119","225566269","chr6","156060337","156060487","18","69505782"
"chr1","225583083","225583319","chr1","221096634","221096879","26","4486449"
"chr1","225596216","225596436","chr6","56511093","56511315","33","169085123"
"chr1","225607636","225607933","chrX","30047163","30047463","36","195560473"
"chr1","225663290","225663590","chr13","9401411","9401714","31","216261879"
"chr1","225675985","225676280","chr7","10974680","10974971","39","214701305"
"chr1","225686881","225687174","chr1","221210763","221211057","34","4476118"
"chr1","225693955","225694244","chr1","221214546","221214826","44","4479409"
"chr1","225698148","225698458","chr1","221219697","221220008","32","4478451"
"chr1","225699582","225699855","chr1","221221126","221221404","30","4478456"
"chr1","225707477","225707773","chr1","221231955","221232252","30","4475522"
"chr1","225714916","225715214","chr6","140907162","140907461","35","84807754"
"chr1","225737743","225738047","chr1","221262969","221263252","40","4474774"
"chr1","225745830","225746141","chr1","4731654","4731965","42","221014176"
"chr1","225757949","225758240","chr7","62550872","62551158","35","163207077"
"chr1","225767594","225767835","chr1","14534701","14534944","28","211232893"
"chr1","225769866","225770160","chr5","51540643","51540938","33","174229223"
"chr1","225770979","225771274","chr1","221303834","221304125","31","4467145"
"chr1","225771669","225771787","chr2","107900417","107900536","13","117871252"
"chr1","225785945","225786235","chrX","685604","685894","36","225100341"
"chr1","225789535","225789689","chr16","18939380","18939548","40","206850155"
"chr1","225791601","225791751","chr3","20732648","20732801","21","205058953"
"chr1","225794201","225794368","chr3","124582704","124582871","20","101211497"
"chr1","225798505","225798641","chr6","135865812","135865947","14","89932693"
"chr1","225799304","225799493","chr13","64990371","64990560","29","160808933"
"chr1","225803806","225803979","chr20","59426524","59426698","27","166377282"
"chr1","225806649","225806939","chr1","221339594","221339887","31","4467055"
"chr1","225808459","225808730","chr1","221341415","221341686","28","4467044"
"chr1","225816039","225816337","chr4","40297222","40297520","37","185518817"
"chr1","225821748","225822013","chr10","26962698","26962954","46","198859050"
"chr1","225837337","225837635","chr3","122758536","122758834","46","103078801"
"chr1","225845401","225845709","chr1","221378816","221379119","39","4466585"
"chr1","225847212","225847486","chr1","221380809","221381077","32","4466403"
"chr1","225849966","225850247","chr3","124952272","124952548","35","100897694"
"chr1","225853846","225854149","chr1","221387386","221387687","30","4466460"
"chr1","225857192","225857493","chr9","65456387","65456691","37","160400805"
"chr1","225860492","225860808","chr1","221393794","221394105","30","4466698"
"chr1","225865681","225865980","chr1","51588054","51588359","41","174277627"
"chr1","225869086","225869387","chr1","221403134","221403426","41","4465952"
"chr1","225879930","225879950","chr12","21300409","21300425","7","204579521"
"chr1","225880000","225880158","chr12","106042818","106042977","26","119837182"
"chr1","225901698","225902014","chr1","221433091","221433407","41","4468607"
"chr1","225913430","225913588","chr16","2770318","2770473","24","223143112"
"chr1","225914319","225914458","chrX","130438301","130438440","24","95476018"
"chr1","225914460","225914542","chr19","12560114","12560195","15","213354346"
"chr1","225915420","225915729","chr1","221446479","221446782","23","4468941"
"chr1","225926322","225926603","chr12","45205269","45205548","36","180721053"
"chr1","225932508","225932638","chr14","4018104","4018238","14","221914404"
"chr1","225932643","225932945","chr7","26949905","26950201","42","198982738"
"chr1","225962456","225962692","chr13","57213169","57213400","28","168749287"
"chr1","225980539","225980857","chr1","221517648","221517954","36","4462891"
"chr1","226000585","226000870","chr10","32586303","32586579","59","193414282"
"chr1","226005476","226005776","chr7","113559810","113560113","37","112445666"
"chr1","226016505","226016819","chr1","221556521","221556827","31","4459984"
"chr1","226031132","226031266","chr10","38983120","38983255","14","187048012"
"chr1","226044596","226044885","chr7","28604877","28605165","29","197439719"
"chr1","226054014","226054318","chr1","221596999","221597306","28","4457015"
"chr1","226065184","226065446","chr1","221607855","221608122","33","4457329"
"chr1","226081486","226081771","chr1","221623765","221624049","22","4457721"
"chr1","226083717","226084015","chr1","221626028","221626312","36","4457689"
"chr1","226084876","226085180","chr1","221627085","221627387","28","4457791"
"chr1","226112866","226113170","chrX","48676443","48676743","37","177436423"
"chr1","226116172","226116480","chr1","221655471","221655765","31","4460701"
"chr1","226145200","226145495","chr1","221684482","221684774","25","4460718"
"chr1","226152936","226153242","chr1","221692485","221692784","31","4460451"
"chr1","226189462","226189771","chr1","221730527","221730835","32","4458935"
"chr1","226224500","226224628","chr5","32576347","32576477","16","193648153"
"chr1","226277739","226278049","chr6","140994755","140995066","32","85282984"
"chr1","226297255","226297566","chr13","54172103","54172410","43","172125152"
"chr1","226301270","226301582","chr1","4731654","4731965","33","221569616"
"chr1","226337750","226338034","chr1","221874490","221874761","38","4463260"
"chr1","226340204","226340509","chr1","24173970","24174272","40","202166234"
"chr1","226351990","226352278","chr1","221888928","221889215","20","4463062"
"chr1","226356360","226356656","chr3","36442876","36443174","30","189913484"
"chr1","226363415","226363724","chr20","6612940","6613245","36","219750475"
"chr1","226371766","226372073","chr19","40536164","40536467","40","185835602"
"chr1","226385743","226386044","chr9","96018903","96019206","32","130366840"
"chr1","226424305","226424611","chr1","221962778","221963087","31","4461527"
"chr1","226432944","226433252","chr7","44336011","44336322","39","182096933"
"chr1","226436076","226436367","chr1","221975679","221975967","23","4460397"
"chr1","226447135","226447421","chr1","221987130","221987414","35","4460005"
"chr1","226515626","226515917","chr6","131932218","131932509","23","94583408"
"chr1","226525706","226525976","chr7","41367236","41367508","35","185158470"
"chr1","226544775","226545086","chrX","48040078","48040375","63","178504697"
"chr1","226551008","226551297","chr1","222096751","222097041","28","4454257"
"chr1","226551994","226552304","chr1","222097460","222097773","28","4454534"
"chr1","226556153","226556282","chr1","188132929","188133054","13","38423224"
"chr1","226556311","226556478","chr11","61426036","61426198","23","165130275"
"chr1","226645830","226646055","chr20","41825441","41825676","40","184820389"
"chr1","226648483","226648789","chr1","222198749","222199050","32","4449734"
"chr1","226659094","226659403","chr10","35055006","35055315","37","191604088"
"chr1","226719326","226719541","chr19","10979398","10979617","35","215739928"
"chr1","226811766","226811956","chr15","108353485","108353672","31","118458281"
"chr1","226823879","226824029","chr3","117080715","117080866","24","109743164"
"chr1","226853367","226853668","chr1","222409750","222410050","30","4443617"
"chr1","227011830","227012141","chr1","222607830","222608142","33","4404000"
"chr1","227015947","227016234","chr10","27527734","27528023","36","199488213"
"chr1","227097852","227098150","chr20","8006906","8007198","29","219090946"
"chr1","227101367","227101675","chr1","222700538","222700836","42","4400829"
"chr1","227109750","227110061","chr2","151007347","151007656","41","76102403"
"chr1","227149642","227149952","chr1","81854260","81854563","33","145295382"
"chr1","227259368","227259672","chr1","128601266","128601567","32","98658102"
"chr1","227268167","227268401","chr1","222865474","222865718","32","4402693"
"chr1","227354578","227354879","chr1","222961774","222962080","27","4392804"
"chr1","227356576","227356857","chr5","185536267","185536552","35","41820309"
"chr1","227393571","227393873","chr1","222997211","222997519","35","4396360"
"chr1","227426346","227426503","chr2","94000404","94000565","25","133425942"
"chr1","227448489","227448786","chr1","223051644","223051939","32","4396845"
"chr1","227451230","227451534","chr6","105234648","105234956","32","122216582"
"chr1","227473436","227473724","chrX","91491046","91491334","38","135982390"
"chr1","227501603","227501787","chr1","223106649","223106831","25","4394954"
"chr1","227502088","227502201","chr11","45518153","45518262","15","181983935"
"chr1","227511222","227511520","chr1","223119116","223119411","32","4392106"
"chr1","227518102","227518409","chr4","42770489","42770794","47","184747613"
"chr1","227522456","227522755","chr17","24909075","24909373","43","202613381"
"chr1","227531099","227531401","chr1","223141114","223141423","31","4389985"
"chr1","227548188","227548482","chr1","223162811","223163112","33","4385377"
"chr1","227554042","227554198","chr1","14757778","14757941","27","212796264"
"chr1","227563891","227564190","chr6","171449824","171450128","31","56114067"
"chr1","227575887","227576221","chr10","12541086","12541391","63","215034801"
"chr1","227717830","227718001","chr19","3064186","3064354","23","224653644"
"chr1","227719732","227720024","chr1","22949770","22950065","33","204769962"
"chr1","227754161","227754306","chr15","107751507","107751655","26","120002654"
"chr1","227754556","227754636","chr1","153294566","153294642","15","74459990"
"chr1","227755793","227756105","chr9","123426880","123427186","36","104328913"
"chr1","227762071","227762367","chr1","223264642","223264931","52","4497429"
"chr1","227792366","227792549","chr1","223303933","223304099","34","4488433"
"chr1","227798563","227798854","chr1","223314042","223314333","25","4484521"
"chr1","227799404","227799709","chr1","223314888","223315191","32","4484516"
"chr1","227803564","227803712","chr1","161478424","161478571","21","66325140"
"chr1","227818751","227819055","chr8","94510144","94510444","40","133308607"
"chr1","227827575","227827871","chr1","154319549","154319843","38","73508026"
"chr1","227836988","227837267","chr8","142242840","142243113","34","85594148"
"chr1","227842259","227842352","chr7","162283431","162283525","11","65558828"
"chr1","227918398","227918493","chr7","162283431","162283525","9","65634967"
"chr1","227953551","227953677","chr11","33723808","33723943","30","194229743"
"chr1","227962229","227962380","chr1","24621926","24622084","28","203340303"
"chr1","227963043","227963290","chr3","185026022","185026277","36","42937021"
"chr1","227963293","227963422","chr10","66401425","66401556","16","161561868"
"chr1","227974366","227974648","chr1","223503253","223503532","29","4471113"
"chr1","227987455","227987763","chr1","223516927","223517246","26","4470528"
"chr1","228017606","228017895","chr1","223550211","223550500","26","4467395"
"chr1","228018639","228018931","chr15","27330681","27330978","41","200687958"
"chr1","228033020","228033330","chr1","223566715","223567011","39","4466305"
"chr1","228044659","228044963","chr12","57850151","57850455","43","170194508"
"chr1","228045718","228046022","chr10","77963387","77963688","41","150082331"
"chr1","228060530","228060778","chr3","36856622","36856865","38","191203908"
"chr1","228065785","228065946","chr1","223601810","223601966","23","4463975"
"chr1","228066864","228067015","chr1","223602894","223603024","35","4463970"
"chr1","228078290","228078596","chr1","223615543","223615843","36","4462747"
"chr1","228088853","228088989","chr1","223625132","223625267","10","4463721"
"chr1","228090002","228090284","chr1","223627087","223627373","41","4462915"
"chr1","228090516","228090812","chr1","223627597","223627887","31","4462919"
"chr1","228096600","228096889","chr4","159892944","159893237","36","68203656"
"chr1","228107758","228108050","chr7","10974680","10974971","37","217133078"
"chr1","228219762","228220066","chr8","81972131","81972434","35","146247631"
"chr1","228312294","228312589","chr6","178150239","178150531","36","50162055"
"chr1","228341971","228342270","chr1","140166438","140166735","34","88175533"
"chr1","228347557","228347846","chr19","44781977","44782268","34","183565580"
"chr1","228380430","228380714","chr1","223921145","223921443","33","4459285"
"chr1","228399653","228399935","chr1","223939733","223939997","30","4459920"
"chr1","228407151","228407448","chr16","48001050","48001345","34","180406101"
"chr1","228449772","228450088","chr1","223992223","223992532","28","4457549"
"chr1","228451444","228451734","chr20","8006906","8007198","30","220444538"
"chr1","228452628","228452860","chr16","17885507","17885742","45","210567121"
"chr1","228465705","228466009","chrX","23558557","23558868","44","204907148"
"chr1","228497837","228498152","chr10","12541086","12541391","33","215956751"
"chr1","228517200","228517503","chr12","57850151","57850455","32","170667049"
"chr1","228526803","228527087","chr8","63836992","63837276","37","164689811"
"chr1","228558264","228558396","chr4","168443863","168443995","12","60114401"
"chr1","228566998","228567266","chrX","128230041","128230303","47","100336957"
"chr1","228571354","228571617","chr15","6986225","6986485","65","221585129"
"chr1","228920391","228920698","chr2","203095842","203096145","38","25824549"
"chr1","228942083","228942278","chr1","20997684","20997875","29","207944399"
"chr1","228955623","228955935","chr1","224512358","224512689","43","4443265"
"chr1","228976163","228976474","chr1","224533754","224534063","39","4442409"
"chr1","228988932","228989200","chr7","28463279","28463543","44","200525653"
"chr1","229024689","229024744","chr3","68281469","68281517","17","160743220"
"chr1","229208065","229208330","chr1","224824448","224824715","26","4383617"
"chr1","229252430","229252624","chr5","77875273","77875397","121","151377157"
"chr1","229252652","229252801","chr16","25187817","25187963","27","204064835"
"chr1","229258086","229258382","chrX","32725397","32725690","39","196532689"
"chr1","229294418","229294567","chr4","107394440","107394589","28","121899978"
"chr1","229294674","229294714","chr7","111950878","111950915","6","117343796"
"chr1","229367935","229368242","chr3","2986573","2986865","42","226381362"
"chr1","229544844","229545140","chr1","225039587","225039888","35","4505257"
"chr1","229697317","229697492","chr10","29597621","29597804","29","200099696"
"chr1","229697525","229697654","chr9","97550947","97551073","11","132146578"
"chr3","132120483","132120784","chr2","48871834","48872142","32","83248649"
"chr3","9961385","9961691","chr2","56635768","56636067","29","46674383"
"chr3","28835678","28835984","chr12","110061089","110061395","36","81225411"
"chr3","30801778","30802063","chr2","190580507","190580787","33","159778729"
"chr3","31063771","31064080","chr2","190311928","190312239","38","159248157"
"chr3","33423197","33423501","chr2","187857596","187857892","27","154434399"
"chr3","45481791","45482089","chr17","24297911","24298211","40","21183880"
"chr3","51117983","51118181","chr2","92371115","92371313","19","41253132"
"chr3","59113404","59113710","chr2","84388795","84389092","27","25275391"
"chr3","85851992","85852300","chr19","40536164","40536467","48","45315828"
"chr3","107609905","107610216","chr2","24776008","24776323","41","82833897"
"chr3","109575950","109576274","chr2","26502473","26502782","48","83073477"
"chr3","113377184","113377336","chr2","30421116","30421267","10","82956068"
"chr3","128581336","128581647","chr10","38609403","38609714","34","89971933"
"chr3","129498973","129499263","chr2","46732785","46733067","23","82766188"
"chr3","134610783","134610953","chr4","130421985","130422172","36","4188798"
"chr3","189005630","189005909","chr9","106051939","106052219","30","82953691"
"chr3","189136755","189137036","chr2","109123531","109123795","33","80013224"
"chr3","191102808","191103105","chr2","107422966","107423258","22","83679842"
"chr3","205127493","205127685","chr19","18634017","18634215","26","186493476"
"chr3","94871","95193","chr3","38170116","38170440","48","38075245"
"chr3","103135","103332","chr5","159217902","159218096","46","159114767"
"chr3","216527","216704","chr9","28310079","28310249","26","28093552"
"chr3","290705","290991","chr2","66475489","66475776","28","66184784"
"chr3","292310","292597","chr2","66473884","66474182","39","66181574"
"chr3","351324","351631","chr2","66413171","66413474","26","66061847"
"chr3","352753","353052","chr2","66412671","66412970","33","66059918"
"chr3","355763","355944","chrX","64859580","64859761","28","64503817"
"chr3","506865","506900","chr4","124117437","124117467","10","123610572"
"chr3","506954","507216","chr2","66253487","66253753","32","65746533"
"chr3","589770","590066","chr2","111123439","111123734","37","110533669"
"chr3","599061","599342","chr2","66131943","66132221","26","65532882"
"chr3","600968","601252","chr10","81950784","81951072","48","81349816"
"chr3","717414","717637","chr10","69313145","69313371","41","68595731"
"chr3","778592","778890","chr2","65948055","65948353","37","65169463"
"chr3","796491","796786","chr15","14879367","14879661","38","14082876"
"chr3","897099","897320","chr2","65795934","65796156","31","64898835"
"chr3","955028","955335","chr13","25494928","25495234","40","24539900"
"chr3","983001","983352","chr10","37948127","37948484","63","36965126"
"chr3","1028591","1028874","chr9","16374161","16374447","44","15345570"
"chr3","1192273","1192592","chrX","71659462","71659776","44","70467189"
"chr3","1196903","1197132","chrX","68587173","68587402","32","67390270"
"chr3","1208733","1209039","chr2","65418403","65418708","29","64209670"
"chr3","1264621","1264924","chr12","57850151","57850455","37","56585530"
"chr3","1310794","1311075","chr2","65317828","65318109","17","64007034"
"chr3","1320323","1320595","chr4","17496445","17496716","36","16176122"
"chr3","1446922","1447163","chr9","72730444","72730684","33","71283522"
"chr3","1448245","1448545","chr6","38594507","38594811","39","37146262"
"chr3","1509045","1509290","chr2","65118642","65118886","20","63609597"
"chr3","1598355","1598620","chr2","65036683","65036947","20","63438328"
"chr3","1793569","1793870","chr13","64879527","64879826","39","63085958"
"chr3","1831312","1831488","chrX","557444","557611","29","1273868"
"chr3","1854615","1854918","chr1","39750252","39750560","43","37895637"
"chr3","1908378","1908619","chr2","64729755","64729994","26","62821377"
"chr3","1923427","1923712","chr2","64715084","64715367","28","62791657"
"chr3","2058443","2058751","chr2","64581137","64581445","33","62522694"
"chr3","2058764","2058892","chr5","62675882","62676010","15","60617118"
"chr3","2120587","2120897","chr6","84642112","84642417","47","82521525"
"chr3","2133316","2133629","chr6","176586491","176586804","41","174453175"
"chr3","2166341","2166641","chr2","64483547","64483847","40","62317206"
"chr3","2321547","2321722","chr19","34961037","34961203","35","32639490"
"chr3","2336428","2336719","chr16","55969925","55970215","36","53633497"
"chr3","2434111","2434405","chr14","85614101","85614391","33","83179990"
"chr3","2483220","2483512","chr2","64158079","64158369","26","61674859"
"chr3","2494637","2494934","chr2","64144842","64145144","32","61650205"
"chr3","2511763","2512073","chr19","37736736","37737041","40","35224973"
"chr3","2518398","2518492","chr16","71049107","71049211","18","68530709"
"chr3","2617034","2617341","chr12","120355953","120356262","45","117738919"
"chr3","2639029","2639329","chr17","31366515","31366817","21","28727486"
"chr3","2748410","2748708","chr15","11112996","11113289","42","8364586"
"chr3","2763671","2763958","chr2","63878352","63878648","32","61114681"
"chr3","2763959","2764094","chr10","31067832","31067967","12","28303873"
"chr3","2765329","2765624","chr1","113414080","113414375","34","110648751"
"chr3","2925157","2925449","chr7","43322799","43323092","40","40397642"
"chr3","2938692","2938958","chr19","17059028","17059300","44","14120336"
"chr3","2950981","2951274","chr2","63683075","63683352","34","60732094"
"chr3","3067453","3067787","chr2","63565083","63565377","62","60497630"
"chr3","3125689","3125994","chr10","12541086","12541391","45","9415397"
"chr3","3137381","3137682","chr2","63493116","63493413","27","60355735"
"chr3","3140637","3140945","chrX","39918091","39918400","46","36777454"
"chr3","3159934","3160242","chr2","63470220","63470527","37","60310286"
"chr3","3162126","3162441","chrX","88470015","88470320","48","85307889"
"chr3","3256683","3257000","chr2","63356943","63357249","40","60100260"
"chr3","3292162","3292469","chr2","63319027","63319335","33","60026865"
"chr3","3309103","3309396","chr2","63301563","63301865","34","59992460"
"chr3","3316080","3316392","chr2","63294569","63294876","33","59978489"
"chr3","3374662","3374972","chr3","41152612","41152921","37","37777950"
"chr3","3377445","3377673","chr1","142978292","142978533","35","139600847"
"chr3","3389556","3389837","chr2","63222877","63223170","40","59833321"
"chr3","3579674","3579688","chr1","30555133","30555146","2","26975459"
"chr3","3579689","3579884","chr1","20997684","20997875","33","17417995"
"chr3","3579886","3579923","chrX","41233833","41233871","8","37653947"
"chr3","3778663","3778971","chr2","62841362","62841673","37","59062699"
"chr3","3799771","3800065","chr11","55308034","55308328","36","51508263"
"chr3","4032546","4032841","chr1","210738800","210739095","39","206706254"
"chr3","4317777","4318069","chr2","62325792","62326102","38","58008015"
"chr3","4373213","4373511","chr2","62274596","62274904","34","57901383"
"chr3","4380490","4380727","chr4","32242885","32243123","37","27862395"
"chr3","4386152","4386442","chr2","97448922","97449211","36","93062770"
"chr3","4442362","4442664","chr2","62215463","62215763","34","57773101"
"chr3","4463797","4464110","chr2","62146185","62146485","36","57682388"
"chr3","4470021","4470324","chr2","62139953","62140255","21","57669932"
"chr3","4471289","4471579","chr10","28584966","28585249","34","24113677"
"chr3","4472388","4472682","chr1","164679091","164679377","50","160206703"
"chr3","4472955","4473238","chr1","130788993","130789275","41","126316038"
"chr3","4492341","4492628","chr16","31717615","31717901","38","27225274"
"chr3","4512523","4512806","chr2","62094412","62094695","34","57581889"
"chr3","4535481","4535754","chr2","62061194","62061470","18","57525713"
"chr3","4620657","4620957","chr1","221811818","221812117","37","217191161"
"chr3","4643988","4644259","chr2","61915048","61915334","33","57271060"
"chr3","4690625","4690890","chr1","129089131","129089396","34","124398506"
"chr3","4720784","4720952","chr19","47485782","47485948","36","42764998"
"chr3","4773102","4773387","chr7","28329692","28329979","31","23556590"
"chr3","4783580","4783871","chr2","61778467","61778759","22","56994887"
"chr3","4844798","4845120","chr2","61713506","61713832","43","56868708"
"chr3","4887184","4887495","chr1","41805196","41805511","37","36918012"
"chr3","4909284","4909586","chr2","61648743","61649041","27","56739459"
"chr3","4930047","4930358","chr2","61627831","61628139","35","56697784"
"chr3","4970022","4970320","chr11","46510372","46510669","33","41540350"
"chr3","4984963","4985266","chr3","174331318","174331620","41","169346355"
"chr3","5000880","5001152","chr2","61554246","61554525","23","56553366"
"chr3","5077235","5077536","chr2","61479513","61479805","31","56402278"
"chr3","5089984","5090318","chr9","59702990","59703293","62","54613006"
"chr3","5091254","5091567","chr2","61465182","61465487","25","56373928"
"chr3","5094496","5094779","chr2","61461529","61461814","26","56367033"
"chr3","5111010","5111305","chr9","5713218","5713508","37","602208"
"chr3","5113582","5113885","chr2","109793679","109793978","39","104680097"
"chr3","5125113","5125409","chr9","59685986","59686279","29","54560873"
"chr3","5148571","5148881","chr13","107674457","107674769","40","102525886"
"chr3","5149477","5149632","chr9","98182003","98182169","26","93032526"
"chr3","5150216","5150347","chrX","147913924","147914058","12","142763708"
"chr3","5150832","5150960","chr10","62752755","62752877","24","57601923"
"chr3","5155799","5155956","chr18","8630149","8630305","23","3474350"
"chr3","5156313","5156552","chr1","203145957","203146192","56","197989644"
"chr3","5156776","5157072","chr2","61397780","61398068","41","56241004"
"chr3","5160692","5160910","chr3","41546131","41546341","43","36385439"
"chr3","5164839","5164909","chr16","54795412","54795490","14","49630573"
"chr3","5177617","5177912","chr7","43067043","43067333","33","37889426"
"chr3","5179205","5179409","chr19","34834553","34834754","22","29655348"
"chr3","5182586","5182879","chr2","61375952","61376249","31","56193366"
"chr3","5183017","5183179","chr16","4172524","4172689","33","1010493"
"chr3","5183462","5183746","chr2","61375039","61375328","34","56191577"
"chr3","5196891","5197172","chr18","60459178","60459462","34","55262287"
"chr3","5209736","5210033","chr2","61352566","61352872","37","56142830"
"chr3","5213078","5213267","chr11","112607244","112607433","28","107394166"
"chr3","5266653","5266940","chr2","61293485","61293775","29","56026832"
"chr3","5285760","5286042","chr2","61268991","61269272","27","55983231"
"chr3","5288392","5288690","chr1","46180984","46181279","36","40892592"
"chr3","5306777","5306922","chr4","107394440","107394589","24","102087663"
"chr3","5326306","5326471","chr4","4726770","4726935","23","599536"
"chr3","5354701","5354990","chr1","156308573","156308861","43","150953872"
"chr3","5356759","5357059","chr2","61202681","61202987","20","55845922"
"chr3","5383337","5383579","chr4","54098277","54098524","46","48714940"
"chr3","5399284","5399588","chr13","95800318","95800617","47","90401034"
"chr3","5467161","5467346","chr3","126058397","126058563","43","120591236"
"chr3","5482849","5483142","chr2","61004083","61004379","31","55521234"
"chr3","5493860","5494071","chr16","668407","668615","35","4825453"
"chr3","5583645","5583910","chr2","83476701","83476971","45","77893056"
"chr3","5727879","5728159","chr1","129058250","129058532","55","123330371"
"chr3","5771396","5771685","chr2","60709094","60709392","34","54937698"
"chr3","5790415","5790698","chr2","54577651","54577936","41","48787236"
"chr3","5812160","5812456","chr2","60666396","60666700","32","54854236"
"chr3","6261669","6261957","chr9","119250959","119251254","35","112989290"
"chr3","6517284","6517581","chr2","59933180","59933474","30","53415896"
"chr3","6517881","6518175","chr1","53516326","53516626","39","46998445"
"chr3","6573610","6573915","chr2","59885675","59885982","36","53312065"
"chr3","6611100","6611404","chr1","51516876","51517178","45","44905776"
"chr3","6654151","6654435","chr20","24142203","24142488","33","17488052"
"chr3","6684382","6684665","chr2","59768905","59769190","32","53084523"
"chr3","6785677","6785986","chr2","59668979","59669287","28","52883302"
"chr3","6824514","6824804","chr2","59632844","59633137","35","52808330"
"chr3","6885787","6886084","chr19","11709484","11709786","43","4823697"
"chr3","6968762","6969070","chr2","59489758","59490067","39","52520996"
"chr3","6981442","6981461","chr4","71593145","71593162","4","64611703"
"chr3","6981492","6981786","chr2","59476702","59476995","19","52495210"
"chr3","7055923","7056220","chr2","55123010","55123310","47","48067087"
"chr3","7074763","7075056","chr8","48329859","48330154","39","41255096"
"chr3","7136201","7136484","chr2","59327454","59327739","23","52191253"
"chr3","7169322","7169620","chr15","22308063","22308365","35","15138741"
"chr3","7357703","7358005","chr2","59254650","59254949","28","51896947"
"chr3","7378302","7378585","chr16","55838651","55838936","34","48460349"
"chr3","7457690","7457970","chr2","59150116","59150410","27","51692426"
"chr3","7626244","7626544","chr2","58964198","58964500","33","51337954"
"chr3","7629768","7629976","chr3","92539761","92539958","31","84909993"
"chr3","7640103","7640407","chr2","58946065","58946360","30","51305962"
"chr3","7658486","7658645","chr10","31403126","31403287","23","23744640"
"chr3","7712762","7712921","chr10","79681748","79681907","25","71968986"
"chr3","7799768","7800070","chr2","58781120","58781422","22","50981352"
"chr3","7807171","7807460","chr2","58773809","58774112","36","50966638"
"chr3","7844025","7844194","chr14","10619607","10619777","27","2775582"
"chr3","7982034","7982328","chr20","65954243","65954531","35","57972209"
"chr3","7995724","7995997","chr20","51855254","51855524","42","43859530"
"chr3","8024157","8024456","chr2","44278715","44279014","41","36254558"
"chr3","8078791","8079102","chr1","156337810","156338115","33","148259019"
"chr3","8300232","8300340","chr15","89488339","89488440","16","81188107"
"chr3","8319345","8319649","chr2","58255713","58256012","30","49936368"
"chr3","8324376","8324684","chr2","58248674","58248978","35","49924298"
"chr3","8431187","8431479","chr9","12236422","12236716","36","3805235"
"chr3","8465307","8465616","chr3","101165078","101165386","34","92699771"
"chr3","8631292","8631600","chr2","159581108","159581414","34","150949816"
"chr3","8919850","8920154","chrX","41694245","41694543","35","32774395"
"chr3","8979779","8979912","chr14","70285357","70285492","15","61305578"
"chr3","8979955","8980034","chr10","59521916","59521992","15","50541961"
"chr3","8985426","8985713","chr8","31289804","31290090","35","22304378"
"chr3","9030133","9030434","chr16","23838320","23838626","44","14808187"
"chr3","9091282","9091580","chr2","57516499","57516799","23","48425217"
"chr3","9148119","9148426","chr19","16357093","16357400","36","7208974"
"chr3","9258920","9259194","chr2","57354388","57354666","26","48095468"
"chr3","9288463","9288768","chr2","57323837","57324140","22","48035374"
"chr3","9381561","9381628","chr11","6816562","6816629","16","2564999"
"chr3","9407099","9407406","chr16","70767146","70767454","43","61360047"
"chr3","9415201","9415511","chr2","57193224","57193539","17","47778023"
"chr3","9473773","9473952","chr1","14649363","14649537","35","5175590"
"chr3","9495673","9495961","chr1","64584409","64584705","38","55088736"
"chr3","9510173","9510457","chr2","57094994","57095291","38","47584821"
"chr3","9537356","9537660","chr2","57068545","57068852","21","47531189"
"chr3","9539332","9539547","chr19","586843","587048","34","8952489"
"chr3","9547108","9547403","chr2","57057237","57057541","33","47510129"
"chr3","9552680","9552909","chr15","43292801","43293028","41","33740121"
"chr3","9578212","9578523","chr2","57026153","57026464","31","47447941"
"chr3","9582531","9582759","chr7","34231758","34231993","33","24649227"
"chr3","9601604","9601905","chrX","44939650","44939949","40","35338046"
"chr3","9620576","9620772","chr15","94696186","94696379","36","85075610"
"chr3","9650389","9650694","chr2","56949588","56949884","29","47299199"
"chr3","9658021","9658303","chr2","56942601","56942878","29","47284580"
"chr3","9682070","9682375","chr2","56917272","56917584","32","47235202"
"chr3","9691712","9691993","chr2","56906689","56906988","38","47214977"
"chr3","9709154","9709449","chr2","56889303","56889600","28","47180149"
"chr3","9711835","9712001","chr2","56885995","56886146","26","47174160"
"chr3","9712333","9712468","chr2","56885548","56885683","10","47173215"
"chr3","9716442","9716682","chr1","89980299","89980540","36","80263857"
"chr3","9721528","9721819","chr2","56875730","56876016","26","47154202"
"chr3","9729317","9729620","chr7","32030880","32031184","48","22301563"
"chr3","9732211","9732513","chr2","56864949","56865251","33","47132738"
"chr3","9735002","9735272","chr1","163391010","163391279","35","153656008"
"chr3","9735828","9736128","chr2","56861678","56861979","23","47125850"
"chr3","9738561","9738776","chr3","36200693","36200909","40","26462132"
"chr3","9762953","9763260","chr20","28014774","28015077","42","18251821"
"chr3","9768363","9768661","chr11","111021632","111021947","37","101253269"
"chr3","9777293","9777591","chr2","56819279","56819580","21","47041986"
"chr3","9780711","9780953","chr2","56815904","56816149","18","47035193"
"chr3","9785941","9786227","chr2","56811180","56811476","31","47025239"
"chr3","9797036","9797226","chr16","6259172","6259364","31","3537864"
"chr3","9797431","9797512","chr20","54265712","54265795","10","44468281"
"chr3","9797723","9798011","chr1","40356653","40356941","39","30558930"
"chr3","9805196","9805486","chr2","56804838","56805128","30","46999642"
"chr3","9815837","9816139","chr2","56792854","56793147","36","46977017"
"chr3","9822038","9822329","chr11","54607984","54608265","48","44785946"
"chr3","9823241","9823561","chr2","56782335","56782658","39","46959094"
"chr3","9824105","9824282","chr3","36859317","36859495","25","27035212"
"chr3","9824680","9824789","chr14","106875088","106875199","14","97050408"
"chr3","9825533","9825594","chr4","22120296","22120358","14","12294763"
"chr3","9832408","9832666","chr3","43311153","43311399","54","33478745"
"chr3","9835625","9835818","chr3","48278379","48278566","31","38442754"
"chr3","9836946","9837268","chr2","56768712","56769036","24","46931766"
"chr3","9843336","9843642","chr2","56762072","56762381","26","46918736"
"chr3","9845473","9845759","chr3","166005666","166005965","40","156160193"
"chr3","9848993","9849287","chr2","56756259","56756561","36","46907266"
"chr3","9853446","9853720","chr20","41055128","41055405","34","31201682"
"chr3","9912765","9913082","chr2","56687021","56687327","37","46774256"
"chr3","9948560","9948856","chr2","56649152","56649447","20","46700592"
"chr3","9962557","9962811","chr8","42733565","42733821","39","32771008"
"chr3","9963715","9964016","chr2","56633550","56633851","31","46669835"
"chr3","9965232","9965527","chr2","56631386","56631675","19","46666154"
"chr3","9972238","9972401","chr2","188225310","188225477","21","178253072"
"chr3","9985500","9985799","chr1","9601563","9601859","39","383937"
"chr3","9988845","9989137","chrX","23351237","23351529","40","13362392"
"chr3","10001379","10001665","chrX","35237272","35237563","44","25235893"
"chr3","10003496","10003803","chr2","56589732","56590036","22","46586236"
"chr3","10005261","10005542","chr2","56587278","56587576","42","46582017"
"chr3","10019131","10019415","chr2","56570494","56570794","51","46551363"
"chr3","10023888","10024187","chr2","56565528","56565822","45","46541640"
"chr3","10027054","10027203","chr16","69670226","69670375","28","59643172"
"chr3","10030508","10030784","chr2","56553295","56553579","21","46522787"
"chr3","10032741","10033065","chrX","8591299","8591598","54","1441442"
"chr3","10053245","10053498","chr19","49196659","49196913","23","39143414"
"chr3","10058407","10058687","chr9","106051939","106052219","37","95993532"
"chr3","10187852","10188129","chr7","71582313","71582594","44","61394461"
"chr3","10191718","10191876","chr3","65985284","65985445","40","55793566"
"chr3","10202823","10203123","chr15","13915689","13915984","42","3712866"
"chr3","10205811","10206094","chr10","14635289","14635572","39","4429478"
"chr3","10206126","10206147","chr1","16925219","16925239","5","6719093"
"chr3","10243672","10243961","chr10","37937441","37937734","34","27693769"
"chr3","10246267","10246538","chr3","137414467","137414738","37","127168200"
"chr3","10251175","10251470","chr4","163610184","163610481","32","153359009"
"chr3","10262243","10262411","chr2","56400529","56400700","24","46138286"
"chr3","10262729","10262863","chr10","12469833","12469963","15","2207104"
"chr3","10273589","10273883","chr2","56387755","56388055","29","46114166"
"chr3","10275513","10275809","chr13","14714807","14715101","40","4439294"
"chr3","10277005","10277189","chr11","2904691","2904882","35","7372314"
"chr3","10288412","10288584","chr6","139207284","139207450","33","128918872"
"chr3","10290120","10290401","chr3","164558229","164558511","39","154268109"
"chr3","10302545","10302841","chr19","17994513","17994801","42","7691968"
"chr3","10305073","10305364","chr2","56321775","56322075","28","46016702"
"chr3","10314426","10314718","chr1","219205360","219205653","36","208890934"
"chr3","10315664","10315956","chr11","116765552","116765846","35","106449888"
"chr3","10321851","10322133","chr15","79894939","79895223","35","69573088"
"chr3","10346224","10346520","chr4","105401676","105401972","39","95055452"
"chr3","10352782","10353083","chr6","158287515","158287806","64","147934733"
"chr3","10355171","10355373","chrX","47018952","47019147","35","36663781"
"chr3","10367872","10368186","chr10","33143714","33144027","55","22775842"
"chr3","10374948","10375231","chr2","56248605","56248902","34","45873657"
"chr3","10388720","10389007","chr2","56235305","56235598","25","45846585"
"chr3","10392945","10393074","chr12","46488724","46488860","17","36095779"
"chr3","10401748","10402044","chr20","22379232","22379527","44","11977484"
"chr3","10403230","10403538","chr3","29969393","29969697","33","19566163"
"chr3","10406272","10406561","chr2","56212626","56212917","18","45806354"
"chr3","10413468","10413758","chr5","155181327","155181618","38","144767859"
"chr3","10418649","10418807","chr1","65543735","65543896","41","55125086"
"chr3","10421210","10421502","chr2","56195776","56196072","48","45774566"
"chr3","10422928","10423020","chr2","56203537","56203630","15","45780609"
"chr3","10423606","10423814","chr19","53556913","53557119","26","43133307"
"chr3","10428573","10428859","chr8","30073665","30073955","42","19645092"
"chr3","10431616","10431929","chr4","40297222","40297520","61","29865606"
"chr3","10433458","10433711","chr9","62089461","62089709","37","51656003"
"chr3","10441762","10441931","chr14","29184535","29184705","26","18742773"
"chr3","10443017","10443310","chr5","41840426","41840720","31","31397409"
"chr3","10455046","10455346","chr5","8289100","8289402","42","2165946"
"chr3","10456599","10456908","chrX","19325410","19325719","38","8868811"
"chr3","10460174","10460362","chr1","22526172","22526359","30","12065998"
"chr3","10460797","10460911","chr19","19949995","19950109","14","9489198"
"chr3","10462448","10462758","chr2","56154191","56154502","25","45691743"
"chr3","10463048","10463358","chr2","56153593","56153905","37","45690545"
"chr3","10466277","10466577","chr2","56151533","56151822","32","45685256"
"chr3","10467337","10467496","chr7","20916889","20917048","28","10449552"
"chr3","10468024","10468156","chr7","137660344","137660478","15","127192320"
"chr3","10469581","10469864","chr2","56147584","56147867","19","45678003"
"chr3","10473635","10473856","chr16","668407","668615","40","9805228"
"chr3","10476291","10476375","chr16","52933829","52933908","12","42457538"
"chr3","10476761","10476823","chr13","14688151","14688212","15","4211390"
"chr3","10477139","10477273","chr4","54093127","54093262","14","43615988"
"chr3","10481008","10481243","chr17","76043406","76043643","41","65562398"
"chr3","10484437","10484737","chr7","43322799","43323092","37","32838362"
"chr3","10487895","10488193","chr3","74170622","74170921","33","63682727"
"chr3","10494560","10494798","chr12","70524409","70524645","30","60029849"
"chr3","10498040","10498351","chr3","142934307","142934610","37","132436267"
"chr3","10498988","10499290","chr7","9696105","9696408","38","802883"
"chr3","10499297","10499569","chr2","56114214","56114468","32","45614917"
"chr3","10510050","10510312","chrX","112159909","112160172","39","101649859"
"chr3","10512184","10512487","chr1","63074168","63074470","39","52561984"
"chr3","10517338","10517641","chr2","56095421","56095719","30","45578083"
"chr3","10523713","10523868","chr11","104996597","104996755","33","94472884"
"chr3","10524750","10525050","chr2","56087800","56088101","24","45563050"
"chr3","10527792","10528094","chr2","56085049","56085362","22","45557257"
"chr3","10528212","10528504","chr2","56084627","56084931","26","45556415"
"chr3","10540919","10541167","chr2","56066062","56066311","22","45525143"
"chr3","10550351","10550650","chr2","56057822","56058127","36","45507471"
"chr3","10552363","10552661","chr10","31766090","31766389","42","21213727"
"chr3","10552720","10553014","chr1","39808407","39808699","38","29255687"
"chr3","10558942","10559234","chr2","56043953","56044245","37","45485011"
"chr3","10595075","10595103","chr10","12568351","12568378","5","1973276"
"chr3","10595457","10595568","chr19","11546895","11547006","13","951438"
"chr3","10596641","10596944","chr2","56005102","56005399","33","45408461"
"chr3","10608969","10609278","chr2","55992433","55992722","42","45383464"
"chr3","10610186","10610504","chr1","41805196","41805511","40","31195010"
"chr3","10713200","10713508","chr7","115353337","115353631","49","104640137"
"chr3","10787466","10787769","chr2","55808401","55808710","29","45020935"
"chr3","10822478","10822786","chr13","48894338","48894647","47","38071860"
"chr3","10831387","10831685","chr2","55763542","55763837","24","44932155"
"chr3","10867064","10867201","chr3","84801828","84801962","17","73934764"
"chr3","10867202","10867482","chrX","40056549","40056830","37","29189347"
"chr3","11109737","11110031","chr2","55484028","55484323","25","44374291"
"chr3","11263168","11263440","chr8","28101256","28101539","58","16838088"
"chr3","11271681","11271975","chr2","55321735","55322028","29","44050054"
"chr3","11350457","11350744","chr2","55244821","55245114","28","43894364"
"chr3","11367744","11367898","chrX","43059711","43059863","26","31691967"
"chr3","11442853","11443152","chr2","55155137","55155440","28","43712284"
"chr3","11473321","11473645","chr11","7070005","7070325","42","4403316"
"chr3","11489122","11489417","chr2","55106924","55107207","32","43617802"
"chr3","11504447","11504736","chr3","116987934","116988230","33","105483487"
"chr3","11529619","11529830","chr1","118790938","118791149","30","107261319"
"chr3","11539546","11539838","chr7","28351071","28351363","32","16811525"
"chr3","11547414","11547723","chrX","146639188","146639499","33","135091774"
"chr3","11548448","11548746","chrX","113655958","113656257","38","102107510"
"chr3","11549162","11549467","chr15","104333343","104333649","44","92784181"
"chr3","11550493","11550700","chr1","8979879","8980051","60","2570614"
"chr3","11551241","11551507","chr15","29972506","29972770","39","18421265"
"chr3","11565262","11565556","chr18","8665874","8666169","45","2899388"
"chr3","11573750","11574061","chrX","17790100","17790403","40","6216350"
"chr3","11592394","11592692","chr1","92797768","92798069","46","81205374"
"chr3","11640466","11640508","chr1","140366987","140367030","9","128726521"
"chr3","11669830","11670126","chr17","68661047","68661344","45","56991217"
"chr3","11678632","11678934","chr6","76832194","76832500","37","65153562"
"chr3","11680455","11680730","chr13","65708117","65708395","34","54027662"
"chr3","11694911","11695215","chr2","54911179","54911481","39","43216268"
"chr3","11710019","11710311","chr20","8006906","8007198","31","3703113"
"chr3","11710472","11710775","chr13","2481127","2481431","44","9229345"
"chr3","11732521","11732833","chr2","54873213","54873511","33","43140692"
"chr3","11780069","11780347","chr2","54829834","54830124","30","43049765"
"chr3","11793694","11793919","chr2","54819379","54819605","17","43025685"
"chr3","11795548","11795731","chr14","48315903","48316088","21","36520355"
"chr3","11803408","11803677","chr2","54810196","54810481","43","43006788"
"chr3","11805428","11805710","chr2","54808351","54808639","33","43002923"
"chr3","11822265","11822472","chr2","54791569","54791775","17","42969304"
"chr3","11824783","11825062","chr5","7105359","7105637","35","4719424"
"chr3","11860089","11860385","chr3","7138329","7138625","41","4721760"
"chr3","11911220","11911515","chr2","54699500","54699795","20","42788280"
"chr3","11943076","11943368","chr2","54667865","54668160","33","42724789"
"chr3","11949963","11950247","chr2","54661615","54661909","33","42711652"
"chr3","11962508","11962717","chr2","54648587","54648811","36","42686079"
"chr3","12003104","12003366","chrX","128230041","128230303","38","116226937"
"chr3","12009301","12009564","chr2","83722504","83722747","67","71713203"
"chr3","12010671","12010945","chr17","8182942","8183226","47","3827729"
"chr3","12018384","12018551","chr9","63869571","63869740","25","51851187"
"chr3","12023269","12023579","chr1","91255948","91256256","48","79232679"
"chr3","12025909","12026202","chr2","54587515","54587808","29","42561606"
"chr3","12033450","12033728","chr2","54582142","54582428","35","42548692"
"chr3","12037061","12037364","chrX","8591299","8591598","31","3445762"
"chr3","12044056","12044359","chr14","124293090","124293393","36","112249034"
"chr3","12052163","12052474","chr1","18641677","18641985","35","6589514"
"chr3","12059828","12060111","chr2","54555442","54555727","24","42495614"
"chr3","12103352","12103393","chr3","126881439","126881476","9","114778087"
"chr3","12112187","12112473","chr2","54503238","54503524","27","42391051"
"chr3","12117719","12118014","chr9","59685986","59686279","42","47568267"
"chr3","12153036","12153216","chr16","48484668","48484845","26","36331632"
"chr3","12158236","12158533","chr14","15756054","15756351","39","3597818"
"chr3","12163942","12164224","chr6","158287515","158287806","55","146123573"
"chr3","12244763","12245077","chr2","54435624","54435938","29","42190861"
"chr3","12299528","12299837","chr2","54379602","54379918","44","42080074"
"chr3","12321548","12321854","chr2","54365190","54365489","34","42043642"
"chr3","12354972","12355275","chr2","54330105","54330410","30","41975133"
"chr3","12366131","12366422","chr4","128169729","128170019","33","115803598"
"chr3","12433602","12433913","chr2","54243695","54244004","28","41810093"
"chr3","12479975","12480126","chr7","120346484","120346633","28","107866509"
"chr3","12536561","12536882","chr2","54145291","54145604","31","41608730"
"chr3","12551102","12551227","chr7","56497314","56497433","28","43946212"
"chr3","12551276","12551458","chr5","40243322","40243506","32","27692046"
"chr3","12595174","12595447","chr2","54086207","54086491","30","41491033"
"chr3","12596367","12596428","chr1","38976274","38976341","9","26379907"
"chr3","12614648","12614957","chr2","54067495","54067798","32","41452847"
"chr3","12638960","12639267","chr2","54039597","54039908","31","41400637"
"chr3","12649763","12650070","chr2","54028448","54028734","36","41378685"
"chr3","12677276","12677501","chr4","116777080","116777297","37","104099804"
"chr3","12709192","12709495","chr16","9816171","9816470","34","2893021"
"chr3","12717637","12717892","chr3","38592741","38592996","35","25875104"
"chr3","12731404","12731666","chr7","55705195","55705456","39","42973791"
"chr3","12736211","12736513","chr2","53939439","53939741","16","41203228"
"chr3","12740012","12740310","chr2","53935165","53935475","31","41195153"
"chr3","12748609","12748919","chr7","154050940","154051245","56","141302331"
"chr3","12750065","12750075","chr1","133939342","133939352","1","121189277"
"chr3","12750102","12750384","chr16","58964634","58964913","45","46214532"
"chr3","12775033","12775329","chr2","53900413","53900713","27","41125380"
"chr3","12788983","12789276","chr2","53884452","53884746","25","41095469"
"chr3","12802327","12802472","chr4","158835451","158835593","30","146033124"
"chr3","12818991","12819297","chr2","53852104","53852423","30","41033113"
"chr3","12819753","12820040","chr1","51585963","51586252","41","38766210"
"chr3","12822354","12822659","chr2","53848930","53849239","32","41026576"
"chr3","12848130","12848420","chr2","53822948","53823230","30","40974818"
"chr3","12870260","12870476","chr1","85926312","85926528","31","73056052"
"chr3","12876209","12876350","chr7","32221455","32221606","31","19345246"
"chr3","12876671","12876803","chrX","147913924","147914058","11","135037253"
"chr3","12887144","12887434","chr10","87343294","87343579","46","74456150"
"chr3","12893368","12893671","chr2","53777512","53777813","34","40884144"
"chr3","12894235","12894424","chr20","411897","412077","42","12482338"
"chr3","12894572","12894875","chr2","53776266","53776572","22","40881694"
"chr3","12895479","12895774","chr3","18393941","18394230","54","5498462"
"chr3","12896230","12896536","chr1","151879393","151879697","39","138983163"
"chr3","12900219","12900426","chr2","204638025","204638229","36","191737806"
"chr3","12903576","12903882","chr2","53768244","53768548","36","40864668"
"chr3","12906524","12906668","chr2","53765152","53765289","16","40858628"
"chr3","12906742","12907018","chr2","53764779","53765077","50","40858037"
"chr3","12907910","12908023","chr20","54711525","54711640","22","41803615"
"chr3","12920509","12920826","chr19","6470757","6471056","52","6449752"
"chr3","12923791","12924085","chr2","53742300","53742587","30","40818509"
"chr3","12941468","12941763","chr13","70565050","70565347","31","57623582"
"chr3","12952179","12952484","chr11","37861306","37861614","49","24909127"
"chr3","12956776","12956990","chrX","25813318","25813533","47","12856542"
"chr3","12964869","12965140","chr1","126126926","126127199","47","113162057"
"chr3","12987571","12987868","chr17","62274846","62275143","25","49287275"
"chr3","12990276","12990566","chr17","62277582","62277863","30","49287306"
"chr3","12992333","12992506","chr1","20267473","20267639","25","7275140"
"chr3","13004510","13004808","chr7","81824434","81824737","28","68819924"
"chr3","13033226","13033532","chr14","112526592","112526892","42","99493366"
"chr3","13041330","13041626","chr3","154675847","154676147","39","141634517"
"chr3","13062508","13062800","chr9","30103371","30103654","44","17040863"
"chr3","13062865","13063158","chrX","113172541","113172834","37","100109676"
"chr3","13096573","13096884","chr2","53581209","53581521","20","40484636"
"chr3","13147838","13148148","chr10","12541086","12541391","38","606752"
"chr3","13193866","13194164","chr1","140166438","140166735","42","126972572"
"chr3","13269526","13269851","chr2","53403498","53403823","31","40133972"
"chr3","13377555","13377852","chr3","75597923","75598221","40","62220368"
"chr3","13399076","13399379","chr2","53277685","53277989","39","39878609"
"chr3","13411870","13412161","chr2","53258125","53258414","22","39846255"
"chr3","13420146","13420463","chr14","52889452","52889767","53","39469306"
"chr3","13542352","13542633","chr2","53123040","53123317","27","39580688"
"chr3","13686690","13686988","chr2","94514610","94514903","37","80827920"
"chr3","13692924","13693221","chr2","52971383","52971694","31","39278459"
"chr3","13696044","13696352","chr2","52967597","52967909","24","39271553"
"chr3","13698589","13698664","chr8","42255575","42255652","10","28556986"
"chr3","13698835","13698974","chr10","31225194","31225326","20","17526359"
"chr3","13701808","13702115","chr16","12974801","12975103","36","727007"
"chr3","13712618","13712932","chr14","9454773","9455079","43","4257845"
"chr3","13730212","13730492","chr2","52934990","52935270","15","39204778"
"chr3","13732168","13732492","chr14","126426269","126426577","51","112694101"
"chr3","13748211","13748515","chr1","95476592","95476897","50","81728381"
"chr3","13774730","13775026","chr2","52889022","52889321","40","39114292"
"chr3","13818315","13818623","chr2","52840948","52841245","25","39022633"
"chr3","13849873","13850005","chr3","40768859","40768991","22","26918986"
"chr3","13850056","13850362","chr2","52809457","52809763","29","38959401"
"chr3","13904986","13905274","chr2","170706900","170707187","61","156801914"
"chr3","13925326","13925603","chr2","52732979","52733255","28","38807653"
"chr3","13935465","13935748","chr6","56577123","56577403","47","42641658"
"chr3","14063563","14063803","chr5","127735049","127735288","49","113671486"
"chr3","14063844","14063868","chr1","216467122","216467145","6","202403278"
"chr3","14260196","14260490","chr3","2986573","2986865","33","11273623"
"chr3","14265284","14265377","chr1","212121416","212121513","24","197856132"
"chr3","14265413","14265624","chr4","38753382","38753592","32","24487969"
"chr3","14354349","14354643","chr2","52349843","52350143","27","37995494"
"chr3","14438985","14439290","chr2","52264229","52264529","21","37825244"
"chr3","14456953","14457253","chr2","52246337","52246632","27","37789384"
"chr3","14531286","14531407","chr10","60351478","60351597","20","45820192"
"chr3","14531571","14531782","chr8","6961245","6961455","31","7570326"
"chr3","14531783","14531914","chr15","9786599","9786734","15","4745184"
"chr3","14617566","14617877","chr10","92803966","92804268","42","78186400"
"chr3","14643689","14643992","chr19","11709484","11709786","41","2934205"
"chr3","14648307","14648605","chr2","52013461","52013763","32","37365154"
"chr3","14650171","14650455","chr18","6942245","6942530","45","7707926"
"chr3","14737981","14738276","chr2","51925951","51926251","30","37187970"
"chr3","14762413","14762740","chr2","51901454","51901767","44","37139041"
"chr3","14871563","14871803","chr16","22256684","22256927","36","7385121"
"chr3","14937333","14937607","chr3","32443406","32443689","42","17506073"
"chr3","14964637","14964935","chr2","51690422","51690732","33","36725785"
"chr3","14973046","14973359","chr15","13354853","13355160","42","1618193"
"chr3","14985904","14986231","chr4","159622157","159622483","47","144636253"
"chr3","14991654","14991952","chr2","51663071","51663360","28","36671417"
"chr3","15000255","15000351","chr7","153597771","153597865","10","138597516"
"chr3","15000886","15001027","chr7","52091432","52091576","14","37090546"
"chr3","15046471","15046635","chr16","44514151","44514316","28","29467680"
"chr3","15053854","15054150","chr9","92918267","92918562","36","77864413"
"chr3","15096640","15096953","chr2","51562573","51562882","32","36465933"
"chr3","15134991","15135288","chr2","51525272","51525567","31","36390281"
"chr3","15244171","15244319","chr15","8538420","8538567","23","6705751"
"chr3","15270037","15270323","chrX","127362936","127363225","40","112092899"
"chr3","15293449","15293566","chr2","101593789","101593908","17","86300340"
"chr3","15295166","15295317","chr4","44130284","44130433","15","28835118"
"chr3","15483810","15484131","chr4","74795688","74796006","50","59311878"
"chr3","15512997","15513294","chr7","43322799","43323092","40","27809802"
"chr3","15525210","15525474","chr9","110221177","110221441","40","94695967"
"chr3","15536907","15537277","chr2","171908247","171908596","43","156371340"
"chr3","15543609","15543664","chr7","155385603","155385655","9","139841994"
"chr3","15555953","15556244","chr4","129330527","129330815","33","113774574"
"chr3","15573583","15573876","chr2","171946931","171947224","14","156373348"
"chr3","15597797","15598078","chr7","97243876","97244157","40","81646079"
"chr3","15602079","15602358","chr2","171975465","171975744","18","156373386"
"chr3","15642097","15642384","chr13","95800318","95800617","41","80158221"
"chr3","15642611","15642908","chr2","172015333","172015649","38","156372722"
"chr3","15647563","15647870","chr2","172020661","172020969","32","156373098"
"chr3","15665207","15665520","chr2","172032347","172032649","32","156367140"
"chr3","15685838","15686141","chr19","6507474","6507777","34","9178364"
"chr3","15708209","15708501","chr2","172077946","172078255","38","156369737"
"chr3","15714563","15714862","chr16","9816171","9816470","37","5898392"
"chr3","15730850","15731152","chr2","172100523","172100819","28","156369673"
"chr3","15795064","15795367","chr2","172164552","172164855","26","156369488"
"chr3","15808677","15808986","chr16","55633315","55633624","33","39824638"
"chr3","15830052","15830346","chr2","172198873","172199172","29","156368821"
"chr3","15846776","15847086","chr2","172215421","172215714","38","156368645"
"chr3","15856011","15856271","chr1","139650554","139650817","28","123794543"
"chr3","15857757","15858070","chr1","10880417","10880729","36","4977340"
"chr3","15867901","15868199","chr15","6872633","6872929","40","8995268"
"chr3","15934524","15934828","chr1","146413549","146413848","47","130479025"
"chr3","15987414","15987698","chr2","172358361","172358646","22","156370947"
"chr3","16021795","16022103","chr3","154966558","154966863","36","138944763"
"chr3","16023826","16024118","chr2","172394501","172394774","39","156370675"
"chr3","16032551","16032719","chr7","165092908","165093077","23","149060357"
"chr3","16033209","16033490","chr2","172407451","172407740","20","156374242"
"chr3","16066474","16066766","chr9","59685986","59686279","32","43619512"
"chr3","16146336","16146628","chr2","172514873","172515177","34","156368537"
"chr3","16156684","16156973","chr17","81617914","81618203","35","65461230"
"chr3","16163561","16163870","chr2","172532301","172532608","30","156368740"
"chr3","16165125","16165428","chr20","42678956","42679249","37","26513831"
"chr3","16178186","16178484","chr2","172541486","172541778","32","156363300"
"chr3","16190511","16190808","chr2","172554203","172554493","35","156363692"
"chr3","16191054","16191340","chr2","172554739","172555037","26","156363685"
"chr3","16229048","16229231","chr2","172593618","172593797","17","156364570"
"chr3","16229380","16229494","chr2","172593946","172594057","14","156364566"
"chr3","16271922","16272238","chr8","141847127","141847437","45","125575205"
"chr3","16313267","16313529","chr2","172673831","172674101","22","156360564"
"chr3","16327105","16327399","chr4","46517171","46517466","29","30190066"
"chr3","16359553","16359861","chr9","54611531","54611836","34","38251978"
"chr3","16380631","16380918","chr1","109587777","109588063","35","93207146"
"chr3","16395157","16395317","chr7","51248409","51248569","27","34853252"
"chr3","16464494","16464800","chr1","121525551","121525856","38","105061057"
"chr3","16490537","16490843","chr2","172874555","172874853","24","156384018"
"chr3","16495218","16495520","chr2","57691932","57692233","32","41196714"
"chr3","16533285","16533577","chr15","66719782","66720073","33","50186497"
"chr3","16554231","16554532","chrX","16003467","16003765","37","550764"
"chr3","16573470","16573686","chr6","146980272","146980487","35","130406802"
"chr3","16676186","16676490","chr2","173063301","173063601","36","156387115"
"chr3","16704859","16705036","chr19","48787158","48787338","42","32082299"
"chr3","16738110","16738427","chr2","173127413","173127717","25","156389303"
"chr3","16820714","16820808","chr16","9676509","9676603","12","7144205"
"chr3","16823270","16823555","chr1","37954757","37955032","42","21131487"
"chr3","16878187","16878485","chr9","93153543","93153839","43","76275356"
"chr3","16953494","16953800","chr2","146877836","146878139","34","129924342"
"chr3","17121238","17121543","chr2","173502234","173502524","34","156380996"
"chr3","17325398","17325611","chr4","116777080","116777297","34","99451682"
"chr3","17332478","17332781","chr2","173715480","173715785","20","156383002"
"chr3","17483218","17483565","chr2","173870921","173871269","26","156387703"
"chr3","17677669","17677957","chr2","174070051","174070342","20","156392382"
"chr3","17740889","17741188","chr3","43402255","43402549","37","25661366"
"chr3","17789134","17789270","chr19","30084061","30084199","30","12294927"
"chr3","17789435","17789725","chr2","174176304","174176603","33","156386869"
"chr3","17805988","17806320","chr2","174190687","174191008","52","156384699"
"chr3","17808520","17808828","chr2","174193229","174193532","25","156384709"
"chr3","17815540","17815826","chr2","174200226","174200517","38","156384686"
"chr3","17842951","17843238","chr2","174226905","174227193","21","156383954"
"chr3","17867475","17867695","chr2","174245254","174245477","38","156377779"
"chr3","17871759","17872069","chr14","33810560","33810864","41","15938801"
"chr3","17892504","17892802","chr2","40749202","40749497","43","22856698"
"chr3","17989030","17989312","chr2","174354610","174354917","52","156365580"
"chr3","17993345","17993650","chr2","174358910","174359208","29","156365565"
"chr3","18019158","18019297","chr1","161409822","161409970","37","143390664"
"chr3","18024527","18024814","chr17","29335507","29335791","35","11310980"
"chr3","18045934","18046207","chr3","164558229","164558511","38","146512295"
"chr3","18100733","18101043","chr10","38609403","38609714","42","20508670"
"chr3","18231044","18231334","chr2","174607559","174607859","35","156376515"
"chr3","18270993","18271288","chr2","174643321","174643627","32","156372328"
"chr3","18286060","18286353","chr2","174658402","174658701","30","156372342"
"chr3","18357426","18357726","chr2","174729308","174729612","14","156371882"
"chr3","18419506","18419752","chr5","6022015","6022274","47","12397491"
"chr3","18487132","18487434","chr2","174857786","174858096","34","156370654"
"chr3","18560494","18560780","chr2","174938902","174939187","22","156378408"
"chr3","18746858","18747149","chr4","128169729","128170019","44","109422871"
"chr3","18807521","18807805","chr16","30245484","30245770","35","11437963"
"chr3","18865714","18866014","chr2","175247577","175247877","25","156381863"
"chr3","18871416","18871714","chr2","175253226","175253529","30","156381810"
"chr3","18988899","18989149","chr2","175375719","175375965","22","156386820"
"chr3","19024491","19024803","chr2","175411642","175411942","32","156387151"
"chr3","19155005","19155289","chr2","179049308","179049608","34","159894303"
"chr3","19182778","19183088","chr2","179015297","179015607","26","159832519"
"chr3","19200580","19200789","chr7","32729330","32729532","26","13528750"
"chr3","19236614","19236853","chr2","178965924","178966190","41","159729310"
"chr3","19240282","19240599","chr2","178962217","178962528","32","159721935"
"chr3","19358784","19359083","chr1","139180433","139180733","35","119821649"
"chr3","19544756","19545063","chr7","116514535","116514837","37","96969779"
"chr3","19911393","19911622","chr1","163035376","163035608","42","143123983"
"chr3","19943841","19944001","chr14","84880122","84880288","29","64936281"
"chr3","20127590","20127876","chr6","64801784","64802074","37","44674194"
"chr3","20143455","20143739","chr2","178109666","178109964","34","157966211"
"chr3","20153487","20153782","chr3","2986573","2986865","34","17166914"
"chr3","20166228","20166572","chr2","178083891","178084261","58","157917663"
"chr3","20166818","20167110","chr2","178083355","178083642","27","157916537"
"chr3","20169279","20169582","chrX","148448692","148448998","39","128279413"
"chr3","20214144","20214426","chr1","56158540","56158828","59","35944396"
"chr3","20224377","20224676","chr2","178023438","178023742","32","157799061"
"chr3","20230731","20231029","chr18","20505848","20506142","39","275117"
"chr3","20232460","20232766","chr2","178015883","178016193","29","157783423"
"chr3","20247470","20247763","chr2","178002620","178002914","28","157755150"
"chr3","20251651","20251786","chr3","43189560","43189695","10","22937909"
"chr3","20252480","20252786","chr2","177997025","177997333","19","157744545"
"chr3","20254847","20254917","chrX","498283","498353","14","19756564"
"chr3","20308517","20308797","chr2","177938380","177938660","28","157629863"
"chr3","20312761","20313060","chr2","177934404","177934688","35","157621643"
"chr3","20314317","20314533","chr2","97164062","97164281","30","76849745"
"chr3","20316958","20317251","chr2","177930097","177930396","40","157613139"
"chr3","20322012","20322145","chr1","221479214","221479348","26","201157202"
"chr3","20331383","20331697","chr2","177914484","177914776","43","157583101"
"chr3","20343815","20344120","chrX","23558557","23558868","46","3214742"
"chr3","20350759","20351069","chr2","177894793","177895084","41","157544034"
"chr3","20374350","20374607","chr4","39283629","39283887","37","18909279"
"chr3","20375133","20375429","chr2","177870205","177870502","37","157495072"
"chr3","20431862","20432152","chr18","10104287","10104575","38","10327575"
"chr3","20434694","20435009","chr9","57539892","57540201","41","37105198"
"chr3","20482583","20482879","chr2","177762686","177762991","28","157280103"
"chr3","20528928","20529239","chr16","8401738","8402049","39","12127190"
"chr3","20639446","20639623","chr6","166393772","166393949","26","145754326"
"chr3","20768734","20768906","chr9","28310079","28310249","23","7541345"
"chr3","20821555","20821857","chr2","177424497","177424814","39","156602942"
"chr3","21085437","21085704","chr2","177110434","177110712","28","156024997"
"chr3","21090305","21090435","chr3","121251018","121251153","18","100160713"
"chr3","21175213","21175336","chr9","97550947","97551073","10","76375734"
"chr3","21349774","21349998","chrX","128242561","128242788","45","106892787"
"chr3","21397672","21397927","chr15","94675643","94675917","52","73277971"
"chr3","21446509","21446810","chr5","37259892","37260194","40","15813383"
"chr3","21574440","21574673","chr10","81707017","81707247","47","60132577"
"chr3","21643798","21644099","chr9","128323758","128324052","52","106679960"
"chr3","21651285","21651586","chr2","176558757","176559050","25","154907472"
"chr3","21693588","21693887","chr2","176512469","176512771","26","154818881"
"chr3","21789374","21789661","chrX","40495088","40495370","45","18705714"
"chr3","21887239","21887326","chr13","105416123","105416211","13","83528884"
"chr3","21888005","21888038","chr10","65896918","65896951","4","44008913"
"chr3","21945213","21945524","chr2","176249106","176249403","35","154303893"
"chr3","21967173","21967483","chrX","23558557","23558868","36","1591384"
"chr3","22002422","22002744","chr2","176194199","176194518","39","154191777"
"chr3","22293901","22294196","chr16","25161165","25161456","42","2867264"
"chr3","22374797","22375093","chr2","175796140","175796441","32","153421343"
"chr3","22585982","22586279","chr16","20398804","20399101","31","2187178"
"chr3","22587648","22587930","chr17","82791576","82791857","36","60203928"
"chr3","22685812","22685923","chr2","165208982","165209094","15","142523170"
"chr3","22686047","22686223","chr2","203146906","203147087","35","180460859"
"chr3","22741972","22742297","chr2","179174596","179174897","57","156432624"
"chr3","22814209","22814481","chr2","122802877","122803152","35","99988668"
"chr3","22815261","22815539","chr2","179250186","179250463","28","156434925"
"chr3","22822333","22822624","chr2","179257341","179257640","34","156435008"
"chr3","22947574","22947852","chr12","20843965","20844245","34","2103609"
"chr3","23141194","23141508","chr2","179660932","179661242","33","156519738"
"chr3","23147303","23147500","chr11","2904691","2904882","33","20242612"
"chr3","23211268","23211553","chr8","28681967","28682245","48","5470699"
"chr3","23278956","23279251","chr1","46750621","46750910","46","23471665"
"chr3","23316377","23316687","chr2","146877836","146878139","43","123561459"
"chr3","23340227","23340514","chr2","179864497","179864780","33","156524270"
"chr3","23379445","23379706","chr9","30238615","30238883","39","6859170"
"chr3","23410471","23410766","chr2","179927173","179927475","33","156516702"
"chr3","23416196","23416489","chr2","179932925","179933219","32","156516729"
"chr3","23416797","23417025","chr2","46870620","46870847","30","23453823"
"chr3","23480279","23480590","chr1","75673607","75673911","38","52193328"
"chr3","23489973","23490272","chr2","180007744","180008045","29","156517771"
"chr3","23496889","23496932","chr3","50347199","50347247","15","26850310"
"chr3","23529219","23529376","chr15","108095064","108095230","26","84565845"
"chr3","23580802","23581091","chrX","52560249","52560544","44","28979447"
"chr3","23619647","23619946","chr2","180120762","180121049","31","156501115"
"chr3","23636694","23636988","chr2","90852543","90852839","35","67215849"
"chr3","23638375","23638661","chr2","180146232","180146526","33","156507857"
"chr3","23653320","23653405","chr19","41104645","41104715","19","17451325"
"chr3","23664734","23664891","chr13","43952281","43952438","25","20287547"
"chr3","23747465","23747707","chr2","180271058","180271295","18","156523593"
"chr3","23832990","23833244","chr2","180350907","180351162","20","156517917"
"chr3","23951543","23951793","chr2","180513269","180513519","21","156561726"
"chr3","23959437","23959718","chr2","180518251","180518532","28","156558814"
"chr3","23959814","23960126","chr2","180518632","180518939","22","156558818"
"chr3","23974142","23974446","chr2","180534626","180534926","37","156560484"
"chr3","23974465","23974766","chr4","71563789","71564090","36","47589324"
"chr3","23975605","23975776","chr6","180034110","180034274","31","156058505"
"chr3","23982597","23982901","chr4","55008882","55009189","36","31026285"
"chr3","23992625","23992918","chr10","77592577","77592865","42","53599952"
"chr3","23995476","23995694","chr11","118500754","118500968","41","94505278"
"chr3","24003202","24003507","chr2","180565675","180565978","39","156562473"
"chr3","24005891","24006204","chr2","180567485","180567800","34","156561594"
"chr3","24012806","24013104","chr14","7643073","7643368","38","16369733"
"chr3","24031498","24031784","chr2","180593133","180593420","26","156561635"
"chr3","24033734","24034026","chr13","71185605","71185898","32","47151871"
"chr3","24055699","24055984","chr2","42832537","42832829","41","18776838"
"chr3","24084891","24085120","chr4","14069039","14069266","38","10015852"
"chr3","24092355","24092632","chr4","134524804","134525078","43","110432449"
"chr3","24096678","24096976","chr2","180661333","180661639","29","156564655"
"chr3","24139897","24140159","chr1","139650554","139650817","40","115510657"
"chr3","24146858","24147159","chr4","40297222","40297520","34","16150364"
"chr3","24158072","24158366","chr3","10877014","10877311","41","13281058"
"chr3","24160092","24160377","chr4","11116565","11116853","49","13043527"
"chr3","24188454","24188756","chr2","180765251","180765556","25","156576797"
"chr3","24204211","24204514","chr13","80367640","80367941","35","56163429"
"chr3","24240263","24240395","chr1","140276965","140277100","18","116036702"
"chr3","24241045","24241271","chr2","91721799","91722026","36","67480754"
"chr3","24248547","24248851","chr19","31432700","31433003","27","7184153"
"chr3","24296913","24297212","chr12","86958060","86958364","41","62661147"
"chr3","24328322","24328607","chr18","20505848","20506142","35","3822474"
"chr3","24333258","24333551","chr2","180917983","180918284","29","156584725"
"chr3","24414938","24415238","chr2","181001851","181002157","23","156586913"
"chr3","24440093","24440292","chr1","142143458","142143656","20","117703365"
"chr3","24553311","24553600","chr2","181132949","181133238","11","156579638"
"chr3","24739828","24740122","chr2","181320391","181320675","25","156580563"
"chr3","24804571","24804882","chr18","6824874","6825182","39","17979697"
"chr3","24857169","24857474","chr2","181434104","181434408","36","156576935"
"chr3","24888561","24888845","chr2","181466748","181467032","16","156578187"
"chr3","24987053","24987234","chr11","62490821","62491000","23","37503768"
"chr3","25036892","25037195","chr2","181618993","181619285","38","156582101"
"chr3","25149087","25149366","chr2","181735698","181735978","33","156586611"
"chr3","25220306","25220616","chrX","23228881","23229187","36","1991425"
"chr3","25228724","25228840","chr1","205577261","205577377","17","180348537"
"chr3","25265849","25266061","chr16","30329902","30330113","38","5064053"
"chr3","25333899","25334197","chr3","41130046","41130344","32","15796147"
"chr3","25334404","25334650","chr2","181921423","181921665","27","156587019"
"chr3","25338539","25338838","chr2","181924447","181924748","36","156585908"
"chr3","25561042","25561343","chr2","182141096","182141397","31","156580054"
"chr3","25615306","25615604","chrX","47919751","47920050","32","22304445"
"chr3","25676053","25676187","chr16","4850336","4850468","29","20825717"
"chr3","25676218","25676471","chr7","136403023","136403275","41","110726805"
"chr3","25677479","25677756","chr2","142851869","142852151","43","117174390"
"chr3","25692892","25693191","chr9","22388768","22389061","38","3304124"
"chr3","25738459","25738621","chr3","69004212","69004378","27","43265753"
"chr3","25757321","25757635","chr2","182341979","182342288","38","156584658"
"chr3","25822980","25823234","chr2","182408351","182408598","19","156585371"
"chr3","25876810","25877079","chr1","4738579","4738851","40","21138231"
"chr3","25899239","25899486","chr19","33850313","33850566","35","7951074"
"chr3","25899900","25900139","chr2","182485691","182485934","25","156585791"
"chr3","25922532","25922808","chr2","182503713","182503979","29","156581181"
"chr3","25935141","25935447","chr2","182513726","182514032","24","156578585"
"chr3","25941521","25941802","chr2","182520437","182520711","32","156578916"
"chr3","25966152","25966443","chr2","182544109","182544411","37","156577957"
"chr3","25966496","25966814","chr16","72687712","72688029","46","46721216"
"chr3","26010586","26010885","chr2","182592070","182592367","32","156581484"
"chr3","26055836","26056134","chr3","166406946","166407246","35","140351110"
"chr3","26058229","26058523","chr19","44781977","44782268","37","18723748"
"chr3","26112603","26112894","chr2","182691450","182691739","30","156578847"
"chr3","26375705","26375858","chr6","143310132","143310288","22","116934427"
"chr3","26401965","26402034","chr1","10386764","10386833","7","16015201"
"chr3","26402035","26402159","chr3","178724829","178724953","21","152322794"
"chr3","26513229","26513331","chr2","183089908","183090010","7","156576679"
"chr3","26515568","26515760","chr2","183092257","183092449","12","156576689"
"chr3","26577917","26578221","chr20","1540804","1541106","41","25037113"
"chr3","26769294","26769555","chr2","183345209","183345484","43","156575915"
"chr3","26771226","26771514","chr2","183347142","183347437","33","156575916"
"chr3","26964434","26964725","chr2","183539501","183539797","30","156575067"
"chr3","27068009","27068319","chr2","183632545","183632854","38","156564536"
"chr3","27147684","27147947","chr2","183692598","183692870","44","156544914"
"chr3","27153018","27153322","chr2","183697100","183697403","35","156544082"
"chr3","27288966","27289267","chr6","174776897","174777196","43","147487931"
"chr3","27328219","27328518","chrX","8591299","8591598","26","18736920"
"chr3","27418958","27419233","chr7","3450180","3450461","37","23968778"
"chr3","27455893","27456186","chr3","2986573","2986865","34","24469320"
"chr3","27507645","27507838","chr2","184039496","184039689","13","156531851"
"chr3","27520457","27520635","chr16","2774615","2774794","26","24745842"
"chr3","27528149","27528212","chr15","108353401","108353459","10","80825252"
"chr3","27536326","27536550","chr15","45308771","45308991","34","17772445"
"chr3","27573826","27574122","chr2","184107423","184107723","28","156533597"
"chr3","27582898","27583181","chr2","184118115","184118400","33","156535217"
"chr3","27597010","27597291","chr2","202930199","202930485","32","175333189"
"chr3","27617305","27617595","chr2","184152155","184152454","29","156534850"
"chr3","27634143","27634338","chr1","31546710","31546898","27","3912567"
"chr3","27645028","27645236","chr1","25987435","25987643","36","1657593"
"chr3","27654852","27655162","chr2","184189095","184189406","27","156534243"
"chr3","27655166","27655472","chr9","32114234","32114535","40","4459068"
"chr3","27656305","27656588","chr2","184190556","184190850","52","156534251"
"chr3","27657417","27657727","chr20","20820684","20820991","37","6836733"
"chr3","27672840","27673152","chr4","15357863","15358174","51","12314977"
"chr3","27675356","27675533","chr1","128607013","128607194","32","100931657"
"chr3","27679181","27679438","chr13","65125599","65125861","49","37446418"
"chr3","27680356","27680675","chr2","184215191","184215513","42","156534835"
"chr3","27686116","27686223","chr2","43923383","43923493","20","16237267"
"chr3","27686598","27686897","chr2","184219025","184219337","34","156532427"
"chr3","27691412","27691708","chr7","138156387","138156680","45","110464975"
"chr3","27692029","27692327","chr2","184224307","184224616","33","156532278"
"chr3","27695602","27695893","chr2","184227911","184228194","32","156532309"
"chr3","27696234","27696519","chr1","44032064","44032350","32","16335830"
"chr3","27698936","27699229","chr2","184231082","184231377","34","156532146"
"chr3","27699432","27699742","chr2","184231586","184231888","22","156532154"
"chr3","27708164","27708450","chr2","184237421","184237716","36","156529257"
"chr3","27714092","27714398","chr2","184245911","184246221","29","156531819"
"chr3","27720455","27720624","chr2","184252492","184252649","25","156532037"
"chr3","27720899","27721036","chr2","184252927","184253064","13","156532028"
"chr3","27722604","27722820","chr2","184254633","184254857","20","156532029"
"chr3","27723456","27723758","chr16","41377146","41377452","32","13653690"
"chr3","27726490","27726779","chr11","49132682","49132972","30","21406192"
"chr3","27736244","27736526","chr17","1021940","1022220","40","26714304"
"chr3","27745218","27745505","chr2","184278344","184278631","22","156533126"
"chr3","27761718","27762013","chr12","50914553","50914844","32","23152835"
"chr3","27771329","27771426","chr4","163607677","163607777","28","135836348"
"chr3","27780196","27780431","chr9","72730444","72730684","27","44950248"
"chr3","27781294","27781590","chr19","45509831","45510130","29","17728537"
"chr3","27784118","27784419","chr3","141980133","141980434","36","114196015"
"chr3","27796086","27796221","chr3","61248904","61249045","25","33452818"
"chr3","27797488","27797777","chr2","184327425","184327710","31","156529937"
"chr3","27798740","27799071","chr13","91751145","91751450","63","63952405"
"chr3","27800553","27800861","chr2","184334435","184334737","24","156533882"
"chr3","27801409","27801616","chr2","204638025","204638229","32","176836616"
"chr3","27811491","27811805","chr2","184345272","184345571","43","156533781"
"chr3","27822101","27822384","chr2","201418236","201418520","42","173596135"
"chr3","27825393","27825686","chr15","27330681","27330978","38","494712"
"chr3","27830999","27831288","chr7","92726085","92726366","36","64895086"
"chr3","27840699","27840907","chr7","164725775","164725981","23","136885076"
"chr3","27840908","27841027","chr19","47854422","47854540","37","20013514"
"chr3","27853884","27854114","chr9","10009673","10009908","38","17844211"
"chr3","27858656","27858902","chr1","58286861","58287124","56","30428205"
"chr3","27873269","27873555","chr2","184399833","184400120","26","156526564"
"chr3","27874161","27874450","chr2","184400673","184400968","26","156526512"
"chr3","27879025","27879338","chr2","184405468","184405784","20","156526443"
"chr3","27896854","27897165","chr2","184422880","184423187","35","156526026"
"chr3","27901836","27902126","chr2","182277641","182277932","37","154375805"
"chr3","27902552","27902846","chr2","184433789","184434081","28","156531237"
"chr3","27919892","27920127","chr10","59910337","59910584","31","31990445"
"chr3","27940523","27940820","chr2","184467062","184467364","42","156526539"
"chr3","27946353","27946627","chr2","184473019","184473303","29","156526666"
"chr3","28003633","28003927","chr2","184578366","184578660","31","156574733"
"chr3","28036481","28036710","chr8","31096257","31096481","28","3059776"
"chr3","28086008","28086337","chr2","184649775","184650079","56","156563767"
"chr3","28110426","28110722","chr2","184681482","184681777","32","156571056"
"chr3","28137652","28137757","chr1","58515652","58515747","21","30378000"
"chr3","28137885","28137969","chr3","3758325","3758409","20","24379560"
"chr3","28137970","28138179","chr8","64758477","64758689","29","36620507"
"chr3","28165575","28165862","chr2","184738556","184738851","35","156572981"
"chr3","28175478","28175773","chrX","71674315","71674612","44","43498837"
"chr3","28217545","28217863","chrX","40852936","40853242","33","12635391"
"chr3","28222497","28222792","chr2","184791084","184791370","49","156568587"
"chr3","28263949","28264239","chr1","165353981","165354272","38","137090032"
"chr3","28280928","28281228","chr6","140907162","140907461","34","112626234"
"chr3","28291337","28291621","chr2","184854163","184854446","24","156562826"
"chr3","28403761","28404062","chr2","184969608","184969920","40","156565847"
"chr3","28417493","28417783","chr7","98293389","98293684","35","69875896"
"chr3","28481523","28481822","chr2","185048765","185049063","22","156567242"
"chr3","28585551","28585865","chr2","185149245","185149542","38","156563694"
"chr3","28674669","28674970","chr1","38412022","38412324","41","9737353"
"chr3","28682988","28683286","chrX","12231939","12232237","46","16451049"
"chr3","28686378","28686555","chr13","61516510","61516682","32","32830132"
"chr3","28725817","28726118","chr1","7254956","7255255","30","21470861"
"chr3","28837571","28837739","chr11","16092033","16092204","30","12745538"
"chr3","28871737","28872034","chr2","185428358","185428655","32","156556621"
"chr3","28974071","28974382","chr2","186933036","186933351","19","157958965"
"chr3","28978517","28978804","chr13","96035506","96035794","36","67056989"
"chr3","29117614","29117912","chr8","93049829","93050127","29","63932215"
"chr3","29273446","29273621","chr8","122467386","122467555","31","93193940"
"chr3","29353546","29353846","chr1","220883377","220883674","37","191529831"
"chr3","29354389","29354703","chr2","186541389","186541710","38","157187000"
"chr3","29381188","29381484","chr17","67363324","67363618","37","37982136"
"chr3","29444052","29444355","chr3","48195070","48195371","40","18751018"
"chr3","29465361","29465645","chr4","11176178","11176462","61","18289183"
"chr3","29589115","29589333","chr5","27524472","27524687","31","2064643"
"chr3","29710900","29711196","chr13","49140611","49140905","29","19429711"
"chr3","29737307","29737623","chr6","177711530","177711838","53","147974223"
"chr3","29772142","29772293","chr2","66905039","66905190","21","37132897"
"chr3","29911499","29911789","chr2","185979510","185979811","30","156068011"
"chr3","30044899","30045189","chr16","10710589","10710878","29","19334310"
"chr3","30374830","30375074","chr2","185540784","185541043","36","155165954"
"chr3","30384666","30384951","chr3","34722332","34722616","31","4337666"
"chr3","30461043","30461352","chr1","205649853","205650155","42","175188810"
"chr3","30522005","30522307","chr3","123524563","123524862","48","93002558"
"chr3","30556425","30556740","chr10","28202933","28203239","43","2353492"
"chr3","30745599","30745906","chr2","190634954","190635262","25","159889355"
"chr3","30752643","30752883","chr2","190627605","190627844","32","159874962"
"chr3","30765264","30765566","chr1","160634862","160635165","45","129869598"
"chr3","30785183","30785535","chr2","190597022","190597393","57","159811839"
"chr3","30899546","30899852","chr2","190483358","190483668","34","159583812"
"chr3","31214941","31215226","chr2","190159396","190159676","27","158944455"
"chr3","31360886","31361193","chr6","129934590","129934892","33","98573704"
"chr3","31372052","31372081","chr1","38883374","38883398","13","7511322"
"chr3","31373996","31374303","chr12","116499373","116499683","35","85125377"
"chr3","31436636","31436913","chr16","66613140","66613427","50","35176504"
"chr3","31468693","31468994","chr6","101656274","101656571","38","70187581"
"chr3","31760302","31760600","chr2","189573447","189573747","32","157813145"
"chr3","31857629","31857933","chr2","189477639","189477942","15","157620010"
"chr3","31896787","31897082","chr16","52707529","52707822","31","20810742"
"chr3","31974588","31974899","chr12","60402194","60402502","36","28427606"
"chr3","31981098","31981405","chr15","85396569","85396880","35","53415471"
"chr3","32013272","32013570","chr2","189319746","189320061","34","157306474"
"chr3","32085122","32085394","chr2","189243108","189243400","38","157157986"
"chr3","32087793","32088091","chr2","189240403","189240708","31","157152610"
"chr3","32101892","32102201","chr2","189222591","189222894","31","157120699"
"chr3","32121032","32121294","chr5","6022015","6022274","36","26099017"
"chr3","32126760","32127050","chr14","49891007","49891295","24","17764247"
"chr3","32137044","32137334","chrX","32725397","32725690","37","588353"
"chr3","32139867","32140151","chr2","189192109","189192404","34","157052242"
"chr3","32148423","32148736","chr2","167439401","167439710","44","135290978"
"chr3","32207030","32207114","chr10","21051082","21051165","13","11155948"
"chr3","32207149","32207387","chr10","61029967","61030201","39","28822818"
"chr3","32208626","32208940","chr10","83117052","83117365","37","50908426"
"chr3","32243322","32243626","chr6","35367989","35368287","38","3124667"
"chr3","32268787","32269079","chr2","189061983","189062270","25","156793196"
"chr3","32277410","32277605","chr1","186839979","186840175","27","154562569"
"chr3","32278616","32278951","chr12","113453261","113453591","51","81174645"
"chr3","32298632","32298930","chr7","18502191","18502489","35","13796441"
"chr3","32326490","32326802","chr2","189014750","189015041","43","156688260"
"chr3","32379731","32380028","chr2","188960863","188961160","29","156581132"
"chr3","32386514","32386730","chr3","45604681","45604903","40","13218167"
"chr3","32387017","32387095","chrX","113800811","113800889","12","81413794"
"chr3","32416106","32416420","chr2","188922739","188923049","32","156506633"
"chr3","32425560","32425855","chr5","41840426","41840720","38","9414866"
"chr3","32427393","32427679","chr2","188911437","188911724","23","156484044"
"chr3","32439029","32439314","chr2","188899213","188899483","45","156460184"
"chr3","32479622","32479885","chr17","77634238","77634486","56","45154616"
"chr3","32481135","32481295","chr1","18496557","18496718","27","13984578"
"chr3","32481338","32481389","chrX","69104184","69104237","11","36622846"
"chr3","32527286","32527428","chr15","77563700","77563844","20","45036414"
"chr3","32565665","32565972","chr2","188773072","188773369","28","156207407"
"chr3","32573285","32573580","chr2","188765666","188765968","28","156192381"
"chr3","32573656","32573959","chr2","188765283","188765589","23","156191627"
"chr3","32588861","32589025","chr10","69611091","69611255","28","37022230"
"chr3","32591087","32591373","chr2","188747653","188747935","30","156156566"
"chr3","32631999","32632296","chr4","85655531","85655829","46","53023532"
"chr3","32644192","32644465","chr9","58204099","58204374","34","25559907"
"chr3","32691428","32691740","chr15","17398233","17398543","44","15293195"
"chr3","32712274","32712578","chr2","188629355","188629657","27","155917081"
"chr3","32722384","32722654","chr2","188619328","188619590","29","155896944"
"chr3","32733284","32733418","chr3","50634991","50635125","21","17901707"
"chr3","32733845","32734043","chr18","57186865","57187042","54","24453020"
"chr3","32737268","32737504","chr19","43625773","43626006","28","10888505"
"chr3","32751501","32751788","chr10","10244591","10244883","37","22506910"
"chr3","32766331","32766629","chr3","21160342","21160639","43","11605989"
"chr3","32791986","32792284","chr2","188546095","188546388","24","155754109"
"chr3","32799505","32799785","chr7","38331779","38332051","42","5532274"
"chr3","32831149","32831461","chr2","188504551","188504852","40","155673402"
"chr3","32845220","32845515","chr2","188488746","188489048","26","155643526"
"chr3","32864311","32864607","chr16","5048763","5049058","37","27815548"
"chr3","32898158","32898448","chr11","100151601","100151892","42","67253443"
"chr3","32898675","32898981","chr4","30787972","30788279","38","2110703"
"chr3","32912387","32912679","chr2","188429157","188429442","21","155516770"
"chr3","32923410","32923697","chr8","3602401","3602693","36","29321009"
"chr3","32929795","32929929","chr10","31067832","31067967","11","1861963"
"chr3","32931843","32932150","chr2","188400198","188400508","26","155468355"
"chr3","32934869","32935165","chr2","188396935","188397237","28","155462066"
"chr3","32942948","32943230","chr16","73966885","73967170","39","41023937"
"chr3","32949832","32950125","chr1","161795650","161795944","36","128845818"
"chr3","32952046","32952353","chr2","188381193","188381493","37","155429147"
"chr3","32952994","32953296","chr2","188379928","188380224","46","155426934"
"chr3","32954195","32954329","chr2","188379139","188379273","17","155424944"
"chr3","32972030","32972320","chr2","182277641","182277932","40","149305611"
"chr3","32978522","32978808","chr2","188352917","188353201","29","155374395"
"chr3","32983687","32983991","chr1","7944107","7944409","43","25039580"
"chr3","32989767","32989901","chr2","188339337","188339471","10","155349570"
"chr3","32991015","32991188","chr1","164648998","164649168","31","131657983"
"chr3","32998735","32999028","chr1","43370416","43370709","34","10371681"
"chr3","32999499","32999719","chr16","9675962","9676190","28","23323537"
"chr3","33007574","33007790","chr3","85468176","85468394","56","52460602"
"chr3","33016889","33016906","chr1","30213042","30213056","3","2803847"
"chr3","33016940","33017227","chr1","109587777","109588063","39","76570837"
"chr3","33019228","33019285","chr4","1239491","1239546","13","31779737"
"chr3","33022713","33023008","chr2","188301545","188301842","20","155278832"
"chr3","33027041","33027335","chr7","40436964","40437259","33","7409923"
"chr3","33028228","33028376","chr2","188296844","188296992","9","155268616"
"chr3","33031502","33031578","chr1","25829614","25829692","14","7201888"
"chr3","33043566","33043845","chr2","51605674","51605959","36","18562108"
"chr3","33043876","33043892","chr7","18914710","18914725","3","14129166"
"chr3","33044146","33044411","chr17","23782955","23783220","39","9261191"
"chr3","33057964","33058064","chr4","5039959","5040053","13","28018005"
"chr3","33059166","33059435","chr2","188263760","188264029","44","155204594"
"chr3","33059797","33059934","chr20","15368244","15368387","20","17691553"
"chr3","33062280","33062571","chr2","188259636","188259938","33","155197356"
"chr3","33071126","33071380","chr9","93172956","93173205","39","60101830"
"chr3","33091504","33091799","chr3","75746452","75746751","46","42654948"
"chr3","33093418","33093668","chr6","50367821","50368072","42","17274403"
"chr3","33106577","33106876","chr2","188211533","188211791","60","155104956"
"chr3","33134058","33134368","chr3","55556828","55557129","36","22422770"
"chr3","33138086","33138376","chr2","188180202","188180494","26","155042116"
"chr3","33169505","33169792","chr2","188149608","188149893","22","154980103"
"chr3","33193143","33193420","chr2","188135791","188136079","31","154942648"
"chr3","33202149","33202334","chr2","188126611","188126796","14","154924462"
"chr3","33220245","33220536","chr2","188078998","188079284","20","154858753"
"chr3","33221101","33221394","chr2","188078132","188078420","31","154857031"
"chr3","33229132","33229424","chr2","188069212","188069507","26","154840080"
"chr3","33232707","33232932","chr5","185915874","185916101","25","152683167"
"chr3","33238223","33238512","chr1","219523346","219523638","31","186285123"
"chr3","33257020","33257320","chr2","188039478","188039770","25","154782458"
"chr3","33274502","33274798","chrX","52560249","52560544","33","19285747"
"chr3","33278820","33279129","chr2","188008943","188009254","26","154730123"
"chr3","33290858","33291063","chr7","95222121","95222323","29","61931263"
"chr3","33301157","33301452","chr2","187985976","187986272","29","154684819"
"chr3","33310352","33310660","chr2","187977152","187977459","27","154666800"
"chr3","33338865","33339163","chr2","187949015","187949317","28","154610150"
"chr3","33341570","33341879","chr16","6511632","6511944","35","26829938"
"chr3","33349564","33349878","chr1","53362799","53363106","36","20013235"
"chr3","33361675","33361971","chr1","62100848","62101154","46","28739173"
"chr3","33367283","33367575","chr1","43370416","43370709","37","10003133"
"chr3","33371080","33371368","chr2","187910018","187910306","24","154538938"
"chr3","33395218","33395497","chr2","187885999","187886287","33","154490781"
"chr3","33399366","33399661","chr9","69180403","69180696","38","35781037"
"chr3","33412231","33412537","chr4","167849199","167849504","36","134436968"
"chr3","33429177","33429342","chr4","4726770","4726935","20","28702407"
"chr3","33438008","33438272","chr8","35895941","35896203","39","2457933"
"chr3","33444731","33444881","chr15","89149263","89149414","27","55704532"
"chr3","33452047","33452327","chr4","55832660","55832939","32","22380613"
"chr3","33462094","33462385","chr16","30959648","30959942","35","2502446"
"chr3","33494228","33494518","chr2","187784128","187784418","24","154289900"
"chr3","33574406","33574706","chr12","125052387","125052686","36","91477981"
"chr3","33602279","33602568","chr2","187673450","187673737","40","154071171"
"chr3","33635289","33635595","chr7","139827579","139827889","40","106192290"
"chr3","33635827","33635987","chr3","50437243","50437396","31","16801416"
"chr3","33643706","33643884","chr2","187630873","187631037","23","153987167"
"chr3","33644163","33644280","chr1","128607504","128607619","16","94963341"
"chr3","33651284","33651575","chr3","39228845","39229147","39","5577561"
"chr3","33657658","33657845","chr1","22526172","22526359","29","11131486"
"chr3","33687067","33687186","chrX","52526870","52526977","24","18839803"
"chr3","33687648","33687844","chr1","5531144","5531338","31","28156504"
"chr3","33687884","33688123","chr1","142978292","142978533","34","109290408"
"chr3","33692855","33693143","chr2","97053118","97053405","33","63360263"
"chr3","33693428","33693731","chr7","152567968","152568271","44","118874540"
"chr3","33695424","33695710","chr9","48123023","48123309","37","14427599"
"chr3","33696834","33697131","chrX","148090540","148090833","39","114393706"
"chr3","33711741","33712024","chr1","41691570","41691860","33","7979829"
"chr3","33733493","33733807","chr2","187558684","187558980","38","153825191"
"chr3","33751000","33751295","chr4","116886862","116887156","42","83135862"
"chr3","33766096","33766388","chr2","187522462","187522758","41","153756366"
"chr3","33788150","33788446","chr5","51540643","51540938","42","17752493"
"chr3","33824233","33824483","chr2","187464471","187464716","27","153640238"
"chr3","33825825","33826054","chr16","9675962","9676190","37","24149863"
"chr3","33857096","33857398","chr2","187429075","187429377","50","153571979"
"chr3","33905361","33905645","chr15","108480354","108480642","27","74574993"
"chr3","33917089","33917361","chr2","187373086","187373361","29","153455997"
"chr3","33931227","33931517","chrX","112170114","112170405","33","78238887"
"chr3","33931821","33932127","chr16","65310363","65310670","55","31378542"
"chr3","33961648","33961954","chr14","9454773","9455079","40","24506875"
"chr3","33975484","33975787","chr2","187327362","187327663","37","153351878"
"chr3","34043641","34043939","chr2","187249862","187250161","25","153206221"
"chr3","34081111","34081380","chr2","187212347","187212615","53","153131236"
"chr3","34262784","34263088","chr6","114483101","114483412","51","80220317"
"chr3","34289035","34289330","chr2","195460058","195460355","21","161171023"
"chr3","34422400","34422695","chr14","15756054","15756351","35","18666346"
"chr3","34547700","34547998","chrX","114883322","114883623","35","80335622"
"chr3","34656514","34656825","chr2","195107763","195108073","26","160451249"
"chr3","34691717","34692019","chr20","54253129","54253431","39","19561412"
"chr3","34874703","34875001","chr9","127741330","127741627","47","92866627"
"chr3","34912519","34912815","chr2","194849349","194849652","30","159936830"
"chr3","35131909","35132218","chrX","112616416","112616715","49","77484507"
"chr3","35135812","35136105","chr4","3275190","3275481","41","31860622"
"chr3","35137823","35138121","chr2","69047093","69047391","38","33909270"
"chr3","35169357","35169662","chr2","194601108","194601404","28","159431751"
"chr3","35222328","35222644","chr18","371369","371677","44","34850959"
"chr3","35238712","35239023","chr2","194535630","194535938","39","159296918"
"chr3","35310248","35310540","chr1","90954076","90954369","35","55643828"
"chr3","35449430","35449723","chrX","41155740","41156033","37","5706310"
"chr3","35475126","35475432","chr2","194295633","194295940","45","158820507"
"chr3","35481293","35481595","chr2","194290058","194290364","45","158808765"
"chr3","35497093","35497392","chr2","194275387","194275691","24","158778294"
"chr3","35659149","35659465","chr2","194108371","194108676","45","158449222"
"chr3","35712072","35712374","chr11","48224936","48225235","39","12512864"
"chr3","35719880","35719944","chr2","93673843","93673900","17","57953963"
"chr3","35780033","35780315","chr2","193993199","193993479","24","158213166"
"chr3","35843898","35844146","chr2","193935610","193935863","35","158091712"
"chr3","35927668","35927954","chr2","193851791","193852058","36","157924123"
"chr3","36235281","36235594","chr2","193515183","193515484","36","157279902"
"chr3","36408149","36408442","chr4","68338810","68339104","36","31930661"
"chr3","36570399","36570684","chr2","193192261","193192549","31","156621862"
"chr3","36592830","36593106","chr2","193170334","193170627","36","156577504"
"chr3","36690717","36691002","chr2","193070228","193070515","22","156379511"
"chr3","36713361","36713648","chr2","193047466","193047748","29","156334105"
"chr3","36828714","36828996","chr10","60292296","60292577","48","23463582"
"chr3","37040604","37040916","chrX","23558557","23558868","35","13482047"
"chr3","37067438","37067733","chr20","58308745","58309042","35","21241307"
"chr3","37078178","37078472","chr3","1691355","1691649","39","35386823"
"chr3","37094032","37094322","chr4","167386082","167386373","40","130292050"
"chr3","37107463","37107744","chr6","175025449","175025731","32","137917986"
"chr3","37108907","37109206","chr10","27590265","27590565","38","9518642"
"chr3","37120099","37120400","chr1","10241868","10242167","39","26878231"
"chr3","37133732","37134013","chr4","103348438","103348728","38","66214706"
"chr3","37135587","37135897","chr3","72177549","72177857","51","35041962"
"chr3","37135898","37136046","chr5","9015862","9016010","28","28120036"
"chr3","37136806","37137101","chr3","38684532","38684827","37","1547726"
"chr3","37144357","37144670","chr2","105859216","105859523","30","68714859"
"chr3","37150389","37150675","chr15","14042006","14042286","39","23108383"
"chr3","37157850","37157863","chr16","45142692","45142704","1","7984842"
"chr3","37157899","37158180","chr2","51605674","51605959","37","14447775"
"chr3","37180748","37181042","chr15","8611982","8612274","29","28568766"
"chr3","37190903","37191199","chr2","199739509","199739803","39","162548606"
"chr3","37198967","37199273","chr2","105805470","105805771","28","68606503"
"chr3","37203759","37204056","chr14","15756054","15756351","35","21447705"
"chr3","37205680","37205812","chr7","55937012","55937147","14","18731332"
"chr3","37213561","37213861","chr2","105791640","105791940","22","68578079"
"chr3","37223012","37223315","chr2","105781886","105782191","32","68558874"
"chr3","37238180","37238491","chr1","166387645","166387949","35","129149465"
"chr3","37240667","37240969","chr5","8289100","8289402","45","28951567"
"chr3","37256215","37256309","chr20","262382","262476","7","36993833"
"chr3","37267260","37267567","chr2","105738077","105738380","23","68470817"
"chr3","37298031","37298332","chr2","105709520","105709827","33","68411489"
"chr3","37325277","37325572","chr2","105682193","105682482","23","68356916"
"chr3","37344882","37345079","chr7","95222121","95222323","37","57877239"
"chr3","37346673","37346977","chr2","105654993","105655299","30","68308320"
"chr3","37347176","37347491","chr1","26744293","26744601","40","10602883"
"chr3","37348035","37348317","chr2","105653613","105653893","21","68305578"
"chr3","37354902","37355200","chr2","105646795","105647097","28","68291893"
"chr3","37382245","37382414","chr14","118920793","118920963","39","81538548"
"chr3","37382425","37382666","chr10","81707017","81707247","54","44324592"
"chr3","37386821","37386974","chr6","174263574","174263720","34","136876753"
"chr3","37387771","37388046","chr4","115091911","115092176","54","77704140"
"chr3","37388279","37388567","chr2","105612840","105613127","18","68224561"
"chr3","37390051","37390336","chr2","105611110","105611408","28","68221059"
"chr3","37395652","37395933","chr2","105605438","105605733","38","68209786"
"chr3","37406543","37406830","chr1","210699167","210699455","33","173292624"
"chr3","37409328","37409631","chr2","105545558","105545864","36","68136230"
"chr3","37409961","37410263","chr1","212003371","212003672","32","174593410"
"chr3","37431743","37432045","chr2","105524393","105524690","29","68092650"
"chr3","37439860","37439965","chr12","88112976","88113081","13","50673116"
"chr3","37440171","37440413","chr4","17935925","17936163","53","19504246"
"chr3","37443490","37443649","chrX","53570396","53570559","30","16126906"
"chr3","37470752","37471058","chr2","105484917","105485219","24","68014165"
"chr3","37488363","37488652","chr2","105466815","105467114","39","67978452"
"chr3","37492383","37492695","chr2","105462590","105462903","29","67970207"
"chr3","37495577","37495818","chr2","105459460","105459701","20","67963883"
"chr3","37499834","37500000","chr6","4449114","4449285","32","33050720"
"chr3","37504498","37504764","chr10","86687740","86688014","48","49183242"
"chr3","37507642","37507947","chr17","11947336","11947644","31","25560306"
"chr3","37521213","37521510","chr2","105433479","105433769","25","67912266"
"chr3","37533345","37533550","chr11","118500754","118500968","38","80967409"
"chr3","37533866","37533960","chr12","58854261","58854356","14","21320395"
"chr3","37560128","37560411","chr7","28351071","28351363","41","9209057"
"chr3","37591088","37591385","chr2","105359653","105359958","34","67768565"
"chr3","37598472","37598781","chr2","105352050","105352359","34","67753578"
"chr3","37619770","37620070","chr2","105330583","105330876","35","67710813"
"chr3","37624480","37624758","chrX","148237929","148238207","34","110613449"
"chr3","37633493","37633675","chr13","33172932","33173107","36","4460561"
"chr3","37649467","37649762","chr10","73910925","73911216","35","36261458"
"chr3","37671881","37672182","chr2","105272037","105272341","24","67600156"
"chr3","37701995","37702288","chr3","9441421","9441715","36","28260574"
"chr3","37807745","37808054","chrX","47581011","47581317","37","9773266"
"chr3","37820782","37821086","chr2","105121931","105122229","38","67301149"
"chr3","37955009","37955292","chr2","104980504","104980805","40","67025495"
"chr3","37982019","37982245","chr1","35416508","35416723","44","2565511"
"chr3","37983725","37984031","chr16","44045842","44046129","56","6062117"
"chr3","37986347","37986633","chr2","104949586","104949873","19","66963239"
"chr3","37997133","37997410","chr7","66358678","66358956","32","28361545"
"chr3","38013044","38013321","chr6","63351215","63351489","36","25338171"
"chr3","38033888","38034192","chr16","5625017","5625313","38","32408871"
"chr3","38064262","38064460","chr3","41180555","41180754","20","3116293"
"chr3","38064619","38064786","chr2","75701337","75701508","27","37636718"
"chr3","38082944","38083247","chr2","73030327","73030630","35","34947383"
"chr3","38161273","38161453","chr12","115674238","115674427","38","77512965"
"chr3","38239526","38239821","chr4","27866745","27867040","32","10372781"
"chr3","38249882","38250181","chr2","104683017","104683318","35","66433135"
"chr3","38267380","38267676","chr14","32834682","32834977","29","5432698"
"chr3","38284465","38284743","chr2","104658909","104659187","17","66374444"
"chr3","38286773","38287076","chr5","109045885","109046188","38","70759112"
"chr3","38350284","38350584","chr3","41130046","41130344","38","2779762"
"chr3","38450087","38450385","chr2","104490482","104490784","31","66040395"
"chr3","38459390","38459692","chr12","57850151","57850455","37","19390761"
"chr3","38461479","38461775","chr2","104476302","104476598","30","66014823"
"chr3","38467248","38467565","chr15","83514509","83514787","91","45047261"
"chr3","38479128","38479402","chr2","104456775","104457057","24","65977647"
"chr3","38480708","38480997","chr2","104455175","104455475","29","65974467"
"chr3","38482495","38482791","chrX","91194527","91194819","36","52712032"
"chr3","38504288","38504572","chr8","9775586","9775870","42","28728702"
"chr3","38534689","38534983","chr2","104401301","104401583","35","65866612"
"chr3","38538625","38538748","chrX","117855294","117855417","16","79316669"
"chr3","38567498","38567811","chrX","91601208","91601519","39","53033710"
"chr3","38594272","38594564","chr2","104339749","104340048","28","65745477"
"chr3","38673589","38673878","chr2","104233576","104233875","30","65559987"
"chr3","38684695","38684839","chr19","32723322","32723473","21","5961373"
"chr3","38713727","38714027","chr4","115743114","115743409","41","77029387"
"chr3","38771907","38772221","chrX","30090136","30090440","44","8681771"
"chr3","38782053","38782366","chr3","123103539","123103850","36","84321486"
"chr3","38847564","38847875","chrX","41160510","41160820","62","2312946"
"chr3","38888862","38889139","chr15","100762997","100763280","44","61874135"
"chr3","38892387","38892621","chr1","39098488","39098713","46","206101"
"chr3","38998391","38998689","chr16","9816171","9816470","37","29182220"
"chr3","39132349","39132651","chr1","139180433","139180733","37","100048084"
"chr3","39168853","39169162","chr19","49173046","49173355","35","10004193"
"chr3","39185733","39186022","chr2","103713402","103713691","35","64527669"
"chr3","39193693","39194014","chr19","37738032","37738349","43","1455661"
"chr3","39241213","39241522","chr3","39641274","39641578","38","400061"
"chr3","39300992","39301275","chr2","103547845","103548139","30","64246853"
"chr3","39331644","39331945","chr2","103517276","103517578","26","64185632"
"chr3","39352668","39352974","chrX","39918091","39918400","29","565423"
"chr3","39370468","39370582","chr14","33563907","33564022","19","5806561"
"chr3","39372022","39372325","chr15","39460070","39460366","30","88048"
"chr3","39389227","39389534","chr4","88410610","88410912","33","49021383"
"chr3","39442302","39442595","chr2","103420045","103420341","18","63977743"
"chr3","39485459","39485592","chr2","103377008","103377142","12","63891549"
"chr3","39488545","39488713","chr1","50748974","50749152","35","11260429"
"chr3","39515237","39515519","chr1","126079086","126079365","34","86563849"
"chr3","39518172","39518309","chr2","103351900","103352038","8","63833728"
"chr3","39520045","39520213","chr2","103349956","103350134","23","63829911"
"chr3","39526618","39526933","chr3","175598130","175598445","47","136071512"
"chr3","39563510","39563808","chr2","103326243","103326542","20","63762733"
"chr3","39582212","39582508","chr14","5623089","5623387","36","33959123"
"chr3","39607214","39607502","chr2","103282901","103283191","34","63675687"
"chr3","39609536","39609841","chr4","39634856","39635158","32","25320"
"chr3","39615380","39615675","chr2","103274723","103275025","32","63659343"
"chr3","39621258","39621554","chr4","8933279","8933573","39","30687979"
"chr3","39625275","39625555","chr6","73538338","73538619","36","33913063"
"chr3","39633241","39633539","chr2","103190022","103190332","30","63556781"
"chr3","39638164","39638465","chr9","30305014","30305317","35","9333150"
"chr3","39676797","39677094","chr2","103150820","103151119","28","63474023"
"chr3","39750278","39750570","chr1","31822106","31822398","34","7928172"
"chr3","39772157","39772233","chr6","152851622","152851702","11","113079465"
"chr3","39775152","39775329","chr11","122457829","122458007","29","82682677"
"chr3","39844221","39844519","chr2","102988908","102989206","26","63144687"
"chr3","39860704","39861000","chr2","102974114","102974400","43","63113410"
"chr3","39876986","39877279","chr3","182275880","182276169","35","142398894"
"chr3","40083200","40083501","chr2","134722051","134722362","53","94638851"
"chr3","40091729","40092018","chr2","102741681","102741975","31","62649952"
"chr3","40250810","40251111","chr7","164026191","164026494","38","123775381"
"chr3","40263655","40263785","chr2","192722632","192722764","16","152458977"
"chr3","40421362","40421457","chr11","111878590","111878685","14","71457228"
"chr3","40491800","40492095","chr3","75094281","75094575","49","34602481"
"chr3","40497430","40497725","chrX","46755159","46755454","43","6257729"
"chr3","40513392","40513673","chr2","102349631","102349905","29","61836239"
"chr3","40535469","40535772","chr1","32137803","32138113","42","8397666"
"chr3","40558789","40559087","chr2","102308644","102308961","48","61749855"
"chr3","40587099","40587410","chr2","102280405","102280719","33","61693306"
"chr3","40601296","40601504","chr14","10567523","10567724","38","30033773"
"chr3","40638617","40638917","chr20","56789030","56789326","38","16150413"
"chr3","40639386","40639671","chrX","40517713","40518010","48","121673"
"chr3","40641317","40641606","chr2","102227536","102227822","31","61586219"
"chr3","40644491","40644629","chr1","161409822","161409970","31","120765331"
"chr3","40648220","40648521","chr1","39371430","39371728","37","1276790"
"chr3","40663426","40663701","chr1","126079086","126079365","39","85415660"
"chr3","40669234","40669524","chr20","56831413","56831703","36","16162179"
"chr3","40677122","40677214","chr1","223107751","223107840","12","182430629"
"chr3","40677379","40677454","chr16","12841703","12841771","12","27835676"
"chr3","40678550","40678854","chr9","115371610","115371915","34","74693060"
"chr3","40689101","40689205","chr10","44888468","44888572","12","4199367"
"chr3","40689658","40689828","chr5","2748922","2749095","43","37940736"
"chr3","40690780","40690819","chr2","93639690","93639728","9","52948910"
"chr3","40695997","40696150","chr1","223601810","223601966","30","182905813"
"chr3","40702279","40702566","chr9","90820027","90820317","44","50117748"
"chr3","40703558","40703767","chr12","106080182","106080390","31","65376624"
"chr3","40736312","40736620","chr2","102126990","102127295","24","61390678"
"chr3","40759410","40759718","chr2","102109843","102110145","30","61350433"
"chr3","41018629","41018967","chr2","101837490","101837843","41","60818861"
"chr3","41037918","41038216","chr2","101820691","101821001","32","60782773"
"chr3","41087384","41087547","chr1","5574394","5574556","30","35512990"
"chr3","41097147","41097434","chr2","101767463","101767748","25","60670316"
"chr3","41161485","41161745","chr5","6022015","6022274","34","35139470"
"chr3","41223459","41223616","chr1","212796029","212796185","24","171572570"
"chr3","41236377","41236682","chr15","42266168","42266476","43","1029791"
"chr3","41256740","41256958","chr9","26650579","26650790","42","14606161"
"chr3","41328454","41328738","chr2","101533904","101534188","20","60205450"
"chr3","41514495","41514792","chr16","54885553","54885850","32","13371058"
"chr3","41519100","41519405","chr2","101343483","101343783","35","59824383"
"chr3","41580463","41580761","chr2","101285212","101285519","31","59704749"
"chr3","41582218","41582524","chr2","101284241","101284547","25","59702023"
"chr3","41615481","41615612","chr19","38786900","38787030","23","2828581"
"chr3","41617712","41617884","chr1","32072346","32072515","24","9545366"
"chr3","41642992","41643293","chr2","101220099","101220407","25","59577107"
"chr3","41691931","41692256","chr17","11003464","11003772","53","30688467"
"chr3","41692720","41693026","chr2","101174128","101174430","34","59481408"
"chr3","41759748","41760077","chr2","101060668","101060976","46","59300920"
"chr3","41810920","41811215","chr2","101006415","101006710","32","59195495"
"chr3","41874588","41874870","chr10","50845434","50845714","46","8970846"
"chr3","41916047","41916256","chr17","19340513","19340722","34","22575534"
"chr3","41947566","41947864","chr15","6872633","6872929","31","35074933"
"chr3","41959872","41960063","chr10","36629761","36629953","27","5330111"
"chr3","42011904","42012208","chr2","100830728","100831034","38","58818824"
"chr3","42023736","42023869","chr7","100180933","100181067","21","58157197"
"chr3","42034301","42034589","chr1","52493053","52493345","46","10458752"
"chr3","42038543","42038852","chr9","96018903","96019206","39","53980360"
"chr3","42068054","42068288","chr9","72730444","72730684","39","30662390"
"chr3","42077783","42078123","chr2","100741264","100741586","47","58663481"
"chr3","42090191","42090501","chrX","9240846","9241146","40","32849345"
"chr3","42101753","42102046","chr2","100716995","100717282","26","58615242"
"chr3","42111780","42111903","chr16","4243061","4243190","27","37868719"
"chr3","42122214","42122494","chr7","77698309","77698596","36","35576095"
"chr3","42124386","42124675","chr2","100685765","100686043","23","58561379"
"chr3","42126190","42126412","chr2","56203940","56204152","40","14077750"
"chr3","42130491","42130780","chr9","59685986","59686279","31","17555495"
"chr3","42143883","42144174","chr1","166387645","166387949","51","124243762"
"chr3","42166159","42166448","chr2","100644556","100644848","27","58478397"
"chr3","42176351","42176663","chr2","100632649","100632957","23","58456298"
"chr3","42179692","42179771","chr20","54265712","54265795","9","12086020"
"chr3","42179880","42180094","chrX","30236033","30236239","41","11943847"
"chr3","42187758","42188057","chr16","57891622","57891924","36","15703864"
"chr3","42197307","42197604","chr7","18502191","18502489","24","23695116"
"chr3","42213001","42213302","chr2","100598358","100598662","29","58385357"
"chr3","42216810","42217097","chr7","43067043","43067333","33","850233"
"chr3","42222205","42222424","chr6","56511093","56511315","35","14288888"
"chr3","42264890","42265184","chr11","53118374","53118663","39","10853484"
"chr3","42310751","42311059","chr2","100505977","100506271","36","58195226"
"chr3","42342832","42343118","chr14","49891007","49891295","32","7548175"
"chr3","42348100","42348221","chr2","100466979","100467100","9","58118879"
"chr3","42348456","42348587","chr2","100466057","100466193","21","58117601"
"chr3","42356956","42357258","chr7","113559810","113560113","35","71202854"
"chr3","42360960","42361258","chr2","100454674","100454964","35","58093714"
"chr3","42363018","42363321","chr6","20317307","20317607","37","22045711"
"chr3","42369979","42370232","chr19","1403201","1403443","53","40966778"
"chr3","42374498","42374793","chr2","100440019","100440323","32","58065521"
"chr3","42439997","42440285","chr1","41691570","41691860","42","748427"
"chr3","42462709","42463017","chr2","100361487","100361794","36","57898778"
"chr3","42569672","42569966","chr2","100240668","100240958","28","57670996"
"chr3","42593912","42594144","chr16","9675962","9676190","45","32917950"
"chr3","42638272","42638333","chr2","88876284","88876343","21","46238012"
"chr3","42706290","42706589","chr2","100092898","100093196","21","57386608"
"chr3","42736222","42736520","chr2","100063000","100063299","27","57326778"
"chr3","43562537","43562843","chr2","100038733","100039036","29","56476196"
"chr3","43566698","43566997","chr17","7324483","7324788","40","36242215"
"chr3","43600564","43600872","chr2","99999041","99999340","27","56398477"
"chr3","43653014","43653226","chr2","99946285","99946497","17","56293271"
"chr3","43697860","43698156","chr5","17023948","17024246","36","26673912"
"chr3","43738395","43738699","chr2","99858099","99858408","31","56119704"
"chr3","43755036","43755330","chr11","55122642","55122939","37","11367606"
"chr3","43758542","43758841","chr2","99840484","99840768","37","56081942"
"chr3","43766231","43766418","chr14","111081881","111082066","43","67315650"
"chr3","43785591","43785883","chr2","99812528","99812825","25","56026937"
"chr3","43787602","43787890","chr2","99810986","99811269","37","56023384"
"chr3","43809390","43809701","chr2","99790889","99791194","28","55981499"
"chr3","43813808","43814050","chr2","99785864","99786108","19","55972056"
"chr3","43832103","43832249","chr12","63241189","63241340","31","19409086"
"chr3","43832622","43832674","chr10","31190741","31190791","7","12641881"
"chr3","43850119","43850404","chrX","117841622","117841902","45","73991503"
"chr3","43869085","43869371","chr8","143551768","143552062","40","99682683"
"chr3","43878873","43879141","chr1","139650554","139650817","38","95771681"
"chr3","43895806","43896116","chr19","24285292","24285600","39","19610514"
"chr3","43918771","43919089","chr4","80972238","80972544","64","37053467"
"chr3","43919817","43920085","chr14","104454047","104454314","38","60534230"
"chr3","44076130","44076451","chr2","99516810","99517128","21","55440680"
"chr3","44134983","44135293","chr2","99457052","99457356","28","55322069"
"chr3","44135846","44136139","chr1","22306092","22306389","36","21829754"
"chr3","44187436","44187742","chr2","99406180","99406487","36","55218744"
"chr3","44273443","44273732","chr2","99317876","99318170","35","55044433"
"chr3","44291591","44291889","chr1","220883377","220883674","47","176591786"
"chr3","44383393","44383675","chr13","61781930","61782210","45","17398537"
"chr3","44450467","44450781","chr2","99138702","99139008","38","54688235"
"chr3","44496137","44496438","chrX","1982991","1983297","45","42513146"
"chr3","44512743","44512824","chr2","99076907","99076983","9","54564164"
"chr3","44513055","44513206","chr17","30707769","30707930","34","13805286"
"chr3","44528426","44528721","chr2","99066498","99066794","27","54538072"
"chr3","44539042","44539265","chr2","99056020","99056243","17","54516978"
"chr3","44562547","44562848","chr7","165267923","165268219","30","120705376"
"chr3","44572438","44572738","chr2","99033286","99033586","21","54460848"
"chr3","44586756","44587062","chr12","114365184","114365481","36","69778428"
"chr3","44626605","44626729","chr16","487174","487296","15","44139431"
"chr3","44848126","44848432","chr6","136798827","136799128","38","91950701"
"chr3","44983029","44983362","chr20","41708319","41708662","77","3274710"
"chr3","45036300","45036470","chr16","43272620","43272787","23","1763680"
"chr3","45073586","45073881","chr7","169588830","169589125","34","124515244"
"chr3","45217041","45217347","chr2","98388290","98388599","37","53171249"
"chr3","45222672","45222788","chr16","61904829","61904945","14","16682157"
"chr3","45234228","45234527","chr2","98370784","98371073","31","53136556"
"chr3","45234587","45234884","chr2","98370425","98370723","34","53135838"
"chr3","45242587","45242875","chr16","18242235","18242525","38","27000352"
"chr3","45274222","45274517","chr2","98330034","98330337","38","53055812"
"chr3","45299590","45299858","chr9","27108753","27109033","57","18190837"
"chr3","45305300","45305565","chr10","3283361","3283607","57","42021939"
"chr3","45319247","45319530","chr1","139650554","139650817","51","94331307"
"chr3","45326396","45326675","chr2","98277614","98277892","13","52951218"
"chr3","45334146","45334316","chr9","89594066","89594232","32","44259920"
"chr3","45353781","45354046","chr8","94873308","94873576","37","49519527"
"chr3","45358851","45359014","chr4","4726770","4726935","28","40632081"
"chr3","45361206","45361499","chr7","138156387","138156680","31","92795181"
"chr3","45374797","45375100","chr2","98163277","98163570","27","52788480"
"chr3","45379106","45379418","chr2","98159032","98159343","29","52779926"
"chr3","45401868","45402019","chr20","65902013","65902162","20","20500145"
"chr3","45413444","45413759","chr4","36450620","36450930","42","8962824"
"chr3","45417294","45417590","chr2","40101841","40102139","51","5315453"
"chr3","45422650","45422910","chr2","98117138","98117414","45","52694488"
"chr3","45437525","45437821","chr2","98102356","98102655","22","52664831"
"chr3","45454697","45454869","chr16","43272620","43272787","25","2182077"
"chr3","45460513","45460818","chr2","98079559","98079877","34","52619046"
"chr3","45460832","45461139","chr3","178868174","178868466","49","133407342"
"chr3","45461143","45461438","chr20","69515895","69516188","52","24054752"
"chr3","45468895","45468962","chrX","47516989","47517057","13","2048094"
"chr3","45478927","45479193","chr2","98065349","98065634","42","52586422"
"chr3","45481111","45481290","chr16","48484668","48484845","25","3003557"
"chr3","45512976","45513281","chr13","70565050","70565347","35","25052074"
"chr3","45570692","45571000","chr4","35767871","35768181","35","9802821"
"chr3","45582145","45582437","chr1","42481759","42482052","33","3100386"
"chr3","45602500","45602791","chr2","97932826","97933122","25","52330326"
"chr3","45604044","45604393","chr15","24870481","24870802","70","20733563"
"chr3","45609102","45609259","chr11","111622743","111622900","27","66013641"
"chr3","45609544","45609677","chr2","97925608","97925741","5","52316064"
"chr3","45614248","45614462","chr2","54791569","54791775","33","9177321"
"chr3","45658860","45659146","chr20","32205318","32205599","38","13453542"
"chr3","45692814","45693109","chr14","57381385","57381679","36","11688571"
"chr3","45713038","45713282","chr11","99940090","99940330","41","54227052"
"chr3","45771642","45771938","chr20","42256252","42256545","34","3515390"
"chr3","45772350","45772523","chr3","185253261","185253427","30","139480911"
"chr3","45772524","45772541","chr6","106110173","106110189","3","60337649"
"chr3","45772579","45772854","chr10","14635289","14635572","44","31137290"
"chr3","45773240","45773544","chr4","45220105","45220408","52","553135"
"chr3","45797090","45797400","chr6","129934590","129934892","35","84137500"
"chr3","45860330","45860628","chr2","97665228","97665520","30","51804898"
"chr3","45867438","45867750","chr2","97658092","97658395","32","51790654"
"chr3","45955441","45955733","chr2","97571130","97571425","23","51615689"
"chr3","45960311","45960449","chr7","135130943","135131082","22","89170632"
"chr3","46018321","46018620","chr10","31766090","31766389","34","14252231"
"chr3","46052830","46053129","chr2","97529089","97529407","43","51476259"
"chr3","46056167","46056473","chr2","97525737","97526043","28","51469570"
"chr3","46058238","46058539","chr2","97523700","97523979","34","51465462"
"chr3","46074156","46074449","chr2","97506008","97506298","38","51431852"
"chr3","46090525","46090807","chr2","97489576","97489871","22","51399051"
"chr3","46108086","46108390","chr2","97471930","97472228","35","51363844"
"chr3","46113361","46113660","chr1","89866413","89866715","41","43753052"
"chr3","46122932","46123241","chr6","136338622","136338932","37","90215690"
"chr3","46125948","46126243","chr2","97454707","97455026","42","51328759"
"chr3","46133654","46133949","chr2","97448922","97449211","23","51315268"
"chr3","46143531","46143843","chr18","60400901","60401203","37","14257370"
"chr3","46149643","46149935","chr16","22095532","22095807","52","24054111"
"chr3","46161822","46162125","chr2","97419266","97419567","25","51257444"
"chr3","46164601","46164912","chr2","97417390","97417702","24","51252789"
"chr3","46166472","46166771","chr15","24861274","24861569","36","21305198"
"chr3","46175892","46176201","chr2","97406144","97406451","32","51230252"
"chr3","46181759","46182065","chr2","97399986","97400295","33","51218227"
"chr3","46188631","46188909","chr2","97392751","97393029","24","51204120"
"chr3","46195165","46195463","chr2","97385845","97386141","29","51190680"
"chr3","46219888","46220187","chr14","15756054","15756351","33","30463834"
"chr3","46221973","46222284","chr2","97359691","97360006","20","51137718"
"chr3","46303541","46303844","chr2","97282391","97282699","27","50978850"
"chr3","46321087","46321364","chr1","162550577","162550863","47","116229490"
"chr3","46327159","46327448","chr7","28329692","28329979","35","17997467"
"chr3","46370677","46370988","chr2","97214508","97214811","30","50843831"
"chr3","46409288","46409592","chr2","97176659","97176971","33","50767371"
"chr3","46421698","46421908","chr2","97164062","97164281","21","50742364"
"chr3","46433156","46433235","chr15","50500527","50500602","13","4067371"
"chr3","46457490","46457788","chr6","136798827","136799128","35","90341337"
"chr3","46489388","46489689","chr2","97094851","97095146","27","50605463"
"chr3","46499333","46499633","chr2","97084502","97084813","27","50585169"
"chr3","46513562","46513866","chr20","28014774","28015077","39","18498788"
"chr3","46527706","46528009","chr3","182001117","182001422","41","135473411"
"chr3","46529853","46530161","chr7","98906170","98906474","30","52376317"
"chr3","46551346","46551526","chr5","42012056","42012236","31","4539290"
"chr3","46579320","46579622","chr2","107279371","107279673","31","60700051"
"chr3","46618428","46618736","chr2","96962334","96962635","32","50343906"
"chr3","46632434","46632710","chr10","84809792","84810066","48","38177358"
"chr3","46638011","46638298","chr2","96943765","96944067","29","50305754"
"chr3","46646088","46646392","chr2","96935890","96936189","27","50289802"
"chr3","46650114","46650402","chr20","29155501","29155786","33","17494613"
"chr3","46655557","46655864","chr2","96925658","96925970","33","50270101"
"chr3","46666791","46667086","chr2","96914635","96914929","25","50247844"
"chr3","46668783","46669092","chr2","96912621","96912919","41","50243838"
"chr3","46678935","46679238","chr2","96901859","96902164","22","50222924"
"chr3","46779547","46779831","chr2","96796790","96797075","30","50017243"
"chr3","46823656","46823937","chr2","96752836","96753116","29","49929180"
"chr3","47050127","47050422","chr2","96516912","96517216","24","49466785"
"chr3","47055260","47055569","chr15","42266168","42266476","39","4789092"
"chr3","47056082","47056383","chr2","96510880","96511173","28","49454798"
"chr3","47068302","47068426","chr9","97550947","97551073","11","50482645"
"chr3","47201917","47202178","chr9","110733644","110733909","44","63531727"
"chr3","47235797","47235939","chr9","69587578","69587713","17","22351781"
"chr3","47235940","47236231","chr14","115306587","115306883","30","68070647"
"chr3","47236854","47236903","chr12","86921024","86921075","13","39684170"
"chr3","47238345","47238653","chr2","96326943","96327247","27","49088598"
"chr3","47298272","47298562","chr2","96265483","96265767","30","48967211"
"chr3","47360482","47360634","chr1","202825790","202825940","28","155465308"
"chr3","47457993","47458290","chr1","52506706","52506998","36","5048713"
"chr3","47464952","47465245","chr2","96097049","96097356","33","48632097"
"chr3","47532523","47532815","chr1","166079981","166080274","37","118547458"
"chr3","47540372","47540668","chr2","96019404","96019698","26","48479032"
"chr3","47544355","47544538","chr2","96015267","96015450","15","48470912"
"chr3","47563182","47563486","chr9","99215327","99215634","39","51652145"
"chr3","47639484","47639744","chr1","139650554","139650817","40","92011070"
"chr3","47655127","47655419","chr2","95893590","95893886","26","48238463"
"chr3","47655992","47656206","chr7","95222121","95222323","39","47566129"
"chr3","47660575","47660867","chr2","95889637","95889936","34","48229062"
"chr3","47725570","47725853","chr11","31686184","31686463","32","16039386"
"chr3","47728620","47728905","chr2","95821023","95821309","34","48092403"
"chr3","47733684","47733701","chr2","107265547","107265564","2","59531863"
"chr3","47737275","47737551","chr2","53800005","53800298","51","6062730"
"chr3","47758515","47758804","chr2","95790559","95790849","28","48032044"
"chr3","47762890","47763178","chr2","95786230","95786520","20","48023340"
"chr3","47770092","47770386","chr5","50901791","50902086","28","3131699"
"chr3","47888773","47889060","chr2","95678076","95678368","36","47789303"
"chr3","47912785","47913087","chr2","95622089","95622382","37","47709304"
"chr3","47921513","47921808","chr2","95613450","95613743","21","47691937"
"chr3","47940575","47940877","chrX","114883322","114883623","54","66942747"
"chr3","47974842","47975065","chr10","61763698","61763924","32","13788856"
"chr3","48035151","48035449","chr2","95503148","95503449","19","47467997"
"chr3","48038658","48038965","chr1","40610787","40611094","35","7427871"
"chr3","48043275","48043541","chr2","95495459","95495715","34","47452184"
"chr3","48046919","48047231","chr2","95490877","95491188","36","47443958"
"chr3","48052406","48052579","chr1","21707196","21707366","31","26345210"
"chr3","48057340","48057624","chr2","95479579","95479878","38","47422239"
"chr3","48059407","48059651","chr2","95477542","95477786","19","47418135"
"chr3","48060853","48061104","chr2","95475993","95476230","25","47415140"
"chr3","48069440","48069659","chr6","124382423","124382631","38","76312983"
"chr3","48078025","48078315","chr2","95457271","95457561","12","47379246"
"chr3","48091940","48092073","chr2","95442885","95443018","11","47350945"
"chr3","48092383","48092555","chr2","95442402","95442572","25","47350019"
"chr3","48107042","48107351","chr2","95426458","95426760","23","47319416"
"chr3","48110203","48110502","chr2","95423323","95423610","33","47313120"
"chr3","48112629","48112787","chr1","24621926","24622084","28","23490703"
"chr3","48118568","48118698","chr14","54321051","54321175","19","6202483"
"chr3","48118699","48118781","chr20","54265712","54265795","12","6147013"
"chr3","48132390","48132573","chr8","126054004","126054184","34","77921614"
"chr3","48147152","48147440","chr2","95383331","95383641","42","47236179"
"chr3","48151360","48151656","chr19","44286031","44286327","39","3865329"
"chr3","48165145","48165454","chr19","6507474","6507777","45","41657671"
"chr3","48173294","48173601","chr12","106103474","106103785","42","57930180"
"chr3","48175164","48175358","chr2","95358313","95358501","21","47183149"
"chr3","48182500","48182801","chrX","8591299","8591598","41","39591201"
"chr3","48183115","48183225","chr10","92161107","92161215","20","43977992"
"chr3","48183351","48183495","chr1","110234634","110234777","15","62051283"
"chr3","48184512","48184737","chr19","34537638","34537863","31","13646874"
"chr3","48209032","48209338","chr2","95322029","95322328","29","47112997"
"chr3","48218131","48218269","chr9","63950202","63950337","26","15732071"
"chr3","48218478","48218544","chr6","34141226","34141293","9","14077252"
"chr3","48233713","48233991","chr2","146359457","146359736","32","98125744"
"chr3","48235378","48235678","chr2","95291073","95291373","20","47055695"
"chr3","48238240","48238537","chr2","95288233","95288531","24","47049993"
"chr3","48250463","48250757","chr16","16775884","16776176","31","31474579"
"chr3","48251089","48251373","chr2","95274999","95275310","51","47023910"
"chr3","48255483","48255767","chr1","112580058","112580347","37","64324575"
"chr3","48255768","48255930","chrX","21594457","21594621","25","26661311"
"chr3","48263724","48264021","chr2","95264224","95264518","30","47000500"
"chr3","48276815","48277124","chr6","174911855","174912160","30","126635040"
"chr3","48308570","48308871","chr3","41130046","41130344","31","7178524"
"chr3","48321483","48321787","chr2","95208078","95208390","32","46886595"
"chr3","48328853","48329159","chr2","95203090","95203396","26","46874237"
"chr3","48334855","48335166","chr1","121525551","121525856","43","73190696"
"chr3","48357620","48357914","chr2","95167152","95167445","24","46809532"
"chr3","48359951","48360129","chr2","95164613","95164776","29","46804662"
"chr3","48360635","48360724","chr3","42843417","42843503","17","5517218"
"chr3","48366007","48366310","chr2","95158862","95159159","31","46792855"
"chr3","48388584","48388866","chr1","70325203","70325488","43","21936619"
"chr3","48400616","48400766","chr15","47639193","47639339","47","761423"
"chr3","48401072","48401091","chr13","43138887","43138903","4","5262185"
"chr3","48436555","48436852","chr2","95080313","95080614","22","46643758"
"chr3","48437522","48437831","chr2","95079337","95079642","31","46641815"
"chr3","48442195","48442493","chr2","95074184","95074478","24","46631989"
"chr3","48448125","48448328","chr19","10370828","10371033","41","38077297"
"chr3","48451090","48451307","chr4","116777080","116777297","33","68325990"
"chr3","48453281","48453578","chr19","46860523","46860827","34","1592758"
"chr3","48458575","48458883","chr8","53841962","53842264","40","5383387"
"chr3","48459737","48460052","chr7","127147811","127148124","48","78688074"
"chr3","48460158","48460291","chr4","54093127","54093262","11","5632969"
"chr3","48461258","48461402","chr19","13669957","13670101","12","34791301"
"chr3","48468418","48468637","chr13","94935954","94936168","35","46467536"
"chr3","48474740","48474902","chr10","1740479","1740645","19","46734261"
"chr3","48481195","48481466","chr7","84519633","84519901","48","36038438"
"chr3","48485195","48485507","chr8","122578317","122578622","44","74093122"
"chr3","48485779","48486088","chr7","139825104","139825409","36","91339325"
"chr3","48496015","48496225","chr1","211425044","211425259","47","162929029"
"chr3","48498246","48498541","chr2","95011528","95011826","25","46513282"
"chr3","48500981","48501211","chr16","12882617","12882846","22","35618364"
"chr3","48509597","48509747","chr13","43952281","43952438","27","4557316"
"chr3","48510437","48510597","chr2","94999012","94999172","16","46488575"
"chr3","48513590","48513900","chr2","94995367","94995692","35","46481777"
"chr3","48514321","48514620","chr14","15756054","15756351","39","32758267"
"chr3","48525380","48525452","chrX","1169850","1169920","7","47355530"
"chr3","48525754","48526059","chr2","94987768","94988073","37","46462014"
"chr3","48554684","48554973","chr16","10710589","10710878","34","37844095"
"chr3","48562076","48562230","chr10","25386098","25386254","27","23175978"
"chr3","48562338","48562458","chr9","97550947","97551073","17","48988609"
"chr3","48563232","48563456","chr6","56511093","56511315","33","7947861"
"chr3","48582873","48583161","chr9","60136753","60137044","38","11553880"
"chr3","48586906","48587161","chr2","94928943","94929202","17","46342037"
"chr3","48600980","48601263","chr2","94914132","94914418","27","46313152"
"chr3","48621790","48622089","chr2","94891272","94891567","27","46269482"
"chr3","48639040","48639332","chr2","94871461","94871754","24","46232421"
"chr3","48649594","48649889","chr2","94859735","94860031","31","46210141"
"chr3","48664029","48664301","chr2","94846423","94846685","33","46182394"
"chr3","48678611","48678896","chr2","94830646","94830924","27","46152035"
"chr3","48692190","48692473","chr2","94821335","94821619","24","46129145"
"chr3","48703340","48703625","chr2","94810601","94810885","28","46107261"
"chr3","48706218","48706419","chr1","94142170","94142368","31","45435952"
"chr3","48709006","48709301","chr2","94804020","94804317","19","46095014"
"chr3","48709430","48709714","chr11","54607984","54608265","36","5898554"
"chr3","48716200","48716479","chr3","164558229","164558511","43","115842029"
"chr3","48718154","48718445","chr2","94796432","94796726","23","46078278"
"chr3","48719732","48720024","chr7","19502793","19503085","43","29216939"
"chr3","48740221","48740504","chr2","94776400","94776690","45","46036179"
"chr3","48751899","48752196","chr2","94762678","94762968","29","46010779"
"chr3","48756244","48756258","chr10","86970966","86970979","4","38214722"
"chr3","48756564","48756707","chr13","75620446","75620593","35","26863882"
"chr3","48760205","48760373","chr9","63869571","63869740","24","15109366"
"chr3","48760793","48761094","chr6","35367989","35368287","44","13392804"
"chr3","48762229","48762494","chr13","32253035","32253303","44","16509194"
"chr3","48763054","48763201","chr7","16748615","16748755","22","32014439"
"chr3","48772849","48773115","chr2","94744231","94744498","28","45971382"
"chr3","48776655","48776867","chr10","51336828","51337049","47","2560173"
"chr3","48777023","48777313","chrX","133727873","133728166","40","84950850"
"chr3","48779610","48779883","chr2","94732371","94732644","43","45952761"
"chr3","48785121","48785287","chr2","94727645","94727824","29","45942524"
"chr3","48792707","48792830","chr8","84681685","84681808","17","35888978"
"chr3","48793843","48793979","chr9","15412726","15412860","22","33381117"
"chr3","48797087","48797376","chr2","107897815","107898106","45","59100728"
"chr3","48814778","48814890","chr8","4917421","4917540","17","43897357"
"chr3","48815760","48815892","chr5","3251194","3251329","14","45564566"
"chr3","48828901","48829193","chr3","38684532","38684827","33","10144369"
"chr3","48829775","48829813","chr1","211683788","211683824","10","162854013"
"chr3","48830150","48830269","chr15","40303059","40303179","18","8527091"
"chr3","48842558","48842682","chr11","52080442","52080564","24","3237884"
"chr3","48843661","48843792","chr3","39515638","39515771","11","9328023"
"chr3","48865545","48865849","chr2","94641759","94642057","35","45776214"
"chr3","48905232","48905519","chr6","174319627","174319915","42","125414395"
"chr3","48908550","48908833","chr1","154253172","154253457","33","105344622"
"chr3","48912409","48912651","chr9","114692719","114692969","37","65780310"
"chr3","48927999","48928164","chr14","66716666","66716829","24","17788667"
"chr3","48934292","48934571","chr7","152354245","152354532","40","103419953"
"chr3","48934971","48935267","chr2","94573311","94573607","26","45638340"
"chr3","48937975","48938287","chr2","94569745","94570053","32","45631770"
"chr3","48943488","48943786","chr2","94560940","94561228","37","45617452"
"chr3","48947704","48947985","chr6","58379168","58379458","41","9431464"
"chr3","48951152","48951423","chr5","129753230","129753502","50","80802078"
"chr3","48952888","48953123","chr19","43443223","43443463","30","5509665"
"chr3","48954363","48954657","chr20","42256252","42256545","38","6698111"
"chr3","48963384","48963541","chrX","128198155","128198315","20","79234771"
"chr3","48964044","48964327","chr7","43322799","43323092","55","5641245"
"chr3","48980719","48981011","chr2","94531435","94531733","26","45550716"
"chr3","48984322","48984607","chr2","94527500","94527792","33","45543178"
"chr3","48989551","48989841","chr10","31933982","31934272","32","17055569"
"chr3","48990886","48991202","chr2","94520956","94521254","40","45530070"
"chr3","48997262","48997469","chr2","204638025","204638229","36","155640763"
"chr3","48998705","48998719","chr19","6320126","6320140","2","42678579"
"chr3","48999229","48999523","chr2","94514610","94514903","36","45515381"
"chr3","49000001","49000102","chr2","74327279","74327379","11","25327278"
"chr3","49029247","49029529","chr11","33544014","33544297","46","15485233"
"chr3","49031947","49032244","chr16","5625017","5625313","43","43406930"
"chr3","49035890","49036127","chr1","126090756","126090986","50","77054866"
"chr3","49037196","49037507","chr2","94472782","94473089","26","45435586"
"chr3","49044736","49044971","chr6","136099735","136099977","35","87054999"
"chr3","49050551","49050778","chr7","133387375","133387607","28","84336824"
"chr3","49055545","49055843","chr2","94449073","94449371","27","45393528"
"chr3","49055969","49056255","chr2","94448180","94448457","38","45392211"
"chr3","49067948","49068043","chr16","9676509","9676603","13","39391439"
"chr3","49068366","49068512","chr3","20732648","20732801","27","28335718"
"chr3","49079024","49079182","chr16","47564674","47564827","27","1514350"
"chr3","49080579","49080768","chr17","61011127","61011317","25","11930548"
"chr3","49081610","49081731","chr14","103212528","103212653","24","54130918"
"chr3","49085850","49086125","chr10","52412311","52412597","42","3326461"
"chr3","49092228","49092486","chr4","26893097","26893360","44","22199131"
"chr3","49093284","49093414","chr3","2774534","2774668","15","46318750"
"chr3","49103364","49103575","chr13","94935954","94936168","37","45832590"
"chr3","49104911","49105095","chr1","15622351","15622536","23","33482560"
"chr3","49110656","49110755","chr11","51993301","51993399","12","2882645"
"chr3","49114981","49115295","chr2","94386239","94386551","37","45271258"
"chr3","49115668","49115976","chr2","94385254","94385561","34","45269586"
"chr3","49117814","49118124","chr2","149482898","149483198","43","100365084"
"chr3","49120026","49120334","chr2","94380640","94380951","36","45260614"
"chr3","49121708","49121984","chr5","19050261","19050532","34","30071447"
"chr3","49125375","49125667","chr2","94375123","94375421","27","45249748"
"chr3","49126795","49127085","chr2","94373590","94373885","20","45246795"
"chr3","49134330","49134661","chr2","56893700","56894034","46","7759370"
"chr3","49141411","49141677","chr2","94356840","94357094","35","45215429"
"chr3","49142424","49142725","chr15","25165160","25165465","38","23977264"
"chr3","49143722","49143855","chr3","39515638","39515771","14","9628084"
"chr3","49145699","49146005","chr2","94351884","94352179","29","45206185"
"chr3","49162594","49162900","chr3","161302845","161303153","39","112140251"
"chr3","49163770","49164079","chr16","50407017","50407328","40","1243247"
"chr3","49166356","49166650","chr2","94323624","94323914","30","45157268"
"chr3","49173563","49173880","chr2","94314043","94314360","20","45140480"
"chr3","49183115","49183316","chr19","32692313","32692508","55","16490802"
"chr3","49189200","49189317","chr2","94297725","94297837","11","45108525"
"chr3","49189519","49189687","chr2","94297441","94297621","20","45107922"
"chr3","49196401","49196598","chrX","47018952","47019147","34","2177449"
"chr3","49199582","49199888","chr2","94286272","94286584","33","45086690"
"chr3","49200067","49200157","chr1","5754266","5754367","19","43445801"
"chr3","49202198","49202507","chr2","94279024","94279340","43","45076826"
"chr3","49212875","49213012","chr4","73962641","73962778","14","24749766"
"chr3","49215169","49215482","chrX","23558557","23558868","30","25656612"
"chr3","49221551","49221850","chr2","94253182","94253479","26","45031631"
"chr3","49229729","49230015","chr3","68831301","68831579","53","19601572"
"chr3","49235490","49235789","chr12","65951597","65951896","42","16716107"
"chr3","49239987","49240279","chr1","9625137","9625426","41","39614850"
"chr3","49248134","49248426","chr2","94225000","94225298","28","44976866"
"chr3","49255367","49255632","chr10","12659402","12659674","33","36595965"
"chr3","49262763","49263068","chr6","147879619","147879924","39","98616856"
"chr3","49302157","49302329","chr14","58371015","58371198","36","9068858"
"chr3","49315542","49315835","chr2","94154191","94154499","28","44838649"
"chr3","49319011","49319219","chr7","77300681","77300892","34","27981670"
"chr3","49319720","49320029","chr20","29288808","29289119","38","20030912"
"chr3","49344106","49344410","chr14","104809864","104810174","39","55465758"
"chr3","49367944","49368010","chr16","9454049","9454116","6","39913895"
"chr3","49397865","49398164","chr2","94068167","94068458","26","44670302"
"chr3","49447408","49447678","chr2","94014575","94014855","39","44567167"
"chr3","49459607","49459907","chrX","6107052","6107345","40","43352555"
"chr3","49475383","49475692","chr4","117903636","117903937","43","68428253"
"chr3","49477776","49478069","chr1","34876706","34877001","34","14601070"
"chr3","49490278","49490596","chr10","80797170","80797472","57","31306892"
"chr3","49491755","49492039","chrX","9069308","9069592","36","40422447"
"chr3","49497407","49497703","chrX","568154","568456","35","48929253"
"chr3","49499225","49499288","chrY","4507726","4507791","9","44991499"
"chr3","49501964","49502175","chr2","100688017","100688219","32","51186053"
"chr3","49503452","49503574","chr1","188132929","188133054","14","138629477"
"chr3","49509816","49510161","chrX","53884424","53884754","67","4374608"
"chr3","49512358","49512469","chr2","43923383","43923493","16","5588975"
"chr3","49514592","49514891","chr2","93940070","93940369","25","44425478"
"chr3","49531612","49531895","chr1","77903543","77903823","34","28371931"
"chr3","49532958","49533096","chr2","188378796","188378944","27","138845838"
"chr3","49533876","49534186","chr7","162432937","162433243","36","112899061"
"chr3","49535968","49536291","chr1","29223049","29223375","40","20312919"
"chr3","49548367","49548547","chr1","50748974","50749152","32","1200607"
"chr3","49549509","49549584","chr1","125095297","125095370","11","75545788"
"chr3","49557019","49557311","chr2","93898622","93898914","21","44341603"
"chr3","49606377","49606526","chr10","59906585","59906730","24","10300208"
"chr3","49611500","49611799","chrX","71660674","71660975","43","22049174"
"chr3","49613718","49613923","chr9","26650579","26650790","47","22963139"
"chr3","49614756","49614857","chrX","63155876","63155980","16","13541120"
"chr3","49691648","49691935","chr2","93759390","93759681","18","44067742"
"chr3","49703713","49703804","chr20","18199749","18199840","15","31503964"
"chr3","49704438","49704608","chr8","122467386","122467555","21","72762948"
"chr3","49716212","49716251","chr20","2814300","2814337","7","46901912"
"chr3","49716252","49716359","chr3","464121","464227","20","49252131"
"chr3","49716380","49716657","chr1","130788993","130789275","32","81072613"
"chr3","49725011","49725284","chr1","153740173","153740453","36","104015162"
"chr3","49734646","49734900","chr19","376120","376356","52","49358526"
"chr3","49738407","49738701","chr2","107035879","107036172","35","57297472"
"chr3","49742833","49742997","chr1","34852429","34852590","26","14890404"
"chr3","49777335","49777579","chr17","88569427","88569663","33","38792092"
"chr3","49783336","49783619","chr2","93668873","93669150","25","43885537"
"chr3","49785101","49785262","chr17","30707769","30707930","27","19077332"
"chr3","49785552","49785683","chr7","112410169","112410295","28","62624617"
"chr3","49789690","49789987","chr2","93660770","93661069","33","43871080"
"chr3","49791422","49791721","chr8","54634869","54635169","28","4843447"
"chr3","49792283","49792593","chrX","76981773","76982080","33","27189490"
"chr3","49797951","49798163","chr13","94935954","94936168","29","45138003"
"chr3","49805930","49806233","chr2","93648335","93648635","38","43842405"
"chr3","49820560","49820708","chr10","85217166","85217306","22","35396606"
"chr3","49820975","49821147","chr1","7373565","7373736","26","42447410"
"chr3","49830525","49830671","chr9","14076664","14076807","31","35753861"
"chr3","49835471","49835778","chr8","37882441","37882748","36","11953030"
"chr3","49837927","49838224","chr2","93603015","93603314","24","43765088"
"chr3","49846052","49846336","chr2","93596559","93596845","27","43750507"
"chr3","49855977","49856271","chr7","10974680","10974971","36","38881297"
"chr3","49856286","49856575","chr2","93587692","93587998","39","43731406"
"chr3","49858711","49858841","chr2","69424190","69424316","14","19565479"
"chr3","49866232","49866365","chr2","90766401","90766535","18","40900169"
"chr3","49867559","49867845","chr2","93575892","93576187","32","43708333"
"chr3","49876320","49876387","chr18","49059797","49059867","7","816523"
"chr3","49894431","49894585","chr3","40638454","40638604","27","9255977"
"chr3","49895983","49896209","chr2","93548814","93549032","25","43652831"
"chr3","49912383","49912673","chr1","166079981","166080274","39","116167598"
"chr3","49929044","49929268","chr1","61910793","61911025","39","11981749"
"chr3","49931072","49931239","chr2","93510737","93510915","22","43579665"
"chr3","49937176","49937348","chr2","165263448","165263618","35","115326272"
"chr3","49940151","49940222","chrX","133660881","133660951","12","83720730"
"chr3","49940319","49940529","chr7","95222121","95222323","39","45281802"
"chr3","49943844","49944135","chr2","93497453","93497744","20","43553609"
"chr3","49947744","49947857","chr11","77405799","77405915","35","27458055"
"chr3","49948994","49949177","chr9","92992741","92992937","36","43043747"
"chr3","49966347","49966635","chr2","93471203","93471497","27","43504856"
"chr3","49967956","49968260","chr1","183295372","183295677","38","133327416"
"chr3","49975693","49975991","chrX","8591299","8591598","37","41384394"
"chr3","49981467","49981588","chr16","48587970","48588093","19","1393497"
"chr3","50016800","50016934","chr7","55937012","55937147","12","5920212"
"chr3","50017360","50017458","chr7","135528767","135528862","16","85511407"
"chr3","50036959","50037252","chr2","93348173","93348466","20","43311214"
"chr3","50061280","50061474","chr1","22526172","22526359","34","27535108"
"chr3","50069979","50070280","chr2","93308915","93309221","32","43238936"
"chr3","50071865","50072162","chr2","107986230","107986530","45","57914365"
"chr3","50092395","50092706","chr9","92143636","92143945","48","42051241"
"chr3","50099274","50099567","chr2","93277028","93277323","26","43177754"
"chr3","50100671","50100801","chr2","93275772","93275902","8","43175101"
"chr3","50101096","50101264","chr19","4141395","4141564","26","45959701"
"chr3","50122502","50122830","chr6","14594549","14594878","63","35527953"
"chr3","50122831","50123014","chr7","51593052","51593225","32","1470221"
"chr3","50140708","50140928","chrX","59817136","59817360","28","9676428"
"chr3","50149681","50149813","chr19","41099738","41099873","15","9049943"
"chr3","50154725","50155041","chr19","14235661","14235968","49","35919064"
"chr3","50158646","50158951","chr8","52666814","52667124","49","2508168"
"chr3","50171941","50172085","chr1","128303157","128303290","26","78131216"
"chr3","50183123","50183258","chr10","71389735","71389870","10","21206612"
"chr3","50186648","50186924","chr10","31910282","31910565","44","18276366"
"chr3","50188220","50188506","chr2","93192088","93192372","26","43003868"
"chr3","50198844","50198937","chr7","49412503","49412597","14","786341"
"chr3","50203096","50203396","chr17","54302425","54302727","35","4099329"
"chr3","50204076","50204380","chr2","93176936","93177225","41","42972860"
"chr3","50207910","50208056","chr1","74610219","74610377","31","24402309"
"chr3","50209333","50209388","chr10","30702506","30702561","7","19506827"
"chr3","50213957","50214267","chr12","120355953","120356262","48","70141996"
"chr3","50217834","50218090","chr16","9523640","9523899","41","40694194"
"chr3","50236793","50237107","chr1","191799937","191800248","51","141563144"
"chr3","50242357","50242470","chr5","77875273","77875397","29","27632916"
"chr3","50244442","50244591","chr1","212796029","212796185","23","162551587"
"chr3","50245501","50245805","chr3","166005666","166005965","40","115760165"
"chr3","50249487","50249619","chr12","83983891","83984024","16","33734404"
"chr3","50255895","50256070","chr2","142834110","142834286","29","92578215"
"chr3","50257394","50257690","chr3","53992043","53992340","36","3734649"
"chr3","50284388","50284523","chrX","854799","854933","14","49429589"
"chr3","50289336","50289619","chr2","93084238","93084520","21","42794902"
"chr3","50292816","50293125","chr2","93080632","93080935","35","42787816"
"chr3","50294240","50294512","chr2","93078274","93078544","21","42784034"
"chr3","50295910","50296080","chrX","557444","557611","23","49738466"
"chr3","50301462","50301638","chrX","41188728","41188898","25","9112734"
"chr3","50303901","50304214","chrX","23558557","23558868","39","26745344"
"chr3","50305657","50305922","chr16","45443087","45443353","36","4862570"
"chr3","50307973","50308273","chr2","93065462","93065762","27","42757489"
"chr3","50312458","50312773","chr14","11889527","11889835","37","38422931"
"chr3","50315752","50315801","chr10","28719207","28719255","7","21596545"
"chr3","50316266","50316379","chr6","155856466","155856574","21","105540200"
"chr3","50338398","50338514","chr2","93032733","93032849","9","42694335"
"chr3","50353094","50353217","chr13","86722914","86723028","20","36369820"
"chr3","50354425","50354585","chr1","89718597","89718758","25","39364172"
"chr3","50354835","50354899","chr1","11858190","11858250","12","38496645"
"chr3","50367192","50367349","chr1","38812994","38813150","27","11554198"
"chr3","50368179","50368394","chr5","27524472","27524687","43","22843707"
"chr3","50369006","50369299","chr3","2986573","2986865","32","47382433"
"chr3","50369731","50370016","chr3","178976330","178976618","38","128606599"
"chr3","50370740","50370906","chr16","30390993","30391163","27","19979747"
"chr3","50371004","50371299","chr2","92995556","92995847","28","42624552"
"chr3","50372504","50372728","chrX","59817136","59817360","33","9444632"
"chr3","50378973","50379123","chr2","92988594","92988746","14","42609621"
"chr3","50379128","50379420","chr2","92988290","92988588","31","42609162"
"chr3","50379994","50380284","chrX","40673024","40673315","34","9706970"
"chr3","50388839","50389139","chr5","107966069","107966372","29","57577230"
"chr3","50557226","50557491","chr11","32714945","32715211","40","17842281"
"chr3","50558589","50558722","chr9","97691397","97691531","16","47132808"
"chr3","50561294","50561583","chr7","43067043","43067333","41","7494251"
"chr3","50568013","50568166","chr14","106871058","106871209","28","56303045"
"chr3","50576227","50576516","chrX","46952101","46952389","57","3624126"
"chr3","50580284","50580574","chr9","11886524","11886816","51","38693760"
"chr3","50593222","50593496","chr2","92931953","92932227","30","42338731"
"chr3","50598810","50599058","chr2","92926169","92926425","28","42327359"
"chr3","50624913","50625228","chr11","124222721","124223033","40","73597808"
"chr3","50628632","50628936","chr4","88410610","88410912","36","37781978"
"chr3","50634304","50634476","chr1","9340804","9340975","29","41293500"
"chr3","50639688","50639922","chr2","92870444","92870669","30","42230756"
"chr3","50640371","50640588","chr17","19340513","19340722","36","31299858"
"chr3","50643342","50643440","chr6","71616813","71616910","17","20973471"
"chr3","50654734","50655017","chr2","92859501","92859785","27","42204767"
"chr3","50680778","50680974","chr2","188277497","188277692","35","137596719"
"chr3","50708772","50709073","chr2","92794946","92795244","22","42086174"
"chr3","50709227","50709532","chr16","9054250","9054553","35","41654977"
"chr3","50733315","50733609","chr2","92769547","92769857","35","42036232"
"chr3","50763038","50763340","chr2","89375745","89376052","38","38612707"
"chr3","50876256","50876547","chr1","160169222","160169504","50","109292966"
"chr3","50877236","50877417","chr2","92627944","92628105","33","41750708"
"chr3","50878245","50878556","chr1","125348377","125348684","41","74470132"
"chr3","50879094","50879259","chr4","87709315","87709484","51","36830221"
"chr3","50879962","50880205","chr2","92624298","92624542","23","41744336"
"chr3","50905356","50905642","chr2","92597229","92597520","38","41691873"
"chr3","50907743","50907952","chr9","60005339","60005548","42","9097596"
"chr3","50914119","50914251","chrX","147913924","147914058","16","96999805"
"chr3","50914252","50914562","chr2","92587433","92587735","33","41673181"
"chr3","50921664","50921756","chr20","24624597","24624688","21","26297067"
"chr3","50921757","50921875","chr8","6959684","6959805","14","43962073"
"chr3","50950645","50950713","chr1","10386764","10386833","6","40563881"
"chr3","50951626","50951916","chr7","138798940","138799224","50","87847314"
"chr3","50956888","50957203","chr7","139825104","139825409","49","88868216"
"chr3","50964086","50964351","chr1","129089131","129089396","42","78125045"
"chr3","50964953","50965132","chr18","12070375","12070543","28","38894578"
"chr3","50982545","50982852","chr2","92506202","92506515","32","41523657"
"chr3","50989115","50989306","chr12","115674238","115674427","34","64685123"
"chr3","50990489","50990788","chr17","24909075","24909373","33","26081414"
"chr3","50995254","50995555","chr5","145119293","145119591","29","94124039"
"chr3","51020979","51021287","chr18","43679069","43679377","41","7341910"
"chr3","51023309","51023590","chr2","92464558","92464842","27","41441249"
"chr3","51051195","51051486","chr2","92435899","92436188","32","41384704"
"chr3","51061089","51061225","chr7","61927850","61927986","21","10866761"
"chr3","51072891","51073199","chr16","4755567","4755860","46","46317324"
"chr3","51082232","51082448","chr3","41546131","41546341","40","9536101"
"chr3","51096272","51096564","chr2","92391307","92391597","29","41295035"
"chr3","51111475","51111622","chr15","77563700","77563844","17","26452225"
"chr3","51114403","51114696","chr2","92373939","92374235","37","41259536"
"chr3","51118466","51118508","chr7","167736565","167736600","9","116618099"
"chr3","51122652","51122950","chr3","127444096","127444392","59","76321444"
"chr3","51127521","51127759","chr11","113524052","113524288","42","62396531"
"chr3","51132679","51132740","chr19","10207852","10207913","15","40924827"
"chr3","51135164","51135470","chr2","92351953","92352264","33","41216789"
"chr3","51141819","51142099","chr2","92343964","92344245","25","41202145"
"chr3","51143596","51143809","chr1","62410822","62411038","30","11267226"
"chr3","51148251","51148555","chr2","92336443","92336753","31","41188192"
"chr3","51155289","51155463","chr5","63836385","63836544","35","12681096"
"chr3","51155587","51155728","chr10","83387616","83387757","20","32232029"
"chr3","51156481","51156756","chr5","82134751","82135025","56","30978270"
"chr3","51163093","51163366","chrX","43177728","43178012","45","7985365"
"chr3","51170064","51170234","chr10","38982686","38982853","24","12187378"
"chr3","51170647","51170784","chr2","92322502","92322636","17","41151855"
"chr3","51174232","51174516","chr2","92317851","92318150","38","41143619"
"chr3","51176335","51176630","chr15","7271324","7271621","35","43905011"
"chr3","51178405","51178702","chr9","121351539","121351839","34","70173134"
"chr3","51186299","51186600","chrX","99198295","99198608","52","48011996"
"chr3","51187657","51187964","chr20","50911980","50912282","41","275677"
"chr3","51192931","51193190","chr2","92301844","92302091","32","41108913"
"chr3","51199491","51199777","chr12","113818822","113819105","31","62619331"
"chr3","51202510","51202642","chr5","42012676","42012810","19","9189834"
"chr3","51233241","51233442","chrX","47018952","47019147","36","4214289"
"chr3","51239776","51240059","chr1","113487119","113487407","38","62247343"
"chr3","51261223","51261508","chr13","71272237","71272528","38","20011014"
"chr3","51263139","51263281","chr4","46673684","46673827","26","4589455"
"chr3","51276234","51276535","chr2","92212989","92213297","34","40936755"
"chr3","51280887","51281169","chr20","27635056","27635351","44","23645831"
"chr3","51282481","51282666","chrX","23681445","23681631","25","27601036"
"chr3","51292198","51292499","chr2","92196689","92196990","28","40904491"
"chr3","51295671","51295806","chr10","71389735","71389870","11","20094064"
"chr3","51362726","51362987","chr8","28467893","28468169","47","22894833"
"chr3","51390974","51391269","chr2","92092309","92092597","25","40701335"
"chr3","51396491","51396652","chr14","65813321","65813489","26","14416830"
"chr3","51403290","51403603","chr11","49979711","49980019","32","1423579"
"chr3","51415246","51415548","chr2","92066565","92066865","44","40651319"
"chr3","51435137","51435440","chr2","92046233","92046538","28","40611096"
"chr3","51464685","51464976","chr2","92017906","92018210","35","40553221"
"chr3","51497337","51497489","chr4","108162884","108163039","24","56665547"
"chr3","51505754","51506054","chr2","91967682","91967977","24","40461928"
"chr3","51508284","51508576","chr2","91964735","91965027","25","40456451"
"chr3","51695717","51695841","chr10","62701087","62701209","17","11005370"
"chr3","51697445","51697734","chr6","175020939","175021229","49","123323494"
"chr3","51753075","51753376","chr3","127173721","127174019","39","75420646"
"chr3","51797268","51797578","chr2","91676166","91676471","40","39878898"
"chr3","51805664","51805979","chr3","48905713","48906023","37","2899951"
"chr3","51818669","51818979","chr18","371369","371677","32","51447300"
"chr3","51852268","51852397","chr10","36122739","36122872","15","15729529"
"chr3","51853937","51854225","chr2","91618733","91619013","33","39764796"
"chr3","51889078","51889192","chr20","54711525","54711640","14","2822447"
"chr3","51890524","51890688","chrX","557444","557611","26","51333080"
"chr3","51893102","51893405","chr7","26853365","26853670","33","25039737"
"chr3","51910860","51911050","chr10","70999800","70999996","32","19088940"
"chr3","51911818","51912107","chrX","44429429","44429724","35","7482389"
"chr3","51919586","51919868","chr2","177110434","177110712","37","125190848"
"chr3","51928865","51929173","chr2","91573914","91574222","27","39645049"
"chr3","51956606","51956912","chr2","91548921","91549230","33","39592315"
"chr3","51961379","51961672","chr14","7643073","7643368","34","44318306"
"chr3","51992460","51992613","chr12","2753063","2753206","48","49239397"
"chr3","52014315","52014584","chr15","8546970","8547249","42","43467345"
"chr3","52048157","52048441","chr3","165332839","165333127","42","113284682"
"chr3","52089613","52089877","chr2","91422676","91422955","36","39333063"
"chr3","52120374","52120524","chr20","23776175","23776305","30","28344199"
"chr3","52120526","52120602","chr7","21257375","21257452","11","30863151"
"chr3","52126426","52126724","chr2","91320157","91320457","28","39193731"
"chr3","52145647","52145957","chr2","91308865","91309169","25","39163218"
"chr3","52156107","52156401","chr14","66464520","66464814","40","14308413"
"chr3","52159715","52159938","chr2","201261992","201262203","49","149102277"
"chr3","52164369","52164674","chr15","10099117","10099418","29","42065252"
"chr3","52186330","52186609","chr15","79894939","79895223","42","27708609"
"chr3","52249169","52249461","chr12","106121161","106121452","34","53871992"
"chr3","52287140","52287434","chr2","91189134","91189415","42","38901994"
"chr3","52292989","52293298","chr2","91183281","91183583","38","38890292"
"chr3","52345757","52346064","chr2","91139603","91139922","42","38793846"
"chr3","52363282","52363591","chr2","91116134","91116440","31","38752852"
"chr3","52386015","52386323","chr9","96018903","96019206","50","43632888"
"chr3","52416046","52416352","chr2","91060314","91060610","29","38644268"
"chr3","52421990","52422285","chr9","115113357","115113647","39","62691367"
"chr3","52422299","52422604","chr14","112526592","112526892","44","60104293"
"chr3","52483057","52483215","chr11","49739997","49740154","22","2743060"
"chr3","52492251","52492408","chr19","20025174","20025336","20","32467077"
"chr3","52492534","52492666","chr12","44037425","44037558","16","8455109"
"chr3","52493420","52493720","chr11","49679272","49679571","31","2814148"
"chr3","52494621","52494905","chr2","90982478","90982763","35","38487857"
"chr3","52567099","52567395","chr1","140166438","140166735","30","87599339"
"chr3","52571430","52571705","chr17","24055697","24055966","38","28515733"
"chr3","52596080","52596256","chr3","36859317","36859495","26","15736763"
"chr3","52599950","52600159","chr2","204638025","204638229","33","152038075"
"chr3","52610087","52610390","chr2","90860570","90860870","25","38250483"
"chr3","52611757","52612051","chr2","90858911","90859208","28","38247154"
"chr3","52617473","52617766","chr2","90852543","90852839","29","38235070"
"chr3","52645601","52645725","chrX","117855294","117855417","11","65209693"
"chr3","52646757","52646866","chr19","12198557","12198673","26","40448200"
"chr3","52651519","52651799","chr5","1459273","1459553","39","51192246"
"chr3","52652166","52652410","chr10","3283361","3283607","65","49368805"
"chr3","52675219","52675511","chr10","60964607","60964898","49","8289388"
"chr3","52677015","52677322","chr20","33984637","33984944","34","18692378"
"chr3","52679541","52679816","chr18","39728586","39728860","35","12950955"
"chr3","52680268","52680482","chr13","61550125","61550336","23","8869857"
"chr3","52680506","52680666","chr13","96299109","96299267","21","43618603"
"chr3","52680719","52680882","chrX","557444","557611","21","52123275"
"chr3","52686168","52686238","chr7","19226802","19226871","10","33459366"
"chr3","52698509","52698798","chr2","90792677","90792972","29","38094168"
"chr3","52707620","52707912","chr20","8006906","8007198","29","44700714"
"chr3","52708655","52708952","chrX","52560249","52560544","40","148406"
"chr3","52710663","52710701","chr20","2814300","2814337","5","49896363"
"chr3","52711195","52711510","chr13","45271324","45271622","50","7439871"
"chr3","52715679","52715905","chr18","40138179","40138411","34","12577500"
"chr3","52716868","52717022","chr15","11255065","11255218","19","41461803"
"chr3","52717026","52717186","chr7","82063315","82063476","30","29346289"
"chr3","52720391","52720694","chr2","90769737","90770039","28","38049346"
"chr3","52722753","52723049","chr1","46180984","46181279","33","6541769"
"chr3","52723365","52723748","chr10","14333619","14333968","109","38389746"
"chr3","52726562","52726858","chr2","90762528","90762818","32","38035966"
"chr3","52734630","52734902","chr7","62893711","62893995","53","10159081"
"chr3","52736671","52736948","chr2","90755667","90755943","26","38018996"
"chr3","52758480","52758788","chr2","90729038","90729349","23","37970558"
"chr3","52763040","52763306","chr2","90724463","90724731","21","37961423"
"chr3","52763312","52763460","chr4","107394440","107394589","22","54631128"
"chr3","52763877","52764186","chr2","90723276","90723564","43","37959399"
"chr3","52766104","52766407","chr2","90721048","90721348","30","37954944"
"chr3","52767431","52767564","chr19","45249393","45249524","15","7518038"
"chr3","52770732","52770902","chr7","51593052","51593225","26","1177680"
"chr3","52777612","52777927","chr2","90710513","90710816","35","37932901"
"chr3","52794088","52794380","chr2","90693272","90693563","16","37899184"
"chr3","52794942","52795251","chr2","90692384","90692698","29","37897442"
"chr3","52797654","52797956","chr7","18502191","18502489","45","34295463"
"chr3","52798297","52798599","chr8","50115092","50115395","36","2683205"
"chr3","52819400","52819668","chr8","142242840","142243113","40","89423440"
"chr3","52822072","52822351","chr4","146463318","146463611","49","93641246"
"chr3","52855069","52855384","chr2","90636461","90636780","26","37781392"
"chr3","52890076","52890361","chr4","26395179","26395468","33","26494897"
"chr3","52921933","52922233","chr14","15756054","15756351","34","37165879"
"chr3","52935316","52935624","chr16","50407017","50407328","32","2528299"
"chr3","52937937","52938217","chr15","357609","357882","41","52580328"
"chr3","52965315","52965601","chr14","6901000","6901287","39","46064315"
"chr3","53055662","53055960","chr2","90354730","90355027","33","37299068"
"chr3","53141571","53141870","chr2","90264126","90264434","30","37122555"
"chr3","53151699","53151927","chr1","126090756","126090986","38","72939057"
"chr3","53161504","53161794","chr2","90233168","90233455","42","37071664"
"chr3","53167114","53167429","chrX","23558557","23558868","35","29608557"
"chr3","53177578","53177872","chr11","33212442","33212735","42","19965136"
"chr3","53182236","53182359","chr2","16029476","16029601","13","37152760"
"chr3","53196855","53197153","chr2","90197904","90198198","27","37001049"
"chr3","53282228","53282541","chr2","90111268","90111581","29","36829040"
"chr3","53283291","53283601","chr2","90110219","90110528","30","36826928"
"chr3","53286775","53287073","chr14","46148744","46149038","40","7138031"
"chr3","53308705","53308987","chr2","90084577","90084860","19","36775872"
"chr3","53325082","53325377","chr18","60459178","60459462","41","7134096"
"chr3","53329156","53329433","chr13","65708117","65708395","32","12378961"
"chr3","53331070","53331370","chr4","108524764","108525061","37","55193694"
"chr3","53333809","53333989","chr16","48040796","48040975","20","5293013"
"chr3","53335914","53336225","chr9","13506263","13506573","40","39829651"
"chr3","53339083","53339353","chr8","142242840","142243113","36","88903757"
"chr3","53365143","53365451","chr16","939337","939648","34","52425806"
"chr3","53371919","53372160","chr10","82377095","82377338","36","29005176"
"chr3","53373527","53373832","chr2","90024644","90024947","25","36651117"
"chr3","53414301","53414317","chr2","192709553","192709569","3","139295252"
"chr3","53424589","53424866","chr1","166313893","166314176","48","112889304"
"chr3","53434546","53434838","chr2","89960955","89961248","25","36526409"
"chr3","53435582","53435883","chr3","182704785","182705087","37","129269203"
"chr3","53441754","53442042","chr16","4679420","4679707","40","48762334"
"chr3","53443454","53443739","chr2","89952081","89952379","28","36508627"
"chr3","53443890","53444199","chr3","174911396","174911703","37","121467506"
"chr3","53457060","53457355","chr10","13801982","13802279","37","39655078"
"chr3","53459688","53459975","chr2","89928436","89928725","24","36468748"
"chr3","53492642","53492865","chrX","68587173","68587402","27","15094531"
"chr3","53507336","53507478","chr6","147844813","147844957","15","94337477"
"chr3","53526222","53526521","chrX","8591299","8591598","33","44934923"
"chr3","53590361","53590658","chr2","203095842","203096145","32","149505481"
"chr3","53597967","53598138","chr16","53414256","53414427","28","183711"
"chr3","53598162","53598389","chr19","7788887","7789121","28","45809275"
"chr3","53601477","53601793","chr2","89777786","89778088","31","36176309"
"chr3","53635182","53635297","chr20","54711525","54711640","13","1076343"
"chr3","53645958","53646238","chr2","89725873","89726173","34","36079915"
"chr3","53667472","53667774","chr2","89703867","89704170","30","36036395"
"chr3","53736868","53737138","chr2","89633151","89633425","21","35896283"
"chr3","53737743","53737991","chr2","89632288","89632519","28","35894545"
"chr3","53743420","53743732","chrX","23558557","23558868","42","30184863"
"chr3","53745647","53745726","chr10","29888170","29888254","14","23857477"
"chr3","53745774","53745962","chrX","12777503","12777685","32","40968271"
"chr3","53747512","53747808","chrX","123706394","123706689","43","69958882"
"chr3","53761882","53762185","chr2","89605386","89605681","35","35843504"
"chr3","53767315","53767589","chr11","108531229","108531504","32","54763914"
"chr3","53768324","53768614","chr2","89597884","89598181","30","35829560"
"chr3","53780229","53780531","chr2","89578992","89579292","23","35798763"
"chr3","53791581","53791890","chr2","89568945","89569252","29","35777364"
"chr3","53801047","53801225","chr2","69424628","69424798","39","15623581"
"chr3","53804441","53804728","chr2","89556116","89556403","18","35751675"
"chr3","53807837","53808079","chr10","61029967","61030201","38","7222130"
"chr3","53826963","53827118","chr19","16091386","16091542","26","37735577"
"chr3","53842267","53842420","chr1","8697846","8697995","23","45144421"
"chr3","53846673","53846713","chr9","20539941","20539980","13","33306732"
"chr3","53851789","53852071","chr7","111191779","111192058","46","57339990"
"chr3","53860685","53860938","chr2","165596783","165597034","47","111736098"
"chr3","53871125","53871427","chrX","24073203","24073513","43","29797922"
"chr3","53876958","53877253","chr2","89482855","89483144","26","35605897"
"chr3","53897330","53897440","chr19","31599314","31599422","14","22298016"
"chr3","53904597","53904891","chr2","89440279","89440586","36","35535682"
"chr3","53906774","53907066","chr3","1691355","1691649","32","52215419"
"chr3","53925403","53925701","chr1","17831407","17831712","36","36093996"
"chr3","53926007","53926313","chr2","89421536","89421843","26","35495529"
"chr3","53928049","53928360","chr1","214411349","214411659","37","160483300"
"chr3","53931854","53932158","chr13","86777246","86777552","36","32845392"
"chr3","53936536","53936846","chr2","89410951","89411265","29","35474415"
"chr3","53970580","53970891","chr2","89375745","89376052","30","35405165"
"chr3","53982521","53982793","chr8","142242840","142243113","32","88260319"
"chr3","54026354","54026657","chr20","15050309","15050609","33","38976045"
"chr3","54037226","54037393","chrX","23681445","23681631","33","30355781"
"chr3","54078079","54078386","chr3","174331318","174331620","39","120253239"
"chr3","54107986","54108080","chr7","162283431","162283525","9","108175445"
"chr3","54109308","54109602","chr2","89235061","89235357","31","35125753"
"chr3","54133027","54133309","chr2","89210971","89211235","40","35077944"
"chr3","54145042","54145337","chr2","89198151","89198459","40","35053109"
"chr3","54163764","54164044","chr16","38331171","38331450","38","15832593"
"chr3","54165046","54165324","chr7","117919933","117920212","38","63754887"
"chr3","54189013","54189336","chr18","39225199","39225527","54","14963814"
"chr3","54221717","54222008","chr16","66560930","66561225","34","12339213"
"chr3","54223558","54223875","chr2","89111289","89111594","36","34887731"
"chr3","54227428","54227718","chr6","131932218","131932509","28","77704790"
"chr3","54227818","54228111","chr10","14656347","14656645","32","39571471"
"chr3","54237084","54237271","chr2","89098088","89098277","15","34861004"
"chr3","54262710","54263001","chr14","56034402","56034694","35","1771692"
"chr3","54263069","54263354","chr2","89070383","89070675","31","34807314"
"chr3","54268063","54268359","chr2","89065718","89066013","35","34797655"
"chr3","54271432","54271711","chr4","32548222","32548502","38","21723210"
"chr3","54293280","54293408","chr17","92027699","92027828","14","37734419"
"chr3","54314584","54314864","chr12","11859621","11859899","39","42454963"
"chr3","54342033","54342336","chr2","88980978","88981276","29","34638945"
"chr3","54343143","54343462","chr2","88979868","88980171","45","34636725"
"chr3","54356319","54356627","chr2","88966977","88967278","38","34610658"
"chr3","54369313","54369623","chrX","63494950","63495260","38","9125637"
"chr3","54372790","54373074","chr15","99338800","99339087","50","44966010"
"chr3","54377915","54378112","chr20","28070885","28071073","54","26307030"
"chr3","54380187","54380322","chr4","54093127","54093262","12","287060"
"chr3","54385011","54385314","chr1","205869296","205869596","35","151484285"
"chr3","54401073","54401380","chr17","24909075","24909373","44","29491998"
"chr3","54409620","54409914","chr5","21200656","21200946","45","33208964"
"chr3","54411436","54411676","chr7","53730102","53730346","42","681334"
"chr3","54413325","54413637","chr2","88912216","88912533","32","34498891"
"chr3","54417546","54417620","chr14","30843292","30843367","12","23574254"
"chr3","54418347","54418423","chr4","86137657","86137734","16","31719310"
"chr3","54429454","54429782","chr2","88897461","88897795","40","34468007"
"chr3","54433580","54433897","chr15","30580753","30581069","40","23852827"
"chr3","54435697","54435954","chr2","88883647","88883899","38","34447950"
"chr3","54442257","54442556","chr16","3820416","3820710","44","50621841"
"chr3","54451079","54451289","chr2","204638025","204638229","33","150186946"
"chr3","54462629","54462926","chr2","88857530","88857821","32","34394901"
"chr3","54464087","54464379","chr2","88855068","88855365","31","34390981"
"chr3","54472133","54472436","chr3","166005666","166005965","42","111533533"
"chr3","54490323","54490634","chr2","88833227","88833526","39","34342904"
"chr3","54503528","54503809","chr1","211700488","211700776","38","157196960"
"chr3","54515679","54515903","chr16","62907733","62907954","30","8392054"
"chr3","54516636","54516785","chr19","18355310","18355459","32","36161326"
"chr3","54529060","54529345","chr2","88793526","88793799","35","34264466"
"chr3","54530893","54531201","chr11","6872021","6872325","31","47658872"
"chr3","54535809","54536093","chr2","88786433","88786718","27","34250624"
"chr3","54536528","54536823","chr2","88785697","88786005","36","34249169"
"chr3","54577157","54577462","chr17","79764877","79765185","34","25187720"
"chr3","54600213","54600500","chr2","84487489","84487783","35","29887276"
"chr3","54607100","54607391","chr6","140129906","140130200","36","85522806"
"chr3","54651148","54651303","chr9","30697640","30697805","41","23953508"
"chr3","54652171","54652473","chr2","88677098","88677412","41","34024927"
"chr3","54798701","54798762","chr20","68909283","68909346","5","14110582"
"chr3","54799437","54799742","chr2","146877836","146878139","43","92078399"
"chr3","54812553","54812842","chr2","88513241","88513541","36","33700688"
"chr3","54850814","54851065","chr2","88470376","88470622","27","33619562"
"chr3","54887731","54888044","chr2","88431802","88432101","34","33544071"
"chr3","54911865","54912172","chr2","88407526","88407829","25","33495661"
"chr3","54969529","54969830","chr4","31652817","31653113","39","23316712"
"chr3","55018820","55018998","chr19","44470810","44470991","32","10548010"
"chr3","55043608","55043885","chr2","88272350","88272637","31","33228742"
"chr3","55057367","55057674","chr2","88258567","88258866","31","33201200"
"chr3","55093334","55093650","chrX","9240846","9241146","50","45852488"
"chr3","55151703","55151848","chr6","56602654","56602794","28","1450951"
"chr3","55168758","55169071","chr2","88147355","88147675","37","32978597"
"chr3","55210452","55210747","chr2","88102460","88102726","55","32892008"
"chr3","55210903","55211154","chr11","67532491","67532731","51","12321588"
"chr3","55213747","55214038","chr2","88099132","88099428","27","32885385"
"chr3","55365236","55365368","chr1","154072718","154072853","14","98707482"
"chr3","55407045","55407329","chr3","165332839","165333127","39","109925794"
"chr3","55525732","55526038","chr4","57099833","57100137","34","1574101"
"chr3","55542732","55543039","chr3","39641274","39641578","30","15901458"
"chr3","55544934","55545234","chr2","87769896","87770194","24","32224962"
"chr3","55573947","55574245","chr1","198528024","198528322","28","142954077"
"chr3","55646608","55646904","chr13","92182781","92183079","43","36536173"
"chr3","55692676","55692987","chr3","372184","372491","37","55320492"
"chr3","55746568","55746882","chr2","87575381","87575692","27","31828813"
"chr3","55889366","55889668","chr2","87438087","87438397","34","31548721"
"chr3","55896458","55896749","chr2","87424207","87424499","37","31527749"
"chr3","55897957","55898236","chr2","87422721","87422990","33","31524764"
"chr3","55937682","55937977","chr2","87382742","87383040","22","31445060"
"chr3","55970581","55970888","chr2","87356280","87356590","35","31385699"
"chr3","55977278","55977573","chr7","111987934","111988235","42","56010656"
"chr3","55989307","55989618","chr1","35042120","35042404","71","20947187"
"chr3","56001611","56001722","chr7","40424281","40424390","16","15577330"
"chr3","56094135","56094433","chr2","87234897","87235195","35","31140762"
"chr3","56153278","56153582","chrX","123913946","123914252","34","67760668"
"chr3","56176455","56176738","chr2","189994427","189994709","41","133817972"
"chr3","56251780","56252073","chr2","87079078","87079375","30","30827298"
"chr3","56288456","56288770","chr2","87045100","87045414","20","30756644"
"chr3","56303861","56304153","chr2","87029606","87029903","30","30725745"
"chr3","56325375","56325673","chr2","87007914","87008214","30","30682539"
"chr3","56346027","56346229","chr16","668407","668615","29","55677620"
"chr3","56348420","56348727","chr2","86984765","86985073","24","30636345"
"chr3","56378920","56379224","chr16","19972079","19972380","44","36406841"
"chr3","56380437","56380743","chr2","86959029","86959331","37","30578592"
"chr3","56401073","56401376","chr7","32030880","32031184","27","24370193"
"chr3","56406843","56407160","chr19","19684520","19684835","43","36722323"
"chr3","56477124","56477288","chr7","21888163","21888326","29","34588961"
"chr3","56540068","56540334","chr2","86793308","86793568","31","30253240"
"chr3","56540662","56540911","chr4","7558366","7558633","49","48982296"
"chr3","56580986","56581289","chr2","86754784","86755072","31","30173798"
"chr3","56789005","56789311","chr1","184966200","184966511","36","128177195"
"chr3","56794402","56794700","chr15","105746468","105746766","41","48952066"
"chr3","56898797","56899095","chr20","68643250","68643541","36","11744453"
"chr3","56924594","56924752","chr2","184252492","184252649","20","127327898"
"chr3","56925083","56925219","chr7","16748615","16748755","18","40176468"
"chr3","56945677","56945795","chr7","56497314","56497433","30","448363"
"chr3","57300063","57300318","chr2","86028388","86028649","19","28728325"
"chr3","57391190","57391498","chr2","85942175","85942487","24","28550985"
"chr3","57425490","57425773","chr2","85908271","85908553","29","28482781"
"chr3","57425836","57425868","chr11","67476600","67476627","7","10050764"
"chr3","57432261","57432538","chr5","185516874","185517148","51","128084613"
"chr3","57494284","57494592","chr8","92763492","92763793","37","35269208"
"chr3","57529782","57530092","chr2","85805118","85805429","32","28275336"
"chr3","57557402","57557703","chr2","85779443","85779746","25","28222041"
"chr3","57592473","57592768","chrX","46755159","46755454","38","10837314"
"chr3","57654553","57654831","chr7","137462765","137463047","44","79808212"
"chr3","57710334","57710644","chr1","214944515","214944819","38","157234181"
"chr3","57723771","57724061","chr2","85611177","85611490","39","27887406"
"chr3","57749258","57749559","chr2","85581371","85581676","28","27832113"
"chr3","57770463","57770724","chr8","28653650","28653906","42","29116813"
"chr3","57789644","57789949","chr2","85540411","85540722","36","27750767"
"chr3","57794564","57794843","chr2","85535484","85535763","27","27740920"
"chr3","57804512","57804815","chr2","85525512","85525810","32","27721000"
"chr3","57807833","57807951","chr1","131078233","131078350","14","73270400"
"chr3","57808386","57808530","chr14","1601497","1601644","29","56206889"
"chr3","57816580","57816863","chr6","5580127","5580409","40","52236453"
"chr3","57819999","57820295","chr2","46854318","46854611","36","10965681"
"chr3","57835696","57835974","chr2","85492010","85492286","20","27656314"
"chr3","57853008","57853269","chr2","85477050","85477317","29","27624042"
"chr3","57855138","57855387","chr2","85475304","85475547","12","27620166"
"chr3","57856421","57856725","chr19","40536164","40536467","30","17320257"
"chr3","57870933","57871231","chr8","93442779","93443072","33","35571846"
"chr3","57872611","57872906","chr2","85460463","85460761","28","27587852"
"chr3","57881024","57881313","chr2","85451460","85451752","32","27570436"
"chr3","57907994","57908289","chr2","85423961","85424257","18","27515967"
"chr3","57918720","57919013","chr2","85412980","85413268","25","27494260"
"chr3","57931862","57932170","chr2","85342932","85343238","21","27411070"
"chr3","57942513","57942687","chr14","120998790","120998962","27","63056277"
"chr3","57943531","57943709","chr5","42012056","42012236","30","15931475"
"chr3","57944017","57944150","chr10","29597170","29597304","14","28346847"
"chr3","57944755","57945062","chr2","85330135","85330433","37","27385380"
"chr3","57960287","57960591","chr2","85314533","85314834","19","27354246"
"chr3","57972258","57972555","chr2","85301881","85302176","21","27329623"
"chr3","57985034","57985316","chr2","85289169","85289451","20","27304135"
"chr3","58018308","58018622","chr13","45728422","45728728","37","12289886"
"chr3","58039768","58040063","chr4","146917968","146918262","34","88878200"
"chr3","58043501","58043808","chr2","85229453","85229755","33","27185952"
"chr3","58048207","58048500","chr2","85224820","85225118","30","27176613"
"chr3","58072634","58072918","chr2","85200563","85200841","39","27127929"
"chr3","58113831","58114129","chr1","125407063","125407364","39","67293232"
"chr3","58140134","58140416","chrX","9102633","9102917","32","49037501"
"chr3","58141302","58141609","chr1","41726547","41726852","40","16414755"
"chr3","58153361","58153653","chr6","75775282","75775584","41","17621921"
"chr3","58172549","58172853","chr14","15756054","15756351","32","42416495"
"chr3","58179536","58179833","chr2","85100164","85100466","36","26920628"
"chr3","58191574","58191887","chr2","85088812","85089111","36","26897238"
"chr3","58199672","58199983","chr2","85087950","85088259","31","26888278"
"chr3","58230015","58230321","chr2","85049520","85049827","17","26819505"
"chr3","58252826","58253133","chr2","85026820","85027124","32","26773994"
"chr3","58261681","58261985","chr2","85018278","85018575","23","26756597"
"chr3","58283837","58284140","chr2","84995883","84996181","25","26712046"
"chr3","58291152","58291274","chr1","162948066","162948191","20","104656914"
"chr3","58299735","58300030","chr16","5048763","5049058","31","53250972"
"chr3","58311933","58312238","chr2","84966239","84966540","42","26654306"
"chr3","58351032","58351165","chrX","130438301","130438440","18","72087269"
"chr3","58368634","58368934","chr2","84907853","84908141","34","26539219"
"chr3","58386458","58386755","chr2","84888545","84888836","33","26502087"
"chr3","58390886","58391178","chr2","84883768","84884062","27","26492882"
"chr3","58395825","58396115","chr2","84878853","84879154","34","26483028"
"chr3","58396585","58396877","chr2","84878073","84878376","31","26481488"
"chr3","58416970","58417264","chr3","2986573","2986865","30","55430397"
"chr3","58444275","58444584","chrX","23558557","23558868","28","34885718"
"chr3","58452827","58453113","chr5","40305535","40305825","32","18147292"
"chr3","58464400","58464702","chr20","4217380","4217681","37","54247020"
"chr3","58491537","58491832","chr2","84791638","84791934","23","26300101"
"chr3","58527432","58527721","chr5","155612798","155613089","42","97085366"
"chr3","58537988","58538045","chr7","62766855","62766905","17","4228867"
"chr3","58538045","58538102","chr6","131709564","131709614","17","73171519"
"chr3","58538103","58538228","chr6","174648180","174648299","30","116110077"
"chr3","58542707","58543022","chr12","98454268","98454584","47","39911561"
"chr3","58547534","58547843","chr1","51516876","51517178","42","7030658"
"chr3","58557201","58557379","chr20","2628711","2628896","40","55928490"
"chr3","58565463","58565770","chr7","162432937","162433243","53","103867474"
"chr3","58568672","58568990","chr2","84717726","84718045","43","26149054"
"chr3","58584382","58584684","chr2","84701814","84702113","27","26117432"
"chr3","58585661","58585812","chr18","12393198","12393350","21","46192463"
"chr3","58604877","58605015","chr16","66078865","66079003","23","7473988"
"chr3","58608243","58608523","chr2","84669470","84669747","26","26061227"
"chr3","58611846","58612102","chr12","74701791","74702047","33","16089945"
"chr3","58614303","58614595","chr2","84663475","84663771","31","26049172"
"chr3","58631605","58631904","chr2","84653052","84653348","22","26021447"
"chr3","58641057","58641350","chr2","84644119","84644419","28","26003062"
"chr3","58643853","58643984","chr10","12469833","12469963","16","46174020"
"chr3","58675223","58675523","chr2","84611564","84611859","22","25936341"
"chr3","58691221","58691494","chr2","84594682","84594951","38","25903461"
"chr3","58693786","58693986","chr7","36169145","36169345","31","22524641"
"chr3","58703800","58703935","chr5","3251194","3251329","12","55452606"
"chr3","58707397","58707659","chr2","84577020","84577291","30","25869623"
"chr3","58709763","58710061","chr6","171466330","171466631","52","112756567"
"chr3","58721312","58721601","chr11","46868980","46869278","40","11852332"
"chr3","58725429","58725727","chr14","12587813","12588114","39","46137616"
"chr3","58728337","58728522","chr19","16963325","16963517","26","41765012"
"chr3","58728967","58729068","chr4","163608312","163608410","17","104879345"
"chr3","58734483","58734795","chr2","84552515","84552832","26","25818032"
"chr3","58740367","58740655","chr20","42678956","42679249","40","16061411"
"chr3","58741819","58742115","chr15","6325491","6325785","35","52416328"
"chr3","58976807","58977100","chr2","84531970","84532261","22","25555163"
"chr3","58989764","58990062","chr18","649638","649935","36","58340126"
"chr3","58991470","58991752","chr4","7405019","7405304","33","51586451"
"chr3","59016189","59016525","chr2","84491878","84492200","40","25475689"
"chr3","59020569","59020858","chr2","84487489","84487783","32","25466920"
"chr3","59038521","59038785","chr6","130484936","130485189","40","71446415"
"chr3","59049431","59049710","chr2","84455173","84455444","21","25405742"
"chr3","59059349","59059651","chr2","84444913","84445209","37","25385564"
"chr3","59060245","59060383","chr2","84444211","84444350","13","25383966"
"chr3","59060696","59060884","chr2","84443711","84443903","28","25383015"
"chr3","59062059","59062377","chr1","75673607","75673911","59","16611548"
"chr3","59080133","59080430","chr2","84424569","84424880","35","25344436"
"chr3","59083169","59083294","chr16","9453902","9454028","22","49629267"
"chr3","59083315","59083517","chr7","125963638","125963836","24","66880323"
"chr3","59085208","59085480","chr7","79619579","79619853","38","20534371"
"chr3","59087316","59087574","chr10","16131491","16131758","38","42955825"
"chr3","59090674","59090960","chr2","84413602","84413884","20","25322928"
"chr3","59091092","59091401","chr14","1108011","1108300","50","57983081"
"chr3","59098542","59098833","chr6","73393768","73394067","36","14295226"
"chr3","59101781","59102092","chr2","84400596","84400898","31","25298815"
"chr3","59110299","59110592","chr1","9601563","9601859","30","49508736"
"chr3","59112296","59112607","chr1","125348377","125348684","37","66236081"
"chr3","59113965","59114260","chr2","84388239","84388539","23","25274274"
"chr3","59114906","59115210","chr2","84387294","84387593","27","25272388"
"chr3","59180704","59181010","chr2","84320658","84320964","24","25139954"
"chr3","59192364","59192744","chr2","136934049","136934422","90","77741685"
"chr3","59192801","59193010","chr2","84307151","84307360","11","25114350"
"chr3","59199117","59199420","chr2","84301223","84301520","25","25102106"
"chr3","59201460","59201574","chr15","77859857","77859969","14","18658397"
"chr3","59224353","59224504","chr2","126452933","126453084","26","67228580"
"chr3","59225422","59225734","chr2","84274250","84274560","29","25048828"
"chr3","59232355","59232661","chr2","84267225","84267531","27","25034870"
"chr3","59260792","59261091","chr2","84237197","84237491","24","24976405"
"chr3","59276868","59277159","chr2","84219799","84220077","29","24942931"
"chr3","59286120","59286426","chr2","84210644","84210949","50","24924524"
"chr3","59288119","59288272","chrX","66006360","66006509","19","6718241"
"chr3","59288850","59289161","chr16","53229261","53229562","43","6059589"
"chr3","59291879","59292204","chr2","84204735","84205063","47","24912856"
"chr3","59297445","59297751","chr2","84199220","84199530","18","24901775"
"chr3","59315580","59315869","chr2","84177983","84178271","34","24862403"
"chr3","59316845","59317142","chr15","27330681","27330978","38","31986164"
"chr3","59337746","59338051","chr10","89369376","89369689","37","30031630"
"chr3","59346455","59346751","chr2","84150822","84151127","33","24804367"
"chr3","59353899","59354201","chr1","125348377","125348684","34","65994478"
"chr3","59358061","59358341","chr4","38276322","38276599","32","21081739"
"chr3","59362761","59363051","chr2","84136674","84136973","25","24773913"
"chr3","59384080","59384379","chr14","15756054","15756351","43","43628026"
"chr3","59384544","59384848","chr2","84113443","84113743","22","24728899"
"chr3","59387752","59388053","chr2","84110268","84110561","30","24722516"
"chr3","59389672","59389713","chr2","30430712","30430739","18","28958960"
"chr3","59391256","59391558","chr2","57691932","57692233","37","1699324"
"chr3","59411218","59411445","chr2","46870620","46870847","29","12540598"
"chr3","59444079","59444338","chr2","84048948","84049219","27","24604869"
"chr3","59463704","59463937","chr16","9675962","9676190","40","49787742"
"chr3","59464450","59464558","chr3","170473190","170473299","13","111008740"
"chr3","59504282","59504577","chr9","58999401","58999692","43","504881"
"chr3","59506735","59507040","chr2","83987741","83988048","33","24481006"
"chr3","59524435","59524742","chr2","83969356","83969662","44","24444921"
"chr3","59544790","59545097","chr10","46696952","46697259","36","12847838"
"chr3","59548680","59548977","chr14","3733135","3733443","37","55815545"
"chr3","59553306","59553599","chr4","42823211","42823505","30","16730095"
"chr3","59558116","59558251","chr1","128570937","128571072","13","69012821"
"chr3","59567111","59567315","chr1","25987435","25987643","33","33579676"
"chr3","59567369","59567649","chr3","103394398","103394677","37","43827029"
"chr3","59581208","59581508","chr2","83903760","83904046","35","24322552"
"chr3","59583200","59583381","chr12","89418847","89419033","37","29835647"
"chr3","59589735","59590031","chr2","48161250","48161547","33","11428485"
"chr3","59612188","59612326","chr15","8537984","8538121","14","51074204"
"chr3","59612613","59612818","chr14","19475809","19476022","37","40136804"
"chr3","59650587","59650897","chr12","106103474","106103785","37","46452887"
"chr3","59652374","59652508","chr2","41004651","41004787","14","18647723"
"chr3","59660550","59660856","chr3","48976208","48976517","42","10684342"
"chr3","59668541","59668824","chr3","69256946","69257226","34","9588405"
"chr3","59677022","59677331","chr4","33074528","33074839","42","26602494"
"chr3","59682662","59682941","chr2","83791967","83792243","28","24109305"
"chr3","59700722","59701031","chr9","118643932","118644232","55","58943210"
"chr3","59706896","59707196","chr2","83764382","83764678","30","24057486"
"chr3","59721044","59721248","chr4","167862628","167862830","34","108141584"
"chr3","59730977","59731265","chr2","83742559","83742845","24","24011582"
"chr3","59746519","59746832","chr2","83727117","83727419","28","23980598"
"chr3","59751390","59751666","chr5","51335799","51336074","31","8415591"
"chr3","59775928","59776209","chr2","83695082","83695371","28","23919154"
"chr3","59799999","59800296","chr20","56789030","56789326","31","3010969"
"chr3","59851137","59851438","chr2","83602754","83603056","22","23751617"
"chr3","59857972","59858269","chr2","83595501","83595786","35","23737529"
"chr3","59862594","59862886","chr19","44781977","44782268","34","15080617"
"chr3","59873276","59873567","chr2","83579227","83579531","28","23705951"
"chr3","59900888","59901183","chrX","44429429","44429724","32","15471459"
"chr3","59971850","59972117","chr2","83476701","83476971","23","23504851"
"chr3","60070359","60070678","chr2","83348614","83348919","38","23278255"
"chr3","60142712","60143009","chr2","83281600","83281900","21","23138888"
"chr3","60250478","60250673","chr1","5531144","5531338","28","54719334"
"chr3","60287630","60287925","chr15","85345813","85346105","32","25058183"
"chr3","60394032","60394317","chrX","23351237","23351529","40","37042795"
"chr3","60515408","60515681","chr1","125086913","125087195","48","64571505"
"chr3","60560246","60560521","chr10","71311204","71311478","50","10750958"
"chr3","60752209","60752527","chr6","11866650","11866952","54","48885559"
"chr3","60911662","60911792","chr3","3601650","3601780","26","57310012"
"chr3","60912017","60912180","chr20","30565685","30565847","18","30346332"
"chr3","60915793","60915972","chr8","126054004","126054184","33","65138211"
"chr3","60921077","60921240","chr11","104996597","104996755","29","44075520"
"chr3","60921268","60921391","chr2","82491537","82491662","13","21570269"
"chr3","61008432","61008743","chr2","82410971","82411276","38","21402539"
"chr3","61010443","61010570","chr9","97550947","97551073","9","36540504"
"chr3","61014078","61014386","chr2","82405288","82405588","30","21391210"
"chr3","61021432","61021742","chr9","118099013","118099311","56","57077581"
"chr3","61071881","61072034","chr10","83115963","83116119","22","22044082"
"chr3","61180405","61180713","chr6","75775282","75775584","34","14594877"
"chr3","61220464","61220751","chr3","39790316","39790597","49","21430148"
"chr3","61250390","61250653","chr2","143551911","143552174","38","82301521"
"chr3","61321668","61321928","chr2","82101771","82102031","21","20780103"
"chr3","61359351","61359586","chr9","62089461","62089709","37","730110"
"chr3","61389594","61389874","chr2","82029566","82029857","36","20639972"
"chr3","61447010","61447292","chr1","184427755","184428040","44","122980745"
"chr3","61472208","61472501","chr20","20166917","20167208","36","41305291"
"chr3","61497645","61497949","chr20","4217380","4217681","34","57280265"
"chr3","61499878","61500000","chr8","874222","874344","17","60625656"
"chr3","61512008","61512135","chr16","64036320","64036445","11","2524312"
"chr3","61512316","61512492","chr11","52824286","52824464","34","8688030"
"chr3","61536957","61537082","chr5","85294060","85294183","24","23757103"
"chr3","61544024","61544163","chr16","7994900","7995042","14","53549124"
"chr3","61544274","61544437","chr3","160490400","160490565","21","98946126"
"chr3","61559146","61559458","chr2","81853322","81853621","39","20294176"
"chr3","61608193","61608489","chr1","200028486","200028781","35","138420293"
"chr3","61678165","61678535","chr7","27404447","27404788","82","34273718"
"chr3","61795409","61795716","chr6","129934590","129934892","36","68139181"
"chr3","61892945","61893252","chr11","62760011","62760309","40","867066"
"chr3","61973985","61974135","chr4","132935645","132935793","26","70961660"
"chr3","61974259","61974364","chrX","24350210","24350323","18","37624049"
"chr3","62021941","62022220","chr2","81382061","81382358","47","19360120"
"chr3","62037807","62038087","chr2","81371420","81371699","22","19333613"
"chr3","62054488","62054788","chr2","81353143","81353442","22","19298655"
"chr3","62118389","62118655","chr2","81290673","81290943","18","19172284"
"chr3","62168510","62168808","chr2","81239842","81240142","26","19071332"
"chr3","62218023","62218237","chr17","19340513","19340722","38","42877510"
"chr3","62292428","62292738","chrX","41160510","41160820","38","21131918"
"chr3","62297626","62297933","chr6","129934590","129934892","40","67636964"
"chr3","62412816","62413089","chr18","53082404","53082678","48","9330412"
"chr3","62443554","62443860","chr2","80965367","80965661","44","18521813"
"chr3","62481564","62481874","chr7","81771278","81771588","38","19289714"
"chr3","62598639","62598864","chr20","54844158","54844389","40","7754481"
"chr3","62629505","62629756","chr2","80758900","80759162","29","18129395"
"chr3","62638356","62638664","chr2","80749885","80750189","28","18111529"
"chr3","62686546","62686782","chr2","80695979","80696219","26","18009433"
"chr3","62694770","62695072","chr2","80687710","80688019","29","17992940"
"chr3","62735451","62735745","chr2","80656298","80656592","32","17920847"
"chr3","62786071","62786269","chr4","56235115","56235309","33","6550956"
"chr3","62798732","62798976","chr10","84559895","84560138","38","21761163"
"chr3","62835748","62836027","chr4","107093199","107093478","36","44257451"
"chr3","62850389","62850686","chr2","80532817","80533121","30","17682428"
"chr3","62850821","62851039","chr19","53556913","53557119","35","9293908"
"chr3","62860130","62860411","chrX","30411115","30411407","46","32449015"
"chr3","62881434","62881705","chr2","80498738","80499008","22","17617304"
"chr3","62890505","62890802","chr16","48001050","48001345","47","14889455"
"chr3","62930444","62930739","chr2","80450213","80450500","30","17519769"
"chr3","62942812","62943140","chr2","41291254","41291571","45","21651558"
"chr3","62974615","62974909","chr2","80398535","80398829","25","17423920"
"chr3","63021493","63021802","chr2","80350503","80350807","39","17329010"
"chr3","63065031","63065341","chr2","80307804","80308103","42","17242773"
"chr3","63069899","63070171","chr13","37866675","37866938","42","25203224"
"chr3","63074995","63075136","chr8","41638332","41638466","19","21436663"
"chr3","63085230","63085524","chr2","80286897","80287194","37","17201667"
"chr3","63102934","63103222","chr2","80269491","80269779","31","17166557"
"chr3","63124566","63124892","chr2","80247336","80247643","52","17122770"
"chr3","63125757","63126067","chr2","80246702","80247007","36","17120945"
"chr3","63155989","63156282","chr3","36442876","36443174","40","26713113"
"chr3","63182316","63182672","chr2","80192004","80192357","46","17009688"
"chr3","63240246","63240537","chr8","3602401","3602693","35","59637845"
"chr3","63254708","63255008","chr15","92732604","92732900","41","29477896"
"chr3","63258052","63258326","chr2","80115388","80115655","23","16857336"
"chr3","63280058","63280261","chr17","19340513","19340722","28","43939545"
"chr3","63305953","63306247","chr8","93237278","93237575","34","29931325"
"chr3","63358662","63358962","chr7","54800820","54801122","30","8557842"
"chr3","63361673","63361958","chr2","44663344","44663625","38","18698329"
"chr3","63426278","63426579","chr15","16216766","16217067","35","47209512"
"chr3","63451442","63451745","chr14","15756054","15756351","32","47695388"
"chr3","63459344","63459655","chr11","119418629","119418939","45","55959285"
"chr3","63460142","63460434","chr2","79905161","79905458","27","16445019"
"chr3","63583400","63583698","chr2","79783253","79783546","23","16199853"
"chr3","63650496","63650800","chr2","79716717","79717021","24","16066221"
"chr3","63658305","63658612","chr2","79708555","79708862","21","16050250"
"chr3","63717619","63717926","chr2","79649006","79649314","20","15931387"
"chr3","63878543","63878839","chr15","30620793","30621085","41","33257750"
"chr3","63883845","63884143","chr2","79481750","79482044","26","15597905"
"chr3","63956480","63956787","chr1","91139447","91139754","45","27182967"
"chr3","64080443","64080717","chr2","79279680","79279950","28","15199237"
"chr3","64090098","64090353","chr2","79269754","79270014","24","15179656"
"chr3","64161553","64161843","chr2","79196164","79196479","51","15034611"
"chr3","64187452","64187731","chr1","58772173","58772455","35","5415279"
"chr3","64314469","64314609","chr19","30084061","30084199","23","34230408"
"chr3","64334732","64335008","chr2","79028559","79028835","20","14693827"
"chr3","64423097","64423359","chr2","78933552","78933814","10","14510455"
"chr3","64436796","64437089","chr1","54972205","54972496","32","9464591"
"chr3","64502460","64502756","chr2","78840236","78840530","22","14337776"
"chr3","64514290","64514590","chr2","78828565","78828870","37","14314275"
"chr3","64544341","64544637","chr13","11438541","11438838","38","53105800"
"chr3","64633121","64633420","chr2","78719923","78720221","19","14086802"
"chr3","64660473","64660769","chrX","48705374","48705670","64","15955099"
"chr3","64676449","64676676","chr13","27219670","27219889","42","37456779"
"chr3","64709249","64709547","chr2","78642936","78643230","49","13933687"
"chr3","64740965","64741257","chr1","128262032","128262323","41","63521067"
"chr3","64898476","64898779","chr14","15756054","15756351","34","49142422"
"chr3","64964642","64964964","chr2","78388103","78388410","39","13423461"
"chr3","64976967","64977099","chr2","56218978","56219108","14","8757989"
"chr3","64996998","64997281","chr2","41438169","41438449","40","23558829"
"chr3","65038651","65038936","chr2","19412650","19412932","36","45626001"
"chr3","65066149","65066441","chr2","78292610","78292908","24","13226461"
"chr3","65071093","65071392","chr7","43322799","43323092","36","21748294"
"chr3","65099792","65100076","chr2","78258908","78259195","38","13159116"
"chr3","65107166","65107436","chr2","78250227","78250504","24","13143061"
"chr3","65117720","65118023","chr13","62074146","62074453","37","3043574"
"chr3","65132423","65132715","chr2","78224427","78224726","29","13092004"
"chr3","65151531","65151843","chr2","78204583","78204877","38","13053052"
"chr3","65161603","65161845","chr13","90066675","90066913","31","24905072"
"chr3","65164493","65164783","chr2","78191376","78191667","43","13026883"
"chr3","65173077","65173387","chrX","41172649","41172964","39","24000428"
"chr3","65197228","65197534","chr2","79906573","79906878","50","14709345"
"chr3","65306460","65306775","chr2","78047080","78047387","35","12740620"
"chr3","65370851","65371149","chr2","77982965","77983263","27","12612114"
"chr3","65435742","65436050","chr2","77917971","77918282","23","12482229"
"chr3","65444962","65445237","chrX","1313565","1313834","50","64131397"
"chr3","65461357","65461639","chr10","46851942","46852222","37","18609415"
"chr3","65677652","65677951","chr14","15756054","15756351","29","49921598"
"chr3","65814432","65814715","chr7","68687687","68687968","37","2873255"
"chr3","65821750","65821938","chr2","77534337","77534528","29","11712587"
"chr3","65825106","65825232","chr2","77531071","77531199","10","11705965"
"chr3","65901183","65901493","chr2","77454604","77454913","37","11553421"
"chr3","65984706","65985001","chr7","84112350","84112645","36","18127644"
"chr3","66014131","66014433","chr2","77331372","77331670","31","11317241"
"chr3","66091491","66091780","chr2","77254027","77254321","31","11162536"
"chr3","66470743","66471054","chr2","76888350","76888652","30","10417607"
"chr3","66574849","66575007","chr19","16334651","16334811","32","50240198"
"chr3","66617212","66617522","chr2","76742486","76742796","36","10125274"
"chr3","66653492","66653791","chr2","76705753","76706055","29","10052261"
"chr3","66693750","66694026","chr3","178336187","178336464","61","111642437"
"chr3","66728391","66728678","chr2","76629274","76629557","21","9900883"
"chr3","66759252","66759550","chr2","76597317","76597616","22","9838065"
"chr3","66910994","66911294","chr8","64112492","64112797","36","2798502"
"chr3","66917097","66917407","chrX","100821754","100822066","41","33904657"
"chr3","66965962","66966241","chr12","37144549","37144827","37","29821413"
"chr3","67010013","67010322","chr16","2834943","2835246","32","64175070"
"chr3","67020128","67020382","chr2","51090591","51090841","46","15929537"
"chr3","67021629","67021915","chr20","56831413","56831703","41","10190216"
"chr3","67024029","67024309","chr3","165332839","165333127","34","98308810"
"chr3","67037672","67037983","chr2","76309460","76309757","48","9271788"
"chr3","67061216","67061522","chr2","76285919","76286224","27","9224703"
"chr3","67073725","67073962","chr2","76273008","76273237","29","9199283"
"chr3","67119222","67119515","chr2","76227353","76227640","37","9108131"
"chr3","67168476","67168778","chr2","203095842","203096145","37","135927366"
"chr3","67175756","67176050","chr7","80012352","80012650","27","12836596"
"chr3","67186183","67186477","chrX","123703837","123704123","41","56517654"
"chr3","67195259","67195324","chr8","51862362","51862427","9","15332897"
"chr3","67197093","67197204","chr2","69013368","69013473","21","1816275"
"chr3","67201081","67201332","chr16","43391409","43391650","46","23809672"
"chr3","67207462","67207758","chr2","76139739","76140035","17","8932277"
"chr3","67241693","67241970","chr2","76104972","76105249","37","8863279"
"chr3","67244409","67244711","chr2","76102079","76102389","33","8857670"
"chr3","67273157","67273460","chr2","76070634","76070938","21","8797477"
"chr3","67297560","67297853","chr2","76046381","76046664","47","8748821"
"chr3","67351592","67351663","chr11","33086709","33086779","11","34264883"
"chr3","67354202","67354502","chr2","75991670","75991978","40","8637468"
"chr3","67369882","67370187","chr2","75975029","75975335","28","8605147"
"chr3","67373187","67373483","chr2","75971687","75971984","33","8598500"
"chr3","67381535","67381835","chr2","75962854","75963156","38","8581319"
"chr3","67395832","67396108","chr8","119759759","119760033","33","52363927"
"chr3","67424799","67425082","chr2","75924051","75924332","20","8499252"
"chr3","67439771","67440072","chr2","75908821","75909122","25","8469050"
"chr3","67454948","67455253","chr5","50858391","50858695","40","16596557"
"chr3","67476054","67476357","chr2","75886480","75886774","32","8410426"
"chr3","67549925","67550203","chr2","75814062","75814346","31","8264137"
"chr3","67595971","67596280","chr2","75765835","75766145","40","8169864"
"chr3","67718690","67718984","chr16","48001050","48001345","42","19717640"
"chr3","67765607","67765919","chr2","75588941","75589260","26","7823334"
"chr3","67770981","67771274","chr2","75583223","75583516","25","7812242"
"chr3","67809716","67810031","chr1","41805196","41805511","43","26004520"
"chr3","67907213","67907512","chr2","75446528","75446831","29","7539315"
"chr3","67942125","67942399","chr20","25725788","25726059","43","42216337"
"chr3","67962606","67962678","chr11","56198439","56198512","14","11764167"
"chr3","67962679","67962828","chr6","136114005","136114151","24","68151326"
"chr3","67975342","67975663","chr2","75379911","75380252","41","7404569"
"chr3","68024726","68025021","chr15","47684746","47685042","36","20339980"
"chr3","68051685","68051985","chr2","75302502","75302801","32","7250817"
"chr3","68075370","68075672","chr8","37882441","37882748","33","30192929"
"chr3","68118834","68119132","chr2","75245730","75246030","38","7126896"
"chr3","68176387","68176675","chr2","75190985","75191272","27","7014598"
"chr3","68180541","68180777","chr2","75186747","75186983","19","7006206"
"chr3","68247635","68247935","chr8","28147529","28147829","32","40100106"
"chr3","68276387","68276666","chr3","120782296","120782573","46","52505909"
"chr3","68319928","68320216","chr1","27854506","27854794","40","40465422"
"chr3","68391798","68392088","chr10","14341398","14341690","38","54050400"
"chr3","68582211","68582485","chr4","167646681","167646950","38","99064470"
"chr3","68628002","68628305","chr2","74674721","74675025","26","6046719"
"chr3","68734601","68734891","chr2","74579856","74580150","27","5845255"
"chr3","68750401","68750484","chr12","25896317","25896399","17","42854084"
"chr3","68800208","68800494","chr2","74513121","74513414","27","5712913"
"chr3","68888090","68888394","chr2","74422232","74422543","37","5534142"
"chr3","68921091","68921307","chrX","131478262","131478478","32","62557171"
"chr3","68923619","68923924","chr11","116651656","116651963","34","47728037"
"chr3","68952435","68952725","chr2","74357204","74357490","27","5404769"
"chr3","68973245","68973526","chr2","190845115","190845400","45","121871870"
"chr3","68986625","68986917","chr2","74322619","74322914","27","5335994"
"chr3","69035487","69035750","chr3","8731849","8732114","38","60303638"
"chr3","69097449","69097654","chr19","34834553","34834754","36","34262896"
"chr3","69218749","69219061","chrX","23558557","23558868","30","45660192"
"chr3","69259152","69259434","chr1","5050480","5050765","34","64208672"
"chr3","69310099","69310406","chr2","73955609","73955917","27","4645510"
"chr3","69472442","69472732","chr1","162968345","162968627","47","93495903"
"chr3","69629816","69630096","chr2","73596728","73597010","26","3966912"
"chr3","69754752","69755053","chr2","73474412","73474713","35","3719660"
"chr3","69787906","69788061","chr1","202825790","202825940","22","133037884"
"chr3","69914052","69914349","chr2","73306714","73307015","30","3392662"
"chr3","70106149","70106432","chr2","73112841","73113130","31","3006692"
"chr3","70200263","70200551","chr2","73027132","73027420","13","2826869"
"chr3","70263608","70263904","chr2","72963157","72963455","37","2699549"
"chr3","70296744","70297042","chr2","72929189","72929484","28","2632445"
"chr3","70324665","70324965","chr2","72901180","72901484","28","2576515"
"chr3","70337138","70337451","chr19","6946530","6946840","34","63390608"
"chr3","70352922","70353223","chr2","72873132","72873423","30","2520210"
"chr3","70413003","70413301","chr5","185702543","185702840","39","115289540"
"chr3","70427106","70427414","chr1","33946106","33946411","38","36481000"
"chr3","70488282","70488562","chr2","72735390","72735670","26","2247108"
"chr3","70499411","70499661","chr2","72724280","72724520","33","2224869"
"chr3","70507618","70507920","chr2","72715766","72716064","34","2208148"
"chr3","70518635","70518937","chr2","72702220","72702515","32","2183585"
"chr3","70532838","70533133","chr2","72688585","72688874","38","2155747"
"chr3","70539299","70539578","chr2","72682092","72682374","29","2142793"
"chr3","70543212","70543489","chr16","68772362","68772622","55","1770850"
"chr3","70545329","70545615","chr2","72676115","72676402","34","2130786"
"chr3","70546201","70546434","chr2","72675273","72675506","18","2129072"
"chr3","70547509","70547819","chr2","72673705","72674015","23","2126196"
"chr3","70573192","70573510","chr2","72648782","72649102","24","2075590"
"chr3","70577721","70578022","chr12","57850151","57850455","35","12727570"
"chr3","70585845","70586159","chr14","3733135","3733443","37","66852710"
"chr3","70586526","70586825","chr2","69273471","69273769","38","1313055"
"chr3","70624029","70624323","chr9","59685986","59686279","34","10938043"
"chr3","70637400","70637697","chr6","75775282","75775584","39","5137882"
"chr3","70673057","70673363","chr2","72554016","72554326","26","1880959"
"chr3","70749433","70749729","chr2","72476311","72476598","30","1726878"
"chr3","70751126","70751428","chr2","72474625","72474912","30","1723499"
"chr3","70845638","70845941","chr19","25230438","25230740","36","45615200"
"chr3","70980723","70981032","chr2","96901859","96902164","43","25921136"
"chr3","71046461","71046765","chr2","72184251","72184552","35","1137790"
"chr3","71094104","71094402","chr2","72136680","72136977","24","1042576"
"chr3","71120608","71120881","chr2","72110048","72110336","35","989440"
"chr3","71144332","71144643","chr2","72086948","72087241","36","942616"
"chr3","71211222","71211524","chr1","67968311","67968611","31","3242911"
"chr3","71217981","71218259","chr6","32836837","32837121","34","38381144"
"chr3","71261049","71261351","chr13","3574600","3574876","59","67686449"
"chr3","71426984","71427289","chr7","78931435","78931742","46","7504451"
"chr3","71568042","71568350","chr14","16149990","16150295","44","55418052"
"chr3","71672200","71672478","chr2","71575371","71575643","39","96829"
"chr3","71673837","71673990","chr3","40638454","40638604","26","31035383"
"chr3","71675513","71675651","chr16","38466492","38466631","17","33209021"
"chr3","71701004","71701301","chr2","71548724","71549021","27","152280"
"chr3","71703983","71704270","chr2","202930199","202930485","44","131226216"
"chr3","71835493","71835789","chr2","71420329","71420623","20","415164"
"chr3","71932309","71932561","chr2","71325759","71326013","37","606550"
"chr3","72043939","72044093","chr9","60169079","60169227","24","11874860"
"chr3","72126882","72127175","chr2","71151048","71151345","28","975834"
"chr3","72167490","72167606","chr1","8787564","8787680","13","63379926"
"chr3","72185032","72185338","chr6","73393768","73394067","35","1208736"
"chr3","72204397","72204717","chr5","15669882","15670186","51","56534515"
"chr3","72245158","72245455","chr2","71035377","71035679","39","1209781"
"chr3","72247574","72247833","chr3","155645632","155645891","37","83398058"
"chr3","72248076","72248384","chr19","41260282","41260585","38","30987794"
"chr3","72389992","72390311","chr1","154657402","154657710","44","82267410"
"chr3","72391558","72391858","chr7","78931435","78931742","44","6539877"
"chr3","72407033","72407321","chr2","70872715","70873010","23","1534318"
"chr3","72413888","72414169","chr8","101412178","101412459","29","28998290"
"chr3","72443584","72443900","chr2","70835697","70836009","40","1607887"
"chr3","72456120","72456393","chr1","206339223","206339494","44","133883103"
"chr3","72488242","72488542","chr11","54744322","54744626","47","17743920"
"chr3","72520342","72520614","chr9","37587090","37587368","53","34933252"
"chr3","72550410","72550717","chr2","70728409","70728718","31","1822001"
"chr3","72570718","72571010","chr2","70707588","70707879","22","1863130"
"chr3","72623725","72624022","chr3","7138329","7138625","34","65485396"
"chr3","72627058","72627183","chr19","45249393","45249524","24","27377665"
"chr3","72640350","72640581","chr2","70638742","70638975","21","2001608"
"chr3","72641255","72641565","chr9","64657082","64657393","53","7984173"
"chr3","72650930","72651235","chr1","36905300","36905598","39","35745630"
"chr3","72669550","72669835","chr7","493246","493521","55","72176304"
"chr3","72670729","72670991","chr16","46851550","46851811","43","25819179"
"chr3","72740702","72741016","chr15","42266168","42266476","37","30474534"
"chr3","72767856","72768165","chr13","40308575","40308883","45","32459281"
"chr3","72773923","72774175","chr10","59910337","59910584","33","12863586"
"chr3","72779733","72780060","chr2","70496487","70496816","30","2283246"
"chr3","72782844","72783141","chr2","70493372","70493677","23","2289472"
"chr3","72800734","72800937","chr16","668407","668615","25","72132327"
"chr3","72816286","72816571","chr17","29335507","29335791","27","43480779"
"chr3","72831368","72831667","chr3","38740854","38741157","47","34090514"
"chr3","72846610","72846898","chr2","70429137","70429428","16","2417473"
"chr3","72858134","72858424","chr2","70417149","70417439","32","2440985"
"chr3","72861915","72862198","chr2","70413367","70413650","27","2448548"
"chr3","72865654","72865952","chr17","19068302","19068598","30","53797352"
"chr3","72901983","72902267","chr16","15837110","15837391","33","57064873"
"chr3","72941738","72942036","chr2","70331754","70332055","33","2609984"
"chr3","72946432","72946719","chr2","113495978","113496259","53","40549546"
"chr3","72962812","72963122","chr2","70309805","70310117","25","2653007"
"chr3","73086589","73086861","chr4","107093199","107093478","43","34006610"
"chr3","73097088","73097400","chrX","36369971","36370280","43","36727117"
"chr3","73113353","73113640","chr2","70159914","70160205","22","2953439"
"chr3","73178921","73179183","chr2","70087538","70087814","38","3091383"
"chr3","73252123","73252348","chr4","16011068","16011288","41","57241055"
"chr3","73280741","73281033","chr2","69982317","69982605","31","3298424"
"chr3","73298225","73298430","chr2","204638025","204638229","44","131339800"
"chr3","73971576","73971859","chr2","69868768","69869061","31","4102808"
"chr3","74110613","74110904","chr3","2858365","2858652","39","71252248"
"chr3","74136421","74136728","chr2","69703627","69703935","30","4432794"
"chr3","74201444","74201724","chr2","69638950","69639244","37","4562494"
"chr3","74267436","74267746","chr2","69566777","69567080","29","4700659"
"chr3","74338424","74338734","chrX","91225623","91225933","45","16887199"
"chr3","74343441","74343720","chr2","69493400","69493674","28","4850041"
"chr3","74374851","74375166","chr12","117156234","117156541","55","42781383"
"chr3","74394986","74395296","chr14","19098861","19099159","45","55296125"
"chr3","74396182","74396476","chr3","166005666","166005965","40","91609484"
"chr3","74397342","74397493","chr15","8538420","8538567","27","65858922"
"chr3","74415834","74416120","chr20","65954243","65954531","36","8461591"
"chr3","74429353","74429579","chr16","9675962","9676190","44","64753391"
"chr3","74453823","74454026","chr2","204638025","204638229","42","130184202"
"chr3","74454262","74454356","chr2","69382861","69382955","6","5071401"
"chr3","74460924","74461228","chr2","69375918","69376214","31","5085006"
"chr3","74480881","74481233","chr2","69355696","69356045","22","5125185"
"chr3","74490486","74490804","chr2","69346208","69346519","39","5144278"
"chr3","74512744","74513033","chr2","69323410","69323697","25","5189334"
"chr3","74560914","74561186","chr8","142242840","142243113","31","67681926"
"chr3","74583188","74583399","chr3","178242048","178242256","37","103658860"
"chr3","74589461","74589577","chr8","6959684","6959805","13","67629777"
"chr3","74590929","74591240","chr4","107030802","107031116","50","32439873"
"chr3","74598393","74598689","chr2","69244128","69244433","30","5354265"
"chr3","74607492","74607802","chr8","88636129","88636434","44","14028637"
"chr3","74618323","74618611","chrX","131541497","131541786","35","56923174"
"chr3","74633351","74633643","chr2","97094851","97095146","36","22461500"
"chr3","74651698","74652009","chr14","21861243","21861550","43","52790455"
"chr3","74666992","74667286","chr2","69170340","69170638","35","5496652"
"chr3","74698671","74698969","chr2","69139413","69139712","33","5559258"
"chr3","74704701","74704997","chr2","107035879","107036172","31","32331178"
"chr3","74715624","74715928","chr2","69117415","69117719","39","5598209"
"chr3","74724114","74724403","chr2","69109127","69109430","41","5614987"
"chr3","74726214","74726573","chr4","133475312","133475635","86","58749098"
"chr3","74726788","74726989","chr19","41275992","41276189","39","33450796"
"chr3","74731696","74732005","chr2","69101443","69101751","21","5630253"
"chr3","74736813","74737115","chr2","69096182","69096492","31","5640631"
"chr3","74738814","74738942","chr11","49740456","49740579","22","24998358"
"chr3","74739665","74739974","chr2","69092751","69093055","31","5646914"
"chr3","74743902","74744208","chr7","68708818","68709123","39","6035084"
"chr3","74779908","74780195","chr13","16186245","16186530","37","58593663"
"chr3","74784248","74784535","chr2","69047093","69047391","37","5737155"
"chr3","74793836","74794143","chr2","69037224","69037533","31","5756612"
"chr3","74807934","74808124","chr4","167862628","167862830","38","93054694"
"chr3","74820066","74820269","chr2","150828868","150829054","50","76008802"
"chr3","74826984","74827272","chr2","69011348","69011638","37","5815636"
"chr3","74828125","74828270","chr2","94723189","94723334","20","19895064"
"chr3","74831820","74831933","chrX","127885638","127885748","15","53053818"
"chr3","74832208","74832253","chr16","23570314","23570356","7","51261894"
"chr3","74834924","74835165","chrX","113227375","113227627","43","38392451"
"chr3","74851211","74851516","chr2","68987510","68987817","33","5863701"
"chr3","74852031","74852145","chrX","8656290","8656402","16","66195741"
"chr3","74852299","74852428","chr18","23426596","23426725","22","51425703"
"chr3","74855668","74855964","chr9","87356875","87357169","36","12501207"
"chr3","74856059","74856369","chr2","68982505","68982810","23","5873554"
"chr3","74863127","74863430","chr2","68974889","68975196","22","5888238"
"chr3","74870817","74871127","chr2","68967043","68967355","29","5903774"
"chr3","74880160","74880464","chr2","107524460","107524764","42","32644300"
"chr3","74885773","74886076","chr11","54520784","54521080","36","20364989"
"chr3","74894295","74894587","chr2","68941948","68942235","29","5952347"
"chr3","74897004","74897311","chr5","4528536","4528843","38","70368468"
"chr3","74897569","74897878","chr13","39986756","39987062","39","34910813"
"chr3","74911820","74912100","chr2","204647129","204647412","54","129735309"
"chr3","74920279","74920488","chr13","61550125","61550336","29","13370154"
"chr3","74936175","74936491","chrX","94545918","94546227","53","19609743"
"chr3","74943259","74943553","chr11","55516800","55517092","37","19426459"
"chr3","74949227","74949535","chr2","68884233","68884529","32","6064994"
"chr3","75014625","75014936","chr2","68782689","68782998","29","6231936"
"chr3","75015522","75015669","chr8","103450330","103450478","32","28434808"
"chr3","75031662","75031892","chr10","61763698","61763924","29","13267964"
"chr3","75058123","75058414","chr2","68740944","68741239","38","6317179"
"chr3","75104382","75104677","chr11","47525504","47525800","41","27578878"
"chr3","75125397","75125708","chr2","68672329","68672640","19","6453068"
"chr3","75131610","75131896","chr2","68664957","68665240","36","6466653"
"chr3","75145691","75146004","chr2","68650264","68650572","23","6495427"
"chr3","75157423","75157682","chr2","68638561","68638818","28","6518862"
"chr3","75211253","75211402","chr7","82843703","82843849","24","7632450"
"chr3","75219270","75219576","chr2","68576928","68577233","28","6642342"
"chr3","75222118","75222427","chr2","68574045","68574358","25","6648073"
"chr3","75324352","75324651","chr2","68477953","68478258","38","6846399"
"chr3","75386529","75386831","chr2","68415763","68416073","36","6970766"
"chr3","75416989","75417287","chr1","34876706","34877001","25","40540283"
"chr3","75429343","75429473","chr15","91253228","91253356","16","15823885"
"chr3","75518954","75519253","chr2","68284496","68284797","26","7234458"
"chr3","75663172","75663467","chrX","44429429","44429724","33","31233743"
"chr3","75722748","75723045","chr2","68074430","68074725","28","7648318"
"chr3","75727052","75727346","chr2","68070754","68071052","39","7656298"
"chr3","75971925","75972211","chr7","3450180","3450461","34","72521745"
"chr3","76041620","76041922","chr7","82240691","82240992","38","6199071"
"chr3","76161152","76161291","chr11","8029616","8029754","18","68131536"
"chr3","76161451","76161637","chr1","22526172","22526359","31","53635279"
"chr3","76183897","76184130","chr2","67546003","67546220","38","8637894"
"chr3","76189172","76189479","chr1","51588054","51588359","41","24601118"
"chr3","76192129","76192421","chr2","67537627","67537928","33","8654502"
"chr3","76281966","76282271","chr2","67449686","67450000","45","8832280"
"chr3","76370603","76370916","chr13","20564395","20564704","44","55806208"
"chr3","76415024","76415331","chr2","67319883","67320189","32","9095141"
"chr3","76497581","76497856","chr7","33371421","33371700","40","43126160"
"chr3","76548898","76549179","chr13","25134102","25134382","29","51414796"
"chr3","76566911","76567212","chr2","67177282","67177584","28","9389629"
"chr3","76612713","76613004","chr16","18242235","18242525","35","58370478"
"chr3","76617954","76618197","chr15","9253301","9253545","37","67364653"
"chr3","76618229","76618248","chr8","124687585","124687603","3","48069356"
"chr3","76656419","76656573","chr20","26381683","26381832","25","50274736"
"chr3","76754090","76754255","chr20","15200952","15201119","32","61553138"
"chr3","76781931","76782232","chr3","101860906","101861203","43","25078975"
"chr3","76795990","76796192","chr2","66956608","66956804","22","9839382"
"chr3","77099502","77099700","chr5","159217902","159218096","46","82118400"
"chr3","77134750","77135056","chr10","12541086","12541391","36","64593664"
"chr3","77199366","77199673","chr2","56084627","56084931","49","21114739"
"chr3","77221544","77221700","chr3","170087322","170087480","23","92865778"
"chr3","77244531","77244842","chr6","58072190","58072501","49","19172341"
"chr3","77248818","77249096","chr1","42647218","42647497","38","34601600"
"chr3","77258220","77258518","chr16","5625017","5625313","34","71633203"
"chr3","77258963","77259240","chr3","14220048","14220339","33","63038915"
"chr3","77266236","77266535","chr3","14227253","14227545","32","63038983"
"chr3","77281110","77281365","chr19","44969720","44969974","51","32311390"
"chr3","77282641","77282936","chr20","5108857","5109160","42","72173784"
"chr3","77289695","77289995","chr1","64584409","64584705","35","12705286"
"chr3","77333152","77333465","chr11","104087348","104087659","36","26754196"
"chr3","77333776","77334068","chr4","127807840","127808134","36","50474064"
"chr3","77369866","77370165","chr20","16164121","16164415","47","61205745"
"chr3","77372467","77372639","chr4","130421985","130422172","37","53049518"
"chr3","77469978","77470270","chr7","90148109","90148397","52","12678131"
"chr3","77471898","77472112","chr2","84307151","84307360","39","6835253"
"chr3","77651701","77651998","chr2","68801793","68802089","37","8849908"
"chr3","77710848","77711155","chr9","62681581","62681892","42","15029267"
"chr3","77720383","77720595","chr8","64758477","64758689","27","12961906"
"chr3","77752176","77752361","chr1","25825674","25825851","30","51926502"
"chr3","77755623","77755921","chr2","94966048","94966344","41","17210425"
"chr3","77779419","77779717","chr1","42955312","42955611","37","34824107"
"chr3","77791190","77791480","chr11","109227033","109227328","44","31435843"
"chr3","77795064","77795295","chr16","74442932","74443168","37","3352132"
"chr3","77919296","77919588","chr1","112580058","112580347","30","34660762"
"chr3","77932834","77933119","chr1","5050480","5050765","43","72882354"
"chr3","78032593","78032885","chr2","317207","317479","37","77715386"
"chr3","78070269","78070538","chr2","280246","280511","32","77790023"
"chr3","78110848","78111156","chr2","240669","240979","33","77870179"
"chr3","78116683","78116979","chr2","233262","233541","30","77883421"
"chr3","78157809","78158111","chr2","191065","191359","38","77966744"
"chr3","78482290","78482610","chr5","39148822","39149129","52","39333468"
"chr3","78614449","78614747","chr6","95776648","95776947","39","17162199"
"chr3","78632215","78632515","chr1","117719810","117720112","39","39087595"
"chr3","78668134","78668436","chr5","44278550","44278853","45","34389584"
"chr3","78670927","78671235","chr2","1172901","1173214","36","77498026"
"chr3","78685045","78685321","chr2","1187474","1187748","20","77497571"
"chr3","78702499","78702790","chr2","1204557","1204842","36","77497942"
"chr3","78866888","78867191","chr2","1371775","1372078","18","77495113"
"chr3","78918992","78919291","chr20","18639912","18640209","42","60279080"
"chr3","78929523","78929813","chr1","67187310","67187597","48","11742213"
"chr3","78938577","78938710","chr10","31067832","31067967","15","47870745"
"chr3","79017989","79018291","chr2","1570444","1570751","32","77447545"
"chr3","79068323","79068604","chr10","30281129","30281410","31","48787194"
"chr3","79088388","79088644","chr2","1646406","1646657","26","77441982"
"chr3","79136118","79136427","chr2","1694778","1695092","43","77441340"
"chr3","79156311","79156622","chr2","1711524","1711840","25","77444787"
"chr3","79190887","79191199","chr3","3601309","3601618","42","75589578"
"chr3","79209462","79209767","chr2","1755552","1755856","29","77453910"
"chr3","79241162","79241424","chr4","111945227","111945501","40","32704065"
"chr3","79286236","79286512","chr2","1828993","1829269","25","77457243"
"chr3","79316594","79316876","chr15","40988593","40988874","30","38328001"
"chr3","79349751","79349995","chr3","50587635","50587882","43","28762116"
"chr3","79445989","79446281","chr4","105170140","105170438","36","25724151"
"chr3","79523054","79523359","chr2","2071178","2071480","40","77451876"
"chr3","79568477","79568698","chr14","19912380","19912600","43","59656097"
"chr3","79569174","79569486","chr6","129934590","129934892","42","50365416"
"chr3","79613536","79613822","chr2","2160548","2160837","39","77452988"
"chr3","79670337","79670641","chr2","2215663","2215962","42","77454674"
"chr3","79728925","79729215","chr2","2274915","2275191","39","77454010"
"chr3","79766844","79767153","chr2","2313333","2313643","31","77453511"
"chr3","79790211","79790384","chr9","27142270","27142451","31","52647941"
"chr3","79812020","79812315","chr3","2986573","2986865","40","76825447"
"chr3","79837335","79837585","chr2","2384798","2385067","36","77452537"
"chr3","79849481","79849788","chr2","2396661","2396960","34","77452820"
"chr3","80163811","80164122","chr1","154657402","154657710","46","74493591"
"chr3","80185825","80186070","chr2","2737712","2737962","20","77448113"
"chr3","80189379","80189671","chr1","86816862","86817153","34","6627483"
"chr3","80193947","80194245","chr2","2745871","2746179","31","77448076"
"chr3","80260666","80260798","chr10","66170590","66170715","26","14090076"
"chr3","80430261","80430419","chrX","71659786","71659940","39","8770475"
"chr3","80465470","80465658","chr7","20223071","20223252","27","60242399"
"chr3","80602165","80602461","chr2","3180244","3180539","28","77421921"
"chr3","80621371","80621423","chrX","130692874","130692925","5","50071503"
"chr3","80640713","80640981","chr11","65130652","65130930","42","15510061"
"chr3","80698483","80698791","chr19","31491819","31492121","38","49206664"
"chr3","80707070","80707373","chr2","3275693","3276009","40","77431377"
"chr3","80739608","80739916","chr20","21179763","21180075","52","59559845"
"chr3","81012407","81012694","chr2","3576203","3576482","27","77436204"
"chr3","81100030","81100318","chr2","3688657","3688937","41","77411373"
"chr3","81229334","81229496","chr3","125918978","125919137","27","44689644"
"chr3","81280046","81280347","chr20","56562341","56562644","34","24717705"
"chr3","81282087","81282394","chr16","49561590","49561896","37","31720497"
"chr3","81310824","81311111","chr2","3908278","3908558","26","77402546"
"chr3","81311588","81311898","chrUn_NW_014806883v1","350","667","40","81311238"
"chr3","81324706","81325002","chr2","3924106","3924405","31","77400600"
"chr3","81475034","81475341","chr2","4069287","4069588","33","77405747"
"chr3","81478646","81478908","chr5","40004051","40004306","50","41474595"
"chr3","81478955","81479058","chr8","32672030","32672132","11","48806925"
"chr3","81559514","81559827","chr2","4154540","4154858","35","77404974"
"chr3","81617120","81617216","chr19","28835350","28835446","10","52781770"
"chr3","81617214","81617310","chr7","162283431","162283525","15","80666217"
"chr3","81738251","81738531","chr5","20616790","20617071","36","61121461"
"chr3","81830890","81831185","chr6","140129906","140130200","44","58299016"
"chr3","81978940","81979140","chr11","2904691","2904882","36","79074249"
"chr3","81989991","81990302","chr18","371369","371677","34","81618622"
"chr3","82022555","82022870","chr5","1282509","1282820","50","80740046"
"chr3","82048042","82048323","chr7","153262784","153263065","44","71214742"
"chr3","82064321","82064443","chr18","20579986","20580115","18","61484335"
"chr3","82064790","82064980","chr2","4743072","4743262","16","77321718"
"chr3","82070162","82070387","chr2","4748766","4748988","18","77321396"
"chr3","82172406","82172717","chr2","4854772","4855071","39","77317634"
"chr3","82237546","82237830","chr12","100779343","100779629","35","18541797"
"chr3","82280381","82280567","chr2","4954170","4954356","12","77326211"
"chr3","82283622","82283933","chr2","4957410","4957722","35","77326212"
"chr3","82356917","82357226","chr2","5025992","5026306","32","77330925"
"chr3","82377651","82377955","chrX","147585707","147586004","42","65208056"
"chr3","82391477","82391783","chr2","5063157","5063466","38","77328320"
"chr3","82489854","82490140","chr2","5162212","5162505","35","77327642"
"chr3","82546166","82546464","chr9","96230711","96231008","42","13684545"
"chr3","82576631","82576832","chr7","133114354","133114541","40","50537723"
"chr3","82585687","82586021","chr13","25162721","25163044","54","57422966"
"chr3","82827944","82828248","chr6","147879619","147879924","29","65051675"
"chr3","82932684","82932992","chr6","161692334","161692640","33","78759650"
"chr3","82935035","82935336","chr2","5415175","5415471","29","77519860"
"chr3","83076359","83076533","chr7","25785669","25785843","27","57290690"
"chr3","83249614","83249836","chr6","146980272","146980487","44","63730658"
"chr3","83416645","83416909","chr1","7621621","7621895","56","75795024"
"chr3","83419046","83419336","chr2","5879167","5879468","35","77539879"
"chr3","83460794","83461086","chr2","5918720","5919012","36","77542074"
"chr3","83467326","83467625","chr5","172278962","172279258","41","88811636"
"chr3","83484336","83484493","chr10","80812589","80812749","29","2671747"
"chr3","83494071","83494363","chr11","66029794","66030087","36","17464277"
"chr3","83528299","83528605","chr4","42817356","42817666","45","40710943"
"chr3","83540247","83540545","chr2","6000386","6000691","36","77539861"
"chr3","83637600","83637897","chr2","6094806","6095104","25","77542794"
"chr3","83798673","83798816","chr7","27149559","27149700","23","56649114"
"chr3","83861129","83861436","chr2","6312358","6312668","27","77548771"
"chr3","83889858","83889874","chr3","10203652","10203667","4","73686206"
"chr3","83890008","83890028","chr1","130915370","130915392","4","47025362"
"chr3","83890461","83890606","chr10","28717632","28717779","27","55172829"
"chr3","83935001","83935295","chr2","6382402","6382695","41","77552599"
"chr3","83974297","83974607","chr2","6418239","6418543","33","77556058"
"chr3","84050340","84050645","chrX","23558557","23558868","38","60491783"
"chr3","84087341","84087644","chr2","6531451","6531755","21","77555890"
"chr3","84110630","84110930","chr15","47501354","47501656","43","36609276"
"chr3","84111087","84111377","chr4","71624638","71624931","37","12486449"
"chr3","84307158","84307456","chr2","6783674","6783973","23","77523484"
"chr3","84313489","84313811","chr2","6786691","6786994","49","77526798"
"chr3","84324816","84325108","chr2","6797657","6797956","36","77527159"
"chr3","84434787","84435084","chr2","6916795","6917077","42","77517992"
"chr3","84643008","84643163","chr20","55691160","55691313","34","28951848"
"chr3","85028173","85028469","chr2","7646321","7646621","33","77381852"
"chr3","85097420","85097727","chr6","49699191","49699492","44","35398229"
"chr3","85220612","85220928","chr1","77200622","77200933","46","8019990"
"chr3","85240710","85240846","chr15","17851239","17851374","15","67389471"
"chr3","85243186","85243319","chr3","39459639","39459775","18","45783547"
"chr3","85283977","85284250","chr9","95705514","95705787","39","10421537"
"chr3","85373606","85373910","chr2","7981245","7981553","28","77392361"
"chr3","85450553","85450807","chr2","8051763","8052042","45","77398790"
"chr3","85495476","85495770","chrX","148090540","148090833","36","62595064"
"chr3","85575449","85575760","chr16","60538229","60538539","48","25037220"
"chr3","85821139","85821401","chr2","8433875","8434138","38","77387264"
"chr3","85867580","85867859","chr2","8483674","8483961","32","77383906"
"chr3","85949576","85949884","chr2","8564212","8564512","36","77385364"
"chr3","85969220","85969525","chr10","46696952","46697259","52","39272268"
"chr3","86000070","86000366","chr14","64312330","64312623","47","21687740"
"chr3","86044657","86044957","chr2","59476702","59476995","57","26567955"
"chr3","86153522","86153819","chr1","117344868","117345161","48","31191346"
"chr3","86232859","86233158","chr5","41840426","41840720","59","44392433"
"chr3","86784188","86784482","chr2","9344646","9344949","33","77439542"
"chr3","86840953","86841232","chr7","153262784","153263065","42","66421831"
"chr3","86942670","86942985","chr2","9487810","9488122","36","77454860"
"chr3","86966103","86966368","chr13","9465087","9465355","42","77501016"
"chr3","87019652","87019966","chr10","7742606","7742914","44","79277046"
"chr3","87155830","87156133","chr2","9685069","9685378","42","77470761"
"chr3","87181135","87181504","chr2","115651981","115652340","71","28470846"
"chr3","87250448","87250729","chr4","105773997","105774278","43","18523549"
"chr3","87257730","87258040","chr2","9786524","9786828","38","77471206"
"chr3","87262183","87262347","chr14","69005087","69005239","39","18257096"
"chr3","87316883","87317174","chr1","112580058","112580347","41","25263175"
"chr3","87340083","87340379","chr2","9872086","9872377","33","77467997"
"chr3","87410547","87410813","chr2","9930485","9930753","25","77480062"
"chr3","87453726","87454029","chrX","148191845","148192147","53","60738119"
"chr3","87489912","87490225","chr2","10006794","10007102","36","77483118"
"chr3","87588094","87588390","chr2","10098713","10099007","35","77489381"
"chr3","87590575","87590717","chr1","161409822","161409970","32","73819247"
"chr3","87612273","87612486","chr8","64758477","64758689","30","22853796"
"chr3","87628892","87629191","chr19","31252224","31252526","47","56376668"
"chr3","87697832","87698100","chr8","51676177","51676449","45","36021655"
"chr3","87736155","87736458","chr2","10247806","10248093","47","77488349"
"chr3","87787046","87787171","chr9","21529707","21529833","17","66257339"
"chr3","87812673","87812936","chr2","10328662","10328929","37","77484011"
"chr3","87817226","87817567","chr6","14369476","14369805","66","73447750"
"chr3","88019866","88020149","chr1","151926651","151926935","40","63906785"
"chr3","88127818","88127980","chr7","28041124","28041287","26","60086694"
"chr3","88140782","88141076","chr1","28282455","28282751","35","59858327"
"chr3","88149431","88149731","chr2","10722838","10723134","29","77426593"
"chr3","88299095","88299283","chr1","20997684","20997875","29","67301411"
"chr3","88302458","88302752","chr6","124025317","124025608","37","35722859"
"chr3","88367210","88367513","chr3","166261548","166261846","37","77894338"
"chr3","88606933","88607197","chrX","52002484","52002750","45","36604449"
"chr3","88625613","88625938","chr12","558284","558603","43","88067329"
"chr3","88683265","88683565","chr2","11239934","11240240","32","77443331"
"chr3","88943392","88943488","chr6","71616813","71616910","14","17326579"
"chr3","88978859","88979151","chr3","178976330","178976618","42","89997471"
"chr3","89121017","89121217","chr2","11663628","11663827","19","77457389"
"chr3","89145574","89145855","chr5","147364916","147365197","39","58219342"
"chr3","89155022","89155329","chr2","11698171","11698474","36","77456851"
"chr3","89197973","89198284","chr1","40610787","40611094","39","48587186"
"chr3","89356428","89356727","chr2","11878409","11878690","44","77478019"
"chr3","89454407","89454710","chr16","74240002","74240299","38","15214405"
"chr3","89462640","89462932","chr3","127588321","127588617","48","38125681"
"chr3","89490756","89491062","chr2","12014932","12015233","35","77475824"
"chr3","89557479","89557772","chr2","12067956","12068244","36","77489523"
"chr3","89606037","89606339","chr2","12123167","12123457","35","77482870"
"chr3","89630759","89631058","chr2","12146122","12146432","35","77484637"
"chr3","89657197","89657492","chr14","15756054","15756351","31","73901143"
"chr3","89867672","89867961","chr15","17464101","17464391","38","72403571"
"chr3","89945967","89946122","chr9","60169079","60169227","27","29776888"
"chr3","90001341","90001592","chr15","100135046","100135297","41","10133705"
"chr3","90094420","90094755","chr17","5341323","5341650","48","84753097"
"chr3","90268706","90269006","chr4","7669219","7669513","48","82599487"
"chr3","90301113","90301398","chr6","175025449","175025731","37","84724336"
"chr3","90319051","90319346","chr2","12822883","12823185","28","77496168"
"chr3","90321123","90321258","chr10","29597170","29597304","12","60723953"
"chr3","90336819","90337105","chr2","12840908","12841194","17","77495911"
"chr3","90402668","90402956","chr2","12903192","12903492","28","77499476"
"chr3","90426982","90427193","chr1","25987435","25987643","44","64439547"
"chr3","90472096","90472292","chr2","12962723","12962934","36","77509373"
"chr3","90477697","90478012","chr3","132386044","132386347","55","41908347"
"chr3","90478859","90479040","chr19","12924575","12924752","27","77554284"
"chr3","90492731","90493008","chr4","28996365","28996638","46","61496366"
"chr3","90506263","90506564","chr5","51403573","51403869","40","39102690"
"chr3","90511419","90511698","chr2","13003189","13003462","40","77508230"
"chr3","90683070","90683362","chr2","13174443","13174736","27","77508627"
"chr3","90760335","90760568","chr2","13255193","13255425","21","77505142"
"chr3","90802521","90802834","chr1","202022761","202023065","48","111220240"
"chr3","90889443","90889735","chr2","13379518","13379818","40","77509925"
"chr3","90937633","90937805","chr2","75701337","75701508","29","15236296"
"chr3","91007479","91007742","chr2","13489525","13489800","41","77517954"
"chr3","91215157","91215453","chr11","47525504","47525800","39","43689653"
"chr3","91237291","91237591","chr2","13711762","13712063","22","77525529"
"chr3","91291637","91291930","chr5","170119366","170119655","42","78827729"
"chr3","91384848","91385137","chr4","34937539","34937830","35","56447309"
"chr3","91437954","91438274","chr1","78085342","78085651","57","13352612"
"chr3","91517396","91517680","chrX","9069308","9069592","35","82448088"
"chr3","91542854","91543108","chr1","19483246","19483499","44","72059608"
"chr3","91557448","91557753","chr7","17278877","17279171","49","74278571"
"chr3","91660148","91660439","chr16","10710589","10710878","33","80949559"
"chr3","91696881","91697164","chr8","101412178","101412459","38","9715297"
"chr3","91849062","91849353","chr9","96836308","96836599","36","4987246"
"chr3","91902907","91903131","chr16","6623869","6624095","40","85279038"
"chr3","91917238","91917526","chr11","132437462","132437750","39","40520224"
"chr3","91921339","91921570","chr13","61535202","61535432","39","30386137"
"chr3","92049139","92049462","chr2","14550880","14551184","49","77498259"
"chr3","92049590","92049907","chr2","14551308","14551618","31","77498282"
"chr3","92170147","92170300","chr5","18981785","18981938","21","73188362"
"chr3","92170386","92170520","chr7","67248169","67248300","22","24922217"
"chr3","92258954","92259265","chr2","14730919","14731229","38","77528035"
"chr3","92397367","92397652","chr2","14857183","14857479","30","77540184"
"chr3","92452149","92452452","chr2","14897315","14897624","28","77554834"
"chr3","92494270","92494557","chr2","14930700","14930973","49","77563570"
"chr3","92498461","92498712","chr9","95706321","95706558","39","3207860"
"chr3","92531597","92531753","chr14","106871058","106871209","31","14339461"
"chr3","97554116","97554404","chr1","213868476","213868762","50","116314360"
"chr3","97601423","97601726","chr2","14897315","14897624","32","82704108"
"chr3","97634621","97634887","chr2","14930700","14930973","45","82703921"
"chr3","97638627","97638878","chr9","95706321","95706558","45","1932306"
"chr3","97673451","97673606","chr4","108162884","108163039","22","10489433"
"chr3","97703157","97703424","chrX","124076108","124076372","36","26372951"
"chr3","97742509","97742801","chr2","15037543","15037848","35","82704966"
"chr3","97763596","97763893","chr2","15058878","15059179","37","82704718"
"chr3","97833509","97833803","chr1","31889744","31890030","39","65943765"
"chr3","97837456","97837779","chr2","15128914","15129212","45","82708542"
"chr3","97911474","97911790","chr2","15194437","15194750","29","82717037"
"chr3","98069827","98070068","chr2","15361318","15361575","34","82708509"
"chr3","98379470","98379603","chrX","2592837","2592968","19","95786633"
"chr3","98379614","98379790","chr16","53414256","53414427","26","44965358"
"chr3","98512181","98512306","chr9","97550947","97551073","15","961234"
"chr3","98555531","98555825","chr2","15814544","15814830","41","82740987"
"chr3","98576786","98577081","chr1","39824273","39824569","37","58752513"
"chr3","98587146","98587443","chr16","32194782","32195076","52","66392364"
"chr3","98657729","98658025","chr8","41814834","41815130","39","56842895"
"chr3","98749223","98749512","chr11","47485556","47485845","36","51263667"
"chr3","98825004","98825295","chr2","16074712","16075009","38","82750292"
"chr3","98858331","98858623","chr2","16104939","16105238","31","82753392"
"chr3","98864911","98865079","chr16","57296193","57296358","29","41568718"
"chr3","98897307","98897624","chr2","16158995","16159306","30","82738312"
"chr3","98939984","98940200","chr17","19340513","19340722","39","79599471"
"chr3","98947651","98947847","chr11","2904691","2904882","29","96042960"
"chr3","99017757","99017992","chr2","16286169","16286409","24","82731588"
"chr3","99036615","99036922","chr2","16304736","16305042","17","82731879"
"chr3","99060761","99060962","chr2","204638025","204638229","30","105577264"
"chr3","99104744","99104828","chr2","16373245","16373329","10","82731499"
"chr3","99105290","99105533","chr2","16373791","16374032","26","82731499"
"chr3","99120043","99120333","chr2","16389154","16389447","30","82730889"
"chr3","99157719","99158023","chr3","55556828","55557129","31","43600891"
"chr3","99277235","99277548","chr4","110915783","110916091","41","11638548"
"chr3","99318979","99319240","chr1","37954757","37955032","47","61364222"
"chr3","99570664","99570947","chr15","79894939","79895223","44","19675725"
"chr3","99620724","99621012","chr2","16870730","16871028","42","82749994"
"chr3","99636346","99636514","chr19","53473783","53473951","32","46162563"
"chr3","99641273","99641556","chr2","16894049","16894328","22","82747224"
"chr3","99830669","99830986","chr16","39659210","39659522","42","60171459"
"chr3","99919052","99919206","chr19","41289079","41289217","27","58629973"
"chr3","99929862","99930141","chr5","69767342","69767623","40","30162520"
"chr3","99960763","99961068","chr3","181853436","181853729","52","81892673"
"chr3","100038811","100039123","chr2","17288708","17289015","36","82750103"
"chr3","100455655","100455915","chr2","17703579","17703839","31","82752076"
"chr3","100531380","100531676","chr4","105401676","105401972","37","4870296"
"chr3","100621196","100621445","chr9","95585760","95586015","39","5035436"
"chr3","100669329","100669595","chr14","78760726","78760991","38","21908603"
"chr3","100678439","100678749","chr20","20820684","20820991","43","79857755"
"chr3","100758072","100758238","chr14","118920793","118920963","29","18162721"
"chr3","100871845","100872142","chr2","18120066","18120360","37","82751779"
"chr3","100916692","100917002","chr2","18167373","18167684","24","82749319"
"chr3","100954370","100954667","chr14","7643073","7643368","39","93311297"
"chr3","101022566","101022847","chrX","134927165","134927447","32","33904599"
"chr3","101108884","101109181","chr2","164968120","164968422","49","63859236"
"chr3","101258759","101259054","chr2","18501087","18501383","27","82757672"
"chr3","101269104","101269389","chr8","84827832","84828114","44","16441272"
"chr3","101531834","101532146","chr2","18766245","18766557","34","82765589"
"chr3","101637866","101638153","chr2","18876557","18876844","25","82761309"
"chr3","101722656","101722956","chr2","18956518","18956812","26","82766138"
"chr3","101729807","101729950","chr1","25185932","25186082","29","76543875"
"chr3","101776321","101776589","chr5","84772127","84772398","46","17004194"
"chr3","101780802","101781113","chr1","24173970","24174272","43","77606832"
"chr3","101807159","101807431","chr2","19048156","19048432","30","82759003"
"chr3","101845475","101845737","chr11","131208711","131208979","45","29363236"
"chr3","101895431","101895738","chr2","19070174","19070482","37","82825257"
"chr3","101938226","101938522","chr15","92577340","92577639","55","9360886"
"chr3","101970924","101971229","chr2","19070174","19070482","27","82900750"
"chr3","101996687","101996992","chr9","52011680","52011987","38","49985007"
"chr3","102053049","102053346","chr2","19112431","19112723","33","82940618"
"chr3","102112391","102112622","chr1","53363128","53363358","28","48749263"
"chr3","102120748","102121030","chr7","137462765","137463047","45","35342017"
"chr3","102130003","102130205","chrX","9150025","9150226","22","92979978"
"chr3","102166434","102166727","chr2","19244169","19244457","29","82922265"
"chr3","102229630","102229921","chr17","24776910","24777200","45","77452720"
"chr3","102342234","102342539","chr2","19371634","19371937","26","82970600"
"chr3","102354345","102354478","chr7","52682488","52682622","12","49671857"
"chr3","102368875","102369184","chr6","148693439","148693748","38","46324564"
"chr3","102377919","102378204","chr2","19412650","19412932","21","82965269"
"chr3","102390271","102390581","chr1","7046394","7046704","41","95343877"
"chr3","102412018","102412291","chr2","19443985","19444242","37","82968033"
"chr3","102477967","102478245","chr2","19491286","19491580","34","82986681"
"chr3","102519964","102520265","chr2","19535653","19535956","23","82984311"
"chr3","102578955","102579254","chr1","117344868","117345161","38","14765913"
"chr3","102631420","102631717","chr13","57076552","57076848","31","45554868"
"chr3","102706363","102706648","chr3","101248000","101248285","46","1458363"
"chr3","102802283","102802540","chr2","19854979","19855236","19","82947304"
"chr3","102957731","102957971","chr15","110085745","110085981","47","7128014"
"chr3","102957972","102958077","chrX","63155876","63155980","13","39802096"
"chr3","103058892","103059022","chr5","3251194","3251329","15","99807698"
"chr3","103059975","103060149","chr1","188132162","188132337","30","85072187"
"chr3","103062587","103062899","chr2","20128173","20128486","37","82934414"
"chr3","103108095","103108366","chr2","20229107","20229378","33","82878988"
"chr3","103176412","103176701","chr16","740941","741230","33","102435471"
"chr3","103333886","103334184","chr8","93237278","93237575","39","10096608"
"chr3","103351400","103351645","chr12","83454543","83454783","41","19896857"
"chr3","103366300","103366591","chr13","75157859","75158148","31","28208441"
"chr3","103374281","103374540","chr2","20508163","20508427","24","82866118"
"chr3","103384471","103384617","chr7","137476596","137476751","49","34092125"
"chr3","103428463","103428744","chr2","20562340","20562624","28","82866123"
"chr3","103558687","103558985","chr3","156675075","156675373","35","53116388"
"chr3","103570204","103570514","chr2","20696628","20696937","30","82873576"
"chr3","103657967","103658275","chr2","20787080","20787384","33","82870887"
"chr3","103719868","103720161","chr1","165353981","165354272","32","61634113"
"chr3","103752534","103752798","chr2","20886167","20886453","43","82866367"
"chr3","103787165","103787177","chr3","8283807","8283820","1","95503358"
"chr3","103789877","103790156","chr2","20925296","20925581","26","82864581"
"chr3","103827052","103827361","chr17","21231075","21231385","33","82595977"
"chr3","103846801","103847111","chr7","26853365","26853670","41","76993436"
"chr3","103915634","103915758","chr14","115777206","115777329","15","11861572"
"chr3","103915869","103916036","chrX","557444","557611","22","103358425"
"chr3","103962887","103963172","chr2","21104358","21104652","30","82858529"
"chr3","103977263","103977557","chrX","41155740","41156033","35","62821523"
"chr3","103988034","103988333","chr14","19098861","19099159","32","84889173"
"chr3","104041363","104041662","chr1","24173970","24174272","39","79867393"
"chr3","104055081","104055325","chr2","21198059","21198300","23","82857022"
"chr3","104058172","104058464","chr7","43067043","43067333","36","60991129"
"chr3","104062204","104062405","chr15","104600726","104600924","39","538522"
"chr3","104069351","104069643","chr2","18501087","18501383","34","85568264"
"chr3","104093743","104094048","chr2","21237741","21238045","37","82856002"
"chr3","104116661","104116955","chr20","42256252","42256545","38","61860409"
"chr3","104119542","104119790","chr10","20819513","20819760","36","83300029"
"chr3","104119853","104120151","chr2","21264271","21264566","24","82855582"
"chr3","104132574","104132783","chr7","32729330","32729532","40","71403244"
"chr3","104156080","104156387","chr2","21298488","21298794","35","82857592"
"chr3","104168423","104168723","chr5","92640792","92641094","39","11527631"
"chr3","104173765","104174077","chr19","33757332","33757643","36","70416433"
"chr3","104174672","104174962","chr2","21315820","21316121","33","82858852"
"chr3","104181670","104181964","chr1","43370416","43370709","36","60811254"
"chr3","104210100","104210408","chr2","21347727","21348051","36","82862373"
"chr3","104290209","104290515","chr7","81771278","81771588","36","22518931"
"chr3","104308338","104308554","chr20","69281148","69281373","34","35027190"
"chr3","104322167","104322477","chr14","10686632","10686937","33","93635535"
"chr3","104348103","104348410","chr6","76832194","76832500","40","27515909"
"chr3","104354851","104355164","chr2","21483960","21484263","37","82870891"
"chr3","104378123","104378420","chr14","15756054","15756351","26","88622069"
"chr3","104394880","104395186","chr20","20236217","20236530","62","84158663"
"chr3","104413434","104413731","chr2","95264224","95264518","42","9149210"
"chr3","104442743","104443041","chr2","21616417","21616708","28","82826326"
"chr3","104478248","104478415","chr10","79681748","79681907","25","24796500"
"chr3","104491468","104491778","chr2","21661710","21662012","24","82829758"
"chr3","104622321","104622617","chrX","23393873","23394172","41","81228448"
"chr3","104636419","104636719","chr2","21805902","21806198","29","82830517"
"chr3","104718722","104719018","chr2","21887494","21887801","34","82831228"
"chr3","104728525","104728827","chr12","107131131","107131428","36","2402606"
"chr3","104821247","104821464","chr1","160602072","160602294","41","55780825"
"chr3","104822735","104823033","chrX","8591299","8591598","30","96231436"
"chr3","105048039","105048338","chr2","22214395","22214681","36","82833644"
"chr3","105058757","105059051","chr13","10186981","10187268","34","94871776"
"chr3","105134530","105134817","chr2","22307918","22308212","30","82826612"
"chr3","105142685","105142920","chr4","130475884","130476119","32","25333199"
"chr3","105142976","105143272","chr2","22316538","22316832","29","82826438"
"chr3","105271952","105272246","chr13","26204479","26204777","38","79067473"
"chr3","105286437","105286589","chr11","106695672","106695840","38","1409235"
"chr3","105286886","105286974","chr1","114207374","114207463","12","8920488"
"chr3","105308992","105309289","chr7","82857647","82857949","26","22451345"
"chr3","105309960","105310243","chrX","40673024","40673315","41","64636936"
"chr3","105312801","105313086","chr2","22481644","22481925","42","82831157"
"chr3","105324976","105325287","chrX","39918091","39918400","42","65406885"
"chr3","105333086","105333387","chr6","49699191","49699492","39","55633895"
"chr3","105339522","105339824","chr2","22513951","22514257","18","82825571"
"chr3","105345152","105345443","chr2","22518259","22518554","27","82826893"
"chr3","105352210","105352352","chr10","31225194","31225326","39","74127016"
"chr3","105352367","105352557","chr15","6947556","6947744","23","98404811"
"chr3","105357868","105358178","chr1","23689242","23689547","57","81668626"
"chr3","105370265","105370571","chr2","22544664","22544977","36","82825601"
"chr3","105378054","105378352","chr2","22552943","22553245","28","82825111"
"chr3","105380777","105381087","chr4","25025578","25025888","41","80355199"
"chr3","105383340","105383640","chr1","112517831","112518130","30","7134491"
"chr3","105396201","105396485","chr2","22583630","22583916","28","82812571"
"chr3","105397822","105398111","chr2","22585268","22585556","21","82812554"
"chr3","105400146","105400302","chr3","160490400","160490565","25","55090254"
"chr3","105411094","105411369","chr1","31889744","31890030","46","73521350"
"chr3","105413241","105413398","chr1","161409822","161409970","26","55996581"
"chr3","105422299","105422592","chr2","22600859","22601167","35","82821440"
"chr3","105441012","105441164","chr11","67342046","67342194","24","38098966"
"chr3","105442861","105443128","chr12","30208839","30209119","40","75234022"
"chr3","105450489","105450797","chrX","44430904","44431208","44","61019585"
"chr3","105483889","105484189","chr9","120926659","120926958","34","15442770"
"chr3","105486542","105486668","chr2","97432022","97432149","16","8054520"
"chr3","105487355","105487459","chr6","177202453","177202553","18","71715098"
"chr3","105489722","105489878","chr6","143310132","143310288","30","37820410"
"chr3","105499656","105499734","chr10","29888170","29888254","18","75611486"
"chr3","105499746","105499994","chr10","59910337","59910584","40","45589409"
"chr3","105598816","105599092","chr11","12463145","12463418","51","93135671"
"chr3","105659041","105659334","chr14","15756054","15756351","35","89902987"
"chr3","105673962","105674271","chr2","22837011","22837318","35","82836951"
"chr3","105735721","105735983","chr8","127225775","127226038","36","21490054"
"chr3","105735984","105736089","chr14","86784518","86784621","19","18951466"
"chr3","105736869","105737037","chr16","43272620","43272787","21","62464249"
"chr3","105741945","105742038","chr2","22911758","22911851","8","82830187"
"chr3","105857137","105857430","chr2","23030035","23030335","36","82827102"
"chr3","106226721","106227015","chr2","23406697","23406993","24","82820024"
"chr3","106244419","106244717","chr3","1691355","1691649","30","104553064"
"chr3","106255522","106255809","chr2","23436203","23436492","39","82819319"
"chr3","106275656","106275952","chr4","107698908","107699205","39","1423252"
"chr3","106312206","106312492","chr4","7405019","7405304","51","98907187"
"chr3","106315748","106316039","chr2","23505313","23505608","25","82810435"
"chr3","106466967","106467238","chr16","48893966","48894231","42","57573001"
"chr3","106481039","106481334","chr1","9680447","9680744","36","96800592"
"chr3","106512227","106512501","chr2","23707576","23707857","27","82804651"
"chr3","106517525","106517739","chr4","116777080","116777297","36","10259555"
"chr3","106562964","106563279","chr8","48178964","48179276","39","58384000"
"chr3","106953989","106954299","chr15","30561481","30561792","34","76392508"
"chr3","107063901","107064030","chr11","65596826","65596954","17","41467075"
"chr3","107084561","107084864","chr2","24268996","24269306","44","82815565"
"chr3","107142896","107143170","chr2","46085532","46085804","50","61057364"
"chr3","107309939","107310202","chr11","101627371","101627629","38","5682568"
"chr3","107425996","107426148","chr1","202825790","202825940","29","95399794"
"chr3","107426184","107426302","chr2","24604769","24604885","11","82821415"
"chr3","107689100","107689395","chr2","188396935","188397237","46","80707835"
"chr3","108234898","108235219","chr9","96018903","96019206","58","12215995"
"chr3","108392032","108392343","chr2","25309653","25309959","35","83082379"
"chr3","108444582","108444828","chr16","16106495","16106735","42","92338087"
"chr3","108541017","108541183","chr9","123409232","123409403","22","14868215"
"chr3","108610076","108610385","chr2","25559186","25559495","41","83050890"
"chr3","108641823","108642141","chr8","123788409","123788721","52","15146586"
"chr3","108680317","108680628","chr1","213668791","213669099","41","104988474"
"chr3","108692664","108692946","chr2","25634377","25634669","41","83058287"
"chr3","108696659","108696910","chr1","41686550","41686797","55","67010109"
"chr3","108700788","108700951","chr4","4726770","4726935","29","103974018"
"chr3","108755999","108756292","chr4","132398087","132398377","41","23642088"
"chr3","108974376","108974672","chr2","25911414","25911714","29","83062962"
"chr3","108987442","108987737","chrX","40673024","40673315","39","68314418"
"chr3","108991230","108991530","chr2","25927954","25928250","40","83063276"
"chr3","108996072","108996368","chr7","45576424","45576717","37","63419648"
"chr3","109059718","109060020","chr2","25996154","25996457","32","83063564"
"chr3","109075984","109076290","chr2","26010344","26010654","28","83065640"
"chr3","109112764","109113067","chr17","31366515","31366817","35","77746249"
"chr3","109266692","109266967","chr5","51170047","51170316","37","58096645"
"chr3","109366675","109366809","chr7","67248169","67248300","22","42118506"
"chr3","109371689","109371983","chr8","96020005","96020303","38","13351684"
"chr3","109414853","109414972","chr12","52961839","52961956","17","56453014"
"chr3","109519915","109520143","chr1","8187378","8187607","43","101332537"
"chr3","109521893","109522192","chr2","95270105","95270405","57","14251788"
"chr3","109626219","109626548","chr1","219432559","219432887","53","109806340"
"chr3","109641173","109641481","chr10","72366392","72366697","41","37274781"
"chr3","109644189","109644498","chr4","36466464","36466771","40","73177725"
"chr3","109660854","109661149","chr14","15756054","15756351","35","93904800"
"chr3","109673042","109673356","chr2","26599171","26599487","40","83073871"
"chr3","109699800","109700091","chr2","26626413","26626690","45","83073387"
"chr3","109854154","109854465","chr10","36833732","36834037","40","73020422"
"chr3","109875980","109876223","chr7","135599140","135599379","29","25723160"
"chr3","109978763","109979065","chr16","9816171","9816470","31","100162592"
"chr3","110139434","110139721","chr2","27117024","27117322","36","83022410"
"chr3","110190708","110191018","chr2","203002804","203003111","39","92812096"
"chr3","110206474","110206783","chr10","38609403","38609714","35","71597071"
"chr3","110235532","110235844","chr16","62419241","62419552","34","47816291"
"chr3","110287322","110287471","chr10","59907389","59907536","21","50379933"
"chr3","110321728","110322023","chr2","27305053","27305354","26","83016675"
"chr3","110476879","110477174","chr2","27453516","27453819","40","83023363"
"chr3","110760245","110760540","chr2","27707285","27707582","30","83052960"
"chr3","110769033","110769200","chr12","21747310","21747475","42","89021723"
"chr3","110788150","110788359","chr10","77155629","77155828","36","33632521"
"chr3","110790062","110790162","chr1","94182742","94182844","16","16607320"
"chr3","110809282","110809592","chr3","41046281","41046591","42","69763001"
"chr3","110815470","110815767","chr18","4466641","4466944","44","106348829"
"chr3","110841392","110841689","chr2","94514610","94514903","39","16326782"
"chr3","110842910","110843203","chr2","27793031","27793327","23","83049879"
"chr3","110877160","110877459","chr17","7324483","7324788","41","103552677"
"chr3","110921876","110922136","chr10","45104627","45104885","47","65817249"
"chr3","110986424","110986725","chr2","27974511","27974805","32","83011913"
"chr3","110994815","110995120","chr7","113559810","113560113","34","2564995"
"chr3","111043349","111043626","chr19","2388975","2389250","43","108654374"
"chr3","111069703","111069984","chr13","69045473","69045753","36","42024230"
"chr3","111139347","111139617","chr2","28119774","28120046","27","83019573"
"chr3","111149571","111149863","chr2","28130091","28130393","28","83019480"
"chr3","111185719","111186017","chr2","28165252","28165551","30","83020467"
"chr3","111313959","111314119","chr16","3098326","3098486","25","108215633"
"chr3","111364554","111364845","chr2","28337714","28338010","30","83026840"
"chr3","111402219","111402341","chr16","487174","487296","19","110915045"
"chr3","111407502","111407661","chr16","43272620","43272787","37","68134882"
"chr3","111421118","111421426","chr10","12541086","12541391","38","98880032"
"chr3","111464351","111464653","chrX","13843804","13844107","35","97620547"
"chr3","111625267","111625563","chr2","28654905","28655210","32","82970362"
"chr3","111647613","111647909","chr9","20880110","20880404","39","90767503"
"chr3","111651566","111651853","chr2","28676247","28676547","42","82975319"
"chr3","111698932","111699243","chr6","88423486","88423792","43","23275446"
"chr3","111754554","111754857","chr2","28777586","28777892","22","82976968"
"chr3","111927576","111927889","chr2","28942902","28943211","25","82984674"
"chr3","112093025","112093328","chr1","128601266","128601567","28","16508241"
"chr3","112134643","112134945","chr2","29151490","29151788","21","82983153"
"chr3","112168168","112168445","chr2","29187465","29187737","31","82980703"
"chr3","112198781","112199087","chr8","131575102","131575406","34","19376321"
"chr3","112215194","112215477","chr2","59915159","59915440","39","52300035"
"chr3","112370353","112370647","chr7","96880673","96880966","34","15489680"
"chr3","112447029","112447331","chr2","29460247","29460551","22","82986782"
"chr3","112522326","112522618","chr2","29530492","29530801","44","82991834"
"chr3","112527868","112528074","chr10","84591133","84591339","25","27936735"
"chr3","112531013","112531311","chr2","29537945","29538251","34","82993068"
"chr3","112593100","112593405","chr20","41582621","41582926","49","71010479"
"chr3","112668283","112668574","chr1","9182014","9182306","37","103486269"
"chr3","112782317","112782620","chr2","29806233","29806531","31","82976084"
"chr3","112856807","112857077","chr2","29873015","29873287","28","82983792"
"chr3","112889881","112890163","chr2","29911557","29911846","37","82978324"
"chr3","113103273","113103555","chr2","30122471","30122768","35","82980802"
"chr3","113128438","113128749","chr16","54990041","54990342","35","58138397"
"chr3","113153267","113153578","chr5","41011643","41011957","37","72141624"
"chr3","113190130","113190399","chr2","30219488","30219763","25","82970642"
"chr3","113196031","113196320","chr2","30225394","30225691","33","82970637"
"chr3","113201013","113201321","chr2","30230487","30230795","34","82970526"
"chr3","113300997","113301289","chr9","97048027","97048321","36","16252970"
"chr3","113334882","113335163","chr15","29232956","29233238","35","84101926"
"chr3","113339890","113340183","chr2","30380482","30380777","37","82959408"
"chr3","113343088","113343393","chr2","30383372","30383682","37","82959716"
"chr3","113344147","113344456","chr15","42266168","42266476","31","71077979"
"chr3","113351097","113351398","chr19","10184281","10184573","43","103166816"
"chr3","113353406","113353706","chr3","68899233","68899528","37","44454173"
"chr3","113356393","113356517","chrX","117855294","117855417","17","4498901"
"chr3","113360457","113360526","chr7","11092831","11092900","9","102267626"
"chr3","113385699","113385933","chr2","30430740","30430988","36","82954959"
"chr3","113393010","113393285","chr2","30438333","30438606","41","82954677"
"chr3","113396138","113396345","chr4","116777080","116777297","39","3380942"
"chr3","113401922","113402216","chr1","45936026","45936323","46","67465896"
"chr3","113403835","113404009","chr11","100145397","100145567","25","13258438"
"chr3","113418101","113418390","chr19","12568252","12568536","42","100849849"
"chr3","113419200","113419313","chr20","54454239","54454355","13","58964961"
"chr3","113419760","113420032","chr2","30469500","30469765","31","82950260"
"chr3","113423048","113423373","chr2","30471695","30472026","47","82951353"
"chr3","113424692","113424978","chr2","30474699","30474969","30","82949993"
"chr3","113427292","113427592","chr14","7643073","7643368","41","105784219"
"chr3","113435499","113435799","chr15","27419747","27420041","35","86015752"
"chr3","113446151","113446450","chr7","165267923","165268219","33","51821772"
"chr3","113458495","113458638","chr3","128576933","128577067","43","15118438"
"chr3","113459661","113459963","chrX","114883322","114883623","29","1423661"
"chr3","113462111","113462397","chr12","87070130","87070419","37","26391981"
"chr3","113468896","113469184","chr4","156276476","156276764","37","42807580"
"chr3","113475992","113476215","chr4","116777080","116777297","39","3301088"
"chr3","113489854","113490011","chr1","223601810","223601966","28","110111956"
"chr3","113506161","113506469","chr15","24773828","24774143","45","88732333"
"chr3","113528708","113528721","chr3","42571363","42571377","1","70957345"
"chr3","113531237","113531534","chr14","124700416","124700713","32","11169179"
"chr3","113563429","113563728","chr2","30624108","30624399","43","82939321"
"chr3","113634739","113634999","chr2","30685933","30686214","42","82948806"
"chr3","113840527","113840815","chr3","36442876","36443174","38","77397651"
"chr3","114010807","114011111","chr2","31045247","31045557","34","82965560"
"chr3","114176509","114176679","chr19","32197775","32197948","30","81978734"
"chr3","114198154","114198447","chr8","101704367","101704661","36","12493787"
"chr3","114207718","114207987","chr9","84562635","84562893","51","29645083"
"chr3","114272464","114272746","chr1","37623538","37623823","39","76648926"
"chr3","114321620","114321925","chr2","31315684","31315994","31","83005936"
"chr3","114434518","114434832","chr2","31427301","31427616","37","83007217"
"chr3","114437099","114437431","chr16","71903920","71904246","47","42533179"
"chr3","114642734","114643021","chr1","39936306","39936577","60","74706428"
"chr3","114811675","114811957","chr2","31816956","31817239","22","82994719"
"chr3","115025217","115025509","chr2","32032458","32032761","32","82992759"
"chr3","115073368","115073654","chr18","49418161","49418444","33","65655207"
"chr3","115092087","115092400","chr4","55008882","55009189","30","60083205"
"chr3","115204190","115204487","chr2","32214154","32214433","41","82990036"
"chr3","115782540","115782847","chr12","106930268","106930572","43","8852272"
"chr3","115819879","115820175","chr2","32820257","32820557","33","82999622"
"chr3","115837031","115837331","chr2","32832269","32832568","32","83004762"
"chr3","115865884","115866054","chr14","118920793","118920963","29","3054909"
"chr3","115876629","115876939","chrX","23558557","23558868","37","92318072"
"chr3","115896165","115896465","chr8","97726492","97726789","43","18169673"
"chr3","115934120","115934415","chr2","32929570","32929873","34","83004550"
"chr3","116066599","116066883","chr2","33060428","33060709","33","83006171"
"chr3","116141341","116141631","chr11","132437462","132437750","36","16296121"
"chr3","116244600","116244912","chr2","33236288","33236597","35","83008312"
"chr3","116250685","116250978","chr10","31415491","31415793","40","84835194"
"chr3","116381418","116381724","chr15","30441696","30442004","35","85939722"
"chr3","116431596","116431879","chr2","33425476","33425759","29","83006120"
"chr3","116439078","116439387","chr12","58751734","58752032","39","57687344"
"chr3","116444606","116444812","chr7","95222121","95222323","41","21222485"
"chr3","116444920","116444998","chr7","130361831","130361915","12","13916911"
"chr3","116466683","116466981","chr2","33462500","33462808","32","83004183"
"chr3","116477964","116478270","chr2","33475042","33475345","23","83002922"
"chr3","116557709","116558003","chr7","169588830","169589125","32","53031121"
"chr3","116721227","116721523","chr2","33758453","33758753","29","82962774"
"chr3","116803692","116804003","chr1","26347523","26347832","41","90456169"
"chr3","116806159","116806434","chr3","87559112","87559386","39","29247047"
"chr3","116873798","116874010","chr2","204638025","204638229","36","87764227"
"chr3","116892460","116892763","chr7","54800820","54801122","37","62091640"
"chr3","116892810","116893119","chr3","40731906","40732215","39","76160904"
"chr3","116947682","116947979","chr4","130718806","130719111","56","13771124"
"chr3","116970798","116971101","chr6","129934590","129934892","39","12963792"
"chr3","117069798","117070099","chr13","65679340","65679641","41","51390458"
"chr3","117074368","117074651","chr2","34054059","34054328","43","83020309"
"chr3","117100085","117100380","chr6","101656274","101656571","45","15443811"
"chr3","117109781","117110080","chrX","147585707","147586004","31","30475926"
"chr3","117147961","117148265","chr10","28635803","28636106","30","88512158"
"chr3","117148315","117148458","chr19","18834710","18834847","19","98313605"
"chr3","117271029","117271166","chr12","2753063","2753206","31","114517966"
"chr3","117408204","117408311","chr9","129507036","129507146","21","12098832"
"chr3","117450898","117451203","chr2","34426962","34427276","29","83023936"
"chr3","117505289","117505577","chr2","34479979","34480276","29","83025310"
"chr3","117550470","117550661","chr10","10670434","10670621","33","106880036"
"chr3","117581264","117581569","chr2","34550683","34550972","35","83030581"
"chr3","117586487","117586777","chr2","34562651","34562935","26","83023836"
"chr3","117605826","117606135","chr20","41582621","41582926","44","76023205"
"chr3","117606845","117607146","chr14","12437980","12438283","37","105168865"
"chr3","117608726","117609031","chr2","203095842","203096145","38","85487116"
"chr3","117634847","117635137","chr10","67252084","67252371","39","50382763"
"chr3","117652709","117653000","chr6","158513829","158514121","36","40861120"
"chr3","117668295","117668602","chr2","34637806","34638112","23","83030489"
"chr3","117668898","117669210","chr2","34638411","34638702","43","83030487"
"chr3","117672233","117672537","chr2","34641839","34642141","25","83030394"
"chr3","117681982","117682291","chr7","53253342","53253651","38","64428640"
"chr3","117715957","117716231","chr4","170940635","170940905","41","53224678"
"chr3","117733502","117733802","chr2","34698333","34698625","30","83035169"
"chr3","117735612","117735893","chr1","48022250","48022529","40","69713362"
"chr3","117737810","117738110","chr2","34702680","34702977","20","83035130"
"chr3","117758121","117758419","chr2","34722832","34723135","31","83035289"
"chr3","117765672","117765857","chr20","48099756","48099935","27","69665916"
"chr3","117775542","117775730","chr1","23379912","23380121","48","94395630"
"chr3","117778072","117778384","chr3","106650344","106650655","47","11127728"
"chr3","117796164","117796470","chr2","34762787","34763096","34","83033377"
"chr3","117825614","117825728","chrX","23895961","23896086","23","93929653"
"chr3","117829258","117829543","chr2","34797005","34797290","29","83032253"
"chr3","117853520","117853830","chr9","96018903","96019206","40","21834617"
"chr3","117857741","117857948","chr16","44901254","44901459","26","72956487"
"chr3","117858251","117858545","chr2","34824897","34825183","31","83033354"
"chr3","117867534","117867846","chr2","34834245","34834555","22","83033289"
"chr3","117875978","117876278","chr2","34843302","34843602","29","83032676"
"chr3","117883379","117883694","chr2","34854713","34855029","23","83028666"
"chr3","117883980","117884281","chr6","73393768","73394067","34","44490212"
"chr3","117885170","117885464","chr2","34856527","34856819","30","83028643"
"chr3","117890395","117890674","chr2","34861370","34861651","32","83029025"
"chr3","117902223","117902530","chr1","166387645","166387949","36","48485422"
"chr3","117910234","117910536","chr16","53229261","53229562","35","64680973"
"chr3","117914139","117914318","chr6","54353661","54353847","30","63560478"
"chr3","117916814","117916975","chr2","34886050","34886220","21","83030764"
"chr3","117917271","117917435","chr2","34886512","34886676","17","83030759"
"chr3","117922693","117922978","chr2","34891150","34891432","31","83031543"
"chr3","117925874","117926163","chr3","42101864","42102152","51","75824010"
"chr3","117939462","117939770","chr2","34907790","34908102","26","83031672"
"chr3","117971611","117971777","chr2","34937590","34937756","11","83034021"
"chr3","118001069","118001317","chr13","108196849","108197098","35","9804220"
"chr3","118033494","118033790","chr2","35001214","35001508","26","83032280"
"chr3","118091749","118091922","chr1","9340804","9340975","29","108750945"
"chr3","118116542","118116833","chr1","41691570","41691860","38","76424972"
"chr3","118121906","118122216","chr2","35087533","35087846","33","83034373"
"chr3","118129285","118129574","chr2","35095282","35095573","33","83034003"
"chr3","118130124","118130396","chr2","35096109","35096390","42","83034015"
"chr3","118141986","118142227","chr10","61029967","61030201","36","57112019"
"chr3","118148815","118149108","chr2","35114927","35115223","27","83033888"
"chr3","118162011","118162307","chr2","35129075","35129378","33","83032936"
"chr3","118180727","118180859","chr1","161382752","161382881","15","43202025"
"chr3","118188040","118188347","chr2","35154410","35154723","33","83033630"
"chr3","118188754","118189051","chr2","35155157","35155458","25","83033597"
"chr3","118222990","118223297","chr8","6545261","6545567","36","111677729"
"chr3","118300119","118300427","chr2","35269867","35270172","28","83030252"
"chr3","118405102","118405400","chr2","35377157","35377456","19","83027945"
"chr3","118515677","118515988","chr2","35488567","35488877","27","83027110"
"chr3","118551961","118552268","chr1","65026569","65026883","39","53525392"
"chr3","118664767","118665092","chr2","35639950","35640271","30","83024817"
"chr3","118728748","118729047","chr7","136620200","136620498","38","17891452"
"chr3","118795121","118795417","chr7","165814798","165815093","40","47019677"
"chr3","118800895","118801185","chr20","8006906","8007198","42","110793989"
"chr3","118996602","118996897","chr2","36012328","36012622","25","82984274"
"chr3","119011235","119011539","chr2","36026930","36027238","22","82984305"
"chr3","119157232","119157527","chr7","165267923","165268219","35","46110691"
"chr3","119158010","119158296","chr17","29335507","29335791","41","89822503"
"chr3","119175662","119175923","chr2","36187832","36188110","44","82987830"
"chr3","119220927","119221226","chr2","36231615","36231914","20","82989312"
"chr3","119260185","119260489","chr2","36282653","36282963","32","82977532"
"chr3","119336974","119337280","chr7","68708818","68709123","42","50628156"
"chr3","119513241","119513525","chr2","36529358","36529643","46","82983883"
"chr3","119677865","119678169","chr2","36687784","36688091","26","82990081"
"chr3","119734420","119734715","chr2","36747682","36747982","31","82986738"
"chr3","119837725","119837996","chr2","36841414","36841685","32","82996311"
"chr3","119849419","119849705","chr3","62999264","62999556","39","56850155"
"chr3","119933506","119933807","chr2","36935752","36936042","35","82997754"
"chr3","119979170","119979459","chr2","36980985","36981271","23","82998185"
"chr3","120070580","120070628","chr9","99178070","99178121","20","20892510"
"chr3","120134386","120134676","chr2","37152440","37152730","28","82981946"
"chr3","120278119","120278410","chr2","37292439","37292730","15","82985680"
"chr3","120299319","120299606","chr2","37314579","37314860","32","82984740"
"chr3","120371586","120371881","chr6","67364171","67364463","35","53007415"
"chr3","120549471","120549758","chr2","37570072","37570365","31","82979399"
"chr3","120662474","120662754","chr12","113818822","113819105","43","6843652"
"chr3","120662791","120663097","chr2","107885379","107885685","39","12777412"
"chr3","120872464","120872781","chr9","22034145","22034451","39","98838319"
"chr3","120948606","120948908","chr2","203095842","203096145","37","82147236"
"chr3","120966531","120966810","chr2","37996218","37996498","35","82970313"
"chr3","121052117","121052420","chr1","86880128","86880433","36","34171989"
"chr3","121081997","121082311","chr2","38113990","38114295","41","82968007"
"chr3","121171547","121171857","chr2","38205804","38206118","37","82965743"
"chr3","121188070","121188299","chr6","56511093","56511315","34","64676977"
"chr3","121222067","121222372","chr6","175693184","175693488","39","54471117"
"chr3","121241132","121241438","chr2","44278715","44279014","44","76962417"
"chr3","121437448","121437665","chr19","10979398","10979617","39","110458050"
"chr3","121439134","121439393","chr2","38474862","38475124","30","82964272"
"chr3","121627059","121627356","chr2","38666762","38667065","28","82960297"
"chr3","121638742","121639021","chr8","37432558","37432838","36","84206184"
"chr3","121722956","121723237","chr2","38764242","38764529","33","82958714"
"chr3","121739099","121739266","chr9","23341542","23341701","39","98397557"
"chr3","121791406","121791705","chr12","81710970","81711266","37","40080436"
"chr3","122109867","122110147","chrX","16786018","16786300","38","105323849"
"chr3","122129018","122129321","chr3","166005666","166005965","33","43876648"
"chr3","122540695","122541006","chr3","72031578","72031886","38","50509117"
"chr3","122651193","122651470","chr2","39763969","39764266","37","82887224"
"chr3","122793476","122793737","chr1","139650554","139650817","30","16857078"
"chr3","122824133","122824484","chr11","32612650","32612989","51","90211483"
"chr3","122863086","122863394","chrX","23558557","23558868","36","99304529"
"chr3","122864522","122864836","chr14","4373721","4374028","38","118490801"
"chr3","122978924","122979215","chr18","20505848","20506142","31","102473076"
"chr3","123035327","123035459","chr10","84807619","84807755","16","38227708"
"chr3","123072496","123072806","chr2","40205971","40206284","19","82866525"
"chr3","123096332","123096642","chr2","40219717","40220013","41","82876615"
"chr3","123120510","123120819","chr11","56487178","56487481","43","66633332"
"chr3","123123077","123123376","chr6","15191038","15191336","48","107932039"
"chr3","123171468","123171765","chr2","40279688","40279996","30","82891780"
"chr3","123239581","123239879","chr14","15756054","15756351","37","107483527"
"chr3","123247477","123247780","chr2","40368641","40368947","28","82878836"
"chr3","123294190","123294498","chr2","69230000","69230307","34","54064190"
"chr3","123308169","123308478","chr2","40433846","40434149","37","82874323"
"chr3","123352410","123352709","chr2","40477540","40477825","40","82874870"
"chr3","123357992","123358304","chr8","37882441","37882748","34","85475551"
"chr3","123385461","123385520","chr1","168754306","168754362","12","45368845"
"chr3","123387094","123387405","chr2","40512328","40512635","20","82874766"
"chr3","123389750","123390064","chr2","40515333","40515649","29","82874417"
"chr3","123474465","123474766","chr2","26801515","26801815","34","96672950"
"chr3","123477679","123477964","chr3","142562986","142563268","41","19085307"
"chr3","123502746","123503045","chr2","40628520","40628815","29","82874226"
"chr3","123505249","123505545","chr2","40630965","40631247","29","82874284"
"chr3","123510896","123511188","chr2","40636479","40636767","30","82874417"
"chr3","123552925","123553210","chr2","40677589","40677866","33","82875336"
"chr3","123566890","123567203","chr2","40700871","40701193","44","82866019"
"chr3","123588325","123588651","chr20","29041882","29042204","43","94546443"
"chr3","123616481","123616780","chr6","140907162","140907461","27","17290681"
"chr3","123619192","123619486","chr2","40749202","40749497","15","82869990"
"chr3","123619687","123619979","chr2","40749696","40749985","27","82869991"
"chr3","123650224","123650498","chr16","6400266","6400536","50","117249958"
"chr3","123652111","123652424","chr2","40783214","40783526","27","82868897"
"chr3","123709933","123710240","chr2","40844275","40844578","32","82865658"
"chr3","123711318","123711598","chr2","40845655","40845930","22","82865663"
"chr3","123717157","123717468","chr2","40852292","40852594","37","82864865"
"chr3","123771184","123771479","chr2","40904611","40904904","36","82866573"
"chr3","123773716","123773965","chr6","164209106","164209366","47","40435390"
"chr3","123775976","123776251","chr10","50845434","50845714","34","72930542"
"chr3","123826276","123826412","chr2","40953991","40954127","7","82872285"
"chr3","123827358","123827543","chr2","40955087","40955290","30","82872271"
"chr3","123878117","123878253","chr2","41004651","41004787","8","82873466"
"chr3","123881993","123882179","chr7","133114354","133114541","28","9232361"
"chr3","123952113","123952393","chr4","105773997","105774278","45","18178116"
"chr3","123954178","123954454","chr2","41080806","41081094","28","82873372"
"chr3","123970185","123970477","chr3","92245682","92245969","32","31724503"
"chr3","123985093","123985379","chr14","12862352","12862640","42","111122741"
"chr3","123986008","123986319","chrX","146639188","146639499","27","22653180"
"chr3","123997258","123997417","chr13","31631586","31631742","36","92365672"
"chr3","124002824","124003119","chr2","41127484","41127778","20","82875340"
"chr3","124008613","124008902","chr2","41133223","41133521","33","82875390"
"chr3","124047179","124047377","chr1","15999812","16000000","44","108047367"
"chr3","124091672","124091970","chr2","41216447","41216743","22","82875225"
"chr3","124117909","124118172","chr2","41244224","41244509","41","82873685"
"chr3","124150639","124150935","chr2","41281901","41282195","23","82868738"
"chr3","124159291","124159582","chr15","14619114","14619400","35","109540177"
"chr3","124159958","124160259","chr5","8289100","8289402","37","115870858"
"chr3","124166281","124166564","chr2","41297851","41298146","27","82868430"
"chr3","124167666","124167970","chr2","41299552","41299859","22","82868114"
"chr3","124193389","124193699","chr2","41322094","41322404","25","82871295"
"chr3","124228030","124228267","chr15","1189218","1189446","33","123038812"
"chr3","124244808","124245119","chr2","41375595","41375899","33","82869213"
"chr3","124273575","124273864","chr2","41438169","41438449","25","82835406"
"chr3","124299620","124299919","chr2","41464482","41464777","22","82835138"
"chr3","124306350","124306458","chr12","56584793","56584895","19","67721557"
"chr3","124306647","124306716","chr19","43922454","43922519","18","80384193"
"chr3","124307017","124307149","chr19","4954017","4954151","18","119353000"
"chr3","124321863","124321995","chr12","89485661","89485796","14","34836202"
"chr3","124323665","124323986","chr2","41487384","41487707","32","82836281"
"chr3","124332414","124332708","chr2","41495911","41496199","35","82836503"
"chr3","124338167","124338302","chr10","31067832","31067967","14","93270335"
"chr3","124358994","124359299","chr2","41519421","41519726","23","82839573"
"chr3","124360259","124360549","chr2","41520678","41520971","26","82839581"
"chr3","124382872","124383117","chr2","38085766","38086018","54","86297106"
"chr3","124391609","124391831","chr4","149296684","149296907","30","24905075"
"chr3","124411120","124411414","chr4","127807840","127808134","32","3396720"
"chr3","124416890","124417107","chr2","99076392","99076604","44","25340498"
"chr3","124536559","124536871","chr2","41699281","41699591","27","82837278"
"chr3","124545489","124545803","chr2","41714080","41714393","29","82831409"
"chr3","124554774","124555076","chr2","41723334","41723637","23","82831440"
"chr3","124625364","124625655","chr2","41791694","41791988","25","82833670"
"chr3","124661362","124661650","chr2","41829299","41829594","30","82832063"
"chr3","124674780","124675054","chr17","1021940","1022220","33","123652840"
"chr3","124722913","124723197","chr6","132093019","132093304","47","7370106"
"chr3","124735571","124735879","chr3","43024886","43025192","33","81710685"
"chr3","124764391","124764600","chr2","204638025","204638229","38","79873634"
"chr3","124803731","124803927","chr9","114939608","114939800","30","9864123"
"chr3","124861725","124862020","chr2","41997587","41997884","24","82864138"
"chr3","124862021","124862155","chr16","18855701","18855834","10","106006320"
"chr3","125145739","125146031","chr7","68537177","68537469","36","56608562"
"chr3","125216968","125217236","chr7","19054500","19054768","40","106162468"
"chr3","125222626","125222840","chr3","172783026","172783239","31","47560400"
"chr3","125249692","125250001","chr1","184473706","184474016","39","59224014"
"chr3","125269092","125269404","chr2","42427273","42427582","34","82841819"
"chr3","125273097","125273415","chr2","42431277","42431595","40","82841820"
"chr3","125283349","125283634","chr2","42441489","42441779","34","82841860"
"chr3","125318452","125318736","chr20","43026466","43026751","37","82291986"
"chr3","125348139","125348442","chr2","42507306","42507609","28","82840833"
"chr3","125431922","125432231","chr2","42583112","42583409","34","82848810"
"chr3","125432907","125433183","chr2","109787175","109787451","44","15645732"
"chr3","125500003","125500304","chr2","187558684","187558980","38","62058681"
"chr3","125506441","125506747","chr2","42656971","42657278","33","82849470"
"chr3","125518922","125519172","chr8","121006537","121006773","41","4512385"
"chr3","125526475","125526678","chr12","9405776","9405970","34","116120699"
"chr3","125536618","125536893","chr2","42685993","42686268","12","82850625"
"chr3","125541758","125542047","chr10","12554112","12554399","33","112987646"
"chr3","125553488","125553782","chr1","97853233","97853535","40","27700255"
"chr3","125554889","125555046","chr16","7709036","7709211","48","117845853"
"chr3","125575730","125576027","chr2","42725797","42726094","32","82849933"
"chr3","125577714","125577845","chr15","17851239","17851374","19","107726475"
"chr3","125577981","125578151","chr9","60869527","60869693","20","64708454"
"chr3","125611432","125611713","chr5","69767342","69767623","43","55844090"
"chr3","125625876","125626072","chr12","115526168","115526360","36","10099708"
"chr3","125629975","125630281","chr2","42771217","42771528","50","82858758"
"chr3","125642519","125642814","chr2","42785188","42785487","37","82857331"
"chr3","125649107","125649408","chr2","42792696","42792999","25","82856411"
"chr3","125689007","125689285","chr2","42832537","42832829","31","82856470"
"chr3","125725038","125725336","chr3","127674390","127674683","51","1949352"
"chr3","125801235","125801534","chr2","42967066","42967361","27","82834169"
"chr3","125850040","125850346","chr2","43021641","43021941","53","82828399"
"chr3","125890407","125890696","chrX","46952586","46952871","36","78937821"
"chr3","125892941","125893246","chr16","9166808","9167112","39","116726133"
"chr3","125948954","125949246","chr2","43124764","43125093","55","82824190"
"chr3","126028322","126028626","chr2","43255636","43255918","32","82772686"
"chr3","126032400","126032679","chr2","43259662","43259957","34","82772738"
"chr3","126191789","126192100","chr2","43418911","43419228","28","82772878"
"chr3","126275863","126276160","chr2","43500715","43501021","30","82775148"
"chr3","126336790","126337068","chr6","59088141","59088417","35","67248649"
"chr3","126343005","126343314","chrX","41694245","41694543","48","84648760"
"chr3","126358881","126359152","chr13","100393872","100394158","53","25965009"
"chr3","126407924","126408220","chr2","43641094","43641387","24","82766830"
"chr3","126428790","126429070","chr2","43661135","43661416","31","82767655"
"chr3","126429928","126430224","chr8","41814834","41815130","28","84615094"
"chr3","126474016","126474247","chr10","81707017","81707247","44","44766999"
"chr3","126488862","126489009","chr4","44130284","44130433","17","82358578"
"chr3","126495215","126495520","chr2","43726471","43726766","33","82768744"
"chr3","126541718","126542004","chr2","43772542","43772822","32","82769176"
"chr3","126559867","126560170","chr6","140907162","140907461","39","14347295"
"chr3","126609636","126609946","chr2","43833672","43833967","52","82775964"
"chr3","126660068","126660350","chr1","10625158","10625437","37","116034910"
"chr3","126690802","126691116","chr2","43914574","43914884","30","82776228"
"chr3","126691799","126692069","chr2","43915621","43915909","37","82776178"
"chr3","126699469","126699776","chr2","57691932","57692233","35","69007537"
"chr3","126704372","126704615","chr15","70577958","70578205","50","56126414"
"chr3","126729091","126729355","chr1","139650554","139650817","38","12921463"
"chr3","126798719","126799012","chr2","44021089","44021392","35","82777630"
"chr3","126805324","126805601","chr19","13989351","13989646","46","112815973"
"chr3","126844040","126844339","chr2","44072360","44072656","32","82771680"
"chr3","127049529","127049835","chr3","142934307","142934610","30","15884778"
"chr3","127094726","127095033","chr5","107966069","107966372","26","19128657"
"chr3","127124110","127124266","chr10","79681748","79681907","25","47442362"
"chr3","127178797","127179082","chr10","60371289","60371575","38","66807508"
"chr3","127180135","127180428","chr2","44407063","44407362","23","82773072"
"chr3","127198589","127198774","chr14","48315903","48316088","28","78882686"
"chr3","127198782","127199071","chr2","44426272","44426561","30","82772510"
"chr3","127221769","127222055","chr2","44451175","44451468","26","82770594"
"chr3","127340279","127340569","chr9","18747105","18747396","25","108593174"
"chr3","127424974","127425294","chr2","44652996","44653309","42","82771978"
"chr3","127435100","127435415","chr1","65026569","65026883","37","62408531"
"chr3","127450145","127450425","chrX","117428205","117428490","40","10021940"
"chr3","127459345","127459633","chr2","44687684","44687972","21","82771661"
"chr3","127460292","127460590","chr2","44689143","44689445","33","82771149"
"chr3","127474263","127474565","chr2","44704441","44704749","32","82769822"
"chr3","127500623","127500912","chr11","47525504","47525800","35","79975119"
"chr3","127528322","127528615","chr2","44762073","44762381","53","82766249"
"chr3","127537977","127538266","chr2","44771869","44772166","30","82766108"
"chr3","127615395","127615698","chr3","166005666","166005965","38","38390271"
"chr3","127669728","127670035","chr2","44899175","44899474","32","82770553"
"chr3","127764684","127764995","chr2","44995069","44995372","35","82769615"
"chr3","127766765","127767060","chr2","44997150","44997445","20","82769615"
"chr3","127779603","127779909","chr2","45010290","45010595","33","82769313"
"chr3","127785453","127785745","chr7","28351071","28351363","32","99434382"
"chr3","127806044","127806358","chr8","28461779","28462090","34","99344265"
"chr3","127838137","127838440","chr14","112526592","112526892","34","15311545"
"chr3","127921784","127922093","chrX","23558557","23558868","39","104363227"
"chr3","127938503","127938803","chr8","81972131","81972434","33","45966372"
"chr3","127966515","127966779","chr2","45204934","45205199","31","82761581"
"chr3","127992721","127992932","chr4","116777080","116777297","34","11215641"
"chr3","128048408","128048555","chr3","183731879","183732019","22","55683471"
"chr3","128103563","128103858","chr3","58189784","58190078","32","69913779"
"chr3","128191783","128191921","chr19","41099738","41099873","12","87092045"
"chr3","128336895","128337170","chr2","45572861","45573138","27","82764034"
"chr3","128342357","128342659","chr2","45584451","45584751","19","82757906"
"chr3","128342791","128343101","chr2","45584883","45585176","35","82757908"
"chr3","128398698","128399005","chr2","45639877","45640184","26","82758821"
"chr3","128406394","128406684","chr14","15756054","15756351","41","112650340"
"chr3","128456743","128457046","chr14","122497865","122498165","33","5958878"
"chr3","128487844","128488111","chr7","17107850","17108114","37","111379994"
"chr3","128535754","128536045","chr2","45780933","45781225","19","82754821"
"chr3","128563281","128563501","chr8","20663118","20663333","51","107900163"
"chr3","128580553","128580720","chrX","557444","557611","24","128023109"
"chr3","128591345","128591655","chr2","45834863","45835164","33","82756482"
"chr3","128611638","128611769","chr2","45855200","45855334","13","82756438"
"chr3","128624905","128625199","chr2","45868266","45868561","24","82756639"
"chr3","128629487","128629653","chr4","4726770","4726935","21","123902717"
"chr3","128639352","128639659","chr2","45882398","45882707","33","82756954"
"chr3","128641076","128641383","chr6","38494987","38495291","31","90146089"
"chr3","128645512","128645811","chr2","45888644","45888928","32","82756868"
"chr3","128659475","128659786","chr16","45595072","45595379","40","83064403"
"chr3","128664535","128664823","chr2","45906032","45906316","28","82758503"
"chr3","128680474","128680770","chr17","60413428","60413729","45","68267046"
"chr3","128689800","128689866","chr1","128616174","128616244","10","73626"
"chr3","128690284","128690466","chr8","126054004","126054184","26","2636280"
"chr3","128729265","128729543","chr4","171650853","171651129","45","42921588"
"chr3","128743960","128744263","chr2","45986794","45987105","30","82757166"
"chr3","128805084","128805392","chr1","24211287","24211597","37","104593797"
"chr3","128830989","128831302","chr2","46069548","46069857","29","82761441"
"chr3","128845313","128845540","chr2","46084052","46084278","21","82761261"
"chr3","128858013","128858310","chr2","46097120","46097405","29","82760893"
"chr3","128863653","128863946","chr2","46102857","46103155","25","82760796"
"chr3","128875549","128875850","chr1","15299545","15299845","39","113576004"
"chr3","128880998","128881311","chr16","45595072","45595379","40","83285926"
"chr3","128881357","128881633","chr11","117710018","117710298","37","11171339"
"chr3","128882037","128882326","chr2","89107047","89107337","33","39774990"
"chr3","128893140","128893438","chr2","46131867","46132148","34","82761273"
"chr3","128914574","128914874","chr2","46148689","46148962","36","82765885"
"chr3","129033859","129034131","chr2","46259086","46259364","21","82774773"
"chr3","129085194","129085486","chr14","388729","389019","37","128696465"
"chr3","129123215","129123508","chr1","160411396","160411691","46","31288181"
"chr3","129123576","129123628","chr3","178724466","178724519","14","49600890"
"chr3","129133300","129133501","chr2","46365046","46365247","17","82768254"
"chr3","129133864","129134168","chr11","48799723","48800018","34","80334141"
"chr3","129152788","129152967","chr7","17026763","17026936","24","112126025"
"chr3","129166091","129166379","chr2","46398991","46399282","27","82767100"
"chr3","129174405","129174535","chr4","71764038","71764170","15","57410367"
"chr3","129181885","129181898","chr8","38350981","38350993","2","90830904"
"chr3","129181949","129182230","chr2","109149341","109149625","35","20032608"
"chr3","129213689","129213788","chr2","46442744","46442842","9","82770945"
"chr3","129239652","129239972","chr3","175598130","175598445","52","46358478"
"chr3","129244778","129245071","chr7","96880673","96880966","36","32364105"
"chr3","129253710","129253905","chr15","48628792","48628985","25","80624918"
"chr3","129254484","129254790","chr8","94510144","94510444","42","34744340"
"chr3","129260455","129260752","chr2","46482820","46483118","26","82777635"
"chr3","129338626","129338906","chr9","110633099","110633381","48","18705527"
"chr3","129366067","129366159","chr20","18199749","18199840","10","111166318"
"chr3","129370323","129370439","chr5","2364839","2364958","14","127005484"
"chr3","129392285","129392591","chr2","46617622","46617926","29","82774663"
"chr3","129394031","129394344","chr2","46619372","46619680","29","82774659"
"chr3","129417705","129418009","chr7","7312652","7312964","42","122105053"
"chr3","129421842","129422122","chr17","29335507","29335791","38","100086335"
"chr3","129426021","129426328","chr2","46652120","46652427","30","82773901"
"chr3","129426745","129427050","chr4","137421011","137421314","39","7994266"
"chr3","129448247","129448542","chr2","46677096","46677390","21","82771151"
"chr3","129448796","129449101","chr7","8083497","8083797","55","121365299"
"chr3","129453416","129453704","chrX","48185329","48185616","32","81268087"
"chr3","129455847","129456149","chr2","46684537","46684846","32","82771310"
"chr3","129461711","129462001","chr2","46690540","46690834","29","82771171"
"chr3","129463613","129463769","chrX","113513243","113513403","32","15950370"
"chr3","129501036","129501329","chr2","46734840","46735135","25","82766196"
"chr3","129510114","129510415","chr2","46744461","46744758","23","82765653"
"chr3","129513426","129513723","chr2","46747936","46748235","24","82765490"
"chr3","129523833","129524126","chr2","46757976","46758281","37","82765857"
"chr3","129535138","129535434","chr2","46766926","46767227","27","82768212"
"chr3","129538757","129539048","chr2","46770506","46770798","23","82768251"
"chr3","129542405","129542705","chr2","46773836","46774126","38","82768569"
"chr3","129545634","129545874","chr2","46776108","46776346","26","82769526"
"chr3","129576132","129576429","chr2","46811473","46811769","20","82764659"
"chr3","129580866","129581163","chr16","19972079","19972380","35","109608787"
"chr3","129581407","129581701","chr2","46816455","46816748","30","82764952"
"chr3","129583430","129583742","chr2","46818467","46818775","39","82764963"
"chr3","129596695","129596998","chr2","46835634","46835924","33","82761061"
"chr3","129602644","129602953","chr2","46842481","46842797","50","82760163"
"chr3","129606793","129607107","chr1","169274575","169274881","48","39667782"
"chr3","129610110","129610419","chr3","38756222","38756530","41","90853888"
"chr3","129618974","129619282","chr1","61607829","61608136","32","68011145"
"chr3","129620637","129620830","chr14","112214269","112214464","29","17406368"
"chr3","129620876","129621002","chr19","51158050","51158172","22","78462826"
"chr3","129622218","129622505","chr2","46856865","46857148","22","82765353"
"chr3","129633760","129633970","chr7","71783059","71783252","64","57850701"
"chr3","129634354","129634657","chr2","46873294","46873595","28","82761060"
"chr3","129636274","129636566","chr2","90693272","90693563","41","38943002"
"chr3","129638921","129639200","chr2","157887388","157887668","39","28248467"
"chr3","129642304","129642614","chr4","35833523","35833832","35","93808781"
"chr3","129660620","129660674","chr9","99030580","99030628","13","30630040"
"chr3","129683434","129683726","chr14","76147140","76147433","51","53536294"
"chr3","129725326","129725634","chr20","5252319","5252621","37","124473007"
"chr3","130214371","130214543","chr4","130421985","130422172","33","207614"
"chr3","130218166","130218447","chr19","31313766","31314047","41","98904400"
"chr3","130254297","130254589","chr3","176991158","176991456","47","46736861"
"chr3","130289994","130290246","chr13","86624437","86624688","34","43665557"
"chr3","130302498","130302803","chr12","103022528","103022830","38","27279970"
"chr3","130308419","130308715","chr20","5108857","5109160","37","125199562"
"chr3","130309991","130310296","chr20","5106624","5106934","35","125203367"
"chr3","130320658","130320951","chr1","214412891","214413191","39","84092233"
"chr3","130371253","130371520","chr2","47029753","47030018","25","83341500"
"chr3","130563628","130563936","chr2","47264004","47264312","32","83299624"
"chr3","130744871","130745180","chr2","47454480","47454786","20","83290391"
"chr3","130770662","130770968","chr16","32494711","32495013","38","98275951"
"chr3","130794132","130794430","chr1","7254956","7255255","40","123539176"
"chr3","130823496","130823809","chr14","4367582","4367891","36","126455914"
"chr3","130954851","130955138","chr2","47694245","47694532","23","83260606"
"chr3","130997347","130997649","chr2","47732312","47732626","40","83265035"
"chr3","131065330","131065619","chr2","47838382","47838666","40","83226948"
"chr3","131103052","131103274","chr11","118500754","118500968","33","12602298"
"chr3","131131967","131132264","chr2","47905144","47905444","28","83226823"
"chr3","131181996","131182278","chr7","40703992","40704269","44","90478004"
"chr3","131187512","131187803","chr2","47949857","47950163","29","83237655"
"chr3","131272690","131272984","chr13","98903435","98903731","29","32369255"
"chr3","131402190","131402335","chr4","28289899","28290043","24","103112291"
"chr3","131403882","131404052","chr19","30244151","30244322","27","101159731"
"chr3","131483953","131484255","chr2","48245687","48245985","19","83238266"
"chr3","131585732","131586017","chr9","92522231","92522523","42","39063501"
"chr3","131702157","131702451","chr12","65951597","65951896","49","65750560"
"chr3","131716082","131716373","chr2","48468802","48469096","33","83247280"
"chr3","131724391","131724690","chr2","48476866","48477174","38","83247525"
"chr3","131733779","131734074","chr16","48611793","48612093","44","83121986"
"chr3","131912544","131912858","chr2","48661409","48661731","33","83251135"
"chr3","131935067","131935381","chr17","28489879","28490184","39","103445188"
"chr3","131940662","131940805","chr6","56602654","56602794","16","75338008"
"chr3","131941406","131941702","chrX","134977768","134978064","33","3036362"
"chr3","131953895","131954204","chr2","48701960","48702283","37","83251935"
"chr3","131962355","131962658","chr2","69208756","69209060","36","62753599"
"chr3","131976500","131976828","chr7","12673533","12673840","51","119302967"
"chr3","131977648","131977821","chrX","557444","557611","30","131420204"
"chr3","132000316","132000467","chr1","26946456","26946617","30","105053860"
"chr3","132000468","132000776","chr2","48750149","48750450","31","83250319"
"chr3","132000777","132000792","chr11","113377633","113377647","3","18623144"
"chr3","132033423","132033730","chr1","11550963","11551272","46","120482460"
"chr3","132054020","132054319","chr2","48804145","48804440","26","83249875"
"chr3","132133337","132133643","chr4","117903636","117903937","40","14229701"
"chr3","132142840","132142956","chr7","82846043","82846151","24","49296797"
"chr3","132155399","132155539","chr17","19996556","19996695","13","112158843"
"chr3","132177005","132177289","chr2","48933480","48933757","38","83243525"
"chr3","132187166","132187452","chr9","69772747","69773035","35","62414419"
"chr3","132201813","132202065","chr10","92514864","92515112","37","39686949"
"chr3","132206742","132207053","chr2","48961929","48962240","22","83244813"
"chr3","132212273","132212522","chr1","51716749","51716996","46","80495524"
"chr3","132228506","132228764","chr2","48978881","48979138","21","83249625"
"chr3","132233902","132234131","chr13","107059484","107059713","39","25174418"
"chr3","132261479","132261760","chr2","49011377","49011658","17","83250102"
"chr3","132347285","132347589","chr15","48473035","48473332","40","83874250"
"chr3","132360284","132360578","chr2","49115369","49115661","37","83244915"
"chr3","132362754","132362904","chr10","59906585","59906730","23","72456169"
"chr3","132425507","132425818","chr2","49121563","49121879","25","83303944"
"chr3","132439281","132439556","chr16","17656735","17657019","36","114782546"
"chr3","132493247","132493551","chr2","49183555","49183855","29","83309692"
"chr3","132511104","132511419","chr2","49201164","49201485","33","83309940"
"chr3","132515043","132515341","chr7","42525133","42525431","37","89989910"
"chr3","132526157","132526451","chr2","84701814","84702113","40","47824343"
"chr3","132535882","132536167","chr7","70660827","70661115","45","61875055"
"chr3","132539905","132540210","chr3","166005666","166005965","41","33465761"
"chr3","132554486","132554778","chr2","49245224","49245526","34","83309262"
"chr3","132588082","132588213","chr16","4850336","4850468","21","127737746"
"chr3","132609891","132610197","chr2","49302416","49302711","31","83307475"
"chr3","132610797","132611088","chr2","49303313","49303606","19","83307484"
"chr3","132622615","132622906","chr2","49311608","49311910","34","83311007"
"chr3","132633079","132633373","chr3","122758536","122758834","40","9874543"
"chr3","132649467","132649697","chr2","49338913","49339142","21","83310554"
"chr3","132779231","132779545","chr2","49471407","49471708","40","83307824"
"chr3","132957374","132957670","chr2","49655295","49655597","33","83302079"
"chr3","132998104","132998359","chr6","130484936","130485189","36","2513168"
"chr3","132999306","132999606","chr19","20676318","20676616","36","112322988"
"chr3","133013260","133013565","chr17","40232574","40232872","30","92780686"
"chr3","133039645","133039941","chr2","49735400","49735695","28","83304245"
"chr3","133044233","133044532","chr4","40297222","40297520","31","92747011"
"chr3","133049773","133049906","chr7","67248169","67248300","23","65801604"
"chr3","133050228","133050519","chr1","43370416","43370709","37","89679812"
"chr3","133053965","133054265","chr2","83920319","83920617","40","49133646"
"chr3","133055542","133055692","chr11","27407596","27407747","39","105647946"
"chr3","133056935","133057275","chr1","165987913","165988235","72","32930978"
"chr3","133058274","133058463","chr1","9081901","9082091","26","123976373"
"chr3","133064426","133064737","chr6","37607431","37607742","41","95456995"
"chr3","133065940","133066250","chr3","43063488","43063800","35","90002452"
"chr3","133069120","133069424","chr2","49757280","49757563","31","83311840"
"chr3","133071256","133071567","chr8","124689645","124689957","28","8381611"
"chr3","133071919","133072212","chr2","49759786","49760087","19","83312133"
"chr3","133077286","133077514","chr17","31062846","31063079","33","102014440"
"chr3","133079742","133080044","chr7","113559810","113560113","39","19519932"
"chr3","133082134","133082435","chr20","42678956","42679249","35","90403178"
"chr3","133083338","133083430","chr16","39914025","39914109","23","93169313"
"chr3","133084299","133084400","chr15","41535761","41535865","11","91548538"
"chr3","133085812","133086017","chr1","112545180","112545393","37","20540632"
"chr3","133086670","133086736","chr3","35912902","35912962","16","97173768"
"chr3","133086764","133086777","chr3","71473700","71473710","3","61613064"
"chr3","133088660","133088829","chr9","98182003","98182169","23","34906657"
"chr3","133093750","133093769","chr2","112898301","112898321","3","20195449"
"chr3","133093812","133094090","chr14","95902866","95903147","29","37190946"
"chr3","133099451","133099743","chr2","49797811","49798113","36","83301640"
"chr3","133099868","133100153","chr1","31691665","31691953","51","101408203"
"chr3","133100572","133100923","chr3","3008096","3008421","69","130092476"
"chr3","133105921","133106109","chr8","100146559","100146746","26","32959362"
"chr3","133106162","133106459","chr19","16355869","16356164","35","116750293"
"chr3","133108659","133108859","chr16","14036863","14037070","27","119071796"
"chr3","133109820","133110122","chr2","49807447","49807747","27","83302373"
"chr3","133114343","133114614","chr4","37501186","37501460","43","95613157"
"chr3","133115668","133115961","chr11","19977389","19977682","34","113138279"
"chr3","133119473","133119606","chr2","49816446","49816578","13","83303027"
"chr3","133119897","133120068","chr3","36859317","36859495","26","96260580"
"chr3","133120707","133120826","chr1","95289453","95289574","11","37831254"
"chr3","133122932","133123240","chr13","25494928","25495234","41","107628004"
"chr3","133125162","133125475","chrX","129802246","129802557","38","3322916"
"chr3","133126410","133126703","chr2","49821355","49821657","30","83305055"
"chr3","133142975","133143061","chr3","3758325","3758409","15","129384650"
"chr3","133158974","133159274","chr2","49854196","49854489","30","83304778"
"chr3","133176518","133176811","chr1","166079981","166080274","45","32903463"
"chr3","133193896","133194002","chr2","157713386","157713486","18","24519490"
"chr3","133194310","133194517","chr10","8229837","8230044","29","124964473"
"chr3","133201163","133201450","chr2","49894359","49894648","25","83306804"
"chr3","133204399","133204539","chr10","15119905","15120043","27","118084494"
"chr3","133212169","133212216","chr19","16860685","16860728","12","116351484"
"chr3","133212324","133212457","chr20","15018348","15018483","13","118193976"
"chr3","133235454","133235764","chr6","166168372","166168671","48","32932918"
"chr3","133309289","133309525","chr2","49989606","49989849","29","83319683"
"chr3","133310485","133310787","chr2","49991309","49991618","36","83319176"
"chr3","133318991","133319273","chr2","50000621","50000916","29","83318370"
"chr3","133330228","133330487","chr9","35459290","35459547","37","97870938"
"chr3","133336963","133337264","chr2","120867438","120867738","38","12469525"
"chr3","133344966","133345261","chr2","50028404","50028701","18","83316562"
"chr3","133358201","133358496","chr2","50041888","50042183","26","83316313"
"chr3","133360523","133360826","chr4","114775709","114776011","33","18584814"
"chr3","133373339","133373648","chr2","50057969","50058274","33","83315370"
"chr3","133389064","133389187","chr8","6959684","6959805","15","126429380"
"chr3","133403253","133403549","chr2","50205828","50206123","27","83197425"
"chr3","133406578","133406878","chr3","13191167","13191471","37","120215411"
"chr3","133406975","133407301","chr17","9741552","9741873","55","123665423"
"chr3","133425158","133425466","chr2","50223312","50223618","27","83201846"
"chr3","133430124","133430420","chr3","42972459","42972758","35","90457665"
"chr3","133448267","133448562","chr2","50251049","50251346","29","83197218"
"chr3","133460160","133460376","chr3","41546131","41546341","43","91914029"
"chr3","133462943","133463264","chr3","86960759","86961075","55","46502184"
"chr3","133497462","133497770","chr4","39634856","39635158","42","93862606"
"chr3","133513833","133514145","chr10","12541086","12541391","36","120972747"
"chr3","133517780","133518079","chr2","50312513","50312810","26","83205267"
"chr3","133520582","133520873","chr20","68643250","68643541","34","64877332"
"chr3","133522218","133522468","chr2","50317148","50317424","39","83205070"
"chr3","133531903","133532036","chr16","67963199","67963331","13","65568704"
"chr3","133541123","133541399","chr5","165333751","165334026","43","31792628"
"chr3","133558309","133558600","chr10","30442537","30442830","39","103115772"
"chr3","133565581","133565872","chr2","50370848","50371144","28","83194733"
"chr3","133572149","133572441","chr2","50376186","50376477","27","83195963"
"chr3","133578617","133578919","chr5","7030781","7031082","35","126547836"
"chr3","133583169","133583251","chr6","152851622","152851702","14","19268453"
"chr3","133583585","133583671","chr1","23524271","23524363","14","110059314"
"chr3","133583730","133583861","chr20","15201421","15201555","18","118382309"
"chr3","133587200","133587472","chr2","50399806","50400079","29","83187394"
"chr3","133593108","133593237","chr3","43244909","43245044","20","90348199"
"chr3","133596070","133596246","chr19","28832337","28832518","22","104763733"
"chr3","133603044","133603343","chr17","24909075","24909373","52","108693969"
"chr3","133603664","133603723","chr10","66161876","66161936","11","67441788"
"chr3","133604093","133604423","chr2","50417662","50418001","63","83186431"
"chr3","133604425","133604560","chr2","41004651","41004787","14","92599774"
"chr3","133606016","133606322","chr2","50420025","50420324","33","83185991"
"chr3","133608643","133608833","chr19","44155223","44155414","24","89453420"
"chr3","133608835","133608872","chr4","81582333","81582374","11","52026502"
"chr3","133608964","133609147","chr2","203146906","203147087","30","69537942"
"chr3","133626278","133626584","chr2","102126990","102127295","35","31499288"
"chr3","133627596","133627900","chr2","50442482","50442781","22","83185114"
"chr3","133632884","133633086","chr1","925575","925775","36","132707309"
"chr3","133633622","133633757","chr7","52682488","52682622","15","80951134"
"chr3","133636623","133636733","chr13","43952738","43952844","16","89683885"
"chr3","133648628","133648641","chr2","94693814","94693825","2","38954814"
"chr3","133648973","133649078","chr7","136042128","136042233","18","2393155"
"chr3","133649099","133649371","chr13","10129007","10129278","39","123520092"
"chr3","133657509","133657678","chr7","133692742","133692918","34","35233"
"chr3","133659078","133659379","chr2","84826493","84826791","41","48832585"
"chr3","133667309","133667425","chr13","86722914","86723028","12","46944395"
"chr3","133669143","133669453","chr9","110519600","110519899","47","23149543"
"chr3","133756447","133756779","chr1","46076828","46077156","52","87679619"
"chr3","133807470","133807754","chr2","50640608","50640891","29","83166862"
"chr3","133811803","133812113","chr2","50647457","50647767","47","83164346"
"chr3","133819311","133819605","chr2","50654899","50655197","26","83164412"
"chr3","133823664","133823906","chr2","50659561","50659814","32","83164103"
"chr3","133879290","133879581","chr2","50732959","50733255","30","83146331"
"chr3","133881503","133881804","chr2","50735168","50735470","25","83146335"
"chr3","133886308","133886597","chr2","50740291","50740586","26","83146017"
"chr3","134046276","134046570","chr20","42256252","42256545","32","91790024"
"chr3","134052759","134053078","chr2","50911686","50912003","29","83141073"
"chr3","134071577","134071740","chr8","103078231","103078398","30","30993346"
"chr3","134090991","134091278","chr1","64584409","64584705","36","69506582"
"chr3","134113734","134114035","chr14","15756054","15756351","24","118357680"
"chr3","134115696","134115996","chr2","50976663","50976967","20","83139033"
"chr3","134135870","134136175","chr5","188561811","188562121","34","54425941"
"chr3","134146473","134146698","chr2","57463650","57463865","39","76682823"
"chr3","134154813","134155068","chr6","141515009","141515257","42","7360196"
"chr3","134168321","134168625","chr2","51031336","51031640","22","83136985"
"chr3","134177438","134177732","chr2","51039725","51040019","23","83137713"
"chr3","134200659","134200869","chr4","167862628","167862830","35","33661969"
"chr3","134216499","134216782","chr2","51080068","51080337","32","83136431"
"chr3","134219965","134220262","chr2","51083549","51083858","27","83136416"
"chr3","134220398","134220693","chr2","51083945","51084232","33","83136453"
"chr3","134227221","134227515","chr9","92918267","92918562","33","41308954"
"chr3","134249399","134249679","chr2","51111374","51111661","29","83138025"
"chr3","134257286","134257506","chr5","85175977","85176202","27","49081309"
"chr3","134271446","134271748","chr5","24690088","24690384","30","109581358"
"chr3","134278926","134279235","chr2","51143263","51143575","42","83135663"
"chr3","134291028","134291316","chr2","51155484","51155769","32","83135544"
"chr3","134308550","134308830","chr16","58964634","58964913","35","75343916"
"chr3","134320128","134320427","chr1","208714472","208714766","41","74394344"
"chr3","134328213","134328517","chr16","50984563","50984866","47","83343650"
"chr3","134330143","134330443","chr2","73030327","73030630","31","61299816"
"chr3","134372576","134372870","chr2","51240575","51240873","22","83132001"
"chr3","134377689","134377989","chr7","68963700","68963991","49","65413989"
"chr3","134400704","134400987","chr2","51266939","51267220","40","83133765"
"chr3","134454379","134454681","chrX","12865763","12866065","47","121588616"
"chr3","134494999","134495289","chr1","200089361","200089647","42","65594362"
"chr3","134498192","134498490","chr16","5625017","5625313","32","128873175"
"chr3","134498935","134499152","chr11","111313301","111313520","38","23185634"
"chr3","134529213","134529513","chr20","5106624","5106934","38","129422589"
"chr3","134530787","134531081","chr7","99527076","99527373","38","35003711"
"chr3","134536459","134536776","chr13","94283989","94284297","52","40252470"
"chr3","134545388","134545410","chr9","90277091","90277115","3","44268297"
"chr3","134545458","134545743","chr1","211333983","211334270","39","76788525"
"chr3","134582773","134582972","chr8","123932191","123932404","44","10650582"
"chr3","134608434","134608571","chr15","17851239","17851374","17","116757195"
"chr3","134753968","134754255","chr7","77698309","77698596","33","57055659"
"chr3","134923651","134923948","chr2","171471828","171472141","36","36548177"
"chr3","135077930","135078222","chr3","2986573","2986865","37","132091357"
"chr3","135079805","135080089","chr7","122728581","122728864","32","12351224"
"chr3","135107674","135107969","chr2","171284203","171284502","33","36176529"
"chr3","135125754","135126034","chr1","126079086","126079365","33","9046668"
"chr3","135146647","135146946","chr2","171239782","171240078","28","36093135"
"chr3","135195157","135195350","chr11","2904691","2904882","27","132290466"
"chr3","135240914","135241224","chr2","171151009","171151307","39","35910095"
"chr3","135254033","135254350","chr2","171139051","171139377","46","35885018"
"chr3","135272301","135272429","chr3","50507869","50508002","22","84764432"
"chr3","135323737","135324050","chr2","171071707","171072015","31","35747970"
"chr3","135377445","135377728","chr2","171015800","171016078","33","35638355"
"chr3","135402655","135402964","chr2","170989661","170989967","36","35587006"
"chr3","135412132","135412425","chr2","170980109","170980409","22","35567977"
"chr3","135413124","135413426","chr2","170979132","170979430","22","35566008"
"chr3","135438934","135439230","chr15","6325491","6325785","30","129113443"
"chr3","135501044","135501334","chr5","2338451","2338742","32","133162593"
"chr3","135505709","135505934","chr19","9863628","9863855","37","125642081"
"chr3","135630842","135631132","chr8","101636442","101636732","44","33994400"
"chr3","135649650","135649796","chr16","30943131","30943275","18","104706519"
"chr3","135679448","135679756","chr2","170717480","170717789","35","35038032"
"chr3","135693888","135694193","chr7","42170634","42170937","33","93523254"
"chr3","135761507","135761820","chr19","11620016","11620322","41","124141491"
"chr3","135763832","135764046","chr12","77851725","77851942","34","57912107"
"chr3","135764093","135764200","chr9","84342981","84343072","26","51421112"
"chr3","135772996","135773293","chr2","170632989","170633296","32","34859993"
"chr3","135796179","135796452","chr10","87569968","87570238","55","48226211"
"chr3","135929707","135930014","chr2","170425847","170426156","28","34496140"
"chr3","135935508","135935800","chr2","170421726","170422022","40","34486218"
"chr3","136035410","136035709","chr14","15756054","15756351","27","120279356"
"chr3","136142373","136142423","chr3","183742878","183742928","5","47600505"
"chr3","136236766","136237065","chr2","170106681","170106977","25","33869915"
"chr3","136336037","136336108","chr1","8947061","8947129","17","127388976"
"chr3","136516539","136516820","chr2","169838097","169838388","32","33321558"
"chr3","136623625","136623723","chr14","12304341","12304440","13","124319284"
"chr3","136623724","136623828","chr1","62231025","62231129","12","74392699"
"chr3","136668525","136668818","chr6","77276557","77276851","46","59391968"
"chr3","136717113","136717412","chr2","169645359","169645662","27","32928246"
"chr3","136740449","136740743","chr2","169622004","169622304","30","32881555"
"chr3","136766417","136766594","chr3","36859317","36859495","24","99907100"
"chr3","136766910","136767181","chr2","83476701","83476971","51","53290209"
"chr3","136990191","136990408","chr10","61268396","61268605","41","75721795"
"chr3","137082646","137082973","chr2","177921129","177921448","58","40838483"
"chr3","137102704","137102993","chr5","7365971","7366261","47","129736733"
"chr3","137124513","137124819","chr2","169395333","169395646","34","32270820"
"chr3","137127750","137127900","chr11","110189195","110189346","16","26938555"
"chr3","137178752","137179041","chr2","169310322","169310610","29","32131570"
"chr3","137317036","137317322","chr2","169179031","169179318","17","31861995"
"chr3","137344753","137345050","chr2","169141529","169141831","28","31796776"
"chr3","137418004","137418310","chr7","68708818","68709123","32","68709186"
"chr3","137436593","137436741","chr3","20732648","20732801","20","116703945"
"chr3","137565069","137565366","chr16","60922031","60922325","32","76643038"
"chr3","137569422","137569724","chr17","80410378","80410680","39","57159044"
"chr3","137617836","137618138","chr2","168872299","168872602","28","31254463"
"chr3","137660171","137660465","chr2","168821428","168821721","22","31161257"
"chr3","137758957","137759268","chr2","204095697","204096003","47","66336740"
"chr3","137801729","137802047","chr2","168696138","168696446","34","30894409"
"chr3","137837721","137838033","chr2","168661683","168661994","23","30823962"
"chr3","137949517","137949821","chr2","168564923","168565236","32","30615406"
"chr3","137982300","137982617","chr2","168538870","168539190","28","30556570"
"chr3","138009028","138009329","chr2","168511039","168511337","23","30502011"
"chr3","138047272","138047570","chr6","75775282","75775584","39","62271990"
"chr3","138065833","138066140","chr2","168451361","168451672","25","30385528"
"chr3","138084642","138084942","chr1","51432673","51432969","46","86651969"
"chr3","138100045","138100333","chr7","28329692","28329979","34","109770353"
"chr3","138102759","138103034","chr9","8158947","8159221","39","129943812"
"chr3","138108111","138108400","chr2","168415448","168415736","24","30307337"
"chr3","138124862","138125149","chr3","62999264","62999556","40","75125598"
"chr3","138126254","138126556","chr10","71893501","71893802","44","66232753"
"chr3","138128183","138128488","chr12","57850151","57850455","31","80278032"
"chr3","138145536","138145839","chr2","96943765","96944067","32","41201771"
"chr3","138147276","138147558","chr1","37623538","37623823","39","100523738"
"chr3","138157915","138158215","chr2","168361318","168361627","34","30203403"
"chr3","138158848","138159160","chr2","168360398","168360710","25","30201550"
"chr3","138174368","138174642","chr2","168344416","168344701","37","30170048"
"chr3","138189277","138189579","chr2","168329354","168329649","25","30140077"
"chr3","138195881","138196179","chr2","168321899","168322195","29","30126018"
"chr3","138269031","138269318","chr11","33392847","33393132","44","104876184"
"chr3","138276893","138277197","chr2","168241987","168242284","29","29965094"
"chr3","138279852","138280153","chr1","86816862","86817153","47","51462990"
"chr3","138307426","138307721","chr2","168210236","168210533","20","29902810"
"chr3","138343824","138344057","chr14","5368793","5369028","35","132975031"
"chr3","138427682","138427865","chrX","21501481","21501661","26","116926201"
"chr3","138438227","138438517","chr2","168076449","168076734","23","29638222"
"chr3","138482319","138482627","chr17","83095547","83095852","37","55386772"
"chr3","138510904","138511215","chr8","52666814","52667124","40","85844090"
"chr3","138521170","138521457","chr1","38560616","38560901","40","99960554"
"chr3","138562755","138562930","chr16","43272620","43272787","20","95290135"
"chr3","138588966","138589275","chr20","4588641","4588948","38","134000325"
"chr3","138613015","138613270","chr18","39497056","39497308","38","99115959"
"chr3","138634969","138635230","chr16","57241483","57241740","37","81393486"
"chr3","138662699","138663008","chr16","9816171","9816470","40","128846528"
"chr3","138707989","138708278","chr6","64801784","64802074","34","73906205"
"chr3","138777358","138777464","chr14","15882703","15882808","15","122894655"
"chr3","138788421","138788718","chr10","83704548","83704843","38","55083873"
"chr3","138791328","138791606","chr11","109636122","109636403","39","29155206"
"chr3","138802455","138802710","chr7","84519633","84519901","48","54282822"
"chr3","138824106","138824406","chr2","167687725","167688025","40","28863619"
"chr3","138825101","138825376","chrX","19389818","19390093","38","119435283"
"chr3","138837078","138837160","chr15","7126329","7126411","13","131710749"
"chr3","138837503","138837654","chr7","16965450","16965596","27","121872053"
"chr3","138847822","138847950","chrX","21501042","21501169","16","117346780"
"chr3","138879331","138879627","chr4","105401676","105401972","32","33477655"
"chr3","138931930","138932233","chr2","167578808","167579104","32","28646878"
"chr3","138983788","138984094","chr14","108517448","108517733","58","30466340"
"chr3","138987727","138988019","chr4","40116929","40117227","36","98870798"
"chr3","139012352","139012679","chr13","71064424","71064749","57","67947928"
"chr3","139037414","139037717","chr2","167468691","167468983","30","28431277"
"chr3","139065891","139066190","chr9","115486233","115486535","39","23579658"
"chr3","139094903","139095067","chr20","69739094","69739252","32","69355809"
"chr3","139096361","139096504","chr2","167410988","167411131","10","28314627"
"chr3","139179838","139180146","chr2","167330477","167330786","25","28150639"
"chr3","139229725","139230001","chr10","77540424","77540698","41","61689301"
"chr3","139296033","139296330","chr2","167214899","167215206","32","27918866"
"chr3","139303386","139303695","chr2","167207846","167208158","40","27904460"
"chr3","139329092","139329380","chr2","167182050","167182349","35","27852958"
"chr3","139490584","139490876","chr4","169066545","169066837","32","29575961"
"chr3","139534303","139534597","chr10","13232062","13232359","28","126302241"
"chr3","139590300","139590603","chr2","166926672","166926966","32","27336372"
"chr3","139619621","139619926","chr5","93179263","93179563","38","46440358"
"chr3","140087676","140087990","chr2","166455363","166455673","36","26367687"
"chr3","140125225","140125504","chr2","166423755","166424023","41","26298530"
"chr3","140340352","140340664","chr1","47178535","47178842","45","93161817"
"chr3","140341586","140341718","chr17","76983513","76983645","11","63358073"
"chr3","140348453","140348638","chr15","108353485","108353672","24","31994968"
"chr3","140365336","140365639","chr2","166198285","166198594","28","25832949"
"chr3","140418565","140418862","chr2","166145397","166145694","20","25726832"
"chr3","140430248","140430370","chr8","6959684","6959805","18","133470564"
"chr3","140430690","140430788","chr1","212121416","212121513","12","71690726"
"chr3","140454248","140454555","chr2","108569599","108569900","53","31884649"
"chr3","140498926","140499217","chr2","166060331","166060624","26","25561405"
"chr3","140515244","140515565","chr2","166043959","166044288","33","25528715"
"chr3","140587537","140587820","chr1","112622932","112623215","58","27964605"
"chr3","140587956","140588130","chr5","147453129","147453298","27","6865173"
"chr3","140605606","140605774","chr13","86720487","86720658","34","53885119"
"chr3","140612434","140612729","chr2","165950807","165951103","22","25338373"
"chr3","140624581","140624889","chr2","165936966","165937274","30","25312385"
"chr3","140661947","140662240","chr2","165892512","165892806","28","25230565"
"chr3","140663130","140663411","chr2","165891332","165891622","22","25228202"
"chr3","140675872","140676195","chr2","165878481","165878776","50","25202609"
"chr3","140687768","140688081","chr2","192587303","192587607","34","51899535"
"chr3","140699146","140699410","chr5","91591730","91591991","51","49107416"
"chr3","140703365","140703642","chr16","68772362","68772622","47","71931003"
"chr3","140708078","140708246","chr16","57210682","57210845","36","83497396"
"chr3","140724258","140724551","chr9","112789000","112789294","47","27935258"
"chr3","140727973","140728278","chr9","15725614","15725922","35","125002359"
"chr3","140732571","140732752","chr16","43272620","43272787","32","97459951"
"chr3","140749686","140749979","chr9","59685986","59686279","36","81063700"
"chr3","140752934","140752976","chr11","90461108","90461145","10","50291826"
"chr3","140753218","140753399","chr1","115668974","115669151","25","25084244"
"chr3","140756597","140756938","chrX","143193015","143193342","64","2436418"
"chr3","140764155","140764454","chr2","165762054","165762365","32","24997899"
"chr3","140770266","140770502","chr2","165755962","165756229","43","24985696"
"chr3","140774226","140774522","chr2","165751715","165752008","23","24977489"
"chr3","140782610","140782920","chr2","165743106","165743415","27","24960496"
"chr3","140785001","140785194","chr13","64990371","64990560","35","75794630"
"chr3","140785224","140785519","chr15","6371105","6371399","36","134414119"
"chr3","140785755","140786028","chr2","165740414","165740692","27","24954659"
"chr3","140787249","140787546","chr2","165739182","165739488","37","24951933"
"chr3","140792491","140792775","chr9","18595320","18595597","34","122197171"
"chr3","140840701","140840991","chr2","165672484","165672783","26","24831783"
"chr3","140847109","140847388","chr2","165665739","165666018","16","24818630"
"chr3","140895792","140896096","chr2","165619336","165619648","29","24723544"
"chr3","140900557","140900865","chr2","165614612","165614915","40","24714055"
"chr3","140905759","140906028","chr4","114052985","114053253","35","26852774"
"chr3","140912192","140912462","chr2","165602955","165603201","41","24690763"
"chr3","140918249","140918518","chr2","165596783","165597034","35","24678534"
"chr3","140919363","140919669","chr2","165595575","165595880","26","24676212"
"chr3","140923822","140924110","chr3","40850899","40851184","43","100072923"
"chr3","140944530","140944798","chr2","165568314","165568604","39","24623784"
"chr3","140957575","140957850","chr2","165554300","165554593","38","24596725"
"chr3","140962593","140962883","chr16","10710589","10710878","43","130252004"
"chr3","140964427","140964703","chr4","134524804","134525078","37","6439623"
"chr3","140996759","140997058","chr2","165515361","165515655","30","24518602"
"chr3","141000342","141000651","chr2","165511731","165512041","25","24511389"
"chr3","141019203","141019260","chr1","223107670","223107728","8","82088467"
"chr3","141021550","141021850","chrX","41694245","41694543","40","99327305"
"chr3","141023563","141023849","chr18","63887174","63887459","40","77136389"
"chr3","141044941","141045205","chr2","165469856","165470121","21","24424915"
"chr3","141046892","141047200","chr2","165467890","165468196","20","24420998"
"chr3","141049022","141049323","chr2","165466083","165466378","29","24417061"
"chr3","141066226","141066527","chr15","41603217","41603514","37","99463009"
"chr3","141080349","141080649","chr1","7076246","7076540","61","134004103"
"chr3","141090203","141090511","chr2","57691932","57692233","42","83398271"
"chr3","141091189","141091495","chr2","96943765","96944067","42","44147424"
"chr3","141092837","141093146","chr2","165418977","165419270","40","24326140"
"chr3","141097777","141098131","chr1","38129223","38129573","75","102968554"
"chr3","141115215","141115498","chr2","20684545","20684826","35","120430670"
"chr3","141130820","141131119","chr2","165385954","165386256","39","24255134"
"chr3","141137074","141137378","chr2","165379967","165380270","23","24242893"
"chr3","141145904","141146182","chr2","165362318","165362596","21","24216414"
"chr3","141156136","141156444","chr2","165351849","165352160","32","24195713"
"chr3","141162361","141162656","chr5","93179263","93179563","41","47983098"
"chr3","141185816","141185963","chr6","177341414","177341557","18","36155598"
"chr3","141186584","141186684","chr15","94577078","94577182","14","46609506"
"chr3","141190044","141190341","chr2","165320856","165321165","33","24130812"
"chr3","141191803","141192085","chr7","49551268","49551551","35","91640535"
"chr3","141196520","141196809","chr15","97351190","97351480","43","43845330"
"chr3","141196931","141197240","chr19","18767639","18767944","41","122429292"
"chr3","141199047","141199339","chr2","165312594","165312897","32","24113547"
"chr3","141209976","141210280","chr2","165303253","165303557","27","24093277"
"chr3","141210300","141210593","chr2","165302930","165303233","31","24092630"
"chr3","141215320","141215617","chr2","165297112","165297410","25","24081792"
"chr3","141216065","141216371","chrX","53770675","53770977","39","87445390"
"chr3","141234578","141234866","chr2","165279815","165280121","50","24045237"
"chr3","141241995","141242211","chr5","27524472","27524687","33","113717523"
"chr3","141242885","141243169","chr2","165272488","165272769","21","24029603"
"chr3","141251599","141251728","chr2","165263915","165264044","19","24012316"
"chr3","141252869","141253162","chr2","165262363","165262658","29","24009494"
"chr3","141258209","141258499","chr2","165256927","165257223","24","23998718"
"chr3","141260583","141260892","chr1","24391862","24392168","44","116868721"
"chr3","141264156","141264450","chr2","204494364","204494657","41","63230208"
"chr3","141264851","141265144","chr6","35367989","35368287","43","105896862"
"chr3","141281905","141282011","chr7","40424281","40424390","11","100857624"
"chr3","141282284","141282445","chr6","139207284","139207450","29","2075000"
"chr3","141286532","141286828","chr5","183995125","183995418","40","42708593"
"chr3","141299302","141299575","chr6","63934012","63934286","37","77365290"
"chr3","141314928","141315232","chr2","165193004","165193308","18","23878076"
"chr3","141325000","141325273","chr2","165183256","165183535","22","23858256"
"chr3","141331370","141331660","chr2","165177032","165177337","35","23845662"
"chr3","141347096","141347378","chr19","51756301","51756576","48","89590795"
"chr3","141368806","141369098","chr2","182277641","182277932","43","40908835"
"chr3","141402072","141402377","chr2","165097124","165097424","37","23695052"
"chr3","141412044","141412269","chr13","94935954","94936168","39","46476090"
"chr3","141415590","141415895","chr2","165084270","165084565","31","23668680"
"chr3","141426832","141427139","chrX","47581011","47581317","37","93845821"
"chr3","141471235","141471524","chr2","165028501","165028792","27","23557266"
"chr3","141471866","141472162","chr2","165027866","165028164","23","23556000"
"chr3","141487413","141487705","chr2","165013524","165013809","32","23526111"
"chr3","141491455","141491743","chr20","42256252","42256545","32","99235203"
"chr3","141510682","141510818","chr7","67248169","67248300","25","74262513"
"chr3","141527659","141527969","chr2","164974252","164974552","40","23446593"
"chr3","141528210","141528502","chr2","164973691","164973982","28","23445481"
"chr3","141533449","141533762","chr2","164968120","164968422","34","23434671"
"chr3","141659044","141659196","chr7","120346484","120346633","24","21312560"
"chr3","141713866","141714150","chr2","164797522","164797803","29","23083656"
"chr3","141715775","141716050","chrX","23969515","23969796","33","117746260"
"chr3","141959845","141960157","chr2","164569199","164569508","41","22609354"
"chr3","142172666","142172952","chr2","164276261","164276549","24","22103595"
"chr3","142186111","142186301","chr7","133114354","133114541","26","9071757"
"chr3","142284829","142284938","chr12","88112976","88113081","12","54171853"
"chr3","142302208","142302492","chr13","44748087","44748367","35","97554121"
"chr3","142409694","142409972","chr6","56014347","56014628","52","86395347"
"chr3","142409998","142410019","chr3","28398708","28398726","4","114011290"
"chr3","142452560","142452814","chr9","91395354","91395598","44","51057206"
"chr3","142495990","142496296","chr7","139326824","139327125","35","3169166"
"chr3","142508060","142508340","chr7","28604877","28605165","43","113903183"
"chr3","142524184","142524495","chr2","163934105","163934410","29","21409921"
"chr3","142532096","142532406","chr20","28014774","28015077","31","114517322"
"chr3","142591464","142591764","chr2","163856453","163856746","27","21264989"
"chr3","142651825","142652105","chr2","163793359","163793642","25","21141534"
"chr3","142661010","142661333","chr2","90506788","90507098","68","52154222"
"chr3","142661603","142661902","chr2","163782858","163783164","32","21121255"
"chr3","142662577","142662797","chr2","163782088","163782312","17","21119511"
"chr3","142678497","142678784","chr2","163765962","163766261","33","21087465"
"chr3","142701991","142702263","chr2","163741896","163742179","25","21039905"
"chr3","142705491","142705802","chr11","49141415","49141717","47","93564076"
"chr3","142753003","142753313","chr2","163691182","163691491","34","20938179"
"chr3","142780193","142780503","chr4","48595326","48595633","38","94184867"
"chr3","142788008","142788291","chr10","75353536","75353807","41","67434472"
"chr3","142820184","142820499","chr6","53819897","53820208","37","89000287"
"chr3","142826971","142827263","chr13","9555507","9555802","37","133271464"
"chr3","142859542","142859840","chr2","163585668","163585968","22","20726126"
"chr3","142909467","142909537","chr17","85052851","85052921","7","57856616"
"chr3","142941864","142942139","chr2","163497277","163497552","21","20555413"
"chr3","142989980","142990244","chr8","121006537","121006773","57","21983443"
"chr3","143005510","143005820","chr2","163443104","163443413","27","20437594"
"chr3","143174684","143174979","chr2","163428842","163429137","27","20254158"
"chr3","143188337","143188633","chr2","163417991","163418283","18","20229654"
"chr3","143192854","143193157","chr2","163414152","163414461","29","20221298"
"chr3","143215883","143216191","chr2","163380206","163380510","27","20164323"
"chr3","143227932","143228218","chr18","60459178","60459462","33","82768754"
"chr3","143238706","143238890","chr1","15999812","16000000","28","127238894"
"chr3","143240711","143241016","chr6","75775282","75775584","37","67465429"
"chr3","143242283","143242583","chr2","163353464","163353769","24","20111181"
"chr3","143257168","143257460","chr2","163337859","163338155","29","20080691"
"chr3","143286493","143286787","chr2","163310863","163311149","22","20024370"
"chr3","143315458","143315743","chrX","65045515","65045804","45","78269943"
"chr3","143333678","143333973","chr9","71986720","71987014","46","71346958"
"chr3","143391240","143391424","chr13","74786320","74786496","36","68604920"
"chr3","143403471","143403656","chr20","30561548","30561731","38","112841923"
"chr3","143420596","143420881","chr2","163168637","163168928","29","19748041"
"chr3","143427095","143427264","chr10","65561419","65561592","28","77865676"
"chr3","143428372","143428661","chr2","163157172","163157460","38","19728800"
"chr3","143430098","143430400","chr2","163154873","163155172","42","19724775"
"chr3","143435629","143435916","chr2","163148698","163148982","31","19713069"
"chr3","143443142","143443424","chr1","3311126","3311405","47","140132016"
"chr3","143455619","143455929","chr7","21258839","21259148","48","122196780"
"chr3","143456466","143456542","chr8","26280134","26280211","11","117176332"
"chr3","143456633","143456647","chr11","113377633","113377647","4","30079000"
"chr3","143458724","143458803","chr16","69597525","69597599","15","73861199"
"chr3","143460469","143460555","chr2","163125074","163125158","14","19664605"
"chr3","143460557","143460683","chr11","120792881","120793010","18","22667676"
"chr3","143463806","143463939","chr12","22433754","22433884","14","121030052"
"chr3","143465108","143465415","chr8","131966023","131966329","39","11499085"
"chr3","143473110","143473161","chr7","35313473","35313525","9","108159637"
"chr3","143473879","143474187","chr2","163112497","163112804","35","19638618"
"chr3","143478323","143478431","chr3","170473190","170473299","13","26994867"
"chr3","143486505","143486747","chr2","163097600","163097841","17","19611095"
"chr3","143492383","143492555","chr11","121198950","121199124","24","22293433"
"chr3","143510548","143510832","chr1","37954757","37955032","40","105555791"
"chr3","143518322","143518489","chr6","139207284","139207450","32","4311038"
"chr3","143519309","143519451","chr3","36388025","36388169","24","107131284"
"chr3","143522606","143522738","chr7","35304836","35304964","24","108217770"
"chr3","143524899","143525191","chr1","31889744","31890030","41","111635155"
"chr3","143527524","143527680","chr16","26357539","26357709","30","117169985"
"chr3","143528755","143528938","chr3","69004212","69004378","38","74524543"
"chr3","143531272","143531553","chr10","88768614","88768894","36","54762658"
"chr3","143532330","143532627","chr5","93179263","93179563","31","50353067"
"chr3","143537609","143537851","chr1","14534701","14534944","33","129002908"
"chr3","143544953","143545252","chr2","163041248","163041539","23","19496295"
"chr3","143557495","143557709","chr2","163025245","163025459","21","19467750"
"chr3","143564336","143564640","chr2","163017662","163017984","32","19453326"
"chr3","143565172","143565466","chr2","163016860","163017155","21","19451688"
"chr3","143600838","143601088","chr2","162963140","162963389","16","19362302"
"chr3","143622684","143622981","chr2","162940691","162940995","31","19318007"
"chr3","143637433","143637745","chr2","162925204","162925514","33","19287771"
"chr3","143761103","143761328","chr19","37253408","37253636","41","106507695"
"chr3","143824317","143824559","chr17","82147100","82147339","43","61677217"
"chr3","143891298","143891607","chr11","50569364","50569671","34","93321934"
"chr3","143965654","143965946","chr7","43067043","43067333","33","100898611"
"chr3","144023437","144023767","chr7","140086525","140086846","55","3936912"
"chr3","144028783","144029090","chr2","162551915","162552242","41","18523132"
"chr3","144061147","144061405","chr2","162519147","162519405","24","18458000"
"chr3","144069318","144069631","chr2","162510877","162511188","27","18441559"
"chr3","144137706","144138017","chr2","162440754","162441058","31","18303048"
"chr3","144158735","144158779","chr6","32576760","32576806","9","111581975"
"chr3","144212166","144212434","chr2","162367706","162367974","24","18155540"
"chr3","144217350","144217652","chr7","106164462","106164767","43","38052888"
"chr3","144260038","144260330","chr12","44762301","44762592","34","99497737"
"chr3","144360818","144361116","chr2","162222079","162222389","35","17861261"
"chr3","144394010","144394312","chr2","162189326","162189628","31","17795316"
"chr3","144509225","144509518","chr17","30674112","30674407","43","113835113"
"chr3","144512162","144512451","chr13","14714807","14715101","35","129797355"
"chr3","144608527","144608817","chr4","7573461","7573754","35","137035066"
"chr3","144908990","144909280","chr2","161610323","161610616","22","16701333"
"chr3","144965885","144966170","chr2","161550783","161551068","24","16584898"
"chr3","145054556","145054837","chr6","175025449","175025731","37","29970893"
"chr3","145091519","145091826","chr4","134675515","134675820","32","10416004"
"chr3","145225307","145225426","chr2","99683033","99683148","16","45542274"
"chr3","145414548","145414844","chr5","24690088","24690384","37","120724460"
"chr3","145430359","145430513","chr2","161091059","161091213","13","15660700"
"chr3","145437026","145437161","chr2","161084422","161084557","6","15647396"
"chr3","145517802","145518111","chr2","161007735","161008044","27","15489933"
"chr3","145584330","145584572","chr9","72730444","72730684","31","72853886"
"chr3","145589736","145590015","chr2","160932709","160933003","27","15342973"
"chr3","145615494","145615791","chr2","160906735","160907029","33","15291241"
"chr3","145638337","145638620","chr1","109587777","109588063","48","36050560"
"chr3","145670312","145670600","chr19","36211174","36211462","35","109459138"
"chr3","145728443","145728573","chr10","71057988","71058112","18","74670455"
"chr3","145738517","145738795","chr10","70908203","70908485","35","74830314"
"chr3","145815238","145815569","chr2","160715032","160715353","42","14899794"
"chr3","145817514","145817807","chr2","160712794","160713095","32","14895280"
"chr3","146038840","146039140","chr2","160501442","160501753","25","14462602"
"chr3","146072316","146072524","chr17","19340513","19340722","41","126731803"
"chr3","146084165","146084390","chr9","30064275","30064511","35","116019890"
"chr3","146147064","146147355","chr2","160390410","160390706","31","14243346"
"chr3","146195361","146195661","chr2","160345854","160346159","30","14150493"
"chr3","146197526","146197810","chr1","209376796","209377080","31","63179270"
"chr3","146231439","146231756","chr2","160308824","160309138","30","14077385"
"chr3","146252434","146252645","chr11","8509950","8510149","39","137742484"
"chr3","146254550","146254855","chr1","205649853","205650155","36","59395303"
"chr3","146265107","146265400","chr2","160273426","160273728","48","14008319"
"chr3","146267664","146267951","chr12","113818822","113819105","40","32448842"
"chr3","146271229","146271540","chr11","49979711","49980019","47","96291518"
"chr3","146276461","146276772","chr2","160262581","160262890","25","13986120"
"chr3","146296156","146296427","chr1","41902671","41902942","44","104393485"
"chr3","146297160","146297332","chr11","95513954","95514124","24","50783206"
"chr3","146297408","146297705","chrX","23351237","23351529","37","122946171"
"chr3","146297706","146297795","chr3","133367563","133367650","15","12930143"
"chr3","146298406","146298701","chr2","160239606","160239894","38","13941200"
"chr3","146314200","146314364","chr20","30565685","30565847","20","115748515"
"chr3","146346000","146346187","chr12","115674238","115674427","29","30671762"
"chr3","146346325","146346431","chr10","74336072","74336186","21","72010253"
"chr3","146357510","146357584","chr16","24935048","24935121","7","121422462"
"chr3","146361934","146362227","chr2","160132332","160132623","25","13770398"
"chr3","146377372","146377671","chr13","59311130","59311427","32","87066242"
"chr3","146413907","146414172","chr2","160077054","160077309","28","13663147"
"chr3","146428203","146428486","chr19","17994513","17994801","42","128433690"
"chr3","146438195","146438494","chr2","160053196","160053489","25","13615001"
"chr3","146444466","146444762","chr2","160046219","160046517","22","13601753"
"chr3","146463251","146463558","chr2","160029412","160029706","34","13566161"
"chr3","146463711","146464017","chr2","160028964","160029252","38","13565253"
"chr3","146464947","146465166","chr19","3412734","3412955","43","143052213"
"chr3","146466789","146467074","chr2","160026100","160026401","30","13559311"
"chr3","146475269","146475283","chr3","47445912","47445925","3","99029357"
"chr3","146477101","146477387","chr6","56704408","56704704","45","89772693"
"chr3","146489669","146489966","chr2","159999157","159999456","23","13509488"
"chr3","146491238","146491339","chr9","36386822","36386928","28","110104416"
"chr3","146491708","146491823","chr14","5728683","5728802","17","140763025"
"chr3","146496181","146496481","chr4","40297222","40297520","35","106198959"
"chr3","146496973","146497029","chr9","99178070","99178121","17","47318903"
"chr3","146520019","146520328","chr2","159967782","159968081","34","13447763"
"chr3","146523095","146523397","chr1","17193682","17193986","39","129329413"
"chr3","146542923","146543215","chr2","159948966","159949259","27","13406043"
"chr3","146545644","146545863","chr2","113687336","113687551","31","32858308"
"chr3","146554994","146555255","chr4","102903460","102903717","36","43651534"
"chr3","146570115","146570295","chr16","48484668","48484845","23","98085447"
"chr3","146570963","146571255","chr19","44781977","44782268","33","101788986"
"chr3","146585034","146585332","chr2","159908446","159908751","28","13323412"
"chr3","146598303","146598603","chr1","7385558","7385856","33","139212745"
"chr3","146601103","146601398","chr3","178976330","178976618","36","32375227"
"chr3","146602640","146602933","chr2","159893876","159894174","23","13291236"
"chr3","146615984","146616158","chr14","10873338","10873506","24","135742646"
"chr3","146655551","146655718","chr9","63869571","63869740","29","82785980"
"chr3","146655942","146656031","chrX","25814002","25814092","10","120841940"
"chr3","146664942","146664953","chr1","27694602","27694613","1","118970340"
"chr3","146664994","146665157","chrX","855241","855400","22","145809753"
"chr3","146665841","146666140","chr6","32157411","32157710","39","114508430"
"chr3","146671557","146671705","chr4","44130284","44130433","21","102541273"
"chr3","146673082","146673161","chr1","153220210","153220294","14","6547128"
"chr3","146695940","146696233","chr2","159798003","159798304","25","13102063"
"chr3","146713650","146713870","chr17","19340513","19340722","42","127373137"
"chr3","146725239","146725545","chr2","89375745","89376052","37","57349494"
"chr3","146731612","146731904","chr19","8680199","8680500","39","138051413"
"chr3","146733409","146733710","chr19","40536164","40536467","25","106197245"
"chr3","146753984","146754281","chr2","159743116","159743415","36","12989132"
"chr3","146756457","146756631","chrX","41188728","41188898","22","105567729"
"chr3","146784101","146784407","chr2","159712053","159712343","35","12927952"
"chr3","146793906","146794198","chr2","159701917","159702219","30","12908011"
"chr3","146795177","146795484","chr2","159700622","159700926","29","12905445"
"chr3","146812326","146812458","chr3","2774534","2774668","14","144037792"
"chr3","146824354","146824675","chr2","159671886","159672211","28","12847532"
"chr3","146837697","146838005","chr2","96943765","96944067","37","49893932"
"chr3","146842131","146842424","chr2","48884905","48885199","40","97957226"
"chr3","146861238","146861544","chr2","159600108","159600410","33","12738870"
"chr3","146868756","146869068","chr2","159591818","159592118","42","12723062"
"chr3","146874832","146875143","chr1","26145225","26145539","35","120729607"
"chr3","146875753","146876061","chr8","122578317","122578622","35","24297436"
"chr3","146889020","146889319","chr1","4731654","4731965","41","142157366"
"chr3","146891049","146891345","chr2","159565366","159565667","22","12674317"
"chr3","146891429","146891725","chr2","159564962","159565282","41","12673533"
"chr3","146930769","146930936","chr20","69739094","69739252","36","77191675"
"chr3","146933609","146933896","chr16","5048763","5049058","42","141884846"
"chr3","146946764","146947021","chr10","84050539","84050793","46","62896225"
"chr3","146960220","146960514","chr14","15756054","15756351","35","131204166"
"chr3","147041069","147041361","chr2","159421896","159422192","30","12380827"
"chr3","147044702","147044996","chr20","56789030","56789326","35","90255672"
"chr3","147099115","147099411","chr2","159372755","159373060","29","12273640"
"chr3","147130782","147130948","chr14","120998790","120998962","23","26131992"
"chr3","147135693","147135992","chrX","66095371","66095668","41","81040322"
"chr3","147138404","147138689","chr2","159340625","159340915","22","12202221"
"chr3","147192413","147192708","chr5","51540643","51540938","33","95651770"
"chr3","147197326","147197629","chr2","159282566","159282858","36","12085240"
"chr3","147210732","147211013","chr1","129089131","129089396","57","18121601"
"chr3","147219140","147219433","chr2","159260432","159260731","32","12041292"
"chr3","147230219","147230443","chr3","116635648","116635873","38","30594571"
"chr3","147234724","147234974","chr2","159244493","159244742","17","12009769"
"chr3","147237619","147237913","chr6","64801784","64802074","47","82435835"
"chr3","147257547","147257846","chr15","13782664","13782962","43","133474883"
"chr3","147268887","147269184","chr2","159210321","159210627","28","11941434"
"chr3","147274281","147274629","chr10","92245825","92246156","95","55028456"
"chr3","147378252","147378485","chr19","43625773","43626006","29","103752479"
"chr3","147391062","147391345","chr2","159095688","159095965","20","11704626"
"chr3","147397163","147397443","chr2","159089637","159089923","27","11692474"
"chr3","147437389","147437659","chr2","159048656","159048938","40","11611267"
"chr3","147438240","147438377","chr9","60170081","60170215","16","87268159"
"chr3","147449077","147449361","chr1","31889744","31890030","44","115559333"
"chr3","147471267","147471576","chr2","159003334","159003641","36","11532067"
"chr3","147545646","147545944","chr1","19714552","19714849","32","127831094"
"chr3","147622415","147622706","chr2","158851394","158851682","26","11228979"
"chr3","147634660","147634970","chr4","134675515","134675820","41","12959145"
"chr3","147646278","147646541","chr2","158826565","158826845","37","11180287"
"chr3","147659413","147659704","chrX","47596648","47596941","38","100062765"
"chr3","147722685","147722989","chr2","158748537","158748837","31","11025852"
"chr3","147737062","147737359","chr2","158731939","158732239","33","10994877"
"chr3","147758891","147759185","chr1","43419061","43419362","39","104339830"
"chr3","148024077","148024372","chr2","40749202","40749497","34","107274875"
"chr3","148116620","148116841","chr17","19340513","19340722","32","128776107"
"chr3","148384391","148384690","chr1","9601563","9601859","46","138782828"
"chr3","148396985","148397295","chr2","158052271","158052580","45","9655286"
"chr3","148405722","148406013","chr9","59685986","59686279","35","88719736"
"chr3","148424512","148424619","chr7","77157553","77157660","13","71266959"
"chr3","148424919","148425117","chr3","40154321","40154521","29","108270598"
"chr3","148518707","148518987","chr2","157887388","157887668","27","9368681"
"chr3","148522913","148522994","chr16","51887094","51887174","13","96635819"
"chr3","148522999","148523109","chr19","44743176","44743291","13","103779823"
"chr3","148619072","148619323","chr10","59910337","59910584","32","88708735"
"chr3","148757673","148757980","chr7","129856864","129857173","42","18900809"
"chr3","148993698","148994003","chr2","157381014","157381323","33","8387316"
"chr3","149015792","149016104","chr14","16149990","16150295","45","132865802"
"chr3","149071387","149071663","chr2","157304383","157304658","36","8232996"
"chr3","149151995","149152300","chr2","157173849","157174159","27","8021854"
"chr3","149159167","149159302","chr6","21723751","21723889","22","127435416"
"chr3","149187570","149187861","chr2","157138627","157138925","31","7951057"
"chr3","149285219","149285504","chr2","157048067","157048342","43","7762848"
"chr3","149330044","149330347","chr1","40610787","40611094","38","108719257"
"chr3","149531446","149531724","chr12","55801145","55801413","42","93730301"
"chr3","149670599","149670896","chr2","156698696","156698987","26","7028097"
"chr3","149728002","149728293","chr4","19936763","19937047","38","129791239"
"chr3","149759867","149760164","chr14","15756054","15756351","36","134003813"
"chr3","149772190","149772491","chr5","107966069","107966372","39","41806121"
"chr3","149862711","149863020","chr1","42128893","42129195","33","107733818"
"chr3","149917852","149918155","chr2","156409330","156409638","31","6491478"
"chr3","149978704","149979009","chr2","156345808","156346119","29","6367104"
"chr3","149995920","149996218","chr8","101621639","101621927","50","48374281"
"chr3","149997311","149997588","chr2","156328089","156328358","40","6330778"
"chr3","150024503","150024804","chr2","156301635","156301938","36","6277132"
"chr3","150066939","150067234","chr10","12436997","12437291","33","137629942"
"chr3","150129650","150129942","chr2","156194746","156195043","30","6065096"
"chr3","150147786","150148087","chr16","8821830","8822125","58","141325956"
"chr3","150177404","150177564","chrX","117720504","117720665","26","32456900"
"chr3","150282493","150282681","chr11","2904691","2904882","29","147377802"
"chr3","150296757","150297051","chr11","121236639","121236932","42","29060118"
"chr3","150503853","150504149","chr2","155823770","155824072","36","5319917"
"chr3","150533421","150533716","chr3","1691355","1691649","35","148842066"
"chr3","150569367","150569691","chr2","155763306","155763633","34","5193939"
"chr3","150589920","150590056","chr15","9786599","9786734","18","140803321"
"chr3","150590539","150590737","chr11","2904691","2904882","38","147685848"
"chr3","150756050","150756343","chr10","30442537","30442830","30","120313513"
"chr3","150775527","150775823","chr10","61542529","61542829","35","89232998"
"chr3","150819401","150819684","chr6","73721121","73721404","42","77098280"
"chr3","151066748","151067035","chr15","3223320","3223605","43","147843428"
"chr3","151131084","151131289","chr7","95222121","95222323","26","55908963"
"chr3","151131316","151131339","chr11","118459823","118459849","4","32671493"
"chr3","151251105","151251421","chr2","155125346","155125652","39","3874241"
"chr3","151254101","151254374","chr15","107152054","107152322","38","44102047"
"chr3","151421706","151421869","chr11","49739997","49740154","33","101681709"
"chr3","151464000","151464278","chr2","154924741","154925019","25","3460741"
"chr3","151563344","151563654","chr15","15808422","15808734","51","135754922"
"chr3","151842092","151842390","chr20","54253129","54253431","34","97588963"
"chr3","151946347","151946659","chr2","154422203","154422517","27","2475856"
"chr3","151957201","151957340","chr2","154411542","154411682","19","2454341"
"chr3","151957663","151957820","chr9","58633505","58633664","28","93324158"
"chr3","152171563","152171864","chr2","154132361","154132665","23","1960798"
"chr3","152257412","152257711","chr2","56005102","56005399","44","96252310"
"chr3","152259214","152259511","chr15","77884296","77884590","38","74374918"
"chr3","152300942","152301244","chr2","153995792","153996093","25","1694850"
"chr3","152343261","152343338","chr16","52933829","52933908","18","99409432"
"chr3","152343338","152343436","chr15","94696541","94696637","14","57646797"
"chr3","152355830","152356098","chr1","216387332","216387598","39","64031502"
"chr3","152424851","152425152","chr2","153871551","153871853","30","1446700"
"chr3","152429293","152429611","chr2","153865962","153866272","36","1436669"
"chr3","152535322","152535625","chr19","43123089","43123389","34","109412233"
"chr3","152561526","152561862","chr2","107474083","107474411","36","45087443"
"chr3","152571293","152571562","chr2","153730676","153730952","27","1159383"
"chr3","152628784","152629093","chrX","41160510","41160820","40","111468274"
"chr3","152700392","152700707","chr2","153593603","153593904","35","893211"
"chr3","152712938","152713204","chr13","94343304","94343568","39","58369634"
"chr3","152735028","152735334","chr19","16357093","16357400","42","136377935"
"chr3","152771546","152771827","chr9","69772747","69773035","42","82998799"
"chr3","152792336","152792626","chr11","112236085","112236375","30","40556251"
"chr3","152814759","152815072","chr1","125348377","125348684","39","27466382"
"chr3","152831945","152832119","chr10","59895407","59895583","26","92936538"
"chr3","153212752","153213062","chr2","153102663","153102972","29","110089"
"chr3","153225797","153225991","chr4","167862628","167862830","36","14636831"
"chr3","153348089","153348371","chr12","30208839","30209119","36","123139250"
"chr3","153353865","153354029","chr14","10873338","10873506","26","142480527"
"chr3","153399471","153399777","chr2","102126990","102127295","31","51272481"
"chr3","153495378","153495663","chr6","169544343","169544629","40","16048965"
"chr3","153507439","153507737","chr2","135539295","135539587","37","17968144"
"chr3","153550665","153550874","chr3","30112008","30112217","36","123438657"
"chr3","153561991","153562293","chr2","135595652","135595951","22","17966339"
"chr3","153585628","153585898","chr2","135619411","135619678","23","17966217"
"chr3","153590753","153590892","chr7","16748615","16748755","16","136842138"
"chr3","153597350","153597683","chr2","135627961","135628266","53","17969389"
"chr3","153612761","153613060","chr2","135643666","135643962","29","17969095"
"chr3","153619807","153620147","chr15","80296388","80296723","57","73323419"
"chr3","153650038","153650319","chr16","53509914","53510198","32","100140124"
"chr3","153687605","153687903","chr2","135718013","135718293","38","17969592"
"chr3","153690645","153690940","chr2","135721075","135721371","22","17969570"
"chr3","153717876","153718158","chr12","82062744","82063027","36","71655132"
"chr3","153924116","153924413","chr7","51722761","51723056","40","102201355"
"chr3","153962035","153962331","chr2","136048737","136049025","36","17913298"
"chr3","153969595","153969752","chr13","43952281","43952438","25","110017314"
"chr3","154055688","154055822","chr6","146770043","146770177","16","7285645"
"chr3","154081001","154081180","chr9","95351943","95352120","29","58729058"
"chr3","154092839","154093000","chr1","89718597","89718758","29","64374242"
"chr3","154119548","154119675","chr16","12473662","12473789","11","141645886"
"chr3","154119715","154119874","chr6","58863249","58863409","27","95256466"
"chr3","154154434","154154730","chr2","136239816","136240109","24","17914618"
"chr3","154155719","154156029","chr2","136241112","136241422","21","17914607"
"chr3","154158650","154158944","chr2","136244441","136244736","26","17914209"
"chr3","154167118","154167401","chr2","136252860","136253143","33","17914258"
"chr3","154167428","154167444","chr3","104774389","104774403","2","49393039"
"chr3","154179855","154180146","chr19","12684335","12684624","37","141495520"
"chr3","154192645","154192959","chr2","136278855","136279153","42","17913790"
"chr3","154214380","154214685","chr2","136304503","136304809","23","17909877"
"chr3","154222135","154222428","chr9","59685986","59686279","33","94536149"
"chr3","154224413","154224717","chr3","44079072","44079371","43","110145341"
"chr3","154233561","154233859","chr20","55086080","55086375","30","99147481"
"chr3","154256278","154256413","chr19","41289079","41289217","18","112967199"
"chr3","154259664","154259953","chr20","56831413","56831703","27","97428251"
"chr3","154273708","154273961","chr2","136368851","136369104","22","17904857"
"chr3","154384946","154385256","chr16","23838320","23838626","39","130546626"
"chr3","154404626","154404868","chr10","66396960","66397197","39","88007666"
"chr3","154421203","154421483","chr2","136572913","136573204","55","17848290"
"chr3","154425127","154425414","chr1","86816862","86817153","34","67608265"
"chr3","154442223","154442526","chr4","44008369","44008668","44","110433854"
"chr3","154445905","154446200","chr2","136597770","136598065","19","17848135"
"chr3","154461178","154461475","chr2","136611346","136611648","28","17849832"
"chr3","154468508","154468809","chr6","49699191","49699492","37","104769317"
"chr3","154580192","154580450","chr10","16131491","16131758","41","138448701"
"chr3","154602133","154602420","chr5","145119293","145119591","40","9482840"
"chr3","154748273","154748553","chr2","136907200","136907480","27","17841073"
"chr3","154775014","154775228","chr20","3052864","3053080","30","151722150"
"chr3","154823945","154824136","chr7","133114354","133114541","38","21709591"
"chr3","154943331","154943614","chr2","137110041","137110336","38","17833290"
"chr3","155049330","155049608","chr2","137217095","137217370","16","17832235"
"chr3","155070446","155070744","chr9","82264266","82264564","33","72806180"
"chr3","155071705","155072011","chr19","11620016","11620322","38","143451689"
"chr3","155079914","155080211","chr3","161572696","161572990","30","6492782"
"chr3","155105586","155105856","chr13","66187560","66187816","67","88918026"
"chr3","155118039","155118266","chr5","185659192","185659404","48","30541153"
"chr3","155123357","155123666","chr2","137290800","137291110","32","17832557"
"chr3","155125112","155125370","chr1","139650554","139650817","33","15474558"
"chr3","155148501","155148793","chrX","47742571","47742875","48","107405930"
"chr3","155152401","155152702","chr8","5577075","5577373","35","149575326"
"chr3","155154935","155155237","chr2","107413217","107413517","30","47741718"
"chr3","155162322","155162613","chr16","10710589","10710878","35","144451733"
"chr3","155165108","155165345","chr2","137332154","137332391","24","17832954"
"chr3","155173222","155173510","chr20","63374772","63375065","35","91798450"
"chr3","155209062","155209294","chr16","28316966","28317199","35","126892096"
"chr3","155225766","155226061","chr6","73393768","73394067","33","81831998"
"chr3","155256276","155256566","chr2","137429044","137429336","27","17827232"
"chr3","155264207","155264503","chr2","137436890","137437183","25","17827317"
"chr3","155266746","155267031","chr13","63671215","63671500","35","91595531"
"chr3","155267252","155267544","chr2","137439746","137440042","19","17827506"
"chr3","155275366","155275665","chr2","137448157","137448445","48","17827209"
"chr3","155303346","155303661","chr3","64742461","64742769","44","90560885"
"chr3","155316182","155316503","chr3","42417165","42417456","58","112899017"
"chr3","155323304","155323597","chr2","137502882","137503174","18","17820422"
"chr3","155342891","155343178","chr14","109604210","109604507","42","45738681"
"chr3","155344067","155344364","chr1","36905300","36905598","37","118438767"
"chr3","155350277","155350619","chrX","44902225","44902569","71","110448052"
"chr3","155373365","155373676","chr2","137552859","137553170","29","17820506"
"chr3","155401924","155402222","chr2","137581033","137581344","31","17820891"
"chr3","155412834","155413043","chr7","77300681","77300892","34","78112153"
"chr3","155414256","155414542","chr6","73721121","73721404","40","81693135"
"chr3","155472109","155472390","chr8","139276068","139276344","46","16196041"
"chr3","155494240","155494514","chr8","88056762","88057034","40","67437478"
"chr3","155495970","155496278","chr12","103712271","103712581","42","51783699"
"chr3","155641997","155642291","chr2","137831887","137832192","30","17810110"
"chr3","155655430","155655723","chr11","75597764","75598058","35","80057666"
"chr3","155660632","155660938","chr2","137851339","137851646","34","17809293"
"chr3","155664258","155664566","chr2","137854637","137854940","18","17809621"
"chr3","155666420","155666731","chr2","137857126","137857430","30","17809294"
"chr3","155672304","155672459","chr15","8538420","8538567","24","147133884"
"chr3","155672473","155672743","chr2","137863570","137863841","32","17808903"
"chr3","155679663","155679968","chr2","137871137","137871446","32","17808526"
"chr3","155694625","155694870","chr2","137886122","137886368","29","17808503"
"chr3","155720581","155720743","chr19","15492088","15492253","27","140228493"
"chr3","155721127","155721194","chr8","139881301","139881370","10","15839826"
"chr3","155777948","155778222","chr2","137967323","137967596","21","17810625"
"chr3","155780460","155780753","chr2","137969788","137970080","36","17810672"
"chr3","155901102","155901402","chr2","138085668","138085967","33","17815434"
"chr3","155901908","155902191","chr2","138086471","138086755","37","17815437"
"chr3","155983390","155983567","chr3","166605377","166605555","26","10621987"
"chr3","155983877","155984011","chr2","138167584","138167718","12","17816293"
"chr3","155989163","155989475","chr2","138172977","138173286","28","17816186"
"chr3","155996779","155997075","chr13","14714807","14715101","37","141281972"
"chr3","156060996","156061121","chr3","48450078","48450206","14","107610918"
"chr3","156256841","156256956","chr14","195049","195159","14","156061792"
"chr3","156257617","156257870","chr2","138465506","138465759","17","17792111"
"chr3","156266451","156266733","chr2","149500154","149500443","47","6766297"
"chr3","156293586","156293881","chr3","101319684","101319980","34","54973902"
"chr3","156355946","156356236","chr2","138582181","138582468","26","17773765"
"chr3","156390186","156390484","chr2","138619902","138620199","33","17770284"
"chr3","156391855","156392165","chr2","138621576","138621886","36","17770279"
"chr3","156415768","156416073","chr1","157637419","157637719","40","1221651"
"chr3","156639010","156639301","chr2","138917007","138917312","31","17722003"
"chr3","156689638","156689930","chr1","53265096","53265391","39","103424542"
"chr3","156782452","156782615","chr19","32197775","32197948","31","124584677"
"chr3","156896358","156896653","chr2","139185387","139185675","27","17710971"
"chr3","157029405","157029618","chr11","118500754","118500968","33","38528651"
"chr3","157063487","157063779","chr11","47525504","47525800","43","109537983"
"chr3","157080922","157081242","chr1","4731654","4731965","52","152349268"
"chr3","157085684","157085815","chr10","66401425","66401556","16","90684259"
"chr3","157172183","157172496","chr9","52011680","52011987","42","105160503"
"chr3","157199184","157199480","chr1","21703139","21703436","37","135496045"
"chr3","157242361","157242660","chr2","139539192","139539492","30","17703169"
"chr3","157336458","157336617","chr14","7373142","7373305","28","149963316"
"chr3","157392925","157393217","chr2","139702048","139702343","35","17690877"
"chr3","157411922","157412218","chrX","47637274","47637566","37","109774648"
"chr3","157488139","157488450","chr2","139796944","139797249","33","17691195"
"chr3","157494201","157494512","chr1","40610787","40611094","34","116883414"
"chr3","157533113","157533416","chr2","107986230","107986530","30","49546883"
"chr3","157538879","157539053","chr7","114830200","114830377","22","42708679"
"chr3","157539096","157539219","chr9","97550947","97551073","12","59988149"
"chr3","157601539","157601751","chr6","177649592","177649809","38","20048053"
"chr3","157601786","157601891","chrX","108987604","108987705","19","48614182"
"chr3","157607966","157608116","chr15","8538420","8538567","21","149069546"
"chr3","157610120","157610381","chr2","139913498","139913758","16","17696622"
"chr3","157610711","157611022","chr16","56043552","56043857","43","101567159"
"chr3","157611223","157611523","chrX","130555559","130555852","36","27055664"
"chr3","157623432","157623567","chr2","139927381","139927516","14","17696051"
"chr3","157623568","157623893","chr2","139927517","139927826","42","17696051"
"chr3","157623894","157624083","chr7","133114354","133114541","36","24509540"
"chr3","157631278","157631584","chr2","139935860","139936162","22","17695418"
"chr3","157640920","157641061","chr10","66228173","66228307","25","91412747"
"chr3","157641367","157641529","chr7","21888163","21888326","26","135753204"
"chr3","157648490","157648768","chr2","139950470","139950747","35","17698020"
"chr3","157661858","157661951","chr7","162283431","162283525","14","4621573"
"chr3","157662389","157662561","chr4","4726770","4726935","25","152935619"
"chr3","157664129","157664453","chrX","124554142","124554453","50","33109987"
"chr3","157667555","157667568","chr19","4233538","4233552","1","153434017"
"chr3","157668552","157668861","chr14","14526668","14526975","41","143141884"
"chr3","157669026","157669193","chr9","28310079","28310249","30","129358947"
"chr3","157670313","157670657","chr2","187336624","187336958","64","29666311"
"chr3","157680590","157680789","chr2","139984362","139984561","12","17696228"
"chr3","157682134","157682447","chr2","139985956","139986270","21","17696178"
"chr3","157688910","157689219","chr16","50407017","50407328","41","107281893"
"chr3","157703960","157704253","chr2","140009173","140009462","24","17694787"
"chr3","157713581","157713884","chr2","140026038","140026340","32","17687543"
"chr3","157715073","157715344","chr9","30238615","30238883","38","127476458"
"chr3","157716017","157716196","chr1","26708727","26708897","31","131007290"
"chr3","157726176","157726474","chr15","44735712","44736009","33","112990464"
"chr3","157728167","157728465","chr2","140093263","140093568","27","17634904"
"chr3","157731848","157732098","chr18","39497056","39497308","53","118234792"
"chr3","157739191","157739372","chr10","83387135","83387313","26","74352056"
"chr3","157750612","157750913","chr10","31766090","31766389","34","125984522"
"chr3","157765181","157765473","chr2","140131023","140131329","34","17634158"
"chr3","157766450","157766753","chr2","57691932","57692233","34","100074518"
"chr3","157770921","157771121","chr3","92539761","92539958","29","65231160"
"chr3","157780675","157780907","chr1","50890362","50890591","38","106890313"
"chr3","157793333","157793614","chr9","110633099","110633381","21","47160234"
"chr3","157797933","157798077","chr10","79681313","79681455","18","78116620"
"chr3","157805330","157805622","chr2","140174575","140174862","29","17630755"
"chr3","157813380","157813553","chr3","132350570","132350743","29","25462810"
"chr3","157845982","157846266","chr13","16186245","16186530","37","141659737"
"chr3","157851284","157851589","chr7","113559810","113560113","44","44291474"
"chr3","157901305","157901616","chr1","168590374","168590682","53","10689069"
"chr3","157957914","157957936","chr2","117126266","117126287","2","40831648"
"chr3","157960520","157960802","chr2","140315452","140315735","19","17645068"
"chr3","158089317","158089626","chr2","140454380","140454684","28","17634937"
"chr3","158144215","158144489","chr1","126079086","126079365","46","32065129"
"chr3","158269613","158269910","chr2","140628422","140628727","37","17641191"
"chr3","158357428","158357731","chr12","103022528","103022830","30","55334900"
"chr3","158391593","158391891","chr3","103291529","103291826","35","55100064"
"chr3","158514908","158515210","chr15","21697879","21698187","41","136817029"
"chr3","158620328","158620593","chr2","140967405","140967682","36","17652923"
"chr3","158646574","158646886","chr2","140993628","140993929","48","17652946"
"chr3","158682813","158683098","chr1","5050480","5050765","41","153632333"
"chr3","158747868","158748156","chr11","118643645","118643938","34","40104223"
"chr3","158754314","158754623","chr2","141152257","141152566","26","17602057"
"chr3","158887855","158888150","chr2","141286030","141286330","30","17601825"
"chr3","158888325","158888512","chr20","7709008","7709171","53","151179317"
"chr3","158933119","158933389","chr2","141331698","141331961","36","17601421"
"chr3","158957991","158958299","chr7","19626300","19626611","50","139331691"
"chr3","158993651","158993925","chr2","141384606","141384890","38","17609045"
"chr3","159061337","159061638","chr2","141444041","141444342","22","17617296"
"chr3","159112341","159112631","chr2","141497793","141498079","26","17614548"
"chr3","159116340","159116619","chr5","57079136","57079413","37","102037204"
"chr3","159122449","159122746","chr20","27672844","27673146","44","131449605"
"chr3","159298754","159299055","chr2","165312594","165312897","45","6013840"
"chr3","159380672","159380923","chr2","141769091","141769338","16","17611581"
"chr3","159427537","159427833","chr1","162837461","162837755","43","3409924"
"chr3","159506386","159506689","chr2","141882807","141883096","40","17623579"
"chr3","159513007","159513314","chr2","141887983","141888285","31","17625024"
"chr3","159525259","159525551","chr2","141900259","141900551","30","17625000"
"chr3","159590905","159591199","chrX","53254858","53255156","42","106336047"
"chr3","159591203","159591350","chr4","44130284","44130433","21","115460919"
"chr3","159591467","159591590","chr14","113347968","113348085","19","46243499"
"chr3","159603281","159603591","chr3","20208517","20208817","45","139394764"
"chr3","159605922","159605985","chr3","49294803","49294865","15","110311119"
"chr3","159606006","159606119","chr8","30275904","30276007","19","129330102"
"chr3","159611124","159611426","chr2","141988538","141988841","26","17622586"
"chr3","159628365","159628556","chr2","142005042","142005235","21","17623323"
"chr3","159634527","159634807","chr15","79894939","79895223","38","79739588"
"chr3","159640176","159640456","chr2","142017003","142017282","31","17623173"
"chr3","159657798","159658111","chr2","142035095","142035406","32","17622703"
"chr3","159672521","159672804","chr14","16631290","16631583","34","143041231"
"chr3","159698915","159699212","chr15","80795030","80795332","34","78903885"
"chr3","159718923","159719216","chrX","18944021","18944317","40","140774902"
"chr3","159785386","159785683","chr14","7643073","7643368","35","152142313"
"chr3","159786458","159786590","chr13","99971084","99971215","17","59815374"
"chr3","159858068","159858362","chr8","38791119","38791413","37","121066949"
"chr3","159864863","159865150","chr1","112580058","112580347","36","47284805"
"chr3","159886056","159886363","chrX","41160510","41160820","40","118725546"
"chr3","160038163","160038474","chr14","16344675","16344982","26","143693488"
"chr3","160051646","160051942","chr5","7365971","7366261","31","152685675"
"chr3","160145577","160145877","chr14","16235062","16235366","25","143910515"
"chr3","160149971","160150254","chr6","166511276","166511551","37","6361305"
"chr3","160154793","160155105","chr14","16225905","16226222","28","143928888"
"chr3","160261107","160261364","chr2","142132335","142132595","37","18128772"
"chr3","160323150","160323440","chr1","200028486","200028781","34","39705336"
"chr3","160450367","160450680","chr2","142337372","142337681","28","18112995"
"chr3","160471116","160471410","chr2","142367048","142367345","31","18104068"
"chr3","160505864","160506161","chr2","142413690","142413986","30","18092174"
"chr3","160506768","160506898","chr5","6982934","6983071","38","153523834"
"chr3","160507480","160507773","chr13","24673735","24674032","42","135833745"
"chr3","160590714","160591012","chr2","142498485","142498782","30","18092229"
"chr3","160593773","160594081","chrX","18316010","18316319","54","142277763"
"chr3","160595893","160596197","chr2","142503725","142504038","36","18092168"
"chr3","160628292","160628589","chr2","142599557","142599853","19","18028735"
"chr3","160662875","160663174","chr4","163610184","163610481","34","2947309"
"chr3","160668489","160668762","chr2","142634339","142634610","38","18034150"
"chr3","160679111","160679400","chr17","77207359","77207647","35","83471752"
"chr3","160775995","160776313","chr19","2502570","2502884","50","158273425"
"chr3","160776815","160777115","chr2","142732417","142732714","29","18044398"
"chr3","160829762","160830057","chr2","142785523","142785818","32","18044239"
"chr3","160833995","160834285","chr4","136270976","136271273","40","24563019"
"chr3","160835240","160835410","chr16","43272620","43272787","22","117562620"
"chr3","160844972","160845268","chr2","142800656","142800948","26","18044316"
"chr3","160867199","160867495","chr2","142822824","142823121","26","18044375"
"chr3","160867952","160868242","chr10","37249410","37249706","35","123618542"
"chr3","160876818","160876953","chr2","142833662","142833798","8","18043156"
"chr3","160877259","160877435","chr2","142834110","142834286","11","18043149"
"chr3","160887177","160887474","chr5","58018702","58019003","34","102868475"
"chr3","160890958","160891246","chr4","71624638","71624931","38","89266320"
"chr3","160891265","160891560","chr2","142848117","142848398","39","18043148"
"chr3","160900925","160901225","chr6","105234648","105234956","38","55666277"
"chr3","160902118","160902434","chr2","142859678","142859991","33","18042440"
"chr3","160902617","160902904","chr2","142860174","142860470","34","18042443"
"chr3","160924347","160924640","chr8","140014470","140014771","44","20909877"
"chr3","160924825","160924939","chrX","23342036","23342146","20","137582789"
"chr3","160924941","160925044","chr4","163608312","163608410","18","2683371"
"chr3","160927354","160927646","chr3","48992148","48992443","42","111935206"
"chr3","160930143","160930371","chr5","185915874","185916101","34","24985731"
"chr3","160932844","160933143","chr1","220883377","220883674","29","59950533"
"chr3","160935633","160935937","chr3","161302845","161303153","37","367212"
"chr3","160937923","160938224","chr2","142904732","142905023","29","18033191"
"chr3","160946884","160947097","chr1","166117886","166118098","27","5171002"
"chr3","160948818","160949128","chr6","105234648","105234956","36","55714170"
"chr3","160957764","160958055","chr2","142923067","142923371","36","18034697"
"chr3","160966015","160966209","chr12","115674238","115674427","23","45291777"
"chr3","160966212","160966511","chr3","166005666","166005965","34","5039454"
"chr3","160966512","160966626","chr15","14763817","14763930","17","146202695"
"chr3","160972394","160972701","chr16","5246261","5246570","41","155726133"
"chr3","160981941","160982245","chr2","142952849","142953151","22","18029092"
"chr3","160984522","160984793","chr2","142956252","142956517","32","18028270"
"chr3","160985986","160986280","chr2","142957689","142957986","18","18028297"
"chr3","160990817","160991125","chr2","142962520","142962823","29","18028297"
"chr3","160995307","160995601","chr16","74240002","74240299","39","86755305"
"chr3","161000950","161001244","chr2","142977195","142977484","28","18023755"
"chr3","161002017","161002329","chr1","95476592","95476897","45","65525425"
"chr3","161011724","161011999","chr2","142988472","142988748","25","18023252"
"chr3","161024109","161024403","chr14","15756054","15756351","33","145268055"
"chr3","161035065","161035358","chr2","143012754","143013055","32","18022311"
"chr3","161038009","161038329","chr11","48936291","48936601","51","112101718"
"chr3","161055325","161055588","chr9","63059659","63059919","38","97995666"
"chr3","161081037","161081324","chr3","2986573","2986865","38","158094464"
"chr3","161090120","161090252","chr7","49292075","49292209","15","111798045"
"chr3","161116938","161117232","chr2","143087293","143087599","41","18029645"
"chr3","161223974","161224283","chr1","43419061","43419362","47","117804913"
"chr3","161298935","161299223","chr2","143275862","143276153","25","18023073"
"chr3","161353615","161353919","chr2","143324695","143325001","25","18028920"
"chr3","161359659","161359957","chr11","75778962","75779260","42","85580697"
"chr3","161611419","161611719","chr2","143582913","143583207","32","18028506"
"chr3","161751655","161751969","chr2","143786128","143786465","54","17965527"
"chr3","161944601","161944893","chr9","59685986","59686279","42","102258615"
"chr3","161962845","161963143","chr2","143990335","143990633","30","17972510"
"chr3","161999556","161999860","chr2","144024837","144025145","31","17974719"
"chr3","162046570","162046871","chr2","144071618","144071918","32","17974952"
"chr3","162071565","162071855","chr1","50726895","50727188","32","111344670"
"chr3","162245774","162245941","chr11","122701206","122701378","27","39544568"
"chr3","162246232","162246248","chr1","15274662","15274677","3","146971570"
"chr3","162264662","162264940","chr1","126126926","126127199","38","36137736"
"chr3","162299934","162300228","chr8","30311278","30311575","32","131988656"
"chr3","162311056","162311277","chr2","144357987","144358205","23","17953069"
"chr3","162335452","162335757","chr2","144383337","144383644","28","17952115"
"chr3","162345004","162345134","chr9","89613171","89613303","17","72731833"
"chr3","162368728","162368997","chr5","138988948","138989214","44","23379780"
"chr3","162388136","162388428","chr2","144439386","144439688","31","17948750"
"chr3","162411038","162411337","chr2","144462680","144462984","31","17948358"
"chr3","162419271","162419580","chr2","144470927","144471228","32","17948344"
"chr3","162425029","162425315","chr14","49891007","49891295","32","112534022"
"chr3","162452101","162452305","chr6","128823079","128823285","25","33629022"
"chr3","162454212","162454509","chr2","144499655","144499948","20","17954557"
"chr3","162458438","162458736","chr4","160154070","160154363","33","2304368"
"chr3","162527640","162527742","chr1","212121416","212121513","17","49593776"
"chr3","162527931","162528055","chr8","874222","874344","14","161653709"
"chr3","162677764","162678068","chr16","39659210","39659522","51","123018554"
"chr3","162721744","162721895","chr7","164586103","164586258","33","1864359"
"chr3","162766617","162766912","chr2","144815124","144815427","22","17951493"
"chr3","162837617","162837911","chr2","144880876","144881175","33","17956741"
"chr3","162858352","162858662","chr2","144906579","144906892","28","17951773"
"chr3","162966270","162966419","chr4","107392495","107392642","18","55573775"
"chr3","163003201","163003506","chr2","145037801","145038109","18","17965400"
"chr3","163074976","163075265","chr2","145167107","145167404","23","17907869"
"chr3","163152777","163153084","chr9","96018903","96019206","36","67133874"
"chr3","163169499","163169671","chr2","188408463","188408640","29","25238964"
"chr3","163174108","163174394","chr15","79894939","79895223","31","83279169"
"chr3","163299436","163299728","chr2","145379576","145379867","21","17919860"
"chr3","163440982","163441280","chr3","131239387","131239691","43","32201595"
"chr3","163468164","163468290","chr2","78312281","78312405","16","85155883"
"chr3","163547976","163548277","chrX","9240846","9241146","32","154307130"
"chr3","163665193","163665493","chr15","102740273","102740571","31","60924920"
"chr3","163684613","163684660","chr17","54163686","54163729","10","109520927"
"chr3","163684896","163684986","chr10","32992555","32992641","18","130692341"
"chr3","163730729","163731027","chr2","125918638","125918931","41","37812091"
"chr3","163735084","163735379","chr2","145809438","145809731","25","17925646"
"chr3","163771953","163772275","chr2","96943765","96944067","54","66828188"
"chr3","163783679","163783968","chr2","145903998","145904295","25","17879681"
"chr3","163796053","163796353","chr3","154675847","154676147","31","9120206"
"chr3","163823242","163823545","chr2","145944387","145944684","34","17878855"
"chr3","163844279","163844435","chr6","177341736","177341880","27","13497457"
"chr3","163844437","163844484","chr6","124116059","124116102","15","39728378"
"chr3","163942948","163943260","chr2","146061582","146061895","26","17881366"
"chr3","164145509","164145809","chr11","132437462","132437750","39","31708047"
"chr3","164244599","164244774","chr7","50223514","50223682","30","114021085"
"chr3","164247798","164247931","chr19","41099738","41099873","18","123148060"
"chr3","164248752","164249033","chr2","146359457","146359736","22","17889295"
"chr3","164352455","164352740","chr1","36516905","36517189","34","127835550"
"chr3","164352767","164352780","chr1","17353620","17353632","3","146999147"
"chr3","164367422","164367719","chr2","146476975","146477281","33","17890447"
"chr3","164368754","164369059","chr2","146478327","146478643","30","17890427"
"chr3","164539170","164539479","chr19","14422627","14422935","39","150116543"
"chr3","164555086","164555389","chr10","18506194","18506497","31","146048892"
"chr3","164629742","164630045","chr1","39077916","39078213","44","125551826"
"chr3","164697107","164697370","chr2","135128433","135128694","26","29568674"
"chr3","164774161","164774448","chr1","90954076","90954369","42","73820085"
"chr3","164777773","164778060","chr7","81766599","81766893","51","83011174"
"chr3","164778503","164778812","chr16","56231308","56231617","37","108547195"
"chr3","164802177","164802481","chr2","135026218","135026521","19","29775959"
"chr3","164805170","164805433","chr2","135023263","135023548","37","29781907"
"chr3","164910201","164910496","chr2","134916118","134916390","49","29994083"
"chr3","164971931","164972241","chr2","134852607","134852917","37","30119324"
"chr3","165001651","165001921","chr2","83476701","83476971","54","81524950"
"chr3","165016917","165017214","chr2","134807063","134807361","29","30209854"
"chr3","165028179","165028489","chr2","134797496","134797807","28","30230683"
"chr3","165041528","165041682","chr16","70039632","70039788","23","95001896"
"chr3","165069882","165070181","chr16","5048763","5049058","30","160021119"
"chr3","165073329","165073633","chr2","134751682","134751990","29","30321647"
"chr3","165088009","165088319","chr2","134736923","134737234","35","30351086"
"chr3","165107427","165107561","chr2","192722632","192722764","15","27615205"
"chr3","165109669","165109956","chr10","53132033","53132318","31","111977636"
"chr3","165110321","165110554","chr2","134716542","134716777","23","30393779"
"chr3","165119919","165120213","chr20","53325602","53325897","34","111794317"
"chr3","165123356","165123656","chr1","9601563","9601859","38","155521793"
"chr3","165129883","165130189","chrX","97485671","97485973","43","67644212"
"chr3","165146338","165146648","chr2","134681156","134681466","30","30465182"
"chr3","165158286","165158503","chr15","77742576","77742795","46","87415710"
"chr3","165164851","165165069","chr1","20743725","20743945","51","144421126"
"chr3","165184508","165184807","chr2","134601576","134601884","38","30582932"
"chr3","165205488","165205604","chr1","131078233","131078350","14","34127255"
"chr3","165212225","165212531","chr3","165981584","165981888","51","769359"
"chr3","165272800","165273102","chr2","134504137","134504442","20","30768663"
"chr3","165534191","165534495","chr2","134242056","134242365","33","31292135"
"chr3","165537851","165538104","chr1","35827844","35828102","55","129710007"
"chr3","165566050","165566312","chr2","134211397","134211660","17","31354653"
"chr3","165572865","165573145","chr15","40988593","40988874","34","124584272"
"chr3","165582899","165583142","chr3","68181100","68181349","40","97401799"
"chr3","165586282","165586577","chr2","134191406","134191699","27","31394876"
"chr3","165588549","165588830","chrX","44738121","44738403","32","120850428"
"chr3","165601441","165601731","chr2","134177457","134177748","20","31423984"
"chr3","165612971","165613257","chr19","13989351","13989646","50","151623620"
"chr3","165642240","165642397","chr16","6858537","6858688","21","158783703"
"chr3","165689240","165689466","chr16","9675962","9676190","36","156013278"
"chr3","165747361","165747587","chr4","116777080","116777297","34","48970281"
"chr3","165748492","165748767","chr2","134034550","134034845","43","31713942"
"chr3","165757262","165757559","chr16","57876407","57876699","35","107880855"
"chr3","165790136","165790420","chr15","100291786","100292070","41","65498350"
"chr3","165794275","165794428","chr16","6858537","6858688","21","158935738"
"chr3","165795036","165795130","chr7","162283431","162283525","11","3511605"
"chr3","165880588","165880890","chr2","133894502","133894796","24","31986086"
"chr3","166117841","166118137","chr11","120098123","120098418","34","46019718"
"chr3","166150608","166150911","chr2","133633109","133633413","17","32517499"
"chr3","166164601","166164905","chr3","101165078","101165386","36","64999523"
"chr3","166203865","166204147","chrX","148237929","148238207","41","17965936"
"chr3","166240339","166240624","chr9","110633099","110633381","34","55607240"
"chr3","166262088","166262328","chr3","136985913","136986154","59","29276175"
"chr3","166262393","166262702","chr2","133506991","133507288","37","32755402"
"chr3","166285387","166285683","chr7","131815224","131815529","46","34470163"
"chr3","166287078","166287373","chr16","848391","848686","36","165438687"
"chr3","166340845","166341147","chr7","34134376","34134677","40","132206469"
"chr3","166346290","166346590","chrX","53929023","53929318","50","112417267"
"chr3","166407643","166407944","chr10","18506194","18506497","46","147901449"
"chr3","166438922","166439206","chr2","133319251","133319533","28","33119671"
"chr3","166489902","166490167","chr10","82030297","82030560","37","84459605"
"chr3","166853798","166854112","chr8","19449434","19449745","39","147404364"
"chr3","166931473","166931766","chr2","132722234","132722532","35","34209239"
"chr3","166964991","166965206","chr9","122716657","122716847","50","44248334"
"chr3","167433200","167433507","chr2","132157998","132158317","57","35275202"
"chr3","167475743","167476025","chr13","94679813","94680098","44","72795930"
"chr3","167490902","167491208","chr9","109419354","109419658","48","58071548"
"chr3","167525520","167525827","chr3","159072514","159072828","46","8453006"
"chr3","167553232","167553535","chr2","159796163","159796464","57","7757069"
"chr3","167557837","167558067","chrX","64782827","64783036","51","102775010"
"chr3","167558383","167558514","chr3","40768859","40768991","14","126789524"
"chr3","167597835","167598127","chr1","146257088","146257378","43","21340747"
"chr3","167628814","167629121","chr5","127177722","127178030","40","40451092"
"chr3","167810616","167810740","chr7","154192181","154192295","31","13618435"
"chr3","167832324","167832627","chr13","40009453","40009755","37","127822871"
"chr3","167857055","167857342","chr13","27930038","27930323","59","139927017"
"chr3","167923870","167924168","chr1","91213247","91213552","48","76710623"
"chr3","167960895","167961187","chr8","68101746","68102036","42","99859149"
"chr3","168084350","168084644","chr2","131465485","131465783","33","36618865"
"chr3","168149387","168149697","chrX","17766923","17767233","48","150382464"
"chr3","168188002","168188273","chr13","94935954","94936168","83","73252048"
"chr3","168373011","168373308","chr7","2877777","2878073","36","165495234"
"chr3","168398702","168399004","chr9","92918267","92918562","42","75480435"
"chr3","168467169","168467406","chr11","118144889","118145131","39","50322280"
"chr3","168486464","168486734","chr17","9663766","9664033","46","158822698"
"chr3","168508658","168508883","chr3","178945836","178946057","46","10437178"
"chr3","168613227","168613521","chr2","130982401","130982691","34","37630826"
"chr3","168615679","168615971","chr2","130980003","130980287","41","37635676"
"chr3","168624203","168624518","chr2","130966628","130966950","31","37657575"
"chr3","168634713","168635022","chr2","130956627","130956948","44","37678086"
"chr3","168752732","168753041","chr2","44569113","44569418","44","124183619"
"chr3","168804806","168805117","chr10","59960385","59960695","42","108844421"
"chr3","168819055","168819271","chr3","54741770","54741984","34","114077285"
"chr3","168871953","168872260","chr7","96120559","96120866","39","72751394"
"chr3","168929851","168930138","chr2","130626585","130626863","36","38303266"
"chr3","168974324","168974594","chr2","130584437","130584713","37","38389887"
"chr3","168983332","168983644","chrX","146639188","146639499","41","22344144"
"chr3","169021576","169021865","chr15","7271324","7271621","44","161750252"
"chr3","169028559","169028851","chr14","86275991","86276283","37","82752568"
"chr3","169055779","169056053","chr2","130503281","130503559","28","38552498"
"chr3","169098305","169098580","chr17","94851607","94851884","35","74246698"
"chr3","169172535","169172840","chr17","21231075","21231385","40","147941460"
"chr3","169271956","169272252","chr19","18025369","18025665","36","151246587"
"chr3","169320912","169321194","chr7","97243876","97244157","48","72077036"
"chr3","169383714","169384008","chr12","65535363","65535660","40","103848351"
"chr3","169456227","169456527","chr11","55122642","55122939","40","114333585"
"chr3","169496267","169496572","chr2","95912749","95913054","35","73583518"
"chr3","169613228","169613503","chr2","129910798","129911086","40","39702430"
"chr3","169657243","169657535","chr2","129843126","129843434","41","39814117"
"chr3","169675188","169675417","chr2","129822355","129822588","19","39852833"
"chr3","169722123","169722397","chr2","129762642","129762916","25","39959481"
"chr3","169729619","169729784","chr4","28214012","28214177","26","141515607"
"chr3","169730165","169730295","chr13","39071147","39071274","23","130659018"
"chr3","169791497","169791787","chr11","63044816","63045105","44","106746681"
"chr3","170311311","170311593","chr7","68687687","68687968","42","101623624"
"chr3","170331216","170331427","chr7","77300681","77300892","43","93030535"
"chr3","170343494","170343677","chr2","129086351","129086529","24","41257143"
"chr3","170343722","170343850","chr2","129086197","129086317","19","41257525"
"chr3","170441478","170441661","chr16","8306350","8306526","27","162135128"
"chr3","170442977","170443290","chr4","73775092","73775399","50","96667885"
"chr3","170453050","170453339","chr11","55122642","55122939","45","115330408"
"chr3","170465502","170465798","chr1","52875145","52875442","47","117590357"
"chr3","170471857","170472172","chr2","128962352","128962659","40","41509505"
"chr3","170479055","170479333","chr3","69256946","69257226","32","101222109"
"chr3","170510729","170511035","chr2","128921488","128921797","37","41589241"
"chr3","170555827","170556092","chr16","22603188","22603454","38","147952639"
"chr3","170732991","170733291","chr2","128698280","128698578","32","42034711"
"chr3","170758045","170758310","chr16","60384000","60384267","47","110374045"
"chr3","170762421","170762746","chr2","128660039","128660350","47","42102382"
"chr3","170806705","170807004","chr2","128606723","128607034","36","42199982"
"chr3","170923799","170924088","chr2","128489876","128490174","28","42433923"
"chr3","170970916","170971222","chr2","128439040","128439342","29","42531876"
"chr3","171082032","171082322","chr17","76463145","76463430","43","94618887"
"chr3","171208630","171208919","chr2","128186506","128186782","32","43022124"
"chr3","171298136","171298449","chr1","10880417","10880729","44","160417719"
"chr3","171378211","171378505","chr3","127669386","127669693","57","43708825"
"chr3","171458721","171459031","chr2","127868679","127868986","27","43590042"
"chr3","171467614","171467907","chr17","19947384","19947679","33","151520230"
"chr3","171615695","171615997","chr14","104962839","104963138","39","66652856"
"chr3","171750017","171750188","chr2","127531155","127531324","16","44218862"
"chr3","171761653","171761948","chr7","2877777","2878073","33","168883876"
"chr3","171762725","171762870","chr19","32723322","32723473","26","139039403"
"chr3","171772327","171772629","chr2","127447397","127447680","47","44324930"
"chr3","171843690","171843996","chr2","127361790","127362101","26","44481900"
"chr3","171894377","171894551","chr15","29461445","29461617","42","142432932"
"chr3","172685099","172685388","chr8","22825268","22825560","36","149859831"
"chr3","172849537","172849648","chr20","54481271","54481386","41","118368266"
"chr3","172877624","172877921","chr10","16717134","16717418","40","156160490"
"chr3","172945602","172945914","chr13","64879527","64879826","47","108066075"
"chr3","172974338","172974636","chr2","126105197","126105499","23","46869141"
"chr3","172988538","172988828","chr4","24988139","24988435","32","148000399"
"chr3","173124015","173124308","chr2","125918638","125918931","23","47205377"
"chr3","173386811","173387088","chr2","125632112","125632395","20","47754699"
"chr3","173387143","173387455","chr2","125631763","125632061","36","47755380"
"chr3","173493208","173493476","chr14","78760726","78760991","29","94732482"
"chr3","173627167","173627477","chr2","125361824","125362125","40","48265343"
"chr3","173653538","173653820","chr11","43612208","43612500","44","130041330"
"chr3","173674219","173674487","chr2","125316299","125316564","33","48357920"
"chr3","173768239","173768545","chr7","67218976","67219283","45","106549263"
"chr3","173780750","173781060","chr2","125203184","125203487","40","48577566"
"chr3","173787187","173787496","chr6","140994755","140995066","42","32792432"
"chr3","173840064","173840241","chr16","47578815","47578998","34","126261249"
"chr3","173927999","173928299","chr1","140166438","140166735","36","33761561"
"chr3","173976641","173976948","chr15","54324325","54324627","42","119652316"
"chr3","174005857","174006167","chr5","110541691","110542005","45","63464166"
"chr3","174019872","174020158","chr17","29335507","29335791","37","144684365"
"chr3","174035840","174036146","chr2","124889951","124890247","27","49145889"
"chr3","174103742","174103905","chr11","61426036","61426198","22","112677706"
"chr3","174104076","174104199","chr2","124823364","124823487","11","49280712"
"chr3","174108116","174108229","chr1","39198637","39198744","18","134909479"
"chr3","174108516","174108630","chr7","40424281","40424390","16","133684235"
"chr3","174112409","174112708","chrX","8591299","8591598","37","165521110"
"chr3","174248829","174249135","chr17","79764877","79765185","41","94483952"
"chr3","174288456","174288742","chr15","82764189","82764474","36","91524267"
"chr3","174344946","174345243","chr5","128034254","128034552","30","46310692"
"chr3","174347311","174347608","chr2","124581622","124581917","22","49765689"
"chr3","174473164","174473335","chrX","557444","557611","25","173915720"
"chr3","174502930","174503219","chr20","42256252","42256545","37","132246678"
"chr3","174512367","174512535","chr5","39438086","39438256","28","135074281"
"chr3","174554026","174554307","chr2","124372293","124372577","19","50181733"
"chr3","174612825","174613066","chr15","49239183","49239418","29","125373642"
"chr3","174617884","174618184","chr14","12437980","12438283","31","162179904"
"chr3","174690037","174690343","chr2","124220582","124220882","22","50469455"
"chr3","174712738","174713058","chrX","130457211","130457521","45","44255527"
"chr3","174739108","174739412","chr2","124170242","124170553","37","50568866"
"chr3","174757808","174757915","chr12","106135345","106135451","9","68622463"
"chr3","174810237","174810530","chr2","124098798","124099094","30","50711439"
"chr3","174810647","174810954","chr2","124098372","124098679","30","50712275"
"chr3","174817593","174817871","chr2","124091530","124091804","27","50726063"
"chr3","174820510","174820691","chrX","69103933","69104121","37","105716577"
"chr3","174820724","174820852","chr16","3098526","3098653","13","171722198"
"chr3","174824451","174824752","chr13","40009453","40009755","33","134814998"
"chr3","174830389","174830668","chr2","124078805","124079106","51","50751584"
"chr3","174842193","174842387","chr7","95222121","95222323","34","79620072"
"chr3","174856998","174857265","chr2","124053806","124054070","24","50803192"
"chr3","174884069","174884370","chr2","124027607","124027914","25","50856462"
"chr3","174899016","174899332","chrX","23558557","23558868","49","151340459"
"chr3","174913701","174913995","chr6","55381147","55381447","36","119532554"
"chr3","174926484","174926527","chr2","165818708","165818750","14","9107776"
"chr3","174926536","174926707","chr2","123985931","123986103","10","50940605"
"chr3","174927262","174927573","chr2","123984746","123985053","34","50942516"
"chr3","174932162","174932429","chr9","58896370","58896642","46","116035792"
"chr3","174934006","174934316","chr2","123977902","123978218","28","50956104"
"chr3","174955321","174955584","chr2","123951319","123951580","25","51004002"
"chr3","174960785","174960991","chr12","58853743","58853952","36","116107042"
"chr3","174962185","174962470","chr7","67059835","67060119","32","107902350"
"chr3","174963543","174963843","chr6","20317307","20317607","34","154646236"
"chr3","174973809","174974119","chr2","123935509","123935819","35","51038300"
"chr3","175011181","175011350","chr1","128904529","128904699","19","46106652"
"chr3","175012995","175013278","chr10","70944437","70944720","34","104068558"
"chr3","175057649","175057790","chr14","68181921","68182061","14","106875728"
"chr3","175065894","175066200","chr2","123841263","123841575","31","51224631"
"chr3","175068358","175068660","chr2","123838803","123839113","33","51229555"
"chr3","175079285","175079573","chr2","123827934","123828223","26","51251351"
"chr3","175079792","175080089","chr2","123827430","123827727","23","51252362"
"chr3","175086065","175086369","chr1","140376605","140376912","36","34709460"
"chr3","175088047","175088357","chr2","123819289","123819599","35","51268758"
"chr3","175089273","175089573","chr2","123818052","123818353","28","51271221"
"chr3","175108242","175108537","chr11","94267406","94267702","31","80840836"
"chr3","175118026","175118330","chr16","26332433","26332738","39","148785593"
"chr3","175295995","175296295","chr2","123744838","123745143","21","51551157"
"chr3","175321803","175322101","chr11","49132682","49132972","40","126189121"
"chr3","175324354","175324635","chr2","123715685","123715961","36","51608669"
"chr3","175330583","175330884","chr2","123709357","123709676","33","51621226"
"chr3","175331219","175331505","chr2","123708727","123709012","26","51622492"
"chr3","175335598","175335902","chr2","123704330","123704626","35","51631268"
"chr3","175341687","175341944","chr2","123698297","123698553","21","51643390"
"chr3","175368673","175368968","chr2","123626317","123626607","32","51742356"
"chr3","175377104","175377418","chr2","123617967","123618261","42","51759137"
"chr3","175386440","175386731","chr2","123608849","123609133","40","51777591"
"chr3","175386808","175387107","chrX","15077330","15077626","41","160309478"
"chr3","175387131","175387426","chr18","38278074","38278366","29","137109057"
"chr3","175389951","175390248","chr11","55358468","55358759","46","120031483"
"chr3","175391650","175391966","chr2","123603885","123604199","38","51787765"
"chr3","175403410","175403718","chr1","153252516","153252827","46","22150894"
"chr3","175405933","175406230","chr2","123590097","123590400","25","51815836"
"chr3","175411308","175411591","chrX","40056549","40056830","35","135354759"
"chr3","175416510","175416836","chr14","75408012","75408329","49","100008498"
"chr3","175434907","175435075","chr2","188225310","188225477","38","12790403"
"chr3","175435698","175435998","chr2","123564970","123565272","31","51870728"
"chr3","175436193","175436502","chr11","116651656","116651963","35","58784537"
"chr3","175454841","175455126","chr2","123540198","123540489","38","51914643"
"chr3","175458279","175458473","chr15","104600726","104600924","31","70857553"
"chr3","175463884","175464167","chr2","123529766","123530043","23","51934118"
"chr3","175468508","175468806","chr10","30252015","30252315","41","145216493"
"chr3","175469132","175469438","chr11","48521632","48521940","40","126947500"
"chr3","175475865","175476163","chr2","123517528","123517828","25","51958337"
"chr3","175477565","175477822","chr17","54090684","54090943","32","121386881"
"chr3","175502524","175502825","chr2","123491832","123492139","37","52010692"
"chr3","175503334","175503643","chr2","123491009","123491322","24","52012325"
"chr3","175516814","175517077","chr5","138988948","138989214","36","36527866"
"chr3","175517605","175517922","chr2","123475846","123476161","38","52041759"
"chr3","175524241","175524536","chr10","30442537","30442830","34","145081704"
"chr3","175525449","175525759","chr3","74376457","74376762","46","101148992"
"chr3","175530410","175530715","chr2","123461630","123461941","43","52068780"
"chr3","175538232","175538536","chr2","123455010","123455316","31","52083222"
"chr3","175543515","175543801","chr4","26395179","26395468","37","149148336"
"chr3","175544131","175544425","chr12","81710970","81711266","37","93833161"
"chr3","175552135","175552430","chr2","123443001","123443306","33","52109134"
"chr3","175554777","175554851","chr8","2867575","2867648","17","172687202"
"chr3","175563648","175563951","chr4","98050153","98050455","45","77513495"
"chr3","175570958","175571248","chr11","47011732","47012024","34","128559226"
"chr3","175577372","175577688","chr13","91751145","91751450","48","83826227"
"chr3","175581406","175581593","chr13","25538528","25538718","43","150042878"
"chr3","175582717","175583000","chr1","53660982","53661263","37","121921735"
"chr3","175583357","175583665","chr19","24285292","24285600","36","151298065"
"chr3","175589478","175589691","chr6","56511093","56511315","48","119078385"
"chr3","175590063","175590129","chr1","140858776","140858842","7","34731287"
"chr3","175592244","175592528","chr2","123405348","123405644","28","52186896"
"chr3","175600280","175600572","chr2","123397859","123398135","30","52202421"
"chr3","175602294","175602572","chrX","132257717","132257995","46","43344577"
"chr3","175606933","175607030","chr3","10321001","10321105","19","165285932"
"chr3","175607351","175607391","chr7","95880883","95880923","8","79726468"
"chr3","175608053","175608171","chr1","29437872","29437991","14","146170181"
"chr3","175609792","175609975","chr12","68127830","68128014","29","107481962"
"chr3","175620592","175620891","chr7","26853365","26853670","42","148767227"
"chr3","175625010","175625306","chr16","56014214","56014503","38","119610796"
"chr3","175626364","175626636","chrX","91825651","91825916","48","83800713"
"chr3","175638984","175639300","chr6","129934590","129934892","38","45704394"
"chr3","175647857","175648158","chr2","123357939","123358239","24","52289918"
"chr3","175650231","175650519","chr3","22373736","22374027","36","153276495"
"chr3","175653024","175653328","chr2","123353201","123353509","32","52299823"
"chr3","175665244","175665387","chr8","143494670","143494809","23","32170574"
"chr3","175716873","175717154","chr2","123289996","123290278","23","52426877"
"chr3","175727633","175727947","chr2","123279302","123279588","60","52448331"
"chr3","175812279","175812573","chr1","113414080","113414375","39","62398199"
"chr3","175829621","175829911","chr1","22949770","22950065","38","152879851"
"chr3","175833498","175833813","chr2","123173293","123173608","27","52660205"
"chr3","175906401","175906704","chr4","38861882","38862181","49","137044519"
"chr3","175975180","175975468","chr2","123032724","123033011","27","52942456"
"chr3","176035293","176035577","chr2","122976201","122976488","35","53059092"
"chr3","176067658","176067917","chr13","1385163","1385424","46","174682495"
"chr3","176084560","176084865","chr2","122933890","122934203","30","53150670"
"chr3","176086162","176086453","chr13","64764593","64764885","36","111321569"
"chr3","176109821","176109975","chr3","20732648","20732801","29","155377173"
"chr3","176110100","176110209","chr2","122908516","122908627","15","53201584"
"chr3","176222380","176222720","chr13","20564395","20564704","63","155657985"
"chr3","176283762","176284035","chr4","105773997","105774278","40","70509765"
"chr3","176338699","176338986","chr14","6901000","6901287","38","169437699"
"chr3","176361245","176361536","chr9","36121423","36121715","39","140239822"
"chr3","176529507","176529834","chr2","122485678","122485984","54","54043829"
"chr3","176542110","176542330","chr2","122472901","122473116","21","54069209"
"chr3","176573202","176573494","chr9","119250959","119251254","34","57322243"
"chr3","176594304","176594607","chr1","56881921","56882217","27","119712383"
"chr3","176606656","176606959","chr7","164207290","164207599","39","12399366"
"chr3","176658002","176658293","chr2","122357806","122358075","40","54300196"
"chr3","176721525","176721821","chr7","136383812","136384114","38","40337713"
"chr3","176846225","176846531","chr2","122173604","122173902","38","54672621"
"chr3","176857831","176858112","chr2","122161961","122162251","37","54695870"
"chr3","176863359","176863655","chr2","122155716","122156005","34","54707643"
"chr3","176901101","176901262","chr6","132206031","132206198","22","44695070"
"chr3","176965231","176965515","chr2","202930199","202930485","32","25964968"
"chr3","176983641","176983942","chr2","122033820","122034130","29","54949821"
"chr3","176998294","176998545","chr6","130484936","130485189","31","46513358"
"chr3","177022469","177022766","chr2","121995407","121995702","15","55027062"
"chr3","177043719","177044009","chr2","121975514","121975808","20","55068205"
"chr3","177056171","177056461","chr2","121962583","121962874","26","55093588"
"chr3","177103821","177104115","chr1","142214846","142215140","36","34888975"
"chr3","177104460","177104616","chr20","60918","61074","25","177043542"
"chr3","177104913","177105049","chr15","46588622","46588757","16","130516291"
"chr3","177107930","177108231","chr2","121905343","121905641","24","55202587"
"chr3","177109026","177109294","chr2","121904295","121904560","22","55204731"
"chr3","177130265","177130575","chr5","97614678","97614986","43","79515587"
"chr3","177153198","177153505","chr2","121857657","121857968","39","55295541"
"chr3","177161932","177162239","chr16","17356983","17357292","35","159804949"
"chr3","177165008","177165275","chr4","171650853","171651129","46","5514155"
"chr3","177176231","177176538","chr2","121834048","121834354","28","55342183"
"chr3","177196532","177196799","chr8","142242840","142243113","36","34953692"
"chr3","177204152","177204444","chr15","47684746","47685042","32","129519406"
"chr3","177218595","177218893","chr16","45044828","45045127","39","132173767"
"chr3","177223063","177223351","chr2","121785162","121785450","24","55437901"
"chr3","177240319","177240616","chr5","93179263","93179563","29","84061056"
"chr3","177258368","177258665","chr2","121748787","121749086","24","55509581"
"chr3","177300243","177300510","chr2","121706874","121707147","18","55593369"
"chr3","177351270","177351570","chr14","15756054","15756351","39","161595216"
"chr3","177356389","177356676","chr2","121651097","121651383","30","55705292"
"chr3","177369354","177369664","chr17","81607784","81608087","40","95761570"
"chr3","177443649","177443906","chr2","121562510","121562766","15","55881139"
"chr3","177471050","177471202","chr2","188378796","188378944","21","10907746"
"chr3","177510122","177510417","chr20","56789030","56789326","28","120721092"
"chr3","177511552","177511909","chr15","79998876","79999220","61","97512676"
"chr3","177582500","177582809","chr1","18388286","18388599","44","159194214"
"chr3","177624261","177624546","chr13","40318643","40318917","48","137305618"
"chr3","177640109","177640194","chr5","992730","992816","13","176647379"
"chr3","177640237","177640446","chr2","121363949","121364157","17","56276288"
"chr3","177677173","177677276","chr2","121314465","121314565","13","56362708"
"chr3","177702411","177702716","chrX","148191845","148192147","32","29510566"
"chr3","177716508","177716661","chr15","8538420","8538567","33","169178088"
"chr3","177716757","177717045","chr20","56831413","56831703","36","120885344"
"chr3","177719737","177720041","chr2","121269990","121270291","23","56449747"
"chr3","177729840","177730148","chr2","121255887","121256197","16","56473953"
"chr3","177731123","177731399","chr2","121254634","121254921","33","56476489"
"chr3","177746429","177746727","chr15","10323810","10324107","36","167422619"
"chr3","177747671","177747981","chrX","147516657","147516967","37","30231014"
"chr3","177812284","177812575","chr16","5048763","5049058","31","172763521"
"chr3","177837647","177837787","chr2","121135122","121135262","6","56702525"
"chr3","177838247","177838407","chr6","58863249","58863409","20","118974998"
"chr3","177859882","177859988","chr12","106135345","106135451","17","71724537"
"chr3","177877182","177877361","chr16","43272620","43272787","31","134604562"
"chr3","177885084","177885381","chr13","44024521","44024816","38","133860563"
"chr3","177894704","177895017","chr7","80060557","80060869","40","97834147"
"chr3","177903824","177904142","chr2","121058184","121058510","40","56845640"
"chr3","177913834","177914132","chr2","121048593","121048890","25","56865241"
"chr3","177934755","177935060","chr2","121027827","121028127","30","56906928"
"chr3","177947657","177947949","chr16","4755567","4755860","34","173192090"
"chr3","177958938","177959146","chr4","160315633","160315842","40","17643305"
"chr3","177963782","177964060","chr2","120997842","120998130","44","56965940"
"chr3","177981645","177981926","chr16","2871012","2871300","42","175110633"
"chr3","177982081","177982254","chr3","96122448","96122622","28","81859633"
"chr3","178012757","178013062","chr2","120947649","120947948","30","57065108"
"chr3","178020108","178020404","chr2","120940325","120940623","33","57079783"
"chr3","178091790","178092088","chr2","120867438","120867738","15","57224352"
"chr3","178130221","178130521","chr2","120829341","120829637","40","57300880"
"chr3","178188837","178189145","chrX","23558557","23558868","37","154630280"
"chr3","178206175","178206471","chr2","84826493","84826791","49","93379682"
"chr3","178236705","178236978","chrX","71486439","71486712","49","106750266"
"chr3","178246325","178246592","chr7","77691349","77691620","39","100554976"
"chr3","178258148","178258456","chr17","79764877","79765185","39","98493271"
"chr3","178268568","178268833","chr2","120647719","120647983","30","57620849"
"chr3","178304996","178305212","chr13","94935954","94936168","33","83369042"
"chr3","178328723","178328868","chr7","68954357","68954508","24","109374366"
"chr3","178509937","178510241","chr2","120383084","120383381","33","58126853"
"chr3","178846985","178847241","chr2","120057448","120057725","50","58789537"
"chr3","178854241","178854552","chr2","120050322","120050616","40","58803919"
"chr3","178929683","178929969","chr2","119918658","119918942","25","59011025"
"chr3","178946842","178947145","chr1","221811818","221812117","36","42864976"
"chr3","179065774","179066095","chr1","55049515","55049816","48","124016259"
"chr3","179082726","179083036","chr2","119759172","119759477","33","59323554"
"chr3","179099153","179099450","chr14","15756054","15756351","37","163343099"
"chr3","179111348","179111648","chr3","41872748","41873047","32","137238600"
"chr3","179154262","179154553","chr19","44781977","44782268","31","134372285"
"chr3","179154599","179154907","chr14","18780037","18780345","40","160374562"
"chr3","179304832","179305134","chr2","119528613","119528916","20","59776219"
"chr3","179411224","179411521","chr7","5537918","5538212","38","173873306"
"chr3","179527308","179527592","chr2","119317305","119317592","23","60210003"
"chr3","179539886","179540226","chr2","56893700","56894034","45","122646186"
"chr3","179556298","179556599","chr1","21703139","21703436","46","157853159"
"chr3","179588844","179589150","chr2","119242591","119242895","26","60346253"
"chr3","179637885","179638195","chr1","140376605","140376912","39","39261280"
"chr3","179658649","179658945","chr2","119172540","119172851","40","60486109"
"chr3","179659256","179659561","chr2","119171914","119172224","19","60487342"
"chr3","179756376","179756632","chr2","119053718","119053975","20","60702658"
"chr3","179832806","179833101","chr2","118964398","118964692","25","60868408"
"chr3","179864443","179864735","chr2","118934243","118934546","37","60930200"
"chr3","179892494","179892800","chrX","95124717","95125020","34","84767777"
"chr3","179919815","179920114","chr20","56789030","56789326","36","123130785"
"chr3","179938232","179938533","chrX","17790100","17790403","37","162148132"
"chr3","179975066","179975280","chr7","77300681","77300892","35","102674385"
"chr3","179978041","179978353","chr2","118817140","118817448","41","61160901"
"chr3","179979001","179979294","chr20","63374772","63375065","27","116604229"
"chr3","179980699","179980980","chr7","139880635","139880922","53","40100064"
"chr3","180029205","180029498","chr6","44313901","44314193","35","135715304"
"chr3","180067328","180067635","chrX","40852936","40853242","39","139214392"
"chr3","180101083","180101384","chr2","35155157","35155458","36","144945926"
"chr3","180177039","180177336","chr8","93049829","93050127","33","87127210"
"chr3","180200500","180200790","chr2","118568197","118568492","29","61632303"
"chr3","180363855","180364012","chr20","52171573","52171738","26","128192282"
"chr3","180364048","180364182","chr13","57272723","57272853","23","123091325"
"chr3","180467270","180467563","chr7","17153194","17153493","46","163314076"
"chr3","180497508","180497801","chr5","7365971","7366261","39","173131537"
"chr3","180603302","180603476","chr14","84880122","84880288","32","95723180"
"chr3","180673654","180673967","chr1","131473145","131473453","42","49200509"
"chr3","180797810","180798111","chr2","117914230","117914532","34","62883580"
"chr3","180816025","180816322","chr1","52875145","52875442","34","127940880"
"chr3","180946417","180946724","chrX","47581011","47581317","40","133365406"
"chr3","180968984","180969284","chr4","117903636","117903937","39","63065348"
"chr3","181111681","181111991","chr2","117582421","117582729","41","63529260"
"chr3","181193880","181194194","chr2","117502220","117502528","38","63691660"
"chr3","181309560","181309854","chr13","102314610","102314902","39","78994950"
"chr3","181328499","181328776","chrX","40673024","40673315","42","140655475"
"chr3","181351211","181351532","chr9","6386849","6387160","47","174964362"
"chr3","181377566","181377705","chrX","147913924","147914058","19","33463642"
"chr3","181378011","181378176","chr14","65813321","65813489","24","115564690"
"chr3","181439968","181440269","chr7","113559810","113560113","29","67880158"
"chr3","181453389","181453613","chr9","61757975","61758199","50","119695414"
"chr3","181510142","181510467","chr14","109288038","109288362","48","72222104"
"chr3","181518120","181518398","chr2","117122929","117123212","31","64395191"
"chr3","181563375","181563681","chr7","67062903","67063207","52","114500472"
"chr3","181590205","181590492","chr3","32443406","32443689","60","149146799"
"chr3","181623808","181624108","chr10","12135452","12135750","48","169488356"
"chr3","181680336","181680598","chr8","42733565","42733821","53","138946771"
"chr3","181688486","181688772","chr2","117013941","117014217","37","64674545"
"chr3","181737106","181737405","chr6","129934590","129934892","31","51802516"
"chr3","181849160","181849502","chr2","116816288","116816598","53","65032872"
"chr3","181930887","181931189","chr5","39320370","39320666","55","142610517"
"chr3","181956055","181956178","chr2","116697314","116697437","6","65258741"
"chr3","181956282","181956467","chr2","116697025","116697210","15","65259257"
"chr3","181994216","181994491","chrX","123750327","123750609","28","58243889"
"chr3","182011720","182012021","chr2","116646592","116646898","33","65365128"
"chr3","182038391","182038563","chr6","171382337","171382512","24","10656054"
"chr3","182069706","182070019","chr2","116592827","116593134","34","65476879"
"chr3","182170494","182170591","chr1","62231025","62231129","19","119939469"
"chr3","182184357","182184654","chr4","136290265","136290568","33","45894092"
"chr3","182187947","182188245","chr10","19619930","19620227","35","162568017"
"chr3","182202014","182202310","chr4","115355906","115356204","38","66846108"
"chr3","182299514","182299697","chr4","80274019","80274212","28","102025495"
"chr3","182360921","182361227","chrX","118369057","118369360","41","63991864"
"chr3","182365991","182366254","chr1","139650554","139650817","38","42715437"
"chr3","182370155","182370468","chr2","116284754","116285061","32","66085401"
"chr3","182394592","182394890","chr2","116255214","116255510","17","66139378"
"chr3","182418177","182418470","chr2","116228252","116228543","28","66189925"
"chr3","182420464","182420544","chr11","54627284","54627363","10","127793180"
"chr3","182422375","182422407","chr14","10568172","10568206","5","171854203"
"chr3","182422894","182423056","chrX","117720504","117720665","26","64702390"
"chr3","182425361","182425541","chr1","21707196","21707366","41","160718165"
"chr3","182440473","182440749","chr2","116208398","116208674","28","66232075"
"chr3","182447099","182447192","chr7","135528767","135528862","12","46918332"
"chr3","182456360","182456641","chr2","116191019","116191300","35","66265341"
"chr3","182459428","182459725","chr2","116187300","116187599","42","66272128"
"chr3","182473142","182473428","chr1","129058250","129058532","42","53414892"
"chr3","182477810","182478120","chr15","110132876","110133179","39","72344934"
"chr3","182481482","182481748","chr3","158844261","158844522","48","23637221"
"chr3","182483293","182483585","chr12","81710970","81711266","41","100772323"
"chr3","182504711","182505005","chr13","14714807","14715101","30","167789904"
"chr3","182506008","182506308","chr14","15756054","15756351","31","166749954"
"chr3","182509793","182509892","chr20","21802714","21802813","11","160707079"
"chr3","182510044","182510229","chrX","23681445","23681631","26","158828599"
"chr3","182510602","182510887","chr2","97762490","97762776","39","84748112"
"chr3","182513095","182513390","chr1","28282455","28282751","33","154230640"
"chr3","182518856","182519164","chr3","123607450","123607753","48","58911406"
"chr3","182523574","182523881","chr7","139827579","139827889","40","42695995"
"chr3","182526877","182527171","chr2","116116078","116116370","23","66410799"
"chr3","182528557","182528731","chr2","116114501","116114675","11","66414056"
"chr3","182533016","182533319","chr7","139117398","139117700","33","43415618"
"chr3","182534233","182534539","chr11","116651656","116651963","33","65882577"
"chr3","182534960","182535269","chr2","116106812","116107120","34","66428148"
"chr3","182546980","182547295","chr2","116094236","116094550","25","66452744"
"chr3","182550284","182550577","chr2","116090968","116091262","33","66459316"
"chr3","182555354","182555637","chr2","116086320","116086609","23","66469034"
"chr3","182557101","182557398","chr1","220883377","220883674","36","38326276"
"chr3","182558234","182558358","chr10","71057988","71058112","16","111500246"
"chr3","182563163","182563261","chr19","28835350","28835446","13","153727813"
"chr3","182563558","182563672","chr13","33261036","33261160","18","149302522"
"chr3","182568084","182568374","chr12","65951597","65951896","43","116616487"
"chr3","182599262","182599556","chr2","116039411","116039709","18","66559851"
"chr3","182620305","182620590","chr4","17946850","17947134","32","164673455"
"chr3","182622908","182623169","chr2","116014584","116014853","24","66608324"
"chr3","182658038","182658330","chr1","123659247","123659540","37","58998791"
"chr3","182676131","182676414","chrX","18762322","18762605","33","163913809"
"chr3","182696524","182696822","chr2","115939109","115939400","39","66757415"
"chr3","182701066","182701355","chr2","115934545","115934832","30","66766521"
"chr3","182768046","182768326","chr2","115866197","115866497","43","66901849"
"chr3","182793475","182793803","chr3","38170116","38170440","46","144623359"
"chr3","182803150","182803411","chr2","115830813","115831083","24","66972337"
"chr3","182806273","182806567","chr12","66521956","66522247","41","116284317"
"chr3","182806728","182806886","chr5","39240849","39241005","32","143565879"
"chr3","182863242","182863448","chrX","25813318","25813533","38","157049924"
"chr3","182938099","182938412","chr6","73393768","73394067","43","109544331"
"chr3","182977789","182978106","chr20","37925942","37926250","44","145051847"
"chr3","183004355","183004645","chr2","115625782","115626062","32","67378573"
"chr3","183143159","183143466","chr2","115412706","115413013","20","67730453"
"chr3","183204380","183204656","chr2","115303978","115304266","42","67900402"
"chr3","183217800","183217997","chr4","54715512","54715710","29","128502288"
"chr3","183333661","183333946","chr2","115169317","115169604","39","68164344"
"chr3","183371670","183371962","chr3","101319684","101319980","38","82051986"
"chr3","183485880","183486188","chr1","97853233","97853535","36","85632647"
"chr3","183498368","183498675","chr2","115009746","115010046","20","68488622"
"chr3","183517877","183518182","chr7","26853365","26853670","43","156664512"
"chr3","183522817","183523113","chrX","52560249","52560544","35","130962568"
"chr3","183523409","183523575","chr16","57296193","57296358","22","126227216"
"chr3","183773521","183773835","chrX","23558557","23558868","42","160214964"
"chr3","183798920","183799222","chrX","44939650","44939949","36","138859270"
"chr3","183810744","183811050","chr14","100441445","100441748","30","83369299"
"chr3","184003244","184003514","chr19","5820085","5820367","45","178183159"
"chr3","184114153","184114205","chr11","9120220","9120272","9","174993933"
"chr3","184114637","184114814","chr4","127864075","127864248","24","56250562"
"chr3","184243916","184244218","chr2","114255397","114255700","24","69988519"
"chr3","184249144","184249437","chr15","39460070","39460366","29","144789074"
"chr3","184264708","184265004","chr2","114233552","114233848","30","70031156"
"chr3","184295832","184295950","chr5","2364839","2364958","14","181930993"
"chr3","184308729","184309039","chr2","114177461","114177778","28","70131268"
"chr3","184417249","184417547","chr2","114064684","114064992","30","70352565"
"chr3","184439715","184440015","chr2","114042649","114042950","37","70397066"
"chr3","184448161","184448457","chrX","132630415","132630710","40","51817746"
"chr3","184460140","184460441","chr3","123607450","123607753","33","60852690"
"chr3","184462587","184462880","chr11","48892425","48892714","38","135570162"
"chr3","184525196","184525487","chr9","127227744","127228032","38","57297452"
"chr3","184531384","184531619","chr16","9675962","9676190","38","174855422"
"chr3","184543558","184543689","chrX","2592837","2592968","14","181950721"
"chr3","184557153","184557472","chr2","113909371","113909673","51","70647782"
"chr3","184559056","184559354","chr3","21160342","21160639","38","163398714"
"chr3","184559929","184560225","chr2","113906399","113906695","23","70653530"
"chr3","184563894","184564143","chr18","66579095","66579338","39","117984799"
"chr3","184564330","184564620","chr3","157258990","157259281","36","27305340"
"chr3","184565941","184566240","chr4","38861882","38862181","35","145704059"
"chr3","184608639","184608928","chr1","162837138","162837422","34","21771501"
"chr3","184608963","184608982","chr3","75534440","75534456","4","109074523"
"chr3","184613610","184613924","chr6","176121333","176121642","43","8492277"
"chr3","184630141","184630435","chr2","113835754","113836052","23","70794387"
"chr3","184647906","184648191","chr1","51464788","51465074","35","133183118"
"chr3","184657416","184657708","chr3","41456109","41456389","47","143201307"
"chr3","184697775","184698044","chrX","47094253","47094514","55","137603522"
"chr3","184738236","184738529","chr1","64584409","64584705","26","120153827"
"chr3","184747145","184747441","chr2","113712988","113713293","28","71034157"
"chr3","184787225","184787393","chr3","32667940","32668109","28","152119285"
"chr3","184810546","184810649","chr16","71876771","71876871","18","112933775"
"chr3","184810728","184811023","chr2","84487489","84487783","35","100323239"
"chr3","184811419","184811497","chr7","70010880","70010958","16","114800539"
"chr3","184813943","184814225","chr20","32205318","32205599","34","152608625"
"chr3","184835129","184835429","chr1","202022761","202023065","47","17187632"
"chr3","184840555","184840819","chr13","25975063","25975328","28","158865492"
"chr3","184848497","184848768","chr2","113581794","113582066","24","71266703"
"chr3","184860302","184860480","chr7","20916889","20917048","42","163943413"
"chr3","184872219","184872528","chr2","113557548","113557852","30","71314671"
"chr3","184873736","184874043","chrX","47581011","47581317","32","137292725"
"chr3","184926943","184927218","chr10","16131491","16131758","43","168795452"
"chr3","184928700","184929003","chr2","113497626","113497921","35","71431074"
"chr3","184930360","184930651","chr1","8282848","8283148","36","176647512"
"chr3","184940447","184940540","chr9","40489148","40489241","16","144451299"
"chr3","184940678","184940861","chrX","23681445","23681631","21","161259233"
"chr3","184945584","184945793","chr6","178976144","178976355","27","5969440"
"chr3","184950606","184950917","chr2","113474812","113475107","50","71475794"
"chr3","184966338","184966504","chr16","13074697","13074856","24","171891641"
"chr3","184968337","184968626","chr20","52868942","52869236","43","132099395"
"chr3","185038677","185038978","chr2","113382183","113382483","25","71656494"
"chr3","185044385","185044681","chr5","51540643","51540938","30","133503742"
"chr3","185074612","185074909","chr2","113345425","113345718","27","71729187"
"chr3","185114916","185115204","chr2","113302279","113302568","30","71812637"
"chr3","185174743","185175024","chr2","113243446","113243728","19","71931297"
"chr3","185250511","185250832","chr2","113177231","113177532","47","72073280"
"chr3","185338567","185338808","chr2","113083816","113084071","32","72254751"
"chr3","185397861","185398130","chr2","113019410","113019679","18","72378451"
"chr3","185481471","185481771","chr2","112933787","112934100","37","72547684"
"chr3","185518407","185518712","chr12","58910856","58911159","34","126607551"
"chr3","185527297","185527584","chr2","112889422","112889712","33","72637875"
"chr3","185588741","185588904","chr9","63869571","63869740","25","121719170"
"chr3","185592689","185592997","chr2","112813379","112813687","26","72779310"
"chr3","185623539","185623839","chr5","107966069","107966372","35","77657470"
"chr3","185737363","185737651","chr9","11886524","11886816","41","173850839"
"chr3","185870538","185870648","chr19","45791252","45791365","21","140079286"
"chr3","185986486","185986776","chr14","115431247","115431536","28","70555239"
"chr3","185994490","185994606","chr1","29437872","29437991","13","156556618"
"chr3","186071753","186072055","chr5","108474223","108474523","38","77597530"
"chr3","186076441","186076751","chr2","72554016","72554326","40","113522425"
"chr3","186081366","186081665","chr2","112265370","112265670","29","73815996"
"chr3","186086814","186087125","chr2","112259495","112259802","30","73827319"
"chr3","186087647","186087871","chr16","9675962","9676190","38","176411685"
"chr3","186103615","186103914","chr2","112234486","112234771","34","73869129"
"chr3","186104384","186104515","chr1","130415820","130415954","16","55688564"
"chr3","186105635","186105766","chr19","38786900","38787030","12","147318735"
"chr3","186106043","186106124","chr3","154697179","154697255","10","31408864"
"chr3","186108374","186108634","chr2","112230307","112230557","30","73878067"
"chr3","186130838","186131124","chr2","112203733","112204017","21","73927105"
"chr3","186131533","186131669","chrX","147913924","147914058","11","38217609"
"chr3","186219711","186220008","chr6","68162915","68163214","29","118056796"
"chr3","186223713","186224025","chr14","100441445","100441748","39","85782268"
"chr3","186235159","186235465","chr6","105234648","105234956","42","81000511"
"chr3","186257060","186257351","chr11","110637684","110637974","29","75619376"
"chr3","186272976","186273269","chr7","18502191","18502489","37","167770785"
"chr3","186286569","186286757","chr1","22526172","22526359","25","163760397"
"chr3","186327503","186327572","chr19","10207852","10207913","21","176119651"
"chr3","186330662","186330868","chr4","7455831","7456036","27","178874831"
"chr3","186346665","186346946","chr3","28239588","28239866","34","158107077"
"chr3","186346997","186347010","chr16","18986429","18986442","1","167360568"
"chr3","186398469","186398762","chr2","111921769","111922060","23","74476700"
"chr3","186404158","186404449","chrX","48844855","48845147","30","137559303"
"chr3","186546740","186546895","chr15","47639193","47639339","44","138907547"
"chr3","186547427","186547732","chr1","12293734","12294037","39","174253693"
"chr3","186553859","186554145","chr2","202930199","202930485","31","16376340"
"chr3","186568194","186568466","chr1","14706137","14706403","38","171862057"
"chr3","186610706","186611005","chr11","122378721","122379020","33","64231985"
"chr3","186761624","186761891","chr2","111500724","111500990","23","75260900"
"chr3","186763917","186764214","chr2","111498401","111498705","32","75265516"
"chr3","186782048","186782176","chr13","95834801","95834931","27","90947247"
"chr3","186811668","186811846","chr20","59426524","59426698","23","127385144"
"chr3","186812405","186812540","chr1","28201933","28202067","11","158610472"
"chr3","186842881","186843176","chr2","111423276","111423577","29","75419605"
"chr3","186948356","186948656","chr2","111319332","111319640","30","75629024"
"chr3","186971862","186972180","chr2","111295935","111296267","41","75675927"
"chr3","186980843","186981127","chr2","111286758","111287045","28","75694085"
"chr3","186989181","186989289","chr7","135286003","135286096","31","51703178"
"chr3","186996902","186997066","chr1","14757778","14757941","34","172239124"
"chr3","186997511","186997612","chr15","89488339","89488440","16","97509172"
"chr3","187010460","187010712","chr4","106750734","106750986","42","80259726"
"chr3","187034924","187035191","chr16","48893966","48894231","34","138140958"
"chr3","187037497","187037787","chr10","30442537","30442830","39","156594960"
"chr3","187043285","187043565","chr9","79005675","79005956","34","108037610"
"chr3","187047321","187047477","chr19","3732508","3732670","23","183314813"
"chr3","187053919","187054227","chr10","27115432","27115733","41","159938487"
"chr3","187066305","187066485","chr7","41555129","41555309","29","145511176"
"chr3","187070551","187070835","chr11","43326631","43326919","42","143743920"
"chr3","187071408","187071536","chr10","66401425","66401556","14","120669983"
"chr3","187074085","187074397","chr2","107986230","107986530","34","79087855"
"chr3","187083398","187083694","chr2","111194420","111194713","25","75888978"
"chr3","187086799","187087082","chr2","111189069","111189351","24","75897730"
"chr3","187089079","187089396","chr17","5312798","5313111","46","181776281"
"chr3","187098147","187098187","chr12","76733425","76733459","11","110364722"
"chr3","187098937","187099213","chrX","147618353","147618631","43","39480584"
"chr3","187116685","187116879","chr7","71783059","71783252","37","115333626"
"chr3","187124662","187124955","chr1","38517957","38518249","43","148606705"
"chr3","187145978","187146273","chr2","111123439","111123734","20","76022539"
"chr3","187151711","187151962","chr2","111117939","111118187","15","76033772"
"chr3","187174884","187175191","chr7","133517656","133517964","41","53657228"
"chr3","187181722","187182015","chr9","59685986","59686279","31","127495736"
"chr3","187183221","187183377","chr6","143310132","143310288","21","43873089"
"chr3","187189367","187189686","chr2","111080152","111080477","35","76109215"
"chr3","187219232","187219541","chr4","35833523","35833832","44","151385709"
"chr3","187274924","187275099","chr1","128904529","128904699","32","58370395"
"chr3","187275125","187275218","chr19","29052492","29052583","21","158222633"
"chr3","187454867","187455089","chr16","9675962","9676190","35","177778905"
"chr3","187479608","187479828","chr4","116777080","116777297","33","70702528"
"chr3","187647252","187647561","chr2","144024837","144025145","45","43622415"
"chr3","187653169","187653448","chr2","110618730","110619007","20","77034439"
"chr3","187691671","187691978","chr7","139117398","139117700","40","48574273"
"chr3","187711917","187712204","chr5","1459273","1459553","34","186252644"
"chr3","187760181","187760341","chr7","7584089","7584243","41","180176092"
"chr3","187857259","187857547","chr2","110406679","110406964","21","77450580"
"chr3","187862713","187863014","chr7","161482502","161482799","37","26380211"
"chr3","187868506","187868811","chr2","110395670","110395986","29","77472836"
"chr3","187880731","187881030","chr2","110383001","110383299","30","77497730"
"chr3","187902401","187902709","chrX","66383160","66383473","47","121519241"
"chr3","187913626","187913838","chr8","64758477","64758689","55","123155149"
"chr3","187932711","187933017","chr3","165559970","165560275","34","22372741"
"chr3","187961489","187961587","chr20","2323734","2323833","10","185637755"
"chr3","188003081","188003398","chr2","110290843","110291143","48","77712238"
"chr3","188047276","188047604","chr13","19255854","19256180","37","168791422"
"chr3","188069150","188069440","chr2","110218781","110219085","40","77850369"
"chr3","188131067","188131385","chrX","18477342","18477662","43","169653725"
"chr3","188133638","188133769","chr7","136416177","136416312","22","51717461"
"chr3","188134133","188134248","chrX","127885638","127885748","20","60248495"
"chr3","188157534","188157819","chr7","19502793","19503085","34","168654741"
"chr3","188170606","188170900","chr2","110106754","110107051","28","78063852"
"chr3","188191130","188191319","chr9","32684033","32684219","30","155507097"
"chr3","188194973","188195250","chr2","110084357","110084639","23","78110616"
"chr3","188214773","188215065","chr2","110063682","110063974","23","78151091"
"chr3","188231277","188231578","chr2","110047287","110047578","36","78183990"
"chr3","188251615","188251919","chr14","124293090","124293393","36","63958525"
"chr3","188260282","188260578","chr2","110018655","110018950","19","78241627"
"chr3","188263593","188263906","chr4","56459709","56460020","39","131803884"
"chr3","188289049","188289341","chr16","48001050","48001345","36","140287999"
"chr3","188296848","188297157","chr18","2235432","2235745","32","186061416"
"chr3","188320020","188320323","chr16","9395172","9395452","51","178924848"
"chr3","188340689","188340999","chr2","109927920","109928220","37","78412769"
"chr3","188364371","188364674","chr1","182310341","182310641","46","6054030"
"chr3","188383962","188384071","chr20","69598749","69598860","13","118785213"
"chr3","188391218","188391529","chr2","109878886","109879197","30","78512332"
"chr3","188399411","188399713","chr2","109871144","109871453","29","78528267"
"chr3","188410218","188410532","chr2","48871834","48872142","37","139538384"
"chr3","188416695","188416997","chr2","109853441","109853744","29","78563254"
"chr3","188478358","188478654","chr2","109793679","109793978","24","78684679"
"chr3","188484601","188484880","chr2","109787175","109787451","34","78697426"
"chr3","188498395","188498569","chr6","171382337","171382512","23","17116058"
"chr3","188498990","188499124","chr10","31067832","31067967","12","157431158"
"chr3","188505602","188505912","chr2","109765631","109765925","37","78739971"
"chr3","188520918","188521101","chr13","66474968","66475153","23","122045950"
"chr3","188521288","188521419","chr2","192722632","192722764","15","4201344"
"chr3","188533953","188534243","chr1","43419061","43419362","39","145114892"
"chr3","188537797","188538103","chr2","134713945","134714245","39","53823852"
"chr3","188556796","188557087","chr6","177238676","177238968","40","11318120"
"chr3","188570725","188571019","chr2","109695394","109695687","26","78875331"
"chr3","188576935","188577134","chr7","95222121","95222323","28","93354814"
"chr3","188584830","188585129","chr2","109683096","109683395","25","78901734"
"chr3","188600020","188600328","chr2","109666998","109667299","25","78933022"
"chr3","188622326","188622619","chr5","57392178","57392470","40","131230148"
"chr3","188628052","188628343","chr2","109638429","109638726","37","78989623"
"chr3","188649459","188649759","chr2","109606065","109606368","21","79043394"
"chr3","188659839","188660124","chr3","34722332","34722616","30","153937507"
"chr3","188677384","188677699","chr2","109576009","109576317","26","79101375"
"chr3","188701470","188701685","chr2","109551584","109551799","18","79149886"
"chr3","188701773","188702070","chr2","109551213","109551524","34","79150560"
"chr3","188726636","188726925","chr9","115113357","115113647","26","73613279"
"chr3","188747515","188747799","chr2","109504407","109504696","29","79243108"
"chr3","188751417","188751713","chr7","35763134","35763429","41","152988283"
"chr3","188755010","188755307","chr16","12520017","12520311","43","176234993"
"chr3","188784983","188785094","chr2","123420120","123420229","23","65364863"
"chr3","188787735","188787865","chr11","33723808","33723943","33","155063927"
"chr3","188793503","188793804","chr5","51540643","51540938","31","137252860"
"chr3","188807451","188807762","chr2","109439737","109440048","30","79367714"
"chr3","188815393","188815486","chr11","13986069","13986156","14","174829324"
"chr3","188827562","188827892","chr12","113453261","113453591","48","75374301"
"chr3","188828429","188828732","chr6","176230133","176230436","30","12598296"
"chr3","188833918","188834080","chr16","3098326","3098486","25","185735592"
"chr3","188897141","188897274","chr8","144173317","144173448","16","44723824"
"chr3","188899212","188899517","chr2","109353423","109353729","25","79545789"
"chr3","188899794","188900095","chr5","107966069","107966372","32","80933725"
"chr3","188900960","188901241","chr7","112938676","112938952","41","75962284"
"chr3","188902821","188903125","chr4","73635301","73635606","30","115267520"
"chr3","188906505","188906645","chr4","158835451","158835593","17","30071054"
"chr3","188918037","188918320","chr1","68814796","68815078","39","120103241"
"chr3","188924414","188924718","chr1","154657402","154657710","37","34267012"
"chr3","188941405","188941577","chr3","36257142","36257313","41","152684263"
"chr3","188951399","188951603","chr19","10370828","10371033","31","178580571"
"chr3","188962229","188962521","chr1","112580058","112580347","38","76382171"
"chr3","188966938","188967249","chr7","162123349","162123656","37","26843589"
"chr3","188969599","188969891","chr3","48843566","48843858","36","140126033"
"chr3","188981724","188982039","chr2","109271992","109272314","42","79709732"
"chr3","188988374","188988661","chr9","900129","900422","36","188088245"
"chr3","189000593","189000745","chr2","167412434","167412586","35","21588159"
"chr3","189001318","189001625","chr9","120749517","120749821","37","68251801"
"chr3","189014840","189015126","chr2","109240248","109240530","24","79774592"
"chr3","189025207","189025339","chr13","87428828","87428964","14","101596379"
"chr3","189026935","189027106","chr4","73962181","73962351","23","115064754"
"chr3","189056923","189057214","chr10","59533983","59534273","42","129522940"
"chr3","189062334","189062634","chr2","109194208","109194506","24","79868126"
"chr3","189063808","189064103","chr10","59405882","59406180","32","129657926"
"chr3","189073197","189073495","chr17","76823075","76823375","40","112250122"
"chr3","189076394","189076731","chr1","219527315","219527649","69","30450921"
"chr3","189088869","189089043","chr3","55291527","55291698","38","133797342"
"chr3","189093721","189093856","chr19","43146454","43146588","9","145947267"
"chr3","189094789","189095080","chr7","44377007","44377301","31","144717782"
"chr3","189095232","189095508","chr2","109163455","109163728","20","79931777"
"chr3","189096810","189097106","chr2","109161520","109161819","36","79935290"
"chr3","189107567","189107854","chr10","37556074","37556363","32","151551493"
"chr3","189110454","189110769","chr2","109151512","109151823","43","79958942"
"chr3","189111446","189111745","chr15","47940488","47940790","43","141170958"
"chr3","189112593","189112905","chr16","67036519","67036834","42","122076074"
"chr3","189116664","189116960","chr14","15756054","15756351","34","173360610"
"chr3","189118575","189118874","chr9","72689343","72689637","35","116429232"
"chr3","189125965","189126262","chr2","109134182","109134474","38","79991783"
"chr3","189126620","189126934","chr2","109133515","109133826","19","79993105"
"chr3","189137825","189137934","chr6","178514077","178514184","16","10623748"
"chr3","189138605","189138765","chrX","95100361","95100524","21","94038244"
"chr3","189138800","189139080","chr6","155905714","155905994","40","33233086"
"chr3","189145316","189145608","chr7","154137355","154137650","40","35007961"
"chr3","189170982","189171276","chr2","109089988","109090284","27","80080994"
"chr3","189180623","189180927","chr2","109080698","109080998","32","80099925"
"chr3","189181448","189181739","chr8","22329478","22329771","35","166851970"
"chr3","189182277","189182577","chr2","109079036","109079348","40","80103241"
"chr3","189194752","189195050","chr2","109066953","109067256","21","80127799"
"chr3","189200348","189200652","chr2","109061372","109061675","31","80138976"
"chr3","189203641","189203952","chr2","109058056","109058354","34","80145585"
"chr3","189209058","189209356","chr10","59405882","59406180","40","129803176"
"chr3","189212283","189212532","chr2","109049106","109049351","27","80163177"
"chr3","189222584","189222896","chr1","4731654","4731965","38","184490930"
"chr3","189238461","189238575","chrX","95559538","95559654","14","93678923"
"chr3","189244019","189244318","chr2","109017491","109017801","33","80226528"
"chr3","189248371","189248695","chr11","68344523","68344835","70","120903848"
"chr3","189275700","189275992","chr2","108979059","108979356","32","80296641"
"chr3","189276235","189276407","chr1","173281089","173281254","27","15995146"
"chr3","189276802","189276852","chr7","155385603","155385655","6","33891199"
"chr3","189279593","189279891","chr3","74170622","74170921","35","115108971"
"chr3","189281167","189281331","chr18","23862121","23862285","30","165419046"
"chr3","189295229","189295524","chr2","108956284","108956583","24","80338945"
"chr3","189297671","189297966","chr5","51540643","51540938","38","137757028"
"chr3","189300963","189301223","chr16","71084000","71084258","45","118216963"
"chr3","189625837","189626016","chr10","59575622","59575800","28","130050215"
"chr3","189629709","189630003","chr1","210356911","210357204","32","20727202"
"chr3","189632107","189632401","chr5","8289100","8289402","43","181343007"
"chr3","189636294","189636596","chr2","108934520","108934816","29","80701774"
"chr3","189637285","189637577","chr7","26706906","26707195","40","162930379"
"chr3","189638803","189639061","chr14","5451204","5451460","41","184187599"
"chr3","189645718","189646007","chr4","103348438","103348728","37","86297280"
"chr3","189646458","189646584","chr9","97550947","97551073","10","92095511"
"chr3","189647414","189647730","chr2","108922474","108922766","53","80724940"
"chr3","189648965","189649126","chr8","38416396","38416555","27","151232569"
"chr3","189650257","189650564","chr2","108919772","108920084","30","80730485"
"chr3","189665185","189665317","chr10","79268040","79268175","13","110397145"
"chr3","189666036","189666198","chrX","855241","855400","23","188810795"
"chr3","189672777","189673086","chr8","131966023","131966329","36","57706754"
"chr3","189681064","189681376","chr2","108887951","108888259","41","80793113"
"chr3","189687606","189687882","chr2","108881144","108881409","40","80806462"
"chr3","189721571","189721851","chr18","60459178","60459462","34","129262393"
"chr3","189727625","189727882","chr2","108839595","108839845","39","80888030"
"chr3","189728774","189729101","chr2","108838285","108838585","71","80890489"
"chr3","189730220","189730531","chr14","15756054","15756351","41","173974166"
"chr3","189730841","189731134","chr2","108835937","108836238","31","80894904"
"chr3","189734321","189734339","chr1","164350113","164350130","4","25384208"
"chr3","189734959","189735272","chr19","25424587","25424898","40","164310372"
"chr3","189735330","189735641","chr1","164718470","164718780","42","25016860"
"chr3","189744646","189744937","chr2","108825218","108825501","32","80919428"
"chr3","189764284","189764376","chr1","23524271","23524363","18","166240013"
"chr3","189764646","189764782","chr12","46488724","46488860","14","143275922"
"chr3","189799323","189799629","chr2","108768681","108768996","23","81030642"
"chr3","189816168","189816445","chrX","128112080","128112358","33","61704088"
"chr3","189913103","189913403","chr2","108650418","108650714","37","81262685"
"chr3","189916852","189917153","chr2","108645342","108645647","25","81271510"
"chr3","189928953","189929252","chr2","108633654","108633960","31","81295299"
"chr3","189934654","189934952","chr7","2877777","2878073","40","187056877"
"chr3","189935811","189936117","chrX","112898131","112898434","30","77037680"
"chr3","189937309","189937460","chr14","90896617","90896768","33","99040692"
"chr3","189938452","189938755","chr10","1479584","1479867","62","188458868"
"chr3","189942435","189942624","chr2","203146906","203147087","25","13204471"
"chr3","189943071","189943365","chr9","106062816","106063114","30","83880255"
"chr3","189949193","189949487","chr2","108611984","108612274","32","81337209"
"chr3","189953892","189954200","chrX","123974305","123974614","40","65979587"
"chr3","189954561","189954863","chr6","32157411","32157710","36","157797150"
"chr3","189956841","189957146","chr16","49561590","49561896","38","140395251"
"chr3","189960283","189960587","chr2","108600470","108600770","26","81359813"
"chr3","189961643","189961924","chr3","126089617","126089901","33","63872026"
"chr3","189966019","189966312","chr2","108594417","108594710","32","81371602"
"chr3","189969358","189969574","chr14","99604703","99604919","30","90364655"
"chr3","189975668","189975800","chr13","27954485","27954619","16","162021183"
"chr3","189981060","189981349","chr3","169764970","169765265","41","20216090"
"chr3","190042719","190043017","chr2","108511509","108511810","27","81531210"
"chr3","190050713","190050931","chrX","39725494","39725711","25","150325219"
"chr3","190052530","190052604","chr3","164752103","164752177","12","25300427"
"chr3","190052710","190052934","chr7","161678790","161679013","30","28373920"
"chr3","190057810","190058102","chrX","41343873","41344170","38","148713937"
"chr3","190117127","190117423","chr2","108436810","108437104","31","81680317"
"chr3","190126039","190126340","chr2","146877836","146878139","34","43248203"
"chr3","190141370","190141680","chr14","104809864","104810174","42","85331506"
"chr3","190143127","190143403","chr7","117150838","117151123","43","72992289"
"chr3","190144031","190144311","chr9","64310443","64310725","39","125833588"
"chr3","190146297","190146611","chr11","56032052","56032370","33","134114245"
"chr3","190164244","190164545","chr2","108390975","108391266","33","81773269"
"chr3","190178240","190178542","chr1","15299545","15299845","34","174878695"
"chr3","190194482","190194790","chr2","108360239","108360547","21","81834243"
"chr3","190202526","190202719","chr3","72356001","72356174","44","117846525"
"chr3","190205565","190205870","chr2","108349141","108349442","31","81856424"
"chr3","190208838","190208978","chr4","28214549","28214688","18","161994289"
"chr3","190208980","190209185","chr11","104681482","104681686","25","85527498"
"chr3","190222252","190222551","chr2","108332198","108332493","25","81890054"
"chr3","190228872","190229155","chr2","108325323","108325611","37","81903549"
"chr3","190248141","190248445","chr2","108305507","108305819","36","81942634"
"chr3","190254942","190255237","chr15","102740273","102740571","35","87514669"
"chr3","190266203","190266498","chr1","39808407","39808699","38","150457796"
"chr3","190275288","190275589","chr6","155190688","155190985","32","35084600"
"chr3","190283765","190284070","chr6","92577699","92577999","44","97706066"
"chr3","190301126","190301425","chr10","33484455","33484754","34","156816671"
"chr3","190311308","190311607","chr14","15756054","15756351","30","174555254"
"chr3","190320315","190320531","chr3","130119359","130119580","39","60200956"
"chr3","190325055","190325352","chrX","8591299","8591598","35","181733756"
"chr3","190339098","190339401","chr2","108214773","108215091","36","82124325"
"chr3","190366155","190366467","chr3","57419868","57420178","42","132946287"
"chr3","190441520","190441734","chr1","31814913","31815132","36","158626607"
"chr3","190461147","190461370","chr2","56378580","56378803","25","134082567"
"chr3","190484899","190485197","chr2","108071547","108071853","29","82413352"
"chr3","190536293","190536589","chr15","102740273","102740571","36","87796020"
"chr3","190540218","190540528","chr1","221714390","221714701","38","31174172"
"chr3","190541914","190542168","chr3","80030845","80031101","38","110511069"
"chr3","190560592","190560878","chrX","48185329","48185616","39","142375263"
"chr3","190571459","190571765","chr2","107975024","107975323","34","82596435"
"chr3","190606744","190606910","chr14","118920793","118920963","22","71685951"
"chr3","190607006","190607138","chr7","52682488","52682622","11","137924518"
"chr3","190609114","190609413","chr6","95776648","95776947","38","94832466"
"chr3","190618012","190618303","chr4","26395179","26395468","33","164222833"
"chr3","190638042","190638363","chrX","17563383","17563690","45","173074659"
"chr3","190642553","190642863","chr13","39480597","39480907","42","151161956"
"chr3","190643370","190643671","chr3","42882909","42883211","37","147760461"
"chr3","190648590","190648892","chr1","160634862","160635165","44","30013728"
"chr3","190650479","190650622","chr5","3251194","3251329","21","187399285"
"chr3","190651445","190651580","chr10","29597170","29597304","10","161054275"
"chr3","190651875","190652053","chr3","36859317","36859495","32","153792558"
"chr3","190654688","190654987","chr7","35376488","35376788","35","155278200"
"chr3","190670946","190671040","chr16","9676509","9676603","9","180994437"
"chr3","190671339","190671546","chr3","30112008","30112217","35","160559331"
"chr3","190678971","190679264","chr3","21904631","21904931","45","168774340"
"chr3","190680282","190680603","chr4","133475312","133475635","46","57204970"
"chr3","190698531","190698830","chr2","107850637","107850940","29","82847894"
"chr3","190716406","190716705","chr12","21043261","21043561","37","169673145"
"chr3","190720846","190721147","chr6","129934590","129934892","34","60786256"
"chr3","190736401","190736711","chr14","12437980","12438283","49","178298421"
"chr3","190740653","190740965","chr5","37636010","37636317","33","153104643"
"chr3","190747945","190748243","chr2","107798914","107799215","24","82949031"
"chr3","190775386","190775564","chr16","8306350","8306526","32","182469036"
"chr3","190777610","190777817","chr12","115779124","115779331","27","74998486"
"chr3","190778579","190778669","chr4","119411487","119411572","15","71367092"
"chr3","190782205","190782510","chr10","59667642","59667941","40","131114563"
"chr3","190784850","190785148","chrX","9240846","9241146","33","181544004"
"chr3","190790838","190791130","chrX","40673024","40673315","28","150117814"
"chr3","190810259","190810570","chr2","107724694","107725003","22","83085565"
"chr3","190825411","190825666","chr2","107710388","107710644","20","83115023"
"chr3","190833850","190834160","chr9","127339604","127339915","35","63494246"
"chr3","190857206","190857483","chr2","107678395","107678666","24","83178811"
"chr3","190867683","190867857","chr11","121198950","121199124","31","69668733"
"chr3","190872998","190873236","chr3","167052687","167052928","28","23820311"
"chr3","190892040","190892341","chr2","113975750","113976053","32","76916290"
"chr3","190923288","190923580","chr9","11886524","11886816","32","179036764"
"chr3","190925038","190925347","chr2","107614398","107614708","28","83310640"
"chr3","190930549","190930839","chr3","156945741","156946028","38","33984808"
"chr3","190938604","190938907","chr14","7643073","7643368","33","183295531"
"chr3","190941447","190941742","chr9","95281737","95282038","43","95659710"
"chr3","190943719","190944020","chrX","9240846","9241146","29","181702873"
"chr3","190967412","190967706","chr2","107574063","107574367","28","83393349"
"chr3","190977179","190977479","chr1","15299545","15299845","31","175677634"
"chr3","190986386","190986676","chr19","44781977","44782268","29","146204409"
"chr3","191002825","191003128","chr2","107538262","107538556","26","83464563"
"chr3","191008787","191009097","chr17","24909075","24909373","46","166099712"
"chr3","191015393","191015685","chr2","107524460","107524764","30","83490933"
"chr3","191017458","191017720","chr12","87656440","87656710","29","103361018"
"chr3","191019717","191020016","chr14","7643073","7643368","37","183376644"
"chr3","191020296","191020611","chr2","107519197","107519510","31","83501099"
"chr3","191026456","191026749","chr2","107506441","107506742","35","83520015"
"chr3","191031359","191031655","chr3","101319684","101319980","41","89711675"
"chr3","191042396","191042728","chr2","56893700","56894034","50","134148696"
"chr3","191050359","191050667","chr7","119926450","119926757","35","71123909"
"chr3","191055722","191056044","chrX","66383160","66383473","44","124672562"
"chr3","191060533","191060818","chr8","31289804","31290090","37","159770729"
"chr3","191065354","191065644","chr14","15756054","15756351","39","175309300"
"chr3","191077142","191077446","chr8","94510144","94510444","40","96566998"
"chr3","191078860","191079028","chr11","28710429","28710602","28","162368431"
"chr3","191079658","191079817","chr19","14493319","14493479","19","176586339"
"chr3","191082722","191082867","chr7","120346484","120346633","19","70736238"
"chr3","191095939","191096102","chr14","109632667","109632830","23","81463272"
"chr3","191097507","191097668","chr11","49739997","49740154","27","141357510"
"chr3","191101550","191101846","chr2","107424203","107424489","35","83677347"
"chr3","191102544","191102753","chr12","58853743","58853952","36","132248801"
"chr3","191112034","191112328","chr2","107413217","107413517","27","83698817"
"chr3","191124438","191124735","chr2","107400897","107401197","23","83723541"
"chr3","191126380","191126702","chr1","125348377","125348684","46","65778003"
"chr3","191136824","191137045","chr4","149296684","149296907","28","41840140"
"chr3","191137292","191137474","chr19","10638315","10638503","34","180498977"
"chr3","191139517","191139808","chr2","107385626","107385924","28","83753891"
"chr3","191151420","191151713","chr9","63616129","63616431","39","127535291"
"chr3","191168701","191169007","chr2","107357461","107357762","31","83811240"
"chr3","191186590","191186873","chr17","8182942","8183226","35","183003648"
"chr3","191196322","191196466","chr4","28214549","28214688","24","162981773"
"chr3","191217259","191217564","chr19","11709484","11709786","35","179507775"
"chr3","191228956","191229294","chr2","56893700","56894034","52","134335256"
"chr3","191232900","191233195","chr5","185702543","185702840","35","5530357"
"chr3","191240758","191241062","chr2","107285297","107285605","28","83955461"
"chr3","191247943","191248193","chr2","107277399","107277649","28","83970544"
"chr3","191258871","191259010","chr15","68478001","68478136","13","122780870"
"chr3","191265496","191265795","chr7","42170634","42170937","37","149094862"
"chr3","191269311","191269618","chr7","161754004","161754307","34","29515307"
"chr3","191274526","191274796","chr2","107249251","107249533","30","84025275"
"chr3","191285534","191285823","chr2","107186287","107186582","26","84099247"
"chr3","191293725","191294041","chr2","107178404","107178703","38","84115321"
"chr3","191294925","191295215","chr2","107176087","107176378","24","84118838"
"chr3","191300830","191300998","chr1","92775022","92775189","22","98525808"
"chr3","191301462","191301628","chr6","132206031","132206198","20","59095431"
"chr3","191305720","191305862","chr5","140939246","140939381","24","50366474"
"chr3","191331858","191331950","chr11","2911798","2911893","17","188420060"
"chr3","191336641","191336728","chr16","7604659","7604744","15","183731982"
"chr3","191337323","191337443","chr12","20931913","20932026","18","170405410"
"chr3","191338044","191338338","chr2","204305010","204305310","51","12966966"
"chr3","191355342","191355643","chr2","107114383","107114686","33","84240959"
"chr3","191359274","191359533","chr13","88270653","88270911","29","103088621"
"chr3","191362419","191362713","chr2","107084298","107084594","26","84278121"
"chr3","191364130","191364426","chr2","107082582","107082880","24","84281548"
"chr3","191375747","191376051","chr2","107069172","107069473","36","84306575"
"chr3","191376298","191376593","chrX","16441347","16441641","33","174934951"
"chr3","191377833","191377972","chr7","16748615","16748755","10","174629218"
"chr3","191379914","191380215","chr2","107065155","107065457","22","84314759"
"chr3","191381508","191381804","chr2","107063262","107063556","19","84318246"
"chr3","191384071","191384203","chr2","192722632","192722764","14","1338561"
"chr3","191384871","191385138","chr2","107058240","107058502","36","84326631"
"chr3","191397884","191398208","chr2","107042506","107042830","30","84355378"
"chr3","191400824","191401021","chr7","133114354","133114541","36","58286470"
"chr3","191402263","191402378","chr17","50277667","50277784","16","141124596"
"chr3","191410630","191410678","chr20","3589657","3589703","9","187820973"
"chr3","191418554","191418803","chr11","61511356","61511600","54","129907198"
"chr3","191457114","191457242","chr9","97550947","97551073","14","93906167"
"chr3","191471778","191471826","chr3","183742878","183742928","9","7728900"
"chr3","191472584","191472888","chr2","106969398","106969701","27","84503186"
"chr3","191512017","191512324","chr2","106933673","106933975","31","84578344"
"chr3","191569292","191569639","chr19","31582154","31582515","125","159987138"
"chr3","191571617","191571921","chr2","106859987","106860304","35","84711630"
"chr3","191572378","191572677","chr2","106859243","106859545","24","84713135"
"chr3","191574157","191574403","chr5","24940227","24940476","42","166633930"
"chr3","191612426","191612720","chr2","106819085","106819371","30","84793341"
"chr3","191626511","191626821","chr2","106806265","106806575","35","84820246"
"chr3","191636341","191636650","chr2","106796759","106797058","40","84839582"
"chr3","191643381","191643691","chr2","106790055","106790365","29","84853326"
"chr3","191685274","191685579","chr2","106747963","106748265","25","84937311"
"chr3","191698956","191699249","chr2","106733872","106734163","24","84965084"
"chr3","191707430","191707738","chr1","40610787","40611094","34","151096643"
"chr3","191730986","191731292","chr2","106702624","106702931","31","85028362"
"chr3","191836712","191837024","chr2","148501041","148501352","54","43335671"
"chr3","191848723","191849021","chr20","63374772","63375065","40","128473951"
"chr3","191852076","191852363","chr2","106581838","106582118","32","85270238"
"chr3","191876102","191876394","chr14","7643073","7643368","37","184233029"
"chr3","191911222","191911509","chr15","43608671","43608956","39","148302551"
"chr3","191952650","191952961","chr2","106477995","106478304","28","85474655"
"chr3","191960980","191961286","chr5","185494948","185495255","44","6466032"
"chr3","191964823","191964978","chr1","202825790","202825940","26","10860967"
"chr3","191972707","191972994","chr2","106460863","106461150","25","85511844"
"chr3","191998729","191999034","chr12","89421836","89422141","36","102576893"
"chr3","192004932","192005235","chr7","54800820","54801122","32","137204112"
"chr3","192023274","192023561","chr15","32011184","32011472","42","160012090"
"chr3","192049417","192049714","chr1","220883377","220883674","43","28833960"
"chr3","192071499","192071721","chr4","116777080","116777297","38","75294419"
"chr3","192088836","192089133","chr2","106343785","106344087","31","85745051"
"chr3","192101284","192101494","chr15","45300441","45300647","38","146800843"
"chr3","192102374","192102668","chr2","106332017","106332306","27","85770357"
"chr3","192106271","192106566","chr2","106328152","106328451","32","85778119"
"chr3","192115290","192115569","chr2","106318771","106319060","34","85796519"
"chr3","192128658","192128954","chr7","117658828","117659122","27","74469830"
"chr3","192225544","192225842","chr2","203095842","203096145","37","10870298"
"chr3","192226578","192226900","chr10","1311116","1311421","55","190915462"
"chr3","192235916","192236019","chr2","192895706","192895816","11","659790"
"chr3","192236097","192236279","chr2","192895448","192895634","16","659351"
"chr3","192238142","192238433","chr8","94510144","94510444","43","97727998"
"chr3","192245807","192246098","chr7","165267923","165268219","40","26977884"
"chr3","192254954","192255258","chr5","7030781","7031082","29","185224173"
"chr3","192269068","192269356","chr16","10710589","10710878","38","181558479"
"chr3","192269649","192269935","chr2","192855792","192856084","29","586143"
"chr3","192270888","192271056","chr2","138204587","138204751","28","54066301"
"chr3","192271198","192271314","chrX","59859494","59859610","15","132411704"
"chr3","192278243","192278552","chr2","137247295","137247604","46","55030948"
"chr3","192297206","192297498","chr2","192826509","192826803","21","529303"
"chr3","192302886","192303139","chr11","100323699","100323956","54","91979187"
"chr3","192303858","192304160","chr3","154675847","154676147","35","37628011"
"chr3","192316115","192316422","chr2","192808714","192809006","41","492599"
"chr3","192326549","192326842","chr1","25647657","25647947","36","166678892"
"chr3","192335244","192335535","chr6","130701166","130701458","32","61634078"
"chr3","192348675","192348988","chr2","192774874","192775191","40","426199"
"chr3","192362651","192362943","chrX","23351237","23351529","34","169011414"
"chr3","192370848","192371089","chr10","82377095","82377338","28","109993753"
"chr3","192389585","192389963","chr2","192733478","192733854","28","343893"
"chr3","192394307","192394489","chr2","192729403","192729582","20","335096"
"chr3","192400974","192401106","chr2","192722632","192722764","9","321658"
"chr3","192404714","192405009","chr17","84246025","84246317","38","108158689"
"chr3","192452346","192452646","chr2","192674583","192674876","40","222237"
"chr3","192457263","192457558","chr2","192669589","192669887","33","212326"
"chr3","192462456","192462752","chr3","3605017","3605309","42","188857439"
"chr3","192469305","192469611","chr11","104740757","104741068","33","87728548"
"chr3","192487105","192487390","chr2","192639237","192639531","31","152132"
"chr3","192505241","192505539","chr2","192621463","192621767","30","116222"
"chr3","192520655","192520826","chr6","132206031","132206198","26","60314624"
"chr3","192540581","192540875","chr7","2877777","2878073","32","189662804"
"chr3","192556660","192556965","chr6","105234648","105234956","40","87322012"
"chr3","192573458","192573588","chr7","35304836","35304964","20","157268622"
"chr3","192575469","192575784","chr2","192555831","192556127","39","19638"
"chr3","192585742","192586042","chr11","31742736","31743037","27","160843006"
"chr3","192622427","192622493","chr15","8578102","8578170","8","184044325"
"chr3","192629770","192630073","chr2","192501208","192501502","34","128562"
"chr3","192632340","192632621","chr2","192498700","192498987","42","133640"
"chr3","192647776","192648048","chr19","43088936","43089207","40","149558840"
"chr3","192665257","192665557","chr1","45936026","45936323","33","146729231"
"chr3","192665905","192666052","chr12","106042580","106042719","18","86623325"
"chr3","192671821","192671987","chr8","38416396","38416555","26","154255425"
"chr3","192686067","192686343","chr2","192444566","192444842","37","241501"
"chr3","192730829","192731131","chr2","192399815","192400130","40","331014"
"chr3","192811187","192811478","chr19","15956565","15956858","38","176854622"
"chr3","192819162","192819328","chr1","18496557","18496718","29","174322605"
"chr3","192831639","192831929","chr20","56762057","56762348","40","136069582"
"chr3","192839891","192840189","chr4","102859737","102860039","33","89980154"
"chr3","192885165","192885476","chr2","192245260","192245572","39","639905"
"chr3","192908511","192908811","chr9","65456387","65456691","46","127452124"
"chr3","192927534","192927679","chr6","170581131","170581269","32","22346403"
"chr3","192985256","192985540","chr2","192154318","192154601","41","830938"
"chr3","193012760","193013059","chr6","95776648","95776947","34","97236112"
"chr3","193090573","193090827","chr2","192047043","192047311","28","1043530"
"chr3","193123170","193123479","chr13","11609986","11610295","52","181513184"
"chr3","193135551","193135780","chr7","125535211","125535439","35","67600340"
"chr3","193169469","193169769","chr8","129162500","129162803","36","64006969"
"chr3","193307727","193308006","chr3","41456109","41456389","44","151851618"
"chr3","193339309","193339537","chr16","9675962","9676190","31","183663347"
"chr3","193347140","193347442","chr2","191874889","191875187","33","1472251"
"chr3","193358089","193358399","chr10","87498791","87499100","39","105859298"
"chr3","193369155","193369449","chr2","191852133","191852431","29","1517022"
"chr3","193416192","193416488","chr17","19947384","19947679","37","173468808"
"chr3","193446279","193446572","chr3","123232252","123232546","30","70214027"
"chr3","193553874","193554182","chr2","191675339","191675641","45","1878535"
"chr3","193597754","193598063","chr14","10686632","10686937","32","182911122"
"chr3","193608265","193608576","chr2","191622627","191622937","32","1985638"
"chr3","193644347","193644571","chr6","56511093","56511315","40","137133254"
"chr3","193676812","193677112","chr2","191555304","191555606","28","2121508"
"chr3","193680962","193681250","chr2","191550869","191551158","26","2130093"
"chr3","193686828","193687118","chr9","88750517","88750804","55","104936311"
"chr3","193696137","193696436","chr2","191535654","191535954","25","2160483"
"chr3","193704014","193704308","chr2","191527730","191528033","37","2176284"
"chr3","193712284","193712571","chr11","132437462","132437750","37","61274822"
"chr3","193722638","193722937","chr2","191509035","191509326","33","2213603"
"chr3","193729475","193729761","chr2","191502221","191502508","29","2227254"
"chr3","193733429","193733599","chr11","122701206","122701378","28","71032223"
"chr3","193742605","193742886","chr2","191488622","191488904","30","2253983"
"chr3","193753269","193753548","chr2","191478035","191478324","29","2275234"
"chr3","193759279","193759588","chr2","191472074","191472380","38","2287205"
"chr3","193776072","193776371","chr7","137866997","137867295","33","55909075"
"chr3","193800567","193800876","chr1","38412022","38412324","36","155388545"
"chr3","193812436","193812737","chr14","96257462","96257764","34","97554974"
"chr3","193834142","193834435","chr10","48840042","48840338","36","144994100"
"chr3","193867384","193867525","chrX","130438301","130438440","24","63429083"
"chr3","193870227","193870459","chr9","97024542","97024780","30","96845685"
"chr3","193895454","193895762","chr2","191336432","191336729","30","2559022"
"chr3","193916676","193916867","chr12","20723702","20723888","48","173192974"
"chr3","194005017","194005300","chr2","191230411","191230714","43","2774606"
"chr3","194032562","194032711","chr15","8538420","8538567","27","185494142"
"chr3","194111499","194111731","chr19","376120","376356","40","193735379"
"chr3","194204666","194204948","chr2","191024390","191024673","30","3180276"
"chr3","194280882","194281006","chr3","68756682","68756807","16","125524200"
"chr3","194281012","194281103","chr10","32992555","32992641","13","161288457"
"chr3","194343795","194344089","chr13","24673735","24674032","32","169670060"
"chr3","194397804","194398015","chr3","80222820","80223032","33","114174984"
"chr3","194442721","194443017","chr2","195588255","195588553","30","1145534"
"chr3","194489109","194489403","chr19","44407743","44408031","42","150081366"
"chr3","194516490","194516797","chr2","195666754","195667063","40","1150264"
"chr3","194571772","194572085","chr2","195718728","195719041","33","1146956"
"chr3","194656748","194657037","chr12","30375077","30375368","39","164281671"
"chr3","194695835","194696112","chr2","195838588","195838857","24","1142753"
"chr3","194733145","194733438","chr2","195876423","195876717","29","1143278"
"chr3","194739668","194739987","chr1","41805196","41805511","40","152934472"
"chr3","194754648","194754866","chr16","668407","668615","30","194086241"
"chr3","194910787","194911053","chr2","196053347","196053611","27","1142560"
"chr3","194950863","194951162","chr2","196093603","196093910","44","1142740"
"chr3","194970822","194971029","chr9","46201819","46202023","35","148769003"
"chr3","195005610","195005958","chr6","156667311","156667642","68","38338299"
"chr3","195018344","195018663","chr2","196158241","196158534","51","1139897"
"chr3","195231564","195231861","chr2","196377132","196377439","29","1145568"
"chr3","195258004","195258181","chr16","30390993","30391163","26","164867011"
"chr3","195265113","195265415","chr19","17807334","17807641","30","177457779"
"chr3","195267064","195267375","chr1","164831940","164832244","42","30435124"
"chr3","195292819","195293111","chr2","196440350","196440657","37","1147531"
"chr3","195307038","195307338","chr5","8289100","8289402","38","187017938"
"chr3","195315125","195315403","chr1","155944825","155945110","43","39370300"
"chr3","195316472","195316779","chr4","154218383","154218686","32","41098089"
"chr3","195346306","195346597","chr2","196490768","196491061","37","1144462"
"chr3","195420329","195420509","chr11","48447246","48447429","28","146973083"
"chr3","195420510","195420748","chr5","56278521","56278762","41","139141989"
"chr3","195515172","195515475","chr2","196659061","196659361","33","1143889"
"chr3","195536519","195536817","chr2","196680938","196681243","21","1144419"
"chr3","195537729","195538046","chr2","196682177","196682493","43","1144448"
"chr3","195554525","195554830","chr2","196700457","196700766","41","1145932"
"chr3","195555062","195555368","chr7","40046956","40047255","39","155508106"
"chr3","195561665","195561971","chr4","114775709","114776011","33","80785956"
"chr3","195654645","195654926","chr2","196802610","196802904","36","1147965"
"chr3","195685344","195685634","chr16","74240002","74240299","41","121445342"
"chr3","195694009","195694313","chr11","132437462","132437750","50","63256547"
"chr3","195696669","195696969","chr2","196844792","196845085","33","1148123"
"chr3","195710838","195711144","chr2","196859214","196859526","40","1148376"
"chr3","195749536","195749803","chr4","114833452","114833729","51","80916084"
"chr3","195764680","195764972","chr2","196896858","196897151","20","1132178"
"chr3","195769922","195770024","chr6","156104904","156104999","17","39665018"
"chr3","195770544","195770680","chr13","87428828","87428964","12","108341716"
"chr3","195877722","195878033","chr2","197011381","197011687","34","1133659"
"chr3","195888462","195888751","chr2","197022816","197023102","29","1134354"
"chr3","195890913","195891223","chr4","55008882","55009189","46","140882031"
"chr3","195970273","195970563","chr1","211700488","211700776","43","15730215"
"chr3","196023340","196023623","chr7","131356547","131356834","34","64666793"
"chr3","196166403","196166656","chr2","197318252","197318505","28","1151849"
"chr3","196206100","196206410","chr2","197358306","197358613","23","1152206"
"chr3","196246394","196246688","chr2","197400367","197400661","26","1153973"
"chr3","196350045","196350203","chr10","27267929","27268083","33","169082116"
"chr3","196350251","196350377","chr3","13246368","13246494","20","183103883"
"chr3","196376383","196376694","chr7","6880222","6880526","45","189496161"
"chr3","196381760","196381897","chr15","9786599","9786734","20","186595161"
"chr3","196420630","196420937","chr2","197626014","197626308","46","1205384"
"chr3","196449463","196449747","chr19","42752635","42752936","37","153696828"
"chr3","196565393","196565724","chr2","197695459","197695789","26","1130066"
"chr3","196573046","196573337","chr3","116987934","116988230","38","79585112"
"chr3","196573951","196574273","chr2","197697684","197697976","66","1123733"
"chr3","196591159","196591465","chr2","197707046","197707358","38","1115887"
"chr3","196716748","196716982","chr2","197812913","197813152","34","1096165"
"chr3","196767550","196767833","chr2","197870859","197871162","38","1103309"
"chr3","196781397","196781657","chr8","95151100","95151361","34","101630297"
"chr3","196794876","196795176","chr14","70082741","70083049","42","126712135"
"chr3","196872207","196872511","chr1","14463479","14463782","38","182408728"
"chr3","196873570","196873715","chr2","51728545","51728692","24","145145025"
"chr3","196873716","196873788","chr8","26280134","26280211","11","170593582"
"chr3","196874558","196874851","chr3","130320002","130320294","39","66554556"
"chr3","196886456","196886765","chr15","85396569","85396880","32","111489887"
"chr3","196902012","196902311","chr2","198003554","198003851","35","1101542"
"chr3","196951876","196952178","chr2","198054566","198054875","33","1102690"
"chr3","196963141","196963398","chr6","59088141","59088417","56","137875000"
"chr3","197103181","197103360","chr12","119519961","119520131","29","77583220"
"chr3","197104071","197104363","chr11","55516800","55517092","41","141587271"
"chr3","197115098","197115381","chr1","38239128","38239421","45","158875970"
"chr3","197115984","197116278","chr2","198210187","198210472","36","1094203"
"chr3","197220697","197220980","chr6","73721121","73721404","39","123499576"
"chr3","197319992","197320280","chr7","28329692","28329979","27","168990300"
"chr3","197490468","197490741","chr7","53011936","53012211","48","144478532"
"chr3","197506552","197506801","chr15","70577958","70578205","39","126928594"
"chr3","197514416","197514725","chr2","198623291","198623595","29","1108875"
"chr3","197515071","197515301","chr16","12882617","12882846","41","184632454"
"chr3","197532473","197532739","chr15","109596947","109597217","47","87935526"
"chr3","197537039","197537262","chr1","20743725","20743945","35","176793314"
"chr3","197544492","197544633","chr17","19996556","19996695","11","177547936"
"chr3","197545984","197546142","chr16","6858537","6858688","23","190687447"
"chr3","197546310","197546599","chr1","39370948","39371239","32","158175362"
"chr3","197548983","197549280","chr5","93179263","93179563","35","104369720"
"chr3","197555350","197555529","chr6","171382337","171382512","26","26173013"
"chr3","197559725","197559890","chrX","855241","855400","31","196704484"
"chr3","197579371","197579714","chr11","123413036","123413403","78","74166335"
"chr3","197582983","197583297","chr5","8289100","8289402","47","189293883"
"chr3","197589880","197589979","chr6","156104904","156104999","14","41484976"
"chr3","197591109","197591229","chr1","7373118","7373239","18","190217991"
"chr3","197607772","197608064","chr7","43067043","43067333","32","154540729"
"chr3","197608549","197608828","chr17","24517486","24517767","31","173091063"
"chr3","197616258","197616553","chr17","24508665","24508967","27","173107593"
"chr3","197631738","197631993","chr17","24493369","24493627","36","173138369"
"chr3","197642421","197642586","chr3","178686367","178686544","41","18956054"
"chr3","197665415","197665726","chr12","59413872","59414179","40","138251543"
"chr3","197700192","197700483","chr17","24421662","24421953","30","173278530"
"chr3","197700751","197701048","chr17","24421094","24421395","28","173279657"
"chr3","197712271","197712448","chr19","32197775","32197948","34","165514496"
"chr3","197743431","197743595","chr17","24377197","24377363","18","173366234"
"chr3","197743602","197743670","chr10","92401809","92401875","21","105341793"
"chr3","197743681","197743815","chr17","24376958","24377097","17","173366723"
"chr3","197788764","197789068","chr5","109045885","109046188","41","88742879"
"chr3","197793412","197793566","chr3","40638454","40638604","20","157154958"
"chr3","197804177","197804447","chr11","120679876","120680149","33","77124301"
"chr3","197805028","197805318","chr17","24316023","24316327","31","173489005"
"chr3","197808099","197808402","chr17","24313583","24313887","15","173494516"
"chr3","197831710","197831998","chr17","24285808","24286102","38","173545902"
"chr3","197834820","197835114","chr2","40101841","40102139","52","157732979"
"chr3","197847486","197847792","chr1","221811818","221812117","46","23964332"
"chr3","197853179","197853477","chr14","15756054","15756351","32","182097125"
"chr3","197863075","197863373","chr17","24256724","24257022","26","173606351"
"chr3","197874856","197875172","chr17","24244207","24244523","24","173630649"
"chr3","197876443","197876758","chr17","24242606","24242922","28","173633837"
"chr3","197880917","197881206","chr16","11618791","11619073","40","186262126"
"chr3","197888371","197888672","chr10","59667642","59667941","33","138220729"
"chr3","197902837","197903135","chr17","24214916","24215219","19","173687921"
"chr3","197955697","197955988","chr17","24154058","24154358","31","173801639"
"chr3","197956587","197956884","chr1","220883377","220883674","33","22926790"
"chr3","197966579","197966820","chr10","82377095","82377338","36","115589484"
"chr3","197971866","197972156","chr17","24137121","24137409","26","173834745"
"chr3","197974994","197975301","chr5","50858391","50858695","42","147116603"
"chr3","197976931","197977127","chr20","2628711","2628896","49","195348220"
"chr3","197984325","197984634","chr1","97853233","97853535","41","100131092"
"chr3","197992441","197992749","chr17","24117959","24118263","32","173874482"
"chr3","198013953","198014249","chr17","24909075","24909373","37","173104878"
"chr3","198017717","198018020","chr3","101319684","101319980","40","96698033"
"chr3","198059141","198059454","chr7","46346292","46346602","37","151712849"
"chr3","198060331","198060659","chr1","46076828","46077156","60","151983503"
"chr3","198063641","198063933","chr17","24052380","24052668","28","174011261"
"chr3","198076168","198076336","chr6","132206031","132206198","28","65870137"
"chr3","198083765","198084073","chr2","84141282","84141591","40","113942483"
"chr3","198095235","198095510","chr10","67272058","67272323","42","130823177"
"chr3","198100867","198101180","chr16","56526638","56526950","39","141574229"
"chr3","198104793","198105092","chr11","46510372","46510669","39","151594421"
"chr3","198123104","198123376","chrX","96880549","96880825","44","101242555"
"chr3","198127126","198127244","chr8","6959684","6959805","17","191167442"
"chr3","198141444","198141735","chr9","90820027","90820317","35","107321417"
"chr3","198157201","198157503","chr3","83714575","83714880","39","114442626"
"chr3","198157951","198158255","chr7","41727822","41728125","33","156430129"
"chr3","198173276","198173581","chr9","92122988","92123291","36","106050288"
"chr3","198186715","198187019","chr1","42128893","42129195","42","156057822"
"chr3","198187872","198188094","chr3","116635648","116635873","42","81552224"
"chr3","198189283","198189561","chr1","31464687","31464968","40","166724596"
"chr3","198197760","198198061","chrX","23558557","23558868","35","174639203"
"chr3","198198460","198198588","chr1","26145089","26145216","14","172053371"
"chr3","198203596","198203881","chr7","45351973","45352257","38","152851623"
"chr3","198212707","198213000","chr17","23876636","23876930","24","174336071"
"chr3","198235675","198235973","chr7","42525133","42525431","38","155710542"
"chr3","198257287","198257584","chr17","23833289","23833593","32","174423998"
"chr3","198258965","198259104","chr16","20686824","20686958","18","177572141"
"chr3","198259259","198259367","chr10","86748257","86748363","18","111511002"
"chr3","198259379","198259665","chr17","23831351","23831613","47","174428028"
"chr3","198262966","198263266","chr2","51925951","51926251","36","146337015"
"chr3","198268255","198268560","chr17","23821078","23821379","32","174447177"
"chr3","198285046","198285209","chr14","65813321","65813489","24","132471725"
"chr3","198285919","198286205","chr17","23803669","23803976","34","174482250"
"chr3","198315072","198315363","chr1","140098268","140098558","38","58216804"
"chr3","198320934","198321234","chr7","113559810","113560113","34","84761124"
"chr3","198342799","198343100","chr9","12540416","12540718","36","185802383"
"chr3","198345308","198345630","chr13","65275083","65275399","54","133070225"
"chr3","198355374","198355677","chr17","23733873","23734173","23","174621501"
"chr3","198389692","198389992","chr17","23699423","23699712","40","174690269"
"chr3","198412960","198413270","chr9","87310480","87310787","35","111102480"
"chr3","198417920","198418225","chr17","23671977","23672284","18","174745943"
"chr3","198583746","198584037","chr16","5048763","5049058","29","193534983"
"chr3","198684342","198684638","chr17","23405597","23405901","35","175278745"
"chr3","198840447","198840744","chr17","23254686","23254992","36","175585761"
"chr3","198845447","198845742","chr17","23249724","23250019","15","175595723"
"chr3","198944885","198945173","chr17","23153155","23153441","20","175791730"
"chr3","198969063","198969356","chr17","23128491","23128785","30","175840572"
"chr3","198991093","198991384","chr17","23105835","23106118","34","175885258"
"chr3","199014908","199015189","chr10","30442537","30442830","39","168572371"
"chr3","199034105","199034402","chr17","23062665","23062960","32","175971440"
"chr3","199062297","199062586","chr17","23035596","23035884","22","176026701"
"chr3","199066683","199066982","chr5","128034254","128034552","36","71032429"
"chr3","199074755","199075047","chr4","37385973","37386264","29","161688782"
"chr3","199076280","199076589","chr1","32144502","32144807","40","166931778"
"chr3","199095068","199095379","chr7","113559810","113560113","35","85535258"
"chr3","199118619","199118903","chr17","22977707","22977986","32","176140912"
"chr3","199137304","199137497","chr9","60005339","60005548","46","139131965"
"chr3","199195591","199195893","chr3","357922","358226","36","198837669"
"chr3","199239163","199239298","chr6","139626341","139626485","23","59612822"
"chr3","199239541","199239724","chr14","76185188","76185370","26","123054353"
"chr3","199251818","199252108","chr17","22849888","22850184","33","176401930"
"chr3","199276931","199277220","chr3","42417165","42417456","39","156859766"
"chr3","199315515","199315812","chr5","2843096","2843396","31","196472419"
"chr3","199379541","199379809","chr1","129089131","129089396","43","70290410"
"chr3","199405817","199406110","chr6","120678306","120678600","33","78727511"
"chr3","199474284","199474580","chr7","99527076","99527373","33","99947208"
"chr3","199474613","199474901","chr17","22626520","22626806","27","176848093"
"chr3","199542622","199542928","chr8","28147529","28147829","51","171395093"
"chr3","199621182","199621300","chr11","77405799","77405915","32","122215383"
"chr3","199621479","199621666","chr2","198732959","198733154","29","888520"
"chr3","199688591","199688888","chr2","198795101","198795400","27","893490"
"chr3","199797533","199797837","chr2","85233490","85233791","32","114564043"
"chr3","199828215","199828515","chr15","7124657","7124957","39","192703558"
"chr3","199952647","199952932","chr10","28584966","28585249","38","171367681"
"chr3","199983205","199983502","chr2","199083040","199083351","34","900165"
"chr3","200017514","200017800","chr2","199117410","199117694","27","900104"
"chr3","200138637","200138946","chr6","58820756","58821064","45","141317881"
"chr3","200163091","200163380","chrX","23351237","23351529","37","176811854"
"chr3","200170199","200170503","chr13","96640501","96640806","35","103529698"
"chr3","200184842","200185143","chr2","199337248","199337547","31","847594"
"chr3","200211718","200212017","chr7","59075057","59075339","59","141136661"
"chr3","200212737","200213046","chr2","199366118","199366409","41","846619"
"chr3","200286264","200286575","chr2","199437128","199437446","31","849136"
"chr3","200296994","200297282","chr1","16828250","16828534","38","183468744"
"chr3","200481012","200481292","chr2","199619088","199619360","34","861924"
"chr3","200498901","200499177","chr1","109878264","109878543","47","90620637"
"chr3","200555667","200555976","chr7","123614361","123614671","39","76941306"
"chr3","200569333","200569638","chr2","199707727","199708038","30","861606"
"chr3","200633689","200633975","chr2","199766542","199766825","33","867147"
"chr3","200673839","200674025","chr16","48484668","48484845","32","152189171"
"chr3","200675238","200675539","chr13","72250460","72250747","61","128424778"
"chr3","200760353","200760585","chr1","126090756","126090986","34","74669597"
"chr3","200763940","200764242","chr2","199900050","199900356","30","863890"
"chr3","200779715","200780026","chr2","199913060","199913371","33","866655"
"chr3","200975108","200975413","chr4","162382272","162382577","33","38592836"
"chr3","201058819","201059139","chr2","200213997","200214304","47","844822"
"chr3","201134821","201135141","chr2","200290955","200291261","34","843866"
"chr3","201142123","201142413","chr2","200295190","200295479","30","846933"
"chr3","201185508","201185814","chr16","49561590","49561896","39","151623918"
"chr3","201208847","201209147","chr8","131966023","131966329","37","69242824"
"chr3","201227859","201228160","chr14","15756054","15756351","32","185471805"
"chr3","201319423","201319737","chr4","24980054","24980363","43","176339369"
"chr3","201353080","201353381","chr19","27853819","27854122","44","173499261"
"chr3","201424546","201424856","chr4","39634856","39635158","39","161789690"
"chr3","201462327","201462621","chr2","200611325","200611631","36","851002"
"chr3","201554648","201554945","chr6","20317307","20317607","35","181237341"
"chr3","201555969","201556270","chr10","78203293","78203596","32","123352676"
"chr3","201600073","201600341","chr8","142242840","142243113","42","59357233"
"chr3","201614832","201615133","chr2","200766393","200766691","34","848439"
"chr3","201638233","201638540","chr5","169145976","169146273","38","32492257"
"chr3","201655631","201655925","chr5","51540643","51540938","48","150114988"
"chr3","201687023","201687319","chr2","200835968","200836264","32","851055"
"chr3","201702116","201702405","chr11","120098123","120098418","38","81603993"
"chr3","201705447","201705576","chr1","44312661","44312788","22","157392786"
"chr3","201707938","201708236","chr2","200856884","200857184","38","851054"
"chr3","201761741","201761810","chr6","46535476","46535542","12","155226265"
"chr3","201761842","201761963","chr1","7373118","7373239","16","194388724"
"chr3","201818995","201819294","chrX","44939650","44939949","34","156879345"
"chr3","201828653","201828944","chr2","200983766","200984059","27","844887"
"chr3","201833059","201833355","chr2","109846281","109846580","44","91986778"
"chr3","201848790","201849098","chr2","201004819","201005113","42","843971"
"chr3","201850604","201850853","chr2","201006624","201006876","20","843980"
"chr3","201851623","201851864","chrX","15105252","15105489","40","186746371"
"chr3","201854493","201854823","chrX","49234270","49234585","60","152620223"
"chr3","201878712","201878973","chr2","201035264","201035529","34","843448"
"chr3","201907771","201908064","chr1","36905300","36905598","35","165002471"
"chr3","201946253","201946568","chr2","201125307","201125623","37","820946"
"chr3","201965805","201966099","chr11","47011732","47012024","32","154954073"
"chr3","201988362","201988661","chr2","201169039","201169339","26","819323"
"chr3","201990141","201990436","chr2","201170920","201171214","27","819221"
"chr3","201997129","201997412","chr11","54607984","54608265","33","147389145"
"chr3","202011528","202011821","chr1","51432673","51432969","43","150578855"
"chr3","202075597","202075896","chr2","201258793","201259096","42","816804"
"chr3","202078797","202079051","chr19","33850313","33850566","44","168228484"
"chr3","202079073","202079370","chr2","201262246","201262544","30","816827"
"chr3","202094656","202094953","chr10","30442537","30442830","38","171652119"
"chr3","202101094","202101383","chr2","201286125","201286429","35","814969"
"chr3","202109740","202110018","chr2","201294658","201294935","19","815082"
"chr3","202112480","202112779","chr2","201297163","201297476","39","815317"
"chr3","202124632","202124915","chr12","101488838","101489123","28","100635794"
"chr3","202132537","202132834","chr2","201317914","201318215","25","814623"
"chr3","202133956","202134250","chr1","128612759","128613052","36","73521197"
"chr3","202134852","202135142","chr1","101799784","101800074","29","100335068"
"chr3","202135683","202135995","chr2","201320461","201320762","38","815222"
"chr3","202138141","202138424","chr9","110633099","110633381","33","91505042"
"chr3","202138556","202138830","chr7","166505862","166506138","44","35632694"
"chr3","202144814","202145097","chr2","201326040","201326319","28","818774"
"chr3","202160160","202160463","chr2","201343156","201343452","35","817004"
"chr3","202160822","202160954","chr3","40768859","40768991","13","161391963"
"chr3","202171598","202171888","chr2","107422966","107423258","29","94748632"
"chr3","202177980","202178257","chr14","8675397","8675677","44","193502583"
"chr3","202189425","202189699","chr2","201385032","201385304","24","804393"
"chr3","202198593","202198891","chr1","17680472","17680778","47","184518121"
"chr3","202206994","202207249","chr18","2687437","2687675","67","199519557"
"chr3","202210218","202210506","chr16","740941","741230","30","201469277"
"chr3","202218085","202218382","chr2","201415652","201415959","36","802433"
"chr3","202221972","202222243","chr16","72872589","72872855","42","129349383"
"chr3","202252870","202253180","chr8","6545261","6545567","36","195707609"
"chr3","202255772","202256076","chr3","64066404","64066716","39","138189368"
"chr3","202273022","202273306","chr2","201465632","201465918","22","807390"
"chr3","202279097","202279397","chr3","123607450","123607753","38","78671647"
"chr3","202287521","202287745","chr13","94935954","94936168","35","107351567"
"chr3","202316661","202316935","chr2","201515571","201515848","23","801090"
"chr3","202317697","202317905","chr2","201516598","201516806","19","801099"
"chr3","202330724","202331031","chr7","131948115","131948422","39","70382609"
"chr3","202334595","202334841","chr2","201534694","201534938","33","799901"
"chr3","202365744","202365853","chr11","116019131","116019245","17","86346613"
"chr3","202365855","202365994","chr16","57319961","57320100","18","145045894"
"chr3","202368988","202369282","chr16","47676042","47676339","35","154692946"
"chr3","202369348","202369642","chr4","53291262","53291548","54","149078086"
"chr3","202383370","202383573","chr9","52136032","52136234","35","150247338"
"chr3","202451944","202452254","chr20","4588641","4588948","39","197863303"
"chr3","202457288","202457459","chr9","89594066","89594232","31","112863222"
"chr3","202548914","202549202","chr2","201777529","201777825","34","771385"
"chr3","202551826","202552136","chr1","23689242","23689547","38","178862584"
"chr3","202582154","202582454","chr2","201809043","201809347","31","773111"
"chr3","202636529","202636800","chr16","6400266","6400536","35","196236263"
"chr3","202653428","202653473","chr12","113086445","113086484","10","89566983"
"chr3","202768770","202769046","chr16","51269749","51270022","37","151499021"
"chr3","202794022","202794206","chr8","126054004","126054184","26","76740018"
"chr3","202794376","202794479","chr16","11237573","11237675","19","191556803"
"chr3","202800239","202800538","chr14","15756054","15756351","35","187044185"
"chr3","202818419","202818712","chrX","23351237","23351529","31","179467182"
"chr3","202852452","202852758","chr1","1476749","1477052","42","201375703"
"chr3","202863318","202863638","chr3","48243681","48243991","44","154619637"
"chr3","202890670","202890949","chr1","101799784","101800074","39","101090886"
"chr3","202892617","202892900","chr1","153846368","153846648","35","49046249"
"chr3","202922976","202923257","chr2","202145430","202145728","35","777546"
"chr3","202926239","202926533","chrX","127362936","127363225","45","75563303"
"chr3","202953260","202953404","chr6","139626341","139626485","19","63326919"
"chr3","202962908","202963219","chr2","202185756","202186069","27","777152"
"chr3","202967099","202967244","chr5","9015862","9016010","31","193951237"
"chr3","202968093","202968105","chr3","72920433","72920445","2","130047660"
"chr3","202992602","202992920","chr1","8301988","8302302","43","194690614"
"chr3","202993781","202994078","chr5","114682774","114683069","36","88311007"
"chr3","202995581","202995875","chr2","202215430","202215722","25","780151"
"chr3","202999852","203000000","chrX","19491524","19491674","19","183508328"
"chr3","203005006","203005304","chr1","220883377","220883674","47","17878371"
"chr3","203031107","203031399","chr2","202259194","202259491","20","771913"
"chr3","203050627","203050805","chr2","69424628","69424798","23","133625999"
"chr3","203052966","203053272","chr6","105234648","105234956","36","97818318"
"chr3","203092261","203092559","chr4","42823211","42823505","39","160269050"
"chr3","203102810","203103109","chr2","202321693","202321984","32","781117"
"chr3","203132086","203132373","chr14","67232193","67232479","31","135899893"
"chr3","203133808","203134119","chr5","131726645","131726956","40","71407163"
"chr3","203135287","203135580","chr1","217191204","217191500","34","14055917"
"chr3","203136527","203136719","chr19","44155223","44155414","21","158981304"
"chr3","203155587","203155866","chr7","57591046","57591325","34","145564541"
"chr3","203160666","203160980","chr19","37736736","37737041","43","165423930"
"chr3","203185559","203185864","chr2","202398236","202398545","35","787323"
"chr3","203196834","203196974","chrX","66006360","66006509","25","137190474"
"chr3","203197172","203197334","chr16","13074697","13074856","25","190122475"
"chr3","203201433","203201724","chr3","165332839","165333127","35","37868594"
"chr3","203230239","203230543","chr14","9454773","9455079","35","193775466"
"chr3","203258099","203258412","chr20","53281843","53282153","35","149976256"
"chr3","203260523","203260791","chr1","14263482","14263748","39","188997041"
"chr3","203273848","203274158","chr16","56325069","56325376","44","146948779"
"chr3","203280680","203280901","chr6","26745592","26745814","26","176535088"
"chr3","203313259","203313484","chr13","147804","148048","46","203165455"
"chr3","203317503","203317816","chr13","48398259","48398568","35","154919244"
"chr3","203321085","203321398","chr1","131059785","131060096","36","72261300"
"chr3","203350791","203350945","chr1","26946456","26946617","26","176404335"
"chr3","203356127","203356394","chr2","202693717","202694006","41","662410"
"chr3","203357404","203357710","chr7","154253037","154253337","58","49104367"
"chr3","203368478","203368788","chrX","41298153","41298459","46","162070325"
"chr3","203369029","203369336","chr2","202706163","202706446","43","662866"
"chr3","203373416","203373701","chr9","90820027","90820317","34","112553389"
"chr3","203375047","203375339","chr3","1691355","1691649","37","201683692"
"chr3","203391757","203392044","chr2","202930199","202930485","41","461558"
"chr3","203402803","203402988","chr13","66474968","66475153","30","136927835"
"chr3","203407096","203407377","chr2","202736604","202736884","23","670492"
"chr3","203411016","203411317","chr12","57850151","57850455","29","145560865"
"chr3","203411773","203412068","chr14","103136842","103137137","32","100274931"
"chr3","203424033","203424331","chr16","43586850","43587147","45","159837183"
"chr3","203434661","203434960","chr3","122758536","122758834","33","80676125"
"chr3","203436062","203436372","chr9","27518513","27518821","40","175917549"
"chr3","203446054","203446345","chrX","31048911","31049202","43","172397143"
"chr3","203456165","203456476","chr7","123614361","123614671","35","79841804"
"chr3","203456608","203456744","chr3","500432","500562","16","202956176"
"chr3","203459538","203459845","chr2","202789025","202789330","36","670513"
"chr3","203464131","203464433","chr2","202794953","202795259","36","669178"
"chr3","203468106","203468403","chr2","202798952","202799244","35","669154"
"chr3","203475937","203476228","chr18","52218565","52218862","35","151257372"
"chr3","203478215","203478472","chr6","17088165","17088425","40","186390050"
"chr3","203484657","203484943","chr6","44313901","44314193","40","159170756"
"chr3","203491233","203491527","chr3","127137513","127137812","42","76353720"
"chr3","203501700","203501955","chr1","139650554","139650817","46","63851146"
"chr3","203508065","203508361","chr12","120407174","120407468","35","83100891"
"chr3","203518443","203518718","chr9","21439869","21440155","48","182078574"
"chr3","203533431","203533685","chrUn_NW_014806302v1","95","341","38","203533336"
"chr3","203549602","203549881","chr7","153255646","153255928","46","50293956"
"chr3","203550545","203550838","chr7","28293979","28294274","38","175256566"
"chr3","203555643","203555795","chr4","44130284","44130433","19","159425359"
"chr3","203558956","203559256","chr10","66083513","66083815","45","137475443"
"chr3","203566451","203566738","chr18","60459178","60459462","34","143107273"
"chr3","203574021","203574329","chr7","113559810","113560113","37","90014211"
"chr3","203574907","203575071","chr3","160490400","160490565","27","43084507"
"chr3","203582159","203582455","chr1","9601563","9601859","40","193980596"
"chr3","203586429","203586569","chr7","167773913","167774060","22","35812516"
"chr3","203587943","203588174","chr1","125698241","125698470","71","77889702"
"chr3","203588456","203588592","chr2","202923367","202923505","10","665089"
"chr3","203589518","203589817","chr16","9492744","9493038","37","194096774"
"chr3","203590692","203590865","chr7","50223514","50223682","33","153367178"
"chr3","203596036","203596330","chr2","202930948","202931240","28","665088"
"chr3","203600109","203600298","chr8","103450330","103450478","56","100149779"
"chr3","203600585","203600726","chr10","71389735","71389870","20","132210850"
"chr3","203607368","203607680","chr15","6353886","6354197","42","197253482"
"chr3","203607719","203608010","chr4","42823211","42823505","38","160784508"
"chr3","203610129","203610405","chr6","59088141","59088417","45","144521988"
"chr3","203618751","203618895","chr10","28717632","28717779","24","174901119"
"chr3","203619073","203619343","chr5","91591730","91591991","33","112027343"
"chr3","203632046","203632116","chr12","112324107","112324176","9","91307939"
"chr3","203632783","203633022","chr10","61029967","61030201","45","142602816"
"chr3","203640862","203641154","chr2","202977753","202978041","33","663109"
"chr3","203642075","203642383","chr4","29093858","29094168","36","174548217"
"chr3","203646212","203646474","chr9","95585760","95586015","42","108060452"
"chr3","203650628","203650840","chr3","37328686","37328893","36","166321942"
"chr3","203652215","203652512","chr2","202990074","202990362","37","662141"
"chr3","203653253","203653429","chr1","45960303","45960475","30","157692950"
"chr3","203664588","203664902","chr2","203002804","203003111","38","661784"
"chr3","203679755","203680047","chr1","140098268","140098558","45","63581487"
"chr3","203680051","203680358","chrX","568154","568456","38","203111897"
"chr3","203701086","203701338","chr11","78460954","78461206","40","125240132"
"chr3","203707314","203707605","chr3","43006950","43007246","45","160700364"
"chr3","203711769","203712061","chr16","30959648","30959942","30","172752121"
"chr3","203713161","203713462","chr2","203053057","203053350","35","660104"
"chr3","203714390","203714671","chr15","79894939","79895223","34","123819451"
"chr3","203720799","203721075","chr2","203062358","203062635","21","658441"
"chr3","203721725","203722027","chr2","203063605","203063902","31","658120"
"chr3","203725801","203726043","chr14","111685372","111685596","54","92040429"
"chr3","203729861","203729968","chr20","18861314","18861421","14","184868547"
"chr3","203731109","203731209","chr1","58515652","58515747","17","145215457"
"chr3","203733485","203733762","chrX","56835436","56835716","29","146898049"
"chr3","203733947","203734232","chr12","61954356","61954638","32","141779591"
"chr3","203736536","203736837","chr2","203074580","203074882","29","661956"
"chr3","203737727","203737936","chr4","38753382","38753592","24","164984345"
"chr3","203741736","203741917","chr16","38761419","38761598","25","164980317"
"chr3","203743230","203743498","chr11","7326690","7326955","29","196416540"
"chr3","203744505","203744807","chr10","16589714","16590023","37","187154791"
"chr3","203745820","203746079","chr14","65430511","65430768","33","138315309"
"chr3","203747911","203748220","chr1","10376605","10376912","39","193371306"
"chr3","203750560","203750852","chr2","203091649","203091958","32","658911"
"chr3","203752203","203752223","chr20","52352879","52352901","4","151399324"
"chr3","203753616","203753911","chr7","84112350","84112645","30","119641266"
"chr3","203755693","203756002","chr17","31366515","31366817","34","172389178"
"chr3","203758341","203758526","chr5","51598976","51599160","27","152159365"
"chr3","203761423","203761686","chr10","63527143","63527393","42","140234280"
"chr3","203764143","203764273","chr1","35481346","35481479","12","168282797"
"chr3","203764531","203764828","chr16","54885553","54885850","26","148878978"
"chr3","203766763","203767080","chr7","166505862","166506138","77","37260901"
"chr3","203772767","203773052","chr2","203115231","203115497","41","657536"
"chr3","203784384","203784681","chr2","203128655","203128938","37","655729"
"chr3","203786238","203786537","chr3","48992148","48992443","32","154794090"
"chr3","203792553","203792869","chr2","203140256","203140583","27","652297"
"chr3","203799427","203799731","chr5","40141216","40141524","35","163658211"
"chr3","203812223","203812534","chr5","51602394","51602698","41","152209829"
"chr3","203815901","203816182","chr13","4697379","4697659","39","199118522"
"chr3","203819291","203819462","chrX","557444","557611","20","203261847"
"chr3","203820009","203820282","chr8","142242840","142243113","36","61577169"
"chr3","203824935","203825128","chr11","2904691","2904882","32","200920244"
"chr3","203825431","203825547","chr15","36999328","36999447","14","166826103"
"chr3","203838634","203838731","chr1","20628345","20628440","11","183210289"
"chr3","203841112","203841405","chr2","203173451","203173746","23","667661"
"chr3","203862438","203862742","chr2","203238273","203238580","26","624165"
"chr3","203862930","203863237","chr14","22313522","22313826","46","181549408"
"chr3","203867259","203867457","chr19","10638315","10638503","36","193228944"
"chr3","203867768","203867818","chr3","14174804","14174853","8","189692964"
"chr3","203868003","203868077","chr13","94842991","94843063","13","109025012"
"chr3","203889612","203889911","chr3","166005666","166005965","46","37883946"
"chr3","203895507","203895823","chr9","54400872","54401187","45","149494635"
"chr3","203901152","203901455","chr20","57859709","57860008","43","146041443"
"chr3","203916015","203916255","chr9","72730444","72730684","32","131185571"
"chr3","203941643","203941946","chr16","4323541","4323846","39","199618102"
"chr3","203945201","203945507","chr2","203326011","203326318","28","619190"
"chr3","203951145","203951434","chr1","9625137","9625426","35","194326008"
"chr3","203954930","203955227","chr14","46148744","46149038","41","157806186"
"chr3","203956585","203956894","chr2","203340037","203340354","32","616548"
"chr3","203965308","203965522","chr16","668407","668615","31","203296901"
"chr3","203970363","203970655","chr7","136620200","136620498","36","67350163"
"chr3","203971593","203971897","chr12","57850151","57850455","29","146121442"
"chr3","203975646","203975938","chr10","30442537","30442830","28","173533109"
"chr3","203984453","203984759","chr5","39343850","39344155","39","164640603"
"chr3","204005645","204005947","chr2","203397095","203397394","19","608550"
"chr3","204007900","204008198","chr2","203399304","203399584","41","608596"
"chr3","204017804","204018104","chr1","45743205","45743501","48","158274599"
"chr3","204019949","204020246","chr2","203413442","203413743","27","606507"
"chr3","204022555","204022858","chr2","203416065","203416375","28","606490"
"chr3","204028602","204028915","chr1","95476592","95476897","48","108552010"
"chr3","204034558","204034761","chr3","40154321","40154521","29","163880237"
"chr3","204042778","204043075","chr8","143551768","143552062","37","60491010"
"chr3","204054784","204055079","chr2","203452318","203452620","33","602466"
"chr3","204055083","204055247","chr6","171345860","171346030","29","32709223"
"chr3","204063013","204063310","chr14","103136842","103137137","40","100926171"
"chr3","204088376","204088608","chr10","80980611","80980844","40","123107765"
"chr3","204088695","204088945","chr19","34150348","34150603","43","169938347"
"chr3","204090658","204090805","chr3","20732648","20732801","32","183358010"
"chr3","204094456","204094567","chr19","44743176","44743291","18","159351280"
"chr3","204096862","204097159","chr19","44781977","44782268","35","159314885"
"chr3","204100341","204100647","chr2","203503873","203504160","42","596468"
"chr3","204104811","204104934","chr5","141044567","141044691","17","63060244"
"chr3","204105127","204105440","chr2","203508833","203509133","48","596294"
"chr3","204112167","204112414","chr10","59910337","59910584","47","144201830"
"chr3","204118780","204119076","chr8","29142157","29142470","103","174976623"
"chr3","204119285","204119557","chrX","50960320","50960586","45","153158965"
"chr3","204119756","204120040","chr16","2871012","2871300","34","201248744"
"chr3","204128936","204129199","chrX","126749515","126749781","57","77379421"
"chr3","204139431","204139713","chr4","165306787","165307069","38","38832644"
"chr3","204150653","204150945","chr15","39460070","39460366","30","164690583"
"chr3","204151052","204151125","chr3","53166997","53167063","15","150984055"
"chr3","204152148","204152445","chr1","184471969","184472263","30","19680179"
"chr3","204158999","204159296","chr2","203555710","203556014","28","603289"
"chr3","204167332","204167635","chr6","75775282","75775584","37","128392050"
"chr3","204173053","204173352","chr8","94510144","94510444","32","109662909"
"chr3","204175929","204176204","chr2","203573530","203573800","25","602399"
"chr3","204180310","204180618","chr16","22634961","22635268","37","181545349"
"chr3","204182418","204182657","chr12","83454543","83454783","38","120727875"
"chr3","204205510","204205815","chr2","108498003","108498307","44","95707507"
"chr3","204212482","204212775","chrX","23351237","23351529","30","180861245"
"chr3","204234338","204234650","chr6","139261477","139261789","40","64972861"
"chr3","204239139","204239447","chr11","54582194","54582502","39","149656945"
"chr3","204255798","204256081","chr2","203656661","203656928","24","599137"
"chr3","204257317","204257625","chr2","203658192","203658502","25","599125"
"chr3","204277561","204277849","chr9","25083503","25083798","43","179194058"
"chr3","204332166","204332452","chr5","85707116","85707405","36","118625050"
"chr3","204334392","204334627","chr19","43625773","43626006","28","160708619"
"chr3","204350865","204351148","chr4","10681188","10681469","50","193669677"
"chr3","204352951","204353256","chr2","203763298","203763597","17","589653"
"chr3","204400865","204401177","chr2","203815671","203815979","26","585194"
"chr3","204425662","204425858","chr10","84812380","84812547","56","119613282"
"chr3","204425912","204425922","chr3","2138571","2138581","1","202287341"
"chr3","204444613","204444938","chr12","114464555","114464871","51","89980058"
"chr3","204507230","204507526","chr1","113822360","113822643","47","90684870"
"chr3","204513411","204513699","chr19","1817312","1817601","38","202696099"
"chr3","204534775","204535074","chr15","68777394","68777698","47","135757381"
"chr3","204569231","204569532","chr2","204000849","204001159","30","568382"
"chr3","204608585","204608897","chr4","88410610","88410912","42","116197975"
"chr3","204614140","204614438","chr2","204041028","204041325","33","573112"
"chr3","204625685","204625985","chr2","204052675","204052976","31","573010"
"chr3","204629247","204629553","chr8","64112492","64112797","29","140516755"
"chr3","204636191","204636498","chr2","204062562","204062871","28","573629"
"chr3","204636733","204637018","chr10","27527734","27528023","41","177108999"
"chr3","204637516","204637596","chr20","25251062","25251144","24","179386454"
"chr3","204691199","204691488","chr8","41814834","41815130","38","162876365"
"chr3","204697864","204698164","chr2","203095842","203096145","38","1602022"
"chr3","204710951","204711171","chr15","7556725","7556931","52","197154226"
"chr3","204721348","204721518","chr12","114303014","114303180","21","90418334"
"chr3","204729177","204729489","chr2","204150625","204150937","41","578552"
"chr3","204737028","204737315","chr1","20803185","20803478","37","183933843"
"chr3","204771041","204771335","chr9","5713218","5713508","33","199057823"
"chr3","204777410","204777696","chr3","2792026","2792316","33","201985384"
"chr3","204794650","204794951","chr11","109611161","109611466","41","95183489"
"chr3","204818735","204819044","chr2","204236169","204236479","35","582566"
"chr3","204869987","204870275","chr16","2871012","2871300","32","201998975"
"chr3","204871939","204872238","chr2","89375745","89376052","47","115496194"
"chr3","204874496","204874701","chr16","668407","668615","25","204206089"
"chr3","204890391","204890643","chr13","71260588","71260830","39","133629803"
"chr3","204891503","204891814","chr2","200213997","200214304","36","4677506"
"chr3","204896457","204896713","chr12","65950542","65950802","40","138945915"
"chr3","204897965","204898275","chr2","204312405","204312718","39","585560"
"chr3","204899024","204899170","chr20","4189530","4189687","28","200709494"
"chr3","204903806","204903988","chr12","115674238","115674427","29","89229568"
"chr3","204919142","204919172","chr10","65896918","65896951","6","139022224"
"chr3","204920187","204920313","chr14","54321051","54321175","27","150599136"
"chr3","204934664","204934741","chr3","3758325","3758409","21","201176339"
"chr3","204958822","204959128","chr7","70558320","70558627","46","134400502"
"chr3","204967354","204967634","chr2","204316322","204316616","36","651032"
"chr3","204985880","204985977","chr3","18303243","18303342","19","186682637"
"chr3","205005231","205005520","chr9","69772747","69773035","41","135232484"
"chr3","205018116","205018419","chrX","24062681","24062985","36","180955435"
"chr3","205019430","205019720","chr15","9065773","9066063","35","195953657"
"chr3","205029106","205029405","chr6","55381147","55381447","37","149647959"
"chr3","205045782","205046084","chr2","204391734","204392023","35","654048"
"chr3","205051911","205052187","chr9","11976770","11977052","49","193075141"
"chr3","205063747","205064044","chr2","204408933","204409238","32","654814"
"chr3","205072035","205072331","chr2","204416122","204416426","38","655913"
"chr3","205079437","205079725","chr1","200028486","200028781","34","5050951"
"chr3","205086584","205086888","chr2","204432161","204432458","32","654423"
"chr3","205087053","205087275","chr1","27384767","27385000","39","177702286"
"chr3","205098724","205099036","chr2","204444888","204445195","42","653836"
"chr3","205099039","205099154","chr11","9196703","9196817","10","195902336"
"chr3","205099272","205099434","chr6","176626625","176626778","34","28472647"
"chr3","205110616","205110760","chr4","107392495","107392642","19","97718121"
"chr3","205116521","205116605","chr10","29888170","29888254","9","175228351"
"chr3","205116659","205116872","chr2","204464461","204464673","18","652198"
"chr3","205122870","205123167","chr16","5048763","5049058","36","200074107"
"chr3","205127314","205127427","chr4","22120177","22120295","20","183007137"
"chr3","205139877","205140167","chr2","204486489","204486784","41","653388"
"chr3","205147639","205147932","chr2","204494364","204494657","20","653275"
"chr3","205148248","205148524","chr4","138854054","138854335","42","66294194"
"chr3","205153856","205154162","chr2","204500399","204500711","37","653457"
"chr3","205166792","205167095","chr2","204512316","204512618","32","654476"
"chr3","205200858","205200953","chr2","113695842","113695933","21","91505016"
"chr3","205201078","205201285","chr1","160857236","160857398","88","44343842"
"chr3","205212249","205212532","chr12","38901004","38901285","40","166311245"
"chr3","205217629","205217932","chr3","74132224","74132524","39","131085405"
"chr3","205218970","205219269","chr14","101366772","101367071","37","103852198"
"chr3","205229287","205229573","chr13","92379163","92379449","34","112850124"
"chr3","205230931","205231267","chr4","45989457","45989771","56","159241474"
"chr3","205237527","205237835","chr3","47603309","47603615","30","157634218"
"chr3","205244138","205244435","chr2","204581052","204581344","32","663086"
"chr3","205249107","205249400","chr2","204586164","204586456","26","662943"
"chr3","205260429","205260635","chr2","204638025","204638229","42","622404"
"chr3","205267604","205267898","chr16","48001050","48001345","38","157266554"
"chr3","205291166","205291457","chr2","204628185","204628484","36","662981"
"chr3","205300433","205300642","chr2","204638025","204638229","19","662408"
"chr3","205300859","205300931","chr2","204638466","204638538","8","662393"
"chr3","205308997","205309291","chr2","204647129","204647412","31","661868"
"chr3","205311022","205311316","chr3","124575436","124575725","39","80735586"
"chr3","205317432","205317585","chrX","43059711","43059863","21","162257721"
"chr3","205318203","205318306","chr2","60526384","60526488","13","144791819"
"chr3","205325350","205325484","chr5","3251194","3251329","14","202074156"
"chr3","205325775","205326094","chr2","204660876","204661196","28","664899"
"chr3","205339267","205339563","chr5","185702543","185702840","32","19636724"
"chr3","205360333","205360634","chr2","56084627","56084931","42","149275706"
"chr4","15728497","15728803","chr2","95426458","95426760","44","79697961"
"chr4","23068429","23068756","chr5","22766486","22766811","27","301943"
"chr4","84934621","84934931","chr10","12541086","12541391","41","72393535"
"chr4","14811107","14811303","chr19","6045933","6046125","42","8765174"
"chr4","15990517","15990815","chr7","40238655","40238959","53","24248138"
"chr4","22937320","22937609","chr5","22624534","22624834","41","312786"
"chr4","25427924","25428058","chr20","15201421","15201555","14","10226503"
"chr4","42729278","42729608","chr5","42373706","42374037","31","355572"
"chr4","90570543","90570847","chr8","38607474","38607771","38","51963069"
"chr4","169738056","169738241","chr3","156919696","156919884","27","12818360"
"chr4","172752629","172752910","chr5","168678105","168678385","19","4074524"
"chr4","161222","161549","chr5","112942","113238","76","48280"
"chr4","219377","219685","chrX","47770493","47770798","36","47551116"
"chr4","258830","259124","chr5","197591","197886","36","61239"
"chr4","314556","314847","chr1","8696071","8696362","42","8381515"
"chr4","326783","326975","chr1","220178837","220179027","33","219852054"
"chr4","330362","330601","chr16","71909561","71909798","34","71579199"
"chr4","360868","361173","chr5","304275","304581","29","56593"
"chr4","455403","455707","chr8","49529038","49529344","39","49073635"
"chr4","480159","480444","chr20","17810822","17811103","28","17330663"
"chr4","482637","482930","chr5","424255","424564","36","58382"
"chr4","516665","516965","chr4","115355906","115356204","43","114839241"
"chr4","607214","607505","chr1","31691031","31691322","35","31083817"
"chr4","625455","625760","chr5","569348","569658","38","56107"
"chr4","641543","641658","chr7","114829775","114829891","17","114188232"
"chr4","659760","660084","chr5","51540643","51540938","61","50880883"
"chr4","661711","662012","chr4","88410610","88410912","35","87748899"
"chr4","664581","664889","chr5","4578179","4578490","39","3913598"
"chr4","677251","677319","chr6","34141226","34141293","5","33463975"
"chr4","725190","725505","chr5","1282509","1282820","51","557319"
"chr4","732138","732467","chr19","44172376","44172713","53","43440238"
"chr4","769876","770171","chr9","60136753","60137044","33","59366877"
"chr4","777344","777473","chr20","15201421","15201555","15","14424077"
"chr4","778286","778458","chr16","43272620","43272787","18","42494334"
"chr4","832701","833001","chr5","768069","768371","35","64632"
"chr4","834247","834549","chr6","35854956","35855260","38","35020709"
"chr4","835019","835149","chr5","77736065","77736198","15","76901046"
"chr4","835254","835426","chr2","69424628","69424798","29","68589374"
"chr4","841572","841876","chr5","777641","777950","31","63931"
"chr4","887617","887914","chr11","109227033","109227328","31","108339416"
"chr4","924079","924385","chr19","35586951","35587258","42","34662872"
"chr4","957121","957416","chr12","57850151","57850455","43","56893030"
"chr4","959925","960215","chr4","25930902","25931192","44","24970977"
"chr4","963155","963444","chr15","74127094","74127383","30","73163939"
"chr4","975216","975519","chr14","7422043","7422345","44","6446827"
"chr4","976415","976723","chr5","922852","923157","27","53563"
"chr4","1011819","1012118","chr5","963664","963967","33","48155"
"chr4","1017331","1017629","chrX","124052849","124053143","33","123035518"
"chr4","1040111","1040357","chr11","68130617","68130869","37","67090506"
"chr4","1040684","1040972","chr1","216158086","216158376","34","215117402"
"chr4","1072211","1072494","chr5","1024797","1025083","27","47414"
"chr4","1088787","1089082","chr13","75157859","75158148","30","74069072"
"chr4","1094584","1094864","chr3","61453265","61453553","38","60358681"
"chr4","1113869","1114147","chr12","30208839","30209119","30","29094970"
"chr4","1132424","1132723","chr5","1085602","1085901","25","46822"
"chr4","1146713","1146865","chr1","161035354","161035507","26","159888641"
"chr4","1167504","1167811","chr5","1120010","1120312","30","47494"
"chr4","1189220","1189448","chr1","20743725","20743945","42","19554505"
"chr4","1213291","1213569","chr7","96583826","96584106","39","95370535"
"chr4","1214157","1214452","chr5","1167155","1167460","35","47002"
"chr4","1305001","1305155","chr1","97035534","97035689","18","95730533"
"chr4","1305403","1305543","chr9","60169079","60169227","25","58863676"
"chr4","1420825","1420973","chr19","48899838","48899987","24","47479013"
"chr4","1450682","1450988","chr4","88410610","88410912","38","86959928"
"chr4","1472124","1472428","chr12","57850151","57850455","31","56378027"
"chr4","1499118","1499406","chr4","114813653","114813942","34","113314535"
"chr4","1567671","1567849","chr13","29018196","29018373","28","27450525"
"chr4","1614876","1615057","chr16","4662168","4662352","31","3047292"
"chr4","1726394","1726707","chr10","3183511","3183819","40","1457117"
"chr4","1732160","1732456","chr10","83704548","83704843","34","81972388"
"chr4","1743035","1743274","chr12","83505577","83505815","49","81762542"
"chr4","1745902","1746196","chr13","71876709","71877003","42","70130807"
"chr4","1748482","1748687","chrX","30236033","30236239","28","28487551"
"chr4","1749310","1749399","chr19","48230688","48230775","11","46481378"
"chr4","1753513","1753816","chr5","1810371","1810674","40","56858"
"chr4","1754855","1755178","chr1","43419061","43419362","52","41664206"
"chr4","1757929","1758217","chr11","132437462","132437750","54","130679533"
"chr4","1758455","1758771","chr5","1815901","1816214","41","57446"
"chr4","1784783","1785089","chr6","147879619","147879924","36","146094836"
"chr4","1785281","1785576","chr5","1845067","1845362","30","59786"
"chr4","1787256","1787560","chr5","1847041","1847335","37","59785"
"chr4","1882790","1883096","chr10","88064823","88065128","38","86182033"
"chr4","1885321","1885627","chr1","109698616","109698923","47","107813295"
"chr4","1893102","1893221","chr17","10084750","10084869","21","8191648"
"chr4","1896408","1896572","chr9","28310079","28310249","26","26413671"
"chr4","1914295","1914596","chr5","1984855","1985157","32","70560"
"chr4","1935152","1935305","chr7","120346484","120346633","22","118411332"
"chr4","1939719","1940025","chr19","3937494","3937794","47","1997775"
"chr4","1966189","1966441","chr5","2041345","2041602","30","75156"
"chr4","1971376","1971686","chr7","40063489","40063797","44","38092113"
"chr4","1972545","1972826","chr17","29335507","29335791","42","27362962"
"chr4","1982050","1982341","chr5","2058318","2058608","28","76268"
"chr4","1999560","1999861","chr2","95249993","95250288","36","93250433"
"chr4","2022831","2022966","chr3","175611360","175611495","12","173588529"
"chr4","2050715","2050971","chr8","65298542","65298799","36","63247827"
"chr4","2056552","2056767","chr9","26650579","26650790","34","24594027"
"chr4","2088045","2088388","chr12","21290671","21291011","61","19202626"
"chr4","2130089","2130382","chr5","2259836","2260129","31","129747"
"chr4","2164334","2164617","chr7","24113148","24113430","33","21948814"
"chr4","2165797","2165951","chrX","66006360","66006509","30","63840563"
"chr4","2166512","2166644","chr5","3251194","3251329","14","1084682"
"chr4","2179774","2180078","chr16","8952218","8952519","39","6772444"
"chr4","2208715","2209007","chr11","55516800","55517092","36","53308085"
"chr4","2215224","2215520","chr3","81833423","81833724","36","79618199"
"chr4","2234504","2234778","chr9","27890898","27891180","45","25656394"
"chr4","2287194","2287478","chr3","51805028","51805310","37","49517834"
"chr4","2369103","2369417","chrX","113684441","113684748","39","111315338"
"chr4","2370413","2370660","chr10","59910337","59910584","30","57539924"
"chr4","2449424","2449721","chr2","93348173","93348466","39","90898749"
"chr4","2455647","2455937","chr3","126615249","126615539","46","124159602"
"chr4","2486970","2487282","chr5","184066657","184066960","39","181579687"
"chr4","2491520","2491750","chr10","61029967","61030201","29","58538447"
"chr4","2505343","2505654","chr5","2672180","2672497","43","166837"
"chr4","2527061","2527295","chr19","43625773","43626006","34","41098712"
"chr4","2538295","2538591","chr5","2705290","2705595","35","166995"
"chr4","2552838","2553012","chr6","63963732","63963899","27","61410894"
"chr4","2559536","2559631","chr3","18303243","18303342","15","15743707"
"chr4","2572754","2573049","chr3","43801291","43801584","39","41228537"
"chr4","2580986","2581276","chr1","35199549","35199843","42","32618563"
"chr4","2583344","2583638","chr15","29552771","29553062","60","26969427"
"chr4","2587280","2587580","chr5","2761400","2761698","19","174120"
"chr4","2594942","2595250","chr16","26339174","26339480","32","23744232"
"chr4","2608649","2608869","chr4","116777080","116777297","42","114168431"
"chr4","2616611","2616910","chr16","711028","711326","45","1905583"
"chr4","2619199","2619490","chr10","37556074","37556363","37","34936875"
"chr4","2619834","2619989","chr10","79681748","79681907","24","77061914"
"chr4","2620873","2621166","chr1","142214846","142215140","36","139593973"
"chr4","2628882","2629187","chr10","53778026","53778332","41","51149144"
"chr4","2632134","2632299","chr16","43272620","43272787","23","40640486"
"chr4","2642365","2642591","chr7","130360802","130361029","36","127718437"
"chr4","2649074","2649386","chr2","202403614","202403920","39","199754540"
"chr4","2650200","2650486","chr9","96836308","96836599","48","94186108"
"chr4","2651956","2652225","chr5","2828506","2828787","32","176550"
"chr4","2653718","2653957","chr19","7788887","7789121","27","5135169"
"chr4","2655987","2656314","chr5","2833468","2833795","26","177481"
"chr4","2661284","2661434","chr7","120346484","120346633","19","117685200"
"chr4","2661930","2662064","chr7","52682488","52682622","17","50020558"
"chr4","2666428","2666560","chr1","199510324","199510455","14","196843896"
"chr4","2666829","2667204","chr11","66906833","66907185","74","64240004"
"chr4","2671692","2671960","chr6","174913336","174913605","43","172241644"
"chr4","2687942","2688232","chr5","2865396","2865694","34","177454"
"chr4","2692654","2692965","chr16","23745167","23745470","47","21052513"
"chr4","2716015","2716326","chrX","40822479","40822788","48","38106464"
"chr4","2726822","2727120","chr8","94510144","94510444","33","91783322"
"chr4","2747534","2747821","chr1","207534482","207534769","41","204786948"
"chr4","2757702","2758015","chr15","42266168","42266476","33","39508466"
"chr4","2780272","2780552","chr3","42554347","42554626","38","39774075"
"chr4","2815609","2815904","chr9","13812138","13812443","38","10996529"
"chr4","2821605","2821907","chr4","38861882","38862181","35","36040277"
"chr4","2821959","2822001","chr12","2589335","2589379","25","232624"
"chr4","2824047","2824341","chrX","48676443","48676743","41","45852396"
"chr4","2826451","2826686","chr19","43625773","43626006","22","40799322"
"chr4","2830310","2830609","chr3","36442876","36443174","33","33612566"
"chr4","2831495","2831722","chr6","56511093","56511315","39","53679598"
"chr4","2847615","2847903","chr5","3045954","3046251","23","198339"
"chr4","2867918","2868075","chr5","39240849","39241005","26","36372931"
"chr4","2898145","2898428","chr5","3114217","3114508","33","216072"
"chr4","2899072","2899361","chr10","2300633","2300920","37","598439"
"chr4","2901615","2901916","chr5","3119955","3120259","33","218340"
"chr4","2911174","2911478","chr5","3131370","3131689","47","220196"
"chr4","2917910","2918194","chr4","71780574","71780860","48","68862664"
"chr4","2919225","2919524","chr4","132110568","132110863","36","129191343"
"chr4","2921678","2921855","chr3","36859317","36859495","22","33937639"
"chr4","2924468","2924614","chr7","167773913","167774060","23","164849445"
"chr4","2934410","2934699","chr5","3158404","3158710","31","223994"
"chr4","2997283","2997578","chr1","211631922","211632217","38","208634639"
"chr4","3004190","3004484","chr9","58999401","58999692","33","55995211"
"chr4","3022889","3023025","chr15","17851239","17851374","10","14828350"
"chr4","3032785","3033092","chr14","51659905","51660215","39","48627120"
"chr4","3034414","3034603","chr20","28070885","28071073","36","25036471"
"chr4","3036503","3036803","chr2","45834863","45835164","44","42798360"
"chr4","3040375","3040675","chr5","3269018","3269310","49","228643"
"chr4","3050988","3051281","chr5","3281316","3281618","28","230328"
"chr4","3056969","3057262","chr5","3287521","3287825","29","230552"
"chr4","3067649","3067780","chrX","63346487","63346622","14","60278838"
"chr4","3081423","3081726","chr8","93237278","93237575","35","90155855"
"chr4","3095715","3095995","chr12","89649774","89650053","36","86554059"
"chr4","3102028","3102303","chrX","144727540","144727811","43","141625512"
"chr4","3107901","3108201","chr7","37221144","37221444","36","34113243"
"chr4","3115269","3115571","chr2","84826493","84826791","27","81711224"
"chr4","3118847","3119131","chr5","3351860","3352155","35","233013"
"chr4","3140531","3140830","chr5","3372589","3372888","25","232058"
"chr4","3147132","3147225","chr13","9396220","9396315","18","6249088"
"chr4","3147232","3147321","chr6","111928830","111928919","10","108781598"
"chr4","3154199","3154494","chr5","3387129","3387423","31","232930"
"chr4","3171001","3171248","chr12","61505236","61505484","37","58334235"
"chr4","3213668","3213962","chr5","3441680","3441976","27","228012"
"chr4","3255152","3255464","chr10","5921651","5921955","36","2666499"
"chr4","3302479","3302787","chr1","44803901","44804201","37","41501422"
"chr4","3310777","3311072","chr5","3539154","3539458","28","228377"
"chr4","3321395","3321699","chr5","3549408","3549718","33","228013"
"chr4","3461402","3461547","chr14","12626170","12626314","22","9164768"
"chr4","3461959","3462045","chr2","116070884","116070970","11","112608925"
"chr4","3490009","3490317","chr3","17497313","17497619","39","14007304"
"chr4","3527410","3527711","chr5","3675603","3675905","23","148193"
"chr4","3553185","3553276","chr20","18199749","18199840","13","14646564"
"chr4","3553460","3553634","chr6","171382337","171382512","36","167828877"
"chr4","3561603","3561909","chr5","3717795","3718096","31","156192"
"chr4","3642620","3642911","chr3","42417165","42417456","34","38774545"
"chr4","4007865","4008164","chr14","49345470","49345761","47","45337605"
"chr4","4022971","4023263","chr1","21672807","21673105","43","17649836"
"chr4","4038145","4038455","chr20","5106624","5106934","31","1068479"
"chr4","4209860","4210157","chr6","73393768","73394067","40","69183908"
"chr4","4246141","4246321","chr13","66273235","66273415","47","62027094"
"chr4","4259818","4260131","chr2","56084627","56084931","50","51824809"
"chr4","4270986","4271300","chr5","4382408","4382719","31","111422"
"chr4","4274706","4274992","chr5","4385562","4385852","27","110856"
"chr4","4280209","4280516","chrX","95121768","95122073","52","90841559"
"chr4","4302072","4302200","chr8","79499448","79499575","16","75197376"
"chr4","4302743","4302889","chr4","44130284","44130433","16","39827541"
"chr4","4304590","4304884","chr11","94003485","94003774","45","89698895"
"chr4","4337047","4337342","chr16","5048763","5049058","33","711716"
"chr4","4354502","4354802","chr5","4512385","4512677","34","157883"
"chr4","4356252","4356541","chr5","4514142","4514424","33","157890"
"chr4","4369041","4369344","chr5","4528536","4528843","27","159495"
"chr4","4374910","4375193","chr5","4290552","4290829","42","84358"
"chr4","4394766","4395075","chr5","4554918","4555230","34","160152"
"chr4","4397300","4397432","chr14","12626170","12626314","38","8228870"
"chr4","4409226","4409400","chr1","140576951","140577130","23","136167725"
"chr4","4415633","4415926","chr9","88377292","88377585","34","83961659"
"chr4","4420367","4420675","chr5","4581065","4581370","28","160698"
"chr4","4424176","4424480","chr5","4584921","4585220","34","160745"
"chr4","4426736","4427029","chr7","10974680","10974971","32","6547944"
"chr4","4442363","4442673","chr6","105234648","105234956","38","100792285"
"chr4","4453880","4454113","chr16","71909561","71909798","31","67455681"
"chr4","4481725","4482036","chrX","29380217","29380528","50","24898492"
"chr4","4487798","4488099","chr10","44029738","44030042","40","39541940"
"chr4","4490210","4490502","chr16","5048763","5049058","31","558553"
"chr4","4490809","4491089","chr5","147364916","147365197","28","142874107"
"chr4","4499717","4500000","chr3","42554347","42554626","38","38054630"
"chr4","4553951","4554293","chr6","173004124","173004475","68","168450173"
"chr4","4625316","4625614","chr5","4811152","4811446","30","185836"
"chr4","4658225","4658523","chr3","41130046","41130344","36","36471821"
"chr4","4660004","4660118","chr1","205577261","205577377","14","200917257"
"chr4","4689173","4689462","chr5","4877081","4877378","29","187908"
"chr4","4702657","4702960","chr5","4890809","4891098","37","188152"
"chr4","4711514","4711547","chr16","22450326","22450356","6","17738812"
"chr4","4711574","4711857","chr5","58703671","58703954","41","53992097"
"chr4","4720595","4720865","chr4","97951092","97951358","41","93230497"
"chr4","4921422","4921718","chr10","30442537","30442830","36","25521115"
"chr4","4960866","4961116","chr16","74326792","74327047","37","69365926"
"chr4","4961441","4961743","chrX","568154","568456","42","4393287"
"chr4","4983986","4984139","chrX","855241","855400","19","4128745"
"chr4","4986023","4986263","chr5","5185228","5185468","21","199205"
"chr4","5013185","5013196","chr1","34951994","34952004","1","29938809"
"chr4","5013566","5013802","chr7","34231758","34231993","36","29218192"
"chr4","5126529","5126690","chr16","13074697","13074856","28","7948168"
"chr4","5127080","5127094","chr15","8020344","8020357","2","2893264"
"chr4","5136028","5136299","chr5","5324334","5324605","17","188306"
"chr4","5316921","5317225","chr12","50915166","50915462","45","45598245"
"chr4","5329752","5330057","chr15","39460070","39460366","41","34130318"
"chr4","5334005","5334314","chr7","126133311","126133622","45","120799306"
"chr4","5349735","5350029","chrX","9240846","9241146","33","3891111"
"chr4","5426968","5427251","chr2","89319200","89319487","39","83892232"
"chr4","5546755","5547061","chr14","52157822","52158126","31","46611067"
"chr4","5560776","5560991","chr11","118500754","118500968","34","112939978"
"chr4","5575767","5576039","chr5","5728841","5729118","37","153074"
"chr4","5638144","5638428","chr16","71964877","71965160","33","66326733"
"chr4","5644488","5644791","chr3","166406946","166407246","31","160762458"
"chr4","5843654","5843957","chrX","135166691","135166990","40","129323037"
"chr4","5855136","5855357","chr6","56511093","56511315","38","50655957"
"chr4","5863061","5863359","chr6","140129906","140130200","38","134266845"
"chr4","5882121","5882414","chrX","103770263","103770563","41","97888142"
"chr4","5884666","5884957","chr5","6024555","6024859","33","139889"
"chr4","5886808","5887101","chr9","5713218","5713508","33","173590"
"chr4","5999756","5999999","chr1","41686550","41686797","39","35686794"
"chr4","6027629","6027760","chr5","6166993","6167124","16","139364"
"chr4","6040016","6040126","chrX","64859787","64859905","16","58819771"
"chr4","6040282","6040463","chr8","126054004","126054184","24","120013722"
"chr4","6053972","6054278","chr3","77220254","77220554","30","71166282"
"chr4","6080195","6080410","chr1","20743725","20743945","33","14663530"
"chr4","6109264","6109545","chr5","6248031","6248317","34","138767"
"chr4","6127939","6128257","chr5","6267365","6267678","29","139426"
"chr4","6157633","6157836","chr7","95222121","95222323","38","89064488"
"chr4","6169478","6169762","chr5","6310477","6310768","34","140999"
"chr4","6194268","6194573","chr5","6337237","6337545","20","142969"
"chr4","6200067","6200362","chr2","168828708","168829001","36","162628641"
"chr4","6216441","6216739","chr5","6360541","6360840","18","144100"
"chr4","6280596","6280892","chr5","6425429","6425715","23","144833"
"chr4","6285545","6285848","chr18","371369","371677","40","5914176"
"chr4","6287056","6287339","chrX","22381263","22381544","45","16094207"
"chr4","6315296","6315604","chr19","46860523","46860827","34","40545227"
"chr4","6364108","6364404","chr5","6514016","6514310","30","149908"
"chr4","6366102","6366409","chr2","200374583","200374882","44","194008481"
"chr4","6387878","6388153","chr2","107597240","107597520","47","101209362"
"chr4","6392538","6392830","chrX","112529229","112529523","48","106136691"
"chr4","6401502","6401600","chr19","37998405","37998501","20","31596903"
"chr4","6426367","6426673","chr6","166168372","166168671","45","159742005"
"chr4","6493979","6494273","chr5","6645029","6645320","20","151050"
"chr4","6537067","6537319","chr7","97451998","97452247","37","90914931"
"chr4","6556551","6556862","chr5","6707782","6708091","33","151231"
"chr4","6599485","6599740","chr7","54765154","54765403","41","48165669"
"chr4","6667795","6668030","chr10","59910337","59910584","35","53242542"
"chr4","6674931","6675227","chr7","126852396","126852695","42","120177465"
"chr4","6685267","6685444","chr5","153191791","153191956","31","146506524"
"chr4","6704600","6704893","chr5","6860765","6861065","35","156165"
"chr4","6724392","6724700","chr5","6879220","6879529","32","154828"
"chr4","6728678","6728985","chr5","6881979","6882276","36","153301"
"chr4","6753548","6753852","chr12","56368076","56368387","42","49614528"
"chr4","6793654","6793935","chr5","6946466","6946750","26","152812"
"chr4","6813382","6813534","chr3","20732648","20732801","20","13919266"
"chr4","6815214","6815344","chr1","22008660","22008794","19","15193446"
"chr4","6830111","6830411","chr5","6986535","6986829","34","156424"
"chr4","6861009","6861279","chr5","7021319","7021586","30","160310"
"chr4","6870501","6870669","chr1","132595192","132595358","27","125724691"
"chr4","6912920","6913217","chr5","7069513","7069808","34","156593"
"chr4","6913815","6914116","chrX","130555559","130555852","34","123641744"
"chr4","6928841","6929142","chr5","7085755","7086054","32","156914"
"chr4","6948101","6948379","chr5","7105359","7105637","20","157258"
"chr4","6967497","6967792","chr5","7124884","7125174","34","157387"
"chr4","6967796","6967906","chr9","129507036","129507146","10","122539240"
"chr4","6990942","6991124","chr16","48484668","48484845","27","41493726"
"chr4","6994432","6994709","chr5","7153438","7153717","22","159006"
"chr4","6997971","6998112","chr1","12240468","12240612","14","5242497"
"chr4","7001495","7001805","chr7","84112350","84112645","46","77110855"
"chr4","7033252","7033408","chr1","161035354","161035507","26","154002102"
"chr4","7065191","7065489","chr2","187558684","187558980","31","180493493"
"chr4","7071563","7071861","chr5","7232529","7232831","37","160966"
"chr4","7072959","7073096","chr1","14758245","14758381","12","7685286"
"chr4","7073394","7073561","chrX","41188728","41188898","25","34115334"
"chr4","7088169","7088347","chr17","27139801","27139981","35","20051632"
"chr4","7145686","7145940","chr12","122737279","122737534","51","115591593"
"chr4","7154415","7154708","chr1","140098268","140098558","36","132943853"
"chr4","7176122","7176390","chr8","49689754","49690027","42","42513632"
"chr4","7269424","7269705","chr5","7438951","7439240","38","169527"
"chr4","7271845","7272157","chr5","7441371","7441687","33","169526"
"chr4","7301851","7302155","chr5","50858391","50858695","34","43556540"
"chr4","7306201","7306502","chr10","11800697","11800988","41","4494496"
"chr4","7423696","7423998","chr20","72754213","72754522","45","65330517"
"chr4","7514967","7515266","chr20","54253129","54253431","35","46738162"
"chr4","7632334","7632499","chr1","223601810","223601966","26","215969476"
"chr4","7747067","7747362","chr5","7946370","7946666","28","199303"
"chr4","7783735","7784034","chr5","7981612","7981923","35","197877"
"chr4","7788756","7788994","chr17","82147100","82147339","39","74358344"
"chr4","7924275","7924584","chr5","8126596","8126902","38","202321"
"chr4","7927205","7927501","chr18","20505848","20506142","43","12578643"
"chr4","7942553","7942859","chr5","8146032","8146338","24","203479"
"chr4","7958012","7958332","chr5","8162767","8163078","49","204755"
"chr4","7963851","7964156","chr10","29002450","29002753","40","21038599"
"chr4","7968402","7968679","chr8","7562953","7563236","35","405449"
"chr4","7975499","7975633","chr1","26326278","26326413","15","18350779"
"chr4","8011162","8011393","chr4","34413991","34414221","33","26402829"
"chr4","8015581","8015885","chr15","3666547","3666851","52","4349034"
"chr4","8019269","8019577","chr9","22034145","22034451","36","14014876"
"chr4","8021991","8022312","chr14","11889527","11889835","39","3867536"
"chr4","8027654","8027963","chr1","109698616","109698923","42","101670962"
"chr4","8032943","8033197","chr19","49522411","49522664","38","41489468"
"chr4","8079785","8080099","chr5","8289100","8289402","30","209315"
"chr4","8081073","8081350","chrX","46952586","46952871","44","38871513"
"chr4","8088570","8088873","chr6","140468459","140468760","38","132379889"
"chr4","8095322","8095618","chrX","134977768","134978064","33","126882446"
"chr4","8120030","8120327","chr3","55556828","55557129","46","47436798"
"chr4","8122561","8122884","chr10","80884425","80884733","52","72761864"
"chr4","8136880","8137186","chrX","17790100","17790403","43","9653220"
"chr4","8149273","8149565","chr5","8363519","8363817","39","214246"
"chr4","8177488","8177785","chr12","120478908","120479203","34","112301420"
"chr4","8211340","8211636","chr5","8421917","8422212","27","210577"
"chr4","8274024","8274320","chr14","15756054","15756351","34","7482030"
"chr4","8280428","8280729","chr5","8497118","8497412","33","216690"
"chr4","8289335","8289634","chr15","18383931","18384228","38","10094596"
"chr4","8313872","8314175","chr5","8525683","8525984","20","211811"
"chr4","8320355","8320649","chrX","44429429","44429724","39","36109074"
"chr4","8466343","8466627","chr12","75801865","75802145","34","67335522"
"chr4","8484050","8484212","chr10","32574729","32574895","23","24090679"
"chr4","8510174","8510471","chr15","75520244","75520539","40","67010070"
"chr4","8555084","8555391","chr19","52969503","52969812","33","44414419"
"chr4","8565231","8565518","chr5","127645037","127645320","40","119079806"
"chr4","8597259","8597335","chr6","138841354","138841424","15","130244095"
"chr4","8598031","8598327","chr5","8797210","8797518","37","199179"
"chr4","8620271","8620581","chr5","127177722","127178030","41","118557451"
"chr4","8633805","8634080","chr5","8834192","8834480","37","200387"
"chr4","8638409","8638708","chr4","134675515","134675820","30","126037106"
"chr4","8724700","8724856","chr15","16296360","16296518","32","7571660"
"chr4","8725204","8725340","chr10","31067832","31067967","14","22342628"
"chr4","8731093","8731375","chr5","187686146","187686434","33","178955053"
"chr4","8750290","8750595","chr6","178331952","178332257","30","169581662"
"chr4","8812409","8812716","chr5","9012524","9012830","32","200115"
"chr4","8831690","8832070","chr11","8594878","8595184","116","236812"
"chr4","8937671","8937974","chr4","39634856","39635158","40","30697185"
"chr4","8947609","8947917","chr2","44569113","44569418","37","35621504"
"chr4","8965309","8965592","chr5","165211439","165211721","31","156246130"
"chr4","8969254","8969558","chr5","4286550","4286857","30","4682704"
"chr4","8970994","8971300","chr16","61529476","61529778","37","52558482"
"chr4","9019742","9020038","chr20","5252319","5252621","35","3767423"
"chr4","9022559","9022831","chr4","162378215","162378494","38","153355656"
"chr4","9045809","9045862","chr10","28719207","28719255","12","19673398"
"chr4","9046740","9046911","chr20","5280874","5281041","19","3765866"
"chr4","9264395","9264695","chr20","5252319","5252621","31","4012076"
"chr4","9267153","9267457","chr3","42011490","42011797","46","32744337"
"chr4","9268080","9268298","chr13","57213169","57213400","45","47945089"
"chr4","9268361","9268442","chr1","52477253","52477330","19","43208892"
"chr4","9311279","9311451","chr4","130421985","130422172","33","121110706"
"chr4","9314495","9314800","chr2","150947481","150947785","48","141632986"
"chr4","9337762","9337961","chr7","32219546","32219753","40","22881784"
"chr4","9352958","9353259","chr20","5159731","5160031","29","4193227"
"chr4","9353598","9353924","chr7","112925945","112926264","50","103572347"
"chr4","9354268","9354400","chr19","45249393","45249524","19","35895125"
"chr4","9360247","9360530","chr17","29335507","29335791","31","19975260"
"chr4","9434276","9434582","chr1","38412022","38412324","35","28977746"
"chr4","9450897","9450980","chr3","135901165","135901245","12","126450268"
"chr4","9452726","9453012","chr4","18395777","18396068","34","8943051"
"chr4","9457446","9457745","chr3","14227253","14227545","31","4769807"
"chr4","9465526","9465805","chr3","14220048","14220339","27","4754522"
"chr4","9546927","9547230","chr6","75775282","75775584","45","66228355"
"chr4","9712569","9712873","chr5","9352171","9352474","26","360398"
"chr4","9728037","9728339","chr5","9363165","9363460","28","364872"
"chr4","9747311","9747603","chr5","9382604","9382904","34","364707"
"chr4","9776919","9777231","chr3","40716114","40716421","33","30939195"
"chr4","9782874","9783184","chr3","55556828","55557129","42","45773954"
"chr4","10191883","10192156","chr5","9868701","9868964","27","323182"
"chr4","10197277","10197568","chr11","54946715","54947008","35","44749438"
"chr4","10214136","10214441","chr19","20676318","20676616","33","10462182"
"chr4","10223729","10224011","chr5","9900337","9900622","39","323392"
"chr4","10235012","10235305","chr5","9912499","9912800","33","322513"
"chr4","10236612","10236906","chr7","169588830","169589125","32","159352218"
"chr4","10264675","10264963","chr11","48892425","48892714","35","38627750"
"chr4","10268319","10268601","chr5","9940565","9940849","34","327754"
"chr4","10365568","10365832","chr5","8839296","8839563","39","1526272"
"chr4","10372732","10373038","chr5","10038357","10038667","37","334375"
"chr4","10441583","10441707","chr3","13246368","13246494","16","2804785"
"chr4","10501405","10501682","chr4","37501186","37501460","42","26999781"
"chr4","10509608","10509917","chr7","40063489","40063797","39","29553881"
"chr4","10611219","10611528","chr5","10280124","10280431","33","331095"
"chr4","10641502","10641797","chr20","33916602","33916903","40","23275100"
"chr4","10679601","10679908","chr5","10349187","10349492","49","330414"
"chr4","10695491","10695798","chr5","10365638","10365949","30","329853"
"chr4","10699876","10700033","chr12","106042818","106042977","25","95342942"
"chr4","10719106","10719410","chr5","10390958","10391265","37","328148"
"chr4","10809842","10810121","chr5","10474005","10474294","36","335837"
"chr4","10826186","10826477","chr5","10490314","10490613","30","335872"
"chr4","10852745","10853054","chr5","10513042","10513356","42","339703"
"chr4","10853937","10854234","chr1","200028486","200028781","46","189174549"
"chr4","10900972","10901266","chr8","68101746","68102036","37","57200774"
"chr4","10933881","10934187","chr1","40610787","40611094","42","29676906"
"chr4","10934813","10935104","chr4","10533249","10533540","34","401564"
"chr4","11148446","11148743","chr3","61453265","61453553","37","50304819"
"chr4","11162686","11162939","chr7","136403023","136403275","38","125240337"
"chr4","11241219","11241554","chr18","39225199","39225527","52","27983980"
"chr4","11319357","11319544","chrX","64859580","64859761","36","53540223"
"chr4","11319790","11319874","chr3","177675081","177675165","15","166355291"
"chr4","11340051","11340364","chr5","10992546","10992856","26","347505"
"chr4","11414534","11414751","chr16","668407","668615","35","10746127"
"chr4","11561884","11562008","chr5","11203824","11203948","12","358060"
"chr4","11589888","11590172","chrX","117428205","117428490","43","105838317"
"chr4","11848842","11848960","chr6","43968663","43968782","16","32119821"
"chr4","11928937","11929111","chr5","11559555","11559729","21","369382"
"chr4","11985791","11986092","chr17","9623431","9623734","39","2362360"
"chr4","12310375","12310678","chr15","104333343","104333649","35","92022968"
"chr4","12342158","12342453","chr5","11959111","11959404","34","383047"
"chr4","12389160","12389441","chr16","11618791","11619073","39","770369"
"chr4","12431567","12431871","chr14","100441445","100441748","38","88009878"
"chr4","12434283","12434582","chr4","151083849","151084148","43","138649566"
"chr4","12563080","12563387","chr5","12178027","12178339","27","385053"
"chr4","12611485","12611606","chr1","7373118","7373239","15","5238367"
"chr4","12611644","12611812","chr16","43272620","43272787","24","30660976"
"chr4","12614987","12615269","chr2","20684545","20684826","39","8069558"
"chr4","12674123","12674400","chr5","12279764","12280042","21","394359"
"chr4","12758679","12758991","chr17","94314675","94314978","41","81555996"
"chr4","12804515","12804771","chr2","61380416","61380677","36","48575901"
"chr4","12833808","12834129","chr5","12443004","12443323","33","390804"
"chr4","12988786","12988913","chrX","124204655","124204783","18","111215869"
"chr4","13077603","13077892","chr5","12679652","12679956","42","397951"
"chr4","13209877","13210156","chr16","40186125","40186405","37","26976248"
"chr4","13354030","13354333","chr5","12960682","12960987","26","393348"
"chr4","13554159","13554471","chr5","13145048","13145357","39","409111"
"chr4","13684116","13684419","chr7","110794542","110794847","36","97110426"
"chr4","13954510","13954800","chr4","29120407","29120699","44","15165897"
"chr4","13969146","13969455","chr5","13542487","13542794","32","426659"
"chr4","14065229","14065542","chr5","13649062","13649367","32","416167"
"chr4","14149733","14150035","chr5","13745038","13745348","32","404695"
"chr4","14188559","14188691","chr14","9310120","9310254","15","4878439"
"chr4","14325009","14325295","chr16","2871012","2871300","33","11453997"
"chr4","14363106","14363415","chr5","13960353","13960660","38","402753"
"chr4","14396395","14396685","chr5","13985507","13985813","39","410888"
"chr4","14473194","14473359","chr5","14061547","14061713","12","411647"
"chr4","14558475","14558712","chr12","80456402","80456644","43","65897927"
"chr4","14692366","14692667","chr5","14325343","14325641","28","367023"
"chr4","14741295","14741600","chr5","14372938","14373232","36","368357"
"chr4","14776357","14776653","chr1","9179485","9179779","35","5596872"
"chr4","14941891","14942187","chr4","87492395","87492703","51","72550504"
"chr4","14994900","14995194","chr9","90820027","90820317","50","75825127"
"chr4","15175372","15175685","chrX","23558557","23558868","41","8383185"
"chr4","15234375","15234676","chr5","14795801","14796102","20","438574"
"chr4","15314880","15315224","chr8","88571595","88571935","52","73256715"
"chr4","15322956","15323253","chr12","2948646","2948938","55","12374310"
"chr4","15334552","15334841","chr5","14888933","14889220","17","445619"
"chr4","15366613","15366924","chr16","63190874","63191183","49","47824261"
"chr4","15367905","15368194","chr4","37385973","37386264","39","22018068"
"chr4","15382959","15383248","chr5","14923251","14923549","41","459708"
"chr4","15396279","15396588","chr5","14936862","14937173","23","459417"
"chr4","15459200","15459500","chr5","15013296","15013589","31","445904"
"chr4","15476669","15476969","chr5","15032467","15032765","18","444202"
"chr4","15517995","15518299","chr3","135767525","135767831","41","120249530"
"chr4","15580275","15580573","chr6","68106742","68107040","39","52526467"
"chr4","15580574","15580708","chr1","154072718","154072853","14","138492144"
"chr4","15693056","15693347","chr3","165332839","165333127","27","149639783"
"chr4","15699617","15699915","chr2","50028404","50028701","36","34328787"
"chr4","15704090","15704400","chr13","92078227","92078528","52","76374137"
"chr4","15729762","15730058","chr5","15318523","15318822","54","411239"
"chr4","15740672","15740961","chr5","15329468","15329770","38","411204"
"chr4","15743000","15743301","chr5","15331801","15332099","25","411199"
"chr4","15746052","15746359","chr11","31742736","31743037","33","15996684"
"chr4","15771250","15771529","chr5","15359299","15359583","26","411951"
"chr4","15790228","15790481","chr5","15380262","15380513","33","409966"
"chr4","15800749","15801061","chr5","15390864","15391179","27","409885"
"chr4","15872111","15872391","chrX","46952586","46952871","35","31080475"
"chr4","15901211","15901493","chr8","123353121","123353398","42","107451910"
"chr4","15906333","15906619","chr17","10508681","10508962","43","5397652"
"chr4","15915112","15915412","chr1","52875145","52875442","41","36960033"
"chr4","15919661","15919790","chr19","43146454","43146588","11","27226793"
"chr4","15945802","15946106","chr5","15544141","15544440","32","401661"
"chr4","15970972","15971260","chr1","26113860","26114150","32","10142888"
"chr4","16036435","16036737","chr5","15635717","15636021","25","400718"
"chr4","16050074","16050356","chr7","152354245","152354532","34","136304171"
"chr4","16050382","16050392","chr2","50074526","50074536","1","34024144"
"chr4","16069966","16070263","chr5","15669882","15670186","31","400084"
"chr4","16137092","16137402","chr5","15736651","15736966","35","400441"
"chr4","16272313","16272486","chr10","38461164","38461337","30","22188851"
"chr4","16346536","16346818","chrX","16786018","16786300","35","439482"
"chr4","16418267","16418493","chr5","16016314","16016535","23","401953"
"chr4","16477972","16478272","chr11","46868980","46869278","36","30391008"
"chr4","16510765","16511055","chr1","54972205","54972496","38","38461440"
"chr4","16566957","16567254","chr7","82857647","82857949","32","66290690"
"chr4","16628974","16629277","chr7","68708818","68709123","31","52079844"
"chr4","16633511","16633785","chr5","16237229","16237501","26","396282"
"chr4","16687145","16687441","chr7","40926065","40926365","29","24238920"
"chr4","16696973","16697221","chr2","88470376","88470622","54","71773403"
"chr4","16735100","16735403","chr5","16336928","16337221","35","398172"
"chr4","16736133","16736440","chrX","47581011","47581317","36","30844878"
"chr4","16752568","16752864","chr5","16355033","16355330","24","397535"
"chr4","16764703","16765005","chr7","113559810","113560113","47","96795107"
"chr4","16792176","16792476","chr1","128612759","128613052","35","111820583"
"chr4","16799685","16799979","chr5","16404906","16405205","25","394779"
"chr4","16803249","16803462","chr16","56355690","56355917","46","39552441"
"chr4","16819143","16819439","chr7","99527076","99527373","39","82707933"
"chr4","16958025","16958324","chr2","102126990","102127295","33","85168965"
"chr4","16962063","16962344","chr4","44140247","44140529","39","27178184"
"chr4","17005486","17005786","chrX","95124717","95125020","46","78119231"
"chr4","17065967","17066276","chr5","16678811","16679120","39","387156"
"chr4","17078212","17078506","chr3","36442876","36443174","35","19364664"
"chr4","17096641","17096773","chrX","107799688","107799820","16","90703047"
"chr4","17101644","17101954","chr13","74777853","74778158","46","57676209"
"chr4","17104060","17104398","chrX","123681504","123681827","72","106577444"
"chr4","17116744","17117018","chr5","16783944","16784225","25","332800"
"chr4","17120017","17120311","chr5","16787276","16787570","28","332741"
"chr4","17145117","17145257","chr6","56602654","56602794","19","39457537"
"chr4","17153074","17153385","chr5","16817736","16818051","31","335338"
"chr4","17160321","17160651","chr5","16826385","16826707","31","333936"
"chr4","17182458","17182766","chr14","7697860","7698167","34","9484598"
"chr4","17267847","17267961","chr7","56497314","56497433","24","39229467"
"chr4","17275019","17275308","chr5","16936693","16936987","44","338326"
"chr4","17287401","17287585","chr20","42796520","42796706","27","25509119"
"chr4","17313351","17313641","chr19","34897530","34897818","36","17584179"
"chr4","17313642","17313783","chr5","100874529","100874663","21","83560887"
"chr4","17318982","17319240","chr4","87688518","87688775","40","70369536"
"chr4","17341928","17341971","chr15","27912108","27912149","8","10570180"
"chr4","17342223","17342382","chr4","163053093","163053252","25","145710870"
"chr4","17347931","17348222","chr8","30311278","30311575","41","12963347"
"chr4","17355262","17355426","chr19","15492088","15492253","27","1863174"
"chr4","17378062","17378362","chr5","17023948","17024246","27","354114"
"chr4","17382021","17382330","chr5","81856106","81856415","53","64474085"
"chr4","17405414","17405711","chr6","140907162","140907461","35","123501748"
"chr4","17406949","17407224","chr8","142242840","142243113","34","124835891"
"chr4","17457208","17457511","chr20","1540804","1541106","33","15916404"
"chr4","17460335","17460481","chr6","177341736","177341880","21","159881401"
"chr4","17472243","17472531","chr5","17128907","17129207","26","343336"
"chr4","17477137","17477387","chr15","1068613","1068871","38","16408524"
"chr4","17484574","17484855","chr2","199766542","199766825","43","182281968"
"chr4","17486771","17487061","chr7","28329692","28329979","34","10842921"
"chr4","17519279","17519572","chr1","9179485","9179779","41","8339794"
"chr4","17524993","17525289","chr1","2862087","2862379","32","14662906"
"chr4","17531791","17531931","chr5","47669988","47670124","24","30138197"
"chr4","17632823","17632993","chrX","557444","557611","29","17075379"
"chr4","17633219","17633277","chr1","11858190","11858250","8","5775029"
"chr4","17691188","17691493","chr3","357922","358226","39","17333266"
"chr4","17876219","17876517","chr13","11438541","11438838","34","6437678"
"chr4","17906795","17907030","chr5","17555219","17555451","29","351576"
"chr4","17993247","17993442","chr13","64990371","64990560","31","46997124"
"chr4","18005506","18005809","chr3","11643104","11643407","42","6362402"
"chr4","18331369","18331661","chr10","53132033","53132318","40","34800664"
"chr4","18334505","18334798","chr5","17984759","17985052","20","349746"
"chr4","18374726","18375028","chr5","18029903","18030198","41","344823"
"chr4","18440048","18440357","chr5","18096682","18096987","28","343366"
"chr4","18448713","18448908","chr11","2904691","2904882","30","15544022"
"chr4","18497414","18497720","chr6","136355120","136355427","36","117857706"
"chr4","18576230","18576524","chr5","18245288","18245591","37","330942"
"chr4","18601780","18602076","chr5","18271236","18271537","38","330544"
"chr4","18609309","18609627","chr5","18279101","18279419","25","330208"
"chr4","18686459","18686751","chr5","18380783","18381063","40","305676"
"chr4","18904464","18904703","chr17","77634238","77634486","41","58729774"
"chr4","19155864","19156155","chr5","18861623","18861926","41","294241"
"chr4","19197390","19197670","chr5","18905411","18905693","38","291979"
"chr4","19198494","19198734","chr13","96294023","96294266","58","77095529"
"chr4","19228666","19228958","chr5","18936786","18937076","37","291880"
"chr4","19257454","19257739","chr1","5556635","5556910","42","13700819"
"chr4","19270221","19270518","chr8","56723385","56723684","45","37453164"
"chr4","19274021","19274332","chr1","42316851","42317149","47","23042830"
"chr4","19352002","19352287","chr5","19050261","19050532","33","301741"
"chr4","19424088","19424351","chr3","116759803","116760064","44","97335715"
"chr4","19535840","19536111","chr5","19222454","19222733","32","313386"
"chr4","19536147","19536349","chr1","142218518","142218719","37","122682371"
"chr4","19557582","19557887","chr5","19252333","19252635","34","305249"
"chr4","19661059","19661350","chr5","19334076","19334370","32","326983"
"chr4","19688664","19688946","chr5","19361898","19362185","27","326766"
"chr4","19741452","19741754","chr5","19409493","19409823","44","331959"
"chr4","19751961","19752262","chr2","102126990","102127295","37","82375029"
"chr4","19793636","19793936","chr9","105881667","105881971","38","86088031"
"chr4","19835204","19835515","chr6","138200323","138200631","44","118365119"
"chr4","20042434","20042755","chr5","19715493","19715811","29","326941"
"chr4","20075153","20075448","chr6","71534351","71534652","41","51459198"
"chr4","20082649","20082955","chr2","146877836","146878139","38","126795187"
"chr4","20104439","20104571","chr14","101866232","101866364","15","81761793"
"chr4","20274323","20274558","chr5","19947305","19947542","20","327018"
"chr4","20291481","20291797","chr7","82393560","82393871","43","62102079"
"chr4","20372949","20373255","chr2","95270105","95270405","38","74897156"
"chr4","20409552","20409838","chr3","150856827","150857115","43","130447275"
"chr4","20443047","20443205","chr1","89718597","89718758","21","69275550"
"chr4","20460302","20460603","chr5","145165274","145165576","43","124704972"
"chr4","20509716","20510018","chr6","158238484","158238782","43","137728768"
"chr4","20527067","20527254","chr15","8260710","8260897","30","12266357"
"chr4","20531778","20532083","chr6","20317307","20317607","56","214471"
"chr4","20537527","20537837","chr4","88410610","88410912","37","67873083"
"chr4","20640417","20640702","chr5","20318671","20318957","26","321746"
"chr4","20710760","20710937","chr9","61136459","61136637","34","40425699"
"chr4","20713310","20713620","chr2","105466815","105467114","43","84753505"
"chr4","20716952","20717234","chr4","67157808","67158095","42","46440856"
"chr4","20733219","20733534","chr13","39986756","39987062","38","19253537"
"chr4","20770645","20770948","chr5","20450223","20450532","34","320422"
"chr4","20825981","20826272","chr11","111871416","111871712","43","91045435"
"chr4","20861815","20862125","chr5","50858391","50858695","44","29996576"
"chr4","20900818","20901107","chr1","112580058","112580347","36","91679240"
"chr4","20944369","20944681","chr1","53307731","53308037","38","32363362"
"chr4","20969146","20969458","chr5","20644590","20644892","39","324556"
"chr4","21000089","21000391","chr5","20673254","20673567","32","326835"
"chr4","21105415","21105692","chr15","46093573","46093843","52","24988158"
"chr4","21163564","21163868","chr5","20878036","20878335","33","285528"
"chr4","21194271","21194581","chr1","31631747","31632058","39","10437476"
"chr4","21197385","21197691","chr11","49864360","49864666","55","28666975"
"chr4","21231717","21232015","chr1","50726895","50727188","36","29495178"
"chr4","21263639","21263933","chr5","20976674","20976955","33","286965"
"chr4","21306596","21306791","chr18","1029987","1030198","41","20276609"
"chr4","21312049","21312352","chr6","69876786","69877095","61","48564737"
"chr4","21375445","21375743","chr9","88377292","88377585","36","67001847"
"chr4","21412932","21413239","chr5","21124766","21125059","42","288166"
"chr4","21451356","21451646","chr5","21164163","21164459","39","287193"
"chr4","21488036","21488317","chr5","21200656","21200946","28","287380"
"chr4","21490906","21491193","chr5","21203011","21203297","45","287895"
"chr4","21492104","21492404","chr5","21204132","21204441","43","287972"
"chr4","21557657","21557929","chr7","20004141","20004418","40","1553516"
"chr4","21562967","21563171","chr2","92746170","92746372","32","71183203"
"chr4","21620547","21620848","chr5","21329566","21329864","31","290981"
"chr4","21648135","21648439","chr1","42128893","42129195","31","20480758"
"chr4","21935023","21935316","chr5","21639830","21640126","44","295193"
"chr4","22027510","22027799","chr10","28584966","28585249","50","6557456"
"chr4","22049637","22049926","chr7","28145427","28145714","36","6095790"
"chr4","22093532","22093831","chr5","21811292","21811586","28","282240"
"chr4","22149421","22149713","chr5","21869054","21869343","27","280367"
"chr4","22149996","22150292","chr7","125926021","125926316","50","103776025"
"chr4","22161609","22161900","chr5","21881576","21881874","33","280033"
"chr4","22166757","22167033","chr5","21886756","21887046","31","280001"
"chr4","22212947","22213148","chr16","668407","668615","36","21544540"
"chr4","22228428","22228723","chrX","41755291","41755592","33","19526863"
"chr4","22229307","22229609","chr10","74888195","74888498","33","52658888"
"chr4","22233221","22233541","chrX","136878703","136879014","46","114645482"
"chr4","22249718","22250002","chr17","82791576","82791857","40","60541858"
"chr4","22281054","22281360","chr5","22010417","22010722","28","270637"
"chr4","22291799","22292114","chr18","15376339","15376637","44","6915460"
"chr4","22330117","22330392","chr5","22013118","22013396","25","316999"
"chr4","22473837","22474119","chrX","131541497","131541786","42","109067660"
"chr4","22510676","22510974","chr5","51540643","51540938","36","29029967"
"chr4","22545407","22545718","chr14","112526592","112526892","33","89981185"
"chr4","22614618","22614922","chr5","22293129","22293433","18","321489"
"chr4","22631848","22632145","chr5","22310175","22310483","41","321673"
"chr4","22746033","22746317","chr5","22425393","22425661","35","320640"
"chr4","22747525","22747817","chrX","31048911","31049202","37","8301386"
"chr4","22784692","22785004","chr14","34513558","34513865","35","11728866"
"chr4","22880338","22880509","chr16","43272620","43272787","22","20392282"
"chr4","22940408","22940716","chr6","57264088","57264386","52","34323680"
"chr4","23125599","23125883","chr9","24650454","24650735","38","1524855"
"chr4","23125917","23125930","chr1","56144660","56144672","2","33018743"
"chr4","23182088","23182384","chr12","96281392","96281689","40","73099304"
"chr4","23237550","23237713","chrX","117720504","117720665","21","94482954"
"chr4","23240483","23240795","chr18","8556211","8556530","56","14684272"
"chr4","23259529","23259825","chr5","22971287","22971594","33","288242"
"chr4","23265370","23265543","chr2","69424628","69424798","45","46159258"
"chr4","23307326","23307362","chr5","23016462","23016482","16","290864"
"chr4","23401727","23402023","chr5","23111747","23112022","42","289980"
"chr4","23554785","23555085","chr5","23256212","23256512","27","298573"
"chr4","23555941","23556235","chr5","23257256","23257556","26","298685"
"chr4","23688572","23688864","chrX","114883322","114883623","45","91194750"
"chr4","23697530","23697818","chr3","48843566","48843858","42","25146036"
"chr4","23743999","23744300","chr5","23451013","23451305","32","292986"
"chr4","23750308","23750572","chr1","139650554","139650817","27","115900246"
"chr4","23908559","23908869","chr5","23616177","23616482","36","292382"
"chr4","23918121","23918399","chr5","23625708","23625985","38","292413"
"chr4","23920187","23920485","chr19","20676318","20676616","29","3243869"
"chr4","24040304","24040371","chr11","788440","788506","11","23251864"
"chr4","24045977","24046279","chr6","11866650","11866952","28","12179327"
"chr4","24061671","24061981","chr5","23766101","23766416","35","295570"
"chr4","24068109","24068419","chr5","23772549","23772859","25","295560"
"chr4","24106659","24106949","chr16","18242235","18242525","30","5864424"
"chr4","24133519","24133794","chr5","23839057","23839337","34","294462"
"chr4","24151410","24151724","chr14","13935613","13935921","47","10215797"
"chr4","24172765","24173049","chr17","81794655","81794948","48","57621890"
"chr4","24190474","24190570","chr12","115778256","115778354","11","91587782"
"chr4","24196054","24196260","chr3","3200882","3201085","26","20995172"
"chr4","24205774","24206076","chr5","23904357","23904658","35","301417"
"chr4","24262123","24262424","chr5","23961250","23961539","36","300873"
"chr4","24269730","24270032","chr3","1691355","1691649","52","22578375"
"chr4","24287555","24287686","chr19","45249393","45249524","25","20961838"
"chr4","24324395","24324705","chr20","4588641","4588948","41","19735754"
"chr4","24344283","24344593","chr5","24055990","24056303","34","288293"
"chr4","24345025","24345327","chr15","84344006","84344317","42","59998981"
"chr4","24352214","24352398","chr7","71783059","71783252","47","47430845"
"chr4","24360754","24361062","chr6","76995776","76996085","50","52635022"
"chr4","24363496","24363783","chrX","52560249","52560544","31","28196753"
"chr4","24372974","24373269","chr16","8821830","8822125","40","15551144"
"chr4","24394809","24395014","chr12","58853743","58853952","37","34458934"
"chr4","24431781","24431919","chrX","130438301","130438440","17","106006520"
"chr4","24471440","24471718","chr12","83365767","83366043","39","58894327"
"chr4","24497122","24497419","chr5","24212286","24212581","28","284836"
"chr4","24504825","24505118","chr5","24220466","24220755","22","284359"
"chr4","24518816","24519104","chr4","114813653","114813942","41","90294837"
"chr4","24540792","24541109","chr5","24256205","24256515","43","284587"
"chr4","24548514","24548824","chr2","137247295","137247604","38","112698781"
"chr4","24562812","24563113","chr5","24276636","24276949","37","286176"
"chr4","24660046","24660354","chr5","24368305","24368613","16","291741"
"chr4","24691489","24691789","chr5","24400183","24400489","26","291306"
"chr4","24701768","24702064","chr5","24410770","24411065","31","290998"
"chr4","24753596","24753762","chr3","174475287","174475462","43","149721691"
"chr4","24759706","24759881","chr16","53414256","53414427","28","28654550"
"chr4","24811592","24811834","chr1","22398605","22398844","33","2412987"
"chr4","24811835","24811919","chr3","177675081","177675165","12","152863246"
"chr4","24824262","24824554","chr7","28261349","28261643","34","3437087"
"chr4","24869634","24869925","chr5","24592056","24592351","32","277578"
"chr4","24961492","24961760","chr5","24672901","24673161","30","288591"
"chr4","24977915","24978133","chr6","56511093","56511315","41","31533178"
"chr4","24981172","24981426","chr10","13684885","13685136","44","11296287"
"chr4","25014425","25014721","chr5","24722191","24722498","33","292234"
"chr4","25016468","25016754","chr5","24724239","24724535","30","292229"
"chr4","25055793","25056081","chr3","64016188","64016477","38","38960395"
"chr4","25073473","25073651","chr1","9149177","9149355","33","15924296"
"chr4","25073962","25074097","chr10","31067832","31067967","8","5993870"
"chr4","25116283","25116587","chr5","24825525","24825832","34","290758"
"chr4","25144379","25144671","chr5","24853146","24853442","23","291233"
"chr4","25146911","25146985","chr13","48076829","48076908","11","22929918"
"chr4","25147641","25147819","chr1","110234137","110234315","30","85086496"
"chr4","25156661","25156939","chr7","80219634","80219914","39","55062973"
"chr4","25168930","25169124","chr1","136113159","136113362","33","110944229"
"chr4","25173371","25173667","chr2","90065690","90065980","52","64892319"
"chr4","25197632","25197808","chrX","135049076","135049247","30","109851444"
"chr4","25203961","25204176","chr4","116777080","116777297","39","91573119"
"chr4","25212770","25213061","chr5","24920778","24921064","30","291992"
"chr4","25226153","25226453","chr15","41663867","41664162","47","16437714"
"chr4","25227585","25227879","chr8","49487106","49487399","40","24259521"
"chr4","25230678","25230920","chr5","24940227","24940476","29","290451"
"chr4","25232175","25232468","chr5","24941777","24942065","30","290398"
"chr4","25242593","25242885","chr16","5048763","5049058","35","20193830"
"chr4","25245542","25245848","chr5","24955718","24956024","30","289824"
"chr4","25248173","25248481","chr10","12198513","12198815","38","13049660"
"chr4","25249384","25249702","chr5","24959483","24959790","51","289901"
"chr4","25251448","25251743","chr5","24961223","24961529","29","290225"
"chr4","25260423","25260552","chr10","66401425","66401556","17","41141002"
"chr4","25261293","25261599","chr5","24970748","24971060","35","290545"
"chr4","25274038","25274358","chr5","24982696","24983009","33","291342"
"chr4","25279701","25279914","chr5","24988818","24989031","17","290883"
"chr4","25279915","25279941","chr7","16942711","16942731","9","8337204"
"chr4","25280938","25281137","chr15","8260710","8260897","39","17020228"
"chr4","25287483","25287777","chr3","182275880","182276169","28","156988397"
"chr4","25289187","25289499","chr8","78064122","78064435","44","52774935"
"chr4","25297648","25297944","chr3","64580661","64580960","41","39283013"
"chr4","25300565","25300726","chr5","153191791","153191956","26","127891226"
"chr4","25300930","25301246","chr5","82516649","82516958","45","57215719"
"chr4","25303504","25303799","chr5","25015289","25015584","18","288215"
"chr4","25308644","25308801","chr6","143310132","143310288","24","118001488"
"chr4","25311557","25311838","chr4","44140247","44140529","65","18828690"
"chr4","25313484","25313598","chr3","10321001","10321105","20","14992483"
"chr4","25313889","25314100","chr16","46571531","46571744","32","21257642"
"chr4","25320323","25320621","chr5","25038447","25038740","34","281876"
"chr4","25347803","25348109","chr9","98408570","98408877","46","73060767"
"chr4","25372440","25372692","chr13","88270653","88270911","29","62898213"
"chr4","25375198","25375302","chr5","25768079","25768163","35","392881"
"chr4","25380438","25380738","chr5","25114128","25114420","26","266310"
"chr4","25407817","25408119","chr5","25142279","25142575","30","265538"
"chr4","25409120","25409419","chr5","25143504","25143797","30","265616"
"chr4","25410165","25410444","chr10","88768614","88768894","45","63358449"
"chr4","25412380","25412712","chr1","189399290","189399611","46","163986910"
"chr4","25418282","25418578","chr6","140129906","140130200","34","114711624"
"chr4","25431618","25431776","chr16","10378240","10378404","31","15053378"
"chr4","25434246","25434556","chrX","41153494","41153805","31","15719248"
"chr4","25435922","25436053","chrX","2592837","2592968","17","22843085"
"chr4","25464572","25464863","chr3","2986573","2986865","30","22477999"
"chr4","25475771","25476079","chr5","25211063","25211357","34","264708"
"chr4","25478344","25478638","chr5","51540643","51540938","38","26062299"
"chr4","25500555","25500861","chr5","50858391","50858695","39","25357836"
"chr4","25505718","25506012","chr4","3275190","3275481","50","22230528"
"chr4","25508864","25509136","chr5","25244441","25244714","23","264423"
"chr4","25530630","25530929","chr1","36905300","36905598","30","11374670"
"chr4","25531245","25531535","chr1","110961034","110961322","39","85429789"
"chr4","25596000","25596316","chr5","25332697","25333009","40","263303"
"chr4","25621999","25622296","chr3","5998793","5999090","36","19623206"
"chr4","25628895","25629208","chr5","25365053","25365363","39","263842"
"chr4","25636039","25636139","chr3","151235850","151235951","17","125599811"
"chr4","25636874","25637088","chr12","106080182","106080390","43","80443308"
"chr4","25644944","25645189","chr17","60749834","60750084","34","35104890"
"chr4","25654802","25655011","chr16","46571531","46571744","34","20916729"
"chr4","25665009","25665295","chr5","25400437","25400723","28","264572"
"chr4","25668609","25668903","chr15","39460070","39460366","41","13791461"
"chr4","25674057","25674352","chr3","1691355","1691649","36","23982702"
"chr4","25723995","25724306","chr2","89363931","89364239","42","63639936"
"chr4","25793553","25793810","chr9","97498932","97499190","36","71705379"
"chr4","25822919","25823177","chr5","25559450","25559713","19","263469"
"chr4","25824379","25824684","chr5","25560927","25561235","30","263452"
"chr4","25854528","25854836","chr5","25586368","25586675","27","268160"
"chr4","25867763","25868092","chr5","25599423","25599738","35","268340"
"chr4","25904848","25905037","chr15","10443578","10443770","27","15461270"
"chr4","25905153","25905267","chr13","61033471","61033585","14","35128318"
"chr4","25930604","25930901","chr5","25664579","25664878","29","266025"
"chr4","25943477","25943759","chr5","138870607","138870885","44","112927130"
"chr4","25947142","25947447","chr10","67389403","67389715","34","41442261"
"chr4","25954221","25954533","chr2","89375745","89376052","49","63421524"
"chr4","25968671","25968961","chr11","8104075","8104368","40","17864596"
"chr4","25970838","25971136","chr19","34246069","34246358","37","8275231"
"chr4","25982803","25983113","chr12","104989008","104989321","50","79006205"
"chr4","26023183","26023497","chr5","25762079","25762390","26","261104"
"chr4","26029008","26029210","chr20","2618000","2618205","35","23411008"
"chr4","26037258","26037566","chr4","57730041","57730348","49","31692783"
"chr4","26043857","26044146","chr5","25782296","25782589","37","261561"
"chr4","26050564","26050897","chr16","66712522","66712835","54","40661958"
"chr4","26061591","26061882","chr1","86816862","86817153","31","60755271"
"chr4","26112049","26112350","chr5","25849640","25849945","25","262409"
"chr4","26124306","26124398","chr7","135286003","135286096","20","109161697"
"chr4","26124400","26124536","chr4","115848594","115848725","21","89724194"
"chr4","26135630","26135928","chr3","38684532","38684827","38","12548902"
"chr4","26142059","26142242","chr8","126054004","126054184","25","99911945"
"chr4","26142933","26143238","chr1","23689242","23689547","37","2453691"
"chr4","26217254","26217549","chr4","18718313","18718609","39","7498941"
"chr4","26275236","26275543","chr6","166717600","166717916","42","140442364"
"chr4","26351318","26351620","chr5","26081008","26081314","30","270310"
"chr4","26423392","26423699","chr5","26147157","26147468","27","276235"
"chr4","26464988","26465301","chr14","112526592","112526892","50","86061604"
"chr4","26483582","26483860","chr3","57767036","57767301","48","31283454"
"chr4","26519313","26519616","chr5","26243590","26243898","28","275723"
"chr4","26559736","26559867","chr15","17851239","17851374","9","8708497"
"chr4","26571281","26571570","chr5","26297038","26297328","17","274243"
"chr4","26632310","26632525","chr5","26361535","26361746","20","270775"
"chr4","26660443","26660724","chr5","26389924","26390201","25","270519"
"chr4","26700427","26700734","chr10","27037657","27037967","48","337230"
"chr4","26741429","26741740","chr15","25631420","25631728","40","1110009"
"chr4","26794010","26794297","chr5","26533545","26533835","29","260465"
"chr4","26805226","26805530","chr3","136165863","136166160","37","109360637"
"chr4","26823822","26824135","chr10","12541086","12541391","42","14282736"
"chr4","26909198","26909418","chr13","94935954","94936168","46","68026756"
"chr4","26911897","26912011","chr14","195049","195159","15","26716848"
"chr4","26912321","26912520","chr4","56235115","56235309","40","29322794"
"chr4","26953438","26953690","chr5","26693907","26694157","34","259531"
"chr4","27018878","27019175","chr2","48884905","48885199","47","21866027"
"chr4","27146371","27146689","chr3","161302845","161303153","46","134156474"
"chr4","27320604","27320900","chr5","27077158","27077433","42","243446"
"chr4","27357998","27358311","chr15","56470582","56470893","41","29112584"
"chr4","27387842","27388131","chr9","30837074","30837368","39","3449232"
"chr4","27434350","27434652","chr5","27197337","27197630","32","237013"
"chr4","27456736","27457040","chr5","27217941","27218246","50","238795"
"chr4","27488054","27488373","chr5","27249461","27249778","42","238593"
"chr4","27730858","27731166","chr4","33074528","33074839","41","5343670"
"chr4","27765214","27765525","chr1","26145225","26145539","38","1619989"
"chr4","27772352","27772582","chr11","45262060","45262293","39","17489708"
"chr4","27773653","27773812","chrX","855241","855400","29","26918412"
"chr4","27774139","27774257","chr3","124100480","124100599","15","96326341"
"chr4","27871241","27871513","chr5","27629444","27629725","43","241797"
"chr4","27876130","27876407","chr5","27635396","27635675","35","240734"
"chr4","27889340","27889637","chr2","105466815","105467114","36","77577475"
"chr4","28062550","28062845","chr10","12436997","12437291","34","15625553"
"chr4","28064705","28064980","chr5","27826901","27827179","29","237804"
"chr4","28115532","28115822","chr6","91653830","91654123","40","63538298"
"chr4","28181382","28181681","chr5","27959882","27960184","37","221500"
"chr4","28268984","28269236","chr5","28058503","28058762","30","210481"
"chr4","28339058","28339321","chr8","94706488","94706745","42","66367430"
"chr4","28351885","28352186","chr5","28133383","28133687","30","218502"
"chr4","28378637","28378905","chr9","43110168","43110434","40","14731531"
"chr4","28399462","28399743","chr4","35108931","35109213","43","6709469"
"chr4","28400197","28400480","chr1","5050480","5050765","25","23349717"
"chr4","28448141","28448431","chr7","43358173","43358469","44","14910032"
"chr4","28488843","28489139","chr8","38791119","38791413","28","10302276"
"chr4","28494875","28495181","chr5","28277521","28277835","42","217354"
"chr4","28513942","28514008","chr6","34141226","34141293","8","5627284"
"chr4","28541375","28541672","chr5","28321705","28322002","31","219670"
"chr4","28541673","28541803","chr10","66170590","66170715","26","37628917"
"chr4","28564504","28564804","chr5","28343020","28343332","38","221484"
"chr4","28613945","28614159","chr19","10979398","10979617","33","17634547"
"chr4","28681755","28682051","chr5","28465537","28465838","19","216218"
"chr4","28705328","28705629","chr5","28488731","28489040","32","216597"
"chr4","28709481","28709694","chr15","88759449","88759670","44","60049968"
"chr4","28735474","28735770","chr5","28517221","28517516","48","218253"
"chr4","28751807","28751909","chr1","20628345","20628440","17","8123462"
"chr4","28806476","28806799","chr5","28606805","28607122","38","199671"
"chr4","28809631","28809921","chr5","28610173","28610465","22","199458"
"chr4","28831738","28832034","chr1","200194256","200194554","41","171362518"
"chr4","28947955","28948173","chr3","45604681","45604903","42","16656726"
"chr4","28987220","28987348","chr1","93004434","93004568","23","64017214"
"chr4","29030643","29030933","chr9","13618783","13619075","31","15411860"
"chr4","29105144","29105456","chr7","82393560","82393871","41","53288416"
"chr4","29120723","29121043","chr5","28936561","28936870","49","184162"
"chr4","29132428","29132574","chrX","130438301","130438440","25","101305873"
"chr4","29249158","29249421","chr5","29067500","29067757","47","181658"
"chr4","29262969","29263270","chr8","5577075","5577373","42","23685894"
"chr4","29273084","29273387","chr1","222060992","222061294","42","192787908"
"chr4","29293161","29293462","chr3","142934307","142934610","37","113641146"
"chr4","29443045","29443221","chr9","64139287","64139458","31","34696242"
"chr4","29476374","29476631","chr15","34368101","34368358","69","4891727"
"chr4","29600537","29600840","chr7","116887581","116887882","36","87287044"
"chr4","29671576","29671857","chr5","29512321","29512600","28","159255"
"chr4","29682115","29682406","chr7","96334941","96335236","37","66652826"
"chr4","29701459","29701753","chr5","29539525","29539815","36","161934"
"chr4","29859015","29859329","chrX","115327497","115327804","44","85468482"
"chr4","30000256","30000392","chr2","30123460","30123597","25","123204"
"chr4","30020021","30020150","chr7","20223555","20223683","23","9796466"
"chr4","30045747","30046029","chr16","57259370","57259651","44","27213623"
"chr4","30132110","30132260","chr8","103450330","103450478","28","73318220"
"chr4","30275456","30275760","chr5","30128045","30128354","35","147411"
"chr4","30278596","30278896","chr5","30131198","30131486","32","147398"
"chr4","30281056","30281349","chr5","30133722","30134013","34","147334"
"chr4","30307151","30307465","chr5","30160202","30160516","21","146949"
"chr4","30337277","30337572","chr5","30185063","30185372","42","152214"
"chr4","30355088","30355383","chr5","30203466","30203776","46","151622"
"chr4","30425496","30425806","chr8","94894649","94894957","40","64469153"
"chr4","30441959","30442260","chr6","20317307","20317607","46","10124652"
"chr4","30667761","30668061","chr16","8952218","8952519","39","21715543"
"chr4","30676796","30677104","chr4","129297381","129297691","39","98620585"
"chr4","30699722","30699835","chr2","179260578","179260691","15","148560856"
"chr4","30717445","30717736","chr5","30572180","30572475","28","145265"
"chr4","30740036","30740275","chr20","52711798","52712042","32","21971762"
"chr4","30772336","30772618","chr19","43789019","43789299","37","13016683"
"chr4","30837809","30838102","chr12","30208839","30209119","48","628970"
"chr4","30877204","30877498","chr5","30732715","30733013","38","144489"
"chr4","30907759","30908074","chr7","42561759","42562071","51","11654000"
"chr4","30915513","30915821","chr5","30766282","30766581","44","149231"
"chr4","30924198","30924245","chr9","99030580","99030628","11","68106382"
"chr4","30949997","30950307","chr3","178580580","178580891","30","147630583"
"chr4","30992314","30992605","chr13","71108754","71109044","34","40116440"
"chr4","31312273","31312563","chr5","31186604","31186900","35","125669"
"chr4","31389265","31389526","chr3","82536812","82537070","40","51147547"
"chr4","31456371","31456682","chr5","97614678","97614986","38","66158307"
"chr4","31500616","31500932","chr1","37659238","37659546","47","6158622"
"chr4","31520364","31520515","chr7","164586103","164586258","35","133065739"
"chr4","31521561","31521857","chr15","26048475","26048761","52","5473086"
"chr4","31538899","31539162","chr8","94873308","94873576","40","63334409"
"chr4","31565310","31565601","chr3","178976330","178976618","36","147411020"
"chr4","31601872","31602180","chr5","31487074","31487375","37","114798"
"chr4","31643522","31643797","chr5","31527504","31527781","35","116018"
"chr4","31706800","31707103","chr5","31586942","31587246","45","119858"
"chr4","31762818","31763099","chr5","31637333","31637624","37","125485"
"chr4","31824056","31824141","chr19","18597562","18597638","17","13226494"
"chr4","31828486","31828789","chr11","110637684","110637974","51","78809198"
"chr4","31909065","31909366","chr5","31805305","31805603","33","103760"
"chr4","31913979","31914279","chr15","7271324","7271621","51","24642655"
"chr4","31915180","31915485","chr5","31809271","31809581","42","105909"
"chr4","32074016","32074222","chr12","58853743","58853952","39","26779727"
"chr4","32140825","32141136","chr15","25631420","25631728","55","6509405"
"chr4","32329867","32330181","chr2","192587303","192587607","46","160257436"
"chr4","32348328","32348637","chr5","32317313","32317612","44","31015"
"chr4","32375224","32375495","chr5","32348979","32349268","43","26245"
"chr4","32375535","32375551","chr11","29813998","29814012","2","2561537"
"chr4","32377773","32378052","chr9","110633099","110633381","36","78255326"
"chr4","33018166","33018469","chr3","61111550","61111851","35","28093384"
"chr4","33056741","33057039","chr5","32414351","32414631","44","642390"
"chr4","33121557","33121860","chr5","32484342","32484645","35","637215"
"chr4","33127616","33127901","chr7","147607675","147607957","40","114480059"
"chr4","33132673","33132982","chr5","32496524","32496823","37","636149"
"chr4","33201128","33201306","chr5","32573627","32573800","23","627501"
"chr4","33203859","33203989","chr13","95834801","95834931","15","62630942"
"chr4","33471649","33471935","chr5","32844078","32844364","33","627571"
"chr4","33572201","33572332","chr3","40768859","40768991","21","7196658"
"chr4","33600423","33600574","chr1","130852880","130853039","27","97252457"
"chr4","33634882","33635059","chr20","59426524","59426698","26","25791642"
"chr4","33712442","33712740","chr5","33067922","33068222","28","644520"
"chr4","33767241","33767553","chr5","33125190","33125491","45","642051"
"chr4","33807878","33808111","chr5","33160318","33160560","36","647560"
"chr4","33848978","33849110","chr19","10830410","10830544","19","23018568"
"chr4","33849301","33849467","chr16","73850351","73850518","29","40001050"
"chr4","33904424","33904732","chr6","129934590","129934892","46","96030166"
"chr4","33907509","33907820","chrX","44606419","44606724","46","10698910"
"chr4","33908529","33908823","chr1","50830187","50830481","32","16921658"
"chr4","34121315","34121611","chr5","33496015","33496312","30","625300"
"chr4","34175960","34176274","chr5","33553433","33553741","44","622527"
"chr4","34263787","34264089","chr7","40063489","40063797","38","5799702"
"chr4","34272803","34273106","chr2","114249899","114250201","39","79977096"
"chr4","34419611","34419883","chr15","104180736","104181003","44","69761125"
"chr4","34475125","34475281","chr1","163388771","163388924","24","128913646"
"chr4","34475307","34475434","chr9","97550947","97551073","15","63075640"
"chr4","34494921","34495218","chr5","33866221","33866526","31","628700"
"chr4","34507415","34507590","chr20","59426524","59426698","22","24919109"
"chr4","34529121","34529324","chr19","13167398","13167592","29","21361723"
"chr4","34538862","34539162","chr1","12303375","12303675","52","22235487"
"chr4","34572160","34572451","chr1","9601563","9601859","42","24970597"
"chr4","34708212","34708495","chr11","129069649","129069938","37","94361437"
"chr4","34730565","34730759","chr2","188126611","188126796","40","153396046"
"chr4","34752391","34752707","chr5","34133893","34134204","57","618498"
"chr4","34753413","34753704","chr5","34134881","34135176","30","618532"
"chr4","34832270","34832583","chr8","26764278","26764588","43","8067992"
"chr4","34916494","34916762","chr1","211558550","211558814","56","176642056"
"chr4","34917918","34918198","chr5","34303147","34303420","25","614771"
"chr4","35059051","35059287","chr5","34480841","34481077","26","578210"
"chr4","35159824","35159978","chr1","161035354","161035507","30","125875530"
"chr4","35208165","35208449","chr5","34627525","34627814","27","580640"
"chr4","35270794","35271014","chr3","45604681","45604903","44","10333887"
"chr4","35480500","35480816","chr6","105234648","105234956","50","69754148"
"chr4","35524417","35524726","chr20","56930323","56930631","43","21405906"
"chr4","35564265","35564561","chr15","6371105","6371399","36","29193160"
"chr4","35648763","35649028","chr5","35046848","35047119","33","601915"
"chr4","35665311","35665538","chr14","111685372","111685596","43","76020061"
"chr4","35681261","35681558","chr13","3500324","3500618","49","32180937"
"chr4","35796678","35796956","chr12","20843965","20844245","35","14952713"
"chr4","35808062","35808357","chr16","30959648","30959942","43","4848414"
"chr4","36028611","36028856","chr1","5916567","5916806","48","30112044"
"chr4","36145480","36145773","chr5","35607756","35608049","18","537724"
"chr4","36147946","36148260","chr10","75939363","75939668","46","39791417"
"chr4","36233863","36234171","chr6","93933014","93933312","33","57699151"
"chr4","36256850","36257149","chr14","15756054","15756351","32","20500796"
"chr4","36270285","36270587","chr5","35737214","35737518","31","533071"
"chr4","36382091","36382395","chr5","35846828","35847129","31","535263"
"chr4","36395957","36396264","chr5","35861188","35861493","30","534769"
"chr4","36417723","36418015","chr5","35885666","35885959","27","532057"
"chr4","36431865","36432158","chr5","35900285","35900592","37","531580"
"chr4","36510700","36510784","chr15","11086243","11086329","14","25424457"
"chr4","36510781","36510887","chr2","93639946","93640050","20","57129165"
"chr4","36513034","36513341","chr19","8986604","8986907","38","27526430"
"chr4","36653494","36653743","chr5","36116415","36116670","34","537079"
"chr4","36662486","36662741","chr3","68240327","68240582","44","31577841"
"chr4","36679178","36679470","chr3","165377396","165377690","36","128698218"
"chr4","36690774","36691063","chr1","15281044","15281335","45","21409730"
"chr4","36691364","36691668","chr19","19104248","19104544","54","17587116"
"chr4","36720053","36720290","chr9","10009673","10009908","37","26710380"
"chr4","36766517","36766815","chr5","36229416","36229719","42","537101"
"chr4","36863391","36863693","chr5","36326160","36326462","18","537231"
"chr4","36879411","36879708","chr5","36338565","36338847","36","540846"
"chr4","36915279","36915584","chr19","43260195","43260498","37","6344916"
"chr4","36960683","36960982","chr9","60428803","60429102","36","23468120"
"chr4","36965440","36965698","chr12","60640820","60641060","49","23675380"
"chr4","37019460","37019751","chr5","36483315","36483607","30","536145"
"chr4","37148658","37148962","chr13","62404877","62405180","30","25256219"
"chr4","37172330","37172468","chr7","120346484","120346633","29","83174154"
"chr4","37227850","37228138","chr5","36678568","36678847","42","549282"
"chr4","37249847","37250144","chr5","36700122","36700414","32","549725"
"chr4","37320724","37321009","chr16","2871012","2871300","37","34449712"
"chr4","37349309","37349601","chr5","36813906","36814213","31","535403"
"chr4","37507232","37507534","chr10","12541086","12541391","43","24966146"
"chr4","37556669","37556974","chr7","84696680","84696987","34","47140011"
"chr4","37568276","37568595","chr5","37027069","37027379","35","541207"
"chr4","37573793","37574087","chr3","48992148","48992443","40","11418355"
"chr4","37613791","37614080","chr5","37075725","37076007","31","538066"
"chr4","37677203","37677363","chr7","20916889","20917048","27","16760314"
"chr4","37724038","37724331","chr5","37191784","37192075","27","532254"
"chr4","37738993","37739288","chr1","39808407","39808699","43","2069414"
"chr4","37763481","37763763","chr1","212010632","212010931","46","174247151"
"chr4","37784011","37784309","chr16","4527460","4527756","39","33256551"
"chr4","37846350","37846651","chr5","37304110","37304399","38","542240"
"chr4","37862853","37863148","chr5","37320761","37321056","29","542092"
"chr4","37935458","37935755","chr2","56321775","56322075","50","18386317"
"chr4","37944493","37944776","chr5","37406588","37406871","38","537905"
"chr4","37959678","37959961","chr11","94003485","94003774","55","56043807"
"chr4","37962057","37962364","chr5","37424284","37424590","31","537773"
"chr4","37988868","37989178","chr10","12541086","12541391","32","25447782"
"chr4","37999748","38000000","chr4","168562449","168562704","33","130562701"
"chr4","38089372","38089663","chr16","5625017","5625313","34","32464355"
"chr4","38100990","38101294","chr5","37562700","37563004","24","538290"
"chr4","38106273","38106567","chr5","37567298","37567590","18","538975"
"chr4","38127760","38128057","chr5","37582870","37583162","31","544890"
"chr4","38149715","38150026","chr5","37611625","37611935","36","538090"
"chr4","38156966","38157275","chr9","13859323","13859634","47","24297643"
"chr4","38175377","38175623","chr19","20243362","20243610","27","17932015"
"chr4","38225284","38225570","chr5","37686339","37686623","24","538945"
"chr4","38269917","38270217","chr7","165267923","165268219","41","126998006"
"chr4","38274789","38275092","chr5","37737996","37738290","38","536793"
"chr4","38279845","38280042","chr16","437053","437252","24","37842792"
"chr4","38383200","38383482","chr5","37844742","37845043","34","538458"
"chr4","38410839","38411092","chr6","1417740","1417992","39","36993099"
"chr4","38422776","38423073","chr6","73393768","73394067","32","34970992"
"chr4","38428985","38429264","chr3","178200144","178200420","44","139771159"
"chr4","38443204","38443486","chr5","37912783","37913064","25","530421"
"chr4","38459112","38459419","chr1","24211287","24211597","31","14247825"
"chr4","38465458","38465769","chr5","37933365","37933672","27","532093"
"chr4","38497693","38497983","chr5","37974432","37974719","26","523261"
"chr4","38500014","38500273","chr1","36255193","36255462","62","2244821"
"chr4","38513981","38514275","chr5","37988977","37989266","28","525004"
"chr4","38528693","38528991","chr5","38003453","38003757","33","525240"
"chr4","38543178","38543486","chr16","67879475","67879778","39","29336297"
"chr4","38632639","38632651","chr2","192309425","192309438","1","153676786"
"chr4","38632681","38632969","chr2","202930948","202931240","39","164298267"
"chr4","38647318","38647629","chr5","38120287","38120586","40","527031"
"chr4","38696117","38696408","chr16","53343046","53343333","47","14646929"
"chr4","38699756","38700043","chr1","154253172","154253457","43","115553416"
"chr4","38766467","38766701","chr5","38227591","38227825","12","538876"
"chr4","38768167","38768462","chr5","38229347","38229657","34","538820"
"chr4","38804160","38804467","chr5","38264501","38264810","29","539659"
"chr4","38805495","38805795","chr5","38265779","38266086","30","539716"
"chr4","38810221","38810528","chr5","38268978","38269289","38","541243"
"chr4","38839916","38840223","chr3","43402255","43402549","45","4562339"
"chr4","38862693","38862999","chr7","131815224","131815529","44","92952531"
"chr4","38884739","38885047","chr10","78203293","78203596","34","39318554"
"chr4","38899315","38899620","chr5","38361826","38362119","39","537489"
"chr4","38903385","38903644","chr5","38366370","38366646","35","537015"
"chr4","38924875","38925172","chr5","51540643","51540938","40","12615768"
"chr4","38926833","38927154","chr3","11448935","11449260","40","27477898"
"chr4","38927688","38927990","chr5","38393692","38394001","26","533996"
"chr4","38945744","38946043","chrX","9240846","9241146","26","29704898"
"chr4","38968996","38969297","chr7","20599444","20599742","37","18369552"
"chr4","38972019","38972291","chr7","28329692","28329979","48","10642327"
"chr4","38988859","38989144","chr15","79894939","79895223","41","40906080"
"chr4","38994186","38994327","chr10","15119905","15120043","20","23874281"
"chr4","39026634","39026910","chr5","38489449","38489719","27","537185"
"chr4","39047907","39048195","chr5","38501877","38502167","33","546030"
"chr4","39067726","39068021","chr8","30311278","30311575","31","8756448"
"chr4","39086595","39086890","chr19","44781977","44782268","36","5695382"
"chr4","39110955","39111262","chr15","104333343","104333649","39","65222388"
"chr4","39113558","39113802","chr5","38567183","38567421","36","546375"
"chr4","39119540","39119837","chr10","59405882","59406180","33","20286342"
"chr4","39127872","39128183","chr5","38581634","38581955","38","546238"
"chr4","39129967","39130276","chr7","67218976","67219283","44","28089009"
"chr4","39158136","39158447","chr17","11947336","11947644","38","27210800"
"chr4","39170925","39171216","chr5","38624493","38624783","30","546432"
"chr4","39176438","39176727","chr5","38630918","38631210","29","545520"
"chr4","39194475","39194608","chr20","15201421","15201555","11","23993054"
"chr4","39206088","39206398","chrX","53644487","53644797","43","14438399"
"chr4","39231192","39231492","chrX","134977768","134978064","37","95746576"
"chr4","39268253","39268547","chrX","53127179","53127474","36","13858926"
"chr4","39290543","39290923","chr16","66827758","66828135","104","27537215"
"chr4","39332325","39332550","chr16","12882617","12882846","30","26449708"
"chr4","39332706","39332795","chr1","58515652","58515747","18","19182946"
"chr4","39332804","39333111","chr5","38785955","38786254","35","546849"
"chr4","39342868","39343159","chr15","11112996","11113289","32","28229872"
"chr4","39351586","39351792","chr17","19340513","19340722","28","20011073"
"chr4","39357370","39357668","chr5","38806641","38806942","19","550729"
"chr4","39371666","39371968","chr5","38820855","38821159","27","550811"
"chr4","39382829","39383132","chr2","96943765","96944067","36","57560936"
"chr4","39393639","39393852","chr1","62928740","62928959","37","23535101"
"chr4","39396611","39396727","chr15","16296207","16296327","16","23100404"
"chr4","39399039","39399316","chr11","47887887","47888163","34","8488848"
"chr4","39416445","39416704","chr5","38860999","38861244","30","555446"
"chr4","39429059","39429365","chr16","7714661","7714965","42","31714398"
"chr4","39437485","39437782","chr1","220883377","220883674","31","181445892"
"chr4","39455148","39455447","chr3","166406946","166407246","29","126951798"
"chr4","39463950","39464252","chr5","38902113","38902409","27","561837"
"chr4","39474793","39474957","chr4","28214012","28214177","23","11260781"
"chr4","39478542","39478851","chrX","114336938","114337245","37","74858396"
"chr4","39484293","39484333","chr5","38926827","38926867","1","557466"
"chr4","39486149","39486442","chr16","919540","919833","29","38566609"
"chr4","39542508","39542700","chr19","867991","868186","31","38674517"
"chr4","39542769","39542906","chr10","15119905","15120043","16","24422864"
"chr4","39543262","39543537","chr5","38988543","38988821","31","554719"
"chr4","39548872","39549164","chr5","38994152","38994447","25","554720"
"chr4","39563482","39563779","chr9","59685986","59686279","36","20122504"
"chr4","39574970","39575277","chr16","38519691","38519995","41","1055279"
"chr4","39577940","39578087","chr1","161409822","161409970","23","121831882"
"chr4","39581381","39581692","chr11","7057942","7058249","50","32523439"
"chr4","39582816","39583118","chr20","56789030","56789326","35","17206214"
"chr4","39583815","39583979","chr1","89718597","89718758","30","50134782"
"chr4","39593150","39593306","chr7","164586103","164586258","25","124992953"
"chr4","39596643","39596842","chr5","39044058","39044257","16","552585"
"chr4","39601113","39601406","chr5","39048946","39049251","34","552167"
"chr4","39612357","39612534","chr3","124582704","124582871","48","84970347"
"chr4","39613617","39613909","chr5","39061551","39061854","34","552066"
"chr4","39615183","39615493","chr5","39063120","39063420","33","552063"
"chr4","39620554","39620863","chr9","59685986","59686279","46","20065432"
"chr4","39643658","39643952","chr5","39093729","39094030","36","549929"
"chr4","39649549","39649830","chr5","39099639","39099933","42","549910"
"chr4","39655807","39655977","chr11","123113329","123113500","23","83457522"
"chr4","39672095","39672383","chr16","2871012","2871300","32","36801083"
"chr4","39683668","39683843","chr1","188132162","188132337","37","148448494"
"chr4","39688183","39688394","chrX","113313893","113314113","51","73625710"
"chr4","39692062","39692363","chr5","39142902","39143196","31","549160"
"chr4","39695227","39695534","chr3","74881990","74882300","38","35186763"
"chr4","39697731","39698030","chrX","6107052","6107345","35","33590679"
"chr4","39698439","39698749","chr5","39149856","39150165","24","548583"
"chr4","39700068","39700350","chr5","39151486","39151772","36","548582"
"chr4","39710987","39711299","chr5","39162698","39163008","35","548289"
"chr4","39730836","39731138","chr5","39236992","39237284","26","493844"
"chr4","39734747","39734878","chr19","45249393","45249524","14","5514646"
"chr4","39737390","39737682","chr5","39244202","39244495","46","493188"
"chr4","39738579","39738694","chr5","39245400","39245515","12","493179"
"chr4","39739602","39739789","chr5","39246744","39246934","22","492858"
"chr4","39740623","39740849","chr5","39247815","39248041","25","492808"
"chr4","39742014","39742309","chr5","39249530","39249837","54","492484"
"chr4","39746937","39747071","chr19","43146454","43146588","12","3399517"
"chr4","39750044","39750212","chr16","71840560","71840723","27","32090516"
"chr4","39754683","39754981","chr12","116712169","116712471","43","76957486"
"chr4","39758772","39759047","chr4","167646681","167646950","34","127887909"
"chr4","39783735","39784035","chr12","97301317","97301616","39","57517582"
"chr4","39785736","39786034","chr11","94038158","94038457","40","54252422"
"chr4","39792016","39792169","chr9","23341542","23341701","36","16450474"
"chr4","39803851","39804154","chrX","41694245","41694543","34","1890394"
"chr4","39804814","39805104","chr14","61533327","61533624","38","21728513"
"chr4","39805680","39805879","chr20","2628711","2628896","50","37176969"
"chr4","39806073","39806359","chr5","39304241","39304530","31","501832"
"chr4","39809356","39809667","chr16","18538599","18538907","43","21270757"
"chr4","39809731","39810021","chr1","22331872","22332151","38","17477859"
"chr4","39813100","39813390","chr10","30442537","30442830","35","9370563"
"chr4","39825017","39825281","chr20","24711778","24712052","41","15113239"
"chr4","39830862","39831039","chr1","128814190","128814364","31","88983328"
"chr4","39839878","39840179","chr5","39343850","39344155","31","496028"
"chr4","39841762","39841995","chr5","39346401","39346633","26","495361"
"chr4","39850195","39850494","chr5","39355090","39355390","33","495105"
"chr4","39862462","39862770","chr3","168504192","168504499","47","128641730"
"chr4","39868404","39868700","chr16","47676042","47676339","41","7807638"
"chr4","39869426","39869720","chr5","39378068","39378364","30","491358"
"chr4","39871397","39871694","chr20","56789030","56789326","28","16917633"
"chr4","39885872","39886014","chr5","39394789","39394934","14","491083"
"chr4","39886456","39886754","chr3","166261548","166261846","51","126375092"
"chr4","39886757","39887042","chr5","39395727","39396012","19","491030"
"chr4","39891922","39892034","chr10","30723725","30723840","20","9168197"
"chr4","39896334","39896635","chr5","39404915","39405216","21","491419"
"chr4","39902529","39902784","chr5","39409632","39409882","31","492897"
"chr4","39905856","39905963","chr4","28266610","28266718","13","11639246"
"chr4","39908775","39909068","chr16","48001050","48001345","43","8092275"
"chr4","39910607","39910987","chr16","58469111","58469480","104","18558504"
"chr4","39918777","39919042","chr13","71119607","71119869","48","31200830"
"chr4","39930168","39930471","chr8","5071264","5071574","34","34858904"
"chr4","39933885","39934001","chr20","54711525","54711640","11","14777640"
"chr4","39937047","39937359","chrX","130805280","130805591","33","90868233"
"chr4","39939563","39939879","chr5","39449944","39450255","42","489619"
"chr4","39946384","39946662","chrX","128912395","128912674","48","88966011"
"chr4","39947648","39947962","chr1","10609582","10609889","45","29338066"
"chr4","39953592","39953885","chr5","39462322","39462621","29","491270"
"chr4","39964802","39965073","chr3","133373744","133374018","42","93408942"
"chr4","39966584","39966888","chr5","39475572","39475871","36","491012"
"chr4","39967518","39967826","chr5","39463646","39463960","49","503872"
"chr4","39977703","39978007","chrX","41694245","41694543","43","1716542"
"chr4","39979565","39979810","chr9","35156524","35156769","37","4823041"
"chr4","39993831","39994113","chr8","123353121","123353398","41","83359290"
"chr4","39997121","39997420","chr7","18502191","18502489","32","21494930"
"chr4","40014900","40015214","chr20","15493684","15493987","41","24521216"
"chr4","40018540","40018800","chr5","154725935","154726188","39","114707395"
"chr4","40031971","40032274","chr5","39545775","39546081","20","486196"
"chr4","40061034","40061313","chr1","39199826","39200107","33","861208"
"chr4","40068869","40069163","chr3","2986573","2986865","43","37082296"
"chr4","40069654","40069946","chr5","39586749","39587040","26","482905"
"chr4","40075013","40075246","chr10","62299272","62299507","37","22224259"
"chr4","40075296","40075594","chr5","39594753","39595047","27","480543"
"chr4","40083152","40083457","chr5","39602077","39602382","27","481075"
"chr4","40096447","40096727","chr12","17799769","17800048","39","22296678"
"chr4","40114108","40114387","chr2","165665739","165666018","55","125551631"
"chr4","40126643","40126946","chr4","104538229","104538531","38","64411586"
"chr4","40128288","40128459","chr2","138204587","138204751","33","98076299"
"chr4","40128613","40128910","chr5","39644974","39645286","39","483639"
"chr4","40129942","40130241","chr5","39649163","39649462","28","480779"
"chr4","40132256","40132500","chr9","72730444","72730684","29","32598188"
"chr4","40133712","40134006","chr5","39657079","39657376","28","476633"
"chr4","40138565","40138700","chr5","39661894","39662029","14","476671"
"chr4","40139003","40139180","chr5","39662331","39662513","29","476672"
"chr4","40147677","40147943","chr14","116018987","116019260","36","75871310"
"chr4","40159991","40160283","chr5","39681591","39681884","24","478400"
"chr4","40160606","40160879","chr5","39682213","39682481","16","478393"
"chr4","40161134","40161399","chr5","39682739","39683005","23","478395"
"chr4","40179091","40179369","chrX","74003860","74004136","56","33824769"
"chr4","40187196","40187506","chr7","82393560","82393871","29","42206364"
"chr4","40194426","40194489","chr11","6816562","6816629","10","33377864"
"chr4","40196047","40196369","chr5","39734659","39734967","46","461388"
"chr4","40198554","40198806","chr5","39737043","39737299","20","461511"
"chr4","40200221","40200395","chr14","26256949","26257125","31","13943272"
"chr4","40213108","40213394","chr5","39756643","39756918","30","456465"
"chr4","40221131","40221434","chr5","39764745","39765047","18","456386"
"chr4","40225912","40226089","chr12","18102708","18102878","41","22123204"
"chr4","40227780","40228033","chr4","107586267","107586521","38","67358487"
"chr4","40239957","40240231","chr3","115593185","115593460","44","75353228"
"chr4","40247028","40247316","chr5","39791914","39792211","42","455114"
"chr4","40252289","40252440","chr5","39797320","39797471","11","454969"
"chr4","40257551","40257816","chr5","39800416","39800688","28","457135"
"chr4","40260959","40261263","chr5","39803392","39803691","31","457567"
"chr4","40263139","40263409","chr5","39806030","39806302","26","457109"
"chr4","40264222","40264477","chr19","52948312","52948577","50","12684090"
"chr4","40266877","40267185","chr11","319748","320034","70","39947129"
"chr4","40269778","40270067","chr5","39809124","39809413","17","460654"
"chr4","40274110","40274396","chr7","25325842","25326132","35","14948268"
"chr4","40280179","40280460","chr7","137407258","137407535","38","97127079"
"chr4","40284320","40284397","chr6","124337150","124337227","14","84052830"
"chr4","40284419","40284487","chr1","11858190","11858250","13","28426229"
"chr4","40286339","40286627","chr5","39825693","39825978","24","460646"
"chr4","40288381","40288673","chr5","39827756","39828048","25","460625"
"chr4","40289509","40289779","chr5","39828885","39829152","29","460624"
"chr4","40301307","40301473","chr11","112153493","112153655","23","71852186"
"chr4","40303266","40303575","chr5","39843281","39843577","34","459985"
"chr4","40312346","40312646","chr5","39852590","39852890","33","459756"
"chr4","40323272","40323583","chr7","139240500","139240808","32","98917228"
"chr4","40332915","40333230","chr5","39872380","39872695","22","460535"
"chr4","40346894","40347188","chr5","39886742","39887047","38","460152"
"chr4","40355669","40355817","chr6","177341736","177341880","22","136986067"
"chr4","40359310","40359614","chrX","65719308","65719609","40","25359998"
"chr4","40362318","40362602","chr18","60459178","60459462","30","20096860"
"chr4","40366502","40366809","chr5","39906378","39906689","32","460124"
"chr4","40383170","40383463","chr5","39922938","39923238","30","460232"
"chr4","40385869","40386175","chr5","39925642","39925949","25","460227"
"chr4","40397310","40397606","chr5","93179263","93179563","32","52781953"
"chr4","40411853","40411987","chr8","79499448","79499575","21","39087595"
"chr4","40426720","40426852","chr10","86840248","86840381","15","46413528"
"chr4","40439383","40439679","chr5","51540643","51540938","35","11101260"
"chr4","40445398","40445728","chr1","7216647","7216973","52","33228751"
"chr4","40454008","40454316","chr5","39992923","39993231","21","461085"
"chr4","40455162","40455462","chr5","39994058","39994358","35","461104"
"chr4","40455709","40455980","chr15","40988593","40988874","47","532884"
"chr4","40473803","40474101","chr3","41130046","41130344","33","656243"
"chr4","40481193","40481544","chr1","216637397","216637737","74","176156204"
"chr4","40487611","40487923","chr16","53229261","53229562","45","12741650"
"chr4","40495858","40496176","chr2","94154191","94154499","46","53658333"
"chr4","40498359","40498649","chr3","79008977","79009267","33","38510618"
"chr4","40501282","40501588","chr5","40086708","40087015","37","414574"
"chr4","40513115","40513356","chr9","72730444","72730684","37","32217329"
"chr4","40519501","40519787","chr10","2300633","2300920","44","38218868"
"chr4","40524837","40525017","chr1","9149177","9149355","27","31375660"
"chr4","40530710","40531003","chr5","40117407","40117716","40","413303"
"chr4","40532816","40533114","chr9","98701407","98701706","32","58168591"
"chr4","40535518","40535753","chr1","88464994","88465234","36","47929476"
"chr4","40540838","40541126","chr5","40127646","40127941","31","413192"
"chr4","40547044","40547338","chr1","9179485","9179779","34","31367559"
"chr4","40553851","40554147","chr19","20676318","20676616","40","19877533"
"chr4","40566429","40566733","chr5","40154356","40154663","32","412073"
"chr4","40588700","40588995","chr5","40174349","40174646","25","414351"
"chr4","40616631","40616928","chr5","40202129","40202430","28","414502"
"chr4","40624252","40624572","chr5","96855047","96855365","51","56230795"
"chr4","40625839","40626147","chr5","40211386","40211679","34","414453"
"chr4","40628411","40628743","chr5","150360182","150360519","61","109731771"
"chr4","40631080","40631376","chr1","9601563","9601859","35","31029517"
"chr4","40634456","40634571","chr4","105183300","105183416","21","64548844"
"chr4","40639289","40639597","chr14","31521151","31521457","48","9118138"
"chr4","40653500","40653685","chr5","140935593","140935777","28","100282093"
"chr4","40654054","40654187","chr7","52682488","52682622","18","12028434"
"chr4","40654447","40654754","chr15","8709912","8710216","46","31944535"
"chr4","40655747","40655904","chr3","20732648","20732801","24","19923099"
"chr4","40660213","40660517","chr5","40249017","40249323","36","411196"
"chr4","40665666","40665770","chr17","11926089","11926190","10","28739577"
"chr4","40665897","40666048","chr3","61255547","61255702","28","20589650"
"chr4","40670515","40670787","chr5","40260102","40260403","48","410413"
"chr4","40672127","40672435","chr11","48936291","48936601","52","8264164"
"chr4","40679060","40679337","chr5","40268876","40269153","29","410184"
"chr4","40680551","40680853","chr4","136290265","136290568","30","95609714"
"chr4","40684422","40684563","chr6","147844813","147844957","15","107160391"
"chr4","40699231","40699396","chr14","69005087","69005239","35","28305856"
"chr4","40699603","40699735","chr19","43146454","43146588","16","2446851"
"chr4","40700671","40700940","chr9","102324045","102324304","49","61623374"
"chr4","40704884","40705191","chr5","40293471","40293767","35","411413"
"chr4","40707184","40707301","chr1","205577261","205577377","11","164870077"
"chr4","40718629","40718898","chr3","155681527","155681794","35","114962898"
"chr4","40722009","40722156","chr3","40638454","40638604","22","83555"
"chr4","40725779","40726086","chr5","40313212","40313510","27","412567"
"chr4","40728522","40728813","chr9","61919327","61919624","33","21190805"
"chr4","40735625","40735759","chr7","35304836","35304964","18","5430789"
"chr4","40743241","40743522","chr9","106051939","106052219","33","65308698"
"chr4","40745466","40745730","chr12","119246870","119247143","43","78501404"
"chr4","40747324","40747621","chr5","40334387","40334687","33","412937"
"chr4","40754763","40755072","chr19","34145290","34145601","37","6609473"
"chr4","40766127","40766229","chr13","48549305","48549409","14","7783178"
"chr4","40766741","40766854","chr19","16115449","16115562","20","24651292"
"chr4","40778301","40778602","chr2","159743116","159743415","34","118964815"
"chr4","40784179","40784304","chr7","137660344","137660478","23","96876165"
"chr4","40784455","40784641","chr10","60024226","60024404","25","19239771"
"chr4","40788354","40788638","chr5","40376427","40376714","28","411927"
"chr4","40806309","40806487","chr6","171382337","171382512","25","130576028"
"chr4","40806511","40806768","chrX","40512086","40512347","54","294425"
"chr4","40823761","40824052","chr5","40415022","40415313","24","408739"
"chr4","40826967","40827267","chr7","66882385","66882684","38","26055418"
"chr4","40830802","40830853","chr3","39457944","39457994","5","1372858"
"chr4","40834065","40834352","chr4","18466227","18466514","51","22367838"
"chr4","40835515","40835810","chr11","123519088","123519383","32","82683573"
"chr4","40836975","40837282","chr11","104740757","104741068","46","63903782"
"chr4","40837953","40838130","chr8","22224358","22224521","42","18613595"
"chr4","40843766","40844074","chr5","40434672","40434976","31","409094"
"chr4","40844705","40844977","chr1","155364917","155365190","40","114520212"
"chr4","40845678","40845974","chr20","21484702","21484998","34","19360976"
"chr4","40847746","40848040","chrX","20000045","20000343","32","20847701"
"chr4","40854194","40854504","chr5","40446233","40446529","35","407961"
"chr4","40860518","40860832","chr11","108759120","108759429","42","67898602"
"chr4","40869587","40869884","chr13","14714807","14715101","37","26154780"
"chr4","40872195","40872500","chr5","40461095","40461396","32","411100"
"chr4","40882843","40883145","chr5","40474224","40474523","41","408619"
"chr4","40884675","40884798","chr1","188132929","188133054","18","147248254"
"chr4","40905569","40905872","chr5","40498813","40499123","38","406756"
"chr4","40916434","40916734","chr20","21068534","21068830","50","19847900"
"chr4","40932768","40933068","chr5","40531786","40532083","22","400982"
"chr4","40941180","40941475","chr5","40536245","40536529","44","404935"
"chr4","40953056","40953340","chr5","40547484","40547785","43","405572"
"chr4","40956219","40956512","chr7","122016416","122016713","32","81060197"
"chr4","40957976","40958242","chr7","119804507","119804770","28","78846531"
"chr4","40971648","40971738","chr13","105416123","105416211","18","64444475"
"chr4","40980100","40980396","chr9","118316720","118317012","45","77336620"
"chr4","40983606","40983887","chr1","46896689","46896978","46","5913083"
"chr4","40991513","40991598","chr16","39914025","39914109","13","1077488"
"chr4","40991956","40992095","chr5","100874529","100874663","17","59882573"
"chr4","40998961","40999228","chr10","74472040","74472301","45","33473079"
"chr4","41012186","41012482","chrX","44429429","44429724","31","3417243"
"chr4","41022412","41022699","chr5","40616423","40616717","27","405989"
"chr4","41028086","41028394","chr9","95281737","95282038","39","54253651"
"chr4","41043143","41043403","chr20","4950976","4951237","50","36092167"
"chr4","41045200","41045495","chr4","130733620","130733912","33","89688420"
"chr4","41052109","41052411","chr5","40647903","40648203","22","404206"
"chr4","41064271","41064573","chr7","113559810","113560113","33","72495539"
"chr4","41070609","41070912","chr5","40666152","40666456","20","404457"
"chr4","41098590","41098855","chr5","40693906","40694162","24","404684"
"chr4","41100403","41100525","chrX","23895961","23896086","18","17204442"
"chr4","41105892","41106192","chr1","22448875","22449174","30","18657017"
"chr4","41118962","41119258","chr16","23281277","23281572","42","17837685"
"chr4","41153998","41154295","chr1","22830162","22830452","37","18323836"
"chr4","41174424","41174732","chr1","140376605","140376912","37","99202181"
"chr4","41179267","41179577","chr9","15315094","15315405","39","25864173"
"chr4","41231681","41231887","chr1","101889660","101889860","29","60657979"
"chr4","41232401","41232507","chr3","464121","464227","20","40768280"
"chr4","41236167","41236350","chr7","167658032","167658223","29","126421865"
"chr4","41253085","41253259","chr12","11128281","11128454","33","30124804"
"chr4","41253297","41253378","chr1","114207374","114207463","18","72954077"
"chr4","41264827","41265048","chr4","116777080","116777297","31","75512253"
"chr4","41285877","41286012","chr2","41004651","41004787","12","281226"
"chr4","41288534","41288707","chr1","188132162","188132337","28","146843628"
"chr4","41299721","41299817","chr7","162283431","162283525","12","120983710"
"chr4","41329114","41329410","chr5","40931864","40932163","31","397250"
"chr4","41405605","41405920","chr5","41011643","41011957","26","393962"
"chr4","41412588","41412730","chr13","25597992","25598136","14","15814596"
"chr4","41421510","41421772","chr20","28743505","28743765","53","12678005"
"chr4","41421996","41422270","chr3","133373744","133374018","34","91951748"
"chr4","41462632","41462925","chrX","52560249","52560544","37","11097617"
"chr4","41466883","41467040","chr10","79681748","79681907","22","38214865"
"chr4","41489593","41489900","chr5","41092113","41092438","42","397480"
"chr4","41508766","41508931","chr16","43272620","43272787","22","1763854"
"chr4","41509383","41509473","chrX","25814002","25814092","7","15695381"
"chr4","41521166","41521476","chr5","41123644","41123945","40","397522"
"chr4","41560612","41560898","chr5","41164354","41164637","26","396258"
"chr4","41597966","41598256","chr5","41201372","41201671","29","396594"
"chr4","41612807","41613108","chr5","41216500","41216796","25","396307"
"chr4","41619947","41620243","chr5","41223657","41223958","34","396290"
"chr4","41686408","41686709","chr5","41290805","41291099","33","395603"
"chr4","41747214","41747492","chr5","41352480","41352765","31","394734"
"chr4","41794865","41795079","chr4","116777080","116777297","32","74982215"
"chr4","41850201","41850455","chr9","35459290","35459547","38","6390911"
"chr4","41856297","41856605","chr5","41460887","41461196","25","395410"
"chr4","41865134","41865457","chr5","41469638","41469944","42","395496"
"chr4","41880378","41880677","chr16","18186280","18186587","54","23694098"
"chr4","41896627","41896905","chr1","211700488","211700776","43","169803861"
"chr4","41934714","41935027","chr16","9054250","9054553","43","32880464"
"chr4","41954291","41954600","chr5","41559822","41560127","28","394469"
"chr4","41955896","41956078","chr19","41846791","41846948","52","109105"
"chr4","41975404","41975715","chr5","41584081","41584391","36","391323"
"chr4","41979239","41979430","chr19","15492088","15492253","45","26487151"
"chr4","42013179","42013480","chr5","41621513","41621813","22","391666"
"chr4","42050550","42050820","chr5","41658379","41658666","36","392171"
"chr4","42082709","42083006","chr5","41688863","41689162","30","393846"
"chr4","42088290","42088593","chr1","14463479","14463782","37","27624811"
"chr4","42093057","42093246","chr7","71783059","71783252","31","29690002"
"chr4","42099749","42100042","chr20","59860239","59860534","45","17760490"
"chr4","42169854","42170091","chr13","96294023","96294266","39","54124169"
"chr4","42170125","42170137","chr14","76747293","76747304","1","34577168"
"chr4","42195053","42195332","chr5","41801663","41801945","33","393390"
"chr4","42247750","42248055","chr4","134675515","134675820","29","92427765"
"chr4","42313715","42314026","chr5","41945177","41945500","47","368538"
"chr4","42384634","42384927","chr5","42018151","42018439","35","366483"
"chr4","42396233","42396523","chr7","123571861","123572154","33","81175628"
"chr4","42402812","42403114","chr5","42038018","42038321","30","364794"
"chr4","42428459","42428693","chrX","81916496","81916726","34","39488037"
"chr4","42433694","42433810","chr2","43923383","43923493","24","1489689"
"chr4","42440991","42441135","chr18","18548284","18548431","24","23892707"
"chr4","42496256","42496559","chr5","42129661","42129965","31","366595"
"chr4","42535233","42535518","chr5","42169616","42169904","29","365617"
"chr4","42556001","42556289","chr20","69502616","69502910","46","26946615"
"chr4","42562677","42562969","chr10","30442537","30442830","35","12120140"
"chr4","42615397","42615702","chr14","124293090","124293393","32","81677693"
"chr4","42618424","42618722","chr5","42254134","42254425","30","364290"
"chr4","42727379","42727674","chr5","42371827","42372129","30","355552"
"chr4","42733439","42733719","chr8","72814586","72814867","41","30081147"
"chr4","42736890","42737177","chrX","40744421","40744705","34","1992469"
"chr4","42772350","42772638","chr6","175025449","175025731","36","132253099"
"chr4","42791930","42792050","chr1","29437872","29437991","11","13354058"
"chr4","42873888","42874211","chr5","42521197","42521499","47","352691"
"chr4","42875251","42875558","chr2","159581108","159581414","54","116705857"
"chr4","42880831","42881127","chr1","9601563","9601859","47","33279268"
"chr4","42885295","42885382","chr1","25829614","25829692","29","17055681"
"chr4","42928267","42928579","chr10","12541086","12541391","43","30387181"
"chr4","42928641","42928921","chr6","71365593","71365868","40","28436952"
"chr4","43031154","43031446","chr5","42694024","42694321","36","337130"
"chr4","43237311","43237601","chr16","66560930","66561225","34","23323619"
"chr4","43288201","43288382","chr11","62490821","62491000","28","19202620"
"chr4","43374716","43374892","chr20","1304385","1304559","38","42070331"
"chr4","43429006","43429302","chrX","53254858","53255156","43","9825852"
"chr4","43474227","43474522","chr15","77884296","77884590","35","34410069"
"chr4","43482729","43483009","chr10","16717134","16717418","37","26765595"
"chr4","43503310","43503609","chr5","43175786","43176089","40","327524"
"chr4","43579629","43579939","chr5","43251673","43251982","30","327956"
"chr4","43627624","43627918","chr11","63599306","63599603","46","19971682"
"chr4","43712351","43712646","chr1","64584409","64584705","38","20872058"
"chr4","43730936","43731184","chr3","13315545","13315794","46","30415391"
"chr4","43768892","43769202","chr16","18186280","18186587","42","25582612"
"chr4","43968201","43968500","chr1","44443095","44443396","41","474894"
"chr4","44031184","44031463","chr5","43736362","43736640","36","294822"
"chr4","44038199","44038485","chr11","49310638","49310925","39","5272439"
"chr4","44051385","44051676","chr5","43756828","43757125","40","294557"
"chr4","44161340","44161639","chr5","172278962","172279258","40","128117622"
"chr4","44389909","44390205","chr5","44092725","44093008","30","297184"
"chr4","44454969","44455242","chr5","44151748","44152039","35","303221"
"chr4","44534779","44535069","chr16","740941","741230","39","43793838"
"chr4","44546393","44546689","chr1","216175465","216175753","46","171629072"
"chr4","44578720","44579013","chr13","14714807","14715101","36","29863913"
"chr4","44813334","44813628","chr5","44517080","44517377","38","296254"
"chr4","44993620","44993916","chr15","41575684","41575981","34","3417936"
"chr4","45003103","45003381","chr5","49221126","49221413","34","4218023"
"chr4","45051102","45051261","chrX","110352819","110352976","24","65301717"
"chr4","45068527","45068833","chr5","49278690","49279001","28","4210163"
"chr4","45086709","45086962","chr15","70577958","70578205","45","25491249"
"chr4","45107531","45107771","chr5","49320681","49320920","16","4213150"
"chr4","45120426","45120742","chr5","49333533","49333864","42","4213107"
"chr4","45136672","45136967","chr5","49355863","49356163","34","4219191"
"chr4","45156914","45157209","chr20","74938002","74938295","29","29781088"
"chr4","45176358","45176661","chr5","49401080","49401382","28","4224722"
"chr4","45180662","45180960","chr5","49405358","49405654","34","4224696"
"chr4","45188756","45189049","chr20","8006906","8007198","29","37181850"
"chr4","45191347","45191663","chr5","49415826","49416142","24","4224479"
"chr4","45201417","45201639","chr9","26650579","26650790","38","18550838"
"chr4","45224299","45224589","chr5","49450867","49451154","35","4226568"
"chr4","45240913","45241221","chr5","49467843","49468148","34","4226930"
"chr4","45242253","45242520","chr5","49469139","49469412","38","4226886"
"chr4","45251762","45251933","chr3","36859317","36859495","32","8392445"
"chr4","45274069","45274239","chrX","557444","557611","31","44716625"
"chr4","45275218","45275500","chr5","49496916","49497192","22","4221698"
"chr4","45309064","45309362","chr5","49531840","49532140","16","4222776"
"chr4","45356023","45356300","chr5","49577731","49578026","44","4221708"
"chr4","45363198","45363488","chr5","49585011","49585313","34","4221813"
"chr4","45377061","45377359","chrX","123944964","123945264","36","78567903"
"chr4","45429278","45429563","chr5","49657413","49657693","30","4228135"
"chr4","45474634","45474922","chr5","49720055","49720351","25","4245421"
"chr4","45476177","45476461","chr5","49721699","49721979","21","4245522"
"chr4","45515332","45515630","chr5","49754108","49754411","35","4238776"
"chr4","45557252","45557551","chr6","129934590","129934892","44","84377338"
"chr4","45675617","45675920","chr8","107052266","107052562","50","61376649"
"chr4","45746309","45746498","chr5","50019684","50019879","24","4273375"
"chr4","45754303","45754610","chr5","50028053","50028360","22","4273750"
"chr4","45800676","45800981","chr5","50070259","50070542","49","4269583"
"chr4","45853030","45853140","chr12","20931913","20932026","23","24921117"
"chr4","45853404","45853603","chr2","167568017","167568216","33","121714613"
"chr4","45878593","45878888","chr2","92679225","92679526","27","46800632"
"chr4","45895398","45895724","chr8","39036436","39036742","54","6858962"
"chr4","45922827","45923119","chr18","66970137","66970422","48","21047310"
"chr4","46056943","46057238","chr5","50331195","50331490","30","4274252"
"chr4","46125143","46125432","chr1","118561871","118562163","40","72436728"
"chr4","46304423","46304618","chr3","39457454","39457654","33","6846969"
"chr4","46324466","46324757","chr5","50598586","50598883","18","4274120"
"chr4","46352931","46353235","chr5","50627210","50627518","27","4274279"
"chr4","46354529","46354838","chr5","50628822","50629128","34","4274293"
"chr4","46370088","46370231","chr15","8538420","8538567","28","37831668"
"chr4","46392223","46392503","chr2","189994427","189994709","42","143602204"
"chr4","46414661","46414970","chr3","127669386","127669693","44","81254725"
"chr4","46427537","46427835","chr5","50706087","50706397","35","4278550"
"chr4","46434571","46434879","chr8","122699495","122699806","39","76264924"
"chr4","46435613","46435909","chr1","36905300","36905598","33","9530313"
"chr4","46442816","46443096","chr5","50720841","50721121","33","4278025"
"chr4","46472419","46472679","chr1","129089131","129089396","35","82616712"
"chr4","46476603","46476725","chr8","874222","874344","14","45602381"
"chr4","46477505","46477673","chr1","32072346","32072515","23","14405159"
"chr4","46479178","46479487","chr5","50759021","50759316","39","4279843"
"chr4","46483415","46483708","chr19","14536861","14537157","40","31946554"
"chr4","46484803","46485099","chr5","50765930","50766221","25","4281127"
"chr4","46487955","46488248","chr7","28261349","28261643","34","18226606"
"chr4","46508043","46508334","chr9","90820027","90820317","34","44311984"
"chr4","46511592","46511896","chr12","16788409","16788711","35","29723183"
"chr4","46512535","46512825","chr20","8006906","8007198","33","38505629"
"chr4","46516261","46516532","chr10","75353536","75353807","41","28837275"
"chr4","46518571","46518880","chr14","32762154","32762462","39","13756417"
"chr4","46519342","46519640","chr11","47525504","47525800","45","1006162"
"chr4","46543319","46543627","chr5","50820170","50820471","39","4276851"
"chr4","46546189","46546472","chr5","50823149","50823431","21","4276960"
"chr4","46553288","46553569","chr5","50830163","50830454","35","4276875"
"chr4","46554051","46554354","chr5","50830932","50831218","27","4276881"
"chr4","46556003","46556299","chr5","50832532","50832826","34","4276529"
"chr4","46560522","46560818","chr5","50836799","50837088","27","4276277"
"chr4","46581602","46581894","chr6","131932218","131932509","40","85350616"
"chr4","46582345","46582611","chr1","139905454","139905725","36","93323109"
"chr4","46588528","46588755","chr16","9675962","9676190","40","36912566"
"chr4","46613888","46614103","chrX","25813318","25813533","46","20800570"
"chr4","46626209","46626484","chr13","65708117","65708395","31","19081908"
"chr4","46645082","46645347","chr18","47191826","47192094","34","546744"
"chr4","46688113","46688394","chr5","23111747","23112022","38","23576366"
"chr4","46688635","46688915","chr5","50960414","50960695","33","4271779"
"chr4","46721801","46721937","chr8","143494670","143494809","28","96772869"
"chr4","46729279","46729572","chr1","10949914","10950208","32","35779365"
"chr4","46753244","46753533","chr5","51021969","51022257","18","4268725"
"chr4","46794727","46795020","chr4","75431476","75431776","35","28636749"
"chr4","46822509","46822821","chr2","83025205","83025516","46","36202696"
"chr4","46827091","46827312","chr1","20743725","20743945","36","26083366"
"chr4","46886512","46886772","chr20","8862977","8863226","42","38023535"
"chr4","46908875","46908973","chr12","124045873","124045976","20","77136998"
"chr4","46909354","46909515","chr4","20897198","20897360","26","26012156"
"chr4","46999879","47000000","chr1","7373118","7373239","16","39626761"
"chr4","47002247","47002551","chr1","131363527","131363827","38","84361280"
"chr4","47011699","47011953","chr6","130484936","130485189","33","83473237"
"chr4","47014029","47014063","chrUn_NW_014807848v1","440","474","6","47013589"
"chr4","47015247","47015558","chr19","25424587","25424898","33","21590660"
"chr4","47040233","47040548","chr20","3004704","3005021","22","44035529"
"chr4","47042410","47042584","chr3","18303536","18303710","30","28738874"
"chr4","47055884","47056195","chr5","51349359","51349674","28","4293475"
"chr4","47062703","47062998","chr8","107052266","107052562","33","59989563"
"chr4","47090794","47091089","chr5","51380308","51380607","25","4289514"
"chr4","47095622","47095921","chr11","132122442","132122745","36","85026820"
"chr4","47098606","47098924","chr16","55613093","55613398","47","8514487"
"chr4","47102977","47103177","chr4","167862628","167862830","41","120759651"
"chr4","47108440","47108540","chr16","18985528","18985629","17","28122912"
"chr4","47109669","47109961","chr5","51403573","51403869","27","4293904"
"chr4","47110311","47110606","chr5","51404210","51404508","30","4293899"
"chr4","47122724","47122892","chr3","125683456","125683623","22","78560732"
"chr4","47123038","47123153","chr18","23427255","23427370","13","23695783"
"chr4","47125858","47126162","chr5","51420460","51420768","30","4294602"
"chr4","47131411","47131708","chr5","51426054","51426349","28","4294643"
"chr4","47140119","47140393","chr15","94675643","94675917","30","47535524"
"chr4","47141629","47141934","chr5","51436996","51437297","35","4295367"
"chr4","47158974","47159263","chr5","51455238","51455528","19","4296264"
"chr4","47171105","47171290","chrX","23681445","23681631","22","23489660"
"chr4","47182282","47182571","chr5","51480888","51481182","24","4298606"
"chr4","47183430","47183599","chr11","62580559","62580728","29","15397129"
"chr4","47184550","47184729","chr5","51483109","51483288","16","4298559"
"chr4","47188801","47189107","chr3","161089887","161090183","38","113901086"
"chr4","47193045","47193351","chr12","106930268","106930572","27","59737223"
"chr4","47219107","47219394","chr5","51524746","51525039","43","4305639"
"chr4","47228251","47228547","chr16","32192153","32192451","35","15036098"
"chr4","47234826","47235118","chr5","51540643","51540938","19","4305817"
"chr4","47241285","47241586","chr6","129934590","129934892","34","82693305"
"chr4","47267862","47268156","chr3","123607450","123607753","44","76339588"
"chr4","47273237","47273547","chr4","132995869","132996182","35","85722632"
"chr4","47287680","47287864","chr5","51598976","51599160","15","4311296"
"chr4","47291436","47291724","chr2","182277641","182277932","28","134986205"
"chr4","47292413","47292695","chr5","51603376","51603665","31","4310963"
"chr4","47294270","47294489","chr15","77742576","77742795","47","30448306"
"chr4","47297867","47298019","chr7","167773913","167774060","37","120476046"
"chr4","47319882","47320182","chr5","51629429","51629727","24","4309547"
"chr4","47334899","47335110","chr19","43007920","43008132","35","4326979"
"chr4","47352422","47352725","chr5","51663037","51663336","23","4310615"
"chr4","47365696","47365737","chr13","32824923","32824961","8","14540773"
"chr4","47369294","47369604","chr5","51680293","51680601","32","4310999"
"chr4","47372003","47372220","chr16","30329902","30330113","42","17042101"
"chr4","47383116","47383419","chr5","51694259","51694569","32","4311143"
"chr4","47429345","47429674","chr15","12483595","12483929","67","34945750"
"chr4","47433263","47433414","chr8","96362364","96362507","45","48929101"
"chr4","47461652","47461955","chr5","51771602","51771910","25","4309950"
"chr4","47524981","47525275","chr14","13180382","13180677","36","34344599"
"chr4","47546957","47547266","chr5","51865682","51865990","29","4318725"
"chr4","47558466","47558747","chr5","51876893","51877179","28","4318427"
"chr4","47564293","47564512","chr6","122192063","122192284","29","74627770"
"chr4","47574431","47574722","chr5","51894162","51894459","42","4319731"
"chr4","47607343","47607559","chr9","26650579","26650790","35","20956764"
"chr4","47607608","47607714","chrX","63155876","63155980","11","15548268"
"chr4","47607949","47608125","chr7","20223071","20223252","31","27384878"
"chr4","47609317","47609607","chr11","132437462","132437750","40","84828145"
"chr4","47618845","47619103","chr14","67484164","67484434","64","19865319"
"chr4","47634134","47634427","chr2","159580818","159581107","57","111946684"
"chr4","47651972","47652227","chr6","140015934","140016183","51","92363962"
"chr4","47656645","47656907","chr5","51994745","51995007","14","4338100"
"chr4","47683405","47683659","chr6","2890194","2890456","43","44793211"
"chr4","47699733","47699969","chr2","72888703","72888943","39","25188970"
"chr4","47699970","47700064","chr12","89418140","89418233","12","41718170"
"chr4","47700826","47701059","chr9","93193547","93193778","37","45492721"
"chr4","47717499","47717790","chr16","67545727","67546016","36","19828228"
"chr4","47736069","47736373","chr5","52088551","52088859","35","4352482"
"chr4","47740083","47740382","chr5","52092556","52092865","31","4352473"
"chr4","47769010","47769322","chr15","104333343","104333649","43","56564333"
"chr4","47927879","47928176","chr6","166168372","166168671","56","118240493"
"chr4","47964093","47964382","chr5","52300468","52300769","25","4336375"
"chr4","47981514","47981799","chr5","52316651","52316928","26","4335137"
"chr4","48088444","48088543","chr5","52416111","52416211","12","4327667"
"chr4","48088544","48088823","chr3","48444313","48444593","37","355769"
"chr4","48088851","48089012","chr5","52416524","52416678","21","4327673"
"chr4","48100640","48100747","chr19","31599314","31599422","11","16501326"
"chr4","48167680","48167962","chr20","14099379","14099663","30","34068301"
"chr4","48209528","48209874","chr5","52538331","52538638","68","4328803"
"chr4","48279635","48279926","chr9","15275519","15275802","37","33004116"
"chr4","48377142","48377430","chr5","52706892","52707175","34","4329750"
"chr4","48389770","48390052","chr16","62572456","62572740","33","14182686"
"chr4","48390086","48390105","chr20","58674599","58674616","3","10284513"
"chr4","48417890","48418048","chr19","16334651","16334811","26","32083239"
"chr4","48431205","48431497","chr10","27527734","27528023","34","20903471"
"chr4","48506997","48507292","chr1","221339594","221339887","34","172832597"
"chr4","48590347","48590633","chr5","52921528","52921812","30","4331181"
"chr4","48601285","48601575","chr5","52932739","52933039","33","4331454"
"chr4","48609202","48609307","chr16","667338","667442","10","47941864"
"chr4","48635113","48635423","chr5","52965612","52965920","31","4330499"
"chr4","48780823","48781119","chr5","53106660","53106955","22","4325837"
"chr4","48959566","48959858","chr5","53450589","53450887","23","4491023"
"chr4","49093652","49093945","chr8","101636442","101636732","48","52542790"
"chr4","49176921","49177223","chr5","53226869","53227162","23","4049948"
"chr4","49308196","49308328","chr20","15201421","15201555","12","34106775"
"chr4","49326136","49326320","chr3","87852891","87853064","30","38526755"
"chr4","49390380","49390675","chr2","195876423","195876717","42","146486043"
"chr4","49403722","49404003","chr5","53754917","53755209","36","4351195"
"chr4","49605482","49605812","chr11","132599509","132599812","58","82994027"
"chr4","49671379","49671675","chrX","95137968","95138264","33","45466589"
"chr4","49720930","49721227","chr5","54078153","54078441","33","4357223"
"chr4","49761616","49761631","chr11","15273335","15273350","1","34488281"
"chr4","49761663","49761947","chr8","63836992","63837276","30","14075329"
"chr4","49791529","49791785","chr1","10369843","10370093","38","39421686"
"chr4","49892003","49892280","chr4","171650853","171651129","36","121758850"
"chr4","50188226","50188537","chrX","129802246","129802557","44","79614020"
"chr4","50401787","50402085","chr5","54922505","54922813","34","4520718"
"chr4","50431091","50431376","chr17","84246025","84246317","41","33814934"
"chr4","50552820","50553104","chrX","16786018","16786300","41","33766802"
"chr4","50566407","50566715","chr5","55074230","55074540","20","4507823"
"chr4","50723987","50724280","chr5","55246892","55247191","32","4522905"
"chr4","50950605","50950856","chr5","55485069","55485329","33","4534464"
"chr4","51072672","51072984","chr19","14629478","14629787","41","36443194"
"chr4","51186946","51187240","chr5","55722403","55722696","28","4535457"
"chr4","51222194","51222266","chr7","85780449","85780521","8","34558255"
"chr4","51222267","51222320","chr6","57823795","57823851","13","6601528"
"chr4","51222532","51222752","chr1","20743725","20743945","44","30478807"
"chr4","51231058","51231362","chr3","127669386","127669693","42","76438328"
"chr4","51276101","51276399","chr5","55810842","55811133","34","4534741"
"chr4","51313387","51313686","chr1","38186141","38186439","40","13127246"
"chr4","51344679","51344981","chr5","55874893","55875191","26","4530214"
"chr4","51345605","51345934","chr16","60791683","60791996","61","9446078"
"chr4","51463345","51463612","chr5","55996558","55996824","19","4533213"
"chr4","51526444","51526736","chr16","50731666","50731955","34","794778"
"chr4","51579344","51579659","chr5","56119589","56119902","37","4540245"
"chr4","51619858","51620149","chrX","23351237","23351529","34","28268621"
"chr4","51664209","51664495","chr4","156618593","156618879","34","104954384"
"chr4","51744681","51744891","chr3","171186993","171187203","26","119442312"
"chr4","52008441","52008721","chr5","56509496","56509774","46","4501055"
"chr4","52014156","52014455","chr7","52152161","52152458","37","138005"
"chr4","52114219","52114530","chr5","56609021","56609328","29","4494802"
"chr4","52119557","52119849","chr15","18383931","18384228","34","33735626"
"chr4","52129119","52129411","chr7","136714854","136715145","29","84585735"
"chr4","52131878","52132173","chr14","7643073","7643368","33","44488805"
"chr4","52140028","52140323","chr1","39279776","39280065","62","12860252"
"chr4","52150979","52151118","chr2","159446844","159446984","26","107295865"
"chr4","52173302","52173591","chr3","165332839","165333127","44","113159537"
"chr4","52175888","52176185","chrX","46755159","46755454","37","5420729"
"chr4","52189106","52189395","chr1","62307022","62307312","35","10117916"
"chr4","52192714","52193009","chr8","68101746","68102036","42","15909032"
"chr4","52202019","52202321","chr5","56702473","56702776","24","4500454"
"chr4","52246638","52246939","chr1","43419061","43419362","38","8827577"
"chr4","52260705","52260986","chr5","140003061","140003335","40","87742356"
"chr4","52270843","52271127","chr5","56772467","56772747","17","4501624"
"chr4","52283961","52284258","chr5","56781749","56782042","26","4497788"
"chr4","52331166","52331459","chr5","56827115","56827409","25","4495949"
"chr4","52365505","52365814","chr9","52011680","52011987","47","353825"
"chr4","52375239","52375536","chrX","46755159","46755454","41","5620080"
"chr4","52468157","52468421","chr9","124307705","124307969","40","71839548"
"chr4","52481882","52482170","chr5","56975926","56976223","47","4494044"
"chr4","52589637","52589834","chr6","55060425","55060623","26","2470788"
"chr4","52589968","52590070","chrX","37237801","37237902","19","15352167"
"chr4","52591933","52592219","chr12","103588559","103588843","41","50996626"
"chr4","52597442","52597731","chr5","57079136","57079413","31","4481694"
"chr4","52861514","52861814","chr3","175703412","175703708","46","122841898"
"chr4","52890128","52890430","chr5","57392178","57392470","30","4502050"
"chr4","52907774","52908055","chr12","30208839","30209119","42","22698935"
"chr4","52918160","52918375","chr5","57426832","57427047","14","4508672"
"chr4","52923599","52923805","chr5","57432283","57432489","16","4508684"
"chr4","52947386","52947673","chr2","189061983","189062270","38","136114597"
"chr4","52953610","52953879","chr5","57461135","57461405","12","4507525"
"chr4","52979919","52980219","chr5","57485129","57485418","29","4505210"
"chr4","52980606","52980905","chrX","130555559","130555852","46","77574953"
"chr4","53079653","53079948","chr5","57583650","57583951","32","4503997"
"chr4","53098944","53099244","chr5","57602761","57603057","23","4503817"
"chr4","53101988","53102289","chr5","57605781","57606078","31","4503793"
"chr4","53112259","53112558","chr5","57616406","57616702","27","4504147"
"chr4","53126406","53126703","chr8","93237278","93237575","37","40110872"
"chr4","53172303","53172541","chr10","61029967","61030201","56","7857664"
"chr4","53190839","53191139","chr5","57694235","57694538","28","4503396"
"chr4","53197904","53198032","chr8","53751404","53751531","15","553500"
"chr4","53198061","53198201","chr12","124565994","124566135","22","71367933"
"chr4","53202614","53202923","chr1","220883377","220883674","39","167680763"
"chr4","53205812","53206110","chr5","16404906","16405205","46","36800906"
"chr4","53267481","53267791","chr8","119825104","119825407","36","66557623"
"chr4","53268521","53268797","chr1","139650554","139650817","43","86382033"
"chr4","53308523","53308820","chr5","57817447","57817747","30","4508924"
"chr4","53380538","53380836","chr5","57892892","57893191","26","4512354"
"chr4","53431739","53432046","chrX","15989207","15989511","47","37442532"
"chr4","53457695","53457994","chr5","57971643","57971942","29","4513948"
"chr4","53488294","53488515","chr1","4224328","4224546","40","49263966"
"chr4","53488516","53488826","chr2","72554016","72554326","37","19065500"
"chr4","53488832","53488946","chr2","69013368","69013473","28","15524536"
"chr4","53502232","53502514","chr5","58016444","58016719","27","4514212"
"chr4","53504181","53504473","chr5","58018702","58019003","23","4514521"
"chr4","53514794","53515051","chr5","58028126","58028382","20","4513332"
"chr4","53519545","53519835","chr5","58033648","58033937","22","4514103"
"chr4","53538633","53538907","chr5","58052315","58052600","37","4513682"
"chr4","53567408","53567714","chr5","58081026","58081328","28","4513618"
"chr4","53611292","53611623","chr5","58124805","58125131","30","4513513"
"chr4","53641924","53642218","chr11","110430979","110431269","41","56789055"
"chr4","53704522","53704818","chr13","87271043","87271347","59","33566521"
"chr4","53763732","53764004","chr11","125815238","125815519","47","72051506"
"chr4","53791109","53791300","chr13","64990371","64990560","24","11199262"
"chr4","53793633","53793684","chr20","42900037","42900084","11","10893596"
"chr4","53821122","53821416","chr5","58331929","58332226","28","4510807"
"chr4","53841847","53842171","chr5","58353597","58353910","37","4511750"
"chr4","53904000","53904305","chr5","58415389","58415688","33","4511389"
"chr4","53920409","53920715","chr5","58431632","58431944","29","4511223"
"chr4","53958193","53958457","chr5","58469388","58469652","15","4511195"
"chr4","53991940","53992025","chr8","49138521","49138607","20","4853419"
"chr4","54004800","54005019","chr19","10979398","10979617","30","43025402"
"chr4","54005073","54005204","chr16","4850336","4850468","21","49154737"
"chr4","54083811","54084108","chr4","105401676","105401972","42","51317865"
"chr4","54098292","54098574","chr5","58602460","58602752","48","4504168"
"chr4","54100920","54100981","chr6","146979860","146979921","18","92878940"
"chr4","54109647","54109932","chr5","58614055","58614340","25","4504408"
"chr4","54113569","54113875","chr10","38609403","38609714","40","15504166"
"chr4","54142771","54143071","chr1","25647657","25647947","34","28495114"
"chr4","54148903","54149197","chr5","58651688","58651980","32","4502785"
"chr4","54157568","54157744","chr14","26256949","26257125","31","27900619"
"chr4","54158586","54158722","chr7","16849217","16849352","17","37309369"
"chr4","54169731","54170040","chr5","58669095","58669406","35","4499364"
"chr4","54180194","54180498","chr5","58681043","58681351","25","4500849"
"chr4","54197140","54197323","chr10","59575622","59575800","32","5378482"
"chr4","54203323","54203633","chr1","114073154","114073460","24","59869831"
"chr4","54211203","54211496","chr5","58717971","58718262","21","4506768"
"chr4","54241199","54241490","chr5","58749686","58749974","34","4508487"
"chr4","54243068","54243359","chr5","58751558","58751858","39","4508490"
"chr4","54245377","54245649","chr7","41367236","41367508","39","12878141"
"chr4","54246657","54246955","chr16","5048763","5049058","30","49197894"
"chr4","54282629","54282937","chr16","56325069","56325376","34","2042440"
"chr4","54295726","54296030","chrX","112616416","112616715","40","58320690"
"chr4","54303228","54303519","chr20","20769154","20769446","40","33534074"
"chr4","54305096","54305384","chr5","58816432","58816701","50","4511336"
"chr4","54312048","54312327","chr5","58823989","58824270","26","4511941"
"chr4","54324739","54325007","chr14","22066932","22067189","49","32257807"
"chr4","54336459","54336747","chr1","101799784","101800074","35","47463325"
"chr4","54339562","54339777","chr14","99604703","99604919","28","45265141"
"chr4","54339890","54340098","chr10","73565247","73565453","28","19225357"
"chr4","54356766","54357064","chr7","113559810","113560113","34","59203044"
"chr4","54358693","54358996","chr5","58872257","58872564","29","4513564"
"chr4","54360161","54360417","chr8","42733565","42733821","28","11626596"
"chr4","54360640","54360936","chrX","48676443","48676743","32","5684197"
"chr4","54377395","54377459","chr16","43977817","43977866","22","10399578"
"chr4","54380601","54380673","chr16","38402683","38402749","17","15977918"
"chr4","54403581","54403891","chr7","139827579","139827889","34","85423998"
"chr4","54409926","54410109","chr5","51598976","51599160","24","2810950"
"chr4","54414294","54414486","chr15","94696186","94696379","47","40281892"
"chr4","54424201","54424536","chr5","58940639","58940977","33","4516438"
"chr4","54426841","54427150","chr5","58943189","58943501","32","4516348"
"chr4","54459365","54459647","chr5","58974944","58975228","25","4515579"
"chr4","54465211","54465508","chr1","15759219","15759523","10","38705992"
"chr4","54486859","54487179","chr5","59005537","59005860","29","4518678"
"chr4","54491646","54491948","chr5","59010615","59010901","43","4518969"
"chr4","54767754","54768015","chr5","59288612","59288874","24","4520858"
"chr4","54845581","54845861","chr5","59358469","59358751","24","4512888"
"chr4","55120249","55120544","chr5","59650985","59651277","28","4530736"
"chr4","55203813","55204098","chr5","59737913","59738201","43","4534100"
"chr4","55238224","55238510","chr5","59771391","59771669","33","4533167"
"chr4","55347361","55347487","chr16","64036320","64036445","14","8688959"
"chr4","55348547","55348858","chr5","59876942","59877253","36","4528395"
"chr4","55407933","55408226","chr16","57876407","57876699","40","2468474"
"chr4","55581182","55581471","chr5","60136182","60136477","30","4555000"
"chr4","55709400","55709701","chr20","22067376","22067674","32","33642024"
"chr4","55714877","55715158","chr16","29704465","29704745","43","26010412"
"chr4","56005741","56006036","chrX","52560249","52560544","41","3445492"
"chr4","56048408","56048703","chr5","60688499","60688801","30","4640091"
"chr4","56131757","56132063","chr5","60789731","60790016","40","4657974"
"chr4","56206639","56206949","chr5","60872654","60872961","27","4666015"
"chr4","56267602","56267902","chr3","127173721","127174019","39","70906119"
"chr4","56326296","56326610","chr20","8653292","8653602","40","47673004"
"chr4","56433112","56433415","chr5","61100699","61100997","30","4667587"
"chr4","56487151","56487311","chrX","855241","855400","23","55631910"
"chr4","56550849","56551146","chr5","61213679","61213961","38","4662830"
"chr4","56643840","56644142","chr5","61309847","61310128","33","4666007"
"chr4","56695018","56695297","chr5","61354511","61354779","29","4659493"
"chr4","56721610","56721906","chr7","152354245","152354532","51","95632635"
"chr4","56745478","56745788","chr5","61419013","61419323","34","4673535"
"chr4","56753145","56753442","chr2","187558684","187558980","43","130805539"
"chr4","56761108","56761416","chr5","61431851","61432152","36","4670743"
"chr4","56778581","56778747","chr6","139207284","139207450","31","82428703"
"chr4","56788357","56788656","chr5","61459580","61459885","35","4671223"
"chr4","56816367","56816680","chr3","168504192","168504499","49","111687825"
"chr4","56820179","56820485","chr5","61491857","61492161","27","4671678"
"chr4","56838978","56839277","chr5","61509462","61509765","35","4670484"
"chr4","56847363","56847669","chrX","47581011","47581317","36","9266352"
"chr4","56865036","56865332","chr5","61534601","61534891","25","4669565"
"chr4","57382273","57382566","chr9","90820027","90820317","34","33437754"
"chr4","57401651","57401947","chr2","147647112","147647407","25","90245461"
"chr4","57405429","57405733","chr2","147650853","147651148","35","90245424"
"chr4","57424153","57424456","chr2","147669296","147669593","33","90245143"
"chr4","57430327","57430625","chr6","155292927","155293228","34","97862600"
"chr4","57436518","57436680","chr16","13074697","13074856","24","44361821"
"chr4","57437502","57437630","chrX","21501042","21501169","16","35936460"
"chr4","57454667","57454962","chr5","61588682","61588978","21","4134015"
"chr4","57499883","57500000","chr20","54711525","54711640","22","2788358"
"chr4","57602428","57602743","chr3","176257352","176257651","54","118654924"
"chr4","57629823","57630124","chrX","52560249","52560544","42","5069574"
"chr4","57825631","57825937","chr5","61927955","61928257","36","4102324"
"chr4","57887646","57887962","chr7","39690059","39690373","36","18197587"
"chr4","57915995","57916294","chr13","64879527","64879826","43","6963532"
"chr4","58140230","58140554","chr16","62859810","62860119","53","4719580"
"chr4","58174098","58174396","chr15","34695994","34696296","31","23478104"
"chr4","58222257","58222547","chr5","62312815","62313104","28","4090558"
"chr4","58250787","58251072","chr5","62340847","62341133","23","4090060"
"chr4","58273614","58273871","chr5","62361652","62361910","19","4088038"
"chr4","58311803","58312111","chrX","23558557","23558868","35","34753246"
"chr4","58391005","58391142","chrX","49226808","49226942","19","9164197"
"chr4","58391442","58391629","chr10","80003161","80003342","39","21611719"
"chr4","58510673","58510980","chr3","72177549","72177857","53","13666876"
"chr4","58520384","58520655","chr5","62594823","62595098","25","4074439"
"chr4","58553291","58553587","chr14","15756054","15756351","33","42797237"
"chr4","58622500","58622659","chr5","62675271","62675430","9","4052771"
"chr4","58623108","58623236","chr5","62675882","62676010","5","4052774"
"chr4","58692327","58692628","chr5","62748617","62748914","33","4056290"
"chr4","58903906","58904209","chr5","62943446","62943748","38","4039540"
"chr4","58937735","58938050","chr1","22696468","22696779","51","36241267"
"chr4","59111267","59111552","chr5","63179733","63180027","29","4068466"
"chr4","59125616","59125907","chr1","151983455","151983746","30","92857839"
"chr4","59235712","59235995","chr9","28728990","28729273","38","30506722"
"chr4","59277764","59278070","chr2","35269867","35270172","40","24007897"
"chr4","59280157","59280437","chr7","18357399","18357684","39","40922758"
"chr4","59285012","59285303","chr17","84246025","84246317","36","24961013"
"chr4","59305849","59306110","chr5","63371510","63371770","19","4065661"
"chr4","59348244","59348535","chr9","59685986","59686279","30","337742"
"chr4","59373624","59373911","chrX","112689551","112689839","36","53315927"
"chr4","59404605","59404897","chr5","63468905","63469199","31","4064300"
"chr4","59408668","59408818","chr15","8538420","8538567","25","50870248"
"chr4","59408898","59408998","chr12","103654031","103654135","35","44245133"
"chr4","59437459","59437752","chr3","74170622","74170921","38","14733163"
"chr4","59452325","59452456","chr4","37338238","37338371","13","22114087"
"chr4","59466983","59467067","chr5","39418145","39418231","17","20048838"
"chr4","59467068","59467190","chr4","22120177","22120295","18","37346891"
"chr4","59475616","59475916","chr18","371369","371677","40","59104247"
"chr4","59477829","59478135","chr5","63534375","63534690","39","4056546"
"chr4","59486085","59486382","chr5","63536355","63536663","34","4050270"
"chr4","59518243","59518554","chr5","63564358","63564662","30","4046115"
"chr4","59547851","59548159","chr5","63590306","63590615","25","4042455"
"chr4","59577427","59577725","chr5","63614365","63614675","31","4036938"
"chr4","59579045","59579316","chr9","110733644","110733909","40","51154599"
"chr4","59596407","59596710","chr5","63634181","63634478","41","4037774"
"chr4","59600496","59600792","chr18","51778935","51779229","36","7821561"
"chr4","59612143","59612436","chr10","30442537","30442830","37","29169606"
"chr4","59623737","59624013","chr5","63658755","63659038","33","4035018"
"chr4","59627656","59627750","chr5","63661172","63661266","10","4033516"
"chr4","59628493","59628697","chr11","67383080","67383282","41","7754587"
"chr4","59640121","59640412","chr5","63674852","63675155","31","4034731"
"chr4","59642336","59642636","chr5","63676780","63677081","24","4034444"
"chr4","59647133","59647364","chr5","63682988","63683217","24","4035855"
"chr4","59647844","59648146","chr5","63683667","63683969","20","4035823"
"chr4","59650766","59651059","chr1","53265096","53265391","33","6385670"
"chr4","59665583","59665877","chr15","27419747","27420041","36","32245836"
"chr4","59672735","59673032","chr5","63711604","63711904","44","4038869"
"chr4","59673226","59673523","chr3","38684532","38684827","42","20988694"
"chr4","59673845","59673963","chr6","85833974","85834092","13","26160129"
"chr4","59683638","59683867","chr1","50890362","50890591","32","8793276"
"chr4","59687222","59687465","chr10","71029959","71030194","44","11342737"
"chr4","59691687","59691985","chr5","63726215","63726525","37","4034528"
"chr4","59705105","59705206","chr8","32672030","32672132","12","27033075"
"chr4","59705755","59705883","chr5","63739221","63739361","17","4033466"
"chr4","59705884","59705929","chr5","63739362","63739402","8","4033478"
"chr4","59705971","59706249","chrX","40056549","40056830","27","19649422"
"chr4","59707743","59707943","chr11","2904691","2904882","29","56803052"
"chr4","59711799","59712086","chr5","63749043","63749335","34","4037244"
"chr4","59722464","59722741","chr4","171650853","171651129","40","111928389"
"chr4","59726721","59726867","chr11","1764341","1764489","21","57962380"
"chr4","59727260","59727369","chr10","73819309","73819417","12","14092049"
"chr4","59730691","59730811","chr4","156384534","156384656","19","96653843"
"chr4","59738272","59738571","chr5","63784045","63784333","28","4045773"
"chr4","59748896","59749200","chr5","63794899","63795205","34","4046003"
"chr4","59749243","59749412","chr7","166240262","166240432","29","106491019"
"chr4","59756024","59756322","chr14","15756054","15756351","38","43999970"
"chr4","59770055","59770345","chr5","63816442","63816746","26","4046387"
"chr4","59772350","59772635","chr5","63818501","63818795","32","4046151"
"chr4","59785336","59785641","chr1","184252403","184252708","45","124467067"
"chr4","59790596","59790904","chr5","63841317","63841626","28","4050721"
"chr4","59821527","59821622","chr1","35608974","35609073","18","24212553"
"chr4","59822061","59822138","chr1","9315059","9315135","12","50507002"
"chr4","59829913","59830079","chr9","98182003","98182169","29","38352090"
"chr4","59840811","59841090","chr5","63892688","63892967","18","4051877"
"chr4","59847614","59847878","chr4","42914132","42914400","48","16933482"
"chr4","59875298","59875607","chr10","12541086","12541391","31","47334212"
"chr4","59884073","59884368","chr4","163610184","163610481","33","103726111"
"chr4","59884899","59885196","chr4","88410610","88410912","38","28525711"
"chr4","59890143","59890424","chr5","63944693","63944988","35","4054550"
"chr4","59907893","59908172","chr5","63964702","63964980","35","4056809"
"chr4","59932265","59932564","chr5","63986730","63987028","32","4054465"
"chr4","59936605","59936904","chr15","102740273","102740571","31","42803668"
"chr4","59940445","59940607","chr14","84880122","84880288","22","24939677"
"chr4","59964214","59964507","chr13","9859554","9859845","38","50104660"
"chr4","59978044","59978355","chr5","64028218","64028513","36","4050174"
"chr4","59986290","59986584","chr3","54642796","54643092","41","5343494"
"chr4","60004202","60004505","chr11","127553671","127553973","45","67549469"
"chr4","60023540","60023839","chr5","64078639","64078938","30","4055099"
"chr4","60029371","60029663","chr15","32011184","32011472","35","28018187"
"chr4","60091717","60092016","chr5","64145841","64146133","30","4054124"
"chr4","60092334","60092574","chr11","31920323","31920561","29","28172011"
"chr4","60124039","60124329","chr4","163021126","163021423","47","102897087"
"chr4","60130344","60130657","chr3","9901815","9902119","39","50228529"
"chr4","60138979","60139272","chr5","93179263","93179563","37","33040284"
"chr4","60195779","60196085","chrX","36369971","36370280","48","23825808"
"chr4","60431344","60431632","chr3","157258990","157259281","40","96827646"
"chr4","60660811","60661109","chr11","48147631","48147935","38","12513180"
"chr4","60711947","60712105","chr13","26293008","26293166","30","34418939"
"chr4","60769440","60769677","chr9","128743744","128743982","44","67974304"
"chr4","60781608","60781909","chr6","178331952","178332257","44","117550344"
"chr4","60805374","60805665","chrX","123703837","123704123","40","62898463"
"chr4","60879466","60879538","chr6","67382192","67382262","8","6502726"
"chr4","60882324","60882536","chr4","160315633","160315842","39","99433309"
"chr4","61058936","61059240","chr5","65112071","65112379","37","4053135"
"chr4","61060829","61061038","chr16","668407","668615","39","60392422"
"chr4","61462667","61462959","chr19","33742345","33742643","45","27720322"
"chr4","61506498","61506800","chr5","65710554","65710848","36","4204056"
"chr4","61540210","61540529","chr5","65594765","65595081","31","4054555"
"chr4","61543014","61543196","chr5","65592085","65592267","25","4049071"
"chr4","61645739","61646057","chr1","92493616","92493925","45","30847877"
"chr4","61959883","61960191","chr16","45595072","45595379","45","16364811"
"chr4","62013802","62014112","chr9","66300603","66300906","39","4286801"
"chr4","62021039","62021336","chr5","65886212","65886500","32","3865173"
"chr4","62039272","62039552","chr5","65898198","65898480","33","3858926"
"chr4","62047633","62047905","chr5","65930211","65930476","23","3882578"
"chr4","62048359","62048654","chr5","65930934","65931241","37","3882575"
"chr4","62057115","62057411","chr12","58399553","58399844","38","3657562"
"chr4","62071521","62071816","chr5","65961003","65961300","33","3889482"
"chr4","62073757","62074043","chr5","65963258","65963549","26","3889501"
"chr4","62094134","62094417","chr5","65981729","65982015","27","3887595"
"chr4","62127560","62127850","chr5","66014355","66014646","28","3886795"
"chr4","62135695","62135997","chr11","92744039","92744341","42","30608344"
"chr4","62225956","62226271","chr1","153252516","153252827","46","91026560"
"chr4","62316000","62316306","chr8","133184281","133184587","40","70868281"
"chr4","62384565","62384869","chr5","66241470","66241774","32","3856905"
"chr4","62402113","62402420","chr5","66260731","66261042","37","3858618"
"chr4","62428444","62428744","chr7","113559810","113560113","29","51131366"
"chr4","62470548","62470689","chr3","183731879","183732019","32","121261331"
"chr4","62495675","62495851","chr8","126054004","126054184","28","63558329"
"chr4","62672149","62672462","chr15","30561481","30561792","40","32110668"
"chr4","62735077","62735356","chr5","66654846","66655127","14","3919769"
"chr4","62767274","62767590","chr16","31210925","31211235","45","31556349"
"chr4","62767897","62768169","chr5","140003061","140003335","39","77235164"
"chr4","62795587","62795867","chr5","66707110","66707402","26","3911523"
"chr4","62823368","62823595","chr5","66733108","66733335","14","3909740"
"chr4","62887705","62887871","chr5","66800697","66800849","19","3912992"
"chr4","62888130","62888268","chr5","66801109","66801247","8","3912979"
"chr4","62889140","62889439","chr2","166145397","166145694","38","103256257"
"chr4","62890443","62890601","chr15","41907480","41907639","20","20982963"
"chr4","62890912","62891046","chr16","48484231","48484364","14","14406681"
"chr4","62917839","62918103","chr2","70372195","70372459","35","7454356"
"chr4","62970512","62970642","chr4","115848594","115848725","17","52878082"
"chr4","63069535","63069852","chr1","36149415","36149730","48","26920120"
"chr4","63183708","63184001","chr5","67070949","67071249","29","3887241"
"chr4","63196181","63196461","chr5","67084774","67085063","40","3888593"
"chr4","63215151","63215447","chr9","128169152","128169451","39","64954001"
"chr4","63350070","63350360","chr5","67262694","67262988","30","3912624"
"chr4","63520832","63521125","chr2","46773836","46774126","35","16746996"
"chr4","63566995","63567284","chr3","165332839","165333127","32","101765844"
"chr4","63605102","63605339","chr5","67511576","67511813","22","3906474"
"chr4","63681135","63681436","chr7","2877777","2878073","39","60803358"
"chr4","63756566","63756873","chr5","67675675","67675982","32","3919109"
"chr4","63787659","63787942","chr5","67707560","67707860","43","3919901"
"chr4","63871418","63871726","chr5","67805040","67805352","30","3933622"
"chr4","64132704","64133005","chr5","68074685","68074987","38","3941981"
"chr4","64148196","64148418","chr5","68089995","68090217","27","3941799"
"chr4","64185588","64185871","chr5","68133841","68134123","31","3948253"
"chr4","64204399","64204685","chr5","68146434","68146750","55","3942035"
"chr4","64221890","64222193","chr5","68164996","68165296","34","3943106"
"chr4","64228018","64228324","chr5","68171130","68171433","38","3943112"
"chr4","64230020","64230313","chr5","68173101","68173393","36","3943081"
"chr4","64387578","64387791","chr10","29045753","29045974","44","35341825"
"chr4","64471694","64471990","chr5","68413810","68414116","44","3942116"
"chr4","64520083","64520301","chr3","45604681","45604903","38","18915402"
"chr4","64599393","64599547","chr8","45611027","45611183","24","18988366"
"chr4","64602416","64602705","chr20","56831413","56831703","36","7771003"
"chr4","64863888","64864186","chr20","1252671","1252968","41","63611217"
"chr4","64879073","64879366","chr5","68869425","68869716","35","3990352"
"chr4","65200024","65200319","chr5","69196273","69196584","38","3996249"
"chr4","65328460","65328761","chr3","165559970","165560275","46","100231510"
"chr4","65533730","65534039","chr5","69568038","69568358","39","4034308"
"chr4","65628503","65628802","chr4","40297222","40297520","38","25331281"
"chr4","65645954","65646240","chr1","159878672","159878960","43","94232718"
"chr4","65716504","65716816","chr1","14459557","14459866","41","51256947"
"chr4","65718945","65719233","chr11","112236085","112236375","40","46517140"
"chr4","65728201","65728471","chr19","3332154","3332428","37","62396047"
"chr4","65783049","65783346","chr1","142214846","142215140","38","76431797"
"chr4","65805954","65806263","chr7","32030880","32031184","41","33775074"
"chr4","65841508","65841812","chr5","69881589","69881896","32","4040081"
"chr4","66133701","66134014","chr1","24211287","24211597","37","41922414"
"chr4","66220200","66220231","chr4","2779539","2779567","6","63440661"
"chr4","66220272","66220550","chr5","70241438","70241717","18","4021166"
"chr4","66250014","66250323","chr16","9054250","9054553","39","57195764"
"chr4","66272126","66272400","chr14","110553219","110553500","36","44281093"
"chr4","66283739","66284023","chr11","108738397","108738689","42","42454658"
"chr4","66287540","66287863","chr5","70323827","70324148","46","4036287"
"chr4","66442526","66442821","chr5","70469795","70470098","41","4027269"
"chr4","66711627","66711948","chr4","11228671","11228989","45","55482956"
"chr4","66854795","66855095","chr5","70921147","70921458","34","4066352"
"chr4","66859193","66859501","chr5","70925561","70925865","43","4066368"
"chr4","66899356","66899657","chrX","15989207","15989511","37","50910149"
"chr4","66956563","66956820","chrX","21483482","21483735","36","45473081"
"chr4","67086739","67087033","chr3","157258990","157259281","42","90172251"
"chr4","67112440","67112588","chr11","96514845","96514993","19","29402405"
"chr4","67125753","67126056","chr5","71296111","71296406","36","4170358"
"chr4","67153449","67153742","chr20","8006906","8007198","29","59146543"
"chr4","67401438","67401728","chr5","71529694","71529997","41","4128256"
"chr4","67538367","67538666","chr5","71671673","71671972","32","4133306"
"chr4","67570435","67570735","chr18","9657065","9657368","36","57913370"
"chr4","67671475","67671761","chr1","26022774","26023060","34","41648701"
"chr4","67732120","67732393","chr5","71942630","71942911","25","4210510"
"chr4","67739528","67739799","chr5","71949344","71949608","38","4209816"
"chr4","67749660","67749969","chr3","37022822","37023124","52","30726838"
"chr4","68059203","68059505","chr9","120749517","120749821","35","52690314"
"chr4","68073414","68073723","chr2","170952694","170953004","32","102879280"
"chr4","68121140","68121438","chr4","119937337","119937632","42","51816197"
"chr4","68134390","68134674","chr5","72337633","72337905","41","4203243"
"chr4","68189833","68189905","chr1","128616174","128616244","7","60426341"
"chr4","68268744","68269039","chr5","72469016","72469306","31","4200272"
"chr4","68507208","68507506","chr5","72713746","72714041","36","4206538"
"chr4","68530739","68530984","chr9","62089461","62089709","35","6441278"
"chr4","68660348","68660645","chr15","6872633","6872929","32","61787715"
"chr4","68668831","68669098","chr10","87752884","87753153","45","19084053"
"chr4","68681261","68681540","chr5","139497095","139497377","38","70815834"
"chr4","68785188","68785495","chr8","49529038","49529344","34","19256150"
"chr4","68842124","68842399","chr5","73045456","73045722","31","4203332"
"chr4","68921592","68921901","chr5","73125330","73125642","40","4203738"
"chr4","69032733","69033020","chr8","11258608","11258901","35","57774125"
"chr4","69200577","69200863","chr5","73402110","73402396","28","4201533"
"chr4","69241359","69241669","chr5","73444796","73445106","29","4203437"
"chr4","69243878","69244189","chr5","73447310","73447625","34","4203432"
"chr4","69326671","69326981","chr19","13854495","13854804","46","55472176"
"chr4","69329880","69330165","chr5","73533846","73534115","42","4203966"
"chr4","69333484","69333786","chr5","73537733","73538035","32","4204249"
"chr4","69385982","69386156","chr8","126054004","126054184","27","56668022"
"chr4","69386254","69386374","chr5","155723590","155723708","21","86337336"
"chr4","69407012","69407305","chr7","118720504","118720800","48","49313492"
"chr4","69446370","69446659","chr1","90954076","90954369","36","21507706"
"chr4","69511523","69511834","chr4","117002553","117002869","45","47491030"
"chr4","69544354","69544659","chr5","73743018","73743310","42","4198664"
"chr4","69638562","69638859","chr5","73829586","73829881","34","4191024"
"chr4","69672633","69672748","chr13","86722914","86723028","8","17050281"
"chr4","69672823","69673115","chr3","2986573","2986865","32","66686250"
"chr4","69685179","69685465","chr5","73871833","73872126","35","4186654"
"chr4","69780567","69780863","chr3","43402255","43402549","42","26378312"
"chr4","69917984","69918280","chr3","101319684","101319980","38","31401700"
"chr4","69920867","69921113","chr5","74106822","74107081","33","4185955"
"chr4","69934122","69934416","chr5","74118522","74118807","52","4184400"
"chr4","69940231","69940533","chr5","74124670","74124981","40","4184439"
"chr4","70010223","70010543","chr5","74196811","74197104","58","4186588"
"chr4","70125404","70125705","chr5","74317934","74318236","26","4192530"
"chr4","70289788","70290089","chr5","74483740","74484037","37","4193952"
"chr4","70351079","70351334","chr16","65886761","65887017","50","4464318"
"chr4","70413253","70413538","chr5","74605277","74605564","42","4192024"
"chr4","70426684","70426993","chr1","222607830","222608142","48","152181146"
"chr4","70575585","70575894","chr5","74758675","74758992","42","4183090"
"chr4","70760139","70760433","chr5","74957862","74958162","50","4197723"
"chr4","70806007","70806324","chr5","75005710","75006046","47","4199703"
"chr4","70865017","70865337","chr5","75058441","75058739","55","4193424"
"chr4","70910564","70910864","chr6","73393768","73394067","33","2483204"
"chr4","70948128","70948291","chr20","52171573","52171738","24","18776555"
"chr4","71012125","71012299","chrX","557444","557611","30","70454681"
"chr4","71110712","71110981","chr5","75317075","75317348","38","4206363"
"chr4","71239846","71240124","chr11","109909634","109909915","41","38669788"
"chr4","71278868","71279177","chrX","19827565","19827872","55","51451303"
"chr4","71351143","71351424","chr3","164684306","164684594","48","93333163"
"chr4","71391840","71392151","chr5","149597253","149597559","43","78205413"
"chr4","71423899","71424204","chr8","43995209","43995511","51","27428690"
"chr4","71712200","71712523","chr3","38170116","38170440","55","33542084"
"chr4","71731509","71731804","chr5","75938313","75938621","49","4206804"
"chr4","71799946","71800235","chr4","92893536","92893832","48","21093590"
"chr4","71871197","71871494","chr1","9601563","9601859","38","62269634"
"chr4","71884922","71884993","chr19","4860388","4860456","19","67024534"
"chr4","72450340","72450651","chr5","76564475","76564784","33","4114135"
"chr4","72526152","72526455","chr2","109352551","109352842","51","36826399"
"chr4","72543927","72544223","chrX","16039533","16039829","42","56504394"
"chr4","72545356","72545490","chr16","24839455","24839591","21","47705901"
"chr4","72941531","72941817","chr5","85707116","85707405","29","12765585"
"chr4","72978301","72978607","chrX","47839719","47840022","33","25138582"
"chr4","72984743","72985036","chr5","77101961","77102255","32","4117218"
"chr4","72998345","72998655","chr5","77120976","77121286","40","4122631"
"chr4","73236109","73236394","chr5","77348518","77348803","21","4112409"
"chr4","73250967","73251264","chr5","77363105","77363407","38","4112138"
"chr4","73319202","73319495","chr6","140129906","140130200","37","66810704"
"chr4","73339043","73339343","chr3","47941578","47941876","41","25397465"
"chr4","73369081","73369353","chr3","155775978","155776261","52","82406897"
"chr4","73371870","73372164","chr5","77495141","77495440","27","4123271"
"chr4","73383718","73384006","chr15","100129598","100129901","73","26745880"
"chr4","73426358","73426647","chr3","165332839","165333127","32","91906481"
"chr4","73439884","73440192","chr5","77565181","77565478","36","4125297"
"chr4","73466389","73466561","chr19","32197775","32197948","22","41268614"
"chr4","73466920","73467220","chr5","77592759","77593051","32","4125839"
"chr4","73471375","73471680","chr5","77597246","77597551","53","4125871"
"chr4","73477098","73477399","chr5","152667809","152668109","41","79190711"
"chr4","73480030","73480196","chr10","1740479","1740645","20","71739551"
"chr4","73480252","73480392","chr8","103450330","103450478","29","29970078"
"chr4","73491833","73492091","chr4","111384471","111384728","37","37892638"
"chr4","73494302","73494602","chr19","434933","435230","47","73059369"
"chr4","73507104","73507319","chr20","50758276","50758500","32","22748828"
"chr4","73508452","73508648","chr19","35144999","35145201","32","38363453"
"chr4","73510919","73511211","chr5","77635033","77635329","25","4124114"
"chr4","73516673","73516840","chr6","132206031","132206198","17","58689358"
"chr4","73517143","73517201","chr4","127863386","127863444","7","54346243"
"chr4","73517202","73517412","chr15","78831585","78831798","32","5314383"
"chr4","73521416","73521729","chr9","127339604","127339915","45","53818188"
"chr4","73528366","73528670","chr5","77652123","77652431","29","4123757"
"chr4","73548092","73548404","chr7","81771278","81771588","44","8223186"
"chr4","73552393","73552694","chr7","66882385","66882684","39","6670008"
"chr4","73575414","73575698","chr5","77700588","77700856","39","4125174"
"chr4","73575967","73576120","chr4","107394440","107394589","26","33818473"
"chr4","73595644","73595944","chr8","50115092","50115395","34","23480552"
"chr4","73596772","73597077","chr3","35484562","35484868","36","38112210"
"chr4","73610563","73610777","chrX","25813318","25813533","33","47797245"
"chr4","73614977","73615279","chr5","77733345","77733650","31","4118368"
"chr4","73619196","73619344","chr10","59907389","59907536","24","13711807"
"chr4","73638103","73638395","chr5","77760410","77760705","31","4122307"
"chr4","73645900","73646199","chr5","77769012","77769312","32","4123112"
"chr4","73661424","73661699","chr5","77783925","77784224","36","4122501"
"chr4","73662101","73662407","chr5","77785333","77785639","36","4123232"
"chr4","73663682","73663973","chr16","5048763","5049058","35","68614919"
"chr4","73666248","73666562","chr10","72366392","72366697","40","1299856"
"chr4","73666563","73666682","chr10","71427686","71427803","17","2238877"
"chr4","73667063","73667258","chr16","54931615","54931811","27","18735448"
"chr4","73676630","73676771","chr14","69005087","69005239","32","4671543"
"chr4","73677197","73677305","chr10","46558398","46558510","12","27118799"
"chr4","73678596","73678692","chr17","18283394","18283482","23","55395202"
"chr4","73682711","73682988","chr16","9064831","9065094","49","64617880"
"chr4","73682989","73683123","chr15","9786599","9786734","12","63896390"
"chr4","73687039","73687364","chrX","40971806","40972126","48","32715233"
"chr4","73688333","73688556","chr16","9675962","9676190","36","64012371"
"chr4","73695774","73695842","chr15","8578102","8578170","9","65117672"
"chr4","73699800","73700099","chr9","24131774","24132072","49","49568026"
"chr4","73706728","73706963","chr15","2907734","2907968","26","70798994"
"chr4","73710212","73710521","chr5","77828967","77829273","39","4118755"
"chr4","73715363","73715651","chr1","165353981","165354272","35","91638618"
"chr4","73719647","73719947","chr1","15299545","15299845","35","58420102"
"chr4","73722546","73722833","chr4","57467704","57467997","39","16254842"
"chr4","73743187","73743479","chr5","77866948","77867241","22","4123761"
"chr4","73743925","73744199","chr5","77867686","77867960","29","4123761"
"chr4","73750233","73750512","chr1","126079086","126079365","33","52328853"
"chr4","73758447","73758746","chr10","73144509","73144810","28","613938"
"chr4","73784230","73784544","chr4","32376720","32377029","47","41407510"
"chr4","73805332","73805459","chrX","128198344","128198471","20","54393012"
"chr4","73805849","73805929","chr1","44313338","44313418","10","29492511"
"chr4","73817739","73818013","chr5","77936272","77936542","23","4118533"
"chr4","73818945","73819088","chr4","44130284","44130433","17","29688661"
"chr4","73859425","73859711","chr5","77979785","77980090","42","4120360"
"chr4","73878839","73879050","chr3","103846800","103847020","54","29967961"
"chr4","73913996","73914197","chr5","78028285","78028488","15","4114289"
"chr4","73918846","73919147","chr5","78033605","78033901","28","4114759"
"chr4","73920773","73921076","chr5","78035509","78035811","20","4114736"
"chr4","73932905","73933063","chr10","59907389","59907536","26","14025516"
"chr4","73933064","73933289","chr1","31814913","31815132","40","42118151"
"chr4","73951563","73951858","chr20","17043783","17044080","34","56907780"
"chr4","73953294","73953591","chr1","39090586","39090889","40","34862708"
"chr4","73955064","73955349","chr5","78075101","78075385","23","4120037"
"chr4","73969631","73969933","chr5","78089975","78090286","27","4120344"
"chr4","73980294","73980598","chr5","78100177","78100486","28","4119883"
"chr4","73983533","73983735","chr19","50407655","50407865","40","23575878"
"chr4","73984964","73985247","chr5","78104703","78104998","30","4119739"
"chr4","73988360","73988625","chr5","2125571","2125839","31","71862789"
"chr4","73998264","73998561","chr1","140166438","140166735","39","66168174"
"chr4","74007145","74007437","chr5","78127836","78128129","25","4120691"
"chr4","74009257","74009517","chr2","109049106","109049351","68","35039849"
"chr4","74010884","74011142","chr7","55705195","55705456","39","18305689"
"chr4","74017773","74018076","chr1","125230682","125230973","63","51212909"
"chr4","74036370","74036669","chr5","78157076","78157381","28","4120706"
"chr4","74058601","74058901","chr5","78176888","78177183","20","4118287"
"chr4","74077100","74077405","chr5","78195312","78195617","20","4118212"
"chr4","74078573","74078876","chr5","78196721","78197025","41","4118148"
"chr4","74096973","74097256","chr6","38952025","38952306","52","35144948"
"chr4","74135071","74135351","chr3","155107850","155108128","31","80972779"
"chr4","74153118","74153287","chr10","28210222","28210392","27","45942896"
"chr4","74158007","74158314","chr5","78269279","78269588","26","4111272"
"chr4","74158436","74158736","chr18","6404199","6404501","44","67754237"
"chr4","74188207","74188495","chr5","78293747","78294034","21","4105540"
"chr4","74210404","74210697","chr5","78316376","78316681","34","4105972"
"chr4","74249975","74250274","chr5","78353813","78354103","29","4103838"
"chr4","74272351","74272651","chr5","78376367","78376651","35","4104016"
"chr4","74304677","74304979","chr1","39371430","39371728","36","34933247"
"chr4","74312307","74312607","chr5","78416370","78416672","27","4104063"
"chr4","74330257","74330550","chr5","78435539","78435830","33","4105282"
"chr4","74343489","74343781","chr5","78448752","78449045","28","4105263"
"chr4","74345811","74346100","chr5","78450767","78451057","22","4104956"
"chr4","74375787","74376011","chr19","9863628","9863855","36","64512159"
"chr4","74380503","74380815","chr5","78485583","78485894","22","4105080"
"chr4","74398549","74398828","chr5","78502859","78503139","18","4104310"
"chr4","74425768","74426084","chr5","78530892","78531202","28","4105124"
"chr4","74429711","74429980","chr4","17496445","17496716","34","56933266"
"chr4","74432221","74432527","chr5","78536924","78537217","33","4104703"
"chr4","74458501","74458799","chr5","78563164","78563460","33","4104663"
"chr4","74477095","74477383","chr17","29335507","29335791","39","45141588"
"chr4","74489813","74490124","chr5","78594228","78594539","13","4104415"
"chr4","74512951","74513070","chr6","49866464","49866586","21","24646487"
"chr4","74513071","74513116","chr17","89042034","89042085","13","14528963"
"chr4","74524578","74524870","chr5","78628539","78628835","30","4103961"
"chr4","74532983","74533281","chr5","78638142","78638444","26","4105159"
"chr4","74602237","74602531","chr5","78712344","78712639","19","4110107"
"chr4","74603156","74603470","chr5","97614678","97614986","44","23011522"
"chr4","74731354","74731532","chr5","78845089","78845272","19","4113735"
"chr4","74732155","74732453","chr6","35367989","35368287","33","39364166"
"chr4","74765754","74765940","chr16","2774615","2774794","24","71991139"
"chr4","74779225","74779520","chr5","78896685","78896980","23","4117460"
"chr4","74818868","74819161","chr11","111871416","111871712","38","37052548"
"chr4","74848282","74848586","chr5","78967975","78968269","38","4119693"
"chr4","74850372","74850665","chr5","78970056","78970344","24","4119684"
"chr4","74864908","74865208","chr5","78996855","78997159","32","4131947"
"chr4","74887174","74887478","chr5","79018730","79019028","30","4131556"
"chr4","74896900","74897217","chr5","79026210","79026522","38","4129310"
"chr4","74905063","74905364","chr4","85375768","85376066","37","10470705"
"chr4","74922911","74923200","chr5","79051711","79051998","20","4128800"
"chr4","74923712","74924012","chr15","27330681","27330978","45","47593031"
"chr4","74933648","74933961","chr10","72366392","72366697","41","2567256"
"chr4","74967290","74967592","chr5","79095218","79095516","28","4127928"
"chr4","74981354","74981655","chr5","79108446","79108744","35","4127092"
"chr4","75028497","75028782","chr5","79156591","79156872","34","4128094"
"chr4","75035783","75036069","chr5","79163710","79164007","38","4127927"
"chr4","75079049","75079329","chr5","79208254","79208547","37","4129205"
"chr4","75082322","75082638","chr2","159581108","159581414","50","84498786"
"chr4","75110088","75110383","chrX","40844255","40844553","33","34265833"
"chr4","75125105","75125170","chr3","53166997","53167063","8","21958108"
"chr4","75126821","75127118","chr5","79257161","79257467","32","4130340"
"chr4","75129561","75129861","chr3","166005666","166005965","37","90876105"
"chr4","75132462","75132769","chr5","79263152","79263460","25","4130690"
"chr4","75132775","75133052","chr16","60973811","60974086","38","14158964"
"chr4","75145329","75145637","chr5","79276261","79276560","36","4130932"
"chr4","75147229","75147529","chr5","79278163","79278462","29","4130934"
"chr4","75150261","75150517","chr9","88686945","88687193","44","13536684"
"chr4","75150538","75150704","chr1","7801784","7801953","27","67348754"
"chr4","75165182","75165446","chr18","47191826","47192094","37","27973356"
"chr4","75196103","75196404","chr3","166005666","166005965","33","90809563"
"chr4","75211694","75211976","chr5","79345549","79345831","28","4133855"
"chr4","75285258","75285560","chr10","44029738","44030042","42","31255520"
"chr4","75326098","75326350","chr8","122678591","122678836","42","47352493"
"chr4","75346662","75346958","chr8","98816255","98816550","34","23469593"
"chr4","75412250","75412543","chr5","79541056","79541357","30","4128806"
"chr4","75472985","75473177","chr14","48315903","48316088","29","27157082"
"chr4","75477273","75477584","chr14","15756054","15756351","34","59721219"
"chr4","75516595","75516878","chr5","79641228","79641513","24","4124633"
"chr4","75545297","75545585","chr7","43442904","43443190","45","32102393"
"chr4","75567315","75567500","chr1","22526172","22526359","32","53041143"
"chr4","75780299","75780582","chr5","79967782","79968065","29","4187483"
"chr4","75815137","75815406","chr5","80002391","80002681","41","4187254"
"chr4","75819839","75820012","chr14","52242086","52242264","30","23577753"
"chr4","75820440","75820673","chrX","27222185","27222425","42","48598255"
"chr4","75828350","75828568","chr1","97723066","97723283","23","21894716"
"chr4","75851895","75851906","chr16","16046401","16046412","0","59805494"
"chr4","75852432","75852720","chr11","132437462","132437750","43","56585030"
"chr4","75855345","75855657","chr5","80044860","80045187","45","4189515"
"chr4","75855688","75855703","chr3","42571363","42571377","2","33284325"
"chr4","75867797","75868099","chr3","154675847","154676147","33","78808050"
"chr4","75872331","75872628","chr5","80060579","80060848","41","4188248"
"chr4","75883278","75883580","chr5","80071447","80071748","21","4188169"
"chr4","75888569","75888858","chr5","80077079","80077368","21","4188510"
"chr4","75903736","75903877","chr1","161035354","161035507","28","85131618"
"chr4","75904069","75904197","chr5","77765163","77765288","22","1861094"
"chr4","75907652","75907960","chr1","189802587","189802887","42","113894935"
"chr4","75912103","75912401","chr5","80099031","80099331","20","4186928"
"chr4","75922067","75922358","chr5","80108919","80109215","29","4186852"
"chr4","75936290","75936591","chr5","80123475","80123767","28","4187185"
"chr4","75982458","75982768","chr5","153071454","153071761","30","77088996"
"chr4","76024784","76025053","chr5","80208455","80208718","29","4183671"
"chr4","76090294","76090459","chr5","80521478","80521650","21","4431184"
"chr4","76120170","76120486","chr5","80296834","80297142","36","4176664"
"chr4","76128094","76128397","chr7","113559810","113560113","36","37431716"
"chr4","76187250","76187548","chr5","80373044","80373342","34","4185794"
"chr4","76213878","76214199","chr5","80399937","80400260","32","4186059"
"chr4","76243680","76243732","chr17","89042034","89042085","15","12798354"
"chr4","76243757","76243855","chrX","1029058","1029160","16","75214699"
"chr4","76290602","76290913","chr1","155080830","155081136","52","78790228"
"chr4","76293472","76293558","chr10","47852509","47852598","12","28440963"
"chr4","76293980","76294033","chr7","155385603","155385655","9","79091623"
"chr4","76294034","76294199","chr5","153191791","153191956","28","76897757"
"chr4","76295058","76295335","chr5","80475959","80476235","32","4180901"
"chr4","76296595","76296763","chr5","80521478","80521650","27","4224883"
"chr4","76296796","76296917","chr1","7373118","7373239","19","68923678"
"chr4","76307518","76307795","chr5","80488893","80489186","37","4181375"
"chr4","76308742","76308943","chrX","101274778","101274978","27","24966036"
"chr4","76310064","76310205","chr2","87909135","87909279","31","11599071"
"chr4","76310314","76310467","chr1","212796029","212796185","27","136485715"
"chr4","76311657","76311973","chr5","80493438","80493748","27","4181781"
"chr4","76317673","76317738","chr1","22619342","22619410","10","53698331"
"chr4","76336209","76336379","chr3","39550832","39551002","31","36785377"
"chr4","76382399","76382704","chr6","136798827","136799128","32","60416428"
"chr4","76384644","76384938","chr5","80564246","80564534","28","4179602"
"chr4","76416436","76416733","chr5","80602114","80602407","23","4185678"
"chr4","76418935","76419224","chr4","131634481","131634768","44","55215546"
"chr4","76468050","76468217","chr19","3732508","3732670","29","72735542"
"chr4","76495025","76495319","chr5","80677928","80678222","20","4182903"
"chr4","76521673","76521960","chrX","31048911","31049202","33","45472762"
"chr4","76562568","76562863","chrX","52560249","52560544","37","24002319"
"chr4","76577413","76577680","chr5","80767955","80768224","21","4190542"
"chr4","76599369","76599679","chr5","80789680","80789986","28","4190311"
"chr4","76629682","76629984","chr5","80856049","80856352","31","4226367"
"chr4","76691532","76691805","chr5","80919663","80919962","55","4228131"
"chr4","76706208","76706496","chr5","80934650","80934931","34","4228442"
"chr4","76747114","76747407","chr14","19098861","19099159","45","57648253"
"chr4","76797591","76797887","chr6","44313901","44314193","45","32483690"
"chr4","76803884","76804192","chr7","113559810","113560113","42","36755926"
"chr4","76822537","76822784","chr10","59910337","59910584","39","16912200"
"chr4","76856554","76856868","chr5","81086280","81086587","36","4229726"
"chr4","76873087","76873413","chr5","81157824","81158123","44","4284737"
"chr4","76951975","76952283","chr5","81225633","81225957","39","4273658"
"chr4","76964050","76964284","chr1","50890362","50890591","35","26073688"
"chr4","76992394","76992695","chr6","178213682","178213979","39","101221288"
"chr4","77059608","77059912","chr5","81327405","81327701","42","4267797"
"chr4","77136733","77137030","chr5","81396328","81396639","34","4259595"
"chr4","77184276","77184581","chr12","43118302","43118613","38","34065974"
"chr4","77190973","77191270","chr5","81445380","81445677","29","4254407"
"chr4","77204127","77204433","chr4","107994212","107994518","34","30790085"
"chr4","77204944","77205237","chr5","81460062","81460368","37","4255118"
"chr4","77271444","77271573","chr2","69424190","69424316","12","7847254"
"chr4","77353459","77353757","chr5","81592119","81592420","20","4238660"
"chr4","77444416","77444721","chr5","81687558","81687863","25","4243142"
"chr4","77473846","77474130","chr5","81721049","81721331","31","4247203"
"chr4","77475228","77475536","chr5","81722410","81722713","31","4247182"
"chr4","77491540","77491835","chr8","41814834","41815130","35","35676706"
"chr4","77605809","77606123","chr1","22484670","22484981","38","55121139"
"chr4","77645570","77645871","chr5","81890058","81890356","29","4244488"
"chr4","77668190","77668486","chr7","43358173","43358469","34","34310017"
"chr4","77686332","77686635","chr5","81931289","81931595","36","4244957"
"chr4","77688900","77689032","chr1","35481346","35481479","14","42207554"
"chr4","77705154","77705294","chr1","126443613","126443745","27","48738459"
"chr4","77706303","77706461","chr16","46156453","46156613","27","31549850"
"chr4","77755178","77755288","chr10","61268147","61268256","14","16487031"
"chr4","77767666","77767945","chr11","67517216","67517495","36","10250450"
"chr4","77768165","77768437","chr5","82020806","82021097","46","4252641"
"chr4","77806811","77806988","chr13","74786320","74786496","32","3020491"
"chr4","77814492","77814627","chr1","26001514","26001648","16","51812978"
"chr4","77817606","77817892","chr11","33392847","33393132","40","44424759"
"chr4","77821066","77821371","chr5","82069020","82069320","28","4247954"
"chr4","77828361","77828654","chr5","82076383","82076675","21","4248022"
"chr4","77843818","77844120","chr14","104962839","104963138","38","27119021"
"chr4","77872375","77872538","chr20","52629274","52629437","26","25243101"
"chr4","77883094","77883289","chr1","20781213","20781409","19","57101881"
"chr4","77883652","77883772","chr19","17898812","17898931","24","59984840"
"chr4","77887057","77887339","chrX","112616416","112616715","46","34729359"
"chr4","77896133","77896431","chr5","82143819","82144135","37","4247686"
"chr4","77901149","77901441","chr5","51540643","51540938","40","26360506"
"chr4","78149887","78150198","chr5","82412369","82412672","31","4262482"
"chr4","78301822","78301982","chr15","46589066","46589234","27","31712756"
"chr4","78442855","78443157","chr5","82689410","82689716","26","4246555"
"chr4","78549403","78549717","chr1","91289965","91290268","39","12740562"
"chr4","78584060","78584223","chr5","82815002","82815161","21","4230942"
"chr4","78584401","78584521","chr5","82815297","82815418","7","4230896"
"chr4","78589906","78590219","chr11","121015123","121015436","36","42425217"
"chr4","78629016","78629323","chr5","82869631","82869934","26","4240615"
"chr4","78629428","78629692","chr5","82870016","82870299","42","4240588"
"chr4","78638536","78638830","chr5","82879410","82879697","30","4240874"
"chr4","78679031","78679315","chr15","79894939","79895223","30","1215908"
"chr4","83830575","83830864","chr5","49097179","49097464","28","34733396"
"chr4","83911123","83911413","chr5","49002396","49002685","19","34908727"
"chr4","83954223","83954525","chr5","48958188","48958480","30","34996035"
"chr4","83969902","83970162","chr5","48949788","48950043","29","35020114"
"chr4","84028131","84028426","chr5","48895399","48895696","25","35132732"
"chr4","84048576","84048887","chr5","48875550","48875852","36","35173026"
"chr4","84066489","84066780","chr5","48856336","48856614","39","35210153"
"chr4","84100074","84100380","chr5","48822474","48822783","28","35277600"
"chr4","84128563","84128843","chr5","48796393","48796678","30","35332170"
"chr4","84142866","84143163","chr5","48782425","48782725","29","35360441"
"chr4","84174228","84174324","chr6","155856466","155856574","21","71682238"
"chr4","84176332","84176620","chr4","73882488","73882783","40","10293844"
"chr4","84177329","84177461","chrX","147913924","147914058","19","63736595"
"chr4","84179510","84179802","chr5","48743717","48743996","30","35435793"
"chr4","84184219","84184480","chr8","20215879","20216143","54","63968340"
"chr4","84187362","84187651","chr5","48735822","48736123","37","35451540"
"chr4","84189272","84189567","chr1","30660559","30660850","42","53528713"
"chr4","84210352","84210518","chr19","3064186","3064354","24","81146166"
"chr4","84213974","84214268","chr5","48704172","48704467","20","35509802"
"chr4","84266436","84266732","chr4","44008369","44008668","39","40258067"
"chr4","84304623","84304928","chr14","3802336","3802636","47","80502287"
"chr4","84324980","84325289","chrX","23558557","23558868","30","60766423"
"chr4","84346914","84347210","chr5","48563922","48564218","15","35782992"
"chr4","84379540","84379841","chr5","48525317","48525619","27","35854223"
"chr4","84401286","84401438","chr7","120346484","120346633","26","35945198"
"chr4","84413995","84414308","chr5","48490624","48490923","61","35923371"
"chr4","84422775","84422940","chr11","121440472","121440639","27","37017697"
"chr4","84423275","84423551","chr5","48475152","48475434","19","35948123"
"chr4","84453655","84453897","chr12","83454543","83454783","40","999112"
"chr4","84460649","84460808","chr5","153191791","153191956","31","68731142"
"chr4","84460812","84461115","chr5","48440395","48440703","42","36020417"
"chr4","84533173","84533467","chr19","33103637","33103932","36","51429536"
"chr4","84535612","84535904","chr19","44781977","44782268","35","39753635"
"chr4","84591167","84591195","chr10","12568351","12568378","4","72022816"
"chr4","84605845","84606142","chr5","48299823","48300112","31","36306022"
"chr4","84622139","84622390","chr14","70370527","70370777","30","14251612"
"chr4","84624225","84624525","chr5","48284628","48284920","43","36339597"
"chr4","84634100","84634405","chr5","48274550","48274855","32","36359550"
"chr4","84706576","84706873","chr19","15956565","15956858","42","68750011"
"chr4","84797583","84797879","chr2","94966048","94966344","43","10168465"
"chr4","84814048","84814332","chr1","5050480","5050765","36","79763568"
"chr4","84819690","84819979","chr1","130156120","130156405","40","45336430"
"chr4","84847594","84847899","chr7","32030880","32031184","40","52816714"
"chr4","84851939","84852233","chr16","4755567","4755860","30","80096372"
"chr4","84881951","84882235","chr5","48008753","48009036","23","36873198"
"chr4","84884823","84885118","chr13","26596435","26596729","39","58288388"
"chr4","84911989","84912297","chr7","26853365","26853670","36","58058624"
"chr4","84924473","84924785","chr5","47972163","47972471","26","36952310"
"chr4","84934010","84934314","chr13","37481467","37481775","51","47452543"
"chr4","85048546","85048847","chr5","47844597","47844900","24","37203949"
"chr4","85101444","85101746","chr4","114631145","114631451","36","29529701"
"chr4","85134689","85134984","chr5","47738892","47739167","38","37395797"
"chr4","85183594","85183906","chr5","47693537","47693851","28","37490057"
"chr4","85207189","85207330","chr5","47669988","47670124","22","37537201"
"chr4","85207338","85207386","chr5","47669928","47669976","4","37537410"
"chr4","85235260","85235431","chr13","86720487","86720658","32","1485227"
"chr4","85278273","85278526","chr5","47595434","47595702","42","37682839"
"chr4","85324679","85324978","chr5","47553976","47554268","23","37770703"
"chr4","85361816","85362115","chr5","47514376","47514658","34","37847440"
"chr4","85378915","85379244","chr5","47490591","47490919","29","37888324"
"chr4","85497705","85498002","chr5","47368861","47369165","31","38128844"
"chr4","85506380","85506548","chr1","92775022","92775189","19","7268642"
"chr4","85507543","85507680","chr8","41505677","41505810","21","44001866"
"chr4","85529548","85529854","chr5","47337737","47338032","33","38191811"
"chr4","85548053","85548356","chr5","47328368","47328678","32","38219685"
"chr4","85570027","85570303","chr1","102737486","102737772","34","17167459"
"chr4","85655636","85655931","chr5","47211001","47211297","36","38444635"
"chr4","85676104","85676407","chr2","56084627","56084931","48","29591477"
"chr4","85715883","85716144","chr5","47155023","47155302","43","38560860"
"chr4","85731762","85732057","chr5","47138179","47138477","35","38593583"
"chr4","85757239","85757532","chr5","47105063","47105336","38","38652176"
"chr4","85774926","85775223","chr5","47087133","47087429","28","38687793"
"chr4","85824387","85824704","chr5","47032026","47032337","35","38792361"
"chr4","85946369","85946587","chr11","118500754","118500968","40","32554385"
"chr4","85973668","85973954","chr20","19144759","19145045","42","66828909"
"chr4","86033337","86033583","chr5","46820269","46820515","25","39213068"
"chr4","86138943","86139234","chr5","46719409","46719694","32","39419534"
"chr4","86154643","86154877","chr5","46699799","46700040","24","39454844"
"chr4","86181176","86181449","chr8","142242840","142243113","28","56061664"
"chr4","86240587","86240883","chr5","46610472","46610759","36","39630115"
"chr4","86263511","86263812","chrX","113181367","113181660","40","26917856"
"chr4","86308687","86308993","chr13","20564395","20564704","47","65744292"
"chr4","86437586","86437885","chr7","139117398","139117700","46","52679812"
"chr4","86441894","86442186","chr5","46383815","46384102","26","40058079"
"chr4","86618521","86618823","chr3","127173721","127174019","42","40555200"
"chr4","86871570","86871815","chr5","45936270","45936519","34","40935300"
"chr4","86961852","86962160","chrX","118044593","118044903","46","31082741"
"chr4","87022502","87022826","chr5","187506911","187507234","54","100484409"
"chr4","87104060","87104359","chr9","38901975","38902276","43","48202085"
"chr4","87203236","87203533","chr1","19714552","19714849","35","67488684"
"chr4","87222713","87222923","chr17","19340513","19340722","40","67882200"
"chr4","87242123","87242406","chrX","46952586","46952871","48","40289537"
"chr4","87358095","87358398","chrX","52560249","52560544","54","34797846"
"chr4","87359935","87360097","chr8","65362733","65362894","26","21997202"
"chr4","87367344","87367639","chr4","42823211","42823505","36","44544133"
"chr4","87407694","87407970","chr1","45132288","45132574","49","42275406"
"chr4","87474713","87475004","chr5","45347414","45347702","33","42127299"
"chr4","87671132","87671269","chr3","175721959","175722096","24","88050827"
"chr4","87732691","87732997","chr5","45060447","45060748","30","42672244"
"chr4","87831315","87831596","chr16","58964634","58964913","34","28866681"
"chr4","87882018","87882300","chr5","44903512","44903770","39","42978506"
"chr4","87882336","87882346","chrX","144397042","144397052","0","56514706"
"chr4","87883658","87883944","chr15","39460070","39460366","41","48423588"
"chr4","87887873","87888130","chr7","544667","544919","38","87343206"
"chr4","87902323","87902624","chr5","44885503","44885809","35","43016820"
"chr4","88053653","88053942","chrX","40924183","40924474","38","47129470"
"chr4","88105301","88105586","chr16","5048763","5049058","41","83056538"
"chr4","88142935","88143196","chr13","49397973","49398236","37","38744962"
"chr4","88449004","88449286","chr1","161646227","161646515","48","73197223"
"chr4","88639046","88639355","chr5","83897051","83897362","30","4741995"
"chr4","88657203","88657513","chr9","35946716","35947023","42","52710487"
"chr4","88665423","88665715","chr7","10974680","10974971","41","77690743"
"chr4","88791168","88791466","chr5","84047894","84048199","37","4743274"
"chr4","88844622","88844783","chr7","120346484","120346633","32","31501862"
"chr4","88852575","88852885","chr2","101802865","101803178","38","12950290"
"chr4","88867215","88867527","chr5","84125202","84125511","25","4742013"
"chr4","88897826","88897962","chr7","95853423","95853561","14","6955597"
"chr4","88898882","88899173","chr5","84157103","84157396","32","4741779"
"chr4","88914710","88915012","chr3","123607450","123607753","48","34692740"
"chr4","88918095","88918373","chr5","84175758","84176035","27","4742337"
"chr4","88989968","88990186","chr19","10979398","10979617","43","78010570"
"chr4","88995636","88995769","chr10","29597170","29597304","15","59398466"
"chr4","89314222","89314502","chr5","84617411","84617685","26","4696811"
"chr4","89355579","89355866","chr5","84657601","84657904","41","4697978"
"chr4","89397460","89397578","chr14","40753170","40753300","32","48644290"
"chr4","89424717","89425016","chr5","84731737","84732034","35","4692980"
"chr4","89426541","89426845","chr5","84733595","84733901","22","4692946"
"chr4","89435761","89436046","chr2","50614920","50615200","47","38820841"
"chr4","89458161","89458447","chr9","115113357","115113647","37","25655196"
"chr4","89464726","89465039","chr8","42625685","42625989","52","46839041"
"chr4","89490413","89490710","chrX","65964852","65965148","33","23525561"
"chr4","89567061","89567357","chr5","84882543","84882837","22","4684518"
"chr4","89591588","89591877","chrX","117428205","117428490","37","27836617"
"chr4","89595768","89596051","chr9","42230345","42230629","40","47365423"
"chr4","89618621","89618872","chr17","35044331","35044582","33","54574290"
"chr4","89674611","89674924","chr11","124222721","124223033","38","34548110"
"chr4","89682463","89682753","chr3","79182287","79182581","61","10500176"
"chr4","89800467","89800757","chr4","146284657","146284948","36","56484190"
"chr4","89804018","89804317","chr5","151216992","151217291","39","61412974"
"chr4","89832000","89832310","chr7","113559810","113560113","53","23727810"
"chr4","89832718","89832911","chr12","115674238","115674427","26","25841520"
"chr4","89854927","89855225","chr14","19098861","19099159","28","70756066"
"chr4","89858742","89859022","chr6","124442115","124442395","50","34583373"
"chr4","89861559","89861861","chr12","38131097","38131397","36","51730462"
"chr4","89864627","89864917","chr5","85182161","85182439","34","4682466"
"chr4","89871001","89871306","chr5","85188582","85188878","38","4682419"
"chr4","89906452","89906763","chr6","178331952","178332257","37","88425500"
"chr4","89914081","89914222","chr3","170103720","170103857","25","80189639"
"chr4","89971595","89971906","chr10","17313369","17313676","45","72658226"
"chr4","89973848","89974134","chr5","85284287","85284583","33","4689561"
"chr4","89983099","89983329","chr7","35278323","35278561","45","54704776"
"chr4","89990760","89991058","chr1","221815599","221815897","32","131824839"
"chr4","89991661","89991967","chr10","17004409","17004718","41","72987252"
"chr4","90007382","90007685","chr8","98890323","98890618","41","8882941"
"chr4","90012326","90012619","chr5","85325162","85325457","25","4687164"
"chr4","90017002","90017300","chr17","28489879","28490184","41","61527123"
"chr4","90043526","90043587","chr11","7068146","7068203","13","82975380"
"chr4","90059050","90059218","chr4","4726770","4726935","28","85332280"
"chr4","90071143","90071447","chr19","4764672","4764983","47","85306471"
"chr4","90119335","90119488","chr15","7995836","7995999","32","82123499"
"chr4","90130247","90130545","chr10","61542529","61542829","45","28587718"
"chr4","90220783","90221069","chr1","43370416","43370709","52","46850367"
"chr4","90231870","90231996","chr9","21529707","21529833","10","68702163"
"chr4","90266137","90266428","chr9","59685986","59686279","36","30580151"
"chr4","90267410","90267558","chr11","67342046","67342194","26","22925364"
"chr4","90281187","90281334","chr17","1826963","1827111","22","88454224"
"chr4","90282240","90282587","chr11","108599039","108599366","69","18316799"
"chr4","90295295","90295584","chr5","85616770","85617054","24","4678525"
"chr4","90317132","90317437","chr6","105234648","105234956","34","14917516"
"chr4","90331136","90331428","chr5","51540643","51540938","32","38790493"
"chr4","90371703","90371998","chr16","7622780","7623076","26","82748923"
"chr4","90400766","90401071","chr1","157099677","157099959","81","66698911"
"chr4","90401797","90401925","chr16","4850336","4850468","19","85551461"
"chr4","90423403","90423573","chr2","51361305","51361475","27","39062098"
"chr4","90434841","90435136","chr1","124876547","124876839","37","34441706"
"chr4","90436072","90436354","chr5","85773409","85773689","17","4662663"
"chr4","90438519","90438818","chr16","76181039","76181341","37","14257480"
"chr4","90454457","90454694","chrX","29984138","29984374","36","60470319"
"chr4","90475281","90475557","chrX","19389818","19390093","30","71085463"
"chr4","90478087","90478403","chr5","85816083","85816380","35","4662004"
"chr4","90479658","90479932","chr3","157411591","157411849","44","66931933"
"chr4","90500851","90501150","chr5","85838413","85838712","25","4662438"
"chr4","90533980","90534295","chr5","85878983","85879280","35","4654997"
"chr4","90544993","90545300","chr18","8551590","8551895","36","81993403"
"chr4","90555836","90556100","chr19","46956559","46956830","43","43599277"
"chr4","90573112","90573420","chr19","24285292","24285600","37","66287820"
"chr4","90643304","90643605","chr9","28327279","28327581","35","62316025"
"chr4","90650131","90650264","chr3","2774534","2774668","18","87875597"
"chr4","90706221","90706550","chr12","121866524","121866853","48","31160303"
"chr4","90868519","90868816","chr5","86208584","86208869","24","4659935"
"chr4","90999154","90999319","chr11","104996597","104996755","33","13997443"
"chr4","91008626","91008936","chr5","86353019","86353325","32","4655607"
"chr4","91065508","91065794","chr5","86412369","86412670","36","4653139"
"chr4","91084329","91084619","chrX","52560249","52560544","33","38524080"
"chr4","91098701","91099015","chrX","100926712","100927019","43","9828011"
"chr4","91119253","91119576","chr5","86465639","86465937","48","4653614"
"chr4","91151099","91151326","chr16","9675962","9676190","35","81475137"
"chr4","91166543","91166834","chr5","86505379","86505677","37","4661164"
"chr4","91171970","91172221","chr2","83722504","83722747","46","7449466"
"chr4","91177673","91177971","chrX","41694245","41694543","35","49483428"
"chr4","91180123","91180417","chr5","86525594","86525897","27","4654529"
"chr4","91187384","91187665","chr5","86534570","86534856","45","4652814"
"chr4","91212638","91212848","chr11","13446250","13446470","48","77766388"
"chr4","91221289","91221441","chr15","89149263","89149414","21","2072026"
"chr4","91256005","91256316","chr1","166387645","166387949","39","75131640"
"chr4","91303601","91303777","chr1","115668974","115669151","26","24365373"
"chr4","91332357","91332539","chr5","86673762","86673944","19","4658595"
"chr4","91332703","91332830","chr5","86674104","86674225","16","4658599"
"chr4","91387332","91387638","chr6","105234648","105234956","35","13847316"
"chr4","91398576","91398875","chr5","86789729","86790031","26","4608847"
"chr4","91403717","91404025","chr19","14629478","14629787","40","76774239"
"chr4","91411290","91411468","chr19","8582317","8582502","37","82828973"
"chr4","91439931","91440210","chr11","67517216","67517495","36","23922715"
"chr4","91461924","91462223","chr5","86855998","86856306","34","4605926"
"chr4","91477872","91478057","chr5","86871981","86872161","28","4605891"
"chr4","91478366","91478505","chr5","86872464","86872603","9","4605902"
"chr4","91484260","91484572","chr5","86878558","86878858","34","4605702"
"chr4","91489151","91489443","chr5","86884434","86884726","19","4604717"
"chr4","91489598","91489651","chrX","69104184","69104237","10","22385414"
"chr4","91489675","91489706","chr5","158861039","158861071","5","67371364"
"chr4","91504307","91504614","chr5","86900062","86900373","25","4604245"
"chr4","91542310","91542606","chr5","86938328","86938623","38","4603982"
"chr4","91543154","91543461","chr5","86939172","86939486","23","4603982"
"chr4","91562008","91562135","chr5","86957912","86958032","22","4604096"
"chr4","91564659","91564834","chr5","86958488","86958671","25","4606171"
"chr4","91576412","91576708","chr9","20880110","20880404","32","70696302"
"chr4","91648704","91648992","chr5","87042041","87042340","39","4606663"
"chr4","91663560","91663766","chr17","94621224","94621425","28","2957664"
"chr4","91701467","91701762","chr5","87095182","87095476","34","4606285"
"chr4","91741800","91742102","chr2","33475042","33475345","39","58266758"
"chr4","91872853","91873113","chr5","87268156","87268424","26","4604697"
"chr4","91897834","91898140","chr5","87286785","87287086","35","4611049"
"chr4","91917402","91917684","chr1","37954757","37955032","35","53962645"
"chr4","91953134","91953439","chr3","127144333","127144639","37","35191199"
"chr4","91959365","91959658","chr5","87339179","87339475","19","4620186"
"chr4","91965485","91965789","chr5","87345270","87345570","26","4620215"
"chr4","91967910","91968204","chr5","87347698","87347991","38","4620212"
"chr4","91983422","91983701","chr7","80219634","80219914","40","11763788"
"chr4","92112815","92113107","chr2","142851869","142852151","49","50739054"
"chr4","92141918","92142207","chr5","87521878","87522175","33","4620040"
"chr4","92166509","92166706","chr2","204638025","204638229","39","112471516"
"chr4","92183809","92184103","chr7","84112350","84112645","42","8071459"
"chr4","92232438","92232738","chr1","97853233","97853535","34","5620795"
"chr4","92249010","92249304","chr18","20505848","20506142","31","71743162"
"chr4","92269266","92269476","chr19","29270644","29270853","31","62998622"
"chr4","92441446","92441740","chr5","51540643","51540938","34","40900803"
"chr4","92513700","92514006","chr5","87887189","87887494","36","4626511"
"chr4","92544549","92544860","chr5","87916956","87917261","28","4627593"
"chr4","92684138","92684399","chr12","631445","631698","56","92052693"
"chr4","92779338","92779546","chrX","25813318","25813533","43","66966020"
"chr4","92966679","92966958","chr20","34758725","34759006","42","58207954"
"chr4","92967543","92967849","chr5","88348321","88348613","31","4619222"
"chr4","93032944","93033240","chr12","20203356","20203653","34","72829588"
"chr4","93058336","93058646","chr5","88442134","88442456","42","4616202"
"chr4","93127657","93127955","chr1","217091228","217091528","40","123963571"
"chr4","93291701","93291974","chr5","88666117","88666385","25","4625584"
"chr4","93334158","93334461","chrX","8435507","8435812","44","84898651"
"chr4","93409440","93409551","chr1","128607504","128607619","16","35198064"
"chr4","93443010","93443108","chr16","40648822","40648917","18","52794188"
"chr4","93443261","93443483","chr5","88806201","88806422","15","4637060"
"chr4","93607763","93608064","chr5","88979639","88979939","31","4628124"
"chr4","93796069","93796281","chr4","167862628","167862830","42","74066559"
"chr4","93957311","93957602","chr5","89325847","89326144","35","4631464"
"chr4","94056820","94057119","chr9","109419354","109419658","44","15362534"
"chr4","94088009","94088295","chr5","89515657","89515953","35","4572352"
"chr4","94120539","94120751","chr1","20743725","20743945","36","73376814"
"chr4","94212299","94212577","chr5","89624177","89624468","35","4588122"
"chr4","94389304","94389564","chr5","89813654","89813915","36","4575650"
"chr4","94506153","94506445","chr7","17626467","17626767","54","76879686"
"chr4","94570543","94570857","chr5","89963063","89963375","32","4607480"
"chr4","94655601","94655906","chr9","92122988","92123291","40","2532613"
"chr4","94854687","94854975","chr5","90306575","90306871","28","4548112"
"chr4","94891694","94891994","chr15","39460070","39460366","49","55431624"
"chr4","95001493","95001628","chr2","95024323","95024454","15","22830"
"chr4","95210880","95211144","chr12","93181138","93181398","45","2029742"
"chr4","95212115","95212408","chr16","53343046","53343333","34","41869069"
"chr4","95247519","95247828","chr5","90709383","90709693","28","4538136"
"chr4","95326859","95327152","chr5","90792323","90792634","37","4534536"
"chr4","95486945","95487249","chr5","90954600","90954911","35","4532345"
"chr4","95519689","95519980","chr5","4890809","4891098","45","90628880"
"chr4","95523830","95524124","chr15","6325491","6325785","38","89198339"
"chr4","95533837","95534148","chr16","13365381","13365685","41","82168456"
"chr4","95622767","95622996","chr7","163565510","163565735","39","67942743"
"chr4","95785525","95785797","chr5","91253985","91254260","31","4531540"
"chr4","95830521","95830665","chr6","56602654","56602794","48","39227867"
"chr4","95868446","95868654","chr5","91338665","91338874","25","4529781"
"chr4","95868983","95869100","chr5","91339196","91339311","18","4529787"
"chr4","95917101","95917414","chr3","3601309","3601618","47","92315792"
"chr4","96025110","96025387","chr5","91492632","91492913","34","4532478"
"chr4","96096029","96096305","chr6","67832238","67832521","43","28263791"
"chr4","96142217","96142505","chr5","91627318","91627602","33","4514899"
"chr4","96267408","96267708","chr7","32808560","32808857","37","63458848"
"chr4","96300701","96300812","chr6","136905744","136905862","16","40605043"
"chr4","96331814","96332097","chr18","60459178","60459462","36","35872636"
"chr4","96351231","96351541","chr6","152518685","152518993","40","56167454"
"chr4","96424581","96424885","chr5","91933944","91934255","36","4490637"
"chr4","96427714","96428021","chr5","187728198","187728502","29","91300484"
"chr4","96595520","96595828","chr5","92103821","92104125","36","4491699"
"chr4","96760034","96760230","chr4","29622979","29623171","31","67137055"
"chr4","96764331","96764444","chr3","83388363","83388479","16","13375968"
"chr4","96776820","96777115","chr5","92281352","92281646","20","4495468"
"chr4","96937934","96938240","chr5","92444350","92444652","28","4493584"
"chr4","97029236","97029369","chr10","66401425","66401556","13","30627811"
"chr4","97029658","97029857","chr8","96373760","96373937","50","655898"
"chr4","97057497","97057795","chr7","35763134","35763429","33","61294363"
"chr4","97102740","97103044","chr3","14133270","14133569","47","82969470"
"chr4","97107782","97108106","chr5","92620419","92620733","52","4487363"
"chr4","97146226","97146523","chr5","92640792","92641094","25","4505434"
"chr4","97167483","97167681","chr19","867991","868186","26","96299492"
"chr4","97169332","97169653","chr5","92664754","92665052","43","4504578"
"chr4","97207294","97207593","chr16","57876407","57876699","31","39330887"
"chr4","97218291","97218442","chr3","40638454","40638604","29","56579837"
"chr4","97218454","97218756","chr5","92712586","92712886","38","4505868"
"chr4","97230923","97231215","chr5","92725298","92725602","40","4505625"
"chr4","97243432","97243706","chr5","92738161","92738443","40","4505271"
"chr4","97245650","97245923","chr5","92739950","92740234","33","4505700"
"chr4","97276858","97277126","chr8","11096997","11097274","57","86179861"
"chr4","97368802","97369106","chr1","43419061","43419362","36","53949741"
"chr4","97369824","97370133","chr5","92854034","92854348","22","4515790"
"chr4","97427119","97427251","chr10","38983120","38983255","18","58443999"
"chr4","97427880","97428057","chr3","36859317","36859495","29","60568563"
"chr4","97475900","97476213","chr1","222607830","222608142","34","125131930"
"chr4","97484858","97485149","chr5","92969931","92970223","32","4514927"
"chr4","97485353","97485656","chr5","92970461","92970758","25","4514892"
"chr4","97509035","97509344","chr5","92994138","92994449","17","4514897"
"chr4","97559524","97559837","chr1","166387645","166387949","44","68828121"
"chr4","97576191","97576465","chr14","4106455","4106727","33","93469736"
"chr4","97589285","97589577","chr14","15756054","15756351","36","81833231"
"chr4","97603554","97603846","chr5","93083684","93083973","25","4519870"
"chr4","97608433","97608739","chr10","69894297","69894599","43","27714136"
"chr4","97698432","97698724","chr5","93179263","93179563","24","4519169"
"chr4","97754258","97754557","chr8","50115092","50115395","49","47639166"
"chr4","97779901","97780193","chr12","9383945","9384227","47","88395956"
"chr4","97793062","97793351","chr5","93270156","93270450","32","4522906"
"chr4","97819582","97819887","chr15","10099117","10099418","37","87720465"
"chr4","97899234","97899375","chr16","7994900","7995042","18","89904334"
"chr4","97918331","97918619","chr1","64584409","64584705","37","33333922"
"chr4","97992193","97992491","chr5","93470666","93470966","35","4521527"
"chr4","98017308","98017455","chr10","7311146","7311296","26","90706162"
"chr4","98029917","98030212","chr5","93508443","93508732","31","4521474"
"chr4","98047952","98048263","chr5","93527692","93528003","35","4520260"
"chr4","98123388","98123620","chr7","161419954","161420190","34","63296566"
"chr4","98157303","98157588","chr5","7105359","7105637","36","91051944"
"chr4","98215764","98216058","chr1","41691570","41691860","33","56524194"
"chr4","98233229","98233521","chr5","93705267","93705561","32","4527962"
"chr4","98259209","98259509","chr5","93731632","93731933","19","4527577"
"chr4","98315277","98315560","chrX","49166555","49166839","36","49148722"
"chr4","98357191","98357495","chr11","116921555","116921861","40","18564364"
"chr4","98398423","98398734","chr5","93873954","93874241","49","4524469"
"chr4","98575146","98575399","chr4","168562449","168562704","33","69987303"
"chr4","98643669","98643962","chr5","94164535","94164838","34","4479134"
"chr4","98685661","98685973","chr5","94206502","94206803","38","4479159"
"chr4","98767907","98768187","chr5","94280034","94280315","31","4487873"
"chr4","98995614","98995886","chr5","94490161","94490428","26","4505453"
"chr4","99194876","99195152","chr14","104836528","104836809","43","5641652"
"chr4","99322071","99322389","chr15","42266168","42266476","53","57055903"
"chr4","99362088","99362276","chr8","22222411","22222599","27","77139677"
"chr4","99512058","99512349","chr10","4246762","4247058","40","95265296"
"chr4","99518743","99519051","chr5","95047029","95047327","35","4471714"
"chr4","99524168","99524476","chr5","95052465","95052758","43","4471703"
"chr4","99663477","99663783","chrX","41160510","41160820","40","58502967"
"chr4","99706228","99706505","chr5","95230451","95230721","24","4475777"
"chr4","99706943","99707231","chr5","95231152","95231432","49","4475791"
"chr4","99714618","99714916","chr7","18502191","18502489","37","81212427"
"chr4","99835658","99835948","chr13","75157859","75158148","32","24677799"
"chr4","99848252","99848548","chr3","1310141","1310437","48","98538111"
"chr4","99909105","99909362","chr1","9399270","9399526","45","90509835"
"chr4","99923043","99923332","chr9","59685986","59686279","47","40237057"
"chr4","100040780","100041083","chr9","15725614","15725922","43","84315166"
"chr4","100174329","100174493","chr14","84880122","84880288","32","15294207"
"chr4","100247765","100248065","chr13","42160980","42161277","63","58086785"
"chr4","100475251","100475541","chr5","2338451","2338742","32","98136800"
"chr4","100527093","100527314","chr5","96109037","96109257","13","4418056"
"chr4","100579031","100579331","chr5","37686339","37686623","53","62892692"
"chr4","100749105","100749425","chr12","106930268","106930572","47","6181163"
"chr4","100765608","100765903","chr5","96347798","96348097","40","4417810"
"chr4","100833952","100834170","chr19","10979398","10979617","38","89854554"
"chr4","100841031","100841312","chr5","96419493","96419780","38","4421538"
"chr4","100879213","100879399","chr4","29431483","29431674","31","71447730"
"chr4","101136504","101136805","chr18","57322293","57322593","37","43814211"
"chr4","101236483","101236762","chr16","58964634","58964913","36","42271849"
"chr4","101238184","101238478","chr5","96792055","96792357","34","4446129"
"chr4","101256256","101256543","chr5","96818105","96818404","35","4438151"
"chr4","101263525","101263810","chr3","92245682","92245969","37","9017843"
"chr4","101283254","101283410","chr16","57296193","57296358","38","43987061"
"chr4","101292592","101292880","chr9","115113357","115113647","41","13820765"
"chr4","101296256","101296522","chr1","139650554","139650817","35","38354298"
"chr4","101439455","101439753","chr5","96992918","96993220","36","4446537"
"chr4","101501540","101501835","chrX","23351237","23351529","38","78150303"
"chr4","101606583","101606880","chr5","97165856","97166150","23","4440727"
"chr4","101726520","101726744","chr5","97287323","97287547","7","4439197"
"chr4","101801363","101801659","chr10","54783403","54783695","44","47017960"
"chr4","101872478","101872771","chr5","97426902","97427196","14","4445576"
"chr4","101899428","101899566","chr7","16748615","16748755","15","85150813"
"chr4","101936671","101936980","chr5","97529760","97530060","39","4406911"
"chr4","101937836","101938135","chr5","97530747","97531043","33","4407089"
"chr4","101954029","101954328","chr5","97547106","97547408","34","4406923"
"chr4","101958897","101959187","chr16","5048763","5049058","40","96910134"
"chr4","101966082","101966380","chr7","126307088","126307383","35","24341006"
"chr4","101974267","101974562","chr14","110141372","110141669","27","8167105"
"chr4","101995029","101995322","chr7","43807156","43807450","30","58187873"
"chr4","102005164","102005445","chr5","97597909","97598185","28","4407255"
"chr4","102023509","102023817","chr3","72883364","72883671","33","29140145"
"chr4","102025666","102025829","chr7","158949656","158949828","34","56923990"
"chr4","102026225","102026518","chr1","207307292","207307585","41","105281067"
"chr4","102027960","102028266","chr8","6545261","6545567","30","95482699"
"chr4","102043663","102043971","chr6","11866650","11866952","30","90177013"
"chr4","102044545","102044817","chr5","97631289","97631553","35","4413256"
"chr4","102050279","102050578","chr5","97636986","97637285","30","4413293"
"chr4","102102998","102103128","chr5","57657275","57657408","13","44445723"
"chr4","102119988","102120283","chr5","97709177","97709474","36","4410811"
"chr4","102132210","102132524","chr1","43419061","43419362","58","58713149"
"chr4","102202867","102203156","chr17","24632429","24632723","44","77570438"
"chr4","102203210","102203502","chr9","96836308","96836599","32","5366902"
"chr4","102216706","102216991","chr11","46687943","46688226","32","55528763"
"chr4","102284246","102284540","chr5","97863759","97864066","34","4420487"
"chr4","102355554","102355847","chr2","92038066","92038362","39","10317488"
"chr4","102395086","102395291","chr4","56235115","56235309","34","46159971"
"chr4","102432887","102433190","chr5","98092892","98093194","30","4339995"
"chr4","102590825","102591120","chr5","98260415","98260708","17","4330410"
"chr4","102664702","102665000","chr8","24573282","24573587","32","78091420"
"chr4","102674273","102674557","chr5","98350916","98351193","27","4323357"
"chr4","102740359","102740671","chrX","23558557","23558868","41","79181802"
"chr4","102803283","102803574","chr5","98477417","98477713","31","4325866"
"chr4","102914485","102914779","chr5","98587537","98587828","34","4326948"
"chr4","102961675","102961979","chr5","98637752","98638060","30","4323923"
"chr4","102972865","102973155","chr5","98649135","98649430","30","4323730"
"chr4","103022306","103022592","chr5","98699762","98700048","19","4322544"
"chr4","103038837","103038973","chrX","35621260","35621394","18","67417577"
"chr4","103040872","103041035","chr6","139207284","139207450","30","36166412"
"chr4","103042387","103042682","chr5","98717996","98718306","44","4324391"
"chr4","103071389","103071548","chr11","121604507","121604667","53","18533118"
"chr4","103106121","103106272","chr6","58863249","58863409","33","44242872"
"chr4","103131367","103131662","chr13","107461505","107461799","42","4330138"
"chr4","103139216","103139436","chr3","40213090","40213310","30","62926126"
"chr4","103144938","103145238","chr3","3709821","3710122","39","99435117"
"chr4","103221137","103221420","chr5","98896550","98896830","20","4324587"
"chr4","103426751","103426922","chr2","69424628","69424798","31","34002123"
"chr4","103443602","103443905","chr5","99152581","99152870","44","4291021"
"chr4","103470214","103470507","chr5","99180597","99180894","31","4289617"
"chr4","103475974","103476210","chr19","376120","376356","41","103099854"
"chr4","103494228","103494514","chr5","99205286","99205566","39","4288942"
"chr4","103512916","103513190","chr10","86687740","86688014","37","16825176"
"chr4","103699794","103700092","chr13","32712230","32712525","36","70987564"
"chr4","103815766","103816069","chr17","19068302","19068598","37","84747464"
"chr4","103834049","103834264","chr11","89125181","89125395","35","14708868"
"chr4","103892926","103893226","chr5","93179263","93179563","33","10713663"
"chr4","103933456","103933753","chrX","66007493","66007793","44","37925963"
"chr4","104027332","104027631","chr5","99744098","99744383","43","4283234"
"chr4","104180297","104180604","chr7","113559810","113560113","34","9379513"
"chr4","104214047","104214360","chr7","70558320","70558627","45","33655727"
"chr4","104251799","104252090","chr3","43402255","43402549","37","60849544"
"chr4","104336987","104337275","chr5","100058498","100058786","35","4278489"
"chr4","104369950","104370261","chr12","106103474","106103785","38","1733524"
"chr4","104411441","104411747","chr5","100136354","100136661","28","4275087"
"chr4","104424905","104425219","chr11","56039907","56040213","43","48384998"
"chr4","104487737","104488047","chr5","100215562","100215871","33","4272175"
"chr4","104541957","104542249","chr5","100263676","100263983","32","4278281"
"chr4","104545946","104546045","chr10","36848738","36848833","12","67697208"
"chr4","104571793","104572099","chr16","19972079","19972380","46","84599714"
"chr4","104612851","104613105","chr1","148944409","148944678","40","44331558"
"chr4","104693313","104693593","chr5","100427005","100427278","28","4266308"
"chr4","104695075","104695376","chr5","100428785","100429085","25","4266290"
"chr4","104699169","104699327","chr14","4390080","4390244","43","100309089"
"chr4","104753742","104754032","chr5","100489613","100489909","55","4264129"
"chr4","104786926","104787232","chr1","154370995","154371300","37","49584069"
"chr4","104802131","104802442","chr9","23243982","23244293","37","81558149"
"chr4","104899500","104899792","chr11","122201688","122201982","38","17302188"
"chr4","104951801","104952112","chr5","100682137","100682439","34","4269664"
"chr4","105071439","105071588","chr7","68811834","68811979","17","36259605"
"chr4","105098358","105098667","chr2","159581108","159581414","42","54482750"
"chr4","105117022","105117289","chr5","100861841","100862107","31","4255181"
"chr4","105166336","105166629","chr5","100927649","100927947","31","4238687"
"chr4","105250393","105250700","chr5","101006300","101006606","27","4244093"
"chr4","105304219","105304526","chr9","66300603","66300906","39","39003616"
"chr4","105322764","105322932","chr3","178686367","178686544","36","73363603"
"chr4","105440564","105440856","chr2","162683368","162683657","32","57242804"
"chr4","105491401","105491682","chr1","8480019","8480302","37","97011382"
"chr4","105510235","105510545","chr5","101256848","101257156","32","4253387"
"chr4","105587530","105587643","chr13","86722914","86723028","12","18864616"
"chr4","105650811","105651108","chr3","73248174","73248466","35","32402637"
"chr4","105696155","105696446","chr12","28928384","28928677","38","76767771"
"chr4","105756027","105756162","chr1","108894724","108894860","13","3138697"
"chr4","105756909","105757195","chr7","55705195","55705456","55","50051714"
"chr4","105806221","105806489","chr5","101563986","101564255","24","4242235"
"chr4","105839009","105839230","chr5","101593860","101594077","19","4245149"
"chr4","105860888","105861194","chr5","101616838","101617145","38","4244050"
"chr4","105870566","105870834","chr5","101626651","101626922","15","4243915"
"chr4","105889913","105890182","chr14","62831184","62831458","53","43058729"
"chr4","105891220","105891383","chr16","48105416","48105580","29","57785804"
"chr4","105897097","105897381","chrX","44429429","44429724","46","61467668"
"chr4","105928524","105928813","chr5","101685184","101685473","28","4243340"
"chr4","105937360","105937682","chr4","57999599","57999921","36","47937761"
"chr4","105948611","105948922","chr17","12349214","12349524","36","93599397"
"chr4","105966615","105966907","chr5","101722836","101723122","31","4243779"
"chr4","106030517","106030693","chr6","37034531","37034707","25","68995986"
"chr4","106033614","106033922","chr5","101803299","101803600","32","4230315"
"chr4","106034647","106034947","chr20","70472823","70473120","41","35561824"
"chr4","106052579","106052757","chr10","19891580","19891749","28","86160999"
"chr4","106055696","106055951","chr7","68892385","68892640","39","37163311"
"chr4","106117808","106118101","chrX","52560249","52560544","41","53557559"
"chr4","106129653","106129959","chr5","101905622","101905922","28","4224031"
"chr4","106154144","106154405","chr5","101932594","101932869","34","4221550"
"chr4","106200212","106200506","chr5","101978504","101978806","24","4221708"
"chr4","106227173","106227466","chr5","102005777","102006076","21","4221396"
"chr4","106363077","106363371","chr1","109850834","109851125","38","3487757"
"chr4","106376048","106376352","chr5","8289100","8289402","36","98086948"
"chr4","106506565","106506695","chr18","47431724","47431853","17","59074841"
"chr4","106576107","106576401","chr5","102378190","102378485","21","4197917"
"chr4","106610506","106610818","chr5","102407654","102407962","34","4202852"
"chr4","106669947","106670252","chr5","102460055","102460361","29","4209892"
"chr4","106684316","106684635","chr1","76689890","76690211","67","29994426"
"chr4","106723736","106724017","chr3","166660099","166660383","35","59936363"
"chr4","106725342","106725637","chr7","169588830","169589125","34","62863488"
"chr4","106788479","106788592","chr1","221900948","221901068","21","115112469"
"chr4","106788867","106789048","chr16","24767535","24767717","37","82021332"
"chr4","106885358","106885655","chrX","9240846","9241146","40","97644512"
"chr4","106989392","106989685","chr8","99261138","99261429","49","7728254"
"chr4","107013964","107014043","chr13","105416123","105416211","20","1597841"
"chr4","107261787","107262105","chr5","106170672","106170964","53","1091115"
"chr4","107282705","107282989","chr5","106200082","106200368","28","1082623"
"chr4","107514541","107514827","chr8","103396428","103396713","53","4118113"
"chr4","107558265","107558568","chr1","97853233","97853535","49","9705032"
"chr4","107611410","107611561","chr5","1801383","1801540","28","105810027"
"chr4","107802355","107802576","chr9","93284979","93285214","45","14517376"
"chr4","107894248","107894545","chr5","105567220","105567520","34","2327028"
"chr4","107996619","107996936","chr11","50569364","50569671","44","57427255"
"chr4","108147182","108147407","chr6","124382423","124382631","32","16235241"
"chr4","108171529","108171735","chr7","77300681","77300892","39","30870848"
"chr4","108230317","108230521","chr7","18729577","18729781","26","89500740"
"chr4","108230522","108230816","chr5","105214464","105214768","42","3016058"
"chr4","108231099","108231407","chr12","2157811","2158118","41","106073288"
"chr4","108259267","108259561","chr5","105185422","105185726","39","3073845"
"chr4","108291256","108291551","chr5","105153442","105153741","25","3137814"
"chr4","108374685","108374982","chr5","105072603","105072914","34","3302082"
"chr4","108434736","108435046","chr5","105019352","105019669","33","3415384"
"chr4","108468785","108469079","chr5","104947214","104947501","22","3521571"
"chr4","108538155","108538446","chr5","104875322","104875614","30","3662833"
"chr4","108598363","108598664","chr14","112526592","112526892","34","3928229"
"chr4","108664050","108664345","chr13","70518735","70519027","36","38145315"
"chr4","108668071","108668384","chr5","104738052","104738376","39","3930019"
"chr4","108860686","108860886","chrX","47018952","47019147","41","61841734"
"chr4","108892394","108892698","chr5","104523641","104523955","31","4368753"
"chr4","108984198","108984543","chr4","21379969","21380302","77","87604229"
"chr4","109031570","109031772","chr19","10370828","10371033","51","98660742"
"chr4","109031932","109032054","chr5","104393620","104393742","8","4638312"
"chr4","109089645","109089720","chr4","19836869","19836946","13","89252776"
"chr4","109089867","109090051","chr1","20780824","20781010","32","88309043"
"chr4","109246432","109246588","chr5","104209830","104209992","18","5036602"
"chr4","109260002","109260300","chr5","104196150","104196460","37","5063852"
"chr4","109309044","109309194","chr6","156060337","156060487","16","46751293"
"chr4","109417083","109417385","chr10","67193443","67193742","33","42223640"
"chr4","109421576","109421857","chr7","18357399","18357684","47","91064177"
"chr4","109462042","109462334","chr5","104009801","104010090","25","5452241"
"chr4","109469654","109469956","chr14","46341791","46342085","42","63127863"
"chr4","109510261","109510441","chr14","8030966","8031146","27","101479295"
"chr4","109526221","109526505","chr6","171482964","171483245","34","61956743"
"chr4","109588742","109589039","chrX","41694245","41694543","40","67894497"
"chr4","109605045","109605360","chr5","103875159","103875464","28","5729886"
"chr4","109858296","109858593","chr5","103626213","103626525","42","6232083"
"chr4","109951574","109951885","chr4","48619545","48619851","41","61332029"
"chr4","110133199","110133511","chr5","103368154","103368451","43","6765045"
"chr4","110152672","110152980","chr5","103348782","103349088","34","6803890"
"chr4","110377829","110378110","chr20","27084019","27084300","32","83293810"
"chr4","110435560","110435708","chr4","44130284","44130433","21","66305276"
"chr4","110438947","110439239","chr7","43807156","43807450","35","66631791"
"chr4","110543764","110544061","chr5","102929745","102930040","29","7614019"
"chr4","110683700","110683935","chr5","106510921","106511157","18","4172779"
"chr4","110734910","110735218","chr7","117143826","117144132","41","6408916"
"chr4","110736236","110736573","chr1","4731654","4731965","67","106004582"
"chr4","110946303","110946596","chr16","74240002","74240299","34","36706301"
"chr4","110968226","110968517","chr16","66934515","66934809","41","44033711"
"chr4","110986953","110987258","chr10","71893501","71893802","43","39093452"
"chr4","111006993","111007296","chr5","106829363","106829658","36","4177630"
"chr4","111016700","111016996","chr6","20317307","20317607","28","90699393"
"chr4","111049542","111049842","chr5","58929794","58930086","40","52119748"
"chr4","111162437","111162723","chr2","46773836","46774126","44","64388601"
"chr4","111182661","111182955","chr1","200028486","200028781","33","88845825"
"chr4","111258548","111258847","chr5","107080959","107081262","30","4177589"
"chr4","111262898","111263210","chr19","16277711","16278013","39","94985187"
"chr4","111267521","111267820","chr5","107089998","107090298","21","4177523"
"chr4","111293812","111293945","chr5","100874529","100874663","11","10419283"
"chr4","111307343","111307657","chr5","107134517","107134843","42","4172826"
"chr4","111340849","111341167","chr17","7324483","7324788","45","104016366"
"chr4","111379650","111379939","chr5","107209913","107210205","21","4169737"
"chr4","111516275","111516539","chr5","107341797","107342061","20","4174478"
"chr4","111618434","111618717","chr5","107447352","107447629","35","4171082"
"chr4","111636052","111636359","chr7","96369979","96370279","46","15266073"
"chr4","111652250","111652564","chr1","166387645","166387949","48","54735395"
"chr4","111652728","111653030","chr5","107484950","107485251","18","4167778"
"chr4","111662373","111662675","chr7","162498606","162498914","52","50836233"
"chr4","111670949","111671220","chr10","12659402","12659674","37","99011547"
"chr4","111671223","111671533","chr20","18974706","18975015","48","92696517"
"chr4","111701123","111701419","chr9","99703438","99703737","37","11997685"
"chr4","111747210","111747496","chr5","107583344","107583633","33","4163866"
"chr4","111753601","111753889","chr1","31958702","31958985","36","79794899"
"chr4","111756080","111756382","chr8","94510144","94510444","33","17245936"
"chr4","111768757","111769050","chr5","107605119","107605407","27","4163638"
"chr4","111774612","111774922","chr3","127669386","127669693","38","15894774"
"chr4","111791840","111792101","chr12","74701791","74702047","33","37090049"
"chr4","111800456","111800754","chr5","107630692","107630985","38","4169764"
"chr4","111813964","111814271","chr12","57850151","57850455","32","53963813"
"chr4","111841925","111842233","chr4","80476486","80476799","51","31365439"
"chr4","111845060","111845373","chr7","49471680","49471987","37","62373380"
"chr4","111852129","111852437","chr3","64257235","64257538","44","47594894"
"chr4","111854988","111855295","chr8","9161989","9162298","35","102692999"
"chr4","111856121","111856422","chr9","115486233","115486535","39","3630112"
"chr4","111873889","111874108","chr5","107694501","107694720","16","4179388"
"chr4","111909319","111909621","chr5","107729616","107729909","35","4179703"
"chr4","111919336","111919631","chr5","51540643","51540938","32","60378693"
"chr4","111994723","111995015","chr20","42256252","42256545","34","69738471"
"chr4","112017426","112017615","chr20","16586159","16586341","30","95431267"
"chr4","112050117","112050405","chr1","35648870","35649158","34","76401247"
"chr4","112075325","112075630","chr9","52567901","52568208","35","59507424"
"chr4","112132145","112132270","chr1","68190673","68190799","17","43941472"
"chr4","112137908","112138187","chr7","117919933","117920212","34","5782025"
"chr4","112156345","112156654","chrX","146639188","146639499","35","34482843"
"chr4","112184266","112184423","chr5","108011988","108012161","30","4172278"
"chr4","112184569","112184705","chr5","108012307","108012442","6","4172262"
"chr4","112322369","112322629","chr5","108164014","108164284","33","4158355"
"chr4","112339481","112339778","chr5","108179497","108179791","26","4159984"
"chr4","112360172","112360480","chr1","36905300","36905598","40","75454872"
"chr4","112503676","112503964","chr5","108351311","108351576","38","4152365"
"chr4","112527732","112528018","chr9","900129","900422","45","111627603"
"chr4","112546590","112546889","chr5","108397623","108397925","34","4148967"
"chr4","112556398","112556707","chrX","53579832","53580138","34","58976566"
"chr4","112573226","112573524","chr5","108423928","108424235","37","4149298"
"chr4","112579001","112579228","chr14","5368793","5369028","38","107210208"
"chr4","112585705","112585998","chr5","108436712","108437000","37","4148993"
"chr4","112587029","112587333","chr5","108437999","108438296","37","4149030"
"chr4","112601809","112602105","chr2","203095842","203096145","40","90494033"
"chr4","112623064","112623356","chr5","108474223","108474523","24","4148841"
"chr4","112642203","112642490","chrX","53976307","53976596","39","58665896"
"chr4","112661860","112662160","chr5","108510599","108510893","20","4151261"
"chr4","112662374","112662678","chr5","108511109","108511408","34","4151265"
"chr4","112694466","112694762","chr5","108542490","108542787","31","4151976"
"chr4","112703376","112703672","chr3","5339357","5339652","33","107364019"
"chr4","112727850","112728124","chr5","108567518","108567792","25","4160332"
"chr4","112745314","112745597","chr16","17656735","17657019","31","95088579"
"chr4","112767576","112767868","chr16","42446845","42447142","50","70320731"
"chr4","112825248","112825551","chr5","108654528","108654831","28","4170720"
"chr4","112855845","112856129","chr5","108684038","108684315","27","4171807"
"chr4","112872735","112873020","chr16","55969925","55970215","44","56902810"
"chr4","112932893","112933175","chr12","38901004","38901285","40","74031889"
"chr4","113017584","113017913","chr5","187506911","187507234","38","74489327"
"chr4","113045858","113046164","chr5","108878177","108878479","21","4167681"
"chr4","113091189","113091506","chr5","108923289","108923595","39","4167900"
"chr4","113117084","113117220","chr3","43244909","43245044","11","69872175"
"chr4","113120966","113121264","chr7","154137355","154137650","32","41016389"
"chr4","113132241","113132509","chr5","108966350","108966614","27","4165891"
"chr4","113163815","113164117","chr5","108992458","108992760","29","4171357"
"chr4","113188413","113188706","chrX","14927683","14927972","33","98260730"
"chr4","113213616","113213919","chr5","109045885","109046188","24","4167731"
"chr4","113217097","113217405","chr5","109050061","109050352","35","4167036"
"chr4","113220240","113220533","chr8","71401820","71402114","34","41818420"
"chr4","113250017","113250260","chr5","109084154","109084412","35","4165863"
"chr4","113262815","113263110","chr1","200028486","200028781","37","86765671"
"chr4","113269381","113269677","chr5","109166051","109166347","25","4103330"
"chr4","113274257","113274559","chr12","103022528","103022830","35","10251729"
"chr4","113282432","113282586","chr1","161035354","161035507","23","47752922"
"chr4","113286779","113286929","chr15","89149263","89149414","18","24137516"
"chr4","113291990","113292298","chrX","47804302","47804611","45","65487688"
"chr4","113295351","113295596","chrX","27222185","27222425","40","86073166"
"chr4","113306409","113306611","chr7","95222121","95222323","31","18084288"
"chr4","113315193","113315484","chr20","8006906","8007198","28","105308287"
"chr4","113315990","113316296","chr5","109205438","109205745","27","4110552"
"chr4","113326455","113326759","chr5","109215325","109215638","43","4111130"
"chr4","113327697","113327805","chr12","88112976","88113081","12","25214721"
"chr4","113328134","113328259","chr1","205623214","205623337","14","92295080"
"chr4","113336334","113336628","chr16","57719267","57719560","34","55617067"
"chr4","113370204","113370463","chr5","109275719","109275982","22","4094485"
"chr4","113482114","113482423","chr6","174911855","174912160","36","61429741"
"chr4","113521696","113521856","chr7","151280672","151280824","36","37758976"
"chr4","113522613","113522744","chr1","26326278","26326413","15","87196335"
"chr4","113533444","113533726","chr4","35108931","35109213","32","78424513"
"chr4","113541263","113541562","chr5","109443282","109443587","31","4097981"
"chr4","113580429","113580714","chr6","52689880","52690167","47","60890549"
"chr4","113644419","113644574","chr7","56497050","56497204","22","57147369"
"chr4","113761575","113761881","chrX","114336938","114337245","31","575363"
"chr4","113964440","113964736","chr1","113414080","113414375","29","550360"
"chr4","114030857","114031057","chr12","106080182","106080390","36","7950675"
"chr4","114148302","114148604","chr5","110036168","110036475","32","4112134"
"chr4","114405227","114405512","chr5","37881716","37882001","42","76523511"
"chr4","114604881","114605172","chr3","125669969","125670258","39","11065088"
"chr4","114633008","114633230","chr6","56511093","56511315","34","58121915"
"chr4","114633251","114633516","chr5","110523099","110523380","39","4110152"
"chr4","114651801","114652096","chrX","17828364","17828649","42","96823437"
"chr4","114731520","114731804","chr5","110623194","110623478","26","4108326"
"chr4","114778194","114778355","chr16","3098326","3098486","31","111679868"
"chr4","114866774","114866869","chr1","12222923","12223022","14","102643851"
"chr4","114883652","114883823","chr7","71136819","71136986","25","43746833"
"chr4","115055291","115055571","chr3","61453265","61453553","52","53602026"
"chr4","115068192","115068512","chr15","42266168","42266476","46","72802024"
"chr4","115087739","115088037","chr5","110990318","110990621","35","4097421"
"chr4","115104592","115104799","chr1","25987435","25987643","36","89117157"
"chr4","115107107","115107398","chr15","43608671","43608956","36","71498436"
"chr4","115120036","115120276","chr2","95477542","95477786","41","19642494"
"chr4","115120921","115121178","chr13","49453987","49454242","38","65666934"
"chr4","115122495","115122668","chr5","111019658","111019825","18","4102837"
"chr4","115171854","115172139","chr5","111062994","111063288","25","4108860"
"chr4","115185814","115186109","chr5","111076802","111077097","27","4109012"
"chr4","115195190","115195485","chr5","111086299","111086598","26","4108891"
"chr4","115196148","115196398","chr4","153518820","153519072","52","38322672"
"chr4","115196428","115196443","chr5","2827589","2827605","1","112368839"
"chr4","115208569","115208848","chr5","111099126","111099398","31","4109443"
"chr4","115332490","115332795","chr5","111225784","111226096","34","4106706"
"chr4","115333166","115333472","chr5","111226468","111226752","37","4106698"
"chr4","115343601","115343902","chr5","111236935","111237232","27","4106666"
"chr4","115367379","115367670","chr5","111256037","111256337","28","4111342"
"chr4","115390460","115390750","chr5","111278127","111278416","20","4112333"
"chr4","115406054","115406336","chr6","21952301","21952583","38","93453753"
"chr4","115449236","115449539","chr6","129934590","129934892","50","14485354"
"chr4","115473337","115473603","chr5","111359634","111359899","16","4113703"
"chr4","115495777","115496051","chr5","111382204","111382475","33","4113573"
"chr4","115504646","115504833","chr8","126054004","126054184","26","10549358"
"chr4","115585871","115585985","chr19","19949995","19950109","10","95635876"
"chr4","115626008","115626318","chr7","80060557","80060869","49","35565451"
"chr4","115641869","115642169","chr5","111516945","111517238","31","4124924"
"chr4","115643321","115643617","chrX","8591299","8591598","37","107052022"
"chr4","115646191","115646323","chr19","38786900","38787030","10","76859291"
"chr4","115647836","115648109","chr5","140003061","140003335","46","24355225"
"chr4","115651352","115651566","chr2","113687336","113687551","31","1964016"
"chr4","115651973","115652054","chr11","108676376","108676453","13","6975597"
"chr4","115660501","115660797","chr5","111528510","111528804","29","4131991"
"chr4","115661264","115661575","chr5","111529269","111529578","30","4131995"
"chr4","115665522","115665814","chr5","111533522","111533818","33","4132000"
"chr4","115667980","115668284","chr3","124679274","124679576","46","9011294"
"chr4","115668986","115669279","chr20","56831413","56831703","45","58837573"
"chr4","115670226","115670337","chr5","111536117","111536229","7","4134109"
"chr4","115677316","115677556","chr5","111543940","111544191","31","4133376"
"chr4","115680538","115680840","chr5","111546863","111547169","25","4133675"
"chr4","115683575","115683812","chr5","111550751","111550992","25","4132824"
"chr4","115694751","115695042","chr7","57243291","57243599","44","58451460"
"chr4","115697200","115697513","chr1","112548829","112549133","41","3148371"
"chr4","115719229","115719531","chr5","111593097","111593400","26","4126132"
"chr4","115723261","115723573","chr1","166387645","166387949","45","50664384"
"chr4","115724147","115724419","chrX","128230041","128230303","39","12505894"
"chr4","115728562","115728857","chr5","111604103","111604402","35","4124459"
"chr4","115732426","115732562","chr5","111608958","111609094","11","4123468"
"chr4","115732860","115732892","chr10","65896918","65896951","5","49835942"
"chr4","115737146","115737462","chr5","111613429","111613723","50","4123717"
"chr4","115745084","115745363","chr16","23185128","23185409","37","92559956"
"chr4","115750951","115751245","chr5","111631626","111631922","29","4119325"
"chr4","115766117","115766417","chr5","111650410","111650711","32","4115707"
"chr4","115772989","115773281","chr13","14714807","14715101","38","101058182"
"chr4","115783840","115784135","chr5","111669318","111669616","26","4114522"
"chr4","115790270","115790570","chr2","20500086","20500372","45","95290184"
"chr4","115804236","115804439","chr6","174616186","174616385","28","58811950"
"chr4","115809951","115810180","chr7","26617086","26617314","43","89192865"
"chr4","115810524","115810833","chr5","111690586","111690884","37","4119938"
"chr4","115819348","115819652","chr5","111701567","111701875","25","4117781"
"chr4","115823446","115823746","chr5","111705158","111705459","28","4118288"
"chr4","115831447","115831763","chr5","111718439","111718741","34","4113008"
"chr4","115838567","115838857","chr9","115113357","115113647","31","725210"
"chr4","115840892","115841150","chr5","111727944","111728210","39","4112948"
"chr4","115842195","115842344","chr4","44130284","44130433","20","71711911"
"chr4","115847326","115847455","chr1","9315137","9315263","19","106532189"
"chr4","115847815","115847929","chr6","60133406","60133521","16","55714409"
"chr4","115860447","115860465","chr6","106110173","106110189","4","9750274"
"chr4","115860504","115860787","chr1","209376796","209377080","40","93516292"
"chr4","115868032","115868332","chr10","83704548","83704843","40","32163484"
"chr4","115875823","115876111","chr16","740941","741230","34","115134882"
"chr4","115883394","115883594","chr15","48375450","48375649","27","67507944"
"chr4","115897407","115897671","chr1","139650554","139650817","26","23753147"
"chr4","115906968","115907291","chr13","39996985","39997297","57","75909983"
"chr4","115991371","115991672","chr5","111883514","111883812","32","4107857"
"chr4","116039925","116040222","chr5","111928213","111928506","31","4111712"
"chr4","116168377","116168662","chr5","112058171","112058461","26","4110206"
"chr4","116171169","116171463","chr5","112060927","112061227","28","4110242"
"chr4","116200987","116201082","chr12","58854261","58854356","12","57346726"
"chr4","116298955","116299171","chr5","112187529","112187744","24","4111426"
"chr4","116370482","116370770","chr5","112260997","112261288","33","4109485"
"chr4","116373491","116373783","chr5","112263991","112264284","19","4109500"
"chr4","116442813","116443102","chr2","202930199","202930485","39","86487386"
"chr4","116475073","116475344","chr4","17496445","17496716","36","98978628"
"chr4","116509167","116509466","chr5","112401994","112402300","29","4107173"
"chr4","116549166","116549459","chr17","24247123","24247422","36","92302043"
"chr4","116552602","116552901","chr4","102999674","102999969","37","13552928"
"chr4","116589235","116589550","chr5","112477646","112477975","45","4111589"
"chr4","116693606","116693740","chr5","47669988","47670124","23","69023618"
"chr4","116717563","116717859","chr4","37385973","37386264","36","79331590"
"chr4","116842679","116842972","chr5","112731278","112731575","28","4111401"
"chr4","116945578","116945885","chr5","112826742","112827048","37","4118836"
"chr4","116956366","116956675","chr4","137421011","137421314","38","20464645"
"chr4","116981961","116982232","chr5","112880920","112881192","25","4101041"
"chr4","117139032","117139338","chr1","38412022","38412324","36","78727010"
"chr4","117167848","117168127","chr5","113056828","113057113","33","4111020"
"chr4","117171160","117171457","chr6","149636485","149636782","42","32465325"
"chr4","117221907","117222179","chr5","113108569","113108841","24","4113338"
"chr4","117267163","117267429","chr10","67272058","67272323","44","49995105"
"chr4","117303803","117304090","chr1","111471037","111471322","40","5832766"
"chr4","117386848","117387175","chr2","78919604","78919915","62","38467244"
"chr4","117482569","117482856","chr11","63160894","63161184","51","54321675"
"chr4","117488844","117489152","chr5","113500997","113501304","30","3987847"
"chr4","117631476","117631763","chr17","23035596","23035884","36","94595880"
"chr4","117651683","117651998","chr5","113672545","113672856","38","3979138"
"chr4","117716086","117716395","chr5","113735418","113735726","29","3980668"
"chr4","117764073","117764250","chr8","126054004","126054184","30","8289931"
"chr4","117816100","117816365","chr5","113846025","113846291","23","3970075"
"chr4","117961178","117961435","chr3","175339952","175340206","42","57378774"
"chr4","118164371","118164682","chr5","114194048","114194358","30","3970323"
"chr4","118711017","118711333","chr5","114782149","114782452","36","3928868"
"chr4","118791553","118791864","chr5","114862171","114862474","42","3929382"
"chr4","118800070","118800268","chrX","9150025","9150226","26","109650045"
"chr4","118802180","118802482","chr5","114872658","114872966","39","3929522"
"chr4","118913835","118914020","chr11","62490821","62491000","30","56423014"
"chr4","118962118","118962416","chr6","44313901","44314193","43","74648217"
"chr4","118974147","118974271","chr13","33261036","33261160","15","85713111"
"chr4","119003567","119003856","chr5","115080302","115080586","21","3923265"
"chr4","119009039","119009335","chr8","58960460","58960751","46","60048579"
"chr4","119038916","119039143","chr10","61763698","61763924","29","57275218"
"chr4","119198193","119198482","chr5","115242554","115242840","34","3955639"
"chr4","119257893","119258175","chr10","22314645","22314923","49","96943248"
"chr4","119267221","119267516","chr9","15466294","15466587","36","103800927"
"chr4","119285189","119285482","chr7","26797695","26797989","45","92487494"
"chr4","119497976","119498091","chr5","115555252","115555370","13","3942724"
"chr4","119498181","119498363","chr5","115555461","115555643","17","3942720"
"chr4","119512284","119512571","chr7","106425305","106425586","46","13086979"
"chr4","119658224","119658532","chr3","13191167","13191471","35","106467057"
"chr4","119743481","119743781","chr4","17517205","17517504","33","102226276"
"chr4","119747184","119747484","chr5","115851940","115852241","42","3895244"
"chr4","119992666","119992992","chr7","113559810","113560113","65","6432856"
"chr4","120040515","120040669","chr10","59907389","59907536","26","60133126"
"chr4","120062212","120062500","chr5","116233076","116233362","33","3829136"
"chr4","120090439","120090745","chr17","7324483","7324788","44","112765956"
"chr4","120115518","120115729","chr5","116299932","116300146","21","3815586"
"chr4","120248451","120248702","chr5","116405347","116405609","42","3843104"
"chr4","120333912","120334204","chr5","116489762","116490058","53","3844150"
"chr4","120356371","120356693","chr9","92575829","92576143","45","27780542"
"chr4","120358558","120358869","chr19","14422627","14422935","37","105935931"
"chr4","120395718","120396014","chr1","112580058","112580347","43","7815660"
"chr4","120420025","120420321","chr3","1691355","1691649","39","118728670"
"chr4","120472942","120473246","chr5","116765885","116766196","32","3707057"
"chr4","120615775","120616069","chr5","116898093","116898396","25","3717682"
"chr4","120639516","120639811","chr6","110736688","110736983","37","9902828"
"chr4","120679236","120679531","chr14","112526592","112526892","34","8152644"
"chr4","120740047","120740335","chr9","110546670","110546960","47","10193377"
"chr4","120740975","120741281","chr3","165559970","165560275","47","44818995"
"chr4","120836663","120836983","chr11","42257803","42258096","77","78578860"
"chr4","121026724","121027033","chr3","131789955","131790266","44","10763231"
"chr4","121027307","121027603","chr2","111123439","111123734","37","9903868"
"chr4","121153976","121154261","chr5","117404017","117404301","33","3749959"
"chr4","121189328","121189617","chr4","160154070","160154363","47","38964742"
"chr4","121229681","121229973","chr5","117472230","117472523","26","3757451"
"chr4","121247658","121247943","chrX","21464522","21464807","33","99783136"
"chr4","121248456","121248752","chrX","134977768","134978064","37","13729312"
"chr4","121267918","121268209","chr4","44696544","44696837","38","76571374"
"chr4","121316527","121316827","chr12","103022528","103022830","36","18293999"
"chr4","121322585","121322881","chr5","117568041","117568339","23","3754544"
"chr4","121349501","121349687","chr1","20997684","20997875","32","100351817"
"chr4","121354295","121354586","chrX","39822068","39822366","42","81532227"
"chr4","121389744","121389795","chr9","99178070","99178121","16","22211674"
"chr4","121390338","121390644","chr16","9881258","9881559","32","111509080"
"chr4","121423096","121423414","chr3","123365932","123366242","42","1942836"
"chr4","121440394","121440724","chr5","117674763","117675081","63","3765631"
"chr4","121440874","121441151","chr5","117675221","117675496","32","3765653"
"chr4","121478228","121478530","chr5","117712364","117712664","31","3765864"
"chr4","121541229","121541529","chr3","9603787","9604084","43","111937442"
"chr4","121590261","121590555","chr5","117820236","117820536","24","3770025"
"chr4","121609096","121609379","chr3","155775978","155776261","47","34166882"
"chr4","121737399","121737705","chr3","55556828","55557129","32","66180571"
"chr4","121878984","121879054","chr11","74463624","74463686","20","47415360"
"chr4","122010179","122010374","chr7","126315477","126315677","38","4305298"
"chr4","122016831","122017098","chr11","65130652","65130930","46","56886179"
"chr4","122810554","122810843","chr20","32205318","32205599","41","90605236"
"chr4","122925196","122925482","chr9","10076252","10076538","42","112848944"
"chr4","123026570","123026863","chr14","78492680","78492974","35","44533890"
"chr4","123074859","123075165","chr5","118550595","118550897","28","4524264"
"chr4","123205961","123206256","chr1","142214846","142215140","36","19008885"
"chr4","123213903","123214132","chr6","135924290","135924521","43","12710387"
"chr4","123485009","123485293","chr5","119005219","119005502","38","4479790"
"chr4","123496588","123496894","chr3","55556828","55557129","34","67939760"
"chr4","123565275","123565505","chr9","93193547","93193778","39","30371728"
"chr4","123582128","123582413","chr5","119094494","119094769","42","4487634"
"chr4","123603424","123603733","chr1","10880417","10880729","37","112723007"
"chr4","123671211","123671515","chr14","124293090","124293393","42","621879"
"chr4","123782948","123783227","chr5","119283920","119284209","31","4499028"
"chr4","123836571","123836718","chr4","160838945","160839094","30","37002374"
"chr4","123836753","123836901","chrX","19491524","19491674","18","104345229"
"chr4","123891621","123891931","chr9","25083503","25083798","46","98808118"
"chr4","123966986","123967289","chr5","119461329","119461632","25","4505657"
"chr4","124002082","124002352","chr1","129089131","129089396","33","5087049"
"chr4","124111119","124111425","chr5","119597221","119597525","18","4513898"
"chr4","124201928","124202201","chr12","20843965","20844245","42","103357963"
"chr4","124222320","124222630","chr1","14118617","14118931","43","110103703"
"chr4","124283241","124283536","chr1","8844628","8844922","62","115438613"
"chr4","124494465","124494771","chrX","118034316","118034619","32","6460149"
"chr4","124619439","124619743","chr15","110132876","110133179","45","14486563"
"chr4","124755325","124755615","chr10","10244591","10244883","37","114510734"
"chr4","124903803","124904096","chr5","120426668","120426971","29","4477135"
"chr4","125041337","125041648","chr5","120573714","120574022","29","4467623"
"chr4","125065990","125066283","chr5","120599616","120599902","36","4466374"
"chr4","125136174","125136466","chr5","120670958","120671254","27","4465216"
"chr4","125149834","125150136","chr5","120684636","120684927","29","4465198"
"chr4","125153330","125153627","chr5","120688131","120688416","41","4465199"
"chr4","125175153","125175450","chr5","120715872","120716172","26","4459281"
"chr4","125179123","125179408","chr3","50522295","50522583","52","74656828"
"chr4","125182223","125182533","chr5","120725123","120725433","20","4457100"
"chr4","125194220","125194425","chr10","73581214","73581414","42","51613006"
"chr4","125226368","125226488","chr9","97550947","97551073","15","27675421"
"chr4","125299123","125299397","chr5","120908214","120908492","22","4390909"
"chr4","125300466","125300758","chr16","4527460","4527756","34","120773006"
"chr4","125330749","125331042","chr5","120940473","120940764","28","4390276"
"chr4","125379021","125379318","chr5","120988205","120988501","21","4390816"
"chr4","125539061","125539348","chr5","121147808","121148099","22","4391253"
"chr4","125646815","125647109","chr5","121256063","121256355","19","4390752"
"chr4","125686142","125686316","chrX","41188728","41188898","25","84497414"
"chr4","125753337","125753633","chr5","121370317","121370618","32","4383020"
"chr4","125764185","125764474","chr11","48892425","48892714","36","76871760"
"chr4","125914087","125914375","chr10","31595408","31595706","37","94318679"
"chr4","125944215","125944520","chr2","107885379","107885685","34","18058836"
"chr4","125945293","125945586","chr1","87274301","87274590","35","38670992"
"chr4","126103401","126103690","chr15","78126491","78126779","45","47976910"
"chr4","126128006","126128308","chr10","33923519","33923819","40","92204487"
"chr4","126141014","126141329","chr1","126283940","126284250","35","142926"
"chr4","126144516","126144799","chr5","121812746","121813036","32","4331770"
"chr4","126181308","126181619","chr3","161302845","161303153","38","35121537"
"chr4","126200005","126200311","chr5","121869684","121869994","24","4330321"
"chr4","126272611","126272788","chr7","97546488","97546666","20","28726123"
"chr4","126292961","126293083","chr8","98050124","98050252","21","28242837"
"chr4","126293084","126293166","chr10","80173072","80173153","12","46120012"
"chr4","126315046","126315333","chr5","121979287","121979576","25","4335759"
"chr4","126350706","126351001","chr5","122060565","122060860","29","4290141"
"chr4","126365358","126365666","chr3","39819731","39820041","44","86545627"
"chr4","126393541","126393802","chr1","163353484","163353744","43","36959943"
"chr4","126430811","126431081","chr5","122130129","122130401","26","4300682"
"chr4","126466688","126467019","chr10","59960385","59960695","52","66506303"
"chr4","126497202","126497503","chr5","122199943","122200245","19","4297259"
"chr4","126520975","126521071","chr7","162283431","162283525","11","35762456"
"chr4","126572734","126573007","chr4","156457145","156457417","46","29884411"
"chr4","126655149","126655444","chr5","122357399","122357692","31","4297750"
"chr4","126689149","126689472","chr2","101802865","101803178","48","24886284"
"chr4","126701578","126701873","chr16","25899358","25899653","39","100802220"
"chr4","126711477","126711768","chr5","122412853","122413143","19","4298624"
"chr4","126716321","126716610","chr3","2943240","2943532","43","123773081"
"chr4","126765145","126765358","chr5","122465612","122465829","19","4299533"
"chr4","126772412","126772707","chr7","59596417","59596708","37","67175995"
"chr4","126776409","126776706","chr1","5050480","5050765","47","121725929"
"chr4","126797508","126797797","chr8","68101746","68102036","32","58695762"
"chr4","126816862","126817166","chr5","122575320","122575616","31","4241542"
"chr4","126818590","126818899","chr10","12541086","12541391","31","114277504"
"chr4","126839225","126839505","chr5","122593468","122593752","22","4245757"
"chr4","126865462","126865766","chr5","122618716","122619016","23","4246746"
"chr4","126867383","126867682","chr5","8289100","8289402","35","118578283"
"chr4","126902925","126903235","chr5","122656159","122656480","34","4246766"
"chr4","126937201","126937507","chr5","122690742","122691053","36","4246459"
"chr4","126985302","126985559","chr5","122742179","122742436","25","4243123"
"chr4","126995487","126995780","chr5","122752307","122752601","29","4243180"
"chr4","127084647","127084954","chr7","21258839","21259148","39","105825808"
"chr4","127183192","127183499","chr5","122929846","122930147","24","4253346"
"chr4","127351065","127351356","chr5","123146979","123147255","43","4204086"
"chr4","127455612","127455837","chr6","56511093","56511315","49","70944519"
"chr4","127698023","127698307","chr17","29335507","29335791","37","98362516"
"chr4","127716766","127717074","chr16","75036135","75036444","43","52680631"
"chr4","127747837","127748140","chr4","118772543","118772848","50","8975294"
"chr4","127882598","127882889","chr9","98459474","98459765","37","29423124"
"chr4","128038423","128038709","chr5","123803003","123803291","19","4235420"
"chr4","128095733","128096035","chr5","123860195","123860490","30","4235538"
"chr4","128188058","128188353","chr7","2877777","2878073","34","125310281"
"chr4","128242480","128242699","chr10","61029967","61030201","47","67212513"
"chr4","128272877","128273139","chr19","7195545","7195812","46","121077332"
"chr4","128500108","128500402","chr15","18383931","18384228","30","110116177"
"chr4","128524057","128524352","chr20","18628006","18628303","38","109896051"
"chr4","128532850","128533161","chr5","124411608","124411919","30","4121242"
"chr4","128690868","128691036","chrX","66006360","66006509","37","62684508"
"chr4","128716753","128717064","chr3","184675913","184676214","46","55959160"
"chr4","128742408","128742670","chr3","116942614","116942891","48","11799794"
"chr4","128758317","128758607","chr10","22022192","22022487","32","106736125"
"chr4","128882548","128882858","chrX","123913946","123914252","47","4968602"
"chr4","128904714","128905001","chr14","79749327","79749619","34","49155387"
"chr4","128991548","128991853","chr5","124917722","124918033","38","4073826"
"chr4","129031947","129032237","chr5","124962221","124962523","33","4069726"
"chr4","129197417","129197737","chr5","125132096","125132392","47","4065321"
"chr4","129209095","129209343","chr5","125143785","125144032","24","4065310"
"chr4","129219451","129219748","chr2","35173839","35174136","37","94045612"
"chr4","129400675","129400989","chr5","82516649","82516958","43","46884026"
"chr4","129483523","129483568","chr6","119721545","119721587","8","9761978"
"chr4","129503740","129504030","chr5","125419045","125419336","23","4084695"
"chr4","129602114","129602396","chr5","125528677","125528957","36","4073437"
"chr4","129622490","129622763","chr5","125553049","125553335","43","4069441"
"chr4","129720071","129720352","chr5","125655802","125656094","35","4064269"
"chr4","129759673","129759943","chr5","125694627","125694888","36","4065046"
"chr4","129775376","129775574","chr11","2904691","2904882","24","126870685"
"chr4","129779642","129779866","chr16","18853603","18853823","34","110926039"
"chr4","129839858","129840141","chr1","20579766","20580052","46","109260092"
"chr4","129874342","129874632","chr5","125852409","125852686","28","4021933"
"chr4","129935777","129936084","chr11","104740757","104741068","41","25195020"
"chr4","129947006","129947304","chr20","4217380","4217681","35","125729626"
"chr4","129969126","129969420","chr7","43322799","43323092","38","86646327"
"chr4","130002954","130003263","chr5","109053185","109053487","45","20949769"
"chr4","130061724","130062021","chr16","30716750","30717053","36","99344974"
"chr4","130282542","130282766","chr19","10979398","10979617","39","119303144"
"chr4","130317356","130317630","chr5","126132718","126132992","25","4184638"
"chr4","130369725","130370029","chr3","55556828","55557129","47","74812897"
"chr4","130423311","130423600","chr6","52689880","52690167","41","77733431"
"chr4","130465586","130465868","chr2","44663344","44663625","63","85802242"
"chr4","130829741","130829927","chr19","8582317","8582502","32","122247424"
"chr4","130922187","130922478","chr5","126742419","126742725","42","4179768"
"chr4","130935541","130935787","chr3","43311153","43311399","40","87624388"
"chr4","131006291","131006582","chr5","126823764","126824051","27","4182527"
"chr4","131047871","131048168","chr19","20676318","20676616","35","110371553"
"chr4","131091003","131091296","chr5","51540643","51540938","29","79550360"
"chr4","131113034","131113322","chr5","126926054","126926335","24","4186980"
"chr4","131175292","131175585","chr5","126995498","126995798","34","4179794"
"chr4","131225428","131225719","chr11","47011732","47012024","36","84213696"
"chr4","131240684","131240996","chr3","64742461","64742769","39","66498223"
"chr4","131273956","131274240","chr5","127085371","127085675","37","4188585"
"chr4","131278392","131278557","chrX","557444","557611","24","130720948"
"chr4","131304852","131305148","chr3","36442876","36443174","36","94861976"
"chr4","131306191","131306493","chr5","127123058","127123355","32","4183133"
"chr4","131309204","131309475","chr5","127126421","127126694","23","4182783"
"chr4","131324739","131325037","chr5","127139871","127140179","36","4184868"
"chr4","131341200","131341496","chr16","12261264","12261562","41","119079936"
"chr4","131345948","131346257","chr9","35137379","35137686","32","96208569"
"chr4","131348612","131348894","chr6","148052747","148053028","36","16704135"
"chr4","131353225","131353360","chr8","21037011","21037146","14","110316214"
"chr4","131368092","131368389","chr5","127177722","127178030","28","4190370"
"chr4","131379544","131379842","chr5","127184479","127184769","24","4195065"
"chr4","131386507","131386748","chr3","167464635","167464860","53","36078128"
"chr4","131421209","131421522","chr5","127256202","127256507","30","4165007"
"chr4","131424983","131425274","chr5","127259972","127260278","24","4165011"
"chr4","131431093","131431194","chr1","5754266","5754367","19","125676827"
"chr4","131431335","131431497","chr11","61426036","61426198","18","70005299"
"chr4","131445117","131445425","chrX","24062681","24062985","35","107382436"
"chr4","131453782","131454081","chr5","49234420","49234719","36","82219362"
"chr4","131473244","131473464","chr13","94935954","94936168","35","36537290"
"chr4","131476742","131477039","chr3","185348784","185349072","43","53872042"
"chr4","131478763","131479052","chr1","156308573","156308861","35","24829810"
"chr4","131482511","131482812","chr1","39371430","39371728","35","92111081"
"chr4","131492418","131492715","chr15","41508470","41508769","31","89983948"
"chr4","131494438","131494751","chr5","127336970","127337282","27","4157468"
"chr4","131517349","131517645","chr3","1691355","1691649","32","129825994"
"chr4","131519467","131519735","chr5","127360889","127361182","51","4158578"
"chr4","131524328","131524596","chr4","41354871","41355137","34","90169457"
"chr4","131528435","131528720","chr5","127381136","127381441","47","4147299"
"chr4","131528748","131528758","chr19","10774443","10774454","1","120754305"
"chr4","131536935","131537237","chr5","127394159","127394457","21","4142776"
"chr4","131548668","131548950","chr5","127406421","127406703","16","4142247"
"chr4","131551723","131552028","chr9","89822163","89822467","35","41729560"
"chr4","131553651","131553948","chr7","43322799","43323092","35","88230852"
"chr4","131555558","131555853","chr7","43807156","43807450","39","87748402"
"chr4","131560797","131561094","chr5","127419017","127419322","33","4141780"
"chr4","131569542","131569852","chr16","71218766","71219079","42","60350776"
"chr4","131587025","131587211","chr16","48484668","48484845","33","83102357"
"chr4","131605708","131606003","chr14","7643073","7643368","36","123962635"
"chr4","131641950","131642248","chr5","127501777","127502072","24","4140173"
"chr4","131664175","131664333","chr11","63322004","63322162","26","68342171"
"chr4","131667187","131667442","chr4","168562449","168562704","32","36895262"
"chr4","131676757","131677068","chrX","96203415","96203722","38","35473342"
"chr4","131684521","131684541","chr1","16925219","16925239","4","114759302"
"chr4","131685168","131685456","chr5","127551075","127551363","23","4134093"
"chr4","131738232","131738508","chr10","84017809","84018084","49","47720423"
"chr4","131774611","131774911","chr10","78203293","78203596","32","53571318"
"chr4","131856311","131856477","chr10","31403126","31403287","23","100453185"
"chr4","131934173","131934476","chr8","54634869","54635169","38","77299304"
"chr4","131951711","131951947","chr5","127821541","127821767","23","4130170"
"chr4","131985203","131985506","chr5","127856083","127856392","30","4129120"
"chr4","132009255","132009514","chr5","127880126","127880385","13","4129129"
"chr4","132044843","132045148","chr5","127916281","127916579","34","4128562"
"chr4","132057121","132057429","chr2","95426458","95426760","41","36630663"
"chr4","132072358","132072421","chr2","93673843","93673900","15","38398515"
"chr4","132080781","132081091","chr5","127956067","127956367","38","4124714"
"chr4","132081131","132081202","chr16","24839595","24839664","16","107241536"
"chr4","132082024","132082141","chrX","127885638","127885748","22","4196386"
"chr4","132086120","132086401","chr3","101406925","101407206","37","30679195"
"chr4","132090129","132090438","chr4","134675515","134675820","37","2585386"
"chr4","132120969","132121289","chr5","127982720","127983046","35","4138249"
"chr4","132140391","132140685","chr14","103136842","103137137","35","29003549"
"chr4","132147117","132147265","chr5","128009668","128009816","15","4137449"
"chr4","132147266","132147362","chr5","128009817","128009916","15","4137449"
"chr4","132148359","132148519","chr1","12142710","12142876","35","120005649"
"chr4","132148616","132148683","chr1","125095297","125095370","12","7053319"
"chr4","132172314","132172625","chr5","128031629","128031933","27","4140685"
"chr4","132174622","132174927","chr5","128034254","128034552","32","4140368"
"chr4","132180047","132180343","chr5","128039451","128039752","32","4140596"
"chr4","132193162","132193451","chr1","142005832","142006116","53","9812670"
"chr4","132210884","132211175","chr12","83473138","83473427","31","48737746"
"chr4","132213245","132213427","chrX","557444","557611","32","131655801"
"chr4","132216848","132217059","chr3","41546131","41546341","30","90670717"
"chr4","132217194","132217316","chr15","16296207","16296327","19","115920987"
"chr4","132245692","132246000","chr5","128108051","128108360","24","4137641"
"chr4","132250334","132250647","chr7","44336011","44336322","35","87914323"
"chr4","132259523","132259827","chr2","30518725","30519027","44","101740798"
"chr4","132279530","132279822","chrX","23351237","23351529","32","108928293"
"chr4","132287761","132288093","chr19","13140445","13140758","68","119147316"
"chr4","132446368","132446510","chr1","12240468","12240612","18","120205900"
"chr4","132768699","132769026","chr5","128636379","128636677","70","4132320"
"chr4","132774036","132774310","chr10","12659402","12659674","31","120114634"
"chr4","132823337","132823639","chr5","128694462","128694748","37","4128875"
"chr4","132860320","132860596","chr10","16955810","16956090","37","115904510"
"chr4","132968591","132968900","chr5","128839867","128840176","29","4128724"
"chr4","133081209","133081504","chr5","137171430","137171722","51","4090221"
"chr4","133234248","133234521","chr12","83365767","83366043","40","49868481"
"chr4","133391134","133391439","chr5","129311100","129311405","35","4080034"
"chr4","133402454","133402744","chr5","129322382","129322688","36","4080072"
"chr4","133463687","133463740","chr5","129378051","129378109","8","4085636"
"chr4","133464565","133464881","chr2","101802865","101803178","46","31661700"
"chr4","133476203","133476388","chr11","62490821","62491000","24","70985382"
"chr4","133502544","133502829","chr6","169544343","169544629","41","36041799"
"chr4","133557425","133557726","chr5","129468147","129468449","20","4089278"
"chr4","133565668","133565949","chr2","21506595","21506872","42","112059073"
"chr4","133684165","133684461","chr5","129596048","129596333","35","4088117"
"chr4","133781905","133782204","chr2","144071618","144071918","42","10289713"
"chr4","133808854","133809147","chr5","129728937","129729240","40","4079917"
"chr4","133813652","133813955","chr5","129733786","129734088","40","4079866"
"chr4","133833009","133833284","chr5","129753230","129753502","35","4079779"
"chr4","133910411","133910708","chr3","36442876","36443174","44","97467535"
"chr4","134063456","134063752","chr13","37463778","37464063","46","96599678"
"chr4","134148408","134148724","chr5","130134150","130134472","44","4014258"
"chr4","134270463","134270766","chr8","129162500","129162803","35","5107963"
"chr4","134325461","134325710","chr10","59910337","59910584","28","74415124"
"chr4","134357904","134358201","chr12","9456232","9456522","53","124901672"
"chr4","134387489","134387633","chr14","6351116","6351258","37","128036373"
"chr4","134426503","134426675","chr1","184124308","184124480","31","49697805"
"chr4","134557476","134557772","chr6","95776648","95776947","36","38780828"
"chr4","134635988","134636280","chr16","8516108","8516404","30","126119880"
"chr4","134857744","134858042","chr1","36905300","36905598","40","97952444"
"chr4","134904070","134904309","chr9","72730444","72730684","38","62173626"
"chr4","135010580","135010868","chr7","3450180","3450461","34","131560400"
"chr4","135059977","135060281","chr2","50654899","50655197","42","84405078"
"chr4","135064400","135064685","chr5","130993708","130993999","30","4070692"
"chr4","135101551","135101864","chr3","55619487","55619801","43","79482064"
"chr4","135156439","135156693","chr10","54437810","54438045","67","80718629"
"chr4","135232970","135233250","chr14","56872398","56872678","43","78360572"
"chr4","135602374","135602589","chr16","46571531","46571744","34","89030843"
"chr4","135618755","135619051","chr5","131542300","131542598","31","4076455"
"chr4","135758447","135758761","chr5","131669331","131669637","32","4089116"
"chr4","135814312","135814625","chr7","41883821","41884127","41","93930491"
"chr4","135887220","135887515","chr4","37504376","37504673","35","98382844"
"chr4","136236146","136236431","chr5","165211439","165211721","43","28975293"
"chr4","136267713","136268015","chr13","2481127","2481431","42","133786586"
"chr4","136379178","136379454","chr2","84219799","84220077","49","52159379"
"chr4","136427212","136427513","chr6","179179537","179179841","36","42752325"
"chr4","136434652","136434926","chr10","32586303","32586579","49","103848349"
"chr4","136453151","136453448","chr5","132460381","132460682","23","3992770"
"chr4","136466354","136466656","chr5","132473342","132473638","33","3993012"
"chr4","136573696","136574004","chr5","132582642","132582950","38","3991054"
"chr4","136574659","136574960","chr8","131575102","131575406","36","4999557"
"chr4","136583296","136583600","chr2","57691932","57692233","36","78891364"
"chr4","136680103","136680417","chr5","132693380","132693687","35","3986723"
"chr4","136681614","136681673","chr5","85373418","85373463","20","51308196"
"chr4","136775635","136775945","chr1","202022761","202023065","42","65247126"
"chr4","136780048","136780349","chr3","3306302","3306586","53","133473746"
"chr4","136854260","136854385","chr9","97550947","97551073","12","39303313"
"chr4","136855862","136856155","chr5","132883867","132884169","34","3971995"
"chr4","136860286","136860573","chr5","132887989","132888276","26","3972297"
"chr4","136873932","136874044","chr4","56235373","56235488","24","80638559"
"chr4","136880940","136881108","chr15","108095064","108095230","20","28785876"
"chr4","137000548","137000694","chr1","27794417","27794561","36","109206131"
"chr4","137215936","137216245","chr5","133313267","133313585","42","3902669"
"chr4","137382705","137383011","chr9","36187398","36187697","49","101195307"
"chr4","137481252","137481540","chr7","169588830","169589125","33","32107578"
"chr4","137632001","137632290","chr18","6311430","6311717","36","131320571"
"chr4","137764423","137764704","chr5","133877919","133878200","32","3886504"
"chr4","137957815","137958112","chr10","37249410","37249706","43","100708405"
"chr4","138069275","138069581","chr5","134177740","134178045","31","3891535"
"chr4","138106084","138106389","chr5","134213872","134214176","44","3892212"
"chr4","138140985","138141265","chr5","140003061","140003335","46","1862076"
"chr4","138270586","138270711","chr5","85294060","85294183","29","52976526"
"chr4","138382441","138382489","chr1","95918958","95919004","10","42463483"
"chr4","138414578","138414875","chr8","41814834","41815130","43","96599744"
"chr4","138469299","138469498","chr6","124382423","124382631","50","14086876"
"chr4","138509301","138509605","chr14","100441445","100441748","42","38067856"
"chr4","138610613","138610907","chr2","125918638","125918931","34","12691975"
"chr4","138621757","138622060","chr13","56339728","56340028","35","82282029"
"chr4","138638240","138638383","chr1","11197053","11197199","26","127441187"
"chr4","138662488","138662804","chr6","73393768","73394067","58","65268720"
"chr4","138963831","138964136","chr5","135073469","135073784","56","3890362"
"chr4","139051252","139051535","chr16","18065668","18065951","43","120985584"
"chr4","139051565","139051583","chr8","124687585","124687603","1","14363980"
"chr4","139117054","139117334","chr11","25992699","25992984","42","113124355"
"chr4","139196241","139196561","chr5","135254091","135254405","46","3942150"
"chr4","139354832","139355145","chr5","135399251","135399554","46","3955581"
"chr4","139530254","139530535","chr1","45683303","45683582","40","93846951"
"chr4","139641369","139641684","chr10","28000161","28000467","48","111641208"
"chr4","139686518","139686646","chr4","71089491","71089624","22","68597027"
"chr4","139686873","139687026","chr4","163053093","163053252","31","23366220"
"chr4","139769100","139769395","chr13","14714807","14715101","45","125054293"
"chr4","139840244","139840550","chr1","205847853","205848155","36","66007609"
"chr4","140122452","140122594","chr16","72732446","72732586","34","67390006"
"chr4","140220138","140220441","chr9","93157421","93157721","42","47062717"
"chr4","140470029","140470203","chr16","50415896","50416069","36","90054133"
"chr4","140566767","140567078","chr5","8525683","8525984","51","132041084"
"chr4","140762889","140763184","chr5","51876893","51877179","42","88885996"
"chr4","140785113","140785363","chr5","137008682","137008921","34","3776431"
"chr4","140910202","140910496","chr2","106993483","106993780","44","33916719"
"chr4","140942549","140942833","chr5","137171430","137171722","34","3771119"
"chr4","141170688","141171000","chr1","22893626","22893937","43","118277062"
"chr4","141218549","141218857","chr11","54582194","54582502","41","86636355"
"chr4","141328882","141329102","chr16","9675962","9676190","45","131652920"
"chr4","141358145","141358451","chr10","88513967","88514275","36","52844178"
"chr4","141367879","141368186","chr5","137598182","137598488","18","3769697"
"chr4","141369495","141369788","chr5","137599769","137600056","40","3769726"
"chr4","141384170","141384442","chr4","100485045","100485318","38","40899125"
"chr4","141417351","141417522","chr16","3098326","3098486","42","138319025"
"chr4","141423903","141424200","chr1","95021900","95022201","40","46402003"
"chr4","141464511","141464804","chr5","137694535","137694845","43","3769976"
"chr4","141488781","141489030","chr6","175620541","175620775","50","34131760"
"chr4","141567080","141567256","chr1","140576951","140577130","25","990129"
"chr4","141568795","141569096","chr5","7365971","7366261","48","134202824"
"chr4","141657037","141657335","chr5","137899846","137900145","32","3757191"
"chr4","141669324","141669619","chr5","137906772","137907073","34","3762552"
"chr4","141739199","141739499","chr6","129934590","129934892","45","11804609"
"chr4","141781050","141781344","chr5","138013454","138013752","33","3767596"
"chr4","141833116","141833251","chr5","138065814","138065955","15","3767302"
"chr4","141847711","141847998","chr5","138080249","138080529","32","3767462"
"chr4","141924414","141924559","chr7","137660778","137660931","35","4263636"
"chr4","142086203","142086488","chr20","19144759","19145045","32","122941444"
"chr4","142097293","142097579","chr6","77716543","77716821","62","64380750"
"chr4","142170578","142170873","chr5","138478878","138479172","27","3691700"
"chr4","142490199","142490488","chr5","138816459","138816748","26","3673740"
"chr4","142545373","142545649","chr5","138870607","138870885","15","3674766"
"chr4","142550444","142550745","chrX","9240846","9241146","33","133309598"
"chr4","142596839","142597142","chr5","138916506","138916814","36","3680333"
"chr4","142597252","142597458","chr11","2904691","2904882","28","139692561"
"chr4","142617162","142617465","chr5","138931847","138932148","27","3685315"
"chr4","142676255","142676463","chr18","1029987","1030198","33","141646268"
"chr4","142680216","142680517","chr4","88410610","88410912","38","54269606"
"chr4","142682290","142682569","chr1","60950723","60950996","38","81731567"
"chr4","142688389","142688673","chr11","6660769","6661050","38","136027620"
"chr4","142694108","142694405","chr5","139009918","139010198","43","3684190"
"chr4","142701138","142701439","chr5","139017392","139017697","28","3683746"
"chr4","142705292","142705569","chr12","88878505","88878790","41","53826787"
"chr4","142723393","142723574","chr3","41969507","41969684","30","100753886"
"chr4","142726913","142727201","chr14","115986443","115986729","36","26740470"
"chr4","142735908","142736202","chr5","139053550","139053842","26","3682358"
"chr4","142736703","142737009","chr5","139054344","139054650","24","3682359"
"chr4","142749309","142749608","chr5","139067063","139067356","26","3682246"
"chr4","142753520","142753821","chr5","139071437","139071723","46","3682083"
"chr4","142761820","142762115","chr5","139079709","139080012","27","3682111"
"chr4","142801434","142801721","chr5","139113162","139113445","29","3688272"
"chr4","142837364","142837660","chr5","139157190","139157480","31","3680174"
"chr4","142838392","142838690","chr7","45576424","45576717","41","97261968"
"chr4","142839071","142839418","chr3","47839935","47840275","74","94999136"
"chr4","142843728","142844012","chr1","210885185","210885469","35","68041457"
"chr4","142844588","142844878","chr5","139165410","139165700","25","3679178"
"chr4","142858338","142858514","chr3","36859317","36859495","28","105999021"
"chr4","142884315","142884604","chr1","50853090","50853377","37","92031225"
"chr4","142892268","142892412","chr7","123630158","123630297","26","19262110"
"chr4","142931021","142931183","chr2","188225310","188225477","32","45294289"
"chr4","142941947","142942259","chr15","42266168","42266476","39","100675779"
"chr4","142945841","142946086","chr11","125124943","125125187","29","17820898"
"chr4","142946756","142947044","chr3","167090261","167090550","37","24143505"
"chr4","142992451","142992738","chr3","42417165","42417456","44","100575286"
"chr4","142992885","142993148","chr8","18938933","18939189","40","124053952"
"chr4","142994390","142994700","chr12","84261039","84261351","38","58733351"
"chr4","142998760","142998858","chr2","51286276","51286376","13","91712484"
"chr4","143001351","143001653","chr5","139338094","139338399","30","3663257"
"chr4","143001758","143002048","chr5","139339335","139339613","35","3662423"
"chr4","143006490","143006790","chr5","139344213","139344516","30","3662277"
"chr4","143009276","143009573","chr5","139347026","139347327","23","3662250"
"chr4","143015707","143016008","chr5","139353366","139353661","32","3662341"
"chr4","143032775","143033062","chr15","8611982","8612274","44","134420793"
"chr4","143074419","143074770","chr3","164494607","164494917","89","21420188"
"chr4","143089144","143089391","chr4","21858552","21858793","46","121230592"
"chr4","143090814","143091137","chr5","139434041","139434357","40","3656773"
"chr4","143105739","143106032","chr4","105325140","105325433","36","37780599"
"chr4","143113264","143113552","chr5","139455189","139455478","34","3658075"
"chr4","143152275","143152580","chr4","7087495","7087797","43","136064780"
"chr4","143155535","143155830","chr20","42678956","42679249","34","100476579"
"chr4","143157740","143158036","chrX","130555559","130555852","29","12602181"
"chr4","143170066","143170187","chr3","124100480","124100599","15","19069586"
"chr4","143170188","143170296","chr18","25702893","25702999","18","117467295"
"chr4","143171723","143172029","chr5","139518037","139518343","29","3653686"
"chr4","143189281","143189576","chr5","139536202","139536494","21","3653079"
"chr4","143202979","143203270","chr5","139551516","139551811","29","3651463"
"chr4","143241715","143242016","chr5","139590313","139590624","33","3651402"
"chr4","143260664","143260967","chr13","45505974","45506279","37","97754690"
"chr4","143264315","143264609","chr14","110832198","110832494","34","32432117"
"chr4","143274091","143274377","chr5","139622103","139622389","30","3651988"
"chr4","143299257","143299563","chr5","139653331","139653632","21","3645926"
"chr4","143316801","143317101","chr5","139663621","139663924","26","3653180"
"chr4","143317639","143317937","chr5","139664508","139664817","29","3653131"
"chr4","143319944","143320232","chr7","67760064","67760356","36","75559880"
"chr4","143320729","143321036","chr12","57850151","57850455","36","85470578"
"chr4","143333964","143334225","chr9","21464821","21465072","35","121869143"
"chr4","143367646","143367942","chr5","139717871","139718162","19","3649775"
"chr4","143410485","143410783","chr5","139753241","139753532","29","3657244"
"chr4","143414352","143414659","chr8","44906465","44906775","29","98507887"
"chr4","143419612","143419909","chr5","139762216","139762513","30","3657396"
"chr4","143429526","143429821","chr6","140907162","140907461","41","2522364"
"chr4","143509384","143509681","chr5","139853926","139854229","30","3655458"
"chr4","143514527","143514822","chr5","139859063","139859360","30","3655464"
"chr4","143525544","143525853","chr5","139870596","139870899","30","3654948"
"chr4","143554271","143554575","chr5","139900708","139901016","24","3653563"
"chr4","143583187","143583490","chr6","129934590","129934892","35","13648597"
"chr4","143640592","143640933","chr5","139983537","139983846","59","3657055"
"chr4","143650140","143650441","chr16","1511202","1511503","35","142138938"
"chr4","143660794","143661056","chr3","161871065","161871331","33","18210271"
"chr4","143722939","143723243","chr6","73393768","73394067","33","70329171"
"chr4","143724203","143724503","chr5","140066864","140067170","31","3657339"
"chr4","143741374","143741684","chrX","23558557","23558868","38","120182817"
"chr4","143758343","143758640","chr5","140100605","140100904","28","3657738"
"chr4","143826316","143826623","chr16","30660195","30660500","33","113166121"
"chr4","143829958","143830242","chr15","79894939","79895223","37","63935019"
"chr4","143850471","143850726","chr5","140194121","140194375","29","3656350"
"chr4","143852743","143852940","chr11","2904691","2904882","31","140948052"
"chr4","143923425","143923706","chr5","140263343","140263635","26","3660082"
"chr4","143949960","143950264","chr4","107700167","107700465","42","36249793"
"chr4","143964018","143964319","chr5","140351041","140351343","19","3612977"
"chr4","144097385","144097685","chr16","9054250","9054553","29","135043135"
"chr4","144164856","144165084","chr10","61029967","61030201","40","83134889"
"chr4","144203172","144203480","chrX","130457211","130457521","47","13745961"
"chr4","144234587","144234886","chr5","140616069","140616375","30","3618518"
"chr4","144251379","144251686","chr12","106930268","106930572","41","37321111"
"chr4","144285583","144285871","chr5","140667096","140667395","33","3618487"
"chr4","144370926","144371219","chrX","44429429","44429724","29","99941497"
"chr4","144414977","144415266","chr1","160411396","160411691","42","15996419"
"chr4","144430700","144430980","chr9","106051939","106052219","33","38378761"
"chr4","144435887","144436180","chr5","140820011","140820303","31","3615876"
"chr4","144466269","144466562","chr5","140843751","140844053","30","3622518"
"chr4","144599918","144600231","chr5","140977816","140978117","41","3622102"
"chr4","144639243","144639551","chr5","141019831","141020139","28","3619412"
"chr4","144645643","144645934","chr5","141026145","141026449","43","3619498"
"chr4","144662944","144663103","chr5","141044315","141044474","14","3618629"
"chr4","144663196","144663291","chr3","175609367","175609465","17","30946171"
"chr4","144665272","144665586","chr16","41016471","41016777","38","103648801"
"chr4","144717505","144717811","chr5","141108750","141109060","36","3608755"
"chr4","144733301","144733589","chr15","9065773","9066063","39","135667528"
"chr4","144756837","144757137","chr5","141150301","141150599","20","3606536"
"chr4","144819831","144820144","chr5","141215961","141216267","42","3603870"
"chr4","144903152","144903449","chr5","141295019","141295330","41","3608133"
"chr4","145014639","145014940","chr5","141403094","141403385","37","3611545"
"chr4","145018488","145018780","chr5","141406936","141407227","35","3611552"
"chr4","145068917","145069179","chr5","141477392","141477668","36","3591525"
"chr4","145129196","145129472","chr15","9289093","9289377","42","135840103"
"chr4","145145373","145145651","chr5","141553002","141553283","38","3592371"
"chr4","145155663","145155972","chr11","54384246","54384559","50","90771417"
"chr4","145266964","145267261","chr5","141660662","141660960","20","3606302"
"chr4","145350428","145350613","chr16","4662168","4662352","25","140688260"
"chr4","145693099","145693366","chr14","7664868","7665141","43","138028231"
"chr4","145740749","145741033","chr15","17800355","17800635","39","127940394"
"chr4","145784515","145784716","chrX","47018952","47019147","44","98765563"
"chr4","145857107","145857413","chr14","45585591","45585895","40","100271516"
"chr4","145887563","145887864","chr6","91735449","91735750","25","54152114"
"chr4","145899967","145900278","chrX","44836707","44837017","41","101063260"
"chr4","146169693","146169959","chr5","142553227","142553503","39","3616466"
"chr4","146289717","146289993","chr16","58631076","58631352","32","87658641"
"chr4","146425971","146426267","chr5","142813682","142813980","37","3612289"
"chr4","146436898","146437197","chr5","142825082","142825379","25","3611816"
"chr4","146440029","146440341","chrX","39967008","39967319","50","106473021"
"chr4","146451323","146451605","chr3","4647021","4647302","38","141804302"
"chr4","146470910","146471157","chr10","22312166","22312412","42","124158744"
"chr4","146506262","146506539","chr5","142947950","142948215","36","3558312"
"chr4","146611101","146611392","chr5","143044272","143044558","28","3566829"
"chr4","146711791","146712014","chr16","9675962","9676190","32","137035829"
"chr4","146769400","146769649","chr15","4249308","4249555","44","142520092"
"chr4","146780503","146780787","chr11","37817402","37817684","36","108963101"
"chr4","146820195","146820486","chr5","143246571","143246850","36","3573624"
"chr4","146835409","146835727","chr5","143261781","143262077","45","3573628"
"chr4","146852300","146852450","chr3","127758323","127758474","17","19093977"
"chr4","146854521","146854816","chr5","143280501","143280792","23","3574020"
"chr4","146958647","146958978","chr1","179532525","179532857","43","32573878"
"chr4","146969444","146969740","chr18","46523354","46523653","41","100446090"
"chr4","146973162","146973506","chr12","87981900","87982228","66","58991262"
"chr4","146973683","146973830","chr19","20227281","20227430","23","126746402"
"chr4","146978260","146978376","chr20","54711525","54711640","16","92266735"
"chr4","146986221","146986505","chr10","53132033","53132318","32","93854188"
"chr4","146986872","146987022","chr20","65902013","65902162","19","81084859"
"chr4","146992802","146993093","chr11","47153537","47153828","35","99839265"
"chr4","146999350","146999635","chr11","132437462","132437750","43","14561888"
"chr4","147029159","147029440","chr4","107093199","107093478","37","39935960"
"chr4","147048717","147049013","chr15","39460070","39460366","35","107588647"
"chr4","147060975","147061278","chr5","143475722","143476021","22","3585253"
"chr4","147110989","147111290","chr5","143520471","143520770","31","3590518"
"chr4","147144202","147144475","chr18","4607193","4607468","33","142537009"
"chr4","147198123","147198393","chr17","82998507","82998775","45","64199616"
"chr4","147291515","147291662","chr1","160403053","160403201","28","13111538"
"chr4","147374171","147374448","chr13","65708117","65708395","34","81666054"
"chr4","147940105","147940412","chr13","86777246","86777552","39","61162859"
"chr4","147950230","147950524","chrX","46755159","46755454","32","101195071"
"chr4","147998795","147999056","chr1","139650554","139650817","37","8348241"
"chr4","148011623","148011908","chr10","28584966","28585249","37","119426657"
"chr4","148062678","148062954","chr5","143877988","143878267","45","4184690"
"chr4","148069916","148070188","chr13","71119607","71119869","43","76950309"
"chr4","148116128","148116432","chr5","143935430","143935730","30","4180698"
"chr4","148141154","148141451","chrX","114883322","114883623","36","33257832"
"chr4","148229978","148230285","chr6","73393768","73394067","40","74836210"
"chr4","148300484","148300772","chr5","144133320","144133609","34","4167164"
"chr4","148418362","148418651","chr5","144251770","144252055","40","4166592"
"chr4","148606953","148607250","chrX","41694245","41694543","35","106912708"
"chr4","148631266","148631567","chr14","32834682","32834977","39","115796584"
"chr4","148664004","148664277","chr5","144506934","144507198","42","4157070"
"chr4","148675619","148675891","chr5","144519085","144519368","29","4156534"
"chr4","148689488","148689604","chr13","26091006","26091123","12","122598482"
"chr4","148695132","148695415","chr5","144538375","144538666","25","4156757"
"chr4","148772874","148773177","chr1","41523678","41523977","35","107249196"
"chr4","148826970","148827255","chr5","144671741","144672038","37","4155229"
"chr4","148943120","148943416","chr14","65993781","65994080","33","82949339"
"chr4","148947672","148947973","chr5","144781459","144781762","32","4166213"
"chr4","149017471","149017774","chr3","11643104","11643407","47","137374367"
"chr4","149046434","149046737","chr5","144901811","144902110","32","4144623"
"chr4","149063076","149063390","chr15","42266168","42266476","43","106796908"
"chr4","149093531","149093643","chr5","144948545","144948665","19","4144986"
"chr4","149093739","149093932","chr5","144948766","144948954","23","4144973"
"chr4","149175991","149176147","chr1","111355154","111355311","26","37820837"
"chr4","149183634","149183919","chr19","7266813","7267115","58","141916821"
"chr4","149184126","149184425","chr7","43067043","43067333","40","106117083"
"chr4","149195325","149195634","chr1","164385219","164385527","41","15189894"
"chr4","149200853","149201138","chr1","117617080","117617364","41","31583773"
"chr4","149250706","149250992","chr5","145106152","145106436","17","4144554"
"chr4","149272670","149272959","chr5","145123904","145124202","35","4148766"
"chr4","149313345","149313623","chr9","110633099","110633381","29","38680246"
"chr4","149441817","149442116","chr5","186781339","186781642","49","37339522"
"chr4","149454204","149454517","chr2","89013624","89013933","44","60440580"
"chr4","149476232","149476547","chr5","145324254","145324565","20","4151978"
"chr4","149478816","149479127","chr5","145326916","145327219","29","4151900"
"chr4","149505194","149505485","chrX","46755159","46755454","37","102750035"
"chr4","149518410","149518712","chr1","42128893","42129195","34","107389517"
"chr4","149541972","149542262","chr3","126615249","126615539","33","22926723"
"chr4","149555685","149555953","chr5","145404197","145404478","38","4151488"
"chr4","149676031","149676315","chr3","32443406","32443689","36","117232625"
"chr4","149767860","149768013","chr2","188378796","188378944","27","38610936"
"chr4","149777292","149777587","chr12","81710970","81711266","35","68066322"
"chr4","149811066","149811369","chr5","145653897","145654215","38","4157169"
"chr4","149811671","149811955","chr14","67232193","67232479","40","82579478"
"chr4","149888353","149888469","chrX","117855294","117855417","24","32033059"
"chr4","149898908","149899209","chr3","50077764","50078072","43","99821144"
"chr4","149956818","149956885","chr19","41104645","41104715","12","108852173"
"chr4","150208056","150208355","chr5","146041567","146041870","32","4166489"
"chr4","150222370","150222651","chr5","146055869","146056151","25","4166501"
"chr4","150234172","150234438","chr18","52230099","52230367","34","98004073"
"chr4","150363166","150363471","chr5","146194697","146195002","36","4168469"
"chr4","150399262","150399551","chr5","146228492","146228789","26","4170770"
"chr4","150402864","150403158","chr19","20676318","20676616","36","129726546"
"chr4","150421874","150422005","chr15","65759763","65759896","18","84662111"
"chr4","150457185","150457472","chr3","38684532","38684827","41","111772653"
"chr4","150486835","150487137","chr11","93372932","93373236","35","57113903"
"chr4","150539174","150539464","chr5","146371991","146372273","41","4167183"
"chr4","150566992","150567295","chr5","146391104","146391409","27","4175888"
"chr4","150672831","150673135","chr7","78931435","78931742","39","71741396"
"chr4","150688546","150688820","chr1","37954757","37955032","41","112733789"
"chr4","150918249","150918409","chr18","40186193","40186358","33","110732056"
"chr4","150965940","150966232","chr5","146808472","146808763","24","4157468"
"chr4","150995140","150995445","chr5","146840408","146840714","32","4154732"
"chr4","151000702","151000981","chr19","25581075","25581354","43","125419627"
"chr4","151056642","151056947","chr1","166387645","166387949","32","15331003"
"chr4","151134692","151134997","chr8","94510144","94510444","34","56624548"
"chr4","151392717","151392967","chr5","42528021","42528273","36","108864696"
"chr4","151498357","151498668","chr7","40063489","40063797","36","111434868"
"chr4","151551764","151552064","chr6","73393768","73394067","33","78157996"
"chr4","151584692","151584998","chr20","5518304","5518610","42","146066388"
"chr4","151657016","151657312","chr3","178976330","178976618","51","27319314"
"chr4","151675135","151675427","chr3","2986573","2986865","36","148688562"
"chr4","151678899","151679178","chr2","47942968","47943249","37","103735931"
"chr4","151699421","151699712","chr5","147569327","147569619","26","4130094"
"chr4","151706356","151706652","chrX","41694245","41694543","37","110012111"
"chr4","151707590","151707896","chr2","146877836","146878139","32","4829754"
"chr4","151709299","151709535","chr9","72730444","72730684","30","78978855"
"chr4","151720316","151720622","chr5","147593075","147593373","35","4127241"
"chr4","151725143","151725425","chr16","46196095","46196377","41","105529048"
"chr4","151731454","151731750","chr5","147604336","147604647","51","4127118"
"chr4","151734327","151734569","chr9","10009673","10009908","37","141724654"
"chr4","151745083","151745338","chr3","80140848","80141099","45","71604235"
"chr4","151747363","151747675","chr5","147621170","147621479","36","4126193"
"chr4","151751217","151751512","chr5","147625042","147625334","39","4126175"
"chr4","151757608","151757893","chr5","147631624","147631899","28","4125984"
"chr4","151817407","151817702","chrX","52560249","52560544","32","99257158"
"chr4","151818531","151818820","chr10","54783403","54783695","33","97035128"
"chr4","151822506","151822641","chr14","4018104","4018238","15","147804402"
"chr4","151828611","151828906","chr7","137866997","137867295","42","13961614"
"chr4","151850058","151850332","chr5","147724320","147724615","38","4125738"
"chr4","151874784","151875029","chr12","80456402","80456644","38","71418382"
"chr4","151886408","151886698","chr5","147759480","147759773","26","4126928"
"chr4","151895789","151896094","chr4","1418894","1419185","49","150476895"
"chr4","151907233","151907523","chr15","9065773","9066063","38","142841460"
"chr4","152065531","152065813","chrX","40056549","40056830","31","112008982"
"chr4","152113911","152114198","chr8","93237278","93237575","37","58876633"
"chr4","152124018","152124325","chr20","55147901","55148203","39","96976117"
"chr4","152129045","152129358","chr3","100832651","100832962","43","51296394"
"chr4","152182994","152183304","chr12","120355953","120356262","43","31827041"
"chr4","152204231","152204542","chr5","148072800","148073117","41","4131431"
"chr4","152235032","152235342","chr5","148105313","148105619","35","4129719"
"chr4","152291280","152291428","chr2","192002719","192002865","22","39711439"
"chr4","152291560","152291705","chr18","18548284","18548431","23","133743276"
"chr4","152294370","152294654","chr5","148166611","148166899","32","4127759"
"chr4","152327159","152327464","chr5","148195654","148195951","31","4131505"
"chr4","152344083","152344381","chr5","148212175","148212479","26","4131908"
"chr4","152385056","152385362","chrX","118042139","118042444","29","34342917"
"chr4","152417166","152417458","chr5","148284860","148285151","23","4132306"
"chr4","152461164","152461463","chr20","27635056","27635351","36","124826108"
"chr4","152470109","152470411","chr17","24909075","24909373","39","127561034"
"chr4","152472867","152473172","chr5","148340884","148341187","29","4131983"
"chr4","152480307","152480602","chr7","358661","358956","19","152121646"
"chr4","152542331","152542643","chr5","148412318","148412626","32","4130013"
"chr4","152550066","152550352","chr5","148420400","148420688","17","4129666"
"chr4","152634355","152634652","chr11","110573347","110573643","33","42061008"
"chr4","152655670","152655829","chr7","120346484","120346633","27","32309186"
"chr4","152697131","152697421","chr5","51170047","51170316","66","101527084"
"chr4","152716833","152717130","chr5","148602380","148602674","32","4114453"
"chr4","152861464","152861755","chr20","56831413","56831703","36","96030051"
"chr4","153005598","153005832","chr6","172712101","172712335","34","19706503"
"chr4","153070167","153070466","chr4","152746934","152747232","21","323233"
"chr4","153231005","153231309","chr5","149023596","149023902","26","4207409"
"chr4","153628256","153628547","chr5","149454473","149454766","22","4173783"
"chr4","153775795","153776103","chr5","149597253","149597559","31","4178542"
"chr4","153823528","153823759","chr9","10009673","10009908","34","143813855"
"chr4","153993892","153994185","chr5","149867540","149867837","25","4126352"
"chr4","153998459","153998761","chr5","149872146","149872449","29","4126313"
"chr4","154122715","154122897","chr6","10543961","10544143","20","143578754"
"chr4","154147830","154148121","chr2","121962583","121962874","30","32185247"
"chr4","154153148","154153441","chr5","150027381","150027674","20","4125767"
"chr4","154157805","154158092","chr11","55122642","55122939","41","99035163"
"chr4","154193226","154193360","chr3","3601650","3601780","23","150591576"
"chr4","154228137","154228433","chr9","93204026","93204319","32","61024111"
"chr4","154239351","154239637","chr5","150115506","150115791","16","4123845"
"chr4","154269669","154269951","chr15","79817428","79817708","41","74452241"
"chr4","154316080","154316389","chr5","150191071","150191367","29","4125009"
"chr4","154491257","154491569","chr4","45275897","45276202","35","109215360"
"chr4","154521193","154521450","chr3","6081837","6082097","45","148439356"
"chr4","154642889","154643161","chr1","129089131","129089396","43","25553758"
"chr4","154713096","154713402","chr7","137262952","137263255","31","17450144"
"chr4","154762160","154762327","chr19","26664850","26665022","30","128097310"
"chr4","154774935","154775202","chr5","51170047","51170316","39","103604888"
"chr4","154833786","154834074","chr10","7678604","7678892","37","147155182"
"chr4","154840748","154841046","chr5","150769650","150769953","34","4071098"
"chr4","154848517","154848800","chr5","150777192","150777476","24","4071325"
"chr4","154851570","154851864","chr5","150780223","150780515","33","4071347"
"chr4","154856803","154857098","chr5","150785829","150786125","34","4070974"
"chr4","154859146","154859450","chr17","81762838","81763136","33","73096308"
"chr4","154915835","154916150","chrX","23558557","23558868","40","131357278"
"chr4","154920395","154920530","chr15","9786599","9786734","13","145133796"
"chr4","154920531","154920794","chr8","143963211","143963472","27","10957320"
"chr4","154920795","154921024","chr14","19475809","19476022","52","135444986"
"chr4","154964576","154964703","chr9","97550947","97551073","20","57413629"
"chr4","154964820","154965019","chr9","810365","810553","36","154154455"
"chr4","154984900","154985194","chr4","73882488","73882783","42","81102412"
"chr4","154996439","154996633","chr12","20723702","20723888","49","134272737"
"chr4","154997209","154997511","chr16","4527460","4527756","45","150469749"
"chr4","154998906","154999174","chr6","165019692","165019949","47","10020786"
"chr4","155002996","155003158","chr16","48455795","48455956","21","106547201"
"chr4","155003577","155003868","chr5","150925381","150925674","35","4078196"
"chr4","155015049","155015255","chr2","204638025","204638229","37","49622976"
"chr4","155020825","155021110","chr5","150944663","150944948","34","4076162"
"chr4","155026902","155027202","chr7","116887581","116887882","31","38139321"
"chr4","155047438","155047733","chr5","150967245","150967543","32","4080193"
"chr4","155051830","155052052","chr5","150972394","150972617","15","4079436"
"chr4","155053519","155053703","chr2","84782701","84782876","32","70270818"
"chr4","155053706","155053963","chr5","150974457","150974730","43","4079249"
"chr4","155066176","155066473","chr3","166261548","166261846","45","11195372"
"chr4","155077187","155077448","chr1","89074754","89075008","51","66002433"
"chr4","155079065","155079363","chr3","21160342","21160639","44","133918723"
"chr4","155081818","155082130","chr5","150993441","150993743","31","4088377"
"chr4","155082505","155082693","chr20","42796520","42796706","27","112285985"
"chr4","155086950","155087265","chr1","10234104","10234413","51","144852846"
"chr4","155090768","155091031","chr14","15945638","15945901","34","139145130"
"chr4","155110056","155110259","chr3","182382271","182382470","29","27272215"
"chr4","155111505","155111793","chr5","151023024","151023314","35","4088481"
"chr4","155126384","155126663","chr16","40250119","40250399","35","114876265"
"chr4","155140762","155140918","chr7","165092908","165093077","37","9952146"
"chr4","155146931","155147100","chr1","9340804","9340975","31","145806127"
"chr4","155147446","155147744","chr3","14133270","14133569","35","141014176"
"chr4","155152186","155152493","chr2","83934742","83935047","36","71217444"
"chr4","155155770","155155868","chr20","2323734","2323833","13","152832036"
"chr4","155186814","155187091","chr5","151097710","151097992","40","4089104"
"chr4","155196907","155197206","chr5","151107844","151108152","30","4089063"
"chr4","155203117","155203185","chr10","92267371","92267435","20","62935746"
"chr4","155203224","155203412","chr10","10670434","10670621","27","144532790"
"chr4","155220549","155220855","chr5","151131381","151131689","25","4089168"
"chr4","155248498","155248640","chr16","4850336","4850468","25","150398162"
"chr4","155248941","155249246","chr5","151156686","151156996","30","4092255"
"chr4","155267595","155267893","chr3","44130889","44131190","30","111136706"
"chr4","155269517","155269785","chr13","8565974","8566239","45","146703543"
"chr4","155278770","155279072","chr5","151185892","151186201","35","4092878"
"chr4","155312535","155312829","chr5","151216992","151217291","25","4095543"
"chr4","155348591","155348895","chrX","117428205","117428490","50","37920386"
"chr4","155364427","155364725","chr5","151271890","151272191","25","4092537"
"chr4","155403797","155404107","chr1","32573109","32573418","35","122830688"
"chr4","155404929","155405228","chr5","151320919","151321206","29","4084010"
"chr4","155424535","155424834","chr5","151340503","151340797","25","4084032"
"chr4","155441432","155441550","chr5","151356790","151356904","12","4084642"
"chr4","155441602","155441771","chr5","151357017","151357170","27","4084585"
"chr4","155481290","155481571","chr5","151408436","151408723","33","4072854"
"chr4","155484582","155484878","chr5","151412728","151413039","31","4071854"
"chr4","155493404","155493684","chr1","5050480","5050765","44","150442924"
"chr4","155535555","155535731","chr5","151461875","151462051","20","4073680"
"chr4","155536297","155536418","chr1","9315137","9315263","18","146221160"
"chr4","155558823","155559115","chr7","45576424","45576717","35","109982399"
"chr4","155600819","155601115","chr4","130613138","130613434","37","24987681"
"chr4","155861924","155862212","chr5","151784471","151784766","31","4077453"
"chr4","155957009","155957319","chr1","41805196","41805511","37","114151813"
"chr4","155985623","155985924","chr4","7452540","7452835","38","148533083"
"chr4","156023184","156023488","chr5","151948567","151948870","20","4074617"
"chr4","156051725","156052012","chr19","36177650","36177935","37","119874075"
"chr4","156137841","156138006","chr5","147453129","147453298","39","8684712"
"chr4","156156723","156157006","chr18","6812517","6812800","30","149344206"
"chr4","156219188","156219348","chr1","88107984","88108143","21","68111204"
"chr4","156219531","156219697","chr19","10406027","10406196","26","145813504"
"chr4","156307186","156307498","chr5","152235596","152235906","33","4071590"
"chr4","156444446","156444745","chr2","69273471","69273769","34","87170975"
"chr4","156452525","156452791","chr9","29788370","29788629","45","126664155"
"chr4","156457076","156457383","chr7","32030880","32031184","35","124426196"
"chr4","156457792","156458084","chr16","18242235","18242525","31","138215557"
"chr4","156466785","156466931","chr11","67342046","67342194","28","89124739"
"chr4","156485007","156485314","chr5","152409645","152409958","35","4075362"
"chr4","156487009","156487312","chr5","152411646","152411947","34","4075363"
"chr4","156521246","156521350","chrX","71657610","71657711","18","84863636"
"chr4","156537467","156537738","chr5","152461277","152461555","30","4076190"
"chr4","156558273","156558430","chr1","74610219","74610377","28","81948054"
"chr4","156568631","156568938","chr5","152489824","152490122","27","4078807"
"chr4","156570890","156571189","chr5","152492061","152492366","28","4078829"
"chr4","156575313","156575607","chr1","64584409","64584705","35","91990904"
"chr4","156600459","156600577","chr19","6784606","6784725","15","149815853"
"chr4","156600858","156601022","chr9","97325455","97325624","25","59275403"
"chr4","156614456","156614746","chr5","152536279","152536577","25","4078177"
"chr4","156633520","156633799","chr13","92379163","92379449","30","64254357"
"chr4","156650055","156650431","chr5","152572488","152572789","87","4077567"
"chr4","156666047","156666352","chr5","152588354","152588649","29","4077693"
"chr4","156684914","156685224","chr1","26347523","26347832","39","130337391"
"chr4","156689730","156689886","chr5","152614040","152614210","21","4075690"
"chr4","156711521","156711833","chr5","152636074","152636386","26","4075447"
"chr4","156747649","156747919","chr8","29038925","29039197","43","127708724"
"chr4","156750962","156751263","chr5","152667809","152668109","20","4083153"
"chr4","156779554","156779852","chr5","152694818","152695124","27","4084736"
"chr4","156799307","156799578","chr5","152720452","152720749","50","4078855"
"chr4","156837239","156837550","chr9","12792394","12792700","41","144044845"
"chr4","156842469","156842763","chr6","129934590","129934892","36","26907879"
"chr4","156844019","156844314","chr3","43402255","43402549","38","113441764"
"chr4","156881511","156881806","chrX","17709336","17709637","64","139172175"
"chr4","156898949","156899255","chr5","152818141","152818434","27","4080808"
"chr4","156957661","156957965","chr5","152877429","152877737","36","4080232"
"chr4","156982756","156983054","chrX","46755159","46755454","39","110227597"
"chr4","157020913","157021208","chr9","97593066","97593358","33","59427847"
"chr4","157040584","157040862","chr5","7105359","7105637","35","149935225"
"chr4","157124873","157125159","chr5","153040523","153040816","31","4084350"
"chr4","157131933","157132233","chr5","153047969","153048267","30","4083964"
"chr4","157136942","157137240","chrX","8978538","8978833","36","148158404"
"chr4","157153762","157154066","chr5","153071454","153071761","34","4082308"
"chr4","157166667","157166969","chr5","153083496","153083801","30","4083171"
"chr4","157170530","157170678","chr19","50477367","50477522","33","106693163"
"chr4","157191150","157191454","chr5","153108311","153108598","38","4082839"
"chr4","157203683","157203986","chr7","67218976","67219283","35","89984707"
"chr4","157219274","157219572","chr5","153137632","153137943","32","4081642"
"chr4","157269857","157270151","chr5","153187561","153187857","23","4082296"
"chr4","157277975","157278271","chr3","53992043","53992340","36","103285932"
"chr4","157290695","157290988","chr5","153209004","153209305","30","4081691"
"chr4","157292967","157293271","chr5","153211288","153211587","27","4081679"
"chr4","157479572","157479870","chr5","153220646","153220944","30","4258926"
"chr4","157525351","157525570","chr1","97723066","97723283","26","59802285"
"chr4","157556447","157556665","chr20","18200661","18200881","38","139355786"
"chr4","157569451","157569729","chr4","44140247","44140529","61","113429204"
"chr4","157571187","157571482","chr20","42678956","42679249","35","114892231"
"chr4","157577435","157577726","chr11","123444723","123445019","36","34132712"
"chr4","157587959","157588241","chr5","153333871","153334163","34","4254088"
"chr4","157597023","157597119","chr3","150963548","150963649","19","6633475"
"chr4","157597585","157597752","chr2","95164613","95164776","37","62432972"
"chr4","157606478","157606610","chr18","47328411","47328543","12","110278067"
"chr4","157607549","157607800","chr11","24869592","24869848","42","132737957"
"chr4","157609898","157610200","chr5","153360221","153360523","16","4249677"
"chr4","157640795","157641090","chr5","153390989","153391282","24","4249806"
"chr4","157644741","157644869","chr15","17851239","17851374","16","139793502"
"chr4","157645184","157645355","chr7","25785669","25785843","25","131859515"
"chr4","157659751","157660054","chr5","153408857","153409155","27","4250894"
"chr4","157668950","157669238","chr11","252039","252317","38","157416911"
"chr4","157671115","157671420","chr15","42266168","42266476","35","115404947"
"chr4","157742848","157743011","chrX","117720504","117720665","24","40022344"
"chr4","157743304","157743441","chr1","108894724","108894860","16","48848580"
"chr4","157790223","157790494","chr5","153539865","153540136","38","4250358"
"chr4","157801367","157801607","chr6","140015934","140016183","42","17785433"
"chr4","157831606","157831918","chr10","12541086","12541391","45","145290520"
"chr4","157841409","157841680","chr5","153593650","153593915","35","4247759"
"chr4","157871875","157871945","chr5","153623000","153623070","6","4248875"
"chr4","157985304","157985566","chrX","43091309","43091572","31","114893995"
"chr4","158001413","158001718","chr5","153752816","153753109","32","4248597"
"chr4","158107591","158107874","chr5","153848862","153849155","38","4258729"
"chr4","158157435","158157732","chr5","153888146","153888442","32","4269289"
"chr4","158242637","158242822","chr7","133114354","133114541","27","25128283"
"chr4","158283912","158284206","chr5","154010891","154011195","41","4273021"
"chr4","158335111","158335405","chr5","154050347","154050646","33","4284764"
"chr4","158637246","158637537","chr19","25815828","25816105","45","132821418"
"chr4","158650257","158650557","chr6","75775282","75775584","41","82874975"
"chr4","158673510","158673764","chr5","154393187","154393443","29","4280323"
"chr4","158738665","158738955","chr2","137850090","137850387","43","20888575"
"chr4","158828322","158828608","chr20","65954243","65954531","37","92874079"
"chr4","158971431","158971724","chr11","54440983","54441275","37","104530448"
"chr4","159002797","159003108","chr1","8301988","8302302","35","150700809"
"chr4","159100520","159100815","chr5","154801258","154801554","24","4299262"
"chr4","159116151","159116381","chr12","60640820","60641060","61","98475331"
"chr4","159177234","159177524","chr18","20505848","20506142","36","138671386"
"chr4","159225664","159225939","chr12","20843965","20844245","42","138381699"
"chr4","159410461","159410756","chr10","59667642","59667941","38","99742819"
"chr4","159423499","159423639","chr5","155599874","155600039","32","3823625"
"chr4","159445116","159445413","chr5","155571520","155571820","41","3873596"
"chr4","159519962","159520254","chr5","155497973","155498262","36","4021989"
"chr4","159591072","159591316","chr15","106453250","106453494","34","53137822"
"chr4","159616074","159616383","chr5","155405805","155406115","30","4210269"
"chr4","159620385","159620676","chr5","155401184","155401493","31","4219201"
"chr4","159624469","159624771","chr10","59960385","59960695","45","99664084"
"chr4","159707720","159708002","chr5","155271963","155272245","31","4435757"
"chr4","159734236","159734505","chr5","155245792","155246062","25","4488444"
"chr4","159767206","159767489","chrX","139160483","139160766","33","20606723"
"chr4","159781960","159782268","chr16","39659210","39659522","59","120122750"
"chr4","159815093","159815385","chr5","155153809","155154103","29","4661284"
"chr4","159869371","159869667","chr1","220344932","220345232","44","60475561"
"chr4","159892700","159892997","chr12","38665223","38665521","36","121227477"
"chr4","159895288","159895548","chr5","155070296","155070545","40","4824992"
"chr4","160030008","160030309","chr11","32722108","32722408","44","127307900"
"chr4","160052760","160053051","chr5","155845906","155846217","42","4206854"
"chr4","160059501","160059801","chr5","155853853","155854155","29","4205648"
"chr4","160066959","160067219","chr13","63236736","63236994","46","96830223"
"chr4","160138791","160138817","chr7","41306677","41306698","7","118832114"
"chr4","160138859","160139109","chr17","22223562","22223811","42","137915297"
"chr4","160142928","160143033","chr12","88112976","88113081","13","72029952"
"chr4","160234680","160234961","chr8","138123654","138123935","40","22111026"
"chr4","160245150","160245407","chr5","156064420","156064705","44","4180730"
"chr4","160288336","160288643","chr6","11866650","11866952","38","148421686"
"chr4","160411820","160412123","chr10","13232062","13232359","45","147179758"
"chr4","160438182","160438480","chr5","156255052","156255353","27","4183130"
"chr4","160487420","160487701","chr9","64310443","64310725","36","96176977"
"chr4","160598404","160598753","chr5","156421647","156422002","32","4176757"
"chr4","160599427","160599738","chrX","100821754","100822066","34","59777673"
"chr4","160642313","160642564","chr2","92500002","92500256","42","68142311"
"chr4","160848485","160848787","chr5","156677568","156677874","32","4170917"
"chr4","160857543","160857823","chr5","156687129","156687413","20","4170414"
"chr4","160892545","160892735","chr5","156725362","156725578","35","4167183"
"chr4","160983535","160983670","chr15","16926169","16926299","27","144057366"
"chr4","161001716","161002013","chr5","156838899","156839192","35","4162817"
"chr4","161042504","161042765","chr5","156883827","156884096","33","4158677"
"chr4","161076304","161076570","chr5","156917579","156917839","51","4158725"
"chr4","161091312","161091618","chr5","156933349","156933659","26","4157963"
"chr4","161259471","161259780","chr3","154474330","154474642","34","6785141"
"chr4","161349873","161350161","chr5","157183525","157183811","13","4166348"
"chr4","161358923","161359165","chr5","157192564","157192804","21","4166359"
"chr4","161388847","161389131","chr17","84455444","84455732","44","76933403"
"chr4","161440855","161441153","chr13","57076552","57076848","34","104364303"
"chr4","161539744","161540047","chr17","5540852","5541152","38","155998892"
"chr4","161584496","161584806","chrX","39918091","39918400","34","121666405"
"chr4","161686417","161686730","chr10","13328299","13328605","32","148358118"
"chr4","161775597","161775878","chr13","38448431","38448712","35","123327166"
"chr4","161992536","161992860","chr16","31605562","31605875","61","130386974"
"chr4","162089070","162089364","chr5","157931909","157932197","37","4157161"
"chr4","162161718","162162029","chr5","158004513","158004824","19","4157205"
"chr4","162203325","162203628","chr1","43419061","43419362","32","118784264"
"chr4","162343829","162344130","chr5","158191681","158191988","38","4152148"
"chr4","162535315","162535623","chr5","158386935","158387241","35","4148380"
"chr4","162633930","162634242","chr5","158470965","158471283","38","4162965"
"chr4","162760117","162760349","chr16","9675962","9676190","35","153084155"
"chr4","162770672","162770963","chr5","158596840","158597126","25","4173832"
"chr4","162796800","162797084","chr5","158614192","158614480","29","4182608"
"chr4","162803832","162804121","chr5","158621243","158621540","30","4182589"
"chr4","162842601","162842898","chr5","8289100","8289402","35","154553501"
"chr4","162844730","162845023","chr9","59685986","59686279","29","103158744"
"chr4","162865521","162865825","chr13","24034147","24034450","37","138831374"
"chr4","162885284","162885592","chr5","158704371","158704676","25","4180913"
"chr4","162888095","162888385","chr20","68643250","68643541","36","94244845"
"chr4","162969305","162969613","chr3","73943824","73944135","36","89025481"
"chr4","162996084","162996385","chr5","158814617","158814916","21","4181467"
"chr4","163026702","163026854","chr4","137786039","137786190","26","25240663"
"chr4","163036566","163036717","chr2","188378796","188378944","23","25342230"
"chr4","163042000","163042279","chr5","6946466","6946750","36","156095534"
"chr4","163042605","163042751","chr5","158861914","158862064","22","4180691"
"chr4","163046470","163046787","chr5","158866076","158866392","40","4180394"
"chr4","163056660","163056957","chr5","158874291","158874579","25","4182369"
"chr4","163080829","163081139","chr5","158899450","158899761","32","4181379"
"chr4","163082360","163082533","chr1","128607013","128607194","29","34475347"
"chr4","163097470","163097770","chr5","158916077","158916383","35","4181393"
"chr4","163130304","163130597","chr1","26146975","26147259","60","136983329"
"chr4","163134095","163134386","chr3","36442876","36443174","33","126691219"
"chr4","163137533","163137791","chr19","37011761","37012012","42","126125772"
"chr4","163145598","163145778","chr1","22526172","22526359","29","140619426"
"chr4","163186719","163187020","chr5","158996385","158996696","30","4190334"
"chr4","163189179","163189355","chr7","25785669","25785843","24","137403510"
"chr4","163192391","163192642","chr11","112433630","112433895","50","50758761"
"chr4","163206164","163206424","chr2","110082638","110082896","37","53123526"
"chr4","163209878","163210172","chr5","159018416","159018707","21","4191462"
"chr4","163238189","163238487","chr17","24162866","24163161","37","139075323"
"chr4","163249100","163249393","chr18","20505848","20506142","34","142743252"
"chr4","163338561","163338863","chr5","159191622","159191923","32","4146939"
"chr4","163348169","163348462","chr5","159202336","159202637","33","4145833"
"chr4","163364046","163364213","chr6","139207284","139207450","30","24156762"
"chr4","163364313","163364426","chr17","33250152","33250260","21","130114161"
"chr4","163384416","163384712","chr3","79055005","79055312","48","84329411"
"chr4","163403624","163403888","chr7","77520608","77520881","43","85883016"
"chr4","163424387","163424654","chr5","159279957","159280225","20","4144430"
"chr4","163481021","163481321","chr5","159335722","159336027","28","4145299"
"chr4","163506593","163506912","chr5","159362393","159362697","44","4144200"
"chr4","163517369","163517666","chr1","34876706","34877001","34","128640663"
"chr4","163526180","163526314","chr11","109937735","109937869","18","53588445"
"chr4","163526847","163527023","chr7","20223071","20223252","31","143303776"
"chr4","163560714","163561023","chr3","41152612","41152921","41","122408102"
"chr4","163561244","163561295","chr5","47669928","47669976","12","115891316"
"chr4","163596930","163597235","chr7","113559810","113560113","36","50037120"
"chr4","163602662","163602971","chr4","48619545","48619851","41","114983117"
"chr4","163608590","163608850","chr5","159511220","159511480","18","4097370"
"chr4","163650606","163650897","chr2","182277641","182277932","37","18627035"
"chr4","163913010","163913318","chr5","159804402","159804703","32","4108608"
"chr4","163976979","163977268","chr5","159869501","159869784","25","4107478"
"chr4","164033930","164034210","chr3","76553143","76553425","45","87480787"
"chr4","164040538","164040831","chr5","159942258","159942550","26","4098280"
"chr4","164054980","164055291","chr5","159956492","159956802","28","4098488"
"chr4","164157444","164157746","chr12","57850151","57850455","38","106307293"
"chr4","164221705","164221928","chr17","14452161","14452382","34","149769544"
"chr4","164261993","164262258","chr6","148552424","148552689","35","15709569"
"chr4","164305419","164305715","chr1","8282848","8283148","35","156022571"
"chr4","164338555","164338828","chr5","160264135","160264412","28","4074420"
"chr4","164470419","164470715","chr5","160413320","160413619","37","4057099"
"chr4","164514649","164514946","chr5","160464746","160465051","35","4049903"
"chr4","164640628","164640933","chr7","42466329","42466631","43","122174299"
"chr4","164653338","164653627","chr13","42451413","42451702","50","122201925"
"chr4","164695306","164695456","chr16","6858537","6858688","21","157836769"
"chr4","164711701","164711998","chr1","43419061","43419362","41","121292640"
"chr4","164736271","164736579","chr10","12541086","12541391","40","152195185"
"chr4","164852293","164852476","chr14","8519498","8519695","50","156332795"
"chr4","164963692","164963997","chrX","96203415","96203722","36","68760277"
"chr4","164994678","164995007","chr19","35921979","35922292","65","129072699"
"chr4","165080776","165081019","chr10","59910337","59910584","41","105170439"
"chr4","165111983","165112239","chr14","11891111","11891377","40","153220872"
"chr4","165232311","165232621","chr2","190634954","190635262","42","25402643"
"chr4","165264236","165264391","chr15","16925752","16925910","34","148338484"
"chr4","165278986","165279284","chr5","161356844","161357137","42","3922142"
"chr4","165335139","165335441","chr4","57099833","57100137","38","108235306"
"chr4","165392633","165392922","chr3","164535092","164535388","39","857541"
"chr4","165456915","165457217","chr10","82980147","82980445","47","82476768"
"chr4","165551985","165552275","chr13","26378846","26379137","42","139173139"
"chr4","165577284","165577547","chr5","161644560","161644829","30","3932724"
"chr4","165649994","165650293","chr5","161724293","161724596","25","3925701"
"chr4","165657816","165658125","chr5","161733831","161734135","28","3923985"
"chr4","165681091","165681382","chr15","11180345","11180631","52","154500746"
"chr4","165729119","165729432","chrX","23558557","23558868","39","142170562"
"chr4","165758943","165759260","chr5","161837180","161837501","44","3921763"
"chr4","165817160","165817428","chr5","161902911","161903178","31","3914249"
"chr4","165840068","165840394","chr5","161925371","161925715","52","3914697"
"chr4","165855804","165856099","chr11","656787","657081","38","165199017"
"chr4","165905694","165905994","chr2","203095842","203096145","44","37190148"
"chr4","165917753","165918036","chr7","59596417","59596708","42","106321336"
"chr4","165946389","165946686","chr8","129162500","129162803","41","36783889"
"chr4","165956965","165957271","chr2","189477639","189477942","49","23520674"
"chr4","165993139","165993373","chrX","29984138","29984374","41","136009001"
"chr4","166036710","166036998","chr5","162138047","162138330","29","3898663"
"chr4","166040898","166041092","chr16","76410039","76410234","35","89630859"
"chr4","166068706","166068998","chr5","162175994","162176280","34","3892712"
"chr4","166084261","166084564","chr11","94920062","94920363","40","71164199"
"chr4","166254503","166254783","chr9","110633099","110633381","49","55621404"
"chr4","166255715","166255942","chr5","162429051","162429277","21","3826664"
"chr4","166277486","166277771","chr1","39808407","39808699","37","126469079"
"chr4","166350426","166350726","chr1","22448875","22449174","40","143901551"
"chr4","166448893","166448973","chr14","566033","566116","11","165882860"
"chr4","166510254","166510560","chr5","162753053","162753359","29","3757201"
"chr4","166584985","166585086","chr3","151235850","151235951","12","15349135"
"chr4","166664595","166664901","chr8","122699495","122699806","40","43965100"
"chr4","166690788","166691069","chrX","52506009","52506289","33","114184779"
"chr4","166695659","166695970","chr1","24003375","24003682","39","142692284"
"chr4","166721127","166721299","chr3","36859317","36859495","39","129861810"
"chr4","166770703","166771004","chr7","113559810","113560113","42","53210893"
"chr4","166773945","166774070","chr5","141044567","141044691","20","25729378"
"chr4","166867331","166867627","chr5","163109738","163110022","40","3757593"
"chr4","166872434","166872734","chr1","95476592","95476897","38","71395842"
"chr4","166883309","166883605","chr5","163125550","163125850","35","3757759"
"chr4","166922389","166922691","chr16","61529476","61529778","32","105392913"
"chr4","166926970","166927241","chr5","163182291","163182568","39","3744679"
"chr4","167040094","167040377","chr17","12814456","12814742","31","154225638"
"chr4","167125783","167126088","chr7","113559810","113560113","36","53565973"
"chr4","167174570","167174861","chr5","7365971","7366261","34","159808599"
"chr4","167181261","167181392","chr3","63945894","63946022","28","103235367"
"chr4","167276429","167276733","chr18","35545477","35545785","48","131730952"
"chr4","167344317","167344599","chr5","163605904","163606191","25","3738413"
"chr4","167345100","167345397","chr5","163606671","163606955","35","3738429"
"chr4","167377648","167377954","chr5","163637649","163637952","27","3739999"
"chr4","167385006","167385307","chr19","41682464","41682765","33","125702542"
"chr4","167426208","167426515","chr5","163683782","163684084","26","3742426"
"chr4","167519476","167519777","chr10","1512500","1512802","35","166006976"
"chr4","167533656","167533778","chr1","7373118","7373239","16","160160538"
"chr4","167533936","167534219","chr5","163789512","163789811","46","3744424"
"chr4","167616889","167617170","chr9","110633099","110633381","33","56983790"
"chr4","167646795","167647081","chr5","163905356","163905642","27","3741439"
"chr4","167736649","167736957","chr13","48894338","48894647","38","118842311"
"chr4","167848258","167848425","chr16","43272620","43272787","22","124575638"
"chr4","167864420","167864729","chr2","202017875","202018186","51","34153455"
"chr4","168080641","168080940","chr3","166005666","166005965","39","2074975"
"chr4","168086823","168087153","chr5","164300363","164300677","49","3786460"
"chr4","168239924","168240196","chrX","148237929","148238207","46","20001995"
"chr4","168294169","168294239","chr9","81447847","81447918","11","86846322"
"chr4","168294925","168295008","chr5","164503432","164503515","6","3791493"
"chr4","168679282","168679575","chr5","164622959","164623237","42","4056323"
"chr4","168695967","168696280","chr12","38592649","38592950","38","130103318"
"chr4","168708107","168708248","chr6","136114005","136114151","27","32594102"
"chr4","168712975","168713206","chr13","47564620","47564847","31","121148355"
"chr4","168729216","168729519","chrX","118034316","118034619","47","50694900"
"chr4","168804475","168804770","chr5","164800623","164800922","24","4003852"
"chr4","168821094","168821419","chrX","123490571","123490888","43","45330523"
"chr4","168850006","168850293","chr3","124575436","124575725","36","44274570"
"chr4","168852197","168852496","chr13","91979302","91979597","35","76872895"
"chr4","168896158","168896472","chr9","63356128","63356439","41","105540030"
"chr4","168908216","168908520","chr5","164904420","164904717","26","4003796"
"chr4","168944856","168945148","chr5","164941299","164941587","23","4003557"
"chr4","168997447","168997754","chr8","39036436","39036742","43","129961011"
"chr4","169008937","169009035","chr2","51286276","51286376","16","117722661"
"chr4","169085399","169085705","chrX","41303252","41303557","41","127782147"
"chr4","169097915","169098197","chrX","16786018","16786300","36","152311897"
"chr4","169114906","169115207","chr1","125979089","125979391","28","43135817"
"chr4","169134248","169134508","chr5","165125429","165125689","27","4008819"
"chr4","169142945","169143245","chr5","165136751","165137058","31","4006194"
"chr4","169143674","169143951","chr12","56457210","56457489","37","112686464"
"chr4","169150835","169151138","chr5","165145323","165145610","31","4005512"
"chr4","169159700","169160005","chr5","165154990","165155290","40","4004710"
"chr4","169169413","169169639","chr3","40051604","40051824","48","129117809"
"chr4","169172613","169172923","chr5","165165084","165165393","31","4007529"
"chr4","169202033","169202308","chr5","165197168","165197440","14","4004865"
"chr4","169210423","169210523","chr3","151235850","151235951","15","17974573"
"chr4","169230192","169230495","chr14","118228416","118228719","50","51001776"
"chr4","169239813","169240109","chrX","53254858","53255156","34","115984955"
"chr4","169258742","169258878","chr1","110234634","110234777","28","59024108"
"chr4","169264156","169264445","chr1","56716211","56716510","49","112547945"
"chr4","169268368","169268485","chr15","31980678","31980795","21","137287690"
"chr4","169270547","169270679","chr14","9191688","9191822","18","160078859"
"chr4","169288773","169288953","chr13","61536591","61536776","32","107752182"
"chr4","169295587","169295884","chr6","32157411","32157710","41","137138176"
"chr4","169308778","169308913","chr5","165328984","165329119","10","3979794"
"chr4","169310484","169310615","chr12","111971311","111971442","17","57339173"
"chr4","169313805","169313878","chr5","165339173","165339263","18","3974632"
"chr4","169319342","169319643","chr5","165345878","165346177","35","3973464"
"chr4","169326594","169326890","chr9","25083503","25083798","34","144243091"
"chr4","169330056","169330178","chr1","7373118","7373239","11","161956938"
"chr4","169338161","169338444","chr19","18706297","18706586","41","150631864"
"chr4","169345742","169345918","chr5","165371071","165371247","14","3974671"
"chr4","169346224","169346370","chr5","165371550","165371696","16","3974674"
"chr4","169346401","169346528","chr5","141044567","141044691","19","28301834"
"chr4","169346936","169347243","chr4","88410610","88410912","34","80936326"
"chr4","169355762","169356024","chr5","165384897","165385149","47","3970865"
"chr4","169359548","169359803","chr5","165384897","165385149","24","3974651"
"chr4","169360252","169360398","chr4","45326705","45326852","19","124033547"
"chr4","169367439","169367720","chr1","58772173","58772455","39","110595266"
"chr4","169368198","169368471","chr5","165391835","165392117","31","3976363"
"chr4","169369705","169370007","chr5","165393652","165393956","30","3976053"
"chr4","169383305","169383608","chr5","165406466","165406766","29","3976839"
"chr4","169385048","169385351","chr1","187273952","187274251","44","17888904"
"chr4","169395631","169395939","chr5","165417884","165418194","24","3977747"
"chr4","169485511","169485817","chr10","47698289","47698596","42","121787222"
"chr4","169570605","169570902","chr11","110573347","110573643","40","58997258"
"chr4","169630294","169630606","chr3","178949621","178949924","52","9319327"
"chr4","169637593","169637725","chr7","67248169","67248300","22","102389424"
"chr4","169679971","169680269","chr20","42256252","42256545","38","127423719"
"chr4","169724752","169724889","chr11","63258087","63258221","20","106466665"
"chr4","169725317","169725616","chr5","165727475","165727776","19","3997842"
"chr4","169727664","169727943","chr16","38331171","38331450","30","131396493"
"chr4","169737012","169737055","chr1","142219534","142219575","10","27517478"
"chr4","169739229","169739474","chr9","128743744","128743982","39","40995485"
"chr4","169805448","169805735","chr5","165804635","165804923","24","4000813"
"chr4","169815139","169815450","chr19","50540456","50540766","36","119274683"
"chr4","169898425","169898728","chr14","15756054","15756351","36","154142371"
"chr4","169921282","169921579","chr5","165914822","165915124","28","4006460"
"chr4","169944914","169945231","chr5","165939354","165939660","45","4005560"
"chr4","169959878","169960048","chr12","119519961","119520131","29","50439917"
"chr4","170038513","170038810","chr1","210738800","210739095","40","40700287"
"chr4","170101735","170101882","chr11","54465100","54465244","22","115636635"
"chr4","170108045","170108230","chr20","30561548","30561731","35","139546497"
"chr4","170130485","170130774","chr1","41691570","41691860","39","128438915"
"chr4","170186598","170186896","chr5","166178049","166178348","32","4008549"
"chr4","170219832","170220110","chr2","137863570","137863841","44","32356262"
"chr4","170257543","170257847","chr5","166243840","166244138","28","4013703"
"chr4","170259323","170259626","chr5","166245619","166245917","37","4013704"
"chr4","170306171","170306467","chr5","166294342","166294642","22","4011829"
"chr4","170402431","170402725","chr1","9601563","9601859","36","160800868"
"chr4","170415244","170415539","chr5","166399326","166399625","37","4015918"
"chr4","170476157","170476297","chr7","67248169","67248300","33","103227988"
"chr4","170678819","170679117","chr5","166635181","166635479","27","4043638"
"chr4","170702994","170703304","chr3","55556828","55557129","44","115146166"
"chr4","170818231","170818349","chr1","131078233","131078350","14","39739998"
"chr4","170824030","170824224","chr1","8947865","8948064","38","161876165"
"chr4","170888632","170888828","chr7","95222121","95222323","48","75666511"
"chr4","170956113","170956387","chrX","55493717","55493984","41","115462396"
"chr4","171029593","171029875","chr5","166987573","166987862","33","4042020"
"chr4","171070905","171071207","chr5","167019687","167019989","29","4051218"
"chr4","171164063","171164352","chr1","159878672","159878960","36","11285391"
"chr4","171254280","171254587","chr4","57896992","57897295","42","113357288"
"chr4","171414000","171414333","chr2","41487384","41487707","53","129926616"
"chr4","171416784","171417090","chr7","9696105","9696408","44","161720679"
"chr4","171574609","171574842","chr1","20743725","20743945","48","150830884"
"chr4","171605699","171605801","chrX","40005683","40005784","13","131600016"
"chr4","171610811","171611102","chr2","73030327","73030630","41","98580484"
"chr4","171834506","171834812","chr5","167800771","167801078","26","4033735"
"chr4","171886399","171886630","chr16","9675962","9676190","45","162210437"
"chr4","171970329","171970589","chr1","139650554","139650817","39","32319775"
"chr4","172035986","172036211","chr1","62928740","62928959","44","109107246"
"chr4","172098555","172098841","chr5","51540643","51540938","54","120557912"
"chr4","172116190","172116479","chr1","8153035","8153326","44","163963155"
"chr4","172128676","172128966","chr5","168096036","168096322","28","4032640"
"chr4","172130327","172130626","chr5","168097703","168098009","31","4032624"
"chr4","172136682","172136941","chr2","120679598","120679853","45","51457084"
"chr4","172180538","172180609","chr2","94353750","94353824","8","77826788"
"chr4","172189746","172190053","chr3","55556828","55557129","32","116632918"
"chr4","172338599","172338898","chr6","63519238","63519538","38","108819361"
"chr4","172412807","172412985","chrX","23681445","23681631","25","148731362"
"chr4","172429203","172429510","chr5","168368790","168369101","26","4060413"
"chr4","172430952","172431232","chr5","168370503","168370782","25","4060449"
"chr4","172450102","172450376","chr9","51262519","51262795","34","121187583"
"chr4","172496511","172496805","chr5","168436274","168436570","18","4060237"
"chr4","172503767","172504074","chr5","168439932","168440233","29","4063835"
"chr4","172541813","172542094","chr5","168478461","168478739","29","4063352"
"chr4","172566157","172566462","chr12","103022528","103022830","41","69543629"
"chr4","172678187","172678477","chr14","57139445","57139737","34","115538742"
"chr4","172706316","172706609","chr7","122016416","122016713","38","50689900"
"chr4","172768778","172769078","chr5","168694242","168694557","35","4074536"
"chr4","172837512","172837814","chr14","65717898","65718200","38","107119614"
"chr4","172841613","172841894","chrX","44738121","44738403","30","128103492"
"chr4","172911292","172911573","chr5","168835344","168835625","22","4075948"
"chr4","172931529","172931840","chr5","168856198","168856499","31","4075331"
"chr4","172988122","172988422","chr5","168948039","168948354","32","4040083"
"chr4","173006616","173006923","chr2","57691932","57692233","39","115314684"
"chr4","173027651","173027958","chr1","8602965","8603270","35","164424686"
"chr4","173047094","173047380","chr5","169005282","169005565","34","4041812"
"chr4","173095254","173095559","chr5","169054020","169054318","36","4041234"
"chr4","173110615","173110919","chr5","169069882","169070183","34","4040733"
"chr4","173169243","173169545","chr5","169131012","169131330","42","4038231"
"chr4","173184059","173184353","chr5","169145976","169146273","24","4038083"
"chr4","173231594","173231905","chr5","169194112","169194434","39","4037482"
"chr4","173287764","173288062","chr5","169250426","169250733","20","4037338"
"chr4","173292017","173292163","chr9","44670742","44670892","35","128621275"
"chr4","173320867","173321150","chr8","142242840","142243113","37","31078027"
"chr4","173335460","173335512","chr6","124116059","124116102","17","49219401"
"chr4","173339390","173339537","chr19","3071225","3071373","20","170268165"
"chr4","173346517","173346814","chr5","169303949","169304246","34","4042568"
"chr4","173353029","173353322","chr5","169310612","169310908","22","4042417"
"chr4","173363601","173363899","chr14","15756054","15756351","37","157607547"
"chr4","173364102","173364256","chr19","34822582","34822738","21","138541520"
"chr4","173389457","173389747","chrX","47500001","47500287","36","125889456"
"chr4","173389862","173390162","chr5","169349297","169349597","20","4040565"
"chr4","173402913","173403203","chr5","169362736","169363038","34","4040177"
"chr4","173411417","173411727","chr1","193836917","193837221","34","20425500"
"chr4","173416786","173417069","chr5","169376602","169376886","34","4040184"
"chr4","173431576","173431692","chrX","23536675","23536792","28","149894901"
"chr4","173431713","173432022","chr5","169391420","169391729","25","4040293"
"chr4","173439906","173440128","chr5","27524472","27524687","43","145915434"
"chr4","173474554","173474842","chr5","169435654","169435951","24","4038900"
"chr4","173493691","173493964","chr1","138863332","138863605","51","34630359"
"chr4","173495195","173495489","chr8","37965026","37965318","40","135530169"
"chr4","173522201","173522487","chr19","29088081","29088361","31","144434120"
"chr4","173528439","173528735","chr5","169488961","169489252","29","4039478"
"chr4","173537612","173537907","chr1","31140741","31141036","46","142396871"
"chr4","173541149","173541424","chr5","169501654","169501936","40","4039495"
"chr4","173582765","173582966","chr6","146980272","146980487","42","26602493"
"chr4","173667026","173667316","chr16","2871012","2871300","36","170796014"
"chr4","173692889","173693199","chr5","169636356","169636658","31","4056533"
"chr4","173696099","173696390","chr9","93153543","93153839","37","80542556"
"chr4","173707934","173708233","chr5","169651781","169652085","24","4056153"
"chr4","173815402","173815701","chrX","53254858","53255156","37","120560544"
"chr4","173872666","173872801","chr8","98050124","98050252","23","75822542"
"chr4","173893181","173893477","chr11","63512969","63513267","42","110380212"
"chr4","173905939","173906241","chr3","55556828","55557129","32","118349111"
"chr4","173913597","173913887","chr5","169847161","169847448","25","4066436"
"chr4","173913888","173914021","chr17","9362160","9362294","13","164551728"
"chr4","173981430","173981745","chr5","169909708","169910016","34","4071722"
"chr4","173987299","173987352","chr3","183742878","183742928","9","9755579"
"chr4","173991549","173991847","chr5","169920191","169920496","27","4071358"
"chr4","174055630","174055928","chr5","169986954","169987254","21","4068676"
"chr4","174056654","174056950","chr10","20930867","20931165","41","153125787"
"chr4","174064901","174065183","chrX","56835436","56835716","40","117229465"
"chr4","174128291","174128591","chr13","66510790","66511092","34","107617501"
"chr4","174134744","174134971","chr19","3430217","3430445","36","170704527"
"chr4","174155583","174155888","chr11","132122442","132122745","36","42033141"
"chr4","174173475","174173626","chr3","156138918","156139070","26","18034557"
"chr4","174173876","174173960","chr1","20744253","20744338","15","153429623"
"chr4","174186503","174186805","chr19","11709484","11709786","35","162477019"
"chr4","174190111","174190395","chr5","170119366","170119655","23","4070745"
"chr4","174220538","174220599","chr11","74463624","74463686","12","99756914"
"chr4","174223043","174223334","chr5","170146670","170146967","32","4076373"
"chr4","174229409","174229689","chr4","20727882","20728159","33","153501527"
"chr4","174233778","174234104","chr5","111586499","111586789","84","62647279"
"chr4","174239496","174239793","chr10","13232062","13232359","37","161007434"
"chr4","174243820","174244121","chr7","39745767","39746062","44","134498053"
"chr4","174245809","174245986","chr16","48484668","48484845","24","125761141"
"chr4","174299640","174299903","chr5","170220548","170220811","20","4079092"
"chr4","174338568","174338846","chrX","117428205","117428490","41","56910363"
"chr4","174361388","174361695","chr5","170285109","170285410","30","4076279"
"chr4","174588497","174588629","chr10","31067832","31067967","13","143520665"
"chr4","174643745","174644044","chr1","113487119","113487407","44","61156626"
"chr4","174694545","174694750","chr9","39597501","39597732","54","135097044"
"chr4","174762231","174762411","chr16","48484668","48484845","29","126277563"
"chr4","174789406","174789695","chr20","54253129","54253431","49","120536277"
"chr4","174805251","174805565","chr2","201125307","201125623","51","26320056"
"chr4","174867321","174867619","chr5","170757511","170757807","25","4109810"
"chr4","174978241","174978528","chr12","106121161","106121452","37","68857080"
"chr4","175034463","175034749","chr18","60459178","60459462","34","114575285"
"chr4","175071578","175071859","chr4","19936763","19937047","35","155134815"
"chr4","175192419","175192729","chr5","171086512","171086824","34","4105907"
"chr4","175361639","175361861","chr16","668407","668615","47","174693232"
"chr4","175387577","175387694","chr12","109598102","109598221","17","65789475"
"chr4","175456263","175456578","chr5","171333895","171334220","38","4122368"
"chr4","175558055","175558354","chr5","171443125","171443428","34","4114930"
"chr4","175586079","175586358","chr4","114833452","114833729","46","60752627"
"chr4","175654275","175654542","chr7","25402373","25402645","43","150251902"
"chr4","175671388","175671676","chr5","171550206","171550512","39","4121182"
"chr4","175734515","175734797","chr9","106051939","106052219","50","69682576"
"chr4","175757605","175757902","chr7","35963597","35963896","41","139794008"
"chr4","175759654","175759761","chr20","18861314","18861421","15","156898340"
"chr4","175829204","175829509","chr7","67218976","67219283","29","108610228"
"chr4","175897832","175898107","chr4","85543032","85543312","40","90354800"
"chr4","175926447","175926756","chr16","22018185","22018497","54","153908262"
"chr4","175977874","175978164","chr5","171865598","171865894","30","4112276"
"chr4","176135005","176135305","chr4","40297222","40297520","34","135837783"
"chr4","176149386","176149697","chr5","172073333","172073642","20","4076053"
"chr4","176151098","176151205","chr7","77157553","77157660","14","98993545"
"chr4","176161723","176161837","chr11","9196703","9196817","19","166965020"
"chr4","176161934","176162128","chr9","90200352","90200553","38","85961582"
"chr4","176178123","176178401","chr5","172098199","172098484","37","4079924"
"chr4","176223451","176223761","chr5","172145261","172145574","37","4078190"
"chr4","176232946","176233245","chr4","11339659","11339956","45","164893287"
"chr4","176293639","176293932","chr5","172203317","172203610","19","4090322"
"chr4","176301003","176301303","chr5","172210935","172211234","27","4090068"
"chr4","176371436","176371724","chr19","28624353","28624648","44","147747083"
"chr4","176436956","176437231","chr7","138911132","138911405","41","37525824"
"chr4","176497784","176498076","chr10","48840042","48840338","42","127657742"
"chr4","176534620","176534904","chr5","172456835","172457127","27","4077785"
"chr4","176808032","176808181","chr13","43952281","43952438","26","132855751"
"chr4","176846248","176846542","chr1","142214846","142215140","41","34631402"
"chr4","176907072","176907366","chr5","172623039","172623343","39","4284033"
"chr4","176918593","176918880","chr5","172637021","172637309","22","4281572"
"chr4","176941688","176941993","chr5","84392847","84393151","46","92548841"
"chr4","176957067","176957357","chrX","102093963","102094255","43","74863104"
"chr4","176982852","176983170","chr3","65191567","65191880","60","111791285"
"chr4","176986144","176986435","chr14","46148744","46149038","38","130837400"
"chr4","177106473","177106784","chr1","42282334","42282645","42","134824139"
"chr4","177124847","177125147","chr5","172849116","172849420","22","4275731"
"chr4","177226230","177226528","chr5","39784506","39784802","32","137441724"
"chr4","177253979","177254269","chr5","172976455","172976746","28","4277524"
"chr4","177418810","177419110","chr5","173135982","173136287","19","4282828"
"chr4","177421495","177421779","chr3","76553143","76553425","38","100868352"
"chr4","177432393","177432683","chr1","25647657","25647947","35","151784736"
"chr4","177459749","177459917","chrX","1317383","1317549","24","176142366"
"chr4","177473508","177473800","chr2","192826509","192826803","32","15353001"
"chr4","177486780","177487081","chrX","66007493","66007793","30","111479287"
"chr4","177499142","177499443","chr5","173206787","173207085","23","4292355"
"chr4","177503883","177504186","chr2","134713945","134714245","40","42789938"
"chr4","177580877","177581154","chrX","117428205","117428490","49","60152672"
"chr4","177591893","177592218","chr5","173295372","173295675","55","4296521"
"chr4","177597071","177597374","chr1","97853233","97853535","37","79743838"
"chr4","177633960","177634276","chr3","55619487","55619801","49","122014473"
"chr4","177681411","177681721","chr5","173385123","173385429","29","4296288"
"chr4","177727699","177728009","chr5","173429544","173429842","39","4298155"
"chr4","177737583","177737905","chr5","173439280","173439579","48","4298303"
"chr4","177765361","177765658","chr5","173467491","173467779","26","4297870"
"chr4","177802922","177803174","chr10","59910337","59910584","31","117892585"
"chr4","177804795","177805070","chr5","173506911","173507185","24","4297884"
"chr4","177813194","177813338","chr1","110234634","110234777","16","67578560"
"chr4","177834064","177834338","chr9","98388811","98389089","48","79445253"
"chr4","177834930","177835091","chr16","43272620","43272787","32","134562310"
"chr4","177872409","177872701","chr5","173576284","173576570","28","4296125"
"chr4","177890296","177890616","chr8","142195657","142195988","60","35694639"
"chr4","177900235","177900540","chr2","96943765","96944067","42","80956470"
"chr4","177938483","177938770","chr5","173652511","173652785","27","4285972"
"chr4","177944078","177944388","chr10","88513967","88514275","45","89430111"
"chr4","178055380","178055678","chr20","40545180","40545480","35","137510200"
"chr4","178060511","178060825","chr4","43061376","43061687","47","134999135"
"chr4","178117769","178118052","chr17","79058605","79058887","28","99059164"
"chr4","178158621","178158906","chrX","21464522","21464807","42","156694099"
"chr4","178169268","178169563","chr5","173867392","173867686","25","4301876"
"chr4","178205468","178205758","chr6","66230085","66230373","37","111975383"
"chr4","178262332","178262595","chr5","173947161","173947437","40","4315171"
"chr4","178310190","178310499","chr12","120424846","120425154","32","57885344"
"chr4","178508891","178509194","chr2","57691932","57692233","47","120816959"
"chr4","178544247","178544416","chr7","95222121","95222323","50","83322126"
"chr4","178555580","178555886","chr5","174306841","174307136","31","4248739"
"chr4","178656493","178656822","chr13","9557564","9557873","63","169098929"
"chr4","178791129","178791424","chr15","47684746","47685042","32","131106383"
"chr4","178908962","178909240","chr5","174726656","174726931","24","4182306"
"chr4","178930773","178931040","chr2","68693712","68693980","45","110237061"
"chr4","178931784","178932034","chr16","68772362","68772622","45","110159422"
"chr4","178944729","178944897","chr1","26002247","26002415","30","152942482"
"chr4","179034337","179034631","chr1","5050480","5050765","41","173983857"
"chr4","179069592","179069895","chr5","174887185","174887499","49","4182407"
"chr4","179108242","179108528","chr2","44663344","44663625","42","134444898"
"chr4","179137433","179137734","chr14","15756054","15756351","37","163381379"
"chr4","179379943","179380112","chr5","39278187","39278352","26","140101756"
"chr4","179498724","179498991","chr5","175399353","175399626","39","4099371"
"chr4","179540621","179540905","chr7","117919933","117920212","48","61620688"
"chr4","179641068","179641366","chr10","59405882","59406180","40","120235186"
"chr4","179645347","179645637","chr3","41130046","41130344","38","138515301"
"chr4","179725995","179726284","chr1","101799784","101800074","34","77926211"
"chr4","179782845","179783133","chr5","175697266","175697557","25","4085579"
"chr4","179817160","179817444","chr19","53106955","53107239","45","126710205"
"chr4","179819678","179819980","chr5","175735483","175735785","27","4084195"
"chr4","179821982","179822283","chr5","175737463","175737770","39","4084519"
"chr4","179840717","179841025","chr10","80379242","80379544","45","99461475"
"chr4","179841778","179842088","chr5","175759248","175759549","40","4082530"
"chr4","179908322","179908443","chr5","175826930","175827041","15","4081392"
"chr4","179908482","179908600","chr13","87428402","87428520","28","92480080"
"chr4","179919651","179919877","chr10","61029967","61030201","37","118889684"
"chr4","179931552","179931840","chr5","175850369","175850657","27","4081183"
"chr4","180054685","180054929","chr6","179970587","179970818","50","84098"
"chr4","180077012","180077321","chr15","64815461","64815764","43","115261551"
"chr4","180089046","180089357","chr5","176007794","176008106","28","4081252"
"chr4","180100880","180101181","chr5","176019495","176019777","44","4081385"
"chr4","180110450","180110741","chrX","52560249","52560544","34","127550201"
"chr4","180147785","180148082","chr5","176066383","176066681","27","4081402"
"chr4","180154312","180154609","chrX","41694245","41694543","34","138460067"
"chr4","180163753","180163866","chr1","123145127","123145241","17","57018626"
"chr4","180176447","180176737","chr5","176095102","176095396","24","4081345"
"chr4","180186272","180186576","chr5","176105311","176105611","45","4080961"
"chr4","180220004","180220292","chr1","200836750","200837033","39","20616746"
"chr4","180241383","180241684","chr7","17684434","17684730","41","162556949"
"chr4","180339399","180339682","chr5","98699762","98700048","36","81639637"
"chr4","180346301","180346589","chr5","176266497","176266786","42","4079804"
"chr4","180350284","180350583","chr7","126852396","126852695","41","53497888"
"chr4","180399553","180399885","chr12","86212493","86212805","63","94187060"
"chr4","180399982","180400135","chr1","161409822","161409970","30","18990160"
"chr4","180431495","180431742","chr10","81707017","81707247","73","98724478"
"chr4","180470432","180470756","chrX","143193015","143193342","58","37277417"
"chr4","180485273","180485585","chr11","48521632","48521940","42","131963641"
"chr4","180639584","180639887","chrX","44939650","44939949","39","135699934"
"chr4","180639901","180640021","chr13","89871348","89871469","15","90768553"
"chr4","180691428","180691730","chr5","176627538","176627854","31","4063890"
"chr4","180721754","180722053","chr5","176652947","176653254","46","4068807"
"chr4","180742835","180743130","chr1","26589431","26589724","34","154153404"
"chr4","180836799","180837102","chr5","121370317","121370618","34","59466482"
"chr4","180873758","180874054","chr5","176805405","176805702","26","4068353"
"chr4","180907567","180907882","chr5","176832729","176833042","35","4074838"
"chr4","180936550","180936684","chr5","141044567","141044691","30","39891983"
"chr4","180991358","180991645","chr16","23185128","23185409","30","157806230"
"chr4","181050270","181050575","chr5","176984445","176984750","22","4065825"
"chr4","181054720","181054881","chr1","202825790","202825940","42","21771070"
"chr4","181070717","181070992","chr3","124594383","124594657","37","56476334"
"chr4","181078389","181078644","chr9","98357369","98357626","34","82721020"
"chr4","181120747","181121038","chr5","177059154","177059444","14","4061593"
"chr4","181141133","181141436","chr5","177079530","177079847","38","4061603"
"chr4","181223820","181224120","chr17","24909075","24909373","31","156314745"
"chr4","181310313","181310620","chr5","177252979","177253271","34","4057334"
"chr4","181345158","181345438","chr5","177287457","177287730","26","4057701"
"chr4","181356411","181356697","chr9","113022404","113022691","41","68334007"
"chr4","181407362","181407661","chr3","41130046","41130344","33","140277316"
"chr4","181425748","181426049","chr5","177369651","177369950","28","4056097"
"chr4","181470003","181470236","chr9","72730444","72730684","43","108739559"
"chr4","181549991","181550285","chr5","177500153","177500450","26","4049838"
"chr4","181619438","181619725","chr19","2501472","2501755","40","179117966"
"chr4","181653578","181653841","chr5","177603552","177603823","27","4050026"
"chr4","181686778","181687082","chr5","177638061","177638365","20","4048717"
"chr4","181725787","181726076","chr5","177673796","177674079","35","4051991"
"chr4","181746580","181746877","chr5","177694616","177694902","29","4051964"
"chr4","181774523","181774717","chr3","83387872","83388064","40","98386651"
"chr4","181774774","181774877","chr11","111878590","111878685","22","69896184"
"chr4","181813179","181813476","chr6","119742764","119743058","44","62070415"
"chr4","181816511","181816802","chr5","177765210","177765505","25","4051301"
"chr4","181861970","181862282","chr5","177816751","177817065","29","4045219"
"chr4","181862885","181863190","chr8","1289414","1289716","41","180573471"
"chr4","181879100","181879269","chr11","121428149","121428299","47","60450951"
"chr4","181880096","181880301","chr6","55060425","55060623","30","126819671"
"chr4","181880393","181880478","chr9","45359751","45359837","20","136520642"
"chr4","181890779","181890955","chr16","1066025","1066200","31","180824754"
"chr4","181890956","181891114","chr1","27806170","27806303","67","154084786"
"chr4","181940756","181941064","chr5","177895400","177895706","31","4045356"
"chr4","181971418","181971705","chr5","177924172","177924464","21","4047246"
"chr4","181981590","181981826","chr16","9675962","9676190","43","172305628"
"chr4","182097178","182097460","chr5","178051667","178051945","37","4045511"
"chr4","182106434","182106732","chr7","43322799","43323092","43","138783635"
"chr4","182205519","182205800","chr11","122750741","122751027","56","59454778"
"chr4","182285618","182285905","chr5","178248502","178248789","22","4037116"
"chr4","182313562","182313889","chr5","178276720","178277017","54","4036842"
"chr4","182319032","182319319","chr20","30280588","30280873","35","152038444"
"chr4","182467145","182467442","chr12","107131131","107131428","36","75336014"
"chr4","182599140","182599249","chr3","126661092","126661204","17","55938048"
"chr4","182601199","182601364","chr2","94000404","94000565","25","88600795"
"chr4","182728700","182729037","chr3","7301340","7301674","56","175427360"
"chr4","182837994","182838290","chr7","162115436","162115734","33","20722558"
"chr4","182896061","182896327","chr16","8667490","8667756","38","174228571"
"chr4","182912975","182913257","chr5","178918984","178919277","42","3993991"
"chr4","182929637","182929948","chr6","149869276","149869586","48","33060361"
"chr4","182989386","182989683","chr5","178991951","178992252","35","3997435"
"chr4","182991595","182991869","chr20","51097108","51097379","50","131894487"
"chr4","183058702","183058993","chr19","44781977","44782268","40","138276725"
"chr4","183115405","183115687","chr5","21200656","21200946","41","161914749"
"chr4","183182394","183182682","chr5","179174746","179175034","34","4007648"
"chr4","183338967","183339245","chr12","83506594","83506873","40","99832373"
"chr4","183391301","183391452","chr20","65902013","65902162","15","117489288"
"chr4","183449318","183449629","chr10","75787069","75787381","47","107662249"
"chr4","183510081","183510186","chrX","63155876","63155980","14","120354205"
"chr4","183510286","183510407","chr3","166690011","166690120","30","16820275"
"chr4","183510806","183510868","chr14","475120","475174","22","183035686"
"chr4","183541898","183542188","chr13","98239526","98239819","35","85302372"
"chr4","183551278","183551608","chrX","142095625","142095975","59","41455653"
"chr4","183634555","183634853","chr5","179604042","179604325","46","4030513"
"chr4","183661413","183661710","chr1","210356911","210357204","39","26695498"
"chr4","183688461","183688755","chr5","179663837","179664133","29","4024624"
"chr4","183701262","183701555","chr5","179676844","179677116","45","4024418"
"chr4","183788887","183789195","chr5","179756566","179756875","36","4032321"
"chr4","183791294","183791431","chrX","130438301","130438440","22","53352993"
"chr4","183931729","183932000","chr5","179892738","179893024","42","4038991"
"chr4","183993087","183993383","chr5","179952750","179953060","39","4040337"
"chr4","184015232","184015538","chr2","125384421","125384726","43","58630811"
"chr4","184042805","184043060","chr5","180002963","180003215","37","4039842"
"chr4","184099015","184099302","chr18","60459178","60459462","36","123639837"
"chr4","184103714","184104025","chr5","180057039","180057341","39","4046675"
"chr4","184142309","184142590","chr1","36516905","36517189","35","147625404"
"chr4","184220154","184220412","chr5","91591730","91591991","42","92628424"
"chr4","184232988","184233255","chr12","58724994","58725261","43","125507994"
"chr4","184263866","184264151","chr5","180216988","180217274","33","4046878"
"chr4","184275614","184275921","chrX","40852936","40853242","37","143422678"
"chr4","184291566","184291846","chr5","180247117","180247403","31","4044449"
"chr4","184357393","184357695","chr5","180314679","180314976","31","4042714"
"chr4","184373606","184373896","chr5","180331580","180331878","31","4042026"
"chr4","184386324","184386488","chr16","13074697","13074856","26","171311627"
"chr4","184501126","184501428","chr2","159591818","159592118","37","24909308"
"chr4","184708162","184708466","chr6","93921228","93921523","45","90786934"
"chr4","184733253","184733565","chr20","69788903","69789205","46","114944350"
"chr4","184807392","184807701","chr5","180766291","180766608","34","4041101"
"chr4","184829037","184829172","chr4","54093127","54093262","15","130735910"
"chr4","184865353","184865666","chrX","23558557","23558868","40","161306796"
"chr4","184996913","184996924","chr1","140208652","140208664","1","44788261"
"chr4","184997016","184997295","chr3","40050356","40050629","40","144946660"
"chr4","185092254","185092542","chr16","10710589","10710878","29","174381665"
"chr4","185151671","185151963","chr5","181111317","181111611","26","4040354"
"chr4","185188771","185189038","chr5","181148943","181149211","35","4039828"
"chr4","185215243","185215524","chr5","181174748","181175028","27","4040495"
"chr4","185255352","185255544","chr2","111611624","111611809","43","73643728"
"chr4","185278965","185279255","chr10","37556074","37556363","38","147722891"
"chr4","185284876","185285157","chr1","39808407","39808699","46","145476469"
"chr4","185320666","185320973","chr1","182310341","182310641","36","3010325"
"chr4","185325745","185325990","chr5","181287782","181288028","22","4037963"
"chr4","185401494","185401787","chr5","181370758","181371052","27","4030736"
"chr4","185432679","185432964","chr5","181408269","181408557","28","4024410"
"chr4","185466250","185466454","chr13","24450247","24450455","34","161016003"
"chr4","185520800","185521087","chr13","90039280","90039570","42","95481520"
"chr4","185524173","185524463","chr9","90820027","90820317","30","94704146"
"chr4","185589609","185589896","chr1","161646227","161646515","42","23943382"
"chr4","185609210","185609523","chr5","181578853","181579169","26","4030357"
"chr4","185721187","185721492","chr5","181692750","181693051","32","4028437"
"chr4","185864615","185864904","chr2","121651097","121651383","41","64213518"
"chr4","185985121","185985412","chr14","15756054","15756351","39","170229067"
"chr4","185988170","185988384","chr3","45604681","45604903","45","140383489"
"chr4","186000318","186000495","chr17","27139801","27139981","21","158860517"
"chr4","186000890","186001019","chr1","13243218","13243348","12","172757672"
"chr4","186074881","186075177","chr5","182064177","182064480","31","4010704"
"chr4","186128449","186128748","chr5","182117735","182118025","35","4010714"
"chr4","186209341","186209634","chr4","42823211","42823505","32","143386130"
"chr4","186211250","186211531","chr5","182198847","182199134","26","4012403"
"chr4","186237120","186237430","chr5","81856106","81856415","46","104381014"
"chr4","186252096","186252409","chr5","182240139","182240447","40","4011957"
"chr4","186294852","186295145","chr20","8006906","8007198","39","178287946"
"chr4","186295707","186295842","chr4","54093127","54093262","14","132202580"
"chr4","186357739","186358029","chr3","178976330","178976618","31","7381409"
"chr4","186396789","186397091","chr7","113559810","113560113","34","72836979"
"chr4","186519577","186519877","chr6","129934590","129934892","39","56584987"
"chr4","186539836","186540117","chr1","39199826","39200107","35","147340010"
"chr4","186581942","186582066","chr8","79499448","79499575","20","107082494"
"chr4","186591824","186592133","chr2","189207829","189208141","51","2616005"
"chr4","186612892","186613188","chrX","8591299","8591598","36","178021593"
"chr4","186615888","186616183","chr7","5772369","5772664","31","180843519"
"chr4","186666568","186666868","chr5","182660778","182661080","32","4005790"
"chr4","186696487","186696803","chr5","182690156","182690463","36","4006331"
"chr4","186697379","186697681","chr5","182691344","182691649","31","4006035"
"chr4","186713250","186713551","chr5","182707969","182708287","40","4005281"
"chr4","186734370","186734664","chr5","182729984","182730278","23","4004386"
"chr4","186790137","186790442","chr5","182778439","182778746","30","4011698"
"chr4","186847465","186847598","chr10","66401425","66401556","17","120446040"
"chr4","186869741","186870045","chr14","124293090","124293393","27","62576651"
"chr4","186871085","186871386","chr1","140166438","140166735","37","46704647"
"chr4","186895579","186895865","chr5","182886823","182887108","20","4008756"
"chr4","186941760","186941972","chr11","118500754","118500968","38","68441006"
"chr4","186976583","186976894","chr4","103348438","103348728","54","83628145"
"chr4","187000774","187001049","chr2","202930199","202930485","47","15929425"
"chr4","187005903","187006181","chr7","28329692","28329979","43","158676211"
"chr4","187024092","187024138","chr5","85373418","85373463","9","101650674"
"chr4","187034920","187035220","chr5","183032098","183032391","24","4002822"
"chr4","187168185","187168484","chr10","88412263","88412561","36","98755922"
"chr4","187176374","187176619","chr10","20819513","20819760","35","166356861"
"chr4","187200312","187200605","chr5","183199231","183199523","35","4001081"
"chr4","187234650","187234959","chr5","183234093","183234397","33","4000557"
"chr4","187272187","187272494","chr1","184473706","184474016","39","2798481"
"chr4","187321877","187322189","chr3","137884390","137884694","35","49437487"
"chr4","187342164","187342469","chr5","183352033","183352341","33","3990131"
"chr4","187343398","187343697","chr5","183353289","183353595","30","3990109"
"chr4","187387983","187388157","chr14","103282049","103282224","27","84105934"
"chr4","187419977","187420279","chr14","89051465","89051765","36","98368512"
"chr4","187430172","187430449","chr5","183436571","183436844","24","3993601"
"chr4","187437274","187437531","chr1","186888406","186888670","40","548868"
"chr4","187458200","187458467","chr11","129011277","129011542","40","58446923"
"chr4","187462922","187463198","chr7","162581545","162581827","33","24881377"
"chr4","187463924","187464066","chr7","27092525","27092662","19","160371399"
"chr4","187481433","187481742","chr5","183484619","183484925","38","3996814"
"chr4","187483004","187483293","chr16","60922031","60922325","35","126560973"
"chr4","187483853","187483961","chr15","8794424","8794533","10","178689429"
"chr4","187517035","187517280","chr10","59910337","59910584","28","127606698"
"chr4","187538445","187538731","chr14","15756054","15756351","43","171782391"
"chr4","187543339","187543646","chr5","183547356","183547665","28","3995983"
"chr4","187559547","187559857","chr7","67218976","67219283","44","120340571"
"chr4","187559859","187560158","chr5","183564038","183564341","32","3995821"
"chr4","187590577","187590861","chr5","183597283","183597567","21","3993294"
"chr4","187592207","187592408","chr3","172783026","172783239","30","14809181"
"chr4","187674051","187674337","chr5","183681179","183681465","18","3992872"
"chr4","187688940","187689229","chr5","183693455","183693744","23","3995485"
"chr4","187696412","187696721","chr9","95281737","95282038","42","92414675"
"chr4","187709585","187709796","chr19","42494760","42494972","26","145214825"
"chr4","187730284","187730596","chr5","183736842","183737156","28","3993442"
"chr4","187742367","187742677","chr1","154657402","154657710","32","33084965"
"chr4","187745939","187746254","chr10","37840542","37840858","39","149905397"
"chr4","187754535","187754824","chr15","9471592","9471880","35","178282943"
"chr4","187771092","187771403","chr5","183788582","183788891","23","3982510"
"chr4","187808507","187808667","chr5","63836385","63836544","34","123972122"
"chr4","187809225","187809236","chr1","17353620","17353632","1","170455605"
"chr4","187813796","187814093","chr5","183836242","183836552","33","3977554"
"chr4","187816372","187816657","chr1","25647657","25647947","31","162168715"
"chr4","187820089","187820370","chr9","54406373","54406653","36","133413716"
"chr4","187832942","187833118","chr5","80521478","80521650","29","107311464"
"chr4","187835935","187836276","chr6","139613149","139613472","67","48222786"
"chr4","187839969","187840277","chr8","39036436","39036742","34","148803533"
"chr4","187841382","187841694","chr7","143758299","143758609","38","44083083"
"chr4","187855101","187855263","chr16","70039632","70039788","23","117815469"
"chr4","187855833","187856123","chr5","183876899","183877196","35","3978934"
"chr4","187857411","187857706","chr16","10782192","10782484","43","177075219"
"chr4","187878318","187878609","chr16","74240002","74240299","31","113638316"
"chr4","187885851","187885875","chr7","136303330","136303351","10","51582521"
"chr4","187887276","187887390","chr3","124100480","124100599","18","63786796"
"chr4","187888468","187888648","chr5","183908884","183909071","20","3979584"
"chr4","187922337","187922518","chr8","122467386","122467555","32","65454951"
"chr4","187922937","187923240","chr4","57896992","57897295","35","130025945"
"chr4","187930541","187930849","chr5","183950299","183950606","32","3980242"
"chr4","187935540","187935835","chr3","43006950","43007246","36","144928590"
"chr4","187954840","187955146","chr5","183968482","183968783","39","3986358"
"chr4","187959625","187959905","chr5","183973907","183974208","40","3985718"
"chr4","187964192","187964498","chr3","11643104","11643407","35","176321088"
"chr4","187978114","187978302","chr2","111611624","111611809","29","76366490"
"chr4","187981026","187981320","chr5","183995125","183995418","23","3985901"
"chr4","187997290","187997460","chr3","130975192","130975362","29","57022098"
"chr4","188004875","188005144","chr5","184018482","184018746","23","3986393"
"chr4","188006372","188006536","chr3","65985284","65985445","26","122021088"
"chr4","188023111","188023410","chr5","184037562","184037860","31","3985549"
"chr4","188026547","188026677","chr16","30342614","30342746","13","157683933"
"chr4","188027394","188027627","chr7","161419954","161420190","40","26607440"
"chr4","188028727","188029013","chr1","128612759","128613052","47","59415968"
"chr4","188029859","188030165","chr5","184045140","184045446","28","3984719"
"chr4","188038595","188038884","chr5","184054068","184054362","32","3984527"
"chr4","188048363","188048668","chr5","184063495","184063779","35","3984868"
"chr4","188051587","188051893","chr5","184066657","184066960","32","3984930"
"chr4","188057694","188057991","chr9","110519600","110519899","39","77538094"
"chr4","188073937","188074133","chr1","142143458","142143656","28","45930479"
"chr4","188088790","188089096","chr5","184103943","184104249","23","3984847"
"chr4","188107184","188107479","chr5","184124439","184124731","25","3982745"
"chr4","188131956","188132248","chr5","184146209","184146512","39","3985747"
"chr4","188134483","188134779","chr5","184147260","184147559","30","3987223"
"chr4","188138738","188139035","chr7","41918088","41918387","34","146220650"
"chr4","188141315","188141624","chr7","43067043","43067333","51","145074272"
"chr4","188144897","188145212","chr19","35915635","35915943","40","152229262"
"chr4","188168618","188168926","chr12","106103474","106103785","42","82065144"
"chr4","188178626","188178917","chr5","184196521","184196803","37","3982105"
"chr4","188179535","188179824","chr5","184197494","184197798","39","3982041"
"chr4","188197108","188197380","chr7","3450180","3450461","35","184746928"
"chr4","188277140","188277442","chr5","184303699","184304003","42","3973441"
"chr4","188284003","188284304","chr15","30190193","30190490","40","158093810"
"chr4","188323588","188323886","chr7","40926065","40926365","36","147397523"
"chr4","188327981","188328262","chr5","184356817","184357098","12","3971164"
"chr4","188335036","188335327","chr9","59685986","59686279","34","128649050"
"chr4","188361268","188361565","chr5","184390835","184391137","23","3970433"
"chr4","188426810","188427112","chr5","184456451","184456750","39","3970359"
"chr4","188479167","188479443","chr5","184513295","184513574","43","3965872"
"chr4","188501219","188501514","chr5","184536456","184536756","30","3964763"
"chr4","188623910","188624079","chr9","28310079","28310249","22","160313831"
"chr4","188625897","188626188","chr9","108867260","108867553","34","79758637"
"chr4","188678225","188678510","chr10","75353536","75353807","42","113324689"
"chr4","188681781","188682081","chrX","8591299","8591598","35","180090482"
"chr4","188711220","188711420","chr5","112613126","112613329","24","76098094"
"chr4","188718673","188718977","chr5","184787865","184788164","23","3930808"
"chr4","188721992","188722290","chr5","184791340","184791645","27","3930652"
"chr4","188763131","188763431","chr3","2986573","2986865","51","185776558"
"chr4","188789787","188790094","chr17","25634388","25634694","36","163155399"
"chr4","188836620","188836928","chr5","184906302","184906606","39","3930318"
"chr4","188859327","188859629","chr2","134713945","134714245","34","54145382"
"chr4","188861510","188861826","chr5","184931588","184931884","43","3929922"
"chr4","188896947","188897254","chr1","15299545","15299845","38","173597402"
"chr4","188922617","188922912","chr5","184989468","184989758","28","3933149"
"chr4","188952167","188952441","chr8","142242840","142243113","36","46709327"
"chr4","188954885","188955166","chr6","45802671","45802963","39","143152214"
"chr4","188958491","188958666","chrX","557444","557611","23","188401047"
"chr4","188966992","188967098","chr2","69013368","69013473","13","119953624"
"chr4","188967600","188967726","chr9","21529707","21529833","11","167437893"
"chr4","188976839","188977141","chr5","185041566","185041850","37","3935273"
"chr4","188980074","188980367","chr5","185044727","185045023","24","3935347"
"chr4","189004783","189004906","chr14","120998992","120999113","12","68005791"
"chr4","189006469","189006753","chr5","185069170","185069462","33","3937299"
"chr4","189008915","189009226","chr5","185071613","185071930","33","3937302"
"chr4","189070497","189070787","chr6","149667107","149667399","34","39403390"
"chr4","189105683","189105968","chr5","185167802","185168090","22","3937881"
"chr4","189106280","189106586","chr5","185168398","185168705","28","3937882"
"chr4","189189089","189189386","chr3","64580661","64580960","39","124608428"
"chr4","189205824","189206101","chr7","96583826","96584106","46","92621998"
"chr4","189217645","189217951","chr5","185279279","185279582","35","3938366"
"chr4","189246392","189246706","chr5","185308002","185308302","28","3938390"
"chr4","189250848","189251109","chr14","108705944","108706204","42","80544904"
"chr4","189285580","189285886","chr4","80972238","80972544","40","108313342"
"chr4","189289555","189289728","chr20","59426524","59426698","33","129863031"
"chr4","189320051","189320333","chr1","40226524","40226805","38","149093527"
"chr4","189335883","189336019","chr1","35481346","35481479","21","153854537"
"chr4","189386841","189387131","chr5","185453784","185454077","30","3933057"
"chr4","189392345","189392643","chr19","45509831","45510130","37","143882514"
"chr4","189416976","189417289","chr5","185480167","185480470","44","3936809"
"chr4","189438046","189438352","chr5","185494948","185495255","28","3943098"
"chr4","189460932","189461209","chr5","185516874","185517148","30","3944058"
"chr4","189464668","189464975","chr2","146462167","146462465","40","43002501"
"chr4","189479166","189479480","chr4","114650497","114650802","43","74828669"
"chr4","189480677","189480988","chr5","185537721","185538026","35","3942956"
"chr4","189490207","189490560","chr7","17500499","17500851","64","171989708"
"chr4","189496736","189497043","chr5","185555008","185555319","30","3941728"
"chr4","189497594","189497876","chr5","185555874","185556179","38","3941720"
"chr4","189505701","189505955","chr13","88270653","88270911","33","101235048"
"chr4","189508258","189508387","chr8","38622235","38622364","16","150886023"
"chr4","189508583","189508716","chr7","83749952","83750087","23","105758631"
"chr4","189557155","189557451","chr9","14885273","14885568","35","174671882"
"chr4","189563532","189563824","chr3","2986573","2986865","33","186576959"
"chr4","189563951","189564263","chr4","2756619","2756929","38","186807332"
"chr4","189569229","189569531","chr9","8036058","8036357","32","181533171"
"chr4","189585391","189585693","chr5","185650127","185650435","32","3935264"
"chr4","189590883","189591179","chr5","185655885","185656186","34","3934998"
"chr4","189591262","189591558","chr5","185656263","185656558","30","3934999"
"chr4","189593814","189594025","chr5","185659192","185659404","16","3934622"
"chr4","189619153","189619455","chr2","57691932","57692233","33","131927221"
"chr4","189623641","189623925","chr5","185688477","185688773","31","3935164"
"chr4","189630017","189630154","chr18","38435220","38435357","15","151194797"
"chr4","189630155","189630225","chrX","66394346","66394408","16","123235809"
"chr4","189637385","189637699","chr1","186231076","186231384","38","3406309"
"chr4","189681643","189681938","chr4","157364261","157364557","32","32317382"
"chr4","189684961","189685117","chr16","6858537","6858688","26","182826424"
"chr4","189698069","189698371","chr6","73393768","73394067","36","116304301"
"chr4","189703590","189703889","chr3","174830153","174830453","41","14873437"
"chr4","189725501","189725787","chr9","89659050","89659337","34","100066451"
"chr4","189728456","189728760","chr13","9401411","9401714","40","180327045"
"chr4","189730972","189731275","chr3","122758536","122758834","41","66972436"
"chr4","189744076","189744363","chr5","185805791","185806078","29","3938285"
"chr4","189757833","189758038","chr2","204638025","204638229","31","14880192"
"chr4","189758820","189759124","chr5","185819757","185820051","43","3939063"
"chr4","189773244","189773558","chr5","184066657","184066960","36","5706587"
"chr4","189786271","189786574","chr5","185851638","185851944","15","3934633"
"chr4","189786749","189787062","chr10","57501198","57501509","32","132285551"
"chr4","189814178","189814480","chr8","64112492","64112797","37","125701686"
"chr4","189820383","189820548","chr1","211626449","211626612","28","21806066"
"chr4","189822765","189823068","chr5","185888768","185889085","35","3933997"
"chr4","189846922","189847150","chr5","185915874","185916101","11","3931048"
"chr4","189851689","189851855","chr19","15492088","15492253","30","174359601"
"chr4","189851869","189852175","chr7","162432937","162433243","39","27418932"
"chr4","189874999","189875308","chr5","185934721","185935026","31","3940278"
"chr4","189876570","189876880","chr5","185936247","185936585","49","3940323"
"chr4","189890509","189890803","chr5","185949721","185950017","27","3940788"
"chr4","189949393","189949703","chr5","185999271","185999581","33","3950122"
"chr4","189962155","189962443","chr5","186012195","186012490","33","3949960"
"chr4","189964288","189964589","chr10","31766090","31766389","37","158198198"
"chr4","190028366","190028464","chr1","52163580","52163668","27","137864786"
"chr4","190028728","190028764","chr9","62916303","62916339","3","127112425"
"chr4","190079229","190079529","chr5","186135857","186136164","34","3943372"
"chr4","190084250","190084551","chr5","186141034","186141341","30","3943216"
"chr4","190160083","190160390","chr5","186280635","186280947","31","3879448"
"chr4","190199922","190200226","chr5","186320645","186320950","25","3879277"
"chr4","190255292","190255601","chr5","186371557","186371865","38","3883735"
"chr4","190275598","190275908","chr7","106882236","106882547","35","83393362"
"chr4","190285318","190285610","chr5","51540643","51540938","30","138744675"
"chr4","190286122","190286426","chr7","6935206","6935516","47","183350916"
"chr4","190321043","190321341","chr20","55147901","55148203","36","135173142"
"chr4","190332256","190332542","chr3","78759450","78759738","29","111572806"
"chr4","190344064","190344360","chr3","36442876","36443174","29","153901188"
"chr4","190359083","190359389","chr14","15756054","15756351","37","174603029"
"chr4","190378130","190378420","chr5","186500921","186501207","28","3877209"
"chr4","190450559","190450856","chr5","51540643","51540938","29","138909916"
"chr4","190461858","190462090","chr4","34413991","34414221","33","156047867"
"chr4","190505709","190505808","chr6","71616813","71616910","13","118888896"
"chr4","190545638","190545920","chr8","46567454","46567736","38","143978184"
"chr4","190550629","190550941","chr5","186676907","186677215","36","3873722"
"chr4","190654244","190654543","chr10","80657022","80657321","34","109997222"
"chr4","190703148","190703448","chr5","186843868","186844168","23","3859280"
"chr4","190721953","190722178","chr14","14680593","14680816","28","176041360"
"chr4","190797279","190797592","chr5","186936854","186937173","26","3860425"
"chr4","190800394","190800564","chr5","992014","992175","39","189808380"
"chr4","190814616","190814778","chr19","15492088","15492253","28","175322528"
"chr4","190896303","190896600","chrX","30148602","30148903","49","160747701"
"chr4","190922493","190922791","chr14","104135876","104136178","28","86786617"
"chr4","190932398","190932727","chr15","13225703","13226033","103","177706695"
"chr4","190933296","190933608","chr5","187065059","187065365","24","3868237"
"chr4","190942540","190942846","chr18","371369","371677","39","190571171"
"chr4","190943822","190944086","chr12","106786060","106786323","36","84157762"
"chr4","190948989","190949285","chr5","187080523","187080821","31","3868466"
"chr4","191005920","191006213","chr5","187137198","187137491","36","3868722"
"chr4","191019611","191019902","chr16","19274357","19274647","34","171745254"
"chr4","191046789","191047085","chr16","75181563","75181863","33","115865226"
"chr4","191054972","191055249","chr1","45132288","45132574","45","145922684"
"chr4","191060144","191060430","chr1","146022924","146023211","38","45037220"
"chr4","191103661","191103909","chr5","187236362","187236606","30","3867299"
"chr4","191141229","191141539","chr2","180536035","180536346","39","10605194"
"chr4","191146358","191146644","chr1","9601563","9601859","42","181544795"
"chr4","191153212","191153514","chrX","97485671","97485973","37","93667541"
"chr4","191172531","191172806","chr20","37501521","37501800","41","153671010"
"chr4","191261567","191261845","chr5","187398927","187399226","53","3862640"
"chr4","191312726","191312883","chr1","161035354","161035507","27","30277372"
"chr4","191342167","191342459","chr16","66560930","66561225","42","124781237"
"chr4","191370548","191370852","chr7","34134376","34134677","32","157236172"
"chr4","191388796","191389005","chr4","167862628","167862830","48","23526168"
"chr4","191414411","191414699","chr5","187544018","187544311","34","3870393"
"chr4","191481496","191481776","chr5","187622463","187622748","35","3859033"
"chr4","191544926","191545248","chr5","187686146","187686434","59","3858780"
"chr4","191556681","191556960","chr5","187696028","187696307","20","3860653"
"chr4","191578329","191578582","chr5","152533866","152534118","39","39044463"
"chr4","191727972","191728280","chr5","187868483","187868782","38","3859489"
"chr4","191795964","191796237","chr7","5763442","5763719","43","186032522"
"chr4","191834940","191835224","chr5","187983459","187983741","23","3851481"
"chr4","191840156","191840444","chr11","113443818","113444109","37","78396338"
"chr4","191861424","191861722","chr15","11256270","11256564","41","180605154"
"chr4","191862257","191862474","chr11","120671283","120671499","32","71190974"
"chr4","191876196","191876510","chr14","51659905","51660215","36","140216291"
"chr4","191928232","191928538","chr5","188076130","188076435","31","3852102"
"chr4","191947982","191948275","chrX","71518503","71518796","33","120429479"
"chr4","192059709","192059998","chr5","4434561","4434856","41","187625148"
"chr4","192113364","192113495","chr1","22008660","22008794","17","170104704"
"chr4","192132353","192132660","chr2","96943765","96944067","43","95188588"
"chr4","192137395","192137654","chr11","51844902","51845163","42","140292493"
"chr4","192171820","192172110","chrX","127362936","127363225","36","64808884"
"chr4","192236543","192236651","chr19","45791252","45791365","22","146445291"
"chr4","192241013","192241315","chr3","180654874","180655175","34","11586139"
"chr4","192273668","192273960","chr5","188401545","188401840","24","3872123"
"chr4","192277778","192278077","chr2","69273471","69273769","36","123004307"
"chr4","192292911","192293218","chr1","109698616","109698923","31","82594295"
"chr4","192307231","192307531","chr5","188431755","188432061","27","3875476"
"chr4","192315866","192316177","chr5","188440473","188440784","36","3875393"
"chr4","192327154","192327452","chr20","8006906","8007198","38","184320248"
"chr4","192331147","192331449","chr5","188456939","188457242","26","3874208"
"chr4","192340640","192340938","chr5","188465941","188466250","34","3874699"
"chr4","192341413","192341713","chr19","20676318","20676616","38","171665095"
"chr4","192346675","192346966","chr1","46875252","46875555","61","145471423"
"chr4","192353674","192353985","chr1","46030893","46031203","39","146322781"
"chr4","192369379","192369686","chr17","27628283","27628590","43","164741096"
"chr4","192377012","192377299","chr16","2871012","2871300","30","189506000"
"chr4","192387327","192387462","chr14","9310120","9310254","17","183077207"
"chr4","192387858","192388051","chr17","1394818","1395006","37","190993040"
"chr4","192390043","192390341","chr5","188539953","188540263","35","3850090"
"chr4","192397132","192397432","chr3","166005666","166005965","36","26391466"
"chr4","192399388","192399693","chr8","38032500","38032805","43","154366888"
"chr4","192414078","192414380","chr1","10545185","10545483","39","181868893"
"chr4","192418122","192418411","chr1","124377121","124377414","48","68041001"
"chr4","192439786","192439936","chr4","44130284","44130433","22","148309502"
"chr4","192454421","192454715","chr5","188604123","188604408","32","3850298"
"chr4","192465120","192465417","chr4","105401676","105401972","34","87063444"
"chr4","192472154","192472453","chr13","6124975","6125273","39","186347179"
"chr4","192484908","192485199","chr11","120098123","120098418","38","72386785"
"chr4","192498769","192499058","chr1","38986821","38987108","38","153511948"
"chr4","192512298","192512490","chr19","44155223","44155414","29","148357075"
"chr4","192515887","192516169","chr1","220415451","220415740","45","27899564"
"chr4","192567206","192567496","chr1","220415451","220415740","33","27848245"
"chr4","192577828","192578129","chr5","8289100","8289402","39","184288728"
"chr4","192585703","192585866","chr6","58863249","58863409","21","133722454"
"chr4","192595864","192595923","chr11","7068146","7068203","13","185527718"
"chr4","192612644","192612941","chr5","188778631","188778937","33","3834013"
"chr4","192613732","192614025","chr5","188779738","188780037","31","3833994"
"chr4","192621502","192621790","chr5","184066657","184066960","50","8554845"
"chr4","192626250","192626440","chr1","15622351","15622536","35","177003899"
"chr4","192666531","192666702","chr16","73850351","73850518","25","118816180"
"chr4","192692421","192692722","chr5","188899053","188899360","43","3793368"
"chr4","192704765","192705051","chr14","49891007","49891295","38","142813758"
"chr4","192705560","192705871","chr5","188912039","188912339","32","3793521"
"chr4","192727556","192727847","chr16","53343046","53343333","41","139384510"
"chr4","192748733","192749023","chr20","20769154","20769446","40","171979579"
"chr4","192751746","192752060","chr1","41805196","41805511","45","150946550"
"chr4","192790371","192790663","chr17","76463145","76463430","46","116327226"
"chr4","192801805","192802086","chr5","189011780","189012056","37","3790025"
"chr4","192844183","192844266","chr18","35028845","35028915","26","157815338"
"chr4","192913201","192913504","chr3","174830153","174830453","30","18083048"
"chr4","192982609","192982910","chr5","189165089","189165383","36","3817520"
"chr4","193044931","193045002","chr11","6816562","6816629","10","186228369"
"chr4","193061297","193061569","chr5","189236720","189236995","25","3824577"
"chr4","193269224","193269417","chr20","28070885","28071073","37","165198339"
"chr4","193288581","193288883","chr7","166273659","166273960","40","27014922"
"chr4","193305615","193305909","chr19","44781977","44782268","42","148523638"
"chr4","193386902","193387050","chr1","110234634","110234777","24","83152268"
"chr4","193397462","193397759","chr2","143012754","143013055","37","50384708"
"chr4","193431296","193431602","chrX","148128323","148128633","36","45302973"
"chr4","193459437","193459734","chr6","137966291","137966590","34","55493146"
"chr4","193514769","193515049","chr6","56014347","56014628","38","137500422"
"chr4","193519516","193519822","chr1","75673607","75673911","47","117845909"
"chr4","193537515","193537808","chr12","107131131","107131428","34","86406384"
"chr4","193573429","193573713","chr7","106425305","106425586","38","87148124"
"chr4","193656777","193656876","chr2","51286276","51286376","12","142370501"
"chr4","193681302","193681587","chr17","5071313","5071601","38","188609989"
"chr4","193757464","193757743","chr9","106051939","106052219","37","87705525"
"chr4","193763424","193763732","chr16","17356983","17357292","38","176406441"
"chr4","193830567","193830871","chr1","123644273","123644576","44","70186294"
"chr4","195059785","195060015","chr13","9933233","9933462","32","185126552"
"chr4","195192582","195192821","chr5","190334859","190335102","25","4857723"
"chr4","195218898","195219216","chr13","44262435","44262745","62","150956463"
"chr4","195327533","195327628","chr17","11926089","11926190","16","183401444"
"chr4","195616388","195616630","chr9","62089461","62089709","46","133526927"
"chr4","195619122","195619416","chr11","54916713","54917003","42","140702409"
"chr4","195630076","195630367","chr5","7365971","7366261","44","188264105"
"chr4","195726098","195726394","chr14","115306587","115306883","38","80419511"
"chr5","141557756","141557983","chr7","137253037","137253265","57","4304719"
"chr5","49414006","49414303","chr6","64349018","64349314","20","14935012"
"chr5","83099485","83099785","chr3","126282662","126282957","34","43183177"
"chr5","133693354","133693655","chr4","31433155","31433462","52","102260199"
"chr5","135921443","135921743","chr6","136798827","136799128","37","877384"
"chr5","141950950","141951099","chr6","177341736","177341880","29","35390786"
"chr5","151781087","151781396","chr8","45680035","45680345","36","106101052"
"chr5","159121232","159121528","chr6","155250784","155251068","34","3870448"
"chr5","191477","191677","chr16","3387571","3387768","39","3196094"
"chr5","196612","196904","chr9","59685986","59686279","34","59489374"
"chr5","204441","204638","chr6","32492","32679","31","171949"
"chr5","210777","210890","chr6","38857","38970","6","171920"
"chr5","211897","212041","chrX","130438301","130438440","21","130226404"
"chr5","267723","267997","chr9","58204099","58204374","30","57936376"
"chr5","342070","342377","chr6","174111","174411","42","167959"
"chr5","367644","367944","chr6","205120","205417","31","162524"
"chr5","533448","533746","chr14","7643073","7643368","27","7109625"
"chr5","542806","543035","chr6","56511093","56511315","38","55968287"
"chr5","713929","714233","chr6","560631","560935","22","153298"
"chr5","734752","735040","chr6","582144","582443","29","152608"
"chr5","738744","738847","chr6","586592","586703","18","152152"
"chr5","739066","739237","chr1","128904529","128904699","26","128165463"
"chr5","978773","979086","chr2","129117953","129118264","48","128139180"
"chr5","981820","982108","chr7","67938253","67938543","41","66956433"
"chr5","1011516","1011782","chr7","139823809","139824077","54","138812293"
"chr5","1105925","1106189","chrX","126749515","126749781","53","125643590"
"chr5","1165699","1165997","chr8","94510144","94510444","36","93344445"
"chr5","1166133","1166443","chrX","41160510","41160820","46","39994377"
"chr5","1215509","1215714","chr6","1075615","1075824","35","139894"
"chr5","1216331","1216431","chr19","28835350","28835446","10","27619019"
"chr5","1232100","1232410","chrX","53644487","53644797","38","52412387"
"chr5","1345917","1346226","chr6","1198071","1198382","29","147846"
"chr5","1384346","1384635","chr6","1232734","1233024","35","151612"
"chr5","1403971","1404262","chr9","115113357","115113647","36","113709386"
"chr5","1409025","1409279","chr6","1256515","1256767","23","152510"
"chr5","1418438","1418587","chr3","127758323","127758474","19","126339885"
"chr5","1420814","1421070","chr5","121587554","121587815","49","120166740"
"chr5","1497753","1498033","chr6","1344109","1344403","33","153644"
"chr5","1571234","1571528","chr6","1416725","1417017","22","154509"
"chr5","1572246","1572499","chr6","1417740","1417992","25","154506"
"chr5","1686518","1686712","chrX","47018952","47019147","34","45332434"
"chr5","1706306","1706613","chr6","155190688","155190985","35","153484382"
"chr5","1707892","1708048","chr11","111622743","111622900","31","109914851"
"chr5","1731187","1731478","chr6","1492565","1492860","21","238622"
"chr5","1734683","1734981","chr6","1496036","1496346","34","238647"
"chr5","1741685","1741988","chr6","1503774","1504069","42","237911"
"chr5","1758479","1758653","chr1","26708727","26708897","27","24950248"
"chr5","1785763","1785993","chr16","9675962","9676190","33","7890199"
"chr5","1806212","1806496","chr1","61767445","61767730","39","59961233"
"chr5","1809166","1809448","chr1","44954684","44954966","36","43145518"
"chr5","1814285","1814528","chr6","1579811","1580051","30","234474"
"chr5","1826421","1826726","chr6","1591542","1591848","20","234879"
"chr5","1837014","1837324","chr6","1601155","1601467","30","235859"
"chr5","1969985","1970266","chr7","68687687","68687968","35","66717702"
"chr5","1973624","1973935","chr6","1737745","1738039","44","235879"
"chr5","1981120","1981398","chr1","126079086","126079365","36","124097966"
"chr5","2040773","2041069","chr6","1803716","1804005","27","237057"
"chr5","2050805","2051102","chr3","5892866","5893169","35","3842061"
"chr5","2125869","2126169","chr6","1880261","1880570","38","245608"
"chr5","2233955","2234256","chrX","114883322","114883623","38","112649367"
"chr5","2318942","2319241","chr6","2072595","2072889","22","246347"
"chr5","2351016","2351316","chrX","8591299","8591598","34","6240283"
"chr5","2389907","2390208","chrX","134977768","134978064","40","132587861"
"chr5","2439526","2439652","chr1","161382752","161382881","17","158943226"
"chr5","2520225","2520511","chr2","113019410","113019679","87","110499185"
"chr5","2535557","2535843","chr18","66970137","66970422","38","64434580"
"chr5","2618426","2618725","chr6","2421285","2421595","38","197141"
"chr5","2687079","2687404","chr6","2494937","2495244","35","192142"
"chr5","2801516","2801798","chr6","2604462","2604740","33","197054"
"chr5","2809330","2809638","chr6","2612239","2612545","25","197091"
"chr5","2846544","2846810","chr1","129089131","129089396","39","126242587"
"chr5","2959307","2959606","chr7","136620200","136620498","35","133660893"
"chr5","3086378","3086661","chr6","2890194","2890456","44","196184"
"chr5","3089545","3089854","chr6","2893352","2893658","37","196193"
"chr5","3092655","3092943","chr17","4903644","4903934","45","1810989"
"chr5","3106886","3107182","chr6","2910986","2911286","25","195900"
"chr5","3107954","3108242","chr3","2986573","2986865","31","121381"
"chr5","3253585","3253754","chr19","7937810","7937984","23","4684225"
"chr5","3336370","3336596","chr7","27280054","27280277","37","23943684"
"chr5","3383448","3383741","chr6","3239574","3239872","29","143874"
"chr5","3448052","3448340","chr6","3302786","3303074","30","145266"
"chr5","3464646","3464960","chr6","3312419","3312729","29","152227"
"chr5","3481458","3481762","chr6","3329142","3329428","44","152316"
"chr5","3562628","3562886","chr12","65950542","65950802","45","62387914"
"chr5","3728044","3728347","chr7","27184448","27184744","39","23456404"
"chr5","3775210","3775523","chr15","21854318","21854629","47","18079108"
"chr5","3956707","3957002","chr19","44781977","44782268","33","40825270"
"chr5","3959450","3959721","chr1","139905454","139905725","44","135946004"
"chr5","3979759","3980044","chr6","3825564","3825848","35","154195"
"chr5","4008490","4008797","chr6","3854355","3854662","25","154135"
"chr5","4014942","4015240","chr13","11438541","11438838","39","7423599"
"chr5","4045680","4045982","chr11","49679272","49679571","52","45633592"
"chr5","4067280","4067591","chr12","58601949","58602260","38","54534669"
"chr5","4100012","4100308","chr6","3944154","3944437","46","155858"
"chr5","4170096","4170401","chr6","4014976","4015277","31","155120"
"chr5","4180189","4180480","chr4","163610184","163610481","41","159429995"
"chr5","4185082","4185373","chr20","34025582","34025878","44","29840500"
"chr5","4249502","4249799","chr8","43995522","43995817","51","39746020"
"chr5","4264582","4264793","chr1","925575","925775","41","3339007"
"chr5","4279170","4279479","chr13","55078215","55078528","33","50799045"
"chr5","4290386","4290689","chr6","129934590","129934892","40","125644204"
"chr5","4470272","4470491","chr12","106080182","106080390","49","101609910"
"chr5","4508843","4509126","chr4","137073144","137073423","40","132564301"
"chr5","4559764","4560040","chr6","4406543","4406833","37","153221"
"chr5","4599260","4599479","chr1","85926312","85926528","38","81327052"
"chr5","4702510","4702809","chr10","70908203","70908485","51","66205693"
"chr5","4773093","4773358","chr6","4620152","4620427","37","152941"
"chr5","4851713","4852018","chr6","4700011","4700302","35","151702"
"chr5","4906979","4907208","chr12","70524409","70524645","43","65617430"
"chr5","4943747","4944048","chr6","4791893","4792194","27","151854"
"chr5","4956391","4956699","chr3","41130046","41130344","43","36173655"
"chr5","4975818","4976121","chr1","210738800","210739095","43","205762982"
"chr5","5053477","5053771","chr6","4913766","4914064","34","139711"
"chr5","5064503","5064662","chr14","126931639","126931801","37","121867136"
"chr5","5180331","5180640","chr2","53693767","53694070","36","48513436"
"chr5","5241857","5242155","chr14","63539987","63540287","31","58298130"
"chr5","5285172","5285475","chr6","5134194","5134487","40","150978"
"chr5","5301310","5301594","chr1","36516905","36517189","36","31215595"
"chr5","5301625","5301655","chr10","83366059","83366089","8","78064434"
"chr5","5322854","5323165","chr16","38542453","38542761","40","33219599"
"chr5","5344914","5345214","chr6","20317307","20317607","41","14972393"
"chr5","5364861","5365147","chr6","5216491","5216788","38","148370"
"chr5","5370362","5370669","chr6","5226258","5226549","37","144104"
"chr5","5425005","5425300","chr10","36988450","36988746","39","31563445"
"chr5","5458950","5459232","chr16","57632311","57632592","45","52173361"
"chr5","5511525","5511827","chr6","5372903","5373200","34","138622"
"chr5","5526156","5526459","chr11","121236639","121236932","51","115710483"
"chr5","5575512","5575790","chr6","5431020","5431297","27","144492"
"chr5","5621533","5621789","chr6","5475919","5476178","27","145614"
"chr5","5676692","5676878","chr6","5532925","5533108","24","143767"
"chr5","5731816","5732117","chr16","5625017","5625313","35","106799"
"chr5","5777978","5778286","chr11","104087348","104087659","29","98309370"
"chr5","5807714","5807983","chr6","5666284","5666567","42","141430"
"chr5","5825696","5825994","chr6","5687882","5688183","22","137814"
"chr5","5864906","5865123","chr11","78391421","78391637","36","72526515"
"chr5","5896264","5896558","chr6","5758898","5759192","26","137366"
"chr5","5906527","5906771","chr9","61109284","61109543","57","55202757"
"chr5","5934700","5934897","chr7","49412007","49412208","38","43477307"
"chr5","6056789","6057071","chr6","5920160","5920441","27","136629"
"chr5","6078911","6079206","chr7","98906170","98906474","39","92827259"
"chr5","6105824","6106134","chr1","188217507","188217816","40","182111683"
"chr5","6143784","6144066","chr2","94522284","94522582","42","88378500"
"chr5","6188565","6188845","chr4","162547165","162547447","38","156358600"
"chr5","6213567","6213869","chr6","6071886","6072196","29","141681"
"chr5","6233266","6233570","chr6","6086287","6086594","44","146979"
"chr5","6235871","6236174","chr13","39986756","39987062","41","33750885"
"chr5","6247080","6247367","chr6","6098272","6098561","36","148808"
"chr5","6261393","6261692","chr6","6112946","6113250","26","148447"
"chr5","6378330","6378625","chr6","6220451","6220746","22","157879"
"chr5","6412430","6412744","chr10","58328658","58328966","55","51916228"
"chr5","6425257","6425553","chr6","6267515","6267811","27","157742"
"chr5","6465093","6465395","chr6","6312871","6313174","26","152222"
"chr5","6565276","6565581","chr15","50785718","50786011","49","44220442"
"chr5","6607682","6607963","chr6","155056712","155056988","42","148449030"
"chr5","6626067","6626275","chr2","204638025","204638229","32","198011958"
"chr5","6629942","6630143","chr1","130913980","130914164","43","124284038"
"chr5","6648771","6649065","chr7","159093632","159093928","42","152444861"
"chr5","6656219","6656515","chr18","649638","649935","36","6006581"
"chr5","6679539","6679749","chr6","146980272","146980487","33","140300733"
"chr5","6686116","6686229","chr1","123145127","123145241","14","116459011"
"chr5","6697907","6698223","chr6","6561581","6561894","33","136326"
"chr5","6809551","6809847","chr5","146760243","146760541","35","139950692"
"chr5","7078032","7078312","chr11","75910965","75911238","38","68832933"
"chr5","7167563","7167889","chrX","65948237","65948547","58","58780674"
"chr5","7185890","7186192","chr2","203095842","203096145","39","195909952"
"chr5","7276266","7276578","chr6","7131214","7131520","34","145052"
"chr5","7444856","7445147","chr7","6759904","6760198","29","684952"
"chr5","7469585","7469891","chr6","7149797","7150108","36","319788"
"chr5","7554344","7554627","chr4","17946850","17947134","39","10392506"
"chr5","7597579","7597890","chrX","23558557","23558868","38","15960978"
"chr5","7636863","7637002","chr7","67248169","67248300","24","59611306"
"chr5","7670335","7670643","chr6","129934590","129934892","33","122264255"
"chr5","7689054","7689360","chr7","92643801","92644105","34","84954747"
"chr5","7850209","7850325","chr2","107720840","107720952","18","99870631"
"chr5","7852002","7852186","chr11","2904691","2904882","32","4947311"
"chr5","8130743","8130872","chr3","183731879","183732019","29","175601136"
"chr5","8165338","8165629","chr17","19468266","19468561","37","11302928"
"chr5","8274614","8274917","chr6","73393768","73394067","40","65119154"
"chr5","8340946","8341210","chr6","8078531","8078801","26","262415"
"chr5","8370590","8370889","chrX","95177383","95177685","29","86806793"
"chr5","8429639","8429932","chr6","8217078","8217371","31","212561"
"chr5","8477385","8477678","chr12","96281392","96281689","33","87804007"
"chr5","8668338","8668360","chr1","667832","667854","4","8000506"
"chr5","8668399","8668558","chrX","855241","855400","28","7813158"
"chr5","8793491","8793656","chr7","136461566","136461722","29","127668075"
"chr5","8902728","8903042","chr3","39641274","39641578","50","30738546"
"chr5","8953311","8953429","chr14","54321051","54321175","26","45367740"
"chr5","8992018","8992219","chr1","25987435","25987643","46","16995417"
"chr5","9046610","9046905","chr6","8866786","8867091","40","179824"
"chr5","9178959","9179261","chr6","9054682","9054995","34","124277"
"chr5","9188257","9188555","chr6","9061955","9062252","28","126302"
"chr5","9252257","9252535","chr1","37954757","37955032","38","28702500"
"chr5","9281062","9281368","chr1","24173970","24174272","38","14892908"
"chr5","9362442","9362734","chr20","56831413","56831703","41","47468971"
"chr5","9453683","9453955","chr6","9327621","9327893","25","126062"
"chr5","9530697","9531011","chr6","9404225","9404540","40","126472"
"chr5","9563847","9564153","chr9","41445011","41445317","40","31881164"
"chr5","9601404","9601716","chr16","41071621","41071940","49","31470217"
"chr5","9622520","9622806","chr11","54607984","54608265","37","44985464"
"chr5","9677741","9678042","chr6","9586844","9587143","21","90897"
"chr5","9732520","9732812","chr6","9637726","9638025","21","94794"
"chr5","9751403","9751702","chr19","11709484","11709786","34","1958081"
"chr5","9833425","9833671","chr6","9746673","9746926","31","86752"
"chr5","9921404","9921704","chr3","156186156","156186456","39","146264752"
"chr5","10039394","10039696","chr6","129934590","129934892","41","119895196"
"chr5","10228573","10228854","chr6","10094734","10095009","17","133839"
"chr5","10274829","10274908","chr3","164752103","164752177","16","154477274"
"chr5","10274930","10274988","chr9","15087196","15087255","17","4812266"
"chr5","10274993","10275286","chr7","122016416","122016713","30","111741423"
"chr5","10347486","10347762","chr6","10212305","10212587","35","135181"
"chr5","10359092","10359385","chr7","41203459","41203756","36","30844367"
"chr5","10365535","10365820","chr6","10227322","10227619","31","138213"
"chr5","10371866","10372168","chr2","134751682","134751990","42","124379816"
"chr5","10383851","10384058","chr1","25987435","25987643","38","15603584"
"chr5","10385211","10385517","chr6","10258194","10258504","34","127017"
"chr5","10387981","10388278","chr6","10260941","10261239","30","127040"
"chr5","10426670","10426853","chr7","133114354","133114541","34","122687684"
"chr5","10427271","10427561","chr6","138780660","138780954","48","128353389"
"chr5","10453685","10454001","chr6","10329184","10329507","34","124501"
"chr5","10470018","10470255","chr16","29216623","29216866","38","18746605"
"chr5","10482927","10483237","chr6","10361941","10362245","37","120986"
"chr5","10495532","10495841","chr6","10375655","10375962","30","119877"
"chr5","10498829","10499130","chr8","22476960","22477268","31","11978131"
"chr5","10499487","10499777","chr18","20505848","20506142","33","10006361"
"chr5","10500069","10500377","chr7","55011899","55012207","41","44511830"
"chr5","10502175","10502410","chr16","71909561","71909798","35","61407386"
"chr5","10510887","10511185","chr1","21672807","21673105","33","11161920"
"chr5","10528027","10528368","chr7","120464747","120465079","55","109936720"
"chr5","10565384","10565631","chr17","39491820","39492059","32","28926436"
"chr5","10601160","10601471","chr6","10476859","10477164","34","124301"
"chr5","10605705","10605988","chr6","10481559","10481857","32","124146"
"chr5","10608468","10608768","chr10","32178193","32178489","42","21569725"
"chr5","10617006","10617306","chr6","71534351","71534652","36","60917345"
"chr5","10618765","10619062","chr3","79590044","79590340","44","68971279"
"chr5","10623236","10623526","chr14","49891007","49891295","36","39267771"
"chr5","10666149","10666468","chr7","54800820","54801122","52","44134671"
"chr5","10678664","10678967","chr7","26853365","26853670","33","16174701"
"chr5","10690512","10690813","chr16","3487647","3487950","38","7202865"
"chr5","10701898","10702186","chr6","10577363","10577651","21","124535"
"chr5","10713418","10713714","chr20","53325602","53325897","38","42612184"
"chr5","10714522","10714833","chr6","10589222","10589515","41","125300"
"chr5","10740471","10740777","chr6","10615392","10615700","35","125079"
"chr5","10752327","10752639","chr6","10627246","10627554","33","125081"
"chr5","10761668","10761920","chr3","41161741","41161992","50","30400073"
"chr5","10767528","10767838","chr9","115486233","115486535","37","104718705"
"chr5","10772544","10772836","chr14","17954025","17954321","38","7181481"
"chr5","10799713","10799881","chr16","4172524","4172689","26","6627189"
"chr5","10811357","10811660","chr6","10686554","10686850","40","124803"
"chr5","10903910","10904220","chr3","164494607","164494917","36","153590697"
"chr5","10932684","10932940","chr3","177839970","177840222","55","166907286"
"chr5","10953182","10953381","chr15","10815071","10815270","30","138111"
"chr5","10953923","10954196","chr3","133373744","133374018","32","122419821"
"chr5","10975572","10975857","chr6","10861978","10862253","33","113594"
"chr5","10996327","10996601","chr20","41055128","41055405","33","30058801"
"chr5","10996776","10997080","chr9","110519600","110519899","32","99522824"
"chr5","11157887","11158197","chr6","11047512","11047820","34","110375"
"chr5","11182536","11182828","chr6","11071719","11072017","27","110817"
"chr5","11248945","11249225","chr13","43827416","43827693","41","32578471"
"chr5","11394391","11394703","chr6","11283840","11284132","41","110551"
"chr5","11677422","11677715","chr6","11563893","11564195","30","113529"
"chr5","11683585","11683727","chr7","167773913","167774060","28","156090328"
"chr5","11709313","11709568","chr6","11595279","11595543","33","114034"
"chr5","11779841","11780140","chr14","66464520","66464814","45","54684679"
"chr5","11787480","11787779","chr14","15756054","15756351","34","3968574"
"chr5","11880474","11880763","chr6","11766854","11767143","28","113620"
"chr5","11886349","11886653","chr4","88410610","88410912","37","76524261"
"chr5","11914205","11914499","chr6","11800409","11800704","22","113796"
"chr5","11937686","11937973","chr7","135967723","135968010","41","124030037"
"chr5","11940582","11940761","chr5","25029751","25029937","43","13089169"
"chr5","11966684","11966974","chr6","11853558","11853858","29","113126"
"chr5","12080267","12080574","chr2","44569113","44569418","35","32488846"
"chr5","12083530","12083833","chr19","44883690","44883984","38","32800160"
"chr5","12111621","12111931","chrX","41160510","41160820","46","29048889"
"chr5","12251514","12251791","chr2","21506595","21506872","39","9255081"
"chr5","12285918","12286164","chr2","2737712","2737962","38","9548206"
"chr5","12451347","12451645","chr6","12318007","12318317","35","133340"
"chr5","12512620","12512920","chr17","6885216","6885518","37","5627404"
"chr5","12607633","12607918","chr6","12496708","12496992","30","110925"
"chr5","12703813","12704113","chr6","12599957","12600252","40","103856"
"chr5","12860623","12860752","chr8","79499448","79499575","26","66638825"
"chr5","12910457","12910765","chr6","12866971","12867275","36","43486"
"chr5","13164596","13164891","chr6","13352322","13352625","32","187726"
"chr5","13275980","13276267","chr1","34582723","34583007","51","21306743"
"chr5","13292234","13292544","chr6","13480465","13480777","50","188231"
"chr5","13354314","13354606","chrX","9240846","9241146","50","4113468"
"chr5","13403665","13403975","chr14","112526592","112526892","43","99122927"
"chr5","13414129","13414395","chr15","9200287","9200544","57","4213842"
"chr5","13431776","13432070","chr12","64353986","64354273","53","50922210"
"chr5","13450615","13450908","chr2","168828708","168829001","42","155378093"
"chr5","13547548","13547740","chr1","116332361","116332554","31","102784813"
"chr5","13575840","13576110","chr6","13800123","13800387","38","224283"
"chr5","13728064","13728373","chr6","13951245","13951553","34","223181"
"chr5","13771839","13772149","chr6","13990101","13990403","39","218262"
"chr5","13910078","13910382","chr7","113559810","113560113","29","99649732"
"chr5","13941453","13941775","chr3","12193959","12194287","49","1747494"
"chr5","13950645","13950952","chr12","106103474","106103785","35","92152829"
"chr5","13978303","13978573","chr6","14196680","14196953","23","218377"
"chr5","13990779","13991086","chr12","3358482","3358793","50","10632297"
"chr5","14041624","14041933","chr6","14303089","14303398","31","261465"
"chr5","14082395","14082688","chr4","31266520","31266812","33","17184125"
"chr5","14111303","14111604","chrX","48676443","48676743","32","34565140"
"chr5","14135357","14135640","chr6","14391116","14391411","31","255759"
"chr5","14145880","14146132","chrX","8521588","8521840","30","5624292"
"chr5","14146133","14146240","chr12","106135345","106135451","12","91989212"
"chr5","14155964","14156270","chr9","8036058","8036357","38","6119906"
"chr5","14161785","14162082","chr7","34134376","34134677","47","19972591"
"chr5","14200948","14201263","chr6","14454888","14455209","25","253940"
"chr5","14224894","14225202","chr6","14476657","14476961","43","251763"
"chr5","14237590","14237852","chr12","114720381","114720649","32","100482791"
"chr5","14249473","14249781","chr20","28014774","28015077","36","13765301"
"chr5","14252446","14252742","chr2","93064873","93065175","43","78812427"
"chr5","14254516","14254827","chr15","18383931","18384228","49","4129415"
"chr5","14270475","14270610","chr6","14521633","14521765","15","251158"
"chr5","14270891","14271052","chr6","14522069","14522231","33","251178"
"chr5","14279384","14279673","chr6","14530607","14530898","29","251223"
"chr5","14285046","14285340","chr6","14535977","14536277","34","250931"
"chr5","14318243","14318542","chr14","96257462","96257764","45","81939219"
"chr5","14320636","14320917","chr16","73966885","73967170","41","59646249"
"chr5","14327241","14327553","chr6","14577408","14577715","35","250167"
"chr5","14333999","14334306","chr7","78001858","78002166","41","63667859"
"chr5","14343563","14343865","chr6","73393768","73394067","36","59050205"
"chr5","14353145","14353443","chr7","18502191","18502489","41","4149046"
"chr5","14400472","14400750","chr6","155056712","155056988","57","140656240"
"chr5","14401306","14401503","chr6","14653708","14653916","31","252402"
"chr5","14413132","14413397","chr4","16706627","16706893","53","2293495"
"chr5","14438745","14439031","chr6","14691275","14691579","30","252530"
"chr5","14464625","14464917","chr1","41691570","41691860","36","27226945"
"chr5","14558250","14558558","chr6","14810213","14810516","28","251963"
"chr5","14640335","14640633","chr6","14892567","14892878","39","252232"
"chr5","14660929","14661243","chr6","14912733","14913046","22","251804"
"chr5","14666015","14666315","chr6","14917217","14917520","27","251202"
"chr5","14670839","14671136","chr8","41814834","41815130","38","27143995"
"chr5","14672920","14673223","chr2","44569113","44569418","32","29896193"
"chr5","14684103","14684411","chrX","65769213","65769516","39","51085110"
"chr5","14685397","14685699","chr4","32804573","32804874","37","18119176"
"chr5","14686019","14686251","chr16","9675962","9676190","35","5010057"
"chr5","14689528","14689698","chr11","112074426","112074593","28","97384898"
"chr5","14710529","14710837","chr2","188013610","188013921","45","173303081"
"chr5","14711439","14711540","chr6","14965990","14966093","13","254551"
"chr5","14713837","14713974","chr15","9786599","9786734","12","4927238"
"chr5","14714818","14715114","chr3","161572696","161572990","42","146857878"
"chr5","14768591","14768900","chr6","15017332","15017643","30","248741"
"chr5","14769101","14769298","chr9","12194229","12194431","32","2574872"
"chr5","14776036","14776316","chr6","15024845","15025123","19","248809"
"chr5","14779340","14779630","chr6","15028191","15028470","27","248851"
"chr5","14786174","14786472","chr20","17931865","17932149","63","3145691"
"chr5","14803853","14804145","chr6","15060659","15060954","20","256806"
"chr5","14841909","14842195","chr6","15103392","15103678","18","261483"
"chr5","14873799","14874082","chr6","15132196","15132493","41","258397"
"chr5","14874095","14874221","chr1","23525204","23525331","16","8651109"
"chr5","14906649","14906946","chr6","15165093","15165384","28","258444"
"chr5","14925159","14925466","chr6","15184246","15184545","37","259087"
"chr5","14931914","14932213","chr6","15191038","15191336","24","259124"
"chr5","14933826","14934113","chr6","15192977","15193257","32","259151"
"chr5","14951698","14952004","chr6","15208648","15208958","29","256950"
"chr5","14967512","14967818","chr16","8032599","8032902","41","6934913"
"chr5","14978376","14978673","chr14","15756054","15756351","36","777678"
"chr5","14985065","14985363","chr6","15241988","15242288","30","256923"
"chr5","14986936","14987235","chr6","15243809","15244115","31","256873"
"chr5","15064388","15064658","chr15","42398013","42398282","36","27333625"
"chr5","15070385","15070675","chr6","15328831","15329120","21","258446"
"chr5","15073458","15073764","chr6","15332459","15332773","31","259001"
"chr5","15074239","15074371","chr2","192722632","192722764","13","177648393"
"chr5","15094628","15094924","chr6","15354149","15354459","30","259521"
"chr5","15128132","15128435","chr6","73393768","73394067","31","58265636"
"chr5","15129380","15129692","chr6","15385900","15386226","53","256520"
"chr5","15136130","15136442","chr7","82393560","82393871","41","67257430"
"chr5","15136991","15137288","chrX","147585707","147586004","39","132448716"
"chr5","15295863","15296165","chr6","73393768","73394067","31","58097905"
"chr5","15442888","15443171","chr6","15743098","15743393","43","300210"
"chr5","15551354","15551654","chr6","15881848","15882147","25","330494"
"chr5","15562577","15562727","chr19","32723322","32723473","21","17160745"
"chr5","15562753","15563022","chr5","153338694","153338959","42","137775941"
"chr5","15596906","15597206","chr6","15933093","15933405","40","336187"
"chr5","15623224","15623523","chr6","15970967","15971268","21","347743"
"chr5","15662190","15662478","chr7","72037301","72037591","37","56375111"
"chr5","15768405","15768703","chr16","52707529","52707822","50","36939124"
"chr5","15774436","15774633","chr16","48040796","48040975","43","32266360"
"chr5","15791883","15792192","chr5","84392847","84393151","35","68600964"
"chr5","15813357","15813666","chr6","16156698","16157012","30","343341"
"chr5","15852059","15852361","chr6","16197178","16197478","36","345119"
"chr5","15865475","15865783","chr7","40063489","40063797","36","24198014"
"chr5","15891749","15892042","chrX","52788499","52788790","45","36896750"
"chr5","15945226","15945519","chr6","16294037","16294327","22","348811"
"chr5","16063466","16063769","chr20","42678956","42679249","44","26615490"
"chr5","16081176","16081484","chr6","16431461","16431757","34","350285"
"chr5","16350416","16350709","chr6","16702556","16702850","14","352140"
"chr5","16402239","16402549","chr1","166387645","166387949","44","149985406"
"chr5","16467990","16468091","chr15","8794424","8794533","21","7673566"
"chr5","16468236","16468441","chr12","106080182","106080390","34","89611946"
"chr5","16489574","16489885","chr6","16835639","16835944","39","346065"
"chr5","16510529","16510846","chr6","16864387","16864699","26","353858"
"chr5","16545049","16545316","chr8","29842237","29842504","38","13297188"
"chr5","16569231","16569486","chr10","59910337","59910584","32","43341106"
"chr5","16606232","16606530","chr6","16947013","16947327","33","340781"
"chr5","16649889","16650186","chr6","16992766","16993077","39","342877"
"chr5","16670339","16670620","chr3","32443406","32443689","40","15773067"
"chr5","16682895","16683168","chr10","26389786","26390053","35","9706891"
"chr5","16683330","16683431","chr3","151235850","151235951","9","134552520"
"chr5","16694649","16694945","chr17","24909075","24909373","42","8214426"
"chr5","16733896","16734179","chr6","17082593","17082865","32","348697"
"chr5","16739475","16739739","chr6","17088165","17088425","15","348690"
"chr5","16747338","16747643","chr6","17096370","17096681","35","349032"
"chr5","16748670","16748892","chr3","127440385","127440600","33","110691715"
"chr5","16795705","16795998","chr7","169588830","169589125","34","152793125"
"chr5","16811732","16812027","chr6","17153952","17154245","28","342220"
"chr5","16826454","16826747","chr9","69080095","69080387","32","52253641"
"chr5","16855246","16855539","chr6","17199855","17200147","27","344609"
"chr5","16856306","16856606","chr6","17200918","17201211","28","344612"
"chr5","16874047","16874343","chr7","165267923","165268219","34","148393876"
"chr5","16882900","16883194","chr6","17225334","17225637","27","342434"
"chr5","16893458","16893664","chr8","6961245","6961455","30","9932213"
"chr5","16904394","16904695","chr15","50351605","50351909","25","33447211"
"chr5","16935311","16935596","chr6","17279776","17280060","29","344465"
"chr5","16939447","16939751","chr6","17284111","17284412","29","344664"
"chr5","16967468","16967767","chrX","102093963","102094255","54","85126495"
"chr5","16969075","16969369","chrX","40673024","40673315","43","23703949"
"chr5","16974376","16974598","chr6","17319674","17319914","41","345298"
"chr5","16985997","16986238","chr9","72730444","72730684","33","55744447"
"chr5","16987310","16987610","chrX","65873269","65873570","37","48885959"
"chr5","16989973","16990255","chr6","17335667","17335957","40","345694"
"chr5","17008681","17008987","chr6","17354476","17354762","36","345795"
"chr5","17026588","17026890","chr6","17372765","17373061","20","346177"
"chr5","17029864","17030157","chr2","200766393","200766691","41","183736529"
"chr5","17032589","17032889","chr6","17379180","17379482","26","346591"
"chr5","17035536","17035841","chr1","148040234","148040537","38","131004698"
"chr5","17040727","17040914","chr10","29597621","29597804","43","12556894"
"chr5","17041348","17041481","chr11","112153959","112154092","23","95112611"
"chr5","17058412","17058547","chr6","17405813","17405948","8","347401"
"chr5","17058840","17059021","chr6","17406248","17406423","27","347408"
"chr5","17060643","17060938","chr1","220883377","220883674","27","203822734"
"chr5","17066909","17067166","chr3","130993886","130994155","48","113926977"
"chr5","17083986","17084054","chr3","183742878","183742928","19","166658892"
"chr5","17084332","17084499","chr14","118920793","118920963","31","101836461"
"chr5","17086891","17087141","chr1","31551552","31551790","45","14464661"
"chr5","17112887","17113195","chr6","17463500","17463803","39","350613"
"chr5","17116489","17116627","chr11","109937735","109937869","25","92821246"
"chr5","17116934","17117100","chr11","109938167","109938327","28","92821233"
"chr5","17139685","17139883","chr2","204638025","204638229","45","187498340"
"chr5","17143695","17143982","chr6","17495358","17495638","34","351663"
"chr5","17146751","17146791","chr19","9666927","9666966","11","7479824"
"chr5","17146867","17146991","chr15","16926169","16926299","19","220698"
"chr5","17147217","17147518","chr15","18724682","18724978","46","1577465"
"chr5","17177860","17178156","chr6","17525921","17526211","36","348061"
"chr5","17191639","17191863","chr16","44300498","44300727","41","27108859"
"chr5","17211276","17211577","chr6","17559242","17559541","58","347966"
"chr5","17228714","17229015","chr2","188829913","188830214","34","171601199"
"chr5","17233988","17234278","chr9","87090399","87090693","35","69856411"
"chr5","17243344","17243635","chr16","18242235","18242525","36","998891"
"chr5","17245641","17245950","chr6","17593520","17593821","32","347879"
"chr5","17249400","17249451","chr12","2589335","2589379","11","14660065"
"chr5","17251853","17252158","chr6","17599974","17600274","32","348121"
"chr5","17254461","17254563","chr3","40638050","40638149","13","23383589"
"chr5","17276784","17277082","chr6","17626660","17626967","26","349876"
"chr5","17296771","17297058","chr10","27527734","27528023","44","10230963"
"chr5","17301558","17301857","chr6","17654874","17655177","21","353316"
"chr5","17309073","17309238","chr6","17662861","17663027","13","353788"
"chr5","17311659","17311952","chr1","220883377","220883674","38","203571718"
"chr5","17314653","17314949","chr6","17669215","17669500","33","354562"
"chr5","17326242","17326539","chr15","13782664","13782962","35","3543578"
"chr5","17327739","17328037","chr6","17682516","17682808","30","354777"
"chr5","17330534","17330823","chr1","43370416","43370709","34","26039882"
"chr5","17339722","17340010","chr15","43608671","43608956","36","26268949"
"chr5","17341468","17341696","chr6","17694757","17695020","50","353289"
"chr5","17344261","17344521","chr6","17696292","17696531","34","352031"
"chr5","17368079","17368364","chr7","3450180","3450461","40","13917899"
"chr5","17378084","17378383","chr5","51540643","51540938","43","34162559"
"chr5","17401506","17401812","chr6","17757195","17757502","16","355689"
"chr5","17402474","17402719","chr16","9675962","9676190","50","7726512"
"chr5","17415739","17416060","chr6","17771370","17771690","31","355631"
"chr5","17418588","17418890","chr7","78931435","78931742","38","61512847"
"chr5","17421975","17422138","chr6","17778258","17778420","10","356283"
"chr5","17422425","17422545","chr6","17778715","17778838","15","356290"
"chr5","17424377","17424661","chr11","132437462","132437750","35","115013085"
"chr5","17427224","17427525","chr6","17783482","17783785","34","356258"
"chr5","17428002","17428308","chr6","17784258","17784563","42","356256"
"chr5","17473554","17473843","chr3","42101864","42102152","36","24628310"
"chr5","17476058","17476323","chr4","28996365","28996638","48","11520307"
"chr5","17481767","17482062","chr6","17832892","17833189","17","351125"
"chr5","17495725","17495949","chr13","38732499","38732723","37","21236774"
"chr5","17496392","17496470","chr2","202739508","202739584","12","185243116"
"chr5","17503633","17503945","chr7","40983181","40983491","40","23479548"
"chr5","17519785","17520086","chrX","52560249","52560544","38","35040464"
"chr5","17520122","17520448","chr6","17869217","17869521","53","349095"
"chr5","17521904","17522125","chr14","111685372","111685596","32","94163468"
"chr5","18003264","18003574","chr1","66875863","66876169","38","48872599"
"chr5","18062878","18063041","chr13","26293008","26293166","32","8230130"
"chr5","18122377","18122682","chr6","18187654","18187953","33","65277"
"chr5","18179206","18179501","chr18","20505848","20506142","33","2326642"
"chr5","18216499","18216794","chr6","18268806","18269113","35","52307"
"chr5","18298308","18298607","chr3","16911258","16911564","62","1387050"
"chr5","18384094","18384244","chr11","121428149","121428299","21","103044055"
"chr5","18440455","18440760","chr6","6671796","6672093","58","11768659"
"chr5","18525650","18525943","chr6","18630694","18630972","40","105044"
"chr5","18569309","18569560","chr6","18672293","18672543","30","102984"
"chr5","18591183","18591462","chr6","18694229","18694514","34","103046"
"chr5","18592939","18593230","chr9","115113357","115113647","37","96520418"
"chr5","18595852","18596133","chr6","18699137","18699425","34","103285"
"chr5","18624202","18624452","chr8","42733565","42733821","35","24109363"
"chr5","18647208","18647483","chr6","18754084","18754355","29","106876"
"chr5","18650055","18650304","chr6","18756944","18757196","35","106889"
"chr5","18711506","18711804","chr1","220415451","220415740","43","201703945"
"chr5","18727955","18728090","chr1","9315137","9315263","36","9412818"
"chr5","18742260","18742544","chr9","15035662","15035947","41","3706598"
"chr5","18812396","18812690","chr6","18929762","18930070","41","117366"
"chr5","18842285","18842573","chr7","18357399","18357684","33","484886"
"chr5","19002335","19002615","chr6","93462171","93462448","29","74459836"
"chr5","19333392","19333695","chr6","93135507","93135815","25","73802115"
"chr5","19404464","19404727","chr12","82415017","82415280","65","63010553"
"chr5","19625642","19625929","chr6","92848405","92848714","42","73222763"
"chr5","19712754","19713049","chr6","92762110","92762397","35","73049356"
"chr5","19718185","19718493","chr6","92756645","92756934","42","73038460"
"chr5","19727398","19727676","chr6","92747189","92747466","22","73019791"
"chr5","19733211","19733446","chr7","161419954","161420190","38","141686743"
"chr5","19740697","19740944","chr1","52312217","52312470","41","32571520"
"chr5","19758790","19759057","chr7","19077777","19078043","49","681013"
"chr5","19856870","19857177","chr6","92622441","92622747","26","72765571"
"chr5","19879885","19880124","chr5","185915874","185916101","38","166035989"
"chr5","19884051","19884317","chr6","92600335","92600607","30","72716284"
"chr5","19885955","19886253","chrX","41694245","41694543","36","21808290"
"chr5","19906452","19906735","chr3","49308343","49308623","36","29401891"
"chr5","20004424","20004729","chr6","92485090","92485401","31","72480666"
"chr5","20062765","20063046","chr1","5050480","5050765","32","15012285"
"chr5","20102511","20102824","chr1","10880417","10880729","43","9222094"
"chr5","20113554","20113852","chr6","92383948","92384241","33","72270394"
"chr5","20163635","20163913","chr1","39199826","39200107","34","19036191"
"chr5","20290279","20290548","chr6","92213401","92213654","41","71923122"
"chr5","20314262","20314499","chr9","858669","858909","34","19455593"
"chr5","20314555","20314635","chr11","44460661","44460740","18","24146106"
"chr5","20317156","20317467","chr6","92192048","92192357","37","71874892"
"chr5","20331170","20331277","chr3","464121","464227","17","19867049"
"chr5","20331602","20331814","chr1","4224328","4224546","36","16107274"
"chr5","20453245","20453495","chrX","112717395","112717644","33","92264150"
"chr5","20473741","20474050","chr6","92029217","92029524","33","71555476"
"chr5","20531407","20531697","chr6","91969091","91969371","26","71437684"
"chr5","20694589","20694875","chr3","162207583","162207866","37","141512994"
"chr5","20763894","20764195","chr6","91735449","91735750","18","70971555"
"chr5","20768758","20769054","chr6","91730594","91730880","34","70961836"
"chr5","20773567","20773873","chr6","91726087","91726393","28","70952520"
"chr5","20775556","20775848","chrX","96203415","96203722","39","75427859"
"chr5","20832017","20832318","chr6","91666969","91667271","22","70834952"
"chr5","20844798","20845097","chr7","135202812","135203110","38","114358014"
"chr5","20849760","20850045","chr16","10710589","10710878","33","10139171"
"chr5","20873884","20874189","chr6","91625037","91625343","36","70751153"
"chr5","20968810","20969120","chr6","91532209","91532519","23","70563399"
"chr5","20994589","20994873","chr12","20843965","20844245","38","150624"
"chr5","21016261","21016558","chr6","91483036","91483333","28","70466775"
"chr5","21052721","21053036","chr6","91446390","91446715","48","70393669"
"chr5","21169964","21170084","chr8","6959684","6959805","15","14210280"
"chr5","21173984","21174305","chr6","91314400","91314710","44","70140416"
"chr5","21234378","21234685","chr6","91249924","91250234","28","70015546"
"chr5","21240971","21241268","chr19","8680199","8680500","38","12560772"
"chr5","21323780","21324081","chr6","91161460","91161759","18","69837680"
"chr5","21336896","21337162","chr6","91148217","91148482","26","69811321"
"chr5","21339686","21339956","chr2","121706874","121707147","30","100367188"
"chr5","21356226","21356389","chrX","110352819","110352976","23","88996593"
"chr5","21395747","21396049","chr6","129934590","129934892","28","108538843"
"chr5","21436869","21437111","chr10","92062493","92062715","53","70625624"
"chr5","21437851","21437916","chr3","130836238","130836302","9","109398387"
"chr5","21458286","21458587","chr6","90999216","90999525","31","69540930"
"chr5","21460665","21460911","chr12","83454543","83454783","35","61993878"
"chr5","21522549","21522823","chr9","66605929","66606205","43","45083380"
"chr5","21533981","21534298","chrX","41160510","41160820","40","19626529"
"chr5","21554587","21554776","chr20","30561548","30561731","30","9006961"
"chr5","21676080","21676379","chr7","41300059","41300359","40","19623979"
"chr5","21816757","21817067","chr1","164831940","164832244","34","143015183"
"chr5","21868661","21868944","chr6","90593995","90594283","25","68725334"
"chr5","21873240","21873525","chr6","90589373","90589667","23","68716133"
"chr5","21945754","21946047","chr6","90516624","90516929","35","68570870"
"chr5","22208857","22209092","chr6","139309778","139310010","34","117100921"
"chr5","22270367","22270675","chr6","90183430","90183733","35","67913063"
"chr5","22272812","22273013","chr10","31351364","31351563","33","9078552"
"chr5","22511084","22511301","chr8","6930633","6930848","42","15580451"
"chr5","22523963","22524252","chr1","86816862","86817153","30","64292899"
"chr5","22583498","22583796","chr3","55702635","55702927","47","33119137"
"chr5","22847139","22847294","chr15","110284828","110284981","30","87437689"
"chr5","22956568","22956868","chr6","89510430","89510731","27","66553862"
"chr5","23040339","23040642","chr6","89423907","89424214","44","66383568"
"chr5","23263625","23263781","chr10","79681748","79681907","21","56418123"
"chr5","23435503","23435808","chr1","95476592","95476897","42","72041089"
"chr5","23662973","23663108","chr6","132205592","132205725","14","108542619"
"chr5","23671996","23672274","chr1","23944133","23944411","41","272137"
"chr5","23694664","23694947","chr5","29696140","29696428","35","6001476"
"chr5","23795504","23795805","chr6","88689767","88690065","21","64894263"
"chr5","23919849","23920078","chr1","50890362","50890591","29","26970513"
"chr5","23990258","23990576","chr6","88423486","88423792","41","64433228"
"chr5","24010146","24010440","chr6","88403808","88404103","28","64393662"
"chr5","24025555","24025861","chr6","88387513","88387824","29","64361958"
"chr5","24044914","24045176","chr4","107586267","107586521","35","83541353"
"chr5","24050631","24050917","chr19","16355869","16356164","37","7694762"
"chr5","24120618","24120919","chr6","88290353","88290654","29","64169735"
"chr5","24144083","24144383","chr16","1511202","1511503","31","22632881"
"chr5","24154120","24154435","chr6","88256766","88257061","36","64102646"
"chr5","24167296","24167466","chr5","2748922","2749095","53","21418374"
"chr5","24170070","24170157","chr19","6725073","6725162","22","17444997"
"chr5","24172645","24172942","chr6","140129906","140130200","36","115957261"
"chr5","24174987","24175266","chr3","126857525","126857807","34","102682538"
"chr5","24186593","24186894","chr6","88224842","88225156","39","64038249"
"chr5","24187321","24187624","chr6","88224132","88224427","43","64036811"
"chr5","24192296","24192363","chr3","164752103","164752177","21","140559807"
"chr5","24193983","24193998","chr10","67608503","67608518","2","43414520"
"chr5","24194049","24194337","chr1","213042969","213043254","53","188848920"
"chr5","24198941","24199250","chr6","88211553","88211857","30","64012612"
"chr5","24204657","24204965","chr6","88205881","88206190","31","64001224"
"chr5","24209448","24209730","chr2","28448276","28448557","32","4238828"
"chr5","24211360","24211663","chr3","142934307","142934610","36","118722947"
"chr5","24214874","24215175","chr6","88194990","88195292","24","63980116"
"chr5","24233706","24233887","chr19","32197775","32197948","33","7964069"
"chr5","24235443","24235769","chr20","29041882","29042204","45","4806439"
"chr5","24244123","24244421","chr6","88166383","88166678","35","63922260"
"chr5","24285956","24286247","chr9","5713218","5713508","35","18572738"
"chr5","24295606","24295904","chr6","88110744","88111046","29","63815138"
"chr5","24318144","24318478","chr7","140086525","140086846","58","115768381"
"chr5","24327888","24328187","chr6","88076493","88076785","27","63748605"
"chr5","24339275","24339575","chr6","88064818","88065116","39","63725543"
"chr5","24374545","24374751","chr16","9876961","9877157","44","14497584"
"chr5","24391609","24391832","chr15","88759449","88759670","40","64367840"
"chr5","24391853","24392149","chr6","88008703","88009002","26","63616850"
"chr5","24418268","24418548","chr6","87982086","87982378","32","63563818"
"chr5","24431827","24432123","chr6","87969990","87970300","40","63538163"
"chr5","24595756","24596039","chr6","87808957","87809248","36","63213201"
"chr5","24693829","24694129","chr6","87714325","87714616","32","63020496"
"chr5","24698311","24698621","chr18","371369","371677","47","24326942"
"chr5","24821024","24821280","chr16","18125518","18125773","36","6695506"
"chr5","24826185","24826475","chr6","87580399","87580683","31","62754214"
"chr5","24883637","24883946","chrX","41160510","41160820","30","16276873"
"chr5","24929176","24929415","chr7","137253037","137253265","50","112323861"
"chr5","24952414","24952703","chr6","87458414","87458700","42","62506000"
"chr5","24967722","24968023","chr6","87449239","87449520","41","62481517"
"chr5","24983366","24983653","chr17","29335507","29335791","36","4352141"
"chr5","25014745","25015037","chr6","177238676","177238968","39","152223931"
"chr5","25035571","25035755","chrX","23681445","23681631","26","1354126"
"chr5","25051428","25051741","chr13","92078227","92078528","49","67026799"
"chr5","25059126","25059423","chrX","47698966","47699265","56","22639840"
"chr5","25089631","25089923","chr14","22711681","22711978","41","2377950"
"chr5","25093892","25094177","chr14","94656656","94656945","37","69562764"
"chr5","25126877","25127154","chr6","87286826","87287111","32","62159949"
"chr5","25201870","25202197","chr6","87207676","87208013","32","62005806"
"chr5","25204775","25205071","chr6","87204879","87205175","17","62000104"
"chr5","25387049","25387353","chr1","17193682","17193986","43","8193367"
"chr5","25523204","25523507","chr6","86905859","86906161","22","61382655"
"chr5","25615260","25615523","chr12","106786060","106786323","34","81170800"
"chr5","25948650","25948950","chr6","86507685","86507967","43","60559035"
"chr5","26204985","26205299","chr15","43676461","43676771","49","17471476"
"chr5","26302344","26302647","chr16","8699484","8699782","53","17602860"
"chr5","26306764","26307082","chr6","86130350","86130662","44","59823586"
"chr5","26438680","26438992","chr6","86003601","86003896","40","59564921"
"chr5","26495564","26495862","chr6","85947763","85948076","34","59452199"
"chr5","26602923","26603195","chr15","8546970","8547249","46","18055953"
"chr5","26604205","26604483","chr10","50845434","50845714","39","24241229"
"chr5","26611882","26612100","chr1","9703384","9703593","49","16908498"
"chr5","26641354","26641671","chr6","85804576","85804878","44","59163222"
"chr5","26652557","26652898","chr6","85794089","85794424","41","59141532"
"chr5","26735452","26735735","chr6","85711075","85711351","25","58975623"
"chr5","26742813","26743087","chr6","85703700","85703994","38","58960887"
"chr5","26751693","26751973","chr6","85694852","85695133","19","58943159"
"chr5","26760493","26760782","chr3","66460767","66461053","36","39700274"
"chr5","26790023","26790341","chr4","35833523","35833832","43","9043500"
"chr5","26979290","26979601","chr6","85467943","85468255","38","58488653"
"chr5","27076847","27077160","chr2","202403614","202403920","32","175326767"
"chr5","27087235","27087530","chr10","30442537","30442830","39","3355302"
"chr5","27123353","27123661","chr3","39641274","39641578","37","12517921"
"chr5","27148096","27148402","chr4","112793884","112794192","37","85645788"
"chr5","27185755","27186052","chr6","85249661","85249961","34","58063906"
"chr5","27297651","27297800","chr18","12393198","12393350","22","14904453"
"chr5","27318915","27319169","chr6","85123081","85123358","40","57804166"
"chr5","27330236","27330342","chr3","122622898","122622990","32","95292662"
"chr5","27437579","27437741","chr16","54054603","54054765","23","26617024"
"chr5","27438089","27438350","chr14","22066932","22067189","39","5371157"
"chr5","27438847","27438979","chr1","5751178","5751314","22","21687669"
"chr5","27636099","27636407","chr20","41582621","41582926","35","13946522"
"chr5","27702567","27702880","chr6","84740278","84740590","36","57037711"
"chr5","27800038","27800332","chr6","84642112","84642417","37","56842074"
"chr5","27977706","27977962","chr3","36856622","36856865","45","8878916"
"chr5","27984671","27984984","chr6","84426476","84426779","36","56441805"
"chr5","28001933","28002221","chr3","165332839","165333127","38","137330906"
"chr5","28014119","28014424","chr13","100436496","100436795","49","72422377"
"chr5","28023550","28023840","chr11","110430979","110431269","39","82407429"
"chr5","28129965","28130242","chr1","126126926","126127199","46","97996961"
"chr5","28179570","28179853","chr4","55832660","55832939","34","27653090"
"chr5","28233659","28233953","chr16","5625017","5625313","36","22608642"
"chr5","28237908","28238149","chr1","14534701","14534944","32","13703207"
"chr5","28318803","28319107","chr6","84096190","84096493","33","55777387"
"chr5","28347246","28347527","chr20","20733689","20733975","50","7613557"
"chr5","28368780","28369070","chr6","84046588","84046890","34","55677808"
"chr5","28457649","28457951","chr10","6336447","6336748","36","22121202"
"chr5","28463787","28464089","chr6","83956009","83956310","28","55492222"
"chr5","28519725","28520031","chr7","52114993","52115291","42","23595268"
"chr5","28564603","28564886","chr4","6626954","6627233","32","21937649"
"chr5","28629996","28630307","chr6","83773125","83773430","42","55143129"
"chr5","28763918","28764024","chr12","106135345","106135451","14","77371427"
"chr5","28767352","28767524","chr19","34490727","34490899","32","5723375"
"chr5","28900151","28900447","chr6","83500541","83500839","30","54600390"
"chr5","28923789","28924088","chr3","161572696","161572990","42","132648907"
"chr5","28987090","28987386","chr6","83418956","83419247","31","54431866"
"chr5","29450120","29450396","chr16","66585726","66585988","49","37135606"
"chr5","29502595","29502906","chr12","106103474","106103785","44","76600879"
"chr5","29518047","29518203","chr1","111355154","111355311","25","81837107"
"chr5","29536172","29536452","chr6","83090195","83090474","31","53554023"
"chr5","29603192","29603470","chr6","83023718","83023990","33","53420526"
"chr5","29764806","29765106","chr6","82758594","82758897","51","52993788"
"chr5","29876330","29876639","chr5","78581906","78582216","45","48705576"
"chr5","29886246","29886542","chr6","82637016","82637320","30","52750770"
"chr5","29972990","29973271","chr6","82551232","82551515","36","52578242"
"chr5","29996674","29996976","chr6","82518013","82518319","47","52521339"
"chr5","30016258","30016537","chr6","82498413","82498695","39","52482155"
"chr5","30186507","30186792","chr12","12227640","12227920","47","17958867"
"chr5","30246109","30246410","chrX","148379731","148380028","43","118133622"
"chr5","30314719","30315062","chr6","11674541","11674873","57","18640178"
"chr5","30339332","30339627","chr16","24682607","24682906","39","5656725"
"chr5","30354414","30354711","chr1","36905300","36905598","36","6550886"
"chr5","30407568","30407888","chr6","82090628","82090923","51","51683060"
"chr5","30426020","30426181","chr4","103144036","103144204","33","72718016"
"chr5","30493291","30493602","chr15","21697879","21698187","35","8795412"
"chr5","30501061","30501361","chr14","109604210","109604507","33","79103149"
"chr5","30544142","30544339","chr9","57296014","57296212","41","26751872"
"chr5","30569484","30569750","chr1","139650554","139650817","47","109081070"
"chr5","30610525","30610830","chr2","96901859","96902164","32","66291334"
"chr5","30679129","30679282","chrX","66006360","66006509","19","35327231"
"chr5","30752529","30752778","chr15","88583361","88583615","43","57830832"
"chr5","30796165","30796461","chr2","203408242","203408535","37","172612077"
"chr5","30804770","30805001","chr1","22462825","22463049","42","8341945"
"chr5","30839053","30839353","chr6","81624499","81624794","33","50785446"
"chr5","30984273","30984565","chr10","7678604","7678892","43","23305669"
"chr5","31014487","31014799","chr3","164494607","164494917","47","133480120"
"chr5","31052381","31052667","chr16","10710589","10710878","38","20341792"
"chr5","31059531","31059836","chr18","11939176","11939481","36","19120355"
"chr5","31063614","31063765","chr1","135766000","135766159","30","104702386"
"chr5","31097044","31097344","chr3","38684532","38684827","44","7587488"
"chr5","31173388","31173655","chr4","17496445","17496716","43","13676943"
"chr5","31196877","31197166","chr6","81244615","81244896","29","50047738"
"chr5","31285214","31285523","chr6","81146892","81147198","36","49861678"
"chr5","31329631","31329927","chr1","137083683","137083977","40","105754052"
"chr5","31334815","31335120","chr6","81095640","81095930","37","49760825"
"chr5","31347871","31347965","chr1","7996796","7996891","11","23351075"
"chr5","31444521","31444656","chr10","31067832","31067967","16","376689"
"chr5","31488294","31488603","chr18","60400901","60401203","37","28912607"
"chr5","31720549","31720718","chr16","51393440","51393606","26","19672891"
"chr5","31723468","31723778","chr2","203095842","203096145","36","171372374"
"chr5","31753234","31753481","chr2","72888703","72888943","35","41135469"
"chr5","31762839","31763149","chr6","80659075","80659378","32","48896236"
"chr5","31820507","31820621","chr8","47206678","47206794","17","15386171"
"chr5","31883831","31884131","chr6","80536745","80537056","33","48652914"
"chr5","31898960","31899225","chr3","8283852","8284118","41","23615108"
"chr5","31905439","31905726","chr10","90187663","90187950","31","58282224"
"chr5","31941387","31941679","chr19","44781977","44782268","29","12840590"
"chr5","31958473","31958803","chrX","7790770","7791092","72","24167703"
"chr5","31969684","31969968","chr7","67059835","67060119","43","35090151"
"chr5","31991445","31991752","chr6","80428415","80428712","39","48436970"
"chr5","32050414","32050725","chr4","71340384","71340692","38","39289970"
"chr5","32097154","32097446","chr13","3500324","3500618","32","28596830"
"chr5","32144936","32145231","chr6","80281148","80281437","31","48136212"
"chr5","32156670","32156955","chr6","80269458","80269748","40","48112788"
"chr5","32173527","32173826","chrX","44429429","44429724","36","12255902"
"chr5","32296557","32296719","chr7","51593052","51593225","28","19296495"
"chr5","32322068","32322242","chr4","31748781","31748956","29","573287"
"chr5","32383476","32383774","chr6","66230085","66230373","43","33846609"
"chr5","32387889","32388200","chrX","100821754","100822066","42","68433865"
"chr5","32406578","32406901","chr15","30828936","30829244","60","1577642"
"chr5","32408217","32408511","chr1","128612759","128613052","36","96204542"
"chr5","32424623","32424924","chr7","139326824","139327125","41","106902201"
"chr5","32495639","32495773","chr7","52682488","52682622","15","20186849"
"chr5","32512434","32512721","chr4","26395179","26395468","34","6117255"
"chr5","32537449","32537735","chr6","79862879","79863176","38","47325430"
"chr5","32587179","32587435","chr3","80030845","80031101","45","47443666"
"chr5","32672326","32672641","chr1","162523711","162524019","36","129851385"
"chr5","32747837","32748128","chr6","79668777","79669063","29","46920940"
"chr5","32784196","32784312","chrX","59859494","59859610","17","27075298"
"chr5","32848648","32848956","chr6","79562262","79562569","29","46713614"
"chr5","32877398","32877699","chr5","25762079","25762390","43","7115319"
"chr5","33141087","33141228","chr2","203147393","203147530","16","170006306"
"chr5","33266025","33266332","chr6","79141954","79142256","30","45875929"
"chr5","33293456","33293763","chr6","79114185","79114478","26","45820729"
"chr5","33298660","33298942","chr17","79058605","79058887","42","45759945"
"chr5","33307100","33307394","chr9","8570336","8570630","43","24736764"
"chr5","33312060","33312372","chr6","79095038","79095350","25","45782978"
"chr5","33318970","33319271","chr6","79087860","79088161","26","45768890"
"chr5","33339798","33340093","chr2","136244441","136244736","34","102904643"
"chr5","33364064","33364359","chr6","79045003","79045297","26","45680939"
"chr5","33398487","33398780","chr8","38791119","38791413","29","5392632"
"chr5","33455546","33455842","chr14","15756054","15756351","32","17699492"
"chr5","33540771","33541054","chr6","78821161","78821443","16","45280390"
"chr5","33568720","33568896","chr16","50129153","50129328","22","16560433"
"chr5","33579591","33579883","chr3","127173721","127174019","42","93594130"
"chr5","33621743","33622035","chr19","12166905","12167203","56","21454838"
"chr5","33625083","33625382","chr6","78741702","78742007","22","45116619"
"chr5","33636642","33636787","chr6","56602654","56602794","24","22966012"
"chr5","33662843","33663138","chr6","78702111","78702408","25","45039268"
"chr5","33672075","33672381","chr1","42128893","42129195","36","8456818"
"chr5","33698034","33698330","chr6","78672337","78672635","30","44974303"
"chr5","33698691","33699008","chr6","78671694","78672002","31","44973003"
"chr5","33707293","33707604","chr13","45505974","45506279","40","11798681"
"chr5","33726358","33726652","chr9","59685986","59686279","28","25959628"
"chr5","33744040","33744334","chr6","78630140","78630431","22","44886100"
"chr5","33776062","33776357","chr6","78596675","78596973","43","44820613"
"chr5","33778429","33778638","chr20","28656895","28657104","35","5121534"
"chr5","33779907","33779977","chr2","189031063","189031129","20","155251156"
"chr5","33792174","33792485","chr6","78581919","78582231","25","44789745"
"chr5","33793662","33793955","chr1","41691570","41691860","42","7897908"
"chr5","33801344","33801656","chr6","78572700","78573011","30","44771356"
"chr5","33805963","33806270","chr6","78568132","78568437","26","44762169"
"chr5","33813493","33813735","chr3","39007321","39007567","36","5193828"
"chr5","33821328","33821626","chrX","134977768","134978064","35","101156440"
"chr5","33860028","33860320","chr6","78512660","78512951","25","44652632"
"chr5","33962524","33962800","chr16","49771231","49771519","41","15808707"
"chr5","33973333","33973621","chr1","9625137","9625426","40","24348196"
"chr5","34014111","34014411","chr6","78356759","78357054","20","44342648"
"chr5","34048944","34049243","chr4","102859737","102860039","33","68810793"
"chr5","34091114","34091395","chrX","9102633","9102917","33","24988481"
"chr5","34095875","34096166","chr9","98068023","98068310","31","63972148"
"chr5","34155727","34156023","chrX","124011899","124012195","37","89856172"
"chr5","34200802","34201109","chr6","78161851","78162158","20","43961049"
"chr5","34210049","34210341","chr6","78152469","78152768","27","43942420"
"chr5","34222309","34222596","chr6","78139573","78139856","29","43917264"
"chr5","34232636","34232946","chr6","78128782","78129091","28","43896146"
"chr5","34241802","34242086","chrX","117428205","117428490","33","83186403"
"chr5","34251568","34251836","chr6","78108728","78108993","22","43857160"
"chr5","34262912","34263204","chr6","78097026","78097318","19","43834114"
"chr5","34266484","34266770","chr13","9037834","9038117","35","25228650"
"chr5","34272539","34272830","chr6","78087452","78087747","23","43814913"
"chr5","34288367","34288648","chr6","78072117","78072400","18","43783750"
"chr5","34314074","34314387","chr6","78052610","78052912","25","43738536"
"chr5","34332689","34332982","chr4","105325140","105325433","43","70992451"
"chr5","34347036","34347332","chr9","122043736","122044030","39","87696700"
"chr5","34374713","34375006","chr3","127290385","127290680","36","92915672"
"chr5","34381419","34381725","chr6","77985325","77985626","31","43603906"
"chr5","34420681","34420974","chr11","44074459","44074751","42","9653778"
"chr5","34422779","34423091","chr2","180536035","180536346","31","146113256"
"chr5","34445690","34445997","chr6","77920501","77920803","28","43474811"
"chr5","34457584","34457862","chr16","38331171","38331450","36","3873587"
"chr5","34460113","34460387","chr4","17946850","17947134","41","16513263"
"chr5","34461275","34461584","chr6","77905027","77905338","26","43443752"
"chr5","34464036","34464333","chr14","113773099","113773398","36","79309063"
"chr5","34472841","34473136","chr2","40749202","40749497","32","6276361"
"chr5","34491898","34492205","chr19","16357093","16357400","30","18134805"
"chr5","34550502","34550791","chr1","159878672","159878960","39","125328170"
"chr5","34600516","34600807","chr20","56831413","56831703","41","22230897"
"chr5","34642760","34642905","chr7","120346484","120346633","24","85703724"
"chr5","34643067","34643200","chr11","55475663","55475797","14","20832596"
"chr5","34658529","34658827","chr15","7849284","7849583","39","26809245"
"chr5","34665524","34665814","chr6","77702606","77702897","20","43037082"
"chr5","34680058","34680208","chr7","120346484","120346633","20","85666426"
"chr5","34682158","34682470","chr6","77685742","77686045","30","43003584"
"chr5","34718532","34718863","chr6","77650655","77650992","33","42932123"
"chr5","34762180","34762475","chr6","77605121","77605412","32","42842941"
"chr5","34817872","34818171","chrX","52560249","52560544","37","17742377"
"chr5","34894153","34894451","chr5","25083724","25084024","39","9810429"
"chr5","34930397","34930699","chr6","77433956","77434255","27","42503559"
"chr5","34948236","34948502","chr6","77417527","77417793","22","42469291"
"chr5","34959592","34959888","chr6","77365936","77366236","29","42406344"
"chr5","34961946","34962244","chr12","77791209","77791508","37","42829263"
"chr5","34991297","34991595","chrX","8591299","8591598","32","26399998"
"chr5","34992773","34993067","chr8","41814834","41815130","36","6822061"
"chr5","34998668","34998966","chr6","77328045","77328343","24","42329377"
"chr5","35017986","35018289","chr6","77308542","77308851","34","42290556"
"chr5","35035629","35035671","chr20","74315204","74315247","6","39279575"
"chr5","35045489","35045794","chr3","84456168","84456471","36","49410679"
"chr5","35048494","35048812","chrX","117646281","117646589","73","82597787"
"chr5","35070047","35070337","chr9","20880110","20880404","35","14189937"
"chr5","35089722","35090029","chr1","182310341","182310641","40","147220619"
"chr5","35093958","35094257","chr6","77235536","77235840","28","42141578"
"chr5","35107911","35108224","chr6","77222547","77222862","27","42114636"
"chr5","35114851","35115130","chr6","77215211","77215499","23","42100360"
"chr5","35135433","35135729","chr3","126282662","126282957","34","91147229"
"chr5","35143677","35143982","chr1","182001745","182002046","41","146858068"
"chr5","35155490","35155688","chr3","182382271","182382470","26","147226781"
"chr5","35155690","35155761","chr11","6816562","6816629","10","28339128"
"chr5","35174500","35174798","chr14","15756054","15756351","29","19418446"
"chr5","35191769","35191898","chr1","26001514","26001648","17","9190255"
"chr5","35209507","35209669","chr8","144173751","144173908","31","108964244"
"chr5","35209818","35209897","chr13","24449820","24449901","8","10759998"
"chr5","35210963","35211114","chr2","30421116","30421267","29","4789847"
"chr5","35215956","35216251","chr18","35642896","35643191","38","426940"
"chr5","35247530","35247818","chr1","37623538","37623823","36","2376008"
"chr5","35252170","35252478","chr16","53229261","53229562","40","17977091"
"chr5","35264767","35265076","chr7","136433564","136433870","32","101168797"
"chr5","35275708","35275842","chr3","43189560","43189695","22","7913852"
"chr5","35277667","35277830","chr1","18496557","18496718","27","16781110"
"chr5","35279522","35279590","chr10","71866951","71867022","9","36587429"
"chr5","35283460","35283758","chr6","76995776","76996085","28","41712316"
"chr5","35286792","35286947","chr11","58855723","58855888","31","23568931"
"chr5","35294593","35294904","chr6","76989536","76989837","35","41694943"
"chr5","35297774","35298079","chr6","76986539","76986844","30","41688765"
"chr5","35301726","35301990","chr8","141273518","141273789","44","105971792"
"chr5","35302011","35302301","chr6","76982015","76982327","41","41680004"
"chr5","35306443","35306739","chr1","36905300","36905598","36","1598857"
"chr5","35310028","35310311","chr6","76972793","76973077","27","41662765"
"chr5","35314630","35314926","chr20","56789030","56789326","38","21474400"
"chr5","35318072","35318380","chr6","76965810","76966116","28","41647738"
"chr5","35323566","35323902","chr1","26872002","26872319","88","8451564"
"chr5","35326834","35327140","chr6","76957893","76958203","45","41631059"
"chr5","35342678","35342980","chr6","76942399","76942682","31","41599721"
"chr5","35351179","35351466","chr6","76933452","76933736","42","41582273"
"chr5","35351901","35352191","chr6","76932809","76933100","27","41580908"
"chr5","35360178","35360354","chr7","158949656","158949828","33","123589478"
"chr5","35360432","35360563","chr6","76923762","76923893","14","41563330"
"chr5","35367801","35368106","chr6","37620237","37620547","38","2252436"
"chr5","35401004","35401314","chr2","94549829","94550134","45","59148825"
"chr5","35403007","35403287","chr19","12568252","12568536","38","22834755"
"chr5","35410057","35410359","chr1","111927011","111927317","35","76516954"
"chr5","35412611","35412903","chr1","166079981","166080274","35","130667370"
"chr5","35420773","35421070","chr6","64801784","64802074","41","29381011"
"chr5","35432465","35432760","chrX","134977768","134978064","30","99545303"
"chr5","35439170","35439480","chr6","76844397","76844707","19","41405227"
"chr5","35450016","35450314","chr6","76832194","76832500","28","41382178"
"chr5","35471529","35471825","chr6","76811191","76811485","32","41339662"
"chr5","35484501","35484794","chr6","49401545","49401854","44","13917044"
"chr5","35486885","35487187","chr14","46148744","46149038","35","10661859"
"chr5","35495298","35495586","chr7","96087943","96088237","43","60592645"
"chr5","35545626","35545906","chr6","76739186","76739466","20","41193560"
"chr5","35611411","35611604","chr10","85307233","85307423","35","49695822"
"chr5","35611637","35611754","chr1","31641123","31641242","12","3970514"
"chr5","35644562","35644844","chr6","76641696","76641989","27","40997134"
"chr5","35689991","35690322","chr6","76602449","76602775","55","40912458"
"chr5","35718110","35718394","chr10","89916333","89916621","35","54198223"
"chr5","35786663","35786971","chr3","38646803","38647109","45","2860140"
"chr5","35895418","35895629","chr1","113958473","113958684","49","78063055"
"chr5","35972854","35973156","chr6","76317987","76318294","39","40345133"
"chr5","35976176","35976374","chr16","62798833","62799038","33","26822657"
"chr5","35976433","35976522","chr11","15181890","15181971","16","20794543"
"chr5","35976524","35976660","chr1","26001514","26001648","15","9975010"
"chr5","35977180","35977336","chr19","41846791","41846948","19","5869611"
"chr5","35983010","35983306","chr19","44781977","44782268","37","8798967"
"chr5","35987427","35987678","chr6","76303783","76304033","16","40316356"
"chr5","36003907","36004207","chrX","8665764","8666065","36","27338143"
"chr5","36008292","36008586","chr20","8006906","8007198","30","28001386"
"chr5","36010871","36011056","chr7","133114354","133114541","29","97103483"
"chr5","36011966","36012281","chr6","76281541","76281851","37","40269575"
"chr5","36015009","36015305","chr18","20505848","20506142","34","15509161"
"chr5","36021917","36022188","chr6","76271792","76272066","27","40249875"
"chr5","36038982","36039096","chr11","110476241","110476355","23","74437259"
"chr5","36039652","36039835","chr3","92539761","92539958","29","56500109"
"chr5","36075153","36075296","chr11","1756028","1756169","15","34319125"
"chr5","36081547","36081855","chr6","76214271","76214579","33","40132724"
"chr5","36086103","36086396","chr6","76209353","76209648","25","40123250"
"chr5","36089690","36089843","chr4","45326705","45326852","24","9237015"
"chr5","36100711","36100842","chr10","12469833","12469963","12","23630878"
"chr5","36147660","36147927","chrX","44832685","44832958","38","8685025"
"chr5","36176428","36176742","chr16","26339174","26339480","35","9837254"
"chr5","36224118","36224421","chr6","76070976","76071287","36","39846858"
"chr5","36227619","36227764","chr15","8538420","8538567","26","27689199"
"chr5","36236746","36237046","chr3","21160342","21160639","36","15076404"
"chr5","36266179","36266479","chr6","76021170","76021475","27","39754991"
"chr5","36516326","36516624","chr6","75996842","75997130","38","39480516"
"chr5","36523628","36523915","chr6","75990279","75990568","26","39466651"
"chr5","36530833","36531136","chr6","75983534","75983839","26","39452701"
"chr5","36546309","36546468","chr6","67449602","67449759","25","30903293"
"chr5","36554971","36555299","chr15","24870481","24870802","104","11684490"
"chr5","36555352","36555498","chr4","88809224","88809366","40","52253872"
"chr5","36555914","36555949","chr15","13261359","13261392","5","23294555"
"chr5","36559589","36559886","chr14","63539987","63540287","33","26980398"
"chr5","36563825","36564102","chr7","68687687","68687968","41","32123862"
"chr5","36569176","36569467","chr6","75947272","75947554","26","39378096"
"chr5","36570580","36570838","chr1","10369843","10370093","55","26200737"
"chr5","36589974","36590233","chr14","45766449","45766707","34","9176475"
"chr5","36601943","36602244","chr6","75916555","75916858","19","39314612"
"chr5","36603948","36604136","chr10","80359256","80359450","33","43755308"
"chr5","36616368","36616671","chr6","75902400","75902695","28","39286032"
"chr5","36620526","36620813","chrX","139160483","139160766","34","102539957"
"chr5","36625897","36626181","chr6","75894257","75894541","20","39268360"
"chr5","36634079","36634383","chr6","75886059","75886359","25","39251980"
"chr5","36637151","36637180","chr1","35654864","35654885","12","982287"
"chr5","36638087","36638346","chr19","424113","424371","43","36213974"
"chr5","36638657","36638800","chr10","84186965","84187108","17","47548308"
"chr5","36644666","36644823","chr19","16334651","16334811","23","20310015"
"chr5","36679320","36679604","chr6","71124374","71124657","35","34445054"
"chr5","36693825","36694129","chr6","75827277","75827583","30","39133452"
"chr5","36770146","36770419","chr1","126079086","126079365","39","89308940"
"chr5","36791126","36791433","chr6","75729071","75729382","26","38937945"
"chr5","36796811","36797119","chr6","75723414","75723708","38","38926603"
"chr5","36807762","36808074","chr7","26853365","26853670","35","9954397"
"chr5","36812745","36813037","chr18","20505848","20506142","38","16306897"
"chr5","36817137","36817447","chr6","75700199","75700500","28","38883062"
"chr5","36822404","36822685","chr6","75694985","75695264","26","38872581"
"chr5","36849854","36850161","chr6","75664482","75664780","27","38814628"
"chr5","36888052","36888322","chr10","16131491","16131758","35","20756561"
"chr5","36983795","36984109","chr6","75549780","75550089","36","38565985"
"chr5","36988268","36988569","chr6","75545348","75545651","30","38557080"
"chr5","37029682","37029970","chr16","10710589","10710878","37","26319093"
"chr5","37031424","37031698","chr4","107130903","107131179","46","70099479"
"chr5","37032852","37033152","chr6","75499608","75499906","29","38466756"
"chr5","37037537","37037830","chr10","80251899","80252198","39","43214362"
"chr5","37073996","37074294","chr6","75458021","75458323","20","38384025"
"chr5","37074669","37074951","chr12","20843965","20844245","32","16230704"
"chr5","37108129","37108427","chr6","75430246","75430557","26","38322117"
"chr5","37110590","37110765","chr2","165263448","165263618","29","128152858"
"chr5","37121456","37121741","chr6","75423077","75423364","29","38301621"
"chr5","37129020","37129323","chr1","45936026","45936323","36","8807006"
"chr5","37132959","37133249","chr6","75411990","75412288","28","38279031"
"chr5","37135382","37135678","chr6","75409533","75409838","25","38274151"
"chr5","37144817","37145124","chr6","75399794","75400102","21","38254977"
"chr5","37190810","37191107","chr6","75354282","75354570","29","38163472"
"chr5","37286203","37286504","chr6","75264422","75264725","41","37978219"
"chr5","37357676","37357984","chr6","75194657","75194977","38","37836981"
"chr5","37374553","37374855","chr6","75169368","75169662","31","37794815"
"chr5","37400480","37400770","chr5","162026591","162026887","36","124626111"
"chr5","37431044","37431337","chr6","75116237","75116533","30","37685193"
"chr5","37468427","37468723","chr6","75071430","75071722","22","37603003"
"chr5","37483906","37484192","chr1","112580058","112580347","37","75096152"
"chr5","37490301","37490607","chr9","16766183","16766489","36","20724118"
"chr5","37527093","37527397","chr9","96018903","96019206","37","58491810"
"chr5","37566334","37566615","chr8","90731706","90731986","44","53165372"
"chr5","37604872","37605172","chr6","74902885","74903195","30","37298013"
"chr5","37607582","37607891","chr6","74899917","74900216","29","37292335"
"chr5","37615119","37615406","chr6","45802671","45802963","36","8187552"
"chr5","37648797","37649083","chr6","74852964","74853249","31","37204167"
"chr5","37699376","37699683","chr7","67218976","67219283","42","29519600"
"chr5","37723850","37724148","chr18","52218565","52218862","31","14494715"
"chr5","37810080","37810360","chr16","38331171","38331450","32","521091"
"chr5","37883947","37884251","chr6","74662023","74662329","29","36778076"
"chr5","37943671","37943929","chr11","101627371","101627629","29","63683700"
"chr5","37948915","37949197","chr6","74547821","74548112","43","36598906"
"chr5","37999805","37999999","chr20","40742942","40743158","41","2743137"
"chr5","38035600","38035892","chr6","74460479","74460771","22","36424879"
"chr5","38043259","38043535","chr6","74451845","74452134","34","36408586"
"chr5","38059116","38059427","chr3","171450118","171450434","58","133391002"
"chr5","38096276","38096566","chr6","74397095","74397378","40","36300819"
"chr5","38102448","38102743","chrX","44429429","44429724","38","6326981"
"chr5","38106397","38106673","chr16","9395172","9395452","35","28711225"
"chr5","38128854","38129161","chr6","74367458","74367765","24","36238604"
"chr5","38146569","38146864","chr6","74349716","74350011","35","36203147"
"chr5","38260977","38261293","chr1","153252516","153252827","40","114991539"
"chr5","38278685","38278871","chr9","32684033","32684219","33","5594652"
"chr5","38283308","38283590","chr18","60459178","60459462","30","22175870"
"chr5","38283629","38283840","chr1","118790938","118791149","29","80507309"
"chr5","38307408","38307693","chr6","74187933","74188220","29","35880525"
"chr5","38319631","38319917","chr2","73030327","73030630","40","34710696"
"chr5","38385264","38385551","chr7","19502793","19503085","38","18882471"
"chr5","38387715","38387970","chr4","137326218","137326480","38","98938503"
"chr5","38405524","38405821","chr6","74100393","74100689","31","35694869"
"chr5","38413785","38414085","chr5","93179263","93179563","33","54765478"
"chr5","38432015","38432310","chr19","33742345","33742643","35","4689670"
"chr5","38460108","38460406","chr6","74045202","74045507","31","35585094"
"chr5","38472739","38473038","chr14","15756054","15756351","31","22716685"
"chr5","38517047","38517358","chr6","73987512","73987810","37","35470465"
"chr5","38525864","38526193","chr4","68756100","68756400","65","30230236"
"chr5","38623972","38624270","chr14","12587813","12588114","36","26036159"
"chr5","38761644","38761949","chr6","73739102","73739408","22","34977458"
"chr5","38774012","38774307","chr6","73726758","73727058","32","34952746"
"chr5","38779705","38780018","chrX","41160510","41160820","39","2380805"
"chr5","38839474","38839762","chr3","165332839","165333127","37","126493365"
"chr5","38847985","38848125","chr17","19996556","19996695","18","18851429"
"chr5","38848357","38848386","chr16","43605817","43605844","8","4757460"
"chr5","38848420","38848614","chr16","9876961","9877157","32","28971459"
"chr5","38883338","38883593","chr6","140015934","140016183","51","101132596"
"chr5","38953567","38953864","chr6","73553207","73553509","20","34599640"
"chr5","38971889","38972186","chr6","73542861","73543165","32","34570972"
"chr5","38975823","38976122","chr11","9199933","9200232","41","29775890"
"chr5","38980548","38980855","chr6","149617219","149617516","45","110636671"
"chr5","38984834","38985127","chr6","73525830","73526127","34","34540996"
"chr5","38986782","38987092","chr6","73523783","73524094","40","34537001"
"chr5","38992332","38992458","chrX","24350210","24350323","35","14642122"
"chr5","38994882","38995042","chr11","67486519","67486682","21","28491637"
"chr5","39015289","39015595","chr6","73490155","73490461","14","34474866"
"chr5","39016736","39016984","chr11","51916705","51916957","42","12899969"
"chr5","39021275","39021584","chr16","48317888","48318194","49","9296613"
"chr5","39032691","39033007","chrX","46944731","46945041","44","7912040"
"chr5","39036133","39036437","chr6","73468174","73468482","31","34432041"
"chr5","39063791","39063891","chr6","73444871","73444967","9","34381080"
"chr5","39073213","39073505","chr1","52506706","52506998","34","13433493"
"chr5","39095782","39096086","chr6","73412955","73413251","63","34317173"
"chr5","39105666","39105960","chr2","140132333","140132623","34","101026667"
"chr5","39114425","39114587","chr19","16091386","16091542","28","23023039"
"chr5","39116933","39117243","chr6","73393768","73394067","30","34276835"
"chr5","39144998","39145208","chr19","43007920","43008132","45","3862922"
"chr5","39152882","39153164","chr4","132485167","132485448","44","93332285"
"chr5","39173592","39173879","chr11","100381020","100381305","38","61207428"
"chr5","39346469","39346742","chr9","55407864","55408126","51","16061395"
"chr5","39347151","39347419","chr6","73229759","73230026","14","33882608"
"chr5","39348296","39348477","chr6","35351850","35352031","24","3996446"
"chr5","39348569","39348816","chr9","117715421","117715653","52","78366852"
"chr5","39403094","39403405","chr3","357922","358226","43","39045172"
"chr5","39412628","39412746","chr16","25765147","25765276","24","13647481"
"chr5","39416904","39417214","chr13","40105515","40105819","36","688611"
"chr5","39442021","39442307","chr6","73135543","73135845","29","33693522"
"chr5","39468208","39468288","chr10","12501471","12501539","25","26966737"
"chr5","39481733","39482034","chr6","73095650","73095952","18","33613917"
"chr5","39487983","39488284","chr6","73086503","73086812","35","33598520"
"chr5","39490911","39491204","chr15","14879367","14879661","37","24611544"
"chr5","39511968","39512293","chr7","138207155","138207481","55","98695187"
"chr5","39528396","39528704","chr6","73045747","73046054","33","33517351"
"chr5","39530423","39530725","chr20","55147901","55148203","42","15617478"
"chr5","39537210","39537521","chr6","73036058","73036372","33","33498848"
"chr5","39549080","39549289","chr6","29080666","29080880","28","10468414"
"chr5","39549292","39549588","chr2","48161250","48161547","59","8611958"
"chr5","39557476","39557636","chr4","37357433","37357593","24","2200043"
"chr5","39570616","39570921","chr6","73008344","73008649","27","33437728"
"chr5","39572721","39573026","chr6","73006221","73006530","26","33433500"
"chr5","39734627","39734927","chr6","72841255","72841548","32","33106628"
"chr5","40001277","40001571","chr19","45605165","45605457","43","5603888"
"chr5","40173542","40173839","chr6","72435573","72435855","40","32262031"
"chr5","40175458","40175749","chr6","72433663","72433962","31","32258205"
"chr5","40178293","40178605","chr6","140994755","140995066","39","100816462"
"chr5","40187246","40187537","chr6","72422177","72422488","39","32234931"
"chr5","40199931","40200227","chr6","72408767","72409077","30","32208836"
"chr5","40293283","40293590","chr6","72321709","72322014","25","32028426"
"chr5","40304778","40305070","chr1","39808407","39808699","32","496371"
"chr5","40329895","40330192","chrX","9240846","9241146","33","31089049"
"chr5","40333196","40333494","chr6","72281950","72282246","24","31948754"
"chr5","40334394","40334693","chr3","122758536","122758834","33","82424142"
"chr5","40362256","40362541","chr6","72246263","72246552","23","31884007"
"chr5","40365885","40366198","chr11","127039406","127039714","37","86673521"
"chr5","40369505","40369786","chr6","72238988","72239280","34","31869483"
"chr5","40434279","40434591","chr3","74881990","74882300","37","34447711"
"chr5","40483393","40483681","chrX","9102633","9102917","36","31380760"
"chr5","40504118","40504416","chr20","58308745","58309042","42","17804627"
"chr5","40541802","40542092","chr6","72064916","72065208","32","31523114"
"chr5","40545769","40545975","chr7","126315477","126315677","35","85769708"
"chr5","40579596","40579893","chr6","72238652","72238960","32","31659056"
"chr5","40597970","40598265","chr6","72009664","72009959","23","31411694"
"chr5","40639443","40639724","chr6","71960850","71961127","30","31321407"
"chr5","40642555","40642865","chr1","51588054","51588359","40","10945499"
"chr5","40646623","40646836","chr3","172783026","172783239","30","132136403"
"chr5","40709276","40709586","chr6","71904476","71904787","40","31195200"
"chr5","40790899","40791012","chr13","48549305","48549409","21","7758406"
"chr5","40791501","40791772","chr6","71822729","71823000","13","31031228"
"chr5","40830331","40830637","chr14","18145296","18145604","42","22685035"
"chr5","40879639","40879960","chr6","71745689","71746006","29","30866050"
"chr5","40909213","40909503","chr11","110430979","110431269","43","69521766"
"chr5","40917079","40917371","chr3","142535374","142535669","31","101618295"
"chr5","40935153","40935437","chr15","43608671","43608956","35","2673518"
"chr5","40937542","40937838","chrX","52560249","52560544","28","11622707"
"chr5","40957577","40957876","chr6","71657328","71657617","30","30699751"
"chr5","40968639","40968942","chr6","71645278","71645580","24","30676639"
"chr5","40986401","40986467","chr19","48821604","48821669","10","7835203"
"chr5","40988422","40988520","chr6","71616813","71616910","4","30628391"
"chr5","40995199","40995313","chr2","93032733","93032849","21","52037534"
"chr5","40995314","40995402","chr10","29888170","29888254","16","11107144"
"chr5","41006351","41006647","chr12","116868784","116869084","36","75862433"
"chr5","41018574","41018742","chr10","65561419","65561592","34","24542845"
"chr5","41020737","41020897","chr11","109938167","109938327","23","68917430"
"chr5","41020898","41021194","chr7","156526726","156527021","41","115505828"
"chr5","41021291","41021575","chr7","129626140","129626422","40","88604849"
"chr5","41028081","41028369","chr14","111646507","111646801","38","70618426"
"chr5","41035000","41035191","chr2","83648873","83649073","37","42613873"
"chr5","41035652","41035775","chr11","66431883","66432008","16","25396231"
"chr5","41042432","41042719","chr3","38632488","38632773","45","2409944"
"chr5","41091285","41091578","chr6","71465441","71465730","42","30374156"
"chr5","41101845","41102141","chr12","81710970","81711266","37","40609125"
"chr5","41102900","41103193","chr6","71454177","71454470","23","30351277"
"chr5","41108436","41108725","chr1","25647657","25647947","35","15460779"
"chr5","41124434","41124740","chr6","71433062","71433362","25","30308628"
"chr5","41145889","41146173","chr6","71411906","71412190","23","30266017"
"chr5","41150738","41151038","chr6","71406993","71407303","30","30256255"
"chr5","41172045","41172349","chr1","89866413","89866715","54","48694368"
"chr5","41175597","41175908","chr1","2395060","2395364","47","38780537"
"chr5","41220283","41220585","chr6","71340527","71340826","31","30120244"
"chr5","41260515","41260811","chr6","71300260","71300557","24","30039745"
"chr5","41302482","41302801","chr6","71259085","71259377","51","29956603"
"chr5","41315857","41316142","chr6","71246250","71246535","25","29930393"
"chr5","41323768","41324064","chr14","7643073","7643368","39","33680695"
"chr5","41333485","41333787","chr6","71228493","71228797","30","29895008"
"chr5","41342389","41342700","chr6","71219456","71219765","31","29877067"
"chr5","41396043","41396377","chr6","71156162","71156478","53","29760119"
"chr5","41398158","41398449","chr9","87090399","87090693","35","45692241"
"chr5","41427951","41428230","chr6","71124374","71124657","24","29696423"
"chr5","41435285","41435557","chr6","71117357","71117629","19","29682072"
"chr5","41451497","41451790","chr6","71100921","71101220","24","29649424"
"chr5","41528264","41528551","chr6","71025374","71025672","34","29497110"
"chr5","41624666","41624965","chr6","70935938","70936227","36","29311272"
"chr5","41763664","41763969","chr6","70800599","70800898","28","29036935"
"chr5","41859777","41860068","chr10","30442537","30442830","31","11417240"
"chr5","41865676","41865969","chr6","70697652","70697937","39","28831976"
"chr5","41903482","41903786","chr6","70659464","70659766","33","28755982"
"chr5","42048840","42049130","chr6","70505611","70505903","25","28456771"
"chr5","42074992","42075297","chr1","39371430","39371728","45","2703562"
"chr5","42093077","42093369","chrX","130555559","130555852","32","88462482"
"chr5","42105835","42106133","chr6","70447974","70448260","27","28342139"
"chr5","42108624","42108772","chr6","136114005","136114151","35","94005381"
"chr5","42134801","42135082","chr11","46687943","46688226","30","4553142"
"chr5","42145623","42145929","chr10","27930889","27931195","36","14214734"
"chr5","42236873","42237171","chr5","25083724","25084024","31","17153149"
"chr5","42252685","42252970","chr6","70298786","70299068","26","28046101"
"chr5","42281816","42282112","chr3","166005666","166005965","37","123723850"
"chr5","42290882","42291084","chr6","70258085","70258284","23","27967203"
"chr5","42317292","42317599","chr4","88410610","88410912","32","46093318"
"chr5","42340559","42340707","chr15","89149263","89149414","19","46808704"
"chr5","42341215","42341359","chr6","139626341","139626485","23","97285126"
"chr5","42355527","42355824","chr14","46148744","46149038","31","3793217"
"chr5","42451512","42451814","chr3","55556828","55557129","33","13105316"
"chr5","42489518","42489824","chr1","19610957","19611255","46","22878561"
"chr5","42503708","42503842","chr16","1060648","1060796","27","41443060"
"chr5","42526612","42526911","chr6","69993838","69994143","26","27467226"
"chr5","42550065","42550368","chr6","69970299","69970607","31","27420234"
"chr5","42552129","42552413","chr6","69968257","69968543","23","27416128"
"chr5","42642510","42642818","chr2","102126990","102127295","38","59484480"
"chr5","42669761","42670064","chr6","69849249","69849546","25","27179488"
"chr5","42749959","42750225","chr11","125001450","125001716","45","82251491"
"chr5","42774134","42774415","chr6","69702098","69702364","35","26927964"
"chr5","42805068","42805366","chr12","57850151","57850455","40","15045083"
"chr5","42821474","42821770","chr6","69651450","69651746","28","26829976"
"chr5","42877677","42877971","chr6","69589477","69589772","31","26711800"
"chr5","42896009","42896302","chr6","69573648","69573946","31","26677639"
"chr5","42904390","42904693","chr6","69564634","69564933","30","26660244"
"chr5","42915639","42915942","chr6","69552890","69553184","32","26637251"
"chr5","42929642","42929928","chr6","69495293","69495582","19","26565651"
"chr5","42950087","42950393","chr6","69478740","69479044","25","26528653"
"chr5","42961678","42961979","chr6","69466352","69466661","32","26504674"
"chr5","43000338","43000642","chr6","69431034","69431326","40","26430696"
"chr5","43027533","43027833","chr6","69404411","69404711","34","26376878"
"chr5","43045632","43045934","chr6","69386716","69387014","27","26341084"
"chr5","43050281","43050578","chr3","164535092","164535388","30","121484811"
"chr5","43057410","43057698","chr6","69373291","69373588","37","26315881"
"chr5","43140454","43140755","chr6","69287874","69288175","19","26147420"
"chr5","43169906","43170071","chr7","120346484","120346633","31","77176578"
"chr5","43173558","43173854","chr6","69255141","69255428","33","26081583"
"chr5","43234038","43234349","chr6","69203598","69203905","31","25969560"
"chr5","43286883","43287073","chr9","122716657","122716847","27","79429774"
"chr5","43397382","43397659","chr13","10129007","10129278","33","33268375"
"chr5","43479535","43479843","chr2","169395333","169395646","52","125915798"
"chr5","43526206","43526507","chr6","68890537","68890845","26","25364331"
"chr5","43529026","43529336","chrX","23558557","23558868","37","19970469"
"chr5","43636846","43637139","chr10","30442537","30442830","32","13194309"
"chr5","43650064","43650267","chr7","95222121","95222323","32","51572057"
"chr5","43656170","43656489","chr1","23568888","23569190","52","20087282"
"chr5","43815851","43816161","chr6","68591888","68592197","16","24776037"
"chr5","43823232","43823527","chr6","68584809","68585106","27","24761577"
"chr5","43830230","43830493","chr6","68575073","68575346","30","24744843"
"chr5","44043682","44043978","chr6","68352958","68353244","38","24309276"
"chr5","44177516","44177598","chr15","11493507","11493588","12","32684009"
"chr5","44182233","44182526","chr6","68266737","68267023","27","24084504"
"chr5","44188414","44188706","chr6","68260529","68260817","31","24072115"
"chr5","44219857","44220162","chr13","40105515","40105819","32","4114342"
"chr5","44241257","44241567","chr6","68210861","68211169","29","23969604"
"chr5","44289170","44289459","chr3","38075170","38075462","39","6214000"
"chr5","44295559","44295854","chr6","68162915","68163214","23","23867356"
"chr5","44301108","44301399","chr16","2871012","2871300","39","41430096"
"chr5","44318518","44318818","chr6","68138993","68139301","31","23820475"
"chr5","44328831","44329140","chr6","68127975","68128267","31","23799144"
"chr5","44341751","44342049","chr6","68113351","68113636","35","23771600"
"chr5","44356298","44356593","chr6","68106742","68107040","23","23750444"
"chr5","44361405","44361567","chr19","31053184","31053331","50","13308221"
"chr5","44361915","44362214","chr6","68100155","68100459","26","23738240"
"chr5","44365539","44365831","chr1","9179485","9179779","37","35186054"
"chr5","44371028","44371328","chr6","68090548","68090855","38","23719520"
"chr5","44392530","44392786","chr6","68068759","68069016","24","23676229"
"chr5","44397769","44397886","chr20","54454239","54454355","11","10056470"
"chr5","44404129","44404414","chr11","47011732","47012024","50","2607603"
"chr5","44407926","44408149","chr6","136154854","136155078","31","91746928"
"chr5","44424480","44424788","chr10","87498791","87499100","36","43074311"
"chr5","44451362","44451754","chr16","16455810","16456166","102","27995552"
"chr5","44453157","44453442","chr6","68006081","68006380","34","23552924"
"chr5","44455304","44455521","chr19","34537638","34537863","37","9917666"
"chr5","44457622","44457904","chr6","68001194","68001477","26","23543572"
"chr5","44462481","44462792","chr6","67995912","67996221","14","23533431"
"chr5","44477647","44477799","chr19","32723322","32723473","28","11754325"
"chr5","44481097","44481384","chr6","67973844","67974133","21","23492747"
"chr5","44482120","44482420","chr6","67972817","67973112","24","23490697"
"chr5","44492529","44492834","chr6","67961904","67962206","34","23469375"
"chr5","44504758","44504909","chr16","10378707","10378852","22","34126051"
"chr5","45861272","45861453","chr6","67943108","67943294","22","22081836"
"chr5","45864777","45865067","chr6","67938150","67938457","38","22073373"
"chr5","45865071","45865201","chr9","809263","809394","13","45055808"
"chr5","45889390","45889677","chr4","26395179","26395468","33","19494211"
"chr5","45899949","45900256","chr14","112947234","112947540","39","67047285"
"chr5","45904437","45904728","chr6","67891958","67892252","32","21987521"
"chr5","45926088","45926391","chr6","67874552","67874863","23","21948464"
"chr5","45929394","45929575","chr2","202596898","202597086","23","156667504"
"chr5","45932274","45932575","chr4","111719422","111719722","41","65787148"
"chr5","45944202","45944513","chrX","123490571","123490888","51","77546369"
"chr5","45957930","45958306","chr7","41005382","41005712","110","4952548"
"chr5","45958593","45958899","chr13","24034147","24034450","43","21924446"
"chr5","45961013","45961310","chr9","127741330","127741627","47","81780317"
"chr5","45965143","45965272","chrX","21501042","21501169","16","24464101"
"chr5","45966890","45967120","chr3","72181768","72181998","33","26214878"
"chr5","45984692","45984983","chr6","67815493","67815783","26","21830801"
"chr5","46005519","46005817","chr6","67792857","67793158","18","21787338"
"chr5","46007511","46007799","chr6","67790867","67791162","45","21783356"
"chr5","46024761","46025043","chr5","67472950","67473232","43","21448189"
"chr5","46026596","46026892","chr19","20676318","20676616","30","25350278"
"chr5","46030282","46030570","chr4","7405019","7405304","31","38625263"
"chr5","46036112","46036417","chr1","10244817","10245118","37","35791295"
"chr5","46044721","46045012","chr3","48992148","48992443","38","2947427"
"chr5","46050776","46051082","chr8","95068664","95068966","32","49017888"
"chr5","46053480","46053759","chr5","127406421","127406703","41","81352941"
"chr5","46071373","46071667","chr11","109374403","109374697","40","63303030"
"chr5","46075085","46075381","chr6","67720497","67720797","25","21645412"
"chr5","46095988","46096268","chr6","67657264","67657553","29","21561276"
"chr5","46096636","46096777","chr6","56602654","56602794","32","10506018"
"chr5","46098421","46098664","chr6","67651771","67652013","23","21553350"
"chr5","46101607","46101886","chr6","67648508","67648788","16","21546901"
"chr5","46104620","46104860","chr11","99940090","99940330","36","53835470"
"chr5","46106810","46107097","chrX","91517657","91517944","37","45410847"
"chr5","46129438","46129671","chr16","9675962","9676190","43","36453476"
"chr5","46135634","46135928","chr3","55556828","55557129","41","9421194"
"chr5","46142525","46142821","chr20","41354643","41354935","41","4787882"
"chr5","46147448","46147704","chr19","49522411","49522664","38","3374963"
"chr5","46157638","46157937","chr12","57850151","57850455","37","11692513"
"chr5","46158958","46159224","chr3","13231898","13232167","38","32927060"
"chr5","46164197","46164473","chr3","165860378","165860655","48","119696181"
"chr5","46164776","46164968","chr17","47942000","47942193","38","1777224"
"chr5","46188002","46188211","chr11","2904691","2904882","35","43283311"
"chr5","46192928","46193217","chr6","67548846","67549143","29","21355918"
"chr5","46194953","46195252","chr6","67546858","67547160","37","21351905"
"chr5","46210368","46210501","chr2","192722632","192722764","14","146512264"
"chr5","46223542","46223764","chr3","103846800","103847020","43","57623258"
"chr5","46224582","46224741","chr6","143310132","143310288","29","97085550"
"chr5","46228212","46228379","chr3","35114685","35114846","27","11113527"
"chr5","46232221","46232532","chr7","161754004","161754307","40","115521783"
"chr5","46237769","46237913","chr3","36388025","36388169","18","9849744"
"chr5","46248960","46249184","chr19","9863628","9863855","37","36385332"
"chr5","46256270","46256397","chr16","64036320","64036445","14","17780050"
"chr5","46260006","46260304","chr6","67471175","67471470","38","21211169"
"chr5","46268763","46269036","chr10","12659402","12659674","42","33609361"
"chr5","46277614","46277918","chr6","129934590","129934892","39","83656976"
"chr5","46279091","46279375","chr6","67450944","67451223","25","21171853"
"chr5","46291352","46291523","chr5","147453129","147453298","27","101161777"
"chr5","46293933","46294233","chr2","146877836","146878139","36","100583903"
"chr5","46295347","46295649","chr6","67425352","67425642","31","21130005"
"chr5","46301764","46301995","chr16","71909561","71909798","41","25607797"
"chr5","46315355","46315513","chr16","68832042","68832207","24","22516687"
"chr5","46320796","46320959","chr10","78300000","78300164","23","31979204"
"chr5","46330856","46330932","chr1","9149935","9150010","10","37180921"
"chr5","46330933","46331064","chr13","39071147","39071274","21","7259786"
"chr5","46331897","46332044","chr1","110234634","110234777","19","63902737"
"chr5","46336018","46336312","chr7","17838757","17839051","39","28497261"
"chr5","46338844","46339130","chr6","67373523","67373816","30","21034679"
"chr5","46342380","46342674","chr7","63746033","63746325","39","17403653"
"chr5","46343819","46344032","chr10","61268396","61268605","36","14924577"
"chr5","46344818","46344985","chr14","12217087","12217250","42","34127731"
"chr5","46359824","46360142","chr5","131726645","131726956","46","85366821"
"chr5","46362266","46362571","chr19","37736736","37737041","42","8625530"
"chr5","46368990","46369275","chr3","2986573","2986865","42","43382417"
"chr5","46375997","46376296","chr16","5297037","5297331","37","41078960"
"chr5","46393220","46393525","chr2","53693767","53694070","30","7300547"
"chr5","46399752","46399929","chr7","20223071","20223252","29","26176681"
"chr5","46402475","46402688","chr4","116777080","116777297","34","70374605"
"chr5","46411389","46411685","chr16","19274357","19274647","44","27137032"
"chr5","46421364","46421662","chr6","32157411","32157710","38","14263953"
"chr5","46429941","46430237","chr6","67286960","67287242","33","20857019"
"chr5","46430240","46430529","chr6","67286664","67286959","29","20856424"
"chr5","46434795","46435085","chr7","67760064","67760356","29","21325269"
"chr5","46443376","46443499","chr2","69424190","69424316","16","22980814"
"chr5","46443529","46443696","chr19","666223","666388","24","45777306"
"chr5","46444280","46444592","chr6","67267156","67267475","24","20822876"
"chr5","46446170","46446312","chr7","43314861","43314996","33","3131309"
"chr5","46451392","46451684","chr6","67259308","67259598","25","20807916"
"chr5","46453327","46453648","chr15","24870481","24870802","64","21582846"
"chr5","46468240","46468332","chr4","163608312","163608410","16","117140072"
"chr5","46468353","46468425","chrX","1169850","1169920","11","45298503"
"chr5","46468650","46468947","chr15","13782664","13782962","44","32685986"
"chr5","46469023","46469323","chr11","31742736","31743037","31","14726287"
"chr5","46474936","46475239","chrX","40985934","40986232","41","5489002"
"chr5","46489288","46489575","chr6","67218955","67219247","26","20729667"
"chr5","46517974","46518279","chr6","67187728","67188036","34","20669754"
"chr5","46529107","46529382","chr13","32253035","32253303","48","14276072"
"chr5","46557215","46557503","chr17","82385964","82386257","33","35828749"
"chr5","46565903","46566195","chr6","67138105","67138407","29","20572202"
"chr5","46591388","46591690","chr6","67112000","67112297","27","20520612"
"chr5","46719703","46719866","chr9","63382622","63382784","25","16662919"
"chr5","46725416","46725719","chr6","66981341","66981642","35","20255925"
"chr5","46953277","46953500","chr16","9675962","9676190","41","37277315"
"chr5","46996401","46996685","chr6","66721550","66721848","33","19725149"
"chr5","47042116","47042448","chr6","66667633","66667966","16","19625517"
"chr5","47065815","47066092","chr6","66642763","66643038","20","19576948"
"chr5","47203897","47204050","chr11","49739997","49740154","25","2536100"
"chr5","47330558","47330852","chr12","101736860","101737158","37","54406302"
"chr5","47365980","47366117","chr19","11559888","11560027","20","35806092"
"chr5","47370031","47370339","chr6","66334024","66334330","36","18963993"
"chr5","47383140","47383263","chr7","103797025","103797146","16","56413885"
"chr5","47390050","47390352","chr6","66313240","66313548","33","18923190"
"chr5","47409699","47410002","chr19","36645626","36645927","37","10764073"
"chr5","47415680","47415976","chr14","15756054","15756351","33","31659626"
"chr5","47440144","47440440","chr15","30190193","30190490","39","17249951"
"chr5","47484151","47484459","chr6","66230085","66230373","39","18745934"
"chr5","47493857","47494161","chr6","66219132","66219423","32","18725275"
"chr5","47520543","47520806","chr10","82030297","82030560","35","34509754"
"chr5","47525618","47525907","chr6","66187464","66187758","25","18661846"
"chr5","47529735","47530039","chr4","159052233","159052534","44","111522498"
"chr5","47543163","47543448","chr6","66167926","66168210","18","18624763"
"chr5","47681619","47681919","chr16","19972079","19972380","39","27709540"
"chr5","47788253","47788284","chr19","16336150","16336180","4","31452103"
"chr5","47788286","47788427","chr17","19996556","19996695","14","27791730"
"chr5","47988666","47988959","chr13","66065398","66065699","47","18076732"
"chr5","48008863","48009026","chr13","61516510","61516682","26","13507647"
"chr5","48047984","48048300","chr1","48614168","48614484","41","566184"
"chr5","48077585","48077885","chrX","66007493","66007793","36","17929908"
"chr5","48086353","48086657","chr9","35167319","35167616","50","12919034"
"chr5","48221434","48221737","chr6","65529822","65530130","35","17308388"
"chr5","48233327","48233617","chr7","159282030","159282322","34","111048703"
"chr5","48283275","48283569","chr1","200028486","200028781","31","151745211"
"chr5","48321602","48321896","chr1","123648391","123648684","38","75326789"
"chr5","48337110","48337387","chr7","80219634","80219914","33","31882524"
"chr5","48349867","48350171","chr6","65409367","65409679","22","17059500"
"chr5","48360864","48361171","chr6","65399020","65399329","25","17038156"
"chr5","48447132","48447376","chr13","108196849","108197098","33","59749717"
"chr5","48447458","48447766","chr6","65311438","65311726","40","16863980"
"chr5","48452903","48453198","chr19","13989351","13989646","31","34463552"
"chr5","48491900","48492202","chr6","65267450","65267749","40","16775550"
"chr5","48587819","48588112","chr19","44781977","44782268","34","3805842"
"chr5","48608897","48609197","chr6","65149455","65149756","31","16540558"
"chr5","48637323","48637603","chr1","39922740","39923022","40","8714583"
"chr5","48644691","48644890","chr7","71783059","71783252","33","23138368"
"chr5","48658465","48658754","chr6","65096062","65096352","30","16437597"
"chr5","48740052","48740351","chr6","65014774","65015067","61","16274722"
"chr5","48871893","48872201","chr6","64889802","64890111","34","16017909"
"chr5","48887600","48887897","chr6","64873134","64873427","36","15985534"
"chr5","48958762","48959048","chr6","64801784","64802074","22","15843022"
"chr5","48999744","49000000","chr6","64760846","64761118","34","15761102"
"chr5","49030506","49030818","chr6","64725561","64725867","30","15695055"
"chr5","49044191","49044478","chr7","28329692","28329979","29","20714499"
"chr5","49087645","49087942","chr16","54888192","54888480","46","5800547"
"chr5","49095754","49096044","chr4","134652134","134652417","44","85556380"
"chr5","49155220","49155516","chr13","81201982","81202278","31","32046762"
"chr5","49167255","49167582","chr16","48226453","48226769","50","940802"
"chr5","49179020","49179320","chr6","64579615","64579919","34","15400595"
"chr5","49241847","49242103","chr6","64517846","64518119","38","15275999"
"chr5","49256718","49257024","chr11","48147631","48147935","42","1109087"
"chr5","49374736","49374992","chr10","78243089","78243346","44","28868353"
"chr5","49375013","49375278","chr11","33783894","33784154","34","15591119"
"chr5","49379891","49380180","chr6","158513829","158514121","43","109133938"
"chr5","49392161","49392424","chr17","54090684","54090943","37","4698523"
"chr5","49431312","49431439","chr9","21529707","21529833","19","27901605"
"chr5","49442774","49443087","chr6","64304196","64304506","23","14861422"
"chr5","49447474","49447775","chr6","64299481","64299778","29","14852007"
"chr5","49467764","49468068","chr6","64278262","64278570","26","14810498"
"chr5","49574847","49575146","chr6","64275953","64276252","20","14701106"
"chr5","49635497","49635806","chr6","64221799","64222124","39","14586302"
"chr5","49639283","49639587","chr6","64212269","64212574","21","14572986"
"chr5","49678353","49678656","chr7","10974680","10974971","60","38703673"
"chr5","49718359","49718664","chr6","64130278","64130578","34","14411919"
"chr5","49720001","49720172","chr8","126054004","126054184","32","76334003"
"chr5","49722727","49723027","chr6","64125976","64126268","26","14403249"
"chr5","49735521","49735826","chr1","214944515","214944819","41","165208994"
"chr5","49760207","49760404","chr6","32492","32679","37","49727715"
"chr5","49765857","49766156","chr6","64083400","64083683","36","14317543"
"chr5","49767459","49767716","chr9","59044284","59044552","41","9276825"
"chr5","49769560","49769836","chr8","142242840","142243113","42","92473280"
"chr5","49785689","49785979","chr9","96836308","96836599","30","47050619"
"chr5","49806261","49806556","chr6","64028369","64028665","23","14222108"
"chr5","49835370","49835665","chr3","36442876","36443174","43","13392494"
"chr5","49856218","49856526","chr6","120208692","120208998","37","70352474"
"chr5","49866227","49866528","chr6","63967620","63967917","24","14101393"
"chr5","49913555","49913850","chr19","44286031","44286327","29","5627524"
"chr5","49922577","49922724","chr1","110234634","110234777","20","60312057"
"chr5","49922846","49923012","chr2","165263448","165263618","32","115340602"
"chr5","49945787","49946083","chr6","63888869","63889165","19","13943082"
"chr5","49953453","49953758","chr6","63880240","63880549","36","13926787"
"chr5","49955647","49955775","chr9","21529707","21529833","16","28425940"
"chr5","50023113","50023416","chr5","51403573","51403869","34","1380460"
"chr5","50024764","50025053","chr4","73882488","73882783","47","23857724"
"chr5","50080324","50080612","chr6","63748682","63748987","35","13668358"
"chr5","50084442","50084743","chr6","63744651","63744948","25","13660209"
"chr5","50114382","50114450","chr7","11092831","11092900","6","39021551"
"chr5","50135195","50135499","chr2","82930196","82930491","49","32795001"
"chr5","50157823","50158120","chr1","64584409","64584705","38","14426586"
"chr5","50162819","50163109","chr11","110637684","110637974","43","60474865"
"chr5","50177061","50177369","chr6","63636908","63637214","29","13459847"
"chr5","50226942","50227240","chr6","63580941","63581229","35","13353999"
"chr5","50273446","50273759","chr6","63527814","63528128","42","13254368"
"chr5","50278737","50278927","chr7","133114354","133114541","27","82835617"
"chr5","50284377","50284511","chr11","55475663","55475797","14","5191286"
"chr5","50288961","50289257","chr6","63519238","63519538","21","13230277"
"chr5","50357503","50357796","chr6","63447032","63447332","39","13089529"
"chr5","50399783","50400124","chr3","164229985","164230311","53","113830202"
"chr5","50417640","50417937","chrX","95137968","95138264","29","44720328"
"chr5","50452202","50452473","chr6","63351215","63351489","14","12899013"
"chr5","50500039","50500345","chr6","63303786","63304082","32","12803747"
"chr5","50538604","50538894","chr6","63275227","63275505","39","12736623"
"chr5","50573037","50573317","chr6","63239980","63240283","41","12666943"
"chr5","50589355","50589672","chr11","56032052","56032370","37","5442697"
"chr5","50630005","50630138","chr6","63181912","63182047","11","12551907"
"chr5","50749399","50749701","chr6","73393768","73394067","27","22644369"
"chr5","50757420","50757681","chr6","63054355","63054630","43","12296935"
"chr5","50762542","50762819","chr6","63049206","63049489","34","12286664"
"chr5","50779980","50780139","chr5","188675850","188676017","32","137895870"
"chr5","50881785","50882086","chr6","62935311","62935621","43","12053526"
"chr5","50917564","50917861","chr6","62900559","62900862","31","11982995"
"chr5","50987160","50987437","chr6","62829779","62830054","19","11842619"
"chr5","51017966","51018266","chr7","25088554","25088855","38","25929412"
"chr5","51096364","51096673","chrX","23558557","23558868","38","27537807"
"chr5","51121028","51121327","chr6","62684865","62685159","24","11563837"
"chr5","51128257","51128557","chr6","62677572","62677869","31","11549315"
"chr5","51146220","51146393","chr6","62659589","62659760","12","11513369"
"chr5","51188222","51188455","chr1","8579153","8579390","36","42609069"
"chr5","51316414","51316720","chr6","62492141","62492452","34","11175727"
"chr5","51480120","51480412","chr11","8104075","8104368","37","43376045"
"chr5","51710323","51710606","chr6","62088652","62088935","28","10378329"
"chr5","51771397","51771704","chr6","129934590","129934892","35","78163193"
"chr5","51993130","51993406","chr11","12463145","12463418","51","39529985"
"chr5","52097262","52097576","chr11","56032052","56032370","37","3934790"
"chr5","52132332","52132621","chr6","61516066","61516361","31","9383734"
"chr5","52195489","52195781","chr10","60964607","60964898","50","8769118"
"chr5","52203691","52204004","chr6","61432502","61432811","40","9228811"
"chr5","52297266","52297550","chr6","61334020","61334301","36","9036754"
"chr5","52299664","52299974","chr5","97863759","97864066","51","45564095"
"chr5","52377707","52377976","chr12","87656440","87656710","38","35278733"
"chr5","52394577","52394838","chr14","22066932","22067189","43","30327645"
"chr5","52436881","52437191","chr6","61175455","61175764","35","8738574"
"chr5","52468847","52469178","chr2","56893700","56894034","54","4424853"
"chr5","52580011","52580317","chr8","96367362","96367664","47","43787351"
"chr5","52605220","52605504","chr1","36516905","36517189","37","16088315"
"chr5","52841407","52841695","chr6","60729090","60729381","27","7887683"
"chr5","52886641","52886940","chr6","60691037","60691338","33","7804396"
"chr5","52901156","52901467","chr6","60676490","60676794","32","7775334"
"chr5","52904735","52905007","chr6","60672935","60673212","24","7768200"
"chr5","52971531","52971830","chr15","11378482","11378772","50","41593049"
"chr5","53009006","53009283","chr6","56014347","56014628","34","3005341"
"chr5","53038960","53039262","chr7","44922315","44922617","41","8116645"
"chr5","53071446","53071745","chr6","71534351","71534652","35","18462905"
"chr5","53119989","53120287","chr6","60450182","60450474","27","7330193"
"chr5","53123955","53124122","chr1","34221417","34221578","28","18902538"
"chr5","53124339","53124470","chr2","21053086","21053219","19","32071253"
"chr5","53174904","53175211","chr12","104869984","104870281","43","51695080"
"chr5","53182859","53183124","chr6","60382598","60382871","36","7199739"
"chr5","53183622","53183905","chr6","60381819","60382103","27","7198197"
"chr5","53192656","53192949","chr6","60372818","60373118","34","7180162"
"chr5","53198298","53198589","chr6","67973844","67974133","41","14775546"
"chr5","53203221","53203507","chr3","14179326","14179617","39","39023895"
"chr5","53203517","53203657","chr16","50572894","50573033","32","2630623"
"chr5","53208089","53208388","chr1","46180984","46181279","47","7027105"
"chr5","53227949","53228243","chr6","60335320","60335614","25","7107371"
"chr5","53249108","53249402","chr6","171125848","171126147","34","117876740"
"chr5","53253448","53253737","chr6","60310782","60311076","32","7057334"
"chr5","53254340","53254614","chr6","60309903","60310179","34","7055563"
"chr5","53255482","53255611","chr7","126526390","126526518","26","73270908"
"chr5","53270900","53271209","chr6","60293465","60293780","29","7022565"
"chr5","53285947","53286241","chr6","60277777","60278066","33","6991830"
"chr5","53286866","53287164","chr5","152667809","152668109","43","99380943"
"chr5","53287189","53287481","chr6","60276521","60276815","26","6989332"
"chr5","53300589","53300879","chr6","60262672","60262969","25","6962083"
"chr5","53306486","53306647","chr6","60256911","60257090","25","6950425"
"chr5","53333173","53333473","chr6","60229595","60229905","32","6896422"
"chr5","53352329","53352661","chr1","7216647","7216973","55","46135682"
"chr5","53360873","53361175","chrX","9240846","9241146","36","44120027"
"chr5","53365332","53365625","chr2","84487489","84487783","31","31122157"
"chr5","53371041","53371350","chr6","60197575","60197885","33","6826534"
"chr5","53390605","53390904","chr6","60176949","60177244","26","6786344"
"chr5","53427052","53427146","chr1","223107751","223107840","12","169680699"
"chr5","53427147","53427262","chr6","60133406","60133521","8","6706259"
"chr5","53427625","53427905","chr2","22555790","22556068","41","30871835"
"chr5","53483574","53483870","chr2","107422966","107423258","42","53939392"
"chr5","53629689","53629981","chr4","97281424","97281715","40","43651735"
"chr5","53665681","53665970","chr7","67059835","67060119","30","13394154"
"chr5","53826770","53826889","chr8","103288638","103288754","30","49461868"
"chr5","53826892","53827200","chr6","59720099","59720401","25","5893207"
"chr5","53996583","53996864","chr6","59542786","59543068","26","5546203"
"chr5","54066617","54066743","chr8","79499448","79499575","20","25432831"
"chr5","54125755","54125980","chr6","59412505","59412741","27","5286750"
"chr5","54134571","54134857","chr6","59403689","59403977","24","5269118"
"chr5","54221839","54222127","chr4","129330527","129330815","33","75108688"
"chr5","54225355","54225649","chr16","48001050","48001345","26","6224305"
"chr5","54242274","54242580","chr2","18501087","18501383","37","35741187"
"chr5","54253311","54253592","chr6","171482964","171483245","32","117229653"
"chr5","54257042","54257350","chr15","6371105","6371399","44","47885937"
"chr5","54258039","54258351","chr6","59279986","59280291","28","5021947"
"chr5","54259588","54259903","chr7","80060557","80060869","40","25800969"
"chr5","54276252","54276552","chr6","59262322","59262614","33","4986070"
"chr5","54294489","54294793","chrX","46755159","46755454","42","7539330"
"chr5","54299258","54299472","chr1","8062335","8062552","44","46236923"
"chr5","54341106","54341471","chr6","59192634","59193001","34","4851528"
"chr5","54444492","54444788","chr9","25083503","25083798","39","29360989"
"chr5","54454602","54454898","chr6","59078251","59078543","36","4623649"
"chr5","54471278","54471584","chr6","59061702","59062011","36","4590424"
"chr5","54481109","54481375","chr6","59050884","59051140","30","4569775"
"chr5","54580941","54581245","chr19","44309699","44309996","38","10271242"
"chr5","54614788","54615085","chr6","140129906","140130200","28","85515118"
"chr5","54659790","54660090","chr2","56321775","56322075","42","1661985"
"chr5","54663001","54663112","chrX","8656290","8656402","19","46006711"
"chr5","54691289","54691582","chr15","39460070","39460366","28","15231219"
"chr5","54700388","54700689","chr1","130956850","130957148","22","76256462"
"chr5","54708344","54708466","chr1","27806170","27806303","23","26902174"
"chr5","54708774","54708909","chr5","3251194","3251329","10","51457580"
"chr5","54712938","54713232","chr14","15756054","15756351","37","38956884"
"chr5","54729519","54729834","chr14","100441445","100441748","37","45711926"
"chr5","54771910","54772079","chr3","32667940","32668109","33","22103970"
"chr5","54780780","54780954","chr12","15464218","15464383","28","39316562"
"chr5","54781631","54781948","chr7","123614361","123614671","48","68832730"
"chr5","54799779","54800077","chr16","9492744","9493038","33","45307035"
"chr5","54803824","54804089","chr5","153196318","153196596","54","98392494"
"chr5","54825153","54825363","chr16","668407","668615","38","54156746"
"chr5","54873346","54873645","chr6","50468196","50468500","29","4405150"
"chr5","54898971","54899171","chr3","182382271","182382470","21","127483300"
"chr5","54914095","54914339","chr3","167052687","167052928","41","112138592"
"chr5","54916314","54916630","chr8","107963774","107964081","56","53047460"
"chr5","54949269","54949573","chr6","50392194","50392500","28","4557075"
"chr5","54975139","54975424","chr16","2871012","2871300","40","52104127"
"chr5","54992071","54992373","chr6","155292927","155293228","40","100300856"
"chr5","55028585","55028879","chr6","50318766","50319053","34","4709819"
"chr5","55031144","55031442","chr6","50309182","50309491","29","4721962"
"chr5","55090470","55090767","chr10","38931694","38931993","48","16158776"
"chr5","55229584","55229894","chr1","4731654","4731965","33","50497930"
"chr5","55271459","55271768","chr12","106930268","106930572","38","51658809"
"chr5","55323008","55323301","chr3","156186156","156186456","33","100863148"
"chr5","55375599","55375900","chr3","15037241","15037540","32","40338358"
"chr5","55403305","55403572","chr3","8731849","8732114","39","46671456"
"chr5","55439270","55439574","chr7","37221144","37221444","54","18218126"
"chr5","55511529","55511684","chr16","6858537","6858688","19","48652992"
"chr5","55609056","55609354","chr6","49699191","49699492","21","5909865"
"chr5","55662869","55663172","chr19","46860523","46860827","39","8802346"
"chr5","55714504","55714758","chr6","49593877","49594142","35","6120627"
"chr5","55829748","55830035","chr3","162207583","162207866","39","106377835"
"chr5","55863152","55863448","chr6","49442463","49442759","26","6420689"
"chr5","55877233","55877535","chrX","144246404","144246709","35","88369171"
"chr5","55905208","55905517","chr6","49401545","49401854","22","6503663"
"chr5","55984206","55984503","chr6","49328069","49328366","30","6656137"
"chr5","56076877","56077151","chr7","6899095","6899368","48","49177782"
"chr5","56345573","56345871","chr1","97734738","97735037","33","41389165"
"chr5","56478825","56479120","chr15","6883737","6884030","36","49595088"
"chr5","56498735","56499026","chr13","69234471","69234766","33","12735736"
"chr5","56634448","56634748","chr6","48672178","48672478","27","7962270"
"chr5","56679341","56679641","chr6","48627411","48627710","22","8051930"
"chr5","56684927","56685230","chr6","11866650","11866952","30","44818277"
"chr5","56729270","56729553","chr6","48572230","48572520","31","8157040"
"chr5","56756505","56756799","chr6","48546881","48547180","42","8209624"
"chr5","56798387","56798687","chr1","36905300","36905598","30","19893087"
"chr5","56840868","56841101","chr16","9675962","9676190","48","47164906"
"chr5","57165972","57166274","chr11","95865708","95866010","47","38699736"
"chr5","57173527","57173626","chr8","40435708","40435807","19","16737819"
"chr5","57173783","57173985","chr19","34834553","34834754","24","22339230"
"chr5","57194548","57194850","chr6","48093311","48093613","24","9101237"
"chr5","57715146","57715446","chr20","56789030","56789326","38","926116"
"chr5","57741296","57741599","chr4","114775709","114776011","38","57034413"
"chr5","57752110","57752413","chr6","47552847","47553150","36","10199263"
"chr5","57774145","57774433","chr8","78456067","78456356","48","20681922"
"chr5","57777089","57777386","chr6","47533079","47533374","23","10244010"
"chr5","57813964","57814257","chr6","47501059","47501362","39","10312905"
"chr5","57962472","57962758","chr2","101767463","101767748","38","43804991"
"chr5","58038649","58038942","chr6","58612342","58612631","29","573693"
"chr5","58097993","58098293","chr6","58544280","58544586","28","446287"
"chr5","58251534","58251833","chr6","58379168","58379458","34","127634"
"chr5","58289302","58289581","chr6","58351033","58351320","40","61731"
"chr5","58299989","58300302","chr6","58341227","58341529","37","41238"
"chr5","58314408","58314712","chr6","58326990","58327296","29","12582"
"chr5","58363344","58363637","chr9","108867260","108867553","35","50503916"
"chr5","58371407","58371687","chr6","58267950","58268248","32","103457"
"chr5","58372055","58372363","chr19","18443956","18444254","45","39928099"
"chr5","58387042","58387332","chr2","204184831","204185119","47","145797789"
"chr5","58387578","58387890","chr6","58251667","58251981","29","135911"
"chr5","58397848","58398127","chr6","58241501","58241793","28","156347"
"chr5","58404653","58404668","chr16","38396444","38396459","5","20008209"
"chr5","58405999","58406196","chr3","127226307","127226510","31","68820308"
"chr5","58407724","58408045","chr3","42459778","42460089","55","15947946"
"chr5","58418435","58418743","chr7","44357408","44357716","30","14061027"
"chr5","58425916","58426066","chr19","2761793","2761941","19","55664123"
"chr5","58441633","58441944","chr10","46288383","46288689","42","12153250"
"chr5","58446976","58447273","chr12","104869984","104870281","37","46423008"
"chr5","58471823","58472113","chr6","58169857","58170151","24","301966"
"chr5","58476379","58476667","chr6","58165416","58165711","30","310963"
"chr5","58484302","58484398","chr6","58155627","58155723","8","328675"
"chr5","58484930","58485094","chr6","58154622","58154786","14","330308"
"chr5","58488439","58488716","chr15","8546970","8547249","63","49941469"
"chr5","58495967","58496295","chr7","81771278","81771588","59","23275311"
"chr5","58498653","58498935","chr6","58137679","58137975","31","360974"
"chr5","58502146","58502436","chr6","58134134","58134436","40","368012"
"chr5","58505076","58505384","chr12","38592649","38592950","45","19912427"
"chr5","58507163","58507468","chr3","123607450","123607753","44","65100287"
"chr5","58510120","58510322","chr17","94621224","94621425","27","36111104"
"chr5","58518521","58518813","chr7","126865713","126866004","33","68347192"
"chr5","58528032","58528321","chr11","54935326","54935618","31","3592706"
"chr5","58539323","58539599","chr1","31889744","31890030","62","26649579"
"chr5","58558701","58558999","chr6","58072190","58072501","39","486511"
"chr5","58564639","58564674","chr15","13261359","13261392","6","45303280"
"chr5","58565086","58565253","chr16","30390993","30391163","26","28174093"
"chr5","58567537","58567836","chrX","103770263","103770563","35","45202726"
"chr5","58575337","58575635","chr6","58052530","58052830","24","522807"
"chr5","58577227","58577512","chr6","58050665","58050936","31","526562"
"chr5","58588533","58588855","chr6","58036475","58036783","39","552058"
"chr5","58606374","58606670","chr6","58018352","58018652","32","588022"
"chr5","58635245","58635558","chr6","57987426","57987739","13","647819"
"chr5","58644755","58645047","chr3","2986573","2986865","30","55658182"
"chr5","58733365","58733674","chr7","72173021","72173328","38","13439656"
"chr5","58744014","58744274","chr6","57877247","57877509","37","866767"
"chr5","58800496","58800558","chr6","57823795","57823851","9","976701"
"chr5","58801202","58801513","chr6","57822834","57823142","34","978368"
"chr5","58813747","58814040","chr19","28624353","28624648","33","30189394"
"chr5","58851645","58851946","chr6","57772654","57772953","29","1078991"
"chr5","58928121","58928427","chr6","57702055","57702363","32","1226066"
"chr5","59042125","59042417","chr16","39096783","39097078","39","19945342"
"chr5","59054046","59054344","chr18","52207939","52208240","36","6846107"
"chr5","59319780","59320059","chr6","57307571","57307852","29","2012209"
"chr5","59356713","59357002","chr6","57264088","57264386","36","2092625"
"chr5","59382302","59382592","chr6","57238646","57238931","30","2143656"
"chr5","59421299","59421593","chr7","84112350","84112645","37","24691051"
"chr5","59454398","59454690","chr6","57165218","57165506","22","2289180"
"chr5","59477361","59477659","chr6","57140687","57140988","27","2336674"
"chr5","59492694","59492919","chr1","8062335","8062552","42","51430359"
"chr5","59493891","59493963","chr12","2794740","2794811","12","56699151"
"chr5","59495023","59495210","chr20","54454954","54455134","42","5040069"
"chr5","59509748","59510035","chr9","63524357","63524644","40","4014609"
"chr5","59532076","59532363","chr1","13368467","13368754","39","46163609"
"chr5","59534598","59534914","chr6","57075921","57076228","27","2458677"
"chr5","59544777","59545079","chr6","57064654","57064947","25","2480123"
"chr5","59551242","59551537","chr6","57057617","57057912","22","2493625"
"chr5","59557294","59557578","chr12","20843965","20844245","36","38713329"
"chr5","59559997","59560303","chr6","57047993","57048305","37","2512004"
"chr5","59562910","59563087","chr16","48040796","48040975","20","11522114"
"chr5","59563651","59563963","chr6","57044746","57045047","34","2518905"
"chr5","59583369","59583662","chr6","57023861","57024153","23","2559508"
"chr5","59584491","59584785","chr10","87343294","87343579","40","27758803"
"chr5","59660388","59660703","chr6","56904189","56904502","25","2756199"
"chr5","59671391","59671592","chr4","167862628","167862830","52","108191237"
"chr5","59672896","59673208","chr1","142315008","142315318","43","82642112"
"chr5","59676738","59677024","chr3","62999264","62999556","37","3322526"
"chr5","59757727","59757904","chr11","133462557","133462736","27","73704830"
"chr5","59858636","59858931","chr6","56715402","56715700","24","3143234"
"chr5","59870129","59870426","chr6","56704408","56704704","29","3165721"
"chr5","59872887","59873188","chr1","15299545","15299845","39","44573342"
"chr5","59881563","59881856","chr6","56692273","56692558","38","3189290"
"chr5","59908157","59908511","chr7","62770873","62771203","82","2862716"
"chr5","59940901","59941041","chr6","170581131","170581269","31","110640230"
"chr5","59949193","59949493","chr6","91735449","91735750","37","31786256"
"chr5","59968207","59968504","chr6","56607152","56607447","23","3361055"
"chr5","59972746","59973043","chr3","71431658","71431956","33","11458912"
"chr5","59983525","59983818","chr3","164535092","164535388","36","104551567"
"chr5","59993188","59993489","chr6","56582099","56582404","21","3411089"
"chr5","59996904","59997212","chr6","56578677","56578988","25","3418227"
"chr5","59998498","59998793","chr1","200028486","200028781","33","140029988"
"chr5","60054098","60054401","chr2","44278715","44279014","38","15775383"
"chr5","60056350","60056661","chr6","56511552","56511864","26","3544798"
"chr5","60057504","60057796","chr3","142535374","142535669","38","82477870"
"chr5","60057797","60058085","chr12","65951597","65951896","42","5893800"
"chr5","60060071","60060359","chr4","114833452","114833729","53","54773381"
"chr5","60061539","60061839","chr13","72132953","72133251","36","12071414"
"chr5","60072238","60072548","chr3","3561777","3562087","41","56510461"
"chr5","60073190","60073500","chr6","56497873","56498199","44","3575317"
"chr5","60080598","60080902","chr6","56490076","56490385","35","3590522"
"chr5","60089244","60089549","chr5","127177722","127178030","45","67088478"
"chr5","60120013","60120312","chr15","560568","560869","40","59559445"
"chr5","60139790","60140102","chr6","56430056","56430368","30","3709734"
"chr5","60149596","60149880","chrX","117428205","117428490","44","57278609"
"chr5","60164722","60164990","chr12","87656440","87656710","38","27491718"
"chr5","60165265","60165510","chr4","118928650","118928903","41","58763385"
"chr5","60169331","60169629","chrX","20000045","20000343","43","40169286"
"chr5","60178701","60178842","chr7","16748615","16748755","16","43430086"
"chr5","60179086","60179165","chr16","1200632","1200713","18","58978454"
"chr5","60186342","60186652","chr6","56383494","56383800","35","3802848"
"chr5","60194131","60194430","chr6","56375435","56375732","28","3818696"
"chr5","60199057","60199352","chr6","56370493","56370793","31","3828564"
"chr5","60204252","60204552","chr6","56364629","56364944","30","3839623"
"chr5","60207966","60208243","chr6","56360972","56361250","24","3846994"
"chr5","60208639","60208937","chr6","56360282","56360585","33","3848357"
"chr5","60251768","60252050","chr6","56313976","56314254","29","3937792"
"chr5","60270273","60270581","chr9","89731334","89731639","40","29461061"
"chr5","60273721","60273865","chr6","147844813","147844957","14","87571092"
"chr5","60290510","60290819","chr6","56281976","56282283","30","4008534"
"chr5","60314016","60314326","chr8","37687115","37687426","46","22626901"
"chr5","60326673","60326974","chrX","110604131","110604430","29","50277458"
"chr5","60352369","60352664","chr6","56212807","56213107","17","4139562"
"chr5","60364747","60364881","chr11","103824833","103824965","18","43460086"
"chr5","60365096","60365384","chr6","56198679","56198962","24","4166417"
"chr5","60374597","60374883","chr6","56188049","56188327","32","4186548"
"chr5","60378375","60378670","chr6","56184175","56184478","32","4194200"
"chr5","60380827","60381124","chr6","56181692","56181989","25","4199135"
"chr5","60383205","60383430","chr16","9675962","9676190","53","50707243"
"chr5","60402999","60403307","chr9","56905453","56905754","45","3497546"
"chr5","60407720","60408025","chr6","56153229","56153527","33","4254491"
"chr5","60417250","60417560","chr6","56144401","56144702","27","4272849"
"chr5","60430672","60431002","chr6","56131310","56131634","41","4299362"
"chr5","60440435","60440571","chr19","41289079","41289217","20","19151356"
"chr5","60440699","60440848","chr20","65902013","65902162","26","5461314"
"chr5","60448426","60448723","chr6","56111944","56112239","35","4336482"
"chr5","60458092","60458384","chr6","56101851","56102135","32","4356241"
"chr5","60480823","60481120","chr6","56078177","56078460","35","4402646"
"chr5","60488660","60488734","chr20","25251062","25251144","22","35237598"
"chr5","60514618","60514912","chr8","122578317","122578622","45","62063699"
"chr5","60544960","60545241","chr6","56014347","56014628","11","4530613"
"chr5","60576280","60576432","chr10","83115963","83116119","25","22539683"
"chr5","60610719","60611011","chr6","55955361","55955663","38","4655358"
"chr5","60621815","60622130","chr6","55944139","55944452","31","4677676"
"chr5","60773400","60773551","chr1","110234634","110234777","20","49461234"
"chr5","60844297","60844430","chr10","86840248","86840381","15","25995951"
"chr5","61054798","61055090","chrX","23351237","23351529","32","37703561"
"chr5","61063508","61063810","chr6","55502291","55502577","36","5561217"
"chr5","61074373","61074419","chr20","3589657","3589703","11","57484716"
"chr5","61074926","61075048","chr6","36908067","36908182","18","24166859"
"chr5","61078676","61078977","chr6","55492182","55492475","35","5586494"
"chr5","61082914","61083230","chrX","23558557","23558868","38","37524357"
"chr5","61140365","61140588","chr6","55432384","55432608","22","5707981"
"chr5","61150339","61150630","chr17","82385964","82386257","36","21235625"
"chr5","61152382","61152686","chr6","55421153","55421464","40","5731229"
"chr5","61157901","61158051","chr6","143310132","143310288","32","82152231"
"chr5","61191420","61191727","chr6","55387763","55388062","30","5803657"
"chr5","61246524","61246813","chr6","55333745","55334033","21","5912779"
"chr5","61279166","61279474","chr6","55303425","55303734","21","5975741"
"chr5","61287553","61287834","chr6","55295058","55295344","28","5992495"
"chr5","61351171","61351427","chrX","65356660","65356920","49","4005489"
"chr5","61411078","61411369","chr6","55172144","55172443","25","6238934"
"chr5","61466822","61467130","chr6","55110615","55110908","40","6356207"
"chr5","61518969","61519169","chr6","55060425","55060623","16","6458544"
"chr5","61569181","61569459","chr6","55007321","55007601","27","6561860"
"chr5","61583408","61583715","chr6","54993385","54993695","30","6590023"
"chr5","61592428","61592722","chr14","111646507","111646801","38","50054079"
"chr5","61593412","61593713","chr6","54982500","54982806","29","6610912"
"chr5","61602570","61602855","chr6","54973278","54973563","15","6629292"
"chr5","61615354","61615521","chr2","188225310","188225477","27","126609956"
"chr5","61615542","61615795","chr8","143552534","143552801","49","81936992"
"chr5","61633999","61634260","chr18","13971243","13971511","41","47662756"
"chr5","61635687","61635959","chr6","54938866","54939145","36","6696821"
"chr5","61636037","61636201","chr11","58855723","58855888","31","2780314"
"chr5","61641072","61641212","chr17","19996556","19996695","21","41644516"
"chr5","61642658","61643016","chr2","187336624","187336958","87","125693966"
"chr5","61648526","61648540","chr14","52071709","52071723","2","9576817"
"chr5","61648849","61649161","chr10","87498791","87499100","40","25849942"
"chr5","61651816","61652116","chr1","46108352","46108655","42","15543464"
"chr5","61689837","61690098","chr6","54884647","54884918","31","6805190"
"chr5","61704850","61705149","chr6","54868235","54868539","29","6836615"
"chr5","61715241","61715548","chr11","104087348","104087659","46","42372107"
"chr5","61751905","61752185","chr6","54818957","54819235","27","6932948"
"chr5","61778290","61778578","chr1","211700488","211700776","45","149922198"
"chr5","61782617","61782923","chr6","54785278","54785582","19","6997339"
"chr5","61788665","61788956","chr19","2460124","2460416","33","59328541"
"chr5","61816251","61816423","chr8","122467386","122467555","23","60651135"
"chr5","61817279","61817409","chr4","71764038","71764170","16","9946759"
"chr5","61858632","61858940","chr6","54712887","54713193","25","7145745"
"chr5","61874428","61874646","chr6","54696658","54696880","23","7177770"
"chr5","61958424","61958727","chr15","27330681","27330978","47","34627743"
"chr5","61959121","61959357","chr7","67787023","67787248","48","5827902"
"chr5","61980702","61980984","chr12","11876499","11876783","47","50104203"
"chr5","62048506","62048805","chr9","90820027","90820317","54","28771521"
"chr5","62078049","62078354","chr12","57850151","57850455","32","4227898"
"chr5","62086799","62087026","chr16","668407","668615","41","61418392"
"chr5","62094610","62094920","chr6","54473688","54473991","26","7620922"
"chr5","62118342","62118652","chr6","54448032","54448342","35","7670310"
"chr5","62128806","62129105","chr6","54439703","54440002","27","7689103"
"chr5","62181632","62181933","chr15","102740273","102740571","35","40558641"
"chr5","62189295","62189594","chr6","54383323","54383632","39","7805972"
"chr5","62215180","62215460","chr15","40988593","40988874","34","21226587"
"chr5","62245093","62245386","chr6","54324012","54324307","23","7921081"
"chr5","62257459","62257612","chr1","74610219","74610377","25","12352760"
"chr5","62352507","62352817","chr6","54207594","54207900","36","8144913"
"chr5","62397961","62398249","chr16","23185128","23185409","37","39212833"
"chr5","62488596","62488894","chr5","37844742","37845043","50","24643854"
"chr5","62493121","62493424","chr7","41300059","41300359","41","21193062"
"chr5","62524372","62524670","chrX","41694245","41694543","40","20830127"
"chr5","62533095","62533393","chr6","54013469","54013765","31","8519626"
"chr5","62560297","62560608","chr6","53985568","53985874","28","8574729"
"chr5","62602776","62603083","chr1","42316851","42317149","39","20285925"
"chr5","62609276","62609529","chr6","53937105","53937372","38","8672171"
"chr5","62628022","62628323","chr1","220344932","220345232","41","157716910"
"chr5","62629188","62629481","chr6","44313901","44314193","40","18315287"
"chr5","62629963","62630247","chr6","53916805","53917090","31","8713158"
"chr5","62666470","62666764","chr6","53879775","53880060","31","8786695"
"chr5","62726517","62726825","chr7","113559810","113560113","27","50833293"
"chr5","62758626","62758920","chr6","53788524","53788818","31","8970102"
"chr5","62763540","62763712","chr1","20267473","20267639","23","42496067"
"chr5","62763853","62763994","chr2","107168615","107168750","16","44404762"
"chr5","62800045","62800345","chr6","53745631","53745931","28","9054414"
"chr5","62804889","62805188","chr6","53740764","53741064","26","9064125"
"chr5","62884563","62884857","chr6","53655812","53656106","26","9228751"
"chr5","62928985","62929270","chr6","53613539","53613825","31","9315446"
"chr5","62999763","62999932","chr5","39278187","39278352","23","23721576"
"chr5","63306673","63306954","chr16","70895217","70895496","39","7588544"
"chr5","63306995","63307012","chr1","30213042","30213056","3","33093953"
"chr5","63314389","63314683","chr6","53208053","53208333","43","10106336"
"chr5","63496219","63496503","chr3","176405182","176405472","46","112908963"
"chr5","63538810","63538928","chr9","120874323","120874442","22","57335513"
"chr5","63538971","63539142","chr14","118920793","118920963","32","55381822"
"chr5","63541254","63541535","chr6","52963073","52963355","41","10578181"
"chr5","63558265","63558542","chr2","40746353","40746634","42","22811912"
"chr5","63733007","63733314","chr16","26339174","26339480","45","37393833"
"chr5","63817721","63818100","chr6","52606048","52606388","76","11211673"
"chr5","63841640","63841957","chr4","149060812","149061137","54","85219172"
"chr5","63864983","63865288","chr6","52559279","52559578","38","11305704"
"chr5","63901988","63902281","chr4","32791676","32791971","43","31110312"
"chr5","63989436","63989740","chr3","39641274","39641578","37","24348162"
"chr5","64219090","64219376","chr6","52185211","52185499","38","12033879"
"chr5","64284466","64284773","chr1","11429949","11430259","40","52854517"
"chr5","64346846","64347093","chr6","52056977","52057228","26","12289869"
"chr5","64358415","64358721","chr6","52044313","52044616","33","12314102"
"chr5","64400100","64400395","chrX","52560249","52560544","45","11839851"
"chr5","64486390","64486690","chr1","19610957","19611255","33","44875433"
"chr5","64503713","64503935","chr2","56378580","56378803","37","8125133"
"chr5","64632687","64632991","chr3","36442876","36443174","37","28189811"
"chr5","64649381","64649691","chr7","154050940","154051245","48","89401559"
"chr5","64724975","64725154","chr10","17022071","17022251","28","47702904"
"chr5","64800536","64800837","chr6","51595567","51595873","30","13204969"
"chr5","64906832","64907124","chr3","166406946","166407246","52","101500114"
"chr5","64979802","64980079","chr6","51411432","51411708","24","13568370"
"chr5","64984077","64984371","chr6","51407518","51407805","30","13576559"
"chr5","64985897","64986191","chr10","27113051","27113346","40","37872846"
"chr5","65009616","65009913","chr6","51375748","51376058","35","13633868"
"chr5","65012841","65013015","chr6","63963732","63963899","24","1049109"
"chr5","65014232","65014523","chr6","51371793","51372083","30","13642439"
"chr5","65132743","65133050","chr4","36442400","36442711","37","28690343"
"chr5","65171407","65171698","chr6","51167929","51168224","28","14003478"
"chr5","65184011","65184320","chr6","51152321","51152630","34","14031690"
"chr5","65281577","65281794","chr10","80152776","80152994","30","14871199"
"chr5","69819223","69819382","chr7","27150004","27150162","26","42669219"
"chr5","69926087","69926358","chr6","46531775","46532043","18","23394312"
"chr5","69940714","69940849","chr8","143494670","143494809","26","73553956"
"chr5","70035967","70036286","chr1","44235774","44236091","59","25800193"
"chr5","70059038","70059258","chr6","46395038","46395258","13","23664000"
"chr5","70078178","70078479","chr6","46381791","46382106","39","23696387"
"chr5","70258286","70258577","chr6","46145345","46145632","25","24112941"
"chr5","70318268","70318567","chr6","46089539","46089832","32","24228729"
"chr5","70326453","70326739","chr7","96880673","96880966","39","26554220"
"chr5","70378047","70378354","chr15","10764779","10765080","36","59613268"
"chr5","70400077","70400207","chr1","117155797","117155925","19","46755720"
"chr5","70400209","70400325","chrX","147148302","147148419","13","76748093"
"chr5","70405154","70405318","chr19","47485782","47485948","28","22919372"
"chr5","70570459","70570768","chr4","127711891","127712201","40","57141432"
"chr5","70580426","70580722","chr6","45802671","45802963","33","24777755"
"chr5","70827632","70827915","chr12","113818822","113819105","42","42991190"
"chr5","71013038","71013355","chr19","31373581","31373896","42","39639457"
"chr5","71167821","71168123","chr6","45198698","45199002","32","25969123"
"chr5","71185479","71185775","chr2","40749202","40749497","40","30436277"
"chr5","71221670","71221971","chr6","45139628","45139936","30","26082042"
"chr5","71315970","71316269","chr4","165285405","165285707","45","93969435"
"chr5","71323400","71323697","chr6","45042297","45042585","36","26281103"
"chr5","71345820","71346116","chr6","45019852","45020151","33","26325968"
"chr5","71452230","71452529","chr1","11177906","11178196","43","60274324"
"chr5","71733373","71733661","chr20","43026466","43026751","39","28706907"
"chr5","71742268","71742564","chr13","45271324","45271622","39","26470944"
"chr5","71766860","71767162","chr1","17831407","17831712","33","53935453"
"chr5","71863309","71863582","chr6","44325696","44325971","13","27537613"
"chr5","71875070","71875355","chr6","44313901","44314193","30","27561169"
"chr5","71886796","71887097","chr6","44302741","44303048","27","27584055"
"chr5","71993942","71994241","chr5","93179263","93179563","32","21185321"
"chr5","72000001","72000200","chr3","80264970","80265174","32","8264969"
"chr5","72005573","72005861","chr6","44187695","44187988","25","27817878"
"chr5","72135725","72136017","chr9","88377292","88377585","32","16241567"
"chr5","72180044","72180197","chr6","143310132","143310288","28","71130088"
"chr5","72189066","72189264","chr2","188277497","188277692","29","116088431"
"chr5","72194158","72194258","chr18","24714356","24714456","16","47479802"
"chr5","72208126","72208420","chr3","127669386","127669693","46","55461260"
"chr5","72208825","72208926","chr7","82846043","82846151","38","10637218"
"chr5","72255272","72255567","chr16","10710589","10710878","39","61544683"
"chr5","72272726","72273017","chr14","66487117","66487405","37","5785609"
"chr5","72280215","72280501","chr6","43917900","43918179","40","28362315"
"chr5","72290179","72290450","chr6","174913336","174913605","48","102623157"
"chr5","72295374","72295667","chr19","44781977","44782268","39","27513397"
"chr5","72295684","72295792","chr20","69598749","69598860","13","2696935"
"chr5","72296379","72296679","chr16","9750805","9751100","33","62545574"
"chr5","72314927","72315187","chr6","43882199","43882446","23","28432728"
"chr5","72336640","72336883","chr2","95477542","95477786","36","23140902"
"chr5","72346697","72347011","chr6","43846940","43847245","37","28499757"
"chr5","72358916","72359200","chr6","43830747","43831028","14","28528169"
"chr5","72417714","72417876","chr4","114563222","114563379","30","42145508"
"chr5","72424793","72425087","chr17","76919366","76919664","45","4494573"
"chr5","72471686","72471947","chr6","43669128","43669383","26","28802558"
"chr5","72472007","72472290","chr6","43668772","43669059","36","28803235"
"chr5","72497187","72497411","chr14","111685372","111685596","35","39188185"
"chr5","72537197","72537408","chr7","84631446","84631650","31","12094249"
"chr5","72575964","72576157","chr1","22526172","22526359","21","50049792"
"chr5","72595507","72595787","chr6","43543194","43543475","30","29052313"
"chr5","72634022","72634323","chr7","113559810","113560113","35","40925788"
"chr5","72666268","72666568","chr6","43472459","43472761","27","29193809"
"chr5","72707779","72708088","chr6","43428779","43429087","27","29279000"
"chr5","72713221","72713509","chr1","140402110","140402392","48","67688889"
"chr5","72888192","72888499","chr6","43186190","43186490","33","29702002"
"chr5","73066874","73067121","chr10","82377095","82377338","41","9310221"
"chr5","73102682","73102982","chr6","42978641","42978943","30","30124041"
"chr5","73254749","73255048","chr6","42769338","42769647","41","30485411"
"chr5","73410137","73410453","chr3","39641274","39641578","45","33768863"
"chr5","73473174","73473484","chr3","164494607","164494917","43","91021433"
"chr5","73565924","73566219","chr6","42459864","42460155","27","31106060"
"chr5","73671018","73671289","chr6","42351573","42351860","42","31319445"
"chr5","73699139","73699432","chr6","42326521","42326825","39","31372618"
"chr5","73754154","73754461","chr11","48147631","48147935","41","25606523"
"chr5","73757545","73757752","chr9","32387730","32387935","50","41369815"
"chr5","73856009","73856304","chr4","44230814","44231111","35","29625195"
"chr5","73887165","73887450","chr6","42144076","42144360","26","31743089"
"chr5","73918465","73918757","chr12","115141391","115141684","47","41222926"
"chr5","73920042","73920156","chr19","13117000","13117113","14","60803042"
"chr5","74015358","74015450","chr5","2749400","2749490","8","71265958"
"chr5","74193518","74193830","chr17","76781797","76782109","43","2588279"
"chr5","74251195","74251464","chr6","41760552","41760814","38","32490643"
"chr5","74251572","74251722","chr4","44130284","44130433","25","30121288"
"chr5","74252467","74252623","chr4","44130284","44130433","46","30122183"
"chr5","74312470","74312779","chr6","41702326","41702637","33","32610144"
"chr5","74428753","74429068","chr2","81799633","81799941","42","7370880"
"chr5","74465907","74466223","chr4","80707913","80708222","46","6242006"
"chr5","74468554","74468857","chr6","41530209","41530501","39","32938345"
"chr5","74499318","74499608","chr6","41499207","41499507","41","33000111"
"chr5","74508948","74509243","chr10","66806378","66806672","39","7702570"
"chr5","74512823","74513043","chr13","94935954","94936168","32","20423131"
"chr5","74527435","74527737","chr7","122204462","122204771","40","47677027"
"chr5","74527802","74528094","chr6","41468430","41468706","50","33059372"
"chr5","74552987","74553291","chr14","112526592","112526892","37","37973605"
"chr5","74559533","74559836","chr7","116887581","116887882","37","42328048"
"chr5","74560250","74560544","chr6","41430283","41430587","25","33129967"
"chr5","74563507","74563804","chr13","44858434","44858731","37","29705073"
"chr5","74567389","74567606","chr20","40742942","40743158","22","33824447"
"chr5","74569437","74569735","chr16","28565023","28565311","52","46004414"
"chr5","74600259","74600447","chr8","25281321","25281507","38","49318938"
"chr5","74602156","74602447","chr13","70518735","70519027","40","4083421"
"chr5","74618561","74618862","chr6","41368138","41368441","34","33250423"
"chr5","74633209","74633341","chr16","67963199","67963331","12","6670010"
"chr5","74655030","74655317","chr2","107422966","107423258","45","32767936"
"chr5","74672514","74672823","chr6","41313150","41313455","28","33359364"
"chr5","74677226","74677418","chr12","115674238","115674427","28","40997012"
"chr5","74683648","74683949","chr8","54634869","54635169","35","20048779"
"chr5","74687114","74687399","chr8","9775586","9775870","35","64911528"
"chr5","74700387","74700679","chr6","41284065","41284361","25","33416322"
"chr5","74818087","74818391","chr6","41161889","41162188","21","33656198"
"chr5","74832175","74832467","chr6","156021883","156022178","21","81189708"
"chr5","74870946","74871244","chr14","115431247","115431536","34","40560301"
"chr5","74882906","74883209","chr6","41101941","41102243","34","33780965"
"chr5","75102660","75102952","chr6","40875797","40876101","27","34226863"
"chr5","75117602","75117894","chr2","107422966","107423258","35","32305364"
"chr5","75264800","75265103","chr17","1515232","1515536","36","73749568"
"chr5","75350629","75350941","chrX","95106921","95107224","38","19756292"
"chr5","75381973","75382103","chr4","115848594","115848725","18","40466621"
"chr5","75401303","75401496","chr17","29111864","29112060","40","46289439"
"chr5","75485989","75486304","chr6","40415846","40416162","26","35070143"
"chr5","75509563","75509860","chr4","85375768","85376066","36","9866205"
"chr5","75593381","75593674","chr3","1691355","1691649","47","73902026"
"chr5","75604463","75604721","chr6","40301240","40301498","23","35303223"
"chr5","75617460","75617779","chr14","64123571","64123884","48","11493889"
"chr5","75655930","75656215","chr6","40249469","40249753","22","35406461"
"chr5","75656440","75656724","chr6","40248964","40249244","40","35407476"
"chr5","75713166","75713476","chr6","40192611","40192918","20","35520555"
"chr5","75767743","75768057","chr6","49991764","49992075","42","25775979"
"chr5","75797365","75797690","chr6","40106336","40106656","39","35691029"
"chr5","75876215","75876346","chr9","89613171","89613303","14","13736956"
"chr5","75920007","75920311","chr14","112526592","112526892","32","36606585"
"chr5","76156209","76156509","chr20","8006906","8007198","35","68149303"
"chr5","76192016","76192302","chr6","39716795","39717071","32","36475221"
"chr5","76204379","76204675","chr6","39704110","39704403","28","36500269"
"chr5","76217552","76217846","chr16","42446845","42447142","45","33770707"
"chr5","76233430","76233664","chr1","61910793","61911025","44","14322637"
"chr5","76236764","76237075","chr6","39670592","39670912","38","36566172"
"chr5","76243494","76243636","chr18","718362","718502","15","75525132"
"chr5","76271265","76271437","chr3","40769304","40769474","29","35501961"
"chr5","76271517","76271641","chr10","71057988","71058112","20","5213529"
"chr5","76426425","76426722","chr7","129856864","129857173","39","53430439"
"chr5","76434555","76434817","chr6","39480183","39480462","32","36954372"
"chr5","76468298","76468608","chr3","117359933","117360238","36","40891635"
"chr5","76477340","76477586","chr6","39436865","39437106","22","37040475"
"chr5","76552745","76553054","chr6","39353863","39354165","26","37198882"
"chr5","76573095","76573387","chr6","39333717","39334009","28","37239378"
"chr5","76590667","76590864","chr4","167862628","167862830","40","91271961"
"chr5","76635018","76635315","chr14","61533327","61533624","37","15101691"
"chr5","76691346","76691652","chr6","39210643","39210952","23","37480703"
"chr5","76749750","76750012","chr6","39153322","39153584","23","37596428"
"chr5","76759703","76760016","chr6","39143141","39143454","29","37616562"
"chr5","76768175","76768348","chr16","75148418","75148588","25","1619757"
"chr5","76772383","76772683","chr6","39130574","39130865","26","37641809"
"chr5","76790097","76790386","chr2","85412980","85413268","40","8622883"
"chr5","76811295","76811556","chr6","39098809","39099078","27","37712486"
"chr5","76841933","76842210","chr6","166479757","166480032","35","89637824"
"chr5","76950880","76951165","chr6","131932218","131932509","50","54981338"
"chr5","76957527","76957780","chrX","23580602","23580862","40","53376925"
"chr5","76964888","76965175","chr6","38952025","38952306","18","38012863"
"chr5","76965766","76966069","chr6","38951127","38951429","22","38014639"
"chr5","76966559","76966853","chr6","38950336","38950638","24","38016223"
"chr5","76989721","76990027","chr7","90987157","90987466","44","13997436"
"chr5","77017914","77018039","chr14","63814843","63814973","21","13203071"
"chr5","77019000","77019167","chrX","855241","855400","27","76163759"
"chr5","77083982","77084278","chr6","38840105","38840405","32","38243877"
"chr5","77092295","77092540","chr6","38831886","38832117","43","38260409"
"chr5","77100996","77101304","chr6","38826168","38826478","33","38274828"
"chr5","77171725","77172030","chr6","38755522","38755827","30","38416203"
"chr5","77236711","77236894","chr1","51585403","51585587","33","25651308"
"chr5","77253320","77253538","chr10","92062493","92062715","33","14809173"
"chr5","77314659","77314957","chr6","38620118","38620416","33","38694541"
"chr5","77334171","77334467","chr6","38594507","38594811","38","38739664"
"chr5","77484123","77484296","chr19","32197775","32197948","26","45286348"
"chr5","77567228","77567542","chr6","38364917","38365226","37","39202311"
"chr5","77603583","77603829","chr6","38328340","38328569","41","39275243"
"chr5","77621013","77621277","chr4","170011031","170011289","38","92390018"
"chr5","77644224","77644535","chr6","38291710","38292010","32","39352514"
"chr5","77648499","77648802","chr1","97853233","97853535","39","20204734"
"chr5","77700028","77700316","chr6","38234008","38234304","33","39466020"
"chr5","77771029","77771304","chr1","14031631","14031904","35","63739398"
"chr5","77812852","77813151","chr6","32574646","32574945","38","45238206"
"chr5","77824747","77824954","chr9","26650579","26650790","33","51174168"
"chr5","77854389","77854698","chr6","38068375","38068679","25","39786014"
"chr5","77863292","77863587","chr20","1252671","1252968","36","76610621"
"chr5","77864399","77864692","chr6","38057698","38057981","36","39806701"
"chr5","78229337","78229603","chr6","37940535","37940801","17","40288802"
"chr5","78238119","78238189","chr7","158032018","158032086","11","79793899"
"chr5","78244676","78244977","chr6","37925642","37925939","30","40319034"
"chr5","78248614","78248916","chr6","37921118","37921412","36","40327496"
"chr5","78255494","78255794","chr6","37913866","37914159","28","40341628"
"chr5","78280613","78280757","chr10","84186965","84187108","19","5906352"
"chr5","78280759","78280967","chr3","172783026","172783239","31","94502267"
"chr5","78287148","78287440","chr6","37845722","37846031","43","40441426"
"chr5","78291678","78291979","chr1","61459425","61459724","38","16832253"
"chr5","78294793","78295080","chr16","67545727","67546016","38","10749066"
"chr5","78295988","78296272","chr4","18466227","18466514","43","59829761"
"chr5","78300365","78300668","chr6","37834125","37834430","31","40466240"
"chr5","78304891","78305182","chr6","37829959","37830250","32","40474932"
"chr5","78310324","78310629","chr6","37761551","37761852","39","40548773"
"chr5","78311184","78311471","chr19","30979863","30980142","51","47331321"
"chr5","78319000","78319286","chr18","12141293","12141581","34","66177707"
"chr5","78319481","78319776","chr6","37739039","37739326","34","40580442"
"chr5","78320788","78321116","chr2","162322066","162322394","52","84001278"
"chr5","78325231","78325531","chr6","37733316","37733616","21","40591915"
"chr5","78332305","78332474","chr10","84812380","84812547","29","6480075"
"chr5","78332593","78332882","chr6","37725072","37725377","43","40607521"
"chr5","78336092","78336248","chr7","136461566","136461722","33","58125474"
"chr5","78338315","78338608","chr6","37718604","37718897","24","40619711"
"chr5","78342021","78342318","chr6","37714378","37714679","33","40627643"
"chr5","78343420","78343729","chr6","37713100","37713407","37","40630320"
"chr5","78348797","78349106","chr6","37705618","37705926","23","40643179"
"chr5","78353416","78353713","chr6","37701076","37701368","35","40652340"
"chr5","78357484","78357629","chr6","148539873","148540015","23","70182389"
"chr5","78366542","78366712","chr4","159722613","159722784","34","81356071"
"chr5","78374579","78374884","chr16","5719782","5720084","38","72654797"
"chr5","78383263","78383562","chr6","37673265","37673562","32","40709998"
"chr5","78390255","78390554","chr6","37665825","37666138","40","40724430"
"chr5","78390557","78390836","chr6","37665536","37665822","37","40725021"
"chr5","78394447","78394735","chr1","200836750","200837033","38","122442303"
"chr5","78404915","78405166","chr6","37652436","37652686","29","40752479"
"chr5","78411118","78411258","chr4","107394440","107394589","27","28983322"
"chr5","78413850","78413974","chr9","97550947","97551073","9","19137097"
"chr5","78416040","78416273","chr10","71029959","71030194","38","7386081"
"chr5","78434117","78434414","chr6","37620237","37620547","31","40813880"
"chr5","78446535","78446838","chr6","37607431","37607742","33","40839104"
"chr5","78449265","78449561","chr6","20317307","20317607","47","58131958"
"chr5","78461585","78461886","chr8","94510144","94510444","33","16048559"
"chr5","78462472","78462736","chr6","37583404","37583697","49","40879068"
"chr5","78478767","78479066","chr16","9816171","9816470","32","68662596"
"chr5","78481746","78482023","chr6","37563491","37563758","29","40918255"
"chr5","78522246","78522543","chr6","37515586","37515894","31","41006660"
"chr5","78528250","78528487","chr6","37509565","37509787","34","41018685"
"chr5","78546416","78546699","chr6","37490270","37490553","24","41056146"
"chr5","78591946","78592233","chr6","37444989","37445277","29","41146957"
"chr5","78596086","78596391","chr13","2015797","2016098","42","76580289"
"chr5","78606081","78606373","chr6","37429152","37429448","27","41176929"
"chr5","78736624","78736920","chr14","112526592","112526892","36","33789968"
"chr5","78792804","78793077","chr6","37234278","37234559","35","41558526"
"chr5","78793645","78793952","chr14","3991661","3991972","42","74801984"
"chr5","78828458","78828769","chr7","123614361","123614671","44","44785903"
"chr5","78883701","78884023","chr6","37131920","37132244","39","41751781"
"chr5","78897432","78897724","chr6","16702556","16702850","33","62194876"
"chr5","78916068","78916362","chr4","42823211","42823505","34","36092857"
"chr5","78934616","78934957","chr5","37015683","37016014","59","41918933"
"chr5","78968194","78968489","chr6","37051970","37052274","33","41916224"
"chr5","78985581","78985904","chr8","131966023","131966329","50","52980442"
"chr5","79027815","79028107","chr6","36991295","36991590","31","42036520"
"chr5","79049071","79049232","chr18","18548284","18548431","30","60500787"
"chr5","79084251","79084554","chr19","2344835","2345134","37","76739416"
"chr5","79088889","79089182","chr13","63969134","63969428","37","15119755"
"chr5","79098520","79098687","chr10","80683709","80683876","25","1585189"
"chr5","79107470","79107771","chr6","36907224","36907530","28","42200246"
"chr5","79115877","79116189","chr1","166387645","166387949","38","87271768"
"chr5","79126939","79127250","chr6","36887984","36888298","31","42238955"
"chr5","79156511","79156808","chr3","126778998","126779296","42","47622487"
"chr5","79195766","79196059","chr6","36802610","36802903","31","42393156"
"chr5","79199368","79199661","chr6","36799041","36799330","23","42400327"
"chr5","79199717","79199788","chr19","10207852","10207913","19","68991865"
"chr5","79199829","79199952","chr13","86674181","86674307","19","7474352"
"chr5","79253683","79253969","chr6","36738722","36739009","20","42514961"
"chr5","79311324","79311616","chr6","36680769","36681066","33","42630555"
"chr5","79361761","79361990","chr6","36630172","36630403","19","42731589"
"chr5","79433483","79433681","chrX","47018952","47019147","30","32414531"
"chr5","79433916","79434019","chr6","36560457","36560560","8","42873459"
"chr5","79490167","79490459","chr1","112580058","112580347","61","33089891"
"chr5","79538104","79538400","chr6","36454751","36455035","40","43083353"
"chr5","79581756","79582041","chr20","63374772","63375065","34","16206984"
"chr5","79589180","79589481","chr6","36398508","36398810","42","43190672"
"chr5","79624586","79624897","chr1","95476592","95476897","46","15852006"
"chr5","79663450","79663747","chr6","36328097","36328404","32","43335353"
"chr5","79665462","79665778","chr6","36326135","36326448","41","43339327"
"chr5","79704166","79704461","chr6","36287159","36287440","36","43417007"
"chr5","79745895","79746196","chr6","36242877","36243168","36","43503018"
"chr5","79768397","79768706","chr6","36218885","36219200","41","43549512"
"chr5","79802935","79803227","chr6","36183860","36184159","35","43619075"
"chr5","79847729","79848019","chr6","36135711","36136008","28","43712018"
"chr5","79956973","79957283","chr6","36033714","36034022","29","43923259"
"chr5","80000367","80000535","chr5","155599874","155600039","29","75599507"
"chr5","80110687","80110996","chrX","23558557","23558868","35","56552130"
"chr5","80142177","80142471","chr6","44313901","44314193","36","35828276"
"chr5","80166100","80166389","chr2","90478684","90478982","45","10312584"
"chr5","80183803","80183949","chr11","67342046","67342194","22","12841757"
"chr5","80219573","80219860","chr6","120841973","120842265","44","40622400"
"chr5","80238081","80238346","chr6","35765635","35765897","28","44472446"
"chr5","80272619","80272912","chr1","118561871","118562163","31","38289252"
"chr5","80399715","80399870","chr1","161035354","161035507","25","80635639"
"chr5","80415935","80416266","chr6","35579963","35580266","51","44835972"
"chr5","80466211","80466525","chr1","164369856","164370161","44","83903645"
"chr5","80505020","80505154","chr7","40825254","40825387","21","39679766"
"chr5","80505281","80505453","chrX","120507084","120507247","35","40001803"
"chr5","80511963","80512077","chr2","149745994","149746108","24","69234031"
"chr5","80512078","80512110","chr6","137303041","137303079","10","56790963"
"chr5","80546986","80547281","chr15","83703998","83704295","36","3157012"
"chr5","80596097","80596325","chr6","35403665","35403877","33","45192432"
"chr5","80618156","80618444","chr11","50489714","50490005","41","30128442"
"chr5","80636917","80637206","chr6","35367989","35368287","27","45268928"
"chr5","80653400","80653581","chr6","35351850","35352031","8","45301550"
"chr5","80653881","80653960","chr6","35351442","35351519","8","45302439"
"chr5","80656576","80656866","chr6","35348543","35348836","23","45308033"
"chr5","80659957","80660264","chr2","38666762","38667065","38","41993195"
"chr5","80675976","80676282","chr6","35320866","35321176","33","45355110"
"chr5","80687536","80687821","chrX","29339932","29340220","43","51347604"
"chr5","80704727","80705016","chr17","23035596","23035884","40","57669131"
"chr5","80708238","80708541","chr6","35287880","35288176","31","45420358"
"chr5","80769178","80769459","chr6","35230487","35230777","31","45538691"
"chr5","80803511","80803810","chr6","35194598","35194896","26","45608913"
"chr5","80809013","80809253","chr19","376120","376356","46","80432893"
"chr5","80809904","80810183","chr9","59313603","59313873","45","21496301"
"chr5","80812544","80812839","chr9","61919327","61919624","37","18893217"
"chr5","80829455","80829772","chr6","35169036","35169353","21","45660419"
"chr5","80844187","80844499","chr6","35154359","35154672","27","45689828"
"chr5","80848206","80848501","chr8","94510144","94510444","31","13661938"
"chr5","80855376","80855678","chr6","35140882","35141185","27","45714494"
"chr5","80872023","80872327","chr2","84267225","84267531","38","3395202"
"chr5","80896926","80897084","chr1","163388771","163388924","31","82491845"
"chr5","80902904","80903162","chr17","77634238","77634486","45","3268666"
"chr5","80909476","80909765","chr6","35089347","35089644","28","45820129"
"chr5","80913134","80913424","chr3","792352","792641","39","80120782"
"chr5","80916818","80917093","chr6","35081982","35082256","15","45834836"
"chr5","80927602","80927894","chr6","35071152","35071443","37","45856450"
"chr5","80940125","80940407","chr6","35058993","35059277","33","45881132"
"chr5","80952352","80952676","chr6","35046790","35047102","50","45905562"
"chr5","80954301","80954581","chr6","35045194","35045472","30","45909107"
"chr5","80957208","80957504","chr6","49699191","49699492","36","31258017"
"chr5","81064230","81064533","chr3","1691355","1691649","40","79372875"
"chr5","81075426","81075732","chr6","34924366","34924663","32","46151060"
"chr5","81096958","81097244","chr6","34895752","34896036","27","46201206"
"chr5","81126346","81126439","chr20","2323734","2323833","16","78802612"
"chr5","81132378","81132674","chr2","190899536","190899833","46","109767158"
"chr5","81173838","81174122","chr6","34814331","34814608","25","46359507"
"chr5","81194611","81194899","chr7","123499","123787","49","81071112"
"chr5","81250461","81250740","chr6","21245485","21245769","39","60004976"
"chr5","81694201","81694495","chr16","32194782","32195076","31","49499419"
"chr5","81759248","81759544","chr6","34657108","34657404","22","47102140"
"chr5","81830413","81830705","chr6","34578663","34578965","39","47251750"
"chr5","81832333","81832616","chr19","32542601","32542880","44","49289732"
"chr5","81965641","81965954","chr2","202403614","202403920","43","120437973"
"chr5","81991271","81991584","chr6","34416424","34416742","35","47574847"
"chr5","82028800","82028949","chr6","34377171","34377320","17","47651629"
"chr5","82060369","82060569","chr11","8509950","8510149","29","73550419"
"chr5","82079913","82080215","chr6","34324110","34324413","30","47755803"
"chr5","82121181","82121466","chr6","34280691","34280981","36","47840490"
"chr5","82164029","82164325","chr5","97587287","97587587","41","15423258"
"chr5","82187753","82188055","chr1","160634862","160635165","39","78447109"
"chr5","82221522","82221819","chr7","165267923","165268219","36","83046401"
"chr5","82275883","82276178","chr6","34117493","34117769","35","48158390"
"chr5","82359708","82359940","chr7","92605987","92606219","39","10246279"
"chr5","82367040","82367337","chr6","34046731","34047020","34","48320309"
"chr5","82390255","82390562","chr1","131473145","131473453","33","49082890"
"chr5","82460226","82460413","chr6","33952673","33952860","17","48507553"
"chr5","82529126","82529425","chr6","33880153","33880450","23","48648973"
"chr5","82571512","82571817","chr4","43861615","43861916","40","38709897"
"chr5","82599418","82599711","chr1","25647657","25647947","31","56951761"
"chr5","82652921","82653187","chr6","33745727","33746002","36","48907194"
"chr5","82716343","82716629","chr6","33679428","33679719","35","49036915"
"chr5","82764742","82765044","chr7","54800820","54801122","37","27963922"
"chr5","82919737","82920038","chr5","8525683","8525984","35","74394054"
"chr5","82982754","82983063","chr8","133881153","133881465","35","50898399"
"chr5","83050698","83050995","chrX","114883322","114883623","37","31832624"
"chr5","83062725","83062984","chr6","33316900","33317168","30","49745825"
"chr5","83063709","83063995","chr6","33315850","33316134","29","49747859"
"chr5","83066700","83066992","chr6","33313151","33313448","15","49753549"
"chr5","83075332","83075625","chr6","33304164","33304462","25","49771168"
"chr5","83090802","83091044","chr7","77721942","77722191","42","5368860"
"chr5","83128353","83128644","chr12","58399553","58399844","41","24728800"
"chr5","83131988","83132278","chr10","62525467","62525760","45","20606521"
"chr5","83146898","83147220","chr2","184313098","184313421","39","101166200"
"chr5","83166738","83167023","chr15","79894939","79895223","39","3271799"
"chr5","83169358","83169666","chr6","33214918","33215219","34","49954440"
"chr5","83172061","83172366","chrX","130457211","130457521","42","47285150"
"chr5","83189963","83190254","chr11","48892425","48892714","35","34297538"
"chr5","83229342","83229473","chr7","52682488","52682622","13","30546854"
"chr5","83235025","83235336","chr9","63356128","63356439","44","19878897"
"chr5","83252815","83253100","chr5","4890809","4891098","41","78362006"
"chr5","83268800","83269096","chr6","33111681","33111978","20","50157119"
"chr5","83277694","83278004","chr6","33102328","33102636","35","50175366"
"chr5","83288896","83288959","chr19","48230799","48230859","15","35058097"
"chr5","83289906","83290197","chr6","33089902","33090195","29","50200004"
"chr5","83298688","83298983","chr13","14714807","14715101","32","68583881"
"chr5","83335947","83336258","chr15","110442481","110442787","42","27106534"
"chr5","83359810","83360109","chr6","33021740","33022042","28","50338070"
"chr5","83367326","83367633","chr2","29537945","29538251","40","53829381"
"chr5","83387455","83387569","chr3","90078110","90078224","16","6690655"
"chr5","83388843","83389039","chr11","2904691","2904882","36","80484152"
"chr5","83389699","83389977","chr15","357609","357882","41","83032090"
"chr5","83415483","83415777","chr6","158330077","158330362","50","74914594"
"chr5","83416296","83416599","chr16","2834943","2835246","35","80581353"
"chr5","83420858","83421159","chr6","32959924","32960218","27","50460934"
"chr5","83432638","83432949","chrX","39918091","39918400","42","43514547"
"chr5","83449750","83450023","chr6","32932546","32932825","32","50517204"
"chr5","83459200","83459275","chr16","24935048","24935121","12","58524152"
"chr5","83490238","83490525","chr6","32889214","32889513","39","50601024"
"chr5","83505712","83505929","chr6","56511093","56511315","32","26994619"
"chr5","83509103","83509395","chr14","67450355","67450647","39","16058748"
"chr5","83515398","83515699","chr3","55702635","55702927","43","27812763"
"chr5","83516189","83516489","chr6","32859984","32860280","24","50656205"
"chr5","83518418","83518728","chrX","130457211","130457521","29","46938793"
"chr5","83522192","83522500","chr6","32852873","32853166","34","50669319"
"chr5","83524555","83524860","chr13","56657816","56658118","39","26866739"
"chr5","83531509","83531694","chr19","46541767","46541956","25","36989742"
"chr5","83549326","83549621","chr3","162061057","162061355","39","78511731"
"chr5","83568179","83568483","chr6","32807206","32807485","48","50760973"
"chr5","83574688","83574971","chr6","32800077","32800369","34","50774611"
"chr5","83586712","83586811","chr3","151235850","151235951","10","67649138"
"chr5","83588493","83588788","chr6","32786115","32786409","25","50802378"
"chr5","83618051","83618238","chr14","99402859","99403029","50","15784808"
"chr5","83624454","83624742","chr6","32752358","32752627","39","50872096"
"chr5","83636713","83637006","chr7","123571861","123572154","32","39935148"
"chr5","83646311","83646613","chr6","32730960","32731256","20","50915351"
"chr5","83647507","83647803","chr6","32729814","32730108","20","50917693"
"chr5","83675684","83675979","chr6","32700822","32701118","28","50974862"
"chr5","83686295","83686533","chr6","32692076","32692314","14","50994219"
"chr5","83694576","83694888","chr6","32683340","32683650","27","51011236"
"chr5","83697044","83697353","chr6","32680955","32681255","29","51016089"
"chr5","83699248","83699577","chr3","171450118","171450434","49","87750870"
"chr5","83701480","83701657","chr14","4390080","4390244","48","79311400"
"chr5","83710224","83710531","chr6","32663632","32663943","31","51046592"
"chr5","83724235","83724519","chr6","32649950","32650229","38","51074285"
"chr5","83728882","83729197","chr6","32645294","32645609","27","51083588"
"chr5","83739775","83740071","chr6","32634338","32634639","34","51105437"
"chr5","83752341","83752559","chr11","120671283","120671499","34","36918942"
"chr5","83761127","83761412","chr6","32612049","32612327","28","51149078"
"chr5","83765210","83765507","chr3","78817694","78817988","35","4947516"
"chr5","83767693","83768002","chr13","66295813","66296117","44","17471880"
"chr5","83778662","83778957","chr3","36442876","36443174","32","47335786"
"chr5","83789241","83789549","chr6","32580559","32580865","28","51208682"
"chr5","83793023","83793323","chr6","32576958","32577262","20","51216065"
"chr5","83795249","83795550","chr6","32574646","32574945","27","51220603"
"chr5","83802342","83802626","chr6","32568389","32568676","36","51233953"
"chr5","83803986","83804240","chr6","32566753","32567015","28","51237233"
"chr5","83814847","83815146","chr7","43322799","43323092","34","40492048"
"chr5","83815845","83815964","chr4","22120177","22120295","12","61695668"
"chr5","83816252","83816262","chr6","175537758","175537768","1","91721506"
"chr5","83819299","83819483","chr16","23759836","23760016","31","60059463"
"chr5","83833150","83833421","chr6","32537875","32538145","24","51295275"
"chr5","83834635","83834779","chr6","148539873","148540015","23","64705238"
"chr5","83840286","83840538","chr13","88270653","88270911","37","4430367"
"chr5","83849676","83849861","chr11","2904691","2904882","26","80944985"
"chr5","83858160","83858300","chr1","38515935","38516069","21","45342225"
"chr5","83858620","83858794","chr4","73962181","73962351","25","9896439"
"chr5","83858945","83859252","chr6","32513698","32513991","34","51345247"
"chr5","83863087","83863221","chr19","45249393","45249524","14","38613694"
"chr5","83863225","83863532","chr6","32509123","32509430","30","51354102"
"chr5","83874628","83874942","chr6","32496961","32497263","34","51377667"
"chr5","83891060","83891344","chr6","177049221","177049516","39","93158161"
"chr5","83900964","83901265","chr6","32463903","32464200","31","51437061"
"chr5","83902674","83902969","chr3","1691355","1691649","38","82211319"
"chr5","83915422","83915725","chr6","32448495","32448798","26","51466927"
"chr5","83927502","83927788","chr1","39199826","39200107","35","44727676"
"chr5","83927925","83928230","chr1","14463479","14463782","41","69464446"
"chr5","83943166","83943429","chr16","76058788","76059039","49","7884378"
"chr5","83960273","83960580","chr5","49234420","49234719","44","34725853"
"chr5","83984444","83984582","chr16","18855701","18855834","13","65128743"
"chr5","83987070","83987374","chr6","32373317","32373609","33","51613753"
"chr5","83989936","83990249","chr6","32370399","32370707","33","51619537"
"chr5","84010056","84010349","chr6","32348205","32348504","30","51661851"
"chr5","84024805","84025114","chr18","60400901","60401203","34","23623904"
"chr5","84030079","84030214","chr14","9191688","9191822","18","74838391"
"chr5","84030327","84030490","chr15","36679319","36679483","30","47351008"
"chr5","84045243","84045539","chr6","32313731","32314028","28","51731512"
"chr5","84089535","84089835","chrX","101681314","101681609","38","17591779"
"chr5","84099335","84099563","chr3","85468176","85468394","54","1368841"
"chr5","84099564","84099606","chr1","142219534","142219575","5","58119970"
"chr5","84099629","84099670","chr7","95880883","95880923","8","11781254"
"chr5","84111104","84111403","chr6","32246075","32246372","33","51865029"
"chr5","84122763","84122928","chr9","63382622","63382784","32","20740141"
"chr5","84133518","84133820","chr6","75700199","75700500","42","8433319"
"chr5","84135627","84135910","chr6","32221697","32221979","26","51913930"
"chr5","84136515","84136803","chr6","32220465","32220750","29","51916050"
"chr5","84142680","84142972","chr6","32213778","32214071","32","51928902"
"chr5","84156304","84156585","chr6","32199629","32199907","20","51956675"
"chr5","84190419","84190718","chr6","32165570","32165874","23","52024849"
"chr5","84198118","84198261","chr14","56936735","56936872","26","27261383"
"chr5","84217268","84217566","chr4","71515947","71516248","39","12701321"
"chr5","84229434","84229716","chr3","83215010","83215295","44","1014424"
"chr5","84235436","84235635","chr10","36249157","36249361","25","47986279"
"chr5","84266272","84266559","chr5","51876893","51877179","41","32389379"
"chr5","84286969","84287263","chr6","32064938","32065229","22","52222031"
"chr5","84324506","84324735","chr9","93193547","93193778","38","8869041"
"chr5","84364362","84364667","chr7","139825104","139825409","45","55460742"
"chr5","84476464","84476742","chr9","110633099","110633381","38","26156635"
"chr5","84581672","84581969","chr19","35950612","35950908","34","48631060"
"chr5","84585817","84586116","chr6","31756914","31757213","19","52828903"
"chr5","84595257","84595546","chr6","31747367","31747654","22","52847890"
"chr5","84651533","84651829","chrX","134977768","134978064","37","50326235"
"chr5","84873595","84873904","chr4","29093858","29094168","47","55779737"
"chr5","84912586","84912880","chr6","31425719","31426018","37","53486867"
"chr5","84971631","84971927","chr16","2854757","2855052","47","82116874"
"chr5","85174363","85174670","chr4","27056817","27057126","39","58117546"
"chr5","85184042","85184355","chr14","9454773","9455079","37","75729269"
"chr5","85260225","85260440","chr4","16011068","16011288","52","69249157"
"chr5","85313487","85313698","chr6","30965111","30965345","49","54348376"
"chr5","85356250","85356543","chr6","30930484","30930779","26","54425766"
"chr5","85365473","85365765","chr2","192826509","192826803","39","107461036"
"chr5","85406311","85406625","chr6","58107646","58107954","44","27298665"
"chr5","85437851","85438103","chr6","30847092","30847346","28","54590759"
"chr5","85593367","85593537","chr9","98182003","98182169","23","12588636"
"chr5","85613721","85613861","chr7","16748615","16748755","12","68865106"
"chr5","85643611","85643904","chr1","156621353","156621649","33","70977742"
"chr5","85696184","85696489","chr6","30601741","30602054","50","55094443"
"chr5","85858484","85858784","chr3","166005666","166005965","44","80147182"
"chr5","85874427","85874644","chr6","30409616","30409826","33","55464811"
"chr5","85880865","85881040","chr20","22068789","22068968","37","63812076"
"chr5","85882446","85882745","chr6","30399843","30400128","31","55482603"
"chr5","86027662","86027967","chr1","222607830","222608142","43","136580168"
"chr5","86064864","86065141","chr15","40988593","40988874","36","45076271"
"chr5","86082828","86083134","chr7","26853365","26853670","40","59229463"
"chr5","86104728","86105021","chr16","2856492","2856785","42","83248236"
"chr5","86113415","86113716","chr20","14390419","14390716","38","71722996"
"chr5","86125099","86125403","chr6","30130089","30130387","38","55995010"
"chr5","86225773","86226082","chrX","39918091","39918400","36","46307682"
"chr5","86226966","86227305","chr9","110748908","110749244","46","24521942"
"chr5","86648724","86649017","chr15","39460070","39460366","41","47188654"
"chr5","86658335","86658615","chr4","165306787","165307069","45","78648452"
"chr5","86710519","86710617","chr1","14713934","14714033","14","71996585"
"chr5","86710774","86710977","chr1","157125986","157126190","31","70415212"
"chr5","86716716","86716996","chr6","29765806","29766071","41","56950910"
"chr5","86754200","86754490","chr10","47014120","47014425","41","39740080"
"chr5","86780313","86780607","chr3","2986573","2986865","38","83793740"
"chr5","87007020","87007314","chr6","29481630","29481937","38","57525390"
"chr5","87014740","87015030","chrX","66095371","66095668","48","20919369"
"chr5","87029620","87029897","chr5","168370503","168370782","58","81340883"
"chr5","87192755","87193042","chr18","60459178","60459462","38","26733577"
"chr5","87310751","87310996","chr10","82377095","82377338","36","4933656"
"chr5","87397168","87397490","chr6","29086204","29086518","39","58310964"
"chr5","87397657","87397972","chr6","29084581","29084890","33","58313076"
"chr5","87401846","87402102","chr1","148944409","148944678","45","61542563"
"chr5","87436011","87436306","chr6","14489347","14489636","40","72946664"
"chr5","87436929","87437244","chr6","29047212","29047525","34","58389717"
"chr5","87445596","87445885","chr3","84501132","84501422","32","2944464"
"chr5","87448730","87448999","chr11","113104443","113104720","42","25655713"
"chr5","87449565","87449869","chr2","105466815","105467114","42","18017250"
"chr5","87469645","87469932","chr18","60459178","60459462","42","27010467"
"chr5","87469974","87469988","chr1","217667782","217667796","2","130197808"
"chr5","87610634","87610935","chr7","136383812","136384114","39","48773178"
"chr5","87616163","87616344","chr12","28524132","28524309","34","59092031"
"chr5","87617104","87617226","chrX","49085872","49085999","21","38531232"
"chr5","87617227","87617427","chr10","61268396","61268605","42","26348831"
"chr5","87650574","87650849","chr6","28942298","28942554","44","58708276"
"chr5","87674101","87674392","chr6","28917856","28918134","45","58756245"
"chr5","87707097","87707412","chr1","75673607","75673911","52","12033490"
"chr5","87775514","87775820","chr9","96018903","96019206","36","8243389"
"chr5","87792903","87793186","chr6","28809393","28809682","34","58983510"
"chr5","87794410","87794627","chr6","28807951","28808166","26","58986459"
"chr5","87804919","87805231","chr9","26584379","26584690","47","61220540"
"chr5","87805343","87805577","chr10","61029967","61030201","42","26775376"
"chr5","87844367","87844654","chr6","129934590","129934892","50","42090223"
"chr5","87899655","87899938","chrX","46685027","46685314","39","41214628"
"chr5","87901473","87901781","chrX","47839719","47840022","38","40061754"
"chr5","88056592","88056900","chr14","18780037","18780345","44","69276555"
"chr5","88107193","88107474","chr3","49308343","49308623","40","38798850"
"chr5","88430155","88430452","chr12","85011246","85011548","45","3418909"
"chr5","88502335","88502630","chr6","28146583","28146878","35","60355752"
"chr5","88633974","88634264","chr9","98459474","98459765","42","9825500"
"chr5","88659964","88660242","chr6","27988903","27989191","46","60671061"
"chr5","88676729","88676890","chr9","63594908","63595068","29","25081821"
"chr5","88750313","88750596","chr6","27903723","27904006","29","60846590"
"chr5","88810825","88811065","chr6","27846151","27846389","23","60964674"
"chr5","88827309","88827498","chr2","79409462","79409657","35","9417847"
"chr5","88853696","88853988","chr19","13989351","13989646","38","74864345"
"chr5","88895189","88895481","chr7","43067043","43067333","39","45828146"
"chr5","88979891","88980169","chr6","27616388","27616661","35","61363503"
"chr5","88990776","88991063","chr6","27605365","27605660","38","61385411"
"chr5","89099057","89099355","chr1","36905300","36905598","42","52193757"
"chr5","89148732","89149028","chr11","61390638","61390925","67","27758094"
"chr5","89155726","89155796","chrX","25133927","25133999","8","64021799"
"chr5","89369221","89369528","chr16","6464851","6465158","45","82904370"
"chr5","89438154","89438462","chr6","27034218","27034519","42","62403936"
"chr5","89531348","89531648","chr12","65951597","65951896","43","23579751"
"chr5","89591556","89591862","chr4","50406182","50406482","56","39185374"
"chr5","89600974","89601272","chr3","166005666","166005965","36","76404692"
"chr5","89691201","89691319","chr17","10084750","10084869","15","79606451"
"chr5","89692088","89692244","chr10","79681748","79681907","28","10010340"
"chr5","89711912","89712135","chr6","26745592","26745814","22","62966320"
"chr5","89893712","89894007","chrX","114883322","114883623","39","24989610"
"chr5","89896982","89897269","chr6","26545547","26545834","26","63351435"
"chr5","89953261","89953566","chr6","26475100","26475403","33","63478161"
"chr5","90030749","90031044","chr2","113302279","113302568","39","23271530"
"chr5","90044933","90045194","chr16","65886761","65887017","42","24158172"
"chr5","90048291","90048582","chr17","46917367","46917642","48","43130924"
"chr5","90075758","90076067","chr12","57850151","57850455","44","32225607"
"chr5","90163499","90163797","chrX","20000045","20000343","32","70163454"
"chr5","90167568","90167751","chr14","48315903","48316088","26","41851665"
"chr5","90193089","90193387","chr3","55556828","55557129","48","34636261"
"chr5","90210190","90210491","chr7","5537918","5538212","52","84672272"
"chr5","90232452","90232754","chr5","93179263","93179563","41","2946811"
"chr5","90283858","90284148","chr6","26143658","26143954","46","64140200"
"chr5","90306096","90306356","chr6","26120261","26120522","29","64185835"
"chr5","90513939","90514210","chr9","59598259","59598530","42","30915680"
"chr5","90589940","90590213","chr6","25841061","25841341","36","64748879"
"chr5","90620377","90620681","chr16","23745167","23745470","53","66875210"
"chr5","90661532","90661600","chr6","34141226","34141293","7","56520306"
"chr5","90694790","90695096","chr6","25727358","25727668","23","64967432"
"chr5","90726432","90726716","chr15","79894939","79895223","30","10831493"
"chr5","90760349","90760627","chr1","62959932","62960210","39","27800417"
"chr5","90800484","90800796","chr6","25628352","25628666","32","65172132"
"chr5","90846061","90846389","chr9","7689347","7689687","61","83156714"
"chr5","90865698","90866008","chr6","25560407","25560705","40","65305291"
"chr5","90975320","90975627","chr6","25450775","25451081","30","65524545"
"chr5","90997122","90997410","chr7","43067043","43067333","31","47930079"
"chr5","91008429","91008735","chrX","50320300","50320608","45","40688129"
"chr5","91088526","91088766","chr10","17309485","17309726","42","73779041"
"chr5","91203793","91204078","chr6","25217621","25217914","37","65986172"
"chr5","91216330","91216627","chr1","213733726","213734025","47","122517396"
"chr5","91216765","91217001","chr10","30439201","30439436","34","60777564"
"chr5","91354274","91354568","chr20","8006906","8007198","42","83347368"
"chr5","91390729","91390937","chr7","95222121","95222323","34","3831392"
"chr5","91403029","91403332","chr7","152903538","152903853","64","61500509"
"chr5","91443643","91443945","chr4","88410610","88410912","36","3033033"
"chr5","91444551","91444893","chr9","616655","616983","58","90827896"
"chr5","91453444","91453754","chr6","24959637","24959944","35","66493807"
"chr5","91475542","91475669","chr5","141044567","141044691","24","49569025"
"chr5","91479073","91479382","chr6","24934706","24935007","38","66544367"
"chr5","91618775","91619071","chr6","24742691","24742986","27","66876084"
"chr5","91815970","91816277","chr14","112526592","112526892","39","20710622"
"chr5","91839954","91840250","chrX","115930311","115930603","34","24090357"
"chr5","91848450","91848749","chr7","126852396","126852695","45","35003946"
"chr5","91968861","91969177","chr6","24377021","24377327","38","67591840"
"chr5","91996950","91997235","chr18","60459178","60459462","34","31537772"
"chr5","92023149","92023453","chr2","73030327","73030630","40","18992822"
"chr5","92079403","92079711","chr1","214944515","214944819","40","122865112"
"chr5","92135349","92135648","chr6","24274449","24274746","31","67860900"
"chr5","92136252","92136578","chrX","38458514","38458838","53","53677738"
"chr5","92194264","92194565","chr1","7446684","7446982","35","84747580"
"chr5","92280422","92280726","chr6","24120930","24121228","32","68159492"
"chr5","92335553","92335879","chr6","24072626","24072934","48","68262927"
"chr5","92362531","92362653","chrX","117855294","117855417","14","25492763"
"chr5","92386896","92387203","chr20","74959634","74959944","30","17427262"
"chr5","92393020","92393329","chr7","133517656","133517964","48","41124636"
"chr5","92394009","92394137","chr1","223602894","223603024","20","131208885"
"chr5","92394308","92394470","chrX","117720504","117720665","24","25326196"
"chr5","92459302","92459461","chr1","74610219","74610377","25","17849083"
"chr5","92562267","92562581","chr7","37320083","37320394","40","55242184"
"chr5","92569448","92569754","chr5","146391104","146391409","39","53821656"
"chr5","92588450","92588744","chr10","89330144","89330439","33","3258306"
"chr5","92631634","92631936","chr6","75700199","75700500","37","16931435"
"chr5","92720112","92720421","chr10","34548935","34549245","49","58171177"
"chr5","92753994","92754208","chr2","100688017","100688219","40","7934023"
"chr5","92830186","92830472","chr8","26852445","26852726","35","65977741"
"chr5","92842902","92843191","chr6","23560989","23561284","27","69281913"
"chr5","92967379","92967669","chr6","23431641","23431932","40","69535738"
"chr5","93022889","93023168","chr19","3332154","3332428","39","89690735"
"chr5","93023233","93023267","chr1","38101830","38101857","10","54921403"
"chr5","93062231","93062405","chr20","59426524","59426698","24","33635707"
"chr5","93315619","93315919","chr4","110915783","110916091","47","17600164"
"chr5","93324283","93324589","chr8","8903986","8904289","45","84420297"
"chr5","93334356","93334588","chr14","5368793","5369028","33","87965563"
"chr5","93342107","93342414","chr3","21904631","21904931","39","71437476"
"chr5","93415397","93415692","chr7","2877777","2878073","37","90537620"
"chr5","93420704","93420945","chr9","72730444","72730684","31","20690260"
"chr5","93561401","93561703","chr6","11866650","11866952","43","81694751"
"chr5","93628997","93629174","chr7","40672036","40672209","30","52956961"
"chr5","93660652","93660965","chr6","22714556","22714872","31","70946096"
"chr5","93870346","93870526","chr17","27139801","27139981","29","66730545"
"chr5","93872049","93872343","chr6","22551334","22551627","32","71320715"
"chr5","93874874","93875165","chr3","183625410","183625703","39","89750536"
"chr5","93888889","93889167","chr5","56772467","56772747","39","37116422"
"chr5","93936232","93936511","chr11","65130652","65130930","37","28805580"
"chr5","93961932","93962216","chr6","22460002","22460301","38","71501930"
"chr5","93974036","93974333","chr6","22450584","22450885","30","71523452"
"chr5","94125220","94125521","chr10","27030442","27030741","42","67094778"
"chr5","94153080","94153384","chrX","47742571","47742875","37","46410509"
"chr5","94190879","94191185","chr19","2451616","2451922","49","91739263"
"chr5","94195003","94195297","chr1","22949770","22950065","43","71245233"
"chr5","94238705","94238998","chr3","156019664","156019961","42","61780959"
"chr5","94397752","94397857","chr6","156104904","156104999","20","61707152"
"chr5","94398618","94398732","chrX","124155286","124155406","27","29756668"
"chr5","94436861","94437105","chr2","175375719","175375965","44","80938858"
"chr5","94804122","94804435","chr16","56526638","56526950","35","38277484"
"chr5","94863229","94863525","chr6","140129906","140130200","34","45266677"
"chr5","94881855","94882141","chr7","77698309","77698596","39","17183546"
"chr5","94889607","94889899","chr8","125790990","125791274","48","30901383"
"chr5","94898252","94898560","chr3","55556828","55557129","34","39341424"
"chr5","94964515","94964814","chr14","124700416","124700713","47","29735901"
"chr5","94990533","94990826","chr6","21478393","21478686","29","73512140"
"chr5","95068905","95069190","chr4","17949159","17949445","43","77119746"
"chr5","95322335","95322614","chr6","21132970","21133247","28","74189365"
"chr5","95371213","95371439","chr7","161678790","161679013","30","66307577"
"chr5","95466196","95466412","chr9","26650579","26650790","33","68815617"
"chr5","95549979","95550266","chr6","20880944","20881226","37","74669035"
"chr5","95592784","95593036","chr4","168562449","168562704","36","72969665"
"chr5","95643192","95643486","chr19","35282691","35282987","41","60360501"
"chr5","95751926","95752071","chr8","139715527","139715679","21","43963601"
"chr5","95892315","95892565","chr12","120224050","120224301","32","24331735"
"chr5","95894583","95894898","chr6","20521363","20521675","35","75373220"
"chr5","95924318","95924628","chr5","5799269","5799582","37","90125049"
"chr5","95942308","95942607","chr6","20473015","20473301","40","75469293"
"chr5","96093286","96093569","chr6","20327544","20327834","30","75765742"
"chr5","96194727","96195039","chr6","20208562","20208876","38","75986165"
"chr5","96228726","96229016","chr6","20173018","20173301","36","76055708"
"chr5","96287511","96287808","chr6","20126468","20126763","36","76161043"
"chr5","96300728","96300954","chr2","46084052","46084278","36","50216676"
"chr5","96300988","96301297","chr6","20112725","20113030","29","76188263"
"chr5","96306859","96307082","chr19","37253408","37253636","40","59053451"
"chr5","96407847","96408069","chr15","88759449","88759670","36","7648398"
"chr5","96471670","96471820","chr16","2387826","2387969","25","94083844"
"chr5","96480548","96480843","chrX","43910990","43911285","39","52569558"
"chr5","96502411","96502424","chr14","100799751","100799765","3","4297340"
"chr5","96502457","96502584","chr2","69424190","69424316","16","27078267"
"chr5","96590411","96590630","chr11","78391421","78391637","35","18198990"
"chr5","96615168","96615426","chr5","6022015","6022274","47","90593153"
"chr5","96968986","96969295","chr1","25185628","25185931","42","71783358"
"chr5","96991036","96991289","chr6","19412371","19412617","23","77578665"
"chr5","97036623","97036856","chr6","19358941","19359184","38","77677682"
"chr5","97102182","97102488","chr3","174830153","174830453","40","77727971"
"chr5","97126938","97127263","chr6","19255886","19256205","25","77871052"
"chr5","97143705","97144000","chr16","5625017","5625313","36","91518688"
"chr5","97264807","97265116","chr6","19105269","19105580","36","78159538"
"chr5","97266092","97266213","chr10","12462206","12462324","24","84803886"
"chr5","97357740","97358028","chr6","19033480","19033761","27","78324260"
"chr5","97380387","97380678","chr3","55556828","55557129","46","41823559"
"chr5","97495369","97495663","chrX","148090540","148090833","31","50595171"
"chr5","97508341","97508471","chr3","40768859","40768991","18","56739482"
"chr5","97549002","97549306","chr6","93650926","93651219","31","3898076"
"chr5","97554664","97554967","chr4","156797894","156798198","42","59243230"
"chr5","97565383","97565675","chr15","6371105","6371399","39","91194278"
"chr5","97578151","97578450","chr14","22313522","22313826","36","75264629"
"chr5","97603709","97604006","chrX","130555559","130555852","37","32951850"
"chr5","97654152","97654450","chr6","93754580","93754877","31","3899572"
"chr5","97663558","97663853","chr1","123655358","123655653","34","25991800"
"chr5","97692171","97692479","chr16","54135214","54135528","36","43556957"
"chr5","97711792","97712080","chr4","32797120","32797410","41","64914672"
"chr5","97724874","97725147","chr6","93828039","93828314","26","3896835"
"chr5","97742710","97743007","chr6","93846015","93846311","29","3896695"
"chr5","97744388","97744692","chrX","3060736","3061038","43","94683652"
"chr5","97752978","97753275","chr6","93857535","93857833","34","3895443"
"chr5","97766383","97766663","chr4","42823211","42823505","46","54943172"
"chr5","97775666","97775961","chr15","18383931","18384228","41","79391735"
"chr5","97807705","97807999","chr5","93179263","93179563","30","4628442"
"chr5","97813422","97813715","chr6","93921228","93921523","23","3892194"
"chr5","97825058","97825362","chr6","93933014","93933312","22","3892044"
"chr5","97887270","97887575","chr6","94000334","94000636","36","3886936"
"chr5","98010542","98010837","chr6","94124903","94125210","26","3885639"
"chr5","98011775","98012082","chr6","94126149","94126459","31","3885626"
"chr5","98032284","98032578","chr9","95339734","95340019","39","2692550"
"chr5","98049188","98049480","chr10","80571088","80571379","44","17478100"
"chr5","98106416","98106714","chr6","94223525","94223824","28","3882891"
"chr5","98391129","98391419","chr16","66934515","66934809","44","31456614"
"chr5","98435332","98435638","chr7","113559810","113560113","37","15124478"
"chr5","98496590","98496849","chr6","94608628","94608903","33","3887962"
"chr5","98589045","98589325","chr13","64203278","64203557","37","34385767"
"chr5","98607816","98608119","chrX","20000045","20000343","40","78607771"
"chr5","98770494","98770735","chr1","110938395","110938631","41","12167901"
"chr5","98787453","98787767","chr6","94887591","94887908","35","3899862"
"chr5","98937314","98937627","chr6","95025900","95026210","30","3911414"
"chr5","99081928","99082221","chr3","2986573","2986865","41","96095355"
"chr5","99094203","99094474","chr7","24504478","24504767","45","74589725"
"chr5","99144057","99144372","chr6","95183829","95184147","44","3960228"
"chr5","99319215","99319345","chr8","79499448","79499575","20","19819767"
"chr5","99484184","99484486","chr13","66065398","66065699","41","33418786"
"chr5","99575117","99575415","chr9","25083503","25083798","31","74491614"
"chr5","99703784","99704085","chr6","95776648","95776947","26","3927136"
"chr5","99708301","99708590","chr11","98543635","98543933","40","1164666"
"chr5","99739055","99739320","chr6","95816331","95816599","33","3922724"
"chr5","99748995","99749287","chr4","26395179","26395468","34","73353816"
"chr5","99786579","99786879","chr7","18502191","18502489","36","81284388"
"chr5","99796009","99796316","chr13","25494928","25495234","33","74301081"
"chr5","99814164","99814465","chr6","95892650","95892938","36","3921514"
"chr5","99822868","99823164","chr7","18502191","18502489","35","81320677"
"chr5","99847529","99847826","chr6","95925506","95925815","41","3922023"
"chr5","99849063","99849368","chr3","174331318","174331620","30","74482255"
"chr5","99871569","99871861","chr1","114701945","114702241","35","14830376"
"chr5","99887863","99888151","chr6","96018834","96019125","21","3869029"
"chr5","99907341","99907634","chr6","96031587","96031880","30","3875754"
"chr5","99919493","99919790","chr6","96043781","96044078","30","3875712"
"chr5","100002760","100003065","chr19","34879576","34879885","40","65123184"
"chr5","100024483","100024764","chr6","137367883","137368166","41","37343400"
"chr5","100135032","100135262","chr18","1792147","1792370","47","98342885"
"chr5","100135298","100135366","chr3","53166997","53167063","11","46968301"
"chr5","100169408","100169681","chr4","36539070","36539346","39","63630338"
"chr5","100181441","100181690","chr1","41686550","41686797","36","58494891"
"chr5","100186123","100186429","chr1","17831407","17831712","40","82354716"
"chr5","100518285","100518590","chr6","96823288","96823577","38","3694997"
"chr5","100556379","100556631","chr6","96861043","96861290","27","3695336"
"chr5","100612880","100613170","chr10","37556074","37556363","41","63056806"
"chr5","100865284","100865590","chr6","97246928","97247225","35","3618356"
"chr5","100887507","100887799","chr6","97266538","97266843","37","3620969"
"chr5","100926245","100926548","chr6","97301339","97301636","38","3624906"
"chr5","100934493","100934795","chr14","112526592","112526892","44","11592099"
"chr5","101018470","101018728","chr3","39465805","39466069","54","61552665"
"chr5","101019041","101019371","chr10","63827963","63828290","37","37191078"
"chr5","101253079","101253369","chr6","96567744","96568050","40","4685335"
"chr5","101273835","101274142","chr6","96539478","96539789","34","4734357"
"chr5","101295666","101295884","chr4","116777080","116777297","34","15481414"
"chr5","101472288","101472573","chr1","70325203","70325488","42","31147085"
"chr5","101497268","101497568","chr6","97621947","97622248","34","3875321"
"chr5","101572913","101573218","chr6","97721760","97722069","36","3851153"
"chr5","101705229","101705523","chr1","39916413","39916711","38","61788816"
"chr5","101835569","101835897","chr17","21231075","21231385","58","80604494"
"chr5","101838186","101838492","chr6","98005904","98006227","37","3832282"
"chr5","101932613","101932890","chr6","15392877","15393150","46","86539736"
"chr5","102020847","102021143","chr6","98166807","98167104","31","3854040"
"chr5","102094541","102094769","chr6","98252404","98252631","21","3842137"
"chr5","102120845","102121022","chrX","49106487","49106662","31","53014358"
"chr5","102121325","102121461","chr3","46873715","46873849","16","55247610"
"chr5","102158315","102158604","chr6","98313061","98313363","29","3845254"
"chr5","102491744","102492028","chr3","69256946","69257226","44","33234798"
"chr5","102501248","102501550","chr6","98795548","98795853","44","3705700"
"chr5","103037575","103037818","chr6","99244469","99244702","27","3793106"
"chr5","103182983","103183269","chr16","15837110","15837391","36","87345873"
"chr5","103232662","103232973","chr6","99438724","99439037","34","3793938"
"chr5","103301639","103301942","chr6","99525318","99525623","21","3776321"
"chr5","103309225","103309531","chr6","99533055","99533359","25","3776170"
"chr5","103341978","103342273","chr10","25184691","25184985","43","78157287"
"chr5","103345506","103345786","chr6","99570900","99571181","24","3774606"
"chr5","103348300","103348611","chr1","3081963","3082273","54","100266337"
"chr5","103593456","103593754","chr2","69273471","69273769","34","34319985"
"chr5","103985948","103986239","chr6","100206677","100206954","47","3779271"
"chr5","104120220","104120532","chr7","67218976","67219283","42","36901244"
"chr5","104158262","104158528","chr16","68671374","68671642","58","35486888"
"chr5","104191646","104191946","chr6","100458040","100458339","23","3733606"
"chr5","104213079","104213303","chr7","27280054","27280277","37","76933025"
"chr5","104236848","104237157","chr15","102740273","102740571","40","1496575"
"chr5","104394057","104394359","chr6","79562262","79562569","41","24831795"
"chr5","104459245","104459546","chr6","100724171","100724454","33","3735074"
"chr5","104536675","104536974","chr6","100801875","100802177","31","3734800"
"chr5","104625455","104625637","chr11","62490821","62491000","23","42134634"
"chr5","104639892","104640182","chr1","9182014","9182306","33","95457878"
"chr5","104740274","104740585","chr2","204095697","204096003","40","99355423"
"chr5","104772007","104772311","chr16","54990041","54990342","36","49781966"
"chr5","104826111","104826261","chr4","44129939","44130089","22","60696172"
"chr5","104826533","104826677","chr16","7994900","7995042","14","96831633"
"chr5","104871495","104871797","chr16","23838320","23838626","38","81033175"
"chr5","104876834","104876987","chr5","1801383","1801540","33","103075451"
"chr5","104921151","104921443","chr2","95249993","95250288","37","9671158"
"chr5","104937489","104937802","chr6","101227879","101228181","30","3709610"
"chr5","105071105","105071301","chr18","1029987","1030198","48","104041118"
"chr5","105145022","105145314","chr3","165332839","165333127","49","60187817"
"chr5","105281376","105281541","chr10","46557810","46557965","36","58723566"
"chr5","105281587","105281758","chrX","95100361","95100524","31","10181226"
"chr5","105283637","105283948","chr12","106103474","106103785","38","819837"
"chr5","105352373","105352689","chr16","31210925","31211235","55","74141448"
"chr5","105357761","105358077","chr6","101628740","101629056","29","3729021"
"chr5","105367189","105367482","chr6","101638502","101638794","14","3728687"
"chr5","105439899","105440207","chr14","32762154","32762462","47","72677745"
"chr5","105499330","105499620","chr3","117457111","117457407","53","11957781"
"chr5","105526807","105527117","chr6","101796519","101796829","23","3730288"
"chr5","105557490","105557688","chr7","49412007","49412208","40","56145483"
"chr5","105567160","105567390","chr16","44382036","44382269","39","61185124"
"chr5","105847530","105847822","chr6","102424177","102424458","36","3423353"
"chr5","105918484","105918786","chr6","102209100","102209398","38","3709384"
"chr5","105993509","105993684","chr11","122457829","122458007","32","16464320"
"chr5","106004315","106004625","chr9","57539892","57540201","42","48464423"
"chr5","106121065","106121357","chr6","102424177","102424458","36","3696888"
"chr5","106371183","106371490","chr14","19806744","19807041","65","86564439"
"chr5","106584865","106585156","chr5","7365971","7366261","45","99218894"
"chr5","106620083","106620373","chr6","102943435","102943718","29","3676648"
"chr5","106673107","106673403","chr6","102995270","102995567","29","3677837"
"chr5","106685875","106686188","chr16","53811526","53811844","48","52874349"
"chr5","106687184","106687465","chr6","103008516","103008809","38","3678668"
"chr5","106699927","106700220","chr17","23506676","23506958","40","83193251"
"chr5","106711456","106711727","chr6","103025867","103026140","29","3685589"
"chr5","107011763","107012069","chr2","108406683","108406989","35","1394920"
"chr5","107012515","107012649","chr6","103255463","103255596","18","3757052"
"chr5","107108104","107108368","chr6","47441609","47441877","27","59666495"
"chr5","107143035","107143289","chr6","52056977","52057228","35","55086058"
"chr5","107150175","107150515","chr3","172503451","172503787","53","65353276"
"chr5","107276267","107276570","chr1","113316039","113316346","42","6039772"
"chr5","107449065","107449367","chr1","9601563","9601859","59","97847502"
"chr5","107463699","107463977","chr6","103721683","103721961","38","3742016"
"chr5","107483426","107483695","chr6","103744403","103744676","26","3739023"
"chr5","107559904","107560224","chr7","162498606","162498914","47","54938702"
"chr5","107700911","107701204","chr6","103947929","103948223","25","3752982"
"chr5","107972416","107972532","chrX","8656290","8656402","13","99316126"
"chr5","107991244","107991549","chr6","104277095","104277403","26","3714149"
"chr5","108007076","108007366","chr6","104293076","104293372","34","3714000"
"chr5","108337123","108337431","chr19","32168884","32169192","50","76168239"
"chr5","108408799","108409097","chr6","104652606","104652917","36","3756193"
"chr5","108417162","108417414","chr7","544667","544919","38","107872495"
"chr5","108430537","108430789","chrX","12089686","12089933","48","96340851"
"chr5","108491727","108492017","chr19","45915827","45916125","42","62575900"
"chr5","108533011","108533314","chr19","20676318","20676616","43","87856693"
"chr5","108630470","108630736","chr16","68772362","68772622","55","39858108"
"chr5","108660573","108660865","chr6","104907634","104907926","25","3752939"
"chr5","108741326","108741582","chr19","6958890","6959145","44","101782436"
"chr5","108882227","108882522","chr6","105143788","105144082","25","3738439"
"chr5","108901765","108902051","chr6","105167993","105168289","32","3733772"
"chr5","108967412","108967720","chr6","105234648","105234956","18","3732764"
"chr5","109172539","109172834","chr3","162041158","162041458","40","52868619"
"chr5","109278018","109278281","chr6","105551842","105552113","26","3726176"
"chr5","109333206","109333508","chr5","87042041","87042340","38","22291165"
"chr5","109364674","109364910","chr3","50587635","50587882","38","58777039"
"chr5","109498261","109498575","chrX","15989207","15989511","45","93509054"
"chr5","109559386","109559673","chr6","105913843","105914138","40","3645543"
"chr5","109700093","109700389","chr2","107422966","107423258","39","2277127"
"chr5","109707632","109707705","chr1","223107670","223107728","26","113400038"
"chr5","109764927","109765231","chr6","106110220","106110506","37","3654707"
"chr5","109871755","109872059","chr6","106225342","106225650","35","3646413"
"chr5","109928578","109928822","chr3","148300947","148301184","44","38372369"
"chr5","109933667","109933979","chr6","106286316","106286623","26","3647351"
"chr5","110001054","110001339","chr14","17820462","17820748","42","92180592"
"chr5","110338814","110338963","chr3","20732648","20732801","33","89606166"
"chr5","110351293","110351388","chr1","20628345","20628440","17","89722948"
"chr5","110482596","110482901","chr14","20002938","20003246","38","90479658"
"chr5","110492939","110493228","chr6","106828179","106828476","31","3664760"
"chr5","110505084","110505233","chr4","108162884","108163039","20","2342200"
"chr5","110562316","110562620","chr1","222607830","222608142","37","112045514"
"chr5","110577794","110578097","chr6","106917155","106917466","30","3660639"
"chr5","110578611","110578919","chr20","18261015","18261326","31","92317596"
"chr5","110581393","110581683","chr6","106918219","106918513","29","3663174"
"chr5","110591451","110591744","chr20","41071945","41072241","34","69519506"
"chr5","110593267","110593549","chr6","106938655","106938936","19","3654612"
"chr5","110644382","110644499","chr1","130697021","130697139","13","20052639"
"chr5","110644500","110644530","chr6","137303041","137303079","11","26658541"
"chr5","110645495","110645597","chr17","11926089","11926190","11","98719406"
"chr5","110757966","110758238","chr6","107098395","107098662","20","3659571"
"chr5","110760165","110760455","chr11","116765552","116765846","37","6005387"
"chr5","110786596","110786912","chr6","107121662","107121974","44","3664934"
"chr5","110862507","110862681","chr14","26256949","26257125","32","84605558"
"chr5","110862848","110862945","chr3","151235850","151235951","12","40373002"
"chr5","110881506","110881798","chr6","107218087","107218369","31","3663419"
"chr5","110927283","110927555","chr11","110222626","110222903","53","704657"
"chr5","110954885","110955181","chr6","107282483","107282775","33","3672402"
"chr5","110980945","110981253","chr16","711028","711326","41","110269917"
"chr5","111054846","111055158","chr9","119859912","119860223","51","8805066"
"chr5","111188944","111189248","chr6","107519147","107519455","33","3669797"
"chr5","111253943","111254233","chr6","107590210","107590511","45","3663733"
"chr5","111320378","111320529","chr3","61255547","61255702","25","50064831"
"chr5","111529923","111530228","chr6","107844369","107844669","33","3685554"
"chr5","111546436","111546737","chr6","107860135","107860441","25","3686301"
"chr5","111551749","111552046","chr6","107865423","107865730","33","3686326"
"chr5","111552074","111552088","chr2","163111969","163111983","2","51559895"
"chr5","111696169","111696467","chr6","108017911","108018209","28","3678258"
"chr5","111850395","111850700","chr6","108163009","108163312","27","3687386"
"chr5","111994321","111994495","chr20","59426524","59426698","34","52567797"
"chr5","111997626","111997915","chr14","49891007","49891295","39","62106619"
"chr5","112084283","112084602","chr5","122831638","122831948","66","10747355"
"chr5","112099567","112099875","chrX","112898131","112898434","32","798564"
"chr5","112113505","112113676","chr1","14649363","14649537","28","97464142"
"chr5","112268539","112268831","chr6","108558403","108558700","38","3710136"
"chr5","112379967","112380244","chr6","108677587","108677870","35","3702380"
"chr5","112457795","112458102","chr1","131473145","131473453","36","19015350"
"chr5","112559916","112560220","chr6","108815985","108816297","29","3743931"
"chr5","112564425","112564649","chr13","94935954","94936168","40","17628471"
"chr5","112588267","112588566","chr6","108843165","108843446","35","3745102"
"chr5","112681835","112682132","chr10","13328299","13328605","37","99353536"
"chr5","112694509","112694802","chr14","15756054","15756351","39","96938455"
"chr5","112710277","112710572","chr1","128612759","128613052","38","15902482"
"chr5","112771800","112772109","chr6","109019280","109019592","38","3752520"
"chr5","112856161","112856318","chr16","70039632","70039788","28","42816529"
"chr5","113133236","113133553","chr14","104809864","104810174","43","8323372"
"chr5","113246485","113246753","chr6","109485129","109485396","22","3761356"
"chr5","113310471","113310765","chr7","43322799","43323092","35","69987672"
"chr5","113316444","113316636","chr13","64990371","64990560","27","48326073"
"chr5","113376479","113376786","chr6","109614423","109614729","29","3762056"
"chr5","113386078","113386358","chrX","123750327","123750609","40","10364249"
"chr5","113431955","113432247","chr6","109668300","109668602","31","3763655"
"chr5","113528789","113529087","chr6","109764356","109764655","27","3764433"
"chr5","113591879","113592023","chr7","16965450","16965596","28","96626429"
"chr5","113736729","113737014","chr6","109988177","109988460","25","3748552"
"chr5","113886054","113886327","chr17","78681927","78682184","51","35204127"
"chr5","113891449","113891744","chr6","110147532","110147822","31","3743917"
"chr5","113931884","113932193","chr15","47940488","47940790","43","65991396"
"chr5","113949636","113949941","chr6","110211691","110211993","23","3737945"
"chr5","113980419","113980731","chr16","53218829","53219134","37","60761590"
"chr5","114000161","114000466","chr6","110264455","110264753","28","3735706"
"chr5","114036777","114037075","chr6","69849249","69849546","35","44187528"
"chr5","114038203","114038497","chr16","5048763","5049058","33","108989440"
"chr5","114068655","114068963","chr6","110333881","110334202","33","3734774"
"chr5","114080767","114081082","chr7","169588830","169589125","57","55508063"
"chr5","114093779","114094064","chr6","110360731","110361007","37","3733048"
"chr5","114109969","114110268","chr4","115563678","115563976","35","1453709"
"chr5","114118809","114119047","chr19","376120","376356","37","113742689"
"chr5","114119052","114119344","chr3","9901815","9902119","47","104217237"
"chr5","114123707","114124014","chr15","42266168","42266476","38","71857539"
"chr5","114125595","114125903","chr6","110386866","110387197","45","3738729"
"chr5","114145898","114146191","chr15","39460070","39460366","52","74685828"
"chr5","114175838","114176053","chr11","118500754","118500968","48","4324916"
"chr5","114200669","114200969","chr19","41682464","41682765","36","72518205"
"chr5","114263784","114264091","chr1","23689242","23689547","35","90574542"
"chr5","114267911","114268147","chr14","5368793","5369028","36","108899118"
"chr5","114268756","114269050","chr6","110524021","110524329","41","3744735"
"chr5","114269072","114269272","chr15","14166693","14166892","28","100102379"
"chr5","114296212","114296517","chr6","110552281","110552588","32","3743931"
"chr5","114361457","114361731","chr6","110618134","110618404","19","3743323"
"chr5","114407576","114407842","chr1","126126926","126127199","42","11719350"
"chr5","114427339","114427471","chr16","67963199","67963331","13","46464140"
"chr5","114474044","114474177","chr6","110733445","110733580","12","3740599"
"chr5","114474481","114474639","chr6","110733883","110734030","22","3740598"
"chr5","114476934","114477234","chr6","110736688","110736983","19","3740246"
"chr5","114484132","114484439","chr1","221300814","221301119","31","106816682"
"chr5","114489564","114489859","chr5","169145976","169146273","35","54656412"
"chr5","114516627","114516937","chr6","110781992","110782297","29","3734635"
"chr5","114580511","114580817","chr9","26629270","26629573","37","87951241"
"chr5","114665931","114666228","chr6","110938615","110938917","28","3727316"
"chr5","114791771","114792074","chr3","123607450","123607753","40","8815679"
"chr5","114840988","114841275","chr6","111105199","111105474","35","3735789"
"chr5","114847360","114847568","chr4","160315633","160315842","36","45468273"
"chr5","114847589","114847846","chrX","113227375","113227627","35","1620214"
"chr5","114861375","114861443","chr6","34141226","34141293","6","80720149"
"chr5","115058059","115058348","chr6","111300934","111301230","22","3757125"
"chr5","115076759","115077064","chrX","39918091","39918400","48","75158668"
"chr5","115089188","115089408","chr1","62928740","62928959","43","52160448"
"chr5","115192248","115192558","chr7","113559810","113560113","35","1632438"
"chr5","115344500","115344788","chr6","111593497","111593782","34","3751003"
"chr5","115467210","115467503","chr6","111709651","111709952","33","3757559"
"chr5","115482124","115482416","chr6","111724508","111724793","33","3757616"
"chr5","115611853","115611976","chr7","56497314","56497433","28","59114539"
"chr5","115625418","115625731","chr6","111872177","111872484","41","3753241"
"chr5","115826119","115826413","chr6","112062331","112062634","33","3763788"
"chr5","115851576","115851885","chr17","7387862","7388177","40","108463714"
"chr5","115976945","115977250","chr4","16694724","16695028","39","99282221"
"chr5","116172946","116173218","chr19","7264855","7265126","35","108908091"
"chr5","116175116","116175423","chr6","178314615","178314923","41","62139499"
"chr5","116239818","116240121","chr6","112512873","112513177","30","3726945"
"chr5","116260601","116260864","chr16","3488373","3488639","39","112772228"
"chr5","116299796","116299966","chr2","109860290","109860448","36","6439506"
"chr5","116307632","116307896","chr6","47441609","47441877","34","68866023"
"chr5","116327751","116328042","chr6","112611773","112612068","30","3715978"
"chr5","116398818","116399107","chr11","47153537","47153828","41","69245281"
"chr5","116402254","116402570","chr7","127147811","127148124","49","10745557"
"chr5","116508213","116508515","chrX","110604131","110604430","36","5904082"
"chr5","116531413","116531700","chr6","112836356","112836658","36","3695057"
"chr5","116561774","116562078","chr1","93505580","93505880","36","23056194"
"chr5","116765394","116765689","chr3","36442876","36443174","35","80322518"
"chr5","116785514","116785756","chr16","9675962","9676190","46","107109552"
"chr5","116841292","116841590","chr6","113184739","113185044","33","3656553"
"chr5","116926907","116927167","chr6","113284729","113284995","33","3642178"
"chr5","116949698","116949998","chr6","113307697","113307998","41","3642001"
"chr5","116987736","116987924","chr1","24598421","24598615","46","92389315"
"chr5","116995976","116996275","chr6","113354587","113354884","19","3641389"
"chr5","117018565","117018855","chr6","67364171","67364463","37","49654394"
"chr5","117055813","117056118","chr6","113413122","113413428","39","3642691"
"chr5","117261111","117261409","chr6","113667110","113667417","33","3594001"
"chr5","117404694","117404913","chr4","116777080","116777297","39","627614"
"chr5","117428954","117429237","chr12","113818822","113819105","34","3610132"
"chr5","117434463","117434758","chr6","113936481","113936760","29","3497982"
"chr5","117450985","117451274","chr1","130877988","130878276","38","13427003"
"chr5","117470309","117470603","chr6","113966683","113966998","51","3503626"
"chr5","117554762","117555056","chr6","114056645","114056943","22","3498117"
"chr5","117580636","117580949","chr6","114084811","114085119","34","3495825"
"chr5","117606659","117606806","chr6","56602654","56602794","24","61004005"
"chr5","117647458","117647752","chr19","12944785","12945075","37","104702673"
"chr5","117687618","117687926","chr6","114193643","114193947","29","3493975"
"chr5","117744048","117744327","chr8","142242840","142243113","47","24498792"
"chr5","117760318","117760623","chr6","114268044","114268348","20","3492274"
"chr5","117847235","117847531","chr6","114355139","114355452","41","3492096"
"chr5","117849868","117850061","chr7","139255885","139256076","24","21406017"
"chr5","117854988","117855100","chrX","127885638","127885748","18","10030650"
"chr5","117925300","117925456","chr6","177341736","177341880","27","59416436"
"chr5","117928162","117928233","chr6","67382192","67382262","8","50545970"
"chr5","117967345","117967469","chr18","52387820","52387948","21","65579525"
"chr5","117995469","117995570","chr1","12222923","12223022","14","105772546"
"chr5","117997471","117997764","chr9","87097821","87098125","45","30899650"
"chr5","117999193","117999498","chr6","114511196","114511482","48","3487997"
"chr5","118027091","118027402","chr6","114541239","114541550","35","3485852"
"chr5","118035768","118035987","chr3","127226307","127226510","44","9190539"
"chr5","118089131","118089424","chr6","114606937","114607221","32","3482194"
"chr5","118131257","118131550","chr6","114647425","114647698","42","3483832"
"chr5","118309475","118309631","chr19","16091386","16091542","24","102218089"
"chr5","118344098","118344414","chrX","17563383","17563690","44","100780715"
"chr5","118369379","118369671","chr2","160932709","160933003","40","42563330"
"chr5","118410584","118410868","chr6","148052747","148053028","42","29642163"
"chr5","118410898","118410926","chr3","47207655","47207683","6","71203243"
"chr5","118675607","118675912","chr6","115250931","115251227","39","3424676"
"chr5","118720140","118720282","chr7","16748615","16748755","19","101971525"
"chr5","118824791","118824912","chr1","65543548","65543663","22","53281243"
"chr5","118983955","118984253","chr10","37249410","37249706","47","81734545"
"chr5","119035628","119035917","chr6","115586398","115586687","19","3449230"
"chr5","119118494","119118780","chr13","92379163","92379449","39","26739331"
"chr5","119133553","119133863","chr11","29468586","29468893","43","89664967"
"chr5","119195720","119196006","chr1","23012536","23012820","39","96183184"
"chr5","119260162","119260458","chr19","3937494","3937794","34","115322668"
"chr5","119317723","119318022","chr6","129934590","129934892","36","10616867"
"chr5","119364811","119364993","chr7","166240262","166240432","43","46875451"
"chr5","119430620","119430876","chr13","54517028","54517284","38","64913592"
"chr5","119518122","119518416","chr1","77921853","77922155","51","41596269"
"chr5","119577726","119578028","chr6","116117960","116118267","35","3459766"
"chr5","119721089","119721394","chr5","185494948","185495255","36","65773859"
"chr5","119888380","119888698","chr9","13859323","13859634","59","106029057"
"chr5","119890080","119890381","chr6","116443475","116443773","29","3446605"
"chr5","119897902","119898039","chr7","16748615","16748755","17","103149287"
"chr5","119898041","119898129","chr4","21265605","21265692","12","98632436"
"chr5","119955769","119956067","chrX","49064601","49064897","40","70891168"
"chr5","120006574","120006846","chr6","116613454","116613735","35","3393120"
"chr5","120073348","120073612","chr6","88360747","88361027","54","31712601"
"chr5","120149153","120149452","chrX","20000045","20000343","41","100149108"
"chr5","120154497","120154800","chr6","116764893","116765196","18","3389604"
"chr5","120160075","120160390","chr6","116773476","116773784","42","3386599"
"chr5","120170313","120170445","chr13","27092086","27092220","20","93078227"
"chr5","120170447","120170550","chr14","33523668","33523767","16","86646779"
"chr5","120176652","120176814","chr16","71840560","71840723","25","48336092"
"chr5","120187172","120187329","chr1","74610219","74610377","26","45576953"
"chr5","120197737","120197871","chr10","71389735","71389870","16","48808002"
"chr5","120202838","120203137","chr8","31261984","31262282","44","88940854"
"chr5","120209949","120210179","chr20","260294","260520","34","119949655"
"chr5","120213684","120213843","chr1","21779699","21779859","23","98433985"
"chr5","120214529","120214595","chr19","48230799","48230859","18","71983730"
"chr5","120215189","120215481","chrX","47637274","47637566","45","72577915"
"chr5","120216225","120216522","chr20","54561107","54561400","30","65655118"
"chr5","120241620","120241903","chr6","116856614","116856911","29","3385006"
"chr5","120268710","120268959","chr6","116881315","116881568","32","3387395"
"chr5","120270546","120270843","chr2","95678076","95678368","38","24592470"
"chr5","120346720","120347008","chr3","61453265","61453553","37","58893455"
"chr5","120352848","120353139","chrX","103770263","103770563","35","16582585"
"chr5","120540228","120540464","chrX","29984138","29984374","28","90556090"
"chr5","120547975","120548282","chr6","117144829","117145137","30","3403146"
"chr5","120551404","120551709","chr6","117148252","117148551","37","3403152"
"chr5","120554871","120555186","chr13","48894338","48894647","54","71660533"
"chr5","120559492","120559794","chr6","117156333","117156635","32","3403159"
"chr5","120573668","120573968","chr8","64112492","64112797","32","56461176"
"chr5","120579965","120580258","chr6","117177095","117177393","30","3402870"
"chr5","120648559","120648853","chr6","117226721","117227021","29","3421838"
"chr5","120671870","120672049","chr3","36859317","36859495","27","83812553"
"chr5","120965249","120965535","chr6","117528558","117528868","36","3436691"
"chr5","121016516","121016798","chr6","117585995","117586278","24","3430521"
"chr5","121128740","121128843","chr20","21802714","21802813","19","99326026"
"chr5","121128866","121128939","chr6","170580976","170581050","14","49452110"
"chr5","121163163","121163445","chr6","117732154","117732451","43","3431009"
"chr5","121185052","121185359","chr6","117756143","117756440","35","3428909"
"chr5","121225109","121225412","chr11","48147631","48147935","43","73077478"
"chr5","121241730","121242028","chr11","118643645","118643938","43","2598085"
"chr5","121257372","121257670","chr14","15756054","15756351","32","105501318"
"chr5","121387939","121388164","chr9","39597501","39597732","60","81790438"
"chr5","121513423","121513736","chr9","89474502","89474813","35","32038921"
"chr5","121566558","121566842","chr3","37042013","37042306","42","84524545"
"chr5","121658702","121658980","chr20","32205318","32205599","47","89453384"
"chr5","121717992","121718297","chr11","121216324","121216626","34","501668"
"chr5","121917765","121918065","chr6","118492527","118492833","33","3425238"
"chr5","121926538","121926833","chr6","118501312","118501598","41","3425226"
"chr5","121996217","121996508","chr7","84112350","84112645","44","37883867"
"chr5","121999416","121999690","chr19","4986744","4987012","60","117012672"
"chr5","122045739","122046007","chr6","118612886","118613158","28","3432853"
"chr5","122052588","122052874","chr7","115166320","115166604","41","6886268"
"chr5","122055134","122055426","chr6","57264088","57264386","41","64791046"
"chr5","122640369","122640683","chr2","202398236","202398545","45","79757867"
"chr5","122642515","122642542","chr1","155288590","155288615","4","32646075"
"chr5","122642570","122642853","chr1","13471711","13471993","45","109170859"
"chr5","122673601","122673834","chr9","93284979","93285214","29","29388622"
"chr5","122710314","122710606","chr1","34876706","34877001","36","87833608"
"chr5","122712919","122713206","chr3","75938515","75938804","42","46774404"
"chr5","122728582","122728868","chr3","124575436","124575725","35","1846854"
"chr5","122749038","122749314","chr6","119295766","119296042","21","3453272"
"chr5","122774690","122774845","chr7","164586103","164586258","32","41811413"
"chr5","122910644","122910950","chrX","113217971","113218282","38","9692673"
"chr5","123050911","123051059","chr15","77563700","77563844","20","45487211"
"chr5","123194730","123195011","chr6","119742764","119743058","31","3451966"
"chr5","123324008","123324287","chr2","113712988","113713293","61","9611020"
"chr5","123405432","123405631","chrX","39027253","39027444","46","84378179"
"chr5","123443027","123443320","chr1","26022774","26023060","44","97420253"
"chr5","123502472","123502787","chr6","120042770","120043072","41","3459702"
"chr5","123580711","123581021","chr7","163609529","163609835","40","40028818"
"chr5","123623869","123624181","chr12","79325025","79325336","40","44298844"
"chr5","123653692","123654009","chr16","53229261","53229562","56","70424431"
"chr5","123808776","123809080","chr7","113559810","113560113","37","10248966"
"chr5","123879065","123879363","chr7","116514535","116514837","37","7364530"
"chr5","123911646","123911960","chr6","73393768","73394067","39","50517878"
"chr5","123919134","123919441","chr6","76995776","76996085","39","46923358"
"chr5","123926231","123926457","chr16","9675962","9676190","42","114250269"
"chr5","123934825","123935127","chr15","47684746","47685042","40","76250079"
"chr5","123961146","123961439","chrX","6107052","6107345","37","117854094"
"chr5","123964812","123965083","chr9","110733644","110733909","34","13231168"
"chr5","123975794","123976082","chr19","33311878","33312168","40","90663916"
"chr5","123999361","123999668","chr6","120208692","120208998","32","3790669"
"chr5","124007618","124007925","chr6","120216874","120217185","23","3790744"
"chr5","124011188","124011471","chr14","56872398","56872678","39","67138790"
"chr5","124015495","124015805","chr6","120223772","120224085","26","3791723"
"chr5","124036996","124037315","chr6","120247287","120247607","23","3789709"
"chr5","124078461","124078756","chr11","50561298","50561593","36","73517163"
"chr5","124094529","124094830","chr3","42882909","42883211","34","81211620"
"chr5","124106139","124106347","chr6","120371218","120371415","29","3734921"
"chr5","124112555","124112840","chr1","130732153","130732437","39","6619598"
"chr5","124130680","124130830","chr16","57158987","57159132","35","66971693"
"chr5","124140027","124140283","chr6","120405732","120405987","20","3734295"
"chr5","124153596","124153752","chr13","26293008","26293166","25","97860588"
"chr5","124233881","124234186","chr6","120500964","120501269","19","3732917"
"chr5","124297763","124298056","chr6","120566199","120566485","24","3731564"
"chr5","124372681","124372974","chr7","77698309","77698596","34","46674372"
"chr5","124416747","124417045","chr6","120678306","120678600","32","3738441"
"chr5","124477327","124477599","chr19","2388975","2389250","44","122088352"
"chr5","124579667","124579978","chr1","24211287","24211597","43","100368380"
"chr5","124588626","124588742","chr6","67740809","67740926","16","56847817"
"chr5","124596734","124597047","chr6","120850129","120850442","29","3746605"
"chr5","124652272","124652570","chr1","116742122","116742412","53","7910150"
"chr5","124664867","124665178","chr6","120917529","120917843","29","3747338"
"chr5","124667337","124667637","chr16","9166808","9167112","37","115500529"
"chr5","124679288","124679546","chr4","156892618","156892877","33","32213330"
"chr5","124794795","124795093","chr1","31889744","31890030","38","92905051"
"chr5","124862385","124862617","chr6","121108576","121108805","29","3753809"
"chr5","124873065","124873369","chr6","121119212","121119521","27","3753853"
"chr5","125011709","125012006","chr6","121247883","121248178","31","3763826"
"chr5","125045508","125045801","chr16","48001050","48001345","28","77044458"
"chr5","125052439","125052711","chr8","49689754","49690027","37","75362685"
"chr5","125115806","125116127","chr7","84384605","84384925","51","40731201"
"chr5","125324649","125324834","chr6","121580654","121580845","19","3743995"
"chr5","125333554","125333853","chr15","102740273","102740571","36","22593281"
"chr5","125534236","125534533","chr6","121767482","121767782","28","3766754"
"chr5","125701844","125702128","chr6","121961409","121961692","19","3740435"
"chr5","125703512","125703803","chr6","121962778","121963061","39","3740734"
"chr5","125747280","125747555","chr10","28302353","28302618","41","97444927"
"chr5","125791137","125791418","chr6","122051308","122051594","26","3739829"
"chr5","125805175","125805475","chr6","122064926","122065231","27","3740249"
"chr5","125878734","125878898","chr5","39278187","39278352","25","86600547"
"chr5","125931564","125931867","chr5","58278167","58278471","28","67653397"
"chr5","125953331","125953518","chr20","2628711","2628896","51","123324620"
"chr5","125953520","125953817","chr6","122213605","122213907","33","3739915"
"chr5","126004567","126004862","chr6","122266938","122267215","39","3737629"
"chr5","126025141","126025441","chr3","44894938","44895238","36","81130203"
"chr5","126062642","126062765","chr7","125652996","125653116","19","409646"
"chr5","126062766","126062850","chr14","6548819","6548901","10","119513947"
"chr5","126097407","126097716","chr6","122357355","122357667","44","3740052"
"chr5","126101155","126101447","chr4","40297222","40297520","40","85803933"
"chr5","126139261","126139565","chr4","43061376","43061687","53","83077885"
"chr5","126470936","126471250","chr6","122779992","122780304","28","3690944"
"chr5","126477070","126477369","chr6","122784413","122784711","31","3692657"
"chr5","126509431","126509731","chr6","122820969","122821278","39","3688462"
"chr5","126514346","126514633","chr9","11886524","11886816","36","114627822"
"chr5","126636030","126636334","chr6","122946958","122947265","25","3689072"
"chr5","126687600","126687804","chr3","3200882","3201085","29","123486718"
"chr5","127212392","127212683","chr1","140148617","140148908","31","12936225"
"chr5","127216871","127217030","chr19","16334651","16334811","23","110882220"
"chr5","127223333","127223609","chr4","156457145","156457417","54","29233812"
"chr5","127236823","127237100","chr1","218529882","218530157","47","91293059"
"chr5","127356387","127356699","chr6","123750409","123750705","40","3605978"
"chr5","127385353","127385648","chr20","34025582","34025878","41","93359771"
"chr5","127519872","127520185","chr6","148383798","148384102","50","20863926"
"chr5","127542479","127542786","chr9","89474502","89474813","41","38067977"
"chr5","127565256","127565548","chr6","123954404","123954708","28","3610852"
"chr5","127629558","127629824","chr6","124015101","124015363","22","3614457"
"chr5","127633794","127634071","chr14","16176504","16176786","33","111457290"
"chr5","127640174","127640466","chr3","43006950","43007246","31","84633224"
"chr5","127642870","127643129","chr14","22066932","22067189","33","105575938"
"chr5","127679149","127679433","chr12","21445185","21445469","40","106233964"
"chr5","127683486","127683787","chr6","124074521","124074825","22","3608965"
"chr5","127699232","127699514","chr6","124090400","124090688","26","3608832"
"chr5","127700691","127700998","chr6","124091890","124092196","24","3608801"
"chr5","127708013","127708299","chr20","22894053","22894336","53","104813960"
"chr5","127721314","127721391","chr6","152851622","152851702","11","25130308"
"chr5","127721957","127722007","chr6","124116059","124116102","13","3605898"
"chr5","127733087","127733397","chr6","124127427","124127731","27","3605660"
"chr5","127735404","127735694","chr10","60964607","60964898","33","66770797"
"chr5","127738699","127738990","chr3","165332839","165333127","37","37594140"
"chr5","127739362","127739646","chr12","33514035","33514316","43","94225327"
"chr5","127758394","127758683","chr19","44781977","44782268","28","82976417"
"chr5","127765316","127765459","chr6","137314108","137314248","21","9548792"
"chr5","127766102","127766257","chr19","18169182","18169342","31","109596920"
"chr5","127767625","127767908","chr11","132437462","132437750","46","4669837"
"chr5","127782907","127783212","chr16","74240002","74240299","43","53542905"
"chr5","127785359","127785655","chr14","7643073","7643368","33","120142286"
"chr5","127789313","127789610","chr1","213733726","213734025","36","85944413"
"chr5","127792289","127792602","chr19","3156142","3156442","58","124636147"
"chr5","127796935","127797228","chr1","142214846","142215140","39","14417911"
"chr5","127798142","127798322","chr7","133114354","133114541","43","5316212"
"chr5","127798803","127798935","chr14","64013910","64014044","21","63784893"
"chr5","127803131","127803303","chr16","43272620","43272787","22","84530511"
"chr5","127810566","127810862","chr19","42320425","42320722","39","85490141"
"chr5","127819394","127819621","chr2","46084052","46084278","29","81735342"
"chr5","127820118","127820408","chr18","20505848","20506142","42","107314270"
"chr5","127820714","127821017","chr13","102737435","102737736","34","25083279"
"chr5","127829140","127829177","chrX","41233833","41233871","13","86595307"
"chr5","127833435","127833752","chr12","2157811","2158118","45","125675624"
"chr5","127839457","127839535","chr19","41104645","41104715","13","86734812"
"chr5","127851096","127851402","chr9","115486233","115486535","37","12364863"
"chr5","127855362","127855661","chr6","124249227","124249528","18","3606135"
"chr5","127860272","127860580","chr2","96943765","96944067","37","30916507"
"chr5","127860607","127860815","chr16","46571531","46571744","30","81289076"
"chr5","127861265","127861358","chr4","5039959","5040053","16","122821306"
"chr5","127866057","127866346","chrX","114314663","114314949","35","13551394"
"chr5","127877865","127878189","chr19","13687767","13688089","43","114190098"
"chr5","127880411","127880703","chr5","111076802","111077097","42","16803609"
"chr5","127885330","127885627","chr7","33662019","33662319","48","94223311"
"chr5","127888759","127889078","chr6","124313317","124313638","38","3575442"
"chr5","127895685","127895992","chr6","124321204","124321515","23","3574481"
"chr5","127897639","127897943","chr6","124322845","124323155","24","3574794"
"chr5","127898193","127898478","chr6","124323405","124323685","28","3574788"
"chr5","127899927","127900208","chr1","100850726","100851000","47","27049201"
"chr5","127901333","127901626","chr6","124326842","124327143","20","3574491"
"chr5","127903105","127903378","chr6","124328564","124328842","33","3574541"
"chr5","127906173","127906475","chr6","124331372","124331679","31","3574801"
"chr5","127907785","127908120","chr6","124332801","124333112","49","3574984"
"chr5","127915982","127916283","chr11","47525504","47525800","47","80390478"
"chr5","127918428","127918761","chr13","49045537","49045844","87","78872891"
"chr5","127922517","127922824","chr15","42266168","42266476","31","85656349"
"chr5","127929259","127929427","chrX","557444","557611","28","127371815"
"chr5","127953754","127953989","chr6","124380689","124380924","15","3573065"
"chr5","127968312","127968602","chr6","124394525","124394811","42","3573787"
"chr5","127970922","127971227","chr3","127669386","127669693","36","301536"
"chr5","127976828","127977111","chr6","124399667","124399950","32","3577161"
"chr5","127983136","127983443","chr6","124407256","124407548","33","3575880"
"chr5","127995718","127995999","chr6","124419109","124419391","25","3576609"
"chr5","128001084","128001367","chr6","124424717","124425008","41","3576367"
"chr5","128006018","128006300","chr6","124429837","124430132","41","3576181"
"chr5","128037775","128037992","chr6","55060425","55060623","41","72977350"
"chr5","128038036","128038130","chr19","4926258","4926351","19","123111778"
"chr5","128144626","128144935","chr17","15267191","15267500","55","112877435"
"chr5","128163974","128164109","chr6","124570723","124570854","10","3593251"
"chr5","128165691","128165866","chr6","124572429","124572608","20","3593262"
"chr5","128210411","128210562","chr7","137660778","137660931","35","9450367"
"chr5","128266852","128267149","chr6","124675612","124675910","31","3591240"
"chr5","128328061","128328372","chr6","124727966","124728272","30","3600095"
"chr5","128359208","128359398","chr16","9876961","9877157","34","118482247"
"chr5","128410822","128411122","chr3","166406946","166407246","31","37996124"
"chr5","128430318","128430608","chr6","124889049","124889346","30","3541269"
"chr5","128435620","128435903","chrX","40056549","40056830","30","88379071"
"chr5","128435940","128435959","chr14","106768313","106768332","3","21667627"
"chr5","128527844","128528151","chr6","124996686","124996977","37","3531158"
"chr5","128548633","128548931","chr6","125017068","125017363","24","3531565"
"chr5","128560788","128561054","chr6","125029152","125029419","34","3531636"
"chr5","128818333","128818624","chr6","125276889","125277172","29","3541444"
"chr5","128907506","128907800","chr6","125372772","125373068","27","3534734"
"chr5","128998678","128998965","chr6","125465231","125465518","24","3533447"
"chr5","129079762","129080076","chr1","63785482","63785785","45","65294280"
"chr5","129142044","129142331","chr17","12814456","12814742","32","116327588"
"chr5","129245585","129245845","chr14","45446748","45447014","46","83798837"
"chr5","129292893","129293177","chr6","125768865","125769149","27","3524028"
"chr5","129340793","129341089","chr6","125814590","125814891","26","3526203"
"chr5","129413241","129413467","chr1","62928740","62928959","37","66484501"
"chr5","129427985","129428197","chr12","106080182","106080390","43","23347803"
"chr5","129466522","129466835","chr14","6952636","6952946","42","122513886"
"chr5","129525390","129525688","chr16","55969925","55970215","45","73555465"
"chr5","129540779","129541078","chr6","126015990","126016296","39","3524789"
"chr5","129549232","129549527","chr1","212896637","212896929","37","83347405"
"chr5","129689440","129689740","chr5","49234420","49234719","34","80455020"
"chr5","129738262","129738542","chr6","126206060","126206340","22","3532202"
"chr5","129742373","129742672","chr3","43006950","43007246","37","86735423"
"chr5","129762806","129763120","chr6","126232805","126233121","27","3530001"
"chr5","129771022","129771172","chrX","25133782","25133926","22","104637240"
"chr5","129771412","129771548","chr5","100874529","100874663","20","28896883"
"chr5","129795594","129795894","chr6","126268906","126269206","25","3526688"
"chr5","129889359","129889698","chr6","126369973","126370316","34","3519386"
"chr5","130003745","130003956","chr15","38356621","38356852","48","91647124"
"chr5","130109338","130109647","chr3","166228787","166229095","41","36119449"
"chr5","130184943","130185216","chr14","7664868","7665141","33","122520075"
"chr5","130192178","130192475","chr15","9035118","9035412","39","121157060"
"chr5","130198735","130198896","chr14","109632667","109632830","38","20566068"
"chr5","130368902","130368940","chr11","116835681","116835718","6","13533221"
"chr5","130450449","130450753","chr4","98014102","98014400","41","32436347"
"chr5","130489237","130489546","chr6","126929143","126929453","28","3560094"
"chr5","130493768","130493959","chr11","2904691","2904882","35","127589077"
"chr5","130549640","130549953","chr6","126988288","126988608","24","3561352"
"chr5","130562001","130562304","chr1","27342547","27342851","40","103219454"
"chr5","130698832","130699126","chr6","127154223","127154529","34","3544609"
"chr5","130768130","130768423","chr6","127215590","127215891","26","3552540"
"chr5","130785442","130785614","chr11","111998107","111998273","49","18787335"
"chr5","130819911","130820090","chr3","166605377","166605555","32","35785466"
"chr5","131413080","131413376","chr6","127438745","127439042","28","3974335"
"chr5","131454846","131455125","chrX","148237929","148238207","37","16783083"
"chr5","131480084","131480374","chr19","34897530","34897818","31","96582554"
"chr5","131516227","131516529","chr6","127547048","127547353","37","3969179"
"chr5","131659346","131659579","chr1","126090756","126090986","36","5568590"
"chr5","131739489","131739790","chr1","139180433","139180733","35","7440944"
"chr5","131778747","131779055","chr5","149597253","149597559","42","17818506"
"chr5","131816639","131816932","chr6","127857475","127857785","36","3959164"
"chr5","131830085","131830368","chr6","127930267","127930551","27","3899818"
"chr5","131843852","131844133","chr6","127943902","127944200","35","3899950"
"chr5","131858685","131858983","chr8","34282896","34283197","36","97575789"
"chr5","132337593","132337886","chr6","128430937","128431231","28","3906656"
"chr5","132375851","132375919","chr16","12841703","12841771","11","119534148"
"chr5","132376214","132376371","chr10","29808571","29808733","21","102567643"
"chr5","132427124","132427411","chr10","8495090","8495375","50","123932034"
"chr5","132462972","132463264","chr3","2986573","2986865","34","129476399"
"chr5","132510457","132510746","chr6","128613566","128613855","21","3896891"
"chr5","132554070","132554373","chr2","146877836","146878139","32","14323766"
"chr5","132589349","132589619","chr3","38995708","38995979","35","93593641"
"chr5","132647617","132647913","chr6","128749254","128749552","24","3898363"
"chr5","132669139","132669398","chr3","116759803","116760064","39","15909336"
"chr5","132712594","132712887","chr1","53265096","53265391","34","79447498"
"chr5","132751544","132751852","chr6","128862460","128862768","23","3889084"
"chr5","132754414","132754701","chr7","48625556","48625849","40","84128858"
"chr5","132759358","132759646","chr9","8570336","8570630","32","124189022"
"chr5","132762437","132762715","chr6","128874109","128874390","17","3888328"
"chr5","132783600","132783915","chr6","128894663","128894965","37","3888937"
"chr5","132786063","132786373","chr19","10434895","10435204","53","122351168"
"chr5","132826052","132826352","chr13","24190975","24191269","44","108635077"
"chr5","132829785","132830074","chr20","8006906","8007198","41","124822879"
"chr5","132845085","132845380","chr6","128955032","128955322","30","3890053"
"chr5","132848428","132848732","chr6","128958011","128958323","28","3890417"
"chr5","132865522","132865785","chr12","46864194","46864457","38","86001328"
"chr5","132878329","132878611","chr1","37623538","37623823","26","95254791"
"chr5","132887661","132887822","chr10","25188805","25188968","18","107698856"
"chr5","132908737","132908902","chr1","128382036","128382202","28","4526701"
"chr5","132937374","132937640","chr6","129033259","129033529","24","3904115"
"chr5","132957463","132957758","chr6","129057740","129058039","34","3899723"
"chr5","132959629","132959938","chr6","129059892","129060206","33","3899737"
"chr5","132981775","132982070","chr6","129080075","129080368","23","3901700"
"chr5","132985893","132986180","chr6","129084418","129084703","13","3901475"
"chr5","132993616","132993911","chr6","129092111","129092401","32","3901505"
"chr5","133006209","133006443","chr1","50890362","50890591","32","82115847"
"chr5","133032337","133032549","chr6","129131143","129131355","24","3901194"
"chr5","133035244","133035552","chr7","67218976","67219283","34","65816268"
"chr5","133037859","133037992","chr10","66228173","66228307","19","66809686"
"chr5","133068863","133069171","chr6","129167223","129167523","26","3901640"
"chr5","133071197","133071358","chr11","49739997","49740154","26","83331200"
"chr5","133075227","133075512","chr6","129173951","129174236","29","3901276"
"chr5","133077520","133077820","chr1","25448752","25449049","37","107628768"
"chr5","133113495","133113762","chr6","129220037","129220299","22","3893458"
"chr5","133118806","133119087","chr12","20317942","20318226","42","112800864"
"chr5","133146168","133146463","chr1","123655358","123655653","37","9490810"
"chr5","133148228","133148518","chr5","38520841","38521132","36","94627387"
"chr5","133149858","133150132","chr1","1044155","1044433","40","132105703"
"chr5","133152743","133153053","chr6","129258252","129258554","41","3894491"
"chr5","133164589","133164881","chr18","20505848","20506142","42","112658741"
"chr5","133194011","133194284","chr8","142242840","142243113","31","9048829"
"chr5","133205041","133205330","chr6","129308892","129309181","20","3896149"
"chr5","133209251","133209547","chr14","7643073","7643368","41","125566178"
"chr5","133211244","133211367","chrX","40912642","40912768","17","92298602"
"chr5","133241233","133241536","chr6","129344059","129344357","33","3897174"
"chr5","133303540","133303842","chr14","112526592","112526892","39","20776948"
"chr5","133326734","133327036","chr1","126079086","126079365","53","7247648"
"chr5","133337606","133337906","chr6","129443717","129444035","41","3893889"
"chr5","133343957","133344262","chr6","129449986","129450280","33","3893971"
"chr5","133356745","133357046","chr6","129469707","129470009","25","3887038"
"chr5","133375503","133375830","chr6","129489334","129489664","46","3886169"
"chr5","133407027","133407323","chr6","129521517","129521816","26","3885510"
"chr5","133411647","133411976","chr1","46076828","46077156","55","87334819"
"chr5","133504959","133505252","chr6","129618976","129619279","34","3885983"
"chr5","133525487","133525781","chr6","129639846","129640150","36","3885641"
"chr5","133576771","133576970","chr6","157169374","157169565","30","23592603"
"chr5","133648782","133649071","chr6","129758104","129758390","21","3890678"
"chr5","133699962","133700266","chr6","129807189","129807485","33","3892773"
"chr5","133710601","133710897","chr11","55122642","55122939","36","78587959"
"chr5","133759294","133759578","chr6","129866389","129866668","29","3892905"
"chr5","133768636","133768704","chr3","154697179","154697255","19","20928543"
"chr5","133795420","133795700","chr6","129901660","129901952","33","3893760"
"chr5","133808984","133809275","chr6","129915412","129915706","24","3893572"
"chr5","133833642","133833954","chr3","161302845","161303153","39","27469203"
"chr5","133891991","133892273","chr6","129998847","129999136","26","3893144"
"chr5","133917514","133917803","chr6","130024519","130024815","26","3892995"
"chr5","133919285","133919599","chrX","112077596","112077911","40","21841689"
"chr5","133923319","133923606","chr3","38424253","38424540","38","95499066"
"chr5","133941840","133941973","chr2","188166754","188166887","18","54224914"
"chr5","133950364","133950670","chr6","130057695","130058004","33","3892669"
"chr5","133989362","133989657","chr6","158513829","158514121","36","24524467"
"chr5","134003119","134003423","chr6","130106403","130106707","22","3896716"
"chr5","134028037","134028341","chr6","130130972","130131277","31","3897065"
"chr5","134065093","134065375","chr6","130170255","130170557","37","3894838"
"chr5","134066878","134067072","chr1","9081901","9082091","22","124984977"
"chr5","134100616","134100903","chr6","130206640","130206924","35","3893976"
"chr5","134102188","134102493","chr4","45964822","45965127","34","88137366"
"chr5","134108453","134108586","chr16","67963199","67963331","12","66145254"
"chr5","134123918","134124104","chr16","7091433","7091617","29","127032485"
"chr5","134136214","134136521","chr6","130241266","130241559","35","3894948"
"chr5","134138980","134139273","chr6","130244298","130244601","37","3894682"
"chr5","134169035","134169334","chr6","130274494","130274790","33","3894541"
"chr5","134176870","134177175","chr2","102126990","102127295","37","32049880"
"chr5","134183866","134184169","chr1","214944515","214944819","41","80760649"
"chr5","134217010","134217326","chr19","3222957","3223267","44","130994053"
"chr5","134264402","134264700","chr6","71541354","71541655","29","62723048"
"chr5","134296615","134296929","chr6","130412664","130412968","29","3883951"
"chr5","134307852","134308153","chr6","130422670","130422981","32","3885182"
"chr5","134318305","134318612","chr6","130433090","130433397","34","3885215"
"chr5","134319241","134319429","chr16","7091433","7091617","27","127227808"
"chr5","134347604","134347887","chr6","130463645","130463928","15","3883959"
"chr5","134362148","134362440","chr6","140129906","140130200","41","5767758"
"chr5","134368054","134368338","chr9","35515637","35515927","45","98852417"
"chr5","134370070","134370223","chr4","45326705","45326852","31","89043365"
"chr5","134388605","134388902","chr6","130505819","130506123","35","3882786"
"chr5","134395090","134395399","chr6","130512097","130512399","25","3882993"
"chr5","134395602","134395868","chr6","130512599","130512865","25","3883003"
"chr5","134411022","134411314","chr6","130527434","130527733","36","3883588"
"chr5","134418155","134418459","chr6","130534568","130534877","28","3883587"
"chr5","134428555","134428779","chr7","137253037","137253265","42","2824482"
"chr5","134435350","134435554","chr4","160315633","160315842","41","25880283"
"chr5","134444300","134444600","chr6","130562259","130562553","32","3882041"
"chr5","134458031","134458308","chrX","48678568","48678837","55","85779463"
"chr5","134485352","134485613","chr14","123198480","123198744","38","11286872"
"chr5","134488230","134488530","chr13","48069841","48070137","61","86418389"
"chr5","134490434","134490649","chr16","668407","668615","31","133822027"
"chr5","134494093","134494392","chr6","130616679","130616978","20","3877414"
"chr5","134510444","134510588","chr6","130633714","130633858","13","3876730"
"chr5","134510871","134511034","chr6","130634139","130634299","19","3876732"
"chr5","134516828","134517118","chr1","140907090","140907384","47","6390262"
"chr5","134525612","134525921","chrX","39918091","39918400","39","94607521"
"chr5","134530164","134530367","chr6","130657595","130657797","15","3872569"
"chr5","134539531","134539673","chr3","183731879","183732019","24","49192348"
"chr5","134540280","134540435","chr14","69005087","69005239","29","65535193"
"chr5","134543111","134543411","chr14","113380505","113380804","41","21162606"
"chr5","134547297","134547471","chr1","30235282","30235452","28","104312015"
"chr5","134567679","134567967","chr6","130689193","130689479","30","3878486"
"chr5","134573491","134573657","chr15","10208849","10209017","32","124364642"
"chr5","134578419","134578710","chr7","138156387","138156680","44","3577968"
"chr5","134586147","134586444","chr6","130706638","130706934","22","3879509"
"chr5","134596918","134597100","chr10","65561419","65561592","29","69035499"
"chr5","134609899","134610181","chr6","75694985","75695264","32","58914914"
"chr5","134614234","134614505","chr9","94807883","94808151","59","39806351"
"chr5","134625490","134625749","chr8","18938933","18939189","44","115686557"
"chr5","134627048","134627335","chr6","130749681","130749978","31","3877367"
"chr5","134628316","134628607","chr14","30263101","30263394","41","104365215"
"chr5","134630103","134630211","chr3","3847698","3847802","17","130782405"
"chr5","134630759","134630951","chr12","115674238","115674427","26","18956521"
"chr5","134630979","134631274","chr7","5537918","5538212","35","129093061"
"chr5","134631443","134631733","chr6","130753640","130753931","21","3877803"
"chr5","134655012","134655316","chr6","130777960","130778271","27","3877052"
"chr5","134662402","134662683","chr1","217191204","217191500","37","82528802"
"chr5","134722469","134722754","chr6","130850613","130850903","31","3871856"
"chr5","134730240","134730555","chr6","130862761","130863062","39","3867479"
"chr5","134746663","134746848","chr20","54481046","54481244","40","80265617"
"chr5","134774208","134774495","chr6","130902450","130902740","27","3871758"
"chr5","134776496","134776788","chr6","130904741","130905042","40","3871755"
"chr5","134780848","134781133","chr2","69273471","69273769","40","65507377"
"chr5","134844847","134845155","chr7","77771065","77771371","41","57073782"
"chr5","134882722","134883011","chr1","86816862","86817153","39","48065860"
"chr5","134916995","134917297","chr6","131047144","131047439","31","3869851"
"chr5","135064248","135064545","chr6","131195797","131196096","22","3868451"
"chr5","135072737","135073042","chr9","54400872","54401187","36","80671865"
"chr5","135111934","135112238","chr6","131243876","131244182","33","3868058"
"chr5","135122147","135122371","chr6","131254154","131254373","21","3867993"
"chr5","135153838","135154130","chr6","131285475","131285771","17","3868363"
"chr5","135194258","135194566","chr7","110794542","110794847","34","24399716"
"chr5","135219744","135220048","chr6","131352141","131352447","28","3867603"
"chr5","135387991","135388290","chr1","3081963","3082273","49","132306028"
"chr5","135486620","135486911","chr6","131620437","131620733","23","3866183"
"chr5","135501317","135501338","chr6","26681595","26681617","4","108819722"
"chr5","135502658","135502956","chr3","48992148","48992443","41","86510510"
"chr5","135526531","135526788","chr6","131661842","131662109","29","3864689"
"chr5","135567753","135567885","chr10","12469833","12469963","19","123097920"
"chr5","135570238","135570538","chrX","8591299","8591598","35","126978939"
"chr5","135571802","135571853","chr6","131709564","131709614","3","3862238"
"chr5","135580194","135580503","chr6","131718920","131719227","41","3861274"
"chr5","135613233","135613375","chr6","147844813","147844957","20","12231580"
"chr5","135620271","135620579","chr6","131756108","131756414","38","3864163"
"chr5","135632370","135632670","chr6","131767215","131767524","31","3865155"
"chr5","135635042","135635193","chr7","164695185","164695331","22","29060143"
"chr5","135637441","135637573","chr2","21053086","21053219","17","114584355"
"chr5","135703908","135704201","chr6","131839186","131839480","26","3864722"
"chr5","135716271","135716559","chr2","202930199","202930485","31","67213928"
"chr5","135720175","135720471","chr8","93237278","93237575","44","42482897"
"chr5","135748376","135748672","chr6","131881445","131881739","43","3866931"
"chr5","135748818","135749117","chr6","131881887","131882179","29","3866931"
"chr5","135753838","135754121","chr6","131887701","131887988","30","3866137"
"chr5","135784432","135784732","chr1","220883377","220883674","39","85098945"
"chr5","135788775","135788998","chr16","9675962","9676190","34","126112813"
"chr5","135790187","135790488","chr5","8289100","8289402","32","127501087"
"chr5","135797683","135797974","chr6","131932218","131932509","24","3865465"
"chr5","135806441","135806753","chr7","123614361","123614671","37","12192080"
"chr5","135808333","135808630","chr18","20505848","20506142","37","115302485"
"chr5","135825055","135825352","chr6","131964020","131964313","20","3861035"
"chr5","135832975","135833081","chr12","106135345","106135451","9","29697630"
"chr5","135833999","135834288","chr7","28329692","28329979","38","107504307"
"chr5","135845453","135845751","chr12","20255616","20255910","35","115589837"
"chr5","135856994","135857274","chr6","132007387","132007669","19","3849607"
"chr5","135865129","135865422","chr1","154319549","154319843","37","18454420"
"chr5","135871037","135871354","chr1","46076828","46077156","50","89794209"
"chr5","135883650","135883810","chr10","20228539","20228699","26","115655111"
"chr5","135903650","135903949","chr6","132057754","132058046","32","3845896"
"chr5","135913941","135914240","chr7","35585916","35586218","44","100328025"
"chr5","135917065","135917204","chr9","33719442","33719574","23","102197623"
"chr5","135918247","135918535","chr11","129069649","129069938","35","6848598"
"chr5","135919033","135919058","chr5","145053391","145053410","9","9134358"
"chr5","135919358","135919499","chr1","9042164","9042301","17","126877194"
"chr5","135932116","135932408","chr20","42678956","42679249","47","93253160"
"chr5","135933224","135933532","chr16","2001457","2001766","39","133931767"
"chr5","135937163","135937370","chr1","50890362","50890591","43","85046801"
"chr5","135968171","135968461","chr2","182277641","182277932","33","46309470"
"chr5","135968769","135969060","chr7","10974680","10974971","39","124994089"
"chr5","135972001","135972123","chr1","68190673","68190799","15","67781328"
"chr5","135976087","135976332","chr12","80456402","80456644","53","55519685"
"chr5","135977085","135977392","chr6","132129040","132129336","37","3848045"
"chr5","135991747","135992065","chr6","132142594","132142914","19","3849153"
"chr5","135993384","135993576","chr4","29172115","29172303","20","106821269"
"chr5","136003793","136004101","chr6","105234648","105234956","35","30769145"
"chr5","136007541","136007825","chr9","115113357","115113647","40","20894184"
"chr5","136009125","136009430","chr6","132161313","132161608","31","3847812"
"chr5","136013860","136014004","chr4","45326705","45326852","28","90687155"
"chr5","136022199","136022373","chr11","56105299","56105468","36","79916900"
"chr5","136026097","136026398","chr5","8289100","8289402","36","127736997"
"chr5","136029851","136030113","chr1","139650554","139650817","30","3620703"
"chr5","136041697","136042007","chr6","132196288","132196598","37","3845409"
"chr5","136042842","136043146","chr3","36442876","36443174","46","99599966"
"chr5","136050680","136050956","chr10","87449830","87450117","41","48600850"
"chr5","136066881","136067046","chr7","2367947","2368114","18","133698934"
"chr5","136070919","136071122","chr6","132230797","132231000","17","3840122"
"chr5","136090995","136091160","chr20","52629274","52629437","24","83461721"
"chr5","136091231","136091382","chr6","147844813","147844957","17","11753582"
"chr5","136095805","136096116","chr13","46532575","46532879","38","89563230"
"chr5","136116175","136116453","chr6","132279043","132279322","17","3837132"
"chr5","136152209","136152504","chr12","83445000","83445297","39","52707209"
"chr5","136160780","136161042","chr16","68772362","68772622","37","67388418"
"chr5","136167025","136167248","chr16","668407","668615","39","135498618"
"chr5","136169344","136169620","chr8","19748385","19748661","34","116420959"
"chr5","136171459","136171766","chr6","132336556","132336866","32","3834903"
"chr5","136173085","136173320","chr19","7788887","7789121","32","128384198"
"chr5","136173343","136173439","chr9","15087260","15087356","13","121086083"
"chr5","136176041","136176343","chr6","132346083","132346384","20","3829958"
"chr5","136183813","136184179","chr4","47747916","47748283","80","88435897"
"chr5","136185506","136185620","chr2","107720840","107720952","16","28464666"
"chr5","136189783","136189884","chr15","89488339","89488440","12","46701444"
"chr5","136194732","136195036","chr6","132365190","132365486","30","3829542"
"chr5","136195882","136196186","chr6","132366343","132366644","37","3829539"
"chr5","136200130","136200284","chr1","49885004","49885147","26","86315126"
"chr5","136200597","136200759","chr6","180034110","180034274","18","43833513"
"chr5","136200831","136201124","chr6","44313901","44314193","40","91886930"
"chr5","136204191","136204283","chr12","117871430","117871525","14","18332761"
"chr5","136205612","136205900","chrX","123703837","123704123","35","12501775"
"chr5","136213299","136213591","chr16","5625017","5625313","35","130588282"
"chr5","136217762","136217897","chr6","132386668","132386804","12","3831094"
"chr5","136222647","136222663","chr1","21749831","21749847","4","114472816"
"chr5","136223062","136223368","chr6","132392622","132392929","31","3830440"
"chr5","136225339","136225535","chr17","61702562","61702761","31","74522777"
"chr5","136235069","136235369","chr15","6371105","6371399","31","129863964"
"chr5","136244703","136244837","chr6","132415534","132415667","10","3829169"
"chr5","136258359","136258647","chr6","132428896","132429191","36","3829463"
"chr5","136258664","136258987","chr6","132429209","132429541","36","3829455"
"chr5","136261750","136261925","chr7","36307062","36307231","33","99954688"
"chr5","136262339","136262428","chr11","96276064","96276147","16","39986275"
"chr5","136278845","136279114","chr16","45443087","45443353","34","90835758"
"chr5","136281721","136282037","chr4","29093858","29094168","39","107187863"
"chr5","136286363","136286516","chr1","202825790","202825940","21","66539427"
"chr5","136288802","136289104","chr6","132458964","132459257","30","3829838"
"chr5","136290662","136290960","chr1","166387645","166387949","47","30096983"
"chr5","136290990","136291292","chr15","27330681","27330978","43","108960309"
"chr5","136299580","136299879","chr6","132469821","132470117","32","3829759"
"chr5","136308965","136309104","chr19","41289079","41289217","22","95019886"
"chr5","136310113","136310283","chr16","22888303","22888475","26","113421810"
"chr5","136316410","136316618","chr7","164725775","164725981","35","28409365"
"chr5","136327032","136327347","chr15","85396569","85396880","46","50930463"
"chr5","136341722","136342016","chr1","35199549","35199843","40","101142173"
"chr5","136348153","136348455","chr6","132522887","132523185","21","3825266"
"chr5","136366789","136367049","chr2","142788958","142789229","46","6422169"
"chr5","136379459","136379588","chr6","132553876","132554005","10","3825583"
"chr5","136379878","136380031","chr6","132554297","132554452","16","3825581"
"chr5","136386145","136386429","chr6","132564257","132564548","32","3821888"
"chr5","136387039","136387345","chr6","132565159","132565464","27","3821880"
"chr5","136388412","136388694","chr6","132566550","132566837","28","3821862"
"chr5","136393205","136393314","chr19","31599314","31599422","14","104793891"
"chr5","136393632","136393822","chr11","2904691","2904882","28","133488941"
"chr5","136394204","136394294","chr7","158031905","158031997","16","21637701"
"chr5","136395468","136395602","chr10","38983120","38983255","18","97412348"
"chr5","136414703","136414994","chr11","127937675","127937970","48","8477028"
"chr5","136430963","136431255","chr4","115245421","115245711","46","21185542"
"chr5","136440471","136440758","chr16","2792881","2793177","43","133647590"
"chr5","136442462","136442756","chr8","23563020","23563313","32","112879442"
"chr5","136447053","136447357","chr6","132624565","132624865","24","3822488"
"chr5","136449595","136449641","chr9","99030580","99030628","10","37419015"
"chr5","136496223","136496500","chr1","31889744","31890030","43","104606479"
"chr5","136519484","136519701","chrX","25813318","25813533","37","110706166"
"chr5","136522610","136522902","chr13","9859554","9859845","31","126663056"
"chr5","136613983","136614299","chr6","132793332","132793615","51","3820651"
"chr5","136614917","136615193","chr6","132794233","132794510","23","3820684"
"chr5","136617170","136617298","chr9","97550947","97551073","11","39066223"
"chr5","136825253","136825542","chr20","56831413","56831703","34","79993840"
"chr5","137060697","137060996","chr15","102740273","102740571","37","34320424"
"chr5","137127143","137127446","chr6","133316298","133316610","39","3810845"
"chr5","137224052","137224360","chr6","133422158","133422468","23","3801894"
"chr5","137229568","137229869","chr6","176682754","176683054","44","39453186"
"chr5","137268214","137268516","chr3","76671629","76671930","42","60596585"
"chr5","137273745","137274039","chr8","99842162","99842452","47","37431583"
"chr5","137278117","137278394","chr7","117919933","117920212","37","19358184"
"chr5","137281666","137281802","chr2","40953991","40954127","13","96327675"
"chr5","137344992","137345300","chr6","133524781","133525068","37","3820211"
"chr5","137439894","137440182","chr6","133619005","133619293","21","3820889"
"chr5","137591574","137591884","chr1","41951787","41952098","37","95639787"
"chr5","137623447","137623675","chr16","9675962","9676190","33","127947485"
"chr5","137642787","137643095","chr6","133822074","133822369","31","3820713"
"chr5","137647421","137647722","chr6","133826626","133826931","36","3820795"
"chr5","137670494","137670740","chr12","83454543","83454783","38","54215951"
"chr5","137698319","137698583","chr2","68638561","68638818","51","69059758"
"chr5","137713613","137713897","chr3","126089617","126089901","41","11623996"
"chr5","137748469","137748770","chr16","47676042","47676339","32","90072427"
"chr5","137924962","137925142","chr5","164825492","164825672","29","26900530"
"chr5","137980627","137980925","chr4","102859737","102860039","38","35120890"
"chr5","138063785","138064094","chr12","68259565","68259876","38","69804220"
"chr5","138126470","138126779","chr6","134335273","134335579","34","3791197"
"chr5","138153594","138153875","chr6","134361460","134361744","26","3792134"
"chr5","138327073","138327360","chr6","134527554","134527841","18","3799519"
"chr5","138331378","138331665","chr4","7405019","7405304","36","130926359"
"chr5","138506551","138506846","chr19","44781977","44782268","30","93724574"
"chr5","138538285","138538568","chr6","134725843","134726137","31","3812442"
"chr5","138603735","138603916","chr19","28880251","28880431","25","109723484"
"chr5","138605677","138605804","chr1","162948066","162948191","14","24342389"
"chr5","138670836","138671142","chr15","43676461","43676771","40","94994375"
"chr5","138722314","138722621","chr6","134910665","134910969","27","3811649"
"chr5","138746833","138747122","chr5","7365971","7366261","44","131380862"
"chr5","138801084","138801370","chr6","134989025","134989311","22","3812059"
"chr5","138877420","138877732","chr6","135064838","135065158","42","3812582"
"chr5","138965740","138966029","chr3","78759450","78759738","37","60206290"
"chr5","139085165","139085459","chr6","135260478","135260765","27","3824687"
"chr5","139107315","139107614","chr6","135285190","135285503","35","3822125"
"chr5","139123419","139123578","chr18","48932281","48932444","26","90191138"
"chr5","139165059","139165369","chr1","166731334","166731646","40","27566275"
"chr5","139262303","139262603","chr6","135441190","135441488","31","3821113"
"chr5","139284613","139284914","chr6","135463188","135463484","31","3821425"
"chr5","139298549","139298816","chr6","135476772","135477050","33","3821777"
"chr5","139302270","139302576","chr7","162432937","162433243","43","23130667"
"chr5","139322216","139322455","chr6","135501200","135501440","29","3821016"
"chr5","139375802","139376114","chr6","135561824","135562137","25","3813978"
"chr5","139379662","139379969","chr6","135566000","135566302","21","3813662"
"chr5","139387446","139387618","chr19","30244151","30244322","18","109143295"
"chr5","139405510","139405730","chr6","135591596","135591816","16","3813914"
"chr5","139405819","139405959","chr6","56602654","56602794","23","82803165"
"chr5","139415802","139416098","chr6","135602617","135602919","30","3813185"
"chr5","139419813","139420109","chr6","135606790","135607091","31","3813023"
"chr5","139427663","139427979","chr6","135615290","135615601","28","3812373"
"chr5","139432234","139432542","chr7","113559810","113560113","31","25872424"
"chr5","139434150","139434464","chrX","23558557","23558868","34","115875593"
"chr5","139440400","139440707","chr18","60400901","60401203","43","79039499"
"chr5","139448448","139448556","chr7","95416565","95416674","23","44031883"
"chr5","139451011","139451092","chr10","29823704","29823778","19","109627307"
"chr5","139470889","139471191","chr6","135655342","135655637","32","3815547"
"chr5","139489405","139489700","chr6","140907162","140907461","28","1417757"
"chr5","139491159","139491356","chr1","126029031","126029227","27","13462128"
"chr5","139491626","139491727","chr2","69013368","69013473","16","70478258"
"chr5","139502379","139502669","chr9","122043736","122044030","31","17458643"
"chr5","139527310","139527604","chr6","135701578","135701875","28","3825732"
"chr5","139532420","139532720","chr3","53992043","53992340","37","85540377"
"chr5","139548975","139549272","chr8","29650283","29650585","39","109898692"
"chr5","139550886","139551017","chr1","28201933","28202067","17","111348953"
"chr5","139551021","139551323","chr5","8289100","8289402","37","131261921"
"chr5","139563060","139563364","chr6","135744668","135744973","28","3818392"
"chr5","139565076","139565384","chr6","135746691","135746997","38","3818385"
"chr5","139566529","139566822","chr1","41691570","41691860","31","97874959"
"chr5","139583669","139583825","chr4","37357433","37357593","21","102226236"
"chr5","139590247","139590546","chr6","135780245","135780529","31","3810002"
"chr5","139596934","139597214","chr6","135788514","135788795","30","3808420"
"chr5","139599272","139599568","chr6","135790833","135791129","18","3808439"
"chr5","139618689","139618850","chr2","41008439","41008602","24","98610250"
"chr5","139621576","139621865","chr14","67232193","67232479","38","72389383"
"chr5","139631186","139631496","chr16","51419761","51420066","32","88211425"
"chr5","139642757","139643023","chr6","135839243","135839507","29","3803514"
"chr5","139647700","139647995","chrX","8591299","8591598","32","131056401"
"chr5","139663462","139663639","chr19","32197775","32197948","24","107465687"
"chr5","139686042","139686339","chrX","44429429","44429724","37","95256613"
"chr5","139705088","139705361","chr11","50506711","50506984","36","89198377"
"chr5","139712586","139712882","chr3","127444096","127444392","35","12268490"
"chr5","139716287","139716579","chr6","135924818","135925112","32","3791469"
"chr5","139721568","139721855","chr20","8006906","8007198","39","131714662"
"chr5","139727782","139728079","chr6","135936160","135936460","25","3791622"
"chr5","139749247","139749418","chr6","132206031","132206198","22","7543216"
"chr5","139758778","139759073","chr6","135967213","135967516","23","3791565"
"chr5","139761418","139761716","chr6","135969883","135970184","22","3791535"
"chr5","139762031","139762322","chr6","135970500","135970810","41","3791531"
"chr5","139764486","139764795","chr6","135972957","135973260","31","3791529"
"chr5","139770611","139770903","chr13","1872808","1873098","32","137897803"
"chr5","139775815","139776106","chr6","135985125","135985423","28","3790690"
"chr5","139777318","139777633","chr20","34071830","34072141","45","105705488"
"chr5","139801283","139801588","chr6","136011126","136011424","29","3790157"
"chr5","139803928","139804105","chr10","19891580","19891749","26","119912348"
"chr5","139808999","139809305","chr15","42266168","42266476","39","97542831"
"chr5","139815771","139816056","chr6","136027809","136028094","16","3787962"
"chr5","139822438","139822746","chr6","136035196","136035496","37","3787242"
"chr5","139827699","139828011","chr10","12541086","12541391","41","127286613"
"chr5","139836257","139836553","chr6","136047768","136048060","50","3788489"
"chr5","139844102","139844359","chr6","136057258","136057517","20","3786844"
"chr5","139847637","139847941","chr6","136060400","136060701","20","3787237"
"chr5","139868798","139869073","chr6","136082581","136082858","19","3786217"
"chr5","139869379","139869686","chr7","163609529","163609835","38","23740150"
"chr5","139870240","139870536","chr6","136083585","136083886","28","3786655"
"chr5","139886193","139886205","chr1","124700042","124700053","2","15186151"
"chr5","139886518","139886679","chrY","805524","805686","25","139080994"
"chr5","139886722","139886768","chr6","124116059","124116102","14","15770663"
"chr5","139886799","139887055","chr4","168562449","168562704","45","28675650"
"chr5","139896090","139896400","chr2","107885379","107885685","37","32010711"
"chr5","139899413","139899429","chr6","136113641","136113657","0","3785772"
"chr5","139899731","139899897","chr10","69611091","69611255","21","70288640"
"chr5","139906713","139907002","chr8","65069307","65069594","40","74837406"
"chr5","139915807","139916123","chr7","136739735","136740043","60","3176072"
"chr5","139918040","139918342","chr6","136132742","136133037","30","3785298"
"chr5","139934148","139934443","chr4","108926939","108927234","37","31007209"
"chr5","139940175","139940399","chr6","136154854","136155078","7","3785321"
"chr5","139942800","139942978","chrX","91350057","91350230","23","48592743"
"chr5","139944333","139944638","chr6","136160064","136160374","36","3784269"
"chr5","139944677","139944969","chr19","34897530","34897818","38","105047147"
"chr5","139966961","139967253","chr4","115245421","115245711","39","24721540"
"chr5","139990470","139990768","chr19","20676318","20676616","41","119314152"
"chr5","139997176","139997312","chr6","136214323","136214458","10","3782853"
"chr5","139997651","139997812","chr6","136214805","136214975","18","3782846"
"chr5","140030296","140030592","chrX","44429429","44429724","33","95600867"
"chr5","140034485","140034777","chr6","136254421","136254720","27","3780064"
"chr5","140037683","140037973","chr15","64851612","64851894","47","75186071"
"chr5","140043855","140044143","chr11","94003485","94003774","42","46040370"
"chr5","140054687","140054819","chr2","90766401","90766535","14","49288286"
"chr5","140059721","140060018","chr4","117903636","117903937","41","22156085"
"chr5","140061805","140061907","chr14","86784518","86784621","20","53277287"
"chr5","140062438","140062542","chr6","177202453","177202553","17","37140015"
"chr5","140070195","140070263","chr10","79529661","79529728","6","60540534"
"chr5","140076789","140077087","chr17","12719464","12719760","39","127357325"
"chr5","140080172","140080462","chr7","10974680","10974971","42","129105492"
"chr5","140082032","140082164","chr3","3535836","3535970","19","136546196"
"chr5","140092183","140092491","chr2","203095842","203096145","46","63003659"
"chr5","140101555","140101815","chr12","106786060","106786323","32","33315495"
"chr5","140107324","140107624","chr6","136329665","136329947","37","3777659"
"chr5","140108716","140108808","chr15","94696541","94696637","13","45412175"
"chr5","140109015","140109205","chr11","100858931","100859117","30","39250084"
"chr5","140130318","140130643","chr3","2859988","2860306","63","137270330"
"chr5","140136546","140136713","chr7","155077068","155077236","31","14940522"
"chr5","140152393","140152697","chr13","87567328","87567627","48","52585065"
"chr5","140159095","140159356","chr6","136384826","136385077","29","3774269"
"chr5","140166470","140166704","chr8","71434337","71434570","29","68732133"
"chr5","140181331","140181632","chr6","136407785","136408085","29","3773546"
"chr5","140220416","140220594","chr2","80224737","80224913","24","59995679"
"chr5","140232134","140232444","chr14","16102451","16102756","43","124129683"
"chr5","140233133","140233275","chr7","52091432","52091576","18","88141701"
"chr5","140237825","140238122","chr1","142214846","142215140","30","1977021"
"chr5","140240139","140240423","chr6","136460563","136460837","41","3779576"
"chr5","140264332","140264501","chr4","4726770","4726935","32","135537562"
"chr5","140264812","140264941","chr3","48450078","48450206","18","91814734"
"chr5","140272126","140272431","chrX","23558557","23558868","44","116713569"
"chr5","140281418","140281721","chr6","136502138","136502431","37","3779280"
"chr5","140285288","140285498","chr4","160315633","160315842","39","20030345"
"chr5","140300083","140300371","chr6","136520310","136520616","49","3779773"
"chr5","140365014","140365249","chr2","65118642","65118886","48","75246372"
"chr5","140365519","140365810","chr6","136585474","136585774","43","3780045"
"chr5","140372144","140372448","chr6","136592703","136593004","25","3779441"
"chr5","140386900","140387241","chr6","136607507","136607849","25","3779393"
"chr5","140397666","140397843","chr19","46541767","46541956","30","93855899"
"chr5","140417139","140417415","chr6","136638137","136638428","43","3779002"
"chr5","140432467","140432763","chr6","136653726","136654026","34","3778741"
"chr5","140474511","140474739","chr9","26650579","26650790","52","113823932"
"chr5","140480110","140480408","chrX","144246404","144246709","34","3766294"
"chr5","140486716","140487005","chr6","136707840","136708136","24","3778876"
"chr5","140488121","140488439","chr6","136708934","136709249","29","3779187"
"chr5","140533315","140533622","chr6","101656274","101656571","65","38877041"
"chr5","140536114","140536432","chr6","136751861","136752171","30","3784253"
"chr5","140583884","140584183","chr6","136798827","136799128","19","3785057"
"chr5","140629716","140630013","chr6","136843186","136843479","30","3786530"
"chr5","140640836","140641055","chr6","136853769","136853987","17","3787067"
"chr5","140641056","140641117","chr4","127863386","127863444","10","12777670"
"chr5","140657009","140657227","chr11","120671283","120671499","35","19985726"
"chr5","140661704","140661985","chr6","136876625","136876907","32","3785079"
"chr5","140674011","140674309","chr6","136891321","136891612","31","3782690"
"chr5","140687872","140688161","chr10","63394242","63394532","41","77293630"
"chr5","140693191","140693490","chr14","47775115","47775410","29","92918076"
"chr5","140709524","140709837","chr6","136929790","136930086","41","3779734"
"chr5","140714624","140714735","chr2","43923383","43923493","14","96791241"
"chr5","140714772","140714853","chr4","19836869","19836946","11","120877903"
"chr5","140723842","140724072","chr6","136945003","136945234","24","3778839"
"chr5","140731561","140731692","chr19","10830410","10830544","19","129901151"
"chr5","140733012","140733277","chr1","129089131","129089396","37","11643881"
"chr5","140735738","140735997","chr3","155897971","155898224","41","15162233"
"chr5","140776413","140776691","chr15","10437076","10437352","44","130339337"
"chr5","140777860","140778032","chr7","25785669","25785843","31","114992191"
"chr5","140795697","140795840","chr6","143310132","143310288","31","2514435"
"chr5","140797138","140797284","chr4","44130284","44130433","17","96666854"
"chr5","140806774","140807075","chr6","137045556","137045856","31","3761218"
"chr5","140814460","140814692","chr10","80750880","80751113","37","60063580"
"chr5","140814930","140815184","chr10","59910337","59910584","47","80904593"
"chr5","140827010","140827125","chr19","42152543","42152660","28","98674467"
"chr5","140841366","140841644","chr8","95151100","95151361","49","45690266"
"chr5","140857533","140857727","chr12","115674238","115674427","23","25183295"
"chr5","140863209","140863496","chr16","2871012","2871300","36","137992197"
"chr5","140882706","140883017","chr1","42316851","42317149","45","98565855"
"chr5","140892577","140892884","chr6","137172896","137173188","43","3719681"
"chr5","140894719","140895011","chr1","7385558","7385856","35","133509161"
"chr5","140905844","140906144","chr14","15756054","15756351","35","125149790"
"chr5","140910488","140910780","chr1","27940975","27941268","38","112969513"
"chr5","140911147","140911441","chr6","140129906","140130200","31","781241"
"chr5","140915097","140915406","chr6","137198047","137198357","33","3717050"
"chr5","140980206","140980370","chr16","43272620","43272787","27","97707586"
"chr5","140983416","140983728","chr6","137273153","137273469","36","3710263"
"chr5","140992586","140992715","chr6","156082417","156082551","21","15089831"
"chr5","140993029","140993184","chr11","30888173","30888332","31","110104856"
"chr5","141006968","141007234","chr17","11877422","11877690","54","129129546"
"chr5","141017404","141017634","chr16","12882617","12882846","41","128134787"
"chr5","141028183","141028470","chr11","127937675","127937970","44","13090508"
"chr5","141034046","141034131","chr1","86429457","86429537","16","54604589"
"chr5","141034142","141034276","chr2","203147393","203147530","19","62113251"
"chr5","141036531","141036662","chr1","108894724","108894860","16","32141807"
"chr5","141043806","141044048","chr1","28171518","28171757","41","112872288"
"chr5","141044595","141044793","chr10","82741910","82742104","42","58302685"
"chr5","141044857","141045166","chr6","137321262","137321568","30","3723595"
"chr5","141054808","141054879","chr3","15269717","15269789","9","125785091"
"chr5","141055423","141055738","chr1","89866413","89866715","55","51189010"
"chr5","141066613","141066623","chr2","187937810","187937820","1","46871197"
"chr5","141069300","141069595","chr4","88410610","88410912","42","52658690"
"chr5","141071404","141071704","chr6","137352907","137353207","36","3718497"
"chr5","141075909","141076138","chr6","56511093","56511315","46","84564816"
"chr5","141078422","141078730","chrX","112968006","112968315","44","28110416"
"chr5","141082067","141082380","chr1","41805196","41805511","45","99276871"
"chr5","141086421","141086719","chr6","137370843","137371145","29","3715578"
"chr5","141093946","141094256","chr17","27628283","27628590","35","113465663"
"chr5","141095946","141096247","chr6","137379435","137379724","34","3716511"
"chr5","141096599","141096896","chr14","13180382","13180677","35","127916217"
"chr5","141101489","141101762","chr9","58741112","58741391","44","82360377"
"chr5","141103849","141104013","chrX","18796713","18796876","29","122307136"
"chr5","141111997","141112085","chr1","25829614","25829692","31","115282383"
"chr5","141117943","141118244","chr6","137401663","137401959","31","3716280"
"chr5","141160863","141161169","chr6","137446087","137446392","30","3714776"
"chr5","141179567","141179855","chr6","137464777","137465067","18","3714790"
"chr5","141193861","141194157","chr6","137480379","137480679","23","3713482"
"chr5","141200664","141200975","chrX","47839719","47840022","35","93360945"
"chr5","141204133","141204267","chr12","121124958","121125092","17","20079175"
"chr5","141207619","141207924","chr6","137494104","137494400","34","3713515"
"chr5","141215335","141215614","chr13","37413484","37413762","40","103801851"
"chr5","141215636","141215778","chr7","16748615","16748755","13","124467021"
"chr5","141218487","141218792","chr5","8289100","8289402","37","132929387"
"chr5","141247932","141248240","chr6","137535742","137536053","34","3712190"
"chr5","141270415","141270708","chr6","137559195","137559485","25","3711220"
"chr5","141270863","141271164","chr6","137559663","137559973","35","3711200"
"chr5","141306430","141306727","chr6","137595056","137595358","26","3711374"
"chr5","141326020","141326316","chr6","137615434","137615728","23","3710586"
"chr5","141336531","141336835","chr1","41726547","41726852","43","99609984"
"chr5","141420308","141420615","chrX","23558557","23558868","38","117861751"
"chr5","141422464","141422765","chr6","137713816","137714118","20","3708648"
"chr5","141427986","141428279","chr6","137719799","137720082","39","3708187"
"chr5","141444262","141444433","chr6","137736283","137736453","20","3707979"
"chr5","141444760","141444894","chr5","100874529","100874663","17","40570231"
"chr5","141445316","141445618","chr6","137737322","137737619","32","3707994"
"chr5","141476622","141476773","chr6","137766247","137766393","14","3710375"
"chr5","141531751","141531984","chr19","7788887","7789121","36","133742864"
"chr5","141559279","141559586","chr10","78203293","78203596","39","63355986"
"chr5","141566288","141566579","chr6","137859233","137859526","27","3707055"
"chr5","141629177","141629487","chr16","72854002","72854312","36","68775175"
"chr5","141645735","141645951","chr4","116777080","116777297","33","24868655"
"chr5","141663614","141663926","chr18","371369","371677","31","141292245"
"chr5","141670825","141671127","chr6","137966291","137966590","29","3704534"
"chr5","141679747","141680042","chr7","137866997","137867295","30","3812750"
"chr5","141685962","141686267","chr1","53362799","53363106","36","88323163"
"chr5","141693265","141693314","chr20","3589657","3589703","12","138103608"
"chr5","141693610","141693622","chr20","41045396","41045406","3","100648214"
"chr5","141713651","141713951","chr14","57139445","57139737","37","84574206"
"chr5","141740301","141740469","chr14","84880122","84880288","30","56860179"
"chr5","141756019","141756324","chr6","138049603","138049909","25","3706416"
"chr5","141760537","141760826","chr6","138054681","138054977","36","3705856"
"chr5","141789433","141789737","chr6","138086166","138086478","29","3703267"
"chr5","141802171","141802493","chr6","138098952","138099269","35","3703219"
"chr5","141804410","141804694","chr1","151926651","151926935","39","10122241"
"chr5","141827755","141828062","chr6","138124124","138124426","18","3703631"
"chr5","141839216","141839513","chr1","222193547","222193845","47","80354331"
"chr5","141843049","141843346","chr16","9492744","9493038","35","132350305"
"chr5","141868179","141868478","chr6","138166546","138166848","34","3701633"
"chr5","141873572","141873667","chr5","167556974","167557068","17","25683402"
"chr5","141873711","141873876","chr19","16334651","16334811","26","125539060"
"chr5","141882019","141882124","chr16","1966420","1966528","15","139915599"
"chr5","141882960","141883178","chr12","77851725","77851942","22","64031235"
"chr5","141891186","141891456","chr6","138192406","138192694","42","3698780"
"chr5","141898553","141898858","chr6","138200323","138200631","21","3698230"
"chr5","141910925","141911215","chr6","138213465","138213756","24","3697460"
"chr5","141924440","141924747","chr12","57850151","57850455","37","84074289"
"chr5","141946884","141947117","chr6","138245066","138245299","15","3701818"
"chr5","141966326","141966633","chr19","16357093","16357400","36","125609233"
"chr5","141983177","141983488","chr9","12792394","12792700","39","129190783"
"chr5","141986348","141986660","chr6","138285235","138285548","34","3701113"
"chr5","141986852","141987142","chr6","138285737","138286013","32","3701115"
"chr5","141996348","141996633","chr18","12141293","12141581","29","129855055"
"chr5","141998816","141999097","chr18","60459178","60459462","41","81539638"
"chr5","142004060","142004354","chr6","138297847","138298144","18","3706213"
"chr5","142005928","142006222","chr6","138299989","138300292","23","3705939"
"chr5","142013675","142013970","chr15","30190193","30190490","49","111823482"
"chr5","142024776","142025082","chr16","1511202","1511503","33","140513574"
"chr5","142054045","142054275","chr14","111685372","111685596","39","30368673"
"chr5","142080922","142081239","chr12","46524656","46524968","43","95556266"
"chr5","142084103","142084394","chr7","43067043","43067333","33","99017060"
"chr5","142091411","142091707","chr7","12535245","12535539","41","129556166"
"chr5","142107754","142107898","chr6","177341736","177341880","28","35233982"
"chr5","142108053","142108204","chr20","65902013","65902162","23","76206040"
"chr5","142110338","142110645","chr1","182310341","182310641","38","40200003"
"chr5","142115823","142116039","chr1","211915808","211916034","42","69799985"
"chr5","142116291","142116364","chrX","25133927","25133999","9","116982364"
"chr5","142124517","142124815","chr5","51540643","51540938","37","90583874"
"chr5","142141208","142141511","chr10","13406768","13407071","37","128734440"
"chr5","142146677","142146937","chr6","138432024","138432292","41","3714653"
"chr5","142164163","142164457","chr6","138450613","138450914","23","3713550"
"chr5","142167907","142168233","chr6","138452586","138452881","42","3715321"
"chr5","142173255","142173551","chr8","94510144","94510444","33","47663111"
"chr5","142187548","142187788","chr6","138474375","138474613","19","3713173"
"chr5","142205127","142205424","chr1","53708085","53708380","42","88497042"
"chr5","142353404","142353698","chr6","138644570","138644863","18","3708834"
"chr5","142416812","142416985","chr2","165263448","165263618","28","22846636"
"chr5","142486297","142486602","chr6","138771735","138772046","33","3714562"
"chr5","142494382","142494684","chr6","138780660","138780954","27","3713722"
"chr5","142534183","142534489","chr6","138821505","138821801","34","3712678"
"chr5","142535638","142535952","chr15","8672706","8672998","58","133862932"
"chr5","142538629","142538926","chr6","138825677","138825972","21","3712952"
"chr5","142560169","142560474","chr7","164287827","164288138","45","21727658"
"chr5","142561078","142561376","chr1","93505580","93505880","36","49055498"
"chr5","142603063","142603379","chr6","138889532","138889845","29","3713531"
"chr5","142620928","142621236","chr6","138907485","138907794","23","3713443"
"chr5","142695539","142695705","chr15","77705021","77705209","63","64990518"
"chr5","142735374","142735655","chr5","1459273","1459553","30","141276101"
"chr5","142743987","142744296","chr6","139026411","139026720","36","3717576"
"chr5","142777407","142777700","chr6","139058827","139059114","30","3718580"
"chr5","142796936","142797237","chr1","166387645","166387949","44","23590709"
"chr5","142798676","142798807","chr12","121124958","121125092","11","21673718"
"chr5","142801149","142801447","chr2","134713945","134714245","37","8087204"
"chr5","142833112","142833419","chr6","139114919","139115231","23","3718193"
"chr5","142871187","142871478","chr9","90820027","90820317","35","52051160"
"chr5","142933589","142933762","chr19","32197775","32197948","26","110735814"
"chr5","142937098","142937288","chr17","61011127","61011317","28","81925971"
"chr5","142945026","142945314","chr6","139231734","139232034","35","3713292"
"chr5","142956327","142956514","chr3","182382271","182382470","34","39425944"
"chr5","142973046","142973346","chrX","134977768","134978064","29","7995278"
"chr5","142984444","142984618","chr6","124572429","124572608","28","18412015"
"chr5","143014556","143014727","chr16","43272620","43272787","23","99741936"
"chr5","143015017","143015152","chr19","10830410","10830544","11","132184607"
"chr5","143020563","143020796","chr6","139309778","139310010","15","3710785"
"chr5","143030777","143031102","chr6","139320697","139321003","39","3710080"
"chr5","143040692","143040974","chr6","139330605","139330887","19","3710087"
"chr5","143080056","143080326","chr6","139379900","139380165","23","3700156"
"chr5","143083796","143083940","chrX","66006360","66006509","33","77077436"
"chr5","143105506","143105805","chr14","15756054","15756351","30","127349452"
"chr5","143126345","143126638","chr6","139428365","139428664","29","3697980"
"chr5","143134153","143134466","chr6","139436214","139436513","39","3697939"
"chr5","143137205","143137517","chr3","43703531","43703847","36","99433674"
"chr5","143151830","143152113","chr18","60459178","60459462","32","82692652"
"chr5","143210844","143211142","chr20","21068534","21068830","45","122142310"
"chr5","143269626","143269932","chr6","139576532","139576843","30","3693094"
"chr5","143272875","143273169","chr15","110168338","110168631","43","33104537"
"chr5","143284090","143284383","chr9","14570990","14571291","57","128713100"
"chr5","143289126","143289241","chr1","128860210","128860319","20","14428916"
"chr5","143299965","143300135","chrX","21679897","21680068","31","121620068"
"chr5","143300766","143301082","chr6","139608969","139609288","33","3691797"
"chr5","143357141","143357447","chr6","139668156","139668463","29","3688985"
"chr5","143380583","143380878","chr6","139692979","139693279","28","3687604"
"chr5","143381706","143381995","chr6","139694130","139694418","21","3687576"
"chr5","143389702","143389988","chr6","139702270","139702556","16","3687432"
"chr5","143399755","143400051","chr6","139712533","139712825","28","3687222"
"chr5","143438581","143438878","chr16","19390725","19391013","41","124047856"
"chr5","143444844","143445138","chr7","18502191","18502489","29","124942653"
"chr5","143470857","143471149","chr6","139787920","139788224","33","3682937"
"chr5","143516798","143517086","chr1","40649200","40649488","40","102867598"
"chr5","143518267","143518445","chr13","25668157","25668326","49","117850110"
"chr5","143521329","143521608","chr6","139837978","139838258","20","3683351"
"chr5","143535580","143535886","chr6","139853571","139853880","28","3682009"
"chr5","143538384","143538664","chr6","139856764","139857046","11","3681620"
"chr5","143565516","143565825","chr16","50407017","50407328","35","93158499"
"chr5","143570237","143570366","chr14","56935844","56935965","21","86634393"
"chr5","143571446","143571627","chr15","49802431","49802606","31","93769015"
"chr5","143571903","143572203","chr6","139894304","139894603","17","3677599"
"chr5","143588953","143589239","chr6","139911948","139912234","19","3677005"
"chr5","143617217","143617515","chr10","80251899","80252198","32","63365318"
"chr5","143626840","143627127","chr9","88377292","88377585","39","55249548"
"chr5","143634203","143634374","chr4","118097067","118097239","23","25537136"
"chr5","143647049","143647352","chr6","139973334","139973635","29","3673715"
"chr5","143665074","143665299","chr13","9933233","9933462","27","133731841"
"chr5","143672208","143672519","chr1","8842551","8842862","38","134829657"
"chr5","143675139","143675252","chr14","195049","195159","11","143480090"
"chr5","143675888","143676184","chr6","140000948","140001244","32","3674940"
"chr5","143677364","143677501","chr16","45212042","45212182","15","98465322"
"chr5","143682948","143683127","chr19","12924575","12924752","33","130758373"
"chr5","143686999","143687280","chr16","59413139","59413420","32","84273860"
"chr5","143692130","143692354","chr1","31814913","31815132","40","111877217"
"chr5","143707887","143708199","chr11","12259455","12259762","48","131448432"
"chr5","143709734","143710023","chr9","5713218","5713508","48","137996516"
"chr5","143718910","143719258","chr6","140040906","140041220","62","3678004"
"chr5","143727098","143727392","chr9","69080095","69080387","31","74647003"
"chr5","143732812","143733117","chr6","140054368","140054673","31","3678444"
"chr5","143736972","143737269","chr14","46148744","46149038","34","97588228"
"chr5","143772054","143772191","chr1","36723856","36723994","23","107048198"
"chr5","143773004","143773150","chr3","40638454","40638604","34","103134550"
"chr5","143802484","143802792","chr3","43024886","43025192","37","100777598"
"chr5","143807441","143807734","chr6","140129906","140130200","22","3677535"
"chr5","143814130","143814398","chr6","140138925","140139215","46","3675205"
"chr5","143827044","143827338","chr17","29061876","29062170","37","114765168"
"chr5","143836363","143836647","chr1","40649200","40649488","44","103187163"
"chr5","143838268","143838557","chr10","37937441","37937734","48","105900827"
"chr5","143843315","143843600","chr6","140169660","140169959","40","3673655"
"chr5","143853365","143853662","chr6","140180413","140180712","31","3672952"
"chr5","143867746","143868041","chr3","62999264","62999556","36","80868482"
"chr5","143884072","143884367","chr6","140213857","140214154","26","3670215"
"chr5","143899397","143899439","chr5","85373418","85373463","10","58525979"
"chr5","143903978","143904259","chr15","40988593","40988874","35","102915385"
"chr5","143906482","143906783","chr5","51540643","51540938","33","92365839"
"chr5","143929274","143929573","chr6","140263877","140264182","29","3665397"
"chr5","143952432","143952717","chr6","140293002","140293308","43","3659430"
"chr5","143957478","143957778","chr7","162016454","162016752","36","18058976"
"chr5","143960873","143960978","chr3","464121","464227","13","143496752"
"chr5","143960980","143961084","chr6","140302829","140302933","9","3658151"
"chr5","143968628","143968936","chr15","42266168","42266476","35","101702460"
"chr5","143988534","143988660","chr6","37034735","37034861","13","106953799"
"chr5","143990427","143990561","chr12","121124958","121125092","14","22865469"
"chr5","143995837","143996134","chr14","15756054","15756351","28","128239783"
"chr5","144033466","144033754","chr6","140375897","140376188","24","3657569"
"chr5","144069043","144069369","chr6","131521731","131522059","49","12547312"
"chr5","144080961","144081254","chr1","123655358","123655653","39","20425603"
"chr5","144086903","144087205","chr12","107131131","107131428","33","36955772"
"chr5","144095290","144095587","chr6","140426604","140426898","34","3668686"
"chr5","144135904","144136194","chr16","48001050","48001345","39","96134854"
"chr5","144156838","144157068","chr7","130360802","130361029","30","13796036"
"chr5","144187941","144188249","chr4","158986143","158986450","38","14798202"
"chr5","144195942","144196242","chr6","140529513","140529800","35","3666429"
"chr5","144268428","144268732","chr1","209088949","209089254","31","64820521"
"chr5","144278902","144279236","chr6","140613409","140613703","68","3665493"
"chr5","144314949","144315247","chr6","140649111","140649408","26","3665838"
"chr5","144374313","144374616","chr4","68361811","68362115","37","76012502"
"chr5","144380955","144381247","chr6","140711720","140712017","29","3669235"
"chr5","144382089","144382371","chr6","140712867","140713153","27","3669222"
"chr5","144459938","144460240","chrX","30090136","30090440","37","114369802"
"chr5","144470715","144470981","chr12","89571011","89571299","55","54899704"
"chr5","144509526","144509665","chr6","140844833","140844967","20","3664693"
"chr5","144509964","144510120","chr10","79681748","79681907","25","64828216"
"chr5","144535366","144535661","chr1","125339756","125340057","34","19195610"
"chr5","144570200","144570499","chr6","140907162","140907461","22","3663038"
"chr5","144624745","144625042","chr6","140961534","140961847","36","3663211"
"chr5","144627175","144627479","chr3","166005666","166005965","32","21378491"
"chr5","144639705","144639986","chr17","1021940","1022220","32","143617765"
"chr5","144657100","144657412","chr6","140994755","140995066","31","3662345"
"chr5","144696414","144696590","chr7","166240262","166240432","27","21543848"
"chr5","144696618","144696711","chr1","217601615","217601698","19","72904997"
"chr5","144747568","144747722","chr2","126452933","126453084","32","18294635"
"chr5","144817261","144817531","chr6","141156159","141156427","15","3661102"
"chr5","144821234","144821541","chr6","65306342","65306655","37","79514892"
"chr5","144925520","144925832","chr6","141262757","141263069","26","3662763"
"chr5","144961614","144961908","chr3","113501913","113502208","31","31459701"
"chr5","144971367","144971649","chr4","36539070","36539346","46","108432297"
"chr5","144987929","144988205","chr20","41055128","41055405","39","103932801"
"chr5","144999694","144999978","chr6","141338105","141338396","26","3661589"
"chr5","145000345","145000580","chr18","40138179","40138411","36","104862166"
"chr5","145007223","145007498","chr6","141345611","141345890","25","3661612"
"chr5","145078915","145079209","chr10","52947352","52947646","37","92131563"
"chr5","145110744","145111054","chr6","141454093","141454404","19","3656651"
"chr5","145124863","145125168","chrX","94880946","94881247","33","50243917"
"chr5","145154207","145154517","chrX","47581011","47581317","37","97573196"
"chr5","145173093","145173339","chr6","141515009","141515257","23","3658084"
"chr5","145216632","145216926","chr6","141558659","141558951","33","3657973"
"chr5","145261637","145261943","chr6","141607116","141607417","33","3654521"
"chr5","145276775","145277091","chr6","141622626","141622936","37","3654149"
"chr5","145320754","145321053","chr6","75775282","75775584","34","69545472"
"chr5","145389205","145389551","chr6","141727418","141727730","53","3661787"
"chr5","145396231","145396538","chr6","141734395","141734704","31","3661836"
"chr5","145450742","145451051","chr6","141786442","141786740","25","3664300"
"chr5","145527435","145527697","chr7","97451998","97452247","49","48075437"
"chr5","145680569","145680859","chr6","142019756","142020058","27","3660813"
"chr5","145914101","145914396","chr6","142287090","142287393","36","3627011"
"chr5","145915188","145915473","chr6","142288194","142288484","27","3626994"
"chr5","145961786","145962094","chr6","142328852","142329160","35","3632934"
"chr5","146044169","146044363","chr7","126282615","126282791","44","19761554"
"chr5","146061818","146062118","chr6","142419944","142420244","22","3641874"
"chr5","146086186","146086506","chr2","90692384","90692698","49","55393802"
"chr5","146128254","146128597","chr6","142474855","142475168","61","3653399"
"chr5","146303876","146304173","chr6","142703391","142703685","18","3600485"
"chr5","146363615","146363927","chr7","81771278","81771588","40","64592337"
"chr5","146465807","146466083","chr6","142908010","142908290","31","3557797"
"chr5","146482430","146482710","chr6","142921893","142922171","30","3560537"
"chr5","146638973","146639254","chr19","41639801","41640082","30","104999172"
"chr5","146642054","146642384","chr1","76689890","76690211","52","69952164"
"chr5","146685848","146686157","chr4","158986143","158986450","38","12300295"
"chr5","146733389","146733530","chr1","29438048","29438196","30","117295341"
"chr5","146756163","146756451","chr6","143225136","143225431","31","3531027"
"chr5","146810379","146810515","chr3","183731879","183732019","22","36921500"
"chr5","147092366","147092667","chr3","142934307","142934610","36","4158059"
"chr5","147102166","147102446","chr7","154642205","154642488","37","7540039"
"chr5","147187482","147187660","chr8","126054004","126054184","27","21133478"
"chr5","147187678","147187972","chr6","143751993","143752281","27","3435685"
"chr5","147322656","147322957","chr5","2843096","2843396","37","144479560"
"chr5","147379009","147379316","chr6","68100155","68100459","43","79278854"
"chr5","147428555","147428860","chr6","143990371","143990670","56","3438184"
"chr5","147429167","147429474","chr6","143990978","143991283","27","3438189"
"chr5","147512794","147512931","chr9","98493446","98493577","19","49019348"
"chr5","147547861","147548141","chr6","144118266","144118554","25","3429595"
"chr5","147557976","147558267","chr6","144129387","144129685","30","3428589"
"chr5","147567016","147567312","chr6","144139099","144139393","36","3427917"
"chr5","147572708","147573017","chr20","72794334","72794631","48","74778374"
"chr5","147618466","147618776","chr4","157263376","157263685","46","9644910"
"chr5","147634696","147634825","chr8","53751404","53751531","11","93883292"
"chr5","147642498","147642771","chr7","166112688","166112962","44","18470190"
"chr5","147642772","147643009","chr6","144215059","144215300","28","3427713"
"chr5","147648134","147648428","chr19","43260195","43260498","50","104387939"
"chr5","147652298","147652606","chr2","108406683","108406989","43","39245615"
"chr5","147661543","147661826","chr1","31889744","31890030","39","115771799"
"chr5","147664681","147664826","chr2","188378796","188378944","25","40714115"
"chr5","147665393","147665523","chr20","15201421","15201555","14","132463972"
"chr5","147677608","147677907","chr6","144250596","144250906","32","3427012"
"chr5","147684951","147685254","chr3","76671629","76671930","33","71013322"
"chr5","147693604","147693718","chr7","56497314","56497433","20","91196290"
"chr5","147693808","147693963","chr6","144277080","144277235","11","3416728"
"chr5","147694173","147694477","chr6","144277470","144277769","21","3416703"
"chr5","147699146","147699439","chr2","165027866","165028164","42","17328720"
"chr5","147700204","147700498","chr19","2460124","2460416","31","145240080"
"chr5","147700740","147701038","chr7","18502191","18502489","31","129198549"
"chr5","147705094","147705395","chr6","144288367","144288677","31","3416727"
"chr5","147718325","147718650","chr1","41805196","41805511","45","105913129"
"chr5","147718853","147719143","chr6","144303071","144303362","24","3415782"
"chr5","147724860","147725174","chr6","144309259","144309567","24","3415601"
"chr5","147735948","147736114","chr2","75701337","75701508","28","72034611"
"chr5","147737354","147737654","chr6","144322497","144322798","32","3414857"
"chr5","147742060","147742349","chr6","144327609","144327915","44","3414451"
"chr5","147743991","147744295","chr14","15756054","15756351","41","131987937"
"chr5","147829437","147829564","chr11","110188915","110189043","20","37640522"
"chr5","147829751","147829921","chr15","24158980","24159148","26","123670771"
"chr5","147863587","147863858","chr6","144455673","144455917","42","3407914"
"chr5","147875258","147875554","chr6","144468462","144468751","29","3406796"
"chr5","147878754","147879047","chr6","144471282","144471574","31","3407472"
"chr5","147901712","147901940","chr20","15072996","15073241","48","132828716"
"chr5","147905905","147906203","chr6","144498641","144498948","39","3407264"
"chr5","147913005","147913304","chrX","52560249","52560544","46","95352756"
"chr5","147915340","147915475","chr1","130415820","130415954","20","17499520"
"chr5","147915834","147916144","chr3","180625486","180625795","38","32709652"
"chr5","147966537","147966838","chr6","144559449","144559751","27","3407088"
"chr5","147979155","147979454","chr6","144571911","144572204","34","3407244"
"chr5","147991331","147991631","chr6","144585013","144585324","32","3406318"
"chr5","147996358","147996644","chr6","144591178","144591466","38","3405180"
"chr5","147999559","147999830","chr9","102218484","102218763","45","45781075"
"chr5","148027306","148027596","chr11","50489714","50490005","36","97537592"
"chr5","148072757","148073048","chr14","111646507","111646801","36","36426250"
"chr5","148089340","148089641","chr6","144701664","144701962","35","3387676"
"chr5","148228767","148229077","chr18","371369","371677","39","147857398"
"chr5","148241823","148242118","chr6","144852838","144853127","33","3388985"
"chr5","148242702","148243000","chr6","144853710","144853991","42","3388992"
"chr5","148285633","148285802","chr6","58863249","58863409","28","89422384"
"chr5","148293224","148293518","chr1","64584409","64584705","43","83708815"
"chr5","148365236","148365540","chr6","144978047","144978358","34","3387189"
"chr5","148389369","148389663","chr16","5048763","5049058","36","143340606"
"chr5","148445244","148445538","chr6","145058883","145059185","25","3386361"
"chr5","148583360","148583663","chr4","48595326","48595633","39","99988034"
"chr5","148730576","148730671","chr12","114434094","114434193","12","34296482"
"chr5","148731748","148731948","chr19","34834553","34834754","25","113897195"
"chr5","148959701","148959991","chr10","36159633","36159924","34","112800068"
"chr5","148971181","148971460","chr6","145568884","145569172","21","3402297"
"chr5","148979434","148979728","chr13","14714807","14715101","34","134264627"
"chr5","148988536","148988830","chr9","26764480","26764765","51","122224056"
"chr5","149008609","149008898","chr19","29088081","29088361","44","119920528"
"chr5","149009827","149010107","chr12","11859621","11859899","38","137150206"
"chr5","149015012","149015327","chr3","3561777","3562087","57","145453235"
"chr5","149015328","149015605","chr9","98621280","98621560","55","50394048"
"chr5","149055740","149056029","chr7","27249831","27250111","40","121805909"
"chr5","149084012","149084296","chr10","28584966","28585249","31","120499046"
"chr5","149094573","149094881","chr10","72366392","72366697","43","76728181"
"chr5","149170627","149170869","chr6","145760661","145760913","31","3409966"
"chr5","149257472","149257785","chr6","145841698","145842001","42","3415774"
"chr5","149270201","149270500","chr10","31766090","31766389","32","117504111"
"chr5","149295955","149296239","chr6","145877322","145877601","28","3418633"
"chr5","149375216","149375455","chr7","145988572","145988809","42","3386644"
"chr5","149559496","149559787","chr1","41691570","41691860","41","107867926"
"chr5","149570233","149570516","chr15","79894939","79895223","35","69675294"
"chr5","149592086","149592369","chr17","29335507","29335791","33","120256579"
"chr5","149629481","149629802","chr6","146224220","146224541","40","3405261"
"chr5","149874558","149874867","chr11","104740757","104741068","33","45133801"
"chr5","149920421","149920668","chr6","146609282","146609530","30","3311139"
"chr5","150042965","150043220","chr9","72686847","72687092","42","77356118"
"chr5","150089948","150090257","chr1","24211287","24211597","38","125878661"
"chr5","150096222","150096494","chr8","142242840","142243113","41","7853382"
"chr5","150263690","150263979","chr7","19502793","19503085","34","130760897"
"chr5","150303324","150303385","chr6","146979860","146979921","4","3323464"
"chr5","150303739","150303972","chr6","146980272","146980487","33","3323467"
"chr5","150399098","150399292","chr15","31981090","31981280","28","118418008"
"chr5","150522664","150522973","chr20","16792518","16792814","47","133730146"
"chr5","150532148","150532433","chr6","147208925","147209210","18","3323223"
"chr5","150564734","150565037","chr15","4339141","4339440","39","146225593"
"chr5","150779494","150779783","chr3","165332839","165333127","29","14553345"
"chr5","150781326","150781613","chr1","39808407","39808699","35","110972919"
"chr5","150837334","150837677","chr6","147522743","147523089","28","3314591"
"chr5","150854364","150854659","chrX","52560249","52560544","38","98294115"
"chr5","150863433","150863725","chr6","147549243","147549536","32","3314190"
"chr5","150865029","150865322","chr3","2986573","2986865","32","147878456"
"chr5","150875118","150875400","chr7","80219634","80219914","38","70655484"
"chr5","150894496","150894782","chr1","51464788","51465074","36","99429708"
"chr5","150895210","150895507","chr11","46510372","46510669","32","104384838"
"chr5","150895981","150896269","chr11","93289483","93289776","28","57606498"
"chr5","150897536","150897819","chr12","20843965","20844245","31","130053571"
"chr5","150908064","150908169","chr12","106135345","106135451","15","44772719"
"chr5","150915552","150915726","chr8","100272382","100272549","25","50643170"
"chr5","150977122","150977419","chr6","147667724","147668021","18","3309398"
"chr5","150979283","150979541","chr6","147669842","147670094","32","3309441"
"chr5","150980315","150980553","chrX","59817136","59817360","42","91163179"
"chr5","150982638","150982932","chr6","147673621","147673913","26","3309017"
"chr5","150987468","150987743","chr17","46917367","46917642","32","104070101"
"chr5","150988238","150988523","chr1","156308573","156308861","35","5320335"
"chr5","150990545","150990718","chr1","26002247","26002415","23","124988298"
"chr5","150990770","150991052","chr6","56014347","56014628","37","94976423"
"chr5","150991053","150991179","chr6","147681010","147681135","12","3310043"
"chr5","151003714","151004011","chr6","147701066","147701362","37","3302648"
"chr5","151009948","151010253","chr6","147707332","147707641","26","3302616"
"chr5","151010659","151010953","chr6","147708325","147708622","25","3302334"
"chr5","151018796","151019119","chr6","147716263","147716586","22","3302533"
"chr5","151020463","151020767","chr6","147717908","147718215","25","3302555"
"chr5","151030243","151030526","chr7","77698309","77698596","36","73331934"
"chr5","151037548","151037840","chr6","147735034","147735336","32","3302514"
"chr5","151042756","151043053","chr3","36442876","36443174","35","114599880"
"chr5","151053642","151053956","chr2","204000849","204001159","41","52947207"
"chr5","151054404","151054712","chr1","212378139","212378450","37","61323735"
"chr5","151065047","151065340","chr4","107595634","107595933","39","43469413"
"chr5","151071124","151071138","chr8","44265116","44265129","1","106806008"
"chr5","151071168","151071448","chr1","31993798","31994075","39","119077370"
"chr5","151096163","151096375","chr8","72020952","72021154","31","79075211"
"chr5","151108783","151109089","chr15","8289649","8289960","46","142819134"
"chr5","151138693","151138988","chr6","147836081","147836376","19","3302612"
"chr5","151146693","151146872","chr6","147844333","147844513","16","3302360"
"chr5","151147169","151147313","chr6","147844813","147844957","3","3302356"
"chr5","151149419","151149728","chr6","147847098","147847407","26","3302321"
"chr5","151164853","151165150","chr6","147862613","147862904","25","3302240"
"chr5","151168511","151168801","chr11","49132682","49132972","32","102035829"
"chr5","151182218","151182528","chr12","88540194","88540506","29","62642024"
"chr5","151185928","151186104","chr6","147883034","147883208","19","3302894"
"chr5","151186242","151186374","chr6","147883314","147883437","18","3302928"
"chr5","151194956","151195106","chr14","69005087","69005239","32","82189869"
"chr5","151199473","151199770","chr4","85375768","85376066","49","65823705"
"chr5","151217597","151217902","chr13","20376680","20376985","37","130840917"
"chr5","151231169","151231502","chr1","7216647","7216973","54","144014522"
"chr5","151290086","151290392","chr14","7422043","7422345","26","143868043"
"chr5","151307808","151308050","chr6","148005492","148005743","23","3302316"
"chr5","151322402","151322699","chr11","55122642","55122939","38","96199760"
"chr5","151335268","151335485","chr20","18200661","18200881","39","133134607"
"chr5","151353552","151353833","chr6","148052747","148053028","17","3300805"
"chr5","151406741","151407033","chr6","148109322","148109616","28","3297419"
"chr5","151441969","151442266","chr3","36442876","36443174","34","114999093"
"chr5","151581702","151581931","chr6","148287033","148287262","25","3294669"
"chr5","151610962","151611277","chr6","148316128","148316436","32","3294834"
"chr5","151629756","151630056","chr8","135916610","135916907","35","15713146"
"chr5","151655303","151655606","chr7","41300059","41300359","36","110355244"
"chr5","151663325","151663636","chr6","148368707","148369010","33","3294618"
"chr5","151679023","151679334","chr7","82393560","82393871","37","69285463"
"chr5","151688389","151688525","chr11","63258087","63258221","16","88430302"
"chr5","151772073","151772306","chr10","61029967","61030201","28","90742106"
"chr5","151772951","151773235","chr1","44954684","44954966","39","106818267"
"chr5","151774624","151774922","chr6","129934590","129934892","40","21840034"
"chr5","151777925","151778218","chr6","148482495","148482796","31","3295430"
"chr5","151787595","151787891","chr2","50012025","50012324","41","101775570"
"chr5","151840357","151840662","chr6","148542684","148542995","32","3297673"
"chr5","151860358","151860647","chr11","116916338","116916630","33","34944020"
"chr5","151874113","151874413","chr6","148573084","148573394","50","3301029"
"chr5","151880452","151880749","chr6","148579505","148579798","31","3300947"
"chr5","151881292","151881498","chr6","148580674","148580872","32","3300618"
"chr5","151892474","151892744","chr14","104454047","104454314","43","47438427"
"chr5","151893434","151893584","chr6","147844813","147844957","17","4048621"
"chr5","151898616","151898905","chr6","148596021","148596319","36","3302595"
"chr5","151925261","151925574","chrX","41298153","41298459","39","110627108"
"chr5","151991693","151991998","chr6","148691587","148691893","22","3300106"
"chr5","151993535","151993817","chr12","12227640","12227920","36","139765895"
"chr5","151999526","151999733","chr7","32729330","32729532","39","119270196"
"chr5","152056666","152056957","chr16","74240002","74240299","36","77816664"
"chr5","152083683","152083978","chr6","148807699","148807984","32","3275984"
"chr5","152098017","152098310","chr6","148822273","148822552","37","3275744"
"chr5","152105517","152105814","chr6","148829980","148830284","27","3275537"
"chr5","152113378","152113680","chr6","148838351","148838648","33","3275027"
"chr5","152140818","152141120","chr10","10244591","10244883","64","141896227"
"chr5","152141437","152141737","chr20","34723405","34723706","31","117418032"
"chr5","152201013","152201322","chr3","155100460","155100758","40","2899447"
"chr5","152205436","152205571","chr5","3251194","3251329","13","148954242"
"chr5","152241649","152241960","chr19","50540456","50540766","38","101701193"
"chr5","152353605","152353891","chr3","179291321","179291605","40","26937716"
"chr5","152387042","152387353","chr6","149055425","149055741","30","3331617"
"chr5","152430754","152431050","chr6","149089920","149090214","24","3340834"
"chr5","152474557","152474848","chr1","128612759","128613052","40","23861798"
"chr5","152487455","152487679","chr6","149146638","149146862","14","3340817"
"chr5","152541289","152541400","chr15","6985670","6985781","13","145555619"
"chr5","152579136","152579441","chr1","135564965","135565271","43","17014171"
"chr5","152601389","152601682","chr11","120161197","120161494","35","32440192"
"chr5","152604909","152605206","chr6","149272044","149272341","34","3332865"
"chr5","152628853","152629130","chr6","149297236","149297515","35","3331617"
"chr5","152644089","152644355","chr6","149313030","149313296","20","3331059"
"chr5","152644498","152644810","chr11","26862104","26862413","34","125782394"
"chr5","152652942","152653209","chr6","149321440","149321732","40","3331502"
"chr5","152654379","152654675","chr10","86027432","86027728","34","66626947"
"chr5","152664451","152664762","chr6","149332965","149333271","28","3331486"
"chr5","152689572","152689725","chr20","65902013","65902162","22","86787559"
"chr5","152690955","152691108","chr5","184351736","184351872","27","31660781"
"chr5","152699563","152699868","chr6","149368635","149368929","34","3330928"
"chr5","152709310","152709606","chr1","123659247","123659540","37","29050063"
"chr5","152710623","152710933","chr1","24173970","24174272","43","128536653"
"chr5","152725767","152726046","chrX","44738121","44738403","38","107987646"
"chr5","152733748","152734056","chrX","24053509","24053813","33","128680239"
"chr5","152749720","152750018","chr6","149422256","149422549","24","3327464"
"chr5","152750990","152751272","chr6","149423534","149423815","28","3327456"
"chr5","152784091","152784367","chr3","10888075","10888350","40","141896016"
"chr5","152790068","152790368","chr6","20317307","20317607","37","132472761"
"chr5","152805205","152805305","chr1","20628345","20628440","16","132176860"
"chr5","152827218","152827501","chr6","149513530","149513823","30","3313688"
"chr5","152847589","152847782","chr7","71783059","71783252","38","81064530"
"chr5","152854023","152854313","chr6","149542276","149542579","33","3311747"
"chr5","152855554","152855733","chr7","133114354","133114541","23","19741200"
"chr5","152871215","152871499","chr6","149557751","149558036","37","3313464"
"chr5","152884794","152884806","chr1","34951994","34952004","2","117932800"
"chr5","152889336","152889637","chr7","34134376","34134677","37","118754960"
"chr5","152894432","152894723","chr13","54992993","54993292","43","97901439"
"chr5","152927039","152927322","chr7","137407258","137407535","34","15519781"
"chr5","152943683","152943993","chr6","149634270","149634566","40","3309413"
"chr5","152945929","152946226","chr6","149636485","149636782","21","3309444"
"chr5","152965582","152965887","chr6","149657013","149657300","37","3308569"
"chr5","152975325","152975617","chr6","149667107","149667399","22","3308218"
"chr5","152985239","152985526","chr7","84112350","84112645","42","68872889"
"chr5","153042680","153042819","chr3","183731879","183732019","21","30689199"
"chr5","153059589","153059872","chr7","80219634","80219914","39","72839955"
"chr5","153060607","153060917","chr6","149754652","149754954","26","3305955"
"chr5","153077478","153077765","chr6","149771633","149771928","31","3305845"
"chr5","153095473","153095766","chr6","149789021","149789314","26","3306452"
"chr5","153116628","153116942","chr6","149810399","149810699","33","3306229"
"chr5","153118387","153118687","chr6","149812161","149812461","24","3306226"
"chr5","153126780","153126974","chr11","2904691","2904882","22","150222089"
"chr5","153128348","153128658","chr6","149822050","149822337","40","3306298"
"chr5","153155209","153155405","chr16","48484668","48484845","41","104670541"
"chr5","153155621","153155923","chr6","149850544","149850850","29","3305077"
"chr5","153159799","153160097","chr19","12166905","12167203","37","140992894"
"chr5","153160988","153161115","chr6","149855780","149855906","14","3305208"
"chr5","153161413","153161541","chr6","149856208","149856327","13","3305205"
"chr5","153168068","153168365","chr3","64580661","64580960","37","88587407"
"chr5","153174228","153174374","chr11","50379896","50380038","19","102794332"
"chr5","153175365","153175538","chrX","41188728","41188898","28","111986637"
"chr5","153195402","153195690","chr6","149889053","149889349","26","3306349"
"chr5","153195904","153196198","chr16","48001050","48001345","30","105194854"
"chr5","153219082","153219367","chr6","149921612","149921901","24","3297470"
"chr5","153222233","153222522","chr6","149924740","149925020","25","3297493"
"chr5","153264170","153264443","chr15","92579439","92579710","40","60684731"
"chr5","153269848","153270141","chr6","149971692","149971996","29","3298156"
"chr5","153367491","153367786","chr6","150076416","150076707","31","3291075"
"chr5","153494899","153495183","chr6","150184211","150184509","32","3310688"
"chr5","153541152","153541285","chrX","63346487","63346622","13","90194665"
"chr5","153638015","153638319","chr6","150322467","150322767","32","3315548"
"chr5","153772156","153772468","chr14","7643073","7643368","43","146129083"
"chr5","153818072","153818342","chr6","150518458","150518736","29","3299614"
"chr5","153958310","153958625","chr6","150651924","150652232","34","3306386"
"chr5","153991227","153991539","chr6","150684615","150684927","35","3306612"
"chr5","154027987","154028277","chr10","7678604","7678892","37","146349383"
"chr5","154046223","154046540","chr6","150738915","150739221","40","3307308"
"chr5","154046644","154046909","chr7","61582296","61582559","36","92464348"
"chr5","154058875","154059171","chr6","150751553","150751849","21","3307322"
"chr5","154088292","154088409","chr1","162948066","162948191","24","8859774"
"chr5","154284492","154284786","chr6","150958119","150958416","32","3326373"
"chr5","154293595","154293882","chr13","14714807","14715101","47","139578788"
"chr5","154312642","154312945","chr6","150986459","150986762","27","3326183"
"chr5","154317424","154317735","chr6","150991107","150991403","36","3326317"
"chr5","154662151","154662436","chr16","53509914","53510198","40","101152237"
"chr5","154668051","154668350","chr19","33742345","33742643","41","120925706"
"chr5","154706548","154706832","chr6","151361349","151361631","34","3345199"
"chr5","154823003","154823295","chr6","151474575","151474870","35","3348428"
"chr5","154959744","154960050","chr19","11620016","11620322","39","143339728"
"chr5","154975069","154975385","chr5","184066657","184066960","49","29091588"
"chr5","154998274","154998503","chr14","5368793","5369028","35","149629481"
"chr5","155044043","155044354","chr6","151685836","151686147","24","3358207"
"chr5","155195546","155195843","chr8","96020005","96020303","35","59175541"
"chr5","155206593","155206900","chr6","151900764","151901076","32","3305829"
"chr5","155226418","155226561","chr7","16748615","16748755","16","138477803"
"chr5","155315873","155316174","chr6","152016300","152016597","39","3299573"
"chr5","155475115","155475415","chr14","89051465","89051765","25","66423650"
"chr5","155578854","155579024","chr11","121440472","121440639","31","34138382"
"chr5","155622200","155622501","chr6","73393768","73394067","35","82228432"
"chr5","155705328","155705631","chr6","152405971","152406281","28","3299357"
"chr5","155710733","155711042","chrX","130457211","130457521","38","25253522"
"chr5","155727276","155727496","chr8","20663118","20663333","46","135064158"
"chr5","155789669","155789895","chr20","69281148","69281373","33","86508521"
"chr5","155806771","155807078","chr6","152508415","152508714","30","3298356"
"chr5","155816413","155816720","chr6","152518685","152518993","37","3297728"
"chr5","155825340","155825641","chr6","152526786","152527082","26","3298554"
"chr5","155888373","155888668","chr10","30442537","30442830","26","125445836"
"chr5","155901144","155901457","chr6","152601714","152602041","38","3299430"
"chr5","155903559","155903765","chr16","48832142","48832352","41","107071417"
"chr5","155904221","155904520","chr6","152604854","152605140","29","3299367"
"chr5","155907549","155907667","chr6","152608495","152608607","14","3299054"
"chr5","155907930","155908128","chr4","56235115","56235309","36","99672815"
"chr5","155911227","155911537","chr20","4588641","4588948","36","151322586"
"chr5","155915954","155916064","chr16","4335933","4336040","12","151580021"
"chr5","155925907","155926208","chr4","159427058","159427359","33","3501151"
"chr5","155930888","155931112","chr16","9675962","9676190","33","146254926"
"chr5","155931922","155932207","chr7","3450180","3450461","35","152481742"
"chr5","155932374","155932671","chr6","152633416","152633718","19","3298958"
"chr5","155936713","155936848","chr10","31067832","31067967","12","124868881"
"chr5","155936855","155936943","chr11","43832965","43833051","11","112103890"
"chr5","155939865","155940150","chr6","152641070","152641352","25","3298795"
"chr5","155961317","155961609","chr10","31933982","31934272","41","124027335"
"chr5","155965173","155965479","chrX","95106921","95107224","48","60858252"
"chr5","155969561","155969846","chr2","84531970","84532261","29","71437591"
"chr5","155973238","155973539","chr6","152675911","152676211","12","3297327"
"chr5","156006512","156006711","chr6","152711931","152712130","13","3294581"
"chr5","156006798","156006921","chr6","152712213","152712330","23","3294585"
"chr5","156020896","156021202","chr6","152722916","152723225","42","3297980"
"chr5","156035757","156036055","chr14","113773099","113773398","42","42262658"
"chr5","156036110","156036263","chr7","137476596","137476751","27","18559514"
"chr5","156050152","156050458","chr6","152742840","152743131","51","3307312"
"chr5","156057189","156057335","chr4","44130284","44130433","19","111926905"
"chr5","156060045","156060324","chr19","29088081","29088361","36","126971964"
"chr5","156064163","156064286","chr1","7373118","7373239","16","148691045"
"chr5","156077148","156077199","chr10","31190741","31190791","7","124886407"
"chr5","156077327","156077370","chr1","142219534","142219575","8","13857793"
"chr5","156079038","156079327","chr11","54607984","54608265","44","101471054"
"chr5","156082249","156082541","chr16","5048763","5049058","30","151033486"
"chr5","156089115","156089401","chr3","50522295","50522583","66","105566820"
"chr5","156089542","156089817","chr3","126045439","126045709","47","30044103"
"chr5","156091547","156091837","chr20","42678956","42679249","51","113412591"
"chr5","156095150","156095372","chr14","111685372","111685596","38","44409778"
"chr5","156100299","156100461","chr2","89615828","89615980","28","66484471"
"chr5","156104328","156104624","chrX","23351237","23351529","31","132753091"
"chr5","156122126","156122425","chr13","92819900","92820199","35","63302226"
"chr5","156129656","156129789","chr1","221479214","221479348","20","65349558"
"chr5","156130321","156130581","chr16","68772362","68772622","41","87357959"
"chr5","156134612","156134893","chr6","152840786","152841077","31","3293826"
"chr5","156135514","156135811","chr1","37071095","37071392","40","119064419"
"chr5","156135952","156136285","chr11","32612650","32612989","49","123523302"
"chr5","156137721","156138014","chr10","86833856","86834153","41","69303865"
"chr5","156146406","156146486","chr6","152851622","152851702","2","3294784"
"chr5","156146780","156146937","chr10","83115963","83116119","20","73030817"
"chr5","156151165","156151477","chr6","152857871","152858180","33","3293294"
"chr5","156158796","156159096","chr10","36894912","36895216","37","119263884"
"chr5","156167574","156167811","chr4","130475884","130476119","43","25691690"
"chr5","156225843","156226151","chr6","152933647","152933950","28","3292196"
"chr5","156247890","156248192","chr6","32157411","32157710","30","124090479"
"chr5","156266195","156266493","chrX","41694245","41694543","29","114571950"
"chr5","156290634","156290925","chr6","153000628","153000963","78","3290006"
"chr5","156303265","156303551","chr1","31889744","31890030","44","124413521"
"chr5","156307247","156307542","chrX","90822918","90823214","45","65484329"
"chr5","156311602","156311874","chr1","129089131","129089396","32","27222471"
"chr5","156331636","156331793","chr10","79681748","79681907","23","76649888"
"chr5","156332098","156332232","chr16","18855701","18855834","11","137476397"
"chr5","156355270","156355568","chr6","153064126","153064431","37","3291144"
"chr5","156360347","156360639","chr6","153069175","153069467","20","3291172"
"chr5","156372434","156372672","chr6","153082888","153083127","21","3289546"
"chr5","156376278","156376573","chr6","153085836","153086136","28","3290442"
"chr5","156394386","156394678","chr6","153104648","153104948","30","3289738"
"chr5","156423472","156423778","chr3","164494607","164494917","43","8071135"
"chr5","156429017","156429326","chr1","95460659","95460962","42","60968358"
"chr5","156457525","156457826","chr6","153178385","153178687","31","3279140"
"chr5","156481619","156481775","chr11","67486519","67486682","32","88995100"
"chr5","156506436","156506741","chr1","14463479","14463782","32","142042957"
"chr5","156514451","156514729","chr6","153233428","153233704","28","3281023"
"chr5","156534768","156535079","chr6","153254165","153254475","29","3280603"
"chr5","156649005","156649170","chr3","160490400","160490565","25","3841395"
"chr5","156725633","156725940","chr17","82239143","82239453","34","74486490"
"chr5","156795420","156795738","chr6","153506426","153506743","33","3288994"
"chr5","156919183","156919487","chr1","81854260","81854563","35","75064923"
"chr5","156969809","156969936","chr19","46542070","46542198","14","110427739"
"chr5","157027360","157027662","chr20","53691046","53691354","46","103336314"
"chr5","157182450","157182758","chr6","73393768","73394067","42","83788682"
"chr5","157188851","157189120","chr14","78760726","78760991","39","78428125"
"chr5","157217397","157217686","chr1","5503577","5503860","45","151713820"
"chr5","157223533","157223712","chr19","36532763","36532930","39","120690770"
"chr5","157229421","157229723","chr10","73863753","73864054","33","83365668"
"chr5","157266163","157266471","chr11","118143598","118143908","37","39122565"
"chr5","157324155","157324460","chr3","39641274","39641578","35","117682881"
"chr5","157380301","157380579","chr13","37692401","37692676","35","119687900"
"chr5","157469572","157469862","chr6","154244237","154244546","39","3225335"
"chr5","157569566","157569785","chr6","154348130","154348349","17","3221436"
"chr5","157628318","157628533","chr2","56203940","56204152","31","101424378"
"chr5","157628742","157629044","chr12","57850151","57850455","46","99778591"
"chr5","157688627","157688726","chrX","53362269","53362368","10","104326358"
"chr5","157708587","157708882","chr6","154492529","154492836","37","3216058"
"chr5","157798299","157798599","chr15","104467696","104467995","33","53330603"
"chr5","157832719","157833007","chr7","96880673","96880966","36","60952046"
"chr5","157839215","157839347","chr16","2483426","2483556","14","155355789"
"chr5","157861913","157862210","chr6","154649127","154649438","27","3212786"
"chr5","157868076","157868370","chr11","48892425","48892714","37","108975651"
"chr5","157906163","157906468","chr4","114775709","114776011","45","43130454"
"chr5","157958845","157959151","chr6","154745966","154746252","40","3212879"
"chr5","158046952","158047268","chr6","154825051","154825365","25","3221901"
"chr5","158051561","158051863","chr6","154829671","154829982","34","3221890"
"chr5","158129068","158129330","chr20","839847","840110","45","157289221"
"chr5","158152699","158152998","chr15","7271324","7271621","45","150881375"
"chr5","158175535","158175829","chr15","105746468","105746766","47","52429067"
"chr5","158261201","158261495","chr6","155030743","155031023","43","3230458"
"chr5","158274584","158274887","chrX","52889336","52889647","43","105385248"
"chr5","158285128","158285430","chr19","13989351","13989646","41","144295777"
"chr5","158290626","158290675","chr6","155060854","155060906","4","3229772"
"chr5","158304683","158304983","chr6","155075195","155075496","31","3229488"
"chr5","158307712","158308018","chr3","165546058","165546363","42","7238346"
"chr5","158333034","158333344","chr15","42266168","42266476","41","116066866"
"chr5","158346507","158346814","chr6","155116520","155116829","29","3229987"
"chr5","158368581","158368884","chr6","155138580","155138877","31","3230001"
"chr5","158369586","158369878","chr6","155139542","155139826","26","3230044"
"chr5","158378090","158378411","chr6","155148136","155148444","37","3229954"
"chr5","158381339","158381600","chr6","155151731","155151987","27","3229608"
"chr5","158384630","158384931","chr6","155155411","155155721","33","3229219"
"chr5","158420111","158420246","chrX","63346487","63346622","12","95073624"
"chr5","158425845","158426133","chr6","155194698","155194983","29","3231147"
"chr5","158430800","158431103","chr6","155199534","155199838","35","3231266"
"chr5","158437741","158438025","chr10","63394242","63394532","45","95043499"
"chr5","158439080","158439359","chr15","5750778","5751052","47","152688302"
"chr5","158465504","158465793","chr6","155237049","155237345","33","3228455"
"chr5","159117732","159118017","chr4","39102935","39103224","49","120014797"
"chr5","159132916","159133195","chr10","4595883","4596162","32","154537033"
"chr5","159133525","159133823","chr6","109764356","109764655","42","49369169"
"chr5","159139583","159139885","chr12","38592649","38592950","42","120546934"
"chr5","159140270","159140587","chr11","56032052","56032370","43","103108218"
"chr5","159146209","159146509","chr4","106827701","106827999","34","52318508"
"chr5","159150431","159150736","chr6","155280753","155281044","28","3869678"
"chr5","159155291","159155432","chr6","60256485","60256624","21","98898806"
"chr5","159163517","159163821","chr6","155292927","155293228","34","3870590"
"chr5","159171064","159171315","chrX","112301809","112302061","41","46869255"
"chr5","159172362","159172658","chr6","155301888","155302184","23","3870474"
"chr5","159176345","159176587","chr10","61029967","61030201","41","98146378"
"chr5","159177236","159177545","chr6","155310201","155310516","29","3867035"
"chr5","159181703","159182004","chr6","155314746","155315044","29","3866957"
"chr5","159200498","159200801","chr3","21904631","21904931","37","137295867"
"chr5","159212501","159212808","chr6","155344716","155345027","43","3867785"
"chr5","159227374","159227504","chr3","2774534","2774668","17","156452840"
"chr5","159256762","159256871","chr10","44888468","44888572","13","114368294"
"chr5","159263478","159263791","chr6","155397291","155397602","28","3866187"
"chr5","159280929","159281210","chr16","58631076","58631352","42","100649853"
"chr5","159284288","159284579","chr7","19502793","19503085","34","139781495"
"chr5","159299700","159300007","chr4","107030802","107031116","44","52268898"
"chr5","159371009","159371294","chr7","28329692","28329979","33","131041317"
"chr5","159403461","159403602","chr7","16748615","16748755","11","142654846"
"chr5","159409135","159409442","chr6","155548573","155548871","34","3860562"
"chr5","159509490","159509782","chr6","155646813","155647111","35","3862677"
"chr5","159513523","159513572","chr20","3589657","3589703","12","155923866"
"chr5","159519169","159519448","chr6","155656417","155656695","18","3862752"
"chr5","159521639","159521951","chr6","155658556","155658868","38","3863083"
"chr5","159553965","159554090","chr2","97432022","97432149","19","62121943"
"chr5","159554094","159554375","chr6","155690725","155691003","22","3863369"
"chr5","159560285","159560564","chr3","55180092","55180378","43","104380193"
"chr5","159568876","159569192","chr8","43699370","43699677","50","115869506"
"chr5","159570123","159570446","chr6","155707324","155707658","44","3862799"
"chr5","159573936","159574248","chr6","155711627","155711939","29","3862309"
"chr5","159585369","159585658","chr6","155723074","155723372","36","3862295"
"chr5","159590121","159590400","chr6","155727661","155727935","28","3862460"
"chr5","159590818","159591122","chr6","155728344","155728651","33","3862474"
"chr5","159595054","159595363","chr6","155732612","155732922","27","3862442"
"chr5","159604089","159604393","chr6","105234648","105234956","36","54369441"
"chr5","159608601","159608922","chr1","164718470","164718780","59","5109869"
"chr5","159609693","159609834","chr17","19996556","19996695","18","139613137"
"chr5","159615066","159615357","chr1","183543860","183544152","32","23928794"
"chr5","159617285","159617568","chr6","155752997","155753277","31","3864288"
"chr5","159622349","159622648","chr6","155758066","155758365","19","3864283"
"chr5","159648466","159648733","chr1","139650554","139650817","33","19997912"
"chr5","159658339","159658626","chr6","155793729","155794022","31","3864610"
"chr5","159660122","159660398","chr6","155795525","155795804","27","3864597"
"chr5","159666492","159666780","chr6","155801988","155802276","13","3864504"
"chr5","159683660","159683962","chr13","11438541","11438838","34","148245119"
"chr5","159689721","159689918","chr6","155844308","155844505","8","3845413"
"chr5","159693046","159693340","chr1","26589431","26589724","37","133103615"
"chr5","159697759","159698065","chr6","155855093","155855404","25","3842666"
"chr5","159743179","159743462","chr6","155905714","155905994","22","3837465"
"chr5","159757107","159757394","chr1","5050480","5050765","31","154706627"
"chr5","159758869","159759172","chr14","100441445","100441748","36","59317424"
"chr5","159778504","159778791","chr6","155941139","155941431","22","3837365"
"chr5","159782939","159783253","chr16","9395172","9395452","69","150387767"
"chr5","159786984","159787091","chr2","60526384","60526488","13","99260600"
"chr5","159787431","159787626","chr9","45360392","45360590","37","114427039"
"chr5","159788072","159788211","chr8","103450330","103450478","23","56337742"
"chr5","159798969","159799267","chr6","155963062","155963346","29","3835907"
"chr5","159837845","159837941","chr7","162283431","162283525","11","2445586"
"chr5","159838479","159838642","chr5","126291836","126291999","32","33546643"
"chr5","159842905","159843203","chr6","156007995","156008299","37","3834910"
"chr5","159848894","159849173","chr6","156014476","156014782","50","3834418"
"chr5","159850223","159850531","chr17","73234719","73235032","35","86615504"
"chr5","159864794","159865003","chr18","1878493","1878704","38","157986301"
"chr5","159865102","159865406","chr7","69172690","69172993","34","90692412"
"chr5","159874438","159874581","chr6","56602654","56602794","18","103271784"
"chr5","159874856","159875059","chr6","169627076","169627279","30","9752220"
"chr5","159875497","159875786","chr20","42092311","42092600","39","117783186"
"chr5","159875817","159875827","chr2","50074526","50074536","2","109801291"
"chr5","159884598","159884848","chr6","176687088","176687332","39","16802490"
"chr5","159885865","159886158","chr3","37781364","37781654","39","122104501"
"chr5","159890542","159890809","chr9","11986520","11986783","47","147904022"
"chr5","159900157","159900279","chrX","117855294","117855417","14","42044863"
"chr5","159900741","159900852","chr6","157477691","157477804","15","2423050"
"chr5","159909796","159909859","chr8","33633747","33633811","9","126276049"
"chr5","159909860","159910179","chr17","7774028","7774348","47","152135832"
"chr5","159910180","159910313","chr16","25991695","25991830","18","133918485"
"chr5","159920793","159920961","chr6","156060083","156060254","14","3860710"
"chr5","159920990","159921135","chr6","156060337","156060487","16","3860653"
"chr5","159922146","159922437","chr20","8006906","8007198","30","151915240"
"chr5","159928133","159928452","chr15","107980108","107980421","47","51948025"
"chr5","159939742","159939927","chr8","126054004","126054184","29","33885738"
"chr5","159940312","159940444","chr15","17851239","17851374","18","142089073"
"chr5","159942085","159942262","chr6","156081771","156081958","26","3860314"
"chr5","159942711","159942845","chr6","156082417","156082551","10","3860294"
"chr5","159950954","159951241","chr6","156093867","156094154","24","3857087"
"chr5","159957511","159957817","chr6","156101521","156101831","35","3855990"
"chr5","159965172","159965236","chr19","1846133","1846195","7","158119039"
"chr5","159965237","159965381","chr19","9046978","9047126","27","150918259"
"chr5","159967102","159967401","chr15","10323810","10324107","35","149643292"
"chr5","159969865","159970174","chr6","156111438","156111748","26","3858427"
"chr5","159984816","159985122","chr6","156127847","156128154","28","3856969"
"chr5","160002390","160002679","chr1","22933524","22933821","49","137068866"
"chr5","160004541","160004835","chr11","111871416","111871712","33","48133125"
"chr5","160017923","160018149","chr16","9675962","9676190","37","150341961"
"chr5","160065292","160065589","chr20","21484702","21484998","28","138580590"
"chr5","160217045","160217343","chr6","156358415","156358717","27","3858630"
"chr5","160372460","160372744","chr2","109149341","109149625","33","51223119"
"chr5","160530008","160530320","chr6","156667311","156667642","40","3862697"
"chr5","160545526","160545704","chr2","69424628","69424798","32","91120898"
"chr5","160717264","160717555","chr6","156870123","156870418","27","3847141"
"chr5","160863075","160863327","chr6","157025825","157026091","34","3837250"
"chr5","160875330","160875625","chr14","6385011","6385307","37","154490319"
"chr5","160970426","160970723","chr6","157133136","157133439","27","3837290"
"chr5","161003942","161004244","chr9","82264266","82264564","34","78739676"
"chr5","161019365","161019689","chr8","120537944","120538257","50","40481421"
"chr5","161041732","161042033","chr6","157206339","157206648","39","3835393"
"chr5","161066289","161066600","chr6","157231114","157231419","37","3835175"
"chr5","161119634","161119944","chr7","10755910","10756221","35","150363724"
"chr5","161163104","161163410","chr14","112526592","112526892","30","48636512"
"chr5","161180555","161180837","chr6","157344970","157345253","25","3835585"
"chr5","161195196","161195331","chr16","19016372","19016508","18","142178824"
"chr5","161226060","161226366","chr6","157391121","157391427","32","3834939"
"chr5","161227750","161228044","chr6","157392803","157393102","24","3834947"
"chr5","161233166","161233464","chr6","157398249","157398544","29","3834917"
"chr5","161274429","161274561","chr1","161382752","161382881","12","108323"
"chr5","161284785","161284961","chr6","115872742","115872918","29","45412043"
"chr5","161310487","161310671","chr6","157476958","157477142","15","3833529"
"chr5","161311245","161311368","chr11","20227092","20227211","18","141084153"
"chr5","161321368","161321682","chr6","157487845","157488172","30","3833523"
"chr5","161364017","161364316","chr6","157529885","157530181","24","3834132"
"chr5","161373645","161373933","chr4","103348438","103348728","35","58025207"
"chr5","161392156","161392372","chr3","103846800","103847020","43","57545356"
"chr5","161424590","161424816","chr3","179269080","179269322","53","17844490"
"chr5","161470150","161470453","chr6","157626175","157626484","36","3843975"
"chr5","161473414","161473708","chr6","157629795","157630089","26","3843619"
"chr5","161535708","161535992","chr8","26215830","26216114","34","135319878"
"chr5","161536030","161536052","chr1","16925219","16925239","4","144610811"
"chr5","161584157","161584427","chr7","117919933","117920212","40","43664224"
"chr5","161603439","161603740","chr6","157809214","157809516","23","3794225"
"chr5","161621422","161621726","chr2","44569113","44569418","37","117052309"
"chr5","161642890","161643192","chr6","157849627","157849934","34","3793263"
"chr5","161658710","161658908","chr3","182382271","182382470","28","20723561"
"chr5","161751703","161751993","chr7","67059835","67060119","45","94691868"
"chr5","161777402","161777704","chr6","157972147","157972450","30","3805255"
"chr5","161827606","161827748","chr1","93004434","93004568","25","68823172"
"chr5","161873115","161873395","chr3","75938515","75938804","44","85934600"
"chr5","161912589","161912876","chr19","34847902","34848196","41","127064687"
"chr5","161937326","161937576","chr6","158125704","158125937","39","3811622"
"chr5","161949910","161950182","chr13","3574600","3574876","39","158375310"
"chr5","161959997","161960296","chr6","158148479","158148787","27","3811518"
"chr5","161986554","161986843","chr6","158175068","158175366","28","3811486"
"chr5","162010882","162011184","chr6","158199942","158200245","24","3810940"
"chr5","162029770","162030058","chr1","67187310","67187597","42","94842460"
"chr5","162048022","162048329","chr6","158238484","158238782","31","3809538"
"chr5","162055701","162055908","chr1","25987435","25987643","30","136068266"
"chr5","162057119","162057429","chr6","158247210","158247521","22","3809909"
"chr5","162071304","162071604","chr16","47601348","47601653","33","114469956"
"chr5","162075244","162075537","chr6","158265274","158265560","30","3809970"
"chr5","162080210","162080386","chr19","31045113","31045277","38","131035097"
"chr5","162093336","162093404","chr1","22619342","22619410","8","139473994"
"chr5","162093917","162094030","chr19","19949995","19950109","11","142143922"
"chr5","162095521","162095817","chr6","158287515","158287806","19","3808006"
"chr5","162106364","162106563","chr11","108517484","108517656","52","53588880"
"chr5","162107610","162107926","chr6","158299107","158299412","32","3808503"
"chr5","162117935","162118142","chr3","80222820","80223032","33","81895115"
"chr5","162120037","162120339","chr6","177263070","177263373","39","15143033"
"chr5","162121647","162121778","chr15","17851239","17851374","17","144270408"
"chr5","162123462","162123612","chr4","45326705","45326852","24","116796757"
"chr5","162124502","162124798","chrX","41694245","41694543","32","120430257"
"chr5","162129082","162129372","chr15","108480354","108480642","36","53648728"
"chr5","162130847","162131004","chr19","3064186","3064354","27","159066661"
"chr5","162137123","162137321","chr4","167862628","167862830","35","5725505"
"chr5","162140669","162141000","chr3","60980561","60980889","55","101160108"
"chr5","162142483","162142789","chr14","104880378","104880684","35","57262105"
"chr5","162152438","162152752","chr7","120378077","120378386","36","41774361"
"chr5","162158280","162158587","chr1","125348377","125348684","39","36809903"
"chr5","162158964","162159257","chr11","55122642","55122939","36","107036322"
"chr5","162160839","162161117","chr6","158355650","158355928","26","3805189"
"chr5","162163821","162164139","chr1","10519565","10519883","44","151644256"
"chr5","162164732","162165025","chrX","44429429","44429724","41","117735303"
"chr5","162169327","162169593","chr5","111359634","111359899","39","50809693"
"chr5","162183660","162183962","chr7","55011899","55012207","42","107171761"
"chr5","162222286","162222582","chr19","10363599","10363891","32","151858687"
"chr5","162235267","162235418","chr13","106343553","106343704","22","55891714"
"chr5","162246969","162247269","chr16","48586959","48587259","33","113660010"
"chr5","162251966","162252275","chr2","68650264","68650572","46","93601702"
"chr5","162252787","162253076","chr6","158442805","158443110","38","3809982"
"chr5","162282665","162282798","chr20","15201421","15201555","14","147081244"
"chr5","162297565","162297846","chr5","80430961","80431244","50","81866604"
"chr5","162306146","162306439","chr5","7365971","7366261","38","154940175"
"chr5","162310356","162310648","chr6","158501472","158501765","28","3808884"
"chr5","162404085","162404395","chr3","50077764","50078072","35","112326321"
"chr5","162411883","162412181","chr6","158522220","158522507","38","3889663"
"chr5","162458095","162458395","chr15","7254109","7254401","42","155203986"
"chr5","162475814","162475867","chr1","95918958","95919004","18","66556856"
"chr5","162483379","162483662","chr20","32205318","32205599","45","130278061"
"chr5","162489192","162489501","chr6","158601776","158602099","34","3887416"
"chr5","162502679","162502975","chr6","158615159","158615447","42","3887520"
"chr5","162511887","162512180","chr6","158623981","158624274","20","3887906"
"chr5","162554172","162554452","chr13","3574600","3574876","42","158979572"
"chr5","162557826","162558120","chr4","31892892","31893174","48","130664934"
"chr5","162568859","162569163","chr6","158687636","158687936","23","3881223"
"chr5","162578302","162578648","chr6","158697010","158697332","48","3881292"
"chr5","162620681","162620971","chr6","158743378","158743677","37","3877303"
"chr5","162732652","162732929","chr6","158857010","158857289","22","3875642"
"chr5","162875154","162875463","chrX","44836707","44837017","42","118038447"
"chr5","162917273","162917549","chr10","12659402","12659674","33","150257871"
"chr5","162925627","162925944","chr2","203279969","203280291","50","40354342"
"chr5","163057494","163057797","chr17","58908432","58908730","45","104149062"
"chr5","163100913","163101215","chr6","159248816","159249117","26","3852097"
"chr5","163137886","163138188","chr3","123607450","123607753","35","39530436"
"chr5","163309786","163310034","chr6","159445742","159446001","34","3864044"
"chr5","163468381","163468505","chr14","40753170","40753300","28","122715211"
"chr5","163513434","163513744","chr6","159641776","159642077","36","3871658"
"chr5","163544254","163544564","chr6","159673338","159673648","33","3870916"
"chr5","163589240","163589576","chr1","179532525","179532857","51","15943285"
"chr5","163620788","163621062","chr6","159752319","159752588","30","3868469"
"chr5","163647580","163647887","chr6","159778837","159779136","35","3868743"
"chr5","163677763","163678079","chr6","159807329","159807644","34","3870434"
"chr5","163922733","163922961","chr15","26588058","26588287","39","137334675"
"chr5","163999536","163999786","chr6","160167087","160167336","28","3832449"
"chr5","164037960","164038269","chr6","160216783","160217094","39","3821177"
"chr5","164062582","164062877","chr6","160240452","160240747","16","3822130"
"chr5","164080591","164080888","chr6","160260168","160260474","45","3820423"
"chr5","164124175","164124390","chr6","160304681","160304894","21","3819494"
"chr5","164130144","164130420","chr6","160313564","160313833","33","3816580"
"chr5","164146802","164146988","chr20","52841594","52841784","30","111305208"
"chr5","164179926","164180242","chr13","25162721","25163044","61","139017205"
"chr5","164216277","164216564","chr6","160402934","160403221","33","3813343"
"chr5","164308736","164309062","chr6","160508661","160508970","50","3800075"
"chr5","164320877","164321190","chr6","160521173","160521482","22","3799704"
"chr5","164354994","164355303","chr6","160548216","160548520","37","3806778"
"chr5","164421088","164421379","chr7","140150335","140150628","44","24270753"
"chr5","164447389","164447688","chr6","160646776","160647085","36","3800613"
"chr5","164544472","164544759","chr6","160735482","160735770","27","3808990"
"chr5","164588371","164588681","chr6","129934590","129934892","46","34653781"
"chr5","164643285","164643581","chr6","160828565","160828851","39","3814720"
"chr5","164685725","164686021","chr8","121996669","121996974","42","42689056"
"chr5","164821373","164821673","chr5","88211936","88212232","39","76609437"
"chr5","164894475","164894761","chr6","161066538","161066835","33","3827937"
"chr5","164955800","164956110","chr6","161115311","161115619","37","3840489"
"chr5","165124149","165124446","chr6","161281310","161281605","35","3842839"
"chr5","165216328","165216628","chr6","161358021","161358311","29","3858307"
"chr5","165242262","165242448","chr7","133114354","133114541","28","32127908"
"chr5","165250622","165250919","chr3","64009793","64010090","36","101240829"
"chr5","165257227","165257523","chr15","6371105","6371399","36","158886122"
"chr5","165363249","165363460","chr3","172783026","172783239","39","7419777"
"chr5","165369451","165369567","chr3","3847698","3847802","22","161521753"
"chr5","165383053","165383175","chr1","29437872","29437991","18","135945181"
"chr5","165422197","165422478","chr13","3574600","3574876","37","161847597"
"chr5","165438942","165439235","chr6","161482334","161482636","34","3956608"
"chr5","165476843","165477095","chr10","58270003","58270266","42","107206840"
"chr5","165493042","165493161","chr19","7724711","7724837","22","157768331"
"chr5","165495878","165496169","chrX","9102633","9102917","47","156393245"
"chr5","165534099","165534377","chr4","97061289","97061567","39","68472810"
"chr5","165552776","165553095","chr1","164718470","164718780","46","834306"
"chr5","165554505","165554807","chr7","116887581","116887882","41","48666924"
"chr5","165560388","165560624","chr4","26492648","26492882","40","139067740"
"chr5","165563860","165564168","chr4","57099833","57100137","35","108464027"
"chr5","165577444","165577733","chr1","140148617","140148908","40","25428827"
"chr5","165579025","165579296","chr2","46085532","46085804","45","119493493"
"chr5","165589550","165589841","chr6","161501641","161501938","20","4087909"
"chr5","165617955","165618261","chr6","161531937","161532237","32","4086018"
"chr5","165618943","165619262","chr16","4276680","4276986","52","161342263"
"chr5","165623947","165624242","chr16","60036430","60036724","48","105587517"
"chr5","165665703","165666000","chr19","13989351","13989646","41","151676352"
"chr5","165678486","165678784","chr11","47824711","47825011","39","117853775"
"chr5","165731099","165731400","chr7","19001310","19001614","41","146729789"
"chr5","165773126","165773408","chr7","3450180","3450461","23","162322946"
"chr5","165798597","165798908","chr7","114173648","114173959","39","51624949"
"chr5","165871280","165871590","chrX","23558557","23558868","40","142312723"
"chr5","165893751","165894046","chr9","13634514","13634810","38","152259237"
"chr5","165896216","165896319","chr6","36560457","36560560","12","129335759"
"chr5","165958662","165958965","chr6","161870531","161870834","26","4088131"
"chr5","166030272","166030569","chr1","220415451","220415740","48","54385179"
"chr5","166045425","166045715","chr6","161952903","161953197","39","4092522"
"chr5","166065003","166065134","chr10","86840248","86840381","15","79224755"
"chr5","166183071","166183376","chr6","162155484","162155789","21","4027587"
"chr5","166274924","166275129","chr4","160315633","160315842","36","5959291"
"chr5","166540525","166540718","chr6","162525586","162525750","41","4014939"
"chr5","166605032","166605343","chr1","131733472","131733777","44","34871560"
"chr5","166686113","166686380","chr6","162669753","162670027","28","4016360"
"chr5","166694949","166695247","chr3","142934307","142934610","33","23760642"
"chr5","166744036","166744328","chr7","28351071","28351363","41","138392965"
"chr5","166761133","166761415","chrX","123750327","123750609","41","43010806"
"chr5","166774829","166775128","chr6","162752287","162752595","31","4022542"
"chr5","166775590","166775803","chr4","116777080","116777297","34","49998510"
"chr5","166802523","166802822","chr6","162780552","162780852","35","4021971"
"chr5","166820426","166820724","chr6","162798791","162799100","41","4021635"
"chr5","166837616","166837909","chr6","162815314","162815613","35","4022302"
"chr5","166876507","166876812","chr4","134675515","134675820","37","32200992"
"chr5","166878493","166878782","chr6","162853081","162853379","26","4025412"
"chr5","166915241","166915344","chr10","44888468","44888572","12","122026773"
"chr5","166916668","166916974","chr19","13635266","13635570","44","153281402"
"chr5","166919584","166919888","chr6","162896928","162897234","35","4022656"
"chr5","166954721","166955011","chr6","162933017","162933306","24","4021704"
"chr5","166988282","166988593","chr6","162960051","162960359","30","4028231"
"chr5","167042632","167042956","chr6","163014652","163014956","51","4027980"
"chr5","167060085","167060373","chr4","34937539","34937830","35","132122546"
"chr5","167176131","167176364","chr7","97252480","97252704","43","69923651"
"chr5","167349871","167350156","chr6","163317033","163317316","27","4032838"
"chr5","167362038","167362321","chr1","85831908","85832188","35","81530130"
"chr5","167420822","167421136","chr6","163388447","163388760","26","4032375"
"chr5","167454003","167454323","chr6","163422545","163422874","34","4031458"
"chr5","167525318","167525614","chr1","86816862","86817153","47","80708456"
"chr5","167565504","167565703","chr7","95222121","95222323","37","72343383"
"chr5","167646723","167646907","chr19","8582317","8582502","31","159064406"
"chr5","167708082","167708365","chr5","121256063","121256355","39","46452019"
"chr5","167771818","167772121","chr6","163745056","163745365","37","4026762"
"chr5","167805557","167805868","chr7","68708818","68709123","36","99096739"
"chr5","167824426","167824681","chr9","91395354","91395598","61","76429072"
"chr5","167900436","167900687","chr6","163921734","163921991","41","3978702"
"chr5","167930042","167930323","chr13","81123827","81124108","43","86806215"
"chr5","168016762","168017046","chr5","187686146","187686434","29","19669384"
"chr5","168067012","168067294","chr6","164100752","164101034","44","3966260"
"chr5","168085720","168086072","chr4","54110198","54110546","76","113975522"
"chr5","168097663","168097967","chr6","164129934","164130226","37","3967729"
"chr5","168109941","168110025","chr19","21209507","21209590","11","146900434"
"chr5","168129445","168129726","chr6","164209106","164209366","39","3920339"
"chr5","168166949","168167231","chr6","164247210","164247484","28","3919739"
"chr5","168206261","168206579","chr6","164287496","164287807","43","3918765"
"chr5","168208642","168208962","chr6","164289894","164290204","46","3918748"
"chr5","168226364","168226666","chr4","42770489","42770794","40","125455875"
"chr5","168243085","168243397","chr6","164325295","164325606","24","3917790"
"chr5","168298502","168298798","chr6","164382819","164383115","36","3915683"
"chr5","168381560","168381866","chr6","164472886","164473176","47","3908674"
"chr5","168402188","168402484","chr6","164493442","164493742","38","3908746"
"chr5","168442621","168442877","chr3","71773136","71773390","35","96669485"
"chr5","168457118","168457427","chr1","15374781","15375083","44","153082337"
"chr5","168530736","168531019","chr7","77698309","77698596","38","90832427"
"chr5","168539443","168539592","chrX","53946704","53946853","28","114592739"
"chr5","168600931","168601240","chr2","100444666","100444972","43","68156265"
"chr5","168606537","168606844","chr6","164705509","164705805","36","3901028"
"chr5","168608109","168608433","chr6","164707054","164707361","39","3901055"
"chr5","168661060","168661362","chr6","164755121","164755425","36","3905939"
"chr5","168675579","168675877","chr4","17517205","17517504","36","151158374"
"chr5","168729642","168729954","chr6","164825027","164825344","37","3904615"
"chr5","168760996","168761302","chr6","164856912","164857204","37","3904084"
"chr5","168791296","168791493","chrX","8050623","8050811","33","160740673"
"chr5","168879516","168879817","chr5","51540643","51540938","45","117338873"
"chr5","168892527","168892772","chr10","61029967","61030201","70","107862560"
"chr5","168893183","168893490","chr9","70581104","70581405","38","98312079"
"chr5","168917819","168918162","chr6","66667633","66667966","55","102250186"
"chr5","168928341","168928635","chr7","43325601","43325898","37","125602740"
"chr5","168932805","168933095","chr7","7072934","7073222","46","161859871"
"chr5","168949083","168949382","chrX","8435507","8435812","52","160513576"
"chr5","168968238","168968513","chr6","165057995","165058270","29","3910243"
"chr5","168994166","168994391","chr11","118500754","118500968","42","50493412"
"chr5","168997567","168997869","chr19","11306052","11306358","37","157691515"
"chr5","169000001","169000285","chr3","164558229","164558511","50","4441772"
"chr5","169013448","169013752","chr6","165101620","165101917","34","3911828"
"chr5","169036582","169036852","chr6","165124755","165125024","30","3911827"
"chr5","169039457","169039764","chr6","165127615","165127923","28","3911842"
"chr5","169059116","169059286","chr4","4726770","4726935","25","164332346"
"chr5","169066941","169067244","chr4","114775709","114776011","36","54291232"
"chr5","169085192","169085507","chr1","101799784","101800074","53","67285408"
"chr5","169149636","169149852","chr9","26650579","26650790","34","142499057"
"chr5","169238110","169238393","chr11","63777802","63778084","34","105460308"
"chr5","169243978","169244282","chr6","165332635","165332938","32","3911343"
"chr5","169294705","169295002","chr17","77075517","77075809","44","92219188"
"chr5","169541170","169541452","chr6","165632175","165632459","22","3908995"
"chr5","169591684","169591977","chr6","165689856","165690150","25","3901828"
"chr5","169601406","169601691","chr16","2871012","2871300","35","166730394"
"chr5","169636238","169636465","chr6","165733666","165733889","24","3902572"
"chr5","169642175","169642458","chr6","165739605","165739889","30","3902570"
"chr5","169773703","169773998","chr6","165870756","165871049","24","3902947"
"chr5","169815482","169815699","chr1","85926312","85926528","36","83889170"
"chr5","169823013","169823185","chr9","28310079","28310249","28","141512934"
"chr5","169899696","169900009","chr6","165997435","165997748","27","3902261"
"chr5","169941278","169941548","chr1","37954757","37955032","39","131986521"
"chr5","169993585","169993785","chr19","51434282","51434487","46","118559303"
"chr5","169996335","169996628","chr6","166093704","166093993","32","3902631"
"chr5","169998569","169998872","chr2","150947481","150947785","38","19051088"
"chr5","170015674","170015971","chr4","71663467","71663766","36","98352207"
"chr5","170070999","170071302","chr6","166168372","166168671","21","3902627"
"chr5","170142067","170142370","chrX","47581011","47581317","31","122561056"
"chr5","170148869","170149170","chr20","5252319","5252621","37","164896550"
"chr5","170165071","170165361","chr6","166262100","166262389","32","3902971"
"chr5","170227311","170227630","chr2","144024837","144025145","65","26202474"
"chr5","170288207","170288347","chr6","166393540","166393680","4","3894667"
"chr5","170288501","170288679","chr6","166393772","166393949","12","3894729"
"chr5","170311104","170311415","chr1","113316039","113316346","36","56995065"
"chr5","170354829","170355135","chr5","8289100","8289402","33","162065729"
"chr5","170364821","170365100","chr1","23944133","23944411","42","146420688"
"chr5","170370337","170370655","chr6","166475925","166476236","50","3894412"
"chr5","170371764","170372065","chr6","166477365","166477663","24","3894399"
"chr5","170373022","170373330","chr3","55556828","55557129","41","114816194"
"chr5","170373868","170374162","chr12","20203356","20203653","38","150170512"
"chr5","170383379","170383690","chr7","35878933","35879239","38","134504446"
"chr5","170385081","170385385","chrX","106946409","106946713","38","63438672"
"chr5","170392928","170393244","chrX","130457211","130457521","31","39935717"
"chr5","170417983","170418282","chr6","166524097","166524392","31","3893886"
"chr5","170419053","170419356","chr10","72468205","72468506","40","97950848"
"chr5","170434707","170435001","chr1","200028486","200028781","35","29593779"
"chr5","170435178","170435483","chr6","166543588","166543892","25","3891590"
"chr5","170466286","170466596","chr11","16249969","16250279","39","154216317"
"chr5","170487138","170487419","chr7","59505077","59505360","53","110982061"
"chr5","170504074","170504376","chr6","166608479","166608768","29","3895595"
"chr5","170525596","170525904","chr6","166629532","166629840","28","3896064"
"chr5","170546203","170546501","chr6","166650323","166650621","20","3895880"
"chr5","170554810","170555122","chr16","9166808","9167112","40","161388002"
"chr5","170578631","170578918","chr14","13000539","13000830","23","157578092"
"chr5","170591544","170591848","chr14","15756054","15756351","38","154835490"
"chr5","170606430","170606746","chr6","166717600","166717916","33","3888830"
"chr5","170606759","170607065","chr1","30694818","30695123","34","139911941"
"chr5","170608787","170609081","chr6","166719946","166720235","35","3888841"
"chr5","170610824","170611140","chrX","113669242","113669554","39","56941582"
"chr5","170623876","170624017","chr7","135130943","135131082","17","35492933"
"chr5","170631779","170632082","chr15","10323810","10324107","31","160307969"
"chr5","170643461","170643754","chr8","30311278","30311575","42","140332183"
"chr5","170664119","170664401","chr11","52295119","52295400","46","118369000"
"chr5","170671092","170671235","chr1","110234634","110234777","19","60436458"
"chr5","170673163","170673345","chr13","99970855","99971033","30","70702308"
"chr5","170685042","170685332","chr6","158513829","158514121","35","12171213"
"chr5","170704150","170704448","chr16","1511202","1511503","34","169192948"
"chr5","170730682","170730982","chr6","105234648","105234956","36","65496034"
"chr5","170801830","170802130","chr3","166005666","166005965","33","4796164"
"chr5","170805777","170806038","chr13","71119607","71119869","34","99686170"
"chr5","170810416","170810724","chr6","166940125","166940436","18","3870291"
"chr5","170817511","170817759","chr3","50587635","50587882","42","120229876"
"chr5","170846303","170846601","chr6","166975324","166975622","14","3870979"
"chr5","171031180","171031488","chr4","55008882","55009189","35","116022298"
"chr5","171033142","171033450","chr6","129934590","129934892","38","41098552"
"chr5","171112367","171112527","chr7","71136819","71136986","21","99975548"
"chr5","171127470","171127776","chr7","112238507","112238803","54","58888963"
"chr5","171136036","171136335","chr2","48884905","48885199","39","122251131"
"chr5","171140093","171140394","chr10","9626308","9626611","36","161513785"
"chr5","171179164","171179461","chrX","24269823","24270117","36","146909341"
"chr5","171185473","171185789","chr16","9197461","9197770","43","161988012"
"chr5","171192490","171192796","chr3","42882909","42883211","46","128309581"
"chr5","171213723","171214024","chr9","55564148","55564450","40","115649575"
"chr5","171235003","171235105","chr7","44712466","44712568","10","126522537"
"chr5","171268937","171269231","chr6","167408783","167409075","24","3860154"
"chr5","171271187","171271479","chr6","167411012","167411313","30","3860175"
"chr5","171284418","171284489","chr7","165702988","165703060","9","5581430"
"chr5","171313025","171313319","chr6","167452458","167452752","24","3860567"
"chr5","171352351","171352631","chr3","178976330","178976618","43","7623979"
"chr5","171357135","171357423","chr6","167498451","167498743","25","3858684"
"chr5","171383583","171383859","chrX","41288969","41289248","44","130094614"
"chr5","171430760","171431072","chr6","167571512","167571830","34","3859248"
"chr5","171454575","171454861","chr4","18701176","18701462","44","152753399"
"chr5","171485354","171485654","chr1","113960917","113961217","38","57524437"
"chr5","171487691","171487994","chr7","45672700","45673000","48","125814991"
"chr5","171501868","171502168","chr6","167646700","167647000","23","3855168"
"chr5","171585324","171585633","chr6","167729237","167729548","32","3856087"
"chr5","171643907","171644193","chr10","16717134","16717418","39","154926773"
"chr5","171656990","171657287","chr6","167799353","167799654","25","3857637"
"chr5","171814487","171814639","chr14","10619607","10619777","34","161194880"
"chr5","171825946","171826258","chr6","167975278","167975595","30","3850668"
"chr5","171833827","171834141","chr12","118461467","118461769","51","53372360"
"chr5","171854357","171854643","chr9","14414806","14415088","31","157439551"
"chr5","171856226","171856520","chr6","168004009","168004309","25","3852217"
"chr5","171899299","171899609","chr6","168047208","168047510","30","3852091"
"chr5","171926725","171926942","chr6","56511093","56511315","39","115415632"
"chr5","171959679","171959971","chr6","168100748","168101050","23","3858931"
"chr5","172115245","172115553","chr6","168256231","168256529","29","3859014"
"chr5","172129664","172129884","chr19","10979398","10979617","30","161150266"
"chr5","172236716","172237001","chr1","7446684","7446982","42","164790032"
"chr5","172282893","172283177","chr3","4647021","4647302","39","167635872"
"chr5","172298483","172298759","chr10","63543278","63543556","31","108755205"
"chr5","172317310","172317602","chr6","168457675","168457976","34","3859635"
"chr5","172351051","172351384","chr2","56893700","56894034","49","115457351"
"chr5","172394664","172394968","chrX","47581011","47581317","38","124813653"
"chr5","172422157","172422342","chr16","24767535","24767717","30","147654622"
"chr5","172452222","172452531","chr6","168592754","168593057","32","3859468"
"chr5","172522831","172523139","chr2","26801515","26801815","50","145721316"
"chr5","172585350","172585654","chr6","168720947","168721245","31","3864403"
"chr5","172723474","172723784","chr6","168861215","168861513","37","3862259"
"chr5","172774838","172775147","chr6","168914547","168914857","19","3860291"
"chr5","172782333","172782455","chr3","13246368","13246494","13","159535965"
"chr5","172788484","172788795","chr5","136255784","136256088","39","36532700"
"chr5","172800597","172800728","chrX","107799688","107799820","13","65000909"
"chr5","172801511","172801688","chr6","168940976","168941143","29","3860535"
"chr5","172801739","172801859","chr6","168941284","168941405","7","3860455"
"chr5","172803306","172803594","chr16","18242235","18242525","31","154561071"
"chr5","172858773","172859077","chr16","44504168","44504470","36","128354605"
"chr5","172896465","172896767","chr6","169025697","169025999","19","3870768"
"chr5","172938520","172938832","chr6","169064499","169064802","35","3874021"
"chr5","172946529","172946827","chr11","111767780","111768072","47","61178749"
"chr5","172956211","172956521","chr1","160634862","160635165","35","12321349"
"chr5","172964474","172964701","chr10","71029959","71030194","50","101934515"
"chr5","172974234","172974503","chr6","169101176","169101447","24","3873058"
"chr5","172983174","172983461","chrX","41155740","41156033","40","131827434"
"chr5","172991064","172991366","chr6","169119834","169120141","28","3871230"
"chr5","173092792","173093089","chr6","169215488","169215783","30","3877304"
"chr5","173161825","173161958","chr2","204660465","204660597","32","31498640"
"chr5","173323047","173323344","chr6","169468307","169468611","36","3854740"
"chr5","173385031","173385308","chr6","169530215","169530494","28","3854816"
"chr5","173399185","173399479","chr6","169544343","169544629","29","3854842"
"chr5","173429078","173429383","chr6","169574481","169574786","19","3854597"
"chr5","173431339","173431507","chr7","165092908","165093077","24","8338431"
"chr5","173446386","173446669","chr14","15756054","15756351","40","157690332"
"chr5","173449710","173450019","chr6","169591979","169592283","33","3857731"
"chr5","173451532","173451828","chr16","53229261","53229562","37","120222271"
"chr5","173454958","173455260","chr8","30311278","30311575","34","143143680"
"chr5","173457446","173457740","chr6","169600906","169601205","27","3856540"
"chr5","173461095","173461425","chr2","41291254","41291571","68","132169841"
"chr5","173463977","173464270","chr9","95897244","95897545","43","77566733"
"chr5","173464470","173464777","chr6","169607585","169607895","35","3856885"
"chr5","173469819","173470114","chr2","109352551","109352842","42","64117268"
"chr5","173478832","173478967","chr3","43189560","43189695","14","130289272"
"chr5","173496853","173496987","chr10","86840248","86840381","18","86656605"
"chr5","173498618","173498883","chr3","44038825","44039089","41","129459793"
"chr5","173503687","173503952","chrX","124799628","124799898","57","48704059"
"chr5","173504033","173504317","chr6","169650849","169651134","54","3853184"
"chr5","173509463","173509565","chr3","151235850","151235951","13","22273613"
"chr5","173514711","173514993","chr3","169787021","169787306","43","3727690"
"chr5","173523350","173523630","chr6","169671118","169671404","24","3852232"
"chr5","173524810","173525086","chr6","169672952","169673228","27","3851858"
"chr5","173544415","173544718","chr6","169692978","169693285","27","3851437"
"chr5","173563419","173563732","chr6","169712894","169713195","36","3850525"
"chr5","173564990","173565264","chr17","46917367","46917642","33","126647623"
"chr5","173601965","173602133","chr13","29018196","29018373","29","144583769"
"chr5","173625021","173625329","chr2","52124605","52124914","39","121500416"
"chr5","173701910","173702212","chr7","43322799","43323092","33","130379111"
"chr5","173709075","173709385","chr7","39878958","39879269","43","133830117"
"chr5","173750236","173750539","chr6","169896809","169897123","36","3853427"
"chr5","173755506","173755803","chr6","169901684","169901972","33","3853822"
"chr5","173761550","173761852","chr6","169907732","169908037","33","3853818"
"chr5","173793292","173793536","chr6","169938270","169938514","22","3855022"
"chr5","174064202","174064493","chr6","170042508","170042805","29","4021694"
"chr5","174152080","174152363","chrX","90895965","90896246","37","83256115"
"chr5","174215534","174215716","chr16","48040796","48040975","24","126174738"
"chr5","174253138","174253437","chr6","170223904","170224198","25","4029234"
"chr5","174255099","174255375","chr8","142242840","142243113","37","32012259"
"chr5","174281946","174282078","chr16","30342614","30342746","13","143939332"
"chr5","174282964","174283278","chr6","170253060","170253370","26","4029904"
"chr5","174292745","174293056","chr10","80107927","80108237","44","94184818"
"chr5","174295507","174295644","chr6","56602654","56602794","22","117692853"
"chr5","174296728","174297036","chr6","170268734","170269044","25","4027994"
"chr5","174312190","174312449","chr1","210652960","210653214","36","36340770"
"chr5","174315178","174315467","chr3","2986573","2986865","33","171328605"
"chr5","174316983","174317146","chr3","32667940","32668109","21","141649043"
"chr5","174318897","174319197","chr6","170292347","170292654","23","4026550"
"chr5","174338835","174339141","chr15","22308063","22308365","30","152030772"
"chr5","174341913","174342096","chr5","140935593","140935777","29","33406320"
"chr5","174366046","174366351","chr6","170340252","170340552","31","4025794"
"chr5","174367958","174368260","chr6","170342252","170342549","31","4025706"
"chr5","174382740","174383023","chr7","3450180","3450461","31","170932560"
"chr5","174387677","174387933","chr2","201006624","201006876","40","26618947"
"chr5","174402034","174402334","chr11","48147631","48147935","35","126254403"
"chr5","174402560","174402876","chr6","169714085","169714396","38","4688475"
"chr5","174407207","174407518","chr6","170382032","170382343","20","4025175"
"chr5","174409950","174410176","chr1","126090756","126090986","42","48319194"
"chr5","174421932","174422235","chr3","64580661","64580960","38","109841271"
"chr5","174427065","174427356","chr6","170406310","170406606","30","4020755"
"chr5","174438269","174438561","chr6","170417986","170418297","37","4020283"
"chr5","174444719","174445027","chr3","43024886","43025192","34","131419833"
"chr5","174452713","174453018","chr16","1511202","1511503","34","172941511"
"chr5","174457092","174457403","chr6","170436696","170437005","24","4020396"
"chr5","174457655","174457968","chrX","53644487","53644797","43","120813168"
"chr5","174459557","174459686","chr9","98493446","98493577","18","75966111"
"chr5","174460213","174460297","chr7","126526300","126526388","18","47933913"
"chr5","174467875","174468017","chr1","11174765","11174912","21","163293110"
"chr5","174469894","174470042","chr15","8538420","8538567","18","165931474"
"chr5","174499745","174499995","chr9","59992364","59992594","54","114507381"
"chr5","174533058","174533349","chr4","128169729","128170019","31","46363329"
"chr5","174561851","174562145","chr6","170568203","170568493","24","3993648"
"chr5","174565209","174565515","chr6","170570225","170570538","31","3994984"
"chr5","174574432","174574736","chrX","41755291","41755592","36","132819141"
"chr5","174590021","174590316","chr6","170597677","170597979","25","3992344"
"chr5","174609009","174609300","chr16","10710589","10710878","26","163898420"
"chr5","174626959","174627269","chr6","170637907","170638220","42","3989052"
"chr5","174630773","174631052","chr4","32548222","32548502","36","142082551"
"chr5","174639945","174640223","chr6","170651330","170651608","22","3988615"
"chr5","174647705","174647851","chr1","161409822","161409970","22","13237883"
"chr5","174656977","174657279","chr8","93237278","93237575","48","81419699"
"chr5","174659456","174659653","chr1","116332361","116332554","34","58327095"
"chr5","174700395","174700694","chrX","49158865","49159163","38","125541530"
"chr5","174704567","174704869","chr6","170713619","170713940","36","3990948"
"chr5","174732218","174732515","chr1","156621353","156621649","36","18110865"
"chr5","174759253","174759561","chr6","170769038","170769337","27","3990215"
"chr5","174804528","174804835","chr5","109045885","109046188","33","65758643"
"chr5","174847375","174847685","chr8","140565096","140565402","50","34282279"
"chr5","174896402","174896691","chr2","202930199","202930485","34","28033797"
"chr5","174970428","174970736","chr6","170986579","170986889","28","3983849"
"chr5","174977325","174977630","chr6","170993315","170993612","26","3984010"
"chr5","175003810","175004113","chr20","28014774","28015077","31","146989036"
"chr5","175007657","175007951","chr6","171024355","171024650","34","3983302"
"chr5","175015769","175016080","chr14","51659905","51660215","38","123355864"
"chr5","175031992","175032222","chr6","135924290","135924521","33","39107702"
"chr5","175078064","175078089","chr1","215819736","215819760","12","40741672"
"chr5","175078095","175078345","chr8","30855708","30855959","42","144222387"
"chr5","175083225","175083571","chr4","20862467","20862777","79","154220758"
"chr5","175087063","175087395","chr14","15756054","15756351","73","159331009"
"chr5","175091758","175091880","chr3","43653920","43654048","21","131437838"
"chr5","175096226","175096523","chrX","44429429","44429724","32","130666797"
"chr5","175102966","175103264","chr8","54634869","54635169","34","120468097"
"chr5","175106858","175107161","chr6","171130850","171131146","27","3976008"
"chr5","175111510","175111809","chr1","53265096","53265391","40","121846414"
"chr5","175137664","175137970","chr10","12541086","12541391","33","162596578"
"chr5","175171112","175171408","chr6","171197175","171197470","18","3973937"
"chr5","175174328","175174626","chr6","171200307","171200611","43","3974021"
"chr5","175225257","175225554","chr6","171252837","171253139","30","3972420"
"chr5","175225812","175226105","chr6","171254003","171254308","38","3971809"
"chr5","175233535","175233679","chr9","60169079","60169227","28","115064456"
"chr5","175239618","175239921","chr1","220883377","220883674","41","45643759"
"chr5","175243267","175243562","chr13","63029605","63029880","61","112213662"
"chr5","175275094","175275343","chr10","37059435","37059692","40","138215659"
"chr5","175286012","175286318","chr6","171312150","171312456","23","3973862"
"chr5","175292835","175293129","chr6","171319211","171319503","29","3973624"
"chr5","175293140","175293320","chr2","69424628","69424798","28","105868512"
"chr5","175302441","175302727","chr6","171329214","171329500","23","3973227"
"chr5","175305176","175305475","chr7","126536213","126536516","27","48768963"
"chr5","175310464","175310571","chr6","36908067","36908182","21","138402397"
"chr5","175311174","175311380","chr10","32355378","32355579","26","142955796"
"chr5","175325821","175326127","chr6","171352313","171352625","29","3973508"
"chr5","175331196","175331502","chrX","114883322","114883623","30","60447874"
"chr5","175337151","175337462","chr3","82041328","82041639","41","93295823"
"chr5","175339004","175339295","chr1","50853090","50853377","39","124485914"
"chr5","175341821","175341996","chr15","29461445","29461617","30","145880376"
"chr5","175349379","175349554","chr6","171380789","171380959","18","3968590"
"chr5","175349817","175349952","chr6","171381257","171381392","11","3968560"
"chr5","175363621","175363919","chr14","15756054","15756351","31","159607567"
"chr5","175367527","175367827","chr6","32730960","32731256","41","142636567"
"chr5","175375269","175375569","chrX","148191845","148192147","38","27183424"
"chr5","175394427","175394517","chr15","94696541","94696637","12","80697886"
"chr5","175411802","175412095","chrX","41694245","41694543","35","133717557"
"chr5","175420750","175421046","chr6","171449824","171450128","31","3970926"
"chr5","175426112","175426414","chr6","171455990","171456303","33","3970122"
"chr5","175435093","175435396","chr6","171465457","171465758","22","3969636"
"chr5","175435971","175436282","chr14","16149990","16150295","39","159285981"
"chr5","175440739","175441041","chr16","39745742","39746027","66","135694997"
"chr5","175444982","175445292","chr6","140994755","140995066","36","34450227"
"chr5","175450413","175450711","chr6","171481210","171481508","20","3969203"
"chr5","175452114","175452415","chr14","5623089","5623387","34","169829025"
"chr5","175460395","175460693","chr6","171490930","171491238","40","3969465"
"chr5","175476531","175476823","chr5","51540643","51540938","33","123935888"
"chr5","175480717","175481016","chr1","38412022","38412324","33","137068695"
"chr5","175511137","175511386","chr15","68535374","68535637","48","106975763"
"chr5","175541468","175541771","chr4","40297222","40297520","37","135244246"
"chr5","175616305","175616509","chr12","100734854","100735059","30","74881451"
"chr5","175640685","175640997","chr6","171670964","171671274","40","3969721"
"chr5","175643449","175643749","chr6","171673719","171674023","31","3969730"
"chr5","175666379","175666681","chr14","15756054","15756351","32","159910325"
"chr5","175765430","175765740","chr20","69817168","69817482","31","105948262"
"chr5","175808305","175808602","chr14","15756054","15756351","29","160052251"
"chr5","175850583","175850874","chr6","171886032","171886339","36","3964551"
"chr5","175933137","175933316","chr5","51598976","51599160","26","124334161"
"chr5","175934094","175934402","chr6","171968864","171969169","18","3965230"
"chr5","175960597","175960904","chr2","83939908","83940217","41","92020689"
"chr5","175967132","175967430","chr6","172001648","172001953","29","3965484"
"chr5","176007689","176007972","chr1","95828927","95829207","42","80178762"
"chr5","176025809","176026106","chr16","3588282","3588581","43","172437527"
"chr5","176046829","176047127","chr6","172083811","172084108","26","3963018"
"chr5","176050153","176050462","chr11","711281","711592","51","175338872"
"chr5","176088125","176088426","chr6","137480379","137480679","46","38607746"
"chr5","176143841","176144122","chr6","172182636","172182917","15","3961205"
"chr5","176159582","176159885","chr6","172198378","172198694","40","3961204"
"chr5","176175145","176175446","chr7","137866997","137867295","45","38308148"
"chr5","176184915","176185212","chr6","172223435","172223735","25","3961480"
"chr5","176195409","176195714","chr2","66413171","66413474","37","109782238"
"chr5","176217426","176217723","chr6","172257840","172258149","32","3959586"
"chr5","176233117","176233408","chr7","40436964","40437259","36","135796153"
"chr5","176239926","176240226","chr6","172280736","172281030","28","3959190"
"chr5","176252680","176252976","chr6","172295177","172295477","34","3957503"
"chr5","176346405","176346415","chr1","34951994","34952004","2","141394411"
"chr5","176346467","176346571","chr8","40435708","40435807","19","135910759"
"chr5","176347177","176347309","chr1","154072718","154072853","15","22274459"
"chr5","176362180","176362486","chr19","49557169","49557471","44","126805011"
"chr5","176386589","176386885","chr15","110406639","110406933","35","65979950"
"chr5","176405898","176406180","chr6","172454155","172454437","25","3951743"
"chr5","176429676","176429972","chr1","123655358","123655653","45","52774318"
"chr5","176479767","176480077","chr6","172532582","172532881","31","3947185"
"chr5","176567897","176568208","chr16","49561590","49561896","36","127006307"
"chr5","176653315","176653592","chr2","61554246","61554525","48","115099069"
"chr5","176665020","176665330","chrX","23558557","23558868","38","153106463"
"chr5","176772873","176773175","chr1","92797768","92798069","45","83975105"
"chr5","176782646","176782958","chr6","172839570","172839880","26","3943076"
"chr5","176785934","176786263","chr2","146761088","146761413","51","30024846"
"chr5","176840704","176841019","chr6","172899106","172899423","33","3941598"
"chr5","176842120","176842421","chr6","172900514","172900818","24","3941606"
"chr5","176849336","176849632","chr6","172908040","172908352","41","3941296"
"chr5","176858840","176859141","chr1","131399551","131399853","40","45459289"
"chr5","176865350","176865625","chrX","16786018","16786300","37","160079332"
"chr5","176865658","176865678","chr7","155293781","155293801","3","21571877"
"chr5","176871639","176871962","chr6","17434816","17435141","46","159436823"
"chr5","176881072","176881133","chr11","74463624","74463686","8","102417448"
"chr5","176890916","176891060","chr15","1910817","1910960","20","174980099"
"chr5","176923084","176923391","chr9","123426880","123427186","39","53496204"
"chr5","176926330","176926621","chr11","49132682","49132972","31","127793648"
"chr5","176928005","176928300","chr9","95615479","95615776","42","81312526"
"chr5","176930972","176931264","chr6","172987137","172987427","30","3943835"
"chr5","176933688","176933957","chr6","39673948","39674215","41","137259740"
"chr5","176939165","176939465","chr6","172994984","172995279","31","3944181"
"chr5","176943605","176943902","chr8","93049829","93050127","42","83893776"
"chr5","176946663","176946965","chr7","19502793","19503085","40","157443870"
"chr5","176947829","176947950","chr1","7373118","7373239","15","169574711"
"chr5","176947978","176948149","chrX","91350057","91350230","26","85597921"
"chr5","177011474","177011678","chr19","867991","868186","30","176143483"
"chr5","177059540","177059846","chr7","26853365","26853670","34","150206175"
"chr5","177110102","177110179","chr3","46401729","46401807","9","130708373"
"chr5","177110681","177110922","chr3","167052687","167052928","36","10057994"
"chr5","177170306","177170589","chr19","7556326","7556612","46","169613980"
"chr5","177171488","177171786","chr7","49862749","49863037","39","127308739"
"chr5","177194437","177194733","chr6","173275211","173275503","31","3919226"
"chr5","177214772","177215090","chr6","173294919","173295212","40","3919853"
"chr5","177390784","177391074","chr20","42678956","42679249","43","134711828"
"chr5","177391811","177392112","chr19","13861665","13861958","40","163530146"
"chr5","177435802","177436103","chr6","173545475","173545784","40","3890327"
"chr5","177533951","177534287","chr6","173647977","173648307","45","3885974"
"chr5","177539599","177539911","chr6","173653679","173653991","33","3885920"
"chr5","177582057","177582339","chr6","173703856","173704141","35","3878201"
"chr5","177625561","177625819","chr13","88270653","88270911","30","89354908"
"chr5","177652017","177652307","chr6","173770959","173771246","21","3881058"
"chr5","177663524","177663862","chr18","8556211","8556530","63","169107313"
"chr5","177672598","177672722","chr7","67248169","67248300","20","110424429"
"chr5","177742874","177743028","chr15","7101855","7102015","24","170641019"
"chr5","177745619","177745920","chr10","59667642","59667941","31","118077977"
"chr5","177746553","177746854","chr8","43995209","43995511","33","133751344"
"chr5","177750946","177751240","chr6","173870365","173870654","37","3880581"
"chr5","177759624","177759922","chr6","173877354","173877648","29","3882270"
"chr5","177839191","177839323","chr1","23525204","23525331","20","154313987"
"chr5","177846606","177846785","chrX","49106487","49106662","29","128740119"
"chr5","177863411","177863711","chr19","29748780","29749082","45","148114631"
"chr5","177889066","177889360","chr3","124884001","124884294","27","53005065"
"chr5","177936921","177937210","chr6","174059675","174059966","23","3877246"
"chr5","178000562","178000862","chr6","174119697","174120003","40","3880865"
"chr5","178012182","178012487","chr6","174131930","174132234","33","3880252"
"chr5","178037400","178037681","chr1","1044155","1044433","48","176993245"
"chr5","178072159","178072447","chr1","210885185","210885469","43","32813026"
"chr5","178083998","178084300","chr13","45271324","45271622","32","132812674"
"chr5","178135993","178136247","chr1","8388724","8388992","45","169747269"
"chr5","178192237","178192528","chr6","174319627","174319915","32","3872610"
"chr5","178199610","178199908","chr6","174333020","174333330","35","3866590"
"chr5","178219375","178219649","chr3","165070813","165071094","43","13148562"
"chr5","178219930","178220253","chr4","32376720","32377029","46","145843210"
"chr5","178220885","178221190","chr7","37332851","37333154","46","140888034"
"chr5","178233995","178234297","chr6","174373269","174373560","32","3860726"
"chr5","178236256","178236443","chr19","30244151","30244322","37","147992105"
"chr5","178240864","178241153","chr6","174383023","174383321","35","3857841"
"chr5","178258861","178259166","chr6","174420902","174421202","37","3837959"
"chr5","178263125","178263424","chr4","40297222","40297520","42","137965903"
"chr5","178277041","178277375","chr1","165803030","165803332","71","12474011"
"chr5","178287955","178288131","chr3","96122448","96122622","25","82165507"
"chr5","178629281","178629443","chr6","174709826","174710000","27","3919455"
"chr5","178634541","178634671","chr6","174715169","174715298","13","3919372"
"chr5","178661450","178661735","chr7","77698309","77698596","36","100963141"
"chr5","178665015","178665178","chr1","42743647","42743809","25","135921368"
"chr5","178671098","178671341","chr6","174754850","174755094","17","3916248"
"chr5","178685851","178686152","chr6","174767045","174767347","25","3918806"
"chr5","178695013","178695321","chr6","174776897","174777196","35","3918116"
"chr5","178696808","178697108","chr6","174778331","174778631","25","3918477"
"chr5","178698352","178698449","chr12","106080630","106080723","11","72617722"
"chr5","178703646","178703957","chr6","174782424","174782734","30","3921222"
"chr5","178707613","178707812","chr7","95222121","95222323","29","83485492"
"chr5","178714000","178714323","chr6","174792511","174792822","34","3921489"
"chr5","178719606","178719862","chr6","174798099","174798352","24","3921507"
"chr5","178727218","178727515","chr6","174808720","174809010","24","3918498"
"chr5","178733928","178734209","chr1","39808407","39808699","37","138925521"
"chr5","178740257","178740549","chr6","174826270","174826576","29","3913987"
"chr5","178749387","178749690","chr6","174835074","174835363","34","3914313"
"chr5","178759345","178759651","chr7","139509153","139509451","41","39250192"
"chr5","178795168","178795469","chr1","131399551","131399853","48","47395617"
"chr5","178796142","178796438","chr3","80467151","80467441","31","98328991"
"chr5","178798846","178799025","chr16","48484668","48484845","32","130314178"
"chr5","178800270","178800398","chr6","149897545","149897677","30","28902725"
"chr5","178801580","178801880","chr1","21672807","21673105","44","157128773"
"chr5","178803875","178804179","chr14","112526592","112526892","31","66277283"
"chr5","178816796","178817081","chr7","125002421","125002709","36","53814375"
"chr5","178827106","178827207","chr11","51993301","51993399","19","126833805"
"chr5","178830989","178831155","chr14","84880122","84880288","30","93950867"
"chr5","178834219","178834518","chr11","46510372","46510669","33","132323847"
"chr5","178845031","178845326","chr18","20505848","20506142","39","158339183"
"chr5","178853459","178853593","chr4","54093127","54093262","14","124760332"
"chr5","178853733","178854026","chr6","174949791","174950091","48","3903942"
"chr5","178877819","178878087","chr11","53327969","53328239","43","125549850"
"chr5","178913919","178914022","chr1","62231025","62231129","14","116682894"
"chr5","178915806","178916118","chr6","175013090","175013387","37","3902716"
"chr5","178918368","178918521","chr12","101822307","101822467","29","77096061"
"chr5","178918525","178918731","chr7","50468691","50468908","35","128449834"
"chr5","178922734","178923005","chr6","175020939","175021229","39","3901795"
"chr5","178926955","178927272","chrX","148128323","148128633","39","30798632"
"chr5","178936574","178936852","chr6","175035454","175035724","25","3901120"
"chr5","178990551","178990718","chr11","49739997","49740154","31","129250554"
"chr5","178990958","178991251","chr11","55879468","55879763","38","123111490"
"chr5","179004010","179004319","chr6","175103162","175103472","30","3900848"
"chr5","179005361","179005653","chr7","77698309","77698596","37","101307052"
"chr5","179046897","179047208","chr7","40063489","40063797","35","138983408"
"chr5","179056508","179056823","chr6","175154025","175154325","40","3902483"
"chr5","179071342","179071644","chr19","43503236","43503530","44","135568106"
"chr5","179096653","179096956","chr7","9696105","9696408","39","169400548"
"chr5","179127420","179127728","chr6","175266342","175266647","30","3861078"
"chr5","179138633","179138942","chr19","4764672","4764983","43","174373961"
"chr5","179144832","179145139","chr2","100444666","100444972","43","78700166"
"chr5","179166851","179167157","chr8","43079795","43080095","45","136087056"
"chr5","179200234","179200454","chr1","20743725","20743945","39","158456509"
"chr5","179219437","179219723","chr15","18525289","18525576","35","160694148"
"chr5","179253443","179253734","chr3","61453265","61453553","49","117800178"
"chr5","179262276","179262570","chr3","1691355","1691649","28","177570921"
"chr5","179314848","179315110","chr8","55490833","55491091","43","123824015"
"chr5","179338596","179338889","chr6","175585331","175585631","38","3753265"
"chr5","179344196","179344504","chr6","175590266","175590576","28","3753930"
"chr5","179346575","179346854","chr1","9406018","9406301","41","169940557"
"chr5","179349940","179350226","chr6","175596676","175596959","27","3753264"
"chr5","179350227","179350361","chr10","18525365","18525502","14","160824862"
"chr5","179353531","179353788","chr6","175598203","175598462","26","3755328"
"chr5","179356774","179357070","chr6","175601928","175602227","27","3754846"
"chr5","179360304","179360595","chr1","7385558","7385856","42","171974746"
"chr5","179365466","179365742","chr7","34664363","34664645","50","144701103"
"chr5","179374516","179374818","chr6","175616852","175617160","36","3757664"
"chr5","179377712","179377951","chr6","175620541","175620775","31","3757171"
"chr5","179380259","179380535","chr6","175626716","175627001","61","3753543"
"chr5","179384048","179384179","chr11","111955515","111955644","16","67428533"
"chr5","179385610","179385919","chr6","175630210","175630520","32","3755400"
"chr5","179393901","179394193","chr6","175638143","175638423","30","3755758"
"chr5","179397594","179397904","chr1","64584409","64584705","48","114813185"
"chr5","179399632","179399936","chr1","166387645","166387949","36","13011987"
"chr5","179406846","179406863","chr1","146584325","146584343","2","32822521"
"chr5","179406906","179407177","chr4","38276322","38276599","44","141130584"
"chr5","179408039","179408337","chr6","175656236","175656537","16","3751803"
"chr5","179414727","179414973","chr4","27718662","27718911","35","151696065"
"chr5","179416703","179416957","chrX","113227375","113227627","42","66189328"
"chr5","179434543","179434848","chr6","175682355","175682661","30","3752188"
"chr5","179446868","179447158","chr6","175697034","175697332","31","3749834"
"chr5","179449526","179449832","chr6","175699720","175700016","46","3749806"
"chr5","179467158","179467454","chr6","175725756","175726046","34","3741402"
"chr5","179470773","179471007","chr12","106178705","106178938","38","73292068"
"chr5","179473082","179473377","chr7","169588830","169589125","26","9884252"
"chr5","179482425","179482697","chr9","25570463","25570730","40","153911962"
"chr5","179487131","179487275","chr6","175748030","175748172","12","3739101"
"chr5","179487276","179487572","chr6","175748173","175748481","48","3739103"
"chr5","179488500","179488794","chr6","175749894","175750188","59","3738606"
"chr5","179488795","179488930","chr19","41099738","41099873","19","138389057"
"chr5","179490919","179491204","chr6","175752973","175753256","18","3737946"
"chr5","179491283","179491461","chr3","36859317","36859495","36","142631966"
"chr5","179491519","179491535","chr14","21505512","21505528","2","157986007"
"chr5","179494028","179494194","chrX","557444","557611","26","178936584"
"chr5","179508978","179509163","chr5","40243322","40243506","32","139265656"
"chr5","179511518","179511785","chr1","139650554","139650817","41","39860964"
"chr5","179512501","179512793","chr6","175775338","175775637","22","3737163"
"chr5","179514399","179514699","chr4","131271005","131271305","36","48243394"
"chr5","179515958","179516251","chr9","25083503","25083798","36","154432455"
"chr5","179516353","179516627","chr6","175779885","175780159","25","3736468"
"chr5","179519298","179519396","chr6","175783655","175783752","14","3735643"
"chr5","179520656","179520855","chr3","12719728","12719927","33","166800928"
"chr5","179523143","179523249","chr13","37760813","37760920","16","141762330"
"chr5","179523251","179523391","chr20","23776175","23776305","26","155747076"
"chr5","179523815","179524000","chr6","175788659","175788843","13","3735156"
"chr5","179525068","179525209","chr6","175790186","175790329","12","3734882"
"chr5","179525633","179525942","chr6","175790660","175790961","39","3734973"
"chr5","179526166","179526429","chr14","33565725","33565987","43","145960441"
"chr5","179527085","179527294","chr1","6754007","6754209","35","172773078"
"chr5","179528248","179528548","chr6","175793820","175794121","26","3734428"
"chr5","179535900","179536185","chr14","7664868","7665141","40","171871032"
"chr5","179555362","179555588","chr16","668407","668615","49","178886955"
"chr5","179557921","179558105","chr8","22222411","22222599","30","157335510"
"chr5","179559160","179559295","chr5","100874529","100874663","11","78684631"
"chr5","179560586","179560877","chr6","175831684","175831978","19","3728902"
"chr5","179567242","179567536","chr6","175839533","175839832","34","3727709"
"chr5","179573872","179574032","chr6","175847284","175847422","30","3726588"
"chr5","179578151","179578294","chr6","175851662","175851809","18","3726489"
"chr5","179579412","179579713","chr6","175853272","175853565","25","3726140"
"chr5","179587195","179587508","chr19","14289677","14289984","45","165297518"
"chr5","179587518","179587737","chr9","26650579","26650790","44","152936939"
"chr5","179589097","179589397","chr3","166261548","166261846","50","13327549"
"chr5","179592832","179593089","chr20","66530052","66530319","50","113062780"
"chr5","179595896","179596194","chr15","6371105","6371399","44","173224791"
"chr5","179608508","179608824","chr6","175882390","175882705","36","3726118"
"chr5","179618928","179619220","chr11","100151601","100151892","42","79467327"
"chr5","179626018","179626310","chr15","68535374","68535637","66","111090644"
"chr5","179633449","179633725","chr6","175908763","175909049","37","3724686"
"chr5","179642891","179643187","chr14","15756054","15756351","35","163886837"
"chr5","179645765","179646079","chr6","175921363","175921671","47","3724402"
"chr5","179655186","179655483","chr6","175930444","175930731","24","3724742"
"chr5","179685070","179685246","chr13","29141288","29141465","35","150543782"
"chr5","179687569","179687871","chr6","32157411","32157710","25","147530158"
"chr5","179689257","179689422","chr16","71840560","71840723","21","107848697"
"chr5","179740471","179740609","chr5","24057398","24057542","25","155683073"
"chr5","179771457","179771759","chr1","200194256","200194554","38","20422799"
"chr5","179779194","179779501","chr6","176070885","176071178","42","3708309"
"chr5","179782263","179782354","chr16","16296004","16296090","16","163486259"
"chr5","179782677","179782787","chr9","129507036","129507146","12","50275641"
"chr5","179785691","179786013","chr6","176077245","176077563","22","3708446"
"chr5","179786363","179786651","chr4","10677387","10677681","39","169108976"
"chr5","179788103","179788369","chr9","13870366","13870639","47","165917737"
"chr5","179801532","179801842","chr9","95281737","95282038","36","84519795"
"chr5","179830297","179830589","chr7","17138209","17138500","34","162692088"
"chr5","179850016","179850272","chr15","68535374","68535637","45","111314642"
"chr5","179869051","179869350","chr5","85707116","85707405","36","94161935"
"chr5","179885075","179885353","chr6","176179502","176179765","50","3705573"
"chr5","179917366","179917664","chr10","59667642","59667941","44","120249724"
"chr5","179927375","179927530","chr15","8538420","8538567","24","171388955"
"chr5","179930171","179930475","chr9","96018903","96019206","37","83911268"
"chr5","179930665","179930833","chr2","160096543","160096703","42","19834122"
"chr5","179931164","179931453","chr6","176230133","176230436","36","3701031"
"chr5","179932732","179932816","chr20","54265712","54265795","15","125667020"
"chr5","179946198","179946495","chr15","105746468","105746766","33","74199730"
"chr5","179947112","179947424","chr2","111030330","111030641","39","68916782"
"chr5","179962845","179963137","chr5","93179263","93179563","37","86783582"
"chr5","179979602","179979903","chr20","22800828","22801125","40","157178774"
"chr5","179983964","179984249","chr4","140504524","140504795","52","39479440"
"chr5","180000416","180000720","chr5","108845466","108845766","46","71154950"
"chr5","180484907","180485203","chr1","9179485","9179779","32","171305422"
"chr5","180497085","180497390","chr6","176548889","176549189","34","3948196"
"chr5","180505659","180505834","chr16","55444795","55444966","21","125060864"
"chr5","180506136","180506267","chr1","117155797","117155925","17","63350339"
"chr5","180523000","180523297","chr12","64619699","64620001","31","115903301"
"chr5","180526918","180527215","chr6","176590894","176591201","37","3936024"
"chr5","180546512","180546809","chr6","176610603","176610904","29","3935909"
"chr5","180556312","180556417","chr9","28442373","28442478","10","152113939"
"chr5","180557781","180558078","chr6","176622500","176622805","31","3935281"
"chr5","180561610","180561766","chr6","176626625","176626778","15","3934985"
"chr5","180562085","180562267","chr6","176627088","176627245","34","3934997"
"chr5","180573801","180574058","chr11","47742284","47742545","31","132831517"
"chr5","180582614","180582714","chr3","151235850","151235951","14","29346764"
"chr5","180588858","180588975","chr19","12198557","12198673","17","168390301"
"chr5","180590990","180591099","chr10","66072208","66072319","11","114518782"
"chr5","180614970","180615255","chr6","176682754","176683054","31","3932216"
"chr5","180619626","180619838","chr18","1029987","1030198","28","179589639"
"chr5","180661588","180661878","chr6","176730117","176730412","40","3931471"
"chr5","180669410","180669657","chr15","12150110","12150359","37","168519300"
"chr5","180719896","180720018","chr10","74336072","74336186","22","106383824"
"chr5","180720612","180720744","chr3","3535836","3535970","13","177184776"
"chr5","180731611","180731907","chr15","18383931","18384228","30","162347680"
"chr5","180764020","180764321","chr6","176840060","176840359","33","3923960"
"chr5","180816513","180816803","chr1","161646227","161646515","46","19170286"
"chr5","180832619","180832909","chr1","112580058","112580347","35","68252561"
"chr5","180842990","180843270","chr6","176919423","176919700","29","3923567"
"chr5","180862664","180862976","chr6","176939778","176940077","32","3922886"
"chr5","180877379","180877676","chr4","129305955","129306251","40","51571424"
"chr5","180889135","180889429","chr6","11866650","11866952","38","169022485"
"chr5","180903344","180903655","chr6","176986994","176987305","28","3916350"
"chr5","180912395","180912636","chr6","176996012","176996254","20","3916383"
"chr5","180916728","180917040","chr6","177000444","177000759","28","3916284"
"chr5","180921001","180921262","chr6","177004676","177004948","27","3916325"
"chr5","180923149","180923451","chr9","95281737","95282038","37","85641412"
"chr5","180955601","180955910","chr13","39986756","39987062","34","140968845"
"chr5","180965188","180965477","chr1","212896637","212896929","29","31931449"
"chr5","180970358","180970669","chr6","177056229","177056530","37","3914129"
"chr5","180981720","180982027","chr6","177067604","177067920","42","3914116"
"chr5","180982414","180982729","chr6","177068300","177068609","32","3914114"
"chr5","180997060","180997372","chr3","74881990","74882300","30","106115070"
"chr5","181052514","181052823","chr6","177138819","177139128","33","3913695"
"chr5","181054861","181055120","chr10","1986521","1986775","38","179068340"
"chr5","181067569","181067862","chr7","37221144","37221444","41","143846425"
"chr5","181070553","181070859","chr6","177157968","177158260","35","3912585"
"chr5","181090379","181090610","chr10","87437944","87438185","35","93652435"
"chr5","181095165","181095464","chr20","21484702","21484998","33","159610463"
"chr5","181096348","181096479","chr19","36511531","36511663","17","144584817"
"chr5","181098466","181098762","chr16","48001050","48001345","32","133097416"
"chr5","181114200","181114489","chr6","177211969","177212278","41","3902231"
"chr5","181131578","181131889","chr6","177229970","177230278","43","3901608"
"chr5","181138720","181139011","chr16","919540","919833","37","180219180"
"chr5","181166807","181167090","chr11","110522470","110522755","47","70644337"
"chr5","181175858","181176149","chr7","96957007","96957294","51","84218851"
"chr5","181176701","181176917","chr2","99056020","99056243","46","82120681"
"chr5","181179751","181179995","chr6","177309983","177310220","32","3869768"
"chr5","181197892","181198187","chr1","210738800","210739095","39","29540908"
"chr5","181200543","181200846","chr6","177344396","177344704","27","3856147"
"chr5","181204160","181204470","chrX","23558557","23558868","39","157645603"
"chr5","181219791","181220052","chr11","47742284","47742545","42","133477507"
"chr5","181223165","181223445","chr14","110553219","110553500","35","70669946"
"chr5","181225434","181225755","chr6","177391667","177391986","45","3833767"
"chr5","181255392","181255450","chr5","85373418","85373463","15","95881974"
"chr5","181264625","181264921","chr4","108049796","108050091","36","73214829"
"chr5","181266282","181266435","chr16","58362171","58362322","17","122904111"
"chr5","181269056","181269182","chr6","177423651","177423783","15","3845405"
"chr5","181275577","181275952","chr7","61076808","61077181","117","120198769"
"chr5","181282988","181283284","chr1","117344868","117345161","35","63938120"
"chr5","181378600","181378903","chr4","55008882","55009189","37","126369718"
"chr5","181419664","181419978","chrX","19325410","19325719","41","162094254"
"chr5","181428118","181428388","chr6","177549449","177549714","27","3878669"
"chr5","181466728","181467023","chr5","51540643","51540938","34","129926085"
"chr5","181473297","181473457","chr16","50008770","50008927","26","131464527"
"chr5","181487536","181487825","chr6","177617364","177617661","34","3870172"
"chr5","181510204","181510432","chr6","56511093","56511315","40","124999111"
"chr5","181519344","181519623","chr2","137863570","137863841","36","43655774"
"chr5","181526011","181526134","chr1","7373118","7373239","17","174152893"
"chr5","181567580","181567895","chr1","145564401","145564712","61","36003179"
"chr5","181580170","181580321","chr20","65902013","65902162","15","115678157"
"chr5","181580668","181580825","chr11","132913452","132913595","31","48667216"
"chr5","181589145","181589453","chr6","177713847","177714153","27","3875298"
"chr5","181605962","181606251","chr15","18383931","18384228","40","163222031"
"chr5","181641295","181641596","chr14","19098861","19099159","36","162542434"
"chr5","181644207","181644526","chr11","100021775","100022089","46","81622432"
"chr5","181694119","181694412","chr6","177887078","177887390","48","3807041"
"chr5","181722117","181722417","chr1","17831407","17831712","35","163890710"
"chr5","181725636","181725942","chr4","75431476","75431776","40","106294160"
"chr5","181826447","181826757","chr19","46860523","46860827","35","134965924"
"chr5","181860692","181860929","chr1","200101634","200101867","28","18240942"
"chr5","181883449","181883745","chr6","178070555","178070847","30","3812894"
"chr5","181900377","181900691","chr6","178089091","178089402","33","3811286"
"chr5","181901148","181901451","chr3","166005666","166005965","34","15895482"
"chr5","181911429","181911721","chr16","5048763","5049058","32","176862666"
"chr5","181918834","181919145","chr8","32698128","32698436","48","149220706"
"chr5","181927560","181927803","chr1","14534701","14534944","23","167392859"
"chr5","181931406","181931705","chr19","13989351","13989646","37","167942055"
"chr5","181934728","181935018","chr6","178125335","178125627","31","3809393"
"chr5","181941654","181941938","chr16","6400266","6400536","38","175541388"
"chr5","181949564","181949820","chr11","47742284","47742545","31","134207280"
"chr5","181956657","181956781","chr1","25541923","25542047","18","156414734"
"chr5","181957090","181957266","chr15","1911266","1911429","38","180045824"
"chr5","181961422","181961726","chr14","100441445","100441748","34","81519977"
"chr5","181982092","181982171","chr9","57296611","57296693","11","124685481"
"chr5","181983799","181984092","chr1","212323534","212323829","35","30339735"
"chr5","181991061","181991350","chr1","39808407","39808699","33","142182654"
"chr5","181993103","181993305","chr3","12719728","12719927","30","169273375"
"chr5","182005830","182006143","chr6","178189918","178190226","41","3815912"
"chr5","182007568","182007844","chr9","108036115","108036387","41","73971453"
"chr5","182012393","182012693","chr6","178195961","178196254","27","3816432"
"chr5","182030425","182030663","chr15","49239183","49239418","36","132791242"
"chr5","182041290","182041571","chr7","28329692","28329979","41","153711598"
"chr5","182059693","182059977","chr11","129069649","129069938","42","52990044"
"chr5","182066033","182066350","chr11","49864360","49864666","51","132201673"
"chr5","182142324","182142594","chr10","80509829","80510093","37","101632495"
"chr5","182144105","182144407","chr6","178322285","178322582","21","3821820"
"chr5","182147091","182147221","chr9","97777912","97778046","9","84369179"
"chr5","182149527","182149831","chr5","8289100","8289402","36","173860427"
"chr5","182156944","182157093","chr18","12393198","12393350","14","169763746"
"chr5","182161629","182161929","chr6","178339484","178339788","21","3822145"
"chr5","182164376","182164650","chr10","12659402","12659674","34","169504974"
"chr5","182171216","182171355","chr3","126058872","126059013","20","56112344"
"chr5","182174941","182175259","chr7","139240500","139240808","53","42934441"
"chr5","182178486","182178770","chr6","178357066","178357347","27","3821420"
"chr5","182179551","182179700","chr16","7994900","7995042","19","174184651"
"chr5","182181053","182181340","chr3","51886391","51886690","48","130294662"
"chr5","182185229","182185538","chr6","178365065","178365365","37","3820164"
"chr5","182188475","182188767","chr6","178369065","178369353","35","3819410"
"chr5","182189423","182189653","chr5","185915874","185916101","42","3726451"
"chr5","182202608","182202905","chr8","41814834","41815130","34","140387774"
"chr5","182207812","182208100","chr6","178392911","178393224","47","3814901"
"chr5","182208135","182208295","chr1","21779699","21779859","18","160428436"
"chr5","182217037","182217322","chr16","26344376","26344664","34","155872661"
"chr5","182244467","182244777","chr11","131458419","131458721","47","50786048"
"chr5","182250979","182251268","chr9","25083503","25083798","38","157167476"
"chr5","182252354","182252455","chr12","115778256","115778354","16","66474098"
"chr5","182252503","182252703","chr6","55060425","55060623","24","127192078"
"chr5","182252988","182253137","chr7","120346484","120346633","21","61906504"
"chr5","182253913","182254112","chr9","60005339","60005548","37","122248574"
"chr5","182273548","182273667","chr1","7373118","7373239","15","174900430"
"chr5","182286776","182287061","chr4","48490556","48490850","46","133796220"
"chr5","182294935","182295238","chr7","165926447","165926749","36","16368488"
"chr5","182349875","182350031","chr7","16849651","16849810","32","165500224"
"chr5","182363691","182363988","chr3","161572696","161572990","37","20790995"
"chr5","182364329","182364564","chr16","28316966","28317199","48","154047363"
"chr5","182380777","182381056","chr4","17496445","17496716","30","164884332"
"chr5","182413538","182413855","chr3","122081339","122081650","40","60332199"
"chr5","182414654","182414913","chr12","106786060","106786323","33","75628594"
"chr5","182420972","182421268","chr5","85901073","85901367","43","96519899"
"chr5","182431040","182431332","chr7","43067043","43067333","33","139363997"
"chr5","182479539","182479710","chr9","30697640","30697805","31","151781899"
"chr5","182489738","182490037","chr5","38064607","38064904","38","144425131"
"chr5","182512107","182512395","chr7","43322799","43323092","40","139189308"
"chr5","182513456","182513747","chr1","159878672","159878960","33","22634784"
"chr5","182528523","182528822","chr7","18502191","18502489","35","164026332"
"chr5","182536122","182536334","chr3","167464635","167464860","48","15071487"
"chr5","182538339","182538625","chr6","178718194","178718478","19","3820145"
"chr5","182570160","182570449","chr1","7385558","7385856","41","175184602"
"chr5","182575754","182576050","chr9","25083503","25083798","36","157492251"
"chr5","182585317","182585574","chr1","139650554","139650817","38","42934763"
"chr5","182587670","182587965","chr6","178769398","178769696","28","3818272"
"chr5","182590273","182590574","chr3","36442876","36443174","34","146147397"
"chr5","182612824","182613134","chr4","37965650","37965953","41","144647174"
"chr5","182822681","182822974","chr8","93237278","93237575","42","89585403"
"chr5","182855946","182856243","chr6","179018449","179018740","31","3837497"
"chr5","182882057","182882342","chr7","40703992","40704269","42","142178065"
"chr5","182907079","182907195","chr7","40672236","40672354","17","142234843"
"chr5","182907923","182908039","chr6","163557837","163557959","20","19350086"
"chr5","182916279","182916566","chrX","90930356","90930644","41","91985923"
"chr5","182923414","182923668","chr6","179143943","179144197","33","3779471"
"chr5","182927189","182927492","chr3","20988645","20988945","43","161938544"
"chr5","182942857","182943161","chr3","166005666","166005965","39","16937191"
"chr5","182947266","182947565","chr6","179163965","179164259","33","3783301"
"chr5","182950667","182950953","chr4","53291262","53291548","36","129659405"
"chr5","182952191","182952494","chr6","179169088","179169385","36","3783103"
"chr5","182961491","182961801","chr6","179179537","179179841","34","3781954"
"chr5","182969701","182970007","chr12","106930268","106930572","38","76039433"
"chr5","182988796","182988809","chr15","8113838","8113850","4","174874958"
"chr5","182989689","182989977","chr6","179205764","179206037","40","3783925"
"chr5","182993223","182993291","chr1","22619342","22619410","4","160373881"
"chr5","182994965","182995109","chr5","184351736","184351872","19","1356771"
"chr5","183008472","183008764","chr17","19947384","19947679","39","163061088"
"chr5","183024056","183024362","chr18","43679069","43679377","32","139344987"
"chr5","183048751","183049032","chr2","158851394","158851682","49","24197357"
"chr5","183058367","183058677","chr7","115966204","115966509","43","67092163"
"chr5","183117003","183117182","chr20","16586159","16586341","29","166530844"
"chr5","183169373","183169664","chrX","148090540","148090833","40","35078833"
"chr5","183170414","183170705","chr3","36442876","36443174","34","146727538"
"chr5","183180822","183180939","chr12","89575136","89575255","15","93605686"
"chr5","183181237","183181359","chr1","7373118","7373239","11","175808119"
"chr5","183196857","183197156","chr1","15299545","15299845","35","167897312"
"chr5","183216908","183217099","chr5","187073723","187073919","36","3856815"
"chr5","183270821","183271115","chr6","179483939","179484232","25","3786882"
"chr5","183282754","183283066","chr7","82393560","82393871","37","100889194"
"chr5","183298831","183299123","chr6","179509011","179509302","28","3789820"
"chr5","183317789","183318087","chrX","41694245","41694543","35","141623544"
"chr5","183335380","183335679","chr1","200028486","200028781","26","16693106"
"chr5","183346172","183346481","chr1","17831407","17831712","40","165514765"
"chr5","183360893","183361196","chr7","113559810","113560113","40","69801083"
"chr5","183367767","183368061","chr1","22949770","22950065","34","160417997"
"chr5","183563751","183564053","chr16","54990041","54990342","37","128573710"
"chr5","183573255","183573529","chr6","179816732","179817005","36","3756523"
"chr5","183655783","183655931","chr1","49885004","49885147","25","133770779"
"chr5","183656438","183656569","chr10","29597170","29597304","14","154059268"
"chr5","183657438","183657724","chr3","18393941","18394230","39","165263497"
"chr5","183686695","183686826","chr4","115848594","115848725","15","67838101"
"chr5","183715519","183715648","chrX","643532","643660","24","183071987"
"chr5","183725661","183725873","chr12","102036089","102036303","52","81689572"
"chr5","183733938","183734227","chr6","180020591","180020887","36","3713347"
"chr6","100663081","100663358","chr1","46770774","46771057","49","53892307"
"chr6","393168","393361","chrX","47018952","47019147","39","46625784"
"chr6","10616558","10616854","chr9","82180515","82180807","43","71563957"
"chr6","24903500","24903805","chr4","25151042","25151340","36","247542"
"chr6","44302308","44302564","chr10","12184534","12184790","33","32117774"
"chr6","74579931","74580213","chr11","132329328","132329609","36","57749397"
"chr6","114163658","114163961","chr4","155676038","155676334","32","41512380"
"chr6","138280857","138281164","chr4","130862666","130862976","35","7418191"
"chr6","161349632","161349895","chr13","37866675","37866938","32","123482957"
"chr6","151014","151308","chr7","169588830","169589125","30","169437816"
"chr6","155598","155888","chr7","28329692","28329979","31","28174094"
"chr6","164253","164561","chr12","119491317","119491621","38","119327064"
"chr6","191520","191834","chr8","124179622","124179932","38","123988102"
"chr6","208656","208949","chr3","1691355","1691649","36","1482699"
"chr6","211635","211938","chr6","11866650","11866952","34","11655015"
"chr6","219314","219623","chr4","122845","123154","23","96469"
"chr6","220925","221189","chr2","75753456","75753714","35","75532531"
"chr6","224149","224456","chr6","105234648","105234956","44","105010499"
"chr6","236130","236423","chr4","144043","144336","25","92087"
"chr6","239803","240095","chr4","148125","148423","31","91678"
"chr6","260058","260341","chr4","31892892","31893174","41","31632834"
"chr6","356679","356849","chr3","160490400","160490565","30","160133721"
"chr6","370566","370855","chr4","280945","281237","20","89621"
"chr6","381935","382224","chr4","115821158","115821444","42","115439223"
"chr6","416920","417185","chr4","325767","326044","35","91153"
"chr6","420447","420750","chr4","329582","329879","32","90865"
"chr6","487083","487235","chr7","19975217","19975370","20","19488134"
"chr6","539503","539821","chr10","80107927","80108237","47","79568424"
"chr6","684860","685165","chr4","594771","595056","46","90089"
"chr6","813957","814241","chr6","74187933","74188220","42","73373976"
"chr6","845343","845617","chr4","764095","764372","27","81248"
"chr6","950630","950855","chr19","45138310","45138529","38","44187680"
"chr6","986922","987202","chr4","919774","920057","41","67148"
"chr6","1035403","1035710","chr10","31415491","31415793","31","30380088"
"chr6","1066572","1066862","chr7","18357399","18357684","37","17290827"
"chr6","1173570","1173849","chr4","1111680","1111940","35","61890"
"chr6","1269980","1270205","chr3","130119359","130119580","35","128849379"
"chr6","1275353","1275659","chr1","125348377","125348684","37","124073024"
"chr6","1294673","1294979","chr8","98890323","98890618","35","97595650"
"chr6","1295095","1295285","chr11","2904691","2904882","25","1609596"
"chr6","1299750","1299864","chr13","86722914","86723028","13","85423164"
"chr6","1372853","1373144","chr4","1308893","1309183","31","63960"
"chr6","1392476","1392775","chr11","119124500","119124799","31","117732024"
"chr6","1419933","1420242","chr14","87162455","87162762","38","85742522"
"chr6","1425606","1425900","chr10","38676483","38676777","41","37250877"
"chr6","1436105","1436405","chr16","9166808","9167112","37","7730703"
"chr6","1451985","1452274","chr4","1395729","1396028","33","56256"
"chr6","1474796","1475003","chr16","14036863","14037070","28","12562067"
"chr6","1494126","1494409","chr4","1440815","1441099","21","53311"
"chr6","1501582","1501701","chr5","48394329","48394446","16","46892747"
"chr6","1501728","1501898","chr19","30244151","30244322","22","28742423"
"chr6","1502151","1502274","chr1","140121420","140121542","26","138619269"
"chr6","1517425","1517722","chr8","93049829","93050127","38","91532404"
"chr6","1604368","1604676","chr7","18502191","18502489","35","16897823"
"chr6","1675645","1675854","chr16","48976473","48976683","26","47300828"
"chr6","1744040","1744331","chr16","19390725","19391013","33","17646685"
"chr6","1826097","1826387","chr4","1789038","1789319","30","37059"
"chr6","1861187","1861470","chr4","1823246","1823527","27","37941"
"chr6","1869170","1869471","chr3","48992148","48992443","37","47122978"
"chr6","1951683","1951989","chr19","11620016","11620322","41","9668333"
"chr6","2059417","2059716","chr4","2018443","2018750","31","40974"
"chr6","2092308","2092608","chr4","2051643","2051943","23","40665"
"chr6","2215813","2215954","chr17","19996556","19996695","20","17780743"
"chr6","2216086","2216254","chr2","188225310","188225477","34","186009224"
"chr6","2255906","2256230","chr4","2212743","2213056","41","43163"
"chr6","2291145","2291443","chr4","2245933","2246228","29","45212"
"chr6","2318827","2319129","chr4","2320587","2320878","44","1760"
"chr6","2412911","2413216","chr4","2407197","2407501","31","5714"
"chr6","2421767","2422070","chr12","120424846","120425154","40","118003079"
"chr6","2442329","2442633","chrX","15989207","15989511","40","13546878"
"chr6","2449858","2450162","chr4","2445386","2445694","36","4472"
"chr6","2479033","2479319","chr4","2474551","2474847","29","4482"
"chr6","2555230","2555537","chr4","2558276","2558582","24","3046"
"chr6","2580592","2580894","chr3","166005666","166005965","33","163425074"
"chr6","2645941","2646079","chr19","45789704","45789837","14","43143763"
"chr6","2650984","2651251","chr4","2655790","2656058","18","4806"
"chr6","2712221","2712516","chr4","32797120","32797410","35","30084899"
"chr6","2713615","2713922","chr4","2719313","2719617","30","5698"
"chr6","2724249","2724555","chr4","2729343","2729644","26","5094"
"chr6","2757648","2757952","chr4","2756619","2756929","25","1029"
"chr6","2772729","2773029","chr14","124293090","124293393","37","121520361"
"chr6","2774526","2774817","chr4","2773941","2774234","42","585"
"chr6","2775101","2775382","chr4","2774529","2774809","17","572"
"chr6","2776320","2776632","chr4","2775711","2776012","41","609"
"chr6","2823409","2823607","chr5","183908884","183909071","38","181085475"
"chr6","2830696","2830981","chr13","92379163","92379449","34","89548467"
"chr6","2840480","2840773","chr17","84246025","84246317","33","81405545"
"chr6","2856233","2856541","chr1","95884639","95884948","38","93028406"
"chr6","2872514","2872803","chr4","2868076","2868374","32","4438"
"chr6","2875888","2876183","chr4","2871504","2871807","26","4384"
"chr6","2880535","2880846","chr1","23004421","23004729","43","20123886"
"chr6","2881417","2881708","chr16","48001050","48001345","33","45119633"
"chr6","2895468","2895627","chr4","137054769","137054922","45","134159301"
"chr6","2900434","2900502","chr1","10386764","10386833","9","7486330"
"chr6","2907224","2907516","chr4","2894127","2894412","31","13097"
"chr6","2925057","2925348","chr6","137309636","137309927","47","134384579"
"chr6","2928669","2928965","chr14","9996563","9996858","37","7067894"
"chr6","2929890","2930188","chr4","2924717","2925026","27","5173"
"chr6","2932495","2932684","chr4","2928464","2928653","15","4031"
"chr6","2936389","2936550","chr1","12317685","12317842","22","9381296"
"chr6","2937646","2937803","chr11","116835719","116835870","27","113898073"
"chr6","2952851","2953129","chr2","137863570","137863841","39","134910719"
"chr6","2994791","2995096","chr6","161692334","161692640","27","158697543"
"chr6","3000001","3000181","chr6","179274791","179274971","31","176274790"
"chr6","3033222","3033512","chr1","9406018","9406301","43","6372796"
"chr6","3033921","3034201","chr4","3013623","3013902","31","20298"
"chr6","3035501","3035788","chr2","160906735","160907029","39","157871234"
"chr6","3054954","3055247","chr4","3036559","3036843","25","18395"
"chr6","3090022","3090235","chr1","62928740","62928959","40","59838718"
"chr6","3206847","3207052","chr16","67764130","67764338","26","64557283"
"chr6","3220727","3221023","chrX","39822068","39822366","38","36601341"
"chr6","3235953","3236240","chr4","3105162","3105461","32","130791"
"chr6","3266418","3266704","chr7","43325601","43325898","40","40059183"
"chr6","3272623","3272926","chr10","31766090","31766389","40","28493467"
"chr6","3373011","3373313","chr4","3250482","3250785","32","122529"
"chr6","3392841","3393153","chr4","3270818","3271131","32","122023"
"chr6","3397186","3397481","chr3","2986573","2986865","34","410613"
"chr6","3459338","3459610","chr16","58631076","58631352","35","55171738"
"chr6","3496552","3496858","chr4","3376943","3377245","33","119609"
"chr6","3510876","3511163","chr4","3391108","3391393","21","119768"
"chr6","3514193","3514482","chr11","120634603","120634893","36","117120410"
"chr6","3645784","3646008","chr15","22477477","22477709","30","18831693"
"chr6","3737636","3737766","chr3","39515638","39515771","11","35778002"
"chr6","3795410","3795714","chr10","72366392","72366697","41","68570982"
"chr6","3810779","3810993","chr4","163223517","163223728","28","159412738"
"chr6","3836181","3836468","chr8","41814834","41815130","37","37978653"
"chr6","3838673","3838966","chr19","20676318","20676616","37","16837645"
"chr6","3855771","3856058","chr5","85707116","85707405","36","81851345"
"chr6","3861257","3861563","chr4","3784354","3784650","35","76903"
"chr6","3866848","3866976","chr7","18750820","18750952","17","14883972"
"chr6","3868271","3868377","chr6","159053812","159053925","22","155185541"
"chr6","3868769","3868964","chr1","925575","925775","36","2943194"
"chr6","3880133","3880402","chr4","3803508","3803774","23","76625"
"chr6","3953679","3953966","chr4","3882201","3882487","24","71478"
"chr6","3959713","3960013","chr14","15756054","15756351","29","11796341"
"chr6","3967656","3967848","chr4","56235115","56235309","30","52267459"
"chr6","3971300","3971603","chr5","184066657","184066960","35","180095357"
"chr6","3988606","3988908","chr4","3925507","3925809","30","63099"
"chr6","3993122","3993419","chrX","124495372","124495668","36","120502250"
"chr6","4003876","4004175","chr14","15756054","15756351","37","11752178"
"chr6","4044124","4044390","chr8","142242840","142243113","36","138198716"
"chr6","4048381","4048670","chrX","148090540","148090833","40","144042159"
"chr6","4053714","4054026","chr12","120424846","120425154","40","116371132"
"chr6","4098334","4098648","chrX","113217971","113218282","42","109119637"
"chr6","4106641","4106924","chr4","4049086","4049390","36","57555"
"chr6","4122024","4122334","chr4","4063304","4063617","33","58720"
"chr6","4141404","4141706","chr4","4092694","4092990","29","48710"
"chr6","4142532","4142818","chr4","4093813","4094079","37","48719"
"chr6","4162346","4162657","chr9","16374161","16374447","60","12211815"
"chr6","4209625","4209950","chr6","88175060","88175359","58","83965435"
"chr6","4267138","4267394","chr19","33850313","33850566","27","29583175"
"chr6","4280633","4280769","chr4","28214549","28214688","22","23933916"
"chr6","4311009","4311304","chr7","2877777","2878073","38","1433232"
"chr6","4390851","4391138","chr11","33392847","33393132","37","29001996"
"chr6","4396479","4396780","chr4","4337311","4337611","28","59168"
"chr6","4414442","4414574","chr7","52682488","52682622","15","48268046"
"chr6","4488634","4488936","chrX","44641862","44642166","42","40153228"
"chr6","4507122","4507400","chr4","4455119","4455395","36","52003"
"chr6","4547208","4547488","chr8","28088900","28089180","39","23541692"
"chr6","4550360","4550645","chr17","22977707","22977986","47","18427347"
"chr6","4562935","4563232","chr19","18144925","18145222","36","13581990"
"chr6","4594612","4594868","chr4","4546674","4546932","33","47938"
"chr6","4601638","4601944","chr4","4552165","4552463","28","49473"
"chr6","4617603","4617923","chrX","23558557","23558868","45","18940954"
"chr6","4646253","4646555","chr4","4597683","4597976","34","48570"
"chr6","4650215","4650461","chr10","84559895","84560138","36","79909680"
"chr6","4650485","4650594","chr15","41535761","41535865","18","36885276"
"chr6","4675437","4675716","chr16","10710589","10710878","54","6035152"
"chr6","4685524","4685851","chr3","77804268","77804589","49","73118744"
"chr6","4686816","4686949","chr15","36677654","36677789","16","31990838"
"chr6","4687344","4687514","chr1","128814190","128814364","31","124126846"
"chr6","4691538","4691843","chr3","177142458","177142765","36","172450920"
"chr6","4700806","4701090","chr1","130788993","130789275","32","126088187"
"chr6","4730265","4730549","chr4","4686984","4687288","34","43281"
"chr6","4745551","4745853","chr4","4704163","4704473","40","41388"
"chr6","4755609","4755905","chr4","4712605","4712903","18","43004"
"chr6","4759431","4759691","chr16","48893966","48894231","40","44134535"
"chr6","4787136","4787437","chr4","4799421","4799714","33","12285"
"chr6","4792690","4792968","chr9","106051939","106052219","40","101259249"
"chr6","4817278","4817574","chr11","55308034","55308328","35","50490756"
"chr6","5021166","5021461","chr18","48099588","48099881","35","43078422"
"chr6","5025898","5026191","chr2","163856453","163856746","36","158830555"
"chr6","5047277","5047465","chr7","133114354","133114541","26","128067077"
"chr6","5047810","5047936","chr10","20835679","20835809","13","15787869"
"chr6","5079151","5079479","chr4","5124585","5124888","56","45434"
"chr6","5124032","5124317","chr6","74243854","74244136","35","69119822"
"chr6","5136665","5136964","chr4","5185652","5185936","40","48987"
"chr6","5182058","5182372","chr4","5228175","5228488","29","46117"
"chr6","5197198","5197488","chr20","23117659","23117951","38","17920461"
"chr6","5211531","5211828","chr4","5257504","5257805","31","45973"
"chr6","5243514","5243714","chrX","9150025","9150226","21","3906511"
"chr6","5247066","5247383","chr7","138444674","138444980","51","133197608"
"chr6","5253945","5254116","chr14","111859035","111859206","34","106605090"
"chr6","5280364","5280672","chr4","57099833","57100137","35","51819469"
"chr6","5282657","5282800","chr7","27149559","27149700","18","21866902"
"chr6","5363214","5363528","chr4","24973050","24973359","48","19609836"
"chr6","5377772","5378071","chr4","163610184","163610481","38","158232412"
"chr6","5429213","5429532","chr4","5490342","5490650","45","61129"
"chr6","5434377","5434684","chr4","5495319","5495630","22","60942"
"chr6","5451167","5451429","chr17","82998507","82998775","44","77547340"
"chr6","5502417","5502689","chr5","1459273","1459553","51","4043144"
"chr6","5517873","5518089","chr19","10979398","10979617","28","5461525"
"chr6","5565721","5566002","chrX","40056549","40056830","34","34490828"
"chr6","5621546","5621764","chr11","118500754","118500968","51","112879208"
"chr6","5656697","5657003","chr4","5719400","5719704","30","62703"
"chr6","6149741","6150045","chr3","86961827","86962133","45","80812086"
"chr6","6189105","6189413","chr2","44569113","44569418","40","38380008"
"chr6","6324982","6325255","chr4","6350260","6350537","24","25278"
"chr6","6337699","6337989","chr4","6362934","6363213","29","25235"
"chr6","6354196","6354489","chr4","6379232","6379529","31","25036"
"chr6","6360204","6360506","chr7","164026191","164026494","39","157665987"
"chr6","6469819","6470101","chr1","44032064","44032350","43","37562245"
"chr6","6574619","6574906","chr4","6593315","6593598","29","18696"
"chr6","6575147","6575405","chr10","20819513","20819760","51","14244366"
"chr6","6607085","6607379","chr4","6626954","6627233","28","19869"
"chr6","6686756","6687064","chr1","125128665","125128968","38","118441909"
"chr6","6719665","6719966","chr4","6741616","6741928","36","21951"
"chr6","6725298","6725597","chr4","6747664","6747965","26","22366"
"chr6","6729595","6729908","chr14","5944619","5944926","45","784976"
"chr6","6748420","6748718","chr9","60458737","60459037","41","53710317"
"chr6","6761347","6761634","chr6","32729814","32730108","36","25968467"
"chr6","6792346","6792639","chr10","30442537","30442830","34","23650191"
"chr6","6802120","6802387","chr4","6825571","6825838","18","23451"
"chr6","6822518","6822819","chr5","50858391","50858695","26","44035873"
"chr6","6827516","6827796","chr4","6858996","6859288","40","31480"
"chr6","6834634","6834778","chr19","5085659","5085803","10","1748975"
"chr6","6871178","6871387","chr11","118500754","118500968","33","111629576"
"chr6","6875939","6876236","chr15","78531781","78532078","37","71655842"
"chr6","6986878","6987186","chr1","148439557","148439865","37","141452679"
"chr6","6999119","6999402","chr15","9289093","9289377","31","2289974"
"chr6","7012990","7013283","chr20","68643250","68643541","40","61630260"
"chr6","7033691","7033977","chr14","115986443","115986729","33","108952752"
"chr6","7050670","7050935","chr2","159769180","159769447","60","152718510"
"chr6","7063807","7063931","chr4","7013851","7013985","19","49956"
"chr6","7064240","7064405","chr4","115079945","115080108","33","108015705"
"chr6","7064794","7065038","chr9","72686847","72687092","37","65622053"
"chr6","7074994","7075291","chr7","5772369","5772664","37","1302625"
"chr6","7099107","7099391","chr7","67059835","67060119","35","59960728"
"chr6","7100377","7100626","chr14","101521727","101521971","40","94421350"
"chr6","7115570","7115861","chr4","7073604","7073916","43","41966"
"chr6","7125543","7125822","chr16","58964634","58964913","29","51839091"
"chr6","7126829","7127125","chr1","81854260","81854563","41","74727431"
"chr6","7128214","7128328","chr2","94297725","94297837","19","87169511"
"chr6","7133019","7133329","chr1","202022761","202023065","38","194889742"
"chr6","7175841","7176142","chr9","118099013","118099311","37","110923172"
"chr6","7179992","7180124","chr3","132572943","132573075","16","125392951"
"chr6","7187467","7187620","chr16","6858537","6858688","24","328930"
"chr6","7196474","7196789","chr14","80801364","80801674","40","73604890"
"chr6","7197800","7198075","chr3","133373744","133374018","33","126175944"
"chr6","7198937","7199138","chr11","2904691","2904882","29","4294246"
"chr6","7205488","7205660","chr16","43272620","43272787","22","36067132"
"chr6","7219042","7219238","chr7","95222121","95222323","41","88003079"
"chr6","7222997","7223295","chr4","154323965","154324263","38","147100968"
"chr6","7223697","7223818","chr4","7187049","7187170","9","36648"
"chr6","7237371","7237498","chr16","64036320","64036445","13","56798949"
"chr6","7254110","7254406","chr3","15037241","15037540","35","7783131"
"chr6","7254871","7255179","chr4","7218439","7218752","32","36432"
"chr6","7260475","7260790","chr6","76041018","76041330","48","68780543"
"chr6","7278488","7278726","chr19","33789661","33789908","50","26511173"
"chr6","7279813","7280105","chr4","7244569","7244857","30","35244"
"chr6","7282894","7283203","chr4","7249876","7250177","25","33018"
"chr6","7290455","7290751","chr4","7257735","7258028","29","32720"
"chr6","7297315","7297602","chr6","138644570","138644863","40","131347255"
"chr6","7318183","7318488","chr4","7286220","7286533","27","31963"
"chr6","7337471","7337765","chr4","7305542","7305837","27","31929"
"chr6","7341696","7341986","chrX","127362936","127363225","36","120021240"
"chr6","7348571","7348871","chr4","7316936","7317238","24","31635"
"chr6","7384726","7385019","chr13","75157859","75158148","34","67773133"
"chr6","7388246","7388555","chr10","75939363","75939668","36","68551117"
"chr6","7408644","7408890","chr10","59910337","59910584","30","52501693"
"chr6","7418616","7418903","chr3","41070629","41070914","40","33652013"
"chr6","7440066","7440361","chr2","95249993","95250288","26","87809927"
"chr6","7463256","7463556","chr8","121996669","121996974","36","114533413"
"chr6","7464273","7464496","chr13","94935954","94936168","39","87471681"
"chr6","7467148","7467450","chr4","7431809","7432111","23","35339"
"chr6","7474497","7474815","chr4","7439105","7439431","30","35392"
"chr6","7478093","7478407","chr4","7442636","7442948","34","35457"
"chr6","7486557","7486843","chr4","7451361","7451649","27","35196"
"chr6","7487730","7488017","chr4","7452540","7452835","20","35190"
"chr6","7512567","7512898","chr4","7479218","7479527","45","33349"
"chr6","7515752","7515946","chr1","20780824","20781010","37","13265072"
"chr6","7528940","7529230","chr7","67760064","67760356","30","60231124"
"chr6","7539811","7540099","chr4","129330527","129330815","38","121790716"
"chr6","7542366","7542675","chr17","54739240","54739550","37","47196874"
"chr6","7542860","7543072","chr2","56203940","56204152","28","48661080"
"chr6","7570220","7570506","chr4","7535064","7535362","32","35156"
"chr6","7574976","7575303","chr11","56032052","56032370","45","48457076"
"chr6","7579111","7579413","chr4","7543802","7544109","36","35309"
"chr6","7580612","7580915","chr2","100444666","100444972","43","92864054"
"chr6","7588841","7589153","chr4","7552984","7553293","41","35857"
"chr6","7607800","7608093","chr4","7573461","7573754","24","34339"
"chr6","7616161","7616457","chr4","7581911","7582201","28","34250"
"chr6","7629585","7629887","chr18","29114602","29114906","52","21485017"
"chr6","7687710","7688005","chr4","7634575","7634870","30","53135"
"chr6","7720896","7721187","chr4","7669219","7669513","30","51677"
"chr6","7781070","7781369","chr1","70423899","70424202","41","62642829"
"chr6","7800545","7800854","chrX","109548096","109548404","35","101747551"
"chr6","7818527","7818816","chr4","7783102","7783404","29","35425"
"chr6","7821762","7822085","chr10","74888195","74888498","53","67066433"
"chr6","7903059","7903354","chr4","7870140","7870449","34","32919"
"chr6","7956388","7956690","chr10","37249410","37249706","39","29293022"
"chr6","8055945","8056246","chrX","110604131","110604430","32","102548186"
"chr6","8070865","8071176","chr4","8033935","8034241","35","36930"
"chr6","8077165","8077441","chr9","58204099","58204374","31","50126934"
"chr6","8083867","8084150","chr4","8045741","8046037","34","38126"
"chr6","8097611","8097923","chr4","8059635","8059939","31","37976"
"chr6","8136194","8136490","chrX","16441347","16441641","35","8305153"
"chr6","8136740","8137052","chr4","8101548","8101861","52","35192"
"chr6","8143205","8143426","chr15","88759449","88759670","30","80616244"
"chr6","8147342","8147625","chr4","8113667","8113968","37","33675"
"chr6","8168507","8168814","chr4","8138850","8139150","29","29657"
"chr6","8170377","8170679","chr6","11866650","11866952","37","3696273"
"chr6","8174927","8175216","chr7","137501646","137501934","42","129326719"
"chr6","8187822","8187976","chr10","59907389","59907536","24","51719567"
"chr6","8220439","8220733","chr4","8189712","8190003","29","30727"
"chr6","8232105","8232420","chr4","8201641","8201951","47","30464"
"chr6","8236792","8237088","chr4","8211771","8212063","31","25021"
"chr6","8238858","8239167","chr4","8213854","8214152","37","25004"
"chr6","8249968","8250265","chr1","113487119","113487407","39","105237151"
"chr6","8253693","8253978","chr2","97762490","97762776","44","89508797"
"chr6","8254680","8254977","chr4","8230406","8230693","31","24274"
"chr6","8262109","8262415","chr4","8238100","8238405","38","24009"
"chr6","8274085","8274391","chr1","148439557","148439865","43","140165472"
"chr6","8283240","8283546","chr4","8262121","8262418","37","21119"
"chr6","8309410","8309704","chr4","8286607","8286901","26","22803"
"chr6","8344819","8345107","chr4","8323212","8323512","35","21607"
"chr6","8346667","8346976","chr15","42266168","42266476","41","33919501"
"chr6","8349534","8349842","chr9","123426880","123427186","34","115077346"
"chr6","8355560","8355855","chr1","99527489","99527785","35","91171929"
"chr6","8400174","8400465","chrX","46755159","46755454","39","38354985"
"chr6","8416222","8416499","chr4","8391509","8391788","39","24713"
"chr6","8416790","8416973","chr2","184354378","184354557","27","175937588"
"chr6","8417564","8417852","chr4","8392604","8392896","24","24960"
"chr6","8459908","8460208","chr4","8437858","8438139","35","22050"
"chr6","8472739","8473011","chr4","8450683","8450940","33","22056"
"chr6","8583748","8584052","chr4","8565255","8565558","30","18493"
"chr6","8659429","8659724","chr4","8645575","8645871","28","13854"
"chr6","8703024","8703323","chr4","8689928","8690236","34","13096"
"chr6","8742373","8742656","chr4","8735025","8735305","31","7348"
"chr6","8753703","8754010","chr4","45964822","45965127","42","37211119"
"chr6","8795334","8795502","chr16","43384791","43384960","26","34589457"
"chr6","8795555","8795676","chr8","6959684","6959805","12","1835871"
"chr6","8959115","8959395","chr9","6759829","6760109","32","2199286"
"chr6","9013475","9013604","chr7","52682488","52682622","17","43669013"
"chr6","9037198","9037512","chr4","9075745","9076055","43","38547"
"chr6","9068082","9068386","chr4","9108017","9108316","35","39935"
"chr6","9073703","9073996","chr4","9113607","9113893","42","39904"
"chr6","9078279","9078577","chr1","9694859","9695155","42","616580"
"chr6","9119142","9119434","chr10","30442537","30442830","34","21323395"
"chr6","9121047","9121301","chr4","9173027","9173287","20","51980"
"chr6","9134446","9134735","chr4","9187359","9187657","28","52913"
"chr6","9217341","9217643","chrX","95177383","95177685","35","85960042"
"chr6","9242260","9242390","chr1","123145127","123145241","26","113902867"
"chr6","9398817","9399107","chr4","9447532","9447811","38","48715"
"chr6","9405409","9405712","chr19","8680199","8680500","39","725210"
"chr6","9488308","9488616","chr11","49833986","49834291","35","40345678"
"chr6","9501146","9501437","chr1","123659247","123659540","36","114158101"
"chr6","9605849","9606154","chrX","118042139","118042444","38","108436290"
"chr6","9628752","9629033","chr4","9689067","9689357","36","60315"
"chr6","9655904","9656200","chr18","33540325","33540627","48","23884421"
"chr6","9666564","9666864","chr6","35367989","35368287","43","25701425"
"chr6","9783906","9784197","chr4","9837169","9837466","34","53263"
"chr6","9845626","9845939","chr12","106103474","106103785","40","96257848"
"chr6","9894091","9894384","chr4","9941434","9941743","38","47343"
"chr6","9983531","9983829","chr20","66453243","66453538","42","56469712"
"chr6","9989846","9990152","chr9","34018591","34018900","42","24028745"
"chr6","10031385","10031675","chr7","107327639","107327927","36","97296254"
"chr6","10041957","10042225","chr4","10072176","10072447","33","30219"
"chr6","10068990","10069281","chr4","10098952","10099247","44","29962"
"chr6","10073602","10073914","chr4","164884910","164885219","42","154811308"
"chr6","10132403","10132587","chr3","34720052","34720231","35","24587649"
"chr6","10203844","10204144","chr4","10227201","10227506","32","23357"
"chr6","10256328","10256599","chr4","112123696","112123975","42","101867368"
"chr6","10306816","10307115","chr8","94510144","94510444","36","84203328"
"chr6","10369965","10370250","chr4","10397584","10397867","31","27619"
"chr6","10392988","10393279","chr4","10429425","10429727","33","36437"
"chr6","10407286","10407580","chr4","10444058","10444350","28","36772"
"chr6","10456134","10456426","chr19","123175","123468","34","10332959"
"chr6","10472151","10472425","chr10","12659402","12659674","32","2187251"
"chr6","10479003","10479301","chr4","10510281","10510573","29","31278"
"chr6","10480642","10480922","chr19","38957190","38957472","35","28476548"
"chr6","10481053","10481380","chr19","29884657","29884977","50","19403604"
"chr6","10486574","10486916","chr9","56178654","56178983","57","45692080"
"chr6","10489031","10489306","chr17","8182942","8183226","35","2306089"
"chr6","10500061","10500366","chr4","40302536","40302843","44","29802475"
"chr6","10554692","10554993","chr9","118099013","118099311","35","107544321"
"chr6","10561510","10561810","chr2","69273471","69273769","34","58711961"
"chr6","10565583","10565863","chr4","111186179","111186466","39","100620596"
"chr6","10566342","10566611","chr7","17107850","17108114","36","6541508"
"chr6","10587453","10587733","chr1","1044155","1044433","48","9543298"
"chr6","10595204","10595507","chr7","18502191","18502489","40","7906987"
"chr6","10596901","10597206","chr4","10637566","10637873","30","40665"
"chr6","10601777","10602093","chr5","50858391","50858695","58","40256614"
"chr6","10608670","10608969","chr3","44073582","44073879","36","33464912"
"chr6","10610665","10610841","chr12","105587461","105587641","44","94976796"
"chr6","10611110","10611237","chr13","27954485","27954619","19","17343375"
"chr6","10611598","10611885","chr2","34891150","34891432","47","24279552"
"chr6","10623786","10624075","chr4","10677387","10677681","31","53601"
"chr6","10627614","10627907","chr4","10681188","10681469","31","53574"
"chr6","10635094","10635250","chr2","66905039","66905190","28","56269945"
"chr6","10639396","10639676","chr4","10690088","10690376","23","50692"
"chr6","10650571","10650874","chr4","10701704","10702009","33","51133"
"chr6","10651679","10651971","chr14","95533933","95534220","35","84882254"
"chr6","10652435","10652735","chr4","10703080","10703383","29","50645"
"chr6","10655799","10656093","chr1","64584409","64584705","33","53928610"
"chr6","10661445","10661459","chr16","51422738","51422751","2","40761293"
"chr6","10661460","10661750","chr4","10710701","10710991","20","49241"
"chr6","10684181","10684455","chr4","10730974","10731239","34","46793"
"chr6","10684740","10685010","chr8","38834693","38834968","42","28149953"
"chr6","10727097","10727392","chr4","10775654","10775961","39","48557"
"chr6","10727916","10728197","chr4","10776494","10776773","29","48578"
"chr6","10728821","10729054","chr15","22477477","22477709","31","11748656"
"chr6","10733802","10734107","chr4","10782078","10782385","29","48276"
"chr6","10739342","10739651","chr4","10786441","10786752","33","47099"
"chr6","10752382","10752578","chr3","182692191","182692383","29","171939809"
"chr6","10758057","10758351","chrX","127302879","127303177","38","116544822"
"chr6","10777697","10777994","chr15","41575684","41575981","36","30797987"
"chr6","10818270","10818549","chr4","10886449","10886725","22","68179"
"chr6","10837949","10838132","chr3","36859317","36859495","29","26021368"
"chr6","10839362","10839468","chr10","46558398","46558510","22","35719036"
"chr6","10842262","10842457","chr8","126054004","126054184","46","115211742"
"chr6","10843745","10844050","chr4","10908655","10908962","30","64910"
"chr6","10857118","10857422","chr4","10922565","10922875","29","65447"
"chr6","10860815","10860966","chr14","2902914","2903050","29","7957901"
"chr6","10864553","10864870","chr4","10935190","10935495","28","70637"
"chr6","10868354","10868631","chrX","110791729","110792002","56","99923375"
"chr6","10874041","10874271","chr8","101622926","101623171","44","90748885"
"chr6","10877736","10878028","chrX","41155740","41156033","30","30278004"
"chr6","10879328","10879398","chr1","164780953","164781021","11","153901625"
"chr6","10880697","10880961","chr4","10953799","10954066","29","73102"
"chr6","10881783","10881982","chr3","41414128","41414315","45","30532345"
"chr6","10907151","10907457","chr4","10984702","10985011","37","77551"
"chr6","10932934","10933234","chr9","59685986","59686279","33","48753052"
"chr6","10934124","10934215","chr1","109984680","109984773","15","99050556"
"chr6","10934216","10934262","chr16","3617936","3617977","13","7316280"
"chr6","10934262","10934321","chr6","155060854","155060906","19","144126592"
"chr6","10936520","10936813","chr4","11013048","11013351","29","76528"
"chr6","10939649","10939945","chr1","34876706","34877001","39","23937057"
"chr6","10951214","10951498","chr4","11027366","11027651","23","76152"
"chr6","10953174","10953443","chr8","142242840","142243113","32","131289666"
"chr6","10957685","10957962","chr4","11029332","11029599","42","71647"
"chr6","10960418","10960715","chr5","51403573","51403869","31","40443155"
"chr6","10965137","10965440","chr6","171125848","171126147","27","160160711"
"chr6","10971077","10971342","chr4","156457145","156457417","42","145486068"
"chr6","10994487","10994797","chrX","123974305","123974614","36","112979818"
"chr6","11000002","11000276","chr15","64841885","64842149","44","53841883"
"chr6","11013511","11013793","chr6","131932218","131932509","43","120918707"
"chr6","11017957","11018265","chr4","11099783","11100090","22","81826"
"chr6","11034131","11034426","chr4","11116565","11116853","29","82434"
"chr6","11046123","11046366","chr15","16376416","16376661","34","5330293"
"chr6","11046829","11047161","chrX","126730671","126730997","48","115683842"
"chr6","11051604","11051890","chr4","11132400","11132692","24","80796"
"chr6","11061900","11062196","chr12","107131131","107131428","27","96069231"
"chr6","11090448","11090727","chr4","11170055","11170334","18","79607"
"chr6","11092272","11092565","chr2","107035879","107036172","34","95943607"
"chr6","11095482","11095774","chr6","64801784","64802074","35","53706302"
"chr6","11096218","11096500","chr4","11176178","11176462","36","79960"
"chr6","11101166","11101465","chr4","11181056","11181357","21","79890"
"chr6","11110323","11110511","chr6","54353661","54353847","37","43243338"
"chr6","11136266","11136555","chr4","11213690","11213992","37","77424"
"chr6","11151332","11151652","chr6","11866650","11866952","62","715318"
"chr6","11177074","11177321","chr4","11255452","11255711","29","78378"
"chr6","11203580","11203881","chr6","78152469","78152768","33","66948889"
"chr6","11227536","11227834","chr4","11307360","11307655","28","79824"
"chr6","11231316","11231599","chr8","103396428","103396713","41","92165112"
"chr6","11231600","11231726","chr1","162948066","162948191","15","151716466"
"chr6","11238558","11238855","chr7","28632929","28633221","47","17394371"
"chr6","11258390","11258680","chr4","11339659","11339956","31","81269"
"chr6","11260577","11260883","chr4","11341855","11342144","33","81278"
"chr6","11279138","11279444","chr10","22511962","22512258","37","11232824"
"chr6","11281742","11282041","chr4","11364647","11364942","30","82905"
"chr6","11384120","11384419","chr7","12895917","12896216","41","1511797"
"chr6","11410913","11411218","chr14","100441445","100441748","38","89030532"
"chr6","11431306","11431595","chr4","11517132","11517414","36","85826"
"chr6","11439784","11440098","chr4","11525647","11525954","29","85863"
"chr6","11491823","11492116","chr1","110687139","110687433","33","99195316"
"chr6","11511081","11511381","chr4","11597938","11598230","55","86857"
"chr6","11549004","11549328","chr4","11663797","11664120","23","114793"
"chr6","11612244","11612544","chr4","137421011","137421314","37","125808767"
"chr6","11620232","11620526","chr4","11728129","11728433","33","107897"
"chr6","11621341","11621643","chr4","11729263","11729561","39","107922"
"chr6","11707876","11708135","chr4","11819732","11819990","28","111856"
"chr6","11727032","11727333","chr4","11837494","11837797","29","110462"
"chr6","11727476","11727795","chr4","11837951","11838265","38","110475"
"chr6","11852075","11852229","chr4","11962674","11962826","12","110599"
"chr6","11852230","11852308","chr4","11962827","11962901","15","110597"
"chr6","12077406","12077697","chr9","64310443","64310725","41","52233037"
"chr6","12090429","12090744","chr2","44704441","44704749","49","32614012"
"chr6","12101212","12101396","chr6","175728298","175728474","25","163627086"
"chr6","12108558","12108849","chr4","12222662","12222961","28","114104"
"chr6","12117773","12118070","chr2","84966239","84966540","44","72848466"
"chr6","12151558","12151872","chr4","12265959","12266264","40","114401"
"chr6","12258749","12258886","chr20","27933673","27933803","20","15674924"
"chr6","12258989","12259138","chr6","147844813","147844957","19","135585824"
"chr6","12403597","12403904","chr4","12428197","12428502","31","24600"
"chr6","12425181","12425476","chr4","12449847","12450145","21","24666"
"chr6","12442538","12442809","chr3","1608460","1608733","46","10834078"
"chr6","12447395","12447683","chr4","12473078","12473369","40","25683"
"chr6","12453793","12454100","chr4","12479427","12479735","33","25634"
"chr6","12486818","12487120","chr4","12513844","12514153","20","27026"
"chr6","12516030","12516337","chr10","72366392","72366697","41","59850362"
"chr6","12559351","12559651","chr4","12582311","12582608","25","22960"
"chr6","12614467","12614718","chr12","120224050","120224301","31","107609583"
"chr6","12648718","12649028","chr3","48195070","48195371","42","35546352"
"chr6","12658837","12659136","chr1","113627403","113627708","44","100968566"
"chr6","12679804","12680112","chr5","17032715","17033026","35","4352911"
"chr6","12702199","12702496","chr4","12732609","12732907","38","30410"
"chr6","12710130","12710439","chr4","12740599","12740915","45","30469"
"chr6","12750631","12750674","chr6","137303041","137303079","12","124552410"
"chr6","12883471","12883753","chr4","12901403","12901682","35","17932"
"chr6","12919118","12919431","chr10","72366392","72366697","37","59447274"
"chr6","12990197","12990495","chr4","13014154","13014477","41","23957"
"chr6","13023439","13023739","chr4","13047729","13048025","27","24290"
"chr6","13054023","13054334","chr4","13078326","13078633","33","24303"
"chr6","13104316","13104610","chr4","13129652","13129947","21","25336"
"chr6","13114148","13114456","chr13","10286132","10286438","36","2828016"
"chr6","13135204","13135506","chr3","129522874","129523165","38","116387670"
"chr6","13144758","13144914","chr5","63836385","63836544","29","50691627"
"chr6","13174897","13175218","chr7","120566250","120566556","53","107391353"
"chr6","13230130","13230427","chr13","14714807","14715101","32","1484677"
"chr6","13270465","13270772","chr1","95793122","95793426","37","82522657"
"chr6","13273607","13273901","chr7","126079836","126080131","32","112806229"
"chr6","13381357","13381673","chr4","13392699","13393022","45","11342"
"chr6","13449247","13449536","chrX","52560249","52560544","36","39111002"
"chr6","13472507","13472824","chr7","40063489","40063797","40","26590982"
"chr6","13476639","13476935","chr1","24173970","24174272","40","10697331"
"chr6","13482985","13483274","chr5","2058318","2058608","30","11424667"
"chr6","13486539","13486834","chrX","46755159","46755454","33","33268620"
"chr6","13489559","13489758","chr15","104600726","104600924","25","91111167"
"chr6","13509578","13509840","chr11","126679967","126680226","51","113170389"
"chr6","13530962","13531261","chr1","90954076","90954369","39","77423114"
"chr6","13548121","13548406","chr16","2871012","2871300","31","10677109"
"chr6","13569631","13569929","chr14","115431247","115431536","46","101861616"
"chr6","13601529","13601809","chr1","188691975","188692258","39","175090446"
"chr6","13620348","13620656","chrX","113684441","113684748","34","100064093"
"chr6","13676624","13676920","chr4","13692569","13692871","19","15945"
"chr6","13694641","13694940","chr1","38239128","38239421","38","24544487"
"chr6","13698952","13699250","chr5","2843096","2843396","31","10855856"
"chr6","13710785","13711065","chr6","17666189","17666461","42","3955404"
"chr6","13726453","13726523","chr8","103288817","103288885","19","89562364"
"chr6","13727901","13728069","chr1","212796029","212796185","41","199068128"
"chr6","13746369","13746660","chr1","26113860","26114150","32","12367491"
"chr6","13814770","13815068","chr7","36104441","36104739","43","22289671"
"chr6","13874018","13874321","chr4","13933287","13933593","29","59269"
"chr6","13897505","13897801","chr4","13960954","13961246","30","63449"
"chr6","13901907","13902212","chr18","371369","371677","37","13530538"
"chr6","13904894","13905201","chr12","18235283","18235580","48","4330389"
"chr6","13908188","13908491","chr2","95426458","95426760","39","81518270"
"chr6","13909083","13909234","chr4","166303006","166303156","21","152393923"
"chr6","13917114","13917417","chr4","13981788","13982090","30","64674"
"chr6","13944700","13944999","chr4","14007305","14007611","25","62605"
"chr6","13947668","13947958","chr7","61613167","61613456","27","47665499"
"chr6","13963807","13964090","chr7","3450180","3450461","31","10513627"
"chr6","13966998","13967062","chr4","1239491","1239546","18","12727507"
"chr6","13968554","13968847","chr10","30442537","30442830","34","16473983"
"chr6","13970617","13970773","chr2","163113225","163113381","26","149142608"
"chr6","13971151","13971286","chr10","31067832","31067967","14","17096681"
"chr6","13972989","13973073","chr1","153220210","153220294","15","139247221"
"chr6","13973260","13973397","chr5","165328984","165329119","25","151355724"
"chr6","13988371","13988679","chr4","14053005","14053303","37","64634"
"chr6","13992280","13992582","chr19","8986604","8986907","40","5005676"
"chr6","13994438","13994713","chr4","14060356","14060654","43","65918"
"chr6","14000475","14000788","chr4","14066504","14066832","45","66029"
"chr6","14008906","14009207","chr7","162432937","162433243","38","148424031"
"chr6","14060910","14061216","chr4","14130192","14130489","30","69282"
"chr6","14101288","14101579","chr3","41872748","41873047","38","27771460"
"chr6","14104743","14105047","chrX","9240846","9241146","38","4863897"
"chr6","14147588","14147899","chr4","14209020","14209331","33","61432"
"chr6","14152675","14152951","chr3","66129419","66129692","36","51976744"
"chr6","14160024","14160318","chr15","11342877","11343173","30","2817147"
"chr6","14164351","14164648","chr4","14224604","14224910","36","60253"
"chr6","14164658","14164948","chr4","14224919","14225212","24","60261"
"chr6","14170171","14170483","chr1","93120765","93121076","41","78950594"
"chr6","14221189","14221484","chr4","14281756","14282052","27","60567"
"chr6","14255583","14255747","chr16","10378240","10378404","26","3877343"
"chr6","14277931","14278235","chr12","106930268","106930572","33","92652337"
"chr6","14285751","14286053","chr20","33916602","33916903","36","19630851"
"chr6","14289976","14290233","chr4","14349483","14349744","19","59507"
"chr6","14308196","14308355","chr8","139715527","139715679","25","125407331"
"chr6","14325424","14325719","chr17","20712852","20713148","39","6387428"
"chr6","14387966","14388271","chr4","14441682","14441976","36","53716"
"chr6","14421150","14421432","chr4","14475577","14475859","20","54427"
"chr6","14637856","14638161","chr4","14688728","14689034","33","50872"
"chr6","14640973","14641281","chr2","3487451","3487760","44","11153522"
"chr6","14645984","14646121","chr2","203147393","203147530","15","188501409"
"chr6","14646255","14646338","chr1","86429457","86429537","18","71783202"
"chr6","14661873","14662189","chr14","51659905","51660215","46","36998032"
"chr6","14720473","14720763","chr8","54634869","54635169","45","39914396"
"chr6","14797845","14798005","chr13","26293008","26293166","27","11495163"
"chr6","14829120","14829420","chr4","14869500","14869791","40","40380"
"chr6","14917046","14917279","chr7","21507773","21508006","38","6590727"
"chr6","14942963","14943268","chr4","14985945","14986237","38","42982"
"chr6","14958099","14958403","chr4","15001192","15001501","41","43093"
"chr6","14977684","14977968","chr7","67059835","67060119","35","52082151"
"chr6","15006419","15006723","chr4","15050499","15050792","34","44080"
"chr6","15043390","15043671","chrX","40056549","40056830","31","25013159"
"chr6","15084198","15084506","chr1","24211287","24211597","36","9127089"
"chr6","15097027","15097317","chr4","15143751","15144041","24","46724"
"chr6","15124855","15125160","chr4","4211392","4211690","36","10913463"
"chr6","15137899","15138192","chr13","9859554","9859845","37","5278345"
"chr6","15153310","15153439","chr10","66401425","66401556","13","51248115"
"chr6","15153448","15153755","chrX","15989207","15989511","44","835759"
"chr6","15159395","15159607","chr8","64758477","64758689","25","49599082"
"chr6","15162485","15162777","chr4","15211560","15211860","31","49075"
"chr6","15164645","15164939","chr4","15213911","15214211","34","49266"
"chr6","15169520","15169811","chr4","15219081","15219376","27","49561"
"chr6","15171623","15171919","chr20","28014774","28015077","38","12843151"
"chr6","15173947","15174209","chr4","15224111","15224380","31","50164"
"chr6","15176254","15176423","chr16","75811665","75811836","41","60635411"
"chr6","15179052","15179232","chrX","19392609","19392784","35","4213557"
"chr6","15188511","15188817","chr1","17815534","17815841","40","2627023"
"chr6","15190341","15190644","chr1","131736844","131737150","44","116546503"
"chr6","15203358","15203660","chr4","15261667","15261952","36","58309"
"chr6","15207024","15207327","chr10","12541086","12541391","38","2665938"
"chr6","15213750","15214041","chr10","19619930","19620227","38","4406180"
"chr6","15236438","15236640","chr2","89045282","89045493","24","73808844"
"chr6","15269569","15269870","chr7","67736504","67736807","34","52466935"
"chr6","15276793","15277121","chr4","127662774","127663095","49","112385981"
"chr6","15286930","15287082","chr1","97035534","97035689","24","81748604"
"chr6","15291668","15291972","chr4","15357863","15358174","27","66195"
"chr6","15302833","15303126","chr10","19889500","19889800","55","4586667"
"chr6","15306664","15306994","chr9","88014679","88015010","71","72708015"
"chr6","15310173","15310484","chr4","15376947","15377245","46","66774"
"chr6","15315957","15316256","chr9","54357147","54357447","37","39041190"
"chr6","15320867","15321080","chr10","61268396","61268605","37","45947529"
"chr6","15331524","15331741","chr4","15396942","15397155","17","65418"
"chr6","15345192","15345463","chr10","86687740","86688014","34","71342548"
"chr6","15346006","15346193","chr5","51598976","51599160","23","36252970"
"chr6","15346413","15346471","chr10","66161876","66161936","12","50815463"
"chr6","15369720","15369930","chr3","171186993","171187203","24","155817273"
"chr6","15380308","15380583","chr4","15448515","15448787","34","68207"
"chr6","15382222","15382527","chr7","154253037","154253337","45","138870815"
"chr6","15389475","15389773","chr4","15457495","15457799","38","68020"
"chr6","15398272","15398584","chr15","27030987","27031297","45","11632715"
"chr6","15401248","15401537","chr4","15468577","15468859","23","67329"
"chr6","15409446","15409747","chr1","8282848","8283148","42","7126598"
"chr6","15412069","15412380","chr8","28461779","28462090","44","13049710"
"chr6","15413252","15413562","chr1","36811370","36811680","41","21398118"
"chr6","15413975","15414272","chr4","15480434","15480734","37","66459"
"chr6","15429255","15429557","chr17","21231075","21231385","43","5801820"
"chr6","15431679","15431925","chr9","72730444","72730684","31","57298765"
"chr6","15435978","15436273","chr10","27527734","27528023","42","12091756"
"chr6","15446528","15446812","chr11","56553813","56554103","41","41107285"
"chr6","15447917","15448218","chr4","15515190","15515491","33","67273"
"chr6","15448568","15448737","chr11","112074426","112074593","26","96625858"
"chr6","15500897","15501180","chr4","15568324","15568626","36","67427"
"chr6","15518225","15518518","chr16","1511202","1511503","39","14007023"
"chr6","15521948","15522244","chr1","38186141","38186439","34","22664193"
"chr6","15527072","15527316","chr4","15593987","15594256","51","66915"
"chr6","15559815","15559987","chr3","36859317","36859495","34","21299502"
"chr6","15581862","15582157","chr4","15650442","15650755","47","68580"
"chr6","15599592","15599912","chrX","118042139","118042444","52","102442547"
"chr6","15646012","15646314","chr4","15715801","15716109","36","69789"
"chr6","15669589","15669891","chr5","63770612","63770892","56","48101023"
"chr6","15679402","15679717","chr1","217488292","217488601","43","201808890"
"chr6","15684478","15684788","chr7","44336011","44336322","32","28651533"
"chr6","15751598","15751886","chr4","15826155","15826445","27","74557"
"chr6","15761582","15761882","chr4","15835003","15835296","24","73421"
"chr6","15777121","15777419","chr1","113913165","113913467","32","98136044"
"chr6","15782632","15782936","chr1","22949770","22950065","56","7167138"
"chr6","15783247","15783554","chr4","15856402","15856710","32","73155"
"chr6","15795294","15795399","chr13","20010294","20010410","25","4215000"
"chr6","15797871","15798176","chr16","48611793","48612093","37","32813922"
"chr6","15802916","15803214","chr17","54282023","54282325","40","38479107"
"chr6","15812522","15812820","chr4","15886974","15887289","37","74452"
"chr6","15831162","15831498","chr16","9211884","9212208","64","6619278"
"chr6","15858902","15859191","chrX","12823409","12823699","38","3035493"
"chr6","15859941","15860240","chr4","15939185","15939479","29","79244"
"chr6","15918185","15918497","chrX","130805280","130805591","41","114887095"
"chr6","15928664","15928975","chr4","16008074","16008383","35","79410"
"chr6","15931404","15931486","chr4","16010854","16010936","4","79450"
"chr6","15931618","15931836","chr4","16011068","16011288","17","79450"
"chr6","15970201","15970499","chr4","16047899","16048186","40","77698"
"chr6","15982936","15983255","chr6","53819897","53820208","44","37836961"
"chr6","16000001","16000074","chr9","2136248","2136320","10","13863753"
"chr6","16024726","16025021","chr4","16095485","16095779","27","70759"
"chr6","16052467","16052757","chr11","47011732","47012024","33","30959265"
"chr6","16060316","16060608","chr7","19502793","19503085","40","3442477"
"chr6","16114684","16114994","chr6","156061504","156061814","39","139946820"
"chr6","16131815","16132109","chr4","16212839","16213138","22","81024"
"chr6","16137851","16138159","chrX","31324212","31324521","48","15186361"
"chr6","16148902","16149204","chr4","16231615","16231916","35","82713"
"chr6","16173014","16173343","chr1","179532525","179532857","56","163359511"
"chr6","16195873","16196164","chr4","16283201","16283498","41","87328"
"chr6","16216134","16216456","chr4","16303010","16303308","53","86876"
"chr6","16226363","16226655","chr4","16313338","16313630","36","86975"
"chr6","16242843","16243146","chr4","16324213","16324518","29","81370"
"chr6","16276975","16277273","chr4","16361716","16362027","35","84741"
"chr6","16314840","16315133","chr4","16398989","16399286","29","84149"
"chr6","16429387","16429694","chr7","139827579","139827889","33","123398192"
"chr6","16433500","16433807","chr3","38646803","38647109","45","22213303"
"chr6","16437906","16438224","chr20","21867641","21867953","45","5429735"
"chr6","16442115","16442412","chr8","94510144","94510444","40","78068029"
"chr6","16453731","16454043","chr1","61607829","61608136","41","45154098"
"chr6","16456490","16456787","chr4","16580477","16580773","28","123987"
"chr6","16463692","16463980","chr3","61453265","61453553","44","44989573"
"chr6","16469333","16469629","chr11","109227033","109227328","37","92757700"
"chr6","16476161","16476295","chr15","17851239","17851374","11","1375078"
"chr6","16488678","16488938","chr4","16606534","16606789","29","117856"
"chr6","16492294","16492599","chr4","16610462","16610765","25","118168"
"chr6","16496535","16496827","chr4","16614699","16614992","25","118164"
"chr6","16503156","16503456","chr8","101151923","101152228","43","84648767"
"chr6","16532743","16532863","chr1","7373118","7373239","13","9159625"
"chr6","16533062","16533353","chr4","16650795","16651095","33","117733"
"chr6","16543398","16543712","chr4","16661018","16661327","42","117620"
"chr6","16545222","16545521","chr3","164504147","164504442","34","147958925"
"chr6","16575251","16575553","chrX","71584104","71584398","34","55008853"
"chr6","16584895","16585196","chr4","16703953","16704258","27","119058"
"chr6","16587753","16588023","chr4","16706627","16706893","24","118874"
"chr6","16610528","16610824","chr4","16729500","16729786","33","118972"
"chr6","16659673","16659827","chr3","127758323","127758474","16","111098650"
"chr6","16660089","16660237","chr11","30888173","30888332","36","14228084"
"chr6","16670755","16671042","chr4","16789538","16789839","40","118783"
"chr6","16695478","16695746","chr4","16813994","16814264","19","118516"
"chr6","16748571","16748863","chr6","74117520","74117814","35","57368949"
"chr6","16758356","16758639","chr18","60459178","60459462","36","43700822"
"chr6","16788677","16788986","chr4","16907058","16907359","40","118381"
"chr6","16793655","16793939","chr5","101043049","101043333","37","84249394"
"chr6","16796662","16796967","chr4","16914999","16915307","26","118337"
"chr6","16816924","16817229","chr4","16937541","16937837","32","120617"
"chr6","16825987","16826291","chr10","36894912","36895216","36","20068925"
"chr6","16833940","16834227","chr4","16954884","16955168","25","120944"
"chr6","16836126","16836413","chr4","16957402","16957688","23","121276"
"chr6","16839094","16839385","chr4","16960435","16960735","38","121341"
"chr6","16843930","16844243","chr4","16965619","16965927","32","121689"
"chr6","16899125","16899422","chr4","17020454","17020748","25","121329"
"chr6","16908915","16909184","chr4","17030025","17030302","35","121110"
"chr6","16920667","16920960","chr4","17039764","17040058","19","119097"
"chr6","16925673","16925981","chrX","113716119","113716424","34","96790446"
"chr6","16930799","16931095","chr1","213098060","213098354","58","196167261"
"chr6","16942983","16943223","chr9","72730444","72730684","34","55787461"
"chr6","17084721","17085020","chr20","55077441","55077735","38","37992720"
"chr6","17109353","17109648","chr4","17226158","17226468","39","116805"
"chr6","17122035","17122328","chr14","15756054","15756351","39","1365981"
"chr6","17159570","17159863","chr9","69080095","69080387","31","51920525"
"chr6","17276560","17276869","chr4","17391758","17392069","24","115198"
"chr6","17304689","17304985","chr4","17419981","17420283","36","115292"
"chr6","17346006","17346310","chr4","17460893","17461196","22","114887"
"chr6","17381184","17381486","chr10","1512500","1512802","40","15868684"
"chr6","17400448","17400755","chr14","112526592","112526892","33","95126144"
"chr6","17401639","17401939","chr4","17517205","17517504","24","115566"
"chr6","17404302","17404425","chr3","14250796","14250921","18","3153506"
"chr6","17415169","17415485","chr7","44357408","44357716","42","26942239"
"chr6","17415590","17415895","chr4","114754874","114755178","41","97339284"
"chr6","17417224","17417514","chr5","112263991","112264284","43","94846767"
"chr6","17419901","17420147","chr9","95037018","95037257","42","77617117"
"chr6","17428099","17428241","chr6","170581131","170581269","32","153153032"
"chr6","17431855","17432165","chr4","17541936","17542233","41","110081"
"chr6","17451587","17451874","chr4","17562085","17562372","18","110498"
"chr6","17459825","17460091","chr4","17571033","17571307","33","111208"
"chr6","17465740","17466030","chr4","17577046","17577338","26","111306"
"chr6","17476207","17476292","chr1","86429457","86429537","11","68953250"
"chr6","17476582","17476676","chr1","20628345","20628440","14","3151763"
"chr6","17484663","17484974","chr7","119509433","119509742","50","102024770"
"chr6","17526346","17526643","chr4","17645997","17646301","30","119651"
"chr6","17531738","17531849","chr6","174648180","174648299","26","157116442"
"chr6","17532470","17532761","chr4","17652162","17652470","41","119692"
"chr6","17544647","17544862","chr9","26650579","26650790","38","9105932"
"chr6","17546637","17546947","chr4","17716233","17716543","18","169596"
"chr6","17577025","17577332","chr14","9454773","9455079","37","8122252"
"chr6","17587182","17587495","chr1","221714390","221714701","39","204127208"
"chr6","17590310","17590613","chrX","52560249","52560544","41","34969939"
"chr6","17593093","17593363","chr8","71220412","71220681","44","53627319"
"chr6","17593776","17593946","chr11","100145397","100145567","30","82551621"
"chr6","17596039","17596347","chr4","17794014","17794324","31","197975"
"chr6","17657967","17658273","chr1","140067356","140067659","33","122409389"
"chr6","17673937","17674241","chr4","17872790","17873082","40","198853"
"chr6","17726749","17727055","chr2","188829913","188830214","34","171103164"
"chr6","17727204","17727492","chr14","7643073","7643368","41","10084131"
"chr6","17734128","17734438","chr4","17934967","17935272","29","200839"
"chr6","17735095","17735333","chr4","17935925","17936163","19","200830"
"chr6","17737170","17737488","chr15","26583917","26584226","41","8846747"
"chr6","17738407","17738703","chr14","7643073","7643368","35","10095334"
"chr6","17738962","17739257","chr4","17941382","17941672","30","202420"
"chr6","17744426","17744736","chrX","47581011","47581317","33","29836585"
"chr6","17744765","17744949","chr10","37539693","37539877","29","19794928"
"chr6","17745523","17745636","chr6","177202453","177202553","22","159456930"
"chr6","17748470","17748655","chr4","17949814","17949999","13","201344"
"chr6","17750286","17750590","chr11","1714725","1715029","42","16035561"
"chr6","17752964","17753258","chr3","165332839","165333127","28","147579875"
"chr6","17753821","17754084","chr14","22066932","22067189","34","4313111"
"chr6","17762452","17762610","chr1","154072718","154072853","42","136310266"
"chr6","17781320","17781612","chr4","17981899","17982188","30","200579"
"chr6","17802117","17802404","chr4","18001653","18001933","19","199536"
"chr6","17830593","17830890","chr1","114111557","114111853","34","96280964"
"chr6","17842908","17843078","chr20","59426524","59426698","30","41583616"
"chr6","17855357","17855499","chr14","68181921","68182061","19","50326564"
"chr6","17858922","17859218","chr1","9601563","9601859","34","8257359"
"chr6","17863590","17863844","chr18","10424085","10424339","43","7439505"
"chr6","17879131","17879428","chr2","105446937","105447235","48","87567806"
"chr6","17879653","17879821","chr8","25829334","25829500","24","7949681"
"chr6","17881363","17881658","chr4","18079852","18080143","32","198489"
"chr6","17882282","17882577","chr2","107422966","107423258","40","89540684"
"chr6","17906287","17906578","chr1","25647657","25647947","38","7741370"
"chr6","17913684","17913992","chr4","18116782","18117076","43","203098"
"chr6","17922358","17922536","chr4","153664332","153664511","27","135741974"
"chr6","17937185","17937270","chr2","56203537","56203630","21","38266352"
"chr6","17940034","17940330","chr16","17760576","17760868","37","179458"
"chr6","17940959","17941133","chr20","28086507","28086670","34","10145548"
"chr6","17948809","17948920","chr10","66072208","66072319","10","48123399"
"chr6","17948922","17949016","chr19","4926258","4926351","13","13022664"
"chr6","17956612","17956861","chr12","120224050","120224301","25","102267438"
"chr6","17961687","17962018","chr7","78931435","78931742","58","60969748"
"chr6","17968336","17968619","chr4","18159806","18160098","27","191470"
"chr6","17969311","17969608","chr4","18161115","18161401","30","191804"
"chr6","17983415","17983714","chr4","18175449","18175756","36","192034"
"chr6","18000666","18000972","chr1","160634862","160635165","40","142634196"
"chr6","18006582","18006892","chr4","18201262","18201562","38","194680"
"chr6","18029215","18029507","chr4","18222800","18223083","39","193585"
"chr6","18037678","18037951","chr4","18230990","18231263","32","193312"
"chr6","18038011","18038378","chr7","154767693","154768035","104","136729682"
"chr6","18049046","18049356","chr3","86234323","86234631","34","68185277"
"chr6","18054163","18054439","chr4","18247955","18248235","19","193792"
"chr6","18085185","18085487","chr4","18280457","18280754","31","195272"
"chr6","18125030","18125339","chr3","70814689","70814996","34","52689659"
"chr6","18142173","18142483","chr4","18342312","18342622","41","200139"
"chr6","18147109","18147421","chr4","39028903","39029212","36","20881794"
"chr6","18147828","18147960","chr20","15201421","15201555","9","2946407"
"chr6","18192817","18193117","chr4","18391025","18391327","16","198208"
"chr6","18204743","18204869","chr4","18404210","18404339","13","199467"
"chr6","18204872","18205038","chr6","180034110","180034274","33","161829238"
"chr6","18208184","18208429","chr1","154970672","154970915","39","136762488"
"chr6","18208452","18208582","chr8","79499448","79499575","22","61290996"
"chr6","18213356","18213653","chr4","18409757","18410061","40","196401"
"chr6","18213795","18214084","chr4","18410212","18410509","27","196417"
"chr6","18216637","18216947","chr4","18413090","18413401","26","196453"
"chr6","18230218","18230497","chr4","18424328","18424616","29","194110"
"chr6","18241233","18241487","chr1","23125520","23125772","32","4884287"
"chr6","18241927","18242060","chr4","18437404","18437537","11","195477"
"chr6","18242361","18242533","chr4","18437870","18438018","36","195509"
"chr6","18250860","18251145","chr1","123397264","123397559","39","105146404"
"chr6","18256048","18256359","chr11","104087348","104087659","37","85831300"
"chr6","18266972","18267246","chr4","18463637","18463911","20","196665"
"chr6","18269857","18270147","chr4","18466227","18466514","25","196370"
"chr6","18280630","18280925","chr4","18476917","18477218","27","196287"
"chr6","18285079","18285266","chr2","139974404","139974587","34","121689325"
"chr6","18294802","18295086","chr5","80430961","80431244","35","62136159"
"chr6","18303773","18304084","chr4","18500600","18500911","21","196827"
"chr6","18332051","18332345","chr4","18530300","18530606","29","198249"
"chr6","18333082","18333384","chr5","25083724","25084024","33","6750642"
"chr6","18350770","18350959","chr4","18548234","18548424","13","197464"
"chr6","18364395","18364665","chr3","46769258","46769530","50","28404863"
"chr6","18369122","18369427","chr4","18566601","18566901","25","197479"
"chr6","18370182","18370483","chr4","18567629","18567924","32","197447"
"chr6","18378380","18378551","chrX","557444","557611","30","17820936"
"chr6","18378648","18378784","chr8","21037011","21037146","11","2658363"
"chr6","18380194","18380360","chr3","160490400","160490565","30","142110206"
"chr6","18386265","18386569","chr10","73144509","73144810","31","54758244"
"chr6","18395917","18396056","chrX","40912642","40912768","19","22516725"
"chr6","18405298","18405592","chr19","11339822","11340118","36","7065476"
"chr6","18422468","18422733","chr4","18614124","18614396","37","191656"
"chr6","18455658","18455943","chr7","115166320","115166604","34","96710662"
"chr6","18495316","18495611","chr11","123515307","123515611","46","105019991"
"chr6","18496745","18496987","chr9","72730444","72730684","25","54233699"
"chr6","18514869","18515158","chr4","18718313","18718609","24","203444"
"chr6","18516040","18516343","chr4","18719795","18720092","37","203755"
"chr6","18529134","18529352","chr4","18731817","18732014","31","202683"
"chr6","18535184","18535499","chr13","86735695","86736004","36","68200511"
"chr6","18576721","18577007","chr9","90820027","90820317","43","72243306"
"chr6","18611515","18611801","chr4","18812803","18813102","37","201288"
"chr6","18650272","18650560","chr4","18850395","18850674","34","200123"
"chr6","18656569","18656856","chr3","113334907","113335198","39","94678338"
"chr6","18675663","18675970","chr4","18876348","18876659","24","200685"
"chr6","18717211","18717355","chr6","170581131","170581269","32","151863920"
"chr6","18719957","18720262","chr4","18929693","18929996","31","209736"
"chr6","18720951","18721260","chrX","23558557","23558868","38","4837606"
"chr6","18762166","18762425","chr8","127225775","127226038","46","108463609"
"chr6","18767564","18767825","chr1","79731654","79731908","55","60964090"
"chr6","18782832","18783112","chr5","147364916","147365197","33","128582084"
"chr6","18792743","18793049","chr1","11550963","11551272","35","7241780"
"chr6","18799449","18799761","chr11","113314882","113315192","61","94515433"
"chr6","18864971","18865129","chr14","18834712","18834871","24","30259"
"chr6","18887926","18888103","chr5","38660290","38660475","33","19772364"
"chr6","18937456","18937765","chr2","101348065","101348376","37","82410609"
"chr6","19093349","19093372","chr3","48221888","48221909","3","29128539"
"chr6","19094418","19094711","chr16","54859944","54860254","45","35765526"
"chr6","19132783","19132912","chr1","161382752","161382881","16","142249969"
"chr6","19177599","19177906","chr4","19393334","19393633","38","215735"
"chr6","19207197","19207330","chr20","15201421","15201555","11","4005776"
"chr6","19494692","19495005","chr10","85211093","85211399","38","65716401"
"chr6","19500368","19500657","chr9","115113357","115113647","36","95612989"
"chr6","19506458","19506652","chr7","139255885","139256076","26","119749427"
"chr6","19525496","19525726","chr15","43292801","43293028","51","23767305"
"chr6","19525971","19526073","chr8","32672030","32672132","14","13146059"
"chr6","19528771","19529053","chr4","19730130","19730412","28","201359"
"chr6","19535288","19535596","chr7","67218976","67219283","36","47683688"
"chr6","19552667","19552966","chr9","114881213","114881507","37","95328546"
"chr6","19608103","19608402","chr4","19809524","19809831","30","201421"
"chr6","19634395","19634688","chr9","59685986","59686279","33","40051591"
"chr6","19706952","19707246","chr20","8006906","8007198","36","11700046"
"chr6","19707454","19707763","chr9","62681581","62681892","37","42974127"
"chr6","19734458","19734741","chr4","19936763","19937047","26","202305"
"chr6","19771255","19771529","chr4","19977644","19977929","36","206389"
"chr6","19808039","19808340","chr5","51540643","51540938","42","31732604"
"chr6","19842653","19842941","chr4","20048190","20048497","39","205537"
"chr6","19857432","19857723","chr4","20062592","20062896","40","205160"
"chr6","19882287","19882589","chr4","20083036","20083344","37","200749"
"chr6","19883684","19883993","chr10","87078550","87078857","35","67194866"
"chr6","19931526","19931842","chr4","20131467","20131776","40","199941"
"chr6","19952798","19953104","chr11","12691267","12691569","37","7261531"
"chr6","19955017","19955311","chr4","20155244","20155540","33","200227"
"chr6","19956559","19956864","chrX","129802246","129802557","33","109845687"
"chr6","19979287","19979580","chr1","46108352","46108655","42","26129065"
"chr6","19996068","19996369","chr4","20197029","20197332","29","200961"
"chr6","20000521","20000826","chr4","20201041","20201351","30","200520"
"chr6","20002709","20003003","chr1","19515441","19515740","32","487268"
"chr6","20132821","20133082","chr11","86707204","86707463","36","66574383"
"chr6","20190927","20191234","chr4","20396300","20396603","26","205373"
"chr6","20194840","20195022","chr13","29141288","29141465","28","8946448"
"chr6","20196107","20196390","chrX","49166555","49166839","32","28970448"
"chr6","20228121","20228413","chrX","131541497","131541786","39","111313376"
"chr6","20232590","20232901","chr4","20435699","20436012","33","203109"
"chr6","20265372","20265652","chr2","20684545","20684826","36","419173"
"chr6","20325261","20325596","chr2","41291254","41291571","48","20965993"
"chr6","20326753","20327073","chr4","20528102","20528417","40","201349"
"chr6","20332537","20332841","chr4","20537211","20537512","35","204674"
"chr6","20350095","20350428","chr15","48632141","48632470","53","28282046"
"chr6","20351289","20351583","chr14","111646507","111646801","34","91295218"
"chr6","20380494","20380794","chr4","20583961","20584273","28","203467"
"chr6","20393337","20393654","chr1","137293707","137294015","43","116900370"
"chr6","20409061","20409371","chr4","20613888","20614188","35","204827"
"chr6","20420604","20420746","chr12","124565994","124566135","26","104145390"
"chr6","20420774","20420793","chr15","102510714","102510733","3","82089940"
"chr6","20430749","20431043","chrX","44429429","44429724","38","23998680"
"chr6","20432032","20432305","chr15","79894939","79895223","40","59462907"
"chr6","20497008","20497318","chr19","24285292","24285600","34","3788284"
"chr6","20517276","20517448","chr19","18835148","18835319","32","1682128"
"chr6","20521476","20521772","chr4","20719442","20719744","36","197966"
"chr6","20525651","20525824","chr9","69590467","69590643","42","49064816"
"chr6","20530193","20530475","chr4","20727882","20728159","24","197689"
"chr6","20553107","20553420","chr9","13506263","13506573","40","7046844"
"chr6","20571548","20571848","chr4","20767915","20768212","28","196367"
"chr6","20571849","20571983","chr10","31067832","31067967","13","10495983"
"chr6","20572667","20572959","chr9","115113357","115113647","32","94540690"
"chr6","20577734","20577900","chr7","165092908","165093077","20","144515174"
"chr6","20583002","20583309","chr4","20779525","20779833","28","196523"
"chr6","20591927","20591940","chr15","8113838","8113850","2","12478089"
"chr6","20591972","20592259","chr11","53118374","53118663","42","32526402"
"chr6","20592262","20592474","chr4","116777080","116777297","42","96184818"
"chr6","20597659","20597946","chr2","187373086","187373361","46","166775427"
"chr6","20603046","20603303","chr4","20800220","20800483","22","197174"
"chr6","20608207","20608507","chr5","8289100","8289402","34","12319107"
"chr6","20629357","20629675","chr4","20825218","20825542","50","195861"
"chr6","20632895","20633194","chr4","20828646","20828943","25","195751"
"chr6","20647611","20647885","chr4","20843349","20843621","21","195738"
"chr6","20650616","20650925","chr19","14422627","14422935","35","6227989"
"chr6","20656885","20657048","chr6","132206031","132206198","25","111549146"
"chr6","20666773","20667083","chr4","20862467","20862777","21","195694"
"chr6","20679084","20679366","chr4","20874266","20874550","29","195182"
"chr6","20681851","20682065","chr4","20877037","20877265","27","195186"
"chr6","20686500","20686801","chr4","20881639","20881948","36","195139"
"chr6","20687995","20688292","chr4","20883159","20883459","33","195164"
"chr6","20691376","20691659","chr1","130788993","130789275","39","110097617"
"chr6","20700610","20700772","chr4","20897198","20897360","11","196588"
"chr6","20717213","20717505","chr4","20915052","20915353","33","197839"
"chr6","20724111","20724409","chr4","20921237","20921534","26","197126"
"chr6","20726665","20726957","chr3","2986573","2986865","42","17740092"
"chr6","20728210","20728494","chr4","20924921","20925203","27","196711"
"chr6","20731721","20732022","chr4","20929445","20929750","31","197724"
"chr6","20807301","20807612","chr4","21004566","21004880","33","197265"
"chr6","20823883","20824048","chr6","132206031","132206198","30","111382148"
"chr6","20893978","20894283","chr1","160634862","160635165","48","139740884"
"chr6","20904715","20905016","chr12","118848501","118848802","32","97943786"
"chr6","20958311","20958607","chr4","21163101","21163410","40","204790"
"chr6","20961323","20961638","chr4","21166141","21166452","21","204818"
"chr6","21030432","21030728","chr4","21234850","21235144","25","204418"
"chr6","21060757","21060889","chr14","101866232","101866364","17","80805475"
"chr6","21060905","21060992","chr4","21265605","21265692","9","204700"
"chr6","21076484","21076771","chr13","94810028","94810315","37","73733544"
"chr6","21127010","21127315","chr4","21329806","21330089","44","202796"
"chr6","21156084","21156394","chr4","21358813","21359122","36","202729"
"chr6","21159730","21160013","chr1","151926651","151926935","34","130766921"
"chr6","21166232","21166542","chr4","21366700","21367013","32","200468"
"chr6","21174158","21174458","chr7","25088554","25088855","31","3914396"
"chr6","21178507","21178806","chr4","21379446","21379741","29","200939"
"chr6","21179030","21179134","chr8","32672030","32672132","11","11493000"
"chr6","21272660","21272964","chr10","12541086","12541391","44","8731574"
"chr6","21371683","21371975","chr13","63969134","63969428","33","42597451"
"chr6","21377986","21378294","chr7","113559810","113560113","37","92181824"
"chr6","21395432","21395730","chr4","21597475","21597773","28","202043"
"chr6","21398832","21399046","chr4","21601219","21601456","39","202387"
"chr6","21427393","21427696","chr4","21630931","21631223","38","203538"
"chr6","21442551","21442836","chr1","206899187","206899476","39","185456636"
"chr6","21448511","21448805","chr3","130320002","130320294","32","108871491"
"chr6","21450092","21450396","chr17","5871693","5871997","45","15578399"
"chr6","21471161","21471461","chr4","21675055","21675359","26","203894"
"chr6","21499638","21499916","chr8","142242840","142243113","35","120743202"
"chr6","21525261","21525567","chr4","21730257","21730566","35","204996"
"chr6","21527805","21527937","chr3","15114401","15114535","16","6413404"
"chr6","21556011","21556266","chr4","38139928","38140171","53","16583917"
"chr6","21566660","21566951","chr1","220415451","220415740","35","198848791"
"chr6","21568044","21568179","chr15","17851239","17851374","9","3716805"
"chr6","21582372","21582667","chr5","121256063","121256355","32","99673691"
"chr6","21584528","21584830","chr4","21785897","21786195","30","201369"
"chr6","21588378","21588667","chr4","21789738","21790027","30","201360"
"chr6","21601450","21601753","chr4","21802781","21803084","29","201331"
"chr6","21610412","21610694","chr4","21810776","21811055","26","200364"
"chr6","21620850","21621161","chr16","8401738","8402049","36","13219112"
"chr6","21658512","21658753","chr4","21858552","21858793","22","200040"
"chr6","21668585","21668856","chr4","26893097","26893360","39","5224512"
"chr6","21672798","21673107","chr4","21872788","21873096","26","199990"
"chr6","21683265","21683575","chr4","21884535","21884859","40","201270"
"chr6","21701341","21701652","chrX","63259921","63260228","43","41558580"
"chr6","21707546","21707770","chr19","9863628","9863855","34","11843918"
"chr6","21710141","21710435","chr4","21910681","21910971","27","200540"
"chr6","21714859","21715167","chr9","95281737","95282038","40","73566878"
"chr6","21727712","21727759","chr6","131709564","131709614","9","109981852"
"chr6","21752506","21752819","chr4","21998207","21998520","38","245701"
"chr6","21755991","21756293","chr11","57100252","57100551","32","35344261"
"chr6","21785723","21786002","chr4","22029649","22029927","26","243926"
"chr6","21790888","21791182","chr4","22035526","22035826","37","244638"
"chr6","21813215","21813425","chr10","61268396","61268605","38","39455181"
"chr6","21826582","21826891","chr16","23838320","23838626","43","2011738"
"chr6","21833334","21833645","chr11","127544462","127544772","30","105711128"
"chr6","21852227","21852322","chr7","162283431","162283525","13","140431204"
"chr6","21865761","21866056","chr15","14879367","14879661","33","6986394"
"chr6","21869643","21869931","chr4","22111062","22111348","33","241419"
"chr6","21892505","21892747","chr12","94870837","94871079","24","72978332"
"chr6","21899184","21899473","chr4","22138638","22138928","39","239454"
"chr6","21929063","21929321","chr11","32824268","32824531","34","10895205"
"chr6","21935338","21935631","chr6","144471282","144471574","48","122535944"
"chr6","21938989","21939272","chr8","9775586","9775870","30","12163403"
"chr6","21948125","21948271","chr10","83387616","83387757","18","61439491"
"chr6","21955678","21955998","chr2","142962520","142962823","56","121006842"
"chr6","21995560","21995829","chr1","78140888","78141165","50","56145328"
"chr6","22001705","22002008","chr4","22244525","22244809","39","242820"
"chr6","22003449","22003745","chr16","24462629","24462923","41","2459180"
"chr6","22021795","22021944","chr16","13074697","13074856","26","8947098"
"chr6","22034740","22035045","chr3","9901815","9902119","39","12132925"
"chr6","22053948","22054229","chr4","22302009","22302308","35","248061"
"chr6","22076882","22077195","chr11","54384246","54384559","46","32307364"
"chr6","22093962","22094266","chr4","22347859","22348154","28","253897"
"chr6","22097668","22097836","chr4","22352783","22352955","16","255115"
"chr6","22097857","22098093","chr19","7788887","7789121","34","14308970"
"chr6","22121516","22121742","chrX","68587173","68587402","19","46465657"
"chr6","22129326","22129634","chr4","22383317","22383630","28","253991"
"chr6","22169093","22169392","chr3","64580661","64580960","30","42411568"
"chr6","22175141","22175354","chr4","116777080","116777297","28","94601939"
"chr6","22205172","22205466","chr4","22459174","22459467","34","254002"
"chr6","22218051","22218365","chr5","8289100","8289402","40","13928951"
"chr6","22226048","22226352","chr4","22480391","22480695","15","254343"
"chr6","22228085","22228308","chr17","81821891","81822113","27","59593806"
"chr6","22243943","22244242","chr4","22498703","22499010","32","254760"
"chr6","22303976","22304287","chr4","20427348","20427655","40","1876628"
"chr6","22344737","22345040","chr4","22589029","22589320","43","244292"
"chr6","22359355","22359652","chr4","22603409","22603709","38","244054"
"chr6","22424268","22424563","chr4","22666623","22666919","25","242355"
"chr6","22493015","22493131","chr4","22120177","22120295","14","372838"
"chr6","22493418","22493589","chr10","1740479","1740645","27","20752939"
"chr6","22563498","22563803","chr1","140353031","140353336","41","117789533"
"chr6","22566216","22566529","chr4","22806764","22807072","38","240548"
"chr6","22569538","22569771","chr6","52667650","52667879","29","30098112"
"chr6","22616995","22617299","chr4","22866920","22867228","21","249925"
"chr6","22677829","22678000","chr12","119519961","119520131","23","96842132"
"chr6","22699598","22699902","chr1","1476749","1477052","32","21222849"
"chr6","22701300","22701475","chr1","5696548","5696722","27","17004752"
"chr6","22726243","22726550","chr2","69208756","69209060","40","46482513"
"chr6","22933322","22933631","chr3","164494607","164494917","41","141561285"
"chr6","22936386","22936694","chr6","92694778","92695087","53","69758392"
"chr6","23080190","23080502","chr4","23349085","23349395","28","268895"
"chr6","23096984","23097268","chr4","23366986","23367276","35","270002"
"chr6","23144719","23145020","chr4","23412407","23412720","41","267688"
"chr6","23250435","23250636","chr4","23532991","23533192","22","282556"
"chr6","23251395","23251710","chr3","101165078","101165386","54","77913683"
"chr6","23574918","23575211","chr3","157258990","157259281","40","133684072"
"chr6","23596328","23596635","chr3","161302845","161303153","37","137706517"
"chr6","23840290","23840590","chr8","71522817","71523126","49","47682527"
"chr6","23856588","23856752","chr16","43272620","43272787","25","19416032"
"chr6","23857308","23857614","chr6","78552908","78553209","37","54695600"
"chr6","23873220","23873522","chr7","18502191","18502489","40","5371029"
"chr6","23895364","23895659","chr4","24227335","24227640","38","331971"
"chr6","23916824","23917119","chr4","24249131","24249431","34","332307"
"chr6","23985062","23985215","chr16","44937774","44937929","30","20952712"
"chr6","24017012","24017320","chr12","84997211","84997516","41","60980199"
"chr6","24034197","24034496","chr4","24365276","24365574","22","331079"
"chr6","24076448","24076739","chr4","24421860","24422149","29","345412"
"chr6","24118007","24118215","chr10","61601371","61601572","31","37483364"
"chr6","24131969","24132255","chr4","24478647","24478951","44","346678"
"chr6","24256294","24256576","chr13","39544012","39544295","40","15287718"
"chr6","24304978","24305205","chr4","24637363","24637592","33","332385"
"chr6","24305738","24305821","chr4","24638016","24638099","2","332278"
"chr6","24346805","24347110","chr4","24678974","24679259","34","332169"
"chr6","24400838","24401125","chr7","28329692","28329979","34","3928854"
"chr6","24430767","24431074","chr2","204095697","204096003","45","179664930"
"chr6","24431164","24431433","chr11","70563208","70563471","39","46132044"
"chr6","24443130","24443433","chr1","67968311","67968611","41","43525181"
"chr6","24466126","24466428","chr4","24846235","24846536","23","380109"
"chr6","24484973","24485129","chr1","14757778","14757941","40","9727195"
"chr6","24526888","24527173","chr15","102089153","102089436","38","77562265"
"chr6","24530382","24530684","chr4","39634856","39635158","38","15104474"
"chr6","24532424","24532475","chr1","109985445","109985491","15","85453021"
"chr6","24535144","24535417","chr13","10129007","10129278","43","14406137"
"chr6","24555739","24556038","chr3","79590044","79590340","41","55034305"
"chr6","24590410","24590703","chr4","24966361","24966654","31","375951"
"chr6","24594370","24594670","chr20","8873844","8874146","37","15720526"
"chr6","24597389","24597415","chrX","55776723","55776747","5","31179334"
"chr6","24603794","24604090","chrX","48185329","48185616","41","23581535"
"chr6","24615084","24615378","chr4","24990401","24990707","33","375317"
"chr6","24615945","24616239","chr4","24991271","24991565","32","375326"
"chr6","24623339","24623646","chr3","39641274","39641578","33","15017935"
"chr6","24644116","24644290","chr13","9403475","9403652","28","15240641"
"chr6","24644631","24644713","chr6","152851622","152851702","6","128206991"
"chr6","24653884","24654070","chr5","159217902","159218096","46","134564018"
"chr6","24656564","24656860","chrX","6107052","6107345","32","18549512"
"chr6","24660499","24660811","chr4","25029537","25029848","27","369038"
"chr6","24662250","24662567","chr5","85171396","85171712","35","60509146"
"chr6","24668707","24668876","chr7","36307062","36307231","23","11638355"
"chr6","24684817","24684984","chr2","197025262","197025433","34","172340445"
"chr6","24691550","24691830","chr6","17666189","17666461","39","7025361"
"chr6","24720792","24721095","chr4","25083644","25083949","45","362852"
"chr6","24787084","24787397","chr4","25151042","25151340","39","363958"
"chr6","24789696","24789989","chr4","25154315","25154608","23","364619"
"chr6","24799364","24799644","chr1","42858201","42858484","42","18058837"
"chr6","24838332","24838666","chr11","68344523","68344835","67","43506191"
"chr6","24853381","24853669","chr20","10360570","10360861","40","14492811"
"chr6","24859291","24859560","chr20","839847","840110","53","24019444"
"chr6","24865420","24865714","chr4","25228040","25228333","22","362620"
"chr6","24866172","24866480","chr4","25229019","25229322","22","362847"
"chr6","24872318","24872607","chr11","33164505","33164790","40","8292187"
"chr6","24884788","24885083","chr4","25248272","25248568","27","363484"
"chr6","24892790","24892859","chr7","165702988","165703060","8","140810198"
"chr6","24911764","24912063","chr4","25274927","25275221","28","363163"
"chr6","24917671","24917963","chr16","10710589","10710878","30","14207082"
"chr6","24942294","24942574","chrX","144627417","144627699","42","119685123"
"chr6","24945558","24945895","chr4","25313857","25314194","37","368299"
"chr6","24950396","24950673","chr10","12545497","12545772","36","12404899"
"chr6","24979955","24980252","chr2","108498003","108498307","37","83518048"
"chr6","24986692","24986993","chr4","88410610","88410912","33","63423918"
"chr6","24991942","24992235","chr7","43807156","43807450","38","18815214"
"chr6","24992891","24993174","chr4","25362456","25362737","21","369565"
"chr6","25013823","25014118","chr5","51540643","51540938","26","26526820"
"chr6","25026962","25027290","chr4","25397502","25397811","44","370540"
"chr6","25052797","25053128","chr4","159622157","159622483","42","134569360"
"chr6","25109049","25109331","chr13","89874330","89874621","38","64765281"
"chr6","25109404","25109549","chr16","6858537","6858688","23","18250867"
"chr6","25130928","25131214","chr14","66464520","66464814","39","41333592"
"chr6","25151158","25151446","chr10","27637196","27637491","43","2486038"
"chr6","25178747","25179051","chr1","160634862","160635165","42","135456115"
"chr6","25179909","25180172","chr4","25613575","25613831","38","433666"
"chr6","25228096","25228399","chr4","25665123","25665425","27","437027"
"chr6","25295561","25295869","chr4","25734418","25734727","28","438857"
"chr6","25307701","25307995","chr4","25744469","25744764","28","436768"
"chr6","25400610","25400915","chr3","132386044","132386347","43","106985434"
"chr6","25402590","25402905","chr4","25826790","25827101","36","424200"
"chr6","25415208","25415498","chr4","25834381","25834669","29","419173"
"chr6","25418297","25418601","chr4","25837513","25837817","33","419216"
"chr6","25471376","25471518","chr9","14076664","14076807","33","11394712"
"chr6","25478581","25478861","chr3","2986573","2986865","42","22492008"
"chr6","25500044","25500296","chr4","25921374","25921638","31","421330"
"chr6","25503473","25503750","chr4","25924785","25925061","26","421312"
"chr6","25510151","25510436","chr4","25930902","25931192","22","420751"
"chr6","25524066","25524369","chr4","25944867","25945175","24","420801"
"chr6","25524425","25524736","chr4","25945231","25945525","40","420806"
"chr6","25543768","25544001","chr20","54070107","54070341","37","28526339"
"chr6","25544516","25544599","chr8","26280134","26280211","16","735618"
"chr6","25565986","25566277","chrX","44429429","44429724","38","18863443"
"chr6","25646415","25646743","chr4","26065906","26066215","38","419491"
"chr6","25860432","25860714","chr1","31889744","31890030","47","6029312"
"chr6","25880211","25880362","chr11","1764341","1764489","27","24115870"
"chr6","25881695","25881984","chr4","26307726","26308028","35","426031"
"chr6","26263079","26263379","chr4","26358492","26358800","31","95413"
"chr6","26394133","26394423","chr9","69772747","69773035","34","43378614"
"chr6","26400580","26400887","chr7","40063489","40063797","34","13662909"
"chr6","26414342","26414635","chr4","26506337","26506626","29","91995"
"chr6","26434868","26435179","chr4","29146867","29147178","63","2711999"
"chr6","26456185","26456480","chr4","26550984","26551275","22","94799"
"chr6","26466664","26466958","chr4","26561174","26561471","38","94510"
"chr6","26503261","26503468","chr17","19340513","19340722","46","7162748"
"chr6","26545877","26546180","chr7","92490838","92491141","54","65944961"
"chr6","26551474","26551752","chr4","26643892","26644190","43","92418"
"chr6","26557878","26558089","chr4","26650527","26650749","25","92649"
"chr6","26563459","26563752","chr4","26656161","26656456","23","92702"
"chr6","26566131","26566429","chr10","88726465","88726763","41","62160334"
"chr6","26613102","26613380","chrX","6107052","6107345","42","20506050"
"chr6","26618235","26618519","chr4","26708523","26708807","52","90288"
"chr6","26623551","26623686","chr7","55937012","55937147","12","29313461"
"chr6","26623996","26624166","chr16","51393440","51393606","30","24769444"
"chr6","26625304","26625575","chr4","26712432","26712703","20","87128"
"chr6","26630869","26631004","chr15","9786599","9786734","11","16844270"
"chr6","26640475","26640774","chr3","101319684","101319980","39","74679209"
"chr6","26646577","26646877","chrX","95177383","95177685","33","68530806"
"chr6","26658868","26659026","chr11","109938167","109938327","26","83279299"
"chr6","26662449","26662749","chr11","67098157","67098457","36","40435708"
"chr6","26674526","26674764","chr4","26763806","26764046","28","89280"
"chr6","26677885","26678186","chr7","1906322","1906618","39","24771563"
"chr6","26681246","26681562","chr4","26769957","26770271","27","88711"
"chr6","26687235","26687544","chr5","37259892","37260194","48","10572657"
"chr6","26691495","26691799","chr4","26780570","26780885","31","89075"
"chr6","26703768","26703942","chr3","125683456","125683623","33","98979688"
"chr6","26706908","26707218","chr4","26796871","26797181","41","89963"
"chr6","26722873","26723164","chr4","26813361","26813652","17","90488"
"chr6","26724652","26724940","chr4","26815125","26815419","29","90473"
"chr6","26734394","26734694","chr4","26824790","26825082","33","90396"
"chr6","26734747","26735013","chr7","41367236","41367508","42","14632489"
"chr6","26743924","26744227","chr4","26828888","26829201","39","84964"
"chr6","26750108","26750402","chr4","26834869","26835161","18","84761"
"chr6","26761812","26762114","chr4","26847451","26847753","28","85639"
"chr6","26797167","26797488","chr4","26879665","26879990","27","82498"
"chr6","26809274","26809448","chr4","58930540","58930713","26","32121266"
"chr6","26811479","26811773","chr19","34027272","34027566","33","7215793"
"chr6","26815631","26815860","chr15","82653","82874","48","26732978"
"chr6","26819217","26819385","chr6","171345860","171346030","22","144526643"
"chr6","26839490","26839777","chr6","66230085","66230373","36","39390595"
"chr6","26888031","26888340","chr4","27008524","27008842","37","120493"
"chr6","26893793","26894088","chr10","22022192","22022487","34","4871601"
"chr6","26914538","26914831","chr1","208714472","208714766","44","181799934"
"chr6","26925649","26925959","chr4","43075889","43076200","41","16150240"
"chr6","26952240","26952548","chr4","27092227","27092523","41","139987"
"chr6","26958023","26958318","chr1","9179485","9179779","28","17778538"
"chr6","26998092","26998390","chr4","27136287","27136582","30","138195"
"chr6","27001957","27002249","chr7","67760064","67760356","36","40758107"
"chr6","27005219","27005523","chr4","27143477","27143786","31","138258"
"chr6","27009886","27009985","chrX","53362269","53362368","11","26352383"
"chr6","27032903","27033155","chr19","2692788","2693040","38","24340115"
"chr6","27036622","27036922","chr4","27176930","27177235","37","140308"
"chr6","27069470","27069771","chr15","6872633","6872929","34","20196837"
"chr6","27077193","27077376","chrX","8050623","8050811","29","19026570"
"chr6","27153059","27153351","chr11","122201688","122201982","39","95048629"
"chr6","27157911","27158134","chr5","66091213","66091443","45","38933302"
"chr6","27497288","27497583","chr6","21729716","21730032","38","5767572"
"chr6","27503326","27503612","chr3","18393941","18394230","45","9109385"
"chr6","27546161","27546439","chr18","48367716","48367988","42","20821555"
"chr6","27567585","27567887","chr4","27477527","27477837","34","90058"
"chr6","27593134","27593426","chr16","2792881","2793177","43","24800253"
"chr6","27610372","27610671","chr1","43419061","43419362","39","15808689"
"chr6","27611637","27611938","chr4","27521872","27522178","30","89765"
"chr6","27623024","27623332","chr4","27531241","27531537","42","91783"
"chr6","27626429","27626715","chr4","27534608","27534907","40","91821"
"chr6","27637209","27637506","chr12","62026301","62026598","37","34389092"
"chr6","27642808","27643105","chr14","10804981","10805274","39","16837827"
"chr6","27653954","27654243","chr1","128612759","128613052","39","100958805"
"chr6","27659214","27659495","chr9","37337584","37337874","39","9678370"
"chr6","27660611","27660904","chr11","122339991","122340282","35","94679380"
"chr6","27667831","27668140","chr4","57099833","57100137","33","29432002"
"chr6","27671476","27671778","chr12","57850151","57850455","35","30178675"
"chr6","27693242","27693535","chr9","58999401","58999692","44","31306159"
"chr6","27696649","27696959","chr2","83764382","83764678","57","56067733"
"chr6","27700064","27700361","chr4","27599050","27599351","26","101014"
"chr6","27710273","27710581","chrX","23558557","23558868","41","4151716"
"chr6","27711386","27711698","chr4","27610844","27611137","44","100542"
"chr6","27712731","27713076","chr8","123981929","123982262","66","96269198"
"chr6","27715630","27715694","chr2","192002650","192002717","20","164287020"
"chr6","27715716","27715794","chr2","61429385","61429463","11","33713669"
"chr6","27726928","27727257","chr1","41805196","41805511","50","14078268"
"chr6","27758991","27759290","chr4","27664971","27665274","40","94020"
"chr6","27760954","27761263","chr13","24235712","24236022","40","3525242"
"chr6","27800409","27800712","chr4","27689622","27689915","27","110787"
"chr6","27830957","27831181","chr15","77742576","77742795","41","49911619"
"chr6","27844573","27844863","chr7","114495190","114495488","41","86650617"
"chr6","27845420","27845727","chr3","64066404","64066716","45","36220984"
"chr6","27847851","27848148","chr4","27736806","27737113","41","111045"
"chr6","27849978","27850284","chr3","165546058","165546363","41","137696080"
"chr6","27875304","27875593","chr14","106663341","106663626","32","78788037"
"chr6","27891682","27891884","chr10","77155629","77155828","25","49263947"
"chr6","27902150","27902431","chr4","7087810","7088092","44","20814340"
"chr6","27914641","27914929","chr4","27802706","27803000","34","111935"
"chr6","27920451","27920736","chr4","27808538","27808828","30","111913"
"chr6","27945865","27946160","chr11","110637684","110637974","35","82691819"
"chr6","27993014","27993325","chr4","27880517","27880823","29","112497"
"chr6","27996178","27996428","chr7","5635314","5635566","31","22360864"
"chr6","28000357","28000636","chr7","40703992","40704269","43","12703635"
"chr6","28020452","28020750","chr4","27912805","27913101","27","107647"
"chr6","28031867","28032029","chr14","12217087","12217250","32","15814780"
"chr6","28040788","28041068","chr7","137407258","137407535","46","109366470"
"chr6","28045467","28045773","chr8","5577075","5577373","39","22468392"
"chr6","28066743","28067048","chr7","46346292","46346602","34","18279549"
"chr6","28074196","28074499","chr4","27966475","27966771","33","107721"
"chr6","28074856","28075134","chr4","27967086","27967362","25","107770"
"chr6","28077542","28077831","chr4","27969797","27970093","26","107745"
"chr6","28107264","28107574","chr16","25142150","25142452","44","2965114"
"chr6","28114165","28114458","chr15","5734156","5734449","30","22380009"
"chr6","28122722","28122846","chr15","10724476","10724602","14","17398246"
"chr6","28130067","28130363","chr14","3697265","3697577","53","24432802"
"chr6","28152650","28152792","chr3","140117637","140117782","29","111964987"
"chr6","28153936","28154259","chr4","28053285","28053603","46","100651"
"chr6","28155999","28156308","chr2","96943765","96944067","36","68787766"
"chr6","28161565","28161850","chrX","49166555","49166839","35","21004990"
"chr6","28179680","28179971","chr9","25083503","25083798","43","3096177"
"chr6","28182792","28183094","chr1","43419061","43419362","37","15236269"
"chr6","28183608","28183886","chrX","148237929","148238207","44","120054321"
"chr6","28185854","28185975","chr6","116838256","116838377","19","88652402"
"chr6","28195908","28196202","chr16","60954404","60954677","56","32758496"
"chr6","28199231","28199248","chrX","113684422","113684440","2","85485191"
"chr6","28200202","28200522","chr3","42011490","42011797","74","13811288"
"chr6","28202647","28202942","chr15","5734156","5734449","36","22468491"
"chr6","28204206","28204478","chr11","123168356","123168630","34","94964150"
"chr6","28208129","28208342","chr19","43007920","43008132","32","14799791"
"chr6","28218171","28218344","chr10","83387135","83387313","22","55168964"
"chr6","28220244","28220524","chr4","28117549","28117838","36","102695"
"chr6","28230923","28231227","chr1","23689242","23689547","47","4541681"
"chr6","28240037","28240198","chr6","58863249","58863409","27","30623212"
"chr6","28240531","28240825","chr4","28140776","28141077","25","99755"
"chr6","28246440","28246738","chr4","28146657","28146956","32","99783"
"chr6","28255551","28255648","chr4","28159866","28159951","15","95685"
"chr6","28259549","28259642","chr11","111878590","111878685","16","83619041"
"chr6","28290742","28291041","chr4","28195606","28195905","23","95136"
"chr6","28291581","28291874","chr4","28196397","28196701","34","95184"
"chr6","28307105","28307394","chr4","10533249","10533540","42","17773856"
"chr6","28308928","28309214","chr2","180593133","180593420","37","152284205"
"chr6","28310208","28310365","chr16","13074697","13074856","23","15235511"
"chr6","28320907","28321015","chr10","61268147","61268256","17","32947240"
"chr6","28322695","28323004","chr10","88919909","88920213","50","60597214"
"chr6","28348122","28348416","chr4","28254607","28254900","19","93515"
"chr6","28369349","28369657","chr1","23004421","23004729","50","5364928"
"chr6","28390738","28391001","chr4","28298662","28298931","30","92076"
"chr6","28412447","28412742","chr4","28328488","28328800","39","83959"
"chr6","28413911","28414209","chr2","143012754","143013055","32","114598843"
"chr6","28429989","28430287","chr3","41130046","41130344","40","12700057"
"chr6","28458075","28458367","chr4","28378871","28379172","32","79204"
"chr6","28496160","28496447","chr1","111471037","111471322","40","82974877"
"chr6","28532042","28532323","chr12","9383945","9384227","41","19148097"
"chr6","28533485","28533760","chrX","19389818","19390093","40","9143667"
"chr6","28581745","28582050","chr4","28452137","28452421","46","129608"
"chr6","28642151","28642458","chr4","28514008","28514315","22","128143"
"chr6","28662909","28663198","chr4","28534392","28534687","25","128517"
"chr6","28682847","28683131","chr3","166660099","166660383","38","137977252"
"chr6","28706956","28707251","chr4","28633145","28633448","34","73811"
"chr6","28718555","28718861","chr4","28644841","28645142","26","73714"
"chr6","28723443","28723750","chr4","28649700","28650034","44","73743"
"chr6","28756594","28756883","chr4","28699719","28700003","30","56875"
"chr6","28798875","28799184","chrX","110921299","110921610","40","82122424"
"chr6","28817472","28817742","chr2","22555790","22556068","43","6261682"
"chr6","28830728","28830951","chr4","28773681","28773905","9","57047"
"chr6","28874999","28875309","chr4","28817940","28818237","36","57059"
"chr6","28915815","28916057","chr4","28863512","28863755","29","52303"
"chr6","28963840","28964099","chr2","80151819","80152082","37","51187979"
"chr6","28966654","28966908","chr20","17892540","17892793","37","11074114"
"chr6","29049918","29050180","chr4","28996365","28996638","32","53553"
"chr6","29065109","29065409","chr4","29011444","29011726","49","53665"
"chr6","29089219","29089514","chr4","29034789","29035081","34","54430"
"chr6","29122756","29123050","chr4","29066355","29066663","57","56401"
"chr6","29145503","29145781","chr4","29091210","29091477","39","54293"
"chr6","29148621","29148928","chr4","29093858","29094168","21","54763"
"chr6","29157945","29158070","chr11","3096165","3096290","27","26061780"
"chr6","29182948","29183245","chr16","38489998","38490294","40","9307050"
"chr6","29196509","29196803","chr4","29134006","29134305","29","62503"
"chr6","29211424","29211722","chr3","36442876","36443174","39","7231452"
"chr6","29220579","29220858","chr4","29157716","29157999","25","62863"
"chr6","29226732","29227040","chr4","29163105","29163414","29","63627"
"chr6","29228815","29228988","chr10","88420765","88420933","43","59191950"
"chr6","29235947","29236137","chr4","29172115","29172303","11","63832"
"chr6","29237783","29237793","chr13","92722093","92722103","2","63484310"
"chr6","29238728","29239030","chr4","29174720","29175023","27","64008"
"chr6","29241814","29242117","chr4","29177914","29178216","35","63900"
"chr6","29249971","29250151","chr16","48484668","48484845","31","19234697"
"chr6","29250429","29250480","chr1","95918958","95919004","13","66668529"
"chr6","29263200","29263478","chr20","54515285","54515549","47","25252085"
"chr6","29265430","29265702","chr18","47560631","47560901","34","18295201"
"chr6","29269120","29269417","chr4","29203459","29203760","40","65661"
"chr6","29270016","29270161","chr10","59907389","59907536","26","30637373"
"chr6","29289035","29289320","chr4","29270837","29271125","30","18198"
"chr6","29293681","29293975","chr4","29276134","29276423","27","17547"
"chr6","29300137","29300419","chr4","29282933","29283215","19","17204"
"chr6","29322692","29322998","chr15","25631420","25631728","31","3691272"
"chr6","29382275","29382526","chr3","175339952","175340206","38","145957677"
"chr6","29386946","29387201","chr10","78243089","78243346","38","48856143"
"chr6","29397742","29398044","chr4","29374712","29375019","30","23030"
"chr6","29401435","29401732","chr4","29378858","29379152","52","22577"
"chr6","29402622","29402905","chr4","29380326","29380611","32","22296"
"chr6","29404594","29404902","chr12","88540194","88540506","32","59135600"
"chr6","29414702","29415000","chr13","93392933","93393232","43","63978231"
"chr6","29439136","29439405","chr4","29418417","29418689","27","20719"
"chr6","29461144","29461440","chr5","79601130","79601418","46","50139986"
"chr6","29462732","29463037","chr20","69166350","69166631","52","39703618"
"chr6","29485274","29485592","chr4","29455039","29455327","49","30235"
"chr6","29527989","29528279","chr19","2460124","2460416","29","27067865"
"chr6","29571975","29572284","chr4","29530687","29530997","26","41288"
"chr6","29602106","29602391","chr6","149667107","149667399","44","120065001"
"chr6","29620112","29620416","chr4","29575446","29575745","28","44666"
"chr6","29632049","29632184","chr1","221479214","221479348","24","191847165"
"chr6","29667346","29667357","chr5","58791828","58791840","1","29124482"
"chr6","29667385","29667567","chr4","29622979","29623171","24","44406"
"chr6","29668977","29669101","chr4","29624583","29624707","6","44394"
"chr6","29739816","29739978","chr11","30888173","30888332","23","1148357"
"chr6","29762028","29762207","chr14","118920793","118920963","30","89158765"
"chr6","29878110","29878426","chr8","122699495","122699806","50","92821385"
"chr6","29919183","29919488","chr15","110132876","110133179","38","80213693"
"chr6","29925123","29925390","chr7","107921503","107921774","41","77996380"
"chr6","29997782","29998097","chr4","29974475","29974777","35","23307"
"chr6","30037992","30038289","chr5","51540643","51540938","32","21502651"
"chr6","30078968","30079006","chr19","34982475","34982507","11","4903507"
"chr6","30079029","30079249","chr1","20743725","20743945","38","9335304"
"chr6","30104977","30105089","chr8","47206678","47206794","16","17101701"
"chr6","30107982","30108228","chr20","29087056","29087306","42","1020926"
"chr6","30131160","30131394","chr19","43625773","43626006","33","13494613"
"chr6","30139836","30140130","chr4","30139397","30139694","24","439"
"chr6","30143927","30144015","chr3","94091253","94091337","33","63947326"
"chr6","30145161","30145478","chr1","222607830","222608142","43","192462669"
"chr6","30149553","30149847","chr11","117132438","117132733","38","86982885"
"chr6","30151390","30151587","chr7","95222121","95222323","24","65070731"
"chr6","30153388","30153685","chrX","43910990","43911285","43","13757602"
"chr6","30278251","30278363","chr10","66072208","66072319","12","35793957"
"chr6","30278609","30278809","chr15","10815071","10815270","34","19463538"
"chr6","30339913","30340212","chr1","205649853","205650155","39","175309940"
"chr6","30428472","30428724","chr4","30459183","30459438","13","30711"
"chr6","30534493","30534803","chr4","30787972","30788279","31","253479"
"chr6","30568628","30568925","chr6","75775282","75775584","33","45206654"
"chr6","30571539","30571847","chrX","100926712","100927019","36","70355173"
"chr6","30629541","30629830","chr12","77213116","77213399","47","46583575"
"chr6","30642666","30643006","chr7","67951215","67951545","56","37308549"
"chr6","30930264","30930551","chr10","34009600","34009889","34","3079336"
"chr6","30944209","30944503","chr19","20676318","20676616","34","10267891"
"chr6","30957867","30958027","chr12","58003853","58004013","24","27045986"
"chr6","30973490","30973785","chr4","31047823","31048112","28","74333"
"chr6","31118174","31118475","chr4","38861882","38862181","41","7743708"
"chr6","31118507","31118699","chr3","170103219","170103409","35","138984712"
"chr6","31127265","31127523","chr9","35459290","35459547","38","4332025"
"chr6","31127749","31128057","chr10","71899457","71899762","37","40771708"
"chr6","31130038","31130367","chrX","36369971","36370280","69","5239933"
"chr6","31151934","31152228","chr7","67825861","67826155","38","36673927"
"chr6","31152269","31152378","chr4","105008801","105008911","20","73856532"
"chr6","31200018","31200290","chr8","123353121","123353398","45","92153103"
"chr6","31206781","31207080","chr5","128034254","128034552","31","96827473"
"chr6","31210394","31210613","chr16","14036863","14037070","32","17173531"
"chr6","31211382","31211650","chr4","31297167","31297442","40","85785"
"chr6","31242254","31242549","chr4","31329877","31330183","38","87623"
"chr6","31249187","31249393","chr4","160315633","160315842","38","129066446"
"chr6","31252501","31252614","chr7","82846043","82846151","25","51593542"
"chr6","31257153","31257456","chr4","31343185","31343488","19","86032"
"chr6","31266072","31266345","chr4","31351771","31352043","25","85699"
"chr6","31278107","31278394","chr4","31366373","31366666","48","88266"
"chr6","31282449","31282719","chr3","127309453","127309725","41","96027004"
"chr6","31287780","31288075","chr4","31376894","31377188","23","89114"
"chr6","31312589","31312880","chr5","155612798","155613089","37","124300209"
"chr6","31324001","31324167","chr6","139207284","139207450","35","107883283"
"chr6","31324194","31324452","chr12","82415017","82415280","50","51090823"
"chr6","31341699","31342000","chr7","78931435","78931742","36","47589736"
"chr6","31343408","31343703","chr20","56831413","56831703","31","25488005"
"chr6","31349440","31349631","chr7","95222121","95222323","43","63872681"
"chr6","31365792","31366053","chr10","58270003","58270266","36","26904211"
"chr6","31373236","31373418","chr7","165627144","165627320","37","134253908"
"chr6","31377209","31377505","chr16","47676042","47676339","35","16298833"
"chr6","31391852","31392163","chr4","31476943","31477243","27","85091"
"chr6","31422793","31423100","chr8","94510144","94510444","41","63087351"
"chr6","31430790","31431019","chr19","3430217","3430445","27","28000573"
"chr6","31445680","31445952","chr4","31532203","31532489","33","86523"
"chr6","31459985","31460298","chr20","27143135","27143442","36","4316850"
"chr6","31466303","31466598","chr6","11866650","11866952","36","19599653"
"chr6","31472068","31472364","chr20","8006906","8007198","36","23465162"
"chr6","31492861","31493131","chr3","92861605","92861872","38","61368744"
"chr6","31520044","31520357","chr16","939337","939648","42","30580707"
"chr6","31542950","31543242","chr4","31622415","31622702","30","79465"
"chr6","31573355","31573658","chr3","5892866","5893169","32","25680489"
"chr6","31589302","31589616","chr5","98808948","98809255","59","67219646"
"chr6","31589850","31590050","chr14","8030966","8031146","58","23558884"
"chr6","31613306","31613612","chr14","47593479","47593787","34","15980173"
"chr6","31613634","31613963","chr7","46346292","46346602","62","14732658"
"chr6","31629392","31629664","chr1","37954757","37955032","38","6325365"
"chr6","31651441","31651734","chr16","10710589","10710878","31","20940852"
"chr6","31658527","31658830","chr4","31732155","31732460","22","73628"
"chr6","31666506","31666801","chr4","31740439","31740733","33","73933"
"chr6","31671689","31671981","chr1","8696071","8696362","33","22975618"
"chr6","31672661","31672944","chr4","31749635","31749919","26","76974"
"chr6","31682705","31683009","chr13","8757197","8757488","43","22925508"
"chr6","31693581","31693888","chr17","77406960","77407267","52","45713379"
"chr6","31699808","31700089","chr2","108852837","108853113","32","77153029"
"chr6","31704186","31704322","chr4","31780830","31780967","5","76644"
"chr6","31704613","31704765","chr4","31781264","31781420","14","76651"
"chr6","31708962","31709271","chr15","13354853","13355160","35","18354109"
"chr6","31711510","31711804","chr1","220883377","220883674","47","189171867"
"chr6","31720732","31721022","chr2","192826509","192826803","46","161105777"
"chr6","31743733","31744038","chr8","71683052","71683358","34","39939319"
"chr6","31748028","31748339","chr20","65687247","65687551","45","33939219"
"chr6","31757395","31757695","chr4","31831400","31831689","34","74005"
"chr6","31791604","31791734","chr3","166698966","166699089","36","134907362"
"chr6","31791981","31792139","chr4","163053093","163053252","30","131261112"
"chr6","31792144","31792431","chr12","101488838","101489123","30","69696694"
"chr6","31795129","31795316","chr2","111611624","111611809","34","79816495"
"chr6","31796743","31796951","chrUn_NW_014808552v1","3","220","59","31796740"
"chr6","31830237","31830534","chr1","39371430","39371728","35","7541193"
"chr6","31834112","31834250","chr1","161409822","161409970","35","129575710"
"chr6","31847580","31847876","chr4","31900882","31901181","34","53302"
"chr6","31854678","31854988","chr6","129934590","129934892","42","98079912"
"chr6","31880470","31880775","chr13","11609986","11610295","41","20270484"
"chr6","32063242","32063515","chr16","72473563","72473841","38","40410321"
"chr6","32066145","32066276","chr10","38983120","38983255","13","6916975"
"chr6","32067949","32068260","chr4","32373986","32374296","30","306037"
"chr6","32070651","32070953","chr13","44814799","44815097","31","12744148"
"chr6","32102573","32102748","chr1","188132162","188132337","25","156029589"
"chr6","32105793","32106091","chr11","55122642","55122939","24","23016849"
"chr6","32106760","32106900","chr4","46673684","46673827","23","14566924"
"chr6","32106943","32107079","chr4","168443863","168443995","23","136336920"
"chr6","32120559","32120871","chr1","3081963","3082273","41","29038596"
"chr6","32142618","32142909","chr4","32451485","32451765","37","308867"
"chr6","32146568","32146654","chr14","32518101","32518185","15","371533"
"chr6","32146947","32147076","chr10","73258569","73258687","33","41111622"
"chr6","32150613","32150912","chr4","32459620","32459926","26","309007"
"chr6","32164293","32164389","chr10","36848738","36848833","13","4684445"
"chr6","32169258","32169384","chr10","86840248","86840381","22","54670990"
"chr6","32196958","32197259","chr4","32513234","32513527","33","316276"
"chr6","32198984","32199281","chr4","32514946","32515240","31","315962"
"chr6","32202228","32202537","chr4","32518520","32518831","29","316292"
"chr6","32214003","32214157","chr3","35114685","35114846","27","2900682"
"chr6","32214173","32214294","chr4","32531930","32532042","21","317757"
"chr6","32225525","32225695","chrX","557444","557611","25","31668081"
"chr6","32229653","32229950","chr4","32547141","32547441","21","317488"
"chr6","32230734","32231045","chr4","57099833","57100137","37","24869099"
"chr6","32237802","32238099","chr4","32554574","32554877","40","316772"
"chr6","32282907","32283202","chr4","58557393","58557690","30","26274486"
"chr6","32290724","32291030","chr4","32610431","32610738","25","319707"
"chr6","32294841","32295140","chr4","32614916","32615222","24","320075"
"chr6","32300583","32300874","chr4","32621417","32621721","35","320834"
"chr6","32301425","32301575","chr4","107392495","107392642","23","75091070"
"chr6","32301787","32301897","chr1","16191111","16191220","21","16110676"
"chr6","32306215","32306518","chr1","43419061","43419362","39","11112846"
"chr6","32321980","32322279","chr4","32641732","32642033","27","319752"
"chr6","32322284","32322594","chr11","104040163","104040474","36","71717879"
"chr6","32334239","32334440","chr14","9665241","9665444","28","22668998"
"chr6","32334441","32334510","chr19","8581752","8581820","16","23752689"
"chr6","32338604","32338762","chr2","163113225","163113381","28","130774621"
"chr6","32346018","32346311","chr4","32668028","32668318","20","322010"
"chr6","32351243","32351536","chr4","32673792","32674092","34","322549"
"chr6","32355885","32356035","chr20","53822108","53822262","37","21466223"
"chr6","32360190","32360476","chr4","32683003","32683308","40","322813"
"chr6","32367093","32367399","chr12","103584063","103584355","46","71216970"
"chr6","32371645","32371940","chr7","41918088","41918387","37","9546443"
"chr6","32373928","32374144","chr4","116777080","116777297","37","84403152"
"chr6","32379376","32379670","chr1","123455803","123456093","50","91076427"
"chr6","32384941","32385051","chr5","39659660","39659766","15","7274719"
"chr6","32386231","32386516","chr1","139985690","139985982","47","107599459"
"chr6","32391607","32391736","chr3","43189560","43189695","22","10797953"
"chr6","32394195","32394253","chr11","7068146","7068203","15","25326049"
"chr6","32397035","32397336","chr4","32726261","32726554","37","329226"
"chr6","32402043","32402338","chr7","40436964","40437259","42","8034921"
"chr6","32413250","32413550","chr4","32741813","32742111","19","328563"
"chr6","32425763","32425954","chr20","52193204","52193398","30","19767441"
"chr6","32443628","32443800","chr7","40672036","40672209","28","8228408"
"chr6","32444104","32444240","chr10","31067832","31067967","12","1376272"
"chr6","32462130","32462422","chr4","32791676","32791971","28","329546"
"chr6","32463045","32463349","chr7","35755027","35755331","38","3291982"
"chr6","32465490","32465787","chr4","32797120","32797410","26","331630"
"chr6","32472189","32472500","chr4","32804573","32804874","21","332384"
"chr6","32474619","32474916","chr4","32806978","32807277","27","332359"
"chr6","32485744","32485918","chr3","40422470","40422643","29","7936726"
"chr6","32486213","32486358","chr1","45959857","45960000","18","13473644"
"chr6","32522767","32522832","chr11","6816562","6816629","9","25706205"
"chr6","32523131","32523423","chr4","32863045","32863336","34","339914"
"chr6","32587136","32587445","chr4","32903727","32904038","33","316591"
"chr6","32588642","32588936","chr16","8328311","8328605","37","24260331"
"chr6","32591118","32591436","chr4","32909946","32910263","25","318828"
"chr6","32592214","32592521","chr4","32911051","32911361","17","318837"
"chr6","32602038","32602334","chr4","32920850","32921151","26","318812"
"chr6","32657878","32658095","chr16","668407","668615","34","31989471"
"chr6","32668647","32668947","chr4","32985577","32985872","36","316930"
"chr6","32672089","32672392","chr4","32989075","32989375","27","316986"
"chr6","32683110","32683407","chr10","29824099","29824399","33","2859011"
"chr6","32683902","32684191","chr4","33000683","33000971","30","316781"
"chr6","32720487","32720790","chr10","12198513","12198815","37","20521974"
"chr6","32734605","32734925","chr4","54146497","54146804","48","21411892"
"chr6","32741635","32741911","chr4","33058668","33058948","23","317033"
"chr6","32753135","32753438","chr4","33070326","33070622","30","317191"
"chr6","32757053","32757332","chr4","33074248","33074527","23","317195"
"chr6","32757333","32757632","chr4","33074528","33074839","29","317195"
"chr6","32763594","32763871","chr4","33081527","33081808","22","317933"
"chr6","32764386","32764682","chr1","200028486","200028781","33","167264100"
"chr6","32766198","32766495","chr4","33084091","33084390","29","317893"
"chr6","32772978","32773265","chr19","53163566","53163858","33","20390588"
"chr6","32795372","32795600","chr9","30064275","30064511","35","2731097"
"chr6","32816020","32816289","chr3","51885688","51885960","31","19069668"
"chr6","32831462","32831658","chr4","33158423","33158615","21","326961"
"chr6","32853246","32853358","chr13","53714334","53714446","11","20861088"
"chr6","32853866","32853965","chr2","93289919","93290010","20","60436053"
"chr6","32867467","32867751","chr4","33198461","33198753","41","330994"
"chr6","32883678","32883970","chr8","96020005","96020303","44","63136327"
"chr6","32956932","32957215","chr2","109149341","109149625","36","76192409"
"chr6","32991664","32991877","chr11","103847201","103847416","31","70855537"
"chr6","33093304","33093491","chr18","35737897","35738084","31","2644593"
"chr6","33160409","33160712","chr4","33466230","33466542","43","305821"
"chr6","33294904","33295222","chr4","33461155","33461477","42","166251"
"chr6","33300623","33300912","chr11","63160894","63161184","48","29860271"
"chr6","33302520","33302799","chr7","154642205","154642488","34","121339685"
"chr6","33348933","33349182","chr9","93284979","93285214","42","59936046"
"chr6","33378303","33378474","chr2","75701337","75701508","24","42323034"
"chr6","33382335","33382612","chr3","127309453","127309725","41","93927118"
"chr6","33406567","33406847","chr14","106261586","106261864","34","72855019"
"chr6","33445477","33445658","chr1","110063218","110063417","46","76617741"
"chr6","33464695","33464968","chr4","33587222","33587497","29","122527"
"chr6","33470986","33471121","chr7","52682488","52682622","10","19211502"
"chr6","33531499","33531803","chr16","38764160","38764465","52","5232661"
"chr6","33603730","33604026","chr4","33737488","33737785","32","133758"
"chr6","33610625","33610915","chr11","111994570","111994863","34","78383945"
"chr6","33628500","33628800","chr5","139653331","139653632","29","106024831"
"chr6","33636596","33636909","chr4","33779885","33780185","42","143289"
"chr6","33677070","33677389","chr5","81856106","81856415","52","48179036"
"chr6","33822470","33822681","chr16","668407","668615","38","33154063"
"chr6","33823056","33823351","chr4","33980088","33980384","24","157032"
"chr6","33837791","33838116","chr19","37738032","37738349","41","3900241"
"chr6","33868641","33868961","chr4","34025518","34025836","21","156877"
"chr6","33927914","33928211","chr16","5048763","5049058","35","28879151"
"chr6","33940810","33940955","chr19","18903818","18903959","23","15036992"
"chr6","33947260","33947554","chr15","39460070","39460366","33","5512810"
"chr6","33960247","33960344","chr1","20628345","20628440","19","13331902"
"chr6","33960398","33960647","chr4","34118263","34118518","25","157865"
"chr6","33970002","33970306","chr8","64112492","64112797","42","30142490"
"chr6","33987657","33987968","chr4","34145020","34145319","34","157363"
"chr6","33988679","33988981","chr4","34146035","34146343","39","157356"
"chr6","33996854","33997161","chr1","205649853","205650155","43","171652999"
"chr6","34020315","34020486","chr7","36307062","36307231","27","2286747"
"chr6","34033987","34034141","chr6","176626625","176626778","23","142592638"
"chr6","34039494","34039627","chrX","2592837","2592968","17","31446657"
"chr6","34057433","34057638","chr2","57463650","57463865","30","23406217"
"chr6","34059357","34059539","chr4","33158423","33158615","34","900934"
"chr6","34060104","34060407","chr4","34226900","34227208","35","166796"
"chr6","34063917","34064202","chr4","34231998","34232293","29","168081"
"chr6","34064732","34065024","chr4","34232822","34233095","37","168090"
"chr6","34065773","34066078","chr4","34234316","34234621","16","168543"
"chr6","34071634","34071951","chr2","203054520","203054836","44","168982886"
"chr6","34073091","34073405","chr2","73030327","73030630","39","38957236"
"chr6","34075391","34075538","chrX","19491524","19491674","16","14583867"
"chr6","34075964","34076236","chr6","47441609","47441877","59","13365645"
"chr6","34089443","34089729","chr4","34250585","34250859","35","161142"
"chr6","34127177","34127479","chr17","24909075","24909373","32","9218102"
"chr6","34148965","34149264","chr4","34313783","34314093","35","164818"
"chr6","34159007","34159302","chr9","93839355","93839654","50","59680348"
"chr6","34161556","34161866","chr4","34326128","34326420","42","164572"
"chr6","34166416","34166725","chr4","17226158","17226468","46","16940258"
"chr6","34170619","34170772","chr6","143310132","143310288","20","109139513"
"chr6","34175790","34175987","chr10","80359256","80359450","32","46183466"
"chr6","34196142","34196431","chr9","114478189","114478482","34","80282047"
"chr6","34208191","34208474","chr7","164116814","164117095","40","129908623"
"chr6","34214208","34214434","chr16","9675962","9676190","38","24538246"
"chr6","34215331","34215417","chr1","130874680","130874773","18","96659349"
"chr6","34217470","34217774","chr10","84927047","84927347","36","50709577"
"chr6","34236437","34236747","chr14","18780037","18780345","35","15456400"
"chr6","34236913","34237229","chr14","5351817","5352127","52","28885096"
"chr6","34242838","34243119","chr10","31933982","31934272","37","2308856"
"chr6","34248569","34248871","chr16","10710589","10710878","45","23537980"
"chr6","34259266","34259607","chr5","188620403","188620738","46","154361137"
"chr6","34262049","34262281","chr10","61029967","61030201","33","26767918"
"chr6","34283090","34283365","chr4","34465125","34465400","24","182035"
"chr6","34299440","34299751","chr4","34482347","34482646","36","182907"
"chr6","34319646","34319968","chr2","203073803","203074102","66","168754157"
"chr6","34326419","34326529","chr15","8794424","8794533","14","25531995"
"chr6","34455651","34455947","chr4","34637403","34637704","31","181752"
"chr6","34496398","34496709","chr4","34678572","34678883","14","182174"
"chr6","34522285","34522589","chr12","85405157","85405457","34","50882872"
"chr6","34525339","34525614","chr12","112336857","112337127","41","77811518"
"chr6","34531960","34532267","chr4","34714073","34714389","35","182113"
"chr6","34560689","34560970","chr17","29335507","29335791","29","5225182"
"chr6","34684770","34685077","chr4","34859705","34860016","32","174935"
"chr6","34762408","34762502","chr7","162283431","162283525","12","127521023"
"chr6","34803953","34804243","chr11","111767780","111768072","28","76963827"
"chr6","34828896","34829235","chr6","139613149","139613472","60","104784253"
"chr6","34831576","34831871","chr7","133428761","133429050","45","98597185"
"chr6","34834684","34835000","chr1","86039810","86040105","62","51205126"
"chr6","34836713","34836892","chr2","142834110","142834286","27","107997397"
"chr6","34838178","34838356","chr16","8306350","8306526","25","26531828"
"chr6","34838659","34838804","chr1","12240468","12240612","19","22598191"
"chr6","34844845","34845136","chr19","30048225","30048511","49","4796620"
"chr6","34846244","34846554","chr15","14799703","14800011","51","20046541"
"chr6","34848112","34848419","chr3","43024886","43025192","38","8176774"
"chr6","34856700","34857009","chrX","148191845","148192147","39","113335145"
"chr6","34857021","34857316","chr19","20676318","20676616","34","14180703"
"chr6","34861654","34861846","chr19","44155223","44155414","32","9293569"
"chr6","34892886","34893022","chr5","26036396","26036529","17","8856490"
"chr6","34894568","34894581","chr3","121688384","121688394","3","86793816"
"chr6","34894610","34894707","chr6","153041944","153042033","21","118147334"
"chr6","34905936","34906235","chr4","35085352","35085651","30","179416"
"chr6","34923848","34924138","chr4","35108931","35109213","31","185083"
"chr6","34928219","34928539","chr4","35113264","35113585","22","185045"
"chr6","34929689","34929979","chr4","35115048","35115339","29","185359"
"chr6","34930090","34930393","chr14","100441445","100441748","36","65511355"
"chr6","34934826","34934983","chr4","4726770","4726935","27","30208056"
"chr6","34938387","34938678","chr16","10710589","10710878","36","24227798"
"chr6","34939565","34939857","chr4","35130607","35130901","31","191042"
"chr6","34972339","34972621","chr9","127619426","127619714","37","92647087"
"chr6","34976707","34977004","chr4","35169569","35169869","29","192862"
"chr6","34984133","34984451","chr4","35179381","35179695","30","195248"
"chr6","34985387","34985692","chr4","35180915","35181228","34","195528"
"chr6","34992257","34992541","chr4","35187734","35188022","29","195477"
"chr6","34995174","34995469","chr4","35190637","35190936","30","195463"
"chr6","35036613","35036899","chr9","12622765","12623053","40","22413848"
"chr6","35041351","35041656","chr16","5048763","5049058","39","29992588"
"chr6","35045275","35045584","chrX","23558557","23558868","41","11486718"
"chr6","35065125","35065434","chr5","97614678","97614986","39","62549553"
"chr6","35073439","35073739","chr11","47525504","47525800","40","12452065"
"chr6","35074999","35075313","chr8","104211709","104212018","38","69136710"
"chr6","35075948","35076019","chr6","170580976","170581050","9","135505028"
"chr6","35093203","35093337","chr10","38983120","38983255","16","3889917"
"chr6","35095700","35096001","chr4","35300411","35300710","21","204711"
"chr6","35098112","35098422","chr11","123974368","123974674","47","88876256"
"chr6","35100764","35101066","chr4","35306410","35306701","35","205646"
"chr6","35101632","35101938","chr1","24958303","24958609","39","10143329"
"chr6","35104188","35104484","chrX","8591299","8591598","33","26512889"
"chr6","35106887","35107163","chrX","16786018","16786300","35","18320869"
"chr6","35110897","35111096","chr13","64990371","64990560","36","29879474"
"chr6","35112115","35112480","chr6","77942874","77943214","64","42830759"
"chr6","35121883","35122181","chr14","124293090","124293393","35","89171207"
"chr6","35140135","35140432","chr20","56789030","56789326","33","21648895"
"chr6","35160896","35161194","chr4","35365914","35366209","29","205018"
"chr6","35243439","35243751","chr11","50569364","50569671","36","15325925"
"chr6","35261603","35261846","chr4","36944398","36944643","36","1682795"
"chr6","35281546","35281848","chr4","35483476","35483778","25","201930"
"chr6","35285936","35286234","chr4","35488207","35488500","26","202271"
"chr6","35303880","35304161","chr4","35506877","35507160","22","202997"
"chr6","35313811","35313946","chr12","121124958","121125092","13","85811147"
"chr6","35325642","35325935","chr5","7030781","7031082","35","28294861"
"chr6","35339593","35339887","chr4","35544102","35544395","22","204509"
"chr6","35342546","35342841","chr1","220883377","220883674","38","185540831"
"chr6","35352373","35352656","chr4","35558733","35559022","31","206360"
"chr6","35365422","35365634","chr8","64758477","64758689","27","29393055"
"chr6","35366304","35366588","chr4","35576808","35577101","27","210504"
"chr6","35373314","35373610","chr4","35582259","35582553","22","208945"
"chr6","35379798","35379958","chr1","89718597","89718758","21","54338799"
"chr6","35380260","35380403","chr8","53859534","53859678","13","18479274"
"chr6","35388880","35389160","chr3","114180244","114180517","39","78791364"
"chr6","35399336","35399630","chr4","35606798","35607100","29","207462"
"chr6","35403046","35403186","chr18","719108","719252","21","34683938"
"chr6","35414509","35414755","chr10","92514864","92515112","29","57100355"
"chr6","35424472","35424731","chr11","88915821","88916096","59","53491349"
"chr6","35428432","35428721","chr7","41780061","41780354","33","6351629"
"chr6","35432253","35432562","chr4","35649254","35649552","32","217001"
"chr6","35438069","35438336","chr16","45443087","45443353","34","10005018"
"chr6","35443662","35443956","chr1","64584409","64584705","34","29140747"
"chr6","35445390","35445704","chr4","35657240","35657553","27","211850"
"chr6","35450495","35450786","chr4","35662744","35663043","27","212249"
"chr6","35455634","35455841","chr2","204638025","204638229","38","169182391"
"chr6","35477408","35477709","chr4","35691035","35691343","33","213627"
"chr6","35485730","35485943","chr14","111685372","111685596","44","76199642"
"chr6","35541088","35541395","chr4","35754249","35754554","24","213161"
"chr6","35554061","35554341","chr3","22152420","22152710","48","13401641"
"chr6","35554961","35555264","chr4","35768799","35769101","22","213838"
"chr6","35574249","35574550","chr4","35789039","35789335","32","214790"
"chr6","35603916","35604227","chr14","51659905","51660215","37","16055989"
"chr6","35610654","35610959","chr4","35823431","35823739","32","212777"
"chr6","35620793","35621103","chr4","35833523","35833832","28","212730"
"chr6","35634989","35635249","chr13","10129007","10129278","35","25505982"
"chr6","35680818","35681122","chr6","49699191","49699492","35","14018373"
"chr6","35727062","35727378","chr16","33039202","33039512","44","2687860"
"chr6","35759449","35759742","chr4","36006399","36006710","35","246950"
"chr6","35783653","35783955","chr3","39961550","39961850","44","4177897"
"chr6","35790014","35790319","chr1","23689242","23689547","38","12100772"
"chr6","35797041","35797323","chr1","161450506","161450791","33","125653465"
"chr6","35909338","35909641","chr3","39138100","39138404","36","3228762"
"chr6","35912605","35912903","chr4","36161807","36162108","24","249202"
"chr6","35931895","35931959","chr4","1239491","1239546","13","34692404"
"chr6","35942384","35942695","chr4","36190174","36190490","38","247790"
"chr6","35965880","35966174","chr11","117132438","117132733","41","81166558"
"chr6","36007489","36007795","chr20","42446599","42446906","39","6439110"
"chr6","36021230","36021494","chr4","36275544","36275810","25","254314"
"chr6","36048479","36048759","chr1","42653706","42653991","37","6605227"
"chr6","36058583","36058858","chr7","95094799","95095081","44","59036216"
"chr6","36067144","36067437","chr20","56789030","56789326","40","20721886"
"chr6","36074306","36074604","chr3","40834612","40834911","36","4760306"
"chr6","36083699","36084016","chr11","100021775","100022089","48","63938076"
"chr6","36091076","36091362","chr4","36347805","36348102","32","256729"
"chr6","36102720","36103051","chr19","34709801","34710132","60","1392919"
"chr6","36115394","36115701","chr7","122016416","122016713","35","85901022"
"chr6","36118885","36119175","chr18","60459178","60459462","40","24340293"
"chr6","36120801","36121070","chr7","31691672","31691951","48","4429129"
"chr6","36125427","36125568","chr1","160403053","160403201","30","124277626"
"chr6","36158247","36158550","chr10","20930867","20931165","40","15227380"
"chr6","36301669","36301980","chr4","36450620","36450930","26","148951"
"chr6","36308858","36309138","chr7","31825261","31825546","46","4483597"
"chr6","36316476","36316771","chr4","36466464","36466771","33","149988"
"chr6","36337484","36337781","chr4","36486327","36486617","31","148843"
"chr6","36345707","36346000","chr2","187558684","187558980","33","151212977"
"chr6","36362796","36363085","chr4","36512167","36512447","32","149371"
"chr6","36376605","36376861","chr4","36526932","36527196","25","150327"
"chr6","36380515","36380816","chr4","36530824","36531122","28","150309"
"chr6","36383185","36383478","chrX","52560249","52560544","38","16177064"
"chr6","36388833","36388974","chr20","27420358","27420501","27","8968475"
"chr6","36393081","36393380","chr4","36543234","36543540","30","150153"
"chr6","36448189","36448499","chr4","36602061","36602371","25","153872"
"chr6","36456570","36456864","chr8","81972131","81972434","33","45515561"
"chr6","36457449","36457690","chr9","72730444","72730684","31","36272995"
"chr6","36463728","36464020","chr20","53325602","53325897","32","16861874"
"chr6","36464116","36464299","chr2","203146906","203147087","31","166682790"
"chr6","36464639","36464950","chr14","18780037","18780345","32","17684602"
"chr6","36465486","36465630","chr6","177341736","177341880","27","140876250"
"chr6","36471574","36471863","chr4","36624729","36625018","20","153155"
"chr6","36477563","36477699","chr15","17851239","17851374","8","18626324"
"chr6","36478660","36478907","chr1","52312217","52312470","40","15833557"
"chr6","36494225","36494533","chr1","153252516","153252827","34","116758291"
"chr6","36496688","36496997","chr4","36649393","36649690","44","152705"
"chr6","36509675","36509972","chr4","36663074","36663381","35","153399"
"chr6","36530870","36531183","chr10","87498791","87499100","40","50967921"
"chr6","36537660","36537843","chr19","34961037","34961203","43","1576623"
"chr6","36542377","36542679","chr8","5577075","5577373","40","30965302"
"chr6","36547636","36547808","chr19","30244151","30244322","21","6303485"
"chr6","36550282","36550581","chr3","75094281","75094575","44","38543999"
"chr6","36553913","36554204","chr1","17956360","17956650","30","18597553"
"chr6","36556082","36556571","chr3","44294310","44294680","182","7738228"
"chr6","36586075","36586335","chr3","155645632","155645891","28","119059557"
"chr6","36589146","36589308","chr6","58863249","58863409","26","22274103"
"chr6","36613377","36613669","chr4","36776585","36776869","40","163208"
"chr6","36652002","36652312","chr7","113559810","113560113","34","76907808"
"chr6","36661344","36661637","chr3","36442876","36443174","38","218468"
"chr6","36665685","36665973","chr6","16702556","16702850","36","19963129"
"chr6","36675962","36676271","chr16","45595072","45595379","36","8919110"
"chr6","36690034","36690308","chr4","36857595","36857875","28","167561"
"chr6","36695198","36695332","chr8","123017819","123017950","15","86322621"
"chr6","36695584","36695775","chr3","46654662","46654857","32","9959078"
"chr6","36710594","36710900","chr7","113559810","113560113","37","76849216"
"chr6","36719746","36720039","chr1","25647657","25647947","36","11072089"
"chr6","36720353","36720533","chr4","36887162","36887341","18","166809"
"chr6","36720643","36720756","chr19","19949995","19950109","12","16770648"
"chr6","36722509","36722817","chr4","36889348","36889647","38","166839"
"chr6","36726735","36726925","chr3","83387872","83388064","34","46661137"
"chr6","36749238","36749529","chr15","83514509","83514787","57","46765271"
"chr6","36751224","36751533","chr4","36917899","36918203","38","166675"
"chr6","36752415","36752709","chr4","36919086","36919393","33","166671"
"chr6","36773975","36774253","chr4","36940497","36940790","32","166522"
"chr6","36782730","36783023","chr7","19502793","19503085","33","17279937"
"chr6","36784027","36784322","chr1","42128893","42129195","37","5344866"
"chr6","36791969","36792265","chr4","36959621","36959928","37","167652"
"chr6","36796493","36796818","chr4","36964087","36964403","22","167594"
"chr6","36822619","36822915","chr4","36989571","36989867","28","166952"
"chr6","36885032","36885323","chr9","61934932","61935229","37","25049900"
"chr6","36889495","36889791","chr14","87507999","87508292","35","50618504"
"chr6","36895102","36895410","chr4","37064292","37064581","38","169190"
"chr6","36911277","36911573","chr4","37079622","37079909","33","168345"
"chr6","36912640","36912733","chr2","202417552","202417644","20","165504912"
"chr6","36912975","36913073","chr17","89042086","89042197","25","52129111"
"chr6","36948219","36948371","chr2","101636903","101637047","23","64688684"
"chr6","37007801","37008092","chr4","37177212","37177509","26","169411"
"chr6","37080314","37080487","chr16","43272620","43272787","24","6192306"
"chr6","37082321","37082603","chr4","37254438","37254730","24","172117"
"chr6","37119509","37119705","chr9","114939608","114939800","32","77820099"
"chr6","37162235","37162530","chr4","27866745","27867040","30","9295490"
"chr6","37169415","37169745","chr10","87498791","87499100","58","50329376"
"chr6","37172524","37172812","chr4","37341316","37341600","28","168792"
"chr6","37178129","37178418","chr4","37346997","37347288","47","168868"
"chr6","37186107","37186259","chr4","37355081","37355233","12","168974"
"chr6","37200420","37200687","chr6","71822729","71823000","41","34622309"
"chr6","37200738","37201023","chr4","37370389","37370667","27","169651"
"chr6","37211668","37211961","chr4","37381590","37381883","25","169922"
"chr6","37215899","37216185","chr4","37383907","37384211","36","168008"
"chr6","37227419","37227715","chr12","65951597","65951896","39","28724178"
"chr6","37234011","37234090","chr5","25768079","25768163","19","11465932"
"chr6","37244282","37244449","chr10","78300000","78300164","20","41055718"
"chr6","37273041","37273354","chr4","37441002","37441310","28","167961"
"chr6","37273922","37274220","chr4","37441868","37442167","19","167946"
"chr6","37275785","37275941","chr1","74610219","74610377","26","37334434"
"chr6","37290557","37290857","chr1","200028486","200028781","35","162737929"
"chr6","37292669","37292782","chr13","86722914","86723028","12","49430245"
"chr6","37293545","37293713","chr3","96122448","96122622","27","58828903"
"chr6","37299734","37300026","chr9","69080095","69080387","40","31780361"
"chr6","37304260","37304547","chr4","37474066","37474363","28","169806"
"chr6","37320273","37320561","chr19","43305109","43305397","34","5984836"
"chr6","37324816","37325112","chr4","37498706","37499001","30","173890"
"chr6","37325833","37325964","chr1","211402555","211402686","15","174076722"
"chr6","37329306","37329615","chr9","96018903","96019206","35","58689597"
"chr6","37331931","37332238","chr1","160634862","160635165","45","123302931"
"chr6","37334962","37335162","chr11","2904691","2904882","36","34430271"
"chr6","37335886","37336189","chr4","37504376","37504673","34","168490"
"chr6","37346268","37346444","chr3","36859317","36859495","24","486951"
"chr6","37348861","37349164","chr4","37515559","37515869","26","166698"
"chr6","37355905","37356201","chr4","37524500","37524801","40","168595"
"chr6","37375130","37375319","chr17","61011127","61011317","24","23635997"
"chr6","37387048","37387182","chr15","17851239","17851374","11","19535809"
"chr6","37387475","37387674","chr16","3387571","3387768","31","33999904"
"chr6","37387698","37387798","chr15","45891839","45891938","18","8504141"
"chr6","37389510","37389800","chr4","37563758","37564034","39","174248"
"chr6","37414340","37414631","chr11","48892425","48892714","33","11478085"
"chr6","37415240","37415548","chr11","33160087","33160395","34","4255153"
"chr6","37420436","37420728","chr4","37595578","37595870","22","175142"
"chr6","37431911","37432050","chr7","16748615","16748755","20","20683296"
"chr6","37434153","37434320","chr4","37610095","37610262","21","175942"
"chr6","37465166","37465500","chr1","219527315","219527649","64","182062149"
"chr6","37468757","37469038","chr12","20454391","20454662","39","17014366"
"chr6","37469874","37470032","chr14","84880122","84880288","25","47410248"
"chr6","37474483","37474793","chr16","60538229","60538539","29","23063746"
"chr6","37482416","37482714","chr4","37658459","37658750","23","176043"
"chr6","37509747","37510056","chrX","23558557","23558868","35","13951190"
"chr6","37517991","37518297","chr4","37695386","37695676","48","177395"
"chr6","37553195","37553506","chr16","19359716","19360027","33","18193479"
"chr6","37553970","37554271","chr16","75181563","75181863","31","37627593"
"chr6","37554930","37555220","chr4","37732155","37732449","27","177225"
"chr6","37569828","37570130","chr4","37744527","37744834","27","174699"
"chr6","37571255","37571554","chr4","37745962","37746261","21","174707"
"chr6","37592268","37592562","chr4","46517171","46517466","38","8924903"
"chr6","37601842","37602154","chr10","37840542","37840858","39","238700"
"chr6","37651205","37651362","chr6","67380227","67380383","23","29729022"
"chr6","37651453","37651608","chr7","5637516","5637665","24","32013937"
"chr6","37691317","37691623","chr1","40610787","40611094","41","2919470"
"chr6","37702917","37703233","chr4","37873328","37873640","33","170411"
"chr6","37706074","37706414","chr9","33248494","33248819","65","4457580"
"chr6","37745555","37745845","chr4","37916781","37917061","27","171226"
"chr6","37760555","37760856","chr4","37931646","37931947","29","171091"
"chr6","37789873","37790175","chr4","37963466","37963753","36","173593"
"chr6","37791897","37792173","chr2","201418236","201418520","32","163626339"
"chr6","37793227","37793526","chr2","57691932","57692233","34","19898705"
"chr6","37804328","37804619","chr9","93839355","93839654","39","56035027"
"chr6","37827090","37827388","chr4","38002266","38002573","30","175176"
"chr6","37837183","37837491","chr1","7944107","7944409","40","29893076"
"chr6","37845170","37845481","chr6","14810213","14810516","39","23034957"
"chr6","37869906","37870217","chr4","38047128","38047441","29","177222"
"chr6","37870434","37870598","chr4","108162884","108163039","27","70292450"
"chr6","37876025","37876308","chr3","124837259","124837546","38","86961234"
"chr6","37885298","37885600","chr4","38064312","38064616","28","179014"
"chr6","37898918","37899036","chr19","34794847","34794966","15","3104071"
"chr6","37902102","37902410","chr15","6872633","6872929","41","31029469"
"chr6","37932199","37932416","chr1","97723066","97723283","27","59790867"
"chr6","37934262","37934339","chr3","123390838","123390916","17","85456576"
"chr6","37934860","37935170","chr10","14149427","14149737","42","23785433"
"chr6","37938129","37938262","chr7","18750820","18750952","19","19187309"
"chr6","37938981","37939178","chr14","18059155","18059360","41","19879826"
"chr6","37947043","37947346","chr4","38130076","38130385","27","183033"
"chr6","37948503","37948810","chr4","38131228","38131530","36","182725"
"chr6","37973031","37973314","chr4","38165005","38165288","21","191974"
"chr6","37974181","37974474","chr4","38166144","38166436","26","191963"
"chr6","37977197","37977491","chr19","44781977","44782268","30","6804780"
"chr6","37979522","37979815","chr14","7643073","7643368","33","30336449"
"chr6","37984075","37984358","chr18","39951140","39951423","36","1967065"
"chr6","37989657","37989949","chrX","52560249","52560544","33","14570592"
"chr6","37994407","37994600","chr7","139255885","139256076","27","101261478"
"chr6","38029860","38030139","chr4","38223643","38223927","36","193783"
"chr6","38031034","38031339","chr4","38224728","38225032","30","193694"
"chr6","38031725","38031980","chr1","52833046","52833304","44","14801321"
"chr6","38040386","38040676","chr4","38232683","38232981","42","192297"
"chr6","38051015","38051177","chr9","60169079","60169227","25","22118064"
"chr6","38077210","38077489","chr4","38270519","38270818","32","193309"
"chr6","38082652","38082936","chr11","55308034","55308328","36","17225382"
"chr6","38101533","38101632","chr1","25185532","25185627","14","12916001"
"chr6","38101634","38101749","chr13","27091966","27092084","16","11009668"
"chr6","38104756","38105051","chr10","59438059","59438353","36","21333303"
"chr6","38132437","38132739","chr1","205869296","205869596","45","167736859"
"chr6","38132744","38133048","chr4","38331435","38331734","30","198691"
"chr6","38135453","38135720","chr7","19077777","19078043","43","19057676"
"chr6","38138870","38139176","chr4","38337245","38337553","32","198375"
"chr6","38167845","38168141","chr4","38365768","38366060","42","197923"
"chr6","38168776","38168993","chr17","14452161","14452382","34","23716615"
"chr6","38169612","38169910","chr4","34085771","34086072","39","4083841"
"chr6","38170023","38170321","chr4","38368621","38368912","35","198598"
"chr6","38172351","38172475","chr2","82491537","82491662","12","44319186"
"chr6","38178227","38178408","chr16","8306350","8306526","34","29871877"
"chr6","38179532","38179832","chr4","38381421","38381715","24","201889"
"chr6","38183594","38183767","chr2","69424628","69424798","25","31241034"
"chr6","38185514","38185813","chr4","38388248","38388560","27","202734"
"chr6","38188843","38189150","chr14","63539987","63540287","42","25351144"
"chr6","38191614","38191905","chr4","38394706","38394992","23","203092"
"chr6","38204565","38204867","chr4","38410015","38410321","29","205450"
"chr6","38214880","38215178","chr4","38420550","38420849","19","205670"
"chr6","38221799","38222087","chr3","36442876","36443174","31","1778923"
"chr6","38225766","38225998","chr11","51640343","51640572","40","13414577"
"chr6","38283046","38283351","chr4","38489448","38489755","29","206402"
"chr6","38297811","38298077","chr4","38503920","38504189","37","206109"
"chr6","38331219","38331519","chr7","18502191","18502489","40","19829028"
"chr6","38362079","38362385","chr6","49699191","49699492","36","11337112"
"chr6","38402155","38402453","chr4","38608964","38609263","25","206809"
"chr6","38415509","38415800","chr4","38622736","38623025","39","207227"
"chr6","38484396","38484679","chr20","53728654","53728935","30","15244258"
"chr6","38491327","38491661","chr3","178868174","178868466","75","140376847"
"chr6","38499748","38500000","chr14","22066932","22067189","28","16432816"
"chr6","38508937","38509240","chr16","54990041","54990342","39","16481104"
"chr6","38519522","38519827","chr4","38729502","38729807","24","209980"
"chr6","38551534","38551635","chr6","36560457","36560560","19","1991077"
"chr6","38554541","38554683","chr4","128650095","128650235","23","90095554"
"chr6","38575554","38575873","chr4","38788914","38789221","40","213360"
"chr6","38583000","38583309","chr4","38797157","38797458","22","214157"
"chr6","38604909","38605143","chr4","38818109","38818342","20","213200"
"chr6","38609007","38609304","chr4","38822380","38822669","33","213373"
"chr6","38622971","38623274","chr4","38837046","38837345","30","214075"
"chr6","38624112","38624407","chr4","38838211","38838497","34","214099"
"chr6","38638843","38639142","chr4","38853698","38854001","25","214855"
"chr6","38645214","38645361","chr15","27117602","27117734","29","11527612"
"chr6","38645499","38645797","chr9","128169152","128169451","39","89523653"
"chr6","38647325","38647621","chr7","65646082","65646382","43","26998757"
"chr6","38662687","38662999","chr2","160501442","160501753","37","121838755"
"chr6","38804531","38804848","chr4","39018273","39018572","40","213742"
"chr6","38814196","38814487","chr14","115306587","115306883","35","76492391"
"chr6","38852773","38853005","chr4","39067053","39067268","30","214280"
"chr6","38857298","38857596","chr4","39071400","39071698","34","214102"
"chr6","38890012","38890322","chr8","131966023","131966329","31","93076011"
"chr6","39001143","39001443","chr14","112526592","112526892","36","73525449"
"chr6","39001500","39001789","chr4","39226918","39227209","30","225418"
"chr6","39002706","39002995","chr9","110633099","110633381","41","71630393"
"chr6","39064376","39064671","chr8","71401820","71402114","35","32337444"
"chr6","39065426","39065731","chr10","1311116","1311421","36","37754310"
"chr6","39067324","39067603","chr4","39285465","39285760","32","218141"
"chr6","39071479","39071733","chr10","26962698","26962954","38","12108781"
"chr6","39083568","39083877","chr6","81388384","81388693","39","42304816"
"chr6","39095467","39095768","chr4","39315613","39315906","31","220146"
"chr6","39131063","39131356","chr8","98890323","98890618","40","59759260"
"chr6","39147047","39147345","chr4","39369091","39369385","29","222044"
"chr6","39178429","39178711","chr7","17193808","17194085","43","21984621"
"chr6","39196428","39196708","chr3","166759859","166760139","30","127563431"
"chr6","39196812","39196958","chr19","17107606","17107740","37","22089206"
"chr6","39220492","39220799","chr7","143758299","143758609","31","104537807"
"chr6","39235172","39235481","chr6","124894516","124894827","55","85659344"
"chr6","39251229","39251528","chr4","39472255","39472559","30","221026"
"chr6","39281013","39281324","chr17","54115386","54115686","44","14834373"
"chr6","39283737","39284030","chr4","39505727","39506024","34","221990"
"chr6","39287831","39288117","chr4","39509751","39510044","37","221920"
"chr6","39305575","39305880","chr14","104135876","104136178","41","64830301"
"chr6","39312986","39313226","chr3","178447357","178447600","41","139134371"
"chr6","39343470","39343772","chr1","42955312","42955611","41","3611842"
"chr6","39411947","39412264","chr4","39634478","39634768","51","222531"
"chr6","39412272","39412575","chr4","39634856","39635158","23","222584"
"chr6","39414051","39414346","chr14","115306587","115306883","39","75892536"
"chr6","39416527","39416830","chrX","23653217","23653516","36","15763310"
"chr6","39424105","39424403","chr4","39645201","39645495","35","221096"
"chr6","39424472","39424777","chr4","39645570","39645867","36","221098"
"chr6","39427533","39427846","chr4","39648080","39648389","31","220547"
"chr6","39429000","39429290","chrX","128951393","128951687","37","89522393"
"chr6","39465491","39465789","chr11","48653505","48653812","46","9188014"
"chr6","39466057","39466196","chr19","17107606","17107740","35","22358451"
"chr6","39475408","39475704","chr2","107035879","107036172","37","67560471"
"chr6","39488972","39489254","chr7","129626140","129626422","36","90137168"
"chr6","39495648","39495958","chr4","39720018","39720323","27","224370"
"chr6","39497989","39498278","chr11","55358468","55358759","41","15860479"
"chr6","39510614","39510922","chr4","39734877","39735181","28","224263"
"chr6","39543470","39543773","chr14","124293090","124293393","37","84749620"
"chr6","39605888","39606037","chr11","121428149","121428299","20","81822261"
"chr6","39606094","39606116","chr6","107309453","107309474","6","67703359"
"chr6","39610739","39611021","chrX","144137348","144137630","38","104526609"
"chr6","39649644","39649957","chr4","39867906","39868224","29","218262"
"chr6","39682345","39682649","chr4","39902879","39903179","22","220534"
"chr6","39703625","39703909","chr1","146257088","146257378","38","106553463"
"chr6","39703939","39703975","chr12","84172517","84172551","10","44468578"
"chr6","39705643","39705756","chr2","165208982","165209094","11","125503339"
"chr6","39717316","39717616","chr14","45585591","45585895","42","5868275"
"chr6","39762575","39762834","chr4","39983107","39983360","29","220532"
"chr6","39774737","39775033","chr4","39993694","39993976","29","218957"
"chr6","39815256","39815404","chr6","60535256","60535411","24","20720000"
"chr6","39870525","39870812","chr4","40089955","40090244","28","219430"
"chr6","39895951","39896252","chr4","40116929","40117227","26","220978"
"chr6","39917925","39918233","chr4","30787972","30788279","42","9129953"
"chr6","39957118","39957413","chr4","40180410","40180715","34","223292"
"chr6","39971253","39971557","chr1","24173970","24174272","33","15797283"
"chr6","39978799","39979097","chr4","40201507","40201812","33","222708"
"chr6","39985969","39986282","chr4","40209071","40209377","38","223102"
"chr6","40000101","40000395","chr16","48001050","48001345","33","8000949"
"chr6","40002891","40003117","chr16","9675962","9676190","38","30326929"
"chr6","40005983","40006287","chr1","125348377","125348684","38","85342394"
"chr6","40148931","40149081","chr4","44130284","44130433","16","3981353"
"chr6","40155338","40155630","chr3","142535374","142535669","16","102380036"
"chr6","40171625","40171935","chr1","42128893","42129195","42","1957268"
"chr6","40175934","40176223","chr17","8182942","8183226","39","31992992"
"chr6","40205738","40206038","chr4","40248249","40248550","27","42511"
"chr6","40253318","40253611","chr4","40296443","40296733","24","43125"
"chr6","40254118","40254412","chr4","40297222","40297520","23","43104"
"chr6","40259152","40259447","chr14","7643073","7643368","39","32616079"
"chr6","40332126","40332457","chr4","40375216","40375528","44","43090"
"chr6","40476300","40476606","chr3","72177549","72177857","50","31701249"
"chr6","40588694","40589000","chr4","40646754","40647068","37","58060"
"chr6","40591870","40592147","chr4","40649944","40650221","27","58074"
"chr6","40595482","40595781","chr4","40297222","40297520","37","298260"
"chr6","40710761","40711063","chr7","113559810","113560113","32","72849049"
"chr6","40717924","40718196","chr8","142242840","142243113","38","101524916"
"chr6","40789715","40790005","chrX","117583143","117583421","45","76793428"
"chr6","40861057","40861365","chr2","90065690","90065980","52","49204633"
"chr6","40863001","40863306","chr4","40909059","40909367","35","46058"
"chr6","40884796","40885087","chr4","40931196","40931498","32","46400"
"chr6","40886713","40886866","chr8","121647041","121647195","19","80760328"
"chr6","41028896","41029036","chr7","68811834","68811979","25","27782938"
"chr6","41208382","41208645","chr9","120841092","120841349","49","79632710"
"chr6","41306180","41306489","chr16","62419241","62419552","31","21113061"
"chr6","41325444","41325745","chrX","40395926","40396225","35","929518"
"chr6","41371760","41372076","chr4","41433493","41433803","43","61733"
"chr6","41404426","41404732","chr4","41466297","41466599","21","61871"
"chr6","41405725","41406033","chr4","41467596","41467901","30","61871"
"chr6","41439807","41440113","chr4","41501877","41502183","36","62070"
"chr6","41714889","41715199","chr3","154966558","154966863","36","113251669"
"chr6","41834636","41834937","chr4","41890915","41891219","25","56279"
"chr6","41837342","41837648","chr6","129934590","129934892","33","88097248"
"chr6","41889812","41890102","chr4","29134006","29134305","52","12755806"
"chr6","41926612","41926846","chr19","34537638","34537863","37","7388974"
"chr6","41990346","41990651","chrX","47581011","47581317","31","5590665"
"chr6","42016432","42016720","chr20","56831413","56831703","40","14814981"
"chr6","42032186","42032489","chr4","42098383","42098685","25","66197"
"chr6","42054371","42054681","chr4","42127186","42127500","34","72815"
"chr6","42065629","42065916","chr4","42138495","42138795","26","72866"
"chr6","42110791","42110865","chr6","2292999","2293072","19","39817792"
"chr6","42145758","42146065","chr4","42221871","42222182","35","76113"
"chr6","42159634","42159959","chr5","185250267","185250587","40","143090633"
"chr6","42178822","42179101","chr6","175025449","175025731","40","132846627"
"chr6","42201027","42201198","chr19","3064186","3064354","19","39136841"
"chr6","42216346","42216640","chr4","42291896","42292190","30","75550"
"chr6","42277608","42277921","chr3","42848661","42848971","33","571053"
"chr6","42296223","42296329","chr9","29251294","29251402","18","13044929"
"chr6","42298999","42299308","chr4","42375703","42376014","34","76704"
"chr6","42328846","42329153","chr4","42406073","42406382","28","77227"
"chr6","42334991","42335286","chr4","42412005","42412300","20","77014"
"chr6","42343341","42343640","chr4","42419821","42420131","26","76480"
"chr6","42352405","42352578","chr2","51361305","51361475","30","9008900"
"chr6","42373211","42373446","chr10","71029959","71030194","39","28656748"
"chr6","42390018","42390355","chr4","42467447","42467758","45","77429"
"chr6","42426972","42427270","chr4","42505549","42505846","23","78577"
"chr6","42500389","42500698","chr3","124802357","124802679","45","82301968"
"chr6","42505542","42505827","chr15","79894939","79895223","33","37389397"
"chr6","42523559","42523858","chr4","42598342","42598634","32","74783"
"chr6","42541360","42541663","chr1","130956850","130957148","38","88415490"
"chr6","42605875","42606176","chr14","15756054","15756351","28","26849821"
"chr6","42612491","42612771","chr17","1021940","1022220","39","41590551"
"chr6","42616460","42616634","chr20","59426524","59426698","31","16810064"
"chr6","42631361","42631645","chr1","94799033","94799312","36","52167672"
"chr6","42647053","42647358","chr4","42722856","42723163","32","75803"
"chr6","42653363","42653663","chr16","19359716","19360027","44","23293647"
"chr6","42665988","42666296","chr4","42742228","42742538","28","76240"
"chr6","42692003","42692015","chr2","30474637","30474647","2","12217366"
"chr6","42693464","42693770","chr4","42770489","42770794","24","77025"
"chr6","42696165","42696458","chr16","48001050","48001345","40","5304885"
"chr6","42697527","42697601","chr10","77370582","77370658","20","34673055"
"chr6","42698839","42698943","chr16","58362068","58362169","19","15663229"
"chr6","42698970","42699287","chrX","23558557","23558868","42","19140413"
"chr6","42719336","42719627","chr4","42796988","42797296","38","77652"
"chr6","42719774","42719914","chr11","123210455","123210587","21","80490681"
"chr6","42730178","42730476","chr4","42803655","42803959","33","73477"
"chr6","42737083","42737380","chr4","42811722","42812021","26","74639"
"chr6","42740568","42740905","chr6","14594549","14594878","65","28146019"
"chr6","42741799","42742110","chr4","42816829","42817134","24","75030"
"chr6","42747351","42747667","chr4","3778842","3779148","49","38968509"
"chr6","42748374","42748666","chr4","42823211","42823505","22","74837"
"chr6","42750931","42751233","chr20","40643849","40644146","28","2107082"
"chr6","42755381","42755690","chr4","42830790","42831096","30","75409"
"chr6","42783545","42783742","chr15","10815071","10815270","30","31968474"
"chr6","42787513","42787812","chr4","42866465","42866759","21","78952"
"chr6","42796783","42797075","chr7","10974680","10974971","30","31822103"
"chr6","42808608","42808911","chr14","104880378","104880684","38","62071770"
"chr6","42811329","42811462","chr11","122217949","122218082","13","79406620"
"chr6","42814533","42814798","chr4","42895904","42896169","22","81371"
"chr6","42818982","42819278","chr20","21484702","21484998","38","21334280"
"chr6","42819405","42819719","chr4","42900761","42901064","33","81356"
"chr6","42835710","42835994","chr7","37832095","37832384","35","5003615"
"chr6","42844073","42844171","chr3","151235850","151235951","12","108391777"
"chr6","42844983","42845278","chr2","69273471","69273769","31","26428488"
"chr6","42851830","42852017","chr11","2904691","2904882","30","39947139"
"chr6","42854031","42854335","chr4","42945067","42945371","24","91036"
"chr6","42857011","42857320","chr4","42949581","42949887","22","92570"
"chr6","42859181","42859478","chr6","44313901","44314193","32","1454720"
"chr6","42861142","42861203","chr1","11858190","11858250","12","31002952"
"chr6","42861974","42862149","chr16","75148418","75148588","28","32286444"
"chr6","42864635","42864933","chr4","42960960","42961258","23","96325"
"chr6","42879410","42879532","chr6","76961115","76961239","15","34081705"
"chr6","42881980","42882280","chr8","43050208","43050509","30","168228"
"chr6","42893756","42893919","chr16","72372566","72372734","26","29478810"
"chr6","42897185","42897492","chr6","171020139","171020450","38","128122954"
"chr6","42906740","42906871","chr4","115848594","115848725","19","72941854"
"chr6","42906878","42907191","chr4","43004872","43005185","29","97994"
"chr6","42915264","42915549","chr7","3026630","3026916","41","39888634"
"chr6","42931664","42931925","chr1","139650554","139650817","27","96718890"
"chr6","42934926","42935215","chr4","120934162","120934451","30","77999236"
"chr6","42940718","42941014","chr4","43040253","43040545","26","99535"
"chr6","42947709","42948015","chr6","49699191","49699492","32","6751482"
"chr6","42958492","42958718","chr19","10979398","10979617","38","31979094"
"chr6","42963459","42963588","chr16","5178790","5178910","27","37784669"
"chr6","42964042","42964175","chr10","31067832","31067967","15","11896210"
"chr6","42975632","42975963","chr4","43075889","43076200","44","100257"
"chr6","43022238","43022382","chr20","14449417","14449549","55","28572821"
"chr6","43022383","43022649","chr4","43123164","43123440","35","100781"
"chr6","43022650","43022784","chr5","100874529","100874663","17","57851879"
"chr6","43029569","43029871","chr4","43130367","43130677","30","100798"
"chr6","43037882","43037970","chr5","25768079","25768163","20","17269803"
"chr6","43069815","43070126","chr7","143758299","143758609","33","100688484"
"chr6","43071034","43071318","chr15","40988593","40988874","46","2082441"
"chr6","43098253","43098546","chr4","43207585","43207862","34","109332"
"chr6","43107270","43107407","chr14","70285357","70285492","12","27178087"
"chr6","43107479","43107678","chr11","2904691","2904882","42","40202788"
"chr6","43143098","43143395","chr4","43253932","43254218","23","110834"
"chr6","43185348","43185653","chr4","43294309","43294593","40","108961"
"chr6","43215249","43215574","chr1","154845026","154845335","53","111629777"
"chr6","43219199","43219495","chr4","43328634","43328930","25","109435"
"chr6","43235517","43235812","chr16","74240002","74240299","33","31004485"
"chr6","43260512","43260645","chr7","137660344","137660478","12","94399832"
"chr6","43260942","43261182","chr4","34205517","34205746","59","9055425"
"chr6","43261744","43262038","chr9","14885273","14885568","47","28376471"
"chr6","43264133","43264428","chr6","149667107","149667399","38","106402974"
"chr6","43273337","43273456","chr1","23525204","23525331","25","19748133"
"chr6","43273566","43273734","chr18","20451937","20452103","29","22821629"
"chr6","43292769","43293084","chr4","43402960","43403249","49","110191"
"chr6","43295557","43295857","chr11","98294293","98294589","36","54998736"
"chr6","43308769","43309052","chr4","43419739","43420022","20","110970"
"chr6","43317667","43317810","chr16","45212042","45212182","20","1894375"
"chr6","43318323","43318499","chr7","51593052","51593225","25","8274729"
"chr6","43325377","43325686","chr1","222607830","222608142","36","179282453"
"chr6","43332036","43332331","chr4","103031269","103031559","37","59699233"
"chr6","43332928","43333238","chr12","82081123","82081438","43","38748195"
"chr6","43361700","43361999","chr4","43474442","43474749","31","112742"
"chr6","43397268","43397573","chr14","5623089","5623387","35","37774179"
"chr6","43399580","43399892","chr4","35833523","35833832","37","7566057"
"chr6","43446521","43446865","chr7","31856796","31857127","68","11589725"
"chr6","43451544","43451846","chr4","43567061","43567363","28","115517"
"chr6","43456638","43456908","chr3","8731849","8732114","43","34724789"
"chr6","43457864","43458123","chr3","10888075","10888350","44","32569789"
"chr6","43463927","43464100","chr19","12924575","12924752","34","30539352"
"chr6","43471900","43472193","chr2","40749202","40749497","31","2722698"
"chr6","43498998","43499288","chr4","43614486","43614777","27","115488"
"chr6","43505573","43505836","chr19","2388975","2389250","51","41116598"
"chr6","43506878","43507152","chr4","43622274","43622542","35","115396"
"chr6","43524903","43525143","chr4","43640551","43640796","21","115648"
"chr6","43526763","43527034","chr4","43642416","43642683","23","115653"
"chr6","43528893","43529198","chr4","43644526","43644822","34","115633"
"chr6","43537086","43537377","chr2","46835634","46835924","44","3298548"
"chr6","43546297","43546427","chr19","7217178","7217308","8","36329119"
"chr6","43548203","43548356","chr18","719108","719252","27","42829095"
"chr6","43553365","43553615","chr5","38919001","38919242","47","4634364"
"chr6","43554002","43554298","chr15","41575684","41575981","42","1978318"
"chr6","43557595","43557887","chr11","67627657","67627948","39","24070062"
"chr6","43558877","43559039","chr20","28699737","28699900","24","14859140"
"chr6","43561236","43561540","chr4","43678448","43678758","30","117212"
"chr6","43573251","43573560","chr4","43689002","43689312","23","115751"
"chr6","43597748","43597865","chrX","95559538","95559654","10","51961790"
"chr6","43608736","43608896","chr14","12217087","12217250","30","31391649"
"chr6","43618149","43618368","chr2","51196499","51196724","32","7578350"
"chr6","43619388","43619677","chr4","43735214","43735510","27","115826"
"chr6","43622862","43623188","chrX","44430904","44431208","77","808042"
"chr6","43625390","43625696","chr19","29386021","29386328","40","14239369"
"chr6","43628766","43629064","chrX","40673024","40673315","38","2955742"
"chr6","43630405","43630565","chr19","3064186","3064354","30","40566219"
"chr6","43638366","43638651","chr3","41137984","41138279","44","2500382"
"chr6","43639360","43639642","chr4","43753070","43753366","25","113710"
"chr6","43641573","43641850","chr2","122802877","122803152","34","79161304"
"chr6","43647089","43647347","chr4","43762132","43762396","28","115043"
"chr6","43652499","43652696","chrX","147566710","147566912","34","103914211"
"chr6","43653005","43653109","chr1","212121416","212121513","18","168468411"
"chr6","43682975","43683274","chr4","43799204","43799496","30","116229"
"chr6","43685149","43685309","chrX","557444","557611","30","43127705"
"chr6","43694960","43695271","chr4","43811571","43811880","34","116611"
"chr6","43711770","43712065","chr3","142401629","142401924","36","98689859"
"chr6","43720657","43720959","chr7","113559810","113560113","28","69839153"
"chr6","43722477","43722779","chr8","92763492","92763793","38","49041015"
"chr6","43724514","43724759","chr4","43844967","43845210","22","120453"
"chr6","43731015","43731182","chr20","59426524","59426698","32","15695509"
"chr6","43737237","43737491","chr3","71773136","71773390","30","28035899"
"chr6","43746093","43746340","chr4","115577265","115577514","39","71831172"
"chr6","43748064","43748198","chr10","71389735","71389870","13","27641671"
"chr6","43748199","43748398","chr1","126029031","126029227","31","82280832"
"chr6","43748725","43748812","chr4","119411487","119411572","12","75662762"
"chr6","43755979","43756288","chr4","43880284","43880573","41","124305"
"chr6","43761162","43761358","chr3","12719728","12719927","28","31041434"
"chr6","43763207","43763307","chr3","63788084","63788182","16","20024877"
"chr6","43763310","43763428","chr19","13117000","13117113","15","30646310"
"chr6","43764719","43765028","chrX","114199346","114199650","32","70434627"
"chr6","43765954","43766188","chr16","9675962","9676190","38","34089992"
"chr6","43767073","43767368","chr4","43891670","43891972","30","124597"
"chr6","43775433","43775556","chr8","874222","874344","16","42901211"
"chr6","43775821","43775925","chr3","3847698","3847802","13","39928123"
"chr6","43805710","43806009","chr4","43931521","43931819","34","125811"
"chr6","43815138","43815325","chr1","5531144","5531338","31","38283994"
"chr6","43825552","43825845","chr5","93179263","93179563","39","49353711"
"chr6","43829709","43829978","chr4","43956099","43956371","23","126390"
"chr6","43830726","43831019","chr4","43956945","43957241","26","126219"
"chr6","43832796","43833017","chr6","56511093","56511315","33","12678297"
"chr6","43837913","43838104","chr4","43967056","43967247","20","129143"
"chr6","43841305","43841404","chr4","43968649","43968748","7","127344"
"chr6","43859279","43859330","chr3","50347199","50347247","11","6487920"
"chr6","43863466","43863633","chr14","118920793","118920963","22","75057327"
"chr6","43863725","43864014","chr16","42446845","42447142","53","1416880"
"chr6","43880307","43880404","chr12","117871430","117871525","10","73991123"
"chr6","43880816","43881007","chr1","20997684","20997875","32","22883132"
"chr6","43881538","43881794","chr4","44011324","44011605","36","129786"
"chr6","43912883","43913177","chr6","44313901","44314193","31","401018"
"chr6","43915438","43915672","chr4","34413991","34414221","35","9501447"
"chr6","43916993","43917089","chr10","36848738","36848833","5","7068255"
"chr6","43929614","43929920","chr4","44057583","44057882","35","127969"
"chr6","43954497","43954779","chr4","44085213","44085517","40","130716"
"chr6","43954815","43954837","chr1","146002504","146002526","3","102047689"
"chr6","43966780","43967079","chr14","15756054","15756351","29","28210726"
"chr6","43967509","43967816","chr14","104880378","104880684","37","60912869"
"chr6","43977982","43978294","chr4","44108691","44109005","41","130709"
"chr6","43986618","43986724","chr10","36848738","36848833","23","7137880"
"chr6","43988913","43989037","chr4","44119670","44119795","8","130757"
"chr6","43989439","43989616","chr4","44120193","44120363","23","130754"
"chr6","43998186","43998333","chr4","44129939","44130089","11","131753"
"chr6","43998488","43998637","chr4","44130284","44130433","7","131796"
"chr6","44008429","44008727","chr4","44140247","44140529","34","131818"
"chr6","44014348","44014651","chr4","44145750","44146045","32","131402"
"chr6","44036279","44036431","chr8","32671604","32671750","29","11364675"
"chr6","44052426","44052718","chr4","44184469","44184776","42","132043"
"chr6","44078906","44079065","chr3","32667940","32668109","31","11410966"
"chr6","44080141","44080428","chr4","44213028","44213315","23","132887"
"chr6","44090916","44091213","chr15","38531320","38531607","48","5559596"
"chr6","44092210","44092464","chr4","44224984","44225236","27","132774"
"chr6","44093562","44093871","chr4","44226334","44226653","31","132772"
"chr6","44096702","44097004","chr4","44230814","44231111","28","134112"
"chr6","44113877","44114178","chr2","109878886","109879197","38","65765009"
"chr6","44119112","44119265","chr3","169150688","169150844","37","125031576"
"chr6","44146120","44146424","chr4","44282983","44283276","37","136863"
"chr6","44148690","44148989","chr4","44285534","44285810","33","136844"
"chr6","44193598","44193903","chr19","34682388","34682692","33","9511210"
"chr6","44229654","44229921","chr19","32542601","32542880","48","11687053"
"chr6","44233717","44234026","chr4","44408260","44408557","33","174543"
"chr6","44242310","44242686","chrX","830255","830597","98","43412055"
"chr6","44259388","44259666","chr4","15383771","15384051","32","28875617"
"chr6","44270118","44270400","chr3","164558229","164558511","35","120288111"
"chr6","44289967","44290140","chr3","87852891","87853064","16","43562924"
"chr6","44292362","44292657","chr14","13180382","13180677","43","31111980"
"chr6","44304622","44304834","chr16","67764130","67764338","25","23459508"
"chr6","44307048","44307359","chr4","44491130","44491439","40","184082"
"chr6","44313286","44313395","chr1","26852897","26853011","26","17460389"
"chr6","44314138","44314250","chr9","112128434","112128552","21","67814296"
"chr6","44318907","44319201","chr4","44504018","44504312","28","185111"
"chr6","44339770","44340047","chr4","44525918","44526195","26","186148"
"chr6","44341428","44341586","chr3","55291527","55291698","44","10950099"
"chr6","44348122","44348421","chr4","44531735","44532035","21","183613"
"chr6","44348531","44348829","chr2","187558684","187558980","37","143210153"
"chr6","44353721","44354051","chr4","44536067","44536377","58","182346"
"chr6","44354101","44354410","chr6","21858143","21858454","41","22495958"
"chr6","44358446","44358657","chr7","77300681","77300892","34","32942235"
"chr6","44369211","44369514","chr4","44552783","44553080","40","183572"
"chr6","44417373","44417660","chr3","165332839","165333127","32","120915466"
"chr6","44422861","44423204","chr8","122368513","122368831","91","77945652"
"chr6","44431772","44432069","chr4","44616023","44616319","20","184251"
"chr6","44437919","44438069","chr20","65902013","65902162","24","21464094"
"chr6","44440349","44440658","chr4","44624151","44624456","34","183802"
"chr6","44443883","44444185","chr4","44627889","44628189","25","184006"
"chr6","44446439","44446731","chr4","44630427","44630720","25","183988"
"chr6","44447806","44448103","chr4","44631772","44632076","37","183966"
"chr6","44448493","44448696","chr4","44632776","44632979","16","184283"
"chr6","44448697","44448789","chr1","161410047","161410127","24","116961350"
"chr6","44456010","44456292","chr7","35634814","35635090","37","8821196"
"chr6","44458603","44458923","chr4","44644246","44644573","31","185643"
"chr6","44477010","44477314","chr4","44662689","44662996","31","185679"
"chr6","44478513","44478813","chr5","137171430","137171722","47","92692917"
"chr6","44490416","44490487","chr1","22614119","22614189","6","21876297"
"chr6","44495218","44495506","chr20","56831413","56831703","44","12336195"
"chr6","44510548","44510857","chr4","44696544","44696837","35","185996"
"chr6","44512054","44512079","chr2","104194065","104194086","13","59682011"
"chr6","44512880","44513109","chr17","14452161","14452382","40","30060719"
"chr6","44517519","44517693","chr10","25188805","25188968","26","19328714"
"chr6","44521156","44521280","chr1","162948066","162948191","16","118426910"
"chr6","44521594","44521778","chr1","89718597","89718758","40","45197003"
"chr6","44522873","44523076","chr7","95222121","95222323","38","50699248"
"chr6","44525321","44525490","chr13","43141862","43142032","23","1383459"
"chr6","44534682","44534993","chr4","44722967","44723274","21","188285"
"chr6","44540948","44541255","chr4","44730000","44730306","25","189052"
"chr6","44542781","44543085","chr13","39986756","39987062","36","4556025"
"chr6","44546356","44546587","chr4","44735403","44735632","21","189047"
"chr6","44580629","44580828","chr3","92539761","92539958","29","47959132"
"chr6","44585127","44585435","chr6","73393768","73394067","40","28808641"
"chr6","44588617","44588919","chr4","44781474","44781767","50","192857"
"chr6","44592256","44592566","chr4","44785046","44785353","32","192790"
"chr6","44614874","44615166","chr4","44807978","44808271","26","193104"
"chr6","44631285","44631545","chr4","44871414","44871666","25","240129"
"chr6","44644029","44644315","chr4","44884241","44884522","24","240212"
"chr6","44667802","44668099","chr4","44908242","44908540","28","240440"
"chr6","44668820","44669119","chr1","9601563","9601859","37","35067257"
"chr6","44724105","44724213","chr12","100721811","100721919","13","55997706"
"chr6","44769624","44769885","chr7","43986491","43986748","37","783133"
"chr6","44785848","44786154","chr4","45032752","45033068","32","246904"
"chr6","44788448","44788739","chr10","36159633","36159924","35","8628815"
"chr6","44894841","44895133","chr4","45140014","45140304","18","245173"
"chr6","44973341","44973634","chr4","45218908","45219199","36","245567"
"chr6","44984671","44984980","chr3","48243681","48243991","40","3259010"
"chr6","45003229","45003525","chr11","110573347","110573643","39","65570118"
"chr6","45019207","45019520","chr4","45267062","45267373","26","247855"
"chr6","45026661","45026844","chr11","62490821","62491000","33","17464160"
"chr6","45027654","45027954","chr4","45275897","45276202","25","248243"
"chr6","45042403","45042709","chr16","9197461","9197770","38","35844942"
"chr6","45058683","45058985","chrX","71660674","71660975","39","26601991"
"chr6","45062952","45063236","chr4","45313393","45313679","29","250441"
"chr6","45065134","45065444","chr4","45315557","45315860","34","250423"
"chr6","45070952","45071258","chr6","75775282","75775584","43","30704330"
"chr6","45075870","45076147","chr4","45324605","45324882","23","248735"
"chr6","45083448","45083765","chr19","25432758","25433083","46","19650690"
"chr6","45093047","45093350","chr7","126762899","126763206","40","81669852"
"chr6","45119228","45119528","chr10","80251899","80252198","35","35132671"
"chr6","45159538","45159830","chr4","45408202","45408498","29","248664"
"chr6","45203763","45204081","chr1","41805196","41805511","41","3398567"
"chr6","45204086","45204381","chr4","32751780","32752074","51","12452306"
"chr6","45204885","45205186","chr19","20676318","20676616","39","24528567"
"chr6","45210972","45211143","chr3","32667940","32668109","24","12543032"
"chr6","45214118","45214304","chrX","23681445","23681631","22","21532673"
"chr6","45226765","45227032","chr4","45475366","45475642","34","248601"
"chr6","45243505","45243801","chr9","32114234","32114535","42","13129271"
"chr6","45254155","45254448","chr4","45501742","45502036","35","247587"
"chr6","45270054","45270308","chr3","68240327","68240582","41","22970273"
"chr6","45284211","45284506","chr16","2792881","2793177","29","42491330"
"chr6","45284930","45285244","chr4","45539586","45539900","32","254656"
"chr6","45318127","45318424","chr4","45571885","45572185","28","253758"
"chr6","45327765","45328059","chr4","45581512","45581800","28","253747"
"chr6","45344432","45344735","chr4","45600613","45600916","27","256181"
"chr6","45393714","45393881","chr10","19891580","19891749","20","25502134"
"chr6","45435242","45435540","chr4","45691190","45691496","37","255948"
"chr6","45573485","45573769","chr3","4647021","4647302","39","40926464"
"chr6","45748228","45748533","chr4","45989457","45989771","32","241229"
"chr6","45778064","45778358","chr1","165353981","165354272","38","119575917"
"chr6","45829412","45829582","chr20","59426524","59426698","25","13597112"
"chr6","45829611","45829732","chr16","64036320","64036445","14","18206709"
"chr6","45830720","45830994","chrX","124076108","124076372","46","78245388"
"chr6","45968883","45969185","chr1","53307731","53308037","40","7338848"
"chr6","45972752","45973056","chr4","46218977","46219276","30","246225"
"chr6","45979769","45980060","chr20","13648091","13648387","42","32331678"
"chr6","46007472","46007778","chr6","73393768","73394067","35","27386296"
"chr6","46090189","46090469","chr4","46339306","46339580","32","249117"
"chr6","46157744","46158044","chr8","125815941","125816240","33","79658197"
"chr6","46207655","46207948","chr4","46446507","46446809","37","238852"
"chr6","46225011","46225215","chr2","204638025","204638229","35","158413014"
"chr6","46233899","46234179","chr4","46472522","46472813","36","238623"
"chr6","46264821","46265136","chr16","5128406","5128716","40","41136415"
"chr6","46267952","46268164","chr13","65631366","65631590","63","19363414"
"chr6","46290763","46291057","chr4","46517171","46517466","20","226408"
"chr6","46296297","46296598","chr19","20676318","20676616","36","25619979"
"chr6","46304841","46305076","chr10","79821319","79821555","35","33516478"
"chr6","46335852","46336011","chr16","71840560","71840723","23","25504708"
"chr6","46339744","46339905","chr7","120346484","120346633","26","74006740"
"chr6","46381575","46381868","chr4","46608537","46608838","36","226962"
"chr6","46421646","46421956","chrX","117898772","117899083","32","71477126"
"chr6","46548630","46548878","chr19","43353991","43354220","56","3194639"
"chr6","46551136","46551227","chr20","18199749","18199840","12","28351387"
"chr6","46581822","46582118","chr4","46851376","46851671","31","269554"
"chr6","46752616","46752775","chr14","69005087","69005239","26","22252471"
"chr6","46793843","46794114","chr4","47059973","47060258","37","266130"
"chr6","46930716","46930962","chr1","41861410","41861660","51","5069306"
"chr6","47031430","47031551","chr5","85294060","85294183","15","38262630"
"chr6","47085518","47085815","chr2","18501087","18501383","31","28584431"
"chr6","47110169","47110457","chr9","115113357","115113647","35","68003188"
"chr6","47369434","47369661","chr19","10979398","10979617","42","36390036"
"chr6","47447778","47448044","chr8","72276535","72276800","38","24828757"
"chr6","47456791","47456908","chr1","29437872","29437991","14","18018919"
"chr6","47484797","47484950","chr3","20732648","20732801","24","26752149"
"chr6","47489332","47489642","chr4","47727251","47727557","31","237919"
"chr6","47625065","47625375","chr4","47866377","47866686","31","241312"
"chr6","47652207","47652514","chr7","26853365","26853670","37","20798842"
"chr6","47666910","47667207","chr6","132366343","132366644","38","84699433"
"chr6","47674318","47674627","chr4","47913953","47914262","17","239635"
"chr6","47684557","47684798","chr4","47924160","47924406","32","239603"
"chr6","47710423","47710518","chr5","167556974","167557068","15","119846551"
"chr6","47710519","47710581","chr11","74463624","74463686","11","26753105"
"chr6","47734295","47734589","chr2","109194208","109194506","42","61459913"
"chr6","47741034","47741340","chr20","28261989","28262293","33","19479045"
"chr6","47782293","47782439","chr19","41289079","41289217","20","6493214"
"chr6","47803753","47804040","chr4","48044973","48045265","31","241220"
"chr6","47834424","47834718","chr13","93262937","93263229","50","45428513"
"chr6","47865924","47866222","chr10","81375360","81375650","65","33509436"
"chr6","47888190","47888494","chr4","48127913","48128217","29","239723"
"chr6","47901647","47901933","chr7","77698309","77698596","26","29796662"
"chr6","47918129","47918422","chr4","48157040","48157318","36","238911"
"chr6","47928392","47928685","chr11","117132438","117132733","39","69204046"
"chr6","47942524","47942849","chr7","44336011","44336322","53","3606513"
"chr6","47959454","47959770","chr4","48199291","48199597","48","239837"
"chr6","47977257","47977329","chr7","165702988","165703060","16","117725731"
"chr6","47977496","47977792","chr4","48217649","48217945","39","240153"
"chr6","47987178","47987475","chr4","48227595","48227888","25","240417"
"chr6","48007987","48008255","chr20","23931111","23931379","49","24076876"
"chr6","48068990","48069269","chr1","5852632","5852914","49","42216358"
"chr6","48129672","48129967","chr16","5625017","5625313","39","42504655"
"chr6","48189283","48189557","chr4","48416549","48416805","28","227266"
"chr6","48197425","48197635","chr6","124382423","124382631","32","76184998"
"chr6","48242225","48242533","chr7","46168133","46168442","50","2074092"
"chr6","48261558","48261862","chr4","48490556","48490850","26","228998"
"chr6","48269690","48269990","chr4","48498723","48499018","34","229033"
"chr6","48288167","48288478","chr4","48517302","48517611","26","229135"
"chr6","48289175","48289485","chr4","48518316","48518628","35","229141"
"chr6","48332926","48333232","chr9","38901975","38902276","38","9430951"
"chr6","48351172","48351458","chr2","176640742","176641026","41","128289570"
"chr6","48364296","48364592","chr1","220883377","220883674","31","172519081"
"chr6","48378734","48379027","chr16","5625017","5625313","33","42753717"
"chr6","48389785","48390094","chr1","113316039","113316346","35","64926254"
"chr6","48400235","48400540","chr4","48630195","48630513","42","229960"
"chr6","48539112","48539396","chr4","48773839","48774116","34","234727"
"chr6","48589627","48589936","chr1","131473145","131473453","37","82883518"
"chr6","48684912","48685212","chr4","48917950","48918258","45","233038"
"chr6","48740989","48741293","chr4","48973747","48974053","25","232758"
"chr6","48777962","48778249","chr3","165332839","165333127","35","116554877"
"chr6","48786782","48787071","chr6","120841973","120842265","48","72055191"
"chr6","48811728","48812002","chr2","109352551","109352842","52","60540823"
"chr6","48836624","48836917","chr13","72132953","72133251","43","23296329"
"chr6","48851157","48851450","chr3","43402255","43402549","36","5448902"
"chr6","48937990","48938288","chr1","146189901","146190202","48","97251911"
"chr6","48961337","48961649","chr10","30012985","30013293","43","18948352"
"chr6","49113504","49113816","chr4","49367292","49367610","39","253788"
"chr6","49385337","49385632","chr9","93839355","93839654","38","44454018"
"chr6","49406095","49406408","chr1","65026569","65026883","44","15620474"
"chr6","49446634","49446905","chr4","49690598","49690884","45","243964"
"chr6","49614593","49614884","chr16","2871012","2871300","35","46743581"
"chr6","49635745","49636035","chr4","49863283","49863591","42","227538"
"chr6","49676484","49676763","chr4","49904623","49904903","27","228139"
"chr6","49697014","49697188","chr7","112850596","112850769","35","63153582"
"chr6","50009100","50009397","chr4","50217275","50217569","33","208175"
"chr6","50102708","50103011","chr19","27278812","27279119","39","22823896"
"chr6","50196868","50197003","chr6","177341736","177341880","31","127144868"
"chr6","50217184","50217495","chr3","77608061","77608372","35","27390877"
"chr6","50334676","50334984","chr15","30561481","30561792","34","19773195"
"chr6","50339094","50339256","chr12","15464218","15464383","27","34874876"
"chr6","50340105","50340241","chr15","8538420","8538567","24","41801685"
"chr6","50356039","50356330","chr4","50538025","50538317","22","181986"
"chr6","50367889","50368202","chr4","50549475","50549772","44","181586"
"chr6","50373739","50374021","chr4","35108931","35109213","38","15264808"
"chr6","50391097","50391398","chr4","73784915","73785214","36","23393818"
"chr6","50392159","50392455","chr4","50573060","50573356","25","180901"
"chr6","50393669","50393962","chr4","50574582","50574862","35","180913"
"chr6","50403295","50403604","chr4","50584241","50584548","22","180946"
"chr6","50407599","50407826","chr14","57795412","57795643","49","7387813"
"chr6","50426085","50426372","chr4","50605404","50605688","24","179319"
"chr6","50444404","50444698","chr4","50616503","50616800","27","172099"
"chr6","50451832","50452141","chr18","40215943","40216250","40","10235889"
"chr6","50455515","50455808","chr4","50627754","50628036","32","172239"
"chr6","50471364","50471652","chr4","50642407","50642692","31","171043"
"chr6","50511045","50511360","chr1","14118617","14118931","44","36392428"
"chr6","50573333","50573641","chr8","26764278","26764588","43","23809055"
"chr6","50586169","50586262","chr1","130874680","130874773","9","80288511"
"chr6","50586429","50586719","chr4","50777734","50778031","38","191305"
"chr6","50613268","50613552","chr4","50804879","50805171","40","191611"
"chr6","50747886","50748168","chr4","50937918","50938202","26","190032"
"chr6","50762176","50762469","chr7","169588830","169589125","43","118826654"
"chr6","50820318","50820544","chr4","51003546","51003765","22","183228"
"chr6","50830891","50831183","chr4","51013808","51014106","30","182917"
"chr6","51237341","51237651","chr4","51420906","51421216","35","183565"
"chr6","51428977","51429174","chr7","95222121","95222323","30","43793144"
"chr6","51486872","51487165","chr1","101799784","101800074","44","50312912"
"chr6","51495144","51495451","chr4","51677369","51677668","36","182225"
"chr6","51521622","51521735","chr7","39004539","39004651","15","12517083"
"chr6","51595541","51595851","chr12","110061089","110061395","37","58465548"
"chr6","51676710","51677000","chr4","51861137","51861417","38","184427"
"chr6","51721733","51722022","chr4","51905451","51905755","34","183718"
"chr6","51750363","51750517","chr1","223601810","223601966","27","171851447"
"chr6","51762539","51762702","chr19","16091386","16091542","25","35671153"
"chr6","51864035","51864337","chr4","117903636","117903937","36","66039601"
"chr6","51937494","51937654","chr5","137798578","137798735","29","85861084"
"chr6","52252044","52252353","chr8","28684887","28685195","40","23567157"
"chr6","52257284","52257598","chr4","52415962","52416270","34","158678"
"chr6","52375980","52376287","chr4","52537167","52537477","25","161187"
"chr6","52411153","52411469","chr4","52570068","52570378","35","158915"
"chr6","52444363","52444674","chr3","165559970","165560275","41","113115607"
"chr6","52560480","52560763","chr1","56333378","56333655","46","3772898"
"chr6","52593363","52593650","chr4","52747634","52747929","38","154271"
"chr6","52629088","52629391","chrX","18453494","18453785","44","34175594"
"chr6","52694256","52694539","chr4","52850594","52850882","42","156338"
"chr6","52837107","52837393","chr4","52988083","52988389","38","150976"
"chr6","52885093","52885405","chr4","53036304","53036622","37","151211"
"chr6","52939215","52939507","chr7","19502793","19503085","41","33436422"
"chr6","53017607","53017913","chr4","53166655","53166963","27","149048"
"chr6","53060786","53061079","chr4","53204825","53205116","31","144039"
"chr6","53077529","53077838","chr4","53222142","53222443","31","144613"
"chr6","53110727","53111016","chr4","53258564","53258862","31","147837"
"chr6","53139214","53139526","chr1","166387645","166387949","38","113248431"
"chr6","53150178","53150477","chr11","68841603","68841901","39","15691425"
"chr6","53161241","53161502","chr11","86707204","86707463","38","33545963"
"chr6","53169661","53169796","chr7","55937012","55937147","18","2767351"
"chr6","53173832","53174127","chr4","53331496","53331792","23","157664"
"chr6","53211659","53211938","chr4","53416313","53416595","26","204654"
"chr6","53286418","53286715","chr4","53493347","53493651","34","206929"
"chr6","53340148","53340442","chr4","53549214","53549507","35","209066"
"chr6","53375695","53375853","chr20","30565685","30565847","22","22810010"
"chr6","53382456","53382662","chr15","104600726","104600924","41","51218270"
"chr6","53382797","53382873","chr6","24136132","24136211","11","29246665"
"chr6","53393325","53393607","chr4","53601286","53601555","35","207961"
"chr6","53405951","53406259","chr4","53614458","53614756","35","208507"
"chr6","53406848","53407121","chr8","142242840","142243113","35","88835992"
"chr6","53440312","53440609","chr1","28282455","28282751","34","25157857"
"chr6","53451009","53451284","chr2","149503455","149503737","45","96052446"
"chr6","53510972","53511278","chrX","148191845","148192147","35","94680873"
"chr6","54076237","54076543","chr1","140376605","140376912","36","86300368"
"chr6","54082495","54082804","chr16","45595072","45595379","40","8487423"
"chr6","54136163","54136462","chr4","53866219","53866515","30","269944"
"chr6","54145362","54145665","chr4","53871997","53872305","31","273365"
"chr6","54159116","54159416","chr4","53882843","53883153","27","276273"
"chr6","54170967","54171232","chr6","47441609","47441877","40","6729358"
"chr6","54189705","54189930","chr4","53916990","53917225","28","272715"
"chr6","54191155","54191463","chr1","153530258","153530568","44","99339103"
"chr6","54201317","54201641","chr4","53926296","53926594","46","275021"
"chr6","54219826","54220117","chr4","53945840","53946124","28","273986"
"chr6","54236665","54236953","chr17","23035596","23035884","36","31201069"
"chr6","54268752","54268930","chr9","13185785","13185960","33","41082967"
"chr6","54269052","54269162","chr19","19949995","19950109","13","34319057"
"chr6","54269356","54269653","chr12","37348926","37349224","39","16920430"
"chr6","54281751","54282058","chr4","54011519","54011823","26","270232"
"chr6","54299337","54299620","chr4","54029209","54029498","28","270128"
"chr6","54314618","54314924","chr8","56638080","56638381","38","2323462"
"chr6","54325194","54325493","chr7","18502191","18502489","36","35823003"
"chr6","54325938","54326096","chr10","78300000","78300164","27","23974062"
"chr6","54326122","54326244","chr2","82491537","82491662","13","28165415"
"chr6","54340174","54340481","chr4","54071119","54071433","34","269055"
"chr6","54350408","54350719","chr9","89474502","89474813","38","35124094"
"chr6","54352997","54353299","chr4","54083867","54084171","22","269130"
"chr6","54358399","54358640","chr1","31551552","31551790","37","22806847"
"chr6","54361807","54362085","chr17","11877422","11877690","47","42484385"
"chr6","54366299","54366598","chr6","10481559","10481857","39","43884740"
"chr6","54369443","54369731","chr4","54101334","54101623","20","268109"
"chr6","54379941","54380088","chr19","3071225","3071373","20","51308716"
"chr6","54389804","54390088","chr4","54123127","54123410","20","266677"
"chr6","54401327","54401632","chr4","54135236","54135533","28","266091"
"chr6","54414274","54414410","chr15","102382935","102383070","19","47968661"
"chr6","54414722","54414901","chr10","62734484","62734661","22","8319762"
"chr6","54415322","54415601","chr4","54149021","54149299","33","266301"
"chr6","54425477","54425654","chr16","48484668","48484845","29","5940809"
"chr6","54427681","54427984","chr4","54163204","54163508","32","264477"
"chr6","54435451","54435750","chr4","54171170","54171466","36","264281"
"chr6","54435958","54436069","chr20","69598749","69598860","12","15162791"
"chr6","54482675","54482983","chr4","54219373","54219681","27","263302"
"chr6","54483471","54483781","chr19","44090793","44091104","43","10392678"
"chr6","54538237","54538547","chrX","23558557","23558868","33","30979680"
"chr6","54544767","54545064","chr4","54279620","54279924","29","265147"
"chr6","54580843","54581137","chrX","44429429","44429724","36","10151414"
"chr6","54604352","54604657","chr4","54334137","54334429","46","270215"
"chr6","54624931","54625229","chr4","54357211","54357511","28","267720"
"chr6","54643363","54643660","chr4","54376054","54376352","17","267309"
"chr6","54667710","54668019","chr2","109973432","109973743","39","55305722"
"chr6","54708202","54708509","chr4","54442586","54442888","26","265616"
"chr6","54725183","54725494","chr1","222607830","222608142","44","167882647"
"chr6","54740085","54740217","chr5","57657275","57657408","15","2917190"
"chr6","54740515","54740825","chr4","54474228","54474535","29","266287"
"chr6","54777743","54778041","chr4","54514487","54514773","26","263256"
"chr6","54779873","54780167","chr7","169588830","169589125","37","114808957"
"chr6","54801387","54801599","chr20","18200661","18200881","41","36600726"
"chr6","54876826","54877132","chr4","54617581","54617874","44","259245"
"chr6","54911661","54911967","chr6","76832194","76832500","37","21920533"
"chr6","54914197","54914502","chr4","54655163","54655464","36","259034"
"chr6","54917628","54917924","chr4","54658499","54658800","29","259129"
"chr6","54933095","54933398","chr20","20141215","20141514","43","34791880"
"chr6","54949002","54949313","chrX","23558557","23558868","34","31390445"
"chr6","54964266","54964552","chr1","161646227","161646515","37","106681961"
"chr6","55083470","55083778","chr4","54829333","54829623","38","254137"
"chr6","55136625","55136932","chr19","19715938","19716242","33","35420687"
"chr6","55144263","55144563","chr13","33884065","33884368","35","21260198"
"chr6","55157596","55157878","chr7","6898037","6898319","35","48259559"
"chr6","55216021","55216317","chr4","55008882","55009189","33","207139"
"chr6","55284798","55285098","chr3","36442876","36443174","40","18841922"
"chr6","55405129","55405434","chr3","36442876","36443174","37","18962253"
"chr6","55410254","55410538","chr1","166079981","166080274","46","110669727"
"chr6","55673405","55673710","chr4","55507622","55507930","27","165783"
"chr6","55711957","55712256","chr3","41130046","41130344","43","14581911"
"chr6","55721749","55722060","chr4","55555236","55555549","32","166513"
"chr6","55855742","55856048","chr4","55687007","55687315","26","168735"
"chr6","55886334","55886554","chr19","3412734","3412955","28","52473600"
"chr6","55897137","55897441","chr4","55729060","55729362","31","168077"
"chr6","55902408","55902719","chr7","136344981","136345288","37","80442573"
"chr6","55916860","55917155","chr1","53475989","53476272","91","2440871"
"chr6","55917176","55917451","chr4","55748361","55748641","31","168815"
"chr6","55919536","55919844","chr4","55750788","55751093","26","168748"
"chr6","55931924","55932219","chr2","142851869","142852151","59","86919945"
"chr6","55972207","55972506","chr1","139180433","139180733","40","83208226"
"chr6","55993570","55993880","chr4","55835755","55836066","33","157815"
"chr6","55996212","55996513","chr4","55838326","55838636","40","157886"
"chr6","56028008","56028225","chr6","124382423","124382631","57","68354415"
"chr6","56046249","56046566","chr10","17815706","17816026","45","38230543"
"chr6","56079427","56079548","chr4","31939835","31939962","21","24139592"
"chr6","56090055","56090350","chr19","31519342","31519637","38","24570713"
"chr6","56192715","56193015","chr4","56030791","56031097","25","161924"
"chr6","56245288","56245593","chr4","56086146","56086443","46","159142"
"chr6","56408697","56408986","chr1","70325203","70325488","35","13916506"
"chr6","56422214","56422500","chr10","7162114","7162399","42","49260100"
"chr6","56444911","56445069","chr19","15492088","15492253","34","40952823"
"chr6","56601951","56602069","chr1","131078233","131078350","13","74476282"
"chr6","56622069","56622346","chr17","85132650","85132919","44","28510581"
"chr6","56631710","56631866","chr3","3112298","3112455","18","53519412"
"chr6","56643270","56643572","chr4","56459709","56460020","32","183561"
"chr6","56808483","56808731","chr4","56628421","56628674","26","180062"
"chr6","56902527","56902819","chr11","132437462","132437750","46","75534935"
"chr6","56915020","56915297","chrX","19389818","19390093","33","37525202"
"chr6","56962997","56963261","chr4","56771805","56772069","28","191192"
"chr6","57158294","57158597","chr17","20044895","20045193","41","37113399"
"chr6","57178764","57179055","chr5","58183497","58183790","41","1004733"
"chr6","57185164","57185458","chr4","56995419","56995713","33","189745"
"chr6","57228328","57228634","chr1","24340695","24341001","59","32887633"
"chr6","57269545","57269835","chr4","57076408","57076700","16","193137"
"chr6","57444431","57444709","chr14","95533933","95534220","43","38089502"
"chr6","57475480","57475768","chr4","18466227","18466514","41","39009253"
"chr6","57541316","57541621","chr4","57334628","57334933","25","206688"
"chr6","57549362","57549637","chr4","57342667","57342945","42","206695"
"chr6","57577584","57577891","chr4","57371254","57371566","28","206330"
"chr6","57662588","57662900","chr10","87498791","87499100","32","29836203"
"chr6","57836810","57837105","chr4","57633110","57633404","30","203700"
"chr6","57858528","57858807","chr5","140003061","140003335","37","82144533"
"chr6","57863489","57863789","chr7","68221850","68222152","37","10358361"
"chr6","57884018","57884323","chr1","126040165","126040469","39","68156147"
"chr6","57905363","57905429","chr2","93673843","93673900","24","35768480"
"chr6","57928837","57929077","chr4","57734075","57734300","43","194762"
"chr6","57952344","57952629","chr1","166079981","166080274","39","108127637"
"chr6","57955508","57955809","chr8","94510144","94510444","41","36554636"
"chr6","57990766","57991062","chr12","20203356","20203653","36","37787410"
"chr6","58053842","58054138","chrX","44411141","44411428","43","13642701"
"chr6","58075593","58075893","chr4","57877459","57877761","35","198134"
"chr6","58095746","58096054","chr4","57896992","57897295","22","198754"
"chr6","58108897","58109029","chr10","66170590","66170715","27","8061693"
"chr6","58159893","58160171","chr4","57964427","57964702","32","195466"
"chr6","58169859","58170148","chr1","156621353","156621649","51","98451494"
"chr6","58201414","58201698","chr4","58007146","58007443","39","194268"
"chr6","58219799","58220091","chr1","25647657","25647947","40","32572142"
"chr6","58250646","58250753","chr1","58503440","58503543","18","252794"
"chr6","58272871","58273029","chr3","61255547","61255702","25","2982676"
"chr6","58287100","58287301","chr7","95222121","95222323","42","36935021"
"chr6","58287349","58287437","chr20","27900350","27900437","16","30386999"
"chr6","58308339","58308631","chr4","58116467","58116766","26","191872"
"chr6","58315728","58315851","chr13","12460696","12460821","14","45855032"
"chr6","58354679","58354969","chr16","61722666","61722957","35","3367987"
"chr6","58391454","58391755","chr4","58202782","58203072","30","188672"
"chr6","58415820","58416125","chrX","23558557","23558868","33","34857263"
"chr6","58427128","58427438","chr4","80707913","80708222","40","22280785"
"chr6","58431690","58431988","chr4","58240947","58241244","33","190743"
"chr6","58440645","58440944","chr10","59667642","59667941","33","1226997"
"chr6","58465399","58465708","chr4","58266962","58267272","13","198437"
"chr6","58483539","58483869","chr4","107030802","107031116","48","48547263"
"chr6","58515364","58515660","chr4","58308714","58309008","29","206650"
"chr6","64559078","64559388","chr4","59487763","59488072","27","5071315"
"chr6","64599070","64599369","chr4","59529940","59530229","36","5069130"
"chr6","64886971","64887275","chrX","23558557","23558868","38","41328414"
"chr6","64914470","64914756","chr4","59830216","59830500","20","5084254"
"chr6","65291524","65291825","chr8","54634869","54635169","38","10656655"
"chr6","65324745","65325045","chr4","60237276","60237581","34","5087469"
"chr6","65361908","65362214","chr10","34548935","34549245","52","30812973"
"chr6","65487713","65487975","chrX","4489959","4490219","44","60997754"
"chr6","65572557","65572862","chr4","60480240","60480544","31","5092317"
"chr6","65863624","65863842","chr19","3412734","3412955","39","62450890"
"chr6","65915042","65915349","chr5","8289100","8289402","42","57625942"
"chr6","65921997","65922294","chr19","18144925","18145222","38","47777072"
"chr6","66004540","66004848","chr4","60899329","60899635","30","5105211"
"chr6","66059570","66059883","chr4","60946426","60946722","58","5113144"
"chr6","66137895","66138190","chr3","132132094","132132387","29","65994199"
"chr6","66144292","66144426","chr14","6351116","6351258","32","59793176"
"chr6","66295140","66295406","chr4","61285307","61285607","56","5009833"
"chr6","66296684","66296983","chr16","5625017","5625313","28","60671667"
"chr6","66307014","66307267","chr19","34150348","34150603","33","32156666"
"chr6","66309369","66309665","chr3","21904631","21904931","41","44404738"
"chr6","66344013","66344316","chr4","61325819","61326120","32","5018194"
"chr6","66347312","66347620","chr4","61328324","61328628","32","5018988"
"chr6","66351231","66351508","chr4","61331613","61331890","28","5019618"
"chr6","66371899","66372204","chr4","61347133","61347428","32","5024766"
"chr6","66378881","66379182","chr4","61356919","61357221","30","5021962"
"chr6","66390941","66391074","chr1","211711421","211711556","18","145320480"
"chr6","66392708","66392848","chr10","83387616","83387757","19","16994908"
"chr6","66394719","66394850","chr17","9362160","9362294","18","57032559"
"chr6","66395983","66396120","chr7","40443882","40444020","26","25952101"
"chr6","66420302","66420553","chr10","59910337","59910584","36","6509965"
"chr6","66428108","66428424","chrX","29538304","29538611","46","36889804"
"chr6","66442319","66442639","chr4","61426018","61426332","45","5016301"
"chr6","66446861","66447163","chr1","36905300","36905598","45","29541561"
"chr6","66449756","66450055","chr12","57850151","57850455","33","8599605"
"chr6","66466963","66467256","chr4","61455152","61455447","25","5011811"
"chr6","66468556","66468861","chr6","11866650","11866952","36","54601906"
"chr6","66493406","66493523","chr6","76961115","76961239","18","10467709"
"chr6","66493713","66493902","chr4","130421985","130422172","33","63928272"
"chr6","66494712","66494907","chr17","94621224","94621425","33","28126512"
"chr6","66497724","66498032","chr4","61485966","61486277","21","5011758"
"chr6","66504096","66504405","chr5","63685463","63685769","30","2818633"
"chr6","66509796","66510081","chr4","61493578","61493875","34","5016218"
"chr6","66516001","66516293","chr10","89916333","89916621","48","23400332"
"chr6","66519116","66519414","chr4","61502661","61502959","38","5016455"
"chr6","66535916","66536200","chr13","92379163","92379449","39","25843247"
"chr6","66546030","66546306","chrX","123424075","123424359","33","56878045"
"chr6","66546912","66547196","chr6","153233428","153233704","44","86686516"
"chr6","66549192","66549453","chr1","139650554","139650817","33","73101362"
"chr6","66557140","66557426","chr6","169544343","169544629","29","102987203"
"chr6","66560495","66560801","chr4","61545081","61545384","20","5015414"
"chr6","66585008","66585272","chr4","61569355","61569606","30","5015653"
"chr6","66589559","66589859","chr14","112526592","112526892","36","45937033"
"chr6","66636441","66636748","chr4","61619953","61620263","28","5016488"
"chr6","66647215","66647505","chr12","106121161","106121452","41","39473946"
"chr6","66652195","66652490","chr4","61642203","61642495","31","5009992"
"chr6","66765759","66766057","chr4","61783293","61783585","24","4982466"
"chr6","66801228","66801324","chr7","135528767","135528862","13","68727539"
"chr6","66815447","66815745","chr4","61835035","61835346","36","4980412"
"chr6","66876159","66876426","chr13","24414225","24414496","40","42461934"
"chr6","66990594","66990902","chr4","61997012","61997320","26","4993582"
"chr6","67004421","67004694","chr4","28996365","28996638","46","38008056"
"chr6","67006459","67006685","chr4","62011959","62012188","22","4994500"
"chr6","67026494","67026800","chr4","62030220","62030529","31","4996274"
"chr6","67149605","67149899","chr14","12587813","12588114","39","54561792"
"chr6","67170895","67171186","chr4","62168076","62168361","32","5002819"
"chr6","67213476","67213650","chr14","18401116","18401291","25","48812360"
"chr6","67242786","67243082","chr4","62240827","62241115","28","5001959"
"chr6","67366979","67367265","chrX","9102633","9102917","49","58264346"
"chr6","67425118","67425423","chr1","70287506","70287813","45","2862388"
"chr6","67441211","67441354","chr19","41289079","41289217","21","26152132"
"chr6","67445956","67446276","chr20","23372811","23373131","69","44073145"
"chr6","67447285","67447581","chr16","54885553","54885850","42","12561732"
"chr6","67448167","67448319","chr7","120346484","120346633","20","52898317"
"chr6","67490582","67490880","chr16","22958182","22958480","41","44532400"
"chr6","67494378","67494657","chr4","100485045","100485318","41","32990667"
"chr6","67539946","67540236","chrX","568154","568456","51","66971792"
"chr6","67545345","67545520","chr2","84782701","84782876","25","17237356"
"chr6","67650252","67650563","chr2","68987510","68987817","46","1337258"
"chr6","67739975","67740274","chr2","57691932","57692233","36","10048043"
"chr6","67782698","67782994","chr20","42678956","42679249","45","25103742"
"chr6","67881594","67881773","chr4","64829097","64829277","22","3052497"
"chr6","68032197","68032465","chr9","87564713","87564985","36","19532516"
"chr6","68205420","68205567","chr1","204894257","204894402","40","136688837"
"chr6","68364919","68365219","chr10","59667642","59667941","48","8697277"
"chr6","68411078","68411357","chr14","110553219","110553500","35","42142141"
"chr6","68596251","68596445","chr7","95222121","95222323","32","26625870"
"chr6","68692836","68693042","chr19","44742677","44742881","31","23950159"
"chr6","68954609","68954804","chr19","13167398","13167592","37","55787211"
"chr6","68969215","68969480","chr8","142242840","142243113","43","73273625"
"chr6","69017235","69017549","chr4","65985885","65986197","32","3031350"
"chr6","69090206","69090516","chr7","67062903","67063207","47","2027303"
"chr6","69096305","69096595","chr4","66052084","66052375","27","3044221"
"chr6","69099191","69099310","chr14","120998992","120999113","16","51899801"
"chr6","69158847","69159152","chr4","66118589","66118880","45","3040258"
"chr6","69467309","69467453","chr19","32723322","32723473","22","36743987"
"chr6","69632691","69633014","chr4","66649617","66649943","48","2983074"
"chr6","69652998","69653268","chr14","106261586","106261864","48","36608588"
"chr6","69666190","69666479","chr4","66683053","66683317","50","2983137"
"chr6","69942961","69943245","chr16","2871012","2871300","47","67071949"
"chr6","69974146","69974440","chr4","66982201","66982496","27","2991945"
"chr6","70082296","70082625","chr1","69215866","69216189","57","866430"
"chr6","70089582","70089876","chr4","67092880","67093162","41","2996702"
"chr6","70091575","70091867","chr4","67094859","67095159","38","2996716"
"chr6","70107690","70107988","chr6","20317307","20317607","34","49790383"
"chr6","70156147","70156425","chr4","67157808","67158095","27","2998339"
"chr6","70204904","70205217","chr7","10123321","10123631","47","60081583"
"chr6","70254616","70254949","chr4","67257752","67258068","43","2996864"
"chr6","70261502","70261796","chr4","67264835","67265125","30","2996667"
"chr6","70321575","70321856","chr18","60459178","60459462","31","9862397"
"chr6","70376635","70376934","chr3","12843370","12843669","35","57533265"
"chr6","70523694","70523899","chr1","925575","925775","37","69598119"
"chr6","70717470","70717567","chr17","11926089","11926190","10","58791381"
"chr6","70717797","70717981","chr8","47205989","47206172","32","23511808"
"chr6","70824507","70824806","chr5","2843096","2843396","36","67981411"
"chr6","70834780","70835043","chr4","67817905","67818171","25","3016875"
"chr6","70927136","70927364","chr20","42536308","42536536","23","28390828"
"chr6","70944781","70945087","chr4","67934226","67934533","35","3010555"
"chr6","71028219","71028483","chr1","115697632","115697904","51","44669413"
"chr6","71046491","71046784","chrX","44429429","44429724","29","26617062"
"chr6","71136895","71136974","chr4","68127568","68127645","11","3009327"
"chr6","71137948","71138258","chr4","68128619","68128926","22","3009329"
"chr6","71215936","71216222","chr4","68198618","68198907","30","3017318"
"chr6","71230410","71230453","chr19","35886603","35886646","7","35343807"
"chr6","71234072","71234341","chr7","40834046","40834321","48","30400026"
"chr6","71263733","71264024","chr17","60991414","60991704","30","10272319"
"chr6","71351209","71351497","chr4","68338810","68339104","25","3012399"
"chr6","71372203","71372504","chr4","68361811","68362115","27","3010392"
"chr6","71376891","71377183","chrX","46755159","46755454","30","24621732"
"chr6","71383348","71383641","chr1","213098060","213098354","47","141714712"
"chr6","71438571","71438881","chr7","40063489","40063797","26","31375082"
"chr6","71463226","71463428","chr4","68446283","68446478","33","3016943"
"chr6","71463656","71463798","chr16","4748524","4748679","36","66715132"
"chr6","71512484","71512501","chr1","146584325","146584343","2","75071841"
"chr6","71514711","71515023","chr4","68496688","68497003","38","3018023"
"chr6","71515767","71516072","chr2","107413217","107413517","48","35897450"
"chr6","71545771","71546052","chrX","49166555","49166839","43","22379216"
"chr6","71551923","71552233","chrX","126003447","126003770","55","54451524"
"chr6","71562528","71562843","chr9","41445011","41445317","38","30117517"
"chr6","71574400","71574689","chr14","103136842","103137137","42","31562442"
"chr6","71678601","71678895","chr4","68648864","68649159","18","3029737"
"chr6","71692403","71692698","chr7","153690345","153690642","34","81997942"
"chr6","71699109","71699411","chr4","68669604","68669911","38","3029505"
"chr6","71704967","71705188","chr16","9675962","9676190","39","62029005"
"chr6","71728122","71728377","chr15","50947853","50948107","44","20780269"
"chr6","71748382","71748674","chr9","57487654","57487951","33","14260728"
"chr6","71756784","71757082","chr4","68726381","68726684","23","3030403"
"chr6","71768702","71769003","chr6","137480379","137480679","45","65711677"
"chr6","71774576","71774591","chr5","107531112","107531127","1","35756536"
"chr6","71774672","71774958","chr7","106425305","106425586","31","34650633"
"chr6","71780993","71781306","chr4","68750732","68751045","21","3030261"
"chr6","71786311","71786614","chr4","68756100","68756400","23","3030211"
"chr6","71806738","71807042","chr8","129162500","129162803","36","57355762"
"chr6","71812051","71812350","chr12","21131785","21132085","32","50680266"
"chr6","71820321","71820613","chr4","68793285","68793588","34","3027036"
"chr6","71838775","71839004","chr5","66091213","66091443","45","5747562"
"chr6","71868332","71868641","chr4","68840976","68841280","32","3027356"
"chr6","71871466","71871646","chr4","68844118","68844299","24","3027348"
"chr6","71882141","71882446","chr4","68855041","68855346","16","3027100"
"chr6","72019799","72020091","chr7","98293389","98293684","36","26273590"
"chr6","72070143","72070373","chr4","69017582","69017814","26","3052561"
"chr6","72116244","72116554","chr10","12541086","12541391","34","59575158"
"chr6","72184221","72184524","chr4","69129475","69129769","33","3054746"
"chr6","72237978","72238283","chr4","69181266","69181578","33","3056712"
"chr6","72246087","72246414","chr4","69189684","69190020","39","3056403"
"chr6","72295569","72295870","chr7","40063489","40063797","30","32232080"
"chr6","72407620","72407763","chr3","183731879","183732019","20","111324259"
"chr6","72447568","72447863","chr4","69385754","69386045","32","3061814"
"chr6","72566400","72566704","chr4","41467596","41467901","35","31098804"
"chr6","72677270","72677585","chr4","69617360","69617678","38","3059910"
"chr6","72681710","72682006","chr15","104103332","104103629","39","31421622"
"chr6","72709703","72709998","chr4","69648900","69649190","29","3060803"
"chr6","72840636","72840893","chr4","69788960","69789230","28","3051676"
"chr6","72842359","72842477","chr7","66856054","66856167","23","5986305"
"chr6","72842584","72842726","chr18","52334956","52335100","34","20507628"
"chr6","72884247","72884551","chr7","77698309","77698596","51","4814062"
"chr6","72895593","72895898","chr4","69839813","69840118","23","3055780"
"chr6","73016608","73016917","chr4","69951148","69951453","36","3065460"
"chr6","73117088","73117358","chr3","63889086","63889375","53","9228002"
"chr6","73298590","73298898","chr4","70207415","70207725","31","3091175"
"chr6","73362079","73362378","chr1","140098268","140098558","39","66736189"
"chr6","73428247","73428543","chr4","70340947","70341256","35","3087300"
"chr6","73474655","73474966","chr4","70389338","70389641","30","3085317"
"chr6","73517353","73517637","chr3","166660099","166660383","41","93142746"
"chr6","73557846","73558135","chr9","12622765","12623053","45","60935081"
"chr6","73626785","73627073","chr5","184356817","184357098","46","110730032"
"chr6","73634017","73634304","chr4","70545006","70545294","27","3089011"
"chr6","73672491","73672778","chr15","104068909","104069198","52","30396418"
"chr6","73778529","73778664","chr7","52682488","52682622","13","21096041"
"chr6","73799562","73799858","chr4","70702092","70702388","22","3097470"
"chr6","73848941","73849188","chr15","36654323","36654571","44","37194618"
"chr6","73927619","73927923","chr1","205609002","205609302","40","131681383"
"chr6","73971339","73971572","chr1","8187378","8187607","48","65783961"
"chr6","73999453","73999757","chr4","70898770","70899069","29","3100683"
"chr6","74199491","74199782","chr16","5625017","5625313","35","68574474"
"chr6","74236022","74236323","chr7","122016416","122016713","39","47780394"
"chr6","74245009","74245314","chr4","71136424","71136737","30","3108585"
"chr6","74273406","74273709","chr4","71169552","71169848","29","3103854"
"chr6","74316749","74317053","chr11","44074459","44074751","43","30242290"
"chr6","74317471","74317783","chr4","71215627","71215938","23","3101844"
"chr6","74318167","74318313","chr4","71216316","71216481","30","3101851"
"chr6","74332591","74332903","chr4","71229363","71229665","44","3103228"
"chr6","74347141","74347451","chr16","8401738","8402049","53","65945403"
"chr6","74352713","74353008","chr14","103136842","103137137","38","28784129"
"chr6","74353353","74353643","chr4","71256242","71256528","33","3097111"
"chr6","74364453","74364764","chrX","41160510","41160820","36","33203943"
"chr6","74372152","74372196","chrX","41233833","41233871","11","33138319"
"chr6","74377811","74378105","chr2","203095842","203096145","37","128718031"
"chr6","74378148","74378292","chr7","68811834","68811979","21","5566314"
"chr6","74388292","74388583","chr6","67240692","67240979","30","7147600"
"chr6","74399558","74399793","chr4","71303450","71303681","20","3096108"
"chr6","74408847","74409157","chr4","71313825","71314126","26","3095022"
"chr6","74410707","74411001","chr11","120098123","120098418","32","45687416"
"chr6","74412031","74412317","chr4","71315346","71315649","31","3096685"
"chr6","74413091","74413295","chr8","54027647","54027843","45","20385444"
"chr6","74417918","74418222","chr4","71322447","71322748","23","3095471"
"chr6","74423017","74423184","chrX","53570396","53570559","26","20852621"
"chr6","74442804","74443085","chr9","64310443","64310725","34","10132361"
"chr6","74444701","74444891","chr20","42796520","42796706","25","31648181"
"chr6","74445402","74445583","chr4","71342760","71342937","24","3102642"
"chr6","74459773","74460070","chr20","28261989","28262293","45","46197784"
"chr6","74460493","74460799","chr15","54758839","54759142","41","19701654"
"chr6","74463939","74464237","chr4","71358873","71359171","29","3105066"
"chr6","74474735","74474836","chr6","85833871","85833973","22","11359136"
"chr6","74475944","74476046","chr17","11926089","11926190","14","62549855"
"chr6","74480555","74480837","chr4","71376820","71377111","42","3103735"
"chr6","74490280","74490576","chr2","188829913","188830214","41","114339633"
"chr6","74502105","74502403","chr4","71399342","71399636","26","3102763"
"chr6","74505215","74505508","chr6","169544343","169544629","52","95039128"
"chr6","74512282","74512592","chr4","71410753","71411046","42","3101529"
"chr6","74520107","74520408","chr2","159743116","159743415","29","85223009"
"chr6","74525078","74525210","chr10","66401425","66401556","14","8123653"
"chr6","74527307","74527595","chr4","71425309","71425601","21","3101998"
"chr6","74539497","74539794","chr3","41137984","41138279","39","33401513"
"chr6","74541125","74541433","chr13","94898211","94898520","34","20357086"
"chr6","74541567","74541898","chr2","187336624","187336958","65","112795057"
"chr6","74545684","74545994","chr4","158986143","158986450","42","84440459"
"chr6","74550717","74551005","chr4","71449265","71449570","39","3101452"
"chr6","74552086","74552158","chr4","1239491","1239546","24","73312595"
"chr6","74552920","74553231","chr6","74902885","74903195","38","349965"
"chr6","74557914","74558205","chr1","67187310","67187597","37","7370604"
"chr6","74559644","74559942","chr4","164237163","164237458","23","89677519"
"chr6","74578591","74578881","chr4","71486999","71487294","22","3091592"
"chr6","74582236","74582519","chr9","106051939","106052219","33","31469703"
"chr6","74590190","74590495","chr4","71494190","71494483","33","3096000"
"chr6","74591947","74592231","chr4","71496253","71496536","13","3095694"
"chr6","74606126","74606380","chr3","166013648","166013901","40","91407522"
"chr6","74606401","74606535","chr6","138320089","138320223","19","63713688"
"chr6","74608601","74608904","chr7","61080599","61080903","38","13528002"
"chr6","74613628","74613928","chr4","71515947","71516248","21","3097681"
"chr6","74618966","74619277","chr4","71524828","71525156","45","3094138"
"chr6","74636649","74636937","chr4","71543301","71543588","24","3093348"
"chr6","74638336","74638501","chr10","27892829","27893002","33","46745507"
"chr6","74638509","74638802","chr4","71545611","71545910","28","3092898"
"chr6","74639706","74640012","chr4","71546822","71547124","27","3092884"
"chr6","74648001","74648319","chr19","34748592","34748901","44","39899409"
"chr6","74668031","74668332","chr9","12792394","12792700","35","61875637"
"chr6","74685519","74685818","chr2","41829299","41829594","33","32856220"
"chr6","74691525","74691840","chr7","139827579","139827889","40","65136054"
"chr6","74696363","74696668","chr4","71604997","71605274","55","3091366"
"chr6","74698289","74698642","chr10","10471921","10472262","70","64226368"
"chr6","74725540","74725836","chr4","71635870","71636166","34","3089670"
"chr6","74736956","74737273","chr4","2584312","2584628","110","72152644"
"chr6","74740349","74740631","chr4","71654150","71654442","30","3086199"
"chr6","74749426","74749714","chr4","71663467","71663766","26","3085959"
"chr6","74754936","74755230","chr3","39889815","39890113","42","34865121"
"chr6","74757102","74757406","chr4","71670681","71670980","31","3086421"
"chr6","74767200","74767332","chr7","158950335","158950468","13","84183135"
"chr6","74778881","74779179","chr14","6901000","6901287","42","67877881"
"chr6","74785235","74785543","chr4","71696997","71697294","37","3088238"
"chr6","74817304","74817468","chr15","36679319","36679483","28","38137985"
"chr6","74826978","74827266","chr4","71736580","71736888","39","3090398"
"chr6","74834778","74835053","chr4","71744437","71744714","18","3090341"
"chr6","74846930","74847234","chr3","7009339","7009645","39","67837591"
"chr6","74850367","74850673","chr1","38412022","38412324","34","36438345"
"chr6","74863655","74863939","chr4","71780574","71780860","27","3083081"
"chr6","74868165","74868311","chr1","161409822","161409970","25","86541657"
"chr6","74905205","74905503","chr5","49234420","49234719","33","25670785"
"chr6","74989976","74990248","chr17","82998507","82998775","36","8008531"
"chr6","75115386","75115675","chr4","72003107","72003402","30","3112279"
"chr6","75170731","75171033","chr4","72036564","72036872","36","3134167"
"chr6","75278011","75278285","chr11","120679876","120680149","39","45401865"
"chr6","75298991","75299282","chr4","72152043","72152341","26","3146948"
"chr6","75392818","75393093","chr12","53500001","53500282","37","21892817"
"chr6","75498251","75498557","chr17","12349214","12349524","39","63149037"
"chr6","75738763","75739041","chr1","37954757","37955032","42","37784006"
"chr6","75831667","75831963","chrX","112898131","112898434","49","37066464"
"chr6","75925028","75925339","chr4","36919086","36919393","45","39005942"
"chr6","76177325","76177608","chr4","73143645","73143937","32","3033680"
"chr6","76311447","76311729","chr4","73288754","73289033","32","3022693"
"chr6","76316106","76316416","chr4","73293421","73293734","32","3022685"
"chr6","76373022","76373270","chr5","176323752","176323999","40","99950730"
"chr6","76398642","76398953","chr4","73375351","73375654","32","3023291"
"chr6","76456544","76456833","chr4","73436877","73437164","22","3019667"
"chr6","76458977","76459286","chr5","25083724","25084024","45","51375253"
"chr6","76489210","76489515","chr1","142214846","142215140","38","65725636"
"chr6","76499180","76499493","chr7","98906170","98906474","31","22406990"
"chr6","76501160","76501459","chr7","28329692","28329979","45","48171468"
"chr6","76507992","76508289","chr7","35763134","35763429","36","40744858"
"chr6","76551481","76551776","chr1","221339594","221339887","35","144788113"
"chr6","76611392","76611695","chr4","73592117","73592418","23","3019275"
"chr6","76632552","76632808","chr4","73612780","73613048","32","3019772"
"chr6","76633110","76633403","chr4","73613692","73613986","19","3019418"
"chr6","76635730","76635983","chr4","73616288","73616510","41","3019442"
"chr6","76635986","76636141","chr4","115080406","115080539","32","38444420"
"chr6","76637868","76638162","chr4","73618840","73619135","20","3019028"
"chr6","76656907","76657209","chr4","73635301","73635606","30","3021606"
"chr6","76665719","76666017","chr2","192826509","192826803","41","116160790"
"chr6","76671963","76672265","chr4","73656017","73656316","27","3015946"
"chr6","76680540","76680835","chr4","73664964","73665256","25","3015576"
"chr6","76686416","76686681","chr4","73670957","73671230","29","3015459"
"chr6","76690445","76690698","chr13","88270653","88270911","41","11580208"
"chr6","76701213","76701486","chr4","73685663","73685934","26","3015550"
"chr6","76724840","76725138","chr4","73705590","73705885","30","3019250"
"chr6","76730968","76731239","chr4","73712044","73712328","34","3018924"
"chr6","76739624","76739919","chr3","792352","792641","39","75947272"
"chr6","76749670","76749910","chr10","35636247","35636490","43","41113423"
"chr6","76764349","76764655","chr4","73747405","73747699","35","3016944"
"chr6","76765126","76765418","chr15","41575684","41575981","35","35189442"
"chr6","76777691","76777889","chrX","47018952","47019147","34","29758739"
"chr6","76790154","76790458","chr4","73775092","73775399","27","3015062"
"chr6","76799947","76800230","chr3","170370362","170370646","34","93570415"
"chr6","76803174","76803467","chr4","73788011","73788296","28","3015163"
"chr6","76835824","76836121","chr19","12166905","12167203","28","64668919"
"chr6","76836402","76836698","chr4","71399342","71399636","36","5437060"
"chr6","76840090","76840262","chrX","41188728","41188898","31","35651362"
"chr6","76842198","76842416","chr17","19340513","19340722","42","57501685"
"chr6","76862514","76862808","chr4","73843593","73843880","33","3018921"
"chr6","76868042","76868338","chr4","73850265","73850561","19","3017777"
"chr6","76868869","76869176","chr4","73851114","73851413","30","3017755"
"chr6","76884327","76884589","chrX","126749515","126749781","48","49865188"
"chr6","76887185","76887464","chr2","97053118","97053405","60","20165933"
"chr6","76891543","76891749","chr2","204638025","204638229","34","127746482"
"chr6","76892569","76892863","chr4","73875748","73876049","29","3016821"
"chr6","76904551","76904848","chr4","73887731","73888013","39","3016820"
"chr6","76908867","76909153","chr18","20505848","20506142","36","56403019"
"chr6","76913860","76914167","chr2","137854637","137854940","40","60940777"
"chr6","76931198","76931510","chr9","45795091","45795402","34","31136107"
"chr6","76934844","76935134","chr5","56965642","56965928","48","19969202"
"chr6","76936290","76936589","chr4","73928740","73929035","26","3007550"
"chr6","76958937","76959227","chr4","73951169","73951459","16","3007768"
"chr6","76969486","76969783","chr19","41682464","41682765","34","35287022"
"chr6","76972102","76972413","chr4","73965948","73966254","32","3006154"
"chr6","76993073","76993368","chr14","15756054","15756351","37","61237019"
"chr6","77023223","77023518","chr4","74016557","74016852","27","3006666"
"chr6","77024151","77024447","chr4","74017476","74017768","34","3006675"
"chr6","77059262","77059570","chr17","1515232","1515536","33","75544030"
"chr6","77061792","77062078","chr4","67157808","67158095","39","9903984"
"chr6","77096352","77096646","chr20","56789030","56789326","41","20307322"
"chr6","77100484","77100775","chr9","59685986","59686279","37","17414498"
"chr6","77177914","77178207","chr11","120098123","120098418","34","42920209"
"chr6","77309206","77309336","chr16","67963199","67963331","14","9346007"
"chr6","77380641","77380862","chr16","9675962","9676190","32","67704679"
"chr6","77388983","77389256","chr4","74372141","74372416","31","3016842"
"chr6","77458392","77458692","chrX","118034316","118034619","45","40575924"
"chr6","77742011","77742320","chr4","74757228","74757540","30","2984783"
"chr6","77778904","77779204","chr3","154606170","154606469","41","76827266"
"chr6","77864210","77864497","chr4","74897864","74898173","42","2966346"
"chr6","78302893","78303186","chr4","75326906","75327205","31","2975987"
"chr6","78416691","78416980","chr7","42525133","42525431","47","35891558"
"chr6","78417486","78417769","chr10","62813150","62813433","27","15604336"
"chr6","78435829","78436125","chr4","75461342","75461652","29","2974487"
"chr6","78484454","78484743","chr10","66806378","66806672","38","11678076"
"chr6","78563246","78563536","chr7","62788497","62788787","38","15774749"
"chr6","78578506","78578672","chr7","82063315","82063476","36","3484809"
"chr6","78667308","78667587","chr4","75698164","75698452","30","2969144"
"chr6","78693300","78693598","chr4","75725100","75725397","20","2968200"
"chr6","78697695","78697958","chr16","68772362","68772622","40","9925333"
"chr6","78706415","78706733","chr4","75738167","75738489","31","2968248"
"chr6","78802598","78802896","chr4","75830711","75831027","34","2971887"
"chr6","78868755","78869052","chr4","75880792","75881107","34","2987963"
"chr6","78890112","78890407","chr12","20203356","20203653","31","58686756"
"chr6","78947202","78947527","chr5","176627538","176627854","57","97680336"
"chr6","78951043","78951305","chr4","75960221","75960481","38","2990822"
"chr6","79269745","79270049","chr6","49699191","49699492","40","29570554"
"chr6","79368462","79368754","chr4","76394612","76394907","32","2973850"
"chr6","79372500","79372543","chr19","53640878","53640915","14","25731622"
"chr6","79372570","79372838","chr4","76399788","76400047","28","2972782"
"chr6","79410610","79410907","chr9","117964110","117964407","42","38553500"
"chr6","79450376","79450658","chr2","119729473","119729759","36","40279097"
"chr6","79744499","79744647","chr10","77370965","77371112","37","2373534"
"chr6","79756555","79756648","chr2","163874157","163874244","27","84117602"
"chr6","79916516","79916726","chr3","21264488","21264695","26","58652028"
"chr6","79954814","79955110","chr4","77021541","77021823","29","2933273"
"chr6","79956988","79957288","chr4","77023714","77024006","26","2933274"
"chr6","79977590","79977746","chr4","77056184","77056340","12","2921406"
"chr6","79982384","79982526","chr4","77067797","77067949","18","2914587"
"chr6","80015799","80016086","chr3","92245682","92245969","32","12229883"
"chr6","80017005","80017301","chr7","17138209","17138500","33","62878796"
"chr6","80021725","80021889","chr13","43141862","43142032","29","36879863"
"chr6","80036737","80037044","chr4","77133327","77133637","26","2903410"
"chr6","80067335","80067649","chr10","12541086","12541391","58","67526249"
"chr6","80077375","80077517","chr15","8955373","8955518","18","71122002"
"chr6","80144052","80144348","chr1","52506706","52506998","38","27637346"
"chr6","80244439","80244733","chr4","77337197","77337497","42","2907242"
"chr6","80341835","80342131","chr4","77434786","77435080","22","2907049"
"chr6","80459882","80460189","chr16","2613351","2613656","42","77846531"
"chr6","80660367","80660662","chr11","55122642","55122939","29","25537725"
"chr6","80738936","80739050","chr20","54711525","54711640","12","26027411"
"chr6","80754566","80754870","chr4","77811517","77811822","28","2943049"
"chr6","80818006","80818308","chr1","121525551","121525856","32","40707545"
"chr6","80857475","80857767","chr7","52333209","52333502","38","28524266"
"chr6","81095622","81095748","chr3","40768859","40768991","27","40326763"
"chr6","81105021","81105312","chr4","78194673","78194963","29","2910348"
"chr6","81249728","81250010","chr4","78320961","78321228","39","2928767"
"chr6","81273496","81273800","chr4","78342745","78343054","26","2930751"
"chr6","81289394","81289611","chr15","45308771","45308991","49","35980623"
"chr6","81320764","81320982","chr1","97723066","97723283","27","16402302"
"chr6","81369348","81369639","chr4","78437471","78437759","18","2931877"
"chr6","81389448","81389751","chr1","24173970","24174272","39","57215478"
"chr6","81408420","81408715","chr4","78476429","78476718","34","2931991"
"chr6","81488956","81489266","chr16","49577471","49577781","39","31911485"
"chr6","81524724","81525003","chr2","122802877","122803152","37","41278153"
"chr6","81525642","81525897","chr4","78599150","78599406","24","2926492"
"chr6","81645115","81645429","chr1","208360963","208361269","40","126715848"
"chr6","81864568","81864854","chr4","78901379","78901666","31","2963189"
"chr6","81893524","81893817","chr4","78939172","78939469","32","2954352"
"chr6","81943497","81943797","chr4","78988218","78988527","46","2955279"
"chr6","81999396","81999690","chr1","41691570","41691860","39","40307826"
"chr6","82183680","82183994","chr4","79218265","79218566","44","2965415"
"chr6","82540211","82540426","chr16","668407","668615","31","81871804"
"chr6","82701052","82701363","chr1","131473145","131473453","43","48772093"
"chr6","82732781","82733076","chr4","79758110","79758405","29","2974671"
"chr6","83201206","83201517","chr4","80240994","80241300","29","2960212"
"chr6","83233318","83233508","chr5","165295020","165295207","30","82061702"
"chr6","83277299","83277513","chrX","25813318","25813533","40","57463981"
"chr6","83328196","83328496","chr4","80366387","80366689","23","2961809"
"chr6","83332399","83332574","chr3","4549902","4550075","30","78782497"
"chr6","83342275","83342568","chr4","160154070","160154363","37","76811795"
"chr6","83356949","83357250","chr4","80396411","80396713","28","2960538"
"chr6","83368199","83368502","chr4","80407981","80408280","39","2960218"
"chr6","83380143","83380441","chr4","80420000","80420302","25","2960143"
"chr6","83390976","83391287","chr4","80430758","80431060","34","2960218"
"chr6","83393582","83393877","chr10","30442537","30442830","37","52951045"
"chr6","83401363","83401517","chr15","7995836","7995999","30","75405527"
"chr6","83413360","83413639","chr2","40746353","40746634","42","42667007"
"chr6","83423021","83423312","chr4","80467499","80467802","36","2955522"
"chr6","83430884","83431168","chr5","183597283","183597567","37","100166399"
"chr6","83431431","83431685","chr20","69281148","69281373","63","14150283"
"chr6","83431687","83431996","chr4","80476486","80476799","35","2955201"
"chr6","83471028","83471312","chr4","80497620","80497904","14","2973408"
"chr6","83490166","83490454","chr4","80515636","80515919","44","2974530"
"chr6","83504379","83504668","chr1","129808183","129808473","37","46303804"
"chr6","83511620","83511929","chr4","80540658","80540967","20","2970962"
"chr6","83593294","83593588","chr4","80615215","80615509","21","2978079"
"chr6","83603268","83603519","chr2","85475304","85475547","46","1872036"
"chr6","83616125","83616435","chr4","80637642","80637924","51","2978483"
"chr6","83662375","83662655","chr3","51805028","51805310","51","31857347"
"chr6","83692867","83693159","chr3","2986573","2986865","35","80706294"
"chr6","83768704","83768976","chrX","71486439","71486712","37","12282265"
"chr6","83877387","83877585","chr7","133114354","133114541","40","49236967"
"chr6","83906852","83907137","chr5","10816547","10816834","41","73090305"
"chr6","84049404","84049539","chr15","68478001","68478136","14","15571403"
"chr6","84128029","84128337","chr20","16040018","16040326","40","68088011"
"chr6","84161098","84161399","chr4","81168419","81168720","24","2992679"
"chr6","84196594","84196901","chr5","58755088","58755398","46","25441506"
"chr6","84207019","84207330","chr4","81213010","81213317","31","2994009"
"chr6","84243903","84244213","chr4","81250187","81250489","34","2993716"
"chr6","84301847","84302133","chr16","46324334","46324623","36","37977513"
"chr6","84302767","84303038","chr4","81313841","81314111","23","2988926"
"chr6","84350225","84350521","chr14","111646507","111646801","33","27296282"
"chr6","84381190","84381473","chr9","121396547","121396835","37","37015357"
"chr6","84384231","84384335","chr16","26168195","26168302","12","58216036"
"chr6","84384605","84384802","chr4","81396196","81396397","21","2988409"
"chr6","84563810","84563855","chr6","119721545","119721587","12","35157735"
"chr6","84600735","84601043","chr7","68708818","68709123","38","15891917"
"chr6","84616727","84617021","chr4","81643906","81644198","25","2972821"
"chr6","84627825","84628110","chr4","81655180","81655461","28","2972645"
"chr6","84630687","84630785","chr3","94091253","94091337","30","9460566"
"chr6","84653679","84653970","chr4","81682927","81683220","28","2970752"
"chr6","84656291","84656589","chr4","81685578","81685883","33","2970713"
"chr6","84815627","84815736","chr6","36908067","36908182","18","47907560"
"chr6","84815924","84816050","chr9","97550947","97551073","18","12735023"
"chr6","84871967","84872270","chr4","81894807","81895100","30","2977160"
"chr6","84929511","84929798","chr4","81951817","81952099","33","2977694"
"chr6","85075761","85076054","chr11","47525504","47525800","48","37550257"
"chr6","85108193","85108495","chr4","82128633","82128923","28","2979560"
"chr6","85128045","85128119","chr1","8947061","8947129","11","76180984"
"chr6","85215063","85215357","chr16","5625017","5625313","33","79590046"
"chr6","85217169","85217467","chr4","82243575","82243874","24","2973594"
"chr6","85286295","85286608","chr10","38609403","38609714","47","46676892"
"chr6","85290638","85290934","chr4","82310786","82311082","22","2979852"
"chr6","85328858","85329168","chr9","57308346","57308642","57","28020512"
"chr6","85342948","85343240","chr16","4755567","4755860","33","80587381"
"chr6","85366502","85366811","chrX","47581011","47581317","38","37785491"
"chr6","85367228","85367537","chr20","55147901","55148203","38","30219327"
"chr6","85443953","85444253","chr4","82470208","82470515","42","2973745"
"chr6","85571594","85571920","chr1","38183470","38183793","54","47388124"
"chr6","85658457","85658761","chr9","52011680","52011987","36","33646777"
"chr6","85715584","85715895","chr4","82740606","82740924","25","2974978"
"chr6","85735727","85735770","chr9","44375547","44375593","7","41360180"
"chr6","85928061","85928366","chr4","82923069","82923371","19","3004992"
"chr6","86020280","86020577","chr4","83013783","83014090","34","3006497"
"chr6","86416256","86416551","chr4","83413630","83413932","34","3002626"
"chr6","86507931","86508218","chr4","83502434","83502732","38","3005497"
"chr6","86542572","86542860","chr4","83538553","83538843","15","3004019"
"chr6","86576249","86576400","chr8","84405447","84405596","18","2170802"
"chr6","86678153","86678449","chr19","49409945","49410241","37","37268208"
"chr6","86680789","86681086","chr4","83689327","83689636","39","2991462"
"chr6","86698549","86698843","chr4","83709263","83709555","29","2989286"
"chr6","86705597","86705907","chr4","83719385","83719692","21","2986212"
"chr6","86737949","86738253","chr4","83754405","83754718","31","2983544"
"chr6","86743600","86743892","chr4","83760614","83760913","40","2982986"
"chr6","86752747","86753026","chr4","83769738","83770021","30","2983009"
"chr6","86765798","86766062","chr3","48739251","48739518","48","38026547"
"chr6","86767327","86767599","chr4","83784296","83784582","35","2983031"
"chr6","86769854","86770130","chr4","83786834","83787110","54","2983020"
"chr6","86780347","86780500","chr1","161035354","161035507","30","74255007"
"chr6","86782927","86783206","chr13","107145184","107145465","49","20362257"
"chr6","86792695","86792996","chr4","83809948","83810252","36","2982747"
"chr6","86797735","86797935","chr19","48448417","48448624","33","38349318"
"chr6","86799826","86800133","chr4","83818225","83818525","36","2981601"
"chr6","86830686","86830821","chr5","3251194","3251329","14","83579492"
"chr6","86833524","86833708","chr20","30561548","30561731","25","56271976"
"chr6","86856802","86857092","chr3","125669969","125670258","34","38813167"
"chr6","86876268","86876536","chr4","83889138","83889406","29","2987130"
"chr6","86890526","86890618","chr12","114084069","114084158","18","27193543"
"chr6","86898220","86898524","chr4","83932951","83933246","25","2965269"
"chr6","86899266","86899564","chr4","83933985","83934297","37","2965281"
"chr6","86907766","86908073","chr4","83902745","83903052","47","3005021"
"chr6","86947366","86947681","chr7","113559810","113560113","43","26612444"
"chr6","86963166","86963484","chr4","83991631","83991951","27","2971535"
"chr6","87161513","87161793","chr2","104935713","104935991","42","17774200"
"chr6","87178652","87178875","chr16","668407","668615","48","86510245"
"chr6","87188576","87188897","chr4","84168962","84169273","40","3019614"
"chr6","87266726","87267031","chr4","84253100","84253408","34","3013626"
"chr6","87456047","87456334","chr4","17949159","17949445","43","69506888"
"chr6","87618376","87618664","chr5","85707116","85707405","38","1911260"
"chr6","87743051","87743343","chr3","22108401","22108692","58","65634650"
"chr6","87927129","87927309","chr16","48484668","48484845","31","39442461"
"chr6","87998618","87998914","chr20","54532407","54532703","35","33466211"
"chr6","88074866","88074927","chr19","48230799","48230859","14","39844067"
"chr6","88095047","88095361","chr4","85091908","85092210","32","3003139"
"chr6","88112627","88112688","chr19","48230799","48230859","14","39881828"
"chr6","88164485","88164788","chr4","85165089","85165384","32","2999396"
"chr6","88169635","88169927","chr4","85170355","85170651","42","2999280"
"chr6","88206960","88207255","chrX","46755159","46755454","32","41451801"
"chr6","88254625","88254939","chr4","85245596","85245908","39","3009029"
"chr6","88264807","88264939","chr12","121124958","121125092","13","32860151"
"chr6","88328461","88328752","chr5","51540643","51540938","30","36787818"
"chr6","88330571","88330878","chr4","85330612","85330918","39","2999959"
"chr6","88333103","88333399","chr4","85333072","85333361","33","3000031"
"chr6","88338855","88339146","chr4","85339215","85339506","23","2999640"
"chr6","88341879","88342148","chr4","85342261","85342520","33","2999618"
"chr6","88343079","88343376","chr3","166005666","166005965","38","77662587"
"chr6","88347160","88347464","chr6","49699191","49699492","31","38647969"
"chr6","88389475","88389765","chr4","85387290","85387586","31","3002185"
"chr6","88392324","88392622","chr4","85388765","85389080","44","3003559"
"chr6","88395858","88396149","chr4","85392325","85392612","29","3003533"
"chr6","88400611","88400906","chr4","85396950","85397246","22","3003661"
"chr6","88473854","88474160","chr4","85462190","85462496","21","3011664"
"chr6","88527950","88528244","chr16","6465810","6466105","38","82062140"
"chr6","88529896","88530084","chr7","71783059","71783252","43","16746837"
"chr6","88535504","88535790","chr16","16775884","16776176","34","71759620"
"chr6","88551971","88552279","chr8","6545261","6545567","37","82006710"
"chr6","88566046","88566334","chr4","85543032","85543312","39","3023014"
"chr6","88575550","88575814","chr1","139650554","139650817","30","51075004"
"chr6","88587068","88587356","chr4","85563321","85563620","33","3023747"
"chr6","88587737","88588037","chr4","85563979","85564284","24","3023758"
"chr6","88589313","88589610","chr15","45627484","45627786","39","42961829"
"chr6","88623557","88623849","chr4","85601360","85601652","12","3022197"
"chr6","88667413","88667576","chrX","41188728","41188898","28","47478685"
"chr6","88674241","88674373","chr1","162948066","162948191","23","74273825"
"chr6","88677203","88677503","chr4","85642032","85642329","31","3035171"
"chr6","88692988","88693287","chr4","85655531","85655829","11","3037457"
"chr6","88699485","88699648","chr2","74327001","74327153","31","14372484"
"chr6","88731845","88731954","chrX","63155876","63155980","25","25575969"
"chr6","88761445","88761734","chr4","85722995","85723293","33","3038450"
"chr6","88766730","88767022","chr1","41691570","41691860","32","47075160"
"chr6","88769322","88769624","chr4","85728595","85728903","33","3040727"
"chr6","88785139","88785426","chr4","85744595","85744893","29","3040544"
"chr6","88791916","88792218","chr4","85751128","85751437","21","3040788"
"chr6","88793715","88793847","chr6","112900424","112900559","16","24106709"
"chr6","88822144","88822281","chr4","71089491","71089624","20","17732653"
"chr6","88826571","88826642","chr1","164780953","164781021","13","75954382"
"chr6","88831825","88832125","chr3","64580661","64580960","42","24251164"
"chr6","88837403","88837671","chr4","85796437","85796710","32","3040966"
"chr6","88840705","88840999","chr4","85800075","85800358","33","3040630"
"chr6","88845212","88845492","chr4","85804765","85805068","42","3040447"
"chr6","88851318","88851620","chr4","85810882","85811186","24","3040436"
"chr6","88860902","88861204","chr3","167617294","167617594","41","78756392"
"chr6","88885426","88885735","chr4","85842279","85842583","35","3043147"
"chr6","88896621","88896829","chr9","17774080","17774288","36","71122541"
"chr6","88903988","88904222","chr7","21635779","21636013","29","67268209"
"chr6","88909340","88909631","chr14","16631290","16631583","39","72278050"
"chr6","88914268","88914554","chr1","25647657","25647947","34","63266611"
"chr6","88916476","88916770","chr15","6371105","6371399","31","82545371"
"chr6","88941975","88942274","chr16","19170014","19170315","38","69771961"
"chr6","88950163","88950463","chr4","85906401","85906712","35","3043762"
"chr6","88951313","88951608","chr4","85907580","85907882","24","3043733"
"chr6","88956623","88956879","chr10","45104627","45104885","39","43851996"
"chr6","88970299","88970617","chr4","32376720","32377029","37","56593579"
"chr6","88973376","88973660","chr4","85927935","85928216","32","3045441"
"chr6","88981862","88982158","chr4","85936125","85936426","32","3045737"
"chr6","88983057","88983340","chr4","85937303","85937588","20","3045754"
"chr6","89037054","89037379","chr10","74377611","74377915","49","14659443"
"chr6","89059005","89059305","chr4","86018829","86019125","21","3040176"
"chr6","89074115","89074423","chr4","86034227","86034529","27","3039888"
"chr6","89077142","89077436","chr4","86037299","86037594","30","3039843"
"chr6","89121937","89122238","chr7","34134376","34134677","41","54987561"
"chr6","89167733","89168056","chr4","86131660","86131978","32","3036073"
"chr6","89253758","89254008","chr1","129089131","129089396","52","39835373"
"chr6","89279154","89279451","chr19","12301450","12301744","42","76977704"
"chr6","89295342","89295650","chr4","86262082","86262390","21","3033260"
"chr6","89325530","89325840","chr4","86291488","86291793","29","3034042"
"chr6","89435629","89435776","chr9","60169079","60169227","25","29266550"
"chr6","89528317","89528640","chr4","86483039","86483351","38","3045278"
"chr6","89576384","89576697","chr16","66951443","66951748","46","22624941"
"chr6","89608989","89609258","chr4","86547658","86547927","19","3061331"
"chr6","89617563","89617881","chr4","86556285","86556587","40","3061278"
"chr6","89826404","89826704","chr1","9601563","9601859","34","80224841"
"chr6","89874648","89874946","chr4","86818625","86818924","24","3056023"
"chr6","89889350","89889564","chr13","94935954","94936168","38","5046604"
"chr6","89930588","89930877","chr4","86871345","86871626","33","3059243"
"chr6","89940005","89940137","chr1","128926502","128926636","14","38986497"
"chr6","89968785","89969076","chr4","86907831","86908131","36","3060954"
"chr6","90022985","90023278","chr4","86953922","86954219","28","3069063"
"chr6","90058019","90058291","chr11","1219920","1220192","40","88838099"
"chr6","90084592","90084728","chr4","87012781","87012921","17","3071811"
"chr6","90109865","90110191","chr6","68100155","68100459","53","22009710"
"chr6","90114909","90115041","chr3","40768859","40768991","13","49346050"
"chr6","90115905","90116058","chr1","89718597","89718758","26","397308"
"chr6","90130351","90130623","chr10","26389786","26390053","33","63740565"
"chr6","90176583","90176784","chr10","61601371","61601572","44","28575212"
"chr6","90177572","90177644","chr6","67382192","67382262","7","22795380"
"chr6","90183255","90183514","chr10","63527143","63527393","64","26656112"
"chr6","90183802","90183988","chr15","104316011","104316193","25","14132209"
"chr6","90184707","90185002","chr1","200028486","200028781","34","109843779"
"chr6","90186129","90186273","chr5","3359370","3359521","39","86826759"
"chr6","90192372","90192670","chrX","44790338","44790634","39","45402034"
"chr6","90206255","90206551","chr4","118186366","118186660","34","27980111"
"chr6","90208463","90208595","chr5","3251194","3251329","11","86957269"
"chr6","90211568","90211842","chr10","84017809","84018084","45","6193759"
"chr6","90227252","90227485","chr16","39533877","39534110","25","50693375"
"chr6","90249784","90250065","chr4","87173046","87173317","26","3076738"
"chr6","90251673","90251972","chrX","52560249","52560544","36","37691424"
"chr6","90260297","90260424","chr3","157313553","157313675","24","67053256"
"chr6","90260425","90260494","chr6","34141226","34141293","7","56119199"
"chr6","90262425","90262731","chr4","87185742","87186053","29","3076683"
"chr6","90275715","90276020","chr4","87199034","87199328","32","3076681"
"chr6","90298684","90298960","chr4","32548222","32548502","49","57750462"
"chr6","90313231","90313528","chr4","87225982","87226279","20","3087249"
"chr6","90317843","90318135","chr4","87231158","87231446","25","3086685"
"chr6","90320603","90320919","chr4","87234179","87234497","36","3086424"
"chr6","90342135","90342439","chr4","87256855","87257162","31","3085280"
"chr6","90344756","90345051","chr9","112271207","112271498","37","21926451"
"chr6","90349813","90350136","chr4","29093858","29094168","54","61255955"
"chr6","90374240","90374554","chr4","87297083","87297389","23","3077157"
"chr6","90392587","90392887","chr4","87314035","87314341","30","3078552"
"chr6","90407950","90408251","chrX","18944021","18944317","32","71463929"
"chr6","90411407","90411647","chr7","161419954","161420190","38","71008547"
"chr6","90451961","90452112","chr1","97035534","97035689","22","6583573"
"chr6","90460740","90461038","chr8","68754792","68755088","43","21705948"
"chr6","90498799","90499077","chr4","87423652","87423932","28","3075147"
"chr6","90561215","90561515","chr4","87492395","87492703","31","3068820"
"chr6","90591683","90591848","chr4","87522922","87523087","17","3068761"
"chr6","90592154","90592287","chr4","87523384","87523517","10","3068770"
"chr6","90599698","90599863","chr1","185388513","185388679","33","94788815"
"chr6","90608042","90608327","chr17","29335507","29335791","36","61272535"
"chr6","90621099","90621400","chr4","87550724","87551022","27","3070375"
"chr6","90624149","90624433","chr4","67157808","67158095","48","23466341"
"chr6","90626422","90626751","chr4","87556126","87556443","41","3070296"
"chr6","90632080","90632357","chr17","5166575","5166846","44","85465505"
"chr6","90662306","90662598","chr1","25647657","25647947","43","65014649"
"chr6","90717013","90717295","chr11","101117572","101117854","46","10400559"
"chr6","90736820","90737103","chr4","87670349","87670642","39","3066471"
"chr6","90743180","90743387","chr7","164725775","164725981","33","73982595"
"chr6","90743443","90743539","chr1","94182742","94182844","22","3439299"
"chr6","90753164","90753448","chr9","5713218","5713508","36","85039946"
"chr6","90754629","90754907","chr2","40746353","40746634","37","50008276"
"chr6","90776219","90776392","chr4","87709315","87709484","14","3066904"
"chr6","90788134","90788271","chr8","143494670","143494809","24","52706536"
"chr6","90853393","90853683","chr17","23035596","23035884","37","67817797"
"chr6","90909533","90909771","chrX","30301913","30302139","52","60607620"
"chr6","90925102","90925379","chr3","72301214","72301490","38","18623888"
"chr6","90938147","90938305","chr1","74610219","74610377","31","16327928"
"chr6","90945639","90945944","chr20","55147901","55148203","43","35797738"
"chr6","90950897","90951027","chr19","45249393","45249524","15","45701504"
"chr6","90968010","90968309","chr4","87959235","87959532","32","3008775"
"chr6","90970914","90971133","chr3","3868886","3869104","28","87102028"
"chr6","90972030","90972219","chr17","61011127","61011317","25","29960903"
"chr6","90972360","90972436","chr16","69597525","69597599","12","21374835"
"chr6","90972773","90973090","chr4","87963838","87964139","37","3008935"
"chr6","90975856","90975948","chr3","94091253","94091337","25","3115397"
"chr6","90982141","90982394","chr13","24107170","24107423","18","66874971"
"chr6","90982716","90983022","chr3","162005673","162005975","37","71022957"
"chr6","90984616","90984706","chr4","119411487","119411572","16","28426871"
"chr6","90985090","90985127","chr3","183731800","183731837","10","92746710"
"chr6","90985138","90985207","chrX","1169850","1169920","6","89815288"
"chr6","90986842","90987163","chr3","126282662","126282957","69","35295820"
"chr6","90999652","90999943","chr4","87982753","87983049","31","3016899"
"chr6","91004181","91004471","chr1","207534482","207534769","38","116530301"
"chr6","91009530","91009674","chr9","60468807","60468951","18","30540723"
"chr6","91025243","91025446","chr4","88007497","88007701","15","3017746"
"chr6","91030721","91030826","chr9","112128434","112128552","21","21097713"
"chr6","91030848","91030880","chr8","98051463","98051500","9","7020615"
"chr6","91045169","91045460","chr20","8006906","8007198","34","83038263"
"chr6","91053081","91053387","chr4","88034306","88034609","25","3018775"
"chr6","91058446","91058753","chr1","187273952","187274251","40","96215506"
"chr6","91131720","91132017","chr1","142214846","142215140","29","51083126"
"chr6","91289582","91289885","chr4","88267224","88267521","37","3022358"
"chr6","91425353","91425644","chr2","163765962","163766261","49","72340609"
"chr6","91428897","91429201","chr4","88410610","88410912","25","3018287"
"chr6","91479790","91480069","chr4","88461500","88461786","32","3018290"
"chr6","91491814","91492125","chr8","129162500","129162803","37","37670686"
"chr6","91542517","91542804","chr4","88528750","88529037","22","3013767"
"chr6","91613851","91614163","chr4","88607888","88608193","31","3005963"
"chr6","91785857","91786166","chr14","104880378","104880684","38","13094521"
"chr6","91799720","91800047","chr4","88791442","88791761","40","3008278"
"chr6","91815864","91816136","chr11","47888166","47888435","48","43927698"
"chr6","91993697","91993983","chrX","114333767","114334056","38","22340070"
"chr6","92148737","92149036","chr4","89131840","89132143","47","3016897"
"chr6","92167635","92167928","chr3","2986573","2986865","34","89181062"
"chr6","92309720","92310019","chr4","89298015","89298319","27","3011705"
"chr6","92402494","92402792","chr7","132957306","132957601","38","40554812"
"chr6","92500014","92500314","chr4","86818625","86818924","37","5681389"
"chr6","92589324","92589616","chr4","89575748","89576047","39","3013576"
"chr6","92609184","92609471","chr4","89592314","89592602","29","3016870"
"chr6","92657085","92657100","chr3","126044903","126044917","2","33387818"
"chr6","92657197","92657491","chr15","11112996","11113289","32","81544201"
"chr6","92853479","92853784","chr4","89851828","89852128","29","3001651"
"chr6","92872638","92872933","chr11","94267406","94267702","33","1394768"
"chr6","93008842","93009110","chr10","28302353","28302618","39","64706489"
"chr6","93152807","93153123","chr1","31707100","31707414","48","61445707"
"chr6","93235326","93235608","chr4","90242908","90243190","38","2992418"
"chr6","93359678","93359968","chr4","90372862","90373152","26","2986816"
"chr6","93369401","93369695","chr6","175025449","175025731","64","81656048"
"chr6","93387606","93387898","chr4","90397164","90397455","37","2990442"
"chr6","93459502","93459783","chr4","90472356","90472642","38","2987146"
"chr6","93505895","93506177","chr2","44663344","44663625","37","48842551"
"chr6","93631878","93632168","chr4","90649406","90649705","41","2982472"
"chr6","93636268","93636580","chr4","90654107","90654411","34","2982161"
"chr6","93766945","93767253","chr4","90804458","90804765","33","2962487"
"chr6","93829635","93829934","chr7","6278962","6279265","43","87550673"
"chr6","93958214","93958490","chr7","117919933","117920212","33","23961719"
"chr6","93969514","93969800","chr4","114813653","114813942","32","20844139"
"chr6","94069012","94069320","chr6","64212269","64212574","45","29856743"
"chr6","94090787","94091075","chr6","120904803","120905069","68","26814016"
"chr6","94213886","94213984","chr1","95918869","95918957","34","1704983"
"chr6","94238167","94238475","chr4","91270017","91270323","40","2968150"
"chr6","94385737","94386045","chr4","91416240","91416541","29","2969497"
"chr6","94457823","94458121","chr7","2877777","2878073","36","91580046"
"chr6","94670929","94671236","chr7","68708818","68709123","41","25962111"
"chr6","95024298","95024529","chr6","136945003","136945234","33","41920705"
"chr6","95041858","95042144","chr4","92079809","92080099","31","2962049"
"chr6","95166733","95166866","chr1","221667037","221667171","19","126500304"
"chr6","95167159","95167347","chr20","30561548","30561731","36","64605611"
"chr6","95247824","95248110","chr4","92325932","92326209","35","2921892"
"chr6","95350847","95351133","chr6","56014347","56014628","46","39336500"
"chr6","95550771","95551048","chr4","92636732","92637009","45","2914039"
"chr6","95594454","95594631","chr14","21073104","21073277","28","74521350"
"chr6","95594663","95594783","chr8","98683889","98684008","18","3089226"
"chr6","95796639","95796693","chr3","50347199","50347247","9","45449440"
"chr6","96710891","96711113","chr9","93193547","93193778","34","3517344"
"chr6","96829496","96829801","chr20","21068534","21068830","53","75760962"
"chr6","96953584","96953871","chr4","93515486","93515768","29","3438098"
"chr6","96991690","96991979","chr4","93551897","93552184","44","3439793"
"chr6","97079258","97079568","chr4","93651325","93651630","30","3427933"
"chr6","97103165","97103325","chr5","3359370","3359521","58","93743795"
"chr6","97422042","97422322","chr9","28728990","28729273","34","68693052"
"chr6","97476379","97476639","chr4","94108934","94109194","17","3367445"
"chr6","97524393","97524679","chr17","10508681","10508962","50","87015712"
"chr6","97648042","97648345","chr1","122711901","122712203","40","25063859"
"chr6","97876632","97876943","chr4","94570921","94571223","32","3305711"
"chr6","97878347","97878640","chr4","94572632","94572942","40","3305715"
"chr6","98122985","98123245","chr13","88270653","88270911","28","9852332"
"chr6","98309003","98309296","chr4","95028782","95029074","36","3280221"
"chr6","98327069","98327376","chr1","217832381","217832688","39","119505312"
"chr6","98371433","98371738","chr3","132257604","132257913","48","33886171"
"chr6","98428772","98429057","chr18","5146676","5146960","38","93282096"
"chr6","98476109","98476424","chr3","142440721","142441033","37","43964612"
"chr6","98491310","98491606","chr7","41300059","41300359","40","57191251"
"chr6","98569552","98569845","chr7","43804587","43804883","44","54764965"
"chr6","98617221","98617520","chr4","95357750","95358055","28","3259471"
"chr6","98741182","98741452","chr6","124015101","124015363","46","25273919"
"chr6","98822490","98822692","chr7","49412007","49412208","34","49410483"
"chr6","98858192","98858498","chr10","12541086","12541391","35","86317106"
"chr6","98953918","98954107","chr12","89418847","89419033","42","9535071"
"chr6","98954901","98955186","chr7","31825261","31825546","36","67129640"
"chr6","98980820","98981126","chr1","44032064","44032350","49","54948756"
"chr6","99018767","99019050","chr4","95745508","95745787","35","3273259"
"chr6","99024452","99024743","chr7","43807156","43807450","31","55217296"
"chr6","99031335","99031647","chr4","95763507","95763815","25","3267828"
"chr6","99096722","99096998","chr4","95827628","95827912","24","3269094"
"chr6","99218136","99218427","chr3","90250174","90250467","43","8967962"
"chr6","99264320","99264364","chr1","109985445","109985491","10","10721125"
"chr6","99267234","99267478","chr4","95995934","95996185","27","3271300"
"chr6","99338700","99338999","chr4","96070839","96071131","44","3267861"
"chr6","99684480","99684790","chr4","96455243","96455542","33","3229237"
"chr6","99788505","99788808","chr4","96558874","96559183","37","3229631"
"chr6","99812120","99812217","chrX","40005683","40005784","16","59806437"
"chr6","99812271","99812428","chr1","74610219","74610377","32","25202052"
"chr6","99842849","99843138","chrX","23351237","23351529","32","76491612"
"chr6","99865572","99865885","chrX","51826011","51826324","43","48039561"
"chr6","99961380","99961676","chr4","96741312","96741606","29","3220068"
"chr6","99975229","99975514","chr15","14879367","14879661","46","85095862"
"chr6","100135807","100136109","chr9","41445011","41445317","58","58690796"
"chr6","100281853","100282162","chr9","13812138","13812443","34","86469715"
"chr6","100380210","100380491","chr3","157375862","157376143","41","56995652"
"chr6","100419323","100419627","chr15","108373026","108373322","39","7953703"
"chr6","100507842","100508140","chr4","97295589","97295887","24","3212253"
"chr6","100533426","100533497","chr8","33633747","33633811","19","66899679"
"chr6","100623825","100624026","chr16","76410039","76410234","31","24213786"
"chr6","100650676","100650970","chr4","97430266","97430565","31","3220410"
"chr6","100656664","100656835","chr5","147453129","147453298","32","46796465"
"chr6","100779536","100779837","chr4","97570714","97571011","31","3208822"
"chr6","100983325","100983624","chr4","97769444","97769747","22","3213881"
"chr6","101038528","101038832","chr4","97820394","97820702","24","3218134"
"chr6","101063662","101063955","chr3","2986573","2986865","38","98077089"
"chr6","101085464","101085762","chr7","117503798","117504092","32","16418334"
"chr6","101108089","101108371","chr4","97892102","97892384","30","3215987"
"chr6","101108941","101109261","chr4","97892954","97893272","18","3215987"
"chr6","101117542","101117651","chr3","3847698","3847802","20","97269844"
"chr6","101117652","101117752","chr16","667338","667442","13","100450314"
"chr6","101118412","101118708","chr4","97902330","97902616","27","3216082"
"chr6","101142077","101142374","chr4","97926319","97926621","39","3215758"
"chr6","101166133","101166407","chr4","97951092","97951358","31","3215041"
"chr6","101196040","101196330","chr4","97974627","97974928","31","3221413"
"chr6","101197381","101197578","chr7","49412007","49412208","33","51785374"
"chr6","101199128","101199406","chr4","97978161","97978457","36","3220967"
"chr6","101199523","101199782","chr4","97978644","97978918","33","3220879"
"chr6","101216388","101216680","chr4","98001898","98002191","27","3214490"
"chr6","101230323","101230628","chr4","98014102","98014400","31","3216221"
"chr6","101241429","101241730","chr19","20676318","20676616","30","80565111"
"chr6","101246556","101246847","chr4","98027671","98027971","28","3218885"
"chr6","101253599","101253741","chr14","6351116","6351258","31","94902483"
"chr6","101269078","101269366","chr1","212896637","212896929","36","111627559"
"chr6","101275855","101276153","chr4","98056956","98057254","25","3218899"
"chr6","101287294","101287591","chr8","94510144","94510444","38","6777150"
"chr6","101292572","101292816","chr1","41686550","41686797","57","59606022"
"chr6","101306988","101307274","chr4","98089612","98089898","21","3217376"
"chr6","101322331","101322643","chr4","98105158","98105460","28","3217173"
"chr6","101612227","101612516","chr4","98383210","98383497","29","3229017"
"chr6","101854060","101854362","chr8","38607474","38607771","37","63246586"
"chr6","101930597","101930897","chr1","39804102","39804403","32","62126495"
"chr6","102135071","102135380","chr10","25939608","25939917","44","76195463"
"chr6","102277556","102277854","chr4","99098094","99098390","38","3179462"
"chr6","102333741","102334010","chr4","99145288","99145565","35","3188453"
"chr6","102348596","102348891","chr4","99159798","99160100","33","3188798"
"chr6","102393188","102393488","chr4","99210263","99210565","41","3182925"
"chr6","102568098","102568396","chr15","25165160","25165465","39","77402938"
"chr6","102571708","102571991","chr4","99388065","99388348","11","3183643"
"chr6","102614787","102615077","chr4","99431327","99431625","41","3183460"
"chr6","102752136","102752392","chr4","99570137","99570408","38","3181999"
"chr6","102910934","102911232","chr4","99731519","99731827","39","3179415"
"chr6","102996727","102997005","chr9","64310443","64310725","32","38686284"
"chr6","103033662","103033958","chr2","107422966","107423258","39","4389304"
"chr6","103076307","103076596","chr4","99967506","99967791","26","3108801"
"chr6","103207848","103208150","chr4","100101309","100101608","40","3106539"
"chr6","103209144","103209448","chrX","47742571","47742875","34","55466573"
"chr6","103506682","103506977","chr4","100455069","100455360","44","3051613"
"chr6","103577961","103578271","chr4","100528323","100528626","34","3049638"
"chr6","103713516","103713792","chr4","100735795","100736071","29","2977721"
"chr6","103791026","103791318","chr3","43006950","43007246","39","60784076"
"chr6","103798232","103798547","chr4","100883993","100884305","29","2914239"
"chr6","103838967","103839280","chr1","51588054","51588359","44","52250913"
"chr6","103908010","103908277","chr3","27110656","27110920","39","76797354"
"chr6","104147520","104147822","chr4","101298506","101298803","38","2849014"
"chr6","104311077","104311213","chr7","67248169","67248300","23","37062908"
"chr6","104395209","104395482","chr19","29088081","29088361","40","75307128"
"chr6","104576048","104576344","chr4","101761995","101762288","33","2814053"
"chr6","104612738","104613048","chr5","25083724","25084024","42","79529014"
"chr6","104795840","104796121","chr4","102012578","102012867","27","2783262"
"chr6","104811673","104811967","chr14","46148744","46149038","30","58662929"
"chr6","104827595","104827897","chr4","102044439","102044740","25","2783156"
"chr6","104902593","104902890","chr5","24690088","24690384","42","80212505"
"chr6","104956586","104956772","chr3","167196537","167196723","30","62239951"
"chr6","104988135","104988435","chr17","71346360","71346666","36","33641775"
"chr6","105003494","105003694","chr7","71783059","71783252","45","33220435"
"chr6","105059071","105059354","chr14","31734097","31734384","42","73324974"
"chr6","105099280","105099571","chr4","102264935","102265223","26","2834345"
"chr6","105250426","105250719","chr20","8006906","8007198","35","97243520"
"chr6","105268903","105269198","chr1","52875145","52875442","38","52393758"
"chr6","105461495","105461784","chr4","102619821","102620122","31","2841674"
"chr6","105595055","105595352","chr7","165267923","165268219","39","59672868"
"chr6","105807962","105808257","chr2","202321693","202321984","51","96513731"
"chr6","105835844","105836124","chr4","106225665","106225947","28","389821"
"chr6","105888417","105888712","chr4","106177932","106178223","24","289515"
"chr6","106024585","106024861","chr2","201418236","201418520","36","95393651"
"chr6","106114632","106114931","chr9","93839355","93839654","33","12275277"
"chr6","106135250","106135548","chr4","105865035","105865325","32","270215"
"chr6","106179754","106180058","chr8","94510144","94510444","34","11669610"
"chr6","106226135","106226427","chr4","105773997","105774278","27","452138"
"chr6","106243663","106243956","chr4","105756907","105757191","38","486756"
"chr6","106343753","106344033","chrX","40056549","40056830","39","66287204"
"chr6","106412973","106413260","chr6","169544343","169544629","40","63131370"
"chr6","106456300","106456591","chr3","178976330","178976618","31","72520030"
"chr6","106462648","106462947","chr4","105482499","105482790","25","980149"
"chr6","106469682","106469966","chr8","125790990","125791274","28","19321308"
"chr6","106486339","106486632","chr1","156621353","156621649","42","50135014"
"chr6","106500316","106500617","chr10","80251899","80252198","40","26248417"
"chr6","106514682","106514858","chr11","2904691","2904882","30","103609991"
"chr6","106527760","106528059","chr5","25083724","25084024","38","81444036"
"chr6","106531048","106531351","chr4","105409948","105410251","24","1121100"
"chr6","106533646","106533778","chr1","25829944","25830080","14","80703702"
"chr6","106538887","106539208","chr4","105402013","105402354","41","1136874"
"chr6","106539248","106539546","chr4","105401676","105401972","23","1137572"
"chr6","106555188","106555482","chr4","105385068","105385362","24","1170120"
"chr6","106617664","106617959","chr4","105325140","105325433","28","1292524"
"chr6","106661925","106662226","chrX","23431463","23431760","36","83230462"
"chr6","106700967","106701200","chr17","76043406","76043643","43","30657561"
"chr6","106712603","106712903","chr4","105231277","105231572","42","1481326"
"chr6","106774037","106774310","chr19","2388975","2389250","48","104385062"
"chr6","106828539","106828789","chr4","105120666","105120916","21","1707873"
"chr6","106840685","106840844","chr6","67449602","67449759","31","39391083"
"chr6","106849013","106849300","chr4","105107316","105107621","43","1741697"
"chr6","106863969","106864250","chr8","46567454","46567736","32","60296515"
"chr6","106864281","106864293","chr2","85062306","85062318","2","21801975"
"chr6","106864983","106865277","chr9","99174813","99175107","31","7690170"
"chr6","106874384","106874696","chr12","106930268","106930572","35","55884"
"chr6","106923846","106924148","chr4","105028025","105028325","34","1895821"
"chr6","106942109","106942238","chr2","192722632","192722764","19","85780523"
"chr6","106955550","106955708","chr11","109938167","109938327","22","2982617"
"chr6","106997143","106997297","chr6","170581131","170581269","40","63583988"
"chr6","107055938","107056223","chrX","139160483","139160766","37","32104545"
"chr6","107059661","107059920","chrX","23580602","23580862","36","83479059"
"chr6","107082209","107082508","chr4","104866370","104866676","29","2215839"
"chr6","107141651","107141943","chr4","104793007","104793305","32","2348644"
"chr6","107180193","107180489","chr4","104753615","104753917","35","2426578"
"chr6","107230633","107230937","chr4","104705701","104706012","29","2524932"
"chr6","107283894","107284196","chr12","57850151","57850455","37","49433743"
"chr6","107343250","107343541","chr4","104587289","104587600","39","2755961"
"chr6","107393550","107393844","chr4","104538229","104538531","33","2855321"
"chr6","107395494","107395792","chr3","41137984","41138279","35","66257510"
"chr6","107417247","107417493","chr2","95477542","95477786","39","11939705"
"chr6","107431214","107431513","chr9","120995661","120995962","32","13564447"
"chr6","107431585","107431888","chr7","113559810","113560113","33","6128225"
"chr6","107459080","107459368","chr5","7365971","7366261","38","100093109"
"chr6","107524560","107524841","chrX","44738121","44738403","30","62786439"
"chr6","107535023","107535319","chr4","104401419","104401716","29","3133604"
"chr6","107536679","107536969","chr1","87274301","87274590","35","20262378"
"chr6","107664743","107665026","chr4","104268035","104268324","30","3396708"
"chr6","107700645","107700907","chr1","139650554","139650817","34","31949909"
"chr6","107721853","107722150","chr4","104144496","104144802","28","3577357"
"chr6","107723372","107723587","chr12","106080182","106080390","51","1643190"
"chr6","107725225","107725504","chr1","185017878","185018156","39","77292653"
"chr6","107812480","107812764","chr20","3279820","3280104","48","104532660"
"chr6","107815426","107815720","chr1","35199549","35199843","34","72615877"
"chr6","107817636","107817933","chr4","104048422","104048715","30","3769214"
"chr6","107820215","107820507","chr11","47525504","47525800","60","60294711"
"chr6","107831339","107831625","chr4","104034743","104035047","33","3796596"
"chr6","107890557","107890858","chr7","126148307","126148604","44","18257750"
"chr6","107980137","107980247","chr17","61702818","61702899","36","46277319"
"chr6","107984591","107984887","chr4","103886831","103887131","33","4097760"
"chr6","108023268","108023558","chr4","103811604","103811898","29","4211664"
"chr6","108058243","108058530","chr4","103775808","103776114","44","4282435"
"chr6","108076875","108077182","chr6","56704408","56704704","44","51372467"
"chr6","108079479","108079767","chr4","103755463","103755749","32","4324016"
"chr6","108080656","108080819","chr4","4726770","4726935","25","103353886"
"chr6","108085657","108085953","chr13","98903435","98903731","35","9182222"
"chr6","108097869","108098161","chr19","44781977","44782268","34","63315892"
"chr6","108115322","108115602","chr2","157887388","157887668","31","49772066"
"chr6","108177268","108177579","chrX","66383160","66383473","43","41794108"
"chr6","108185574","108185876","chr14","109604210","109604507","42","1418636"
"chr6","108187035","108187141","chr12","106135345","106135451","8","2051690"
"chr6","108216832","108217129","chr4","103610573","103610873","28","4606259"
"chr6","108226185","108226480","chr20","8006906","8007198","42","100219279"
"chr6","108232853","108233146","chr3","62999264","62999556","39","45233589"
"chr6","108260928","108261222","chr1","142214846","142215140","28","33953918"
"chr6","108276781","108277046","chr2","83476701","83476971","53","24800080"
"chr6","108281110","108281421","chr4","103546529","103546841","19","4734581"
"chr6","108313890","108314183","chr14","9996563","9996858","41","98317327"
"chr6","108328095","108328405","chr4","103501427","103501734","25","4826668"
"chr6","108341380","108341536","chr6","143310132","143310288","30","34968752"
"chr6","108366294","108366577","chr4","103465026","103465319","29","4901268"
"chr6","108369806","108370113","chr4","103461135","103461441","23","4908671"
"chr6","108371890","108372196","chr4","103459038","103459344","28","4912852"
"chr6","108385727","108386022","chr4","103445599","103445898","27","4940128"
"chr6","108391249","108391557","chr4","103440032","103440341","28","4951217"
"chr6","108425268","108425445","chr20","59426524","59426698","28","48998744"
"chr6","108443363","108443385","chr9","3843439","3843459","2","104599924"
"chr6","108443419","108443692","chr4","103386047","103386324","55","5057372"
"chr6","108471627","108471877","chr16","76058788","76059039","36","32412839"
"chr6","108471924","108471936","chr13","97609380","97609392","2","10862544"
"chr6","108480336","108480630","chr4","103348438","103348728","20","5131898"
"chr6","108514888","108515184","chr7","42525133","42525431","33","65989755"
"chr6","108535466","108535666","chr3","182382271","182382470","26","73846805"
"chr6","108579970","108580266","chr4","103265803","103266097","37","5314167"
"chr6","108614112","108614419","chr4","103234927","103235235","31","5379185"
"chr6","108623509","108623813","chr7","96288952","96289252","35","12334557"
"chr6","108625451","108625603","chr18","719108","719252","25","107906343"
"chr6","108630243","108630343","chr18","34849375","34849481","18","73780868"
"chr6","108630514","108630698","chr8","126054004","126054184","30","17423490"
"chr6","108637276","108637470","chr11","2904691","2904882","27","105732585"
"chr6","108638355","108638656","chr15","105746468","105746766","43","2891887"
"chr6","108640655","108640763","chrX","47018034","47018143","11","61622621"
"chr6","108640962","108641120","chr10","17009374","17009530","28","91631588"
"chr6","108663490","108663756","chrX","43091309","43091572","30","65572181"
"chr6","108667896","108668186","chr4","103176076","103176368","22","5491820"
"chr6","108671620","108671924","chr20","54253129","54253431","39","54418491"
"chr6","108674859","108675142","chr1","140472562","140472840","43","31797703"
"chr6","108675780","108675919","chr10","32575203","32575338","24","76100577"
"chr6","108679960","108680251","chr6","140129906","140130200","38","31449946"
"chr6","108680254","108680557","chr4","103161353","103161657","21","5518901"
"chr6","108681600","108681684","chr7","130361831","130361915","14","21680231"
"chr6","108682215","108682340","chr19","17898812","17898931","20","90783403"
"chr6","108689450","108689743","chr14","7839280","7839573","35","100850170"
"chr6","108692834","108693109","chrX","19389818","19390093","38","89303016"
"chr6","108694928","108695233","chr14","12283910","12284210","36","96411018"
"chr6","108697611","108697883","chr9","59460960","59461233","35","49236651"
"chr6","108697920","108698057","chr9","809263","809394","19","107888657"
"chr6","108700872","108701056","chr10","17022071","17022251","26","91678801"
"chr6","108705371","108705537","chr4","103144036","103144204","11","5561335"
"chr6","108716041","108716341","chr4","103132181","103132486","24","5583860"
"chr6","108739594","108739760","chr5","153191791","153191956","22","44452197"
"chr6","108739761","108740062","chr4","103112855","103113166","36","5626906"
"chr6","108741423","108741707","chr10","7678604","7678892","40","101062819"
"chr6","108749988","108750274","chr4","103102155","103102447","24","5647833"
"chr6","108757990","108758294","chr19","34682388","34682692","44","74075602"
"chr6","108759819","108760117","chr8","100181972","100182273","41","8577847"
"chr6","108773074","108773309","chr10","79821319","79821555","34","28951755"
"chr6","108779728","108780029","chr7","67259746","67260043","35","41519982"
"chr6","108786288","108786577","chr5","121256063","121256355","32","12469775"
"chr6","108788510","108788810","chr9","98408570","98408877","42","10379940"
"chr6","108792495","108792772","chr9","27108753","27109033","49","81683742"
"chr6","108811916","108812272","chr10","15022601","15022963","79","93789315"
"chr6","108820268","108820516","chr4","103033021","103033269","27","5787247"
"chr6","108821646","108821935","chr4","103031269","103031559","33","5790377"
"chr6","108826681","108826987","chr2","89363931","89364239","34","19462750"
"chr6","108829139","108829362","chr9","21502969","21503191","26","87326170"
"chr6","108842395","108842697","chr16","25142150","25142452","34","83700245"
"chr6","108855360","108855682","chr5","187506911","187507234","44","78651551"
"chr6","108860125","108860441","chr11","75778962","75779260","54","33081163"
"chr6","108860550","108860774","chr3","155986918","155987140","35","47126368"
"chr6","108868667","108868968","chr4","102991514","102991817","27","5877153"
"chr6","108885451","108885747","chr16","5048763","5049058","31","103836688"
"chr6","108889638","108889926","chrX","52560249","52560544","40","56329389"
"chr6","108892310","108892433","chrX","23895961","23896086","14","84996349"
"chr6","108895182","108895493","chr4","102963877","102964193","27","5931305"
"chr6","108898148","108898450","chr16","43586850","43587147","34","65311298"
"chr6","108912897","108913205","chr12","120355953","120356262","37","11443056"
"chr6","108915027","108915198","chr1","63918305","63918479","26","44996722"
"chr6","108916331","108916634","chr17","31213886","31214198","48","77702445"
"chr6","108926284","108926602","chr3","64066404","64066716","46","44859880"
"chr6","108934567","108934866","chr4","102920822","102921126","26","6013745"
"chr6","108937949","108938296","chr12","113453261","113453591","58","4515312"
"chr6","108951317","108951574","chr16","55065469","55065727","25","53885848"
"chr6","108952970","108953270","chr4","102901769","102902058","31","6051201"
"chr6","108960207","108960510","chr4","114775709","114776011","32","5815502"
"chr6","108965641","108965938","chr3","117031355","117031646","33","8065714"
"chr6","108972826","108973129","chr4","102880532","102880832","29","6092294"
"chr6","109088543","109088802","chr4","106439817","106440086","24","2648726"
"chr6","109119927","109120236","chr4","106472153","106472454","23","2647774"
"chr6","109130852","109130973","chr8","4917421","4917540","22","104213431"
"chr6","109130974","109131043","chr16","9203920","9203989","8","99927054"
"chr6","109141664","109141826","chr2","150256571","150256736","30","41114907"
"chr6","109143156","109143288","chr1","130415820","130415954","12","21272664"
"chr6","109183427","109183710","chr10","79442589","79442872","33","29740838"
"chr6","109283668","109283969","chr4","106639872","106640167","28","2643796"
"chr6","109315502","109315814","chr16","56526638","56526950","37","52788864"
"chr6","109347688","109347986","chr9","5713218","5713508","41","103634470"
"chr6","109358423","109358727","chr4","106717900","106718204","17","2640523"
"chr6","109390255","109390374","chr1","123145127","123145241","22","13754872"
"chr6","109391283","109391583","chr2","160116033","160116329","35","50724750"
"chr6","109402093","109402378","chr4","106761206","106761506","38","2640887"
"chr6","109414630","109414885","chr5","48949788","48950043","37","60464842"
"chr6","109442305","109442602","chr4","106801467","106801765","26","2640838"
"chr6","109466049","109466341","chr4","106827701","106827999","31","2638348"
"chr6","109511223","109511505","chr4","48141553","48141828","37","61369670"
"chr6","109565761","109566069","chr4","106927773","106928081","23","2637988"
"chr6","109571328","109571394","chr1","140858776","140858842","8","31287448"
"chr6","109584784","109585055","chr4","106946800","106947071","33","2637984"
"chr6","109588569","109588844","chr14","22069390","22069652","55","87519179"
"chr6","109622818","109623113","chr15","6872633","6872929","34","102750185"
"chr6","109623212","109623301","chr15","47001728","47001818","17","62621484"
"chr6","109633741","109633871","chr15","41453053","41453189","26","68180688"
"chr6","109634172","109634316","chr6","147844813","147844957","19","38210641"
"chr6","109650877","109651191","chr7","87824551","87824858","39","21826326"
"chr6","109665791","109666077","chr4","159929666","159929962","37","50263875"
"chr6","109676812","109676945","chr10","29597170","29597304","19","80079642"
"chr6","109687064","109687245","chr10","29597621","29597804","29","80089443"
"chr6","109690583","109690875","chr1","25647657","25647947","34","84042926"
"chr6","109698040","109698332","chr4","159892944","159893237","23","50194904"
"chr6","109729110","109729402","chr4","159855614","159855904","31","50126504"
"chr6","109731425","109731726","chr2","93066869","93067172","39","16664556"
"chr6","109735256","109735547","chr4","159849568","159849869","40","50114312"
"chr6","109736847","109737045","chr6","55060425","55060623","26","54676422"
"chr6","109740620","109740912","chr16","5048763","5049058","33","104691857"
"chr6","109747459","109747759","chr4","159836052","159836354","23","50088593"
"chr6","109748120","109748397","chr5","140003061","140003335","34","30254941"
"chr6","109752886","109753188","chr4","159830753","159831062","23","50077867"
"chr6","109806431","109806503","chr1","153294566","153294642","14","43488135"
"chr6","109808922","109809227","chr4","159772915","159773219","31","49963993"
"chr6","109814219","109814509","chrX","41155740","41156033","39","68658479"
"chr6","109816444","109816744","chr5","108878177","108878479","35","938267"
"chr6","109819063","109819364","chr19","29049025","29049325","38","80770038"
"chr6","109819726","109820015","chr4","159763418","159763704","48","49943692"
"chr6","109847876","109848194","chr4","159734651","159734965","25","49886775"
"chr6","109855024","109855327","chr4","159727067","159727367","45","49872043"
"chr6","109860897","109861191","chr9","114478189","114478482","42","4617292"
"chr6","109880325","109880623","chr4","159700023","159700325","25","49819698"
"chr6","109896105","109896303","chr18","1029987","1030198","35","108866118"
"chr6","109896840","109897140","chr4","159683639","159683933","24","49786799"
"chr6","109899749","109899888","chr1","140276965","140277100","17","30377216"
"chr6","109901585","109901886","chr7","113559810","113560113","44","3658225"
"chr6","109906323","109906608","chr4","159674473","159674748","30","49768150"
"chr6","109908976","109909278","chr4","159671771","159672092","41","49762795"
"chr6","109925465","109925779","chr4","159653877","159654189","25","49728412"
"chr6","109936310","109936459","chr2","163113225","163113381","25","53176915"
"chr6","109947336","109947544","chr3","30112008","30112217","33","79835328"
"chr6","109955680","109955782","chr17","11926089","11926190","12","98029591"
"chr6","109960819","109961121","chr6","73393768","73394067","25","36567051"
"chr6","109973685","109973983","chr3","36442876","36443174","31","73530809"
"chr6","109986963","109987256","chr4","159591492","159591792","31","49604529"
"chr6","110055303","110055581","chr4","159527349","159527618","26","49472046"
"chr6","110057766","110057977","chr4","159524386","159524609","27","49466620"
"chr6","110070812","110071094","chr4","159515796","159516083","21","49444984"
"chr6","110098361","110098649","chr4","159486871","159487175","34","49388510"
"chr6","110109864","110110180","chr4","159476503","159476823","42","49366639"
"chr6","110333803","110334111","chr4","159437934","159438232","37","49104131"
"chr6","110343821","110344106","chr4","159427058","159427359","31","49083237"
"chr6","110346957","110347119","chr12","101822307","101822467","26","8524650"
"chr6","110347234","110347292","chr4","127863386","127863444","8","17516152"
"chr6","110378583","110378869","chr10","49887875","49888163","41","60490708"
"chr6","110391895","110392195","chr3","5426422","5426723","36","104965473"
"chr6","110438019","110438322","chr20","42678956","42679249","47","67759063"
"chr6","110444576","110444875","chr4","159331101","159331409","39","48886525"
"chr6","110493770","110493937","chr7","165092908","165093077","37","54599138"
"chr6","110502931","110503052","chr8","6959684","6959805","16","103543247"
"chr6","110509505","110509808","chr7","40876828","40877129","33","69632677"
"chr6","110512494","110512654","chr2","41008439","41008602","24","69504055"
"chr6","110558480","110558611","chr10","66401425","66401556","17","44157055"
"chr6","110575118","110575418","chr4","159206149","159206461","32","48631031"
"chr6","110582520","110582826","chr12","98695703","98696006","50","11886817"
"chr6","110596009","110596296","chr17","23876636","23876930","41","86719373"
"chr6","110630072","110630373","chr4","159148814","159149109","26","48518742"
"chr6","110671124","110671396","chr4","159108063","159108332","17","48436939"
"chr6","110677727","110678011","chr4","159101736","159102024","19","48424009"
"chr6","110682064","110682345","chr13","25719247","25719537","36","84962817"
"chr6","110716196","110716502","chr4","159059655","159059962","33","48343459"
"chr6","110719106","110719389","chr4","159056459","159056740","24","48337353"
"chr6","110723353","110723652","chr4","159052233","159052534","25","48328880"
"chr6","110739843","110740140","chr4","159034208","159034502","20","48294365"
"chr6","110746951","110747232","chr4","159026707","159026982","25","48279756"
"chr6","110773432","110773593","chr3","160490400","160490565","25","49716968"
"chr6","110775518","110775681","chr7","167773913","167774060","39","56998395"
"chr6","110787072","110787378","chr4","158986143","158986450","16","48199071"
"chr6","110796728","110797047","chr4","158976322","158976642","62","48179594"
"chr6","110823892","110823990","chr2","51286276","51286376","14","59537616"
"chr6","110827978","110828173","chr4","158945399","158945597","20","48117421"
"chr6","110833969","110834066","chr10","37540515","37540618","22","73293454"
"chr6","110880192","110880479","chr4","158893397","158893690","37","48013205"
"chr6","110952036","110952337","chr9","58119634","58119933","35","52832402"
"chr6","110974928","110975240","chr3","372184","372491","44","110602744"
"chr6","111018674","111018954","chr4","158763619","158763920","55","47744945"
"chr6","111029659","111029961","chr13","39986756","39987062","35","71042903"
"chr6","111052410","111052658","chr4","158731243","158731495","20","47678833"
"chr6","111085590","111085879","chr10","27527734","27528023","30","83557856"
"chr6","111187503","111187791","chr3","48983890","48984177","41","62203613"
"chr6","111196634","111196933","chr5","17023948","17024246","31","94172686"
"chr6","111230084","111230210","chr12","20969882","20970005","20","90260202"
"chr6","111233958","111234069","chr19","45144355","45144451","40","66089603"
"chr6","111235797","111236097","chr15","10099117","10099418","33","101136680"
"chr6","111245882","111246185","chr4","158546085","158546391","40","47300203"
"chr6","111287840","111288153","chr4","158505511","158505823","22","47217671"
"chr6","111288942","111289048","chr3","3847698","3847802","16","107441244"
"chr6","111289159","111289360","chr5","112613126","112613329","28","1323967"
"chr6","111330061","111330205","chr4","46673684","46673827","27","64656377"
"chr6","111402315","111402609","chr4","158393042","158393342","27","46990727"
"chr6","111405606","111405919","chr4","158389717","158390027","27","46984111"
"chr6","111425273","111425432","chr1","18496557","18496718","29","92928716"
"chr6","111429013","111429278","chr3","77741676","77741923","80","33687337"
"chr6","111503508","111503794","chr4","158301883","158302185","37","46798375"
"chr6","111626785","111626909","chr1","188132929","188133054","14","76506144"
"chr6","111641443","111641697","chr4","158175535","158175783","28","46534092"
"chr6","111646137","111646436","chr4","158171549","158171840","35","46525412"
"chr6","111700861","111701123","chr4","158116179","158116445","36","46415318"
"chr6","111747101","111747400","chr12","38131097","38131397","30","73616004"
"chr6","111780796","111781106","chr15","51494118","51494425","27","60286678"
"chr6","111824989","111825280","chr4","158002265","158002532","43","46177276"
"chr6","111848395","111848706","chr16","49561590","49561896","36","62286805"
"chr6","111939015","111939202","chr11","2904691","2904882","26","109034324"
"chr6","111983204","111983468","chr1","26387166","26387433","51","85596038"
"chr6","111985100","111985328","chr1","125489324","125489543","38","13504224"
"chr6","112148686","112149011","chr6","139613149","139613472","48","27464463"
"chr6","112178205","112178494","chr4","157692759","157693057","32","45514554"
"chr6","112215833","112216125","chr4","157651583","157651881","27","45435750"
"chr6","112273375","112273532","chr4","4726770","4726935","34","107546605"
"chr6","112298610","112298898","chr4","157567182","157567472","22","45268572"
"chr6","112304060","112304372","chr4","71340384","71340692","39","40963676"
"chr6","112304383","112304690","chr16","45595072","45595379","48","66709311"
"chr6","112307091","112307397","chr4","157559883","157560184","25","45252792"
"chr6","112318924","112319215","chr4","157548084","157548381","30","45229160"
"chr6","112346614","112346925","chr4","157519907","157520219","35","45173293"
"chr6","112375397","112375697","chr4","157487073","157487375","27","45111676"
"chr6","112386104","112386410","chr4","157481881","157482188","26","45095777"
"chr6","112390440","112390739","chr10","30442537","30442830","41","81947903"
"chr6","112458342","112458644","chr4","157392829","157393114","33","44934487"
"chr6","112481239","112481553","chr16","49577471","49577781","44","62903768"
"chr6","112491561","112491853","chr4","157364261","157364557","20","44872700"
"chr6","112505849","112506125","chr4","157348891","157349166","23","44843042"
"chr6","112521897","112522062","chr10","78300000","78300164","20","34221897"
"chr6","112535330","112535645","chr4","157317798","157318106","31","44782468"
"chr6","112556837","112557145","chr17","12537823","12538124","42","100019014"
"chr6","112557998","112558295","chr4","157292713","157293013","22","44734715"
"chr6","112571728","112572012","chr4","157278465","157278757","38","44706737"
"chr6","112579707","112580039","chr4","157271145","157271471","34","44691438"
"chr6","112587349","112587655","chr4","157263376","157263685","32","44676027"
"chr6","112593195","112593495","chr4","157257494","157257788","27","44664299"
"chr6","112616316","112616602","chr4","157234222","157234515","36","44617906"
"chr6","112628606","112628889","chr4","157220736","157221027","34","44592130"
"chr6","112635954","112636250","chr13","81201982","81202278","35","31433972"
"chr6","112639373","112639654","chr6","73721121","73721404","40","38918252"
"chr6","112639680","112639690","chr1","68020121","68020132","1","44619559"
"chr6","112639857","112639953","chr11","127339646","127339744","10","14699789"
"chr6","112641392","112641696","chr5","109045885","109046188","36","3595507"
"chr6","112641804","112642098","chr19","41265969","41266266","34","71375835"
"chr6","112656318","112656628","chr12","115697202","115697510","43","3040884"
"chr6","112660294","112660599","chr7","131731544","131731846","39","19071250"
"chr6","112664799","112665050","chr16","51028861","51029111","51","61635938"
"chr6","112669826","112670138","chr8","52666814","52667124","31","60003012"
"chr6","112683370","112683511","chr4","157163896","157164045","19","44480526"
"chr6","112735993","112736292","chr4","157117611","157117909","29","44381618"
"chr6","112739494","112739507","chr1","197888124","197888138","1","85148630"
"chr6","112739508","112739817","chrX","23558557","23558868","35","89180951"
"chr6","112747645","112747950","chr4","157099613","157099923","29","44351968"
"chr6","112752245","112752428","chr7","125488868","125489055","32","12736623"
"chr6","112759384","112759665","chr9","87564713","87564985","40","25194671"
"chr6","112771729","112771894","chr3","160490400","160490565","26","47718671"
"chr6","112772279","112772534","chr4","157075371","157075646","33","44303092"
"chr6","112783822","112784104","chr20","13120675","13120956","42","99663147"
"chr6","112784263","112784557","chr4","157062363","157062644","32","44278100"
"chr6","112797931","112798230","chr15","1586384","1586685","33","111211547"
"chr6","112805600","112805732","chr1","153724805","153724937","12","40919205"
"chr6","112807082","112807249","chr4","127864075","127864248","26","15056993"
"chr6","112819246","112819552","chr4","157021455","157021771","30","44202209"
"chr6","112845783","112846078","chr1","46180984","46181279","37","66664799"
"chr6","112852406","112852570","chr16","4783204","4783372","31","108069202"
"chr6","112861185","112861474","chr4","156972524","156972822","26","44111339"
"chr6","112865165","112865475","chr4","32376720","32377029","43","80488445"
"chr6","112870867","112871162","chr1","113487119","113487407","42","616252"
"chr6","112879111","112879254","chrX","130438301","130438440","24","17559190"
"chr6","112882296","112882595","chr4","156949603","156949903","19","44067307"
"chr6","112888838","112889030","chrX","117720504","117720665","48","4831666"
"chr6","112889335","112889473","chr11","111623206","111623341","14","1266129"
"chr6","112892632","112892939","chr4","156939330","156939637","21","44046698"
"chr6","112900365","112900658","chr4","156933004","156933298","16","44032639"
"chr6","112921541","112921853","chrX","123974305","123974614","40","11052764"
"chr6","112922842","112922988","chr1","110234634","110234777","14","2688208"
"chr6","112925930","112926130","chr3","50469876","50470069","48","62456054"
"chr6","112929276","112929568","chr1","52506706","52506998","36","60422570"
"chr6","112930510","112930798","chr4","156904292","156904572","30","43973782"
"chr6","112932459","112932767","chr4","22943843","22944153","37","89988616"
"chr6","112935326","112935639","chr4","156898146","156898462","30","43962820"
"chr6","112940258","112940555","chr3","122758536","122758834","38","9818278"
"chr6","112948582","112948742","chr3","36257142","36257313","38","76691440"
"chr6","112948770","112948893","chr1","7373118","7373239","14","105575652"
"chr6","112958870","112959163","chr4","156873203","156873500","23","43914333"
"chr6","112977964","112978270","chr19","11306052","11306358","37","101671912"
"chr6","112988604","112988897","chr14","9996563","9996858","34","102992041"
"chr6","112996807","112997113","chr4","134675515","134675820","30","21678708"
"chr6","113036918","113037219","chr1","21672807","21673105","34","91364111"
"chr6","113040438","113040708","chr4","156794550","156794832","30","43754112"
"chr6","113041138","113041441","chr5","25083724","25084024","40","87957414"
"chr6","113044358","113044655","chr7","9696105","9696408","47","103348253"
"chr6","113054376","113054684","chr4","156779647","156779938","37","43725271"
"chr6","113090573","113090866","chr4","156742660","156742956","27","43652087"
"chr6","113092781","113093070","chr4","156740465","156740742","24","43647684"
"chr6","113109755","113110046","chr1","200092581","200092874","41","86982826"
"chr6","113120844","113121131","chr10","72762845","72763134","34","40357999"
"chr6","113125075","113125379","chr4","156707927","156708239","33","43582852"
"chr6","113154492","113154616","chrX","91756064","91756186","13","21398428"
"chr6","113154952","113155116","chrX","855241","855400","31","112299711"
"chr6","113179182","113179474","chr4","156667453","156667749","18","43488271"
"chr6","113185342","113185629","chr4","156659390","156659675","26","43474048"
"chr6","113198068","113198344","chr4","156646248","156646528","20","43448180"
"chr6","113198486","113198788","chr13","11438541","11438838","35","101759945"
"chr6","113222502","113222810","chr4","156620718","156621031","45","43398216"
"chr6","113225006","113225293","chr4","156618593","156618879","20","43393587"
"chr6","113242537","113242845","chr4","156601045","156601354","22","43358508"
"chr6","113268044","113268338","chr4","156575324","156575632","33","43307280"
"chr6","113350697","113351013","chr4","156492366","156492678","25","43141669"
"chr6","113354830","113355139","chr4","156487943","156488238","40","43133113"
"chr6","113384967","113385233","chr4","156457145","156457417","24","43072178"
"chr6","113396787","113397082","chr8","87785177","87785476","35","25611610"
"chr6","113438543","113438825","chr16","8821830","8822125","46","104616713"
"chr6","113455646","113455817","chr4","156384958","156385131","15","42929312"
"chr6","113455818","113456131","chr4","156384657","156384957","40","42928839"
"chr6","113456132","113456264","chr4","156384534","156384656","18","42928402"
"chr6","113466083","113466381","chr4","156373684","156373984","28","42907601"
"chr6","113478230","113478528","chr4","156360887","156361186","36","42882657"
"chr6","113480817","113481107","chr4","163610184","163610481","35","50129367"
"chr6","113508667","113508798","chr11","63259700","63259833","15","50248967"
"chr6","113523475","113523768","chr3","14179326","14179617","37","99344149"
"chr6","113531110","113531405","chr1","110002842","110003143","32","3528268"
"chr6","113565671","113565959","chr9","13634514","13634810","35","99931157"
"chr6","113590173","113590451","chr4","156251917","156252196","21","42661744"
"chr6","113682089","113682385","chr5","51540643","51540938","34","62141446"
"chr6","113752620","113752925","chr6","161692334","161692640","36","47939714"
"chr6","113777313","113777609","chrX","40985934","40986232","42","72791379"
"chr6","114032831","114033120","chr3","120629145","120629436","36","6596314"
"chr6","114054120","114054269","chr1","202825790","202825940","21","88771670"
"chr6","114070395","114070700","chr4","155773228","155773538","30","41702833"
"chr6","114146979","114147284","chr4","155694382","155694685","18","41547403"
"chr6","114148522","114148676","chr16","43272620","43272787","33","70875902"
"chr6","114148736","114148924","chr20","30561548","30561731","27","83587188"
"chr6","114159735","114160037","chr10","68136492","68136782","47","46023243"
"chr6","114176804","114177029","chr1","20743725","20743945","38","93433079"
"chr6","114209941","114210244","chr7","137866997","137867295","42","23657056"
"chr6","114225784","114226086","chr3","166764076","166764382","44","52538292"
"chr6","114370292","114370567","chr4","155450058","155450326","42","41079766"
"chr6","114392714","114392996","chr1","54366161","54366450","51","60026553"
"chr6","114461142","114461444","chr4","155360415","155360704","37","40899273"
"chr6","114492820","114493121","chr4","155327741","155328036","23","40834921"
"chr6","114565629","114565927","chr20","22800828","22801125","30","91764801"
"chr6","114669297","114669456","chr8","38416396","38416555","25","76252901"
"chr6","114914795","114915079","chr5","4890809","4891098","44","110023986"
"chr6","115025823","115026074","chr4","154794012","154794284","42","39768189"
"chr6","115037550","115037838","chr19","36211174","36211462","32","78826376"
"chr6","115041004","115041315","chr15","30580753","30581069","43","84460251"
"chr6","115159797","115160103","chr4","154658782","154659088","29","39498985"
"chr6","115276487","115276758","chr4","154505860","154506125","30","39229373"
"chr6","115280115","115280419","chr4","154502479","154502767","43","39222364"
"chr6","115307045","115307331","chr2","104843568","104843853","45","10463477"
"chr6","115308304","115308614","chrX","135197869","135198180","36","19889565"
"chr6","115347933","115348243","chr19","29440839","29441149","39","85907094"
"chr6","115362591","115362894","chr3","74170622","74170921","43","41191969"
"chr6","115385776","115386073","chr12","81710970","81711266","31","33674806"
"chr6","115415846","115416106","chr3","155645632","155645891","36","40229786"
"chr6","115463384","115463689","chr2","68982505","68982810","40","46480879"
"chr6","115468825","115469132","chr4","154323965","154324263","34","38855140"
"chr6","115480680","115480988","chr4","154311786","154312094","39","38831106"
"chr6","115484358","115484692","chrX","44551945","44552291","54","70932413"
"chr6","115498538","115498834","chr4","154294360","154294656","24","38795822"
"chr6","115511036","115511325","chr4","154281345","154281633","27","38770309"
"chr6","115543020","115543336","chr10","58328658","58328966","51","57214362"
"chr6","115548228","115548520","chr4","154242862","154243159","28","38694634"
"chr6","115548769","115549080","chr4","154242295","154242610","28","38693526"
"chr6","115566419","115566732","chr11","54384246","54384559","48","61182173"
"chr6","115572045","115572352","chr4","154218383","154218686","29","38646338"
"chr6","115588275","115588341","chr15","8578102","8578170","5","107010173"
"chr6","115588575","115588881","chr1","97853233","97853535","38","17735342"
"chr6","115592248","115592414","chr16","43272620","43272787","24","72319628"
"chr6","115601415","115601721","chr4","154188107","154188410","25","38586692"
"chr6","115609545","115609844","chr10","70558317","70558615","39","45051228"
"chr6","115609865","115609935","chr16","12841703","12841771","10","102768162"
"chr6","115626140","115626371","chr9","93284979","93285214","30","22341161"
"chr6","115677062","115677348","chr1","61767445","61767730","38","53909617"
"chr6","115678202","115678485","chr9","106051939","106052219","42","9626263"
"chr6","115683735","115683999","chr1","139650554","139650817","40","23966819"
"chr6","115694136","115694423","chr9","84478732","84479016","35","31215404"
"chr6","115701251","115701533","chr8","26852445","26852726","43","88848806"
"chr6","115706825","115707134","chr4","154081612","154081908","38","38374787"
"chr6","115738771","115739073","chr1","165803030","165803332","33","50064259"
"chr6","115812005","115812323","chr4","153971956","153972265","44","38159951"
"chr6","115819045","115819343","chr4","153965149","153965449","42","38146104"
"chr6","115840213","115840522","chr4","153943816","153944127","23","38103603"
"chr6","115855170","115855459","chr4","153926344","153926643","28","38071174"
"chr6","115891914","115892232","chr3","77608061","77608372","44","38283853"
"chr6","115910600","115910875","chr1","161470288","161470571","56","45559688"
"chr6","115923082","115923369","chr1","40356653","40356941","41","75566429"
"chr6","116096057","116096316","chrX","9032824","9033079","39","107063233"
"chr6","116108783","116109081","chr12","115436895","115437193","34","671888"
"chr6","116253359","116253662","chr14","113361868","113362171","31","2891491"
"chr6","116257798","116258052","chr4","153518820","153519072","22","37261022"
"chr6","116304142","116304427","chr4","153483591","153483876","19","37179449"
"chr6","116501502","116501789","chr14","75784241","75784526","41","40717261"
"chr6","116542117","116542409","chr16","23281277","23281572","39","93260840"
"chr6","116639745","116640032","chr4","153149273","153149560","21","36509528"
"chr6","116641878","116642182","chr1","162713133","162713436","38","46071255"
"chr6","116820652","116820985","chr1","7216647","7216973","55","109604005"
"chr6","116821252","116821564","chr4","152981840","152982149","25","36160588"
"chr6","117530417","117530703","chr4","152293762","152294053","31","34763345"
"chr6","117767499","117767804","chr20","55147901","55148203","35","62619598"
"chr6","117802350","117802474","chr4","34364492","34364617","17","83437858"
"chr6","117837726","117838009","chr1","114396181","114396455","45","3441545"
"chr6","117883484","117883763","chr9","123033216","123033491","40","5149732"
"chr6","117968843","117969140","chr4","151796017","151796305","27","33827174"
"chr6","117995967","117996114","chr16","43975891","43976038","29","74020076"
"chr6","118571396","118571555","chr16","43272620","43272787","28","75298776"
"chr6","118580051","118580347","chr4","151192143","151192437","34","32612092"
"chr6","118587063","118587365","chrX","19567357","19567658","40","99019706"
"chr6","118590620","118590934","chr4","151181065","151181372","50","32590445"
"chr6","118643170","118643469","chr4","151134332","151134632","30","32491162"
"chr6","118661518","118661658","chr3","82640548","82640683","28","36020970"
"chr6","118663123","118663410","chr4","151116727","151117001","36","32453604"
"chr6","118663908","118664123","chr3","3200882","3201085","40","115463026"
"chr6","118670432","118670735","chr6","71534351","71534652","31","47136081"
"chr6","118699084","118699340","chr6","130484936","130485189","27","11785852"
"chr6","118730732","118730915","chr7","95222121","95222323","45","23508611"
"chr6","118852009","118852307","chr4","150936800","150937093","33","32084791"
"chr6","118903963","118904289","chr1","194363890","194364189","66","75459927"
"chr6","118974380","118974674","chr4","150821760","150822043","33","31847380"
"chr6","119142127","119142270","chr4","150675833","150675989","19","31533706"
"chr6","119446923","119447078","chr19","41846791","41846948","20","77600132"
"chr6","119451247","119451522","chr1","223272471","223272743","37","103821224"
"chr6","119489611","119489762","chr6","156060337","156060487","21","36570726"
"chr6","119513095","119513400","chr4","150305937","150306231","30","30792842"
"chr6","119540308","119540608","chr14","124293090","124293393","29","4752782"
"chr6","119558748","119559029","chr17","8182942","8183226","44","111375806"
"chr6","119559623","119559769","chr7","120346484","120346633","21","786861"
"chr6","119582033","119582103","chr3","124810259","124810328","23","5228226"
"chr6","119610005","119610137","chr3","130974704","130974838","13","11364699"
"chr6","119629885","119630185","chr3","155100460","155100758","36","35470575"
"chr6","119687583","119687860","chr4","150125960","150126240","20","30438377"
"chr6","119762166","119762446","chr1","130535169","130535462","51","10773003"
"chr6","119835209","119835497","chr4","149994448","149994751","32","30159239"
"chr6","119864836","119865149","chr4","149961023","149961334","20","30096187"
"chr6","120038033","120038182","chr19","42521816","42521951","40","77516217"
"chr6","120047524","120047686","chr1","89718597","89718758","28","30328927"
"chr6","120277029","120277230","chr12","56585205","56585407","37","63691824"
"chr6","120301336","120301643","chr9","12496442","12496741","40","107804894"
"chr6","120368555","120368704","chr4","44130284","44130433","16","76238271"
"chr6","120405855","120406146","chr1","94852907","94853204","43","25552948"
"chr6","120439468","120439771","chr5","93179263","93179563","40","27260205"
"chr6","120485041","120485265","chr4","149296684","149296907","14","28811643"
"chr6","120508585","120508867","chr4","149272256","149272532","14","28763671"
"chr6","120523324","120523614","chr9","98068023","98068310","33","22455301"
"chr6","120593429","120593698","chr4","149192542","149192813","19","28599113"
"chr6","120623473","120623777","chr4","102859737","102860039","50","17763736"
"chr6","120632766","120633082","chr4","149152465","149152760","56","28519699"
"chr6","120639151","120639282","chr4","115848594","115848725","16","4790557"
"chr6","120642115","120642323","chrX","9150025","9150226","60","111492090"
"chr6","120647259","120647558","chr4","149138627","149138934","31","28491368"
"chr6","120700309","120700586","chr4","149087341","149087630","34","28387032"
"chr6","120726021","120726342","chr4","149060812","149061137","33","28334791"
"chr6","120732478","120732750","chr8","26852445","26852726","48","93880033"
"chr6","120745221","120745525","chr2","54896108","54896413","47","65849113"
"chr6","120752943","120753088","chr7","153191752","153191895","18","32438809"
"chr6","120778278","120778570","chr4","149011131","149011428","29","28232853"
"chr6","120781001","120781236","chr4","149008455","149008691","29","28227454"
"chr6","120804007","120804312","chr4","148989775","148990081","30","28185768"
"chr6","120877385","120877679","chrX","23351237","23351529","35","97526148"
"chr6","120949037","120949344","chr4","148836752","148837059","27","27887715"
"chr6","120959294","120959586","chr11","2856173","2856464","34","118103121"
"chr6","120983605","120983910","chr4","148795956","148796262","30","27812351"
"chr6","120994305","120994558","chr8","124641087","124641338","42","3646782"
"chr6","121005964","121006289","chr4","148767116","148767419","42","27761152"
"chr6","121048864","121049172","chr4","148722567","148722867","23","27673703"
"chr6","121049596","121049902","chr1","109698616","109698923","40","11350980"
"chr6","121054552","121054874","chr4","148717135","148717474","41","27662583"
"chr6","121070498","121070810","chr7","10755910","10756221","49","110314588"
"chr6","121099186","121099532","chr4","148671725","148672050","63","27572539"
"chr6","121103307","121103609","chr4","148667624","148667927","18","27564317"
"chr6","121145934","121146232","chr15","6872633","6872929","33","114273301"
"chr6","121219709","121220004","chr7","84112350","84112645","34","37107359"
"chr6","121223309","121223606","chr4","148548801","148549095","26","27325492"
"chr6","121275207","121275422","chr16","668407","668615","34","120606800"
"chr6","121377498","121377813","chr4","148352106","148352422","41","26974608"
"chr6","121477019","121477305","chr3","92245682","92245969","37","29231337"
"chr6","121595150","121595266","chr16","51393019","51393130","24","70202131"
"chr6","121634848","121635139","chr5","51540643","51540938","34","70094205"
"chr6","121723898","121724161","chr4","147997689","147997953","19","26273791"
"chr6","121725620","121725853","chr4","147995993","147996225","18","26270373"
"chr6","121745948","121746263","chr20","30484300","30484613","44","91261648"
"chr6","121840517","121840791","chr4","147871496","147871779","29","26030979"
"chr6","121920601","121920912","chr1","14814711","14815026","46","107105890"
"chr6","121922253","121922542","chr4","147785924","147786216","33","25863671"
"chr6","122037638","122037963","chr4","147661585","147661891","52","25623947"
"chr6","122041257","122041556","chr7","42525133","42525431","46","79516124"
"chr6","122166258","122166555","chr9","13634514","13634810","32","108531744"
"chr6","122166588","122166896","chr4","57896992","57897295","45","64269596"
"chr6","122168198","122168500","chr17","54282023","54282325","40","67886175"
"chr6","122336904","122337200","chr4","147364606","147364915","35","25027702"
"chr6","122367199","122367498","chr4","147333510","147333807","26","24966311"
"chr6","122596919","122597172","chr13","49453987","49454242","47","73142932"
"chr6","122607201","122607459","chr3","170101804","170102047","44","47494603"
"chr6","122638899","122639203","chr4","147067273","147067576","21","24428374"
"chr6","122790441","122790734","chr4","146917968","146918262","31","24127527"
"chr6","122860709","122860863","chr17","78867088","78867241","31","43993621"
"chr6","123058484","123058785","chr4","146650492","146650782","44","23592008"
"chr6","123071280","123071575","chr4","146637677","146637966","27","23566397"
"chr6","123089709","123089968","chr2","135128433","135128694","40","12038724"
"chr6","123160107","123160423","chr4","146542035","146542345","31","23381928"
"chr6","123196137","123196439","chr13","74777853","74778158","41","48418284"
"chr6","123201936","123202231","chr12","20203356","20203653","33","102998580"
"chr6","123264278","123264577","chr4","146463318","146463611","28","23199040"
"chr6","123281172","123281323","chr4","107394440","107394589","21","15886732"
"chr6","123309719","123310030","chr7","44357408","44357716","42","78952311"
"chr6","123313772","123314078","chr4","146386027","146386333","29","23072255"
"chr6","123330711","123331006","chr12","104869984","104870281","40","18460727"
"chr6","123354890","123355011","chr16","487174","487296","17","122867716"
"chr6","123386964","123387176","chr1","8062335","8062552","36","115324629"
"chr6","123390922","123391203","chr9","110633099","110633381","42","12757823"
"chr6","123402007","123402285","chr4","146293408","146293695","39","22891401"
"chr6","123402338","123402455","chr14","126932023","126932138","24","3529685"
"chr6","123402541","123402750","chr15","7556725","7556931","42","115845816"
"chr6","123409730","123409800","chr6","169337598","169337668","6","45927868"
"chr6","123409801","123410092","chr4","146284657","146284948","20","22874856"
"chr6","123413049","123413353","chr4","146280934","146281238","18","22867885"
"chr6","123418399","123418722","chrX","23558557","23558868","43","99859842"
"chr6","123419549","123419915","chr4","146274165","146274506","67","22854616"
"chr6","123509808","123510114","chr4","146182176","146182469","41","22672368"
"chr6","123527211","123527484","chr5","91591730","91591991","53","31935481"
"chr6","123589789","123590096","chr4","146106561","146106861","34","22516772"
"chr6","123610773","123611071","chr4","146080080","146080384","38","22469307"
"chr6","123693256","123693537","chr3","42554347","42554626","33","81138909"
"chr6","123704728","123705010","chr4","145997089","145997367","28","22292361"
"chr6","123746246","123746537","chr4","145907915","145908214","30","22161669"
"chr6","123766623","123766925","chr9","95897244","95897545","33","27869379"
"chr6","124011094","124011250","chr7","136461566","136461722","34","12450472"
"chr6","124082888","124083185","chr7","133428761","133429050","48","9345873"
"chr6","124217330","124217524","chr14","48315903","48316088","32","75901427"
"chr6","124253445","124253737","chr4","145348165","145348458","32","21094720"
"chr6","124284170","124284455","chr4","145315256","145315543","19","21031086"
"chr6","124346974","124347262","chr4","145251055","145251347","34","20904081"
"chr6","124348296","124348598","chr1","38186141","38186439","36","86162155"
"chr6","124372925","124373207","chr4","145225404","145225684","33","20852479"
"chr6","124386608","124386912","chrX","47581011","47581317","41","76805597"
"chr6","124387994","124388007","chr2","67688639","67688649","5","56699355"
"chr6","124388255","124388558","chr13","64879527","64879826","30","59508728"
"chr6","124460330","124460614","chr4","145143237","145143522","22","20682907"
"chr6","124517729","124518039","chrX","23558557","23558868","37","100959172"
"chr6","124536939","124537086","chr8","103450330","103450478","31","21086609"
"chr6","124553185","124553492","chr2","98176862","98177168","44","26376323"
"chr6","124613752","124614041","chr4","144992434","144992722","26","20378682"
"chr6","124620042","124620329","chr4","144985710","144985998","43","20365668"
"chr6","124653695","124653991","chr4","144953828","144954136","35","20300133"
"chr6","124671966","124672229","chr4","144934421","144934680","36","20262455"
"chr6","124687936","124688269","chr18","39225199","39225527","50","85462737"
"chr6","124818802","124818911","chr1","203207333","203207443","16","78388531"
"chr6","124838145","124838425","chr4","144735735","144736025","35","19897590"
"chr6","124958440","124958739","chr4","105401676","105401972","39","19556764"
"chr6","124986877","124987182","chr4","144592344","144592655","23","19605467"
"chr6","124989280","124989595","chr4","144589657","144589974","37","19600377"
"chr6","125044058","125044352","chr10","80571088","80571379","33","44472970"
"chr6","125065442","125065607","chr14","66716666","66716829","24","58348776"
"chr6","125070756","125071047","chr4","144505697","144505986","27","19434941"
"chr6","125312024","125312325","chr4","144239274","144239565","25","18927250"
"chr6","125314812","125315095","chr4","144236405","144236705","41","18921593"
"chr6","125417366","125417654","chr4","144143018","144143317","39","18725652"
"chr6","125521940","125522076","chr4","115848594","115848725","18","9673346"
"chr6","125522279","125522366","chr1","25829614","25829692","25","99692665"
"chr6","125609618","125609921","chrX","95177383","95177685","34","30432235"
"chr6","125611059","125611362","chr4","143950390","143950699","27","18339331"
"chr6","125682351","125682485","chr2","90766401","90766535","16","34915950"
"chr6","125722628","125722908","chr7","130151057","130151343","40","4428429"
"chr6","125742948","125743234","chr4","143815672","143815966","29","18072724"
"chr6","125760000","125760304","chr3","178949621","178949924","41","53189621"
"chr6","125879307","125879614","chr14","18400079","18400382","41","107479228"
"chr6","126036375","126036667","chr19","45605165","45605457","38","80431210"
"chr6","126039752","126039922","chr3","166852289","166852454","30","40812537"
"chr6","126162886","126163016","chr19","7938276","7938409","14","118224610"
"chr6","126274830","126275118","chr4","143269282","143269572","21","16994452"
"chr6","126440253","126440556","chr1","43184220","43184526","48","83256033"
"chr6","126448294","126448605","chr4","143096999","143097308","28","16648705"
"chr6","126481649","126481958","chr19","4764672","4764983","40","121716977"
"chr6","126483152","126483475","chr4","143062009","143062341","37","16578857"
"chr6","126683748","126684045","chr9","121396547","121396835","41","5287201"
"chr6","126688188","126688403","chr19","16035355","16035577","52","110652833"
"chr6","126727455","126727754","chr4","142811763","142812069","35","16084308"
"chr6","126870210","126870511","chr1","139180433","139180733","31","12310223"
"chr6","126932020","126932308","chr4","142608261","142608547","14","15676241"
"chr6","126934428","126934562","chr1","161302950","161303086","18","34368522"
"chr6","126934563","126934794","chr13","57213169","57213400","37","69721394"
"chr6","127051186","127051485","chr16","45044828","45045127","40","82006358"
"chr6","127069924","127070227","chr11","67098157","67098457","32","59971767"
"chr6","127132249","127132542","chr4","142413839","142414135","27","15281590"
"chr6","127146497","127146603","chr6","155856466","155856574","25","28709969"
"chr6","127146634","127146755","chr1","7373118","7373239","14","119773516"
"chr6","127175050","127175341","chr4","142378370","142378668","28","15203320"
"chr6","127203770","127204059","chr4","142343907","142344197","30","15140137"
"chr6","127314581","127314892","chr4","142227901","142228199","38","14913320"
"chr6","127336833","127337145","chr1","11550963","11551272","38","115785870"
"chr6","127370251","127370552","chr8","5577075","5577373","34","121793176"
"chr6","127387922","127388225","chr4","142154910","142155211","30","14766988"
"chr6","127419259","127419562","chr2","73030327","73030630","37","54388932"
"chr6","127485029","127485189","chr8","143591284","143591449","23","16106255"
"chr6","127547845","127548064","chr12","106080182","106080390","43","21467663"
"chr6","127556490","127556772","chr6","74243854","74244136","33","53312636"
"chr6","127556820","127556838","chr1","165727072","165727088","3","38170252"
"chr6","127702194","127702482","chr16","18242235","18242525","34","109459959"
"chr6","127726192","127726504","chr13","20564395","20564704","44","107161797"
"chr6","127765224","127765514","chr4","141781536","141781834","41","14016312"
"chr6","127776518","127776806","chr1","38986821","38987108","31","88789697"
"chr6","127782944","127782966","chr2","117126266","117126287","4","10656678"
"chr6","127783014","127783300","chr1","207534482","207534769","28","79751468"
"chr6","127828537","127828830","chr4","141715549","141715841","26","13887012"
"chr6","127844408","127844724","chrX","68866574","68866887","55","58977834"
"chr6","127845821","127846069","chr4","141700560","141700800","27","13854739"
"chr6","127869643","127869944","chr4","141676391","141676693","16","13806748"
"chr6","127947103","127947401","chr4","141591211","141591519","27","13644108"
"chr6","128022218","128022502","chr4","141504676","141504956","24","13482458"
"chr6","128162960","128163243","chr4","141359021","141359306","27","13196061"
"chr6","128285065","128285359","chr4","141232140","141232428","44","12947075"
"chr6","128376597","128376877","chr4","141142600","141142869","38","12766003"
"chr6","128460207","128460497","chr16","57876407","57876699","34","70583800"
"chr6","128478552","128478849","chr4","141037426","141037726","33","12558874"
"chr6","128650296","128650579","chr4","140868829","140869115","31","12218533"
"chr6","128728482","128728767","chr7","77698309","77698596","34","51030173"
"chr6","128777268","128777567","chr4","140745086","140745384","26","11967818"
"chr6","128877360","128877659","chr4","140638989","140639286","22","11761629"
"chr6","128907654","128907945","chr4","140608563","140608848","36","11700909"
"chr6","128968184","128968486","chr4","140550050","140550348","28","11581866"
"chr6","129012038","129012297","chr17","84217175","84217432","30","44794863"
"chr6","129048835","129049122","chr4","140467440","140467699","45","11418605"
"chr6","129063834","129064135","chr3","156186156","156186456","36","27122322"
"chr6","129217064","129217343","chr11","54607984","54608265","37","74609080"
"chr6","129225844","129226133","chr20","8006906","8007198","36","121218938"
"chr6","129243290","129243603","chr7","38935274","38935580","43","90308016"
"chr6","129254994","129255279","chr16","59413139","59413420","41","69841855"
"chr6","129279882","129280018","chr7","125512694","125512834","15","3767188"
"chr6","129297671","129297837","chr10","77530251","77530420","28","51767420"
"chr6","129321886","129322185","chr4","140170789","140171084","39","10848903"
"chr6","129363658","129363962","chr6","171125848","171126147","40","41762190"
"chr6","129398513","129398654","chr1","45959857","45960000","13","83438656"
"chr6","129437479","129437771","chr3","165332839","165333127","36","35895360"
"chr6","129438505","129438809","chr15","104333343","104333649","34","25105162"
"chr6","129443868","129444104","chr10","79821319","79821555","31","49622549"
"chr6","129635715","129636018","chr4","139849976","139850266","36","10214261"
"chr6","129725571","129725871","chr1","200028486","200028781","33","70302915"
"chr6","129811616","129811922","chr4","139619194","139619499","30","9807578"
"chr6","129849164","129849472","chr2","89421536","89421843","41","40427628"
"chr6","129875815","129876125","chr16","67036519","67036834","39","62839296"
"chr6","129892062","129892345","chr1","188691975","188692258","45","58799913"
"chr6","130014074","130014379","chr4","139418491","139418793","43","9404417"
"chr6","130023772","130024076","chr7","113559810","113560113","42","16463962"
"chr6","130142330","130142584","chr2","175375719","175375965","45","45233389"
"chr6","130243624","130243917","chr4","139142695","139142982","34","8899071"
"chr6","130288397","130288696","chr9","64388316","64388618","32","65900081"
"chr6","130479204","130479349","chr6","155044682","155044841","41","24565478"
"chr6","130525460","130525739","chr4","138854054","138854335","33","8328594"
"chr6","130631864","130632158","chr15","41575684","41575981","37","89056180"
"chr6","130648756","130649057","chr4","138723273","138723580","34","8074517"
"chr6","130691980","130692189","chr4","138675654","138675863","22","7983674"
"chr6","130692192","130692351","chr1","130852880","130853039","29","160688"
"chr6","130786111","130786417","chr4","138587184","138587489","20","7801073"
"chr6","130924236","130924533","chr4","53583294","53583595","42","77340942"
"chr6","130987156","130987457","chr4","138390401","138390725","42","7403245"
"chr6","131132556","131132867","chr4","138260214","138260527","25","7127658"
"chr6","131234451","131234724","chr15","357609","357882","43","130876842"
"chr6","131281866","131282178","chrX","109548096","109548404","44","21733770"
"chr6","131391879","131392190","chrX","41303252","41303557","34","90088627"
"chr6","131483925","131484155","chr10","69524281","69524517","43","61959644"
"chr6","131495981","131496181","chr4","116777080","116777297","47","14718901"
"chr6","131601995","131602301","chr2","146877836","146878139","32","15275841"
"chr6","131605883","131606129","chr17","76426677","76426924","37","55179206"
"chr6","131615198","131615506","chr16","939337","939648","31","130675861"
"chr6","131633415","131633706","chr7","17138209","17138500","32","114495206"
"chr6","131641279","131641589","chrX","23558557","23558868","33","108082722"
"chr6","131644401","131644713","chr4","137747628","137747942","33","6103227"
"chr6","131656120","131656427","chr16","4323541","4323846","41","127332579"
"chr6","131680598","131680699","chr1","5754266","5754367","13","125926332"
"chr6","131680721","131680802","chr5","19019893","19019979","21","112660828"
"chr6","131832380","131832685","chr4","137554239","137554549","33","5721859"
"chr6","131909532","131909733","chr3","167196537","167196723","44","35287005"
"chr6","131965047","131965340","chrX","46755159","46755454","33","85209888"
"chr6","132025192","132025427","chr17","76043406","76043643","39","55981786"
"chr6","132047436","132047746","chr4","137337482","137337792","36","5290046"
"chr6","132049183","132049481","chr19","34682388","34682692","34","97366795"
"chr6","132056573","132056854","chr4","137328591","137328876","19","5272018"
"chr6","132058608","132058884","chr4","137326218","137326480","33","5267610"
"chr6","132061148","132061396","chr4","137323759","137324017","27","5262611"
"chr6","132072442","132072750","chr7","19361346","19361653","39","112711096"
"chr6","132109342","132109627","chr4","137281335","137281613","28","5171993"
"chr6","132148441","132148740","chr1","15299545","15299845","40","116848896"
"chr6","132151143","132151446","chr4","137239106","137239414","34","5087963"
"chr6","132186695","132186939","chr15","59238046","59238292","40","72948649"
"chr6","132197302","132197626","chr4","137192955","137193282","49","4995653"
"chr6","132209214","132209449","chr11","6371242","6371480","35","125837972"
"chr6","132209927","132210213","chr4","137180209","137180480","33","4970282"
"chr6","132227515","132227667","chr16","16205423","16205573","19","116022092"
"chr6","132260163","132260462","chr4","137128257","137128556","24","4868094"
"chr6","132279376","132279687","chr8","88636129","88636434","42","43643247"
"chr6","132281252","132281552","chr2","148030798","148031086","55","15749546"
"chr6","132315702","132316001","chr5","48076853","48077154","37","84238849"
"chr6","132334078","132334274","chr10","62753188","62753384","25","69580890"
"chr6","132507766","132508047","chr4","136868771","136869047","33","4361005"
"chr6","132625922","132626223","chr4","136751641","136751947","28","4125719"
"chr6","132665861","132666161","chr1","15299545","15299845","44","117366316"
"chr6","132666947","132667256","chr4","136710555","136710865","33","4043608"
"chr6","132695733","132695987","chr4","136680934","136681195","38","3985201"
"chr6","132752734","132753042","chr4","136625150","136625456","37","3872416"
"chr6","132765526","132765721","chr10","31572060","31572260","36","101193466"
"chr6","132781474","132781770","chrX","64820242","64820532","33","67961232"
"chr6","132858759","132858968","chr6","2897263","2897482","37","129961496"
"chr6","132883266","132883573","chr4","136492198","136492511","32","3608932"
"chr6","132894172","132894343","chr12","119519961","119520131","24","13374211"
"chr6","132896383","132896688","chr4","136479144","136479438","30","3582761"
"chr6","132897620","132897909","chr4","136477903","136478201","34","3580283"
"chr6","132902991","132903099","chr20","18861314","18861421","14","114041677"
"chr6","132967980","132968044","chr1","9215018","9215080","13","123752962"
"chr6","132974709","132974882","chr16","53414256","53414427","25","79560453"
"chr6","133000355","133000661","chr7","68708818","68709123","35","64291537"
"chr6","133015014","133015298","chr19","2588114","2588396","33","130426900"
"chr6","133020111","133020421","chr4","136361399","136361698","35","3341288"
"chr6","133103582","133103877","chr19","20676318","20676616","33","112427264"
"chr6","133132059","133132373","chr1","38412022","38412324","52","94720037"
"chr6","133176229","133176510","chr4","136205357","136205637","24","3029128"
"chr6","133196294","133196583","chr6","140298111","140298394","52","7101817"
"chr6","133201144","133201438","chr4","136177279","136177570","27","2976135"
"chr6","133223957","133224199","chr16","9675962","9676190","55","123547995"
"chr6","133228961","133229256","chr4","136154349","136154645","30","2925388"
"chr6","133273196","133273391","chr19","13167398","13167592","27","120105798"
"chr6","133282131","133282448","chr16","9816171","9816470","51","123465960"
"chr6","133365995","133366193","chr4","136027087","136027267","36","2661092"
"chr6","133366525","133366610","chr4","136026655","136026740","6","2660130"
"chr6","133367415","133367720","chr4","136025539","136025850","34","2658124"
"chr6","133390084","133390373","chr4","136002736","136003021","33","2612652"
"chr6","133541883","133542027","chr3","43244909","43245044","22","90296974"
"chr6","133575596","133575897","chr4","135810822","135811125","35","2235226"
"chr6","133582953","133583269","chr2","203095842","203096145","51","69512889"
"chr6","133591823","133592118","chr6","101656274","101656571","33","31935549"
"chr6","133621147","133621450","chr4","135764607","135764908","23","2143460"
"chr6","133625303","133625604","chr4","135760615","135760919","21","2135312"
"chr6","133634169","133634466","chr4","135751708","135752008","34","2117539"
"chr6","133647759","133648072","chr3","15686983","15687289","43","117960776"
"chr6","133658570","133658880","chr4","135726909","135727215","27","2068339"
"chr6","133669015","133669311","chr4","135716518","135716823","28","2047503"
"chr6","133681122","133681375","chr3","71773136","71773390","35","61907986"
"chr6","133703584","133703887","chr4","135681766","135682071","38","1978182"
"chr6","133727881","133728180","chr4","135657187","135657485","28","1929306"
"chr6","133754289","133754601","chr7","28655972","28656285","33","105098317"
"chr6","133766333","133766481","chr19","32723322","32723473","21","101043011"
"chr6","133776560","133776661","chr1","58503440","58503543","18","75273120"
"chr6","133782776","133783062","chr4","135564896","135565191","47","1782120"
"chr6","133801565","133801856","chr6","129934590","129934892","47","3866975"
"chr6","133820455","133820748","chr4","135530078","135530370","30","1709623"
"chr6","133829347","133829650","chr4","39634856","39635158","28","94194491"
"chr6","133831012","133831321","chrX","47742571","47742875","34","86088441"
"chr6","133862360","133862667","chr2","83939908","83940217","33","49922452"
"chr6","133898551","133898832","chr4","135452700","135452987","23","1554149"
"chr6","133972375","133972660","chr4","140868829","140869115","38","6896454"
"chr6","134110426","134110712","chr4","135230537","135230816","37","1120111"
"chr6","134228970","134229260","chr7","26968983","26969279","38","107259987"
"chr6","134319575","134319800","chr10","61763698","61763924","29","72555877"
"chr6","134332976","134333278","chr4","135012845","135013147","29","679869"
"chr6","134445133","134445443","chr4","117903636","117903937","38","16541497"
"chr6","134502471","134502765","chr5","93179263","93179563","34","41323208"
"chr6","134576245","134576551","chr20","48545831","48546141","49","86030414"
"chr6","134601617","134601946","chr4","17226158","17226468","61","117375459"
"chr6","134605349","134605560","chr20","59739519","59739731","38","74865830"
"chr6","134606532","134606631","chr3","170149873","170149973","18","35543341"
"chr6","134616414","134616705","chr1","112580058","112580347","34","22036356"
"chr6","134635949","134636100","chrX","55877090","55877237","33","78758859"
"chr6","134636126","134636307","chr4","116945070","116945246","30","17691056"
"chr6","134651696","134651966","chr13","46515883","46516158","43","88135813"
"chr6","134668188","134668477","chr20","56831413","56831703","34","77836775"
"chr6","134677574","134677875","chr4","134665873","134666167","42","11701"
"chr6","134678834","134679131","chr1","52340305","52340599","33","82338529"
"chr6","134680677","134680892","chr5","27524472","27524687","36","107156205"
"chr6","134691626","134691913","chr10","46190188","46190473","30","88501438"
"chr6","134700214","134700518","chrX","41160510","41160820","55","93539704"
"chr6","134703255","134703527","chr4","134639954","134640208","44","63301"
"chr6","134710084","134710366","chr4","134632423","134632709","18","77661"
"chr6","134711453","134711757","chr4","134631161","134631468","30","80292"
"chr6","134712478","134712790","chrX","19059328","19059639","42","115653150"
"chr6","134719302","134719612","chr4","134623215","134623529","25","96087"
"chr6","134720503","134720802","chr4","134622163","134622470","39","98340"
"chr6","134725109","134725374","chr4","134617575","134617848","35","107534"
"chr6","134725543","134725851","chr4","134617105","134617414","23","108438"
"chr6","134729486","134729797","chr8","119638410","119638713","36","15091076"
"chr6","134735239","134735479","chr4","134610023","134610270","27","125216"
"chr6","134766077","134766375","chr4","134576160","134576457","31","189917"
"chr6","134783639","134783927","chr4","134552918","134553201","19","230721"
"chr6","134786968","134787276","chr4","134549621","134549919","35","237347"
"chr6","134812061","134812331","chr4","134524804","134525078","28","287257"
"chr6","134857916","134858142","chr4","134478805","134479031","19","379111"
"chr6","134870411","134870551","chr1","36723856","36723994","22","98146555"
"chr6","135000192","135000343","chr7","151280672","151280824","29","16280480"
"chr6","135025112","135025429","chrX","123913946","123914252","43","11111166"
"chr6","135144619","135144924","chr4","134180703","134181002","41","963916"
"chr6","135158667","135158988","chrX","41410373","41410694","43","93748294"
"chr6","135163986","135164277","chr4","134161860","134162157","33","1002126"
"chr6","135326655","135326961","chr4","134004196","134004507","28","1322459"
"chr6","135339509","135339818","chr1","109698616","109698923","35","25640893"
"chr6","135441724","135442035","chr4","133892516","133892828","48","1549208"
"chr6","135445693","135446000","chr4","133888583","133888893","35","1557110"
"chr6","135480600","135480885","chr4","133854874","133855166","33","1625726"
"chr6","135590666","135590954","chr4","133728340","133728629","20","1862326"
"chr6","135715627","135715936","chrX","23558557","23558868","36","112157070"
"chr6","135777228","135777521","chr1","196480690","196480988","36","60703462"
"chr6","135804881","135805182","chr4","133475312","133475635","43","2329569"
"chr6","135808090","135808399","chr8","6545261","6545567","36","129262829"
"chr6","135845081","135845368","chr4","133435430","133435721","33","2409651"
"chr6","135897304","135897616","chr7","154364369","154364684","42","18467065"
"chr6","135914402","135914684","chr4","133365325","133365600","30","2549077"
"chr6","135932327","135932628","chr4","133346817","133347117","26","2585510"
"chr6","135933508","135933718","chr3","41546131","41546341","33","94387377"
"chr6","135946988","135947282","chr17","19068302","19068598","39","116878686"
"chr6","135951345","135951426","chr5","25768079","25768163","19","110183266"
"chr6","135961590","135961900","chr4","133317484","133317783","28","2644106"
"chr6","135975706","135975862","chr15","8538420","8538567","26","127437286"
"chr6","135976149","135976340","chr7","125488868","125489055","41","10487281"
"chr6","135979680","135979987","chr4","133299650","133299951","31","2680030"
"chr6","135987434","135987741","chr7","113559810","113560113","34","22427624"
"chr6","135993151","135993446","chr4","133280722","133281027","36","2712429"
"chr6","136004614","136004870","chr14","33076227","33076475","45","102928387"
"chr6","136008913","136009238","chr4","133266454","133266761","40","2742459"
"chr6","136027129","136027415","chr10","86833856","86834153","41","49193273"
"chr6","136029348","136029471","chr8","84681685","84681808","14","51347663"
"chr6","136056214","136056386","chr2","51361305","51361475","23","84694909"
"chr6","136056681","136056815","chrX","147913924","147914058","14","11857243"
"chr6","136066002","136066300","chr6","64387409","64387705","32","71678593"
"chr6","136068794","136069095","chr14","57542774","57543068","45","78526020"
"chr6","136070846","136071153","chr4","133162625","133162925","34","2908221"
"chr6","136073421","136073721","chr7","43295138","43295436","30","92778283"
"chr6","136073947","136074244","chr4","133159662","133159960","30","2914285"
"chr6","136075288","136075545","chr19","33957714","33957974","32","102117574"
"chr6","136078523","136078816","chr17","24162866","24163161","36","111915657"
"chr6","136096940","136097254","chr4","133133850","133134162","34","2963090"
"chr6","136099841","136100150","chr4","133130963","133131274","31","2968878"
"chr6","136104974","136105269","chr3","43006950","43007246","28","93098024"
"chr6","136111100","136111330","chr10","71029959","71030194","41","65081141"
"chr6","136125143","136125327","chr17","66694958","66695157","40","69430185"
"chr6","136128550","136128859","chr16","49561590","49561896","42","86566960"
"chr6","136128902","136129197","chr3","1691355","1691649","41","134437547"
"chr6","136133612","136133904","chr4","133100772","133101068","21","3032840"
"chr6","136134421","136134724","chr4","133099953","133100257","25","3034468"
"chr6","136134725","136135024","chr4","133099647","133099952","27","3035078"
"chr6","136143113","136143414","chr9","63616129","63616431","38","72526984"
"chr6","136146799","136147103","chr4","133082481","133082790","25","3064318"
"chr6","136157701","136157993","chr19","12428001","12428297","32","123729700"
"chr6","136162864","136163044","chrX","23681445","23681631","22","112481419"
"chr6","136168307","136168609","chr14","15756054","15756351","30","120412253"
"chr6","136170728","136171025","chr1","213098060","213098354","39","76927332"
"chr6","136173468","136173763","chr1","110163706","110164000","40","26009762"
"chr6","136229447","136229570","chr1","68190673","68190799","15","68038774"
"chr6","136233592","136233818","chr3","39278724","39278950","30","96954868"
"chr6","136243154","136243438","chr4","31892892","31893174","33","104350262"
"chr6","136259963","136260277","chr4","132968025","132968324","34","3291938"
"chr6","136268940","136269224","chr11","110664894","110665170","44","25604046"
"chr6","136276828","136277118","chr1","91832768","91833059","47","44444060"
"chr6","136286104","136286411","chr4","132940193","132940507","33","3345911"
"chr6","136289360","136289642","chrX","49166555","49166839","30","87122805"
"chr6","136312883","136313121","chr4","132911983","132912221","13","3400900"
"chr6","136340501","136340810","chr4","132881039","132881345","28","3459462"
"chr6","136349601","136349918","chr4","132871847","132872153","31","3477754"
"chr6","136380654","136380991","chr4","132836679","132836982","72","3543975"
"chr6","136403351","136403618","chrX","123750327","123750609","49","12653024"
"chr6","136453247","136453557","chr4","132757986","132758295","35","3695261"
"chr6","136461652","136461961","chr4","132748941","132749252","45","3712711"
"chr6","136482994","136483274","chr1","145719518","145719799","35","9236524"
"chr6","136483483","136483641","chr13","26293008","26293166","24","110190475"
"chr6","136537197","136537343","chr19","29602015","29602165","24","106935182"
"chr6","136555752","136556064","chr4","132658724","132659029","30","3897028"
"chr6","136562201","136562417","chr2","99076392","99076604","36","37485809"
"chr6","136568831","136569122","chr11","129096668","129096962","37","7472163"
"chr6","136581375","136581653","chr5","57079136","57079413","33","79502239"
"chr6","136596028","136596154","chrX","38269649","38269774","12","98326379"
"chr6","136614609","136614919","chr3","74881990","74882300","36","61732619"
"chr6","136620258","136620560","chr4","132596584","132596905","34","4023674"
"chr6","136637769","136638062","chrX","130555559","130555852","34","6082210"
"chr6","136647045","136647323","chr13","65708117","65708395","36","70938928"
"chr6","136660512","136660801","chr7","137866997","137867295","36","1206485"
"chr6","136668767","136669038","chr4","132547704","132547976","26","4121063"
"chr6","136689485","136689779","chr4","132527668","132527965","20","4161817"
"chr6","136695892","136696199","chrX","29280364","29280668","35","107415528"
"chr6","136704262","136704563","chr8","42625685","42625989","41","94078577"
"chr6","136723902","136724186","chr17","29335507","29335791","34","107388395"
"chr6","136727759","136728071","chr8","101151923","101152228","44","35575836"
"chr6","136733148","136733435","chr4","132485167","132485448","26","4247981"
"chr6","136734869","136735162","chr4","132483452","132483744","23","4251417"
"chr6","136741808","136742107","chr1","160634862","160635165","32","23893054"
"chr6","136744450","136744601","chr9","12322364","12322500","24","124422086"
"chr6","136780005","136780295","chr4","129305955","129306251","38","7474050"
"chr6","136792073","136792367","chr3","166005666","166005965","29","29213593"
"chr6","136799200","136799510","chr7","157044063","157044372","38","20244863"
"chr6","136806705","136806875","chr1","164626359","164626525","22","27819654"
"chr6","136807183","136807316","chr7","55937012","55937147","16","80870171"
"chr6","136819556","136819843","chr4","132398087","132398377","26","4421469"
"chr6","136836491","136836791","chr7","137866997","137867295","33","1030506"
"chr6","136838378","136838674","chr4","132378976","132379269","32","4459402"
"chr6","136841775","136842072","chr16","69681834","69682125","33","67159941"
"chr6","136856314","136856604","chr4","132359627","132359918","28","4496687"
"chr6","136902535","136902823","chr4","132313387","132313680","30","4589148"
"chr6","136930430","136930714","chr1","9105438","9105726","46","127824992"
"chr6","136950201","136950495","chr15","32001903","32002197","34","104948298"
"chr6","136966101","136966376","chr10","75810208","75810488","48","61155893"
"chr6","137001211","137001510","chr4","132205520","132205795","40","4795691"
"chr6","137088934","137089240","chr4","132116823","132117132","36","4972111"
"chr6","137097322","137097617","chr1","34876706","34877001","35","102220616"
"chr6","137112687","137112972","chr4","132093550","132093835","39","5019137"
"chr6","137165975","137166273","chr4","57896992","57897295","32","79268983"
"chr6","137201764","137202038","chr4","48141553","48141828","41","89060211"
"chr6","137203904","137204217","chrX","39918091","39918400","34","97285813"
"chr6","137255810","137255953","chr12","21884132","21884278","23","115371678"
"chr6","137257761","137257981","chrX","131478262","131478478","30","5779499"
"chr6","137258007","137258106","chr2","92557530","92557617","29","44700477"
"chr6","137337776","137337978","chr4","131859617","131859819","12","5478159"
"chr6","137346845","137347122","chr4","131850544","131850818","25","5496301"
"chr6","137362012","137362288","chr4","131834510","131834784","35","5527502"
"chr6","137434699","137435009","chr4","131766179","131766490","36","5668520"
"chr6","137478815","137479109","chr4","131678227","131678526","35","5800588"
"chr6","137515428","137515720","chr2","84531970","84532261","36","52983458"
"chr6","137597117","137597407","chr4","131552971","131553273","31","6044146"
"chr6","137660342","137660647","chr4","131488018","131488337","35","6172324"
"chr6","137724335","137724633","chr5","51540643","51540938","41","86183692"
"chr6","137818967","137819276","chr3","36269038","36269351","40","101549929"
"chr6","137865854","137866068","chr19","50407655","50407865","37","87458199"
"chr6","137876821","137877110","chr4","131271005","131271305","31","6605816"
"chr6","137883084","137883395","chr1","100925724","100926035","35","36957360"
"chr6","137913054","137913342","chr4","131235049","131235337","35","6678005"
"chr6","138037139","138037417","chr10","51638760","51639039","36","86398379"
"chr6","138065560","138065874","chr4","131087781","131088095","36","6977779"
"chr6","138070485","138070781","chr4","131082335","131082629","31","6988150"
"chr6","138071757","138072038","chr3","41456109","41456389","35","96615648"
"chr6","138086722","138087003","chr2","89633151","89633425","44","48453571"
"chr6","138096274","138096575","chr4","131055810","131056105","27","7040464"
"chr6","138110408","138110698","chr3","32443406","32443689","40","105667002"
"chr6","138148545","138148854","chr20","33984637","33984944","37","104163908"
"chr6","138157329","138157627","chr4","130995882","130996181","31","7161447"
"chr6","138157628","138157790","chr10","31403126","31403287","22","106754502"
"chr6","138161546","138161856","chr2","102126990","102127295","31","36034556"
"chr6","138236468","138236764","chr7","135280263","135280560","33","2956205"
"chr6","138264247","138264429","chr19","5729652","5729842","31","132534595"
"chr6","138267580","138267887","chr4","130875871","130876173","24","7391709"
"chr6","138277593","138277880","chr1","5050480","5050765","41","133227113"
"chr6","138299235","138299535","chr4","130844135","130844430","26","7455100"
"chr6","138311935","138312239","chr4","130832104","130832409","26","7479831"
"chr6","138331579","138331884","chr3","28212598","28212904","33","110118981"
"chr6","138338040","138338340","chr4","130805445","130805741","27","7532595"
"chr6","138348121","138348429","chr4","130795397","130795695","35","7552724"
"chr6","138359095","138359365","chr4","130784076","130784342","30","7575019"
"chr6","138363491","138363795","chr9","13859323","13859634","48","124504168"
"chr6","138408412","138408693","chr4","130733620","130733912","28","7674792"
"chr6","138423545","138423854","chr4","42817356","42817666","36","95606189"
"chr6","138445230","138445512","chr4","130696669","130696957","35","7748561"
"chr6","138453524","138453865","chr13","66461570","66461912","59","71991954"
"chr6","138473268","138473557","chr4","130668125","130668418","24","7805143"
"chr6","138491158","138491440","chr14","110553219","110553500","39","27937939"
"chr6","138528217","138528513","chr4","130613138","130613434","23","7915079"
"chr6","138544645","138544943","chr4","130596360","130596661","17","7948285"
"chr6","138554053","138554359","chr4","130586872","130587186","29","7967181"
"chr6","138555487","138555787","chr4","130585418","130585720","38","7970069"
"chr6","138573742","138574033","chr4","130567051","130567356","27","8006691"
"chr6","138583618","138583918","chr14","115306587","115306883","36","23277031"
"chr6","138601843","138602145","chr4","130539498","130539800","33","8062345"
"chr6","138610128","138610434","chr7","113559810","113560113","36","25050318"
"chr6","138621151","138621449","chr4","130514252","130514555","30","8106899"
"chr6","138639237","138639550","chr4","130495292","130495599","21","8143945"
"chr6","138649492","138649802","chr4","130484552","130484862","26","8164940"
"chr6","138701168","138701463","chr4","130433430","130433735","36","8267738"
"chr6","138702312","138702613","chr16","39656933","39657234","39","99045379"
"chr6","138712060","138712176","chr4","130422793","130422908","13","8289267"
"chr6","138714486","138714672","chr7","133114354","133114541","30","5600132"
"chr6","138718400","138718706","chr1","43419061","43419362","41","95299339"
"chr6","138745743","138745854","chr2","89467539","89467648","18","49278204"
"chr6","138746082","138746271","chr13","29141288","29141465","35","109604794"
"chr6","138760716","138761011","chr20","56789030","56789326","41","81971686"
"chr6","138811500","138811810","chr5","60270379","60270690","38","78541121"
"chr6","138815923","138816233","chr4","130314215","130314526","32","8501708"
"chr6","138820565","138820855","chr13","39191192","39191486","44","99629373"
"chr6","138836117","138836389","chr20","51855254","51855524","55","86980863"
"chr6","138877124","138877424","chr4","130251766","130252067","33","8625358"
"chr6","138878212","138878540","chr7","19239942","19240282","57","119638270"
"chr6","138894344","138894647","chr4","40297222","40297520","43","98597122"
"chr6","139002641","139002919","chr4","130144398","130144678","28","8858243"
"chr6","139027887","139028148","chr2","28448276","28448557","48","110579611"
"chr6","139075117","139075410","chr4","130076092","130076386","31","8999025"
"chr6","139089301","139089597","chr4","130064814","130065111","35","9024487"
"chr6","139107493","139107799","chr1","220883377","220883674","49","81775884"
"chr6","139179280","139179588","chr4","55008882","55009189","46","84170398"
"chr6","139254819","139255100","chr4","129897784","129898067","33","9357035"
"chr6","139290339","139290628","chr10","62506867","62507153","39","76783472"
"chr6","139295302","139295598","chr3","9463585","9463882","40","129831717"
"chr6","139395927","139396253","chr6","92598388","92598711","49","46797539"
"chr6","139399033","139399329","chr7","165267923","165268219","39","25868890"
"chr6","139404796","139404927","chr9","89613171","89613303","15","49791625"
"chr6","139423126","139423423","chr13","27313335","27313627","41","112109791"
"chr6","139441423","139441716","chr4","129698303","129698599","35","9743120"
"chr6","139502526","139502811","chr4","129638388","129638674","22","9864138"
"chr6","139571196","139571510","chr1","8301988","8302302","36","131269208"
"chr6","139580729","139581024","chr14","5944619","5944926","55","133636110"
"chr6","139604045","139604328","chr4","129534692","129534966","26","10069353"
"chr6","139613847","139614157","chr4","129524884","129525195","29","10088963"
"chr6","139635621","139635911","chr4","129502903","129503200","27","10132718"
"chr6","139660151","139660448","chr4","129477926","129478195","43","10182225"
"chr6","139729810","139730089","chr4","129408580","129408861","22","10321230"
"chr6","139801438","139801728","chr4","129333186","129333476","19","10468252"
"chr6","139804201","139804490","chr4","129330527","129330815","22","10473674"
"chr6","139816581","139816748","chr16","71840560","71840723","22","67976021"
"chr6","139829028","139829313","chr12","101488838","101489123","29","38340190"
"chr6","139836775","139837082","chr4","129298553","129298851","33","10538222"
"chr6","139837933","139838232","chr4","129297381","129297691","35","10540552"
"chr6","139914910","139915197","chr14","93692588","93692881","32","46222322"
"chr6","139941325","139941611","chr4","129212150","129212434","15","10729175"
"chr6","139971626","139971930","chr7","54800820","54801122","35","85170806"
"chr6","139987751","139987922","chr18","12070375","12070543","28","127917376"
"chr6","139999042","139999338","chrX","39822068","39822366","40","100176974"
"chr6","140028138","140028406","chr6","47441609","47441877","35","92586529"
"chr6","140038061","140038355","chr11","47527979","47528272","36","92510082"
"chr6","140102377","140102632","chr4","129047052","129047306","21","11055325"
"chr6","140137655","140137967","chr2","202421388","202421699","40","62283733"
"chr6","140154533","140154778","chr4","128995350","128995591","20","11159183"
"chr6","140171983","140172284","chr1","15299545","15299845","35","124872438"
"chr6","140173117","140173268","chr3","20732648","20732801","20","119440469"
"chr6","140192146","140192425","chr4","128951537","128951818","34","11240609"
"chr6","140269564","140269791","chr6","56511093","56511315","41","83758471"
"chr6","140295148","140295447","chr4","128840545","128840845","23","11454603"
"chr6","140301066","140301353","chr4","128834196","128834484","21","11466870"
"chr6","140306749","140307055","chr6","11866650","11866952","36","128440099"
"chr6","140320332","140320586","chr5","185516874","185517148","53","45196542"
"chr6","140337042","140337338","chr4","128800161","128800453","18","11536881"
"chr6","140360665","140360963","chr15","7271324","7271621","31","133089341"
"chr6","140362218","140362520","chr9","26629270","26629573","30","113732948"
"chr6","140391895","140392194","chr9","25083503","25083798","41","115308392"
"chr6","140404336","140404647","chr3","4366624","4366931","47","136037712"
"chr6","140417978","140418260","chr6","176033402","176033683","42","35615424"
"chr6","140423368","140423678","chrX","108483842","108484145","40","31939526"
"chr6","140428943","140429234","chr10","58516899","58517190","40","81912044"
"chr6","140446958","140447252","chr16","52707529","52707822","37","87739429"
"chr6","140457875","140458170","chr4","128677876","128678164","21","11779999"
"chr6","140475341","140475482","chr3","183731879","183732019","29","43256538"
"chr6","140476092","140476402","chr4","128660553","128660863","30","11815539"
"chr6","140487794","140487906","chr4","128650559","128650680","15","11837235"
"chr6","140488226","140488359","chr11","101420391","101420521","18","39067835"
"chr6","140516393","140516696","chr4","128620832","128621142","28","11895561"
"chr6","140522681","140522982","chr3","159295821","159296122","37","18773140"
"chr6","140523792","140524102","chr4","128614703","128615012","25","11909089"
"chr6","140578286","140578583","chr4","128559454","128559747","31","12018832"
"chr6","140598944","140599171","chr4","128537909","128538133","16","12061035"
"chr6","140600524","140600817","chr14","88588445","88588735","28","52012079"
"chr6","140624948","140625242","chr4","128510821","128511122","30","12114127"
"chr6","140646970","140647270","chr13","56339728","56340028","27","84307242"
"chr6","140671112","140671412","chr3","44894938","44895238","41","95776174"
"chr6","140677144","140677384","chr7","145988572","145988809","36","5311428"
"chr6","140679885","140680164","chr11","40346442","40346724","33","100333443"
"chr6","140685776","140686000","chr12","83880857","83881080","32","56804919"
"chr6","140690597","140690906","chr4","163021126","163021423","51","22330529"
"chr6","140707606","140707901","chr10","30442537","30442830","37","110265069"
"chr6","140709850","140710083","chr7","27280054","27280277","42","113429796"
"chr6","140721727","140722031","chr4","128411011","128411312","34","12310716"
"chr6","140731600","140731907","chr7","21258839","21259148","36","119472761"
"chr6","140735778","140736067","chr4","128397721","128398014","28","12338057"
"chr6","140759175","140759462","chr4","128366829","128367107","31","12392346"
"chr6","140784800","140785070","chr4","128340600","128340853","43","12444200"
"chr6","140785673","140785974","chr4","128339680","128339984","34","12445993"
"chr6","140826817","140827098","chr4","128295967","128296258","27","12530850"
"chr6","140835311","140835626","chr4","128286212","128286509","46","12549099"
"chr6","140846937","140847235","chrX","48676443","48676743","40","92170494"
"chr6","140856374","140856644","chrX","40056549","40056830","35","100799825"
"chr6","140867961","140868265","chr16","49561590","49561896","40","91306371"
"chr6","140869288","140869568","chr12","89649774","89650053","36","51219514"
"chr6","140886073","140886369","chr2","108069676","108069975","40","32816397"
"chr6","140892884","140893191","chr16","49561590","49561896","37","91331294"
"chr6","140912907","140913043","chr19","41067605","41067741","16","99845302"
"chr6","140916208","140916500","chr4","128206452","128206755","26","12709756"
"chr6","140922593","140922895","chr15","102740273","102740571","34","38182320"
"chr6","140927483","140927618","chr16","4850336","4850468","26","136077147"
"chr6","140946138","140946332","chr11","110797706","110797899","23","30148432"
"chr6","140948736","140949038","chr4","128171407","128171724","42","12777329"
"chr6","140950449","140950747","chr6","32157411","32157710","37","108793038"
"chr6","141005881","141006168","chr4","128112295","128112583","24","12893586"
"chr6","141031250","141031560","chr7","113559810","113560113","33","27471440"
"chr6","141060077","141060366","chr4","128061307","128061603","24","12998770"
"chr6","141064121","141064435","chr6","58072190","58072501","43","82991931"
"chr6","141095936","141096251","chr4","128026036","128026347","39","13069900"
"chr6","141106815","141107125","chr4","128016265","128016576","30","13090550"
"chr6","141122666","141122897","chr7","76945573","76945802","46","64177093"
"chr6","141173533","141173824","chr9","59685986","59686279","35","81487547"
"chr6","141175619","141175913","chr14","95125745","95126039","32","46049874"
"chr6","141193877","141194035","chr20","55691160","55691313","35","85502717"
"chr6","141231020","141231325","chr10","59667642","59667941","37","81563378"
"chr6","141237710","141237947","chr8","70657686","70657926","46","70580024"
"chr6","141246301","141246594","chr4","127855774","127856079","44","13390527"
"chr6","141251599","141251895","chr4","127850535","127850830","26","13401064"
"chr6","141293526","141293826","chr4","127807840","127808134","31","13485686"
"chr6","141336171","141336476","chr7","34134376","34134677","37","107201795"
"chr6","141392821","141393104","chr1","14438877","14439164","39","126953944"
"chr6","141424632","141424900","chr1","129089131","129089396","34","12335501"
"chr6","141463984","141464145","chr12","83768992","83769147","33","57694992"
"chr6","141477313","141477476","chr16","13074697","13074856","28","128402616"
"chr6","141505265","141505567","chr9","97965426","97965721","37","43539839"
"chr6","141610666","141610983","chr11","104740757","104741068","39","36869909"
"chr6","141629535","141629813","chr4","127465927","127466205","33","14163608"
"chr6","141640351","141640651","chr4","127452864","127453164","33","14187487"
"chr6","141792418","141792696","chrUn_NW_014807676v1","37","313","50","141792381"
"chr6","141842819","141843105","chr16","53509914","53510198","34","88332905"
"chr6","141913429","141913732","chr6","73393768","73394067","30","68519661"
"chr6","141960845","141961139","chr12","115709452","115709745","43","26251393"
"chr6","142015528","142015826","chr11","50517035","50517338","43","91498493"
"chr6","142058760","142059056","chrX","134977768","134978064","36","7080992"
"chr6","142196528","142196821","chr4","88410610","88410912","48","53785918"
"chr6","142319723","142320024","chr4","126742300","126742599","36","15577423"
"chr6","142339319","142339601","chr10","57948695","57948979","39","84390624"
"chr6","142354402","142354572","chr7","19586539","19586707","36","122767863"
"chr6","142400712","142401050","chr4","40297222","40297520","77","102103490"
"chr6","142467402","142467706","chr4","126583969","126584277","31","15883433"
"chr6","142709876","142710177","chr1","131403611","131403922","44","11306265"
"chr6","142771915","142772092","chr4","126238879","126239047","18","16533036"
"chr6","142772122","142772246","chr4","126238709","126238833","10","16533413"
"chr6","142812677","142812986","chr4","126197481","126197784","42","16615196"
"chr6","142856560","142856856","chrX","112529229","112529523","33","30327331"
"chr6","142857543","142857848","chr4","126142745","126143046","18","16714798"
"chr6","143036020","143036329","chr2","44569113","44569418","38","98466907"
"chr6","143097354","143097636","chr15","102089153","102089436","41","41008201"
"chr6","143124779","143125071","chr4","125869714","125869997","43","17255065"
"chr6","143204595","143204806","chr16","668407","668615","29","142536188"
"chr6","143359862","143360126","chr9","66605929","66606205","48","76753933"
"chr6","143431512","143431824","chr4","125557044","125557346","35","17874468"
"chr6","143528843","143529144","chr5","25083724","25084024","44","118445119"
"chr6","143552658","143552964","chr6","105234648","105234956","28","38318010"
"chr6","143628625","143628923","chr2","109793679","109793978","27","33834946"
"chr6","143636424","143636589","chr19","16334651","16334811","34","127301773"
"chr6","143682855","143683162","chr11","8088814","8089119","46","135594041"
"chr6","143710572","143710865","chr2","53822948","53823230","47","89887624"
"chr6","143727629","143727731","chr4","125272320","125272424","13","18455309"
"chr6","143728101","143728294","chr4","125271768","125271951","36","18456333"
"chr6","143738243","143738526","chr7","137501646","137501934","55","6236597"
"chr6","143750294","143750601","chr4","125244093","125244404","32","18506201"
"chr6","143877287","143877582","chr19","38273870","38274170","41","105603417"
"chr6","143984954","143985231","chr4","125017903","125018191","35","18967051"
"chr6","144000612","144000902","chr6","54973278","54973563","52","89027334"
"chr6","144048837","144049136","chr3","43006950","43007246","40","101041887"
"chr6","144193772","144193986","chr3","30112008","30112217","37","114081764"
"chr6","144257879","144258176","chr15","6872633","6872929","38","137385246"
"chr6","144327393","144327588","chr7","133114354","133114541","51","11213039"
"chr6","144333016","144333226","chr2","204638025","204638229","42","60305009"
"chr6","144373307","144373528","chr19","2661303","2661533","50","141712004"
"chr6","144380265","144380348","chr16","58204065","58204150","19","86176200"
"chr6","144430203","144430497","chr4","124555667","124555961","30","19874536"
"chr6","144465770","144466014","chr6","144455673","144455917","45","10097"
"chr6","144486936","144486956","chr16","1060600","1060620","0","143426336"
"chr6","144488621","144488905","chr1","140098268","140098558","52","4390353"
"chr6","144570915","144571195","chr4","124408055","124408335","38","20162860"
"chr6","145309615","145309916","chr5","184456451","184456750","45","39146836"
"chr6","145389839","145390125","chr4","124232496","124232783","24","21157343"
"chr6","145409607","145409744","chr7","137660344","137660478","20","7749263"
"chr6","145427378","145427681","chr1","14459557","14459866","47","130967821"
"chr6","145448647","145448846","chr4","167862628","167862830","34","22413981"
"chr6","145544103","145544369","chr8","53965110","53965356","58","91578993"
"chr6","145748416","145748700","chr4","123864775","123865058","23","21883641"
"chr6","145758474","145758770","chr4","123855128","123855419","35","21903346"
"chr6","145895683","145895977","chr4","123722603","123722899","35","22173080"
"chr6","146009901","146010214","chr4","123605659","123605979","45","22404242"
"chr6","146063801","146064133","chr15","50576311","50576639","55","95487490"
"chr6","146099332","146099633","chr4","123516359","123516666","27","22582973"
"chr6","146169150","146169459","chr1","51588054","51588359","35","94581096"
"chr6","146189571","146189882","chr4","123426688","123426996","29","22762883"
"chr6","146215284","146215574","chr3","125669969","125670258","33","20545315"
"chr6","146215739","146216033","chrX","52560249","52560544","35","93655490"
"chr6","146219873","146220053","chrX","21501481","21501661","31","124718392"
"chr6","146311259","146311555","chr4","123297092","123297403","33","23014167"
"chr6","146335343","146335637","chr4","39315613","39315906","38","107019730"
"chr6","146356539","146356838","chr4","123250949","123251255","33","23105590"
"chr6","146507093","146507410","chr4","123068904","123069222","33","23438189"
"chr6","146547991","146548277","chr4","123034804","123035089","28","23513187"
"chr6","146564472","146564709","chr19","43625773","43626006","31","102938699"
"chr6","146602335","146602554","chr20","260294","260520","35","146342041"
"chr6","146662109","146662379","chr4","122913982","122914273","34","23748127"
"chr6","146677484","146677678","chr4","122897810","122898003","20","23779674"
"chr6","146683379","146683680","chr1","10612647","10612949","38","136070732"
"chr6","146697131","146697446","chr4","122878927","122879238","34","23818204"
"chr6","146728218","146728510","chr4","122848175","122848465","26","23880043"
"chr6","146739213","146739373","chr2","41008439","41008602","35","105730774"
"chr6","146784026","146784327","chr4","122794041","122794347","26","23989985"
"chr6","146803527","146803821","chr9","25083503","25083798","28","121720024"
"chr6","146808084","146808383","chrX","23331502","23331806","46","123476582"
"chr6","146823125","146823299","chr19","7937810","7937984","23","138885315"
"chr6","146830366","146830656","chr4","122748904","122749194","30","24081462"
"chr6","146839159","146839444","chr4","122739037","122739322","21","24100122"
"chr6","146847423","146847727","chr1","38412022","38412324","28","108435401"
"chr6","146867277","146867562","chr18","39951140","39951423","32","106916137"
"chr6","146870020","146870297","chr4","122709668","122709933","34","24160352"
"chr6","146874002","146874318","chr9","26629270","26629573","51","120244732"
"chr6","146887218","146887519","chr4","122692532","122692831","30","24194686"
"chr6","146916149","146916439","chr4","122660474","122660781","40","24255675"
"chr6","146923752","146924047","chr4","122653451","122653749","27","24270301"
"chr6","146936716","146937007","chr13","8757197","8757488","41","138179519"
"chr6","146966012","146966304","chr4","122610024","122610316","23","24355988"
"chr6","146980614","146980911","chr5","8289100","8289402","36","138691514"
"chr6","146987975","146988282","chr2","44995069","44995372","45","101992906"
"chr6","146990781","146990915","chrX","63346487","63346622","13","83644294"
"chr6","147024682","147024977","chr4","122552562","122552861","31","24472120"
"chr6","147029399","147029698","chr4","122547755","122548057","30","24481644"
"chr6","147079261","147079544","chr1","113487119","113487407","56","33592142"
"chr6","147103411","147103721","chrX","8591299","8591598","44","138512112"
"chr6","147157651","147157809","chr1","202825790","202825940","32","55668139"
"chr6","147168282","147168593","chr4","122409359","122409671","34","24758923"
"chr6","147202103","147202388","chr2","51135693","51135971","43","96066410"
"chr6","147224559","147224878","chr4","122344664","122344975","38","24879895"
"chr6","147289224","147289514","chr7","55561763","55562057","30","91727461"
"chr6","147297837","147298140","chr14","109604210","109604507","34","37693627"
"chr6","147415363","147415654","chr3","28131625","28131915","43","119283738"
"chr6","147512057","147512190","chr8","21037011","21037146","15","126475046"
"chr6","147512490","147512647","chr7","136552115","136552271","25","10960375"
"chr6","147555591","147555905","chr1","223566715","223567011","51","76011124"
"chr6","147623972","147624270","chr4","121941143","121941442","28","25682829"
"chr6","147761657","147761932","chr4","121798653","121798933","41","25963004"
"chr6","147798289","147798423","chr7","166240729","166240864","14","18442440"
"chr6","147870839","147871167","chr4","121648100","121648385","66","26222739"
"chr6","147951779","147952057","chr9","106051939","106052219","34","41899840"
"chr6","148076907","148077202","chr10","30442537","30442830","36","117634370"
"chr6","148084543","148084748","chr4","121405930","121406135","19","26678613"
"chr6","148138577","148138867","chr4","42823211","42823505","39","105315366"
"chr6","148158497","148158789","chr20","8006906","8007198","31","140151591"
"chr6","148168739","148169022","chr4","121276113","121276395","14","26892626"
"chr6","148348250","148348552","chr9","84502835","84503137","38","63845415"
"chr6","148466324","148466623","chr4","120765867","120766169","55","27700457"
"chr6","148644764","148645058","chrX","41694245","41694543","35","106950519"
"chr6","148664021","148664320","chr5","51540643","51540938","33","97123378"
"chr6","149212967","149213262","chr4","119937337","119937632","18","29275630"
"chr6","149234672","149234888","chr4","116777080","116777297","30","32457592"
"chr6","149283923","149284185","chr4","94152581","94152833","56","55131342"
"chr6","149327756","149328020","chr1","139650554","139650817","44","9677202"
"chr6","149334676","149334937","chr1","139650554","139650817","38","9684122"
"chr6","149366419","149366702","chr4","119776548","119776831","31","29589871"
"chr6","149417991","149418299","chr20","21068534","21068830","54","128349457"
"chr6","149435181","149435369","chr6","37709798","37709983","28","111725383"
"chr6","149538562","149538873","chr4","119591555","119591865","33","29947007"
"chr6","149567363","149567462","chr15","94696541","94696637","12","54870822"
"chr6","149614015","149614326","chr4","119513021","119513326","36","30100994"
"chr6","149655148","149655453","chr4","119465636","119465936","31","30189512"
"chr6","149692987","149693284","chr4","119426517","119426808","28","30266470"
"chr6","149709639","149709925","chr16","48001050","48001345","37","101708589"
"chr6","149927887","149928170","chr4","119184843","119185134","29","30743044"
"chr6","149951023","149951316","chr1","31140741","31141036","49","118810282"
"chr6","149951420","149951510","chr1","5754167","5754261","12","144197253"
"chr6","149951578","149951803","chr9","58391766","58391990","30","91559812"
"chr6","149956919","149957214","chr2","84487489","84487783","31","65469430"
"chr6","149967657","149967857","chr2","204638025","204638229","37","54670368"
"chr6","149972454","149972764","chr4","119146288","119146596","23","30826166"
"chr6","150000577","150000875","chr4","119117891","119118195","29","30882686"
"chr6","150041012","150041305","chr19","33311878","33312168","40","116729134"
"chr6","150097023","150097320","chr4","119021639","119021937","27","31075384"
"chr6","150100339","150100616","chr4","119018273","119018572","39","31082066"
"chr6","150102941","150103191","chr11","99940090","99940330","33","50162851"
"chr6","150131701","150131999","chr8","93049829","93050127","30","57081872"
"chr6","150132131","150132386","chr9","110733644","110733909","45","39398487"
"chr6","150169970","150170270","chr2","134713945","134714245","41","15456025"
"chr6","150183949","150184271","chr4","118879756","118880098","48","31304193"
"chr6","150189865","150190170","chr4","118873841","118874150","29","31316024"
"chr6","150205622","150205907","chr4","118857479","118857759","29","31348143"
"chr6","150238193","150238494","chr4","118822580","118822876","37","31415613"
"chr6","150249632","150249935","chr4","118812293","118812592","21","31437339"
"chr6","150264481","150264763","chr7","106425305","106425586","30","43839176"
"chr6","150282073","150282363","chr13","14714807","14715101","39","135567266"
"chr6","150287661","150287972","chr14","22567668","22567972","39","127719993"
"chr6","150288244","150288532","chr4","118765933","118766217","26","31522311"
"chr6","150298937","150299076","chrX","130438301","130438440","19","19860636"
"chr6","150343188","150343501","chr7","117042194","117042505","40","33300994"
"chr6","150408139","150408434","chr9","13634514","13634810","32","136773625"
"chr6","150422899","150423192","chr4","118626333","118626615","38","31796566"
"chr6","150431079","150431383","chr4","118616614","118616913","25","31814465"
"chr6","150460710","150461008","chr4","118587544","118587858","28","31873166"
"chr6","150512563","150512867","chr4","118537700","118537998","33","31974863"
"chr6","150542754","150543083","chr5","187506911","187507234","42","36964157"
"chr6","150615513","150615778","chr5","176566225","176566486","42","25950712"
"chr6","150650837","150651131","chr16","27254219","27254511","32","123396618"
"chr6","150728114","150728410","chr4","118318203","118318490","26","32409911"
"chr6","150729156","150729454","chr1","51024435","51024728","38","99704721"
"chr6","150745360","150745672","chr10","92671716","92672025","38","58073644"
"chr6","150747724","150748014","chr4","118297642","118297913","39","32450082"
"chr6","150756250","150756530","chrX","40056549","40056830","36","110699701"
"chr6","150762058","150762240","chr7","165092908","165093077","34","14330850"
"chr6","150779304","150779617","chr4","118266351","118266650","37","32512953"
"chr6","150784578","150784704","chr19","45249393","45249524","14","105535185"
"chr6","150802463","150802761","chr4","118242609","118242901","33","32559854"
"chr6","150808178","150808482","chr7","113559810","113560113","34","37248368"
"chr6","150813458","150813763","chr8","94510144","94510444","35","56303314"
"chr6","150818260","150818547","chr4","118223105","118223392","27","32595155"
"chr6","150829672","150829963","chr11","48892425","48892714","31","101937247"
"chr6","150846270","150846551","chr7","150436008","150436290","41","410262"
"chr6","150847343","150847650","chrX","23558557","23558868","41","127288786"
"chr6","150848573","150848880","chr4","118193808","118194117","24","32654765"
"chr6","150855121","150855375","chr13","88270653","88270911","25","62584468"
"chr6","150859792","150859966","chr4","118097067","118097239","25","32762725"
"chr6","150873731","150874029","chr5","8289100","8289402","29","142584631"
"chr6","150875051","150875350","chr6","20317307","20317607","37","130557744"
"chr6","150876362","150876667","chr4","118163803","118164116","24","32712559"
"chr6","150889563","150889865","chr4","118153501","118153805","23","32736062"
"chr6","150895048","150895307","chr3","155645632","155645891","42","4750584"
"chr6","150912152","150912462","chr4","118131480","118131780","32","32780672"
"chr6","150932704","150933002","chr4","118111208","118111512","29","32821496"
"chr6","150946287","150946598","chr7","40063489","40063797","34","110882798"
"chr6","150955362","150955650","chr10","90187663","90187950","36","60767699"
"chr6","150989584","150989879","chr10","74888195","74888498","43","76101389"
"chr6","151010351","151010652","chr7","36934995","36935295","38","114075356"
"chr6","151015397","151015699","chr8","87785177","87785476","38","63230220"
"chr6","151016666","151016978","chr4","118024132","118024433","27","32992534"
"chr6","151020040","151020321","chr4","118020900","118021188","30","32999140"
"chr6","151034564","151034860","chr16","2792881","2793177","36","148241683"
"chr6","151060108","151060391","chr15","103655749","103656029","36","47404359"
"chr6","151131529","151131818","chr4","117903636","117903937","35","33227893"
"chr6","151132221","151132518","chr4","117902937","117903234","25","33229284"
"chr6","151148963","151149267","chr4","117886215","117886538","38","33262748"
"chr6","151211180","151211393","chr9","10009673","10009908","46","141201507"
"chr6","151259555","151259794","chr11","116662483","116662722","39","34597072"
"chr6","151268853","151269004","chr2","66905039","66905190","23","84363814"
"chr6","151298292","151298592","chr1","142214846","142215140","37","9083446"
"chr6","151307829","151308116","chr19","14536861","14537157","41","136770968"
"chr6","151321744","151322025","chrX","123750327","123750609","36","27571417"
"chr6","151348468","151348762","chr14","71239913","71240206","40","80108555"
"chr6","151354342","151354600","chr4","117667356","117667615","29","33686986"
"chr6","151364175","151364476","chr5","93179263","93179563","37","58184912"
"chr6","151400578","151400883","chr4","117630507","117630809","22","33770071"
"chr6","151470454","151470748","chr3","38684532","38684827","28","112785922"
"chr6","151526463","151526772","chr4","117504616","117504922","28","34021847"
"chr6","151535290","151535551","chr4","117495961","117496223","20","34039329"
"chr6","151615524","151615825","chr4","117415643","117415949","32","34199881"
"chr6","151665717","151665995","chr4","117365621","117365912","29","34300096"
"chr6","151708691","151708993","chr17","7324483","7324788","32","144384208"
"chr6","151718759","151719065","chr4","117310863","117311167","27","34407896"
"chr6","151724641","151724943","chr2","202321693","202321984","46","50597052"
"chr6","151776410","151776708","chr15","27330681","27330978","39","124445729"
"chr6","151865386","151865677","chr2","49995238","49995528","33","101870148"
"chr6","151908899","151909187","chr4","117117896","117118184","31","34791003"
"chr6","151948232","151948536","chr7","113559810","113560113","36","38388422"
"chr6","151956668","151956979","chr4","117068304","117068615","16","34888364"
"chr6","151986444","151986493","chr7","38870761","38870805","13","113115683"
"chr6","151989922","151990186","chr1","188964406","188964667","31","36974484"
"chr6","152024807","152025113","chr4","117002553","117002869","36","35022254"
"chr6","152042801","152042949","chr15","8538420","8538567","24","143504381"
"chr6","152045690","152045978","chr1","221302746","221303028","44","69257056"
"chr6","152056009","152056157","chr19","5085659","5085803","21","146970350"
"chr6","152073158","152073479","chr10","36742179","36742496","46","115330979"
"chr6","152081352","152081488","chr4","116945547","116945682","9","35135805"
"chr6","152081787","152081981","chr3","175713720","175713908","32","23631933"
"chr6","152093903","152094079","chr4","127864075","127864248","30","24229828"
"chr6","152094129","152094339","chr3","172783026","172783239","24","20688897"
"chr6","152097706","152097993","chr4","116922669","116922957","26","35175037"
"chr6","152108622","152108940","chr4","134675515","134675820","43","17433107"
"chr6","152113574","152113883","chr10","87498791","87499100","33","64614783"
"chr6","152124790","152125077","chr4","116895190","116895476","16","35229600"
"chr6","152132215","152132512","chr4","116886862","116887156","26","35245353"
"chr6","152135262","152135594","chr4","116883880","116884178","75","35251382"
"chr6","152136088","152136379","chr16","10710589","10710878","36","141425499"
"chr6","152141825","152142092","chr6","39153322","39153584","34","112988503"
"chr6","152146702","152147031","chr4","116864137","116864445","48","35282565"
"chr6","152149644","152149944","chr6","70419679","70419978","30","81729965"
"chr6","152154042","152154348","chr10","12541086","12541391","30","139612956"
"chr6","152159332","152159640","chr4","116850710","116851014","33","35308622"
"chr6","152177299","152177608","chr4","116830513","116830822","25","35346786"
"chr6","152190084","152190375","chr4","116816680","116816967","28","35373404"
"chr6","152191876","152192161","chr4","116814952","116815237","20","35376924"
"chr6","152195037","152195344","chr4","116811745","116812052","23","35383292"
"chr6","152234891","152235030","chr7","52682488","52682622","16","99552403"
"chr6","152236159","152236435","chr16","23185128","23185409","41","129051031"
"chr6","152242971","152243118","chr1","22536698","22536838","28","129706273"
"chr6","152246569","152246692","chr1","162948066","162948191","17","10701497"
"chr6","152253228","152253434","chr12","117981015","117981227","37","34272213"
"chr6","152255797","152256088","chr20","8006906","8007198","29","144248891"
"chr6","152260580","152260879","chr4","116743451","116743739","32","35517129"
"chr6","152263032","152263193","chr6","58863249","58863409","28","93399783"
"chr6","152263490","152263541","chr3","183742878","183742928","8","31479388"
"chr6","152268466","152268749","chr9","102218484","102218763","49","50049982"
"chr6","152272497","152272695","chr1","186839979","186840175","25","34567482"
"chr6","152291625","152291918","chr9","112271207","112271498","43","40020418"
"chr6","152294782","152295040","chr16","24929027","24929280","52","127365755"
"chr6","152310449","152310752","chr4","116691915","116692211","21","35618534"
"chr6","152321822","152321978","chr1","74610219","74610377","25","77711603"
"chr6","152322713","152322991","chr4","116680001","116680294","39","35642712"
"chr6","152323401","152323681","chr4","116679325","116679602","28","35644076"
"chr6","152329843","152330148","chr4","116670826","116671130","36","35659017"
"chr6","152335631","152335932","chr4","116666296","116666594","38","35669335"
"chr6","152370792","152371080","chr6","122051308","122051594","44","30319484"
"chr6","152390130","152390427","chr1","37071095","37071392","37","115319035"
"chr6","152400963","152401271","chr4","116593915","116594214","36","35807048"
"chr6","152470833","152471113","chr1","223272471","223272743","45","70801638"
"chr6","152475028","152475334","chr9","123426880","123427186","45","29048148"
"chr6","152570511","152570675","chr1","111355154","111355311","32","41215357"
"chr6","152597006","152597318","chr3","154573146","154573446","54","1976140"
"chr6","152615781","152615931","chr6","177341736","177341880","26","24725955"
"chr6","152679093","152679402","chrX","31318657","31318965","36","121360436"
"chr6","152680132","152680441","chr2","94154191","94154499","39","58525941"
"chr6","152697889","152698190","chr4","116132433","116132720","34","36565456"
"chr6","152706781","152707068","chr2","202930199","202930485","32","50223418"
"chr6","152733349","152733650","chr4","116095531","116095831","30","36637818"
"chr6","152734326","152734622","chr7","121549006","121549314","26","31185320"
"chr6","152739899","152740194","chr4","116089602","116089906","23","36650297"
"chr6","152754321","152754619","chr4","116074071","116074374","28","36680250"
"chr6","152776827","152777121","chr13","104401711","104402004","36","48375116"
"chr6","152795204","152795498","chr4","116033366","116033672","36","36761838"
"chr6","152809091","152809393","chr13","95800318","95800617","34","57008773"
"chr6","152813079","152813375","chr3","14133270","14133569","40","138679809"
"chr6","152833806","152833948","chr11","33723808","33723943","25","119109998"
"chr6","152916274","152916574","chr4","115877247","115877545","22","37039027"
"chr6","152945832","152946127","chr7","44325103","44325398","29","108620729"
"chr6","152948509","152948800","chr10","14341398","14341690","46","138607111"
"chr6","152972108","152972389","chr4","115821158","115821444","31","37150950"
"chr6","152984581","152984874","chr5","51540643","51540938","30","101443938"
"chr6","153023414","153023728","chr4","115771385","115771679","49","37252029"
"chr6","153025992","153026285","chr4","115770827","115771132","41","37255165"
"chr6","153047195","153047508","chr4","115743866","115744168","27","37303329"
"chr6","153083586","153083891","chr17","60413428","60413729","33","92670158"
"chr6","153093455","153093762","chr3","178949621","178949924","34","25856166"
"chr6","153105260","153105556","chr3","58189784","58190078","34","94915476"
"chr6","153168407","153168539","chr19","45249393","45249524","12","107919014"
"chr6","153207041","153207359","chr4","115581658","115581979","28","37625383"
"chr6","153226538","153226848","chr14","20002938","20003246","34","133223600"
"chr6","153235362","153235668","chr4","35445617","35445923","40","117789745"
"chr6","153237299","153237592","chr4","115553169","115553458","30","37684130"
"chr6","153256276","153256583","chr4","115533729","115534037","28","37722547"
"chr6","153280541","153280788","chr4","115508987","115509216","33","37771554"
"chr6","153284427","153284722","chr9","5713218","5713508","36","147571209"
"chr6","153298779","153299088","chrX","23558557","23558868","35","129740222"
"chr6","153301924","153302230","chr4","115485781","115486093","34","37816143"
"chr6","153310722","153310915","chr12","20723702","20723888","37","132587020"
"chr6","153315218","153315383","chr7","117719275","117719434","31","35595943"
"chr6","153315792","153316089","chr5","8289100","8289402","37","145026692"
"chr6","153322258","153322543","chr3","165400974","165401262","35","12078716"
"chr6","153324729","153324889","chr13","27831371","27831532","23","125493358"
"chr6","153328598","153328900","chr4","115459041","115459339","38","37869557"
"chr6","153337186","153337473","chr9","69772747","69773035","32","83564439"
"chr6","153363287","153363587","chr1","139180433","139180733","35","14182854"
"chr6","153381524","153381814","chr20","63422657","63422949","42","89958867"
"chr6","153385497","153385802","chr7","32030880","32031184","37","121354617"
"chr6","153402993","153403287","chr4","115388736","115389035","24","38014257"
"chr6","153408781","153409090","chr4","115382936","115383257","30","38025845"
"chr6","153431620","153431838","chr19","15300379","15300596","34","138131241"
"chr6","153435601","153435891","chr4","115355906","115356204","27","38079695"
"chr6","153436572","153436703","chr10","31225194","31225326","25","122211378"
"chr6","153440609","153440834","chr2","56378580","56378803","27","97062029"
"chr6","153468565","153468851","chr20","56831413","56831703","43","96637152"
"chr6","153473033","153473334","chr16","9816171","9816470","28","143656862"
"chr6","153484057","153484191","chr7","49292075","49292209","14","104191982"
"chr6","153486112","153486420","chr4","115304718","115305028","25","38181394"
"chr6","153490881","153491137","chr1","23125520","23125772","38","130365361"
"chr6","153492833","153493125","chr3","2986573","2986865","36","150506260"
"chr6","153494419","153494727","chr4","115296485","115296792","37","38197934"
"chr6","153498376","153498677","chr4","115293231","115293529","24","38205145"
"chr6","153506269","153506570","chr4","115284884","115285195","35","38221385"
"chr6","153527270","153527349","chr8","26280134","26280211","12","127247136"
"chr6","153527350","153527488","chr2","61403650","61403796","27","92123700"
"chr6","153536337","153536639","chr11","122378721","122379020","32","31157616"
"chr6","153544676","153544810","chr16","4850336","4850468","22","148694340"
"chr6","153573046","153573336","chr4","115217016","115217311","22","38356030"
"chr6","153574071","153574235","chr4","115216116","115216281","16","38357955"
"chr6","153574483","153574733","chr4","115215554","115215805","24","38358929"
"chr6","153580041","153580353","chr20","8799817","8800128","36","144780224"
"chr6","153595031","153595328","chr4","115196080","115196386","28","38398951"
"chr6","153596508","153596806","chr4","115194604","115194901","32","38401904"
"chr6","153609365","153609522","chr2","139927827","139927983","30","13681538"
"chr6","153628872","153629120","chr2","95477542","95477786","39","58151330"
"chr6","153641175","153641475","chr7","40926065","40926365","37","112715110"
"chr6","153656118","153656370","chr4","115130097","115130349","19","38526021"
"chr6","153668641","153668894","chr4","168562449","168562704","29","14893808"
"chr6","153674353","153674655","chr4","115106861","115107161","23","38567492"
"chr6","153681948","153682257","chr10","88064823","88065128","35","65617125"
"chr6","153692215","153692440","chr16","9675962","9676190","40","144016253"
"chr6","153693502","153693774","chr4","115088055","115088338","39","38605447"
"chr6","153696953","153697245","chr4","115084576","115084881","44","38612377"
"chr6","153705626","153705795","chr10","1740479","1740645","27","151965147"
"chr6","153705796","153706021","chrUn_NW_014808218v1","102","326","35","153705694"
"chr6","153706924","153707057","chr16","4850336","4850468","21","148856588"
"chr6","153721275","153721556","chr7","121045850","121046128","38","32675425"
"chr6","153731680","153731978","chr4","115048714","115049019","27","38682966"
"chr6","153733591","153733821","chr4","34205517","34205746","43","119528074"
"chr6","153738416","153738713","chr4","115040374","115040663","31","38698042"
"chr6","153747636","153747831","chr13","68737278","68737465","38","85010358"
"chr6","153748548","153748874","chr15","30561481","30561792","48","123187067"
"chr6","153751551","153751856","chr4","115026703","115027014","35","38724848"
"chr6","153754579","153754890","chr4","115023217","115023528","34","38731362"
"chr6","153767664","153767971","chr6","174767045","174767347","47","20999381"
"chr6","153768141","153768440","chr4","115008610","115008915","34","38759531"
"chr6","153769659","153769944","chr4","115007121","115007414","24","38762538"
"chr6","153772574","153772884","chr4","115004439","115004741","32","38768135"
"chr6","153777104","153777349","chr17","76426677","76426924","36","77350427"
"chr6","153777495","153777869","chr15","24870481","24870802","98","128907014"
"chr6","153778132","153778414","chr1","78140888","78141165","49","75637244"
"chr6","153798360","153798538","chr16","48040796","48040975","19","105757564"
"chr6","153812610","153812859","chrX","112717395","112717644","35","41095215"
"chr6","153824967","153825267","chr13","45271324","45271622","33","108553643"
"chr6","153832746","153832898","chr1","161035354","161035507","20","7202608"
"chr6","153850199","153850350","chr20","26381683","26381832","25","127468516"
"chr6","153852204","153852505","chr4","114920693","114920993","30","38931511"
"chr6","153856750","153857060","chr4","114916042","114916349","29","38940708"
"chr6","153861221","153861526","chr14","112526592","112526892","40","41334629"
"chr6","153872574","153872699","chr7","125652996","125653116","20","28219578"
"chr6","153890682","153890971","chrX","44738121","44738403","45","109152561"
"chr6","153911949","153912247","chr1","10241868","10242167","30","143670081"
"chr6","153931204","153931469","chr6","55384284","55384546","36","98546920"
"chr6","153949386","153949679","chr4","114813653","114813942","17","39135733"
"chr6","153954522","153954814","chr11","116584827","116585120","38","37369695"
"chr6","153978853","153979145","chr10","60964607","60964898","28","93014246"
"chr6","153986706","153987017","chr17","79764877","79765185","36","74221829"
"chr6","154005099","154005392","chr16","67982531","67982828","39","86022568"
"chr6","154015871","154016176","chr5","52719821","52720124","35","101296050"
"chr6","154027401","154027683","chr1","61767445","61767730","38","92259956"
"chr6","154094780","154095075","chr18","20505848","20506142","33","133588932"
"chr6","154103348","154103632","chrX","49166555","49166839","29","104936793"
"chr6","154117175","154117469","chr4","114628162","114628462","35","39489013"
"chr6","154125715","154125883","chr2","41008439","41008602","24","113117276"
"chr6","154125946","154126069","chr2","133686355","133686476","20","20439591"
"chr6","154204532","154204830","chr4","114539461","114539766","38","39665071"
"chr6","154207823","154208090","chr4","114535893","114536160","22","39671930"
"chr6","154233599","154233912","chr20","56562341","56562644","37","97671258"
"chr6","154237203","154237504","chr4","114508713","114509009","28","39728490"
"chr6","154246385","154246692","chr4","114499471","114499783","49","39746914"
"chr6","154296502","154296797","chr4","114448494","114448789","17","39848008"
"chr6","154304902","154305197","chr3","101319684","101319980","35","52985218"
"chr6","154335322","154335627","chr4","114412164","114412479","36","39923158"
"chr6","154376615","154376925","chrX","40852936","40853242","34","113523679"
"chr6","154391567","154391864","chr4","114358093","114358397","32","40033474"
"chr6","154395191","154395469","chr19","44781977","44782268","46","109613214"
"chr6","154457471","154457798","chr13","55357922","55358230","58","99099549"
"chr6","154495600","154495910","chr4","114258828","114259136","34","40236772"
"chr6","154496016","154496309","chr4","114258425","114258712","33","40237591"
"chr6","154497588","154497840","chr5","2794418","2794671","32","151703170"
"chr6","154640591","154640914","chr4","114113944","114114265","27","40526647"
"chr6","154645456","154645756","chr4","114109076","114109370","31","40536380"
"chr6","154680958","154681238","chr2","109149341","109149625","36","45531617"
"chr6","154700938","154701243","chr7","66882385","66882684","35","87818553"
"chr6","154715477","154715777","chr3","48992148","48992443","37","105723329"
"chr6","154723407","154723681","chr4","114029650","114029926","22","40693757"
"chr6","154745284","154745544","chr4","114006730","114006988","19","40738554"
"chr6","154763860","154764170","chr11","48521632","48521940","39","106242228"
"chr6","154769072","154769364","chr4","113981991","113982293","33","40787081"
"chr6","154780706","154781007","chr2","88689782","88690082","47","66090924"
"chr6","154781133","154781433","chr4","113969924","113970227","27","40811209"
"chr6","154793962","154794169","chr12","89418847","89419033","51","65375115"
"chr6","154814546","154814673","chr8","874222","874344","19","153940324"
"chr6","154832822","154832995","chr19","18835148","18835319","29","135997674"
"chr6","154833021","154833146","chr1","7373118","7373239","15","147459903"
"chr6","154842326","154842631","chr4","14524143","14524444","42","140318183"
"chr6","154881475","154881614","chr7","16748615","16748755","15","138132860"
"chr6","154901719","154902015","chr15","39460070","39460366","35","115441649"
"chr6","154910576","154910864","chr4","113835967","113836253","31","41074609"
"chr6","154955469","154955777","chr12","84261039","84261351","44","70694430"
"chr6","155013365","155013682","chr19","25424587","25424898","41","129588778"
"chr6","155096513","155096770","chr4","113602632","113602890","33","41493881"
"chr6","155134390","155134697","chr4","113564608","113564896","46","41569782"
"chr6","155199333","155199632","chr4","113499333","113499633","19","41700000"
"chr6","155278204","155278490","chrX","2009568","2009860","40","153268636"
"chr6","155293615","155293923","chr5","8289100","8289402","47","147004515"
"chr6","155365832","155366125","chr4","113334568","113334863","28","42031264"
"chr6","155379612","155379891","chr4","113320317","113320587","38","42059295"
"chr6","155463898","155464093","chr4","113232824","113233017","17","42231074"
"chr6","155467599","155467899","chr1","39808407","39808699","45","115659192"
"chr6","155471841","155472139","chr4","113222377","113222672","29","42249464"
"chr6","155544537","155544846","chr1","130929622","130929929","47","24614915"
"chr6","155590020","155590316","chr4","113101252","113101562","37","42488768"
"chr6","155597930","155598203","chr12","89649774","89650053","35","65948156"
"chr6","155652800","155652941","chr10","59907389","59907536","33","95745411"
"chr6","155681826","155682142","chr4","113000014","113000321","35","42681812"
"chr6","155734459","155734751","chr9","59685986","59686279","35","96048473"
"chr6","155825869","155826176","chr4","112841503","112841806","37","42984366"
"chr6","155833560","155833851","chr6","160402934","160403221","37","4569374"
"chr6","155868949","155869255","chr7","113559810","113560113","42","42309139"
"chr6","155944872","155945181","chrX","19827565","19827872","36","136117307"
"chr6","155985540","155985845","chr4","112676857","112677155","40","43308683"
"chr6","156018179","156018474","chr10","82768266","82768562","40","73249913"
"chr6","156110038","156110349","chr2","167439401","167439710","42","11329363"
"chr6","156155231","156155530","chr4","112478630","112478944","33","43676601"
"chr6","156189675","156189975","chr4","112444360","112444660","24","43745315"
"chr6","156229187","156229496","chr16","6472299","6472608","40","149756888"
"chr6","156498679","156498950","chr4","112123696","112123975","26","44374983"
"chr6","156538611","156538671","chr4","112083805","112083867","8","44454806"
"chr6","156552853","156553161","chr1","92493616","92493925","55","64059237"
"chr6","156582802","156583104","chrX","95177383","95177685","40","61405419"
"chr6","156648447","156648749","chr4","111962725","111963022","35","44685722"
"chr6","156663710","156663993","chr4","111945227","111945501","27","44718483"
"chr6","156697986","156698256","chr4","111911329","111911615","33","44786657"
"chr6","156708960","156709264","chr4","111900936","111901233","38","44808024"
"chr6","157153136","157153366","chr19","8324578","8324793","47","148828558"
"chr6","157161445","157161742","chr4","111775083","111775382","27","45386362"
"chr6","157180178","157180464","chr15","79894939","79895223","35","77285239"
"chr6","157184796","157185084","chr7","67895156","67895433","53","89289640"
"chr6","157195407","157195714","chr2","113712988","113713293","36","43482419"
"chr6","157199211","157199514","chr4","111732705","111733014","39","45466506"
"chr6","157218620","157218910","chr1","211700488","211700776","34","54481868"
"chr6","157276993","157277299","chr4","108647959","108648261","33","48629034"
"chr6","157286050","157286311","chr4","108638521","108638782","27","48647529"
"chr6","157310600","157310909","chr4","108615668","108615969","32","48694932"
"chr6","157316888","157317179","chr4","162806027","162806312","42","5489139"
"chr6","157322507","157322803","chr13","11438541","11438838","36","145883966"
"chr6","157356501","157356801","chr4","108572047","108572352","31","48784454"
"chr6","157357902","157358200","chr11","48147631","48147935","37","109210271"
"chr6","157371326","157371604","chr19","14878883","14879175","42","142492443"
"chr6","157399265","157399564","chr4","108530075","108530367","29","48869190"
"chr6","157402106","157402402","chr4","108527158","108527454","23","48874948"
"chr6","157404083","157404389","chr9","86380129","86380435","41","71023954"
"chr6","157404519","157404823","chr4","108524764","108525061","36","48879755"
"chr6","157421042","157421343","chr7","66882385","66882684","40","90538657"
"chr6","157434442","157434741","chr4","108493263","108493564","32","48941179"
"chr6","157439564","157439866","chr10","12541086","12541391","43","144898478"
"chr6","157442277","157442505","chr16","9675962","9676190","33","147766315"
"chr6","157467331","157467626","chr4","108456964","108457266","34","49010367"
"chr6","157481449","157481740","chr13","96035506","96035794","40","61445943"
"chr6","157522336","157522615","chr20","32205318","32205599","53","125317018"
"chr6","157523647","157523942","chr4","108399504","108399806","34","49124143"
"chr6","157524326","157524614","chr1","131327086","131327380","37","26197240"
"chr6","157544946","157545233","chr10","28092258","28092543","37","129452688"
"chr6","157561244","157561543","chr1","39090586","39090889","35","118470658"
"chr6","157567717","157568008","chr10","80357091","80357388","48","77210626"
"chr6","157578787","157579096","chr1","20772067","20772375","44","136806720"
"chr6","157586853","157587144","chr4","108338229","108338521","29","49248624"
"chr6","157590602","157590877","chr7","18962409","18962677","46","138628193"
"chr6","157608466","157608761","chr4","108316823","108317112","35","49291643"
"chr6","157611621","157611921","chr8","54634869","54635169","32","102976752"
"chr6","157617090","157617402","chr4","108309099","108309410","39","49307991"
"chr6","157638664","157638955","chr3","178976330","178976618","32","21337666"
"chr6","157639949","157640259","chr4","108284872","108285182","32","49355077"
"chr6","157675481","157675796","chr7","95453249","95453559","49","62222232"
"chr6","157690341","157690650","chrX","47581011","47581317","41","110109330"
"chr6","157690797","157690930","chr9","89613171","89613303","16","68077626"
"chr6","157703678","157703959","chr4","108216004","108216271","41","49487674"
"chr6","157735085","157735398","chr1","54182088","54182398","42","103552997"
"chr6","157744370","157744664","chr4","108181328","108181621","23","49563042"
"chr6","157752908","157753206","chr6","73393768","73394067","41","84359140"
"chr6","157784612","157784908","chr4","108141090","108141391","29","49643522"
"chr6","157848080","157848375","chr4","108076974","108077267","20","49771106"
"chr6","157874364","157874650","chr1","27906218","27906492","43","129968146"
"chr6","157904511","157904792","chr4","108018354","108018648","42","49886157"
"chr6","157927463","157927760","chr4","107995164","107995469","34","49932299"
"chr6","157931165","157931476","chr4","107991464","107991774","33","49939701"
"chr6","157965838","157965873","chr3","119736037","119736073","8","38229801"
"chr6","157965874","157966158","chr4","107956440","107956733","28","50009434"
"chr6","157967160","157967464","chr4","107955133","107955437","18","50012027"
"chr6","157975277","157975574","chr4","107946407","107946704","35","50028870"
"chr6","157989658","157989972","chr11","104740757","104741068","37","53248901"
"chr6","158032475","158032779","chr14","15756054","15756351","35","142276421"
"chr6","158038486","158038789","chr4","107882072","107882377","29","50156414"
"chr6","158039889","158040190","chr6","49699191","49699492","36","108340698"
"chr6","158041753","158041891","chr18","718362","718502","21","157323391"
"chr6","158042182","158042350","chr3","88295825","88295991","23","69746357"
"chr6","158050193","158050473","chr3","164558229","164558511","44","6508036"
"chr6","158059401","158059682","chr4","107860559","107860847","32","50198842"
"chr6","158065875","158066151","chr12","20843965","20844245","33","137221910"
"chr6","158088178","158088458","chr16","2871012","2871300","28","155217166"
"chr6","158093668","158093959","chr16","69235874","69236162","37","88857794"
"chr6","158096566","158096868","chr4","107816741","107817035","32","50279825"
"chr6","158112240","158112571","chr4","107800488","107800800","38","50311752"
"chr6","158114241","158114548","chr4","107798889","107799192","33","50315352"
"chr6","158117588","158117862","chr9","87977420","87977692","51","70140168"
"chr6","158125591","158125884","chr4","107787843","107788143","29","50337748"
"chr6","158127144","158127293","chr4","44130284","44130433","20","113996860"
"chr6","158129043","158129205","chr6","58863249","58863409","33","99265794"
"chr6","158169840","158170107","chr2","172673831","172674101","43","14503991"
"chr6","158181788","158182077","chr4","107758761","107759053","32","50423027"
"chr6","158185562","158185868","chr16","9166808","9167112","33","149018754"
"chr6","158185991","158186301","chr15","17846255","17846564","42","140339736"
"chr6","158190536","158190820","chr4","107746954","107747237","19","50443582"
"chr6","158191476","158191782","chr3","101319684","101319980","41","56871792"
"chr6","158197693","158198004","chr6","153254165","153254475","42","4943528"
"chr6","158213315","158213606","chrX","44429429","44429724","39","113783886"
"chr6","158239610","158239773","chr19","30244151","30244322","26","127995459"
"chr6","158259659","158259966","chr4","111601762","111602081","38","46657897"
"chr6","158321655","158321978","chr4","111541653","111541977","29","46780002"
"chr6","158323610","158323917","chr4","111539698","111539994","35","46783912"
"chr6","158325967","158326264","chr13","14714807","14715101","32","143611160"
"chr6","158332161","158332470","chrX","44981872","44982183","37","113350289"
"chr6","158339469","158339760","chr9","25083503","25083798","32","133255966"
"chr6","158339998","158340296","chr12","62026301","62026598","38","96313697"
"chr6","158349874","158350174","chr17","54115386","54115686","33","104234488"
"chr6","158363703","158364012","chr12","106930268","106930572","32","51433435"
"chr6","158375539","158375770","chr16","62907733","62907954","35","95467806"
"chr6","158375801","158376140","chr7","67951215","67951545","95","90424586"
"chr6","158386383","158386669","chrX","134927165","134927447","48","23459218"
"chr6","158398277","158398620","chr2","184313098","184313421","64","25914821"
"chr6","158401744","158402064","chr12","84261039","84261351","42","74140705"
"chr6","158426666","158426937","chr15","10586408","10586691","42","147840258"
"chr6","158460336","158460630","chr4","111402893","111403180","29","47057443"
"chr6","158462762","158463064","chr4","111400438","111400702","61","47062324"
"chr6","158466248","158466542","chr14","46148744","46149038","33","112317504"
"chr6","158467563","158467867","chr4","111394942","111395237","29","47072621"
"chr6","158473107","158473404","chr4","111389828","111390117","34","47083279"
"chr6","158475422","158475736","chr4","111387310","111387622","30","47088112"
"chr6","158479402","158479669","chrX","24064179","24064442","49","134415223"
"chr6","158498514","158498815","chr4","111370977","111371278","20","47127537"
"chr6","158501919","158502222","chr3","43952460","43952772","48","114549459"
"chr6","158502618","158502926","chr4","111366594","111366891","37","47136024"
"chr6","158508772","158509070","chr1","21672807","21673105","34","136835965"
"chr6","158518576","158518724","chr3","127758323","127758474","29","30760253"
"chr6","158534080","158534385","chr4","111335147","111335448","24","47198933"
"chr6","158638254","158638488","chr4","116777080","116777297","47","41861174"
"chr6","158647124","158647427","chr12","38592649","38592950","33","120054475"
"chr6","158651163","158651454","chr4","111218731","111219035","33","47432432"
"chr6","158651841","158652137","chr4","111218058","111218349","36","47433783"
"chr6","158660517","158660797","chr13","27240991","27241276","33","131419526"
"chr6","158660811","158661084","chr16","68772362","68772622","53","89888449"
"chr6","158662268","158662573","chr4","111207653","111207960","24","47454615"
"chr6","158675274","158675567","chr9","59685986","59686279","37","98989288"
"chr6","158676264","158676566","chr4","111193288","111193575","28","47482976"
"chr6","158679935","158680269","chr7","112925945","112926264","57","45753990"
"chr6","158683119","158683370","chr13","108196849","108197098","37","50486270"
"chr6","158683776","158684068","chr6","178125335","178125627","32","19441559"
"chr6","158687076","158687371","chr4","111182203","111182496","25","47504873"
"chr6","158704758","158705062","chr4","111165391","111165702","28","47539367"
"chr6","158717652","158717922","chr4","111152215","111152476","23","47565437"
"chr6","158722590","158722736","chr4","107392495","107392642","21","51330095"
"chr6","158733949","158734246","chrX","54015494","54015788","46","104718455"
"chr6","158744589","158744884","chr2","121908877","121909175","50","36835712"
"chr6","158747034","158747195","chr1","211626449","211626612","26","52879415"
"chr6","158747616","158747926","chr4","111121788","111122099","21","47625828"
"chr6","158748896","158749054","chr1","161035354","161035507","22","2286458"
"chr6","158752762","158753033","chr4","111116325","111116610","35","47636437"
"chr6","158754065","158754333","chr4","111115081","111115344","25","47638984"
"chr6","158758856","158759148","chr4","111110809","111111111","30","47648047"
"chr6","158759271","158759473","chr7","126315477","126315677","36","32443794"
"chr6","158765060","158765361","chr4","111104721","111105028","30","47660339"
"chr6","158770450","158770649","chr7","49412007","49412208","34","109358443"
"chr6","158770660","158770946","chr1","146257088","146257378","36","12513572"
"chr6","158782180","158782465","chr10","17005426","17005711","32","141776754"
"chr6","158785010","158785234","chr16","9675962","9676190","37","149109048"
"chr6","158791640","158791939","chr4","111078008","111078317","34","47713632"
"chr6","158809272","158809556","chr1","5556635","5556910","46","153252637"
"chr6","158815296","158815601","chr7","123614361","123614671","37","35200935"
"chr6","158816811","158817086","chr11","132329328","132329609","45","26487483"
"chr6","158822432","158822739","chr4","111043877","111044182","33","47778555"
"chr6","158824251","158824518","chr4","111042108","111042373","29","47782143"
"chr6","158828227","158828522","chr11","55122642","55122939","38","103705585"
"chr6","158841126","158841402","chr4","111025442","111025720","23","47815684"
"chr6","158851927","158852220","chr4","111015112","111015409","34","47836815"
"chr6","158858371","158858678","chr4","111008364","111008669","34","47850007"
"chr6","158864755","158865060","chr4","111001619","111001927","34","47863136"
"chr6","158868123","158868421","chr14","10298725","10299025","34","148569398"
"chr6","158884951","158885254","chr16","1511202","1511503","30","157373749"
"chr6","158886725","158887031","chr4","110978865","110979173","21","47907860"
"chr6","158892994","158893293","chr19","20676318","20676616","36","138216676"
"chr6","158896758","158897036","chr4","110969158","110969436","27","47927600"
"chr6","158898384","158898664","chr4","110967477","110967756","21","47930907"
"chr6","158904929","158905225","chr10","37937441","37937734","71","120967488"
"chr6","158912176","158912476","chrX","9240846","9241146","34","149671330"
"chr6","158928325","158928502","chr14","10619607","10619777","30","148308718"
"chr6","158928503","158928813","chr4","110935131","110935440","29","47993372"
"chr6","158936816","158937094","chrX","148237929","148238207","35","10698887"
"chr6","158942872","158943048","chr13","61516510","61516682","24","97426362"
"chr6","158947490","158947798","chr4","110915783","110916091","24","48031707"
"chr6","158949576","158949829","chr10","1986521","1986775","40","156963055"
"chr6","158955622","158955916","chr4","110907953","110908242","30","48047669"
"chr6","158957479","158957776","chr4","110906111","110906409","23","48051368"
"chr6","158959810","158960109","chr10","37249410","37249706","45","121710400"
"chr6","158965210","158965517","chr4","110897826","110898130","26","48067384"
"chr6","158980350","158980631","chr6","169544343","169544629","37","10563993"
"chr6","159003065","159003371","chr10","14149427","14149737","40","144853638"
"chr6","159006049","159006358","chr4","110856723","110857018","40","48149326"
"chr6","159012909","159013218","chr4","110848536","110848851","35","48164373"
"chr6","159024682","159024983","chrX","95177383","95177685","32","63847299"
"chr6","159050470","159050775","chr4","110812079","110812389","41","48238391"
"chr6","159113190","159113460","chr4","110749185","110749462","38","48364005"
"chr6","159225794","159226077","chr4","110581836","110582122","23","48643958"
"chr6","159234966","159235270","chr4","110572688","110572992","35","48662278"
"chr6","159562120","159562424","chr4","110249538","110249839","36","49312582"
"chr6","159651125","159651289","chr9","63382622","63382784","25","96268503"
"chr6","159713677","159713982","chr4","110099332","110099629","24","49614345"
"chr6","159726887","159727150","chr15","80690335","80690595","49","79036552"
"chr6","159727884","159728173","chr4","110084968","110085265","26","49642916"
"chr6","159752566","159752869","chr4","110060367","110060679","40","49692199"
"chr6","159850329","159850632","chr4","109965787","109966091","18","49884542"
"chr6","159868602","159868897","chr1","142214846","142215140","32","17653756"
"chr6","159891763","159892051","chr7","77698309","77698596","32","82193454"
"chr6","159993060","159993358","chr4","109826591","109826894","37","50166469"
"chr6","160003395","160003670","chr4","36038858","36039142","44","123964537"
"chr6","160058638","160058939","chr3","128658797","128659097","38","31399841"
"chr6","160061804","160062115","chr4","109752220","109752522","36","50309584"
"chr6","160103084","160103379","chr16","39096783","39097078","35","121006301"
"chr6","160122316","160122625","chr4","109692403","109692714","33","50429913"
"chr6","160134013","160134300","chr16","9088738","9089023","35","151045275"
"chr6","160324529","160324625","chr10","36848738","36848833","8","123475791"
"chr6","160332662","160332954","chr4","109466941","109467236","25","50865721"
"chr6","160386743","160387036","chr4","37385973","37386264","34","123000770"
"chr6","160402619","160402918","chr4","109398520","109398822","29","51004099"
"chr6","160421927","160422222","chr6","166608479","166608768","37","6186552"
"chr6","160474221","160474511","chr4","109328428","109328741","59","51145793"
"chr6","160479729","160479890","chr20","28699737","28699900","23","131779992"
"chr6","160489155","160489454","chr3","49241409","49241710","38","111247746"
"chr6","160503950","160504222","chr3","137414467","137414738","47","23089483"
"chr6","160518578","160518879","chr4","109282535","109282833","36","51236043"
"chr6","160524442","160524724","chr7","6898037","6898319","35","153626405"
"chr6","160525692","160525976","chr7","106425305","106425586","37","54100387"
"chr6","160574985","160575140","chr3","127758323","127758474","29","32816662"
"chr6","160642824","160643136","chr7","81771278","81771588","37","78871546"
"chr6","160660160","160660377","chr20","40742942","40743158","28","119917218"
"chr6","160661063","160661347","chr11","94854539","94854825","40","65806524"
"chr6","160671392","160671691","chr4","109079416","109079705","37","51591976"
"chr6","160679004","160679250","chr10","28189047","28189292","31","132489957"
"chr6","160679271","160679496","chr14","111685372","111685596","38","48993899"
"chr6","160687247","160687540","chr12","57850151","57850455","49","102837096"
"chr6","160730430","160730723","chr16","55969925","55970215","33","104760505"
"chr6","160746801","160746967","chr20","23038743","23038910","25","137708058"
"chr6","160795715","160796012","chr4","108953886","108954181","28","51841829"
"chr6","160817515","160817645","chr3","39515638","39515771","11","121301877"
"chr6","160822009","160822308","chr4","108926939","108927234","22","51895070"
"chr6","160836870","160837166","chr16","66862919","66863214","37","93973951"
"chr6","160837977","160838280","chr4","108910626","108910943","36","51927351"
"chr6","160858129","160858430","chr4","108889825","108890125","31","51968304"
"chr6","160886415","160886711","chr3","164535092","164535388","34","3648677"
"chr6","160998359","160998653","chr4","80615215","80615509","32","80383144"
"chr6","161006962","161007124","chr7","125505478","125505644","32","35501484"
"chr6","161035340","161035635","chr4","108727221","108727514","21","52308119"
"chr6","161049456","161049751","chr4","108689479","108689771","37","52359977"
"chr6","161052789","161053078","chr4","108686314","108686608","30","52366475"
"chr6","161178296","161178555","chr13","88270653","88270911","31","72907643"
"chr6","161262335","161262621","chr4","107698908","107699205","33","53563427"
"chr6","161263278","161263577","chr4","107700167","107700465","34","53563111"
"chr6","161275067","161275377","chr4","107612116","107612427","25","53662951"
"chr6","161289790","161290071","chr15","99259218","99259497","41","62030572"
"chr6","161291900","161292208","chr4","107595634","107595933","31","53696266"
"chr6","161301157","161301364","chr20","2171621","2171826","46","159129536"
"chr6","161329335","161329607","chr4","44285534","44285810","39","117043801"
"chr6","161351996","161352280","chr4","107514896","107515182","22","53837100"
"chr6","161365894","161366190","chrX","97599687","97599982","30","63766207"
"chr6","161374573","161374770","chr4","107491055","107491246","28","53883518"
"chr6","161396779","161396913","chr3","39515638","39515771","15","121881141"
"chr6","161397228","161397390","chrX","128198155","128198315","28","33199073"
"chr6","161410624","161410936","chr6","132346083","132346384","57","29064541"
"chr6","161430868","161431071","chr13","94935954","94936168","48","66494914"
"chr6","161459814","161459930","chr20","54454239","54454355","11","107005575"
"chr6","161463774","161463907","chr3","72355560","72355693","13","89108214"
"chr6","161472507","161472812","chrX","100926712","100927019","31","60545795"
"chr6","161473183","161473449","chr14","78760726","78760991","31","82712457"
"chr6","161478715","161479023","chr10","13406768","13407071","42","148071947"
"chr6","161501842","161502136","chr6","64801784","64802074","35","96700058"
"chr6","161508239","161508387","chr4","44130284","44130433","11","117377955"
"chr6","161508882","161509091","chr4","107355713","107355923","20","54153169"
"chr6","161564994","161565299","chr19","20676318","20676616","34","140888676"
"chr6","161579844","161580117","chr1","114396181","114396455","35","47183663"
"chr6","161583262","161583395","chr16","67963199","67963331","16","93620063"
"chr6","161585293","161585462","chr9","89612696","89612864","25","71972597"
"chr6","161600470","161600650","chr8","122467386","122467555","35","39133084"
"chr6","161607037","161607205","chr16","18395234","18395402","27","143211803"
"chr6","161632356","161632512","chr5","39240849","39241005","22","122391507"
"chr6","161644878","161645177","chr4","107217792","107218077","32","54427086"
"chr6","161645946","161646250","chr4","107216395","107216697","24","54429551"
"chr6","161655572","161655880","chr4","107206841","107207154","39","54448731"
"chr6","161705790","161706011","chr11","120671283","120671499","38","41034507"
"chr6","161721623","161721899","chrX","19389818","19390093","35","142331805"
"chr6","161729378","161729675","chr15","7271324","7271621","36","154458054"
"chr6","161736147","161736432","chr4","107124510","107124791","30","54611637"
"chr6","161738561","161738867","chr16","66827758","66828135","98","94910803"
"chr6","161753009","161753313","chr4","107105657","107105967","28","54647352"
"chr6","161760888","161761137","chr3","153534168","153534425","48","8226720"
"chr6","161761197","161761497","chr10","70558317","70558615","38","91202880"
"chr6","161764775","161765065","chr4","107093199","107093478","32","54671576"
"chr6","161773963","161774240","chr4","107080562","107080842","20","54693401"
"chr6","161775939","161776112","chr2","69424628","69424798","34","92351311"
"chr6","161776648","161776948","chr4","107077491","107077768","41","54699157"
"chr6","161778135","161778432","chr4","107075745","107076043","33","54702390"
"chr6","161781640","161781801","chr4","137786039","137786190","30","23995601"
"chr6","161781982","161782096","chr16","52933717","52933828","15","108848265"
"chr6","161794477","161794775","chr4","107066786","107067080","31","54727691"
"chr6","161819151","161819462","chr4","107030802","107031116","27","54788349"
"chr6","161825947","161826244","chr7","117042194","117042505","40","44783753"
"chr6","161844625","161844921","chr4","159963186","159963481","32","1881439"
"chr6","161847695","161847991","chr11","118301663","118301958","30","43546032"
"chr6","161861328","161861636","chr4","43075889","43076200","46","118785439"
"chr6","161898356","161898580","chr4","16011068","16011288","48","145887288"
"chr6","161901172","161901333","chr15","49976831","49976996","22","111924341"
"chr6","161910749","161911061","chr3","165277846","165278155","37","3367097"
"chr6","161935005","161935304","chrX","47839719","47840022","35","114095286"
"chr6","162025731","162025742","chr1","27694602","27694613","2","134331129"
"chr6","162026382","162026687","chr4","160154070","160154363","35","1872312"
"chr6","162056711","162057025","chr4","160187345","160187658","25","1869366"
"chr6","162059462","162059741","chr4","160190090","160190358","33","1869372"
"chr6","162118442","162118734","chr4","160249775","160250066","29","1868667"
"chr6","162183491","162183703","chr4","160315633","160315842","21","1867858"
"chr6","162183934","162184016","chr4","160316075","160316158","11","1867859"
"chr6","162378922","162379203","chr4","160504845","160505117","44","1874077"
"chr6","162473039","162473334","chr9","59685986","59686279","42","102787053"
"chr6","162483472","162483750","chr12","113818822","113819105","40","48664650"
"chr6","162495187","162495489","chr1","113316039","113316346","39","49179148"
"chr6","162505078","162505313","chr4","160685688","160685923","24","1819390"
"chr6","162529601","162529887","chr9","29656031","29656307","43","132873570"
"chr6","162533188","162533470","chr7","18357399","18357684","39","144175789"
"chr6","162550741","162551052","chr1","38339773","38340079","30","124210968"
"chr6","162581307","162581607","chr16","47718341","47718641","36","114862966"
"chr6","162594669","162594803","chr4","160821584","160821718","9","1773085"
"chr6","162595091","162595242","chr1","100916716","100916855","38","61678375"
"chr6","162598931","162599228","chr15","6872633","6872929","45","155726298"
"chr6","162616077","162616258","chr11","48447246","48447429","28","114168831"
"chr6","162616730","162616859","chr19","38786900","38787030","17","123829830"
"chr6","162620225","162620528","chr4","160844688","160844979","37","1775537"
"chr6","162625924","162626173","chr7","53730102","53730346","52","108895822"
"chr6","162637720","162638022","chr4","160862722","160863016","36","1774998"
"chr6","162665327","162665609","chrX","137038110","137038391","40","25627217"
"chr6","162671357","162671647","chr1","212896637","212896929","37","50225280"
"chr6","162686144","162686428","chr4","28996365","28996638","47","133689779"
"chr6","162719086","162719239","chr4","160941484","160941637","14","1777602"
"chr6","162719546","162719712","chr4","160941933","160942087","24","1777613"
"chr6","162723597","162723891","chr4","160946619","160946900","45","1776978"
"chr6","162735455","162735735","chr4","160959703","160959996","28","1775752"
"chr6","162747407","162747712","chr4","160973048","160973353","31","1774359"
"chr6","162750494","162750805","chr4","160984652","160984961","27","1765842"
"chr6","162777476","162777783","chr4","161011307","161011612","21","1766169"
"chr6","162792111","162792405","chr4","161025946","161026247","37","1766165"
"chr6","162805764","162805939","chr20","59426524","59426698","23","103379240"
"chr6","162834573","162834854","chr15","40988593","40988874","35","121845980"
"chr6","162851568","162851868","chr4","161092557","161092852","19","1759011"
"chr6","162922606","162922912","chr4","161162608","161162912","36","1759998"
"chr6","162959420","162959742","chr1","211700488","211700776","76","48741068"
"chr6","162990086","162990395","chr14","104438673","104438977","42","58551413"
"chr6","162993481","162993780","chrX","44429429","44429724","34","118564052"
"chr6","163145930","163146219","chr3","176405182","176405472","35","13259252"
"chr6","163282852","163283115","chr4","161511607","161511888","36","1771245"
"chr6","163689842","163690144","chr4","161808428","161808731","18","1881414"
"chr6","163867796","163868099","chr11","47525504","47525800","41","116342292"
"chr6","163927865","163928158","chr4","162030566","162030862","28","1897299"
"chr6","164035617","164035861","chr9","72730444","72730684","37","91305173"
"chr6","164197692","164197973","chr4","162304436","162304724","29","1893256"
"chr6","164225984","164226292","chr4","162333027","162333335","22","1892957"
"chr6","164231342","164231631","chr4","162338412","162338720","41","1892930"
"chr6","164243831","164244083","chr9","117410100","117410360","40","46833731"
"chr6","164272733","164273020","chr1","110705411","110705697","39","53567322"
"chr6","164300267","164300566","chr7","96087943","96088237","36","68212324"
"chr6","164311963","164312261","chr4","162416327","162416633","28","1895636"
"chr6","164313238","164313514","chr4","162417583","162417845","35","1895655"
"chr6","164322141","164322257","chr3","169274987","169275102","22","4952846"
"chr6","164322504","164322658","chr4","114563222","114563379","29","49759282"
"chr6","164325706","164326014","chr4","162430583","162430891","18","1895123"
"chr6","164384085","164384248","chrX","855241","855400","26","163528844"
"chr6","164395789","164396056","chr11","120164798","120165066","35","44230991"
"chr6","164420821","164421127","chr4","162524083","162524387","28","1896738"
"chr6","164443172","164443484","chr11","48147631","48147935","42","116295541"
"chr6","164444260","164444563","chr4","162548200","162548513","32","1896060"
"chr6","164494803","164495099","chr9","95615479","95615776","37","68879324"
"chr6","164534080","164534199","chr8","6959684","6959805","14","157574396"
"chr6","164534227","164534373","chr19","10188347","10188495","32","154345880"
"chr6","164572921","164573052","chr1","161382752","161382881","9","3190169"
"chr6","164591051","164591352","chr4","162698213","162698503","38","1892838"
"chr6","164591696","164591991","chr4","24365276","24365574","34","140226420"
"chr6","164630777","164631072","chr4","162741136","162741438","27","1889641"
"chr6","164639152","164639464","chr1","219719549","219719856","32","55080397"
"chr6","164658586","164658847","chr13","24414225","24414496","48","140244361"
"chr6","164683565","164683838","chr4","162797562","162797825","33","1886003"
"chr6","164691147","164691457","chr4","162803824","162804127","34","1887323"
"chr6","164693388","164693671","chr4","162806027","162806312","27","1887361"
"chr6","164721927","164722233","chr6","105234648","105234956","39","59487279"
"chr6","164733728","164734016","chr10","37556074","37556363","29","127177654"
"chr6","164762407","164762713","chr4","162382272","162382577","37","2380135"
"chr6","164772517","164772767","chrX","8521588","8521840","37","156250929"
"chr6","164773158","164773444","chr10","36159633","36159924","38","128613525"
"chr6","164778277","164778573","chr1","221811818","221812117","36","57033541"
"chr6","164792086","164792395","chr19","49257668","49257979","35","115534418"
"chr6","164802575","164802872","chr1","140166438","140166735","33","24636137"
"chr6","164818598","164818932","chr2","56893700","56894034","39","107924898"
"chr6","164819969","164820253","chr15","92212476","92212756","38","72607493"
"chr6","164826022","164826310","chr10","7678604","7678892","39","157147418"
"chr6","164851161","164851469","chr1","211700488","211700776","55","46849327"
"chr6","164867227","164867526","chr1","36905300","36905598","38","127961927"
"chr6","164883049","164883349","chr7","40306232","40306537","38","124576817"
"chr6","164889297","164889595","chr1","200028486","200028781","41","35139189"
"chr6","164898083","164898392","chr4","163019872","163020181","28","1878211"
"chr6","164903232","164903530","chr4","163025013","163025293","35","1878219"
"chr6","164905697","164906002","chr10","72366392","72366697","32","92539305"
"chr6","164920670","164920966","chr7","165267923","165268219","32","347253"
"chr6","164922870","164923029","chr4","163053093","163053252","9","1869777"
"chr6","164924105","164924396","chr10","88768614","88768894","56","76155491"
"chr6","164932593","164932880","chr14","6901000","6901287","46","158031593"
"chr6","164936553","164936847","chr4","163066567","163066869","48","1869986"
"chr6","164988173","164988439","chr4","163118779","163119045","16","1869394"
"chr6","165002158","165002468","chr2","40512328","40512635","43","124489830"
"chr6","165019391","165019544","chr16","18059116","18059274","24","146960275"
"chr6","165024930","165025228","chr4","163146305","163146601","15","1878625"
"chr6","165055238","165055525","chr6","155801988","155802276","35","9253250"
"chr6","165097932","165098219","chr4","163223213","163223501","34","1874719"
"chr6","165098235","165098447","chr4","163223517","163223728","17","1874718"
"chr6","165113473","165113646","chr16","71840560","71840723","26","93272913"
"chr6","165115619","165115905","chr4","163241028","163241325","29","1874591"
"chr6","165216445","165216591","chr8","103450330","103450478","23","61766115"
"chr6","165373595","165373903","chr7","164026191","164026494","36","1347404"
"chr6","165386934","165387127","chr4","56235115","56235309","30","109151819"
"chr6","165404508","165404800","chr20","8006906","8007198","34","157397602"
"chr6","165409779","165410079","chr4","163535068","163535368","34","1874711"
"chr6","165430185","165430484","chr4","163557558","163557863","32","1872627"
"chr6","165437739","165438048","chr6","156061504","156061814","35","9376235"
"chr6","165476192","165476491","chr14","111646507","111646801","34","53829685"
"chr6","165484095","165484287","chr4","54715512","54715710","34","110768583"
"chr6","165484856","165484958","chr4","163608312","163608410","13","1876544"
"chr6","165487405","165487687","chr4","163610184","163610481","36","1877221"
"chr6","165498115","165498416","chr4","163621954","163622263","36","1876161"
"chr6","165500001","165500183","chr7","14464950","14465133","23","151035051"
"chr6","165503037","165503331","chr2","188829913","188830214","37","23326876"
"chr6","165540052","165540355","chr4","163663491","163663795","34","1876561"
"chr6","165548140","165548445","chr4","163671247","163671553","27","1876893"
"chr6","165551467","165551756","chr11","118658106","118658401","39","46893361"
"chr6","165576752","165577054","chr5","58278167","58278471","26","107298585"
"chr6","165595861","165596169","chr15","85396569","85396880","34","80199292"
"chr6","165698945","165699245","chr4","163826687","163826981","25","1872258"
"chr6","165700261","165700560","chr8","129162500","129162803","38","36537761"
"chr6","165708109","165708214","chr18","34849375","34849481","13","130858734"
"chr6","165708215","165708473","chr17","23782955","23783220","40","141925260"
"chr6","165747710","165748005","chr6","131722813","131723119","39","34024897"
"chr6","165752155","165752434","chr1","220415451","220415740","43","54663296"
"chr6","165837205","165837536","chr4","163961460","163961791","27","1875745"
"chr6","165884262","165884539","chr7","3450180","3450461","31","162434082"
"chr6","166088111","166088342","chr1","110938395","110938631","36","55149716"
"chr6","166146869","166147186","chr4","164279286","164279600","39","1867583"
"chr6","166265589","166265865","chr4","171650853","171651129","36","5385264"
"chr6","166297854","166298101","chrX","113227375","113227627","32","53070479"
"chr6","166302071","166302362","chrX","44429429","44429724","38","121872642"
"chr6","166319746","166320053","chr4","164459261","164459572","27","1860485"
"chr6","166324696","166324767","chr1","38976274","38976341","17","127348422"
"chr6","166329807","166329998","chr11","2904691","2904882","32","163425116"
"chr6","166368326","166368621","chr12","106103474","106103785","49","60264852"
"chr6","166409452","166409751","chr4","164566685","164566989","34","1842767"
"chr6","166453513","166453802","chr4","164612884","164613169","25","1840629"
"chr6","166461033","166461211","chr1","15243680","15243861","37","151217353"
"chr6","166499780","166500000","chr3","171186993","171187203","34","4687213"
"chr6","166564090","166564332","chr4","164725231","164725472","23","1838859"
"chr6","166564882","166565179","chr4","164726015","164726308","27","1838867"
"chr6","166567467","166567762","chr4","164728654","164728949","29","1838813"
"chr6","166593022","166593313","chr4","164753777","164754068","29","1839245"
"chr6","166596397","166596710","chr4","164757110","164757424","24","1839287"
"chr6","166696227","166696538","chr4","164854109","164854421","36","1842118"
"chr6","166709088","166709399","chr4","164868583","164868884","34","1840505"
"chr6","166724782","166725110","chr16","41071621","41071940","49","125653161"
"chr6","166725339","166725641","chr4","164884910","164885219","25","1840429"
"chr6","166762868","166762998","chr10","31067832","31067967","15","135695036"
"chr6","166779606","166779911","chr4","164979782","164980083","22","1799824"
"chr6","166787338","166787589","chr4","164987178","164987443","39","1800160"
"chr6","166806626","166806907","chr2","94694320","94694601","38","72112306"
"chr6","166837714","166837992","chr4","18701176","18701462","41","148136538"
"chr6","166846242","166846310","chr4","165047709","165047777","4","1798533"
"chr6","166886429","166886740","chr1","54182088","54182398","42","112704341"
"chr6","166911683","166911986","chr4","165112235","165112541","32","1799448"
"chr6","166985050","166985204","chr15","8538420","8538567","25","158446630"
"chr6","166995390","166995642","chr12","65950542","65950802","31","101044848"
"chr6","167110474","167110760","chr4","165305681","165305955","36","1804793"
"chr6","167111550","167111849","chr15","18383931","18384228","31","148727619"
"chr6","167138443","167138746","chr4","165334445","165334757","26","1803998"
"chr6","167225319","167225623","chr14","124293090","124293393","30","42932229"
"chr6","167575659","167575937","chr12","74258121","74258397","43","93317538"
"chr6","167608196","167608505","chr6","49401545","49401854","38","118206651"
"chr6","167611666","167611811","chr7","68954357","68954508","49","98657309"
"chr6","167626276","167626577","chr7","139237664","139237965","43","28388612"
"chr6","167761256","167761549","chr7","123571861","123572154","39","44189395"
"chr6","167829557","167829866","chr2","96943765","96944067","36","70885792"
"chr6","167942570","167942704","chr12","121124958","121125092","10","46817612"
"chr6","168026459","168026741","chr6","106938655","106938936","32","61087804"
"chr6","168044059","168044353","chr3","42101864","42102152","49","125942195"
"chr6","168146129","168146438","chr4","166405211","166405521","36","1740918"
"chr6","168184878","168185178","chr1","200028486","200028781","32","31843608"
"chr6","168204229","168204521","chr4","26395179","26395468","38","141809050"
"chr6","168340524","168340817","chr4","166589438","166589731","24","1751086"
"chr6","168564604","168564904","chr4","166828485","166828786","31","1736119"
"chr6","168566457","168566758","chr4","166834651","166834951","28","1731806"
"chr6","168579881","168580175","chr4","166848512","166848806","14","1731369"
"chr6","168633387","168633693","chr4","166903416","166903705","44","1729971"
"chr6","168651277","168651565","chr4","166922402","166922689","35","1728875"
"chr6","168656940","168657100","chr19","3732508","3732670","21","164924432"
"chr6","168761944","168762077","chr3","2774534","2774668","16","165987410"
"chr6","168870672","168870807","chr15","68478001","68478136","11","100392671"
"chr6","168891181","168891474","chr4","167327005","167327300","25","1564176"
"chr6","168904929","168905220","chr4","167341455","167341753","27","1563474"
"chr6","168934793","168935071","chr4","167371521","167371797","25","1563272"
"chr6","168949001","168949306","chr6","73393768","73394067","33","95555233"
"chr6","168981707","168982015","chr20","21315237","21315545","37","147666470"
"chr6","169028907","169029218","chr4","167469776","167470083","42","1559131"
"chr6","169078084","169078372","chr1","22830162","22830452","41","146247922"
"chr6","169080227","169080519","chr2","51925951","51926251","44","117154276"
"chr6","169088247","169088531","chr15","32011184","32011472","39","137077063"
"chr6","169204720","169205017","chr1","86816862","86817153","37","82387858"
"chr6","169214678","169214978","chr4","68361811","68362115","38","100852867"
"chr6","169226327","169226613","chr4","167658401","167658686","25","1567926"
"chr6","169236288","169236573","chr4","167668714","167668996","35","1567574"
"chr6","169259278","169259580","chr4","167691563","167691859","31","1567715"
"chr6","169332165","169332469","chr6","175693184","175693488","41","6361019"
"chr6","169368606","169368914","chr4","167849199","167849504","24","1519407"
"chr6","169383501","169383545","chr1","39067515","39067559","7","130315986"
"chr6","169385814","169386101","chr1","200836750","200837033","33","31450936"
"chr6","169527481","169527768","chr4","168004654","168004954","37","1522827"
"chr6","169602815","169603110","chr2","199739509","199739803","37","30136694"
"chr6","169660866","169661177","chr4","168140610","168140912","38","1520256"
"chr6","169668863","169669161","chr3","166005666","166005965","30","3663197"
"chr6","169760338","169760648","chr4","168243114","168243430","37","1517224"
"chr6","169761786","169762088","chr4","168244550","168244854","28","1517236"
"chr6","169866342","169866472","chr4","92679548","92679672","38","77186794"
"chr6","169869544","169869839","chr20","42684648","42684946","36","127184896"
"chr6","169880039","169880330","chr11","47011732","47012024","33","122868307"
"chr6","169890876","169891174","chr4","168379832","168380129","27","1511044"
"chr6","169897831","169898110","chr8","68112530","68112805","43","101785301"
"chr6","169901166","169901221","chr4","114561649","114561698","20","55339517"
"chr6","169901700","169901876","chr19","7057016","7057184","33","162844684"
"chr6","169903380","169903606","chr16","9675962","9676190","42","160227418"
"chr6","169904753","169904937","chr8","126054004","126054184","40","43850749"
"chr6","169913635","169913945","chr8","52666814","52667124","36","117246821"
"chr6","169929235","169929526","chrX","23351237","23351529","40","146577998"
"chr6","169954982","169955036","chr12","84975308","84975362","7","84979674"
"chr6","169955443","169955634","chr12","115526168","115526360","35","54429275"
"chr6","169982393","169982693","chr4","168480023","168480329","23","1502370"
"chr6","169990714","169990965","chr10","20819513","20819760","45","149171201"
"chr6","170000001","170000173","chr3","87852891","87853064","26","82147110"
"chr6","170021067","170021361","chr7","5537918","5538212","48","164483149"
"chr6","170042026","170042321","chr4","163021126","163021423","44","7020900"
"chr6","170070766","170071021","chr4","168562449","168562704","14","1508317"
"chr6","170138029","170138323","chr4","168896808","168897107","36","1241221"
"chr6","170142785","170143090","chr5","107966069","107966372","33","62176716"
"chr6","170206924","170207205","chrX","44429429","44429724","41","125777495"
"chr6","170273340","170273437","chr7","107772013","107772105","23","62501327"
"chr6","170383065","170383235","chr19","50976633","50976812","28","119406432"
"chr6","170444172","170444479","chr4","169007521","169007827","23","1436651"
"chr6","170444740","170445045","chr4","169008065","169008363","27","1436675"
"chr6","170497959","170498250","chr6","71714284","71714574","42","98783675"
"chr6","170504360","170504651","chr4","7405019","7405304","31","163099341"
"chr6","170646548","170646838","chr1","25647657","25647947","37","144998891"
"chr6","170665081","170665373","chr19","44781977","44782268","35","125883104"
"chr6","170691455","170691747","chr4","169225315","169225602","28","1466140"
"chr6","170693496","170693791","chr19","20676318","20676616","32","150017178"
"chr6","170729644","170729801","chr4","4726770","4726935","25","166002874"
"chr6","170730222","170730342","chr7","103797025","103797146","22","66933197"
"chr6","170815973","170816269","chr6","16702556","16702850","36","154113417"
"chr6","170912951","170913244","chr4","169451131","169451426","25","1461820"
"chr6","170944760","170944853","chr7","162283431","162283525","8","8661329"
"chr6","170944855","170945166","chr10","80755030","80755341","35","90189825"
"chr6","170954253","170954554","chr4","169487512","169487816","30","1466741"
"chr6","170960708","170961022","chr7","123614361","123614671","40","47346347"
"chr6","171094552","171094848","chr14","71239913","71240206","39","99854639"
"chr6","171252317","171252530","chr4","116777080","116777297","27","54475237"
"chr6","171253960","171254234","chr1","61767445","61767730","40","109486515"
"chr6","171371851","171372158","chr4","169910089","169910394","34","1461762"
"chr6","171394332","171394623","chr20","8006906","8007198","37","163387426"
"chr6","171418193","171418484","chr4","169957045","169957346","33","1461148"
"chr6","171425007","171425297","chr4","169966305","169966612","40","1458702"
"chr6","171427706","171427725","chr2","145916373","145916392","2","25511333"
"chr6","171427795","171427934","chr19","30084061","30084199","21","141343734"
"chr6","171428270","171428581","chr3","14365161","14365471","41","157063109"
"chr6","171467994","171468262","chr4","170011031","170011289","27","1456963"
"chr6","171472116","171472412","chr5","127364740","127365038","34","44107376"
"chr6","171509030","171509329","chr5","169145976","169146273","31","2363054"
"chr6","171576350","171576661","chr4","170115625","170115931","46","1460725"
"chr6","171702416","171702668","chr7","28201212","28201467","44","143501204"
"chr6","171782222","171782535","chr19","16097854","16098158","41","155684368"
"chr6","171813512","171813814","chr11","92744039","92744341","38","79069473"
"chr6","171860638","171860943","chr4","170404180","170404491","27","1456458"
"chr6","171909249","171909464","chr6","146980272","146980487","40","24928977"
"chr6","171923301","171923597","chr13","57076552","57076848","35","114846749"
"chr6","171932178","171932356","chr12","89485176","89485366","34","82447002"
"chr6","171966616","171966917","chr4","170511117","170511418","16","1455499"
"chr6","171995042","171995352","chr4","170535327","170535641","38","1459715"
"chr6","172035561","172035858","chr4","171083023","171083317","22","952538"
"chr6","172106302","172106596","chr4","171154622","171154925","38","951680"
"chr6","172134778","172134890","chr11","55153914","55154029","15","116980864"
"chr6","172143727","172143918","chr1","135804705","135804887","50","36339022"
"chr6","172143958","172144219","chr10","80509829","80510093","33","91634129"
"chr6","172192790","172193089","chr7","18502191","18502489","33","153690599"
"chr6","172211663","172211948","chr4","171266315","171266603","28","945348"
"chr6","172334067","172334374","chr1","9804930","9805241","49","162529137"
"chr6","172376903","172377171","chr11","46687943","46688226","42","125688960"
"chr6","172510818","172511130","chr1","40610787","40611094","34","131900031"
"chr6","172519299","172519573","chr4","171613913","171614180","24","905386"
"chr6","172521886","172522191","chr4","119080650","119080950","37","53441236"
"chr6","172537275","172537572","chr20","56831413","56831703","33","115705862"
"chr6","172552344","172552650","chr16","10309679","10309984","33","162242665"
"chr6","173012870","173013168","chr10","12541086","12541391","41","160471784"
"chr6","173350479","173350795","chr4","172400704","172401019","36","949775"
"chr6","173476790","173477076","chr4","172290278","172290561","40","1186512"
"chr6","173489953","173490257","chr1","202771205","202771517","53","29281252"
"chr6","173524577","173524752","chr16","2774615","2774794","25","170749962"
"chr6","173738729","173739039","chr4","17226158","17226468","43","156512571"
"chr6","173743553","173743846","chr2","87029606","87029903","38","86713947"
"chr6","173745488","173745789","chrX","95177383","95177685","27","78568105"
"chr6","173810742","173811032","chr4","171968842","171969131","30","1841900"
"chr6","173831481","173831782","chr4","171947786","171948066","43","1883695"
"chr6","173834629","173834833","chr2","204638025","204638229","34","30803396"
"chr7","62914543","62914678","chr1","154072718","154072853","11","91158175"
"chr7","1703756","1704047","chr2","136244441","136244736","38","134540685"
"chr7","6946536","6946832","chr3","40834612","40834911","28","33888076"
"chr7","64356081","64356377","chr7","116887581","116887882","42","52531500"
"chr7","77332360","77332668","chr7","68708818","68709123","39","8623542"
"chr7","82181943","82182242","chr3","41598382","41598683","27","40583561"
"chr7","107347908","107348219","chr3","127404430","127404741","24","20056522"
"chr7","153485074","153485352","chr3","175833952","175834231","32","22348878"
"chr7","155451276","155451585","chr5","49234420","49234719","39","106216856"
"chr7","157679405","157679690","chr9","48123023","48123309","31","109556382"
"chr7","842929","843240","chr12","106103474","106103785","29","105260545"
"chr7","921190","921330","chr2","41004651","41004787","16","40083461"
"chr7","986234","986530","chr6","149667107","149667399","32","148680873"
"chr7","996370","996666","chr16","48586959","48587259","33","47590589"
"chr7","998936","999232","chr3","34549989","34550286","28","33551053"
"chr7","1070033","1070333","chr11","10045688","10045987","46","8975655"
"chr7","1074070","1074392","chr14","16102451","16102756","48","15028381"
"chr7","1091572","1091706","chr10","31067832","31067967","11","29976260"
"chr7","1112680","1112873","chr20","50359080","50359269","32","49246400"
"chr7","1113820","1113953","chr1","35481346","35481479","15","34367526"
"chr7","1118557","1118855","chr16","75181563","75181863","41","74063006"
"chr7","1119786","1120025","chr14","5368793","5369028","40","4249007"
"chr7","1132642","1132752","chrX","59859494","59859610","19","58726852"
"chr7","1139247","1139550","chr3","34689640","34689939","20","33550393"
"chr7","1168734","1168974","chr11","13082379","13082618","34","11913645"
"chr7","1169245","1169547","chr17","7324483","7324788","47","6155238"
"chr7","1169698","1169994","chr16","60922031","60922325","36","59752333"
"chr7","1172092","1172404","chr11","49864360","49864666","42","48692268"
"chr7","1174792","1175076","chr10","53132033","53132318","30","51957241"
"chr7","1175301","1175593","chr3","2986573","2986865","31","1811272"
"chr7","1181905","1182204","chr20","40643849","40644146","40","39461944"
"chr7","1206258","1206557","chr3","34753276","34753573","39","33547018"
"chr7","1237666","1237962","chr7","43067043","43067333","39","41829377"
"chr7","1242436","1242723","chr3","34789707","34790000","29","33547271"
"chr7","1242808","1243113","chr14","112526592","112526892","43","111283784"
"chr7","1273769","1274048","chr11","109962821","109963087","58","108689052"
"chr7","1289772","1290087","chr3","34838663","34838969","25","33548891"
"chr7","1305233","1305528","chr1","52875145","52875442","35","51569912"
"chr7","1312077","1312233","chr12","63241189","63241340","42","61929112"
"chr7","1346716","1347012","chrX","8591299","8591598","31","7244583"
"chr7","1388429","1388675","chr2","72888703","72888943","45","71500274"
"chr7","1471947","1472131","chr7","133114354","133114541","36","131642407"
"chr7","1517556","1517857","chr3","35061136","35061433","27","33543580"
"chr7","1520342","1520643","chr3","35063671","35063981","49","33543329"
"chr7","1527031","1527098","chr3","35070478","35070551","8","33543447"
"chr7","1527532","1527645","chr7","82846043","82846151","36","81318511"
"chr7","1529579","1529871","chr3","35073800","35074086","25","33544221"
"chr7","1529872","1530042","chr3","35074087","35074251","27","33544215"
"chr7","1541223","1541535","chr4","32376720","32377029","42","30835497"
"chr7","1547860","1548155","chr14","51941338","51941630","38","50393478"
"chr7","1550190","1550402","chr3","35090556","35090768","22","33540366"
"chr7","1552136","1552336","chr3","182382271","182382470","24","180830135"
"chr7","1561363","1561660","chr7","2877777","2878073","38","1316414"
"chr7","1570668","1570679","chr2","30474637","30474647","1","28903969"
"chr7","1574191","1574495","chr14","100749442","100749747","44","99175251"
"chr7","1574968","1575275","chr14","39680083","39680391","27","38105115"
"chr7","1577694","1577836","chr3","35115314","35115456","13","33537620"
"chr7","1584840","1585125","chr9","27108753","27109033","39","25523913"
"chr7","1585128","1585269","chr12","106042580","106042719","21","104457452"
"chr7","1585427","1585580","chr7","120346484","120346633","23","118761057"
"chr7","1588395","1588707","chr3","106650344","106650655","38","105061949"
"chr7","1591095","1591362","chr9","87977420","87977692","36","86386325"
"chr7","1652437","1652569","chr15","91253228","91253356","16","89600791"
"chr7","1653330","1653630","chr3","36442876","36443174","43","34789546"
"chr7","1653986","1654282","chr3","35195944","35196231","32","33541958"
"chr7","1673523","1673806","chr16","5048763","5049058","33","3375240"
"chr7","1702474","1702644","chr11","26026414","26026582","24","24323940"
"chr7","1718264","1718546","chr6","14489347","14489636","38","12771083"
"chr7","1721446","1721762","chr3","35266678","35266992","35","33545232"
"chr7","1728011","1728327","chr3","35273699","35274015","38","33545688"
"chr7","1765245","1765560","chr19","27278812","27279119","46","25513567"
"chr7","1768085","1768375","chr1","43370416","43370709","35","41602331"
"chr7","1778930","1779233","chr3","35324098","35324408","36","33545168"
"chr7","1792637","1792927","chr1","9105438","9105726","46","7312801"
"chr7","1793705","1793993","chr3","35340988","35341279","36","33547283"
"chr7","1795285","1795565","chr7","6898037","6898319","31","5102752"
"chr7","1817084","1817289","chr3","41546131","41546341","42","39729047"
"chr7","1830313","1830593","chr5","8240124","8240406","40","6409811"
"chr7","1832784","1833087","chr8","119807259","119807561","30","117974475"
"chr7","1833109","1833297","chr7","125963638","125963836","32","124130529"
"chr7","1868576","1868887","chr16","49577471","49577781","43","47708895"
"chr7","1877633","1877733","chr3","151235850","151235951","10","149358217"
"chr7","1889916","1890061","chr4","44130284","44130433","30","42240368"
"chr7","1919711","1920025","chr20","53516435","53516743","39","51596724"
"chr7","1928403","1928581","chr9","89612696","89612864","42","87684293"
"chr7","1929808","1930019","chr16","67764130","67764338","33","65834322"
"chr7","1930233","1930526","chr1","9601563","9601859","34","7671330"
"chr7","1932305","1932603","chr11","63919725","63920016","48","61987420"
"chr7","1937068","1937358","chr16","55969925","55970215","31","54032857"
"chr7","1937918","1938206","chr3","35501473","35501780","38","33563555"
"chr7","1981460","1981757","chr13","43935663","43935964","46","41954203"
"chr7","1984787","1985090","chr8","93049829","93050127","45","91065042"
"chr7","1986199","1986473","chr3","35557008","35557278","36","33570809"
"chr7","1993165","1993259","chr13","9521556","9521638","29","7528391"
"chr7","2001392","2001697","chr4","57896992","57897295","42","55895600"
"chr7","2014817","2015113","chr15","18383931","18384228","35","16369114"
"chr7","2071393","2071691","chr15","18383931","18384228","33","16312538"
"chr7","2112709","2113004","chr11","111767780","111768072","30","109655071"
"chr7","2137154","2137448","chr14","7643073","7643368","30","5505919"
"chr7","2138192","2138500","chr15","104333343","104333649","39","102195151"
"chr7","2143274","2143582","chr1","221401927","221402231","40","219258653"
"chr7","2146045","2146333","chr3","35727553","35727851","45","33581508"
"chr7","2152611","2152911","chr15","42266168","42266476","39","40113557"
"chr7","2153224","2153512","chr3","35736445","35736742","27","33583221"
"chr7","2158053","2158379","chrX","41160510","41160820","47","39002457"
"chr7","2168946","2169244","chr9","25083503","25083798","35","22914557"
"chr7","2170533","2170759","chr1","50890362","50890591","24","48719829"
"chr7","2177408","2177628","chr13","33161121","33161340","32","30983713"
"chr7","2204271","2204580","chr3","35787994","35788299","36","33583723"
"chr7","2207797","2208092","chr5","7365971","7366261","30","5158174"
"chr7","2282104","2282401","chr20","52700016","52700313","32","50417912"
"chr7","2344938","2345133","chrX","47018952","47019147","45","44674014"
"chr7","2346079","2346385","chr4","57099833","57100137","42","54753754"
"chr7","2381299","2381580","chr2","108852837","108853113","35","106471538"
"chr7","2396187","2396325","chr7","61927850","61927986","14","59531663"
"chr7","2493069","2493337","chr3","40050356","40050629","55","37557287"
"chr7","2536434","2536621","chr14","48315903","48316088","32","45779469"
"chr7","2557845","2558155","chr1","166387645","166387949","39","163829800"
"chr7","2565863","2566170","chrX","6107052","6107345","46","3541189"
"chr7","2576912","2577213","chr3","36167441","36167747","23","33590529"
"chr7","2593137","2593438","chrX","52560249","52560544","34","49967112"
"chr7","2602517","2602815","chr3","36193309","36193596","48","33590792"
"chr7","2607125","2607428","chr16","75181563","75181863","35","72574438"
"chr7","2608874","2609086","chr3","36200693","36200909","30","33591819"
"chr7","2611085","2611366","chr3","36203013","36203308","39","33591928"
"chr7","2611844","2612131","chr3","36203788","36204079","26","33591944"
"chr7","2617803","2617921","chrX","95559538","95559654","13","92941735"
"chr7","2622143","2622440","chr5","97165856","97166150","44","94543713"
"chr7","2635763","2635926","chr6","180034110","180034274","22","177398347"
"chr7","2644701","2644843","chr12","46488724","46488860","20","43844023"
"chr7","2648935","2649087","chr1","49885004","49885147","29","47236069"
"chr7","2651291","2651435","chr10","73772010","73772154","18","71120719"
"chr7","2652687","2652822","chr4","71216794","71216928","12","68564107"
"chr7","2654517","2654691","chr4","31748781","31748956","23","29094264"
"chr7","2658492","2658800","chr3","36256044","36256342","35","33597552"
"chr7","2659154","2659450","chr17","19068302","19068598","30","16409148"
"chr7","2663845","2664146","chr6","140907162","140907461","30","138243317"
"chr7","2671547","2671857","chr13","47365422","47365730","42","44693875"
"chr7","2674971","2675310","chr3","36275807","36276151","35","33600836"
"chr7","2682053","2682357","chrX","8591299","8591598","35","5909246"
"chr7","2686004","2686156","chr11","66431690","66431849","40","63745686"
"chr7","2686161","2686292","chr17","82149052","82149185","14","79462891"
"chr7","2687351","2687490","chr4","28214549","28214688","24","25527198"
"chr7","2688344","2688601","chr10","20819513","20819760","39","18131169"
"chr7","2688733","2689040","chr10","80884425","80884733","39","78195692"
"chr7","2700273","2700547","chr3","36304008","36304286","34","33603735"
"chr7","2701563","2701889","chr10","59405882","59406180","62","56704319"
"chr7","2704023","2704184","chr16","13074697","13074856","23","10370674"
"chr7","2704693","2704825","chr10","31067832","31067967","14","28363139"
"chr7","2711399","2711705","chr7","26853365","26853670","43","24141966"
"chr7","2713177","2713343","chr19","32723322","32723473","29","30010145"
"chr7","2729403","2729527","chr19","13117000","13117113","23","10387597"
"chr7","2745699","2745858","chr19","31045113","31045277","29","28299414"
"chr7","2759012","2759093","chr19","4860388","4860456","29","2101376"
"chr7","2761678","2761825","chr6","56602654","56602794","19","53840976"
"chr7","2765254","2765525","chr3","36422250","36422521","24","33656996"
"chr7","2769960","2770091","chr8","98050124","98050252","39","95280164"
"chr7","2777235","2777385","chr12","101822307","101822467","23","99045072"
"chr7","2781012","2781172","chr9","98182003","98182169","32","95400991"
"chr7","2788043","2788066","chr3","126661512","126661537","3","123873469"
"chr7","2789004","2789119","chr13","41319152","41319268","15","38530148"
"chr7","2809237","2809524","chr3","61453265","61453553","36","58644028"
"chr7","2815275","2815568","chr19","44781977","44782268","29","41966702"
"chr7","2819626","2819914","chr9","88377292","88377585","32","85557666"
"chr7","2824517","2824730","chr3","153937275","153937489","46","151112758"
"chr7","2829815","2830083","chr4","114535893","114536160","36","111706078"
"chr7","2840119","2840424","chr14","113112487","113112784","37","110272368"
"chr7","2905517","2905814","chr7","2877777","2878073","37","27740"
"chr7","2918661","2918958","chr3","36655676","36655972","35","33737015"
"chr7","2939462","2939750","chr15","18525289","18525576","45","15585827"
"chr7","2953798","2953972","chr8","33576195","33576366","18","30622397"
"chr7","2955424","2955724","chr9","8036058","8036357","36","5080634"
"chr7","2982640","2982945","chr3","36587116","36587420","31","33604476"
"chr7","2995409","2995694","chr3","36573660","36573962","38","33578251"
"chr7","3022758","3022959","chrX","101274778","101274978","20","98252020"
"chr7","3027227","3027321","chr2","69382861","69382955","10","66355634"
"chr7","3027755","3028062","chr2","108498003","108498307","38","105470248"
"chr7","3054003","3054159","chr7","136461566","136461722","26","133407563"
"chr7","3060755","3061054","chr3","36715728","36716029","36","33654973"
"chr7","3090183","3090486","chr3","36745862","36746172","28","33655679"
"chr7","3120624","3120916","chr11","132437462","132437750","36","129316838"
"chr7","3200477","3200761","chr3","36854333","36854611","37","33653856"
"chr7","3203382","3203693","chr7","64755092","64755404","41","61551710"
"chr7","3204154","3204461","chr16","45595072","45595379","36","42390918"
"chr7","3209330","3209629","chr11","67610780","67611081","39","64401450"
"chr7","3210101","3210345","chr3","103437066","103437326","43","100226965"
"chr7","3214482","3214655","chr1","164648998","164649168","34","161434516"
"chr7","3222331","3222619","chr11","110637684","110637974","42","107415353"
"chr7","3223674","3223943","chr1","206339223","206339494","44","203115549"
"chr7","3241085","3241372","chr4","129330527","129330815","37","126089442"
"chr7","3242231","3242359","chr8","103078424","103078551","14","99836193"
"chr7","3253147","3253448","chr7","40436964","40437259","39","37183817"
"chr7","3255383","3255673","chr3","36911012","36911305","30","33655629"
"chr7","3280356","3280653","chr15","4339141","4339440","30","1058785"
"chr7","3285635","3285931","chr16","12261264","12261562","37","8975629"
"chr7","3313974","3314276","chr12","117508251","117508556","30","114194277"
"chr7","3335643","3335943","chr3","36993142","36993450","25","33657499"
"chr7","3350181","3350492","chr1","4731654","4731965","35","1381473"
"chr7","3367329","3367626","chr4","7669219","7669513","43","4301890"
"chr7","3369803","3370098","chr3","37025270","37025564","23","33655467"
"chr7","3370344","3370634","chr7","43807156","43807450","37","40436812"
"chr7","3385504","3385797","chr3","37042013","37042306","28","33656509"
"chr7","3389343","3389598","chr12","83365767","83366043","54","79976424"
"chr7","3393263","3393554","chr3","37049716","37050011","28","33656453"
"chr7","3409353","3409631","chrX","40056549","40056830","43","36647196"
"chr7","3409675","3409688","chr1","140208652","140208664","1","136798977"
"chr7","3450786","3451092","chr3","37107811","37108110","39","33657025"
"chr7","3458900","3459196","chr9","5713218","5713508","38","2254318"
"chr7","3484871","3485132","chr3","37177878","37178140","37","33693007"
"chr7","3501519","3501820","chr3","37195511","37195808","46","33693992"
"chr7","3577180","3577464","chr3","37276502","37276787","29","33699322"
"chr7","3593650","3593911","chrX","146835012","146835267","56","143241362"
"chr7","3608732","3608891","chr11","30888173","30888332","30","27279441"
"chr7","3626316","3626631","chr10","7076384","7076696","41","3450068"
"chr7","3629090","3629262","chr4","127864075","127864248","27","124234985"
"chr7","3629524","3629647","chrX","2592837","2592968","20","1036687"
"chr7","3631206","3631503","chr14","3996652","3996945","46","365446"
"chr7","3637278","3637585","chr1","41805196","41805511","44","38167918"
"chr7","3639992","3640223","chr16","9675962","9676190","40","6035970"
"chr7","3642059","3642357","chr3","37339251","37339546","27","33697192"
"chr7","3741097","3741402","chr13","39986756","39987062","35","36245659"
"chr7","3754449","3754739","chr3","37470306","37470590","32","33715857"
"chr7","3765808","3765984","chr16","8306350","8306526","28","4540542"
"chr7","3766015","3766139","chr1","180275704","180275830","17","176509689"
"chr7","3807611","3807905","chr2","89822026","89822324","42","86014415"
"chr7","3856325","3856623","chr3","37575306","37575606","35","33718981"
"chr7","3865168","3865462","chr20","55108832","55109129","46","51243664"
"chr7","3886740","3887017","chr1","77864742","77865015","46","73978002"
"chr7","3939356","3939635","chr1","10625158","10625437","41","6685802"
"chr7","3949828","3950118","chr16","56625759","56626050","34","52675931"
"chr7","3959989","3960143","chr1","89718597","89718758","28","85758608"
"chr7","3977020","3977305","chr3","37689345","37689636","36","33712325"
"chr7","4052317","4052588","chr1","193641843","193642116","36","189589526"
"chr7","4055818","4056113","chr1","188374244","188374541","40","184318426"
"chr7","4056934","4057222","chr3","37781364","37781654","39","33724430"
"chr7","4092891","4093193","chr3","37818044","37818349","25","33725153"
"chr7","4172239","4172536","chr10","30442537","30442830","34","26270298"
"chr7","4218177","4218465","chr6","63519238","63519538","50","59301061"
"chr7","4229727","4230024","chr1","163125959","163126255","35","158896232"
"chr7","4268025","4268166","chr6","56602654","56602794","23","52334629"
"chr7","4334082","4334385","chr2","203095842","203096145","42","198761760"
"chr7","4353253","4353517","chr3","38096161","38096425","29","33742908"
"chr7","4392325","4392632","chr3","38132265","38132575","29","33739940"
"chr7","4414001","4414312","chrX","95192012","95192324","41","90778011"
"chr7","4473310","4473604","chr2","107422966","107423258","34","102949656"
"chr7","4482276","4482584","chr9","64282103","64282414","39","59799827"
"chr7","4485397","4485668","chr1","139650554","139650817","35","135165157"
"chr7","4519726","4520037","chr3","38262213","38262521","39","33742487"
"chr7","4560421","4560557","chr15","91253228","91253356","22","86692807"
"chr7","4604964","4605268","chr11","49979711","49980019","34","45374747"
"chr7","4632515","4632732","chr1","23379912","23380121","49","18747397"
"chr7","4640198","4640491","chr10","20998525","20998822","41","16358327"
"chr7","4649365","4649568","chr3","35450507","35450706","28","30801142"
"chr7","4649869","4649975","chrX","147487701","147487804","18","142837832"
"chr7","4669628","4669932","chr4","134675515","134675820","40","130005887"
"chr7","4672153","4672448","chr12","84706628","84706918","40","80034475"
"chr7","4684189","4684496","chr16","3621646","3621948","37","1062543"
"chr7","4745680","4745990","chr3","38493639","38493944","30","33747959"
"chr7","4788779","4789096","chr3","38536524","38536835","47","33747745"
"chr7","4791062","4791203","chr3","175721959","175722096","28","170930897"
"chr7","4792974","4793279","chr3","38541260","38541561","28","33748286"
"chr7","4794818","4794988","chr7","165092908","165093077","26","160298090"
"chr7","4795443","4795732","chr3","10317781","10318072","49","5522338"
"chr7","4802422","4802723","chr1","52506706","52506998","46","47704284"
"chr7","4804266","4804557","chr2","188829913","188830214","35","184025647"
"chr7","4805194","4805515","chr3","38556650","38556953","42","33751456"
"chr7","4806517","4806729","chr7","155499787","155499999","27","150693270"
"chr7","4820707","4820945","chr2","134716542","134716777","37","129895835"
"chr7","4821797","4821961","chr9","89594066","89594232","28","84772269"
"chr7","4822777","4823085","chr19","16357093","16357400","30","11534316"
"chr7","4826037","4826323","chr4","95121932","95122214","44","90295895"
"chr7","4826351","4826503","chr3","20732648","20732801","26","15906297"
"chr7","4847763","4848036","chr3","10888075","10888350","42","6040312"
"chr7","4848881","4849179","chr6","166477365","166477663","32","161628484"
"chr7","4856007","4856301","chrX","52560249","52560544","34","47704242"
"chr7","4862900","4863194","chr5","51540643","51540938","34","46677743"
"chr7","4879228","4879404","chr2","107447580","107447752","30","102568352"
"chr7","4881418","4881728","chr3","164494607","164494917","48","159613189"
"chr7","4884028","4884301","chr7","28329692","28329979","41","23445664"
"chr7","4889881","4890172","chr3","133382044","133382337","35","128492163"
"chr7","4895683","4895938","chr3","38570139","38570393","43","33674456"
"chr7","4897060","4897191","chr1","211402555","211402686","10","206505495"
"chr7","4903321","4903631","chr14","21861243","21861550","48","16957922"
"chr7","4918640","4918913","chr3","38670902","38671197","37","33752262"
"chr7","4923958","4924257","chr10","17254321","17254622","29","12330363"
"chr7","4931196","4931518","chr3","38681220","38681538","46","33750024"
"chr7","4933425","4933704","chr16","44045842","44046129","49","39112417"
"chr7","4934183","4934481","chr3","38684532","38684827","28","33750349"
"chr7","4960350","4960612","chr3","65472745","65473002","36","60512395"
"chr7","4968472","4968760","chr3","38723761","38724057","23","33755289"
"chr7","4971260","4971573","chr3","38726580","38726895","39","33755320"
"chr7","4979975","4980286","chr3","38735678","38735979","35","33755703"
"chr7","4985066","4985388","chr3","38740854","38741157","46","33755788"
"chr7","4994975","4995283","chr3","38753422","38753733","31","33758447"
"chr7","4997477","4997750","chrX","19389818","19390093","32","14392341"
"chr7","5001277","5001587","chr3","38760085","38760393","28","33758808"
"chr7","5012932","5013220","chr3","38771042","38771342","36","33758110"
"chr7","5014141","5014443","chr3","38772319","38772593","80","33758178"
"chr7","5015011","5015322","chr3","38773166","38773476","34","33758155"
"chr7","5020740","5021052","chr3","38778921","38779213","46","33758181"
"chr7","5029903","5030201","chr3","38788385","38788678","32","33758482"
"chr7","5031593","5031897","chr1","128601266","128601567","36","123569673"
"chr7","5033441","5033573","chr2","192722632","192722764","14","187689191"
"chr7","5039007","5039278","chr1","31889744","31890030","42","26850737"
"chr7","5044112","5044229","chr6","85833974","85834092","17","80789862"
"chr7","5063644","5063932","chr7","169588830","169589125","38","164525186"
"chr7","5088629","5088920","chr7","5537918","5538212","54","449289"
"chr7","5096511","5096792","chr1","153846368","153846648","33","148749857"
"chr7","5102119","5102421","chr3","38859232","38859541","28","33757113"
"chr7","5103122","5103425","chr10","30442537","30442830","44","25339415"
"chr7","5111932","5112214","chr3","49308343","49308623","42","44196411"
"chr7","5119643","5119932","chrX","112170114","112170405","36","107050471"
"chr7","5139196","5139463","chr13","25288791","25289068","36","20149595"
"chr7","5145551","5145725","chr9","63557118","63557293","20","58411567"
"chr7","5167896","5168052","chr1","12317685","12317842","21","7149789"
"chr7","5180764","5181081","chr3","127168273","127168594","53","121987509"
"chr7","5183611","5183905","chr2","92038066","92038362","42","86854455"
"chr7","5186796","5187099","chr3","38946542","38946848","24","33759746"
"chr7","5196650","5196943","chr4","18466227","18466514","36","13269577"
"chr7","5200094","5200434","chr2","107474083","107474411","44","102273989"
"chr7","5201184","5201484","chr13","45271324","45271622","36","40070140"
"chr7","5203125","5203434","chr1","39090586","39090889","39","33887461"
"chr7","5208088","5208408","chr3","39012381","39012687","38","33804293"
"chr7","5215212","5215401","chr20","30561548","30561731","30","25346336"
"chr7","5219501","5219786","chr3","41574124","41574405","37","36354623"
"chr7","5221691","5221988","chr3","39026396","39026702","33","33804705"
"chr7","5223886","5224196","chr3","39028616","39028916","34","33804730"
"chr7","5232734","5233041","chr3","39037749","39038060","33","33805015"
"chr7","5235258","5235555","chr3","39038652","39038928","39","33803394"
"chr7","5236025","5236225","chr7","126315477","126315677","41","121079452"
"chr7","5237701","5238011","chr1","208360963","208361269","42","203123262"
"chr7","5240510","5240806","chr11","98543635","98543933","31","93303125"
"chr7","5252671","5252962","chr12","101488838","101489123","43","96236167"
"chr7","5275705","5275994","chr3","39083850","39084137","31","33808145"
"chr7","5279143","5279338","chr3","39087917","39088137","42","33808774"
"chr7","5296807","5297061","chr2","110152365","110152627","43","104855558"
"chr7","5307199","5307506","chr3","39961550","39961850","51","34654351"
"chr7","5319809","5319893","chr15","47001728","47001818","23","41681919"
"chr7","5320050","5320147","chr16","42276873","42276971","19","36956823"
"chr7","5321040","5321345","chr3","39955209","39955520","36","34634169"
"chr7","5322406","5322700","chr16","30464232","30464518","32","25141826"
"chr7","5323314","5323334","chr2","145916373","145916392","4","140593059"
"chr7","5323335","5323654","chr7","39690059","39690373","38","34366724"
"chr7","5324911","5325208","chr3","39113199","39113492","34","33788288"
"chr7","5326478","5326764","chr3","39947293","39947591","31","34620815"
"chr7","5341847","5341976","chr5","57657275","57657408","18","52315428"
"chr7","5346164","5346333","chr8","47625144","47625309","27","42278980"
"chr7","5348304","5348447","chr14","118096810","118096940","30","112748506"
"chr7","5348459","5348749","chr1","183683781","183684071","37","178335322"
"chr7","5357806","5357942","chr10","31067832","31067967","8","25710026"
"chr7","5397130","5397397","chr16","16394651","16394924","44","10997521"
"chr7","5401688","5401986","chr3","39169942","39170244","26","33768254"
"chr7","5405509","5405816","chr2","89390494","89390790","45","83984985"
"chr7","5409879","5410177","chr6","116673380","116673678","35","111263501"
"chr7","5411879","5412161","chr3","39175844","39176128","34","33763965"
"chr7","5414884","5415165","chr3","39182112","39182397","38","33767228"
"chr7","5417178","5417415","chr3","39184088","39184327","25","33766910"
"chr7","5418333","5418626","chr8","143529192","143529486","32","138110859"
"chr7","5419679","5419983","chr20","42256252","42256545","42","36836573"
"chr7","5423730","5423952","chr16","18853603","18853823","27","13429873"
"chr7","5426754","5426862","chr1","62231025","62231129","18","56804271"
"chr7","5427336","5427537","chr2","204638025","204638229","29","199210689"
"chr7","5438304","5438628","chr18","14731474","14731790","46","9293170"
"chr7","5448047","5448374","chr3","39895319","39895636","31","34447272"
"chr7","5449005","5449168","chr13","26293008","26293166","24","20844003"
"chr7","5449766","5450081","chr5","78594228","78594539","50","73144462"
"chr7","5450955","5451262","chr5","49234420","49234719","41","43783465"
"chr7","5453952","5454247","chr1","125230682","125230973","43","119776730"
"chr7","5466861","5467164","chr3","39873773","39874082","28","34406912"
"chr7","5481244","5481531","chr3","39857708","39858010","37","34376464"
"chr7","5482038","5482331","chr10","30442537","30442830","32","24960499"
"chr7","5484829","5485123","chrX","122939432","122939734","34","117454603"
"chr7","5497581","5497656","chr1","154397153","154397229","27","148899572"
"chr7","5497657","5497940","chr17","81479720","81479991","59","75982063"
"chr7","5497941","5498048","chr13","48549305","48549409","20","43051364"
"chr7","5511338","5511626","chr16","48001050","48001345","32","42489712"
"chr7","5515828","5516079","chr12","120224050","120224301","25","114708222"
"chr7","5524516","5524565","chr12","80571906","80571957","14","75047390"
"chr7","5524566","5524773","chrX","98714168","98714366","36","93189602"
"chr7","5536841","5537173","chr13","94577498","94577811","53","89040657"
"chr7","5547916","5548097","chrX","23681445","23681631","22","18133529"
"chr7","5549929","5550234","chr16","53015530","53015840","38","47465601"
"chr7","5562633","5562805","chr19","12664455","12664620","28","7101822"
"chr7","5563050","5563178","chr1","128303157","128303290","21","122740107"
"chr7","5565381","5565686","chr1","113316039","113316346","42","107750658"
"chr7","5587698","5587981","chr20","40682340","40682626","49","35094642"
"chr7","5606471","5606641","chr11","122701206","122701378","31","117094735"
"chr7","5607615","5607705","chr2","163874157","163874244","14","158266542"
"chr7","5607706","5607758","chr20","53084552","53084603","11","47476846"
"chr7","5611641","5611934","chr6","95776648","95776947","35","90165007"
"chr7","5624484","5624775","chr3","39695303","39695609","38","34070819"
"chr7","5635411","5635653","chr19","43625773","43626006","38","37990362"
"chr7","5640908","5641144","chr14","5368793","5369028","36","272115"
"chr7","5644975","5645284","chr1","24809051","24809358","48","19164076"
"chr7","5648852","5649171","chr3","39671700","39672017","50","34022848"
"chr7","5653903","5654211","chr3","39666226","39666537","31","34012323"
"chr7","5659183","5659453","chr15","42398013","42398282","40","36738830"
"chr7","5662127","5662230","chr7","82846043","82846151","16","77183916"
"chr7","5669657","5669951","chr3","39649435","39649723","23","33979778"
"chr7","5675782","5676015","chr11","123742048","123742278","37","118066266"
"chr7","5676980","5677271","chr3","39641274","39641578","32","33964294"
"chr7","5680489","5680676","chr8","100146559","100146746","27","94466070"
"chr7","5685252","5685345","chr12","106080630","106080723","10","100395378"
"chr7","5707010","5707307","chr15","86575291","86575581","32","80868281"
"chr7","5710451","5710741","chr3","39602774","39603060","27","33892323"
"chr7","5729507","5729639","chr3","39584082","39584216","14","33854575"
"chr7","5732872","5733168","chr3","39580631","39580924","42","33847759"
"chr7","5734933","5735240","chr3","39576880","39577187","26","33841947"
"chr7","5739156","5739433","chr16","9395172","9395452","35","3656016"
"chr7","5743475","5743768","chr4","71624638","71624931","30","65881163"
"chr7","5743791","5744084","chr3","39567426","39567718","26","33823635"
"chr7","5753352","5753453","chr1","58503440","58503543","15","52750088"
"chr7","5759206","5759341","chr15","68478001","68478136","11","62718795"
"chr7","5759659","5759825","chr3","39550832","39551002","27","33791173"
"chr7","5760542","5760842","chr3","39549830","39550128","32","33789288"
"chr7","5763745","5763950","chr3","182382271","182382470","35","176618526"
"chr7","5764353","5764531","chr3","166605377","166605555","36","160841024"
"chr7","5766786","5766967","chr7","165627144","165627320","23","159860358"
"chr7","5767330","5767363","chr15","13261359","13261392","8","7494029"
"chr7","5769589","5769896","chr3","39542131","39542438","18","33772542"
"chr7","5772390","5772682","chr4","148548801","148549095","45","142776411"
"chr7","5772683","5772747","chr10","79529661","79529728","10","73756978"
"chr7","5772969","5773182","chr13","94935954","94936168","35","89162985"
"chr7","5786891","5787217","chr11","117399833","117400172","72","111612942"
"chr7","5787674","5787972","chr3","39525787","39526090","30","33738113"
"chr7","5789721","5790008","chr14","94656656","94656945","33","88866935"
"chr7","5794032","5794197","chr3","126058397","126058563","21","120264365"
"chr7","5795012","5795181","chr1","20780824","20781010","41","14985812"
"chr7","5796039","5796164","chr5","39418019","39418144","21","33621980"
"chr7","5796169","5796461","chr10","70908203","70908485","41","65112034"
"chr7","5797109","5797124","chr3","178728957","178728971","7","172931848"
"chr7","5797125","5797395","chr19","17265010","17265277","38","11467885"
"chr7","5797396","5797474","chr1","130573426","130573505","15","124776030"
"chr7","5797478","5797697","chr4","116777080","116777297","37","110979602"
"chr7","5798172","5798472","chr3","39513152","39513461","40","33714980"
"chr7","5820678","5820749","chr14","6904505","6904577","4","1083827"
"chr7","5832356","5832648","chr1","51588054","51588359","38","45755698"
"chr7","5837311","5837465","chr11","53171474","53171626","24","47334163"
"chr7","5840610","5840812","chr1","41531315","41531500","47","35690705"
"chr7","5841108","5841255","chr10","31225194","31225326","38","25384086"
"chr7","5849305","5849355","chr3","39457944","39457994","3","33608639"
"chr7","5850245","5850317","chr3","164752103","164752177","11","158901858"
"chr7","5856214","5856342","chr10","7783667","7783794","20","1927453"
"chr7","5858264","5858558","chr3","39441100","39441395","25","33582836"
"chr7","5859883","5860195","chr7","40063489","40063797","36","34203606"
"chr7","5872296","5872570","chr9","106051939","106052219","37","100179643"
"chr7","5910950","5911206","chr14","22066932","22067189","37","16155982"
"chr7","5927951","5928235","chr3","39364472","39364756","40","33436521"
"chr7","5945095","5945364","chr7","139823809","139824077","35","133878714"
"chr7","5957239","5957541","chr12","106930268","106930572","37","100973029"
"chr7","5960964","5961204","chr17","35044331","35044582","51","29083367"
"chr7","5978869","5979179","chr3","39309392","39309693","43","33330523"
"chr7","5987357","5987497","chr7","95853423","95853561","20","89866066"
"chr7","5989069","5989101","chr5","143414092","143414120","7","137425023"
"chr7","5993850","5994043","chr3","39087917","39088137","42","33094067"
"chr7","6006937","6007230","chr3","39074710","39075003","24","33067773"
"chr7","6011095","6011411","chr1","125348377","125348684","40","119337282"
"chr7","6013938","6014239","chrX","16119994","16120296","42","10106056"
"chr7","6016036","6016341","chr18","371369","371677","39","5644667"
"chr7","6033590","6033699","chr10","66072208","66072319","13","60038618"
"chr7","6034084","6034274","chr11","120796780","120796967","33","114762696"
"chr7","6038315","6038612","chr3","39249582","39249873","31","33211267"
"chr7","6044313","6044595","chr3","39247247","39247541","31","33202934"
"chr7","6049338","6049624","chr7","77698309","77698596","31","71648971"
"chr7","6060790","6061087","chr15","11112996","11113289","35","5052206"
"chr7","6064278","6064587","chr3","39056449","39056759","32","32992171"
"chr7","6065391","6065692","chr3","39896551","39896840","47","33831160"
"chr7","6065899","6066206","chr9","28459576","28459874","42","22393677"
"chr7","6067918","6068087","chr7","165092908","165093077","28","159024990"
"chr7","6069089","6069211","chrX","117855294","117855417","19","111786205"
"chr7","6073485","6073782","chr3","39904243","39904545","35","33830758"
"chr7","6075187","6075490","chr3","39214645","39214942","44","33139458"
"chr7","6078115","6078339","chr9","72730444","72730684","47","66652329"
"chr7","6081221","6081357","chr6","110733445","110733580","22","104652224"
"chr7","6082324","6082437","chr9","103847474","103847576","23","97765150"
"chr7","6087442","6087738","chr1","25965261","25965558","35","19877819"
"chr7","6095894","6096168","chr14","70370527","70370777","70","64274633"
"chr7","6097933","6098218","chr20","53174953","53175238","39","47077020"
"chr7","6099585","6099714","chr5","85294060","85294183","18","79194475"
"chr7","6099796","6100103","chr9","25083503","25083798","46","18983707"
"chr7","6102026","6102285","chr16","6040364","6040629","46","61662"
"chr7","6104318","6104594","chr3","39182112","39182397","28","33077794"
"chr7","6112396","6112694","chr13","24673735","24674032","40","18561339"
"chr7","6123299","6123605","chr9","86380129","86380435","35","80256830"
"chr7","6130436","6130735","chr3","123310419","123310723","33","117179983"
"chr7","6136291","6136483","chr15","8260710","8260897","31","2124419"
"chr7","6136644","6136901","chr9","115719371","115719635","49","109582727"
"chr7","6138972","6139045","chr14","69005240","69005316","18","62866268"
"chr7","6139554","6139850","chr3","40807753","40808052","30","34668199"
"chr7","6140685","6140988","chr3","40806616","40806919","25","34665931"
"chr7","6144503","6144795","chr3","36442876","36443174","36","30298373"
"chr7","6146336","6146631","chr1","140166438","140166735","35","134020102"
"chr7","6146952","6147251","chr12","57850151","57850455","43","51703199"
"chr7","6166867","6167149","chr2","40630965","40631247","37","34464098"
"chr7","6175214","6175382","chr3","40769304","40769474","15","34594090"
"chr7","6175694","6175825","chr3","40768859","40768991","14","34593165"
"chr7","6179613","6179918","chr3","40764429","40764733","31","34584816"
"chr7","6186289","6186596","chr3","40757638","40757947","30","34571349"
"chr7","6191188","6191482","chr7","84112350","84112645","30","77921162"
"chr7","6195660","6195980","chr1","4731654","4731965","46","1464006"
"chr7","6208600","6208897","chr10","30442537","30442830","29","24233937"
"chr7","6209049","6209358","chr3","40731906","40732215","34","34522857"
"chr7","6217306","6217466","chr1","34852429","34852590","23","28635123"
"chr7","6217589","6217889","chr3","40726205","40726508","30","34508616"
"chr7","6218687","6218850","chr10","84586473","84586641","24","78367786"
"chr7","6223167","6223453","chrX","16786018","16786300","46","10562851"
"chr7","6227222","6227522","chr3","40715623","40715920","29","34488401"
"chr7","6237953","6238260","chr12","57850151","57850455","33","51612198"
"chr7","6257356","6257606","chr15","56987562","56987808","46","50730206"
"chr7","6262251","6262549","chr9","59685986","59686279","34","53423735"
"chr7","6265085","6265374","chr2","19412650","19412932","42","13147565"
"chr7","6270473","6270783","chr3","40665120","40665432","28","34394647"
"chr7","6274813","6275124","chr3","40659255","40659558","38","34384442"
"chr7","6282810","6282940","chr1","117155797","117155925","19","110872987"
"chr7","6283333","6283506","chrX","47018952","47019147","56","40735619"
"chr7","6286645","6286935","chr13","95038468","95038769","44","88751823"
"chr7","6295910","6296043","chr5","100874529","100874663","15","94578619"
"chr7","6304198","6304428","chr16","40530104","40530330","45","34225906"
"chr7","6305913","6306209","chr3","40627579","40627873","27","34321666"
"chr7","6308366","6308666","chr3","40625411","40625721","32","34317045"
"chr7","6318477","6318744","chr19","4693310","4693577","40","1625167"
"chr7","6325693","6325988","chr3","40608125","40608417","29","34282432"
"chr7","6331551","6331857","chr6","129934590","129934892","42","123603039"
"chr7","6332171","6332470","chr3","40601679","40601983","28","34269508"
"chr7","6333560","6333822","chr5","25559450","25559713","40","19225890"
"chr7","6381525","6381635","chr3","170473190","170473299","11","164091665"
"chr7","6401637","6401947","chr3","40529600","40529909","25","34127963"
"chr7","6412799","6413090","chr1","146257088","146257378","48","139844289"
"chr7","6413258","6413556","chr3","164535092","164535388","34","158121834"
"chr7","6496846","6496935","chr3","94091253","94091337","21","87594407"
"chr7","6499876","6500000","chr12","21884350","21884475","19","15384474"
"chr7","6500007","6500156","chr4","44130284","44130433","15","37630277"
"chr7","6504065","6504368","chr3","40416041","40416347","34","33911976"
"chr7","6510185","6510282","chr4","43968649","43968748","13","37458464"
"chr7","6512615","6512666","chr16","5143895","5143948","14","1368720"
"chr7","6513504","6513601","chr1","31641008","31641101","17","25127504"
"chr7","6514083","6514153","chr1","22614119","22614189","6","16100036"
"chr7","6515922","6516058","chr11","121199431","121199566","12","114683509"
"chr7","6520766","6521007","chr8","53965110","53965356","58","47444344"
"chr7","6525969","6526081","chr13","86722914","86723028","16","80196945"
"chr7","6527254","6527444","chr9","106198599","106198772","47","99671345"
"chr7","6532204","6532336","chr1","28201933","28202067","14","21669729"
"chr7","6537138","6537454","chr3","40376800","40377105","37","33839662"
"chr7","6543821","6543948","chr19","12198557","12198673","24","5654736"
"chr7","6543949","6544102","chr16","6858537","6858688","22","314588"
"chr7","6547945","6548177","chrX","68587173","68587402","36","62039228"
"chr7","6548380","6548682","chr3","40364579","40364882","32","33816199"
"chr7","6551531","6551843","chr1","61607829","61608136","36","55056298"
"chr7","6562522","6562814","chr16","48001050","48001345","37","41438528"
"chr7","6572786","6573050","chr12","38387666","38387940","40","31814880"
"chr7","6576526","6576823","chr14","109604210","109604507","40","103027684"
"chr7","6577714","6578018","chr3","40330338","40330645","54","33752624"
"chr7","6583435","6583738","chr16","4323541","4323846","42","2259894"
"chr7","6596401","6596433","chr10","80300576","80300604","7","73704175"
"chr7","6596914","6597119","chr16","44901254","44901459","30","38304340"
"chr7","6603447","6603758","chr3","40301719","40302020","37","33698272"
"chr7","6606167","6606298","chr6","116856044","116856179","32","110249877"
"chr7","6606911","6607046","chr2","188339337","188339471","12","181732426"
"chr7","6621436","6621719","chr3","40281917","40282199","34","33660481"
"chr7","6623209","6623489","chr3","40279872","40280147","36","33656663"
"chr7","6623562","6623711","chr8","84405447","84405596","23","77781885"
"chr7","6637903","6638162","chr3","40264602","40264869","52","33626699"
"chr7","6650676","6650984","chr15","27030987","27031297","41","20380311"
"chr7","6652398","6652701","chr3","40247162","40247464","35","33594764"
"chr7","6657106","6657239","chr16","3428228","3428362","21","3228878"
"chr7","6683988","6684280","chr20","55086080","55086375","32","48402092"
"chr7","6685111","6685241","chr15","14763817","14763930","35","8078706"
"chr7","6686353","6686606","chr11","47742284","47742545","40","41055931"
"chr7","6689846","6690139","chr3","2986573","2986865","40","3703273"
"chr7","6693161","6693442","chr3","40206362","40206641","25","33513201"
"chr7","6706004","6706305","chr15","50351605","50351909","44","43645601"
"chr7","6721443","6721724","chr1","70325203","70325488","39","63603760"
"chr7","6722839","6722960","chr7","127541861","127541986","16","120819022"
"chr7","6723459","6723736","chr16","48893966","48894231","44","42170507"
"chr7","6733370","6733502","chr9","97550947","97551073","16","90817577"
"chr7","6735688","6735983","chr2","162683368","162683657","35","155947680"
"chr7","6736362","6736671","chr3","40156492","40156790","33","33420130"
"chr7","6738754","6738868","chr3","40154619","40154733","6","33415865"
"chr7","6738966","6739171","chr3","40154321","40154521","16","33415355"
"chr7","6744672","6744806","chr3","46873715","46873849","18","40129043"
"chr7","6746846","6747134","chr11","132437462","132437750","41","125690616"
"chr7","6755370","6755679","chr9","66300603","66300906","49","59545233"
"chr7","6760884","6761148","chr8","41921441","41921699","43","35160557"
"chr7","6762027","6762214","chr1","22526172","22526359","27","15764145"
"chr7","6767867","6768166","chr3","127173721","127174019","39","120405854"
"chr7","6776334","6776637","chr3","40112353","40112668","43","33336019"
"chr7","6787789","6787998","chr8","68184947","68185161","26","61397158"
"chr7","6795905","6796198","chr3","40084409","40084697","31","33288504"
"chr7","6802964","6803170","chr19","34834553","34834754","24","28031589"
"chr7","6809930","6810240","chr16","40775779","40776090","54","33965849"
"chr7","6827296","6827426","chr3","3601650","3601780","17","3225646"
"chr7","6828526","6828589","chr1","11858190","11858250","15","5029664"
"chr7","6845236","6845358","chr9","97550947","97551073","12","90705711"
"chr7","6845571","6845772","chr2","188126611","188126796","38","181281040"
"chr7","6845778","6845948","chr10","28210222","28210392","29","21364444"
"chr7","6858055","6858337","chr3","40018711","40018993","18","33160656"
"chr7","6860513","6860679","chr2","188225310","188225477","30","181364797"
"chr7","6860977","6861113","chr15","17851239","17851374","12","10990262"
"chr7","6862568","6862773","chr11","103847201","103847416","33","96984633"
"chr7","6863889","6864188","chr3","166005666","166005965","34","159141777"
"chr7","6900211","6900512","chr3","39970204","39970505","23","33069993"
"chr7","6902521","6902806","chr3","39966167","39966466","43","33063646"
"chr7","6906049","6906094","chr20","74315204","74315247","11","67409155"
"chr7","6909580","6909887","chr3","39955209","39955520","29","33045629"
"chr7","6910940","6911230","chr3","39110922","39111227","30","32199982"
"chr7","6913047","6913195","chr7","68954357","68954508","29","62041310"
"chr7","6914073","6914371","chr3","39113199","39113492","29","32199126"
"chr7","6935751","6936008","chr3","38545510","38545766","46","31609759"
"chr7","6938433","6938736","chr3","40764429","40764733","36","33825996"
"chr7","6943577","6943881","chr3","40847997","40848294","31","33904420"
"chr7","6952692","6952987","chr9","69772747","69773035","51","62820055"
"chr7","6954757","6955063","chr13","48570989","48571297","38","41616232"
"chr7","7004900","7005205","chr15","14848902","14849203","46","7844002"
"chr7","7033162","7033283","chr1","7373118","7373239","15","339956"
"chr7","7034465","7034752","chr1","113487119","113487407","44","106452654"
"chr7","7038454","7038731","chr3","14220048","14220339","34","7181594"
"chr7","7041536","7041833","chr3","14227253","14227545","27","7185717"
"chr7","7043122","7043310","chr6","147680507","147680699","28","140637385"
"chr7","7047404","7047699","chr1","214412891","214413191","43","207365487"
"chr7","7059522","7059829","chr20","5106624","5106934","32","1952898"
"chr7","7061105","7061399","chr20","5108857","5109160","33","1952248"
"chr7","7126117","7126417","chr5","49234420","49234719","36","42108303"
"chr7","7157225","7157518","chr3","101715825","101716134","48","94558600"
"chr7","7157902","7158204","chr3","101715132","101715440","21","94557230"
"chr7","7176819","7176832","chr4","114457728","114457741","1","107280909"
"chr7","7176886","7177166","chr3","101692254","101692538","37","94515368"
"chr7","7194168","7194472","chr20","28261989","28262293","35","21067821"
"chr7","7312636","7312944","chr1","51666668","51666973","36","44354032"
"chr7","7325364","7325614","chr2","109217616","109217871","54","101892252"
"chr7","7407849","7408128","chr3","101443474","101443783","51","94035625"
"chr7","7445274","7445582","chr5","127856083","127856392","37","120410809"
"chr7","7471492","7471794","chr3","101369039","101369340","25","93897547"
"chr7","7518384","7518684","chr3","101319684","101319980","20","93801300"
"chr7","7565938","7566201","chr3","101268010","101268265","29","93702072"
"chr7","7585612","7585900","chr3","101248000","101248285","31","93662388"
"chr7","7587065","7587347","chr3","101246560","101246857","33","93659495"
"chr7","7639042","7639343","chr3","101197184","101197484","27","93558142"
"chr7","7657541","7657831","chr2","69273471","69273769","39","61615930"
"chr7","7657885","7658165","chr12","112336857","112337127","32","104678972"
"chr7","7670425","7670723","chr3","101165078","101165386","37","93494653"
"chr7","7699007","7699298","chr9","114478189","114478482","36","106779182"
"chr7","7858111","7858399","chr3","100943053","100943350","40","93084942"
"chr7","7866027","7866330","chr12","9783251","9783551","49","1917224"
"chr7","7879507","7879812","chr13","37644552","37644853","33","29765045"
"chr7","7894567","7894866","chr3","100908279","100908581","37","93013712"
"chr7","7949860","7950004","chr16","2387826","2387969","15","5562034"
"chr7","7960800","7961108","chr3","7267288","7267587","49","693512"
"chr7","7971063","7971179","chr10","61600952","61601068","14","53629889"
"chr7","7971309","7971577","chr10","16131491","16131758","34","8160182"
"chr7","7978368","7978665","chr3","100825218","100825516","31","92846850"
"chr7","8056139","8056423","chr1","113822360","113822643","36","105766221"
"chr7","8068811","8069034","chr16","11237902","11238122","39","3169091"
"chr7","8072446","8072751","chr13","95800318","95800617","38","87727872"
"chr7","8085805","8085946","chr1","161409822","161409970","27","153324017"
"chr7","8137691","8138011","chr3","100654473","100654784","43","92516782"
"chr7","8237517","8237810","chr3","100548021","100548322","35","92310504"
"chr7","8238771","8239080","chr7","21258839","21259148","38","13020068"
"chr7","8289364","8289523","chr4","108162884","108163039","35","99873520"
"chr7","8343734","8343922","chr19","35749693","35749881","29","27405959"
"chr7","8356612","8356898","chr3","125669969","125670258","38","117313357"
"chr7","8376913","8377230","chr13","20496417","20496734","50","12119504"
"chr7","8387406","8387707","chr3","100403750","100404046","29","92016344"
"chr7","8474861","8475159","chr11","120224920","120225216","38","111750059"
"chr7","8500001","8500282","chr7","113804287","113804573","51","105304286"
"chr7","8727712","8728018","chr3","100042861","100043156","42","91315149"
"chr7","8847673","8847966","chr3","43402255","43402549","37","34554582"
"chr7","8872487","8872786","chr3","99894862","99895165","34","91022375"
"chr7","8910355","8910661","chr4","167849199","167849504","47","158938844"
"chr7","8922992","8923285","chr3","99807156","99807445","35","90884164"
"chr7","8929546","8929865","chr3","99800548","99800862","31","90871002"
"chr7","9181291","9181572","chr3","99491471","99491750","31","90310180"
"chr7","9244048","9244361","chr8","54634869","54635169","42","45390821"
"chr7","9347874","9348084","chr2","204638025","204638229","37","195290151"
"chr7","9352060","9352185","chr1","25541923","25542047","13","16189863"
"chr7","9421422","9421726","chr3","99209613","99209913","22","89788191"
"chr7","9522865","9523104","chr9","88692204","88692442","41","79169339"
"chr7","9642863","9642993","chr4","115848594","115848725","12","106205731"
"chr7","9793297","9793604","chr3","98837003","98837316","31","89043706"
"chr7","9886309","9886606","chr2","41829299","41829594","32","31942990"
"chr7","9977718","9977994","chr15","14042006","14042286","52","4064288"
"chr7","10206880","10207178","chr3","98428779","98429068","41","88221899"
"chr7","10398132","10398444","chr3","98211316","98211634","39","87813184"
"chr7","10491672","10492003","chr2","56893700","56894034","56","46402028"
"chr7","10581957","10582249","chr9","12622765","12623053","44","2040808"
"chr7","10622360","10622632","chr3","97996877","97997150","24","87374517"
"chr7","10623122","10623407","chr18","39951140","39951423","33","29328018"
"chr7","10692077","10692343","chr3","97928549","97928821","24","87236472"
"chr7","10786389","10786683","chrX","23351237","23351529","36","12564848"
"chr7","10831165","10831476","chr5","25083724","25084024","44","14252559"
"chr7","10846031","10846332","chr3","97773067","97773368","19","86927036"
"chr7","10853590","10853898","chr3","55556828","55557129","33","44703238"
"chr7","10860465","10860773","chr3","97758292","97758595","33","86897827"
"chr7","10862777","10863067","chr7","67760064","67760356","42","56897287"
"chr7","10896524","10896835","chr3","97717770","97718073","29","86821246"
"chr7","10901031","10901339","chr3","97713272","97713572","25","86812241"
"chr7","10944780","10945085","chr3","97670797","97671100","23","86726017"
"chr7","10990590","10990895","chr11","120395572","120395878","34","109404982"
"chr7","10991935","10992229","chr3","97624012","97624307","31","86632077"
"chr7","11021889","11022188","chr4","105401676","105401972","32","94379787"
"chr7","11024135","11024440","chr3","97593598","97593896","34","86569463"
"chr7","11047462","11047757","chr20","20289739","20290036","40","9242277"
"chr7","11055645","11055944","chrX","9240846","9241146","38","1814799"
"chr7","11064919","11065244","chr11","6385555","6385877","51","4679364"
"chr7","11067554","11067847","chr3","102109088","102109382","36","91041534"
"chr7","11196450","11196726","chr3","97417840","97418120","28","86221390"
"chr7","11307674","11307977","chr6","33021740","33022042","44","21714066"
"chr7","11408458","11408754","chr12","89571011","89571299","53","78162553"
"chr7","11486147","11486454","chr20","23138431","23138739","49","11652284"
"chr7","11572531","11572828","chr3","7275169","7275466","38","4297362"
"chr7","11780614","11780791","chr1","7951721","7951900","29","3828893"
"chr7","11781031","11781141","chr3","170473190","170473299","15","158692159"
"chr7","11786607","11786908","chr3","127137513","127137812","45","115350906"
"chr7","11949627","11949934","chr3","96624187","96624496","22","84674560"
"chr7","11983068","11983365","chr14","119239107","119239401","42","107256039"
"chr7","11997563","11997855","chr3","96580158","96580462","27","84582595"
"chr7","12308225","12308538","chr3","96262259","96262566","36","83954034"
"chr7","12328298","12328572","chr13","37692401","37692676","44","25364103"
"chr7","12436381","12436687","chr1","125339756","125340057","41","112903375"
"chr7","12452184","12452500","chr12","97309106","97309386","78","84856922"
"chr7","12462687","12462829","chr7","68811834","68811979","26","56349147"
"chr7","12503123","12503451","chr3","96055490","96055797","47","83552367"
"chr7","12601993","12602287","chr3","95934027","95934308","34","83332034"
"chr7","12699863","12700150","chr19","17213048","17213338","48","4513185"
"chr7","12710714","12711022","chr9","52278224","52278528","46","39567510"
"chr7","12716662","12716979","chr3","95795585","95795889","38","83078923"
"chr7","12728499","12728788","chr3","95783779","95784069","23","83055280"
"chr7","12740574","12740846","chr3","95770655","95770935","40","83030081"
"chr7","12759992","12760259","chr1","129089131","129089396","43","116329139"
"chr7","12774766","12775073","chr3","95735480","95735789","30","82960714"
"chr7","12824402","12824672","chr10","12659402","12659674","32","165000"
"chr7","12882107","12882307","chrX","47543609","47543827","51","34661502"
"chr7","12888735","12888999","chr10","80509829","80510093","33","67621094"
"chr7","12926915","12927219","chr10","72366392","72366697","33","59439477"
"chr7","12945435","12945745","chr3","95551981","95552287","28","82606546"
"chr7","12946152","12946459","chr2","83939908","83940217","40","70993756"
"chr7","13067323","13067631","chr1","199758505","199758810","47","186691182"
"chr7","13083622","13083926","chr3","95393483","95393787","34","82309861"
"chr7","13100563","13100855","chr3","95376719","95377006","25","82276156"
"chr7","13119398","13119678","chr3","95362562","95362842","24","82243164"
"chr7","13136417","13136707","chr3","95345388","95345682","29","82208971"
"chr7","13185064","13185361","chr16","75181563","75181863","35","61996499"
"chr7","13288524","13288665","chr12","106042580","106042719","17","92754056"
"chr7","13376221","13376514","chr3","95043605","95043894","36","81667384"
"chr7","13453836","13454145","chr3","55556828","55557129","35","42102992"
"chr7","13530542","13530829","chr3","94871167","94871447","30","81340625"
"chr7","13575178","13575307","chr2","56218978","56219108","17","42643800"
"chr7","13601524","13601808","chr13","37692401","37692676","44","24090877"
"chr7","13605678","13605989","chrX","39967008","39967319","38","26361330"
"chr7","13660966","13661278","chr6","129934590","129934892","42","116273624"
"chr7","13752021","13752325","chr11","48147631","48147935","39","34395610"
"chr7","13794975","13795286","chr8","93242215","93242524","41","79447240"
"chr7","13860428","13860719","chr3","2986573","2986865","30","10873855"
"chr7","13905083","13905369","chr3","89718165","89718448","39","75813082"
"chr7","13916085","13916387","chr3","89730122","89730430","29","75814037"
"chr7","13917245","13917540","chr1","50853090","50853377","33","36935845"
"chr7","13919688","13919992","chr3","89733760","89734051","31","75814072"
"chr7","13932603","13932888","chr3","89746571","89746859","35","75813968"
"chr7","13985852","13986160","chr3","89800722","89801026","36","75814870"
"chr7","14063696","14063996","chr8","5577075","5577373","31","8486621"
"chr7","14067306","14067620","chr13","92078227","92078528","52","78010921"
"chr7","14094959","14095263","chr14","15756054","15756351","38","1661095"
"chr7","14096527","14096659","chr19","45249393","45249524","10","31152866"
"chr7","14097443","14097716","chr3","12958318","12958603","52","1139125"
"chr7","14153633","14153749","chr3","89971237","89971352","8","75817604"
"chr7","14153747","14153822","chr14","30843292","30843367","7","16689545"
"chr7","14261958","14262260","chr3","90088447","90088758","35","75826489"
"chr7","14275733","14276032","chr2","104490482","104490784","36","90214749"
"chr7","14307327","14307631","chr13","104007551","104007856","39","89700224"
"chr7","14423181","14423478","chr3","90250174","90250467","24","75826993"
"chr7","14491641","14491948","chr6","100657711","100658002","58","86166070"
"chr7","14508231","14508540","chr13","26483877","26484180","47","11975646"
"chr7","14527876","14528177","chr3","90362494","90362794","24","75834618"
"chr7","14572275","14572564","chr14","9503128","9503415","37","5069147"
"chr7","14734812","14735094","chr20","56831413","56831703","43","42096601"
"chr7","14767740","14768038","chr15","27330681","27330978","39","12562941"
"chr7","14916649","14916941","chr11","94003485","94003774","37","79086836"
"chr7","15189241","15189253","chr8","38350981","38350993","0","23161740"
"chr7","15189285","15189580","chr3","91097278","91097589","44","75907993"
"chr7","15285452","15285763","chr16","23838320","23838626","43","8552868"
"chr7","15292217","15292499","chr2","50614920","50615200","38","35322703"
"chr7","15320613","15320908","chr12","57850151","57850455","40","42529538"
"chr7","15407955","15408274","chr3","91309533","91309843","43","75901578"
"chr7","15689014","15689331","chr18","12800164","12800480","43","2888850"
"chr7","15738012","15738318","chr13","87213958","87214269","47","71475946"
"chr7","15798196","15798504","chr6","11866650","11866952","43","3931546"
"chr7","15810925","15811211","chr9","59685986","59686279","39","43875061"
"chr7","15874368","15874555","chr11","100858931","100859117","29","84984563"
"chr7","15874641","15874784","chr1","161382752","161382881","25","145508111"
"chr7","15896562","15896867","chr5","81856106","81856415","42","65959544"
"chr7","16097413","16097705","chr3","91998443","91998724","31","75901030"
"chr7","16101748","16102049","chr3","92002790","92003098","29","75901042"
"chr7","16110354","16110659","chr5","79257161","79257467","38","63146807"
"chr7","16125527","16125828","chr3","92024206","92024484","48","75898679"
"chr7","16144389","16144527","chrX","49226808","49226942","15","33082419"
"chr7","16151528","16151836","chr3","92055600","92055914","35","75904072"
"chr7","16265387","16265682","chr9","88377292","88377585","40","72111905"
"chr7","16273161","16273461","chr3","92177472","92177769","30","75904311"
"chr7","16289047","16289254","chr4","167862628","167862830","29","151573581"
"chr7","16312770","16313072","chr10","74888195","74888498","27","58575425"
"chr7","16327545","16327688","chr6","110733445","110733580","31","94405900"
"chr7","16327726","16327900","chr5","26033518","26033693","41","9705792"
"chr7","16338375","16338675","chr16","75181563","75181863","30","58843188"
"chr7","16455993","16456294","chr3","92359943","92360247","31","75903950"
"chr7","16468857","16469141","chr14","110553219","110553500","39","94084362"
"chr7","16483181","16483459","chr3","147338358","147338631","45","130855177"
"chr7","16506656","16506952","chr3","92416287","92416601","42","75909631"
"chr7","16511525","16511820","chr1","77932495","77932804","48","61420970"
"chr7","16534496","16534798","chr3","92448107","92448412","21","75913611"
"chr7","16535940","16536234","chr7","57345555","57345848","42","40809615"
"chr7","16580545","16580742","chr3","92539761","92539958","19","75959216"
"chr7","16590214","16590505","chr3","92549981","92550272","16","75959767"
"chr7","16599407","16599706","chr3","92559197","92559503","26","75959790"
"chr7","16604059","16604362","chr3","68897434","68897738","43","52293375"
"chr7","16622412","16622727","chr3","92581344","92581661","28","75958932"
"chr7","16623587","16623766","chr19","12924575","12924752","30","3699012"
"chr7","16637121","16637417","chr3","92595976","92596268","24","75958855"
"chr7","16660380","16660636","chr3","92619172","92619428","29","75958792"
"chr7","16671388","16671697","chr3","92630426","92630721","37","75959038"
"chr7","16687532","16687828","chr3","92646430","92646731","26","75958898"
"chr7","16691012","16691301","chr10","32003387","32003677","38","15312375"
"chr7","16693447","16693555","chr1","62231025","62231129","17","45537578"
"chr7","16697387","16697699","chr3","92656428","92656732","36","75959041"
"chr7","16699485","16699782","chr1","39371430","39371728","37","22671945"
"chr7","16729577","16729886","chr3","92687926","92688211","48","75958349"
"chr7","16755495","16755802","chr1","220969416","220969727","37","204213921"
"chr7","16777565","16777861","chr3","157462558","157462855","40","140684993"
"chr7","16840928","16841230","chr3","92794625","92794927","25","75953697"
"chr7","16853935","16854221","chr19","36177650","36177935","35","19323715"
"chr7","16870560","16870852","chr3","92825330","92825625","26","75954770"
"chr7","16904475","16904743","chr3","92861605","92861872","28","75957130"
"chr7","17000672","17000943","chrX","40762053","40762325","47","23761381"
"chr7","17000971","17000983","chr1","9794495","9794509","2","7206476"
"chr7","17038872","17039161","chr1","140148617","140148908","36","123109745"
"chr7","17079170","17079457","chr1","40356653","40356941","32","23277483"
"chr7","17120536","17120834","chr3","93086547","93086837","32","75966011"
"chr7","17121158","17121446","chr3","93087172","93087460","23","75966014"
"chr7","17128688","17128984","chr9","117964110","117964407","38","100835422"
"chr7","17215102","17215381","chr2","21506595","21506872","39","4291493"
"chr7","17271162","17271470","chr2","113712988","113713293","41","96441826"
"chr7","17324654","17324965","chr3","93284384","93284690","45","75959730"
"chr7","17402676","17402917","chr3","93393444","93393684","24","75990768"
"chr7","17425141","17425424","chr3","93413677","93413951","33","75988536"
"chr7","17447101","17447359","chr3","93434898","93435149","31","75987797"
"chr7","17463633","17463923","chr3","93449013","93449303","30","75985380"
"chr7","17611629","17611926","chr3","93589820","93590115","25","75978191"
"chr7","17865371","17865669","chr3","93892754","93893054","30","76027383"
"chr7","17873758","17874057","chr3","93901129","93901423","31","76027371"
"chr7","17940403","17940701","chr6","32157411","32157710","33","14217008"
"chr7","17961813","17962115","chr3","93988504","93988808","29","76026691"
"chr7","17972438","17972748","chr3","93998053","93998350","51","76025615"
"chr7","18154570","18154850","chr9","110633099","110633381","41","92478529"
"chr7","18283623","18283906","chr15","79894939","79895223","40","61611316"
"chr7","18334985","18335270","chr3","94372484","94372772","29","76037499"
"chr7","18335527","18335819","chr3","94373019","94373316","30","76037492"
"chr7","18351084","18351368","chr3","94388615","94388899","24","76037531"
"chr7","18398937","18399214","chr3","94438083","94438358","34","76039146"
"chr7","18418265","18418562","chr3","94457529","94457828","34","76039264"
"chr7","18430399","18430685","chr3","94469615","94469903","24","76039216"
"chr7","18490606","18490912","chr2","56084627","56084931","34","37594021"
"chr7","18505955","18506250","chr3","94545424","94545718","33","76039469"
"chr7","18600641","18600941","chr3","94638532","94638827","33","76037891"
"chr7","18693130","18693435","chr3","94730594","94730902","32","76037464"
"chr7","19003959","19004267","chr9","34119061","34119368","38","15115102"
"chr7","19016682","19016998","chr7","54800820","54801122","54","35784138"
"chr7","19109300","19109583","chr3","89071876","89072173","43","69962576"
"chr7","19191370","19191663","chr1","26589431","26589724","40","7398061"
"chr7","19309925","19310226","chr15","4339141","4339440","34","14970784"
"chr7","19313590","19313883","chr3","88861826","88862128","35","69548236"
"chr7","19351940","19352248","chr11","31579286","31579589","56","12227346"
"chr7","19392202","19392394","chr6","132230797","132231000","38","112838595"
"chr7","19438398","19438694","chr13","7755399","7755696","39","11682999"
"chr7","19462451","19462746","chr11","68933645","68933937","40","49471194"
"chr7","19630575","19630742","chr16","70959720","70959890","32","51329145"
"chr7","19663409","19663698","chr10","81325238","81325528","42","61661829"
"chr7","19798651","19798933","chr3","88391646","88391925","29","68592995"
"chr7","19909481","19909774","chr1","41691570","41691860","34","21782089"
"chr7","19972625","19972929","chr3","88235579","88235891","35","68262954"
"chr7","20030136","20030447","chrX","19059328","19059639","42","970808"
"chr7","20110030","20110192","chr20","68389895","68390055","37","48279865"
"chr7","20143948","20144251","chr3","88079320","88079626","31","67935372"
"chr7","20156786","20157091","chr7","113559810","113560113","35","93403024"
"chr7","20212853","20213168","chr14","78295554","78295861","43","58082701"
"chr7","20268936","20269118","chr20","30561548","30561731","33","10292612"
"chr7","20269145","20269268","chrX","91756064","91756186","14","71486919"
"chr7","20306115","20306416","chrX","8591299","8591598","33","11714816"
"chr7","20363386","20363558","chr3","87852891","87853064","15","67489505"
"chr7","20371336","20371632","chr3","87844831","87845129","31","67473495"
"chr7","20463289","20463600","chr3","87750986","87751301","37","67287697"
"chr7","20607605","20607723","chr1","131078233","131078350","13","110470628"
"chr7","20646570","20646840","chr13","37692401","37692676","41","17045831"
"chr7","20654013","20654263","chrX","112717395","112717644","37","92063382"
"chr7","20669576","20669836","chr8","43339616","43339877","38","22670040"
"chr7","20722214","20722512","chr17","19068302","19068598","41","1653912"
"chr7","20739625","20739921","chrX","130555559","130555852","29","109815934"
"chr7","20750855","20751166","chr15","30561481","30561792","38","9810626"
"chr7","20819664","20819767","chr7","153597771","153597865","20","132778107"
"chr7","20820383","20820601","chr16","46571531","46571744","31","25751148"
"chr7","20820752","20820940","chr12","115674238","115674427","21","94853486"
"chr7","20821239","20821336","chr3","3200309","3200406","17","17620930"
"chr7","20838388","20838487","chr6","177202453","177202553","13","156364065"
"chr7","20838701","20838802","chr3","151235850","151235951","8","130397149"
"chr7","20979913","20980165","chr3","87233936","87234195","38","66254023"
"chr7","21207347","21207641","chr3","87020399","87020702","31","65813052"
"chr7","21224756","21225065","chr3","87002703","87003010","46","65777947"
"chr7","21236668","21236969","chr3","86995438","86995728","28","65758770"
"chr7","21263179","21263474","chr3","12456963","12457258","31","8806216"
"chr7","21269930","21270233","chr3","86961827","86962133","30","65691897"
"chr7","21270984","21271299","chr3","86960759","86961075","27","65689775"
"chr7","21290144","21290424","chr3","86943150","86943442","37","65653006"
"chr7","21333370","21333577","chr3","30112008","30112217","31","8778638"
"chr7","21333781","21333876","chr7","162283431","162283525","11","140949650"
"chr7","21389991","21390277","chr3","86846199","86846487","29","65456208"
"chr7","21433432","21433728","chr3","86802593","86802884","35","65369161"
"chr7","21473445","21473745","chr3","86764503","86764803","28","65291058"
"chr7","21476233","21476539","chr7","40063489","40063797","36","18587256"
"chr7","21490328","21490619","chr3","86748081","86748370","24","65257753"
"chr7","21523074","21523339","chr15","29972506","29972770","40","8449432"
"chr7","21535417","21535686","chr1","130788993","130789275","42","109253576"
"chr7","21551876","21552177","chr3","86687040","86687352","30","65135164"
"chr7","21572303","21572489","chr16","10713460","10713644","29","10858843"
"chr7","21599060","21599343","chr3","86638224","86638504","28","65039164"
"chr7","21671153","21671446","chr3","86565808","86566103","24","64894655"
"chr7","21747881","21748176","chr3","86488244","86488538","17","64740363"
"chr7","21766280","21766588","chr3","86469691","86470000","26","64703411"
"chr7","21794870","21795150","chr3","162207583","162207866","46","140412713"
"chr7","21824375","21824682","chr3","86397584","86397891","29","64573209"
"chr7","21829857","21830167","chr7","153275787","153276091","40","131445930"
"chr7","21870131","21870427","chr3","86352122","86352418","23","64481991"
"chr7","21875995","21876305","chr3","86346776","86347080","29","64470781"
"chr7","21935555","21935863","chr1","164369856","164370161","37","142434301"
"chr7","21964692","21964891","chr1","100827700","100827896","29","78863008"
"chr7","21965230","21965344","chr7","66856054","66856167","22","44890824"
"chr7","21966452","21966746","chr3","86259783","86260084","35","64293331"
"chr7","21985396","21985685","chr3","86240168","86240481","51","64254772"
"chr7","21991289","21991593","chr3","86234323","86234631","24","64243034"
"chr7","21997014","21997312","chr3","86228621","86228916","39","64231607"
"chr7","21997918","21998232","chr3","86227701","86228010","26","64229783"
"chr7","22017902","22018209","chr3","86206443","86206745","41","64188541"
"chr7","22020319","22020624","chr4","80972238","80972544","31","58951919"
"chr7","22028659","22028755","chr3","3200309","3200406","16","18828350"
"chr7","22030034","22030246","chr6","29080666","29080880","36","7050632"
"chr7","22054507","22054796","chr2","84531970","84532261","34","62477463"
"chr7","22126644","22126950","chr3","86102178","86102473","38","63975534"
"chr7","22172927","22173217","chr3","86055285","86055574","30","63882358"
"chr7","22183781","22184070","chr3","86044487","86044790","38","63860706"
"chr7","22222688","22222981","chr3","86004646","86004940","24","63781958"
"chr7","22264304","22264613","chr3","85961530","85961837","32","63697226"
"chr7","22388667","22388951","chr3","85835445","85835712","32","63446778"
"chr7","22451429","22451728","chr3","85774153","85774453","20","63322724"
"chr7","22481721","22481957","chr3","85746686","85746919","26","63264965"
"chr7","22888942","22889210","chr16","60206160","60206434","36","37317218"
"chr7","22889213","22889371","chr3","61255547","61255702","26","38366334"
"chr7","22896316","22896598","chr13","106074192","106074481","43","83177876"
"chr7","22936151","22936459","chr7","54292672","54292983","36","31356521"
"chr7","22949965","22950268","chr3","85631480","85631774","41","62681515"
"chr7","22988037","22988332","chr11","108738397","108738689","24","85750360"
"chr7","23002747","23003048","chr3","85578348","85578650","27","62575601"
"chr7","23024497","23024808","chr3","85561488","85561791","26","62536991"
"chr7","23044939","23044949","chr1","205890061","205890072","2","182845122"
"chr7","23044994","23045287","chr3","85542178","85542467","23","62497184"
"chr7","23113708","23114020","chr16","65310363","65310670","49","42196655"
"chr7","23119001","23119265","chrX","91825651","91825916","40","68706650"
"chr7","23127690","23127971","chr1","8718633","8718912","44","14409057"
"chr7","23129586","23129908","chr3","85452644","85452948","43","62323058"
"chr7","23134823","23135068","chr2","51090591","51090841","39","27955768"
"chr7","23136794","23137104","chr3","85445393","85445704","36","62308599"
"chr7","23200739","23201042","chr16","32192153","32192451","40","8991414"
"chr7","23207366","23207571","chr11","8509950","8510149","34","14697416"
"chr7","23215370","23215653","chr3","85375552","85375838","27","62160182"
"chr7","23228299","23228589","chr3","85364448","85364741","36","62136149"
"chr7","23244643","23244939","chr9","5713218","5713508","39","17531425"
"chr7","23272096","23272404","chr3","85324579","85324888","26","62052483"
"chr7","23278220","23278508","chr3","85318522","85318803","24","62040302"
"chr7","23345187","23345487","chr14","112526592","112526892","37","89181405"
"chr7","23350917","23351101","chr16","47578815","47578998","28","24227898"
"chr7","23389707","23389993","chr19","2460124","2460416","42","20929583"
"chr7","23404929","23405232","chr10","87488925","87489228","38","64083996"
"chr7","23410461","23410724","chr3","85175931","85176201","18","61765470"
"chr7","23421046","23421271","chr19","3412734","3412955","47","20008312"
"chr7","23426784","23427096","chr3","85159425","85159738","25","61732641"
"chr7","23430358","23430664","chr3","85155791","85156093","28","61725433"
"chr7","23434412","23434673","chr3","85151628","85151894","24","61717216"
"chr7","23446549","23446855","chr3","85137844","85138143","31","61691295"
"chr7","23469179","23469485","chr12","116499373","116499683","36","93030194"
"chr7","23508932","23509211","chr6","32435931","32436210","41","8926999"
"chr7","23512598","23512867","chr9","64349337","64349618","45","40836739"
"chr7","23514894","23515032","chr10","83387616","83387757","15","59872722"
"chr7","23517842","23518144","chr3","85052370","85052675","24","61534528"
"chr7","23521086","23521393","chr3","85048853","85049155","30","61527767"
"chr7","23522896","23523030","chr5","77736065","77736198","22","54213169"
"chr7","23526308","23526581","chr3","85044340","85044613","24","61518032"
"chr7","23527750","23528024","chr3","85042895","85043183","26","61515145"
"chr7","23548638","23548784","chr6","147844813","147844957","18","124296175"
"chr7","23551143","23551448","chr3","85018675","85018974","27","61467532"
"chr7","23556358","23556667","chr3","85013456","85013764","29","61457098"
"chr7","23570157","23570460","chr3","84999204","84999506","22","61429047"
"chr7","23574428","23574739","chrX","47742571","47742875","36","24168143"
"chr7","23577951","23578240","chr3","84939377","84939665","28","61361426"
"chr7","23580517","23580762","chr13","20170181","20170421","44","3410336"
"chr7","23583968","23584206","chr3","84933077","84933310","26","61349109"
"chr7","23607478","23607616","chr1","221479214","221479348","25","197871736"
"chr7","23620957","23621213","chr3","84901020","84901276","18","61280063"
"chr7","23623395","23623470","chr3","135901165","135901245","12","112277770"
"chr7","23624338","23624630","chr6","171187500","171187795","39","147563162"
"chr7","23669343","23669450","chr16","667338","667442","18","23002005"
"chr7","23671243","23671430","chr13","61516510","61516682","39","37845267"
"chr7","23679611","23679682","chr15","56720594","56720666","7","33040983"
"chr7","23713377","23713535","chr19","14493319","14493479","21","9220058"
"chr7","23714145","23714325","chr3","84801354","84801521","27","61087209"
"chr7","23719940","23720256","chr3","84795413","84795727","24","61075473"
"chr7","23722706","23723010","chr3","84792382","84792693","34","61069676"
"chr7","23728869","23729190","chr7","162123349","162123656","44","138394480"
"chr7","23729232","23729470","chr19","34537638","34537863","44","10808406"
"chr7","23732678","23732868","chr5","2991834","2992026","30","20740844"
"chr7","23733228","23733362","chr13","39071147","39071274","26","15337919"
"chr7","23745545","23745847","chr3","84768670","84768964","33","61023125"
"chr7","23749401","23749581","chr14","7178931","7179114","24","16570470"
"chr7","23765236","23765350","chr4","54111508","54111622","8","30346272"
"chr7","23767337","23767479","chr1","24081325","24081460","33","313988"
"chr7","23777057","23777360","chrX","9240846","9241146","49","14536211"
"chr7","23778115","23778419","chr3","84736402","84736702","28","60958287"
"chr7","23779426","23779731","chr3","84734924","84735215","34","60955498"
"chr7","23780536","23780838","chr1","46875252","46875555","34","23094716"
"chr7","23786527","23786685","chr19","44239212","44239372","34","20452685"
"chr7","23787488","23787778","chr2","188829913","188830214","41","165042425"
"chr7","23803833","23804130","chr19","13989351","13989646","36","9814482"
"chr7","23804178","23804435","chr2","68638561","68638818","46","44834383"
"chr7","23807960","23808252","chr3","84709746","84710030","39","60901786"
"chr7","23816657","23816812","chrY","805524","805686","25","23011133"
"chr7","23820548","23820843","chr16","48001050","48001345","36","24180502"
"chr7","23821676","23821957","chr3","84695821","84696100","21","60874145"
"chr7","23833193","23833492","chr3","84684070","84684359","30","60850877"
"chr7","23838936","23839238","chr3","84680120","84680419","30","60841184"
"chr7","23839331","23839492","chrX","557444","557611","30","23281887"
"chr7","23840585","23840874","chr3","84678463","84678753","22","60837878"
"chr7","23855740","23855861","chr12","20931913","20932026","21","2923827"
"chr7","23856468","23856578","chr14","195049","195159","13","23661419"
"chr7","23863997","23864291","chr14","15756054","15756351","36","8107943"
"chr7","23865083","23865371","chrX","97599687","97599982","34","73734604"
"chr7","23865442","23865734","chr6","75439204","75439494","38","51573762"
"chr7","23874737","23874897","chr1","18496557","18496718","27","5378180"
"chr7","23876602","23876866","chr1","129089131","129089396","36","105212529"
"chr7","23879316","23879594","chrX","96496938","96497219","35","72617622"
"chr7","23905338","23905643","chr3","84571038","84571355","30","60665700"
"chr7","23909761","23910053","chr2","46816455","46816748","51","22906694"
"chr7","23930859","23930932","chr10","16861282","16861357","11","7069577"
"chr7","23933004","23933154","chr11","77405528","77405678","28","53472524"
"chr7","23977353","23977631","chr3","84501132","84501422","26","60523779"
"chr7","24017957","24018256","chr3","84456168","84456471","23","60438211"
"chr7","24026737","24026911","chr3","36859317","36859495","39","12832580"
"chr7","24053213","24053519","chr3","84402406","84402708","32","60349193"
"chr7","24119543","24119675","chr2","82491537","82491662","24","58371994"
"chr7","24178395","24178692","chr3","84295557","84295849","30","60117162"
"chr7","24243354","24243626","chr20","19267765","19268042","38","4975589"
"chr7","24266105","24266401","chr3","84217390","84217678","38","59951285"
"chr7","24296344","24296640","chr3","84185587","84185885","33","59889243"
"chr7","24334523","24334824","chr11","12691267","12691569","34","11643256"
"chr7","24541127","24541411","chr3","83953833","83954148","47","59412706"
"chr7","24578270","24578559","chr3","178976330","178976618","37","154398060"
"chr7","24602843","24603144","chr3","83892015","83892313","34","59289172"
"chr7","24673366","24673673","chr1","51588054","51588359","37","26914688"
"chr7","24725693","24725992","chr3","83770826","83771123","29","59045133"
"chr7","24728237","24728542","chr3","83768247","83768562","43","59040010"
"chr7","24777881","24778172","chr1","25647657","25647947","32","869776"
"chr7","24808822","24809020","chr19","13167398","13167592","30","11641424"
"chr7","24837818","24838100","chr6","162933017","162933306","41","138095199"
"chr7","24904367","24904666","chr7","137866997","137867295","40","112962630"
"chr7","24926548","24926837","chr9","96836308","96836599","39","71909760"
"chr7","24935009","24935215","chr2","33566978","33567183","44","8631969"
"chr7","24960088","24960392","chr19","20676318","20676616","36","4283770"
"chr7","24978840","24979123","chr16","55838651","55838936","32","30859811"
"chr7","25081735","25082033","chr3","83420419","83420719","26","58338684"
"chr7","25122762","25123062","chr3","83378347","83378651","34","58255585"
"chr7","25165916","25166154","chr4","17935925","17936163","43","7229991"
"chr7","25248984","25249275","chr3","83253453","83253744","27","58004469"
"chr7","25273813","25274131","chr3","83226353","83226666","29","57952540"
"chr7","25293007","25293314","chr3","83208619","83208918","33","57915612"
"chr7","25317824","25318141","chr3","83183213","83183540","32","57865389"
"chr7","25338334","25338470","chr7","55937012","55937147","13","30598678"
"chr7","25340079","25340379","chr16","61467913","61468213","33","36127834"
"chr7","25341779","25341950","chr11","121198950","121199124","26","95857171"
"chr7","25354166","25354478","chr3","83142627","83142927","28","57788461"
"chr7","25377807","25377941","chr6","132205592","132205725","16","106827785"
"chr7","25379414","25379519","chr3","3847698","3847802","19","21531716"
"chr7","25379540","25379611","chrX","133660881","133660951","10","108281341"
"chr7","25388155","25388425","chr5","51170047","51170316","35","25781892"
"chr7","25399612","25399916","chr1","14463479","14463782","33","10936133"
"chr7","25404194","25404379","chr12","115674238","115674427","27","90270044"
"chr7","25419275","25419583","chr7","113559810","113560113","40","88140535"
"chr7","25423637","25423939","chr5","51540643","51540938","39","26117006"
"chr7","25446972","25447281","chr3","83038251","83038559","30","57591279"
"chr7","25453492","25453682","chr10","13731956","13732148","37","11721536"
"chr7","25468983","25469286","chr3","83015562","83015869","25","57546579"
"chr7","25472759","25473037","chr3","82991955","82992239","24","57519196"
"chr7","25494958","25495246","chr19","3204626","3204912","30","22290332"
"chr7","25499608","25499824","chr13","61550125","61550336","48","36050517"
"chr7","25580121","25580413","chr7","10974680","10974971","36","14605441"
"chr7","25627887","25628179","chr16","5048763","5049058","33","20579124"
"chr7","25782414","25782605","chr20","18774845","18775035","37","7007569"
"chr7","25834572","25834872","chr3","82626979","82627282","21","56792407"
"chr7","25843880","25844049","chr10","82915026","82915197","27","57071146"
"chr7","25924205","25924458","chr3","82536812","82537070","32","56612607"
"chr7","26024160","26024453","chr3","82445163","82445458","35","56421003"
"chr7","26154098","26154433","chr8","142195657","142195988","58","116041559"
"chr7","26162359","26162669","chr3","82292704","82293007","29","56130345"
"chr7","26259083","26259219","chr3","128576933","128577067","15","102317850"
"chr7","26287915","26288049","chr14","70285357","70285492","12","43997442"
"chr7","26311100","26311397","chr3","82147732","82148032","30","55836632"
"chr7","26315474","26315773","chr3","82143024","82143327","28","55827550"
"chr7","26357894","26358136","chr6","136099735","136099977","31","109741841"
"chr7","26361261","26361560","chr3","82097493","82097788","28","55736232"
"chr7","26364859","26365151","chr3","82093537","82093833","27","55728678"
"chr7","26390312","26390619","chrX","95121768","95122073","39","68731456"
"chr7","26397916","26398046","chr19","45249393","45249524","12","18851477"
"chr7","26399231","26399406","chr15","369501","369679","27","26029730"
"chr7","26417885","26418192","chr3","82041328","82041639","30","55623443"
"chr7","26457965","26458235","chr3","82001522","82001797","33","55543557"
"chr7","26466198","26466350","chr14","69005087","69005239","21","42538889"
"chr7","26470704","26470924","chr13","94935954","94936168","33","68465250"
"chr7","26471539","26471843","chr3","21904631","21904931","35","4566908"
"chr7","26487734","26488020","chr13","62385563","62385856","43","35897829"
"chr7","26491014","26491302","chr10","14341398","14341690","36","12149616"
"chr7","26504051","26504215","chr11","67486519","67486682","19","40982468"
"chr7","26505123","26505230","chr7","114829775","114829891","17","88324652"
"chr7","26505428","26505567","chr8","98050124","98050252","25","71544696"
"chr7","26516723","26517022","chr11","55358468","55358759","50","28841745"
"chr7","26522748","26522880","chr12","121124958","121125092","16","94602210"
"chr7","26526763","26527067","chr3","81907931","81908236","22","55381168"
"chr7","26533622","26533919","chr3","81902081","81902383","30","55368459"
"chr7","26545656","26545964","chr3","81889874","81890179","27","55344218"
"chr7","26548492","26548595","chr1","62231025","62231129","14","35682533"
"chr7","26559561","26559878","chr3","81873413","81873726","23","55313852"
"chr7","26570604","26570891","chr3","81861443","81861737","30","55290839"
"chr7","26571590","26571933","chr15","13225703","13226033","113","13345887"
"chr7","26586638","26586931","chr3","81845153","81845445","27","55258515"
"chr7","26588785","26589073","chr3","81842972","81843267","33","55254187"
"chr7","26598022","26598323","chr3","81833423","81833724","35","55235401"
"chr7","26639645","26639956","chr3","81791195","81791496","34","55151550"
"chr7","26671012","26671290","chr9","106051939","106052219","37","79380927"
"chr7","26715977","26716274","chr3","81715208","81715497","32","54999231"
"chr7","26730526","26730727","chr13","61665515","61665712","40","34934989"
"chr7","26865844","26866138","chr7","122016416","122016713","40","95150572"
"chr7","26924516","26924818","chr3","81483819","81484123","31","54559303"
"chr7","26960815","26961133","chr3","81447732","81448040","58","54486917"
"chr7","26976282","26976416","chr7","67248169","67248300","20","40271887"
"chr7","26993511","26993803","chr3","81414482","81414786","37","54420971"
"chr7","27004816","27005103","chrX","22855399","22855686","44","4149417"
"chr7","27070634","27070936","chr3","81337146","81337449","26","54266512"
"chr7","27111066","27111351","chr3","81291581","81291874","34","54180515"
"chr7","27115369","27115665","chr3","81286499","81286795","28","54171130"
"chr7","27124350","27124650","chr3","81276221","81276521","25","54151871"
"chr7","27144301","27144433","chr19","38786900","38787030","12","11642599"
"chr7","27201631","27201922","chr2","95264224","95264518","38","68062593"
"chr7","27223626","27223938","chr3","81187428","81187738","25","53963802"
"chr7","27281887","27282165","chr7","57591046","57591325","35","30309159"
"chr7","27295891","27296188","chr3","81122956","81123266","36","53827065"
"chr7","27309419","27309738","chr3","81108207","81108500","64","53798788"
"chr7","27316861","27317167","chr3","81100084","81100391","26","53783223"
"chr7","27472257","27472568","chr7","57773913","57774224","38","30301656"
"chr7","27475080","27475201","chr6","76961115","76961239","15","49486035"
"chr7","27475932","27476120","chr16","7091433","7091617","28","20384499"
"chr7","27507977","27508286","chrX","76981773","76982080","33","49473796"
"chr7","27521835","27522140","chr3","80882528","80882824","27","53360693"
"chr7","27531084","27531236","chr7","120346484","120346633","26","92815400"
"chr7","27531269","27531394","chr16","12473662","12473789","13","15057607"
"chr7","27570974","27571267","chr11","54946715","54947008","39","27375741"
"chr7","27604237","27604538","chrX","62743620","62743929","34","35139383"
"chr7","27636021","27636337","chr6","65306342","65306655","40","37670321"
"chr7","27694611","27694905","chr3","80702063","80702354","22","53007452"
"chr7","27737186","27737497","chr13","45271324","45271622","50","17534138"
"chr7","27767781","27768084","chr3","80633987","80634295","38","52866206"
"chr7","27841285","27841582","chr3","80553505","80553801","24","52712220"
"chr7","27843872","27844176","chr3","80550933","80551225","34","52707061"
"chr7","27857781","27858075","chr3","80537007","80537302","37","52679226"
"chr7","27877977","27878280","chr3","80516210","80516508","25","52638233"
"chr7","27884116","27884347","chr16","9675962","9676190","49","18208154"
"chr7","27886467","27886763","chr3","80507496","80507794","24","52621029"
"chr7","27944484","27944790","chr3","80446923","80447234","32","52502439"
"chr7","27958092","27958394","chr3","80433430","80433738","33","52475338"
"chr7","27962817","27963111","chr3","80430772","80431064","34","52467955"
"chr7","27972460","27972620","chr4","108162884","108163039","44","80190424"
"chr7","27973000","27973305","chr3","80418905","80419214","20","52445905"
"chr7","27976427","27976588","chr16","13074697","13074856","24","14901730"
"chr7","27998049","27998346","chr3","166406946","166407246","38","138408897"
"chr7","28023477","28023770","chr3","80374649","80374945","33","52351172"
"chr7","28023981","28024303","chr3","80373877","80374207","42","52349896"
"chr7","28047295","28047596","chr3","80348784","80349079","30","52301489"
"chr7","28094196","28094498","chr10","72646766","72647064","39","44552570"
"chr7","28129471","28129752","chr3","164558229","164558511","36","136428758"
"chr7","28173499","28173713","chr3","80222820","80223032","16","52049321"
"chr7","28173805","28173925","chr3","80222259","80222367","18","52048454"
"chr7","28247278","28247551","chr3","80142046","80142320","30","51894768"
"chr7","28248375","28248494","chr14","54321051","54321175","24","26072676"
"chr7","28248581","28248790","chr2","204638025","204638229","25","176389444"
"chr7","28274986","28275261","chr3","80114031","80114306","15","51839045"
"chr7","28350975","28351266","chr20","8006906","8007198","32","20344069"
"chr7","28357425","28357519","chr1","25185532","25185627","11","3171893"
"chr7","28388531","28388833","chr3","79999570","79999879","27","51611039"
"chr7","28434231","28434519","chr10","30442537","30442830","36","2008306"
"chr7","28478974","28479255","chr7","3450180","3450461","22","25028794"
"chr7","28482501","28482806","chr1","95476592","95476897","35","66994091"
"chr7","28615935","28616228","chr3","79772953","79773238","36","51157018"
"chr7","28633484","28633777","chr3","79755275","79755564","24","51121791"
"chr7","28726235","28726461","chr14","111685372","111685596","39","82959137"
"chr7","28772240","28772440","chr3","79618194","79618381","32","50845954"
"chr7","28798578","28798883","chr3","79590044","79590340","38","50791466"
"chr7","28841195","28841474","chr6","108677587","108677870","39","79836392"
"chr7","28931333","28931461","chr7","51593535","51593661","20","22662202"
"chr7","28931643","28931805","chr19","32862440","32862604","26","3930797"
"chr7","28956505","28956698","chr2","99076392","99076604","50","70119887"
"chr7","29025050","29025348","chr3","79364391","79364693","27","50339341"
"chr7","29146319","29146630","chr3","79247189","79247482","38","50100870"
"chr7","29149350","29149497","chr1","97035057","97035198","24","67885707"
"chr7","29185049","29185181","chr8","79499448","79499575","27","50314399"
"chr7","29197809","29198039","chr3","79195563","79195790","12","49997754"
"chr7","29205454","29205734","chr10","1458697","1458977","44","27746757"
"chr7","29211069","29211362","chr3","79182287","79182581","30","49971218"
"chr7","29230274","29230570","chr3","79163140","79163450","36","49932866"
"chr7","29300639","29300940","chr3","41130046","41130344","34","11829407"
"chr7","29334003","29334298","chr2","72474625","72474912","54","43140622"
"chr7","29336209","29336510","chr3","79055005","79055312","35","49718796"
"chr7","29377331","29377616","chr3","79013515","79013800","22","49636184"
"chr7","29381758","29382048","chrX","103979020","103979316","41","74597262"
"chr7","29414055","29414350","chr3","78976743","78977045","27","49562688"
"chr7","29414634","29414941","chr16","799351","799657","43","28615283"
"chr7","29422568","29422688","chr10","71427686","71427803","20","42005118"
"chr7","29422878","29422969","chr20","18199749","18199840","10","11223129"
"chr7","29517703","29517884","chr19","49749671","49749854","20","20231968"
"chr7","29520991","29521229","chr3","126821063","126821303","39","97300072"
"chr7","29540598","29540903","chr3","78795255","78795557","35","49254657"
"chr7","29592564","29592865","chr3","154675847","154676147","54","125083283"
"chr7","29610201","29610498","chrX","24506223","24506512","48","5103978"
"chr7","29626577","29626875","chr13","6223812","6224108","35","23402765"
"chr7","29670573","29670866","chr9","69180403","69180696","30","39509830"
"chr7","29677154","29677451","chr3","78654630","78654916","26","48977476"
"chr7","29712531","29712836","chr14","22567668","22567972","39","7144863"
"chr7","29746051","29746199","chr7","167773913","167774060","29","138027862"
"chr7","29879024","29879329","chr3","78453410","78453722","36","48574386"
"chr7","30118707","30118951","chr10","18731185","18731432","39","11387522"
"chr7","30151684","30151980","chr13","11438541","11438838","43","18713143"
"chr7","30421274","30421572","chr7","168514697","168514995","27","138093423"
"chr7","30467957","30468258","chr1","220883377","220883674","38","190415420"
"chr7","30499172","30499473","chr14","15756054","15756351","36","14743118"
"chr7","30521079","30521372","chr14","103136842","103137137","38","72615763"
"chr7","30523076","30523364","chr13","39126608","39126896","35","8603532"
"chr7","30565874","30566184","chr1","184966200","184966511","39","154400326"
"chr7","30571874","30572048","chr1","9340804","9340975","32","21231070"
"chr7","30613580","30613875","chr3","78263056","78263350","18","47649476"
"chr7","30618475","30618681","chr2","204638025","204638229","34","174019550"
"chr7","30679548","30679814","chr3","8731849","8732114","32","21947699"
"chr7","30732169","30732451","chr1","44954684","44954966","32","14222515"
"chr7","30736504","30736563","chr3","35912902","35912962","12","5176398"
"chr7","30736602","30736759","chr2","160096543","160096703","34","129359941"
"chr7","30779829","30780124","chr7","138766841","138767132","42","107987012"
"chr7","30802172","30802470","chr17","60484991","60485288","31","29682819"
"chr7","30803172","30803472","chr3","78064425","78064723","23","47261253"
"chr7","30848718","30849016","chr12","65951597","65951896","38","35102879"
"chr7","30852501","30852805","chr14","124293090","124293393","39","93440589"
"chr7","30858628","30858936","chr3","78019703","78020011","34","47161075"
"chr7","30861625","30861912","chr3","78016712","78017007","36","47155087"
"chr7","30954867","30955161","chr10","37937441","37937734","27","6982574"
"chr7","30967450","30967740","chr3","77915785","77916089","39","46948335"
"chr7","31024975","31025274","chr9","115486233","115486535","36","84461258"
"chr7","31029068","31029379","chr1","220969416","220969727","44","189940348"
"chr7","31071968","31072273","chr16","53218829","53219134","32","22146861"
"chr7","31077394","31077680","chrX","9102633","9102917","38","21974761"
"chr7","31116032","31116235","chr4","131859617","131859819","25","100743585"
"chr7","31116600","31116705","chr3","3847698","3847802","13","27268902"
"chr7","31141209","31141455","chr3","77741676","77741923","19","46600467"
"chr7","31189588","31189891","chr3","77700974","77701281","23","46511386"
"chr7","31201616","31201913","chr1","52875145","52875442","38","21673529"
"chr7","31291887","31292114","chr16","9675962","9676190","36","21615925"
"chr7","31297838","31298136","chr17","81802759","81803050","42","50504921"
"chr7","31320398","31320698","chr5","23750395","23750692","51","7570003"
"chr7","31354320","31354621","chr3","77532539","77532850","41","46178219"
"chr7","31382497","31382805","chr3","77508823","77509132","27","46126326"
"chr7","31460069","31460358","chr3","77432463","77432757","28","45972394"
"chr7","31466124","31466432","chr3","77426489","77426781","49","45960365"
"chr7","31565442","31565736","chr11","48892425","48892714","35","17326983"
"chr7","31661736","31662042","chr6","11866650","11866952","28","19795086"
"chr7","31699469","31699775","chr3","77182567","77182867","30","45483098"
"chr7","31754121","31754404","chr17","29335507","29335791","31","2418614"
"chr7","31862388","31862697","chr3","77020763","77021069","30","45158375"
"chr7","32033234","32033513","chr3","76849890","76850170","20","44816656"
"chr7","32044034","32044343","chr11","8088814","8089119","43","23955220"
"chr7","32140761","32141062","chr16","30959648","30959942","42","1181113"
"chr7","32172968","32173265","chr3","76710224","76710525","33","44537256"
"chr7","32216498","32216803","chr3","76671629","76671930","20","44455131"
"chr7","32321509","32321806","chr15","41575684","41575981","35","9254175"
"chr7","32373305","32373624","chr3","76509559","76509871","42","44136254"
"chr7","32495056","32495348","chr3","76384536","76384833","40","43889480"
"chr7","32565610","32565907","chr14","106885133","106885430","38","74319523"
"chr7","32698137","32698442","chr3","76179958","76180264","31","43481821"
"chr7","32807902","32808211","chr4","45964822","45965127","46","13156920"
"chr7","32954651","32954942","chr10","30442537","30442830","26","2512114"
"chr7","33129317","33129626","chr20","4588641","4588948","44","28540676"
"chr7","33167658","33167956","chr3","75746452","75746751","18","42578794"
"chr7","33175663","33175812","chr4","44130284","44130433","16","10954621"
"chr7","33176066","33176208","chr1","221479214","221479348","30","188303148"
"chr7","33189421","33189740","chr3","75724800","75725104","42","42535379"
"chr7","33197399","33197693","chr3","75716844","75717141","25","42519445"
"chr7","33740977","33741252","chr3","78431532","78431820","38","44690555"
"chr7","33802794","33803075","chr7","129626140","129626422","34","95823346"
"chr7","33805976","33806090","chr13","79731414","79731525","42","45925438"
"chr7","33881357","33881465","chr14","195049","195159","13","33686308"
"chr7","33882962","33883261","chr8","93237278","93237575","37","59354316"
"chr7","33892931","33893066","chr10","31067832","31067967","14","2825099"
"chr7","33901186","33901486","chr3","75188408","75188705","22","41287222"
"chr7","33909403","33909712","chr1","91289965","91290268","41","57380562"
"chr7","33918717","33918919","chr3","92539761","92539958","24","58621044"
"chr7","33927723","33928025","chr12","118461467","118461769","47","84533744"
"chr7","33944662","33944851","chr11","2904691","2904882","42","31039971"
"chr7","33945160","33945258","chr15","94696541","94696637","10","60751381"
"chr7","33950506","33950808","chr3","75134383","75134678","34","41183877"
"chr7","33966071","33966259","chr12","115674238","115674427","18","81708167"
"chr7","33967494","33967797","chr1","38412022","38412324","41","4444528"
"chr7","33979419","33979722","chr1","128601266","128601567","31","94621847"
"chr7","33980473","33980633","chr8","144193624","144193784","23","110213151"
"chr7","34027139","34027409","chr1","37954757","37955032","39","3927618"
"chr7","34049963","34050249","chr1","118255893","118256187","45","84205930"
"chr7","34064254","34064549","chr3","75016250","75016550","28","40951996"
"chr7","34081740","34082037","chrX","24069810","24070107","38","10011930"
"chr7","34092913","34093205","chr3","74987522","74987821","26","40894609"
"chr7","34113249","34113559","chr3","74966851","74967158","31","40853602"
"chr7","34202039","34202329","chr17","81617914","81618203","27","47415875"
"chr7","34206117","34206410","chr3","74876592","74876884","25","40670475"
"chr7","34242177","34242463","chr17","29335507","29335791","40","4906670"
"chr7","34258209","34258510","chr5","154050347","154050646","36","119792138"
"chr7","34263770","34264061","chr2","107422966","107423258","36","73159196"
"chr7","34327624","34327916","chr3","74745166","74745458","29","40417542"
"chr7","34360747","34361019","chr16","60206160","60206434","43","25845413"
"chr7","34373247","34373548","chr11","4641260","4641558","45","29731987"
"chr7","34436019","34436313","chr3","74632712","74633025","35","40196693"
"chr7","34619728","34620035","chr3","74444727","74445033","26","39824999"
"chr7","34656602","34656875","chr2","122802877","122803152","36","88146275"
"chr7","34666378","34666680","chrX","9240846","9241146","36","25425532"
"chr7","34681353","34681650","chrX","114883322","114883623","28","80201969"
"chr7","34800182","34800470","chr19","49500312","49500603","37","14700130"
"chr7","34845413","34845702","chr3","74214001","74214294","31","39368588"
"chr7","34849592","34849900","chr9","45872596","45872905","41","11023004"
"chr7","34922318","34922628","chr3","74132224","74132524","27","39209906"
"chr7","35114400","35114706","chr3","73943824","73944135","22","38829424"
"chr7","35207452","35207746","chr7","115353337","115353631","42","80145885"
"chr7","35388431","35388733","chrX","44939650","44939949","40","9551219"
"chr7","35530974","35531269","chr8","41814834","41815130","32","6283860"
"chr7","35737004","35737128","chrX","117855294","117855417","14","82118290"
"chr7","35968335","35968639","chr3","75513199","75513501","26","39544864"
"chr7","36011226","36011536","chr8","3920120","3920429","49","32091106"
"chr7","36026276","36026569","chrX","124495372","124495668","35","88469096"
"chr7","36127003","36127292","chr3","73432531","73432812","36","37305528"
"chr7","36300626","36300918","chr3","73248174","73248466","24","36947548"
"chr7","36390677","36390962","chr17","29335507","29335791","29","7055170"
"chr7","36455673","36455951","chr3","161871065","161871331","54","125415392"
"chr7","36465459","36465745","chr3","73081580","73081859","30","36616121"
"chr7","36465746","36465881","chr1","108894724","108894860","16","72428978"
"chr7","36482203","36482489","chr3","73064296","73064577","34","36582093"
"chr7","36486252","36486565","chr3","73060230","73060538","25","36573978"
"chr7","36500957","36501268","chr3","73044773","73045085","25","36543816"
"chr7","36546940","36547244","chr8","54634869","54635169","37","18087929"
"chr7","36551831","36552125","chrX","44429429","44429724","35","7877598"
"chr7","36559944","36560245","chr3","72990946","72991255","28","36431002"
"chr7","36567810","36568101","chr3","72983093","72983387","18","36415283"
"chr7","36573676","36573961","chr18","60459178","60459462","35","23885502"
"chr7","36576727","36577024","chr1","8504430","8504725","40","28072297"
"chr7","36620384","36620686","chr1","166387645","166387949","39","129767261"
"chr7","36630751","36631056","chr3","72924846","72925145","29","36294095"
"chr7","36639823","36640125","chr5","184066657","184066960","34","147426834"
"chr7","36648439","36648508","chr3","72906977","72907046","5","36258538"
"chr7","36672051","36672345","chr2","101366160","101366456","29","64694109"
"chr7","36683040","36683333","chr3","72872353","72872655","33","36189313"
"chr7","36690390","36690656","chr1","39936306","39936577","46","3245916"
"chr7","36698994","36699291","chr3","72856288","72856575","39","36157294"
"chr7","36702276","36702447","chr9","98182003","98182169","28","61479727"
"chr7","36728532","36728836","chr6","175656236","175656537","41","138927704"
"chr7","36781817","36782121","chr2","56084627","56084931","42","19302810"
"chr7","36844303","36844593","chr11","49132682","49132972","36","12288379"
"chr7","36886704","36886859","chr7","120346484","120346633","25","83459780"
"chr7","36889888","36890177","chr3","72731971","72732274","35","35842083"
"chr7","36913824","36913992","chr3","65985284","65985445","32","29071460"
"chr7","36924975","36925255","chr3","72696234","72696518","34","35771259"
"chr7","36931178","36931423","chrX","50801346","50801605","52","13870168"
"chr7","36933393","36933653","chr6","135902575","135902827","49","98969182"
"chr7","36933684","36933698","chr12","102378820","102378833","2","65445136"
"chr7","36976799","36977094","chr3","72636933","72637227","32","35660134"
"chr7","37025727","37025925","chr7","95222121","95222323","25","58196394"
"chr7","37028112","37028408","chr3","72584910","72585203","23","35556798"
"chr7","37035671","37035981","chr3","72577050","72577351","34","35541379"
"chr7","37062641","37062941","chr3","72549941","72550256","36","35487300"
"chr7","37068714","37069020","chr15","46599094","46599392","40","9530380"
"chr7","37098888","37099178","chr8","7482872","7483165","33","29616016"
"chr7","37145452","37145749","chr3","72462553","72462858","28","35317101"
"chr7","37160397","37160613","chr11","118500754","118500968","33","81340357"
"chr7","37162364","37162664","chr3","72445551","72445845","29","35283187"
"chr7","37172954","37173255","chr3","72436218","72436521","26","35263264"
"chr7","37184686","37184975","chr3","165332839","165333127","41","128148153"
"chr7","37194633","37194932","chr3","72416158","72416453","28","35221525"
"chr7","37202373","37202601","chr19","3412734","3412955","42","33789639"
"chr7","37202960","37203262","chr12","38592649","38592950","35","1389689"
"chr7","37203952","37204253","chr3","72406660","72406946","37","35202708"
"chr7","37217236","37217537","chr3","72392972","72393273","26","35175736"
"chr7","37222188","37222502","chr3","72387568","72387882","29","35165380"
"chr7","37224543","37224836","chr3","72384959","72385263","27","35160416"
"chr7","37253063","37253365","chr2","107413217","107413517","37","70160154"
"chr7","37253843","37254151","chr17","1515232","1515536","35","35738611"
"chr7","37280691","37280993","chr2","57691932","57692233","37","20411241"
"chr7","37281140","37281432","chr3","72326972","72327268","27","35045832"
"chr7","37306552","37306787","chr10","30439201","30439436","35","6867351"
"chr7","37316728","37317021","chr3","72290615","72290916","39","34973887"
"chr7","37322133","37322423","chr1","27876080","27876371","31","9446053"
"chr7","37335141","37335421","chr3","72273183","72273465","27","34938042"
"chr7","37350966","37351275","chr3","72256861","72257170","24","34905895"
"chr7","37372157","37372453","chr8","98890323","98890618","34","61518166"
"chr7","37372738","37372935","chr17","81861475","81861660","34","44488737"
"chr7","37402896","37403185","chr3","72210725","72211016","23","34807829"
"chr7","37428307","37428601","chr3","72191118","72191413","27","34762811"
"chr7","37437778","37438010","chr1","123630133","123630369","28","86192355"
"chr7","37506216","37506493","chr1","23944133","23944411","41","13562083"
"chr7","37605898","37606208","chr3","72031578","72031886","33","34425680"
"chr7","37617142","37617436","chr1","200028486","200028781","32","162411344"
"chr7","37663580","37663880","chr3","166228787","166229095","43","128565207"
"chr7","37797496","37797784","chr1","166222501","166222787","34","128425005"
"chr7","37842312","37842612","chr8","50115092","50115395","37","12272780"
"chr7","37854512","37854766","chr3","71773136","71773390","18","33918624"
"chr7","37885272","37885559","chr3","71741030","71741311","45","33855758"
"chr7","37907530","37907843","chr3","71721558","71721863","28","33814028"
"chr7","37994542","37994845","chr3","71641745","71642055","39","33647203"
"chr7","38004234","38004527","chr1","221339594","221339887","35","183335360"
"chr7","38010455","38010748","chr16","74240002","74240299","32","36229547"
"chr7","38026084","38026369","chr3","71609921","71610217","34","33583837"
"chr7","38042268","38042572","chr3","71600299","71600610","26","33558031"
"chr7","38102377","38102503","chr14","78509185","78509312","16","40406808"
"chr7","38104178","38104482","chr3","71537004","71537314","31","33432826"
"chr7","38124764","38124894","chr19","7938276","7938409","14","30186488"
"chr7","38125057","38125170","chr2","149745994","149746108","23","111620937"
"chr7","38154434","38154707","chr3","71489157","71489419","33","33334723"
"chr7","38158938","38159079","chr1","221479214","221479348","25","183320276"
"chr7","38166270","38166578","chr16","31747351","31747659","33","6418919"
"chr7","38170235","38170527","chr17","81802759","81803050","27","43632524"
"chr7","38174453","38174751","chr16","49561590","49561896","35","11387137"
"chr7","38184917","38185155","chr5","159217902","159218096","73","121032985"
"chr7","38188594","38188895","chr6","136798827","136799128","35","98610233"
"chr7","38206334","38206633","chr5","128034254","128034552","38","89827920"
"chr7","38211646","38211950","chr3","71431658","71431956","30","33220012"
"chr7","38235474","38235774","chr3","71406783","71407083","26","33171309"
"chr7","38317946","38318248","chr3","71323497","71323804","30","33005551"
"chr7","38330036","38330344","chr3","71310658","71310968","29","32980622"
"chr7","38358303","38358604","chr3","71281976","71282272","35","32923673"
"chr7","38433894","38434171","chr3","71206716","71206998","30","32772822"
"chr7","38529109","38529390","chr7","44347486","44347773","39","5818377"
"chr7","38584132","38584439","chr13","91796778","91797079","44","53212646"
"chr7","38609443","38609749","chr1","38412022","38412324","38","197421"
"chr7","38788553","38788858","chr3","70814689","70814996","34","32026136"
"chr7","38819730","38820013","chr18","22166417","22166702","27","16653313"
"chr7","38865566","38865873","chr3","70729397","70729697","34","31863831"
"chr7","38883840","38884144","chr3","70711490","70711789","31","31827650"
"chr7","38910623","38910933","chr3","70681485","70681806","32","31770862"
"chr7","38927228","38927526","chr3","70664989","70665287","31","31737761"
"chr7","38983236","38983533","chr1","210738800","210739095","45","171755564"
"chr7","39049215","39049496","chr3","70540440","70540714","41","31491225"
"chr7","39129652","39129927","chr14","7664868","7665141","41","31464784"
"chr7","39199053","39199351","chr3","70405939","70406244","31","31206886"
"chr7","39244410","39244603","chr1","925575","925775","33","38318835"
"chr7","39358758","39359057","chr1","160634862","160635165","37","121276104"
"chr7","39569810","39570086","chr3","70048722","70049000","17","30478912"
