"chr1","76545917","76546224","chr1","76015429","76015737","2","530488"
"chr1","52297617","52297872","chr1","51942654","51942910","2","354963"
"chr1","79429447","79429740","chr1","78817937","78818233","5","611510"
"chr1","82968409","82968639","chr19","12785312","12785542","37","70183097"
"chr1","191627129","191627430","chr1","190303840","190304143","7","1323289"
"chr1","894617","894822","chr1","907399","907606","6","12782"
"chr1","1012800","1012913","chr2B","199271339","199271453","26","198258539"
"chr1","1014536","1014830","chr1","1008010","1008304","6","6526"
"chr1","1021901","1022198","chr1","1015046","1015346","9","6855"
"chr1","1086136","1086443","chr1","30910823","30911130","2","29824687"
"chr1","1147396","1147635","chr1","1110248","1110478","11","37148"
"chr1","1334190","1334309","chr2B","205936995","205937106","24","204602805"
"chr1","1426351","1426510","chrX","65801999","65802155","34","64375648"
"chr1","1430178","1430469","chr1","1389232","1389524","3","40946"
"chr1","1490404","1490637","chr16","82463334","82463567","32","80972930"
"chr1","1505407","1505709","chr1","1500911","1501216","7","4496"
"chr1","1505974","1506112","chr12","118030190","118030337","30","116524216"
"chr1","1512856","1513063","chr4","130338232","130338442","33","128825376"
"chr1","1536833","1537107","chr19","41761603","41761879","57","40224770"
"chr1","1608293","1608587","chr1","1605694","1605986","9","2599"
"chr1","1670377","1670667","chr1","1668662","1668952","12","1715"
"chr1","1687437","1687536","chr3","181238196","181238292","30","179550759"
"chr1","1702693","1702876","chr7","42760636","42760821","34","41057943"
"chr1","1709493","1709793","chr1","1711802","1712091","13","2309"
"chr1","1732971","1733272","chr1","1735330","1735631","2","2359"
"chr1","1736483","1736616","chr11","62337631","62337761","15","60601148"
"chr1","1736923","1737094","chr11","43973183","43973348","28","42236260"
"chr1","1768240","1768352","chr5","172392908","172393028","26","170624668"
"chr1","1831810","1832103","chr3","15176094","15176391","42","13344284"
"chr1","1876785","1876920","chr4","28030717","28030863","31","26153932"
"chr1","1882314","1882588","chr3","137579329","137579612","44","135697015"
"chr1","1882643","1882653","chr1","28547144","28547162","9","26664501"
"chr1","1922478","1922684","chr14","19786423","19786634","37","17863945"
"chr1","2044096","2044252","chr19","11449566","11449724","20","9405470"
"chr1","2063879","2063992","chr2B","199271339","199271453","25","197207460"
"chr1","2160595","2160881","chr2A","102832601","102832883","56","100672006"
"chr1","2518628","2518930","chr1","150047438","150047733","45","147528810"
"chr1","2853622","2853807","chr4","26666455","26666626","33","23812833"
"chr1","3356668","3356977","chr1","3361877","3362183","6","5209"
"chr1","3540125","3540286","chr1","3553410","3553569","3","13285"
"chr1","3605530","3605855","chr1","3622383","3622707","3","16853"
"chr1","3606731","3607027","chr1","3623835","3624119","14","17104"
"chr1","3633549","3633844","chr1","3653755","3654052","3","20206"
"chr1","3679933","3680215","chr1","3696924","3697212","7","16991"
"chr1","3733711","3734017","chr4","110446954","110447253","59","106713243"
"chr1","3777244","3777450","chr12","111138858","111139070","44","107361614"
"chr1","3845642","3845934","chr3","183720328","183720621","33","179874686"
"chr1","4048531","4048834","chr6","96715123","96715434","42","92666592"
"chr1","4173777","4174070","chr1","4252469","4252762","7","78692"
"chr1","4263230","4263531","chr1","4342504","4342806","7","79274"
"chr1","4578056","4578148","chr13","24059413","24059502","16","19481357"
"chr1","4711191","4711492","chr1","4802751","4803052","0","91560"
"chr1","4818082","4818299","chr22","39938694","39938922","33","35120612"
"chr1","4822813","4822913","chr12","12586014","12586108","16","7763201"
"chr1","5062096","5062217","chr2B","207026815","207026935","24","201964719"
"chr1","5539137","5539447","chr1","5489562","5489871","3","49575"
"chr1","5580549","5580655","chr20","16652596","16652702","20","11072047"
"chr1","5752822","5753082","chr1","5705986","5706249","6","46836"
"chr1","5928035","5928247","chr17","75281131","75281341","31","69353096"
"chr1","6081936","6082214","chr1","6047330","6047614","6","34606"
"chr1","6142230","6142268","chr2A","48506210","48506246","7","42363980"
"chr1","6219222","6219519","chr1","6185414","6185711","2","33808"
"chr1","6225899","6225993","chr7","43381927","43382018","25","37156028"
"chr1","6244575","6244878","chr1","6210636","6210940","1","33939"
"chr1","6319304","6319610","chr1","6287057","6287362","2","32247"
"chr1","6394768","6395059","chr11","116909477","116909766","37","110514709"
"chr1","6411723","6411883","chr1","6385589","6385749","4","26134"
"chr1","6417449","6417591","chr2A","32693701","32693835","21","26276252"
"chr1","6419089","6419265","chr3","145547243","145547422","27","139128154"
"chr1","6455006","6455290","chr1","13633216","13633513","31","7178210"
"chr1","6492077","6492382","chr1","6471363","6471669","2","20714"
"chr1","6495071","6495363","chr20","44511345","44511640","29","38016274"
"chr1","6538204","6538341","chr14","19704020","19704152","14","13165816"
"chr1","6557287","6557455","chr2B","222600073","222600242","20","216042786"
"chr1","6581844","6581961","chr2B","199271339","199271453","26","192689495"
"chr1","6597930","6598140","chr12","25051697","25051909","30","18453767"
"chr1","6633410","6633709","chr1","6613014","6613304","11","20396"
"chr1","6636724","6637032","chr1","6616323","6616637","11","20401"
"chr1","6647658","6647699","chr18","17282170","17282223","16","10634512"
"chr1","6663874","6663994","chr5","172392908","172393028","19","165729034"
"chr1","6677410","6677639","chr8","97111219","97111439","65","90433809"
"chr1","6698368","6698673","chr7","100720207","100720514","38","94021839"
"chr1","6718202","6718444","chr10","124426664","124426914","36","117708462"
"chr1","6735308","6735415","chr20","16652596","16652702","26","9917288"
"chr1","6759127","6759426","chr1","6738650","6738954","10","20477"
"chr1","6769735","6770034","chr1","6749440","6749743","4","20295"
"chr1","6772759","6772955","chr1","26136510","26136710","36","19363751"
"chr1","6885740","6885813","chr3","181238196","181238292","32","174352456"
"chr1","6892771","6893072","chr1","6872563","6872864","1","20208"
"chr1","6899154","6899460","chr1","6878946","6879255","3","20208"
"chr1","6910417","6910707","chr1","6890588","6890878","2","19829"
"chr1","6946206","6946385","chr1","214728525","214728704","29","207782319"
"chr1","6946676","6946809","chr1","29278377","29278505","12","22331701"
"chr1","7019541","7019829","chr1","6999104","6999394","4","20437"
"chr1","7229489","7229631","chr4","124694263","124694406","20","117464774"
"chr1","7569500","7569799","chr1","7560794","7561091","5","8706"
"chr1","7605878","7605987","chr2B","199271339","199271453","26","191665461"
"chr1","7705874","7706181","chr1","7699429","7699712","26","6445"
"chr1","7843151","7843446","chr1","7837375","7837674","4","5776"
"chr1","7844686","7844991","chr3","41525902","41526211","45","33681216"
"chr1","7922362","7922622","chr1","7919015","7919275","2","3347"
"chr1","7966023","7966117","chr14","100673591","100673682","18","92707568"
"chr1","7971923","7972213","chr2A","63086723","63087016","34","55114800"
"chr1","8056026","8056309","chr1","8055861","8056146","3","165"
"chr1","8079695","8079788","chr22","33938435","33938535","16","25858740"
"chr1","8081914","8081976","chr1","78713287","78713337","27","70631373"
"chr1","8101528","8101838","chr1","8102063","8102374","4","535"
"chr1","8136127","8136215","chr8","96175546","96175623","27","88039419"
"chr1","8143887","8144035","chr4","149843795","149843946","24","141699908"
"chr1","8232554","8232884","chr1","8239509","8239832","9","6955"
"chr1","8242673","8242961","chr1","8251824","8252115","3","9151"
"chr1","8243862","8244037","chrX","101684279","101684447","27","93440417"
"chr1","8256353","8256659","chr13","48954932","48955233","47","40698579"
"chr1","8286818","8287116","chr1","8301978","8302276","3","15160"
"chr1","8299978","8300253","chr1","8315003","8315278","1","15025"
"chr1","8301473","8301766","chr1","8316468","8316761","3","14995"
"chr1","8336797","8337073","chr20","38649218","38649504","33","30312421"
"chr1","8390707","8391004","chr1","8413787","8414085","3","23080"
"chr1","8396854","8396982","chr5","172392908","172393028","28","163996054"
"chr1","8435498","8435730","chr16","55480972","55481196","37","47045474"
"chr1","8437997","8438296","chr1","8463864","8464164","3","25867"
"chr1","8497019","8497313","chr1","8521731","8522030","5","24712"
"chr1","8701425","8701716","chr1","8727360","8727686","37","25935"
"chr1","8724403","8724555","chr10","13121102","13121251","45","4396699"
"chr1","8761120","8761440","chr1","171059733","171060042","50","162298613"
"chr1","8819471","8819755","chr14","78305044","78305331","38","69485573"
"chr1","8827773","8828077","chr1","8857584","8857894","10","29811"
"chr1","8860059","8860170","chr20","16652596","16652702","26","7792537"
"chr1","8928963","8929190","chr15","62202474","62202703","32","53273511"
"chr1","8959753","8959842","chr8","46091691","46091777","12","37131938"
"chr1","8960224","8960522","chr1","8990775","8991073","1","30551"
"chr1","8985560","8985856","chr19","11555774","11556069","35","2570214"
"chr1","8999340","8999517","chr1","9034068","9034247","2","34728"
"chr1","9028236","9028312","chr17","2787814","2787901","27","6240422"
"chr1","9046141","9046443","chr12","98660930","98661231","30","89614789"
"chr1","9076302","9076420","chr3","181143385","181143493","24","172067083"
"chr1","9087432","9087739","chr1","9121389","9121696","0","33957"
"chr1","9089467","9089587","chr2B","207026815","207026935","26","197937348"
"chr1","9105978","9106238","chr1","9141654","9141895","25","35676"
"chr1","9159641","9159944","chr1","9196922","9197225","0","37281"
"chr1","9182867","9183167","chr3","165032428","165032713","74","155849561"
"chr1","9219446","9219568","chr7","112797358","112797487","27","103577912"
"chr1","9225373","9225621","chr4","23215418","23215667","40","13990045"
"chr1","9266507","9266784","chr4","68302389","68302657","38","59035882"
"chr1","9268867","9269014","chr19","61741211","61741358","30","52472344"
"chr1","9283255","9283352","chr1","160944586","160944680","15","151661331"
"chr1","9399987","9400280","chr1","9500229","9500523","1","100242"
"chr1","9423029","9423180","chr3","139525923","139526071","16","130102894"
"chr1","9474404","9474537","chr1","6844228","6844361","20","2630176"
"chr1","9482288","9482417","chr7","112797358","112797487","17","103315070"
"chr1","9482568","9482879","chr19","10730078","10730385","41","1247510"
"chr1","9542759","9542932","chr10","94362436","94362625","51","84819677"
"chr1","9543836","9544138","chr1","9646744","9647045","2","102908"
"chr1","9609760","9609954","chr8","118521420","118521603","45","108911660"
"chr1","9610250","9610297","chr3","175848476","175848526","14","166238226"
"chr1","9616479","9616777","chr1","9724209","9724507","3","107730"
"chr1","9624930","9624996","chr19","17268802","17268857","28","7643872"
"chr1","9661640","9661697","chr8","128561247","128561313","16","118899607"
"chr1","9715099","9715395","chr1","9830311","9830608","2","115212"
"chr1","9746702","9746868","chr1","9862713","9862856","26","116011"
"chr1","9763823","9764125","chr1","9879542","9879843","1","115719"
"chr1","9772733","9773019","chr1","9887521","9887808","5","114788"
"chr1","9781146","9781304","chr11","17051026","17051186","36","7269880"
"chr1","9799130","9799317","chr1","29277911","29278085","37","19478781"
"chr1","9813204","9813323","chr8","15383887","15384002","27","5570683"
"chr1","9849597","9849908","chr1","9966764","9967075","2","117167"
"chr1","9877240","9877532","chr1","9994063","9994356","1","116823"
"chr1","9886147","9886239","chr3","181238196","181238292","24","171352049"
"chr1","9892858","9893086","chrX","41391610","41391836","34","31498752"
"chr1","9893243","9893523","chr1","10010936","10011231","17","117693"
"chr1","9914367","9914673","chr1","29189596","29189901","37","19275229"
"chr1","9926637","9926785","chrX","15935692","15935847","40","6009055"
"chr1","9927476","9927699","chr17","48072493","48072716","42","38145017"
"chr1","9938709","9938894","chr4","85851407","85851585","52","75912698"
"chr1","9944481","9944761","chrX","151784730","151785013","38","141840249"
"chr1","9951488","9951582","chr13","24059413","24059502","15","14107925"
"chr1","9982382","9982676","chr1","10104013","10104308","2","121631"
"chr1","9994217","9994306","chr3","181238196","181238292","24","171243979"
"chr1","10004753","10004797","chr6","73848264","73848305","14","63843511"
"chr1","10018002","10018105","chr3","181238196","181238292","26","171220194"
"chr1","10084307","10084622","chr9","35332164","35332473","48","25247857"
"chr1","10133408","10133530","chr7","112797358","112797487","27","102663950"
"chr1","10143132","10143439","chr1","10268700","10269008","1","125568"
"chr1","10149597","10149873","chr1","10276237","10276512","1","126640"
"chr1","10168683","10168966","chr7","158560178","158560463","39","148391495"
"chr1","10179051","10179344","chr1","10307692","10307984","1","128641"
"chr1","10192460","10192554","chr14","100673591","100673682","23","90481131"
"chr1","10244278","10244372","chr10","132095650","132095743","14","121851372"
"chr1","10256008","10256277","chr1","10388537","10388842","36","132529"
"chr1","10257360","10257672","chr1","10389956","10390268","2","132596"
"chr1","10304147","10304438","chr1","10437111","10437404","2","132964"
"chr1","10344636","10344764","chr8","26723415","26723536","26","16378779"
"chr1","10381796","10382091","chr1","10517273","10517568","1","135477"
"chr1","10390641","10390902","chr4","141001385","141001652","47","130610744"
"chr1","10406994","10407298","chr14","63609578","63609871","38","53202584"
"chr1","10430868","10431005","chr2A","32693701","32693835","26","22262833"
"chr1","10434054","10434343","chr1","10569450","10569733","16","135396"
"chr1","10450176","10450352","chr1","71500002","71500187","50","61049826"
"chr1","10451140","10451178","chr12","8241499","8241528","14","2209641"
"chr1","10546605","10546926","chr1","10688139","10688457","10","141534"
"chr1","10808345","10808634","chr4","4451611","4451901","35","6356734"
"chr1","10869519","10869813","chr1","11021036","11021332","2","151517"
"chr1","10988798","10989042","chr1","11140331","11140574","3","151533"
"chr1","10995224","10995376","chr1","11144142","11144294","0","148918"
"chr1","11017156","11017463","chr1","11165753","11166057","6","148597"
"chr1","11083112","11083221","chr17","1672879","1672986","21","9410233"
"chr1","11110653","11110945","chr1","11258735","11259033","7","148082"
"chr1","11205840","11206140","chr1","12893068","12893370","55","1687228"
"chr1","11252532","11252662","chr1","6844228","6844361","23","4408304"
"chr1","11261838","11262138","chr1","178709323","178709622","36","167447485"
"chr1","11265667","11265962","chr1","11416087","11416385","3","150420"
"chr1","11276259","11276529","chr1","11426996","11427266","0","150737"
"chr1","11333538","11333817","chr10","66104344","66104619","39","54770806"
"chr1","11409275","11409543","chr1","11567788","11568058","4","158513"
"chr1","11581999","11582297","chr1","11746688","11746989","11","164689"
"chr1","11615504","11615652","chr1","11780192","11780341","1","164688"
"chr1","11622001","11622112","chr2B","205936995","205937106","20","194314994"
"chr1","11645419","11645728","chr1","11810618","11810926","5","165199"
"chr1","11689642","11689935","chr13","59414047","59414342","33","47724405"
"chr1","11696763","11696857","chr1","29198910","29199002","12","17502147"
"chr1","11751993","11752282","chrX","91040435","91040723","47","79288442"
"chr1","11772856","11772968","chr3","181238196","181238292","28","169465340"
"chr1","11810509","11810810","chr13","47677834","47678138","41","35867325"
"chr1","11865175","11865486","chr1","12034592","12034903","6","169417"
"chr1","11867307","11867614","chr21","11859891","11860199","48","7416"
"chr1","11925727","11925868","chr19","38342116","38342260","19","26416389"
"chr1","11951127","11951428","chr1","12125462","12125768","6","174335"
"chr1","11966025","11966326","chr1","12138035","12138309","29","172010"
"chr1","11986398","11986710","chr1","12159161","12159482","16","172763"
"chr1","11997934","11998072","chr1","12171286","12171426","2","173352"
"chr1","12018117","12018269","chrX","71354640","71354795","26","59336523"
"chr1","12034698","12035006","chr1","12210194","12210505","4","175496"
"chr1","12073628","12073954","chr1","12245800","12246094","43","172172"
"chr1","12141330","12141467","chr12","6546624","6546764","22","5594706"
"chr1","12173191","12173409","chr1","12347825","12348043","1","174634"
"chr1","12205891","12206203","chr11","61523236","61523548","38","49317345"
"chr1","12248576","12248716","chr2A","32693701","32693835","32","20445125"
"chr1","12255223","12255511","chr6","156035558","156035849","45","143780335"
"chr1","12276010","12276191","chr1","12452350","12452532","8","176340"
"chr1","12451919","12452229","chr1","12630304","12630616","4","178385"
"chr1","12510850","12511024","chr1","134045753","134045928","45","121534903"
"chr1","12511345","12511448","chr6","163159049","163159165","31","150647704"
"chr1","12614522","12614580","chr19","17268802","17268857","26","4654280"
"chr1","12644446","12644544","chr3","181238196","181238292","28","168593750"
"chr1","12644565","12644647","chr14","100673591","100673682","20","88029026"
"chr1","12661068","12661365","chr1","12842251","12842548","4","181183"
"chr1","12679359","12679524","chr6","37846623","37846781","40","25167264"
"chr1","12688331","12688582","chr1","12869531","12869824","43","181200"
"chr1","12705554","12705863","chr19","11570934","11571243","33","1134620"
"chr1","12706641","12706760","chr18","46323703","46323831","29","33617062"
"chr1","12780849","12781144","chr1","12964690","12964985","0","183841"
"chr1","12810134","12810198","chr5","6432148","6432210","23","6377986"
"chr1","12811618","12811921","chr1","12995534","12995837","2","183916"
"chr1","13557999","13558086","chr3","181238196","181238292","28","167680197"
"chr1","13564613","13564693","chr10","4431800","4431887","32","9132813"
"chr1","13567014","13567118","chr3","198268184","198268291","22","184701170"
"chr1","13570805","13570921","chr1","13499751","13499867","10","71054"
"chr1","13606809","13606938","chr5","172392908","172393028","29","158786099"
"chr1","13620435","13620665","chr1","13547814","13548045","1","72621"
"chr1","13624706","13624864","chr17","76023064","76023234","41","62398358"
"chr1","13696997","13697247","chr1","13630945","13631196","4","66052"
"chr1","13698775","13699070","chr1","13629461","13629761","6","69314"
"chr1","13699260","13699555","chr1","13633216","13633513","6","66044"
"chr1","13983861","13984159","chr1","13920211","13920509","0","63650"
"chr1","14074858","14075160","chr1","14010733","14011037","4","64125"
"chr1","14091735","14091838","chr20","16652596","16652702","22","2560861"
"chr1","14136896","14137202","chr1","14078893","14079198","7","58003"
"chr1","14411637","14411934","chr1","14360823","14361113","8","50814"
"chr1","14435299","14435570","chr1","14384981","14385257","8","50318"
"chr1","14486464","14486641","chr22","28740299","28740471","29","14253835"
"chr1","14532064","14532185","chr5","172392908","172393028","30","157860844"
"chr1","14646919","14647211","chr1","14605331","14605623","0","41588"
"chr1","14714648","14714952","chr1","14672032","14672336","0","42616"
"chr1","14861483","14861625","chr1","14821967","14822109","0","39516"
"chr1","15116963","15117277","chr1","15083296","15083581","29","33667"
"chr1","15122618","15122914","chr1","15088952","15089256","9","33666"
"chr1","15127483","15127779","chr1","15093723","15094019","1","33760"
"chr1","15229094","15229257","chr10","12158041","12158205","27","3071053"
"chr1","15229754","15230066","chr1","15200753","15201060","9","29001"
"chr1","15240252","15240539","chr6","30425392","30425674","36","15185140"
"chr1","15297110","15297194","chr14","100673591","100673682","21","85376481"
"chr1","15424445","15424499","chr18","17282170","17282223","19","1857725"
"chr1","15505550","15505844","chr1","15483839","15484137","7","21711"
"chr1","15510291","15510587","chr9","127447515","127447807","51","111937224"
"chr1","15583729","15583852","chr5","172392908","172393028","31","156809179"
"chr1","15607267","15607424","chr1","15586901","15587060","2","20366"
"chr1","15643561","15643716","chr1","15623657","15623812","2","19904"
"chr1","15653078","15653207","chr1","10575679","10575809","13","5077399"
"chr1","15666671","15666964","chr1","15646927","15647217","4","19744"
"chr1","15704490","15704576","chr17","13332748","13332838","17","2371742"
"chr1","15716470","15716771","chr1","15697536","15697863","27","18934"
"chr1","15726604","15726696","chr3","181238196","181238292","20","165511592"
"chr1","15797838","15798048","chr7","156184570","156184783","33","140386732"
"chr1","15802856","15803118","chr1","15787746","15788008","3","15110"
"chr1","15813939","15814018","chr17","4261422","4261478","25","11552517"
"chr1","15839477","15839782","chr1","15825098","15825407","7","14379"
"chr1","15874834","15875127","chr3","66897020","66897313","34","51022186"
"chr1","15879731","15879867","chr4","28030717","28030863","30","12150986"
"chr1","15916401","15916463","chr11","128835234","128835282","17","112918833"
"chr1","15929503","15929661","chr9","111132158","111132304","33","95202655"
"chr1","15950139","15950219","chr3","46579108","46579189","9","30628969"
"chr1","15953069","15953357","chr1","15940828","15941117","3","12241"
"chr1","15956715","15956796","chr14","100673591","100673682","21","84716876"
"chr1","15961052","15961213","chr7","43484947","43485092","40","27523895"
"chr1","15976262","15976368","chr2B","199271339","199271453","25","183295077"
"chr1","15984498","15984792","chr1","15974174","15974468","2","10324"
"chr1","15987862","15988156","chr1","15978044","15978341","4","9818"
"chr1","15992813","15993052","chr6","164118978","164119199","50","148126165"
"chr1","15993678","15993984","chr1","15983526","15983834","4","10152"
"chr1","15997809","15997911","chr3","181238196","181238292","25","165240387"
"chr1","15999809","16000000","chr1","71500002","71500187","47","55500193"
"chr1","16000925","16001220","chr7","77001739","77002026","40","61000814"
"chr1","16022735","16022811","chr11","8774884","8774956","22","7247851"
"chr1","16089022","16089323","chr1","16078582","16078887","7","10440"
"chr1","16134626","16134927","chr1","16129810","16130120","14","4816"
"chr1","16155796","16156106","chr20","31780440","31780748","33","15624644"
"chr1","16231780","16231938","chr5","175990298","175990451","26","159758518"
"chr1","16266301","16266599","chr1","16262653","16262950","4","3648"
"chr1","16296786","16297059","chr1","16293139","16293412","1","3647"
"chr1","16332103","16332246","chr22","35041748","35041876","40","18709645"
"chr1","16412806","16412940","chr1","31310870","31311004","17","14898064"
"chr1","16413252","16413433","chr3","145547243","145547422","33","129133991"
"chr1","16427024","16427327","chr1","16432351","16432654","1","5327"
"chr1","16434532","16434702","chr1","16440083","16440253","1","5551"
"chr1","16451320","16451621","chr1","16452320","16452621","1","1000"
"chr1","16473229","16473469","chr4","177855196","177855428","37","161381967"
"chr1","16508234","16508448","chr1","16514260","16514472","5","6026"
"chr1","16548303","16548462","chr5","438717","438887","34","16109586"
"chr1","16563600","16563730","chr1","16571803","16571933","0","8203"
"chr1","16594379","16594543","chr19","6717167","6717332","24","9877212"
"chr1","16937893","16938205","chr1","16831852","16832140","34","106041"
"chr1","16963252","16963318","chr1","24064454","24064526","17","7101202"
"chr1","16994862","16995143","chr1","16892784","16893080","16","102078"
"chr1","16998401","16998700","chr1","16896339","16896639","3","102062"
"chr1","17000004","17000121","chr2B","199271339","199271453","23","182271335"
"chr1","17054702","17054999","chr1","16953687","16953984","9","101015"
"chr1","17084534","17084712","chr1","16983479","16983657","2","101055"
"chr1","17211493","17211749","chr1","17116361","17116617","7","95132"
"chr1","17221764","17221883","chr5","172392908","172393028","22","155171144"
"chr1","17232358","17232663","chr1","17135012","17135317","3","97346"
"chr1","17238450","17238740","chr2A","75762004","75762290","40","58523554"
"chr1","17313775","17313873","chr14","100673591","100673682","23","83359816"
"chr1","17320079","17320299","chr10","28552870","28553083","26","11232791"
"chr1","17324674","17324971","chr1","17227686","17227989","6","96988"
"chr1","17343165","17343469","chr1","17246742","17247049","30","96423"
"chr1","17345062","17345283","chr1","17248636","17248858","1","96426"
"chr1","17389003","17389308","chr15","63799592","63799883","69","46410589"
"chr1","17445418","17445542","chr6","156423498","156423620","13","138978080"
"chr1","17462458","17462767","chr1","17363530","17363839","0","98928"
"chr1","17468405","17468513","chr2A","62538961","62539069","25","45070556"
"chr1","17480394","17480499","chr22","33938435","33938535","22","16458041"
"chr1","17487137","17487304","chr11","43973183","43973348","33","26486046"
"chr1","17494299","17494599","chr1","17399445","17399748","7","94854"
"chr1","17496089","17496207","chr5","172392908","172393028","23","154896819"
"chr1","17498187","17498487","chr1","17403131","17403431","5","95056"
"chr1","17501111","17501266","chr14","39946334","39946481","20","22445223"
"chr1","17502782","17502922","chr13","22694842","22694978","36","5192060"
"chr1","17552062","17552371","chr7","91539964","91540267","45","73987902"
"chr1","17619679","17620016","chr11","727115","727427","59","16892564"
"chr1","18217447","18217757","chr1","18128493","18128812","12","88954"
"chr1","18674232","18674490","chr1","18605360","18605658","41","68872"
"chr1","18726965","18727056","chr8","143342833","143342924","10","124615868"
"chr1","18767853","18768081","chr1","18701888","18702138","22","65965"
"chr1","18775797","18776053","chr1","124399374","124399636","31","105623577"
"chr1","18858262","18858566","chr1","18792886","18793191","3","65376"
"chr1","19055862","19056168","chr1","18995279","18995586","2","60583"
"chr1","19113351","19113658","chr1","19053737","19054045","1","59614"
"chr1","19227264","19227335","chr1","33246348","33246407","31","14019084"
"chr1","19235424","19235724","chr1","19180058","19180358","3","55366"
"chr1","19297222","19297356","chr5","172392908","172393028","34","153095686"
"chr1","19299401","19299576","chr10","120372580","120372761","27","101073179"
"chr1","19355558","19355667","chr3","181144080","181144190","16","161788522"
"chr1","19385314","19385611","chr1","19334299","19334598","2","51015"
"chr1","19386107","19386230","chr8","26723415","26723536","20","7337308"
"chr1","19566990","19567296","chr14","41356791","41357097","38","21789801"
"chr1","19580256","19580439","chr8","84018854","84019036","18","64438598"
"chr1","19583020","19583327","chr1","19537960","19538265","2","45060"
"chr1","19612803","19612908","chr2A","62538961","62539069","22","42926158"
"chr1","19668129","19668439","chr1","19625750","19626063","11","42379"
"chr1","19710199","19710496","chr1","19669608","19669915","12","40591"
"chr1","19724731","19724835","chr20","16652596","16652702","22","3072135"
"chr1","19780984","19781226","chr2A","32253824","32254075","78","12472840"
"chr1","19801379","19801667","chr1","19772274","19772563","1","29105"
"chr1","19853568","19853859","chr1","19825410","19825700","3","28158"
"chr1","19860940","19860994","chr1","27390807","27390868","14","7529867"
"chr1","19869281","19869574","chr1","19841129","19841429","24","28152"
"chr1","19883580","19883858","chr22","43143911","43144188","32","23260331"
"chr1","19983217","19983458","chr13","107316841","107317078","39","87333624"
"chr1","20062193","20062503","chr1","20035032","20035340","5","27161"
"chr1","20065304","20065597","chr1","20038151","20038448","7","27153"
"chr1","20195693","20195996","chr1","20169169","20169477","7","26524"
"chr1","20366429","20366556","chr4","89635842","89635967","28","69269413"
"chr1","20558000","20558294","chr1","20535073","20535367","2","22927"
"chr1","20605635","20605938","chr1","20587160","20587463","2","18475"
"chr1","20630626","20630921","chr1","20612551","20612847","4","18075"
"chr1","20687692","20687900","chr4","176755200","176755409","1","156067508"
"chr1","20742898","20743206","chr1","20732120","20732427","7","10778"
"chr1","20751334","20751645","chr1","20740586","20740897","3","10748"
"chr1","20755003","20755301","chr1","20743650","20743949","3","11353"
"chr1","20789116","20789220","chr3","181238196","181238292","24","160449080"
"chr1","20807920","20808230","chr1","20800439","20800758","12","7481"
"chr1","20831722","20831817","chr9","95139174","95139270","14","74307452"
"chr1","20920565","20920854","chr1","20913903","20914192","0","6662"
"chr1","21018650","21018800","chr18","13921194","13921341","20","7097456"
"chr1","21070258","21070539","chr1","21064590","21064871","2","5668"
"chr1","21095222","21095522","chr1","160979595","160979897","50","139884373"
"chr1","21136077","21136334","chr17","13388958","13389211","25","7747119"
"chr1","21211897","21212192","chr1","21210680","21210976","2","1217"
"chr1","21224919","21225005","chr14","100673591","100673682","23","79448672"
"chr1","21290803","21291108","chr20","53890284","53890586","43","32599481"
"chr1","21581219","21581265","chr3","12945284","12945334","7","8635935"
"chr1","21703114","21703408","chr1","21537386","21537680","0","165728"
"chr1","21843945","21844242","chr1","21678215","21678512","0","165730"
"chr1","21855913","21856196","chr1","21690808","21691108","26","165105"
"chr1","21856515","21856819","chr1","21691109","21691419","6","165406"
"chr1","21915913","21916017","chr6","43748996","43749100","11","21833083"
"chr1","21922213","21922329","chr20","16652596","16652702","36","5269617"
"chr1","21922891","21923201","chr10","83310187","83310491","43","61387296"
"chr1","21930432","21930574","chr1","214242319","214242461","29","192311887"
"chr1","21932813","21933122","chr1","21770412","21770722","6","162401"
"chr1","21958408","21958628","chr1","21795239","21795459","6","163169"
"chr1","21966968","21967229","chr3","52453972","52454214","43","30487004"
"chr1","21967729","21967808","chr11","8774884","8774956","19","13192845"
"chr1","21968770","21969072","chr1","21806168","21806473","4","162602"
"chr1","21994274","21994566","chr19","10820333","10820621","34","11173941"
"chr1","22002346","22002648","chr11","76631408","76631704","47","54629062"
"chr1","22073142","22073276","chr14","19704020","19704152","15","2369122"
"chr1","22073602","22073763","chr17","65022846","65023010","26","42949244"
"chr1","22085466","22085767","chr1","129884150","129884444","41","107798684"
"chr1","22111465","22111766","chr1","21949805","21950110","5","161660"
"chr1","22117399","22117562","chr19","43064308","43064483","37","20946909"
"chr1","22140147","22140459","chr1","22006634","22006943","7","133513"
"chr1","22168959","22169229","chr1","22028374","22028644","2","140585"
"chr1","22202165","22202318","chr1","22062711","22062865","2","139454"
"chr1","22231040","22231341","chr1","22092082","22092382","2","138958"
"chr1","22245334","22245622","chr1","22106330","22106619","1","139004"
"chr1","22307774","22308064","chr1","22170559","22170849","1","137215"
"chr1","22320775","22321073","chr19","57934667","57934962","42","35613892"
"chr1","22458136","22458436","chr9","103993647","103993943","34","81535511"
"chr1","22495210","22495448","chr1","27041303","27041541","38","4546093"
"chr1","22525597","22525688","chr6","139829089","139829179","18","117303492"
"chr1","22578468","22578771","chr1","22443478","22443782","1","134990"
"chr1","22581693","22582007","chr1","22446710","22447024","5","134983"
"chr1","22623598","22623901","chr1","22489390","22489669","24","134208"
"chr1","22655381","22655491","chr2B","199271339","199271453","23","176615958"
"chr1","22821497","22821803","chr1","22694120","22694426","1","127377"
"chr1","23046163","23046456","chr1","22918928","22919221","2","127235"
"chr1","23059299","23059607","chr1","22931797","22932107","3","127502"
"chr1","23095148","23095417","chr1","22968964","22969233","1","126184"
"chr1","23124132","23124427","chr1","133159282","133159584","37","110035150"
"chr1","23127760","23128054","chr1","23002214","23002509","5","125546"
"chr1","23140229","23140526","chr2B","195647537","195647836","44","172507308"
"chr1","23332249","23332436","chr6","145004755","145004955","59","121672506"
"chr1","23434484","23434568","chr1","23266721","23266807","2","167763"
"chr1","23436071","23436241","chr7","100997716","100997899","44","77561645"
"chr1","23443615","23443892","chr19","7033643","7033918","40","16409972"
"chr1","23445647","23445951","chr2A","32710552","32710857","38","9264905"
"chr1","23456146","23456446","chr3","33494146","33494444","40","10038000"
"chr1","23467496","23467669","chr1","23301652","23301825","1","165844"
"chr1","23479503","23479629","chr16","73743066","73743197","26","50263563"
"chr1","23535114","23535424","chr1","23371431","23371741","0","163683"
"chr1","23543534","23543756","chr2B","169469371","169469593","32","145925837"
"chr1","23655256","23655384","chr8","26723415","26723536","25","3068159"
"chr1","23722336","23722477","chr12","31939089","31939232","25","8216753"
"chr1","23722778","23722936","chr22","16225217","16225380","25","7497561"
"chr1","23724040","23724194","chr10","35895830","35895980","32","12171790"
"chr1","23760580","23760760","chr4","2758356","2758526","32","21002224"
"chr1","23789739","23789860","chr2B","207026815","207026935","24","183237076"
"chr1","23812363","23812535","chr1","29277911","29278085","36","5465548"
"chr1","23822071","23822383","chr1","23661143","23661455","2","160928"
"chr1","23934609","23934914","chr1","23770750","23771060","7","163859"
"chr1","23947018","23947069","chr18","17282170","17282223","11","6664848"
"chr1","23960561","23960660","chr9","80389825","80389922","22","56429264"
"chr1","23999001","23999298","chrX","327965","328263","40","23671036"
"chr1","24014144","24014233","chr12","12586014","12586108","19","11428130"
"chr1","24017726","24017787","chr1","33246348","33246407","23","9228622"
"chr1","24028345","24028635","chr1","129337688","129337979","32","105309343"
"chr1","24055610","24055908","chr12","60436445","60436744","34","36380835"
"chr1","24058776","24059067","chr1","23902454","23902765","21","156322"
"chr1","24091784","24092097","chr1","23937043","23937351","9","154741"
"chr1","24168186","24168499","chr7","26274615","26274920","40","2106429"
"chr1","24209490","24209788","chr1","24061533","24061831","1","147957"
"chr1","24222926","24223213","chr1","24076266","24076547","9","146660"
"chr1","24294566","24294671","chr6","159074849","159074952","22","134780283"
"chr1","24333094","24333195","chr19","43898174","43898278","24","19565080"
"chr1","24390523","24390815","chr1","24246760","24247056","8","143763"
"chr1","24401362","24401657","chr2A","43503181","43503479","44","19101819"
"chr1","24443684","24443989","chr1","24298407","24298712","2","145277"
"chr1","24476069","24476372","chr1","24331009","24331313","4","145060"
"chr1","24557399","24557700","chr12","102720507","102720806","46","78163108"
"chr1","24604021","24604357","chr1","24460743","24461079","1","143278"
"chr1","24668728","24669064","chr1","24526259","24526567","35","142469"
"chr1","24706586","24706686","chr14","100673591","100673682","25","75967005"
"chr1","24756634","24756723","chr14","100673591","100673682","19","75916957"
"chr1","24784157","24784452","chr1","24645219","24645514","1","138938"
"chr1","24885336","24885635","chr1","24750020","24750317","5","135316"
"chr1","24886192","24886497","chr1","24750676","24750979","3","135516"
"chr1","24928852","24929165","chr11","46821835","46822123","54","21892983"
"chr1","24958650","24958936","chr1","24823476","24823760","6","135174"
"chr1","24964926","24965056","chr1","24829013","24829143","1","135913"
"chr1","24973754","24974055","chr1","24837992","24838293","2","135762"
"chr1","24999887","25000000","chr17","59059909","59060023","13","34060022"
"chr1","25059182","25059278","chr1","160944586","160944680","16","135885404"
"chr1","25124654","25124761","chr20","16652596","16652702","28","8472058"
"chr1","25146474","25146744","chr4","21286244","21286519","66","3860230"
"chr1","25267650","25267953","chr1","25137115","25137419","4","130535"
"chr1","25367180","25367475","chr1","25233233","25233531","5","133947"
"chr1","25391104","25391417","chr1","25257911","25258223","2","133193"
"chr1","25409595","25409897","chr1","25280123","25280425","4","129472"
"chr1","25429247","25429550","chr1","25299804","25300107","0","129443"
"chr1","25433964","25434093","chr15","81017045","81017179","20","55583081"
"chr1","25809274","25809563","chr4","51373465","51373764","39","25564191"
"chr1","25872218","25872525","chr20","28370346","28370647","54","2498128"
"chr1","25960635","25960920","chr20","44246999","44247282","42","18286364"
"chr1","26043821","26044097","chr1","25707751","25708027","1","336070"
"chr1","26068703","26068825","chr1","25732453","25732576","1","336250"
"chr1","26163995","26164125","chr1","25830186","25830316","2","333809"
"chr1","26203583","26203686","chr3","181238196","181238292","24","155034613"
"chr1","26243912","26244127","chr11","72841716","72841946","45","46597804"
"chr1","26273928","26274246","chr1","25944038","25944360","5","329890"
"chr1","26309371","26309681","chr1","25979647","25979959","4","329724"
"chr1","26336932","26337247","chr1","26009500","26009814","4","327432"
"chr1","26377834","26378090","chr1","26053023","26053299","20","324811"
"chr1","26392686","26392761","chr17","2787814","2787901","24","23604872"
"chr1","26412062","26412364","chr1","26087882","26088184","0","324180"
"chr1","26461473","26461723","chr9","114297614","114297869","33","87836141"
"chr1","26464799","26465108","chr1","26139781","26140089","5","325018"
"chr1","26465602","26465890","chr1","26140585","26140879","8","325017"
"chr1","26514129","26514311","chr10","120372580","120372761","27","93858451"
"chr1","26537084","26537272","chr5","76266656","76266847","31","49729572"
"chr1","26551050","26551163","chr2B","199271339","199271453","19","172720289"
"chr1","26576998","26577185","chr12","36320180","36320364","39","9743182"
"chr1","26585041","26585341","chr20","17979392","17979699","38","8605649"
"chr1","26585352","26585380","chr12","8241499","8241528","12","18343853"
"chr1","26585431","26585706","chr2A","32493889","32494163","42","5908458"
"chr1","26656542","26656842","chr1","26336280","26336579","1","320262"
"chr1","26712391","26712675","chr1","26391486","26391770","2","320905"
"chr1","26728438","26728535","chr14","100673591","100673682","20","73945153"
"chr1","26729570","26729654","chr14","100673591","100673682","25","73944021"
"chr1","26752862","26752955","chr1","160944586","160944680","19","134191724"
"chr1","26783953","26784127","chr19","59940840","59941010","34","33156887"
"chr1","26840537","26840835","chr2A","27802322","27802614","35","961785"
"chr1","26867322","26867613","chr1","26551874","26552165","2","315448"
"chr1","26948060","26948187","chr2B","207026815","207026935","28","180078755"
"chr1","26959287","26959597","chr1","26645685","26645995","3","313602"
"chr1","26963886","26963983","chr1","26647515","26647606","6","316371"
"chr1","26973015","26973121","chr8","26723757","26723867","20","249258"
"chr1","27005275","27005451","chr9","84762150","84762328","29","57756875"
"chr1","27030454","27030745","chr1","26715792","26716094","11","314662"
"chr1","27058084","27058380","chr6","44144038","44144338","28","17085954"
"chr1","27064427","27064727","chr1","53118077","53118382","39","26053650"
"chr1","27065294","27065515","chr1","26752515","26752736","2","312779"
"chr1","27158212","27158508","chr3","15176094","15176391","30","11982118"
"chr1","27190245","27190540","chr7","24739193","24739485","30","2451052"
"chr1","27190553","27190690","chr7","156274717","156274856","20","129084164"
"chr1","27192565","27192665","chr14","100673591","100673682","27","73481026"
"chr1","27258290","27258516","chr1","26943725","26943957","9","314565"
"chr1","27262120","27262315","chr19","54449281","54449473","23","27187161"
"chr1","27275266","27275395","chr6","107657505","107657632","29","80382239"
"chr1","27278543","27278849","chr1","26963679","26963985","0","314864"
"chr1","27280914","27281068","chr1","139360860","139361014","30","112079946"
"chr1","27329958","27330258","chr1","27017889","27018169","24","312069"
"chr1","27331890","27332196","chr1","27019800","27020106","1","312090"
"chr1","27343039","27343120","chr14","100673591","100673682","31","73330552"
"chr1","27375365","27375499","chr5","172392908","172393028","27","145017543"
"chr1","27441361","27441660","chr1","27128016","27128317","5","313345"
"chr1","27449899","27450207","chr1","27136256","27136563","3","313643"
"chr1","27464580","27464733","chr3","87640021","87640174","35","60175441"
"chr1","27486764","27487067","chr1","27177194","27177502","10","309570"
"chr1","27491882","27491986","chr3","181238196","181238292","26","153746314"
"chr1","27505007","27505313","chr6","22004313","22004626","29","5500694"
"chr1","27509903","27510032","chr4","51557575","51557711","22","24047672"
"chr1","27523798","27523892","chr18","52983305","52983403","20","25459507"
"chr1","27524209","27524381","chr20","47440272","47440448","31","19916063"
"chr1","27535297","27535607","chr1","27225556","27225865","3","309741"
"chr1","27538486","27538765","chr1","27228691","27228966","8","309795"
"chr1","27589951","27590253","chr1","27281261","27281565","2","308690"
"chr1","27618873","27619174","chr1","27310535","27310835","1","308338"
"chr1","27675661","27675956","chr1","27370985","27371283","6","304676"
"chr1","27769758","27769888","chr10","35805830","35805960","12","8036072"
"chr1","27785528","27785821","chr1","27485900","27486192","2","299628"
"chr1","27824231","27824537","chr1","27524497","27524803","0","299734"
"chr1","27836745","27836910","chr5","53922222","53922390","33","26085477"
"chr1","27849833","27850130","chr1","27550455","27550753","3","299378"
"chr1","27884844","27885138","chr1","27585318","27585614","2","299526"
"chr1","27928493","27928767","chr1","27628736","27629010","1","299757"
"chr1","27976952","27977246","chr3","56311232","56311527","51","28334280"
"chr1","27984017","27984153","chr1","214242319","214242461","27","186258302"
"chr1","28010286","28010494","chr17","17502591","17502798","39","10507695"
"chr1","28014929","28015088","chr2A","87901314","87901467","22","59886385"
"chr1","28024000","28024307","chr1","27725570","27725875","4","298430"
"chr1","28033397","28033696","chr1","215947788","215948086","56","187914391"
"chr1","28040205","28040498","chr1","27743354","27743648","1","296851"
"chr1","28046845","28047146","chr1","27750432","27750732","1","296413"
"chr1","28068828","28068958","chr1","27773718","27773848","1","295110"
"chr1","28081073","28081373","chr1","27786229","27786533","6","294844"
"chr1","28107931","28108233","chr1","27813060","27813363","1","294871"
"chr1","28112850","28113146","chr1","27817961","27818259","8","294889"
"chr1","28119513","28119584","chr1","27390807","27390868","19","728706"
"chr1","28158831","28159141","chr1","27865692","27866004","5","293139"
"chr1","28202357","28202551","chr14","49216011","49216187","58","21013654"
"chr1","28213444","28213565","chr2B","207026815","207026935","27","178813371"
"chr1","28220548","28220856","chr1","27929530","27929820","18","291018"
"chr1","28294898","28295154","chr1","28008187","28008443","0","286711"
"chr1","28313355","28313479","chr1","25732453","25732576","17","2580902"
"chr1","28313505","28313659","chr7","15507240","15507400","35","12806265"
"chr1","28382793","28383054","chr1","28099270","28099538","9","283523"
"chr1","28411976","28412061","chr14","100673591","100673682","24","72261615"
"chr1","28424428","28424743","chr1","28143179","28143494","1","281249"
"chr1","28520665","28520961","chr1","28242651","28242948","3","278014"
"chr1","28558720","28558867","chr2A","107195506","107195649","15","78636786"
"chr1","28575729","28575952","chr1","28299088","28299311","1","276641"
"chr1","28604414","28604720","chr1","28328051","28328377","21","276363"
"chr1","28642780","28643038","chr3","184989702","184989962","33","156346922"
"chr1","28651877","28651924","chr4","158528568","158528610","11","129876691"
"chr1","28661794","28661841","chr10","27042861","27042906","10","1618933"
"chr1","28665504","28665631","chr8","26723415","26723536","25","1942089"
"chr1","28698599","28698893","chr6","24591847","24592135","41","4106752"
"chr1","28711480","28711782","chr1","28439367","28439668","4","272113"
"chr1","28717714","28717824","chr10","101398659","101398772","23","72680945"
"chr1","28718638","28718943","chr1","28444396","28444707","9","274242"
"chr1","28723143","28723313","chr1","28448919","28449089","2","274224"
"chr1","28726896","28727089","chr1","161838143","161838343","31","133111247"
"chr1","28749874","28750019","chr16","19339749","19339897","25","9410125"
"chr1","28764723","28765012","chr12","100441721","100442008","39","71676998"
"chr1","28780640","28780877","chr18","16217686","16217931","37","12562954"
"chr1","28806055","28806359","chr4","22098886","22099187","38","6707169"
"chr1","28816211","28816373","chrUn_GL393523","256727","256892","52","28559484"
"chr1","28822581","28822717","chr2A","32693701","32693835","25","3871120"
"chr1","28867594","28867889","chr1","28600024","28600323","5","267570"
"chr1","28878757","28878802","chr16","21601017","21601061","15","7277740"
"chr1","28879858","28880079","chr3","48992472","48992683","32","20112614"
"chr1","28919313","28919409","chr3","181238196","181238292","26","152318883"
"chr1","28921560","28921679","chr17","13440536","13440654","29","15481024"
"chr1","28937331","28937466","chr2A","32693701","32693835","24","3756370"
"chr1","28941359","28941456","chr12","12586014","12586108","15","16355345"
"chr1","28948945","28949240","chr5","143100063","143100359","35","114151118"
"chr1","28955373","28955656","chr1","28689389","28689674","2","265984"
"chr1","28958256","28958320","chr19","783168","783226","12","28175088"
"chr1","28985683","28985793","chr2B","205936995","205937106","28","176951312"
"chr1","28996311","28996518","chr3","103534988","103535201","47","74538677"
"chr1","28997515","28997811","chr3","15176094","15176391","32","13821421"
"chr1","29031494","29031789","chr1","28773224","28773521","2","258270"
"chr1","29035972","29036141","chr4","84146256","84146422","28","55110284"
"chr1","29068713","29068979","chr1","28813768","28814049","22","254945"
"chr1","29084844","29084970","chr15","62181783","62181913","15","33096939"
"chr1","29141974","29142203","chr18","36703579","36703806","37","7561605"
"chr1","29157464","29157639","chrX","136843240","136843410","37","107685776"
"chr1","29183315","29183517","chr9","97028914","97029116","21","67845599"
"chr1","29203892","29204203","chrX","29364097","29364407","32","160205"
"chr1","29222768","29223060","chr1","28977954","28978246","1","244814"
"chr1","29262492","29262646","chr8","107433929","107434080","21","78171437"
"chr1","29287461","29287735","chr1","29043500","29043775","3","243961"
"chr1","29304483","29304699","chr3","140220150","140220362","39","110915667"
"chr1","29332713","29333023","chr1","29088776","29089086","4","243937"
"chr1","29343835","29344154","chr1","29100215","29100510","24","243620"
"chr1","29397976","29398155","chr4","84946316","84946498","28","55548340"
"chr1","29404002","29404082","chr1","226462979","226463056","15","197058977"
"chr1","29471897","29472005","chr3","181238196","181238292","35","151766299"
"chr1","29480322","29480576","chr1","62650417","62650659","42","33170095"
"chr1","29487811","29487973","chrX","155632548","155632709","22","126144737"
"chr1","29513624","29513920","chr1","148284440","148284734","31","118770816"
"chr1","29518506","29518806","chr1","29283099","29283400","2","235407"
"chr1","29572545","29572707","chr1","29336595","29336757","3","235950"
"chr1","29598724","29599022","chr1","29361842","29362141","2","236882"
"chr1","29690571","29690842","chr15","72453836","72454117","44","42763265"
"chr1","29690875","29690886","chr5","71437633","71437644","10","41746758"
"chr1","29920657","29920755","chr12","12586014","12586108","21","17334643"
"chr1","30194664","30194755","chr14","100673591","100673682","18","70478927"
"chr1","30202183","30202412","chr1","29969722","29969951","0","232461"
"chr1","30204029","30204337","chr1","29971569","29971879","2","232460"
"chr1","30902249","30902454","chr1","30677341","30677548","5","224908"
"chr1","30926164","30926448","chr1","30702035","30702320","3","224129"
"chr1","31004820","31004934","chr2B","205936995","205937106","21","174932175"
"chr1","31162414","31162534","chr8","26723415","26723536","25","4438999"
"chr1","31225439","31225618","chr20","54094540","54094721","35","22869101"
"chr1","31270937","31271026","chr1","160944586","160944680","20","129673649"
"chr1","31322524","31322822","chr1","31125908","31126208","4","196616"
"chr1","31325594","31325903","chrX","70939475","70939784","42","39613881"
"chr1","31335400","31335691","chr1","31139392","31139683","1","196008"
"chr1","31389206","31389347","chr19","16572394","16572527","20","14816812"
"chr1","31397280","31397446","chr1","54397545","54397708","35","23000265"
"chr1","31398109","31398413","chr1","31204342","31204643","4","193767"
"chr1","31403075","31403314","chr19","11826111","11826347","40","19576964"
"chr1","31427445","31427736","chr1","31234697","31235021","34","192748"
"chr1","31435106","31435401","chr1","62530096","62530389","53","31094990"
"chr1","31463033","31463324","chr1","31273083","31273373","9","189950"
"chr1","31478405","31478672","chr9","35757479","35757743","48","4279074"
"chr1","31492485","31492712","chr1","31303043","31303270","1","189442"
"chr1","31497402","31497701","chr1","31306900","31307201","3","190502"
"chr1","31504782","31504834","chr7","80951699","80951753","16","49446917"
"chr1","31509431","31509743","chr1","31320101","31320413","1","189330"
"chr1","31514667","31514942","chr1","31325345","31325649","30","189322"
"chr1","31607815","31608117","chr7","54598400","54598703","33","22990585"
"chr1","31633137","31633439","chrX","37546933","37547235","27","5913796"
"chr1","31639080","31639403","chr1","31452421","31452744","2","186659"
"chr1","31701054","31701194","chr1","170633084","170633228","29","138932030"
"chr1","31743554","31743623","chr1","130379185","130379250","19","98635631"
"chr1","31775309","31775613","chr1","31592636","31592945","7","182673"
"chr1","31781896","31782027","chr1","31599209","31599335","7","182687"
"chr1","31827152","31827269","chr9","80389825","80389922","31","48562673"
"chr1","31955898","31955982","chr8","46091691","46091777","18","14135793"
"chr1","32107441","32107742","chr20","2515068","2515358","42","29592373"
"chr1","32167144","32167441","chr1","31993795","31994115","37","173349"
"chr1","32173308","32173550","chr1","32000175","32000452","35","173133"
"chr1","32174560","32174851","chr1","32001429","32001705","17","173131"
"chr1","32191625","32191744","chr5","172392908","172393028","30","140201283"
"chr1","32196863","32197152","chr1","32023824","32024113","0","173039"
"chr1","32273521","32273680","chr12","40340649","40340811","28","8067128"
"chr1","32295611","32295869","chr1","32126967","32127225","1","168644"
"chr1","32317588","32317782","chr14","69811700","69811899","30","37494112"
"chr1","32349173","32349514","chr10","23793828","23794158","62","8555345"
"chr1","32364241","32364333","chr15","71901000","71901099","18","39536759"
"chr1","32380369","32380496","chr1","32214152","32214279","0","166217"
"chr1","32382783","32382901","chr12","45595653","45595772","27","13212870"
"chr1","32388322","32388411","chr14","100673591","100673682","12","68285269"
"chr1","32403431","32403758","chr12","110454661","110454961","60","78051230"
"chr1","32419267","32419369","chr3","181238196","181238292","22","148818929"
"chr1","32423677","32423975","chr1","32258607","32258905","1","165070"
"chr1","32439985","32440271","chr1","32276137","32276430","10","163848"
"chr1","32446557","32446854","chr1","32282731","32283030","8","163826"
"chr1","32453325","32453645","chr1","32289474","32289794","3","163851"
"chr1","32454092","32454185","chr22","33938435","33938535","18","1484343"
"chr1","32458031","32458327","chr1","32294183","32294480","3","163848"
"chr1","32463935","32464011","chr3","122317918","122317994","6","89853983"
"chr1","32480265","32480550","chr1","32316744","32317037","24","163521"
"chr1","32487828","32488123","chr1","32325406","32325706","5","162422"
"chr1","32519935","32520236","chr3","33494146","33494444","31","974211"
"chr1","32522528","32522746","chr11","8969520","8969734","31","23553008"
"chr1","32535504","32535643","chr8","112933585","112933727","31","80398081"
"chr1","32555431","32555494","chr1","33246348","33246407","22","690917"
"chr1","32576219","32576553","chr1","32417425","32417759","3","158794"
"chr1","32582003","32582185","chr1","32423616","32423798","0","158387"
"chr1","32693218","32693393","chr6","42414698","42414867","30","9721480"
"chr1","32923320","32923395","chr11","8774884","8774956","21","24148436"
"chr1","32927924","32928143","chrX","77616848","77617066","33","44688924"
"chr1","32942096","32942404","chr1","32657302","32657628","20","284794"
"chr1","32972509","32972821","chr14","20392001","20392306","39","12580508"
"chr1","32993897","32994001","chr3","181143385","181143493","18","148149488"
"chr1","33025436","33025731","chr1","32744784","32745079","1","280652"
"chr1","33029483","33029653","chr1","32748831","32749003","2","280652"
"chr1","33030643","33030949","chr1","32750007","32750320","12","280636"
"chr1","33096586","33096883","chr1","32818126","32818424","2","278460"
"chr1","33097143","33097324","chr12","40741439","40741620","31","7644296"
"chr1","33105790","33106054","chr1","32824177","32824441","1","281613"
"chr1","33118594","33118843","chr1","32840122","32840373","3","278472"
"chr1","33133148","33133451","chr1","32855516","32855820","1","277632"
"chr1","33136511","33136683","chr17","13843105","13843274","34","19293406"
"chr1","33150033","33150176","chr7","156274717","156274856","17","123124684"
"chr1","33156512","33156635","chr7","112797358","112797487","34","79640846"
"chr1","33159344","33159643","chr5","79503620","79503923","30","46344276"
"chr1","33189433","33189722","chr1","32914288","32914577","3","275145"
"chr1","33240301","33240587","chr1","32970889","32971175","0","269412"
"chr1","33273420","33273732","chr10","121414619","121414927","34","88141199"
"chr1","33305907","33306197","chr1","33014225","33014517","2","291682"
"chr1","33322671","33322973","chr1","33031568","33031866","40","291103"
"chr1","33356249","33356379","chr14","62610265","62610395","15","29254016"
"chr1","33391130","33391225","chr3","181238196","181238292","25","147847066"
"chr1","33478762","33479067","chr1","33192243","33192550","2","286519"
"chr1","33520064","33520232","chr18","16129447","16129614","20","17390617"
"chr1","33523333","33523632","chr1","33237632","33237929","2","285701"
"chr1","33531466","33531664","chr1","33245888","33246086","0","285578"
"chr1","33544318","33544510","chr8","79288093","79288282","36","45743775"
"chr1","33592612","33592842","chr15","87286705","87286925","44","53694093"
"chr1","33879641","33879952","chr1","33595898","33596213","6","283743"
"chr1","33946274","33946596","chr1","33666239","33666552","12","280035"
"chr1","34451200","34451508","chr1","34174391","34174699","0","276809"
"chr1","34495242","34495543","chr5","175847427","175847733","62","141352185"
"chr1","34570109","34570411","chr1","34296269","34296573","6","273840"
"chr1","34676403","34676692","chr1","34403666","34403955","0","272737"
"chr1","34890134","34890206","chr2A","39227558","39227614","26","4337424"
"chr1","35041543","35041818","chr1","34777910","34778193","10","263633"
"chr1","35044599","35044890","chr1","34780956","34781248","4","263643"
"chr1","35151225","35151524","chr1","34885706","34886002","7","265519"
"chr1","35231563","35231729","chr1","34967086","34967252","0","264477"
"chr1","35436085","35436397","chr1","62209543","62209853","38","26773458"
"chr1","35438804","35439110","chr1","35184168","35184477","4","254636"
"chr1","35453334","35453488","chr14","54169995","54170134","43","18716661"
"chr1","35467467","35467640","chr11","47027602","47027777","25","11560135"
"chr1","35480918","35481094","chr1","35227193","35227369","2","253725"
"chr1","35492091","35492374","chr10","26586323","26586610","42","8905768"
"chr1","35499304","35499598","chr1","35245509","35245801","18","253795"
"chr1","35507988","35508298","chr9","127185568","127185877","38","91677580"
"chr1","35534306","35534451","chr1","35282240","35282385","1","252066"
"chr1","35536267","35536574","chr10","93112790","93113095","40","57576523"
"chr1","35573059","35573213","chr8","107433929","107434080","29","71860870"
"chr1","35595157","35595465","chr1","35346528","35346836","4","248629"
"chr1","35607725","35608026","chr1","35356670","35356965","23","251055"
"chr1","35612934","35613241","chr1","35362114","35362424","3","250820"
"chr1","35631691","35631979","chr1","35380709","35381003","7","250982"
"chr1","35653266","35653495","chr1","35402502","35402737","9","250764"
"chr1","35675102","35675448","chr16","29767670","29767990","77","5907432"
"chr1","35681074","35681205","chr2A","32693701","32693835","23","2987373"
"chr1","35684011","35684128","chr2B","205936995","205937106","26","170252984"
"chr1","35684127","35684231","chr22","33938435","33938535","12","1745692"
"chr1","35690714","35690845","chr2A","32693701","32693835","30","2997013"
"chr1","35751077","35751373","chr1","35502202","35502499","4","248875"
"chr1","35760994","35761291","chr1","35511556","35511866","16","249438"
"chr1","35764630","35764768","chr2B","216519456","216519594","17","180754826"
"chr1","35769111","35769417","chr1","35520312","35520618","4","248799"
"chr1","35779684","35779980","chr1","122161011","122161308","45","86381327"
"chr1","35837961","35838265","chr1","35591334","35591637","3","246627"
"chr1","35939055","35939362","chr1","35694613","35694920","0","244442"
"chr1","36091057","36091299","chr1","35844688","35844931","3","246369"
"chr1","36102313","36102594","chr22","43143911","43144188","29","7041598"
"chr1","36134212","36134511","chr5","62119881","62120180","46","25985669"
"chr1","36219203","36219516","chr1","35973646","35973955","6","245557"
"chr1","36226306","36226412","chr11","69767388","69767479","38","33541082"
"chr1","36236836","36237123","chr1","35992276","35992565","3","244560"
"chr1","36255375","36255643","chr1","36011717","36011992","9","243658"
"chr1","36276361","36276494","chr7","56321956","56322082","26","20045595"
"chr1","36383954","36384064","chr2B","205936995","205937106","21","169553041"
"chr1","36389020","36389333","chr1","36150622","36150942","9","238398"
"chr1","36431475","36431762","chr1","36193890","36194174","4","237585"
"chr1","36461513","36461809","chr1","36224817","36225125","12","236696"
"chr1","36465261","36465365","chr20","16652596","16652702","22","19812665"
"chr1","36494053","36494370","chr1","36257625","36257942","3","236428"
"chr1","36513833","36514146","chr1","36277514","36277824","6","236319"
"chr1","36515712","36516016","chr1","201992480","201992772","59","165476768"
"chr1","36625706","36625866","chr8","119345289","119345437","36","82719583"
"chr1","36633992","36634291","chr1","36407123","36407426","4","226869"
"chr1","36655226","36655496","chr1","36428838","36429126","18","226388"
"chr1","36703692","36703847","chr1","36480477","36480632","1","223215"
"chr1","36735193","36735503","chr20","30209180","30209483","33","6526013"
"chr1","36749197","36749505","chr1","36527774","36528082","0","221423"
"chr1","36755632","36755723","chr9","80389825","80389922","23","43634193"
"chr1","36856761","36857063","chr2B","205718922","205719222","35","168862161"
"chr1","36908362","36908663","chr1","36690191","36690493","5","218171"
"chr1","36956475","36956779","chr1","36740423","36740733","8","216052"
"chr1","37379951","37380241","chr1","36978948","36979238","2","401003"
"chr1","37505491","37505783","chr12","38141749","38142038","38","636258"
"chr1","37508206","37508493","chr1","37110147","37110435","3","398059"
"chr1","37580941","37581082","chr13","22694842","22694978","29","14886099"
"chr1","37947549","37947859","chr19","14143737","14144035","44","23803812"
"chr1","38045611","38045901","chr1","37654419","37654726","26","391192"
"chr1","38064755","38065008","chr7","109907962","109908212","36","71843207"
"chr1","38070743","38070915","chr1","29277911","29278085","25","8792832"
"chr1","38071164","38071304","chr9","122440954","122441094","16","84369790"
"chr1","38079780","38080089","chr1","37686823","37687133","5","392957"
"chr1","38109895","38110199","chr1","37717655","37717960","2","392240"
"chr1","38135615","38135880","chr1","37742864","37743157","28","392751"
"chr1","38153138","38153442","chr1","37760701","37761007","2","392437"
"chr1","38157580","38157909","chr1","37765413","37765742","2","392167"
"chr1","38173282","38173545","chr1","37781127","37781387","6","392155"
"chr1","38173620","38173747","chr5","172392908","172393028","23","134219288"
"chr1","38207234","38207480","chr1","37815755","37816001","4","391479"
"chr1","38209435","38209733","chr1","37817957","37818263","9","391478"
"chr1","38246047","38246354","chr1","37854996","37855307","6","391051"
"chr1","38347483","38347784","chr1","37958608","37958911","3","388875"
"chr1","38366419","38366674","chr1","37977720","37977976","1","388699"
"chr1","38366683","38366865","chr1","37977980","37978172","12","388703"
"chr1","38399814","38399988","chr11","24500003","24500188","35","13899811"
"chr1","38484627","38484908","chr1","38099644","38099948","24","384983"
"chr1","38491696","38491908","chr10","22610748","22610958","27","15880948"
"chr1","38493718","38493961","chr11","115373656","115373893","37","76879938"
"chr1","38501685","38501966","chrX","13556795","13557076","31","24944890"
"chr1","38504624","38504928","chr1","38120161","38120465","2","384463"
"chr1","38547501","38547790","chr1","38161229","38161518","3","386272"
"chr1","38556365","38556612","chr3","24256160","24256404","31","14300205"
"chr1","38597432","38597725","chr1","38211674","38211967","2","385758"
"chr1","38599528","38599781","chr1","62650417","62650659","45","24050889"
"chr1","38610110","38610396","chr19","52134706","52135002","64","13524596"
"chr1","38628355","38628591","chr19","46625726","46625951","37","7997371"
"chr1","38724954","38725267","chr1","214406077","214406389","44","175681123"
"chr1","39076364","39076546","chr1","16983479","16983657","52","22092885"
"chr1","39217076","39217303","chr8","142584449","142584675","30","103367373"
"chr1","39223746","39224084","chr1","38840760","38841068","30","382986"
"chr1","39273135","39273419","chr9","70679031","70679316","40","31405896"
"chr1","39442512","39442794","chr7","54606184","54606451","49","15163672"
"chr1","39448506","39448785","chr1","39065556","39065844","10","382950"
"chr1","39465387","39465703","chr1","39082476","39082794","5","382911"
"chr1","39468477","39468779","chr1","39085576","39085878","3","382901"
"chr1","39520943","39521244","chr1","39140309","39140613","4","380634"
"chr1","39528301","39528480","chr7","26269019","26269189","40","13259282"
"chr1","39551440","39551739","chr1","39172495","39172791","6","378945"
"chr1","39554312","39554613","chr1","39175846","39176154","10","378466"
"chr1","39559344","39559440","chr14","100673591","100673682","16","61114247"
"chr1","39563317","39563621","chr1","39184706","39185013","3","378611"
"chr1","39566441","39566544","chr3","181238196","181238292","22","141671755"
"chr1","39569574","39569865","chr1","39191547","39191838","1","378027"
"chr1","39587302","39587397","chr14","100673591","100673682","22","61086289"
"chr1","39634887","39635183","chr1","39259313","39259614","5","375574"
"chr1","39649812","39649895","chr17","2787814","2787901","12","36861998"
"chr1","39814067","39814250","chr2B","178740366","178740545","35","138926299"
"chr1","39857364","39857672","chr1","39507362","39507670","1","350002"
"chr1","39901086","39901384","chr8","115362948","115363242","60","75461862"
"chr1","39920033","39920315","chr1","39572344","39572626","1","347689"
"chr1","39978696","39978783","chr14","100673591","100673682","21","60694895"
"chr1","40048301","40048582","chr1","39702600","39702908","28","345701"
"chr1","40085051","40085336","chr1","39740373","39740658","3","344678"
"chr1","40114597","40114897","chr4","174635196","174635498","39","134520599"
"chr1","40167053","40167344","chr1","39826199","39826493","8","340854"
"chr1","40167538","40167824","chr1","39826687","39826974","2","340851"
"chr1","40168128","40168431","chr1","39826199","39826493","29","341929"
"chr1","40168650","40168944","chr1","39828176","39828482","14","340474"
"chr1","40192867","40193161","chr1","39852896","39853190","0","339971"
"chr1","40202963","40203068","chr2B","205936995","205937106","20","165734032"
"chr1","40364182","40364488","chr1","40031665","40031953","30","332517"
"chr1","40471413","40471715","chr1","40140828","40141130","1","330585"
"chr1","40474365","40474677","chr1","40143783","40144097","24","330582"
"chr1","40539486","40539711","chrX","68055348","68055581","42","27515862"
"chr1","40621219","40621484","chr2B","240263975","240264225","53","199642756"
"chr1","40625790","40626085","chr1","40300324","40300620","1","325466"
"chr1","40681034","40681132","chr14","100673591","100673682","21","59992557"
"chr1","40722807","40723100","chr1","40396949","40397244","7","325858"
"chr1","40740663","40740755","chr14","100673591","100673682","23","59932928"
"chr1","40821276","40821568","chr1","40499036","40499329","1","322240"
"chr1","40844316","40844418","chr14","100673591","100673682","21","59829275"
"chr1","40853267","40853559","chr4","22394086","22394382","31","18459181"
"chr1","40872367","40872523","chr7","15507240","15507400","28","25365127"
"chr1","40904930","40905060","chr15","62181783","62181913","11","21276853"
"chr1","41012216","41012426","chr1","40694955","40695174","10","317261"
"chr1","41051400","41051556","chr15","68404883","68405043","30","27353483"
"chr1","41053726","41054035","chr10","121414619","121414927","41","80360893"
"chr1","41057891","41058193","chr1","40744276","40744578","0","313615"
"chr1","41119055","41119198","chr2A","32693701","32693835","26","8425354"
"chr1","41184166","41184455","chr1","40872077","40872365","1","312089"
"chr1","41203549","41203856","chr3","52436022","52436316","64","11232473"
"chr1","41244985","41245290","chr1","40936179","40936484","5","308806"
"chr1","41308643","41308943","chr1","41001196","41001495","2","307447"
"chr1","41311506","41311817","chr1","41004872","41005181","6","306634"
"chr1","41408442","41408722","chr1","41102435","41102715","0","306007"
"chr1","41494737","41495027","chr1","110221506","110221798","30","68726769"
"chr1","41554834","41555148","chr1","41252424","41252733","6","302410"
"chr1","41555896","41556193","chr1","41253481","41253778","2","302415"
"chr1","41585870","41586029","chr4","143756620","143756779","31","102170750"
"chr1","41625255","41625528","chr6","5123555","5123823","48","36501700"
"chr1","41841733","41842044","chr1","41542484","41542794","8","299249"
"chr1","41845759","41846056","chr1","41546520","41546819","2","299239"
"chr1","41940547","41940764","chr8","58283181","58283407","47","16342634"
"chr1","42085175","42085473","chr1","41787470","41787769","2","297705"
"chr1","42178742","42179012","chr1","41876768","41877038","1","301974"
"chr1","42430454","42430575","chr19","20014001","20014129","29","22416453"
"chr1","42535439","42535578","chr6","84298883","84299012","25","41763444"
"chr1","42585416","42585706","chr1","42214445","42214736","2","370971"
"chr1","42607223","42607526","chr1","42236303","42236613","7","370920"
"chr1","42979294","42979579","chr1","42612718","42613004","2","366576"
"chr1","42987793","42988097","chr1","42621223","42621531","8","366570"
"chr1","43026673","43026785","chr10","101398659","101398772","26","58371986"
"chr1","43055760","43056064","chr1","42690379","42690683","0","365381"
"chr1","43132650","43132933","chr1","42769009","42769292","2","363641"
"chr1","43161795","43162091","chr1","42798669","42798969","5","363126"
"chr1","43239400","43239678","chr1","42879814","42880089","7","359586"
"chr1","43369798","43370088","chr1","43012998","43013288","0","356800"
"chr1","43429744","43430043","chr1","43073394","43073696","4","356350"
"chr1","43445627","43445917","chr1","43089338","43089628","7","356289"
"chr1","43459579","43459876","chr12","39081722","39082018","39","4377857"
"chr1","43558041","43558295","chr1","43203112","43203367","3","354929"
"chr1","43654998","43655281","chr1","43301484","43301770","7","353514"
"chr1","43674856","43675160","chr1","43321272","43321571","16","353584"
"chr1","43862151","43862313","chr11","43973183","43973348","29","111032"
"chr1","43928438","43928665","chr19","20492736","20492955","38","23435702"
"chr1","43954291","43954457","chr22","16225217","16225380","23","27729074"
"chr1","44077482","44077782","chr1","43714070","43714371","2","363412"
"chr1","44169594","44169876","chr9","68279069","68279355","51","24109475"
"chr1","44176957","44177259","chr1","43816108","43816410","12","360849"
"chr1","44193119","44193433","chr1","43832391","43832687","19","360728"
"chr1","44225489","44225800","chr1","17227686","17227989","52","26997803"
"chr1","44397874","44398173","chrX","133429533","133429831","55","89031659"
"chr1","44404678","44404847","chr2B","166169100","166169263","43","121764422"
"chr1","44404855","44405020","chr19","6717167","6717332","26","37687688"
"chr1","44407453","44407747","chr1","44052507","44052801","1","354946"
"chr1","44482724","44483018","chr3","15176094","15176391","34","29306630"
"chr1","44601120","44601428","chr4","87380271","87380575","36","42779151"
"chr1","44614522","44614534","chr1","28547144","28547162","10","16067378"
"chr1","44796665","44796829","chrX","101684279","101684447","26","56887614"
"chr1","44826094","44826363","chr2B","143235168","143235435","54","98409074"
"chr1","44875506","44875622","chr3","181143385","181143493","31","136267879"
"chr1","44876852","44876947","chr9","80389825","80389922","19","35512973"
"chr1","44905430","44905598","chr6","37299122","37299292","21","7606308"
"chr1","44906409","44906691","chr19","5678180","5678467","35","39228229"
"chr1","45021239","45021552","chr1","44680838","44681149","4","340401"
"chr1","45044111","45044284","chr6","31499828","31500000","20","13544283"
"chr1","45062516","45062816","chr1","44723241","44723544","8","339275"
"chr1","45377756","45377908","chr1","45049966","45050124","8","327790"
"chr1","45390112","45390244","chr16","73743066","73743197","36","28352954"
"chr1","45403736","45403862","chr12","110328271","110328400","24","64924535"
"chr1","45416462","45416472","chr1","28547144","28547162","9","16869318"
"chr1","45416510","45416613","chr2B","142240066","142240170","27","96823556"
"chr1","45418369","45418449","chr8","46091691","46091777","23","673322"
"chr1","45433216","45433513","chr1","45107017","45107309","7","326199"
"chr1","45438382","45438502","chr6","156423498","156423620","19","110985116"
"chr1","45489755","45489934","chr1","129379917","129380093","57","83890162"
"chr1","45495230","45495336","chr3","181143385","181143493","24","135648155"
"chr1","45500001","45500116","chr9","122440275","122440408","31","76940274"
"chr1","45508389","45508675","chr4","2512784","2513065","53","42995605"
"chr1","45535739","45536030","chr1","45210627","45210923","7","325112"
"chr1","45550659","45550887","chr3","48992472","48992683","49","3441813"
"chr1","45550888","45550942","chr1","33246348","33246407","20","12304540"
"chr1","45554235","45554474","chr12","62516811","62517050","33","16962576"
"chr1","45570818","45570926","chr3","181143385","181143493","24","135572567"
"chr1","45590157","45590262","chr20","16652596","16652702","23","28937561"
"chr1","45592028","45592148","chr2B","207026815","207026935","30","161434787"
"chr1","45596039","45596128","chr14","100673591","100673682","18","55077552"
"chr1","45648921","45649054","chr6","84298883","84299012","20","38649962"
"chr1","45650745","45651061","chr3","156982436","156982745","51","111331691"
"chr1","45674058","45674368","chr1","45354350","45354657","4","319708"
"chr1","45704291","45704396","chr3","181143385","181143493","26","135439094"
"chr1","45705291","45705350","chr4","51756017","51756071","18","6050726"
"chr1","45776515","45776811","chr1","45457367","45457665","4","319148"
"chr1","45797786","45798089","chr20","29414416","29414717","49","16383370"
"chr1","45809159","45809469","chr1","45491307","45491620","15","317852"
"chr1","45813324","45813482","chr1","45495489","45495649","3","317835"
"chr1","45893490","45893800","chr1","45577271","45577581","9","316219"
"chr1","45898107","45898404","chr1","45580066","45580365","3","318041"
"chr1","45935769","45936089","chr7","68678940","68679254","55","22743171"
"chr1","45941211","45941385","chr6","37846623","37846781","46","8094588"
"chr1","46117470","46117572","chr22","33938435","33938535","17","12179035"
"chr1","46172742","46172909","chr19","59940840","59941010","26","13768098"
"chr1","46173429","46173508","chr14","100673591","100673682","24","54500162"
"chr1","46182754","46183046","chr1","45877791","45878083","1","304963"
"chr1","46202189","46202517","chr11","124214338","124214646","57","78012149"
"chr1","46218177","46218240","chr18","17282170","17282223","14","28936007"
"chr1","46239148","46239440","chr1","45934197","45934491","2","304951"
"chr1","46318966","46319260","chr1","46016425","46016720","7","302541"
"chr1","46329252","46329530","chr1","46027175","46027460","8","302077"
"chr1","46330764","46331062","chr1","46028700","46028998","2","302064"
"chr1","46346022","46346336","chr1","46044378","46044687","5","301644"
"chr1","46351983","46352200","chr1","46050369","46050586","2","301614"
"chr1","46406567","46406691","chr5","172392908","172393028","26","125986341"
"chr1","46410521","46410625","chr3","181238196","181238292","25","134827675"
"chr1","46424337","46424480","chr2A","32693701","32693835","35","13730636"
"chr1","46505781","46506080","chr1","46206789","46207086","3","298992"
"chr1","46552530","46552703","chrX","136843240","136843410","30","90290710"
"chr1","46568460","46568597","chr5","14780945","14781085","27","31787515"
"chr1","46598090","46598363","chr1","46301406","46301679","1","296684"
"chr1","46607005","46607310","chr1","46309232","46309523","15","297773"
"chr1","46636903","46637193","chr2A","88339562","88339855","36","41702659"
"chr1","46638440","46638745","chr13","78069323","78069644","73","31430883"
"chr1","46734156","46734264","chr9","103499746","103499854","12","56765590"
"chr1","46749711","46750009","chr1","46456915","46457218","5","292796"
"chr1","46750585","46750882","chr1","46457794","46458094","3","292791"
"chr1","46763551","46763829","chr1","46471014","46471317","26","292537"
"chr1","46764581","46764874","chr17","58114546","58114845","38","11349965"
"chr1","46767432","46767532","chr22","33938435","33938535","18","12828997"
"chr1","46769433","46769733","chr12","111863778","111864077","38","65094345"
"chr1","46776487","46776620","chr1","46484701","46484838","5","291786"
"chr1","46819641","46819950","chr2B","167387827","167388136","35","120568186"
"chr1","46894057","46894083","chr12","8241499","8241528","9","38652558"
"chr1","46894109","46894262","chr4","149843795","149843946","20","102949686"
"chr1","46909532","46909826","chr8","39509907","39510199","51","7399625"
"chr1","46975300","46975597","chr1","46683226","46683523","1","292074"
"chr1","46980374","46980669","chr1","46688579","46688877","7","291795"
"chr1","46996569","46996862","chr18","27229273","27229564","35","19767296"
"chr1","47019984","47020159","chr1","46731994","46732169","0","287990"
"chr1","47033304","47033616","chr1","46745340","46745652","1","287964"
"chr1","47074637","47074820","chr1","46787207","46787390","0","287430"
"chr1","47244832","47245135","chr3","5045433","5045734","40","42199399"
"chr1","47283840","47284152","chr1","47000969","47001280","5","282871"
"chr1","47316332","47316641","chr1","47033993","47034302","0","282339"
"chr1","47704252","47704370","chr2B","205936995","205937106","25","158232743"
"chr1","48063098","48063195","chr9","80389825","80389922","18","32326727"
"chr1","48094780","48094974","chr1","47649765","47649957","2","445015"
"chr1","48121707","48121984","chr6","140455682","140455957","45","92333975"
"chr1","48123425","48123714","chr1","47679446","47679738","5","443979"
"chr1","48128985","48129115","chrX","97546574","97546704","10","49417589"
"chr1","48138223","48138424","chr9","105335908","105336108","38","57197685"
"chr1","48140581","48140873","chr1","47697176","47697473","5","443405"
"chr1","48147421","48147704","chr6","137134722","137135006","42","88987301"
"chr1","48172877","48173201","chr7","21803022","21803340","44","26369855"
"chr1","48277509","48277810","chr1","47839537","47839838","0","437972"
"chr1","48346486","48346595","chr1","182725129","182725248","23","134378643"
"chr1","48506675","48506851","chr19","59940840","59941010","29","11434165"
"chr1","48810587","48810706","chr2B","199271339","199271453","31","150460752"
"chr1","49210740","49211063","chr1","48779563","48779885","1","431177"
"chr1","49251641","49251944","chr1","48820171","48820476","3","431470"
"chr1","49340468","49340779","chr3","48791084","48791385","47","549384"
"chr1","49377232","49377540","chr1","48953515","48953831","9","423717"
"chr1","49473276","49473453","chr1","29277911","29278085","30","20195365"
"chr1","49610833","49611143","chr8","123062869","123063179","49","73452036"
"chr1","49732848","49733149","chr1","49312822","49313123","0","420026"
"chr1","49904558","49904860","chr1","49486993","49487295","1","417565"
"chr1","50498286","50498397","chr2A","62538961","62539069","20","12040675"
"chr1","50678098","50678396","chr1","50269526","50269825","2","408572"
"chr1","50817509","50817809","chr1","50432805","50433106","1","384704"
"chr1","51088688","51088745","chr4","51756017","51756071","12","667329"
"chr1","51368142","51368452","chr11","23188469","23188780","41","28179673"
"chr1","51370912","51371201","chr1","50990797","50991088","4","380115"
"chr1","51395787","51395910","chr1","51015562","51015704","19","380225"
"chr1","51396493","51396620","chr5","102669239","102669366","14","51272746"
"chr1","51419019","51419129","chr2A","62538961","62539069","19","11119942"
"chr1","51420685","51420995","chr1","51041135","51041446","6","379550"
"chr1","51457121","51457270","chr1","11780192","11780341","22","39676929"
"chr1","51499880","51500000","chr4","89635842","89635967","30","38135962"
"chr1","51508800","51509009","chr2A","39227293","39227501","34","12281507"
"chr1","51581205","51581324","chr5","172392908","172393028","26","120811703"
"chr1","51594720","51595020","chr1","51219361","51219661","2","375359"
"chr1","51615409","51615713","chr1","51240013","51240317","3","375396"
"chr1","51672199","51672497","chr3","201637717","201638015","39","149965518"
"chr1","51672510","51672795","chr1","51298307","51298591","2","374203"
"chr1","51704798","51705115","chr1","51330614","51330936","7","374184"
"chr1","51740566","51740867","chr1","51367300","51367602","6","373266"
"chr1","51807290","51807603","chr6","138446760","138447068","40","86639470"
"chr1","51840697","51840988","chr1","51469690","51470001","22","371007"
"chr1","51870250","51870563","chr7","37939508","37939818","39","13930742"
"chr1","51878722","51878799","chr11","8774884","8774956","17","43103838"
"chr1","51904573","51904868","chr1","51533087","51533383","3","371486"
"chr1","51905906","51906203","chr1","51534421","51534718","1","371485"
"chr1","51996434","51996673","chr1","51627883","51628122","2","368551"
"chr1","51997822","51998004","chr3","37511028","37511205","38","14486794"
"chr1","51998299","51998402","chr8","13846378","13846495","32","38151921"
"chr1","52005020","52005123","chr2B","142240066","142240170","27","90235046"
"chr1","52050654","52050953","chrUn_GL393535","225655","225952","34","51824999"
"chr1","52206514","52206789","chr8","48989736","48990004","36","3216778"
"chr1","52232497","52232798","chr1","51873601","51873901","3","358896"
"chr1","52274955","52275269","chr1","51915948","51916261","6","359007"
"chr1","52286362","52286456","chr1","51928140","51928235","2","358222"
"chr1","52315595","52315900","chr1","51962304","51962609","2","353291"
"chr1","52320307","52320392","chr13","24059413","24059502","20","28260894"
"chr1","52330998","52331128","chr7","37375019","37375148","14","14955979"
"chr1","52357470","52357769","chr1","52001608","52001907","16","355862"
"chr1","52461670","52461804","chr5","172392908","172393028","39","119931238"
"chr1","52470539","52470842","chr1","52116031","52116334","0","354508"
"chr1","52513022","52513338","chr1","52158584","52158896","5","354438"
"chr1","52519602","52519674","chr1","52165174","52165246","0","354428"
"chr1","52558529","52558693","chr1","52206468","52206632","2","352061"
"chr1","52599994","52600293","chr1","52247631","52247930","3","352363"
"chr1","52629355","52629658","chr1","52276983","52277284","2","352372"
"chr1","52631527","52631620","chr14","100673591","100673682","25","48042064"
"chr1","52718306","52718600","chr7","66849030","66849321","36","14130724"
"chr1","52743401","52743705","chr1","52393640","52393943","3","349761"
"chr1","52746814","52747112","chr13","30185139","30185437","44","22561675"
"chr1","52756313","52756414","chr20","16652596","16652702","20","36103717"
"chr1","52880812","52881116","chr1","52422931","52423234","1","457881"
"chr1","52881742","52882037","chr7","73315479","73315773","45","20433737"
"chr1","52908271","52908573","chr1","52450493","52450800","11","457778"
"chr1","52959274","52959379","chr20","16652596","16652702","24","36306678"
"chr1","52973669","52973790","chr2B","207026815","207026935","23","154053146"
"chr1","53018480","53018782","chr1","52564404","52564710","5","454076"
"chr1","53270075","53270227","chr12","988970","989128","15","52281105"
"chr1","53306668","53306976","chr1","52849993","52850300","3","456675"
"chr1","53310274","53310583","chr1","52853594","52853897","11","456680"
"chr1","53316060","53316375","chr1","52859401","52859713","8","456659"
"chr1","53317187","53317500","chr1","52860533","52860837","10","456654"
"chr1","53371827","53372137","chr1","52915053","52915366","3","456774"
"chr1","53399756","53399843","chr8","46091691","46091777","14","7308065"
"chr1","53409559","53409842","chr1","52952965","52953272","33","456594"
"chr1","53520223","53520343","chr5","172392908","172393028","24","118872685"
"chr1","53558629","53558735","chr20","16652596","16652702","25","36906033"
"chr1","53559426","53559725","chr1","53118077","53118382","9","441349"
"chr1","53572199","53572513","chr21","18113674","18113983","37","35458525"
"chr1","53589826","53590138","chr1","53149802","53150114","5","440024"
"chr1","53591154","53591235","chr8","46091691","46091777","18","7499463"
"chr1","53656785","53657063","chr1","53223146","53223433","10","433639"
"chr1","53695812","53695972","chr1","53262619","53262779","9","433193"
"chr1","53700034","53700341","chr1","53266859","53267166","0","433175"
"chr1","53710690","53710998","chr1","53276245","53276554","8","434445"
"chr1","53721513","53721631","chr5","172392908","172393028","23","118671395"
"chr1","53726713","53726865","chr7","64425846","64425993","21","10699133"
"chr1","53760362","53760651","chr1","53329931","53330217","5","430431"
"chr1","53776661","53776977","chr10","66250416","66250725","40","12473755"
"chr1","53792577","53792791","chr20","3760605","3760811","30","50031972"
"chr1","53834477","53834768","chr1","53407453","53407751","9","427024"
"chr1","53838650","53838946","chr1","53412472","53412773","9","426178"
"chr1","53885794","53886099","chr1","53461418","53461745","25","424376"
"chr1","53914445","53914740","chr1","53490363","53490659","2","424082"
"chr1","53929921","53930220","chr9","70812251","70812546","28","16882330"
"chr1","54100462","54100747","chr1","53676918","53677203","0","423544"
"chr1","54114036","54114205","chr11","43973183","43973348","31","10140853"
"chr1","54190427","54190483","chr8","98467409","98467450","25","44276982"
"chr1","54206005","54206304","chr4","130416876","130417152","70","76210871"
"chr1","54269042","54269337","chr1","53847541","53847839","5","421501"
"chr1","54344076","54344383","chr1","53923109","53923406","11","420967"
"chr1","54579982","54580281","chr1","54166160","54166463","6","413822"
"chr1","54642449","54642574","chr10","101398659","101398772","38","46756210"
"chr1","54657313","54657539","chr6","164118978","164119199","37","109461665"
"chr1","54661605","54661905","chr1","54252262","54252558","4","409343"
"chr1","54677776","54678078","chr1","54268525","54268835","8","409251"
"chr1","54732379","54732680","chrX","54667015","54667313","49","65364"
"chr1","54780031","54780139","chr3","181238196","181238292","30","126458165"
"chr1","54804598","54804967","chr10","92647388","92647762","77","37842790"
"chr1","54923307","54923634","chr10","26433100","26433408","47","28490207"
"chr1","54932854","54933161","chr20","53890284","53890586","68","1042570"
"chr1","55035667","55035777","chr2B","205936995","205937106","22","150901328"
"chr1","55071941","55072234","chr1","54682769","54683052","11","389172"
"chr1","55102754","55102896","chr7","156274717","156274856","16","101171963"
"chr1","55263202","55263511","chr1","54878354","54878673","11","384848"
"chr1","55286098","55286180","chr3","181238196","181238292","23","125952098"
"chr1","55294108","55294142","chr3","48388384","48388414","15","6905724"
"chr1","55304927","55305232","chr1","54923477","54923783","9","381450"
"chr1","55333402","55333706","chr1","54952522","54952826","1","380880"
"chr1","55336798","55336905","chr6","159074849","159074952","24","103738051"
"chr1","55347276","55347550","chr22","19540316","19540583","52","35806960"
"chr1","55385622","55385928","chr5","116268351","116268650","46","60882729"
"chr1","55391315","55391628","chr1","55012353","55012666","3","378962"
"chr1","55416111","55416347","chr10","772641","772873","44","54643470"
"chr1","55418672","55418977","chr1","55040630","55040934","3","378042"
"chr1","55449157","55449456","chr12","12966475","12966767","40","42482682"
"chr1","55507154","55507280","chr8","26723415","26723536","27","28783739"
"chr1","55517956","55518248","chr1","55143204","55143504","15","374752"
"chr1","55820597","55820890","chr1","55445399","55445692","1","375198"
"chr1","55941322","55941516","chr9","130783245","130783432","42","74841923"
"chr1","56046013","56046312","chr1","55667790","55668086","4","378223"
"chr1","56062211","56062506","chr1","55684010","55684311","9","378201"
"chr1","56127867","56128167","chr1","55751332","55751633","2","376535"
"chr1","56140709","56140947","chr1","55763918","55764159","19","376791"
"chr1","56259981","56260238","chr6","125445838","125446090","42","69185857"
"chr1","56425657","56425762","chr6","159074849","159074952","14","102649192"
"chr1","57009447","57009755","chr1","56522321","56522611","20","487126"
"chr1","57240851","57241149","chr1","56757766","56758065","3","483085"
"chr1","57563129","57563430","chr1","57085585","57085889","3","477544"
"chr1","57574854","57575118","chr6","34391046","34391314","46","23183808"
"chr1","57581114","57581416","chr1","57104013","57104317","5","477101"
"chr1","57593829","57594134","chr1","57116853","57117158","4","476976"
"chr1","57628306","57628605","chr1","57151877","57152176","0","476429"
"chr1","57797404","57797690","chr1","57326052","57326376","38","471352"
"chr1","58028427","58028725","chr1","57567169","57567472","9","461258"
"chr1","58270259","58270556","chr1","57810815","57811112","2","459444"
"chr1","58473647","58473961","chr1","58017210","58017527","5","456437"
"chr1","59098229","59098532","chr1","58652157","58652464","8","446072"
"chr1","59182342","59182643","chr1","58737764","58738064","1","444578"
"chr1","59640810","59640930","chr7","112797358","112797487","25","53156548"
"chr1","59658340","59658640","chr1","59224035","59224335","1","434305"
"chr1","59710191","59710424","chr1","59277925","59278161","5","432266"
"chr1","60004738","60004934","chr11","106727756","106727949","33","46723018"
"chr1","60019970","60020282","chr1","59595896","59596208","2","424074"
"chr1","60161719","60161894","chr1","59738169","59738344","1","423550"
"chr1","60418844","60419138","chr1","59999678","59999973","3","419166"
"chr1","60564206","60564513","chr1","60146536","60146843","0","417670"
"chr1","60787124","60787412","chr18","18555827","18556115","37","42231297"
"chr1","60823596","60823939","chr1","60408108","60408420","35","415488"
"chr1","60994276","60994576","chr1","60580037","60580334","6","414239"
"chr1","61004080","61004197","chr8","26723415","26723536","23","34280665"
"chr1","61733973","61734284","chr1","61205212","61205516","11","528761"
"chr1","61747838","61748152","chr15","18702558","18702868","54","43045280"
"chr1","62021524","62021645","chr2B","205936995","205937106","29","143915471"
"chr1","62121818","62122125","chr1","61597890","61598198","1","523928"
"chr1","62263382","62263688","chr1","61742995","61743303","8","520387"
"chr1","62287838","62288009","chr2A","20509214","20509376","24","41778624"
"chr1","62465950","62466229","chr1","61948807","61949086","1","517143"
"chr1","62564518","62564676","chr1","62049270","62049428","1","515248"
"chr1","62599897","62600184","chr10","80448266","80448558","54","17848369"
"chr1","62697505","62697630","chr5","172392908","172393028","22","109695403"
"chr1","62719544","62719852","chr1","62209543","62209853","4","510001"
"chr1","62753705","62754035","chr14","48517416","48517719","67","14236289"
"chr1","62796395","62796510","chr7","112797358","112797487","23","50000963"
"chr1","62799855","62799967","chr3","181143385","181143493","23","118343530"
"chr1","62808779","62809077","chr1","62300382","62300678","4","508397"
"chr1","62826099","62826394","chr1","62317059","62317360","12","509040"
"chr1","62842388","62842677","chr1","62334642","62334931","0","507746"
"chr1","62891086","62891311","chr1","62385617","62385807","36","505469"
"chr1","62929114","62929418","chr3","188317272","188317569","45","125388158"
"chr1","62947556","62947853","chr1","62443151","62443452","9","504405"
"chr1","62991199","62991499","chr1","152324161","152324458","50","89332962"
"chr1","63002084","63002372","chr1","62500182","62500473","5","501902"
"chr1","63007519","63007723","chr1","62505798","62506007","10","501721"
"chr1","63085932","63086207","chr12","69229110","69229403","74","6143178"
"chr1","63091238","63091522","chr1","62589977","62590262","1","501261"
"chr1","63150582","63150822","chr1","62650417","62650659","4","500165"
"chr1","63182044","63182341","chr1","62682640","62682938","1","499404"
"chr1","63202651","63202829","chr1","62703196","62703374","0","499455"
"chr1","63211780","63212007","chr2A","68018325","68018546","40","4806545"
"chr1","63245864","63245979","chr2B","205936995","205937106","19","142691131"
"chr1","63275257","63275538","chr1","210559832","210560119","47","147284575"
"chr1","63289771","63290078","chr3","160512729","160513033","41","97222958"
"chr1","63322225","63322536","chr1","62825536","62825847","5","496689"
"chr1","63336585","63336889","chr1","62840228","62840538","9","496357"
"chr1","63366295","63366580","chr10","122778441","122778720","48","59412146"
"chr1","63693071","63693348","chr1","63201996","63202300","29","491075"
"chr1","63731621","63731928","chr1","63241030","63241336","2","490591"
"chr1","63818919","63819218","chr2A","32710552","32710857","43","31108367"
"chr1","63876154","63876459","chr1","63389864","63390170","1","486290"
"chr1","63994195","63994457","chr14","92804957","92805217","36","28810762"
"chr1","64040875","64041155","chr1","63555804","63556086","3","485071"
"chr1","64084895","64085187","chr1","63600294","63600588","4","484601"
"chr1","64209683","64209991","chr1","63724815","63725124","12","484868"
"chr1","64264657","64264943","chr1","63780786","63781076","8","483871"
"chr1","64356043","64356214","chr20","43145447","43145620","29","21210596"
"chr1","64357332","64357633","chr1","63873749","63874052","2","483583"
"chr1","64368186","64368289","chr22","33938435","33938535","17","30429751"
"chr1","64377671","64377969","chr1","63896028","63896326","3","481643"
"chr1","64448278","64448501","chr18","17290052","17290272","39","47158226"
"chr1","64448795","64448999","chr22","36434515","36434723","29","28014280"
"chr1","64453765","64453926","chr1","63974949","63975110","1","478816"
"chr1","64496917","64497103","chr1","64018774","64018960","0","478143"
"chr1","64698030","64698335","chr1","64221294","64221597","2","476736"
"chr1","64751042","64751158","chr5","172392908","172393028","24","107641866"
"chr1","64867700","64867995","chr1","64394522","64394819","3","473178"
"chr1","64876305","64876585","chr1","64403139","64403411","13","473166"
"chr1","65022189","65022497","chr1","64548082","64548379","16","474107"
"chr1","65039193","65039315","chr5","172392908","172393028","24","107353715"
"chr1","65412008","65412183","chr1","64862266","64862441","0","549742"
"chr1","65482858","65483168","chr7","150409458","150409752","63","84926600"
"chr1","65570171","65570279","chr20","16652596","16652702","20","48917575"
"chr1","65594182","65594486","chr1","65044870","65045174","1","549312"
"chr1","65776010","65776316","chr1","65224601","65224906","6","551409"
"chr1","65781663","65781882","chr17","37707269","37707489","31","28074394"
"chr1","65856629","65856712","chr14","100673591","100673682","18","34816962"
"chr1","65951562","65951874","chr1","65403230","65403546","8","548332"
"chr1","66128523","66128819","chr1","65582442","65582749","14","546081"
"chr1","66165542","66165836","chr9","129310030","129310323","62","63144488"
"chr1","66172812","66173104","chr1","65625407","65625700","3","547405"
"chr1","66199724","66200037","chr1","65653479","65653790","8","546245"
"chr1","66209200","66209322","chr2B","207026815","207026935","28","140817615"
"chr1","66253066","66253199","chr2A","32693701","32693835","31","33559365"
"chr1","66278008","66278309","chr6","65064817","65065115","60","1213191"
"chr1","66306669","66306957","chr1","65763108","65763398","22","543561"
"chr1","66318518","66318823","chr1","65775259","65775564","0","543259"
"chr1","66334014","66334321","chr10","119842218","119842516","41","53508204"
"chr1","66424394","66424689","chr10","93391235","93391531","35","26966841"
"chr1","66431820","66432113","chr13","20993235","20993531","33","45438585"
"chr1","66512055","66512365","chr1","65972171","65972474","8","539884"
"chr1","66573120","66573229","chr5","172392908","172393028","28","105819788"
"chr1","66575415","66575547","chr13","22694842","22694978","29","43880573"
"chr1","66609428","66609724","chr1","66071186","66071483","1","538242"
"chr1","66617427","66617729","chr1","66079195","66079496","2","538232"
"chr1","66886253","66886369","chr2B","199271339","199271453","25","132385086"
"chr1","67169294","67169593","chr1","66639646","66639945","5","529648"
"chr1","67296507","67296793","chr6","30425392","30425674","35","36871115"
"chr1","67373602","67373736","chr2A","32693701","32693835","29","34679901"
"chr1","67384774","67385068","chr6","36961924","36962223","57","30422850"
"chr1","67507430","67507692","chr1","66982243","66982505","0","525187"
"chr1","67775660","67775779","chr5","172392908","172393028","23","104617248"
"chr1","67899571","67899725","chr1","67381391","67381545","6","518180"
"chr1","68071502","68071806","chr1","67555887","67556196","11","515615"
"chr1","68145820","68146116","chr17","12950644","12950938","49","55195176"
"chr1","68428712","68428958","chr17","14375835","14376097","54","54052877"
"chr1","68463401","68463688","chr1","68094546","68094837","5","368855"
"chr1","68531111","68531205","chr3","181238196","181238292","28","112707085"
"chr1","68607043","68607343","chr1","67947157","67947462","6","659886"
"chr1","68699202","68699499","chr1","68125837","68126135","2","573365"
"chr1","68707799","68708095","chr1","68134812","68135113","7","572987"
"chr1","68778156","68778454","chr1","68205252","68205552","4","572904"
"chr1","68889160","68889468","chr1","68317738","68318046","1","571422"
"chr1","68925608","68925884","chr1","68354197","68354473","2","571411"
"chr1","69194816","69195041","chr1","68626812","68627040","3","568004"
"chr1","69215934","69216006","chr17","4261422","4261478","24","64954512"
"chr1","69311991","69312287","chr1","68744215","68744514","5","567776"
"chr1","69445309","69445612","chr1","68879355","68879659","2","565954"
"chr1","69454117","69454297","chr2B","178740366","178740545","22","109286249"
"chr1","69464901","69465193","chr1","68897951","68898246","3","566950"
"chr1","69475535","69475833","chr1","68908489","68908757","31","567046"
"chr1","69502114","69502424","chr1","68934239","68934542","8","567875"
"chr1","69808604","69808898","chr1","86245022","86245313","42","16436418"
"chr1","69828108","69828307","chr9","97028914","97029116","40","27200806"
"chr1","70087161","70087354","chr4","52108143","52108336","36","17979018"
"chr1","70090592","70090837","chr1","69517695","69517939","3","572897"
"chr1","70136768","70137049","chr1","69563700","69563981","5","573068"
"chr1","70185034","70185332","chr1","69621044","69621346","9","563990"
"chr1","70245567","70245802","chr1","69682388","69682623","2","563179"
"chr1","70325270","70325570","chr3","5045433","5045734","35","65279837"
"chr1","70650357","70650636","chr1","70093580","70093863","5","556777"
"chr1","70909245","70909557","chr1","70323660","70323970","4","585585"
"chr1","70945973","70946073","chr3","181238196","181238292","19","110292223"
"chr1","71181633","71181979","chr1","70597765","70598074","37","583868"
"chr1","71259134","71259424","chr1","70677150","70677441","2","581984"
"chr1","71397139","71397434","chr1","70816347","70816648","7","580792"
"chr1","71530377","71530658","chr8","45394771","45395043","50","26135606"
"chr1","71554096","71554390","chr1","70976882","70977184","9","577214"
"chr1","71605854","71606150","chr1","71025610","71025909","3","580244"
"chr1","71681581","71681889","chr1","71100681","71100989","7","580900"
"chr1","71759898","71760018","chr7","4130187","4130301","17","67629711"
"chr1","71982345","71982642","chr1","71403023","71403321","3","579322"
"chr1","72080302","72080513","chr21","12688625","12688835","24","59391677"
"chr1","72299151","72299268","chr8","26723415","26723536","29","45575736"
"chr1","72520652","72520697","chr10","27042861","27042906","6","45477791"
"chr1","72870974","72871071","chr13","24059413","24059502","35","48811561"
"chr1","73001834","73001978","chr10","92530394","92530537","27","19528560"
"chr1","73002005","73002141","chr9","80389077","80389207","15","7387072"
"chr1","73160432","73160720","chr1","148284440","148284734","34","75124008"
"chr1","73287761","73288076","chr1","72721479","72721793","3","566282"
"chr1","73432897","73433193","chr1","72867765","72868075","15","565132"
"chr1","73457553","73457852","chr1","72891326","72891625","4","566227"
"chr1","73582292","73582553","chr1","73018157","73018418","1","564135"
"chr1","74097884","74098181","chr1","73543301","73543622","27","554583"
"chr1","74131135","74131423","chr1","73574917","73575206","2","556218"
"chr1","74164051","74164359","chr1","73608758","73609071","9","555293"
"chr1","74467416","74467708","chr1","73916759","73917053","3","550657"
"chr1","74982655","74982876","chr1","74443397","74443621","3","539258"
"chr1","75042799","75043121","chr1","74503807","74504138","13","538992"
"chr1","75227048","75227351","chr1","74688714","74689017","0","538334"
"chr1","75738498","75738780","chr1","75201840","75202122","1","536658"
"chr1","76147550","76147833","chr3","200556220","200556500","29","124408670"
"chr1","76544390","76544679","chr1","76013902","76014191","0","530488"
"chr1","76655229","76655531","chr1","76126354","76126658","2","528875"
"chr1","76952622","76952906","chr5","35720548","35720838","37","41232074"
"chr1","76982327","76982613","chr1","76457333","76457619","0","524994"
"chr1","77625225","77625513","chr1","76988804","76989093","2","636421"
"chr1","77690850","77690940","chr8","46091691","46091777","20","31599159"
"chr1","77820399","77820653","chr1","77181890","77182144","1","638509"
"chr1","77823389","77823701","chr1","77184883","77185198","3","638506"
"chr1","77849104","77849373","chr1","77210138","77210412","6","638966"
"chr1","78528566","78528857","chr1","77893853","77894144","2","634713"
"chr1","78546086","78546313","chr1","77912168","77912393","5","633918"
"chr1","78630877","78631170","chr1","77999298","77999594","4","631579"
"chr1","78640636","78640943","chr1","78009073","78009382","3","631563"
"chr1","78644562","78644845","chr6","24546277","24546562","35","54098285"
"chr1","78823478","78823781","chr13","19276388","19276688","37","59547090"
"chr1","78828486","78828766","chr1","78199227","78199507","1","629259"
"chr1","78844856","78845164","chr1","78215587","78215898","5","629269"
"chr1","78944056","78944357","chr1","78316338","78316631","9","627718"
"chr1","79022118","79022343","chr1","78397016","78397243","2","625102"
"chr1","79027889","79028173","chr1","78403061","78403347","3","624828"
"chr1","79035886","79036181","chr1","78411067","78411370","12","624819"
"chr1","79079793","79080086","chr1","78458005","78458300","4","621788"
"chr1","79119988","79120146","chr1","54397545","54397708","30","24722443"
"chr1","79128490","79128597","chr3","181238196","181238292","33","102109706"
"chr1","79180674","79180983","chr1","78560235","78560542","3","620439"
"chr1","79272933","79273224","chr1","78654951","78655244","4","617982"
"chr1","79273657","79273789","chr17","17333596","17333726","18","61940061"
"chr1","79278202","79278506","chr1","78660470","78660779","9","617732"
"chr1","79294266","79294572","chr17","73789014","73789320","43","5505252"
"chr1","79296742","79296921","chr10","120372580","120372761","26","41075838"
"chr1","79313034","79313343","chr2A","99162924","99163233","38","19849890"
"chr1","79328208","79328383","chr1","78712886","78713070","10","615322"
"chr1","79361733","79361902","chr1","78747528","78747705","10","614205"
"chr1","79482481","79482645","chr1","78871015","78871180","1","611466"
"chr1","79517764","79518066","chr1","182722511","182722810","41","103204747"
"chr1","79637875","79638153","chr1","79030145","79030423","1","607730"
"chr1","79738109","79738376","chr3","70502550","70502828","59","9235559"
"chr1","79899704","79900003","chr5","170735650","170735937","66","90835946"
"chr1","79946080","79946382","chr1","79341654","79341955","6","604426"
"chr1","80884851","80885143","chr1","80226122","80226417","4","658729"
"chr1","81207589","81207891","chr1","80549183","80549484","8","658406"
"chr1","81420156","81420450","chr1","80766144","80766441","6","654012"
"chr1","81512923","81513078","chr1","80859582","80859737","0","653341"
"chr1","81583307","81583534","chr1","80930036","80930263","0","653271"
"chr1","81740970","81741195","chr1","81095715","81095941","6","645255"
"chr1","81889432","81889725","chr1","81245740","81246003","30","643692"
"chr1","82237771","82237969","chr8","84018854","84019036","46","1781083"
"chr1","82358980","82359294","chr1","81719086","81719403","3","639894"
"chr1","82554365","82554666","chr11","72876107","72876403","46","9678258"
"chr1","82687147","82687382","chr1","82043985","82044220","7","643162"
"chr1","82773549","82773876","chr1","82138315","82138642","2","635234"
"chr1","82846098","82846185","chr13","24059413","24059502","20","58786685"
"chr1","82851158","82851453","chr1","82216289","82216584","2","634869"
"chr1","82882539","82882837","chr1","82248839","82249138","2","633700"
"chr1","82883160","82883376","chr3","200711023","200711239","24","117827863"
"chr1","83038460","83038749","chr1","82416892","82417185","6","621568"
"chr1","83050601","83050915","chr1","82429051","82429357","27","621550"
"chr1","83050943","83051223","chr9","91334008","91334288","37","8283065"
"chr1","83156008","83156307","chr1","82536706","82537005","0","619302"
"chr1","83184765","83185067","chr1","82564325","82564627","4","620440"
"chr1","83282935","83283054","chr1","82662835","82662963","11","620100"
"chr1","83483145","83483446","chr1","82867846","82868147","7","615299"
"chr1","83508442","83508696","chr1","82893249","82893503","0","615193"
"chr1","83666437","83666673","chr1","83053507","83053751","10","612930"
"chr1","83669774","83670054","chr1","83056856","83057165","32","612918"
"chr1","83942169","83942286","chr5","172392908","172393028","33","88450739"
"chr1","84182882","84182969","chr13","24059413","24059502","18","60123469"
"chr1","84959173","84959497","chr14","57335778","57336107","46","27623395"
"chr1","85451256","85451514","chr1","84762173","84762431","2","689083"
"chr1","85728116","85728390","chr1","85043393","85043685","18","684723"
"chr1","85894337","85894624","chr1","85211768","85212055","2","682569"
"chr1","85954240","85954531","chr1","85271889","85272172","12","682351"
"chr1","86209923","86210219","chr1","85529761","85530056","3","680162"
"chr1","86224678","86224981","chr1","85545434","85545737","1","679244"
"chr1","86300040","86300347","chr1","85621330","85621635","2","678710"
"chr1","86402451","86402581","chr10","90658128","90658258","9","4255677"
"chr1","86481711","86481806","chr1","85806716","85806811","1","674995"
"chr1","86484478","86484812","chr1","28143179","28143494","55","58341299"
"chr1","86517651","86517803","chr17","62476454","62476615","31","24041197"
"chr1","86577203","86577477","chr1","85903130","85903406","3","674073"
"chr1","86589239","86589528","chr1","85915360","85915649","1","673879"
"chr1","86645903","86646215","chr1","51361529","51361841","41","35284374"
"chr1","86719338","86719639","chr7","19911811","19912111","37","66807527"
"chr1","86725297","86725591","chr1","86053657","86053954","4","671640"
"chr1","86828704","86829006","chr1","86157129","86157432","2","671575"
"chr1","86904164","86904388","chr1","86236661","86236888","3","667503"
"chr1","86912502","86912792","chr1","86245022","86245313","4","667480"
"chr1","86951062","86951340","chr16","49126413","49126688","51","37824649"
"chr1","86978665","86978948","chr1","86312281","86312574","14","666384"
"chr1","87041592","87041908","chr1","86376633","86376940","11","664959"
"chr1","87284719","87284987","chr1","86622987","86623258","10","661732"
"chr1","87458123","87458342","chr1","129385965","129386195","31","41927842"
"chr1","87509540","87509837","chr13","29635769","29636062","28","57873771"
"chr1","87679764","87680070","chr1","87020997","87021305","2","658767"
"chr1","87931872","87932174","chr1","87290922","87291230","6","640950"
"chr1","87934110","87934240","chr16","73743066","73743197","29","14191044"
"chr1","87946042","87946352","chr1","87305076","87305386","11","640966"
"chr1","87998259","87998556","chr1","87352086","87352385","8","646173"
"chr1","88089183","88089466","chr8","78387501","78387784","36","9701682"
"chr1","88170902","88171008","chr14","100673591","100673682","31","12502689"
"chr1","88201350","88201457","chr5","172392908","172393028","24","84191558"
"chr1","88234746","88234865","chr1","87599106","87599219","6","635640"
"chr1","88244981","88245112","chr1","87609363","87609493","1","635618"
"chr1","88278553","88278828","chr1","87642954","87643230","1","635599"
"chr1","88318175","88318295","chr5","172392908","172393028","25","84074733"
"chr1","88449588","88449904","chr1","29189596","29189901","49","59259992"
"chr1","88554765","88555048","chr14","93491904","93492189","58","4937139"
"chr1","88741090","88741245","chr12","38831500","38831656","20","49909590"
"chr1","89390146","89390431","chr1","88711827","88712114","3","678319"
"chr1","89425995","89426198","chr6","53851640","53851842","29","35574355"
"chr1","90151896","90152191","chr1","89479945","89480241","3","671951"
"chr1","90229992","90230303","chr4","161667646","161667944","47","71437654"
"chr1","90284200","90284499","chr1","89612007","89612306","3","672193"
"chr1","90317863","90318010","chr2A","32693701","32693835","43","57624162"
"chr1","90441555","90441668","chr5","172392908","172393028","25","81951353"
"chr1","90443152","90443445","chr1","129337688","129337979","39","38894536"
"chr1","90461982","90462293","chr1","89791524","89791839","6","670458"
"chr1","90478839","90478956","chr5","172392908","172393028","15","81914069"
"chr1","90545908","90546189","chr1","89880814","89881095","1","665094"
"chr1","90997995","90998276","chr1","90336376","90336659","3","661619"
"chr1","91060985","91061242","chr1","90399815","90400072","0","661170"
"chr1","91187485","91187755","chr1","90527321","90527626","38","660164"
"chr1","91198793","91198959","chr10","60549934","60550093","46","30648859"
"chr1","91361800","91362019","chr1","90702149","90702368","1","659651"
"chr1","91373741","91374038","chr1","90714619","90714918","6","659122"
"chr1","91387674","91387971","chr6","110552134","110552427","33","19164460"
"chr1","91390252","91390540","chr17","3864989","3865283","35","87525263"
"chr1","91393301","91393603","chr1","90734849","90735151","0","658452"
"chr1","91435649","91435806","chr6","135618254","135618409","32","44182605"
"chr1","91545723","91546008","chr1","90888880","90889165","1","656843"
"chr1","91675761","91676066","chr1","91018831","91019136","3","656930"
"chr1","91852955","91853165","chr1","91201185","91201400","7","651770"
"chr1","92197927","92198233","chr1","91549761","91550069","3","648166"
"chr1","92281226","92281317","chr1","26647515","26647606","17","65633711"
"chr1","92355543","92355849","chr17","36965471","36965769","32","55390072"
"chr1","92473916","92474045","chr8","26723415","26723536","27","65750501"
"chr1","92639081","92639373","chr1","91996520","91996819","8","642561"
"chr1","92747416","92747707","chr1","92107221","92107517","5","640195"
"chr1","92783199","92783494","chr1","92143057","92143351","1","640142"
"chr1","92793527","92793763","chr1","92153395","92153635","5","640132"
"chr1","92919284","92919577","chr1","92277684","92277980","3","641600"
"chr1","92970120","92970371","chr1","92329969","92330229","10","640151"
"chr1","93006575","93006697","chr7","112797358","112797487","27","19790783"
"chr1","93040171","93040429","chr1","92400459","92400717","3","639712"
"chr1","93105316","93105607","chr5","127104831","127105133","45","33999515"
"chr1","93240752","93241010","chr6","18389413","18389669","31","74851339"
"chr1","93257757","93258051","chr1","92617226","92617524","10","640531"
"chr1","93351385","93351642","chr1","92714926","92715182","1","636459"
"chr1","93351653","93351909","chr17","80822526","80822792","64","12529127"
"chr1","93388807","93388973","chr18","16129447","16129614","23","77259360"
"chr1","93395198","93395209","chr5","71437633","71437644","9","21957565"
"chr1","93473472","93473634","chr17","60691411","60691574","22","32782061"
"chr1","93486370","93486532","chr1","92852280","92852445","4","634090"
"chr1","93488914","93489046","chr5","12092557","12092690","19","81396357"
"chr1","93503913","93504195","chr11","60340117","60340399","32","33163796"
"chr1","93549075","93549368","chr1","92913858","92914154","3","635217"
"chr1","93578019","93578329","chr16","45693099","45693411","35","47884920"
"chr1","93597783","93598085","chr1","92962244","92962548","5","635539"
"chr1","93617222","93617504","chr1","92983327","92983615","29","633895"
"chr1","93667802","93668103","chr1","93033456","93033757","2","634346"
"chr1","93719648","93719945","chr1","93087519","93087817","7","632129"
"chr1","93788834","93789120","chr1","93157256","93157542","0","631578"
"chr1","93822177","93822303","chr1","93191483","93191609","1","630694"
"chr1","93855406","93855716","chr1","93226992","93227302","4","628414"
"chr1","93902652","93902957","chrX","41454375","41454679","43","52448277"
"chr1","93951026","93951313","chr1","93322284","93322578","11","628742"
"chr1","93955377","93955666","chr1","93326805","93327095","6","628572"
"chr1","94190410","94190580","chr1","181183029","181183193","30","86992619"
"chr1","94221204","94221494","chr1","93592331","93592621","1","628873"
"chr1","94307086","94307195","chr3","181238196","181238292","30","86931110"
"chr1","94346518","94346823","chr1","93719838","93720143","0","626680"
"chr1","94389461","94389796","chr1","93763322","93763629","28","626139"
"chr1","94457692","94457982","chr1","93824319","93824612","4","633373"
"chr1","94505317","94505620","chr1","93872856","93873160","3","632461"
"chr1","94576180","94576490","chr1","93945183","93945499","7","630997"
"chr1","94610519","94610673","chr19","62478302","62478449","17","32132217"
"chr1","94658222","94658518","chr1","94028913","94029227","19","629309"
"chr1","94708948","94709246","chr16","76550098","76550401","62","18158850"
"chr1","94713898","94714192","chr1","94087457","94087753","3","626441"
"chr1","94809210","94809328","chr19","4651970","4652071","35","90157240"
"chr1","94827972","94828126","chr6","55699024","55699181","35","39128948"
"chr1","94885518","94885811","chr1","94259076","94259369","3","626442"
"chr1","94962733","94963035","chr1","94338533","94338835","1","624200"
"chr1","95057446","95057675","chrX","121365166","121365392","40","26307720"
"chr1","95069806","95070093","chr1","94445768","94446058","6","624038"
"chr1","95221313","95221443","chr1","94593523","94593653","0","627790"
"chr1","95340278","95340571","chr1","94709881","94710182","8","630397"
"chr1","95392180","95392301","chr5","172392908","172393028","28","77000728"
"chr1","95546743","95547040","chr1","94917173","94917474","7","629570"
"chr1","95728732","95728985","chr1","95100892","95101152","8","627840"
"chr1","95755945","95756271","chr1","95128473","95128756","46","627472"
"chr1","95778892","95779028","chr2A","32693701","32693835","27","63085191"
"chr1","95788326","95788636","chr2B","205863576","205863879","35","110075250"
"chr1","95794592","95794693","chr6","159074849","159074952","22","63280257"
"chr1","95890403","95890530","chr5","172392908","172393028","28","76502505"
"chr1","96000462","96000774","chr1","95377410","95377725","6","623052"
"chr1","96114077","96114223","chr4","149843795","149843946","25","53729718"
"chr1","96196806","96197101","chr17","58114546","58114845","37","38082260"
"chr1","96277776","96278104","chr2A","72464638","72464955","54","23813138"
"chr1","96330091","96330395","chr1","95715894","95716202","4","614197"
"chr1","96401606","96401891","chr1","95788952","95789236","2","612654"
"chr1","96465719","96466024","chr7","21867523","21867823","37","74598196"
"chr1","96516049","96516168","chr1","95905755","95905874","2","610294"
"chr1","96518212","96518523","chr1","95908303","95908595","21","609909"
"chr1","96527456","96527757","chr21","19664374","19664673","39","76863082"
"chr1","96565844","96566038","chr8","83530037","83530217","36","13035807"
"chr1","96569869","96570186","chr2A","63086723","63087016","50","33483146"
"chr1","96613289","96613568","chr1","96002153","96002453","21","611136"
"chr1","97276779","97276936","chr15","39842401","39842557","29","57434378"
"chr1","97559600","97559727","chr5","5624013","5624130","32","91935587"
"chr1","97808793","97809053","chr1","97217269","97217530","2","591524"
"chr1","97846504","97846812","chr1","97255326","97255634","1","591178"
"chr1","97878828","97879101","chr10","67594480","67594748","46","30284348"
"chr1","97992593","97992884","chr1","97403077","97403377","11","589516"
"chr1","98113513","98113807","chr1","97525238","97525534","6","588275"
"chr1","98389624","98389931","chr1","97805751","97806059","3","583873"
"chr1","98509355","98509651","chr1","97925935","97926232","3","583420"
"chr1","98513903","98514187","chr1","97930479","97930764","2","583424"
"chr1","98630273","98630580","chr1","98048896","98049203","0","581377"
"chr1","98807300","98807396","chr14","100673591","100673682","29","1866291"
"chr1","99023778","99023949","chr6","37299122","37299292","33","61724656"
"chr1","99023988","99024113","chr10","32235383","32235511","13","66788605"
"chr1","99051247","99051403","chr10","101398659","101398772","60","2347412"
"chr1","100234465","100234518","chr10","27042861","27042906","14","73191604"
"chr1","100278243","100278422","chr1","99707766","99707945","4","570477"
"chr1","100518605","100518909","chr1","99954543","99954813","44","564062"
"chr1","100584736","100585044","chr1","100022801","100023109","3","561935"
"chr1","100660374","100660488","chr1","100098435","100098549","0","561939"
"chr1","100706009","100706299","chr4","4451611","4451901","42","96254398"
"chr1","100808817","100809124","chr3","33213635","33213937","37","67595182"
"chr1","100829486","100829802","chr1","100271352","100271643","26","558134"
"chr1","100906908","100907205","chr1","100348746","100349045","4","558162"
"chr1","101280682","101280839","chr17","13843105","13843274","32","87437577"
"chr1","101280869","101280908","chr3","48388384","48388414","16","52892485"
"chr1","101336689","101336945","chrX","71217343","71217618","61","30119346"
"chr1","101357840","101358148","chr1","100811437","100811745","4","546403"
"chr1","101365740","101366036","chr1","100819549","100819845","1","546191"
"chr1","101382624","101382915","chr1","100836356","100836651","6","546268"
"chr1","101386722","101386876","chr9","37012273","37012423","23","64374449"
"chr1","101414838","101415137","chr1","100869992","100870292","2","544846"
"chr1","101433633","101433944","chr1","100888804","100889115","7","544829"
"chr1","101441313","101441534","chr1","100896608","100896830","1","544705"
"chr1","101488362","101488699","chr5","78863209","78863532","66","22625153"
"chr1","101566568","101566867","chr1","101022713","101023015","4","543855"
"chr1","101604658","101604827","chr4","54114840","54115009","29","47489818"
"chr1","101613724","101614033","chr1","101070171","101070480","1","543553"
"chr1","101824146","101824439","chr1","101282950","101283243","1","541196"
"chr1","102284637","102284748","chr5","172392908","172393028","27","70108271"
"chr1","102362517","102362794","chr1","101826613","101826890","0","535904"
"chr1","102369061","102369209","chr16","25590307","25590456","26","76778754"
"chr1","102406709","102406996","chr1","101871155","101871443","2","535554"
"chr1","102533617","102533733","chr5","172392908","172393028","29","69859291"
"chr1","102577470","102577767","chr1","102042800","102043100","3","534670"
"chr1","102657632","102657773","chr1","102126188","102126329","1","531444"
"chr1","102838368","102838669","chr1","102311519","102311818","5","526849"
"chr1","102904662","102904786","chr8","26723415","26723536","27","76181247"
"chr1","102953142","102953271","chr15","62181783","62181913","8","40771359"
"chr1","103007016","103007320","chr1","102483428","102483733","17","523588"
"chr1","103246363","103246403","chr18","17282170","17282223","17","85964193"
"chr1","103337528","103337822","chr1","102815487","102815781","3","522041"
"chr1","103425583","103425876","chr1","102905540","102905840","7","520043"
"chr1","103699736","103699915","chr1","103184114","103184301","15","515622"
"chr1","103785081","103785208","chr4","84675478","84675615","33","19109603"
"chr1","104047698","104047982","chr1","103536610","103536897","4","511088"
"chr1","104828977","104829274","chr12","19727129","19727415","44","85101848"
"chr1","105355494","105355784","chr1","104569616","104569892","15","785878"
"chr1","105411207","105411483","chr1","104627432","104627708","1","783775"
"chr1","105443283","105443553","chr1","104627432","104627708","47","815851"
"chr1","105482705","105482998","chr1","104627432","104627708","49","855273"
"chr1","105931291","105931481","chr1","214728525","214728704","47","108797234"
"chr1","106628092","106628360","chr1","105835355","105835628","6","792737"
"chr1","106749070","106749357","chr1","105957487","105957772","4","791583"
"chr1","106961225","106961389","chr15","87173355","87173524","31","19787870"
"chr1","107053376","107053675","chr1","106264526","106264821","6","788850"
"chr1","107065682","107065985","chr1","106276627","106276938","9","789055"
"chr1","107090958","107091252","chr1","106301922","106302217","4","789036"
"chr1","107251548","107251693","chr19","61741211","61741358","22","45510337"
"chr1","107277001","107277217","chr1","106485261","106485474","5","791740"
"chr1","107368937","107369218","chr17","49309932","49310214","3","58059005"
"chr1","107570740","107570843","chr6","159074849","159074952","20","51504109"
"chr1","107749123","107749434","chr1","106957352","106957665","5","791771"
"chr1","107890064","107890344","chr1","107109325","107109605","1","780739"
"chr1","108082611","108082896","chr1","107303758","107304043","1","778853"
"chr1","108138427","108138556","chrUn_GL394737","20401","20541","24","108118026"
"chr1","108261004","108261216","chr1","107483667","107483879","0","777337"
"chr1","108305532","108305673","chr14","54169995","54170134","28","54135537"
"chr1","108469403","108469687","chr1","107694711","107694995","3","774692"
"chr1","109233260","109233534","chr11","58824935","58825210","42","50408325"
"chr1","109252591","109252880","chr1","108482369","108482658","7","770222"
"chr1","109597313","109597621","chr1","108829656","108829962","16","767657"
"chr1","109607275","109607393","chr3","181143385","181143493","25","71536110"
"chr1","109612923","109613225","chr1","108845258","108845561","1","767665"
"chr1","109620407","109620580","chr4","183125792","183125969","26","73505385"
"chr1","109851832","109851985","chr1","109087348","109087508","10","764484"
"chr1","110118855","110119067","chr1","109299295","109299507","1","819560"
"chr1","110195588","110195851","chr6","111430994","111431261","29","1235406"
"chr1","110305060","110305351","chr1","109488254","109488546","3","816806"
"chr1","110374472","110374779","chr1","109559295","109559599","5","815177"
"chr1","110378459","110378753","chr1","109563293","109563591","9","815166"
"chr1","110408641","110408924","chr1","109597243","109597526","0","811398"
"chr1","110484146","110484325","chrX","87941896","87942074","48","22542250"
"chr1","110519969","110520100","chr1","28473465","28473606","30","82046504"
"chr1","110554002","110554311","chr1","109745334","109745641","5","808668"
"chr1","110588296","110588412","chr2A","62538961","62539069","24","48049335"
"chr1","110807956","110808090","chr16","73743066","73743197","29","37064890"
"chr1","110827654","110827763","chr2B","205936995","205937106","25","95109341"
"chr1","110856957","110857261","chr1","110048643","110048948","1","808314"
"chr1","110874472","110874776","chr1","110066265","110066569","0","808207"
"chr1","111054456","111054762","chr1","110203140","110203446","2","851316"
"chr1","111071863","111072143","chr1","110221506","110221798","12","850357"
"chr1","111161557","111161851","chr16","24617687","24617972","76","86543870"
"chr1","112401437","112401712","chr1","111555816","111556084","7","845621"
"chr1","112428711","112428946","chr1","111583812","111584050","4","844899"
"chr1","112533158","112533447","chr1","53676918","53677203","43","58856240"
"chr1","112559825","112560131","chr1","111716636","111716946","5","843189"
"chr1","112679700","112679995","chr1","51288931","51289225","39","61390769"
"chr1","112772487","112772799","chr1","111929641","111929954","5","842846"
"chr1","112887361","112887656","chr1","112044955","112045251","11","842406"
"chr1","112888960","112889254","chr1","112046558","112046852","7","842402"
"chr1","113010776","113011092","chr5","143675176","143675488","62","30664400"
"chr1","113546939","113547196","chr11","123209813","123210067","53","9662874"
"chr1","113567566","113567889","chr1","112718415","112718734","5","849151"
"chr1","113599671","113599826","chr1","128198509","128198667","29","14598838"
"chr1","113661683","113661970","chr19","10829588","10829872","45","102832095"
"chr1","113685556","113685868","chr1","112835881","112836196","3","849675"
"chr1","113734774","113735082","chr21","18113674","18113983","35","95621100"
"chr1","113774514","113774629","chr5","172392908","172393028","26","58618394"
"chr1","113851420","113851560","chr1","214242319","214242461","17","100390899"
"chr1","113880680","113880976","chr6","53201637","53201933","27","60679043"
"chr1","113897566","113897850","chr1","113048583","113048897","33","848983"
"chr1","113963103","113963212","chr2B","205936995","205937106","20","91973892"
"chr1","117713183","117713444","chr1","116865724","116865985","4","847459"
"chr1","118252865","118252973","chr6","159074849","159074952","22","40821984"
"chr1","118384582","118384875","chr1","117551136","117551427","4","833446"
"chr1","118503932","118504232","chr1","117674024","117674324","2","829908"
"chr1","118625323","118625635","chr1","117799680","117799993","1","825643"
"chr1","118765838","118765895","chr1","27390807","27390868","16","91375031"
"chr1","118770966","118771250","chr1","15083296","15083581","25","103687670"
"chr1","118787031","118787331","chr1","117971241","117971544","6","815790"
"chr1","118828857","118829138","chr1","118013038","118013350","31","815819"
"chr1","118971815","118972132","chr1","118156730","118157045","5","815085"
"chr1","119217740","119217839","chr3","181238196","181238292","32","62020456"
"chr1","119559043","119559348","chr1","118749589","118749894","1","809454"
"chr1","119617468","119617758","chr1","118807797","118808088","2","809671"
"chr1","119768525","119768802","chr6","36253905","36254181","35","83514620"
"chr1","120048519","120048638","chr8","26723415","26723536","26","93325104"
"chr1","120078227","120078500","chr1","119275329","119275602","3","802898"
"chr1","120117307","120117609","chr1","119314285","119314588","3","803022"
"chr1","120407742","120408032","chr1","119614111","119614398","6","793631"
"chr1","120512024","120512194","chr5","133738964","133739131","27","13226940"
"chr1","120529509","120529815","chr8","92686705","92687013","32","27842804"
"chr1","120646413","120646718","chr1","119863986","119864291","5","782427"
"chr1","120689034","120689318","chr1","119906393","119906681","5","782641"
"chr1","120793293","120793586","chr1","120010482","120010779","5","782811"
"chr1","120807901","120808200","chr4","180531317","180531618","38","59723416"
"chr1","120841561","120841860","chr1","120058761","120059060","3","782800"
"chr1","120855926","120856225","chr1","120073730","120074029","1","782196"
"chr1","121070300","121070591","chr5","9975428","9975728","55","111094872"
"chr1","121292430","121292672","chr1","120418353","120418596","2","874077"
"chr1","121320049","121320196","chr1","120446585","120446733","2","873464"
"chr1","121320197","121320490","chr1","120446734","120447031","5","873463"
"chr1","121455678","121455935","chr1","120582726","120582983","0","872952"
"chr1","121731745","121732055","chr1","120863204","120863514","2","868541"
"chr1","121937694","121937987","chr1","121072921","121073214","0","864773"
"chr1","122003921","122004221","chr1","121140677","121140980","4","863244"
"chr1","122347824","122348120","chr1","121490070","121490366","2","857754"
"chr1","122389194","122389499","chr1","121531420","121531727","3","857774"
"chr1","122512194","122512503","chr1","121657568","121657880","3","854626"
"chr1","122781772","122781860","chr12","36296792","36296880","9","86484980"
"chr1","122796077","122796261","chr7","110455404","110455588","39","12340673"
"chr1","122807433","122807706","chr5","129653009","129653279","37","6845576"
"chr1","122884737","122884855","chr1","122035201","122035319","0","849536"
"chr1","122902267","122902424","chr1","122052547","122052705","2","849720"
"chr1","122967419","122967708","chr1","122118204","122118495","2","849215"
"chr1","122972538","122972697","chrX","73313271","73313417","22","49659267"
"chr1","123064228","123064304","chr20","4894744","4894814","19","118169484"
"chr1","123065384","123065693","chr1","33202253","33202559","39","89863131"
"chr1","123077253","123077538","chr1","21064590","21064871","42","102012663"
"chr1","123107975","123108256","chr6","744207","744491","42","122363768"
"chr1","123162239","123162534","chr1","122317406","122317704","4","844833"
"chr1","123165000","123165282","chr1","122320591","122320876","3","844409"
"chr1","123179412","123179520","chr2B","199271339","199271453","28","76091927"
"chr1","123192069","123192346","chr1","122347937","122348241","28","844132"
"chr1","123232972","123233257","chr1","122389121","122389406","1","843851"
"chr1","123385161","123385468","chr1","122544554","122544865","7","840607"
"chr1","123418003","123418103","chr14","100673591","100673682","21","22744412"
"chr1","123555114","123555421","chr12","104184982","104185290","37","19370132"
"chr1","123617477","123617627","chr1","122775302","122775452","0","842175"
"chr1","123722722","123723006","chr1","122882393","122882693","21","840329"
"chr1","123743847","123744159","chr1","122903883","122904193","7","839964"
"chr1","123744616","123744923","chr1","122904652","122904962","4","839964"
"chr1","123749926","123750144","chr1","122909959","122910178","2","839967"
"chr1","123755789","123755799","chr1","28547144","28547162","9","95208645"
"chr1","123755869","123756155","chr4","173582038","173582320","36","49826169"
"chr1","123778595","123778872","chr1","122939581","122939858","2","839014"
"chr1","123782997","123783307","chr1","122943995","122944307","9","839002"
"chr1","123867762","123868060","chr17","9467829","9468122","40","114399933"
"chr1","123954844","123954963","chr2B","205936995","205937106","23","81982151"
"chr1","124700547","124700835","chr1","123793917","123794206","3","906630"
"chr1","124701310","124701614","chr10","38403814","38404119","32","86297496"
"chr1","124709848","124709924","chrUn_GL394969","1","77","10","124709847"
"chr1","124716347","124716443","chr14","100673591","100673682","20","24042756"
"chr1","124717174","124717390","chr1","123812369","123812585","0","904805"
"chr1","124735900","124736011","chr1","123832748","123832859","0","903152"
"chr1","124771395","124771701","chr1","123869290","123869603","12","902105"
"chr1","124817061","124817353","chr1","123913697","123913981","22","903364"
"chr1","124841911","124842204","chr1","123946941","123947235","2","894970"
"chr1","124853598","124853855","chr8","123683607","123683866","29","1169991"
"chr1","124884834","124885129","chr1","123998338","123998636","4","886496"
"chr1","124931876","124932179","chr1","124043581","124043890","9","888295"
"chr1","125039931","125040013","chr14","100673591","100673682","28","24366340"
"chr1","125068153","125068405","chr16","388067","388307","67","124680086"
"chr1","125074874","125075175","chr2A","112749828","112750127","37","12325046"
"chr1","125075991","125076283","chr1","124192188","124192486","7","883803"
"chr1","125082752","125083039","chr1","210559832","210560119","60","85477080"
"chr1","125117924","125118228","chr1","124235807","124236114","6","882117"
"chr1","125130741","125131051","chr1","124248819","124249129","4","881922"
"chr1","125246357","125246456","chr14","100673591","100673682","20","24572766"
"chr1","125277142","125277432","chr1","124400930","124401222","4","876212"
"chr1","125297959","125298258","chr1","124422570","124422872","3","875389"
"chr1","125847141","125847422","chr1","124979691","124979972","1","867450"
"chr1","125954088","125954384","chr1","53490363","53490659","48","72463725"
"chr1","125997548","125997851","chr1","125131824","125132135","10","865724"
"chr1","126015475","126015787","chr14","49483953","49484269","54","76531522"
"chr1","126037936","126038038","chr20","16652596","16652702","21","109385340"
"chr1","126043031","126043311","chr1","125179204","125179491","13","863827"
"chr1","126159859","126160166","chr1","125294657","125294962","2","865202"
"chr1","126162933","126163223","chr1","125297726","125298024","10","865207"
"chr1","126197419","126197520","chr3","181238196","181238292","22","55040777"
"chr1","126200535","126200658","chr5","172392908","172393028","20","46192373"
"chr1","126347871","126348173","chr1","125485297","125485599","1","862574"
"chr1","126570265","126570577","chr1","125710818","125711129","6","859447"
"chr1","126609577","126609874","chr1","125750259","125750560","8","859318"
"chr1","126733459","126733619","chr1","125876469","125876629","1","856990"
"chr1","126799184","126799479","chr1","125943256","125943551","1","855928"
"chr1","126949316","126949539","chr1","126095417","126095643","7","853899"
"chr1","127131703","127132006","chr1","126275468","126275776","5","856235"
"chr1","127190316","127190591","chr7","37166744","37167013","45","90023572"
"chr1","127281653","127281941","chr6","15357928","15358234","63","111923725"
"chr1","127300815","127301107","chr1","126448332","126448627","3","852483"
"chr1","127339737","127340055","chr1","126487585","126487887","26","852152"
"chr1","127340219","127340514","chr3","66897020","66897313","32","60443199"
"chr1","127412787","127413072","chr1","126562240","126562538","16","850547"
"chr1","127743034","127743347","chr1","126896016","126896336","8","847018"
"chr1","128402289","128402590","chrUn_GL395675","6576","6876","2","128395713"
"chr1","128436629","128436924","chr1","127580765","127581062","6","855864"
"chr1","128469577","128469675","chr3","181238196","181238292","24","52768619"
"chr1","128482721","128483020","chr1","16682355","16682659","20","111800366"
"chr1","128697541","128697845","chr1","127841969","127842275","2","855572"
"chr1","128720877","128720940","chr1","33246348","33246407","21","95474529"
"chr1","128729527","128729620","chr3","181238196","181238292","24","52508669"
"chr1","128808135","128808227","chr12","12586014","12586108","14","116222121"
"chr1","128893802","128894106","chr8","85246202","85246501","31","43647600"
"chr1","128920417","128920528","chr2B","199271339","199271453","19","70350922"
"chr1","128923268","128923407","chr12","6546624","6546764","21","122376644"
"chr1","128958244","128958528","chr1","128109887","128110174","6","848357"
"chr1","128960821","128960959","chr2A","32693701","32693835","18","96267120"
"chr1","128972892","128973054","chr17","75589264","75589422","30","53383628"
"chr1","128981399","128981543","chr19","60867994","60868137","25","68113405"
"chr1","129026265","129026560","chr1","128181088","128181383","2","845177"
"chr1","129034906","129035042","chrUn_GL394737","20401","20541","27","129014505"
"chr1","129043199","129043348","chr1","128198509","128198667","9","844690"
"chr1","129073585","129073689","chr20","16652596","16652702","30","112420989"
"chr1","129077093","129077398","chr12","120567858","120568157","38","8509235"
"chr1","129115847","129115958","chr8","26723415","26723536","27","102392432"
"chr1","129171415","129171714","chr1","128331302","128331601","0","840113"
"chr1","129179992","129180301","chr1","128340090","128340397","2","839902"
"chr1","129203572","129203732","chr2B","201293080","201293244","25","72089508"
"chr1","129218197","129218267","chr17","4261422","4261478","22","124956775"
"chr1","129242942","129243074","chr9","15289702","15289841","28","113953240"
"chr1","129243376","129243393","chr1","28547144","28547162","8","100696232"
"chr1","129271255","129271539","chr9","33432982","33433280","38","95838273"
"chr1","129297437","129297727","chr1","128462993","128463289","9","834444"
"chr1","129301343","129301471","chr1","6844228","6844361","26","122457115"
"chr1","129306263","129306534","chr6","111430994","111431261","43","17875269"
"chr1","129313786","129314074","chr1","128480301","128480590","1","833485"
"chr1","129325959","129326256","chr1","128493396","128493705","14","832563"
"chr1","129331065","129331337","chr1","128498720","128499019","28","832345"
"chr1","129356156","129356428","chr1","128524655","128524939","13","831501"
"chr1","129364142","129364297","chrX","7978557","7978724","36","121385585"
"chr1","129367379","129367531","chr1","128536061","128536213","0","831318"
"chr1","129392535","129392662","chr8","26723415","26723536","29","102669120"
"chr1","129408323","129408454","chr12","10312165","10312287","30","119096158"
"chr1","129490726","129491024","chr1","128663846","128664144","2","826880"
"chr1","129531677","129531814","chr4","113902899","113903048","27","15628778"
"chr1","129534754","129534976","chr4","58459733","58459957","32","71075021"
"chr1","129587528","129587813","chr1","128763748","128764045","12","823780"
"chr1","129596783","129596896","chr5","172392908","172393028","27","42796125"
"chr1","129613508","129613808","chr18","7159610","7159913","35","122453898"
"chr1","129636736","129636832","chr1","160944586","160944680","18","31307850"
"chr1","129655723","129655902","chr16","66582650","66582839","40","63073073"
"chr1","129658126","129658300","chr4","40599988","40600158","27","89058138"
"chr1","129665970","129666271","chr1","128842816","128843117","0","823154"
"chr1","129681410","129681637","chr1","128858657","128858890","8","822753"
"chr1","129725734","129725928","chr17","54503313","54503512","34","75222421"
"chr1","129726207","129726344","chr1","140813951","140814072","37","11087744"
"chr1","129822765","129822947","chr17","7035663","7035852","31","122787102"
"chr1","129887030","129887327","chr1","129070224","129070527","6","816806"
"chr1","129902711","129903004","chr1","129085541","129085836","3","817170"
"chr1","129926728","129926945","chr14","19786423","19786634","33","110140305"
"chr1","129967003","129967292","chr1","129151690","129151981","3","815313"
"chr1","130062634","130062937","chr10","112385618","112385927","52","17677016"
"chr1","130073876","130074026","chr7","119909730","119909884","41","10164146"
"chr1","130087392","130087681","chr1","129273538","129273827","1","813854"
"chr1","130092579","130092844","chr2A","26607485","26607763","70","103485094"
"chr1","130106172","130106467","chr1","129293076","129293378","11","813096"
"chr1","130108311","130108621","chr1","129296296","129296606","3","812015"
"chr1","130114658","130114801","chr12","38547914","38548058","34","91566744"
"chr1","130145322","130145616","chr1","129333794","129334088","1","811528"
"chr1","130175286","130175433","chr8","37738662","37738811","27","92436624"
"chr1","130178808","130179101","chr1","129365564","129365864","7","813244"
"chr1","130185591","130185890","chr1","129372361","129372660","0","813230"
"chr1","130192930","130193106","chr1","129379917","129380093","0","813013"
"chr1","130199199","130199429","chr1","129385965","129386195","2","813234"
"chr1","130227613","130227908","chr1","129415241","129415528","8","812372"
"chr1","130229969","130230258","chr1","129417596","129417886","2","812373"
"chr1","130249940","130250114","chr1","29277911","29278085","33","100972029"
"chr1","130250756","130251052","chr1","129438270","129438568","2","812486"
"chr1","130265032","130265319","chr1","129452372","129452676","18","812660"
"chr1","130275861","130276040","chr5","178397697","178397875","49","48121836"
"chr1","130280019","130280227","chr16","29842633","29842836","29","100437386"
"chr1","130356303","130356482","chr6","42414698","42414867","31","87941605"
"chr1","130356789","130356857","chr1","130379185","130379250","9","22396"
"chr1","130357527","130357759","chr10","772641","772873","39","129584886"
"chr1","130362722","130363018","chr1","129552139","129552436","5","810583"
"chr1","130383209","130383503","chr1","129573297","129573591","0","809912"
"chr1","130394199","130394328","chr5","177191573","177191702","12","46797374"
"chr1","130465535","130465814","chr1","129655179","129655459","1","810356"
"chr1","130468804","130469113","chr1","129658452","129658754","9","810352"
"chr1","130486973","130487008","chr3","48388384","48388414","15","82098589"
"chr1","130533758","130534055","chr1","129722678","129722977","2","811080"
"chr1","130536364","130536567","chr2A","85324334","85324535","29","45212030"
"chr1","130644326","130644417","chr12","12586014","12586108","19","118058312"
"chr1","130647414","130647725","chr7","65511139","65511447","48","65136275"
"chr1","130683784","130684058","chr1","129877910","129878184","1","805874"
"chr1","130689825","130690115","chr1","129884150","129884444","5","805675"
"chr1","130726826","130727081","chr5","135412113","135412370","48","4685287"
"chr1","130738088","130738388","chr1","129934008","129934308","3","804080"
"chr1","130761060","130761372","chr1","129956498","129956810","3","804562"
"chr1","130775679","130775968","chr1","129971484","129971773","2","804195"
"chr1","130797345","130797641","chrX","30629841","30630137","43","100167504"
"chr1","130877146","130877458","chr1","130075011","130075318","7","802135"
"chr1","130882474","130882681","chr6","5731522","5731737","33","125150952"
"chr1","131231029","131231073","chr3","12945284","12945334","8","118285745"
"chr1","131757217","131757500","chr1","131006765","131007059","11","750452"
"chr1","131863317","131863429","chr2B","199271339","199271453","24","67408022"
"chr1","131999526","131999621","chr6","159074849","159074952","21","27075323"
"chr1","132256163","132256459","chr14","68949179","68949471","38","63306984"
"chr1","132334673","132334964","chr1","131583005","131583296","1","751668"
"chr1","132436818","132437050","chr8","34512122","34512348","32","97924696"
"chr1","132471584","132471646","chr1","33246348","33246407","25","99225236"
"chr1","132541550","132541649","chr6","159074849","159074952","22","26533299"
"chr1","132580841","132581130","chr1","131842494","131842783","1","738347"
"chr1","132582635","132582956","chr1","131844282","131844603","0","738353"
"chr1","132607546","132607791","chr1","131869253","131869501","3","738293"
"chr1","132619642","132619941","chr11","81612582","81612877","36","51007060"
"chr1","132689761","132689919","chr15","77710316","77710474","22","54979445"
"chr1","132691286","132691459","chr10","111222368","111222540","39","21468918"
"chr1","132701868","132702109","chr1","131963733","131963978","5","738135"
"chr1","132704632","132704706","chr14","100673591","100673682","27","32031041"
"chr1","132718642","132718873","chr10","100785341","100785573","35","31933301"
"chr1","132766419","132766634","chr2B","238796286","238796499","25","106029867"
"chr1","132773956","132774200","chr3","59085256","59085513","72","73688700"
"chr1","132798357","132798657","chr1","132061575","132061875","0","736782"
"chr1","132848431","132848667","chr10","15960399","15960633","35","116888032"
"chr1","132855286","132855497","chr10","31000255","31000480","53","101855031"
"chr1","132890168","132890385","chr1","132152488","132152705","2","737680"
"chr1","132900328","132900513","chr10","120372580","120372761","37","12527748"
"chr1","132984103","132984198","chr12","12586014","12586108","22","120398089"
"chr1","133005517","133005650","chr2A","32693701","32693835","32","100311816"
"chr1","133006896","133007017","chr2B","207026815","207026935","27","74019919"
"chr1","133018393","133018686","chr7","39526630","39526926","48","93491763"
"chr1","133038090","133038401","chr1","132316434","132316745","2","721656"
"chr1","133046529","133046825","chr1","132325322","132325620","3","721207"
"chr1","133049404","133049679","chr1","132327922","132328236","40","721482"
"chr1","133053117","133053352","chr22","29841524","29841759","47","103211593"
"chr1","133064746","133064980","chr4","27879435","27879649","84","105185311"
"chr1","133066292","133066600","chr1","132345666","132345945","32","720626"
"chr1","133083814","133084124","chr9","128150628","128150940","37","4933186"
"chr1","133088192","133088438","chr1","132372682","132372933","6","715510"
"chr1","133107951","133108247","chr1","132389638","132389934","3","718313"
"chr1","133118654","133118955","chr1","132400334","132400638","6","718320"
"chr1","133118980","133119168","chr1","132400663","132400851","0","718317"
"chr1","133121294","133121415","chr5","172392908","172393028","20","39271614"
"chr1","133122777","133122825","chr15","23757527","23757573","13","109365250"
"chr1","133149725","133149975","chr1","132432365","132432615","1","717360"
"chr1","133165915","133166127","chr3","200711023","200711239","24","67545108"
"chr1","133185823","133186123","chr1","132469375","132469677","3","716448"
"chr1","133199239","133199521","chr1","132482370","132482653","2","716869"
"chr1","133202510","133202604","chr17","7886677","7886770","8","125315833"
"chr1","133263173","133263448","chr1","61948807","61949086","55","71314366"
"chr1","133267634","133267944","chr1","132554125","132554432","5","713509"
"chr1","133277714","133277828","chr5","172392908","172393028","29","39115194"
"chr1","133285653","133285965","chr1","132571809","132572121","24","713844"
"chr1","133330912","133331092","chr1","132617816","132617994","4","713096"
"chr1","133335157","133335431","chr19","50649575","50649860","54","82685582"
"chr1","133337248","133337560","chr1","178839374","178839679","39","45502126"
"chr1","133341046","133341350","chr16","5613497","5613803","36","127727549"
"chr1","133342178","133342440","chr4","186885436","186885683","36","53543258"
"chr1","133478431","133478647","chr1","132767204","132767420","0","711227"
"chr1","133513129","133513415","chr9","33729184","33729467","39","99783945"
"chr1","133604069","133604211","chr11","46694965","46695109","22","86909104"
"chr1","133747788","133748116","chr1","133042911","133043217","23","704877"
"chr1","133859597","133859900","chr1","133159282","133159584","3","700315"
"chr1","133863260","133863512","chr7","95062976","95063185","90","38800284"
"chr1","133888266","133888548","chr6","15312245","15312527","32","118576021"
"chr1","133891592","133891681","chr14","100673591","100673682","27","33218001"
"chr1","133938560","133938762","chr4","176755200","176755409","42","42816640"
"chr1","133948502","133948786","chr2B","229467861","229468153","34","95519359"
"chr1","133997697","133998011","chr1","133296305","133296610","14","701392"
"chr1","134059228","134059535","chr1","133358265","133358574","2","700963"
"chr1","134099672","134099836","chr17","59071940","59072104","25","75027732"
"chr1","134107047","134107372","chr1","133407602","133407928","1","699445"
"chr1","134156090","134156399","chr1","133459405","133459718","5","696685"
"chr1","134189078","134189372","chr1","133493331","133493627","3","695747"
"chr1","134193833","134193937","chr20","16652596","16652702","20","117541237"
"chr1","134194179","134194458","chr3","200556220","200556500","38","66362041"
"chr1","134257006","134257245","chr1","133559191","133559430","0","697815"
"chr1","134258292","134258494","chr1","26136510","26136710","27","108121782"
"chr1","134299280","134299421","chr1","214242319","214242461","23","79943039"
"chr1","134328839","134329097","chr9","18505140","18505396","30","115823699"
"chr1","134353487","134353786","chr1","133658916","133659216","2","694571"
"chr1","134359862","134360159","chr1","133665308","133665606","1","694554"
"chr1","134364421","134364534","chr3","181143385","181143493","24","46778964"
"chr1","134371133","134371425","chr1","133677124","133677416","1","694009"
"chr1","134380127","134380345","chr1","133686185","133686403","0","693942"
"chr1","134437220","134437313","chr14","100673591","100673682","17","33763629"
"chr1","134437813","134438161","chr1","133744581","133744884","76","693232"
"chr1","134449178","134449485","chr1","133757344","133757651","25","691834"
"chr1","134478540","134478636","chr14","100673591","100673682","24","33804949"
"chr1","134485407","134485612","chr11","75545758","75545976","42","58939649"
"chr1","134498314","134498613","chr1","133807546","133807847","4","690768"
"chr1","134501003","134501307","chr3","188317272","188317569","49","53816269"
"chr1","134513418","134513518","chr1","160944586","160944680","18","26431168"
"chr1","134514724","134515002","chr1","133824885","133825163","0","689839"
"chr1","134527598","134527728","chr1","133837042","133837198","27","690556"
"chr1","134542737","134542856","chr5","172392908","172393028","28","37850171"
"chr1","134609884","134610158","chr1","133924497","133924772","3","685387"
"chr1","134615943","134616143","chr1","133930592","133930759","37","685351"
"chr1","134619112","134619438","chr1","133933947","133934272","5","685165"
"chr1","134901560","134901780","chr3","200711023","200711239","39","65809463"
"chr1","134956701","134956899","chr10","124485021","124485227","45","10471680"
"chr1","134962413","134962588","chr1","134045753","134045928","0","916660"
"chr1","135016787","135017103","chr1","29189596","29189901","52","105827191"
"chr1","135059653","135059952","chr1","134147467","134147768","3","912186"
"chr1","135081785","135081958","chr1","78871015","78871180","38","56210770"
"chr1","135086757","135086837","chr11","8774884","8774956","19","126311873"
"chr1","135086838","135087132","chr1","134177160","134177458","6","909678"
"chr1","135095996","135096271","chr14","22253484","22253767","55","112842512"
"chr1","135108986","135109299","chr14","20392001","20392306","36","114716985"
"chr1","135183169","135183476","chr1","134272309","134272617","2","910860"
"chr1","135205961","135206098","chr7","3722254","3722388","23","131483707"
"chr1","135210874","135211160","chr1","134299354","134299639","4","911520"
"chr1","135305484","135305658","chr3","154987099","154987278","27","19681615"
"chr1","135344180","135344285","chr6","159074849","159074952","19","23730669"
"chr1","135388747","135389060","chr1","134510914","134511227","0","877833"
"chr1","135482802","135483105","chr1","134605949","134606254","4","876853"
"chr1","135497849","135498103","chr9","82372791","82373027","65","53125058"
"chr1","135500224","135500514","chr1","134623880","134624175","7","876344"
"chr1","135623727","135624034","chr1","134750891","134751197","7","872836"
"chr1","135629323","135629621","chr1","53118077","53118382","33","82511246"
"chr1","135640764","135640999","chr1","134767786","134768015","6","872978"
"chr1","135641605","135641738","chr18","46323703","46323831","26","89317902"
"chr1","135779946","135780244","chr1","134911777","134912076","3","868169"
"chr1","135894934","135895237","chr7","29178187","29178477","42","106716747"
"chr1","135926258","135926296","chr10","27042861","27042906","14","108883397"
"chr1","135953331","135953498","chr20","28374203","28374365","24","107579128"
"chr1","135964263","135964546","chr1","135098317","135098602","5","865946"
"chr1","136082146","136082438","chr1","135219860","135220152","1","862286"
"chr1","136181195","136181367","chr9","71486612","71486784","31","64694583"
"chr1","136227551","136227775","chr1","135368276","135368512","14","859275"
"chr1","136264344","136264465","chr6","159074849","159074952","30","22810505"
"chr1","136525995","136526289","chr1","135675155","135675460","13","850840"
"chr1","136528460","136528761","chr1","135677634","135677937","2","850826"
"chr1","136890836","136891147","chr1","136050721","136051032","1","840115"
"chr1","136953746","136954039","chr1","136113826","136114130","13","839920"
"chr1","137012736","137013032","chr3","46861662","46861957","48","90151074"
"chr1","137134721","137135017","chr1","136295435","136295734","3","839286"
"chr1","137142428","137142740","chr1","136302649","136302960","6","839779"
"chr1","137470879","137471189","chr5","78863209","78863532","76","58607670"
"chr1","137556946","137557182","chr1","136729693","136729935","9","827253"
"chr1","138141581","138141673","chr12","12586014","12586108","17","125555567"
"chr1","138300090","138300379","chr1","137484206","137484498","6","815884"
"chr1","138386223","138386519","chr1","137569883","137570179","1","816340"
"chr1","138517125","138517224","chr14","100673591","100673682","22","37843534"
"chr1","138791212","138791482","chr1","137977537","137977844","42","813675"
"chr1","138866402","138866509","chr2A","62538961","62539069","24","76327441"
"chr1","139173997","139174284","chr1","138239469","138239756","0","934528"
"chr1","139236494","139236798","chr1","138302270","138302575","2","934224"
"chr1","139417255","139417545","chr1","138486043","138486335","3","931212"
"chr1","139546772","139546865","chr14","100673591","100673682","12","38873181"
"chr1","139572825","139573134","chr1","138638945","138639255","1","933880"
"chr1","139621548","139621843","chr1","138684667","138684965","3","936881"
"chr1","139625258","139625421","chr1","138688378","138688546","7","936880"
"chr1","139779930","139780142","chr1","138845855","138846073","10","934075"
"chr1","139822300","139822595","chr1","138887120","138887420","6","935180"
"chr1","139829696","139829997","chr10","8764291","8764586","50","131065405"
"chr1","139945371","139945650","chr1","139011554","139011834","6","933817"
"chr1","139996586","139996706","chr5","172392908","172393028","26","32396322"
"chr1","140033600","140033759","chr1","109472862","109473018","27","30560738"
"chr1","140119647","140119895","chr1","139183841","139184089","0","935806"
"chr1","140304367","140304659","chr1","139310646","139310950","13","993721"
"chr1","140347643","140347797","chr1","139360860","139361014","0","986783"
"chr1","140353427","140353587","chrX","15694332","15694494","22","124659095"
"chr1","140433924","140434149","chrX","77616848","77617066","42","62817076"
"chr1","140434150","140434264","chr2B","199271339","199271453","21","58837189"
"chr1","140461207","140461502","chr1","139480073","139480369","2","981134"
"chr1","140512481","140512752","chr1","139533307","139533592","37","979174"
"chr1","140530158","140530325","chr1","139550968","139551136","2","979190"
"chr1","140614230","140614393","chr1","139636360","139636527","4","977870"
"chr1","140620492","140620597","chr20","16652596","16652702","26","123967896"
"chr1","140648157","140648467","chr1","139672094","139672403","4","976063"
"chr1","140651320","140651615","chr1","139675245","139675534","6","976075"
"chr1","140652191","140652475","chr1","139676120","139676417","43","976071"
"chr1","140659439","140659740","chr18","55749175","55749473","37","84910264"
"chr1","140660943","140661053","chr5","172392908","172393028","26","31731965"
"chr1","140678006","140678297","chr18","42118439","42118732","40","98559567"
"chr1","140689146","140689447","chr1","139713168","139713469","0","975978"
"chr1","140707876","140708166","chr1","139732987","139733278","3","974889"
"chr1","140917623","140917941","chr1","139956573","139956894","6","961050"
"chr1","140976362","140976680","chr1","140015623","140015928","14","960739"
"chr1","141003053","141003334","chr1","140042681","140042962","0","960372"
"chr1","141041969","141042265","chr1","140080772","140081067","4","961197"
"chr1","141112057","141112361","chr1","140150731","140151035","2","961326"
"chr1","141267826","141267993","chr3","101762288","101762455","32","39505538"
"chr1","141280701","141280994","chr1","140322259","140322562","11","958442"
"chr1","141384459","141384817","chr5","70962036","70962334","120","70422423"
"chr1","141634123","141634420","chr1","140682366","140682659","7","951757"
"chr1","141673523","141673635","chr3","181143385","181143493","24","39469862"
"chr1","141712675","141712775","chr11","108679997","108680104","34","33032678"
"chr1","141747687","141747986","chr9","33206741","33207039","35","108540946"
"chr1","141762802","141762904","chr6","159074849","159074952","14","17312047"
"chr1","141763965","141764086","chr1","140813951","140814072","2","950014"
"chr1","141770322","141770628","chr1","140819972","140820278","1","950350"
"chr1","141796035","141796315","chr1","22489390","22489669","32","119306645"
"chr1","142071463","142071754","chr1","141129528","141129819","0","941935"
"chr1","142106956","142107260","chr1","141168190","141168502","14","938766"
"chr1","142463577","142463857","chr7","55775797","55776077","37","86687780"
"chr1","142640468","142640552","chr11","8774884","8774956","18","133865584"
"chr1","142707131","142707234","chr6","159074849","159074952","23","16367718"
"chr1","142734899","142735187","chr2A","63134080","63134374","44","79600819"
"chr1","143321474","143321651","chr3","70593440","70593618","31","72728034"
"chr1","143534679","143534726","chr16","79492781","79492824","15","64041898"
"chr1","143702550","143702846","chr14","98689566","98689866","41","45012984"
"chr1","143734252","143734381","chr1","142831805","142831934","3","902447"
"chr1","143734829","143734992","chrX","155632548","155632709","29","11897719"
"chr1","143749789","143750084","chr1","142847207","142847505","4","902582"
"chr1","143775406","143775699","chr1","142874333","142874629","4","901073"
"chr1","143809661","143809823","chr1","128198509","128198667","27","15611152"
"chr1","143822776","143823042","chr1","142923064","142923359","29","899712"
"chr1","143984572","143984914","chr1","143086769","143087075","37","897803"
"chr1","144174809","144174958","chr9","112064180","112064330","19","32110629"
"chr1","144353888","144354197","chr1","143462663","143462974","6","891225"
"chr1","144892041","144892352","chr1","144024697","144025007","2","867344"
"chr1","144899087","144899253","chr14","64560671","64560836","21","80338416"
"chr1","144964758","144964857","chr3","181238196","181238292","25","36273438"
"chr1","144973876","144974105","chr1","220568237","220568471","33","75594361"
"chr1","145615276","145615570","chr1","144755689","144755983","5","859587"
"chr1","145838731","145838913","chr1","144984450","144984632","1","854281"
"chr1","145897410","145897648","chr1","145047865","145048103","3","849545"
"chr1","145918067","145918344","chr1","145075298","145075575","7","842769"
"chr1","145987441","145987581","chr2A","32693701","32693835","24","113293740"
"chr1","146094418","146094738","chr4","115885737","115886047","45","30208681"
"chr1","146172143","146172355","chr1","145322216","145322429","3","849927"
"chr1","146203268","146203562","chr1","145353453","145353747","0","849815"
"chr1","146238193","146238505","chr1","145389185","145389497","1","849008"
"chr1","146295133","146295397","chr1","145446044","145446308","1","849089"
"chr1","146350063","146350270","chr17","73441364","73441560","33","72908699"
"chr1","146368159","146368464","chr18","13360543","13360840","41","133007616"
"chr1","146395370","146395669","chr15","69357541","69357830","52","77037829"
"chr1","146432002","146432304","chr19","53245435","53245733","30","93186567"
"chr1","146530199","146530335","chr22","35041748","35041876","35","111488451"
"chr1","146568957","146569081","chr2B","207026815","207026935","27","60457858"
"chr1","146669727","146669842","chr3","181144080","181144190","13","34474353"
"chr1","146670152","146670336","chr9","97028914","97029116","34","49641238"
"chr1","146676652","146676756","chr1","160944586","160944680","21","14267934"
"chr1","146723850","146724061","chr1","145875624","145875836","1","848226"
"chr1","146724368","146724687","chr5","78863209","78863532","50","67861159"
"chr1","146731590","146731866","chr1","145883380","145883659","3","848210"
"chr1","146749545","146749699","chr20","45549956","45550123","37","101199589"
"chr1","146766699","146766780","chr8","46091691","46091777","17","100675008"
"chr1","147006317","147006551","chr1","146163106","146163339","2","843211"
"chr1","147061906","147062187","chr1","146220127","146220411","6","841779"
"chr1","147099452","147099739","chr1","146257676","146257964","1","841776"
"chr1","147140991","147141304","chr1","146299924","146300235","8","841067"
"chr1","147175736","147176022","chr1","146335819","146336108","8","839917"
"chr1","147204354","147204659","chr1","146364467","146364770","2","839887"
"chr1","147269746","147269945","chr16","29088164","29088361","27","118181582"
"chr1","147398517","147398783","chr6","111430994","111431261","37","35967523"
"chr1","147410357","147410628","chr4","131216862","131217128","51","16193495"
"chr1","147424022","147424113","chr13","24059413","24059502","15","123364609"
"chr1","147656220","147656360","chr6","159074849","159074952","45","11418629"
"chr1","147732763","147733074","chr1","146906658","146906969","6","826105"
"chr1","147805125","147805422","chr1","146982003","146982300","1","823122"
"chr1","148021493","148021773","chr1","147204470","147204751","3","817023"
"chr1","148065652","148065787","chr1","147248776","147248910","1","816876"
"chr1","148283132","148283334","chr1","147464876","147465093","16","818256"
"chr1","148641203","148641301","chr3","181238196","181238292","25","32596993"
"chr1","148824700","148825001","chr20","60835972","60836270","40","87988728"
"chr1","148831091","148831239","chr6","145351826","145351977","32","3479265"
"chr1","149001556","149001849","chr1","148195717","148196011","3","805839"
"chr1","149002282","149002574","chr1","148196450","148196741","3","805832"
"chr1","149078206","149078488","chr1","148272361","148272643","0","805845"
"chr1","149090310","149090613","chr1","148284440","148284734","13","805870"
"chr1","149115411","149115589","chr2A","112034799","112034975","24","37080612"
"chr1","149198882","149199191","chr13","47677834","47678138","33","101521048"
"chr1","149253269","149253562","chr1","148448721","148449031","17","804548"
"chr1","149571777","149572073","chr5","78253767","78254064","45","71318010"
"chr1","149764758","149765063","chr3","70178087","70178389","36","79586671"
"chr1","149830308","149830583","chr4","25471831","25472119","69","124358477"
"chr1","150007261","150007567","chr1","29189596","29189901","33","120817665"
"chr1","150263756","150264048","chr1","149479610","149479910","9","784146"
"chr1","150533807","150534087","chr1","61948807","61949086","50","88585000"
"chr1","150540019","150540186","chr1","149761181","149761342","7","778838"
"chr1","150561818","150562105","chr1","149787506","149787796","4","774312"
"chr1","150575514","150575826","chr1","149801227","149801543","5","774287"
"chr1","150589916","150590046","chr14","62610265","62610395","7","87979651"
"chr1","150757537","150757813","chr1","149993933","149994209","2","763604"
"chr1","150808491","150808786","chr1","150047438","150047733","0","761053"
"chr1","150821706","150821830","chr2B","207026815","207026935","26","56205109"
"chr1","150932244","150932413","chrX","88694245","88694415","23","62237999"
"chr1","151152203","151152481","chr1","150403531","150403848","39","748672"
"chr1","151421229","151421522","chr1","150677674","150677969","5","743555"
"chr1","151540496","151540793","chr11","64717899","64718195","43","86822597"
"chr1","151793958","151794253","chr1","151046414","151046709","1","747544"
"chr1","151821785","151822057","chr10","102120858","102121131","44","49700927"
"chr1","151994973","151995170","chr1","151250355","151250552","0","744618"
"chr1","152264989","152265197","chr1","151516100","151516309","2","748889"
"chr1","152500001","152500106","chr16","66956449","66956554","14","85543552"
"chr1","152535697","152535862","chrX","296942","297101","26","152238755"
"chr1","152549741","152549867","chr12","38992415","38992548","24","113557326"
"chr1","152549899","152550185","chr1","151803348","151803634","1","746551"
"chr1","152628993","152629292","chr1","151882999","151883302","6","745994"
"chr1","152640275","152640385","chr5","172392908","172393028","28","19752633"
"chr1","152666628","152666928","chr1","151920615","151920911","7","746013"
"chr1","152701171","152701298","chr5","172392908","172393028","30","19691737"
"chr1","152890514","152890821","chr1","152147999","152148307","4","742515"
"chr1","152967594","152967691","chr20","16652596","16652702","26","136314998"
"chr1","153002389","153002561","chr18","16129447","16129614","27","136872942"
"chr1","153017378","153017642","chr1","152276396","152276660","1","740982"
"chr1","153023142","153023325","chr3","154987099","154987278","36","1963957"
"chr1","153026528","153026817","chr1","152285797","152286088","7","740731"
"chr1","153048580","153048855","chr1","152307948","152308224","2","740632"
"chr1","153050719","153050847","chr6","36107768","36107898","21","116942951"
"chr1","153050848","153051153","chr1","53118077","53118382","31","99932771"
"chr1","153051154","153051315","chr1","198396810","198396976","35","45345656"
"chr1","153064285","153064581","chr1","152324161","152324458","4","740124"
"chr1","153066490","153066626","chr1","152326472","152326608","0","740018"
"chr1","153076644","153076734","chr3","181238196","181238292","26","28161552"
"chr1","153094568","153094674","chr3","181238196","181238292","30","28143628"
"chr1","153166717","153166990","chr1","152430339","152430612","0","736378"
"chr1","153195000","153195180","chr19","835919","836108","28","152359081"
"chr1","153199902","153200214","chr1","152464557","152464869","1","735345"
"chr1","153202324","153202438","chr5","172392908","172393028","29","19190584"
"chr1","153209892","153210011","chr17","1672879","1672986","27","151537013"
"chr1","153248656","153248808","chr14","45477031","45477191","28","107771625"
"chr1","153253633","153253923","chr17","44044090","44044378","57","109209543"
"chr1","153279242","153279548","chr1","91996520","91996819","36","61282722"
"chr1","153281260","153281382","chr4","84675478","84675615","27","68605782"
"chr1","153321766","153321933","chr1","208319348","208319501","38","54997582"
"chr1","153336990","153337287","chr1","152604034","152604332","1","732956"
"chr1","153394462","153394563","chr19","11330239","11330343","26","142064223"
"chr1","153395371","153395676","chr4","141934893","141935195","51","11460478"
"chr1","153413138","153413439","chr1","152682910","152683212","4","730228"
"chr1","153461518","153461822","chr1","152732689","152732996","4","728829"
"chr1","153477299","153477421","chr2B","199271339","199271453","33","45794040"
"chr1","153578007","153578292","chr2A","27802322","27802614","48","125775685"
"chr1","153727462","153727572","chr2B","142240066","142240170","28","11487396"
"chr1","153764506","153764684","chr8","84018854","84019036","23","69745652"
"chr1","153773320","153773619","chr1","153047016","153047319","4","726304"
"chr1","153844281","153844572","chr1","153120009","153120300","2","724272"
"chr1","153914625","153914882","chr1","153190899","153191182","26","723726"
"chr1","153996199","153996489","chr1","153275358","153275649","1","720841"
"chr1","154083449","154083674","chr7","14497974","14498190","27","139585475"
"chr1","154089370","154089499","chr20","53625628","53625758","12","100463742"
"chr1","154259348","154259435","chr14","100673591","100673682","20","53585757"
"chr1","154322920","154323220","chr7","91539964","91540267","48","62782956"
"chr1","154588406","154588491","chr3","181238196","181238292","23","26649790"
"chr1","155043814","155044108","chr1","154335948","154336245","3","707866"
"chr1","155149163","155149451","chr1","154443937","154444226","1","705226"
"chr1","155239414","155239500","chr3","181238196","181238292","18","25998782"
"chr1","155377000","155377282","chr1","154673920","154674230","32","703080"
"chr1","155386390","155386689","chr1","154683347","154683646","0","703043"
"chr1","155391351","155391654","chr1","154688303","154688613","7","703048"
"chr1","155417230","155417530","chr1","154714475","154714776","1","702755"
"chr1","155504408","155504690","chr1","154802553","154802836","4","701855"
"chr1","156049960","156050266","chrX","76686960","76687263","33","79363000"
"chr1","156411994","156412285","chr1","155719596","155719887","0","692398"
"chr1","156545046","156545198","chr1","155853778","155853933","3","691268"
"chr1","156705349","156705653","chr7","53389618","53389912","52","103315731"
"chr1","157125177","157125456","chr1","156440169","156440448","2","685008"
"chr1","157203575","157203704","chr2A","32693701","32693835","28","124509874"
"chr1","157244804","157245101","chr1","156561696","156561995","7","683108"
"chr1","157255479","157255683","chr7","121024628","121024837","39","36230851"
"chr1","157283258","157283502","chr1","146163106","146163339","51","11120152"
"chr1","157353671","157353957","chr1","156669496","156669783","1","684175"
"chr1","157471559","157471674","chr2A","32693701","32693835","32","124777858"
"chr1","157506141","157506408","chr4","185237161","185237423","41","27731020"
"chr1","157528856","157529160","chr1","10063605","10063905","35","147465251"
"chr1","157700534","157700820","chr1","157020499","157020785","1","680035"
"chr1","157766201","157766508","chr1","157086806","157087114","3","679395"
"chr1","157800420","157800716","chrX","47100274","47100570","45","110700146"
"chr1","157816476","157816786","chrX","120336190","120336494","34","37480286"
"chr1","157863624","157863911","chr5","61064932","61065217","32","96798692"
"chr1","157984062","157984148","chr13","24059413","24059502","24","133924649"
"chr1","158082553","158082630","chr11","8774884","8774956","18","149307669"
"chr1","158137352","158137564","chr3","159599907","159600115","33","1462555"
"chr1","158209087","158209101","chr1","28547144","28547162","7","129661943"
"chr1","158209129","158209413","chr1","157538873","157539180","23","670256"
"chr1","158224189","158224496","chr1","157553978","157554288","4","670211"
"chr1","158224998","158225290","chr1","157554791","157555083","0","670207"
"chr1","158314558","158314866","chr1","157645600","157645908","0","668958"
"chr1","158326302","158326598","chr19","17435671","17435968","35","140890631"
"chr1","158341208","158341407","chr5","108746310","108746504","53","49594898"
"chr1","158341601","158341709","chr10","35377960","35378070","23","122963641"
"chr1","158399722","158399954","chr3","189561906","189562139","31","31162184"
"chr1","158425101","158425391","chr1","157761094","157761387","4","664007"
"chr1","158439385","158439689","chr5","120722640","120722943","47","37716745"
"chr1","158499656","158499930","chr1","157836709","157837015","32","662947"
"chr1","158500345","158500630","chr1","157837398","157837685","3","662947"
"chr1","158514470","158514740","chr1","157851132","157851402","1","663338"
"chr1","158518291","158518582","chr1","157854952","157855247","14","663339"
"chr1","158530091","158530380","chr1","157866632","157866921","1","663459"
"chr1","158552110","158552223","chr17","26384310","26384419","20","132167800"
"chr1","158640670","158640973","chr1","157985805","157986111","7","654865"
"chr1","158680551","158680689","chr1","158024936","158025074","1","655615"
"chr1","158699585","158699878","chr1","158044002","158044295","3","655583"
"chr1","158771204","158771489","chr1","158116322","158116607","0","654882"
"chr1","158843463","158843570","chr5","172392908","172393028","27","13549445"
"chr1","158883385","158883661","chr5","146001291","146001571","51","12882094"
"chr1","158992231","158992531","chr1","158340801","158341101","0","651430"
"chr1","159068678","159068918","chr2A","29503231","29503467","35","129565447"
"chr1","159090993","159091286","chr1","158440829","158441134","16","650164"
"chr1","159112316","159112621","chr5","62119881","62120180","49","96992435"
"chr1","159321747","159321868","chr10","101398659","101398772","23","57923088"
"chr1","159335537","159335834","chr1","158688762","158689058","6","646775"
"chr1","159455096","159455222","chr1","6844228","6844361","33","152610868"
"chr1","159479343","159479582","chr4","94951203","94951457","50","64528140"
"chr1","159570912","159571212","chr1","158928434","158928735","3","642478"
"chr1","159813366","159813531","chr17","60691411","60691574","29","99121955"
"chr1","159839546","159839699","chr10","123443216","123443360","34","36396330"
"chr1","159861140","159861439","chr1","159222951","159223252","5","638189"
"chr1","159966878","159967174","chr1","159338988","159339286","3","627890"
"chr1","159988301","159988592","chr1","159360449","159360740","0","627852"
"chr1","160059383","160059535","chr12","118030190","118030337","18","42029193"
"chr1","160059680","160059824","chr1","11780192","11780341","22","148279488"
"chr1","160077635","160077953","chr1","159456216","159456534","1","621419"
"chr1","160185035","160185312","chr8","26766421","26766701","30","133418614"
"chr1","160228754","160229045","chr1","159610078","159610382","18","618676"
"chr1","160279232","160279511","chr19","43751329","43751620","50","116527903"
"chr1","160334629","160334730","chr2B","210790127","210790232","20","50455498"
"chr1","160453635","160453927","chr1","159838086","159838385","11","615549"
"chr1","160477203","160477508","chr9","804615","804914","37","159672588"
"chr1","160538576","160538878","chr3","181262692","181262994","45","20724116"
"chr1","161039693","161039788","chr3","181238196","181238292","28","20198503"
"chr1","161179351","161179644","chr1","160573223","160573519","5","606128"
"chr1","161271349","161271635","chr1","160665734","160666022","5","605615"
"chr1","161343742","161344036","chr1","160739024","160739322","5","604718"
"chr1","161440851","161441141","chr1","160836790","160837080","0","604061"
"chr1","161500001","161500123","chr5","172392908","172393028","26","10892907"
"chr1","161518890","161519196","chr1","160917078","160917387","6","601812"
"chr1","161546010","161546331","chr2A","24595247","24595550","48","136950763"
"chr1","161595688","161595950","chr1","161002551","161002814","2","593137"
"chr1","161738464","161738578","chr19","4055014","4055149","31","157683450"
"chr1","161747415","161747719","chr17","46707839","46708141","30","115039576"
"chr1","161752123","161752250","chr5","102669239","102669366","12","59082884"
"chr1","161763063","161763356","chr1","161166980","161167278","5","596083"
"chr1","161792738","161793037","chr1","161196657","161196961","8","596081"
"chr1","161886263","161886566","chr1","161290241","161290544","6","596022"
"chr1","161936288","161936540","chr2A","29362784","29363036","35","132573504"
"chr1","161978867","161979170","chr1","161383410","161383712","1","595457"
"chr1","162100622","162100961","chr18","2261587","2261887","104","159839035"
"chr1","162627215","162627335","chr1","161523032","161523152","2","1104183"
"chr1","162656821","162656936","chr5","172392908","172393028","29","9736087"
"chr1","162744437","162744719","chr1","161646588","161646870","1","1097849"
"chr1","162885464","162885771","chr1","161790409","161790717","1","1095055"
"chr1","162890297","162890529","chr1","161795251","161795483","0","1095046"
"chr1","162933066","162933364","chr3","185816138","185816442","32","22883072"
"chr1","163047312","163047548","chr1","161956851","161957072","15","1090461"
"chr1","163146942","163147246","chr17","58114546","58114845","34","105032396"
"chr1","163182441","163182530","chr13","108019422","108019512","15","55163019"
"chr1","163266458","163266767","chr1","162177099","162177407","1","1089359"
"chr1","163287532","163287843","chr1","162198631","162198914","30","1088901"
"chr1","163453215","163453315","chr1","162362855","162362955","1","1090360"
"chr1","163587311","163587350","chr17","478093","478136","10","163109218"
"chr1","163606189","163606483","chr1","162517675","162517969","1","1088514"
"chr1","163752763","163753073","chr1","162669722","162670038","6","1083041"
"chr1","164280279","164280587","chr1","163205918","163206231","5","1074361"
"chr1","164350506","164350645","chr1","163281433","163281572","1","1069073"
"chr1","164513302","164513598","chr1","163447033","163447332","4","1066269"
"chr1","164561935","164562229","chr1","163495749","163496052","12","1066186"
"chr1","164581522","164581556","chr3","48388384","48388414","15","116193138"
"chr1","164689553","164689840","chr1","163629918","163630208","4","1059635"
"chr1","164744149","164744268","chr5","172392908","172393028","27","7648759"
"chr1","164786183","164786479","chr1","163727547","163727847","4","1058636"
"chr1","164787878","164788182","chr1","163729246","163729550","0","1058632"
"chr1","164812083","164812389","chr1","163753710","163754018","3","1058373"
"chr1","164837378","164837677","chr1","163779073","163779371","2","1058305"
"chr1","164840344","164840638","chr1","163782041","163782337","2","1058303"
"chr1","164881063","164881202","chr7","156274717","156274856","22","8606346"
"chr1","165091397","165091470","chr1","164037616","164037689","0","1053781"
"chr1","165121409","165121728","chr1","164067689","164067991","20","1053720"
"chr1","165161871","165162139","chr1","164108372","164108640","3","1053499"
"chr1","165372459","165372619","chr4","40065116","40065274","21","125307343"
"chr1","165619965","165620091","chr1","164567752","164567878","3","1052213"
"chr1","165649834","165650138","chr1","164595889","164596193","2","1053945"
"chr1","165662534","165662642","chr22","33938435","33938535","17","131724099"
"chr1","165715399","165715697","chr14","101955651","101955946","35","63759748"
"chr1","165879724","165879848","chr8","26723415","26723536","31","139156309"
"chr1","165960032","165960338","chr1","164906373","164906679","0","1053659"
"chr1","166095844","166096134","chr1","165041586","165041875","2","1054258"
"chr1","166339594","166339745","chr2B","157301493","157301635","40","9038101"
"chr1","166358929","166359235","chr1","165297312","165297618","7","1061617"
"chr1","166369507","166369813","chr10","72484894","72485205","51","93884613"
"chr1","166402518","166402815","chr1","165341673","165341972","3","1060845"
"chr1","166672260","166672552","chr1","165614211","165614502","4","1058049"
"chr1","167080161","167080454","chr1","166028360","166028654","4","1051801"
"chr1","167127960","167128260","chr1","166075653","166075953","2","1052307"
"chr1","167327383","167327692","chr4","100643786","100644097","44","66683597"
"chr1","167591195","167591494","chr1","166545857","166546161","8","1045338"
"chr1","168360624","168360915","chr1","167368437","167368727","3","992187"
"chr1","168662552","168662844","chr1","167676246","167676562","26","986306"
"chr1","168763145","168763441","chr1","167789140","167789436","7","974005"
"chr1","168892209","168892521","chrX","100579287","100579609","71","68312922"
"chr1","169233736","169234018","chr1","168081550","168081831","9","1152186"
"chr1","169302411","169302515","chr2B","205936995","205937106","29","36634584"
"chr1","169351829","169351931","chr2B","142240066","142240170","28","27111763"
"chr1","169419976","169420279","chr1","168261414","168261715","3","1158562"
"chr1","169508408","169508516","chr2B","142240066","142240170","30","27268342"
"chr1","169706332","169706634","chr1","168549976","168550281","4","1156356"
"chr1","169937761","169938012","chr2A","32253824","32254075","61","137683937"
"chr1","169988590","169988690","chr11","20358123","20358224","18","149630467"
"chr1","170062349","170062428","chr9","96193885","96193980","27","73868464"
"chr1","170160450","170160751","chr1","168993276","168993585","10","1167174"
"chr1","170283056","170283195","chr1","6844228","6844361","37","163438828"
"chr1","170339648","170339940","chr1","169175287","169175579","0","1164361"
"chr1","171571871","171572156","chr1","171145392","171145674","50","426479"
"chr1","171760340","171760485","chr1","170633084","170633228","3","1127256"
"chr1","171801416","171801707","chr1","170674899","170675181","10","1126517"
"chr1","171902847","171903072","chr1","170777580","170777804","5","1125267"
"chr1","171915602","171915893","chr1","170790536","170790827","2","1125066"
"chr1","171925326","171925616","chr1","170800259","170800551","4","1125067"
"chr1","172095049","172095369","chr1","170970744","170971056","8","1124305"
"chr1","172183503","172183793","chr1","171059733","171060042","22","1123770"
"chr1","172269056","172269338","chr1","171145392","171145674","0","1123664"
"chr1","172312424","172312728","chr1","171189734","171190045","8","1122690"
"chr1","172594448","172594612","chr1","171474782","171474948","3","1119666"
"chr1","172619120","172619416","chr1","85529761","85530056","43","87089359"
"chr1","172814097","172814399","chr2A","28990672","28990966","32","143823425"
"chr1","172846458","172846750","chr1","171729089","171729381","3","1117369"
"chr1","172854742","172855032","chr1","171737606","171737896","1","1117136"
"chr1","172861711","172862005","chr1","171743538","171743834","6","1118173"
"chr1","173031195","173031314","chr8","26723415","26723536","24","146307780"
"chr1","173082272","173082574","chr1","171966402","171966701","6","1115870"
"chr1","173278330","173278622","chr1","172164079","172164371","1","1114251"
"chr1","173814557","173814853","chr1","172717988","172718297","17","1096569"
"chr1","173883257","173883413","chr1","172786998","172787154","0","1096259"
"chr1","174107208","174107514","chr16","74980385","74980691","65","99126823"
"chr1","174513759","174514094","chr1","173426055","173426362","29","1087704"
"chr1","174547173","174547456","chr1","173460407","173460690","2","1086766"
"chr1","174636266","174636569","chr1","173549651","173549958","6","1086615"
"chr1","174648723","174649040","chr1","173562139","173562455","14","1086584"
"chr1","174788053","174788137","chr8","46091691","46091777","17","128696362"
"chr1","175005550","175005845","chr1","173923716","173924012","1","1081834"
"chr1","175110371","175110698","chr1","174028172","174028505","6","1082199"
"chr1","175684637","175684933","chr1","174612929","174613225","3","1071708"
"chr1","175975329","175975577","chr1","174902305","174902553","2","1073024"
"chr1","176110049","176110183","chr3","198268184","198268291","43","22158135"
"chr1","176368296","176368593","chr10","91719932","91720218","64","84648364"
"chr1","176474396","176474505","chr10","101398659","101398772","28","75075737"
"chr1","176909942","176910030","chr14","100673591","100673682","14","76236351"
"chr1","176935173","176935292","chr2B","199271339","199271453","27","22336166"
"chr1","177142453","177142765","chr1","175933696","175934009","2","1208757"
"chr1","177226116","177226394","chr1","176018058","176018362","30","1208058"
"chr1","177293663","177293782","chr5","172392908","172393028","27","4900755"
"chr1","177592705","177593012","chr1","176393808","176394114","1","1198897"
"chr1","177694475","177694769","chr1","176498059","176498358","7","1196416"
"chr1","177953848","177954132","chr1","176754788","176755074","8","1199060"
"chr1","178049853","178050137","chr9","124491667","124491953","43","53558186"
"chr1","178247046","178247342","chr1","177046584","177046881","2","1200462"
"chr1","178365643","178365924","chr9","33729184","33729467","34","144636459"
"chr1","178533088","178533201","chr20","16652596","16652702","29","161880492"
"chr1","179113280","179113578","chr1","177931573","177931875","6","1181707"
"chr1","179694940","179695245","chr1","178515427","178515732","4","1179513"
"chr1","179747432","179747776","chr19","23727337","23727667","91","156020095"
"chr1","179844771","179845054","chr1","178669430","178669713","0","1175341"
"chr1","179881858","179882002","chr1","178703995","178704169","32","1177863"
"chr1","180000543","180000846","chr21","15705648","15705950","38","164294895"
"chr1","180009777","180010066","chr1","178836437","178836730","5","1173340"
"chr1","180012708","180013006","chr1","178839374","178839679","11","1173334"
"chr1","180042432","180042545","chr2B","199271339","199271453","25","19228907"
"chr1","180064805","180064883","chr11","8774884","8774956","25","171289921"
"chr1","180242024","180242331","chr1","179071550","179071857","4","1170474"
"chr1","180242375","180242480","chr2B","210790127","210790232","20","30547752"
"chr1","180263504","180263656","chrX","54148377","54148526","25","126115127"
"chr1","180263691","180263979","chr1","133493331","133493627","50","46770360"
"chr1","180274227","180274534","chr1","179105100","179105410","3","1169127"
"chr1","180334341","180334524","chr1","179166838","179167021","2","1167503"
"chr1","180365340","180365446","chr3","181238196","181238292","26","872856"
"chr1","180367228","180367539","chr5","83223438","83223747","45","97143790"
"chr1","180392193","180392486","chr1","179224948","179225244","4","1167245"
"chr1","180416205","180416312","chr12","96612468","96612571","18","83803737"
"chr1","180451203","180451493","chr10","23144096","23144389","38","157307107"
"chr1","180454215","180454519","chr5","58634298","58634603","41","121819917"
"chr1","180455009","180455139","chr5","172392908","172393028","25","8062101"
"chr1","180500776","180501035","chr2B","235044699","235044958","32","54543923"
"chr1","180505264","180505555","chr1","179341954","179342247","3","1163310"
"chr1","180516869","180517167","chr1","179353435","179353732","1","1163434"
"chr1","180554628","180554940","chr15","59893029","59893339","36","120661599"
"chr1","180605011","180605301","chr1","179447576","179447866","0","1157435"
"chr1","180642126","180642410","chr1","179485719","179486001","3","1156407"
"chr1","180677127","180677439","chr3","122809189","122809500","43","57867938"
"chr1","180744710","180745003","chr1","179590899","179591192","0","1153811"
"chr1","180747703","180747996","chr4","130547535","130547834","34","50200168"
"chr1","180806368","180806674","chr2A","57877325","57877637","51","122929043"
"chr1","180831170","180831334","chr1","78871015","78871180","25","101960155"
"chr1","180838618","180838743","chr1","6844228","6844361","27","173994390"
"chr1","180867034","180867336","chr1","179716557","179716890","32","1150477"
"chr1","181005315","181005539","chr1","179856491","179856717","4","1148824"
"chr1","181353412","181353711","chr1","180218666","180218971","6","1134746"
"chr1","181362017","181362326","chr1","180227279","180227588","21","1134738"
"chr1","181501227","181501521","chr1","180370462","180370756","2","1130765"
"chr1","181664268","181664564","chr1","180539118","180539416","3","1125150"
"chr1","181781337","181781634","chr1","180656066","180656361","2","1125271"
"chr1","181840029","181840078","chr19","46929278","46929331","10","134910751"
"chr1","181858291","181858457","chr1","180735089","180735255","0","1123202"
"chr1","181870228","181870517","chr1","180747438","180747727","4","1122790"
"chr1","181882404","181882691","chr20","2846688","2846957","53","179035716"
"chr1","181921824","181921951","chr7","112797358","112797487","24","69124466"
"chr1","181995368","181995454","chr8","46091691","46091777","16","135903677"
"chr1","182020422","182020739","chr1","180901059","180901383","24","1119363"
"chr1","182020782","182020943","chr5","7083892","7084059","38","174936890"
"chr1","182039473","182039666","chr19","54449281","54449473","23","127590192"
"chr1","182139852","182140136","chr1","181026546","181026826","4","1113306"
"chr1","182171704","182171796","chr14","100673591","100673682","19","81498113"
"chr1","182197661","182197767","chr1","181085943","181086049","1","1111718"
"chr1","182212954","182213263","chr1","181101707","181102020","10","1111247"
"chr1","182231428","182231568","chr11","32958670","32958814","35","149272758"
"chr1","182249418","182249507","chr22","33938435","33938535","21","148310983"
"chr1","182291870","182292034","chr1","181183029","181183193","1","1108841"
"chr1","182361960","182362233","chr1","181253923","181254196","1","1108037"
"chr1","182387881","182387995","chr2A","62538961","62539069","23","119848920"
"chr1","182465084","182465400","chr1","53118077","53118382","57","129347007"
"chr1","182668801","182669051","chr2B","240263975","240264225","32","57595174"
"chr1","182680970","182681274","chr1","181580977","181581283","2","1099993"
"chr1","182686179","182686491","chr1","181586218","181586534","6","1099961"
"chr1","182708992","182709250","chr1","181609045","181609303","1","1099947"
"chr1","182744305","182744615","chr1","181644526","181644836","0","1099779"
"chr1","182881152","182881284","chr13","20200286","20200416","32","162680866"
"chr1","182886437","182886722","chr1","181789600","181789885","1","1096837"
"chr1","182900143","182900446","chr1","181803315","181803620","3","1096828"
"chr1","182900858","182901161","chr1","181804032","181804336","2","1096826"
"chr1","183208556","183208835","chr1","182119745","182120031","11","1088811"
"chr1","183247930","183248212","chr1","182159480","182159762","1","1088450"
"chr1","183267582","183267827","chr1","182179125","182179370","1","1088457"
"chr1","183267828","183267930","chr2B","142240066","142240170","27","41027762"
"chr1","183282163","183282454","chrX","121780168","121780460","27","61501995"
"chr1","183327416","183327717","chr1","182242403","182242707","5","1085013"
"chr1","183358813","183359112","chr1","182274474","182274772","1","1084339"
"chr1","183488381","183488677","chr22","35014871","35015165","37","148473510"
"chr1","183572561","183572915","chr8","123780502","123780839","54","59792059"
"chr1","183581329","183581510","chr17","62476454","62476615","61","121104875"
"chr1","183584996","183585230","chr3","161206348","161206577","57","22378648"
"chr1","183627718","183627996","chr1","182550861","182551154","16","1076857"
"chr1","183629289","183629374","chr14","100673591","100673682","21","82955698"
"chr1","183652465","183652768","chr1","182578613","182578918","11","1073852"
"chr1","183698360","183698645","chr1","182629355","182629642","3","1069005"
"chr1","183718424","183718726","chr13","47677834","47678138","33","136040590"
"chr1","183740663","183740854","chr5","76266656","76266847","27","107474007"
"chr1","183761855","183762149","chr1","182695485","182695779","1","1066370"
"chr1","183773394","183773694","chr6","138446760","138447068","44","45326634"
"chr1","183775871","183775988","chr8","26723415","26723536","22","157052456"
"chr1","183788428","183788728","chr1","182722511","182722810","3","1065917"
"chr1","183798892","183798970","chr14","100673591","100673682","28","83125301"
"chr1","183806793","183807110","chr1","182742766","182743082","3","1064027"
"chr1","183809347","183809646","chr1","182745325","182745630","7","1064022"
"chr1","183840578","183840871","chr1","182779328","182779636","16","1061250"
"chr1","183856372","183856668","chr1","182795563","182795859","2","1060809"
"chr1","183884625","183884920","chr1","182823356","182823658","9","1061269"
"chr1","184123998","184124259","chr9","133517048","133517309","50","50606950"
"chr1","184176052","184176279","chr1","22213209","22213430","47","161962843"
"chr1","184269809","184270105","chr18","42118439","42118732","48","142151370"
"chr1","184287509","184287765","chr1","183233884","183234140","1","1053625"
"chr1","184294492","184294772","chr1","183240879","183241160","1","1053613"
"chr1","184375465","184375755","chr1","183327391","183327681","0","1048074"
"chr1","184398365","184398671","chr1","183349742","183350053","10","1048623"
"chr1","184456354","184456637","chr1","183406277","183406562","3","1050077"
"chr1","184485664","184485972","chr1","183435601","183435910","4","1050063"
"chr1","184741168","184741476","chr1","183692374","183692681","1","1048794"
"chr1","184883569","184883668","chr22","33938435","33938535","18","150945134"
"chr1","185006372","185006689","chr1","183966941","183967260","7","1039431"
"chr1","185021596","185021902","chr12","347888","348195","33","184673708"
"chr1","185041011","185041309","chr1","184001325","184001626","5","1039686"
"chr1","185060804","185061052","chr1","31303043","31303270","62","153757761"
"chr1","185111895","185112002","chr11","20358123","20358224","27","164753772"
"chr1","185116035","185116136","chr2B","142240066","142240170","29","42875969"
"chr1","185131509","185131812","chr1","184092081","184092387","6","1039428"
"chr1","185165666","185165911","chr1","184125658","184125903","0","1040008"
"chr1","185176193","185176478","chr3","158043093","158043386","71","27133100"
"chr1","185192556","185192718","chr1","128198509","128198667","32","56994047"
"chr1","185195704","185195995","chr1","184155560","184155851","2","1040144"
"chr1","185260652","185260959","chr1","184222906","184223212","3","1037746"
"chr1","185355585","185355891","chr1","184321140","184321446","3","1034445"
"chr1","185373592","185373892","chr1","184340350","184340649","3","1033242"
"chr1","185406619","185406900","chr7","24739193","24739485","39","160667426"
"chr1","185515488","185515790","chr1","184483566","184483870","6","1031922"
"chr1","185524357","185524638","chr11","76631408","76631704","66","108892949"
"chr1","185529579","185529700","chr1","111643789","111643910","12","73885790"
"chr1","185589346","185589657","chr1","184561028","184561349","17","1028318"
"chr1","185889293","185889599","chrUn_GL394730","5430","5737","2","185883863"
"chr1","185932260","185932336","chr18","13216633","13216692","22","172715627"
"chr1","185970749","185970920","chr2A","27033598","27033761","43","158937151"
"chr1","185970951","185971063","chr6","55835030","55835139","42","130135921"
"chr1","186041219","186041509","chr4","39147057","39147350","36","146894162"
"chr1","186128574","186128874","chr1","185339784","185340086","3","788790"
"chr1","186183397","186183704","chr1","185394698","185395007","2","788699"
"chr1","186235500","186235598","chr3","181238196","181238292","22","4997304"
"chr1","186291879","186292177","chr1","185503775","185504073","0","788104"
"chr1","186350683","186350986","chr1","185563279","185563601","24","787404"
"chr1","186509171","186509477","chr1","185724924","185725234","6","784247"
"chr1","186873423","186873673","chr1","186093573","186093823","3","779850"
"chr1","187016051","187016348","chr1","186238093","186238392","5","777958"
"chr1","187232906","187233018","chr2B","199271339","199271453","30","12038433"
"chr1","187256767","187257047","chr1","186480192","186480474","6","776575"
"chr1","187305309","187305606","chr1","186528759","186529071","19","776550"
"chr1","187409013","187409176","chr6","55699024","55699181","26","131709989"
"chr1","187956892","187957055","chr1","54397545","54397708","28","133559347"
"chr1","188028007","188028088","chr8","46091691","46091777","23","141936316"
"chr1","188063269","188063552","chr1","186757882","186758165","4","1305387"
"chr1","188112065","188112364","chr1","186805798","186806098","2","1306267"
"chr1","188323791","188324095","chr1","187020513","187020824","11","1303278"
"chr1","188605664","188605974","chr1","187309826","187310139","7","1295838"
"chr1","188698293","188698582","chr1","187403321","187403610","0","1294972"
"chr1","188805971","188806278","chr1","187512491","187512798","2","1293480"
"chr1","189242811","189242900","chr8","46091691","46091777","19","143151120"
"chr1","189276663","189276965","chr1","187986169","187986471","0","1290494"
"chr1","189278592","189278888","chr1","187988098","187988397","4","1290494"
"chr1","189351030","189351184","chr1","67381391","67381545","27","121969639"
"chr1","189535764","189535853","chr14","100673591","100673682","20","88862173"
"chr1","189654266","189654564","chr1","188368103","188368411","17","1286163"
"chr1","189770818","189771127","chr1","188485575","188485883","3","1285243"
"chr1","189954355","189954633","chr1","188669044","188669366","44","1285311"
"chr1","190392491","190392804","chr1","189053671","189053985","3","1338820"
"chr1","190480815","190481110","chr1","189142846","189143141","0","1337969"
"chr1","190605510","190605803","chr1","189269081","189269376","2","1336429"
"chr1","190606999","190607170","chr3","49070115","49070288","35","141536884"
"chr1","190695030","190695330","chr1","189357583","189357883","1","1337447"
"chr1","190739303","190739609","chr1","189401039","189401344","3","1338264"
"chr1","190944172","190944481","chr1","189607567","189607873","7","1336605"
"chr1","190964853","190965148","chr1","129333794","129334088","39","61631059"
"chr1","191092719","191093029","chr1","189758244","189758554","2","1334475"
"chr1","191526663","191526971","chr14","96539388","96539693","57","94987275"
"chr1","191608813","191609095","chr1","190284066","190284349","2","1324747"
"chr1","191646050","191646330","chr1","190323482","190323758","4","1322568"
"chr1","191660402","191660699","chr1","190337734","190338033","3","1322668"
"chr1","191670987","191671286","chr1","190348672","190348971","0","1322315"
"chr1","191882285","191882514","chr1","190564780","190565009","1","1317505"
"chr1","191917362","191917654","chr1","190599860","190600155","6","1317502"
"chr1","192066976","192067265","chr1","190753003","190753297","6","1313973"
"chr1","192074612","192074892","chr11","61662149","61662433","51","130412463"
"chr1","192229214","192229482","chr1","190919799","190920065","4","1309415"
"chr1","192478380","192478674","chr1","191169982","191170276","0","1308398"
"chr1","192652861","192653172","chr1","191341317","191341620","10","1311544"
"chr1","192674197","192674325","chr13","22694842","22694978","29","169979355"
"chr1","192712760","192713067","chr1","191401357","191401664","1","1311403"
"chr1","192713624","192713923","chr1","191402221","191402521","2","1311403"
"chr1","192727620","192727926","chr1","191415215","191415513","15","1312405"
"chr1","193126686","193126989","chr1","191821365","191821671","14","1305321"
"chr1","193137754","193137858","chr2B","199271339","199271453","28","6133585"
"chr1","193239007","193239124","chr5","172392908","172393028","32","20846099"
"chr1","193246474","193246770","chr1","191945920","191946218","3","1300554"
"chr1","193256674","193256947","chr1","191956422","191956699","4","1300252"
"chr1","193265034","193265339","chr1","191965062","191965367","3","1299972"
"chr1","193307985","193308101","chr5","172392908","172393028","33","20915077"
"chr1","193329257","193329503","chr7","109907962","109908212","38","83421295"
"chr1","193345567","193345874","chr6","87831733","87832040","43","105513834"
"chr1","193423387","193423691","chr7","74954148","74954455","42","118469239"
"chr1","193454358","193454630","chr1","192161648","192161920","1","1292710"
"chr1","193471269","193471444","chr1","192178549","192178724","1","1292720"
"chr1","193473650","193473816","chr1","192180933","192181099","0","1292717"
"chr1","193475647","193475955","chr1","192182930","192183237","3","1292717"
"chr1","193755654","193755936","chr1","192466406","192466688","0","1289248"
"chr1","193988150","193988241","chr14","100673591","100673682","29","93314559"
"chr1","194046378","194046519","chr16","19339749","19339897","29","174706629"
"chr1","194271798","194272116","chr1","192991292","192991594","17","1280506"
"chr1","194327951","194328261","chr1","193047908","193048218","1","1280043"
"chr1","194333713","194333805","chr1","160944586","160944680","27","33389127"
"chr1","194396861","194396997","chr1","6844228","6844361","25","187552633"
"chr1","194457334","194457548","chr1","193182645","193182859","2","1274689"
"chr1","194477838","194478143","chr1","193203152","193203457","3","1274686"
"chr1","194505676","194505965","chr1","193231369","193231658","2","1274307"
"chr1","194577720","194578010","chr1","193304376","193304666","1","1273344"
"chr1","194783289","194783379","chr6","66580540","66580629","11","128202749"
"chr1","194975234","194975511","chr19","48852561","48852837","46","146122673"
"chr1","195087344","195087576","chr1","193820570","193820803","3","1266774"
"chr1","195445645","195445934","chr1","194174701","194174990","1","1270944"
"chr1","195620882","195621182","chrX","154728420","154728718","46","40892462"
"chr1","195820051","195820355","chr1","194552144","194552449","4","1267907"
"chr1","196001203","196001521","chr1","194734885","194735203","6","1266318"
"chr1","196081469","196081776","chr1","194815327","194815632","4","1266142"
"chr1","196550173","196550474","chr6","43433663","43433963","44","153116510"
"chr1","196652748","196653028","chr1","195395915","195396199","11","1256833"
"chr1","196710306","196710608","chr1","195453440","195453742","1","1256866"
"chr1","197217042","197217332","chr1","195962178","195962474","7","1254864"
"chr1","197306887","197307180","chr1","196052277","196052577","10","1254610"
"chr1","197618321","197618445","chr14","26439576","26439696","24","171178745"
"chr1","197788682","197788962","chr1","196537026","196537303","4","1251656"
"chr1","197975963","197976226","chr1","196730212","196730475","2","1245751"
"chr1","198095360","198095666","chr1","196850634","196850939","4","1244726"
"chr1","198111541","198111834","chr1","196867079","196867372","0","1244462"
"chr1","198189358","198189656","chr1","196949274","196949576","4","1240084"
"chr1","198548859","198549091","chr1","197319353","197319585","1","1229506"
"chr1","198642781","198643082","chr1","197416580","197416876","7","1226201"
"chr1","198659565","198659881","chr16","74980385","74980691","58","123679180"
"chr1","198683096","198683390","chr2A","88339562","88339855","52","110343534"
"chr1","198842989","198843265","chr1","197619355","197619633","3","1223634"
"chr1","198923977","198924135","chr6","37299122","37299292","37","161624855"
"chr1","198964724","198964990","chr1","197742292","197742561","25","1222432"
"chr1","199327525","199327821","chr1","198105190","198105486","1","1222335"
"chr1","199519665","199519844","chr10","20168873","20169049","35","179350792"
"chr1","199686488","199686789","chr1","198471352","198471654","3","1215136"
"chr1","199789648","199789948","chr1","198568327","198568627","0","1221321"
"chr1","199855629","199855918","chr1","198634597","198634884","2","1221032"
"chr1","200367937","200368234","chr1","198942461","198942768","12","1425476"
"chr1","200651479","200651651","chr14","49207210","49207370","40","151444269"
"chr1","200697187","200697278","chr13","24059413","24059502","17","176637774"
"chr1","200700894","200701016","chr8","97400368","97400489","11","103300526"
"chr1","200708645","200708946","chr1","199280820","199281127","9","1427825"
"chr1","200718435","200718727","chr1","199290951","199291246","5","1427484"
"chr1","200735243","200735390","chr1","199307737","199307884","1","1427506"
"chr1","200787959","200788089","chr13","22694842","22694978","29","178093117"
"chr1","200817544","200817837","chr1","199394271","199394569","7","1423273"
"chr1","200894895","200895186","chr1","199489340","199489631","4","1405555"
"chr1","200923262","200923571","chr1","199517391","199517699","2","1405871"
"chr1","200930131","200930229","chr3","181238196","181238292","26","19691935"
"chr1","201100200","201100482","chr1","199699622","199699934","30","1400578"
"chr1","201310399","201310518","chr5","139945451","139945585","33","61364948"
"chr1","201563957","201564248","chr1","200171548","200171839","1","1392409"
"chr1","201586465","201586776","chr1","200193981","200194292","2","1392484"
"chr1","201706872","201707151","chr1","200314866","200315144","3","1392006"
"chr1","201722711","201723026","chr4","191254178","191254481","50","10468533"
"chr1","202142583","202142925","chr3","33494146","33494444","80","168648437"
"chr1","202450823","202450991","chr1","201020072","201020240","2","1430751"
"chr1","202535844","202536154","chr3","53420111","53420421","41","149115733"
"chr1","202588739","202589029","chr1","201155362","201155648","5","1433377"
"chr1","202613393","202613641","chr1","201180053","201180301","0","1433340"
"chr1","202900358","202900498","chr14","68364211","68364351","14","134536147"
"chr1","202929045","202929324","chr1","201487270","201487549","1","1441775"
"chr1","202944616","202944765","chr1","201503311","201503466","8","1441305"
"chr1","203128096","203128192","chr2B","205936995","205937106","28","2808899"
"chr1","203237266","203237366","chr10","71415105","71415200","21","131822161"
"chr1","203238992","203239277","chr1","201817778","201818068","6","1421214"
"chr1","203280553","203280876","chr1","201859355","201859676","6","1421198"
"chr1","203411492","203411782","chr1","201992480","201992772","3","1419012"
"chr1","203519255","203519561","chr1","202100366","202100672","1","1418889"
"chr1","203561552","203561669","chr1","35354882","35354997","16","168206670"
"chr1","203581927","203582066","chr2A","32693701","32693835","29","170888226"
"chr1","203731045","203731250","chr1","202314634","202314839","0","1416411"
"chr1","203731435","203731736","chr1","202315024","202315325","3","1416411"
"chr1","203784165","203784473","chr2A","55308706","55309014","69","148475459"
"chr1","203943404","203943707","chr1","191401357","191401664","55","12542047"
"chr1","204089886","204090064","chr3","50636277","50636455","28","153453609"
"chr1","204615297","204615409","chr2A","62538961","62539069","28","142076336"
"chr1","204629893","204630188","chr7","107019450","107019749","35","97610443"
"chr1","204653281","204653462","chr8","6317221","6317400","29","198336060"
"chr1","204653617","204653630","chr1","28547144","28547162","6","176106473"
"chr1","204667096","204667309","chr4","176755200","176755409","33","27911896"
"chr1","204671113","204671401","chr1","203359608","203359903","11","1311505"
"chr1","204671999","204672071","chr6","13877659","13877716","26","190794340"
"chr1","204672365","204672466","chr3","181238196","181238292","32","23434169"
"chr1","204674407","204674624","chr12","25051697","25051909","32","179622710"
"chr1","204705051","204705345","chr1","203394011","203394307","3","1311040"
"chr1","204707081","204707383","chr1","203396798","203397104","6","1310283"
"chr1","204708583","204708891","chr1","203398231","203398506","35","1310352"
"chr1","204711793","204711905","chr2B","205936995","205937106","20","1225202"
"chr1","204715066","204715239","chr19","37326657","37326845","39","167388409"
"chr1","204718079","204718382","chr1","203407378","203407679","6","1310701"
"chr1","204721748","204721975","chr3","112550648","112550856","52","92171100"
"chr1","204748671","204748831","chrX","296942","297101","24","204451729"
"chr1","204762477","204762606","chr1","46484701","46484838","32","158277776"
"chr1","204779368","204779662","chr1","203472364","203472660","3","1307004"
"chr1","204798610","204798900","chr1","203491425","203491715","3","1307185"
"chr1","204808452","204808755","chr1","203501203","203501515","11","1307249"
"chr1","204811223","204811252","chr12","8241499","8241528","12","196569724"
"chr1","204811613","204811686","chr3","54142524","54142584","32","150669089"
"chr1","204867338","204867450","chr3","198268184","198268291","20","6599154"
"chr1","205069195","205069353","chrX","155632548","155632709","26","49436647"
"chr1","205113100","205113403","chr1","203813204","203813507","8","1299896"
"chr1","205155160","205155389","chr16","82311128","82311342","55","122844032"
"chr1","205333947","205334235","chr1","204032489","204032787","13","1301458"
"chr1","205462840","205463132","chr1","204156957","204157249","0","1305883"
"chr1","205475693","205475822","chr2B","199271339","199271453","35","6204354"
"chr1","205511404","205511713","chr1","204205454","204205764","1","1305950"
"chr1","205970657","205970939","chr1","204668672","204668950","4","1301985"
"chr1","206119194","206119486","chr1","204819588","204819880","2","1299606"
"chr1","206180046","206180339","chr1","129769463","129769758","48","76410583"
"chr1","206182839","206183130","chr1","204885125","204885418","3","1297714"
"chr1","206356778","206356900","chr4","40003798","40003912","17","166352980"
"chr1","206375562","206375794","chr1","205081973","205082224","19","1293589"
"chr1","206396749","206396803","chr11","117157879","117157943","17","89238870"
"chr1","206494166","206494318","chr1","160945096","160945245","24","45549070"
"chr1","206494608","206494822","chr6","35261336","35261551","51","171233272"
"chr1","206509213","206509492","chrX","151784730","151785013","42","54724483"
"chr1","206527938","206528234","chr1","205246126","205246422","3","1281812"
"chr1","206537428","206537725","chr7","23070276","23070573","34","183467152"
"chr1","206608454","206608745","chr1","205329599","205329890","1","1278855"
"chr1","206688320","206688416","chr14","100673591","100673682","16","106014729"
"chr1","206718017","206718292","chrX","47844690","47844969","42","158873327"
"chr1","206721264","206721351","chr14","100673591","100673682","15","106047673"
"chr1","206784142","206784310","chrX","101684279","101684447","24","105099863"
"chr1","206847598","206847815","chr1","205577576","205577792","2","1270022"
"chr1","206865166","206865457","chr1","205594724","205595009","9","1270442"
"chr1","206988311","206988614","chr1","205718691","205718994","6","1269620"
"chr1","207026319","207026616","chr1","205757801","205758099","4","1268518"
"chr1","207274917","207275029","chr12","45595653","45595772","22","161679264"
"chr1","207309514","207309779","chr1","206046689","206046984","33","1262825"
"chr1","207317394","207317689","chr1","206054646","206054949","9","1262748"
"chr1","207381194","207381497","chr1","206120475","206120778","12","1260719"
"chr1","207455060","207455342","chr1","206194499","206194781","2","1260561"
"chr1","207608443","207608588","chr11","25729792","25729944","29","181878651"
"chr1","207893376","207893679","chr19","42041881","42042167","64","165851495"
"chr1","208144553","208144857","chr1","206895530","206895834","1","1249023"
"chr1","208165394","208165506","chr1","206916908","206917020","0","1248486"
"chr1","208180314","208180325","chr1","28547144","28547162","11","179633170"
"chr1","208180403","208180504","chr3","198268184","198268291","23","9912219"
"chr1","208206546","208206849","chr1","206959144","206959447","5","1247402"
"chr1","208309564","208309659","chr14","100673591","100673682","24","107635973"
"chr1","208310982","208311112","chr1","207065004","207065134","1","1245978"
"chr1","208995353","208995606","chr3","201373005","201373257","33","7622348"
"chr1","209002430","209002564","chr8","26723415","26723536","32","182279015"
"chr1","209057222","209057516","chr1","207598493","207598788","2","1458729"
"chr1","209271782","209272071","chr1","207793176","207793469","5","1478606"
"chr1","209282728","209282840","chr2A","62538961","62539069","28","146743767"
"chr1","209369408","209369726","chrX","96861047","96861362","35","112508361"
"chr1","209374284","209374593","chr1","207896886","207897185","10","1477398"
"chr1","209405492","209405785","chr1","207928736","207929032","4","1476756"
"chr1","209547702","209548016","chr1","208072346","208072680","22","1475356"
"chr1","209586256","209586561","chr1","208110913","208111220","6","1475343"
"chr1","209604181","209604489","chr1","208128706","208129017","6","1475475"
"chr1","209797324","209797488","chr1","208319348","208319501","11","1477976"
"chr1","209842734","209843016","chr1","208365821","208366133","31","1476913"
"chr1","209853130","209853437","chr1","208376571","208376880","6","1476559"
"chr1","209911347","209911665","chr1","208435256","208435544","32","1476091"
"chr1","209927383","209927624","chr19","59327436","59327677","40","150599947"
"chr1","209975128","209975250","chr2B","205936995","205937106","27","4038133"
"chr1","209989051","209989152","chr3","181238196","181238292","19","28750855"
"chr1","210057391","210057674","chr1","208584741","208585037","14","1472650"
"chr1","210059392","210059665","chr14","88045796","88046083","48","122013596"
"chr1","210072126","210072428","chr1","208599511","208599813","1","1472615"
"chr1","210079424","210079703","chr1","208606286","208606592","28","1473138"
"chr1","210098851","210099018","chr1","54397545","54397708","28","155701306"
"chr1","210121699","210121997","chr1","208650120","208650418","4","1471579"
"chr1","210165359","210165589","chr1","129385965","129386195","36","80779394"
"chr1","210265275","210265369","chr14","100673591","100673682","24","109591684"
"chr1","210540533","210540720","chr5","89559214","89559403","36","120981319"
"chr1","210612213","210612329","chr2B","205936995","205937106","27","4675218"
"chr1","210777744","210778048","chr1","209310576","209310883","5","1467168"
"chr1","210847621","210847929","chr1","209381340","209381637","13","1466281"
"chr1","211044299","211044551","chr6","5123555","5123823","50","205920744"
"chr1","211193934","211194234","chr1","209731884","209732188","8","1462050"
"chr1","211203656","211203823","chr11","124492028","124492191","26","86711628"
"chr1","211291882","211291972","chr14","100673591","100673682","30","110618291"
"chr1","211319334","211319637","chr1","209859852","209860155","2","1459482"
"chr1","211372873","211373150","chr1","209914250","209914569","42","1458623"
"chr1","211549341","211549645","chr1","210097703","210098006","3","1451638"
"chr1","211658614","211658911","chr1","210202231","210202535","14","1456383"
"chr1","211732722","211732873","chr9","15289702","15289841","28","196443020"
"chr1","211733200","211733333","chr20","53625628","53625758","15","158107572"
"chr1","211801310","211801617","chr1","210349351","210349661","7","1451959"
"chr1","211861140","211861461","chr1","210409946","210410267","0","1451194"
"chr1","211943715","211944010","chr1","210493326","210493623","3","1450389"
"chr1","211987487","211987787","chr1","210537034","210537327","11","1450453"
"chr1","212008888","212009172","chr1","210559832","210560119","4","1449056"
"chr1","212042790","212043033","chr1","210597419","210597661","5","1445371"
"chr1","212100625","212100958","chr1","210656893","210657213","15","1443732"
"chr1","212163894","212164195","chr1","210720737","210721039","2","1443157"
"chr1","212184209","212184501","chr1","210741497","210741794","5","1442712"
"chr1","212281118","212281393","chr1","210839021","210839296","4","1442097"
"chr1","212449932","212450238","chr5","144597950","144598248","43","67851982"
"chr1","212496501","212496802","chr1","211055580","211055884","4","1440921"
"chr1","212787220","212787462","chr10","96777563","96777787","46","116009657"
"chr1","212852035","212852286","chr1","211419986","211420238","2","1432049"
"chr1","212886077","212886387","chr1","211454055","211454367","11","1432022"
"chr1","213286878","213287169","chr21","31071670","31071966","40","182215208"
"chr1","213344408","213344519","chr3","181143385","181143493","25","32201023"
"chr1","213385339","213385651","chr1","211961546","211961852","14","1423793"
"chr1","213426696","213426989","chr9","80364268","80364555","57","133062428"
"chr1","213516979","213517158","chr4","74099599","74099769","36","139417380"
"chr1","213546596","213546894","chr1","212124746","212125042","13","1421850"
"chr1","213586151","213586244","chr14","100673591","100673682","10","112912560"
"chr1","213763298","213763396","chr1","160944586","160944680","13","52818712"
"chr1","213806608","213806912","chr1","212393560","212393864","3","1413048"
"chr1","213848339","213848645","chr1","212435434","212435733","7","1412905"
"chr1","213933410","213933635","chr1","212521138","212521364","7","1412272"
"chr1","213939163","213939455","chr1","212526894","212527186","2","1412269"
"chr1","214050882","214051183","chr1","212642189","212642490","1","1408693"
"chr1","214056893","214057180","chr1","212648203","212648491","2","1408690"
"chr1","214063769","214063949","chr8","83530037","83530217","26","130533732"
"chr1","214114799","214115105","chr1","212712789","212713095","5","1402010"
"chr1","214160251","214160561","chr1","212758533","212758839","14","1401718"
"chr1","214475045","214475332","chr1","213074426","213074717","5","1400619"
"chr1","214508395","214508688","chr21","22854737","22855032","34","191653658"
"chr1","214719247","214719377","chr1","213325673","213325803","2","1393574"
"chr1","214769016","214769109","chr3","181238196","181238292","20","33530820"
"chr1","214823626","214823778","chr1","213430388","213430540","0","1393238"
"chr1","214868095","214868386","chr1","213478509","213478801","3","1389586"
"chr1","214906685","214906942","chr3","199688362","199688614","40","15218323"
"chr1","214932606","214932902","chr1","213542810","213543106","3","1389796"
"chr1","214937172","214937454","chr1","213547394","213547680","6","1389778"
"chr1","215051173","215051262","chr3","181238196","181238292","18","33812977"
"chr1","215132716","215133031","chr1","213746869","213747183","3","1385847"
"chr1","215147014","215147310","chr1","213761561","213761862","12","1385453"
"chr1","215433253","215433556","chr1","214051538","214051842","4","1381715"
"chr1","215449777","215449861","chr6","66580540","66580629","13","148869237"
"chr1","215603128","215603249","chr17","15500001","15500133","25","200103127"
"chr1","215655235","215655374","chr5","175990298","175990451","30","39664937"
"chr1","215669887","215670108","chr1","214387023","214387246","6","1282864"
"chr1","215687529","215687826","chr1","214265617","214265914","1","1421912"
"chr1","215689190","215689544","chr1","214406077","214406389","66","1283113"
"chr1","215737203","215737497","chr1","214453973","214454268","3","1283230"
"chr1","215763215","215763525","chr1","214480689","214480999","1","1282526"
"chr1","215778676","215778960","chr1","214496137","214496423","2","1282539"
"chr1","215790131","215790436","chr8","24445412","24445709","45","191344719"
"chr1","215792929","215793227","chr1","214510382","214510683","4","1282547"
"chr1","215868777","215869066","chr1","214586361","214586650","2","1282416"
"chr1","215898274","215898567","chr20","32767659","32767951","54","183130615"
"chr1","215911405","215911691","chr6","33920030","33920307","33","181991375"
"chr1","215911719","215911730","chr1","28547144","28547162","10","187364575"
"chr1","215940175","215940270","chr14","100673591","100673682","20","115266584"
"chr1","215953089","215953372","chr14","63775986","63776275","46","152177103"
"chr1","216025074","216025357","chr1","214742516","214742800","2","1282558"
"chr1","216035058","216035354","chr1","214752663","214752965","9","1282395"
"chr1","216070173","216070472","chr1","214787999","214788310","13","1282174"
"chr1","216088989","216089244","chr1","214807589","214807846","4","1281400"
"chr1","216090718","216090996","chr1","214809313","214809592","3","1281405"
"chr1","216093520","216093819","chr19","17435671","17435968","36","198657849"
"chr1","216122273","216122578","chrX","47208197","47208506","31","168914076"
"chr1","216146897","216147190","chr1","214865172","214865467","3","1281725"
"chr1","216176517","216176774","chr1","214901452","214901708","6","1275065"
"chr1","216426355","216426578","chr1","215156056","215156283","4","1270299"
"chr1","216442034","216442315","chr1","215171731","215172012","2","1270303"
"chr1","216533096","216533399","chr1","215263064","215263357","10","1270032"
"chr1","216573778","216574074","chr1","215303970","215304266","2","1269808"
"chr1","216615257","216615424","chr1","215346410","215346578","4","1268847"
"chr1","216663305","216663612","chr1","215394736","215395047","8","1268569"
"chr1","216687978","216688247","chr9","124025058","124025304","55","92662920"
"chr1","216805391","216805683","chr1","215544335","215544627","3","1261056"
"chr1","216867163","216867459","chr1","215606805","215607102","2","1260358"
"chr1","216890592","216890704","chr20","16652596","16652702","24","200237996"
"chr1","216898956","216899119","chr5","109791696","109791859","30","107107260"
"chr1","216938755","216939045","chr1","215676691","215676981","0","1262064"
"chr1","216968876","216969166","chr1","82248839","82249138","47","134720037"
"chr1","217010412","217010667","chr1","215755395","215755651","3","1255017"
"chr1","217015939","217016027","chr3","181238196","181238292","28","35777743"
"chr1","217017457","217017597","chr1","6844228","6844361","27","210173229"
"chr1","217032229","217032336","chr2B","205936995","205937106","21","11095234"
"chr1","217035187","217035479","chr7","90546450","90546738","41","126488737"
"chr1","217162110","217162396","chr1","215913485","215913772","9","1248625"
"chr1","217201510","217201809","chr1","226580254","226580553","18","9378744"
"chr1","217278549","217278851","chr1","216030983","216031289","5","1247566"
"chr1","217332213","217332518","chr1","216086570","216086875","4","1245643"
"chr1","217351050","217351150","chr3","181238196","181238292","28","36112854"
"chr1","217408156","217408269","chr20","16652596","16652702","29","200755560"
"chr1","217521713","217521904","chrX","54564854","54565043","27","162956859"
"chr1","217621893","217622207","chr1","216370865","216371181","3","1251028"
"chr1","217669390","217669535","chr14","77093458","77093603","17","140575932"
"chr1","217712859","217713145","chr1","216464153","216464439","4","1248706"
"chr1","217718151","217718453","chr1","216469450","216469751","5","1248701"
"chr1","217828808","217828991","chr1","44129547","44129729","29","173699261"
"chr1","218018128","218018419","chr1","216772507","216772800","4","1245621"
"chr1","218088375","218088668","chr2A","63086723","63087016","52","155001652"
"chr1","218106456","218106755","chr3","140302327","140302615","51","77804129"
"chr1","218120078","218120370","chr1","216876711","216877003","4","1243367"
"chr1","218159012","218159096","chr14","100673591","100673682","25","117485421"
"chr1","218195910","218196066","chr7","142471132","142471289","19","75724778"
"chr1","218216481","218216645","chr7","15507240","15507400","24","202709241"
"chr1","218264289","218264641","chr13","19085293","19085614","100","199178996"
"chr1","218336656","218336938","chr1","217095787","217096071","13","1240869"
"chr1","218514740","218515057","chr1","217273079","217273401","5","1241661"
"chr1","218806487","218806786","chr1","217576659","217576961","4","1229828"
"chr1","219449391","219449694","chr3","145661852","145662163","38","73787539"
"chr1","219583017","219583322","chr1","218359818","218360123","7","1223199"
"chr1","219855649","219855748","chr20","16652596","16652702","23","203203053"
"chr1","219881123","219881417","chr13","20993235","20993531","30","198887888"
"chr1","219970082","219970373","chr17","47039436","47039728","32","172930646"
"chr1","220361778","220362066","chr1","219144585","219144873","3","1217193"
"chr1","220365648","220365771","chr9","122440275","122440408","28","97925373"
"chr1","220470062","220470359","chr1","219255003","219255304","9","1215059"
"chr1","220615217","220615450","chr1","220568237","220568471","35","46980"
"chr1","220650019","220650316","chr1","219437235","219437532","2","1212784"
"chr1","220868220","220868465","chr1","219657952","219658200","4","1210268"
"chr1","220892043","220892335","chr1","219681798","219682091","3","1210245"
"chr1","221090181","221090481","chr1","219885722","219886022","2","1204459"
"chr1","221153456","221153767","chr1","219949715","219950024","3","1203741"
"chr1","221180129","221180415","chr1","219975943","219976231","5","1204186"
"chr1","221218500","221218800","chr1","220014729","220015029","4","1203771"
"chr1","221235671","221235808","chrX","142408571","142408709","17","78827100"
"chr1","221263526","221263841","chr1","220061192","220061481","30","1202334"
"chr1","221447947","221448221","chr1","220248430","220248705","1","1199517"
"chr1","221528102","221528338","chr5","160096241","160096475","34","61431861"
"chr1","221540426","221540724","chr1","220342179","220342480","5","1198247"
"chr1","221572682","221572976","chr1","220374778","220375075","5","1197904"
"chr1","221679476","221679752","chr1","220482558","220482837","5","1196918"
"chr1","221712278","221712570","chr1","220516472","220516764","1","1195806"
"chr1","221719621","221719922","chr1","220523942","220524243","3","1195679"
"chr1","221762981","221763214","chr1","220568237","220568471","4","1194744"
"chr1","221789783","221789896","chr11","116378418","116378532","12","105411365"
"chr1","222011235","222011544","chr1","220816579","220816888","1","1194656"
"chr1","222033439","222033564","chr8","26723415","26723536","25","195310024"
"chr1","222035294","222035589","chr1","220841204","220841504","7","1194090"
"chr1","222099898","222100193","chr1","220909482","220909771","9","1190416"
"chr1","222429681","222429871","chr18","9612846","9613035","39","212816835"
"chr1","222443791","222443890","chr3","181238196","181238292","18","41205595"
"chr1","222450094","222450389","chr1","221273892","221274187","7","1176202"
"chr1","222457323","222457631","chr1","221281132","221281440","3","1176191"
"chr1","222459539","222459844","chr1","221283324","221283629","0","1176215"
"chr1","222511301","222511606","chr1","221336668","221336968","6","1174633"
"chr1","222518225","222518513","chr1","35992276","35992565","37","186525949"
"chr1","222536239","222536540","chr4","118238546","118238854","34","104297693"
"chr1","222583199","222583473","chr1","221409217","221409489","5","1173982"
"chr1","222602582","222602884","chr1","161196657","161196961","38","61405925"
"chr1","222614277","222614580","chr1","221440314","221440618","5","1173963"
"chr1","222630368","222630503","chr13","22694842","22694978","26","199935526"
"chr1","222650052","222650354","chr1","221476455","221476749","11","1173597"
"chr1","222724513","222724809","chr1","221554195","221554505","15","1170318"
"chr1","223380050","223380372","chr1","221785222","221785549","7","1594828"
"chr1","223398744","223398905","chr13","26988435","26988596","23","196410309"
"chr1","223509728","223510028","chr1","26661977","26662280","32","196847751"
"chr1","223846171","223846476","chr10","102595684","102595977","48","121250487"
"chr1","223887079","223887357","chr1","222300874","222301152","1","1586205"
"chr1","223924311","223924598","chr1","222340097","222340384","2","1584214"
"chr1","224191473","224191774","chr1","222600580","222600883","3","1590893"
"chr1","224414392","224414513","chr2B","207026815","207026935","27","17387577"
"chr1","224425491","224425815","chr1","222840178","222840510","10","1585313"
"chr1","224590828","224591069","chr17","81370742","81370983","33","143220086"
"chr1","224858195","224858389","chr7","75180735","75180910","47","149677460"
"chr1","225133516","225133639","chr8","26723415","26723536","25","198410101"
"chr1","225160696","225160991","chr6","43171436","43171727","34","181989260"
"chr1","225172515","225172598","chr17","26082159","26082238","12","199090356"
"chr1","225207843","225208151","chr1","223624500","223624808","3","1583343"
"chr1","225226465","225226684","chr1","223642676","223642895","1","1583789"
"chr1","225256123","225256416","chr1","223672516","223672809","1","1583607"
"chr1","225356530","225356723","chr17","13826755","13826963","51","211529775"
"chr1","225466676","225466984","chr1","210097703","210098006","40","15368973"
"chr1","225532339","225532578","chr3","28919478","28919708","36","196612861"
"chr1","225633807","225634109","chr7","78295124","78295415","48","147338683"
"chr1","225678424","225678704","chr1","224114151","224114431","1","1564273"
"chr1","225688586","225688895","chr1","224124338","224124648","9","1564248"
"chr1","225728032","225728062","chr12","8241499","8241528","11","217486533"
"chr1","225728100","225728381","chr1","224166739","224167048","30","1561361"
"chr1","225776793","225776951","chr7","49671100","49671253","23","176105693"
"chr1","225780839","225780971","chr16","73743066","73743197","29","152037773"
"chr1","225782140","225782436","chr1","224221685","224221984","5","1560455"
"chr1","225790830","225791124","chr1","224230278","224230573","4","1560552"
"chr1","225797516","225797629","chr2B","199271339","199271453","23","26526177"
"chr1","225856547","225856862","chr1","172060767","172061089","69","53795780"
"chr1","225878709","225879007","chr20","44254386","44254686","34","181624323"
"chr1","225905073","225905338","chr1","224347705","224347970","2","1557368"
"chr1","225919741","225919831","chr14","100673591","100673682","29","125246150"
"chr1","225936392","225936688","chr1","224380782","224381078","2","1555610"
"chr1","225973218","225973536","chr1","224420126","224420444","0","1553092"
"chr1","225989774","225989897","chr8","26723415","26723536","29","199266359"
"chr1","225992786","225992867","chr3","46579108","46579189","10","179413678"
"chr1","225996331","225996624","chr2A","72126431","72126725","31","153869900"
"chr1","226037156","226037282","chr7","112797358","112797487","17","113239798"
"chr1","226045957","226046024","chr14","72249896","72249960","15","153796061"
"chr1","226151675","226151960","chr1","224601619","224601904","2","1550056"
"chr1","226174848","226175126","chr1","224626138","224626416","0","1548710"
"chr1","226222657","226222868","chr9","97028914","97029116","34","129193743"
"chr1","226315992","226316282","chr1","224773592","224773885","5","1542400"
"chr1","226408707","226408756","chr18","17282170","17282223","11","209126537"
"chr1","226410357","226410659","chr1","224878444","224878758","13","1531913"
"chr1","226536112","226536425","chr1","225009031","225009352","9","1527081"
"chr1","226550099","226550397","chr1","225024370","225024679","12","1525729"
"chr1","226658243","226658553","chr4","59255624","59255928","39","167402619"
"chr1","226661598","226661905","chr1","225138635","225138942","1","1522963"
"chr1","226717591","226717913","chr11","127764872","127765198","59","98952719"
"chr1","226924782","226925064","chr1","225405746","225406028","3","1519036"
"chr1","226945867","226946137","chr5","178648294","178648555","57","48297573"
"chr1","227094900","227095164","chr10","73802167","73802423","62","153292733"
"chr1","227152380","227152487","chr5","172392908","172393028","24","54759472"
"chr1","227333474","227333782","chr1","225819020","225819314","21","1514454"
"chr1","227391462","227391731","chr5","51227383","51227647","39","176164079"
"chr1","227473148","227473291","chr17","81772114","81772255","19","145701034"
"chr1","227501788","227502087","chr7","38533524","38533820","34","188968264"
"chr1","227524875","227525088","chr10","22610748","22610958","31","204914127"
"chr1","227532666","227532833","chr1","226023530","226023697","0","1509136"
"chr1","227565311","227565626","chr1","226055991","226056312","13","1509320"
"chr1","227704902","227705177","chr22","43143911","43144188","38","184560991"
"chr1","227716522","227716829","chr1","226091043","226091350","1","1625479"
"chr1","227726727","227727030","chr1","226101892","226102198","3","1624835"
"chr1","227795807","227796113","chr7","142270350","142270649","46","85525457"
"chr1","227802762","227802847","chr1","226178239","226178324","0","1624523"
"chr1","227856096","227856255","chr1","226232780","226232939","1","1623316"
"chr1","227895515","227895803","chr1","226279324","226279614","2","1616191"
"chr1","228007759","228007853","chr14","100673591","100673682","20","127334168"
"chr1","228024610","228024904","chr1","226407709","226408020","19","1616901"
"chr1","228027934","228028036","chr6","159074849","159074952","16","68953085"
"chr1","228040547","228040700","chrX","19560856","19561004","25","208479691"
"chr1","228052435","228052732","chr3","66876788","66877085","37","161175647"
"chr1","228052981","228053230","chr4","115266743","115266984","54","112786238"
"chr1","228072211","228072502","chr1","226457544","226457835","2","1614667"
"chr1","228149412","228149497","chr1","226541302","226541387","2","1608110"
"chr1","228185636","228185935","chr1","226580254","226580553","7","1605382"
"chr1","228210465","228210766","chr1","226606094","226606395","1","1604371"
"chr1","228216906","228217196","chr1","226613152","226613414","30","1603754"
"chr1","228223467","228223598","chr1","226619719","226619849","1","1603748"
"chr1","228268275","228268577","chr1","226665547","226665849","2","1602728"
"chr1","228278942","228279217","chr1","226676213","226676520","32","1602729"
"chr1","228364426","228364719","chrX","65147793","65148076","45","163216633"
"chr1","228365899","228366031","chr22","35041748","35041876","33","193324151"
"chr1","228385455","228385732","chr1","226782078","226782365","11","1603377"
"chr1","228392321","228392442","chr5","172392908","172393028","32","55999413"
"chr1","228429610","228429901","chr1","226823745","226824037","8","1605865"
"chr1","228434543","228434847","chr1","10104013","10104308","58","218330530"
"chr1","228503624","228503919","chr1","226900196","226900496","8","1603428"
"chr1","228625949","228626194","chr1","227022516","227022761","0","1603433"
"chr1","228938580","228938874","chr1","227341510","227341806","4","1597070"
"chr1","229146715","229147029","chr1","227544504","227544818","0","1602211"
"chr1","229653144","229653242","chr3","181238196","181238292","25","48414948"
"chr1","229692409","229692712","chr12","33539793","33540093","37","196152616"
"chr1","229736848","229736959","chr20","16652596","16652702","21","213084252"
"chr3","71434220","71434350","chrX","97546574","97546704","13","26112354"
"chr3","84803448","84803760","chr3","84186601","84186913","4","616847"
"chr3","117833567","117833834","chr7","51698281","51698547","32","66135286"
"chr3","143261578","143261879","chr3","142144616","142144919","3","1116962"
"chr3","103403","103457","chr19","783168","783226","9","679765"
"chr3","134902","135188","chr7","147334805","147335090","51","147199903"
"chr3","463752","463885","chr13","22694842","22694978","29","22231090"
"chr3","537410","537578","chr22","22201178","22201345","20","21663768"
"chr3","537606","537732","chr5","61543450","61543577","15","61005844"
"chr3","544884","545195","chr3","537066","537378","4","7818"
"chr3","947254","947556","chr12","36399699","36399998","41","35452445"
"chr3","961332","961631","chr3","953373","953675","10","7959"
"chr3","1155586","1155870","chr3","1148377","1148689","30","7209"
"chr3","1155898","1155909","chr1","28547144","28547162","9","27391246"
"chr3","1203233","1203322","chr3","181238196","181238292","28","180034963"
"chr3","1273331","1273630","chr3","1273117","1273420","6","214"
"chr3","1306857","1306994","chr3","1306805","1306942","0","52"
"chr3","1322839","1323112","chr3","1323809","1324083","2","970"
"chr3","1494636","1494948","chr3","1501248","1501560","0","6612"
"chr3","1714771","1715025","chr1","11140331","11140574","63","9425560"
"chr3","1715055","1715071","chr1","28547144","28547162","8","26832089"
"chr3","1805977","1806106","chr16","73743066","73743197","34","71937089"
"chr3","1814323","1814375","chr10","27042861","27042906","16","25228538"
"chr3","1850612","1850912","chr3","1862553","1862854","2","11941"
"chr3","1854947","1855246","chr18","16078441","16078744","39","14223494"
"chr3","2075288","2075571","chr3","2089699","2089982","3","14411"
"chr3","2413823","2414109","chr3","2425061","2425350","11","11238"
"chr3","2552342","2552672","chr3","2567060","2567390","4","14718"
"chr3","2633285","2633587","chr3","2650003","2650305","2","16718"
"chr3","2653147","2653389","chr3","2671289","2671526","6","18142"
"chr3","2666946","2667164","chr3","2685082","2685330","31","18136"
"chr3","2777898","2778205","chr3","2795920","2796229","4","18022"
"chr3","2818202","2818377","chr8","77849229","77849397","27","75031027"
"chr3","3056050","3056264","chr3","3080986","3081200","0","24936"
"chr3","3732875","3733038","chr3","3761903","3762067","2","29028"
"chr3","3776449","3776741","chr3","3807018","3807309","9","30569"
"chr3","4023204","4023321","chr6","43284224","43284341","17","39261020"
"chr3","4099950","4100266","chr14","34597097","34597409","50","30497147"
"chr3","4247019","4247155","chr3","4277554","4277690","5","30535"
"chr3","4414905","4415212","chr5","175629870","175630179","46","171214965"
"chr3","4524152","4524300","chr3","4554817","4554967","3","30665"
"chr3","4536852","4537070","chr2A","29595971","29596186","48","25059119"
"chr3","4661690","4661951","chr3","4693518","4693779","0","31828"
"chr3","4683795","4684016","chr3","4716094","4716313","9","32299"
"chr3","4710277","4710534","chr3","4741625","4741882","1","31348"
"chr3","4715300","4715436","chr3","5208433","5208571","18","493133"
"chr3","4844652","4844745","chr14","100673591","100673682","20","95828939"
"chr3","4861208","4861509","chr3","4895706","4896007","3","34498"
"chr3","4954576","4954828","chr17","13388958","13389211","37","8434382"
"chr3","4970355","4970656","chr3","5005856","5006157","1","35501"
"chr3","5008492","5008786","chr3","5045433","5045734","9","36941"
"chr3","5023773","5024074","chr8","18157393","18157689","36","13133620"
"chr3","5082969","5083094","chr2B","199271339","199271453","32","194188370"
"chr3","5116410","5116707","chrX","52044608","52044902","47","46928198"
"chr3","5175563","5175671","chr17","348848","348955","13","4826715"
"chr3","5183761","5183870","chr20","16652596","16652702","25","11468835"
"chr3","5554471","5554768","chr3","5606956","5607253","3","52485"
"chr3","5858931","5859226","chr8","118205712","118206006","36","112346781"
"chr3","5978862","5979111","chr3","6042162","6042409","3","63300"
"chr3","6248320","6248625","chr6","140645397","140645702","35","134397077"
"chr3","6369777","6370094","chr3","6450578","6450894","5","80801"
"chr3","6375988","6376070","chr8","46091691","46091777","22","39715703"
"chr3","6859672","6859969","chr3","6941701","6941998","1","82029"
"chr3","7138374","7138512","chr3","7221586","7221724","0","83212"
"chr3","7176285","7176580","chr3","7259526","7259817","5","83241"
"chr3","7415715","7416017","chr3","7351043","7351344","7","64672"
"chr3","7476797","7477100","chr5","135031025","135031320","34","127554228"
"chr3","7838771","7838911","chr2A","32693701","32693835","31","24854930"
"chr3","7971008","7971301","chr3","7912572","7912866","4","58436"
"chr3","8016647","8016934","chr3","7962445","7962743","24","54202"
"chr3","8176478","8176785","chr3","8146936","8147226","19","29542"
"chr3","8480491","8480598","chr3","8459265","8459372","2","21226"
"chr3","8792486","8792782","chr3","8777149","8777444","3","15337"
"chr3","9157897","9157999","chr2B","205936995","205937106","36","196779098"
"chr3","9165328","9165633","chr3","9160459","9160762","4","4869"
"chr3","9231519","9231827","chr3","9227902","9228212","7","3617"
"chr3","9249714","9250008","chr3","9246360","9246662","13","3354"
"chr3","9253869","9254016","chr16","73743066","73743197","38","64489197"
"chr3","9284134","9284401","chr6","24729374","24729653","56","15445240"
"chr3","9345479","9345777","chr3","9345270","9345571","6","209"
"chr3","9472559","9472856","chr3","9474741","9475039","3","2182"
"chr3","9637472","9637768","chr3","115160135","115160430","35","105522663"
"chr3","9721827","9721924","chr14","100673591","100673682","20","90951764"
"chr3","9727460","9727759","chr5","56559409","56559705","52","46831949"
"chr3","9734462","9734752","chr3","9743221","9743514","4","8759"
"chr3","9755353","9755534","chr17","60691411","60691574","35","50936058"
"chr3","9759757","9759920","chr8","87620598","87620765","30","77860841"
"chr3","9770429","9770719","chr3","9781258","9781549","1","10829"
"chr3","9799322","9799643","chr3","9811506","9811824","8","12184"
"chr3","9800522","9800817","chr3","9812704","9813001","2","12182"
"chr3","9843009","9843097","chr14","100673591","100673682","20","90830582"
"chr3","9858476","9858772","chr1","203439612","203439906","35","193581136"
"chr3","9861859","9862074","chr3","9876778","9876993","0","14919"
"chr3","10003915","10004000","chr3","27665315","27665404","20","17661400"
"chr3","10028653","10028817","chr15","63876230","63876401","46","53847577"
"chr3","10046321","10046601","chr1","85903130","85903406","41","75856809"
"chr3","10054928","10055217","chr3","10079340","10079630","1","24412"
"chr3","10192414","10192547","chr16","73743066","73743197","28","63550652"
"chr3","10225143","10225403","chr3","10138113","10138373","1","87030"
"chr3","10238999","10239296","chr3","10152972","10153279","10","86027"
"chr3","10291365","10291669","chr3","12098376","12098673","40","1807011"
"chr3","10304388","10304624","chr16","67924356","67924612","53","57619968"
"chr3","10316945","10317243","chr3","10230204","10230502","1","86741"
"chr3","10347196","10347498","chr3","10254213","10254515","3","92983"
"chr3","10367606","10367822","chr20","3760605","3760811","41","6607001"
"chr3","10436853","10437154","chr3","10346802","10347107","9","90051"
"chr3","10437283","10437594","chr6","43427964","43428277","47","32990681"
"chr3","10521444","10521756","chr3","10431325","10431637","1","90119"
"chr3","10528637","10528895","chr2B","127949518","127949770","34","117420881"
"chr3","10583362","10583526","chr1","171474782","171474948","26","160891420"
"chr3","10864442","10864732","chr3","10780675","10780946","31","83767"
"chr3","11288095","11288258","chr1","54397545","54397708","25","43109450"
"chr3","11386749","11387061","chr3","11315437","11315747","2","71312"
"chr3","11426708","11426999","chr3","11355050","11355343","3","71658"
"chr3","11428814","11428933","chr22","35041748","35041876","26","23612934"
"chr3","11501685","11501993","chr3","11430537","11430846","6","71148"
"chr3","11511981","11512270","chr18","27229273","27229564","49","15717292"
"chr3","11574938","11575161","chr3","48992472","48992683","41","37417534"
"chr3","11579087","11579281","chr7","63500001","63500205","29","51920914"
"chr3","11617072","11617358","chr3","11548455","11548744","4","68617"
"chr3","11622093","11622368","chr3","11553475","11553748","2","68618"
"chr3","11640759","11641068","chr3","11572405","11572714","1","68354"
"chr3","11664376","11664617","chr3","11596129","11596370","1","68247"
"chr3","11719212","11719383","chr13","48012989","48013157","29","36293777"
"chr3","11727647","11727946","chr5","143288847","143289142","35","131561200"
"chr3","11877115","11877408","chr3","11815064","11815358","2","62051"
"chr3","11956747","11957023","chr3","11895127","11895408","10","61620"
"chr3","11957142","11957439","chr3","11895536","11895833","5","61606"
"chr3","11977091","11977387","chr3","11916136","11916432","0","60955"
"chr3","11987964","11988223","chr3","11927044","11927332","31","60920"
"chr3","12001659","12001712","chr3","12945284","12945334","12","943625"
"chr3","12001997","12002171","chr6","38845392","38845562","31","26843395"
"chr3","12027043","12027202","chr14","49207210","49207370","31","37180167"
"chr3","12063139","12063253","chr20","16652596","16652702","24","4589457"
"chr3","12070410","12070680","chr3","12012608","12012877","4","57802"
"chr3","12080857","12080980","chr7","112797358","112797487","35","100716501"
"chr3","12082575","12082868","chr3","12024709","12025009","12","57866"
"chr3","12287570","12287867","chr3","12225958","12226255","1","61612"
"chr3","12301896","12302167","chr3","12240296","12240565","4","61600"
"chr3","12480156","12480436","chr5","137337089","137337364","38","124856933"
"chr3","12549137","12549430","chr2A","63086723","63087016","32","50537586"
"chr3","12617863","12618003","chr2A","32693701","32693835","31","20075838"
"chr3","12739159","12739487","chr3","12684632","12684943","19","54527"
"chr3","12813276","12813555","chr3","12758592","12758870","2","54684"
"chr3","12815973","12816133","chr3","62158483","62158648","29","49342510"
"chr3","12816418","12816727","chr3","12761695","12762009","7","54723"
"chr3","12838023","12838142","chr8","26723415","26723536","22","13885392"
"chr3","12838998","12839328","chr3","12785010","12785341","22","53988"
"chr3","12885309","12885597","chr3","12832196","12832484","1","53113"
"chr3","12919046","12919335","chr3","12867634","12867930","11","51412"
"chr3","12921728","12922024","chr21","31071670","31071966","34","18149942"
"chr3","12956991","12957202","chr20","14348844","14349042","50","1391853"
"chr3","12989770","12990059","chr3","12939311","12939601","1","50459"
"chr3","12999895","13000000","chr20","16652596","16652702","19","3652701"
"chr3","13081008","13081289","chr20","2846688","2846957","47","10234320"
"chr3","13102285","13102387","chr3","181238196","181238292","29","168135911"
"chr3","13434999","13435302","chr3","13391048","13391353","6","43951"
"chr3","13508099","13508227","chr12","95708278","95708420","26","82200179"
"chr3","13527298","13527585","chr3","13485553","13485840","0","41745"
"chr3","13552610","13552918","chr1","21949805","21950110","20","8397195"
"chr3","13673547","13673696","chr1","11780192","11780341","21","1893355"
"chr3","13692546","13692836","chr3","13655733","13656025","2","36813"
"chr3","13708668","13708821","chr18","11048335","11048487","23","2660333"
"chr3","13865225","13865535","chr3","13829503","13829813","3","35722"
"chr3","14170248","14170539","chr3","81757049","81757339","34","67586801"
"chr3","14318610","14318897","chr3","14271442","14271727","3","47168"
"chr3","14439524","14439698","chr22","28740299","28740471","31","14300775"
"chr3","14609911","14610203","chr3","14560848","14561140","0","49063"
"chr3","14912496","14912812","chr3","14871230","14871540","19","41266"
"chr3","15048618","15048922","chr3","15007069","15007373","0","41549"
"chr3","15139968","15140243","chr16","68804414","68804683","39","53664446"
"chr3","15169892","15170191","chr3","15130200","15130510","13","39692"
"chr3","15173991","15174284","chr3","15134301","15134597","4","39690"
"chr3","15214569","15214868","chr3","15176094","15176391","2","38475"
"chr3","15215790","15216084","chr3","15177313","15177609","2","38477"
"chr3","15317192","15317448","chr3","15281382","15281637","5","35810"
"chr3","15317657","15317774","chr8","26723415","26723536","27","11405758"
"chr3","15351631","15351921","chr3","15317594","15317884","1","34037"
"chr3","15373815","15373961","chr11","46694965","46695109","24","31321150"
"chr3","15613517","15613813","chr3","15586155","15586458","9","27362"
"chr3","15669413","15669672","chr3","15643174","15643438","7","26239"
"chr3","15692902","15693178","chr3","15667066","15667351","10","25836"
"chr3","15720112","15720411","chr3","15694732","15695032","4","25380"
"chr3","15797110","15797407","chr3","15771736","15772037","5","25374"
"chr3","15891308","15891388","chr20","31909313","31909390","14","16018005"
"chr3","16084047","16084333","chr3","16063472","16063758","1","20575"
"chr3","16133049","16133355","chr3","16112195","16112501","2","20854"
"chr3","16159149","16159453","chr3","16138886","16139202","12","20263"
"chr3","16538119","16538214","chr14","100673591","100673682","22","84135472"
"chr3","16621082","16621391","chr3","16600008","16600318","7","21074"
"chr3","16698237","16698340","chr2B","199271339","199271453","21","182573102"
"chr3","16800148","16800442","chr3","16788528","16788827","6","11620"
"chr3","16821206","16821467","chr3","16812175","16812436","2","9031"
"chr3","16958629","16958730","chr22","33938435","33938535","16","16979806"
"chr3","16992705","16992996","chr3","16983126","16983421","7","9579"
"chr3","17631257","17631552","chr3","17628044","17628346","8","3213"
"chr3","17819101","17819397","chr3","17818464","17818759","5","637"
"chr3","17844206","17844461","chr3","17842490","17842745","1","1716"
"chr3","17855783","17856081","chr3","17854058","17854360","9","1725"
"chr3","17856083","17856197","chr19","57751584","57751683","33","39895501"
"chr3","17896376","17896556","chr1","29277911","29278085","28","11381535"
"chr3","17923374","17923685","chr3","17922434","17922716","30","940"
"chr3","17960417","17960545","chr3","17959634","17959762","0","783"
"chr3","17972342","17972605","chr3","17971737","17972001","4","605"
"chr3","17978111","17978198","chr3","181238196","181238292","27","163260085"
"chr3","18017542","18017834","chr3","18016559","18016853","10","983"
"chr3","18086306","18086617","chr1","117971241","117971544","56","99884935"
"chr3","18210038","18210171","chr16","73743066","73743197","31","55533028"
"chr3","18330190","18330474","chr3","18335608","18335892","0","5418"
"chr3","18509975","18510285","chr3","18515595","18515906","3","5620"
"chr3","18518098","18518414","chr5","48859157","48859463","60","30341059"
"chr3","18730929","18731237","chr3","18740643","18740952","3","9714"
"chr3","18790379","18790483","chr2B","205936995","205937106","23","187146616"
"chr3","18905246","18905547","chr3","18915042","18915342","2","9796"
"chr3","20059543","20059850","chr3","20115140","20115448","3","55597"
"chr3","20092562","20092687","chr4","105320099","105320221","24","85227537"
"chr3","20173545","20173843","chr3","20229132","20229431","2","55587"
"chr3","20179933","20180231","chr3","20235584","20235888","6","55651"
"chr3","20207096","20207179","chr14","100673591","100673682","19","80466495"
"chr3","20251809","20252094","chr3","122265092","122265378","34","102013283"
"chr3","20282762","20283067","chr3","20340403","20340711","6","57641"
"chr3","20338111","20338392","chr19","51845746","51846028","46","31507635"
"chr3","20410867","20411024","chr3","20489308","20489465","0","78441"
"chr3","20626857","20627146","chr3","20713058","20713370","23","86201"
"chr3","20647928","20648159","chr3","20738521","20738763","16","90593"
"chr3","20784765","20785062","chr3","20877868","20878167","2","93103"
"chr3","20987578","20987880","chr3","21089324","21089626","3","101746"
"chr3","21317181","21317475","chr3","21426379","21426685","16","109198"
"chr3","21318985","21319278","chr3","21428175","21428472","6","109190"
"chr3","21512653","21512906","chr3","21633086","21633347","11","120433"
"chr3","21857790","21858092","chr3","21979247","21979549","3","121457"
"chr3","21939307","21939463","chr6","160207566","160207725","25","138268259"
"chr3","22195749","22196047","chr3","22331033","22331334","4","135284"
"chr3","23076713","23077018","chr3","23221302","23221606","6","144589"
"chr3","23202987","23203288","chr3","23350090","23350391","2","147103"
"chr3","23317132","23317427","chr3","23468108","23468404","1","150976"
"chr3","23377590","23377893","chr3","23528336","23528639","1","150746"
"chr3","23460480","23460635","chr5","125135635","125135796","25","101675155"
"chr3","23621997","23622302","chrX","140941272","140941578","33","117319275"
"chr3","23622390","23622560","chr3","23776443","23776613","1","154053"
"chr3","23656293","23656528","chr3","23813514","23813749","1","157221"
"chr3","23701413","23701691","chr3","23860304","23860612","30","158891"
"chr3","23789686","23789981","chr3","23949648","23949947","7","159962"
"chr3","23850172","23850468","chr3","24011474","24011774","5","161302"
"chr3","23971661","23971959","chr3","24133225","24133522","1","161564"
"chr3","23996346","23996658","chr1","29191621","29191930","31","5195275"
"chr3","24071195","24071299","chr3","181238196","181238292","25","157167001"
"chr3","24094384","24094671","chr3","24511395","24511694","38","417011"
"chr3","24199431","24199735","chr3","24366322","24366629","4","166891"
"chr3","24217685","24217790","chr20","16652596","16652702","22","7565089"
"chr3","24249795","24250017","chr10","100785341","100785573","34","76535546"
"chr3","24344503","24344800","chr3","24511395","24511694","3","166892"
"chr3","24625495","24625758","chr3","24796393","24796658","3","170898"
"chr3","24679060","24679358","chr3","24850650","24850950","4","171590"
"chr3","25355751","25356042","chr3","25529949","25530240","2","174198"
"chr3","25464821","25465101","chr3","25640064","25640349","7","175243"
"chr3","25834535","25834843","chr3","26015826","26016138","6","181291"
"chr3","25878156","25878466","chr3","26059974","26060288","11","181818"
"chr3","25970713","25970834","chr8","26723415","26723536","26","752702"
"chr3","26017815","26017984","chr14","62658959","62659119","23","36641144"
"chr3","26040535","26040842","chr3","26223612","26223919","0","183077"
"chr3","26590742","26591042","chr3","26787724","26788026","4","196982"
"chr3","26735529","26735624","chr14","100673591","100673682","21","73938062"
"chr3","27462748","27462977","chr3","35594296","35594525","42","8131548"
"chr3","27663218","27663348","chr3","27869019","27869149","0","205801"
"chr3","27688248","27688485","chr3","27894070","27894307","0","205822"
"chr3","27692655","27692768","chr2B","199271339","199271453","21","171578684"
"chr3","27731983","27732077","chr12","12586014","12586108","11","15145969"
"chr3","27796222","27796354","chr8","26723415","26723536","31","1072807"
"chr3","27817764","27817869","chr14","100673591","100673682","23","72855827"
"chr3","27953836","27954090","chr3","28166878","28167129","10","213042"
"chr3","27961379","27961479","chr14","100673591","100673682","21","72712212"
"chr3","28008660","28008944","chr3","28223885","28224169","5","215225"
"chr3","28020434","28020711","chr3","28235660","28235937","1","215226"
"chr3","28114768","28115068","chr3","28331707","28332012","9","216939"
"chr3","28133985","28134292","chr3","28350927","28351244","12","216942"
"chr3","28237653","28237934","chr3","28459803","28460084","1","222150"
"chr3","28374076","28374359","chr3","28598055","28598339","3","223979"
"chr3","28456428","28456718","chr3","28681353","28681645","3","224925"
"chr3","28484645","28484955","chr3","28709584","28709892","3","224939"
"chr3","28688997","28689226","chr3","28919478","28919708","4","230481"
"chr3","28759225","28759530","chr3","28989175","28989487","10","229950"
"chr3","28839737","28840033","chr3","29073319","29073614","2","233582"
"chr3","29576114","29576416","chr3","29816926","29817231","7","240812"
"chr3","29584768","29584964","chr3","29825600","29825796","0","240832"
"chr3","29638286","29638484","chr3","29879019","29879227","10","240733"
"chr3","29688270","29688564","chr3","29929371","29929686","22","241101"
"chr3","29743422","29743722","chr3","29989180","29989488","10","245758"
"chr3","29746306","29746608","chr3","29992074","29992375","1","245768"
"chr3","29807460","29807771","chr3","30053235","30053546","3","245775"
"chr3","29859320","29859625","chr3","30105460","30105765","2","246140"
"chr3","29957438","29957739","chr3","30205646","30205947","3","248208"
"chr3","30032716","30033016","chr3","30281083","30281383","2","248367"
"chr3","30078636","30078819","chr3","30327752","30327938","3","249116"
"chr3","30471283","30471566","chr18","16589862","16590123","75","13881421"
"chr3","30730182","30730278","chr6","159074849","159074952","20","128344667"
"chr3","30865740","30866056","chr3","31117553","31117869","2","251813"
"chr3","30894999","30895282","chr3","31147366","31147649","1","252367"
"chr3","30916288","30916560","chr3","31171462","31171740","7","255174"
"chr3","31019775","31020064","chr3","31276873","31277164","3","257098"
"chr3","31176051","31176331","chr9","119241065","119241328","49","88065014"
"chr3","31182173","31182345","chr6","42414698","42414867","35","11232525"
"chr3","31223605","31223870","chr3","31481677","31481942","1","258072"
"chr3","31465046","31465341","chr22","48318931","48319227","36","16853885"
"chr3","31571658","31571998","chr3","31840009","31840324","26","268351"
"chr3","31652540","31652789","chr3","31924285","31924539","7","271745"
"chr3","31751408","31751703","chr3","32027045","32027341","3","275637"
"chr3","31880552","31880842","chr3","32160651","32160954","35","280099"
"chr3","31934600","31934892","chr8","141990386","141990678","29","110055786"
"chr3","31976914","31977205","chr3","32256789","32257081","2","279875"
"chr3","32180302","32180592","chr1","43301484","43301770","39","11121182"
"chr3","32181724","32182022","chr3","32462910","32463207","2","281186"
"chr3","32276662","32276957","chr3","32563053","32563349","1","286391"
"chr3","32288957","32289257","chr21","16679068","16679365","55","15609889"
"chr3","32296377","32296461","chr11","8774884","8774956","25","23521493"
"chr3","32302550","32302629","chr11","8774884","8774956","25","23527666"
"chr3","32445794","32446085","chr5","45789009","45789302","34","13343215"
"chr3","32516412","32516721","chr3","32803163","32803472","4","286751"
"chr3","32614210","32614304","chr8","46091691","46091777","19","13477481"
"chr3","32648213","32648516","chr3","32941363","32941666","1","293150"
"chr3","32721289","32721480","chr3","9859752","9859937","26","22861537"
"chr3","32749218","32749355","chr2A","32693701","32693835","26","55517"
"chr3","32757274","32757550","chr3","33045727","33046004","2","288453"
"chr3","32775152","32775277","chr20","16652596","16652702","33","16122556"
"chr3","32779043","32779342","chr3","33067333","33067632","4","288290"
"chr3","32905261","32905571","chr3","33192660","33192972","4","287399"
"chr3","32926698","32926983","chr3","173983076","173983369","52","141056378"
"chr3","32970205","32970353","chr5","12092557","12092690","33","20877648"
"chr3","32976648","32976956","chr3","33265155","33265464","1","288507"
"chr3","32989178","32989464","chr3","33280450","33280752","17","291272"
"chr3","32994459","32994753","chr3","33283512","33283805","3","289053"
"chr3","33000400","33000488","chr9","75000001","75000095","14","41999601"
"chr3","33056864","33056947","chr3","181238196","181238292","26","148181332"
"chr3","33079353","33079505","chr3","33372025","33372177","2","292672"
"chr3","33144024","33144252","chr9","126318266","126318504","49","93174242"
"chr3","33170453","33170751","chr3","33478160","33478459","2","307707"
"chr3","33184847","33185143","chr3","33494146","33494444","2","309299"
"chr3","33265204","33265505","chr3","81757049","81757339","37","48491845"
"chr3","33286826","33287125","chr3","33597763","33598062","6","310937"
"chr3","33351418","33351552","chr2A","32693701","32693835","30","657717"
"chr3","33420811","33421103","chr4","188864051","188864338","51","155443240"
"chr3","33534232","33534541","chr22","30414357","30414659","31","3119875"
"chr3","33536921","33537214","chr3","33854052","33854346","1","317131"
"chr3","33560862","33561168","chr3","33878536","33878844","5","317674"
"chr3","33572058","33572124","chr2A","71915368","71915429","31","38343310"
"chr3","33593910","33594054","chr3","33911306","33911450","1","317396"
"chr3","33627860","33628032","chr11","43973183","43973348","34","10345323"
"chr3","33644695","33644947","chr4","94951203","94951457","39","61306508"
"chr3","33654835","33655139","chr3","33972651","33972955","4","317816"
"chr3","33668232","33668498","chr9","114297614","114297869","45","80629382"
"chr3","33690267","33690551","chr3","34009496","34009780","0","319229"
"chr3","33704375","33704601","chr20","31046693","31046916","64","2657682"
"chr3","33793995","33794302","chr7","114046668","114046967","43","80252673"
"chr3","33838927","33839207","chr3","34164470","34164762","12","325543"
"chr3","33889774","33890076","chr3","34217079","34217381","1","327305"
"chr3","34006303","34006429","chr1","46484701","46484838","28","12478398"
"chr3","34333875","34334017","chr8","112933585","112933727","28","78599710"
"chr3","34458978","34459280","chr3","34800524","34800826","0","341546"
"chr3","34459798","34460096","chr3","34801343","34801647","8","341545"
"chr3","34722161","34722461","chr3","35065921","35066227","7","343760"
"chr3","35217808","35217901","chr14","100673591","100673682","15","65455783"
"chr3","35244221","35244447","chr3","35594296","35594525","3","350075"
"chr3","35271348","35271506","chr3","35621556","35621713","4","350208"
"chr3","35749588","35749865","chr3","36104141","36104428","13","354553"
"chr3","35827927","35828243","chr3","36180394","36180710","10","352467"
"chr3","35942481","35942779","chr4","167882463","167882760","28","131939982"
"chr3","36079256","36079557","chr3","36436127","36436430","5","356871"
"chr3","36205595","36205871","chr3","36564636","36564911","2","359041"
"chr3","36975828","36976136","chr3","37351750","37352067","9","375922"
"chr3","37049043","37049177","chr2A","32693701","32693835","25","4355342"
"chr3","37078473","37078638","chrX","155632548","155632709","29","118554075"
"chr3","37119468","37119634","chr1","128198509","128198667","21","91079041"
"chr3","37145326","37145418","chr3","181238196","181238292","25","144092870"
"chr3","37152486","37152690","chr3","37527364","37527569","1","374878"
"chr3","37162731","37163025","chr3","37538464","37538762","18","375733"
"chr3","37167905","37168199","chr3","37544050","37544344","1","376145"
"chr3","37172190","37172400","chrX","22098624","22098838","23","15073566"
"chr3","37176405","37176698","chr3","37552726","37553019","1","376321"
"chr3","37280617","37280910","chr1","110221506","110221798","32","72940889"
"chr3","37288071","37288348","chr3","37666658","37666936","3","378587"
"chr3","37385079","37385186","chr10","112016205","112016307","29","74631126"
"chr3","37388096","37388219","chr1","6844228","6844361","36","30543868"
"chr3","37413061","37413250","chr17","17876580","17876768","37","19536481"
"chr3","37468719","37469022","chr3","37855821","37856134","13","387102"
"chr3","37759886","37760158","chr9","37655366","37655651","53","104520"
"chr3","37942841","37943184","chr20","50770640","50770986","63","12827799"
"chr3","38036039","38036341","chr3","38439709","38440011","8","403670"
"chr3","38120730","38120901","chr12","35035076","35035244","24","3085654"
"chr3","38142566","38142730","chr16","52094006","52094177","36","13951440"
"chr3","38223638","38223936","chr3","38632116","38632417","5","408478"
"chr3","38224619","38224910","chr3","38633365","38633668","13","408746"
"chr3","38365851","38365977","chr2B","207026815","207026935","25","168660964"
"chr3","38443073","38443368","chr3","38847144","38847439","0","404071"
"chr3","38643858","38644153","chr21","4065891","4066188","30","34577967"
"chr3","38646625","38646913","chr3","173983076","173983369","50","135336451"
"chr3","38745458","38745765","chr3","39153168","39153476","2","407710"
"chr3","38830941","38831246","chr3","39240307","39240610","4","409366"
"chr3","38852024","38852114","chr13","24059413","24059502","16","14792611"
"chr3","38997328","38997617","chr3","39409281","39409574","4","411953"
"chr3","39465811","39466121","chr5","158324854","158325155","38","118859043"
"chr3","39509155","39509329","chr5","178397697","178397875","23","138888542"
"chr3","39583127","39583391","chr3","40026968","40027232","0","443841"
"chr3","39730708","39731017","chr3","40179004","40179313","0","448296"
"chr3","39776590","39776902","chr3","75468679","75468978","46","35692089"
"chr3","39794494","39794793","chr3","40240451","40240751","3","445957"
"chr3","40631897","40632193","chr3","41092834","41093133","4","460937"
"chr3","40638322","40638616","chr16","69143596","69143900","55","28505274"
"chr3","40648755","40648880","chr2B","199271339","199271453","31","158622584"
"chr3","40690823","40691006","chr6","128521422","128521597","32","87830599"
"chr3","40747180","40747451","chr3","41211407","41211676","2","464227"
"chr3","40790092","40790380","chr3","41254304","41254592","0","464212"
"chr3","40898690","40898969","chr3","41367931","41368210","1","469241"
"chr3","41055805","41056114","chr3","41525902","41526211","3","470097"
"chr3","41629823","41630134","chr3","42107120","42107433","2","477297"
"chr3","41887185","41887304","chr5","172392908","172393028","20","130505723"
"chr3","41964954","41965259","chr3","42447142","42447446","4","482188"
"chr3","42024709","42025021","chr3","42507637","42507975","34","482928"
"chr3","42144522","42144818","chr3","42632617","42632918","11","488095"
"chr3","42202286","42202586","chr1","129337688","129337979","22","87135402"
"chr3","42236667","42236798","chr13","22694842","22694978","36","19541825"
"chr3","42286384","42286467","chr14","100673591","100673682","20","58387207"
"chr3","42393083","42393196","chr2A","62538961","62539069","22","20145878"
"chr3","42465764","42466034","chr3","42954231","42954503","4","488467"
"chr3","42504315","42504630","chr10","66250416","66250725","40","23746101"
"chr3","42511929","42512226","chr3","43000126","43000438","17","488197"
"chr3","42592256","42592492","chr3","43081696","43081933","1","489440"
"chr3","42696793","42697088","chr3","43187049","43187336","10","490256"
"chr3","43559315","43559630","chr3","43248666","43248980","2","310649"
"chr3","43563819","43564112","chr3","43253437","43253734","6","310382"
"chr3","43567950","43568245","chr3","43257575","43257869","2","310375"
"chr3","43583361","43583566","chr12","25051697","25051909","29","18531664"
"chr3","43730622","43730713","chr8","46091691","46091777","17","2361069"
"chr3","43789820","43790123","chr3","43472127","43472431","2","317693"
"chr3","44113288","44113601","chr3","43800058","43800366","11","313230"
"chr3","44124923","44125190","chr7","142099912","142100189","55","97974989"
"chr3","44160785","44161074","chr3","43847629","43847916","4","313156"
"chr3","44420027","44420266","chr14","66142969","66143205","30","21722942"
"chr3","44447080","44447313","chr4","176755200","176755409","63","132308120"
"chr3","44504190","44504499","chr3","44197059","44197365","5","307131"
"chr3","44595375","44595670","chr3","44288741","44289036","0","306634"
"chr3","44607843","44608133","chr3","44301073","44301367","7","306770"
"chr3","44698873","44699046","chr6","37299122","37299292","30","7399751"
"chr3","45125648","45125912","chr3","44822194","44822458","6","303454"
"chr3","45215979","45216276","chr3","44914372","44914667","2","301607"
"chr3","45237061","45237346","chr3","44936584","44936869","2","300477"
"chr3","45326832","45326985","chrX","296942","297101","31","45029890"
"chr3","45339349","45339652","chr3","45038890","45039195","4","300459"
"chr3","45405559","45405859","chr3","45107215","45107529","15","298344"
"chr3","45412615","45412900","chr3","45114292","45114581","9","298323"
"chr3","45628141","45628271","chrX","46411765","46411895","14","783624"
"chr3","45736408","45736700","chr3","45451689","45451981","1","284719"
"chr3","45738546","45738828","chr3","45453831","45454117","4","284715"
"chr3","45746837","45747144","chr3","45462131","45462438","0","284706"
"chr3","45759970","45760280","chr7","31824718","31825015","47","13935252"
"chr3","45852647","45852954","chr15","39477035","39477341","31","6375612"
"chr3","45932884","45933163","chr3","45656862","45657143","3","276022"
"chr3","46021486","46021775","chr3","45689736","45690024","3","331750"
"chr3","46118934","46119240","chr3","45788157","45788464","5","330777"
"chr3","46127231","46127412","chr10","20168873","20169049","30","25958358"
"chr3","46308589","46308891","chr3","45981549","45981851","1","327040"
"chr3","46373507","46373730","chr3","46049500","46049723","1","324007"
"chr3","46408211","46408502","chr3","46085676","46085973","10","322535"
"chr3","46714073","46714355","chr3","46397714","46397997","2","316359"
"chr3","46831262","46831558","chr3","46516750","46517050","4","314512"
"chr3","46847130","46847297","chr22","16225217","16225380","17","30621913"
"chr3","46874576","46874688","chr1","32214152","32214279","29","14660424"
"chr3","46893152","46893233","chr3","46579108","46579189","0","314044"
"chr3","46900068","46900350","chr1","191956422","191956699","63","145056354"
"chr3","46907406","46907717","chr3","46594940","46595239","13","312466"
"chr3","47171491","47171787","chr3","46861662","46861957","1","309829"
"chr3","47302187","47302495","chr16","51042715","51043018","39","3740528"
"chr3","47516167","47516474","chr3","47207100","47207410","4","309067"
"chr3","47571887","47572053","chr3","173995114","173995280","29","126423227"
"chr3","47582164","47582472","chr3","47273268","47273580","9","308896"
"chr3","47652457","47652568","chr2B","205936995","205937106","23","158284538"
"chr3","47734197","47734285","chr14","100673591","100673682","21","52939394"
"chr3","47738431","47738696","chr3","59085256","59085513","62","11346825"
"chr3","47747888","47748183","chr3","47440470","47440774","11","307418"
"chr3","47840683","47840797","chr2B","210790127","210790232","27","162949444"
"chr3","48169626","48169920","chr3","47872638","47872948","17","296988"
"chr3","48174014","48174094","chr8","46091691","46091777","17","2082323"
"chr3","48197248","48197540","chr8","121900732","121901021","37","73703484"
"chr3","48207725","48208011","chr3","47912457","47912746","5","295268"
"chr3","48270105","48270393","chr8","121571727","121572008","55","73301622"
"chr3","48284575","48284886","chr3","47207100","47207410","43","1077475"
"chr3","48378755","48378899","chr2A","32693701","32693835","32","15685054"
"chr3","48403366","48403625","chr3","48114368","48114627","0","288998"
"chr3","48440019","48440324","chr3","44197059","44197365","52","4242960"
"chr3","48449267","48449557","chr9","104140422","104140710","35","55691155"
"chr3","48515847","48516133","chr3","48226215","48226501","2","289632"
"chr3","48517422","48517559","chr4","89635842","89635967","35","41118420"
"chr3","48559221","48559345","chr4","51557575","51557711","23","2998354"
"chr3","48626356","48626623","chr16","68804414","68804683","61","20178058"
"chr3","48641042","48641336","chr3","48355004","48355298","2","286038"
"chr3","48652607","48652890","chrX","134525769","134526057","54","85873162"
"chr3","48656505","48656668","chr7","53094357","53094514","40","4437852"
"chr3","48663236","48663401","chr10","117800607","117800765","22","69137371"
"chr3","48681059","48681310","chr19","12785312","12785542","71","35895747"
"chr3","48720111","48720409","chr12","111863778","111864077","39","63143667"
"chr3","48723319","48723412","chr9","80389825","80389922","15","31666506"
"chr3","48733676","48733798","chr3","48451228","48451350","0","282448"
"chr3","48740996","48741276","chr3","48458050","48458366","38","282946"
"chr3","48747904","48748194","chr13","24103626","24103914","56","24644278"
"chr3","48753312","48753614","chr3","48469679","48469959","22","283633"
"chr3","48754570","48754856","chr3","48470938","48471225","1","283632"
"chr3","48773352","48773651","chr3","48492308","48492608","3","281044"
"chr3","48773996","48774072","chr3","48492957","48493033","0","281039"
"chr3","48795083","48795175","chr3","181238196","181238292","25","132443113"
"chr3","48795224","48795235","chr1","28547144","28547162","10","20248080"
"chr3","48804099","48804261","chr15","68404883","68405043","30","19600784"
"chr3","48804568","48804603","chr13","108019514","108019545","9","59214946"
"chr3","48820221","48820496","chr3","48544374","48544677","29","275847"
"chr3","48836742","48837021","chr10","106157312","106157583","42","57320570"
"chr3","48840655","48840758","chr14","100673591","100673682","26","51832936"
"chr3","48905750","48906058","chr1","24750676","24750979","42","24155074"
"chr3","48927363","48927660","chr3","48656341","48656638","2","271022"
"chr3","48949331","48949637","chr3","48678944","48679255","12","270387"
"chr3","48962042","48962332","chr14","49511369","49511659","41","549327"
"chr3","48988252","48988534","chr1","53676918","53677203","34","4688666"
"chr3","48993378","48993673","chr3","48726198","48726493","1","267180"
"chr3","49009597","49009891","chr3","48742468","48742763","5","267129"
"chr3","49064528","49064805","chr3","48800522","48800799","2","264006"
"chr3","49103006","49103306","chr3","48841345","48841674","32","261661"
"chr3","49112366","49112525","chrX","15935692","15935847","31","33176674"
"chr3","49137329","49137631","chr3","48876566","48876865","3","260763"
"chr3","49157267","49157464","chr1","151250355","151250552","31","102093088"
"chr3","49160108","49160143","chr4","27336438","27336474","17","21823670"
"chr3","49181066","49181324","chr4","105484516","105484781","67","56303450"
"chr3","49189967","49190256","chr3","48931043","48931332","0","258924"
"chr3","49190596","49190692","chr10","21742619","21742717","19","27447977"
"chr3","49190694","49190893","chr19","53216344","53216543","25","4025650"
"chr3","49192503","49192624","chr8","26723415","26723536","20","22469088"
"chr3","49195330","49195482","chr5","127117962","127118109","23","77922632"
"chr3","49201029","49201159","chr3","27869019","27869149","14","21332010"
"chr3","49237704","49237883","chr3","48980620","48980803","6","257084"
"chr3","49248918","49249066","chr7","64425846","64425993","17","15176928"
"chr3","49261533","49261850","chr3","49004680","49005003","6","256853"
"chr3","49310095","49310397","chr3","49055326","49055621","11","254769"
"chr3","49324333","49324499","chr3","49070115","49070288","9","254218"
"chr3","49381253","49381535","chr3","49123738","49124017","4","257515"
"chr3","49483020","49483149","chr1","46484701","46484838","23","2998319"
"chr3","49495549","49495764","chr3","49236854","49237069","0","258695"
"chr3","49501575","49501878","chr3","49242897","49243201","1","258678"
"chr3","49529924","49530145","chr13","57902609","57902801","58","8372685"
"chr3","49552520","49552657","chr16","73743066","73743197","35","24190546"
"chr3","49616871","49617037","chr18","16129447","16129614","27","33487424"
"chr3","49617039","49617154","chr1","182725129","182725248","21","133108090"
"chr3","49626695","49626800","chr3","181143385","181143493","26","131516690"
"chr3","49700890","49701191","chr1","124192188","124192486","34","74491298"
"chr3","49736791","49736966","chr3","49484943","49485118","0","251848"
"chr3","49737746","49738057","chr3","49485895","49486206","0","251851"
"chr3","49750514","49750808","chr3","49498574","49498871","3","251940"
"chr3","49768740","49768967","chr3","49515592","49515818","2","253148"
"chr3","49813504","49813803","chr3","49563751","49564054","4","249753"
"chr3","49842344","49842437","chr14","100673591","100673682","25","50831247"
"chr3","49842777","49843082","chr3","49593847","49594157","6","248930"
"chr3","49847086","49847388","chr3","49598967","49599272","5","248119"
"chr3","49855618","49855855","chr9","126318266","126318504","36","76462648"
"chr3","49873275","49873427","chr8","24630008","24630158","21","25243267"
"chr3","49924833","49925045","chr3","200711023","200711239","34","150786190"
"chr3","49928888","49928979","chr13","24059413","24059502","18","25869475"
"chr3","49929662","49929954","chr3","49686274","49686567","2","243388"
"chr3","49945485","49945516","chr3","48388384","48388414","12","1557101"
"chr3","50033078","50033241","chr3","49791993","49792156","1","241085"
"chr3","50044681","50044955","chr3","49803314","49803626","38","241367"
"chr3","50071250","50071431","chr2B","178803360","178803529","40","128732110"
"chr3","50077245","50077461","chr9","127332773","127332986","39","77255528"
"chr3","50089100","50089178","chr3","49847781","49847858","1","241319"
"chr3","50094130","50094273","chr17","75361555","75361699","19","25267425"
"chr3","50095766","50096079","chr3","49856809","49857123","4","238957"
"chr3","50101770","50102060","chr3","49862510","49862800","2","239260"
"chr3","50141424","50141551","chr22","35041748","35041876","30","15099676"
"chr3","50143177","50143480","chr6","158589261","158589572","50","108446084"
"chr3","50188921","50189213","chr3","49953059","49953333","20","235862"
"chr3","50193560","50193684","chr4","84675478","84675615","26","34481918"
"chr3","50201422","50201632","chr2B","167931632","167931849","44","117730210"
"chr3","50204384","50204681","chr2A","96498602","96498893","56","46294218"
"chr3","50205437","50205738","chr3","49970357","49970659","1","235080"
"chr3","50207316","50207630","chr3","49972237","49972549","6","235079"
"chr3","50238659","50238926","chr22","39441566","39441836","50","10797093"
"chr3","50285061","50285356","chr3","50051378","50051674","1","233683"
"chr3","50312043","50312330","chr3","50079958","50080245","0","232085"
"chr3","50325620","50325817","chr4","153385655","153385852","44","103060035"
"chr3","50335379","50335689","chr7","63260960","63261269","4","12925581"
"chr3","50335983","50336157","chr1","29277911","29278085","24","21058072"
"chr3","50336858","50336955","chr14","100673591","100673682","24","50336733"
"chr3","50342550","50342859","chr7","153600428","153600738","37","103257878"
"chr3","50368561","50368857","chr3","48742468","48742763","35","1626093"
"chr3","50567678","50567968","chr3","50174370","50174665","6","393308"
"chr3","50611010","50611116","chr4","17286861","17286971","24","33324149"
"chr3","50611419","50611497","chr8","46091691","46091777","25","4519728"
"chr3","50612302","50612568","chr2A","24288870","24289140","39","26323432"
"chr3","50653358","50653423","chr18","17282170","17282223","29","33371188"
"chr3","50656803","50657051","chr3","50266722","50266972","3","390081"
"chr3","50676855","50677144","chr3","50288738","50289027","0","388117"
"chr3","50690498","50690627","chr17","17333596","17333726","14","33356902"
"chr3","50694623","50694941","chr3","50308148","50308477","11","386475"
"chr3","50705921","50706102","chr10","120372580","120372761","27","69666659"
"chr3","50743946","50744051","chr1","160944586","160944680","19","110200640"
"chr3","50750291","50750604","chr15","87173790","87174098","42","36423499"
"chr3","50896551","50896844","chr3","50510865","50511158","3","385686"
"chr3","50938358","50938497","chr11","63350837","63350978","25","12412479"
"chr3","50952278","50952577","chr10","97176485","97176784","38","46224207"
"chr3","50986102","50986151","chr8","90198877","90198926","8","39212775"
"chr3","50989972","50989999","chr3","48388384","48388414","14","2601588"
"chr3","51017886","51018054","chr3","50636277","50636455","10","381609"
"chr3","51021688","51021978","chr3","50640308","50640600","3","381380"
"chr3","51056876","51057023","chrX","73313271","73313417","22","22256395"
"chr3","51060693","51060940","chr4","185237161","185237423","53","134176468"
"chr3","51068109","51068404","chr3","50688187","50688488","7","379922"
"chr3","51111652","51111870","chr11","124307496","124307708","48","73195844"
"chr3","51118509","51118777","chr3","50738223","50738518","50","380286"
"chr3","51149695","51150001","chr3","50771159","50771465","3","378536"
"chr3","51188040","51188156","chr5","172392908","172393028","25","121204868"
"chr3","51208773","51209062","chr3","50832585","50832880","9","376188"
"chr3","51219358","51219587","chr22","39938694","39938922","39","11280664"
"chr3","51228331","51228620","chr10","87675980","87676281","57","36447649"
"chr3","51232262","51232518","chr4","94951203","94951457","37","43718941"
"chr3","51379448","51379753","chr3","51008186","51008501","11","371262"
"chr3","51488361","51488650","chr12","121096398","121096686","38","69608037"
"chr3","51732649","51732951","chr3","51367355","51367659","2","365294"
"chr3","51864864","51864996","chr12","38992415","38992548","18","12872449"
"chr3","51870804","51871111","chr3","51511909","51512216","2","358895"
"chr3","51872637","51872851","chr3","51513744","51513959","1","358893"
"chr3","52184555","52184857","chr3","51832947","51833251","7","351608"
"chr3","52246348","52246625","chr3","51894877","51895177","23","351471"
"chr3","52254118","52254416","chr3","51902588","51902890","5","351530"
"chr3","52413133","52413458","chr21","29715260","29715569","54","22697873"
"chr3","52437966","52438276","chr3","52086894","52087203","3","351072"
"chr3","52451328","52451620","chr8","38318461","38318757","36","14132867"
"chr3","52458377","52458587","chr3","52107234","52107445","1","351143"
"chr3","52581654","52581956","chr13","49746649","49746946","55","2835005"
"chr3","52607364","52607670","chr3","52258050","52258351","5","349314"
"chr3","52652953","52653048","chr16","431671","431767","13","52221282"
"chr3","52659919","52660192","chr6","42672998","42673276","40","9986921"
"chr3","52664272","52664520","chr3","52315283","52315531","1","348989"
"chr3","52671662","52671957","chr3","52322930","52323224","3","348732"
"chr3","52680110","52680267","chr3","52331681","52331826","12","348429"
"chr3","52684551","52684841","chr3","52336074","52336374","12","348477"
"chr3","52686251","52686557","chr3","52338075","52338381","3","348176"
"chr3","52693016","52693317","chr3","52344720","52345025","5","348296"
"chr3","52735868","52736160","chr3","52386094","52386389","4","349774"
"chr3","52759278","52759569","chr3","52410062","52410348","6","349216"
"chr3","52765345","52765661","chr3","52416831","52417146","4","348514"
"chr3","52766587","52766727","chr6","127192454","127192591","23","74425867"
"chr3","52783815","52783998","chr4","26666455","26666626","45","26117360"
"chr3","52784443","52784739","chr3","52436022","52436316","2","348421"
"chr3","52802043","52802284","chr3","52453972","52454214","2","348071"
"chr3","53007836","53008113","chr3","52666365","52666642","2","341471"
"chr3","53097467","53097749","chr3","52761702","52761988","4","335765"
"chr3","53124578","53124751","chr6","97601170","97601348","30","44476592"
"chr3","53197608","53197911","chr4","141934893","141935195","31","88737285"
"chr3","53483899","53484051","chr7","63194800","63194957","29","9710901"
"chr3","53503058","53503350","chr2A","63086723","63087016","42","9583665"
"chr3","53567834","53568128","chr3","53240849","53241144","6","326985"
"chr3","53636614","53636910","chr3","53312450","53312752","6","324164"
"chr3","53656197","53656500","chr3","53333181","53333484","1","323016"
"chr3","53735214","53735583","chr8","123780502","123780839","94","70045288"
"chr3","53781550","53781844","chr3","53460624","53460932","15","320926"
"chr3","53806850","53807138","chr14","100461068","100461358","62","46654218"
"chr3","53809064","53809214","chr18","71387731","71387881","31","17578667"
"chr3","53813135","53813428","chr3","53492315","53492610","3","320820"
"chr3","53883304","53883603","chr3","53564964","53565263","2","318340"
"chr3","53887275","53887505","chr11","72841716","72841946","31","18954441"
"chr3","53888142","53888249","chr2B","210790127","210790232","18","156901985"
"chr3","53956064","53956223","chr15","77710316","77710474","19","23754252"
"chr3","54218100","54218270","chr20","45549956","45550123","26","8668144"
"chr3","54218955","54219237","chr3","53911089","53911394","28","307866"
"chr3","54274712","54274831","chrX","97546574","97546704","22","43271862"
"chr3","54371222","54371426","chr10","95561237","95561445","41","41190015"
"chr3","54382699","54382994","chr3","54080201","54080499","3","302498"
"chr3","54434870","54435178","chr3","54131624","54131923","12","303246"
"chr3","54435399","54435691","chr3","54132144","54132437","3","303255"
"chr3","54443151","54443276","chr1","32214152","32214279","21","22228999"
"chr3","54443323","54443560","chr5","62606469","62606706","30","8163146"
"chr3","54471364","54471670","chr3","54171308","54171614","1","300056"
"chr3","54500001","54500084","chr15","68008805","68008888","10","13508804"
"chr3","54659420","54659749","chr3","54363468","54363807","10","295952"
"chr3","54750739","54751050","chr3","54457412","54457723","2","293327"
"chr3","54860462","54860566","chr22","33938435","33938535","21","20922027"
"chr3","54860749","54861032","chr3","54567467","54567750","3","293282"
"chr3","55135990","55136083","chr3","181238196","181238292","19","126102206"
"chr3","55141081","55141390","chr3","54853939","54854251","12","287142"
"chr3","55263731","55264033","chr1","62682640","62682938","35","7418909"
"chr3","55564295","55564595","chr3","55280701","55281003","5","283594"
"chr3","55574255","55574355","chr9","80389825","80389922","20","24815570"
"chr3","55766555","55766676","chr2B","199271339","199271453","27","143504784"
"chr3","55846242","55846554","chr3","55556941","55557254","1","289301"
"chr3","55933215","55933514","chr3","55643471","55643772","4","289744"
"chr3","56163904","56164205","chr3","55873459","55873760","5","290445"
"chr3","56455638","56455950","chr3","56164736","56165048","4","290902"
"chr3","56595263","56595558","chr3","56311232","56311527","3","284031"
"chr3","56666445","56666614","chr3","56385799","56385968","2","280646"
"chr3","56747589","56747875","chr3","56468066","56468352","2","279523"
"chr3","56805743","56806021","chr6","37596303","37596584","47","19209440"
"chr3","57398919","57399213","chr3","57118459","57118753","0","280460"
"chr3","57427250","57427536","chrX","134525769","134526057","38","77098519"
"chr3","57509021","57509335","chr3","57229556","57229870","2","279465"
"chr3","57664670","57664739","chr8","4612186","4612252","14","53052484"
"chr3","57673262","57673568","chr3","57394209","57394517","5","279053"
"chr3","57783761","57784060","chr3","57505778","57506077","4","277983"
"chr3","57829035","57829327","chr3","57552122","57552426","15","276913"
"chr3","57863503","57863808","chr3","57587720","57588025","3","275783"
"chr3","57863850","57864019","chr6","37299122","37299292","25","20564728"
"chr3","57884199","57884330","chr1","214242319","214242461","36","156358120"
"chr3","57953789","57954006","chr3","57680209","57680425","6","273580"
"chr3","58022947","58023132","chr10","120372580","120372761","39","62349633"
"chr3","58136624","58136937","chr3","57865632","57865945","0","270992"
"chr3","58276582","58276879","chr3","58013632","58013930","4","262950"
"chr3","58331592","58331703","chr2B","199271339","199271453","20","140939747"
"chr3","58352254","58352368","chr17","13440536","13440654","26","44911718"
"chr3","58373496","58373638","chr14","77093458","77093603","34","18719962"
"chr3","58373639","58373934","chr3","58111655","58111955","7","261984"
"chr3","58373935","58374034","chr17","1672879","1672986","26","56701056"
"chr3","58484270","58484566","chr3","58223004","58223310","20","261266"
"chr3","58515156","58515459","chr3","58254736","58255037","11","260420"
"chr3","58628988","58629294","chr3","58370508","58370814","2","258480"
"chr3","58658743","58659056","chr4","100643786","100644097","62","41985043"
"chr3","58661763","58661888","chr5","172392908","172393028","25","113731145"
"chr3","58684031","58684340","chr6","138446760","138447068","42","79762729"
"chr3","58711968","58712207","chr3","50404262","50404489","71","8307706"
"chr3","58970107","58970409","chr3","58502988","58503290","0","467119"
"chr3","58973514","58973636","chr8","26723415","26723536","22","32250099"
"chr3","58995130","58995427","chr3","58528179","58528477","3","466951"
"chr3","58996963","58997252","chr1","16953687","16953984","37","42043276"
"chr3","59027916","59028194","chr7","137277791","137278057","52","78249875"
"chr3","59029519","59029597","chr8","46091691","46091777","23","12937828"
"chr3","59046938","59047240","chr3","58579989","58580293","5","466949"
"chr3","59073019","59073353","chr3","58607498","58607850","29","465521"
"chr3","59086567","59086877","chr16","1192174","1192470","42","57894393"
"chr3","59097232","59097353","chrX","113389273","113389395","14","54292041"
"chr3","59145768","59146074","chr3","58684468","58684774","1","461300"
"chr3","59231854","59232160","chr3","58768756","58769071","11","463098"
"chr3","59338304","59338442","chr2A","32693701","32693835","29","26644603"
"chr3","59340119","59340231","chr2B","210790127","210790232","19","151450008"
"chr3","59380183","59380486","chr3","58923471","58923775","4","456712"
"chr3","59430778","59431067","chr3","58974479","58974784","18","456299"
"chr3","59460307","59460474","chr19","37778340","37778516","29","21681967"
"chr3","59460780","59460904","chr3","188303043","188303182","35","128842263"
"chr3","59540440","59540691","chr3","59085256","59085513","6","455184"
"chr3","59542691","59542908","chr16","26803895","26804104","40","32738796"
"chr3","59656574","59656864","chr3","59202014","59202306","4","454560"
"chr3","59675678","59675862","chr4","26666455","26666626","38","33009223"
"chr3","59684528","59684632","chr3","181238196","181238292","24","121553668"
"chr3","59700322","59700625","chr3","5045433","5045734","33","54654889"
"chr3","59734247","59734541","chr3","59279901","59280205","12","454346"
"chr3","59754632","59754720","chr14","100673591","100673682","20","40918959"
"chr3","59814239","59814535","chr5","143100063","143100359","51","83285824"
"chr3","59845625","59845936","chr3","59392907","59393215","4","452718"
"chr3","59935832","59936130","chr9","76423433","76423730","33","16487601"
"chr3","60273559","60273837","chr3","59839391","59839692","25","434168"
"chr3","60412397","60412473","chr18","13216633","13216692","27","47195764"
"chr3","60438816","60439128","chr19","11570934","11571243","36","48867882"
"chr3","60498454","60498763","chr3","60066852","60067158","7","431602"
"chr3","60711643","60711955","chr11","122649911","122650222","60","61938268"
"chr3","60789226","60789516","chr8","48133883","48134176","43","12655343"
"chr3","60824783","60825094","chr3","60398920","60399231","4","425863"
"chr3","60907543","60907650","chr19","57751584","57751683","21","3155959"
"chr3","61027575","61027882","chr12","63559730","63560035","43","2532155"
"chr3","61082188","61082471","chr3","60660043","60660328","6","422145"
"chr3","61179205","61179481","chr3","60759203","60759483","7","420002"
"chr3","61248447","61248751","chr3","60828519","60828823","2","419928"
"chr3","61526439","61526651","chr20","3760605","3760811","45","57765834"
"chr3","61576817","61576928","chr3","198268184","198268291","18","136691367"
"chr3","61594342","61594640","chr4","22394086","22394382","36","39200256"
"chr3","61655501","61655818","chr2B","221262309","221262612","58","159606808"
"chr3","61931024","61931329","chr3","61528694","61529006","9","402330"
"chr3","61942846","61943142","chr3","61540523","61540834","16","402323"
"chr3","62004189","62004482","chr3","61602659","61602953","3","401530"
"chr3","62550778","62550943","chr3","62158483","62158648","1","392295"
"chr3","62571770","62572059","chr9","70812251","70812546","41","8240481"
"chr3","62661147","62661261","chr8","26723415","26723536","29","35937732"
"chr3","62689500","62689805","chr3","125813861","125814159","61","63124361"
"chr3","62694223","62694513","chr3","62302559","62302848","4","391664"
"chr3","62811813","62811913","chr20","16652596","16652702","20","46159217"
"chr3","62817596","62817874","chr3","62427875","62428153","1","389721"
"chr3","62865342","62865657","chr3","62476890","62477198","16","388452"
"chr3","62875415","62875719","chr3","62487084","62487388","2","388331"
"chr3","62903220","62903522","chr11","65964624","65964935","50","3061404"
"chr3","62948488","62948771","chr3","62563407","62563692","7","385081"
"chr3","62968282","62968589","chr3","62583027","62583337","3","385255"
"chr3","63113178","63113417","chr3","188573160","188573394","34","125459982"
"chr3","63220911","63221213","chr3","62837764","62838070","5","383147"
"chr3","63256089","63256391","chr3","62872948","62873251","4","383141"
"chr3","63272840","63273158","chr3","62891709","62892025","8","381131"
"chr3","63458737","63459036","chr3","63080248","63080547","2","378489"
"chr3","63506891","63507190","chr15","69867843","69868142","41","6360952"
"chr3","63551247","63551393","chr3","63174875","63175021","0","376372"
"chr3","63693326","63693433","chr20","16652596","16652702","30","47040730"
"chr3","63887479","63887768","chr18","73560469","73560760","49","9672990"
"chr3","64047936","64048236","chr3","63679188","63679489","3","368748"
"chr3","64119485","64119795","chr3","63750342","63750650","6","369143"
"chr3","64150863","64151086","chr3","63781671","63781894","1","369192"
"chr3","64473167","64473351","chr3","64105438","64105623","2","367729"
"chr3","64509831","64509935","chr10","101398659","101398772","24","36888828"
"chr3","64718758","64719058","chr3","64355022","64355323","3","363736"
"chr3","64799799","64799929","chr5","172392908","172393028","32","107593109"
"chr3","64909123","64909432","chr14","80349139","80349450","63","15440016"
"chr3","65163595","65163892","chr3","64807507","64807806","2","356088"
"chr3","65167829","65168116","chr3","64811738","64812032","8","356091"
"chr3","65186322","65186626","chr3","64830272","64830577","7","356050"
"chr3","65307150","65307430","chr3","64951694","64951974","2","355456"
"chr3","65409407","65409708","chr3","65057404","65057711","11","352003"
"chr3","65554069","65554379","chr3","65204267","65204577","1","349802"
"chr3","65612374","65612666","chr14","63408193","63408488","5","2204181"
"chr3","65747339","65747651","chr3","65401354","65401666","4","345985"
"chr3","66158104","66158210","chr20","16652596","16652702","27","49505508"
"chr3","66281544","66281808","chr3","117156145","117156424","53","50874601"
"chr3","66881749","66882044","chr3","66560545","66560846","10","321204"
"chr3","67103821","67104011","chr3","66791197","66791359","29","312624"
"chr3","67110642","67110942","chr3","66797998","66798298","1","312644"
"chr3","67188085","67188378","chr3","66876788","66877085","4","311297"
"chr3","67268658","67268761","chr3","66958366","66958469","0","310292"
"chr3","67317116","67317219","chr3","181238196","181238292","25","113921080"
"chr3","67340811","67340912","chr1","160944586","160944680","21","93603775"
"chr3","67352467","67352763","chr3","67045097","67045401","10","307370"
"chr3","67387007","67387193","chr3","67076508","67076694","0","310499"
"chr3","67438348","67438653","chr3","67128635","67128943","5","309713"
"chr3","67476740","67476873","chr3","67420992","67421126","3","55748"
"chr3","67480483","67480776","chr3","67424744","67425039","4","55739"
"chr3","67493417","67493771","chr2B","206785519","206785856","90","139292102"
"chr3","67570080","67570384","chr3","67514724","67515030","4","55356"
"chr3","67773613","67773896","chr3","67718528","67718809","4","55085"
"chr3","67777245","67777545","chr19","12387893","12388192","49","55389352"
"chr3","67815124","67815407","chr3","18335608","18335892","34","49479516"
"chr3","67934351","67934647","chr3","67879795","67880110","23","54556"
"chr3","68023897","68024072","chr3","67970036","67970212","1","53861"
"chr3","68123849","68124134","chr3","68065096","68065381","1","58753"
"chr3","68143730","68144016","chr3","68084996","68085282","0","58734"
"chr3","68210757","68211053","chr3","68152001","68152300","5","58756"
"chr3","68298894","68299186","chr3","68241164","68241456","6","57730"
"chr3","68714961","68715265","chr3","68658340","68658646","5","56621"
"chr3","68844888","68845154","chr3","68789003","68789272","3","55885"
"chr3","68865766","68866071","chr3","68810206","68810507","7","55560"
"chr3","69460201","69460257","chr12","8242321","8242365","25","61217880"
"chr3","69556405","69556682","chr16","68666280","68666557","44","890125"
"chr3","69622201","69622435","chr1","87447997","87448227","35","17825796"
"chr3","69794633","69794923","chr3","69742746","69743039","9","51887"
"chr3","69899626","69899902","chr3","69849347","69849624","5","50279"
"chr3","70007157","70007427","chr3","69959076","69959347","1","48081"
"chr3","70008236","70008334","chr3","181238196","181238292","25","111229960"
"chr3","70219307","70219606","chr3","70178087","70178389","6","41220"
"chr3","70284143","70284435","chr3","70242428","70242723","4","41715"
"chr3","70393669","70393963","chr3","70352247","70352540","4","41422"
"chr3","70405151","70405403","chr3","70363675","70363924","6","41476"
"chr3","70458600","70458882","chr3","70419244","70419542","19","39356"
"chr3","70515967","70516258","chr3","70477306","70477599","4","38661"
"chr3","70524501","70524803","chr3","70485705","70486007","3","38796"
"chr3","70531525","70531820","chr4","167882463","167882760","31","97350938"
"chr3","70541328","70541607","chr3","70502550","70502828","3","38778"
"chr3","70546068","70546200","chr11","83823410","83823542","19","13277342"
"chr3","70579586","70579875","chr5","14142694","14142980","53","56436892"
"chr3","70630047","70630231","chr3","70593440","70593618","6","36607"
"chr3","71030001","71030286","chr3","71002455","71002740","0","27546"
"chr3","71258531","71258837","chr3","71232487","71232795","4","26044"
"chr3","71330080","71330372","chr20","41641339","41641628","41","29688741"
"chr3","71982419","71982594","chr18","50857479","50857649","46","21124940"
"chr3","72414295","72414454","chrX","296942","297101","27","72117353"
"chr3","72474908","72475204","chr3","72460213","72460514","6","14695"
"chr3","72476765","72477077","chr1","62308280","62308586","47","10168485"
"chr3","72498481","72498779","chr3","72484425","72484723","2","14056"
"chr3","72539087","72539342","chr14","61519217","61519479","46","11019870"
"chr3","72540710","72541018","chr1","24298407","24298712","32","48242303"
"chr3","72662853","72662902","chr17","532122","532172","10","72130731"
"chr3","72667872","72668170","chr1","24061533","24061831","32","48606339"
"chr3","72682597","72682871","chr4","130416876","130417152","47","57734279"
"chr3","72996555","72996759","chr12","65769803","65770004","27","7226752"
"chr3","73257974","73258111","chr19","61741211","61741358","20","11516763"
"chr3","74086359","74086471","chr2B","205936995","205937106","31","131850636"
"chr3","74340705","74340835","chr1","6844228","6844361","25","67496477"
"chr3","74574747","74575062","chr3","74008855","74009174","5","565892"
"chr3","74613243","74613569","chr3","74048158","74048487","4","565085"
"chr3","74636107","74636203","chr14","100673591","100673682","25","26037484"
"chr3","74738597","74738766","chr14","49207210","49207370","28","25531387"
"chr3","74770045","74770175","chrX","97546574","97546704","8","22776529"
"chr3","74822961","74823047","chr9","80389825","80389922","18","5566864"
"chr3","74852594","74852816","chr10","77419390","77419599","53","2566796"
"chr3","74901571","74901722","chr12","117408308","117408464","28","42506737"
"chr3","74910616","74910891","chr3","74361003","74361278","0","549613"
"chr3","74914529","74914839","chr3","74364919","74365230","3","549610"
"chr3","74945574","74945882","chr3","74396498","74396805","4","549076"
"chr3","74967999","74968297","chr3","74421785","74422084","1","546214"
"chr3","75060186","75060298","chr20","16652596","16652702","22","58407590"
"chr3","75280687","75280949","chr3","74733666","74733931","3","547021"
"chr3","75322273","75322585","chr3","74775507","74775818","4","546766"
"chr3","75327508","75327818","chr21","29715260","29715569","42","45612248"
"chr3","75390227","75390361","chr9","15289702","15289841","28","60100525"
"chr3","75468506","75468786","chr3","74925432","74925714","4","543074"
"chr3","75731212","75731330","chr9","69573837","69573962","31","6157375"
"chr3","75820018","75820238","chr3","75304564","75304784","2","515454"
"chr3","75864669","75864956","chr3","75349700","75350001","16","514969"
"chr3","75930443","75930619","chr3","75415591","75415770","7","514852"
"chr3","75983576","75983843","chr3","75468679","75468978","32","514897"
"chr3","76093637","76093933","chr5","36472948","36473248","52","39620689"
"chr3","76253728","76253879","chr3","75740360","75740510","2","513368"
"chr3","76337525","76337687","chr3","75823430","75823592","1","514095"
"chr3","76721196","76721499","chr3","76211746","76212049","3","509450"
"chr3","76761728","76762022","chr2A","72126431","72126725","30","4635297"
"chr3","77022727","77023024","chr3","76522664","76522988","29","500063"
"chr3","77217986","77218272","chr16","31475093","31475383","28","45742893"
"chr3","77245500","77245769","chr3","76745338","76745609","4","500162"
"chr3","77300375","77300446","chr11","8774884","8774956","12","68525491"
"chr3","77302106","77302410","chr3","76805499","76805808","8","496607"
"chr3","77472113","77472151","chr10","27042861","27042906","16","50429252"
"chr3","77720597","77720838","chr4","39822425","39822647","59","37898172"
"chr3","77750317","77750616","chr3","77144773","77145065","7","605544"
"chr3","78264986","78265277","chr3","77666585","77666888","13","598401"
"chr3","78382762","78383047","chr3","77785296","77785582","2","597466"
"chr3","78434484","78434775","chr3","77837621","77837912","0","596863"
"chr3","78479399","78479527","chr2A","32693701","32693835","22","45785698"
"chr3","78490848","78490956","chr1","123832748","123832859","21","45341900"
"chr3","78503851","78504020","chr10","57047157","57047321","30","21456694"
"chr3","79138469","79138772","chr3","78553951","78554249","7","584518"
"chr3","79172727","79172869","chr3","78588671","78588812","2","584056"
"chr3","79236942","79237251","chr3","78653372","78653679","2","583570"
"chr3","79293172","79293300","chr12","38992415","38992548","28","40300757"
"chr3","79914478","79914767","chr3","79345944","79346233","1","568534"
"chr3","80380276","80380584","chr3","79827192","79827498","10","553084"
"chr3","80470721","80471018","chr3","79919186","79919484","2","551535"
"chr3","80542133","80542432","chr3","79991081","79991386","7","551052"
"chr3","80716987","80717245","chr7","78418260","78418521","73","2298727"
"chr3","80783053","80783338","chr3","80235146","80235433","3","547907"
"chr3","80902235","80902524","chr3","80357272","80357572","15","544963"
"chr3","80953458","80953757","chr3","80409904","80410183","21","543554"
"chr3","81005369","81005687","chr3","80461802","80462122","12","543567"
"chr3","81102689","81102988","chr3","80560445","80560750","7","542244"
"chr3","81309800","81310114","chr3","80771872","80772188","4","537928"
"chr3","81425892","81426188","chr11","81612582","81612877","33","186690"
"chr3","81466472","81466593","chr1","129260001","129260119","15","47793529"
"chr3","81663334","81663596","chr3","81141055","81141317","0","522279"
"chr3","81993674","81993754","chr8","46091691","46091777","21","35901983"
"chr3","82077594","82077893","chr3","81559856","81560157","3","517738"
"chr3","82112287","82112583","chr3","81629602","81629901","5","482685"
"chr3","82520105","82520401","chr3","82043186","82043481","9","476919"
"chr3","82572461","82572657","chr3","82095621","82095801","17","476840"
"chr3","83254479","83254578","chr3","27665315","27665404","25","55589164"
"chr3","83342385","83342685","chr10","56678168","56678464","46","26664217"
"chr3","83758493","83758788","chr3","83125899","83126194","0","632594"
"chr3","83764082","83764335","chr3","83131486","83131740","2","632596"
"chr3","83790428","83790724","chr3","83158643","83158940","6","631785"
"chr3","83908348","83908637","chr3","83277963","83278253","1","630385"
"chr3","83911153","83911465","chr11","58723207","58723512","46","25187946"
"chr3","84059721","84059821","chr20","16652596","16652702","20","67407125"
"chr3","84136935","84137246","chr3","83512196","83512505","2","624739"
"chr3","84289617","84289932","chr3","83665253","83665576","9","624364"
"chr3","84575954","84576251","chr15","39535864","39536161","42","45040090"
"chr3","84647129","84647333","chr3","84028512","84028718","2","618617"
"chr3","84653783","84654009","chr4","39822425","39822647","41","44831358"
"chr3","84930645","84930942","chr3","15176094","15176391","31","69754551"
"chr3","84972968","84973261","chr3","84355093","84355387","1","617875"
"chr3","85163096","85163186","chr3","181238196","181238292","22","96075100"
"chr3","85243371","85243669","chr3","84625297","84625607","14","618074"
"chr3","85329367","85329674","chr3","84711825","84712130","2","617542"
"chr3","85671766","85672074","chr3","85053138","85053450","4","618628"
"chr3","85752439","85752739","chr3","85134169","85134465","12","618270"
"chr3","85904355","85904485","chr22","35041748","35041876","32","50862607"
"chr3","86165508","86165781","chr22","43143911","43144188","41","43021597"
"chr3","86229449","86229743","chr3","85628538","85628824","10","600911"
"chr3","86237766","86237879","chr2B","205936995","205937106","30","119699229"
"chr3","86245711","86246002","chr3","85644824","85645117","3","600887"
"chr3","86368295","86368605","chr3","85768351","85768650","18","599944"
"chr3","86486968","86487093","chr2B","207026815","207026935","33","120539847"
"chr3","86748022","86748119","chr3","181238196","181238292","22","94490174"
"chr3","86850323","86850626","chr3","86164408","86164726","21","685915"
"chr3","87158805","87158909","chr2B","205936995","205937106","28","118778190"
"chr3","87235606","87235914","chr3","86552480","86552788","1","683126"
"chr3","87290508","87290830","chr3","86607962","86608279","6","682546"
"chr3","87670821","87670905","chr3","181238196","181238292","32","93567375"
"chr3","87759206","87759404","chr10","120372580","120372761","50","32613374"
"chr3","87759452","87759593","chr1","105086940","105087071","24","17327488"
"chr3","87898792","87899091","chr3","87221195","87221494","2","677597"
"chr3","88108241","88108362","chr1","6844228","6844361","30","81264013"
"chr3","88309865","88310014","chr3","87640021","87640174","7","669844"
"chr3","88529526","88529658","chr16","73743066","73743197","24","14786460"
"chr3","88969586","88969906","chr3","88309695","88310008","8","659891"
"chr3","89037221","89037333","chr6","159074849","159074952","21","70037628"
"chr3","89207443","89207744","chr3","88548866","88549171","6","658577"
"chr3","89462998","89463310","chr1","139452262","139452571","46","49989264"
"chr3","89611510","89611811","chr3","88959943","88960254","16","651567"
"chr3","89670306","89670613","chr3","89018430","89018741","7","651876"
"chr3","89716854","89717072","chr3","89067970","89068191","4","648884"
"chr3","89811421","89811708","chr3","89169981","89170268","1","641440"
"chr3","89938089","89938379","chr1","23230982","23231263","58","66707107"
"chr3","90002635","90002924","chr3","89364474","89364765","3","638161"
"chr3","90015187","90015485","chr17","3005643","3005940","33","87009544"
"chr3","90085129","90085421","chr3","89445059","89445359","12","640070"
"chr3","90399175","90399471","chr1","203439612","203439906","45","113040437"
"chr3","90420733","90421036","chr3","89789857","89790161","2","630876"
"chr3","90807541","90807833","chr8","101370131","101370427","32","10562590"
"chr3","90859015","90859123","chr1","139348246","139348356","12","48489231"
"chr3","91274126","91274233","chr3","181238196","181238292","25","89964070"
"chr3","91352956","91353123","chr13","26988435","26988596","27","64364521"
"chr3","91517867","91518091","chr8","39115534","39115763","44","52402333"
"chr3","91518094","91518420","chr3","90892669","90892995","4","625425"
"chr3","91793986","91794279","chr16","5613497","5613803","54","86180489"
"chr3","92477595","92477875","chr3","91862954","91863236","2","614641"
"chr3","97623899","97624183","chr3","96883561","96883847","4","740338"
"chr3","97786902","97787183","chr5","37177597","37177892","45","60609305"
"chr3","97794521","97794838","chr3","97053594","97053906","6","740927"
"chr3","97840555","97840869","chr3","97100329","97100647","5","740226"
"chr3","97991686","97991995","chr3","97247971","97248280","3","743715"
"chr3","98024890","98024995","chr2B","199271339","199271453","26","101246449"
"chr3","98297822","98298108","chr3","97554220","97554504","2","743602"
"chr3","98385781","98386074","chr3","97642796","97643091","4","742985"
"chr3","98390846","98391145","chr3","97648202","97648503","4","742644"
"chr3","98689829","98690134","chr3","97950836","97951143","5","738993"
"chr3","98703127","98703304","chr3","97964154","97964331","1","738973"
"chr3","98929010","98929095","chr14","100673591","100673682","25","1744581"
"chr3","99026441","99026746","chr3","98295461","98295764","2","730980"
"chr3","99050957","99051252","chr9","116879809","116880113","43","17828852"
"chr3","99386729","99386968","chr3","98679877","98680107","14","706852"
"chr3","99438841","99439131","chr12","61508381","61508672","30","37930460"
"chr3","99833585","99833672","chr8","46091691","46091777","13","53741894"
"chr3","99989074","99989280","chr3","99293150","99293357","7","695924"
"chr3","100103857","100104149","chr3","99405637","99405931","4","698220"
"chr3","100135467","100135755","chr3","99437707","99437998","6","697760"
"chr3","100551624","100551922","chr3","99866690","99866992","6","684934"
"chr3","100725358","100725656","chr13","49746649","49746946","50","50978709"
"chr3","101306478","101306649","chr4","40599988","40600158","28","60706490"
"chr3","101406289","101406406","chr5","172392908","172393028","24","70986619"
"chr3","101421269","101421566","chr3","100759855","100760157","9","661414"
"chr3","101714645","101714937","chr3","101057545","101057836","4","657100"
"chr3","102119259","102119405","chr12","15331163","15331311","30","86788096"
"chr3","102135179","102135471","chr3","101479936","101480230","3","655243"
"chr3","102217364","102217658","chr5","83379866","83380162","46","18837498"
"chr3","102314803","102315088","chr3","101661912","101662195","3","652891"
"chr3","102323706","102323822","chr20","16652596","16652702","32","85671110"
"chr3","102372859","102373151","chr3","101719467","101719765","7","653392"
"chr3","102400303","102400610","chr11","114680930","114681234","53","12280627"
"chr3","102401705","102402001","chr11","116909477","116909766","51","14507772"
"chr3","102416878","102417045","chr3","101762288","101762455","1","654590"
"chr3","102725468","102725606","chr3","102079771","102079910","1","645697"
"chr3","103379410","103379691","chr3","102742671","102742952","0","636739"
"chr3","103540975","103541072","chr9","80389825","80389922","15","23151150"
"chr3","103787245","103787538","chr3","103156139","103156458","32","631106"
"chr3","103811831","103812103","chr3","103181693","103181965","0","630138"
"chr3","103961954","103962262","chrX","71804769","71805072","38","32157185"
"chr3","103984511","103984773","chr3","103355201","103355465","3","629310"
"chr3","104023452","104023754","chr3","103394587","103394892","4","628865"
"chr3","104026023","104026310","chr3","103397131","103397420","4","628892"
"chr3","104076271","104076366","chr6","159074849","159074952","18","54998578"
"chr3","104144594","104144897","chr18","19332666","19332971","45","84811928"
"chr3","104163664","104163873","chr3","103534988","103535201","7","628676"
"chr3","104260083","104260392","chr3","173207978","173208283","61","68947895"
"chr3","104337237","104337536","chr6","24902977","24903264","44","79434260"
"chr3","104348767","104348903","chr1","31310870","31311004","19","73037897"
"chr3","104349214","104349400","chr4","26666455","26666626","29","77682759"
"chr3","104494791","104495089","chr3","103880627","103880925","1","614164"
"chr3","104498435","104498727","chr3","103884272","103884574","12","614163"
"chr3","104628024","104628317","chr3","104014390","104014683","1","613634"
"chr3","105095488","105095690","chr17","13826755","13826963","38","91268733"
"chr3","105273474","105273666","chr18","9612846","9613035","40","95660628"
"chr3","105275741","105276019","chr3","104682965","104683242","1","592776"
"chr3","105373248","105373444","chr3","104777410","104777604","3","595838"
"chr3","105373445","105373714","chr3","104777605","104777874","1","595840"
"chr3","105384202","105384355","chr18","11048335","11048487","24","94335867"
"chr3","105410342","105410472","chr3","104814414","104814544","0","595928"
"chr3","105425683","105425847","chr7","100665257","100665418","24","4760426"
"chr3","105452575","105452854","chr3","104855571","104855871","80","597004"
"chr3","105456956","105457268","chr3","104860344","104860647","12","596612"
"chr3","105485136","105485288","chr11","63628574","63628721","34","41856562"
"chr3","105489941","105490038","chr22","33938435","33938535","20","71551506"
"chr3","105498954","105499239","chr8","39509907","39510199","51","65989047"
"chr3","105500121","105500276","chr5","124174576","124174730","17","18674455"
"chr3","105511612","105511924","chr3","104915109","104915411","15","596503"
"chr3","105908376","105908678","chr3","105321821","105322115","18","586555"
"chr3","106304096","106304234","chr2A","32693701","32693835","23","73610395"
"chr3","106367244","106367516","chr3","105783867","105784154","19","583377"
"chr3","106683465","106683751","chr3","106104896","106105182","5","578569"
"chr3","106913335","106913620","chr3","106352702","106352988","2","560633"
"chr3","107077933","107078241","chr3","106518181","106518489","0","559752"
"chr3","107120051","107120326","chr3","106560823","106561098","1","559228"
"chr3","107541038","107541318","chr3","106984118","106984398","3","556920"
"chr3","108390393","108390680","chr3","107575471","107575758","2","814922"
"chr3","108954738","108954832","chr14","100673591","100673682","17","8281147"
"chr3","109068129","109068416","chr3","108254546","108254833","4","813583"
"chr3","109214581","109214888","chr3","108401799","108402102","5","812782"
"chr3","109365084","109365396","chr3","108554395","108554706","3","810689"
"chr3","109370062","109370324","chr3","108559349","108559639","34","810713"
"chr3","109635121","109635391","chr6","34391046","34391314","41","75244075"
"chr3","109679836","109680141","chr3","108873336","108873643","9","806500"
"chr3","110052117","110052263","chr11","9283010","9283165","24","100769107"
"chr3","110107028","110107295","chr3","109304675","109304924","18","802353"
"chr3","110119354","110119655","chr3","109317702","109318004","5","801652"
"chr3","110286952","110287158","chr3","109487226","109487434","3","799726"
"chr3","110406394","110406682","chr3","109606834","109607126","9","799560"
"chr3","110739786","110740078","chr3","109941493","109941786","1","798293"
"chr3","111231314","111231625","chr3","110440302","110440614","4","791012"
"chr3","111265282","111265352","chr19","17268802","17268857","29","93996480"
"chr3","111312448","111312736","chr12","11868876","11869166","58","99443572"
"chr3","111321535","111321836","chr3","110530184","110530484","3","791351"
"chr3","111504788","111505083","chr3","54080201","54080499","45","57424587"
"chr3","111512225","111512522","chr3","110734569","110734866","1","777656"
"chr3","111533205","111533504","chr9","83166144","83166440","63","28367061"
"chr3","111654047","111654247","chr3","110878539","110878742","3","775508"
"chr3","111855350","111855619","chr2B","127963462","127963734","50","16108112"
"chr3","112122985","112123309","chr3","111346322","111346648","10","776663"
"chr3","112328920","112329228","chr3","111555209","111555517","1","773711"
"chr3","112484101","112484400","chr3","111719131","111719431","3","764970"
"chr3","112617156","112617447","chr3","111852344","111852633","3","764812"
"chr3","112922927","112923221","chr3","112158756","112159053","5","764171"
"chr3","112966902","112967188","chr3","112203429","112203710","18","763473"
"chr3","113104409","113104518","chr2B","205936995","205937106","22","92832586"
"chr3","113309708","113309916","chr3","112550648","112550856","1","759060"
"chr3","113375188","113375483","chr19","59945949","59946242","57","53429239"
"chr3","113384994","113385288","chr3","112628256","112628551","2","756738"
"chr3","113418422","113418725","chrX","22153884","22154179","38","91264538"
"chr3","113442105","113442246","chr6","84298883","84299012","24","29143222"
"chr3","113570714","113570983","chr3","112823559","112823829","1","747155"
"chr3","113591339","113591450","chr2B","199271339","199271453","19","85680000"
"chr3","113803072","113803361","chr3","113029748","113030037","0","773324"
"chr3","113883387","113883681","chr3","113110744","113111037","9","772643"
"chr3","114001728","114002023","chr3","113229953","113230251","5","771775"
"chr3","114056778","114057072","chr3","113286613","113286908","1","770165"
"chr3","114229672","114229982","chr4","141609401","141609710","40","27379729"
"chr3","114268388","114268668","chr3","113498762","113499043","3","769626"
"chr3","115101898","115102210","chr3","114344515","114344825","2","757383"
"chr3","115205807","115205964","chr14","20229183","20229338","25","94976624"
"chr3","115909240","115909430","chr3","115155745","115155935","1","753495"
"chr3","115913202","115913502","chr3","115160135","115160430","7","753067"
"chr3","116086980","116087277","chr3","115334682","115334983","5","752298"
"chr3","116212279","116212580","chr3","115460337","115460637","2","751942"
"chr3","116383341","116383640","chr3","115632078","115632386","9","751263"
"chr3","116743567","116743773","chr3","115988328","115988537","3","755239"
"chr3","116849051","116849346","chr3","116099013","116099311","5","750038"
"chr3","116907858","116907957","chr6","159074849","159074952","18","42166991"
"chr3","117104109","117104409","chr3","116358688","116358992","8","745421"
"chr3","117124107","117124431","chr3","116379213","116379514","29","744894"
"chr3","117135363","117135659","chr3","116390539","116390837","7","744824"
"chr3","117483929","117484241","chr3","116744063","116744375","1","739866"
"chr3","117674519","117674795","chr3","116942350","116942626","1","732169"
"chr3","117685365","117685658","chrX","22153884","22154179","30","95531481"
"chr3","117733943","117734225","chr22","22857889","22858179","66","94876054"
"chr3","117751443","117751738","chr3","117016852","117017146","6","734591"
"chr3","117763071","117763216","chrX","142408571","142408709","22","24645500"
"chr3","117779508","117779801","chr3","117047242","117047535","1","732266"
"chr3","117805081","117805146","chr1","33246348","33246407","21","84558733"
"chr3","117814733","117814946","chr3","117081923","117082137","5","732810"
"chr3","117831468","117831762","chr3","117099366","117099665","7","732102"
"chr3","117843146","117843406","chr15","97500897","97501154","33","20342249"
"chr3","117860344","117860637","chr3","68241164","68241456","33","49619180"
"chr3","117886929","117887208","chr3","117156145","117156424","3","730784"
"chr3","117963140","117963448","chr3","117233842","117234150","0","729298"
"chr3","117968414","117968712","chr3","117239115","117239413","1","729299"
"chr3","118086036","118086319","chr3","117359842","117360138","13","726194"
"chr3","118166747","118167058","chr12","19907748","19908062","47","98258999"
"chr3","118223567","118223704","chr13","22694842","22694978","27","95528725"
"chr3","118410863","118411168","chr3","117686759","117687077","16","724104"
"chr3","118540468","118540769","chr3","117819138","117819442","4","721330"
"chr3","118623257","118623564","chr3","117904058","117904362","3","719199"
"chr3","118796767","118797064","chr3","118079128","118079425","2","717639"
"chr3","118819549","118819819","chr3","118101911","118102181","1","717638"
"chr3","119197220","119197382","chr3","118483084","118483246","0","714136"
"chr3","119221272","119221560","chr3","118507155","118507443","0","714117"
"chr3","119295241","119295420","chr5","125767094","125767277","36","6471853"
"chr3","119879861","119880135","chr3","119176496","119176778","10","703365"
"chr3","119885198","119885509","chr3","119181931","119182249","10","703267"
"chr3","119897558","119897761","chr16","2485651","2485858","45","117411907"
"chr3","120724983","120725282","chr3","120024074","120024373","2","700909"
"chr3","121012750","121012986","chr3","120322973","120323204","18","689777"
"chr3","121143692","121143897","chr3","120454447","120454652","0","689245"
"chr3","121221192","121221317","chr5","172392908","172393028","27","51171716"
"chr3","121330679","121330989","chr3","120641876","120642185","4","688803"
"chr3","121536644","121536790","chr3","120850804","120850950","3","685840"
"chr3","121722794","121722944","chr1","14821967","14822109","37","106900827"
"chr3","122077292","122077574","chr3","121404308","121404597","9","672984"
"chr3","122467097","122467239","chr3","121801487","121801629","1","665610"
"chr3","122469611","122469902","chr3","121804002","121804294","2","665609"
"chr3","122761575","122761876","chr3","122099769","122100071","4","661806"
"chr3","122822101","122822401","chr13","107225624","107225925","46","15596477"
"chr3","122933596","122933881","chr3","122265092","122265378","2","668504"
"chr3","122986384","122986460","chr3","122317918","122317994","0","668466"
"chr3","123155196","123155223","chr2B","138960016","138960039","13","15804820"
"chr3","123214598","123214884","chr3","122549985","122550271","2","664613"
"chr3","123240810","123241130","chr2A","57877325","57877637","59","65363485"
"chr3","123304068","123304365","chr3","122638096","122638385","8","665972"
"chr3","123333688","123333993","chr3","122668710","122668989","27","664978"
"chr3","123359358","123359590","chr3","122694070","122694299","3","665288"
"chr3","123384245","123384537","chr2A","28990672","28990966","33","94393573"
"chr3","123443808","123444112","chr3","122778543","122778847","0","665265"
"chr3","123553722","123553821","chr13","108019422","108019512","21","15534300"
"chr3","123571224","123571534","chr19","42083515","42083822","33","81487709"
"chr3","123583976","123584258","chr3","122919677","122919981","22","664299"
"chr3","123595525","123595619","chr13","108019422","108019512","20","15576103"
"chr3","123746099","123746416","chr12","26232639","26232947","43","97513460"
"chr3","123755120","123755363","chr3","123090013","123090256","0","665107"
"chr3","123790169","123790471","chr4","44940665","44940968","47","78849504"
"chr3","123983525","123983617","chr3","181238196","181238292","29","57254671"
"chr3","124048799","124049108","chr3","123385251","123385561","4","663548"
"chr3","124060177","124060357","chr17","66668913","66669088","24","57391264"
"chr3","124119589","124119880","chr3","123457764","123458056","1","661825"
"chr3","124171745","124172055","chrX","29364097","29364407","34","94807648"
"chr3","124254271","124254493","chr17","18561438","18561657","44","105692833"
"chr3","124355185","124355488","chr3","123694496","123694797","3","660689"
"chr3","124415390","124415528","chrUn_GL394737","20401","20541","25","124394989"
"chr3","124584892","124585181","chr17","12043037","12043324","57","112541855"
"chr3","124667338","124667649","chr3","124011627","124011938","7","655711"
"chr3","124744588","124744856","chr6","43685614","43685897","53","81058974"
"chr3","124744889","124744901","chr1","28547144","28547162","8","96197745"
"chr3","124827436","124827760","chr3","124131093","124131405","17","696343"
"chr3","125070419","125070559","chr3","124377381","124377522","1","693038"
"chr3","125484399","125484615","chr1","106485261","106485474","30","18999138"
"chr3","125571561","125571855","chr3","124927519","124927814","1","644042"
"chr3","125592689","125592887","chr12","56375110","56375313","32","69217579"
"chr3","125628920","125629232","chr14","64560837","64561147","36","61068083"
"chr3","125716190","125716297","chr2B","205936995","205937106","23","80220805"
"chr3","125741110","125741272","chr1","208319348","208319501","33","82578238"
"chr3","125840494","125840547","chr19","46929278","46929331","8","78911216"
"chr3","126063111","126063256","chr2A","107195506","107195649","15","18867605"
"chr3","126217187","126217492","chr3","125584055","125584359","3","633132"
"chr3","126265555","126265859","chr3","125634492","125634796","1","631063"
"chr3","126337412","126337703","chr3","125709191","125709484","3","628221"
"chr3","126362304","126362590","chr3","125734022","125734334","26","628282"
"chr3","126363057","126363353","chr3","125734767","125735065","2","628290"
"chr3","126373294","126373578","chr3","125745008","125745292","0","628286"
"chr3","126437602","126437897","chr3","125813861","125814159","4","623741"
"chr3","126461357","126461526","chr3","125837748","125837917","1","623609"
"chr3","126507550","126507852","chr3","125886220","125886522","1","621330"
"chr3","126526245","126526354","chr3","125905858","125905967","1","620387"
"chr3","126537627","126537725","chr3","181238196","181238292","26","54700569"
"chr3","126594850","126595166","chr3","125965169","125965457","40","629681"
"chr3","126600563","126600867","chr3","125970886","125971190","1","629677"
"chr3","126771446","126771576","chr3","126157086","126157216","0","614360"
"chr3","126996491","126996802","chr3","5045433","5045734","38","121951058"
"chr3","127176392","127176696","chr3","126568945","126569245","5","607447"
"chr3","127177566","127177856","chr3","126570115","126570410","8","607451"
"chr3","127192629","127192864","chr3","126585200","126585438","4","607429"
"chr3","127273595","127273891","chr3","126669891","126670184","5","603704"
"chr3","127362298","127362615","chr3","126760950","126761264","7","601348"
"chr3","127368010","127368171","chr1","54397545","54397708","27","72970465"
"chr3","127470340","127470631","chr3","33008710","33009011","46","94461630"
"chr3","127569532","127569826","chr3","126971405","126971700","2","598127"
"chr3","127625457","127625564","chr20","16652596","16652702","26","110972861"
"chr3","127654706","127655009","chr3","127056477","127056786","7","598229"
"chr3","128107355","128107663","chr3","127511593","127511901","3","595762"
"chr3","128313273","128313575","chr3","127721112","127721419","9","592161"
"chr3","128418476","128418608","chr1","46484701","46484838","20","81933775"
"chr3","128511072","128511381","chr3","127919920","127920221","11","591152"
"chr3","128515528","128515809","chr3","18335608","18335892","35","110179920"
"chr3","128541349","128541453","chr20","16652596","16652702","18","111888753"
"chr3","128571348","128571642","chr3","127980365","127980668","34","590983"
"chr3","128577926","128578088","chr3","127986926","127987090","4","591000"
"chr3","128711585","128711863","chr3","128119519","128119797","0","592066"
"chr3","128735647","128735958","chr3","128144697","128145010","8","590950"
"chr3","128746313","128746459","chr3","128155332","128155475","5","590981"
"chr3","128784345","128784650","chr3","128191919","128192231","11","592426"
"chr3","128818852","128818992","chr3","128225425","128225584","19","593427"
"chr3","128840827","128841136","chr3","128247515","128247828","5","593312"
"chr3","128871567","128871858","chr3","128278109","128278401","1","593458"
"chr3","128955733","128956025","chr3","128364049","128364350","9","591684"
"chr3","128961213","128961511","chr3","128369518","128369818","3","591695"
"chr3","128972207","128972505","chr3","183088936","183089223","56","54116729"
"chr3","128977889","128977993","chr6","159074849","159074952","21","30096960"
"chr3","129106509","129106796","chr8","34797742","34797990","75","94308767"
"chr3","129125385","129125692","chr16","49695404","49695710","37","79429981"
"chr3","129128280","129128446","chr3","128537607","128537770","5","590673"
"chr3","129152556","129152677","chr8","26723415","26723536","30","102429141"
"chr3","129445772","129446078","chr3","128858677","128858983","6","587095"
"chr3","129488306","129488604","chr3","128901401","128901700","9","586905"
"chr3","129504223","129504344","chr5","172392908","172393028","31","42888685"
"chr3","129505395","129505503","chr2A","62538961","62539069","18","66966434"
"chr3","129517519","129517789","chr3","128931716","128931986","1","585803"
"chr3","129524144","129524437","chr3","128938354","128938645","24","585790"
"chr3","129539463","129539649","chr9","128045951","128046133","31","1493512"
"chr3","129545456","129545588","chr1","6844228","6844361","28","122701228"
"chr3","129585849","129586155","chr11","19846296","19846594","38","109739553"
"chr3","129662449","129662736","chr13","81091008","81091295","46","48571441"
"chr3","129704033","129704308","chr11","69257373","69257650","14","60446660"
"chr3","129707396","129707707","chr3","129155212","129155535","12","552184"
"chr3","130240361","130240661","chr11","3455837","3456145","21","126784524"
"chr3","130284293","130284593","chr3","129288681","129288983","3","995612"
"chr3","130319293","130319406","chr2B","210790127","210790232","23","80470834"
"chr3","130436802","130437101","chr11","8753614","8753912","29","121683188"
"chr3","130531675","130531982","chr3","129538343","129538649","3","993332"
"chr3","130665384","130665695","chr3","129676206","129676516","2","989178"
"chr3","131179069","131179323","chr3","130202733","130202987","1","976336"
"chr3","131905214","131905530","chr3","130942610","130942921","5","962604"
"chr3","132194495","132194509","chr1","28547144","28547162","8","103647351"
"chr3","132194545","132194840","chr11","112292811","112293104","40","19901734"
"chr3","132235757","132235840","chr14","100673591","100673682","22","31562166"
"chr3","132312536","132312737","chr1","26136510","26136710","27","106176026"
"chr3","132364274","132364565","chr3","131419403","131419694","2","944871"
"chr3","132427745","132428038","chr3","131424196","131424495","9","1003549"
"chr3","132514624","132514740","chr7","112797358","112797487","34","19717266"
"chr3","132521490","132521615","chr21","2516680","2516816","27","130004810"
"chr3","132522679","132522792","chr2B","205936995","205937106","25","73414316"
"chr3","132566059","132566363","chr3","131567855","131568165","7","998204"
"chr3","132600930","132601219","chr3","131602535","131602833","9","998395"
"chr3","132817698","132817896","chr20","28785874","28786066","42","104031824"
"chr3","132970705","132971005","chr19","51618394","51618689","38","81352311"
"chr3","133006655","133006952","chr3","132010605","132010906","5","996050"
"chr3","133010468","133010748","chr3","132014448","132014728","1","996020"
"chr3","133034763","133035067","chr3","132038901","132039205","6","995862"
"chr3","133040230","133040317","chr13","24059413","24059502","18","108980817"
"chr3","133081221","133081517","chr17","3005643","3005940","32","130075578"
"chr3","133098217","133098261","chr4","158528568","158528610","13","25430351"
"chr3","133212458","133212547","chr15","38195761","38195857","16","95016697"
"chr3","133228953","133229254","chr3","132244716","132245015","6","984237"
"chr3","133472741","133473026","chr1","140080772","140081067","38","6608031"
"chr3","133478389","133478496","chr2B","205936995","205937106","20","72458606"
"chr3","133510818","133510972","chr3","132513294","132513448","0","997524"
"chr3","133554420","133554716","chr3","132559613","132559909","1","994807"
"chr3","133589733","133589846","chr2B","199271339","199271453","19","65681606"
"chr3","133592102","133592276","chr15","87173355","87173524","22","46418747"
"chr3","133597958","133598259","chr3","132605306","132605601","7","992652"
"chr3","133669583","133669695","chr2B","205936995","205937106","28","72267412"
"chr3","133710480","133710652","chr3","132723585","132723763","7","986895"
"chr3","134087726","134088028","chr3","133114244","133114548","5","973482"
"chr3","134124573","134124860","chr3","133151135","133151408","14","973438"
"chr3","134130629","134130774","chr1","12171286","12171426","36","121959343"
"chr3","134160382","134160573","chr1","214728525","214728704","44","80568143"
"chr3","134172001","134172126","chr16","73743066","73743197","30","60428935"
"chr3","134226146","134226442","chr6","47296875","47297170","39","86929271"
"chr3","134266236","134266530","chr21","16679068","16679365","49","117587168"
"chr3","134331672","134331958","chr3","133366339","133366629","6","965333"
"chr3","134333763","134334052","chr3","133368435","133368725","2","965328"
"chr3","134406691","134406867","chrX","120311131","120311310","25","14095560"
"chr3","134407165","134407213","chr15","23757527","23757573","8","110649638"
"chr3","134407821","134407980","chr3","133443421","133443580","1","964400"
"chr3","134424587","134424897","chr3","133459492","133459802","3","965095"
"chr3","134429102","134429417","chr7","5518919","5519241","24","128910183"
"chr3","134450940","134451252","chr10","15256153","15256465","12","119194787"
"chr3","134468587","134468666","chr1","33246348","33246407","34","101222239"
"chr3","134488335","134488591","chr10","15275260","15275516","3","119213075"
"chr3","134520564","134520681","chr3","181143385","181143493","29","46622821"
"chr3","134549966","134550277","chr12","8513235","8513546","3","126036731"
"chr3","134584121","134584417","chr12","8544312","8544608","3","126039809"
"chr3","135056966","135057256","chr3","134110615","134110905","0","946351"
"chr3","135124275","135124573","chr3","134179893","134180191","4","944382"
"chr3","135133084","135133403","chr1","16129810","16130120","46","119003274"
"chr3","135176678","135176972","chr3","134232063","134232360","3","944615"
"chr3","135330797","135331091","chr3","134386965","134387260","1","943832"
"chr3","135364998","135365275","chr6","162678441","162678712","49","27313443"
"chr3","135507438","135507704","chr3","134566239","134566505","2","941199"
"chr3","135520738","135520913","chr3","140230264","140230435","23","4709526"
"chr3","136121186","136121198","chr1","28547144","28547162","9","107574042"
"chr3","136121238","136121523","chrX","15340809","15341103","41","120780429"
"chr3","136358432","136358776","chr3","135454121","135454464","2","904311"
"chr3","136646200","136646490","chr3","135747017","135747308","1","899183"
"chr3","136726366","136726669","chr3","135829318","135829623","3","897048"
"chr3","137024220","137024530","chr3","135973725","135974044","9","1050495"
"chr3","137037174","137037463","chr3","135986698","135986987","2","1050476"
"chr3","137082974","137083091","chr5","172392908","172393028","23","35309934"
"chr3","137094802","137095105","chr1","53118077","53118382","33","83976725"
"chr3","137148916","137149205","chr3","136100086","136100376","3","1048830"
"chr3","137247344","137247636","chr3","136199589","136199884","4","1047755"
"chr3","137274395","137274691","chr21","4065891","4066188","32","133208504"
"chr3","137557919","137558196","chr3","136516414","136516691","1","1041505"
"chr3","137669531","137669838","chr6","152517323","152517620","46","14847792"
"chr3","138105555","138105656","chr6","159074849","159074952","18","20969294"
"chr3","138148551","138148852","chr1","129573297","129573591","66","8575254"
"chr3","138172512","138172795","chr9","37655366","37655651","34","100517146"
"chr3","138173309","138173467","chr1","171474782","171474948","43","33301473"
"chr3","138199630","138199730","chr3","181238196","181238292","28","43038566"
"chr3","138332081","138332374","chr3","137316847","137317149","12","1015234"
"chr3","138489311","138489576","chr1","99954543","99954813","39","38534768"
"chr3","138574329","138574597","chr3","137562037","137562307","4","1012292"
"chr3","138591854","138592145","chr3","137579329","137579612","15","1012525"
"chr3","138630039","138630336","chr3","137617962","137618260","2","1012077"
"chr3","138799504","138799814","chr3","137789094","137789411","8","1010410"
"chr3","138815713","138816014","chr3","137806594","137806895","0","1009119"
"chr3","138851224","138851549","chr3","137842900","137843195","50","1008324"
"chr3","138934990","138935091","chr6","39784334","39784438","17","99150656"
"chr3","139006506","139006797","chr3","137999361","137999652","1","1007145"
"chr3","139064674","139064939","chr3","138058558","138058855","32","1006116"
"chr3","139194784","139195096","chr3","138188872","138189185","1","1005912"
"chr3","139343780","139344088","chr3","138337837","138338153","11","1005943"
"chr3","139634112","139634404","chr3","138633298","138633594","5","1000814"
"chr3","139675258","139675539","chr3","138678256","138678536","2","997002"
"chr3","139820253","139820538","chr3","138825963","138826252","6","994290"
"chr3","140106265","140106566","chrX","71804769","71805072","34","68301496"
"chr3","140170100","140170200","chr14","100673591","100673682","27","39496509"
"chr3","140190731","140190856","chr10","101398659","101398772","34","38792072"
"chr3","140400154","140400455","chr3","139406562","139406864","3","993592"
"chr3","140465675","140465767","chr14","100673591","100673682","32","39792084"
"chr3","140519549","140519695","chr3","139525923","139526071","2","993626"
"chr3","140620334","140620627","chr3","139629133","139629424","3","991201"
"chr3","140658859","140658980","chr5","172392908","172393028","14","31734049"
"chr3","140672228","140672522","chr2A","24650015","24650306","43","116022213"
"chr3","140678662","140678960","chr1","178709323","178709622","47","38030661"
"chr3","140683228","140683513","chr3","139692562","139692852","5","990666"
"chr3","140824054","140824177","chr8","26723415","26723536","23","114100639"
"chr3","140831099","140831386","chr3","139842402","139842689","4","988697"
"chr3","140833865","140834121","chr3","139845549","139845805","1","988316"
"chr3","140873067","140873255","chr3","139884990","139885179","1","988077"
"chr3","140892088","140892384","chr7","157123489","157123786","36","16231401"
"chr3","140902439","140902750","chr3","139914217","139914528","1","988222"
"chr3","140906037","140906312","chr3","139917991","139918298","52","988046"
"chr3","140919148","140919261","chr2B","199271339","199271453","26","58352191"
"chr3","140924139","140924276","chr8","112933585","112933727","27","27990554"
"chr3","141071889","141072014","chr5","172392908","172393028","28","31321019"
"chr3","141098194","141098509","chr3","140114375","140114694","5","983819"
"chr3","141107952","141108248","chr3","140124685","140124979","4","983267"
"chr3","141110426","141110533","chr2B","205936995","205937106","22","64826569"
"chr3","141120911","141121221","chr3","140137803","140138114","1","983108"
"chr3","141128080","141128286","chr3","140144864","140145070","0","983216"
"chr3","141201928","141202137","chr3","140220150","140220362","3","981778"
"chr3","141211328","141211499","chr3","140230264","140230435","3","981064"
"chr3","141222467","141222753","chr3","140241345","140241632","2","981122"
"chr3","141241927","141241994","chr6","70871310","70871379","12","70370617"
"chr3","141279418","141279713","chr3","140299769","140300069","6","979649"
"chr3","141285585","141285888","chr3","140305757","140306062","3","979828"
"chr3","141296023","141296354","chr3","140316353","140316675","11","979670"
"chr3","141313523","141313629","chr2B","142240066","142240170","26","926543"
"chr3","141327126","141327424","chr3","140348599","140348899","3","978527"
"chr3","141330184","141330480","chr3","140351668","140351964","0","978516"
"chr3","141344534","141344725","chr2B","200338221","200338407","25","58993687"
"chr3","141359113","141359421","chr3","140381665","140381973","1","977448"
"chr3","141441693","141441979","chr3","140465396","140465682","3","976297"
"chr3","141473989","141474070","chr13","24059413","24059502","24","117414576"
"chr3","141646710","141646855","chr3","140672475","140672623","4","974235"
"chr3","141661347","141661651","chr3","140687542","140687845","5","973805"
"chr3","141943258","141943561","chr3","140973563","140973880","24","969695"
"chr3","142117673","142117770","chr14","100673591","100673682","20","41444082"
"chr3","142483111","142483390","chr12","6639685","6639970","38","135843426"
"chr3","142536804","142537094","chr3","141565075","141565372","10","971729"
"chr3","142574333","142574633","chr13","46161008","46161303","30","96413325"
"chr3","142585015","142585230","chr10","28552870","28553083","29","114032145"
"chr3","142653566","142653861","chr3","141688572","141688872","7","964994"
"chr3","142682605","142682890","chr3","141719629","141719915","4","962976"
"chr3","142693392","142693709","chr11","86989063","86989363","66","55704329"
"chr3","142701537","142701775","chr17","81370742","81370983","38","61330795"
"chr3","142703507","142703813","chr3","141740577","141740883","0","962930"
"chr3","142824542","142824832","chr3","141860447","141860741","5","964095"
"chr3","142856577","142856802","chr3","141892507","141892732","1","964070"
"chr3","142905946","142906255","chr14","89130456","89130763","39","53775490"
"chr3","142906765","142906924","chr3","141943524","141943683","1","963241"
"chr3","143012338","143012647","chr3","142049106","142049415","7","963232"
"chr3","143178168","143178287","chr2B","199271339","199271453","27","56093171"
"chr3","143203483","143203800","chr3","142085004","142085309","12","1118479"
"chr3","143212239","143212546","chr3","142093666","142093973","1","1118573"
"chr3","143220879","143221048","chr1","29277911","29278085","28","113942968"
"chr3","143225318","143225550","chr3","142106959","142107190","6","1118359"
"chr3","143256199","143256494","chr1","35380709","35381003","33","107875490"
"chr3","143291377","143291496","chr16","33817766","33817884","19","109473611"
"chr3","143293796","143293961","chr3","142177044","142177210","1","1116752"
"chr3","143322606","143322905","chr3","142205912","142206213","2","1116694"
"chr3","143323510","143323596","chr3","181238196","181238292","25","37914686"
"chr3","143327480","143327771","chr3","142210793","142211084","0","1116687"
"chr3","143352276","143352575","chr3","142235686","142235985","0","1116590"
"chr3","143377081","143377371","chr3","142260456","142260746","1","1116625"
"chr3","143413040","143413248","chr3","142296700","142296910","3","1116340"
"chr3","143424199","143424530","chr17","63022730","63023033","75","80401469"
"chr3","143434173","143434439","chr3","142318451","142318719","5","1115722"
"chr3","143446270","143446393","chr6","156423498","156423620","22","12977228"
"chr3","143489203","143489499","chr3","142376950","142377246","0","1112253"
"chr3","143502897","143503154","chr12","71390426","71390684","43","72112471"
"chr3","143505000","143505098","chr6","159074849","159074952","24","15569849"
"chr3","143508980","143509281","chr3","142392942","142393248","5","1116038"
"chr3","143521409","143521714","chr3","142406010","142406313","2","1115399"
"chr3","143530034","143530189","chr6","160207566","160207725","31","16677532"
"chr3","143530480","143530614","chr4","83248438","83248579","30","60282042"
"chr3","143547946","143548240","chr1","203439612","203439906","56","59891666"
"chr3","143600750","143600837","chr3","181238196","181238292","25","37637446"
"chr3","143666180","143666351","chr3","200742805","200742975","32","57076625"
"chr3","143773133","143773435","chr7","142132269","142132574","39","1640864"
"chr3","144025169","144025372","chr16","29088164","29088361","33","114937005"
"chr3","144032679","144032975","chr3","142924267","142924564","1","1108412"
"chr3","144037139","144037460","chr3","142928739","142929059","8","1108400"
"chr3","144191973","144192059","chr14","100673591","100673682","14","43518382"
"chr3","144258067","144258355","chr3","143151452","143151740","1","1106615"
"chr3","144388261","144388501","chr3","143281566","143281781","25","1106695"
"chr3","145211806","145212129","chr5","153719354","153719664","48","8507548"
"chr3","145381113","145381249","chr1","46484701","46484838","20","98896412"
"chr3","145407342","145407641","chr3","144322307","144322608","4","1085035"
"chr3","145516043","145516211","chr3","144439234","144439414","13","1076809"
"chr3","145945745","145946041","chr3","144871691","144871990","6","1074054"
"chr3","146154997","146155305","chr3","145082987","145083294","1","1072010"
"chr3","146251157","146251459","chr3","145181449","145181751","1","1069708"
"chr3","146291513","146291714","chr9","97028914","97029116","25","49262599"
"chr3","146348086","146348178","chr3","145273280","145273372","0","1074806"
"chr3","146439920","146440228","chr3","145366953","145367254","11","1072967"
"chr3","146449996","146450310","chrX","40146335","40146651","49","106303661"
"chr3","146458757","146459068","chr3","145386045","145386359","5","1072712"
"chr3","146472863","146473153","chr3","145400637","145400927","2","1072226"
"chr3","146484763","146485056","chr3","145413194","145413487","1","1071569"
"chr3","146524210","146524515","chr13","30185139","30185437","36","116339071"
"chr3","146553954","146554068","chr20","49213010","49213114","31","97340944"
"chr3","146610307","146610434","chr1","46484701","46484838","24","100125606"
"chr3","146641973","146642289","chr3","145574076","145574391","4","1067897"
"chr3","146715606","146715746","chr1","12171286","12171426","22","134544320"
"chr3","146729493","146729805","chr3","145661852","145662163","9","1067641"
"chr3","146790799","146791092","chr2B","229467861","229468153","41","82677062"
"chr3","146791351","146791645","chrX","43814540","43814832","41","102976811"
"chr3","146865190","146865499","chr3","145809545","145809855","2","1055645"
"chr3","147005892","147005996","chr1","160944586","160944680","23","13938694"
"chr3","147052451","147052763","chr7","74012027","74012338","39","73040424"
"chr3","147081588","147081676","chr10","4431800","4431887","34","142649788"
"chr3","147260351","147260562","chr3","146215762","146215983","11","1044589"
"chr3","147272581","147272825","chr3","146227873","146228119","4","1044708"
"chr3","147324127","147324433","chr3","146283394","146283699","1","1040733"
"chr3","147341596","147341875","chr3","146302644","146302945","22","1038952"
"chr3","147397869","147397979","chr5","172392908","172393028","28","24995039"
"chr3","147484614","147484913","chr3","146446220","146446519","2","1038394"
"chr3","147515206","147515511","chr3","146477292","146477605","10","1037914"
"chr3","147725097","147725371","chr3","146687799","146688074","2","1037298"
"chr3","147782941","147783152","chr13","62172728","62172941","27","85610213"
"chr3","147812093","147812400","chr3","146776915","146777225","4","1035178"
"chr3","148093182","148093498","chr3","147062849","147063163","7","1030333"
"chr3","148626251","148626379","chr3","147600297","147600425","0","1025954"
"chr3","149690625","149690964","chr4","177340461","177340790","52","27649836"
"chr3","149721299","149721575","chr3","148713987","148714266","3","1007312"
"chr3","149769919","149770125","chr20","17234487","17234691","29","132535432"
"chr3","149795698","149795977","chr3","148787875","148788154","1","1007823"
"chr3","149951010","149951125","chr5","172392908","172393028","23","22441898"
"chr3","150046921","150047210","chr3","149041688","149041977","2","1005233"
"chr3","150053283","150053401","chr10","67415924","67416049","30","82637359"
"chr3","150082402","150082526","chr2B","171103038","171103174","24","21020636"
"chr3","150284817","150284985","chr3","149285465","149285633","1","999352"
"chr3","150388141","150388438","chr3","149392505","149392802","1","995636"
"chr3","150403904","150404188","chr3","149408264","149408551","9","995640"
"chr3","150421930","150422228","chr3","149426278","149426578","8","995652"
"chr3","150446559","150446856","chr5","143288847","143289142","52","7157712"
"chr3","150578374","150578670","chr3","149585563","149585871","17","992811"
"chr3","150688620","150688929","chr3","149697050","149697358","1","991570"
"chr3","150936492","150936787","chr3","149950168","149950465","3","986324"
"chr3","150998837","150999136","chr3","150011157","150011456","1","987680"
"chr3","151180076","151180381","chr3","150200715","150201023","8","979361"
"chr3","151303111","151303396","chr3","150321806","150322086","9","981305"
"chr3","151613670","151613967","chr3","150630057","150630356","5","983613"
"chr3","151914761","151915044","chr3","200556220","200556500","37","48641459"
"chr3","152067402","152067615","chr5","58302565","58302775","43","93764837"
"chr3","152389194","152389368","chr3","140230264","140230435","28","12158930"
"chr3","152435010","152435227","chr3","151470688","151470923","22","964322"
"chr3","152655514","152655625","chr3","181238196","181238292","28","28582682"
"chr3","152832120","152832228","chrX","124329806","124329928","20","28502314"
"chr3","152852467","152852765","chr3","151887283","151887582","3","965184"
"chr3","152980698","152980999","chr19","44667994","44668298","43","108312704"
"chr3","153094798","153095084","chr1","201815327","201815617","33","48720529"
"chr3","153190898","153191182","chr3","152224927","152225211","1","965971"
"chr3","153193325","153193502","chr3","152227353","152227527","3","965972"
"chr3","153273480","153273621","chr3","87640021","87640174","24","65633459"
"chr3","153299137","153299444","chr3","152337535","152337841","2","961602"
"chr3","153454037","153454348","chr3","152493663","152493970","4","960374"
"chr3","153518763","153519079","chr3","152558376","152558693","3","960387"
"chr3","153670338","153670436","chr14","100673591","100673682","28","52996747"
"chr3","153739851","153740149","chr3","152790951","152791251","7","948900"
"chr3","153767578","153767875","chr3","152818876","152819174","4","948702"
"chr3","153854322","153854476","chr2A","39404573","39404722","35","114449749"
"chr3","153914851","153915133","chr3","152971819","152972128","29","943032"
"chr3","154077488","154077772","chr3","153135914","153136224","27","941574"
"chr3","154160364","154160678","chr1","171059733","171060042","43","16899369"
"chr3","154219353","154219528","chr13","109585836","109586016","39","44633517"
"chr3","154290671","154290991","chr3","153349911","153350246","26","940760"
"chr3","154496442","154496730","chr12","19727129","19727415","41","134769313"
"chr3","154501665","154501798","chr17","66724857","66724990","21","87776808"
"chr3","154545206","154545503","chr3","153608002","153608299","1","937204"
"chr3","154569818","154570107","chr3","153633287","153633576","2","936531"
"chr3","154581833","154582063","chr3","153647604","153647834","1","934229"
"chr3","154583560","154583833","chr3","153649327","153649604","4","934233"
"chr3","154928894","154929192","chr3","154008627","154008925","1","920267"
"chr3","154978184","154978266","chr7","152632274","152632356","10","2345910"
"chr3","154992037","154992250","chr3","154072124","154072337","0","919913"
"chr3","155070042","155070332","chr3","154152192","154152482","0","917850"
"chr3","155093600","155093904","chr3","154176620","154176912","14","916980"
"chr3","155262098","155262397","chr3","154346753","154347061","11","915345"
"chr3","155273699","155273998","chr3","154358833","154359133","2","914866"
"chr3","155292444","155292738","chr3","154377476","154377770","2","914968"
"chr3","155368053","155368357","chr3","154453496","154453800","3","914557"
"chr3","155569929","155570087","chr3","154656939","154657098","2","912990"
"chr3","155740118","155740251","chr3","126157086","126157216","18","29583032"
"chr3","155765574","155765872","chr3","154855765","154856062","1","909809"
"chr3","155776970","155777080","chr2B","199271339","199271453","22","43494369"
"chr3","155827057","155827225","chr22","27886308","27886477","23","127940749"
"chr3","155834791","155835068","chr3","154925319","154925601","25","909472"
"chr3","155856481","155856699","chr3","154946856","154947084","11","909625"
"chr3","155859562","155859842","chr8","143821516","143821795","47","12038046"
"chr3","155878841","155879163","chr3","154969226","154969540","9","909615"
"chr3","155897107","155897284","chr3","154987099","154987278","4","910008"
"chr3","155915004","155915302","chr3","155005043","155005353","13","909961"
"chr3","156367384","156367473","chr14","100673591","100673682","19","55693793"
"chr3","156525397","156525595","chr3","155621295","155621493","1","904102"
"chr3","156886709","156887014","chr3","155985059","155985371","9","901650"
"chr3","157092652","157092768","chr2B","199271339","199271453","28","42178687"
"chr3","157106473","157106781","chr3","156205253","156205562","5","901220"
"chr3","157305002","157305223","chr5","32435553","32435771","38","124869449"
"chr3","157397640","157397908","chr3","156500174","156500449","9","897466"
"chr3","157402537","157402566","chr12","8241499","8241528","7","149161038"
"chr3","157402612","157402879","chr3","156505110","156505404","30","897502"
"chr3","157489731","157489889","chr18","11048335","11048487","24","146441396"
"chr3","157492278","157492589","chr3","156595988","156596298","5","896290"
"chr3","157497431","157497726","chr3","156601134","156601441","18","896297"
"chr3","157619809","157620033","chr3","200764729","200764951","38","43144920"
"chr3","157659148","157659267","chr7","112797358","112797487","23","44861790"
"chr3","157709898","157710088","chr14","68950362","68950560","31","88759536"
"chr3","157739373","157739477","chr3","156851242","156851347","1","888131"
"chr3","157770388","157770541","chrX","70357599","70357756","26","87412789"
"chr3","157770834","157770920","chr1","130379185","130379250","33","27391649"
"chr3","157905811","157906090","chr3","157014765","157015059","29","891046"
"chr3","157921354","157921453","chr3","181238196","181238292","27","23316842"
"chr3","158033506","158033668","chr3","157145828","157145991","3","887678"
"chr3","158036902","158037202","chr3","157149251","157149551","0","887651"
"chr3","158610306","158610504","chr9","83051776","83051979","38","75558530"
"chr3","158723344","158723438","chr6","171617280","171617376","14","12893936"
"chr3","158897429","158897538","chr2B","210790127","210790232","23","51892698"
"chr3","158899721","158900012","chr3","158017773","158018070","6","881948"
"chr3","158924065","158924358","chr3","158043093","158043386","6","880972"
"chr3","159172218","159172516","chr3","158291630","158291932","6","880588"
"chr3","159290690","159290978","chr3","158410471","158410762","5","880219"
"chr3","159421724","159421820","chr14","100673591","100673682","23","58748133"
"chr3","159707615","159707898","chr4","39855939","39856225","44","119851676"
"chr3","159891263","159891567","chr11","19846296","19846594","38","140044967"
"chr3","160081668","160081962","chr1","129337688","129337979","42","30743980"
"chr3","160093005","160093311","chr17","42839957","42840260","39","117253048"
"chr3","160113075","160113353","chr11","89744251","89744517","44","70368824"
"chr3","160131785","160132083","chr7","25866404","25866702","36","134265381"
"chr3","160172455","160172748","chr3","158794375","158794669","1","1378080"
"chr3","160245472","160245783","chr3","158867324","158867635","2","1378148"
"chr3","160364288","160364592","chr3","158987879","158988185","4","1376409"
"chr3","160670987","160671276","chr3","159297090","159297380","3","1373897"
"chr3","160814380","160814569","chrX","54564854","54565043","33","106249526"
"chr3","160843570","160843674","chr2B","205936995","205937106","20","45093425"
"chr3","160861426","160861731","chr3","159486361","159486667","6","1375065"
"chr3","160874605","160874889","chr1","92983327","92983615","36","67891278"
"chr3","160929065","160929353","chr3","159555513","159555805","7","1373552"
"chr3","160946594","160946718","chr5","172392908","172393028","20","11446314"
"chr3","160964228","160964401","chr11","47027602","47027777","25","113936626"
"chr3","160971321","160971615","chr17","58114546","58114845","34","102856775"
"chr3","160993007","160993317","chr2A","47640254","47640564","41","113352753"
"chr3","161082950","161083046","chr14","100673591","100673682","23","60409359"
"chr3","161119781","161119872","chr3","181238196","181238292","26","20118415"
"chr3","161168324","161168561","chr3","159798489","159798726","1","1369835"
"chr3","161290919","161291222","chr16","51042715","51043018","38","110248204"
"chr3","161395759","161396035","chr22","43143911","43144188","49","118251848"
"chr3","161513583","161513881","chr17","58114546","58114845","32","103399037"
"chr3","161770794","161771100","chr3","160401282","160401588","1","1369512"
"chr3","161862855","161862948","chr3","160493804","160493902","5","1369051"
"chr3","161881797","161882090","chr3","160512729","160513033","13","1369068"
"chr3","161897476","161897769","chr3","160530760","160531055","2","1366716"
"chr3","162100075","162100371","chr3","160732536","160732833","3","1367539"
"chr3","162137822","162137936","chr2B","199271339","199271453","19","37133517"
"chr3","162376358","162376647","chr3","161011609","161011898","4","1364749"
"chr3","162532492","162532778","chr3","161169866","161170157","6","1362626"
"chr3","162568968","162569197","chr3","161206348","161206577","0","1362620"
"chr3","162721913","162722111","chr3","161360574","161360772","0","1361339"
"chr3","163273535","163273835","chr3","161934716","161935019","5","1338819"
"chr3","163283639","163283792","chr12","118030190","118030337","29","45253449"
"chr3","163373090","163373392","chr3","162034342","162034647","6","1338748"
"chr3","163409288","163409562","chr4","131216862","131217128","46","32192426"
"chr3","163659967","163660273","chr3","162334850","162335147","10","1325117"
"chr3","163725356","163725657","chr3","162401695","162402000","5","1323661"
"chr3","163750983","163751237","chr3","162427349","162427603","1","1323634"
"chr3","163793359","163793651","chr3","162468209","162468503","2","1325150"
"chr3","164056119","164056410","chr3","162737712","162738009","7","1318407"
"chr3","164325347","164325629","chr3","163014446","163014753","25","1310901"
"chr3","164379378","164379643","chr3","163069431","163069698","3","1309947"
"chr3","164481953","164482256","chr3","163174824","163175129","6","1307129"
"chr3","164538815","164538926","chr2B","199271339","199271453","21","34732524"
"chr3","164729113","164729420","chr3","163429114","163429421","0","1299999"
"chr3","164883178","164883479","chr3","163584182","163584484","2","1298996"
"chr3","165008553","165008847","chr3","163711255","163711553","6","1297298"
"chr3","165082885","165083189","chr3","163786322","163786628","3","1296563"
"chr3","165104102","165104268","chr1","216420076","216420242","30","51315974"
"chr3","165130192","165130370","chr3","163836804","163836982","0","1293388"
"chr3","165136638","165136902","chr19","11356897","11357161","64","153779741"
"chr3","165137790","165138083","chr5","35720548","35720838","48","129417242"
"chr3","165151485","165151800","chr3","163858404","163858720","5","1293081"
"chr3","165172240","165172453","chr20","38757050","38757253","39","126415190"
"chr3","165202452","165202757","chr3","163910223","163910523","7","1292229"
"chr3","165346419","165346680","chr3","164056482","164056728","16","1289937"
"chr3","165501944","165502233","chr3","164215317","164215606","3","1286627"
"chr3","165593228","165593526","chr3","164312499","164312798","1","1280729"
"chr3","165609625","165609935","chr3","164329677","164329986","7","1279948"
"chr3","165805229","165805363","chr13","22694842","22694978","33","143110387"
"chr3","165834562","165834861","chr20","18078632","18078928","43","147755930"
"chr3","165843941","165844234","chr12","36399699","36399998","39","129444242"
"chr3","165939692","165939992","chr3","164661725","164662026","4","1277967"
"chr3","166024527","166024811","chr3","164746922","164747195","11","1277605"
"chr3","166103810","166104103","chr3","164827311","164827607","7","1276499"
"chr3","166188094","166188245","chr3","87640021","87640174","28","78548073"
"chr3","166272647","166272945","chr3","164995906","164996204","2","1276741"
"chr3","166288343","166288641","chr3","165011626","165011933","9","1276717"
"chr3","166341163","166341440","chr3","165064462","165064739","1","1276701"
"chr3","166549191","166549347","chr3","165273396","165273553","1","1275795"
"chr3","166561955","166562243","chr3","165286163","165286451","0","1275792"
"chr3","167118465","167118758","chr20","34418774","34419073","37","132699691"
"chr3","167478304","167478596","chr12","36399699","36399998","54","131078605"
"chr3","167566477","167566637","chr17","46043196","46043357","26","121523281"
"chr3","168249691","168249990","chr22","19196868","19197146","60","149052823"
"chr3","168600067","168600368","chr3","167281957","167282258","1","1318110"
"chr3","168659014","168659133","chr8","26723415","26723536","24","141935599"
"chr3","169688572","169688696","chr2A","32693701","32693835","21","136994871"
"chr3","169918051","169918318","chr3","168644076","168644343","2","1273975"
"chr3","169956653","169956950","chr3","168682948","168683249","5","1273705"
"chr3","169993242","169993543","chrX","37546933","37547235","37","132446309"
"chr3","170084435","170084746","chr10","121414619","121414927","44","48669816"
"chr3","170340080","170340336","chr3","169070107","169070363","3","1269973"
"chr3","170484411","170484714","chr6","44353954","44354252","48","126130457"
"chr3","170488761","170489031","chr3","169217420","169217692","6","1271341"
"chr3","170866314","170866596","chr3","169598350","169598635","4","1267964"
"chr3","171051771","171051928","chr19","22168639","22168798","34","148883132"
"chr3","171070618","171070925","chr3","169803501","169803801","9","1267117"
"chr3","171198071","171198319","chr3","169933849","169934098","3","1264222"
"chr3","171298889","171299192","chr7","36365785","36366095","75","134933104"
"chr3","171456045","171456331","chr3","170195406","170195692","1","1260639"
"chr3","171511996","171512282","chr3","173983076","173983369","52","2471080"
"chr3","171526518","171526538","chr1","28547144","28547162","7","142979374"
"chr3","171526567","171526680","chr7","112797358","112797487","31","58729209"
"chr3","171750190","171750307","chr8","26723415","26723536","17","145026775"
"chr3","172071604","172071734","chrX","97546574","97546704","7","74525030"
"chr3","172409119","172409412","chr3","171153933","171154227","2","1255186"
"chr3","172605254","172605524","chr3","171342443","171342715","3","1262811"
"chr3","173032151","173032446","chr3","171773214","171773514","7","1258937"
"chr3","173291586","173291687","chr20","16652596","16652702","21","156638990"
"chr3","173332356","173332658","chr3","172072559","172072861","6","1259797"
"chr3","173352525","173352817","chr3","172094749","172095041","1","1257776"
"chr3","173449763","173450057","chr3","172192677","172192980","10","1257086"
"chr3","173794612","173794864","chr3","172539999","172540228","23","1254613"
"chr3","173931844","173932127","chr3","172680161","172680444","2","1251683"
"chr3","174016725","174017035","chr3","172764888","172765198","5","1251837"
"chr3","174141747","174141874","chr8","26723415","26723536","29","147418332"
"chr3","174230487","174230785","chr3","172981983","172982281","2","1248504"
"chr3","174455493","174455790","chr3","173207978","173208283","12","1247515"
"chr3","174662358","174662651","chr5","156814718","156815000","45","17847640"
"chr3","174674653","174674924","chr3","173428479","173428753","4","1246174"
"chr3","174816962","174817258","chr3","173573174","173573470","4","1243788"
"chr3","174866826","174867125","chr18","11993479","11993775","49","162873347"
"chr3","174940532","174940830","chr3","173698167","173698465","1","1242365"
"chr3","174958248","174958554","chr8","122896464","122896772","7","52061784"
"chr3","174998884","174999167","chr3","173756183","173756466","2","1242701"
"chr3","175007296","175007591","chr3","173764576","173764874","4","1242720"
"chr3","175093574","175093701","chr1","6844228","6844361","20","168249346"
"chr3","175131051","175131360","chr3","173892628","173892935","9","1238423"
"chr3","175327568","175327872","chr3","173950792","173951096","2","1376776"
"chr3","175359139","175359442","chr3","173983076","173983369","11","1376063"
"chr3","175399886","175400163","chr3","117156145","117156424","54","58243741"
"chr3","175408093","175408184","chr1","160944586","160944680","19","14463507"
"chr3","175540421","175540716","chr3","174169830","174170130","7","1370591"
"chr3","175546540","175546836","chr3","174175926","174176222","2","1370614"
"chr3","175551461","175551567","chr20","16652596","16652702","20","158898865"
"chr3","175551592","175551771","chr3","174181219","174181436","38","1370373"
"chr3","175558163","175558404","chr3","174188046","174188289","4","1370117"
"chr3","175577197","175577363","chr3","174207542","174207715","10","1369655"
"chr3","175582593","175582694","chr22","33938435","33938535","16","141644158"
"chr3","175603654","175603733","chr8","46091691","46091777","21","129511963"
"chr3","175614774","175615080","chr3","174246601","174246907","1","1368173"
"chr3","175756505","175756795","chr3","174390710","174391003","7","1365795"
"chr3","175773357","175773668","chr3","174407734","174408045","4","1365623"
"chr3","175971243","175971541","chr3","174597359","174597657","1","1373884"
"chr3","176023119","176023247","chr7","112797358","112797487","28","63225761"
"chr3","176173341","176173398","chr18","17282170","17282223","25","158891171"
"chr3","176224888","176225200","chr3","174853516","174853828","2","1371372"
"chr3","176236933","176237014","chr3","174865578","174865659","1","1371355"
"chr3","176267689","176268005","chr3","174896406","174896726","7","1371283"
"chr3","176673238","176673352","chr2B","199271339","199271453","21","22598101"
"chr3","176691160","176691462","chr3","175337376","175337684","9","1353784"
"chr3","176692820","176693119","chr3","175339043","175339343","1","1353777"
"chr3","176711284","176711590","chr3","175357774","175358083","5","1353510"
"chr3","177061550","177061847","chr3","15176094","15176391","28","161885456"
"chr3","177160625","177160926","chr3","175807662","175807964","2","1352963"
"chr3","177181640","177181881","chr3","175828854","175829095","2","1352786"
"chr3","177232765","177232857","chr13","24059413","24059502","23","153173352"
"chr3","177297638","177297897","chr3","175950224","175950483","1","1347414"
"chr3","177434520","177434818","chr3","176087492","176087793","5","1347028"
"chr3","177523322","177523607","chr3","176176482","176176774","11","1346840"
"chr3","177662312","177662619","chr1","65044870","65045174","40","112617442"
"chr3","177717890","177717959","chr8","46091691","46091777","28","131626199"
"chr3","177720065","177720270","chr12","8145977","8146174","37","169574088"
"chr3","177749273","177749564","chr3","176400430","176400723","4","1348843"
"chr3","177799366","177799602","chr3","176450548","176450784","6","1348818"
"chr3","177861784","177862082","chr3","176512651","176512959","22","1349133"
"chr3","177872626","177872925","chr3","176523180","176523476","3","1349446"
"chr3","177889646","177889932","chr3","176540821","176541129","27","1348825"
"chr3","177929809","177930123","chr3","176583552","176583880","21","1346257"
"chr3","177932688","177933005","chr3","176586451","176586769","3","1346237"
"chr3","177944892","177945112","chr3","176599260","176599501","21","1345632"
"chr3","177965491","177965792","chr3","176620234","176620540","8","1345257"
"chr3","177979658","177979935","chr16","57776542","57776822","69","120203116"
"chr3","178046234","178046525","chr3","176701005","176701296","2","1345229"
"chr3","178090376","178090686","chr3","176745231","176745540","2","1345145"
"chr3","178363210","178363503","chr3","177019180","177019473","1","1344030"
"chr3","178776506","178776797","chr14","50785590","50785881","42","127990916"
"chr3","178993893","178994184","chr6","16823540","16823830","38","162170353"
"chr3","179301199","179301511","chr3","177956796","177957117","12","1344403"
"chr3","179332574","179332894","chr3","177989023","177989345","3","1343551"
"chr3","179466083","179466197","chr2B","199271339","199271453","26","19805256"
"chr3","179521803","179522103","chr3","178180392","178180692","0","1341411"
"chr3","179686521","179686804","chr3","178346478","178346763","7","1340043"
"chr3","179800177","179800353","chr11","48130487","48130657","41","131669690"
"chr3","179857151","179857451","chr3","178518022","178518320","4","1339129"
"chr3","179872280","179872567","chr3","178533170","178533457","3","1339110"
"chr3","180102682","180102983","chr3","178776117","178776426","11","1326565"
"chr3","180121897","180122180","chr3","178794325","178794612","5","1327572"
"chr3","180255218","180255561","chr5","78863209","78863532","83","101392009"
"chr3","180268061","180268294","chr3","178943108","178943341","1","1324953"
"chr3","180399202","180399351","chr3","179076708","179076857","1","1322494"
"chr3","180540327","180540623","chr3","179220707","179221004","3","1319620"
"chr3","180638483","180638773","chr7","107821440","107821727","37","72817043"
"chr3","180696142","180696269","chr4","84675478","84675615","24","96020664"
"chr3","181047865","181048148","chr10","23144096","23144389","43","157903769"
"chr3","181048698","181048986","chr3","179742366","179742654","10","1306332"
"chr3","181084674","181084937","chr5","41032889","41033140","81","140051785"
"chr3","181404168","181404254","chr14","100673591","100673682","23","80730577"
"chr3","181587582","181587896","chr3","180288358","180288673","4","1299224"
"chr3","181898815","181899112","chr3","180609097","180609394","0","1289718"
"chr3","182097273","182097581","chr6","150608856","150609166","41","31488417"
"chr3","182207643","182207946","chr3","180931417","180931720","0","1276226"
"chr3","182330237","182330529","chr3","181053053","181053345","1","1277184"
"chr3","182379501","182379763","chr3","181103478","181103766","28","1276023"
"chr3","182421856","182422154","chr3","181145237","181145522","13","1276619"
"chr3","182422166","182422374","chr22","36434515","36434723","43","145987651"
"chr3","182462261","182462360","chr22","33938435","33938535","12","148523826"
"chr3","182476809","182477098","chr3","181205019","181205312","6","1271790"
"chr3","182507406","182507602","chr19","17864735","17864930","34","164642671"
"chr3","182517017","182517324","chr3","181245862","181246172","3","1271155"
"chr3","182533601","182533903","chr3","181262692","181262994","1","1270909"
"chr3","182596693","182597003","chr3","181326883","181327193","1","1269810"
"chr3","182669999","182670162","chrX","15694332","15694494","28","166975667"
"chr3","182691926","182692230","chr3","181427858","181428162","1","1264068"
"chr3","183124961","183125247","chr3","181863388","181863672","4","1261573"
"chr3","183420814","183420914","chr14","100673591","100673682","16","82747223"
"chr3","183504456","183504748","chr3","182246230","182246527","5","1258226"
"chr3","183517120","183517421","chr3","182258914","182259219","8","1258206"
"chr3","183975330","183975619","chr3","182721751","182722045","8","1253579"
"chr3","183999098","183999390","chr3","182747442","182747734","9","1251656"
"chr3","184240940","184241031","chr14","100673591","100673682","24","83567349"
"chr3","184336947","184337234","chr3","183088936","183089223","0","1248011"
"chr3","184347918","184348219","chr3","183099902","183100212","11","1248016"
"chr3","184380359","184380655","chr3","183132519","183132815","0","1247840"
"chr3","184393825","184394126","chr3","183145957","183146259","3","1247868"
"chr3","184411938","184412202","chr3","183164070","183164333","1","1247868"
"chr3","184488809","184488935","chr2B","199271339","199271453","34","14782530"
"chr3","184507002","184507295","chr3","183259570","183259868","8","1247432"
"chr3","184533543","184533762","chr3","183286428","183286651","4","1247115"
"chr3","184625201","184625406","chr3","183378100","183378308","4","1247101"
"chr3","184660389","184660586","chr12","118602765","118602968","50","66057624"
"chr3","184764642","184764923","chr3","183520098","183520381","3","1244544"
"chr3","184769329","184769341","chr1","28547144","28547162","9","156222185"
"chr3","184769371","184769654","chr20","38808174","38808459","41","145961197"
"chr3","184800107","184800407","chr3","183555542","183555845","4","1244565"
"chr3","184808003","184808135","chr16","73743066","73743197","27","111064937"
"chr3","184808886","184809186","chr3","183564849","183565150","5","1244037"
"chr3","184818771","184819048","chr3","183575153","183575450","24","1243618"
"chr3","184829058","184829350","chr3","183585456","183585749","2","1243602"
"chr3","184853106","184853386","chr3","183610252","183610535","6","1242854"
"chr3","184861128","184861312","chr3","183618022","183618206","2","1243106"
"chr3","184892246","184892550","chr5","158324854","158325155","33","26567392"
"chr3","184957881","184958173","chr3","183720328","183720621","1","1237553"
"chr3","185375398","185375708","chr3","184140183","184140494","2","1235215"
"chr3","185384989","185385296","chr3","184149657","184149964","0","1235332"
"chr3","185593142","185593227","chr14","100673591","100673682","21","84919551"
"chr3","185770840","185771127","chr3","184537205","184537489","5","1233635"
"chr3","185784343","185784516","chr3","184550748","184550922","1","1233595"
"chr3","185911797","185911886","chr14","100673591","100673682","15","85238206"
"chr3","185983563","185983866","chr3","184750181","184750484","2","1233382"
"chr3","185992713","185993010","chr3","184759334","184759632","1","1233379"
"chr3","186000330","186000621","chr1","153275358","153275649","36","32724972"
"chr3","186077046","186077338","chr3","184845118","184845410","1","1231928"
"chr3","186092216","186092291","chr8","46091691","46091777","24","140000525"
"chr3","186109157","186109449","chr3","184873059","184873362","11","1236098"
"chr3","186111827","186111911","chr10","4431800","4431887","26","181680027"
"chr3","186115116","186115216","chr20","16652596","16652702","17","169462520"
"chr3","186118000","186118292","chr3","184883391","184883648","35","1234609"
"chr3","186137649","186137931","chr1","214496137","214496423","46","28358488"
"chr3","186224101","186224361","chr3","184989702","184989962","0","1234399"
"chr3","186239806","186240109","chr19","60596899","60597200","51","125642907"
"chr3","186288302","186288442","chr16","19339749","19339897","28","166948553"
"chr3","186854252","186854547","chr3","185632827","185633137","22","1221425"
"chr3","186877162","186877276","chr5","172392908","172393028","33","14484254"
"chr3","186883993","186884101","chr2B","205936995","205937106","25","19053002"
"chr3","187031325","187031583","chr9","18505140","18505396","32","168526185"
"chr3","187047491","187047793","chrX","9943873","9944173","37","177103618"
"chr3","187126444","187126552","chr2B","142240066","142240170","26","44886378"
"chr3","187126611","187126624","chr1","28547144","28547162","8","158579467"
"chr3","187140460","187140767","chr3","185928449","185928763","9","1212011"
"chr3","187219544","187219851","chr3","136595042","136595336","54","50624502"
"chr3","187240242","187240547","chr3","186029566","186029875","6","1210676"
"chr3","187652060","187652202","chr16","52369926","52370074","31","135282134"
"chr3","187691979","187692129","chr19","38801049","38801198","27","148890930"
"chr3","187843739","187844038","chr3","186643755","186644054","7","1199984"
"chr3","188083565","188083683","chr5","172392908","172393028","23","15690657"
"chr3","188111547","188111865","chr3","186918731","186919049","1","1192816"
"chr3","188148419","188148708","chr3","186955836","186956126","5","1192583"
"chr3","188190251","188190562","chr12","20270231","20270535","40","167920020"
"chr3","188196697","188196872","chr4","26666455","26666626","30","161530242"
"chr3","188199102","188199413","chr3","187007637","187007944","6","1191465"
"chr3","188303446","188303654","chr19","46026086","46026292","33","142277360"
"chr3","188304982","188305088","chr5","40886790","40886895","16","147418192"
"chr3","188371857","188371907","chr2A","99006310","99006357","13","89365547"
"chr3","188608999","188609302","chr3","187426657","187426960","4","1182342"
"chr3","188743916","188744219","chr10","18272370","18272672","29","170471546"
"chr3","188842427","188842743","chr19","52032830","52033129","54","136809597"
"chr3","188843296","188843609","chr3","187663132","187663441","6","1180164"
"chr3","188873122","188873411","chr3","187693418","187693707","1","1179704"
"chr3","188887364","188887664","chr3","187707523","187707825","3","1179841"
"chr3","188908212","188908436","chr1","129385965","129386195","34","59522247"
"chr3","188913257","188913550","chr3","187736220","187736512","3","1177037"
"chr3","188914909","188914993","chr14","100673591","100673682","20","88241318"
"chr3","188928368","188928660","chr3","187751180","187751472","0","1177188"
"chr3","188937858","188938141","chr1","203805177","203805457","36","14867319"
"chr3","188971318","188971617","chr3","187794091","187794386","8","1177227"
"chr3","189026622","189026934","chr1","159564960","159565269","37","29461662"
"chr3","189046262","189046484","chr3","187871765","187871987","6","1174497"
"chr3","189064776","189065053","chr1","35233096","35233374","52","153831680"
"chr3","189097682","189097771","chr14","100673591","100673682","22","88424091"
"chr3","189105914","189106228","chr20","30209180","30209483","46","158896734"
"chr3","189115019","189115308","chr3","187943245","187943538","6","1171774"
"chr3","189162817","189163080","chr3","187992116","187992379","0","1170701"
"chr3","189179879","189180014","chr2A","32693701","32693835","29","156486178"
"chr3","189236130","189236186","chr3","188064668","188064724","1","1171462"
"chr3","189236187","189236383","chr3","188064725","188064921","4","1171462"
"chr3","189249553","189249860","chr3","188077096","188077404","8","1172457"
"chr3","189252503","189252646","chr17","82138916","82139067","33","107113587"
"chr3","189260496","189260806","chr3","188088463","188088773","2","1172033"
"chr3","189644491","189644734","chr1","146163106","146163339","43","43481385"
"chr3","189716004","189716112","chr14","35268910","35269034","31","154447094"
"chr3","189724161","189724434","chr3","188236671","188236944","3","1487490"
"chr3","189764058","189764282","chr20","30409213","30409440","34","159354845"
"chr3","189780926","189781084","chr12","113679054","113679212","23","76101872"
"chr3","189781377","189781510","chrX","46411765","46411895","14","143369612"
"chr3","189800784","189801096","chr3","188317272","188317569","15","1483512"
"chr3","189804637","189804917","chr3","188322584","188322893","29","1482053"
"chr3","189813151","189813237","chr7","5319410","5319496","11","184493741"
"chr3","189849056","189849329","chr10","95283223","95283494","39","94565833"
"chr3","189868667","189868882","chr3","188389329","188389544","0","1479338"
"chr3","189922193","189922263","chr20","31909211","31909267","26","158012982"
"chr3","189993689","189994006","chr1","52158584","52158896","45","137835105"
"chr3","190049537","190049771","chr3","188573160","188573394","0","1476377"
"chr3","190128038","190128349","chr20","32346400","32346713","38","157781638"
"chr3","190146782","190147103","chr3","188674634","188674947","8","1472148"
"chr3","190263877","190264174","chr3","188792402","188792702","13","1471475"
"chr3","190317912","190318139","chr3","188846121","188846356","10","1471791"
"chr3","190581148","190581309","chr12","113679054","113679212","31","76902094"
"chr3","190627182","190627473","chr20","2515068","2515358","38","188112114"
"chr3","190721301","190721600","chr3","189254118","189254415","4","1467183"
"chr3","190735868","190736176","chr3","189268705","189269013","5","1467163"
"chr3","190827423","190827716","chr3","189364013","189364307","3","1463410"
"chr3","190910901","190911189","chr7","107604793","107605080","34","83306108"
"chr3","190937634","190937907","chr3","189475463","189475758","24","1462171"
"chr3","190946525","190946841","chr3","189484406","189484703","29","1462119"
"chr3","190954580","190954771","chr8","1257821","1258018","41","189696759"
"chr3","190989414","190989700","chr3","189527319","189527608","3","1462095"
"chr3","191024071","191024304","chr3","189561906","189562139","0","1462165"
"chr3","191034193","191034501","chr9","99202846","99203142","42","91831347"
"chr3","191034923","191035223","chr3","189572627","189572930","7","1462296"
"chr3","191051742","191051877","chr2A","32693701","32693835","29","158358041"
"chr3","191116341","191116428","chr8","143342833","143342924","13","47773508"
"chr3","191128788","191129083","chr3","189670158","189670455","6","1458630"
"chr3","191280721","191281013","chr3","189825813","189826105","0","1454908"
"chr3","191329628","191329900","chr6","34391046","34391314","65","156938582"
"chr3","191335704","191336032","chr3","189876898","189877223","6","1458806"
"chr3","191349853","191349957","chr6","159074849","159074952","16","32275004"
"chr3","191353320","191353636","chr3","189891848","189892131","33","1461472"
"chr3","191372454","191372671","chr2A","96410368","96410566","47","94962086"
"chr3","191404198","191404504","chr3","189948385","189948691","1","1455813"
"chr3","191491909","191492139","chrX","41391610","41391836","42","150100299"
"chr3","191497569","191497732","chr11","17051026","17051186","32","174446543"
"chr3","191508272","191508521","chr1","69517695","69517939","33","121990577"
"chr3","191654603","191654912","chr3","190207502","190207778","34","1447101"
"chr3","191833939","191834159","chr3","190390397","190390618","2","1443542"
"chr3","191960473","191960795","chr3","190523483","190523805","1","1436990"
"chr3","191980652","191980723","chr6","11395990","11396054","31","180584662"
"chr3","191988532","191988826","chr3","190550762","190551056","7","1437770"
"chr3","192096965","192097093","chr3","126157086","126157216","15","65939879"
"chr3","192167403","192167706","chr3","190729274","190729564","19","1438129"
"chr3","192216225","192216534","chr3","190779224","190779504","32","1437001"
"chr3","192244143","192244271","chr5","172392908","172393028","24","19851235"
"chr3","192251910","192252236","chr15","62405613","62405909","73","129846297"
"chr3","192268652","192268750","chr3","190834289","190834387","1","1434363"
"chr3","192369518","192369801","chr3","190939606","190939890","2","1429912"
"chr3","192370678","192370780","chr6","159074849","159074952","20","33295829"
"chr3","192409787","192410070","chr17","1748555","1748835","31","190661232"
"chr3","192414658","192414802","chr3","190984450","190984592","2","1430208"
"chr3","192417476","192417784","chr6","110468966","110469271","42","81948510"
"chr3","192442959","192443074","chr2B","199271339","199271453","20","6828380"
"chr3","192463605","192463912","chr3","191032369","191032682","7","1431236"
"chr3","192476815","192477107","chr20","46721731","46722019","63","145755084"
"chr3","192573598","192573897","chr3","191144254","191144555","4","1429344"
"chr3","192584760","192584859","chr22","33938435","33938535","17","158646325"
"chr3","192664988","192665102","chr5","172392908","172393028","19","20272080"
"chr3","192826948","192827261","chr3","191403502","191403810","9","1423446"
"chr3","192870579","192870814","chr3","191448283","191448518","1","1422296"
"chr3","193028263","193028340","chr14","100673591","100673682","32","92354672"
"chr3","193144231","193144531","chr1","29105712","29106008","52","164038519"
"chr3","193284024","193284361","chr1","173923716","173924012","75","19360308"
"chr3","193296267","193296551","chr3","191771019","191771302","2","1525248"
"chr3","193320789","193321097","chr3","191795817","191796125","0","1524972"
"chr3","193402347","193402654","chr3","191877865","191878175","6","1524482"
"chr3","193569037","193569211","chr1","29277911","29278085","33","164291126"
"chr3","193756363","193756675","chr3","192236107","192236418","4","1520256"
"chr3","193847265","193847595","chr7","74329518","74329833","59","119517747"
"chr3","193932265","193932556","chr3","192411904","192412212","43","1520361"
"chr3","194073175","194073480","chr3","192553983","192554287","2","1519192"
"chr3","194074942","194075206","chr3","192555750","192556013","9","1519192"
"chr3","194085770","194085991","chr11","75545758","75545976","38","118540012"
"chr3","194094170","194094476","chr3","192574945","192575258","9","1519225"
"chr3","194112104","194112229","chr1","46484701","46484838","26","147627403"
"chr3","194317247","194317556","chr3","192803246","192803558","9","1514001"
"chr3","194334209","194334493","chr8","143821516","143821795","38","50512693"
"chr3","194334529","194334549","chr1","28547144","28547162","9","165787385"
"chr3","194336084","194336355","chr3","192822091","192822363","1","1513993"
"chr3","194486970","194487265","chr3","192974272","192974568","2","1512698"
"chr3","194580577","194580878","chr3","193068967","193069268","3","1511610"
"chr3","194650128","194650422","chr3","193139139","193139433","9","1510989"
"chr3","195000758","195001068","chr1","21949805","21950110","24","173050953"
"chr3","195050912","195051085","chr13","48012989","48013157","31","147037923"
"chr3","195351178","195351490","chr3","193857128","193857441","3","1494050"
"chr3","195411845","195412120","chr3","193917856","193918129","2","1493989"
"chr3","195436951","195437068","chr3","193943817","193943934","0","1493134"
"chr3","195454625","195454741","chr17","59059909","59060023","13","136394716"
"chr3","195603208","195603303","chr3","181143385","181143493","29","14459823"
"chr3","195783736","195784032","chr3","194291003","194291305","8","1492733"
"chr3","196159895","196160198","chr3","194666635","194666935","11","1493260"
"chr3","196164631","196164940","chr3","194671370","194671680","2","1493261"
"chr3","196536216","196536487","chr3","194983940","194984211","1","1552276"
"chr3","196791934","196792027","chr12","12586014","12586108","18","184205920"
"chr3","196796861","196797004","chr11","46694965","46695109","30","150101896"
"chr3","196836466","196836695","chr1","129385965","129386195","31","67450501"
"chr3","196912956","196913253","chr7","23999340","23999633","62","172913616"
"chr3","196924701","196924778","chr3","195371829","195371906","2","1552872"
"chr3","196933024","196933117","chr14","100673591","100673682","20","96259433"
"chr3","196949956","196950283","chr3","195397323","195397635","17","1552633"
"chr3","196957531","196957812","chr3","195404974","195405251","6","1552557"
"chr3","196959501","196959818","chr3","195406941","195407251","13","1552560"
"chr3","196984482","196984790","chr3","195432057","195432365","1","1552425"
"chr3","197055129","197055415","chr3","195503339","195503625","1","1551790"
"chr3","197452277","197452554","chr3","195895011","195895288","5","1557266"
"chr3","197494174","197494266","chr11","69767388","69767479","24","127726786"
"chr3","197602597","197602726","chr5","172392908","172393028","29","25209689"
"chr3","197609179","197609389","chr12","118797108","118797327","43","78812071"
"chr3","197614104","197614182","chr11","8774884","8774956","20","188839220"
"chr3","197716546","197716854","chr14","77564194","77564502","39","120152352"
"chr3","197732087","197732377","chr6","42778984","42779282","46","154953103"
"chr3","197734628","197734793","chr11","43973183","43973348","37","153761445"
"chr3","197739661","197739875","chr1","106485261","106485474","30","91254400"
"chr3","197777787","197777971","chr2A","82872969","82873153","35","114904818"
"chr3","197790190","197790482","chr6","110552134","110552427","32","87238056"
"chr3","197796659","197796789","chr7","112797358","112797487","27","84999301"
"chr3","197807277","197807579","chr10","103328021","103328320","30","94479256"
"chr3","197872506","197872802","chr20","1297330","1297629","24","196575176"
"chr3","197916407","197916745","chr14","96539388","96539693","73","101377019"
"chr3","197937223","197937494","chr6","5123555","5123823","40","192813668"
"chr3","198020126","198020435","chr22","22278578","22278883","31","175741548"
"chr3","198112306","198112572","chr10","102120858","102121131","38","95991448"
"chr3","198155551","198155861","chr15","73820613","73820920","33","124334938"
"chr3","198161272","198161549","chr5","181841824","181842089","48","16319448"
"chr3","198178257","198178556","chr18","13180409","13180713","35","184997848"
"chr3","198254797","198255022","chr4","16168464","16168691","35","182086333"
"chr3","198266112","198266400","chr19","5556125","5556412","29","192709987"
"chr3","198298462","198298661","chr20","17234487","17234691","30","181063975"
"chr3","198302939","198303136","chr20","14348844","14349042","40","183954095"
"chr3","198356616","198356921","chr10","57196120","57196424","42","141160496"
"chr3","198428199","198428316","chr5","172392908","172393028","24","26035291"
"chr3","198521664","198521778","chr5","172392908","172393028","30","26128756"
"chr3","198586958","198587226","chr5","45969042","45969330","48","152617916"
"chr3","198654668","198654962","chrX","15321529","15321834","42","183333139"
"chr3","198870328","198870623","chr11","8978544","8978840","30","189891784"
"chr3","198930542","198930862","chr7","54789976","54790268","54","144140566"
"chr3","198965449","198965751","chr14","47607683","47607984","71","151357766"
"chr3","199047069","199047375","chr17","54552790","54553091","43","144494279"
"chr3","199156145","199156437","chr1","165041586","165041875","31","34114559"
"chr3","199307396","199307701","chr10","121414619","121414927","31","77892777"
"chr3","199432858","199433149","chr7","66849030","66849321","36","132583828"
"chr3","199545849","199546124","chr1","145883380","145883659","47","53662469"
"chr3","199625111","199625194","chr9","96193885","96193980","34","103431226"
"chr3","199798653","199798783","chr7","156274717","156274856","26","43523936"
"chr3","200174212","200174404","chr3","196637956","196638149","1","3536256"
"chr3","200377984","200378143","chr3","196843855","196844018","4","3534129"
"chr3","200382312","200382542","chr10","66425749","66425978","39","133956563"
"chr3","200401845","200402008","chr3","196867754","196867918","1","3534091"
"chr3","200459428","200459603","chr3","196925346","196925521","4","3534082"
"chr3","200475149","200475447","chr3","196941046","196941344","4","3534103"
"chr3","200505132","200505437","chr3","196971113","196971421","6","3534019"
"chr3","200520703","200520867","chr22","28740299","28740471","28","171780404"
"chr3","200544077","200544380","chr3","197010379","197010680","3","3533698"
"chr3","200788608","200788902","chr3","197254095","197254389","4","3534513"
"chr3","200838454","200838752","chr3","197307886","197308184","2","3530568"
"chr3","200878502","200878806","chr3","197348205","197348522","15","3530297"
"chr3","200894072","200894368","chr3","197365003","197365300","5","3529069"
"chr3","200922259","200922553","chr3","197393187","197393482","2","3529072"
"chr3","201087450","201087731","chr1","62788278","62788564","29","138299172"
"chr3","201417038","201417249","chr1","138845855","138846073","47","62571183"
"chr3","201449371","201449668","chr3","197929955","197930253","4","3519416"
"chr3","201731509","201731594","chr22","24101407","24101494","12","177630102"
"chr3","201769202","201769309","chr3","198268184","198268291","0","3501018"
"chr3","201877529","201877668","chr4","89635842","89635967","36","112241687"
"chr3","201985604","201985820","chr3","198507270","198507496","11","3478334"
"chr3","202003413","202003675","chr3","198523883","198524145","3","3479530"
"chr3","202092712","202093002","chr3","198612881","198613175","9","3479831"
"chr3","202202276","202202569","chr3","198724654","198724955","13","3477622"
"chr3","202235045","202235350","chr1","26661977","26662280","37","175573068"
"chr3","202241355","202241500","chr9","112064180","112064330","23","90177175"
"chr3","202247459","202247571","chr20","16652596","16652702","22","185594863"
"chr3","202248441","202248642","chr3","198771121","198771322","0","3477320"
"chr3","202307749","202308057","chr3","198830630","198830939","3","3477119"
"chr3","202327130","202327444","chr3","198852609","198852925","2","3474521"
"chr3","202347224","202347533","chr3","198873479","198873788","1","3473745"
"chr3","202357749","202358058","chr3","198883942","198884254","3","3473807"
"chr3","202454876","202455183","chr3","198982476","198982783","3","3472400"
"chr3","202513950","202514237","chr3","199041623","199041909","1","3472327"
"chr3","202519153","202519460","chr3","199046821","199047100","32","3472332"
"chr3","202726417","202726732","chr1","53118077","53118382","41","149608340"
"chr3","202751701","202751989","chr3","199281552","199281841","1","3470149"
"chr3","202837632","202837756","chr2A","62538961","62539069","30","140298671"
"chr3","202843324","202843442","chr8","26723415","26723536","25","176119909"
"chr3","202905647","202905942","chr3","199437892","199438189","3","3467755"
"chr3","202929413","202929690","chr3","199461656","199461933","0","3467757"
"chr3","202980302","202980427","chr5","172392908","172393028","29","30587394"
"chr3","203015961","203016291","chr12","18274734","18275046","58","184741227"
"chr3","203042566","203042856","chr3","199578071","199578377","18","3464495"
"chr3","203080031","203080133","chr3","181238196","181238292","25","21841835"
"chr3","203080428","203080448","chr1","28547144","28547162","7","174533284"
"chr3","203153551","203153802","chr3","199688362","199688614","1","3465189"
"chr3","203251114","203251413","chr3","199918722","199919021","4","3332392"
"chr3","203293158","203293326","chr6","37299122","37299292","23","165994036"
"chr3","203369598","203369889","chr3","200097380","200097671","0","3272218"
"chr3","203372430","203372693","chr7","26783249","26783499","55","176589181"
"chr3","203391298","203391605","chr3","200118705","200119012","5","3272593"
"chr3","203399016","203399162","chr8","67167988","67168131","36","136231028"
"chr3","203404630","203404952","chr3","200131069","200131391","2","3273561"
"chr3","203412700","203413008","chr2B","220814274","220814573","29","17401574"
"chr3","203447249","203447524","chr3","200172841","200173129","18","3274408"
"chr3","203447612","203447817","chr12","8145977","8146174","35","195301635"
"chr3","203497700","203498010","chr3","200224620","200224930","0","3273080"
"chr3","203530920","203531212","chr3","200258898","200259191","2","3272022"
"chr3","203554075","203554388","chr3","139914217","139914528","32","63639858"
"chr3","203560685","203560984","chr3","200285947","200286247","2","3274738"
"chr3","203610659","203610949","chr10","72534853","72535149","33","131075806"
"chr3","203630880","203631185","chr11","47510695","47510987","42","156120185"
"chr3","203678009","203678290","chr3","200411077","200411362","4","3266932"
"chr3","203740376","203740515","chr8","112933585","112933727","26","90806791"
"chr3","203747073","203747372","chr3","200486230","200486531","3","3260843"
"chr3","203757665","203757803","chr11","46694965","46695109","26","157062700"
"chr3","203758887","203759170","chr3","200499013","200499321","30","3259874"
"chr3","203832860","203833031","chr3","200570084","200570260","5","3262776"
"chr3","203930679","203930808","chr21","2516680","2516816","25","201413999"
"chr3","203958401","203958568","chr19","3832753","3832920","40","200125648"
"chr3","203958872","203958894","chr1","28547144","28547162","8","175411728"
"chr3","203968820","203968919","chr1","160944586","160944680","14","43024234"
"chr3","203969979","203970195","chr3","200711023","200711239","2","3258956"
"chr3","203984787","203985063","chr9","91334008","91334288","32","112650779"
"chr3","203988110","203988271","chr4","40065116","40065274","24","163922994"
"chr3","203997589","203997768","chr3","200742805","200742975","14","3254784"
"chr3","203998373","203998669","chr3","33280450","33280752","42","170717923"
"chr3","204012946","204013240","chr3","200757944","200758242","15","3255002"
"chr3","204019611","204019832","chr3","200764729","200764951","4","3254882"
"chr3","204029024","204029333","chr3","200774165","200774476","3","3254859"
"chr3","204092568","204092739","chr3","200840337","200840509","4","3252231"
"chr3","204100729","204100855","chr5","172392908","172393028","24","31707821"
"chr3","204111758","204111897","chr11","46694965","46695109","24","157416793"
"chr3","204112914","204113022","chr3","181238196","181238292","28","22874718"
"chr3","204149957","204150248","chr3","200901655","200901945","4","3248302"
"chr3","204166797","204167103","chr3","200918866","200919173","1","3247931"
"chr3","204190698","204190836","chr3","200942562","200942700","4","3248136"
"chr3","204243396","204243513","chr8","26723415","26723536","27","177519981"
"chr3","204332858","204332970","chr2B","205936995","205937106","22","1604137"
"chr3","204434018","204434323","chr3","201188715","201189019","6","3245303"
"chr3","204530305","204530613","chr3","201285676","201285984","6","3244629"
"chr3","204560464","204560767","chr3","201316047","201316357","13","3244417"
"chr3","204618754","204619006","chr3","201373005","201373257","0","3245749"
"chr3","204669179","204669296","chr2B","205936995","205937106","21","1267816"
"chr3","204686013","204686325","chr1","16086900","16087204","38","188599113"
"chr3","204726037","204726254","chr3","201478959","201479176","1","3247078"
"chr3","204751966","204752275","chr3","201506127","201506436","7","3245839"
"chr3","204788680","204788874","chr10","35244385","35244589","31","169544295"
"chr3","204832436","204832686","chr3","201587393","201587638","19","3245043"
"chr3","204871276","204871581","chr17","28314223","28314526","34","176557053"
"chr3","204876493","204876796","chr8","99779225","99779526","36","105097268"
"chr3","204882455","204882745","chr3","201637717","201638015","10","3244738"
"chr3","204907852","204908133","chr3","201663965","201664278","36","3243887"
"chr3","205026200","205026281","chr1","117610481","117610560","11","87415719"
"chr3","205036075","205036367","chr6","33641154","33641444","63","171394921"
"chr3","205096010","205096165","chr17","13725819","13725948","40","191370191"
"chr3","205100037","205100336","chr3","201858887","201859187","2","3241150"
"chr3","205104098","205104283","chr5","89559214","89559403","26","115544884"
"chr3","205158045","205158358","chr13","20438046","20438351","46","184719999"
"chr3","205248847","205248928","chr17","13332748","13332838","21","191916099"
"chr3","205290535","205290697","chr5","118509498","118509662","21","86781037"
"chr3","205359721","205360031","chr3","202130295","202130605","3","3229426"
"chr3","205402434","205402593","chr3","202173896","202174055","1","3228538"
"chr3","205414165","205414244","chr14","100673591","100673682","23","104740574"
"chr4","17432318","17432589","chr4","17555904","17556175","0","123586"
"chr4","192413641","192413933","chr4","191423458","191423751","2","990183"
"chr4","86638","86823","chr19","35570655","35570847","30","35484017"
"chr4","117264","117566","chr4","101378","101683","5","15886"
"chr4","128453","128708","chr7","117513964","117514221","39","117385511"
"chr4","142490","142791","chr4","126947","127253","6","15543"
"chr4","177256","177528","chr4","162148","162423","4","15108"
"chr4","187465","187754","chr4","172621","172927","22","14844"
"chr4","188771","189071","chr4","174127","174441","16","14644"
"chr4","249220","249434","chr4","233349","233563","0","15871"
"chr4","346278","346575","chr4","332692","332990","5","13586"
"chr4","366728","367018","chr4","354555","354845","6","12173"
"chr4","378260","378552","chr4","366571","366865","2","11689"
"chr4","382145","382237","chr14","100673591","100673682","15","100291446"
"chr4","419887","420102","chr4","408125","408340","1","11762"
"chr4","444290","444586","chr4","432294","432594","5","11996"
"chr4","489680","489805","chr8","26723415","26723536","23","26233735"
"chr4","505208","505303","chr1","160944586","160944680","20","160439378"
"chr4","514447","514738","chr4","503734","504020","5","10713"
"chr4","607576","607878","chr5","62119881","62120180","31","61512305"
"chr4","641680","641709","chr2B","138960016","138960039","14","138318336"
"chr4","719282","719566","chr4","700007","700294","5","19275"
"chr4","728578","728759","chr3","183618022","183618206","32","182889444"
"chr4","729350","729483","chr8","26723415","26723536","30","25994065"
"chr4","757111","757419","chr4","731867","732175","4","25244"
"chr4","780976","781287","chr4","755313","755624","0","25663"
"chr4","786110","786394","chr17","6392334","6392605","46","5606224"
"chr4","961075","961171","chr3","27665315","27665404","21","26704240"
"chr4","1012119","1012429","chr4","1005375","1005685","0","6744"
"chr4","1020142","1020283","chr4","59461550","59461696","35","58441408"
"chr4","1107812","1108101","chrX","26950821","26951106","38","25843009"
"chr4","1143783","1144040","chr4","1136242","1136499","0","7541"
"chr4","1212498","1212802","chr1","53118077","53118382","40","51905579"
"chr4","1306940","1307016","chr3","181238196","181238292","28","179931256"
"chr4","1759214","1759347","chr5","177191573","177191702","17","175432359"
"chr4","1759640","1759806","chr4","73252540","73252702","34","71492900"
"chr4","1766536","1766635","chr3","181238196","181238292","25","179471660"
"chr4","1868579","1868874","chr5","71526726","71527019","46","69658147"
"chr4","1939105","1939401","chr4","1932328","1932625","1","6777"
"chr4","1952330","1952619","chr2A","84341482","84341775","50","82389152"
"chr4","1956296","1956505","chr7","34936478","34936686","30","32980182"
"chr4","1960384","1960672","chr4","1954118","1954407","1","6266"
"chr4","1995137","1995436","chr4","1989777","1990078","3","5360"
"chr4","2058895","2059056","chrX","155632548","155632709","20","153573653"
"chr4","2059559","2059684","chr5","172392908","172393028","41","170333349"
"chr4","2081420","2081637","chr4","2075836","2076053","1","5584"
"chr4","2087453","2087560","chr2B","205936995","205937106","18","203849542"
"chr4","2250155","2250457","chr6","31360699","31360999","36","29110544"
"chr4","2260681","2260775","chr10","132095650","132095743","10","129834969"
"chr4","2328045","2328353","chr4","141934893","141935195","27","139606848"
"chr4","2363680","2363975","chr4","2361539","2361834","5","2141"
"chr4","2364468","2364555","chr7","102016092","102016174","24","99651624"
"chr4","2504619","2504704","chr14","100673591","100673682","18","98168972"
"chr4","2510698","2510979","chr4","2512784","2513065","0","2086"
"chr4","2526592","2526893","chr4","2528830","2529132","1","2238"
"chr4","2567760","2567877","chr5","172392908","172393028","27","169825148"
"chr4","2580388","2580678","chr19","9431731","9432021","30","6851343"
"chr4","2582560","2582872","chr17","8039473","8039782","38","5456913"
"chr4","2587971","2588274","chr11","44829140","44829442","40","42241169"
"chr4","2594369","2594666","chr4","2595606","2595904","3","1237"
"chr4","2619535","2619833","chr7","153704928","153705226","31","151085393"
"chr4","2623727","2624029","chr4","2628690","2628995","4","4963"
"chr4","2639671","2639953","chr4","2644739","2645022","2","5068"
"chr4","2701354","2701566","chr4","2714427","2714655","18","13073"
"chr4","2711626","2711932","chr4","2724755","2725061","5","13129"
"chr4","2744034","2744204","chr4","2758356","2758526","1","14322"
"chr4","2776073","2776126","chr3","188064668","188064724","18","185288595"
"chr4","2776422","2776572","chr18","13921194","13921341","23","11144772"
"chr4","2901935","2902232","chr4","2918436","2918738","6","16501"
"chr4","2909133","2909444","chr4","2925649","2925958","4","16516"
"chr4","3033463","3033589","chr16","73743066","73743197","27","70709603"
"chr4","3051606","3051895","chr4","3075147","3075436","1","23541"
"chr4","3092438","3092524","chr14","100673591","100673682","15","97581153"
"chr4","3095164","3095471","chr1","133159282","133159584","40","130064118"
"chr4","3102365","3102511","chrX","40675473","40675619","34","37573108"
"chr4","3134041","3134326","chr4","3162421","3162706","0","28380"
"chr4","3194914","3195212","chr4","3222829","3223129","8","27915"
"chr4","3198042","3198341","chr19","42147460","42147744","47","38949418"
"chr4","3198417","3198741","chr5","78863209","78863532","44","75664792"
"chr4","3209799","3210085","chr4","3239071","3239360","6","29272"
"chr4","3226892","3227201","chr3","48970245","48970555","64","45743353"
"chr4","3316712","3317009","chr4","3346729","3347026","0","30017"
"chr4","3948273","3948579","chr4","141609401","141609710","39","137661128"
"chr4","4006305","4006628","chr4","3969550","3969874","3","36755"
"chr4","4025217","4025328","chr2B","210790127","210790232","25","206764910"
"chr4","4240855","4241149","chr4","4202505","4202804","11","38350"
"chr4","4257476","4257735","chr4","4219144","4219403","2","38332"
"chr4","4312051","4312352","chr4","4276033","4276335","2","36018"
"chr4","4359584","4359897","chr4","4322453","4322765","4","37131"
"chr4","4388570","4388873","chr4","4352008","4352286","27","36562"
"chr4","4452192","4452499","chr4","54339651","54339960","39","49887459"
"chr4","4485387","4485679","chr4","4451611","4451901","4","33776"
"chr4","4634727","4635028","chr4","4606400","4606700","2","28327"
"chr4","4683138","4683410","chr6","5123555","5123823","51","440417"
"chr4","4693248","4693388","chr1","214242319","214242461","17","209549071"
"chr4","5548071","5548418","chr18","2261587","2261887","89","3286484"
"chr4","5562795","5562920","chr15","81017045","81017179","22","75454250"
"chr4","5628660","5628963","chr4","5637659","5637966","6","8999"
"chr4","5657423","5657538","chr2B","205936995","205937106","22","200279572"
"chr4","5768316","5768624","chr4","154294946","154295244","39","148526630"
"chr4","5893378","5893689","chr4","5903038","5903354","8","9660"
"chr4","6066220","6066529","chr11","65964624","65964935","32","59898404"
"chr4","6153255","6153355","chr14","100673591","100673682","22","94520336"
"chr4","6380646","6380729","chr13","24059413","24059502","22","17678767"
"chr4","6425041","6425241","chr4","6500190","6500388","2","75149"
"chr4","6583142","6583446","chr4","6668508","6668821","16","85366"
"chr4","6699703","6699878","chr18","16129447","16129614","31","9429744"
"chr4","6721562","6721823","chr9","122765567","122765835","38","116044005"
"chr4","6797897","6798191","chr4","6883791","6884087","6","85894"
"chr4","6860101","6860223","chr7","38214802","38214923","13","31354701"
"chr4","6919658","6919808","chr4","7008692","7008843","2","89034"
"chr4","6969342","6969528","chr4","7059221","7059407","1","89879"
"chr4","6973464","6973617","chr7","26269019","26269189","35","19295555"
"chr4","7017694","7017773","chr3","27665315","27665404","17","20647621"
"chr4","7017794","7017926","chr2A","32693701","32693835","27","25675907"
"chr4","7104072","7104365","chr4","7194795","7195089","2","90723"
"chr4","7106165","7106476","chr4","7196889","7197195","6","90724"
"chr4","7230496","7230798","chr14","91622196","91622501","36","84391700"
"chr4","7628082","7628383","chr4","7730795","7731096","3","102713"
"chr4","7662174","7662339","chr17","60691411","60691574","26","53029237"
"chr4","7859045","7859264","chr10","96777563","96777787","33","88918518"
"chr4","8042503","8042784","chr17","71930575","71930855","35","63888072"
"chr4","8459608","8459894","chr9","33729184","33729467","37","25269576"
"chr4","8484876","8485182","chr3","160512729","160513033","34","152027853"
"chr4","8509528","8509746","chr2B","169469371","169469593","37","160959843"
"chr4","8515741","8515992","chr1","92714926","92715182","57","84199185"
"chr4","8694632","8694713","chr13","24059413","24059502","22","15364781"
"chr4","8777767","8778067","chr6","42778984","42779282","59","34001217"
"chr4","8780647","8780835","chr16","20238556","20238749","32","11457909"
"chr4","8990891","8991210","chr7","5518919","5519241","17","3471972"
"chr4","9243986","9244315","chr7","5518919","5519241","18","3725067"
"chr4","9309942","9310242","chr9","110583517","110583817","39","101273575"
"chr4","9480321","9480632","chr4","9445631","9445941","7","34690"
"chr4","9481193","9481493","chr14","50710309","50710610","34","41229116"
"chr4","9713164","9713309","chr2A","32693701","32693835","25","22980537"
"chr4","9752164","9752460","chr4","9721424","9721721","2","30740"
"chr4","9775995","9776288","chr4","9745262","9745557","4","30733"
"chr4","9799810","9799995","chr2B","200338221","200338407","30","190538411"
"chr4","10187095","10187394","chr4","10164972","10165273","3","22123"
"chr4","10196513","10196610","chr22","33938435","33938535","14","23741922"
"chr4","10202992","10203291","chr5","36472948","36473248","52","26269956"
"chr4","10280806","10281116","chr4","10259266","10259582","7","21540"
"chr4","10314199","10314503","chr4","10292715","10293021","5","21484"
"chr4","10513672","10513965","chr4","10499550","10499846","4","14122"
"chr4","10954277","10954374","chr14","100673591","100673682","19","89719314"
"chr4","11292684","11292986","chr4","11290604","11290912","8","2080"
"chr4","11329097","11329177","chr11","8774884","8774956","20","2554213"
"chr4","11343223","11343519","chr4","11340967","11341303","43","2256"
"chr4","11379088","11379288","chr4","11374272","11374485","18","4816"
"chr4","11424296","11424388","chr12","31242059","31242152","14","19817763"
"chr4","11559527","11559825","chr4","11568865","11569166","5","9338"
"chr4","12195426","12195721","chr20","23549800","23550102","47","11354374"
"chr4","12477082","12477393","chr10","49863073","49863383","49","37385991"
"chr4","12493266","12493421","chr1","11780192","11780341","23","713074"
"chr4","12950137","12950432","chr4","12986005","12986301","1","35868"
"chr4","13292920","13293230","chr4","13347818","13348129","3","54898"
"chr4","13350014","13350315","chr4","13403827","13404129","1","53813"
"chr4","13359282","13359577","chr4","13410317","13410614","3","51035"
"chr4","13366799","13367094","chr4","13417841","13418135","3","51042"
"chr4","13840073","13840255","chr4","13925692","13925904","30","85619"
"chr4","13958024","13958209","chr3","70593440","70593618","35","56635416"
"chr4","14035174","14035473","chr4","14119878","14120186","10","84704"
"chr4","14192469","14192730","chr10","122778441","122778720","47","108585972"
"chr4","14272909","14273222","chr4","14360480","14360790","5","87571"
"chr4","14557220","14557524","chr4","14649430","14649735","3","92210"
"chr4","14819213","14819505","chr2A","63086723","63087016","35","48267510"
"chr4","14823346","14823624","chrX","43814540","43814832","43","28991194"
"chr4","15176268","15176559","chr4","15278207","15278498","1","101939"
"chr4","15245990","15246294","chr4","15348945","15349255","6","102955"
"chr4","15474965","15475090","chr18","46323703","46323831","21","30848738"
"chr4","15488001","15488285","chr11","9192974","9193255","45","6295027"
"chr4","15508590","15508890","chr6","125885649","125885955","60","110377059"
"chr4","15897987","15898048","chr6","13877659","13877716","18","2020328"
"chr4","15939706","15940004","chr4","16046238","16046536","1","106532"
"chr4","16011073","16011380","chr4","16119359","16119671","12","108286"
"chr4","16023189","16023478","chr1","129337688","129337979","33","113314499"
"chr4","16059400","16059621","chr4","16168464","16168691","9","109064"
"chr4","16099084","16099194","chr20","16652596","16652702","27","553512"
"chr4","16122992","16123289","chr4","16232170","16232481","19","109178"
"chr4","16138295","16138593","chr4","16247526","16247823","1","109231"
"chr4","16182440","16182676","chr4","16290579","16290815","0","108139"
"chr4","16287916","16288098","chr5","438717","438887","35","15849199"
"chr4","16413231","16413440","chr16","2485651","2485858","49","13927580"
"chr4","16435309","16435603","chr4","16545159","16545454","3","109850"
"chr4","16513079","16513386","chr4","16624035","16624342","1","110956"
"chr4","16569156","16569458","chr4","16680652","16680951","9","111496"
"chr4","16642351","16642666","chr4","16754266","16754578","3","111915"
"chr4","16693195","16693419","chr4","16805108","16805332","0","111913"
"chr4","16719277","16719560","chr4","16827883","16828195","34","108606"
"chr4","16793382","16793674","chr4","54042879","54043171","33","37249497"
"chr4","16837097","16837373","chr4","16950183","16950450","16","113086"
"chr4","16908502","16908795","chr4","17023968","17024266","5","115466"
"chr4","17007102","17007405","chr4","17125758","17126068","8","118656"
"chr4","17187643","17187939","chrX","121240517","121240807","42","104052874"
"chr4","17222305","17222612","chr4","17342416","17342723","0","120111"
"chr4","17251382","17251678","chr4","17372654","17372959","14","121272"
"chr4","17291015","17291148","chrX","97546574","97546704","14","80255559"
"chr4","17291460","17291636","chr3","200742805","200742975","36","183451345"
"chr4","17318443","17318547","chr22","33938435","33938535","17","16619992"
"chr4","17325821","17326014","chr12","8145977","8146174","41","9179844"
"chr4","17342714","17342843","chr2A","32693701","32693835","24","15350987"
"chr4","17356395","17356500","chr2B","205936995","205937106","28","188580600"
"chr4","17404234","17404534","chr4","17527656","17527963","10","123422"
"chr4","17637096","17637408","chr4","17765087","17765400","3","127991"
"chr4","18006649","18006771","chr10","35805830","35805960","15","17799181"
"chr4","18132159","18132468","chr4","18266171","18266482","3","134012"
"chr4","18302674","18302993","chr4","18439753","18440067","5","137079"
"chr4","18563938","18564239","chr4","18706929","18707230","1","142991"
"chr4","18672128","18672436","chr4","18815432","18815727","15","143304"
"chr4","19133610","19133888","chr4","19285283","19285561","4","151673"
"chr4","19406263","19406538","chr4","19564243","19564514","4","157980"
"chr4","19481919","19482213","chr4","19640805","19641102","4","158886"
"chr4","19819015","19819327","chr4","19979837","19980145","6","160822"
"chr4","19980990","19981272","chr4","20138767","20139049","0","157777"
"chr4","20192506","20192813","chr4","20353292","20353599","0","160786"
"chr4","20210366","20210656","chr4","20371269","20371555","6","160903"
"chr4","20273233","20273532","chr4","20434513","20434823","15","161280"
"chr4","20464664","20464953","chr4","20631887","20632176","1","167223"
"chr4","20835258","20835561","chr12","39526160","39526455","43","18690902"
"chr4","20870989","20871082","chr17","13332748","13332838","17","7538241"
"chr4","21028366","21028537","chr18","9152793","9152964","31","11875573"
"chr4","21089688","21089812","chr2A","32693701","32693835","27","11604013"
"chr4","21113829","21114126","chr7","150409458","150409752","36","129295629"
"chr4","21114300","21114603","chr4","21286695","21287028","41","172395"
"chr4","21164570","21164874","chr4","21339146","21339452","5","174576"
"chr4","21388891","21389185","chr4","21566611","21566912","11","177720"
"chr4","21497991","21498140","chr1","213430388","213430540","22","191932397"
"chr4","21591270","21591579","chr18","7285802","7286107","56","14305468"
"chr4","21614390","21614693","chr4","21800940","21801243","3","186550"
"chr4","21767312","21767617","chr4","21954489","21954795","6","187177"
"chr4","21911124","21911426","chr4","22098886","22099187","1","187762"
"chr4","21930819","21931121","chr4","22118585","22118888","4","187766"
"chr4","22122151","22122365","chr4","22321277","22321492","2","199126"
"chr4","22139170","22139450","chr4","22338923","22339203","2","199753"
"chr4","22193760","22194055","chr4","22394086","22394382","3","200326"
"chr4","22208945","22209251","chr4","22409345","22409653","4","200400"
"chr4","22218118","22218429","chr4","22418173","22418482","8","200055"
"chr4","22266918","22267203","chr9","103542473","103542758","36","81275555"
"chr4","22377237","22377514","chr4","22580114","22580423","32","202877"
"chr4","22387596","22387874","chr4","22590573","22590852","4","202977"
"chr4","22404726","22405019","chr4","22607717","22608010","0","202991"
"chr4","22460314","22460629","chr6","42778984","42779282","62","20318670"
"chr4","22828431","22828585","chr20","45549956","45550123","24","22721525"
"chr4","23195337","23195418","chr3","181238196","181238292","30","158042859"
"chr4","23253563","23253859","chr4","23483023","23483317","11","229460"
"chr4","23470256","23470371","chr2B","207026815","207026935","25","183556559"
"chr4","23589793","23590101","chr4","23823574","23823894","18","233781"
"chr4","23975702","23976004","chr4","24214631","24214933","1","238929"
"chr4","24102384","24102690","chr15","72223816","72224120","35","48121432"
"chr4","24237243","24237538","chr4","24483991","24484286","1","246748"
"chr4","24258562","24258861","chr4","24505260","24505562","4","246698"
"chr4","24261357","24261653","chr4","24508064","24508363","4","246707"
"chr4","24343458","24343677","chr4","24591073","24591295","8","247615"
"chr4","24461484","24461781","chr4","24709515","24709812","4","248031"
"chr4","24538987","24539115","chr8","26723415","26723536","22","2184428"
"chr4","24693280","24693524","chr4","24947019","24947257","28","253739"
"chr4","24826331","24826610","chr4","25081225","25081515","13","254894"
"chr4","24863471","24863600","chr4","25118426","25118554","3","254955"
"chr4","24952213","24952493","chr4","25218299","25218610","35","266086"
"chr4","24994205","24994518","chr4","25256954","25257267","4","262749"
"chr4","25140193","25140561","chr4","25405059","25405430","7","264866"
"chr4","25141438","25141648","chrX","20380175","20380388","46","4761263"
"chr4","25157535","25157816","chr7","148362321","148362595","43","123204786"
"chr4","25231861","25232036","chr12","40741439","40741620","32","15509578"
"chr4","25266722","25266954","chr19","19489023","19489251","41","5777699"
"chr4","25292135","25292446","chr14","87735607","87735918","43","62443472"
"chr4","25293605","25293895","chr4","25564388","25564681","4","270783"
"chr4","25296276","25296509","chr18","14052800","14053038","34","11243476"
"chr4","25331970","25332098","chr16","73743066","73743197","24","48411096"
"chr4","25355654","25355961","chr4","25630758","25631065","0","275104"
"chr4","25371323","25371632","chr2A","48195784","48196093","35","22824461"
"chr4","25374144","25374296","chr7","76364918","76365070","19","50990774"
"chr4","25381018","25381327","chr4","25657522","25657832","5","276504"
"chr4","25389926","25390237","chr17","7805111","7805419","32","17584815"
"chr4","25424219","25424482","chr4","25702320","25702583","1","278101"
"chr4","25545911","25546215","chr4","25830329","25830634","3","284418"
"chr4","25585400","25585595","chr4","25869752","25869949","7","284352"
"chr4","25589732","25590042","chr4","25874090","25874401","2","284358"
"chr4","25600963","25601096","chr8","26723415","26723536","28","1122452"
"chr4","25609809","25610109","chr4","25894290","25894590","1","284481"
"chr4","25833968","25834083","chr8","26723415","26723536","20","889447"
"chr4","25875584","25875892","chr4","26163937","26164245","0","288353"
"chr4","25903492","25903787","chr4","26191985","26192283","8","288493"
"chr4","25934690","25935005","chr18","16078441","16078744","57","9856249"
"chr4","26041264","26041565","chr4","26335078","26335379","4","293814"
"chr4","26174437","26174747","chr4","26470547","26470856","5","296110"
"chr4","26299886","26299982","chr11","20358123","20358224","16","5941763"
"chr4","26331778","26332067","chr7","24739193","24739485","43","1592585"
"chr4","26367876","26368046","chr4","26666455","26666626","3","298579"
"chr4","26732009","26732297","chrX","121240517","121240807","58","94508508"
"chr4","27030763","27030997","chr4","27337359","27337583","23","306596"
"chr4","27031137","27031353","chr4","27337359","27337583","9","306222"
"chr4","27509995","27510134","chr4","27826608","27826747","1","316613"
"chr4","27538978","27539253","chr4","27855595","27855901","33","316617"
"chr4","27543739","27544041","chr4","27860390","27860692","1","316651"
"chr4","27560964","27561253","chr4","27877641","27877942","13","316677"
"chr4","27562744","27562958","chr4","27879435","27879649","1","316691"
"chr4","27715232","27715378","chr4","28030717","28030863","1","315485"
"chr4","27772634","27772740","chr19","57751584","57751683","20","29978950"
"chr4","27805863","27805947","chr3","181238196","181238292","26","153432333"
"chr4","27913266","27913449","chr12","98841223","98841402","25","70927957"
"chr4","28036880","28037142","chr1","124399374","124399636","39","96362494"
"chr4","28205454","28205758","chr4","28512188","28512493","3","306734"
"chr4","28559049","28559365","chr3","28350927","28351244","53","208122"
"chr4","28692971","28693107","chr1","46484701","46484838","17","17791730"
"chr4","28724450","28724746","chr4","29041764","29042060","6","317314"
"chr4","29129879","29130177","chr4","29452684","29452986","5","322805"
"chr4","29253009","29253304","chr4","29576377","29576674","4","323368"
"chr4","29314848","29314939","chr14","100673591","100673682","19","71358743"
"chr4","29411462","29411745","chrX","138245870","138246163","31","108834408"
"chr4","29660864","29661163","chr4","29985205","29985509","8","324341"
"chr4","29925181","29925497","chr4","30247903","30248219","1","322722"
"chr4","30094768","30095060","chr4","30420023","30420315","1","325255"
"chr4","30139708","30139972","chr4","30465345","30465609","3","325637"
"chr4","30444898","30445194","chr4","30773608","30773912","14","328710"
"chr4","30449293","30449585","chr4","30778737","30779035","8","329444"
"chr4","30526127","30526234","chr22","33938435","33938535","30","3412308"
"chr4","30811558","30811874","chr4","31146695","31147007","9","335137"
"chr4","30823794","30824091","chr6","25647113","25647412","32","5176681"
"chr4","31010861","31011187","chr4","31366482","31366807","4","355621"
"chr4","31067465","31067580","chr5","139945451","139945585","31","108877986"
"chr4","31123934","31124210","chr4","31481138","31481414","0","357204"
"chr4","31185903","31186200","chr4","31545214","31545516","7","359311"
"chr4","31371249","31371542","chr7","2442189","2442483","33","28929060"
"chr4","31469808","31470090","chr4","31826373","31826655","0","356565"
"chr4","31506714","31507035","chr18","22944562","22944867","54","8562152"
"chr4","31550785","31551076","chr4","31907524","31907831","17","356739"
"chr4","31593173","31593462","chr4","31950131","31950420","0","356958"
"chr4","31638908","31639200","chr4","31996042","31996337","4","357134"
"chr4","32148484","32148767","chr4","32505857","32506142","6","357373"
"chr4","32269011","32269315","chr4","32625198","32625501","2","356187"
"chr4","32304269","32304542","chr4","32662734","32663017","11","358465"
"chr4","33162495","33162718","chr4","32905271","32905499","8","257224"
"chr4","33215784","33215906","chr5","172392908","172393028","20","139177124"
"chr4","33428849","33429050","chr4","33174782","33174986","4","254067"
"chr4","33896178","33896484","chr4","33649335","33649608","35","246843"
"chr4","33925425","33925583","chr4","33678666","33678824","2","246759"
"chr4","34073717","34073916","chr4","33827875","33828078","4","245842"
"chr4","34136229","34136338","chr2B","142240066","142240170","37","108103837"
"chr4","34276195","34276351","chr5","139654545","139654691","31","105378350"
"chr4","34277993","34278264","chr4","34029092","34029363","1","248901"
"chr4","34639153","34639456","chr4","34390762","34391065","1","248391"
"chr4","34843966","34844174","chr4","34603295","34603502","3","240671"
"chr4","34844175","34844244","chr19","23413524","23413600","18","11430651"
"chr4","34864072","34864381","chr4","34623748","34624055","5","240324"
"chr4","34864856","34864961","chr2B","205936995","205937106","22","171072139"
"chr4","35066626","35066904","chr4","34829092","34829419","51","237534"
"chr4","35077844","35077999","chr10","106630574","106630719","35","71552730"
"chr4","35151425","35151713","chr4","34914735","34915024","5","236690"
"chr4","35300958","35301275","chr14","34597097","34597409","46","703861"
"chr4","35317084","35317355","chr4","35076298","35076570","2","240786"
"chr4","35394647","35394929","chr7","102405673","102405969","69","67011026"
"chr4","35989641","35989757","chr12","93126526","93126644","29","57136885"
"chr4","36083906","36084222","chr4","35870252","35870568","0","213654"
"chr4","36274038","36274348","chr4","36061879","36062187","8","212159"
"chr4","36348241","36348532","chr4","36135689","36135978","7","212552"
"chr4","36752909","36753018","chr2B","205936995","205937106","26","169184086"
"chr4","36928929","36929217","chr4","36720809","36721097","1","208120"
"chr4","37549447","37549758","chr4","37342070","37342385","5","207377"
"chr4","37753554","37753766","chr8","98991368","98991576","44","61237814"
"chr4","37777169","37777479","chr2A","48195784","48196093","26","10418615"
"chr4","37793272","37793587","chr5","128562630","128562937","42","90769358"
"chr4","38167533","38167821","chr4","37978869","37979157","0","188664"
"chr4","38364564","38364875","chr11","71436766","71437074","34","33072202"
"chr4","38379092","38379384","chr11","81612582","81612877","32","43233490"
"chr4","38400864","38401150","chr4","38221399","38221714","30","179465"
"chr4","38440455","38440490","chr17","532626","532657","9","37907829"
"chr4","38447238","38447545","chr4","38267181","38267497","13","180057"
"chr4","38537977","38538255","chr4","38358662","38358940","1","179315"
"chr4","38539338","38539641","chr4","38360027","38360332","6","179311"
"chr4","38569795","38569915","chr8","26723415","26723536","22","11846380"
"chr4","38785538","38785848","chr4","38612158","38612471","5","173380"
"chr4","38834201","38834314","chr2A","62538961","62539069","25","23704760"
"chr4","39093809","39094113","chr4","38927977","38928281","1","165832"
"chr4","39136244","39136542","chr1","68317738","68318046","44","29181494"
"chr4","39198241","39198517","chr4","39033008","39033304","23","165233"
"chr4","39233528","39233813","chr4","39070048","39070331","7","163480"
"chr4","39296408","39296708","chr4","39133883","39134186","5","162525"
"chr4","39299653","39299958","chr4","39137138","39137443","1","162515"
"chr4","39309535","39309832","chr4","39147057","39147350","9","162478"
"chr4","39337476","39337621","chr1","128198509","128198667","32","88861033"
"chr4","39352985","39353282","chr4","39191331","39191661","34","161654"
"chr4","39416708","39416823","chr2B","205936995","205937106","23","166520287"
"chr4","39453681","39453772","chr3","181238196","181238292","29","141784515"
"chr4","39488023","39488322","chr4","39331708","39332007","1","156315"
"chr4","39490120","39490428","chr4","39333806","39334114","1","156314"
"chr4","39530573","39530876","chr4","39375643","39375950","5","154930"
"chr4","39540042","39540330","chr5","37177597","37177892","39","2362445"
"chr4","39569866","39570159","chr4","39415421","39415716","4","154445"
"chr4","39576570","39576827","chr22","34979997","34980254","40","4596573"
"chr4","39652271","39652439","chr1","54397545","54397708","31","14745274"
"chr4","39672638","39672718","chr8","46091691","46091777","20","6419053"
"chr4","39675866","39676148","chr4","39523076","39523359","2","152790"
"chr4","39693682","39693792","chr2B","210790127","210790232","21","171096445"
"chr4","39696605","39696819","chr4","39544370","39544585","3","152235"
"chr4","39713582","39713771","chrX","69039505","69039700","39","29325923"
"chr4","39735613","39735906","chr4","39584114","39584407","1","151499"
"chr4","39736350","39736550","chr12","118602765","118602968","48","78866415"
"chr4","39739080","39739380","chr4","39587582","39587882","1","151498"
"chr4","39759913","39760054","chr1","20767343","20767488","20","18992570"
"chr4","39769931","39770224","chr4","39618945","39619245","8","150986"
"chr4","39780777","39780959","chr8","84018854","84019036","30","44238077"
"chr4","39823158","39823368","chr2A","39227293","39227501","42","595865"
"chr4","39833077","39833198","chr12","110328271","110328400","32","70495194"
"chr4","39902787","39902957","chr1","134045753","134045928","33","94142966"
"chr4","39906266","39906564","chr4","39759725","39760023","0","146541"
"chr4","39914081","39914352","chr4","39768229","39768478","22","145852"
"chr4","39915183","39915373","chr4","39769309","39769485","14","145874"
"chr4","39942183","39942481","chr20","29577491","29577783","43","10364692"
"chr4","39954939","39955033","chr14","100673591","100673682","23","60718652"
"chr4","39973132","39973261","chr7","150471444","150471574","13","110498312"
"chr4","39980205","39980503","chr4","39836306","39836612","9","143899"
"chr4","39985894","39986032","chr11","46694965","46695109","25","6709071"
"chr4","40001717","40002003","chr4","39855939","39856225","4","145778"
"chr4","40039096","40039384","chr4","39893738","39894028","3","145358"
"chr4","40107607","40107762","chr12","97007734","97007890","38","56900127"
"chr4","40128481","40128598","chrX","104316738","104316858","18","64188257"
"chr4","40148909","40149023","chr4","40003798","40003912","0","145111"
"chr4","40154002","40154114","chr1","7830949","7831069","26","32323053"
"chr4","40159909","40159988","chr3","46579108","46579189","9","6419199"
"chr4","40170549","40170857","chr4","40027031","40027339","1","143518"
"chr4","40171518","40171828","chr4","40028001","40028310","3","143517"
"chr4","40175526","40175697","chr4","84946316","84946498","38","44770790"
"chr4","40216219","40216431","chr4","40072489","40072669","34","143730"
"chr4","40260046","40260322","chr4","40116363","40116640","5","143683"
"chr4","40421434","40421702","chr1","32824177","32824441","38","7597257"
"chr4","40447368","40447687","chr1","129333794","129334088","59","88886426"
"chr4","40500001","40500132","chr5","172392908","172393028","26","131892907"
"chr4","40530088","40530395","chr4","40399968","40400276","5","130120"
"chr4","40561588","40561689","chr22","33938435","33938535","10","6623153"
"chr4","40572894","40573202","chr4","40445362","40445671","5","127532"
"chr4","40590199","40590488","chr4","40462627","40462920","9","127572"
"chr4","40603656","40603771","chr2B","207026815","207026935","24","166423159"
"chr4","40677692","40678001","chr1","53118077","53118382","43","12440385"
"chr4","40700941","40701113","chr11","48130487","48130657","29","7429546"
"chr4","40725452","40725621","chr4","40599988","40600158","4","125464"
"chr4","40740590","40740694","chr3","181238196","181238292","27","140497606"
"chr4","40780575","40780863","chr4","40657796","40658084","2","122779"
"chr4","40828691","40828980","chr4","40708106","40708404","12","120585"
"chr4","40884806","40884958","chr16","28946166","28946320","25","11938640"
"chr4","40906847","40906970","chr4","84675478","84675615","27","43768631"
"chr4","41030983","41031119","chr2A","32693701","32693835","26","8337282"
"chr4","41127641","41127916","chr4","41014374","41014649","1","113267"
"chr4","41146819","41147115","chr4","41033552","41033856","10","113267"
"chr4","41273684","41273994","chr4","41161112","41161422","8","112572"
"chr4","41360440","41360605","chr2B","166169100","166169263","32","124808660"
"chr4","41398366","41398661","chr4","41286506","41286812","14","111860"
"chr4","41658997","41659171","chr11","48130487","48130657","30","6471490"
"chr4","41659215","41659421","chr1","134914965","134915166","51","93255750"
"chr4","41884596","41884882","chr4","41776614","41776899","2","107982"
"chr4","41971603","41971908","chr4","41863916","41864221","0","107687"
"chr4","42006418","42006598","chr4","26666455","26666626","29","15339963"
"chr4","42104231","42104520","chr4","41999430","41999719","0","104801"
"chr4","42171518","42171818","chr4","42067713","42068013","2","103805"
"chr4","42197028","42197066","chr6","20158127","20158168","8","22038901"
"chr4","42252283","42252589","chr4","42148160","42148466","1","104123"
"chr4","42372561","42372655","chr12","12586014","12586108","24","29786547"
"chr4","42420840","42421018","chr11","48130487","48130657","29","5709647"
"chr4","42442401","42442568","chr1","226232780","226232939","30","183790379"
"chr4","42504809","42505149","chr7","91071284","91071593","64","48566475"
"chr4","42538503","42538788","chr4","42445662","42445947","3","92841"
"chr4","42553109","42553414","chr4","42460973","42461279","4","92136"
"chr4","42559314","42559594","chr10","81529722","81529994","56","38970408"
"chr4","42589360","42589665","chr4","42497313","42497619","4","92047"
"chr4","42629980","42630273","chr4","42538261","42538559","8","91719"
"chr4","42636972","42637264","chr4","42545964","42546256","0","91008"
"chr4","42642015","42642314","chr4","42550856","42551166","13","91159"
"chr4","43344779","43345090","chr4","43258448","43258771","13","86331"
"chr4","43370977","43371198","chr4","43284654","43284875","0","86323"
"chr4","43694312","43694465","chr3","124377381","124377522","31","80683069"
"chr4","43846786","43847082","chr4","43763649","43763946","2","83137"
"chr4","44239411","44239725","chr4","44160900","44161212","4","78511"
"chr4","44241624","44241891","chr4","44163112","44163381","9","78512"
"chr4","44264703","44265014","chr4","44186191","44186504","3","78512"
"chr4","44314501","44314786","chr4","44236347","44236632","0","78154"
"chr4","44649229","44649551","chr15","78013839","78014156","49","33364610"
"chr4","44696697","44697007","chr17","1191797","1192108","34","43504900"
"chr4","44878259","44878538","chr4","44804548","44804830","6","73711"
"chr4","44907285","44907591","chr4","44833563","44833870","3","73722"
"chr4","45013923","45014226","chr4","44940665","44940968","3","73258"
"chr4","45029639","45029957","chr13","78069323","78069644","71","33039684"
"chr4","45105369","45105463","chr3","181238196","181238292","18","136132827"
"chr4","45117011","45117324","chr4","45046663","45046971","8","70348"
"chr4","45166957","45167263","chr4","45096734","45097045","5","70223"
"chr4","45824620","45824721","chr6","159074849","159074952","18","113250229"
"chr4","46111582","46111878","chr4","46046613","46046916","11","64969"
"chr4","46224493","46224784","chr4","46161788","46162079","2","62705"
"chr4","46455772","46456057","chr4","46406126","46406409","4","49646"
"chr4","46486548","46486778","chr4","46437172","46437402","2","49376"
"chr4","46524780","46524993","chr4","46475326","46475547","10","49454"
"chr4","46528888","46529096","chr4","155078134","155078343","36","108549246"
"chr4","46541603","46541913","chr4","46493187","46493498","2","48416"
"chr4","46568386","46568690","chr8","139185886","139186167","68","92617500"
"chr4","46571046","46571340","chr4","46524851","46525160","17","46195"
"chr4","46576730","46577017","chr4","46161788","46162079","54","414942"
"chr4","46578300","46578615","chr4","46532126","46532441","0","46174"
"chr4","46598082","46598230","chr4","46551779","46551927","0","46303"
"chr4","46603265","46603570","chr4","46558936","46559242","4","44329"
"chr4","46637159","46637452","chr3","9781258","9781549","40","36855901"
"chr4","46649675","46649972","chr4","46609753","46610051","4","39922"
"chr4","46704799","46705064","chr4","46665290","46665555","1","39509"
"chr4","46706284","46706576","chr4","46666777","46667069","1","39507"
"chr4","46734926","46735189","chr3","36744401","36744665","4","9990525"
"chr4","46745936","46746046","chr2B","199271339","199271453","20","152525403"
"chr4","46843908","46844082","chr3","140230264","140230435","24","93386356"
"chr4","46936083","46936380","chr4","46891932","46892240","13","44151"
"chr4","47000001","47000193","chr5","76266656","76266847","28","29266655"
"chr4","47000366","47000658","chr4","46955764","46956058","3","44602"
"chr4","47007260","47007546","chr9","33729184","33729467","37","13278076"
"chr4","47013714","47014028","chr7","65511139","65511447","51","18497425"
"chr4","47039359","47039554","chr12","6865642","6865839","30","40173717"
"chr4","47049197","47049491","chr4","47003601","47003896","2","45596"
"chr4","47052651","47052963","chr14","77564194","77564502","39","30511543"
"chr4","47101241","47101291","chr7","100782569","100782620","13","53681328"
"chr4","47157751","47157953","chr4","47115904","47116107","1","41847"
"chr4","47158829","47158930","chr4","47116983","47117084","0","41846"
"chr4","47198652","47198939","chr7","131721152","131721444","31","84522500"
"chr4","47213395","47213493","chr14","100673591","100673682","25","53460196"
"chr4","47230394","47230672","chr9","109113867","109114139","46","61883473"
"chr4","47233328","47233629","chr4","47194287","47194591","4","39041"
"chr4","47242083","47242386","chr4","47202906","47203211","6","39177"
"chr4","47355220","47355437","chr4","47316981","47317199","7","38239"
"chr4","47456844","47457147","chr4","47418393","47418698","6","38451"
"chr4","47608453","47608703","chr4","47569625","47569876","1","38828"
"chr4","47684328","47684613","chr7","150409458","150409752","62","102725130"
"chr4","47686867","47687158","chr4","47651356","47651641","6","35511"
"chr4","47741626","47741944","chr4","47707550","47707866","4","34076"
"chr4","47755024","47755328","chr10","26433100","26433408","38","21321924"
"chr4","47756584","47756752","chr5","109791696","109791859","27","62035112"
"chr4","47780207","47780476","chrX","97029169","97029434","46","49248962"
"chr4","47857693","47857989","chr18","55809936","55810245","49","7952243"
"chr4","47993039","47993338","chr4","47964550","47964851","5","28489"
"chr4","48445941","48446229","chr4","48423134","48423422","1","22807"
"chr4","48669254","48669353","chr3","181238196","181238292","21","132568942"
"chr4","48763036","48763334","chr4","48739895","48740193","4","23141"
"chr4","48970238","48970358","chr7","112797358","112797487","35","63827120"
"chr4","49167718","49167994","chr4","49151315","49151590","6","16403"
"chr4","49310063","49310199","chr13","22694842","22694978","28","26615221"
"chr4","49354933","49355233","chr4","49344171","49344473","6","10762"
"chr4","49417491","49417787","chr4","49410365","49410654","14","7126"
"chr4","49418295","49418592","chr4","49411159","49411455","7","7136"
"chr4","49462606","49462898","chr4","49453679","49453971","0","8927"
"chr4","49480401","49480709","chr4","49471744","49472063","12","8657"
"chr4","49624069","49624374","chr20","40644762","40645065","39","8979307"
"chr4","49643504","49643607","chr4","49636550","49636653","0","6954"
"chr4","49809296","49809602","chr4","49806539","49806845","3","2757"
"chr4","49896166","49896286","chr8","26723415","26723536","22","23172751"
"chr4","49901416","49901720","chr4","49900028","49900333","6","1388"
"chr4","50219965","50220268","chr4","50226194","50226507","11","6229"
"chr4","50620618","50620817","chr3","9859752","9859937","37","40760866"
"chr4","50704690","50704825","chr11","46694965","46695109","26","4009725"
"chr4","50712657","50712826","chrX","2617967","2618132","21","48094690"
"chr4","50713133","50713265","chr5","177191573","177191702","15","126478440"
"chr4","51205202","51205499","chr4","51207297","51207601","13","2095"
"chr4","51216333","51216647","chr4","51218456","51218772","4","2123"
"chr4","51237325","51237624","chr4","51239467","51239766","1","2142"
"chr4","51371428","51371720","chr4","51373465","51373764","9","2037"
"chr4","51455201","51455491","chr4","51458508","51458798","1","3307"
"chr4","51553655","51553791","chr4","51557575","51557711","0","3920"
"chr4","51675216","51675435","chr4","51679604","51679820","7","4388"
"chr4","51713134","51713430","chr4","51717543","51717838","1","4409"
"chr4","51750365","51750535","chrX","101684279","101684447","20","49933914"
"chr4","51803831","51804135","chr4","51810515","51810820","1","6684"
"chr4","51903938","51904036","chr14","100673591","100673682","20","48769653"
"chr4","51971554","51971815","chr1","92714926","92715182","57","40743372"
"chr4","51971863","51971886","chr1","28547144","28547162","9","23424719"
"chr4","52101677","52101869","chr4","52108143","52108336","4","6466"
"chr4","52160554","52160847","chr4","52167800","52168093","1","7246"
"chr4","52165156","52165435","chr4","52172410","52172689","2","7254"
"chr4","52170893","52171178","chr10","59278067","59278355","40","7107174"
"chr4","52190530","52190644","chr2B","205936995","205937106","23","153746465"
"chr4","52192085","52192383","chr19","52835212","52835503","54","643127"
"chr4","52627471","52627545","chr6","11395990","11396054","32","41231481"
"chr4","52860221","52860532","chr4","52872231","52872544","7","12010"
"chr4","52919305","52919612","chr4","52931556","52931852","15","12251"
"chr4","52958503","52958811","chr5","108054757","108055053","58","55096254"
"chr4","53047861","53048026","chr10","57532871","57533043","25","4485010"
"chr4","53049939","53049981","chr6","20158127","20158168","9","32891812"
"chr4","53276780","53276957","chr17","26734383","26734560","35","26542397"
"chr4","53312402","53312668","chr1","124399374","124399636","37","71086972"
"chr4","53440237","53440505","chr4","53461571","53461839","0","21334"
"chr4","53476912","53477211","chr4","53498193","53498500","11","21281"
"chr4","53572589","53572904","chr4","53596186","53596502","2","23597"
"chr4","53611844","53612153","chr4","53638244","53638554","8","26400"
"chr4","53652646","53652856","chr14","69811700","69811899","45","16159054"
"chr4","53818913","53819086","chr4","53847585","53847758","0","28672"
"chr4","53854350","53854630","chr4","53882790","53883071","2","28440"
"chr4","54013663","54013956","chr4","54042879","54043171","2","29216"
"chr4","54024802","54025118","chr7","73951528","73951832","59","19926726"
"chr4","54074382","54074680","chr4","54106242","54106543","4","31860"
"chr4","54082989","54083154","chr4","54114840","54115009","4","31851"
"chr4","54103693","54103993","chr4","54136299","54136609","11","32606"
"chr4","54108779","54109090","chr4","54141728","54142034","8","32949"
"chr4","54121254","54121387","chr12","6546624","6546764","21","47574630"
"chr4","54146521","54146791","chr9","110510829","110511093","42","56364308"
"chr4","54200483","54200784","chr4","54233630","54233930","1","33147"
"chr4","54207538","54207748","chr9","123177471","123177683","24","68969933"
"chr4","54220343","54220632","chr4","54253661","54253957","10","33318"
"chr4","54290490","54290772","chr3","117156145","117156424","34","62865655"
"chr4","54303563","54303852","chr4","54341092","54341361","26","37529"
"chr4","54351116","54351235","chr2A","62538961","62539069","30","8187845"
"chr4","54377909","54378040","chr1","46484701","46484838","21","7893208"
"chr4","54458958","54459250","chr4","54500617","54500909","1","41659"
"chr4","54468777","54468928","chr10","106630574","106630719","22","52161797"
"chr4","54865882","54866175","chr4","54910002","54910300","11","44120"
"chr4","55088462","55088768","chr4","55135438","55135745","3","46976"
"chr4","55441882","55442206","chr1","133042911","133043217","78","77601029"
"chr4","55506598","55506884","chr7","23770296","23770581","46","31736302"
"chr4","55628314","55628536","chr1","57095448","57095673","34","1467134"
"chr4","55643585","55643706","chr3","181143385","181143493","28","125499800"
"chr4","55680261","55680557","chr4","55728073","55728371","3","47812"
"chr4","55833158","55833446","chr1","22489390","22489669","41","33343768"
"chr4","55833474","55833493","chr1","28547144","28547162","5","27286330"
"chr4","56188013","56188230","chr4","56236977","56237198","7","48964"
"chr4","56330958","56331263","chr4","56381412","56381717","4","50454"
"chr4","56466649","56466941","chr4","56517773","56518068","4","51124"
"chr4","56563718","56564012","chr4","56617367","56617663","5","53649"
"chr4","56608543","56608727","chr1","29277911","29278085","24","27330632"
"chr4","56768629","56768750","chr7","112797358","112797487","26","56028729"
"chr4","56802678","56802841","chr9","4701375","4701540","22","52101303"
"chr4","56802854","56802981","chr5","61543450","61543577","13","4740596"
"chr4","57428014","57428120","chr20","16652596","16652702","17","40775418"
"chr4","57463060","57463153","chr3","181238196","181238292","21","123775136"
"chr4","57809540","57809822","chr4","57385567","57385848","1","423973"
"chr4","58168003","58168206","chr4","57748987","57749217","27","419016"
"chr4","58220916","58221214","chr4","57805253","57805554","3","415663"
"chr4","58290137","58290401","chr4","57874521","57874785","2","415616"
"chr4","58610231","58610382","chr4","58199621","58199760","15","410610"
"chr4","58892586","58892810","chr4","58459733","58459957","2","432853"
"chr4","59242956","59243248","chr9","71112065","71112360","36","11869109"
"chr4","59356032","59356329","chr6","167719602","167719904","39","108363570"
"chr4","59578557","59578842","chr4","59157603","59157897","16","420954"
"chr4","59613522","59613661","chr2A","32693701","32693835","25","26919821"
"chr4","59630251","59630552","chr4","59210212","59210545","33","420039"
"chr4","59639080","59639373","chr4","59219142","59219436","1","419938"
"chr4","59671562","59671867","chr4","59255624","59255928","2","415938"
"chr4","59679139","59679261","chr2B","199271339","199271453","27","139592200"
"chr4","59692317","59692617","chr8","108830368","108830669","35","49138051"
"chr4","59699959","59700238","chr4","59276748","59277025","3","423211"
"chr4","59728067","59728327","chr6","73938232","73938452","88","14210165"
"chr4","59733659","59733946","chr4","59312909","59313217","22","420750"
"chr4","59758050","59758345","chr4","59338655","59338953","3","419395"
"chr4","59765996","59766303","chr4","59346619","59346927","12","419377"
"chr4","59782828","59783125","chr4","59363226","59363523","2","419602"
"chr4","59866584","59866737","chr2A","107195506","107195649","31","47328922"
"chr4","59868602","59868890","chr4","59454106","59454393","10","414496"
"chr4","59875663","59875807","chr4","59461550","59461696","2","414113"
"chr4","59918613","59918738","chr14","26439576","26439696","31","33479037"
"chr4","59929085","59929189","chr3","181238196","181238292","32","121309111"
"chr4","60040898","60041186","chr4","59628804","59629092","2","412094"
"chr4","60077672","60077979","chr4","59663825","59664132","0","413847"
"chr4","60264203","60264513","chr4","59854561","59854867","13","409642"
"chr4","60290584","60290891","chr4","59881406","59881715","3","409178"
"chr4","60301572","60301716","chr1","11780192","11780341","42","48521380"
"chr4","61084044","61084354","chr4","60691526","60691836","2","392518"
"chr4","61116244","61116430","chrX","78294453","78294634","46","17178209"
"chr4","61482263","61482550","chr4","60890175","60890461","1","592088"
"chr4","61571317","61571604","chr4","60980612","60980899","3","590705"
"chr4","61731784","61732071","chr4","61140380","61140667","1","591404"
"chr4","61808790","61809086","chr1","64548082","64548379","38","2739292"
"chr4","61824121","61824232","chr20","16652596","16652702","20","45171525"
"chr4","62057823","62058115","chr4","61532037","61532329","3","525786"
"chr4","62064197","62064506","chr12","123101229","123101530","40","61037032"
"chr4","62212277","62212554","chr4","61686994","61687279","10","525283"
"chr4","62265320","62265491","chr11","48130487","48130657","23","14134833"
"chr4","62315676","62315932","chr4","61793002","61793258","2","522674"
"chr4","62408811","62408906","chr3","101999907","102000000","16","39591096"
"chr4","62636525","62636833","chr4","62107885","62108192","1","528640"
"chr4","62641014","62641214","chr9","97028914","97029116","31","34387900"
"chr4","62794560","62794847","chr4","62265604","62265912","21","528956"
"chr4","62886276","62886586","chr4","62359940","62360249","2","526336"
"chr4","63240254","63240540","chr1","129337688","129337979","45","66097434"
"chr4","63453937","63454230","chr4","62925310","62925607","8","528627"
"chr4","63555698","63555991","chr4","63034929","63035220","3","520769"
"chr4","63652288","63652613","chr4","63133949","63134273","1","518339"
"chr4","64243434","64243743","chr4","63733090","63733373","28","510344"
"chr4","64724121","64724389","chr4","64233839","64234108","1","490282"
"chr4","65257610","65257967","chr2B","226719207","226719555","80","161461597"
"chr4","65468830","65469080","chr4","64986206","64986459","5","482624"
"chr4","65959784","65960085","chr4","65470006","65470311","4","489778"
"chr4","66239294","66239520","chr4","65754408","65754634","5","484886"
"chr4","66242127","66242429","chr4","65757239","65757540","2","484888"
"chr4","66245330","66245453","chr2A","62538961","62539069","34","3706369"
"chr4","66645609","66645909","chr4","66174700","66175000","1","470909"
"chr4","67083232","67083504","chr4","66623464","66623736","1","459768"
"chr4","67239294","67239403","chr2B","205936995","205937106","30","138697701"
"chr4","67357167","67357455","chr4","66852234","66852525","4","504933"
"chr4","67417551","67417824","chr4","66911041","66911316","2","506510"
"chr4","67426971","67427259","chr8","101370131","101370427","36","33943160"
"chr4","67592829","67593120","chr4","67088341","67088634","6","504488"
"chr4","67962526","67962656","chr12","6546624","6546764","29","61415902"
"chr4","68139982","68140106","chr5","172392908","172393028","26","104252926"
"chr4","68192670","68192968","chr4","67715690","67715989","4","476980"
"chr4","68369374","68369665","chr4","67891541","67891831","1","477833"
"chr4","68376308","68376428","chr2A","62538961","62539069","28","5837347"
"chr4","68413420","68413730","chr3","48970245","48970555","52","19443175"
"chr4","68431556","68431764","chr4","67955013","67955222","6","476543"
"chr4","68489723","68490029","chr4","68013824","68014131","5","475899"
"chr4","68534544","68534628","chr14","100673591","100673682","22","32139047"
"chr4","68574144","68574447","chr7","49843222","49843526","38","18730922"
"chr4","68594723","68595011","chr1","77893853","77894144","39","9299130"
"chr4","68601510","68601605","chr6","43284224","43284341","35","25317286"
"chr4","68683948","68684251","chr4","68204764","68205067","1","479184"
"chr4","68688663","68688930","chr4","68209513","68209811","36","479150"
"chr4","68724770","68725077","chr4","68245680","68245992","6","479090"
"chr4","68946260","68946428","chr12","38143212","38143382","26","30803048"
"chr4","69237710","69238017","chr4","68760739","68761052","9","476971"
"chr4","69286229","69286530","chr4","68809147","68809451","6","477082"
"chr4","69298357","69298654","chr4","68821648","68821945","5","476709"
"chr4","69453251","69453525","chr4","68981115","68981390","10","472136"
"chr4","69725216","69725497","chr4","69258148","69258429","3","467068"
"chr4","69862567","69862814","chr4","69399500","69399738","9","463067"
"chr4","69932413","69932715","chr4","69470830","69471138","7","461583"
"chr4","70003000","70003225","chr4","69542729","69542954","0","460271"
"chr4","70019030","70019184","chr4","69561532","69561687","4","457498"
"chr4","70108057","70108362","chr4","69651539","69651845","4","456518"
"chr4","70180740","70181034","chr4","69726171","69726465","2","454569"
"chr4","70271492","70271778","chr8","101270435","101270729","43","30998943"
"chr4","70277146","70277360","chr4","69826572","69826786","0","450574"
"chr4","70389494","70389791","chr4","69939051","69939361","16","450443"
"chr4","70515292","70515595","chr4","70069381","70069686","5","445911"
"chr4","70578961","70579175","chr6","35199073","35199287","35","35379888"
"chr4","70640149","70640476","chr14","63774926","63775244","60","6865223"
"chr4","70660685","70660983","chr4","70215660","70215977","20","445025"
"chr4","70671230","70671424","chr9","76051540","76051737","42","5380310"
"chr4","70880832","70880912","chr14","100673591","100673682","24","29792759"
"chr4","71355466","71355750","chr4","70927442","70927726","1","428024"
"chr4","71917582","71917889","chr4","71505578","71505885","6","412004"
"chr4","72863951","72864206","chr4","72335779","72336035","8","528172"
"chr4","72990502","72990815","chr17","36965471","36965769","55","36025031"
"chr4","73044986","73045261","chr1","122939581","122939858","34","49894595"
"chr4","73055620","73055815","chrX","16891517","16891711","27","56164103"
"chr4","73577876","73578178","chr4","73054526","73054822","8","523350"
"chr4","73578497","73578666","chr3","97964154","97964331","46","24385657"
"chr4","73590134","73590232","chr12","12586014","12586108","11","61004120"
"chr4","73607932","73608240","chr4","73085613","73085917","6","522319"
"chr4","73612038","73612144","chr11","6110379","6110485","14","67501659"
"chr4","73613156","73613433","chr4","73091347","73091612","14","521809"
"chr4","73657562","73657689","chr5","172392908","172393028","32","98735346"
"chr4","73674869","73675163","chr4","73156748","73157047","12","518121"
"chr4","73677312","73677405","chr16","67306272","67306358","25","6371040"
"chr4","73689018","73689306","chr7","131721152","131721444","36","58032134"
"chr4","73701252","73701518","chr4","73184066","73184332","4","517186"
"chr4","73703371","73703533","chr4","73186170","73186349","18","517201"
"chr4","73717709","73717846","chr8","107433929","107434080","30","33716220"
"chr4","73739724","73739852","chr5","172392908","172393028","39","98653184"
"chr4","73740911","73741222","chr4","73225223","73225534","5","515688"
"chr4","73762917","73763171","chrX","24382741","24383007","42","49380176"
"chr4","73815443","73815737","chr3","164995906","164996204","47","91180463"
"chr4","73827941","73828233","chr4","73320623","73320915","2","507318"
"chr4","73852683","73853003","chr4","73345641","73345966","9","507042"
"chr4","73913711","73913810","chr1","160944586","160944680","20","87030875"
"chr4","73928464","73928641","chr20","45549956","45550123","32","28378508"
"chr4","73932360","73932666","chr4","73425706","73426012","1","506654"
"chr4","74022268","74022521","chr4","73516574","73516831","7","505694"
"chr4","74044424","74044728","chr4","73538779","73539085","6","505645"
"chr4","74097285","74097582","chr5","135031025","135031320","53","60933740"
"chr4","74120360","74120649","chr4","73613204","73613493","0","507156"
"chr4","74154853","74154963","chr2B","210790127","210790232","21","136635274"
"chr4","74228142","74228313","chr18","16129447","16129614","24","58098695"
"chr4","74230451","74230747","chr4","73725780","73726078","4","504671"
"chr4","74242718","74243025","chr4","73738038","73738353","14","504680"
"chr4","74282286","74282492","chr6","103108822","103109043","46","28826536"
"chr4","74397287","74397566","chr4","73894034","73894314","5","503253"
"chr4","74409006","74409174","chr13","100730343","100730510","31","26321337"
"chr4","74409368","74409378","chr1","28547144","28547162","9","45862224"
"chr4","74484679","74484982","chr10","119148424","119148729","39","44663745"
"chr4","74511014","74511326","chr4","74011145","74011457","4","499869"
"chr4","74584209","74584287","chr14","100673591","100673682","26","26089382"
"chr4","74599291","74599457","chr4","74099599","74099769","6","499692"
"chr4","74634495","74634801","chr4","74134850","74135156","3","499645"
"chr4","74673271","74673398","chr2B","207026815","207026935","30","132353544"
"chr4","74745097","74745400","chr4","74244503","74244812","8","500594"
"chr4","74965378","74965472","chr8","46091691","46091777","18","28873687"
"chr4","75074256","75074557","chr4","74582759","74583063","5","491497"
"chr4","75138276","75138575","chr4","74647838","74648141","6","490438"
"chr4","75141215","75141323","chr2B","210790127","210790232","26","135648912"
"chr4","75144803","75144881","chr14","100673591","100673682","24","25528788"
"chr4","75231739","75231819","chr8","46091691","46091777","28","29140048"
"chr4","75653263","75653446","chr2A","48153883","48154060","32","27499380"
"chr4","75892039","75892351","chr4","75423270","75423575","11","468769"
"chr4","76030627","76030792","chr15","72271407","72271574","21","3759220"
"chr4","76263348","76263655","chr4","75796392","75796699","1","466956"
"chr4","76299519","76299626","chr6","159074849","159074952","19","82775330"
"chr4","76309723","76310024","chr4","75844610","75844920","11","465113"
"chr4","76316940","76317244","chr4","75851823","75852131","5","465117"
"chr4","76325260","76325592","chr4","75860308","75860615","27","464952"
"chr4","76329058","76329387","chrX","43814540","43814832","73","32514518"
"chr4","76331215","76331337","chr4","75866238","75866360","0","464977"
"chr4","76427997","76428126","chr4","75964418","75964542","5","463579"
"chr4","76517975","76518279","chr4","76054106","76054410","2","463869"
"chr4","76588420","76588723","chr4","76124898","76125201","0","463522"
"chr4","76669579","76669862","chr1","53676918","53677203","30","22992661"
"chr4","76688102","76688191","chr3","181238196","181238292","23","104550094"
"chr4","76717769","76718074","chr4","76252669","76252975","2","465100"
"chr4","76862063","76862351","chr4","76397725","76398016","3","464338"
"chr4","77032946","77033249","chr4","76563558","76563861","3","469388"
"chr4","77314452","77314766","chr9","128016688","128017005","77","50702236"
"chr4","77723878","77723942","chr7","70681514","70681568","19","7042364"
"chr4","77760675","77760883","chrX","155111235","155111439","36","77350560"
"chr4","77814628","77814934","chr4","77346082","77346390","6","468546"
"chr4","77845794","77845925","chr4","77377324","77377455","0","468470"
"chr4","77872539","77872838","chr4","77405007","77405307","5","467532"
"chr4","77924698","77924987","chr4","77454508","77454800","5","470190"
"chr4","77969534","77969690","chr14","49207210","49207370","34","28762324"
"chr4","78591108","78591402","chr4","78129162","78129454","3","461946"
"chr4","83904077","83904191","chr2A","62538961","62539069","23","21365116"
"chr4","83955993","83956295","chr4","83109013","83109315","3","846980"
"chr4","84039298","84039556","chr4","83196139","83196398","2","843159"
"chr4","84068140","84068437","chr4","83226000","83226297","0","842140"
"chr4","84071127","84071429","chr14","73052967","73053266","35","11018160"
"chr4","84071778","84071862","chr14","100673591","100673682","30","16601813"
"chr4","84072275","84072533","chr4","83230147","83230417","15","842128"
"chr4","84108688","84108987","chr4","83267352","83267650","3","841336"
"chr4","84123216","84123340","chr4","51557575","51557711","28","32565641"
"chr4","84161937","84162246","chr4","83320864","83321173","1","841073"
"chr4","84265868","84265967","chr6","159074849","159074952","15","74808981"
"chr4","84532581","84532690","chr2B","199271339","199271453","23","114738758"
"chr4","84584326","84584621","chr4","83739494","83739789","0","844832"
"chr4","84673215","84673301","chr14","100673591","100673682","18","16000376"
"chr4","84676648","84676949","chr4","83830702","83830993","11","845946"
"chr4","84726573","84726737","chrX","155592584","155592742","24","70866011"
"chr4","84815303","84815607","chr4","83970006","83970311","5","845297"
"chr4","84869541","84869816","chr4","84024021","84024316","22","845520"
"chr4","84989440","84989605","chr4","84146256","84146422","1","843184"
"chr4","84998132","84998236","chr3","181143385","181143493","27","96145253"
"chr4","85021547","85021854","chr4","84178325","84178635","3","843222"
"chr4","85071529","85071829","chr4","84228380","84228692","14","843149"
"chr4","85165751","85166038","chr3","46861662","46861957","43","38304089"
"chr4","85235106","85235198","chr8","46091691","46091777","20","39143415"
"chr4","85272576","85272745","chr4","84436593","84436763","5","835983"
"chr4","85363819","85364127","chr8","125462497","125462805","42","40098678"
"chr4","85367263","85367549","chr9","68279069","68279355","53","17088194"
"chr4","85555822","85555912","chr3","181238196","181238292","26","95682374"
"chr4","85775921","85776018","chr4","84946054","84946151","0","829867"
"chr4","85776173","85776353","chr4","84946316","84946498","18","829857"
"chr4","85818668","85818975","chr2B","207282569","207282873","38","121463901"
"chr4","85873731","85874034","chr4","85048435","85048744","7","825296"
"chr4","85884558","85884863","chr4","85059333","85059635","3","825225"
"chr4","85978079","85978394","chr4","85152848","85153160","6","825231"
"chr4","86005205","86005501","chr10","102142387","102142683","68","16137182"
"chr4","86151518","86151810","chr4","85330656","85330960","13","820862"
"chr4","86151952","86152072","chr5","172392908","172393028","17","86240956"
"chr4","86154881","86155157","chr4","85333941","85334217","0","820940"
"chr4","86662435","86662608","chr4","85851407","85851585","7","811028"
"chr4","86852790","86852962","chr4","86047662","86047834","1","805128"
"chr4","87033317","87033649","chr8","28940270","28940578","73","58093047"
"chr4","87126472","87126764","chr4","86325102","86325402","9","801370"
"chr4","87266561","87266866","chr4","86466667","86466973","1","799894"
"chr4","87701899","87702205","chr4","86907424","86907730","2","794475"
"chr4","87759611","87759904","chr4","86966509","86966802","0","793102"
"chr4","87806229","87806537","chr4","87013171","87013479","2","793058"
"chr4","88180251","88180544","chr4","87380271","87380575","15","799980"
"chr4","88621615","88621927","chr4","87835619","87835930","6","785996"
"chr4","88653554","88653676","chr4","87867569","87867691","2","785985"
"chr4","88809196","88809524","chr21","12898518","12898834","66","75910678"
"chr4","88810421","88810621","chr4","88026372","88026577","7","784049"
"chr4","88882226","88882547","chr4","88100398","88100722","9","781828"
"chr4","89252660","89252952","chr4","88479874","88480166","10","772786"
"chr4","89743203","89743431","chr4","190580382","190580597","50","100837179"
"chr4","89777251","89777535","chr4","88999671","88999966","12","777580"
"chr4","89904043","89904293","chr8","38993636","38993884","49","50910407"
"chr4","90026440","90026748","chr4","89254236","89254544","0","772204"
"chr4","90049783","90049858","chr18","13216633","13216692","25","76833150"
"chr4","90068083","90068242","chr2A","33127638","33127799","34","56940445"
"chr4","90149617","90149667","chr16","21601017","21601061","15","68548600"
"chr4","90188399","90188529","chrUn_GL394737","20401","20541","22","90167998"
"chr4","90262521","90262750","chr4","89493997","89494226","0","768524"
"chr4","90335362","90335657","chr4","89568077","89568377","5","767285"
"chr4","90408077","90408373","chr4","89645024","89645322","3","763053"
"chr4","90449122","90449428","chr4","89687227","89687532","3","761895"
"chr4","90468824","90469113","chr4","89707111","89707405","8","761713"
"chr4","90591931","90592231","chr7","153704928","153705226","32","63112997"
"chr4","90663505","90663786","chr4","89902633","89902914","2","760872"
"chr4","90802750","90803042","chr4","90045062","90045354","1","757688"
"chr4","91079538","91079827","chr4","90321933","90322222","1","757605"
"chr4","91092975","91093319","chr6","102859307","102859655","64","11766332"
"chr4","91120014","91120313","chr4","90362713","90363011","2","757301"
"chr4","91124679","91124987","chr4","90367390","90367698","2","757289"
"chr4","91223269","91223364","chr14","100673591","100673682","20","9450322"
"chr4","91247101","91247306","chr12","6865642","6865839","42","84381459"
"chr4","91491001","91491292","chr3","173983076","173983369","50","82492075"
"chr4","91516091","91516383","chr4","90765881","90766176","4","750210"
"chr4","91591911","91592096","chr3","145547243","145547422","32","53955332"
"chr4","91606655","91606929","chr4","90856986","90857260","0","749669"
"chr4","91861994","91862285","chr13","81091008","81091295","34","10770986"
"chr4","91925100","91925185","chr8","46091691","46091777","13","45833409"
"chr4","91972212","91972508","chr4","91223619","91223917","3","748593"
"chr4","92271199","92271512","chr6","7393843","7394147","60","84877356"
"chr4","92490431","92490535","chr20","16652596","16652702","22","75837835"
"chr4","92540919","92541216","chr4","91805689","91805990","11","735230"
"chr4","92570523","92570817","chr4","91835339","91835634","5","735184"
"chr4","92619794","92620101","chr4","91888191","91888497","6","731603"
"chr4","92654153","92654444","chr4","91922551","91922844","3","731602"
"chr4","92786569","92786895","chr4","92060986","92061318","6","725583"
"chr4","93092043","93092338","chr4","92365830","92366124","2","726213"
"chr4","93378825","93379112","chr11","47510695","47510987","32","45868130"
"chr4","93414633","93414945","chr4","92693032","92693344","9","721601"
"chr4","93478074","93478365","chr18","53824710","53825000","40","39653364"
"chr4","93484393","93484594","chr4","92764199","92764403","6","720194"
"chr4","93524641","93524947","chr4","92805269","92805578","6","719372"
"chr4","93570645","93570903","chr4","92850254","92850512","0","720391"
"chr4","93668004","93668290","chr4","92949567","92949858","7","718437"
"chr4","93894784","93895094","chr16","5613497","5613803","54","88281287"
"chr4","93980505","93980801","chr4","93261093","93261389","0","719412"
"chr4","94837334","94837618","chr3","101661912","101662195","37","6824578"
"chr4","94984121","94984405","chr12","120642476","120642758","57","25658355"
"chr4","95077163","95077483","chr4","94360864","94361185","4","716299"
"chr4","95564782","95565064","chr4","94849521","94849815","12","715261"
"chr4","95662423","95662677","chr4","94951203","94951457","0","711220"
"chr4","95880552","95880831","chr22","43143911","43144188","40","52736641"
"chr4","95911420","95911724","chr4","95202942","95203247","4","708478"
"chr4","95942710","95942858","chr4","95234839","95234987","0","707871"
"chr4","96118581","96118884","chr4","95415908","95416214","5","702673"
"chr4","96141514","96141812","chr4","95438882","95439180","1","702632"
"chr4","96172647","96172966","chr9","87168130","87168439","66","9004517"
"chr4","96206882","96207185","chr4","95506278","95506585","11","700604"
"chr4","96261598","96261857","chr4","95562172","95562433","2","699426"
"chr4","96555930","96556239","chr4","95856326","95856634","10","699604"
"chr4","96813637","96813937","chr4","96117528","96117832","9","696109"
"chr4","96887989","96888254","chr4","96199299","96199531","33","688690"
"chr4","96932109","96932413","chr4","96243854","96244160","3","688255"
"chr4","96998474","96998588","chr20","16652596","16652702","21","80345878"
"chr4","97002122","97002403","chr4","96314663","96314972","28","687459"
"chr4","97090647","97090902","chr4","96404319","96404582","8","686328"
"chr4","97132145","97132254","chr2B","205936995","205937106","20","108804850"
"chr4","97205864","97206162","chr4","96523115","96523415","6","682749"
"chr4","97231404","97231699","chr4","96549334","96549629","2","682070"
"chr4","97239397","97239687","chr4","96557346","96557637","2","682051"
"chr4","97257336","97257476","chrX","142408571","142408709","20","45151235"
"chr4","97280002","97280301","chr4","96596778","96597080","5","683224"
"chr4","97315659","97315967","chr5","148795625","148795929","67","51479966"
"chr4","97496643","97496904","chrX","97029169","97029434","32","467474"
"chr4","97500139","97500439","chr4","96818842","96819148","9","681297"
"chr4","97527942","97528160","chr4","96852781","96853002","4","675161"
"chr4","97529493","97529809","chr17","15618737","15619050","54","81910756"
"chr4","97583969","97584097","chr17","69719410","69719548","19","27864559"
"chr4","97646080","97646381","chr4","96973925","96974217","15","672155"
"chr4","97747605","97747709","chr22","33938435","33938535","18","63809170"
"chr4","97787060","97787351","chrX","13630415","13630712","39","84156645"
"chr4","97853707","97854024","chr11","96078185","96078501","45","1775522"
"chr4","97879431","97879514","chr11","8774884","8774956","18","89104547"
"chr4","97898861","97899162","chr7","132664706","132665004","40","34765845"
"chr4","97902155","97902362","chr8","132541154","132541365","30","34638999"
"chr4","98042689","98042777","chrX","41447278","41447366","12","56595411"
"chr4","98042800","98043056","chrX","1534216","1534474","29","96508584"
"chr4","99443370","99443630","chr4","98793444","98793704","0","649926"
"chr4","99612927","99613078","chrX","54148377","54148526","18","45464550"
"chr4","99748266","99748552","chr4","99102593","99102876","5","645673"
"chr4","99991093","99991382","chr14","49511369","49511659","42","50479724"
"chr4","100234970","100235262","chr4","99593164","99593456","0","641806"
"chr4","100249092","100249400","chr4","99605054","99605362","4","644038"
"chr4","100641092","100641302","chr19","46026086","46026292","44","54615006"
"chr4","101275869","101276180","chr4","100643786","100644097","3","632083"
"chr4","101286892","101287198","chr4","100654826","100655131","4","632066"
"chr4","101296571","101296869","chr5","1786858","1787165","47","99509713"
"chr4","101315546","101315846","chr4","100683862","100684162","0","631684"
"chr4","101334374","101334434","chr4","100702878","100702934","4","631496"
"chr4","101398048","101398146","chr3","181238196","181238292","20","79840148"
"chr4","101398861","101399166","chr4","100768222","100768520","15","630639"
"chr4","101415744","101416030","chr4","100785053","100785348","10","630691"
"chr4","101440000","101440125","chr8","26723415","26723536","26","74716585"
"chr4","101526650","101526943","chr4","100896519","100896814","6","630131"
"chr4","101615524","101615822","chr4","100989542","100989842","4","625982"
"chr4","101637094","101637185","chr14","100673591","100673682","17","963503"
"chr4","101752693","101752991","chr4","101128460","101128758","0","624233"
"chr4","101851233","101851499","chr4","101226295","101226561","0","624938"
"chr4","101896921","101897220","chr9","804615","804914","46","101092306"
"chr4","101936165","101936457","chr4","101312116","101312412","4","624049"
"chr4","101976866","101976997","chr17","11959483","11959618","22","90017383"
"chr4","101986610","101986689","chr3","46579108","46579189","7","55407502"
"chr4","102047471","102047617","chr4","124694263","124694406","30","22646792"
"chr4","102062180","102062477","chr17","4905304","4905600","32","97156876"
"chr4","102063889","102064194","chr4","101445018","101445309","14","618871"
"chr4","102116334","102116648","chr12","109541372","109541675","53","7425038"
"chr4","102145809","102146100","chr4","101527953","101528244","0","617856"
"chr4","102605864","102606157","chr4","101995844","101996138","1","610020"
"chr4","102827063","102827342","chr6","139604733","139605014","37","36777670"
"chr4","102857102","102857405","chr8","71228918","71229217","34","31628184"
"chr4","103027767","103028079","chr9","87168130","87168439","37","15859637"
"chr4","103332940","103333252","chr4","102739926","102740239","5","593014"
"chr4","103632430","103632726","chr4","103038896","103039203","15","593534"
"chr4","103655171","103655477","chr5","113947101","113947407","41","10291930"
"chr4","104473783","104474076","chr4","103906775","103907068","1","567008"
"chr4","104545517","104545832","chr4","103980824","103981151","12","564693"
"chr4","104647881","104648180","chr4","104084700","104084995","5","563181"
"chr4","104748822","104749098","chr4","104188156","104188433","1","560666"
"chr4","104935032","104935343","chr4","104377130","104377434","10","557902"
"chr4","105203992","105204295","chr2A","63086723","63087016","44","42117269"
"chr4","105253572","105253871","chr4","104702533","104702834","10","551039"
"chr4","105298822","105298945","chr5","172392908","172393028","31","67094086"
"chr4","105301401","105301709","chr4","104750570","104750878","7","550831"
"chr4","105861209","105861328","chr4","105320099","105320221","10","541110"
"chr4","105876366","105876669","chr4","105336305","105336608","3","540061"
"chr4","105890403","105890711","chr11","131031868","131032166","57","25141465"
"chr4","105958005","105958297","chr4","105420793","105421085","2","537212"
"chr4","105968638","105968939","chr4","105431454","105431755","1","537184"
"chr4","105972104","105972407","chr4","105434920","105435223","0","537184"
"chr4","106020114","106020344","chrUn_GL393527","67520","67762","21","105952594"
"chr4","106119591","106119887","chr4","105588151","105588454","9","531440"
"chr4","106316048","106316341","chr4","105790518","105790811","0","525530"
"chr4","106343806","106343959","chr16","73743066","73743197","44","32600740"
"chr4","106572567","106572879","chr4","106057417","106057731","6","515150"
"chr4","106670821","106671058","chr4","106153928","106154165","2","516893"
"chr4","106683982","106684282","chr4","106167853","106168156","5","516129"
"chr4","107221673","107221981","chr4","106708906","106709214","0","512767"
"chr4","107266592","107266850","chr6","16801435","16801691","43","90465157"
"chr4","107773356","107773648","chr10","67712506","67712797","43","40060850"
"chr4","107927997","107928162","chr4","28030717","28030863","55","79897280"
"chr4","108092372","108092664","chr2B","169120539","169120832","42","61028167"
"chr4","108180448","108180574","chr5","172392908","172393028","22","64212460"
"chr4","108193812","108194113","chr4","107684830","107685125","9","508982"
"chr4","108221737","108221795","chr7","80951699","80951753","11","27270038"
"chr4","108221798","108221922","chr2B","207026815","207026935","28","98805017"
"chr4","108251870","108252172","chr4","107742841","107743146","4","509029"
"chr4","108361558","108361855","chr4","107852753","107853050","2","508805"
"chr4","108561673","108561844","chr1","82340074","82340246","30","26221599"
"chr4","108574303","108574590","chr4","108070332","108070621","3","503971"
"chr4","108652606","108652903","chr4","108148593","108148896","6","504013"
"chr4","108660208","108660510","chr4","108156230","108156534","5","503978"
"chr4","108875845","108876053","chr4","108374288","108374500","5","501557"
"chr4","108919459","108919766","chr4","108417928","108418237","4","501531"
"chr4","109070505","109070781","chr4","108570120","108570399","6","500385"
"chr4","109376000","109376270","chr4","108875769","108876039","2","500231"
"chr4","109382061","109382214","chr4","108881836","108881991","2","500225"
"chr4","109382218","109382307","chr10","27537090","27537181","13","81845128"
"chr4","109397002","109397287","chr4","108896932","108897226","12","500070"
"chr4","109430194","109430355","chr4","108930460","108930622","2","499734"
"chr4","109463487","109463758","chr4","108967317","108967588","1","496170"
"chr4","109657762","109657913","chr18","71387731","71387881","23","38270031"
"chr4","110174122","110174214","chr1","61624685","61624775","15","48549437"
"chr4","110217171","110217316","chr16","73743066","73743197","39","36474105"
"chr4","110301018","110301335","chr4","109819788","109820105","5","481230"
"chr4","110757419","110757530","chr2B","199271339","199271453","25","88513920"
"chr4","110791188","110791387","chr3","126251588","126251789","28","15460400"
"chr4","110853327","110853630","chr19","12387893","12388192","49","98465434"
"chr4","110898831","110899141","chr4","110423701","110424009","7","475130"
"chr4","110921957","110922251","chr4","110446954","110447253","7","475003"
"chr4","111114425","111114720","chr4","110639257","110639556","6","475168"
"chr4","111115451","111115754","chr14","20392001","20392306","33","90723450"
"chr4","111135417","111135724","chr4","110660580","110660887","1","474837"
"chr4","111147212","111147504","chr2A","24650015","24650306","34","86497197"
"chr4","111167360","111167655","chr4","110693482","110693772","5","473878"
"chr4","111315206","111315499","chr4","121935616","121935911","36","10620410"
"chr4","111565530","111565818","chr4","111097681","111097971","3","467849"
"chr4","111644084","111644364","chr4","111179552","111179835","3","464532"
"chr4","111668553","111668796","chr4","111204495","111204737","2","464058"
"chr4","111672828","111672992","chr17","61672968","61673133","35","49999860"
"chr4","111690323","111690611","chr4","111227561","111227848","3","462762"
"chr4","111726307","111726602","chr12","12966475","12966767","45","98759832"
"chr4","111732531","111732861","chr4","111269787","111270115","6","462744"
"chr4","111792131","111792266","chr8","26723415","26723536","35","85068716"
"chr4","111798253","111798557","chr4","111335553","111335859","5","462700"
"chr4","111820823","111821019","chr4","111358134","111358330","1","462689"
"chr4","111829907","111830197","chr4","111366917","111367207","1","462990"
"chr4","111848482","111848750","chr4","111386252","111386537","27","462230"
"chr4","111863786","111864075","chr4","111401601","111401909","21","462185"
"chr4","112144637","112144911","chr4","111685613","111685889","2","459024"
"chr4","112356677","112356942","chr4","111902630","111902903","10","454047"
"chr4","112423134","112423437","chr4","59255624","59255928","38","53167510"
"chr4","112453873","112454164","chr4","112001077","112001369","3","452796"
"chr4","112521165","112521376","chr4","112070872","112071083","0","450293"
"chr4","112598687","112598997","chr4","112149357","112149670","4","449330"
"chr4","112695961","112696094","chr5","172392908","172393028","30","59696947"
"chr4","112709795","112709922","chr3","126157086","126157216","13","13447291"
"chr4","112719217","112719521","chr4","112273358","112273666","5","445859"
"chr4","112723032","112723324","chr4","112277184","112277476","6","445848"
"chr4","112798462","112798765","chr4","112353829","112354132","0","444633"
"chr4","112834563","112834656","chr1","26647515","26647606","13","86187048"
"chr4","113024702","113024923","chr4","112583147","112583380","14","441555"
"chr4","113124938","113125209","chr4","112685404","112685683","10","439534"
"chr4","113156811","113157099","chr3","188317272","188317569","43","75160461"
"chr4","113203370","113203422","chr17","532419","532468","16","112670951"
"chr4","113227685","113227845","chr4","112788555","112788715","0","439130"
"chr4","113266507","113266765","chr4","112830617","112830875","1","435890"
"chr4","113270388","113270686","chr4","112834501","112834801","3","435887"
"chr4","113307907","113308011","chr3","181238196","181238292","27","67930289"
"chr4","113316484","113316614","chr2A","32693701","32693835","26","80622783"
"chr4","113328268","113328420","chr15","51682365","51682515","30","61645903"
"chr4","113378256","113378559","chr4","112942652","112942976","22","435604"
"chr4","113429432","113429485","chr8","90198877","90198926","14","23230555"
"chr4","113516646","113516922","chr4","113075638","113075919","7","441008"
"chr4","113950457","113950575","chr9","69573837","69573962","30","44376620"
"chr4","113993544","113993840","chr4","113557809","113558117","13","435735"
"chr4","114310673","114310896","chr1","139901008","139901239","9","25590335"
"chr4","114335339","114335480","chr4","113902899","113903048","11","432440"
"chr4","114358805","114358974","chr3","67970036","67970212","43","46388769"
"chr4","114657392","114657443","chrX","5475677","5475729","12","109181715"
"chr4","114704236","114704362","chr4","114275744","114275870","0","428492"
"chr4","114765232","114765527","chr22","29981224","29981520","43","84784008"
"chr4","114931212","114931509","chr4","114502422","114502702","29","428790"
"chr4","114972376","114972642","chr4","114543623","114543889","2","428753"
"chr4","115012603","115012913","chrX","146385775","146386082","36","31373172"
"chr4","115073497","115073624","chr2B","207026815","207026935","31","91953318"
"chr4","115104969","115105265","chr17","18238677","18238974","28","96866292"
"chr4","115339178","115339275","chr22","33938435","33938535","16","81400743"
"chr4","115458038","115458339","chr4","115034013","115034314","4","424025"
"chr4","115682846","115682943","chr14","100673591","100673682","23","15009255"
"chr4","115699605","115699876","chr4","115282783","115283055","2","416822"
"chr4","115722708","115722986","chr4","115306174","115306452","3","416534"
"chr4","115723091","115723260","chr6","21716561","21716700","50","94006530"
"chr4","115723574","115723742","chr19","59940840","59941010","23","55782734"
"chr4","115752938","115753132","chr17","49741936","49742127","31","66011002"
"chr4","115753133","115753391","chr7","64439781","64440039","51","51313352"
"chr4","115753392","115753523","chr3","152926928","152927058","18","37173536"
"chr4","115769740","115769847","chr11","20358123","20358224","22","95411617"
"chr4","115781045","115781345","chr4","115367634","115367940","6","413411"
"chr4","115792478","115792786","chr1","33202253","33202559","43","82590225"
"chr4","115795722","115796027","chr4","115383057","115383359","5","412665"
"chr4","115799969","115800265","chr4","115387294","115387591","4","412675"
"chr4","115800277","115800541","chr4","115387603","115387868","2","412674"
"chr4","115803191","115803388","chr8","130835330","130835534","42","15032139"
"chr4","115803415","115803671","chr4","115390805","115391057","7","412610"
"chr4","115806187","115806333","chr9","112064180","112064330","26","3742007"
"chr4","115834849","115835126","chr17","19625348","19625628","43","96209501"
"chr4","115872069","115872373","chr4","115460494","115460800","6","411575"
"chr4","115933252","115933547","chr4","115522013","115522315","11","411239"
"chr4","115940152","115940454","chr21","15163341","15163642","26","100776811"
"chr4","115993126","115993421","chr4","115582210","115582508","4","410916"
"chr4","116112634","116112820","chr3","101762288","101762455","44","14350346"
"chr4","116192436","116192725","chr4","115782655","115782944","2","409781"
"chr4","116286156","116286272","chr5","172392908","172393028","29","56106752"
"chr4","116294167","116294304","chr4","115885085","115885224","2","409082"
"chr4","116294818","116295122","chr4","115885737","115886047","10","409081"
"chr4","116384782","116385063","chr4","116004797","116005078","2","379985"
"chr4","116675231","116675550","chr4","116295669","116295992","4","379562"
"chr4","116805958","116806255","chr4","116422157","116422461","10","383801"
"chr4","116849385","116849548","chr4","116465175","116465340","7","384210"
"chr4","116858857","116859163","chr4","116474649","116474956","4","384208"
"chr4","117136150","117136434","chr8","26766421","26766701","41","90369729"
"chr4","117319883","117319984","chr2B","142240066","142240170","32","24920183"
"chr4","117320014","117320043","chr12","8241499","8241528","9","109078515"
"chr4","117382696","117382950","chr4","117000474","117000728","2","382222"
"chr4","117478871","117478983","chr2B","199271339","199271453","21","81792468"
"chr4","117514194","117514507","chr4","117132623","117132923","13","381571"
"chr4","118088857","118089141","chr15","96900737","96901020","41","21188120"
"chr4","118219239","118219456","chr4","117846704","117846928","8","372535"
"chr4","118237457","118237575","chr5","172392908","172393028","23","54155451"
"chr4","118542588","118542897","chr4","118173400","118173711","6","369188"
"chr4","118606962","118607267","chr4","118238546","118238854","5","368416"
"chr4","118627335","118627627","chr17","73696545","73696838","32","44930790"
"chr4","118766281","118766585","chr4","118396909","118397214","2","369372"
"chr4","119027782","119028074","chr4","118660042","118660341","10","367740"
"chr4","119413347","119413657","chr4","119050284","119050596","3","363063"
"chr4","119785943","119786236","chrX","135074284","135074573","37","15288341"
"chr4","119871624","119871717","chr9","80389825","80389922","18","39481799"
"chr4","119900582","119900737","chr4","95234839","95234987","32","24665743"
"chr4","120034827","120035133","chr4","119681607","119681916","5","353220"
"chr4","120306694","120306857","chr19","12415182","12415357","33","107891512"
"chr4","120317182","120317473","chr4","119973229","119973522","4","343953"
"chr4","120380795","120381079","chr4","120043771","120044055","1","337024"
"chr4","120386378","120386684","chr4","120049357","120049663","2","337021"
"chr4","120492574","120492866","chr4","120153379","120153683","13","339195"
"chr4","120527726","120527817","chr3","27665315","27665404","19","92862411"
"chr4","120603973","120604179","chr4","120264910","120265098","18","339063"
"chr4","120751673","120751951","chr4","120422889","120423209","44","328784"
"chr4","120856699","120856902","chr12","129753804","129754009","34","8897105"
"chr4","121009273","121009570","chr1","77893853","77894144","56","43115420"
"chr4","121170721","121171043","chr4","120839856","120840179","3","330865"
"chr4","121299639","121299775","chr4","120968007","120968143","1","331632"
"chr4","121447680","121447819","chr12","15331163","15331311","29","106116517"
"chr4","121464131","121464426","chr4","121135188","121135482","4","328943"
"chr4","121790239","121790355","chr3","181143385","181143493","26","59353146"
"chr4","121939838","121940008","chr4","121618840","121619010","2","320998"
"chr4","121958637","121958784","chr4","121638198","121638343","3","320439"
"chr4","122076245","122076464","chr4","121756359","121756578","2","319886"
"chr4","122854359","122854650","chr4","121935616","121935911","5","918743"
"chr4","123236285","123236580","chr4","122318959","122319254","4","917326"
"chr4","123323471","123323768","chr4","122411484","122411780","3","911987"
"chr4","123368088","123368249","chr14","45477031","45477191","20","77891057"
"chr4","123433166","123433471","chr17","27047849","27048151","40","96385317"
"chr4","123917610","123917906","chr4","123011042","123011338","2","906568"
"chr4","124051105","124051188","chr8","46091691","46091777","20","77959414"
"chr4","124139743","124140036","chr18","27229273","27229564","38","96910470"
"chr4","124324568","124324880","chr4","123423700","123424016","4","900868"
"chr4","124499589","124499885","chr4","123605390","123605686","2","894199"
"chr4","124505061","124505331","chr4","123610859","123611130","1","894202"
"chr4","124712016","124712316","chr4","123821803","123822074","31","890213"
"chr4","124747812","124748120","chr4","123858907","123859214","2","888905"
"chr4","125047444","125047740","chr4","124171693","124171992","12","875751"
"chr4","125164065","125164369","chr4","124291183","124291488","2","872882"
"chr4","125275372","125275460","chr3","181238196","181238292","24","55962824"
"chr4","125562172","125562314","chr4","124694263","124694406","2","867909"
"chr4","125862453","125862537","chr3","27665315","27665404","24","98197138"
"chr4","126131771","126132077","chr11","109891460","109891759","39","16240311"
"chr4","126261291","126261528","chr3","36295297","36295521","38","89965994"
"chr4","126338201","126338413","chr4","125477459","125477672","1","860742"
"chr4","126481086","126481375","chr4","125621056","125621350","7","860030"
"chr4","126514971","126515268","chr4","125655038","125655335","1","859933"
"chr4","126624038","126624260","chr8","71775441","71775659","33","54848597"
"chr4","126632150","126632277","chr2B","199271339","199271453","29","72639189"
"chr4","126728099","126728196","chr14","100673591","100673682","26","26054508"
"chr4","126759010","126759293","chr4","125900557","125900840","1","858453"
"chr4","126762035","126762158","chr5","5624013","5624130","32","121138022"
"chr4","126876164","126876470","chr4","126018271","126018577","2","857893"
"chr4","126905485","126905784","chr17","7198653","7198951","28","119706832"
"chr4","126969981","126970289","chr4","126113210","126113531","15","856771"
"chr4","127087935","127088235","chr4","126234495","126234795","1","853440"
"chr4","127209958","127210274","chr4","126360100","126360414","2","849858"
"chr4","127235001","127235119","chr4","126384727","126384845","0","850274"
"chr4","127460591","127460894","chr4","126610723","126611030","4","849868"
"chr4","127525621","127525922","chr4","126676684","126676990","7","848937"
"chr4","127707201","127707509","chr4","126860487","126860797","4","846714"
"chr4","127779267","127779404","chr2A","87901314","87901467","35","39877953"
"chr4","128489580","128489883","chr4","127652247","127652550","2","837333"
"chr4","128587071","128587160","chr14","100673591","100673682","22","27913480"
"chr4","128623258","128623524","chr4","127786268","127786534","0","836990"
"chr4","128624432","128624729","chr4","127787443","127787742","2","836989"
"chr4","129095095","129095388","chr4","128264613","128264917","13","830482"
"chr4","129164408","129164705","chr4","128341598","128341895","2","822810"
"chr4","129189650","129189956","chr4","128377971","128378276","1","811679"
"chr4","129917435","129917741","chr4","129109184","129109494","9","808251"
"chr4","130300157","130300407","chr4","129325848","129326097","5","974309"
"chr4","130510993","130511255","chr1","214807589","214807846","48","84296596"
"chr4","131308540","131308750","chr4","130338232","130338442","1","970308"
"chr4","131311005","131311207","chr4","130340717","130340916","10","970288"
"chr4","131386087","131386391","chr4","130413683","130413988","7","972404"
"chr4","131389222","131389498","chr4","130416876","130417152","1","972346"
"chr4","131457743","131458048","chr4","130487246","130487551","1","970497"
"chr4","131509915","131510205","chr4","130541885","130542183","10","968030"
"chr4","131514973","131515273","chr4","130547535","130547834","6","967438"
"chr4","131527198","131527299","chr12","3884361","3884460","18","127642837"
"chr4","131539508","131539790","chr6","33920030","33920307","48","97619478"
"chr4","131568976","131569294","chrX","26950821","26951106","74","104618155"
"chr4","131581200","131581497","chr4","130620941","130621241","7","960259"
"chr4","131598915","131599065","chr4","130639030","130639187","8","959885"
"chr4","131606807","131606893","chr16","29688141","29688220","19","101918666"
"chr4","131607450","131607595","chr1","213430388","213430540","34","81822938"
"chr4","131620250","131620374","chr5","172392908","172393028","31","40772658"
"chr4","131666046","131666136","chr1","160944586","160944680","16","29278540"
"chr4","131698662","131698969","chr4","130743131","130743441","11","955531"
"chr4","131772679","131772804","chr8","26723415","26723536","20","105049264"
"chr4","131829261","131829529","chrX","91747095","91747370","71","40082166"
"chr4","131971078","131971201","chr1","158024936","158025074","28","26053858"
"chr4","131977439","131977744","chr8","18616058","18616357","45","113361381"
"chr4","132069168","132069466","chr4","131123149","131123448","3","946019"
"chr4","132163361","132163627","chr4","131216862","131217128","0","946499"
"chr4","132169355","132169484","chr5","177191573","177191702","15","45022218"
"chr4","132205597","132205866","chr4","131259209","131259502","24","946388"
"chr4","132206422","132206734","chr4","131260060","131260373","19","946362"
"chr4","132222438","132222734","chr4","131277174","131277468","3","945264"
"chr4","132223921","132224134","chr4","131278699","131278912","1","945222"
"chr4","132226523","132226835","chr4","131281311","131281624","2","945212"
"chr4","132230916","132231021","chr20","16652596","16652702","23","115578320"
"chr4","132247596","132247759","chr7","100665257","100665418","33","31582339"
"chr4","132249652","132249834","chr8","118521420","118521603","37","13728232"
"chr4","132249850","132250057","chr4","131305847","131306054","1","944003"
"chr4","132274761","132275066","chr4","131331014","131331320","2","943747"
"chr4","132283613","132283768","chr4","131339868","131340023","0","943745"
"chr4","132298126","132298279","chr8","112933585","112933727","43","19364541"
"chr4","132314307","132314568","chr4","131370585","131370853","10","943722"
"chr4","132319999","132320301","chr4","131376274","131376574","3","943725"
"chr4","132338798","132339089","chr4","131395089","131395382","3","943709"
"chr4","132864959","132865264","chr4","131932644","131932950","3","932315"
"chr4","133020164","133020466","chr4","132088731","132089033","7","931433"
"chr4","133141574","133141825","chr4","132210328","132210579","4","931246"
"chr4","133373390","133373699","chr4","132449641","132449950","3","923749"
"chr4","133442530","133442812","chr21","23505431","23505710","37","109937099"
"chr4","133581530","133581832","chr4","132657508","132657811","2","924022"
"chr4","133908403","133908685","chr4","132988292","132988571","9","920111"
"chr4","134103617","134103714","chr12","12586014","12586108","23","121517603"
"chr4","134420550","134420864","chr4","133504445","133504760","5","916105"
"chr4","134432852","134433084","chr4","133516750","133516990","13","916102"
"chr4","134441237","134441401","chr4","133527260","133527428","5","913977"
"chr4","134465682","134465802","chr8","26723415","26723536","24","107742267"
"chr4","134639055","134639178","chr8","26723415","26723536","34","107915640"
"chr4","134874296","134874586","chr4","133866624","133866914","1","1007672"
"chr4","134933664","134933815","chr13","101595593","101595754","31","33338071"
"chr4","135580578","135580881","chrX","48498975","48499276","45","87081603"
"chr4","135761426","135761739","chr4","134798388","134798693","10","963038"
"chr4","135932049","135932354","chr4","134972319","134972624","3","959730"
"chr4","136245865","136246153","chr4","135289537","135289825","1","956328"
"chr4","136578920","136579222","chr4","135625518","135625821","1","953402"
"chr4","136667426","136667740","chr4","135713152","135713466","4","954274"
"chr4","136930543","136930863","chr7","72730854","72731163","62","64199689"
"chr4","137011046","137011356","chr4","136056315","136056623","4","954731"
"chr4","137135093","137135222","chr4","136181907","136182036","1","953186"
"chr4","137311473","137311768","chr1","15863019","15863311","53","121448454"
"chr4","137672913","137673056","chr1","11780192","11780341","28","125892721"
"chr4","137813589","137813714","chr5","139945451","139945585","22","2131862"
"chr4","138145400","138145689","chr4","137205341","137205630","2","940059"
"chr4","138206753","138206855","chr6","159074849","159074952","13","20868096"
"chr4","138694737","138695044","chr4","137759932","137760241","8","934805"
"chr4","138703960","138704276","chr4","137769172","137769496","11","934788"
"chr4","138878739","138879048","chr4","137942377","137942688","3","936362"
"chr4","138930265","138930561","chr4","137994441","137994734","4","935824"
"chr4","139021852","139021896","chr4","72880052","72880101","11","66141800"
"chr4","139139451","139139532","chr14","100673591","100673682","26","38465860"
"chr4","139215716","139216003","chr4","138235750","138236038","6","979966"
"chr4","139406736","139406802","chr3","175849490","175849560","18","36442754"
"chr4","139531310","139531421","chr9","91419734","91419861","27","48111576"
"chr4","139774834","139775130","chr4","138814331","138814628","2","960503"
"chr4","140374700","140375010","chr4","59255624","59255928","75","81119076"
"chr4","140431027","140431219","chrX","16891517","16891711","29","123539510"
"chr4","140611007","140611300","chr4","139618570","139618857","7","992437"
"chr4","140671275","140671546","chr16","25323968","25324245","79","115347307"
"chr4","140930154","140930445","chr4","139943224","139943519","7","986930"
"chr4","141040750","141041034","chr15","64758072","64758347","56","76282678"
"chr4","141081684","141081974","chr1","78316338","78316631","33","62765346"
"chr4","141233853","141234153","chr4","140250283","140250575","8","983570"
"chr4","141539265","141539548","chrX","151846218","151846503","42","10306953"
"chr4","141744176","141744423","chr4","140765661","140765908","0","978515"
"chr4","141785643","141785953","chr4","140808030","140808345","8","977613"
"chr4","141910607","141910903","chr4","140934206","140934503","2","976401"
"chr4","141967664","141967957","chr14","47911057","47911352","38","94056607"
"chr4","141977717","141977984","chr4","141001385","141001652","1","976332"
"chr4","142072351","142072657","chrX","120336190","120336494","38","21736161"
"chr4","142164294","142164597","chr4","141195667","141195970","0","968627"
"chr4","142239428","142239728","chr11","109891460","109891759","34","32347968"
"chr4","142296187","142296485","chr4","141330520","141330819","3","965667"
"chr4","142382020","142382323","chr4","141418456","141418766","10","963564"
"chr4","142507789","142508104","chr4","141555156","141555464","8","952633"
"chr4","142562850","142563159","chr4","141609401","141609710","2","953449"
"chr4","142588838","142589016","chr12","124308544","124308724","23","18280294"
"chr4","142598715","142599009","chr4","141645306","141645600","3","953409"
"chr4","142625654","142625953","chr4","141672561","141672867","9","953093"
"chr4","142628125","142628430","chr4","141675086","141675389","7","953039"
"chr4","142653194","142653503","chr4","141701555","141701863","1","951639"
"chr4","142655608","142655905","chr4","141703965","141704264","2","951643"
"chr4","142686068","142686347","chr4","141734619","141734898","1","951449"
"chr4","142686993","142687123","chr4","141735540","141735671","1","951453"
"chr4","142687124","142687358","chr4","141735672","141735908","2","951452"
"chr4","142747726","142748025","chr3","163584182","163584484","35","20836456"
"chr4","142786908","142787017","chr2B","199271339","199271453","28","56484431"
"chr4","142789383","142789676","chr19","16109243","16109531","61","126680140"
"chr4","142794850","142795150","chr4","141846893","141847191","3","947957"
"chr4","142877829","142878144","chr4","141932887","141933199","7","944942"
"chr4","142879529","142879831","chr4","141934893","141935195","4","944636"
"chr4","142891271","142891532","chr1","9082929","9083192","36","133808342"
"chr4","142898665","142898956","chr7","66849030","66849321","31","76049635"
"chr4","142899741","142900035","chr4","141955385","141955680","4","944356"
"chr4","142910709","142911018","chr1","16078582","16078887","37","126832127"
"chr4","142923856","142923949","chr14","100673591","100673682","24","42250265"
"chr4","142961048","142961349","chr4","142018100","142018401","2","942948"
"chr4","142966522","142966591","chr4","142025907","142025976","0","940615"
"chr4","142984877","142985040","chr5","165999577","165999740","34","23014700"
"chr4","143023360","143023653","chr4","142082948","142083242","1","940412"
"chr4","143129406","143129703","chr4","142190782","142191084","6","938624"
"chr4","143131583","143131680","chr3","181238196","181238292","21","38106613"
"chr4","143174122","143174420","chr4","142236869","142237174","9","937253"
"chr4","143185164","143185454","chr4","142248116","142248406","1","937048"
"chr4","143232048","143232369","chr3","87428914","87429220","52","55803134"
"chr4","143256969","143257278","chr4","142322384","142322685","11","934585"
"chr4","143475017","143475156","chr4","142545054","142545193","0","929963"
"chr4","143500724","143500807","chr3","181238196","181238292","31","37737472"
"chr4","143551602","143551910","chr4","142628795","142629101","6","922807"
"chr4","143612013","143612306","chr4","142689957","142690252","4","922056"
"chr4","143622321","143622628","chr4","142700298","142700606","5","922023"
"chr4","143810980","143811290","chr4","142890105","142890414","7","920875"
"chr4","144012896","144013194","chr8","78411672","78411965","43","65601224"
"chr4","144382976","144383256","chr4","143466246","143466532","11","916730"
"chr4","144417416","144417728","chr6","87831733","87832040","48","56585683"
"chr4","144429689","144429961","chr4","143514045","143514317","2","915644"
"chr4","144473251","144473551","chr1","32309441","32309739","38","112163810"
"chr4","144617675","144617974","chr5","165839185","165839482","32","21221510"
"chr4","144807631","144807926","chr4","143901739","143902039","6","905892"
"chr4","144911516","144911753","chr10","90732046","90732277","74","54179470"
"chr4","145035219","145035511","chr4","144131669","144131965","6","903550"
"chr4","145153955","145154224","chr4","144244891","144245163","4","909064"
"chr4","145205124","145205268","chr12","6546624","6546764","34","138658500"
"chr4","145456825","145457120","chr4","144545582","144545877","2","911243"
"chr4","145610531","145610841","chr4","144700667","144700977","3","909864"
"chr4","146292142","146292272","chr8","112933585","112933727","34","33358557"
"chr4","146447790","146448091","chr4","167882463","167882760","35","21434673"
"chr4","146956231","146956542","chr4","146069785","146070095","2","886446"
"chr4","146994349","146994654","chr4","146109120","146109426","7","885229"
"chr4","147028035","147028331","chr4","146145223","146145526","8","882812"
"chr4","147150498","147150790","chr4","146268794","146269085","3","881704"
"chr4","147225277","147225405","chr4","146346137","146346265","0","879140"
"chr4","147410650","147410787","chr7","156274717","156274856","22","8864067"
"chr4","148167053","148167341","chr4","147143685","147143973","7","1023368"
"chr4","148689340","148689484","chr16","75001148","75001302","24","73688192"
"chr4","148826198","148826453","chr16","67924356","67924612","41","80901842"
"chr4","148988289","148988623","chr4","147968650","147968980","8","1019639"
"chr4","149111437","149111586","chrX","15935692","15935847","28","133175745"
"chr4","149159176","149159473","chr4","148141345","148141642","2","1017831"
"chr4","149199849","149199963","chr2A","44638779","44638894","15","104561070"
"chr4","149284234","149284521","chr4","148270508","148270790","6","1013726"
"chr4","149370838","149371001","chr1","155853778","155853933","36","6482940"
"chr4","149448846","149449137","chr4","148435805","148436102","10","1013041"
"chr4","149457249","149457551","chr4","148445187","148445491","3","1012062"
"chr4","149477162","149477450","chr4","148464972","148465291","32","1012190"
"chr4","149527114","149527403","chr1","146257676","146257964","38","3269438"
"chr4","149741818","149742129","chr11","124214338","124214646","19","25527480"
"chr4","149959161","149959384","chr4","148947151","148947354","23","1012010"
"chr4","150162201","150162529","chr5","78863209","78863532","51","71298992"
"chr4","150211341","150211638","chr4","149200847","149201149","6","1010494"
"chr4","150396686","150396898","chr4","149387860","149388072","1","1008826"
"chr4","150481084","150481396","chr1","35891931","35892243","65","114589153"
"chr4","150494893","150494988","chr3","181238196","181238292","25","30743303"
"chr4","150538200","150538502","chr4","149529275","149529575","3","1008925"
"chr4","150846830","150846981","chr4","149843795","149843946","0","1003035"
"chr4","150871557","150871844","chr4","149868557","149868845","1","1003000"
"chr4","150979398","150979708","chr4","149977758","149978067","6","1001640"
"chr4","151055666","151055977","chr4","150056489","150056799","2","999177"
"chr4","151140337","151140642","chr17","11652829","11653133","36","139487508"
"chr4","151546275","151546486","chr1","145322216","145322429","41","6224059"
"chr4","151547105","151547399","chr4","150554240","150554535","4","992865"
"chr4","151567353","151567647","chr4","150574590","150574884","2","992763"
"chr4","151744741","151745037","chrX","4374665","4374963","35","147370076"
"chr4","151782673","151782950","chr4","150794456","150794733","2","988217"
"chr4","151875565","151875858","chr4","150886717","150887012","2","988848"
"chr4","152169974","152170117","chr7","108815433","108815590","44","43354541"
"chr4","152302478","152302756","chr6","100129781","100130064","47","52172697"
"chr4","152325888","152326162","chr4","151340352","151340627","1","985536"
"chr4","152518804","152519109","chr1","34296269","34296573","27","118222535"
"chr4","152689095","152689182","chr13","24059413","24059502","18","128629682"
"chr4","152932012","152932322","chr4","151950789","151951099","5","981223"
"chr4","152952737","152953010","chr4","151971951","151972225","10","980786"
"chr4","152963225","152963521","chr4","141955385","141955680","32","11007840"
"chr4","153048547","153048838","chr4","152067875","152068164","7","980672"
"chr4","153500001","153500239","chr4","175736726","175736954","42","22236725"
"chr4","153560444","153560619","chr4","26666455","26666626","32","126893989"
"chr4","153777367","153777646","chr5","23584292","23584573","75","130193075"
"chr4","153845379","153845462","chr14","100673591","100673682","23","53171788"
"chr4","154157633","154157717","chr4","153183031","153183115","1","974602"
"chr4","154191086","154191259","chr4","98964110","98964298","42","55226976"
"chr4","154205228","154205539","chr7","64686867","64687169","57","89518361"
"chr4","154340915","154341218","chr4","153367566","153367871","6","973349"
"chr4","154357405","154357695","chr4","153383324","153383613","13","974081"
"chr4","154359736","154359928","chr4","153385655","153385852","5","974081"
"chr4","154385936","154386236","chr4","153413639","153413939","0","972297"
"chr4","154389016","154389311","chr4","153416821","153417116","3","972195"
"chr4","154591141","154591420","chr4","153620186","153620461","25","970955"
"chr4","154591838","154592047","chrX","84336251","84336459","36","70255587"
"chr4","154648595","154648885","chr4","153677609","153677893","7","970986"
"chr4","154658590","154658882","chr4","153687597","153687893","6","970993"
"chr4","154669892","154669982","chr6","66580540","66580629","14","88089352"
"chr4","154703423","154703692","chr4","66623464","66623736","55","88079959"
"chr4","154774074","154774384","chr4","153803908","153804220","6","970166"
"chr4","154916152","154916325","chr6","38845392","38845562","26","116070760"
"chr4","154919539","154919841","chr4","153952300","153952603","1","967239"
"chr4","154973398","154973531","chr6","84298883","84299012","33","70674515"
"chr4","154974025","154974321","chr4","154003158","154003459","6","970867"
"chr4","154995646","154995938","chr16","45922526","45922821","48","109073120"
"chr4","154997668","154997948","chr18","18555827","18556115","42","136441841"
"chr4","155012948","155013037","chr13","24059413","24059502","17","130953535"
"chr4","155023696","155024001","chr4","154056621","154056925","5","967075"
"chr4","155062178","155062299","chr8","26723415","26723536","25","128338763"
"chr4","155075179","155075429","chr11","100029909","100030159","31","55045270"
"chr4","155076731","155077036","chr13","49746649","49746946","52","105330082"
"chr4","155082794","155082997","chr1","152261298","152261508","40","2821496"
"chr4","155099772","155100074","chr4","154132919","154133229","12","966853"
"chr4","155110260","155110310","chr10","27042861","27042906","20","128067399"
"chr4","155118461","155118573","chr3","181238196","181238292","28","26119735"
"chr4","155119422","155119728","chr8","122970637","122970940","37","32148785"
"chr4","155265082","155265378","chr4","154294946","154295244","4","970136"
"chr4","155304360","155304651","chr12","11868876","11869166","38","143435484"
"chr4","155309761","155310106","chr4","154339065","154339377","36","970696"
"chr4","155485521","155485822","chr20","25828077","25828373","70","129657444"
"chr4","155589967","155590262","chr4","154625769","154626064","1","964198"
"chr4","156023629","156023930","chr4","155063726","155064027","3","959903"
"chr4","156038036","156038241","chr4","155078134","155078343","4","959902"
"chr4","156072502","156072620","chr2B","139795701","139795833","28","16276801"
"chr4","156151658","156151958","chr4","155193463","155193767","9","958195"
"chr4","156170528","156170817","chr4","155212185","155212474","1","958343"
"chr4","156293212","156293418","chr9","105335908","105336108","39","50957304"
"chr4","156513416","156513595","chr4","155558000","155558189","11","955416"
"chr4","156521443","156521626","chr2A","46636554","46636737","36","109884889"
"chr4","156548859","156549051","chr4","155593656","155593849","1","955203"
"chr4","156559670","156559736","chr8","25421338","25421402","10","131138332"
"chr4","156692930","156693234","chrX","55251416","55251716","47","101441514"
"chr4","156710382","156710664","chr1","35992276","35992565","47","120718106"
"chr4","156894066","156894359","chr4","155944203","155944499","4","949863"
"chr4","156976768","156977069","chr17","60043160","60043459","34","96933608"
"chr4","157022230","157022487","chr4","156074175","156074433","1","948055"
"chr4","157123406","157123721","chr13","20438046","20438351","39","136685360"
"chr4","157227835","157228125","chr4","156282912","156283208","7","944923"
"chr4","157487775","157488078","chr4","156369295","156369605","10","1118480"
"chr4","157599878","157600190","chr4","156483644","156483959","3","1116234"
"chr4","157601218","157601339","chr20","16652596","16652702","28","140948622"
"chr4","157658114","157658388","chr4","156541074","156541379","32","1117040"
"chr4","157826208","157826321","chr2B","205936995","205937106","30","48110787"
"chr4","158167968","158168265","chr4","157057117","157057415","2","1110851"
"chr4","158187180","158187478","chr4","157076400","157076698","4","1110780"
"chr4","158214952","158215246","chr4","157104307","157104602","1","1110645"
"chr4","158383674","158383950","chr4","157274771","157275079","33","1108903"
"chr4","158440151","158440460","chr4","157331776","157332085","2","1108375"
"chr4","158717857","158717958","chr3","181238196","181238292","20","22520339"
"chr4","159214735","159215032","chr14","47911057","47911352","43","111303678"
"chr4","159312430","159312723","chr4","158215462","158215755","7","1096968"
"chr4","159552837","159553151","chr1","12630304","12630616","48","146922533"
"chr4","159652923","159653212","chr11","116909477","116909766","45","42743446"
"chr4","159679934","159680056","chr8","26723415","26723536","31","132956519"
"chr4","159722418","159722703","chr4","158631036","158631337","24","1091382"
"chr4","159785349","159785448","chr20","16652596","16652702","23","143132753"
"chr4","159865581","159865880","chr4","158776430","158776730","2","1089151"
"chr4","160084973","160085200","chr4","159001872","159002086","14","1083101"
"chr4","160120324","160120664","chr4","159037359","159037689","13","1082965"
"chr4","160162699","160162967","chr4","159083500","159083768","5","1079199"
"chr4","160281273","160281584","chr4","159202775","159203086","1","1078498"
"chr4","160622044","160622338","chr4","159548050","159548358","24","1073994"
"chr4","160658585","160658771","chr20","25373433","25373622","27","135285152"
"chr4","161233484","161233635","chr9","112064180","112064330","32","49169304"
"chr4","161263748","161264022","chr4","160195417","160195705","15","1068331"
"chr4","161391348","161391658","chr15","73820613","73820920","41","87570735"
"chr4","161771910","161772213","chr4","160707532","160707845","11","1064378"
"chr4","162071561","162071872","chr4","161012979","161013293","8","1058582"
"chr4","162126261","162126561","chr4","161067811","161068115","7","1058450"
"chr4","162177918","162178220","chr4","161119548","161119853","5","1058370"
"chr4","162374212","162374504","chr3","15176094","15176391","35","147198118"
"chr4","162715411","162715710","chr4","161667646","161667944","2","1047765"
"chr4","162724064","162724348","chr4","161676306","161676611","23","1047758"
"chr4","162734022","162734128","chr14","100673591","100673682","23","62060431"
"chr4","162822946","162823039","chr14","100673591","100673682","16","62149355"
"chr4","162846802","162847087","chr4","161817254","161817539","0","1029548"
"chr4","163130021","163130247","chr4","162103094","162103320","1","1026927"
"chr4","163157489","163157779","chr14","20222803","20223096","38","142934686"
"chr4","163169684","163169856","chr9","4701375","4701540","26","158468309"
"chr4","163246464","163246768","chr4","162223327","162223643","18","1023137"
"chr4","163295907","163296196","chr4","162269248","162269539","2","1026659"
"chr4","163369992","163370285","chr4","162345138","162345432","3","1024854"
"chr4","163455636","163455684","chr14","73545453","73545498","13","89910183"
"chr4","163456969","163457239","chr4","162432192","162432462","4","1024777"
"chr4","163486931","163487087","chr8","112933585","112933727","54","50553346"
"chr4","163529254","163529415","chr10","117800607","117800765","24","45728647"
"chr4","163586728","163587034","chr4","162567814","162568118","8","1018914"
"chr4","163587795","163588105","chr4","162568887","162569196","4","1018908"
"chr4","163756654","163756823","chr3","200742805","200742975","28","36986151"
"chr4","163788562","163788842","chr4","162779908","162780192","7","1008654"
"chr4","163850327","163850650","chr4","162841759","162842082","1","1008568"
"chr4","164028176","164028340","chr4","163021134","163021297","1","1007042"
"chr4","164102385","164102692","chr4","163095725","163096035","8","1006660"
"chr4","164695985","164696274","chr4","163705030","163705319","3","990955"
"chr4","164837798","164837979","chr4","163851580","163851762","1","986218"
"chr4","164931326","164931626","chr4","163948155","163948456","2","983171"
"chr4","164956333","164956635","chr4","163973178","163973477","4","983155"
"chr4","164976062","164976155","chr15","38195761","38195857","14","126780301"
"chr4","165033519","165033819","chr5","133214691","133214991","39","31818828"
"chr4","165194119","165194436","chr4","164209944","164210261","3","984175"
"chr4","165197476","165197773","chr4","164213305","164213605","5","984171"
"chr4","165277796","165277974","chr4","164293895","164294073","0","983901"
"chr4","165428148","165428453","chr4","164444982","164445287","1","983166"
"chr4","165487225","165487354","chr4","84675478","84675615","21","80811747"
"chr4","165598619","165598910","chr4","164633729","164634020","1","964890"
"chr4","165691510","165691816","chr1","16452320","16452621","44","149239190"
"chr4","165801726","165801937","chr4","164838888","164839104","5","962838"
"chr4","165820763","165820880","chr6","159074849","159074952","27","6745914"
"chr4","165941068","165941298","chr4","164979499","164979734","6","961569"
"chr4","165958690","165959002","chr4","164997176","164997488","2","961514"
"chr4","166303727","166303987","chrX","111219311","111219566","41","55084416"
"chr4","166332644","166332771","chr12","38992415","38992548","28","127340229"
"chr4","166339143","166339446","chr4","165379985","165380289","2","959158"
"chr4","166353186","166353303","chr4","165393701","165393818","0","959485"
"chr4","166448976","166449102","chr7","112797358","112797487","29","53651618"
"chr4","166603274","166603551","chr4","165653141","165653418","3","950133"
"chr4","166848053","166848331","chr6","34859587","34859869","41","131988466"
"chr4","167133510","167133631","chr8","26723415","26723536","27","140410095"
"chr4","167259684","167259975","chr4","166317579","166317873","3","942105"
"chr4","167343712","167343909","chr4","166401722","166401920","3","941990"
"chr4","167503215","167503473","chr4","166561107","166561367","2","942108"
"chr4","167630197","167630477","chr9","91334008","91334288","34","76296189"
"chr4","167720862","167721154","chr9","127889240","127889533","43","39831622"
"chr4","167866332","167866540","chr4","166929344","166929555","5","936988"
"chr4","167907802","167908084","chr4","166973971","166974253","1","933831"
"chr4","168640351","168640480","chr1","6844228","6844361","26","161796123"
"chr4","168836991","168837237","chr4","167634847","167635082","13","1202144"
"chr4","168911336","168911461","chr2A","32693701","32693835","21","136217635"
"chr4","169034996","169035209","chr3","154946856","154947084","39","14088140"
"chr4","169056338","169056450","chr2B","205936995","205937106","24","36880657"
"chr4","169080659","169080956","chr4","167882463","167882760","2","1198196"
"chr4","169141497","169141837","chr4","167943785","167944120","5","1197712"
"chr4","169204949","169205229","chr4","168015225","168015506","3","1189724"
"chr4","169206797","169207037","chr19","12266543","12266781","34","156940254"
"chr4","169231646","169231897","chr10","130176612","130176874","46","39055034"
"chr4","169235492","169235785","chr4","168044631","168044926","4","1190861"
"chr4","169267962","169268267","chr4","168079483","168079811","32","1188479"
"chr4","169273244","169273554","chr22","49321613","49321917","41","119951631"
"chr4","169275684","169275870","chr18","9612846","9613035","38","159662838"
"chr4","169296751","169296964","chr1","16514260","16514472","30","152782491"
"chr4","169299318","169299412","chr14","100673591","100673682","22","68625727"
"chr4","169308914","169309221","chr3","28331707","28332012","38","140977207"
"chr4","169318447","169318602","chr15","51682365","51682515","24","117636082"
"chr4","169430492","169430789","chr4","168240460","168240758","4","1190032"
"chr4","169479982","169480249","chr4","168287497","168287764","0","1192485"
"chr4","169577139","169577405","chr4","168354676","168354942","1","1222463"
"chr4","169608746","169609048","chr4","168386317","168386615","5","1222429"
"chr4","169624866","169625183","chr4","168408955","168409265","12","1215911"
"chr4","169633342","169633634","chr4","168417425","168417719","2","1215917"
"chr4","169736809","169737011","chr3","126251588","126251789","46","43485221"
"chr4","169984195","169984297","chr12","12586014","12586108","18","157398181"
"chr4","170129114","170129231","chr8","26723415","26723536","30","143405699"
"chr4","170137926","170138232","chr4","168924374","168924693","16","1213552"
"chr4","170142358","170142668","chr4","168928810","168929120","8","1213548"
"chr4","170517417","170517717","chr4","169306867","169307163","5","1210550"
"chr4","170631239","170631517","chr4","169423385","169423670","11","1207854"
"chr4","170682560","170682867","chr4","169474660","169474969","4","1207900"
"chr4","170956686","170956795","chr11","20358123","20358224","21","150598563"
"chr4","171329747","171330031","chr4","170180198","170180508","26","1149549"
"chr4","171384267","171384549","chr4","170237513","170237795","1","1146754"
"chr4","171406459","171406758","chr4","170260865","170261166","3","1145594"
"chr4","171886651","171886899","chr1","139183841","139184089","40","32702810"
"chr4","171935511","171935822","chr4","170799573","170799884","11","1135938"
"chr4","172050194","172050269","chr18","13216633","13216692","27","158833561"
"chr4","172173370","172173628","chr9","133517048","133517309","44","38656322"
"chr4","172291356","172291634","chr4","171165442","171165720","1","1125914"
"chr4","172322226","172322532","chr16","28996079","28996385","46","143326147"
"chr4","172366265","172366451","chr2B","170259168","170259351","30","2107097"
"chr4","172397493","172397778","chr4","171274844","171275133","6","1122649"
"chr4","172826301","172826560","chrX","97513163","97513425","45","75313138"
"chr4","172990058","172990366","chr4","171878206","171878516","8","1111852"
"chr4","173193909","173194116","chr4","172084701","172084910","5","1109208"
"chr4","173205155","173205369","chr3","200711023","200711239","27","27505868"
"chr4","173289125","173289306","chr3","145547243","145547422","30","27741882"
"chr4","173373265","173373392","chr12","110328271","110328400","24","63044994"
"chr4","173443543","173443639","chr17","36512962","36513060","13","136930581"
"chr4","173467315","173467626","chr3","122809189","122809500","42","50658126"
"chr4","173667835","173668121","chr20","38649218","38649504","42","135018617"
"chr4","173779307","173779602","chr4","172678288","172678583","1","1101019"
"chr4","173972162","173972344","chr19","14763482","14763662","36","159208680"
"chr4","174062268","174062352","chr8","46091691","46091777","19","127970577"
"chr4","174093565","174093857","chr4","172997781","172998074","2","1095784"
"chr4","174103990","174104148","chr17","75964511","75964662","31","98139479"
"chr4","174263076","174263375","chr4","173171190","173171489","2","1091886"
"chr4","174334319","174334546","chr4","175736726","175736954","44","1402407"
"chr4","174347195","174347276","chr17","2787814","2787901","24","171559381"
"chr4","174348116","174348381","chr4","173257608","173257873","0","1090508"
"chr4","174396039","174396190","chr16","75001148","75001302","35","99394891"
"chr4","174601081","174601190","chr3","181238196","181238292","28","6637115"
"chr4","174654881","174655142","chr2A","65032231","65032472","60","109622650"
"chr4","174919176","174919489","chr7","6324212","6324529","72","168594964"
"chr4","174944870","174945024","chr17","62476454","62476615","33","112468416"
"chr4","175116080","175116409","chr4","174056858","174057162","26","1059222"
"chr4","175129667","175129979","chr4","174070455","174070764","7","1059212"
"chr4","175189726","175190019","chr4","174130293","174130586","5","1059433"
"chr4","175190952","175191245","chr2A","75762004","75762290","62","99428948"
"chr4","175241554","175241860","chr4","174183678","174183983","7","1057876"
"chr4","175267091","175267397","chr4","174209230","174209539","3","1057861"
"chr4","175430861","175430998","chr12","6546624","6546764","24","168884237"
"chr4","175694704","175694999","chr4","174635196","174635498","9","1059508"
"chr4","176433408","176433707","chr2A","88339562","88339855","59","88093846"
"chr4","176791585","176791757","chr14","103122276","103122459","34","73669309"
"chr4","176822741","176823052","chr4","175582024","175582335","3","1240717"
"chr4","176977378","176977602","chr4","175736726","175736954","6","1240652"
"chr4","177084413","177084709","chr4","175844373","175844672","6","1240040"
"chr4","177116595","177116904","chr15","73093413","73093719","38","104023182"
"chr4","177230910","177231190","chr4","175993108","175993388","5","1237802"
"chr4","177247049","177247340","chr4","176009303","176009599","14","1237746"
"chr4","177253679","177253976","chr4","176015974","176016272","2","1237705"
"chr4","177611888","177612111","chr2A","68018325","68018546","29","109593563"
"chr4","177719096","177719386","chr10","96148700","96148990","48","81570396"
"chr4","177768718","177769011","chr4","176526992","176527287","8","1241726"
"chr4","177821619","177821741","chr8","26723415","26723536","26","151098204"
"chr4","177855515","177855720","chr4","176613949","176614157","4","1241566"
"chr4","177916713","177916849","chr1","46484701","46484838","22","131432012"
"chr4","177918398","177918695","chr4","176678281","176678581","7","1240117"
"chr4","177951743","177952045","chr4","176713427","176713704","25","1238316"
"chr4","177974822","177975133","chr2A","63086723","63087016","49","114888099"
"chr4","178025897","178026190","chr4","176788790","176789086","11","1237107"
"chr4","178324917","178325214","chr4","177087870","177088168","2","1237047"
"chr4","178520294","178520588","chr4","177286498","177286794","2","1233796"
"chr4","178576473","178576802","chr4","177340461","177340790","2","1236012"
"chr4","178805113","178805412","chr4","177567441","177567732","10","1237672"
"chr4","178919966","178920047","chr4","177694455","177694536","0","1225511"
"chr4","179074567","179074799","chr4","177855196","177855428","1","1219371"
"chr4","179157436","179157717","chr1","32001429","32001705","46","147156007"
"chr4","179285564","179285685","chr5","172392908","172393028","29","6892656"
"chr4","179287566","179287879","chr4","178070197","178070510","5","1217369"
"chr4","179403902","179404221","chr4","178186708","178187025","4","1217194"
"chr4","179659905","179660102","chr4","178442814","178443012","2","1217091"
"chr4","179731362","179731670","chr4","178516526","178516836","6","1214836"
"chr4","179749555","179749851","chr4","178535012","178535308","4","1214543"
"chr4","179759948","179760124","chr1","29277911","29278085","28","150482037"
"chr4","179976850","179976954","chr3","181238196","181238292","29","1261346"
"chr4","180045620","180045923","chr11","109891460","109891759","36","70154160"
"chr4","180085794","180086103","chr14","80349139","80349450","47","99736655"
"chr4","180129202","180129434","chr4","178917914","178918147","2","1211288"
"chr4","180139839","180140126","chr4","178928603","178928890","2","1211236"
"chr4","180161966","180162268","chr4","178950678","178950987","8","1211288"
"chr4","180265927","180266235","chr4","179057180","179057483","6","1208747"
"chr4","180472759","180473037","chr4","179265622","179265902","3","1207137"
"chr4","180563478","180563593","chr9","69573837","69573962","25","110989641"
"chr4","180603726","180604001","chr4","179397387","179397663","1","1206339"
"chr4","180698611","180698741","chr16","73743066","73743197","31","106955545"
"chr4","180789700","180789990","chr4","179581201","179581491","2","1208499"
"chr4","180961353","180961641","chr4","179748344","179748633","1","1213009"
"chr4","181267442","181267748","chr17","66551885","66552191","37","114715557"
"chr4","181445417","181445536","chr5","172392908","172393028","23","9052509"
"chr4","181454882","181455185","chr4","180254634","180254942","14","1200248"
"chr4","181543533","181543838","chrX","24300302","24300598","66","157243231"
"chr4","181597647","181597721","chr4","180400118","180400192","1","1197529"
"chr4","181714606","181714907","chr4","180531317","180531618","0","1183289"
"chr4","181963919","181964228","chr4","180784911","180785222","4","1179008"
"chr4","182052046","182052349","chr4","180885448","180885753","2","1166598"
"chr4","182115451","182115590","chr19","4055014","4055149","18","178060437"
"chr4","182141180","182141391","chr1","52374216","52374427","36","129766964"
"chr4","182143474","182143759","chr4","180978399","180978685","1","1165075"
"chr4","182188362","182188660","chr4","181023326","181023624","0","1165036"
"chr4","182247172","182247472","chr4","181082490","181082790","0","1164682"
"chr4","182811653","182811964","chr6","138446760","138447068","47","44364893"
"chr4","182962257","182962423","chr4","181805768","181805923","12","1156489"
"chr4","183228517","183228825","chr4","182077208","182077515","11","1151309"
"chr4","183245184","183245307","chr14","26439576","26439696","34","156805608"
"chr4","183572585","183572900","chr4","182433131","182433440","9","1139454"
"chr4","183583634","183583974","chr4","182444201","182444538","16","1139433"
"chr4","183781924","183782193","chr4","182646211","182646507","28","1135713"
"chr4","183920181","183920275","chr12","12586014","12586108","19","171334167"
"chr4","183934747","183934861","chr7","112797358","112797487","26","71137389"
"chr4","184258859","184259033","chr4","183125792","183125969","3","1133067"
"chr4","184299343","184299482","chr4","183166417","183166547","10","1132926"
"chr4","184344387","184344697","chr17","1191797","1192108","34","183152590"
"chr4","184356431","184356721","chr4","183225136","183225430","4","1131295"
"chr4","184696553","184696884","chr4","183571776","183572107","6","1124777"
"chr4","184705864","184706003","chr17","82138916","82139067","26","102566948"
"chr4","184708998","184709311","chr4","183584427","183584739","9","1124571"
"chr4","184826477","184826781","chr4","183704831","183705135","1","1121646"
"chr4","184862883","184863227","chr4","183742061","183742408","3","1120822"
"chr4","184904025","184904298","chr4","183783406","183783683","8","1120619"
"chr4","184950216","184950510","chr4","183828898","183829199","15","1121318"
"chr4","185187224","185187307","chr8","46091691","46091777","23","139095533"
"chr4","185461249","185461474","chr2A","68018325","68018546","41","117442924"
"chr4","185898662","185898971","chr4","184799891","184800198","8","1098771"
"chr4","185925613","185925923","chr4","184826885","184827193","4","1098728"
"chr4","185942668","185942956","chr1","129337688","129337979","33","56604980"
"chr4","186121625","186121934","chr4","185026089","185026395","9","1095536"
"chr4","186220317","186220437","chr9","69573837","69573962","29","116646480"
"chr4","186280925","186281068","chr4","185185745","185185889","4","1095180"
"chr4","186331889","186332154","chr4","185237161","185237423","5","1094728"
"chr4","186498897","186499204","chr4","185411473","185411780","1","1087424"
"chr4","186530042","186530173","chr2A","32693701","32693835","18","153836341"
"chr4","186652402","186652565","chr4","185565094","185565258","3","1087308"
"chr4","186736430","186736584","chr4","113902899","113903048","15","72833531"
"chr4","186854730","186855023","chr7","6233139","6233436","32","180621591"
"chr4","186877631","186877732","chr3","181238196","181238292","22","5639435"
"chr4","187036162","187036460","chr4","185953213","185953511","6","1082949"
"chr4","187049306","187049491","chr5","29649139","29649320","41","157400167"
"chr4","187064226","187064543","chr19","57307951","57308249","37","129756275"
"chr4","187146571","187146882","chr4","186061905","186062217","2","1084666"
"chr4","187259549","187259833","chr4","186172972","186173255","6","1086577"
"chr4","187281959","187282082","chr5","172392908","172393028","29","14889051"
"chr4","187351936","187352021","chr3","181238196","181238292","22","6113740"
"chr4","187466780","187467069","chr4","186389376","186389666","1","1077404"
"chr4","187528384","187528620","chr4","186452794","186453036","7","1075590"
"chr4","187615244","187615532","chr4","186540583","186540879","9","1074661"
"chr4","187752440","187752748","chr4","186675373","186675687","14","1077067"
"chr4","187762497","187762734","chr11","116000028","116000267","38","71762469"
"chr4","187795595","187795910","chr4","186717789","186718105","10","1077806"
"chr4","187805772","187806098","chr4","186727155","186727483","4","1078617"
"chr4","187807652","187807955","chr4","186729579","186729883","14","1078073"
"chr4","187864533","187864826","chr6","15402026","15402318","36","172462507"
"chr4","187943988","187944125","chr2B","216519456","216519594","25","28575468"
"chr4","187944268","187944395","chr4","84675478","84675615","23","103268790"
"chr4","187966283","187966558","chr4","186885436","186885683","28","1080847"
"chr4","187968808","187969108","chr4","186887926","186888220","18","1080882"
"chr4","187987573","187987882","chr4","186907310","186907619","2","1080263"
"chr4","188127308","188127591","chr4","187049507","187049791","2","1077801"
"chr4","188278382","188278684","chr4","187203939","187204243","2","1074443"
"chr4","188348247","188348555","chr4","187273968","187274279","9","1074279"
"chr4","188388041","188388334","chr4","187314915","187315208","1","1073126"
"chr4","188620880","188620996","chr2B","199271339","199271453","27","10650459"
"chr4","188745524","188745817","chr4","187680758","187681047","4","1064766"
"chr4","188828307","188828609","chr4","187765675","187765978","2","1062632"
"chr4","188877529","188877640","chr3","181144080","181144190","14","7733449"
"chr4","188879807","188880124","chr17","58001905","58002219","65","130877902"
"chr4","188909909","188910213","chr4","187849690","187850002","11","1060219"
"chr4","188998924","188999205","chr4","187939287","187939585","17","1059637"
"chr4","189044100","189044227","chr4","187985276","187985403","0","1058824"
"chr4","189079837","189080137","chr4","188021321","188021624","6","1058516"
"chr4","189314798","189315105","chr4","188255923","188256229","5","1058875"
"chr4","189321115","189321228","chr3","181143385","181143493","22","8177730"
"chr4","189365685","189365986","chr4","188315721","188316023","3","1049964"
"chr4","189500001","189500083","chr8","46091691","46091777","23","143408310"
"chr4","189514102","189514397","chr4","188468955","188469246","7","1045147"
"chr4","189579991","189580109","chr2B","205936995","205937106","25","16357004"
"chr4","189707563","189707861","chr4","188668153","188668453","3","1039410"
"chr4","189757685","189757811","chr17","74526267","74526398","32","115231418"
"chr4","189812170","189812272","chr14","100673591","100673682","22","89138579"
"chr4","189812491","189812690","chr17","73441364","73441560","29","116371127"
"chr4","189845660","189845822","chr12","130463901","130464063","29","59381759"
"chr4","189868643","189868931","chr19","42147460","42147744","45","147721183"
"chr4","189891241","189891526","chr4","188856877","188857167","6","1034364"
"chr4","189898415","189898702","chr4","188864051","188864338","3","1034364"
"chr4","190070863","190071170","chr4","189041590","189041901","8","1029273"
"chr4","190126940","190127219","chr4","189099234","189099513","2","1027706"
"chr4","190149304","190149431","chr9","122440275","122440408","24","67709029"
"chr4","190265483","190265787","chr12","6643597","6643903","36","183621886"
"chr4","190296479","190296773","chr13","52114579","52114873","47","138181900"
"chr4","190354392","190354405","chr1","28547144","28547162","7","161807248"
"chr4","190354444","190354724","chr3","137579329","137579612","39","52775115"
"chr4","190355919","190356058","chr12","95708278","95708420","25","94647641"
"chr4","190385098","190385201","chr20","16652596","16652702","26","173732502"
"chr4","190458638","190458942","chr1","53118077","53118382","39","137340561"
"chr4","190498221","190498517","chr4","189474470","189474765","5","1023751"
"chr4","190505343","190505642","chr2A","43503181","43503479","43","147002162"
"chr4","190543573","190543872","chr4","189522611","189522906","8","1020962"
"chr4","190588693","190588820","chr5","172392908","172393028","25","18195785"
"chr4","190642973","190643278","chr4","189614747","189615088","48","1028226"
"chr4","190643312","190643330","chr1","28547144","28547162","6","162096168"
"chr4","190710305","190710493","chr10","116873459","116873650","29","73836846"
"chr4","190727521","190727649","chr2A","32693701","32693835","26","158033820"
"chr4","190833915","190834038","chr2A","62538961","62539069","32","128294954"
"chr4","190846716","190847011","chr11","81612582","81612877","30","109234134"
"chr4","190942130","190942444","chr4","160707532","160707845","42","30234598"
"chr4","191039840","191040014","chr4","190022755","190022926","9","1017085"
"chr4","191585428","191585634","chr4","190580382","190580597","14","1005046"
"chr4","191698065","191698371","chr4","190693129","190693435","0","1004936"
"chr4","191757633","191757937","chr4","190752530","190752836","2","1005103"
"chr4","191773881","191774175","chr9","127889240","127889533","41","63884641"
"chr4","191837730","191837989","chr4","190832994","190833261","11","1004736"
"chr4","192044936","192045239","chr4","191044097","191044400","1","1000839"
"chr4","192252645","192252948","chr4","191254178","191254481","6","998467"
"chr4","192260676","192260961","chr4","191262250","191262535","1","998426"
"chr4","192276944","192277096","chr4","191280374","191280526","0","996570"
"chr4","192367537","192367675","chr4","191374995","191375130","3","992542"
"chr4","192373850","192374136","chr4","191381351","191381613","26","992499"
"chr4","192412008","192412217","chr4","191421820","191422031","3","990188"
"chr4","192451060","192451354","chr4","191461642","191461940","4","989418"
"chr4","192460650","192460942","chr4","191471150","191471442","4","989500"
"chr4","192492283","192492399","chr2B","205936995","205937106","23","13444712"
"chr4","192560251","192560428","chr15","87173355","87173524","33","105386896"
"chr4","192570888","192571197","chr4","191583880","191584190","3","987008"
"chr4","192580787","192581119","chr4","191593747","191594075","7","987040"
"chr4","192636558","192636832","chr6","29956629","29956904","50","162679929"
"chr4","192679767","192680047","chr3","200556220","200556500","33","7876453"
"chr4","192747212","192747525","chr4","191768499","191768817","6","978713"
"chr4","192847451","192847607","chr1","17333377","17333534","22","175514074"
"chr4","192854332","192854627","chr4","191867905","191868201","2","986427"
"chr4","192874063","192874353","chr4","191887647","191887939","2","986416"
"chr4","192906722","192907016","chr4","191922776","191923074","5","983946"
"chr4","193039292","193039599","chr14","43939452","43939757","35","149099840"
"chr4","193241972","193242224","chr7","67989698","67989956","49","125252274"
"chr4","193310253","193310560","chr4","192332984","192333291","4","977269"
"chr4","193789655","193789889","chr3","189561906","189562139","45","4227749"
"chr4","194998353","194998663","chr1","138638945","138639255","43","56359408"
"chr5","54525889","54526029","chr19","3325372","3325502","30","51200517"
"chr5","54656906","54657157","chr5","54335345","54335596","1","321561"
"chr5","61210435","61210720","chr5","61064932","61065217","0","145503"
"chr5","116129716","116130009","chr2A","63086723","63087016","30","53042993"
"chr5","139591447","139591739","chr5","138782962","138783254","0","808485"
"chr5","363447","363728","chr2A","70284232","70284512","33","69920785"
"chr5","375622","375913","chr5","365132","365425","2","10490"
"chr5","444618","444791","chr5","438717","438887","4","5901"
"chr5","473380","473550","chr5","468421","468606","15","4959"
"chr5","513790","514090","chr11","70580969","70581272","28","70067179"
"chr5","537637","537938","chr5","534124","534426","8","3513"
"chr5","583773","583866","chr14","100673591","100673682","20","100089818"
"chr5","628730","629035","chr5","629211","629516","2","481"
"chr5","1042411","1042715","chr1","129934008","129934308","37","128891597"
"chr5","1386460","1386755","chr5","1374337","1374634","5","12123"
"chr5","1791113","1791403","chr5","1762211","1762506","5","28902"
"chr5","1810246","1810551","chr5","1786858","1787165","3","23388"
"chr5","1876622","1876925","chr5","1856652","1856954","7","19970"
"chr5","1974854","1975155","chr5","1960970","1961271","1","13884"
"chr5","2049896","2050191","chr5","2034576","2034863","17","15320"
"chr5","2113312","2113439","chr8","26723415","26723536","23","24610103"
"chr5","2317008","2317309","chr5","2310830","2311131","1","6178"
"chr5","2625071","2625333","chr5","2618817","2619083","6","6254"
"chr5","2804676","2804689","chr1","28547144","28547162","7","25742468"
"chr5","2804721","2805003","chr5","2805942","2806238","17","1221"
"chr5","2832026","2832336","chr5","2833087","2833405","9","1061"
"chr5","3023093","3023385","chr6","77643307","77643601","47","74620214"
"chr5","3244335","3244626","chr5","3249638","3249927","2","5303"
"chr5","3305312","3305612","chr5","3309125","3309425","0","3813"
"chr5","3626080","3626163","chr8","46091691","46091777","17","42465611"
"chr5","3769877","3770137","chr5","3789505","3789771","13","19628"
"chr5","3793212","3793517","chr5","3814911","3815216","0","21699"
"chr5","4005680","4005948","chr5","4030427","4030700","5","24747"
"chr5","4301968","4302281","chr5","4344158","4344470","2","42190"
"chr5","4424691","4424999","chr5","4470674","4470989","12","45983"
"chr5","4600491","4600793","chr5","4650109","4650418","8","49618"
"chr5","4766015","4766307","chr1","51288931","51289225","31","46522916"
"chr5","4949895","4950034","chr5","172392908","172393028","36","167443013"
"chr5","4964807","4965107","chr5","5024853","5025155","3","60046"
"chr5","5161032","5161046","chr1","28547144","28547162","7","23386112"
"chr5","5161077","5161360","chr11","46865721","46866000","39","41704644"
"chr5","5416510","5416619","chr2B","210790127","210790232","22","205373617"
"chr5","5556690","5556977","chr11","16850755","16851056","42","11294065"
"chr5","5590782","5591083","chr5","5659206","5659507","0","68424"
"chr5","5802396","5802603","chr10","43220453","43220665","41","37418057"
"chr5","5873392","5873491","chr6","159074849","159074952","16","153201457"
"chr5","5907413","5907729","chr5","5985565","5985852","40","78152"
"chr5","6098132","6098438","chr5","6178683","6178989","1","80551"
"chr5","6102757","6102901","chr5","77767868","77768010","28","71665111"
"chr5","6123816","6124092","chr5","6204931","6205210","3","81115"
"chr5","6295449","6295702","chr5","6380788","6381043","5","85339"
"chr5","6346632","6346694","chr5","6432148","6432210","0","85516"
"chr5","6572668","6572960","chr21","4065891","4066188","28","2506777"
"chr5","6602998","6603259","chr9","33612300","33612560","47","27009302"
"chr5","6687388","6687696","chr5","6776656","6776965","2","89268"
"chr5","6762404","6762706","chr5","6851289","6851592","4","88885"
"chr5","6838463","6838568","chr3","181238196","181238292","24","174399733"
"chr5","6982851","6982979","chr19","4055014","4055149","34","2927837"
"chr5","6988820","6988987","chr5","7083892","7084059","3","95072"
"chr5","7189919","7190071","chr11","25729792","25729944","20","18539873"
"chr5","7190377","7190516","chr1","31211194","31211324","17","24020817"
"chr5","7196674","7196981","chr5","7294555","7294855","12","97881"
"chr5","7454289","7454588","chr5","7376373","7376678","9","77916"
"chr5","7535693","7535987","chr5","7457560","7457856","9","78133"
"chr5","7656622","7656918","chr5","7579076","7579372","2","77546"
"chr5","7806894","7807028","chr5","7729163","7729296","3","77731"
"chr5","7903079","7903208","chr2A","32693701","32693835","39","24790622"
"chr5","7948484","7948783","chr5","7872448","7872746","4","76036"
"chr5","7961007","7961307","chr5","7885816","7886117","2","75191"
"chr5","7968604","7968907","chr5","7893420","7893723","0","75184"
"chr5","8027613","8027702","chr14","100673591","100673682","11","92645978"
"chr5","8098183","8098488","chr5","8023250","8023557","9","74933"
"chr5","8248782","8249083","chr5","8181692","8181995","6","67090"
"chr5","8425751","8426047","chr5","8360182","8360478","3","65569"
"chr5","8631479","8631737","chr5","36309126","36309387","43","27677647"
"chr5","8691076","8691198","chr5","172392908","172393028","29","163701832"
"chr5","8695190","8695354","chr4","73252540","73252702","30","64557350"
"chr5","9021942","9022250","chr5","8976016","8976324","1","45926"
"chr5","9255886","9256172","chrX","21700943","21701229","35","12445057"
"chr5","9547252","9547554","chr5","9503927","9504229","2","43325"
"chr5","10059200","10059289","chr14","100673591","100673682","18","90614391"
"chr5","10226224","10226405","chr5","10157141","10157322","0","69083"
"chr5","10277428","10277736","chr5","10209105","10209414","3","68323"
"chr5","10303933","10304244","chr5","10234521","10234832","8","69412"
"chr5","10419721","10420016","chr5","10350860","10351158","7","68861"
"chr5","10760525","10760803","chrX","62912565","62912834","45","52152040"
"chr5","10773464","10773586","chr5","172392908","172393028","24","161619444"
"chr5","10966477","10966602","chr8","26723415","26723536","23","15756938"
"chr5","11061072","11061390","chr5","11015927","11016244","3","45145"
"chr5","11430653","11430944","chr18","54802018","54802306","57","43371365"
"chr5","11466829","11467123","chr5","11427117","11427411","1","39712"
"chr5","11545456","11545764","chr17","66551885","66552191","39","55006429"
"chr5","11579489","11579782","chr5","11539765","11540061","6","39724"
"chr5","11588642","11588947","chr5","11548917","11549222","6","39725"
"chr5","11623064","11623370","chr5","11584373","11584671","9","38691"
"chr5","11641620","11641798","chr5","11602738","11602912","6","38882"
"chr5","11679438","11679727","chr5","11640663","11640954","9","38775"
"chr5","11869476","11869785","chr8","35057239","35057548","47","23187763"
"chr5","11877446","11877607","chrX","65801999","65802155","27","53924553"
"chr5","12126538","12126671","chr5","12092557","12092690","0","33981"
"chr5","12191271","12191563","chr5","12157604","12157897","2","33667"
"chr5","12232904","12233199","chr5","12199308","12199604","2","33596"
"chr5","12374432","12374581","chr22","16225217","16225380","32","3850785"
"chr5","12646713","12647019","chr5","12618465","12618772","1","28248"
"chr5","12692579","12692858","chr5","12664312","12664591","3","28267"
"chr5","12839384","12839684","chr14","89730836","89731137","67","76891452"
"chr5","12842828","12843120","chr5","12816023","12816317","4","26805"
"chr5","12889478","12889781","chr5","12867798","12868107","18","21680"
"chr5","12907700","12908000","chr5","12888503","12888803","1","19197"
"chr5","13040170","13040445","chr5","13029609","13029924","42","10561"
"chr5","13314088","13314368","chr13","66791245","66791523","43","53477157"
"chr5","13963199","13963501","chr5","13968212","13968518","5","5013"
"chr5","14027578","14027878","chr5","14032863","14033165","5","5285"
"chr5","14033136","14033431","chr5","14038418","14038720","13","5282"
"chr5","14310547","14310739","chr2B","170259168","170259351","34","155948621"
"chr5","14311131","14311247","chr1","140813951","140814072","23","126502820"
"chr5","14375883","14376011","chr8","26723415","26723536","21","12347532"
"chr5","14487054","14487218","chr3","173995114","173995280","31","159508060"
"chr5","14500737","14501024","chr5","14515146","14515430","6","14409"
"chr5","14635729","14636001","chr5","14651005","14651277","0","15276"
"chr5","14646303","14646605","chr11","85020444","85020749","56","70374141"
"chr5","14728767","14729083","chr5","14745327","14745654","11","16560"
"chr5","14764366","14764506","chr5","14780945","14781085","0","16579"
"chr5","14792148","14792408","chr5","14808934","14809148","47","16786"
"chr5","14806368","14806675","chr5","14823000","14823307","2","16632"
"chr5","15327834","15328158","chr5","15355741","15356065","0","27907"
"chr5","15365108","15365259","chr5","15391255","15391404","2","26147"
"chr5","16080780","16081088","chr5","16114413","16114724","3","33633"
"chr5","16641012","16641333","chr6","43427964","43428277","45","26786952"
"chr5","16824687","16824983","chr5","16860244","16860538","4","35557"
"chr5","16839179","16839327","chr4","28030717","28030863","32","11191538"
"chr5","16850981","16851273","chr3","160512729","160513033","41","143661748"
"chr5","16864629","16864943","chr5","16900268","16900583","2","35639"
"chr5","16896621","16896934","chr5","16932086","16932403","5","35465"
"chr5","16917760","16918060","chr5","16953024","16953332","16","35264"
"chr5","16948411","16948710","chr12","109274804","109275098","31","92326393"
"chr5","17028605","17028736","chr5","172392908","172393028","31","155364303"
"chr5","17047895","17048188","chr5","17091191","17091495","17","43296"
"chr5","17054387","17054690","chr1","129934008","129934308","36","112879621"
"chr5","17106279","17106430","chrX","19560856","19561004","25","2454577"
"chr5","17191161","17191402","chr7","65495829","65496058","48","48304668"
"chr5","17191423","17191598","chr6","37299122","37299292","31","20107699"
"chr5","17198403","17198685","chr5","17246529","17246811","6","48126"
"chr5","17234297","17234513","chr5","17283873","17284087","2","49576"
"chr5","17258144","17258456","chr5","17309417","17309725","8","51273"
"chr5","17274578","17274879","chr5","17325951","17326257","7","51373"
"chr5","17313885","17314164","chr5","17364981","17365258","3","51096"
"chr5","17316703","17316991","chr5","17367797","17368085","0","51094"
"chr5","17343496","17343630","chr2A","32693701","32693835","24","15350205"
"chr5","17381128","17381430","chr5","17434571","17434875","7","53443"
"chr5","17430455","17430730","chr5","17484492","17484767","0","54037"
"chr5","17443535","17443794","chr10","12880632","12880890","42","4562903"
"chr5","17478772","17479070","chr5","17533274","17533572","2","54502"
"chr5","17918548","17918635","chr14","100673591","100673682","26","82755043"
"chr5","17953189","17953483","chr5","17861258","17861566","14","91931"
"chr5","18001928","18002211","chr5","17910713","17910995","3","91215"
"chr5","18099878","18100178","chr5","18008972","18009274","6","90906"
"chr5","18392522","18392688","chr1","54397545","54397708","26","36005023"
"chr5","18509102","18509360","chr5","18428609","18428867","2","80493"
"chr5","18689870","18690179","chr5","18615486","18615795","0","74384"
"chr5","18745642","18745911","chr5","18671848","18672126","10","73794"
"chr5","19613625","19613946","chr5","19456671","19456997","8","156954"
"chr5","19641724","19641866","chr5","19484859","19485000","1","156865"
"chr5","19668292","19668600","chr5","19512038","19512351","10","156254"
"chr5","19923287","19923577","chr5","19772641","19772934","4","150646"
"chr5","19994940","19995245","chr5","19845126","19845430","3","149814"
"chr5","20184076","20184386","chr5","20035537","20035847","4","148539"
"chr5","20340383","20340638","chr9","130679239","130679490","68","110338856"
"chr5","20382679","20382971","chr5","20236248","20236540","0","146431"
"chr5","20903295","20903420","chr5","172392908","172393028","25","151489613"
"chr5","20938224","20938535","chr5","20798488","20798798","6","139736"
"chr5","20964537","20964831","chr5","20823912","20824207","4","140625"
"chr5","21171394","21171698","chr5","21033647","21033953","4","137747"
"chr5","21207937","21208226","chr2B","214534476","214534761","29","193326539"
"chr5","21380706","21380891","chr5","21244499","21244684","0","136207"
"chr5","21483857","21484138","chr11","61662149","61662433","46","40178292"
"chr5","21510949","21511176","chr5","21378982","21379204","7","131967"
"chr5","21571619","21571799","chr3","37511028","37511205","31","15939409"
"chr5","22003409","22003707","chrX","121240517","121240807","65","99237108"
"chr5","22213549","22213847","chr8","45606114","45606411","32","23392565"
"chr5","22618474","22618751","chr5","22501006","22501280","8","117468"
"chr5","22727928","22728230","chr5","22615160","22615464","2","112768"
"chr5","23163525","23163845","chr2A","72041674","72041999","42","48878149"
"chr5","23219354","23219633","chr5","23107587","23107868","6","111767"
"chr5","23315011","23315309","chr5","138928252","138928544","44","115613241"
"chr5","23327656","23327871","chr5","23216486","23216701","0","111170"
"chr5","23407756","23408042","chr5","23298371","23298657","1","109385"
"chr5","23692494","23692775","chr5","23584292","23584573","2","108202"
"chr5","23934018","23934106","chr3","181238196","181238292","26","157304178"
"chr5","24001893","24002190","chr5","23893408","23893705","0","108485"
"chr5","24109271","24109575","chr5","24001456","24001761","5","107815"
"chr5","24176400","24176707","chr5","24069658","24069965","1","106742"
"chr5","24194901","24195175","chr17","14375835","14376097","52","9819066"
"chr5","24208918","24209105","chr7","86268826","86269010","46","62059908"
"chr5","24209752","24209849","chr13","24059413","24059502","23","150339"
"chr5","24225731","24226032","chr3","44197059","44197365","45","19971328"
"chr5","24238566","24238874","chr5","24133300","24133609","4","105266"
"chr5","24248489","24248777","chr5","24143637","24143927","4","104852"
"chr5","24258768","24259064","chr5","24153971","24154269","2","104797"
"chr5","24500002","24500176","chr5","24396859","24397033","0","103143"
"chr5","24742365","24742667","chr1","226580254","226580553","33","201837889"
"chr5","25026103","25026263","chr4","76777461","76777621","26","51751358"
"chr5","25052912","25053215","chr15","66279495","66279789","52","41226583"
"chr5","25386061","25386354","chr5","25301322","25301616","4","84739"
"chr5","25801497","25801795","chr5","25722555","25722858","5","78942"
"chr5","25949145","25949448","chr5","25879768","25880071","1","69377"
"chr5","26222135","26222444","chrX","14129073","14129378","32","12093062"
"chr5","26661374","26661673","chr5","26597374","26597676","5","64000"
"chr5","26740566","26740856","chr5","26676915","26677212","12","63651"
"chr5","27180352","27180655","chr1","20587160","20587463","50","6593192"
"chr5","27292698","27292978","chr5","27230917","27231197","0","61781"
"chr5","27731160","27731448","chr5","27677742","27678028","2","53418"
"chr5","27981557","27981856","chr7","24739193","24739485","49","3242364"
"chr5","28264284","28264543","chrX","97029169","97029434","30","68764885"
"chr5","28286229","28286336","chr3","181238196","181238292","36","152951967"
"chr5","28293253","28293555","chr12","14568393","14568691","39","13724860"
"chr5","28405294","28405588","chr5","28359788","28360095","13","45506"
"chr5","28748823","28749113","chr5","28707110","28707407","8","41713"
"chr5","28895346","28895652","chr5","28857882","28858186","2","37464"
"chr5","29084811","29085110","chr10","120134000","120134298","43","91049189"
"chr5","29188613","29188921","chr5","29148336","29148646","3","40277"
"chr5","29497912","29498220","chr5","29265929","29266245","10","231983"
"chr5","29562499","29562743","chr5","29330482","29330727","3","232017"
"chr5","29599607","29599907","chr8","98132535","98132831","37","68532928"
"chr5","29723478","29723782","chr5","29494258","29494558","8","229220"
"chr5","29871492","29871738","chr5","29641118","29641366","6","230374"
"chr5","29875106","29875414","chr5","29644975","29645271","13","230131"
"chr5","29879289","29879470","chr5","29649139","29649320","0","230150"
"chr5","30061615","30061869","chr5","29832557","29832811","1","229058"
"chr5","30164674","30164883","chr5","29936225","29936434","2","228449"
"chr5","30228056","30228186","chr18","46323703","46323831","26","16095647"
"chr5","30338361","30338670","chr5","30110582","30110891","3","227779"
"chr5","30585821","30585950","chr9","122440275","122440408","25","91854454"
"chr5","30652624","30652916","chr5","30443169","30443466","19","209455"
"chr5","31100861","31101168","chr3","202130295","202130605","38","171029434"
"chr5","31253491","31253624","chr8","26723415","26723536","24","4530076"
"chr5","31315623","31315926","chr5","31109465","31109777","12","206158"
"chr5","31320921","31321213","chr5","31114777","31115071","5","206144"
"chr5","31382730","31383028","chr5","31176647","31176949","4","206083"
"chr5","31464626","31464930","chr5","31265772","31266078","14","198854"
"chr5","31703771","31704087","chr17","25588444","25588755","40","6115327"
"chr5","31734981","31735287","chr5","31537557","31537863","3","197424"
"chr5","31751076","31751383","chr7","91071284","91071593","36","59320208"
"chr5","31791232","31791512","chr5","31593867","31594147","0","197365"
"chr5","31795711","31795811","chr22","33938435","33938535","24","2142724"
"chr5","31870602","31870914","chr5","31672601","31672914","2","198001"
"chr5","31891733","31892041","chr5","31693766","31694049","29","197967"
"chr5","32034376","32034678","chr5","31837352","31837654","2","197024"
"chr5","32090615","32090733","chr2B","199271339","199271453","22","167180724"
"chr5","32433649","32433769","chr5","172392908","172393028","27","139959259"
"chr5","32516105","32516389","chr5","32329378","32329682","23","186727"
"chr5","32526374","32526598","chr5","32339667","32339892","1","186707"
"chr5","32538293","32538591","chr5","32352419","32352723","8","185874"
"chr5","32564003","32564087","chr14","100673591","100673682","18","68109588"
"chr5","32621521","32621737","chr5","32435553","32435771","4","185968"
"chr5","32973326","32973467","chr1","32214152","32214279","31","759174"
"chr5","32989434","32989682","chr17","14328544","14328804","44","18660890"
"chr5","33024294","33024393","chr3","181238196","181238292","22","148213902"
"chr5","33116771","33116986","chr3","103534988","103535201","37","70418217"
"chr5","33155410","33155706","chr5","32971539","32971835","4","183871"
"chr5","33309112","33309408","chr5","33127552","33127850","3","181560"
"chr5","33313486","33313786","chr5","33131930","33132231","3","181556"
"chr5","33337732","33338040","chr5","33156877","33157178","33","180855"
"chr5","33524313","33524605","chr17","43289637","43289922","54","9765324"
"chr5","33580391","33580519","chr1","24829013","24829143","11","8751378"
"chr5","33628587","33628878","chr21","16679068","16679365","49","16949519"
"chr5","33664381","33664520","chr7","156274717","156274856","20","122610336"
"chr5","33938406","33938689","chr8","11650028","11650309","43","22288378"
"chr5","33938715","33938726","chr1","28547144","28547162","9","5391571"
"chr5","34088876","34089183","chr4","53498193","53498500","36","19409317"
"chr5","34091849","34092129","chr2B","160254236","160254494","62","126162387"
"chr5","34098581","34098878","chr5","33928416","33928715","8","170165"
"chr5","34183942","34184245","chr5","34014216","34014519","2","169726"
"chr5","34186138","34186247","chr2B","142240066","142240170","28","108053928"
"chr5","34191880","34192166","chr5","34022162","34022449","2","169718"
"chr5","34297892","34298215","chrX","65286213","65286535","43","30988321"
"chr5","34317533","34317863","chr14","83177360","83177682","49","48859827"
"chr5","34399638","34399929","chr5","34233796","34234089","3","165842"
"chr5","34453110","34453226","chr9","69573837","69573962","27","35120727"
"chr5","34654414","34654725","chr15","29980950","29981260","36","4673464"
"chr5","34663200","34663493","chr5","34502114","34502406","2","161086"
"chr5","34716270","34716576","chr5","34555803","34556109","1","160467"
"chr5","34990835","34991108","chrX","16929929","16930191","36","18060906"
"chr5","35009275","35009573","chr5","34909568","34909868","7","99707"
"chr5","35045140","35045426","chr5","34941522","34941814","8","103618"
"chr5","35051672","35052008","chr5","34948843","34949183","11","102829"
"chr5","35084669","35084902","chr15","30999422","30999654","31","4085247"
"chr5","35148549","35148847","chr5","35046174","35046471","2","102375"
"chr5","35171246","35171373","chr5","35068887","35069014","1","102359"
"chr5","35209937","35210242","chr5","35108667","35108973","2","101270"
"chr5","35255095","35255203","chr20","16652596","16652702","27","18602499"
"chr5","35296469","35296560","chr13","24059413","24059502","22","11237056"
"chr5","35310983","35311146","chr11","124492028","124492191","17","89181045"
"chr5","35321000","35321248","chr5","35221654","35221901","4","99346"
"chr5","35329014","35329307","chr5","35229680","35229974","4","99334"
"chr5","35489600","35489913","chr5","35399106","35399417","14","90494"
"chr5","35539069","35539192","chr5","35448938","35449060","2","90131"
"chr5","35540630","35540941","chr1","53118077","53118382","38","17577447"
"chr5","35797028","35797318","chr5","35720548","35720838","0","76480"
"chr5","35832707","35832948","chr5","35756314","35756555","0","76393"
"chr5","35944063","35944355","chr5","35875551","35875843","1","68512"
"chr5","35963512","35963691","chr2A","48153883","48154060","33","12190371"
"chr5","36046914","36047036","chr5","172392908","172393028","22","136345994"
"chr5","36245946","36246244","chr15","86345040","86345334","36","50099094"
"chr5","36508609","36508901","chr5","36232344","36232646","10","276265"
"chr5","36556262","36556578","chr5","36279860","36280178","4","276402"
"chr5","36577290","36577583","chr5","36302801","36303095","2","274489"
"chr5","36583939","36584202","chr5","36309126","36309387","2","274813"
"chr5","36586123","36586164","chr15","23757527","23757573","10","12828596"
"chr5","36588994","36589107","chr20","16652596","16652702","28","19936398"
"chr5","36590920","36591044","chr2B","207026815","207026935","25","170435895"
"chr5","36605185","36605477","chr8","78275599","78275898","68","41670414"
"chr5","36617741","36618043","chr5","36344031","36344335","2","273710"
"chr5","36629175","36629468","chr5","36355632","36355929","5","273543"
"chr5","36680908","36681207","chr2A","28990672","28990966","25","7690236"
"chr5","36744235","36744535","chr5","36472948","36473248","1","271287"
"chr5","36823249","36823568","chr6","33365522","33365862","77","3457727"
"chr5","36871049","36871353","chr5","36600538","36600846","8","270511"
"chr5","36969825","36970116","chr5","36696397","36696688","0","273428"
"chr5","36981136","36981323","chr5","36709818","36710006","1","271318"
"chr5","37063232","37063518","chr5","36795014","36795299","2","268218"
"chr5","37125102","37125382","chr5","36860444","36860729","7","264658"
"chr5","37179240","37179333","chr14","100673591","100673682","14","63494351"
"chr5","37385580","37385873","chr5","37127723","37128023","8","257857"
"chr5","37437275","37437583","chr5","37179899","37180208","5","257376"
"chr5","37450191","37450474","chr5","37192828","37193107","8","257363"
"chr5","37467074","37467381","chr5","37210322","37210629","4","256752"
"chr5","37601653","37601956","chr5","37348864","37349167","1","252789"
"chr5","37751088","37751379","chr20","23893094","23893391","60","13857994"
"chr5","37850900","37851203","chr5","37559155","37559454","9","291745"
"chr5","37911393","37911516","chr14","103328251","103328345","44","65416858"
"chr5","38021469","38021772","chr5","37731025","37731334","8","290444"
"chr5","38143095","38143227","chrX","97546574","97546704","9","59403479"
"chr5","38152774","38153081","chr5","37863285","37863593","2","289489"
"chr5","38548561","38548845","chr9","33729184","33729467","34","4819377"
"chr5","38835124","38835292","chr5","38549714","38549882","0","285410"
"chr5","38857515","38857828","chr10","56611456","56611755","51","17753941"
"chr5","38861327","38861636","chr5","38576789","38577106","9","284538"
"chr5","38989478","38989776","chr5","38684634","38684935","3","304844"
"chr5","39003522","39003843","chr5","38700304","38700639","16","303218"
"chr5","39039248","39039382","chr5","38736622","38736757","1","302626"
"chr5","39051474","39051699","chr5","38749193","38749418","0","302281"
"chr5","39071017","39071183","chr22","22201178","22201345","26","16869839"
"chr5","39076318","39076452","chr2A","107195506","107195649","27","68119188"
"chr5","39076460","39076576","chr2B","216519456","216519594","28","177442996"
"chr5","39085856","39086086","chr1","57095448","57095673","28","18009592"
"chr5","39262577","39262862","chr9","75562127","75562412","37","36299550"
"chr5","39310565","39310702","chr1","214242319","214242461","22","174931754"
"chr5","39326062","39326361","chr5","38950542","38950844","3","375520"
"chr5","39340559","39340733","chr12","35035076","35035244","34","4305483"
"chr5","39400360","39400657","chr5","39025058","39025358","5","375302"
"chr5","39430915","39431231","chr5","39055798","39056108","8","375117"
"chr5","39464978","39465287","chr5","39090834","39091146","5","374144"
"chr5","39499127","39499423","chr5","39126716","39127012","3","372411"
"chr5","39563488","39563597","chr17","59059909","59060023","13","19496421"
"chr5","39565740","39565836","chr9","80389825","80389922","19","40824085"
"chr5","39647574","39647703","chr5","39276333","39276462","2","371241"
"chr5","39888665","39888764","chr9","80389825","80389922","15","40501160"
"chr5","39940068","39940189","chr8","26723415","26723536","24","13216653"
"chr5","39984463","39984756","chr5","39612316","39612609","6","372147"
"chr5","40071738","40071859","chr5","39700923","39701044","2","370815"
"chr5","40214468","40214761","chr5","39849213","39849509","4","365255"
"chr5","40260480","40260767","chr5","39897459","39897750","5","363021"
"chr5","40280186","40280498","chr5","39917176","39917488","3","363010"
"chr5","40302786","40303006","chr7","133199143","133199356","50","92896357"
"chr5","40492604","40492902","chr5","40133570","40133871","6","359034"
"chr5","40517226","40517354","chr4","84675478","84675615","23","44158252"
"chr5","40622729","40623039","chr5","40264742","40265055","11","357987"
"chr5","40675110","40675198","chr13","24059413","24059502","18","16615697"
"chr5","40877282","40877372","chr14","100673591","100673682","18","59796309"
"chr5","40892468","40892753","chr5","40541511","40541802","8","350957"
"chr5","40920100","40920422","chr5","40569394","40569726","14","350706"
"chr5","40929266","40929395","chr8","26723415","26723536","25","14205851"
"chr5","41000001","41000168","chr3","128537607","128537770","26","87537606"
"chr5","41035193","41035243","chr18","17282170","17282223","18","23753023"
"chr5","41051526","41051810","chr5","40703656","40703941","2","347870"
"chr5","41062521","41062785","chr5","40715249","40715551","38","347272"
"chr5","41063305","41063610","chr5","40716071","40716378","2","347234"
"chr5","41064112","41064418","chr5","40716883","40717204","20","347229"
"chr5","41113884","41114083","chr5","40766119","40766315","3","347765"
"chr5","41177999","41178290","chr5","40831888","40832180","2","346111"
"chr5","41218996","41219285","chr12","104709930","104710218","36","63490934"
"chr5","41323475","41323757","chr5","40982033","40982331","37","341442"
"chr5","41372630","41372883","chr5","41032889","41033140","2","339741"
"chr5","41603345","41603636","chr3","46861662","46861957","43","5258317"
"chr5","41943728","41944029","chr5","41620635","41620936","2","323093"
"chr5","42056201","42056343","chr10","92530394","92530537","29","50474193"
"chr5","42210124","42210250","chr16","73743066","73743197","27","31532942"
"chr5","42305912","42306207","chr5","41988426","41988730","21","317486"
"chr5","42427470","42427772","chr5","42111922","42112226","3","315548"
"chr5","42447856","42448158","chr5","42132544","42132847","1","315312"
"chr5","42503854","42504106","chr1","139183841","139184089","29","96679987"
"chr5","42689593","42689878","chr5","42378862","42379148","4","310731"
"chr5","42813006","42813317","chr4","141609401","141609710","51","98796395"
"chr5","42818441","42818734","chr5","42509241","42509538","4","309200"
"chr5","42900667","42900958","chr5","42591214","42591517","14","309453"
"chr5","42967697","42968012","chr1","188368103","188368411","35","145400406"
"chr5","43034398","43034696","chr9","129877057","129877353","35","86842659"
"chr5","43091782","43092079","chr5","42785655","42785954","4","306127"
"chr5","43540214","43540530","chr5","43233971","43234287","4","306243"
"chr5","43570604","43570852","chr1","27041303","27041541","54","16529301"
"chr5","43575074","43575251","chr1","29277911","29278085","27","14297163"
"chr5","43590407","43590696","chr5","43286725","43287014","0","303682"
"chr5","43593722","43593848","chr4","89635842","89635967","32","46042120"
"chr5","43653422","43653718","chr5","43352262","43352559","1","301160"
"chr5","43725483","43725714","chr5","43424748","43424979","2","300735"
"chr5","44186191","44186487","chr5","43839188","43839493","14","347003"
"chr5","44273560","44273653","chr3","181238196","181238292","30","136964636"
"chr5","44403590","44403880","chrX","121240517","121240807","38","76836927"
"chr5","44425746","44426061","chr15","42231312","42231620","58","2194434"
"chr5","44440519","44440823","chr5","44097705","44098019","12","342814"
"chr5","44474183","44474398","chr1","22213209","22213430","39","22260974"
"chr5","44492231","44492308","chr5","6432148","6432210","35","38060083"
"chr5","45853033","45853178","chr5","45503969","45504114","0","349064"
"chr5","45878943","45879060","chr2B","199271339","199271453","25","153392396"
"chr5","45901179","45901332","chr10","13121102","13121251","58","32780077"
"chr5","45930704","45931016","chr5","45581436","45581745","9","349268"
"chr5","45933117","45933419","chr5","45583790","45584088","5","349327"
"chr5","46014868","46014949","chr3","181238196","181238292","29","135223328"
"chr5","46093041","46093200","chr4","191280374","191280526","23","145187333"
"chr5","46108542","46108658","chr12","133705901","133706017","12","87597359"
"chr5","46132430","46132722","chr5","45789009","45789302","1","343421"
"chr5","46134571","46134729","chr1","216420076","216420242","29","170285505"
"chr5","46140682","46140971","chr5","45797777","45798066","1","342905"
"chr5","46166965","46167090","chr5","45823134","45823259","0","343831"
"chr5","46180955","46181229","chr2A","63086723","63087016","47","16905768"
"chr5","46246399","46246697","chr5","45903226","45903526","4","343173"
"chr5","46266816","46266963","chr3","33911306","33911450","35","12355510"
"chr5","46295185","46295280","chr14","100673591","100673682","19","54378406"
"chr5","46308087","46308374","chr5","45969042","45969330","2","339045"
"chr5","46309519","46309830","chr5","45970485","45970794","3","339034"
"chr5","46315664","46315973","chr5","45976753","45977063","3","338911"
"chr5","46325591","46325892","chr5","45986697","45986997","7","338894"
"chr5","46344337","46344485","chr18","13921194","13921341","25","32423143"
"chr5","46384704","46384750","chr3","12945284","12945334","8","33439420"
"chr5","46392036","46392329","chr20","30203956","30204252","32","16188080"
"chr5","46445871","46446169","chr3","33283512","33283805","59","13162359"
"chr5","46485729","46485842","chr2A","62538961","62539069","23","16053232"
"chr5","46516937","46517244","chr5","46185855","46186171","21","331082"
"chr5","46532176","46532464","chr22","41087458","41087742","45","5444718"
"chr5","46574414","46574464","chr19","46929278","46929331","10","354864"
"chr5","46586908","46587003","chr9","80389825","80389922","14","33802917"
"chr5","46690163","46690460","chr5","46362990","46363296","12","327173"
"chr5","46786741","46787042","chr11","109941364","109941665","51","63154623"
"chr5","46816025","46816337","chr5","46490373","46490686","6","325652"
"chr5","47005377","47005517","chr2A","32693701","32693835","25","14311676"
"chr5","47093465","47093755","chr5","46775310","46775602","6","318155"
"chr5","47164647","47164946","chr1","187986169","187986471","34","140821522"
"chr5","47188107","47188399","chr5","46870245","46870539","2","317862"
"chr5","47364101","47364388","chr5","47061501","47061791","9","302600"
"chr5","47381784","47382086","chr5","47079955","47080257","1","301829"
"chr5","47576790","47576959","chr2B","221074680","221074848","33","173497890"
"chr5","48006627","48006913","chr5","47713362","47713648","4","293265"
"chr5","48067652","48067754","chr2B","142240066","142240170","29","94172414"
"chr5","48141678","48141833","chr3","154769108","154769263","30","106627430"
"chr5","48146610","48146749","chr5","47854325","47854461","4","292285"
"chr5","48205139","48205425","chr5","47915812","47916099","5","289327"
"chr5","48893300","48893556","chr5","48613373","48613638","10","279927"
"chr5","49125416","49125678","chr4","131216862","131217128","43","82091446"
"chr5","49135761","49136067","chr5","48859157","48859463","2","276604"
"chr5","49415762","49416069","chr5","49136566","49136873","2","279196"
"chr5","49459106","49459419","chr22","30574218","30574526","54","18884888"
"chr5","49767074","49767263","chr2B","210872618","210872807","43","161105544"
"chr5","49770332","49770592","chr22","41828844","41829111","68","7941488"
"chr5","49770639","49770653","chr1","28547144","28547162","9","21223495"
"chr5","49776396","49776718","chr5","49396575","49396897","1","379821"
"chr5","49888936","49889114","chr3","50636277","50636455","33","747341"
"chr5","49930789","49931086","chr2B","205718922","205719222","33","155788133"
"chr5","49953892","49954051","chr6","55699024","55699181","21","5745132"
"chr5","49985133","49985229","chr22","33938435","33938535","16","16046698"
"chr5","49996242","49996367","chr8","26723415","26723536","32","23272827"
"chr5","50004331","50004477","chr8","107433929","107434080","27","57429598"
"chr5","50032172","50032373","chr5","49660372","49660576","8","371800"
"chr5","50094971","50095274","chr5","49724877","49725184","4","370094"
"chr5","50132366","50132660","chr5","49762850","49763144","1","369516"
"chr5","50133451","50133765","chr6","138446760","138447068","47","88313309"
"chr5","50186740","50186829","chr13","24059413","24059502","19","26127327"
"chr5","50349701","50349832","chr15","62181783","62181913","19","11832082"
"chr5","50476598","50476898","chr5","50110771","50111077","6","365827"
"chr5","50636192","50636483","chr5","50271359","50271650","3","364833"
"chr5","50767016","50767282","chr5","50403926","50404192","0","363090"
"chr5","50881486","50881782","chr5","50519413","50519718","14","362073"
"chr5","50925229","50925407","chr5","50563242","50563420","2","361987"
"chr5","50952991","50953287","chr5","50591446","50591743","4","361545"
"chr5","51577911","51578184","chr10","115774487","115774753","38","64196576"
"chr5","51585736","51585995","chr5","51227383","51227647","7","358353"
"chr5","51628586","51628895","chr5","51273815","51274125","4","354771"
"chr5","51721934","51722240","chr5","51368498","51368813","10","353436"
"chr5","52028964","52029261","chr5","51681828","51682125","4","347136"
"chr5","52469182","52469380","chr5","52127333","52127532","1","341849"
"chr5","52528551","52528874","chr5","52187149","52187473","5","341402"
"chr5","52746566","52746883","chr5","52409902","52410220","3","336664"
"chr5","52945060","52945342","chr4","185966372","185966663","64","133021312"
"chr5","53012013","53012305","chr5","52676882","52677172","2","335131"
"chr5","53074863","53075045","chr5","52741078","52741271","16","333785"
"chr5","53092329","53092423","chr14","100673591","100673682","20","47581262"
"chr5","53209009","53209141","chr8","45803784","45803919","19","7405225"
"chr5","53209453","53209618","chr5","165999577","165999740","27","112790124"
"chr5","53229868","53229963","chr14","100673591","100673682","15","47443723"
"chr5","53231928","53232016","chr13","24059413","24059502","24","29172515"
"chr5","53239446","53239580","chr3","27869019","27869149","14","25370427"
"chr5","53324734","53325024","chr5","52995840","52996130","1","328894"
"chr5","53663664","53664009","chr5","53332137","53332506","24","331527"
"chr5","53716391","53716709","chr5","53384872","53385193","5","331519"
"chr5","54140687","54140967","chr5","53814910","53815190","1","325777"
"chr5","54209709","54209878","chr1","23871574","23871744","25","30338135"
"chr5","54251710","54252006","chr5","53926418","53926724","12","325292"
"chr5","54263134","54263403","chr5","53938714","53938983","1","324420"
"chr5","54526342","54526523","chr3","50636277","50636455","35","3890065"
"chr5","54564972","54565261","chr5","54242822","54243143","32","322150"
"chr5","54650710","54651010","chr5","54328662","54328964","3","322048"
"chr5","54663686","54663835","chr11","62739919","62740075","36","8076233"
"chr5","54690049","54690339","chr5","54371343","54371647","14","318706"
"chr5","54788569","54788672","chr2B","210790127","210790232","26","156001558"
"chr5","54801732","54802039","chrX","77297464","77297764","54","22495732"
"chr5","54822131","54822228","chr9","88937119","88937221","35","34114988"
"chr5","54914457","54914586","chr1","46484701","46484838","24","8429756"
"chr5","54927951","54928245","chr1","181567456","181567759","41","126639505"
"chr5","55312833","55313003","chr5","55007142","55007312","1","305691"
"chr5","55498773","55499072","chr5","55197997","55198300","6","300776"
"chr5","55512133","55512252","chr5","172392908","172393028","23","116880775"
"chr5","55575710","55575951","chr4","177855196","177855428","53","122279486"
"chr5","55657805","55658075","chr11","58824935","58825210","54","3167130"
"chr5","55753296","55753498","chr18","26743626","26743823","34","29009670"
"chr5","55755896","55756162","chr5","55458575","55458841","2","297321"
"chr5","56621590","56621894","chr5","56331008","56331305","9","290582"
"chr5","56659645","56659946","chr8","96000902","96001205","44","39341257"
"chr5","56731910","56732191","chr5","56445474","56445764","19","286436"
"chr5","56777856","56778130","chr5","56491436","56491710","1","286420"
"chr5","56842406","56842699","chr5","56559409","56559705","6","282997"
"chr5","56880112","56880408","chr5","178754535","178754832","34","121874423"
"chr5","57128623","57128738","chr5","172392908","172393028","21","115264285"
"chr5","57421495","57421778","chr5","57162058","57162339","4","259437"
"chr5","57545225","57545391","chr2A","107195506","107195649","33","49650281"
"chr5","57649323","57649615","chr5","57389936","57390228","0","259387"
"chr5","57775466","57775758","chr5","57516645","57516939","7","258821"
"chr5","57882920","57883215","chr5","57625594","57625894","6","257326"
"chr5","58350435","58350660","chr2B","169469371","169469593","32","111118936"
"chr5","58392614","58392900","chr5","58143590","58143885","9","249024"
"chr5","58394588","58394871","chr5","58145571","58145857","4","249017"
"chr5","58530362","58530501","chr14","68364211","68364351","19","9833849"
"chr5","58580620","58580915","chr5","58335640","58335934","8","244980"
"chr5","58645150","58645322","chr14","98803796","98803965","28","40158646"
"chr5","58649752","58650056","chr3","58254736","58255037","41","395016"
"chr5","58729562","58729843","chr5","58487727","58488009","2","241835"
"chr5","58800561","58800778","chr5","58558740","58558957","5","241821"
"chr5","58806883","58807125","chr5","58565042","58565284","1","241841"
"chr5","58856988","58857093","chr3","181238196","181238292","33","122381208"
"chr5","58875420","58875729","chr5","58634298","58634603","8","241122"
"chr5","59090020","59090320","chr5","58849122","58849424","3","240898"
"chr5","59138353","59138647","chr5","58949750","58950048","5","188603"
"chr5","59290617","59290902","chr5","59105451","59105737","1","185166"
"chr5","59399096","59399394","chr5","59214129","59214430","4","184967"
"chr5","59439873","59440036","chr7","133180237","133180401","30","73740364"
"chr5","59499902","59500000","chr6","159074849","159074952","23","99574947"
"chr5","59500217","59500423","chr5","59317246","59317449","7","182971"
"chr5","59589053","59589344","chr5","59409445","59409741","6","179608"
"chr5","59600319","59600595","chr7","53836552","53836823","44","5763767"
"chr5","59617571","59617685","chr5","59438305","59438419","1","179266"
"chr5","59623638","59623737","chr3","181238196","181238292","24","121614558"
"chr5","59667917","59668072","chr5","59490122","59490278","3","177795"
"chr5","59671331","59671390","chr1","33246348","33246407","17","26424983"
"chr5","59678576","59678871","chr5","59500741","59501033","10","177835"
"chr5","59684816","59684941","chr7","112797358","112797487","36","53112542"
"chr5","59732088","59732327","chr5","59554622","59554861","0","177466"
"chr5","59830622","59830914","chr5","59655553","59655857","13","175069"
"chr5","59882896","59883192","chr5","59710115","59710410","6","172781"
"chr5","59925684","59925988","chr6","138446760","138447068","43","78521076"
"chr5","59942465","59942758","chr5","59770526","59770823","4","171939"
"chr5","60070126","60070435","chr5","59900276","59900588","4","169850"
"chr5","60072573","60072876","chr3","24171779","24172083","41","35900794"
"chr5","60085165","60085457","chr5","59914462","59914753","1","170703"
"chr5","60112061","60112261","chr16","26803895","26804104","30","33308166"
"chr5","60158372","60158489","chrX","104316738","104316858","13","44158366"
"chr5","60175007","60175181","chr4","40599988","40600158","25","19575019"
"chr5","60201160","60201451","chr5","60031778","60032072","6","169382"
"chr5","60216997","60217150","chr5","60048167","60048322","3","168830"
"chr5","60247367","60247471","chr2B","199271339","199271453","28","139023972"
"chr5","60391968","60392260","chr5","60225819","60226111","1","166149"
"chr5","60434550","60434855","chr5","60268291","60268597","1","166259"
"chr5","60438409","60438710","chr5","60272523","60272827","3","165886"
"chr5","60487775","60487857","chr13","24059413","24059502","22","36428362"
"chr5","60789214","60789431","chr11","71517092","71517312","31","10727878"
"chr5","60805405","60805506","chr22","33938435","33938535","13","26866970"
"chr5","61035304","61035607","chr5","60887194","60887508","18","148110"
"chr5","61052365","61052660","chr5","60904278","60904574","5","148087"
"chr5","61165024","61165270","chr5","61019661","61019908","8","145363"
"chr5","61180485","61180780","chr5","61034927","61035230","8","145558"
"chr5","61181312","61181604","chr5","140814023","140814319","46","79632711"
"chr5","61303785","61304076","chr5","61163233","61163526","4","140552"
"chr5","61375435","61375737","chr5","61235881","61236184","3","139554"
"chr5","61682589","61682716","chr5","61543450","61543577","2","139139"
"chr5","61775201","61775499","chr5","61636780","61637079","1","138421"
"chr5","61793364","61793688","chr14","31747476","31747788","36","30045888"
"chr5","61818229","61818533","chr5","61680067","61680377","7","138162"
"chr5","62030023","62030302","chr5","61893731","61893998","13","136292"
"chr5","62081878","62082171","chr5","61945615","61945911","4","136263"
"chr5","62253908","62254207","chr5","62119881","62120180","3","134027"
"chr5","62361456","62361768","chr5","62227921","62228205","28","133535"
"chr5","62604684","62604990","chr1","26661977","26662280","36","35942707"
"chr5","62614603","62614693","chr14","100673591","100673682","15","38058988"
"chr5","62734228","62734465","chr5","62606469","62606706","0","127759"
"chr5","62960609","62960912","chr5","62838959","62839264","26","121650"
"chr5","63179186","63179480","chr5","63070456","63070751","2","108730"
"chr5","63228693","63228965","chr5","61064932","61065217","49","2163761"
"chr5","63295436","63295566","chr13","22694842","22694978","27","40600594"
"chr5","63455870","63456160","chr5","63352868","63353158","3","103002"
"chr5","63479369","63479529","chr1","7597578","7597742","24","55881791"
"chr5","63537485","63537787","chrX","45111164","45111464","35","18426321"
"chr5","63617135","63617434","chr1","29105712","29106008","35","34511423"
"chr5","63774388","63774704","chr16","22117486","22117809","49","41656902"
"chr5","63801043","63801330","chr5","63700155","63700445","4","100888"
"chr5","63805876","63806028","chr5","63704993","63705155","13","100883"
"chr5","63829814","63830096","chr9","33729184","33729467","31","30100630"
"chr5","63852239","63852535","chr5","63751421","63751717","1","100818"
"chr5","63948324","63948611","chr1","29189596","29189901","51","34758728"
"chr5","64018525","64018814","chr5","63918933","63919230","23","99592"
"chr5","64318141","64318353","chr5","64220527","64220740","4","97614"
"chr5","64479743","64480031","chr5","64385450","64385736","2","94293"
"chr5","64867258","64867565","chr5","64777879","64778186","0","89379"
"chr5","64992054","64992352","chr5","64904497","64904795","3","87557"
"chr5","65003177","65003308","chr5","172392908","172393028","32","107389731"
"chr5","65199886","65200188","chr5","65114462","65114760","4","85424"
"chr5","65212213","65212511","chr5","65126789","65127090","5","85424"
"chr5","69503063","69503218","chr17","57882420","57882566","31","11620643"
"chr5","69517312","69517620","chr5","69107681","69107989","2","409631"
"chr5","69553410","69553725","chr5","69145031","69145347","1","408379"
"chr5","69803598","69803679","chr8","46091691","46091777","20","23711907"
"chr5","69882508","69882740","chr14","73351747","73351976","39","3469239"
"chr5","70155519","70155812","chr5","69749243","69749541","6","406276"
"chr5","70373454","70373759","chr5","69981425","69981730","0","392029"
"chr5","70453424","70453723","chr5","70061347","70061647","1","392077"
"chr5","70481420","70481692","chr5","70089535","70089807","1","391885"
"chr5","70696843","70696967","chr5","70307694","70307818","0","389149"
"chr5","70782877","70782987","chr2B","142240066","142240170","27","71457189"
"chr5","70815536","70815807","chr5","70426458","70426735","9","389078"
"chr5","71110156","71110459","chr5","70722377","70722679","6","387779"
"chr5","71667164","71667472","chr5","71284662","71284972","4","382502"
"chr5","71904080","71904372","chr5","71526726","71527019","3","377354"
"chr5","71909885","71910185","chr5","71532531","71532840","15","377354"
"chr5","71945369","71945649","chr5","71568002","71568310","29","377367"
"chr5","72023868","72024176","chr5","71647502","71647809","7","376366"
"chr5","72118477","72118781","chr7","150290213","150290521","33","78171736"
"chr5","72175285","72175580","chr5","71800378","71800675","3","374907"
"chr5","72185229","72185395","chrX","40680414","40680584","36","31504815"
"chr5","72214755","72214981","chr16","22936619","22936839","49","49278136"
"chr5","72238487","72238679","chr2A","112034799","112034975","36","39796312"
"chr5","72256989","72257304","chr5","71887259","71887578","7","369730"
"chr5","72257893","72258163","chr5","71888167","71888435","8","369726"
"chr5","72293635","72293936","chr5","71926149","71926452","2","367486"
"chr5","72312955","72313033","chr1","130379185","130379250","23","58066230"
"chr5","72313036","72313106","chr19","55926177","55926238","14","16386859"
"chr5","72313107","72313274","chr4","26666455","26666626","24","45646652"
"chr5","72314073","72314203","chr14","62610265","62610395","12","9703808"
"chr5","72343543","72343803","chr5","71978238","71978498","2","365305"
"chr5","72357434","72357676","chr5","71993439","71993681","1","363995"
"chr5","72399358","72399626","chr5","72037109","72037375","4","362249"
"chr5","72452993","72453288","chr5","72091326","72091627","8","361667"
"chr5","72501147","72501453","chr5","161586074","161586381","38","89084927"
"chr5","72783152","72783414","chr5","72427422","72427687","3","355730"
"chr5","72843952","72844256","chr8","77399310","77399613","41","4555358"
"chr5","72945774","72945908","chr9","122440275","122440408","47","49494501"
"chr5","72969158","72969411","chr5","72617253","72617512","7","351905"
"chr5","73039595","73039859","chr5","72692105","72692380","12","347490"
"chr5","73138509","73138790","chr5","72792182","72792485","27","346327"
"chr5","73281241","73281538","chr5","72935583","72935886","10","345658"
"chr5","73341044","73341384","chr5","72995421","72995751","26","345623"
"chr5","73341659","73341941","chr1","28099270","28099538","44","45242389"
"chr5","73367399","73367694","chr5","73022787","73023084","3","344612"
"chr5","73371371","73371655","chr5","73026762","73027046","2","344609"
"chr5","73373418","73373541","chr12","110328271","110328400","27","36954853"
"chr5","73419786","73420089","chr5","73075200","73075504","2","344586"
"chr5","73428309","73428597","chr7","147334805","147335090","57","73906496"
"chr5","73527786","73527893","chr20","16652596","16652702","24","56875190"
"chr5","73539877","73540186","chr6","43427964","43428277","50","30111913"
"chr5","73541082","73541372","chr1","126471246","126471538","61","52930164"
"chr5","73845218","73845515","chr5","73513313","73513615","9","331905"
"chr5","74389554","74389853","chr5","74063871","74064171","4","325683"
"chr5","74424443","74424749","chr5","74098426","74098738","8","326017"
"chr5","74464318","74464607","chr5","74138682","74138971","0","325636"
"chr5","74521296","74521595","chr5","74196205","74196506","3","325091"
"chr5","74566032","74566324","chr5","74241940","74242266","36","324092"
"chr5","74590481","74590786","chr5","74268221","74268529","5","322260"
"chr5","74591307","74591399","chr5","74269050","74269142","0","322257"
"chr5","74596910","74597201","chr5","74274650","74274941","4","322260"
"chr5","74623239","74623357","chr6","159074849","159074952","29","84451610"
"chr5","74637263","74637550","chr5","74315798","74316085","1","321465"
"chr5","74642130","74642422","chr5","74321102","74321394","0","321028"
"chr5","74663614","74663902","chr5","74342567","74342855","2","321047"
"chr5","74702876","74702995","chr11","97204039","97204163","24","22501163"
"chr5","74782798","74783063","chr1","44388102","44388372","40","30394696"
"chr5","74924709","74924933","chr5","74614830","74615054","5","309879"
"chr5","74983437","74983453","chr7","54023042","54023058","5","20960395"
"chr5","74984880","74985038","chrX","71354640","71354795","22","3630240"
"chr5","75019335","75019618","chr5","74711679","74711958","5","307656"
"chr5","75192321","75192606","chr5","74888548","74888831","4","303773"
"chr5","75248108","75248383","chr5","74944442","74944748","32","303666"
"chr5","75272759","75273041","chr5","74971065","74971345","7","301694"
"chr5","75381705","75381961","chr17","14375835","14376097","60","61005870"
"chr5","75553056","75553330","chr11","58824935","58825210","31","16728121"
"chr5","75594041","75594320","chr5","75305385","75305664","2","288656"
"chr5","75610280","75610546","chr6","111430994","111431261","32","35820714"
"chr5","75648647","75648934","chr5","75360027","75360314","1","288620"
"chr5","75768188","75768478","chr5","75480587","75480881","5","287601"
"chr5","75799488","75799795","chr5","75512574","75512881","2","286914"
"chr5","75964179","75964381","chr12","8145977","8146174","30","67818202"
"chr5","76241887","76242193","chr10","109621852","109622160","43","33379965"
"chr5","76258304","76258687","chr7","66015963","66016319","88","10242341"
"chr5","76313951","76314252","chr5","76038745","76039050","4","275206"
"chr5","76358231","76358528","chr5","76083458","76083755","0","274773"
"chr5","76361509","76361817","chr5","76086739","76087047","0","274770"
"chr5","76453858","76454159","chr5","76178668","76178970","5","275190"
"chr5","76528925","76529129","chr5","76253791","76253995","1","275134"
"chr5","76730167","76730281","chr5","172392908","172393028","30","95662741"
"chr5","76938243","76938535","chr5","76669873","76670168","6","268370"
"chr5","77053144","77053242","chr14","100673591","100673682","20","23620447"
"chr5","77271296","77271606","chr5","77001836","77002146","1","269460"
"chr5","77323971","77324293","chr5","77055020","77055340","13","268951"
"chr5","77802469","77802737","chr5","77539555","77539823","2","262914"
"chr5","77827438","77827729","chr5","77566188","77566479","2","261250"
"chr5","77867635","77867954","chr5","77607187","77607506","5","260448"
"chr5","77923819","77923987","chrX","68100902","68101066","29","9822917"
"chr5","78264971","78265257","chr5","93929829","93930116","2","15664858"
"chr5","78269755","78269931","chr6","37299122","37299292","27","40970633"
"chr5","78270600","78270897","chr5","93934362","93934659","0","15663762"
"chr5","78296282","78296486","chr1","132004821","132005021","31","53708539"
"chr5","78301588","78301899","chr5","77794565","77794841","36","507023"
"chr5","78307440","78307738","chr5","77800976","77801272","3","506464"
"chr5","78312682","78312842","chr14","105165819","105165980","19","26853137"
"chr5","78345463","78345693","chr5","77840166","77840396","0","505297"
"chr5","78360959","78361254","chr5","77856417","77856712","1","504542"
"chr5","78457404","78457701","chr5","77955713","77956012","2","501691"
"chr5","78483963","78484261","chr5","77982111","77982410","2","501852"
"chr5","78506031","78506334","chr5","78004261","78004564","0","501770"
"chr5","78519461","78519751","chr5","78017804","78018095","1","501657"
"chr5","78608992","78609099","chr2B","205936995","205937106","26","127328003"
"chr5","78609563","78609864","chrX","9943873","9944173","33","68665690"
"chr5","78675495","78675797","chr5","78176297","78176599","1","499198"
"chr5","78744937","78745227","chr5","78246594","78246884","1","498343"
"chr5","78752099","78752392","chr5","78253767","78254064","6","498332"
"chr5","78898431","78898584","chr1","160945096","160945245","23","82046665"
"chr5","78948354","78948652","chr1","182739954","182740255","57","103791600"
"chr5","79162251","79162541","chr5","78669553","78669844","1","492698"
"chr5","79281344","79281656","chr7","70119494","70119804","46","9161850"
"chr5","79376141","79376433","chr5","78885268","78885562","3","490873"
"chr5","79451583","79451876","chr5","78961993","78962292","8","489590"
"chr5","79477087","79477391","chr5","78987556","78987860","1","489531"
"chr5","79797610","79797815","chr4","176755200","176755409","34","96957590"
"chr5","79808389","79808485","chr14","100673591","100673682","21","20865202"
"chr5","79904503","79904612","chr3","181238196","181238292","31","101333693"
"chr5","79995506","79995749","chr15","73499704","73499942","28","6495802"
"chr5","80029917","80030191","chr5","79538054","79538361","33","491863"
"chr5","80143429","80143731","chr5","79653170","79653475","3","490259"
"chr5","80415248","80415541","chr5","79935040","79935335","2","480208"
"chr5","80434923","80435236","chr5","79954729","79955043","9","480194"
"chr5","80475387","80475681","chr5","79995249","79995544","7","480138"
"chr5","80549577","80549881","chr4","88999671","88999966","38","8450094"
"chr5","80698296","80698587","chr5","80232621","80232919","7","465675"
"chr5","80728606","80728869","chr5","80263747","80264010","0","464859"
"chr5","80752753","80753067","chr5","80289095","80289405","7","463658"
"chr5","80947094","80947289","chr5","80490863","80491058","0","456231"
"chr5","81042779","81042862","chr11","8774884","8774956","19","72267895"
"chr5","81052772","81053081","chr5","80601574","80601884","1","451198"
"chr5","81135596","81135722","chr8","26723415","26723536","23","54412181"
"chr5","81728859","81729152","chr5","81178181","81178474","0","550678"
"chr5","81739020","81739330","chr5","81188347","81188655","2","550673"
"chr5","81759131","81759247","chr10","35377960","35378070","33","46381171"
"chr5","81759545","81759743","chr19","18402945","18403134","46","63356600"
"chr5","82190692","82190852","chrX","2617967","2618132","31","79572725"
"chr5","82196810","82197107","chr5","81660974","81661277","9","535836"
"chr5","82228461","82228665","chr2A","85324334","85324535","26","3095873"
"chr5","82242656","82242937","chr5","81706797","81707108","33","535859"
"chr5","82246572","82246831","chr5","81711109","81711391","30","535463"
"chr5","82270138","82270197","chr1","33246348","33246407","19","49023790"
"chr5","82460414","82460528","chr2B","199271339","199271453","20","116810925"
"chr5","82520813","82521121","chr5","81991404","81991722","14","529409"
"chr5","82564960","82565256","chr7","55521320","55521617","53","27043640"
"chr5","82927304","82927608","chr5","82401697","82402000","1","525607"
"chr5","83081726","83082026","chr5","82557459","82557759","2","524267"
"chr5","83082453","83082769","chr5","82558186","82558501","1","524267"
"chr5","83100803","83101113","chr5","82576543","82576840","14","524260"
"chr5","83143815","83144112","chr5","82619343","82619645","8","524472"
"chr5","83224336","83224638","chr5","82701902","82702207","8","522434"
"chr5","83272457","83272758","chr5","82750482","82750778","16","521975"
"chr5","83313173","83313388","chr5","82791938","82792153","0","521235"
"chr5","83320523","83320815","chr5","82799181","82799474","2","521342"
"chr5","83341528","83341605","chr11","8774884","8774956","19","74566644"
"chr5","83393898","83394209","chr5","82873659","82873972","6","520239"
"chr5","83458968","83459155","chr17","49741936","49742127","34","33717032"
"chr5","83492625","83492720","chr12","12586014","12586108","9","70906611"
"chr5","83503203","83503493","chr5","82987426","82987716","4","515777"
"chr5","83513282","83513580","chr5","82998008","82998306","3","515274"
"chr5","83521379","83521670","chr5","83006928","83007220","3","514451"
"chr5","83581925","83582031","chr6","159074849","159074952","29","75492924"
"chr5","83615030","83615240","chr1","133686185","133686403","43","50071155"
"chr5","83643951","83644261","chr5","83133390","83133701","13","510561"
"chr5","83656290","83656501","chr2A","71030005","71030208","37","12626285"
"chr5","83676198","83676503","chr5","83165830","83166136","1","510368"
"chr5","83683703","83683996","chr5","83174296","83174590","3","509407"
"chr5","83700808","83701129","chr5","83191914","83192220","22","508894"
"chr5","83708581","83708884","chr5","83200465","83200768","2","508116"
"chr5","83731222","83731532","chr5","83223438","83223747","3","507784"
"chr5","83770796","83771110","chr5","83263416","83263732","21","507380"
"chr5","83819266","83819296","chr17","57882378","57882408","14","25936888"
"chr5","83830005","83830020","chr1","28547144","28547162","9","55282861"
"chr5","83830332","83830499","chr1","54397545","54397708","25","29432787"
"chr5","83858301","83858619","chr5","83354416","83354737","9","503885"
"chr5","83883279","83883575","chr5","83379866","83380162","0","503413"
"chr5","83897177","83897475","chr5","83394491","83394789","7","502686"
"chr5","83923214","83923246","chr3","48388384","48388414","12","35534830"
"chr5","83943479","83943596","chr5","83441666","83441783","1","501813"
"chr5","83946441","83946728","chr5","83449033","83449321","3","497408"
"chr5","83951437","83951730","chr5","83454031","83454328","5","497406"
"chr5","84048508","84048793","chr5","83558177","83558487","29","490331"
"chr5","84063755","84064064","chr5","83573579","83573883","6","490176"
"chr5","84089045","84089163","chr2A","62538961","62539069","28","21550084"
"chr5","84141766","84141916","chr8","139782932","139783077","31","55641166"
"chr5","84152905","84153167","chr4","190832994","190833261","70","106680089"
"chr5","84163133","84163432","chr5","83683331","83683635","9","479802"
"chr5","84267736","84268032","chr3","134697669","134697962","40","50429933"
"chr5","84735292","84735550","chr5","84260714","84260973","2","474578"
"chr5","85088098","85088194","chr2B","142240066","142240170","36","57151968"
"chr5","85143442","85143760","chr5","84675212","84675532","4","468230"
"chr5","85417969","85418077","chr2B","207026815","207026935","28","121608846"
"chr5","85418935","85418952","chr1","28547144","28547162","4","56871791"
"chr5","85457139","85457426","chr5","84993720","84994013","21","463419"
"chr5","85553699","85554007","chr5","85094533","85094841","2","459166"
"chr5","85874687","85874810","chr2A","32693701","32693835","37","53180986"
"chr5","85925252","85925569","chr5","85478513","85478830","1","446739"
"chr5","85984518","85984828","chr5","85566913","85567222","2","417605"
"chr5","85985172","85985467","chr5","85567567","85567863","2","417605"
"chr5","86012125","86012419","chr5","85594887","85595184","7","417238"
"chr5","86015337","86015647","chr5","85598102","85598389","27","417235"
"chr5","86041976","86042066","chr6","66580540","66580629","13","19461436"
"chr5","86218093","86218391","chr5","85803962","85804241","21","414131"
"chr5","86485177","86485462","chr5","85891331","85891618","3","593846"
"chr5","86524256","86524548","chr5","85929312","85929617","15","594944"
"chr5","86665669","86665919","chr5","86065645","86065896","5","600024"
"chr5","86747885","86748074","chr5","86150837","86151026","1","597048"
"chr5","86867963","86868062","chr3","181238196","181238292","25","94370233"
"chr5","86986876","86987175","chr5","86391726","86392032","8","595150"
"chr5","87017437","87017710","chr5","86422474","86422751","6","594963"
"chr5","87073562","87073860","chr5","86479009","86479308","3","594553"
"chr5","87084711","87084994","chr5","86489776","86490059","0","594935"
"chr5","87495338","87495630","chr14","96539388","96539693","55","9044050"
"chr5","87626586","87626761","chr5","87041443","87041618","0","585143"
"chr5","88110172","88110350","chr5","87529887","87530065","0","580285"
"chr5","88500506","88500612","chr5","87880959","87881065","1","619547"
"chr5","88514439","88514738","chr5","87894936","87895235","1","619503"
"chr5","88775479","88775579","chr1","160944586","160944680","13","72169107"
"chr5","88827150","88827305","chrX","155632548","155632709","28","66805398"
"chr5","88835386","88835666","chr1","220909482","220909771","51","132074096"
"chr5","88996778","88997067","chr5","88382655","88382948","5","614123"
"chr5","89670687","89670979","chr5","89050725","89051018","3","619962"
"chr5","89703457","89703634","chr7","69727097","69727271","28","19976360"
"chr5","89730025","89730326","chr5","89113661","89113963","5","616364"
"chr5","89739495","89739673","chr5","89123099","89123277","0","616396"
"chr5","89773976","89774306","chrUn_GL393493","3221","3551","55","89770755"
"chr5","90110698","90110998","chr5","89502110","89502412","12","608588"
"chr5","90345520","90345817","chr5","89749440","89749738","3","596080"
"chr5","90347135","90347452","chr1","159564960","159565269","46","69217825"
"chr5","90747859","90748158","chr5","90159389","90159696","8","588470"
"chr5","90865012","90865294","chr5","90276498","90276780","0","588514"
"chr5","90952556","90952865","chr9","130932322","130932623","38","39979766"
"chr5","91057201","91057494","chr5","90470963","90471260","5","586238"
"chr5","91110290","91110572","chr5","90524341","90524652","30","585949"
"chr5","91151414","91151718","chr5","90565348","90565656","5","586066"
"chr5","91414489","91414796","chr5","90828079","90828385","4","586410"
"chr5","91567038","91567207","chr15","87173355","87173524","25","4393683"
"chr5","91696562","91696855","chr5","91112069","91112362","0","584493"
"chr5","92179800","92180102","chr5","91598837","91599143","7","580963"
"chr5","92285197","92285479","chrX","113402117","113402373","62","21116920"
"chr5","92308672","92308982","chr5","91727417","91727727","4","581255"
"chr5","92430906","92431204","chr5","91851398","91851716","23","579508"
"chr5","92459661","92459960","chr5","91880155","91880454","0","579506"
"chr5","92564331","92564582","chr5","91985887","91986138","1","578444"
"chr5","92772914","92773204","chr5","92196430","92196720","2","576484"
"chr5","92798521","92798678","chr3","20489308","20489465","35","72309213"
"chr5","92798706","92798744","chr3","48388384","48388414","17","44410322"
"chr5","92825456","92825773","chr5","92249143","92249460","5","576313"
"chr5","92850779","92851065","chr7","77001739","77002026","38","15849040"
"chr5","92929107","92929397","chr5","92353121","92353413","3","575986"
"chr5","93073776","93074090","chr5","92500767","92501081","5","573009"
"chr5","93362064","93362349","chr5","92790268","92790553","3","571796"
"chr5","93394106","93394264","chr10","91759019","91759175","22","1635087"
"chr5","93669567","93669877","chr5","93104113","93104421","7","565454"
"chr5","93926603","93926831","chr5","93288588","93288816","0","638015"
"chr5","93963283","93963593","chr5","93330397","93330707","6","632886"
"chr5","94346727","94346860","chrUn_GL394737","20401","20541","22","94326326"
"chr5","94353221","94353275","chr12","8242321","8242365","23","86110900"
"chr5","94365392","94365671","chr5","93715204","93715484","1","650188"
"chr5","94418745","94418871","chr7","112797358","112797487","24","18378613"
"chr5","94893451","94893746","chr5","94228458","94228753","1","664993"
"chr5","95102870","95102996","chr1","6844228","6844361","20","88258642"
"chr5","95336122","95336431","chr13","48954932","48955233","56","46381190"
"chr5","95438934","95439208","chr1","129337688","129337979","43","33898754"
"chr5","95443966","95444220","chr5","94789467","94789753","34","654499"
"chr5","95514853","95515160","chr5","94860503","94860810","3","654350"
"chr5","95536728","95537072","chr5","94882404","94882741","7","654324"
"chr5","95582789","95583085","chr5","94930392","94930688","3","652397"
"chr5","95899225","95899524","chr5","95251144","95251449","7","648081"
"chr5","96041649","96041956","chr5","95394255","95394556","8","647394"
"chr5","96128872","96129167","chr5","95481584","95481881","2","647288"
"chr5","96202428","96202702","chr5","95555453","95555727","0","646975"
"chr5","96369457","96369753","chr3","173983076","173983369","44","77613619"
"chr5","96390363","96390653","chr5","95747004","95747284","12","643359"
"chr5","96409038","96409340","chr1","27136256","27136563","48","69272782"
"chr5","96514377","96514687","chr5","95875778","95876087","5","638599"
"chr5","96623635","96623951","chr5","95985464","95985784","9","638171"
"chr5","96654333","96654614","chr5","96017351","96017662","30","636982"
"chr5","96680068","96680149","chr14","100673591","100673682","19","3993523"
"chr5","96714347","96714518","chr19","3832753","3832920","33","92881594"
"chr5","96726308","96726594","chr5","96089759","96090045","0","636549"
"chr5","96977820","96978108","chr19","47565501","47565789","30","49412319"
"chr5","97147714","97147826","chr2B","207026815","207026935","27","109879101"
"chr5","97265770","97266091","chr6","43427964","43428277","69","53837806"
"chr5","97337470","97337758","chr5","96722126","96722414","0","615344"
"chr5","97518802","97519104","chr5","96904000","96904304","2","614802"
"chr5","97541536","97541830","chr5","96926772","96927065","6","614764"
"chr5","97671049","97671136","chr14","100673591","100673682","14","3002542"
"chr5","97794801","97794981","chr5","97186355","97186535","0","608446"
"chr5","97798539","97798733","chr17","66668913","66669088","43","31129626"
"chr5","97821448","97821654","chr5","97213842","97214048","0","607606"
"chr5","97853408","97853690","chr5","97245808","97246090","5","607600"
"chr5","98039501","98039785","chr1","129337688","129337979","42","31298187"
"chr5","98252975","98253266","chr5","97653774","97654066","5","599201"
"chr5","98494276","98494569","chr5","97895434","97895725","8","598842"
"chr5","98497132","98497270","chr5","97898303","97898441","1","598829"
"chr5","98645964","98646186","chr5","98052966","98053188","2","592998"
"chr5","98651660","98651882","chr5","98052966","98053188","2","598694"
"chr5","98949767","98949866","chr12","12586014","12586108","13","86363753"
"chr5","98972864","98973177","chr5","98381018","98381331","0","591846"
"chr5","99342136","99342437","chr19","43328783","43329082","33","56013353"
"chr5","99528622","99528926","chr5","98942813","98943127","15","585809"
"chr5","99746077","99746282","chr14","61098121","61098326","40","38647956"
"chr5","99764328","99764617","chr10","102117428","102117720","46","2353100"
"chr5","99832384","99832677","chr5","99251368","99251662","3","581016"
"chr5","100733046","100733356","chr5","100035423","100035739","15","697623"
"chr5","100945406","100945697","chr5","100249184","100249476","2","696222"
"chr5","100949777","100949866","chr9","80389825","80389922","25","20559952"
"chr5","100964429","100964729","chr5","100268033","100268339","8","696396"
"chr5","101104254","101104550","chr5","100406185","100406488","8","698069"
"chr5","101469070","101469183","chr14","35268910","35269034","26","66200160"
"chr5","101542155","101542297","chr5","100840050","100840192","1","702105"
"chr5","101737135","101737439","chr5","101037077","101037381","0","700058"
"chr5","101939627","101939762","chr2A","32693701","32693835","22","69245926"
"chr5","102190809","102191079","chr5","101499260","101499531","1","691549"
"chr5","102969310","102969607","chr19","6585075","6585375","39","96384235"
"chr5","103305733","103305953","chr5","102600158","102600379","1","705575"
"chr5","103335597","103335911","chr5","102630478","102630792","9","705119"
"chr5","103494689","103494992","chr5","102789509","102789813","2","705180"
"chr5","103707522","103707696","chr4","2758356","2758526","35","100949166"
"chr5","103806220","103806504","chr5","103102916","103103200","2","703304"
"chr5","104151698","104151986","chr19","2579010","2579300","42","101572688"
"chr5","104159433","104159584","chr10","87769902","87770054","31","16389531"
"chr5","104469330","104469616","chr5","103771396","103771682","0","697934"
"chr5","104801597","104801898","chr5","104101835","104102136","1","699762"
"chr5","105039508","105039809","chr5","104340737","104341044","8","698771"
"chr5","105039919","105040223","chr5","104341154","104341458","0","698765"
"chr5","105473921","105474020","chr9","80389825","80389922","14","25084096"
"chr5","105850129","105850392","chr8","98899411","98899676","74","6950718"
"chr5","106098003","106098309","chr5","105413786","105414066","26","684217"
"chr5","106337283","106337543","chr7","63599206","63599477","46","42738077"
"chr5","106797774","106798069","chr5","106122425","106122721","2","675349"
"chr5","107041415","107041718","chr5","106288439","106288743","2","752976"
"chr5","107171050","107171258","chr5","106417623","106417832","5","753427"
"chr5","107196204","107196367","chr5","106442838","106443001","0","753366"
"chr5","107317150","107317451","chr5","106564741","106565039","3","752409"
"chr5","107437826","107438103","chr5","106686016","106686293","0","751810"
"chr5","107767753","107767983","chr5","107042815","107043044","3","724938"
"chr5","108427199","108427480","chr5","107665475","107665767","14","761724"
"chr5","108619909","108620191","chrX","50562644","50562925","35","58057265"
"chr5","108660095","108660385","chr5","107900801","107901092","1","759294"
"chr5","108681189","108681510","chr5","107921879","107922202","13","759310"
"chr5","108733191","108733481","chr1","129337688","129337979","32","20604497"
"chr5","108791521","108791818","chr5","108032682","108032981","4","758839"
"chr5","108975809","108975906","chr13","24059413","24059502","19","84916396"
"chr5","109215624","109215907","chr5","108460206","108460489","1","755418"
"chr5","109228903","109229109","chr19","46026086","46026292","37","63202817"
"chr5","109386407","109386701","chr5","108630416","108630712","3","755991"
"chr5","109502882","109503074","chr5","108746310","108746504","3","756572"
"chr5","109517732","109518038","chr5","108761350","108761659","5","756382"
"chr5","109693752","109694020","chr16","68804414","68804683","46","40889338"
"chr5","109786742","109787035","chr5","109027589","109027882","1","759153"
"chr5","109904429","109904737","chr5","109145437","109145743","12","758992"
"chr5","109989474","109989582","chr5","172392908","172393028","28","62403434"
"chr5","110116029","110116325","chr5","109366556","109366853","3","749473"
"chr5","110189865","110190128","chr1","28571886","28572148","36","81617979"
"chr5","110448970","110449264","chr5","109710340","109710637","5","738630"
"chr5","110478003","110478314","chr16","63236915","63237222","41","47241088"
"chr5","110500893","110501191","chr5","109761403","109761701","2","739490"
"chr5","110530818","110530990","chr5","109791696","109791859","9","739122"
"chr5","110561876","110562182","chr5","109822534","109822811","31","739342"
"chr5","110669642","110669937","chr5","109933321","109933617","2","736321"
"chr5","111082625","111082769","chr5","110354730","110354876","3","727895"
"chr5","111124337","111124636","chr5","110396177","110396477","5","728160"
"chr5","111723249","111723537","chr17","57630304","57630581","67","54092945"
"chr5","112309980","112310194","chr5","111596936","111597151","1","713044"
"chr5","112517212","112517319","chr17","13440536","13440654","24","99076676"
"chr5","112605655","112605957","chr20","30209180","30209483","47","82396475"
"chr5","112622905","112623172","chr5","111910648","111910938","27","712257"
"chr5","112639028","112639309","chr5","111926680","111926961","0","712348"
"chr5","112832443","112832734","chr5","112121216","112121510","5","711227"
"chr5","112961989","112962279","chr5","112252812","112253107","7","709177"
"chr5","113192365","113192585","chr14","35125890","35126109","50","78066475"
"chr5","113255026","113255323","chr5","112550027","112550324","3","704999"
"chr5","113263820","113264129","chr5","112558824","112559132","5","704996"
"chr5","113393964","113394039","chr11","8774884","8774956","24","104619080"
"chr5","113474860","113475010","chr4","7008692","7008843","28","106466168"
"chr5","113490500","113490564","chr9","103993079","103993149","14","9497421"
"chr5","113588259","113588551","chr5","112887860","112888150","6","700399"
"chr5","113786409","113786605","chr20","14348844","14349042","26","99437565"
"chr5","113824144","113824395","chr5","113125367","113125618","2","698777"
"chr5","113831667","113831968","chr5","113132876","113133177","1","698791"
"chr5","113883533","113883819","chr5","113184761","113185048","7","698772"
"chr5","113957789","113958089","chr11","19846296","19846594","33","94111493"
"chr5","113996683","113996972","chr5","113299567","113299863","8","697116"
"chr5","113999049","113999348","chr6","111867530","111867824","48","2131519"
"chr5","114058281","114058582","chr5","113363744","113364031","18","694537"
"chr5","114064271","114064569","chr10","5267919","5268212","40","108796352"
"chr5","114091912","114092210","chr13","35177285","35177582","31","78914627"
"chr5","114096588","114096882","chr5","113401007","113401298","10","695581"
"chr5","114255388","114255678","chr5","113559212","113559506","6","696176"
"chr5","114300253","114300339","chr5","113604153","113604232","7","696100"
"chr5","114459759","114459987","chr5","113762633","113762861","3","697126"
"chr5","114475417","114475719","chr5","113779227","113779532","6","696190"
"chr5","114591199","114591340","chr15","62181783","62181913","22","52409416"
"chr5","114591630","114591850","chr16","29088164","29088361","47","85503466"
"chr5","114625447","114625585","chr5","113930848","113930987","1","694599"
"chr5","114640947","114641250","chr5","113947101","113947407","5","693846"
"chr5","114768536","114768836","chr5","114075729","114076029","2","692807"
"chr5","114785865","114786157","chr5","114093863","114094163","10","692002"
"chr5","114849582","114849890","chr5","114157966","114158274","4","691616"
"chr5","115093714","115093999","chr3","137579329","137579612","41","22485615"
"chr5","115383129","115383251","chr8","26723415","26723536","16","88659714"
"chr5","115399173","115399466","chr5","114709240","114709534","1","689933"
"chr5","115829193","115829285","chr12","12586014","12586108","16","103243179"
"chr5","115850460","115850753","chr5","115184027","115184320","0","666433"
"chr5","116127711","116127994","chr5","115462602","115462885","1","665109"
"chr5","116220928","116221203","chr5","115556607","115556910","28","664321"
"chr5","116293511","116293679","chr20","45549956","45550123","27","70743555"
"chr5","116424430","116424724","chr5","115761430","115761729","6","663000"
"chr5","116779621","116779713","chr12","12586014","12586108","12","104193607"
"chr5","116915540","116915835","chr5","116268351","116268650","11","647189"
"chr5","116939201","116939349","chr16","19339749","19339897","36","97599452"
"chr5","117034307","117034569","chr5","116388278","116388540","1","646029"
"chr5","117051514","117051784","chr6","154412146","154412420","60","37360632"
"chr5","117368308","117368612","chr5","116726244","116726529","21","642064"
"chr5","117630376","117630497","chr2B","207026815","207026935","27","89396439"
"chr5","117765158","117765446","chr5","117124275","117124586","26","640883"
"chr5","117857439","117857753","chr5","117217889","117218198","8","639550"
"chr5","117943355","117943656","chr5","117304174","117304475","1","639181"
"chr5","117976766","117977046","chr5","117338143","117338423","1","638623"
"chr5","117987847","117988131","chr1","14360823","14361113","44","103627024"
"chr5","118017871","118018163","chr7","12438576","12438871","37","105579295"
"chr5","118064916","118065242","chr13","113916746","113917065","56","4148170"
"chr5","118391743","118392033","chr5","117763929","117764221","11","627814"
"chr5","119018918","119019217","chr5","118396595","118396894","1","622323"
"chr5","119098712","119098944","chr5","118477166","118477398","2","621546"
"chr5","119119719","119119818","chr1","160944586","160944680","16","41824867"
"chr5","119131018","119131178","chr5","118509498","118509662","6","621520"
"chr5","119479154","119479446","chr3","58254736","58255037","46","61224418"
"chr5","119583722","119584035","chr5","118964233","118964545","1","619489"
"chr5","119613696","119613742","chr5","118994912","118994958","0","618784"
"chr5","120171677","120171978","chr5","119552610","119552911","1","619067"
"chr5","120271112","120271412","chr5","119652522","119652822","0","618590"
"chr5","120334119","120334404","chr5","119715885","119716170","2","618234"
"chr5","120375217","120375526","chr5","119756819","119757128","1","618398"
"chr5","120582593","120582890","chr3","59839391","59839692","38","60743202"
"chr5","120596515","120596678","chrX","155632548","155632709","25","35036033"
"chr5","120610431","120610725","chr5","119990564","119990859","2","619867"
"chr5","120639462","120639765","chr3","5045433","5045734","39","115594029"
"chr5","120674793","120675080","chr5","120057781","120058078","14","617012"
"chr5","120950040","120950337","chr5","120348487","120348790","7","601553"
"chr5","121280638","121280955","chr5","120676057","120676374","4","604581"
"chr5","121327474","121327778","chr5","120722640","120722943","2","604834"
"chr5","121767784","121768090","chr14","77564194","77564502","25","44203590"
"chr5","121860048","121860314","chr5","121261961","121262224","4","598087"
"chr5","122455752","122456014","chr16","67924356","67924612","40","54531396"
"chr5","122558988","122559306","chr5","121974956","121975276","14","584032"
"chr5","122645039","122645348","chr5","122062579","122062883","9","582460"
"chr5","122918708","122918999","chr5","122337185","122337476","4","581523"
"chr5","122980392","122980682","chr5","122396430","122396720","2","583962"
"chr5","123249987","123250324","chr1","28143179","28143494","65","95106808"
"chr5","123524289","123524607","chr13","19942182","19942495","43","103582107"
"chr5","123688549","123688849","chr8","85569718","85570014","55","38118831"
"chr5","123717079","123717230","chr16","32052089","32052241","25","91664990"
"chr5","123836760","123836857","chr22","33938435","33938535","16","89898325"
"chr5","123905988","123906271","chr5","123323382","123323665","0","582606"
"chr5","123914976","123915129","chr8","119345289","119345437","33","4569687"
"chr5","123949771","123949957","chr5","123367830","123368016","0","581941"
"chr5","123975148","123975439","chr5","123395769","123396064","6","579379"
"chr5","124221322","124221455","chr4","84675478","84675615","24","39545844"
"chr5","124413476","124413769","chr5","123840921","123841213","6","572555"
"chr5","124589223","124589423","chr20","3760605","3760811","31","120828618"
"chr5","124741206","124741365","chr5","124174576","124174730","6","566630"
"chr5","124843882","124844180","chr11","120577485","120577784","44","4266397"
"chr5","125062655","125062939","chr9","37655366","37655651","34","87407289"
"chr5","125374067","125374370","chr5","124813567","124813868","4","560500"
"chr5","125405989","125406160","chr5","124840187","124840358","0","565802"
"chr5","125536160","125536452","chr3","154176620","154176912","31","28640460"
"chr5","125677853","125678022","chr5","125109498","125109668","2","568355"
"chr5","125831743","125832041","chr5","125265839","125266119","19","565904"
"chr5","125929596","125929907","chr5","125364071","125364381","4","565525"
"chr5","125964048","125964348","chr5","125399075","125399376","4","564973"
"chr5","126124982","126125275","chr5","125561261","125561554","2","563721"
"chr5","126334102","126334285","chr5","125767094","125767277","1","567008"
"chr5","126736318","126736579","chr5","126173265","126173526","3","563053"
"chr5","126847127","126847420","chr5","126285856","126286153","6","561271"
"chr5","127028824","127028901","chr1","126488050","126488119","22","540774"
"chr5","127657831","127658132","chr5","127104831","127105133","4","553000"
"chr5","127670954","127671098","chr5","127117962","127118109","3","552992"
"chr5","127729012","127729128","chr5","172392908","172393028","32","44663896"
"chr5","127804848","127805144","chr5","127255458","127255754","2","549390"
"chr5","127815224","127815396","chrX","112054166","112054338","24","15761058"
"chr5","127828077","127828380","chr5","127276705","127277008","2","551372"
"chr5","127833902","127833997","chr17","13332748","13332838","16","114501154"
"chr5","127837386","127837477","chr14","100673591","100673682","23","27163795"
"chr5","127838749","127838917","chr16","29960836","29961001","35","97877913"
"chr5","127898931","127899243","chr5","127348765","127349077","0","550166"
"chr5","127923819","127924114","chr5","127374049","127374345","3","549770"
"chr5","127947190","127947464","chr5","127398067","127398341","1","549123"
"chr5","127957662","127957968","chr7","39463955","39464261","49","88493707"
"chr5","127972183","127972291","chr3","181238196","181238292","28","53266013"
"chr5","128175011","128175305","chr6","156417858","156418150","35","28242847"
"chr5","128532948","128533055","chr2B","142240066","142240170","22","13707118"
"chr5","128533083","128533109","chr12","8241499","8241528","10","120291584"
"chr5","128555984","128556292","chr5","128006262","128006571","3","549722"
"chr5","129089690","129090022","chr1","112753630","112753949","67","16336060"
"chr5","129093181","129093477","chr5","128546206","128546506","5","546975"
"chr5","129109566","129109863","chr5","128562630","128562937","15","546936"
"chr5","129730659","129730971","chr5","129193892","129194203","3","536767"
"chr5","129983978","129984280","chr5","129451200","129451498","6","532778"
"chr5","130570918","130571218","chr5","130040147","130040447","1","530771"
"chr5","130589141","130589406","chr5","130057739","130058001","7","531402"
"chr5","130740839","130741030","chr12","8145977","8146174","27","122594862"
"chr5","130777715","130777998","chr5","130246351","130246633","5","531364"
"chr5","130856880","130857192","chr5","130326384","130326696","5","530496"
"chr5","131340321","131340571","chr5","130400976","130401225","2","939345"
"chr5","131442664","131442890","chr5","130505376","130505603","3","937288"
"chr5","131448471","131448781","chr5","130511184","130511496","7","937287"
"chr5","131814503","131814801","chr5","130878945","130879246","4","935558"
"chr5","131903371","131903676","chr5","130967069","130967376","3","936302"
"chr5","132170915","132171036","chr5","172392908","172393028","23","40221993"
"chr5","132229703","132230022","chr5","131288029","131288327","25","941674"
"chr5","132697815","132698108","chr5","131759144","131759437","3","938671"
"chr5","132771840","132772037","chr7","9447401","9447594","41","123324439"
"chr5","132774965","132775260","chr5","131838061","131838358","6","936904"
"chr5","132805140","132805463","chr5","131867824","131868148","1","937316"
"chr5","132831288","132831584","chr5","131894193","131894488","8","937095"
"chr5","132843406","132843698","chr1","14360823","14361113","41","118482583"
"chr5","132853513","132853814","chr5","131917755","131918057","5","935758"
"chr5","132936859","132936979","chr5","172392908","172393028","15","39456049"
"chr5","132937066","132937347","chr5","132009117","132009411","17","927949"
"chr5","132970497","132970791","chr17","56800637","56800932","36","76169860"
"chr5","132989441","132989543","chr5","132062306","132062408","3","927135"
"chr5","133053357","133053652","chr5","132126579","132126874","1","926778"
"chr5","133309845","133310114","chr5","132384699","132384968","1","925146"
"chr5","133521294","133521601","chr5","132597779","132598085","5","923515"
"chr5","133616121","133616422","chr5","132694834","132695135","4","921287"
"chr5","133812188","133812363","chr5","132891050","132891239","14","921138"
"chr5","133937241","133937403","chr14","64560671","64560836","28","69376570"
"chr5","134088500","134088814","chr5","133170793","133171095","18","917707"
"chr5","134146927","134147261","chr5","133229920","133230233","21","917007"
"chr5","134320766","134321059","chr5","133404935","133405238","32","915831"
"chr5","134383346","134383645","chr5","133468374","133468673","1","914972"
"chr5","134420549","134420618","chrY","3211148","3211211","29","131209401"
"chr5","134424673","134424989","chr5","133509502","133509811","15","915171"
"chr5","134451251","134451390","chr8","112933585","112933727","26","21517666"
"chr5","134527127","134527350","chr5","133613690","133613912","1","913437"
"chr5","134529786","134530040","chr5","133616357","133616611","1","913429"
"chr5","134530041","134530163","chr4","17286861","17286971","29","117243180"
"chr5","134557866","134558044","chr5","133645273","133645479","28","912593"
"chr5","134599969","134600103","chr1","147248776","147248910","27","12648807"
"chr5","134604360","134604660","chr5","133692446","133692748","4","911914"
"chr5","134605210","134605518","chr5","133694770","133695077","2","910440"
"chr5","134626145","134626309","chr11","43973183","43973348","24","90652962"
"chr5","134635113","134635403","chr5","133723713","133724008","7","911400"
"chr5","134650617","134650744","chr8","26723415","26723536","24","107927202"
"chr5","134653464","134653642","chr22","28740299","28740471","42","105913165"
"chr5","134733651","134733939","chr5","133825651","133825961","24","908000"
"chr5","135126097","135126365","chr5","134221737","134222005","1","904360"
"chr5","135136001","135136120","chr8","26723415","26723536","27","108412586"
"chr5","135276614","135276911","chr5","134374212","134374521","12","902402"
"chr5","135501380","135501660","chr1","22489390","22489669","34","113011990"
"chr5","135587852","135587977","chr8","106691668","106691787","25","28896184"
"chr5","135588288","135588451","chr12","56897944","56898113","29","78690344"
"chr5","135637125","135637431","chr9","93744729","93745031","35","41892396"
"chr5","135657527","135657789","chr16","68804414","68804683","41","66853113"
"chr5","135710387","135710686","chr5","134816061","134816355","5","894326"
"chr5","135787823","135788129","chr5","134897277","134897585","3","890546"
"chr5","135806941","135807235","chr5","134915208","134915502","1","891733"
"chr5","135813158","135813510","chr7","61797235","61797566","77","74015923"
"chr5","135836609","135836703","chr14","100673591","100673682","19","35163018"
"chr5","135852771","135853046","chr5","134965757","134966032","2","887014"
"chr5","135864394","135864692","chr8","48133883","48134176","47","87730511"
"chr5","135898552","135898856","chr5","135012452","135012758","4","886100"
"chr5","135903135","135903205","chr7","142529147","142529220","21","6626012"
"chr5","135917209","135917504","chr5","135031025","135031320","2","886184"
"chr5","135934109","135934201","chr14","100673591","100673682","26","35260518"
"chr5","135939345","135939587","chr17","81370742","81370983","36","54568603"
"chr5","135979153","135979328","chr12","110337694","110337858","34","25641459"
"chr5","136058436","136058660","chr3","200711023","200711239","37","64652587"
"chr5","136136963","136137266","chr5","135264223","135264526","4","872740"
"chr5","136139843","136140011","chr12","123961267","123961438","32","12178576"
"chr5","136140043","136140124","chr22","35042430","35042497","30","101097613"
"chr5","136174400","136174529","chr13","24830538","24830666","27","111343862"
"chr5","136177751","136177891","chr7","156274717","156274856","22","20096966"
"chr5","136187945","136188082","chr7","156274717","156274856","23","20086772"
"chr5","136193193","136193489","chr5","135324765","135325073","13","868428"
"chr5","136203891","136204161","chr5","135335484","135335755","2","868407"
"chr5","136205231","136205499","chr12","36396960","36397238","46","99808271"
"chr5","136214253","136214556","chr5","135345543","135345847","6","868710"
"chr5","136215733","136215996","chr5","135347504","135347767","1","868229"
"chr5","136218857","136219157","chr5","135352257","135352542","21","866600"
"chr5","136220318","136220402","chr10","27537090","27537181","16","108683228"
"chr5","136256386","136256603","chr5","135391168","135391376","15","865218"
"chr5","136259309","136259624","chr5","135396971","135397282","14","862338"
"chr5","136275726","136276019","chr5","135417079","135417376","5","858647"
"chr5","136278649","136278804","chrX","134576076","134576229","27","1702573"
"chr5","136288026","136288143","chr8","26723415","26723536","28","109564611"
"chr5","136293063","136293359","chr5","135434591","135434890","4","858472"
"chr5","136319245","136319473","chr5","135461055","135461283","2","858190"
"chr5","136319474","136319597","chr5","135461284","135461407","0","858190"
"chr5","136343379","136343686","chr11","18327054","18327350","50","118016325"
"chr5","136352095","136352369","chr5","135494968","135495247","9","857127"
"chr5","136379589","136379877","chr5","135523247","135523538","6","856342"
"chr5","136388268","136388403","chr12","118030190","118030337","32","18358078"
"chr5","136413199","136413322","chr22","35041748","35041876","33","101371451"
"chr5","136500286","136500578","chr5","135645456","135645748","1","854830"
"chr5","136709606","136709918","chr2B","150656183","150656491","37","13946577"
"chr5","137041164","137041303","chr2A","32693701","32693835","18","104347463"
"chr5","137130094","137130403","chr5","136293471","136293783","7","836623"
"chr5","137247491","137247660","chr5","136412462","136412630","2","835029"
"chr5","137250510","137250654","chr19","16137241","16137388","22","121113269"
"chr5","137277737","137277965","chr15","62202474","62202703","38","75075263"
"chr5","137293121","137293247","chr4","51557575","51557711","25","85735546"
"chr5","137429751","137430053","chr5","136594969","136595271","1","834782"
"chr5","137622779","137622871","chr14","100673591","100673682","20","36949188"
"chr5","137907148","137907251","chr22","33938435","33938535","24","103968713"
"chr5","137941437","137941553","chr20","16652596","16652702","23","121288841"
"chr5","138172857","138173156","chr5","137337089","137337364","27","835768"
"chr5","138366977","138367286","chr3","51832947","51833251","42","86534030"
"chr5","138395712","138396011","chr5","137553679","137553982","4","842033"
"chr5","138692183","138692490","chr5","137852533","137852846","8","839650"
"chr5","138884860","138885169","chr5","138047436","138047746","3","837424"
"chr5","138934309","138934614","chr5","138108272","138108574","7","826037"
"chr5","139038169","139038445","chr5","138216516","138216792","4","821653"
"chr5","139132150","139132251","chr14","100673591","100673682","24","38458559"
"chr5","139196263","139196575","chr17","28369792","28370102","38","110826471"
"chr5","139318793","139319023","chr10","100785341","100785573","39","38533452"
"chr5","139365043","139365356","chr5","138546407","138546731","14","818636"
"chr5","139400674","139400958","chr12","12733633","12733917","42","126667041"
"chr5","139439435","139439647","chr5","138621678","138621893","4","817757"
"chr5","139519908","139520213","chr5","138703030","138703337","2","816878"
"chr5","139562566","139562869","chr5","138747216","138747519","0","815350"
"chr5","139565689","139565996","chr5","138750355","138750663","16","815334"
"chr5","139613971","139614259","chr5","138805872","138806158","8","808099"
"chr5","139618443","139618667","chr3","141892507","141892732","29","2274064"
"chr5","139719726","139719993","chr10","112497600","112497871","66","27222126"
"chr5","139721877","139722173","chr5","138916591","138916896","9","805286"
"chr5","139727402","139727549","chr14","33299981","33300120","27","106427421"
"chr5","139732958","139733249","chr5","138928252","138928544","5","804706"
"chr5","139788570","139788707","chr5","138985288","138985428","4","803282"
"chr5","139791432","139791671","chr5","62606469","62606706","32","77184963"
"chr5","139791993","139792160","chr16","68351830","68351999","32","71440163"
"chr5","139824393","139824501","chrX","140109916","140110033","22","285523"
"chr5","139944149","139944276","chr5","172392908","172393028","24","32448759"
"chr5","139972954","139973136","chr2A","48153883","48154060","31","91819071"
"chr5","139985709","139985833","chr10","85792459","85792585","13","54193250"
"chr5","140003728","140004019","chr5","139208292","139208583","2","795436"
"chr5","140010225","140010322","chr14","100673591","100673682","22","39336634"
"chr5","140026375","140026686","chr5","139231916","139232227","1","794459"
"chr5","140028662","140028959","chr5","139234222","139234527","15","794440"
"chr5","140044230","140044308","chr8","46091691","46091777","21","93952539"
"chr5","140066062","140066131","chr8","4612186","4612252","13","135453876"
"chr5","140078882","140079147","chr13","27714490","27714741","71","112364392"
"chr5","140082215","140082497","chr1","62443151","62443452","58","77639064"
"chr5","140179511","140179813","chr5","139386923","139387238","15","792588"
"chr5","140206844","140207152","chr5","139417248","139417556","2","789596"
"chr5","140264545","140264811","chr5","139472982","139473248","0","791563"
"chr5","140271652","140271859","chr4","130338232","130338442","45","9933420"
"chr5","140277052","140277192","chr2A","32693701","32693835","29","107583351"
"chr5","140427321","140427453","chr5","172392908","172393028","28","31965587"
"chr5","140443903","140444044","chr5","139654545","139654691","5","789358"
"chr5","140445179","140445472","chr5","139655828","139656121","1","789351"
"chr5","140483315","140483482","chr3","196843855","196844018","34","56360540"
"chr5","140670352","140670648","chr5","139884370","139884673","9","785982"
"chr5","140671280","140671589","chr5","139885306","139885591","24","785974"
"chr5","140708276","140708549","chr5","139923024","139923297","1","785252"
"chr5","140717761","140718066","chr5","139932587","139932892","6","785174"
"chr5","140741264","140741563","chr5","139957012","139957315","7","784252"
"chr5","140795123","140795402","chr5","140011664","140011943","0","783459"
"chr5","140855000","140855129","chr5","172392908","172393028","29","31537908"
"chr5","140920338","140920406","chr17","4261422","4261478","30","136658916"
"chr5","140957962","140958025","chr1","33246348","33246407","21","107711614"
"chr5","140960593","140960682","chr22","33938435","33938535","22","107022158"
"chr5","140977817","140977938","chr8","26723415","26723536","26","114254402"
"chr5","140990223","140990417","chr5","140215171","140215365","0","775052"
"chr5","141009144","141009262","chr22","35041748","35041876","24","105967396"
"chr5","141023869","141023953","chr11","8774884","8774956","23","132248985"
"chr5","141037480","141037574","chr14","100673591","100673682","21","40363889"
"chr5","141040753","141041053","chr5","140260940","140261241","2","779813"
"chr5","141057382","141057536","chr1","11780192","11780341","29","129277190"
"chr5","141066624","141066766","chr19","16137241","16137388","26","124929383"
"chr5","141083546","141083701","chr7","49671100","49671253","23","91412446"
"chr5","141094605","141094897","chr5","140321595","140321887","0","773010"
"chr5","141097515","141097776","chr5","126173265","126173526","32","14924250"
"chr5","141187510","141187803","chr2A","27802322","27802614","28","113385188"
"chr5","141221132","141221301","chr5","140453059","140453242","14","768073"
"chr5","141222447","141222762","chr8","28940270","28940578","39","112282177"
"chr5","141268220","141268448","chr10","66425749","66425978","24","74842471"
"chr5","141514677","141514798","chr5","172392908","172393028","17","30878231"
"chr5","141546797","141546999","chr5","140780266","140780466","4","766531"
"chr5","141547593","141547898","chr5","113947101","113947407","35","27600492"
"chr5","141580515","141580809","chr5","140814023","140814319","2","766492"
"chr5","141622937","141623235","chr3","141565075","141565372","34","57862"
"chr5","141661439","141661549","chr20","16652596","16652702","21","125008843"
"chr5","141732139","141732433","chr5","140970745","140971038","2","761394"
"chr5","141761315","141761491","chr3","50636277","50636455","34","91125038"
"chr5","141806082","141806382","chr5","141043835","141044136","2","762247"
"chr5","141814748","141815056","chr5","141052635","141052938","6","762113"
"chr5","141896823","141897106","chr5","141136768","141137044","8","760055"
"chr5","141907344","141907607","chr1","75609713","75609960","53","66297631"
"chr5","141918885","141919179","chr10","94630260","94630554","40","47288625"
"chr5","141955885","141956184","chr5","141196304","141196604","4","759581"
"chr5","141956312","141956513","chr5","141196726","141196933","7","759586"
"chr5","141968925","141969234","chr5","141209378","141209688","3","759547"
"chr5","141983903","141984176","chr5","141224582","141224857","3","759321"
"chr5","142007185","142007498","chr1","24750676","24750979","54","117256509"
"chr5","142014302","142014599","chr5","141255265","141255559","4","759037"
"chr5","142085544","142085770","chr12","18309015","18309237","43","123776529"
"chr5","142087993","142088180","chr5","141332452","141332639","1","755541"
"chr5","142097191","142097498","chr5","141341653","141341960","0","755538"
"chr5","142144791","142145063","chr1","9082929","9083192","35","133061862"
"chr5","142159205","142159504","chr5","141405847","141406153","12","753358"
"chr5","142193105","142193271","chr4","116465175","116465340","33","25727930"
"chr5","142193304","142193422","chr12","124000001","124000119","23","18193303"
"chr5","142218353","142218399","chr4","158528568","158528610","12","16310215"
"chr5","142225461","142225753","chr5","141476020","141476313","2","749441"
"chr5","142225760","142225887","chr1","46484701","46484838","19","95741059"
"chr5","142679225","142679520","chr2A","63086723","63087016","35","79592502"
"chr5","142885726","142886020","chr5","142157860","142158156","3","727866"
"chr5","142925992","142926203","chr7","4561989","4562194","27","138364003"
"chr5","142931712","142932014","chr5","142204313","142204621","8","727399"
"chr5","143015215","143015475","chr5","142290301","142290555","6","724914"
"chr5","143016623","143016921","chrX","55251416","55251716","36","87765207"
"chr5","143100082","143100247","chr5","142375481","142375649","4","724601"
"chr5","143104664","143104771","chr2A","62538961","62539069","23","80565703"
"chr5","143148261","143148555","chr5","142424384","142424680","5","723877"
"chr5","143150594","143150768","chr22","28740299","28740471","26","114410295"
"chr5","143193961","143194136","chr1","91864098","91864275","40","51329863"
"chr5","143273293","143273611","chr5","140899363","140899671","47","2373930"
"chr5","143362666","143362964","chr5","142649462","142649761","1","713204"
"chr5","143391086","143391399","chr5","142678316","142678631","2","712770"
"chr5","143406914","143407208","chr5","142694739","142695034","2","712175"
"chr5","143462941","143463251","chr5","142750843","142751138","24","712098"
"chr5","143490998","143491157","chrX","65801999","65802155","21","77688999"
"chr5","143498262","143498559","chr5","142787505","142787797","6","710757"
"chr5","143659670","143659979","chr5","142950838","142951148","8","708832"
"chr5","143662572","143662867","chr8","18722584","18722880","53","124939988"
"chr5","143736062","143736356","chr3","12939311","12939601","36","130796751"
"chr5","143764524","143764692","chr17","65022846","65023010","28","78741678"
"chr5","143769363","143769654","chr21","4065891","4066188","39","139703472"
"chr5","143795281","143795578","chr7","12438576","12438871","32","131356705"
"chr5","143808212","143808497","chr5","143100063","143100359","11","708149"
"chr5","143887550","143887848","chr5","143182656","143182960","9","704894"
"chr5","143983130","143983417","chr14","78305044","78305331","43","65678086"
"chr5","144052765","144052877","chr2B","199271339","199271453","27","55218574"
"chr5","144070324","144070592","chr11","34035117","34035380","44","110035207"
"chr5","144091755","144092039","chr5","143387882","143388166","1","703873"
"chr5","144332983","144333264","chr5","143629004","143629284","2","703979"
"chr5","144916059","144916214","chr14","25877750","25877904","29","119038309"
"chr5","144923192","144923436","chr17","13388958","13389211","41","131534234"
"chr5","144969220","144969510","chr5","144267225","144267518","4","701995"
"chr5","145017775","145018063","chr5","144315709","144315997","2","702066"
"chr5","145039803","145040048","chr5","144337731","144337952","26","702072"
"chr5","145065241","145065551","chr5","144363719","144364018","13","701522"
"chr5","145065971","145066274","chr5","144364436","144364739","0","701535"
"chr5","145141642","145141927","chr5","144443372","144443664","9","698270"
"chr5","145240019","145240244","chr6","43608565","43608781","38","101631454"
"chr5","145240673","145240807","chr1","25830186","25830316","19","119410487"
"chr5","145248455","145248582","chr14","35268910","35269034","27","109979545"
"chr5","145263946","145264234","chr5","144566066","144566355","7","697880"
"chr5","145295826","145296125","chr5","144597950","144598248","3","697876"
"chr5","145374958","145375270","chr5","144677363","144677650","29","697595"
"chr5","145390202","145390509","chr5","144692576","144692884","2","697626"
"chr5","145457607","145457871","chr5","144762093","144762353","5","695514"
"chr5","146016626","146016922","chr5","145326035","145326333","6","690591"
"chr5","146268968","146269252","chr5","145595777","145596061","1","673191"
"chr5","146284206","146284487","chr1","21064590","21064871","36","125219616"
"chr5","146294511","146294776","chr5","145624260","145624525","2","670251"
"chr5","146410183","146410474","chr5","145741486","145741772","10","668697"
"chr5","146513622","146513854","chr5","145848157","145848389","2","665465"
"chr5","146699818","146700132","chr5","146035908","146036223","6","663910"
"chr5","146942787","146943096","chr5","146287391","146287702","10","655396"
"chr5","147020354","147020654","chr5","146372185","146372485","3","648169"
"chr5","147141517","147141791","chr5","146493261","146493534","3","648256"
"chr5","147199932","147200224","chr5","146552808","146553100","2","647124"
"chr5","147204206","147204501","chr5","146557085","146557381","2","647121"
"chr5","147223531","147223826","chr5","146576029","146576329","5","647502"
"chr5","147268843","147269125","chr5","146621266","146621548","2","647577"
"chr5","147340932","147341070","chr7","156274717","156274856","24","8933785"
"chr5","147595925","147596221","chr5","146968840","146969138","4","627085"
"chr5","147601736","147602012","chr5","146974665","146974957","16","627071"
"chr5","147651075","147651212","chr5","14780945","14781085","24","132870130"
"chr5","147667866","147668158","chr5","147041450","147041742","1","626416"
"chr5","147690201","147690304","chr6","159074849","159074952","20","11384648"
"chr5","147780391","147780665","chr5","147154813","147155091","6","625578"
"chr5","147810385","147810695","chr6","112739491","112739798","34","35070894"
"chr5","147842088","147842372","chr4","188864051","188864338","38","41021963"
"chr5","147845247","147845548","chr5","147221499","147221800","2","623748"
"chr5","147992954","147993262","chr7","139412367","139412669","53","8580587"
"chr5","148007823","148007947","chr2B","207026815","207026935","31","59018992"
"chr5","148020567","148020868","chr5","147398940","147399241","1","621627"
"chr5","148191624","148191793","chr6","42414698","42414867","21","105776926"
"chr5","148365778","148366077","chrX","49568577","49568890","35","98797201"
"chr5","148391096","148391350","chr5","147769945","147770207","8","621151"
"chr5","148571562","148571867","chr5","147953023","147953330","4","618539"
"chr5","148645044","148645180","chr5","148027431","148027567","0","617613"
"chr5","149345712","149345842","chr1","6844228","6844361","19","142501484"
"chr5","149357913","149358209","chr5","148751035","148751331","2","606878"
"chr5","149365258","149365634","chr5","148758393","148758755","16","606865"
"chr5","149402106","149402419","chr5","148795625","148795929","9","606481"
"chr5","149548299","149548599","chr5","148943567","148943867","0","604732"
"chr5","149941389","149941678","chr5","149336224","149336513","3","605165"
"chr5","150693852","150694148","chr1","45934197","45934491","45","104759655"
"chr5","150744954","150745113","chr1","139636360","139636527","30","11108594"
"chr5","150776060","150776359","chr5","150183978","150184280","6","592082"
"chr5","150848367","150848666","chr5","150256719","150257018","0","591648"
"chr5","150851718","150852005","chr5","150260079","150260365","5","591639"
"chr5","150867637","150867938","chr1","53118077","53118382","34","97749560"
"chr5","150942352","150942658","chr1","178709323","178709622","55","27766971"
"chr5","150966273","150966361","chr14","100673591","100673682","20","50292682"
"chr5","150975318","150975621","chr5","150385586","150385891","2","589732"
"chr5","150993166","150993446","chr5","150403963","150404242","2","589203"
"chr5","151009664","151009802","chr12","6546624","6546764","17","144463040"
"chr5","151017326","151017628","chr5","150428342","150428644","1","588984"
"chr5","151311722","151312010","chr5","150731534","150731820","3","580188"
"chr5","151389788","151390032","chr5","150811657","150811903","2","578131"
"chr5","151477536","151477848","chr1","21949805","21950110","48","129527731"
"chr5","151505055","151505199","chr10","92530394","92530537","22","58974661"
"chr5","151697136","151697408","chr5","151128527","151128799","1","568609"
"chr5","151720292","151720573","chr9","101967670","101967956","33","49752622"
"chr5","151794109","151794409","chr5","16926821","16927116","58","134867288"
"chr5","151825655","151825864","chr5","151258515","151258724","1","567140"
"chr5","151847012","151847293","chr19","51845746","51846028","37","100001266"
"chr5","151851600","151851908","chr5","151285020","151285333","5","566580"
"chr5","151852033","151852328","chr5","151285458","151285757","6","566575"
"chr5","151861990","151862291","chr5","151296522","151296820","13","565468"
"chr5","151900436","151900533","chr14","100673591","100673682","19","51226845"
"chr5","151999735","151999998","chrX","75862310","75862574","37","76137425"
"chr5","152074977","152075279","chr13","30185139","30185437","30","121889838"
"chr5","152101695","152102005","chr5","151537727","151538007","32","563968"
"chr5","152145198","152145503","chr5","151584402","151584707","0","560796"
"chr5","152426544","152426821","chr1","124399374","124399636","50","28027170"
"chr5","152443465","152443762","chr5","151877129","151877427","5","566336"
"chr5","152624839","152625153","chr5","152064375","152064690","1","560464"
"chr5","152635055","152635134","chr3","27665315","27665404","23","124969740"
"chr5","152810828","152811128","chr5","152251214","152251514","3","559614"
"chr5","152825601","152825879","chr1","24005242","24005515","45","128820359"
"chr5","153102760","153103045","chr5","152542172","152542471","15","560588"
"chr5","153123190","153123486","chr5","152562645","152562945","5","560545"
"chr5","153130387","153130679","chr5","152570279","152570563","14","560108"
"chr5","153139701","153139944","chr15","39819044","39819289","38","113320657"
"chr5","153181725","153182028","chr5","152622390","152622695","5","559335"
"chr5","153208849","153209148","chr5","152650283","152650589","8","558566"
"chr5","153229264","153229372","chr20","16652596","16652702","16","136576668"
"chr5","153229470","153229766","chr5","152670903","152671200","1","558567"
"chr5","153264847","153264950","chr3","181238196","181238292","25","27973349"
"chr5","153869047","153869318","chr5","153307485","153307772","19","561562"
"chr5","154029921","154030002","chr11","8774884","8774956","17","145255037"
"chr5","154278472","154278778","chr5","153719354","153719664","8","559118"
"chr5","154440976","154441090","chr20","16652596","16652702","24","137788380"
"chr5","154568239","154568530","chr5","154011156","154011447","3","557083"
"chr5","154971942","154972251","chr5","154417062","154417367","4","554880"
"chr5","154986295","154986590","chr5","154431432","154431727","0","554863"
"chr5","155075002","155075295","chr5","154520204","154520498","2","554798"
"chr5","155141827","155142131","chr5","154587798","154588107","5","554029"
"chr5","155228309","155228598","chr6","172460927","172461217","44","17232618"
"chr5","155469899","155470197","chr5","154917351","154917661","13","552548"
"chr5","155537549","155537816","chr11","63382594","63382858","38","92154955"
"chr5","155929847","155930152","chr5","155378035","155378340","0","551812"
"chr5","155944016","155944185","chr18","16129447","16129614","25","139814569"
"chr5","155963742","155964041","chr5","155412868","155413167","1","550874"
"chr5","155995901","155996044","chr6","8152168","8152308","16","147843733"
"chr5","156014141","156014399","chr5","155463058","155463317","3","551083"
"chr5","156053703","156053943","chr15","73499704","73499942","29","82553999"
"chr5","156058390","156058553","chr11","43973183","43973348","26","112085207"
"chr5","156060378","156060691","chr13","20945248","20945556","59","135115130"
"chr5","156071143","156071294","chr19","59252894","59253042","24","96818249"
"chr5","156101096","156101412","chr5","155552509","155552819","30","548587"
"chr5","156102329","156102633","chr5","155553737","155554038","4","548592"
"chr5","156109911","156110217","chr5","155560916","155561226","9","548995"
"chr5","156114350","156114644","chr3","33283512","33283805","28","122830838"
"chr5","156131505","156131610","chr1","87599106","87599219","24","68532399"
"chr5","156136847","156137073","chr5","155588595","155588825","5","548252"
"chr5","156160815","156161122","chr5","155613510","155613816","2","547305"
"chr5","156232683","156232985","chr5","155688960","155689257","6","543723"
"chr5","156240680","156240873","chr5","76266656","76266847","29","79974024"
"chr5","156260507","156260745","chr5","155718972","155719212","3","541535"
"chr5","156275395","156275526","chr2B","171103038","171103174","19","14827643"
"chr5","156292089","156292388","chr3","66897020","66897313","34","89395069"
"chr5","156336566","156336700","chr2A","32693701","32693835","23","123642865"
"chr5","156362813","156363101","chr17","36583762","36584052","39","119779051"
"chr5","156668398","156668539","chr13","22694842","22694978","29","133973556"
"chr5","156725333","156725409","chr1","33246348","33246407","27","123478985"
"chr5","157160321","157160627","chr5","156630529","156630839","9","529792"
"chr5","157221635","157221932","chr5","156691961","156692258","5","529674"
"chr5","157336322","157336614","chr5","156807292","156807580","4","529030"
"chr5","157343765","157344047","chr5","156814718","156815000","0","529047"
"chr5","157421683","157421974","chr5","156894212","156894502","1","527471"
"chr5","157699652","157699762","chr17","59059909","59060023","14","98639743"
"chr5","157853715","157854005","chr5","157333222","157333518","7","520493"
"chr5","157874859","157875148","chr5","157354416","157354709","8","520443"
"chr5","158098999","158099038","chr11","7916638","7916681","8","150182361"
"chr5","158223586","158223750","chr4","84146256","84146422","32","74077330"
"chr5","158245703","158246013","chr5","157733228","157733539","2","512475"
"chr5","158329892","158330210","chr5","157817646","157817967","6","512246"
"chr5","158343157","158343236","chr11","8774884","8774956","25","149568273"
"chr5","159108176","159108477","chr5","157959385","157959684","10","1148791"
"chr5","159109437","159109727","chr5","157960641","157960935","9","1148796"
"chr5","159121905","159121971","chr17","4261422","4261478","27","154860483"
"chr5","159146611","159146710","chr17","13332748","13332838","21","145813863"
"chr5","159211721","159211881","chr5","158065122","158065251","31","1146599"
"chr5","159214224","159214323","chr1","160944586","160944680","15","1730362"
"chr5","159232134","159232421","chr5","158085626","158085914","7","1146508"
"chr5","159267496","159267792","chr5","158121257","158121553","3","1146239"
"chr5","159273070","159273339","chr5","158126831","158127100","0","1146239"
"chr5","159284728","159284822","chr2B","142240066","142240170","34","17044662"
"chr5","159403895","159404067","chr6","37299122","37299292","26","122104773"
"chr5","159465641","159465934","chr5","158324854","158325155","9","1140787"
"chr5","159606765","159607064","chr5","158467038","158467346","10","1139727"
"chr5","159664052","159664347","chr5","158525424","158525722","9","1138628"
"chr5","159690020","159690330","chr9","6609238","6609550","47","153080782"
"chr5","159713337","159713625","chr5","158576423","158576711","3","1136914"
"chr5","159748340","159748645","chr1","10063605","10063905","34","149684735"
"chr5","159769724","159770033","chr2B","183804151","183804457","35","24034427"
"chr5","159905671","159905808","chr5","158780537","158780706","32","1125134"
"chr5","159936949","159937260","chr5","158814030","158814341","0","1122919"
"chr5","159956919","159957161","chr20","18102590","18102837","39","141854329"
"chr5","160061464","160061755","chr5","158945136","158945428","1","1116328"
"chr5","160102274","160102573","chr5","81660974","81661277","47","78441300"
"chr5","160142636","160142940","chr1","19669608","19669915","38","140473028"
"chr5","160182426","160182727","chr5","159067807","159068107","1","1114619"
"chr5","160574661","160574798","chr17","15500001","15500133","35","145074660"
"chr5","161160904","161161031","chr2B","139795701","139795833","26","21365203"
"chr5","161195673","161195960","chr2A","54888749","54889038","34","106306924"
"chr5","161199846","161200080","chr5","160096241","160096475","1","1103605"
"chr5","161259699","161259997","chr5","160156002","160156300","2","1103697"
"chr5","161543903","161544029","chr16","73743066","73743197","29","87800837"
"chr5","161549967","161550277","chr5","160448881","160449190","5","1101086"
"chr5","161768448","161768740","chr4","39147057","39147350","32","122621391"
"chr5","161944413","161944722","chr5","160848790","160849101","7","1095623"
"chr5","162112919","162113004","chr8","46091691","46091777","19","116021228"
"chr5","162119393","162119682","chr5","161024642","161024931","1","1094751"
"chr5","162138115","162138398","chr20","38649218","38649504","28","123488897"
"chr5","162145942","162146234","chr5","161051939","161052231","0","1094003"
"chr5","162148094","162148389","chr5","161054097","161054393","2","1093997"
"chr5","162157847","162158140","chr5","161063659","161063951","2","1094188"
"chr5","162163079","162163379","chr5","161069586","161069884","4","1093493"
"chr5","162210843","162210934","chr14","100673591","100673682","19","61537252"
"chr5","162211751","162212050","chr5","161119042","161119341","3","1092709"
"chr5","162214348","162214650","chr5","161121647","161121952","9","1092701"
"chr5","162231676","162231957","chr5","161139159","161139437","6","1092517"
"chr5","162235452","162235757","chr5","161143208","161143513","1","1092244"
"chr5","162261776","162262069","chr5","161169758","161170052","2","1092018"
"chr5","162270187","162270488","chr5","161178491","161178788","7","1091696"
"chr5","162280533","162280705","chr6","37299122","37299292","30","124981411"
"chr5","162299638","162299938","chr10","71265426","71265724","39","91034212"
"chr5","162305848","162306142","chr5","161215167","161215460","5","1090681"
"chr5","162407634","162407838","chr5","161235361","161235565","4","1172273"
"chr5","162446295","162446583","chr5","161274167","161274460","14","1172128"
"chr5","162481602","162481856","chr5","161313208","161313463","2","1168394"
"chr5","162580915","162581227","chr5","161414971","161415279","4","1165944"
"chr5","162727645","162727941","chr5","161571388","161571687","5","1156257"
"chr5","162742138","162742445","chr5","161586074","161586381","5","1156064"
"chr5","163132752","163132970","chr5","161979175","161979393","2","1153577"
"chr5","163182489","163182580","chr8","46091691","46091777","16","117090798"
"chr5","163280102","163280410","chr5","162126439","162126747","0","1153663"
"chr5","163520622","163520926","chr5","162369958","162370265","3","1150664"
"chr5","163990803","163990984","chr9","106392715","106392889","30","57598088"
"chr5","164071638","164071948","chr5","162936529","162936837","4","1135109"
"chr5","164510305","164510616","chr5","163386943","163387254","3","1123362"
"chr5","164883668","164883962","chr5","163771816","163772110","1","1111852"
"chr5","164923683","164923790","chr1","87599106","87599219","29","77324577"
"chr5","165083118","165083384","chr5","163977870","163978136","1","1105248"
"chr5","165116879","165117063","chr5","164011282","164011468","3","1105597"
"chr5","165214866","165215153","chr5","164113393","164113683","4","1101473"
"chr5","165258402","165258556","chr5","164157146","164157300","0","1101256"
"chr5","165431766","165431906","chr16","52369926","52370074","25","113061840"
"chr5","165486638","165486800","chrX","71354640","71354795","25","94131998"
"chr5","165507932","165508227","chr19","11555774","11556069","30","153952158"
"chr5","165537388","165537507","chr2B","199271339","199271453","23","33733951"
"chr5","165568779","165569069","chr5","164383863","164384160","7","1184916"
"chr5","165630332","165630631","chr1","32772880","32773176","36","132857452"
"chr5","165674199","165674356","chr1","54397545","54397708","23","111276654"
"chr5","165699542","165699653","chr2A","62538961","62539069","24","103160581"
"chr5","165729229","165729445","chr3","156695884","156696114","50","9033345"
"chr5","165987542","165987800","chr5","164809708","164809967","1","1177834"
"chr5","166029461","166029650","chr5","164851344","164851538","13","1178117"
"chr5","166443061","166443332","chr5","165264705","165264976","1","1178356"
"chr5","166680993","166681261","chr5","165508792","165509062","6","1172201"
"chr5","166756522","166756664","chr2B","226522304","226522446","42","59765782"
"chr5","167008294","167008590","chr5","165839185","165839482","4","1169109"
"chr5","167052063","167052360","chr5","165883247","165883556","15","1168816"
"chr5","167131048","167131166","chr5","172392908","172393028","29","5261860"
"chr5","167165791","167165954","chr5","165999577","165999740","0","1166214"
"chr5","167170771","167170973","chr16","29088164","29088361","38","138082607"
"chr5","167215215","167215507","chr5","166050919","166051216","7","1164296"
"chr5","167548826","167549024","chr5","166390482","166390690","12","1158344"
"chr5","167600426","167600561","chr2A","32693701","32693835","26","134906725"
"chr5","167603198","167603397","chr5","166445214","166445416","6","1157984"
"chr5","167619616","167619913","chr5","166461669","166461967","3","1157947"
"chr5","167632393","167632615","chr5","166474460","166474685","6","1157933"
"chr5","167739070","167739382","chr1","126275468","126275776","36","41463602"
"chr5","167752129","167752437","chr5","166595523","166595823","20","1156606"
"chr5","168060578","168060869","chr5","166907914","166908215","11","1152664"
"chr5","168095086","168095166","chr11","8774884","8774956","16","159320202"
"chr5","168109651","168109936","chr14","25731844","25732128","44","142377807"
"chr5","168140348","168140647","chr19","43328783","43329082","37","124811565"
"chr5","168260494","168260596","chr22","33938435","33938535","18","134322059"
"chr5","168336962","168337127","chr11","124492028","124492191","30","43844934"
"chr5","168486152","168486445","chr21","12554547","12554835","49","155931605"
"chr5","168642432","168642654","chr5","167496634","167496856","1","1145798"
"chr5","168733517","168733805","chr5","167587400","167587688","1","1146117"
"chr5","168784910","168785208","chr14","77564194","77564502","47","91220716"
"chr5","168936854","168937195","chr5","167793063","167793378","28","1143791"
"chr5","168984821","168985131","chr5","167842528","167842838","4","1142293"
"chr5","169001383","169001675","chr5","167859075","167859366","5","1142308"
"chr5","169029663","169029969","chr5","167887132","167887434","7","1142531"
"chr5","169036390","169036581","chr5","76266656","76266847","23","92769734"
"chr5","169059719","169060030","chr5","167918158","167918469","11","1141561"
"chr5","169088120","169088431","chr5","167947154","167947457","9","1140966"
"chr5","169138478","169138552","chr11","8774884","8774956","26","160363594"
"chr5","169278333","169278615","chr5","168136233","168136513","3","1142100"
"chr5","169400560","169400871","chr22","34960081","34960390","38","134440479"
"chr5","169567694","169567998","chr5","168432226","168432532","5","1135468"
"chr5","169730468","169730792","chr5","168596473","168596816","23","1133995"
"chr5","169850072","169850400","chr5","168717671","168717999","5","1132401"
"chr5","169975221","169975509","chr2B","239404238","239404533","48","69429017"
"chr5","170021274","170021406","chr12","6546624","6546764","32","163474650"
"chr5","170052605","170052897","chr2A","72126431","72126725","42","97926174"
"chr5","170179651","170179957","chr5","169050404","169050710","3","1129247"
"chr5","170217230","170217539","chr5","169088327","169088637","6","1128903"
"chr5","170422673","170422975","chr5","169298828","169299130","0","1123845"
"chr5","170603731","170603808","chr20","4894744","4894814","21","165708987"
"chr5","170605573","170605677","chr3","181238196","181238292","28","10632623"
"chr5","170651369","170651667","chr5","169530820","169531122","13","1120549"
"chr5","170679565","170679732","chrX","87941896","87942074","40","82737669"
"chr5","170701718","170701960","chr5","169582341","169582583","3","1119377"
"chr5","170982164","170982432","chr5","169864540","169864809","1","1117624"
"chr5","170994780","170995072","chr5","169877156","169877463","16","1117624"
"chr5","171049801","171050095","chr5","169935053","169935349","5","1114748"
"chr5","171060930","171061244","chr10","76305134","76305444","35","94755796"
"chr5","171219309","171219599","chr5","170107408","170107699","3","1111901"
"chr5","171265054","171265363","chr5","170152616","170152925","12","1112438"
"chr5","171656647","171656941","chr5","170548693","170548987","1","1107954"
"chr5","171812354","171812659","chr5","170693479","170693784","1","1118875"
"chr5","172017542","172017786","chr6","152649833","152650055","48","19367709"
"chr5","172078199","172078502","chr5","170961662","170961966","2","1116537"
"chr5","172354553","172354850","chr5","171240154","171240451","2","1114399"
"chr5","172418697","172419001","chr3","188792402","188792702","34","16373705"
"chr5","172443527","172443707","chr5","171329402","171329580","2","1114125"
"chr5","172546599","172546707","chr2B","199271339","199271453","25","26724740"
"chr5","172924633","172924943","chr16","22249642","22249945","58","150674991"
"chr5","173232901","173233189","chr5","172131953","172132242","6","1100948"
"chr5","173346699","173346977","chr16","68804414","68804683","48","104542285"
"chr5","173390243","173390355","chr2B","210790127","210790232","25","37399884"
"chr5","173481494","173481613","chr7","112797358","112797487","22","60684136"
"chr5","173486012","173486309","chr22","29981224","29981520","40","143504788"
"chr5","173487912","173488028","chr9","69573837","69573962","29","103914075"
"chr5","173542092","173542302","chr2B","238796286","238796499","24","65254194"
"chr5","173605347","173605473","chr15","81017045","81017179","25","92588302"
"chr5","173658777","173658900","chr8","26723415","26723536","28","146935362"
"chr5","173821045","173821377","chr5","172728714","172729045","8","1092331"
"chr5","174186759","174187055","chr7","114046668","114046967","31","60140091"
"chr5","174202754","174203065","chr5","172948194","172948503","3","1254560"
"chr5","174214536","174214825","chr5","172960220","172960509","1","1254316"
"chr5","174250718","174251006","chr7","141274841","141275125","82","32975877"
"chr5","174275846","174276042","chr5","140780266","140780466","33","33495580"
"chr5","174292052","174292185","chr3","27869019","27869149","16","146423033"
"chr5","174292489","174292646","chr4","73252540","73252702","25","101039949"
"chr5","174293863","174293978","chr2B","199271339","199271453","25","24977476"
"chr5","174320332","174320441","chr20","49213010","49213114","33","125107322"
"chr5","174341412","174341550","chr2A","32693701","32693835","26","141647711"
"chr5","174393874","174394080","chr19","46026086","46026292","35","128367788"
"chr5","174404900","174405201","chr5","173155273","173155576","6","1249627"
"chr5","174414192","174414489","chr5","173164595","173164899","11","1249597"
"chr5","174449154","174449300","chr7","4235502","4235638","31","170213652"
"chr5","174449597","174449648","chr3","12945284","12945334","10","161504313"
"chr5","174529784","174529900","chr2A","32693701","32693835","31","141836083"
"chr5","174544959","174545194","chr5","173297924","173298157","3","1247035"
"chr5","174713907","174714010","chr14","100673591","100673682","28","74040316"
"chr5","174742819","174743099","chr5","173498712","173498992","4","1244107"
"chr5","174768832","174769109","chr10","60660195","60660470","38","114108637"
"chr5","174790702","174790906","chr8","132541154","132541365","30","42249548"
"chr5","174957548","174957803","chr5","173719320","173719578","5","1238228"
"chr5","174976481","174976786","chr5","173738856","173739166","8","1237625"
"chr5","175014689","175014832","chr4","28030717","28030863","28","146983972"
"chr5","175047828","175048132","chr15","36966649","36966959","41","138081179"
"chr5","175176223","175176503","chr5","173942457","173942767","30","1233766"
"chr5","175202196","175202358","chr19","17061841","17062005","27","158140355"
"chr5","175204266","175204523","chr5","173970409","173970668","4","1233857"
"chr5","175258911","175259207","chr5","174026093","174026390","4","1232818"
"chr5","175261380","175261549","chr6","159411179","159411351","26","15850201"
"chr5","175309045","175309307","chr5","174079167","174079429","2","1229878"
"chr5","175313477","175313760","chr5","174083368","174083651","1","1230109"
"chr5","175321277","175321572","chr5","174091535","174091846","16","1229742"
"chr5","175479119","175479407","chr5","174253190","174253476","4","1225929"
"chr5","175824475","175824774","chr5","174607548","174607845","4","1216927"
"chr5","175900023","175900158","chr2A","32693701","32693835","30","143206322"
"chr5","176027263","176027570","chr5","174814073","174814380","0","1213190"
"chr5","176047823","176048110","chr5","174835697","174835987","4","1212126"
"chr5","176254279","176254358","chr11","8774884","8774956","22","167479395"
"chr5","176302437","176302613","chr1","12099448","12099619","30","164202989"
"chr5","176488247","176488362","chr8","26723415","26723536","26","149764832"
"chr5","176543694","176543974","chr1","21064590","21064871","40","155479104"
"chr5","176699456","176699759","chr5","175502337","175502640","5","1197119"
"chr5","176829635","176829896","chr5","175633568","175633848","22","1196067"
"chr5","176923848","176924143","chr5","175730941","175731240","4","1192907"
"chr5","176983141","176983434","chr5","175798150","175798442","2","1184991"
"chr5","176984567","176984895","chr5","175799573","175799892","14","1184994"
"chr5","176997934","176998241","chr5","175812999","175813300","6","1184935"
"chr5","176999902","177000000","chr6","159074849","159074952","16","17925053"
"chr5","177011681","177011908","chr11","106727756","106727949","76","70283925"
"chr5","177026033","177026328","chr5","175841448","175841746","9","1184585"
"chr5","177032016","177032319","chr5","175847427","175847733","5","1184589"
"chr5","177120725","177120996","chr5","175936391","175936689","27","1184334"
"chr5","177121644","177121895","chr5","175937337","175937597","13","1184307"
"chr5","177173592","177173749","chr5","175990298","175990451","4","1183294"
"chr5","177183654","177183954","chr5","176000344","176000649","7","1183310"
"chr5","177201426","177201724","chr5","176019977","176020274","3","1181449"
"chr5","177264939","177265237","chr14","79111886","79112182","44","98153053"
"chr5","177286325","177286618","chr5","176105646","176105941","7","1180679"
"chr5","177317018","177317312","chr5","176137726","176138020","0","1179292"
"chr5","177549524","177549833","chr5","176372580","176372900","14","1176944"
"chr5","177684084","177684301","chr17","69054184","69054403","32","108629900"
"chr5","177724140","177724411","chr5","127398067","127398341","54","50326073"
"chr5","177770634","177770745","chr2B","205936995","205937106","27","28166361"
"chr5","177800236","177800537","chr5","176628241","176628544","8","1171995"
"chr5","177907047","177907353","chr5","176742089","176742401","9","1164958"
"chr5","177945572","177945875","chr5","176781309","176781613","1","1164263"
"chr5","178045120","178045223","chr20","16652596","16652702","19","161392524"
"chr5","178217394","178217692","chr8","78279762","78280071","46","99937632"
"chr5","178261942","178262101","chr5","177103006","177103169","6","1158936"
"chr5","178268913","178269249","chr8","141989267","141989590","71","36279646"
"chr5","178274430","178274734","chr5","177116753","177117026","38","1157677"
"chr5","178286776","178286919","chr5","177130098","177130241","0","1156678"
"chr5","178628532","178628683","chr18","13921194","13921341","19","164707338"
"chr5","178664587","178664883","chr5","178717585","178717888","9","52998"
"chr5","178688778","178689076","chr10","92961218","92961511","48","85727560"
"chr5","178705479","178705791","chr3","187072689","187072996","39","8367210"
"chr5","178709281","178709575","chr5","177399797","177400091","1","1309484"
"chr5","178728914","178728991","chr16","15259910","15259989","8","163469004"
"chr5","178819379","178819664","chr5","177518629","177518915","2","1300750"
"chr5","178846363","178846674","chr5","177546549","177546860","2","1299814"
"chr5","178869486","178869777","chr5","35720548","35720838","38","143148938"
"chr5","178891665","178891842","chr12","8249696","8249872","27","170641969"
"chr5","178911698","178912007","chr5","177614392","177614700","2","1297306"
"chr5","179286011","179286113","chr1","87599106","87599219","35","91686905"
"chr5","179291209","179291304","chr1","26647515","26647606","18","152643694"
"chr5","179381746","179381878","chr8","26723415","26723536","30","152658331"
"chr5","179403643","179403941","chr5","178102828","178103133","11","1300815"
"chr5","179443001","179443312","chr1","153364243","153364545","50","26078758"
"chr5","179495391","179495684","chr5","178195932","178196225","0","1299459"
"chr5","179517063","179517248","chr2B","178740366","178740545","34","776697"
"chr5","179553785","179553889","chr5","178261526","178261633","3","1292259"
"chr5","179572569","179572665","chr14","100673591","100673682","18","78898978"
"chr5","179598728","179598951","chr5","178306295","178306516","6","1292433"
"chr5","179628959","179629153","chr9","97028914","97029116","30","82600045"
"chr5","179638434","179638676","chr5","178346546","178346787","3","1291888"
"chr5","179646460","179646562","chr3","181238196","181238292","28","1591736"
"chr5","179688756","179689051","chr5","178399825","178400121","2","1288931"
"chr5","179713004","179713090","chr14","100673591","100673682","25","79039413"
"chr5","179739703","179740041","chr5","178451888","178452201","42","1287815"
"chr5","179748114","179748208","chr6","108298721","108298814","18","71449393"
"chr5","179765465","179765670","chr5","178478023","178478228","2","1287442"
"chr5","179776878","179777188","chr5","178489804","178490114","0","1287074"
"chr5","179778822","179778989","chr6","37299122","37299292","29","142479700"
"chr5","179896341","179896650","chr5","178612974","178613292","13","1283367"
"chr5","179907596","179907713","chr5","172392908","172393028","31","7514688"
"chr5","179937558","179937670","chr4","165393701","165393818","14","14543857"
"chr5","180475545","180475712","chr19","11478232","11478404","33","168997313"
"chr5","180482817","180482930","chr3","181238196","181238292","30","755379"
"chr5","180483433","180483532","chr2A","62538961","62539069","30","117944472"
"chr5","180581260","180581543","chr5","179272596","179272886","8","1308664"
"chr5","180618453","180618737","chr1","21064590","21064871","55","159553863"
"chr5","180680260","180680572","chr5","179380196","179380504","5","1300064"
"chr5","180774422","180774718","chr5","179476674","179476971","5","1297748"
"chr5","180793113","180793253","chr8","112933585","112933727","26","67859528"
"chr5","180806355","180806647","chr5","179508372","179508664","2","1297983"
"chr5","180821100","180821283","chr4","183125792","183125969","29","2304692"
"chr5","180975015","180975308","chr5","179680200","179680497","5","1294815"
"chr5","181024509","181024749","chr5","155718972","155719212","35","25305537"
"chr5","181056510","181056811","chr5","179763404","179763707","3","1293106"
"chr5","181094236","181094357","chr5","172392908","172393028","21","8701328"
"chr5","181100202","181100527","chr5","179808163","179808488","2","1292039"
"chr5","181148464","181148747","chr5","179855299","179855594","16","1293165"
"chr5","181214649","181214955","chr5","179924909","179925215","6","1289740"
"chr5","181239946","181240245","chrX","22153884","22154179","42","159086062"
"chr5","181255695","181255797","chrX","12847720","12847832","24","168407975"
"chr5","181256021","181256071","chr10","27042861","27042906","13","154213160"
"chr5","181261594","181261817","chr5","179979354","179979577","1","1282240"
"chr5","181263170","181263372","chr4","131278699","131278912","33","49984471"
"chr5","181322287","181322593","chr5","180040517","180040824","4","1281770"
"chr5","181333214","181333506","chr5","180051285","180051580","8","1281929"
"chr5","181420734","181421040","chr5","180101970","180102280","6","1318764"
"chr5","181424912","181425221","chr3","168682948","168683249","44","12741964"
"chr5","181525421","181525711","chr5","180209185","180209475","2","1316236"
"chr5","181735031","181735345","chr4","156483644","156483959","48","25251387"
"chr5","181948091","181948121","chr11","83786992","83787026","17","98161099"
"chr5","181948122","181948331","chr9","123177471","123177683","39","58770651"
"chr5","181992208","181992326","chr6","43284224","43284341","31","138707984"
"chr5","181992328","181992452","chr5","172392908","172393028","24","9599420"
"chr5","182021710","182022010","chr6","154716279","154716576","33","27305431"
"chr5","182027602","182027896","chr5","180735240","180735534","8","1292362"
"chr5","182056146","182056268","chr8","26723415","26723536","25","155332731"
"chr5","182142115","182142302","chr1","32423616","32423798","30","149718499"
"chr5","182143953","182144104","chr14","73378899","73379049","33","108765054"
"chr5","182144408","182144542","chr17","25528025","25528158","20","156616383"
"chr5","182171371","182171651","chr5","180841194","180841478","5","1330177"
"chr5","182182770","182183075","chr5","180853895","180854194","7","1328875"
"chr5","182220954","182221251","chr4","154294946","154295244","36","27926008"
"chr5","182279788","182280071","chr22","20093512","20093802","43","162186276"
"chr5","182305084","182305185","chr16","69502293","69502391","12","112802791"
"chr5","182307951","182308248","chr5","180994169","180994469","3","1313782"
"chr5","182403813","182404106","chr5","181070172","181070464","4","1333641"
"chr5","182426517","182426696","chr15","53074510","53074689","37","129352007"
"chr5","182543113","182543413","chr15","62405613","62405909","35","120137500"
"chr5","182554133","182554430","chr5","181224579","181224877","2","1329554"
"chr5","182585780","182586077","chr5","181255920","181256213","6","1329860"
"chr5","182588643","182588950","chr1","21949805","21950110","30","160638838"
"chr5","182817035","182817320","chr5","181479213","181479510","12","1337822"
"chr5","182886053","182886346","chr5","181553104","181553400","3","1332949"
"chr5","182893255","182893418","chr4","73252540","73252702","26","109640715"
"chr5","182923863","182923972","chr2A","62538961","62539069","22","120384902"
"chr5","182946612","182946728","chr10","102267350","102267470","13","80679262"
"chr5","182964987","182965000","chr1","28547144","28547162","8","154417843"
"chr5","182965314","182965389","chr3","49847781","49847858","15","133117533"
"chr5","182965979","182966079","chr6","159074849","159074952","23","23891130"
"chr5","182988486","182988795","chr5","181658873","181659183","6","1329613"
"chr5","183117187","183117296","chr20","16652596","16652702","19","166464591"
"chr5","183167189","183167376","chr10","6051354","6051528","46","177115835"
"chr5","183180517","183180814","chr5","181848033","181848332","3","1332484"
"chr5","183205702","183205828","chr5","172392908","172393028","25","10812794"
"chr5","183384356","183384462","chr2B","142240066","142240170","28","41144290"
"chr5","183475775","183475892","chr12","93126526","93126644","25","90349249"
"chr5","183717159","183717376","chr8","56603897","56604109","33","127113262"
"chr6","17825693","17825990","chr6","17799714","17800011","1","25979"
"chr6","104857359","104857651","chr6","104109269","104109568","8","748090"
"chr6","15597352","15597697","chr6","15539469","15539817","6","57883"
"chr6","123469820","123470120","chr6","122732317","122732621","4","737503"
"chr6","141426527","141426821","chr6","140974169","140974475","15","452358"
"chr6","326642","326899","chr6","333606","333863","1","6964"
"chr6","391516","391816","chr3","33494146","33494444","38","33102630"
"chr6","561931","562119","chr6","572677","572865","0","10746"
"chr6","607943","608068","chr5","172392908","172393028","24","171784965"
"chr6","679522","679795","chr1","181622189","181622460","36","180942667"
"chr6","717978","718273","chr6","734094","734398","13","16116"
"chr6","727842","728122","chr6","744207","744491","10","16365"
"chr6","836704","837005","chr6","856028","856332","6","19324"
"chr6","1031514","1031816","chr6","1050264","1050562","4","18750"
"chr6","1265015","1265147","chr5","172392908","172393028","26","171127893"
"chr6","1624323","1624469","chr19","61741211","61741358","20","60116888"
"chr6","1666262","1666568","chr6","1702268","1702575","2","36006"
"chr6","1692655","1692829","chr6","1730789","1730963","1","38134"
"chr6","1734181","1734487","chr20","46721731","46722019","67","44987550"
"chr6","1978550","1978835","chr8","53741321","53741609","61","51762771"
"chr6","2264150","2264365","chr13","57210934","57211149","30","54946784"
"chr6","2481465","2481752","chr6","2541249","2541536","3","59784"
"chr6","2531455","2531587","chr5","172392908","172393028","31","169861453"
"chr6","2577409","2577703","chr6","2639972","2640267","1","62563"
"chr6","2611909","2612218","chr6","2674495","2674803","7","62586"
"chr6","2872374","2872512","chr6","2933952","2934090","2","61578"
"chr6","2919708","2919793","chr14","100673591","100673682","21","97753883"
"chr6","2961610","2961654","chr11","7916638","7916681","8","4955028"
"chr6","2999888","3000000","chr5","172392908","172393028","29","169393020"
"chr6","3056653","3056940","chr7","152603758","152604037","45","149547105"
"chr6","3071415","3071706","chr1","137484206","137484498","36","134412791"
"chr6","3195196","3195281","chr14","100673591","100673682","20","97478395"
"chr6","3242622","3242749","chr9","122440275","122440408","25","119197653"
"chr6","3389798","3390089","chr6","3358497","3358790","4","31301"
"chr6","3430235","3430519","chr2B","171068461","171068749","42","167638226"
"chr6","3505027","3505329","chr6","3475431","3475733","0","29596"
"chr6","3637407","3637698","chr6","3611879","3612184","15","25528"
"chr6","3671434","3671744","chr6","3646238","3646549","5","25196"
"chr6","3821807","3821953","chrX","73313271","73313417","19","69491464"
"chr6","3899403","3899511","chr6","3875758","3875866","1","23645"
"chr6","3911566","3911872","chr6","3887946","3888252","2","23620"
"chr6","3998165","3998452","chr6","3974232","3974520","2","23933"
"chr6","4013769","4014062","chr6","3989858","3990153","2","23911"
"chr6","4030863","4031067","chr17","61531317","61531518","26","57500454"
"chr6","4058889","4059030","chr19","13078691","13078823","23","9019802"
"chr6","4112570","4112698","chrX","97546574","97546704","12","93434004"
"chr6","4150964","4151249","chr6","4133979","4134264","0","16985"
"chr6","4163501","4163804","chr6","4146687","4146981","12","16814"
"chr6","4365567","4365750","chr8","84018854","84019036","26","79653287"
"chr6","4842457","4842588","chr8","26723415","26723536","25","21880958"
"chr6","4910646","4910945","chr6","4907134","4907433","1","3512"
"chr6","5012988","5013325","chr6","5011621","5011966","17","1367"
"chr6","5088133","5088434","chr6","5085446","5085747","1","2687"
"chr6","5126245","5126513","chr6","5123555","5123823","1","2690"
"chr6","5316763","5316869","chr11","20358123","20358224","19","15041360"
"chr6","5359362","5359634","chr6","5366749","5367022","3","7387"
"chr6","5366962","5367247","chr6","5374319","5374631","28","7357"
"chr6","5374104","5374402","chr6","5381616","5381907","11","7512"
"chr6","5475511","5475814","chr6","5481629","5481933","3","6118"
"chr6","5480139","5480436","chr5","36472948","36473248","53","30992809"
"chr6","5523741","5523884","chr6","5529954","5530097","0","6213"
"chr6","5551432","5551716","chr6","5560230","5560514","3","8798"
"chr6","5718004","5718218","chr6","5731522","5731737","2","13518"
"chr6","5956426","5956708","chr9","33729184","33729467","35","27772758"
"chr6","6371103","6371418","chr6","6397038","6397365","12","25935"
"chr6","6492198","6492500","chr6","6512970","6513272","1","20772"
"chr6","6546713","6546843","chrX","97546574","97546704","14","90999861"
"chr6","6998315","6998618","chr6","6937616","6937922","4","60699"
"chr6","7012066","7012179","chr2B","205936995","205937106","27","198924929"
"chr6","7155428","7155615","chr18","50259282","50259463","34","43103854"
"chr6","7168005","7168094","chr3","181238196","181238292","22","174070191"
"chr6","7228013","7228315","chr6","7176564","7176869","5","51449"
"chr6","7262328","7262628","chr19","43073971","43074268","42","35811643"
"chr6","7407805","7408102","chr6","7358130","7358437","11","49675"
"chr6","7408153","7408272","chr4","51557575","51557711","36","44149422"
"chr6","7443443","7443744","chr6","7393843","7394147","3","49600"
"chr6","7483649","7483949","chr6","7434917","7435217","0","48732"
"chr6","7488824","7489123","chr7","97338969","97339272","42","89850145"
"chr6","7515608","7515717","chr7","4130187","4130301","21","3385421"
"chr6","7544516","7544828","chr6","7489736","7490048","7","54780"
"chr6","7550105","7550356","chr6","156589079","156589328","35","149038974"
"chr6","7569233","7569507","chr1","35992276","35992565","44","28423043"
"chr6","7592192","7592285","chr17","13332748","13332838","19","5740556"
"chr6","7683809","7684106","chr6","7617299","7617596","3","66510"
"chr6","7748600","7748901","chr6","7684873","7685174","0","63727"
"chr6","7777800","7778112","chr6","7716741","7717025","30","61059"
"chr6","7820778","7821080","chr6","7759723","7760026","5","61055"
"chr6","7895189","7895336","chr1","45049966","45050124","35","37154777"
"chr6","7990997","7991276","chr6","7930365","7930626","18","60632"
"chr6","7997672","7997965","chr6","7937021","7937315","2","60651"
"chr6","8076295","8076595","chr6","8014667","8014971","6","61628"
"chr6","8137440","8137530","chr3","181238196","181238292","25","173100756"
"chr6","8163805","8164105","chr6","8102373","8102676","4","61432"
"chr6","8192157","8192438","chr6","8131751","8132037","12","60406"
"chr6","8212462","8212754","chr6","138886097","138886393","31","130673635"
"chr6","8217678","8217974","chr6","8157233","8157531","5","60445"
"chr6","8227221","8227500","chr6","8166852","8167132","1","60369"
"chr6","8247890","8248188","chr6","8189054","8189353","3","58836"
"chr6","8283009","8283087","chr8","46091691","46091777","22","37808682"
"chr6","8323344","8323592","chr6","8265442","8265681","10","57902"
"chr6","8354362","8354472","chr14","35268910","35269034","26","26914548"
"chr6","8392838","8392951","chr6","8334029","8334142","1","58809"
"chr6","8491756","8492041","chr2A","63086723","63087016","34","54594967"
"chr6","8791153","8791442","chr6","8733761","8734051","2","57392"
"chr6","9154208","9154295","chr14","100673591","100673682","26","91519383"
"chr6","9158163","9158467","chr6","9111486","9111790","1","46677"
"chr6","9456316","9456451","chr16","73743066","73743197","28","64286750"
"chr6","9482908","9483216","chr6","9440028","9440339","4","42880"
"chr6","9511550","9511854","chr1","32309441","32309739","35","22797891"
"chr6","9547615","9547918","chr6","9506345","9506650","14","41270"
"chr6","9613772","9614076","chr6","9572148","9572446","11","41624"
"chr6","10086911","10087212","chr17","36583762","36584052","43","26496851"
"chr6","10148944","10149110","chr19","3832753","3832920","32","6316191"
"chr6","10280361","10280669","chr6","10239766","10240093","21","40595"
"chr6","10369499","10369710","chr12","127226022","127226243","46","116856523"
"chr6","10457533","10457674","chr1","28546699","28546832","39","18089166"
"chr6","10464801","10464914","chr2B","199271339","199271453","18","188806538"
"chr6","10568088","10568381","chr3","172094749","172095041","35","161526661"
"chr6","10576794","10577102","chr6","10540363","10540668","6","36431"
"chr6","10585609","10585900","chr6","10549586","10549877","1","36023"
"chr6","10590511","10590610","chr3","181238196","181238292","27","170647685"
"chr6","10601068","10601214","chr1","214242319","214242461","42","203641251"
"chr6","10610842","10611109","chr4","68302389","68302657","53","57691547"
"chr6","10654422","10654523","chr6","43284224","43284341","25","32629802"
"chr6","10671069","10671205","chr2A","32693701","32693835","22","22022632"
"chr6","10754345","10754636","chr20","2957416","2957711","32","7796929"
"chr6","10764186","10764354","chr6","10728179","10728347","0","36007"
"chr6","10796125","10796420","chr6","10760921","10761217","2","35204"
"chr6","10800772","10801078","chr9","6609238","6609550","49","4191534"
"chr6","10830493","10830635","chr16","52369926","52370074","26","41539433"
"chr6","10833578","10833709","chr3","126157086","126157216","10","115323508"
"chr6","10893703","10894002","chr6","10862897","10863199","4","30806"
"chr6","10927671","10927848","chr6","10897740","10897917","0","29931"
"chr6","10928124","10928215","chr1","26647515","26647606","12","15719391"
"chr6","10928236","10928507","chr6","10898711","10899007","26","29525"
"chr6","11020877","11021231","chr16","22249642","22249945","89","11228765"
"chr6","11165767","11166054","chr6","11138004","11138298","12","27763"
"chr6","11191747","11192028","chr6","11163053","11163334","0","28694"
"chr6","11215737","11216036","chr6","11187524","11187830","12","28213"
"chr6","11269813","11269919","chr14","100673591","100673682","26","89403778"
"chr6","11335414","11335722","chr6","11306539","11306848","8","28875"
"chr6","11423656","11423720","chr6","11395990","11396054","0","27666"
"chr6","11456996","11457288","chr6","11429468","11429760","0","27528"
"chr6","11539455","11539746","chr6","11511251","11511542","1","28204"
"chr6","11638640","11638925","chr6","11611021","11611306","5","27619"
"chr6","11699837","11700042","chr6","11673214","11673421","2","26623"
"chr6","11763503","11763654","chr6","11738492","11738644","3","25011"
"chr6","11782241","11782365","chr10","85792459","85792585","16","74010218"
"chr6","11890084","11890367","chr1","35992276","35992565","38","24102192"
"chr6","12137115","12137404","chr3","45453831","45454117","26","33316716"
"chr6","12256634","12256857","chr15","64140788","64141008","47","51884154"
"chr6","12536372","12536667","chr5","127104831","127105133","39","114568459"
"chr6","12768141","12768435","chr6","12665935","12666226","5","102206"
"chr6","12959797","12960093","chr6","12853564","12853860","13","106233"
"chr6","13275804","13275899","chr10","67459962","67460060","15","54184158"
"chr6","13371281","13371575","chr12","12966475","12966767","40","404806"
"chr6","13418250","13418545","chr6","13299693","13299991","7","118557"
"chr6","13470962","13471059","chr14","100673591","100673682","20","87202629"
"chr6","13500001","13500128","chr2B","207026815","207026935","30","193526814"
"chr6","13541501","13541810","chr6","13419790","13420099","9","121711"
"chr6","13555120","13555424","chr6","13433369","13433664","11","121751"
"chr6","13766553","13766854","chr6","13648670","13648976","6","117883"
"chr6","13823956","13824270","chr6","13707763","13708077","1","116193"
"chr6","13866487","13866678","chr6","13752045","13752235","2","114442"
"chr6","13907276","13907579","chr6","13792915","13793218","2","114361"
"chr6","13919968","13920277","chr3","52075331","52075635","55","38155363"
"chr6","13962790","13963076","chr6","13850774","13851068","12","112016"
"chr6","13971829","13972124","chr4","154625769","154626064","40","140653940"
"chr6","13981394","13981688","chr6","13870753","13871048","1","110641"
"chr6","13984676","13984897","chr3","140220150","140220362","46","126235474"
"chr6","13989408","13989679","chr3","65419913","65420179","57","51430505"
"chr6","13995628","13995923","chr6","13885292","13885590","3","110336"
"chr6","14005624","14005763","chr6","13895010","13895148","1","110614"
"chr6","14036616","14036916","chr6","13927086","13927389","9","109530"
"chr6","14099930","14100224","chr6","13991598","13991892","0","108332"
"chr6","14210916","14211203","chr6","14103302","14103589","3","107614"
"chr6","14244241","14244537","chr6","14136572","14136872","5","107669"
"chr6","14270233","14270398","chrX","42468250","42468415","43","28198017"
"chr6","14377493","14377799","chr6","14291757","14292100","38","85736"
"chr6","14402702","14403002","chr6","14317088","14317388","1","85614"
"chr6","14460823","14461132","chr6","14375352","14375659","3","85471"
"chr6","14469830","14470126","chr6","14384348","14384645","2","85482"
"chr6","14507992","14508288","chr17","41675944","41676243","33","27167952"
"chr6","14546270","14546562","chr6","14461117","14461412","11","85153"
"chr6","14621634","14621901","chr16","68804414","68804683","42","54182780"
"chr6","14634475","14634779","chr6","14551214","14551519","1","83261"
"chr6","14731391","14731495","chr12","3884361","3884460","17","10847030"
"chr6","14738469","14738761","chr10","94863425","94863712","49","80124956"
"chr6","14747405","14747694","chr2B","128833215","128833510","36","114085810"
"chr6","14803357","14803627","chrX","47844690","47844969","38","33041333"
"chr6","14926717","14927016","chr2B","207764862","207765157","30","192838145"
"chr6","15076185","15076467","chr6","15000233","15000515","0","75952"
"chr6","15193210","15193407","chr5","76266656","76266847","33","61073446"
"chr6","15193874","15193965","chr5","132062306","132062408","27","116868432"
"chr6","15230487","15230786","chr6","15163446","15163745","4","67041"
"chr6","15231322","15231615","chr6","15164906","15165199","3","66416"
"chr6","15252826","15252941","chr5","172392908","172393028","31","157140082"
"chr6","15311885","15312018","chr4","51557575","51557711","16","36245690"
"chr6","15317945","15318249","chr6","15256623","15256926","2","61322"
"chr6","15323948","15324252","chr6","15262552","15262862","6","61396"
"chr6","15357746","15358044","chr6","15297671","15297970","3","60075"
"chr6","15371987","15372159","chr21","29016060","29016232","18","13644073"
"chr6","15381450","15381546","chr12","12586014","12586108","25","2795436"
"chr6","15401866","15402147","chr15","93122064","93122348","46","77720198"
"chr6","15410832","15411138","chr6","15352188","15352494","1","58644"
"chr6","15416304","15416611","chr6","15357928","15358234","4","58376"
"chr6","15445704","15446016","chr6","15386747","15387059","1","58957"
"chr6","15451224","15451520","chr6","15392361","15392662","14","58863"
"chr6","15461430","15461721","chr6","15402026","15402318","3","59404"
"chr6","15472309","15472428","chr7","112797358","112797487","31","97325049"
"chr6","15537869","15538021","chr18","13921194","13921341","25","1616675"
"chr6","15541589","15541876","chr6","15483725","15484014","6","57864"
"chr6","15567912","15568243","chr6","15509876","15510207","4","58036"
"chr6","15640389","15640693","chr8","78275599","78275898","55","62635210"
"chr6","15734696","15734934","chr6","15683030","15683270","6","51666"
"chr6","15756018","15756319","chr6","15705001","15705304","2","51017"
"chr6","15833153","15833453","chr6","15781012","15781312","3","52141"
"chr6","16001189","16001296","chr2B","199271339","199271453","27","183270150"
"chr6","16063305","16063579","chr6","16009389","16009663","0","53916"
"chr6","16072485","16072787","chr6","16018560","16018862","3","53925"
"chr6","16271414","16271634","chr6","16218676","16218896","1","52738"
"chr6","16341334","16341635","chr6","16290407","16290717","14","50927"
"chr6","16413975","16414276","chr6","16364334","16364647","12","49641"
"chr6","16423165","16423471","chr6","16373490","16373797","9","49675"
"chr6","16501849","16502161","chr6","16452550","16452862","3","49299"
"chr6","16536634","16536942","chr9","134870594","134870901","35","118333960"
"chr6","16613371","16613489","chr6","16565649","16565767","0","47722"
"chr6","16710642","16710738","chr3","181143385","181143493","28","164432743"
"chr6","16759879","16760163","chr6","16712600","16712884","0","47279"
"chr6","16846995","16847251","chr6","16801435","16801691","1","45560"
"chr6","16868877","16869165","chr6","16823540","16823830","8","45337"
"chr6","16893001","16893318","chr7","46208413","46208718","42","29315412"
"chr6","16911172","16911399","chr6","16866441","16866673","8","44731"
"chr6","16923375","16923683","chr6","16879252","16879561","5","44123"
"chr6","16952507","16952588","chr8","46091691","46091777","16","29139184"
"chr6","17015170","17015475","chr6","16971557","16971863","4","43613"
"chr6","17130193","17130490","chr6","17086968","17087267","7","43225"
"chr6","17196587","17196879","chr1","45107017","45107309","32","27910430"
"chr6","17307140","17307464","chr2A","101441506","101441814","45","84134366"
"chr6","17314239","17314549","chr6","17269881","17270191","2","44358"
"chr6","17361617","17361933","chr6","17317355","17317679","9","44262"
"chr6","17377260","17377568","chr6","17333862","17334171","3","43398"
"chr6","17381862","17381975","chr20","16652596","16652702","25","729266"
"chr6","17383019","17383336","chr6","17340511","17340826","5","42508"
"chr6","17414625","17414937","chr6","17372476","17372788","5","42149"
"chr6","17468258","17468559","chr6","17427250","17427551","0","41008"
"chr6","17476299","17476581","chr8","13990121","13990402","47","3486178"
"chr6","17479717","17479996","chr1","21064590","21064871","38","3584873"
"chr6","17533133","17533423","chr4","10499550","10499846","56","7033583"
"chr6","17551331","17551493","chr1","214731048","214731212","23","197179717"
"chr6","17589435","17589722","chr6","17551152","17551440","1","38283"
"chr6","17614619","17614743","chr8","26723415","26723536","21","9108796"
"chr6","17619033","17619342","chr6","17580421","17580732","5","38612"
"chr6","17620130","17620261","chr10","13002746","13002876","14","4617384"
"chr6","17737662","17737781","chr2A","62538961","62539069","27","44801299"
"chr6","17841138","17841442","chr7","100720207","100720514","45","82879069"
"chr6","17880380","17880676","chr6","17855264","17855565","5","25116"
"chr6","17885611","17885710","chr14","100673591","100673682","28","82787980"
"chr6","17888266","17888360","chr6","159074849","159074952","20","141186583"
"chr6","17893155","17893459","chr5","158324854","158325155","44","140431699"
"chr6","17902750","17903056","chr6","17877682","17877986","4","25068"
"chr6","17906599","17906879","chr6","17881551","17881852","23","25048"
"chr6","17908840","17908939","chr3","181238196","181238292","21","163329356"
"chr6","17911867","17911997","chr19","59309865","59309995","18","41397998"
"chr6","17912001","17912296","chr1","161646588","161646870","66","143734587"
"chr6","17918868","17918983","chr11","97204039","97204163","25","79285171"
"chr6","17920449","17920746","chr6","17894359","17894656","1","26090"
"chr6","17938527","17938723","chr6","17914189","17914385","2","24338"
"chr6","17947930","17948225","chr6","17923549","17923844","1","24381"
"chr6","17953453","17953754","chrX","120311957","120312258","38","102358504"
"chr6","18001552","18001915","chr3","137316847","137317149","97","119315295"
"chr6","18005785","18005978","chr20","47440272","47440448","51","29434487"
"chr6","18006271","18006402","chr15","62181783","62181913","15","44175512"
"chr6","18008287","18008590","chr6","17985471","17985779","5","22816"
"chr6","18040231","18040539","chr12","36028322","36028630","70","17988091"
"chr6","18064541","18064809","chr6","18042316","18042586","2","22225"
"chr6","18079310","18079470","chr6","18057065","18057225","0","22245"
"chr6","18098761","18098915","chr14","69298558","69298712","18","51199797"
"chr6","18114054","18114350","chr14","49511369","49511659","72","31397315"
"chr6","18116223","18116507","chr6","18096281","18096567","2","19942"
"chr6","18140576","18140856","chr6","18120670","18120946","14","19906"
"chr6","18186059","18186362","chr6","18167423","18167728","5","18636"
"chr6","18195469","18195513","chr10","75445791","75445831","14","57250322"
"chr6","18227226","18227505","chr6","18210013","18210293","4","17213"
"chr6","18237577","18237811","chr4","39822425","39822647","41","21584848"
"chr6","18328996","18329203","chr19","46026086","46026292","24","27697090"
"chr6","18349226","18349407","chr2A","112034799","112034975","26","93685573"
"chr6","18380402","18380702","chr6","18362090","18362392","4","18312"
"chr6","18390595","18390771","chr3","57385510","57385683","32","38994915"
"chr6","18391851","18392149","chr6","18373540","18373838","2","18311"
"chr6","18443770","18444032","chr6","18426777","18427039","2","16993"
"chr6","18467584","18467671","chr8","46091691","46091777","15","27624107"
"chr6","18516870","18517048","chrX","19612295","19612481","34","1095425"
"chr6","18521662","18521892","chr14","66142969","66143205","33","47621307"
"chr6","18604889","18605174","chr9","33729184","33729467","37","15124295"
"chr6","18652746","18653048","chr6","18641386","18641688","0","11360"
"chr6","18788946","18789057","chr2B","210790127","210790232","21","192001181"
"chr6","18849291","18849577","chr6","18839489","18839774","4","9802"
"chr6","18941394","18941690","chr1","35380709","35381003","40","16439315"
"chr6","19169296","19169603","chr6","19163411","19163721","7","5885"
"chr6","19189580","19189677","chr22","33938435","33938535","17","14748855"
"chr6","19302209","19302504","chr3","42963215","42963512","43","23661006"
"chr6","19320605","19320920","chr6","19314341","19314649","9","6264"
"chr6","19588921","19589217","chr6","19583794","19584090","1","5127"
"chr6","19787024","19787146","chr19","20014001","20014129","21","226977"
"chr6","19832410","19832713","chr6","19841638","19841942","1","9228"
"chr6","19928551","19928706","chr6","19936093","19936248","6","7542"
"chr6","19928748","19929046","chr6","19936290","19936595","14","7542"
"chr6","19984809","19984884","chr17","49011857","49011943","23","29027048"
"chr6","19986410","19986606","chr3","140144864","140145070","36","120158454"
"chr6","20142651","20142736","chr17","13332748","13332838","20","6809903"
"chr6","20280994","20281284","chr6","20295488","20295779","2","14494"
"chr6","20284468","20284711","chr3","52453972","52454214","30","32169504"
"chr6","20343019","20343160","chr7","4235502","4235638","26","16107517"
"chr6","20402379","20402448","chr17","4261422","4261478","30","16140957"
"chr6","20556594","20556903","chr6","20575552","20575861","1","18958"
"chr6","20682754","20683055","chr19","52205815","52206118","30","31523061"
"chr6","20683176","20683453","chr6","24591847","24592135","58","3908671"
"chr6","20704229","20704395","chr19","3832753","3832920","30","16871476"
"chr6","20711040","20711336","chr6","20734374","20734681","16","23334"
"chr6","20762949","20763244","chr6","20787775","20788062","9","24826"
"chr6","21100897","21101051","chr10","117800607","117800765","27","96699710"
"chr6","21157870","21158165","chr6","21186611","21186906","1","28741"
"chr6","21457185","21457313","chr8","26723415","26723536","24","5266230"
"chr6","21520165","21520467","chr6","21553733","21554035","1","33568"
"chr6","21546246","21546531","chr6","21580663","21580948","0","34417"
"chr6","21677033","21677328","chr6","21711220","21711496","21","34187"
"chr6","21682372","21682481","chr20","60538927","60539032","9","38856555"
"chr6","21794538","21794670","chr1","6844228","6844361","25","14950310"
"chr6","21805856","21806024","chr11","48130487","48130657","26","26324631"
"chr6","21808617","21808922","chr6","21845221","21845526","0","36604"
"chr6","21815721","21815836","chrX","112015891","112016007","14","90200170"
"chr6","21843864","21844168","chr6","21881120","21881429","6","37256"
"chr6","21857357","21857532","chr3","200742805","200742975","28","178885448"
"chr6","21867036","21867166","chrX","97546574","97546704","13","75679538"
"chr6","21888929","21888984","chr10","109823094","109823152","15","87934165"
"chr6","21916768","21916938","chr6","21953816","21953987","1","37048"
"chr6","21936570","21936792","chr4","176755200","176755409","49","154818630"
"chr6","21959982","21960283","chr6","21997621","21997922","0","37639"
"chr6","21966738","21967049","chr6","22004313","22004626","4","37575"
"chr6","21982918","21983175","chr6","22020666","22020925","3","37748"
"chr6","22042205","22042507","chr6","22084199","22084501","3","41994"
"chr6","22095390","22095695","chr6","22139668","22139969","4","44278"
"chr6","22140462","22140753","chr6","22186466","22186757","0","46004"
"chr6","22284591","22284852","chr5","126173265","126173526","34","103888674"
"chr6","22555387","22555506","chr8","26723415","26723536","27","4168028"
"chr6","22615480","22615749","chr6","22673131","22673401","2","57651"
"chr6","22803463","22803762","chr6","139725440","139725746","40","116921977"
"chr6","22828740","22829025","chr6","22886931","22887231","22","58191"
"chr6","22878049","22878165","chr5","172392908","172393028","32","149514859"
"chr6","22956973","22957265","chr6","23015949","23016242","5","58976"
"chr6","23297776","23298085","chr6","23360222","23360511","27","62446"
"chr6","23440750","23441041","chr6","23505496","23505787","3","64746"
"chr6","23747226","23747540","chr6","23816114","23816424","26","68888"
"chr6","23818424","23818524","chr3","181143385","181143493","33","157324961"
"chr6","23855315","23855604","chr6","23924159","23924449","2","68844"
"chr6","24021101","24021412","chr6","24091507","24091821","4","70406"
"chr6","24125450","24125619","chr11","48130487","48130657","25","24005037"
"chr6","24408526","24408633","chr2B","199271339","199271453","30","174862813"
"chr6","24449927","24450028","chr1","160944586","160944680","21","136494659"
"chr6","24471000","24471282","chr6","24546277","24546562","5","75277"
"chr6","24536984","24537279","chr10","8764291","8764586","53","15772693"
"chr6","24569627","24569918","chr19","4415985","4416277","29","20153642"
"chr6","24598373","24598632","chr6","24679370","24679638","10","80997"
"chr6","24620196","24620480","chr6","24702116","24702401","4","81920"
"chr6","24628015","24628232","chr4","188269920","188270141","37","163641905"
"chr6","24631220","24631390","chr6","24713050","24713221","1","81830"
"chr6","24671606","24671759","chr6","145351826","145351977","35","120680220"
"chr6","24698289","24698468","chr5","50563242","50563420","31","25864953"
"chr6","24757714","24758014","chr6","24840156","24840456","1","82442"
"chr6","24817931","24818217","chr6","24902977","24903264","7","85046"
"chr6","24938436","24938717","chr6","25026409","25026690","1","87973"
"chr6","24942689","24942982","chr6","25033342","25033634","5","90653"
"chr6","24943694","24943849","chr6","25034346","25034504","4","90652"
"chr6","24962900","24963202","chr6","25053892","25054189","6","90992"
"chr6","24974521","24974669","chr2B","157301493","157301635","35","132326972"
"chr6","24982462","24982756","chr6","25073585","25073885","9","91123"
"chr6","25043887","25044150","chr10","12880632","12880890","31","12163255"
"chr6","25060697","25060864","chr6","25151854","25152021","2","91157"
"chr6","25060865","25060973","chr2B","205936995","205937106","23","180876130"
"chr6","25152272","25152569","chr6","25243212","25243507","6","90940"
"chr6","25164318","25164608","chr2A","63086723","63087016","31","37922405"
"chr6","25171063","25171167","chr6","25262256","25262360","0","91193"
"chr6","25422147","25422437","chr6","25518139","25518439","11","95992"
"chr6","25470537","25470832","chr6","25566669","25566972","9","96132"
"chr6","25481913","25482034","chr8","26723415","26723536","20","1241502"
"chr6","25488834","25488901","chr17","4261422","4261478","27","21227412"
"chr6","25550020","25550320","chr6","25647113","25647412","3","97093"
"chr6","25619686","25619873","chr2B","200338221","200338407","47","174718535"
"chr6","25691001","25691237","chr6","25788739","25788975","0","97738"
"chr6","26338188","26338498","chr6","26109819","26110123","14","228369"
"chr6","26348181","26348455","chr12","89255367","89255642","33","62907186"
"chr6","26349605","26349731","chr2B","139795701","139795833","24","113446096"
"chr6","26398273","26398400","chr2B","199271339","199271453","31","172873066"
"chr6","26430741","26430832","chr3","27665315","27665404","21","1234574"
"chr6","26466469","26466595","chr6","159074849","159074952","28","132608380"
"chr6","26525480","26525790","chr6","26298046","26298357","4","227434"
"chr6","26567099","26567385","chr6","26339775","26340063","6","227324"
"chr6","26620937","26621134","chr16","29088164","29088361","36","2467227"
"chr6","26649701","26649800","chr12","12586014","12586108","16","14063687"
"chr6","26656345","26656635","chr6","26424989","26425292","15","231356"
"chr6","26675498","26675600","chr19","43898174","43898278","34","17222676"
"chr6","26744513","26744827","chr6","26516006","26516320","0","228507"
"chr6","26802471","26802776","chr6","26576127","26576432","2","226344"
"chr6","26820247","26820564","chr6","26594036","26594353","2","226211"
"chr6","26847196","26847312","chr6","77024702","77024812","26","50177506"
"chr6","26848067","26848135","chr6","11395990","11396054","29","15452077"
"chr6","26852963","26853192","chr6","26626865","26627094","1","226098"
"chr6","26861440","26861743","chr15","48018063","48018371","42","21156623"
"chr6","26950881","26950977","chr22","33938435","33938535","30","6987554"
"chr6","26960562","26960769","chr12","129753804","129754009","62","102793242"
"chr6","26991242","26991551","chr6","26768684","26768993","4","222558"
"chr6","27025564","27025856","chr6","26804785","26805081","8","220779"
"chr6","27032796","27032902","chr2B","199271339","199271453","24","172238543"
"chr6","27039791","27039875","chr8","46091691","46091777","20","19051900"
"chr6","27140907","27141191","chr6","26919131","26919415","2","221776"
"chr6","27589659","27589837","chr10","120372580","120372761","28","92782921"
"chr6","27594630","27594962","chr6","27357029","27357321","42","237601"
"chr6","27602261","27602575","chr6","27366581","27366896","7","235680"
"chr6","27645326","27645504","chr3","145547243","145547422","26","117901917"
"chr6","27665176","27665430","chr6","27429895","27430154","9","235281"
"chr6","27710948","27711248","chr6","27475515","27475816","1","235433"
"chr6","27728253","27728554","chr6","27493116","27493425","16","235137"
"chr6","27735983","27736234","chr6","27500853","27501104","4","235130"
"chr6","27807803","27808120","chr6","27562029","27562345","7","245774"
"chr6","27853658","27853771","chr1","35354882","35354997","11","7501224"
"chr6","27886586","27886810","chr6","27639173","27639397","0","247413"
"chr6","27972552","27972850","chr2B","212594113","212594410","29","184621561"
"chr6","27977138","27977427","chr6","27730630","27730919","0","246508"
"chr6","27995988","27996156","chrX","40680414","40680584","33","12684426"
"chr6","28080119","28080426","chr6","27840945","27841256","6","239174"
"chr6","28102223","28102539","chr6","27863120","27863434","2","239103"
"chr6","28118877","28119065","chr1","35405071","35405254","33","7286194"
"chr6","28184249","28184536","chr6","27947774","27948061","3","236475"
"chr6","28200529","28200659","chr15","62181783","62181913","13","33981254"
"chr6","28205125","28205421","chr6","27969608","27969906","3","235517"
"chr6","28221576","28221775","chr17","54503313","54503512","35","26281737"
"chr6","28243794","28244094","chr6","28006977","28007277","1","236817"
"chr6","28319389","28319633","chr6","28084119","28084360","3","235270"
"chr6","28327601","28327885","chr6","28092509","28092799","7","235092"
"chr6","28337262","28337570","chr6","28102207","28102523","9","235055"
"chr6","28338417","28338593","chr6","28103374","28103550","0","235043"
"chr6","28345446","28345749","chr6","28110401","28110704","2","235045"
"chr6","28374687","28374965","chr6","28139999","28140280","6","234688"
"chr6","28386560","28386826","chr6","28151792","28152058","1","234768"
"chr6","28390657","28390736","chr14","100673591","100673682","21","72282934"
"chr6","28404963","28405180","chr6","28170215","28170432","0","234748"
"chr6","28422310","28422604","chr6","28187778","28188088","18","234532"
"chr6","28466437","28466542","chr20","16652596","16652702","20","11813841"
"chr6","28550835","28551140","chr6","28322369","28322674","3","228466"
"chr6","28706374","28706653","chr6","28478943","28479223","5","227431"
"chr6","28744833","28745021","chr5","125767094","125767277","30","97022261"
"chr6","28757183","28757492","chr6","28530764","28531075","4","226419"
"chr6","28968380","28968523","chr7","4235502","4235638","33","24732878"
"chr6","29042288","29042586","chr6","28822087","28822365","23","220201"
"chr6","29086436","29086714","chr6","28866376","28866654","1","220060"
"chr6","29090435","29090755","chr6","28870391","28870715","6","220044"
"chr6","29147614","29147913","chr22","43658552","43658852","32","14510938"
"chr6","29156433","29156726","chr6","28936399","28936692","0","220034"
"chr6","29193721","29194020","chr6","28973861","28974172","13","219860"
"chr6","29197326","29197477","chr6","28977503","28977654","1","219823"
"chr6","29200199","29200478","chr6","28979858","28980140","3","220341"
"chr6","29250256","29250377","chr5","172392908","172393028","32","143142652"
"chr6","29262873","29263175","chr20","54097980","54098273","48","24835107"
"chr6","29264791","29264884","chr12","129753197","129753289","13","100488406"
"chr6","29288681","29288966","chr6","29068373","29068658","3","220308"
"chr6","29299502","29299800","chr6","29079204","29079504","7","220298"
"chr6","29316978","29317275","chr6","29097320","29097621","5","219658"
"chr6","29325090","29325387","chr6","29105461","29105758","1","219629"
"chr6","29337637","29337941","chr6","29118291","29118596","4","219346"
"chr6","29368454","29368752","chrX","120336190","120336494","42","90967736"
"chr6","29372821","29372894","chr17","2787814","2787901","27","26585007"
"chr6","29415839","29416126","chr6","29196443","29196741","14","219396"
"chr6","29510903","29511206","chr6","29280296","29280601","4","230607"
"chr6","29957468","29957765","chr6","29748987","29749285","3","208481"
"chr6","30053682","30053958","chr6","29842921","29843197","1","210761"
"chr6","30058775","30058914","chr2A","32693701","32693835","26","2634926"
"chr6","30074886","30075206","chr6","29866465","29866783","6","208421"
"chr6","30077894","30078163","chr6","29869485","29869790","37","208409"
"chr6","30099983","30100293","chr6","29889559","29889894","29","210424"
"chr6","30144447","30144730","chr12","79523633","79523906","50","49379186"
"chr6","30165181","30165455","chr6","29956629","29956904","2","208552"
"chr6","30191378","30191667","chr11","127377178","127377464","40","97185800"
"chr6","30498493","30498770","chr6","30425392","30425674","5","73101"
"chr6","30682576","30682717","chr8","112933585","112933727","32","82251009"
"chr6","30893528","30893826","chr6","30624592","30624889","1","268936"
"chr6","31106585","31106882","chr6","30839007","30839305","1","267578"
"chr6","31119285","31119413","chr7","112797358","112797487","24","81678073"
"chr6","31130370","31130510","chr10","61718468","61718607","22","30588098"
"chr6","31140473","31140783","chr6","30873226","30873536","6","267247"
"chr6","31206271","31206561","chr6","30938841","30939131","0","267430"
"chr6","31212216","31212503","chr6","30945441","30945728","3","266775"
"chr6","31232970","31233261","chr6","30965956","30966247","1","267014"
"chr6","31241098","31241325","chr16","22936619","22936839","39","8304479"
"chr6","31263207","31263500","chr6","30996258","30996551","2","266949"
"chr6","31275161","31275464","chr6","31008343","31008647","5","266818"
"chr6","31283807","31284089","chr6","31017245","31017526","6","266562"
"chr6","31288868","31289180","chr6","31022489","31022803","2","266379"
"chr6","31313613","31313772","chr22","16225217","16225380","26","15088396"
"chr6","31320798","31320923","chr7","112797358","112797487","24","81476560"
"chr6","31320924","31321105","chr2B","178740366","178740545","36","147419442"
"chr6","31342767","31342887","chr2B","205936995","205937106","24","174594228"
"chr6","31345524","31345822","chr12","31778296","31778591","34","432772"
"chr6","31399057","31399150","chr14","100673591","100673682","24","69274534"
"chr6","31432985","31433283","chr4","130547535","130547834","31","99114550"
"chr6","31515356","31515653","chr6","31251263","31251563","4","264093"
"chr6","31587973","31588268","chr6","31324552","31324847","0","263421"
"chr6","31623123","31623425","chr6","31360699","31360999","3","262424"
"chr6","31752875","31753160","chr6","31494225","31494529","20","258650"
"chr6","31758447","31758747","chr6","31502592","31502893","8","255855"
"chr6","31828517","31828808","chr6","31546186","31546477","0","282331"
"chr6","31848164","31848475","chr6","138446760","138447068","42","106598596"
"chr6","31851992","31852212","chr7","14497974","14498190","36","17354018"
"chr6","31853282","31853492","chr6","31571626","31571836","0","281656"
"chr6","31861376","31861657","chr17","68300293","68300574","33","36438917"
"chr6","31962796","31963088","chr6","31689642","31689943","34","273154"
"chr6","31969380","31969670","chr6","31696335","31696630","28","273045"
"chr6","32063660","32063917","chr6","31790856","31791113","2","272804"
"chr6","32159213","32159288","chr17","2787814","2787901","20","29371399"
"chr6","32163460","32163759","chr6","31891850","31892150","2","271610"
"chr6","32181002","32181287","chr6","31910745","31911030","1","270257"
"chr6","32200786","32201087","chr4","167882463","167882760","45","135681677"
"chr6","32223508","32223803","chr6","31954117","31954412","2","269391"
"chr6","32234023","32234160","chr4","28030717","28030863","26","4203306"
"chr6","32291404","32291699","chr6","32021920","32022215","5","269484"
"chr6","32316416","32316734","chr6","32049542","32049858","5","266874"
"chr6","32332070","32332363","chr6","32065371","32065664","1","266699"
"chr6","32347328","32347634","chr6","32081925","32082230","1","265403"
"chr6","32350290","32350599","chr6","32084510","32084818","4","265780"
"chr6","32388980","32389272","chr6","32124324","32124622","9","264656"
"chr6","32395718","32395793","chr14","100673591","100673682","30","68277873"
"chr6","32417113","32417416","chr6","32147828","32148131","1","269285"
"chr6","32475650","32475953","chr6","32207416","32207720","1","268234"
"chr6","32475954","32476065","chr20","16652596","16652702","25","15823358"
"chr6","32479095","32479180","chr3","181238196","181238292","27","148759101"
"chr6","32483760","32484070","chr6","32215601","32215911","4","268159"
"chr6","32646177","32646481","chr4","48739895","48740193","34","16093718"
"chr6","32652849","32653143","chr6","32392772","32393066","1","260077"
"chr6","32738246","32738551","chr6","32479549","32479850","5","258697"
"chr6","32777357","32777657","chr6","32520170","32520477","19","257187"
"chr6","32853966","32854167","chr1","134914965","134915166","36","102060999"
"chr6","32927112","32927421","chr6","32679084","32679394","13","248028"
"chr6","32934558","32934841","chr6","32686589","32686850","22","247969"
"chr6","33031466","33031788","chr5","7893420","7893723","65","25138046"
"chr6","33124423","33124714","chr22","43143911","43144188","54","10019488"
"chr6","33124746","33124773","chr12","8241499","8241528","8","24883247"
"chr6","33635774","33636117","chr6","33365522","33365862","4","270252"
"chr6","33682130","33682435","chr6","33412284","33412593","9","269846"
"chr6","33906614","33906906","chr6","33641154","33641444","2","265460"
"chr6","33908035","33908337","chr6","33642573","33642876","2","265462"
"chr6","33915955","33916008","chr3","12945284","12945334","8","20970671"
"chr6","33930816","33930989","chr4","98964110","98964298","47","65033294"
"chr6","34021185","34021459","chr7","150387542","150387810","49","116366357"
"chr6","34021991","34022293","chr6","33759511","33759817","4","262480"
"chr6","34068904","34069079","chr17","13843105","13843274","34","20225799"
"chr6","34165650","34165811","chrX","42468250","42468415","58","8302600"
"chr6","34183587","34183864","chr6","33920030","33920307","2","263557"
"chr6","34228023","34228324","chr6","33964488","33964785","4","263535"
"chr6","34233312","34233621","chr6","33971801","33972111","6","261511"
"chr6","34253548","34253716","chr1","54397545","54397708","24","20143997"
"chr6","34260684","34260773","chr6","34000699","34000788","1","259985"
"chr6","34326769","34326874","chr2B","199271339","199271453","26","164944570"
"chr6","34440723","34440899","chr7","100997716","100997899","51","66556993"
"chr6","34559867","34559989","chr5","172392908","172393028","21","137833041"
"chr6","34839463","34839789","chr6","34591011","34591337","3","248452"
"chr6","34868566","34868675","chr11","6110379","6110485","17","28758187"
"chr6","34873782","34874077","chr6","34624511","34624807","3","249271"
"chr6","34886777","34887088","chr6","34637841","34638153","3","248936"
"chr6","34890222","34890319","chr14","100673591","100673682","19","65783369"
"chr6","34970322","34970611","chr6","34723033","34723347","45","247289"
"chr6","34975204","34975513","chr6","34727959","34728268","1","247245"
"chr6","35044092","35044392","chr6","34799145","34799459","15","244947"
"chr6","35060477","35060586","chr20","16652596","16652702","26","18407881"
"chr6","35066362","35066524","chr14","96102368","96102516","37","61036006"
"chr6","35092614","35092918","chr6","34851674","34851976","9","240940"
"chr6","35100071","35100353","chr6","34859587","34859869","0","240484"
"chr6","35144199","35144491","chr6","34904012","34904319","26","240187"
"chr6","35157640","35157817","chr6","34920330","34920509","5","237310"
"chr6","35175983","35176275","chr6","34938950","34939242","0","237033"
"chr6","35261517","35261601","chr3","181238196","181238292","31","145976679"
"chr6","35322182","35322478","chr6","35090329","35090626","1","231853"
"chr6","35347618","35347689","chr17","4261422","4261478","26","31086196"
"chr6","35360098","35360401","chr6","35132239","35132545","5","227859"
"chr6","35386318","35386617","chr6","35159589","35159889","3","226729"
"chr6","35425126","35425371","chr5","113125367","113125618","41","77700241"
"chr6","35428136","35428361","chr10","118677717","118677934","45","83249581"
"chr6","35429138","35429419","chr9","112128258","112128540","38","76699120"
"chr6","35471641","35471942","chr6","35246813","35247118","5","224828"
"chr6","35488801","35489105","chr6","35264421","35264714","14","224380"
"chr6","35492174","35492479","chr6","35267545","35267850","2","224629"
"chr6","35560940","35561099","chr6","35343324","35343484","2","217616"
"chr6","35568828","35568919","chr12","12586014","12586108","12","22982814"
"chr6","35643263","35643557","chr6","35429689","35429989","7","213574"
"chr6","35753490","35753654","chrX","15694332","15694494","24","20059158"
"chr6","35852949","35853256","chr6","35635871","35636178","0","217078"
"chr6","35916154","35916464","chr6","35701204","35701515","1","214950"
"chr6","35929390","35929484","chr14","100673591","100673682","21","64744201"
"chr6","35929884","35930180","chr6","35715017","35715314","3","214867"
"chr6","35933121","35933393","chr6","35718522","35718820","29","214599"
"chr6","35963650","35963810","chr1","201503311","201503466","30","165539661"
"chr6","35984730","35984901","chr15","87173355","87173524","34","51188625"
"chr6","35986697","35986849","chr6","35772624","35772776","3","214073"
"chr6","36059156","36059253","chr14","100673591","100673682","20","64614435"
"chr6","36084496","36084798","chr6","35875124","35875426","1","209372"
"chr6","36085241","36085541","chr6","35875875","35876176","5","209366"
"chr6","36116958","36117253","chr6","35908284","35908586","7","208674"
"chr6","36344800","36345103","chr6","36029640","36029944","2","315160"
"chr6","36397630","36397934","chr6","36083107","36083412","4","314523"
"chr6","36422151","36422273","chr6","36107768","36107898","8","314383"
"chr6","36447904","36448131","chr6","36133231","36133463","6","314673"
"chr6","36498318","36498627","chr6","36186788","36187095","5","311530"
"chr6","36529168","36529432","chr6","36217804","36218076","10","311364"
"chr6","36539412","36539511","chr1","160944586","160944680","16","124405174"
"chr6","36564998","36565274","chr6","36253905","36254181","1","311093"
"chr6","36566535","36566698","chr6","31499828","31500000","29","5066707"
"chr6","36567108","36567322","chr7","103473638","103473844","48","66906530"
"chr6","36583412","36583702","chr6","36271449","36271740","2","311963"
"chr6","36591694","36591840","chr2A","107195506","107195649","24","70603812"
"chr6","36601109","36601400","chr1","78316338","78316631","34","41715229"
"chr6","36610016","36610291","chr4","111227561","111227848","62","74617545"
"chr6","36640054","36640346","chr6","36328650","36328942","3","311404"
"chr6","36675850","36675958","chr2B","199271339","199271453","30","162595489"
"chr6","36712107","36712267","chr3","66791197","66791359","31","30079090"
"chr6","36781162","36781387","chr10","772641","772873","44","36008521"
"chr6","37012169","37012467","chr6","36712319","36712621","8","299850"
"chr6","37103400","37103700","chr6","36805218","36805517","5","298182"
"chr6","37106894","37107187","chr10","93391235","93391531","32","56284341"
"chr6","37231922","37232147","chr6","36939782","36940007","1","292140"
"chr6","37243592","37243889","chr6","36951943","36952241","4","291649"
"chr6","37303110","37303269","chr19","6717167","6717332","31","30585943"
"chr6","37305207","37305493","chr4","111227561","111227848","62","73922354"
"chr6","37336627","37336926","chr6","37048528","37048830","4","288099"
"chr6","37405519","37405818","chr6","37123012","37123311","2","282507"
"chr6","37412728","37412846","chr2B","207026815","207026935","27","169614087"
"chr6","37464855","37465075","chr6","37183652","37183869","5","281203"
"chr6","37468650","37468756","chr6","159074849","159074952","21","121606199"
"chr6","37531920","37532150","chr6","37251168","37251400","3","280752"
"chr6","37548627","37548873","chr6","37268603","37268850","6","280024"
"chr6","37578333","37578499","chr6","37299122","37299292","4","279211"
"chr6","37589482","37589571","chr13","24059413","24059502","19","13530069"
"chr6","37615844","37616153","chr6","37337144","37337455","8","278700"
"chr6","37757413","37757704","chr6","37482326","37482614","5","275087"
"chr6","37847698","37848006","chr6","37574006","37574314","2","273692"
"chr6","37857576","37857745","chr4","40065116","40065274","29","2207540"
"chr6","37868227","37868506","chr6","37596303","37596584","3","271924"
"chr6","37887089","37887160","chr5","172393030","172393091","32","134505941"
"chr6","37895799","37896093","chr6","37625664","37625959","2","270135"
"chr6","37899916","37900204","chr6","37630016","37630307","4","269900"
"chr6","37911986","37912267","chr17","1748555","1748835","37","36163431"
"chr6","37949331","37949633","chr6","37684324","37684631","8","265007"
"chr6","37982229","37982519","chr6","37717730","37718019","13","264499"
"chr6","37983095","37983402","chr6","37718595","37718866","36","264500"
"chr6","37990140","37990306","chr6","37727283","37727449","3","262857"
"chr6","38011093","38011393","chr3","188792402","188792702","55","150781309"
"chr6","38080489","38080765","chr6","37818747","37819015","9","261742"
"chr6","38142110","38142376","chr6","37882348","37882614","0","259762"
"chr6","38172653","38172940","chr6","37911490","37911777","2","261163"
"chr6","38182206","38182275","chr1","117610481","117610560","19","79428275"
"chr6","38182331","38182641","chr6","37920700","37921013","3","261631"
"chr6","38319643","38319949","chr1","65044870","65045174","39","26725227"
"chr6","38422881","38423192","chr6","38169090","38169409","11","253791"
"chr6","38489420","38489721","chr9","89355705","89356004","39","50866285"
"chr6","38515238","38515329","chr14","100673591","100673682","21","62158353"
"chr6","38520683","38520989","chr6","38269438","38269744","5","251245"
"chr6","38634544","38634869","chr6","38388116","38388441","2","246428"
"chr6","38688151","38688208","chr1","33246348","33246407","15","5441803"
"chr6","38688465","38688778","chr5","90828079","90828385","44","52139614"
"chr6","38781068","38781368","chr6","38533489","38533792","3","247579"
"chr6","38874883","38875169","chr6","38627621","38627908","1","247262"
"chr6","39038851","39039138","chr6","38795119","38795408","7","243732"
"chr6","39059054","39059359","chrUn_GL393493","8116","8417","43","39050938"
"chr6","39088729","39088936","chr6","38845392","38845562","40","243337"
"chr6","39135269","39135366","chr19","57751584","57751683","18","18616315"
"chr6","39273980","39274277","chr6","39029882","39030179","0","244098"
"chr6","39406794","39407086","chr6","39166810","39167102","0","239984"
"chr6","39455663","39455962","chr6","39221691","39221985","5","233972"
"chr6","39499835","39500000","chr20","45549956","45550123","37","6050121"
"chr6","39500001","39500106","chr1","182725129","182725248","34","143225128"
"chr6","39533776","39533927","chr6","39299197","39299348","1","234579"
"chr6","39675451","39675753","chr6","39444564","39444877","11","230887"
"chr6","39716088","39716391","chr6","39485249","39485552","1","230839"
"chr6","39833703","39834002","chr10","80448266","80448558","39","40614563"
"chr6","39983676","39984006","chr6","39753737","39754067","0","229939"
"chr6","40002507","40002809","chr9","6780188","6780488","44","33222319"
"chr6","40140938","40141042","chr6","39784334","39784438","0","356604"
"chr6","40164786","40165084","chr6","39807273","39807572","1","357513"
"chr6","40199877","40200181","chr3","181262692","181262994","27","141062815"
"chr6","40224342","40224653","chr12","104184982","104185290","33","63960640"
"chr6","40416776","40416931","chrX","15935692","15935847","27","24481084"
"chr6","40671338","40671643","chr6","40318287","40318593","1","353051"
"chr6","40698408","40698700","chr2A","28990672","28990966","35","11707736"
"chr6","40911920","40912021","chr2B","142240066","142240170","29","101328146"
"chr6","41047212","41047497","chr6","40734772","40735057","3","312440"
"chr6","41290400","41290711","chr6","40975839","40976151","6","314561"
"chr6","41671121","41671234","chr10","85846154","85846274","24","44175033"
"chr6","41767735","41767920","chr14","88956983","88957167","24","47189248"
"chr6","41802074","41802365","chr5","7579076","7579372","35","34222998"
"chr6","42217755","42218047","chr9","77364847","77365139","31","35147092"
"chr6","42295682","42295788","chr2B","205936995","205937106","23","163641313"
"chr6","42330906","42331215","chr6","42006907","42007218","4","323999"
"chr6","42373985","42374293","chr6","42050450","42050758","3","323535"
"chr6","42415068","42415379","chr10","37119562","37119868","36","5295506"
"chr6","42457831","42458118","chr3","199041623","199041909","71","156583792"
"chr6","42518949","42519217","chr6","42200745","42201013","1","318204"
"chr6","42572101","42572403","chr1","77893853","77894144","40","35321752"
"chr6","42696479","42696789","chrX","115966595","115966900","46","73270116"
"chr6","42716945","42717236","chr6","42400643","42400934","0","316302"
"chr6","42730627","42730796","chr6","42414698","42414867","1","315929"
"chr6","42731472","42731577","chr19","11330239","11330343","15","31401233"
"chr6","42767537","42767845","chr6","42453170","42453478","0","314367"
"chr6","42769752","42769980","chr4","58459733","58459957","31","15689981"
"chr6","42770349","42770642","chr6","42456285","42456580","2","314064"
"chr6","42772939","42773227","chr6","42458892","42459152","28","314047"
"chr6","42784043","42784341","chr12","42928043","42928338","31","144000"
"chr6","42784983","42785138","chr3","87640021","87640174","18","44855038"
"chr6","42830015","42830311","chr8","67905964","67906262","32","25075949"
"chr6","42875271","42875518","chr6","42565479","42565728","7","309792"
"chr6","42925353","42925641","chr6","42618766","42619018","38","306587"
"chr6","42926864","42927180","chr6","42619029","42619344","32","307835"
"chr6","42945193","42945498","chr6","42636863","42637168","7","308330"
"chr6","42972030","42972328","chr6","42663931","42664229","0","308099"
"chr6","42981277","42981588","chr6","42672998","42673276","33","308279"
"chr6","42989218","42989445","chr6","42681716","42681943","0","307502"
"chr6","43002432","43002742","chr6","42695816","42696118","8","306616"
"chr6","43006170","43006268","chr18","75593054","75593153","11","32586884"
"chr6","43011689","43012004","chr6","42705492","42705796","11","306197"
"chr6","43083921","43084217","chr6","42778984","42779282","3","304937"
"chr6","43100168","43100459","chr6","42795273","42795565","2","304895"
"chr6","43128369","43128663","chr6","42825165","42825460","2","303204"
"chr6","43181411","43181703","chr6","42878993","42879288","4","302418"
"chr6","43312745","43313044","chr6","43015900","43016207","9","296845"
"chr6","43356028","43356330","chr6","43060302","43060605","1","295726"
"chr6","43362280","43362589","chr6","43066244","43066555","6","296036"
"chr6","43367151","43367446","chr6","43071127","43071422","3","296024"
"chr6","43390771","43390870","chr19","43898174","43898278","19","507403"
"chr6","43425297","43425582","chr6","43130347","43130632","2","294950"
"chr6","43465697","43465989","chr6","43171436","43171727","1","294261"
"chr6","43492395","43492604","chr17","47292313","47292513","48","3799918"
"chr6","43532873","43533182","chr6","43243682","43243992","8","289191"
"chr6","43544818","43545118","chr6","43260654","43260961","7","284164"
"chr6","43567476","43567619","chr9","15289702","15289841","23","28277774"
"chr6","43594206","43594503","chr6","43313863","43314163","9","280343"
"chr6","43604555","43604858","chr6","15705001","15705304","41","27899554"
"chr6","43615416","43615498","chr8","46091691","46091777","20","2476275"
"chr6","43621076","43621378","chrX","20170039","20170336","36","23451037"
"chr6","43635626","43635926","chr10","93068447","93068739","41","49432821"
"chr6","43650028","43650190","chr4","73252540","73252702","24","29602512"
"chr6","43694619","43694953","chr6","33365522","33365862","74","10329097"
"chr6","43704372","43704654","chr6","46476484","46476767","25","2772112"
"chr6","43710816","43711026","chr6","31571626","31571836","28","12139190"
"chr6","43729102","43729407","chrX","65125426","65125731","37","21396324"
"chr6","43744041","43744334","chr6","43467636","43467932","3","276405"
"chr6","43757186","43757304","chr2B","199271339","199271453","26","155514153"
"chr6","43769497","43769742","chr17","29176571","29176796","47","14592926"
"chr6","43792230","43792541","chr6","43516238","43516550","2","275992"
"chr6","43800979","43801287","chr6","43523939","43524232","16","277040"
"chr6","43811644","43811882","chr15","45175007","45175242","35","1363363"
"chr6","43829221","43829519","chr6","43551997","43552295","1","277224"
"chr6","43888495","43888793","chr6","43615276","43615574","1","273219"
"chr6","43889005","43889303","chr6","43615786","43616085","4","273219"
"chr6","43948832","43949119","chr6","43685614","43685897","6","263218"
"chr6","43954414","43954494","chr8","46091691","46091777","23","2137277"
"chr6","43968287","43968588","chr6","43707069","43707370","1","261218"
"chr6","43986780","43986866","chr16","30597942","30598029","31","13388838"
"chr6","44008971","44009075","chr6","43748996","43749100","1","259975"
"chr6","44094202","44094460","chr6","43836250","43836531","24","257952"
"chr6","44095046","44095345","chr6","43837052","43837357","7","257994"
"chr6","44100223","44100347","chr1","6844228","6844361","31","37255995"
"chr6","44137023","44137213","chr10","116873459","116873650","31","72736436"
"chr6","44201491","44201785","chr6","43943873","43944167","3","257618"
"chr6","44274612","44274719","chr2B","142240066","142240170","26","97965454"
"chr6","44299716","44299798","chr18","47204102","47204181","11","2904386"
"chr6","44300093","44300321","chr12","112351724","112351944","58","68051631"
"chr6","44369605","44369922","chr18","33113055","33113346","99","11256550"
"chr6","44396859","44397157","chr6","44144038","44144338","4","252821"
"chr6","44401596","44401889","chr6","135790278","135790579","39","91388682"
"chr6","44470367","44470465","chr12","12586014","12586108","19","31884353"
"chr6","44475096","44475348","chr12","62516811","62517050","39","18041715"
"chr6","44495511","44495704","chr20","14348844","14349042","35","30146667"
"chr6","44510964","44511134","chr6","44263590","44263767","11","247374"
"chr6","44530441","44530732","chr17","40820619","40820915","35","3709822"
"chr6","44543801","44543972","chr6","44298220","44298380","12","245581"
"chr6","44600502","44600805","chr6","44353954","44354252","7","246548"
"chr6","44733750","44734048","chr6","44490349","44490649","2","243401"
"chr6","44951012","44951153","chr2A","32693701","32693835","31","12257311"
"chr6","44970221","44970397","chr3","50743976","50744145","33","5773755"
"chr6","45198299","45198366","chr1","33246348","33246407","26","11951951"
"chr6","45597036","45597353","chr6","45383992","45384312","9","213044"
"chr6","45725395","45725570","chr17","26734383","26734560","21","18991012"
"chr6","45770077","45770385","chr6","45556985","45557293","0","213092"
"chr6","45777151","45777449","chr6","45564067","45564365","2","213084"
"chr6","45808816","45808958","chr4","28030717","28030863","31","17778099"
"chr6","45862037","45862151","chr20","16652596","16652702","26","29209441"
"chr6","45910169","45910464","chr1","68205252","68205552","40","22295083"
"chr6","45974428","45974597","chr1","126489032","126489194","35","80514604"
"chr6","46015697","46015792","chr17","13332748","13332838","19","32682949"
"chr6","46081301","46081598","chr6","45871943","45872251","15","209358"
"chr6","46305952","46306250","chr6","46098413","46098714","3","207539"
"chr6","46434355","46434606","chr6","46227600","46227868","18","206755"
"chr6","46454730","46455040","chr6","46247998","46248293","22","206732"
"chr6","46525172","46525330","chr15","63981158","63981317","29","17455986"
"chr6","46566849","46567154","chr6","46361080","46361385","2","205769"
"chr6","46647748","46648045","chr5","140970745","140971038","40","94322997"
"chr6","46681874","46682157","chr6","46476484","46476767","2","205390"
"chr6","46814114","46814225","chr2B","210790127","210790232","26","163976013"
"chr6","46860709","46860988","chr6","46658903","46659182","0","201806"
"chr6","47029799","47029991","chr5","76266656","76266847","24","29236857"
"chr6","47029992","47030061","chr6","46829258","46829327","0","200734"
"chr6","47113113","47113296","chr6","46914945","46915128","2","198168"
"chr6","47400008","47400307","chr6","47207434","47207733","0","192574"
"chr6","47407964","47408225","chr6","47215399","47215660","1","192565"
"chr6","47448523","47448617","chr6","108298721","108298814","24","60850198"
"chr6","47488402","47488696","chr6","47296875","47297170","1","191527"
"chr6","47534530","47534816","chr6","47343108","47343397","4","191422"
"chr6","47727154","47727457","chr6","47535826","47536106","25","191328"
"chr6","47863091","47863392","chr7","63702922","63703220","34","15839831"
"chr6","47936740","47937024","chr6","47747438","47747722","1","189302"
"chr6","47946335","47946465","chr1","214242319","214242461","24","166295984"
"chr6","47982762","47982856","chr12","12586014","12586108","16","35396748"
"chr6","48194729","48195022","chr6","48010762","48011059","5","183967"
"chr6","48415649","48415931","chr3","200556220","200556500","34","152140571"
"chr6","48463104","48463402","chr6","48281020","48281320","2","182084"
"chr6","48525307","48525609","chr1","205128378","205128683","35","156603071"
"chr6","48540183","48540411","chr6","160192592","160192810","46","111652409"
"chr6","48931061","48931371","chr6","48766728","48767039","5","164333"
"chr6","49069761","49069873","chr2A","62538961","62539069","24","13469200"
"chr6","49100360","49100664","chr6","48940619","48940924","3","159741"
"chr6","49123605","49123901","chr6","48963231","48963527","3","160374"
"chr6","49188579","49188902","chr11","727115","727427","51","48461464"
"chr6","49189388","49189663","chr1","31993216","31993486","55","17196172"
"chr6","49280877","49280968","chr3","27665315","27665404","20","21615562"
"chr6","49281330","49281639","chr6","49121409","49121694","28","159921"
"chr6","49419287","49419495","chr17","53973483","53973680","34","4554196"
"chr6","49449532","49449648","chr5","172392908","172393028","23","122943376"
"chr6","49697427","49697537","chr2B","205936995","205937106","23","156239568"
"chr6","49908614","49908912","chr6","49763476","49763772","3","145138"
"chr6","50233494","50233797","chr6","50091958","50092257","8","141536"
"chr6","50265784","50266030","chr11","116000028","116000267","34","65734244"
"chr6","50389005","50389323","chr6","50249433","50249755","8","139572"
"chr6","50446256","50446572","chr6","50306577","50306897","5","139679"
"chr6","50631396","50631680","chr3","117156145","117156424","43","66524749"
"chr6","50802288","50802423","chr5","138985288","138985428","36","88183000"
"chr6","50899463","50899755","chr6","50764056","50764365","17","135407"
"chr6","50979445","50979755","chr6","50845122","50845435","4","134323"
"chr6","51006121","51006360","chr6","50871802","50872041","1","134319"
"chr6","51067270","51067571","chr6","50932906","50933212","5","134364"
"chr6","51328360","51328557","chr6","51196838","51197048","14","131522"
"chr6","51342845","51343055","chr6","51211357","51211567","1","131488"
"chr6","51586745","51587028","chr6","51461717","51462002","3","125028"
"chr6","51613675","51613984","chr6","51489162","51489471","8","124513"
"chr6","51797514","51797805","chrX","43814540","43814832","37","7982974"
"chr6","51854262","51854568","chr6","51733590","51733896","3","120672"
"chr6","52140000","52140311","chr6","52026686","52026988","9","113314"
"chr6","52348538","52348640","chr22","33938435","33938535","12","18410103"
"chr6","52856637","52856932","chr6","52744723","52745019","2","111914"
"chr6","52929586","52929883","chr2A","63086723","63087016","53","10157137"
"chr6","53050948","53051258","chr6","52945458","52945768","0","105490"
"chr6","53090677","53090874","chr1","26136510","26136710","31","26954167"
"chr6","53098324","53098635","chr6","52993807","52994120","4","104517"
"chr6","53134418","53134733","chr6","53032754","53033071","4","101664"
"chr6","53174636","53174933","chr6","53073175","53073472","0","101461"
"chr6","53199790","53199904","chr3","193943817","193943934","20","140744027"
"chr6","53214566","53214870","chr6","53113235","53113539","3","101331"
"chr6","53292650","53292932","chr6","53192372","53192654","0","100278"
"chr6","53301209","53301502","chr6","53201637","53201933","4","99572"
"chr6","53312656","53312855","chrX","143729605","143729801","35","90416949"
"chr6","53544797","53545012","chr5","151258515","151258724","30","97713718"
"chr6","54160822","54160933","chr2A","62538961","62539069","24","8378139"
"chr6","54274477","54274783","chr4","53498193","53498500","38","776284"
"chr6","54291942","54292232","chr7","29178187","29178477","49","25113755"
"chr6","54381060","54381369","chr6","53918028","53918339","9","463032"
"chr6","54399883","54399988","chr12","12586014","12586108","24","41813869"
"chr6","54428924","54429228","chr6","53968572","53968878","12","460352"
"chr6","54653082","54653395","chr6","54193871","54194183","1","459211"
"chr6","54879083","54879209","chr5","172392908","172393028","27","117513825"
"chr6","55117447","55117745","chr7","4288012","4288305","41","50829435"
"chr6","55432382","55432689","chr6","54982747","54983055","4","449635"
"chr6","55533442","55533745","chr6","55084411","55084716","3","449031"
"chr6","55781235","55781341","chr16","66956449","66956554","12","11175214"
"chr6","55856051","55856379","chr4","154106573","154106867","89","98250522"
"chr6","56130510","56130667","chr6","55699024","55699181","1","431486"
"chr6","56177004","56177091","chr8","46091691","46091777","13","10085313"
"chr6","56184224","56184526","chr6","55752880","55753182","0","431344"
"chr6","56184959","56185271","chr6","55753615","55753933","10","431344"
"chr6","56281254","56281556","chr6","55854062","55854369","7","427192"
"chr6","56363207","56363514","chr3","29989180","29989488","49","26374027"
"chr6","56366326","56366635","chr6","55942234","55942543","2","424092"
"chr6","56382640","56382842","chr6","55958615","55958818","4","424025"
"chr6","56860945","56861247","chr6","56441362","56441673","52","419583"
"chr6","56888735","56889031","chr6","56469123","56469417","3","419612"
"chr6","57375683","57375939","chr6","56961453","56961740","82","414230"
"chr6","57565495","57565800","chr6","57153558","57153867","4","411937"
"chr6","57591162","57591362","chr6","57179237","57179439","2","411925"
"chr6","57665061","57665352","chr6","57253837","57254139","13","411224"
"chr6","57917095","57917356","chr6","5123555","5123823","54","52793540"
"chr6","57937999","57938281","chr6","57528525","57528807","2","409474"
"chr6","58252242","58252536","chr20","44511345","44511640","30","13740897"
"chr6","58273991","58274290","chr6","27969608","27969906","30","30304383"
"chr6","58287302","58287348","chr3","12945284","12945334","10","45342018"
"chr6","58327346","58327642","chr6","57888101","57888403","6","439245"
"chr6","58349356","58349642","chr3","18335608","18335892","44","40013748"
"chr6","58374888","58375182","chr6","57935681","57935982","8","439207"
"chr6","58407013","58407324","chr6","57968138","57968449","3","438875"
"chr6","58420729","58421014","chr6","57982562","57982849","3","438167"
"chr6","58487368","58487675","chr6","58048989","58049294","3","438379"
"chr6","58519347","58519658","chr6","58084875","58085189","11","434472"
"chr6","64543068","64543352","chr1","124979691","124979972","34","60436623"
"chr6","64692085","64692371","chr3","50079958","50080245","40","14612127"
"chr6","64699609","64699892","chr2B","178624361","178624643","36","113924752"
"chr6","64872774","64872912","chr2A","32693701","32693835","21","32179073"
"chr6","65638992","65639105","chr11","127493932","127494054","29","61854940"
"chr6","65948468","65948742","chrX","71217343","71217618","47","5268875"
"chr6","66247344","66247626","chr2A","4315898","4316179","41","61931446"
"chr6","66295707","66295996","chr1","35992276","35992565","33","30303431"
"chr6","66328454","66328744","chr9","124491667","124491953","57","58163213"
"chr6","66336359","66336655","chr21","28762059","28762355","30","37574300"
"chr6","66402532","66402799","chr4","96404319","96404582","48","30001787"
"chr6","66407777","66408069","chr8","27217963","27218254","46","39189814"
"chr6","66413926","66414215","chr15","86441006","86441294","31","20027080"
"chr6","66418077","66418207","chrX","97546574","97546704","12","31128497"
"chr6","66443830","66444128","chr12","109274804","109275098","32","42830974"
"chr6","66464184","66464463","chr16","59608412","59608693","30","6855772"
"chr6","66498335","66498619","chr10","93068447","93068739","34","26570112"
"chr6","66500074","66500298","chr7","88703251","88703490","47","22203177"
"chr6","66558395","66558586","chr16","20238556","20238749","37","46319839"
"chr6","66711956","66712080","chr2B","171103038","171103174","25","104391082"
"chr6","66841232","66841519","chr9","33729184","33729467","36","33112048"
"chr6","67008702","67009018","chr6","64046600","64046916","1","2962102"
"chr6","67041554","67041868","chr6","64080342","64080655","9","2961212"
"chr6","67361748","67362026","chr6","66480282","66480560","0","881466"
"chr6","67459819","67460131","chr12","125839498","125839807","34","58379679"
"chr6","67695872","67696151","chr20","42979429","42979721","44","24716443"
"chr6","67866304","67866376","chr6","11395990","11396054","34","56470314"
"chr6","67955232","67955406","chr11","74831388","74831549","39","6876156"
"chr6","68104734","68105012","chr6","67232127","67232399","7","872607"
"chr6","68149843","68150146","chr12","20270231","20270535","39","47879612"
"chr6","68201736","68201969","chr6","67329658","67329891","3","872078"
"chr6","68305429","68305740","chr22","40492907","40493214","39","27812522"
"chr6","68344479","68344629","chr9","112064180","112064330","34","43719701"
"chr6","68438695","68438764","chr1","33246348","33246407","26","35192347"
"chr6","68536374","68536504","chr6","67664802","67664932","1","871572"
"chr6","68714532","68714837","chr6","67854038","67854346","5","860494"
"chr6","69005324","69005401","chr8","46091691","46091777","20","22913633"
"chr6","69188388","69188541","chr6","68326042","68326199","13","862346"
"chr6","69231012","69231319","chr6","68367531","68367831","11","863481"
"chr6","69639352","69639652","chr6","68779244","68779547","5","860108"
"chr6","69835516","69835780","chrX","113402117","113402373","45","43566601"
"chr6","70007573","70007862","chr6","69143454","69143743","6","864119"
"chr6","70237656","70237994","chr3","163584182","163584484","61","93346526"
"chr6","70474497","70474799","chr15","78614124","78614411","68","8139627"
"chr6","70582678","70582724","chr7","100782569","100782620","14","30199891"
"chr6","70614820","70614943","chr8","26723415","26723536","25","43891405"
"chr6","70614951","70615184","chr6","69762384","69762617","3","852567"
"chr6","70867218","70867507","chr6","70016350","70016639","2","850868"
"chr6","70933395","70933691","chr12","109274804","109275098","61","38341409"
"chr6","71024550","71024857","chr6","70174668","70174976","5","849882"
"chr6","71156661","71156958","chr3","54080201","54080499","34","17076460"
"chr6","71434584","71434894","chr6","70595380","70595690","1","839204"
"chr6","71592977","71593258","chr6","70753819","70754100","4","839158"
"chr6","71620240","71620382","chr13","22694842","22694978","31","48925398"
"chr6","71685707","71686011","chr6","70848042","70848345","1","837665"
"chr6","71706750","71706861","chr2A","62538961","62539069","21","9167789"
"chr6","71707898","71707967","chr6","70871310","70871379","0","836588"
"chr6","71743546","71743846","chr4","10499550","10499846","48","61243996"
"chr6","71748869","71749172","chr19","62223617","62223928","43","9525252"
"chr6","71769279","71769555","chr6","70933526","70933802","3","835753"
"chr6","71828590","71828899","chr6","70995014","70995317","8","833576"
"chr6","72092882","72093129","chr7","67989698","67989956","67","4103184"
"chr6","72242454","72242746","chr20","44511345","44511640","36","27731109"
"chr6","72359942","72360083","chr2A","32693701","32693835","22","39666241"
"chr6","72514132","72514427","chr6","71695686","71695982","4","818446"
"chr6","72731486","72731775","chr6","71913338","71913628","3","818148"
"chr6","72842474","72842583","chrX","12847720","12847832","28","59994754"
"chr6","73291683","73291980","chr6","72482492","72482790","1","809191"
"chr6","73308294","73308568","chr6","72499006","72499280","5","809288"
"chr6","73373078","73373361","chr6","72564261","72564544","0","808817"
"chr6","73432498","73432762","chr6","72623992","72624256","2","808506"
"chr6","74073109","74073260","chr6","73272368","73272519","0","800741"
"chr6","74078128","74078165","chr4","2917522","2917561","13","71160606"
"chr6","74080884","74081195","chr6","73280736","73281038","9","800148"
"chr6","74092016","74092309","chr6","73292167","73292456","6","799849"
"chr6","74103543","74103840","chr6","73303360","73303657","3","800183"
"chr6","74266588","74266873","chr6","73461728","73462017","5","804860"
"chr6","74289270","74289382","chr20","16652596","16652702","21","57636674"
"chr6","74305685","74305979","chr6","73500881","73501179","6","804804"
"chr6","74310311","74310435","chr6","73505512","73505636","0","804799"
"chr6","74330448","74330609","chr1","128198509","128198667","47","53868061"
"chr6","74330924","74331059","chrX","97546574","97546704","23","23215650"
"chr6","74343078","74343382","chr6","73538439","73538735","15","804639"
"chr6","74387070","74387176","chr20","16652596","16652702","21","57734474"
"chr6","74387359","74387670","chr4","1858292","1858602","36","72529067"
"chr6","74388841","74389110","chr6","42200745","42201013","47","32188096"
"chr6","74392162","74392410","chr15","78367394","78367645","31","3975232"
"chr6","74433608","74433910","chr2B","155022141","155022436","40","80588533"
"chr6","74496948","74497081","chr1","6844228","6844361","31","67652720"
"chr6","74499913","74499999","chr8","46091691","46091777","18","28408222"
"chr6","74502963","74503251","chr6","73685893","73686184","5","817070"
"chr6","74504940","74505101","chr6","135618254","135618409","24","61113314"
"chr6","74529407","74529497","chr3","181238196","181238292","21","106708789"
"chr6","74536821","74537119","chr6","73720837","73721138","3","815984"
"chr6","74540811","74540898","chr14","100673591","100673682","23","26132780"
"chr6","74553844","74554149","chr6","73738297","73738602","1","815547"
"chr6","74603758","74604041","chr6","73793153","73793439","4","810605"
"chr6","74604447","74604750","chr10","66480607","66480906","62","8123840"
"chr6","74626660","74626885","chr1","146163106","146163339","61","71536446"
"chr6","74639257","74639561","chr19","53303945","53304245","30","21335312"
"chr6","74641950","74642239","chrX","138245870","138246163","41","63603920"
"chr6","74642644","74642805","chr4","180552843","180553000","25","105910199"
"chr6","74653940","74654122","chr6","46914945","46915128","30","27738995"
"chr6","74661580","74661891","chr22","34960081","34960390","38","39701499"
"chr6","74663648","74663756","chr10","101398659","101398772","22","26735011"
"chr6","74663787","74664080","chr6","73858802","73859099","5","804985"
"chr6","74682230","74682530","chr3","49055326","49055621","36","25626904"
"chr6","74703074","74703381","chr6","73898815","73899124","6","804259"
"chr6","74714716","74714958","chrX","37932921","37933170","37","36781795"
"chr6","74778422","74778589","chr6","73979331","73979498","0","799091"
"chr6","74886375","74886673","chr6","74089839","74090136","3","796536"
"chr6","74897219","74897513","chr6","74100833","74101128","2","796386"
"chr6","75064292","75064386","chr17","74283568","74283659","22","780724"
"chr6","75145562","75145844","chr6","74351099","74351381","3","794463"
"chr6","75448038","75448171","chr8","26723415","26723536","34","48724623"
"chr6","75561371","75561671","chr6","74769067","74769367","1","792304"
"chr6","76360007","76360265","chr6","75569595","75569865","12","790412"
"chr6","76422702","76422960","chr6","75636890","75637149","2","785812"
"chr6","76478700","76478781","chr14","100673591","100673682","23","24194891"
"chr6","76654961","76655034","chr6","11395990","11396054","26","65258971"
"chr6","76677227","76677522","chr4","22394086","22394382","35","54283141"
"chr6","76717081","76717386","chr10","56611456","56611755","42","20105625"
"chr6","76762747","76763030","chr6","75983448","75983731","1","779299"
"chr6","76853101","76853253","chrX","73313271","73313417","31","3539830"
"chr6","76921862","76922058","chrX","143729605","143729801","44","66807743"
"chr6","76960969","76961091","chr5","172392908","172393028","22","95431939"
"chr6","77019753","77019858","chr3","181238196","181238292","26","104218443"
"chr6","77022135","77022419","chr5","17367797","17368085","61","59654338"
"chr6","77346308","77346479","chr6","76577826","76578003","9","768482"
"chr6","77529753","77529868","chr2B","199271339","199271453","25","121741586"
"chr6","77771391","77771501","chr6","77024702","77024812","1","746689"
"chr6","77771502","77771580","chr8","46091691","46091777","19","31679811"
"chr6","77797072","77797364","chr6","77050393","77050685","0","746679"
"chr6","77816601","77816901","chr5","42111922","42112226","33","35704679"
"chr6","77892861","77893140","chr6","77147927","77148235","31","744934"
"chr6","78065866","78066168","chr6","77327309","77327612","8","738557"
"chr6","78181857","78182171","chr6","77446134","77446442","27","735723"
"chr6","78377240","78377534","chr6","77643307","77643601","5","733933"
"chr6","78485587","78485897","chr6","77771007","77771318","3","714580"
"chr6","78515248","78515531","chr3","18335608","18335892","38","60179640"
"chr6","78587495","78587631","chr1","6844228","6844361","23","71743267"
"chr6","78703129","78703293","chr6","77997998","77998162","0","705131"
"chr6","78770335","78770634","chr6","78066504","78066816","16","703831"
"chr6","78939514","78939808","chr6","78240151","78240445","2","699363"
"chr6","79388975","79389271","chr6","78696294","78696593","6","692681"
"chr6","79724166","79724251","chr14","100673591","100673682","21","20949425"
"chr6","79839862","79840163","chr6","79157066","79157369","2","682796"
"chr6","79940363","79940659","chr3","109317702","109318004","46","29377339"
"chr6","80038697","80038874","chr12","40741439","40741620","34","39297258"
"chr6","80143641","80143757","chr8","26723415","26723536","26","53420226"
"chr6","80216665","80216974","chr6","79538111","79538422","3","678554"
"chr6","80420129","80420394","chr6","79744047","79744313","5","676082"
"chr6","80635435","80635547","chr2B","199271339","199271453","22","118635904"
"chr6","80697861","80698137","chr6","80028791","80029069","4","669070"
"chr6","80762750","80763059","chr6","80095881","80096190","1","666869"
"chr6","80832401","80832540","chr6","80166677","80166816","0","665724"
"chr6","80953081","80953395","chr6","80291078","80291391","6","662003"
"chr6","81442247","81442333","chr1","160944586","160944680","17","79502339"
"chr6","81606117","81606336","chr6","80954076","80954295","1","652041"
"chr6","81634414","81634701","chr6","80984166","80984462","12","650248"
"chr6","81639510","81639792","chr22","43143911","43144188","39","38495599"
"chr6","81668553","81668720","chr6","81018624","81018792","2","649929"
"chr6","81994530","81994654","chr18","46323703","46323831","29","35670827"
"chr6","82213216","82213305","chr13","24059413","24059502","13","58153803"
"chr6","82248578","82248882","chr7","116571575","116571881","40","34322997"
"chr6","82257601","82257878","chr6","81614535","81614812","1","643066"
"chr6","82673622","82673901","chr6","82040908","82041187","0","632714"
"chr6","82751998","82752206","chr3","27850595","27850805","36","54901403"
"chr6","82786098","82786371","chr3","137579329","137579612","37","54793231"
"chr6","82825061","82825367","chr12","13121100","13121409","51","69703961"
"chr6","83222036","83222202","chr6","82599632","82599798","0","622404"
"chr6","83352637","83352943","chr6","82731554","82731858","4","621083"
"chr6","83427779","83427934","chr6","82810174","82810318","12","617605"
"chr6","83427966","83427986","chr1","28547144","28547162","8","54880822"
"chr6","83438670","83438980","chr6","82821125","82821427","8","617545"
"chr6","83451690","83451992","chr5","62119881","62120180","30","21331809"
"chr6","83455123","83455411","chr6","82837588","82837877","2","617535"
"chr6","83568929","83569204","chr6","82951949","82952252","28","616980"
"chr6","83630552","83630849","chr6","83014098","83014395","1","616454"
"chr6","83872095","83872360","chr6","83265488","83265753","0","606607"
"chr6","83976351","83976649","chr6","83369688","83369986","2","606663"
"chr6","84537100","84537378","chr6","83933870","83934149","3","603230"
"chr6","84563760","84563809","chr18","17282170","17282223","14","67281590"
"chr6","84893502","84893639","chr6","84298883","84299012","13","594619"
"chr6","84940909","84941068","chr17","75589264","75589422","27","9351645"
"chr6","84988493","84988762","chr1","15458109","15458374","49","69530384"
"chr6","85234896","85235196","chr6","84646490","84646799","12","588406"
"chr6","85371458","85371687","chr6","84782476","84782706","3","588982"
"chr6","85726601","85726761","chr6","85142568","85142728","4","584033"
"chr6","85836467","85836763","chr6","85238591","85238887","2","597876"
"chr6","85854533","85854853","chr7","142270350","142270649","59","56415817"
"chr6","85895144","85895384","chr6","85298773","85299013","3","596371"
"chr6","85932263","85932574","chr6","85335861","85336170","4","596402"
"chr6","86078339","86078641","chr6","83014098","83014395","55","3064241"
"chr6","86142502","86142793","chr3","172094749","172095041","35","85952247"
"chr6","86163716","86163994","chr6","85568293","85568571","4","595423"
"chr6","86592484","86592794","chr6","86004303","86004613","4","588181"
"chr6","86681233","86681295","chr18","17282170","17282223","25","69399063"
"chr6","86781003","86781325","chr6","86195582","86195907","4","585421"
"chr6","86802419","86802715","chr4","167882463","167882760","31","81080044"
"chr6","86810364","86810675","chr12","61508381","61508672","49","25301983"
"chr6","86849558","86849740","chr19","35570655","35570847","47","51278903"
"chr6","86978706","86979019","chr6","86396711","86397024","9","581995"
"chr6","87706204","87706502","chr6","87135631","87135929","3","570573"
"chr6","87871069","87871166","chr14","100673591","100673682","25","12802522"
"chr6","88228306","88228604","chr10","114312160","114312459","44","26083854"
"chr6","88242684","88242996","chr6","87687909","87688228","16","554775"
"chr6","88243986","88244091","chr1","160944586","160944680","21","72700600"
"chr6","88273088","88273402","chr6","87718542","87718864","9","554546"
"chr6","88309824","88310122","chr9","85743462","85743773","74","2566362"
"chr6","88377990","88378284","chr6","87824155","87824452","6","553835"
"chr6","88385554","88385856","chr6","87831733","87832040","7","553821"
"chr6","88388515","88388806","chr6","87837649","87837940","1","550866"
"chr6","88416065","88416248","chr7","78473733","78473911","33","9942332"
"chr6","88620368","88620636","chr6","88071757","88072025","1","548611"
"chr6","88648106","88648413","chr6","88099542","88099850","1","548564"
"chr6","88687821","88688129","chr6","88140096","88140405","9","547725"
"chr6","88691607","88691914","chr7","158152088","158152396","45","69460481"
"chr6","88744113","88744422","chr1","26963679","26963985","36","61780434"
"chr6","88747441","88747727","chr10","27363792","27364075","46","61383649"
"chr6","88768051","88768353","chr6","88221334","88221642","7","546717"
"chr6","88790427","88790729","chr6","88244052","88244356","2","546375"
"chr6","88844896","88845199","chr1","160573223","160573519","34","71728327"
"chr6","88851625","88851919","chr6","88313324","88313628","14","538301"
"chr6","88873518","88873827","chr6","88335652","88335959","2","537866"
"chr6","88917085","88917392","chr6","88380740","88381054","13","536345"
"chr6","88999867","89000000","chr5","172392908","172393028","36","83393041"
"chr6","89444491","89444805","chr6","88909808","88910112","13","534683"
"chr6","89849175","89849468","chr6","89326202","89326495","16","522973"
"chr6","90036720","90037020","chr6","89521043","89521321","22","515677"
"chr6","90058924","90059215","chr6","89543361","89543655","5","515563"
"chr6","90104378","90104685","chr6","89588906","89589214","4","515472"
"chr6","90110394","90110516","chr4","75964418","75964542","14","14145976"
"chr6","90151588","90151662","chr12","116998905","116998970","22","26847317"
"chr6","90233646","90233760","chr7","112797358","112797487","36","22563712"
"chr6","90243616","90243860","chr6","89732073","89732317","2","511543"
"chr6","90263074","90263372","chr6","89751917","89752216","3","511157"
"chr6","90271338","90271573","chr1","10956435","10956669","48","79314903"
"chr6","90306353","90306640","chr6","89793707","89794005","13","512646"
"chr6","90339357","90339631","chr6","89826873","89827150","4","512484"
"chr6","90341474","90341636","chr4","180552843","180553000","23","90211369"
"chr6","90565662","90565967","chr1","223624500","223624808","48","133058838"
"chr6","90577355","90577485","chr14","62610265","62610395","9","27967090"
"chr6","90584135","90584348","chr1","193182645","193182859","37","102598510"
"chr6","90680624","90680795","chr3","50636277","50636455","30","40044347"
"chr6","90680796","90681092","chr12","40754364","40754666","40","49926432"
"chr6","90681093","90681153","chr3","188064668","188064724","14","97383575"
"chr6","90689337","90689593","chr6","90173307","90173565","3","516030"
"chr6","90827624","90827725","chr6","159074849","159074952","17","68247225"
"chr6","90869568","90869689","chr1","6844228","6844361","29","84025340"
"chr6","90883701","90883940","chr5","133513177","133513414","54","42629476"
"chr6","90930645","90930757","chr20","16652596","16652702","24","74278049"
"chr6","90933225","90933364","chr7","156274717","156274856","32","65341492"
"chr6","90937888","90938118","chr1","212521138","212521364","47","121583250"
"chr6","90942750","90942953","chr6","90430091","90430294","0","512659"
"chr6","90983023","90983321","chr6","90470016","90470316","3","513007"
"chr6","90985879","90985958","chr8","46091691","46091777","14","44894188"
"chr6","91000591","91000909","chr4","118238546","118238854","43","27237955"
"chr6","91025100","91025205","chr3","181238196","181238292","28","90213096"
"chr6","91158796","91159046","chr7","20045800","20046051","37","71112996"
"chr6","91190224","91190515","chr12","12966475","12966767","34","78223749"
"chr6","91341011","91341305","chr6","90834398","90834690","4","506613"
"chr6","91390604","91390790","chr2B","210872618","210872807","25","119482014"
"chr6","91541361","91541654","chr6","91042142","91042439","5","499219"
"chr6","91813195","91813372","chr6","91317856","91318034","1","495339"
"chr6","92320645","92320959","chr1","191401357","191401664","44","99080712"
"chr6","92640015","92640127","chr7","112797358","112797487","34","20157343"
"chr6","92696944","92697223","chr6","92218714","92218993","2","478230"
"chr6","92829583","92829877","chr1","133493331","133493627","40","40663748"
"chr6","92892498","92892776","chr6","92414286","92414564","2","478212"
"chr6","92973886","92973972","chr13","24059413","24059502","21","68914473"
"chr6","93194861","93194935","chr4","180400118","180400192","12","87205257"
"chr6","93448837","93449143","chr6","92974900","92975205","2","473937"
"chr6","93452788","93452809","chr1","28547144","28547162","11","64905644"
"chr6","93452868","93452969","chr2B","205936995","205937106","31","112484127"
"chr6","94230644","94230805","chr6","93769461","93769623","2","461183"
"chr6","94902146","94902450","chr6","94459424","94459729","2","442722"
"chr6","95130048","95130135","chr14","100673591","100673682","17","5543543"
"chr6","95531469","95531586","chr5","172392908","172393028","31","76861439"
"chr6","95951631","95951943","chr6","95533129","95533441","0","418502"
"chr6","97165794","97166080","chr6","96307862","96308148","1","857932"
"chr6","97337822","97337969","chr12","95708278","95708420","18","1629544"
"chr6","97367509","97367800","chr6","96514221","96514513","3","853288"
"chr6","97572556","97572855","chr6","96715123","96715434","14","857433"
"chr6","97669064","97669304","chr6","96811733","96811973","3","857331"
"chr6","97716000","97716307","chr13","48954932","48955233","53","48761068"
"chr6","98011151","98011428","chr6","97161942","97162225","8","849209"
"chr6","98103308","98103613","chr6","25647113","25647412","48","72456195"
"chr6","98128968","98129272","chr6","97283496","97283805","5","845472"
"chr6","98444569","98444747","chr6","97601170","97601348","0","843399"
"chr6","98497648","98497820","chr1","54397545","54397708","34","44100103"
"chr6","98509233","98509532","chr6","97668353","97668652","0","840880"
"chr6","98742966","98743096","chr5","177191573","177191702","11","78448607"
"chr6","98863884","98864163","chr6","98018205","98018482","3","845679"
"chr6","98917781","98918084","chr6","98072167","98072465","7","845614"
"chr6","99386129","99386359","chr6","98548829","98549060","4","837300"
"chr6","99406914","99407010","chr12","12586014","12586108","16","86820900"
"chr6","99468512","99468703","chr6","98632687","98632870","8","835825"
"chr6","100327168","100327459","chr6","99495436","99495727","0","831732"
"chr6","100400164","100400466","chr6","99568431","99568733","1","831733"
"chr6","100510172","100510477","chr6","99678791","99679096","1","831381"
"chr6","100605046","100605432","chr8","123780502","123780839","95","23175456"
"chr6","100654724","100655024","chr1","212124746","212125042","41","111470022"
"chr6","100660693","100660781","chr3","181238196","181238292","36","80577503"
"chr6","100816162","100816446","chr10","120863393","120863676","43","20047231"
"chr6","101089348","101089616","chr6","100278603","100278871","2","810745"
"chr6","101090933","101091002","chr17","4261422","4261478","28","96829511"
"chr6","101113958","101114121","chr7","99334849","99335012","35","1779109"
"chr6","101178350","101178653","chr6","100369154","100369466","10","809196"
"chr6","101264450","101264759","chr1","191401357","191401664","49","90136907"
"chr6","101433512","101433812","chr1","26661977","26662280","52","74771535"
"chr6","101453279","101453566","chr6","100645062","100645350","3","808217"
"chr6","101471963","101472065","chr3","198268184","198268291","21","96796221"
"chr6","101635462","101635784","chr12","112493146","112493458","46","10857684"
"chr6","101794892","101795199","chr6","100988730","100989039","5","806162"
"chr6","101871660","101871837","chr7","153807750","153807926","24","51936090"
"chr6","102207159","102207451","chr6","101405856","101406150","3","801303"
"chr6","102544437","102544732","chr6","101745985","101746280","2","798452"
"chr6","102783470","102783730","chr6","101999146","101999406","0","784324"
"chr6","102846783","102847085","chr6","108111273","108111573","40","5264490"
"chr6","102852573","102852866","chr6","102068361","102068671","22","784212"
"chr6","103196720","103197002","chr10","99014635","99014920","36","4182085"
"chr6","103223713","103224029","chr6","102445800","102446110","7","777913"
"chr6","103535862","103536158","chr6","102758251","102758548","3","777611"
"chr6","103638494","103638837","chr6","102859307","102859655","8","779187"
"chr6","103762122","103762419","chr6","102990395","102990696","13","771727"
"chr6","103879450","103879669","chr6","103108822","103109043","2","770628"
"chr6","103905801","103906065","chr6","103140532","103140796","1","765269"
"chr6","103947072","103947362","chr6","103182390","103182705","25","764682"
"chr6","104970739","104971078","chr17","10071223","10071551","57","94899516"
"chr6","105059421","105059656","chr6","104313662","104313897","2","745759"
"chr6","105723916","105724213","chr6","104990156","104990463","12","733760"
"chr6","105747057","105747330","chr6","105013335","105013610","3","733722"
"chr6","106143268","106143549","chr1","80226122","80226417","56","25917146"
"chr6","106302656","106302970","chr17","44433627","44433936","54","61869029"
"chr6","106448379","106448665","chr6","105750208","105750495","7","698171"
"chr6","106569626","106569932","chr6","105876972","105877279","5","692654"
"chr6","106582442","106582706","chr1","226613152","226613414","35","120030710"
"chr6","106614611","106614893","chr7","46654334","46654621","53","59960277"
"chr6","106627491","106627649","chr7","15507240","15507400","45","91120251"
"chr6","106651382","106651679","chr6","105960223","105960520","3","691159"
"chr6","106873641","106873947","chr6","106188780","106189087","2","684861"
"chr6","106942804","106943116","chr6","106266146","106266458","1","676658"
"chr6","107060913","107061204","chr6","106386729","106387024","4","674184"
"chr6","107156076","107156355","chr6","106483292","106483571","0","672784"
"chr6","107258009","107258301","chr6","106584923","106585216","5","673086"
"chr6","107378347","107378658","chr6","106706616","106706927","5","671731"
"chr6","107515358","107515517","chr4","40065116","40065274","24","67450242"
"chr6","107625118","107625421","chr6","106958683","106958986","2","666435"
"chr6","107657308","107657606","chr6","106989578","106989886","12","667730"
"chr6","107658275","107658572","chr6","106990562","106990860","1","667713"
"chr6","107837342","107837642","chr6","107173662","107173963","2","663680"
"chr6","107842666","107842964","chr17","69662450","69662747","38","38180216"
"chr6","107862001","107862322","chr7","74329518","74329833","57","33532483"
"chr6","107867612","107867923","chr6","107201832","107202144","3","665780"
"chr6","107899305","107899578","chr6","107235801","107236074","2","663504"
"chr6","107986446","107986616","chr5","133738964","133739131","24","25752518"
"chr6","108117263","108117574","chr6","107461301","107461611","3","655962"
"chr6","108148551","108148851","chr6","107492583","107492890","9","655968"
"chr6","108192669","108192737","chr1","33246348","33246407","21","74946321"
"chr6","108301377","108301504","chr6","107657505","107657632","0","643872"
"chr6","108347106","108347410","chr6","107703858","107704163","7","643248"
"chr6","108507683","108507973","chr6","107865812","107866103","2","641871"
"chr6","108577446","108577724","chr6","107937916","107938228","36","639530"
"chr6","108625127","108625429","chr6","107990280","107990582","11","634847"
"chr6","108634850","108635155","chr6","108000031","108000336","2","634819"
"chr6","108635885","108636165","chr6","108001069","108001345","6","634816"
"chr6","108662354","108662473","chr5","5624013","5624130","32","103038341"
"chr6","108676570","108676675","chr20","16652596","16652702","15","92023974"
"chr6","108688350","108688486","chr16","10436386","10436538","30","98251964"
"chr6","108731914","108732015","chr3","181238196","181238292","27","72506282"
"chr6","108754095","108754292","chr6","108132752","108132949","0","621343"
"chr6","108801247","108801543","chr6","108179285","108179582","6","621962"
"chr6","108813565","108813667","chr3","181238196","181238292","24","72424631"
"chr6","108814661","108814700","chr10","75445791","75445831","12","33368870"
"chr6","108826049","108826312","chr6","108204814","108205078","5","621235"
"chr6","108827777","108828019","chr2B","240263975","240264225","36","131436198"
"chr6","108836165","108836460","chr6","108214583","108214876","2","621582"
"chr6","108863117","108863263","chr12","95708278","95708420","19","13154839"
"chr6","108901814","108902082","chr7","66849030","66849321","48","42052784"
"chr6","108902105","108902415","chr6","108281737","108282049","3","620368"
"chr6","108905526","108905825","chr6","108285819","108286128","12","619707"
"chr6","108905841","108905944","chr2B","199271339","199271453","31","90365498"
"chr6","108951233","108951315","chr11","8774884","8774956","17","100176349"
"chr6","109010288","109010585","chr14","62404865","62405162","48","46605423"
"chr6","109025455","109025743","chr6","108408892","108409187","10","616563"
"chr6","109230969","109231142","chr15","87173355","87173524","25","22057614"
"chr6","109231432","109231521","chr6","118110211","118110289","23","8878779"
"chr6","109321355","109321654","chr6","108709045","108709346","4","612310"
"chr6","109366107","109366409","chr6","108753821","108754129","8","612286"
"chr6","109441652","109441745","chr13","24059413","24059502","17","85382239"
"chr6","109467703","109468011","chr6","108855475","108855785","4","612228"
"chr6","109470779","109471075","chr6","108858553","108858850","2","612226"
"chr6","109593067","109593366","chr6","108982658","108982957","0","610409"
"chr6","109639838","109639934","chr13","24059413","24059502","21","85580425"
"chr6","109643492","109643797","chr18","46728515","46728820","46","62914977"
"chr6","109856326","109856547","chr1","129385965","129386195","48","19529639"
"chr6","109888102","109888218","chr2B","199271339","199271453","28","89383237"
"chr6","109893655","109893948","chr6","109283047","109283333","8","610608"
"chr6","109903554","109903838","chr6","109292489","109292790","17","611065"
"chr6","109970509","109970845","chr6","109360391","109360707","21","610118"
"chr6","109976206","109976507","chr22","39380563","39380862","38","70595643"
"chr6","110011391","110011652","chr5","41032889","41033140","51","68978502"
"chr6","110129604","110129862","chr6","109529961","109530221","3","599643"
"chr6","110340001","110340202","chr9","97028914","97029116","33","13311087"
"chr6","110345929","110346221","chr2A","63086723","63087016","26","47259206"
"chr6","110418860","110419161","chr1","35380709","35381003","31","75038151"
"chr6","110578651","110578787","chr12","6546624","6546764","16","104032027"
"chr6","110592795","110593095","chr6","109801041","109801341","1","791754"
"chr6","110627665","110627883","chr6","109835852","109836070","10","791813"
"chr6","110663577","110663724","chr4","149843795","149843946","27","39180218"
"chr6","110738991","110739269","chr6","109949064","109949343","4","789927"
"chr6","110754328","110754614","chr6","109964395","109964696","23","789933"
"chr6","110793327","110793458","chr6","110005730","110005861","0","787597"
"chr6","110885320","110885600","chr6","110099537","110099817","1","785783"
"chr6","110973663","110973961","chr6","110187988","110188287","1","785675"
"chr6","110992587","110992852","chr6","110207037","110207302","2","785550"
"chr6","111074135","111074436","chr1","53118077","53118382","61","57956058"
"chr6","111181035","111181329","chr6","110398696","110398994","4","782339"
"chr6","111256189","111256480","chr6","110474634","110474925","3","781555"
"chr6","111290830","111291115","chr6","110510552","110510837","1","780278"
"chr6","111331144","111331435","chr6","110552134","110552427","4","779010"
"chr6","111355984","111356274","chr6","110576975","110577265","0","779009"
"chr6","111546602","111546895","chr6","110771609","110771905","6","774993"
"chr6","111609781","111609954","chr6","110835917","110836090","1","773864"
"chr6","111961499","111961803","chr6","111191716","111192025","8","769783"
"chr6","112088466","112088748","chr6","111287187","111287469","3","801279"
"chr6","112149149","112149322","chr7","136023406","136023568","33","23874257"
"chr6","112228372","112228639","chr6","111430994","111431261","0","797378"
"chr6","112305606","112305714","chr12","12586014","12586108","32","99719592"
"chr6","112365572","112365856","chr6","111568105","111568417","29","797467"
"chr6","112393619","112393919","chr6","161417403","161417696","35","49023784"
"chr6","112396919","112397208","chr6","111599515","111599807","3","797404"
"chr6","112453959","112454256","chr6","111657650","111657959","15","796309"
"chr6","112525321","112525431","chr2B","199271339","199271453","24","86746018"
"chr6","112547767","112548069","chr6","111750935","111751236","2","796832"
"chr6","112564337","112564492","chr4","143756620","143756779","23","31192283"
"chr6","112628465","112628605","chr10","34368711","34368849","20","78259754"
"chr6","112628890","112629052","chr7","76491942","76492118","38","36136948"
"chr6","112637918","112638215","chr3","66876788","66877085","32","45761130"
"chr6","112639955","112640176","chr11","75545758","75545976","31","37094197"
"chr6","112698082","112698193","chr3","181143385","181143493","18","68445303"
"chr6","112737280","112737579","chr6","111931610","111931908","2","805670"
"chr6","112739818","112739918","chr14","100673591","100673682","23","12066227"
"chr6","112768415","112768494","chr8","46091691","46091777","20","66676724"
"chr6","112787378","112787668","chr10","56733881","56734174","37","56053497"
"chr6","112814258","112814558","chr6","112009944","112010247","5","804314"
"chr6","112815394","112815607","chr13","62172728","62172941","39","50642666"
"chr6","112815901","112816014","chr3","181144080","181144190","20","68328179"
"chr6","112856230","112856528","chr13","49746649","49746946","45","63109581"
"chr6","112856769","112857061","chr6","112054276","112054568","2","802493"
"chr6","112875224","112875507","chr3","18335608","18335892","52","94539616"
"chr6","112900010","112900119","chr8","26723415","26723536","29","86176595"
"chr6","112902679","112902984","chr6","112101459","112101764","1","801220"
"chr6","112943831","112943993","chr17","46043196","46043357","34","66900635"
"chr6","112965159","112965294","chr13","22694842","22694978","29","90270317"
"chr6","112995472","112995562","chr12","12586014","12586108","17","100409458"
"chr6","113025644","113025887","chr15","61858311","61858562","65","51167333"
"chr6","113037554","113037788","chr14","66142969","66143205","29","46894585"
"chr6","113229145","113229239","chr12","12586014","12586108","22","100643131"
"chr6","113348841","113349135","chr13","20428787","20429082","34","92920054"
"chr6","113456399","113456679","chr2B","178624361","178624643","47","65167962"
"chr6","113518028","113518325","chr6","112739491","112739798","11","778537"
"chr6","113601380","113601675","chr11","46866936","46867234","27","66734444"
"chr6","114061233","114061530","chr6","113293512","113293787","28","767721"
"chr6","114151500","114151791","chr6","113385825","113386117","1","765675"
"chr6","114158917","114159222","chr6","113393783","113394096","9","765134"
"chr6","114172257","114172394","chr6","113407694","113407832","3","764563"
"chr6","115231693","115232005","chr6","114474902","114475215","3","756791"
"chr6","115325685","115325991","chr6","114569372","114569678","2","756313"
"chr6","115501337","115501636","chr6","114734087","114734386","1","767250"
"chr6","115507484","115507782","chr6","114740199","114740501","8","767285"
"chr6","115595668","115595811","chr8","24630008","24630158","27","90965660"
"chr6","115679283","115679471","chr10","120372580","120372761","39","4693297"
"chr6","115844040","115844335","chr6","115079411","115079708","4","764629"
"chr6","115859413","115859692","chr6","115095112","115095395","4","764301"
"chr6","115885919","115886223","chr6","115121350","115121650","9","764569"
"chr6","115893671","115893953","chr6","115129219","115129527","35","764452"
"chr6","115900063","115900355","chr6","115135862","115136155","3","764201"
"chr6","115930913","115931211","chr10","56678168","56678464","39","59252745"
"chr6","116091759","116092050","chr6","115327731","115328028","6","764028"
"chr6","116325717","116326010","chr12","32327910","32328203","52","83997807"
"chr6","116685729","116686041","chr6","115921881","115922185","10","763848"
"chr6","117086016","117086273","chr6","116247749","116248005","1","838267"
"chr6","117135160","117135471","chr6","116298870","116299187","8","836290"
"chr6","117314107","117314399","chr18","22943618","22943902","42","94370489"
"chr6","117604197","117604496","chr6","116777908","116778224","20","826289"
"chr6","117858088","117858337","chr6","117032578","117032826","1","825510"
"chr6","118182328","118182609","chr6","117363509","117363791","1","818819"
"chr6","118269804","118270091","chr6","117449141","117449428","1","820663"
"chr6","118309517","118309817","chr6","117488699","117489001","3","820818"
"chr6","118561076","118561262","chr18","16620363","16620547","30","101940713"
"chr6","118561324","118561634","chr6","117740762","117741070","4","820562"
"chr6","118585968","118586157","chr1","71500002","71500187","32","47085966"
"chr6","118732788","118733076","chr6","32406203","32406493","68","86326585"
"chr6","118848296","118848472","chr6","118025060","118025235","1","823236"
"chr6","118933233","118933311","chr6","118110211","118110289","0","823022"
"chr6","118933313","118933480","chr19","17061841","17062005","25","101871472"
"chr6","119204639","119204908","chr2B","117914435","117914706","37","1290204"
"chr6","119491737","119492039","chr6","118670005","118670308","2","821732"
"chr6","119595002","119595298","chr9","92127874","92128167","49","27467128"
"chr6","119607313","119607580","chr6","118786414","118786681","0","820899"
"chr6","119633138","119633431","chr16","1192174","1192470","32","118440964"
"chr6","119927573","119927712","chr13","22694842","22694978","31","97232731"
"chr6","119933690","119933988","chr6","119117734","119118032","1","815956"
"chr6","120401537","120401649","chr2A","62538961","62539069","24","57862576"
"chr6","120553408","120553704","chr6","119748424","119748722","2","804984"
"chr6","120579356","120579458","chr6","159074849","159074952","20","38495493"
"chr6","120611874","120612184","chr6","119807635","119807945","9","804239"
"chr6","120739730","120739838","chr3","181238196","181238292","27","60498466"
"chr6","120755107","120755328","chr6","119952870","119953097","9","802237"
"chr6","120773918","120774020","chr6","159074849","159074952","16","38300931"
"chr6","120798301","120798591","chr6","119995246","119995538","3","803055"
"chr6","120948882","120948971","chr12","12586014","12586108","35","108362868"
"chr6","120984984","120985272","chr6","120182818","120183126","23","802166"
"chr6","121062776","121063062","chr4","188864051","188864338","35","67801275"
"chr6","121123067","121123237","chr6","120323249","120323422","3","799818"
"chr6","121229623","121229914","chr8","78387501","78387784","41","42842122"
"chr6","121267807","121268102","chr6","120478097","120478393","3","789710"
"chr6","121722743","121723046","chr6","120947648","120947952","3","775095"
"chr6","121882045","121882353","chr6","121107902","121108210","2","774143"
"chr6","122057517","122057646","chr1","46484701","46484838","28","75572816"
"chr6","122436548","122436864","chr12","115227810","115228122","60","7208738"
"chr6","122495833","122496123","chr6","121733894","121734178","7","761939"
"chr6","122498520","122498846","chr4","126113210","126113531","49","3614690"
"chr6","122697570","122697686","chr6","121941219","121941335","0","756351"
"chr6","122905649","122905950","chr6","122149944","122150245","4","755705"
"chr6","122937683","122937869","chr6","122182567","122182753","1","755116"
"chr6","123233096","123233394","chr6","122474912","122475210","3","758184"
"chr6","123304107","123304403","chr6","122562006","122562302","1","742101"
"chr6","123335028","123335337","chr6","122595038","122595347","2","739990"
"chr6","123408491","123408782","chr6","122670517","122670810","4","737974"
"chr6","123424507","123424813","chr6","122686956","122687263","3","737551"
"chr6","123486683","123486974","chr21","16679068","16679365","57","106807615"
"chr6","123824740","123824849","chr2B","205936995","205937106","22","82112255"
"chr6","123985203","123985511","chr2B","172592492","172592796","32","48607289"
"chr6","124000001","124000061","chr19","17268802","17268857","26","106731199"
"chr6","124015574","124015880","chr6","123279090","123279398","4","736484"
"chr6","124064215","124064309","chr22","33938435","33938535","14","90125780"
"chr6","124385602","124385875","chr6","123676887","123677161","1","708715"
"chr6","124387777","124387898","chr3","181143385","181143493","36","56755608"
"chr6","124628888","124629003","chr7","14345413","14345528","16","110283475"
"chr6","124691505","124691697","chr6","123986345","123986537","1","705160"
"chr6","124776926","124777231","chr5","140899363","140899671","40","16122437"
"chr6","124789100","124789230","chr6","124082164","124082294","2","706936"
"chr6","125143589","125143648","chr16","79492781","79492824","27","45650808"
"chr6","125154697","125155002","chr19","15254760","15255064","34","109899937"
"chr6","125190184","125190301","chr8","26723415","26723536","29","98466769"
"chr6","125473545","125473679","chr5","172392908","172393028","35","46919363"
"chr6","125515340","125515612","chr6","124813158","124813434","4","702182"
"chr6","125571500","125571780","chr6","124870191","124870471","7","701309"
"chr6","125602541","125602823","chr6","124903833","124904116","2","698708"
"chr6","125644637","125644936","chr6","124945994","124946296","3","698643"
"chr6","125666523","125666802","chr9","68279069","68279355","61","57387454"
"chr6","126079756","126079863","chr2B","205936995","205937106","22","79857239"
"chr6","126131096","126131344","chr6","125445838","125446090","4","685258"
"chr6","126279450","126279760","chr6","125609534","125609843","3","669916"
"chr6","126457649","126457943","chr6","125788580","125788874","2","669069"
"chr6","126471736","126472054","chr6","125802691","125803001","9","669045"
"chr6","126550109","126550410","chr6","125885649","125885955","6","664460"
"chr6","126571950","126572257","chr6","125907313","125907614","13","664637"
"chr6","126676078","126676376","chr1","109563293","109563591","34","17112785"
"chr6","126881216","126881486","chr6","126226762","126227032","0","654454"
"chr6","126974318","126974447","chr1","6844228","6844361","22","120130090"
"chr6","127243757","127244051","chr6","126594464","126594759","2","649293"
"chr6","127335864","127335967","chr14","100673591","100673682","24","26662273"
"chr6","127840474","127840778","chr12","34543364","34543672","35","93297110"
"chr6","127893248","127893547","chr6","127246330","127246626","5","646918"
"chr6","128066766","128067059","chr6","127422189","127422481","4","644577"
"chr6","128333757","128334066","chr6","127692335","127692643","6","641422"
"chr6","128557797","128557891","chr17","13332748","13332838","18","115225049"
"chr6","128847705","128847828","chr7","112797358","112797487","26","16050347"
"chr6","129149189","129149364","chr6","128521422","128521597","0","627767"
"chr6","129200243","129200488","chr6","128572553","128572799","2","627690"
"chr6","129278190","129278473","chr6","128651045","128651353","28","627145"
"chr6","129323916","129324219","chr6","128698151","128698454","4","625765"
"chr6","129328722","129329030","chr6","128702959","128703258","17","625763"
"chr6","129883872","129884006","chr2A","32693701","32693835","26","97190171"
"chr6","129956444","129956738","chr6","129342223","129342519","3","614221"
"chr6","129993103","129993447","chr17","13765473","13765816","65","116227630"
"chr6","130179651","130179989","chr17","46945569","46945910","52","83234082"
"chr6","130350448","130350752","chr6","129739247","129739534","21","611201"
"chr6","130402069","130402188","chr6","129795284","129795403","0","606785"
"chr6","130431996","130432286","chr6","129825213","129825503","0","606783"
"chr6","130508771","130509046","chr8","29600870","29601141","46","100907901"
"chr6","130688957","130689071","chr8","26723415","26723536","28","103965542"
"chr6","130802940","130803252","chr6","130204523","130204832","5","598417"
"chr6","130843004","130843134","chr6","130244448","130244578","1","598556"
"chr6","130885588","130885892","chr6","130287095","130287404","8","598493"
"chr6","130903430","130903572","chr6","130304549","130304691","1","598881"
"chr6","130947965","130948248","chr6","130349393","130349677","2","598572"
"chr6","131223239","131223540","chr13","48954932","48955233","38","82268307"
"chr6","131265417","131265718","chr6","130667208","130667513","8","598209"
"chr6","131381793","131382100","chr6","130784387","130784691","3","597406"
"chr6","131479467","131479755","chr4","111227561","111227848","57","20251906"
"chr6","131509447","131509715","chr6","130913848","130914117","1","595599"
"chr6","131524572","131524857","chr6","130927626","130927922","13","596946"
"chr6","131535978","131536218","chr6","130939150","130939390","0","596828"
"chr6","131558815","131559103","chr6","130961968","130962250","7","596847"
"chr6","131692854","131693091","chr6","131099099","131099336","0","593755"
"chr6","131695243","131695534","chr6","131101487","131101778","3","593756"
"chr6","131829748","131829982","chr6","131232468","131232710","9","597280"
"chr6","131933980","131934303","chr6","131338078","131338401","0","595902"
"chr6","132087042","132087162","chr22","35041748","35041876","26","97045294"
"chr6","132405262","132405560","chr6","131815178","131815478","8","590084"
"chr6","132514272","132514402","chr2B","139795701","139795833","27","7281429"
"chr6","132523051","132523347","chr6","131931885","131932190","9","591166"
"chr6","132587148","132587445","chr6","131998491","131998788","2","588657"
"chr6","132699274","132699411","chr1","6844228","6844361","24","125855046"
"chr6","132752254","132752541","chr6","132164085","132164373","1","588169"
"chr6","132783718","132784012","chr6","132196724","132197020","5","586994"
"chr6","132794618","132794927","chr7","107007951","107008256","40","25786667"
"chr6","132846994","132847286","chr6","132261808","132262103","5","585186"
"chr6","132880340","132880633","chr6","132295090","132295384","3","585250"
"chr6","133080276","133080583","chr6","132495948","132496258","4","584328"
"chr6","133139863","133140124","chr6","132555567","132555829","2","584296"
"chr6","133154628","133154807","chr3","183618022","183618206","28","50463394"
"chr6","133323797","133324101","chr6","132735859","132736162","4","587938"
"chr6","133472827","133473122","chr19","57934667","57934962","33","75538160"
"chr6","133476260","133476576","chr3","142049106","142049415","41","8572846"
"chr6","133484442","133484744","chr3","188792402","188792702","38","55307960"
"chr6","133516667","133516752","chr17","13332748","13332838","14","120183919"
"chr6","133586644","133586821","chr21","29016060","29016232","25","104570584"
"chr6","133715129","133715410","chr3","18335608","18335892","32","115379521"
"chr6","133725199","133725520","chr6","133142244","133142582","17","582955"
"chr6","133770313","133770491","chr8","84018854","84019036","26","49751459"
"chr6","133993505","133993602","chr9","80389825","80389922","17","53603680"
"chr6","134166891","134167170","chr6","133586634","133586913","2","580257"
"chr6","134414647","134414755","chr6","159074849","159074952","21","24660202"
"chr6","134449842","134450020","chr21","29016060","29016232","27","105433782"
"chr6","134738053","134738347","chr13","29635769","29636062","34","105102284"
"chr6","134768534","134768803","chr19","17006765","17007036","60","117761769"
"chr6","134818915","134819220","chr6","134251234","134251539","5","567681"
"chr6","134876317","134876404","chr3","181238196","181238292","24","46361879"
"chr6","134916248","134916569","chr5","78863209","78863532","82","56053039"
"chr6","135075727","135075833","chr20","16652596","16652702","23","118423131"
"chr6","135224329","135224626","chr6","134658193","134658495","7","566136"
"chr6","135232829","135232937","chr20","16652596","16652702","29","118580233"
"chr6","135271551","135271852","chr6","134704968","134705268","1","566583"
"chr6","135462432","135462732","chr6","134902892","134903199","16","559540"
"chr6","135590516","135590642","chr4","115885085","115885224","22","19705431"
"chr6","135871706","135872013","chr6","135314239","135314542","21","557467"
"chr6","135878088","135878367","chr6","135320628","135320907","3","557460"
"chr6","135903330","135903453","chr8","26723415","26723536","23","109179915"
"chr6","136006094","136006389","chr6","135455302","135455590","7","550792"
"chr6","136147497","136147802","chr6","135600300","135600607","11","547197"
"chr6","136167553","136167759","chr6","135621042","135621247","14","546511"
"chr6","136192414","136192722","chr6","135646006","135646314","2","546408"
"chr6","136195983","136196152","chr6","42414698","42414867","24","93781285"
"chr6","136237604","136237782","chr6","135689257","135689433","2","548347"
"chr6","136329672","136329972","chr6","135790278","135790579","4","539394"
"chr6","136364502","136364695","chr5","89123099","89123277","48","47241403"
"chr6","136402269","136402574","chr6","135863080","135863382","5","539189"
"chr6","136518999","136519284","chr6","135984767","135985082","30","534232"
"chr6","136519310","136519321","chr1","28547144","28547162","8","107972166"
"chr6","136547876","136548172","chr6","136013654","136013957","9","534222"
"chr6","136556882","136556896","chr1","28547144","28547162","7","108009738"
"chr6","136556929","136557059","chr4","84675478","84675615","27","51881451"
"chr6","136560843","136561137","chr6","136026720","136027014","1","534123"
"chr6","136613323","136613607","chr6","136083556","136083841","3","529767"
"chr6","136624432","136624726","chr6","136094675","136094969","0","529757"
"chr6","136673416","136673586","chr5","38549714","38549882","21","98123702"
"chr6","136683270","136683570","chr12","111863778","111864077","31","24819492"
"chr6","136744137","136744448","chr7","158152088","158152396","47","21407951"
"chr6","136800173","136800315","chr2A","32693701","32693835","26","104106472"
"chr6","136926527","136926828","chr6","136400618","136400920","2","525909"
"chr6","136936378","136936667","chr6","136410775","136411067","18","525603"
"chr6","136997505","136997803","chr6","136471969","136472267","1","525536"
"chr6","137073579","137073879","chr6","136549777","136550076","4","523802"
"chr6","137122718","137123019","chr6","136600365","136600657","10","522353"
"chr6","137144983","137145298","chr6","136624878","136625193","2","520105"
"chr6","137160329","137160462","chr2A","32693701","32693835","24","104466628"
"chr6","137205974","137206282","chr6","136685828","136686136","3","520146"
"chr6","137351903","137352206","chr6","136826808","136827118","10","525095"
"chr6","137391609","137391931","chr6","136868338","136868661","5","523271"
"chr6","137454044","137454336","chr6","136931034","136931340","18","523010"
"chr6","137493125","137493296","chr6","37299122","37299292","27","100194003"
"chr6","137652420","137652702","chr6","137134722","137135006","4","517698"
"chr6","137732500","137732794","chr6","137217090","137217392","9","515410"
"chr6","137866087","137866191","chr6","159074849","159074952","20","21208762"
"chr6","137929293","137929521","chr6","137418776","137419006","5","510517"
"chr6","138006050","138006319","chr6","137498724","137499002","11","507326"
"chr6","138189887","138190183","chr6","137683889","137684185","0","505998"
"chr6","138262807","138263099","chr6","137756724","137757020","32","506083"
"chr6","138297251","138297552","chr6","137792217","137792520","5","505034"
"chr6","138373142","138373448","chr6","137868968","137869274","1","504174"
"chr6","138542253","138542470","chr4","54079862","54080075","44","84462391"
"chr6","138775354","138775473","chr6","77024702","77024812","22","61750652"
"chr6","138946278","138946580","chr6","138446760","138447068","6","499518"
"chr6","138962581","138962875","chr9","124519995","124520284","39","14442586"
"chr6","138964847","138964963","chr6","43284224","43284341","20","95680623"
"chr6","138974766","138975073","chr5","83683331","83683635","41","55291435"
"chr6","139109088","139109400","chr6","138610510","138610819","5","498578"
"chr6","139374243","139374538","chr6","138886097","138886393","3","488146"
"chr6","139379788","139380077","chr18","41921308","41921588","56","97458480"
"chr6","139470261","139470541","chr6","138985561","138985841","1","484700"
"chr6","139482132","139482433","chr6","138997771","138998070","5","484361"
"chr6","139612879","139613185","chr6","139133773","139134079","1","479106"
"chr6","139648149","139648368","chr6","139172677","139172898","4","475472"
"chr6","139768314","139768580","chr6","111430994","111431261","31","28337320"
"chr6","139866916","139867051","chr16","86930019","86930158","15","52936897"
"chr6","139900274","139900583","chr6","139427780","139428090","5","472494"
"chr6","139901809","139902124","chr6","139429322","139429634","4","472487"
"chr6","139921146","139921268","chr19","4055014","4055149","29","135866132"
"chr6","139958543","139958796","chr1","9141654","9141895","55","130816889"
"chr6","140027980","140028112","chr5","172392908","172393028","30","32364928"
"chr6","140076092","140076373","chr6","139604733","139605014","2","471359"
"chr6","140082066","140082377","chr12","36399699","36399998","41","103682367"
"chr6","140092018","140092248","chr6","139620651","139620881","0","471367"
"chr6","140178043","140178245","chr9","105335908","105336108","41","34842135"
"chr6","140196612","140196915","chr6","139725440","139725746","5","471172"
"chr6","140493076","140493210","chr4","115885085","115885224","34","24607991"
"chr6","140559579","140559783","chr6","140094626","140094830","1","464953"
"chr6","140670625","140670931","chr6","140207107","140207413","0","463518"
"chr6","140688854","140689157","chr18","11993479","11993775","34","128695375"
"chr6","140781788","140781953","chr20","33771857","33772021","23","107009931"
"chr6","140864383","140864697","chr6","140401980","140402292","11","462403"
"chr6","140878384","140878686","chr1","13633216","13633513","40","127245168"
"chr6","141032785","141033091","chr6","140573456","140573761","2","459329"
"chr6","141103035","141103336","chr2A","99162924","99163233","15","41940111"
"chr6","141104195","141104477","chr6","140645397","140645702","27","458798"
"chr6","141160612","141160912","chr6","140702302","140702599","9","458310"
"chr6","141189022","141189337","chr6","140731289","140731598","9","457733"
"chr6","141225379","141225688","chr13","47677834","47678138","39","93547545"
"chr6","141242203","141242504","chr6","140787413","140787706","9","454790"
"chr6","141333046","141333262","chr3","48992472","48992683","32","92340574"
"chr6","141366891","141367183","chrX","24300302","24300598","56","117066589"
"chr6","141374927","141375075","chr5","127117962","127118109","13","14256965"
"chr6","141408379","141408550","chrX","87941896","87942074","31","53466483"
"chr6","142445366","142445657","chr3","189527319","189527608","50","47081953"
"chr6","142651744","142651874","chr1","158024936","158025074","19","15373192"
"chr6","142799536","142799702","chr22","22201178","22201345","28","120598358"
"chr6","142869869","142870201","chr6","142436346","142436651","35","433523"
"chr6","142870362","142870444","chr8","46091691","46091777","21","96778671"
"chr6","142871612","142871905","chr6","142438091","142438407","25","433521"
"chr6","142902669","142902815","chr6","142468978","142469124","1","433691"
"chr6","142925350","142925447","chr22","33938435","33938535","14","108986915"
"chr6","143039090","143039377","chr6","142607058","142607345","0","432032"
"chr6","143089927","143090053","chr1","158024936","158025074","34","14935009"
"chr6","143217046","143217298","chr6","142790017","142790255","23","427029"
"chr6","143348648","143348940","chr6","142903771","142904081","18","444877"
"chr6","143521229","143521531","chr13","52114579","52114873","47","91406650"
"chr6","143583894","143584010","chr20","16652596","16652702","24","126931298"
"chr6","143951053","143951148","chr14","100673591","100673682","16","43277462"
"chr6","143983145","143983444","chr6","143572581","143572882","5","410564"
"chr6","144062598","144062710","chr5","172392908","172393028","25","28330310"
"chr6","144113839","144114089","chr4","47569625","47569876","56","96544214"
"chr6","144271608","144271901","chr6","143873693","143873986","3","397915"
"chr6","144448447","144448742","chr6","144056904","144057197","3","391543"
"chr6","144460503","144460779","chr6","144068965","144069241","2","391538"
"chr6","145460512","145460823","chr1","19669608","19669915","41","125790904"
"chr6","145650835","145651131","chr6","144615830","144616127","3","1035005"
"chr6","145843073","145843325","chr6","144809517","144809766","5","1033556"
"chr6","145861578","145861869","chr6","144828986","144829278","3","1032592"
"chr6","145971444","145971748","chr6","144939930","144940235","10","1031514"
"chr6","145989894","145990014","chr7","112797358","112797487","23","33192536"
"chr6","146158021","146158316","chr6","145129103","145129401","6","1028918"
"chr6","146277867","146277976","chr2A","62538961","62539069","22","83738906"
"chr6","146279142","146279359","chr11","72920874","72921092","40","73358268"
"chr6","146373973","146374124","chr6","145351826","145351977","0","1022147"
"chr6","146515144","146515441","chr6","145494088","145494388","6","1021056"
"chr6","146567637","146567734","chr6","108298721","108298814","18","38268916"
"chr6","146588847","146589146","chr22","29981224","29981520","34","116607623"
"chr6","146594858","146595140","chr6","145571717","145571999","1","1023141"
"chr6","146679532","146679833","chr6","145656667","145656968","3","1022865"
"chr6","146739041","146739146","chr20","16652596","16652702","23","130086445"
"chr6","146763511","146763605","chr3","145273280","145273372","25","1490231"
"chr6","146776735","146776936","chr4","176755200","176755409","45","29978465"
"chr6","146792094","146792397","chr6","145770245","145770546","4","1021849"
"chr6","146868501","146868809","chr5","133214691","133214991","40","13653810"
"chr6","146995146","146995468","chr1","112753630","112753949","76","34241516"
"chr6","147055023","147055321","chr6","146037240","146037540","6","1017783"
"chr6","147129095","147129396","chr6","146111192","146111486","8","1017903"
"chr6","147196525","147196820","chr6","146179872","146180170","6","1016653"
"chr6","147555295","147555578","chr9","33729184","33729467","33","113826111"
"chr6","147645057","147645154","chr14","100673591","100673682","24","46971466"
"chr6","147792738","147792883","chr8","112933585","112933727","32","34859153"
"chr6","147923818","147923966","chr6","146917451","146917599","2","1006367"
"chr6","148154400","148154719","chr6","147150151","147150462","10","1004249"
"chr6","148418487","148418766","chr6","147415358","147415638","4","1003129"
"chr6","148475994","148476283","chr6","147475424","147475735","23","1000570"
"chr6","148482137","148482225","chr14","100673591","100673682","18","47808546"
"chr6","148572603","148572737","chr7","156274717","156274856","21","7702114"
"chr6","148681539","148681825","chr6","147685741","147686029","3","995798"
"chr6","148851529","148851623","chr3","181238196","181238292","23","32386667"
"chr6","149242686","149242984","chr6","148257260","148257565","7","985426"
"chr6","149281238","149281545","chr6","148295902","148296205","5","985336"
"chr6","149334119","149334233","chr2B","199271339","199271453","24","49937220"
"chr6","149337079","149337387","chr6","148358815","148359122","9","978264"
"chr6","149555556","149555849","chr6","148579352","148579646","1","976204"
"chr6","149573599","149573826","chr6","148597496","148597729","6","976103"
"chr6","149847774","149848074","chr6","148875228","148875528","2","972546"
"chr6","149948224","149948332","chr2B","142240066","142240170","27","7708158"
"chr6","150109159","150109479","chr6","145273642","145273945","49","4835517"
"chr6","150130379","150130689","chr6","33642573","33642876","41","116487806"
"chr6","150133739","150133994","chr19","22759154","22759407","49","127374585"
"chr6","150182071","150182377","chr6","149237562","149237868","1","944509"
"chr6","150267369","150267579","chr6","149323268","149323479","3","944101"
"chr6","150322372","150322670","chr6","149378581","149378879","6","943791"
"chr6","150772221","150772521","chr6","149832778","149833078","2","939443"
"chr6","150804557","150804719","chr14","105165819","105165980","23","45638738"
"chr6","150821550","150821647","chr11","20358123","20358224","23","130463427"
"chr6","150853615","150853926","chr6","149914872","149915183","1","938743"
"chr6","150950721","150950824","chr2B","142240066","142240170","36","8710655"
"chr6","151380805","151380888","chr14","100673591","100673682","19","50707214"
"chr6","151549550","151549856","chr6","150608856","150609166","12","940694"
"chr6","151619341","151619621","chr6","150679683","150679943","22","939658"
"chr6","151719286","151719577","chr1","146257676","146257964","32","5461610"
"chr6","151869108","151869311","chr6","150931984","150932190","3","937124"
"chr6","152037909","152038212","chr17","7805111","7805419","37","144232798"
"chr6","152113462","152113531","chr1","28546150","28546225","33","123567312"
"chr6","152131764","152132054","chr12","95680462","95680756","43","56451302"
"chr6","152143333","152143632","chr6","151214764","151215068","5","928569"
"chr6","152154814","152155123","chr6","151226778","151227087","0","928036"
"chr6","152164997","152165135","chr3","188303043","188303182","16","36138046"
"chr6","152171564","152171862","chr6","151242860","151243160","2","928704"
"chr6","152214171","152214309","chr1","214242319","214242461","25","62028148"
"chr6","152223542","152223855","chr22","34960081","34960390","35","117263461"
"chr6","152269207","152269519","chr6","151345480","151345792","1","923727"
"chr6","152294306","152294603","chr6","151371378","151371685","14","922928"
"chr6","152311312","152311599","chr6","151388294","151388582","5","923018"
"chr6","152326646","152326734","chr14","100673591","100673682","20","51653055"
"chr6","152334156","152334445","chr3","66897020","66897313","42","85437136"
"chr6","152349910","152349979","chr9","13493078","13493139","31","138856832"
"chr6","152388181","152388475","chr6","151466339","151466627","10","921842"
"chr6","152474534","152474827","chr6","151606168","151606466","7","868366"
"chr6","152591129","152591435","chr16","87473722","87474025","42","65117407"
"chr6","152604464","152604760","chr4","46666777","46667069","51","105937687"
"chr6","152651933","152652063","chr19","3325372","3325502","11","149326561"
"chr6","152686882","152687166","chr6","151793292","151793582","6","893590"
"chr6","152692663","152692959","chr6","151799080","151799376","0","893583"
"chr6","152796020","152796228","chr15","42347657","42347866","27","110448363"
"chr6","152951350","152951650","chr6","152060027","152060328","1","891323"
"chr6","152998646","152998979","chrX","65286213","65286535","53","87712433"
"chr6","153081329","153081631","chr6","152190650","152190952","2","890679"
"chr6","153097687","153097986","chr6","152206787","152207094","13","890900"
"chr6","153184126","153184425","chr6","152297743","152298042","1","886383"
"chr6","153290758","153290875","chr2B","199271339","199271453","27","45980581"
"chr6","153310946","153311188","chr12","111812288","111812526","39","41498658"
"chr6","153344606","153344899","chr6","152459582","152459875","0","885024"
"chr6","153384871","153385136","chr16","52978455","52978724","64","100406416"
"chr6","153389028","153389322","chr6","152517323","152517620","4","871705"
"chr6","153421046","153421158","chr2B","199271339","199271453","22","45850293"
"chr6","153436754","153437052","chr6","152567158","152567457","6","869596"
"chr6","153438314","153438502","chr9","105335908","105336108","42","48102406"
"chr6","153480301","153480602","chr6","152614727","152615029","2","865574"
"chr6","153484301","153484397","chr2B","142240066","142240170","29","11244235"
"chr6","153524742","153525033","chr6","152663354","152663645","2","861388"
"chr6","153559596","153559901","chr6","152698255","152698562","7","861341"
"chr6","153603605","153603914","chr9","85743462","85743773","59","67860143"
"chr6","153672593","153672735","chr14","68635757","68635901","35","85036836"
"chr6","153701659","153701958","chr6","152841770","152842069","1","859889"
"chr6","153724006","153724299","chr6","152865140","152865435","2","858866"
"chr6","153740957","153741263","chr1","214632111","214632417","44","60891154"
"chr6","153762150","153762453","chr6","152905545","152905848","1","856605"
"chr6","153820670","153820979","chr6","152964576","152964885","5","856094"
"chr6","153941624","153941911","chr3","48742468","48742763","36","105199156"
"chr6","153946456","153946762","chr6","153103706","153104012","1","842750"
"chr6","153963649","153963944","chr6","153123397","153123696","7","840252"
"chr6","154029525","154029841","chr6","153194046","153194360","15","835479"
"chr6","154206211","154206493","chr11","84452652","84452936","38","69753559"
"chr6","154276184","154276321","chr16","75001148","75001302","34","79275036"
"chr6","154279689","154279856","chr4","84146256","84146422","26","70133433"
"chr6","154684959","154685259","chr6","153864303","153864609","7","820656"
"chr6","154698513","154698722","chr6","153877836","153878046","3","820677"
"chr6","154738861","154739145","chr6","153918755","153919043","4","820106"
"chr6","154756435","154756735","chr6","153936355","153936655","3","820080"
"chr6","154858394","154858565","chr6","154039672","154039843","1","818722"
"chr6","154907441","154907729","chr5","36696397","36696688","47","118211044"
"chr6","154978179","154978472","chr6","154161708","154162002","3","816471"
"chr6","155230985","155231262","chr6","154412146","154412420","5","818839"
"chr6","155448213","155448483","chr6","154632311","154632588","10","815902"
"chr6","155531284","155531567","chr6","154716279","154716576","14","815005"
"chr6","155579089","155579374","chr6","154764092","154764377","2","814997"
"chr6","155608232","155608363","chr13","22694842","22694978","30","132913390"
"chr6","155664605","155664915","chr6","154851523","154851836","4","813082"
"chr6","155709698","155710009","chr6","154897127","154897440","7","812571"
"chr6","155834033","155834332","chr6","155023018","155023319","4","811015"
"chr6","156071110","156071427","chr4","154339065","154339377","48","1732045"
"chr6","156440826","156441037","chr6","155645221","155645464","32","795605"
"chr6","157119538","157119838","chr1","101250497","101250797","57","55869041"
"chr6","157127241","157127314","chr19","51314480","51314544","20","105812761"
"chr6","157152389","157152679","chr6","156035558","156035849","3","1116831"
"chr6","157157225","157157533","chr6","156040463","156040770","3","1116762"
"chr6","157185786","157186071","chr6","156070142","156070427","1","1115644"
"chr6","157289489","157289798","chr10","86530455","86530767","29","70759034"
"chr6","157367724","157368008","chr6","159156019","159156303","1","1788295"
"chr6","157374864","157375161","chr6","159163012","159163320","27","1788148"
"chr6","157618732","157618904","chr6","159411179","159411351","2","1792447"
"chr6","157670440","157670747","chr6","159461564","159461875","6","1791124"
"chr6","157697920","157698222","chr3","24850650","24850950","41","132847270"
"chr6","157803603","157803909","chr1","49486993","49487295","38","108316610"
"chr6","157863054","157863319","chr6","159652800","159653069","5","1789746"
"chr6","157866173","157866489","chr6","159655895","159656215","4","1789722"
"chr6","157960582","157960888","chr6","159751362","159751674","12","1790780"
"chr6","158058585","158058900","chr6","159851394","159851708","2","1792809"
"chr6","158096010","158096302","chr3","173983076","173983369","49","15887066"
"chr6","158163122","158163408","chr6","159959599","159959886","2","1796477"
"chr6","158163856","158164166","chr7","116571575","116571881","39","41592281"
"chr6","158247336","158247626","chr6","156188489","156188791","15","2058847"
"chr6","158252549","158252820","chr7","82962098","82962371","48","75290451"
"chr6","158300068","158300191","chr14","104396639","104396788","35","53903429"
"chr6","158322454","158322767","chr6","156265308","156265622","5","2057146"
"chr6","158354953","158355252","chr6","156298618","156298919","2","2056335"
"chr6","158400001","158400294","chr12","61508381","61508672","27","96891620"
"chr6","158442806","158443085","chr14","49481706","49481978","53","108961100"
"chr6","158472084","158472377","chr6","156417858","156418150","1","2054226"
"chr6","158480751","158481071","chr6","156426648","156426968","5","2054103"
"chr6","158504713","158505031","chr6","156450357","156450685","17","2054356"
"chr6","158515694","158516000","chr6","156462384","156462692","3","2053310"
"chr6","158538802","158539061","chr17","14375835","14376097","68","144162967"
"chr6","158640559","158640809","chr6","156589079","156589328","3","2051480"
"chr6","158650375","158650651","chr6","156598887","156599163","3","2051488"
"chr6","158726901","158727168","chr3","65419913","65420179","51","93306988"
"chr6","158766040","158766347","chr6","156717696","156718003","6","2048344"
"chr6","158804507","158804793","chr6","156757941","156758231","4","2046566"
"chr6","158883183","158883448","chr18","75523421","75523692","46","83359762"
"chr6","158951617","158951881","chr6","156907911","156908175","3","2043706"
"chr6","159077014","159077304","chr6","157033472","157033764","5","2043542"
"chr6","159169498","159169786","chr6","157131197","157131489","4","2038301"
"chr6","159303276","159303548","chr6","157266053","157266325","0","2037223"
"chr6","159405788","159406078","chr6","157369647","157369933","4","2036141"
"chr6","159514927","159515221","chr15","62405613","62405909","38","97109314"
"chr6","159721791","159722100","chr6","157685933","157686235","10","2035858"
"chr6","159800705","159800827","chr8","26723415","26723536","25","133077290"
"chr6","159831554","159831667","chr5","172392908","172393028","21","12561354"
"chr6","159864490","159864798","chr6","157828323","157828632","4","2036167"
"chr6","159921465","159921752","chr6","157885557","157885879","36","2035908"
"chr6","159922207","159922503","chr6","157886307","157886607","11","2035900"
"chr6","160074901","160075190","chr6","158041518","158041816","10","2033383"
"chr6","160108317","160108619","chr6","158074990","158075293","5","2033327"
"chr6","160215291","160215562","chr14","33517722","33517997","48","126697569"
"chr6","160228206","160228492","chr5","35720548","35720838","39","124507658"
"chr6","160308769","160309088","chr6","158281812","158282133","2","2026957"
"chr6","160391025","160391333","chr6","158364097","158364404","1","2026928"
"chr6","160401407","160401715","chr6","158374470","158374778","2","2026937"
"chr6","160437399","160437695","chr6","158411786","158412084","3","2025613"
"chr6","160454724","160455029","chr6","158429260","158429562","4","2025464"
"chr6","160475817","160476106","chr20","2515068","2515358","31","157960749"
"chr6","160486241","160486367","chr5","172392908","172393028","24","11906667"
"chr6","160499463","160499763","chr6","158474583","158474879","7","2024880"
"chr6","160608519","160608832","chr6","158589261","158589572","9","2019258"
"chr6","160623744","160624056","chr5","135031025","135031320","55","25592719"
"chr6","160676935","160677245","chr6","158656708","158657018","5","2020227"
"chr6","160690244","160690526","chr6","158670262","158670544","1","2019982"
"chr6","160700087","160700216","chr5","172392908","172393028","24","11692821"
"chr6","160733796","160734107","chr1","24298407","24298712","33","136435389"
"chr6","160768988","160769221","chr17","9460553","9460787","34","151308435"
"chr6","160866373","160866667","chr6","158847652","158847944","3","2018721"
"chr6","160867598","160867895","chr6","158848881","158849182","6","2018717"
"chr6","161162170","161162437","chr6","159998191","159998458","3","1163979"
"chr6","161184839","161185139","chr6","160020875","160021178","6","1163964"
"chr6","161247639","161247933","chr6","160086175","160086477","9","1161464"
"chr6","161349938","161350155","chr6","160192592","160192810","1","1157346"
"chr6","161364427","161364735","chr20","23549800","23550102","39","137814627"
"chr6","161377326","161377625","chr6","160220844","160221144","3","1156482"
"chr6","161383542","161383845","chr6","160227063","160227366","0","1156479"
"chr6","161615445","161615751","chr6","160462870","160463178","4","1152575"
"chr6","161647444","161647556","chr2B","205936995","205937106","24","44289551"
"chr6","161690757","161691068","chr6","160538814","160539124","2","1151943"
"chr6","161763852","161763954","chr22","33938435","33938535","15","127825417"
"chr6","161795810","161796102","chr1","129337688","129337979","37","32458122"
"chr6","161833179","161833307","chr2A","32693701","32693835","22","129139478"
"chr6","161834853","161834943","chr8","46091691","46091777","17","115743162"
"chr6","161954014","161954323","chr6","160804209","160804518","3","1149805"
"chr6","162062229","162062519","chr12","45874078","45874367","53","116188151"
"chr6","162406026","162406331","chr17","1191797","1192108","52","161214229"
"chr6","162532071","162532196","chr17","74741953","74742080","7","87790118"
"chr6","162734359","162734645","chr6","161604143","161604455","27","1130216"
"chr6","162788452","162788676","chr6","161660451","161660681","9","1128001"
"chr6","162800223","162800515","chr6","161671665","161671960","3","1128558"
"chr6","162995940","162996021","chr14","100673591","100673682","18","62322349"
"chr6","163036883","163037181","chr6","138886097","138886393","34","24150786"
"chr6","163122964","163123273","chr10","57196120","57196424","38","105926844"
"chr6","163193918","163194218","chr1","53118077","53118382","34","110075841"
"chr6","163253417","163253652","chr12","33057955","33058185","77","130195462"
"chr6","163487208","163487512","chr3","70178087","70178389","53","93309121"
"chr6","163668697","163669003","chr6","162488125","162488429","6","1180572"
"chr6","163686948","163687234","chr6","162508583","162508869","0","1178365"
"chr6","163794801","163795098","chr6","162620900","162621199","5","1173901"
"chr6","163853009","163853279","chr6","162678441","162678712","1","1174568"
"chr6","163861719","163861952","chr6","162687441","162687670","11","1174278"
"chr6","164169586","164169870","chr1","53676918","53677203","35","110492668"
"chr6","164334543","164334653","chr5","5624013","5624130","30","158710530"
"chr6","164463482","164463610","chr10","102267350","102267470","30","62196132"
"chr6","164686514","164686577","chr6","163525911","163525974","0","1160603"
"chr6","164815423","164815704","chr6","163658722","163659035","33","1156701"
"chr6","164865265","164865556","chr6","163709534","163709825","1","1155731"
"chr6","164877759","164877854","chr3","181238196","181238292","28","16360437"
"chr6","164881217","164881461","chr6","163725261","163725505","1","1155956"
"chr6","164902468","164902758","chr6","163747340","163747630","4","1155128"
"chr6","165044053","165044365","chr1","28143179","28143494","36","136900874"
"chr6","165264814","165265028","chr6","164118978","164119199","7","1145836"
"chr6","165382370","165382521","chr1","24552987","24553151","36","140829383"
"chr6","165479497","165479650","chr12","12922936","12923089","29","152556561"
"chr6","165483784","165484088","chr6","164346868","164347175","3","1136916"
"chr6","165487147","165487244","chr14","100673591","100673682","20","64813556"
"chr6","165493686","165493817","chr2A","32693701","32693835","24","132799985"
"chr6","165498445","165498747","chr6","35429689","35429989","35","130068756"
"chr6","165589746","165590025","chr6","164455852","164456132","1","1133894"
"chr6","165715485","165715780","chr6","164583645","164583943","5","1131840"
"chr6","165905457","165905760","chr6","164772195","164772498","4","1133262"
"chr6","166377172","166377467","chr6","165249244","165249540","3","1127928"
"chr6","166554234","166554517","chr6","165433626","165433909","5","1120608"
"chr6","166864882","166865051","chr5","438717","438887","25","166426165"
"chr6","167222020","167222382","chr2B","207842522","207842866","106","40620502"
"chr6","167447861","167448169","chr6","166340817","166341125","1","1107044"
"chr6","167574731","167575023","chr7","72605759","72606056","33","94968972"
"chr6","167777014","167777103","chr2B","142240066","142240170","33","25536948"
"chr6","167820993","167821105","chr2A","62538961","62539069","25","105282032"
"chr6","167890494","167890605","chr2B","199271339","199271453","24","31380845"
"chr6","168010355","168010482","chr1","147248776","147248910","26","20761579"
"chr6","168212919","168213243","chr6","57153558","57153867","55","111059361"
"chr6","168373371","168373661","chr4","47651356","47651641","51","120722015"
"chr6","168398592","168398895","chr6","167311481","167311786","7","1087111"
"chr6","168445927","168446205","chr11","9192974","9193255","39","159252953"
"chr6","168551841","168551959","chr7","112797358","112797487","25","55754483"
"chr6","168568162","168568397","chr6","167482295","167482535","8","1085867"
"chr6","168720004","168720313","chr6","167635274","167635585","4","1084730"
"chr6","169021716","169022005","chr1","26868511","26868811","42","142153205"
"chr6","169119924","169120157","chr14","66142969","66143205","26","102976955"
"chr6","169225554","169225869","chr6","168154889","168155215","19","1070665"
"chr6","169332490","169332597","chr20","16652596","16652702","22","152679894"
"chr6","169343060","169343353","chr6","168277242","168277543","15","1065818"
"chr6","169376652","169376962","chr6","168312329","168312643","6","1064323"
"chr6","169399494","169399785","chr6","168335361","168335669","18","1064133"
"chr6","169935621","169935924","chr6","168879776","168880081","3","1055845"
"chr6","169999864","170000000","chr8","112933585","112933727","31","57066279"
"chr6","170137536","170137786","chr6","169083945","169084194","2","1053591"
"chr6","170316014","170316181","chr6","169218646","169218819","6","1097368"
"chr6","170779568","170779869","chr6","169682776","169683078","5","1096792"
"chr6","170794587","170794865","chr6","169697742","169698028","10","1096845"
"chr6","170799662","170799970","chr6","169702834","169703147","7","1096828"
"chr6","170947257","170947537","chr3","117156145","117156424","44","53791112"
"chr6","171081872","171082000","chr16","73743066","73743197","27","97338806"
"chr6","171083958","171084196","chr6","169973964","169974205","4","1109994"
"chr6","171267029","171267320","chr6","170163507","170163798","2","1103522"
"chr6","171285392","171285678","chr6","170182330","170182646","32","1103062"
"chr6","171396187","171396497","chr6","170296750","170297060","0","1099437"
"chr6","171593709","171593825","chr7","5242594","5242724","33","166351115"
"chr6","171679649","171679927","chr6","170574793","170575106","35","1104856"
"chr6","171743474","171743779","chr6","170639932","170640237","3","1103542"
"chr6","171811383","171811483","chr3","181238196","181238292","23","9426813"
"chr6","171823257","171823568","chr6","170721574","170721892","10","1101683"
"chr6","172007813","172007977","chr5","109791696","109791859","29","62216117"
"chr6","172539580","172539880","chr6","171473476","171473781","6","1066104"
"chr6","172869557","172869852","chr21","28762059","28762355","51","144107498"
"chr6","173470767","173471063","chr6","172191764","172192060","1","1279003"
"chr6","173710157","173710437","chr9","112128258","112128540","46","61581899"
"chr6","173721914","173722221","chr6","172448861","172449169","2","1273053"
"chr6","173734687","173734974","chr6","172460927","172461217","3","1273760"
"chr7","6291228","6291524","chr7","5288676","5288973","2","1002552"
"chr7","25296881","25297180","chr7","23630979","23631278","0","1665902"
"chr7","40632158","40632332","chrX","7978557","7978724","54","32653601"
"chr7","64880601","64880894","chr7","63519485","63519781","5","1361116"
"chr7","80609243","80609376","chrX","97546574","97546704","17","16937331"
"chr7","82968386","82968650","chr7","77744510","77744774","2","5223876"
"chr7","644761","645072","chr5","79503620","79503923","43","78858859"
"chr7","739206","739504","chr4","130547535","130547834","34","129808329"
"chr7","921815","922118","chr22","16567945","16568243","36","15646130"
"chr7","989391","989516","chr1","31599209","31599335","14","30609818"
"chr7","1030675","1030834","chr6","77997998","77998162","37","76967323"
"chr7","1057352","1057545","chr12","63989839","63990029","33","62932487"
"chr7","1131511","1131745","chr10","15960399","15960633","27","14828888"
"chr7","1145496","1145794","chr3","66876788","66877085","40","65731292"
"chr7","1167197","1167497","chrX","27283479","27283765","63","26116282"
"chr7","1184007","1184184","chr11","48130487","48130657","33","46946480"
"chr7","1187799","1187998","chr12","65769803","65770004","37","64582004"
"chr7","1221599","1221896","chr7","333777","334074","2","887822"
"chr7","1227280","1227362","chr8","96896357","96896438","22","95669077"
"chr7","1284198","1284325","chr19","16572394","16572527","25","15288196"
"chr7","1457027","1457300","chr3","163069431","163069698","54","161612404"
"chr7","1511829","1512125","chr7","64878168","64878475","25","63366339"
"chr7","1518256","1518455","chr7","140964267","140964458","39","139446011"
"chr7","1530078","1530203","chr5","172392908","172393028","25","170862830"
"chr7","1555232","1555508","chr1","21064590","21064871","40","19509358"
"chr7","1562766","1562887","chr8","26723415","26723536","31","25160649"
"chr7","1580402","1580543","chr19","19347730","19347884","45","17767328"
"chr7","1593479","1593772","chr10","93391235","93391531","34","91797756"
"chr7","1704679","1704972","chr18","27229273","27229564","47","25524594"
"chr7","1942059","1942374","chr5","173738856","173739166","43","171796797"
"chr7","2003180","2003477","chr20","906645","906940","37","1096535"
"chr7","2132857","2133159","chr21","32290518","32290817","34","30157661"
"chr7","2174854","2175149","chr7","482445","482739","6","1692409"
"chr7","2241559","2241819","chr8","123683607","123683866","31","121442048"
"chr7","2356663","2356960","chr16","76651221","76651517","40","74294558"
"chr7","2408140","2408432","chr7","24739193","24739485","29","22331053"
"chr7","2534769","2535057","chr7","869634","869922","0","1665135"
"chr7","2652986","2653294","chr7","989479","989787","4","1663507"
"chr7","2660548","2660848","chr7","997408","997710","3","1663140"
"chr7","2688252","2688343","chr1","160944586","160944680","18","158256334"
"chr7","2744241","2744528","chr7","1084616","1084903","1","1659625"
"chr7","2804698","2804969","chr7","1145939","1146210","2","1658759"
"chr7","2857645","2857976","chr7","1201589","1201924","10","1656056"
"chr7","2918342","2918575","chr17","6249311","6249541","34","3330969"
"chr7","2930703","2930989","chr7","1275098","1275386","3","1655605"
"chr7","3026584","3026725","chr9","122440275","122440408","30","119413691"
"chr7","3039170","3039473","chr7","1386285","1386590","4","1652885"
"chr7","3080672","3080887","chr7","1427388","1427603","2","1653284"
"chr7","3178270","3178576","chr7","1523413","1523723","8","1654857"
"chr7","3191429","3191578","chr18","42055327","42055484","32","38863898"
"chr7","3247937","3248253","chr7","1592653","1592955","15","1655284"
"chr7","3250272","3250573","chr19","57307951","57308249","33","54057679"
"chr7","3288106","3288396","chr5","78669553","78669844","29","75381447"
"chr7","3340194","3340486","chr7","1685369","1685662","2","1654825"
"chr7","3352192","3352321","chr12","6546624","6546764","21","3194432"
"chr7","3456177","3456296","chr2B","205936995","205937106","31","202480818"
"chr7","3632991","3633263","chr7","1980309","1980581","1","1652682"
"chr7","3635399","3635713","chr3","138633298","138633594","52","134997899"
"chr7","3640659","3640963","chr8","63435157","63435455","40","59794498"
"chr7","3699354","3699653","chr7","2062427","2062726","0","1636927"
"chr7","3894527","3894661","chr7","2257400","2257534","1","1637127"
"chr7","3904281","3904576","chr7","2267166","2267473","14","1637115"
"chr7","4048636","4048782","chr18","5537811","5537964","27","1489175"
"chr7","4077461","4077626","chr11","43973183","43973348","21","39895722"
"chr7","4077627","4077922","chr7","2442189","2442483","3","1635438"
"chr7","4253740","4253926","chr18","50259282","50259463","30","46005542"
"chr7","4502966","4503273","chr7","2869410","2869722","7","1633556"
"chr7","4630534","4630666","chr7","2998748","2998877","4","1631786"
"chr7","4632734","4632838","chr7","3000944","3001048","1","1631790"
"chr7","4647236","4647279","chr6","20158127","20158168","8","15510891"
"chr7","4727190","4727505","chr7","3094668","3094972","13","1632522"
"chr7","4791450","4791755","chr7","3160905","3161210","1","1630545"
"chr7","4841874","4842184","chr7","3211933","3212244","3","1629941"
"chr7","4893579","4893871","chr1","129337688","129337979","33","124444109"
"chr7","4907053","4907337","chr7","3278070","3278359","7","1628983"
"chr7","4926179","4926284","chr2B","142240066","142240170","31","137313887"
"chr7","4969380","4969685","chr8","51295198","51295500","34","46325818"
"chr7","4988233","4988365","chr3","126157086","126157216","18","121168853"
"chr7","4988661","4988846","chr12","124308544","124308724","33","119319883"
"chr7","5033757","5033996","chr1","27041303","27041541","37","22007546"
"chr7","5050210","5050487","chr7","3421445","3421723","5","1628765"
"chr7","5070022","5070144","chr18","46323703","46323831","29","41253681"
"chr7","5073789","5074085","chr1","129337688","129337979","38","124263899"
"chr7","5135663","5135967","chr13","20993235","20993531","39","15857572"
"chr7","5180116","5180412","chr7","3558101","3558400","3","1622015"
"chr7","5209824","5210098","chr7","3587311","3587609","51","1622513"
"chr7","5251693","5251871","chr10","99692609","99692784","36","94440916"
"chr7","5257534","5257840","chr7","3634582","3634889","1","1622952"
"chr7","5361831","5362101","chr16","4208627","4208888","46","1153204"
"chr7","5376280","5376563","chr7","147334805","147335090","37","141958525"
"chr7","5401646","5401687","chr12","8241499","8241528","18","2839853"
"chr7","5401987","5402140","chr6","145351826","145351977","35","139949839"
"chr7","5404970","5405275","chr7","3784731","3785036","2","1620239"
"chr7","5406293","5406583","chr13","73352577","73352870","42","67946284"
"chr7","5408891","5409169","chr12","21022945","21023219","41","15614054"
"chr7","5419985","5420075","chr3","181238196","181238292","26","175818211"
"chr7","5421382","5421497","chr2B","205936995","205937106","21","200515613"
"chr7","5431890","5432200","chr7","3813472","3813782","31","1618418"
"chr7","5449189","5449272","chr14","100673591","100673682","25","95224402"
"chr7","5473226","5473447","chr3","112550648","112550856","43","107077422"
"chr7","5514462","5514565","chr14","100673591","100673682","24","95159129"
"chr7","5522747","5522900","chr5","175990298","175990451","23","170467551"
"chr7","5533933","5534063","chr16","73743066","73743197","27","68209133"
"chr7","5566513","5566799","chr7","3960149","3960440","6","1606364"
"chr7","5597507","5597799","chr7","3994921","3995215","2","1602586"
"chr7","5610923","5611023","chr6","159074849","159074952","20","153463926"
"chr7","5614967","5615076","chr2A","62538961","62539069","24","56923994"
"chr7","5661893","5662126","chr11","115373656","115373893","30","109711763"
"chr7","5665197","5665510","chr7","4061607","4061923","6","1603590"
"chr7","5676016","5676179","chr15","63981158","63981317","25","58305142"
"chr7","5778153","5778295","chr3","188303043","188303182","23","182524890"
"chr7","5807545","5807698","chr1","155853778","155853933","31","150046233"
"chr7","5819579","5819660","chr17","2787814","2787901","21","3031765"
"chr7","5836177","5836317","chr7","4235502","4235638","6","1600675"
"chr7","5851824","5852113","chr19","10820333","10820621","41","4968509"
"chr7","5862070","5862368","chr7","4260466","4260764","1","1601604"
"chr7","5889071","5889150","chr8","46091691","46091777","21","40202620"
"chr7","5917037","5917284","chr8","123683607","123683866","46","117766570"
"chr7","5918390","5918581","chr17","5307344","5307522","37","611046"
"chr7","5928469","5928622","chr8","67933944","67934092","38","62005475"
"chr7","5986870","5987166","chr7","4384461","4384759","4","1602409"
"chr7","6043976","6044271","chr7","4442151","4442443","4","1601825"
"chr7","6059549","6059825","chr7","77001739","77002026","53","70942190"
"chr7","6083471","6083604","chr4","84675478","84675615","21","78592007"
"chr7","6085475","6085678","chr3","103534988","103535201","51","97449513"
"chr7","6099718","6099794","chr17","4261422","4261478","31","1838296"
"chr7","6141963","6142264","chr6","26109819","26110123","35","19967856"
"chr7","6143945","6144223","chr7","5433404","5433682","2","710541"
"chr7","6148754","6149067","chr7","5428546","5428860","3","720208"
"chr7","6155598","6155711","chr2B","205936995","205937106","19","199781397"
"chr7","6172454","6172604","chr8","50818747","50818891","27","44646293"
"chr7","6181500","6181783","chr7","4639989","4640272","4","1541511"
"chr7","6183938","6184227","chr6","42400643","42400934","43","36216705"
"chr7","6212465","6212772","chr7","5363196","5363502","3","849269"
"chr7","6236847","6237140","chr7","5341748","5342044","4","895099"
"chr7","6247152","6247451","chr7","5331777","5332076","1","915375"
"chr7","6254293","6254396","chr19","57751584","57751683","13","51497291"
"chr7","6258501","6258587","chr7","5319410","5319496","1","939091"
"chr7","6261899","6262024","chr5","172392908","172393028","27","166131009"
"chr7","6279494","6279676","chr1","29277911","29278085","28","22998417"
"chr7","6286088","6286178","chr3","181238196","181238292","19","174952108"
"chr7","6289739","6290021","chr7","5290180","5290467","7","999559"
"chr7","6292761","6292945","chr14","68950362","68950560","46","62657601"
"chr7","6300678","6300985","chr7","5279917","5280224","2","1020761"
"chr7","6309081","6309373","chr7","5271116","5271415","8","1037965"
"chr7","6319498","6319688","chr3","145547243","145547422","42","139227745"
"chr7","6337803","6337947","chr7","5242594","5242724","15","1095209"
"chr7","6347662","6347972","chr10","86530455","86530767","43","80182793"
"chr7","6387784","6387890","chr20","16652596","16652702","19","10264812"
"chr7","6389641","6389725","chr8","46091691","46091777","17","39702050"
"chr7","6461618","6461941","chr7","5118238","5118562","26","1343380"
"chr7","6471692","6471835","chr7","5108087","5108230","0","1363605"
"chr7","6532089","6532158","chr7","70681514","70681568","25","64149425"
"chr7","6538791","6539090","chr7","5037544","5037848","5","1501247"
"chr7","6593474","6593761","chr7","4986423","4986710","2","1607051"
"chr7","6634174","6634482","chr7","4930828","4931137","3","1703346"
"chr7","6639933","6640086","chr7","4936634","4936787","0","1703299"
"chr7","6640726","6640783","chr4","51756017","51756071","19","45115291"
"chr7","6650077","6650354","chr7","4947676","4947953","1","1702401"
"chr7","6651182","6651457","chr17","26189818","26190081","55","19538636"
"chr7","6662796","6663109","chr7","4914866","4915177","2","1747930"
"chr7","6693896","6694192","chr7","4883396","4883692","2","1810500"
"chr7","6699091","6699399","chr1","86053657","86053954","51","79354566"
"chr7","6705627","6705901","chr3","103355201","103355465","57","96649574"
"chr7","6713346","6713659","chr7","4863609","4863921","5","1849737"
"chr7","6730526","6730830","chr7","4846222","4846532","29","1884304"
"chr7","6741133","6741439","chr7","4835005","4835309","2","1906128"
"chr7","6764482","6764777","chr7","4812732","4813028","9","1951750"
"chr7","6778963","6779283","chr7","24739193","24739485","64","17960230"
"chr7","6813807","6814118","chr7","4762932","4763243","1","2050875"
"chr7","6819013","6819317","chr7","4758781","4759079","11","2060232"
"chr7","6851770","6852031","chr7","4726489","4726750","2","2125281"
"chr7","6957239","6957521","chr5","18671848","18672126","35","11714609"
"chr7","6967585","6967828","chr17","16431587","16431821","49","9464002"
"chr7","6972855","6973157","chr14","50710309","50710610","25","43737454"
"chr7","6973712","6974022","chr7","5494151","5494461","1","1479561"
"chr7","6984447","6984768","chr7","5518919","5519241","5","1465528"
"chr7","7049613","7049720","chr3","198268184","198268291","22","191218571"
"chr7","7057937","7058092","chr1","54397545","54397708","29","47339608"
"chr7","7251264","7251552","chr12","6662970","6663249","55","588294"
"chr7","7300822","7301037","chr11","71517092","71517312","49","64216270"
"chr7","7302463","7302758","chr7","5839350","5839649","8","1463113"
"chr7","7428236","7428445","chr7","5962676","5962885","4","1465560"
"chr7","7698414","7698712","chr7","6233139","6233436","6","1465275"
"chr7","7780089","7780391","chr7","6315626","6315944","20","1464463"
"chr7","7788655","7788973","chr7","6324212","6324529","4","1464443"
"chr7","7852618","7852920","chr7","6388399","6388703","4","1464219"
"chr7","7893542","7893701","chr1","122052547","122052705","35","114159005"
"chr7","8165486","8165762","chr7","6702169","6702445","1","1463317"
"chr7","8388716","8388844","chr5","172392908","172393028","26","164004192"
"chr7","8972305","8972613","chr10","38403814","38404119","53","29431509"
"chr7","9003014","9003094","chr11","8774884","8774956","18","228130"
"chr7","9048601","9048882","chr3","18335608","18335892","39","9287007"
"chr7","9448737","9448809","chr17","4261422","4261478","25","5187315"
"chr7","9575662","9575872","chr7","8115991","8116201","1","1459671"
"chr7","9719363","9719694","chr7","8257921","8258242","13","1461442"
"chr7","9866465","9866758","chr7","8404391","8404691","8","1462074"
"chr7","10015806","10016070","chr7","8553922","8554187","3","1461884"
"chr7","10228294","10228598","chr7","8768603","8768908","2","1459691"
"chr7","10558846","10559153","chr7","9081660","9081969","5","1477186"
"chr7","10843714","10843859","chr17","28226813","28226965","25","17383099"
"chr7","10989661","10989782","chr8","26723415","26723536","25","15733754"
"chr7","11000352","11000477","chr5","172392908","172393028","21","161392556"
"chr7","11064564","11064667","chr9","96193885","96193980","33","85129321"
"chr7","11077959","11078254","chr7","9682207","9682505","5","1395752"
"chr7","11115650","11115932","chr7","9719832","9720115","2","1395818"
"chr7","11127047","11127150","chr3","181238196","181238292","22","170111149"
"chr7","11198457","11198757","chr7","9810717","9811026","10","1387740"
"chr7","11237239","11237395","chr7","9849522","9849678","0","1387717"
"chr7","11945079","11945377","chr7","10524544","10524875","38","1420535"
"chr7","12003440","12003747","chr7","10582934","10583238","4","1420506"
"chr7","12109753","12110038","chr7","10675713","10675983","15","1434040"
"chr7","12159749","12159859","chr20","16652596","16652702","24","4492847"
"chr7","12575932","12576236","chr7","11142222","11142526","5","1433710"
"chr7","12589552","12589797","chr7","11155835","11156080","0","1433717"
"chr7","12604480","12604525","chr13","108019514","108019545","14","95415034"
"chr7","12604815","12605001","chr4","84946316","84946498","31","72341501"
"chr7","12652332","12652635","chr7","11218841","11219144","2","1433491"
"chr7","12678054","12678366","chr7","11244548","11244850","11","1433506"
"chr7","12695450","12695753","chr7","11261977","11262270","16","1433473"
"chr7","12699291","12699588","chr7","11265772","11266073","8","1433519"
"chr7","12701515","12701820","chr7","11268053","11268358","2","1433462"
"chr7","12730839","12731005","chr7","11297638","11297804","0","1433201"
"chr7","12756727","12757093","chr7","11324171","11324538","2","1432556"
"chr7","12775918","12776219","chr7","11343697","11344000","6","1432221"
"chr7","12776788","12776901","chr2A","62538961","62539069","22","49762173"
"chr7","12798910","12799201","chr7","11365458","11365751","5","1433452"
"chr7","13071497","13071800","chr7","11642821","11643122","6","1428676"
"chr7","13093416","13093722","chr7","11665271","11665576","9","1428145"
"chr7","13215190","13215287","chr3","181143385","181143493","25","167928195"
"chr7","13328096","13328189","chr7","11905758","11905851","0","1422338"
"chr7","13357340","13357413","chr6","11395990","11396054","30","1961350"
"chr7","13371396","13371717","chr7","158152088","158152396","57","144780692"
"chr7","13474162","13474436","chr1","26053023","26053299","54","12578861"
"chr7","13607785","13607966","chr1","215337115","215337292","32","201729330"
"chr7","13667300","13667596","chr7","12247803","12248099","1","1419497"
"chr7","13849362","13849654","chr7","12428713","12429005","0","1420649"
"chr7","13859215","13859508","chr7","12438576","12438871","8","1420639"
"chr7","13952089","13952398","chr4","17527656","17527963","53","3575567"
"chr7","13962085","13962353","chr15","80230550","80230823","40","66268465"
"chr7","14160998","14161301","chr7","12739177","12739487","10","1421821"
"chr7","14184531","14184833","chr1","35744657","35744955","49","21560126"
"chr7","14193383","14193560","chr1","29277911","29278085","33","15084528"
"chr7","14616637","14616922","chrX","98722585","98722882","50","84105948"
"chr7","14632147","14632455","chr7","13220694","13221006","9","1411453"
"chr7","14722859","14723119","chr7","13321914","13322195","24","1400945"
"chr7","14911729","14912000","chr7","13510878","13511149","4","1400851"
"chr7","15090693","15090844","chr9","112064180","112064330","38","96973487"
"chr7","15653765","15653992","chr8","142584449","142584675","29","126930684"
"chr7","15745476","15745780","chr7","14343679","14343975","14","1401797"
"chr7","15899421","15899637","chr7","14497974","14498190","2","1401447"
"chr7","15912941","15913240","chr7","14511503","14511822","24","1401438"
"chr7","15963442","15963523","chr7","14562205","14562286","1","1401237"
"chr7","15964734","15965017","chr8","75148997","75149278","23","59184263"
"chr7","16089987","16090290","chr7","14690045","14690349","3","1399942"
"chr7","16118377","16118693","chr7","14718492","14718808","1","1399885"
"chr7","16143142","16143449","chr7","14743341","14743653","5","1399801"
"chr7","16495550","16495762","chr4","408125","408340","45","16087425"
"chr7","16587023","16587198","chr1","134388867","134389034","40","117801844"
"chr7","16587478","16587611","chr3","126157086","126157216","16","109569608"
"chr7","16604812","16605088","chr2B","139557733","139558016","36","122952921"
"chr7","16642732","16642930","chr4","176755200","176755409","56","160112468"
"chr7","16690432","16690555","chr8","26723415","26723536","16","10032983"
"chr7","16711999","16712284","chr7","53518937","53519217","36","36806938"
"chr7","16717514","16717605","chr17","13332748","13332838","12","3384766"
"chr7","16746794","16747115","chr7","15347681","15348004","6","1399113"
"chr7","16802990","16803209","chr7","15403929","15404148","0","1399061"
"chr7","16830279","16830385","chr3","181238196","181238292","26","164407917"
"chr7","16906204","16906361","chr7","15507240","15507400","3","1398964"
"chr7","16993739","16994036","chr7","15594950","15595247","2","1398789"
"chr7","17165023","17165335","chr7","15765746","15766058","4","1399277"
"chr7","17799075","17799336","chr7","16403134","16403391","5","1395941"
"chr7","17862692","17862790","chr22","33938435","33938535","19","16075743"
"chr7","17940114","17940399","chr7","16544838","16545144","42","1395276"
"chr7","17969479","17969639","chr7","16573740","16573910","12","1395739"
"chr7","18323859","18324110","chr7","16929059","16929350","41","1394800"
"chr7","18537952","18538251","chr7","17143720","17144020","3","1394232"
"chr7","18597326","18597617","chr7","17203127","17203418","3","1394199"
"chr7","18778673","18778978","chr7","17384781","17385086","0","1393892"
"chr7","19700098","19700202","chr6","159074849","159074952","22","139374751"
"chr7","19831233","19831363","chr5","5624013","5624130","31","14207220"
"chr7","19832512","19832813","chr7","18447157","18447462","12","1385355"
"chr7","20173208","20173520","chr7","18791163","18791477","5","1382045"
"chr7","20603380","20603484","chr3","181238196","181238292","20","160634816"
"chr7","20749032","20749350","chr18","2261587","2261887","78","18487445"
"chr7","20821111","20821238","chr5","172392908","172393028","28","151571797"
"chr7","20905419","20905722","chr15","48018063","48018371","51","27112644"
"chr7","21183757","21184064","chr7","19806007","19806310","8","1377750"
"chr7","21266399","21266694","chr7","19888740","19889035","9","1377659"
"chr7","21289449","21289745","chr7","19911811","19912111","11","1377638"
"chr7","21413095","21413380","chr12","26525695","26525968","34","5112600"
"chr7","21423363","21423614","chr7","20045800","20046051","2","1377563"
"chr7","21467022","21467328","chr7","20089532","20089840","3","1377490"
"chr7","21957861","21958166","chr7","20582672","20582978","9","1375189"
"chr7","22260683","22260764","chr18","47204102","47204181","8","24943419"
"chr7","22272903","22273204","chr7","20899363","20899673","13","1373540"
"chr7","23000222","23000616","chr1","32394145","32394489","105","9393923"
"chr7","23043940","23044243","chr9","37655366","37655651","67","14611426"
"chr7","23098706","23098994","chr7","21421136","21421416","14","1677570"
"chr7","23183791","23183958","chr1","128414862","128415026","28","105231071"
"chr7","23187757","23187883","chr2A","32693701","32693835","24","9505944"
"chr7","23335791","23336096","chr9","87168130","87168439","45","63832339"
"chr7","23356585","23356889","chr7","21683523","21683831","6","1673062"
"chr7","23417492","23417587","chr1","160944586","160944680","15","137527094"
"chr7","23421360","23421534","chr7","21748349","21748525","4","1673011"
"chr7","23484586","23484895","chr7","21812695","21813004","1","1671891"
"chr7","23501138","23501420","chr7","21829279","21829561","0","1671859"
"chr7","23539983","23540282","chr7","21867523","21867823","6","1672460"
"chr7","23589238","23589530","chr7","21917975","21918269","3","1671263"
"chr7","23622751","23623053","chr7","21951590","21951895","5","1671161"
"chr7","23713255","23713376","chr2B","199271339","199271453","31","175558084"
"chr7","23716222","23716499","chr7","22045076","22045356","4","1671146"
"chr7","23779212","23779322","chr14","100673591","100673682","38","76894379"
"chr7","23807487","23807586","chr14","100673591","100673682","17","76866104"
"chr7","23830602","23830682","chr8","46091691","46091777","22","22261089"
"chr7","23836977","23837157","chr4","183125792","183125969","26","159288815"
"chr7","23838546","23838838","chr7","22170453","22170747","4","1668093"
"chr7","23917926","23918213","chr5","89891397","89891688","33","65973471"
"chr7","23951934","23952235","chr7","22286050","22286351","1","1665884"
"chr7","23967118","23967427","chr7","22301256","22301565","0","1665862"
"chr7","24329623","24329926","chr7","22665352","22665654","7","1664271"
"chr7","24606871","24607174","chr7","22940143","22940448","3","1666728"
"chr7","24734799","24735096","chr7","23070276","23070573","2","1664523"
"chr7","24737889","24738192","chr7","23073369","23073674","7","1664520"
"chr7","25043384","25043674","chr5","123107486","123107784","50","98064102"
"chr7","25224946","25225238","chr7","23558234","23558525","2","1666712"
"chr7","25349329","25349490","chr1","122052547","122052705","30","96703218"
"chr7","25353414","25353556","chr8","112933585","112933727","31","87580171"
"chr7","25400616","25400926","chr7","23734704","23735021","9","1665912"
"chr7","25401219","25401519","chr7","23735314","23735616","2","1665905"
"chr7","25435375","25435660","chr7","23770296","23770581","0","1665079"
"chr7","25443934","25444056","chr9","122440275","122440408","29","96996341"
"chr7","25467162","25467465","chr7","23802609","23802913","3","1664553"
"chr7","25513886","25514190","chr7","23849388","23849691","4","1664498"
"chr7","25563215","25563389","chr7","23898736","23898910","0","1664479"
"chr7","25608953","25609230","chr7","23944498","23944775","4","1664455"
"chr7","25663842","25664134","chr7","23999340","23999633","2","1664502"
"chr7","25731727","25732026","chr1","109563293","109563591","36","83831566"
"chr7","25969008","25969129","chr5","172392908","172393028","34","146423900"
"chr7","26013490","26013787","chr7","24349116","24349419","9","1664374"
"chr7","26078968","26079251","chr7","24414526","24414810","2","1664442"
"chr7","26291763","26292068","chr7","24633221","24633529","4","1658542"
"chr7","26296982","26297265","chr7","24638418","24638702","2","1658564"
"chr7","26305325","26305654","chr6","20693130","20693435","70","5612195"
"chr7","26313233","26313531","chr7","24654696","24654995","4","1658537"
"chr7","26344859","26344929","chrY","3211148","3211211","28","23133711"
"chr7","26350537","26350846","chr7","24692048","24692353","7","1658489"
"chr7","26397282","26397573","chr7","24739193","24739485","2","1658089"
"chr7","26498908","26499136","chr7","24842206","24842437","8","1656702"
"chr7","26515704","26515854","chr1","213430388","213430540","23","186914684"
"chr7","26548599","26548696","chr6","159074849","159074952","16","132526250"
"chr7","26560032","26560235","chr7","24904601","24904805","2","1655431"
"chr7","26591998","26592162","chr7","139717802","139717968","33","113125804"
"chr7","26793845","26794160","chr1","35380709","35381003","54","8586864"
"chr7","26911929","26912136","chr7","25258477","25258691","8","1653452"
"chr7","27144437","27144700","chr7","25491186","25491449","1","1653251"
"chr7","27265705","27266002","chr1","204885125","204885418","33","177619420"
"chr7","27512154","27512422","chr1","124399374","124399636","34","96887220"
"chr7","27519040","27519324","chr7","25864555","25864864","28","1654485"
"chr7","27520886","27521181","chr7","25866404","25866702","3","1654482"
"chr7","27533548","27533847","chr7","25879818","25880119","2","1653730"
"chr7","27542616","27542758","chr2A","32693701","32693835","41","5151085"
"chr7","27543049","27543193","chr7","5108087","5108230","23","22434962"
"chr7","27560072","27560375","chr7","25906432","25906737","5","1653640"
"chr7","27723244","27723552","chr7","26070025","26070333","6","1653219"
"chr7","27910868","27910962","chr10","4431800","4431887","35","23479068"
"chr7","27920535","27920705","chr7","26269019","26269189","0","1651516"
"chr7","27926117","27926422","chr7","26274615","26274920","3","1651502"
"chr7","28042565","28042881","chr7","26385756","26386077","6","1656809"
"chr7","28111912","28112220","chr7","26454701","26455011","5","1657211"
"chr7","28164250","28164549","chr7","26507083","26507382","1","1657167"
"chr7","28292090","28292369","chr7","26635651","26635945","15","1656439"
"chr7","28307496","28307797","chr7","26651119","26651429","12","1656377"
"chr7","28387301","28387606","chr7","26731246","26731538","14","1656055"
"chr7","28439131","28439379","chr7","26783249","26783499","3","1655882"
"chr7","28455421","28455716","chr7","26799818","26800113","2","1655603"
"chr7","28566340","28566650","chr7","26911277","26911587","1","1655063"
"chr7","28870600","28870697","chrX","12847720","12847832","30","16022880"
"chr7","28930906","28931216","chr7","27276007","27276321","4","1654899"
"chr7","29182327","29182468","chr19","61741211","61741358","26","32558884"
"chr7","29282630","29282923","chr7","27629560","27629856","4","1653070"
"chr7","29307500","29307809","chr7","27654416","27654724","3","1653084"
"chr7","29342720","29343022","chr7","27689659","27689970","14","1653061"
"chr7","29374515","29374810","chr4","22394086","22394382","24","6980429"
"chr7","29393770","29394049","chr7","27740764","27741043","1","1653006"
"chr7","29459590","29459707","chr20","16652596","16652702","27","12806994"
"chr7","29632960","29633273","chr7","27981270","27981599","18","1651690"
"chr7","30148142","30148188","chr15","76459329","76459375","11","46311187"
"chr7","30365489","30365680","chr9","106231014","106231207","48","75865525"
"chr7","30570967","30571053","chr14","100673591","100673682","17","70102624"
"chr7","30892395","30892687","chr7","28716926","28717218","1","2175469"
"chr7","31034645","31034944","chr7","28860368","28860670","4","2174277"
"chr7","31100979","31101141","chr8","27153241","27153406","27","3947738"
"chr7","31132012","31132087","chr8","46091691","46091777","24","14959679"
"chr7","31156975","31157280","chr7","28982019","28982323","2","2174956"
"chr7","31187490","31187758","chr1","21064590","21064871","41","10122900"
"chr7","31297207","31297481","chr7","29115371","29115645","0","2181836"
"chr7","31359491","31359781","chr7","29178187","29178477","1","2181304"
"chr7","31405852","31406008","chr6","37846623","37846781","32","6440771"
"chr7","31542841","31542974","chrX","97546574","97546704","13","66003733"
"chr7","31543256","31543419","chrX","15694332","15694494","22","15848924"
"chr7","32095754","32096044","chr7","29916480","29916771","2","2179274"
"chr7","32184118","32184318","chr7","30004965","30005165","0","2179153"
"chr7","32218523","32218825","chr7","30039373","30039678","6","2179150"
"chr7","32365228","32365346","chr3","181143385","181143493","32","148778157"
"chr7","32475918","32476220","chr19","12387893","12388192","35","20088025"
"chr7","32490390","32490681","chr7","30312521","30312806","6","2177869"
"chr7","33122199","33122499","chr7","30930865","30931188","25","2191334"
"chr7","33137822","33137951","chr7","30946549","30946678","1","2191273"
"chr7","33162481","33162772","chr7","30955644","30955935","2","2206837"
"chr7","33795649","33795953","chr7","31345678","31345982","1","2449971"
"chr7","33806091","33806248","chr1","133837042","133837198","23","100030951"
"chr7","33920940","33921230","chr7","31469652","31469943","2","2451288"
"chr7","33932082","33932375","chr7","31480815","31481110","4","2451267"
"chr7","33951469","33951602","chr1","214242319","214242461","22","180290850"
"chr7","33968812","33969001","chr7","31518745","31518964","30","2450067"
"chr7","33970988","33971300","chr7","31520946","31521262","7","2450042"
"chr7","33995412","33995521","chr20","16652596","16652702","19","17342816"
"chr7","34077158","34077349","chr12","8145977","8146174","36","25931181"
"chr7","34084161","34084537","chr8","4397723","4398091","82","29686438"
"chr7","34208839","34209108","chr7","31760548","31760818","2","2448291"
"chr7","34215099","34215397","chr7","31766810","31767105","6","2448289"
"chr7","34264968","34265250","chr4","39855939","39856225","37","5590971"
"chr7","34272906","34273202","chr7","31824718","31825015","2","2448188"
"chr7","34494685","34494976","chr7","32047069","32047362","2","2447616"
"chr7","34715463","34715757","chr7","32268019","32268313","2","2447444"
"chr7","34743286","34743595","chr15","87173790","87174098","44","52430504"
"chr7","34774336","34774441","chr17","348848","348955","12","34425488"
"chr7","34855768","34856059","chr7","32408617","32408908","2","2447151"
"chr7","34869000","34869283","chr15","96900737","96901020","34","62031737"
"chr7","35081704","35081998","chr7","32634558","32634852","2","2447146"
"chr7","35126940","35127242","chr7","32679756","32680058","0","2447184"
"chr7","35403508","35403822","chr7","32958303","32958623","6","2445205"
"chr7","36015668","36015957","chr7","107821440","107821727","48","71805772"
"chr7","36183323","36183435","chr2B","205936995","205937106","27","169753672"
"chr7","36303488","36303590","chr2A","62538961","62539069","25","26235473"
"chr7","36441225","36441365","chr14","77093458","77093603","23","40652233"
"chr7","36543780","36543919","chr7","34244647","34244786","1","2299133"
"chr7","36566498","36566791","chr18","18555827","18556115","35","18010671"
"chr7","36683337","36683620","chr7","34384235","34384518","1","2299102"
"chr7","36799879","36800170","chr7","44399172","44399465","2","7599293"
"chr7","36874220","36874530","chr7","65511139","65511447","56","28636919"
"chr7","36884898","36885012","chr14","102420700","102420830","36","65535802"
"chr7","37094049","37094328","chr5","18671848","18672126","38","18422201"
"chr7","37122770","37123067","chr7","34826794","34827075","18","2295976"
"chr7","37127204","37127517","chr7","34831182","34831495","1","2296022"
"chr7","37232463","37232671","chr7","34936478","34936686","1","2295985"
"chr7","37240786","37241040","chr7","34944766","34945020","2","2296020"
"chr7","37371841","37371974","chr5","5624013","5624130","36","31747828"
"chr7","37378901","37379233","chr12","62531409","62531739","53","25152508"
"chr7","37441899","37442211","chr7","35147241","35147550","5","2294658"
"chr7","37587161","37587464","chr7","35297685","35297987","1","2289476"
"chr7","37647803","37648101","chr7","35358341","35358643","10","2289462"
"chr7","37704532","37704824","chr7","35415129","35415421","0","2289403"
"chr7","37734558","37734862","chrX","147458745","147459045","36","109724187"
"chr7","37947121","37947413","chr7","35657921","35658226","20","2289200"
"chr7","38000981","38001267","chr7","35711812","35712102","4","2289169"
"chr7","38045120","38045304","chrX","87941896","87942074","41","49896776"
"chr7","38045968","38046259","chr7","35754450","35754742","5","2291518"
"chr7","38073942","38074234","chr7","35782483","35782775","0","2291459"
"chr7","38213530","38213601","chr19","59326903","59326973","16","21113373"
"chr7","38279846","38280017","chr3","200742805","200742975","23","162462959"
"chr7","38552400","38552515","chr20","16652596","16652702","21","21899804"
"chr7","38697191","38697500","chr7","36406790","36407100","2","2290401"
"chr7","38810807","38810970","chr7","36521059","36521222","1","2289748"
"chr7","38879875","38880086","chr7","36590219","36590431","2","2289656"
"chr7","39063421","39063717","chr7","36769680","36769978","4","2293741"
"chr7","39089008","39089318","chr7","36795264","36795574","1","2293744"
"chr7","39188299","39188593","chr7","36881700","36881994","1","2306599"
"chr7","39463149","39463416","chr7","37166744","37167013","2","2296405"
"chr7","39565765","39566071","chr7","37269231","37269541","5","2296534"
"chr7","39581372","39581672","chr7","37284820","37285130","10","2296552"
"chr7","39701738","39702032","chr7","37405303","37405597","1","2296435"
"chr7","39824748","39824885","chr19","39393323","39393459","22","431425"
"chr7","39825185","39825366","chr10","99692609","99692784","29","59867424"
"chr7","39947898","39948190","chr7","37646506","37646804","6","2301392"
"chr7","40092857","40092955","chr14","100673591","100673682","21","60580734"
"chr7","40238650","40238954","chr7","37939508","37939818","9","2299142"
"chr7","40255309","40255446","chr8","112933585","112933727","33","72678276"
"chr7","40403150","40403443","chr7","38106310","38106608","7","2296840"
"chr7","40403472","40403774","chr9","120085284","120085584","38","79681812"
"chr7","40441580","40441603","chr20","46189948","46189970","10","5748368"
"chr7","40441935","40442075","chr1","28473465","28473606","33","11968470"
"chr7","40467086","40467167","chr7","38378921","38379002","0","2088165"
"chr7","40497390","40497679","chr4","188864051","188864338","54","148366661"
"chr7","40554807","40555116","chr7","38454516","38454821","6","2100291"
"chr7","40563213","40563316","chr6","159074849","159074952","16","118511636"
"chr7","40633929","40634225","chr7","38533524","38533820","1","2100405"
"chr7","40681137","40681447","chr12","6617954","6618263","47","34063183"
"chr7","40685931","40686031","chr3","181143385","181143493","24","140457454"
"chr7","40717973","40718239","chr7","38617712","38617978","1","2100261"
"chr7","40803232","40803521","chr7","38702996","38703288","3","2100236"
"chr7","41227336","41227405","chr19","60206793","60206852","13","18979457"
"chr7","41417456","41417592","chr3","87640021","87640174","33","46222565"
"chr7","41556668","41556970","chr7","39463955","39464261","7","2092713"
"chr7","41963800","41963888","chr3","181238196","181238292","30","139274396"
"chr7","42093111","42093161","chr7","53654605","53654654","13","11561494"
"chr7","42114102","42114388","chr7","40017189","40017478","24","2096913"
"chr7","42183551","42183843","chr6","57982562","57982849","50","15799011"
"chr7","42465273","42465576","chr14","20392001","20392306","40","22073272"
"chr7","42707949","42708245","chr7","40610806","40611105","3","2097143"
"chr7","42752691","42752965","chr7","40655528","40655839","37","2097163"
"chr7","42833758","42833925","chr13","26920693","26920861","33","15913065"
"chr7","42939838","42940002","chr4","180552843","180553000","26","137613005"
"chr7","43048982","43049197","chr7","40952846","40953061","0","2096136"
"chr7","43164631","43164891","chr7","41068849","41069107","2","2095782"
"chr7","43256769","43257045","chr7","41161382","41161659","1","2095387"
"chr7","43428402","43428694","chr7","41333351","41333643","0","2095051"
"chr7","43623941","43624207","chr7","41529186","41529452","0","2094755"
"chr7","43653123","43653348","chr7","41558071","41558296","2","2095052"
"chr7","43805057","43805237","chr7","41709977","41710157","4","2095080"
"chr7","43914103","43914397","chr7","41818249","41818543","3","2095854"
"chr7","44071460","44071761","chr7","41976275","41976576","0","2095185"
"chr7","44072317","44072613","chr7","41977131","41977427","1","2095186"
"chr7","44110359","44110661","chr7","42016623","42016927","5","2093736"
"chr7","44133108","44133408","chr7","42039451","42039753","2","2093657"
"chr7","44160771","44161059","chr7","42066469","42066757","0","2094302"
"chr7","44245017","44245326","chr7","42151182","42151482","10","2093835"
"chr7","44272990","44273291","chr7","42179768","42180065","10","2093222"
"chr7","44375898","44375997","chr14","100673591","100673682","26","56297693"
"chr7","44538068","44538357","chr9","36632127","36632414","46","7905941"
"chr7","44832683","44832986","chr7","42713204","42713508","1","2119479"
"chr7","44879969","44880153","chr7","42760636","42760821","4","2119333"
"chr7","44948780","44949066","chr7","42827058","42827368","24","2121722"
"chr7","44973716","44974008","chr7","42881519","42881811","0","2092197"
"chr7","45200637","45200741","chr6","159074849","159074952","21","113874212"
"chr7","45288928","45289156","chr7","43171929","43172159","4","2116999"
"chr7","45370689","45370984","chr12","45874078","45874367","52","503389"
"chr7","45396470","45396775","chr7","43279176","43279482","12","2117294"
"chr7","45497869","45497960","chr7","43381927","43382018","0","2115942"
"chr7","45503038","45503115","chr3","46579108","46579189","9","1076070"
"chr7","45575511","45575802","chr1","15093723","15094019","39","30481788"
"chr7","45621441","45621520","chr17","26082159","26082238","11","19539282"
"chr7","45669979","45670263","chr7","43553994","43554280","2","2115985"
"chr7","45672737","45673020","chr7","43556629","43556926","17","2116108"
"chr7","45679861","45680158","chr3","49055326","49055621","25","3375465"
"chr7","45684566","45684666","chr20","16652596","16652702","21","29031970"
"chr7","45720331","45720624","chr7","43583018","43583311","4","2137313"
"chr7","45770518","45770807","chr7","43634070","43634359","0","2136448"
"chr7","45824078","45824188","chr2B","205936995","205937106","21","160112917"
"chr7","46262720","46262910","chr7","44129291","44129481","2","2133429"
"chr7","46338664","46338780","chr5","172392908","172393028","22","126054244"
"chr7","46341168","46341469","chr7","44208655","44208958","4","2132513"
"chr7","46620632","46620738","chr2B","205936995","205937106","25","159316363"
"chr7","46730164","46730337","chr21","9361821","9361997","26","37368343"
"chr7","47001764","47002054","chr7","44853112","44853403","2","2148652"
"chr7","47180559","47180845","chr7","45032213","45032499","0","2148346"
"chr7","47300410","47300706","chr7","45152112","45152408","3","2148298"
"chr7","47400563","47400860","chr11","47834074","47834368","51","433511"
"chr7","47427483","47427597","chr2B","205936995","205937106","21","158509512"
"chr7","47491690","47491957","chr7","45343509","45343782","6","2148181"
"chr7","47589405","47589697","chr7","45441658","45441955","9","2147747"
"chr7","47653447","47653726","chr7","45508346","45508625","0","2145101"
"chr7","47754744","47754862","chr9","91419734","91419861","28","43664990"
"chr7","48008846","48009149","chr7","45859013","45859317","2","2149833"
"chr7","48013947","48014280","chr7","45864044","45864378","21","2149903"
"chr7","48116268","48116518","chr16","66013927","66014178","39","17897659"
"chr7","48177009","48177254","chr7","46027074","46027319","1","2149935"
"chr7","48294119","48294408","chr7","46143292","46143584","4","2150827"
"chr7","48316716","48317011","chr7","46165982","46166279","4","2150734"
"chr7","48318101","48318399","chr7","46167368","46167675","10","2150733"
"chr7","48358943","48359249","chr7","46208413","46208718","4","2150530"
"chr7","48394274","48394430","chr12","97007734","97007890","42","48613460"
"chr7","48396248","48396376","chrX","46411765","46411895","19","1984483"
"chr7","48420802","48421099","chr7","46269837","46270136","5","2150965"
"chr7","48439798","48439924","chr2B","199271339","199271453","33","150831541"
"chr7","48440895","48441187","chr7","46289509","46289814","28","2151386"
"chr7","48453725","48453999","chr7","46303278","46303556","9","2150447"
"chr7","48519607","48519884","chr10","57677784","57678058","47","9158177"
"chr7","48683719","48683887","chr1","201020072","201020240","23","152336353"
"chr7","48953646","48953943","chr19","17435671","17435968","29","31517975"
"chr7","49046672","49046974","chr7","46942457","46942767","10","2104215"
"chr7","49158173","49158455","chr7","47054816","47055132","43","2103357"
"chr7","49178539","49178827","chr11","81612582","81612877","36","32434043"
"chr7","49179339","49179399","chr10","109823094","109823152","13","60643755"
"chr7","49179397","49179479","chr3","181238196","181238292","31","132058799"
"chr7","49217554","49217820","chr7","47114376","47114642","2","2103178"
"chr7","49560071","49560359","chr7","47465252","47465543","6","2094819"
"chr7","49862295","49862602","chr7","47626537","47626844","1","2235758"
"chr7","50031765","50031852","chr14","100673591","100673682","23","50641826"
"chr7","50031884","50031994","chr7","4130187","4130301","20","45901697"
"chr7","50149555","50149866","chr6","87831733","87832040","46","37682178"
"chr7","50447703","50447976","chr7","150387542","150387810","42","99939839"
"chr7","50552417","50552724","chr7","48313390","48313703","6","2239027"
"chr7","50609149","50609281","chr2B","236907218","236907348","27","186298069"
"chr7","50624888","50625198","chr7","48385531","48385841","0","2239357"
"chr7","50807415","50807695","chr7","48568580","48568863","3","2238835"
"chr7","50908254","50908369","chr2B","199271339","199271453","23","148363085"
"chr7","51053607","51053906","chr7","48816284","48816584","2","2237323"
"chr7","51074514","51074741","chr7","48837149","48837376","1","2237365"
"chr7","51353530","51353832","chr7","49155985","49156291","4","2197545"
"chr7","51412143","51412351","chr2A","71010109","71010318","28","19597966"
"chr7","51521116","51521402","chr10","72545463","72545763","63","21024347"
"chr7","51823716","51824030","chr7","49633499","49633809","7","2190217"
"chr7","51861307","51861456","chr7","49671100","49671253","5","2190207"
"chr7","51887738","51887881","chr21","20136703","20136854","25","31751035"
"chr7","51964519","51964681","chr1","54397545","54397708","28","2433026"
"chr7","52033509","52033805","chr7","49843222","49843526","11","2190287"
"chr7","52039075","52039156","chr14","100673591","100673682","19","48634516"
"chr7","52199002","52199318","chr7","50010165","50010479","6","2188837"
"chr7","52657482","52657687","chr7","50395182","50395399","16","2262300"
"chr7","52919638","52919936","chr7","50656504","50656812","12","2263134"
"chr7","53155342","53155645","chr7","50892737","50893041","11","2262605"
"chr7","53237460","53237688","chr7","50975358","50975585","1","2262102"
"chr7","53440850","53441044","chr12","124308544","124308724","36","70867694"
"chr7","53492911","53493050","chr7","51228805","51228949","5","2264106"
"chr7","53768001","53768083","chr13","24059413","24059502","19","29708588"
"chr7","53769799","53770085","chr7","51497612","51497899","4","2272187"
"chr7","53970230","53970496","chr7","51698281","51698547","3","2271949"
"chr7","54014354","54014636","chr7","51742467","51742753","8","2271887"
"chr7","54021427","54021508","chr14","100673591","100673682","20","46652164"
"chr7","54218658","54218957","chr7","51947614","51947923","14","2271044"
"chr7","54332983","54333293","chr7","52061794","52062103","1","2271189"
"chr7","54623972","54624278","chr7","52353208","52353513","6","2270764"
"chr7","54760382","54760678","chr7","52489720","52490017","3","2270662"
"chr7","54847529","54847814","chr7","52576882","52577167","7","2270647"
"chr7","55035704","55035970","chr7","52765164","52765430","1","2270540"
"chr7","55158591","55158880","chr7","52884672","52884962","2","2273919"
"chr7","55209590","55209686","chr17","74283568","74283659","24","19073978"
"chr7","55363828","55363985","chr7","53094357","53094514","1","2269471"
"chr7","55527273","55527564","chr7","53264086","53264377","3","2263187"
"chr7","55602108","55602320","chr7","53338569","53338782","3","2263539"
"chr7","55653002","55653296","chr7","53389618","53389912","2","2263384"
"chr7","55686052","55686351","chr7","53422773","53423074","6","2263279"
"chr7","55783078","55783384","chr7","53518937","53519217","29","2264141"
"chr7","55918837","55918888","chr7","53654605","53654654","2","2264232"
"chr7","55929352","55929647","chr5","112121216","112121510","34","56191864"
"chr7","55934841","55935131","chr7","53671020","53671314","4","2263821"
"chr7","56100498","56100766","chr7","53836552","53836823","4","2263946"
"chr7","56559901","56560211","chr7","54298271","54298580","7","2261630"
"chr7","56562306","56562603","chr7","54300662","54300959","5","2261644"
"chr7","56777915","56778011","chr1","160944586","160944680","20","104166671"
"chr7","56784067","56784180","chr2B","199271339","199271453","24","142487272"
"chr7","56813233","56813531","chr7","54437210","54437513","9","2376023"
"chr7","56830380","56830511","chr16","73743066","73743197","33","16912686"
"chr7","56849025","56849128","chr12","12586014","12586108","17","44263011"
"chr7","56857685","56857762","chr3","181238196","181238292","32","124380511"
"chr7","56860584","56860868","chr7","54484966","54485251","1","2375618"
"chr7","56915905","56916021","chr5","172392908","172393028","23","115477003"
"chr7","56956412","56956576","chr9","37039365","37039532","29","19917047"
"chr7","56961459","56961752","chr7","54583236","54583530","1","2378223"
"chr7","56966986","56967078","chr14","100673591","100673682","20","43706605"
"chr7","56969525","56969810","chr7","54591223","54591508","4","2378302"
"chr7","56981466","56981769","chr7","54603323","54603625","1","2378143"
"chr7","57023618","57023765","chr1","11780192","11780341","28","45243426"
"chr7","57045279","57045579","chr7","54667003","54667304","1","2378276"
"chr7","57060834","57061107","chr8","13852762","13853038","58","43208072"
"chr7","57065526","57065712","chr5","132891050","132891239","32","75825524"
"chr7","57075905","57076024","chr2B","199271339","199271453","30","142195434"
"chr7","57082766","57083013","chr3","52453972","52454214","39","4628794"
"chr7","57101624","57101932","chr7","54723959","54724268","6","2377665"
"chr7","57154032","57154340","chr6","18167423","18167728","42","38986609"
"chr7","57163044","57163213","chr6","31499828","31500000","17","25663216"
"chr7","57206253","57206347","chr14","100673591","100673682","18","43467338"
"chr7","57207189","57207481","chr7","54828769","54829063","3","2378420"
"chr7","57281248","57281551","chr7","54903167","54903470","0","2378081"
"chr7","57295440","57295543","chr2B","205936995","205937106","32","148641555"
"chr7","57324226","57324519","chr7","54948077","54948371","4","2376149"
"chr7","57338193","57338321","chr7","54961813","54961941","2","2376380"
"chr7","58791043","58791158","chr2B","207026815","207026935","24","148235772"
"chr7","59631980","59632336","chr17","26768497","26768823","87","32863483"
"chr7","59652194","59652490","chr1","27929530","27929820","55","31722664"
"chr7","62840822","62841100","chr3","18335608","18335892","46","44505214"
"chr7","62875907","62876198","chr7","55978943","55979236","2","6896964"
"chr7","62994915","62995084","chr20","47440272","47440448","23","15554643"
"chr7","62995388","62995521","chr20","47440850","47440977","12","15554538"
"chr7","63052276","63052441","chr1","109472862","109473018","32","46420586"
"chr7","63078607","63078887","chr7","55775797","55776077","1","7302810"
"chr7","63096867","63096954","chr14","100673591","100673682","20","37576724"
"chr7","63113986","63114286","chr7","55741820","55742093","28","7372166"
"chr7","63125551","63125637","chr13","108019422","108019512","18","44893871"
"chr7","63167747","63168056","chr7","55686423","55686732","4","7481324"
"chr7","63211544","63211635","chr13","24059413","24059502","20","39152131"
"chr7","63534579","63534793","chr7","62127554","62127768","2","1407025"
"chr7","63537211","63537521","chr7","62130190","62130498","6","1407021"
"chr7","63542564","63542709","chr17","81772114","81772255","26","18229550"
"chr7","63559065","63559368","chr7","62152262","62152566","2","1406803"
"chr7","63644845","63645152","chr1","16078582","16078887","43","47566263"
"chr7","63677211","63677373","chr11","123789132","123789295","33","60111921"
"chr7","63703992","63704289","chr7","62294871","62295168","1","1409121"
"chr7","63772351","63772629","chr7","62364317","62364624","30","1408034"
"chr7","63813038","63813175","chr4","115885085","115885224","18","52072047"
"chr7","63820100","63820237","chr5","5624013","5624130","39","58196087"
"chr7","63870632","63870727","chr14","100673591","100673682","21","36802959"
"chr7","63876687","63876737","chr7","100782569","100782620","9","36905882"
"chr7","63877863","63877969","chr6","159074849","159074952","22","95196986"
"chr7","63900776","63901017","chr7","62476039","62476280","0","1424737"
"chr7","63906959","63907055","chr2B","142240066","142240170","34","78333107"
"chr7","63917799","63917891","chr14","100673591","100673682","23","36755792"
"chr7","63947198","63947506","chr7","62524016","62524325","2","1423182"
"chr7","63973505","63973624","chr8","26723415","26723536","20","37250090"
"chr7","63992793","63993094","chr7","62569455","62569756","4","1423338"
"chr7","64078574","64078736","chr15","69362160","69362318","21","5283586"
"chr7","64163761","64164047","chr7","62744571","62744857","0","1419190"
"chr7","64166274","64166578","chr7","62747104","62747414","6","1419170"
"chr7","64172407","64172503","chr14","100673591","100673682","24","36501184"
"chr7","64382304","64382598","chr7","62965391","62965685","2","1416913"
"chr7","64404401","64404566","chr5","165999577","165999740","28","101595176"
"chr7","64409704","64410001","chr7","62992846","62993155","16","1416858"
"chr7","64413266","64413561","chr7","62996428","62996723","0","1416838"
"chr7","64416682","64416977","chr7","146755200","146755489","40","82338518"
"chr7","64424732","64425022","chr7","63007908","63008202","4","1416824"
"chr7","64431136","64431382","chr1","139183841","139184089","30","74752705"
"chr7","64448884","64449171","chr7","63032299","63032586","2","1416585"
"chr7","64481118","64481420","chr1","226585011","226585315","36","162103893"
"chr7","64488452","64488750","chr7","63071891","63072192","8","1416561"
"chr7","64497741","64497866","chr8","26723415","26723536","27","37774326"
"chr7","64524160","64524464","chr1","24298407","24298712","40","40225753"
"chr7","64586517","64586812","chr7","63170472","63170771","5","1416045"
"chr7","64621530","64621636","chr2B","199271339","199271453","33","134649809"
"chr7","64653515","64653641","chr5","172392908","172393028","33","107739393"
"chr7","64679798","64679945","chr7","64425846","64425993","3","253952"
"chr7","64698792","64699047","chr7","64439781","64440039","3","259011"
"chr7","64711267","64711556","chr7","64452786","64453075","3","258481"
"chr7","64725660","64725954","chr7","64466823","64467118","2","258837"
"chr7","64746139","64746418","chr7","64488526","64488805","3","257613"
"chr7","64877941","64878205","chr7","63516642","63516906","1","1361299"
"chr7","64945022","64945113","chr3","181238196","181238292","23","116293174"
"chr7","64949494","64949771","chr7","63574904","63575183","3","1374590"
"chr7","64950316","64950406","chr14","100673591","100673682","21","35723275"
"chr7","64979018","64979289","chr7","63599206","63599477","1","1379812"
"chr7","65038370","65038469","chr3","181238196","181238292","22","116199826"
"chr7","65059558","65059687","chr7","63668252","63668381","0","1391306"
"chr7","65094768","65095006","chr7","63703290","63703528","0","1391478"
"chr7","73064773","73065042","chr2B","169657735","169657995","63","96592962"
"chr7","73069952","73070242","chr7","64511801","64512092","1","8558151"
"chr7","73113756","73114067","chr7","64609434","64609734","54","8504322"
"chr7","73121100","73121383","chr10","95159469","95159747","31","22038369"
"chr7","73129054","73129362","chr7","64563491","64563801","4","8565563"
"chr7","73132800","73132909","chr2B","223381529","223381639","12","150248729"
"chr7","73220164","73220455","chr7","64653839","64654130","1","8566325"
"chr7","73223220","73223526","chr7","24739193","24739485","50","48484027"
"chr7","73340181","73340355","chr1","54397545","54397708","31","18942636"
"chr7","73342437","73342609","chr8","516908","517077","36","72825529"
"chr7","73373123","73373432","chr7","64807730","64808040","2","8565393"
"chr7","73378440","73378731","chr7","64813055","64813347","2","8565385"
"chr7","73412670","73412831","chr1","54397545","54397708","24","19015125"
"chr7","73421673","73421896","chr13","114076204","114076425","43","40654531"
"chr7","73424540","73424632","chr1","117610481","117610560","22","44185941"
"chr7","73441385","73441692","chr7","64878168","64878475","1","8563217"
"chr7","73462236","73462381","chr7","25490963","25491107","14","47971273"
"chr7","73462710","73462876","chr15","68404883","68405043","28","5057827"
"chr7","73469076","73469146","chr8","102041595","102041648","33","28572519"
"chr7","73512169","73512384","chr7","64948397","64948613","3","8563772"
"chr7","73527250","73527544","chr7","64964280","64964576","5","8562970"
"chr7","73530228","73530525","chr3","128364049","128364350","47","54833821"
"chr7","73537916","73538056","chr12","31939089","31939232","25","41598827"
"chr7","73538357","73538524","chr4","73252540","73252702","29","285817"
"chr7","73561401","73561507","chr2B","142240066","142240170","28","68678665"
"chr7","73570219","73570323","chr22","33938435","33938535","18","39631784"
"chr7","73575660","73575943","chr12","56752334","56752613","52","16823326"
"chr7","73581368","73581482","chr2B","205936995","205937106","28","132355627"
"chr7","73586343","73586640","chr7","65025890","65026188","6","8560453"
"chr7","73601945","73602123","chr16","69232769","69232949","37","4369176"
"chr7","73636144","73636362","chr7","64948397","64948613","20","8687747"
"chr7","73657208","73657318","chr2B","205936995","205937106","26","132279787"
"chr7","73671458","73671582","chr2B","199271339","199271453","28","125599881"
"chr7","73675420","73675705","chr7","65119718","65120004","2","8555702"
"chr7","73712315","73712423","chr1","23266721","23266807","33","50445594"
"chr7","73816683","73816820","chr4","51557575","51557711","26","22259108"
"chr7","73826246","73826535","chr7","65294160","65294448","2","8532086"
"chr7","73830052","73830352","chr7","65297962","65298262","6","8532090"
"chr7","73884023","73884318","chr5","52676882","52677172","42","21207141"
"chr7","73888730","73888838","chr19","7591002","7591108","20","66297728"
"chr7","73914097","73914406","chr7","65383096","65383409","13","8531001"
"chr7","73915160","73915473","chr7","65384166","65384476","5","8530994"
"chr7","73958500","73958716","chr7","65427311","65427527","1","8531189"
"chr7","73965695","73965985","chr7","65434578","65434868","1","8531117"
"chr7","74003452","74003541","chr13","24059413","24059502","17","49944039"
"chr7","74023584","74023803","chr7","65493243","65493462","5","8530341"
"chr7","74026180","74026458","chr7","73931551","73931829","4","94629"
"chr7","74057151","74057267","chr3","198268184","198268291","28","124211033"
"chr7","74057289","74057518","chr8","128811008","128811239","35","54753719"
"chr7","74076017","74076168","chr6","43264271","43264424","18","30811746"
"chr7","74086273","74086500","chr7","73997070","73997297","0","89203"
"chr7","74101008","74101315","chr7","74012027","74012338","7","88981"
"chr7","74124299","74124595","chr7","74035954","74036251","4","88345"
"chr7","74125534","74125835","chr7","74037190","74037492","1","88344"
"chr7","74554543","74554732","chrUn_GL393518","506491","506690","10","74048052"
"chr7","74585575","74585721","chrX","40675473","40675619","22","33910102"
"chr7","74753250","74753526","chr7","65883045","65883329","14","8870205"
"chr7","74798666","74798970","chr7","65926421","65926726","5","8872245"
"chr7","74819786","74820024","chr14","66142969","66143205","42","8676817"
"chr7","74893161","74893508","chr7","66015963","66016319","13","8877198"
"chr7","74989419","74989628","chr7","66112402","66112611","1","8877017"
"chr7","75006503","75006778","chrX","151665346","151665626","38","76658843"
"chr7","75015110","75015408","chr7","66138107","66138408","6","8877003"
"chr7","75020705","75020998","chr7","66143705","66144000","3","8877000"
"chr7","75086453","75086667","chr3","188573160","188573394","42","113486707"
"chr7","75096894","75097025","chr2A","107195506","107195649","23","32098612"
"chr7","75098699","75099006","chr7","66222153","66222461","7","8876546"
"chr7","75100842","75100939","chr12","12586014","12586108","19","62514828"
"chr7","75295641","75295948","chr10","18272370","18272672","47","57023271"
"chr7","75335937","75336063","chr2A","32693701","32693835","29","42642236"
"chr7","75572598","75572906","chr1","65044870","65045174","41","10527728"
"chr7","75598210","75598335","chr8","26723415","26723536","21","48874795"
"chr7","75599183","75599492","chrUn_GL393505","374579","374888","28","75224604"
"chr7","75617720","75617769","chr5","118994912","118994958","12","43377192"
"chr7","75682899","75683221","chr5","78863209","78863532","57","3180310"
"chr7","75711271","75711560","chr3","132061902","132062187","47","56350631"
"chr7","75728714","75729008","chr7","66352167","66352461","1","9376547"
"chr7","75729942","75730107","chr19","3832753","3832920","24","71897189"
"chr7","75809332","75809613","chr7","66433208","66433489","1","9376124"
"chr7","75810253","75810562","chr7","66434130","66434439","2","9376123"
"chr7","75839267","75839561","chr7","66462865","66463161","2","9376402"
"chr7","75856631","75856776","chr7","66481067","66481212","0","9375564"
"chr7","75863047","75863290","chr7","66487522","66487765","2","9375525"
"chr7","75875932","75876236","chr7","66500399","66500700","7","9375533"
"chr7","75879666","75879825","chr22","16225217","16225380","18","59654449"
"chr7","75909273","75909539","chr7","66534430","66534696","2","9374843"
"chr7","75918098","75918379","chr9","123500236","123500517","39","47582138"
"chr7","75955610","75955840","chr7","66580939","66581171","8","9374671"
"chr7","75989570","75989652","chr14","100673591","100673682","24","24684021"
"chr7","76063879","76064143","chr7","66691422","66691707","21","9372457"
"chr7","76096392","76096518","chr19","16572394","16572527","25","59523998"
"chr7","76118073","76118196","chr2B","199271339","199271453","32","123153266"
"chr7","76139001","76139097","chr13","24059413","24059502","21","52079588"
"chr7","76167154","76167316","chr4","73252540","73252702","32","2914614"
"chr7","76213052","76213242","chr19","835919","836108","32","75377133"
"chr7","76221923","76222213","chr7","66849030","66849321","2","9372893"
"chr7","76262351","76262439","chr1","160944586","160944680","20","84682235"
"chr7","76358223","76358575","chrUn_GL393493","3221","3551","71","76355002"
"chr7","76391368","76391674","chr6","138446760","138447068","43","62055392"
"chr7","76402292","76402555","chr12","109448554","109448829","48","33046262"
"chr7","76419583","76419796","chr7","67045886","67046099","0","9373697"
"chr7","76460998","76461293","chr7","67087202","67087496","1","9373796"
"chr7","76501382","76501684","chr7","67127547","67127849","4","9373835"
"chr7","76579562","76579837","chr7","67206334","67206617","14","9373228"
"chr7","76603661","76603958","chr7","67231669","67231984","19","9371992"
"chr7","76637777","76638093","chr7","67265760","67266080","7","9372017"
"chr7","76693949","76694255","chr7","67323798","67324109","13","9370151"
"chr7","76695556","76695729","chr15","87173355","87173524","27","10477799"
"chr7","76755675","76755793","chr2A","62538961","62539069","34","14216714"
"chr7","76769786","76770085","chr9","137460403","137460702","83","60690617"
"chr7","76804090","76804182","chrX","120369316","120369409","15","43565226"
"chr7","76842017","76842298","chr12","63341614","63341902","40","13500403"
"chr7","76878370","76878616","chr7","67510351","67510595","3","9368019"
"chr7","76896106","76896410","chr7","67528050","67528354","1","9368056"
"chr7","77023673","77023962","chr11","116909477","116909766","49","39885804"
"chr7","77124223","77124530","chr7","67755711","67756023","11","9368512"
"chr7","77146806","77147101","chrX","43814540","43814832","42","33332266"
"chr7","77181037","77181319","chr7","67812550","67812825","9","9368487"
"chr7","77258909","77259013","chr2B","205936995","205937106","22","128678086"
"chr7","77267736","77268039","chr7","67900246","67900549","5","9367490"
"chr7","77310036","77310169","chr4","84675478","84675615","26","7365442"
"chr7","77347216","77347336","chr5","172392908","172393028","29","95045692"
"chr7","77357254","77357513","chr7","67989698","67989956","2","9367556"
"chr7","77374074","77374380","chr7","68007173","68007479","3","9366901"
"chr7","77381019","77381297","chr1","32970889","32971175","52","44410130"
"chr7","77475292","77475592","chr7","73315479","73315773","33","4159813"
"chr7","77658169","77658469","chr20","18078632","18078928","46","59579537"
"chr7","77783902","77784192","chr7","68418384","68418659","17","9365518"
"chr7","77792843","77792887","chr3","12945284","12945334","8","64847559"
"chr7","77945243","77945562","chr7","68568294","68568616","6","9376949"
"chr7","77993413","77993572","chr8","96096873","96097038","33","18103460"
"chr7","78008311","78008623","chr7","68626303","68626614","2","9382008"
"chr7","78061190","78061499","chr7","68678940","68679254","8","9382250"
"chr7","78118935","78119232","chr7","68738017","68738322","11","9380918"
"chr7","78131618","78131911","chr7","68750770","68751048","16","9380848"
"chr7","78148688","78148986","chr7","68767791","68768088","2","9380897"
"chr7","78335746","78336048","chr7","68955595","68955898","6","9380151"
"chr7","78543910","78544192","chr7","92675064","92675349","35","14131154"
"chr7","78602993","78603285","chr7","69230530","69230827","11","9372463"
"chr7","78606845","78606967","chr1","158024936","158025074","33","79418091"
"chr7","78623903","78624183","chr7","69251620","69251900","0","9372283"
"chr7","78689399","78689702","chr7","69317330","69317633","3","9372069"
"chr7","78690439","78690746","chr7","69318371","69318667","12","9372068"
"chr7","78727256","78727414","chr14","49207210","49207370","35","29520046"
"chr7","78815310","78815475","chrX","41793654","41793824","33","37021656"
"chr7","78851747","78852000","chr7","69480087","69480336","4","9371660"
"chr7","78960232","78960451","chr7","69588185","69588405","1","9372047"
"chr7","78985759","78986067","chr7","69613734","69614026","21","9372025"
"chr7","79041903","79042201","chr7","69670248","69670547","2","9371655"
"chr7","79072758","79073061","chr7","69702717","69703022","2","9370041"
"chr7","79180184","79180364","chr3","200840337","200840509","27","121660153"
"chr7","79298230","79298349","chr2B","205936995","205937106","34","126638765"
"chr7","79316799","79317092","chr7","69947975","69948271","4","9368824"
"chr7","79331515","79331735","chr7","69962708","69962931","4","9368807"
"chr7","79375810","79375906","chr3","181238196","181238292","23","101862386"
"chr7","79381907","79382178","chr9","124344325","124344598","34","44962418"
"chr7","79396352","79396484","chr10","32235383","32235511","13","47160969"
"chr7","79396779","79396938","chr2A","87901314","87901467","38","8504535"
"chr7","79448988","79449118","chr5","172392908","172393028","31","92943920"
"chr7","79461475","79461756","chr1","21064590","21064871","36","58396885"
"chr7","79488236","79488545","chr7","70119494","70119804","1","9368742"
"chr7","79507478","79507774","chr7","70139418","70139720","7","9368060"
"chr7","79561096","79561394","chr7","70192842","70193143","5","9368254"
"chr7","79613911","79614179","chr7","75050397","75050672","12","4563514"
"chr7","79675658","79675956","chr7","74982074","74982375","4","4693584"
"chr7","79677832","79678135","chr7","74979904","74980208","3","4697928"
"chr7","79704173","79704460","chr7","74954148","74954455","24","4750025"
"chr7","79707883","79708167","chr1","39572344","39572626","32","40135539"
"chr7","79709306","79709601","chr9","804615","804914","47","78904691"
"chr7","79816634","79816947","chr7","74840742","74841055","1","4975892"
"chr7","79830201","79830486","chr7","147334805","147335090","41","67504604"
"chr7","80002726","80003030","chr7","74654299","74654604","2","5348427"
"chr7","80059521","80059756","chr7","74596953","74597188","1","5462568"
"chr7","80104362","80104424","chr1","33246348","33246407","14","46858014"
"chr7","80176248","80176555","chr7","74479060","74479367","1","5697188"
"chr7","80196224","80196413","chr7","74458897","74459086","1","5737327"
"chr7","80234197","80234312","chr7","74419521","74419636","1","5814676"
"chr7","80284905","80285197","chr7","149673141","149673428","53","69388236"
"chr7","80298405","80298662","chr7","74356849","74357110","5","5941556"
"chr7","80321129","80321210","chr14","100673591","100673682","24","20352462"
"chr7","80325811","80326105","chr17","48895562","48895857","30","31430249"
"chr7","80372708","80372997","chr7","74282551","74282840","0","6090157"
"chr7","80387957","80388240","chr15","42781749","42782034","29","37606208"
"chr7","80414500","80414798","chr11","98871856","98872144","43","18457356"
"chr7","80437805","80438109","chr7","70820802","70821105","2","9617003"
"chr7","80580742","80580822","chr12","12586014","12586108","23","67994728"
"chr7","80580978","80581135","chrX","155632548","155632709","26","75051570"
"chr7","80609055","80609213","chr11","17051026","17051186","24","63558029"
"chr7","80626695","80626794","chr3","181238196","181238292","23","100611501"
"chr7","80661354","80661617","chr7","73605248","73605512","1","7056106"
"chr7","80679147","80679437","chr9","68279069","68279355","52","12400078"
"chr7","80679485","80679774","chr7","73586519","73586808","2","7092966"
"chr7","80686131","80686421","chr7","73578944","73579236","4","7107187"
"chr7","80713799","80714094","chr7","73551484","73551779","1","7162315"
"chr7","80812429","80812666","chr2A","32610935","32611168","38","48201494"
"chr7","80848553","80848839","chr7","73417112","73417401","4","7431441"
"chr7","80876150","80876251","chr12","12586014","12586108","23","68290136"
"chr7","80885960","80886226","chr16","613891","614155","40","80272069"
"chr7","80895153","80895300","chr15","62596341","62596485","28","18298812"
"chr7","80943042","80943366","chr7","73324263","73324566","23","7618779"
"chr7","80951028","80951205","chr4","40599988","40600158","28","40351040"
"chr7","81009946","81009997","chr7","100782569","100782620","10","19772623"
"chr7","81010548","81010631","chr4","153183031","153183115","9","72172483"
"chr7","81012369","81012637","chr1","9082929","9083192","35","71929440"
"chr7","81048012","81048117","chr20","16652596","16652702","27","64395416"
"chr7","81074544","81074679","chr6","84298883","84299012","25","3224339"
"chr7","81125248","81125380","chrUn_GL394737","20401","20541","27","81104847"
"chr7","81166858","81166995","chr22","35041748","35041876","38","46125110"
"chr7","81208706","81209001","chr20","2515068","2515358","39","78693638"
"chr7","81253212","81253248","chr4","27336438","27336474","7","53916774"
"chr7","81253539","81253813","chr7","158679415","158679681","46","77425876"
"chr7","81280291","81280579","chr7","72983204","72983507","17","8297087"
"chr7","81294209","81294463","chr7","72970593","72970881","59","8323616"
"chr7","81298257","81298367","chr3","181143385","181143493","21","99845128"
"chr7","81338338","81338425","chr3","181238196","181238292","28","99899858"
"chr7","81390374","81390677","chr7","72868425","72868729","6","8521949"
"chr7","81413949","81414234","chr7","72844168","72844453","1","8569781"
"chr7","81421241","81421541","chr11","81612582","81612877","35","191341"
"chr7","81444160","81444265","chr14","100673591","100673682","28","19229431"
"chr7","81453738","81454012","chr7","72804418","72804693","4","8649320"
"chr7","81500949","81501035","chr14","100673591","100673682","21","19172642"
"chr7","81529914","81530043","chr19","8193015","8193146","13","73336899"
"chr7","81560168","81560345","chr4","84946316","84946498","28","3386148"
"chr7","81572085","81572390","chr7","72687724","72688033","5","8884361"
"chr7","81572470","81572589","chr2B","199271339","199271453","26","117698869"
"chr7","81573984","81574087","chr12","12586014","12586108","20","68987970"
"chr7","81585373","81585683","chr7","72674262","72674572","3","8911111"
"chr7","81596531","81596841","chr7","72663331","72663643","4","8933200"
"chr7","81613800","81613921","chr8","97400368","97400489","15","15786568"
"chr7","81653844","81654142","chr7","72605759","72606056","2","9048085"
"chr7","81685891","81685974","chr14","100673591","100673682","21","18987700"
"chr7","81743555","81743853","chr15","62405613","62405909","33","19337942"
"chr7","81765767","81766097","chr5","78863209","78863532","59","2902558"
"chr7","81796630","81796879","chr7","72462162","72462441","31","9334468"
"chr7","81804616","81804896","chr7","72453198","72453481","6","9351418"
"chr7","81809854","81810066","chr7","14497974","14498190","40","67311880"
"chr7","81813040","81813343","chr7","72445255","72445559","6","9367785"
"chr7","81832308","81832539","chr7","72422183","72422414","1","9410125"
"chr7","81834379","81834662","chr7","72420062","72420336","23","9414317"
"chr7","81836559","81836853","chr7","72417847","72418143","4","9418712"
"chr7","81847982","81848286","chr13","23308618","23308915","35","58539364"
"chr7","81961750","81962062","chr7","72293550","72293861","5","9668200"
"chr7","81973220","81973438","chr4","408125","408340","36","81565095"
"chr7","81986332","81986422","chr14","100673591","100673682","18","18687259"
"chr7","82000905","82001160","chr17","14328544","14328804","29","67672361"
"chr7","82006990","82007285","chr7","72250230","72250534","10","9756760"
"chr7","82014059","82014359","chr7","72243160","72243462","3","9770899"
"chr7","82043407","82043528","chr8","26723415","26723536","26","55319992"
"chr7","82089212","82089506","chr2B","207764862","207765157","41","125675650"
"chr7","82140785","82141088","chr3","48544374","48544677","39","33596411"
"chr7","82172593","82172655","chr10","109823094","109823152","15","27650501"
"chr7","82177977","82178241","chr7","75794943","75795207","1","6383034"
"chr7","82180837","82181137","chr7","75798097","75798398","1","6382740"
"chr7","82231725","82231853","chr1","6844228","6844361","27","75387497"
"chr7","82231896","82232012","chr7","75850649","75850765","2","6381247"
"chr7","82298407","82298660","chr7","131158515","131158773","40","48860108"
"chr7","82314182","82314479","chr7","75935486","75935786","4","6378696"
"chr7","82318520","82318802","chr7","75939950","75940232","0","6378570"
"chr7","82321118","82321161","chr4","158528568","158528610","12","76207450"
"chr7","82345166","82345476","chr7","75961880","75962192","4","6383286"
"chr7","82356390","82356694","chr7","75973315","75973622","5","6383075"
"chr7","82379944","82380042","chr2B","142240066","142240170","28","59860122"
"chr7","82421408","82421495","chr9","80389825","80389922","14","2031583"
"chr7","82440843","82441156","chr5","135396971","135397282","34","52956128"
"chr7","82476946","82477255","chr7","76092877","76093188","10","6384069"
"chr7","82496755","82497046","chr7","76113060","76113351","0","6383695"
"chr7","82499884","82499995","chr1","182725129","182725248","25","100225245"
"chr7","82534092","82534134","chr7","76150424","76150466","0","6383668"
"chr7","82547347","82547643","chr2A","63134080","63134374","34","19413267"
"chr7","82583391","82583607","chr7","64948397","64948613","10","17634994"
"chr7","82599209","82599513","chr7","76216591","76216897","3","6382618"
"chr7","82640244","82640542","chr7","76257813","76258111","0","6382431"
"chr7","82646473","82646501","chr3","48388384","48388414","13","34258089"
"chr7","82662451","82662685","chr17","52992448","52992685","35","29670003"
"chr7","82670033","82670200","chr7","76286381","76286553","5","6383652"
"chr7","82679563","82679864","chr7","76295987","76296293","8","6383576"
"chr7","82701037","82701214","chr5","178397697","178397875","28","95696660"
"chr7","82711101","82711399","chr7","76325961","76326270","14","6385140"
"chr7","82711420","82711547","chr2B","205936995","205937106","34","123225575"
"chr7","82711853","82711866","chr1","28547144","28547162","9","54164709"
"chr7","82722226","82722374","chr7","76340148","76340301","6","6382078"
"chr7","82739161","82739336","chr3","183618022","183618206","33","100878861"
"chr7","82745975","82746132","chr7","76364918","76365070","7","6381057"
"chr7","82755117","82755229","chr5","172392908","172393028","25","89637791"
"chr7","82766603","82766949","chr7","76386962","76387298","12","6379641"
"chr7","82799847","82800143","chr7","76420546","76420843","3","6379301"
"chr7","82807069","82807362","chr13","20993235","20993531","31","61813834"
"chr7","82818900","82818967","chr6","11395990","11396054","29","71422910"
"chr7","82820892","82821027","chr7","156274717","156274856","21","73453825"
"chr7","82832262","82832408","chr3","87640021","87640174","29","4807759"
"chr7","82835176","82835531","chr8","123780502","123780839","85","40945326"
"chr7","82865807","82866117","chr7","76488256","76488567","5","6377551"
"chr7","82868090","82868385","chr7","76491272","76491568","2","6376818"
"chr7","82878170","82878460","chr7","76501647","76501937","0","6376523"
"chr7","82896151","82896228","chr7","76678450","76678530","3","6217701"
"chr7","82915167","82915479","chr2B","234350900","234351216","67","151435733"
"chr7","82938131","82938438","chr7","131295753","131296062","52","48357622"
"chr7","82967037","82967331","chr7","77743160","77743454","2","5223877"
"chr7","83011664","83011765","chr6","159074849","159074952","20","76063185"
"chr7","83023906","83024210","chr4","118238546","118238854","53","35214640"
"chr7","83126606","83126732","chr12","45595653","45595772","24","37530953"
"chr7","83126777","83126885","chr6","159074849","159074952","19","75948072"
"chr7","83218882","83218963","chr11","8774884","8774956","25","74443998"
"chr7","83219003","83219296","chr3","190491642","190491934","39","107272639"
"chr7","83236680","83236836","chr7","78009765","78009924","5","5226915"
"chr7","83238884","83239165","chr7","78011975","78012261","8","5226909"
"chr7","83303705","83303924","chr7","78078796","78079019","4","5224909"
"chr7","83307472","83307763","chr7","78082577","78082869","4","5224895"
"chr7","83344300","83344405","chr6","108298721","108298814","26","24954421"
"chr7","83353710","83354014","chr7","78129562","78129867","2","5224148"
"chr7","83379514","83379557","chr7","100782569","100782620","14","17403055"
"chr7","83394048","83394218","chr2B","114120659","114120832","43","30726611"
"chr7","83420489","83420789","chr7","78197191","78197491","2","5223298"
"chr7","83431171","83431471","chr7","78208011","78208315","6","5223160"
"chr7","83431939","83432240","chr13","52163529","52163826","74","31268410"
"chr7","83432265","83432550","chr7","78209119","78209405","1","5223146"
"chr7","83456583","83456676","chr14","100673591","100673682","22","17217008"
"chr7","83496030","83496329","chr7","78269592","78269893","2","5226438"
"chr7","83514259","83514515","chr7","78287908","78288196","32","5226351"
"chr7","83521461","83521748","chr7","78295124","78295415","6","5226337"
"chr7","83545612","83545894","chr7","78316720","78317007","8","5228892"
"chr7","83652277","83652538","chr7","78418260","78418521","2","5234017"
"chr7","83655526","83655708","chr9","128045951","128046133","27","44390425"
"chr7","83707041","83707218","chr7","78473733","78473911","2","5233308"
"chr7","83811006","83811308","chr7","78576711","78577014","2","5234295"
"chr7","83816210","83816501","chr12","95078341","95078638","48","11262131"
"chr7","84004829","84005113","chr7","78771497","78771783","2","5233332"
"chr7","84344732","84345026","chr7","79110043","79110337","1","5234689"
"chr7","84445834","84445920","chr8","46091691","46091777","16","38354143"
"chr7","84507697","84507999","chr7","79273104","79273407","6","5234593"
"chr7","84519583","84519872","chr7","79285000","79285302","14","5234583"
"chr7","84558328","84558535","chr7","79323891","79324099","3","5234437"
"chr7","84650797","84650982","chr16","20238556","20238749","25","64412241"
"chr7","84675449","84675748","chr17","4064390","4064685","43","80611059"
"chr7","84785794","84786096","chr4","54106242","54106543","35","30679552"
"chr7","85200403","85200735","chr4","26858395","26858720","53","58342008"
"chr7","85466991","85467297","chr4","168518745","168519047","37","83051754"
"chr7","85706690","85707009","chr7","80574870","80575180","9","5131820"
"chr7","85903164","85903468","chr7","80771680","80771984","1","5131484"
"chr7","86073284","86073367","chr3","27665315","27665404","19","58407969"
"chr7","86082681","86082735","chr7","80951699","80951753","0","5130982"
"chr7","86350173","86350464","chr7","81219283","81219579","6","5130890"
"chr7","86425773","86426041","chr7","81295153","81295457","37","5130620"
"chr7","86562823","86563128","chr7","81433176","81433480","17","5129647"
"chr7","86573313","86573620","chr7","81443678","81443990","5","5129635"
"chr7","86590640","86590937","chr7","81461354","81461649","4","5129286"
"chr7","86613828","86614127","chr7","81484675","81484973","1","5129153"
"chr7","86616311","86616611","chr7","81487147","81487456","10","5129164"
"chr7","86624189","86624473","chr7","81495035","81495353","36","5129154"
"chr7","86651635","86651938","chr4","162567814","162568118","47","75916179"
"chr7","86713983","86714274","chr20","43295810","43296101","30","43418173"
"chr7","86932507","86932797","chr7","81808556","81808845","4","5123951"
"chr7","87009246","87009408","chr4","84146256","84146422","32","2862990"
"chr7","87175434","87175751","chr7","82050889","82051205","3","5124545"
"chr7","87196863","87197152","chr7","82072319","82072608","1","5124544"
"chr7","87339969","87340278","chr7","82213397","82213707","8","5126572"
"chr7","87484876","87485048","chr7","82359185","82359357","2","5125691"
"chr7","87628118","87628413","chr7","82503795","82504097","14","5124323"
"chr7","87741797","87742112","chr7","82617835","82618155","9","5123962"
"chr7","87809917","87810208","chr7","82685966","82686259","3","5123951"
"chr7","87847883","87848191","chr7","82723919","82724227","5","5123964"
"chr7","87942251","87942356","chr6","43284224","43284341","23","44658027"
"chr7","88083482","88083755","chr7","82962098","82962371","2","5121384"
"chr7","88149636","88149762","chr8","26723415","26723536","32","61426221"
"chr7","88703826","88704111","chr7","83583712","83583997","4","5120114"
"chr7","88879479","88879766","chr20","38649218","38649504","37","50230261"
"chr7","89202526","89202820","chr7","84079622","84079916","1","5122904"
"chr7","89233218","89233515","chr7","84110321","84110617","3","5122897"
"chr7","89433094","89433395","chr7","84310773","84311073","1","5122321"
"chr7","89769117","89769420","chrX","77747703","77748000","28","12021414"
"chr7","89829830","89830110","chr7","84703537","84703837","23","5126293"
"chr7","89846918","89847220","chr7","84720674","84720980","9","5126244"
"chr7","89980974","89981263","chr7","84855053","84855342","0","5125921"
"chr7","89993040","89993150","chr20","16652596","16652702","23","73340444"
"chr7","90105766","90106076","chr7","84980297","84980610","4","5125469"
"chr7","90106842","90107137","chr7","84981376","84981685","17","5125466"
"chr7","90605059","90605155","chr3","181238196","181238292","24","90633137"
"chr7","90756606","90756931","chr7","85631886","85632215","4","5124720"
"chr7","91330979","91331283","chr7","86205968","86206281","13","5125011"
"chr7","91451575","91451623","chr4","181150893","181150937","21","89699318"
"chr7","91643745","91644046","chr7","86519653","86519954","3","5124092"
"chr7","92180033","92180319","chr7","87059750","87060036","1","5120283"
"chr7","92254231","92254561","chr1","95715894","95716202","86","3461663"
"chr7","92595842","92596147","chr7","87471867","87472172","0","5123975"
"chr7","92912376","92912666","chr7","87791431","87791721","1","5120945"
"chr7","93069740","93069969","chr13","26138846","26139073","43","66930894"
"chr7","93074554","93074853","chr7","87953946","87954247","2","5120608"
"chr7","93211239","93211541","chr7","88091123","88091430","7","5120116"
"chr7","93211551","93211843","chr17","41838144","41838433","58","51373407"
"chr7","93271952","93272248","chr7","88151906","88152194","10","5120046"
"chr7","93505052","93505361","chr7","88386107","88386416","4","5118945"
"chr7","93568971","93569101","chr7","88450436","88450566","0","5118535"
"chr7","93569107","93569378","chr7","88450572","88450843","0","5118535"
"chr7","93612742","93613035","chr7","88494284","88494578","1","5118458"
"chr7","93688915","93689084","chr13","26988435","26988596","24","66700480"
"chr7","93751173","93751302","chr5","172392908","172393028","32","78641735"
"chr7","93819995","93820234","chr7","88703251","88703490","1","5116744"
"chr7","94261202","94261464","chr7","89145376","89145639","1","5115826"
"chr7","94324334","94324636","chr7","89208362","89208665","3","5115972"
"chr7","94356911","94357201","chr7","89240930","89241221","3","5115981"
"chr7","94530844","94531131","chr7","89416869","89417156","0","5113975"
"chr7","94887025","94887139","chr10","85846154","85846274","25","9040871"
"chr7","95065934","95066109","chr7","89951983","89952158","1","5113951"
"chr7","95206457","95206737","chr7","90092395","90092673","4","5114062"
"chr7","95206742","95206870","chr7","90092678","90092807","1","5114064"
"chr7","95215078","95215380","chr7","90100988","90101293","10","5114090"
"chr7","95238737","95239071","chr6","159655895","159656215","51","64417158"
"chr7","95665846","95666133","chr7","90546450","90546738","4","5119396"
"chr7","96045412","96045718","chr7","90970337","90970642","2","5075075"
"chr7","96122748","96123065","chr1","154673920","154674230","63","58551172"
"chr7","96146067","96146376","chr7","91071284","91071593","30","5074783"
"chr7","96156959","96157271","chr7","91082196","91082502","7","5074763"
"chr7","96184757","96185050","chr7","91110037","91110330","3","5074720"
"chr7","96279421","96279704","chr8","26766421","26766701","37","69513000"
"chr7","96392224","96392527","chr7","91317744","91318048","7","5074480"
"chr7","96613034","96613330","chr7","91539964","91540267","8","5073070"
"chr7","96705154","96705320","chr3","173995114","173995280","27","77289960"
"chr7","96843383","96843682","chr7","91769725","91770033","11","5073658"
"chr7","96899282","96899434","chr4","102249975","102250127","19","5350693"
"chr7","97307496","97307793","chr7","92237063","92237359","1","5070433"
"chr7","97514512","97514676","chr7","153710258","153710426","26","56195746"
"chr7","97523285","97523341","chr10","102411920","102411980","19","4888635"
"chr7","97581770","97582063","chr7","92512426","92512719","2","5069344"
"chr7","97659416","97659737","chr7","92590169","92590483","8","5069247"
"chr7","97734340","97734641","chr7","92665295","92665598","2","5069045"
"chr7","97744256","97744541","chr7","92675064","92675349","2","5069192"
"chr7","97797763","97797859","chr11","20358123","20358224","23","77439640"
"chr7","97844452","97844746","chr7","92776269","92776563","0","5068183"
"chr7","97876804","97877095","chr7","92808628","92808920","1","5068176"
"chr7","97886101","97886360","chr9","18505140","18505396","30","79380961"
"chr7","97952440","97952731","chr7","92884438","92884729","0","5068002"
"chr7","97955365","97955529","chr20","33579632","33579793","28","64375733"
"chr7","98102224","98102507","chr7","93035054","93035338","2","5067170"
"chr7","98166324","98166631","chr7","93099636","93099945","4","5066688"
"chr7","98257178","98257480","chr7","93190568","93190872","2","5066610"
"chr7","98268673","98268974","chr10","66480607","66480906","47","31788066"
"chr7","98356305","98356600","chr7","93289731","93290032","10","5066574"
"chr7","98439902","98440214","chr2A","99126754","99127058","53","686852"
"chr7","98542423","98542709","chr7","93476283","93476593","28","5066140"
"chr7","98598692","98598829","chr1","6844228","6844361","24","91754464"
"chr7","98631487","98631682","chr17","73441364","73441560","41","25190123"
"chr7","98679387","98679527","chr7","76340148","76340301","32","22339239"
"chr7","99011619","99011929","chr7","93996606","93996915","1","5015013"
"chr7","99223560","99223858","chr7","94210348","94210661","16","5013212"
"chr7","99233495","99233690","chr16","66570667","66570862","40","32662828"
"chr7","99409462","99409756","chr7","94396997","94397292","3","5012465"
"chr7","99468748","99469054","chr7","94456277","94456586","4","5012471"
"chr7","99920759","99920853","chr14","100673591","100673682","19","752832"
"chr7","100074054","100074262","chr7","95062976","95063185","3","5011078"
"chr7","100083243","100083536","chr7","95072168","95072463","2","5011075"
"chr7","100214380","100214685","chr7","95203885","95204190","2","5010495"
"chr7","100379648","100379936","chr12","61508381","61508672","37","38871267"
"chr7","100593366","100593677","chr7","95583662","95583950","23","5009704"
"chr7","100694502","100694798","chr7","95687456","95687753","3","5007046"
"chr7","100703813","100704122","chr7","95696789","95697098","6","5007024"
"chr7","100754028","100754170","chr19","4055014","4055149","15","96699014"
"chr7","100847234","100847538","chr7","95841871","95842170","7","5005363"
"chr7","101074975","101075271","chr7","96068604","96068900","0","5006371"
"chr7","101119454","101119763","chr7","96113203","96113512","2","5006251"
"chr7","101370679","101370777","chr14","100673591","100673682","15","697088"
"chr7","101742470","101742769","chr7","96733912","96734211","1","5008558"
"chr7","101855274","101855452","chrUn_GL393552","49789","49963","32","101805485"
"chr7","101896715","101897008","chr7","96888421","96888716","3","5008294"
"chr7","101899965","101900263","chr7","96891675","96891978","6","5008290"
"chr7","102027945","102028241","chr7","97013970","97014275","10","5013975"
"chr7","102350970","102351272","chr7","97338969","97339272","2","5012001"
"chr7","102468711","102469018","chr1","21949805","21950110","33","80518906"
"chr7","102636383","102636689","chr7","97624105","97624411","7","5012278"
"chr7","102677614","102677911","chr7","97666296","97666597","5","5011318"
"chr7","102742468","102742764","chr7","97731530","97731825","4","5010938"
"chr7","102858583","102858890","chr7","97848510","97848813","9","5010073"
"chr7","102902355","102902471","chr8","26723415","26723536","27","76178940"
"chr7","102919503","102919802","chr7","97916431","97916735","7","5003072"
"chr7","102934296","102934595","chr7","97931234","97931534","2","5003062"
"chr7","102937784","102938087","chr7","97934727","97935030","2","5003057"
"chr7","102985774","102986071","chr7","97983032","97983329","0","5002742"
"chr7","103468900","103469195","chr7","98544149","98544445","1","4924751"
"chr7","103485957","103486141","chr20","25373433","25373622","29","78112524"
"chr7","103486599","103486876","chr7","98564204","98564481","1","4922395"
"chr7","103512099","103512391","chr7","98586691","98586985","2","4925408"
"chr7","103692035","103692167","chr2A","32693701","32693835","25","70998334"
"chr7","103724047","103724179","chr7","98799935","98800067","0","4924112"
"chr7","103724403","103724455","chr18","55255830","55255879","10","48468573"
"chr7","103769352","103769610","chr7","98844546","98844813","10","4924806"
"chr7","103799297","103799567","chr7","98874226","98874504","12","4925071"
"chr7","103841793","103841885","chr12","31242059","31242152","11","72599734"
"chr7","103868688","103868796","chr2B","205936995","205937106","20","102068307"
"chr7","103983837","103983877","chr10","75445791","75445831","14","28538046"
"chr7","103987925","103988032","chr20","16652596","16652702","29","87335329"
"chr7","104000771","104001080","chr6","138446760","138447068","38","34445989"
"chr7","104022383","104022693","chr7","99098643","99098965","12","4923740"
"chr7","104062742","104062833","chr12","12586014","12586108","13","91476728"
"chr7","104120200","104120266","chr14","72249896","72249960","15","31870304"
"chr7","104166003","104166093","chr17","13332748","13332838","14","90833255"
"chr7","104218534","104218634","chr1","160944586","160944680","22","56726052"
"chr7","104249102","104249381","chr7","99306676","99306987","32","4942426"
"chr7","104263572","104263734","chr7","99334849","99335012","1","4928723"
"chr7","104266019","104266327","chr7","99343263","99343572","1","4922756"
"chr7","104297234","104297419","chr5","178397697","178397875","35","74100463"
"chr7","104298059","104298354","chr1","53490363","53490659","36","50807696"
"chr7","104316840","104317105","chr6","33920030","33920307","44","70396810"
"chr7","104366548","104366870","chr7","99434089","99434412","4","4932459"
"chr7","104411741","104411916","chr8","95901878","95902047","35","8509863"
"chr7","104413461","104413721","chr7","67989698","67989956","70","36423763"
"chr7","104512439","104512740","chr7","99579849","99580151","3","4932590"
"chr7","104581720","104581820","chr3","181238196","181238292","19","76656476"
"chr7","104603789","104604089","chr7","99670682","99670982","5","4933107"
"chr7","104626898","104627178","chr7","99695019","99695299","3","4931879"
"chr7","104638950","104639256","chr7","99707029","99707335","2","4931921"
"chr7","104681389","104681525","chr22","36488301","36488437","32","68193088"
"chr7","104701077","104701264","chr5","132891050","132891239","30","28189973"
"chr7","104730862","104730970","chr22","33938435","33938535","19","70792427"
"chr7","104802819","104803134","chr4","115885737","115886047","52","11082918"
"chr7","104822056","104822342","chr7","99892217","99892503","1","4929839"
"chr7","104832547","104832814","chr9","102745926","102746188","63","2086621"
"chr7","104839201","104839296","chr14","100673591","100673682","17","4165610"
"chr7","104844027","104844096","chr10","102411920","102411980","21","2432107"
"chr7","104847330","104847459","chr19","19113691","19113820","21","85733639"
"chr7","104854279","104854588","chr7","99923737","99924048","5","4930542"
"chr7","104863636","104863784","chr1","11780192","11780341","20","93083444"
"chr7","104909425","104909517","chr12","12586014","12586108","24","92323411"
"chr7","104910586","104910871","chr1","24645219","24645514","57","80265367"
"chr7","104918669","104918747","chr7","99988453","99988530","1","4930216"
"chr7","104930809","104930907","chr7","100000348","100000446","0","4930461"
"chr7","104971919","104972046","chrX","116792051","116792184","27","11820132"
"chr7","104975607","104975801","chr8","11261085","11261290","47","93714522"
"chr7","104985268","104985381","chr3","181238196","181238292","31","76252928"
"chr7","105282626","105282994","chr7","100424574","100424946","8","4858052"
"chr7","105309765","105309876","chr3","181238196","181238292","34","75928431"
"chr7","105327574","105327862","chr7","100469627","100469915","1","4857947"
"chr7","105380212","105380517","chr7","100522343","100522653","5","4857869"
"chr7","105440373","105440673","chr5","158324854","158325155","34","52884481"
"chr7","105467241","105467359","chr2B","205936995","205937106","29","100469754"
"chr7","105506430","105506723","chr7","100648191","100648485","1","4858239"
"chr7","105523670","105523828","chr7","100665257","100665418","4","4858413"
"chr7","105529399","105529586","chrX","87941896","87942074","51","17587503"
"chr7","105535313","105535393","chr14","100673591","100673682","20","4861722"
"chr7","105541723","105542028","chr17","7198653","7198951","37","98343070"
"chr7","105546889","105547195","chr7","100688836","100689146","7","4858053"
"chr7","105577894","105578198","chr7","100720207","100720514","5","4857687"
"chr7","105581824","105582132","chr7","100724145","100724453","0","4857679"
"chr7","105608119","105608431","chr7","91539964","91540267","49","14068155"
"chr7","105617349","105617400","chr22","42768904","42768949","15","62848445"
"chr7","105648749","105648849","chr20","16652596","16652702","20","88996153"
"chr7","105655591","105655882","chr7","100797977","100798268","5","4857614"
"chr7","105706939","105707241","chr7","100852869","100853171","1","4854070"
"chr7","105746466","105746682","chr12","119274512","119274733","36","13528046"
"chr7","105807917","105808014","chr14","100673591","100673682","23","5134326"
"chr7","105808745","105808919","chr7","100990856","100991042","13","4817889"
"chr7","105810865","105811154","chr8","53741321","53741609","40","52069544"
"chr7","105815448","105815606","chr7","100997716","100997899","38","4817732"
"chr7","105836856","105837132","chr7","101019137","101019413","2","4817719"
"chr7","105848613","105848907","chr7","101030913","101031208","1","4817700"
"chr7","105858761","105858904","chr8","50818747","50818891","19","55040014"
"chr7","105884049","105884230","chr10","99692609","99692784","28","6191440"
"chr7","105933896","105934186","chr7","101116432","101116725","4","4817464"
"chr7","105964892","105965174","chr7","101147896","101148178","2","4816996"
"chr7","105966692","105966801","chr11","20358123","20358224","20","85608569"
"chr7","105980960","105981269","chr1","24298407","24298712","40","81682553"
"chr7","106000001","106000112","chr2B","199271339","199271453","29","93271338"
"chr7","106038112","106038428","chr7","101221008","101221339","16","4817104"
"chr7","106046432","106046731","chr12","127001020","127001319","43","20954588"
"chr7","106047319","106047416","chr3","181238196","181238292","20","75190877"
"chr7","106086869","106087030","chr4","191280374","191280526","27","85193505"
"chr7","106092553","106092753","chr1","26136510","26136710","24","79956043"
"chr7","106128192","106128502","chr7","101312013","101312325","3","4816179"
"chr7","106182226","106182507","chr7","101371539","101371854","35","4810687"
"chr7","106192769","106192865","chr14","100673591","100673682","17","5519178"
"chr7","106195436","106195726","chr7","101384971","101385223","39","4810465"
"chr7","106198342","106198415","chr1","33246348","33246407","22","72951994"
"chr7","106198416","106198631","chr3","48992472","48992683","41","57205944"
"chr7","106210793","106210911","chr5","172392908","172393028","34","66182115"
"chr7","106236707","106236897","chr15","47446906","47447082","47","58789801"
"chr7","106237505","106237800","chr7","101427118","101427420","7","4810387"
"chr7","106272985","106273125","chr12","95708278","95708420","15","10564707"
"chr7","106301295","106301431","chr13","22694842","22694978","33","83606453"
"chr7","106337711","106337996","chr7","101528060","101528345","0","4809651"
"chr7","106339538","106339839","chr10","103328021","103328320","37","3011517"
"chr7","106354304","106354519","chr3","200711023","200711239","27","94356719"
"chr7","106354531","106354680","chr3","188303043","188303182","26","81948512"
"chr7","106485236","106485539","chr7","101710803","101711105","2","4774433"
"chr7","106489796","106489854","chr10","109823094","109823152","13","3333298"
"chr7","106504677","106504888","chr17","17502591","17502798","43","89002086"
"chr7","106532599","106532735","chr8","112933585","112933727","27","6400986"
"chr7","106576987","106577104","chr5","172392908","172393028","17","65815921"
"chr7","106586850","106586966","chr20","16652596","16652702","27","89934254"
"chr7","106595360","106595535","chr15","87173355","87173524","29","19422005"
"chr7","106595849","106595957","chr11","551967","552071","23","106043882"
"chr7","106634211","106634372","chr19","41422998","41423161","34","65211213"
"chr7","106634681","106634853","chr22","22201178","22201345","20","84433503"
"chr7","106638152","106638462","chr7","101861156","101861466","1","4776996"
"chr7","106658240","106658359","chr3","181143385","181143493","22","74485145"
"chr7","106675723","106676041","chr3","164995906","164996204","74","58320183"
"chr7","106678917","106679204","chr14","102389771","102390058","34","4289146"
"chr7","106681758","106681911","chr16","10436386","10436538","40","96245372"
"chr7","106691978","106692174","chr18","59723932","59724124","33","46968046"
"chr7","106706112","106706224","chr20","16652596","16652702","26","90053516"
"chr7","106712097","106712226","chr7","74419521","74419636","31","32292576"
"chr7","106723089","106723170","chr3","46579108","46579189","9","60143981"
"chr7","106727994","106728123","chr6","133188591","133188719","17","26460597"
"chr7","106728419","106728438","chr8","38729130","38729144","10","67999289"
"chr7","106728724","106728894","chr15","87173355","87173524","30","19555369"
"chr7","106733080","106733379","chr11","81612582","81612877","34","25120498"
"chr7","106733916","106734239","chr9","95158753","95159079","49","11575163"
"chr7","106752606","106752716","chr2B","205936995","205937106","24","99184389"
"chr7","106754434","106754694","chr7","101985936","101986198","6","4768498"
"chr7","106761565","106761679","chr2B","139795701","139795833","30","33034136"
"chr7","106763371","106763540","chr9","70093990","70094158","25","36669381"
"chr7","106763848","106763933","chr6","118110211","118110289","23","11346363"
"chr7","106784186","106784268","chr7","102016092","102016174","0","4768094"
"chr7","106796730","106797024","chr7","102028955","102029248","2","4767775"
"chr7","106815538","106815661","chr8","26723415","26723536","24","80092123"
"chr7","106838555","106838797","chr7","102070831","102071073","2","4767724"
"chr7","106872611","106872904","chr7","102105990","102106286","17","4766621"
"chr7","106960939","106961225","chr7","102193625","102193912","1","4767314"
"chr7","106962574","106962698","chr8","26723415","26723536","24","80239159"
"chr7","107028500","107028609","chr6","159074849","159074952","23","52046349"
"chr7","107031169","107031469","chr1","13633216","13633513","39","93397953"
"chr7","107032142","107032446","chr7","102264550","102264860","6","4767592"
"chr7","107081864","107082133","chr7","102314740","102315022","14","4767124"
"chr7","107169669","107169943","chr7","102405020","102405333","41","4764649"
"chr7","107179389","107179675","chr7","77001739","77002026","32","30177650"
"chr7","107234564","107234650","chr14","100673591","100673682","19","6560973"
"chr7","107248840","107249062","chr22","36366564","36366782","37","70882276"
"chr7","107282186","107282410","chr7","102516570","102516793","3","4765616"
"chr7","107292108","107292418","chr7","102526764","102527072","11","4765344"
"chr7","107344777","107345092","chr7","102580145","102580450","13","4764632"
"chr7","107345097","107345223","chr1","6844228","6844361","31","100500869"
"chr7","107348687","107348807","chr22","35041748","35041876","23","72306939"
"chr7","107402745","107403043","chr7","102638337","102638641","6","4764408"
"chr7","107405212","107405278","chr1","130379185","130379250","11","22973973"
"chr7","107405588","107405764","chr1","46731994","46732169","33","60673594"
"chr7","107411673","107411876","chr7","102647394","102647600","3","4764279"
"chr7","107430900","107431111","chr4","131278699","131278912","38","23847799"
"chr7","107438249","107438402","chr4","149843795","149843946","24","42405546"
"chr7","107456776","107456892","chr2B","207026815","207026935","27","99570039"
"chr7","107474876","107475164","chr7","102711086","102711375","3","4763790"
"chr7","107510711","107510994","chr9","101967670","101967956","37","5543041"
"chr7","107612570","107612730","chr17","75589264","75589422","30","32023306"
"chr7","107616412","107616713","chr7","102852052","102852358","5","4764360"
"chr7","107627311","107627441","chr7","104279025","104279156","2","3348286"
"chr7","107745569","107745875","chr7","104396773","104397081","2","3348796"
"chr7","107757818","107757947","chr1","6844228","6844361","20","100913590"
"chr7","107902517","107902794","chr7","104553697","104553975","2","3348820"
"chr7","107960146","107960349","chr5","32435553","32435771","48","75524593"
"chr7","108018503","108018798","chr7","104779629","104779948","27","3238874"
"chr7","108040509","108040796","chr7","104801719","104802008","3","3238790"
"chr7","108081338","108081456","chr5","172392908","172393028","26","64311570"
"chr7","108110111","108110218","chr2A","62538961","62539069","24","45571150"
"chr7","108121252","108121479","chrX","41391610","41391836","45","66729642"
"chr7","108123027","108123335","chr7","104884110","104884420","3","3238917"
"chr7","108296293","108296589","chr17","13917488","13917773","62","94378805"
"chr7","108650230","108650349","chr7","112797358","112797487","27","4147128"
"chr7","108650652","108650947","chr7","105414719","105415018","7","3235933"
"chr7","108689424","108689644","chr14","86971306","86971518","34","21718118"
"chr7","108772478","108772778","chr7","105539507","105539806","1","3232971"
"chr7","108954324","108954613","chr7","105721497","105721786","1","3232827"
"chr7","109131310","109131643","chr1","181586218","181586534","52","72454908"
"chr7","109183451","109183763","chr7","105949357","105949669","5","3234094"
"chr7","109200341","109200637","chr2A","63086723","63087016","34","46113618"
"chr7","109451470","109451777","chr7","106220531","106220845","10","3230939"
"chr7","109469188","109469451","chr7","106237798","106238061","6","3231390"
"chr7","109539796","109539890","chr4","64374920","64375013","25","45164876"
"chr7","109657252","109657346","chr12","12586014","12586108","18","97071238"
"chr7","109686500","109686784","chr7","106456562","106456846","3","3229938"
"chr7","109732514","109732780","chr6","111430994","111431261","47","1698480"
"chr7","109805989","109806292","chr7","106576640","106576947","4","3229349"
"chr7","109815915","109816215","chr7","106586584","106586884","1","3229331"
"chr7","109822603","109822903","chr7","106593122","106593427","6","3229481"
"chr7","109828619","109828901","chr7","106599145","106599432","7","3229474"
"chr7","109865970","109866279","chr7","106636569","106636878","2","3229401"
"chr7","109874905","109875203","chr7","6233139","6233436","40","103641766"
"chr7","110007939","110008267","chr7","106779379","106779700","9","3228560"
"chr7","110009896","110010140","chr9","110283577","110283818","54","273681"
"chr7","110019388","110019541","chr7","106790825","106790979","2","3228563"
"chr7","110045100","110045166","chr17","13384782","13384834","30","96660318"
"chr7","110084175","110084472","chr7","106858903","106859202","2","3225272"
"chr7","110090389","110090682","chr7","106865126","106865437","18","3225263"
"chr7","110130941","110131106","chr7","106905870","106906035","0","3225071"
"chr7","110146789","110147075","chr7","106922268","106922556","3","3224521"
"chr7","110154557","110154848","chr7","106929942","106930237","4","3224615"
"chr7","110196637","110196805","chr9","37039365","37039532","36","73157272"
"chr7","110197450","110197562","chr2B","199271339","199271453","23","89073889"
"chr7","110233169","110233474","chr7","107007124","107007433","4","3226045"
"chr7","110237394","110237704","chr7","107011467","107011783","8","3225927"
"chr7","110282612","110282925","chr7","107058195","107058510","6","3224417"
"chr7","110380907","110381218","chr7","107157385","107157695","6","3223522"
"chr7","110386634","110386793","chr13","26988435","26988596","34","83398199"
"chr7","110448573","110448874","chr7","107225138","107225440","2","3223435"
"chr7","110672133","110672433","chr7","107449673","107449974","2","3222460"
"chr7","110673011","110673303","chr7","107450552","107450847","3","3222459"
"chr7","110740120","110740410","chr7","107517819","107518113","5","3222301"
"chr7","110793752","110794050","chr14","95919954","95920251","35","14873798"
"chr7","110825753","110825974","chr7","107604201","107604423","3","3221552"
"chr7","110826346","110826630","chr7","107604793","107605080","5","3221553"
"chr7","110855254","110855309","chr1","33246348","33246407","15","77608906"
"chr7","111003064","111003372","chr7","107781839","107782141","6","3221225"
"chr7","111312569","111312865","chr7","130462603","130462897","51","19150034"
"chr7","111382097","111382384","chr7","108161678","108161972","7","3220419"
"chr7","111496643","111496759","chr5","172392908","172393028","28","60896265"
"chr7","111552088","111552377","chr8","100690325","100690609","41","10861763"
"chr7","111579748","111580052","chr7","108359601","108359907","5","3220147"
"chr7","111635456","111635731","chr1","68112522","68112798","63","43522934"
"chr7","111707626","111707913","chr7","108487520","108487807","0","3220106"
"chr7","111719838","111720147","chr6","84646490","84646799","40","27073348"
"chr7","111805412","111805702","chr7","23999340","23999633","37","87806072"
"chr7","111847980","111848292","chr19","44654539","44654847","37","67193441"
"chr7","111900192","111900488","chr7","108683147","108683443","0","3217045"
"chr7","111902132","111902428","chr7","108685089","108685386","1","3217043"
"chr7","111932131","111932293","chrX","15935692","15935847","33","95996439"
"chr7","112031559","112031716","chr7","108815433","108815590","1","3216126"
"chr7","112033560","112033720","chrX","155632548","155632709","24","43598988"
"chr7","112126769","112127076","chr7","108910580","108910887","1","3216189"
"chr7","112357200","112357305","chr5","172392908","172393028","28","60035708"
"chr7","112521333","112521629","chr2A","88339562","88339855","39","24181771"
"chr7","112521675","112521975","chr7","109306546","109306858","15","3215129"
"chr7","112612444","112612762","chr7","109397994","109398301","28","3214450"
"chr7","112712537","112712821","chr7","109499563","109499883","38","3212974"
"chr7","112779779","112780060","chr7","109567549","109567835","7","3212230"
"chr7","112956833","112957125","chr7","109744072","109744370","8","3212761"
"chr7","113117050","113117300","chr7","109907962","109908212","5","3209088"
"chr7","113153240","113153552","chr7","109943289","109943604","7","3209951"
"chr7","113166380","113166511","chr1","6844228","6844361","29","106322152"
"chr7","113221116","113221426","chr7","110012206","110012516","5","3208910"
"chr7","113497990","113498294","chr7","110289939","110290243","0","3208051"
"chr7","113601191","113601293","chr14","100673591","100673682","28","12927600"
"chr7","113622119","113622367","chr7","110414246","110414501","11","3207873"
"chr7","113661001","113661186","chr7","110455404","110455588","3","3205597"
"chr7","113686950","113687241","chr7","110481375","110481666","2","3205575"
"chr7","114202787","114203082","chr7","110996832","110997137","13","3205955"
"chr7","114529480","114529757","chr15","53319808","53320090","51","61209672"
"chr7","114785223","114785512","chr2A","88339562","88339855","51","26445661"
"chr7","114870671","114870945","chr7","111664551","111664825","5","3206120"
"chr7","114979512","114979798","chr7","111774562","111774853","7","3204950"
"chr7","115011379","115011644","chr4","141001385","141001652","31","25990006"
"chr7","115190184","115190397","chr7","111987092","111987305","0","3203092"
"chr7","115348282","115348483","chr7","112145404","112145616","12","3202878"
"chr7","115528609","115528915","chr7","112325011","112325319","3","3203598"
"chr7","115637478","115637760","chr19","62230269","62230553","37","53407209"
"chr7","115728767","115729067","chr1","26517476","26517776","56","89211291"
"chr7","115755806","115756113","chr21","18113674","18113983","39","97642132"
"chr7","115771951","115772257","chr7","112567435","112567752","12","3204516"
"chr7","115990536","115990665","chr7","112797358","112797487","1","3193178"
"chr7","116072482","116072778","chr7","112879553","112879854","7","3192929"
"chr7","116286279","116286570","chr7","113094840","113095132","1","3191439"
"chr7","116528348","116528505","chr15","63981158","63981317","25","52547190"
"chr7","116726326","116726623","chr7","113535667","113535963","1","3190659"
"chr7","116778874","116779175","chr7","113588519","113588824","6","3190355"
"chr7","116896470","116896765","chr7","113706269","113706565","2","3190201"
"chr7","116951012","116951298","chr7","113760790","113761079","7","3190222"
"chr7","117119955","117120249","chr7","113929884","113930180","2","3190071"
"chr7","117177650","117177957","chr9","35584033","35584333","16","81593617"
"chr7","117236651","117236945","chr7","114046668","114046967","6","3189983"
"chr7","117267802","117267941","chr2A","32693701","32693835","26","84574101"
"chr7","117342139","117342358","chr7","114165226","114165445","3","3176913"
"chr7","117347865","117348155","chr7","114159423","114159714","5","3188442"
"chr7","117367265","117367380","chr2B","205936995","205937106","20","88569730"
"chr7","117768166","117768311","chr6","145351826","145351977","30","27583660"
"chr7","117944120","117944418","chr7","114765081","114765379","1","3179039"
"chr7","118209686","118209969","chr7","115032115","115032397","1","3177571"
"chr7","118339967","118340277","chr7","115162510","115162820","2","3177457"
"chr7","118356443","118356655","chr5","76266656","76266847","46","42089787"
"chr7","118378767","118379046","chr7","115201266","115201553","10","3177501"
"chr7","118540291","118540598","chr7","115363764","115364071","0","3176527"
"chr7","118633199","118633492","chr7","115456880","115457158","17","3176319"
"chr7","118685166","118685260","chr1","160944586","160944680","16","42259420"
"chr7","118689477","118689767","chr7","115513168","115513460","2","3176309"
"chr7","119239437","119239673","chr7","116057791","116058026","1","3181646"
"chr7","119405092","119405395","chr7","116223835","116224136","3","3181257"
"chr7","119751537","119751839","chr7","116571575","116571881","4","3179962"
"chr7","119856755","119856837","chr11","8774884","8774956","16","111081871"
"chr7","120390690","120390977","chr7","117210404","117210691","1","3180286"
"chr7","120448958","120449256","chr4","130547535","130547834","29","10098577"
"chr7","120549806","120549962","chr11","74831388","74831549","27","45718418"
"chr7","120664818","120665001","chr7","117485416","117485601","4","3179402"
"chr7","120693328","120693583","chr7","117513964","117514221","3","3179364"
"chr7","120793218","120793263","chr10","27042861","27042906","12","93750357"
"chr7","120852077","120852380","chr7","117672938","117673243","2","3179139"
"chr7","120917987","120918283","chrX","97543630","97543922","33","23374357"
"chr7","121064056","121064353","chr7","117885379","117885687","13","3178677"
"chr7","121093407","121093599","chr10","94362436","94362625","29","26730971"
"chr7","121202685","121202947","chr4","32863955","32864217","37","88338730"
"chr7","121536583","121536882","chr7","118359747","118360047","1","3176836"
"chr7","121537989","121538132","chr1","20767343","20767488","21","100770646"
"chr7","121578925","121579181","chr5","164809708","164809967","62","43230783"
"chr7","121585267","121585551","chr7","118408508","118408793","3","3176759"
"chr7","121594903","121595201","chr8","97056137","97056432","45","24538766"
"chr7","121824251","121824422","chr15","87173355","87173524","23","34650896"
"chr7","121928119","121928253","chr5","172392908","172393028","28","50464789"
"chr7","122396606","122396907","chr7","119220512","119220813","3","3176094"
"chr7","122490858","122491174","chr7","119314989","119315304","7","3175869"
"chr7","122602906","122603204","chr7","119433999","119434296","5","3168907"
"chr7","122642315","122642610","chr7","119476423","119476724","8","3165892"
"chr7","122708910","122709208","chr1","46206789","46207086","42","76502121"
"chr7","122949475","122949765","chr7","119783408","119783698","3","3166067"
"chr7","123048874","123049024","chr7","119882850","119883002","2","3166024"
"chr7","123075967","123076118","chr7","119909730","119909884","4","3166237"
"chr7","123363197","123363387","chr10","116873459","116873650","39","6489738"
"chr7","123662378","123662632","chr7","120505210","120505475","12","3157168"
"chr7","123754558","123754662","chr2B","199271339","199271453","23","75516781"
"chr7","124611250","124611545","chr7","121457535","121457832","7","3153715"
"chr7","124677429","124677737","chr7","121524016","121524326","6","3153413"
"chr7","124832784","124832929","chr10","106630574","106630719","26","18202210"
"chr7","125123787","125123889","chr19","57751584","57751683","17","67372203"
"chr7","125268166","125268454","chr7","122106465","122106753","2","3161701"
"chr7","125269863","125270134","chr7","122108162","122108430","8","3161701"
"chr7","125311430","125311741","chr7","122150554","122150867","5","3160876"
"chr7","125475354","125475641","chr1","14360823","14361113","42","111114531"
"chr7","125560210","125560260","chr5","118994912","118994958","16","6565298"
"chr7","125753126","125753427","chr7","122593808","122594111","4","3159318"
"chr7","125784499","125784797","chr7","122625265","122625563","3","3159234"
"chr7","125815698","125815783","chr3","181238196","181238292","19","55422498"
"chr7","125887452","125887533","chr8","46091691","46091777","17","79795761"
"chr7","126292856","126293056","chr7","123133138","123133339","1","3159718"
"chr7","126453723","126454033","chr7","123291889","123292204","11","3161834"
"chr7","126621284","126621583","chr7","123457176","123457478","4","3164108"
"chr7","126624783","126625070","chr7","123460680","123460989","22","3164103"
"chr7","126658196","126658477","chr7","123494074","123494355","0","3164122"
"chr7","126670193","126670477","chr7","123506420","123506704","3","3163773"
"chr7","127254097","127254397","chr7","124092133","124092434","2","3161964"
"chr7","127363825","127364116","chr3","136595042","136595336","56","9231217"
"chr7","127588569","127588870","chr7","124427921","124428223","2","3160648"
"chr7","127652000","127652119","chr2B","207026815","207026935","29","79374815"
"chr7","127827286","127827639","chr3","42507637","42507975","98","85319649"
"chr7","127853469","127853736","chr7","124690971","124691241","3","3162498"
"chr7","128163258","128163591","chr7","125003001","125003341","7","3160257"
"chr7","128218582","128218685","chr13","31901269","31901373","20","96317313"
"chr7","128295649","128295963","chr7","125136649","125136962","2","3159000"
"chr7","128404171","128404427","chr7","125245240","125245496","4","3158931"
"chr7","128548124","128548426","chrX","71804769","71805072","36","56743355"
"chr7","128592376","128592650","chr7","125434923","125435197","0","3157453"
"chr7","128599103","128599200","chr14","100673591","100673682","29","27925512"
"chr7","128660033","128660346","chr7","125502745","125503054","5","3157288"
"chr7","128719983","128720169","chrX","87941896","87942074","41","40778087"
"chr7","128901794","128902156","chr4","17426702","17427066","81","111475092"
"chr7","128976439","128976707","chr7","125826811","125827079","2","3149628"
"chr7","129159945","129160259","chr7","126006315","126006629","0","3153630"
"chr7","129431232","129431528","chr7","126284343","126284637","2","3146889"
"chr7","129608623","129608916","chr7","126463070","126463372","17","3145553"
"chr7","129617307","129617591","chr7","126471763","126472060","17","3145544"
"chr7","129842411","129842704","chr7","126705731","126706026","3","3136680"
"chr7","129980089","129980214","chr12","110328271","110328400","26","19651818"
"chr7","129981202","129981369","chr21","29016060","29016232","25","100965142"
"chr7","130157634","130157905","chr7","127024242","127024507","6","3133392"
"chr7","130342952","130343257","chr7","127207501","127207815","15","3135451"
"chr7","130452858","130453166","chr7","127317777","127318088","5","3135081"
"chr7","130497244","130497398","chr7","127362217","127362371","0","3135027"
"chr7","130620360","130620411","chr18","55255830","55255879","16","75364530"
"chr7","130666211","130666535","chr7","127531240","127531560","5","3134971"
"chr7","131037764","131037889","chr8","26723415","26723536","22","104314349"
"chr7","132117023","132117263","chr7","129005172","129005416","4","3111851"
"chr7","132120017","132120325","chr7","129008171","129008479","1","3111846"
"chr7","132247994","132248290","chr7","129136163","129136459","1","3111831"
"chr7","132341358","132341668","chr7","129229724","129230035","2","3111634"
"chr7","132640453","132640768","chr7","129529435","129529757","10","3111018"
"chr7","132975072","132975365","chr7","129865030","129865326","10","3110042"
"chr7","133000002","133000096","chr9","75000001","75000095","9","58000001"
"chr7","133016502","133016553","chr4","51756017","51756071","8","81260485"
"chr7","133159758","133160072","chr16","89826576","89826887","50","43333182"
"chr7","133186097","133186282","chr1","44129547","44129729","24","89056550"
"chr7","133219460","133219751","chr14","51603663","51603969","65","81615797"
"chr7","133407131","133407338","chr7","130411888","130412095","0","2995243"
"chr7","133434433","133434771","chr7","130439299","130439635","3","2995134"
"chr7","133560326","133560628","chr7","130559599","130559897","4","3000727"
"chr7","133562177","133562294","chr2B","199271339","199271453","26","65709162"
"chr7","133583995","133584324","chr7","130583252","130583583","2","3000743"
"chr7","133722075","133722371","chr7","130717354","130717654","7","3004721"
"chr7","133748490","133748786","chr7","130743877","130744176","3","3004613"
"chr7","133765437","133765572","chr1","6844228","6844361","32","126921209"
"chr7","133892079","133892339","chr7","130889396","130889677","21","3002683"
"chr7","133898026","133898334","chr7","130895378","130895702","18","3002648"
"chr7","133975015","133975318","chr7","130972942","130973237","10","3002073"
"chr7","134007202","134007392","chr20","25373433","25373622","31","108633769"
"chr7","134050285","134050393","chr6","159074849","159074952","19","25024564"
"chr7","134130499","134130787","chr7","131126026","131126323","11","3004473"
"chr7","134164419","134164579","chr1","54397545","54397708","31","79766874"
"chr7","134177413","134177707","chr1","129337688","129337979","42","4839725"
"chr7","134247362","134247489","chr21","2516680","2516816","24","131730682"
"chr7","134298136","134298455","chr7","131293253","131293572","4","3004883"
"chr7","134300675","134300956","chr7","131295753","131296062","30","3004922"
"chr7","134335509","134335629","chr2A","62538961","62539069","28","71796548"
"chr7","134415519","134415650","chr1","66769333","66769460","15","67646186"
"chr7","134424354","134424663","chr7","131421391","131421726","28","3002963"
"chr7","134428169","134428274","chr6","159074849","159074952","22","24646680"
"chr7","134458186","134458317","chr5","172392908","172393028","26","37934722"
"chr7","134468627","134468940","chr14","30052241","30052556","40","104416386"
"chr7","134473885","134474192","chr7","131472618","131472927","3","3001267"
"chr7","134479290","134479389","chr3","181238196","181238292","27","46758906"
"chr7","134484531","134484818","chr7","131482760","131483050","5","3001771"
"chr7","134485889","134485982","chr12","12586014","12586108","17","121899875"
"chr7","134486636","134486758","chr22","35041748","35041876","30","99444888"
"chr7","134520473","134520726","chr7","131519541","131519795","1","3000932"
"chr7","134534506","134534802","chr7","131533488","131533788","5","3001018"
"chr7","134592348","134592515","chr7","131591515","131591679","4","3000833"
"chr7","134592559","134592730","chr7","131591722","131591893","0","3000837"
"chr7","134607651","134607940","chr5","113363744","113364031","29","21243907"
"chr7","134611295","134611563","chr4","66623464","66623736","50","67987831"
"chr7","134642569","134642864","chr7","131641451","131641746","1","3001118"
"chr7","134717239","134717385","chr14","96102368","96102516","29","38614871"
"chr7","134717688","134717703","chr1","28547144","28547162","7","106170544"
"chr7","134719578","134719868","chr7","131721152","131721444","3","2998426"
"chr7","134789900","134790026","chr5","172392908","172393028","23","37603008"
"chr7","134792175","134792343","chr19","59810499","59810662","23","74981676"
"chr7","134866264","134866413","chr8","92789181","92789323","22","42077083"
"chr7","134872778","134873073","chr7","131874741","131875037","2","2998037"
"chr7","134961060","134961105","chr11","7916638","7916681","14","127044422"
"chr7","135103331","135103643","chr7","132106464","132106772","16","2996867"
"chr7","135111086","135111378","chr7","132114217","132114517","10","2996869"
"chr7","135139837","135140133","chr7","132145380","132145676","2","2994457"
"chr7","135144905","135145230","chr7","132150466","132150777","14","2994439"
"chr7","135194931","135195214","chr6","46476484","46476767","37","88718447"
"chr7","135236243","135236557","chr7","132242380","132242696","4","2993863"
"chr7","135341106","135341201","chr9","127692872","127692963","26","7648234"
"chr7","135343459","135343688","chr5","166474460","166474685","49","31131001"
"chr7","135503425","135503704","chr7","132509803","132510104","23","2993622"
"chr7","135596501","135596786","chr9","37655366","37655651","28","97941135"
"chr7","135596813","135596834","chr1","28547144","28547162","7","107049669"
"chr7","135622660","135622954","chr7","132630169","132630462","1","2992491"
"chr7","135644600","135644896","chr7","132652119","132652415","0","2992481"
"chr7","135676568","135676727","chr7","132685349","132685507","2","2991219"
"chr7","135722738","135723040","chr7","132731335","132731637","1","2991403"
"chr7","135750511","135750792","chr3","11406925","11407210","44","124343586"
"chr7","135759509","135759737","chr7","132768152","132768379","3","2991357"
"chr7","135905631","135905930","chr7","132916762","132917061","2","2988869"
"chr7","136002218","136002500","chr7","133013656","133013938","2","2988562"
"chr7","136040940","136041255","chr7","133052737","133053049","4","2988203"
"chr7","136075775","136076082","chr7","133087350","133087660","7","2988425"
"chr7","136102177","136102466","chr7","133113762","133114054","3","2988415"
"chr7","136125002","136125281","chr7","133141914","133142194","1","2983088"
"chr7","136130575","136130881","chr7","133144748","133145055","3","2985827"
"chr7","136136770","136136869","chr3","181238196","181238292","21","45101426"
"chr7","136172574","136172883","chrX","97258132","97258440","41","38914442"
"chr7","136175589","136175887","chr4","161667646","161667944","35","25492057"
"chr7","136311859","136312135","chr7","133327018","133327294","2","2984841"
"chr7","136474222","136474352","chr19","3325372","3325502","12","133148850"
"chr7","136499634","136499910","chr7","133515291","133515603","37","2984343"
"chr7","136594056","136594365","chr7","133606565","133606868","6","2987491"
"chr7","137325108","137325401","chr7","134335410","134335707","7","2989698"
"chr7","137356665","137356811","chr4","115885085","115885224","21","21471580"
"chr7","137443998","137444294","chr7","134454397","134454693","1","2989601"
"chr7","137492469","137492537","chr17","4261422","4261478","24","133231047"
"chr7","137493516","137493639","chr8","26723415","26723536","17","110770101"
"chr7","137582766","137583065","chr7","134593710","134594020","25","2989056"
"chr7","137588216","137588500","chr7","134599174","134599458","1","2989042"
"chr7","137628116","137628199","chr9","96193885","96193980","20","41434231"
"chr7","137698012","137698223","chr6","53851640","53851842","31","83846372"
"chr7","137784221","137784522","chr7","134796790","134797092","1","2987431"
"chr7","138228826","138229117","chr7","135242434","135242725","0","2986392"
"chr7","138341298","138341576","chr7","135355358","135355636","0","2985940"
"chr7","138369594","138369897","chr7","135383684","135383986","4","2985910"
"chr7","138409622","138409935","chr7","135423644","135423956","5","2985978"
"chr7","138413980","138414266","chr5","161139159","161139437","39","22725179"
"chr7","138523121","138523416","chr7","12438576","12438871","29","126084545"
"chr7","138525617","138525905","chr7","135541449","135541717","22","2984168"
"chr7","138699523","138699827","chr7","135715806","135716117","12","2983717"
"chr7","138771121","138771351","chr7","135787374","135787604","0","2983747"
"chr7","138819917","138820035","chr8","26723415","26723536","21","112096502"
"chr7","138935478","138935771","chr7","135951860","135952155","4","2983618"
"chr7","138983420","138983731","chr1","10063605","10063905","38","128919815"
"chr7","139006946","139007108","chr7","136023406","136023568","0","2983540"
"chr7","139037182","139037467","chr7","136053760","136054046","2","2983422"
"chr7","139045273","139045423","chr7","136062084","136062232","2","2983189"
"chr7","139060804","139060964","chrX","155632548","155632709","27","16571744"
"chr7","139061629","139061930","chr7","136078480","136078781","4","2983149"
"chr7","139179119","139179415","chr7","136196765","136197061","1","2982354"
"chr7","139221257","139221545","chr2B","120003575","120003866","45","19217682"
"chr7","139306879","139307187","chr7","136324752","136325056","8","2982127"
"chr7","139434944","139435146","chr16","29088164","29088361","34","110346780"
"chr7","139496907","139497210","chr7","136514795","136515091","9","2982112"
"chr7","139502181","139502495","chr7","136520058","136520385","17","2982123"
"chr7","139542986","139543292","chr7","136561036","136561347","5","2981950"
"chr7","139619491","139619611","chr2B","205936995","205937106","29","66317504"
"chr7","139745409","139745687","chr7","136765459","136765737","1","2979950"
"chr7","139753798","139754098","chr17","63252635","63252932","34","76501163"
"chr7","139787346","139787639","chrX","45111164","45111464","38","94676182"
"chr7","139842662","139842949","chr7","136863411","136863699","3","2979251"
"chr7","139915224","139915501","chr7","136936079","136936355","3","2979145"
"chr7","139937530","139937619","chr13","108019422","108019512","17","31918108"
"chr7","139943411","139943641","chr1","28299088","28299311","44","111644323"
"chr7","139969210","139969311","chr14","100673591","100673682","29","39295619"
"chr7","139983301","139983593","chr7","137005414","137005706","2","2977887"
"chr7","139989411","139989698","chr2B","114490997","114491288","26","25498414"
"chr7","139991508","139991554","chr10","27042861","27042906","10","112948647"
"chr7","139999536","139999842","chr7","137021823","137022128","2","2977713"
"chr7","140027481","140027553","chr1","130379185","130379250","15","9648296"
"chr7","140032108","140032404","chr7","137051778","137052076","4","2980330"
"chr7","140168344","140168456","chr3","181144080","181144190","13","40975736"
"chr7","140255716","140255982","chr7","137277791","137278057","3","2977925"
"chr7","140362794","140363066","chr7","137385195","137385468","4","2977599"
"chr7","140447980","140448283","chr7","137470403","137470709","7","2977577"
"chr7","140451246","140451447","chr10","120372580","120372761","47","20078666"
"chr7","140452736","140453034","chr7","137475149","137475452","7","2977587"
"chr7","140774188","140774492","chr7","137798179","137798487","13","2976009"
"chr7","140829159","140829406","chr17","76844768","76845014","36","63984391"
"chr7","140864904","140865215","chr7","137889807","137890118","1","2975097"
"chr7","141119243","141119534","chr3","140302327","140302615","34","816916"
"chr7","141148777","141149060","chr7","138173965","138174276","28","2974812"
"chr7","141263975","141264061","chr3","181238196","181238292","25","39974221"
"chr7","141992004","141992172","chr19","3832753","3832920","30","138159251"
"chr7","142028738","142029058","chr7","139059490","139059800","12","2969248"
"chr7","142038828","142039126","chr19","12770598","12770893","35","129268230"
"chr7","142085155","142085463","chr7","139116263","139116575","10","2968892"
"chr7","142289689","142289973","chr7","139320788","139321073","3","2968901"
"chr7","142338625","142338923","chr7","139370289","139370586","2","2968336"
"chr7","142355471","142355645","chr4","40599988","40600158","27","101755483"
"chr7","142359703","142359869","chr3","118483084","118483246","28","23876619"
"chr7","142365664","142365768","chr6","159074849","159074952","18","16709185"
"chr7","142380283","142380606","chr7","139412367","139412669","21","2967916"
"chr7","142483822","142484105","chr14","96143022","96143296","43","46340800"
"chr7","142486435","142486743","chr7","139526485","139526794","4","2959950"
"chr7","142568173","142568462","chr1","220061192","220061481","63","77493019"
"chr7","142614270","142614448","chr12","35035076","35035244","35","107579194"
"chr7","142638215","142638492","chr7","139678947","139679229","5","2959268"
"chr7","142650403","142650699","chr7","139691619","139691918","3","2958784"
"chr7","142676226","142676392","chr7","139717802","139717968","0","2958424"
"chr7","142679000","142679314","chr7","139720573","139720891","8","2958427"
"chr7","142693157","142693319","chr3","128537607","128537770","30","14155550"
"chr7","142693424","142693724","chr7","139735127","139735428","1","2958297"
"chr7","142721079","142721369","chr7","139762756","139763047","6","2958323"
"chr7","142742205","142742305","chr14","100673591","100673682","26","42068614"
"chr7","142789081","142789385","chr7","139831535","139831839","0","2957546"
"chr7","142824867","142825164","chr7","139866851","139867150","4","2958016"
"chr7","142869069","142869369","chr7","139910946","139911246","2","2958123"
"chr7","142914936","142915013","chr11","8774884","8774956","21","134140052"
"chr7","142960487","142960796","chr7","140002285","140002594","4","2958202"
"chr7","142961475","142961773","chr7","140003265","140003565","6","2958210"
"chr7","142998716","142998970","chr7","140040567","140040834","16","2958149"
"chr7","142999378","142999454","chr3","27665315","27665404","30","115334063"
"chr7","143046868","143047171","chr7","140089141","140089446","3","2957727"
"chr7","143147001","143147289","chr7","140192918","140193206","0","2954083"
"chr7","143154978","143155152","chr4","26666455","26666626","27","116488523"
"chr7","143285828","143286125","chr7","140330707","140331003","5","2955121"
"chr7","143440281","143440374","chr14","100673591","100673682","23","42766690"
"chr7","143476695","143476776","chr14","100673591","100673682","22","42803104"
"chr7","143493269","143493570","chr7","140537602","140537909","7","2955667"
"chr7","143591310","143591621","chr7","140636563","140636872","6","2954747"
"chr7","143597678","143597982","chr7","140642939","140643245","2","2954739"
"chr7","143639668","143639840","chr1","12099448","12099619","37","131540220"
"chr7","143640551","143640745","chr7","146110015","146110212","25","2469464"
"chr7","143654041","143654176","chr17","12938398","12938529","30","130715643"
"chr7","143690474","143690782","chr7","140736949","140737259","3","2953525"
"chr7","143722689","143723024","chr7","140769485","140769823","4","2953204"
"chr7","143749805","143749945","chr7","140796508","140796652","7","2953297"
"chr7","143770056","143770221","chr16","52094006","52094177","23","91676050"
"chr7","143809484","143809546","chr1","27390807","27390868","11","116418677"
"chr7","143838526","143838825","chr7","140886249","140886549","5","2952277"
"chr7","143863444","143863544","chr3","181238196","181238292","31","37374752"
"chr7","143883153","143883456","chr7","140930863","140931168","5","2952290"
"chr7","143911902","143912208","chr7","140959293","140959602","7","2952609"
"chr7","143916853","143916896","chr19","50868393","50868436","7","93048460"
"chr7","143946524","143946622","chr20","16652596","16652702","26","127293928"
"chr7","143976791","143977054","chr7","141024383","141024685","39","2952408"
"chr7","144003051","144003360","chr2B","207298178","207298480","41","63295127"
"chr7","144030191","144030492","chr17","49492370","49492672","49","94537821"
"chr7","144200588","144200872","chr10","102117428","102117720","44","42083160"
"chr7","144226820","144227100","chr7","141274841","141275125","4","2951979"
"chr7","144259453","144259752","chr7","141307818","141308123","11","2951635"
"chr7","144371407","144371614","chr2B","159028415","159028619","32","14657008"
"chr7","144385306","144385387","chr14","100673591","100673682","26","43711715"
"chr7","144497873","144497971","chr20","16652596","16652702","20","127845277"
"chr7","144501486","144501648","chr7","82359185","82359357","35","62142301"
"chr7","144535871","144536175","chr7","141591872","141592181","9","2943999"
"chr7","144606132","144606302","chr1","7597578","7597742","24","137008554"
"chr7","144777971","144778194","chrX","5177031","5177234","86","139600940"
"chr7","144778483","144778650","chr6","42414698","42414867","20","102363785"
"chr7","144832175","144832419","chr7","109907962","109908212","52","34924213"
"chr7","144841247","144841414","chr18","16129447","16129614","21","128711800"
"chr7","144936817","144936915","chr12","12586014","12586108","20","132350803"
"chr7","144975185","144975477","chr7","142040669","142040961","1","2934516"
"chr7","145033141","145033444","chr7","142099912","142100189","32","2933229"
"chr7","145039258","145039361","chr2B","142240066","142240170","27","2799192"
"chr7","145040321","145040453","chr1","6844228","6844361","20","138196093"
"chr7","145064957","145065263","chr7","142132269","142132574","3","2932688"
"chr7","145066254","145066544","chr8","58553140","58553431","34","86513114"
"chr7","145151114","145151423","chr7","142219221","142219531","7","2931893"
"chr7","145159585","145159684","chr2B","142240066","142240170","29","2919519"
"chr7","145202170","145202466","chr7","142270350","142270649","3","2931820"
"chr7","145207649","145207760","chr4","165393701","165393818","18","20186052"
"chr7","145243658","145243741","chr10","4431800","4431887","32","140811858"
"chr7","145252503","145252808","chr7","142320651","142320957","4","2931852"
"chr7","145296613","145296887","chr7","142364820","142365108","14","2931793"
"chr7","145379135","145379424","chr7","142447228","142447516","3","2931907"
"chr7","145402566","145402730","chr7","142471132","142471289","11","2931434"
"chr7","145454052","145454194","chr11","64963873","64964022","26","80490179"
"chr7","145747717","145748014","chr7","142817783","142818085","7","2929934"
"chr7","145833295","145833612","chr7","142903465","142903763","24","2929830"
"chr7","145912192","145912495","chr7","142982175","142982478","0","2930017"
"chr7","145923876","145924169","chr7","142994003","142994302","6","2929873"
"chr7","146064669","146064948","chr7","143135141","143135443","23","2929528"
"chr7","146121775","146121945","chr14","49216011","49216187","28","96905764"
"chr7","146218913","146218997","chr14","100673591","100673682","17","45545322"
"chr7","146422380","146422682","chr7","143492237","143492540","2","2930143"
"chr7","146516293","146516594","chr7","143584950","143585247","4","2931343"
"chr7","146703496","146703785","chr7","143772801","143773093","9","2930695"
"chr7","146744403","146744705","chr5","133214691","133214991","35","13529712"
"chr7","147081561","147081849","chr7","144149027","144149315","3","2932534"
"chr7","147171412","147171708","chr7","144233455","144233754","3","2937957"
"chr7","147264653","147264969","chr7","144327316","144327629","3","2937337"
"chr7","147266896","147267194","chr9","112292942","112293241","32","34973954"
"chr7","147403145","147403446","chr7","144466628","144466929","0","2936517"
"chr7","147553354","147553665","chr7","144616840","144617157","11","2936514"
"chr7","147606270","147606546","chr7","144669824","144670100","1","2936446"
"chr7","147746302","147746603","chr7","144809356","144809659","4","2936946"
"chr7","147762550","147762841","chr7","107821440","107821727","49","39941110"
"chr7","147764017","147764285","chr6","42200745","42201013","58","105563272"
"chr7","147775571","147775861","chr7","144839074","144839364","2","2936497"
"chr7","147823272","147823563","chr7","144887476","144887797","30","2935796"
"chr7","147878326","147878634","chr1","21949805","21950110","30","125928521"
"chr7","147917055","147917362","chr7","144981692","144981998","8","2935363"
"chr7","147952682","147952975","chr7","145017418","145017711","1","2935264"
"chr7","148000001","148000166","chr1","122052547","122052705","26","25947454"
"chr7","148097081","148097375","chr7","145162063","145162356","3","2935018"
"chr7","148221220","148221374","chr7","145286443","145286596","6","2934777"
"chr7","148314774","148315080","chr7","145380098","145380404","1","2934676"
"chr7","148424820","148425110","chr2A","63086723","63087016","32","85338097"
"chr7","148724718","148724895","chr18","50259282","50259463","39","98465436"
"chr7","148820193","148820289","chr1","160944586","160944680","16","12124393"
"chr7","148842105","148842285","chr12","40741439","40741620","36","108100666"
"chr7","148941989","148942088","chr20","16652596","16652702","30","132289393"
"chr7","149036952","149037246","chr7","146105068","146105368","6","2931884"
"chr7","149041869","149042066","chr7","146110015","146110212","0","2931854"
"chr7","149045587","149045681","chr22","33938435","33938535","16","115107152"
"chr7","149053300","149053616","chr7","146122658","146122979","13","2930642"
"chr7","149112844","149113136","chr7","146181825","146182123","6","2931019"
"chr7","149113979","149114277","chr5","50271359","50271650","46","98842620"
"chr7","149148141","149148262","chr5","14809292","14809412","11","134338849"
"chr7","149210437","149210743","chr17","46705933","46706235","34","102504504"
"chr7","149250599","149250884","chr5","57162058","57162339","38","92088541"
"chr7","149304396","149304543","chr15","91534991","91535139","29","57769405"
"chr7","149390521","149390627","chr6","159074849","159074952","16","9684328"
"chr7","149493390","149493676","chr7","146560698","146560985","5","2932692"
"chr7","149557399","149557693","chr7","146624604","146624897","2","2932795"
"chr7","149688054","149688342","chr7","146755200","146755489","1","2932854"
"chr7","149792579","149792882","chr7","146860752","146861044","12","2931827"
"chr7","150100003","150100146","chr17","57925753","57925896","25","92174250"
"chr7","150100857","150101146","chr7","147167077","147167367","2","2933780"
"chr7","150212357","150212617","chr7","147285753","147286013","0","2926604"
"chr7","150261174","150261508","chr6","37326004","37326328","42","112935170"
"chr7","150400440","150400740","chr7","147474583","147474886","5","2925857"
"chr7","150472750","150473052","chr7","147547278","147547580","0","2925472"
"chr7","150493458","150493684","chr7","147567991","147568216","4","2925467"
"chr7","150715529","150715646","chr5","172392908","172393028","34","21677379"
"chr7","150763078","150763396","chr7","147838458","147838774","4","2924620"
"chr7","150794599","150794861","chr7","147870282","147870533","11","2924317"
"chr7","150882025","150882310","chr7","147958175","147958463","12","2923850"
"chr7","150906824","150907129","chr17","56097056","56097353","35","94809768"
"chr7","151259227","151259447","chr7","156184570","156184783","32","4925343"
"chr7","151280267","151280539","chr7","148362321","148362595","5","2917946"
"chr7","151419045","151419342","chr7","148501910","148502217","11","2917135"
"chr7","151514768","151514894","chr17","11959483","11959618","27","139555285"
"chr7","151608662","151608949","chr7","148691564","148691860","11","2917098"
"chr7","151667382","151667681","chr7","148750675","148750974","1","2916707"
"chr7","151738760","151738886","chr16","73743066","73743197","33","77995694"
"chr7","151834130","151834430","chr6","53201637","53201933","44","98632493"
"chr7","151847912","151848204","chr7","66849030","66849321","27","84998882"
"chr7","151996405","151996531","chr7","149081479","149081605","0","2914926"
"chr7","152027111","152027408","chr7","149112367","149112664","1","2914744"
"chr7","152208416","152208713","chr7","149294900","149295197","4","2913516"
"chr7","152349462","152349753","chr7","149436275","149436583","23","2913187"
"chr7","152498094","152498400","chr7","149585462","149585769","2","2912632"
"chr7","152506187","152506481","chr7","149593587","149593881","4","2912600"
"chr7","152554811","152555157","chr22","39673638","39673969","57","112881173"
"chr7","152571373","152571685","chr7","149659535","149659848","3","2911838"
"chr7","152581455","152581766","chr7","149669576","149669887","5","2911879"
"chr7","152585004","152585292","chr7","149673141","149673428","1","2911863"
"chr7","152585367","152585470","chr3","181238196","181238292","21","28652829"
"chr7","152612192","152612314","chr8","26723415","26723536","27","125888777"
"chr7","152664442","152664772","chr4","168079483","168079811","46","15415041"
"chr7","152849535","152849642","chr2B","205936995","205937106","23","53087460"
"chr7","152883562","152883783","chr8","78734756","78734973","46","74148806"
"chr7","152914442","152914746","chr7","150002806","150003115","6","2911636"
"chr7","152991331","152991630","chr3","142809803","142810102","33","10181528"
"chr7","153012786","153013075","chr7","150101500","150101793","5","2911286"
"chr7","153049454","153049694","chr15","91185445","91185685","37","61864009"
"chr7","153105084","153105380","chr7","150194948","150195244","0","2910136"
"chr7","153124527","153124821","chr10","93391235","93391531","37","59733292"
"chr7","153126794","153127078","chr7","150216529","150216829","17","2910265"
"chr7","153144334","153144641","chr7","150235858","150236166","1","2908476"
"chr7","153159565","153159698","chr19","16572394","16572527","18","136587171"
"chr7","153165942","153166085","chr7","150256204","150256349","3","2909738"
"chr7","153171289","153171433","chr7","150261568","150261714","3","2909721"
"chr7","153200150","153200457","chr7","150290213","150290521","2","2909937"
"chr7","153242438","153242738","chr7","150332510","150332812","3","2909928"
"chr7","153253791","153253852","chr11","47990760","47990828","12","105263031"
"chr7","153303081","153303218","chr2A","32693701","32693835","23","120609380"
"chr7","153321782","153322077","chr7","150412333","150412638","19","2909449"
"chr7","153355268","153355386","chr20","16652596","16652702","28","136702672"
"chr7","153380905","153381034","chr7","150471444","150471574","1","2909461"
"chr7","153381086","153381388","chr7","150471626","150471924","6","2909460"
"chr7","153454646","153454773","chr5","172392908","172393028","23","18938262"
"chr7","153599154","153599238","chr3","181238196","181238292","25","27639042"
"chr7","153731915","153732213","chr7","150828980","150829278","2","2902935"
"chr7","153833370","153833448","chr14","100673591","100673682","26","53159779"
"chr7","153914261","153914428","chrX","136843240","136843410","30","17071021"
"chr7","154122632","154122928","chr7","151519463","151519759","1","2603169"
"chr7","154403570","154403880","chr7","151826518","151826826","4","2577052"
"chr7","154422606","154422917","chr7","151845733","151846041","9","2576873"
"chr7","154459666","154459976","chr7","151884470","151884778","3","2575196"
"chr7","154509356","154509622","chr7","151934765","151935030","1","2574591"
"chr7","154765695","154765985","chr7","152185044","152185336","2","2580651"
"chr7","154845261","154845375","chr5","172392908","172393028","28","17547647"
"chr7","154956504","154956802","chr19","52134706","52135002","40","102821798"
"chr7","155050444","155050566","chr6","42415542","42415660","31","112634902"
"chr7","155181126","155181404","chr7","152603758","152604037","2","2577368"
"chr7","155209690","155209772","chr7","152632274","152632356","0","2577416"
"chr7","155230057","155230362","chr7","152652671","152652978","4","2577386"
"chr7","155325653","155325963","chr7","152748613","152748921","7","2577040"
"chr7","155341486","155341585","chr20","16652596","16652702","32","138688890"
"chr7","155451639","155451912","chr5","126173265","126173526","40","29278374"
"chr7","155471126","155471428","chr7","152894699","152895011","12","2576427"
"chr7","155706292","155706595","chr7","153133012","153133318","4","2573280"
"chr7","155744066","155744365","chr7","153170826","153171128","9","2573240"
"chr7","155747870","155748172","chr7","153174635","153174941","6","2573235"
"chr7","155816873","155817185","chr7","153244735","153245042","9","2572138"
"chr7","155838084","155838389","chr14","20392001","20392306","35","135446083"
"chr7","155845465","155845758","chr7","153273129","153273417","6","2572336"
"chr7","155867013","155867112","chr14","100673591","100673682","30","55193422"
"chr7","155994497","155994795","chr7","153424554","153424858","17","2569943"
"chr7","156024121","156024432","chr7","153454302","153454613","3","2569819"
"chr7","156119290","156119411","chr18","46323703","46323831","30","109795587"
"chr7","156137711","156138007","chr7","153571735","153572031","1","2565976"
"chr7","156167881","156168175","chr22","15485107","15485401","1","140682774"
"chr7","156173512","156173810","chr22","15479467","15479765","3","140694045"
"chr7","156178989","156179290","chr7","153600428","153600738","12","2578561"
"chr7","156188031","156188216","chr7","153623444","153623630","2","2564587"
"chr7","156200161","156200454","chr7","153639652","153639944","4","2560509"
"chr7","156217411","156217715","chr7","153650360","153650670","12","2567051"
"chr7","156221514","156221778","chr7","153647240","153647504","5","2574274"
"chr7","156237611","156237684","chr6","11395990","11396054","29","144841621"
"chr7","156256953","156257222","chr4","131216862","131217128","46","25040091"
"chr7","156261556","156261832","chr1","12138035","12138309","37","144123521"
"chr7","156266358","156266392","chr4","84674105","84674137","7","71592253"
"chr7","156268868","156268923","chr4","72880052","72880101","25","83388816"
"chr7","156272979","156273271","chr7","153704928","153705226","17","2568051"
"chr7","156275801","156275978","chr7","153708017","153708194","2","2567784"
"chr7","156278037","156278207","chr7","153710258","153710426","3","2567779"
"chr7","156300104","156300196","chr14","100673591","100673682","21","55626513"
"chr7","156304946","156305058","chr10","101398659","101398772","22","54906287"
"chr7","156313657","156313948","chr4","39708478","39708765","50","116605179"
"chr7","156317295","156317507","chr18","26743626","26743823","34","129573669"
"chr7","156328738","156329029","chr7","153757922","153758213","2","2570816"
"chr7","156366542","156366814","chr7","153796097","153796371","2","2570445"
"chr7","156372854","156373143","chr7","153802355","153802645","8","2570499"
"chr7","156378427","156378558","chr5","5624013","5624130","30","150754414"
"chr7","156388624","156388762","chr8","112933585","112933727","28","43455039"
"chr7","156404005","156404310","chr7","153833342","153833647","3","2570663"
"chr7","156420610","156420715","chr20","16652596","16652702","23","139768014"
"chr7","156427137","156427430","chr7","153857292","153857596","12","2569845"
"chr7","156429791","156429879","chr17","13332748","13332838","12","143097043"
"chr7","156435294","156435570","chr7","153865792","153866068","3","2569502"
"chr7","156460704","156460967","chr1","196730212","196730475","38","40269508"
"chr7","156470862","156471132","chr7","153900721","153900993","4","2570141"
"chr7","156474740","156475048","chr7","153904608","153904910","6","2570132"
"chr7","156478160","156478457","chr21","28762059","28762355","40","127716101"
"chr7","156488128","156488430","chr7","153917958","153918264","5","2570170"
"chr7","156559193","156559477","chr22","43143911","43144188","42","113415282"
"chr7","156631766","156631930","chr8","27153241","27153406","23","129478525"
"chr7","156661757","156662059","chr7","154129287","154129585","7","2532470"
"chr7","156780150","156780449","chr7","154246789","154247082","7","2533361"
"chr7","156875395","156875684","chr7","154342369","154342658","2","2533026"
"chr7","156905805","156905886","chr3","46579108","46579189","13","110326697"
"chr7","156992477","156992788","chr7","154463630","154463941","1","2528847"
"chr7","157051969","157052081","chr2B","205936995","205937106","25","48885026"
"chr7","157059658","157059959","chr4","46955764","46956058","37","110103894"
"chr7","157267175","157267475","chr1","160573223","160573519","42","3306048"
"chr7","157412542","157412783","chr7","154898225","154898466","0","2514317"
"chr7","157498020","157498104","chr12","12586014","12586108","22","144912006"
"chr7","157555307","157555420","chr2B","205936995","205937106","27","48381688"
"chr7","157573607","157573769","chr7","155425619","155425781","1","2147988"
"chr7","157650706","157651017","chr7","155502403","155502716","3","2148303"
"chr7","157698016","157698297","chr7","155549392","155549673","5","2148624"
"chr7","157712148","157712299","chr7","155563742","155563893","0","2148406"
"chr7","157839014","157839303","chr7","155692102","155692393","2","2146912"
"chr7","157919911","157920202","chr7","155870148","155870439","5","2049763"
"chr7","157926841","157926935","chr13","24059413","24059502","18","133867428"
"chr7","158080520","158080806","chr7","156031979","156032267","5","2048541"
"chr7","158232589","158232797","chr7","156184570","156184783","8","2048019"
"chr7","158251791","158252087","chr1","226823745","226824037","41","68571954"
"chr7","158322789","158322928","chr7","156274717","156274856","2","2048072"
"chr7","158354398","158354692","chr7","156306459","156306752","1","2047939"
"chr7","158432401","158432696","chr3","188317272","188317569","38","29884871"
"chr7","158749063","158749371","chr7","156782696","156783004","1","1966367"
"chr7","158862765","158862923","chr7","156898604","156898762","2","1964161"
"chr7","158872704","158873000","chr7","6233139","6233436","48","152639565"
"chr7","158916174","158916462","chr7","156952279","156952570","17","1963895"
"chr7","159087395","159087690","chr7","157123489","157123786","2","1963906"
"chr7","159365448","159365718","chr1","124399374","124399636","31","34966074"
"chr7","159625611","159625931","chr7","157661489","157661809","10","1964122"
"chr7","159649135","159649228","chr14","100673591","100673682","22","58975544"
"chr7","159711633","159711917","chr7","157747762","157748046","1","1963871"
"chr7","159867006","159867311","chr7","157916384","157916691","13","1950622"
"chr7","160112936","160113238","chr7","158152088","158152396","12","1960848"
"chr7","160195940","160196239","chr7","158234961","158235260","1","1960979"
"chr7","160306257","160306572","chr7","158345075","158345385","11","1961182"
"chr7","160328341","160328500","chr14","63051165","63051317","39","97277176"
"chr7","160354260","160354519","chr7","158393409","158393668","1","1960851"
"chr7","160381893","160382171","chr15","40869890","40870172","41","119512003"
"chr7","160417061","160417338","chr22","43143911","43144188","37","117273150"
"chr7","160440909","160441222","chr7","158479719","158480030","5","1961190"
"chr7","160464457","160464723","chr3","163069431","163069698","76","2604974"
"chr7","160472913","160473206","chr11","19846296","19846594","31","140626617"
"chr7","160517132","160517432","chr7","158556563","158556863","1","1960569"
"chr7","160520734","160521019","chr7","158560178","158560463","2","1960556"
"chr7","160532227","160532517","chr7","158571729","158572022","3","1960498"
"chr7","160541788","160541867","chr17","4261422","4261478","24","156280366"
"chr7","160590529","160590785","chr7","158630349","158630612","9","1960180"
"chr7","160594568","160594642","chr19","23413524","23413600","15","137181044"
"chr7","160611175","160611301","chr5","172392908","172393028","31","11781733"
"chr7","160639670","160639973","chr7","158678703","158679007","3","1960967"
"chr7","160642556","160642859","chr7","158681876","158682181","3","1960680"
"chr7","160673646","160673749","chr20","16652596","16652702","27","144021050"
"chr7","160712724","160712896","chr17","60691411","60691574","41","100021313"
"chr7","160858706","160858841","chr5","45503969","45504114","23","115354737"
"chr7","161390233","161390540","chr6","14375352","14375659","36","147014881"
"chr7","161432194","161432504","chr19","7005823","7006133","37","154426371"
"chr7","161521073","161521368","chr1","191402221","191402521","28","29881148"
"chr7","161824023","161824219","chr16","66570667","66570862","30","95253356"
"chr7","161880864","161880916","chr7","70681514","70681568","13","91199350"
"chr7","161924179","161924463","chr2B","178624361","178624643","36","16700182"
"chr7","162147645","162147944","chr4","167882463","167882760","46","5734818"
"chr7","162572777","162572921","chr9","112064180","112064330","25","50508597"
"chr8","93060829","93061133","chr8","92680109","92680420","9","380720"
"chr8","102629189","102629499","chr8","102156078","102156388","5","473111"
"chr8","696538","696819","chr4","173582038","173582320","28","172885500"
"chr8","885479","885780","chr8","883734","884035","3","1745"
"chr8","917162","917355","chr8","915740","915934","1","1422"
"chr8","1052215","1052505","chr8","1064514","1064810","9","12299"
"chr8","1148811","1148925","chr2B","199271339","199271453","27","198122528"
"chr8","1245525","1245827","chr8","1257148","1257440","18","11623"
"chr8","1246001","1246272","chr1","64403139","64403411","42","63157138"
"chr8","1395749","1396038","chr7","66849030","66849321","32","65453281"
"chr8","1662488","1662796","chr8","1684118","1684428","5","21630"
"chr8","1666720","1667005","chr22","42753046","42753330","39","41086326"
"chr8","1971823","1972112","chr8","1984653","1984942","4","12830"
"chr8","2122832","2122958","chr5","172392908","172393028","32","170270076"
"chr8","2466858","2467148","chr8","2440722","2441013","1","26136"
"chr8","2488389","2488685","chr8","2462269","2462569","12","26120"
"chr8","2762420","2762554","chr2A","32693701","32693835","29","29931281"
"chr8","2813907","2814155","chr8","2801951","2802202","4","11956"
"chr8","2892614","2892915","chr8","2882414","2882716","1","10200"
"chr8","2894094","2894381","chr14","22253484","22253767","64","19359390"
"chr8","3072821","3073120","chr1","122317406","122317704","55","119244585"
"chr8","3105130","3105427","chrX","120311957","120312258","51","117206827"
"chr8","3158320","3158619","chr8","79743626","79743925","43","76585306"
"chr8","3168331","3168629","chr15","47780648","47780942","37","44612317"
"chr8","3180147","3180432","chr17","44632560","44632842","42","41452413"
"chr8","3200791","3201095","chr8","3161546","3161860","13","39245"
"chr8","3288980","3289286","chr8","3249818","3250155","34","39162"
"chr8","3537081","3537409","chr8","3495763","3496089","6","41318"
"chr8","3881329","3881624","chr8","3855831","3856125","12","25498"
"chr8","3891424","3891732","chr8","3867065","3867373","1","24359"
"chr8","3972878","3973200","chr4","186061905","186062217","62","182089027"
"chr8","4429933","4430232","chr8","4413263","4413563","2","16670"
"chr8","4628381","4628447","chr8","4612186","4612252","1","16195"
"chr8","4689011","4689284","chr8","4673108","4673415","37","15903"
"chr8","4929050","4929393","chr8","4922499","4922847","7","6551"
"chr8","5106299","5106464","chr22","16225217","16225380","26","11118918"
"chr8","5179377","5179665","chr8","5178458","5178746","10","919"
"chr8","5185195","5185395","chr8","5184284","5184519","35","911"
"chr8","5266147","5266276","chr8","5251161","5251290","1","14986"
"chr8","5307949","5308253","chr8","5342468","5342769","16","34519"
"chr8","5314477","5314796","chr8","5349131","5349466","16","34654"
"chr8","5493139","5493453","chr8","5443710","5444024","5","49429"
"chr8","5621957","5622270","chr8","5571231","5571547","6","50726"
"chr8","5656288","5656513","chr4","47316981","47317199","44","41660693"
"chr8","5686394","5686713","chr8","5632659","5632981","5","53735"
"chr8","5748944","5749240","chr8","5700311","5700605","2","48633"
"chr8","5897785","5897904","chr4","17286861","17286971","36","11389076"
"chr8","5938131","5938407","chr8","5892801","5893077","3","45330"
"chr8","6031114","6031406","chr8","6008227","6008520","3","22887"
"chr8","6194802","6195092","chr8","6166888","6167179","9","27914"
"chr8","6269243","6269535","chr8","6252744","6253036","0","16499"
"chr8","6297159","6297311","chr12","31939089","31939232","35","25641930"
"chr8","6297604","6297783","chrX","155632548","155632709","39","149334944"
"chr8","6315552","6315847","chr8","6301602","6301895","3","13950"
"chr8","6316934","6317036","chr1","87599106","87599219","28","81282172"
"chr8","6317926","6318237","chr8","6303974","6304282","5","13952"
"chr8","6332331","6332623","chr8","6318738","6319030","1","13593"
"chr8","6381190","6381363","chr17","17972441","17972623","35","11591251"
"chr8","6381683","6381816","chr12","10456629","10456759","16","4074946"
"chr8","6461883","6462036","chrX","71354640","71354795","22","64892757"
"chr8","6467321","6467620","chr8","6452286","6452590","11","15035"
"chr8","6526950","6527257","chr8","6512850","6513160","7","14100"
"chr8","6659133","6659266","chr13","22694842","22694978","26","16035709"
"chr8","6662076","6662300","chr8","6648750","6648974","2","13326"
"chr8","6696337","6696632","chr8","6684097","6684392","6","12240"
"chr8","6783121","6783341","chr14","76865959","76866174","54","70082838"
"chr8","8629775","8630089","chr8","8578464","8578783","8","51311"
"chr8","8633214","8633533","chr12","8642797","8643118","17","9583"
"chr8","8651269","8651401","chr16","73743066","73743197","31","65091797"
"chr8","8653591","8653892","chr7","98481266","98481565","23","89827675"
"chr8","8703657","8703963","chr8","8653689","8653998","8","49968"
"chr8","8832597","8832837","chr8","8784489","8784729","2","48108"
"chr8","8843232","8843333","chr22","33938435","33938535","25","25095203"
"chr8","8931796","8931889","chr9","80389825","80389922","16","71458029"
"chr8","8957329","8957407","chr13","24059413","24059502","24","15102084"
"chr8","8957881","8957894","chr1","28547144","28547162","7","19589263"
"chr8","8962253","8962559","chr5","116268351","116268650","54","107306098"
"chr8","9100255","9100541","chr8","9055148","9055435","3","45107"
"chr8","9154453","9154760","chr8","9110792","9111097","2","43661"
"chr8","9274403","9274692","chr8","9231737","9232035","11","42666"
"chr8","9353790","9354099","chr8","9313606","9313916","7","40184"
"chr8","9357297","9357353","chr7","53654605","53654654","22","44297308"
"chr8","9366261","9366385","chr3","200758253","200758371","23","191391992"
"chr8","9375005","9375287","chr8","9334706","9334988","1","40299"
"chr8","9440810","9441052","chr8","9400221","9400463","0","40589"
"chr8","9587998","9588288","chr8","9552823","9553115","5","35175"
"chr8","9911971","9912272","chr8","9912473","9912774","13","502"
"chr8","10478906","10479033","chr8","10501441","10501568","1","22535"
"chr8","10624530","10624652","chr2B","207026815","207026935","29","196402285"
"chr8","10637617","10637801","chr22","22626833","22627018","35","11989216"
"chr8","10699066","10699365","chr8","10722767","10723066","6","23701"
"chr8","10885201","10885487","chr8","10910205","10910505","30","25004"
"chr8","11141900","11142199","chr6","99568431","99568733","53","88426531"
"chr8","11142668","11142969","chr8","11173396","11173693","5","30728"
"chr8","11229229","11229391","chr5","7083892","7084059","30","4145337"
"chr8","11333540","11333839","chr8","11366253","11366560","21","32713"
"chr8","11501878","11502167","chr8","11538668","11538957","2","36790"
"chr8","11541600","11541701","chr22","33938435","33938535","20","22396835"
"chr8","11611651","11611932","chr8","11650028","11650309","1","38377"
"chr8","11630513","11630592","chr3","181238196","181238292","31","169607683"
"chr8","11781628","11781801","chr19","59940840","59941010","25","48159212"
"chr8","12919352","12919529","chr8","116993056","116993215","40","104073704"
"chr8","12999836","12999999","chr8","27153241","27153406","28","14153405"
"chr8","13022941","13023240","chr8","12930820","12931120","2","92121"
"chr8","13104726","13105017","chr8","13018919","13019229","25","85807"
"chr8","13221759","13221879","chr8","26723415","26723536","20","13501656"
"chr8","13311921","13312208","chr8","13230147","13230434","0","81774"
"chr8","13348401","13348500","chr14","100673591","100673682","23","87325190"
"chr8","13360314","13360404","chr3","27665315","27665404","26","14305001"
"chr8","13592655","13592957","chr8","13513378","13513680","1","79277"
"chr8","13610374","13610467","chr3","181238196","181238292","29","167627822"
"chr8","13745590","13745726","chr16","19339749","19339897","32","5594159"
"chr8","13750079","13750149","chr6","11395990","11396054","31","2354089"
"chr8","13752799","13753089","chr8","13679209","13679501","4","73590"
"chr8","13833313","13833609","chr8","13762880","13763177","5","70433"
"chr8","13970312","13970599","chr8","13899908","13900196","2","70404"
"chr8","13994709","13994989","chr8","13926115","13926400","11","68594"
"chr8","14056036","14056290","chr8","13987758","13988012","11","68278"
"chr8","14058537","14058820","chr8","13990121","13990402","5","68416"
"chr8","14113996","14114289","chr8","14047710","14048007","5","66286"
"chr8","14133667","14133965","chr6","42778984","42779282","35","28645317"
"chr8","14171615","14171882","chrX","151665346","151665626","53","137493731"
"chr8","14201009","14201312","chr3","5045433","5045734","38","9155576"
"chr8","14326466","14326570","chr13","24059413","24059502","23","9732947"
"chr8","14363046","14363167","chr7","112797358","112797487","29","98434312"
"chr8","14485992","14486241","chr8","14422153","14422401","4","63839"
"chr8","14673767","14674058","chr17","47039436","47039728","39","32365669"
"chr8","15144024","15144319","chr8","15083487","15083787","11","60537"
"chr8","15346490","15346695","chr20","14348844","14349042","37","997646"
"chr8","15415713","15415874","chr11","43973183","43973348","26","28557470"
"chr8","15435684","15435941","chr8","15384355","15384609","11","51329"
"chr8","15482619","15482899","chr8","15431604","15431884","1","51015"
"chr8","15702322","15702601","chr8","15652279","15652558","1","50043"
"chr8","15849331","15849528","chr4","153385655","153385852","44","137536324"
"chr8","15955517","15955821","chr8","15906255","15906560","2","49262"
"chr8","15988134","15988426","chr18","4552920","4553208","44","11435214"
"chr8","16005136","16005435","chr8","15957002","15957268","37","48134"
"chr8","16125168","16125467","chr8","16079300","16079596","6","45868"
"chr8","16261483","16261799","chr8","16217176","16217484","8","44307"
"chr8","16286453","16286755","chr8","16243201","16243503","2","43252"
"chr8","16415247","16415339","chr1","26647515","26647606","12","10232268"
"chr8","16429344","16429646","chr8","16392512","16392815","1","36832"
"chr8","16469552","16469864","chr8","16432788","16433105","5","36764"
"chr8","16488475","16488781","chr8","16451746","16452040","14","36729"
"chr8","16502057","16502359","chr8","16465646","16465945","10","36411"
"chr8","16628634","16628938","chr19","49463355","49463658","44","32834721"
"chr8","16724695","16725016","chr8","16691372","16691697","5","33323"
"chr8","16775378","16775668","chr8","16742123","16742413","1","33255"
"chr8","16781670","16781977","chr8","16748413","16748722","2","33257"
"chr8","16929799","16930088","chr8","16897068","16897357","1","32731"
"chr8","17024632","17025008","chr8","16993804","16994114","78","30828"
"chr8","17149301","17149585","chr8","17119031","17119315","1","30270"
"chr8","17285902","17286170","chr8","17259840","17260108","1","26062"
"chr8","17628575","17628816","chr8","17615594","17615836","1","12981"
"chr8","17910536","17910845","chr13","20438046","20438351","39","2527510"
"chr8","18043573","18043866","chr8","18054253","18054549","3","10680"
"chr8","18060153","18060450","chr8","18070369","18070666","0","10216"
"chr8","18092283","18092593","chrX","11992949","11993256","47","6099334"
"chr8","18132038","18132151","chr2B","199271339","199271453","28","181139301"
"chr8","18148764","18149059","chr8","18157393","18157689","4","8629"
"chr8","18164671","18164773","chr10","112016205","112016307","9","93851534"
"chr8","18337238","18337539","chr8","18348863","18349143","22","11625"
"chr8","18419781","18419866","chr14","100673591","100673682","22","82253810"
"chr8","18423433","18423729","chr8","18436943","18437241","3","13510"
"chr8","18424572","18424655","chr8","46091691","46091777","19","27667119"
"chr8","18465552","18465711","chr1","133837042","133837198","20","115371490"
"chr8","18470622","18470723","chr3","181238196","181238292","25","162767574"
"chr8","18571203","18571505","chr12","3088777","3089076","59","15482426"
"chr8","18591224","18591524","chr3","122919677","122919981","33","104328453"
"chr8","18604367","18604663","chr8","18616058","18616357","4","11691"
"chr8","18621376","18621511","chrUn_GL394737","20401","20541","23","18600975"
"chr8","18622075","18622380","chr8","18635273","18635581","6","13198"
"chr8","18626010","18626126","chr2B","205936995","205937106","30","187310985"
"chr8","18637298","18637609","chr8","18651003","18651313","5","13705"
"chr8","18686149","18686235","chr17","13332748","13332838","18","5353401"
"chr8","18715185","18715450","chr8","18728804","18729075","10","13619"
"chr8","19097230","19097318","chr13","24059413","24059502","17","4962183"
"chr8","19115277","19115583","chr8","19130710","19131016","0","15433"
"chr8","19135597","19135838","chr8","19152094","19152310","39","16497"
"chr8","19330603","19330904","chr1","181804032","181804336","34","162473429"
"chr8","19351503","19351676","chrX","88694245","88694415","26","69342742"
"chr8","19748305","19748605","chr8","19826101","19826402","1","77796"
"chr8","19872228","19872443","chr8","19951334","19951570","22","79106"
"chr8","19874346","19874513","chr8","19953466","19953633","1","79120"
"chr8","19927689","19927791","chr20","16652596","16652702","25","3275093"
"chr8","19931317","19931637","chr5","1786858","1787165","51","18144459"
"chr8","20003606","20003884","chr8","20086625","20086903","1","83019"
"chr8","20168789","20169075","chr1","220909482","220909771","35","200740693"
"chr8","20410553","20410675","chr5","172392908","172393028","27","151982355"
"chr8","20412122","20412416","chr8","20501946","20502240","4","89824"
"chr8","20470487","20470575","chr14","100673591","100673682","25","80203104"
"chr8","20492278","20492537","chr8","20580326","20580585","1","88048"
"chr8","20550183","20550480","chr8","20639374","20639671","3","89191"
"chr8","20769794","20769883","chr3","181238196","181238292","25","160468402"
"chr8","21084122","21084429","chr8","21175151","21175462","6","91029"
"chr8","21143587","21143896","chr8","21236116","21236426","9","92529"
"chr8","21194886","21195118","chr8","21286933","21287168","4","92047"
"chr8","21280141","21280429","chr18","18555827","18556115","37","2724314"
"chr8","21304964","21305040","chr8","21397300","21397376","0","92336"
"chr8","21345211","21345345","chr8","102041460","102041593","31","80696249"
"chr8","21351474","21351650","chr12","56897944","56898113","35","35546470"
"chr8","21450431","21450554","chr4","84675478","84675615","29","63225047"
"chr8","21508530","21508800","chr8","143821516","143821795","49","122312986"
"chr8","21532882","21532963","chr8","46091691","46091777","21","24558809"
"chr8","21552678","21552961","chr14","22253484","22253767","49","700806"
"chr8","21638534","21638835","chr8","21736728","21737034","6","98194"
"chr8","21818274","21818585","chr8","21919126","21919433","6","100852"
"chr8","21826137","21826254","chr5","172392908","172393028","32","150566771"
"chr8","21840490","21840801","chr8","21941953","21942264","1","101463"
"chr8","21887354","21887661","chr17","59433504","59433816","34","37546150"
"chr8","22050947","22051246","chr8","22153548","22153850","6","102601"
"chr8","22178253","22178371","chr2B","199271339","199271453","25","177093086"
"chr8","22291275","22291380","chr20","16652596","16652702","25","5638679"
"chr8","22425441","22425753","chr8","22531770","22532082","0","106329"
"chr8","22432647","22432977","chr3","188322584","188322893","66","165889937"
"chr8","22445822","22446112","chr8","22552696","22552996","12","106874"
"chr8","22448908","22449200","chr10","96148700","96148990","42","73699792"
"chr8","22547167","22547474","chr8","22655864","22656174","8","108697"
"chr8","22562332","22562643","chr8","22671139","22671451","3","108807"
"chr8","22637149","22637456","chr8","22746496","22746803","1","109347"
"chr8","22719477","22719646","chr3","149285465","149285633","21","126565988"
"chr8","22738597","22738880","chr8","22849481","22849788","28","110884"
"chr8","22875329","22875602","chr8","22990632","22990915","15","115303"
"chr8","22889831","22889934","chr14","100673591","100673682","23","77783760"
"chr8","23037520","23037699","chr8","23155513","23155659","34","117993"
"chr8","23206987","23207282","chr8","23318727","23319020","3","111740"
"chr8","23574321","23574613","chr8","23388477","23388770","6","185844"
"chr8","23786575","23786601","chr17","532626","532657","11","23253949"
"chr8","23786955","23787073","chr5","172392908","172393028","30","148605953"
"chr8","23809230","23809366","chr2A","32693701","32693835","29","8884471"
"chr8","23831506","23831793","chr8","23651519","23651806","0","179987"
"chr8","23873205","23873435","chr8","23691981","23692211","0","181224"
"chr8","23999780","24000000","chr4","129492251","129492467","44","105492471"
"chr8","24181534","24181816","chr4","22590573","22590852","33","1590961"
"chr8","24305158","24305450","chr8","24132728","24133026","30","172430"
"chr8","24363355","24363527","chr7","82359185","82359357","29","57995830"
"chr8","24424950","24425183","chr8","24253681","24253915","3","171269"
"chr8","24526961","24527250","chr8","24357760","24358059","13","169201"
"chr8","24535456","24535747","chr11","98871856","98872144","36","74336400"
"chr8","24613688","24613983","chr8","24445412","24445709","2","168276"
"chr8","24678737","24679049","chr8","24509620","24509931","6","169117"
"chr8","24722178","24722473","chr6","10760921","10761217","32","13961257"
"chr8","24786578","24786718","chr8","24630008","24630158","13","156570"
"chr8","24822889","24823191","chr8","24666992","24667297","3","155897"
"chr8","24842547","24842851","chr20","3870160","3870465","46","20972387"
"chr8","24844105","24844215","chr2B","199271339","199271453","25","174427234"
"chr8","24888301","24888570","chr8","24733559","24733828","2","154742"
"chr8","24931464","24931588","chr2B","199271339","199271453","27","174339875"
"chr8","24964437","24964551","chr12","7856509","7856635","29","17107928"
"chr8","24968618","24968885","chr1","186481384","186481647","50","161512766"
"chr8","24980164","24980460","chr14","49326679","49326975","31","24346515"
"chr8","25001365","25001498","chr13","22694842","22694978","27","2306523"
"chr8","25083551","25083684","chr2A","32693701","32693835","28","7610150"
"chr8","25088655","25088946","chrX","27920896","27921182","41","2832241"
"chr8","25246248","25246545","chr8","25102176","25102474","1","144072"
"chr8","25379724","25380022","chr8","25239498","25239795","1","140226"
"chr8","25395908","25396020","chr2B","199271339","199271453","26","173875431"
"chr8","25454576","25454735","chr3","173995114","173995280","27","148540538"
"chr8","25474867","25475176","chr8","25334113","25334419","8","140754"
"chr8","25606179","25606458","chr8","25472335","25472609","10","133844"
"chr8","25637846","25638131","chr9","91334008","91334288","37","65696162"
"chr8","25667375","25667640","chr1","43685355","43685598","65","18017980"
"chr8","25684048","25684352","chr8","25550265","25550573","6","133783"
"chr8","25765702","25765998","chr2A","63086723","63087016","38","37321021"
"chr8","25771555","25771762","chr6","31571626","31571836","28","5800071"
"chr8","25897655","25897961","chr8","25778100","25778406","1","119555"
"chr8","25962562","25962865","chr3","138633298","138633594","50","112670736"
"chr8","26021206","26021333","chr1","46484701","46484838","22","20463495"
"chr8","26255994","26256302","chr8","26137208","26137517","2","118786"
"chr8","26574368","26574658","chr8","26466985","26467278","6","107383"
"chr8","26592330","26592625","chr8","26487103","26487399","10","105227"
"chr8","26665210","26665522","chr8","26563339","26563648","71","101871"
"chr8","26711740","26711875","chr5","139945451","139945585","17","113233711"
"chr8","26760362","26760506","chr8","26659020","26659165","1","101342"
"chr8","26767405","26767527","chr8","26723415","26723536","24","43990"
"chr8","26770539","26770675","chr4","124694263","124694406","23","97923724"
"chr8","26772436","26772736","chr8","26671116","26671411","6","101320"
"chr8","26819065","26819171","chr4","40591024","40591130","17","13771959"
"chr8","26835367","26835615","chr8","26735124","26735372","1","100243"
"chr8","26837426","26837721","chr3","46861662","46861957","50","20024236"
"chr8","26838161","26838422","chr8","26737911","26738173","4","100250"
"chr8","26847175","26847386","chr2A","71030005","71030208","32","44182830"
"chr8","26904029","26904320","chr8","26804479","26804770","3","99550"
"chr8","26906777","26906867","chr3","181238196","181238292","21","154331419"
"chr8","26981570","26981847","chr8","26880657","26880935","3","100913"
"chr8","27027201","27027490","chr8","26926548","26926840","4","100653"
"chr8","27082044","27082340","chr8","26981231","26981528","2","100813"
"chr8","27110962","27111241","chr8","27010911","27011190","2","100051"
"chr8","27147885","27148133","chr8","27048699","27048954","7","99186"
"chr8","27220507","27220682","chr17","61672968","61673133","35","34452461"
"chr8","27249419","27249722","chr5","158324854","158325155","37","131075435"
"chr8","27251003","27251164","chr8","27153241","27153406","6","97762"
"chr8","27258476","27258557","chr11","8774884","8774956","16","18483592"
"chr8","27261037","27261167","chr1","31599209","31599335","20","4338172"
"chr8","27310846","27311137","chr8","27217963","27218254","2","92883"
"chr8","27435197","27435482","chr8","27345808","27346121","30","89389"
"chr8","27454042","27454210","chr4","74099599","74099769","33","46645557"
"chr8","27454215","27454524","chr3","194291003","194291305","44","166836788"
"chr8","27492028","27492143","chr5","172392908","172393028","18","144900880"
"chr8","27569772","27570026","chr2A","79098511","79098771","80","51528739"
"chr8","27663838","27664143","chr3","63343480","63343788","44","35679642"
"chr8","27794891","27795176","chr17","79274800","79275090","55","51479909"
"chr8","27839939","27840231","chr8","27756828","27757125","12","83111"
"chr8","27865852","27866126","chr8","27782730","27783000","6","83122"
"chr8","27986543","27986718","chr1","134045753","134045928","38","106059210"
"chr8","28608755","28609046","chr17","37026664","37026955","55","8417909"
"chr8","28797062","28797349","chr8","28726920","28727205","6","70142"
"chr8","28813626","28813784","chr1","54397545","54397708","25","25583919"
"chr8","28856156","28856448","chr8","28786244","28786536","2","69912"
"chr8","28874628","28874836","chr8","28804643","28804851","1","69985"
"chr8","28948038","28948377","chr8","28878553","28878895","7","69485"
"chr8","29009349","29009649","chr8","28940270","28940578","11","69079"
"chr8","29079547","29079854","chr8","29010778","29011083","3","68769"
"chr8","29192426","29192741","chr8","29124867","29125182","2","67559"
"chr8","29421512","29421792","chr1","21064590","21064871","37","8356922"
"chr8","29663295","29663566","chr8","29600870","29601141","1","62425"
"chr8","29843113","29843408","chr12","45874078","45874367","46","16030965"
"chr8","29906847","29906959","chr2B","205936995","205937106","17","176030148"
"chr8","29956137","29956435","chr8","29899966","29900266","6","56171"
"chr8","29957809","29958031","chr8","29901645","29901867","2","56164"
"chr8","30004078","30004336","chr3","164728655","164728916","34","134724577"
"chr8","30004413","30004677","chr8","29948672","29948964","28","55741"
"chr8","30027583","30027861","chr17","1748555","1748835","49","28279028"
"chr8","30030754","30031019","chr8","29976389","29976652","5","54365"
"chr8","30042030","30042330","chr8","29986994","29987296","5","55036"
"chr8","30045507","30045801","chr8","29990514","29990809","2","54993"
"chr8","30057329","30057645","chr15","48018063","48018371","70","17960734"
"chr8","30064170","30064348","chr8","30009425","30009602","8","54745"
"chr8","30112808","30112917","chr2A","62538961","62539069","24","32426153"
"chr8","30124330","30124422","chr12","12586014","12586108","14","17538316"
"chr8","30127569","30127691","chr7","112797358","112797487","26","82669789"
"chr8","30657214","30657385","chr8","30615162","30615337","5","42052"
"chr8","30759037","30759333","chr8","30720234","30720530","1","38803"
"chr8","30769215","30769503","chr18","27181077","27181361","38","3588138"
"chr8","30992345","30992611","chr8","30959198","30959464","0","33147"
"chr8","31007339","31007644","chr12","14096375","14096677","50","16910964"
"chr8","31183603","31183827","chr8","31154910","31155134","1","28693"
"chr8","31349829","31350143","chr8","31331831","31332145","3","17998"
"chr8","31434401","31434570","chr22","16338519","16338688","28","15095882"
"chr8","31537878","31538195","chr8","31522375","31522689","3","15503"
"chr8","31618264","31618553","chr7","147334805","147335090","69","115716541"
"chr8","31768910","31769095","chr8","31761796","31761981","1","7114"
"chr8","32268051","32268354","chr8","32268151","32268457","5","100"
"chr8","32837073","32837197","chr6","107657505","107657632","22","74820432"
"chr8","32934911","32935184","chr8","32938538","32938811","3","3627"
"chr8","33494996","33495279","chr21","12554547","12554835","33","20940449"
"chr8","33584258","33584540","chr20","53960023","53960305","38","20375765"
"chr8","33626210","33626496","chr8","33653659","33653931","16","27449"
"chr8","33673175","33673440","chr1","124399374","124399636","35","90726199"
"chr8","33782487","33782699","chr9","123177471","123177683","30","89394984"
"chr8","33899245","33899527","chr8","33934520","33934817","17","35275"
"chr8","34017693","34017849","chrX","19267786","19267941","25","14749907"
"chr8","34062678","34062789","chr20","16652596","16652702","25","17410082"
"chr8","34120154","34120426","chr6","107235801","107236074","33","73115647"
"chr8","34143334","34143584","chr8","34186537","34186789","5","43203"
"chr8","34202405","34202558","chr8","34247897","34248051","4","45492"
"chr8","34226750","34226883","chr8","34273405","34273539","4","46655"
"chr8","34239944","34240142","chr8","34286570","34286794","26","46626"
"chr8","34247681","34247988","chr8","34294356","34294666","8","46675"
"chr8","34252401","34252535","chr2A","32693701","32693835","25","1558700"
"chr8","34259230","34259472","chr7","135787374","135787604","55","101528144"
"chr8","34343634","34343928","chr8","34392569","34392864","2","48935"
"chr8","34435571","34435734","chrX","40680414","40680584","25","6244843"
"chr8","34452625","34452702","chr18","47204102","47204181","10","12751477"
"chr8","34464905","34465078","chr10","66927479","66927650","37","32462574"
"chr8","34491706","34491916","chr17","54503313","54503512","53","20011607"
"chr8","34508387","34508499","chr20","16652596","16652702","26","17855791"
"chr8","34518938","34519099","chr8","34576726","34576887","1","57788"
"chr8","34534881","34535071","chr19","54449281","54449473","25","19914400"
"chr8","34557257","34557456","chr3","48538439","48538637","42","13981182"
"chr8","34582617","34582705","chr3","27665315","27665404","19","6917302"
"chr8","34589710","34590000","chr8","34649014","34649304","1","59304"
"chr8","34601834","34602144","chr8","34661106","34661410","22","59272"
"chr8","34628422","34628575","chr8","34687798","34687951","0","59376"
"chr8","34631115","34631290","chr2B","201654541","201654730","36","167023426"
"chr8","34649454","34649755","chr8","34709118","34709418","1","59664"
"chr8","34667724","34667897","chr2A","112034799","112034975","25","77367075"
"chr8","34723178","34723431","chr17","13388958","13389211","35","21334220"
"chr8","34733439","34733683","chr8","34797742","34797990","5","64303"
"chr8","34801963","34802281","chr8","34865763","34866082","2","63800"
"chr8","34806284","34806444","chr17","82286242","82286406","22","47479958"
"chr8","34817620","34817923","chr8","34881274","34881578","2","63654"
"chr8","34895284","34895392","chr3","181238196","181238292","27","146342912"
"chr8","34992183","34992488","chr8","35057239","35057548","4","65056"
"chr8","35000316","35000616","chr8","35066138","35066435","8","65822"
"chr8","35002892","35003201","chr8","35068728","35069041","18","65836"
"chr8","35022264","35022561","chr12","133894348","133894639","49","98872084"
"chr8","35231503","35231794","chr8","35301597","35301892","8","70094"
"chr8","35256728","35256848","chr3","181143385","181143493","25","145886657"
"chr8","35369267","35369562","chr8","35442346","35442644","5","73079"
"chr8","35383604","35383766","chr6","135618254","135618409","34","100234650"
"chr8","35443848","35444140","chr8","35518641","35518937","5","74793"
"chr8","35479197","35479467","chr8","35554680","35554950","0","75483"
"chr8","35565061","35565360","chr8","35642301","35642601","2","77240"
"chr8","36272857","36273143","chr8","36015261","36015547","8","257596"
"chr8","36538977","36539257","chr8","36284787","36285076","10","254190"
"chr8","36541870","36542185","chr8","36287696","36288011","3","254174"
"chr8","36570321","36570623","chrX","70019723","70020027","36","33449402"
"chr8","36602380","36602612","chr8","36346754","36346998","13","255626"
"chr8","36654832","36654962","chrX","46411765","46411895","10","9756933"
"chr8","36666842","36667152","chr8","36411115","36411425","2","255727"
"chr8","36790002","36790112","chr14","100673591","100673682","33","63883589"
"chr8","36926487","36926779","chr8","36675442","36675734","4","251045"
"chr8","36985471","36985742","chr8","36734735","36735037","33","250736"
"chr8","37131988","37132293","chr8","36882298","36882601","3","249690"
"chr8","37156791","37157091","chr8","36906819","36907119","2","249972"
"chr8","37206088","37206189","chr14","100673591","100673682","21","63467503"
"chr8","37409070","37409348","chr8","37168206","37168512","29","240864"
"chr8","37445618","37445810","chr5","132891050","132891239","33","95445432"
"chr8","37542322","37542626","chr17","55642490","55642796","37","18100168"
"chr8","37615921","37616083","chr7","100665257","100665418","30","63049336"
"chr8","37657422","37657733","chr8","37425336","37425652","7","232086"
"chr8","37723945","37724243","chr4","10499550","10499846","55","27224395"
"chr8","37786713","37786996","chr8","37555431","37555728","17","231282"
"chr8","37864146","37864230","chr14","100673591","100673682","23","62809445"
"chr8","37866728","37867038","chr8","37639409","37639716","8","227319"
"chr8","37883612","37883690","chr3","181238196","181238292","32","143354584"
"chr8","37965086","37965234","chr8","37738662","37738811","3","226424"
"chr8","38041303","38041613","chr8","37815750","37816060","5","225553"
"chr8","38212603","38212897","chr8","37987801","37988095","2","224802"
"chr8","38237894","38238189","chr8","38013179","38013485","17","224715"
"chr8","38255376","38255522","chr1","214242319","214242461","24","175986943"
"chr8","38534449","38534744","chr8","38318461","38318757","3","215988"
"chr8","38537340","38537648","chr8","38321351","38321660","4","215989"
"chr8","38631595","38631898","chr8","38415385","38415692","4","216210"
"chr8","38638197","38638449","chr12","124055811","124056063","40","85417614"
"chr8","38683588","38683886","chr8","38467169","38467471","6","216419"
"chr8","38760908","38761186","chr22","43143911","43144188","44","4383003"
"chr8","38765780","38766054","chr22","43143911","43144188","55","4378131"
"chr8","38900258","38900576","chr8","38689304","38689611","15","210954"
"chr8","38918181","38918345","chr8","38707265","38707429","1","210916"
"chr8","38942551","38942593","chr19","50868393","50868436","8","11925842"
"chr8","38957491","38957543","chr19","783168","783226","13","38174323"
"chr8","39019019","39019326","chr8","38811840","38812147","1","207179"
"chr8","39032408","39032707","chr8","38825249","38825555","8","207159"
"chr8","39043744","39044051","chr8","38837443","38837751","5","206301"
"chr8","39062192","39062474","chr8","38856561","38856843","0","205631"
"chr8","39087304","39087508","chr10","95561237","95561445","30","56473933"
"chr8","39129058","39129356","chr8","38926151","38926451","3","202907"
"chr8","39132637","39132731","chrX","120369316","120369409","13","81236679"
"chr8","39146609","39146892","chr8","38944059","38944364","23","202550"
"chr8","39180355","39180667","chr12","61508381","61508672","53","22328026"
"chr8","39181061","39181365","chr8","38980752","38981054","2","200309"
"chr8","39193539","39193847","chr4","105434920","105435223","39","66241381"
"chr8","39241169","39241283","chr4","51557575","51557711","34","12316406"
"chr8","39285064","39285367","chr8","39087775","39088077","2","197289"
"chr8","39312719","39313013","chr8","121794374","121794667","33","82481655"
"chr8","39474216","39474511","chr8","39282140","39282435","3","192076"
"chr8","39480782","39480907","chr2B","207026815","207026935","32","167546033"
"chr8","39496934","39497079","chr6","135618254","135618409","37","96121320"
"chr8","39503743","39504049","chr8","39312018","39312326","2","191725"
"chr8","39517939","39518241","chr8","39326504","39326807","1","191435"
"chr8","39521048","39521324","chr8","39329618","39329882","17","191430"
"chr8","39671346","39671649","chr4","51373465","51373764","44","11702119"
"chr8","39696658","39696939","chr8","39509907","39510199","12","186751"
"chr8","39699092","39699384","chr8","39512357","39512650","1","186735"
"chr8","39730556","39730850","chr18","33113055","33113346","38","6617501"
"chr8","39756207","39756488","chr8","39572166","39572447","2","184041"
"chr8","39757460","39757743","chr8","39573420","39573703","0","184040"
"chr8","39807724","39808020","chr8","39623970","39624275","13","183754"
"chr8","39820661","39820946","chr8","39637208","39637480","26","183453"
"chr8","39838005","39838238","chr19","12785312","12785542","51","27052693"
"chr8","39846603","39846913","chr8","39662349","39662659","0","184254"
"chr8","39918997","39919170","chr18","16129447","16129614","25","23789550"
"chr8","40024917","40025205","chr8","43823907","43824204","12","3798990"
"chr8","40029072","40029183","chr22","33938435","33938535","34","6090637"
"chr8","40491634","40491942","chr8","44309390","44309696","4","3817756"
"chr8","40701476","40701680","chr8","44506516","44506720","0","3805040"
"chr8","41078637","41078944","chr8","44897937","44898245","2","3819300"
"chr8","41116308","41116598","chr8","44935792","44936082","0","3819484"
"chr8","41162263","41162556","chr8","44981958","44982252","2","3819695"
"chr8","41192774","41193086","chr8","45012524","45012832","7","3819750"
"chr8","41193299","41193459","chr12","113723562","113723735","44","72530263"
"chr8","41408763","41409062","chr8","45229984","45230283","1","3821221"
"chr8","41529482","41529777","chr8","45350794","45351090","1","3821312"
"chr8","41605823","41606047","chr12","119274512","119274733","34","77668689"
"chr8","41643634","41643879","chr8","45470105","45470355","8","3826471"
"chr8","41704598","41704897","chr8","45531581","45531886","7","3826983"
"chr8","41777520","41777815","chr8","45606114","45606411","2","3828594"
"chr8","41797134","41797417","chr6","2541249","2541536","45","39255885"
"chr8","41805753","41805960","chr4","130338232","130338442","27","88532479"
"chr8","41806665","41806973","chr8","45636931","45637239","6","3830266"
"chr8","41825911","41826046","chr4","28030717","28030863","37","13795194"
"chr8","41831738","41832035","chr8","45656912","45657210","2","3825174"
"chr8","41843149","41843264","chr3","181143385","181143493","32","139300236"
"chr8","41851125","41851200","chr11","8774884","8774956","22","33076241"
"chr8","41851753","41852039","chr8","45683373","45683659","0","3831620"
"chr8","41853613","41853709","chr9","80389825","80389922","24","38536212"
"chr8","41855843","41855940","chr12","12586014","12586108","20","29269829"
"chr8","41866645","41866914","chr8","45699856","45700125","0","3833211"
"chr8","41867152","41867455","chr3","59839391","59839692","37","17972239"
"chr8","41875969","41876227","chr8","45709250","45709513","7","3833281"
"chr8","41918275","41918562","chr8","45748957","45749244","0","3830682"
"chr8","41972213","41972370","chrX","155632548","155632709","25","113660335"
"chr8","41972659","41972712","chr3","12945284","12945334","11","29027375"
"chr8","41973437","41973567","chr8","45803784","45803919","5","3830347"
"chr8","42166588","42166695","chr2B","199271339","199271453","29","157104751"
"chr8","42251412","42251708","chr7","26274615","26274920","43","15976797"
"chr8","42385572","42385878","chr8","46227678","46227985","14","3842106"
"chr8","42527361","42527660","chr8","46371111","46371412","5","3843750"
"chr8","42953292","42953406","chr5","172392908","172393028","35","129439616"
"chr8","43274959","43275250","chr8","47130910","47131203","4","3855951"
"chr8","43480231","43480315","chr13","24059413","24059502","20","19420818"
"chr8","43767660","43767949","chr8","47617702","47617991","1","3850042"
"chr8","43777679","43777875","chr8","47627868","47628063","3","3850189"
"chr8","44263926","44264241","chr4","123858907","123859214","47","79594981"
"chr8","44276186","44276493","chr8","48133883","48134176","16","3857697"
"chr8","44286588","44286730","chr16","19339749","19339897","36","24946839"
"chr8","44475453","44475745","chr8","48337007","48337299","0","3861554"
"chr8","44528339","44528632","chr8","48390311","48390621","20","3861972"
"chr8","44822206","44822499","chr8","97056137","97056432","41","52233931"
"chr8","44899653","44899956","chr8","48770921","48771226","4","3871268"
"chr8","45015388","45015663","chr8","48885101","48885376","0","3869713"
"chr8","45024815","45025109","chr11","110378392","110378683","42","65353577"
"chr8","45066769","45066851","chr14","100673591","100673682","19","55606822"
"chr8","45118663","45118932","chr8","48989736","48990004","3","3871073"
"chr8","45233164","45233462","chr8","49104868","49105166","1","3871704"
"chr8","45257400","45257716","chr8","49129127","49129444","1","3871727"
"chr8","45641014","45641320","chr8","49526167","49526473","1","3885153"
"chr8","45797150","45797371","chr7","34936478","34936686","59","10860672"
"chr8","45924846","45925151","chr8","49818256","49818572","16","3893410"
"chr8","45978348","45978646","chr8","49872474","49872771","2","3894126"
"chr8","46068693","46068978","chr14","88804647","88804931","39","42735954"
"chr8","46091528","46091798","chr13","53839535","53839810","59","7748007"
"chr8","46185993","46186322","chr10","66846020","66846331","48","20660027"
"chr8","46237776","46238070","chr8","50138510","50138808","7","3900734"
"chr8","46274578","46274735","chr8","50176749","50176906","0","3902171"
"chr8","46438942","46439079","chr8","50343143","50343280","0","3904201"
"chr8","46457263","46457375","chr20","16652596","16652702","19","29804667"
"chr8","46497529","46497636","chr2B","205936995","205937106","23","159439466"
"chr8","46528243","46528539","chr8","53741321","53741609","59","7213078"
"chr8","46624427","46624716","chr1","26391486","26391770","57","20232941"
"chr8","46903452","46903596","chr8","50818747","50818891","3","3915295"
"chr8","47046361","47046432","chr18","17282170","17282223","32","29764191"
"chr8","47124003","47124106","chr6","159074849","159074952","18","111950846"
"chr8","47171333","47171623","chr8","51088799","51089088","1","3917466"
"chr8","47376203","47376513","chr8","51295198","51295500","13","3918995"
"chr8","47412823","47413119","chr8","51330750","51331027","25","3917927"
"chr8","47639149","47639366","chr14","19786423","19786634","41","27852726"
"chr8","47644412","47644707","chr8","51570968","51571270","8","3926556"
"chr8","47709841","47710098","chr14","61519217","61519479","45","13809376"
"chr8","47793951","47794206","chr15","21546211","21546456","72","26247740"
"chr8","47843528","47843827","chr3","24850650","24850950","35","22992878"
"chr8","47847503","47847793","chrX","43814540","43814832","33","4032963"
"chr8","47899984","47900282","chr8","51834460","51834767","9","3934476"
"chr8","47930435","47930728","chr8","51864709","51865002","3","3934274"
"chr8","47939131","47939435","chr8","51874292","51874599","8","3935161"
"chr8","47949985","47950080","chr14","100673591","100673682","25","52723606"
"chr8","47978048","47978360","chr8","51914297","51914603","10","3936249"
"chr8","48034875","48034987","chr20","16652596","16652702","20","31382279"
"chr8","48086715","48086839","chr5","172392908","172393028","32","124306193"
"chr8","48124742","48125047","chr8","52064505","52064773","38","3939763"
"chr8","48164785","48165073","chr8","52104574","52104863","1","3939789"
"chr8","48406268","48406372","chr20","16652596","16652702","19","31753672"
"chr8","48495579","48495867","chr3","80235146","80235433","47","31739567"
"chr8","48628692","48628803","chr2B","205936995","205937106","26","157308303"
"chr8","49653717","49653847","chrX","97546574","97546704","13","47892857"
"chr8","49657364","49657599","chr8","53613978","53614213","2","3956614"
"chr8","49662397","49662660","chr1","124399374","124399636","30","74736977"
"chr8","49702500","49702799","chr8","53660509","53660808","0","3958009"
"chr8","49752846","49753104","chr8","53711968","53712226","1","3959122"
"chr8","49781108","49781394","chr8","53741321","53741609","2","3960213"
"chr8","49814202","49814500","chr8","53774438","53774735","4","3960236"
"chr8","49875025","49875110","chr14","100673591","100673682","15","50798566"
"chr8","49901811","49902183","chr8","53856811","53857137","53","3955000"
"chr8","50065897","50066122","chr6","152649833","152650055","29","102583936"
"chr8","50213992","50214304","chr8","54184729","54185042","1","3970737"
"chr8","50337843","50338157","chr8","54308361","54308672","4","3970518"
"chr8","50648889","50649201","chr8","54620895","54621207","5","3972006"
"chr8","50741347","50741660","chr7","106586584","106586884","55","55845237"
"chr8","50755754","50756065","chr8","54729052","54729363","0","3973298"
"chr8","50926785","50927077","chr8","54901127","54901423","8","3974342"
"chr8","50978967","50979076","chr2B","199271339","199271453","25","148292372"
"chr8","55624330","55624481","chr8","55259668","55259819","0","364662"
"chr8","55684240","55684527","chr8","55320431","55320721","5","363809"
"chr8","55868016","55868217","chr8","55503004","55503236","32","365012"
"chr8","56000001","56000108","chr4","91255965","91256071","17","35255964"
"chr8","56536524","56536622","chr8","56172466","56172564","0","364058"
"chr8","56606465","56606766","chr8","56240298","56240601","6","366167"
"chr8","56663755","56664067","chr8","56304658","56304965","7","359097"
"chr8","56689362","56689507","chr9","112064180","112064330","23","55374818"
"chr8","56696684","56696887","chr8","56337596","56337802","5","359088"
"chr8","56713364","56713653","chr8","56354302","56354592","2","359062"
"chr8","56976409","56976621","chr8","56603897","56604109","1","372512"
"chr8","57158321","57158424","chr20","16652596","16652702","23","40505725"
"chr8","57160829","57161137","chr10","86238237","86238543","32","29077408"
"chr8","57315712","57315982","chr8","56945734","56946005","3","369978"
"chr8","57366408","57366708","chr8","56996557","56996859","7","369851"
"chr8","57466446","57466729","chr8","57096727","57097010","1","369719"
"chr8","57575067","57575368","chr8","57213777","57214085","8","361290"
"chr8","58004759","58005057","chr8","57644939","57645240","6","359820"
"chr8","58237849","58238157","chr8","57881265","57881581","8","356584"
"chr8","58477838","58478110","chr17","7785488","7785758","52","50692350"
"chr8","58630568","58630794","chr8","58283181","58283407","2","347387"
"chr8","58693210","58693376","chr11","43973183","43973348","32","14720027"
"chr8","58820140","58820432","chr8","58476091","58476383","1","344049"
"chr8","58890720","58891013","chr8","58546530","58546824","4","344190"
"chr8","58897329","58897617","chr8","58553140","58553431","4","344189"
"chr8","59096024","59096309","chr8","58706355","58706657","18","389669"
"chr8","59129914","59130220","chr1","19669608","19669915","42","39460306"
"chr8","59294879","59295005","chr16","73743066","73743197","29","14448187"
"chr8","59533400","59533702","chr8","59146033","59146336","3","387367"
"chr8","59591694","59591834","chr2A","32693701","32693835","30","26897993"
"chr8","59865307","59865614","chr8","59480440","59480750","5","384867"
"chr8","59939835","59939932","chr9","80389825","80389922","18","20449990"
"chr8","60089212","60089319","chr2B","205936995","205937106","25","145847783"
"chr8","60259117","60259326","chr8","59862780","59862989","1","396337"
"chr8","60270205","60270503","chr4","167882463","167882760","29","107612258"
"chr8","60778678","60778830","chr15","77710316","77710474","29","16931638"
"chr8","60971912","60972217","chr8","60579359","60579664","3","392553"
"chr8","61422254","61422527","chr6","162678441","162678712","53","101256187"
"chr8","61449630","61449735","chr14","100673591","100673682","28","39223961"
"chr8","61586324","61586628","chr1","38099644","38099948","29","23486680"
"chr8","61760303","61760593","chr8","61363245","61363544","17","397058"
"chr8","62756909","62757200","chr2A","72126431","72126725","36","9369522"
"chr8","62838856","62839148","chr8","62445581","62445877","6","393275"
"chr8","63514821","63514960","chr4","28030717","28030863","23","35484104"
"chr8","63523302","63523407","chr22","33938435","33938535","19","29584867"
"chr8","63598435","63598535","chr12","12586014","12586108","19","51012421"
"chr8","63819473","63819765","chr8","63432104","63432396","1","387369"
"chr8","63831356","63831472","chr2B","205936995","205937106","25","142105639"
"chr8","63900038","63900151","chr22","33938435","33938535","29","29961603"
"chr8","63944019","63944141","chr5","172392908","172393028","21","108448889"
"chr8","63947536","63947837","chr8","63565410","63565711","1","382126"
"chr8","63961659","63961839","chr4","54114840","54115009","36","9846819"
"chr8","64057458","64057754","chr8","63676555","63676856","9","380903"
"chr8","64122179","64122278","chr3","181238196","181238292","33","117116017"
"chr8","64169672","64169776","chr20","16652596","16652702","27","47517076"
"chr8","64172359","64172660","chr8","63794333","63794639","7","378026"
"chr8","64220637","64220949","chr8","63842742","63843054","1","377895"
"chr8","64344380","64344676","chr8","63967748","63968044","0","376632"
"chr8","64521589","64521886","chr8","64149960","64150258","3","371629"
"chr8","64596129","64596294","chr3","66791197","66791359","33","2195068"
"chr8","64678612","64678776","chr19","43123109","43123278","37","21555503"
"chr8","64691079","64691222","chr9","126033987","126034138","28","61342908"
"chr8","64767986","64768208","chr8","64398221","64398446","3","369765"
"chr8","64778461","64778773","chr8","64409289","64409603","2","369172"
"chr8","64844620","64844713","chr20","16652596","16652702","22","48192024"
"chr8","64853048","64853353","chr8","64484685","64484992","3","368363"
"chr8","64866771","64866850","chr11","8774884","8774956","19","56091887"
"chr8","64867217","64867505","chr12","26797762","26798058","50","38069455"
"chr8","64918032","64918323","chr8","64549597","64549888","2","368435"
"chr8","64926403","64926688","chr8","64557992","64558275","3","368411"
"chr8","64929381","64929555","chr11","43973183","43973348","35","20956198"
"chr8","64945662","64945961","chr8","64578111","64578420","15","367551"
"chr8","64956289","64956470","chrX","19505314","19505493","34","45450975"
"chr8","64956635","64956751","chr8","64590362","64590478","1","366273"
"chr8","64957940","64958110","chr11","124492028","124492191","22","59534088"
"chr8","65072224","65072375","chrX","70060453","70060604","35","4988229"
"chr8","65095109","65095201","chr13","24059413","24059502","24","41035696"
"chr8","65116965","65117068","chr6","159074849","159074952","21","93957884"
"chr8","65131947","65132240","chr4","130547535","130547834","51","65415588"
"chr8","65138260","65138567","chr5","133214691","133214991","46","68076431"
"chr8","65143236","65143518","chr3","200556220","200556500","36","135412984"
"chr8","65169249","65169347","chr2A","62538961","62539069","26","2630288"
"chr8","65216528","65216798","chr8","64857688","64857958","0","358840"
"chr8","65229407","65229551","chr10","92530394","92530537","33","27300987"
"chr8","65236089","65236389","chr8","51295198","51295500","30","13940891"
"chr8","65253114","65253193","chr3","46579108","46579189","7","18674006"
"chr8","65257528","65257737","chr8","28804643","28804851","36","36452885"
"chr8","65296873","65297180","chr8","64943937","64944249","9","352936"
"chr8","65304755","65304916","chr22","28740299","28740471","31","36564456"
"chr8","65443398","65443706","chr8","65091287","65091600","6","352111"
"chr8","65537798","65538099","chr8","65184654","65184956","2","353144"
"chr8","65560414","65560714","chr8","65207920","65208222","3","352494"
"chr8","65601346","65601650","chr8","65248880","65249164","30","352466"
"chr8","65675035","65675344","chr8","65325847","65326145","14","349188"
"chr8","65889898","65890005","chr2B","142240066","142240170","29","76350168"
"chr8","66159092","66159365","chr8","65822425","65822697","3","336667"
"chr8","66517750","66517917","chr1","54397545","54397708","31","12120205"
"chr8","66628579","66628881","chr8","66296729","66297032","1","331850"
"chr8","66734064","66734372","chr8","66406659","66406968","1","327405"
"chr8","66816318","66816616","chr8","66488375","66488672","5","327943"
"chr8","67227495","67227767","chr8","66900509","66900817","36","326986"
"chr8","67246276","67246497","chr8","66919377","66919598","3","326899"
"chr8","67309064","67309368","chr8","66982927","66983229","4","326137"
"chr8","67544535","67544729","chr17","43270225","43270418","29","24274310"
"chr8","67626008","67626313","chr8","67305207","67305513","2","320801"
"chr8","67770830","67771128","chr8","67453731","67454028","6","317099"
"chr8","67911539","67911838","chr8","67587238","67587538","1","324301"
"chr8","67947376","67947683","chr12","80434128","80434438","48","12486752"
"chr8","68016247","68016434","chr9","125039330","125039513","43","57023083"
"chr8","68063700","68063815","chr7","112797358","112797487","31","44733658"
"chr8","68075402","68075513","chr5","172392908","172393028","30","104317506"
"chr8","68104676","68104797","chr2B","199271339","199271453","24","131166663"
"chr8","68115872","68116166","chr8","67805487","67805780","5","310385"
"chr8","68134303","68134611","chr8","67823348","67823658","3","310955"
"chr8","68139087","68139378","chr12","61508381","61508672","33","6630706"
"chr8","68159403","68159703","chr8","67847511","67847812","3","311892"
"chr8","68169174","68169475","chr8","67857298","67857602","3","311876"
"chr8","68190332","68190534","chr3","9999803","10000000","38","58190529"
"chr8","68194054","68194179","chr2B","199271339","199271453","32","131077285"
"chr8","68207342","68207634","chr8","67896671","67896966","4","310671"
"chr8","68243597","68243745","chr8","67933944","67934092","1","309653"
"chr8","68245408","68245580","chr8","67935754","67935948","22","309654"
"chr8","68267734","68268046","chr8","67959421","67959731","8","308313"
"chr8","68271755","68272050","chr8","67963451","67963746","0","308304"
"chr8","68433812","68433970","chr5","125135635","125135796","32","56701823"
"chr8","68475744","68475856","chr2B","205936995","205937106","26","137461251"
"chr8","68598443","68598575","chr2A","32693701","32693835","25","35904742"
"chr8","68723097","68723202","chr2B","199271339","199271453","28","130548242"
"chr8","68762164","68762253","chr14","100673591","100673682","24","31911427"
"chr8","68838840","68839129","chr8","68534581","68534870","0","304259"
"chr8","68844473","68844763","chr8","68539903","68540193","1","304570"
"chr8","69099363","69099466","chr14","100673591","100673682","22","31574228"
"chr8","69316007","69316304","chr8","69026615","69026922","16","289392"
"chr8","69435309","69435602","chr8","69147723","69148018","9","287586"
"chr8","69558440","69558751","chr8","69273025","69273357","25","285415"
"chr8","69631286","69631452","chr7","133180237","133180401","25","63548951"
"chr8","69764307","69764512","chr4","88026372","88026577","32","18262065"
"chr8","69809027","69809338","chr8","69526324","69526634","6","282703"
"chr8","69819723","69819831","chr6","159074849","159074952","19","89255126"
"chr8","70712646","70712941","chr8","70452501","70452796","1","260145"
"chr8","70857611","70857734","chr5","172392908","172393028","24","101535297"
"chr8","71099700","71100018","chr8","70845859","70846174","4","253841"
"chr8","71105150","71105444","chr22","15485107","15485401","68","55620043"
"chr8","71118922","71119184","chr8","70865039","70865339","38","253883"
"chr8","71237070","71237264","chr5","52741078","52741271","43","18495992"
"chr8","71369261","71369358","chr9","104106843","104106929","23","32737582"
"chr8","71633453","71633741","chr8","71410600","71410890","6","222853"
"chr8","71700755","71700847","chr13","24059413","24059502","27","47641342"
"chr8","71741466","71741745","chr8","71523352","71523631","2","218114"
"chr8","71794753","71795046","chr8","71576694","71576988","3","218059"
"chr8","71900029","71900128","chr3","181238196","181238292","25","109338167"
"chr8","71949509","71949657","chr10","106630574","106630719","26","34681065"
"chr8","71988023","71988240","chr8","71775441","71775659","1","212582"
"chr8","71996487","71996776","chr8","71786056","71786345","3","210431"
"chr8","71999002","71999288","chr8","71788574","71788860","2","210428"
"chr8","72049058","72049155","chr12","12586014","12586108","21","59463044"
"chr8","72050695","72050828","chr15","62181783","62181913","15","9868912"
"chr8","72051125","72051287","chr7","11297638","11297804","32","60753487"
"chr8","72062119","72062411","chr8","71850819","71851113","3","211300"
"chr8","72098085","72098176","chr8","46091691","46091777","22","26006394"
"chr8","72127977","72128094","chr2B","199271339","199271453","25","127143362"
"chr8","72200991","72201281","chr8","71994063","71994373","20","206928"
"chr8","72205524","72205613","chr9","80389825","80389922","19","8184301"
"chr8","72261632","72261926","chr8","72055278","72055572","0","206354"
"chr8","72671496","72671799","chr8","72471290","72471593","5","200206"
"chr8","72904075","72904336","chr8","72706196","72706457","1","197879"
"chr8","73335041","73335332","chr8","73145411","73145702","0","189630"
"chr8","73447462","73447752","chr8","73259119","73259404","6","188343"
"chr8","73558343","73558458","chr3","198268184","198268291","29","124709841"
"chr8","73989773","73990063","chr8","73811996","73812282","4","177777"
"chr8","75295734","75296040","chr8","75148997","75149278","26","146737"
"chr8","75334630","75334717","chr3","181238196","181238292","22","105903566"
"chr8","75339252","75339535","chr8","75192709","75192992","5","146543"
"chr8","75614925","75615067","chr7","119909730","119909884","36","44294805"
"chr8","75735580","75735727","chr19","4055014","4055149","26","71680566"
"chr8","75752678","75752970","chr13","19020766","19021054","40","56731912"
"chr8","76043636","76043759","chr5","172392908","172393028","28","96349272"
"chr8","76290631","76290930","chr8","76164440","76164746","13","126191"
"chr8","76334330","76334467","chr12","6546624","6546764","31","69787706"
"chr8","76642071","76642377","chr8","76518441","76518751","11","123630"
"chr8","76903457","76903775","chr8","76783745","76784063","7","119712"
"chr8","76982238","76982544","chr8","76861694","76862000","1","120544"
"chr8","77079761","77079878","chr7","5242594","5242724","26","71837167"
"chr8","77139305","77139373","chr16","29842286","29842343","20","47297019"
"chr8","77295985","77296305","chr20","31780440","31780748","50","45515545"
"chr8","77423271","77423551","chr8","77312775","77313060","7","110496"
"chr8","77508120","77508417","chr8","77399310","77399613","8","108810"
"chr8","77615748","77615853","chr20","16652596","16652702","20","60963152"
"chr8","77841294","77841406","chr8","77734997","77735110","1","106297"
"chr8","77894172","77894374","chr8","77792914","77793116","1","101258"
"chr8","77944671","77944785","chr2B","199271339","199271453","23","121326668"
"chr8","77949025","77949193","chr8","77849229","77849397","2","99796"
"chr8","78004590","78004881","chr8","77905794","77906093","11","98796"
"chr8","78096485","78096795","chr8","78000283","78000591","4","96202"
"chr8","78108652","78108815","chr12","40340649","40340811","28","37768003"
"chr8","78130210","78130518","chr8","78036059","78036367","0","94151"
"chr8","78213627","78213748","chr2B","207026815","207026935","29","128813188"
"chr8","78352508","78352716","chr8","78259420","78259629","3","93088"
"chr8","78363206","78363443","chr1","133581641","133581865","46","55218435"
"chr8","78368544","78368691","chr1","214242319","214242461","18","135873775"
"chr8","78372969","78373276","chr8","78279762","78280071","4","93207"
"chr8","78397511","78397649","chr1","46484701","46484838","20","31912810"
"chr8","78401264","78401570","chr8","78311345","78311651","0","89919"
"chr8","78478085","78478367","chr8","78387501","78387784","2","90584"
"chr8","78501666","78501975","chr8","78411672","78411965","18","89994"
"chr8","78528719","78529024","chr8","78439152","78439465","14","89567"
"chr8","78538335","78538471","chr5","172392908","172393028","32","93854573"
"chr8","78565743","78566052","chr8","78477294","78477599","5","88449"
"chr8","78602766","78603058","chr13","52114579","52114873","42","26488187"
"chr8","78634804","78635094","chr8","78546811","78547103","4","87993"
"chr8","78689491","78689793","chr1","51873601","51873901","31","26815890"
"chr8","78717087","78717383","chr8","78631198","78631499","6","85889"
"chr8","78726051","78726266","chr12","31784985","31785203","31","46941066"
"chr8","78819659","78819876","chr8","78734756","78734973","1","84903"
"chr8","79034520","79034847","chr8","78950055","78950338","44","84465"
"chr8","79370366","79370555","chr8","79288093","79288282","0","82273"
"chr8","79446325","79446614","chr8","79363520","79363810","1","82805"
"chr8","79489194","79489398","chr8","79408604","79408808","1","80590"
"chr8","79550592","79550711","chr22","35041748","35041876","25","44508844"
"chr8","79581826","79582122","chr8","79502641","79502937","4","79185"
"chr8","79813910","79814208","chr8","79743626","79743925","1","70284"
"chr8","80175274","80175558","chr8","80105971","80106276","22","69303"
"chr8","80213659","80213946","chr8","80144521","80144808","0","69138"
"chr8","80549110","80549403","chr8","80493462","80493755","0","55648"
"chr8","80650523","80650819","chr8","80595168","80595477","13","55355"
"chr8","80709457","80709791","chr8","80653903","80654241","6","55554"
"chr8","80883221","80883483","chr8","80833799","80834061","4","49422"
"chr8","80895079","80895366","chr8","80845672","80845963","5","49407"
"chr8","81173305","81173603","chr8","81123114","81123412","3","50191"
"chr8","81193366","81193640","chr6","24679370","24679638","56","56513996"
"chr8","81279471","81279759","chr8","81228284","81228572","4","51187"
"chr8","81307472","81307752","chr8","81256348","81256628","2","51124"
"chr8","81545632","81545751","chr2B","199271339","199271453","24","117725707"
"chr8","81825398","81825654","chr8","81781868","81782134","13","43530"
"chr8","81994182","81994459","chr8","81953210","81953487","0","40972"
"chr8","82004142","82004416","chr8","81963180","81963457","8","40962"
"chr8","82084399","82084709","chr8","82044094","82044404","6","40305"
"chr8","82123343","82123645","chr8","82083577","82083880","10","39766"
"chr8","82388310","82388615","chr8","82349555","82349864","4","38755"
"chr8","82687832","82688146","chr8","82653583","82653897","6","34249"
"chr8","83043899","83044000","chr14","100673591","100673682","26","17629692"
"chr8","83285166","83285470","chr12","95933855","95934159","53","12648689"
"chr8","83401944","83402105","chr11","17051026","17051186","22","66350918"
"chr8","83455255","83455549","chr8","83446383","83446678","1","8872"
"chr8","83504504","83504787","chr8","83495922","83496206","1","8582"
"chr8","83538203","83538385","chr8","83530037","83530217","6","8166"
"chr8","83620940","83621157","chr8","83613022","83613239","0","7918"
"chr8","84588343","84588527","chr8","84018854","84019036","4","569489"
"chr8","84929692","84929857","chrX","155632548","155632709","32","70702856"
"chr8","84929884","84929924","chr10","27042861","27042906","13","57887023"
"chr8","84940467","84940641","chr8","84376358","84376535","7","564109"
"chr8","84979655","84979773","chr2B","207026815","207026935","29","122047160"
"chr8","85051528","85051844","chr1","109736559","109736854","65","24685031"
"chr8","85066687","85066969","chr8","84500967","84501251","5","565720"
"chr8","85377729","85377821","chr3","181238196","181238292","20","95860467"
"chr8","85413829","85414061","chr22","32776377","32776581","61","52637452"
"chr8","85717133","85717343","chr1","10109618","10109833","34","75607515"
"chr8","85775505","85775803","chr8","85226136","85226435","2","549369"
"chr8","85794762","85795058","chr8","85246202","85246501","7","548560"
"chr8","85868931","85869222","chr9","75562127","75562412","45","10306804"
"chr8","85970129","85970438","chr8","85462034","85462344","8","508095"
"chr8","86071411","86071705","chr8","85566444","85566747","11","504967"
"chr8","86074673","86074966","chr8","85569718","85570014","6","504955"
"chr8","86294265","86294566","chr8","85791844","85792153","9","502421"
"chr8","86342434","86342734","chr8","85849625","85849928","6","492809"
"chr8","86739569","86739700","chr16","73743066","73743197","27","12996503"
"chr8","86870579","86870863","chr8","101370131","101370427","35","14499552"
"chr8","87439638","87439912","chr8","86964998","86965273","2","474640"
"chr8","87511417","87511697","chr8","87041022","87041314","19","470395"
"chr8","87555801","87556081","chr8","87086058","87086350","13","469743"
"chr8","87752955","87753252","chr8","87288306","87288613","12","464649"
"chr8","88079915","88080085","chr8","87620598","87620765","8","459317"
"chr8","88152140","88152444","chr8","87693320","87693621","4","458820"
"chr8","88277651","88277944","chr8","87821119","87821413","1","456532"
"chr8","89227451","89227539","chr14","100673591","100673682","22","11446140"
"chr8","89247630","89247808","chr8","99468092","99468274","36","10220462"
"chr8","89248096","89248200","chr15","38195761","38195857","29","51052335"
"chr8","89251711","89252020","chr8","88812467","88812776","1","439244"
"chr8","89422564","89422871","chr8","88984385","88984695","8","438179"
"chr8","89493451","89493576","chr8","26723415","26723536","28","62770036"
"chr8","89561240","89561548","chr8","89122229","89122531","22","439011"
"chr8","89664504","89664798","chr8","89228333","89228642","16","436171"
"chr8","89901507","89901664","chrX","65801999","65802155","22","24099508"
"chr8","90061179","90061482","chr8","89630496","89630797","6","430683"
"chr8","90145708","90146018","chr8","89721710","89722018","8","423998"
"chr8","90230108","90230398","chr8","89806216","89806510","5","423892"
"chr8","90275918","90276194","chr14","38966496","38966776","36","51309422"
"chr8","90370191","90370453","chr8","89947206","89947468","2","422985"
"chr8","90401914","90402000","chr14","100673591","100673682","28","10271677"
"chr8","90435326","90435427","chr3","181238196","181238292","26","90802870"
"chr8","90566884","90567158","chr8","90148004","90148310","33","418880"
"chr8","90617011","90617060","chr8","90198877","90198926","0","418134"
"chr8","90710195","90710285","chrX","41447278","41447366","10","49262917"
"chr8","90730384","90730690","chr8","90314587","90314896","7","415797"
"chr8","91813777","91813866","chr8","46091691","46091777","21","45722086"
"chr8","92031838","92032124","chrX","27283479","27283765","36","64748359"
"chr8","92273734","92274031","chr8","91874354","91874653","4","399380"
"chr8","92292022","92292331","chr8","91893399","91893709","2","398623"
"chr8","92335349","92335654","chr8","91937771","91938076","6","397578"
"chr8","92388140","92388422","chr8","91991416","91991698","0","396724"
"chr8","92441934","92442218","chr8","92047129","92047414","5","394805"
"chr8","92465338","92465454","chr3","200758253","200758371","11","108292915"
"chr8","92527275","92527494","chr8","56603897","56604109","38","35923378"
"chr8","92592181","92592504","chr9","39448596","39448907","56","53143585"
"chr8","92661415","92661696","chr8","92272185","92272491","27","389230"
"chr8","92812624","92812749","chr2B","199271339","199271453","28","106458715"
"chr8","92831997","92832305","chr8","92444615","92444928","6","387382"
"chr8","93043215","93043520","chr8","92661846","92662151","0","381369"
"chr8","93063943","93064222","chr11","89744251","89744517","47","3319692"
"chr8","93070340","93070649","chr8","92689632","92689946","5","380708"
"chr8","93074542","93074825","chr8","92693798","92694081","2","380744"
"chr8","93178610","93178704","chr14","100673591","100673682","21","7494981"
"chr8","93193126","93193233","chr2B","199271339","199271453","25","106078213"
"chr8","93520067","93520375","chrX","140941272","140941578","40","47421205"
"chr8","93522546","93522852","chr8","92886281","92886588","3","636265"
"chr8","93540766","93540963","chr17","73441364","73441560","30","20099402"
"chr8","93547744","93548043","chr10","62117600","62117893","29","31430144"
"chr8","93576722","93577018","chr8","92945602","92945899","3","631120"
"chr8","93587831","93588128","chr2A","110071735","110072030","44","16483904"
"chr8","93593946","93594237","chr8","92962995","92963288","9","630951"
"chr8","93628665","93628804","chr2A","32693701","32693835","27","60934964"
"chr8","93665096","93665384","chr8","93036274","93036562","1","628822"
"chr8","93735248","93735485","chr1","180802081","180802296","65","87066833"
"chr8","93745763","93746068","chr8","93118556","93118859","20","627207"
"chr8","93760835","93761126","chr8","93134262","93134553","0","626573"
"chr8","93782493","93782788","chr8","93156580","93156876","1","625913"
"chr8","93875389","93875683","chr8","93252188","93252487","5","623201"
"chr8","93923761","93924034","chr8","93302246","93302518","2","621515"
"chr8","94034540","94034783","chr8","93412916","93413159","0","621624"
"chr8","94092503","94092585","chr8","46091691","46091777","26","48000812"
"chr8","94181006","94181309","chr8","93564094","93564399","2","616912"
"chr8","94318152","94318446","chr8","93704672","93704973","10","613480"
"chr8","94388645","94388762","chr4","84675478","84675615","33","9713167"
"chr8","94543067","94543371","chr8","93937049","93937358","7","606018"
"chr8","94551377","94551486","chr20","16652596","16652702","21","77898781"
"chr8","94589781","94590075","chr8","93984237","93984533","7","605544"
"chr8","94597592","94597893","chr3","183132519","183132815","54","88534927"
"chr8","94902634","94902836","chr6","57179237","57179439","51","37723397"
"chr8","94939904","94940070","chr8","94332186","94332356","7","607718"
"chr8","95111180","95111287","chr1","162362855","162362955","20","67251675"
"chr8","95303846","95304129","chr13","114240141","114240420","36","18936295"
"chr8","95358494","95358661","chr18","16129447","16129614","28","79229047"
"chr8","95483126","95483423","chr8","94891485","94891786","9","591641"
"chr8","96028561","96028846","chr15","43983026","43983309","40","52045535"
"chr8","96193433","96193745","chr12","98993823","98994128","42","2800390"
"chr8","96364459","96364790","chr8","95782128","95782464","6","582331"
"chr8","96479154","96479322","chr8","95901878","95902047","1","577276"
"chr8","96586839","96587065","chr2A","29503231","29503467","31","67083608"
"chr8","96601960","96602264","chr8","96031566","96031872","2","570394"
"chr8","96611528","96611825","chr8","96040860","96041159","2","570668"
"chr8","96616750","96616996","chr1","139183841","139184089","32","42567091"
"chr8","96626636","96626912","chr8","96055809","96056086","2","570827"
"chr8","96628333","96628446","chr2B","205936995","205937106","25","109308662"
"chr8","96642237","96642425","chr11","24500003","24500188","35","72142234"
"chr8","96644425","96644548","chr2B","163227166","163227300","35","66582741"
"chr8","96668476","96668693","chr3","36295297","36295521","43","60373179"
"chr8","96706571","96706840","chr8","96138110","96138375","6","568461"
"chr8","96739785","96740085","chr8","96172666","96172966","0","567119"
"chr8","96742665","96742742","chr8","96175546","96175623","0","567119"
"chr8","96813682","96813973","chr8","96247876","96248169","4","565806"
"chr8","96874388","96874609","chr5","151258515","151258724","36","54384127"
"chr8","96928979","96929207","chr8","96364702","96364933","3","564277"
"chr8","96935646","96935939","chr10","67712506","67712797","35","29223140"
"chr8","96946804","96947093","chr8","96383116","96383404","3","563688"
"chr8","97096782","97096951","chr13","26988435","26988596","25","70108347"
"chr8","97240706","97241014","chr8","96685259","96685575","8","555447"
"chr8","97285927","97286022","chr17","13332748","13332838","22","83953179"
"chr8","97429811","97429903","chr12","12586014","12586108","14","84843797"
"chr8","97452872","97452953","chr8","96896357","96896438","0","556515"
"chr8","97519330","97519599","chr14","35296045","35296321","74","62223285"
"chr8","97575315","97575550","chr8","97023304","97023537","9","552011"
"chr8","97611059","97611255","chr8","97058781","97058973","4","552278"
"chr8","97663821","97664037","chr8","97111219","97111439","6","552602"
"chr8","97666598","97666821","chr5","135391168","135391376","57","37724570"
"chr8","97685841","97686147","chr8","97133271","97133568","12","552570"
"chr8","97703587","97703758","chr14","96271883","96272052","31","1431704"
"chr8","97840107","97840386","chr8","97290306","97290585","0","549801"
"chr8","97880923","97881248","chr8","97329832","97330157","0","551091"
"chr8","97980174","97980453","chr8","97429899","97430178","2","550275"
"chr8","97981597","97981874","chr4","57385567","57385848","50","40596030"
"chr8","97987674","97987990","chr8","97437610","97437926","0","550064"
"chr8","98123342","98123494","chr8","97573708","97573863","4","549634"
"chr8","98337032","98337335","chr8","97789500","97789808","8","547532"
"chr8","98449187","98449420","chr8","97899382","97899615","5","549805"
"chr8","98498989","98499128","chr2A","32693701","32693835","30","65805288"
"chr8","98533889","98534179","chr8","97987178","97987468","0","546711"
"chr8","98679148","98679445","chr8","98132535","98132831","2","546613"
"chr8","98788172","98788469","chr8","98242368","98242671","7","545804"
"chr8","99062935","99063054","chr8","26723415","26723536","18","72339520"
"chr8","99346187","99346481","chr8","98810769","98811064","1","535418"
"chr8","99376699","99376814","chr2B","199271339","199271453","25","99894640"
"chr8","99473880","99474013","chr2A","32693701","32693835","24","66780179"
"chr8","99485800","99485921","chr1","161523032","161523152","17","62037232"
"chr8","99501379","99501657","chr13","66791245","66791523","35","32710134"
"chr8","99507501","99507664","chr9","4701375","4701540","28","94806126"
"chr8","99523696","99523903","chr8","98991368","98991576","1","532328"
"chr8","99541954","99542232","chr8","99009842","99010148","32","532112"
"chr8","99573817","99574115","chr8","99038811","99039109","0","535006"
"chr8","99584533","99584820","chr8","99051445","99051737","6","533088"
"chr8","99585101","99585389","chr9","75562127","75562412","39","24022974"
"chr8","99593412","99593542","chr6","84298883","84299012","26","15294529"
"chr8","99686802","99686924","chr2B","199271339","199271453","27","99584537"
"chr8","99690595","99690874","chr3","117156145","117156424","34","17465550"
"chr8","99746790","99746983","chr3","198771121","198771322","49","99024331"
"chr8","99777997","99778125","chr4","84675478","84675615","19","15102519"
"chr8","99824931","99825059","chr16","73743066","73743197","26","26081865"
"chr8","99833605","99833656","chr8","90198877","90198926","13","9634728"
"chr8","99911866","99912019","chr4","149843795","149843946","20","49931929"
"chr8","100176273","100176394","chr8","99652080","99652197","4","524193"
"chr8","100299766","100300066","chr8","99779225","99779526","5","520541"
"chr8","100723443","100723557","chr5","172392908","172393028","23","71669465"
"chr8","101038798","101039099","chr8","100534945","100535248","2","503853"
"chr8","101079710","101079797","chr8","100576868","100576955","0","502842"
"chr8","101141711","101142020","chr5","103015431","103015728","46","1873720"
"chr8","101166707","101166987","chr8","121571727","121572008","57","20405020"
"chr8","101189396","101189680","chr8","100690325","100690609","1","499071"
"chr8","101206255","101206516","chr8","100707313","100707574","1","498942"
"chr8","101216357","101216460","chr14","100673591","100673682","27","542766"
"chr8","101268315","101268512","chr8","100770858","100771055","0","497457"
"chr8","101289952","101290076","chr5","12092557","12092690","30","89197395"
"chr8","101317662","101317924","chr8","100822279","100822541","2","495383"
"chr8","101371424","101371435","chr1","28547144","28547162","8","72824280"
"chr8","101371473","101371622","chr1","213430388","213430540","25","112058915"
"chr8","101377983","101378285","chr3","5045433","5045734","33","96332550"
"chr8","101395198","101395344","chr2A","39404573","39404722","23","61990625"
"chr8","101440072","101440240","chrX","15694332","15694494","21","85745740"
"chr8","101477429","101477500","chr3","175849490","175849560","21","74372061"
"chr8","101574024","101574124","chr12","3884361","3884460","13","97689663"
"chr8","101585040","101585341","chr8","101093090","101093389","3","491950"
"chr8","101618068","101618327","chr4","151971951","151972225","56","50353883"
"chr8","101674508","101674803","chr8","101184124","101184426","7","490384"
"chr8","101706728","101707024","chr8","101219279","101219575","0","487449"
"chr8","101707766","101708068","chr8","101220316","101220621","3","487450"
"chr8","101736667","101736970","chr8","101250090","101250396","4","486577"
"chr8","101756080","101756301","chr8","101269823","101270054","11","486257"
"chr8","101756683","101756978","chr8","101270435","101270729","3","486248"
"chr8","101770042","101770351","chr14","103484370","103484671","26","1714328"
"chr8","101797591","101797892","chr8","101311775","101312074","6","485816"
"chr8","101825558","101825677","chr20","16652596","16652702","32","85172962"
"chr8","101854835","101855138","chr8","101370131","101370427","14","484704"
"chr8","101930272","101930567","chr8","101446397","101446702","16","483875"
"chr8","102138665","102138959","chr7","28603736","28604029","41","73534929"
"chr8","102166567","102166867","chr8","101687701","101688001","3","478866"
"chr8","102278416","102278699","chr2A","39320008","39320298","56","62958408"
"chr8","102345155","102345291","chr8","26723415","26723536","28","75621740"
"chr8","102505810","102506092","chr9","68279069","68279355","52","34226741"
"chr8","102619677","102619983","chr12","119147159","119147469","57","16527482"
"chr8","102649664","102649814","chr8","102176565","102176717","4","473099"
"chr8","102752132","102752415","chr13","30829550","30829844","62","71922582"
"chr8","102760206","102760305","chr14","100673591","100673682","22","2086615"
"chr8","102811780","102811983","chr2B","238796286","238796499","31","135984506"
"chr8","102912494","102912576","chr3","181238196","181238292","32","78325702"
"chr8","102988299","102988592","chr8","102520721","102521021","8","467578"
"chr8","103036104","103036395","chr8","102571206","102571497","1","464898"
"chr8","103214678","103214898","chr8","102759448","102759659","9","455230"
"chr8","103276855","103277161","chr8","102829957","102830262","6","446898"
"chr8","103295497","103295811","chr8","102849138","102849423","31","446359"
"chr8","103564237","103564519","chr4","168015225","168015506","36","64450988"
"chr8","103564548","103564559","chr1","28547144","28547162","9","75017404"
"chr8","103790301","103790608","chr8","103345688","103345995","0","444613"
"chr8","103878128","103878304","chr8","103433891","103434069","5","444237"
"chr8","104200852","104201136","chr10","93391235","93391531","45","10809617"
"chr8","104760575","104760875","chr8","104330684","104331013","30","429891"
"chr8","104820003","104820293","chr8","104390612","104390940","39","429391"
"chr8","104844687","104844810","chr16","73743066","73743197","31","31101621"
"chr8","105007193","105007280","chr3","181238196","181238292","30","76231003"
"chr8","105049411","105049534","chr8","26723415","26723536","26","78325996"
"chr8","105077222","105077513","chr8","104674495","104674787","8","402727"
"chr8","105114631","105114921","chr8","104712247","104712537","1","402384"
"chr8","105176490","105176792","chr8","104771437","104771744","5","405053"
"chr8","105211948","105212258","chr8","104806941","104807251","3","405007"
"chr8","105418494","105418700","chr1","202314634","202314839","37","96896140"
"chr8","105645264","105645379","chr12","93126526","93126644","25","12518738"
"chr8","105650235","105650329","chrX","16927421","16927515","15","88722814"
"chr8","105832550","105832848","chr8","105435176","105435481","9","397374"
"chr8","105948943","105949231","chr8","105552616","105552904","1","396327"
"chr8","106037513","106037821","chr8","105641732","105642041","3","395781"
"chr8","106052029","106052317","chr8","105656663","105656951","0","395366"
"chr8","106235238","106235538","chr8","105842132","105842448","16","393106"
"chr8","106418910","106419141","chr8","106026363","106026594","0","392547"
"chr8","106797456","106797686","chr8","106411976","106412206","3","385480"
"chr8","106891648","106891913","chr8","106507630","106507895","2","384018"
"chr8","107000734","107000850","chr3","181143385","181143493","30","74142651"
"chr8","107253404","107253698","chr8","106865401","106865697","2","388003"
"chr8","107294876","107294974","chr2B","210790127","210790232","20","103495251"
"chr8","107502745","107503054","chr8","107116369","107116673","7","386376"
"chr8","107560287","107560484","chr8","107173858","107174068","14","386429"
"chr8","107814474","107814623","chr8","107433929","107434080","3","380545"
"chr8","107893403","107893591","chr1","32705261","32705445","44","75188142"
"chr8","108060508","108060816","chr8","107687576","107687886","5","372932"
"chr8","108162176","108162472","chr8","107793426","107793724","4","368750"
"chr8","108213521","108213823","chr8","107847486","107847789","2","366035"
"chr8","108242886","108243192","chr8","107879473","107879777","3","363413"
"chr8","108271535","108271775","chr8","107908159","107908412","15","363376"
"chr8","108373353","108373481","chr8","26723415","26723536","25","81649938"
"chr8","108677332","108677626","chr20","29577491","29577783","39","79099841"
"chr8","109095137","109095441","chr8","108746090","108746399","8","349047"
"chr8","109179077","109179379","chr8","108830368","108830669","2","348709"
"chr8","109195180","109195489","chr8","108846738","108847047","1","348442"
"chr8","110062544","110062853","chr8","109310288","109310594","7","752256"
"chr8","110068097","110068394","chr8","109315847","109316152","10","752250"
"chr8","110199540","110199841","chr8","109452347","109452650","2","747193"
"chr8","110600676","110600956","chr8","109863277","109863557","0","737399"
"chr8","111065037","111065316","chr8","110335204","110335486","5","729833"
"chr8","111148836","111148954","chr5","172392908","172393028","28","61244072"
"chr8","111150622","111150901","chr8","110422095","110422373","4","728527"
"chr8","111309316","111309613","chr8","110581674","110581975","9","727642"
"chr8","111433559","111433858","chr8","92993729","92994007","62","18439830"
"chr8","111433889","111433911","chr1","28547144","28547162","9","82886745"
"chr8","111570749","111571053","chr8","110844238","110844546","9","726511"
"chr8","111602370","111602665","chr8","110875921","110876216","3","726449"
"chr8","111699300","111699405","chr2B","210790127","210790232","22","99090827"
"chr8","111841322","111841612","chr8","111138617","111138907","0","702705"
"chr8","112650746","112650831","chr13","24059413","24059502","19","88591333"
"chr8","112911141","112911301","chrX","15694332","15694494","29","97216809"
"chr8","112991917","112992213","chr8","112297375","112297673","7","694542"
"chr8","113442438","113442761","chr8","112752560","112752854","32","689878"
"chr8","113461813","113462060","chr8","112773909","112774162","7","687904"
"chr8","113590639","113590820","chr4","163851580","163851762","37","50260941"
"chr8","113619058","113619198","chr8","112933585","112933727","4","685473"
"chr8","113693837","113694148","chr8","113007498","113007809","2","686339"
"chr8","113925147","113925418","chr6","162678441","162678712","46","48753294"
"chr8","114365803","114366086","chr8","113684569","113684850","2","681234"
"chr8","114454680","114454961","chr8","113773701","113773982","0","680979"
"chr8","114568717","114569017","chr4","44940665","44940968","37","69628052"
"chr8","114832436","114832742","chr8","114154945","114155252","7","677491"
"chr8","114858561","114858825","chr8","114181075","114181340","4","677486"
"chr8","115250506","115250779","chr8","114583662","114583958","24","666844"
"chr8","115693064","115693335","chr8","115030223","115030494","0","662841"
"chr8","116024851","116025143","chr8","115362948","115363242","3","661903"
"chr8","116042132","116042243","chr2B","205936995","205937106","22","89894863"
"chr8","116687388","116687698","chr8","116028355","116028677","15","659033"
"chr8","116747234","116747527","chr8","116111202","116111505","11","636032"
"chr8","116774799","116775107","chr8","116139218","116139513","15","635581"
"chr8","116951964","116952264","chr3","176176482","176176774","53","59224518"
"chr8","117168116","117168270","chr8","116533825","116533979","0","634291"
"chr8","117184289","117184586","chr8","116549975","116550276","8","634314"
"chr8","117203752","117204032","chr14","22253484","22253767","56","94950268"
"chr8","117216241","117216366","chr8","26723415","26723536","28","90492826"
"chr8","117460908","117461198","chr8","116830403","116830666","27","630505"
"chr8","117621830","117621989","chr8","116993056","116993215","1","628774"
"chr8","117659849","117660150","chr8","117031105","117031408","3","628744"
"chr8","117767326","117767628","chr8","117140033","117140343","12","627293"
"chr8","117846139","117846369","chr8","117221883","117222112","2","624256"
"chr8","118342292","118342593","chr8","117730157","117730458","8","612135"
"chr8","119048375","119048668","chr8","118205712","118206006","2","842663"
"chr8","119055048","119055357","chr8","118212388","118212697","5","842660"
"chr8","119064150","119064449","chr1","160739024","160739322","29","41674874"
"chr8","119210266","119210554","chr8","118370959","118371248","2","839307"
"chr8","119233547","119233838","chr8","118394269","118394560","0","839278"
"chr8","119273775","119274087","chr8","118435790","118436099","6","837985"
"chr8","119305029","119305328","chr1","20587160","20587463","48","98717869"
"chr8","119322981","119323288","chr22","15934622","15934912","72","103388359"
"chr8","119338130","119338428","chr7","134335410","134335707","41","14997280"
"chr8","119360123","119360306","chr8","118521420","118521603","1","838703"
"chr8","119389036","119389148","chr5","172392908","172393028","29","53003872"
"chr8","119420577","119420878","chr8","118583441","118583738","5","837136"
"chr8","119423753","119424030","chr8","118586612","118586889","3","837141"
"chr8","119433397","119433707","chr8","118596278","118596588","6","837119"
"chr8","119468554","119468634","chr8","46091691","46091777","23","73376863"
"chr8","119606413","119606731","chr8","118751573","118751893","2","854840"
"chr8","119614447","119614732","chr8","118759621","118759912","8","854826"
"chr8","119624738","119625026","chr8","118769931","118770220","2","854807"
"chr8","119645765","119646061","chr8","118792683","118792980","6","853082"
"chr8","119698360","119698652","chr8","118845830","118846123","2","852530"
"chr8","119910785","119911087","chr8","119062416","119062723","6","848369"
"chr8","119924796","119925105","chr8","119076435","119076746","5","848361"
"chr8","120039024","120039119","chr14","103328251","103328345","23","16710773"
"chr8","120496344","120496633","chr8","119676480","119676768","2","819864"
"chr8","120641773","120642072","chr8","119824260","119824562","5","817513"
"chr8","120644605","120644727","chr5","172392908","172393028","29","51748303"
"chr8","120758573","120758858","chr8","119945157","119945463","21","813416"
"chr8","120778693","120778982","chr8","119965309","119965599","1","813384"
"chr8","120919737","120920029","chr5","60225819","60226111","29","60693918"
"chr8","121033746","121034043","chr8","120222136","120222449","16","811610"
"chr8","121040030","121040333","chr8","120229016","120229327","11","811014"
"chr8","121053493","121053594","chr14","100673591","100673682","19","20379902"
"chr8","121062766","121063058","chr8","120251790","120252092","15","810976"
"chr8","121069296","121069463","chr5","438717","438887","22","120630579"
"chr8","121299979","121300283","chr8","120492355","120492658","3","807624"
"chr8","121386745","121387042","chr8","120583280","120583580","4","803465"
"chr8","121392502","121392633","chr8","139782932","139783077","28","18390430"
"chr8","121432693","121433003","chr8","120629274","120629591","15","803419"
"chr8","121589125","121589414","chr8","120788039","120788345","20","801086"
"chr8","121614782","121615081","chr8","120813731","120814034","7","801051"
"chr8","121635180","121635481","chr8","120835321","120835622","1","799859"
"chr8","121745265","121745465","chr8","56337596","56337802","35","65407669"
"chr8","122221109","122221267","chr17","75589264","75589422","23","46631845"
"chr8","122342001","122342311","chr8","121555107","121555417","2","786894"
"chr8","122397051","122397345","chr2B","120003575","120003866","51","2393476"
"chr8","122436813","122437116","chr3","188317272","188317569","44","65880459"
"chr8","122457548","122457773","chr15","30999422","30999654","40","91458126"
"chr8","122461857","122462158","chr8","121676109","121676410","1","785748"
"chr8","122503066","122503347","chr8","121719149","121719430","1","783917"
"chr8","122524519","122524814","chr8","121740648","121740946","3","783871"
"chr8","122541847","122542137","chr8","121757973","121758289","26","783874"
"chr8","122546239","122546441","chr8","121914284","121914486","0","631955"
"chr8","122577859","122578151","chr8","121794374","121794667","2","783485"
"chr8","122591116","122591283","chr22","16225217","16225380","21","106365899"
"chr8","122614819","122615130","chr6","130794483","130794795","37","8179664"
"chr8","122682820","122683109","chr8","121900732","121901021","7","782088"
"chr8","122685557","122685844","chr8","121903469","121903755","24","782088"
"chr8","122696476","122696588","chr4","47116983","47117084","39","75579493"
"chr8","122760531","122760615","chr3","181238196","181238292","29","58477665"
"chr8","122791678","122791838","chr8","122011700","122011885","25","779978"
"chr8","122807354","122807470","chr8","26723415","26723536","22","96083939"
"chr8","122809055","122809348","chr8","122029084","122029383","6","779971"
"chr8","122813108","122813413","chr8","122033180","122033484","5","779928"
"chr8","122847626","122847744","chr5","172392908","172393028","22","49545282"
"chr8","122853560","122853866","chr13","49746649","49746946","53","73106911"
"chr8","122874860","122875146","chr8","122096196","122096481","1","778664"
"chr8","122900662","122900737","chr14","100673591","100673682","31","22227071"
"chr8","122907113","122907194","chr11","8774884","8774956","20","114132229"
"chr8","122909797","122909932","chr2B","236907218","236907348","33","113997421"
"chr8","122912942","122913244","chr8","122135238","122135541","2","777704"
"chr8","122966664","122966960","chr8","122191039","122191336","2","775625"
"chr8","122981545","122981841","chr1","10063605","10063905","38","112917940"
"chr8","123000884","123001049","chr4","143756620","143756779","25","20755736"
"chr8","123098336","123098635","chr2A","63086723","63087016","42","60011613"
"chr8","123213148","123213458","chr8","122439224","122439534","0","773924"
"chr8","123236066","123236370","chr8","122462089","122462394","1","773977"
"chr8","123335865","123336158","chr8","122564082","122564376","1","771783"
"chr8","123377170","123377266","chr14","100673591","100673682","32","22703579"
"chr8","123447375","123447666","chr8","122677477","122677772","5","769898"
"chr8","123466766","123467058","chr8","122696847","122697140","2","769919"
"chr8","123731210","123731496","chr3","188317272","188317569","53","64586062"
"chr8","123737717","123738008","chr8","122970637","122970940","20","767080"
"chr8","123828839","123829151","chr8","123062869","123063179","4","765970"
"chr8","123831969","123832182","chr8","123065995","123066214","7","765974"
"chr8","123833549","123833830","chr8","123067582","123067863","1","765967"
"chr8","123855420","123855706","chr8","123089379","123089667","4","766041"
"chr8","123927300","123927602","chr1","29191621","29191930","41","94735679"
"chr8","124153959","124154076","chr7","112797358","112797487","26","11356601"
"chr8","124443425","124443730","chr5","158324854","158325155","29","33881429"
"chr8","124540492","124540828","chr8","123780502","123780839","2","759990"
"chr8","124551234","124551378","chr8","123794573","123794718","1","756661"
"chr8","124659103","124659394","chr8","123903470","123903766","10","755633"
"chr8","124750200","124750486","chr7","23770296","23770581","43","100979904"
"chr8","124807096","124807274","chr8","124052715","124052893","0","754381"
"chr8","124807275","124807379","chr22","33938435","33938535","22","90868840"
"chr8","124813283","124813539","chr8","124058312","124058569","7","754971"
"chr8","124988838","124989092","chr10","124426664","124426914","38","562174"
"chr8","124996549","124996658","chr2B","205936995","205937106","20","80940446"
"chr8","125032444","125032590","chr8","124281555","124281687","14","750889"
"chr8","125843841","125843959","chr2B","199271339","199271453","27","73427498"
"chr8","125858438","125858540","chr12","12586014","12586108","22","113272424"
"chr8","125866517","125866825","chr11","42359503","42359814","41","83507014"
"chr8","125867982","125868147","chr7","139717802","139717968","34","13849820"
"chr8","125868185","125868293","chrX","104316738","104316858","24","21551447"
"chr8","126133443","126133739","chr8","125400550","125400846","2","732893"
"chr8","126185496","126185796","chr15","62405613","62405909","48","63779883"
"chr8","126370625","126370699","chr11","47990760","47990828","34","78379865"
"chr8","126409792","126410098","chr19","16147013","16147324","40","110262779"
"chr8","126525057","126525161","chr20","16652596","16652702","19","109872461"
"chr8","126624442","126624764","chr8","125904265","125904616","34","720177"
"chr8","126728990","126729192","chr1","224442789","224442993","31","97713799"
"chr8","126750796","126751125","chr8","126025301","126025627","10","725495"
"chr8","126925038","126925243","chr2B","115991559","115991749","56","10933479"
"chr8","126986161","126986473","chr5","180711210","180711511","38","53725049"
"chr8","127001457","127001749","chr8","126284360","126284662","14","717097"
"chr8","127056514","127056816","chr8","126340213","126340516","6","716301"
"chr8","127086972","127087226","chr8","126370456","126370744","37","716516"
"chr8","127100658","127100743","chr17","49011857","49011943","11","78088801"
"chr8","127117692","127117938","chr15","88327731","88327966","49","38789961"
"chr8","127256426","127256730","chr8","126544604","126544911","6","711822"
"chr8","127259048","127259327","chr8","126547252","126547531","1","711796"
"chr8","127276847","127277139","chr8","126564958","126565251","5","711889"
"chr8","127352833","127353144","chr8","126641222","126641532","5","711611"
"chr8","127367048","127367318","chr8","126655446","126655716","1","711602"
"chr8","127468207","127468512","chr8","126755259","126755565","1","712948"
"chr8","127520706","127520813","chr3","181238196","181238292","29","53717490"
"chr8","127546461","127546768","chr8","126834078","126834385","6","712383"
"chr8","127604021","127604308","chr8","126891831","126892117","3","712190"
"chr8","127623760","127624070","chr14","103486889","103487199","34","24136871"
"chr8","127782921","127783208","chr8","127070800","127071087","4","712121"
"chr8","127809754","127810051","chr8","127097681","127097994","47","712073"
"chr8","128207217","128207520","chr8","127496389","127496692","2","710828"
"chr8","128493058","128493348","chr8","127780498","127780782","8","712560"
"chr8","128544703","128545002","chr8","127832335","127832634","0","712368"
"chr8","128817014","128817315","chr5","120722640","120722943","34","8094374"
"chr8","129056095","129056380","chr6","98018205","98018482","61","31037890"
"chr8","129084177","129084507","chr8","128377151","128377485","6","707026"
"chr8","129184297","129184553","chr5","11478724","11478984","36","117705573"
"chr8","129259318","129259599","chr9","84094837","84095114","57","45164481"
"chr8","129270600","129270666","chr8","128561247","128561313","0","709353"
"chr8","129271703","129272011","chr8","128562347","128562651","6","709356"
"chr8","129321876","129322175","chr8","128613905","128614206","3","707971"
"chr8","129344798","129344984","chr1","42863010","42863201","29","86481788"
"chr8","129350929","129351073","chr8","67933944","67934092","29","61416985"
"chr8","129363419","129363577","chr8","128657265","128657427","4","706154"
"chr8","129392413","129392719","chr8","128687119","128687424","2","705294"
"chr8","129400473","129400744","chr8","128695256","128695555","30","705217"
"chr8","129425915","129426209","chr8","128721808","128722102","1","704107"
"chr8","129514284","129514514","chr8","128811008","128811239","1","703276"
"chr8","129542773","129542962","chr2B","178740366","178740545","42","49197593"
"chr8","129583882","129584193","chr8","128880573","128880870","18","703309"
"chr8","129650689","129650983","chr8","128949620","128949917","4","701069"
"chr8","130042329","130042463","chr12","6546624","6546764","20","123495705"
"chr8","130044589","130044773","chr1","179166838","179167021","34","49122249"
"chr8","130082116","130082204","chr14","100673591","100673682","30","29408525"
"chr8","130094332","130094651","chr8","129146831","129147158","12","947501"
"chr8","130124997","130125091","chr3","181238196","181238292","24","51113199"
"chr8","130271537","130271757","chr8","129329724","129329944","0","941813"
"chr8","130287256","130287532","chr2B","228927804","228928084","36","98640548"
"chr8","130294275","130294537","chr8","129352317","129352581","6","941958"
"chr8","130326817","130327102","chr8","129385328","129385611","8","941489"
"chr8","130413203","130413511","chr8","129472268","129472576","1","940935"
"chr8","131124570","131124879","chr8","130188056","130188360","5","936514"
"chr8","131309627","131309923","chr8","130371514","130371809","1","938113"
"chr8","131397451","131397712","chr8","130454555","130454818","4","942896"
"chr8","131774441","131774645","chr8","130835330","130835534","5","939111"
"chr8","131837609","131837901","chr8","130899635","130899942","16","937974"
"chr8","132094031","132094136","chr3","198268184","198268291","28","66174153"
"chr8","132861079","132861303","chr8","131930750","131930972","4","930329"
"chr8","132943867","132943951","chr14","100673591","100673682","16","32270276"
"chr8","133024517","133024803","chr8","132098680","132098979","24","925837"
"chr8","133096792","133097084","chr8","132171601","132171901","10","925191"
"chr8","133123642","133123938","chr8","132198464","132198774","15","925178"
"chr8","133150824","133150913","chr13","24059413","24059502","24","109091411"
"chr8","133186442","133186563","chr18","46323703","46323831","22","86862739"
"chr8","133190590","133190734","chr8","132265747","132265871","23","924843"
"chr8","133303777","133304078","chr8","132380134","132380442","7","923643"
"chr8","133311082","133311368","chr3","132061902","132062187","54","1249180"
"chr8","133326607","133326918","chr7","107004296","107004609","42","26322311"
"chr8","133339778","133340091","chr8","132416183","132416493","11","923595"
"chr8","133464638","133464935","chr22","45933767","45934064","31","87530871"
"chr8","133640039","133640208","chr8","132720084","132720254","2","919955"
"chr8","133700534","133700819","chr7","147334805","147335090","42","13634271"
"chr8","133700861","133700877","chr1","28547144","28547162","7","105153717"
"chr8","134204442","134204721","chr8","133284872","133285151","0","919570"
"chr8","134287021","134287297","chr8","133367804","133368080","2","919217"
"chr8","134335563","134335723","chr8","133416243","133416403","0","919320"
"chr8","134517078","134517364","chrX","151665346","151665626","44","17148268"
"chr8","134605252","134605486","chr15","30999422","30999654","36","103605830"
"chr8","134762381","134762683","chr8","133848115","133848417","4","914266"
"chr8","135034801","135035103","chr8","134125800","134126102","3","909001"
"chr8","135185409","135185729","chr9","127333766","127334080","40","7851643"
"chr8","135378972","135379270","chr8","134495165","134495463","2","883807"
"chr8","135467062","135467353","chr3","164995906","164996204","51","29528844"
"chr8","135741723","135741863","chr8","134855970","134856074","36","885753"
"chr8","135741934","135742052","chr8","134856174","134856293","2","885760"
"chr8","135809692","135809867","chr8","134922262","134922437","2","887430"
"chr8","136086368","136086663","chr8","135194183","135194479","28","892185"
"chr8","136295162","136295352","chr18","7521539","7521731","43","128773623"
"chr8","136745586","136745744","chrX","70357599","70357756","27","66387987"
"chr8","136929552","136929857","chr8","135923472","135923782","10","1006080"
"chr8","136931372","136931688","chr8","135925306","135925606","18","1006066"
"chr8","137032816","137032949","chr19","4055014","4055149","16","132977802"
"chr8","137056751","137057060","chr8","136053305","136053614","6","1003446"
"chr8","137225050","137225362","chr8","136223097","136223410","6","1001953"
"chr8","137228625","137228925","chr8","136226678","136226979","2","1001947"
"chr8","137342711","137342810","chr14","100673591","100673682","20","36669120"
"chr8","137388994","137389225","chr8","136388499","136388730","1","1000495"
"chr8","137629933","137630050","chr8","136637555","136637672","1","992378"
"chr8","137699610","137699720","chr2B","199271339","199271453","23","61571729"
"chr8","137944419","137944511","chr13","24059413","24059502","17","113885006"
"chr8","137982594","137982894","chr8","136987243","136987546","4","995351"
"chr8","137999047","137999258","chr8","137004203","137004419","5","994844"
"chr8","138207710","138207873","chr6","38845392","38845562","32","99362318"
"chr8","138267830","138268126","chr8","137244618","137244914","1","1023212"
"chr8","138276219","138276356","chr7","156274717","156274856","27","17998498"
"chr8","138426553","138426855","chr8","137404297","137404599","8","1022256"
"chr8","138433320","138433627","chr8","137410832","137411139","2","1022488"
"chr8","138434627","138434901","chr8","137412139","137412415","2","1022488"
"chr8","138518205","138518498","chr8","137495060","137495354","4","1023145"
"chr8","138522266","138522445","chr8","137499131","137499311","3","1023135"
"chr8","138684950","138685255","chr2B","236882707","236883004","57","98197757"
"chr8","138699627","138699925","chr8","137677615","137677921","19","1022012"
"chr8","138762489","138762594","chr3","181238196","181238292","25","42475707"
"chr8","139167013","139167304","chr22","32223394","32223679","43","106943619"
"chr8","139545165","139545385","chr17","69374080","69374287","44","70171085"
"chr8","139684762","139684878","chr2B","199271339","199271453","23","59586577"
"chr8","139713926","139714233","chr8","138709509","138709819","7","1004417"
"chr8","139735441","139735722","chr3","52666365","52666642","68","87069076"
"chr8","139760837","139761164","chr8","138757094","138757419","2","1003743"
"chr8","139870730","139870895","chr8","138867876","138868047","7","1002854"
"chr8","139922794","139922905","chr20","16652596","16652702","39","123270198"
"chr8","140050503","140050812","chr1","161196657","161196961","43","21146154"
"chr8","140061260","140061542","chr8","139063630","139063912","9","997630"
"chr8","140158024","140158320","chr8","139162221","139162518","3","995803"
"chr8","140180518","140180790","chr8","139185886","139186167","12","994632"
"chr8","140188732","140189028","chr8","139193760","139194057","3","994972"
"chr8","140212509","140212808","chr8","139217523","139217828","9","994986"
"chr8","140229081","140229231","chr2A","87901314","87901467","25","52327767"
"chr8","140239915","140240221","chr4","54106242","54106543","47","86133673"
"chr8","140258959","140259072","chr2B","199271339","199271453","23","59012380"
"chr8","140288321","140288624","chr8","139295901","139296209","6","992420"
"chr8","140319737","140319951","chr3","200711023","200711239","29","60391286"
"chr8","140322741","140323053","chr8","139332217","139332542","16","990524"
"chr8","140356063","140356147","chr14","100673591","100673682","19","39682472"
"chr8","140395226","140395532","chr8","139407096","139407407","6","988130"
"chr8","140428980","140429281","chr8","139439774","139440078","5","989206"
"chr8","140430892","140430977","chr17","13332748","13332838","14","127098144"
"chr8","140660787","140660859","chr1","78713287","78713337","32","61947500"
"chr8","140739629","140739930","chr8","139749244","139749551","11","990385"
"chr8","140751923","140752105","chr2B","178740366","178740545","34","37988443"
"chr8","140774066","140774208","chr8","139782932","139783077","3","991134"
"chr8","140814663","140814978","chr8","139825550","139825866","2","989113"
"chr8","140851145","140851438","chr8","139863427","139863729","16","987718"
"chr8","140917450","140917751","chr8","139931102","139931403","5","986348"
"chr8","141051338","141051639","chr8","140069790","140070092","4","981548"
"chr8","141054148","141054199","chr14","103327707","103327757","11","37726441"
"chr8","141054490","141054670","chr19","59940840","59941010","36","81113650"
"chr8","141310535","141310845","chr8","140340637","140340948","1","969898"
"chr8","142322522","142322821","chrX","77297887","77298200","53","65024635"
"chr8","142713627","142713682","chr7","53654605","53654654","16","89059022"
"chr8","142804538","142804613","chr18","13216633","13216692","22","129587905"
"chr8","142807529","142807826","chr3","54080201","54080499","36","88727328"
"chr8","142836410","142836715","chr8","141965620","141965925","1","870790"
"chr8","142859144","142859463","chr8","141989267","141989590","7","869877"
"chr8","142860259","142860549","chr8","141990386","141990678","3","869873"
"chr8","143007322","143007615","chr7","23558234","23558525","35","119449088"
"chr8","143069751","143069812","chr5","118994912","118994958","26","24074839"
"chr8","143069816","143069925","chr14","100673591","100673682","30","42396225"
"chr8","143099775","143099867","chr8","142225495","142225587","0","874280"
"chr8","143220805","143220829","chr1","28547144","28547162","9","114673661"
"chr8","143221140","143221292","chr19","5706316","5706462","29","137514824"
"chr8","143310989","143311297","chr8","142441388","142441699","6","869601"
"chr8","143313209","143313498","chr12","39130272","39130562","33","104182937"
"chr8","143318810","143318959","chr5","172387444","172387598","27","29068634"
"chr8","143352585","143352874","chr8","142484662","142484961","16","867923"
"chr8","143355653","143355946","chr10","114312160","114312459","42","29043493"
"chr8","143398180","143398457","chr8","142533125","142533398","5","865055"
"chr8","143424765","143425071","chr8","142559767","142560073","3","864998"
"chr8","143425281","143425549","chr8","142560283","142560551","2","864998"
"chr8","143437849","143437946","chr9","80389825","80389922","20","63048024"
"chr8","143447907","143448133","chr8","142584449","142584675","0","863458"
"chr8","143454616","143454681","chr19","17268802","17268857","28","126185814"
"chr8","143536153","143536311","chr17","75589264","75589422","37","67946889"
"chr8","143552349","143552554","chr17","61531317","61531518","32","82021032"
"chr8","143656353","143656605","chr19","46026086","46026292","75","97630267"
"chr8","143793419","143793743","chr8","142927443","142927759","10","865976"
"chr8","143796155","143796295","chr17","81772114","81772255","11","62024041"
"chr8","143829983","143830242","chr15","46336184","46336424","56","97493799"
"chr8","143846936","143847052","chr5","172392908","172393028","26","28545972"
"chr8","143847714","143847777","chr17","64005804","64005866","17","79841910"
"chr8","143888457","143888750","chr2B","233588896","233589185","40","89700439"
"chr8","143912515","143912771","chr8","143055829","143056104","20","856686"
"chr8","143925637","143925823","chr20","25373433","25373622","27","118552204"
"chr8","143929390","143929733","chr6","79348383","79348721","50","64581007"
"chr8","143944038","143944335","chr8","143088293","143088598","8","855745"
"chr8","144038342","144038405","chr1","33246348","33246407","17","110791994"
"chr8","144123313","144123450","chr9","122440275","122440408","26","21683038"
"chr8","144193941","144194032","chr8","143342833","143342924","0","851108"
"chr8","144237543","144237852","chr8","143387824","143388131","6","849719"
"chr8","144355259","144355423","chr3","49791993","49792156","29","94563266"
"chr8","144362230","144362538","chr10","26433100","26433408","35","117929130"
"chr8","144365327","144365419","chr14","100673591","100673682","30","43691736"
"chr8","144384887","144385032","chr10","92530394","92530537","44","51854493"
"chr8","144446017","144446327","chr4","153367566","153367871","47","8921549"
"chr8","144471093","144471397","chr19","15254760","15255064","41","129216333"
"chr8","144515531","144515839","chr8","143672346","143672653","2","843185"
"chr8","144554262","144554372","chr14","100673591","100673682","32","43880671"
"chr8","144559549","144559671","chr9","122440275","122440408","30","22119274"
"chr8","144570386","144570493","chr3","181238196","181238292","22","36667810"
"chr8","144646389","144646680","chr8","143810065","143810357","3","836324"
"chr8","144657526","144657805","chr8","143821516","143821795","0","836010"
"chr8","144701702","144701986","chr8","143866249","143866535","4","835453"
"chr9","10485749","10486039","chr9","10651437","10651728","5","165688"
"chr9","98303992","98304213","chr9","97900008","97900229","0","403984"
"chr9","232035","232327","chr9","231608","231902","4","427"
"chr9","238572","238859","chr9","238662","238953","4","90"
"chr9","334880","335170","chr9","335720","336013","4","840"
"chr9","507546","507733","chr2B","178740366","178740545","29","178232820"
"chr9","591265","591573","chr9","597828","598136","2","6563"
"chr9","602633","602919","chr2B","194834825","194835120","44","194232192"
"chr9","604812","605106","chr2A","63086723","63087016","23","62481911"
"chr9","618275","618577","chr9","625046","625348","4","6771"
"chr9","830398","830612","chr9","106419488","106419702","42","105589090"
"chr9","875186","875474","chr9","869382","869671","2","5804"
"chr9","951172","951269","chr1","160944586","160944680","20","159993414"
"chr9","1005081","1005350","chr19","41761603","41761879","44","40756522"
"chr9","1021441","1021694","chr9","1021314","1021567","3","127"
"chr9","1509786","1509978","chr9","1513487","1513679","1","3701"
"chr9","1608709","1608943","chr14","66142969","66143205","38","64534260"
"chr9","1865868","1866159","chr15","60386739","60387019","52","58520871"
"chr9","1980913","1981067","chr12","95708278","95708420","23","93727365"
"chr9","2131530","2131780","chr2B","240263975","240264225","41","238132445"
"chr9","2279782","2279951","chr9","2289572","2289741","4","9790"
"chr9","2478756","2479060","chr9","2490085","2490386","6","11329"
"chr9","2627084","2627378","chr9","2638058","2638357","5","10974"
"chr9","2669400","2669698","chr9","2680898","2681196","8","11498"
"chr9","2711933","2712224","chrX","9833228","9833515","65","7121295"
"chr9","2860633","2860811","chr6","37299122","37299292","28","34438489"
"chr9","2860843","2860985","chr6","21716561","21716700","20","18855718"
"chr9","2877013","2877201","chr8","56603897","56604109","36","53726884"
"chr9","2983126","2983233","chr19","20014001","20014129","31","17030875"
"chr9","3208835","3209139","chr4","22098886","22099187","34","18890051"
"chr9","3614446","3614745","chr9","3630699","3630998","3","16253"
"chr9","3642054","3642363","chr9","3658341","3658649","5","16287"
"chr9","3895764","3896062","chr9","3910993","3911296","7","15229"
"chr9","4389126","4389425","chr9","4420412","4420714","10","31286"
"chr9","4391384","4391483","chr14","100673591","100673682","21","96282207"
"chr9","4425381","4425625","chr9","4458191","4458436","1","32810"
"chr9","4486590","4486899","chr9","4520106","4520418","15","33516"
"chr9","4504573","4504870","chr9","4542627","4542925","5","38054"
"chr9","4505369","4505535","chr11","43973183","43973348","21","39467814"
"chr9","4522069","4522182","chr2B","199271339","199271453","31","194749270"
"chr9","4659730","4659867","chr19","4055014","4055149","23","604716"
"chr9","4759904","4760216","chr9","4801423","4801732","5","41519"
"chr9","4770734","4771045","chr9","4812493","4812803","9","41759"
"chr9","4785594","4785880","chr9","4827369","4827655","4","41775"
"chr9","4792583","4792740","chr1","11780192","11780341","31","6987609"
"chr9","4829756","4830041","chr9","4872750","4873036","3","42994"
"chr9","4906992","4907155","chr9","4951919","4952080","4","44927"
"chr9","4933855","4934153","chr9","4978878","4979176","2","45023"
"chr9","4952527","4952824","chr9","5000846","5001148","11","48319"
"chr9","4962977","4963100","chr8","26723415","26723536","27","21760438"
"chr9","5070298","5070604","chr9","5119827","5120133","2","49529"
"chr9","5079758","5080058","chr9","5129288","5129589","5","49530"
"chr9","5185160","5185279","chr2B","205936995","205937106","29","200751835"
"chr9","5341600","5341719","chr5","172392908","172393028","26","167051308"
"chr9","5383395","5383680","chr9","5434368","5434654","1","50973"
"chr9","5486803","5487003","chr17","47292313","47292513","30","41805510"
"chr9","5519971","5520270","chr9","5574768","5575074","8","54797"
"chr9","5631252","5631330","chr3","122317918","122317994","9","116686666"
"chr9","5706294","5706601","chr9","5769288","5769596","3","62994"
"chr9","5793475","5793580","chr20","16652596","16652702","21","10859121"
"chr9","5920424","5920575","chr19","53465820","53465997","42","47545396"
"chr9","5920685","5920802","chr5","172392908","172393028","29","166472223"
"chr9","5991816","5992117","chr8","63435157","63435455","37","57443341"
"chr9","6073193","6073514","chr10","113120686","113120999","45","107047493"
"chr9","6415680","6415975","chr7","4288012","4288305","41","2127668"
"chr9","6458988","6459280","chr6","15087940","15088232","43","8628952"
"chr9","6526517","6526829","chr9","6609238","6609550","9","82721"
"chr9","6533983","6534265","chr9","6616686","6616968","0","82703"
"chr9","6560693","6560986","chr9","6644044","6644337","0","83351"
"chr9","6665729","6665889","chr4","112788555","112788715","35","106122826"
"chr9","6669814","6670117","chr9","6756400","6756706","3","86586"
"chr9","6670204","6670515","chr12","106925429","106925737","40","100255225"
"chr9","6675965","6676128","chr6","25034346","25034504","34","18358381"
"chr9","6690826","6691121","chr9","6780188","6780488","8","89362"
"chr9","6696217","6696310","chr14","100673591","100673682","21","93977374"
"chr9","6697516","6697684","chr9","6786954","6787125","8","89438"
"chr9","6698762","6699064","chr9","6788203","6788513","10","89441"
"chr9","6715110","6715405","chr9","6805326","6805632","31","90216"
"chr9","6724766","6725067","chr9","6814780","6815080","2","90014"
"chr9","6730986","6731086","chr18","5246871","5246971","21","1484115"
"chr9","6731698","6731821","chr5","172392908","172393028","27","165661210"
"chr9","6736527","6736661","chr8","26723415","26723536","34","19986888"
"chr9","6765711","6765791","chr3","27665315","27665404","25","20899604"
"chr9","6796605","6796868","chr9","6891555","6891818","1","94950"
"chr9","6861281","6861589","chr9","6958229","6958540","5","96948"
"chr9","6896977","6897032","chr19","5766558","5766615","14","1130419"
"chr9","6943002","6943222","chrX","77616848","77617066","28","70673846"
"chr9","7347347","7347636","chr9","7441854","7442143","23","94507"
"chr9","7406279","7406388","chr3","181238196","181238292","30","173831917"
"chr9","7643123","7643412","chr9","7733105","7733397","10","89982"
"chr9","7789304","7789598","chr9","7881868","7882176","15","92564"
"chr9","7890997","7891290","chr19","12770598","12770893","40","4879601"
"chr9","7952546","7952853","chr11","60672667","60672968","34","52720121"
"chr9","8218994","8219300","chr9","8320375","8320675","10","101381"
"chr9","8370383","8370541","chr1","201503311","201503466","27","193132928"
"chr9","8522963","8523265","chr9","8642732","8643040","7","119769"
"chr9","8673669","8673940","chr6","162678441","162678712","35","154004772"
"chr9","8675381","8675671","chr9","8797046","8797327","9","121665"
"chr9","8677465","8677722","chr3","87260126","87260393","58","78582661"
"chr9","8699836","8700013","chr4","54114840","54115009","34","45415004"
"chr9","8764152","8764263","chr2B","199271339","199271453","26","190507187"
"chr9","9020054","9020337","chr12","6662970","6663249","46","2357084"
"chr9","9095136","9095424","chr2A","25288854","25289147","41","16193718"
"chr9","9150768","9151072","chr9","9287054","9287360","8","136286"
"chr9","9459532","9459831","chr9","9597615","9597924","11","138083"
"chr9","9502052","9502350","chr9","9640908","9641208","8","138856"
"chr9","9548550","9548848","chr5","177311000","177311301","30","167762450"
"chr9","9606749","9607061","chr9","9747334","9747646","3","140585"
"chr9","9763454","9763743","chr9","9904423","9904713","1","140969"
"chr9","10026807","10027096","chr9","10177389","10177679","2","150582"
"chr9","10034121","10034401","chr9","10184657","10184937","6","150536"
"chr9","10133096","10133403","chr9","10292721","10292999","31","159625"
"chr9","10172598","10172834","chr9","10331795","10332021","10","159197"
"chr9","10244516","10244824","chr9","10407432","10407743","9","162916"
"chr9","10264161","10264467","chr12","20270231","20270535","41","10006070"
"chr9","10713085","10713190","chr11","20358123","20358224","23","9645038"
"chr9","10746496","10746800","chr9","10921273","10921578","7","174777"
"chr9","11280239","11280539","chr9","11204107","11204409","3","76132"
"chr9","11346166","11346337","chr9","11272354","11272524","2","73812"
"chr9","11614128","11614292","chr17","65022846","65023010","28","53408718"
"chr9","11834451","11834677","chr9","11772258","11772485","2","62193"
"chr9","11841671","11841977","chr1","29191621","29191930","41","17349950"
"chr9","11950382","11950466","chr12","12586014","12586108","20","635632"
"chr9","12822771","12822919","chr8","107433929","107434080","32","94611158"
"chr9","12827857","12828172","chr9","12772291","12772603","5","55566"
"chr9","13107468","13107752","chr4","4451611","4451901","33","8655857"
"chr9","13161182","13161329","chr8","67933944","67934092","28","54772762"
"chr9","13162352","13162431","chr13","24059413","24059502","29","10897061"
"chr9","13241944","13242199","chr9","13191240","13191495","3","50704"
"chr9","13317957","13318246","chr9","13263902","13264191","2","54055"
"chr9","13546396","13546457","chr9","13493078","13493139","1","53318"
"chr9","13546661","13546709","chr10","109822604","109822663","20","96275943"
"chr9","13718897","13719217","chr9","38699367","38699691","63","24980470"
"chr9","13923930","13924232","chr15","87173790","87174098","61","73249860"
"chr9","14087126","14087408","chr9","13978115","13978400","3","109011"
"chr9","14369435","14369552","chr2B","199271339","199271453","24","184901904"
"chr9","14524772","14525051","chr17","47706839","47707118","24","33182067"
"chr9","14637351","14637631","chr3","200556220","200556500","41","185918869"
"chr9","14730860","14730951","chr14","100673591","100673682","11","85942731"
"chr9","14931665","14931958","chr9","14834484","14834777","5","97181"
"chr9","15047105","15047400","chr9","14951208","14951509","9","95897"
"chr9","15098669","15098963","chr9","15002749","15003043","2","95920"
"chr9","15107458","15107552","chr14","100673591","100673682","16","85566133"
"chr9","15225789","15225914","chr8","26723415","26723536","21","11497626"
"chr9","15275875","15276013","chr5","17216297","17216441","23","1940422"
"chr9","15431244","15431552","chr9","15342417","15342726","8","88827"
"chr9","15518679","15518889","chr6","53851640","53851842","45","38332961"
"chr9","15571255","15571555","chr13","47088696","47088999","37","31517441"
"chr9","15599073","15599270","chr17","9522311","9522505","25","6076762"
"chr9","15648197","15648520","chr21","12898518","12898834","56","2749679"
"chr9","15659525","15659841","chr9","15581145","15581450","13","78380"
"chr9","15669789","15670096","chr7","24739193","24739485","51","9069404"
"chr9","15687025","15687169","chr9","15609759","15609903","2","77266"
"chr9","15711789","15712088","chr9","15635218","15635520","5","76571"
"chr9","15735446","15735633","chr17","54503313","54503512","45","38767867"
"chr9","15804363","15804457","chr9","15736634","15736728","0","67729"
"chr9","15839751","15839845","chr3","181238196","181238292","30","165398445"
"chr9","15856049","15856168","chr20","16652596","16652702","29","796547"
"chr9","15932603","15932908","chr9","15869702","15870010","6","62901"
"chr9","16022017","16022315","chr8","18157393","18157689","31","2135376"
"chr9","16321581","16321796","chr17","77738262","77738475","33","61416681"
"chr9","16768037","16768202","chr9","16720723","16720888","0","47314"
"chr9","16819151","16819325","chr15","87173355","87173524","34","70354204"
"chr9","16900944","16901238","chr9","16854305","16854615","40","46639"
"chr9","17092767","17093025","chr9","17049392","17049650","4","43375"
"chr9","17220278","17220581","chr9","17178593","17178896","3","41685"
"chr9","17236446","17236650","chr9","136749816","136750017","51","119513370"
"chr9","17282612","17282763","chr2A","87901314","87901467","24","70618702"
"chr9","17288544","17288852","chr9","17249905","17250210","6","38639"
"chr9","17294212","17294507","chr9","17255469","17255764","3","38743"
"chr9","17318003","17318188","chr21","13902217","13902406","34","3415786"
"chr9","17366714","17367005","chr9","17329055","17329345","2","37659"
"chr9","17374576","17374681","chr3","181238196","181238292","26","163863620"
"chr9","17484204","17484485","chr9","17440032","17440341","36","44172"
"chr9","17707863","17708162","chr9","17670929","17671229","5","36934"
"chr9","17795075","17795374","chr20","38620580","38620882","52","20825505"
"chr9","17830782","17831076","chr9","17794148","17794442","7","36634"
"chr9","18000113","18000415","chr9","17963236","17963544","7","36877"
"chr9","18114049","18114361","chr9","18076412","18076722","6","37637"
"chr9","18131702","18131989","chr9","18094704","18094998","9","36998"
"chr9","18538220","18538474","chr9","18505140","18505396","2","33080"
"chr9","18994463","18994674","chr14","35125890","35126109","51","16131427"
"chr9","19205128","19205431","chr9","19185095","19185396","4","20033"
"chr9","19219620","19219721","chr3","181238196","181238292","24","162018576"
"chr9","19242228","19242524","chr1","36512158","36512455","65","17269930"
"chr9","19360146","19360311","chrX","15694332","15694494","25","3665814"
"chr9","19394815","19395118","chr11","33069867","33070167","36","13675052"
"chr9","19405108","19405405","chr9","19385039","19385339","4","20069"
"chr9","19423857","19423914","chr7","80951699","80951753","21","61527842"
"chr9","19441534","19441860","chr9","19421155","19421464","24","20379"
"chr9","19453170","19453430","chr9","19430893","19431119","37","22277"
"chr9","19472988","19473201","chr3","112550648","112550856","30","93077660"
"chr9","19493402","19493696","chr9","19474658","19474954","5","18744"
"chr9","19501631","19501744","chr20","16652596","16652702","24","2849035"
"chr9","19503316","19503436","chr8","26723415","26723536","28","7220099"
"chr9","19534003","19534256","chr2B","240263975","240264225","37","220729972"
"chr9","19549911","19550216","chr9","19533761","19534067","3","16150"
"chr9","19552909","19553188","chr9","19536699","19537002","27","16210"
"chr9","19738154","19738442","chr9","19732198","19732486","0","5956"
"chr9","20503523","20503807","chr9","20345382","20345666","1","158141"
"chr9","20508307","20508521","chr9","20350362","20350587","12","157945"
"chr9","20968134","20968431","chr9","20823761","20824064","7","144373"
"chr9","21110125","21110391","chr9","20966008","20966274","0","144117"
"chr9","21110401","21110608","chr9","20966313","20966492","29","144088"
"chr9","21143012","21143291","chr12","133894348","133894639","51","112751336"
"chr9","21172937","21173240","chr9","21026016","21026319","2","146921"
"chr9","21215340","21215390","chr1","78713287","78713337","24","57497947"
"chr9","21232462","21232732","chr9","21087514","21087786","3","144948"
"chr9","21565240","21565343","chr20","16652596","16652702","22","4912644"
"chr9","21815694","21815999","chr9","21672386","21672691","0","143308"
"chr9","21871776","21871869","chr3","181238196","181238292","23","159366420"
"chr9","21896687","21896984","chr9","21754131","21754432","5","142556"
"chr9","21917933","21918246","chr5","127610971","127611283","46","105693038"
"chr9","22389004","22389300","chr9","22252866","22253164","3","136138"
"chr9","22406558","22406680","chr5","172392908","172393028","21","149986350"
"chr9","22522221","22522233","chr1","28547144","28547162","9","6024923"
"chr9","22522582","22522686","chr3","181238196","181238292","31","158715614"
"chr9","23065284","23065429","chr16","75001148","75001302","25","51935864"
"chr9","23067020","23067338","chr9","22928370","22928688","6","138650"
"chr9","23238593","23238696","chr3","181143385","181143493","21","157904792"
"chr9","23254533","23254839","chr8","72055278","72055572","70","48800745"
"chr9","23491197","23491474","chr9","23357426","23357714","17","133771"
"chr9","23850761","23850916","chrX","70357599","70357756","31","46506838"
"chr9","24269672","24269782","chr3","181143385","181143493","21","156873713"
"chr9","24430678","24430984","chr9","24309998","24310305","2","120680"
"chr9","24579271","24579576","chr9","24469462","24469739","29","109809"
"chr9","24773365","24773675","chr9","24671347","24671658","4","102018"
"chr9","24992918","24993213","chr9","24890702","24890999","3","102216"
"chr9","25277902","25278025","chr22","35041748","35041876","31","9763846"
"chr9","25813726","25814019","chr9","25716039","25716340","11","97687"
"chr9","26009294","26009589","chrX","62866945","62867241","40","36857651"
"chr9","26101431","26101633","chr9","26017457","26017660","2","83974"
"chr9","26160276","26160567","chr1","134664788","134665084","35","108504512"
"chr9","26638075","26638382","chr9","26555897","26556198","7","82178"
"chr9","26682883","26683213","chr9","26600876","26601180","29","82007"
"chr9","26780247","26780552","chr9","26696568","26696874","3","83679"
"chr9","26953102","26953214","chr8","26723415","26723536","26","229687"
"chr9","27224494","27224802","chr9","27153485","27153793","1","71009"
"chr9","27226460","27226730","chr9","27155451","27155722","4","71009"
"chr9","27333647","27333804","chr9","27262497","27262656","2","71150"
"chr9","27372021","27372338","chr9","27301673","27301993","6","70348"
"chr9","27405211","27405498","chr9","27335112","27335399","1","70099"
"chr9","27461994","27462079","chr14","100673591","100673682","23","73211597"
"chr9","27520508","27520816","chr9","27453533","27453841","5","66975"
"chr9","27605114","27605408","chr9","27538952","27539246","2","66162"
"chr9","27955780","27955896","chr5","172392908","172393028","22","144437128"
"chr9","28053703","28053800","chr3","181238196","181238292","28","153184493"
"chr9","28118835","28119072","chr9","28058738","28058978","3","60097"
"chr9","28340368","28340459","chr3","181238196","181238292","22","152897828"
"chr9","28562367","28562656","chr5","40831888","40832180","39","12269521"
"chr9","29093205","29093508","chr9","28874732","28875036","1","218473"
"chr9","29374754","29375048","chr9","29159697","29160007","19","215057"
"chr9","29448466","29448750","chr9","29233987","29234274","4","214479"
"chr9","29540064","29540360","chr9","29326354","29326650","5","213710"
"chr9","29577046","29577181","chr2A","32693701","32693835","28","3116655"
"chr9","29587643","29587949","chr9","29373124","29373407","27","214519"
"chr9","29801805","29801887","chr3","181238196","181238292","31","151436391"
"chr9","30037843","30038101","chr10","47127407","47127651","43","17089564"
"chr9","30172411","30172707","chr9","29973417","29973723","14","198994"
"chr9","31000689","31000988","chr9","30774024","30774325","5","226665"
"chr9","31017759","31018041","chr9","30792024","30792306","1","225735"
"chr9","31449582","31449720","chr3","87640021","87640174","30","56190439"
"chr9","31918729","31919009","chr4","141734619","141734898","48","109815890"
"chr9","31944028","31944331","chr9","31733476","31733781","5","210552"
"chr9","32040220","32040520","chr9","31830075","31830375","1","210145"
"chr9","32478505","32478804","chr9","32276450","32276749","1","202055"
"chr9","32488044","32488256","chr9","32285987","32286199","0","202057"
"chr9","32598599","32598909","chr20","2130515","2130814","40","30468084"
"chr9","33108807","33109078","chr9","32905408","32905682","15","203399"
"chr9","33114073","33114379","chr6","158429260","158429562","45","125315187"
"chr9","33151794","33151923","chr1","6844228","6844361","25","26307566"
"chr9","33152630","33152722","chr14","100673591","100673682","19","67520961"
"chr9","33202588","33202832","chr17","2612644","2612896","53","30589944"
"chr9","33326330","33326637","chr9","33127571","33127881","5","198759"
"chr9","33405191","33405486","chr9","33206741","33207039","3","198450"
"chr9","33431725","33432026","chr9","33233499","33233801","12","198226"
"chr9","33607483","33607612","chr5","92822597","92822727","27","59215114"
"chr9","33618948","33619208","chr9","33426143","33426403","3","192805"
"chr9","33625888","33626186","chr9","33432982","33433280","2","192906"
"chr9","33629661","33629967","chr19","17435671","17435968","38","16193990"
"chr9","33736059","33736373","chr9","33543749","33544064","7","192310"
"chr9","33800188","33800459","chr9","33612300","33612560","20","187888"
"chr9","33804083","33804369","chr9","33616199","33616485","2","187884"
"chr9","33805229","33805537","chr9","33617345","33617653","3","187884"
"chr9","33808870","33809074","chr9","33620965","33621169","0","187905"
"chr9","33838010","33838311","chr9","33650737","33651062","25","187273"
"chr9","33902601","33902662","chr7","70681514","70681568","15","36778913"
"chr9","33903678","33903790","chr2B","207026815","207026935","26","173123137"
"chr9","33908314","33908443","chr21","2516680","2516816","29","31391634"
"chr9","33913583","33913866","chr9","33729184","33729467","2","184399"
"chr9","34067975","34068115","chr21","20136703","20136854","25","13931272"
"chr9","34090286","34090560","chr9","33901078","33901353","1","189208"
"chr9","34095681","34095803","chr17","9109012","9109130","16","24986669"
"chr9","34101915","34102013","chr14","100673591","100673682","23","66571676"
"chr9","34277375","34277641","chr9","34026241","34026541","35","251134"
"chr9","34412584","34412751","chr11","127848285","127848455","11","93435701"
"chr9","34461639","34461915","chr9","34213130","34213409","5","248509"
"chr9","34466062","34466236","chr11","48130487","48130657","32","13664425"
"chr9","34486146","34486439","chr5","161051939","161052231","40","126565793"
"chr9","34517144","34517288","chr1","28473465","28473606","26","6043679"
"chr9","34523906","34524000","chr12","31242059","31242152","11","3281847"
"chr9","34618835","34619067","chr1","26872140","26872370","43","7746695"
"chr9","34632578","34632881","chr9","34392287","34392591","8","240291"
"chr9","34643690","34643988","chr9","34403978","34404276","1","239712"
"chr9","34655112","34655197","chr8","46091691","46091777","20","11436579"
"chr9","34678455","34678591","chr4","84673971","84674104","16","49995516"
"chr9","34682761","34682910","chr9","34443852","34443992","11","238909"
"chr9","34687426","34687553","chrX","97546574","97546704","16","62859148"
"chr9","34700589","34700682","chr12","12586014","12586108","16","22114575"
"chr9","34709735","34709916","chr1","32423616","32423798","29","2286119"
"chr9","34729595","34729686","chr14","100673591","100673682","22","65943996"
"chr9","34745374","34745663","chr9","34507891","34508186","6","237483"
"chr9","34749684","34749966","chr15","73044800","73045097","50","38295116"
"chr9","34751915","34752211","chr9","34514222","34514526","15","237693"
"chr9","34754200","34754494","chr6","42456285","42456580","36","7702085"
"chr9","34764336","34764544","chr15","38099216","38099430","38","3334880"
"chr9","34794085","34794389","chr9","34557561","34557865","4","236524"
"chr9","34817781","34818075","chr6","156417858","156418150","33","121600077"
"chr9","34821859","34821975","chr5","172392908","172393028","23","137571049"
"chr9","34845619","34845925","chr11","127360331","127360634","35","92514712"
"chr9","34875043","34875326","chr9","34642611","34642894","2","232432"
"chr9","34912689","34912995","chr9","34678545","34678853","3","234144"
"chr9","34921923","34922209","chr9","34688162","34688448","0","233761"
"chr9","35006884","35007178","chr9","34775158","34775454","39","231726"
"chr9","35070012","35070300","chr8","39509907","39510199","55","4439895"
"chr9","35117305","35117592","chr9","34882027","34882314","2","235278"
"chr9","35228079","35228379","chr7","39526630","39526926","46","4298551"
"chr9","35286818","35287047","chr14","66142969","66143205","27","30856151"
"chr9","35287825","35288111","chr9","33729184","33729467","31","1558641"
"chr9","35338737","35338785","chr10","109823094","109823152","17","74484357"
"chr9","35562620","35562733","chr2B","199271339","199271453","25","163708719"
"chr9","35783881","35783894","chr1","28547144","28547162","9","7236737"
"chr9","35783933","35784218","chr17","1748555","1748835","30","34035378"
"chr9","35799589","35799860","chr9","35567747","35568054","38","231842"
"chr9","35815465","35815760","chr9","35583613","35583914","7","231852"
"chr9","35815805","35816116","chr9","35584033","35584333","23","231772"
"chr9","35820806","35821102","chr9","35589041","35589340","3","231765"
"chr9","35822971","35823276","chr9","35591213","35591530","14","231758"
"chr9","35840593","35840750","chrX","155592584","155592742","31","119751991"
"chr9","35897499","35897795","chr9","35665799","35666101","7","231700"
"chr9","35918852","35919163","chr9","35687569","35687880","2","231283"
"chr9","35988329","35988587","chr9","35757479","35757743","6","230850"
"chr9","36028625","36028931","chr9","35798784","35799086","4","229841"
"chr9","36347101","36347295","chr11","71677728","71677921","32","35330627"
"chr9","36442738","36442797","chrX","24510252","24510313","24","11932486"
"chr9","36550423","36550723","chr9","36337210","36337510","2","213213"
"chr9","36638543","36638745","chr3","198771121","198771322","30","162132578"
"chr9","36783577","36783887","chr9","36605158","36605466","2","178419"
"chr9","36804825","36804935","chr2B","142240066","142240170","30","105435241"
"chr9","36808193","36808509","chr9","36632127","36632414","34","176066"
"chr9","36811682","36811970","chr5","116268351","116268650","46","79456669"
"chr9","36828415","36828599","chr9","36653804","36653984","6","174611"
"chr9","36832230","36832533","chr9","36657556","36657859","3","174674"
"chr9","36893685","36893984","chr9","36722249","36722551","6","171436"
"chr9","36901567","36901846","chr9","36729587","36729894","32","171980"
"chr9","36902455","36902724","chr9","36730503","36730772","1","171952"
"chr9","36910926","36911217","chr9","36739420","36739715","6","171506"
"chr9","36922420","36922532","chr12","45595653","45595772","26","8673233"
"chr9","36955529","36955805","chr7","72804418","72804693","30","35848889"
"chr9","36959521","36959804","chr9","36789027","36789310","1","170494"
"chr9","37022188","37022473","chr1","109597243","109597526","58","72575055"
"chr9","37069544","37069732","chr5","76266656","76266847","38","39197112"
"chr9","37080945","37080964","chr20","46189948","46189970","7","9109003"
"chr9","37111556","37111854","chr9","36946789","36947091","7","164767"
"chr9","37163564","37163846","chr9","36999466","36999745","4","164098"
"chr9","37191725","37191827","chr20","16652596","16652702","21","20539129"
"chr9","37205208","37205516","chr9","37042294","37042602","0","162914"
"chr9","37211979","37212125","chr4","124694263","124694406","25","87482284"
"chr9","37214405","37214712","chr9","37050889","37051211","15","163516"
"chr9","37221297","37221596","chr3","133114244","133114548","34","95892947"
"chr9","37224076","37224179","chr20","16652596","16652702","21","20571480"
"chr9","37227609","37227905","chr9","37065150","37065446","3","162459"
"chr9","37234239","37234547","chr9","37072178","37072491","5","162061"
"chr9","37241004","37241275","chrX","42509096","42509381","41","5268092"
"chr9","37252136","37252242","chr3","181143385","181143493","27","143891249"
"chr9","37265101","37265413","chr9","37103768","37104084","4","161333"
"chr9","37376878","37377148","chr9","37218028","37218298","1","158850"
"chr9","37500001","37500104","chr14","100673591","100673682","23","63173590"
"chr9","37590055","37590365","chr9","37439632","37439942","1","150423"
"chr9","37591568","37591770","chr9","37441145","37441354","7","150423"
"chr9","37616533","37616801","chr9","37466356","37466627","3","150177"
"chr9","37702184","37702334","chrX","15935692","15935847","26","21766492"
"chr9","37706139","37706341","chr9","37556792","37556994","1","149347"
"chr9","37878654","37878774","chr2B","207026815","207026935","24","169148161"
"chr9","37934298","37934583","chr9","37655366","37655651","0","278932"
"chr9","37973430","37973718","chr9","37695729","37696017","1","277701"
"chr9","38054894","38055041","chr18","71387731","71387881","31","33332837"
"chr9","38057332","38057640","chr9","37780201","37780510","4","277131"
"chr9","38130204","38130380","chr9","37854518","37854694","1","275686"
"chr9","38164436","38164726","chr9","37893175","37893467","2","271261"
"chr9","38196161","38196462","chrX","50877367","50877662","34","12681206"
"chr9","38220360","38220586","chr9","37949399","37949625","0","270961"
"chr9","38242024","38242325","chr7","69230530","69230827","35","30988506"
"chr9","38314235","38314530","chr2A","69732869","69733163","31","31418634"
"chr9","38362242","38362361","chr2B","207026815","207026935","28","168664573"
"chr9","38364090","38364237","chr18","71387731","71387881","20","33023641"
"chr9","38383038","38383168","chr5","172392908","172393028","27","134009870"
"chr9","38396864","38396967","chr19","43898174","43898278","22","5501310"
"chr9","38397279","38397438","chr13","26988435","26988596","22","11408844"
"chr9","38586592","38586693","chr2B","142240066","142240170","30","103653474"
"chr9","38590487","38590779","chr9","38324331","38324625","3","266156"
"chr9","38621997","38622295","chr9","38357411","38357710","3","264586"
"chr9","38645250","38645521","chr9","38381368","38381639","2","263882"
"chr9","38887878","38888173","chr9","38621607","38621907","6","266271"
"chr9","39087808","39088107","chr9","38821842","38822153","12","265966"
"chr9","39207843","39207951","chr1","182725129","182725248","30","143517286"
"chr9","39432876","39433052","chr7","136000001","136000176","23","96567125"
"chr9","39526438","39526743","chr1","178839374","178839679","39","139312936"
"chr9","67196984","67197168","chr20","47440272","47440448","22","19756712"
"chr9","67294786","67295087","chr9","67080277","67080567","14","214509"
"chr9","67517781","67517954","chr6","42414698","42414867","24","25103083"
"chr9","67590976","67591279","chr9","67375234","67375538","1","215742"
"chr9","67741440","67741731","chr9","67526659","67526948","2","214781"
"chr9","67775914","67776211","chr9","67562058","67562365","11","213856"
"chr9","67779873","67780176","chr1","212435434","212435733","34","144655561"
"chr9","67818232","67818306","chr14","100673591","100673682","28","32855359"
"chr9","67946514","67946812","chr9","67732441","67732740","2","214073"
"chr9","68086145","68086409","chr9","67872792","67873057","2","213353"
"chr9","68311325","68311623","chr9","68092202","68092502","3","219123"
"chr9","68335322","68335518","chr9","68114272","68114468","0","221050"
"chr9","68404798","68405019","chr9","68183968","68184189","2","220830"
"chr9","68506487","68506785","chr9","68286367","68286667","2","220120"
"chr9","68575977","68576167","chr10","30763708","30763896","34","37812269"
"chr9","68674971","68675285","chr9","68456413","68456729","11","218558"
"chr9","68864502","68864799","chr9","68645246","68645544","5","219256"
"chr9","69040830","69041118","chr1","53676918","53677203","43","15363912"
"chr9","69111904","69112207","chr9","68894283","68894587","2","217621"
"chr9","69128195","69128300","chr11","97204039","97204163","32","28075844"
"chr9","69158884","69158931","chr4","158528568","158528610","11","89369684"
"chr9","69187057","69187237","chr12","124308544","124308724","28","55121487"
"chr9","69229703","69229770","chr11","47990760","47990828","31","21238943"
"chr9","69385726","69386014","chr9","69173094","69173392","12","212632"
"chr9","69637625","69637769","chr19","61741211","61741358","19","7896414"
"chr9","69782587","69782717","chr9","69573837","69573962","5","208750"
"chr9","69968745","69968871","chr18","46323703","46323831","28","23645042"
"chr9","70038773","70038982","chr9","69835636","69835822","27","203137"
"chr9","70128158","70128449","chr9","69927428","69927716","10","200730"
"chr9","70178441","70178748","chr9","69978943","69979253","5","199498"
"chr9","70214308","70214606","chr9","70017127","70017425","5","197181"
"chr9","70290352","70290519","chr9","70093990","70094158","1","196362"
"chr9","70531969","70532279","chr9","70340945","70341253","7","191024"
"chr9","70558806","70559121","chr13","74866557","74866857","78","4307751"
"chr9","70600739","70600936","chr17","73441364","73441560","29","2840625"
"chr9","70617627","70617759","chr9","70426761","70426891","4","190866"
"chr9","70630455","70630624","chr20","54094540","54094721","41","16535915"
"chr9","70632940","70633233","chr9","70442104","70442399","2","190836"
"chr9","70666206","70666493","chr9","70475886","70476174","1","190320"
"chr9","70689856","70690165","chr1","29191621","29191930","36","41498235"
"chr9","70700341","70700458","chr9","70510433","70510556","8","189908"
"chr9","70747088","70747381","chr9","70556714","70557007","1","190374"
"chr9","70799897","70800172","chr9","82461168","82461438","68","11661271"
"chr9","70868208","70868493","chr9","70679031","70679316","0","189177"
"chr9","70919887","70920176","chr9","70731525","70731818","4","188362"
"chr9","71056037","71056302","chr9","70867592","70867852","10","188445"
"chr9","71166302","71166595","chr9","70930555","70930850","3","235747"
"chr9","71177444","71177719","chrX","51143783","51144053","42","20033661"
"chr9","71191929","71192226","chr9","70956929","70957226","3","235000"
"chr9","71248741","71249037","chr3","5045433","5045734","36","66203308"
"chr9","71259520","71259820","chr9","71026985","71027286","3","232535"
"chr9","71260473","71260573","chr22","33938435","33938535","21","37322038"
"chr9","71304306","71304412","chr4","91255965","91256071","11","19951659"
"chr9","71320369","71320584","chr3","159599907","159600115","40","88279538"
"chr9","71334914","71335218","chr15","72223816","72224120","37","888902"
"chr9","71344233","71344532","chr9","71115495","71115794","1","228738"
"chr9","71356096","71356196","chr6","159074849","159074952","16","87718753"
"chr9","71356293","71356510","chr7","14497974","14498190","27","56858319"
"chr9","71428950","71429246","chr9","71200922","71201218","4","228028"
"chr9","71433775","71433848","chr17","4261422","4261478","27","67172353"
"chr9","71698543","71698648","chr3","181238196","181238292","25","109539653"
"chr9","71712814","71712986","chr9","71486612","71486784","4","226202"
"chr9","71794151","71794430","chr3","132061902","132062187","43","60267751"
"chr9","71926268","71926560","chr9","71703271","71703573","13","222997"
"chr9","71999394","71999695","chr19","52032830","52033129","46","19966564"
"chr9","72062448","72062637","chr9","71851041","71851225","5","211407"
"chr9","72156379","72156674","chr9","71945933","71946230","4","210446"
"chr9","72295593","72295866","chr9","72086306","72086584","5","209287"
"chr9","72298639","72298929","chr9","72089360","72089653","3","209279"
"chr9","72374464","72374550","chr14","100673591","100673682","20","28299127"
"chr9","72523557","72523681","chr5","139945451","139945585","28","67421894"
"chr9","73401395","73401615","chr9","73121492","73121712","0","279903"
"chr9","73581213","73581500","chr9","73302698","73302984","3","278515"
"chr9","73757824","73758090","chr9","73483423","73483698","12","274401"
"chr9","73761665","73761903","chr9","73487462","73487704","9","274203"
"chr9","73829537","73829827","chr2B","182472990","182473276","39","108643453"
"chr9","73931142","73931307","chr9","73661680","73661846","1","269462"
"chr9","73968258","73968542","chr9","73699560","73699846","3","268698"
"chr9","74072328","74072605","chr6","74351099","74351381","45","278771"
"chr9","74318017","74318139","chr5","172392908","172393028","17","98074891"
"chr9","74331141","74331449","chr6","156040463","156040770","33","81709322"
"chr9","74410079","74410390","chr9","74150021","74150331","9","260058"
"chr9","74655826","74656122","chr9","74399565","74399862","1","256261"
"chr9","74732649","74732981","chr9","74476754","74477087","2","255895"
"chr9","74743597","74743708","chr2B","142240066","142240170","28","67496469"
"chr9","74760342","74760638","chr9","74504472","74504780","14","255870"
"chr9","74800745","74801035","chr9","74544828","74545118","0","255917"
"chr9","74824783","74825089","chr11","11344288","11344592","36","63480495"
"chr9","75081969","75082243","chr9","74814330","74814600","4","267639"
"chr9","75160926","75161149","chr9","74893361","74893584","0","267565"
"chr9","75166148","75166440","chr9","74898577","74898872","5","267571"
"chr9","75266895","75266963","chr3","49847781","49847858","16","25419114"
"chr9","75321583","75321683","chr22","33938435","33938535","24","41383148"
"chr9","75367278","75367533","chr9","75106870","75107126","1","260408"
"chr9","75391008","75391177","chr3","62158483","62158648","31","13232525"
"chr9","75403283","75403419","chr11","62337631","62337761","17","13065652"
"chr9","75403420","75403745","chr9","75143146","75143472","2","260274"
"chr9","75403746","75403900","chr2B","142239198","142239326","55","66835452"
"chr9","75456482","75456762","chr11","114962600","114962878","40","39506118"
"chr9","75551975","75552125","chr19","38801049","38801198","32","36750926"
"chr9","75598929","75599198","chr9","75340755","75341025","6","258174"
"chr9","75705612","75705911","chr9","75447230","75447537","8","258382"
"chr9","75726126","75726136","chr1","28547144","28547162","10","47178982"
"chr9","75726170","75726446","chr9","75467875","75468157","6","258295"
"chr9","75740218","75740519","chr9","75481893","75482199","6","258325"
"chr9","75820077","75820365","chr9","75562127","75562412","5","257950"
"chr9","75848986","75849229","chr9","75591062","75591305","0","257924"
"chr9","75914791","75915033","chr9","75657856","75658098","8","256935"
"chr9","75930864","75931178","chr5","60272523","60272827","49","15658341"
"chr9","76023489","76023811","chr5","7579076","7579372","62","68444413"
"chr9","76040432","76040726","chr9","75792422","75792716","0","248010"
"chr9","76069593","76069694","chr14","100673591","100673682","20","24603998"
"chr9","76251028","76251320","chr9","76006222","76006514","2","244806"
"chr9","76374248","76374374","chr5","172392908","172393028","26","96018660"
"chr9","76512117","76512420","chr9","76272001","76272308","9","240116"
"chr9","76656706","76657004","chr9","76423433","76423730","2","233273"
"chr9","76738248","76738561","chr9","76505085","76505402","5","233163"
"chr9","76844410","76844709","chr9","76613103","76613404","2","231307"
"chr9","76957741","76958048","chr9","76729985","76730294","4","227756"
"chr9","77240110","77240412","chr9","77027649","77027953","6","212461"
"chr9","77357956","77358229","chr9","77142191","77142475","13","215765"
"chr9","77426153","77426453","chr9","77208276","77208566","11","217877"
"chr9","77581497","77581782","chr9","77364847","77365139","8","216650"
"chr9","77732611","77732702","chr14","100673591","100673682","22","22940980"
"chr9","77739197","77739488","chr9","77523895","77524187","2","215302"
"chr9","77918954","77919239","chr9","77704926","77705193","19","214028"
"chr9","78128455","78128722","chr9","77916161","77916430","3","212294"
"chr9","78227249","78227533","chr9","78014822","78015142","37","212427"
"chr9","78351028","78351324","chr9","78139516","78139807","7","211512"
"chr9","78429710","78430010","chr9","78222861","78223163","2","206849"
"chr9","78671374","78671651","chr9","78470353","78470660","31","201021"
"chr9","78678545","78678837","chr9","78477521","78477814","9","201024"
"chr9","78722499","78722790","chr9","78521184","78521476","2","201315"
"chr9","78811438","78811736","chr5","10350860","10351158","63","68460578"
"chr9","78866401","78866684","chr9","78666722","78667023","21","199679"
"chr9","78951471","78951773","chr9","78754593","78754897","2","196878"
"chr9","79169152","79169464","chr9","78975605","78975916","13","193547"
"chr9","79178707","79179011","chr9","78985554","78985866","20","193153"
"chr9","79206716","79206999","chr15","41566347","41566636","53","37640369"
"chr9","79308235","79308447","chr9","79111854","79112066","2","196381"
"chr9","79531705","79532005","chr9","79312645","79312947","5","219060"
"chr9","79616271","79616420","chr7","98799935","98800067","53","19183664"
"chr9","80094183","80094454","chr9","79877034","79877307","5","217149"
"chr9","80128721","80129029","chr9","79912382","79912690","2","216339"
"chr9","80428002","80428293","chr9","80214341","80214632","1","213661"
"chr9","80469553","80469849","chr9","80254981","80255282","5","214572"
"chr9","80550474","80550772","chr9","80336897","80337201","7","213577"
"chr9","80566620","80566917","chr1","65625407","65625700","64","14941213"
"chr9","80577109","80577396","chr9","80364268","80364555","5","212841"
"chr9","80641457","80641760","chrX","2575069","2575375","41","78066388"
"chr9","80710977","80711270","chr9","80504557","80504850","3","206420"
"chr9","80969158","80969462","chr9","80658651","80658955","1","310507"
"chr9","80994979","80995279","chr9","80684439","80684739","1","310540"
"chr9","81038836","81039015","chr1","215337115","215337292","26","134298279"
"chr9","81112965","81113270","chr9","80807314","80807619","5","305651"
"chr9","81379997","81380036","chr10","27042861","27042906","14","54337136"
"chr9","81559752","81560065","chr9","81259550","81259837","31","300202"
"chr9","81765497","81765789","chr9","81465035","81465337","14","300462"
"chr9","81883829","81884093","chr9","81582727","81582990","2","301102"
"chr9","82385333","82385641","chr9","82100223","82100551","20","285110"
"chr9","82525469","82525762","chr9","82240804","82241114","17","284665"
"chr9","82534412","82534513","chr6","159074849","159074952","21","76540437"
"chr9","82610799","82610948","chr12","31939089","31939232","24","50671710"
"chr9","82632543","82632831","chr9","82348446","82348736","4","284097"
"chr9","82634606","82634903","chr4","91835339","91835634","30","9200733"
"chr9","82738988","82739258","chr9","82461168","82461438","0","277820"
"chr9","82884102","82884311","chr17","28247265","28247475","38","54636837"
"chr9","82887234","82887455","chr3","36295297","36295521","32","46591937"
"chr9","82920133","82920283","chr9","84841115","84841264","3","1920982"
"chr9","82968924","82969029","chr2B","142240066","142240170","27","59271142"
"chr9","83035689","83035985","chr9","84722740","84723038","2","1687051"
"chr9","83074409","83074492","chr8","46091691","46091777","17","36982718"
"chr9","83154710","83155007","chr9","84603158","84603457","4","1448448"
"chr9","83166800","83167063","chr9","84591881","84592144","0","1425081"
"chr9","83206259","83206569","chr9","84550809","84551117","6","1344550"
"chr9","83218861","83219149","chr3","135986698","135986987","35","52767837"
"chr9","83290493","83290634","chr16","73743066","73743197","38","9547427"
"chr9","83309834","83309933","chr13","24059413","24059502","22","59250421"
"chr9","83319300","83319604","chr17","49492370","49492672","47","33826930"
"chr9","83384513","83384796","chr9","82692531","82692817","7","691982"
"chr9","83445919","83446134","chr18","36703579","36703806","42","46742340"
"chr9","83464884","83465014","chr13","22694842","22694978","26","60770042"
"chr9","83497261","83497394","chr7","156274717","156274856","32","72777456"
"chr9","83537860","83538152","chr9","82847078","82847373","5","690782"
"chr9","83580044","83580262","chr9","82891583","82891808","9","688461"
"chr9","83609980","83610115","chr9","82923689","82923824","0","686291"
"chr9","83701174","83701333","chr9","83017957","83018129","16","683217"
"chr9","83705129","83705423","chr9","83021935","83022230","3","683194"
"chr9","83709479","83709789","chr9","83026399","83026713","11","683080"
"chr9","83739574","83739637","chr4","51756017","51756071","19","31983557"
"chr9","83788599","83788895","chr9","83111707","83112008","7","676892"
"chr9","83841072","83841352","chr9","83166144","83166440","17","674928"
"chr9","83850266","83850538","chr9","83175381","83175650","5","674885"
"chr9","84317638","84317943","chrX","37546933","37547235","40","46770705"
"chr9","84613501","84613629","chr2A","32693701","32693835","21","51919800"
"chr9","84752120","84752358","chr17","10913755","10913989","32","73838365"
"chr9","84762052","84762357","chr9","84104773","84105078","0","657279"
"chr9","84776506","84776742","chr1","62650417","62650659","45","22126089"
"chr9","84840464","84840767","chr9","84180257","84180560","1","660207"
"chr9","84904983","84905268","chr9","84245272","84245558","2","659711"
"chr9","84936708","84936995","chr9","84277035","84277322","0","659673"
"chr9","85000514","85000807","chr9","84341453","84341747","5","659061"
"chr9","85001356","85001648","chr9","84342296","84342594","6","659060"
"chr9","85471387","85471681","chr9","85091585","85091879","1","379802"
"chr9","85538831","85538942","chr2A","62538961","62539069","21","22999870"
"chr9","85574320","85574636","chr9","85196510","85196825","3","377810"
"chr9","85672134","85672442","chr7","135423644","135423956","32","49751510"
"chr9","85702144","85702445","chr9","85327707","85328008","0","374437"
"chr9","85786374","85786673","chr15","65718120","65718415","27","20068254"
"chr9","85821278","85821568","chr6","30425392","30425674","42","55395886"
"chr9","86005841","86006137","chr14","94403780","94404074","33","8397939"
"chr9","86024133","86024423","chr9","85655411","85655701","1","368722"
"chr9","86112720","86112817","chr3","156851242","156851347","23","70738522"
"chr9","86434997","86435075","chr9","86075665","86075739","4","359332"
"chr9","86458744","86458858","chr2B","205936995","205937106","22","119478251"
"chr9","86500930","86501238","chr9","86141806","86142114","5","359124"
"chr9","86684206","86684535","chr9","86330757","86331088","3","353449"
"chr9","86719722","86720021","chr9","86366585","86366887","5","353137"
"chr9","86757334","86757626","chr10","6328812","6329106","35","80428522"
"chr9","86805034","86805329","chr9","86464758","86465054","3","340276"
"chr9","86942049","86942242","chr16","20238556","20238749","31","66703493"
"chr9","86988780","86988933","chr9","86650978","86651129","6","337802"
"chr9","87141395","87141686","chr9","86783400","86783693","4","357995"
"chr9","87185574","87185883","chr9","86826982","86827291","1","358592"
"chr9","87209599","87209908","chr1","199260186","199260488","43","112050587"
"chr9","87250236","87250513","chr17","71930575","71930855","46","15319661"
"chr9","87314958","87315048","chr3","181238196","181238292","29","93923238"
"chr9","87327783","87327820","chr4","158528568","158528610","14","71200785"
"chr9","87342241","87342547","chr9","86979694","86980004","9","362547"
"chr9","87374305","87374599","chr9","87012829","87013128","6","361476"
"chr9","87433511","87433807","chr4","42538261","42538559","30","44895250"
"chr9","87464221","87464483","chr12","109448554","109448829","50","21984333"
"chr9","87525776","87526065","chr9","87168130","87168439","65","357646"
"chr9","87533830","87534105","chr9","87176218","87176494","2","357612"
"chr9","87535032","87535149","chr6","159074849","159074952","29","71539817"
"chr9","87620957","87621252","chr9","87263156","87263451","5","357801"
"chr9","87642763","87643076","chr9","87284630","87284947","6","358133"
"chr9","87669687","87669987","chr9","87312403","87312704","5","357284"
"chr9","87704287","87704593","chr4","105434920","105435223","41","17730633"
"chr9","87709644","87709955","chr9","87347357","87347665","6","362287"
"chr9","88023695","88023978","chr9","87656516","87656799","6","367179"
"chr9","88720487","88720802","chr13","99688199","99688506","46","10967712"
"chr9","88722230","88722538","chr9","88361581","88361890","7","360649"
"chr9","89177212","89177525","chr9","88851414","88851727","1","325798"
"chr9","89344632","89344910","chr11","69257373","69257650","15","20087259"
"chr9","89347041","89347351","chr9","89025511","89025820","4","321530"
"chr9","89376961","89377253","chr9","89057472","89057765","2","319489"
"chr9","89446580","89446699","chr2B","207026815","207026935","19","117580235"
"chr9","89447784","89448093","chr9","89128674","89128984","1","319110"
"chr9","89696481","89696494","chr1","28547144","28547162","8","61149337"
"chr9","89696539","89696687","chr1","213430388","213430540","33","123733849"
"chr9","89727441","89727745","chr9","89355705","89356004","9","371736"
"chr9","89731988","89732084","chr9","127692872","127692963","28","37960884"
"chr9","89735566","89735875","chr9","89363854","89364164","2","371712"
"chr9","89801313","89801417","chr3","181238196","181238292","21","91436883"
"chr9","89919417","89919723","chr9","89545888","89546188","12","373529"
"chr9","89937339","89937509","chr1","29277911","29278085","33","60659428"
"chr9","89944406","89944694","chr9","89570890","89571178","1","373516"
"chr9","89986606","89986899","chr9","89612974","89613268","2","373632"
"chr9","90073620","90073913","chr9","89702121","89702409","8","371499"
"chr9","90086655","90086874","chr15","64140788","64141008","34","25945867"
"chr9","90115717","90116004","chr9","89745351","89745638","1","370366"
"chr9","90284816","90285046","chr1","74443397","74443621","39","15841419"
"chr9","90341269","90341542","chr9","89973149","89973422","0","368120"
"chr9","90421526","90421807","chr12","61508381","61508672","26","28913145"
"chr9","90508204","90508496","chr9","90147292","90147588","7","360912"
"chr9","90704460","90704612","chr12","95708278","95708420","25","5003818"
"chr9","90892853","90893139","chr9","90539779","90540066","3","353074"
"chr9","90949677","90949979","chr9","90592482","90592784","0","357195"
"chr9","90950771","90950893","chr2B","207026815","207026935","29","116076044"
"chr9","91006182","91006479","chr9","90649474","90649772","2","356708"
"chr9","91013638","91013862","chr9","90656939","90657163","19","356699"
"chr9","91036590","91036895","chr9","90680371","90680674","3","356219"
"chr9","91064337","91064649","chr14","73573733","73574039","45","17490604"
"chr9","91113950","91114250","chr9","90756144","90756444","3","357806"
"chr9","91160947","91161257","chr9","90802471","90802760","22","358476"
"chr9","91192705","91192874","chr4","2758356","2758526","32","88434349"
"chr9","91220435","91220554","chr2A","18448207","18448342","29","72772228"
"chr9","91468395","91468522","chr8","26723415","26723536","23","64744980"
"chr9","91556925","91557037","chr3","181143385","181143493","27","89586460"
"chr9","91566802","91566928","chr5","172392908","172393028","28","80826106"
"chr9","91651206","91651505","chr9","91267037","91267336","1","384169"
"chr9","91706477","91706787","chr1","29189596","29189901","35","62516881"
"chr9","91717472","91717752","chr9","91334008","91334288","2","383464"
"chr9","91728361","91728662","chr9","91345206","91345517","15","383155"
"chr9","91745042","91745331","chr9","91362676","91362966","2","382366"
"chr9","91801040","91801169","chr9","91419734","91419861","2","381306"
"chr9","91848088","91848388","chr9","91467065","91467365","0","381023"
"chr9","91951600","91951878","chr9","91572152","91572433","5","379448"
"chr9","92137520","92137636","chr2B","199271339","199271453","27","107133819"
"chr9","92235332","92235481","chrX","54148377","54148526","22","38086955"
"chr9","92264524","92264811","chr9","91892220","91892515","10","372304"
"chr9","92276261","92276359","chr14","100673591","100673682","20","8397330"
"chr9","92299341","92299642","chr9","91929443","91929747","3","369898"
"chr9","92307534","92307631","chr17","63805822","63805920","14","28501712"
"chr9","92410844","92411000","chr18","42055327","42055484","26","50355517"
"chr9","92439538","92439855","chr9","92074775","92075090","14","364763"
"chr9","92490498","92490791","chr9","92127874","92128167","1","362624"
"chr9","92501965","92502003","chr6","20158127","20158168","10","72343838"
"chr9","92660220","92660520","chr9","92296477","92296777","0","363743"
"chr9","92668814","92669114","chr9","92305070","92305373","3","363744"
"chr9","92775408","92775708","chr9","92413540","92413844","8","361868"
"chr9","92825401","92825701","chr9","92459702","92460002","1","365699"
"chr9","92939977","92940260","chr9","92573544","92573827","0","366433"
"chr9","92993749","92994083","chr1","72428760","72429088","53","20564989"
"chr9","93248836","93249122","chr9","92886696","92886981","1","362140"
"chr9","93297814","93298125","chr4","115367634","115367940","59","22069820"
"chr9","93338223","93338340","chr8","26723415","26723536","22","66614808"
"chr9","93430588","93430701","chr17","59059909","59060023","9","34370679"
"chr9","93440868","93441163","chr8","38318461","38318757","36","55122407"
"chr9","93461279","93461536","chr9","93102309","93102577","14","358970"
"chr9","93674081","93674377","chr9","93270415","93270711","2","403666"
"chr9","93680654","93680923","chr15","64758072","64758347","57","28922582"
"chr9","93697364","93697550","chr9","128045951","128046133","28","34348587"
"chr9","93713929","93714125","chr4","88026372","88026577","39","5687557"
"chr9","93804271","93804426","chrX","155632548","155632709","35","61828277"
"chr9","93909767","93910067","chr9","93456562","93456862","1","453205"
"chr9","93926512","93926771","chr9","93472569","93472858","30","453943"
"chr9","93937831","93938132","chr9","93486383","93486682","6","451448"
"chr9","93942143","93942404","chr9","93490699","93490961","4","451444"
"chr9","94034452","94034757","chr9","93586481","93586789","5","447971"
"chr9","94077258","94077430","chr1","216420076","216420242","28","122342818"
"chr9","94146745","94147022","chr9","93699599","93699878","2","447146"
"chr9","94162133","94162298","chr7","100665257","100665418","31","6503124"
"chr9","94170637","94170734","chr3","181238196","181238292","25","87067559"
"chr9","94193131","94193422","chr9","93744729","93745031","16","448402"
"chr9","94218415","94218703","chr9","93770451","93770739","1","447964"
"chr9","94500003","94500127","chr2B","199271339","199271453","30","104771336"
"chr9","94554097","94554385","chr9","94110209","94110472","28","443888"
"chr9","94589293","94589584","chr9","94146836","94147127","3","442457"
"chr9","94601373","94601548","chr1","12099448","12099619","27","82501925"
"chr9","94602724","94603022","chr9","94160286","94160584","1","442438"
"chr9","94603084","94603346","chr3","31481677","31481942","47","63121407"
"chr9","94891534","94891830","chr9","94446811","94447109","3","444723"
"chr9","94917824","94918118","chr9","94473233","94473528","4","444591"
"chr9","95287964","95288197","chr9","94842511","94842772","30","445453"
"chr9","95291822","95292152","chr20","25828077","25828373","72","69463745"
"chr9","95302065","95302368","chr9","94856631","94856937","5","445434"
"chr9","95358023","95358334","chr9","94913176","94913485","11","444847"
"chr9","95387769","95388048","chr9","94942674","94942973","21","445095"
"chr9","95491171","95491333","chr5","118509498","118509662","32","23018327"
"chr9","95504803","95505088","chr9","95061920","95062213","9","442883"
"chr9","95521845","95522138","chr9","95079340","95079633","2","442505"
"chr9","95544039","95544334","chr9","95101574","95101868","4","442465"
"chr9","95587257","95587559","chr9","95146043","95146347","3","441214"
"chr9","95600313","95600621","chr9","95158753","95159079","24","441560"
"chr9","95620986","95621077","chr1","61624685","61624775","20","33996301"
"chr9","95632249","95632424","chr9","95190105","95190280","2","442144"
"chr9","95645526","95645822","chr9","95205501","95205799","5","440025"
"chr9","95646692","95646843","chr16","19339749","19339897","23","76306943"
"chr9","95688250","95688547","chr20","54184177","54184476","48","41504073"
"chr9","95699563","95699863","chr9","95263110","95263415","5","436453"
"chr9","95837655","95837744","chr14","100673591","100673682","16","4835936"
"chr9","95841024","95841327","chr11","81612582","81612877","43","14228442"
"chr9","95844528","95844826","chr9","95410773","95411072","1","433755"
"chr9","95867489","95867772","chr9","95434379","95434662","2","433110"
"chr9","95892899","95893043","chr9","95459425","95459569","0","433474"
"chr9","95899125","95899417","chr9","95465653","95465946","1","433472"
"chr9","95901780","95902046","chr9","95468317","95468586","5","433463"
"chr9","95924992","95925271","chr9","95491621","95491900","4","433371"
"chr9","96392788","96393033","chr15","91185445","91185685","43","5207343"
"chr9","96469878","96470154","chr9","96035473","96035749","3","434405"
"chr9","96502006","96502180","chr7","82359185","82359357","29","14142821"
"chr9","96607512","96607602","chr14","100673591","100673682","20","4066079"
"chr9","96628031","96628126","chr9","96193885","96193980","1","434146"
"chr9","96669684","96669972","chr3","50079958","50080245","35","46589726"
"chr9","96721948","96722169","chr11","57481533","57481752","48","39240415"
"chr9","96751351","96751667","chr1","53118077","53118382","38","43633274"
"chr9","96820028","96820200","chr19","37778340","37778516","26","59041688"
"chr9","96928290","96928596","chr9","96505942","96506249","5","422348"
"chr9","96943156","96943447","chr3","173983076","173983369","47","77039920"
"chr9","96961119","96961406","chr9","96538947","96539237","3","422172"
"chr9","97014450","97014759","chr14","43939452","43939757","30","53074998"
"chr9","97016546","97016854","chr9","96590846","96591157","6","425700"
"chr9","97110351","97110486","chr4","84675478","84675615","30","12434873"
"chr9","97116781","97117078","chr9","96692951","96693261","13","423830"
"chr9","97126730","97126946","chr9","127332773","127332986","42","30206043"
"chr9","97169284","97169577","chr2A","95443191","95443496","40","1726093"
"chr9","97237958","97238262","chr9","98664066","98664369","18","1426108"
"chr9","97258490","97258784","chr9","96835287","96835581","1","423203"
"chr9","97360444","97360753","chr9","96939582","96939892","1","420862"
"chr9","97362176","97362401","chr2A","29503231","29503467","47","67858945"
"chr9","97428546","97428701","chr9","97009867","97010022","1","418679"
"chr9","97447842","97448035","chr9","97028914","97029116","13","418928"
"chr9","97504873","97505117","chr9","97086339","97086583","1","418534"
"chr9","97559650","97559940","chr9","97141676","97141970","4","417974"
"chr9","97805686","97805995","chr1","20587160","20587463","53","77218526"
"chr9","97923643","97923942","chr9","97511585","97511889","7","412058"
"chr9","97978469","97978774","chr9","97567660","97567965","4","410809"
"chr9","98010216","98010510","chr7","24739193","24739485","34","73271023"
"chr9","98055621","98055923","chr12","98660930","98661231","41","605309"
"chr9","98098898","98099198","chr9","97689587","97689888","6","409311"
"chr9","98221560","98221846","chr9","97816913","97817201","4","404647"
"chr9","98320034","98320317","chr14","78305044","78305331","34","20014990"
"chr9","98342389","98342585","chr17","73441364","73441560","28","24901025"
"chr9","98428900","98429148","chr13","98223276","98223522","34","205624"
"chr9","98469795","98470116","chr7","5118238","5118562","37","93351557"
"chr9","98538318","98538632","chr9","98135848","98136161","2","402470"
"chr9","98826426","98826727","chr9","98428030","98428330","3","398396"
"chr9","99090546","99090816","chr9","98695580","98695851","5","394966"
"chr9","99143263","99143428","chr1","216420076","216420242","26","117276813"
"chr9","99208861","99209159","chr9","98815296","98815598","8","393565"
"chr9","99272384","99272500","chr9","69573837","69573962","29","29698547"
"chr9","99273994","99274163","chr6","42414698","42414867","23","56859296"
"chr9","99472814","99473111","chr9","99073086","99073384","2","399728"
"chr9","99590615","99590912","chr9","99202846","99203142","3","387769"
"chr9","99683132","99683350","chr3","36295297","36295521","52","63387835"
"chr9","99747395","99747708","chr9","99357628","99357939","6","389767"
"chr9","99871342","99871652","chr9","99483791","99484104","3","387551"
"chr9","100107928","100108230","chr8","89806216","89806510","45","10301712"
"chr9","100280729","100280825","chr14","100673591","100673682","20","392862"
"chr9","100454417","100454708","chr9","100082824","100083115","2","371593"
"chr9","100512506","100512717","chr9","100144180","100144405","22","368326"
"chr9","100883112","100883415","chr1","53276245","53276554","51","47606867"
"chr9","100917902","100918196","chr9","100555650","100555945","10","362252"
"chr9","101159824","101160113","chr9","100800129","100800418","1","359695"
"chr9","101427531","101427746","chr9","101075918","101076133","2","351613"
"chr9","101506773","101507074","chr9","101159169","101159474","6","347604"
"chr9","101620933","101621136","chr12","111138858","111139070","50","9517925"
"chr9","101835050","101835338","chr9","101504395","101504683","2","330655"
"chr9","101898608","101898917","chr9","101568956","101569254","13","329652"
"chr9","102033246","102033339","chr3","181238196","181238292","16","79204950"
"chr9","102080890","102081117","chr9","101753541","101753768","4","327349"
"chr9","102151867","102152029","chr22","16225217","16225380","35","85926650"
"chr9","102237810","102237908","chr20","16652596","16652702","24","85585214"
"chr9","102260188","102260364","chr9","101936592","101936768","0","323596"
"chr9","102288662","102288958","chr9","101965810","101966106","1","322852"
"chr9","102290522","102290808","chr9","101967670","101967956","0","322852"
"chr9","102818164","102818475","chr9","102493273","102493584","8","324891"
"chr9","103052520","103052832","chr9","102733841","102734151","3","318679"
"chr9","103064580","103064842","chr9","102745926","102746188","2","318654"
"chr9","103333980","103334272","chr9","102876758","102877052","3","457222"
"chr9","103516156","103516436","chr5","57162058","57162339","35","46354098"
"chr9","103615811","103616118","chr9","103163366","103163680","8","452445"
"chr9","103651683","103651970","chr9","103199009","103199296","1","452674"
"chr9","103787738","103787949","chr9","103345325","103345535","3","442413"
"chr9","103878425","103878709","chr9","103437005","103437292","4","441420"
"chr9","103957563","103957829","chr9","103516947","103517213","1","440616"
"chr9","103969391","103969701","chr19","42083515","42083822","39","61885876"
"chr9","103979265","103979557","chr9","103538564","103538858","2","440701"
"chr9","103981960","103982245","chr9","103542473","103542758","1","439487"
"chr9","104016821","104017114","chr9","103577411","103577713","11","439410"
"chr9","104035675","104035987","chr9","103596232","103596544","0","439443"
"chr9","104060049","104060353","chr9","103620655","103620959","0","439394"
"chr9","104126284","104126593","chr9","103686647","103686957","1","439637"
"chr9","104157900","104158211","chr9","103718848","103719161","6","439052"
"chr9","104215239","104215534","chr9","103776567","103776863","3","438672"
"chr9","104257695","104257977","chrX","124546420","124546700","30","20288725"
"chr9","104261917","104262015","chr1","160944586","160944680","23","56682669"
"chr9","104292021","104292283","chr9","103859568","103859849","34","432453"
"chr9","104310080","104310380","chr9","103877947","103878247","6","432133"
"chr9","104315901","104316050","chr9","109174430","109174580","25","4858529"
"chr9","104363516","104363818","chr9","103932562","103932866","2","430954"
"chr9","104367485","104367773","chr4","1989777","1990078","40","102377708"
"chr9","104372520","104372812","chr17","66713523","66713821","42","37658997"
"chr9","104379981","104380075","chr13","24059413","24059502","19","80320568"
"chr9","104392840","104393145","chr9","103962184","103962492","4","430656"
"chr9","104400129","104400210","chr14","100673591","100673682","29","3726538"
"chr9","104407085","104407390","chr9","103976327","103976606","28","430758"
"chr9","104424330","104424400","chr9","103993079","103993149","0","431251"
"chr9","104464441","104464733","chr9","104035517","104035814","7","428924"
"chr9","104471284","104471593","chr9","104042376","104042687","4","428908"
"chr9","104483715","104483804","chr14","100673591","100673682","18","3810124"
"chr9","104520828","104521064","chr2A","68018325","68018546","37","36502503"
"chr9","104521116","104521266","chr1","11780192","11780341","25","92740924"
"chr9","104527506","104527791","chr9","104113172","104113458","2","414334"
"chr9","104554162","104554449","chr9","104140422","104140710","1","413740"
"chr9","104703331","104703454","chr2B","207026815","207026935","25","102323484"
"chr9","104739816","104740129","chr4","83970006","83970311","38","20769810"
"chr9","104759814","104760109","chr9","104350712","104351010","3","409102"
"chr9","104765378","104765497","chr5","172392908","172393028","24","67627530"
"chr9","105290845","105291150","chr9","104832078","104832387","5","458767"
"chr9","105456970","105457279","chr9","104996498","104996805","7","460472"
"chr9","105609615","105609757","chr14","54169995","54170134","23","51439620"
"chr9","105634899","105635026","chr5","172392908","172393028","30","66758009"
"chr9","105790570","105790874","chr9","105332952","105333259","3","457618"
"chr9","105793526","105793721","chr9","105335908","105336108","6","457618"
"chr9","105796210","105796520","chr9","105338595","105338903","7","457615"
"chr9","105852406","105852692","chr9","105397550","105397836","1","454856"
"chr9","105908082","105908220","chr19","4055014","4055149","13","101853068"
"chr9","106106336","106106617","chr2B","139557733","139558016","34","33451397"
"chr9","106190285","106190589","chrX","30868354","30868656","35","75321931"
"chr9","106606664","106606971","chr9","106156726","106157034","8","449938"
"chr9","106631205","106631502","chr5","59770526","59770823","32","46860679"
"chr9","106766625","106766920","chr9","106320597","106320895","4","446028"
"chr9","106774125","106774418","chr9","106328283","106328579","5","445842"
"chr9","106779315","106779605","chr1","129337688","129337979","42","22558373"
"chr9","106793532","106793726","chr17","9522311","9522505","29","97271221"
"chr9","106800960","106801064","chr9","80389825","80389922","21","26411135"
"chr9","106829315","106829621","chr9","106386804","106387110","3","442511"
"chr9","106836616","106836731","chr3","181238196","181238292","32","74401580"
"chr9","106861691","106861900","chr9","106419488","106419702","5","442203"
"chr9","107001376","107001663","chr9","106564598","106564888","6","436778"
"chr9","107013402","107013709","chr9","106576812","106577120","10","436590"
"chr9","107052344","107052641","chr9","106616728","106617025","0","435616"
"chr9","107170506","107170796","chr9","106735116","106735413","9","435390"
"chr9","107291675","107291979","chr9","106858087","106858392","5","433588"
"chr9","107340743","107340816","chr2A","75638554","75638634","14","31702189"
"chr9","107623553","107623847","chr9","107204128","107204422","3","419425"
"chr9","108005537","108005788","chr9","107594153","107594403","9","411384"
"chr9","108157183","108157323","chr9","107749604","107749763","19","407579"
"chr9","108204284","108204345","chr2B","142239332","142239385","18","34035048"
"chr9","108367052","108367184","chr1","214242319","214242461","26","105875267"
"chr9","108415442","108415741","chr9","108011588","108011884","5","403854"
"chr9","108522389","108522557","chr6","37299122","37299292","22","71223267"
"chr9","109440494","109440786","chr21","31071670","31071966","33","78368824"
"chr9","109499703","109499975","chr9","109113867","109114139","1","385836"
"chr9","109555641","109555931","chr9","109172836","109173111","21","382805"
"chr9","109557049","109557199","chr9","109174430","109174580","14","382619"
"chr9","109585771","109586053","chr10","112497600","112497871","40","2911829"
"chr9","109609809","109610083","chr9","109223865","109224139","1","385944"
"chr9","109669254","109669543","chr11","81612582","81612877","37","28056672"
"chr9","109684346","109684642","chr9","109300214","109300510","2","384132"
"chr9","109755492","109755800","chr18","19332666","19332971","38","90422826"
"chr9","109791597","109791906","chr9","109408833","109409142","3","382764"
"chr9","109814690","109814982","chrX","43814540","43814832","42","66000150"
"chr9","110017397","110017704","chr9","109636944","109637251","4","380453"
"chr9","110116583","110116693","chr2A","62538961","62539069","24","47577622"
"chr9","110215681","110215965","chr3","102742671","102742952","52","7473010"
"chr9","110429741","110429829","chr1","160944586","160944680","18","50514845"
"chr9","110648480","110648711","chr9","110283577","110283818","11","364903"
"chr9","110650094","110650209","chr9","110285195","110285311","1","364899"
"chr9","110770358","110770503","chr17","18025666","18025811","21","92744692"
"chr9","110778754","110779050","chr9","110417304","110417602","6","361450"
"chr9","110806266","110806575","chr9","110446039","110446346","4","360227"
"chr9","110807542","110807670","chr12","45595653","45595772","28","65211889"
"chr9","110820428","110820723","chr9","110460476","110460784","15","359952"
"chr9","110834288","110834588","chr9","110474814","110475108","11","359474"
"chr9","110868631","110868895","chr9","110510829","110511093","0","357802"
"chr9","110869622","110869930","chr9","110511820","110512130","9","357802"
"chr9","110892810","110893038","chr9","110535427","110535656","2","357383"
"chr9","110902305","110902410","chr3","181143385","181143493","31","70241080"
"chr9","110912294","110912452","chr7","53094357","53094514","29","57817937"
"chr9","110939994","110940294","chr9","110583517","110583817","2","356477"
"chr9","110959929","110960199","chr7","37166744","37167013","58","73793185"
"chr9","110973679","110973985","chr9","110618299","110618605","1","355380"
"chr9","110999885","111000000","chr5","172392908","172393028","26","61393023"
"chr9","111081514","111081804","chr9","110727628","110727918","0","353886"
"chr9","111092517","111092808","chr9","110738644","110738936","2","353873"
"chr9","111094424","111094727","chr9","110741697","110742005","5","352727"
"chr9","111162122","111162393","chr9","110810041","110810312","2","352081"
"chr9","111175093","111175345","chr1","38268717","38268989","67","72906376"
"chr9","111179080","111179153","chr17","4261422","4261478","20","106917658"
"chr9","111217735","111218037","chr9","110867605","110867910","3","350130"
"chr9","111247544","111247726","chr8","83530037","83530217","26","27717507"
"chr9","111250494","111250799","chr9","110901174","110901480","2","349320"
"chr9","111280921","111281200","chr17","4702420","4702703","27","106578501"
"chr9","111343729","111343878","chr1","213430388","213430540","25","102086659"
"chr9","111427535","111427830","chr13","20993235","20993531","32","90434300"
"chr9","111448518","111448810","chr3","136595042","136595336","36","25146524"
"chr9","111473849","111473973","chr8","26723415","26723536","24","84750434"
"chr9","111478999","111479146","chr9","111132158","111132304","3","346841"
"chr9","111483177","111483439","chr3","123090013","123090256","50","11606836"
"chr9","111501428","111501579","chr14","45477031","45477191","32","66024397"
"chr9","111546130","111546412","chr17","82540373","82540651","46","29005757"
"chr9","111547103","111547387","chr9","111201807","111202091","1","345296"
"chr9","111614170","111614460","chr9","111270945","111271236","1","343225"
"chr9","111625207","111625410","chr9","111282681","111282893","12","342526"
"chr9","111653881","111654064","chr9","111313345","111313526","2","340536"
"chr9","111671237","111671419","chr2A","112034799","112034975","28","363562"
"chr9","111671708","111671771","chr14","103327707","103327757","20","8344001"
"chr9","111674191","111674368","chr19","11478232","11478404","30","100195959"
"chr9","111705893","111706174","chr9","111366369","111366650","0","339524"
"chr9","111724860","111725165","chr9","111385746","111386050","7","339114"
"chr9","111819241","111819544","chr9","111482710","111482984","31","336531"
"chr9","111829067","111829203","chr5","7729163","7729296","32","104099904"
"chr9","112018641","112018771","chr19","3325372","3325502","12","108693269"
"chr9","112025411","112025700","chr4","48739895","48740193","52","63285516"
"chr9","112051414","112051696","chr9","111721730","111722015","8","329684"
"chr9","112603845","112604012","chr9","112064180","112064330","17","539665"
"chr9","112662025","112662231","chr9","112122334","112122527","13","539691"
"chr9","112667952","112668234","chr9","112128258","112128540","1","539694"
"chr9","112697234","112697547","chr12","35759222","35759532","53","76938012"
"chr9","112756773","112756894","chr5","172392908","172393028","22","59636135"
"chr9","112763086","112763181","chr3","181238196","181238292","19","68475110"
"chr9","112778114","112778428","chr9","112238794","112239082","29","539320"
"chr9","112812886","112813197","chr9","112275303","112275614","1","537583"
"chr9","112829197","112829496","chr9","112292942","112293241","2","536255"
"chr9","112879047","112879136","chr6","108298721","108298814","16","4580326"
"chr9","112906591","112906884","chr13","20428787","20429082","47","92477804"
"chr9","112940319","112940608","chr17","37019280","37019568","41","75921039"
"chr9","112947729","112948037","chr9","112412721","112413030","1","535008"
"chr9","113121029","113121356","chr9","112588789","112589112","4","532240"
"chr9","113167016","113167313","chr9","112635155","112635455","5","531861"
"chr9","113230816","113231120","chr9","112700112","112700416","2","530704"
"chr9","113236755","113237039","chr9","112706062","112706344","9","530693"
"chr9","113240781","113241087","chr9","112710338","112710641","4","530443"
"chr9","113243783","113244080","chr3","141565075","141565372","32","28321292"
"chr9","113593747","113594055","chr3","9246360","9246662","37","104347387"
"chr9","113733788","113733935","chr9","113212160","113212307","4","521628"
"chr9","113758564","113758877","chr9","113236756","113237070","5","521808"
"chr9","113814709","113815058","chr11","88326578","88326881","78","25488131"
"chr9","113995304","113995604","chr9","113474072","113474372","3","521232"
"chr9","114002595","114002666","chr17","4261422","4261478","25","109741173"
"chr9","114029411","114029705","chr9","113509763","113510058","4","519648"
"chr9","114104706","114105006","chr9","113584391","113584693","4","520315"
"chr9","114114668","114114836","chr6","42414698","42414867","28","71699970"
"chr9","114225765","114226031","chr11","836736","837013","50","113389029"
"chr9","114364880","114365173","chr9","113847797","113848095","8","517083"
"chr9","114400226","114400517","chr9","113883519","113883820","10","516707"
"chr9","114504993","114505107","chr6","159074849","159074952","24","44569856"
"chr9","114618568","114618868","chr9","114103803","114104104","2","514765"
"chr9","114660311","114660480","chr6","37299122","37299292","22","77361189"
"chr9","114660506","114660632","chr5","61543450","61543577","14","53117056"
"chr9","114690474","114690745","chr9","114170961","114171238","6","519513"
"chr9","114820858","114821120","chr9","114297614","114297869","12","523244"
"chr9","114867515","114867622","chr2B","205936995","205937106","23","91069480"
"chr9","114935248","114935341","chr1","160944586","160944680","16","46009338"
"chr9","114986294","114986594","chr1","82248839","82249138","37","32737455"
"chr9","115322665","115322965","chr9","114799626","114799930","8","523039"
"chr9","115720947","115721075","chr5","7729163","7729296","44","107991784"
"chr9","116262236","116262524","chr9","115750524","115750812","2","511712"
"chr9","116285650","116285963","chr9","115774646","115774960","14","511004"
"chr9","116291834","116292148","chr15","36966649","36966959","40","79325185"
"chr9","116312000","116312305","chr9","115801309","115801623","15","510691"
"chr9","116349345","116349518","chr8","27153241","27153406","23","89196104"
"chr9","116541946","116542219","chr9","116030892","116031165","4","511054"
"chr9","116701525","116701619","chr10","132095650","132095743","8","15394125"
"chr9","116760251","116760510","chr9","116254965","116255224","1","505286"
"chr9","116816252","116816487","chr9","116310954","116311189","2","505298"
"chr9","116873178","116873445","chr9","116368134","116368404","4","505044"
"chr9","117203605","117203899","chr9","116702510","116702817","14","501095"
"chr9","117378795","117379100","chr9","116879809","116880113","3","498986"
"chr9","117457493","117457795","chr9","116961991","116962296","3","495502"
"chr9","117827816","117828126","chr9","117335077","117335383","6","492739"
"chr9","118070014","118070146","chr8","26723415","26723536","28","91346599"
"chr9","118149534","118149808","chr9","117659686","117659961","6","489848"
"chr9","118185321","118185613","chr9","117696356","117696648","3","488965"
"chr9","118188580","118188887","chr9","117699615","117699922","7","488965"
"chr9","118328047","118328356","chr9","117839672","117839977","9","488375"
"chr9","118354455","118354749","chr9","117866397","117866691","0","488058"
"chr9","118392227","118392523","chr9","117904215","117904514","5","488012"
"chr9","118498040","118498337","chr9","118012828","118013125","3","485212"
"chr9","118810071","118810363","chr9","118333337","118333629","0","476734"
"chr9","118812505","118812803","chr15","73044800","73045097","39","45767705"
"chr9","118840933","118841117","chr9","118365189","118365377","8","475744"
"chr9","119171873","119172004","chr8","26723415","26723536","27","92448458"
"chr9","119209062","119209289","chr9","118736018","118736251","7","473044"
"chr9","119444235","119444544","chr9","118981770","118982081","6","462465"
"chr9","119474383","119474647","chr4","131216862","131217128","29","11742479"
"chr9","119502228","119502518","chr9","119040386","119040678","4","461842"
"chr9","119849077","119849394","chr9","119395492","119395810","5","453585"
"chr9","119959703","119960009","chr9","119507418","119507727","7","452285"
"chr9","120151134","120151436","chr9","119704027","119704341","14","447107"
"chr9","120170109","120170411","chr9","119723533","119723833","2","446576"
"chr9","120193488","120193776","chr9","119746807","119747095","2","446681"
"chr9","120255525","120255738","chr7","156184570","156184783","37","35929045"
"chr9","120361381","120361591","chr9","119916559","119916789","24","444822"
"chr9","120386555","120386865","chr9","119942123","119942432","3","444432"
"chr9","120524710","120525003","chr9","120085284","120085584","7","439426"
"chr9","120609090","120609381","chr9","120171590","120171881","1","437500"
"chr9","120679435","120679591","chr22","32953494","32953644","39","87725941"
"chr9","120689809","120690107","chr9","120252388","120252691","5","437421"
"chr9","120705906","120706209","chr9","120268482","120268759","26","437424"
"chr9","120972279","120972573","chr9","120536803","120537116","23","435476"
"chr9","120991879","120992158","chr5","146001291","146001571","48","25009412"
"chr9","121005715","121006007","chr9","120571826","120572123","14","433889"
"chr9","121017748","121018051","chr9","120584684","120584992","7","433064"
"chr9","121099665","121099926","chr9","120668950","120669212","1","430715"
"chr9","121297833","121298129","chr9","120869893","120870193","5","427940"
"chr9","121355399","121355625","chr10","89050030","89050258","37","32305369"
"chr9","121402033","121402335","chr9","120975482","120975785","3","426551"
"chr9","121469678","121469979","chr9","121046616","121046916","14","423062"
"chr9","121470030","121470346","chr9","121047309","121047625","0","422721"
"chr9","121629745","121629905","chr16","15848937","15849096","31","105780808"
"chr9","121642409","121642705","chr9","121221842","121222148","10","420567"
"chr9","121748848","121749146","chr9","121329210","121329512","5","419638"
"chr9","121767530","121767839","chr9","121348260","121348569","1","419270"
"chr9","121854267","121854366","chr7","149185628","149185727","27","27331361"
"chr9","121920954","121921253","chr9","121501941","121502243","5","419013"
"chr9","122306377","122306661","chr9","121885930","121886214","1","420447"
"chr9","122314644","122314919","chr9","121894197","121894476","5","420447"
"chr9","122333036","122333317","chr9","121913978","121914260","1","419058"
"chr9","122393505","122393615","chr9","121976734","121976844","0","416771"
"chr9","122466339","122466618","chr9","122050508","122050794","7","415831"
"chr9","122557676","122557971","chr9","122144432","122144727","0","413244"
"chr9","122842765","122842871","chr20","16652596","16652702","25","106190169"
"chr9","122972926","122973216","chr9","122369665","122369956","3","603261"
"chr9","122979993","122980115","chr3","181143385","181143493","44","58163392"
"chr9","123055399","123055570","chr22","16225217","16225380","29","106830182"
"chr9","123254269","123254424","chr9","122658267","122658422","1","596002"
"chr9","123359983","123360248","chr9","122765567","122765835","3","594416"
"chr9","123387340","123387546","chr1","224442789","224442993","30","101055449"
"chr9","123530305","123530613","chr9","122936792","122937099","1","593513"
"chr9","123682086","123682380","chr9","123093988","123094285","4","588098"
"chr9","123688484","123688624","chr4","28030717","28030863","30","95657767"
"chr9","123711371","123711661","chr9","123126973","123127268","6","584398"
"chr9","123759270","123759482","chr9","123177471","123177683","2","581799"
"chr9","123782930","123783042","chr6","159074849","159074952","25","35291919"
"chr9","123783351","123783395","chr9","13493078","13493139","19","110290273"
"chr9","123788157","123788466","chr9","123207040","123207345","5","581117"
"chr9","123836939","123837235","chr2A","74628312","74628608","39","49208627"
"chr9","123850162","123850282","chr2B","199271339","199271453","28","75421177"
"chr9","123854147","123854453","chr9","123273223","123273501","30","580924"
"chr9","124073888","124074182","chr9","123498142","123498440","4","575746"
"chr9","124075978","124076218","chr15","91185445","91185685","31","32890533"
"chr9","124413930","124414234","chr9","123842989","123843287","6","570941"
"chr9","124484351","124484525","chr4","40599988","40600158","29","83884363"
"chr9","124520764","124520860","chr14","100673591","100673682","19","23847173"
"chr9","124521742","124521811","chr4","51756017","51756071","20","72765725"
"chr9","124522836","124522965","chr9","123961118","123961247","0","561718"
"chr9","124581145","124581379","chr9","124025058","124025304","13","556087"
"chr9","124591687","124591990","chr9","124036039","124036338","6","555648"
"chr9","124594443","124594536","chr12","129753197","129753289","12","5158754"
"chr9","124651962","124652124","chr14","49207210","49207370","30","75444752"
"chr9","124717689","124717991","chr9","124169569","124169871","4","548120"
"chr9","124759549","124759838","chr9","124211804","124212094","2","547745"
"chr9","124777097","124777389","chr4","96523115","96523415","60","28253982"
"chr9","124799679","124799763","chr14","100673591","100673682","20","24126088"
"chr9","124806388","124806694","chr9","124260458","124260763","3","545930"
"chr9","124821597","124821718","chr5","172392908","172393028","23","47571311"
"chr9","124828126","124828279","chr3","87640021","87640174","37","37188105"
"chr9","124837539","124837595","chr1","27390807","27390868","17","97446732"
"chr9","124851324","124851612","chr9","124307245","124307554","23","544079"
"chr9","124880968","124881240","chr9","124344325","124344598","3","536643"
"chr9","124912470","124912575","chr3","181238196","181238292","20","56325726"
"chr9","124917351","124917447","chr10","27537090","27537181","12","97380261"
"chr9","124957319","124957617","chr9","124427085","124427385","6","530234"
"chr9","125016689","125016781","chr12","12586014","12586108","17","112430675"
"chr9","125048015","125048304","chr9","124519995","124520284","0","528020"
"chr9","125159067","125159371","chr15","39477035","39477341","39","85682032"
"chr9","125224784","125225084","chr9","124700402","124700702","2","524382"
"chr9","125353096","125353364","chr9","124832295","124832563","0","520801"
"chr9","125374388","125374475","chr14","103328251","103328345","22","22046137"
"chr9","125375878","125376177","chr8","67905964","67906262","45","57469914"
"chr9","125419923","125420100","chr3","154987099","154987278","28","29567176"
"chr9","125452611","125452918","chr9","124932994","124933300","6","519617"
"chr9","125557717","125557933","chr9","125039330","125039513","35","518387"
"chr9","125575391","125575688","chr9","125056977","125057269","11","518414"
"chr9","125638451","125638718","chr9","125119183","125119476","28","519268"
"chr9","125690461","125690771","chr9","125170815","125171145","20","519646"
"chr9","125723914","125724224","chr9","125201299","125201609","1","522615"
"chr9","125730565","125730662","chr14","100673591","100673682","16","25056974"
"chr9","126162237","126162337","chr12","12586014","12586108","18","113576223"
"chr9","126181533","126181843","chr9","125676119","125676429","4","505414"
"chr9","126334589","126334887","chr2A","87802971","87803263","47","38531618"
"chr9","126340317","126340437","chr9","125835754","125835874","1","504563"
"chr9","126343559","126343841","chr5","155521820","155522100","50","29178261"
"chr9","126452330","126452499","chr1","139636360","139636527","25","13184030"
"chr9","126663701","126664010","chr9","126014900","126015227","21","648801"
"chr9","126671981","126672285","chr7","148930791","148931091","37","22258810"
"chr9","126676792","126677083","chr9","126027967","126028271","13","648825"
"chr9","126697860","126698160","chr13","30185139","30185437","40","96512721"
"chr9","126718231","126718530","chr9","126069669","126069968","1","648562"
"chr9","126721252","126721546","chr9","126072701","126073020","26","648551"
"chr9","126751532","126751647","chr5","172392908","172393028","29","45641376"
"chr9","126961950","126962188","chr9","126318266","126318504","1","643684"
"chr9","127012687","127012949","chr9","126371146","126371408","0","641541"
"chr9","127021214","127021506","chr5","170107408","170107699","38","43086194"
"chr9","127148642","127148891","chr19","56689839","56690073","51","70458803"
"chr9","127309839","127309950","chr14","35268910","35269034","33","92040929"
"chr9","127324953","127325273","chr10","112385618","112385927","50","14939335"
"chr9","127370988","127371233","chr17","81370742","81370983","34","46000246"
"chr9","127409791","127410088","chr9","126757626","126757927","6","652165"
"chr9","127458318","127458594","chr1","79030145","79030423","31","48428173"
"chr9","127462037","127462336","chr11","109891460","109891759","36","17570577"
"chr9","127508870","127509177","chr6","84646490","84646799","40","42862380"
"chr9","127511040","127511340","chr6","164583645","164583943","38","37072605"
"chr9","127602950","127603121","chr9","126959522","126959698","8","643428"
"chr9","127604961","127605256","chr9","126961751","126962047","2","643210"
"chr9","127613345","127613643","chr9","126970105","126970403","0","643240"
"chr9","127614745","127614859","chr2B","199271339","199271453","22","71656594"
"chr9","127622098","127622135","chr1","217095751","217095786","18","89473653"
"chr9","127681895","127682204","chr9","127032912","127033222","4","648983"
"chr9","127693449","127693595","chr1","214242319","214242461","16","86548870"
"chr9","127743682","127743809","chr4","84675478","84675615","26","43068204"
"chr9","127774042","127774101","chr17","13384782","13384834","26","114389260"
"chr9","127790963","127791256","chr12","109503944","109504236","38","18287019"
"chr9","127800540","127800832","chr9","127158902","127159208","15","641638"
"chr9","127824599","127824905","chr9","127185568","127185877","5","639031"
"chr9","127871861","127871990","chr13","22694842","22694978","31","105177019"
"chr9","127871999","127872095","chr14","100673591","100673682","27","27198408"
"chr9","127878953","127879132","chr9","127247176","127247354","5","631777"
"chr9","127946066","127946380","chr9","127316243","127316557","0","629823"
"chr9","127946599","127946874","chr9","127316776","127317052","2","629823"
"chr9","127955523","127955820","chr20","18078632","18078928","55","109876891"
"chr9","127961293","127961507","chr9","127332773","127332986","1","628520"
"chr9","127962321","127962581","chr7","131158515","131158773","38","3196194"
"chr9","127967175","127967275","chr14","100673591","100673682","27","27293584"
"chr9","128053282","128053469","chr9","125039330","125039513","45","3013952"
"chr9","128067097","128067407","chr1","157553978","157554288","53","29486881"
"chr9","128073333","128073627","chr9","127447515","127447807","5","625818"
"chr9","128097183","128097486","chr4","68809147","68809451","45","59288036"
"chr9","128104505","128104610","chr13","31901269","31901373","32","96203236"
"chr9","128127971","128128285","chr1","86376633","86376940","43","41751338"
"chr9","128129863","128130000","chr9","122440275","122440408","34","5689588"
"chr9","128136452","128136760","chr9","127508237","127508548","10","628215"
"chr9","128137346","128137640","chr9","127508736","127509031","2","628610"
"chr9","128169366","128169663","chr5","143100063","143100359","37","14930697"
"chr9","128233805","128233965","chr13","26988435","26988596","25","101245370"
"chr9","128263782","128264073","chr7","66849030","66849321","40","61414752"
"chr9","128280960","128281021","chr10","109823094","109823152","15","18457866"
"chr9","128313568","128313686","chr2B","199271339","199271453","29","70957771"
"chr9","128323839","128324147","chr4","59255624","59255928","27","69068215"
"chr9","128324845","128325000","chr11","25729792","25729944","34","102595053"
"chr9","128345116","128345413","chr2A","112749828","112750127","34","15595288"
"chr9","128374073","128374379","chr9","127752817","127753133","11","621256"
"chr9","128376907","128377073","chr14","49207210","49207370","33","79169697"
"chr9","128377083","128377164","chr4","143756872","143756967","27","15379789"
"chr9","128427547","128427862","chr9","127806705","127807023","5","620842"
"chr9","128453287","128453467","chr2B","197469312","197469493","31","69016025"
"chr9","128461180","128461375","chr3","183618022","183618206","45","55156842"
"chr9","128464134","128464288","chr7","108815433","108815590","33","19648701"
"chr9","128470797","128470930","chr1","6844228","6844361","32","121626569"
"chr9","128489382","128489526","chr7","5108087","5108230","23","123381295"
"chr9","128509075","128509358","chr9","127889240","127889533","11","619835"
"chr9","128575246","128575352","chr10","112016205","112016307","14","16559041"
"chr9","128579297","128579572","chr12","106438283","106438556","44","22141014"
"chr9","128590832","128591135","chr9","127974201","127974504","1","616631"
"chr9","128603176","128603299","chr14","35268910","35269034","16","93334266"
"chr9","128603881","128604035","chr21","20136703","20136854","24","108467178"
"chr9","128606017","128606307","chr18","16095515","16095806","3","112510502"
"chr9","128650835","128651129","chr9","128034634","128034928","1","616201"
"chr9","128671493","128671790","chr9","128056264","128056563","2","615229"
"chr9","128682709","128682846","chr16","1931955","1932095","21","126750754"
"chr9","128683273","128683403","chr5","172392908","172393028","30","43709635"
"chr9","128684742","128685053","chr2A","21545535","21545842","40","107139207"
"chr9","128685659","128685795","chr1","6844228","6844361","21","121841431"
"chr9","128688350","128688670","chr10","104143599","104143891","83","24544751"
"chr9","128738134","128738427","chr9","128125287","128125587","9","612847"
"chr9","128746047","128746124","chr14","100673591","100673682","26","28072456"
"chr9","128746740","128746822","chr11","8774884","8774956","18","119971856"
"chr9","128754784","128755065","chr9","128142440","128142747","27","612344"
"chr9","128763208","128763520","chr9","128150628","128150940","3","612580"
"chr9","128788216","128788520","chr9","128175025","128175343","19","613191"
"chr9","128821559","128821870","chr9","128206797","128207110","2","614762"
"chr9","128833638","128833935","chr9","128219823","128220120","13","613815"
"chr9","128900717","128900804","chr8","46091691","46091777","14","82809026"
"chr9","128911691","128911987","chr9","128298679","128298976","1","613012"
"chr9","128951959","128952217","chr9","128339217","128339476","2","612742"
"chr9","128982763","128982992","chr6","139620651","139620881","37","10637888"
"chr9","129000283","129000523","chr7","65495829","65496058","54","63504454"
"chr9","129088574","129088864","chr9","128479581","128479874","4","608993"
"chr9","129112611","129112917","chr9","128503066","128503371","5","609545"
"chr9","129121146","129121447","chr12","14096375","14096677","44","115024771"
"chr9","129138541","129138850","chr9","128530216","128530526","6","608325"
"chr9","129141739","129142049","chr9","128533413","128533723","1","608326"
"chr9","129209248","129209381","chr1","46484701","46484838","28","82724547"
"chr9","129291594","129291703","chr3","193943817","193943934","28","64652223"
"chr9","129323406","129323695","chr8","53671244","53671536","62","75652162"
"chr9","129327418","129327715","chr18","37773686","37773979","34","91553732"
"chr9","129358165","129358347","chr19","50408561","50408737","38","78949604"
"chr9","129376555","129376765","chr5","166445214","166445416","36","37068659"
"chr9","129406650","129406936","chr22","23427414","23427709","33","105979236"
"chr9","129441882","129442186","chrX","130074426","130074731","37","632544"
"chr9","129475263","129475559","chr9","128901329","128901630","6","573934"
"chr9","129551154","129551463","chr9","128977256","128977582","21","573898"
"chr9","129569134","129569214","chr15","68008805","68008888","10","61560329"
"chr9","129572680","129572946","chr9","129000152","129000423","8","572528"
"chr9","129627314","129627624","chr4","115885737","115886047","29","13741577"
"chr9","129693626","129693929","chr9","129125559","129125867","5","568067"
"chr9","129695076","129695382","chr9","129127010","129127318","2","568066"
"chr9","129738297","129738502","chr9","129171987","129172162","30","566310"
"chr9","129753544","129753850","chr9","129187283","129187598","10","566261"
"chr9","129759157","129759444","chr9","129193373","129193662","5","565784"
"chr9","129784901","129785186","chr9","129217452","129217742","6","567449"
"chr9","129788210","129788357","chr1","214242319","214242461","20","84454109"
"chr9","129817019","129817320","chr7","27740764","27741043","82","102076255"
"chr9","129869901","129870194","chr9","129310030","129310323","0","559871"
"chr9","129875668","129875780","chr2B","210790127","210790232","24","80914459"
"chr9","129889873","129889986","chr2B","205936995","205937106","25","76047122"
"chr9","129933408","129933701","chr10","114312160","114312459","36","15621248"
"chr9","129933975","129934287","chr9","129375929","129376242","1","558046"
"chr9","129963900","129964189","chr9","129407037","129407326","2","556863"
"chr9","130027288","130027573","chr9","129474078","129474367","8","553210"
"chr9","130092727","130092840","chr6","159074849","159074952","22","28982122"
"chr9","130239865","130240118","chr9","129788767","129789028","8","451098"
"chr9","130277683","130277769","chr11","84093034","84093121","18","46184649"
"chr9","130287925","130288026","chr14","100673591","100673682","23","29614334"
"chr9","130319436","130319750","chr1","29189596","29189901","38","101129840"
"chr9","130333050","130333352","chr9","129882905","129883212","6","450145"
"chr9","130340959","130341058","chr2A","62537935","62538028","24","67803024"
"chr9","130350091","130350234","chr8","112933585","112933727","24","17416506"
"chr9","130359805","130359956","chr9","129910648","129910799","0","449157"
"chr9","130428824","130429136","chr2A","61887415","61887726","51","68541409"
"chr9","130456322","130456605","chr9","130010678","130010970","11","445644"
"chr9","130475100","130475397","chr9","130029260","130029556","1","445840"
"chr9","130476359","130476543","chr3","9859752","9859937","30","120616607"
"chr9","130476568","130476947","chr19","44086844","44087199","101","86389724"
"chr9","130507168","130507458","chr9","130062253","130062539","5","444915"
"chr9","130517688","130517851","chr7","136023406","136023568","30","5505718"
"chr9","130572120","130572433","chr3","58370508","58370814","40","72201612"
"chr9","130573927","130574216","chr9","130129964","130130254","1","443963"
"chr9","130585668","130585977","chr9","130142081","130142393","8","443587"
"chr9","130617965","130618069","chr20","16652596","16652702","17","113965369"
"chr9","130774573","130774875","chr9","130330988","130331296","10","443585"
"chr9","130834262","130834528","chr6","83265488","83265753","55","47568774"
"chr9","130941037","130941341","chrX","87663566","87663875","45","43277471"
"chr9","130970004","130970331","chr1","214406077","214406389","58","83436073"
"chr9","130973739","130974041","chr17","67059997","67060301","57","63913742"
"chr9","131016150","131016376","chr9","130666448","130666674","2","349702"
"chr9","131028411","131028659","chr9","130679239","130679490","8","349172"
"chr9","131049238","131049546","chr6","11306539","11306848","41","119742699"
"chr9","131078622","131078794","chr19","6920188","6920360","28","124158434"
"chr9","131079090","131079221","chr6","133188591","133188719","21","2109501"
"chr9","131094647","131094941","chr5","36472948","36473248","53","94621699"
"chr9","131100594","131100764","chr15","95776313","95776471","59","35324281"
"chr9","131112742","131112918","chr9","130767579","130767756","5","345163"
"chr9","131143905","131144013","chr2B","205936995","205937106","25","74793090"
"chr9","131144034","131144324","chrX","51889714","51890007","35","79254320"
"chr9","131147710","131147871","chr1","54397545","54397708","31","76750165"
"chr9","131199104","131199271","chr9","130859783","130859950","0","339321"
"chr9","131203182","131203272","chr12","12586014","12586108","18","118617168"
"chr9","131217771","131217868","chr9","130878485","130878582","0","339286"
"chr9","131270901","131271053","chrX","70997262","70997416","21","60273639"
"chr9","131313689","131313989","chr7","6233139","6233436","44","125080550"
"chr9","131326056","131326363","chr9","130995150","130995458","1","330906"
"chr9","131341947","131342196","chr16","25123755","25123995","43","106218192"
"chr9","131447178","131447453","chr9","131121026","131121299","4","326152"
"chr9","131508714","131508990","chr9","131184805","131185081","1","323909"
"chr9","131600094","131600251","chr1","45049966","45050124","30","86550128"
"chr9","131611615","131611910","chr9","131290447","131290742","2","321168"
"chr9","131715725","131716015","chr9","131395854","131396145","1","319871"
"chr9","131944989","131945287","chr15","58929715","58930006","43","73015274"
"chr9","131978939","131979027","chr14","100673591","100673682","21","31305348"
"chr9","132043094","132043385","chr18","27229273","27229564","46","104813821"
"chr9","132133197","132133374","chrX","136843240","136843410","31","4710043"
"chr9","132141648","132141951","chr9","131836033","131836335","4","305615"
"chr9","132149867","132150151","chr9","131844542","131844827","1","305325"
"chr9","132180012","132180312","chr4","100654826","100655131","40","31525186"
"chr9","132206671","132206904","chr9","131902737","131902971","3","303934"
"chr9","132235953","132236179","chr9","131932036","131932265","4","303917"
"chr9","132372388","132372695","chr9","132071512","132071823","9","300876"
"chr9","132459776","132460080","chr9","132158980","132159273","23","300796"
"chr9","132512537","132512839","chr9","132211559","132211860","8","300978"
"chr9","132747845","132748162","chr14","47911057","47911352","51","84836788"
"chr9","132871348","132871399","chr17","478093","478136","15","132393255"
"chr9","132904092","132904212","chr2B","207026815","207026935","19","74122723"
"chr9","132905536","132905826","chr9","132631427","132631724","10","274109"
"chr9","133056111","133056255","chr10","92530394","92530537","26","40525717"
"chr9","133115463","133115765","chr6","15087940","15088232","35","118027523"
"chr9","133182223","133182535","chr16","49695404","49695710","48","83486819"
"chr9","133218119","133218332","chr5","17283873","17284087","37","115934246"
"chr9","133345795","133346089","chr6","156035558","156035849","41","22689763"
"chr9","133569529","133569822","chr9","133332455","133332752","7","237074"
"chr9","133596491","133596786","chr3","188317272","188317569","39","54720781"
"chr9","133681120","133681418","chr9","133449096","133449396","3","232024"
"chr9","133719174","133719352","chr3","37511028","37511205","24","96208146"
"chr9","133721248","133721382","chr4","84675478","84675615","22","49045770"
"chr9","133737019","133737144","chr10","85792459","85792585","15","47944560"
"chr9","133748802","133749062","chr9","133517048","133517309","1","231754"
"chr9","133766931","133767181","chr9","133534641","133534851","43","232290"
"chr9","133771638","133771948","chr9","133539781","133540091","1","231857"
"chr9","133794255","133794563","chr16","69378381","69378688","36","64415874"
"chr9","133853660","133853973","chr9","133642932","133643245","3","210728"
"chr9","134149279","134149388","chr20","16652596","16652702","22","117496683"
"chr9","134213722","134214011","chr9","134009443","134009733","11","204279"
"chr9","134359766","134360054","chr9","134161016","134161294","13","198750"
"chr9","134994127","134994380","chr9","134371880","134372178","45","622247"
"chr9","135051995","135052185","chr1","29017529","29017726","25","106034466"
"chr9","135146774","135147057","chr9","134531177","134531461","2","615597"
"chr9","135307626","135307749","chr1","46484701","46484838","34","88822925"
"chr9","135458500","135458577","chr3","27665315","27665404","25","107793185"
"chr9","135486387","135486694","chr9","134870594","134870901","0","615793"
"chr9","135567542","135567852","chr9","134952597","134952909","6","614945"
"chr9","135582821","135582926","chr22","33938435","33938535","19","101644386"
"chr9","135583390","135583685","chr9","134968762","134969056","3","614628"
"chr9","135715874","135716169","chr14","31115013","31115309","48","104600861"
"chr9","135977670","135977807","chr15","33418146","33418279","32","102559524"
"chr9","135981198","135981485","chr9","135386363","135386650","1","594835"
"chr9","135991536","135991838","chr3","53312450","53312752","34","82679086"
"chr9","135992225","135992509","chr9","135398414","135398696","3","593811"
"chr9","136087685","136087735","chr19","46929278","46929331","11","89158407"
"chr9","136123259","136123401","chr8","24630008","24630158","24","111493251"
"chr9","136132702","136132837","chr9","135543855","135543989","2","588847"
"chr9","136268560","136268646","chr8","46091691","46091777","14","90176869"
"chr9","136479768","136480068","chr3","154358833","154359133","35","17879065"
"chr9","136574377","136574502","chr8","26723415","26723536","24","109850962"
"chr9","136697736","136697830","chr14","103328251","103328345","20","33369485"
"chr9","136804593","136804881","chr9","136360994","136361297","18","443599"
"chr9","136807711","136807871","chr4","180552843","180553000","23","43745132"
"chr9","136829706","136829997","chr5","45969042","45969330","37","90860664"
"chr9","136837489","136837619","chr9","136394657","136394787","0","442832"
"chr9","136899509","136899726","chr3","200711023","200711239","32","63811514"
"chr9","136910883","136911183","chr19","57307951","57308249","34","79602932"
"chr9","136928219","136928519","chr17","56800637","56800932","45","80127582"
"chr9","136941697","136942003","chr9","136505331","136505630","8","436366"
"chr9","137067060","137067357","chrX","56497260","56497564","38","80569800"
"chr9","137086947","137087222","chr9","136655870","136656179","39","431077"
"chr9","137105659","137105954","chr9","136673110","136673409","4","432549"
"chr9","137132007","137132120","chr22","33938435","33938535","30","103193572"
"chr9","137160922","137161258","chr9","136730898","136731200","38","430024"
"chr9","137180869","137180933","chr10","109823094","109823152","17","27357775"
"chr9","137360813","137360981","chr5","171329402","171329580","36","33968589"
"chr9","137363670","137363969","chr9","136935703","136936003","4","427967"
"chr9","137442107","137442256","chr13","30738071","30738220","16","106704036"
"chr9","137458196","137458318","chr22","35041748","35041876","29","102416448"
"chr9","137476837","137477134","chr9","137045776","137046086","15","431061"
"chr9","137688179","137688493","chr9","137235754","137236069","3","452425"
"chr9","137715662","137715892","chr1","129385965","129386195","32","8329697"
"chr9","137919866","137920219","chr9","137460403","137460702","73","459463"
"chr9","137929717","137929986","chr9","137469566","137469835","2","460151"
"chr9","137949376","137949662","chr9","137490433","137490740","27","458943"
"chr9","137990965","137991038","chr18","13216633","13216692","21","124774332"
"chr9","138001001","138001258","chr1","181609045","181609303","34","43608044"
"chr9","138108977","138109287","chr9","137652902","137653212","2","456075"
"chr9","138133069","138133189","chr5","172392908","172393028","24","34259839"
"chrX","2096955","2097265","chr6","137217090","137217392","34","135120135"
"chrX","30801690","30801992","chrX","30858129","30858431","0","56439"
"chrX","140115835","140116144","chr14","55584861","55585170","34","84530974"
"chrX","491413","491569","chr7","119909730","119909884","51","119418317"
"chrX","509180","509284","chr3","181238196","181238292","29","180729016"
"chrX","646590","646675","chr13","54945192","54945276","22","54298602"
"chrX","678071","678190","chr1","6844228","6844361","32","6166157"
"chrX","682152","682298","chr1","214242319","214242461","13","213560167"
"chrX","698434","698575","chr9","122440954","122441094","22","121742520"
"chrX","698643","698934","chr12","61508381","61508672","34","60809738"
"chrX","699726","699814","chr7","11905758","11905851","19","11206032"
"chrX","716292","716595","chr1","210097703","210098006","44","209381411"
"chrX","725612","725778","chr6","37299122","37299292","23","36573510"
"chrX","744382","744481","chr1","160944586","160944680","15","160200204"
"chrX","788986","789280","chrX","737673","737968","6","51313"
"chrX","797834","798124","chr12","61508381","61508672","40","60710547"
"chrX","802027","802169","chr1","214242319","214242461","19","213440292"
"chrX","818549","818671","chr6","159074849","159074952","34","158256300"
"chrX","887818","887946","chr1","29278377","29278505","16","28390559"
"chrX","919251","919460","chr9","105335908","105336108","43","104416657"
"chrX","920135","920423","chr7","66849030","66849321","33","65928895"
"chrX","942413","942716","chr4","130547535","130547834","34","129605122"
"chrX","942776","942986","chr3","200711023","200711239","31","199768247"
"chrX","974524","974818","chr15","56217522","56217816","40","55242998"
"chrX","1015390","1015442","chr11","117157879","117157943","21","116142489"
"chrX","1059992","1060294","chr1","21949805","21950110","33","20889813"
"chrX","1060850","1061146","chr4","130547535","130547834","33","129486685"
"chrX","1062390","1062628","chr21","28969314","28969535","63","27906924"
"chrX","1497947","1498252","chr15","73142533","73142834","36","71644586"
"chrX","1506825","1507126","chr1","53490363","53490659","40","51983538"
"chrX","1555203","1555334","chr8","26723415","26723536","25","25168212"
"chrX","1566276","1566533","chr5","36309126","36309387","41","34742850"
"chrX","1579279","1579406","chr22","35041748","35041876","27","33462469"
"chrX","1605206","1605303","chrUn_GL395309","5680","5773","14","1599526"
"chrX","1614681","1614793","chr20","17234762","17234865","32","15620081"
"chrX","1619402","1619719","chr10","86530455","86530767","57","84911053"
"chrX","1626282","1626522","chr2A","29362784","29363036","38","27736502"
"chrX","1633812","1633930","chr2B","199271339","199271453","20","197637527"
"chrX","1718412","1718638","chr7","14497974","14498190","37","12779562"
"chrX","1718940","1719031","chr12","31242059","31242152","13","29523119"
"chrX","1783710","1784006","chr8","45606114","45606411","35","43822404"
"chrX","1799078","1799369","chr17","18238677","18238974","25","16439599"
"chrX","1799982","1800273","chr12","61508381","61508672","27","59708399"
"chrX","1805344","1805644","chr21","4065891","4066188","33","2260547"
"chrX","1806278","1806574","chr3","54080201","54080499","34","52273923"
"chrX","1823072","1823229","chr16","32052089","32052241","25","30229017"
"chrX","1855269","1855411","chr7","5108087","5108230","18","3252818"
"chrX","1859848","1860169","chr9","127333766","127334080","44","125473918"
"chrX","1866251","1866576","chrX","120311957","120312258","50","118445706"
"chrX","1890656","1890941","chrX","1853842","1854126","2","36814"
"chrX","1912883","1913177","chr12","31867666","31867959","37","29954783"
"chrX","1944169","1944219","chr10","27042861","27042906","12","25098692"
"chrX","1963896","1964220","chr1","58017210","58017527","53","56053314"
"chrX","1965409","1965729","chr15","88099418","88099735","43","86134009"
"chrX","2013388","2013483","chr14","100673591","100673682","22","98660203"
"chrX","2023109","2023208","chr20","16652596","16652702","23","14629487"
"chrX","2036722","2036812","chr8","143342833","143342924","14","141306111"
"chrX","2048474","2048778","chr4","130547535","130547834","35","128499061"
"chrX","2077673","2077990","chrX","2031665","2031983","1","46008"
"chrX","2104224","2104529","chr3","160512729","160513033","38","158408505"
"chrX","2111642","2111851","chr1","145322216","145322429","46","143210574"
"chrX","2121276","2121585","chr1","211055580","211055884","40","208934304"
"chrX","2127607","2127905","chr1","109563293","109563591","36","107435686"
"chrX","2141482","2141652","chr19","59940840","59941010","21","57799358"
"chrX","2143036","2143187","chrX","155632548","155632709","31","153489512"
"chrX","2143493","2143624","chr11","62337631","62337761","13","60194138"
"chrX","2145184","2145483","chr18","15920971","15921266","31","13775787"
"chrX","2177048","2177306","chr1","28571886","28572148","36","26394838"
"chrX","2190382","2190688","chr13","48954932","48955233","39","46764550"
"chrX","2191044","2191352","chr5","180101970","180102280","43","177910926"
"chrX","2197784","2197848","chr4","51756017","51756071","30","49558233"
"chrX","2198136","2198247","chr20","16652596","16652702","38","14454460"
"chrX","2218734","2218830","chr22","33938435","33938535","18","31719701"
"chrX","2280744","2280854","chr1","123832748","123832859","13","121552004"
"chrX","2303026","2303338","chrX","2276690","2277003","2","26336"
"chrX","2387079","2387369","chrX","2346057","2346347","0","41022"
"chrX","2397741","2397988","chrX","2357192","2357438","3","40549"
"chrX","2407523","2407649","chr2B","171103038","171103174","26","168695515"
"chrX","2419616","2419748","chr19","61741211","61741358","27","59321595"
"chrX","2449569","2449880","chrX","2409700","2410012","2","39869"
"chrX","2491452","2491757","chrX","2449026","2449331","2","42426"
"chrX","2527997","2528042","chrX","2486825","2486870","0","41172"
"chrX","2586859","2587025","chrX","155632548","155632709","22","153045689"
"chrX","2588512","2588599","chr13","24059413","24059502","18","21470901"
"chrX","2616035","2616339","chrX","2575069","2575375","3","40966"
"chrX","2647122","2647323","chr7","24904601","24904805","60","22257479"
"chrX","2664329","2664430","chr1","162362855","162362955","12","159698526"
"chrX","2795566","2795883","chr9","121348260","121348569","57","118552694"
"chrX","2838860","2838972","chr20","16652596","16652702","24","13813736"
"chrX","2878217","2878308","chr22","33938435","33938535","23","31060218"
"chrX","2881526","2881722","chr12","124308544","124308724","34","121427018"
"chrX","2912965","2913104","chr13","22694842","22694978","29","19781877"
"chrX","2928423","2928599","chr9","130767579","130767756","25","127839156"
"chrX","2972062","2972226","chrX","2932959","2933123","1","39103"
"chrX","3025507","3025628","chr8","26723415","26723536","28","23697908"
"chrX","3072158","3072458","chr10","120134000","120134298","32","117061842"
"chrX","3083373","3083649","chr4","130416876","130417152","40","127333503"
"chrX","3203952","3204128","chr1","29277911","29278085","26","26073959"
"chrX","3341110","3341191","chr11","8774884","8774956","16","5433774"
"chrX","3403522","3403643","chr22","35041748","35041876","23","31638226"
"chrX","3558022","3558090","chr6","11395990","11396054","28","7837968"
"chrX","3577151","3577216","chr19","17268802","17268857","28","13691651"
"chrX","3606520","3606661","chr8","112933585","112933727","31","109327065"
"chrX","3628412","3628598","chr1","71500002","71500187","34","67871590"
"chrX","3679171","3679308","chr7","156274717","156274856","28","152595546"
"chrX","3717105","3717408","chrX","3683624","3683927","0","33481"
"chrX","3723615","3723917","chrX","3690125","3690429","7","33490"
"chrX","3962507","3962802","chrX","3932988","3933290","9","29519"
"chrX","4294999","4295306","chrX","4273599","4273911","7","21400"
"chrX","4395425","4395721","chrUn_GL393535","225655","225952","4","4169770"
"chrX","4397781","4397892","chr20","16652596","16652702","26","12254815"
"chrX","4633066","4633160","chrX","16927421","16927515","14","12294355"
"chrX","4681613","4681908","chrX","4660301","4660602","6","21312"
"chrX","4745674","4745957","chr20","53960023","53960305","57","49214349"
"chrX","4913330","4913580","chrX","4898168","4898418","0","15162"
"chrX","4941800","4941892","chr14","100673591","100673682","20","95731791"
"chrX","5117899","5118046","chr12","38831500","38831656","35","33713601"
"chrX","5217258","5217558","chrX","5204969","5205271","4","12289"
"chrX","5842003","5842153","chr18","71387731","71387881","24","65545728"
"chrX","5933061","5933368","chrX","5899630","5899937","1","33431"
"chrX","6026771","6027054","chrX","5993502","5993788","4","33269"
"chrX","6159729","6160023","chr3","33283512","33283805","36","27123783"
"chrX","6494962","6495031","chr17","4261422","4261478","27","2233540"
"chrX","6746200","6746502","chr21","32290518","32290817","34","25544318"
"chrX","6970403","6970709","chr5","62119881","62120180","43","55149478"
"chrX","7018856","7019150","chr8","37987801","37988095","33","30968945"
"chrX","7096076","7096369","chrX","7029871","7030159","7","66205"
"chrX","7110732","7111044","chrX","7045010","7045321","3","65722"
"chrX","7184486","7184788","chrX","7120026","7120338","13","64460"
"chrX","7254110","7254406","chr2A","63086723","63087016","38","55832613"
"chrX","7464548","7464848","chrX","7440917","7441217","1","23631"
"chrX","7546823","7546947","chr12","38992415","38992548","31","31445592"
"chrX","7732659","7732948","chrX","7710615","7710904","0","22044"
"chrX","7816340","7816431","chr14","100673591","100673682","15","92857251"
"chrX","7996004","7996175","chrX","7978557","7978724","5","17447"
"chrX","8046579","8046871","chrX","8043814","8044107","1","2765"
"chrX","8354513","8354757","chr5","62606469","62606706","36","54251956"
"chrX","8521641","8521893","chr17","13388958","13389211","38","4867317"
"chrX","8823675","8823987","chrX","8815329","8815639","6","8346"
"chrX","8945941","8946060","chrX","12847720","12847832","20","3901779"
"chrX","9101565","9101773","chrX","9108915","9109125","3","7350"
"chrX","9104720","9105002","chrX","9111975","9112257","4","7255"
"chrX","9161660","9161761","chr6","159074849","159074952","20","149913189"
"chrX","9629111","9629408","chr4","22394086","22394382","35","12764975"
"chrX","9650819","9650968","chr19","38801049","38801198","30","29150230"
"chrX","9800801","9801111","chrX","9833228","9833515","25","32427"
"chrX","9863771","9864004","chr10","772641","772873","66","9091130"
"chrX","9913168","9913464","chrX","9943873","9944173","6","30705"
"chrX","10083120","10083422","chr5","110396177","110396477","58","100313057"
"chrX","10351957","10352178","chr6","35199073","35199287","48","24847116"
"chrX","10585495","10585784","chrX","10626135","10626424","0","40640"
"chrX","10828975","10829089","chr2B","139795701","139795833","32","128966726"
"chrX","11048550","11048841","chr3","188006085","188006378","50","176957535"
"chrX","11512519","11512718","chr22","33939125","33939322","27","22426606"
"chrX","11970464","11970587","chr16","73743066","73743197","28","61772602"
"chrX","11974833","11975163","chrX","11992949","11993256","26","18116"
"chrX","12373779","12374091","chr6","84646490","84646799","45","72272711"
"chrX","12524671","12524990","chr10","66846020","66846331","55","54321349"
"chrX","12546655","12546874","chr6","43423586","43423804","39","30876931"
"chrX","12688446","12688759","chrX","12724508","12724820","1","36062"
"chrX","12766160","12766461","chrX","135322397","135322698","35","122556237"
"chrX","12798999","12799288","chr4","167882463","167882760","43","155083464"
"chrX","12986410","12986714","chr4","141672561","141672867","27","128686151"
"chrX","13094109","13094415","chrX","13126728","13127033","2","32619"
"chrX","13191295","13191509","chrX","13227097","13227312","1","35802"
"chrX","13508875","13509156","chrX","13556795","13557076","1","47920"
"chrX","13582480","13582776","chrX","13630415","13630712","1","47935"
"chrX","13632881","13632962","chr8","46091691","46091777","18","32458810"
"chrX","13677839","13677961","chr8","26723415","26723536","24","13045576"
"chrX","13689298","13689452","chrX","13739458","13739612","2","50160"
"chrX","13835923","13836216","chrX","13888020","13888315","3","52097"
"chrX","13902582","13902719","chr8","55259668","55259819","34","41357086"
"chrX","13963280","13963582","chr1","161196657","161196961","31","147233377"
"chrX","14074781","14075082","chrX","14129073","14129378","7","54292"
"chrX","14353285","14353592","chrX","14497427","14497751","19","144142"
"chrX","14484985","14485295","chrX","14628136","14628446","0","143151"
"chrX","14498120","14498244","chr8","26723415","26723536","21","12225295"
"chrX","14878741","14879044","chr12","20270231","20270535","34","5391490"
"chrX","15009427","15009610","chr22","30033402","30033585","28","15023975"
"chrX","15145230","15145334","chr6","159074849","159074952","14","143929619"
"chrX","15161658","15161963","chrX","15321529","15321834","2","159871"
"chrX","15174963","15175135","chr10","57532871","57533043","27","42357908"
"chrX","15177742","15177841","chr14","100673591","100673682","18","85495849"
"chrX","15179774","15180067","chrX","15340809","15341103","3","161035"
"chrX","15223173","15223500","chrX","15440922","15441237","32","217749"
"chrX","15239203","15239498","chrX","15457698","15457992","1","218495"
"chrX","15469474","15469786","chrX","15689611","15689923","2","220137"
"chrX","15474189","15474352","chrX","15694332","15694494","2","220143"
"chrX","15493106","15493405","chr5","58949750","58950048","36","43456644"
"chrX","15603888","15603998","chr20","16652596","16652702","24","1048708"
"chrX","15666628","15666938","chr19","1975495","1975804","47","13691133"
"chrX","15667866","15668164","chr6","53201637","53201933","34","37533771"
"chrX","15761968","15762260","chrX","15906045","15906341","5","144077"
"chrX","15787140","15787438","chr18","17077974","17078269","30","1290834"
"chrX","15788126","15788265","chr7","66481067","66481212","28","50692941"
"chrX","15902524","15902691","chr3","48545255","48545427","21","32642731"
"chrX","16028969","16029280","chr9","134870594","134870901","36","118841625"
"chrX","16351438","16351531","chr17","13332748","13332838","20","3018690"
"chrX","16524551","16524756","chr21","22550921","22551128","41","6026370"
"chrX","16575575","16575870","chrX","16710860","16711156","2","135285"
"chrX","16625944","16626246","chr5","140899363","140899671","47","124273419"
"chrX","16690310","16690436","chr2B","207026815","207026935","23","190336505"
"chrX","16720687","16720955","chrX","16858151","16858420","3","137464"
"chrX","16726489","16726617","chr4","51557575","51557711","22","34831086"
"chrX","16728967","16729145","chr4","26666455","26666626","22","9937488"
"chrX","16732480","16732776","chrX","16869928","16870225","3","137448"
"chrX","16745968","16746099","chr2A","32693701","32693835","20","15947733"
"chrX","16749399","16749509","chr2B","142240066","142240170","26","125490667"
"chrX","16753928","16754215","chr1","129337688","129337979","29","112583760"
"chrX","16768559","16768828","chr7","37166744","37167013","44","20398185"
"chrX","16773989","16774119","chr8","26723415","26723536","31","9949426"
"chrX","16791812","16792123","chr5","34886734","34887046","31","18094922"
"chrX","16814857","16815156","chrX","16953532","16953836","7","138675"
"chrX","16885934","16886250","chrX","17028110","17028421","6","142176"
"chrX","16896812","16897108","chrX","17038731","17039027","1","141919"
"chrX","16918516","16918823","chrX","17060681","17060988","1","142165"
"chrX","17204043","17204149","chr20","16652596","16652702","17","551447"
"chrX","17230763","17231071","chrX","17389372","17389684","6","158609"
"chrX","17254276","17254575","chrX","17413897","17414196","0","159621"
"chrX","17305908","17306175","chr1","145446044","145446308","60","128140136"
"chrX","17912358","17912652","chrX","18096379","18096709","37","184021"
"chrX","18177400","18177599","chr2B","159028415","159028619","29","140851015"
"chrX","18240429","18240591","chr2B","178803360","178803529","30","160562931"
"chrX","18308056","18308279","chr16","12124345","12124572","37","6183711"
"chrX","18352564","18352699","chr9","76669588","76669729","17","58317024"
"chrX","18362393","18362687","chr5","60225819","60226111","32","41863426"
"chrX","18390837","18390943","chr20","16652596","16652702","24","1738241"
"chrX","18396395","18396665","chr8","39329618","39329882","49","20933223"
"chrX","18409773","18410063","chr2B","228184558","228184852","35","209774785"
"chrX","18459656","18459765","chr3","181238196","181238292","30","162778540"
"chrX","18470600","18470808","chr16","20238556","20238749","59","1767956"
"chrX","18579648","18579947","chrX","18774049","18774348","2","194401"
"chrX","18590228","18590344","chr6","159074849","159074952","25","140484621"
"chrX","18632240","18632452","chrX","18824559","18824772","1","192319"
"chrX","18638878","18639187","chrX","18830513","18830822","2","191635"
"chrX","18691250","18691553","chr2A","106430833","106431132","35","87739583"
"chrX","18699019","18699319","chrX","18889599","18889906","9","190580"
"chrX","18725114","18725412","chrX","18914427","18914723","2","189313"
"chrX","18889677","18889968","chrX","19086271","19086562","2","196594"
"chrX","19066019","19066174","chrX","19267786","19267941","0","201767"
"chrX","19171622","19171757","chr10","61718468","61718607","19","42546846"
"chrX","19305412","19305588","chrX","19505314","19505493","4","199902"
"chrX","19324684","19324793","chr3","181238196","181238292","25","161913512"
"chrX","19374854","19374949","chr3","181238196","181238292","25","161863342"
"chrX","19384100","19384257","chr3","196843855","196844018","33","177459755"
"chrX","19491157","19491461","chr3","15176094","15176391","35","4315063"
"chrX","19543400","19543700","chr7","25866404","25866702","30","6323004"
"chrX","19561626","19561713","chr14","100673591","100673682","17","81111965"
"chrX","19742670","19742972","chrX","19942340","19942642","0","199670"
"chrX","19959823","19960120","chrX","20170039","20170336","1","210216"
"chrX","19962654","19962743","chr13","24059413","24059502","17","4096759"
"chrX","19975144","19975370","chrX","20186591","20186817","0","211447"
"chrX","19987639","19987940","chrX","20198654","20198957","5","211015"
"chrX","20014330","20014628","chr11","62349725","62350021","30","42335395"
"chrX","20052495","20052778","chrX","20262637","20262943","23","210142"
"chrX","20064520","20064654","chr13","22694842","22694978","28","2630322"
"chrX","20092052","20092149","chr9","80389825","80389922","18","60297773"
"chrX","20171280","20171493","chrX","20380175","20380388","0","208895"
"chrX","20240456","20240564","chr6","43284224","43284341","19","23043768"
"chrX","21437794","21438075","chr1","127624739","127625017","34","106186945"
"chrX","21470372","21470686","chrX","21700060","21700369","5","229688"
"chrX","21471259","21471545","chrX","21700943","21701229","0","229684"
"chrX","21668709","21668941","chrX","21900847","21901079","1","232138"
"chrX","21841937","21842068","chr12","38992415","38992548","22","17150478"
"chrX","21850392","21850684","chr21","16679068","16679365","50","5171324"
"chrX","21853483","21853797","chrX","22092129","22092445","3","238646"
"chrX","21867608","21867911","chr13","48954932","48955233","37","27087324"
"chrX","21914378","21914673","chrX","22153884","22154179","2","239506"
"chrX","21942470","21942763","chr12","45874078","45874367","45","23931608"
"chrX","22000001","22000228","chr3","35594296","35594525","33","13594295"
"chrX","22077277","22077549","chr1","124399374","124399636","32","102322097"
"chrX","22103497","22103579","chr14","100673591","100673682","18","78570094"
"chrX","22118502","22118784","chrX","22361855","22362137","0","243353"
"chrX","22261316","22261607","chrX","22504803","22505098","5","243487"
"chrX","22484240","22484541","chrX","22732696","22733001","5","248456"
"chrX","22535176","22535487","chr11","128167218","128167522","71","105632042"
"chrX","22579444","22579573","chr17","49780665","49780794","12","27201221"
"chrX","22787752","22788041","chrX","23039706","23039998","4","251954"
"chrX","22996154","22996459","chrX","23251883","23252189","2","255729"
"chrX","23503278","23503407","chr2A","32693701","32693835","28","9190423"
"chrX","23637589","23637896","chrX","23883790","23884073","32","246201"
"chrX","23700851","23701027","chr11","48130487","48130657","28","24429636"
"chrX","23754594","23754844","chrX","24011023","24011287","19","256429"
"chrX","23763182","23763481","chrX","24019524","24019820","10","256342"
"chrX","23764122","23764232","chr2A","62538961","62539069","23","38774839"
"chrX","23782384","23782637","chr6","42200745","42201013","45","18418361"
"chrX","23795163","23795432","chr19","61756823","61757094","35","37961660"
"chrX","23810356","23810519","chr12","113679054","113679212","26","89868698"
"chrX","23841962","23842263","chrX","24096211","24096508","8","254249"
"chrX","23875064","23875358","chrX","24130838","24131135","4","255774"
"chrX","23877071","23877357","chrX","24133829","24134113","6","256758"
"chrX","23884422","23884698","chr3","103181693","103181965","48","79297271"
"chrX","23918291","23918589","chr5","135594174","135594471","33","111675883"
"chrX","23934933","23935227","chr1","129337688","129337979","44","105402755"
"chrX","23968892","23968990","chrX","24225829","24225927","2","256937"
"chrX","23989651","23989869","chr5","30333440","30333641","44","6343789"
"chrX","24000926","24001227","chr1","153364243","153364545","44","129363317"
"chrX","24012613","24012904","chr12","61508381","61508672","33","37495768"
"chrX","24023725","24024030","chrX","24280042","24280347","0","256317"
"chrX","24043282","24043575","chrX","24300302","24300598","5","257020"
"chrX","24112458","24112749","chr12","110365560","110365855","29","86253102"
"chrX","24126026","24126292","chrX","24382741","24383007","1","256715"
"chrX","24126860","24127094","chrX","24383575","24383810","6","256715"
"chrX","24207255","24207367","chr5","172392908","172393028","25","148185653"
"chrX","24234436","24234620","chr13","109585836","109586016","41","85351400"
"chrX","24261383","24261678","chrX","24517618","24517913","1","256235"
"chrX","24314733","24315013","chr8","113773701","113773982","28","89458968"
"chrX","24419169","24419466","chrX","24670641","24670941","4","251472"
"chrX","24496403","24496701","chrX","24751423","24751721","6","255020"
"chrX","24585471","24585648","chrX","24841217","24841395","6","255746"
"chrX","24617963","24618168","chr17","71943079","71943282","35","47325116"
"chrX","24618189","24618478","chr6","165433626","165433909","27","140815437"
"chrX","24677452","24677752","chr6","21186611","21186906","45","3490841"
"chrX","24706139","24706322","chr10","120372580","120372761","28","95666441"
"chrX","24746680","24746942","chr4","96404319","96404582","40","71657639"
"chrX","24755804","24755899","chr22","33938435","33938535","18","9182631"
"chrX","25091278","25091513","chrX","25356203","25356430","10","264925"
"chrX","25195372","25195669","chr17","79469676","79469969","29","54274304"
"chrX","25243838","25244144","chrX","25507532","25507835","5","263694"
"chrX","25307681","25307998","chrX","25568906","25569226","6","261225"
"chrX","25322135","25322444","chrX","25583543","25583852","3","261408"
"chrX","25483044","25483341","chrX","25748947","25749244","0","265903"
"chrX","26174499","26174734","chrX","26435923","26436158","0","261424"
"chrX","26336713","26336811","chr12","12586014","12586108","23","13750699"
"chrX","26685493","26685768","chrX","26950821","26951106","11","265328"
"chrX","26710483","26710751","chrX","26976108","26976379","4","265625"
"chrX","26930384","26930694","chrX","27195828","27196135","4","265444"
"chrX","26944656","26944776","chr5","139945451","139945585","27","113000795"
"chrX","27000003","27000112","chr2A","62538961","62539069","18","35538958"
"chrX","27018092","27018378","chrX","27283479","27283765","4","265387"
"chrX","27095720","27096029","chrX","27370202","27370510","2","274482"
"chrX","27130903","27131087","chr11","24500003","24500188","24","2630900"
"chrX","27178915","27179063","chr10","123443216","123443360","23","96264301"
"chrX","27218349","27218550","chr4","130338232","130338442","34","103119883"
"chrX","27221014","27221130","chr2B","199271339","199271453","26","172050325"
"chrX","27285756","27285860","chr3","181238196","181238292","23","153952440"
"chrX","27469159","27469487","chrX","27742266","27742576","20","273107"
"chrX","27644478","27644764","chrX","27920896","27921182","2","276418"
"chrX","27707066","27707382","chr1","53118077","53118382","41","25411011"
"chrX","28155449","28155610","chr6","18057065","18057225","24","10098384"
"chrX","28269859","28270172","chrX","28526760","28527086","16","256901"
"chrX","28653655","28653955","chr11","109891460","109891759","31","81237805"
"chrX","28826808","28827104","chrX","28876849","28877146","1","50041"
"chrX","28840839","28841114","chrX","28890674","28890949","1","49835"
"chrX","29064922","29065078","chrX","65801999","65802155","32","36737077"
"chrX","29161680","29161981","chrX","29198997","29199299","2","37317"
"chrX","29195402","29195517","chr8","26723415","26723536","31","2471987"
"chrX","29207592","29207712","chr8","26723415","26723536","23","2484177"
"chrX","29275123","29275437","chrX","29313310","29313627","4","38187"
"chrX","29325286","29325595","chrX","29364097","29364407","4","38811"
"chrX","29368305","29368631","chrX","29407584","29407881","36","39279"
"chrX","29794669","29794783","chr8","26723415","26723536","24","3071254"
"chrX","30069258","30069540","chrX","30115283","30115565","1","46025"
"chrX","30079273","30079379","chr3","181238196","181238292","25","151158923"
"chrX","30352057","30352366","chrX","30405942","30406246","5","53885"
"chrX","30355145","30355437","chr19","10820333","10820621","38","19534812"
"chrX","30388297","30388481","chr10","58935820","58936005","43","28547523"
"chrX","30577015","30577315","chrX","30629841","30630137","4","52826"
"chrX","30627083","30627386","chrX","30679102","30679407","4","52019"
"chrX","30674768","30674952","chr8","83530037","83530217","33","52855269"
"chrX","30674984","30675110","chr17","74741953","74742080","11","44066969"
"chrX","30804696","30804994","chrX","30861136","30861437","4","56440"
"chrX","30811907","30812206","chrX","30868354","30868656","6","56447"
"chrX","30815283","30815382","chr13","24059413","24059502","23","6755870"
"chrX","30822029","30822324","chrX","30879088","30879386","3","57059"
"chrX","30841148","30841249","chr6","159074849","159074952","18","128233701"
"chrX","30885090","30885379","chr2A","28990672","28990966","42","1894418"
"chrX","30910591","30910877","chrX","30969904","30970206","19","59313"
"chrX","31003801","31004111","chrX","31065059","31065371","5","61258"
"chrX","31125022","31125114","chr14","100673591","100673682","20","69548569"
"chrX","31202141","31202446","chrX","9943873","9944173","33","21258268"
"chrX","31233086","31233385","chrX","31286061","31286360","0","52975"
"chrX","31389359","31389656","chrX","31445705","31446009","8","56346"
"chrX","31504135","31504440","chrX","31557001","31557310","8","52866"
"chrX","31505402","31505679","chr20","30359208","30359466","59","1146194"
"chrX","31596183","31596473","chrX","31649027","31649322","6","52844"
"chrX","31651270","31651576","chrX","31707839","31708165","25","56569"
"chrX","31705170","31705447","chrX","31762863","31763141","2","57693"
"chrX","31810604","31810684","chr11","8774884","8774956","19","23035720"
"chrX","32292469","32292767","chr9","83611461","83611761","38","51318992"
"chrX","32453516","32453832","chrX","32537380","32537688","9","83864"
"chrX","32589364","32589497","chr16","73743066","73743197","32","41153702"
"chrX","32779409","32779704","chr17","18238677","18238974","40","14540732"
"chrX","33013930","33014216","chr17","58173887","58174176","41","25159957"
"chrX","33061656","33061942","chrX","33151674","33151961","2","90018"
"chrX","33281238","33281362","chr8","26723415","26723536","21","6557823"
"chrX","33591854","33592149","chr6","13885292","13885590","37","19706562"
"chrX","33825843","33826124","chrX","33935051","33935332","0","109208"
"chrX","33967830","33968047","chr4","115524929","115525145","32","81557099"
"chrX","33984949","33985247","chrX","34094196","34094498","6","109247"
"chrX","34531690","34532000","chrX","34654850","34655158","9","123160"
"chrX","34549050","34549356","chrX","34673238","34673545","3","124188"
"chrX","34805018","34805327","chrX","34936307","34936618","3","131289"
"chrX","34806126","34806417","chrX","34937417","34937709","2","131291"
"chrX","34817809","34817951","chr8","119345289","119345437","32","84527480"
"chrX","34829622","34829910","chrX","34961621","34961909","1","131999"
"chrX","35163479","35163768","chrX","35198066","35198365","14","34587"
"chrX","35371569","35371790","chrX","35419389","35419610","2","47820"
"chrX","35653402","35653500","chr14","100673591","100673682","26","65020189"
"chrX","35856914","35857189","chrX","35912014","35912294","6","55100"
"chrX","35883516","35883812","chrX","35940994","35941290","1","57478"
"chrX","35975734","35976022","chr9","14664053","14664343","39","21311681"
"chrX","36085606","36085664","chr1","33246348","33246407","23","2839258"
"chrX","36086092","36086143","chr19","52751273","52751320","13","16665181"
"chrX","36125959","36126255","chrX","36190195","36190491","0","64236"
"chrX","36205951","36206248","chr2A","63086723","63087016","40","26880772"
"chrX","36301007","36301195","chrX","36369006","36369194","1","67999"
"chrX","36357741","36358049","chrX","36427556","36427864","5","69815"
"chrX","36455474","36455773","chrX","36671977","36672276","0","216503"
"chrX","36595318","36595605","chr8","116459678","116459970","61","79864360"
"chrX","36631849","36632145","chrX","36848753","36849055","8","216904"
"chrX","36781123","36781391","chrX","37000832","37001104","5","219709"
"chrX","36971947","36972020","chr17","4261422","4261478","26","32710525"
"chrX","36979458","36979577","chr8","26723415","26723536","26","10256043"
"chrX","37136103","37136206","chr6","159074849","159074952","22","121938746"
"chrX","37479832","37480122","chr12","11868876","11869166","33","25610956"
"chrX","37522034","37522294","chrX","37768728","37768988","1","246694"
"chrX","37680042","37680342","chrX","37842986","37843286","1","162944"
"chrX","37714023","37714321","chrX","37877254","37877552","1","163231"
"chrX","37773085","37773405","chrX","37954229","37954557","27","181144"
"chrX","37909231","37909357","chr1","46484701","46484838","24","8575470"
"chrX","38121218","38121532","chrX","38311745","38312042","19","190527"
"chrX","38134657","38134944","chrX","38324889","38325178","3","190232"
"chrX","38331096","38331395","chr15","30829496","30829795","34","7501600"
"chrX","38426403","38426695","chr19","49510302","49510593","34","11083899"
"chrX","38698556","38698866","chrX","38905299","38905613","5","206743"
"chrX","39651794","39652086","chr8","18157393","18157689","51","21494401"
"chrX","39921043","39921360","chrX","40146335","40146651","3","225292"
"chrX","39934345","39934462","chr5","71437511","71437632","21","31503166"
"chrX","40275634","40275934","chr6","145273642","145273945","32","104998008"
"chrX","40295126","40295423","chrX","40527191","40527488","0","232065"
"chrX","40331786","40331908","chr2B","199271339","199271453","26","158939553"
"chrX","40358978","40359149","chr2B","222600073","222600242","25","182241095"
"chrX","40385936","40386116","chr20","59079569","59079744","27","18693633"
"chrX","40408228","40408375","chr1","20767343","20767488","29","19640885"
"chrX","40628914","40629071","chr19","301257","301415","25","40327657"
"chrX","40644529","40644808","chrX","40876117","40876411","15","231588"
"chrX","40751955","40752249","chrX","40985782","40986076","0","233827"
"chrX","40791926","40792109","chr17","26734383","26734560","36","14057543"
"chrX","40808784","40808968","chr12","40741439","40741620","31","67345"
"chrX","40921967","40922217","chr3","24256160","24256404","38","16665807"
"chrX","40995983","40996056","chr14","100673591","100673682","31","59677608"
"chrX","41000001","41000117","chr3","198268184","198268291","24","157268183"
"chrX","41003915","41004177","chr12","125905893","125906172","44","84901978"
"chrX","41031439","41031750","chrX","41271463","41271774","3","240024"
"chrX","41098664","41098825","chr18","42055327","42055484","31","956663"
"chrX","41144874","41145176","chr3","5045433","5045734","35","36099441"
"chrX","41146091","41146274","chr11","9083840","9084022","26","32062251"
"chrX","41155682","41155810","chr7","112797358","112797487","25","71641676"
"chrX","41157590","41157817","chrX","41391610","41391836","3","234020"
"chrX","41168161","41168312","chr18","71387731","71387881","22","30219570"
"chrX","41206752","41206997","chrX","41443435","41443673","8","236683"
"chrX","41210206","41210294","chrX","41447278","41447366","1","237072"
"chrX","41215774","41215830","chr11","117157879","117157943","16","75942105"
"chrX","41215831","41216039","chr1","26136510","26136710","34","15079321"
"chrX","41219119","41219292","chrX","41457909","41458084","3","238790"
"chrX","41247373","41247589","chr8","132541154","132541365","37","91293781"
"chrX","41265435","41265595","chr14","105165819","105165980","23","63900384"
"chrX","41352059","41352341","chrX","41593489","41593781","10","241430"
"chrX","41494688","41494956","chr6","5123555","5123823","50","36371133"
"chrX","41518853","41519147","chr2A","72126431","72126725","29","30607578"
"chrX","41521047","41521357","chrX","41771327","41771637","0","250280"
"chrX","41521918","41522072","chr4","40065116","40065274","23","1456802"
"chrX","41522634","41522893","chrX","41773590","41773879","30","250956"
"chrX","41717045","41717182","chr2A","32693701","32693835","31","9023344"
"chrX","41735439","41735733","chr2B","211015457","211015750","35","169280018"
"chrX","41831507","41831670","chr13","26988435","26988596","26","14843072"
"chrX","41874030","41874285","chr4","186452794","186453036","40","144578764"
"chrX","41913909","41914190","chr7","38251666","38251944","39","3662243"
"chrX","41945665","41945967","chr15","28968673","28968973","36","12976992"
"chrX","42016143","42016442","chrX","42280349","42280638","24","264206"
"chrX","42113142","42113439","chrX","42383353","42383650","0","270211"
"chrX","42163972","42164244","chrX","42446570","42446842","0","282598"
"chrX","42185692","42185857","chrX","42468250","42468415","0","282558"
"chrX","42226513","42226816","chrX","42509096","42509381","20","282583"
"chrX","43525998","43526151","chr1","201503311","201503466","27","157977313"
"chrX","43638754","43639044","chrX","43814540","43814832","6","175786"
"chrX","43701934","43702032","chr1","160944586","160944680","16","117242652"
"chrX","43724047","43724097","chr4","72880052","72880101","12","29156005"
"chrX","43782381","43782669","chrX","43958296","43958584","0","175915"
"chrX","43944617","43944909","chrX","44114965","44115259","3","170348"
"chrX","43984816","43984944","chr5","172392908","172393028","22","128408092"
"chrX","44066001","44066161","chr22","38997645","38997809","37","5068356"
"chrX","44283871","44284185","chrX","44456429","44456743","0","172558"
"chrX","44435189","44435480","chrX","44612264","44612555","3","177075"
"chrX","44452470","44452682","chrX","44629615","44629823","4","177145"
"chrX","44462908","44463218","chr4","174131515","174131809","65","129668607"
"chrX","44563851","44564161","chrX","44741275","44741585","5","177424"
"chrX","44645031","44645393","chrX","44824232","44824594","0","179201"
"chrX","44715294","44715390","chr9","80389825","80389922","13","35674531"
"chrX","44741260","44741559","chrX","44926007","44926307","2","184747"
"chrX","44793235","44793530","chrX","44976859","44977155","3","183624"
"chrX","44836358","44836648","chrX","45020962","45021254","3","184604"
"chrX","44844699","44844841","chr8","24630008","24630158","32","20214691"
"chrX","44847492","44847582","chr14","100673591","100673682","18","55826099"
"chrX","44855528","44855837","chr17","38702609","38702917","38","6152919"
"chrX","44869500","44869677","chr15","88380909","88381086","25","43511409"
"chrX","44879369","44879466","chr12","12586014","12586108","15","32293355"
"chrX","44882723","44883017","chrX","71017882","71018177","41","26135159"
"chrX","44927158","44927459","chrX","45111164","45111464","24","184006"
"chrX","44999348","44999652","chrX","45185437","45185740","1","186089"
"chrX","45063925","45064087","chrX","45277381","45277543","0","213456"
"chrX","45064120","45064208","chr14","100673591","100673682","23","55609471"
"chrX","45064437","45064567","chr5","172392908","172393028","26","127328471"
"chrX","45108573","45108863","chrX","45322716","45323007","2","214143"
"chrX","45114473","45114778","chrX","45328871","45329181","6","214398"
"chrX","45137298","45137596","chr1","20038151","20038448","60","25099147"
"chrX","45139773","45140062","chrX","45354242","45354532","2","214469"
"chrX","45140249","45140323","chr18","13216633","13216692","21","31923616"
"chrX","45188731","45188982","chr17","81370742","81370983","37","36182011"
"chrX","45507927","45508222","chrX","45727336","45727635","4","219409"
"chrX","46069758","46070089","chr10","72725631","72725950","47","26655873"
"chrX","46145634","46145938","chrX","46313756","46314062","3","168122"
"chrX","46152125","46152262","chr22","35041748","35041876","26","11110377"
"chrX","46240014","46240144","chrX","46411765","46411895","1","171751"
"chrX","46473533","46473618","chr1","160944586","160944680","18","114471053"
"chrX","46578803","46579120","chrX","46771546","46771862","5","192743"
"chrX","46681738","46682025","chrX","46877381","46877667","4","195643"
"chrX","46849319","46849614","chrX","47049662","47049957","0","200343"
"chrX","46870888","46871195","chr12","35357456","35357759","50","11513432"
"chrX","46878299","46878463","chr8","95901878","95902047","30","49023579"
"chrX","46904693","46904917","chr2A","68018325","68018546","29","21113632"
"chrX","46905571","46905863","chr1","78316338","78316631","24","31410767"
"chrX","47000218","47000523","chrX","47208197","47208506","6","207979"
"chrX","47084935","47085217","chr9","91334008","91334288","35","44249073"
"chrX","47089203","47089496","chrX","47300698","47300993","3","211495"
"chrX","47100799","47101090","chrX","47312424","47312715","0","211625"
"chrX","47132181","47132269","chr14","100673591","100673682","20","53541410"
"chrX","47161015","47161149","chr5","172392908","172393028","35","125231893"
"chrX","47292180","47292493","chrX","47505411","47505743","22","213231"
"chrX","47317131","47317438","chrX","47530125","47530432","1","212994"
"chrX","47335488","47335702","chr16","14789396","14789614","34","32546092"
"chrX","47371909","47372205","chrX","47589512","47589813","7","217603"
"chrX","47434062","47434284","chrX","47649937","47650160","2","215875"
"chrX","47449410","47449673","chr6","126226762","126227032","29","78777352"
"chrX","47532264","47532374","chr3","181238196","181238292","25","133705932"
"chrX","47537596","47537712","chr8","26723415","26723536","34","20814181"
"chrX","47545250","47545349","chr3","181238196","181238292","19","133692946"
"chrX","47577446","47577607","chrX","47791035","47791196","0","213589"
"chrX","47668349","47668648","chr1","10063605","10063905","35","37604744"
"chrX","47669562","47669692","chr16","73743066","73743197","31","26073504"
"chrX","47670631","47670899","chrX","47844690","47844969","15","174059"
"chrX","47675931","47676034","chr3","181238196","181238292","31","133562265"
"chrX","47679439","47679732","chrX","47853831","47854128","6","174392"
"chrX","47679733","47679965","chr2A","29503231","29503467","40","18176502"
"chrX","47704706","47704994","chrX","47882813","47883102","3","178107"
"chrX","47715553","47715635","chr3","46579108","46579189","7","1136445"
"chrX","47722039","47722179","chr7","156274717","156274856","20","108552678"
"chrX","47730567","47730711","chr4","84675478","84675615","21","36944911"
"chrX","47762696","47762992","chrX","47931990","47932286","0","169294"
"chrX","47773820","47774101","chrX","47942968","47943249","1","169148"
"chrX","47810100","47810280","chrX","47979227","47979406","1","169127"
"chrX","47813388","47813660","chrX","47982595","47982867","1","169207"
"chrX","47876401","47876534","chr1","214242319","214242461","17","166365918"
"chrX","47926155","47926453","chr6","8385500","8385792","48","39540655"
"chrX","47930817","47931100","chr6","15312245","15312527","33","32618572"
"chrX","47998396","47998524","chr16","73743066","73743197","27","25744670"
"chrX","48042078","48042171","chr17","13332748","13332838","14","34709330"
"chrX","48181908","48182199","chrX","48342350","48342644","3","160442"
"chrX","48288530","48288618","chr14","100673591","100673682","15","52385061"
"chrX","48322220","48322406","chr10","120372580","120372761","24","72050360"
"chrX","48426222","48426523","chr11","76631408","76631704","52","28205186"
"chrX","48447304","48447619","chrX","48653770","48654080","39","206466"
"chrX","48452868","48453168","chr22","40492907","40493214","53","7959961"
"chrX","48472461","48472575","chr2A","62538961","62539069","30","14066500"
"chrX","48483381","48483691","chrX","48653770","48654080","2","170389"
"chrX","48499472","48499567","chr3","181238196","181238292","23","132738724"
"chrX","48506879","48506995","chr2B","205936995","205937106","27","157430116"
"chrX","48551786","48551897","chrX","53224675","53224785","34","4672889"
"chrX","48634393","48634691","chr17","24797876","24798174","27","23836517"
"chrX","48725682","48725987","chr6","138446760","138447068","31","89721078"
"chrX","48733518","48733815","chr3","113110744","113111037","35","64377226"
"chrX","48733914","48734192","chr10","94804825","94805112","47","46070911"
"chrX","48747405","48747691","chr7","23046879","23047161","34","25700526"
"chrX","48773104","48773406","chr1","13633216","13633513","40","35139888"
"chrX","48786143","48786341","chr9","97028914","97029116","30","48242771"
"chrX","48816408","48816723","chr11","5301274","5301582","34","43515134"
"chrX","48849534","48849698","chr3","62158483","62158648","19","13308949"
"chrX","48899444","48899589","chr10","92530394","92530537","23","43630950"
"chrX","48903054","48903348","chrX","49082075","49082371","4","179021"
"chrX","48925932","48926027","chr6","159074849","159074952","16","110148917"
"chrX","49022370","49022584","chr16","31428464","31428678","28","17593906"
"chrX","49039970","49040269","chr8","20387028","20387327","34","28652942"
"chrX","49154903","49155197","chr10","93391235","93391531","31","44236332"
"chrX","49186283","49186640","chr19","14075768","14076091","82","35110515"
"chrX","49186642","49186932","chrX","49364355","49364647","2","177713"
"chrX","49243282","49243491","chr22","36366564","36366782","40","12876718"
"chrX","49248715","49248764","chr5","118994912","118994958","10","69746197"
"chrX","49375999","49376185","chr3","9859752","9859937","24","39516247"
"chrX","49380703","49380993","chrX","49568577","49568890","24","187874"
"chrX","49460663","49460972","chr8","23822360","23822667","61","25638303"
"chrX","49533742","49533960","chr1","132767204","132767420","53","83233462"
"chrX","49691980","49692292","chrX","49856177","49856490","4","164197"
"chrX","49723251","49723553","chr3","33008710","33009011","33","16714541"
"chrX","49727972","49728247","chrX","49889986","49890261","0","162014"
"chrX","49732199","49732483","chrX","49894213","49894523","26","162014"
"chrX","49831829","49832119","chrX","49995674","49995960","5","163845"
"chrX","49916828","49916955","chr4","51557575","51557711","22","1640747"
"chrX","49947395","49947717","chrX","50106628","50106950","1","159233"
"chrX","50097433","50097544","chr14","100674006","100674122","23","50576573"
"chrX","50124166","50124280","chr5","172392908","172393028","26","122268742"
"chrX","50226082","50226363","chrX","50562644","50562925","3","336562"
"chrX","50253030","50253338","chrX","50590907","50591223","9","337877"
"chrX","50353293","50353591","chrX","50695420","50695724","7","342127"
"chrX","50364887","50365172","chrX","50706851","50707136","3","341964"
"chrX","50534633","50534928","chrX","50877367","50877662","0","342734"
"chrX","50684247","50684542","chr3","125813861","125814159","56","75129614"
"chrX","50747048","50747199","chr3","87640021","87640174","18","36892973"
"chrX","50797671","50797980","chr12","8342984","8343294","30","42454687"
"chrX","51292523","51292819","chrX","51630809","51631109","5","338286"
"chrX","51424566","51424863","chrX","51740730","51741025","4","316164"
"chrX","51502234","51502408","chr17","13843105","13843274","23","37659129"
"chrX","51544811","51545105","chrX","51889714","51890007","2","344903"
"chrX","51552984","51553094","chr2B","199271339","199271453","22","147718355"
"chrX","51852379","51852675","chr12","80977862","80978157","39","29125483"
"chrX","51897059","51897354","chrX","52044608","52044902","1","147549"
"chrX","51926804","51927101","chrX","52074382","52074680","4","147578"
"chrX","51950074","51950173","chr14","100673591","100673682","19","48723517"
"chrX","52425534","52425810","chrX","52554851","52555128","1","129317"
"chrX","52488338","52488629","chrX","52617667","52617959","1","129329"
"chrX","52531516","52531584","chr17","4261422","4261478","25","48270094"
"chrX","52569588","52569721","chr16","73743066","73743197","35","21173478"
"chrX","53015993","53016107","chr2A","62538961","62539069","28","9522968"
"chrX","53041404","53041731","chrX","48653770","48654080","55","4387634"
"chrX","53043769","53044071","chrX","53241767","53242069","0","197998"
"chrX","53359207","53359490","chr7","12642983","12643263","30","40716224"
"chrX","53359520","53359538","chr1","28547144","28547162","7","24812376"
"chrX","53388301","53388528","chrX","53740458","53740688","3","352157"
"chrX","53429206","53429458","chr3","52453972","52454214","29","975234"
"chrX","53500001","53500091","chr3","27665315","27665404","20","25834686"
"chrX","53507307","53507604","chrX","53862065","53862377","18","354758"
"chrX","53553932","53554056","chr2A","62538961","62539069","30","8985029"
"chrX","53582655","53582783","chr4","51557575","51557711","20","2025080"
"chrX","53600458","53600763","chr20","23549800","23550102","35","30050658"
"chrX","53626421","53626506","chr22","24101407","24101494","11","29525014"
"chrX","53674010","53674231","chrX","54028479","54028701","1","354469"
"chrX","53679174","53679343","chr6","1730789","1730963","25","51948385"
"chrX","53725213","53725512","chrX","54079120","54079418","5","353907"
"chrX","53742463","53742745","chr4","108570120","108570399","40","54827657"
"chrX","53742746","53742837","chr3","181238196","181238292","21","127495450"
"chrX","53756465","53756570","chr3","181143385","181143493","21","127386920"
"chrX","53767737","53767867","chr1","6844228","6844361","25","46923509"
"chrX","53777177","53777304","chr16","73743066","73743197","26","19965889"
"chrX","53857403","53857445","chr11","7916638","7916681","9","45940765"
"chrX","53857554","53857728","chr12","38143212","38143382","31","15714342"
"chrX","53922157","53922465","chrX","54278154","54278453","10","355997"
"chrX","54061141","54061436","chrX","54422104","54422399","1","360963"
"chrX","54154066","54154369","chrX","54518384","54518689","3","364318"
"chrX","54190661","54190850","chrX","54564854","54565043","1","374193"
"chrX","54203491","54203571","chr11","8774884","8774956","21","45428607"
"chrX","54265863","54266157","chr17","76413811","76414107","30","22147948"
"chrX","54274318","54274622","chrX","54649516","54649822","5","375198"
"chrX","54300173","54300290","chr8","26723415","26723536","23","27576758"
"chrX","54357326","54357615","chrX","54736852","54737144","3","379526"
"chrX","54519661","54519935","chr17","1748555","1748835","28","52771106"
"chrX","54538092","54538198","chr17","348848","348955","10","54189244"
"chrX","54562442","54562743","chr1","178709323","178709622","56","124146881"
"chrX","54603993","54604302","chrX","54849688","54849998","9","245695"
"chrX","54649564","54649844","chr20","33442726","33443015","38","21206838"
"chrX","54736207","54736505","chrX","54985859","54986157","1","249652"
"chrX","54747388","54747698","chr3","181262692","181262994","58","126515304"
"chrX","54776331","54776533","chr8","56337596","56337802","30","1561265"
"chrX","54787482","54787652","chrX","55037137","55037307","1","249655"
"chrX","54798390","54798520","chr1","46484701","46484838","27","8313689"
"chrX","54834135","54834231","chr14","100673591","100673682","18","45839456"
"chrX","54861071","54861371","chr1","160573223","160573519","32","105712152"
"chrX","54862598","54862886","chr18","62930792","62931078","36","8068194"
"chrX","54870490","54870604","chr2B","205936995","205937106","21","151066505"
"chrX","55006270","55006569","chrX","55251416","55251716","1","245146"
"chrX","55089730","55090017","chrX","55335282","55335575","7","245552"
"chrX","55149015","55149325","chrX","55388326","55388630","8","239311"
"chrX","55558671","55558972","chrX","55786800","55787104","3","228129"
"chrX","55614658","55614950","chrX","55842434","55842728","2","227776"
"chrX","55770810","55770889","chr14","100673591","100673682","22","44902781"
"chrX","56230211","56230514","chrX","56497260","56497564","1","267049"
"chrX","56684961","56685253","chrX","56977763","56978056","1","292802"
"chrX","56709001","56709078","chr14","100673591","100673682","30","43964590"
"chrX","56720795","56721090","chrX","57014151","57014449","3","293356"
"chrX","57029616","57029915","chrX","57314838","57315138","8","285222"
"chrX","57383100","57383376","chr11","92968029","92968290","60","35584929"
"chrX","57574409","57574691","chrX","57847943","57848225","0","273534"
"chrX","57654307","57654558","chr2A","79353695","79353937","11","21699388"
"chrX","58037375","58037674","chrX","58335264","58335565","3","297889"
"chrX","58407175","58407473","chrX","58708807","58709114","9","301632"
"chrX","62485701","62485996","chrX","62866945","62867241","1","381244"
"chrX","62531269","62531534","chrX","62912565","62912834","4","381296"
"chrX","62538109","62538409","chrX","62919420","62919724","5","381311"
"chrX","62845246","62845536","chrX","20170039","20170336","47","42675207"
"chrX","63051840","63051945","chr6","159074849","159074952","15","96023009"
"chrX","63260015","63260316","chr22","35744323","35744633","42","27515692"
"chrX","63484294","63484588","chrX","63799228","63799526","6","314934"
"chrX","63739806","63740095","chrX","64056352","64056644","3","316546"
"chrX","64349205","64349515","chr20","30209180","30209483","53","34140025"
"chrX","64360632","64360920","chrX","64056352","64056644","15","304280"
"chrX","64401667","64401967","chr14","80787097","80787393","47","16385430"
"chrX","64505053","64505349","chrX","64842771","64843069","2","337718"
"chrX","64721697","64721761","chr9","103993079","103993149","14","39271382"
"chrX","64743790","64744071","chrX","65147793","65148076","3","404003"
"chrX","64778908","64779220","chr21","18113674","18113983","39","46665234"
"chrX","64839299","64839599","chrX","65246439","65246734","7","407140"
"chrX","64841338","64841680","chr16","74980385","74980691","81","10139047"
"chrX","64878602","64878877","chr4","153620186","153620461","31","88741584"
"chrX","64896272","64896573","chrX","65303963","65304264","2","407691"
"chrX","64902243","64902379","chr4","120968007","120968143","15","56065764"
"chrX","65336896","65337209","chrX","65752756","65753070","6","415860"
"chrX","65384856","65385013","chrX","65801999","65802155","2","417143"
"chrX","65541857","65541925","chr10","109822604","109822663","30","44280747"
"chrX","66451279","66451584","chrX","66892904","66893213","5","441625"
"chrX","66500505","66500787","chrX","66946071","66946353","1","445566"
"chrX","66896465","66896752","chrX","67329923","67330215","7","433458"
"chrX","67071898","67071974","chr8","46091691","46091777","23","20980207"
"chrX","67379085","67379381","chrX","67809655","67809965","14","430570"
"chrX","67716326","67716489","chr3","62158483","62158648","29","5557843"
"chrX","67754781","67754904","chr22","35041748","35041876","27","32713033"
"chrX","67757912","67758008","chr1","160944586","160944680","18","93186674"
"chrX","67798424","67798700","chr4","130416876","130417152","44","62618452"
"chrX","68564356","68564437","chr8","46091691","46091777","18","22472665"
"chrX","68609207","68609412","chrX","69039505","69039700","12","430298"
"chrX","68636843","68637125","chrX","69064953","69065236","1","428110"
"chrX","68655385","68655665","chr2B","120003575","120003866","45","51348190"
"chrX","69269423","69269711","chrX","69650681","69650972","6","381258"
"chrX","69296852","69297103","chrX","69678565","69678819","5","381713"
"chrX","69413961","69414237","chr3","200556220","200556500","30","131142259"
"chrX","69436877","69437049","chr4","26666455","26666626","22","42770422"
"chrX","69485858","69486162","chrX","69865552","69865855","1","379694"
"chrX","69677315","69677465","chrX","70060453","70060604","1","383138"
"chrX","69678528","69678833","chrX","70061661","70061972","6","383133"
"chrX","69707705","69708009","chrX","70091118","70091422","0","383413"
"chrX","69710912","69711163","chr2B","160254236","160254494","27","90543324"
"chrX","69715724","69716012","chrX","70098193","70098481","0","382469"
"chrX","69906663","69906961","chrX","70287858","70288160","5","381195"
"chrX","69973574","69973731","chrX","70357599","70357756","1","384025"
"chrX","69991601","69991902","chrX","70375611","70375919","7","384010"
"chrX","70127053","70127147","chr8","46091691","46091777","25","24035362"
"chrX","70203732","70203892","chr13","71981216","71981376","27","1777484"
"chrX","70213832","70214120","chrX","70614982","70615274","4","401150"
"chrX","70231066","70231345","chr4","188864051","188864338","38","118632985"
"chrX","70239416","70239596","chr12","124308544","124308724","31","54069128"
"chrX","70279635","70279923","chr2A","69081259","69081540","44","1198376"
"chrX","70417047","70417334","chr7","26635651","26635945","52","43781396"
"chrX","70518192","70518501","chr17","8010627","8010936","36","62507565"
"chrX","70541481","70541586","chr3","181238196","181238292","24","110696715"
"chrX","70578325","70578447","chr2B","199271339","199271453","25","128693014"
"chrX","70580991","70581268","chrX","70984788","70985065","0","403797"
"chrX","70583110","70583245","chr2A","32693701","32693835","28","37889409"
"chrX","70596338","70596560","chrX","47649937","47650160","36","22946401"
"chrX","70613575","70613868","chrX","71017882","71018177","4","404307"
"chrX","70624526","70624685","chr6","37299122","37299292","32","33325404"
"chrX","70650819","70651133","chrX","71058515","71058831","6","407696"
"chrX","70663124","70663242","chr4","165393701","165393818","27","94730577"
"chrX","70694643","70694942","chr1","53118077","53118382","43","17576566"
"chrX","70706088","70706243","chrX","155632548","155632709","28","84926460"
"chrX","70793782","70794078","chrX","71195993","71196297","11","402211"
"chrX","70803877","70804172","chrX","71206338","71206633","0","402461"
"chrX","70814291","70814566","chrX","71217343","71217618","3","403052"
"chrX","70815407","70815689","chr2A","4315898","4316179","33","66499509"
"chrX","70840209","70840515","chr10","6352897","6353204","33","64487312"
"chrX","70896255","70896369","chr17","59059909","59060023","13","11836346"
"chrX","70938616","70938786","chr4","183125792","183125969","27","112187176"
"chrX","70953169","70953369","chr17","17876580","17876768","33","53076589"
"chrX","70954793","70954922","chr2A","32693701","32693835","30","38261092"
"chrX","70992592","70992747","chrX","71403221","71403374","3","410629"
"chrX","70992748","70993065","chr13","19330846","19331161","7","51661902"
"chrX","70993066","70993077","chr1","28547144","28547162","9","42445922"
"chrX","71409476","71409778","chrX","71804769","71805072","3","395293"
"chrX","71457848","71458148","chrX","71851924","71852225","1","394076"
"chrX","71483914","71484047","chr1","46484701","46484838","17","24999213"
"chrX","71522817","71523129","chrX","71907502","71907814","1","384685"
"chrX","71554468","71554763","chr3","141565075","141565372","32","70010607"
"chrX","71560533","71560827","chrX","71944552","71944856","11","384019"
"chrX","71631589","71631896","chrX","24096211","24096508","70","47535378"
"chrX","71679685","71680005","chrX","140941272","140941578","64","69261587"
"chrX","71890417","71890567","chr10","106630574","106630719","22","34740157"
"chrX","72006966","72007260","chrX","72401152","72401450","4","394186"
"chrX","72551356","72551648","chrX","72922574","72922865","7","371218"
"chrX","72674110","72674298","chr1","71500002","71500187","36","1174108"
"chrX","72934059","72934203","chrX","73313271","73313417","2","379212"
"chrX","73171234","73171541","chrX","73604616","73604923","0","433382"
"chrX","73310496","73310791","chr8","45606114","45606411","35","27704382"
"chrX","73311513","73311808","chr20","30203956","30204252","36","43107557"
"chrX","73313186","73313497","chrX","73757514","73757828","3","444328"
"chrX","73327720","73327809","chr8","46091691","46091777","16","27236029"
"chrX","73328099","73328404","chrX","73773528","73773808","25","445429"
"chrX","73329646","73329961","chr14","77564194","77564502","38","4234548"
"chrX","73368604","73368888","chrX","73817745","73818045","17","449141"
"chrX","73417606","73417710","chr20","16652596","16652702","22","56765010"
"chrX","73453925","73454215","chrX","73903684","73903974","0","449759"
"chrX","73492984","73493289","chr1","34296269","34296573","28","39196715"
"chrX","73610016","73610300","chrX","74058444","74058738","11","448428"
"chrX","73646354","73646653","chrX","74094933","74095232","2","448579"
"chrX","73648404","73648694","chrX","74096983","74097277","4","448579"
"chrX","73682705","73683002","chr1","203439612","203439906","27","129756907"
"chrX","73691941","73692241","chrX","74142606","74142906","1","450665"
"chrX","73703636","73703928","chrX","74154300","74154594","2","450664"
"chrX","73709780","73709975","chr17","73441364","73441560","35","268416"
"chrX","73812412","73812700","chr19","44190626","44190912","31","29621786"
"chrX","74026620","74026909","chr7","122106465","122106753","38","48079845"
"chrX","74120372","74120505","chr6","159074849","159074952","40","84954477"
"chrX","75381141","75381419","chrX","75862310","75862574","14","481169"
"chrX","75543208","75543397","chr5","108746310","108746504","30","33203102"
"chrX","75587186","75587289","chr2A","62538961","62539069","22","13048225"
"chrX","75602065","75602357","chrX","76083654","76083950","4","481589"
"chrX","75624130","75624234","chr2B","205936995","205937106","23","130312865"
"chrX","75773024","75773129","chr20","16652596","16652702","15","59120428"
"chrX","75871707","75871973","chrX","51143783","51144053","35","24727924"
"chrX","76185318","76185627","chrX","76686960","76687263","8","501642"
"chrX","76633311","76633604","chrX","77121132","77121425","1","487821"
"chrX","76719171","76719332","chr1","213430388","213430540","37","136711217"
"chrX","76846753","76846954","chr7","4561989","4562194","29","72284764"
"chrX","76931628","76931933","chrX","77493790","77494095","0","562162"
"chrX","77012792","77012965","chrX","77578940","77579102","11","566148"
"chrX","77028438","77028721","chrX","77592067","77592358","11","563629"
"chrX","77073240","77073331","chr3","181238196","181238292","30","104164956"
"chrX","77080364","77080482","chr20","16652596","16652702","26","60427768"
"chrX","77108884","77109061","chr14","50200655","50200834","34","26908229"
"chrX","77151174","77151462","chr4","191471150","191471442","45","114319976"
"chrX","77175524","77175848","chrX","77747703","77748000","29","572179"
"chrX","77268164","77268463","chrX","77842877","77843188","12","574713"
"chrX","77302968","77303275","chr1","41344468","41344774","36","35958500"
"chrX","77371884","77372174","chrX","77953402","77953672","25","581518"
"chrX","77398615","77398917","chr4","113557809","113558117","62","36159194"
"chrX","77513326","77513617","chr7","144839074","144839364","46","67325748"
"chrX","77703593","77703774","chrX","78294453","78294634","1","590860"
"chrX","77994374","77994451","chr11","8774884","8774956","22","69219490"
"chrX","78089709","78090030","chr17","12950644","12950938","83","65139065"
"chrX","78312663","78312961","chrX","78900165","78900468","7","587502"
"chrX","78621302","78621614","chrX","79203623","79203930","11","582321"
"chrX","78652928","78653236","chrX","79235161","79235471","9","582233"
"chrX","78808589","78808874","chrX","79402497","79402782","1","593908"
"chrX","78931544","78931755","chrX","79530612","79530824","2","599068"
"chrX","78975749","78976045","chrX","79574442","79574735","6","598693"
"chrX","78989332","78989622","chr6","33964488","33964785","35","45024844"
"chrX","79076426","79076756","chrX","79674488","79674818","2","598062"
"chrX","79249020","79249132","chr2B","205936995","205937106","20","126687975"
"chrX","79497012","79497289","chrX","80097428","80097706","1","600416"
"chrX","79971992","79972304","chr1","62443151","62443452","42","17528841"
"chrX","80379079","80379377","chrX","80988339","80988639","7","609260"
"chrX","80584689","80584810","chr5","172392908","172393028","25","91808219"
"chrX","80747084","80747394","chrX","81372213","81372523","1","625129"
"chrX","81096424","81096712","chr20","39895744","39896028","46","41200680"
"chrX","81129113","81129407","chrX","81815524","81815820","2","686411"
"chrX","81230906","81231012","chr2B","142240066","142240170","30","61009160"
"chrX","81234239","81234280","chr17","4261385","4261421","11","76972854"
"chrX","81310790","81311084","chrX","81997726","81998021","1","686936"
"chrX","81673353","81673661","chrX","82364699","82365007","2","691346"
"chrX","81850506","81850621","chr2B","239500001","239500122","22","157649495"
"chrX","81869133","81869435","chrX","82572644","82572942","6","703511"
"chrX","82210273","82210558","chrX","82915991","82916262","15","705718"
"chrX","82964971","82965251","chr12","6662970","6663249","39","76302001"
"chrX","83129237","83129541","chrX","83891066","83891370","0","761829"
"chrX","83549079","83549277","chrX","84336251","84336459","11","787172"
"chrX","83659565","83659764","chrX","84446519","84446698","20","786954"
"chrX","83865660","83865961","chr10","42701373","42701677","49","41164287"
"chrX","83891598","83891722","chr5","172392908","172393028","29","88501310"
"chrX","83957238","83957543","chrX","84757506","84757811","2","800268"
"chrX","83965302","83965595","chrX","84765592","84765888","3","800290"
"chrX","84095159","84095455","chrX","84896099","84896404","11","800940"
"chrX","84123719","84124012","chr15","56217522","56217816","43","27906197"
"chrX","84187313","84187641","chr17","28369792","28370102","50","55817521"
"chrX","84271196","84271481","chrX","85070543","85070828","1","799347"
"chrX","84847510","84847604","chrX","85665424","85665513","5","817914"
"chrX","84927228","84927540","chr2A","16475342","16475654","32","68451886"
"chrX","85503870","85504131","chrX","86318664","86318925","0","814794"
"chrX","86515004","86515093","chr14","100673591","100673682","18","14158587"
"chrX","86534636","86534951","chr15","28635119","28635429","58","57899517"
"chrX","86574095","86574296","chrX","87435439","87435640","1","861344"
"chrX","86607894","86608194","chrX","87467229","87467529","0","859335"
"chrX","86700236","86700536","chr18","51897396","51897695","38","34802840"
"chrX","86717295","86717395","chr6","108298721","108298814","18","21581426"
"chrX","86777258","86777500","chrX","87624039","87624282","1","846781"
"chrX","86790217","86790393","chr1","29017529","29017726","41","57772688"
"chrX","86897211","86897521","chrX","87742154","87742465","2","844943"
"chrX","87002056","87002312","chrX","87847669","87847925","0","845613"
"chrX","87096185","87096376","chrX","87941896","87942074","14","845711"
"chrX","87099892","87100185","chrX","87945593","87945895","12","845701"
"chrX","87391721","87392019","chrX","88257868","88258163","3","866147"
"chrX","87460572","87460584","chr1","28547144","28547162","9","58913428"
"chrX","87460624","87460907","chrX","88328171","88328482","31","867547"
"chrX","87609375","87609532","chrX","88483503","88483657","8","874128"
"chrX","87658261","87658560","chrX","88531760","88532068","12","873499"
"chrX","87811607","87811725","chr8","26723415","26723536","23","61088192"
"chrX","87819473","87819643","chrX","88694245","88694415","0","874772"
"chrX","88552831","88552946","chr2B","207026815","207026935","30","118473984"
"chrX","88797810","88797906","chrX","89421897","89421993","1","624087"
"chrX","88926971","88927273","chrX","89544676","89544975","5","617705"
"chrX","89762035","89762325","chrX","90383194","90383483","20","621159"
"chrX","89793071","89793368","chr21","4065891","4066188","39","85727180"
"chrX","89940215","89940522","chr1","157538873","157539180","43","67598658"
"chrX","90409035","90409323","chrX","91040435","91040723","0","631400"
"chrX","90495028","90495337","chrX","91128830","91129140","3","633802"
"chrX","90727228","90727538","chrX","91362990","91363299","3","635762"
"chrX","91106654","91106928","chrX","91747095","91747370","2","640441"
"chrX","91207315","91207625","chr17","46705933","46706235","51","44501382"
"chrX","91426250","91426551","chrX","92069009","92069311","1","642759"
"chrX","91546474","91546669","chr16","23781866","23782055","32","67764608"
"chrX","91596102","91596231","chr2B","171103038","171103174","26","79506936"
"chrX","91619729","91619940","chrX","92265832","92266044","2","646103"
"chrX","91639641","91639790","chr14","73378899","73379049","29","18260742"
"chrX","91651642","91651938","chrX","92298287","92298562","21","646645"
"chrX","91657813","91657936","chr4","75964418","75964542","12","15693395"
"chrX","91657975","91658129","chr13","34950168","34950312","34","56707807"
"chrX","91735836","91736103","chr14","76984887","76985159","52","14750949"
"chrX","91747611","91747692","chr3","27665315","27665404","23","64082296"
"chrX","92129468","92129751","chr3","117156145","117156424","32","25026677"
"chrX","92131053","92131299","chr6","42681716","42681943","44","49449337"
"chrX","92168581","92168890","chrX","92874435","92874743","1","705854"
"chrX","92318054","92318154","chr3","101999907","102000000","20","9681853"
"chrX","92571139","92571434","chrX","93275233","93275529","2","704094"
"chrX","92656670","92656837","chr17","61672968","61673133","33","30983702"
"chrX","93129238","93129546","chrX","93853898","93854210","4","724660"
"chrX","93780436","93780549","chr2B","205936995","205937106","23","112156559"
"chrX","93857829","93858125","chrX","94605269","94605573","9","747440"
"chrX","94067342","94067498","chr14","31691652","31691807","21","62375690"
"chrX","94152490","94152781","chrX","94897841","94898133","1","745351"
"chrX","94163229","94163530","chrX","94908906","94909214","7","745677"
"chrX","94433753","94434067","chrX","95178729","95179042","4","744976"
"chrX","94554470","94554765","chr6","163709534","163709825","40","69155064"
"chrX","94646018","94646344","chrX","95396165","95396494","19","750147"
"chrX","95013241","95013447","chr15","54334951","54335163","37","40678290"
"chrX","95418785","95419097","chr18","18531101","18531407","30","76887684"
"chrX","95576182","95576266","chr14","100673591","100673682","18","5097409"
"chrX","95681316","95681437","chr2B","207026815","207026935","23","111345499"
"chrX","95835707","95836001","chr17","12950644","12950938","44","82885063"
"chrX","95903041","95903333","chr1","210559832","210560119","46","114656791"
"chrX","96020364","96020645","chr9","123500236","123500517","34","27479872"
"chrX","96186289","96186554","chrX","97029169","97029434","3","842880"
"chrX","96383718","96383999","chrX","97258132","97258440","28","874414"
"chrX","96398070","96398156","chr13","24059413","24059502","18","72338657"
"chrX","96420886","96420967","chr14","100673591","100673682","21","4252705"
"chrX","96544083","96544294","chrX","97419522","97419734","2","875439"
"chrX","96590315","96590579","chr21","23505431","23505710","48","73084884"
"chrX","96636166","96636479","chrX","97511893","97512206","2","875727"
"chrX","96637431","96637693","chrX","97513163","97513425","2","875732"
"chrX","96665330","96665639","chrX","97543630","97543922","18","878300"
"chrX","96668289","96668422","chrX","97546574","97546704","3","878285"
"chrX","96673255","96673548","chr22","39445603","39445895","47","57227652"
"chrX","96727880","96728184","chrX","97608033","97608334","5","880153"
"chrX","96768178","96768273","chr13","24059413","24059502","19","72708765"
"chrX","96854202","96854495","chrX","51889714","51890007","34","44964488"
"chrX","96994642","96994877","chr19","41258265","41258500","26","55736377"
"chrX","97024712","97025010","chrX","97909306","97909605","1","884594"
"chrX","97044222","97044535","chrX","97934165","97934474","8","889943"
"chrX","97266780","97267087","chrX","98169089","98169385","23","902309"
"chrX","97736620","97736723","chr3","181238196","181238292","24","83501576"
"chrX","97799115","97799218","chr19","57751584","57751683","24","40047531"
"chrX","97812329","97812589","chr6","32686589","32686850","31","65125740"
"chrX","97909230","97909528","chrX","98820161","98820457","2","910931"
"chrX","98238027","98238335","chr8","25778100","25778406","37","72459927"
"chrX","98844896","98845033","chr2A","32693701","32693835","33","66151195"
"chrX","99169589","99169891","chrX","100169530","100169839","8","999941"
"chrX","99571517","99571802","chrX","50562644","50562925","31","49008873"
"chrX","99597865","99598155","chrX","100605858","100606147","2","1007993"
"chrX","99681428","99681733","chrX","100689108","100689413","0","1007680"
"chrX","99954029","99954332","chrX","100951208","100951477","38","997179"
"chrX","99974910","99975176","chr17","1748555","1748835","39","98226355"
"chrX","99975211","99975225","chr1","28547144","28547162","6","71428067"
"chrX","99993426","99993731","chr14","55584861","55585170","35","44408565"
"chrX","100112936","100113023","chr8","46091691","46091777","18","54021245"
"chrX","100383728","100383757","chrX","136591200","136591233","16","36207472"
"chrX","100424322","100424586","chrX","101411898","101412162","0","987576"
"chrX","100427415","100427607","chr2B","178740366","178740545","43","78312951"
"chrX","100440179","100440560","chr16","67068180","67068544","73","33371999"
"chrX","100458871","100459165","chrX","101457925","101458222","6","999054"
"chrX","100501822","100502102","chrX","101500542","101500821","2","998720"
"chrX","100521086","100521211","chr8","26723415","26723536","23","73797671"
"chrX","100551036","100551344","chrX","101550161","101550468","8","999125"
"chrX","100592286","100592418","chr1","6844228","6844361","21","93748058"
"chrX","100654009","100654133","chr16","73743066","73743197","29","26910943"
"chrX","100656266","100656568","chrX","101661758","101662062","2","1005492"
"chrX","100673290","100673589","chrX","101682685","101682984","10","1009395"
"chrX","100674844","100675005","chrX","101684279","101684447","9","1009435"
"chrX","100716961","100717140","chrX","19505314","19505493","36","81211647"
"chrX","100769097","100769385","chrX","101783640","101783931","4","1014543"
"chrX","101495790","101496083","chr7","82072319","82072608","48","19423471"
"chrX","102162827","102163029","chr10","37139848","37140054","41","65022979"
"chrX","102559558","102559784","chr3","188573160","188573394","30","86013602"
"chrX","102761948","102762123","chr1","134388867","134389034","28","31626919"
"chrX","102810577","102810709","chr9","122440275","122440408","22","19629698"
"chrX","102910444","102910742","chrX","103853168","103853474","9","942724"
"chrX","103033816","103034144","chrX","103994939","103995263","6","961123"
"chrX","103204084","103204249","chr3","128537607","128537770","26","25333523"
"chrX","103211842","103212138","chrX","104169546","104169843","2","957704"
"chrX","103327924","103328222","chrX","104285556","104285857","3","957632"
"chrX","103358420","103358535","chrX","104316738","104316858","6","958318"
"chrX","103386975","103387170","chrX","104339319","104339511","5","952344"
"chrX","103657834","103657938","chr3","181238196","181238292","23","77580362"
"chrX","103711627","103711784","chrX","104669184","104669342","1","957557"
"chrX","103727821","103728114","chr17","61929358","61929655","44","41798463"
"chrX","103744468","103744506","chr4","84674105","84674137","10","19070363"
"chrX","103775759","103776055","chrX","104732997","104733291","3","957238"
"chrX","104098931","104099238","chrX","105068328","105068635","1","969397"
"chrX","104132279","104132564","chrX","105101587","105101882","31","969308"
"chrX","104897063","104897366","chrX","105847420","105847714","10","950357"
"chrX","105237667","105237702","chrX","136591200","136591233","8","31353533"
"chrX","105376164","105376437","chrX","106331864","106332123","19","955700"
"chrX","105451130","105451357","chrX","106407574","106407800","2","956444"
"chrX","106133094","106133242","chrX","107101058","107101205","3","967964"
"chrX","106552578","106552858","chr9","91334008","91334288","41","15218570"
"chrX","106628337","106628615","chrX","107593886","107594165","3","965549"
"chrX","106733695","106733834","chr8","112933585","112933727","29","6199890"
"chrX","106757551","106757846","chr13","23308618","23308915","42","83448933"
"chrX","106973995","106974083","chr14","100673591","100673682","23","6300404"
"chrX","107104182","107104385","chr10","119314915","119315125","35","12210733"
"chrX","107219512","107219823","chrX","108174697","108175012","9","955185"
"chrX","107578045","107578335","chr10","16767007","16767299","66","90811038"
"chrX","107829719","107830018","chrX","108798633","108798931","1","968914"
"chrX","108038600","108038911","chrX","109023937","109024250","6","985337"
"chrX","108459598","108459903","chr16","5613497","5613803","52","102846101"
"chrX","109301909","109302081","chr2B","178803360","178803529","30","69501451"
"chrX","109321703","109321792","chrX","110192563","110192652","1","870860"
"chrX","109804612","109804924","chrX","110681381","110681693","1","876769"
"chrX","109884073","109884268","chr12","8145977","8146174","32","101738096"
"chrX","110099800","110100098","chrX","110975197","110975495","1","875397"
"chrX","110171303","110171604","chr11","109891460","109891759","30","279843"
"chrX","110715342","110715468","chr1","46484701","46484838","24","64230641"
"chrX","110975122","110975430","chr4","44940665","44940968","38","66034457"
"chrX","111016367","111016667","chrX","111880122","111880425","3","863755"
"chrX","111024247","111024552","chrX","111888017","111888328","7","863770"
"chrX","111147871","111147987","chrX","112015891","112016007","1","868020"
"chrX","111217323","111217636","chrX","112086288","112086600","2","868965"
"chrX","111220564","111220867","chrX","112089533","112089833","10","868969"
"chrX","111273827","111273958","chr1","29278377","29278505","13","81995450"
"chrX","111462583","111462895","chrX","112390181","112390495","3","927598"
"chrX","111519292","111519597","chrX","112448331","112448637","3","929039"
"chrX","111691060","111691357","chr9","83166144","83166440","46","28524916"
"chrX","111911523","111911818","chrX","112849369","112849664","1","937846"
"chrX","111978194","111978486","chrX","112918636","112918929","7","940442"
"chrX","112430784","112430921","chr8","112933585","112933727","26","502801"
"chrX","112437989","112438111","chrX","113389273","113389395","1","951284"
"chrX","112450857","112451131","chrX","113402117","113402373","18","951260"
"chrX","112594467","112594773","chrX","113545834","113546142","7","951367"
"chrX","112804427","112804695","chr19","61950535","61950789","48","50853892"
"chrX","113017083","113017386","chrX","113968058","113968367","9","950975"
"chrX","113116074","113116376","chrX","114074357","114074665","6","958283"
"chrX","113139221","113139547","chr5","78863209","78863532","49","34276012"
"chrX","113147011","113147304","chrX","114105640","114105934","2","958629"
"chrX","113149783","113149913","chrX","97546574","97546704","8","15603209"
"chrX","113162186","113162488","chrX","114121043","114121367","22","958857"
"chrX","113308114","113308405","chrX","114267420","114267722","16","959306"
"chrX","113317497","113317815","chr16","75183010","75183330","35","38134487"
"chrX","113601591","113601807","chr1","59431772","59431992","27","54169819"
"chrX","113637609","113637764","chr18","71387731","71387881","27","42249878"
"chrX","113660038","113660350","chr1","157553978","157554288","57","43893940"
"chrX","114096667","114096945","chrX","115091503","115091781","0","994836"
"chrX","114383544","114383640","chr17","13332748","13332838","23","101050796"
"chrX","114621662","114621953","chrX","115628277","115628568","2","1006615"
"chrX","114755843","114756105","chrX","115763286","115763566","18","1007443"
"chrX","114770837","114771095","chr8","93493325","93493584","39","21277512"
"chrX","114812173","114812252","chr14","100673591","100673682","24","14138582"
"chrX","114955634","114955939","chrX","115966595","115966900","1","1010961"
"chrX","115049805","115050113","chrX","27195828","27196135","35","87853977"
"chrX","115145935","115146232","chrX","20170039","20170336","43","94975896"
"chrX","115184559","115184865","chrX","116189757","116190064","2","1005198"
"chrX","115185567","115185697","chr6","124082164","124082294","14","8896597"
"chrX","115234501","115234738","chrX","116240703","116240932","22","1006202"
"chrX","115265837","115266120","chrX","116274618","116274903","2","1008781"
"chrX","115332311","115332601","chrX","116346879","116347169","0","1014568"
"chrX","115509739","115509864","chr1","158024936","158025074","32","42515197"
"chrX","115800749","115801038","chr5","77763782","77764074","30","38036967"
"chrX","115869559","115869744","chr9","130767579","130767756","27","14898020"
"chrX","116111217","116111495","chrX","117118738","117119016","1","1007521"
"chrX","116296006","116296225","chrX","117315007","117315228","2","1019001"
"chrX","116337711","116337995","chrX","117357379","117357698","37","1019668"
"chrX","116570577","116570873","chr13","81091008","81091295","43","35479569"
"chrX","116662096","116662177","chr8","46091691","46091777","20","70570405"
"chrX","117015421","117015675","chrX","118024760","118025017","4","1009339"
"chrX","117425590","117425890","chrX","118432363","118432671","9","1006773"
"chrX","117796844","117797022","chr6","120323249","120323422","29","2526405"
"chrX","117797200","117797335","chr17","17333596","17333726","14","100463604"
"chrX","117808215","117808500","chrX","118789592","118789879","3","981377"
"chrX","117855957","117856275","chrX","118839684","118839990","12","983727"
"chrX","117927719","117928021","chrX","118922851","118923159","8","995132"
"chrX","117987280","117987585","chrX","119045852","119046148","12","1058572"
"chrX","118092183","118092479","chrX","119135127","119135423","3","1042944"
"chrX","118115647","118115935","chrX","119158247","119158535","0","1042600"
"chrX","118120813","118121094","chr1","124979691","124979972","40","6858878"
"chrX","118171096","118171408","chr3","48970245","48970555","55","69200851"
"chrX","118261068","118261327","chrX","119312440","119312702","3","1051372"
"chrX","118337359","118337662","chrX","119391702","119392005","1","1054343"
"chrX","118384346","118384654","chrX","119444473","119444786","6","1060127"
"chrX","118401495","118401771","chrX","119462597","119462848","31","1061102"
"chrX","118439406","118439709","chr5","135031025","135031320","47","16591619"
"chrX","118791404","118791722","chr8","51914297","51914603","55","66877107"
"chrX","118846291","118846518","chrX","119917645","119917876","6","1071354"
"chrX","118854559","118854867","chrX","119926151","119926461","3","1071592"
"chrX","118878690","118878986","chrX","119948546","119948844","3","1069856"
"chrX","118912751","118912856","chr2A","62538961","62539069","25","56373790"
"chrX","118938924","118939254","chr9","125170815","125171145","50","6231891"
"chrX","118944820","118944972","chr14","63051165","63051317","24","55893655"
"chrX","118946691","118946821","chr12","10456629","10456759","10","108490062"
"chrX","118952040","118952337","chr6","108214583","108214876","35","10737457"
"chrX","119001015","119001310","chrX","120062456","120062765","20","1061441"
"chrX","119022793","119022939","chr19","4055014","4055149","27","114967779"
"chrX","119025846","119025926","chr18","47204102","47204181","8","71821744"
"chrX","119028295","119028408","chr1","123832748","123832859","14","4804453"
"chrX","119036669","119036977","chrX","120093865","120094173","1","1057196"
"chrX","119046602","119046844","chrX","120104244","120104486","1","1057642"
"chrX","119070448","119070699","chr4","140765661","140765908","39","21695213"
"chrX","119100897","119100995","chr12","12586014","12586108","15","106514883"
"chrX","119108296","119108387","chr9","80389825","80389922","21","38718471"
"chrX","119172010","119172054","chr17","478093","478136","19","118693917"
"chrX","119179498","119179778","chrX","120240861","120241139","6","1061363"
"chrX","119228785","119229066","chrX","120287334","120287630","17","1058549"
"chrX","119239114","119239403","chrX","120298937","120299226","2","1059823"
"chrX","119243155","119243467","chr1","188368103","188368411","32","69124948"
"chrX","119252425","119252672","chr1","139183841","139184089","25","19931416"
"chrX","119255438","119255673","chr11","59769177","59769404","31","59486261"
"chrX","119276502","119276648","chr11","32958670","32958814","29","86317832"
"chrX","119281680","119281988","chrX","120336190","120336494","8","1054510"
"chrX","119283888","119284178","chrX","120343555","120343847","2","1059667"
"chrX","119309354","119309653","chrX","120363436","120363735","0","1054082"
"chrX","119335785","119335909","chr8","26723415","26723536","30","92612370"
"chrX","119386690","119386788","chr1","87599106","87599219","32","31787584"
"chrX","119410212","119410502","chr3","188317272","188317569","52","68907060"
"chrX","119456153","119456217","chr10","102411920","102411980","17","17044233"
"chrX","119471049","119471340","chr1","78817937","78818233","36","40653112"
"chrX","119698540","119698713","chrX","120829768","120829939","2","1131228"
"chrX","119725254","119725551","chrX","120858057","120858360","7","1132803"
"chrX","119876583","119876881","chr10","98304982","98305275","55","21571601"
"chrX","119956622","119956663","chr18","17282170","17282223","16","102674452"
"chrX","120037725","120038015","chr10","21487432","21487729","57","98550293"
"chrX","120065067","120065348","chr9","91334008","91334288","32","28731059"
"chrX","120066355","120066650","chrX","121204641","121204937","4","1138286"
"chrX","120100949","120101157","chr14","56122420","56122629","26","63978529"
"chrX","120109709","120109854","chr19","59252894","59253042","15","60856815"
"chrX","120225892","120226187","chr15","27156065","27156363","40","93069827"
"chrX","120346263","120346588","chrX","121486976","121487301","5","1140713"
"chrX","120462315","120462622","chrX","121622820","121623128","1","1160505"
"chrX","120511962","120512107","chr4","28030717","28030863","33","92481245"
"chrX","120549153","120549448","chr5","51681828","51682125","35","68867325"
"chrX","120576354","120576453","chr3","181238196","181238292","21","60661842"
"chrX","120618044","120618335","chrX","121780168","121780460","1","1162124"
"chrX","120695540","120695836","chrX","121858111","121858407","2","1162571"
"chrX","120723577","120723828","chrX","121883558","121883809","2","1159981"
"chrX","120853763","120853900","chrX","122013080","122013216","3","1159317"
"chrX","120968040","120968359","chrX","122125475","122125803","33","1157435"
"chrX","121045146","121045271","chr1","46484701","46484838","25","74560445"
"chrX","121522194","121522402","chr4","155078134","155078343","30","33555940"
"chrX","121631967","121632247","chrX","122757793","122758074","4","1125826"
"chrX","121741348","121741647","chrX","122868855","122869155","3","1127507"
"chrX","121839799","121840113","chr17","7805111","7805419","36","114034688"
"chrX","122074470","122074806","chrX","123202932","123203256","22","1128462"
"chrX","122717671","122717974","chrX","123850652","123850954","2","1132981"
"chrX","122968586","122968882","chrX","124105813","124106108","1","1137227"
"chrX","123020972","123021269","chrX","124158294","124158598","7","1137322"
"chrX","123026394","123026693","chrX","124163716","124164014","6","1137322"
"chrX","123035230","123035414","chr15","62251182","62251366","31","60784048"
"chrX","123152250","123152542","chrX","124289814","124290109","6","1137564"
"chrX","123153542","123153834","chrX","124291110","124291403","2","1137568"
"chrX","123179982","123180079","chr3","181238196","181238292","24","58058214"
"chrX","123200866","123200967","chr20","16652596","16652702","22","106548270"
"chrX","123204916","123205223","chr6","107492583","107492890","35","15712333"
"chrX","123264184","123264464","chr7","76017004","76017281","35","47247180"
"chrX","123267588","123267883","chrX","124412711","124413017","14","1145123"
"chrX","123269831","123270122","chr1","129337688","129337979","30","6067857"
"chrX","123272780","123273010","chrX","124418170","124418400","0","1145390"
"chrX","123303969","123304268","chrX","124454561","124454851","15","1150592"
"chrX","123310842","123310996","chr1","17333377","17333534","24","105977465"
"chrX","123320348","123320692","chrX","93853898","93854210","87","29466450"
"chrX","123320696","123320814","chr3","193943817","193943934","20","70623121"
"chrX","123624705","123625001","chrX","124786741","124787038","3","1162036"
"chrX","123646907","123647186","chrX","124809413","124809693","4","1162506"
"chrX","123722572","123722892","chrX","124884858","124885182","6","1162286"
"chrX","123834295","123834388","chr22","33938435","33938535","16","89895860"
"chrX","123995486","123995775","chrX","125163405","125163678","20","1167919"
"chrX","124031366","124031655","chrX","125194235","125194527","3","1162869"
"chrX","124075935","124076288","chr15","54503677","54504011","79","69572258"
"chrX","124484101","124484393","chrX","125672533","125672825","1","1188432"
"chrX","125162681","125162983","chrX","126354592","126354893","4","1191911"
"chrX","125925657","125925756","chr3","181238196","181238292","30","55312539"
"chrX","126469383","126469688","chrX","127657508","127657814","4","1188125"
"chrX","126884149","126884453","chrX","128062977","128063287","8","1178828"
"chrX","127292823","127293089","chrX","128485104","128485393","26","1192281"
"chrX","127989655","127989962","chrX","129182993","129183295","7","1193338"
"chrX","128041304","128041609","chrX","129234863","129235168","4","1193559"
"chrX","128253187","128253497","chrX","129455823","129456135","9","1202636"
"chrX","128489270","128489573","chrX","129638863","129639164","3","1149593"
"chrX","128689126","128689377","chr5","132803355","132803604","59","4114229"
"chrX","128861968","128862054","chrX","130016233","130016321","5","1154265"
"chrX","128918245","128918555","chrX","130074426","130074731","5","1156181"
"chrX","128955682","128955979","chr5","37177597","37177892","35","91778085"
"chrX","129035574","129035734","chr14","105165819","105165980","22","23869755"
"chrX","129165022","129165189","chr7","34500288","34500454","33","94664734"
"chrX","129240018","129240251","chrX","130401278","130401469","42","1161260"
"chrX","129294355","129294642","chrX","130457895","130458195","17","1163540"
"chrX","129304716","129305021","chrX","130469099","130469404","0","1164383"
"chrX","129352615","129352712","chr14","100673591","100673682","17","28679024"
"chrX","129365145","129365337","chr3","126251588","126251789","45","3113557"
"chrX","129368606","129368763","chr4","180552843","180553000","22","51184237"
"chrX","129454446","129454706","chr1","15458109","15458374","41","113996337"
"chrX","129554913","129555206","chr7","25866404","25866702","41","103688509"
"chrX","129583465","129583716","chrX","130746839","130747094","4","1163374"
"chrX","129613873","129613979","chr14","100673591","100673682","26","28940282"
"chrX","129675730","129675891","chrX","130841571","130841732","1","1165841"
"chrX","129677216","129677515","chr1","53118077","53118382","59","76559139"
"chrX","129798105","129798394","chrX","130963037","130963326","2","1164932"
"chrX","129808714","129809008","chrX","130973892","130974187","3","1165178"
"chrX","129817397","129817554","chr4","180552843","180553000","22","50735446"
"chrX","129989252","129989557","chr14","47607683","47607984","45","82381569"
"chrX","130003063","130003176","chr2B","205936995","205937106","21","75933932"
"chrX","130036363","130036703","chr3","122809189","122809500","68","7227174"
"chrX","130091191","130091494","chrX","131258955","131259263","12","1167764"
"chrX","130377818","130378125","chrX","131562413","131562724","8","1184595"
"chrX","130396294","130396420","chr5","172392908","172393028","24","41996614"
"chrX","130653600","130653887","chr10","98304982","98305275","35","32348618"
"chrX","130697651","130697957","chrX","131885734","131886041","2","1188083"
"chrX","131093589","131093663","chr11","8774884","8774956","24","122318705"
"chrX","131104116","131104200","chr10","109809060","109809146","10","21295056"
"chrX","131189792","131190073","chrX","132351496","132351777","1","1161704"
"chrX","131249448","131249752","chrX","132411410","132411763","50","1161962"
"chrX","131297185","131297284","chr14","100673591","100673682","25","30623594"
"chrX","132107804","132108119","chrX","133320897","133321213","5","1213093"
"chrX","132215356","132215652","chrX","133429533","133429831","5","1214177"
"chrX","132352093","132352393","chrX","133566597","133566898","5","1214504"
"chrX","132361297","132361445","chrX","133575815","133575963","0","1214518"
"chrX","132364004","132364234","chrX","133578522","133578752","2","1214518"
"chrX","132373310","132373529","chrX","133587643","133587862","2","1214333"
"chrX","132657223","132657328","chr22","33938435","33938535","20","98718788"
"chrX","132851728","132851872","chr3","188303043","188303182","14","55451315"
"chrX","132878211","132878476","chrX","134084247","134084472","40","1206036"
"chrX","132925600","132925768","chrX","134134799","134134959","11","1209199"
"chrX","132964695","132965011","chr3","77666585","77666888","46","55298110"
"chrX","133002839","133002945","chr6","159074849","159074952","20","26072010"
"chrX","133109420","133109457","chr10","27042861","27042906","11","106066559"
"chrX","133132714","133133048","chrX","134347653","134347986","5","1214939"
"chrX","133224654","133224921","chrX","134439990","134440257","1","1215336"
"chrX","133310231","133310530","chrX","134525769","134526057","14","1215538"
"chrX","133360427","133360585","chrX","134576076","134576229","13","1215649"
"chrX","133381343","133381645","chrX","134598137","134598444","6","1216794"
"chrX","133401086","133401208","chr2B","199271339","199271453","23","65870253"
"chrX","133725318","133725436","chr7","112797358","112797487","32","20927960"
"chrX","133766539","133766790","chrX","134979844","134980095","1","1213305"
"chrX","133795733","133795889","chr4","83247514","83247674","30","50548219"
"chrX","133841793","133842085","chrX","135054917","135055209","0","1213124"
"chrX","133860454","133860743","chrX","135074284","135074573","2","1213830"
"chrX","133903202","133903508","chrX","135119024","135119331","1","1215822"
"chrX","133971600","133971893","chr10","72390747","72391035","38","61580853"
"chrX","134035622","134035750","chr10","101398659","101398772","29","32636963"
"chrX","134095772","134096072","chrX","135322397","135322698","2","1226625"
"chrX","134235200","134235534","chr4","187649590","187649924","65","53414390"
"chrX","134245321","134245409","chr10","4431800","4431887","36","129813521"
"chrX","134289756","134289865","chr2B","205936995","205937106","23","71647239"
"chrX","134366144","134366259","chr6","159074849","159074952","34","24708705"
"chrX","134367531","134367738","chr15","18510917","18511127","34","115856614"
"chrX","134375321","134375621","chrX","135603662","135603963","1","1228341"
"chrX","134430674","134430998","chrX","135662076","135662405","11","1231402"
"chrX","134809704","134809966","chrX","135994468","135994733","3","1184764"
"chrX","134880445","134880742","chrX","136066268","136066566","1","1185823"
"chrX","135372899","135373017","chr5","172392908","172393028","26","37020009"
"chrX","135390209","135390333","chr8","26723415","26723536","28","108666794"
"chrX","135496322","135496627","chr6","111910073","111910368","61","23586249"
"chrX","135509672","135509897","chrX","136819345","136819570","0","1309673"
"chrX","135519465","135519640","chr16","69232769","69232949","30","66286696"
"chrX","135577762","135577882","chrX","140109916","140110033","33","4532154"
"chrX","135682560","135682680","chr2B","207026815","207026935","23","71344255"
"chrX","135819839","135820150","chrX","137129169","137129480","6","1309330"
"chrX","135901257","135901445","chrX","137212549","137212737","0","1311292"
"chrX","136080623","136080759","chr1","6844228","6844361","24","129236395"
"chrX","136180648","136180945","chrX","137491250","137491552","7","1310602"
"chrX","136187464","136187757","chr3","46861662","46861957","46","89325802"
"chrX","136192117","136192417","chr11","90526086","90526383","35","45666031"
"chrX","136204570","136204683","chr3","181238196","181238292","35","45033626"
"chrX","136284949","136285061","chr2B","205936995","205937106","17","69652046"
"chrX","136310409","136310547","chr2A","32693701","32693835","26","103616708"
"chrX","136320880","136321023","chr19","38801049","38801198","30","97519831"
"chrX","136344051","136344348","chrX","137653338","137653647","14","1309287"
"chrX","136532582","136532875","chrX","137842774","137843079","12","1310192"
"chrX","136848673","136848941","chrX","138146834","138147106","5","1298161"
"chrX","136856535","136856809","chr1","160836790","160837080","46","23980255"
"chrX","136878044","136878124","chr14","100673591","100673682","30","36204453"
"chrX","136920190","136920234","chr18","17282170","17282223","15","119638020"
"chrX","136942221","136942515","chrX","138245870","138246163","1","1303649"
"chrX","136992798","136992948","chr20","37987999","37988145","16","99004799"
"chrX","136995079","136995382","chrX","138295727","138296036","7","1300648"
"chrX","136996355","136996464","chr2B","142240066","142240170","28","5243711"
"chrX","137067124","137067433","chr6","138446760","138447068","38","1379636"
"chrX","137109915","137110206","chrX","138415667","138415958","3","1305752"
"chrX","137131262","137131556","chrX","138438505","138438803","5","1307243"
"chrX","137140475","137140569","chr3","181238196","181238292","23","44097721"
"chrX","137167275","137167422","chr9","112064180","112064330","26","25103095"
"chrX","137380717","137380844","chr1","46484701","46484838","25","90896016"
"chrX","137383491","137383804","chrX","138693997","138694309","5","1310506"
"chrX","137520789","137521034","chr7","154898225","154898466","36","17377436"
"chrX","137869887","137870137","chrX","139183674","139183919","11","1313787"
"chrX","137931952","137932083","chr2A","32693701","32693835","25","105238251"
"chrX","138672301","138672612","chrX","139990539","139990850","0","1318238"
"chrX","138788506","138788623","chrX","140109916","140110033","0","1321410"
"chrX","138807747","138807859","chr5","172392908","172393028","26","33585161"
"chrX","138892947","138893085","chr2A","32693701","32693835","24","106199246"
"chrX","139039409","139039700","chr10","43484406","43484699","40","95555003"
"chrX","139226037","139226227","chr18","9612846","9613035","40","129613191"
"chrX","139226537","139226659","chr2A","25605696","25605815","31","113620841"
"chrX","139299196","139299416","chrX","136819345","136819570","52","2479851"
"chrX","139379308","139379610","chrX","140712416","140712723","9","1333108"
"chrX","139398057","139398360","chrX","140729147","140729458","10","1331090"
"chrX","139484191","139484464","chr2A","74153257","74153532","32","65330934"
"chrX","139494827","139495122","chrX","140820946","140821256","17","1326119"
"chrX","139510607","139510889","chrX","140837176","140837489","32","1326569"
"chrX","139528536","139528646","chr5","172392908","172393028","29","32864372"
"chrX","139612899","139613204","chrX","140941272","140941578","3","1328373"
"chrX","139808326","139808634","chr2A","48195784","48196093","31","91612542"
"chrX","139944423","139944732","chrX","141266557","141266864","5","1322134"
"chrX","139985123","139985405","chrX","141309031","141309313","2","1323908"
"chrX","140105166","140105443","chrX","141431543","141431820","1","1326377"
"chrX","140136123","140136428","chrX","141457902","141458211","4","1321779"
"chrX","140177021","140177280","chr10","12880632","12880890","32","127296389"
"chrX","140366827","140367124","chrX","141649388","141649685","2","1282561"
"chrX","140375395","140375538","chr9","112064180","112064330","24","28311215"
"chrX","140471593","140471862","chrX","141752534","141752829","26","1280941"
"chrX","140483808","140484100","chrX","141764771","141765062","4","1280963"
"chrX","140490319","140490621","chrX","141771866","141772171","5","1281547"
"chrX","140529820","140529934","chr3","181143385","181143493","27","40613565"
"chrX","140656976","140657277","chrX","141938021","141938325","3","1281045"
"chrX","140703442","140703750","chrX","141984286","141984594","3","1280844"
"chrX","140814208","140814507","chrX","142102784","142103083","2","1288576"
"chrX","140946635","140946935","chrX","142230889","142231192","4","1284254"
"chrX","140982240","140982549","chrX","141922022","141922332","6","939782"
"chrX","141300719","141300989","chr16","57809565","57809833","59","83491154"
"chrX","141304608","141304893","chrX","141538737","141539022","1","234129"
"chrX","141306182","141306357","chrX","141537272","141537462","15","231090"
"chrX","141654776","141655083","chr3","141740577","141740883","55","85801"
"chrX","141694461","141694579","chr2B","205936995","205937106","24","64242534"
"chrX","142071734","142071971","chr12","41159514","41159761","40","100912220"
"chrX","142078792","142078994","chr9","105335908","105336108","48","36742884"
"chrX","142273259","142273571","chrX","143544252","143544564","4","1270993"
"chrX","142327253","142327539","chr13","49746649","49746946","54","92580604"
"chrX","142677769","142677979","chrX","143948202","143948412","1","1270433"
"chrX","142949720","142949798","chrX","144209301","144209379","0","1259581"
"chrX","142957176","142957474","chrX","144216882","144217181","1","1259706"
"chrX","143009595","143009880","chrX","144269680","144269977","14","1260085"
"chrX","143445769","143445893","chrX","144710350","144710474","0","1264581"
"chrX","143497767","143498072","chrX","37546933","37547235","38","105950834"
"chrX","143500378","143500490","chr2B","199271339","199271453","25","55770961"
"chrX","143526144","143526440","chr4","4451611","4451901","50","139074533"
"chrX","143565554","143565640","chr4","143756872","143756967","19","191318"
"chrX","143626343","143626645","chrX","144891793","144892101","8","1265450"
"chrX","144087454","144087625","chrX","101684279","101684447","28","42403175"
"chrX","144474717","144475005","chrX","145781328","145781647","33","1306611"
"chrX","144793360","144793670","chrX","146103027","146103338","5","1309667"
"chrX","144964957","144965128","chr7","82359185","82359357","40","62605772"
"chrX","145004715","145005003","chrX","146349612","146349900","1","1344897"
"chrX","145039597","145039905","chrX","146385775","146386082","5","1346178"
"chrX","145125145","145125437","chrX","146471065","146471358","2","1345920"
"chrX","145268221","145268521","chrX","146616991","146617299","13","1348770"
"chrX","145528541","145528840","chrX","146877337","146877636","4","1348796"
"chrX","145809700","145809809","chr2B","205936995","205937106","27","60127295"
"chrX","145816689","145816785","chr9","95139174","95139270","11","50677515"
"chrX","146053487","146053661","chr17","81082254","81082429","28","64971233"
"chrX","146098807","146099110","chrX","147458745","147459045","4","1359938"
"chrX","146473134","146473395","chr9","114297614","114297869","60","32175520"
"chrX","146522727","146522927","chr18","9612846","9613035","49","136909881"
"chrX","146640660","146640960","chrX","147920851","147921151","3","1280191"
"chrX","146757068","146757295","chrX","148042139","148042366","1","1285071"
"chrX","147059631","147059783","chr4","149843795","149843946","29","2784164"
"chrX","147352277","147352509","chr3","187871765","187871987","49","40519488"
"chrX","147360718","147361008","chrX","148644538","148644828","1","1283820"
"chrX","147839474","147839557","chr4","153183031","153183115","11","5343557"
"chrX","148157685","148157833","chrX","149446504","149446652","1","1288819"
"chrX","148390550","148390858","chrX","149678079","149678385","5","1287529"
"chrX","148490764","148490886","chr1","46484701","46484838","31","102006063"
"chrX","148781111","148781423","chrX","150072839","150073151","7","1291728"
"chrX","148842458","148842597","chr19","61741211","61741358","20","87101247"
"chrX","149158878","149159178","chrX","150404953","150405253","1","1246075"
"chrX","150200698","150200985","chrX","151434592","151434879","0","1233894"
"chrX","150241088","150241394","chrX","151476869","151477175","3","1235781"
"chrX","150386164","150386303","chrX","151626104","151626241","3","1239940"
"chrX","150411022","150411330","chrX","151651066","151651374","2","1240044"
"chrX","150424524","150424809","chrX","151665346","151665626","7","1240822"
"chrX","150465430","150465717","chrX","151708021","151708304","6","1242591"
"chrX","150476679","150476963","chr9","37655366","37655651","33","112821313"
"chrX","150499716","150500000","chrX","151739875","151740187","29","1240159"
"chrX","150542759","150543041","chrX","151784730","151785013","2","1241971"
"chrX","150558934","150559030","chr14","100673591","100673682","21","49885343"
"chrX","150561982","150562259","chrX","151805912","151806191","3","1243930"
"chrX","151087831","151088002","chr19","52729769","52729940","26","98358062"
"chrX","151564822","151565125","chrX","152803878","152804184","8","1239056"
"chrX","151583940","151584220","chrX","152823269","152823540","11","1239329"
"chrX","151817886","151818190","chr10","38403814","38404119","38","113414072"
"chrX","152290052","152290360","chr1","139452262","139452571","52","12837790"
"chrX","152450746","152450973","chrX","153695477","153695705","2","1244731"
"chrX","152491557","152491863","chr18","53766305","53766609","38","98725252"
"chrX","153049176","153049477","chr19","10127685","10127984","33","142921491"
"chrX","153155038","153155282","chr17","75762376","75762626","69","77392662"
"chrX","153247826","153247991","chr4","113902899","113903048","29","39344927"
"chrX","153257383","153257542","chr5","175990298","175990451","26","22732915"
"chrX","153260993","153261199","chr22","36434515","36434723","37","116826478"
"chrX","153273052","153273363","chr14","20392001","20392306","39","132881051"
"chrX","153297935","153298022","chr9","80389825","80389922","25","72908110"
"chrX","153356120","153356426","chr20","1297330","1297629","41","152058790"
"chrX","153386881","153387009","chr13","20200286","20200416","14","133186595"
"chrX","153482286","153482586","chrX","154728420","154728718","3","1246134"
"chrX","153506083","153506386","chr18","19927463","19927762","34","133578620"
"chrX","153514527","153514801","chrX","154759806","154760081","3","1245279"
"chrX","153545982","153546138","chr12","38831500","38831656","23","114714482"
"chrX","153575087","153575410","chr22","43922126","43922439","45","109652961"
"chrX","153737814","153738051","chr13","47945059","47945295","32","105792755"
"chrX","153751803","153752102","chrX","155010316","155010615","3","1258513"
"chrX","153794775","153795072","chrX","155053476","155053775","2","1258701"
"chrX","153863058","153863185","chr8","15383887","15384002","27","138479171"
"chrX","154113583","154113622","chr2A","48506210","48506246","8","105607373"
"chrX","154173862","154173988","chr16","73743066","73743197","34","80430796"
"chrX","154182167","154182271","chr3","181238196","181238292","33","27056029"
"chrX","154182279","154182363","chr15","68008805","68008888","8","86173474"
"chrX","154283388","154283548","chrX","155632548","155632709","3","1349160"
"chrX","154353924","154354032","chr5","172392908","172393028","29","18038984"
"chrX","154481649","154481944","chr7","12438576","12438871","34","142043073"
"chrX","155201497","155201607","chr2B","205936995","205937106","24","50735498"
"chrX","155227934","155228240","chr13","98271993","98272297","36","56955941"
"chrX","155256529","155256820","chrX","156734948","156735246","8","1478419"
"chrX","155260021","155260216","chr9","97028914","97029116","32","58231107"
"chr10","20709363","20709671","chr10","20562003","20562312","5","147360"
"chr10","67895034","67895320","chr10","67355351","67355639","5","539683"
"chr10","78905112","78905410","chr10","78376730","78377031","5","528382"
"chr10","99758","100060","chr5","182452472","182452774","9","182352714"
"chr10","181685","181774","chr3","181238196","181238292","36","181056511"
"chr10","272340","272633","chr10","235475","235768","2","36865"
"chr10","291564","291601","chr10","109823026","109823061","12","109531462"
"chr10","308969","309242","chr12","31867666","31867959","53","31558697"
"chr10","487828","488121","chr10","469474","469770","6","18354"
"chr10","507839","508138","chr3","142809803","142810102","40","142301964"
"chr10","522235","522553","chr10","505187","505508","4","17048"
"chr10","693867","693989","chr8","26723415","26723536","28","26029548"
"chr10","779095","779388","chr10","772209","772503","2","6886"
"chr10","899211","899505","chr6","42778984","42779282","37","41879773"
"chr10","933089","933397","chr10","926445","926755","7","6644"
"chr10","959460","959744","chr1","21064590","21064871","31","20105130"
"chr10","980274","980586","chr10","973840","974148","11","6434"
"chr10","985769","986079","chr1","29189596","29189901","49","28203827"
"chr10","999233","999308","chr11","8774884","8774956","22","7775651"
"chr10","1098147","1098450","chr10","1094489","1094790","5","3658"
"chr10","1196865","1197023","chr3","4554817","4554967","21","3357952"
"chr10","1262194","1262488","chr10","1267905","1268195","13","5711"
"chr10","1535981","1536271","chr10","1548962","1549252","2","12981"
"chr10","1610743","1610860","chr18","41172114","41172236","11","39561371"
"chr10","1689607","1689724","chr5","172392908","172393028","36","170703301"
"chr10","1710181","1710454","chr10","1734402","1734675","3","24221"
"chr10","1875520","1875797","chr10","1900339","1900616","2","24819"
"chr10","1911140","1911426","chr10","1936635","1936921","1","25495"
"chr10","2004366","2004665","chr17","26279392","26279691","34","24275026"
"chr10","2117025","2117192","chr18","16129447","16129614","21","14012422"
"chr10","2289657","2289948","chr19","49577016","49577293","48","47287359"
"chr10","2331338","2331420","chr11","8774884","8774956","19","6443546"
"chr10","2348631","2348931","chr10","2379750","2380052","2","31119"
"chr10","2393989","2394114","chr22","35041748","35041876","28","32647759"
"chr10","2526561","2526796","chr2A","109168374","109168604","35","106641813"
"chr10","2637860","2638156","chr2A","63086723","63087016","38","60448863"
"chr10","2944709","2944990","chr10","2990842","2991127","5","46133"
"chr10","2945152","2945239","chr13","24059413","24059502","17","21114261"
"chr10","3185717","3186020","chr10","3236930","3237238","7","51213"
"chr10","3191973","3192178","chr10","3243211","3243417","8","51238"
"chr10","3228782","3229081","chr17","41838144","41838433","66","38609362"
"chr10","3283713","3284005","chr10","3337043","3337335","6","53330"
"chr10","3325448","3325749","chr10","3379498","3379801","3","54050"
"chr10","3563502","3563620","chr5","172392908","172393028","20","168829406"
"chr10","3568056","3568196","chr3","17959634","17959762","31","14391578"
"chr10","3827834","3827927","chr6","108298721","108298814","22","104470887"
"chr10","3830929","3831049","chr2B","207026815","207026935","25","203195886"
"chr10","3831160","3831460","chr10","3894245","3894553","13","63085"
"chr10","3901345","3901652","chr10","3965218","3965525","1","63873"
"chr10","3910060","3910352","chr10","3973934","3974232","6","63874"
"chr10","3938570","3938688","chr2B","199271339","199271453","26","195332769"
"chr10","3979859","3980148","chr10","4045459","4045750","4","65600"
"chr10","3998620","3998921","chr10","4063456","4063758","2","64836"
"chr10","4051091","4051383","chr10","4116774","4117066","0","65683"
"chr10","4159904","4160034","chrX","101185112","101185241","10","97025208"
"chr10","4163943","4164232","chr10","4228402","4228692","2","64459"
"chr10","4367486","4367573","chr10","4431800","4431887","0","64314"
"chr10","5017940","5018229","chr10","5068034","5068324","5","50094"
"chr10","5219933","5220226","chr10","5267919","5268212","1","47986"
"chr10","5335863","5335995","chrUn_GL394737","20401","20541","21","5315462"
"chr10","5340107","5340250","chrX","19375388","19375543","29","14035281"
"chr10","5396854","5397136","chr10","5447747","5448050","27","50893"
"chr10","5437514","5437777","chr10","5488093","5488360","6","50579"
"chr10","5447115","5447417","chr10","5497701","5498007","5","50586"
"chr10","5460153","5460456","chrX","77297464","77297764","39","71837311"
"chr10","5533464","5533605","chr2A","32693701","32693835","33","27160237"
"chr10","5544082","5544223","chr7","156274717","156274856","26","150730635"
"chr10","5682032","5682325","chr10","5738489","5738785","3","56457"
"chr10","5869057","5869364","chr10","5928113","5928418","3","59056"
"chr10","5918541","5918854","chr10","5977940","5978252","2","59399"
"chr10","5991632","5991806","chr10","6051354","6051528","2","59722"
"chr10","6009877","6010179","chr10","6070052","6070354","0","60175"
"chr10","6051594","6051904","chr10","6112527","6112842","7","60933"
"chr10","6053288","6053574","chr10","6114228","6114517","8","60940"
"chr10","6105426","6105571","chr10","6167310","6167456","1","61884"
"chr10","6154908","6155198","chr10","6218653","6218943","1","63745"
"chr10","6156312","6156423","chr8","26723415","26723536","22","20567103"
"chr10","6181183","6181487","chr10","6246464","6246776","10","65281"
"chr10","6262665","6262959","chr10","6328812","6329106","0","66147"
"chr10","6286933","6287240","chr10","6352897","6353204","6","65964"
"chr10","6438361","6438654","chr10","6511675","6511972","5","73314"
"chr10","6558083","6558385","chr10","6632124","6632423","4","74041"
"chr10","7008066","7008384","chr10","7082610","7082929","3","74544"
"chr10","7231309","7231597","chr10","7310023","7310314","5","78714"
"chr10","7556470","7556638","chr14","96271883","96272052","26","88715413"
"chr10","7612706","7613004","chrX","39533421","39533717","36","31920715"
"chr10","7667371","7667664","chr14","58081088","58081377","40","50413717"
"chr10","7688931","7689258","chr10","7762810","7763138","5","73879"
"chr10","7723308","7723607","chr11","81612582","81612877","33","73889274"
"chr10","7788821","7789025","chr7","146110015","146110212","24","138321194"
"chr10","7790858","7791154","chr10","7866464","7866760","1","75606"
"chr10","7795200","7795398","chr1","132004821","132005021","35","124209621"
"chr10","7806449","7806753","chr10","7881952","7882256","1","75503"
"chr10","7919025","7919320","chr10","7995139","7995434","1","76114"
"chr10","7988459","7988600","chr8","112933585","112933727","25","104945126"
"chr10","8007336","8007624","chr16","7204672","7204956","60","802664"
"chr10","8123330","8123459","chr13","22694842","22694978","31","14571512"
"chr10","8206949","8207124","chr22","28740299","28740471","35","20533350"
"chr10","8216991","8217294","chr14","55584861","55585170","47","47367870"
"chr10","8436205","8436508","chr2B","184084709","184085010","41","175648504"
"chr10","8450167","8450463","chr10","8540417","8540714","2","90250"
"chr10","8462275","8462586","chr10","8552562","8552881","11","90287"
"chr10","8671145","8671440","chr10","8764291","8764586","0","93146"
"chr10","8710143","8710462","chr10","8803231","8803556","6","93088"
"chr10","8747881","8747961","chr10","8847470","8847550","0","99589"
"chr10","8787763","8788074","chr10","8888821","8889134","13","101058"
"chr10","8811650","8811968","chr14","87735607","87735918","44","78923957"
"chr10","8988027","8988316","chr10","9095077","9095366","0","107050"
"chr10","9106846","9107141","chr17","24529054","24529348","31","15422208"
"chr10","9125471","9125599","chr2B","207026815","207026935","33","197901344"
"chr10","9175907","9176201","chr10","9287198","9287491","3","111291"
"chr10","9274606","9274901","chr10","9386298","9386597","14","111692"
"chr10","9299407","9299697","chr10","9411615","9411905","0","112208"
"chr10","9517414","9517725","chr10","9633079","9633364","28","115665"
"chr10","9763525","9763651","chr22","35041748","35041876","28","25278223"
"chr10","9845456","9845593","chr13","22694842","22694978","30","12849386"
"chr10","9881929","9882047","chr5","172392908","172393028","27","162510979"
"chr10","9913629","9913923","chr10","10048726","10049020","2","135097"
"chr10","9935532","9935666","chr2A","32693701","32693835","27","22758169"
"chr10","10094158","10094240","chr14","100673591","100673682","24","90579433"
"chr10","10094254","10094527","chr10","10234859","10235132","2","140605"
"chr10","10115569","10115878","chr10","10256186","10256503","18","140617"
"chr10","10140367","10140671","chr10","10280981","10281286","2","140614"
"chr10","10141614","10141740","chr16","73743066","73743197","26","63601452"
"chr10","10190180","10190475","chr5","60225819","60226111","46","50035639"
"chr10","10299492","10299588","chr22","33938435","33938535","18","23638943"
"chr10","10323274","10323424","chr10","10467034","10467185","1","143760"
"chr10","10384591","10384894","chr1","226387698","226387993","50","216003107"
"chr10","10459162","10459283","chr10","10606360","10606481","0","147198"
"chr10","10597450","10597607","chr19","4570447","4570603","27","6027003"
"chr10","10622016","10622149","chr5","5624013","5624130","36","4998003"
"chr10","10713654","10713932","chr10","10861674","10861951","7","148020"
"chr10","10719011","10719315","chr1","65044870","65045174","40","54325859"
"chr10","10764711","10764794","chr3","181238196","181238292","23","170473485"
"chr10","10879817","10880120","chr10","11031076","11031380","2","151259"
"chr10","10903637","10903942","chr10","11054968","11055273","1","151331"
"chr10","11443579","11443768","chr10","11600351","11600540","2","156772"
"chr10","11515565","11515864","chr10","11675144","11675443","2","159579"
"chr10","11555730","11555988","chr10","11716033","11716292","4","160303"
"chr10","11577206","11577361","chr6","145351826","145351977","34","133774620"
"chr10","11607940","11608233","chr10","11770039","11770332","1","162099"
"chr10","11611425","11611722","chr10","11773527","11773822","3","162102"
"chr10","11622983","11623286","chr10","11785228","11785535","7","162245"
"chr10","11623779","11623893","chr19","20014001","20014129","28","8390222"
"chr10","11649842","11649961","chr8","26723415","26723536","25","15073573"
"chr10","11655144","11655350","chr10","11819637","11819849","7","164493"
"chr10","11665452","11665762","chr17","60737767","60738075","28","49072315"
"chr10","11727903","11728194","chr10","11895339","11895630","1","167436"
"chr10","11779739","11779998","chr10","11947967","11948227","6","168228"
"chr10","11826754","11827020","chr10","11995833","11996096","4","169079"
"chr10","11837772","11838040","chr10","12005461","12005729","4","167689"
"chr10","11956156","11956457","chr10","12128305","12128605","6","172149"
"chr10","11985286","11985552","chr11","31271977","31272240","43","19286691"
"chr10","11999043","11999189","chr3","49847859","49848018","47","37848816"
"chr10","12008510","12008714","chr12","115133382","115133590","28","103124872"
"chr10","12019642","12019823","chr10","12193687","12193868","2","174045"
"chr10","12033531","12033710","chr4","84946316","84946498","28","72912785"
"chr10","12035251","12035368","chr5","172392908","172393028","22","160357657"
"chr10","12039463","12039536","chr11","47990760","47990828","33","35951297"
"chr10","12076980","12077129","chr15","91534991","91535139","29","79458011"
"chr10","12081193","12081370","chr10","120372580","120372761","24","108291387"
"chr10","12141148","12141444","chr10","12315917","12316212","5","174769"
"chr10","12208741","12209036","chr10","12383519","12383815","5","174778"
"chr10","12212866","12212996","chrX","97546574","97546704","8","85333708"
"chr10","12213277","12213370","chr14","100673591","100673682","23","88460314"
"chr10","12224800","12224983","chr10","30763708","30763896","31","18538908"
"chr10","12228115","12228411","chr10","12403385","12403687","6","175270"
"chr10","12260592","12260880","chr10","12434923","12435211","0","174331"
"chr10","12262320","12262613","chr6","156035558","156035849","37","143773238"
"chr10","12278650","12278770","chr6","159074849","159074952","28","146796199"
"chr10","12318491","12318713","chr3","188573160","188573394","40","176254669"
"chr10","12331944","12332096","chr8","107433929","107434080","30","95101985"
"chr10","12343244","12343478","chr10","12530682","12530926","13","187438"
"chr10","12362059","12362359","chr10","12549697","12549999","3","187638"
"chr10","12446955","12447257","chr10","12637468","12637771","8","190513"
"chr10","12464467","12464708","chr16","4209111","4209349","40","8255356"
"chr10","12558042","12558354","chr10","12751986","12752300","4","193944"
"chr10","12578580","12578866","chr10","12772553","12772839","0","193973"
"chr10","12600438","12600638","chr10","12794353","12794576","23","193915"
"chr10","12629623","12629914","chr10","12825894","12826205","26","196271"
"chr10","12656024","12656332","chr3","5045433","5045734","40","7610591"
"chr10","12678409","12678731","chr10","12875132","12875456","8","196723"
"chr10","12682348","12682664","chr8","63435157","63435455","41","50752809"
"chr10","12699631","12699824","chr5","108746310","108746504","32","96046679"
"chr10","12700991","12701300","chr10","12899290","12899595","6","198299"
"chr10","12725760","12726049","chr10","12924189","12924477","3","198429"
"chr10","12782572","12782871","chr10","12987632","12987932","2","205060"
"chr10","12796141","12796335","chr17","9522311","9522505","30","3273830"
"chr10","12864651","12864916","chrX","130784139","130784440","85","117919488"
"chr10","12913511","12913660","chr10","13121102","13121251","0","207591"
"chr10","12941610","12941902","chr10","13149552","13149846","2","207942"
"chr10","12949693","12949993","chr10","13157623","13157924","10","207930"
"chr10","12990660","12990798","chr10","13199891","13200027","3","209231"
"chr10","13035569","13035859","chr10","13247742","13248032","1","212173"
"chr10","13137434","13137746","chr10","13352154","13352442","24","214720"
"chr10","13212309","13212606","chr10","13430503","13430800","4","218194"
"chr10","13213052","13213364","chr18","16078441","16078744","40","2865389"
"chr10","13221409","13221706","chr15","63211308","63211607","39","49989899"
"chr10","13234965","13235155","chr10","13454221","13454408","6","219256"
"chr10","13247775","13247896","chr5","172392908","172393028","20","159145133"
"chr10","13638365","13638520","chr3","62158483","62158648","35","48520118"
"chr10","13638868","13639142","chr7","38251666","38251944","39","24612798"
"chr10","13654378","13654688","chr11","122628692","122628995","46","108974314"
"chr10","13688170","13688256","chr4","153183031","153183115","15","139494861"
"chr10","13693807","13694106","chr1","92995058","92995356","36","79301251"
"chr10","13697773","13697996","chr10","13567597","13567822","4","130176"
"chr10","13698681","13698810","chr13","22694842","22694978","24","8996161"
"chr10","13724386","13724714","chr10","13594215","13594511","35","130171"
"chr10","13728851","13729147","chr7","31126153","31126447","49","17397302"
"chr10","13809215","13809518","chr10","13680806","13681111","4","128409"
"chr10","13821371","13821540","chr15","87173355","87173524","26","73351984"
"chr10","13892487","13892580","chr10","132095650","132095743","11","118203163"
"chr10","14043690","14043991","chr6","42695816","42696118","32","28652126"
"chr10","14100724","14101038","chr3","103884272","103884574","62","89783548"
"chr10","14154111","14154330","chr1","26136510","26136710","46","11982399"
"chr10","14191105","14191236","chr10","14065940","14066072","2","125165"
"chr10","14254711","14254982","chr10","14133361","14133638","9","121350"
"chr10","14268096","14268396","chr10","14146759","14147059","1","121337"
"chr10","14394207","14394509","chr3","69865824","69866121","40","55471617"
"chr10","14477100","14477397","chr10","14357877","14358182","10","119223"
"chr10","14512743","14513038","chr10","14394211","14394514","14","118532"
"chr10","14530255","14530556","chr10","14411760","14412067","10","118495"
"chr10","14539186","14539444","chr19","2868282","2868546","38","11670904"
"chr10","14695414","14695725","chr6","150608856","150609166","49","135913442"
"chr10","14893554","14893856","chr13","74517005","74517302","38","59623451"
"chr10","14948799","14948881","chr10","14844997","14845079","1","103802"
"chr10","14985591","14985721","chr4","115885085","115885224","20","100899494"
"chr10","15102176","15102479","chr2A","69039694","69039993","37","53937518"
"chr10","15129968","15130263","chr4","168417425","168417719","39","153287457"
"chr10","15142016","15142321","chr10","15041767","15042076","5","100249"
"chr10","15157067","15157363","chr10","15062882","15063178","0","94185"
"chr10","15163215","15163508","chr10","15069294","15069587","1","93921"
"chr10","15225382","15225646","chr10","15130805","15131075","8","94577"
"chr10","15297199","15297302","chr2B","205936995","205937106","22","190639796"
"chr10","15604311","15604620","chr10","15438366","15438674","3","165945"
"chr10","15698006","15698300","chr10","15538916","15539210","1","159090"
"chr10","15701753","15701987","chr14","66142969","66143205","38","50441216"
"chr10","15723962","15724173","chr1","52374216","52374427","33","36650254"
"chr10","15809814","15810129","chr10","15652679","15652994","1","157135"
"chr10","15854006","15854307","chr10","15698706","15699007","5","155300"
"chr10","15975179","15975495","chr10","15819551","15819864","5","155628"
"chr10","15985758","15986058","chr7","31824718","31825015","36","15838960"
"chr10","15996695","15996846","chr5","172387444","172387598","31","156390749"
"chr10","16010540","16010828","chr1","129337688","129337979","35","113327148"
"chr10","16027118","16027196","chr8","46091691","46091777","23","30064573"
"chr10","16038559","16038715","chr11","130714025","130714175","39","114675466"
"chr10","16133182","16133472","chr10","15981013","15981312","12","152169"
"chr10","16195389","16195688","chr10","16042889","16043197","9","152500"
"chr10","16239045","16239328","chr14","88804647","88804931","62","72565602"
"chr10","16242601","16242757","chr1","45049966","45050124","22","28807365"
"chr10","16274413","16274723","chr10","16126440","16126750","0","147973"
"chr10","16322764","16323055","chr10","16176605","16176906","18","146159"
"chr10","16351558","16351843","chr10","16205399","16205686","6","146159"
"chr10","16489366","16489631","chr10","16344712","16344979","9","144654"
"chr10","16665943","16666239","chr10","16521604","16521901","1","144339"
"chr10","16717443","16717740","chr10","16573722","16574020","8","143721"
"chr10","16729067","16729171","chr3","181238196","181238292","31","164509129"
"chr10","16906845","16907133","chr10","16767007","16767299","8","139838"
"chr10","16914798","16915105","chr10","16774967","16775278","6","139831"
"chr10","16943886","16944224","chr12","62531409","62531739","77","45587523"
"chr10","16986727","16987034","chr10","16846223","16846528","5","140504"
"chr10","17012484","17012789","chr2B","204532130","204532436","37","187519646"
"chr10","17041541","17041632","chr14","100673591","100673682","22","83632050"
"chr10","17065550","17065659","chr2A","62538961","62539069","18","45473411"
"chr10","17066718","17067016","chr10","16927241","16927540","1","139477"
"chr10","17152896","17153198","chr10","17014178","17014481","1","138718"
"chr10","17158644","17158969","chr2A","2330885","2331206","60","14827759"
"chr10","17173431","17173716","chr10","17034557","17034842","0","138874"
"chr10","17182132","17182426","chr10","17043319","17043613","1","138813"
"chr10","17232220","17232440","chr10","17094837","17095062","5","137383"
"chr10","17382045","17382366","chr10","17247205","17247510","20","134840"
"chr10","17395728","17395935","chr10","17260861","17261097","32","134867"
"chr10","17412232","17412373","chr4","28030717","28030863","28","10618485"
"chr10","17441421","17441732","chr7","153600428","153600738","42","136159007"
"chr10","17647357","17647646","chr10","17512526","17512815","1","134831"
"chr10","17729419","17729716","chr10","17595856","17596165","17","133563"
"chr10","17819960","17820062","chr3","181238196","181238292","21","163418236"
"chr10","17853882","17853978","chr3","181238196","181238292","24","163384314"
"chr10","17930252","17930564","chr10","17798286","17798597","4","131966"
"chr10","17945914","17946222","chr10","17813820","17814135","14","132094"
"chr10","18073400","18073637","chr10","17945408","17945649","8","127992"
"chr10","18101728","18102029","chr10","17973770","17974069","3","127958"
"chr10","18112050","18112357","chr10","17984088","17984402","9","127962"
"chr10","18137616","18137911","chr10","18004411","18004708","2","133205"
"chr10","18154850","18154968","chr10","18022287","18022405","0","132563"
"chr10","18219373","18219657","chr10","18088544","18088828","9","130829"
"chr10","18419736","18420023","chr10","18290603","18290891","1","129133"
"chr10","18426406","18426694","chr10","18297463","18297753","3","128943"
"chr10","18477111","18477414","chr10","18349084","18349386","2","128027"
"chr10","18542832","18543130","chr10","18418599","18418900","4","124233"
"chr10","18654426","18654547","chr18","46323703","46323831","25","27669277"
"chr10","18655428","18655742","chr17","26448495","26448800","48","7793067"
"chr10","18999279","18999324","chr22","42768904","42768949","12","23769625"
"chr10","19016849","19017127","chr10","18834620","18834898","0","182229"
"chr10","19151320","19151632","chr8","102156078","102156388","43","83004758"
"chr10","19177038","19177333","chr10","18996867","18997168","6","180171"
"chr10","19343003","19343223","chr17","16431587","16431821","48","2911416"
"chr10","19421836","19422128","chr2B","225061121","225061417","32","205639285"
"chr10","19423156","19423454","chr17","12462670","12462968","38","6960486"
"chr10","19532849","19532940","chr3","181238196","181238292","29","161705347"
"chr10","19728759","19728853","chr9","80389825","80389922","22","60661066"
"chr10","19799591","19799905","chr10","19627947","19628263","6","171644"
"chr10","19862864","19863141","chr22","40392550","40392840","51","20529686"
"chr10","19875580","19875867","chr10","19704791","19705078","1","170789"
"chr10","19972813","19973084","chr10","19802665","19802935","5","170148"
"chr10","19980838","19981114","chr10","19810853","19811129","0","169985"
"chr10","20245487","20245772","chr5","170735650","170735937","35","150490163"
"chr10","20326273","20326451","chr10","20168873","20169049","2","157400"
"chr10","20360940","20361248","chr10","20203413","20203698","24","157527"
"chr10","20426295","20426603","chr10","20269924","20270233","2","156371"
"chr10","20760091","20760392","chr10","20613053","20613357","4","147038"
"chr10","20798298","20798433","chr1","32098093","32098231","28","11299795"
"chr10","20940246","20940531","chr10","20794127","20794412","1","146119"
"chr10","21178813","21179123","chr10","21038226","21038507","30","140587"
"chr10","21310709","21311005","chr10","21171684","21171983","7","139025"
"chr10","21586176","21586474","chr10","21456392","21456691","2","129784"
"chr10","21617085","21617381","chr10","21487432","21487729","2","129653"
"chr10","21677513","21677627","chr5","59438305","59438419","15","37760792"
"chr10","21716534","21716820","chr10","21588698","21588989","11","127836"
"chr10","21737356","21737665","chr10","21608651","21608957","4","128705"
"chr10","21752937","21753234","chr10","21626917","21627218","6","126020"
"chr10","21779021","21779147","chr5","172392908","172393028","28","150613887"
"chr10","21822748","21823048","chr17","81192358","81192658","50","59369610"
"chr10","21841885","21842187","chr10","21717657","21717963","17","124228"
"chr10","21864418","21864694","chr12","31867666","31867959","42","10003248"
"chr10","21909387","21909660","chr10","21789118","21789412","21","120269"
"chr10","21927592","21927909","chr10","21809136","21809456","12","118456"
"chr10","21950442","21950747","chr10","21833311","21833619","7","117131"
"chr10","21993521","21993694","chrX","101684279","101684447","28","79690758"
"chr10","22021030","22021335","chr10","21905854","21906159","3","115176"
"chr10","22128574","22128825","chr8","98899411","98899676","50","76770837"
"chr10","22160561","22160819","chr11","9607998","9608250","42","12552563"
"chr10","22310761","22311079","chr10","22116084","22116402","3","194677"
"chr10","22372910","22373215","chr6","146179872","146180170","40","123806962"
"chr10","22399667","22399946","chr10","22203964","22204280","38","195703"
"chr10","22553237","22553536","chr10","22360941","22361240","1","192296"
"chr10","22740614","22740824","chr10","22549740","22549950","0","190874"
"chr10","22767276","22767495","chr10","22576427","22576658","13","190849"
"chr10","22794826","22795132","chr21","28762059","28762355","55","5967233"
"chr10","22800009","22800119","chr11","108679997","108680104","23","85879988"
"chr10","22815229","22815536","chr10","22626069","22626380","4","189160"
"chr10","22815794","22816062","chr10","22626639","22626910","3","189155"
"chr10","23254805","23254945","chr9","112064180","112064330","28","88809375"
"chr10","23328286","23328579","chr10","23144096","23144389","23","184190"
"chr10","23372301","23372593","chr10","23190779","23191072","5","181522"
"chr10","23448582","23448866","chr10","23264788","23265097","30","183794"
"chr10","23581084","23581379","chr5","20236248","20236540","62","3344836"
"chr10","23602640","23602738","chr3","181238196","181238292","19","157635556"
"chr10","23849237","23849540","chr10","23671406","23671714","7","177831"
"chr10","23889547","23889830","chr10","23710853","23711136","2","178694"
"chr10","23967358","23967637","chr17","1748555","1748835","35","22218803"
"chr10","23979664","23979864","chr19","40529546","40529740","45","16549882"
"chr10","24435049","24435153","chr13","24059413","24059502","28","375636"
"chr10","24603254","24603402","chrX","149446504","149446652","30","124843250"
"chr10","24775215","24775519","chr5","40541511","40541802","39","15766296"
"chr10","24796172","24796479","chr10","24640020","24640332","8","156152"
"chr10","24808436","24808658","chr10","24652327","24652541","8","156109"
"chr10","24819025","24819097","chr9","124818983","124819046","16","99999958"
"chr10","24886842","24887144","chr10","24731437","24731739","3","155405"
"chr10","25050508","25050803","chr10","24896839","24897132","6","153669"
"chr10","25058917","25059006","chr13","24059413","24059502","14","999504"
"chr10","25062583","25062895","chr4","141609401","141609710","42","116546818"
"chr10","25068618","25068831","chr14","19786423","19786634","34","5282195"
"chr10","25185324","25185620","chr10","25033266","25033568","6","152058"
"chr10","25228029","25228148","chr5","172392908","172393028","20","147164879"
"chr10","25278006","25278297","chr10","25126938","25127280","51","151068"
"chr10","25278718","25278995","chr22","43143911","43144188","31","17865193"
"chr10","25283888","25284051","chr15","57000839","57001001","32","31716951"
"chr10","25308500","25308654","chr1","7597578","7597742","28","17710922"
"chr10","25330730","25330821","chr14","100673591","100673682","24","75342861"
"chr10","25516956","25517108","chr14","90217475","90217625","58","64700519"
"chr10","25572090","25572354","chr10","25429592","25429856","5","142498"
"chr10","25607273","25607566","chr10","25464885","25465180","5","142388"
"chr10","25624495","25624618","chr10","25482274","25482397","0","142221"
"chr10","25657411","25657714","chr10","25513110","25513415","3","144301"
"chr10","25833857","25834151","chr10","25692424","25692720","3","141433"
"chr10","26128152","26128461","chr10","25986032","25986348","9","142120"
"chr10","26225000","26225134","chr5","47854325","47854461","32","21629325"
"chr10","26225361","26225374","chr1","28547144","28547162","8","2321783"
"chr10","26289641","26289703","chr7","80951699","80951753","16","54662058"
"chr10","26393801","26394105","chr10","26256719","26257026","5","137082"
"chr10","26415717","26415798","chr14","100673591","100673682","24","74257874"
"chr10","26426360","26426670","chr10","26289302","26289612","2","137058"
"chr10","26507683","26507839","chr10","26371235","26371391","1","136448"
"chr10","26547726","26547826","chr14","100673591","100673682","24","74125865"
"chr10","26569021","26569326","chr10","26433100","26433408","3","135921"
"chr10","26596504","26596815","chr10","26459506","26459808","9","136998"
"chr10","26722317","26722604","chr10","26586323","26586610","0","135994"
"chr10","26832039","26832146","chr3","181238196","181238292","23","154406157"
"chr10","26995985","26996286","chr10","26862856","26863157","3","133129"
"chr10","27068826","27069104","chr6","5123555","5123823","47","21945271"
"chr10","27133122","27133401","chr10","27001664","27001942","3","131458"
"chr10","27133592","27133697","chr1","87599106","87599219","35","60465514"
"chr10","27191084","27191296","chr10","95561237","95561445","35","68370153"
"chr10","27281188","27281486","chr10","27153198","27153496","1","127990"
"chr10","27306252","27306540","chr10","27177267","27177567","14","128985"
"chr10","27307154","27307462","chr10","27177948","27178243","18","129206"
"chr10","27345822","27346088","chr19","2868282","2868546","34","24477540"
"chr10","27377070","27377359","chr10","27250743","27251031","1","126327"
"chr10","27489150","27489433","chr10","27363792","27364075","1","125358"
"chr10","27519862","27520163","chr16","169499","169798","40","27350363"
"chr10","27543098","27543387","chr13","56731049","56731339","38","29187951"
"chr10","27552232","27552512","chr10","27427706","27428016","33","124526"
"chr10","27559109","27559418","chr11","113668209","113668517","36","86109100"
"chr10","27585928","27585999","chr18","13216633","13216692","26","14369295"
"chr10","27660563","27660654","chr10","27537090","27537181","0","123473"
"chr10","27664563","27664789","chr10","96777563","96777787","37","69113000"
"chr10","27687041","27687116","chr17","2787814","2787901","19","24899227"
"chr10","27698850","27699145","chr10","27577229","27577524","0","121621"
"chr10","27734597","27734890","chr1","133159282","133159584","41","105424685"
"chr10","27738452","27738636","chr3","50636277","50636455","33","22897825"
"chr10","27794230","27794436","chr7","57500002","57500212","29","29705772"
"chr10","27828579","27828863","chr17","79469676","79469969","45","51641097"
"chr10","27977416","27977543","chr2A","32693701","32693835","24","4716285"
"chr10","28178640","28178969","chr6","159655895","159656215","49","131477255"
"chr10","28237857","28238174","chr17","9222070","9222375","57","19015787"
"chr10","28358055","28358155","chr14","100673591","100673682","32","72315536"
"chr10","28366418","28366549","chr6","84298883","84299012","21","55932465"
"chr10","28412229","28412353","chr18","46323703","46323831","29","17911474"
"chr10","28431794","28431911","chr2A","62538961","62539069","28","34107167"
"chr10","28435176","28435304","chr2A","32693701","32693835","27","4258525"
"chr10","28458821","28458986","chr10","28354564","28354731","3","104257"
"chr10","28497487","28497652","chr14","64560671","64560836","26","36063184"
"chr10","28602140","28602400","chr20","30359208","30359466","77","1757068"
"chr10","28617833","28618119","chr7","23770296","23770581","48","4847537"
"chr10","28638837","28638939","chr3","181238196","181238292","20","152599359"
"chr10","28654374","28654587","chr10","28552870","28553083","1","101504"
"chr10","28685795","28686091","chr10","28584274","28584570","1","101521"
"chr10","28686480","28686760","chr10","28584963","28585255","17","101517"
"chr10","28722942","28723249","chr10","28622513","28622811","9","100429"
"chr10","28798271","28798565","chr10","28702619","28702915","3","95652"
"chr10","28855818","28856089","chr10","86531421","86531686","48","57675603"
"chr10","28873547","28873725","chr10","28778533","28778725","17","95014"
"chr10","28977614","28977885","chr1","129337688","129337979","46","100360074"
"chr10","29050124","29050225","chr3","27665315","27665404","29","1384809"
"chr10","29058578","29058879","chr10","28970700","28971003","2","87878"
"chr10","29082966","29083253","chr10","28995909","28996196","1","87057"
"chr10","29161877","29161977","chr2B","142240066","142240170","29","113078189"
"chr10","29175362","29175667","chr10","29091544","29091849","2","83818"
"chr10","29210841","29210996","chr9","122658267","122658422","32","93447426"
"chr10","29219516","29219781","chr10","29136380","29136645","3","83136"
"chr10","29232703","29232982","chr9","129000152","129000423","44","99767449"
"chr10","29269934","29270226","chr10","29187952","29188245","3","81982"
"chr10","29317784","29318115","chr10","29236224","29236548","16","81560"
"chr10","29419410","29419723","chr10","29339322","29339635","0","80088"
"chr10","29560931","29561110","chr10","29483643","29483823","1","77288"
"chr10","29671992","29672126","chr13","22694842","22694978","31","6977150"
"chr10","29985754","29986047","chr10","29918288","29918576","5","67466"
"chr10","30099550","30099848","chr1","129934008","129934308","27","99834458"
"chr10","30127176","30127369","chr10","30060725","30060918","0","66451"
"chr10","30130370","30130657","chr10","30063922","30064209","1","66448"
"chr10","30142245","30142538","chr10","30077562","30077861","9","64683"
"chr10","30153852","30153971","chr20","16652596","16652702","29","13501256"
"chr10","30198535","30198840","chr10","30135608","30135913","0","62927"
"chr10","30273961","30274247","chr10","30213842","30214131","6","60119"
"chr10","30423059","30423350","chr5","128546206","128546506","46","98123147"
"chr10","30460500","30460792","chr10","30404694","30404988","4","55806"
"chr10","30506285","30506409","chr5","172392908","172393028","27","141886623"
"chr10","30560209","30560496","chr1","122320591","122320876","52","91760382"
"chr10","30572872","30573181","chr19","12387893","12388192","39","18184979"
"chr10","30606707","30606994","chr5","78669553","78669844","35","48062846"
"chr10","30609304","30609486","chr10","30555753","30555941","8","53551"
"chr10","30813890","30814170","chr17","1748555","1748835","30","29065335"
"chr10","30991228","30991515","chr10","30955302","30955608","21","35926"
"chr10","30994497","30994792","chr10","30958571","30958868","11","35926"
"chr10","31045899","31046061","chrX","155632548","155632709","24","124586649"
"chr10","31046373","31046436","chr1","130379185","130379250","17","99332812"
"chr10","31098041","31098315","chr22","38127737","38127998","76","7029696"
"chr10","31098856","31099162","chr10","31068131","31068439","19","30725"
"chr10","31136490","31136789","chr10","31106009","31106310","5","30481"
"chr10","31286343","31286457","chr3","181238196","181238292","31","149951853"
"chr10","31326784","31327094","chr10","31296119","31296438","11","30665"
"chr10","31372237","31372544","chr10","31342264","31342572","3","29973"
"chr10","31464352","31464643","chr10","31436742","31437035","5","27610"
"chr10","31530389","31530696","chr10","31503138","31503459","17","27251"
"chr10","31570129","31570425","chr10","31542954","31543249","1","27175"
"chr10","31586727","31587038","chr10","31559571","31559880","4","27156"
"chr10","31892247","31892467","chr10","31621707","31621932","6","270540"
"chr10","32064461","32064753","chr10","31796523","31796818","5","267938"
"chr10","32292936","32293219","chr10","32030628","32030913","3","262308"
"chr10","32382757","32383012","chr10","32120340","32120593","3","262417"
"chr10","32587204","32587306","chr22","33938435","33938535","16","1351231"
"chr10","32601120","32601181","chr5","6432148","6432210","17","26168972"
"chr10","32647642","32647932","chr6","42795273","42795565","51","10147631"
"chr10","32657884","32658172","chr10","32398116","32398404","0","259768"
"chr10","32659682","32659983","chr10","32399892","32400194","7","259790"
"chr10","32762882","32762982","chr3","181238196","181238292","27","148475314"
"chr10","32782030","32782337","chr10","32521131","32521437","2","260899"
"chr10","32813920","32814257","chr7","131421391","131421726","46","98607471"
"chr10","32880077","32880370","chr10","32616159","32616453","4","263918"
"chr10","32894628","32894736","chr2B","205936995","205937106","26","173042367"
"chr10","32954837","32955145","chr10","32692616","32692925","4","262221"
"chr10","32962556","32962636","chr3","181238196","181238292","32","148275640"
"chr10","32969872","32970198","chr16","62880616","62880932","56","29910744"
"chr10","32973716","32973936","chrX","77616848","77617066","32","44643132"
"chr10","33165118","33165427","chr10","32905257","32905566","7","259861"
"chr10","33561435","33561551","chr5","172392908","172393028","30","138831473"
"chr10","33672293","33672592","chr10","33419160","33419462","5","253133"
"chr10","33693054","33693327","chr10","33440264","33440567","30","252790"
"chr10","33740451","33740697","chr10","33490173","33490419","3","250278"
"chr10","33872942","33873231","chr10","33624061","33624350","1","248881"
"chr10","33897399","33897691","chr10","33648556","33648859","12","248843"
"chr10","33918054","33918348","chr10","33669248","33669542","2","248806"
"chr10","34024674","34024969","chr11","81612582","81612877","37","47587908"
"chr10","34194287","34194601","chr4","156483644","156483959","34","122289357"
"chr10","34241214","34241493","chr5","17484492","17484767","47","16756722"
"chr10","34433826","34433986","chr10","34192139","34192292","25","241687"
"chr10","34574423","34574730","chr10","34334209","34334521","7","240214"
"chr10","34609175","34609313","chr10","34368711","34368849","2","240464"
"chr10","34634927","34635223","chr10","34397164","34397461","3","237763"
"chr10","34658514","34658817","chr10","34424337","34424635","6","234177"
"chr10","34707024","34707138","chr7","112797358","112797487","33","78090334"
"chr10","34737141","34737192","chr8","90198877","90198926","8","55461736"
"chr10","35052925","35053223","chr10","34822327","34822626","1","230598"
"chr10","35125478","35125782","chr10","34896289","34896594","9","229189"
"chr10","35209265","35209555","chr10","34980311","34980601","0","228954"
"chr10","35242132","35242422","chr10","35013295","35013586","2","228837"
"chr10","35295872","35296173","chr3","173983076","173983369","53","138687204"
"chr10","35336257","35336303","chr19","50868393","50868436","10","15532136"
"chr10","35411570","35411664","chr14","100673591","100673682","18","65262021"
"chr10","35466387","35466591","chr10","35244385","35244589","1","222002"
"chr10","35475576","35475874","chr10","35253592","35253895","7","221984"
"chr10","35503712","35504011","chr10","35282269","35282568","1","221443"
"chr10","35530064","35530368","chr10","35309613","35309902","16","220451"
"chr10","35541706","35541812","chr6","108298721","108298814","23","72757015"
"chr10","35560783","35561035","chr12","124055811","124056063","37","88495028"
"chr10","35595170","35595309","chr10","35376893","35377032","3","218277"
"chr10","35609272","35609378","chr6","3875758","3875866","15","31733514"
"chr10","35610458","35610756","chr10","35392772","35393072","5","217686"
"chr10","35622973","35623273","chr10","35405574","35405874","0","217399"
"chr10","35630445","35630571","chr19","13078691","13078823","20","22551754"
"chr10","35638843","35638923","chr8","46091691","46091777","22","10452848"
"chr10","35679611","35679903","chr10","35462487","35462780","2","217124"
"chr10","35735033","35735315","chr10","35520826","35521127","21","214207"
"chr10","35819167","35819385","chr10","35605471","35605689","1","213696"
"chr10","35945547","35945845","chr5","143100063","143100359","38","107154516"
"chr10","35957961","35958055","chr14","100673591","100673682","19","64715630"
"chr10","35980789","35981124","chr10","35768136","35768442","34","212653"
"chr10","36018178","36018553","chr8","4397723","4398091","80","31620455"
"chr10","36268186","36268488","chr10","36056833","36057136","4","211353"
"chr10","36416847","36417146","chr10","119148424","119148729","48","82731577"
"chr10","36662987","36663252","chr10","36459064","36459334","7","203923"
"chr10","36945865","36946044","chr10","36744745","36744919","8","201120"
"chr10","37120815","37121114","chr10","36924343","36924644","3","196472"
"chr10","37136269","37136562","chr10","36939893","36940187","2","196376"
"chr10","37160790","37161098","chr7","46208413","46208718","43","9047623"
"chr10","37311502","37311810","chr10","37119562","37119868","2","191940"
"chr10","37338522","37338614","chr12","12586014","12586108","13","24752508"
"chr10","37351933","37352229","chr10","37162585","37162882","2","189348"
"chr10","37361908","37362214","chr10","37172889","37173186","45","189019"
"chr10","37365090","37365386","chr10","37176803","37177103","7","188287"
"chr10","37452548","37452836","chr10","37266744","37267037","7","185804"
"chr10","37457699","37457989","chr10","37271908","37272198","2","185791"
"chr10","37462454","37462764","chr10","37277178","37277488","2","185276"
"chr10","37464808","37465084","chr10","37279527","37279804","3","185281"
"chr10","37482856","37483147","chr1","14605331","14605623","45","22877525"
"chr10","37505604","37505904","chr10","37322226","37322525","5","183378"
"chr10","37705659","37705970","chr10","37563541","37563851","8","142118"
"chr10","37817815","37818120","chr10","37675225","37675527","3","142590"
"chr10","37968972","37969303","chr10","37847502","37847805","28","121470"
"chr10","38060010","38060151","chr10","37989038","37989179","1","70972"
"chr10","38108261","38108369","chr3","181238196","181238292","28","143129935"
"chr10","38305735","38306003","chr10","38236598","38236866","0","69137"
"chr10","38348693","38348954","chr4","131216862","131217128","39","92868169"
"chr10","38396625","38396913","chr10","38329277","38329567","2","67348"
"chr10","38407683","38407800","chr2B","210790127","210790232","26","172382444"
"chr10","38465626","38465717","chr12","31242059","31242152","10","7223567"
"chr10","38468669","38468949","chr10","38403814","38404119","27","64855"
"chr10","38472020","38472317","chr10","38407200","38407510","14","64820"
"chr10","38492227","38492524","chr10","38427717","38428017","3","64510"
"chr10","38550135","38550425","chr10","38488326","38488619","4","61809"
"chr10","38566262","38566547","chrX","47844690","47844969","48","9278428"
"chr10","38584884","38585175","chr10","38524540","38524831","1","60344"
"chr10","38588674","38588717","chr4","158528568","158528610","13","119939894"
"chr10","38618898","38619209","chr10","38558541","38558852","3","60357"
"chr10","38641132","38641430","chr10","38580746","38581045","2","60386"
"chr10","38662032","38662323","chr10","38601864","38602150","6","60168"
"chr10","38698498","38698792","chr10","38639354","38639650","2","59144"
"chr10","38701127","38701409","chr10","38641985","38642269","2","59142"
"chr10","38821372","38821541","chr10","89277493","89277666","31","50456121"
"chr10","42560088","42560381","chr10","42228461","42228755","2","331627"
"chr10","42573430","42573738","chr10","42241802","42242113","5","331628"
"chr10","42709117","42709416","chr10","42379169","42379470","2","329948"
"chr10","42711715","42712008","chr10","38639354","38639650","44","4072361"
"chr10","42712184","42712494","chr1","67555887","67556196","38","24843703"
"chr10","42749079","42749250","chr19","11478232","11478404","29","31270847"
"chr10","42769529","42769831","chr10","42442136","42442439","1","327393"
"chr10","42794789","42795104","chr10","42467600","42467910","5","327189"
"chr10","42802892","42803143","chr3","164728655","164728916","59","121925763"
"chr10","42853348","42853651","chr10","42526497","42526804","8","326851"
"chr10","42908615","42908825","chr4","131278699","131278912","36","88370084"
"chr10","42925885","42926107","chr8","6648750","6648974","40","36277135"
"chr10","43026185","43026480","chr10","42701373","42701677","16","324812"
"chr10","43043653","43043948","chr10","42719639","42719935","2","324014"
"chr10","43520867","43521050","chr4","52108143","52108336","45","8587276"
"chr10","43529723","43529808","chr1","164037616","164037689","21","120507893"
"chr10","43529950","43530245","chr10","43220807","43221103","4","309143"
"chr10","43533867","43534164","chr4","186887926","186888220","16","143354059"
"chr10","43554422","43554594","chr1","215346410","215346578","39","171791988"
"chr10","43590337","43590628","chr10","43281596","43281893","7","308741"
"chr10","43625650","43625749","chr11","20358123","20358224","18","23267527"
"chr10","43631281","43631433","chr1","226232780","226232939","24","182601499"
"chr10","43667632","43667930","chr10","43362601","43362911","13","305031"
"chr10","43712102","43712397","chr12","109274804","109275098","38","65562702"
"chr10","43778494","43778785","chr10","43484406","43484699","2","294088"
"chr10","43813341","43813545","chr10","43519870","43520087","14","293471"
"chr10","44145952","44146263","chr10","43861194","43861502","6","284758"
"chr10","44311618","44311908","chr1","95788952","95789236","64","51477334"
"chr10","44362006","44362300","chr10","44086024","44086318","1","275982"
"chr10","44522644","44522791","chr3","87640021","87640174","24","43117377"
"chr10","44667978","44668176","chr17","73441364","73441560","25","28773386"
"chr10","44806175","44806428","chr18","20287227","20287465","58","24518948"
"chr10","44825604","44825888","chr10","44554252","44554534","3","271352"
"chr10","44973989","44974293","chr10","44704468","44704774","3","269521"
"chr10","45014753","45015046","chr10","44748080","44748376","6","266673"
"chr10","45257899","45258140","chr10","44996740","44996997","16","261159"
"chr10","45269111","45269193","chr14","100673591","100673682","26","55404480"
"chr10","45336227","45336520","chr10","45075211","45075504","1","261016"
"chr10","45337006","45337102","chrUn_GL395309","5680","5773","12","45331326"
"chr10","45383050","45383353","chr5","161069586","161069884","50","115686536"
"chr10","45393891","45394104","chr10","45133379","45133595","5","260512"
"chr10","45406565","45406704","chr2A","32693701","32693835","22","12712864"
"chr10","45552482","45552793","chr10","45295382","45295692","12","257100"
"chr10","45637946","45638055","chr14","100673591","100673682","30","55035645"
"chr10","45870377","45870612","chr5","62606469","62606706","32","16736092"
"chr10","45880453","45880752","chr10","45627253","45627553","1","253200"
"chr10","45892629","45892938","chr10","45639651","45639942","18","252978"
"chr10","46501739","46501964","chr2B","228850731","228850955","34","182348992"
"chr10","46519079","46519419","chr2A","44987491","44987831","68","1531588"
"chr10","46771912","46772228","chr10","46410729","46411047","4","361183"
"chr10","46844449","46844757","chr2A","48195784","48196093","34","1351335"
"chr10","47496045","47496291","chr10","47127407","47127651","4","368638"
"chr10","47542668","47542838","chrX","40680414","40680584","31","6862254"
"chr10","48991081","48991395","chr10","48613659","48613972","4","377422"
"chr10","49260180","49260473","chr10","48892095","48892388","3","368085"
"chr10","49350465","49350760","chr10","48982304","48982604","5","368161"
"chr10","49385267","49385410","chr11","46694965","46695109","27","2690302"
"chr10","49677138","49677448","chr10","49291846","49292150","8","385292"
"chr10","49828153","49828464","chr10","49448442","49448751","4","379711"
"chr10","49833199","49833440","chr10","49453464","49453738","36","379735"
"chr10","49866113","49866247","chr2A","32693701","32693835","27","17172412"
"chr10","50007019","50007333","chr10","49631989","49632303","1","375030"
"chr10","50198164","50198467","chr10","49825297","49825600","0","372867"
"chr10","50199179","50199456","chr10","49826308","49826585","0","372871"
"chr10","50235489","50235783","chr10","49863073","49863383","17","372416"
"chr10","50296638","50296928","chr10","49924888","49925194","38","371750"
"chr10","50513514","50513672","chr10","50152353","50152511","1","361161"
"chr10","50529104","50529208","chr1","182725129","182725248","34","132196025"
"chr10","50689812","50690108","chr19","46368053","46368350","30","4321759"
"chr10","50698131","50698435","chr10","50338013","50338320","3","360118"
"chr10","50749405","50749712","chr10","50390688","50390997","4","358717"
"chr10","50776760","50777065","chr10","50418238","50418545","4","358522"
"chr10","50958669","50958957","chr10","50599938","50600218","12","358731"
"chr10","51049736","51050033","chr10","50688866","50689162","1","360870"
"chr10","51421899","51422206","chr10","51075316","51075626","8","346583"
"chr10","51439347","51439632","chr9","33729184","33729467","38","17710163"
"chr10","51459296","51459608","chr10","51112633","51112949","5","346663"
"chr10","51481591","51481886","chr10","51135027","51135323","1","346564"
"chr10","51512478","51512781","chr6","138446760","138447068","46","86934282"
"chr10","51843695","51843992","chr10","51498522","51498819","1","345173"
"chr10","51867644","51867777","chr12","6546624","6546764","27","45321020"
"chr10","52173020","52173309","chr10","51836678","51836967","0","336342"
"chr10","52642695","52642967","chr10","52238780","52239053","3","403915"
"chr10","52675773","52675927","chr10","52272121","52272277","7","403652"
"chr10","52839812","52840107","chr10","52420812","52421114","7","419000"
"chr10","53048739","53048871","chr22","29986743","29986878","36","23061996"
"chr10","53339108","53339421","chr10","52886559","52886873","6","452549"
"chr10","53431978","53432288","chr10","52981474","52981785","4","450504"
"chr10","53446822","53447133","chr10","52996864","52997178","7","449958"
"chr10","53558085","53558205","chr10","53113493","53113612","4","444592"
"chr10","53578661","53578938","chr15","96900737","96901020","50","43322076"
"chr10","53769470","53769767","chrX","22153884","22154179","43","31615586"
"chr10","53923440","53923733","chr17","76310131","76310418","51","22386691"
"chr10","53948002","53948090","chr17","13332748","13332838","16","40615254"
"chr10","53978130","53978440","chr10","53551101","53551414","7","427029"
"chr10","54221485","54221765","chr10","53763295","53763575","0","458190"
"chr10","54348827","54349123","chr10","53891318","53891613","1","457509"
"chr10","54419775","54420037","chr7","133151796","133152064","70","78732021"
"chr10","54584299","54584411","chr14","35268910","35269034","29","19315389"
"chr10","54720058","54720363","chr10","54273985","54274286","4","446073"
"chr10","54798009","54798290","chr10","54352354","54352645","11","445655"
"chr10","55059612","55059904","chr10","54622046","54622354","18","437566"
"chr10","55207141","55207426","chr10","54774464","54774749","0","432677"
"chr10","55337029","55337131","chr14","100673591","100673682","22","45336562"
"chr10","55543406","55543495","chr12","36296792","36296880","11","19246614"
"chr10","55671250","55671561","chr10","55247280","55247591","25","423970"
"chr10","55701877","55701966","chr3","181238196","181238292","26","125536319"
"chr10","55993088","55993365","chr10","55567049","55567326","3","426039"
"chr10","56849323","56849632","chr10","56432334","56432643","1","416989"
"chr10","57004710","57005028","chr10","56592586","56592902","9","412124"
"chr10","57010856","57011166","chr6","128702959","128703258","49","71692103"
"chr10","57023622","57023921","chr10","56611456","56611755","0","412166"
"chr10","57070707","57071008","chr10","56658147","56658452","6","412560"
"chr10","57090688","57090984","chr10","56678168","56678464","2","412520"
"chr10","57145880","57146181","chr10","56733881","56734174","23","411999"
"chr10","57239878","57240128","chr10","56829944","56830194","0","409934"
"chr10","57461982","57462151","chr10","57047157","57047321","6","414825"
"chr10","57546157","57546450","chr10","57131550","57131845","4","414607"
"chr10","57610503","57610807","chr10","57196120","57196424","0","414383"
"chr10","57700243","57700525","chr10","57286440","57286741","30","413803"
"chr10","57945735","57945915","chr10","57532871","57533043","8","412864"
"chr10","57971868","57971981","chr20","16652596","16652702","20","41319272"
"chr10","58086663","58086936","chr10","57677784","57678058","3","408879"
"chr10","58102756","58103032","chr10","57694234","57694518","21","408522"
"chr10","58436911","58437007","chr3","101999907","102000000","18","43562996"
"chr10","58487846","58488155","chr10","58088413","58088725","3","399433"
"chr10","58503199","58503501","chr7","139691619","139691918","48","81188420"
"chr10","58602145","58602456","chr10","58204502","58204813","0","397643"
"chr10","58611064","58611357","chr10","58213430","58213725","4","397634"
"chr10","58831972","58832282","chr10","58440347","58440638","19","391625"
"chr10","58852028","58852161","chr13","22694842","22694978","28","36157186"
"chr10","58874146","58874446","chr1","24750676","24750979","37","34123470"
"chr10","59353724","59354005","chr5","170735650","170735937","41","111381926"
"chr10","59429285","59429470","chr10","58935820","58936005","0","493465"
"chr10","59450655","59450994","chr10","58957213","58957555","5","493442"
"chr10","59769072","59769360","chr10","59278067","59278355","0","491005"
"chr10","59776496","59776794","chr10","59285496","59285796","10","491000"
"chr10","60180779","60181077","chr10","59695003","59695302","5","485776"
"chr10","60212658","60212943","chr2B","214534476","214534761","57","154321818"
"chr10","60313353","60313653","chr10","59831312","59831606","8","482041"
"chr10","60374003","60374307","chr10","59892561","59892862","5","481442"
"chr10","60716103","60716412","chr10","60238837","60239146","7","477266"
"chr10","61131211","61131486","chr10","60660195","60660470","0","471016"
"chr10","61168127","61168415","chr10","60697108","60697404","14","471019"
"chr10","61195962","61196087","chr10","60724086","60724211","0","471876"
"chr10","61270228","61270437","chr17","54503313","54503512","48","6766915"
"chr10","61345704","61345963","chr10","60876875","60877131","3","468829"
"chr10","61529903","61530187","chr10","61062085","61062367","2","467818"
"chr10","61871382","61871465","chr15","68008805","68008888","11","6137423"
"chr10","61904404","61904712","chr10","61446239","61446549","5","458165"
"chr10","61960191","61960500","chr1","21949805","21950110","21","40010386"
"chr10","61979734","61980024","chr10","61524123","61524416","6","455611"
"chr10","62043749","62043852","chr22","33938435","33938535","18","28105314"
"chr10","62069806","62070084","chr6","111430994","111431261","49","49361188"
"chr10","62092433","62092726","chr12","61508381","61508672","35","584052"
"chr10","62122470","62122730","chrX","1534216","1534474","34","60588254"
"chr10","62159818","62160123","chr10","61708340","61708645","0","451478"
"chr10","62192259","62192327","chr17","4261422","4261478","28","57930837"
"chr10","62195888","62195969","chr3","46579108","46579189","6","15616780"
"chr10","62224280","62224577","chr10","61772418","61772716","2","451862"
"chr10","62234407","62234566","chr11","74831388","74831549","24","12596981"
"chr10","62375192","62375305","chr3","181143385","181143493","21","118768193"
"chr10","62441124","62441417","chr10","61993265","61993561","4","447859"
"chr10","62562047","62562339","chr10","62117600","62117893","2","444447"
"chr10","62607231","62607342","chr6","159074849","159074952","25","96467618"
"chr10","62627774","62627886","chr8","26723415","26723536","26","35904359"
"chr10","62804082","62804309","chr10","62362699","62362926","2","441383"
"chr10","62854290","62854367","chr11","8774884","8774956","23","54079406"
"chr10","62917621","62917761","chr10","62478140","62478280","0","439481"
"chr10","63134414","63134551","chr2A","107195506","107195649","22","44061092"
"chr10","63247430","63247740","chr10","62801425","62801735","0","446005"
"chr10","63588415","63588723","chr10","63164653","63164966","8","423762"
"chr10","63737262","63737563","chr8","126544604","126544911","51","62807342"
"chr10","63765298","63765595","chr10","63344950","63345248","3","420348"
"chr10","63904167","63904305","chr6","84298883","84299012","38","20394716"
"chr10","64000001","64000083","chr10","102537049","102537135","11","38537048"
"chr10","64002110","64002412","chr10","63583384","63583685","17","418726"
"chr10","64433268","64433426","chr10","64043895","64044051","4","389373"
"chr10","64628944","64629246","chr10","64245307","64245609","4","383637"
"chr10","65070429","65070714","chr10","64695539","64695824","1","374890"
"chr10","65089211","65089521","chr10","64714332","64714642","4","374879"
"chr10","65095432","65095728","chr10","64720551","64720847","3","374881"
"chr10","65105185","65105518","chr3","198852609","198852925","71","133747424"
"chr10","65112791","65113105","chr10","64738065","64738379","3","374726"
"chr10","65154881","65155180","chr10","64780870","64781170","3","374011"
"chr10","65169226","65169530","chr10","64795944","64796247","2","373282"
"chr10","65256731","65257021","chr10","64888033","64888324","1","368698"
"chr10","65320878","65321161","chr7","29178187","29178477","53","36142691"
"chr10","65508652","65508976","chr10","65133060","65133385","2","375592"
"chr10","65531703","65532008","chr10","65156143","65156450","4","375560"
"chr10","65569282","65569580","chr10","65193701","65193998","3","375581"
"chr10","65769623","65769909","chr10","65403238","65403524","2","366385"
"chr10","65847654","65847778","chr16","73743066","73743197","27","7895412"
"chr10","66308354","66308649","chr10","65947628","65947923","1","360726"
"chr10","66415641","66415942","chr10","66055849","66056159","10","359792"
"chr10","66463486","66463760","chr10","66104344","66104619","2","359142"
"chr10","66516558","66516731","chr1","29277911","29278085","28","37238647"
"chr10","66521468","66521568","chr3","181238196","181238292","28","114716728"
"chr10","66592713","66593001","chr10","66237630","66237919","2","355083"
"chr10","66622838","66623116","chr10","66267940","66268218","0","354898"
"chr10","66639942","66640073","chr13","20200286","20200416","14","46439656"
"chr10","66649046","66649185","chr2A","32693701","32693835","24","33955345"
"chr10","66649741","66649998","chr10","12880632","12880890","36","53769109"
"chr10","66650286","66650591","chr10","66295196","66295503","3","355090"
"chr10","66655152","66655446","chr10","66300825","66301120","2","354327"
"chr10","66667229","66667393","chr18","76218692","76218855","26","9551463"
"chr10","66667680","66667816","chr3","5208433","5208571","20","61459247"
"chr10","66697808","66697997","chr4","153385655","153385852","54","86687847"
"chr10","66743390","66743520","chr10","66388935","66389065","0","354455"
"chr10","66755180","66755477","chr5","39126716","39127012","34","27628464"
"chr10","66780058","66780287","chr10","66425749","66425978","4","354309"
"chr10","66826279","66826565","chr10","66473265","66473552","3","353014"
"chr10","66833615","66833912","chr10","66480607","66480906","3","353008"
"chr10","66840058","66840358","chr10","66487044","66487344","5","353014"
"chr10","66846431","66846711","chr2B","121671410","121671704","58","54824979"
"chr10","66850569","66850849","chr10","66497881","66498164","6","352688"
"chr10","66858181","66858493","chr10","66505516","66505833","7","352665"
"chr10","66858924","66859213","chr10","66506243","66506552","21","352681"
"chr10","66860153","66860399","chr10","47127407","47127651","42","19732746"
"chr10","66953629","66953759","chr15","81017045","81017179","23","14063416"
"chr10","67015042","67015182","chr4","28030717","28030863","28","38984325"
"chr10","67066602","67066775","chr1","216420076","216420242","28","149353474"
"chr10","67093136","67093433","chr10","66754503","66754803","4","338633"
"chr10","67094202","67094490","chr10","66755572","66755861","3","338630"
"chr10","67111178","67111473","chr10","66773695","66773990","0","337483"
"chr10","67134082","67134379","chr10","66797382","66797679","1","336700"
"chr10","67145472","67145610","chr16","59422537","59422667","38","7722935"
"chr10","67153384","67153516","chr10","66816670","66816803","1","336714"
"chr10","67178258","67178557","chr10","66846020","66846331","12","332238"
"chr10","67223318","67223562","chr17","81370742","81370983","31","14147424"
"chr10","67242798","67243045","chr10","66912388","66912635","5","330410"
"chr10","67258679","67258898","chr10","66925922","66926142","2","332757"
"chr10","67259870","67260041","chr10","66927479","66927650","1","332391"
"chr10","67267330","67267626","chr18","18750660","18750952","6","48516670"
"chr10","67567292","67567384","chrUn_GL395309","5680","5773","14","67561612"
"chr10","67567933","67568078","chr10","67006655","67006795","5","561278"
"chr10","67603960","67604233","chr3","194983940","194984211","52","127379980"
"chr10","67642055","67642186","chr7","156274717","156274856","28","88632662"
"chr10","67670509","67670773","chr10","86531421","86531686","39","18860912"
"chr10","67672567","67672679","chr2B","199271339","199271453","28","131598772"
"chr10","67677039","67677123","chr14","100673591","100673682","25","32996552"
"chr10","67700770","67701141","chr10","92647388","92647762","86","24946618"
"chr10","67712578","67712743","chr10","67156127","67156297","7","556451"
"chr10","67716881","67717171","chr10","67160620","67160924","19","556261"
"chr10","67722978","67723277","chr10","67166418","67166714","6","556560"
"chr10","67748723","67749013","chr10","67193904","67194194","1","554819"
"chr10","67760388","67760699","chr10","67206698","67207009","4","553690"
"chr10","67773315","67773609","chr10","67219737","67220027","6","553578"
"chr10","67817034","67817159","chr5","172392908","172393028","31","104575874"
"chr10","67831399","67831707","chr10","67280307","67280616","7","551092"
"chr10","67844424","67844691","chr16","67924356","67924612","36","79932"
"chr10","67923692","67923995","chr4","54106242","54106543","45","13817450"
"chr10","67927211","67927506","chr10","67387408","67387719","31","539803"
"chr10","67956409","67956532","chr10","67415924","67416049","3","540485"
"chr10","67998904","67999002","chr10","67459962","67460060","2","538942"
"chr10","68011872","68011985","chr20","16652596","16652702","27","51359276"
"chr10","68015834","68016110","chr10","67476736","67477012","2","539098"
"chr10","68022296","68022421","chr16","73743066","73743197","32","5720770"
"chr10","68082470","68082772","chr10","67543743","67544045","3","538727"
"chr10","68090923","68091232","chr10","67552346","67552687","32","538577"
"chr10","68130819","68131086","chr10","67594480","67594748","1","536339"
"chr10","68212970","68213240","chr1","124399374","124399636","38","56186404"
"chr10","68244726","68245017","chr10","67712506","67712797","1","532220"
"chr10","68324681","68324976","chr10","67800729","67801027","4","523952"
"chr10","68544873","68545185","chr10","68027488","68027799","2","517385"
"chr10","68661894","68662006","chr1","35354882","35354997","21","33307012"
"chr10","69030048","69030358","chr10","112385618","112385927","34","43355570"
"chr10","69174070","69174381","chr10","68673464","68673775","0","500606"
"chr10","69193630","69193919","chr10","68693255","68693544","2","500375"
"chr10","69199106","69199257","chr13","30738071","30738220","17","38461035"
"chr10","69218596","69218889","chr10","68719119","68719412","2","499477"
"chr10","69238087","69238366","chr10","68739110","68739408","19","498977"
"chr10","69275890","69276182","chr10","68775208","68775500","0","500682"
"chr10","69370868","69371026","chr8","107433929","107434080","28","38063061"
"chr10","69372057","69372162","chr20","16652596","16652702","21","52719461"
"chr10","69372707","69372990","chr10","68875934","68876218","1","496773"
"chr10","69403411","69403477","chr7","65104568","65104644","16","4298843"
"chr10","69441518","69441820","chr10","68945750","68946052","0","495768"
"chr10","69464024","69464157","chr1","6844228","6844361","23","62619796"
"chr10","69468277","69468372","chr3","181238196","181238292","23","111769919"
"chr10","69470814","69471035","chr7","55510558","55510771","38","13960256"
"chr10","69531111","69531406","chr10","69041473","69041770","5","489638"
"chr10","69636830","69637055","chr16","14789396","14789614","31","54847434"
"chr10","69659149","69659456","chr10","69167815","69168125","4","491334"
"chr10","70107717","70108022","chr10","69628500","69628805","2","479217"
"chr10","70358884","70358980","chr9","80389825","80389922","15","10030941"
"chr10","70423584","70423865","chr1","61948807","61949086","37","8474777"
"chr10","70832829","70832997","chr8","128657265","128657427","36","57824436"
"chr10","70845779","70845922","chr10","70382677","70382820","0","463102"
"chr10","70863186","70863288","chr1","160944586","160944680","23","90081400"
"chr10","70864939","70865116","chr6","31499828","31500000","24","39365111"
"chr10","70880970","70881142","chr16","66115499","66115667","38","4765471"
"chr10","70893693","70893799","chr20","16652596","16652702","22","54241097"
"chr10","71014016","71014120","chr22","33938435","33938535","17","37075581"
"chr10","71028104","71028392","chr10","70568698","70568986","1","459406"
"chr10","71037621","71037852","chr10","70578220","70578451","1","459401"
"chr10","71126152","71126425","chr1","180920059","180920333","39","109793907"
"chr10","71162301","71162600","chr10","70704437","70704741","7","457864"
"chr10","71174770","71174856","chr8","46091691","46091777","21","25083079"
"chr10","71184151","71184461","chr10","70728287","70728594","15","455864"
"chr10","71190678","71190807","chr4","183166417","183166547","12","111975739"
"chr10","71245914","71246055","chr2A","32693701","32693835","23","38552213"
"chr10","71291831","71292124","chr2A","63086723","63087016","24","8205108"
"chr10","71333114","71333240","chr5","172392908","172393028","24","101059794"
"chr10","71362721","71362970","chr10","70914692","70914941","0","448029"
"chr10","71389969","71390039","chr17","4261422","4261478","24","67128547"
"chr10","71391228","71391448","chr10","122994314","122994537","37","51603086"
"chr10","71519906","71520008","chr3","181238196","181238292","19","109718290"
"chr10","71581572","71581858","chr13","100447486","100447771","33","28865914"
"chr10","71581911","71581939","chr12","8241499","8241528","11","63340412"
"chr10","71620313","71620611","chr10","71170945","71171243","1","449368"
"chr10","71627346","71627556","chr16","82311128","82311342","40","10683782"
"chr10","71653574","71653765","chr4","52108143","52108336","39","19545431"
"chr10","71677176","71677477","chr10","71229807","71230108","3","447369"
"chr10","71681170","71681428","chr10","71232272","71232531","3","448898"
"chr10","71713134","71713287","chr1","17333377","17333534","17","54379757"
"chr10","71714781","71715081","chr10","71267219","71267520","3","447562"
"chr10","71756473","71756611","chr8","92789181","92789323","22","21032708"
"chr10","71853019","71853114","chr10","71415105","71415200","1","437914"
"chr10","71857942","71858240","chr10","71420011","71420309","0","437931"
"chr10","71859965","71860255","chr10","71422453","71422746","4","437512"
"chr10","72044990","72045279","chr3","125813861","125814159","50","53768871"
"chr10","72135361","72135484","chr5","172392908","172393028","23","100257547"
"chr10","72277390","72277531","chr12","95708278","95708420","27","23430888"
"chr10","72281340","72281640","chr10","71865312","71865604","9","416028"
"chr10","72383288","72383582","chr10","71969805","71970106","7","413483"
"chr10","72498721","72499016","chr10","72089268","72089569","8","409453"
"chr10","72516142","72516372","chr1","109299295","109299507","42","36783153"
"chr10","72517102","72517215","chr5","172392908","172393028","19","99875806"
"chr10","72531782","72532074","chr10","72122105","72122396","2","409677"
"chr10","72562642","72562856","chr1","31209520","31209734","36","41353122"
"chr10","72613409","72613714","chr10","72205554","72205859","0","407855"
"chr10","72634138","72634433","chr5","83570135","83570428","37","10935997"
"chr10","72655906","72656200","chr10","72249174","72249474","9","406732"
"chr10","73018821","73019121","chr10","72402352","72402652","2","616469"
"chr10","73070081","73070278","chr10","72455222","72455421","2","614859"
"chr10","73091162","73091447","chr3","71002455","71002740","44","2088707"
"chr10","73091478","73091504","chr1","28547144","28547162","11","44544334"
"chr10","73097855","73098164","chr10","72484894","72485205","5","612961"
"chr10","73124381","73124674","chr10","72512884","72513185","9","611497"
"chr10","73146180","73146474","chr10","72534853","72535149","2","611327"
"chr10","73156140","73156439","chr10","72545463","72545763","2","610677"
"chr10","73169180","73169471","chr12","39081722","39082018","38","34087458"
"chr10","73244183","73244477","chr10","72635364","72635661","6","608819"
"chr10","73317933","73318207","chr8","26747202","26747461","64","46570731"
"chr10","73321927","73322232","chr10","72713996","72714301","0","607931"
"chr10","73324516","73324809","chr10","72716830","72717125","3","607686"
"chr10","73333052","73333367","chr10","72725631","72725950","19","607421"
"chr10","73336012","73336307","chr10","72728594","72728888","2","607418"
"chr10","73340934","73341209","chr15","18689601","18689881","69","54651333"
"chr10","73358208","73358347","chr2A","32693701","32693835","28","40664507"
"chr10","73492554","73492851","chr10","72887386","72887689","7","605168"
"chr10","73627069","73627172","chr10","73023086","73023189","4","603983"
"chr10","73791160","73791249","chr3","181238196","181238292","30","107447036"
"chr10","73862225","73862527","chr10","73256636","73256939","3","605589"
"chr10","73884647","73884935","chr1","161348149","161348433","45","87463502"
"chr10","73969123","73969420","chr10","73365084","73365382","4","604039"
"chr10","73983483","73983576","chr9","80389825","80389922","12","6406342"
"chr10","73984550","73984672","chr6","156423498","156423620","14","82438948"
"chr10","74046605","74046867","chr1","28571886","28572148","34","45474719"
"chr10","74049557","74049860","chr21","16287736","16288044","49","57761821"
"chr10","74071539","74071780","chr10","73472253","73472493","1","599286"
"chr10","74129186","74129482","chr5","60225819","60226111","28","13903367"
"chr10","74199775","74200068","chr10","73601162","73601463","14","598613"
"chr10","74310090","74310385","chr12","112586638","112586935","53","38276548"
"chr10","74316922","74317262","chr10","73719383","73719724","1","597539"
"chr10","74355688","74355984","chr4","167882463","167882760","30","93526775"
"chr10","74397276","74397561","chr10","73802167","73802423","29","595109"
"chr10","74436536","74436646","chr22","33938435","33938535","22","40498101"
"chr10","74495404","74495705","chr10","73904268","73904569","1","591136"
"chr10","74506515","74506604","chr14","100673591","100673682","24","26167076"
"chr10","75063621","75063923","chr10","74478459","74478761","2","585162"
"chr10","75366018","75366312","chr10","74783830","74784125","3","582188"
"chr10","75371459","75371753","chr11","109891460","109891759","36","34520001"
"chr10","75517835","75518130","chr10","74936724","74937027","10","581111"
"chr10","75945374","75945608","chr10","75366495","75366729","5","578879"
"chr10","75955873","75956123","chr10","75377010","75377259","2","578863"
"chr10","76340742","76340924","chr10","75758741","75758923","0","582001"
"chr10","76406463","76406758","chr10","75823012","75823309","4","583451"
"chr10","76453964","76454244","chr10","75870543","75870813","21","583421"
"chr10","76743157","76743467","chr1","163186794","163187102","37","86443637"
"chr10","76880185","76880363","chr1","29277911","29278085","23","47602274"
"chr10","77011847","77011905","chr1","215345738","215345787","25","138333891"
"chr10","77055087","77055380","chr1","110221506","110221798","29","33166419"
"chr10","77135085","77135387","chr3","5045433","5045734","31","72089652"
"chr10","77146181","77146484","chr10","76581651","76581954","3","564530"
"chr10","77155071","77155297","chr20","35680018","35680235","55","41475053"
"chr10","77204463","77204751","chr10","76639565","76639854","2","564898"
"chr10","77228969","77229185","chr7","14497974","14498190","32","62730995"
"chr10","77474980","77475278","chr10","76918279","76918579","2","556701"
"chr10","77494871","77495182","chr10","76938167","76938478","2","556704"
"chr10","77649018","77649317","chr10","77092754","77093057","6","556264"
"chr10","77659864","77660179","chr10","42701373","42701677","50","34958491"
"chr10","77792949","77793247","chr10","77237409","77237708","2","555540"
"chr10","77966251","77966460","chr10","77419390","77419599","1","546861"
"chr10","78225964","78226262","chr1","129884150","129884444","35","51658186"
"chr10","78455737","78456025","chr3","140351668","140351964","58","61895931"
"chr10","78678241","78678555","chr8","92680109","92680420","64","14001868"
"chr10","78738241","78738404","chrX","120311131","120311310","33","41572890"
"chr10","78738721","78738855","chr10","35805830","35805960","15","42932891"
"chr10","78786489","78786710","chr11","63117356","63117580","33","15669133"
"chr10","78809779","78810035","chr9","110510829","110511093","50","31701050"
"chr10","78843056","78843346","chr10","78313546","78313841","7","529510"
"chr10","78852411","78852702","chr10","78323285","78323577","2","529126"
"chr10","78853987","78854281","chr10","78324860","78325154","1","529127"
"chr10","78897988","78898137","chr18","71387731","71387881","30","7510257"
"chr10","78900991","78901293","chr6","138446760","138447068","39","59545769"
"chr10","78915380","78915683","chr10","78386843","78387147","2","528537"
"chr10","78941376","78941659","chr11","60340117","60340399","30","18601259"
"chr10","80239687","80240000","chr10","79554817","79555129","9","684870"
"chr10","80262048","80262330","chr12","6662970","6663249","61","73599078"
"chr10","80305578","80305741","chr10","79641505","79641671","4","664073"
"chr10","80352975","80353260","chr10","79687491","79687776","0","665484"
"chr10","80384669","80384778","chr19","57751584","57751683","20","22633085"
"chr10","80728225","80728516","chr10","80067539","80067830","1","660686"
"chr10","80808569","80808678","chr3","7995128","7995227","32","72813441"
"chr10","80930671","80930967","chr10","80271094","80271396","8","659577"
"chr10","81066712","81066766","chr2B","183837746","183837800","14","102771034"
"chr10","81104857","81105147","chr10","80445428","80445719","2","659429"
"chr10","81117496","81117795","chr10","80458004","80458305","3","659492"
"chr10","81179107","81179383","chr10","80522638","80522918","7","656469"
"chr10","81457879","81457901","chr1","28547144","28547162","6","52910735"
"chr10","81457947","81458230","chr10","80799078","80799387","26","658869"
"chr10","81464668","81464909","chr11","20282924","20283166","56","61181744"
"chr10","81832019","81832182","chr1","7597578","7597742","26","74234441"
"chr10","81951422","81951537","chr2B","199271339","199271453","19","117319917"
"chr10","82176839","82177127","chr10","81529722","81529994","18","647117"
"chr10","82188237","82188532","chr10","81541115","81541417","8","647122"
"chr10","82752343","82752524","chr4","163851580","163851762","40","81099237"
"chr10","82923461","82923644","chrX","87941896","87942074","39","5018435"
"chr10","83011913","83012183","chr10","82392286","82392551","6","619627"
"chr10","83905494","83905794","chr10","83310187","83310491","6","595307"
"chr10","84017856","84017968","chr12","7856509","7856635","28","76161347"
"chr10","84173880","84173983","chr14","100673591","100673682","23","16499711"
"chr10","84188903","84189194","chr10","83596958","83597249","1","591945"
"chr10","84236201","84236322","chr2B","207026815","207026935","23","122790614"
"chr10","84236956","84237119","chr1","54397545","54397708","34","29839411"
"chr10","84312486","84312768","chr10","83721199","83721506","28","591287"
"chr10","84373144","84373424","chr10","83784043","83784322","2","589101"
"chr10","84422810","84423013","chr7","121024628","121024837","32","36601818"
"chr10","84468775","84468922","chr4","113902899","113903048","24","29434124"
"chr10","84491020","84491304","chr3","18335608","18335892","34","66155412"
"chr10","84691591","84691884","chr10","84107279","84107572","1","584312"
"chr10","84716859","84716962","chr2B","205936995","205937106","20","121220136"
"chr10","85808770","85809060","chr18","27229273","27229564","42","58579497"
"chr10","86000001","86000158","chr7","100665257","100665418","27","14665256"
"chr10","86042934","86043237","chr10","85486781","85487088","8","556153"
"chr10","86116422","86116731","chr4","100643786","100644097","35","14527364"
"chr10","86341346","86341472","chr10","85792459","85792585","0","548887"
"chr10","86368449","86368753","chr3","87428914","87429220","52","1060465"
"chr10","86383723","86383813","chr8","46091691","46091777","25","40292032"
"chr10","86415082","86415320","chr11","16276604","16276839","37","70138478"
"chr10","86480629","86480917","chr10","85936881","85937169","1","543748"
"chr10","86500181","86500484","chr10","85956955","85957259","4","543226"
"chr10","86521271","86521564","chr10","85978001","85978294","1","543270"
"chr10","86531580","86531866","chr3","137579329","137579612","35","51047749"
"chr10","86534382","86534485","chr2A","62538961","62539069","21","23995421"
"chr10","86543360","86543669","chr10","85999672","85999981","2","543688"
"chr10","86622080","86622362","chr10","86080032","86080315","2","542048"
"chr10","86627696","86627988","chr3","12939311","12939601","52","73688385"
"chr10","86664988","86665252","chr7","147870282","147870533","50","61205294"
"chr10","86709441","86709544","chr22","33938435","33938535","19","52771006"
"chr10","86777587","86777877","chr10","86238237","86238543","19","539350"
"chr10","86783294","86783534","chr15","41435258","41435499","41","45348036"
"chr10","86824161","86824249","chr3","181238196","181238292","23","94414035"
"chr10","86852309","86852570","chr10","86314754","86315012","3","537555"
"chr10","86860318","86860627","chr1","146257676","146257964","60","59397358"
"chr10","86920029","86920145","chr5","172392908","172393028","20","85472879"
"chr10","86932033","86932329","chr10","86395984","86396281","4","536049"
"chr10","86934573","86934878","chr10","86398660","86398965","1","535913"
"chr10","88038504","88038621","chr12","93126526","93126644","27","5088022"
"chr10","88088167","88088260","chr1","160944586","160944680","15","72856419"
"chr10","88089337","88089636","chr10","87358417","87358716","8","730920"
"chr10","88193881","88194181","chr10","87463485","87463785","1","730396"
"chr10","88244188","88244465","chr10","87514239","87514534","55","729949"
"chr10","88269617","88269923","chr10","87539719","87540033","10","729898"
"chr10","88312546","88312844","chr12","110280712","110281013","49","21968166"
"chr10","88404963","88405261","chr10","87675980","87676281","4","728983"
"chr10","88498572","88498724","chr10","87769902","87770054","0","728670"
"chr10","88569218","88569338","chr8","64590362","64590478","12","23978856"
"chr10","88588616","88588866","chr10","87860967","87861217","1","727649"
"chr10","88700123","88700250","chr14","62610265","62610395","10","26089858"
"chr10","88738577","88738841","chr10","88012047","88012312","3","726530"
"chr10","88841391","88841519","chr2A","32693701","32693835","27","56147690"
"chr10","89233490","89233802","chr10","88519339","88519648","3","714151"
"chr10","89249058","89249357","chr10","88534921","88535220","3","714137"
"chr10","89249547","89249856","chr10","88535410","88535716","7","714137"
"chr10","89397641","89397720","chr14","100673591","100673682","21","11275950"
"chr10","89459709","89459907","chr16","23781866","23782055","33","65677843"
"chr10","89615129","89615418","chr10","88864192","88864480","1","750937"
"chr10","89640708","89641008","chr10","88889760","88890069","10","750948"
"chr10","89680770","89681060","chr10","88929698","88929988","1","751072"
"chr10","89801791","89802024","chr10","89050030","89050258","5","751761"
"chr10","89987804","89988088","chr10","89237332","89237645","29","750472"
"chr10","90266078","90266386","chr10","89519349","89519657","6","746729"
"chr10","90329067","90329371","chr10","89582407","89582711","2","746660"
"chr10","90558071","90558352","chr10","89816313","89816594","2","741758"
"chr10","90572361","90572673","chr10","89829607","89829921","3","742754"
"chr10","90700864","90701147","chr10","89957613","89957896","0","743251"
"chr10","90737899","90738117","chr10","89994619","89994844","7","743280"
"chr10","91209215","91209524","chr10","90471818","90472124","17","737397"
"chr10","91439957","91440259","chr10","90704498","90704806","9","735459"
"chr10","91769938","91770068","chrX","46411765","46411895","11","45358173"
"chr10","91825079","91825378","chr10","91090120","91090419","0","734959"
"chr10","92080576","92080884","chr10","91347360","91347664","10","733216"
"chr10","92105723","92105909","chr19","43580425","43580604","33","48525298"
"chr10","92140165","92140462","chr10","91407814","91408111","6","732351"
"chr10","92146470","92146771","chr10","91413853","91414155","5","732617"
"chr10","92158611","92158703","chr13","108019422","108019512","13","15860811"
"chr10","92226032","92226325","chr10","91495060","91495356","4","730972"
"chr10","92259656","92259951","chr4","4451611","4451901","51","87808045"
"chr10","92302486","92302788","chr10","91575732","91576034","2","726754"
"chr10","92333701","92333995","chr10","91606613","91606908","3","727088"
"chr10","92357374","92357662","chr10","91630278","91630566","5","727096"
"chr10","92442220","92442508","chr10","91719932","91720218","4","722288"
"chr10","92474923","92475217","chr10","91751502","91751799","3","723421"
"chr10","92478190","92478305","chr5","172392908","172393028","20","79914718"
"chr10","92498145","92498436","chr10","91776602","91776894","4","721543"
"chr10","92513096","92513198","chr12","12586014","12586108","16","79927082"
"chr10","92563079","92563379","chr10","91845156","91845458","6","717923"
"chr10","92624086","92624256","chr1","12099448","12099619","32","80524638"
"chr10","92642609","92642914","chr1","24298407","24298712","39","68344202"
"chr10","92643112","92643408","chr22","27588914","27589216","50","65054198"
"chr10","92648002","92648142","chr1","214242319","214242461","17","121594317"
"chr10","92675457","92675587","chr2B","139795701","139795833","16","47120244"
"chr10","92703896","92704198","chr10","91992107","91992412","4","711789"
"chr10","92721899","92722203","chr10","92010368","92010682","12","711531"
"chr10","92728635","92728726","chr3","101999907","102000000","20","9271272"
"chr10","92738736","92739039","chr5","7893420","7893723","44","84845316"
"chr10","92749789","92750006","chr3","200711023","200711239","26","107961234"
"chr10","92815866","92815912","chr10","27042861","27042906","7","65773005"
"chr10","92840508","92840629","chr2B","207026815","207026935","30","114186307"
"chr10","92878602","92878898","chr10","92171994","92172297","7","706608"
"chr10","92888491","92888783","chr10","92182407","92182700","1","706084"
"chr10","92934450","92934756","chr10","92227992","92228299","3","706458"
"chr10","92964674","92964982","chr10","92259037","92259345","1","705637"
"chr10","92968943","92969089","chr4","113902899","113903048","25","20933956"
"chr10","93011806","93011894","chr14","100673591","100673682","16","7661785"
"chr10","93061859","93061992","chr1","6844228","6844361","20","86217631"
"chr10","93070889","93071059","chr10","92365005","92365178","4","705884"
"chr10","93078441","93078738","chr10","92372558","92372856","3","705883"
"chr10","93196120","93196244","chr2B","199271339","199271453","32","106075219"
"chr10","93236493","93236636","chr10","92530394","92530537","0","706099"
"chr10","93307002","93307302","chr10","92602438","92602745","8","704564"
"chr10","93350702","93351081","chr10","92647388","92647762","6","703314"
"chr10","93361626","93361938","chr10","92658363","92658675","2","703263"
"chr10","93367916","93368046","chr9","122440275","122440408","23","29072359"
"chr10","93537879","93538177","chr10","92837192","92837490","3","700687"
"chr10","93593252","93593365","chr2B","207026815","207026935","25","113433563"
"chr10","93608971","93609264","chr10","92909918","92910211","2","699053"
"chr10","93659510","93659803","chr10","92961218","92961511","0","698292"
"chr10","93680708","93680861","chr4","143756620","143756779","25","50075912"
"chr10","93732728","93732872","chr10","93035999","93036145","2","696729"
"chr10","93764288","93764581","chr10","93068447","93068739","3","695841"
"chr10","93764954","93765245","chr10","93069113","93069404","2","695841"
"chr10","93773097","93773402","chr10","93079065","93079372","3","694032"
"chr10","93807540","93807845","chr10","93112790","93113095","2","694750"
"chr10","93976893","93976976","chr3","181238196","181238292","33","87261303"
"chr10","94006383","94006429","chr7","100782569","100782620","12","6776186"
"chr10","94006460","94006612","chr5","172387444","172387598","24","78380984"
"chr10","94084443","94084739","chr10","93391235","93391531","8","693208"
"chr10","94097197","94097509","chr10","93404813","93405128","7","692384"
"chr10","94578469","94578774","chr10","93890341","93890645","3","688128"
"chr10","94710276","94710437","chr7","15507240","15507400","27","79203036"
"chr10","94728589","94728685","chr13","24059413","24059502","19","70669176"
"chr10","94741290","94741596","chr10","94054842","94055148","0","686448"
"chr10","94794612","94794959","chrX","120006485","120006804","89","25211873"
"chr10","94813788","94813975","chr3","183618022","183618206","26","88804234"
"chr10","94927229","94927350","chr4","165393701","165393818","20","70466472"
"chr10","94931490","94931793","chr10","94246579","94246882","1","684911"
"chr10","95007649","95007781","chr16","73743066","73743197","32","21264583"
"chr10","95045938","95046127","chr10","94362436","94362625","0","683502"
"chr10","95082310","95082458","chr10","94398872","94399021","2","683438"
"chr10","95131013","95131294","chr10","94447188","94447513","45","683825"
"chr10","95216737","95216835","chr11","20358123","20358224","19","74858614"
"chr10","95313230","95313524","chr10","94630260","94630554","3","682970"
"chr10","95376383","95376586","chr9","97028914","97029116","31","1652531"
"chr10","95394946","95395238","chr6","33641154","33641444","71","61753792"
"chr10","95460640","95460927","chr10","94786267","94786557","3","674373"
"chr10","95479544","95479816","chr10","94804825","94805112","17","674719"
"chr10","95535507","95535751","chr1","124399374","124399636","42","28863867"
"chr10","95546012","95546318","chr10","94873946","94874250","7","672066"
"chr10","95583803","95584088","chr10","94912390","94912678","9","671413"
"chr10","95681169","95681470","chr10","95014950","95015252","5","666219"
"chr10","95701517","95701713","chr4","155558000","155558189","36","59856483"
"chr10","95716116","95716256","chr10","95049602","95049742","1","666514"
"chr10","95942747","95943046","chr10","95283223","95283494","35","659524"
"chr10","96218473","96218680","chr10","95561237","95561445","3","657236"
"chr10","96224485","96224740","chr10","95567475","95567730","1","657010"
"chr10","96253701","96254003","chr10","6352897","6353204","44","89900804"
"chr10","96347193","96347313","chr2B","199271339","199271453","25","102924146"
"chr10","96371448","96371730","chr10","95717368","95717650","3","654080"
"chr10","96502069","96502393","chr10","95849841","95850162","19","652228"
"chr10","96798963","96799253","chr10","96148700","96148990","1","650263"
"chr10","96852941","96853244","chr1","129293076","129293378","47","32440135"
"chr10","96890078","96890200","chr5","172392908","172393028","31","75502830"
"chr10","96903667","96903761","chr14","100673591","100673682","18","3769924"
"chr10","96939963","96940086","chr2A","32693701","32693835","23","64246262"
"chr10","96961284","96961582","chr10","96313544","96313845","4","647740"
"chr10","96977628","96977796","chr19","53465820","53465997","31","43511808"
"chr10","96980987","96981277","chr10","96333996","96334287","1","646991"
"chr10","96989370","96989645","chr10","96342682","96342981","24","646688"
"chr10","96992522","96992828","chr2A","95443191","95443496","59","1549331"
"chr10","97022797","97022989","chr10","96376196","96376388","1","646601"
"chr10","97088122","97088429","chr12","102308896","102309205","40","5220774"
"chr10","97097867","97098179","chr10","96451737","96452015","35","646130"
"chr10","97151071","97151253","chr2B","178740366","178740545","34","81589295"
"chr10","97172765","97173068","chr10","96530025","96530328","0","642740"
"chr10","97366594","97366809","chr4","54079862","54080075","41","43286732"
"chr10","97417037","97417329","chr10","96777011","96777311","19","640026"
"chr10","97417581","97417798","chr10","96777563","96777787","7","640018"
"chr10","97457786","97457939","chr4","149843795","149843946","30","52386009"
"chr10","97461296","97461402","chr5","172392908","172393028","31","74931612"
"chr10","97527308","97527357","chr19","46929278","46929331","11","50598030"
"chr10","97581077","97581173","chr6","171617280","171617376","11","74036203"
"chr10","97598991","97599276","chr10","96964941","96965226","0","634050"
"chr10","97623119","97623404","chr10","96989477","96989782","53","633642"
"chr10","97625223","97625524","chr10","96991632","96991911","22","633591"
"chr10","97704281","97704457","chr22","28740299","28740471","34","68963982"
"chr10","97742666","97742786","chr2B","199271339","199271453","28","101528673"
"chr10","97782471","97782689","chr10","97155530","97155753","6","626941"
"chr10","97805177","97805254","chr3","122317918","122317994","7","24512741"
"chr10","97816399","97816705","chr15","62059880","62060180","53","35756519"
"chr10","97818158","97818334","chr10","97190040","97190216","1","628118"
"chr10","97821790","97822086","chr10","97193676","97193972","0","628114"
"chr10","97856223","97856534","chr1","21949805","21950110","37","75906418"
"chr10","98243495","98243772","chr10","97625262","97625539","0","618233"
"chr10","98434530","98434823","chr10","97818108","97818401","1","616422"
"chr10","98470452","98470761","chr6","43427964","43428277","42","55042488"
"chr10","98558114","98558410","chr10","97945909","97946182","23","612205"
"chr10","98586014","98586173","chr4","73252540","73252702","27","25333474"
"chr10","98914754","98915048","chr10","98304982","98305275","3","609772"
"chr10","99016969","99017279","chr10","98408239","98408549","6","608730"
"chr10","99062707","99063015","chr10","98453822","98454131","3","608885"
"chr10","99163395","99163705","chr10","98557013","98557325","5","606382"
"chr10","99201283","99201571","chr10","98595417","98595705","0","605866"
"chr10","99252703","99253005","chr10","98648216","98648520","8","604487"
"chr10","99347731","99348032","chr10","98747281","98747586","5","600450"
"chr10","99516753","99517047","chr10","98918488","98918785","4","598265"
"chr10","99543323","99543600","chr1","210559832","210560119","63","111016509"
"chr10","99586969","99587268","chr10","98992101","98992402","3","594868"
"chr10","99609464","99609749","chr10","99014635","99014920","1","594829"
"chr10","99612758","99612809","chr5","38749796","38749851","9","60862962"
"chr10","99612839","99612996","chr10","117800607","117800765","26","18187768"
"chr10","99624907","99625019","chr6","159074849","159074952","21","59449942"
"chr10","99688973","99689225","chr10","99096355","99096608","2","592618"
"chr10","99701538","99701813","chr6","89521043","89521321","31","10180495"
"chr10","99763821","99764037","chr10","99173830","99174015","31","589991"
"chr10","99838078","99838369","chr10","99248455","99248748","4","589623"
"chr10","99842458","99842537","chr11","8774884","8774956","22","91067574"
"chr10","99865655","99865959","chr10","99276073","99276377","2","589582"
"chr10","99875714","99875937","chr10","99287438","99287667","7","588276"
"chr10","99893623","99893903","chrX","101500542","101500821","58","1606919"
"chr10","99982697","99982791","chr14","100673591","100673682","17","690894"
"chr10","99985220","99985261","chr10","27042861","27042906","13","72942359"
"chr10","100097733","100097820","chr6","66580540","66580629","13","33517193"
"chr10","100124678","100124814","chrX","40675473","40675619","25","59449205"
"chr10","100138844","100138916","chr11","8774884","8774956","18","91363960"
"chr10","100164814","100165105","chr15","56201933","56202227","37","43962881"
"chr10","100179590","100179887","chr6","42778984","42779282","34","57400606"
"chr10","100184910","100185213","chr9","26555897","26556198","42","73629013"
"chr10","100212843","100213042","chr10","99308091","99308291","3","904752"
"chr10","100294014","100294116","chr14","100673591","100673682","24","379577"
"chr10","100332373","100332476","chr3","181238196","181238292","26","80905823"
"chr10","100339543","100339849","chr10","99435312","99435620","6","904231"
"chr10","100343863","100343953","chr10","99439658","99439748","0","904205"
"chr10","100349850","100349938","chr8","46091691","46091777","18","54258159"
"chr10","100353765","100353889","chr8","26723415","26723536","24","73630350"
"chr10","100360333","100360461","chr10","99456702","99456830","0","903631"
"chr10","100392756","100393077","chr10","99486834","99487155","0","905922"
"chr10","100398784","100399093","chr10","99492866","99493182","7","905918"
"chr10","100403322","100403614","chr10","99497246","99497539","4","906076"
"chr10","100480223","100480528","chr10","99575803","99576105","4","904420"
"chr10","100576079","100576371","chr10","99673238","99673534","4","902841"
"chr10","100596046","100596217","chr10","99692609","99692784","5","903437"
"chr10","100621821","100621996","chr5","178397697","178397875","28","77775876"
"chr10","100720161","100720459","chr10","99818651","99818949","0","901510"
"chr10","100876356","100876648","chr10","99977112","99977403","3","899244"
"chr10","100918187","100918292","chr20","16652596","16652702","20","84265591"
"chr10","100920020","100920328","chr10","86238237","86238543","31","14681783"
"chr10","101013803","101014101","chr10","100114177","100114476","1","899626"
"chr10","101128591","101128886","chr10","100234666","100234961","2","893925"
"chr10","101347581","101347872","chr20","44511345","44511640","37","56836236"
"chr10","101474649","101474826","chr10","20168873","20169049","27","81305776"
"chr10","101494163","101494460","chr1","148284440","148284734","30","46790277"
"chr10","101510831","101510878","chr10","27042861","27042906","11","74467970"
"chr10","101554788","101554916","chr8","26723415","26723536","23","74831373"
"chr10","101576808","101577094","chr10","100692071","100692357","1","884737"
"chr10","101640960","101641256","chr10","100756630","100756926","1","884330"
"chr10","101668716","101668954","chr10","100785341","100785573","7","883375"
"chr10","101790374","101790665","chr1","201815327","201815617","51","100024953"
"chr10","101795200","101795493","chr10","100916377","100916671","3","878823"
"chr10","101813939","101814074","chr5","97898303","97898441","44","3915636"
"chr10","101862598","101862831","chr9","15591642","15591869","46","86270956"
"chr10","101882512","101882810","chr10","101006989","101007288","4","875523"
"chr10","101889081","101889383","chr10","101014337","101014641","4","874744"
"chr10","101889785","101890086","chr10","101015042","101015343","0","874743"
"chr10","101929661","101929961","chr10","101053426","101053732","11","876235"
"chr10","101971748","101972008","chr12","124055811","124056063","64","22084063"
"chr10","102035526","102035821","chr10","101168944","101169240","3","866582"
"chr10","102046326","102046502","chr16","52094006","52094177","32","49952320"
"chr10","102053583","102053874","chr13","56731049","56731339","31","45322534"
"chr10","102080175","102080279","chr2A","62538961","62539069","25","39541214"
"chr10","102115849","102116157","chr10","101251772","101252081","2","864077"
"chr10","102118630","102118913","chr3","56311232","56311527","52","45807398"
"chr10","102175412","102175611","chr10","101312972","101313173","5","862440"
"chr10","102220971","102221266","chr10","101362199","101362493","2","858772"
"chr10","102258542","102258621","chr14","100673591","100673682","23","1584951"
"chr10","102259448","102259526","chr10","101399600","101399678","0","859848"
"chr10","102262017","102262161","chr10","101402169","101402315","3","859848"
"chr10","102280187","102280491","chr10","101419080","101419370","14","861107"
"chr10","102282076","102282369","chr20","2515068","2515358","48","99767008"
"chr10","102441485","102441569","chr13","54945192","54945276","13","47496293"
"chr10","102502349","102502659","chr10","101645750","101646069","11","856599"
"chr10","102506429","102506621","chr12","131491639","131491832","32","28985210"
"chr10","102506659","102506788","chr2B","207026815","207026935","31","104520156"
"chr10","102513947","102514259","chr10","101659168","101659480","4","854779"
"chr10","102515899","102516073","chr1","216420076","216420242","28","113904177"
"chr10","102585545","102585777","chr10","101731333","101731558","8","854212"
"chr10","102603299","102603622","chr10","101749642","101749976","13","853657"
"chr10","102634919","102635193","chr10","101781747","101782042","28","853172"
"chr10","102653442","102653757","chr10","101801187","101801502","5","852255"
"chr10","102670353","102670639","chr18","28820011","28820303","59","73850342"
"chr10","102699133","102699218","chr13","24059413","24059502","14","78639720"
"chr10","102747208","102747363","chr6","55699024","55699181","22","47048184"
"chr10","102762157","102762446","chr10","101916725","101917014","1","845432"
"chr10","102780754","102781056","chr10","101935839","101936142","2","844915"
"chr10","102804296","102804590","chr10","101960604","101960899","2","843692"
"chr10","102815167","102815217","chr14","73545453","73545498","17","29269714"
"chr10","102852147","102852464","chr10","102010929","102011249","6","841218"
"chr10","102854882","102855182","chr10","102014686","102014986","1","840196"
"chr10","102949932","102950223","chr10","102117428","102117720","2","832504"
"chr10","102957361","102957638","chr11","13293999","13294276","29","89663362"
"chr10","102961079","102961370","chr10","102128820","102129110","6","832259"
"chr10","102963279","102963566","chr6","144615830","144616127","42","41652551"
"chr10","102973965","102974289","chr10","102142387","102142683","29","831578"
"chr10","103023508","103023605","chr3","181238196","181238292","16","78214688"
"chr10","103040583","103040861","chr10","102212295","102212573","1","828288"
"chr10","103047275","103047385","chr2B","205936995","205937106","23","102889720"
"chr10","103094705","103094825","chr10","102267350","102267470","1","827355"
"chr10","103174676","103174971","chr10","102348489","102348793","10","826187"
"chr10","103237525","103237585","chr10","102411920","102411980","0","825605"
"chr10","103239750","103240055","chr2A","49608634","49608933","45","53631116"
"chr10","103245970","103246273","chr10","102428034","102428338","3","817936"
"chr10","103258679","103258970","chr10","102440856","102441147","0","817823"
"chr10","103297371","103297533","chr1","54397545","54397708","26","48899826"
"chr10","103297572","103297673","chr1","181631959","181632062","18","78334387"
"chr10","103331569","103331697","chr4","51557575","51557711","23","51773994"
"chr10","103334288","103334575","chr10","102508053","102508315","35","826235"
"chr10","103395825","103396149","chr10","102574758","102575054","28","821067"
"chr10","103406535","103406640","chr10","73023086","73023189","14","30383449"
"chr10","103421717","103421924","chr9","37441145","37441354","35","65980572"
"chr10","103429557","103429836","chr15","96900737","96901020","41","6528820"
"chr10","103469467","103469766","chr10","102647888","102648190","8","821579"
"chr10","103490055","103490146","chr8","46091691","46091777","23","57398364"
"chr10","103619266","103619547","chr11","60340117","60340399","34","43279149"
"chr10","103743094","103743395","chr10","102922424","102922726","1","820670"
"chr10","103770440","103770568","chr5","172392908","172393028","29","68622468"
"chr10","104016520","104016639","chr12","93126526","93126644","27","10889994"
"chr10","104118068","104118373","chr10","103306304","103306612","4","811764"
"chr10","104139035","104139332","chr10","103328021","103328320","3","811014"
"chr10","104153535","104153835","chr10","103342533","103342838","6","811002"
"chr10","104340359","104340476","chr20","16652596","16652702","23","87687763"
"chr10","104383274","104383580","chr12","125682092","125682398","53","21298818"
"chr10","104407381","104407666","chr10","103594529","103594814","1","812852"
"chr10","104482095","104482394","chr10","103670163","103670455","8","811932"
"chr10","104727751","104728063","chr6","23664598","23664903","63","81063153"
"chr10","104907719","104908001","chr10","104103380","104103686","33","804339"
"chr10","104947246","104947537","chr10","104143599","104143891","2","803647"
"chr10","105293752","105294045","chr10","104492245","104492539","5","801507"
"chr10","105530455","105530741","chr10","104731937","104732223","2","798518"
"chr10","105547810","105548108","chr10","104749326","104749626","4","798484"
"chr10","105645807","105646107","chr10","104849001","104849304","6","796806"
"chr10","105711939","105712099","chr1","214731048","214731212","25","109019109"
"chr10","105712392","105712531","chr20","53625628","53625758","18","52086764"
"chr10","105809977","105810178","chr17","73441364","73441560","30","32368613"
"chr10","106432953","106433257","chr10","105656987","105657288","8","775966"
"chr10","106710341","106710450","chr2B","199271339","199271453","22","92560998"
"chr10","106805664","106805952","chr10","106038896","106039197","14","766768"
"chr10","106866012","106866322","chr10","106103533","106103843","10","762479"
"chr10","106919486","106919755","chr10","106157312","106157583","4","762174"
"chr10","106934059","106934185","chr1","6844228","6844361","28","100089831"
"chr10","107035804","107036115","chr10","106284814","106285133","13","750990"
"chr10","107040542","107040840","chr9","33127571","33127881","60","73912971"
"chr10","107091241","107091537","chr10","106349815","106350112","1","741426"
"chr10","107279595","107279877","chr17","46747838","46748122","49","60531757"
"chr10","107370667","107370810","chr10","106630574","106630719","5","740093"
"chr10","107650263","107650444","chr10","106912532","106912713","0","737731"
"chr10","107755234","107755521","chr10","107018045","107018333","3","737189"
"chr10","107785925","107786212","chr10","107048993","107049280","0","736932"
"chr10","108507618","108507925","chr10","107785677","107785986","25","721941"
"chr10","108762923","108763235","chr10","108043139","108043451","1","719784"
"chr10","109066630","109066924","chr10","108352483","108352779","4","714147"
"chr10","109320997","109321286","chr10","108615612","108615905","6","705385"
"chr10","109326930","109327228","chr10","108621554","108621851","4","705376"
"chr10","109448465","109448541","chr11","8774884","8774956","22","100673581"
"chr10","109550053","109550356","chr10","108848283","108848586","5","701770"
"chr10","109700017","109700073","chr1","27390807","27390868","15","82309210"
"chr10","109995159","109995467","chr10","109303843","109304152","2","691316"
"chr10","110032792","110032906","chr2B","199271339","199271453","23","89238547"
"chr10","110140937","110141227","chr10","109453201","109453492","4","687736"
"chr10","110155565","110155873","chr10","109469194","109469504","2","686371"
"chr10","110160019","110160299","chr10","109473656","109473936","3","686363"
"chr10","110223095","110223197","chr20","16652596","16652702","18","93570499"
"chr10","110245616","110245909","chr10","109558697","109558991","1","686919"
"chr10","110266283","110266522","chr10","109579912","109580186","37","686371"
"chr10","110308241","110308548","chr10","109621852","109622160","1","686389"
"chr10","110351016","110351313","chr10","109664540","109664837","11","686476"
"chr10","110355541","110355844","chr10","109669051","109669354","0","686490"
"chr10","110492186","110492272","chr10","109809060","109809146","0","683126"
"chr10","110505724","110505909","chr15","95776313","95776471","57","14729411"
"chr10","110643300","110643450","chr22","30754906","30755058","20","79888394"
"chr10","110829564","110829718","chr10","110153463","110153617","0","676101"
"chr10","111299938","111300219","chr12","12923302","12923580","38","98376636"
"chr10","111419790","111420090","chr10","110754795","110755114","23","664995"
"chr10","111875142","111875305","chr10","111222368","111222540","10","652774"
"chr10","112221543","112221690","chrX","123641629","123641780","33","11420086"
"chr10","112276121","112276446","chr15","95797260","95797571","48","16478861"
"chr10","112295409","112295719","chr10","111647555","111647866","1","647854"
"chr10","112400080","112400214","chr15","81017045","81017179","21","31383035"
"chr10","112468627","112468726","chr1","160944586","160944680","22","48475959"
"chr10","112470305","112470612","chr15","39477035","39477341","35","72993270"
"chr10","112488293","112488594","chr10","111842409","111842704","10","645884"
"chr10","112663326","112663428","chr10","112016205","112016307","0","647121"
"chr10","112714606","112714914","chr10","112072906","112073212","4","641700"
"chr10","112811209","112811478","chr10","112168959","112169225","7","642250"
"chr10","112822226","112822525","chr10","112179967","112180266","3","642259"
"chr10","112872288","112872394","chr2B","210790127","210790232","17","97917839"
"chr10","112882275","112882562","chr10","112240815","112241128","26","641460"
"chr10","112998532","112998661","chr2A","32693701","32693835","27","80304831"
"chr10","113020378","113020677","chr10","112385618","112385927","13","634760"
"chr10","113051847","113052122","chr10","112418066","112418342","6","633781"
"chr10","113751368","113751680","chr10","113120686","113120999","5","630682"
"chr10","113768469","113768633","chr14","105165819","105165980","25","8602650"
"chr10","113811846","113812146","chr10","113181968","113182272","4","629878"
"chr10","113821905","113822212","chr1","95715894","95716202","50","18106011"
"chr10","113861470","113861748","chr10","113237538","113237817","2","623932"
"chr10","113866411","113866682","chr2B","214534476","214534761","38","100668065"
"chr10","113866719","113866748","chr12","8241499","8241528","8","105625220"
"chr10","113931425","113931715","chr10","113308535","113308828","5","622890"
"chr10","113960046","113960346","chr10","113337105","113337412","8","622941"
"chr10","114035484","114035693","chr10","113415546","113415754","1","619938"
"chr10","114231476","114231573","chr9","104106843","104106929","23","10124633"
"chr10","114261455","114261756","chr1","154335948","154336245","44","40074493"
"chr10","114396057","114396361","chr10","113783324","113783628","0","612733"
"chr10","114435133","114435428","chr10","113824764","113825066","13","610369"
"chr10","114639092","114639388","chr10","114032108","114032402","4","606984"
"chr10","114760205","114760327","chr2B","207026815","207026935","29","92266610"
"chr10","114908075","114908358","chr12","6662970","6663249","32","108245105"
"chr10","114911279","114911591","chr6","118359079","118359382","38","3447800"
"chr10","114912353","114912644","chr10","114312160","114312459","14","600193"
"chr10","114957526","114957814","chr10","114357341","114357631","2","600185"
"chr10","114989393","114989580","chr10","114389494","114389681","0","599899"
"chr10","115170992","115171165","chr11","48130487","48130657","29","67040505"
"chr10","115171477","115171609","chr14","19704020","19704152","17","95467457"
"chr10","115265917","115266198","chr10","114668827","114669140","33","597090"
"chr10","115278395","115278677","chr10","114681327","114681609","0","597068"
"chr10","115366481","115366788","chr10","114769945","114770256","5","596536"
"chr10","115569313","115569609","chr10","114973211","114973509","2","596102"
"chr10","115820538","115820833","chr10","115226091","115226389","5","594447"
"chr10","116038879","116039176","chr10","115442313","115442611","1","596566"
"chr10","116159948","116160233","chr10","115563655","115563940","2","596293"
"chr10","116218264","116218549","chr7","55182848","55183136","38","61035416"
"chr10","116297936","116298247","chr10","115704457","115704767","6","593479"
"chr10","116322613","116322911","chr2A","72126431","72126725","36","44196182"
"chr10","116367502","116367757","chr10","115774487","115774753","16","593015"
"chr10","116375892","116376179","chr10","115782896","115783183","3","592996"
"chr10","116413693","116414001","chr1","21949805","21950110","37","94463888"
"chr10","116454667","116454970","chr10","115861313","115861611","6","593354"
"chr10","116602399","116602521","chr16","73743066","73743197","33","42859333"
"chr10","116708243","116708412","chr6","24713050","24713221","20","91995193"
"chr10","116795560","116795837","chr10","116211870","116212147","0","583690"
"chr10","116863237","116863338","chr14","100673591","100673682","21","16189646"
"chr10","116866101","116866375","chr10","116285122","116285416","20","580979"
"chr10","116992423","116992704","chr10","116413039","116413343","23","579384"
"chr10","117075375","117075670","chr10","116496792","116497090","3","578583"
"chr10","117104550","117104635","chr3","181238196","181238292","29","64133646"
"chr10","117131345","117131635","chr10","116552291","116552581","3","579054"
"chr10","117391944","117392098","chr8","34687798","34687951","34","82704146"
"chr10","117412072","117412213","chr2A","32693701","32693835","38","84718371"
"chr10","117446032","117446325","chr18","15920971","15921266","27","101525061"
"chr10","117809969","117810281","chr3","160512729","160513033","43","42702760"
"chr10","117950110","117950403","chr10","117384661","117384954","3","565449"
"chr10","118357511","118357669","chr10","117800607","117800765","1","556904"
"chr10","118440554","118440846","chr10","117884346","117884640","4","556208"
"chr10","118520001","118520294","chr7","24739193","24739485","35","93780808"
"chr10","118565442","118565570","chr8","26723415","26723536","21","91842027"
"chr10","118793174","118793478","chr10","118237654","118237958","0","555520"
"chr10","118810631","118810838","chr10","118255132","118255343","7","555499"
"chr10","118814985","118815282","chr10","118259489","118259786","3","555496"
"chr10","118821284","118821395","chr2B","199271339","199271453","25","80450055"
"chr10","118978796","118979104","chr10","118422451","118422761","4","556345"
"chr10","119094581","119094751","chr11","48130487","48130657","33","70964094"
"chr10","119134041","119134347","chr10","118580720","118581023","9","553321"
"chr10","119151891","119152203","chr10","118599902","118600213","6","551989"
"chr10","119154973","119155286","chr10","118602968","118603287","8","552005"
"chr10","119253770","119254074","chr10","118703465","118703763","8","550305"
"chr10","119367911","119368027","chr2B","199271339","199271453","27","79903428"
"chr10","119499860","119500000","chr1","20767343","20767488","27","98732517"
"chr10","119526319","119526415","chr14","100673591","100673682","21","18852728"
"chr10","119546081","119546403","chr10","118999555","118999878","6","546526"
"chr10","119552324","119552439","chrX","140109916","140110033","23","20557592"
"chr10","119553076","119553356","chr10","119007318","119007599","2","545758"
"chr10","119555690","119555881","chr10","116873459","116873650","28","2682231"
"chr10","119611370","119611687","chr2A","50445059","50445355","50","69166311"
"chr10","119620066","119620220","chrX","71354640","71354795","21","48265426"
"chr10","119677710","119677814","chr3","181238196","181238292","23","61560486"
"chr10","119689575","119689880","chr10","119148424","119148729","2","541151"
"chr10","119699848","119700153","chr10","119158582","119158889","5","541266"
"chr10","119709482","119709771","chr10","119168254","119168545","2","541228"
"chr10","119751203","119751499","chr19","8450237","8450534","42","111300966"
"chr10","119763762","119764079","chr10","119223295","119223613","1","540467"
"chr10","119784429","119784730","chr10","119245935","119246254","54","538494"
"chr10","119784918","119785132","chr12","119274512","119274733","41","510406"
"chr10","119798284","119798560","chr2B","139557733","139558016","40","19759449"
"chr10","119851453","119851663","chr10","119314915","119315125","0","536538"
"chr10","119901135","119901300","chr9","4701375","4701540","33","115199760"
"chr10","119928586","119928781","chr2B","229714485","229714685","41","109785899"
"chr10","120029448","120029762","chr12","113770173","113770477","39","6259275"
"chr10","120034453","120034779","chr10","119499254","119499580","10","535199"
"chr10","120144217","120144485","chr10","119607103","119607370","1","537114"
"chr10","120225814","120225908","chr3","181238196","181238292","32","61012382"
"chr10","120372841","120373133","chr10","119842218","119842516","7","530623"
"chr10","120533788","120534034","chr10","120005497","120005737","9","528291"
"chr10","120661353","120661650","chr10","120134000","120134298","9","527353"
"chr10","120744855","120744981","chr2B","207026815","207026935","28","86281960"
"chr10","120897327","120897506","chr10","120372580","120372761","2","524747"
"chr10","120941166","120941304","chr2A","32693701","32693835","25","88247465"
"chr10","120985731","120985928","chr10","120462834","120463031","0","522897"
"chr10","121235981","121236268","chr12","118387478","118387763","38","2848503"
"chr10","121373062","121373345","chr10","120863393","120863676","2","509669"
"chr10","121388558","121388868","chr10","120879176","120879488","7","509382"
"chr10","121435851","121435936","chr3","181238196","181238292","25","59802345"
"chr10","121473209","121473515","chr10","120969427","120969734","3","503782"
"chr10","121520227","121520317","chr14","100673591","100673682","18","20846636"
"chr10","121560484","121560795","chr10","121058554","121058864","6","501930"
"chr10","121616279","121616572","chr10","121117356","121117653","6","498923"
"chr10","121727929","121728223","chr10","121230366","121230660","0","497563"
"chr10","121836891","121837173","chr19","57266614","57266900","37","64570277"
"chr10","121877327","121877458","chr9","122440275","122440408","30","562948"
"chr10","121900749","121901044","chr10","121406243","121406538","0","494506"
"chr10","121912920","121913212","chr4","15278207","15278498","28","106634713"
"chr10","121932237","121932337","chr3","181238196","181238292","29","59305959"
"chr10","121955940","121956235","chr20","18078632","18078928","48","103877308"
"chr10","122003738","122004044","chr1","21949805","21950110","39","100053933"
"chr10","122012733","122013019","chr10","121518597","121518884","1","494136"
"chr10","122025148","122025388","chr10","121532627","121532867","0","492521"
"chr10","122032852","122033128","chr10","121540506","121540783","1","492346"
"chr10","122033158","122033452","chr3","160512729","160513033","38","38479571"
"chr10","122041863","122042166","chr10","121549533","121549838","10","492330"
"chr10","122055231","122055515","chr18","62930792","62931078","40","59124439"
"chr10","122094672","122094962","chr10","121602759","121603050","3","491913"
"chr10","122201626","122201942","chr10","121711072","121711388","2","490554"
"chr10","122316198","122316293","chr9","80389825","80389922","14","41926373"
"chr10","122374355","122374648","chr10","121880274","121880570","4","494081"
"chr10","122535969","122536250","chr10","122041568","122041850","6","494401"
"chr10","123833207","123833458","chr10","122475800","122476055","8","1357407"
"chr10","124127638","124127917","chr10","122778441","122778720","0","1349197"
"chr10","124294330","124294647","chr10","122950866","122951183","2","1343464"
"chr10","124336930","124337152","chr10","122994314","122994537","2","1342616"
"chr10","124387434","124387555","chr5","172392908","172393028","22","48005474"
"chr10","124580327","124580634","chr10","123243547","123243861","20","1336780"
"chr10","124779317","124779461","chr10","123443216","123443360","1","1336101"
"chr10","124782729","124782971","chr15","73499704","73499942","45","51283025"
"chr10","124881669","124881771","chr6","159074849","159074952","16","34193180"
"chr10","125179956","125180252","chr3","15176094","15176391","35","110003862"
"chr10","125190432","125190715","chr10","123904585","123904870","6","1285847"
"chr10","125302010","125302253","chr11","116000028","116000267","26","9301982"
"chr10","125459788","125460089","chr10","124181228","124181532","4","1278560"
"chr10","125499839","125499924","chr12","12586014","12586108","23","112913825"
"chr10","125545801","125546094","chr1","201815327","201815617","51","76269526"
"chr10","125589791","125590006","chr10","124313822","124314037","1","1275969"
"chr10","125623856","125624119","chr8","53711968","53712226","35","71911888"
"chr10","125699632","125699882","chr10","124426664","124426914","1","1272968"
"chr10","125748113","125748413","chr10","124477068","124477368","5","1271045"
"chr10","125749129","125749342","chrX","136819345","136819570","40","11070216"
"chr10","125755129","125755426","chr10","124484695","124484992","3","1270434"
"chr10","125762741","125762879","chr12","6546624","6546764","26","119216117"
"chr10","125779452","125779651","chr1","26136510","26136710","34","99642942"
"chr10","125805176","125805434","chr1","120418353","120418596","58","5386823"
"chr10","125818818","125818947","chr10","124553965","124554094","0","1264853"
"chr10","126163412","126163720","chr10","124906519","124906827","5","1256893"
"chr10","126327544","126327840","chr10","125076260","125076556","1","1251284"
"chr10","126370521","126370821","chr7","134335410","134335707","45","7964889"
"chr10","126413441","126413718","chr10","125165290","125165606","41","1248151"
"chr10","126749208","126749431","chr10","125504478","125504703","2","1244730"
"chr10","126764522","126764606","chr14","100673591","100673682","19","26090931"
"chr10","126837195","126837505","chr10","125594194","125594504","7","1243001"
"chr10","126999684","126999974","chr10","125754549","125754828","21","1245135"
"chr10","127151684","127151811","chr1","46484701","46484838","30","80666983"
"chr10","127501662","127501883","chr3","200711023","200711239","24","73209361"
"chr10","127725207","127725486","chr16","68666280","68666557","48","59058927"
"chr10","127822181","127822489","chr10","126638560","126638839","31","1183621"
"chr10","127836511","127836804","chr10","126653229","126653522","1","1183282"
"chr10","127930497","127930654","chr17","82138916","82139067","26","45791581"
"chr10","127945663","127945963","chr10","126766707","126766999","8","1178956"
"chr10","127963481","127963765","chr10","126784493","126784776","3","1178988"
"chr10","128062938","128063237","chr10","126884116","126884406","10","1178822"
"chr10","128078153","128078433","chr10","126899771","126900052","2","1178382"
"chr10","128104408","128104698","chr10","126926723","126927012","4","1177685"
"chr10","128326434","128326558","chr8","26723415","26723536","28","101603019"
"chr10","128623042","128623253","chr5","76266656","76266847","48","52356386"
"chr10","128684322","128684443","chr2B","207026815","207026935","28","78342493"
"chr10","128738090","128738396","chr1","159671902","159672211","69","30933812"
"chr10","128871799","128872083","chr10","127712078","127712361","5","1159721"
"chr10","129391843","129392130","chr10","128239375","128239663","1","1152468"
"chr10","129510738","129511041","chr12","120567858","120568157","40","8942880"
"chr10","129526078","129526363","chr10","128371827","128372110","3","1154251"
"chr10","129529268","129529557","chr10","128375015","128375318","17","1154253"
"chr10","129529877","129529983","chr2A","62538961","62539069","27","66990916"
"chr10","130182388","130182507","chr2B","205936995","205937106","28","75754607"
"chr10","130327463","130327766","chr10","129180945","129181252","8","1146518"
"chr10","130433733","130434041","chr10","129287661","129287969","3","1146072"
"chr10","130720604","130720725","chr2B","199271339","199271453","18","68550735"
"chr10","130765650","130765895","chr10","129622000","129622240","7","1143650"
"chr10","130894799","130895109","chr10","129753230","129753542","4","1141569"
"chr10","130924752","130925054","chr10","129783261","129783566","6","1141491"
"chr10","131065731","131066015","chr10","129926407","129926692","3","1139324"
"chr10","131089315","131089609","chr10","129950478","129950773","1","1138837"
"chr10","131203623","131203924","chr10","130065338","130065641","2","1138285"
"chr10","131322513","131322805","chr10","130176612","130176874","36","1145901"
"chr10","131455875","131456160","chr10","130307566","130307849","2","1148309"
"chr10","131804119","131804424","chr10","130657942","130658250","6","1146177"
"chr10","131812590","131812709","chr2B","199271339","199271453","23","67458749"
"chr10","131857098","131857328","chr10","130715353","130715584","1","1141745"
"chr10","131878532","131878845","chr10","130739593","130739906","7","1138939"
"chr10","131906913","131907227","chr9","127185568","127185877","51","4721345"
"chr10","131955552","131955674","chr8","26723415","26723536","33","105232137"
"chr10","132334122","132334413","chr10","131211565","131211856","2","1122557"
"chr10","132408481","132408771","chr1","7699429","7699712","46","124709052"
"chr10","132568160","132568253","chr14","100673591","100673682","22","31894569"
"chr10","132621907","132622164","chr10","131518772","131519029","1","1103135"
"chr10","132770604","132770905","chr10","131705010","131705312","7","1065594"
"chr10","132812077","132812374","chr10","131747603","131747901","2","1064474"
"chr10","132852438","132852726","chr10","131788883","131789171","2","1063555"
"chr10","132881027","132881331","chr10","131817548","131817851","7","1063479"
"chr10","132903097","132903356","chr10","131839645","131839906","6","1063452"
"chr10","132912095","132912385","chr10","131848680","131848972","2","1063415"
"chr10","132930633","132930794","chr14","31691652","31691807","29","101238981"
"chr10","133126792","133127088","chr9","127889240","127889533","34","5237552"
"chr10","133231788","133231929","chr19","39393323","39393459","17","93838465"
"chr10","133232432","133232469","chrX","136591200","136591233","8","3358768"
"chr10","133232581","133232756","chr18","42055327","42055484","41","91177254"
"chr10","133330727","133331025","chr4","22394086","22394382","33","110936641"
"chr10","133447592","133447871","chr10","132362821","132363101","1","1084771"
"chr10","133472550","133472666","chr10","85846154","85846274","25","47626396"
"chr10","133494108","133494408","chr10","132415412","132415715","4","1078696"
"chr10","133500083","133500368","chr10","132423481","132423766","1","1076602"
"chr10","134062410","134062724","chr9","18076412","18076722","35","115985998"
"chr10","134128181","134128299","chr5","172392908","172393028","23","38264727"
"chr10","134147888","134148189","chr10","133054997","133055292","9","1092891"
"chr10","134240802","134240958","chr22","16225217","16225380","28","118015585"
"chr10","134262302","134262380","chr10","133372236","133372313","29","890066"
"chr10","134847281","134847570","chr5","40831888","40832180","42","94015393"
"chr10","134906641","134906939","chrUn_GL393452","15359","15658","4","134891282"
"chr11","70254420","70254712","chr3","59202014","59202306","39","11052406"
"chr11","25296872","25297163","chr11","25262395","25262678","9","34477"
"chr11","33947494","33947794","chr11","34071067","34071367","3","123573"
"chr11","265040","265346","chr1","84337661","84337972","36","84072621"
"chr11","502949","503211","chr1","227022516","227022761","49","226519567"
"chr11","506651","506949","chr9","136505331","136505630","42","135998680"
"chr11","547832","547942","chr2B","205936995","205937106","24","205389163"
"chr11","550766","551074","chr11","547991","548276","53","2775"
"chr11","554987","555113","chr15","62181783","62181913","17","61626796"
"chr11","617510","617695","chr19","43062159","43062344","33","42444649"
"chr11","667326","667452","chr5","102669239","102669366","13","102001913"
"chr11","672863","673166","chr20","40588708","40589008","57","39915845"
"chr11","701968","702053","chr16","15592424","15592508","14","14890456"
"chr11","771433","771565","chrUn_GL394737","20401","20541","25","751032"
"chr11","843173","843412","chr11","836736","837013","40","6437"
"chr11","884488","884604","chr3","181143385","181143493","23","180258897"
"chr11","922140","922237","chr8","143342833","143342924","16","142420693"
"chr11","922437","922479","chr4","181150893","181150937","23","180228456"
"chr11","922780","922990","chr12","65769803","65770004","37","64847023"
"chr11","936855","937149","chr4","100896519","100896814","39","99959664"
"chr11","978951","979091","chr2A","32693701","32693835","25","31714750"
"chr11","1134845","1135019","chr19","3832753","3832920","37","2697908"
"chr11","1443392","1443482","chr15","88353310","88353402","13","86909918"
"chr11","1448302","1448493","chr11","24500003","24500188","36","23051701"
"chr11","1585038","1585339","chr11","1550685","1550992","17","34353"
"chr11","1602707","1602988","chr5","45616835","45617118","44","44014128"
"chr11","1662540","1662672","chr10","90658128","90658258","14","88995588"
"chr11","1664758","1665031","chr11","1606158","1606459","35","58600"
"chr11","1682426","1682533","chr5","172392908","172393028","32","170710482"
"chr11","1705891","1706014","chr22","35041748","35041876","28","33335857"
"chr11","1742555","1742856","chr11","1700508","1700809","1","42047"
"chr11","1863308","1863525","chr17","77738262","77738475","32","75874954"
"chr11","1882341","1882563","chr11","1820133","1820355","2","62208"
"chr11","2223295","2223391","chr22","33938435","33938535","20","31715140"
"chr11","3034440","3034743","chr11","19846296","19846594","54","16811856"
"chr11","3046035","3046314","chr14","105108106","105108379","67","102062071"
"chr11","3065983","3066237","chr11","3046241","3046495","1","19742"
"chr11","3071816","3072123","chr11","3052078","3052386","3","19738"
"chr11","3076308","3076406","chr11","20358123","20358224","21","17281815"
"chr11","3132538","3132645","chr6","159074849","159074952","19","155942311"
"chr11","3214926","3215221","chr10","92961218","92961511","46","89746292"
"chr11","3329442","3329741","chr18","27229273","27229564","61","23899831"
"chr11","3384615","3384926","chr11","3364962","3365271","8","19653"
"chr11","3399017","3399133","chr2B","210790127","210790232","25","207391110"
"chr11","3576378","3576699","chr4","3969550","3969874","19","393172"
"chr11","3579860","3580158","chr7","98481266","98481565","19","94901406"
"chr11","3605974","3606275","chr14","50710309","50710610","26","47104335"
"chr11","3617659","3617982","chr11","3527196","3527519","3","90463"
"chr11","3680354","3680514","chrX","147004191","147004351","32","143323837"
"chr11","3686752","3686859","chr14","100673591","100673682","27","96986839"
"chr11","3721874","3722154","chr17","12043037","12043324","68","8321163"
"chr11","3729474","3729783","chr11","3639278","3639589","3","90196"
"chr11","3737460","3737548","chrX","41447278","41447366","11","37709818"
"chr11","3750209","3750502","chr11","3660697","3660990","0","89512"
"chr11","3759754","3760072","chr5","127610971","127611283","43","123851217"
"chr11","3799291","3799338","chr3","12945284","12945334","11","9145993"
"chr11","3805696","3805911","chr6","43608565","43608781","43","39802869"
"chr11","3868551","3868633","chr3","181238196","181238292","30","177369645"
"chr11","3900006","3900164","chr1","7597578","7597742","26","3697572"
"chr11","3911786","3912079","chr11","3834400","3834694","1","77386"
"chr11","3940898","3941184","chr11","3864800","3865084","2","76098"
"chr11","3983539","3983646","chr20","16652596","16652702","19","12669057"
"chr11","4071035","4071219","chr11","3995709","3995893","2","75326"
"chr11","4096663","4096775","chr20","16652596","16652702","28","12555933"
"chr11","4422206","4422510","chr11","42359503","42359814","44","37937297"
"chr11","4579042","4579348","chr11","4515451","4515760","5","63591"
"chr11","4674906","4675199","chr11","4611635","4611939","17","63271"
"chr11","4845044","4845338","chr11","4782774","4783072","4","62270"
"chr11","4977820","4977937","chr5","172392908","172393028","28","167415088"
"chr11","4983561","4983695","chr7","156274717","156274856","19","151291156"
"chr11","5039773","5040072","chr11","4973112","4973413","5","66661"
"chr11","5104379","5104667","chr5","29002116","29002404","58","23897737"
"chr11","5216866","5216952","chr13","24059413","24059502","20","18842547"
"chr11","5356325","5356630","chr11","5301274","5301582","6","55051"
"chr11","5425612","5425694","chr11","8774884","8774956","17","3349272"
"chr11","5436433","5436753","chr11","5395479","5395789","42","40954"
"chr11","5439596","5439900","chr11","5398848","5399160","11","40748"
"chr11","5648922","5649148","chr11","5615512","5615739","4","33410"
"chr11","6137863","6137969","chr11","6110379","6110485","0","27484"
"chr11","6170627","6170792","chr7","133180237","133180401","29","127009610"
"chr11","6299421","6299719","chr11","6272776","6273071","4","26645"
"chr11","6597566","6597865","chr11","6570812","6571114","3","26754"
"chr11","6606305","6606409","chr20","16652596","16652702","25","10046291"
"chr11","6632247","6632533","chr9","33729184","33729467","30","27096937"
"chr11","6660175","6660268","chr14","100673591","100673682","26","94013416"
"chr11","7057603","7057915","chr11","7039657","7039984","22","17946"
"chr11","7090962","7091162","chr4","92764199","92764403","38","85673237"
"chr11","7975453","7975778","chr14","34597097","34597409","49","26621644"
"chr11","8022608","8022766","chr2A","32693701","32693835","39","24671093"
"chr11","8432984","8433240","chr6","5123555","5123823","56","3309429"
"chr11","8469569","8469872","chr11","8406464","8406767","5","63105"
"chr11","8559127","8559421","chr11","8498288","8498583","2","60839"
"chr11","8632277","8632564","chr11","8573024","8573311","0","59253"
"chr11","8657869","8658158","chr11","8600338","8600630","3","57531"
"chr11","8688183","8688398","chr4","131278699","131278912","43","122590516"
"chr11","8702433","8702564","chr11","8645702","8645833","0","56731"
"chr11","8781218","8781409","chr11","8722901","8723095","3","58317"
"chr11","8809483","8809779","chr11","8753614","8753912","3","55869"
"chr11","8831070","8831363","chr22","33705797","33706091","29","24874727"
"chr11","8987053","8987355","chr1","210097703","210098006","36","201110650"
"chr11","9024413","9024626","chr11","8969520","8969734","2","54893"
"chr11","9024641","9024797","chr1","133837042","133837198","33","124812401"
"chr11","9032794","9033087","chr11","8978544","8978840","3","54250"
"chr11","9060126","9060424","chr11","9005840","9006139","3","54286"
"chr11","9089405","9089511","chr4","40591024","40591130","13","31501619"
"chr11","9137268","9137450","chr11","9083840","9084022","2","53428"
"chr11","9138026","9138303","chr15","93122064","93122348","43","83984038"
"chr11","9173963","9174230","chr11","9121249","9121516","1","52714"
"chr11","9207714","9207810","chr3","181238196","181238292","19","172030482"
"chr11","9215933","9216208","chr11","9165454","9165767","38","50479"
"chr11","9238941","9239070","chr17","17333596","17333726","17","8094655"
"chr11","9239093","9239210","chr3","200758253","200758371","12","191519160"
"chr11","9241854","9242011","chr11","113598084","113598240","24","104356230"
"chr11","9243266","9243547","chr11","9192974","9193255","1","50292"
"chr11","9273418","9273553","chr15","66083350","66083486","22","56809932"
"chr11","9273843","9274012","chr22","22201178","22201345","26","12927335"
"chr11","9298095","9298203","chr3","181238196","181238292","27","171940101"
"chr11","9334587","9334861","chr11","9288269","9288543","0","46318"
"chr11","9338485","9338777","chr11","9291205","9291501","5","47280"
"chr11","9362819","9363117","chr11","9317722","9318020","0","45097"
"chr11","9366019","9366233","chr1","16514260","16514472","29","7148241"
"chr11","9384968","9385264","chr11","9341656","9341952","0","43312"
"chr11","9444941","9445111","chr19","11478232","11478404","43","2033291"
"chr11","9445625","9445935","chr11","9404559","9404869","0","41066"
"chr11","9452914","9453193","chr11","9412377","9412656","2","40537"
"chr11","9498846","9499146","chr11","9458507","9458807","3","40339"
"chr11","9518500","9518813","chr11","9477942","9478254","4","40558"
"chr11","9547937","9548021","chr13","24059413","24059502","21","14511476"
"chr11","9591050","9591336","chr11","9551141","9551428","2","39909"
"chr11","9646907","9647189","chr11","9607998","9608250","30","38909"
"chr11","9666014","9666306","chr11","9627356","9627655","9","38658"
"chr11","9701129","9701410","chr11","9662293","9662574","2","38836"
"chr11","9755914","9756076","chr4","54114840","54115009","27","44358926"
"chr11","9838077","9838382","chr11","9800813","9801118","2","37264"
"chr11","9841503","9841811","chr11","9804345","9804655","10","37158"
"chr11","10221640","10221948","chr11","10188458","10188768","4","33182"
"chr11","10491332","10491458","chr5","172392908","172393028","20","161901576"
"chr11","10499890","10499999","chr20","16652596","16652702","24","6152706"
"chr11","10597252","10597564","chr11","10569858","10570170","0","27394"
"chr11","10662425","10662725","chr11","10635930","10636230","2","26495"
"chr11","10673199","10673502","chr11","10647934","10648238","2","25265"
"chr11","10727088","10727343","chr11","10703207","10703462","1","23881"
"chr11","10851289","10851587","chr11","10828005","10828306","4","23284"
"chr11","11037831","11038123","chr11","11020264","11020558","2","17567"
"chr11","11052558","11052871","chr11","11035017","11035332","7","17541"
"chr11","11360982","11361285","chr11","11344288","11344592","2","16694"
"chr11","11540005","11540092","chr3","181238196","181238292","28","169698191"
"chr11","11710799","11710948","chr8","24630008","24630158","20","12919209"
"chr11","11816196","11816392","chr10","72455222","72455421","34","60639026"
"chr11","11901660","11901959","chr11","11888635","11888937","5","13025"
"chr11","11910577","11910871","chr11","11897554","11897849","8","13023"
"chr11","11951331","11951433","chr2B","210790127","210790232","22","198838796"
"chr11","11951819","11952080","chr11","11939215","11939476","3","12604"
"chr11","12038540","12038673","chr19","4055014","4055149","15","7983526"
"chr11","12217608","12217909","chr11","12210472","12210777","6","7136"
"chr11","12455818","12456101","chr17","37026664","37026955","38","24570846"
"chr11","12456122","12456198","chr13","24059413","24059502","29","11603291"
"chr11","12522656","12522998","chr11","12519824","12520113","54","2832"
"chr11","12641864","12642122","chr19","4836292","4836541","74","7805572"
"chr11","12730293","12730596","chr11","12730962","12731265","0","669"
"chr11","12877984","12878272","chr3","85628538","85628824","53","72750554"
"chr11","13269073","13269204","chr1","214242319","214242461","30","200973246"
"chr11","13289430","13289707","chr11","13293999","13294276","1","4569"
"chr11","13313638","13313958","chr2B","181985237","181985555","63","168671599"
"chr11","13507730","13507983","chr11","13520438","13520693","2","12708"
"chr11","13534330","13534630","chr11","13547260","13547561","6","12930"
"chr11","13925472","13925768","chr11","13939417","13939714","3","13945"
"chr11","14085909","14086208","chr8","79743626","79743925","37","65657717"
"chr11","14156686","14156838","chr11","14169104","14169262","9","12418"
"chr11","14157550","14157561","chr1","28547144","28547162","10","14389594"
"chr11","14191094","14191248","chr1","207299603","207299748","31","193108509"
"chr11","14192370","14192541","chr20","41301641","41301812","30","27109271"
"chr11","14224470","14224762","chr11","14237630","14237921","13","13160"
"chr11","14271853","14271968","chr2B","199271339","199271453","26","184999486"
"chr11","14284766","14285059","chr11","14299864","14300157","3","15098"
"chr11","14453264","14453566","chr10","129783261","129783566","51","115329997"
"chr11","14763193","14763396","chr11","14780370","14780573","0","17177"
"chr11","14949571","14949585","chr1","28547144","28547162","6","13597573"
"chr11","14949612","14949822","chr5","140780266","140780466","39","125830654"
"chr11","15419121","15419256","chr10","14065940","14066072","25","1353181"
"chr11","15636353","15636660","chr11","15661191","15661501","8","24838"
"chr11","15910470","15910741","chr11","15936615","15936921","36","26145"
"chr11","15937737","15938050","chr11","15964229","15964537","9","26492"
"chr11","16245482","16245714","chr11","16276604","16276839","5","31122"
"chr11","16339353","16339469","chr3","200758253","200758371","12","184418900"
"chr11","16438490","16438790","chr11","16469044","16469344","3","30554"
"chr11","16444529","16444623","chr14","100673591","100673682","22","84229062"
"chr11","16664622","16664952","chr13","111077898","111078217","63","94413276"
"chr11","16705046","16705334","chr11","16742715","16743005","2","37669"
"chr11","16723409","16723708","chr11","16764207","16764512","7","40798"
"chr11","16726421","16726730","chr11","16767229","16767538","2","40808"
"chr11","16807278","16807578","chr11","16850755","16851056","1","43477"
"chr11","16828609","16828765","chr1","54397545","54397708","29","37568936"
"chr11","16844729","16844897","chr11","16888462","16888630","0","43733"
"chr11","16870868","16871134","chr11","16914958","16915225","2","44090"
"chr11","16976429","16976668","chr6","144809517","144809766","52","127833088"
"chr11","16987956","16988256","chr11","17041282","17041584","3","53326"
"chr11","16997689","16997849","chr11","17051026","17051186","0","53337"
"chr11","17001030","17001328","chr11","17054379","17054678","2","53349"
"chr11","17011938","17012252","chr6","107492583","107492890","36","90480645"
"chr11","17029710","17029984","chr11","17083700","17083996","22","53990"
"chr11","17117821","17118129","chr11","17171596","17171902","7","53775"
"chr11","17163332","17163631","chr11","17217532","17217831","4","54200"
"chr11","17712083","17712389","chr11","17773854","17774157","4","61771"
"chr11","17761057","17761147","chr1","160944586","160944680","15","143183529"
"chr11","17854025","17854274","chrX","2357192","2357438","39","15496833"
"chr11","18013504","18013622","chr12","110328271","110328400","31","92314767"
"chr11","18079562","18079720","chrX","71354640","71354795","30","53275078"
"chr11","18097678","18097986","chr5","58634298","58634603","42","40536620"
"chr11","18109033","18109325","chr4","88479874","88480166","32","70370841"
"chr11","18143586","18143766","chr11","18211482","18211662","1","67896"
"chr11","18149380","18149678","chrUn_GL393535","225655","225952","48","17923725"
"chr11","18182305","18182588","chr9","33729184","33729467","34","15546879"
"chr11","18183367","18183499","chr1","6844228","6844361","24","11339139"
"chr11","18205999","18206134","chr7","156274717","156274856","18","138068718"
"chr11","18220521","18220813","chr11","18288983","18289277","7","68462"
"chr11","18237370","18237652","chr11","18306512","18306795","2","69142"
"chr11","18241776","18241865","chr12","31242059","31242152","13","13000283"
"chr11","18248911","18249010","chr6","159074849","159074952","19","140825938"
"chr11","18259536","18259812","chr11","18329248","18329534","12","69712"
"chr11","18298196","18298484","chr11","18369799","18370088","2","71603"
"chr11","18305851","18306059","chr11","18377733","18377941","0","71882"
"chr11","18316215","18316484","chr11","18388114","18388381","5","71899"
"chr11","18563813","18564116","chr11","18401096","18401395","5","162717"
"chr11","18572224","18572536","chr11","18409746","18410008","78","162478"
"chr11","18584343","18584649","chr6","42778984","42779282","46","24194641"
"chr11","18611662","18611935","chr17","1748555","1748835","34","16863107"
"chr11","18622861","18623192","chr7","32958303","32958623","49","14335442"
"chr11","18631898","18632206","chr11","18472236","18472544","4","159662"
"chr11","18632823","18632948","chr5","102669239","102669366","16","84036416"
"chr11","18741103","18741415","chr11","18582945","18583256","5","158158"
"chr11","19081646","19081756","chr2B","199271339","199271453","20","180189693"
"chr11","19916459","19916479","chr1","28547144","28547162","6","8630685"
"chr11","19916526","19916678","chr8","107433929","107434080","20","87517403"
"chr11","20056803","20057096","chr2A","72126431","72126725","37","52069628"
"chr11","20087816","20088107","chr3","9781258","9781549","38","10306558"
"chr11","20107543","20107846","chr11","19977344","19977647","3","130199"
"chr11","20210016","20210290","chr11","20086898","20087170","4","123118"
"chr11","20403523","20403765","chr11","20282924","20283166","3","120599"
"chr11","20448287","20448480","chr14","43526197","43526390","34","23077910"
"chr11","20601555","20601848","chr11","20490317","20490604","7","111238"
"chr11","20657967","20658270","chr11","20546959","20547262","3","111008"
"chr11","20929907","20930197","chr11","20826477","20826766","8","103430"
"chr11","20966555","20966863","chr11","20865439","20865716","31","101116"
"chr11","21543238","21543541","chr11","21454040","21454343","1","89198"
"chr11","21596076","21596259","chr15","87173355","87173524","32","65577279"
"chr11","21871471","21871629","chr11","21787802","21787960","1","83669"
"chr11","21948410","21948554","chr11","21865094","21865237","2","83316"
"chr11","22114954","22115263","chr1","53118077","53118382","65","31003123"
"chr11","22182223","22182521","chr11","22101379","22101677","5","80844"
"chr11","22278311","22278595","chr8","123169793","123170071","45","100891482"
"chr11","22543079","22543368","chr11","22466116","22466406","9","76963"
"chr11","22846450","22846749","chr11","22772688","22772987","5","73762"
"chr11","22890035","22890307","chr11","22816092","22816392","29","73943"
"chr11","23143134","23143418","chr11","23085781","23086071","10","57353"
"chr11","23189666","23189860","chr1","4131355","4131549","45","19058311"
"chr11","23204851","23204991","chr11","23147756","23147896","0","57095"
"chr11","23245125","23245424","chr11","23188469","23188780","13","56656"
"chr11","23527949","23528197","chr11","23468254","23468502","2","59695"
"chr11","23590555","23590855","chr11","23532118","23532416","3","58437"
"chr11","23650004","23650113","chr2B","199271339","199271453","28","175621335"
"chr11","24502192","24502498","chr11","24452596","24452901","6","49596"
"chr11","24521118","24521409","chr11","24471528","24471822","8","49590"
"chr11","24580845","24580976","chr16","73743066","73743197","36","49162221"
"chr11","24593612","24593914","chr11","24543943","24544246","10","49669"
"chr11","24608709","24608861","chr14","73378899","73379049","30","48770190"
"chr11","24760845","24760977","chr3","126157086","126157216","16","101396241"
"chr11","25242321","25242624","chr11","25206612","25206917","9","35709"
"chr11","25246340","25246653","chr11","25210665","25210976","8","35675"
"chr11","25347105","25347412","chr11","25313402","25313713","13","33703"
"chr11","25348859","25348994","chr2A","32693701","32693835","28","7344842"
"chr11","25463347","25463656","chr11","25430178","25430487","0","33169"
"chr11","25521436","25521725","chr11","25504898","25505206","24","16538"
"chr11","25749628","25749780","chr11","25729792","25729944","3","19836"
"chr11","25750074","25750090","chr1","28547144","28547162","7","2797070"
"chr11","26010591","26010837","chr11","26009451","26009694","4","1140"
"chr11","26041954","26042256","chr11","26039451","26039750","5","2503"
"chr11","26105662","26105843","chr5","178397697","178397875","29","152292035"
"chr11","26123945","26124028","chr11","8774884","8774956","16","17349061"
"chr11","26243993","26244115","chr11","26247721","26247851","10","3728"
"chr11","26530755","26531057","chr11","26540459","26540761","2","9704"
"chr11","26534738","26534859","chr5","172392908","172393028","20","145858170"
"chr11","26766754","26767070","chr11","26776838","26777152","3","10084"
"chr11","26814720","26815018","chr11","26824834","26825133","2","10114"
"chr11","26884040","26884289","chr11","26892571","26892820","0","8531"
"chr11","27049308","27049620","chr11","27057727","27058038","7","8419"
"chr11","27204139","27204245","chr6","159074849","159074952","16","131870710"
"chr11","27359834","27359910","chr14","100673591","100673682","30","73313757"
"chr11","27616028","27616339","chr11","27630031","27630346","6","14003"
"chr11","28144317","28144623","chr11","28163412","28163723","5","19095"
"chr11","28209996","28210280","chr11","28229297","28229581","0","19301"
"chr11","28227629","28227938","chr11","28246903","28247212","0","19274"
"chr11","28449496","28449752","chr11","28474036","28474293","1","24540"
"chr11","28637342","28637662","chr11","28668764","28669092","9","31422"
"chr11","29057361","29057672","chr11","29095634","29095949","6","38273"
"chr11","29092166","29092472","chr17","56714152","56714473","81","27621986"
"chr11","29463210","29463438","chr11","29508225","29508455","2","45015"
"chr11","29525258","29525558","chr11","29570612","29570915","5","45354"
"chr11","29819980","29820240","chr11","29872585","29872845","1","52605"
"chr11","30370503","30370795","chr2B","120205360","120205645","43","89834857"
"chr11","30391034","30391117","chr13","24059413","24059502","23","6331621"
"chr11","30509082","30509174","chr14","100673591","100673682","20","70164509"
"chr11","30553104","30553220","chr5","172392908","172393028","27","141839804"
"chr11","31062268","31062580","chr11","31135080","31135367","27","72812"
"chr11","31153561","31153846","chr11","31225562","31225848","3","72001"
"chr11","31199772","31200036","chr11","31271977","31272240","5","72205"
"chr11","31307580","31307705","chr12","38992415","38992548","25","7684835"
"chr11","31312873","31312988","chr8","26723415","26723536","27","4589458"
"chr11","31370918","31371208","chr11","31444942","31445234","3","74024"
"chr11","31371905","31372201","chr11","31445935","31446235","5","74030"
"chr11","31419354","31419626","chr11","31493751","31494024","1","74397"
"chr11","31695485","31695781","chr1","53192473","53192774","7","21496988"
"chr11","31721547","31721797","chr12","83451020","83451277","46","51729473"
"chr11","31790855","31791018","chr11","31866699","31866862","1","75844"
"chr11","31853860","31854092","chr11","31931010","31931242","5","77150"
"chr11","31895126","31895161","chr17","532626","532657","18","31362500"
"chr11","31951871","31952170","chr11","32029636","32029936","5","77765"
"chr11","31963110","31963407","chr11","32040881","32041199","22","77771"
"chr11","32040273","32040562","chr11","32118055","32118344","1","77782"
"chr11","32063819","32063963","chrUn_GL394737","20401","20541","18","32043418"
"chr11","32123714","32124001","chr11","32201617","32201915","11","77903"
"chr11","32183584","32183707","chr2B","205936995","205937106","28","173753411"
"chr11","32310101","32310399","chr11","32396080","32396392","14","85979"
"chr11","32326272","32326433","chrX","155632548","155632709","21","123306276"
"chr11","32339553","32339848","chr11","32421737","32422045","16","82184"
"chr11","32387252","32387366","chr3","181143385","181143493","20","148756133"
"chr11","32390628","32390894","chr11","32476180","32476446","1","85552"
"chr11","32397090","32397398","chr11","32482655","32482963","1","85565"
"chr11","32454236","32454535","chr11","32541172","32541471","1","86936"
"chr11","32487797","32488077","chr3","117156145","117156424","32","84668348"
"chr11","32528376","32528682","chr11","32621111","32621417","0","92735"
"chr11","32598402","32598703","chr11","32692058","32692360","5","93656"
"chr11","32685941","32686204","chr11","32779645","32779908","0","93704"
"chr11","32697681","32697988","chr11","32792435","32792742","2","94754"
"chr11","32720849","32721148","chr11","32815992","32816292","3","95143"
"chr11","32729812","32730033","chr20","12560718","12560934","29","20169094"
"chr11","32737863","32738161","chr10","102014686","102014986","36","69276823"
"chr11","32810344","32810635","chr11","32906917","32907208","0","96573"
"chr11","32861749","32861893","chr11","32958670","32958814","0","96921"
"chr11","32871524","32871549","chr8","38729130","38729144","14","5857606"
"chr11","32871762","32871911","chr12","41680682","41680831","44","8808920"
"chr11","32900013","32900313","chr11","32997418","32997719","3","97405"
"chr11","32912081","32912120","chr10","75445791","75445831","16","42533710"
"chr11","32921656","32921758","chr12","12586014","12586108","20","20335642"
"chr11","32971475","32971775","chr11","33069867","33070167","0","98392"
"chr11","33012619","33012859","chr11","33109719","33109964","6","97100"
"chr11","33013251","33013544","chr11","33110356","33110662","15","97105"
"chr11","33022752","33022833","chr18","47204102","47204181","14","14181350"
"chr11","33023143","33023367","chr2A","29503231","29503467","43","3519912"
"chr11","33035027","33035196","chrX","112054166","112054338","29","79019139"
"chr11","33073544","33073647","chr20","17234762","17234865","19","15838782"
"chr11","33096842","33096933","chr3","27665315","27665404","19","5431527"
"chr11","33097294","33097343","chr16","21601017","21601061","12","11496277"
"chr11","33103617","33103898","chr11","33202685","33202965","3","99068"
"chr11","33105561","33105721","chr1","54397545","54397708","31","21291984"
"chr11","33197626","33197924","chr11","33299976","33300277","4","102350"
"chr11","33385562","33385867","chr6","109964395","109964696","38","76578833"
"chr11","33501811","33502099","chr11","33610760","33611070","23","108949"
"chr11","33698757","33698903","chr17","82138916","82139067","30","48440159"
"chr11","33856483","33856704","chrX","41391610","41391836","41","7535127"
"chr11","33893541","33893845","chr11","34017550","34017854","1","124009"
"chr11","33910534","33910792","chr11","34035117","34035380","7","124583"
"chr11","34082097","34082399","chr11","34207454","34207757","4","125357"
"chr11","34087263","34087465","chr9","97028914","97029116","33","62941651"
"chr11","34087868","34088163","chr11","34215914","34216210","5","128046"
"chr11","34148382","34148596","chr11","34278087","34278305","5","129705"
"chr11","34149379","34149688","chr6","42778984","42779282","52","8629605"
"chr11","34192623","34192783","chr7","15507240","15507400","29","18685383"
"chr11","34324625","34324677","chr7","70681514","70681568","11","36356889"
"chr11","34325338","34325631","chr11","34456725","34457019","4","131387"
"chr11","34549307","34549597","chr11","34683421","34683711","1","134114"
"chr11","34684351","34684650","chr11","34820154","34820453","0","135803"
"chr11","35118664","35118914","chr11","35262377","35262630","3","143713"
"chr11","35145906","35146181","chr11","35289647","35289922","0","143741"
"chr11","35392638","35392936","chr11","35538051","35538354","6","145413"
"chr11","35428979","35429261","chr11","35574377","35574660","4","145398"
"chr11","35528511","35528648","chr7","156274717","156274856","21","120746206"
"chr11","35698987","35699296","chr13","47677834","47678138","39","11978847"
"chr11","35727111","35727225","chr9","91419734","91419861","28","55692623"
"chr11","35741849","35742151","chr11","35893822","35894124","3","151973"
"chr11","36217567","36217875","chr11","36369387","36369693","8","151820"
"chr11","36551967","36552262","chr11","36707817","36708115","3","155850"
"chr11","36583232","36583533","chr3","116358688","116358992","35","79775456"
"chr11","36609845","36609960","chr2B","205936995","205937106","27","169327150"
"chr11","36975519","36975642","chr19","4055014","4055149","22","32920505"
"chr11","37786415","37786734","chrX","128870104","128870413","43","91083689"
"chr11","37794095","37794191","chr3","181238196","181238292","26","143444101"
"chr11","37907623","37907839","chr11","38090721","38090943","10","183098"
"chr11","37973246","37973401","chr11","38157932","38158089","3","184686"
"chr11","38178495","38178807","chr18","13180409","13180713","43","24998086"
"chr11","38454885","38455172","chr8","113773701","113773982","45","75318816"
"chr11","38471952","38472212","chr11","38663744","38664004","0","191792"
"chr11","38557492","38557777","chr11","38747561","38747851","6","190069"
"chr11","38663817","38664102","chr5","144677363","144677650","34","106013546"
"chr11","38811286","38811593","chr11","39002797","39003108","9","191511"
"chr11","38942735","38942897","chr4","84146256","84146422","22","45203521"
"chr11","39195848","39196141","chr11","39393107","39393402","2","197259"
"chr11","39233892","39234188","chr11","39431991","39432295","8","198099"
"chr11","39290781","39291097","chr11","39489767","39490068","20","198986"
"chr11","39391140","39391299","chr11","39585062","39585219","3","193922"
"chr11","39508389","39508604","chr11","39705528","39705748","6","197139"
"chr11","40052618","40052920","chr11","39722125","39722431","7","330493"
"chr11","40163751","40164061","chr11","39831156","39831464","5","332595"
"chr11","40297955","40298114","chr5","150525150","150525305","29","110227195"
"chr11","40365196","40365486","chr11","40038556","40038847","2","326640"
"chr11","40544031","40544158","chr4","51557575","51557711","25","11013544"
"chr11","40572738","40572855","chr3","181143385","181143493","28","140570647"
"chr11","40581636","40581771","chr11","40265992","40266126","1","315644"
"chr11","40681245","40681533","chr15","84008444","84008731","57","43327199"
"chr11","40935030","40935328","chr11","40629203","40629505","5","305827"
"chr11","40957459","40957769","chr11","40652433","40652743","1","305026"
"chr11","41228728","41228840","chr3","200758253","200758371","19","159529525"
"chr11","41361318","41361439","chr5","172392908","172393028","17","131031590"
"chr11","41388355","41388437","chr14","100673591","100673682","19","59285236"
"chr11","41761374","41761677","chr11","41462576","41462885","9","298798"
"chr11","41848895","41849105","chr11","41550004","41550226","14","298891"
"chr11","41966940","41967088","chrX","73313271","73313417","28","31346331"
"chr11","42446430","42446722","chr11","42163688","42163980","1","282742"
"chr11","42528829","42529132","chr6","111191716","111192025","62","68662887"
"chr11","42580069","42580365","chr4","39147057","39147350","39","3433012"
"chr11","42581910","42582225","chr11","42298393","42298709","3","283517"
"chr11","42642879","42643190","chr11","42359503","42359814","2","283376"
"chr11","42725459","42725661","chr11","42443731","42443933","1","281728"
"chr11","43088749","43088962","chr11","42732278","42732492","2","356471"
"chr11","43146236","43146338","chr6","159074849","159074952","15","115928613"
"chr11","43147503","43147678","chr11","42791331","42791509","8","356172"
"chr11","43186676","43186994","chr11","42828889","42829207","4","357787"
"chr11","43468788","43469083","chr11","43105821","43106115","6","362967"
"chr11","43542618","43542711","chr13","24059413","24059502","26","19483205"
"chr11","43823661","43823878","chr11","43460685","43460904","2","362976"
"chr11","43935497","43935792","chr11","43573283","43573580","4","362214"
"chr11","43970664","43970957","chr11","43608422","43608719","8","362242"
"chr11","44281649","44281810","chr1","54397545","54397708","24","10115896"
"chr11","44316701","44317027","chr11","43956218","43956523","26","360483"
"chr11","44367672","44367982","chr11","44009326","44009633","4","358346"
"chr11","44388050","44388354","chr1","40723344","40723648","51","3664706"
"chr11","44514185","44514493","chr11","44155565","44155875","5","358620"
"chr11","44562315","44562610","chr4","118238546","118238854","57","73676231"
"chr11","44666433","44666758","chr11","44310024","44310327","22","356409"
"chr11","44977964","44978272","chr11","44625117","44625426","5","352847"
"chr11","44992093","44992381","chr11","44639650","44639938","4","352443"
"chr11","45183750","45184047","chr11","44829140","44829442","9","354610"
"chr11","45193908","45194094","chr10","58935820","58936005","40","13741912"
"chr11","45235783","45236077","chr11","44878265","44878560","2","357518"
"chr11","45426384","45426545","chrX","155632548","155632709","24","110206164"
"chr11","45506479","45506753","chr11","45155115","45155392","7","351364"
"chr11","45559565","45559862","chr11","45208640","45208946","12","350925"
"chr11","45792707","45792942","chr17","10913755","10913989","33","34878952"
"chr11","45952003","45952302","chr11","45608902","45609201","0","343101"
"chr11","45996046","45996200","chr9","124819514","124819670","29","78823468"
"chr11","46270830","46271110","chr1","107109325","107109605","39","60838495"
"chr11","46291240","46291449","chr4","24078195","24078400","40","22213045"
"chr11","46426964","46427280","chr1","157553978","157554288","59","111127014"
"chr11","46432428","46432730","chr4","188021321","188021624","30","141588893"
"chr11","46705310","46705622","chr11","46306784","46307096","0","398526"
"chr11","46716734","46716874","chr2A","32693701","32693835","28","14023033"
"chr11","46768872","46769012","chr19","4055014","4055149","24","42713858"
"chr11","46813996","46814299","chr11","46419377","46419680","1","394619"
"chr11","46817562","46817656","chr14","100673591","100673682","21","53856029"
"chr11","46837017","46837147","chr3","27869019","27869149","13","18967998"
"chr11","46868557","46868861","chr11","46478004","46478309","4","390553"
"chr11","46882614","46882721","chr20","16652596","16652702","20","30230018"
"chr11","46911576","46911871","chr11","46522110","46522405","0","389466"
"chr11","46974246","46974414","chr5","438717","438887","22","46535529"
"chr11","47010079","47010231","chr11","46622425","46622577","2","387654"
"chr11","47028234","47028364","chr1","6844228","6844361","22","40184006"
"chr11","47068279","47068419","chr16","68214504","68214646","32","21146225"
"chr11","47076045","47076318","chr11","46690091","46690362","10","385954"
"chr11","47077205","47077317","chr20","16652596","16652702","26","30424609"
"chr11","47079491","47079593","chr20","16652596","16652702","23","30426895"
"chr11","47099175","47099355","chr18","50259282","50259463","27","3160107"
"chr11","47142597","47142719","chrX","124329806","124329928","17","77187209"
"chr11","47148163","47148324","chr7","136023406","136023568","24","88875243"
"chr11","47179803","47180100","chr4","167882463","167882760","33","120702660"
"chr11","47202334","47202624","chr11","46821835","46822123","2","380499"
"chr11","47221310","47221581","chr1","15458109","15458374","33","31763201"
"chr11","47233477","47233778","chr11","46854122","46854424","3","379355"
"chr11","47242002","47242293","chr12","120831753","120832048","37","73589751"
"chr11","47243796","47244077","chr11","46865721","46866000","4","378075"
"chr11","47245013","47245302","chr11","46866936","46867234","9","378077"
"chr11","47318223","47318337","chr17","13440536","13440654","30","33877687"
"chr11","47322974","47323274","chr11","46946650","46946952","3","376324"
"chr11","47351587","47351889","chr11","46975250","46975552","1","376337"
"chr11","47356539","47356839","chr2B","220509578","220509876","35","173153039"
"chr11","47402199","47402374","chr11","47027602","47027777","1","374597"
"chr11","47427925","47428156","chr17","81370742","81370983","41","33942817"
"chr11","47431573","47431737","chr1","54397545","54397708","25","6965972"
"chr11","47450072","47450377","chr13","47088696","47088999","37","361376"
"chr11","47460434","47460740","chr4","87380271","87380575","42","39919837"
"chr11","47479722","47479871","chr4","149843795","149843946","24","102364073"
"chr11","47510918","47511205","chr11","47141227","47141526","34","369691"
"chr11","47522907","47523020","chr2B","205936995","205937106","21","158414088"
"chr11","47546819","47547125","chr11","47177706","47178012","0","369113"
"chr11","47637891","47638196","chr11","47268947","47269256","5","368944"
"chr11","47639602","47639697","chr1","160944586","160944680","18","113304984"
"chr11","47667651","47667949","chr5","117763929","117764221","46","70096278"
"chr11","47669951","47670080","chr2A","32693701","32693835","21","14976250"
"chr11","47713510","47713807","chr4","167882463","167882760","32","120168953"
"chr11","47717394","47717685","chr11","98871856","98872144","34","51154462"
"chr11","47724237","47724324","chr6","108298721","108298814","18","60574484"
"chr11","47812732","47812923","chr14","88956983","88957167","36","41144251"
"chr11","47816070","47816379","chrX","120311957","120312258","36","72495887"
"chr11","47906765","47907065","chr11","47542059","47542356","3","364706"
"chr11","47964230","47964517","chr10","21588698","21588989","53","26375532"
"chr11","48017508","48017611","chr2B","210790127","210790232","24","162772619"
"chr11","48030471","48030595","chr9","69573837","69573962","27","21543366"
"chr11","48034925","48035225","chr11","47674724","47675020","5","360201"
"chr11","48096002","48096305","chr11","47741651","47741945","11","354351"
"chr11","48156533","48156648","chr17","59059909","59060023","8","10903376"
"chr11","48164634","48164743","chr3","181238196","181238292","26","133073562"
"chr11","48184732","48185026","chr11","47834074","47834368","2","350658"
"chr11","48199793","48200104","chr15","36966649","36966959","52","11233144"
"chr11","48204716","48204797","chr3","122317918","122317994","9","74113202"
"chr11","48250253","48250540","chr11","47901042","47901330","1","349211"
"chr11","48251954","48252047","chr1","160944586","160944680","21","112692632"
"chr11","48272580","48272793","chr2B","234809628","234809848","38","186537048"
"chr11","48354034","48354306","chr11","48009725","48010030","34","344309"
"chr11","48393989","48394130","chr12","95708278","95708420","32","47314289"
"chr11","48410467","48410775","chr11","48068363","48068673","3","342104"
"chr11","48456217","48456526","chr11","48116313","48116623","9","339904"
"chr11","48480600","48480721","chr5","172392908","172393028","26","123912308"
"chr11","48498731","48499057","chr11","48165042","48165371","6","333689"
"chr11","48499270","48499591","chr11","48165584","48165905","2","333686"
"chr11","48532531","48532831","chr11","48199388","48199691","6","333143"
"chr11","48664733","48665043","chr11","48334736","48335047","2","329997"
"chr11","48674183","48674309","chr5","172392908","172393028","26","123718725"
"chr11","48674398","48674691","chr11","48344424","48344718","2","329974"
"chr11","48929958","48930242","chr11","48605125","48605409","0","324833"
"chr11","48963177","48963305","chr9","122440275","122440408","26","73477098"
"chr11","49594322","49594432","chr2B","142240066","142240170","30","92645744"
"chr11","49908177","49908262","chr4","153183031","153183115","12","103274854"
"chr11","50208547","50208859","chr5","79503620","79503923","44","29295073"
"chr11","50211114","50211196","chr14","100673591","100673682","29","50462477"
"chr11","50278954","50279066","chr14","35268910","35269034","27","15010044"
"chr11","50304372","50304440","chr17","4261422","4261478","28","46042950"
"chr11","50840672","50840942","chr11","48605125","48605409","29","2235547"
"chr11","56245580","56245869","chr10","12315917","12316212","36","43929663"
"chr11","56269365","56269647","chr11","123562220","123562500","55","67292855"
"chr11","56287898","56288028","chr17","13725819","13725948","32","42562079"
"chr11","56373249","56373561","chr3","50218818","50219127","39","6154431"
"chr11","56435311","56435618","chr3","188077096","188077404","38","131641785"
"chr11","56458489","56458799","chr16","63236915","63237222","36","6778426"
"chr11","56462179","56462472","chr2A","63086723","63087016","29","6624544"
"chr11","56463905","56464196","chr2B","175936274","175936569","40","119472369"
"chr11","56466771","56467063","chr9","14664053","14664343","31","41802718"
"chr11","56504394","56504688","chr17","79405727","79406019","30","22901333"
"chr11","56518743","56519039","chr12","111863778","111864077","39","55345035"
"chr11","56535412","56535627","chr16","26803895","26804104","38","29731517"
"chr11","56627540","56627841","chr21","19850092","19850389","37","36777448"
"chr11","56633020","56633293","chr17","47827245","47827519","40","8805775"
"chr11","56756434","56756725","chr17","1748555","1748835","45","55007879"
"chr11","56757229","56757522","chrX","38324889","38325178","58","18432340"
"chr11","56937791","56938041","chr6","18389413","18389669","30","38548378"
"chr11","57554128","57554438","chr6","15312245","15312527","61","42241883"
"chr11","57823246","57823559","chr15","40847596","40847904","39","16975650"
"chr11","57897271","57897568","chr1","160573223","160573519","34","102675952"
"chr11","57900473","57900616","chr20","53652319","53652459","24","4248154"
"chr11","57944547","57944841","chr1","15863019","15863311","49","42081528"
"chr11","58136767","58137084","chr15","64838189","64838509","67","6701422"
"chr11","58214554","58214765","chr1","62505798","62506007","39","4291244"
"chr11","58219966","58220265","chr11","57319915","57320215","2","900051"
"chr11","58236072","58236364","chr11","57336420","57336712","3","899652"
"chr11","58249235","58249539","chr11","57350681","57350985","4","898554"
"chr11","58260196","58260287","chrX","1340637","1340718","30","56919559"
"chr11","58272907","58273196","chr11","57375024","57375313","1","897883"
"chr11","58280449","58280705","chr12","124055811","124056063","38","65775362"
"chr11","58299427","58299704","chr11","57401241","57401518","2","898186"
"chr11","58377347","58377555","chr11","57481533","57481752","13","895814"
"chr11","58406539","58406840","chr11","57511497","57511800","2","895042"
"chr11","58411360","58411659","chr11","57516334","57516622","13","895026"
"chr11","58459935","58460047","chr2B","199271339","199271453","21","140811404"
"chr11","58468813","58468942","chr1","6844228","6844361","20","51624585"
"chr11","58763585","58763880","chr1","146220127","146220411","39","87456542"
"chr11","58773235","58773539","chr11","57882460","57882768","7","890775"
"chr11","58987675","58987908","chr11","58097789","58098022","1","889886"
"chr11","59004313","59004607","chr10","772209","772503","38","58232104"
"chr11","59071566","59071757","chr10","94362436","94362625","28","35290870"
"chr11","59109121","59109411","chr9","80364268","80364555","31","21255147"
"chr11","59112592","59112872","chr11","58224404","58224689","6","888188"
"chr11","59238720","59239002","chr6","24546277","24546562","37","34692443"
"chr11","59239502","59239790","chrX","130963037","130963326","39","71723535"
"chr11","59301307","59301607","chr11","58412778","58413076","2","888529"
"chr11","59306615","59306919","chr11","58418084","58418389","2","888531"
"chr11","59403045","59403294","chr11","58519545","58519794","2","883500"
"chr11","59513209","59513507","chr11","58636142","58636440","3","877067"
"chr11","59597178","59597481","chr11","58723207","58723512","2","873971"
"chr11","59827180","59827352","chr3","173683667","173683841","30","113856487"
"chr11","59875936","59876256","chr9","6609238","6609550","53","53266698"
"chr11","59885053","59885369","chr11","59016179","59016500","9","868874"
"chr11","59903175","59903268","chr6","108298721","108298814","18","48395546"
"chr11","59942297","59942385","chr13","24059413","24059502","18","35882884"
"chr11","59977142","59977249","chr6","159074849","159074952","21","99097707"
"chr11","60016615","60016920","chr11","59179350","59179659","6","837265"
"chr11","60045682","60045993","chr19","5324847","5325158","35","54720835"
"chr11","60062565","60062858","chr11","59229772","59230070","9","832793"
"chr11","60107070","60107211","chr6","84298883","84299012","25","24191813"
"chr11","60115735","60116023","chr11","59284294","59284585","6","831441"
"chr11","60144620","60144766","chr4","28030717","28030863","27","32113903"
"chr11","60278675","60278984","chr7","45859013","45859317","47","14419662"
"chr11","60285422","60285723","chr2A","75450165","75450468","30","15164743"
"chr11","60290960","60291254","chr11","59466335","59466630","1","824625"
"chr11","60310235","60310538","chr11","59486529","59486832","3","823706"
"chr11","60451383","60451672","chr11","59633172","59633475","15","818211"
"chr11","60584074","60584301","chr11","59769177","59769404","0","814897"
"chr11","60721339","60721428","chr2B","142240066","142240170","31","81518727"
"chr11","60721429","60721600","chrX","87941896","87942074","34","27220467"
"chr11","60721643","60721666","chr1","28547144","28547162","8","32174499"
"chr11","60724978","60725275","chr4","22394086","22394382","32","38330892"
"chr11","60755282","60755592","chr18","16986477","16986789","34","43768805"
"chr11","60785868","60786057","chr1","42863010","42863201","31","17922858"
"chr11","60848409","60848703","chr11","60040741","60041036","3","807668"
"chr11","60856426","60856636","chr10","124313822","124314037","36","63457396"
"chr11","60895992","60896296","chr1","53118077","53118382","37","7777915"
"chr11","60947421","60947736","chr11","60140176","60140487","8","807245"
"chr11","60978777","60979065","chr11","60171132","60171426","11","807645"
"chr11","61042885","61043184","chr2B","220814274","220814573","39","159771389"
"chr11","61102613","61102905","chr11","60300785","60301073","7","801828"
"chr11","61124035","61124084","chr2B","142239332","142239385","10","81115297"
"chr11","61136143","61136425","chr11","60340117","60340399","0","796026"
"chr11","61167448","61167553","chr2B","199271339","199271453","30","138103891"
"chr11","61194440","61194613","chr19","8411130","8411308","26","52783310"
"chr11","61202433","61202537","chr5","5624013","5624130","33","55578420"
"chr11","61203872","61204166","chr11","60410324","60410619","3","793548"
"chr11","61209908","61210064","chr12","988970","989128","23","60220938"
"chr11","61224271","61224597","chr11","60431470","60431779","26","792801"
"chr11","61227146","61227225","chr3","181238196","181238292","30","120011050"
"chr11","61277395","61277495","chr1","162362855","162362955","16","101085460"
"chr11","61282890","61283181","chr11","60491375","60491666","1","791515"
"chr11","61295155","61295242","chr12","129753197","129753289","20","68458042"
"chr11","61353634","61353922","chr11","60562992","60563280","1","790642"
"chr11","61366666","61366965","chr11","60575959","60576258","8","790707"
"chr11","61372339","61372648","chr11","60581957","60582264","3","790382"
"chr11","61372801","61372885","chr14","100673591","100673682","30","39300790"
"chr11","61386255","61386553","chr11","60597038","60597330","6","789217"
"chr11","61412380","61412695","chr11","60625774","60626089","2","786606"
"chr11","61449236","61449430","chr12","65769803","65770004","52","4320567"
"chr11","61457432","61457728","chr11","60672667","60672968","5","784765"
"chr11","61459762","61459852","chr3","181238196","181238292","23","119778434"
"chr11","61472504","61472663","chr6","160207566","160207725","22","98735062"
"chr11","61476827","61476950","chr2B","207026815","207026935","25","145549988"
"chr11","61488681","61488787","chr22","33938435","33938535","26","27550246"
"chr11","61503079","61503194","chr1","35354882","35354997","14","26148197"
"chr11","61529137","61529301","chr2A","99604899","99605060","38","38075762"
"chr11","61535763","61536034","chr3","10780675","10780946","55","50755088"
"chr11","61574728","61574849","chr5","172392908","172393028","21","110818180"
"chr11","61588206","61588440","chr11","60807191","60807427","2","781015"
"chr11","61602298","61602398","chr22","33938435","33938535","14","27663863"
"chr11","61618943","61619027","chr14","100673591","100673682","23","39054648"
"chr11","61637285","61637588","chr4","4451611","4451901","49","57185674"
"chr11","61653513","61653775","chr8","64398221","64398446","81","2744708"
"chr11","61665217","61665516","chr11","60886623","60886930","13","778594"
"chr11","61668008","61668342","chr2A","43836104","43836424","47","17831904"
"chr11","61700760","61701060","chr11","60923689","60923990","1","777071"
"chr11","62308256","62308479","chr1","22213209","22213430","27","40095047"
"chr11","62352882","62353041","chr19","51314101","51314260","21","11038781"
"chr11","62366720","62367017","chr11","61582018","61582314","1","784702"
"chr11","62376211","62376333","chr5","172392908","172393028","27","110016697"
"chr11","62376356","62376634","chr22","16187416","16187698","13","46188940"
"chr11","62412612","62412924","chr11","61627968","61628278","8","784644"
"chr11","62422405","62422705","chr5","155553737","155554038","39","93131332"
"chr11","62433661","62433970","chr11","61650261","61650562","36","783400"
"chr11","62445963","62446247","chr11","61662149","61662433","0","783814"
"chr11","62449833","62450146","chr11","61666029","61666347","16","783804"
"chr11","62452736","62453033","chr11","61669598","61669899","8","783138"
"chr11","62491142","62491249","chr2B","142240066","142240170","27","79748924"
"chr11","62496737","62496965","chr11","61715379","61715624","19","781358"
"chr11","62557649","62557960","chr13","99688199","99688506","30","37130550"
"chr11","62568354","62568662","chr11","61789124","61789434","5","779230"
"chr11","62572980","62573119","chr11","130686972","130687109","22","68113992"
"chr11","62636191","62636494","chr11","61852905","61853207","10","783286"
"chr11","62639800","62639883","chr14","100673591","100673682","19","38033791"
"chr11","62656990","62657075","chr4","153183031","153183115","6","90526041"
"chr11","62681002","62681314","chr11","61899056","61899369","2","781946"
"chr11","62869103","62869178","chr14","100673591","100673682","27","37804488"
"chr11","62879035","62879159","chr2A","62538961","62539069","39","340074"
"chr11","62880730","62880969","chr11","115373656","115373893","39","52492926"
"chr11","62892161","62892309","chr10","94398872","94399021","27","31506711"
"chr11","62892613","62892767","chr6","55699024","55699181","30","7193589"
"chr11","62893227","62893382","chr7","49671100","49671253","25","13222127"
"chr11","62901265","62901344","chr17","2787814","2787901","20","60113451"
"chr11","62979364","62979474","chr2B","205936995","205937106","23","142957631"
"chr11","63014358","63014444","chr8","142225495","142225587","18","79211137"
"chr11","63116007","63116208","chr1","134914965","134915166","32","71798958"
"chr11","63126281","63126577","chr11","62349725","62350021","2","776556"
"chr11","63163799","63164022","chr5","173297924","173298157","48","110134125"
"chr11","63370711","63371005","chr10","80448266","80448558","37","17077555"
"chr11","63403516","63403619","chr20","16652596","16652702","23","46750920"
"chr11","63427281","63427590","chr11","62656662","62656971","1","770619"
"chr11","63427600","63427708","chr6","159074849","159074952","18","95647249"
"chr11","63484306","63484616","chr11","62713232","62713541","2","771074"
"chr11","63507799","63507927","chr7","112797358","112797487","26","49289559"
"chr11","63510310","63510469","chr11","62739919","62740075","3","770391"
"chr11","63559096","63559217","chr8","26723415","26723536","24","36835681"
"chr11","63636206","63636387","chr8","78602832","78603015","32","14966626"
"chr11","63645438","63645595","chr11","62875566","62875723","0","769872"
"chr11","63648877","63649055","chr1","129379917","129380093","29","65731040"
"chr11","63667264","63667376","chr5","172392908","172393028","20","108725644"
"chr11","63671053","63671150","chr22","33938435","33938535","14","29732618"
"chr11","63709504","63709811","chr1","21949805","21950110","29","41759699"
"chr11","63729452","63729744","chr11","62961923","62962216","4","767529"
"chr11","63751804","63751972","chr16","66115499","66115667","24","2363695"
"chr11","63797478","63797803","chr8","27345808","27346121","45","36451670"
"chr11","63843628","63843936","chr11","63082354","63082664","5","761274"
"chr11","63855913","63855989","chr20","4894744","4894814","20","58961169"
"chr11","63862235","63862398","chr1","47645823","47645989","32","16216412"
"chr11","63869637","63869939","chr11","63108250","63108550","3","761387"
"chr11","63871954","63872220","chr6","154632311","154632588","47","90760357"
"chr11","63873886","63874154","chr1","92714926","92715182","40","28841040"
"chr11","63878764","63878987","chr11","63117356","63117580","1","761408"
"chr11","64115317","64115417","chr20","16652596","16652702","23","47462721"
"chr11","64141226","64141497","chr11","63382594","63382858","10","758632"
"chr11","64164644","64164736","chr12","31242059","31242152","10","32922585"
"chr11","64176425","64176598","chr5","438717","438887","26","63737708"
"chr11","64184667","64184967","chr11","63428564","63428865","3","756103"
"chr11","64351006","64351286","chr1","21064590","21064871","27","43286416"
"chr11","64374789","64374967","chr5","178397697","178397875","27","114022908"
"chr11","64375001","64375284","chr11","63627029","63627310","6","747972"
"chr11","64375285","64375341","chr15","76459329","76459375","15","12084044"
"chr11","64380192","64380490","chr11","63633414","63633713","3","746778"
"chr11","64404247","64404414","chr13","27760176","27760337","48","36644071"
"chr11","64431000","64431214","chr11","47096352","47096562","44","17334648"
"chr11","64458907","64458984","chr6","118110211","118110289","13","53651304"
"chr11","64498711","64499011","chr11","63757918","63758228","12","740793"
"chr11","64564109","64564393","chr11","63825337","63825621","0","738772"
"chr11","64569169","64569459","chr13","48019325","48019607","41","16549844"
"chr11","64593234","64593484","chr11","63856379","63856630","4","736855"
"chr11","64616772","64617065","chrX","22153884","22154179","29","42462888"
"chr11","64640908","64641058","chr7","25490963","25491107","26","39149945"
"chr11","64701208","64701367","chr1","128198509","128198667","23","63497301"
"chr11","64721240","64721540","chr1","26517476","26517776","1","38203764"
"chr11","64756763","64757042","chr3","117156145","117156424","40","52399382"
"chr11","64789633","64789811","chr6","37299122","37299292","35","27490511"
"chr11","64859822","64860126","chr11","64127598","64127905","3","732224"
"chr11","64890901","64891206","chr11","64159255","64159558","4","731646"
"chr11","64906946","64907255","chr1","122903883","122904193","32","57996937"
"chr11","65042460","65042575","chr2B","199271339","199271453","25","134228879"
"chr11","65076798","65076904","chr2B","205936995","205937106","28","140860197"
"chr11","65129478","65129624","chr5","139945451","139945585","24","74815973"
"chr11","65129692","65129986","chr11","64401967","64402261","0","727725"
"chr11","65201525","65201654","chr14","68364211","68364351","29","3162686"
"chr11","65216818","65216948","chr10","90658128","90658258","11","25441310"
"chr11","65255286","65255510","chr1","10065052","10065272","34","55190234"
"chr11","65262746","65263042","chr4","154294946","154295244","29","89032200"
"chr11","65314568","65314861","chr11","64586842","64587135","3","727726"
"chr11","65331862","65331976","chr14","39187669","39187794","33","26144193"
"chr11","65432357","65432646","chr11","64710350","64710641","2","722007"
"chr11","65439072","65439368","chr11","64717899","64718195","0","721173"
"chr11","65443556","65443686","chr19","3325372","3325502","10","62118184"
"chr11","65507067","65507158","chr13","24059413","24059502","17","41447654"
"chr11","65621820","65621942","chr5","172392908","172393028","26","106771088"
"chr11","65644983","65645165","chr8","83530037","83530217","38","17885054"
"chr11","65675956","65676105","chr11","64963873","64964022","0","712083"
"chr11","65712919","65713014","chr14","100673591","100673682","26","34960672"
"chr11","65761959","65762248","chr1","133678853","133679140","40","67916894"
"chr11","65770333","65770455","chrX","104316738","104316858","12","38546405"
"chr11","65784850","65784959","chr2B","205936995","205937106","28","140152145"
"chr11","65787827","65787935","chr3","181143385","181143493","19","115355558"
"chr11","65797631","65797788","chr15","69362160","69362318","22","3564529"
"chr11","65822209","65822501","chr11","65102805","65103098","2","719404"
"chr11","65866833","65866998","chr2B","201293080","201293244","27","135426247"
"chr11","65875568","65875786","chr11","65164699","65164917","3","710869"
"chr11","65878453","65878753","chr11","65167588","65167888","0","710865"
"chr11","66014471","66014767","chr11","65305672","65305980","16","708799"
"chr11","66131615","66131910","chr11","65424607","65424902","0","707008"
"chr11","66151290","66151558","chr11","65444032","65444340","40","707258"
"chr11","66205135","66205413","chr1","21064590","21064871","33","45140545"
"chr11","66237039","66237232","chr9","22334300","22334493","28","43902739"
"chr11","66288183","66288478","chr11","65580336","65580627","6","707847"
"chr11","66354840","66354993","chr11","65645495","65645665","17","709345"
"chr11","66502312","66502351","chr10","75445791","75445831","16","8943479"
"chr11","66503750","66504051","chr11","65799305","65799602","4","704445"
"chr11","66505746","66506054","chr11","65801315","65801627","4","704431"
"chr11","66574893","66575122","chr9","126318266","126318504","50","59743373"
"chr11","66663651","66663961","chr11","65964624","65964935","6","699027"
"chr11","66670480","66670783","chr11","65972267","65972570","1","698213"
"chr11","66674833","66675117","chr11","65977123","65977411","4","697710"
"chr11","66679731","66680026","chr11","65982291","65982588","3","697440"
"chr11","66700519","66700686","chr4","143756620","143756779","28","77056101"
"chr11","66842411","66842639","chr11","66151416","66151665","27","690995"
"chr11","66896511","66896783","chr22","43143911","43144188","42","23752600"
"chr11","67063547","67063715","chr6","37299122","37299292","25","29764425"
"chr11","67194728","67195023","chr11","81612582","81612877","43","14417854"
"chr11","67222444","67222751","chr11","66524115","66524420","6","698329"
"chr11","67227123","67227427","chr11","66528986","66529289","11","698137"
"chr11","67273028","67273325","chrX","55251416","55251716","32","12021612"
"chr11","67276158","67276385","chr6","152649833","152650055","30","85373675"
"chr11","67278809","67279106","chr11","66583164","66583453","12","695645"
"chr11","67341867","67342169","chr6","31251263","31251563","35","36090604"
"chr11","67411457","67411630","chr6","31499828","31500000","25","35911629"
"chr11","67431845","67432144","chr1","29105712","29106008","38","38326133"
"chr11","67436408","67436513","chr6","159074849","159074952","20","91638441"
"chr11","67527680","67527988","chr11","66841775","66842084","4","685905"
"chr11","67577123","67577436","chr4","115885737","115886047","36","48308614"
"chr11","67599316","67599620","chr11","66917444","66917748","1","681872"
"chr11","67653864","67654154","chr19","57266614","57266900","30","10387250"
"chr11","67768983","67769294","chr11","67094344","67094655","0","674639"
"chr11","67811228","67811526","chr11","67137019","67137327","11","674209"
"chr11","68048765","68049077","chr11","67381829","67382153","15","666936"
"chr11","68088405","68088694","chr11","67423068","67423382","27","665337"
"chr11","68140176","68140484","chr11","67476301","67476609","1","663875"
"chr11","68143247","68143330","chr11","8774884","8774956","24","59368363"
"chr11","68144390","68144670","chr9","37655366","37655651","36","30489024"
"chr11","68305688","68305996","chr11","67645104","67645412","0","660584"
"chr11","68316430","68316622","chr9","97028914","97029116","31","28712484"
"chr11","68316623","68316928","chrX","140941272","140941578","39","72624649"
"chr11","68384251","68384552","chr11","67726753","67727056","2","657498"
"chr11","68540337","68540650","chr5","81706797","81707108","45","13166460"
"chr11","68585965","68586072","chr2B","205936995","205937106","23","137351030"
"chr11","68594630","68594923","chr20","30203956","30204252","40","38390674"
"chr11","68614583","68614882","chr11","67956911","67957209","2","657672"
"chr11","68641155","68641465","chr11","67983001","67983311","1","658154"
"chr11","68650347","68650434","chr14","100673591","100673682","14","32023244"
"chr11","68674013","68674314","chr4","17445476","17445773","43","51228537"
"chr11","68732292","68732596","chr11","68078223","68078527","1","654069"
"chr11","68777671","68777962","chr8","122677477","122677772","30","53899806"
"chr11","68788554","68788722","chr11","68139581","68139755","6","648973"
"chr11","68990106","68990408","chr11","68337436","68337742","6","652670"
"chr11","69144041","69144147","chr2B","142240066","142240170","26","73096025"
"chr11","69175047","69175256","chr3","198771121","198771322","41","129596074"
"chr11","69300190","69300302","chr20","16652596","16652702","19","52647594"
"chr11","69329867","69330129","chr11","68695188","68695442","15","634679"
"chr11","69597044","69597349","chr11","68966028","68966334","3","631016"
"chr11","69763190","69763489","chr11","69135082","69135377","4","628108"
"chr11","69882742","69883019","chr11","69257373","69257650","1","625369"
"chr11","69916261","69916577","chr11","69293863","69294182","11","622398"
"chr11","70098483","70098788","chr12","8513235","8513546","18","61585248"
"chr11","70206740","70207044","chr11","69624518","69624825","3","582222"
"chr11","70231126","70231297","chr6","128521422","128521597","34","58290296"
"chr11","70289044","70289205","chr1","29277911","29278085","39","41011133"
"chr11","70289689","70289905","chr4","112070872","112071083","65","41781183"
"chr11","70330272","70330396","chr1","6844228","6844361","32","63486044"
"chr11","70348627","70348751","chr11","69767970","69768094","0","580657"
"chr11","70451813","70452094","chr11","69873559","69873865","33","578254"
"chr11","70461367","70461665","chr11","69883130","69883428","3","578237"
"chr11","70555198","70555499","chr11","69979010","69979310","2","576188"
"chr11","70579295","70579597","chr1","26661977","26662280","40","43917318"
"chr11","70855181","70855479","chr11","70287529","70287827","1","567652"
"chr11","71029533","71029827","chr10","102595684","102595977","38","31566151"
"chr11","71099981","71100280","chr1","45107017","45107309","42","25992964"
"chr11","71110672","71110985","chr3","181262692","181262994","39","110152020"
"chr11","71147612","71147909","chr11","70580969","70581272","6","566643"
"chr11","71169913","71170080","chr12","56897944","56898113","31","14271969"
"chr11","71174346","71174640","chr11","70608139","70608433","0","566207"
"chr11","71194822","71194918","chr12","12586014","12586108","18","58608808"
"chr11","71279358","71279667","chr11","70714608","70714911","6","564750"
"chr11","71552048","71552147","chr14","100673591","100673682","24","29121543"
"chr11","71553435","71553748","chr11","70992183","70992497","4","561252"
"chr11","71554738","71555046","chr11","70993487","70993795","0","561251"
"chr11","71572147","71572285","chr4","28030717","28030863","30","43541430"
"chr11","71757045","71757358","chr11","71199564","71199876","3","557481"
"chr11","71909775","71910070","chr11","71354787","71355085","4","554988"
"chr11","71937162","71937262","chr1","160944586","160944680","17","89007424"
"chr11","71948089","71948224","chr2A","32693701","32693835","21","39254388"
"chr11","71953666","71953965","chr1","39304579","39304880","3","32649087"
"chr11","71981957","71982126","chr18","56317239","56317402","29","15664718"
"chr11","72018563","72018872","chr1","39371633","39371943","2","32646930"
"chr11","72082373","72082677","chr11","71436766","71437074","6","645607"
"chr11","72139659","72139960","chr4","168518745","168519047","57","96379086"
"chr11","72155338","72155557","chr11","71517092","71517312","10","638246"
"chr11","72166884","72167057","chr20","54094540","54094721","38","18072344"
"chr11","72180758","72180864","chr6","159074849","159074952","20","86894091"
"chr11","72184674","72184982","chr11","71551764","71552070","3","632910"
"chr11","72220776","72221084","chr11","71589563","71589871","2","631213"
"chr11","72223864","72224169","chr11","71592906","71593212","1","630958"
"chr11","72229235","72229535","chr11","71598279","71598578","5","630956"
"chr11","72232969","72233062","chr22","33938435","33938535","23","38294534"
"chr11","72251240","72251327","chr14","100673591","100673682","12","28422351"
"chr11","72267382","72267553","chr4","85330965","85331136","26","13063583"
"chr11","72285218","72285525","chr11","71656966","71657273","4","628252"
"chr11","72293146","72293445","chr11","71664920","71665221","5","628226"
"chr11","72305524","72305717","chr11","71677728","71677921","1","627796"
"chr11","72311001","72311294","chr11","71683466","71683759","3","627535"
"chr11","72377168","72377314","chr4","28030717","28030863","34","44346451"
"chr11","72378828","72379001","chr8","95901878","95902047","29","23523050"
"chr11","72420364","72420657","chr11","71795908","71796199","3","624456"
"chr11","72695812","72695943","chr2A","32693701","32693835","24","40002111"
"chr11","72714616","72714793","chr22","30033402","30033585","21","42681214"
"chr11","72912442","72912753","chr11","72297981","72298292","4","614461"
"chr11","72977135","72977417","chr11","72364744","72365030","4","612391"
"chr11","72977477","72977732","chr11","72365090","72365376","31","612387"
"chr11","73118488","73118788","chr11","72508791","72509097","8","609697"
"chr11","73127575","73127636","chr11","47990760","47990828","15","25136815"
"chr11","73138528","73138686","chr11","130714025","130714175","35","57575497"
"chr11","73138966","73139105","chr1","29278377","29278505","29","43860589"
"chr11","73316061","73316350","chr12","45874078","45874367","54","27441983"
"chr11","73362319","73362621","chr11","72757634","72757952","19","604685"
"chr11","73373212","73373507","chr11","72768645","72768942","3","604567"
"chr11","73445706","73445933","chr11","72841716","72841946","6","603990"
"chr11","73462494","73462528","chr4","84674105","84674137","7","11211611"
"chr11","73479896","73480189","chr11","72876107","72876403","3","603789"
"chr11","73518725","73518971","chr6","148597496","148597729","38","75078771"
"chr11","73522527","73522745","chr11","72920874","72921092","1","601653"
"chr11","73549664","73549752","chr13","24059413","24059502","18","49490251"
"chr11","73550288","73550376","chr1","23266721","23266807","24","50283567"
"chr11","73660759","73661054","chr11","73064140","73064425","27","596619"
"chr11","73672250","73672545","chr11","73075607","73075900","2","596643"
"chr11","73821050","73821294","chr5","160096241","160096475","45","86275191"
"chr11","73984237","73984334","chr3","181238196","181238292","15","107253959"
"chr11","74024393","74024708","chr11","73427698","73428017","4","596695"
"chr11","74035004","74035116","chr3","181144080","181144190","16","107109076"
"chr11","74183459","74183732","chr11","73587218","73587510","20","596241"
"chr11","74319644","74319790","chr11","73724242","73724388","0","595402"
"chr11","74407723","74408018","chr11","73813460","73813763","8","594263"
"chr11","75000903","75001212","chrX","71195993","71196297","49","3804910"
"chr11","75179324","75179540","chr3","200711023","200711239","36","125531699"
"chr11","75184737","75184865","chr22","35041748","35041876","36","40142989"
"chr11","75255742","75256051","chr6","161832205","161832513","39","86576463"
"chr11","75331170","75331466","chr11","74403217","74403512","6","927953"
"chr11","75418094","75418423","chr9","103860867","103861184","62","28442773"
"chr11","75451988","75452172","chr1","29277911","29278085","41","46174077"
"chr11","75520713","75520805","chr22","33938435","33938535","24","41582278"
"chr11","75674323","75674533","chr11","74758165","74758375","0","916158"
"chr11","75678652","75678938","chr11","74762504","74762792","3","916148"
"chr11","75696000","75696313","chr8","104771437","104771744","39","29075437"
"chr11","75745371","75745532","chr11","74831388","74831549","1","913983"
"chr11","75918222","75918353","chr12","6546624","6546764","23","69371598"
"chr11","75921238","75921548","chr11","75010096","75010387","21","911142"
"chr11","75931228","75931313","chr13","24059413","24059502","20","51871815"
"chr11","75948582","75948901","chr11","75037872","75038190","11","910710"
"chr11","75976802","75976975","chr1","139702693","139702870","28","63725891"
"chr11","76006851","76007141","chr11","75098822","75099116","5","908029"
"chr11","76011898","76012195","chr11","75103892","75104194","7","908006"
"chr11","76057504","76057817","chr11","75148553","75148863","5","908951"
"chr11","76061182","76061364","chr5","76266656","76266847","29","205474"
"chr11","76210346","76210650","chr1","160979595","160979897","43","84769249"
"chr11","76283962","76284262","chr11","75381049","75381350","4","902913"
"chr11","76348119","76348426","chr11","75449977","75450285","5","898142"
"chr11","76358386","76358695","chr13","47677834","47678138","59","28680552"
"chr11","76372547","76372837","chr11","75474490","75474787","27","898057"
"chr11","76443859","76444077","chr11","75545758","75545976","0","898101"
"chr11","76467905","76468197","chr11","75570343","75570653","19","897562"
"chr11","76473893","76474046","chr4","149843795","149843946","21","73369902"
"chr11","76479681","76479854","chrX","47979227","47979406","29","28500454"
"chr11","76572051","76572221","chr1","42863010","42863201","38","33709041"
"chr11","76595372","76595673","chr11","75700625","75700927","3","894747"
"chr11","76598946","76599044","chr22","33938435","33938535","20","42660511"
"chr11","76666265","76666379","chr10","101398659","101398772","32","24732394"
"chr11","76667804","76667923","chr4","25118426","25118554","32","51549378"
"chr11","76710425","76710741","chr11","75836132","75836421","27","874293"
"chr11","76742745","76743056","chr11","75869336","75869648","3","873409"
"chr11","76800422","76800543","chr3","181143385","181143493","32","104342963"
"chr11","76801318","76801617","chr11","75930916","75931226","12","870402"
"chr11","76864092","76864172","chr3","27665315","27665404","34","49198777"
"chr11","76988070","76988382","chr11","76118165","76118477","2","869905"
"chr11","77073854","77074159","chr11","76204998","76205302","2","868856"
"chr11","77136132","77136420","chr11","76267610","76267899","2","868522"
"chr11","77147921","77148204","chr11","76279409","76279692","1","868512"
"chr11","77190779","77190899","chr2B","199271339","199271453","25","122080560"
"chr11","77256995","77257290","chr11","76389919","76390215","5","867076"
"chr11","77498995","77499290","chr11","76631408","76631704","4","867587"
"chr11","77637786","77638062","chr14","93491904","93492189","41","15854118"
"chr11","77642546","77642756","chr11","76774657","76774867","1","867889"
"chr11","78182266","78182380","chr2B","207026815","207026935","20","128844549"
"chr11","78263345","78263649","chr6","101344449","101344744","45","23081104"
"chr11","78473255","78473540","chr11","77624283","77624568","1","848972"
"chr11","78544165","78544461","chr11","77696557","77696853","1","847608"
"chr11","78777174","78777479","chr11","77930828","77931129","6","846346"
"chr11","78884576","78884861","chr11","78039868","78040153","5","844708"
"chr11","78938513","78938818","chr11","78094651","78094956","2","843862"
"chr11","79049258","79049572","chr1","181580977","181581283","47","102531719"
"chr11","79063936","79064220","chr11","78223592","78223875","4","840344"
"chr11","79161754","79162066","chr11","78321639","78321950","5","840115"
"chr11","79213795","79214094","chr11","78376501","78376799","4","837294"
"chr11","79672771","79673066","chr11","78846513","78846816","12","826258"
"chr11","80118463","80118625","chr18","42055327","42055484","29","38063136"
"chr11","80163838","80164141","chr11","79343687","79343992","4","820151"
"chr11","80177425","80177515","chr12","12586014","12586108","19","67591411"
"chr11","80525135","80525441","chr11","79711807","79712111","3","813328"
"chr11","80659694","80659973","chr11","79846089","79846368","0","813605"
"chr11","80988138","80988447","chr11","80189284","80189585","16","798854"
"chr11","81105854","81106170","chr11","80322123","80322440","3","783731"
"chr11","81418514","81418817","chr11","80652898","80653204","7","765616"
"chr11","81443981","81444290","chr15","39477035","39477341","33","41966946"
"chr11","81639650","81639799","chr1","207299603","207299748","28","125659953"
"chr11","81728063","81728128","chr17","4261422","4261478","29","77466641"
"chr11","81760281","81760566","chr8","105552616","105552904","54","23792335"
"chr11","81765565","81765719","chr11","81003279","81003433","0","762286"
"chr11","81775336","81775422","chr8","46091691","46091777","21","35683645"
"chr11","81778104","81778398","chr11","81016362","81016671","20","761742"
"chr11","81793468","81793754","chr11","81032662","81032948","1","760806"
"chr11","81930644","81930931","chr10","32619112","32619399","58","49311532"
"chr11","82039466","82039764","chr11","81281551","81281849","4","757915"
"chr11","82345967","82346250","chr9","33729184","33729467","37","48616783"
"chr11","82407495","82407788","chr1","29105712","29106008","48","53301783"
"chr11","82527732","82527847","chr5","172392908","172393028","31","89865176"
"chr11","82739345","82739629","chr11","81979819","81980102","3","759526"
"chr11","82919480","82919796","chr11","82159701","82160018","3","759779"
"chr11","82983324","82983640","chr11","82220928","82221246","4","762396"
"chr11","83003732","83003788","chr4","2917522","2917561","26","80086210"
"chr11","83173372","83173663","chr11","82412898","82413202","14","760474"
"chr11","83206563","83206711","chrX","40675473","40675619","19","42531090"
"chr11","83212682","83212977","chr3","183720328","183720621","40","100507646"
"chr11","83241553","83241850","chr12","12966475","12966767","43","70275078"
"chr11","84023868","84023992","chr1","147248776","147248910","23","63224908"
"chr11","84194733","84195040","chrX","14129073","14129378","35","70065660"
"chr11","84217858","84217915","chr2A","39227558","39227614","17","44990300"
"chr11","84250286","84250585","chr11","83509291","83509588","2","740995"
"chr11","84287322","84287620","chr1","53118077","53118382","37","31169245"
"chr11","84435286","84435566","chr20","21351850","21352145","58","63083436"
"chr11","84527720","84527987","chr11","83786724","83786991","1","740996"
"chr11","84563431","84563563","chr11","83823410","83823542","0","740021"
"chr11","84567994","84568164","chr11","83827933","83828103","0","740061"
"chr11","84569198","84569315","chr5","172392908","172393028","26","87823710"
"chr11","84747273","84747577","chr2B","227640934","227641234","36","142893661"
"chr11","84749251","84749329","chr14","100673591","100673682","23","15924340"
"chr11","84789409","84789519","chr20","16652596","16652702","22","68136813"
"chr11","84828767","84828854","chr11","84093034","84093121","0","735733"
"chr11","84862926","84863229","chr11","84130628","84130931","0","732298"
"chr11","84891926","84892269","chr11","84159591","84159902","33","732335"
"chr11","84973357","84973673","chr11","84246436","84246726","28","726921"
"chr11","84976271","84976355","chr8","46091691","46091777","21","38884580"
"chr11","84976537","84976803","chr11","84250152","84250418","0","726385"
"chr11","85179747","85180030","chr11","84452652","84452936","1","727095"
"chr11","85607817","85608125","chrX","146616991","146617299","37","61009174"
"chr11","85657827","85658134","chr16","14733833","14734141","34","70923994"
"chr11","85674759","85675061","chr11","84954666","84954968","2","720093"
"chr11","85719692","85719991","chr11","85000474","85000777","7","719218"
"chr11","85736943","85737248","chr11","85020444","85020749","0","716499"
"chr11","85744976","85745283","chr11","85028482","85028789","1","716494"
"chr11","85856825","85857125","chr5","10350860","10351158","52","75505965"
"chr11","86597107","86597389","chr11","85898116","85898417","19","698991"
"chr11","86731592","86731896","chr11","113283803","113284106","39","26552211"
"chr11","86851260","86851369","chr3","181143385","181143493","29","94292125"
"chr11","87120267","87120552","chr11","86464968","86465254","3","655299"
"chr11","87266507","87266804","chr11","86612501","86612805","8","654006"
"chr11","87615691","87615986","chr11","86986824","86987121","7","628867"
"chr11","87616887","87617202","chr2B","167387827","167388136","44","79770940"
"chr11","87810032","87810293","chr11","87185302","87185570","10","624730"
"chr11","87945584","87945662","chr8","46091691","46091777","21","41853893"
"chr11","88582576","88582690","chr2A","53121147","53121278","39","35461429"
"chr11","88603994","88604318","chr1","112753630","112753949","76","24149636"
"chr11","88670189","88670469","chr11","87955135","87955415","2","715054"
"chr11","88798788","88799071","chr11","88087858","88088141","1","710930"
"chr11","88800427","88800710","chr11","88089490","88089773","1","710937"
"chr11","89074356","89074636","chr9","33729184","33729467","42","55345172"
"chr11","89410398","89410690","chr11","88624991","88625289","8","785407"
"chr11","89660081","89660378","chr6","10760921","10761217","38","78899160"
"chr11","89989379","89989528","chr11","89216520","89216674","7","772859"
"chr11","90299486","90299784","chr6","101745985","101746280","39","11446499"
"chr11","90457040","90457202","chr5","109791696","109791859","25","19334656"
"chr11","90463434","90463712","chr2A","48606986","48607267","46","41856448"
"chr11","90515499","90515606","chr11","108679997","108680104","28","18164498"
"chr11","90700820","90700939","chr2B","207026815","207026935","27","116325995"
"chr11","90986502","90986798","chr2A","63086723","63087016","30","27899779"
"chr11","91413029","91413325","chr11","90692215","90692513","3","720814"
"chr11","91520055","91520208","chr10","92530394","92530537","28","1010339"
"chr11","91614164","91614471","chr11","90893438","90893745","1","720726"
"chr11","91706146","91706236","chr14","100673591","100673682","15","8967445"
"chr11","91742227","91742544","chr11","91022246","91022562","2","719981"
"chr11","91810213","91810356","chr5","45503969","45504114","21","46306244"
"chr11","91861723","91861969","chr11","91142231","91142478","1","719492"
"chr11","91884103","91884411","chr11","91165086","91165394","0","719017"
"chr11","91976128","91976251","chr5","14780945","14781085","30","77195183"
"chr11","91977409","91977699","chr11","91262554","91262852","9","714855"
"chr11","92249190","92249332","chr6","160207566","160207725","43","67958376"
"chr11","92292567","92292712","chr10","106630574","106630719","29","14338007"
"chr11","92334329","92334464","chr10","101398659","101398772","42","9064330"
"chr11","92412137","92412279","chr11","91704693","91704835","1","707444"
"chr11","92501737","92501986","chr11","91797762","91798010","2","703975"
"chr11","92786137","92786236","chr1","182725129","182725248","33","89938992"
"chr11","92932544","92932827","chr11","92216884","92217169","2","715660"
"chr11","92977769","92977899","chr20","57951435","57951565","26","35026334"
"chr11","93031107","93031398","chr11","92316191","92316487","5","714916"
"chr11","93040236","93040533","chr11","92325335","92325633","5","714901"
"chr11","93085387","93085473","chr13","24059413","24059502","14","69025974"
"chr11","93136663","93136957","chr11","92383688","92383984","5","752975"
"chr11","93143888","93143983","chr3","181238196","181238292","18","88094308"
"chr11","93219425","93219719","chr11","92465702","92465997","2","753723"
"chr11","93495280","93495410","chr11","92742876","92743005","2","752404"
"chr11","93663434","93663727","chr7","29178187","29178477","55","64485247"
"chr11","93720818","93721079","chr11","92968029","92968290","5","752789"
"chr11","93806946","93807255","chrX","98820161","98820457","68","5013215"
"chr11","94014401","94014477","chr14","100673591","100673682","22","6659190"
"chr11","94021993","94022305","chr11","93271062","93271372","7","750931"
"chr11","94025768","94025970","chr13","23665187","23665387","31","70360581"
"chr11","94042661","94042918","chr11","93290489","93290746","0","752172"
"chr11","94068738","94069015","chr11","93316564","93316872","32","752174"
"chr11","94562390","94562685","chr9","106320597","106320895","35","11758207"
"chr11","94574975","94575267","chr11","93831465","93831764","9","743510"
"chr11","94668036","94668130","chr14","100673591","100673682","15","6005555"
"chr11","94681391","94681670","chr11","93939197","93939510","36","742194"
"chr11","94738053","94738344","chr11","93999253","93999544","1","738800"
"chr11","94801869","94802161","chr7","66849030","66849321","35","27952839"
"chr11","94828692","94829028","chr11","94090627","94090939","24","738065"
"chr11","95017451","95017727","chr11","94280239","94280502","19","737212"
"chr11","95165805","95166019","chr11","94440300","94440517","5","725505"
"chr11","95218304","95218602","chr11","94492959","94493258","7","725345"
"chr11","95378561","95378677","chr11","94653835","94653953","2","724726"
"chr11","95915416","95915712","chr11","95198449","95198745","0","716967"
"chr11","95998111","95998383","chr11","95286345","95286623","6","711766"
"chr11","96388464","96388743","chr17","1748555","1748835","40","94639909"
"chr11","96555230","96555529","chr11","95859053","95859351","2","696177"
"chr11","96752051","96752180","chr13","20200286","20200416","14","76551765"
"chr11","96789497","96789793","chr11","96116001","96116297","2","673496"
"chr11","96823942","96824067","chr5","172392908","172393028","30","75568966"
"chr11","96907967","96908258","chr11","96222537","96222832","5","685430"
"chr11","96979178","96979306","chr4","84675478","84675615","21","12303700"
"chr11","96994400","96994533","chr2A","32693701","32693835","29","64300699"
"chr11","97021562","97021748","chr8","118568824","118569008","31","21547262"
"chr11","97064116","97064416","chr11","96374281","96374581","0","689835"
"chr11","97074049","97074351","chr11","96384232","96384561","36","689817"
"chr11","97092966","97093085","chr8","26723415","26723536","25","70369551"
"chr11","97203650","97203766","chr7","112797358","112797487","30","15593708"
"chr11","97301987","97302296","chr11","96619950","96620263","4","682037"
"chr11","97573192","97573483","chr11","96900852","96901143","0","672340"
"chr11","97675533","97675850","chr11","97004302","97004622","3","671231"
"chr11","97708146","97708442","chr11","97038283","97038577","27","669863"
"chr11","97732033","97732150","chr8","26723415","26723536","31","71008618"
"chr11","97864894","97865020","chr11","97204039","97204163","4","660855"
"chr11","97889699","97889995","chr1","28977954","28978246","31","68911745"
"chr11","98001293","98001592","chr11","97344814","97345098","20","656479"
"chr11","98146521","98146825","chr11","97492434","97492750","16","654087"
"chr11","99069054","99069336","chr11","98430091","98430373","2","638963"
"chr11","99152770","99153056","chr11","98514517","98514803","1","638253"
"chr11","99182121","99182429","chr11","98545071","98545389","16","637050"
"chr11","99242443","99242746","chr11","98610636","98610945","8","631807"
"chr11","99275322","99275580","chr14","92804957","92805217","42","6470365"
"chr11","99457263","99457303","chr14","73545453","73545498","15","25911810"
"chr11","99496751","99497039","chr11","98871856","98872144","1","624895"
"chr11","99615470","99615537","chr19","17268802","17268857","28","82346668"
"chr11","99734102","99734406","chr11","99112408","99112720","11","621694"
"chr11","99967889","99968192","chr11","99350620","99350925","4","617269"
"chr11","100093488","100093764","chrX","107593886","107594165","41","7500398"
"chr11","100273234","100273546","chr11","99669051","99669364","4","604183"
"chr11","100276458","100276725","chr11","99672277","99672553","10","604181"
"chr11","100420449","100420759","chr11","99815753","99816063","0","604696"
"chr11","100548958","100549259","chr11","99948944","99949247","11","600014"
"chr11","100564203","100564327","chr2B","199271339","199271453","28","98707136"
"chr11","100608175","100608457","chr1","61948807","61949086","57","38659368"
"chr11","100628816","100629093","chr1","92329969","92330229","44","8298847"
"chr11","100725397","100725613","chr8","64398221","64398446","39","36327176"
"chr11","100728483","100728790","chr12","33309086","33309391","41","67419397"
"chr11","100757509","100757748","chr5","160096241","160096475","36","59338732"
"chr11","101318103","101318132","chr3","48388384","48388414","10","52929719"
"chr11","101414738","101415011","chr11","100830001","100830274","1","584737"
"chr11","101521345","101521625","chr17","26232760","26233035","32","75288585"
"chr11","101529907","101530019","chr2A","62538961","62539069","25","38990946"
"chr11","101571933","101572220","chr11","100990481","100990768","1","581452"
"chr11","101681998","101682308","chr11","101102887","101103197","2","579111"
"chr11","102205978","102206275","chr11","101631400","101631699","3","574578"
"chr11","102486197","102486474","chr11","101915798","101916075","1","570399"
"chr11","102509393","102509704","chr11","101938887","101939229","33","570506"
"chr11","102819454","102819635","chr11","102257748","102257930","2","561706"
"chr11","103172412","103172686","chr1","21064590","21064871","42","82107822"
"chr11","103368509","103368811","chr1","10063605","10063905","36","93304904"
"chr11","103462168","103462451","chr11","102897944","102898227","0","564224"
"chr11","103733702","103733980","chr11","103170592","103170874","11","563110"
"chr11","103751595","103751907","chr2A","57877325","57877637","68","45874270"
"chr11","104104917","104105215","chr11","103549762","103550060","0","555155"
"chr11","104415266","104415432","chr11","103866105","103866270","1","549161"
"chr11","104594707","104595003","chr11","104051003","104051299","2","543704"
"chr11","104780483","104780597","chr2B","210790127","210790232","24","106009644"
"chr11","104931769","104932069","chr11","104398266","104398565","6","533503"
"chr11","104979578","104979883","chr11","104446217","104446522","0","533361"
"chr11","105065963","105066270","chr11","104533185","104533499","9","532778"
"chr11","105126317","105126622","chr11","104593715","104594020","2","532602"
"chr11","105306415","105306512","chr3","181238196","181238292","26","75931781"
"chr11","105306872","105306967","chr11","104778799","104778894","3","528073"
"chr11","105368419","105368718","chr11","104838239","104838538","3","530180"
"chr11","105560846","105561134","chr12","45874078","45874367","40","59686768"
"chr11","105605770","105606089","chr8","31985539","31985863","48","73620231"
"chr11","105683627","105683941","chr11","105164893","105165208","1","518734"
"chr11","105758766","105759055","chr13","95641560","95641851","38","10117206"
"chr11","106088005","106088300","chr7","4812732","4813028","34","101275273"
"chr11","106123997","106124169","chr9","124855084","124855264","29","18731087"
"chr11","106172440","106172750","chrX","97934165","97934474","39","8238275"
"chr11","106177970","106178242","chr6","162678441","162678712","63","56500471"
"chr11","106186347","106186608","chr1","124399374","124399636","38","18213027"
"chr11","106211149","106211422","chr11","105699950","105700197","33","511199"
"chr11","106221054","106221343","chr11","105710675","105710982","21","510379"
"chr11","106245087","106245376","chr11","105734326","105734616","3","510761"
"chr11","106299551","106299780","chr11","105790217","105790447","4","509334"
"chr11","106311596","106311725","chr9","69573837","69573962","30","36737759"
"chr11","106352390","106352518","chr1","46484701","46484838","25","59867689"
"chr11","106352579","106352889","chr4","141609401","141609710","36","35256822"
"chr11","106365155","106365285","chr1","6844228","6844361","27","99520927"
"chr11","106381404","106381715","chr4","39133883","39134186","45","67247521"
"chr11","106413033","106413341","chr11","105910316","105910626","4","502717"
"chr11","106422201","106422499","chr11","105919888","105920188","6","502313"
"chr11","106488830","106489157","chr11","105987563","105987889","7","501267"
"chr11","106543404","106543671","chr11","106042413","106042655","28","500991"
"chr11","106593907","106594082","chr4","26666455","26666626","32","79927452"
"chr11","106679343","106679650","chr11","106180727","106181025","10","498616"
"chr11","106680272","106680414","chr12","108888180","108888317","26","2207908"
"chr11","106710433","106710721","chr11","106212210","106212498","1","498223"
"chr11","106759912","106760220","chr11","106266064","106266374","2","493848"
"chr11","106769714","106770022","chr11","106275900","106276210","5","493814"
"chr11","106856829","106857041","chr15","72703713","72703890","66","34153116"
"chr11","106874571","106874770","chr4","155558000","155558189","40","48683429"
"chr11","107047027","107047336","chr11","106554935","106555243","2","492092"
"chr11","107214920","107215113","chr11","106727756","106727949","1","487164"
"chr11","107280474","107280773","chr21","4065891","4066188","36","103214583"
"chr11","107385436","107385729","chr11","106895076","106895370","3","490360"
"chr11","107804815","107805116","chr11","107315291","107315594","3","489524"
"chr11","108276983","108277294","chr11","107412713","107413023","6","864270"
"chr11","108513915","108514025","chr5","172392908","172393028","24","63878993"
"chr11","108641600","108641867","chr11","107783559","107783826","1","858041"
"chr11","108746411","108746700","chr11","107891952","107892242","2","854459"
"chr11","108906553","108906632","chr3","27665315","27665404","22","81241238"
"chr11","108907059","108907351","chr11","108054922","108055215","2","852137"
"chr11","108930055","108930227","chr18","50857479","50857649","34","58072576"
"chr11","108949679","108949848","chr3","149285465","149285633","30","40335786"
"chr11","109010919","109011214","chr11","108159682","108159977","2","851237"
"chr11","109027331","109027627","chr11","108176497","108176792","2","850834"
"chr11","109052500","109052767","chr11","108202711","108202977","2","849789"
"chr11","109061987","109062151","chrX","15694332","15694494","27","93367655"
"chr11","109062440","109062574","chr3","126157086","126157216","15","17094646"
"chr11","109099221","109099328","chr2B","205936995","205937106","25","96837774"
"chr11","109155653","109155822","chr8","87620598","87620765","29","21535055"
"chr11","109166526","109166694","chr20","45549956","45550123","22","63616570"
"chr11","109398096","109398246","chr12","12922936","12923089","32","96475160"
"chr11","109517403","109517728","chr19","50128366","50128679","50","59389037"
"chr11","109521970","109522073","chr11","108679997","108680104","6","841973"
"chr11","109576336","109576431","chr3","181238196","181238292","22","71661860"
"chr11","109594209","109594413","chr3","159599907","159600115","30","50005698"
"chr11","109870994","109871088","chr9","80389825","80389922","16","29481169"
"chr11","109952827","109953124","chr11","109117149","109117458","14","835678"
"chr11","109982738","109983044","chr11","32541172","32541471","40","77441566"
"chr11","110418742","110419036","chr11","109589478","109589774","4","829264"
"chr11","110486798","110487093","chr8","121794374","121794667","34","11307576"
"chr11","110583701","110583843","chrX","73313271","73313417","19","37270430"
"chr11","110659456","110659743","chr11","109830840","109831127","0","828616"
"chr11","110720332","110720611","chr11","109891460","109891759","21","828872"
"chr11","110761885","110762060","chr15","87173355","87173524","27","23588530"
"chr11","110765205","110765487","chr11","109941364","109941665","19","823841"
"chr11","110783794","110784101","chr11","109962676","109962986","3","821118"
"chr11","110857660","110857962","chr11","110037886","110038193","6","819774"
"chr11","110878532","110878799","chr11","110059061","110059328","1","819471"
"chr11","111195765","111196056","chr11","110378392","110378683","1","817373"
"chr11","111297301","111297351","chr19","46929278","46929331","11","64368023"
"chr11","111752957","111753047","chr14","100673591","100673682","17","11079366"
"chr11","112177275","112177367","chr3","181238196","181238292","23","69060921"
"chr11","112178076","112178394","chr11","111364763","111365081","3","813313"
"chr11","112374868","112375161","chr11","111566024","111566319","2","808844"
"chr11","112560130","112560423","chr11","111753044","111753339","6","807086"
"chr11","112563333","112563612","chr14","57464181","57464461","40","55099152"
"chr11","112584556","112584863","chr11","111777425","111777740","9","807131"
"chr11","112718042","112718318","chr11","111913791","111914064","5","804251"
"chr11","112896004","112896136","chr4","84675478","84675615","21","28220526"
"chr11","113078516","113078561","chr22","42768904","42768949","14","70309612"
"chr11","113078562","113078780","chr6","43423586","43423804","41","69654976"
"chr11","113078968","113079138","chr3","62158483","62158648","29","50920485"
"chr11","113089633","113089923","chr11","112281413","112281690","24","808220"
"chr11","113101001","113101291","chr11","112292811","112293104","3","808190"
"chr11","113154031","113154320","chr17","15350452","15350742","32","97803579"
"chr11","113185990","113186238","chr11","112377706","112377955","2","808284"
"chr11","113492014","113492090","chr14","100673591","100673682","26","12818423"
"chr11","113493079","113493383","chr11","112593636","112593940","1","899443"
"chr11","113586839","113587132","chr11","112687719","112688012","0","899120"
"chr11","114318417","114318507","chr14","100673591","100673682","25","13644826"
"chr11","114479418","114479574","chr11","113598084","113598240","5","881334"
"chr11","114512182","114512347","chr8","27153241","27153406","36","87358941"
"chr11","114547924","114548232","chr11","113668209","113668517","2","879715"
"chr11","114919233","114919539","chr11","114044203","114044510","2","875030"
"chr11","115266732","115266798","chr18","17282170","17282223","28","97984562"
"chr11","115356573","115356865","chr11","114484802","114485104","14","871771"
"chr11","115426232","115426510","chr11","114555785","114556064","5","870447"
"chr11","115545247","115545407","chr11","114674696","114674859","5","870551"
"chr11","115576590","115576895","chr11","114706576","114706882","2","870014"
"chr11","115668206","115668500","chr11","114796412","114796703","7","871794"
"chr11","115684381","115684496","chr2B","199271339","199271453","24","83586958"
"chr11","115737741","115738041","chr11","114867269","114867569","1","870472"
"chr11","115787983","115788088","chr22","33938435","33938535","26","81849548"
"chr11","115793811","115794091","chr11","114922960","114923247","8","870851"
"chr11","115833323","115833601","chr11","114962600","114962878","0","870723"
"chr11","115854865","115855166","chr11","114984691","114984994","3","870174"
"chr11","115868083","115868377","chr11","114998707","114999005","7","869376"
"chr11","115877669","115877958","chr11","115007751","115008037","10","869918"
"chr11","115898935","115899037","chr13","31901269","31901373","14","83997666"
"chr11","115899158","115899430","chr14","76814553","76814829","49","39084605"
"chr11","115920588","115920888","chr11","115055370","115055670","1","865218"
"chr11","116021904","116021960","chr10","109823094","109823152","14","6198810"
"chr11","116088966","116089101","chr7","90092678","90092807","13","25996288"
"chr11","116097813","116098108","chr11","115234480","115234775","1","863333"
"chr11","116234781","116235045","chr11","115373656","115373893","30","861125"
"chr11","116651356","116651666","chr18","46728515","46728820","37","69922841"
"chr11","116687290","116687431","chr11","115835736","115835877","0","851554"
"chr11","116851528","116851759","chr11","116000028","116000267","13","851500"
"chr11","116944355","116944590","chr22","29841524","29841759","35","87102831"
"chr11","117054481","117054534","chr8","90198877","90198926","12","26855604"
"chr11","117069492","117069802","chr11","116224369","116224676","9","845123"
"chr11","117087226","117087517","chr11","116242060","116242351","1","845166"
"chr11","117219683","117219958","chr11","116376934","116377210","8","842749"
"chr11","117224626","117224916","chrX","97543630","97543922","32","19680996"
"chr11","117225538","117225835","chr11","116382802","116383114","17","842736"
"chr11","117228555","117228851","chr11","116385833","116386129","1","842722"
"chr11","117305342","117305634","chr11","116463112","116463405","4","842230"
"chr11","117332047","117332343","chr5","150183978","150184280","36","32851931"
"chr11","117355247","117355578","chr11","116513465","116513799","4","841782"
"chr11","117360108","117360390","chr11","116518751","116519064","31","841357"
"chr11","117369711","117370020","chr11","116528438","116528721","26","841273"
"chr11","117437166","117437361","chrX","155111235","155111439","47","37674069"
"chr11","117481823","117482113","chr20","2515068","2515358","31","114966755"
"chr11","117502564","117502741","chr11","116661685","116661862","0","840879"
"chr11","117511014","117511309","chr11","116671155","116671450","2","839859"
"chr11","117528535","117528656","chrX","124329806","124329928","10","6801271"
"chr11","117567797","117567870","chr17","4261422","4261478","20","113306375"
"chr11","117589216","117589524","chr11","116753002","116753315","6","836214"
"chr11","117590418","117590712","chr11","116754209","116754505","3","836209"
"chr11","117592300","117592595","chr5","60225819","60226111","33","57366481"
"chr11","117600796","117601092","chr14","47911057","47911352","43","69689739"
"chr11","117622408","117622701","chr11","116786303","116786606","11","836105"
"chr11","117711553","117711853","chrX","30879088","30879386","36","86832465"
"chr11","117718095","117718387","chr11","116880954","116881252","7","837141"
"chr11","117719609","117719902","chrX","50877367","50877662","34","66842242"
"chr11","117729790","117730087","chr11","116892991","116893289","4","836799"
"chr11","117741572","117741855","chr11","116905294","116905572","6","836278"
"chr11","117757232","117757516","chr7","23770296","23770581","36","93986936"
"chr11","117769812","117769928","chr2B","205936995","205937106","25","88167183"
"chr11","117777687","117777980","chr11","116942453","116942746","1","835234"
"chr11","117829992","117830111","chr5","172392908","172393028","28","54562916"
"chr11","117832401","117832552","chr4","28030717","28030863","31","89801684"
"chr11","117906496","117906798","chr11","117073421","117073730","8","833075"
"chr11","117932409","117932533","chr8","26723415","26723536","22","91208994"
"chr11","117938386","117938681","chr11","117105941","117106237","4","832445"
"chr11","117988485","117988781","chr11","117159341","117159637","2","829144"
"chr11","117990403","117990596","chr17","7035663","7035852","32","110954740"
"chr11","117995128","117995335","chr11","117165664","117165871","1","829464"
"chr11","118040197","118040472","chr19","52831764","52832049","76","65208433"
"chr11","118129549","118129858","chr10","74936724","74937027","33","43192825"
"chr11","118151710","118151879","chr11","9137639","9137804","33","109014071"
"chr11","118152175","118152219","chr15","76459329","76459375","9","41692846"
"chr11","118153225","118153349","chr5","172392908","172393028","28","54239683"
"chr11","118156781","118156907","chr19","2388815","2388946","37","115767966"
"chr11","118317470","118317560","chr14","100673591","100673682","20","17643879"
"chr11","118342956","118343257","chr11","117521368","117521670","1","821588"
"chr11","118721937","118722076","chr7","156274717","156274856","30","37552780"
"chr11","118911030","118911188","chr1","29336595","29336757","33","89574435"
"chr11","118976332","118976583","chr11","118169304","118169555","0","807028"
"chr11","119196225","119196510","chr11","118394266","118394573","23","801959"
"chr11","119245782","119245918","chr4","115885085","115885224","19","3360697"
"chr11","119258450","119258731","chr11","118457713","118457994","0","800737"
"chr11","119320411","119320721","chr2A","63802279","63802584","37","55518132"
"chr11","119440787","119441096","chr11","118640534","118640844","1","800253"
"chr11","119853619","119853905","chr11","119050176","119050462","1","803443"
"chr11","119991437","119991534","chr1","87599106","87599219","26","32392331"
"chr11","120076323","120076607","chr11","119273094","119273381","3","803229"
"chr11","120147423","120147728","chr11","119344214","119344523","9","803209"
"chr11","120332336","120332648","chr11","119531332","119531644","1","801004"
"chr11","120417709","120417995","chr22","44467403","44467700","37","75950306"
"chr11","120449718","120449933","chr11","119641497","119641715","4","808221"
"chr11","120506315","120506609","chr11","119698212","119698507","4","808103"
"chr11","120709100","120709413","chr11","119903285","119903597","5","805815"
"chr11","120841007","120841299","chr11","120037373","120037668","3","803634"
"chr11","120976876","120977182","chr11","120173699","120174004","5","803177"
"chr11","120988160","120988453","chr11","120188949","120189247","6","799211"
"chr11","121162600","121162892","chr11","120363663","120363960","7","798937"
"chr11","121249856","121250139","chr11","120452437","120452720","1","797419"
"chr11","121297942","121298250","chr11","120500667","120500976","4","797275"
"chr11","121315630","121315937","chr11","120513257","120513564","2","802373"
"chr11","121332323","121332629","chr2A","28990672","28990966","38","92341651"
"chr11","121360971","121361118","chr16","75001148","75001302","23","46359823"
"chr11","121417402","121417703","chr11","120615569","120615871","5","801833"
"chr11","121442569","121442710","chr1","28473465","28473606","29","92969104"
"chr11","121479287","121479594","chr11","120679414","120679723","4","799873"
"chr11","121513671","121513975","chr7","25866404","25866702","29","95647267"
"chr11","121588165","121588457","chr11","120788715","120789014","13","799450"
"chr11","121604238","121604544","chr12","110280712","110281013","39","11323526"
"chr11","121649656","121649767","chr20","16652596","16652702","20","104997060"
"chr11","121751915","121752199","chr11","120968248","120968532","0","783667"
"chr11","121777126","121777429","chr11","120991916","120992221","5","785210"
"chr11","121793819","121793930","chr6","159074849","159074952","22","37281030"
"chr11","121807226","121807368","chrUn_GL394737","20401","20541","24","121786825"
"chr11","121824368","121824477","chr22","33938435","33938535","22","87885933"
"chr11","121831706","121832005","chr11","121047170","121047460","10","784536"
"chr11","121834563","121834847","chr11","121050979","121051264","2","783584"
"chr11","121841848","121842120","chr2A","64932817","64933092","49","56909031"
"chr11","121859017","121859092","chr3","46579108","46579189","14","75279909"
"chr11","121884369","121884669","chr11","121104700","121105000","0","779669"
"chr11","121950148","121950459","chr22","34960081","34960390","42","86990067"
"chr11","122051674","122051793","chr12","93126526","93126644","28","28925148"
"chr11","122053548","122053663","chr2A","62538961","62539069","28","59514587"
"chr11","122220443","122220584","chr2A","32693701","32693835","25","89526742"
"chr11","122287293","122287579","chr4","141734619","141734898","47","19447326"
"chr11","122467337","122467430","chr10","132095650","132095743","13","9628313"
"chr11","122489643","122489849","chr11","121716797","121716998","6","772846"
"chr11","122817175","122817200","chr1","28547144","28547162","10","94270031"
"chr11","122817226","122817510","chr9","33729184","33729467","39","89088042"
"chr11","123181818","123181975","chr11","122414686","122414843","0","767132"
"chr11","123394322","123394627","chr11","122628692","122628995","3","765630"
"chr11","123414827","123415136","chr11","122649911","122650222","4","764916"
"chr11","123448107","123448332","chr11","122683204","122683417","14","764903"
"chr11","123537744","123538055","chr11","122773705","122774016","2","764039"
"chr11","123553821","123554112","chr11","122789791","122790082","4","764030"
"chr11","123669740","123669917","chr3","37511028","37511205","30","86158712"
"chr11","123687660","123687876","chr11","122926968","122927186","8","760692"
"chr11","123866299","123866471","chr11","48130487","48130657","22","75735812"
"chr11","123884983","123885262","chr11","123129609","123129891","23","755374"
"chr11","123953256","123953368","chr2B","199271339","199271453","22","75318083"
"chr11","123961763","123962018","chr11","123209813","123210067","2","751950"
"chr11","124052776","124052882","chr2B","210790127","210790232","18","86737351"
"chr11","124300852","124301148","chr11","123552250","123552546","1","748602"
"chr11","124311184","124311460","chr11","123562220","123562500","5","748964"
"chr11","124382141","124382432","chr11","123634251","123634543","3","747890"
"chr11","124387882","124388174","chr2A","28990672","28990966","34","95397210"
"chr11","124536682","124536845","chr11","123789132","123789295","0","747550"
"chr11","124634794","124634964","chr11","123886557","123886721","7","748237"
"chr11","124700199","124700478","chr1","21064590","21064871","33","103635609"
"chr11","124715573","124715696","chr3","200942562","200942700","30","76226989"
"chr11","124812467","124812562","chr14","100673591","100673682","17","24138876"
"chr11","124824543","124824850","chr3","44197059","44197365","36","80627484"
"chr11","124960000","124960300","chr11","124214338","124214646","9","745662"
"chr11","124973787","124974072","chr11","124229681","124229968","3","744106"
"chr11","124974190","124974363","chr16","66115499","66115667","32","58858691"
"chr11","124984045","124984244","chr3","198771121","198771322","27","73787076"
"chr11","125085194","125085523","chr1","53118077","53118382","60","71967117"
"chr11","125234185","125234347","chr11","124492028","124492191","5","742157"
"chr11","125252437","125252520","chr8","46091691","46091777","17","79160746"
"chr11","125793271","125793369","chr20","16652596","16652702","17","109140675"
"chr11","126119166","126119468","chr11","125394191","125394491","9","724975"
"chr11","126135799","126136096","chr11","125412082","125412380","2","723717"
"chr11","126314660","126314954","chr2B","169120539","169120832","44","42805879"
"chr11","126414513","126414620","chr2B","199271339","199271453","22","72856826"
"chr11","126557353","126557639","chr11","125840231","125840520","6","717122"
"chr11","126611634","126611858","chr11","125893783","125894013","6","717851"
"chr11","126796835","126797010","chr11","48130487","48130657","36","78666348"
"chr11","127370766","127370901","chr13","22694842","22694978","34","104675924"
"chr11","127545407","127545697","chr11","126845172","126845473","12","700235"
"chr11","127651313","127651407","chr9","80389825","80389922","12","47261488"
"chr11","127699876","127700180","chr5","7893420","7893723","49","119806456"
"chr11","127742310","127742458","chr1","214242319","214242461","15","86500009"
"chr11","127957420","127957541","chr8","26723415","26723536","21","101234005"
"chr11","128052336","128052639","chr11","127360331","127360634","4","692005"
"chr11","128182574","128182866","chr5","40831888","40832180","35","87350686"
"chr11","128185778","128185900","chr11","127493932","127494054","0","691846"
"chr11","128321272","128321559","chr11","127630870","127631157","1","690402"
"chr11","128340176","128340476","chr11","127650373","127650675","3","689803"
"chr11","128538792","128538962","chr11","127848285","127848455","3","690507"
"chr11","128553232","128553489","chr11","127864782","127865039","2","688450"
"chr11","128565614","128565916","chr11","127877481","127877783","2","688133"
"chr11","128571804","128572083","chr2A","63086723","63087016","42","65485081"
"chr11","128736045","128736152","chr2B","205936995","205937106","22","77200950"
"chr11","128750591","128750893","chr11","128067126","128067410","22","683465"
"chr11","128848429","128848729","chr11","128167218","128167522","5","681211"
"chr11","128856221","128856514","chr11","128174225","128174521","3","681996"
"chr11","128908365","128908654","chr11","128228208","128228498","2","680157"
"chr11","129001664","129001758","chr14","100673591","100673682","16","28328073"
"chr11","129013452","129013627","chr6","24713050","24713221","25","104300402"
"chr11","129019867","129020161","chr11","128344710","128345008","7","675157"
"chr11","129032166","129032452","chr11","128357229","128357515","1","674937"
"chr11","129094383","129094674","chr11","128422930","128423239","20","671453"
"chr11","129121936","129122219","chr11","128450379","128450673","11","671557"
"chr11","129287992","129288285","chr5","35720548","35720838","32","93567444"
"chr11","129336966","129337264","chr19","53303945","53304245","35","76033021"
"chr11","129373916","129374003","chr14","100673591","100673682","21","28700325"
"chr11","129497763","129498056","chr13","95641560","95641851","31","33856203"
"chr11","129498257","129498564","chr11","128834122","128834390","42","664135"
"chr11","129499408","129499456","chr11","128835234","128835282","0","664174"
"chr11","129625145","129625458","chr11","128961103","128961416","6","664042"
"chr11","129827641","129827933","chr11","129166127","129166418","2","661514"
"chr11","129852637","129852940","chr11","129191147","129191451","2","661490"
"chr11","129871954","129872244","chr11","129210491","129210779","2","661463"
"chr11","130079082","130079396","chr14","49483953","49484269","56","80595129"
"chr11","130249657","130249950","chr11","129594685","129594977","1","654972"
"chr11","130747111","130747429","chr11","130100865","130101186","4","646246"
"chr11","131323798","131323935","chr11","130686972","130687109","2","636826"
"chr11","131350815","131350963","chr11","130714025","130714175","2","636790"
"chr11","131499823","131499998","chr8","84018854","84019036","42","47480969"
"chr11","131595016","131595101","chr8","46091691","46091777","18","85503325"
"chr11","131665686","131665981","chr11","131031868","131032166","5","633818"
"chr11","131702037","131702163","chr16","73743066","73743197","28","57958971"
"chr11","131727658","131727961","chr11","131094952","131095256","2","632706"
"chr11","131743172","131743447","chr10","66104344","66104619","34","65638828"
"chr11","132172040","132172328","chr11","131548469","131548757","9","623571"
"chr11","132289493","132289793","chr5","33127552","33127850","33","99161941"
"chr11","132359703","132359835","chr2A","32693701","32693835","22","99666002"
"chr11","132770880","132771191","chr11","132152139","132152449","11","618741"
"chr11","132780927","132781227","chr11","94492959","94493258","42","38287968"
"chr11","132840478","132840774","chr11","132224129","132224425","0","616349"
"chr11","132968240","132968538","chr11","132355403","132355701","4","612837"
"chr11","132974619","132974782","chr5","438717","438887","23","132535902"
"chr11","133784069","133784368","chr7","56546611","56546911","45","77237458"
"chr11","134077199","134077477","chr3","117156145","117156424","41","16921054"
"chr11","134175092","134175378","chr11","133106256","133106542","0","1068836"
"chr12","10878820","10879119","chrX","77297464","77297764","41","66418644"
"chr12","97648354","97648652","chr12","96892219","96892511","6","756135"
"chr12","83313","83602","chr2A","113607335","113607641","28","113524022"
"chr12","237580","237697","chr3","181143385","181143493","26","180905805"
"chr12","275012","275305","chr12","248123","248412","4","26889"
"chr12","304164","304470","chrX","48047762","48048076","66","47743598"
"chr12","374723","375012","chr12","347888","348195","22","26835"
"chr12","431516","431558","chr17","478093","478136","12","46577"
"chr12","432810","432933","chr1","6844228","6844361","24","6411418"
"chr12","443712","443826","chr1","35354882","35354997","11","34911170"
"chr12","457923","458230","chr4","141609401","141609710","42","141151478"
"chr12","461919","462070","chr19","10435255","10435412","32","9973336"
"chr12","470916","471240","chr10","92010368","92010682","44","91539452"
"chr12","471675","471943","chr12","442971","443242","10","28704"
"chr12","516428","516708","chr5","125265839","125266119","47","124749411"
"chr12","524776","525084","chr12","497802","498104","12","26974"
"chr12","537685","537987","chr11","19846296","19846594","34","19308611"
"chr12","543759","543918","chrX","101684279","101684447","36","101140520"
"chr12","556675","556778","chr3","181238196","181238292","25","180681521"
"chr12","559756","560058","chr12","530067","530371","4","29689"
"chr12","610983","611163","chr9","92421691","92421867","33","91810708"
"chr12","611813","611887","chr17","4261422","4261478","29","3649609"
"chr12","621543","621832","chr17","24408543","24408842","45","23787000"
"chr12","671148","671437","chr12","638694","638987","8","32454"
"chr12","674073","674193","chr1","111643789","111643910","13","110969716"
"chr12","705609","705902","chr12","673798","674091","2","31811"
"chr12","743310","743604","chr12","711388","711691","13","31922"
"chr12","749141","749436","chr12","718121","718418","5","31020"
"chr12","784695","784905","chr12","753384","753594","0","31311"
"chr12","785410","785697","chr12","754100","754391","5","31310"
"chr12","805815","806093","chr12","776611","776917","28","29204"
"chr12","828765","829066","chr12","800121","800428","8","28644"
"chr12","853895","854037","chr12","824953","825096","1","28942"
"chr12","970533","970665","chr12","940982","941110","4","29551"
"chr12","991407","991711","chr12","964804","965108","1","26603"
"chr12","997603","997714","chr2B","207026815","207026935","19","206029212"
"chr12","1012167","1012449","chr12","986806","987096","9","25361"
"chr12","1014323","1014480","chr12","988970","989128","1","25353"
"chr12","1017419","1017707","chr9","68279069","68279355","50","67261650"
"chr12","1050940","1051055","chr2A","62538961","62539069","26","61488021"
"chr12","1137778","1138075","chr12","1115020","1115320","6","22758"
"chr12","1222646","1222943","chr12","1199859","1200158","4","22787"
"chr12","1301763","1302060","chr12","1278535","1278830","11","23228"
"chr12","1342631","1342678","chr18","17282170","17282223","15","15939539"
"chr12","1396066","1396308","chr12","1379757","1379999","3","16309"
"chr12","1440693","1440987","chr12","1427865","1428161","5","12828"
"chr12","1501552","1501861","chr12","1490234","1490538","8","11318"
"chr12","1577605","1577904","chr12","1566019","1566318","6","11586"
"chr12","1661723","1662015","chr12","1655186","1655478","1","6537"
"chr12","1700290","1700599","chr1","29191621","29191930","33","27491331"
"chr12","1717233","1717531","chr12","1712186","1712482","5","5047"
"chr12","1729936","1730237","chr12","1725198","1725500","3","4738"
"chr12","1784112","1784407","chr12","122028019","122028311","32","120243907"
"chr12","1789193","1789319","chr3","27869019","27869149","16","26079826"
"chr12","2632855","2632968","chr2B","205936995","205937106","23","203304140"
"chr12","2787263","2787391","chr12","38992415","38992548","24","36205152"
"chr12","2833810","2833903","chr12","2860861","2860954","0","27051"
"chr12","2858617","2858783","chr22","16225217","16225380","30","13366600"
"chr12","2861781","2862090","chr12","2889851","2890160","4","28070"
"chr12","2882580","2882834","chr7","67989698","67989956","41","65107118"
"chr12","2896451","2896578","chr7","112797358","112797487","27","109900907"
"chr12","2924392","2924469","chr11","8774884","8774956","21","5850492"
"chr12","2960939","2961240","chr12","2993398","2993700","2","32459"
"chr12","2981676","2981842","chr16","29960836","29961001","25","26979160"
"chr12","3004200","3004341","chr17","82138916","82139067","24","79134716"
"chr12","3018079","3018383","chr12","3052234","3052540","6","34155"
"chr12","3036863","3037176","chr2A","43291759","43292070","34","40254896"
"chr12","3053194","3053497","chr12","3088777","3089076","4","35583"
"chr12","3103204","3103484","chr12","3141386","3141669","3","38182"
"chr12","3201997","3202159","chr4","40065116","40065274","28","36863119"
"chr12","3825107","3825206","chr12","3884361","3884460","0","59254"
"chr12","3825255","3825557","chr12","3884509","3884811","1","59254"
"chr12","4009922","4010043","chr8","26723415","26723536","24","22713493"
"chr12","4042228","4042539","chr12","4103990","4104296","10","61762"
"chr12","4181366","4181657","chr12","4245251","4245542","6","63885"
"chr12","4217403","4217687","chr12","4282787","4283071","3","65384"
"chr12","4458110","4458245","chr2B","216519456","216519594","18","212061346"
"chr12","4458855","4458921","chr2A","39227558","39227614","17","34768703"
"chr12","4682883","4683108","chr17","19789889","19790112","36","15107006"
"chr12","4705678","4705973","chr9","70812251","70812546","34","66106573"
"chr12","4728587","4728880","chr12","4800522","4800811","6","71935"
"chr12","5032298","5032519","chr6","103108822","103109043","41","98076524"
"chr12","5219838","5220136","chr12","5308976","5309275","1","89138"
"chr12","5268483","5268640","chr10","60549934","60550093","37","55281451"
"chr12","5274122","5274406","chr12","5364162","5364446","2","90040"
"chr12","5397989","5398301","chr12","5489274","5489583","5","91285"
"chr12","5410408","5410691","chr12","5501664","5501948","1","91256"
"chr12","5656507","5656796","chr12","5746102","5746397","10","89595"
"chr12","5691173","5691287","chr5","172392908","172393028","24","166701735"
"chr12","6125117","6125410","chr4","20631887","20632176","74","14506770"
"chr12","6143592","6143901","chr12","6241437","6241745","3","97845"
"chr12","6146345","6146647","chr12","6244190","6244493","2","97845"
"chr12","6168549","6168851","chr12","6267546","6267852","7","98997"
"chr12","6182971","6183148","chr3","173683667","173683841","30","167500696"
"chr12","6208961","6209266","chr12","6311872","6312177","0","102911"
"chr12","6219405","6219714","chr1","111113999","111114305","22","104894594"
"chr12","6221858","6221988","chrX","97546574","97546704","12","91324716"
"chr12","6256014","6256313","chr9","76423433","76423730","36","70167419"
"chr12","6305615","6305710","chr3","181238196","181238292","27","174932581"
"chr12","6311055","6311345","chrX","43814540","43814832","35","37503485"
"chr12","6321951","6322250","chr12","6426471","6426770","3","104520"
"chr12","6507772","6508081","chr12","6617954","6618263","1","110182"
"chr12","6528481","6528764","chr12","6639685","6639970","2","111204"
"chr12","6529602","6529892","chr12","6640811","6641100","1","111209"
"chr12","6537388","6537687","chr15","62399117","62399421","41","55861729"
"chr12","6546526","6546711","chr10","120372580","120372761","35","113826054"
"chr12","6547162","6547463","chr1","34885706","34886002","49","28338544"
"chr12","6550201","6550515","chr12","6662341","6662632","36","112140"
"chr12","6550853","6551132","chr12","6662970","6663249","5","112117"
"chr12","6561316","6561620","chr12","6673156","6673462","8","111840"
"chr12","6571643","6571946","chr12","6683159","6683459","6","111516"
"chr12","6672240","6672374","chr2A","32693701","32693835","22","26021461"
"chr12","6675608","6675713","chr20","16652596","16652702","27","9976988"
"chr12","6677591","6677697","chr2B","199271339","199271453","24","192593748"
"chr12","6680331","6680642","chr12","6793238","6793549","8","112907"
"chr12","6684845","6685141","chr12","6798490","6798786","0","113645"
"chr12","6713192","6713496","chr12","6824475","6824781","3","111283"
"chr12","6717621","6717704","chr3","181238196","181238292","32","174520575"
"chr12","6755390","6755525","chr2A","32693701","32693835","27","25938311"
"chr12","6773019","6773111","chr14","100673591","100673682","20","93900572"
"chr12","6782843","6783008","chrX","155592584","155592742","25","148809741"
"chr12","6786339","6786633","chr12","6900643","6900938","1","114304"
"chr12","6851812","6851987","chr3","200742805","200742975","31","193890993"
"chr12","6876257","6876530","chr12","6997664","6997937","5","121407"
"chr12","6923048","6923340","chr12","7046271","7046563","1","123223"
"chr12","6942178","6942313","chr1","6844228","6844361","20","97950"
"chr12","6976435","6976639","chr9","83051776","83051979","24","76075341"
"chr12","6987647","6987942","chr12","7111936","7112231","0","124289"
"chr12","7038655","7038747","chr13","108019422","108019512","22","100980767"
"chr12","7088798","7089111","chr12","7211483","7211796","0","122685"
"chr12","7616107","7616408","chr12","7546174","7546475","1","69933"
"chr12","7672167","7672385","chr12","7602273","7602493","3","69894"
"chr12","7677552","7677670","chr2B","207026815","207026935","25","199349263"
"chr12","7917940","7918084","chr12","7856509","7856635","21","61431"
"chr12","7942697","7942793","chr9","95139174","95139270","9","87196477"
"chr12","7975039","7975331","chr12","7915889","7916181","1","59150"
"chr12","7977080","7977418","chr12","7919965","7920300","6","57115"
"chr12","7995611","7995912","chr12","7940258","7940559","3","55353"
"chr12","8010255","8010561","chr12","7955541","7955858","23","54714"
"chr12","8038240","8038438","chr19","54449281","54449473","31","46411041"
"chr12","8049583","8049876","chr12","7994275","7994569","3","55308"
"chr12","8065531","8065758","chr7","65495829","65496058","37","57430298"
"chr12","8077615","8077782","chr2A","87901314","87901467","34","79823699"
"chr12","8078260","8078554","chr12","8028124","8028431","14","50136"
"chr12","8101870","8101984","chr17","59059909","59060023","10","50958039"
"chr12","8114315","8114419","chr20","16652596","16652702","26","8538281"
"chr12","8130270","8130443","chr6","37299122","37299292","25","29168852"
"chr12","8133182","8133476","chr12","8202609","8202907","5","69427"
"chr12","8140553","8140846","chr12","8208895","8209190","2","68342"
"chr12","8143162","8143226","chr9","103993079","103993149","16","95849917"
"chr12","8156445","8156554","chr3","181238196","181238292","32","173081751"
"chr12","8158817","8159142","chr5","78863209","78863532","56","70704392"
"chr12","8169651","8169850","chr12","8241949","8242154","6","72298"
"chr12","8172568","8172744","chr12","8249696","8249872","0","77128"
"chr12","8175594","8175751","chr6","160207566","160207725","29","152031972"
"chr12","8202183","8202480","chr14","44036917","44037218","36","35834734"
"chr12","8214486","8214772","chr12","8290277","8290567","5","75791"
"chr12","8266889","8267197","chr12","8342984","8343294","9","76095"
"chr12","8337639","8337811","chr1","82340074","82340246","25","74002435"
"chr12","8360968","8361085","chr2B","205936995","205937106","26","197576027"
"chr12","8361880","8361937","chr4","51756017","51756071","13","43394137"
"chr12","8371251","8371368","chr2B","199271339","199271453","23","190900088"
"chr12","8379032","8379321","chr2A","75762004","75762290","51","67382972"
"chr12","8392351","8392583","chr12","8143767","8144004","7","248584"
"chr12","8396417","8396495","chr11","8774884","8774956","16","378467"
"chr12","8434879","8435175","chr7","73951528","73951832","57","65516649"
"chr12","8437962","8438000","chr11","7916638","7916681","11","521324"
"chr12","8438304","8438315","chr5","71437633","71437644","9","62999329"
"chr12","8723708","8724027","chr12","8639348","8639669","3","84360"
"chr12","8727178","8727478","chr7","98481266","98481565","12","89754088"
"chr12","8859298","8859481","chr12","100614492","100614669","37","91755194"
"chr12","8984375","8984678","chr1","15093723","15094019","54","6109348"
"chr12","8985407","8985569","chr13","26988435","26988596","31","18003028"
"chr12","9023174","9023465","chr16","68666280","68666557","67","59643106"
"chr12","9048239","9048523","chr12","8973946","8974230","0","74293"
"chr12","9081930","9082238","chr18","16078441","16078744","38","6996511"
"chr12","9118087","9118391","chr12","9042436","9042715","30","75651"
"chr12","9121703","9122005","chr12","9046146","9046451","9","75557"
"chr12","9137013","9137323","chr12","9061494","9061809","8","75519"
"chr12","9177483","9177592","chr1","25732453","25732576","22","16554970"
"chr12","9212879","9213162","chr12","15013797","15014076","42","5800918"
"chr12","9223245","9223545","chr6","87135631","87135929","36","77912386"
"chr12","9309063","9309347","chr12","9220542","9220825","4","88521"
"chr12","9348036","9348333","chr12","9259487","9259784","1","88549"
"chr12","9419983","9420271","chr14","100461068","100461358","50","91041085"
"chr12","9468072","9468302","chr12","9379841","9380072","3","88231"
"chr12","9739160","9739290","chr17","69719410","69719548","27","59980250"
"chr12","9867223","9867516","chr12","57247062","57247356","9","47379839"
"chr12","10032275","10032567","chr12","9919100","9919392","1","113175"
"chr12","10128254","10128346","chr9","80389825","80389922","15","70261571"
"chr12","10414570","10414691","chr12","10312165","10312287","1","102405"
"chr12","10450103","10450148","chr3","12945284","12945334","8","2495181"
"chr12","10454701","10454840","chr17","82138916","82139067","27","71684215"
"chr12","10476224","10476540","chr1","112753630","112753949","60","102277406"
"chr12","10550591","10550722","chr12","10456629","10456759","2","93962"
"chr12","10585101","10585403","chr12","10490559","10490861","2","94542"
"chr12","10668897","10669042","chr12","6546624","6546764","28","4122273"
"chr12","10902716","10902820","chr3","181238196","181238292","32","170335480"
"chr12","10907205","10907426","chr8","71775441","71775659","29","60868236"
"chr12","11102702","11102819","chr7","112797358","112797487","29","101694656"
"chr12","11365377","11365664","chr5","47915812","47916099","56","36550435"
"chr12","11674014","11674302","chr1","41253481","41253778","48","29579467"
"chr12","11775893","11776193","chr12","11732512","11732818","8","43381"
"chr12","11894069","11894363","chr12","11868876","11869166","13","25193"
"chr12","11971857","11972019","chr22","22201178","22201345","30","10229321"
"chr12","12073931","12074229","chr12","12049412","12049685","29","24519"
"chr12","12108336","12108638","chr12","12083829","12084133","3","24507"
"chr12","12447725","12447901","chr6","37299122","37299292","21","24851397"
"chr12","12460174","12460286","chr2B","205936995","205937106","21","193476821"
"chr12","12553238","12553537","chr12","12425610","12425910","3","127628"
"chr12","12577763","12577897","chr2A","32693701","32693835","21","20115938"
"chr12","12588855","12589084","chrX","68055348","68055581","44","55466493"
"chr12","12659350","12659651","chr12","12533435","12533741","7","125915"
"chr12","12679218","12679330","chr2A","62538961","62539069","22","49859743"
"chr12","12710561","12710731","chr1","201020072","201020240","22","188309511"
"chr12","12710768","12710891","chr12","12586408","12586543","12","124360"
"chr12","12853452","12853761","chr12","12725820","12726101","29","127632"
"chr12","12861288","12861572","chr12","12733633","12733917","1","127655"
"chr12","12953821","12954114","chr12","12815231","12815525","2","138590"
"chr12","12991229","12991402","chr10","57532871","57533043","28","44541642"
"chr12","12992231","12992551","chr6","53410190","53410500","52","40417959"
"chr12","13001408","13001574","chr13","26988435","26988596","28","13987027"
"chr12","13059051","13059204","chr12","12922936","12923089","0","136115"
"chr12","13059417","13059700","chr12","12923302","12923580","6","136115"
"chr12","13083997","13084073","chr17","2787814","2787901","22","10296183"
"chr12","13101765","13102056","chr12","12966032","12966323","3","135733"
"chr12","13102207","13102499","chr12","12966475","12966767","1","135732"
"chr12","13139691","13139993","chr12","13004317","13004618","3","135374"
"chr12","13159076","13159382","chr19","19321745","19322044","50","6162669"
"chr12","13186794","13187103","chr1","53118077","53118382","46","39931283"
"chr12","13193479","13193775","chr2A","27802322","27802614","34","14608843"
"chr12","13243968","13244038","chrY","3211148","3211211","31","10032820"
"chr12","13255274","13255583","chr12","13121100","13121409","2","134174"
"chr12","13272427","13272640","chr12","13148211","13148429","8","124216"
"chr12","13276698","13276942","chr12","13152517","13152760","4","124181"
"chr12","13302950","13303244","chr12","13179146","13179442","4","123804"
"chr12","13314339","13314579","chr17","81370742","81370983","31","68056403"
"chr12","13431119","13431419","chr12","13283675","13283974","2","147444"
"chr12","13443444","13443595","chr8","24630008","24630158","32","11186564"
"chr12","13548082","13548372","chr12","13403456","13403747","2","144626"
"chr12","13621161","13621383","chr12","13476582","13476804","0","144579"
"chr12","13895661","13895883","chr12","13757836","13758058","0","137825"
"chr12","14230615","14230918","chr12","14096375","14096677","1","134240"
"chr12","14555301","14555590","chr12","14424651","14424943","6","130650"
"chr12","14556708","14556988","chr12","14426061","14426341","4","130647"
"chr12","14599053","14599345","chr12","14467099","14467391","2","131954"
"chr12","14652829","14652914","chr7","43381927","43382018","17","28729098"
"chr12","14658749","14658847","chr2B","205936995","205937106","26","191278246"
"chr12","14666380","14666669","chr12","14540460","14540758","9","125920"
"chr12","14667146","14667440","chr12","14541231","14541525","2","125915"
"chr12","14671707","14671801","chr6","159074849","159074952","21","144403142"
"chr12","14685173","14685466","chr12","14559530","14559826","6","125643"
"chr12","14686562","14686682","chrX","104316738","104316858","14","89630176"
"chr12","14693296","14693591","chr12","14568393","14568691","5","124903"
"chr12","14718655","14718789","chr7","54022909","54023041","12","39304254"
"chr12","14725284","14725455","chr12","14601467","14601639","1","123817"
"chr12","14781613","14781736","chr1","6844228","6844361","30","7937385"
"chr12","14918114","14918392","chr12","14800272","14800549","7","117842"
"chr12","14945682","14945986","chr12","14827958","14828262","1","117724"
"chr12","14979375","14979683","chr12","14862803","14863113","5","116572"
"chr12","15043191","15043472","chr12","14927294","14927607","33","115897"
"chr12","15054260","15054554","chr12","14938403","14938699","3","115857"
"chr12","15154958","15155260","chr12","15035979","15036277","5","118979"
"chr12","15311986","15312119","chr12","35949030","35949156","20","20637044"
"chr12","15446783","15447066","chr14","76814553","76814829","52","61367770"
"chr12","15450442","15450589","chr12","15331163","15331311","1","119279"
"chr12","15546461","15546665","chr6","53851640","53851842","31","38305179"
"chr12","15764341","15764653","chr12","15661383","15661695","0","102958"
"chr12","15974445","15974585","chr2A","107195506","107195649","20","91221061"
"chr12","16160353","16160657","chr1","21949805","21950110","26","5789452"
"chr12","16192002","16192306","chr12","16091185","16091492","6","100817"
"chr12","16231301","16231607","chr12","16130455","16130765","4","100846"
"chr12","16265671","16265971","chr12","16164771","16165065","12","100900"
"chr12","16312856","16312987","chr9","136394657","136394787","28","120081801"
"chr12","16426582","16426890","chr12","16328465","16328777","10","98117"
"chr12","16461727","16462029","chr12","16363645","16363945","2","98082"
"chr12","16754525","16754824","chr12","16655880","16656180","6","98645"
"chr12","17031294","17031592","chr12","16944107","16944413","15","87187"
"chr12","17233723","17233889","chr12","56897944","56898113","21","39664221"
"chr12","17246065","17246361","chr12","17160059","17160355","0","86006"
"chr12","17339801","17340104","chr12","17253470","17253771","7","86331"
"chr12","17441501","17441797","chr12","17358248","17358545","2","83253"
"chr12","17496039","17496342","chr12","17413439","17413747","9","82600"
"chr12","17575973","17576267","chr12","17498037","17498332","1","77936"
"chr12","17716883","17717172","chr12","17635530","17635817","2","81353"
"chr12","17729194","17729490","chr12","17647831","17648127","1","81363"
"chr12","17901225","17901524","chr12","17825697","17826008","12","75528"
"chr12","18279040","18279353","chr12","18208933","18209253","12","70107"
"chr12","18337696","18338004","chr12","18274734","18275046","17","62962"
"chr12","18425890","18426179","chr1","129337688","129337979","43","110911798"
"chr12","18699109","18699224","chr2B","199271339","199271453","26","180572230"
"chr12","18786581","18786657","chr14","100673591","100673682","28","81887010"
"chr12","18841695","18841977","chr12","18793450","18793761","31","48245"
"chr12","19047417","19047722","chr12","18998397","18998703","5","49020"
"chr12","19266936","19267232","chr12","19222655","19222953","4","44281"
"chr12","19465134","19465257","chr5","172392908","172393028","27","152927774"
"chr12","19600070","19600162","chr3","181238196","181238292","23","161638126"
"chr12","19676599","19676909","chr12","19640891","19641202","1","35708"
"chr12","19692609","19692786","chr12","40741439","40741620","33","21048830"
"chr12","19720292","19720599","chr12","19685825","19686125","25","34467"
"chr12","19722092","19722386","chr10","66104344","66104619","62","46382252"
"chr12","19746529","19746817","chr12","19712921","19713209","0","33608"
"chr12","19748873","19749073","chr1","32705261","32705445","42","12956388"
"chr12","19790693","19790980","chr12","19755341","19755633","6","35352"
"chr12","19794607","19794920","chr12","19759034","19759346","1","35573"
"chr12","19804030","19804181","chr18","13921194","13921341","21","5882836"
"chr12","19830862","19830948","chr3","181238196","181238292","24","161407334"
"chr12","19869971","19870259","chr12","19837154","19837429","24","32817"
"chr12","19940286","19940624","chr12","19907748","19908062","35","32538"
"chr12","20016727","20017001","chr12","19986585","19986867","8","30142"
"chr12","20241880","20242177","chr12","20215243","20215541","1","26637"
"chr12","20296094","20296397","chr12","20270231","20270535","3","25863"
"chr12","20451060","20451308","chr12","20423135","20423383","6","27925"
"chr12","20502799","20503096","chr12","20471204","20471501","1","31595"
"chr12","20585584","20585898","chr12","20554590","20554904","3","30994"
"chr12","20595268","20595450","chr19","37778340","37778516","28","17183072"
"chr12","20859873","20860179","chr12","20836265","20836571","0","23608"
"chr12","20994618","20994926","chr12","20972465","20972773","0","22153"
"chr12","21025740","21026105","chr1","28143179","28143494","95","7117439"
"chr12","21043652","21043925","chr12","21022945","21023219","1","20707"
"chr12","21468845","21469143","chr12","21274147","21274456","12","194698"
"chr12","21498606","21498914","chr12","21303970","21304281","4","194636"
"chr12","21635394","21635512","chr2A","62538961","62539069","24","40903567"
"chr12","21671126","21671223","chr14","100673591","100673682","20","79002465"
"chr12","21675732","21676033","chr12","21480130","21480440","11","195602"
"chr12","21814383","21814683","chr4","91223619","91223917","43","69409236"
"chr12","21853988","21854278","chr12","21660335","21660625","0","193653"
"chr12","22024509","22024804","chr12","21832699","21832996","2","191810"
"chr12","22246384","22246621","chr12","22054340","22054580","3","192044"
"chr12","22319954","22320255","chr12","22127744","22128052","10","192210"
"chr12","22333145","22333439","chr19","17435671","17435968","45","4897474"
"chr12","22335262","22335546","chr12","22143093","22143378","5","192169"
"chr12","22413391","22413677","chr1","165041586","165041875","37","142628195"
"chr12","23065273","23065353","chr8","46091691","46091777","16","23026418"
"chr12","23139156","23139330","chr3","200840337","200840509","26","177701181"
"chr12","23254793","23255079","chr12","23071552","23071838","0","183241"
"chr12","23360745","23361054","chr12","23181559","23181867","5","179186"
"chr12","23423479","23423559","chr3","181238196","181238292","25","157814717"
"chr12","23564194","23564497","chr12","23385218","23385539","22","178976"
"chr12","23653463","23653681","chrX","63570407","63570627","31","39916944"
"chr12","23696887","23697197","chr12","23520588","23520898","2","176299"
"chr12","23703989","23704278","chr12","23527899","23528188","2","176090"
"chr12","23735258","23735575","chr12","23559547","23559875","14","175711"
"chr12","23762736","23763044","chr12","23588610","23588918","4","174126"
"chr12","23964651","23964945","chr9","103993647","103993943","49","80028996"
"chr12","24010284","24010563","chr6","5123555","5123823","55","18886729"
"chr12","24333741","24334053","chr12","24166421","24166734","2","167320"
"chr12","24341233","24341334","chr20","16652596","16652702","24","7688637"
"chr12","24527861","24527932","chr17","4261422","4261478","25","20266439"
"chr12","24544580","24544665","chr13","24059413","24059502","14","485167"
"chr12","24560331","24560534","chr12","24393809","24394013","1","166522"
"chr12","24626919","24627222","chr12","24462593","24462896","2","164326"
"chr12","24633359","24633662","chr12","24469049","24469366","39","164310"
"chr12","24657377","24657675","chr1","129337688","129337979","35","104680311"
"chr12","24708733","24709015","chr13","100447486","100447771","49","75738753"
"chr12","24710850","24711148","chr12","24547569","24547867","1","163281"
"chr12","24725727","24725923","chr19","50831478","50831654","60","26105751"
"chr12","24738173","24738293","chr12","93126526","93126644","27","68388353"
"chr12","24774571","24774883","chr12","24615870","24616181","4","158701"
"chr12","24777519","24777821","chr12","24618879","24619184","7","158640"
"chr12","24802647","24802947","chr12","24645960","24646261","1","156687"
"chr12","24807161","24807443","chr12","24650488","24650770","1","156673"
"chr12","24833167","24833459","chr12","24676864","24677156","2","156303"
"chr12","24836461","24836577","chr7","112797358","112797487","34","87960897"
"chr12","24880954","24881216","chr15","45175007","45175242","63","20294053"
"chr12","24984455","24984754","chr17","56800637","56800932","55","31816182"
"chr12","24994720","24995009","chr12","24843464","24843754","2","151256"
"chr12","25036929","25037035","chr9","37972868","37972971","14","12935939"
"chr12","25060660","25060868","chr19","46026086","46026292","47","20965426"
"chr12","25062077","25062393","chr12","24914578","24914873","23","147499"
"chr12","25069149","25069259","chr2B","205936995","205937106","21","180867846"
"chr12","25089640","25089937","chr12","24941356","24941666","15","148284"
"chr12","25091576","25091889","chr12","24943305","24943618","2","148271"
"chr12","25104152","25104259","chr4","40591024","40591130","15","15486872"
"chr12","25141183","25141499","chr9","129187283","129187598","37","104046100"
"chr12","25169402","25169702","chr12","25023510","25023810","4","145892"
"chr12","25197235","25197447","chr12","25051697","25051909","4","145538"
"chr12","25198919","25199228","chr3","187072689","187072996","55","161873770"
"chr12","25266833","25266990","chr2A","100106966","100107121","37","74840133"
"chr12","25342735","25342930","chr2A","96666104","96666294","34","71323369"
"chr12","25460651","25460960","chr12","25322286","25322598","8","138365"
"chr12","25475472","25475691","chr12","25336806","25337025","1","138666"
"chr12","25504139","25504237","chr12","12586014","12586108","21","12918125"
"chr12","25506946","25507253","chr7","87471867","87472172","47","61964921"
"chr12","25728835","25729049","chr12","25787119","25787334","1","58284"
"chr12","25761576","25761863","chr12","25819878","25820165","2","58302"
"chr12","25931688","25931786","chr14","100673591","100673682","25","74741903"
"chr12","26158956","26159263","chr12","26232639","26232947","2","73683"
"chr12","26172046","26172252","chr8","56337596","56337802","24","30165550"
"chr12","26279284","26279586","chr12","26354286","26354588","2","75002"
"chr12","26312200","26312426","chr11","71517092","71517312","46","45204892"
"chr12","26396983","26397280","chr8","36882298","36882601","41","10485315"
"chr12","26415090","26415400","chr12","26492414","26492723","1","77324"
"chr12","26446994","26447266","chr12","26525695","26525968","2","78701"
"chr12","26481959","26482242","chr12","26560777","26561060","0","78818"
"chr12","26714794","26715089","chr12","26797762","26798058","4","82968"
"chr12","26766650","26766733","chr13","24059413","24059502","23","2707237"
"chr12","26773976","26774170","chr5","123367830","123368016","38","96593854"
"chr12","27588595","27588886","chr12","27681258","27681552","4","92663"
"chr12","27680558","27680830","chr12","27772690","27772988","28","92132"
"chr12","27947581","27947872","chr5","161051939","161052231","42","133104358"
"chr12","28070344","28070473","chr1","27773718","27773848","14","296626"
"chr12","28299696","28299906","chr9","97028914","97029116","43","68729218"
"chr12","28434989","28435277","chr12","28552817","28553105","4","117828"
"chr12","28597381","28597672","chr12","28718444","28718735","0","121063"
"chr12","28832947","28833245","chr12","28959257","28959557","6","126310"
"chr12","28921692","28921810","chr2A","62538961","62539069","34","33617269"
"chr12","29052287","29052389","chr12","29175832","29175934","0","123545"
"chr12","29075900","29076167","chr12","69329290","69329553","37","40253390"
"chr12","29119651","29119967","chr14","96539388","96539693","50","67419737"
"chr12","29341819","29341971","chr5","77767868","77768010","29","48426049"
"chr12","29812547","29812850","chr15","73093413","73093719","44","43280866"
"chr12","30206102","30206225","chr4","89635842","89635967","35","59429740"
"chr12","30315625","30315937","chr12","30460317","30460632","3","144692"
"chr12","30478381","30478479","chr12","30628022","30628120","1","149641"
"chr12","30602785","30603094","chr12","30752820","30753132","5","150035"
"chr12","31094476","31094569","chr12","31242059","31242152","1","147583"
"chr12","31234332","31234626","chr12","31385761","31386059","5","151429"
"chr12","31263005","31263292","chr12","31415250","31415537","4","152245"
"chr12","31303528","31303727","chr1","26136510","26136710","40","5167018"
"chr12","31306637","31306945","chr12","31462164","31462473","3","155527"
"chr12","31381885","31382181","chr12","31540401","31540682","15","158516"
"chr12","31401748","31401879","chr2A","32693701","32693835","30","1291953"
"chr12","31508808","31509113","chr12","31672182","31672483","9","163374"
"chr12","31518139","31518431","chr8","24445412","24445709","31","7072727"
"chr12","31548846","31549002","chr15","68404883","68405043","41","36856037"
"chr12","31618548","31618659","chr2B","199271339","199271453","22","167652791"
"chr12","31679968","31680055","chr12","36296792","36296880","11","4616824"
"chr12","31699705","31699913","chr17","47078018","47078229","21","15378313"
"chr12","31700763","31701073","chr12","31870469","31870780","3","169706"
"chr12","31762387","31762686","chr12","31932519","31932828","11","170132"
"chr12","31764595","31764870","chr12","31935163","31935438","2","170568"
"chr12","31768200","31768343","chr12","31939089","31939232","1","170889"
"chr12","31785441","31785732","chr12","31956754","31957046","2","171313"
"chr12","31828794","31828926","chr13","22694842","22694978","24","9133952"
"chr12","31845091","31845290","chr22","22278311","22278517","29","9566780"
"chr12","31870482","31870710","chr1","10065052","10065272","35","21805430"
"chr12","31906366","31906542","chr3","37511028","37511205","28","5604662"
"chr12","32054156","32054436","chr12","32235011","32235291","1","180855"
"chr12","32104171","32104290","chr6","159074849","159074952","32","126970678"
"chr12","32108750","32108845","chr14","100673591","100673682","20","68564841"
"chr12","32157023","32157327","chr12","32339132","32339436","3","182109"
"chr12","32157972","32158269","chr12","32340078","32340379","7","182106"
"chr12","32220849","32221157","chr12","32403416","32403726","2","182567"
"chr12","32321731","32322029","chr9","127889240","127889533","40","95567509"
"chr12","32348400","32348697","chr19","63399124","63399421","40","31050724"
"chr12","32403833","32404136","chr12","32580739","32581045","5","176906"
"chr12","32431085","32431379","chr12","32609180","32609474","1","178095"
"chr12","32455460","32455589","chrX","101185112","101185241","13","68729652"
"chr12","32465260","32465360","chr14","103328251","103328345","27","70862991"
"chr12","32518016","32518192","chr17","5307344","5307522","41","27210672"
"chr12","32518231","32518242","chr1","28547144","28547162","8","3971087"
"chr12","32523530","32523831","chr12","32704160","32704461","2","180630"
"chr12","32545364","32545515","chr18","71387731","71387881","26","38842367"
"chr12","32584124","32584434","chr7","139116263","139116575","38","106532139"
"chr12","32586373","32586681","chr12","32769562","32769875","8","183189"
"chr12","32643236","32643523","chr19","17666795","17667083","42","14976441"
"chr12","32644766","32644851","chr3","181238196","181238292","27","148593430"
"chr12","32659070","32659380","chr12","32845950","32846247","18","186880"
"chr12","32725963","32726270","chr12","32915494","32915801","2","189531"
"chr12","32751008","32751205","chr12","8145977","8146174","37","24605031"
"chr12","32769363","32769577","chr12","31784985","31785203","29","984378"
"chr12","32797775","32797872","chr22","33938435","33938535","17","1140660"
"chr12","32800387","32800637","chr9","73487462","73487704","47","40687075"
"chr12","32800684","32800993","chr12","32991012","32991321","6","190328"
"chr12","32803469","32803779","chr12","32993457","32993759","10","189988"
"chr12","32805472","32805793","chr14","68400741","68401044","58","35595269"
"chr12","32833160","32833271","chr2B","210790127","210790232","31","177956967"
"chr12","32847070","32847367","chr11","32825569","32825865","24","21501"
"chr12","32864786","32864884","chr14","100673591","100673682","19","67808805"
"chr12","32869897","32870109","chr4","176755200","176755409","27","143885303"
"chr12","32877606","32877915","chr12","33070447","33070753","5","192841"
"chr12","32889417","32889545","chr17","74741953","74742080","15","41852536"
"chr12","32907078","32907160","chr8","46091691","46091777","21","13184613"
"chr12","32917186","32917475","chr12","33111619","33111908","1","194433"
"chr12","32938188","32938485","chr12","33134357","33134657","5","196169"
"chr12","32943524","32943805","chr12","33140333","33140614","0","196809"
"chr12","32946238","32946519","chrX","124546420","124546700","32","91600182"
"chr12","32967971","32968056","chr14","100673591","100673682","24","67705620"
"chr12","33009428","33009536","chr2B","199271339","199271453","26","166261911"
"chr12","33072828","33073131","chr12","33273539","33273847","5","200711"
"chr12","33087215","33087500","chr12","33287961","33288246","3","200746"
"chr12","33089448","33089757","chr12","33290375","33290688","7","200927"
"chr12","33090018","33090326","chr12","33290949","33291269","12","200931"
"chr12","33106337","33106647","chr11","114680930","114681234","36","81574593"
"chr12","33114007","33114311","chr12","33313661","33313967","4","199654"
"chr12","33147940","33148094","chr4","7008692","7008843","38","26139248"
"chr12","33727958","33728108","chr12","33454860","33455009","2","273098"
"chr12","33733303","33733490","chr3","183618022","183618206","28","149884719"
"chr12","33743594","33743673","chr16","30597942","30598029","24","3145652"
"chr12","33809959","33810244","chr4","108570120","108570399","36","74760161"
"chr12","33838386","33838673","chr12","33568452","33568739","0","269934"
"chr12","33856386","33856731","chr8","4922499","4922847","73","28933887"
"chr12","33857891","33858199","chr12","33587957","33588265","0","269934"
"chr12","33901027","33901332","chr12","33631694","33631995","7","269333"
"chr12","33966024","33966218","chr5","108746310","108746504","47","74780286"
"chr12","33966496","33966616","chr4","75866238","75866360","21","41899742"
"chr12","34000001","34000106","chr2B","210790127","210790232","20","176790126"
"chr12","34269440","34269507","chr11","8774884","8774956","24","25494556"
"chr12","34726653","34726945","chr12","34467833","34468127","3","258820"
"chr12","34788323","34788481","chr12","34531254","34531417","6","257069"
"chr12","34794008","34794231","chr13","114076204","114076425","37","79282196"
"chr12","34800416","34800724","chr12","34543364","34543672","4","257052"
"chr12","34991148","34991439","chr1","31325345","31325649","68","3665803"
"chr12","35037455","35037756","chr12","34783550","34783857","10","253905"
"chr12","35128843","35129101","chr12","34878789","34879050","4","250054"
"chr12","35144104","35144328","chr3","54142975","54143194","32","18998871"
"chr12","35180675","35180860","chr21","29016060","29016232","36","6164615"
"chr12","35199422","35199715","chr13","47854667","47854961","37","12655245"
"chr12","35222201","35222501","chr12","34983993","34984293","0","238208"
"chr12","35230959","35231259","chr12","34992516","34992815","2","238443"
"chr12","35271920","35272089","chr12","35035076","35035244","4","236844"
"chr12","35649291","35649591","chr12","35357456","35357759","8","291835"
"chr12","35723002","35723208","chr12","35432406","35432613","2","290596"
"chr12","35828665","35828786","chr9","121976734","121976844","31","86148069"
"chr12","35924175","35924289","chr2B","199271339","199271453","28","163347164"
"chr12","35955758","35955892","chr7","2998748","2998877","39","32957010"
"chr12","36092412","36092709","chr12","35806653","35806951","7","285759"
"chr12","36105988","36106244","chr1","18701888","18702138","40","17404100"
"chr12","36146095","36146216","chr2B","199271339","199271453","28","163125244"
"chr12","36148001","36148303","chr12","35867673","35867978","6","280328"
"chr12","36151431","36151715","chr12","35871287","35871598","28","280144"
"chr12","36187052","36187121","chr11","8774884","8774956","28","27412168"
"chr12","36250479","36250781","chr12","35979484","35979786","1","270995"
"chr12","36272351","36272435","chr15","68008805","68008888","9","31736454"
"chr12","36283938","36284238","chr12","36015456","36015756","0","268482"
"chr12","36362146","36362239","chr17","13332748","13332838","17","23029398"
"chr12","36371789","36372097","chr12","36102657","36102966","3","269132"
"chr12","36454875","36455158","chr3","171342443","171342715","47","134887568"
"chr12","36459007","36459296","chr12","36191839","36192131","5","267168"
"chr12","36498456","36498762","chr12","36234092","36234399","8","264364"
"chr12","36510230","36510494","chr12","36246144","36246417","11","264086"
"chr12","36538588","36538901","chr12","36274953","36275267","4","263635"
"chr12","36542944","36543266","chr12","36279722","36280046","2","263222"
"chr12","36544191","36544481","chr1","77893853","77894144","46","41349662"
"chr12","36548075","36548182","chr2B","199271339","199271453","23","162723264"
"chr12","36559431","36559519","chr12","36296792","36296880","1","262639"
"chr12","36560078","36560343","chr12","115310127","115310413","58","78750049"
"chr12","36581553","36581702","chr12","36320180","36320364","36","261373"
"chr12","36584058","36584349","chr12","36322196","36322505","20","261862"
"chr12","36652753","36653027","chr12","36396960","36397238","6","255793"
"chr12","36655493","36655789","chr12","36399699","36399998","8","255794"
"chr12","36658529","36658705","chr15","85650314","85650491","50","48991785"
"chr12","36797742","36797984","chr12","36545500","36545775","34","252242"
"chr12","37052214","37052509","chr12","36803094","36803390","1","249120"
"chr12","37434261","37434565","chr12","37191358","37191657","7","242903"
"chr12","37436524","37436822","chr7","98481266","98481565","20","61044742"
"chr12","37548786","37549080","chr12","37313949","37314245","4","234837"
"chr12","37603915","37604225","chr12","37371414","37371725","2","232501"
"chr12","37707959","37708270","chr2B","131465917","131466210","56","93757958"
"chr12","37875067","37875216","chr12","37647270","37647422","6","227797"
"chr12","37888486","37888720","chr12","37660689","37660923","0","227797"
"chr12","38074107","38074404","chr12","37736789","37737086","1","337318"
"chr12","38141119","38141184","chr5","6432148","6432210","11","31708971"
"chr12","38245861","38246164","chr12","37913588","37913902","12","332273"
"chr12","38302621","38302920","chr12","37972597","37972900","12","330024"
"chr12","38304759","38304878","chr7","112797358","112797487","28","74492599"
"chr12","38329465","38329588","chr2B","207026381","207026509","11","168696916"
"chr12","38361134","38361439","chr12","38032949","38033243","13","328185"
"chr12","38416793","38417083","chr12","673798","674091","71","37742995"
"chr12","38476550","38476838","chr12","38129365","38129656","4","347185"
"chr12","38488512","38488801","chr12","38141749","38142038","0","346763"
"chr12","38489747","38489925","chr1","16983479","16983657","42","21506268"
"chr12","38498067","38498362","chr12","38153048","38153348","7","345019"
"chr12","38499309","38499623","chr12","38154295","38154616","36","345014"
"chr12","38508573","38508882","chr5","140899363","140899671","40","102390790"
"chr12","38522008","38522312","chr12","38175464","38175772","6","346544"
"chr12","38525663","38525958","chr12","38179124","38179435","16","346539"
"chr12","38528779","38529077","chr12","38182266","38182564","3","346513"
"chr12","38548853","38549146","chr12","38204589","38204883","1","344264"
"chr12","38549247","38549541","chr12","38204984","38205279","1","344263"
"chr12","38624675","38624795","chr11","97204039","97204163","31","58579364"
"chr12","38741506","38741798","chr12","38403578","38403875","6","337928"
"chr12","38773477","38773771","chr12","38436054","38436337","15","337423"
"chr12","38847485","38847769","chr12","38514236","38514522","4","333249"
"chr12","38878815","38878949","chr12","38547914","38548058","10","330901"
"chr12","38885240","38885544","chr12","38554352","38554657","1","330888"
"chr12","38894525","38894643","chr7","112797358","112797487","27","73902833"
"chr12","38934429","38934558","chr17","17333596","17333726","13","21600833"
"chr12","38966333","38966575","chr1","69517695","69517939","47","30551362"
"chr12","38990678","38990766","chr9","80389825","80389922","26","41399147"
"chr12","39015502","39015645","chr12","38687569","38687715","4","327933"
"chr12","39023132","39023237","chr14","100673591","100673682","24","61650459"
"chr12","39029727","39030028","chr12","38702655","38702956","0","327072"
"chr12","39061950","39062093","chr12","6546624","6546764","19","32515326"
"chr12","39065360","39065612","chr12","38737434","38737692","9","327926"
"chr12","39109830","39110131","chr12","38782902","38783204","3","326928"
"chr12","39156259","39156384","chr14","26439576","26439696","29","12716683"
"chr12","39156387","39156536","chr12","38831500","38831656","8","324887"
"chr12","39165464","39165675","chr8","132541154","132541365","21","93375690"
"chr12","39185316","39185530","chr3","200711023","200711239","29","161525707"
"chr12","39194839","39195138","chr12","38871358","38871662","8","323481"
"chr12","39205090","39205270","chr16","69232769","69232949","23","30027679"
"chr12","39212795","39213102","chr12","38889971","38890250","28","322824"
"chr12","39213694","39213991","chr12","38890842","38891140","1","322852"
"chr12","39241188","39241487","chr12","38918817","38919117","2","322371"
"chr12","39271729","39272037","chr16","55761114","55761416","72","16489385"
"chr12","39273449","39273521","chr18","13216633","13216692","19","26056816"
"chr12","39282781","39283038","chr3","164728655","164728916","33","125445874"
"chr12","39297779","39297903","chr5","172392908","172393028","30","133095129"
"chr12","39309018","39309151","chr5","172392908","172393028","31","133083890"
"chr12","39325458","39325761","chr12","39006215","39006518","1","319243"
"chr12","39397750","39398046","chr12","39081722","39082018","5","316028"
"chr12","39409407","39409704","chr1","140080772","140081067","34","100671365"
"chr12","39421012","39421312","chr12","39104939","39105248","12","316073"
"chr12","39444937","39445226","chr12","39130272","39130562","1","314665"
"chr12","39471868","39471987","chr7","112797358","112797487","31","73325490"
"chr12","39507657","39507968","chr12","39195892","39196204","4","311765"
"chr12","39613009","39613298","chr11","72768645","72768942","28","33155636"
"chr12","39621028","39621132","chr20","16652596","16652702","20","22968432"
"chr12","39632305","39632433","chr8","26723415","26723536","29","12908890"
"chr12","39728713","39729014","chr12","39423175","39423476","3","305538"
"chr12","39789346","39789641","chr12","39485224","39485522","3","304122"
"chr12","39830461","39830760","chr12","39526160","39526455","23","304301"
"chr12","39873260","39873428","chr4","26666455","26666626","26","13206805"
"chr12","39879251","39879528","chr12","39583995","39584274","18","295256"
"chr12","39921126","39921428","chr17","42869589","42869895","35","2948463"
"chr12","39923803","39924016","chr6","164118978","164119199","30","124195175"
"chr12","39929343","39929432","chr1","33246348","33246407","40","6682995"
"chr12","39942355","39942653","chr14","101955651","101955946","30","62013296"
"chr12","39964677","39964838","chr6","18057065","18057225","20","21907612"
"chr12","40206561","40206856","chr12","39930879","39931175","1","275682"
"chr12","40276426","40276624","chr10","116873459","116873650","27","76597033"
"chr12","40281122","40281297","chr1","122879936","122880110","29","82598814"
"chr12","40285453","40285761","chr3","193857128","193857441","33","153571675"
"chr12","40319228","40319530","chrX","30868354","30868656","40","9450874"
"chr12","40328850","40329192","chr12","40056101","40056424","22","272749"
"chr12","40371199","40371255","chr1","27390807","27390868","10","12980392"
"chr12","40387697","40387995","chr12","40124718","40125020","6","262979"
"chr12","40391907","40392072","chr7","100665257","100665418","26","60273350"
"chr12","40481286","40481452","chr18","56317239","56317402","21","15835953"
"chr12","40488621","40488923","chr15","41786237","41786538","52","1297616"
"chr12","40552566","40552654","chr6","66580540","66580629","12","26027974"
"chr12","40562662","40562961","chr12","40309354","40309654","2","253308"
"chr12","40568276","40568571","chr12","40314996","40315291","0","253280"
"chr12","40593920","40594083","chr12","40340649","40340811","4","253271"
"chr12","40614565","40614864","chr12","40360870","40361170","1","253695"
"chr12","40700758","40700857","chr14","100673591","100673682","22","59972833"
"chr12","40716307","40716611","chr12","40463824","40464126","4","252483"
"chr12","40723880","40724034","chr7","119909730","119909884","51","79185850"
"chr12","40741578","40741864","chr18","18555827","18556115","41","22185751"
"chr12","40753731","40753839","chr19","57751584","57751683","22","16997853"
"chr12","40782584","40782713","chr1","46484701","46484838","27","5702117"
"chr12","40816300","40816565","chr12","40567622","40567888","8","248678"
"chr12","40855419","40855546","chrX","46411765","46411895","12","5556346"
"chr12","40865287","40865568","chr1","21806168","21806473","49","19059119"
"chr12","40880134","40880369","chr9","75591062","75591305","50","34710928"
"chr12","40906448","40906760","chr12","40660277","40660589","0","246171"
"chr12","40946025","40946321","chr12","40701338","40701647","16","244687"
"chr12","40954729","40955036","chr11","16764207","16764512","51","24190522"
"chr12","40985259","40985550","chr1","201815327","201815617","32","160830068"
"chr12","40997558","40997860","chr12","40754364","40754666","3","243194"
"chr12","41005697","41005970","chr12","40762503","40762772","7","243194"
"chr12","41008505","41008796","chr12","40765308","40765600","5","243197"
"chr12","41018158","41018222","chr14","72249896","72249960","15","31231738"
"chr12","41261139","41261414","chr12","41015553","41015830","2","245586"
"chr12","41267951","41268245","chr12","41022509","41022804","2","245442"
"chr12","41304700","41304988","chr7","100469627","100469915","57","59164927"
"chr12","41338986","41339295","chr12","41095640","41095948","6","243346"
"chr12","41400443","41400691","chr12","41159514","41159761","6","240929"
"chr12","41433314","41433617","chr7","107225138","107225440","49","65791824"
"chr12","41488592","41488885","chr3","46861662","46861957","43","5373070"
"chr12","41740321","41740556","chr8","97899382","97899615","47","56159061"
"chr12","42188966","42189277","chr12","41961087","41961399","1","227879"
"chr12","42308462","42308744","chr12","42081070","42081381","30","227392"
"chr12","42432622","42432711","chr14","100673591","100673682","31","58240969"
"chr12","42576375","42576501","chr8","26723415","26723536","25","15852960"
"chr12","42653203","42653503","chr12","42432541","42432841","1","220662"
"chr12","42709421","42709602","chr12","42490611","42490793","2","218810"
"chr12","42748167","42748469","chr1","17227686","17227989","45","25520481"
"chr12","42950193","42950508","chr12","42731142","42731471","24","219051"
"chr12","43037507","43037684","chr12","42818958","42819136","2","218549"
"chr12","43146333","43146628","chr12","42928043","42928338","0","218290"
"chr12","43362861","43363178","chr12","43145194","43145512","4","217667"
"chr12","43385715","43386017","chr12","43167940","43168245","5","217775"
"chr12","43695168","43695442","chr12","43490250","43490527","5","204918"
"chr12","43812621","43812815","chr16","26803895","26804104","41","17008726"
"chr12","43838267","43838558","chr12","43635649","43635941","1","202618"
"chr12","43911179","43911475","chr12","43709370","43709688","22","201809"
"chr12","43946152","43946444","chr1","21949805","21950110","42","21996347"
"chr12","44296363","44296649","chr12","44110106","44110393","4","186257"
"chr12","45052164","45052274","chr3","145605092","145605218","33","100552928"
"chr12","45192815","45193116","chr3","52086894","52087203","57","6894079"
"chr12","45239022","45239202","chr12","8249696","8249872","29","36989326"
"chr12","45287300","45287455","chr12","45105124","45105279","4","182176"
"chr12","45314732","45315015","chr12","45129922","45130205","3","184810"
"chr12","45431902","45432206","chr12","45247229","45247533","1","184673"
"chr12","45738715","45738847","chr16","73743066","73743197","28","28004351"
"chr12","45814201","45814424","chr12","45629710","45629943","10","184491"
"chr12","46004714","46004802","chr13","24059413","24059502","17","21945301"
"chr12","46058318","46058598","chr12","45874078","45874367","9","184240"
"chr12","46499143","46499440","chr19","4415985","4416277","63","42083158"
"chr12","46803724","46803907","chr6","135689257","135689433","32","88885533"
"chr12","46903058","46903277","chr16","26803895","26804104","45","20099163"
"chr12","46909993","46910301","chr11","124214338","124214646","34","77304345"
"chr12","46946740","46947025","chr12","46791853","46792146","9","154887"
"chr12","46958771","46959092","chr12","46803900","46804225","5","154871"
"chr12","47128534","47128844","chr12","46977066","46977377","2","151468"
"chr12","47129065","47129363","chr12","46977601","46977902","5","151464"
"chr12","47133583","47133703","chr5","172392908","172393028","28","125259325"
"chr12","47146571","47146882","chr12","46995328","46995639","0","151243"
"chr12","47272398","47272689","chr12","47125028","47125318","3","147370"
"chr12","47320921","47321017","chr14","100673591","100673682","17","53352670"
"chr12","47324194","47324364","chr6","135689257","135689433","21","88365063"
"chr12","47394038","47394318","chr12","47246359","47246639","0","147679"
"chr12","47478862","47479151","chr3","173983076","173983369","48","126504214"
"chr12","47572839","47573078","chr12","47427387","47427629","4","145452"
"chr12","47797161","47797482","chr12","47662661","47662989","7","134500"
"chr12","48176246","48176554","chr8","78467221","78467521","49","30290975"
"chr12","48179744","48179855","chr2B","199271339","199271453","24","151091595"
"chr12","48241480","48241774","chr12","48113740","48114034","2","127740"
"chr12","48295793","48296107","chr1","53118077","53118382","49","4822284"
"chr12","48460792","48460922","chr2A","32693701","32693835","25","15767091"
"chr12","48597083","48597190","chr2B","142240066","142240170","29","93642983"
"chr12","48661392","48661697","chr6","87831733","87832040","44","39170341"
"chr12","48719093","48719230","chr7","116748829","116748964","31","68029736"
"chr12","48849647","48849968","chr12","48723203","48723523","11","126444"
"chr12","49149596","49149880","chr12","49022474","49022758","1","127122"
"chr12","49193426","49193720","chr12","61508381","61508672","34","12314955"
"chr12","49278540","49278835","chr12","49153610","49153907","5","124930"
"chr12","49342091","49342223","chr10","67415924","67416049","36","18073833"
"chr12","49411689","49411765","chr8","46091691","46091777","19","3319998"
"chr12","49467846","49467983","chr7","156274717","156274856","21","106806871"
"chr12","49709182","49709481","chr4","52931556","52931852","35","3222374"
"chr12","49801813","49801851","chr10","27042861","27042906","12","22758952"
"chr12","50039234","50039530","chr12","49926883","49927179","2","112351"
"chr12","50042951","50043258","chr12","49930601","49930910","3","112350"
"chr12","50046201","50046512","chr12","49933864","49934174","6","112337"
"chr12","50083056","50083352","chr12","49971271","49971568","3","111785"
"chr12","50103264","50103384","chr12","49991482","49991611","11","111782"
"chr12","50108236","50108553","chr12","49996476","49996790","7","111760"
"chr12","50192984","50193262","chr5","170735650","170735937","50","120542666"
"chr12","50403146","50403443","chr6","44353954","44354252","50","6049192"
"chr12","50745626","50745870","chr12","50656615","50656859","5","89011"
"chr12","50853047","50853327","chr12","50765119","50765409","33","87928"
"chr12","51339951","51340246","chr12","50891588","50891888","6","448363"
"chr12","51405985","51406300","chr12","50958446","50958769","10","447539"
"chr12","51751525","51751819","chrY","1084841","1085132","38","50666684"
"chr12","51755686","51755799","chr20","16652596","16652702","30","35103090"
"chr12","51783390","51783685","chr12","51340698","51340992","3","442692"
"chr12","51794385","51794438","chr10","109823094","109823152","11","58028709"
"chr12","51796600","51796871","chr12","51353926","51354197","3","442674"
"chr12","51797249","51797572","chr12","51354575","51354901","8","442674"
"chr12","51814353","51814663","chr12","51371709","51372023","7","442644"
"chr12","51818345","51818654","chr12","51375733","51376042","5","442612"
"chr12","51854011","51854283","chr6","5123555","5123823","54","46730456"
"chr12","52270188","52270297","chr21","10225864","10225986","34","42044324"
"chr12","52327788","52327894","chr6","159074849","159074952","20","106747061"
"chr12","52366089","52366199","chr11","108679997","108680104","35","56313908"
"chr12","52368562","52368750","chr3","104777410","104777604","41","52408848"
"chr12","52418207","52418516","chrUn_GL393505","374579","374888","23","52043628"
"chr12","52427005","52427103","chr3","27665315","27665404","23","24761690"
"chr12","52652987","52653113","chr6","133188591","133188719","27","80535604"
"chr12","52763037","52763143","chr6","159074849","159074952","21","106311812"
"chr12","52798482","52798771","chr12","51850995","51851284","0","947487"
"chr12","54523919","54524211","chr1","226823745","226824037","47","172299826"
"chr12","54548744","54548828","chr15","68008805","68008888","11","13460061"
"chr12","54552916","54553245","chr12","54105355","54105681","8","447561"
"chr12","54561556","54561848","chr12","54113821","54114114","2","447735"
"chr12","54591098","54591369","chr12","54145063","54145363","30","446035"
"chr12","55399997","55400307","chr12","54963662","54963971","1","436335"
"chr12","55465372","55465673","chr12","55030135","55030438","4","435237"
"chr12","55487534","55487825","chr12","55053633","55053925","2","433901"
"chr12","55570241","55570549","chr14","48517416","48517719","59","7052825"
"chr12","55647976","55648262","chr12","55214954","55215240","1","433022"
"chr12","55872694","55873005","chr12","55439043","55439356","2","433651"
"chr12","55880901","55881016","chr20","16652596","16652702","22","39228305"
"chr12","55882248","55882550","chr17","58114546","58114845","28","2232298"
"chr12","55921805","55922002","chr9","125039330","125039513","55","69117525"
"chr12","55969664","55969953","chr1","14360823","14361113","33","41608841"
"chr12","55979305","55979594","chr12","55543739","55544033","6","435566"
"chr12","55987000","55987304","chr12","55551696","55552000","2","435304"
"chr12","56047282","56047448","chr12","55613301","55613461","9","433981"
"chr12","56057379","56057704","chr12","55623396","55623693","32","433983"
"chr12","56070460","56070731","chr12","55638932","55639202","9","431528"
"chr12","56172245","56172373","chr8","26723415","26723536","34","29448830"
"chr12","56193999","56194263","chr14","101683395","101683661","33","45489396"
"chr12","56220737","56221037","chr12","55794114","55794421","9","426623"
"chr12","56225221","56225517","chr12","55798608","55798905","5","426613"
"chr12","56249950","56250247","chr12","55823471","55823771","3","426479"
"chr12","56354588","56354900","chr12","55928744","55929056","2","425844"
"chr12","56545411","56545510","chr12","56125161","56125260","0","420250"
"chr12","56548001","56548292","chr12","56127754","56128056","13","420247"
"chr12","56581661","56581945","chr12","56163816","56164100","1","417845"
"chr12","56582061","56582370","chr12","56164216","56164526","8","417845"
"chr12","56698991","56699120","chr5","172392908","172393028","34","115693917"
"chr12","56742386","56742517","chr1","6844228","6844361","20","49898158"
"chr12","56748245","56748335","chr14","100673591","100673682","17","43925346"
"chr12","56751379","56751557","chr12","56333639","56333815","2","417740"
"chr12","56756763","56757078","chr11","71436766","71437074","66","14680003"
"chr12","56763430","56763740","chr10","66846020","66846331","34","10082590"
"chr12","56772229","56772526","chr1","142874333","142874629","45","86102104"
"chr12","56783142","56783330","chr5","76266656","76266847","28","19483514"
"chr12","56804390","56804688","chr7","114046668","114046967","27","57242278"
"chr12","56810092","56810387","chr4","154294946","154295244","33","97484854"
"chr12","56812375","56812673","chr12","56400261","56400558","3","412114"
"chr12","56824468","56824642","chr12","56412798","56412972","0","411670"
"chr12","56844090","56844400","chr9","6609238","6609550","49","50234852"
"chr12","56846905","56847199","chr12","56437032","56437326","2","409873"
"chr12","56881739","56882048","chr12","56473353","56473663","1","408386"
"chr12","56894887","56895027","chr3","17959634","17959762","36","38935253"
"chr12","56906945","56907121","chr1","134388867","134389034","33","77481922"
"chr12","56907746","56907759","chr1","28547144","28547162","8","28360602"
"chr12","56924474","56924716","chr17","81370742","81370983","35","24446268"
"chr12","56925596","56925873","chr13","48019325","48019607","51","8906271"
"chr12","56934370","56934667","chr12","56527253","56527553","5","407117"
"chr12","56948125","56948445","chrX","139990539","139990850","43","83042414"
"chr12","56973966","56974266","chr12","56567102","56567380","23","406864"
"chr12","57005638","57005937","chrX","13630415","13630712","37","43375223"
"chr12","57022863","57022951","chr9","80389825","80389922","18","23366962"
"chr12","57054145","57054317","chr11","47027602","47027777","27","10026543"
"chr12","57057433","57057471","chr4","2917522","2917561","19","54139911"
"chr12","57061525","57061845","chr10","26433100","26433408","56","30628425"
"chr12","57098568","57098875","chr12","56698958","56699264","7","399610"
"chr12","57100578","57100913","chr12","56700968","56701286","32","399610"
"chr12","57151350","57151629","chr12","56752334","56752613","0","399016"
"chr12","57178964","57179265","chr12","56781075","56781377","2","397889"
"chr12","57199693","57199999","chr12","56802199","56802506","4","397494"
"chr12","57231566","57231739","chr12","56835098","56835271","1","396468"
"chr12","57235222","57235260","chr4","158528568","158528610","14","101293346"
"chr12","57261076","57261167","chr19","52506504","52506595","18","4754572"
"chr12","57285299","57285595","chr12","56890747","56891043","0","394552"
"chr12","57292501","57292672","chr12","56897944","56898113","4","394557"
"chr12","57329889","57329985","chr8","56172466","56172564","24","1157423"
"chr12","57342949","57343254","chr12","56948367","56948692","24","394582"
"chr12","57356229","57356454","chr4","186452794","186453036","58","129096565"
"chr12","57366488","57366577","chr8","46091691","46091777","18","11274797"
"chr12","57371599","57371901","chr12","56977264","56977569","3","394335"
"chr12","57376371","57376676","chr12","56981307","56981613","4","395064"
"chr12","57382269","57382558","chr12","56987304","56987595","3","394965"
"chr12","57423851","57423966","chr2B","129230611","129230732","15","71806760"
"chr12","57429756","57430056","chr12","57036594","57036904","12","393162"
"chr12","57437834","57437932","chr22","33938435","33938535","15","23499399"
"chr12","57464982","57465290","chr6","17333862","17334171","36","40131120"
"chr12","57481635","57481713","chr18","47204102","47204181","4","10277533"
"chr12","57534655","57534934","chr12","57148731","57149007","5","385924"
"chr12","58234360","58234643","chr12","57778561","57778844","3","455799"
"chr12","58374644","58374954","chr12","57921270","57921580","1","453374"
"chr12","58457351","58457629","chr12","58010200","58010480","5","447151"
"chr12","58592707","58592990","chr12","58146714","58146997","4","445993"
"chr12","58634955","58635253","chr12","58179505","58179804","7","455450"
"chr12","58659916","58660204","chr6","109964395","109964696","56","51304479"
"chr12","58762660","58762964","chr12","58308633","58308938","4","454027"
"chr12","58960956","58961272","chr6","52993807","52994120","51","5967149"
"chr12","59056667","59056971","chr12","58600601","58600906","10","456066"
"chr12","59199762","59200091","chr12","58745901","58746214","31","453861"
"chr12","59259335","59259645","chr12","58804252","58804562","0","455083"
"chr12","59472703","59472998","chr12","59027312","59027622","20","445391"
"chr12","59529186","59529464","chr12","59087531","59087837","28","441655"
"chr12","59561938","59562223","chr12","59120027","59120312","1","441911"
"chr12","59910476","59910783","chr12","59462105","59462412","1","448371"
"chr12","59951628","59951933","chr12","59503193","59503499","3","448435"
"chr12","60015145","60015444","chr7","150828980","150829278","43","90813835"
"chr12","60050484","60050578","chr14","100673591","100673682","18","40623107"
"chr12","60101856","60102153","chr12","59652966","59653261","10","448890"
"chr12","60150646","60150947","chr12","59701777","59702078","0","448869"
"chr12","60154693","60154991","chr12","59705820","59706126","9","448873"
"chr12","60201225","60201543","chr12","59752801","59753129","16","448424"
"chr12","60354258","60354367","chr20","16652596","16652702","31","43701662"
"chr12","60871432","60871729","chr12","60436445","60436744","5","434987"
"chr12","61122731","61122822","chr14","100673591","100673682","23","39550860"
"chr12","61129471","61129565","chr1","160944586","160944680","16","99815115"
"chr12","61185716","61185853","chr17","57925753","57925896","29","3259963"
"chr12","61360414","61360718","chr12","60932578","60932882","0","427836"
"chr12","61392774","61393064","chr12","60964993","60965285","3","427781"
"chr12","61412560","61412855","chr12","60985115","60985412","3","427445"
"chr12","61495258","61495337","chr14","100673591","100673682","29","39178333"
"chr12","61510859","61511143","chr12","61084174","61084460","2","426685"
"chr12","61569785","61569960","chr1","134045753","134045928","30","72475968"
"chr12","61777090","61777193","chr20","16652596","16652702","32","45124494"
"chr12","61928048","61928339","chr12","61508381","61508672","0","419667"
"chr12","62047005","62047124","chr5","172392908","172393028","25","110345903"
"chr12","62113779","62113880","chr22","33938435","33938535","17","28175344"
"chr12","62119984","62120113","chr20","53625628","53625758","11","8494356"
"chr12","62499856","62500000","chr5","110354730","110354876","22","47854874"
"chr12","62500485","62500785","chr1","182722511","182722810","50","120222026"
"chr12","62655898","62656197","chr12","62243161","62243464","7","412737"
"chr12","62730035","62730332","chr12","62318114","62318413","3","411921"
"chr12","62844508","62844810","chr12","62434283","62434581","6","410225"
"chr12","62856371","62856660","chr1","129337688","129337979","39","66481317"
"chr12","62932989","62933228","chr12","62516811","62517050","1","416178"
"chr12","62947467","62947788","chr12","62531409","62531739","12","416058"
"chr12","63024635","63024949","chr12","62607399","62607712","2","417236"
"chr12","63613225","63613323","chr12","12586014","12586108","23","51027211"
"chr12","63613334","63613432","chr12","12586014","12586108","23","51027320"
"chr12","63656811","63656944","chr13","22694842","22694978","25","40961969"
"chr12","63680242","63680476","chr12","63268749","63268983","0","411493"
"chr12","63696192","63696409","chr3","159499799","159500000","49","95803607"
"chr12","63740163","63740269","chr20","16652596","16652702","17","47087567"
"chr12","63752736","63753024","chr12","63341614","63341902","0","411122"
"chr12","63782397","63782621","chr1","215156056","215156283","32","151373659"
"chr12","63785348","63785628","chr12","63370635","63370914","2","414713"
"chr12","63868841","63869139","chr10","93391235","93391531","38","29522394"
"chr12","63941863","63942162","chr12","63534832","63535131","0","407031"
"chr12","63966372","63966671","chr12","63559730","63560035","10","406642"
"chr12","64043298","64043588","chr5","146001291","146001571","48","81957993"
"chr12","64250169","64250463","chr12","63844635","63844931","6","405534"
"chr12","64277246","64277339","chr12","63872044","63872137","0","405202"
"chr12","64358479","64358782","chr12","63953445","63953735","15","405034"
"chr12","64394737","64394925","chr12","63989839","63990029","4","404898"
"chr12","64482191","64482480","chr12","64077327","64077616","0","404864"
"chr12","64659845","64660141","chr12","64255595","64255891","1","404250"
"chr12","64855965","64856268","chr12","64453495","64453797","2","402470"
"chr12","64949291","64949596","chr12","64547293","64547596","4","401998"
"chr12","65021827","65022110","chr12","64619563","64619847","2","402264"
"chr12","65105525","65105823","chr12","64706855","64707153","5","398670"
"chr12","65178361","65178645","chr12","64779936","64780221","22","398425"
"chr12","65184422","65184671","chr12","64785986","64786235","2","398436"
"chr12","65306420","65306724","chr12","64908127","64908436","5","398293"
"chr12","65361014","65361298","chr12","64963250","64963534","1","397764"
"chr12","65463578","65463876","chr12","65064205","65064468","36","399373"
"chr12","65970817","65970945","chr5","172392908","172393028","27","106422091"
"chr12","66097242","66097552","chr12","65693915","65694225","4","403327"
"chr12","66172052","66172256","chr12","65769803","65770004","6","402249"
"chr12","66249387","66249462","chr20","4894744","4894814","23","61354643"
"chr12","66306489","66306783","chr12","65906014","65906315","9","400475"
"chr12","66316061","66316208","chr1","213430388","213430540","28","147114327"
"chr12","66328919","66329216","chr12","65928484","65928782","3","400435"
"chr12","66713975","66714093","chr2B","199271339","199271453","24","132557364"
"chr12","67197772","67197858","chr1","160944586","160944680","21","93746814"
"chr12","67219541","67219829","chr12","66833634","66833927","5","385907"
"chr12","67239156","67239317","chrUn_GL393554","63590","63747","23","67175566"
"chr12","67734180","67734492","chr12","67352422","67352735","9","381758"
"chr12","68327223","68327526","chr12","67789592","67789895","4","537631"
"chr12","68454616","68454923","chr12","67917053","67917362","2","537563"
"chr12","68569291","68569518","chr1","74443397","74443621","29","5874106"
"chr12","68640404","68640679","chr12","68105447","68105715","8","534957"
"chr12","68647975","68648132","chr17","65022846","65023010","25","3625129"
"chr12","68691333","68691473","chr5","45503969","45504114","27","23187364"
"chr12","68713846","68713976","chrX","97546574","97546704","11","28832728"
"chr12","68883644","68883938","chr12","68351823","68352127","13","531821"
"chr12","68912867","68913097","chr17","9460553","9460787","35","59452314"
"chr12","68975786","68976079","chr12","68447181","68447473","2","528605"
"chr12","68976267","68976575","chr12","68447655","68447965","3","528612"
"chr12","69138558","69138839","chr8","84500967","84501251","37","15362409"
"chr12","69142136","69142378","chr12","68615097","68615366","30","527039"
"chr12","69142379","69142458","chr15","68008805","68008888","11","1133574"
"chr12","69189959","69190205","chr12","68663212","68663462","8","526747"
"chr12","69223857","69224166","chr12","68696126","68696436","3","527731"
"chr12","69504857","69505142","chr19","15247492","15247779","54","54257365"
"chr12","69687199","69687494","chr12","69170561","69170857","2","516638"
"chr12","69710163","69710465","chr12","69193778","69194080","3","516385"
"chr12","69741016","69741307","chr12","69226117","69226415","10","514899"
"chr12","69743961","69744283","chr12","69229110","69229403","32","514851"
"chr12","69837264","69837541","chr1","203805177","203805457","34","133967913"
"chr12","69837878","69838142","chr12","69329290","69329553","3","508588"
"chr12","69843615","69843899","chr12","69335065","69335330","24","508550"
"chr12","69999432","69999732","chr12","69494067","69494373","6","505365"
"chr12","70032808","70033099","chr8","18157393","18157689","43","51875415"
"chr12","70157782","70158096","chr12","69652269","69652587","5","505513"
"chr12","70285887","70286008","chr5","172392908","172393028","23","102107021"
"chr12","70434703","70435024","chr12","69931717","69932038","2","502986"
"chr12","70443355","70443492","chr2A","32693701","32693835","25","37749654"
"chr12","70485461","70485757","chr12","69982900","69983198","8","502561"
"chr12","70498234","70498497","chr12","69995644","69995914","12","502590"
"chr12","70532510","70532803","chr12","70029938","70030248","17","502572"
"chr12","70731272","70731576","chr12","70231458","70231760","3","499814"
"chr12","70851097","70851376","chr12","70353341","70353621","3","497756"
"chr12","70995871","70996170","chr13","31448452","31448752","36","39547419"
"chr12","71017678","71017843","chr1","54397545","54397708","19","16620133"
"chr12","71067913","71068020","chr6","159074849","159074952","24","88006936"
"chr12","71098282","71098554","chr12","70613246","70613549","35","485036"
"chr12","71141687","71141974","chr12","70657518","70657807","6","484169"
"chr12","71344532","71344596","chr1","130379185","130379250","16","59034653"
"chr12","71429787","71430103","chr12","70946206","70946498","29","483581"
"chr12","71448548","71448838","chr12","70964635","70964927","4","483913"
"chr12","71687917","71688082","chr13","26988435","26988596","22","44699482"
"chr12","71869398","71869652","chrX","1534216","1534474","30","70335182"
"chr12","71955433","71955730","chr12","71388419","71388716","1","567014"
"chr12","71957439","71957689","chr12","71390426","71390684","11","567013"
"chr12","72031800","72032112","chr12","71466114","71466426","4","565686"
"chr12","72064451","72064571","chr3","200758253","200758371","12","128693802"
"chr12","72087489","72087764","chr12","71521958","71522235","5","565531"
"chr12","72195753","72195837","chr12","93500001","93500074","18","21304248"
"chr12","72205422","72205708","chr12","71646579","71646867","4","558843"
"chr12","72210152","72210449","chr12","71651317","71651612","6","558835"
"chr12","72256652","72256954","chr12","71698107","71698409","1","558545"
"chr12","72536779","72536859","chr8","46091691","46091777","21","26445088"
"chr12","73186120","73186408","chr12","72640578","72640865","7","545542"
"chr12","73249847","73250146","chr12","72709888","72710187","0","539959"
"chr12","73937380","73937662","chr12","73403959","73404245","5","533421"
"chr12","74221735","74222023","chr4","167882463","167882760","40","93660728"
"chr12","74709166","74709458","chr3","172094749","172095041","39","97385583"
"chr12","74850275","74850414","chr5","177191573","177191702","27","102341298"
"chr12","74850721","74850900","chr3","49070115","49070288","30","25780606"
"chr12","75168900","75169142","chr9","73487462","73487704","58","1681438"
"chr12","75567757","75568041","chr1","21064590","21064871","36","54503167"
"chr12","75631280","75631626","chr12","75143667","75143977","47","487613"
"chr12","75672511","75672816","chr12","75184585","75184898","9","487926"
"chr12","76086661","76086956","chr12","75617863","75618160","3","468798"
"chr12","76163222","76163511","chr12","75695762","75696054","4","467460"
"chr12","76178537","76178601","chr6","11395990","11396054","28","64782547"
"chr12","76287480","76287834","chr2B","207842522","207842866","89","131555042"
"chr12","76320270","76320563","chr12","75861641","75861934","1","458629"
"chr12","76353072","76353375","chr12","75894749","75895056","4","458323"
"chr12","76415070","76415363","chr7","46269837","46270136","30","30145233"
"chr12","76802057","76802355","chr12","76354768","76355069","6","447289"
"chr12","76882579","76882862","chr12","76435723","76436008","10","446856"
"chr12","76924779","76925083","chr12","76479096","76479400","2","445683"
"chr12","76940033","76940412","chr8","4397723","4398091","93","72542310"
"chr12","76983013","76983314","chr12","76538817","76539118","2","444196"
"chr12","77091310","77091543","chr14","66142969","66143205","40","10948341"
"chr12","77099696","77100007","chr12","76655630","76655946","10","444066"
"chr12","77200173","77200477","chr12","76755138","76755442","0","445035"
"chr12","77439658","77439946","chr5","35720548","35720838","39","41719110"
"chr12","77449940","77450046","chr10","101398659","101398772","23","23948719"
"chr12","77644571","77644865","chr12","77204764","77205065","8","439807"
"chr12","77679490","77679733","chr12","77239716","77239959","0","439774"
"chr12","77781956","77782264","chr20","1297330","1297629","61","76484626"
"chr12","78138469","78138741","chr7","150387542","150387810","37","72249073"
"chr12","78273636","78273716","chr11","8774884","8774956","21","69498752"
"chr12","78367904","78367998","chr3","181238196","181238292","25","102870292"
"chr12","78406916","78407205","chr12","77982139","77982429","3","424777"
"chr12","78526632","78526767","chr16","73743066","73743197","34","4783566"
"chr12","78578324","78578625","chr12","78154965","78155266","7","423359"
"chr12","78634549","78634859","chr12","78213846","78214161","8","420703"
"chr12","78690561","78690860","chr12","78272028","78272330","5","418533"
"chr12","78703020","78703312","chr12","78284525","78284818","1","418495"
"chr12","78884470","78884602","chr19","61741211","61741358","28","17143259"
"chr12","79036690","79036995","chr12","78620784","78621089","1","415906"
"chr12","79053305","79053517","chr12","78637298","78637512","5","416007"
"chr12","79068616","79068918","chr12","78652606","78652910","3","416010"
"chr12","79078552","79078805","chr12","78662573","78662826","0","415979"
"chr12","79619473","79619768","chr12","79245463","79245758","2","374010"
"chr12","79701012","79701320","chr12","79327289","79327596","3","373723"
"chr12","79941161","79941459","chr3","46861662","46861957","60","33079499"
"chr12","79970476","79970571","chr3","181238196","181238292","18","101267720"
"chr12","80201051","80201343","chr12","79825119","79825414","4","375932"
"chr12","80360469","80360644","chr17","3752438","3752608","26","76608031"
"chr12","80377970","80378151","chr8","83530037","83530217","22","3152067"
"chr12","80867626","80867924","chr12","80241022","80241323","4","626604"
"chr12","80939318","80939454","chr8","112933585","112933727","28","31994267"
"chr12","81057417","81057727","chr12","80434128","80434438","5","623289"
"chr12","81405439","81405748","chr12","80782035","80782346","5","623404"
"chr12","81534737","81534858","chr8","26723415","26723536","25","54811322"
"chr12","81598888","81599181","chr12","80977862","80978157","2","621026"
"chr12","81714390","81714702","chr7","107007951","107008256","51","25293561"
"chr12","81793798","81793960","chr12","81184221","81184382","1","609577"
"chr12","81813398","81813709","chr12","711388","711691","39","81102010"
"chr12","82216481","82216760","chr1","21064590","21064871","51","61151891"
"chr12","82375633","82375933","chr12","81773765","81774067","3","601868"
"chr12","82414765","82414941","chr21","29016060","29016232","26","53398705"
"chr12","82724144","82724470","chr1","53676918","53677203","89","29047226"
"chr12","82896369","82896496","chr5","172392908","172393028","22","89496539"
"chr12","83006342","83006474","chr1","46484701","46484838","19","36521641"
"chr12","83357625","83357651","chr11","22503505","22503536","12","60854120"
"chr12","83359223","83359377","chrX","73313271","73313417","24","10045952"
"chr12","83364761","83365058","chr15","56217522","56217816","47","27147239"
"chr12","83371650","83371753","chr6","159074849","159074952","16","75703199"
"chr12","83415650","83415936","chr12","82840694","82840980","2","574956"
"chr12","83534511","83534831","chr12","82958797","82959109","8","575714"
"chr12","83641166","83641342","chrUn_GL393552","49789","49963","39","83591377"
"chr12","83824331","83824622","chr12","83253220","83253512","4","571111"
"chr12","84135573","84135862","chr1","15863019","15863311","42","68272554"
"chr12","84159397","84159688","chr12","83589320","83589616","5","570077"
"chr12","84237903","84238004","chr3","181238196","181238292","26","97000293"
"chr12","84504281","84504357","chr3","181238196","181238292","30","96733915"
"chr12","84676280","84676436","chr12","84119740","84119899","3","556540"
"chr12","84827633","84827902","chr12","84272280","84272549","2","555353"
"chr12","85307708","85308022","chr12","84762066","84762379","4","545642"
"chr12","85427155","85427255","chrX","45006492","45006591","14","40420663"
"chr12","85539145","85539446","chr12","85003510","85003798","19","535635"
"chr12","85564604","85564720","chr2B","199271339","199271453","23","113706735"
"chr12","85701076","85701362","chr12","85165368","85165652","5","535708"
"chr12","85801977","85802293","chr10","101366830","101367141","53","15564853"
"chr12","86386005","86386251","chr12","85722663","85722909","1","663342"
"chr12","86474032","86474170","chr2A","32693701","32693835","30","53780331"
"chr12","86500738","86501043","chr12","85842665","85842973","5","658073"
"chr12","86548276","86548548","chr12","85890336","85890622","15","657940"
"chr12","86724201","86724485","chr12","86068439","86068723","0","655762"
"chr12","87642843","87643126","chr12","87023322","87023605","1","619521"
"chr12","88170211","88170501","chr12","87548962","87549261","10","621249"
"chr12","88476041","88476342","chr12","87784610","87784918","7","691431"
"chr12","88853366","88853480","chr20","16652596","16652702","21","72200770"
"chr12","89235570","89235782","chr12","88538626","88538837","1","696944"
"chr12","89416311","89416618","chr12","88714027","88714334","3","702284"
"chr12","89702588","89702696","chr2A","62538961","62539069","28","27163627"
"chr12","89730578","89730847","chr12","89032475","89032744","4","698103"
"chr12","89953550","89953855","chr12","89255367","89255642","30","698183"
"chr12","90013843","90014133","chr12","89316423","89316716","4","697420"
"chr12","90243467","90243768","chr12","89537075","89537380","5","706392"
"chr12","90270487","90270645","chr12","117408308","117408464","33","27137821"
"chr12","90420147","90420386","chr12","89720933","89721172","1","699214"
"chr12","90598549","90598833","chr12","89900539","89900823","0","698010"
"chr12","90716194","90716313","chr5","172392908","172393028","28","81676714"
"chr12","90805153","90805451","chr8","63435157","63435455","35","27369996"
"chr12","91068058","91068282","chr12","90374305","90374529","1","693753"
"chr12","91292642","91292918","chr12","90601327","90601604","3","691315"
"chr12","91438888","91439184","chr12","90748836","90749132","1","690052"
"chr12","91629075","91629367","chr12","90941159","90941452","3","687916"
"chr12","91935559","91935856","chr12","91257470","91257766","3","678089"
"chr12","92215457","92215748","chr12","91538324","91538621","9","677133"
"chr12","92539679","92539976","chr12","91864653","91864953","5","675026"
"chr12","92745054","92745349","chr12","92076001","92076302","6","669053"
"chr12","93110637","93110845","chr12","92448240","92448449","3","662397"
"chr12","93214166","93214469","chr12","92556498","92556802","3","657668"
"chr12","93385821","93385939","chr5","172392908","172393028","28","79007087"
"chr12","93434611","93434915","chr12","92779828","92780132","1","654783"
"chr12","93493124","93493426","chr12","92838894","92839195","1","654230"
"chr12","93528903","93529197","chr12","92874527","92874822","1","654376"
"chr12","93560105","93560403","chr12","92905717","92906016","2","654388"
"chr12","93583980","93584284","chr12","92930522","92930827","4","653458"
"chr12","93607079","93607390","chr12","92956599","92956911","3","650480"
"chr12","93704785","93704939","chr14","45477031","45477191","21","48227754"
"chr12","93716055","93716300","chr12","93068340","93068612","27","647715"
"chr12","93728130","93728440","chr9","30195982","30196287","49","63532148"
"chr12","93773161","93773275","chr12","93126526","93126644","4","646635"
"chr12","93778334","93778628","chr12","93132218","93132513","6","646116"
"chr12","93994584","93994762","chr10","6051354","6051528","28","87943230"
"chr12","94170058","94170354","chr12","93438689","93438988","5","731369"
"chr12","94196201","94196506","chr12","93464850","93465158","6","731351"
"chr12","94209153","94209259","chr3","181143385","181143493","34","86934232"
"chr12","94242731","94243034","chr12","93506478","93506781","6","736253"
"chr12","94288639","94288932","chr12","93554551","93554846","3","734088"
"chr12","94347938","94348238","chr12","93616005","93616304","2","731933"
"chr12","94380833","94380960","chr1","6844228","6844361","29","87536605"
"chr12","94407010","94407039","chr3","48388384","48388414","11","46018626"
"chr12","94422965","94423050","chr17","13332748","13332838","19","81090217"
"chr12","94430013","94430289","chr7","101147896","101148178","59","6717883"
"chr12","94434373","94434684","chr12","93702877","93703188","0","731496"
"chr12","94580639","94580949","chr12","93852926","93853236","0","727713"
"chr12","94678338","94678491","chr4","149843795","149843946","28","55165457"
"chr12","94748275","94748574","chr12","94021814","94022115","4","726461"
"chr12","94824240","94824550","chr12","94098031","94098334","11","726209"
"chr12","94858649","94858948","chr12","94133069","94133376","10","725580"
"chr12","94869666","94869966","chr12","94144114","94144416","2","725552"
"chr12","94907333","94907545","chr12","94181874","94182086","1","725459"
"chr12","94993862","94994161","chr12","94271301","94271604","6","722561"
"chr12","95100734","95100898","chr1","54397545","54397708","26","40703189"
"chr12","95295412","95295722","chr12","94574107","94574405","14","721305"
"chr12","95380391","95380557","chr9","37039365","37039532","33","58341026"
"chr12","95414416","95414694","chr12","94694246","94694525","6","720170"
"chr12","95552363","95552645","chr12","94837024","94837310","4","715339"
"chr12","95565329","95565420","chr1","160944586","160944680","18","65379257"
"chr12","95603381","95603679","chr7","12438576","12438871","33","83164805"
"chr12","95696365","95696649","chr12","94983573","94983857","3","712792"
"chr12","95818064","95818374","chr12","95067263","95067573","2","750801"
"chr12","95828543","95828845","chr12","95078341","95078638","6","750202"
"chr12","96012956","96013250","chr12","95262153","95262450","5","750803"
"chr12","96031384","96031688","chr14","76731469","76731775","35","19299915"
"chr12","96094034","96094335","chr6","145770245","145770546","40","49676211"
"chr12","96128468","96128774","chr12","95380617","95380923","3","747851"
"chr12","96136068","96136351","chr12","95388240","95388525","2","747828"
"chr12","96161362","96161495","chr2A","32693701","32693835","23","63467661"
"chr12","96187851","96188155","chr1","82248839","82249138","45","13939012"
"chr12","96228090","96228215","chr1","100144172","100144303","35","3916082"
"chr12","96238936","96239234","chr12","95494246","95494544","2","744690"
"chr12","96321645","96321921","chr12","95576674","95576953","5","744971"
"chr12","96327638","96327937","chr12","95582671","95582970","4","744967"
"chr12","96448905","96449007","chr12","12586014","12586108","28","83862891"
"chr12","96451833","96451975","chr12","95708278","95708420","0","743555"
"chr12","96478926","96479213","chr2B","120003575","120003866","49","23524649"
"chr12","96493105","96493190","chr14","100673591","100673682","20","4180486"
"chr12","96527829","96528126","chr12","95786844","95787147","7","740985"
"chr12","96546809","96546933","chr13","24830538","24830666","30","71716271"
"chr12","96572216","96572519","chr5","51681828","51682125","36","44890388"
"chr12","96587857","96588153","chr12","95852409","95852708","3","735448"
"chr12","96605423","96605722","chr12","95870533","95870832","2","734890"
"chr12","96626720","96627007","chr12","95891426","95891721","17","735294"
"chr12","96638124","96638225","chr22","33938435","33938535","22","62699689"
"chr12","96667113","96667413","chr12","95933855","95934159","7","733258"
"chr12","96734139","96734391","chr12","83451020","83451277","37","13283119"
"chr12","96979200","96979513","chr12","96251627","96251941","7","727573"
"chr12","97071543","97071837","chr12","96313230","96313523","3","758313"
"chr12","97093321","97093539","chr12","96335362","96335576","6","757959"
"chr12","97109186","97109512","chr14","55584861","55585170","59","41524325"
"chr12","97150185","97150487","chr12","96391763","96392066","5","758422"
"chr12","97346387","97346690","chr12","96588888","96589191","0","757499"
"chr12","97367226","97367525","chr12","96609725","96610029","9","757501"
"chr12","97373889","97374055","chr20","54094540","54094721","35","43279349"
"chr12","97390490","97390606","chr2B","199271339","199271453","22","101880849"
"chr12","97401564","97401691","chr1","12171286","12171426","32","85230278"
"chr12","97458699","97458861","chr14","49207210","49207370","32","48251489"
"chr12","97459492","97459799","chr6","147475424","147475735","40","50015932"
"chr12","97474790","97475045","chr12","96717912","96718173","11","756878"
"chr12","97492755","97493047","chr12","96735737","96736028","1","757018"
"chr12","97530698","97531004","chr12","96773808","96774114","0","756890"
"chr12","97658072","97658169","chr19","57751584","57751683","17","39906488"
"chr12","97761473","97761639","chr12","97007734","97007890","10","753739"
"chr12","97781947","97782227","chr12","97022335","97022598","21","759612"
"chr12","97794706","97794833","chr5","172392908","172393028","25","74598202"
"chr12","97797986","97798071","chr17","13332748","13332838","16","84465238"
"chr12","97972006","97972308","chr10","115861313","115861611","35","17889307"
"chr12","98227569","98227867","chr5","112121216","112121510","31","13893647"
"chr12","98346534","98346580","chr16","21601017","21601061","16","76745517"
"chr12","98443436","98443735","chr12","97690219","97690518","5","753217"
"chr12","98604126","98604433","chr12","97851420","97851728","7","752706"
"chr12","98911351","98911542","chr5","76266656","76266847","37","22644695"
"chr12","99196548","99196848","chr12","98466704","98467014","14","729844"
"chr12","99209101","99209236","chr12","6546624","6546764","21","92662477"
"chr12","99331633","99331930","chr12","98603594","98603891","1","728039"
"chr12","99399179","99399332","chr12","98671144","98671310","16","728035"
"chr12","99504444","99504726","chr12","98783310","98783602","18","721134"
"chr12","99508863","99509114","chr7","109907962","109908212","42","10399099"
"chr12","99630352","99630463","chr20","16652596","16652702","24","82977756"
"chr12","99708376","99708679","chr12","98993823","98994128","3","714553"
"chr12","99822951","99823150","chr12","99110965","99111164","0","711986"
"chr12","99869170","99869242","chr6","11395990","11396054","29","88473180"
"chr12","100027393","100027679","chr12","99318961","99319243","4","708432"
"chr12","100263028","100263333","chr3","160512729","160513033","31","60249701"
"chr12","100379658","100379938","chr12","99672877","99673166","9","706781"
"chr12","100638937","100639232","chr12","99939683","99939984","6","699254"
"chr12","100686254","100686547","chr20","29577491","29577783","32","71108763"
"chr12","100728213","100728508","chr12","100028024","100028320","3","700189"
"chr12","100762301","100762613","chr9","127185568","127185877","41","26423267"
"chr12","101019238","101019323","chr14","100673591","100673682","23","345647"
"chr12","101090676","101090829","chr2B","115785601","115785762","27","14694925"
"chr12","101120772","101121068","chr12","100425512","100425808","2","695260"
"chr12","101138230","101138524","chr12","100443643","100443942","5","694587"
"chr12","101140608","101140706","chr12","12586014","12586108","26","88554594"
"chr12","101201210","101201340","chr15","62181783","62181913","16","39019427"
"chr12","101232602","101232668","chr11","8774884","8774956","28","92457718"
"chr12","101253214","101253446","chr12","100562534","100562795","31","690680"
"chr12","101304964","101305140","chr12","100614492","100614669","1","690472"
"chr12","101469991","101470300","chr3","28331707","28332012","40","73138284"
"chr12","101512868","101512981","chr2B","205936995","205937106","26","104424127"
"chr12","101530671","101530977","chr12","100844791","100845104","7","685880"
"chr12","101542287","101542567","chr12","100856807","100857094","10","685480"
"chr12","101646251","101646532","chr12","100961574","100961882","28","684677"
"chr12","101677208","101677520","chr12","100992605","100992915","3","684603"
"chr12","101679787","101680092","chr12","100995681","100995988","4","684106"
"chr12","101895659","101895805","chr16","73743066","73743197","34","28152593"
"chr12","102005687","102005942","chr12","101320735","101320990","3","684952"
"chr12","102051725","102052003","chr12","101367033","101367311","0","684692"
"chr12","102386420","102386727","chr12","101704275","101704584","4","682145"
"chr12","102404559","102404721","chr9","4701375","4701540","27","97703184"
"chr12","102408069","102408365","chr3","55873459","55873760","45","46534610"
"chr12","102429175","102429362","chr21","13902217","13902406","33","88526958"
"chr12","102437008","102437284","chr12","101755241","101755541","25","681767"
"chr12","102443945","102444207","chr2B","116050479","116050735","44","13606534"
"chr12","102564241","102564542","chr12","101882768","101883071","10","681473"
"chr12","102605808","102605910","chr3","181238196","181238292","23","78632388"
"chr12","102743856","102744152","chrX","9943873","9944173","40","92799983"
"chr12","102755487","102755780","chr12","102077211","102077504","1","678276"
"chr12","102780006","102780300","chr12","102101729","102102023","0","678277"
"chr12","102801038","102801306","chr9","82461168","82461438","51","20339870"
"chr12","102814315","102814606","chr12","102132675","102132970","6","681640"
"chr12","102828562","102828855","chr12","102147589","102147885","6","680973"
"chr12","102853290","102853533","chr19","59327436","59327677","51","43525854"
"chr12","102927808","102928023","chr12","102249338","102249557","5","678470"
"chr12","102986271","102986584","chr12","102308896","102309205","5","677375"
"chr12","103101674","103101971","chr12","102424590","102424886","2","677084"
"chr12","103140038","103140180","chr11","46694965","46695109","24","56445073"
"chr12","103380516","103380813","chr12","102710619","102710917","2","669897"
"chr12","103388292","103388379","chr13","24059413","24059502","16","79328879"
"chr12","103483070","103483193","chr5","172392908","172393028","26","68909838"
"chr12","103628218","103628339","chr5","172392908","172393028","32","68764690"
"chr12","103695377","103695445","chr6","11395990","11396054","29","92299387"
"chr12","103896318","103896606","chr12","103233811","103234112","15","662507"
"chr12","103948608","103948903","chr12","103287457","103287754","4","661151"
"chr12","104133450","104133736","chr12","103476973","103477263","7","656477"
"chr12","104292749","104293023","chr12","103629275","103629550","1","663474"
"chr12","104374496","104374594","chr14","100673591","100673682","23","3700905"
"chr12","104513201","104513494","chr12","103845731","103846026","2","667470"
"chr12","104739673","104739795","chr19","2713018","2713139","13","102026655"
"chr12","104844311","104844621","chr12","104184982","104185290","4","659329"
"chr12","104890845","104891022","chr19","37778340","37778516","24","67112505"
"chr12","105013612","105013808","chr5","140780266","140780466","44","35766654"
"chr12","105086543","105086842","chr12","104429082","104429381","3","657461"
"chr12","105146678","105146977","chr16","1192174","1192470","35","103954504"
"chr12","105171865","105172166","chr12","104510999","104511302","4","660866"
"chr12","105213780","105214067","chr3","198547643","198547933","37","93333863"
"chr12","105232350","105232661","chr5","36472948","36473248","49","68759402"
"chr12","105244831","105245110","chr12","104590375","104590678","25","654456"
"chr12","105368278","105368565","chr12","104709930","104710218","2","658348"
"chr12","105519447","105519570","chr8","26723415","26723536","33","78796032"
"chr12","105813545","105813849","chr12","105161707","105162016","5","651838"
"chr12","105851651","105851944","chr12","105200407","105200700","2","651244"
"chr12","105941086","105941398","chr12","105292158","105292470","6","648928"
"chr12","105942240","105942324","chr1","160944586","160944680","24","55002346"
"chr12","105954662","105954955","chr12","105305763","105306056","4","648899"
"chr12","106018497","106018594","chr12","12586014","12586108","14","93432483"
"chr12","106057143","106057459","chr3","52086894","52087203","46","53970249"
"chr12","106071185","106071481","chr14","34399891","34400186","41","71671294"
"chr12","106350613","106350931","chr12","105707804","105708107","22","642809"
"chr12","106354739","106355034","chr12","105712240","105712535","0","642499"
"chr12","106366506","106366800","chr12","105724367","105724664","5","642139"
"chr12","106399540","106399811","chr12","105758810","105759084","4","640730"
"chr12","107066468","107066742","chr12","106438283","106438556","2","628185"
"chr12","107226833","107227136","chr15","48018063","48018371","38","59208770"
"chr12","107269646","107269940","chr12","106648765","106649062","10","620881"
"chr12","107317008","107317301","chr12","106699222","106699515","4","617786"
"chr12","107337966","107338259","chr12","106722430","106722723","1","615536"
"chr12","107348830","107349125","chr12","106733404","106733699","1","615426"
"chr12","107434391","107434678","chr12","106819374","106819662","1","615017"
"chr12","107512569","107512787","chr14","86971306","86971518","31","20541263"
"chr12","107539651","107539952","chr12","106925429","106925737","9","614222"
"chr12","107542030","107542229","chr4","67955013","67955222","41","39587017"
"chr12","107558520","107558810","chr12","106944116","106944412","6","614404"
"chr12","107583696","107583989","chr6","52744723","52745019","42","54838973"
"chr12","107633766","107634076","chr12","107026429","107026740","2","607337"
"chr12","107688998","107689293","chr12","107082084","107082382","6","606914"
"chr12","107702551","107702638","chr12","12586014","12586108","20","95116537"
"chr12","107961833","107961984","chr1","11780192","11780341","25","96181641"
"chr12","108006698","108006995","chr12","107403871","107404168","1","602827"
"chr12","108171264","108171585","chr6","111191716","111192025","48","3020452"
"chr12","108184657","108184836","chr12","107579438","107579618","2","605219"
"chr12","108188616","108188833","chr12","107583802","107584020","1","604814"
"chr12","108511373","108511628","chr12","107910023","107910278","5","601350"
"chr12","108535036","108535338","chr12","107933692","107933995","1","601344"
"chr12","108602259","108602493","chr12","108000594","108000829","6","601665"
"chr12","108614434","108614715","chr12","108012629","108012909","2","601805"
"chr12","108740179","108740462","chr12","108138249","108138541","13","601930"
"chr12","108740917","108741065","chr18","71387731","71387881","27","37353186"
"chr12","108772189","108772483","chr12","108173058","108173353","3","599131"
"chr12","108807031","108807344","chr12","108208275","108208587","4","598756"
"chr12","109062948","109063241","chr3","173983076","173983369","48","64920128"
"chr12","109179340","109179625","chr12","108584804","108585090","1","594536"
"chr12","109248925","109249224","chr6","154716279","154716576","30","45467354"
"chr12","109417278","109417443","chr11","43973183","43973348","25","65444095"
"chr12","109481007","109481143","chr12","108888180","108888317","2","592827"
"chr12","109509234","109509533","chr12","108916382","108916686","5","592852"
"chr12","109518308","109518572","chr12","108925428","108925692","0","592880"
"chr12","109604553","109604849","chr15","41566347","41566636","42","68038206"
"chr12","109634074","109634215","chr2A","32693701","32693835","24","76940373"
"chr12","109685052","109685333","chr12","109091547","109091828","1","593505"
"chr12","109709743","109710015","chr12","109117092","109117364","1","592651"
"chr12","109729061","109729127","chr9","103993079","103993149","12","5735982"
"chr12","109734537","109734555","chr1","28547144","28547162","7","81187393"
"chr12","109734593","109734693","chr3","181238196","181238292","20","71503603"
"chr12","109767540","109767754","chr2A","61755458","61755670","46","48012082"
"chr12","109865291","109865582","chr12","109274804","109275098","5","590487"
"chr12","109911149","109911447","chr3","201637717","201638015","54","91726568"
"chr12","109944427","109944638","chr9","127332773","127332986","44","17388346"
"chr12","110001480","110001495","chr7","54023042","54023058","9","55978438"
"chr12","110001780","110001983","chr17","75281131","75281341","39","34720649"
"chr12","110021125","110021399","chr12","109448554","109448829","6","572571"
"chr12","110031799","110032089","chr1","14605331","14605623","56","95426468"
"chr12","110048855","110048977","chr1","46484701","46484838","23","63564154"
"chr12","110060742","110060924","chr20","41301641","41301812","38","68759101"
"chr12","110076487","110076781","chr12","109503944","109504236","3","572543"
"chr12","110097456","110097697","chr12","109524732","109524962","15","572724"
"chr12","110114184","110114488","chr12","109541372","109541675","2","572812"
"chr12","110150857","110150959","chr22","33938435","33938535","16","76212422"
"chr12","110388518","110388670","chr6","55699024","55699181","26","54689494"
"chr12","110553584","110553701","chr2B","207026815","207026935","21","96473231"
"chr12","110619624","110619922","chr12","110054519","110054819","4","565105"
"chr12","110621422","110621745","chr12","110056309","110056632","5","565113"
"chr12","110750198","110750385","chr5","76266656","76266847","34","34483542"
"chr12","110819769","110819894","chr1","158024936","158025074","26","47205167"
"chr12","110822833","110823072","chr11","115373656","115373893","29","4550823"
"chr12","110837788","110838092","chr12","110274542","110274845","3","563246"
"chr12","110841966","110842268","chr12","110278442","110278750","7","563524"
"chr12","110844230","110844532","chr12","110280712","110281013","1","563518"
"chr12","110853541","110853846","chr4","74582759","74583063","31","36270782"
"chr12","110873418","110873616","chr7","4561989","4562194","29","106311429"
"chr12","110899429","110899715","chr22","20093512","20093802","47","90805917"
"chr12","110927351","110927642","chr12","110365560","110365855","7","561791"
"chr12","110937280","110937524","chr12","110375913","110376154","5","561367"
"chr12","110939665","110939756","chr14","100673591","100673682","25","10266074"
"chr12","110948966","110949047","chr14","100673591","100673682","18","10275375"
"chr12","110957070","110957145","chr3","181238196","181238292","34","70281126"
"chr12","110957393","110957524","chr13","19423022","19423152","14","91534371"
"chr12","111013897","111014195","chr12","110454661","110454961","4","559236"
"chr12","111023631","111023738","chr2B","205936995","205937106","30","94913364"
"chr12","111169366","111169663","chr12","110611684","110611982","1","557682"
"chr12","111203904","111204010","chr3","198268184","198268291","31","87064280"
"chr12","111229333","111229464","chr5","172392908","172393028","31","61163575"
"chr12","111258524","111258811","chr4","188864051","188864338","42","77605527"
"chr12","111261853","111262129","chr3","48931043","48931332","58","62330810"
"chr12","111287105","111287349","chr11","60588414","60588645","71","50698691"
"chr12","111290071","111290157","chr14","100673591","100673682","23","10616480"
"chr12","111341980","111342285","chr5","1786858","1787165","38","109555122"
"chr12","111356081","111356380","chr12","110806332","110806631","1","549749"
"chr12","111383102","111383210","chr2B","205936995","205937106","22","94553893"
"chr12","111384650","111384740","chr5","92275111","92275201","15","19109539"
"chr12","111411626","111411751","chr2B","207026381","207026509","13","95614755"
"chr12","111429131","111429438","chr12","110876375","110876677","5","552756"
"chr12","111483445","111483552","chr14","100673591","100673682","27","10809854"
"chr12","111523985","111524268","chr2A","75762004","75762290","39","35761981"
"chr12","111527420","111527636","chr12","110977053","110977264","7","550367"
"chr12","111542615","111542917","chr14","38141869","38142165","45","73400746"
"chr12","111552407","111552552","chr4","51755868","51756015","18","59796539"
"chr12","111584816","111585110","chr12","111041851","111042146","2","542965"
"chr12","111677803","111678015","chr12","111138858","111139070","1","538945"
"chr12","111729726","111730035","chr12","111192854","111193162","7","536872"
"chr12","111744930","111745225","chr12","111209550","111209846","2","535380"
"chr12","111751616","111751781","chr5","118509498","118509662","26","6757882"
"chr12","111769737","111769844","chr2B","210790127","210790232","25","99020390"
"chr12","111805503","111805808","chr12","111270334","111270639","2","535169"
"chr12","111809266","111809598","chrX","43814540","43814832","80","67994726"
"chr12","111853711","111853857","chr2B","157630718","157630869","27","45777007"
"chr12","111857659","111857945","chr6","15312245","15312527","32","96545414"
"chr12","111865725","111865763","chr10","27042861","27042906","15","84822864"
"chr12","112097911","112098203","chr12","111570418","111570722","12","527493"
"chr12","112106747","112107046","chr17","12043037","12043324","48","100063710"
"chr12","112275308","112275454","chr10","106630574","106630719","21","5644734"
"chr12","112287315","112287626","chr12","111759089","111759400","7","528226"
"chr12","112292491","112292775","chr3","117156145","117156424","37","4863654"
"chr12","112326969","112327181","chr12","111802889","111803104","5","524080"
"chr12","112336989","112337067","chr12","111812732","111812810","1","524257"
"chr12","112341858","112341975","chr8","64590362","64590478","16","47751496"
"chr12","112406228","112406425","chr12","131491639","131491832","38","19085411"
"chr12","112409072","112409198","chr3","282574","282715","30","112126498"
"chr12","112435500","112435792","chr12","111909916","111910221","13","525584"
"chr12","112501717","112501969","chr12","111976020","111976272","0","525697"
"chr12","112516353","112516567","chr12","111990877","111991093","3","525476"
"chr12","112534628","112534782","chr3","186834619","186834778","31","74299991"
"chr12","112550818","112551114","chr12","112025622","112025915","5","525196"
"chr12","112586073","112586317","chr5","155718972","155719212","36","43132899"
"chr12","112598543","112598642","chr20","16652596","16652702","22","95945947"
"chr12","112629210","112629379","chr6","37299122","37299292","21","75330088"
"chr12","112646729","112646820","chr14","100673591","100673682","19","11973138"
"chr12","112656241","112656357","chr3","200758253","200758371","13","88102012"
"chr12","112680234","112680495","chr12","112157780","112158042","2","522454"
"chr12","112755057","112755366","chr11","62713232","62713541","30","50041825"
"chr12","112759634","112759875","chr12","112237741","112237983","2","521893"
"chr12","112761638","112761940","chr12","112239686","112239988","3","521952"
"chr12","112914338","112914458","chr2B","205936995","205937106","21","93022657"
"chr12","112920660","112920922","chr4","92850254","92850512","48","20070406"
"chr12","112960893","112961070","chr12","112441173","112441352","5","519720"
"chr12","112969607","112969896","chr12","112449903","112450193","2","519704"
"chr12","112973793","112974085","chr12","112454088","112454387","12","519705"
"chr12","112980005","112980301","chr12","112460399","112460708","13","519606"
"chr12","113012202","113012509","chr12","112493146","112493458","6","519056"
"chr12","113094630","113094733","chr20","16652596","16652702","26","96442034"
"chr12","113094771","113095050","chr12","112574854","112575133","0","519917"
"chr12","113106436","113106733","chr12","112586638","112586935","0","519798"
"chr12","113113997","113114309","chr17","80025593","80025904","39","33088404"
"chr12","113131744","113132040","chr12","112612554","112612853","4","519190"
"chr12","113137731","113138034","chr12","112618737","112619035","6","518994"
"chr12","113211507","113211716","chr10","43220453","43220665","37","69991054"
"chr12","113282940","113283239","chr1","26517476","26517776","37","86765464"
"chr12","113303951","113304103","chr12","112791661","112791813","0","512290"
"chr12","113310207","113310499","chr12","112798250","112798543","6","511957"
"chr12","113357563","113357812","chr14","103595726","103595980","51","9761837"
"chr12","113358684","113358816","chr5","5624013","5624130","29","107734671"
"chr12","113364140","113364423","chr12","112852659","112852942","0","511481"
"chr12","113387468","113387733","chr12","112876960","112877257","33","510508"
"chr12","113433019","113433303","chr4","188864051","188864338","40","75431032"
"chr12","113841120","113841259","chr2A","32693701","32693835","29","81147419"
"chr12","113891974","113892284","chr12","113387137","113387433","49","504837"
"chr12","114068060","114068227","chr22","27886308","27886477","27","86181752"
"chr12","114068275","114068395","chrX","104316738","104316858","17","9751537"
"chr12","114131316","114131404","chr13","24059413","24059502","14","90071903"
"chr12","114207726","114207850","chr5","172392908","172393028","24","58185182"
"chr12","114213605","114213910","chr12","113718830","113719134","3","494775"
"chr12","114224568","114224668","chr13","24059413","24059502","28","90165155"
"chr12","114244267","114244564","chr12","113746147","113746444","4","498120"
"chr12","114267980","114268279","chr12","113770173","113770477","6","497807"
"chr12","114315694","114315927","chr5","173297924","173298157","41","58982230"
"chr12","114327312","114327329","chr1","28547144","28547162","9","85780168"
"chr12","114327635","114327781","chr6","145351826","145351977","30","31024191"
"chr12","114338614","114338902","chr7","153704928","153705226","35","39366314"
"chr12","114339688","114339945","chr1","32840122","32840373","42","81499566"
"chr12","114343605","114343899","chr12","113847436","113847735","8","496169"
"chr12","114364374","114364675","chr12","113869318","113869619","6","495056"
"chr12","114385166","114385469","chr12","113891470","113891775","4","493696"
"chr12","114398224","114398516","chr12","113904756","113905048","7","493468"
"chr12","114436351","114436465","chr2A","62538961","62539069","26","51897390"
"chr12","114437627","114437640","chr1","28547144","28547162","9","85890483"
"chr12","114704508","114704783","chr12","114220343","114220620","5","484165"
"chr12","114714027","114714137","chr2B","207026815","207026935","24","92312788"
"chr12","114731849","114732133","chr12","114248472","114248756","4","483377"
"chr12","114944907","114945251","chr12","114475989","114476312","21","468918"
"chr12","114985967","114986239","chr9","27155451","27155722","41","87830516"
"chr12","115213755","115213838","chr14","100673591","100673682","25","14540164"
"chr12","115271656","115271939","chr11","20865439","20865716","55","94406217"
"chr12","115360781","115360995","chr3","143281566","143281781","32","27920785"
"chr12","115470409","115470709","chr12","115006548","115006848","4","463861"
"chr12","115502533","115502824","chr12","115039000","115039290","4","463533"
"chr12","115512318","115512475","chr1","45049966","45050124","26","70462352"
"chr12","115654822","115655133","chr8","39662349","39662659","52","75992473"
"chr12","115680363","115680470","chr17","13440536","13440654","28","102239827"
"chr12","115680498","115680522","chr1","28547144","28547162","9","87133354"
"chr12","115769229","115769515","chr12","115310127","115310413","0","459102"
"chr12","115908915","115908993","chr14","100673591","100673682","28","15235324"
"chr12","116039872","116040195","chr12","115589192","115589530","17","450680"
"chr12","116499907","116500000","chr12","12586014","12586108","19","103913893"
"chr12","116538443","116538733","chr12","116091014","116091316","13","447429"
"chr12","116647509","116647803","chr15","52701277","52701571","43","63946232"
"chr12","116662654","116662962","chr12","116216738","116217048","5","445916"
"chr12","116742829","116742972","chr2A","32693701","32693835","25","84049128"
"chr12","116762859","116763170","chr17","66551885","66552191","30","50210974"
"chr12","117134988","117135259","chr12","116694273","116694544","1","440715"
"chr12","117222026","117222327","chr12","116782595","116782896","2","439431"
"chr12","117254674","117254864","chr16","23781866","23782055","27","93472808"
"chr12","117283866","117284014","chr9","69573837","69573962","38","47710029"
"chr12","117284228","117284242","chr1","28547144","28547162","8","88737084"
"chr12","117338817","117338965","chr12","116901091","116901239","1","437726"
"chr12","117360337","117360459","chr5","172392908","172393028","24","55032571"
"chr12","117395726","117396014","chr12","116959618","116959906","1","436108"
"chr12","117434193","117434258","chr12","116998905","116998970","0","435288"
"chr12","117439418","117439717","chr5","39849213","39849509","47","77590205"
"chr12","117448303","117448582","chr12","117012666","117012965","22","435637"
"chr12","117474143","117474443","chr12","117039008","117039292","16","435135"
"chr12","117530225","117530284","chr8","102041595","102041648","26","15488630"
"chr12","117537698","117537775","chr12","111812732","111812810","11","5724966"
"chr12","117537796","117537914","chr12","93126526","93126644","27","24411270"
"chr12","117625619","117625715","chr19","57751584","57751683","16","59874035"
"chr12","117657059","117657163","chr19","57751584","57751683","16","59905475"
"chr12","117696523","117696814","chr7","51497612","51497899","43","66198911"
"chr12","117720746","117720830","chr10","102537049","102537135","11","15183697"
"chr12","118009975","118010061","chr17","13332748","13332838","17","104677227"
"chr12","118158642","118158783","chr11","63350837","63350978","19","54807805"
"chr12","118170585","118170724","chr1","214242319","214242461","17","96071734"
"chr12","118174746","118174840","chr14","103328251","103328345","18","14846495"
"chr12","118196900","118197185","chr12","117781793","117782080","2","415107"
"chr12","118220433","118220644","chr1","22213209","22213430","33","96007224"
"chr12","118232863","118233157","chr12","117820004","117820300","2","412859"
"chr12","118276513","118276816","chrX","69865552","69865855","58","48410961"
"chr12","118281307","118281482","chr7","153710258","153710426","32","35428951"
"chr12","118441951","118442097","chr12","118030190","118030337","1","411761"
"chr12","118500968","118501278","chr12","118092109","118092412","11","408859"
"chr12","118585364","118585660","chr21","16527764","16528056","30","102057600"
"chr12","118590799","118590926","chr5","172392908","172393028","23","53802109"
"chr12","118714262","118714554","chr12","118307178","118307470","1","407084"
"chr12","118794811","118795096","chr12","118387478","118387763","0","407333"
"chr12","118797209","118797502","chr8","53774438","53774735","34","65022771"
"chr12","118808830","118809141","chr12","118401924","118402233","2","406906"
"chr12","118848008","118848299","chr1","133678853","133679140","33","14830845"
"chr12","118896497","118896798","chr12","118490468","118490772","6","406029"
"chr12","118929943","118930256","chr12","118524538","118524845","10","405405"
"chr12","118936053","118936343","chr12","118530654","118530945","2","405399"
"chr12","118997204","118997342","chr12","118591672","118591810","0","405532"
"chr12","119007364","119007547","chr12","118602765","118602968","22","404599"
"chr12","119023398","119023520","chr5","172392908","172393028","27","53369510"
"chr12","119024328","119024569","chr10","124426664","124426914","48","5402336"
"chr12","119031754","119031870","chr2B","210790127","210790232","25","91758373"
"chr12","119040579","119040698","chr3","145605092","145605218","26","26564513"
"chr12","119045056","119045348","chr12","118641677","118641973","5","403379"
"chr12","119054561","119054605","chr11","128835234","128835282","9","9780673"
"chr12","119058131","119058414","chr12","40497835","40498125","41","78560296"
"chr12","119069487","119069536","chr8","90198877","90198926","10","28870610"
"chr12","119074514","119074669","chr1","208319348","208319501","27","89244834"
"chr12","119082404","119082670","chr6","111430994","111431261","33","7651410"
"chr12","119152714","119153013","chr11","109589478","109589774","39","9563236"
"chr12","119199531","119199750","chr12","118797108","118797327","1","402423"
"chr12","119200299","119200427","chr12","118797735","118797866","4","402564"
"chr12","119234333","119234606","chr12","118832047","118832320","1","402286"
"chr12","119328691","119328938","chr14","62126609","62126851","64","57202082"
"chr12","119340957","119341047","chr14","100673591","100673682","20","18667366"
"chr12","119358678","119358973","chr12","118958140","118958435","2","400538"
"chr12","119367166","119367340","chr1","29277911","29278085","21","90089255"
"chr12","119415324","119415607","chr12","119015414","119015698","9","399910"
"chr12","119609165","119609443","chr12","119212371","119212648","3","396794"
"chr12","119674616","119674835","chr12","119274512","119274733","3","400104"
"chr12","119704725","119704989","chr16","49150665","49150926","41","70554060"
"chr12","119783595","119783902","chr12","119381274","119381580","1","402321"
"chr12","119848019","119848314","chr12","119445893","119446189","3","402126"
"chr12","120003696","120004001","chr7","74954148","74954455","36","45049548"
"chr12","120083398","120083701","chr12","119682012","119682302","14","401386"
"chr12","120367083","120367360","chr12","115310127","115310413","49","5056956"
"chr12","120367753","120367849","chr14","100673591","100673682","14","19694162"
"chr12","120424154","120424476","chr7","14511503","14511822","40","105912651"
"chr12","120428828","120429121","chr12","120040009","120040305","4","388819"
"chr12","120499034","120499260","chr12","120111231","120111460","6","387803"
"chr12","120664370","120664674","chr12","120290202","120290515","11","374168"
"chr12","120709144","120709441","chr12","120337825","120338129","7","371319"
"chr12","120843510","120843787","chr12","120475029","120475306","3","368481"
"chr12","120879447","120879556","chr2B","199271339","199271453","28","78391892"
"chr12","120892125","120892252","chr2B","216519456","216519594","29","95627331"
"chr12","120906952","120907178","chr10","31000255","31000480","43","89906697"
"chr12","120926269","120926563","chr7","66849030","66849321","27","54077239"
"chr12","120928746","120928853","chr6","159074849","159074952","16","38146103"
"chr12","120980578","120980867","chr12","120616620","120616921","14","363958"
"chr12","121005392","121005674","chr12","120642476","120642758","0","362916"
"chr12","121123071","121123308","chr19","12266543","12266781","34","108856528"
"chr12","121188757","121189053","chr12","120831753","120832048","2","357004"
"chr12","121202779","121202796","chr1","28547144","28547162","9","92655635"
"chr12","121203095","121203283","chr12","123961267","123961438","50","2758172"
"chr12","121225976","121226046","chr17","4261422","4261478","19","116964554"
"chr12","121236542","121236833","chr12","120882761","120883052","1","353781"
"chr12","121239089","121239347","chr3","28166878","28167129","37","93072211"
"chr12","121256578","121256881","chr12","120902877","120903182","3","353701"
"chr12","121275032","121275282","chr12","120922073","120922343","21","352959"
"chr12","121355883","121356175","chr12","121002213","121002515","10","353670"
"chr12","121392919","121393248","chr14","43825505","43825814","60","77567414"
"chr12","121394735","121394879","chr4","28030717","28030863","28","93364018"
"chr12","121404194","121404458","chrX","120006485","120006804","89","1397709"
"chr12","121435262","121435335","chr18","13216633","13216692","26","108218629"
"chr12","121440902","121441197","chr12","121090411","121090710","4","350491"
"chr12","121445822","121446118","chr12","121096398","121096686","9","349424"
"chr12","121458476","121458771","chr12","121109274","121109569","1","349202"
"chr12","121458838","121459059","chr12","121109636","121109858","3","349202"
"chr12","121489474","121489778","chr12","121140793","121141098","1","348681"
"chr12","121523454","121523749","chr15","82596517","82596810","43","38926937"
"chr12","121546368","121546574","chr8","28804643","28804851","33","92741725"
"chr12","121556805","121556995","chr12","121215680","121215870","1","341125"
"chr12","121633559","121633644","chr13","24059413","24059502","14","97574146"
"chr12","121673822","121674168","chr5","182101661","182101957","101","60427839"
"chr12","121713149","121713443","chr5","83379866","83380162","36","38333283"
"chr12","121801729","121801807","chr3","181238196","181238292","31","59436467"
"chr12","121832045","121832350","chr7","54598400","54598703","41","67233645"
"chr12","121833300","121833519","chr3","36295297","36295521","38","85538003"
"chr12","121853086","121853382","chr12","121517537","121517834","1","335549"
"chr12","121857872","121858169","chr11","81612582","81612877","41","40245290"
"chr12","121897059","121897261","chr12","121564638","121564841","2","332421"
"chr12","121902264","121902556","chr12","121570399","121570693","4","331865"
"chr12","121992002","121992300","chr20","54184177","54184476","38","67807825"
"chr12","122096083","122096388","chr5","58634298","58634603","42","63461785"
"chr12","122145012","122145310","chr12","121819865","121820167","7","325147"
"chr12","122172747","122173044","chr11","60696329","60696628","48","61476418"
"chr12","122175461","122175501","chr7","5019603","5019643","8","117155858"
"chr12","122183344","122183581","chr12","121859857","121860095","2","323487"
"chr12","122192257","122192344","chr10","4431800","4431887","36","117760457"
"chr12","122290705","122290996","chr12","121971773","121972064","2","318932"
"chr12","122313053","122313151","chr13","24059413","24059502","20","98253640"
"chr12","122323425","122323720","chr12","122008478","122008778","7","314947"
"chr12","122329132","122329239","chr6","159074849","159074952","20","36745717"
"chr12","122345679","122345874","chr18","17285929","17286135","58","105059750"
"chr12","122361393","122361554","chr11","124492028","124492191","25","2130635"
"chr12","122384524","122384641","chr7","112797358","112797487","26","9587166"
"chr12","122419644","122419940","chr12","122103380","122103677","2","316264"
"chr12","122434789","122435088","chr11","88624991","88625289","17","33809798"
"chr12","122454915","122455104","chr17","7035663","7035852","42","115419252"
"chr12","122472557","122472867","chr12","122162498","122162808","0","310059"
"chr12","122478171","122478365","chr12","122172712","122172906","0","305459"
"chr12","122478691","122478897","chr12","122168074","122168283","6","310617"
"chr12","122517902","122518034","chr13","22694842","22694978","31","99823060"
"chr12","122521612","122521775","chr16","66115499","66115667","29","56406113"
"chr12","122529817","122530126","chr12","122221808","122222115","7","308009"
"chr12","122537799","122537923","chr7","112797358","112797487","23","9740441"
"chr12","122546353","122546645","chr12","122237553","122237845","0","308800"
"chr12","122565834","122565920","chr9","80389825","80389922","19","42176009"
"chr12","122568556","122568837","chr7","152603758","152604037","45","30035202"
"chr12","122577910","122578011","chr11","20358123","20358224","14","102219787"
"chr12","122598126","122598404","chr12","122289810","122290090","3","308316"
"chr12","122613049","122613349","chr12","122305239","122305540","2","307810"
"chr12","122643785","122643874","chr13","24059413","24059502","20","98584372"
"chr12","122657884","122658017","chr2A","32693701","32693835","25","89964183"
"chr12","122709228","122709410","chr2B","210872618","210872807","23","88163390"
"chr12","122718348","122718732","chr12","122412737","122413046","80","305611"
"chr12","122862672","122862751","chr8","46091691","46091777","23","76770981"
"chr12","122866736","122866837","chr12","12586014","12586108","21","110280722"
"chr12","122877516","122877622","chr11","20358123","20358224","16","102519393"
"chr12","123006070","123006358","chr5","138928252","138928544","39","15922182"
"chr12","123131049","123131244","chr12","122993770","122993965","3","137279"
"chr12","123178270","123178357","chr8","46091691","46091777","19","77086579"
"chr12","123181367","123181504","chr7","90092678","90092807","25","33088689"
"chr12","123189122","123189428","chr7","23630979","23631278","37","99558143"
"chr12","123207414","123207586","chrX","71354640","71354795","33","51852774"
"chr12","123224720","123225020","chr3","142809803","142810102","33","19585083"
"chr12","123231243","123231553","chr12","123095405","123095715","3","135838"
"chr12","123237154","123237452","chr12","123101229","123101530","8","135925"
"chr12","123257366","123257664","chr12","123121777","123122074","1","135589"
"chr12","123269752","123269882","chr1","214242319","214242461","21","90972567"
"chr12","123294914","123295020","chr3","181238196","181238292","25","57943282"
"chr12","123295079","123295369","chr12","123159524","123159814","0","135555"
"chr12","123300154","123300455","chr12","123164484","123164784","5","135670"
"chr12","123322977","123323270","chr12","123189036","123189327","8","133941"
"chr12","123366870","123366964","chr17","13332748","13332838","14","110034122"
"chr12","124255866","124256163","chr12","123268214","123268511","5","987652"
"chr12","124285403","124285493","chr13","24059413","24059502","20","100225990"
"chr12","124288809","124289120","chr7","150828980","150829278","45","26540171"
"chr12","124325979","124326086","chr2B","210790127","210790232","22","86464148"
"chr12","124333865","124334161","chr12","123346921","123347223","6","986944"
"chr12","124392253","124392552","chr15","42456992","42457293","40","81935261"
"chr12","124450888","124451045","chr17","46043196","46043357","23","78407692"
"chr12","124460625","124460741","chr19","20014001","20014129","31","104446624"
"chr12","124464376","124464478","chr22","33938435","33938535","20","90525941"
"chr12","124489744","124489875","chr4","84675478","84675615","21","39814266"
"chr12","124523975","124524053","chr3","122317918","122317994","8","2206057"
"chr12","124556232","124556526","chr12","123562257","123562567","25","993975"
"chr12","124575246","124575439","chr5","76266656","76266847","33","48308590"
"chr12","124582372","124582464","chr8","46091691","46091777","16","78490681"
"chr12","124610604","124610778","chr6","37299122","37299292","32","87311482"
"chr12","124610806","124610930","chr1","25732453","25732576","19","98878353"
"chr12","124635228","124635515","chr12","123645261","123645571","23","989967"
"chr12","124637726","124637946","chr12","123647711","123647941","18","990015"
"chr12","124714663","124714752","chr1","160944586","160944680","21","36229923"
"chr12","124740592","124740884","chrX","13630415","13630712","31","111110177"
"chr12","124743912","124744221","chr4","141934893","141935195","41","17190981"
"chr12","124744386","124744501","chr19","3714668","3714788","27","121029718"
"chr12","124744862","124745053","chr11","71677728","71677921","31","53067134"
"chr12","124750409","124750625","chr19","7582429","7582647","40","117167980"
"chr12","124797565","124797691","chr22","35041748","35041876","25","89755817"
"chr12","124959527","124959698","chr12","123961267","123961438","0","998260"
"chr12","125027094","125027390","chr12","124031360","124031656","3","995734"
"chr12","125039601","125039881","chr6","154412146","154412420","53","29372545"
"chr12","125040735","125040974","chr22","39938694","39938922","49","85102041"
"chr12","125049943","125050241","chr4","167882463","167882760","26","42832520"
"chr12","125054550","125054690","chr9","122440275","122440408","29","2614275"
"chr12","125068764","125069062","chr12","124074716","124075012","6","994048"
"chr12","125069852","125070143","chr12","124075802","124076090","4","994050"
"chr12","125096975","125097142","chr12","124103835","124104005","3","993140"
"chr12","125104710","125105006","chr10","101014337","101014641","39","24090373"
"chr12","125115122","125115248","chr12","124124295","124124421","0","990827"
"chr12","125141133","125141428","chr2A","31252060","31252352","49","93889073"
"chr12","125156358","125156662","chr9","87168130","87168439","52","37988228"
"chr12","125176778","125176919","chr17","75361555","75361699","17","49815223"
"chr12","125233822","125234113","chr12","124253277","124253576","9","980545"
"chr12","125261251","125261546","chr12","124281848","124282143","4","979403"
"chr12","125265193","125265508","chrX","49894213","49894523","40","75370980"
"chr12","125269835","125270130","chr12","124291040","124291334","5","978795"
"chr12","125303916","125304213","chr12","124331612","124331911","3","972304"
"chr12","125375936","125376236","chr3","201858887","201859187","35","76482951"
"chr12","125381182","125381275","chr13","24059413","24059502","18","101321769"
"chr12","125396607","125396911","chr12","124430164","124430469","4","966443"
"chr12","125423138","125423442","chr12","124458166","124458472","2","964972"
"chr12","125453749","125454047","chr12","124490451","124490749","4","963298"
"chr12","125475070","125475161","chr8","46091691","46091777","21","79383379"
"chr12","125481353","125481638","chr12","124518344","124518629","1","963009"
"chr12","125502223","125502413","chr3","145547243","145547422","31","20045020"
"chr12","125504752","125504804","chr18","17282170","17282223","10","108222582"
"chr12","125522295","125522576","chrX","47844690","47844969","42","77677605"
"chr12","125534633","125534821","chr16","23781866","23782055","34","101752767"
"chr12","125546381","125546650","chr19","2868282","2868546","36","122678099"
"chr12","125586909","125587005","chr11","20358123","20358224","26","105228786"
"chr12","125674805","125675098","chr12","124717677","124717965","5","957128"
"chr12","125938351","125938656","chr12","124919215","124919522","3","1019136"
"chr12","125961183","125961492","chr12","124947216","124947525","3","1013967"
"chr12","126036388","126036686","chr12","125024818","125025134","22","1011570"
"chr12","126087640","126087929","chr12","125077081","125077371","1","1010559"
"chr12","126095634","126095934","chr12","125085106","125085408","3","1010528"
"chr12","126294943","126295259","chr12","125287761","125288072","9","1007182"
"chr12","126571071","126571368","chr12","125571401","125571698","1","999670"
"chr12","126722072","126722176","chr6","159074849","159074952","14","32352777"
"chr12","126751152","126751281","chr8","26723415","26723536","33","100027737"
"chr12","126765414","126765709","chrX","135074284","135074573","40","8308870"
"chr12","126770357","126770631","chr12","125770060","125770337","5","1000297"
"chr12","126808507","126808807","chr12","125810839","125811141","4","997668"
"chr12","126810747","126810870","chr8","26723415","26723536","29","100087332"
"chr12","126817547","126817858","chr3","42758764","42759075","41","84058783"
"chr12","126835663","126835967","chr12","125839498","125839807","19","996165"
"chr12","126895072","126895351","chr12","125905893","125906172","1","989179"
"chr12","126914512","126914688","chr5","178397697","178397875","23","51483185"
"chr12","126914978","126915060","chr12","123281527","123281598","28","3633451"
"chr12","126916147","126916456","chr12","125928571","125928879","4","987576"
"chr12","126930606","126930656","chr10","27042861","27042906","11","99887745"
"chr12","126945774","126946072","chr12","125959105","125959402","4","986669"
"chr12","126992251","126992546","chr12","125996727","125997026","11","995524"
"chr12","127075086","127075381","chr13","35177285","35177582","38","91897801"
"chr12","127088836","127088939","chr2B","205936995","205937106","26","78848159"
"chr12","127272850","127273123","chr19","41761603","41761879","41","85511247"
"chr12","127451040","127451341","chr12","126459193","126459495","1","991847"
"chr12","127596187","127596476","chr18","18555827","18556115","33","109040360"
"chr12","127786031","127786208","chr9","130767579","130767756","26","2981548"
"chr12","127988445","127988741","chr12","127001020","127001319","8","987425"
"chr12","128208979","128209275","chr12","127224002","127224299","1","984977"
"chr12","128210996","128211217","chr12","127226022","127226243","0","984974"
"chr12","128487681","128487970","chr12","127515413","127515704","7","972268"
"chr12","128493264","128493555","chr12","127520996","127521287","6","972268"
"chr12","128577433","128577729","chr11","8753614","8753912","35","119823819"
"chr12","128635068","128635338","chr12","127669905","127670175","7","965163"
"chr12","128655875","128655944","chr1","27390807","27390868","18","101265068"
"chr12","128655981","128656150","chr14","68303314","68303473","32","60352667"
"chr12","128831332","128831461","chr5","172392908","172393028","31","43561576"
"chr12","128895872","128896184","chr12","127936861","127937181","16","959011"
"chr12","128917157","128917387","chr1","133581641","133581865","35","4664484"
"chr12","129188281","129188375","chrX","120369316","120369409","10","8818965"
"chr12","129251528","129251843","chr2A","99162924","99163233","40","30088604"
"chr12","129266476","129266782","chr12","128317591","128317898","3","948885"
"chr12","129456855","129456945","chr13","24059413","24059502","18","105397442"
"chr12","129457452","129457518","chr11","128835234","128835282","18","622218"
"chr12","129634060","129634374","chr12","128688702","128689018","8","945358"
"chr12","129638562","129638895","chr2A","44934002","44934296","83","84704560"
"chr12","129769630","129769900","chr12","128823064","128823362","28","946566"
"chr12","129795500","129795812","chr12","128849335","128849647","0","946165"
"chr12","129808148","129808413","chr12","128862000","128862265","2","946148"
"chr12","129884469","129884790","chr22","39673638","39673969","81","90210831"
"chr12","130096986","130097135","chr12","129142507","129142650","10","954479"
"chr12","130216909","130217206","chr12","129262452","129262752","3","954457"
"chr12","130369449","130369623","chr19","59940840","59941010","33","70428609"
"chr12","130460377","130460478","chr13","24059413","24059502","24","106400964"
"chr12","130492079","130492321","chr12","129551686","129551928","2","940393"
"chr12","130577321","130577608","chr12","129637070","129637358","5","940251"
"chr12","130582471","130582766","chr12","129642218","129642520","14","940253"
"chr12","130675831","130675957","chr2A","32693701","32693835","26","97982130"
"chr12","130679993","130680130","chr8","112933585","112933727","29","17746408"
"chr12","130683118","130683207","chr12","129753197","129753289","7","929921"
"chr12","130683720","130683924","chr12","129753804","129754009","6","929916"
"chr12","130701058","130701201","chr8","112933585","112933727","36","17767473"
"chr12","130717767","130718070","chr20","54184177","54184476","21","76533590"
"chr12","130728876","130728972","chr6","171617280","171617376","11","40888404"
"chr12","130736898","130736998","chr20","16652596","16652702","23","114084302"
"chr12","130748495","130748773","chr12","129819186","129819467","4","929309"
"chr12","130880612","130880889","chr12","129957034","129957311","2","923578"
"chr12","131230636","131230765","chr1","6844228","6844361","24","124386408"
"chr12","131312908","131313206","chr12","130399971","130400270","5","912937"
"chr12","131376181","131376473","chr14","93491904","93492189","109","37884277"
"chr12","131383565","131383821","chr12","130471248","130471504","0","912317"
"chr12","131495378","131495588","chrX","44629615","44629823","55","86865763"
"chr12","131510967","131511273","chr12","130600011","130600317","10","910956"
"chr12","131661784","131661898","chr5","59438305","59438419","15","72223479"
"chr12","131703643","131703768","chr8","26723415","26723536","21","104980228"
"chr12","131897022","131897172","chr3","139525923","139526071","13","7628901"
"chr12","131940664","131940899","chr19","59327436","59327677","36","72613228"
"chr12","131951272","131951564","chr12","131058437","131058732","5","892835"
"chr12","132131633","132131744","chr5","172392908","172393028","28","40261275"
"chr12","132614549","132614840","chr12","131747407","131747696","7","867142"
"chr12","132692442","132692657","chr1","91201185","91201400","40","41491257"
"chr12","132762601","132762908","chr12","131906496","131906803","2","856105"
"chr12","132770506","132770816","chr12","131914400","131914710","2","856106"
"chr12","132966950","132967247","chr12","132117029","132117327","5","849921"
"chr12","133053840","133054137","chr12","132204967","132205266","4","848873"
"chr12","133381274","133381567","chr12","132625211","132625502","4","756063"
"chr12","133440106","133440374","chr12","132571371","132571669","32","868735"
"chr12","133734850","133735160","chr12","132272645","132272955","7","1462205"
"chr12","133873305","133873594","chr12","132765344","132765633","1","1107961"
"chr12","133883697","133883867","chr12","132776430","132776610","10","1107267"
"chr12","133901005","133901158","chr16","25590307","25590456","29","108310698"
"chr12","133972954","133973166","chr1","31209520","31209734","38","102763434"
"chr12","133990909","133991038","chr3","126157086","126157216","11","7833823"
"chr12","134000539","134000671","chr1","46484701","46484838","20","87515838"
"chr12","134009312","134009463","chr16","22614443","22614603","34","111394869"
"chr12","134036324","134036638","chr12","132938499","132938826","19","1097825"
"chr12","134041897","134042039","chr2A","32693701","32693835","29","101348196"
"chr12","134052349","134052537","chr11","9083840","9084022","29","124968509"
"chr12","134059827","134060098","chr12","132963066","132963341","9","1096761"
"chr12","134194131","134194406","chr12","133096099","133096373","1","1098032"
"chr12","134210539","134210839","chr17","63252635","63252932","41","70957904"
"chr12","134211547","134211744","chr12","124308544","124308724","34","9903003"
"chr12","134435597","134435887","chr3","183585456","183585749","39","49149859"
"chr12","134492290","134492576","chr17","55531802","55532095","36","78960488"
"chr12","134543531","134543723","chr8","130835330","130835534","48","3708201"
"chr12","134662901","134663204","chr1","10063605","10063905","35","124599296"
"chr12","134784008","134784308","chr8","71228918","71229217","30","63555090"
"chr12","134786490","134786727","chr17","48072493","48072716","39","86713997"
"chr12","134833280","134833556","chr12","133763290","133763565","1","1069990"
"chr12","134839224","134839515","chr2A","63086723","63087016","31","71752501"
"chr12","134868012","134868110","chr14","100673591","100673682","19","34194421"
"chr12","134927066","134927379","chr12","133858721","133859027","25","1068345"
"chr12","134931428","134931515","chr3","181238196","181238292","24","46306768"
"chr12","134940523","134940679","chr12","133872273","133872431","4","1068250"
"chr12","134986178","134986296","chr16","73743066","73743197","33","61243112"
"chr12","134989578","134989860","chr12","133918848","133919134","13","1070730"
"chr12","134992535","134992834","chr12","133922078","133922377","2","1070457"
"chr12","135001885","135001978","chr12","12586014","12586108","18","122415871"
"chr12","135112109","135112392","chr12","134044195","134044478","1","1067914"
"chr12","135123940","135124229","chr12","134055941","134056232","3","1067999"
"chr12","135127961","135128121","chr12","55613301","55613461","35","79514660"
"chr12","135131965","135132271","chr12","134062349","134062655","5","1069616"
"chr12","135181012","135181164","chr10","87769902","87770054","24","47411110"
"chr12","135225829","135226119","chr12","134147969","134148232","27","1077860"
"chr12","135328743","135328889","chr9","112064180","112064330","22","23264563"
"chr13","33030076","33030168","chr14","100673591","100673682","20","67643515"
"chr13","83754753","83755052","chr13","83403564","83403866","5","351189"
"chr13","18413298","18413585","chrUn_GL393525","263313","263600","0","18149985"
"chr13","18440393","18440695","chr18","2276310","2276612","1","16164083"
"chr13","18515012","18515178","chr7","11297638","11297804","28","7217374"
"chr13","18707371","18707498","chrX","73939767","73939892","15","55232396"
"chr13","18793248","18793364","chr1","87599106","87599219","32","68805858"
"chr13","18795246","18795366","chr5","172392908","172393028","26","153597662"
"chr13","18812149","18812446","chr2A","63086723","63087016","43","44274574"
"chr13","18841129","18841407","chr3","136516414","136516691","62","117675285"
"chr13","18874969","18875183","chr13","18732015","18732257","34","142954"
"chr13","19015398","19015698","chr21","4065891","4066188","40","14949507"
"chr13","19096505","19096600","chr14","100673591","100673682","21","81577086"
"chr13","19100316","19100422","chr2A","62538961","62539069","27","43438645"
"chr13","19148557","19148840","chr13","19014970","19015253","1","133587"
"chr13","19152883","19153171","chr13","19020766","19021054","0","132117"
"chr13","19276031","19276343","chr5","81706797","81707108","55","62430766"
"chr13","19282748","19283035","chr1","63780786","63781076","36","44498038"
"chr13","19285613","19285777","chr7","15507240","15507400","37","3778373"
"chr13","19296240","19296537","chr13","19166055","19166352","1","130185"
"chr13","19300561","19300716","chr12","113679054","113679212","35","94378493"
"chr13","19379844","19379991","chr4","28030717","28030863","28","8650873"
"chr13","19397545","19397865","chr13","19268211","19268534","4","129334"
"chr13","19407351","19407636","chr13","19278511","19278799","4","128840"
"chr13","19408238","19408534","chr6","8385500","8385792","52","11022738"
"chr13","19411408","19411455","chr3","12945284","12945334","12","6466124"
"chr13","19417565","19417863","chr5","37177597","37177892","37","17760032"
"chr13","19419382","19419702","chr13","19291556","19291881","6","127826"
"chr13","19425086","19425390","chr13","19297884","19298187","5","127202"
"chr13","19426330","19426593","chr13","19299130","19299393","3","127200"
"chr13","19432596","19432832","chr6","69762384","69762617","34","50329788"
"chr13","19442968","19443085","chr5","172392908","172393028","30","152949940"
"chr13","19449694","19449885","chr13","19328117","19328326","21","121577"
"chr13","19459004","19459288","chr4","141734619","141734898","38","122275615"
"chr13","19467339","19467506","chr22","28740299","28740471","37","9272960"
"chr13","19468757","19468918","chr13","19346785","19346946","0","121972"
"chr13","19491897","19492184","chr9","21087514","21087786","84","1595617"
"chr13","19494932","19495087","chrX","65801999","65802155","31","46307067"
"chr13","19538342","19538619","chr7","6702169","6702445","34","12836173"
"chr13","19542035","19542259","chr15","83998832","83999050","51","64456797"
"chr13","19552113","19552215","chr20","17234762","17234865","20","2317351"
"chr13","19576421","19576536","chr2B","205936995","205937106","30","186360574"
"chr13","19578232","19578352","chr2B","199271339","199271453","27","179693107"
"chr13","19596184","19596338","chr9","122658267","122658422","21","103062083"
"chr13","19603601","19603911","chr1","211055580","211055884","52","191451979"
"chr13","19635586","19635796","chr13","19516756","19516965","2","118830"
"chr13","19801808","19801893","chr8","46091691","46091777","15","26289883"
"chr13","19952385","19952674","chr13","19839759","19840053","15","112626"
"chr13","19984950","19985082","chr7","90092678","90092807","18","70107728"
"chr13","20053522","20053833","chr13","19942182","19942495","5","111340"
"chr13","20061669","20061964","chr13","19950353","19950650","2","111316"
"chr13","20122947","20123132","chr6","46914945","46915128","31","26791998"
"chr13","20203143","20203438","chr13","20096102","20096399","3","107041"
"chr13","20300984","20301277","chr13","20194144","20194438","2","106840"
"chr13","20307113","20307248","chr13","20200286","20200416","6","106827"
"chr13","20380442","20380733","chr2A","28990672","28990966","35","8610230"
"chr13","20394454","20394731","chr13","20289189","20289478","14","105265"
"chr13","20405829","20406104","chr9","116030892","116031165","35","95625063"
"chr13","20432023","20432309","chr13","20328176","20328462","1","103847"
"chr13","20477519","20477689","chr1","15904418","15904589","34","4573101"
"chr13","20498715","20499015","chr13","20395558","20395861","4","103157"
"chr13","20539661","20539968","chr13","20438046","20438351","2","101615"
"chr13","20550947","20551234","chr13","20450124","20450410","8","100823"
"chr13","20587821","20588125","chr13","20488314","20488617","5","99507"
"chr13","20589329","20589626","chr5","112121216","112121510","30","91531887"
"chr13","20594998","20595101","chr20","16652596","16652702","19","3942402"
"chr13","20614799","20615107","chr13","20516761","20517069","1","98038"
"chr13","20672805","20673008","chr12","2910476","2910665","52","17762329"
"chr13","20673302","20673438","chr12","10456629","10456759","21","10216673"
"chr13","20719043","20719326","chr9","33729184","33729467","43","13010141"
"chr13","20722761","20723067","chr13","20627125","20627434","4","95636"
"chr13","20794665","20794964","chr17","5632004","5632308","35","15162661"
"chr13","20868763","20868986","chr13","20777307","20777534","6","91456"
"chr13","20961514","20961824","chr13","20871183","20871503","13","90331"
"chr13","20962391","20962668","chr13","20872061","20872352","14","90330"
"chr13","21012295","21012564","chr13","20923117","20923387","1","89178"
"chr13","21034401","21034709","chr13","20945248","20945556","1","89153"
"chr13","21037991","21038156","chr16","23468518","23468684","26","2430527"
"chr13","21038450","21038584","chr7","54022909","54023041","22","32984459"
"chr13","21057428","21057541","chr2B","199271339","199271453","30","178213911"
"chr13","21071100","21071331","chr19","12785312","12785542","36","8285788"
"chr13","21180768","21181067","chr13","21092615","21092912","16","88153"
"chr13","21525442","21525546","chr2A","62538961","62539069","29","41013519"
"chr13","21569054","21569351","chr1","181157514","181157811","42","159588460"
"chr13","21638467","21638767","chr13","21554012","21554314","13","84455"
"chr13","22049009","22049245","chr13","21968459","21968667","29","80550"
"chr13","22220343","22220625","chr13","22140737","22141020","1","79606"
"chr13","22280548","22280850","chr13","22204843","22205134","15","75705"
"chr13","22601509","22601820","chr13","22526773","22527083","2","74736"
"chr13","22607790","22608090","chr13","22533060","22533359","5","74730"
"chr13","22764999","22765130","chr13","22694842","22694978","5","70157"
"chr13","22811760","22811871","chr3","198268184","198268291","23","175456424"
"chr13","23002508","23002799","chr13","22936585","22936880","10","65923"
"chr13","23008971","23009271","chr12","109274804","109275098","30","86265833"
"chr13","23089259","23089377","chr5","172392908","172393028","27","149303649"
"chr13","23112873","23113119","chr2B","240263975","240264225","36","217151102"
"chr13","23226191","23226492","chr13","23161726","23162024","6","64465"
"chr13","23352116","23352282","chrX","65801999","65802155","25","42449883"
"chr13","23371449","23371745","chr13","23308618","23308915","2","62831"
"chr13","23426573","23426656","chr8","46091691","46091777","17","22665118"
"chr13","23456956","23457071","chr8","26723415","26723536","28","3266459"
"chr13","23464586","23464890","chr13","23401641","23401950","7","62945"
"chr13","23800252","23800541","chr13","23740903","23741199","9","59349"
"chr13","23851525","23851832","chr13","23791845","23792155","7","59680"
"chr13","24064859","24065170","chr9","82100223","82100551","55","58035364"
"chr13","24100500","24100789","chr1","78316338","78316631","33","54215838"
"chr13","24114756","24114882","chr13","24060062","24060188","0","54694"
"chr13","24158489","24158777","chr13","24103626","24103914","0","54863"
"chr13","24166487","24166582","chr14","100673591","100673682","20","76507104"
"chr13","24182332","24182543","chr4","130338232","130338442","42","106155900"
"chr13","24278363","24278663","chr17","18238677","18238974","35","6039686"
"chr13","24310121","24310415","chr13","24258190","24258482","12","51931"
"chr13","24331985","24332159","chr13","24282264","24282438","5","49721"
"chr13","24344799","24345107","chr13","24295135","24295443","5","49664"
"chr13","24413406","24413703","chr13","24366472","24366770","4","46934"
"chr13","24479659","24479938","chr8","97290306","97290585","40","72810647"
"chr13","24544404","24544695","chr13","24501766","24502057","1","42638"
"chr13","24546212","24546303","chr14","100673591","100673682","21","76127379"
"chr13","24652064","24652381","chr13","24616995","24617315","4","35069"
"chr13","24653450","24653760","chr2B","116432937","116433248","37","91779487"
"chr13","24669149","24669350","chr9","97028914","97029116","35","72359765"
"chr13","24868523","24868790","chr13","24768360","24768627","0","100163"
"chr13","24894364","24894679","chr13","24794295","24794607","4","100069"
"chr13","24916919","24917214","chr13","24817632","24817929","2","99287"
"chr13","24928829","24928956","chr13","24830538","24830666","3","98291"
"chr13","25007679","25007927","chr13","24910495","24910723","22","97184"
"chr13","25127367","25127651","chr15","74521296","74521578","46","49393929"
"chr13","25185580","25185892","chr13","25090900","25091212","1","94680"
"chr13","25294998","25295087","chr14","100673591","100673682","13","75378593"
"chr13","25393304","25393595","chr20","33442726","33443015","36","8049422"
"chr13","25639462","25639586","chr2B","207026815","207026935","28","181387353"
"chr13","25853472","25853777","chr13","25764093","25764393","8","89379"
"chr13","25858670","25858954","chr13","25769286","25769601","31","89384"
"chr13","25924539","25924868","chr13","25836170","25836467","53","88369"
"chr13","25928241","25928295","chr7","63728610","63728659","24","37800369"
"chr13","25928910","25929206","chr13","25840509","25840805","4","88401"
"chr13","25931870","25932168","chr13","25843373","25843674","6","88497"
"chr13","26123067","26123243","chr11","48130487","48130657","31","22007420"
"chr13","26142805","26143090","chr12","45874078","45874367","44","19731273"
"chr13","26149557","26149651","chr9","80389825","80389922","18","54240268"
"chr13","26165045","26165356","chr13","26076921","26077232","5","88124"
"chr13","26175647","26175738","chr14","100673591","100673682","20","74497944"
"chr13","26205052","26205158","chr3","181143385","181143493","20","154938333"
"chr13","26222065","26222365","chr13","26134332","26134636","5","87733"
"chr13","26226574","26226799","chr13","26138846","26139073","4","87728"
"chr13","26308880","26309012","chr1","6844228","6844361","20","19464652"
"chr13","26341210","26341332","chr5","172392908","172393028","26","146051698"
"chr13","26354382","26354673","chr13","26271448","26271739","1","82934"
"chr13","26386254","26386425","chr13","26303449","26303621","2","82805"
"chr13","26648073","26648106","chr9","19430859","19430892","16","7217214"
"chr13","26760880","26760983","chr8","56172466","56172564","21","29411586"
"chr13","26761308","26761333","chr13","108019514","108019545","10","81258206"
"chr13","26799803","26800098","chr8","65207920","65208222","62","38408117"
"chr13","26865996","26866293","chr13","26796386","26796683","7","69610"
"chr13","26880953","26881252","chr13","26817721","26818021","1","63232"
"chr13","26974079","26974193","chr2B","199271339","199271453","27","172297260"
"chr13","26983754","26983923","chr13","26920693","26920861","3","63061"
"chr13","26999878","27000000","chr2B","207026815","207026935","32","180026937"
"chr13","27039747","27039848","chr17","13332748","13332838","17","13706999"
"chr13","27089317","27089517","chr17","75770511","75770710","40","48681194"
"chr13","27110786","27111066","chr13","27058846","27059147","21","51940"
"chr13","27291931","27292226","chr13","27243936","27244232","1","47995"
"chr13","27352460","27352764","chr13","27312173","27312479","4","40287"
"chr13","27538620","27538930","chr13","27504406","27504716","4","34214"
"chr13","27575119","27575389","chr13","27543399","27543639","32","31720"
"chr13","27641510","27641816","chr14","68239045","68239345","31","40597535"
"chr13","27668324","27668552","chr13","114076204","114076425","30","86407880"
"chr13","27671491","27671803","chr13","27639622","27639933","6","31869"
"chr13","27709459","27709764","chr13","27677806","27678114","7","31653"
"chr13","27726923","27727203","chr1","124979691","124979972","39","97252768"
"chr13","27729902","27730025","chr5","172392908","172393028","20","144663006"
"chr13","27781300","27781605","chr1","95715894","95716202","57","67934594"
"chr13","27788521","27788682","chr13","27760176","27760337","1","28345"
"chr13","27823720","27824026","chr13","27795390","27795696","1","28330"
"chr13","27829090","27829386","chr14","22253484","22253767","58","5575606"
"chr13","27874645","27874898","chr11","93290489","93290746","58","65415844"
"chr13","28038310","28038389","chr14","100673591","100673682","21","72635281"
"chr13","28095257","28095548","chr13","28068977","28069268","0","26280"
"chr13","28217685","28217919","chr13","28193698","28193938","11","23987"
"chr13","28308966","28309111","chr19","61741211","61741358","25","33432245"
"chr13","28490027","28490316","chr4","188864051","188864338","33","160374024"
"chr13","28686732","28686954","chr13","28970023","28970246","5","283291"
"chr13","28904725","28905059","chr13","29191974","29192309","2","287249"
"chr13","29124434","29124741","chr13","29415975","29416281","2","291541"
"chr13","29214135","29214423","chr13","29505874","29506162","0","291739"
"chr13","29296419","29296734","chr13","29588259","29588577","4","291840"
"chr13","29343767","29344058","chr13","29635769","29636062","3","292002"
"chr13","29408426","29408654","chr3","191448283","191448518","39","162039857"
"chr13","29449928","29450210","chr3","117156145","117156424","32","87706217"
"chr13","29603882","29604185","chr13","28683200","28683504","2","920682"
"chr13","30105086","30105296","chr8","56337596","56337802","41","26232510"
"chr13","30108619","30108880","chr17","26189818","26190081","49","3918801"
"chr13","30211870","30211990","chr9","69573837","69573962","26","39361967"
"chr13","30280068","30280385","chr13","30181193","30181496","14","98875"
"chr13","30284030","30284325","chr13","30185139","30185437","14","98891"
"chr13","30381469","30381762","chr13","30285070","30285363","0","96399"
"chr13","30787825","30787954","chr8","26723415","26723536","33","4064410"
"chr13","30830025","30830327","chr9","128189308","128189605","42","97359283"
"chr13","30918600","30918892","chr13","30829550","30829844","4","89050"
"chr13","31083059","31083225","chr20","45549956","45550123","23","14466897"
"chr13","31306287","31306580","chr13","31232746","31233043","9","73541"
"chr13","31375837","31376146","chr13","31304180","31304515","27","71657"
"chr13","31439653","31439945","chr13","31369916","31370210","4","69737"
"chr13","31466177","31466487","chr3","87428914","87429220","54","55962737"
"chr13","31514403","31514642","chr17","81370742","81370983","29","49856339"
"chr13","31576677","31576981","chr13","31513515","31513820","3","63162"
"chr13","31660776","31661080","chr13","31601250","31601556","3","59526"
"chr13","31682742","31683046","chr13","31625368","31625671","1","57374"
"chr13","31690185","31690475","chr8","128880573","128880870","43","97190388"
"chr13","31746528","31746648","chr2B","199271339","199271453","24","167524811"
"chr13","31872875","31873183","chr2B","156229586","156229894","32","124356711"
"chr13","31903217","31903500","chr13","31848692","31848975","1","54525"
"chr13","31952851","31952955","chr13","31901269","31901373","1","51582"
"chr13","31964720","31964998","chr13","31913145","31913417","9","51575"
"chr13","32060598","32060876","chr6","162678441","162678712","39","130617843"
"chr13","32080688","32080981","chr12","42928043","42928338","44","10847355"
"chr13","32229801","32230082","chr13","32182722","32183003","1","47079"
"chr13","32288625","32288928","chr13","32242232","32242518","19","46393"
"chr13","32434051","32434169","chr18","46323703","46323831","22","13889652"
"chr13","32526875","32527161","chr22","42753046","42753330","42","10226171"
"chr13","32623295","32623588","chr13","32582950","32583244","1","40345"
"chr13","32680327","32680386","chr10","102411920","102411980","21","69731593"
"chr13","32909056","32909362","chr13","32869970","32870276","3","39086"
"chr13","32948149","32948290","chr1","20767343","20767488","25","12180806"
"chr13","33065976","33066279","chr13","33027906","33028216","8","38070"
"chr13","33232053","33232232","chr15","25954721","25954896","25","7277332"
"chr13","33246657","33246950","chr13","33209850","33210144","2","36807"
"chr13","33369794","33370015","chr19","3946308","3946529","43","29423486"
"chr13","33412892","33412990","chr3","181143385","181143493","24","147730493"
"chr13","33650945","33651259","chr13","33617495","33617811","6","33450"
"chr13","33803878","33804179","chr19","12387893","12388192","44","21415985"
"chr13","33870372","33870640","chr13","33837880","33838148","1","32492"
"chr13","33949995","33950297","chr13","33918213","33918515","5","31782"
"chr13","34000543","34000651","chr2B","207026815","207026935","24","173026272"
"chr13","34103326","34103548","chr13","34072600","34072822","1","30726"
"chr13","34154677","34154981","chr13","34123953","34124258","5","30724"
"chr13","34297889","34298207","chr13","34271450","34271768","10","26439"
"chr13","34389982","34390074","chr3","27665315","27665404","18","6724667"
"chr13","34534332","34534641","chr1","23876236","23876543","31","10658096"
"chr13","34664554","34664632","chr8","46091691","46091777","27","11427137"
"chr13","34973277","34973446","chr18","16129447","16129614","20","18843830"
"chr13","35179638","35179728","chr14","100673591","100673682","22","65493953"
"chr13","35198212","35198444","chr17","9460553","9460787","28","25737659"
"chr13","35221575","35221860","chr13","35200998","35201308","29","20577"
"chr13","35283047","35283135","chrX","120369316","120369409","17","85086269"
"chr13","35456164","35456463","chr13","35437482","35437781","2","18682"
"chr13","35914708","35915001","chr13","35898204","35898496","7","16504"
"chr13","35939007","35939316","chr13","35922460","35922768","1","16547"
"chr13","35942241","35942535","chr13","35926136","35926430","0","16105"
"chr13","36100611","36100769","chr6","18057065","18057225","27","18043546"
"chr13","36331473","36331619","chr16","19339749","19339897","25","16991724"
"chr13","36374940","36375248","chr13","36361094","36361406","6","13846"
"chr13","36543818","36544120","chr13","36530766","36531070","3","13052"
"chr13","36616290","36616551","chr3","193917856","193918129","51","157301566"
"chr13","37599835","37600148","chr13","37445415","37445717","16","154420"
"chr13","37839042","37839335","chr13","37685731","37686029","6","153311"
"chr13","38042071","38042237","chr13","37887731","37887897","0","154340"
"chr13","38132691","38132798","chr20","16652596","16652702","23","21480095"
"chr13","38287410","38287719","chr13","38136778","38137087","2","150632"
"chr13","38309993","38310120","chr8","26723415","26723536","30","11586578"
"chr13","38345412","38345696","chr13","38194714","38194998","9","150698"
"chr13","38433115","38433258","chr16","19339749","19339897","33","19093366"
"chr13","38538644","38538943","chr13","38390292","38390591","2","148352"
"chr13","38644469","38644552","chr8","46091691","46091777","20","7447222"
"chr13","38659131","38659433","chr5","116268351","116268650","47","77609220"
"chr13","38738219","38738527","chr13","38597197","38597501","6","141022"
"chr13","38742806","38743106","chr13","38601837","38602137","1","140969"
"chr13","38744782","38745091","chr13","38603813","38604118","5","140969"
"chr13","38859187","38859399","chr14","19786423","19786634","46","19072764"
"chr13","38991617","38991923","chr1","182739954","182740255","46","143748337"
"chr13","39430031","39430154","chrX","73939767","73939892","9","34509736"
"chr13","39441671","39441832","chr6","37299122","37299292","29","2142549"
"chr13","39602081","39602251","chr16","52094006","52094177","35","12491925"
"chr13","39691668","39691969","chr1","203813204","203813507","42","164121536"
"chr13","39788169","39788462","chrX","27283479","27283765","42","12504690"
"chr13","39874710","39874879","chr3","200742805","200742975","21","160868095"
"chr13","39933532","39933835","chr22","49637184","49637485","29","9703652"
"chr13","40069549","40069638","chr14","100673591","100673682","22","60604042"
"chr13","40178391","40178680","chr14","92835927","92836218","37","52657536"
"chr13","40229920","40230097","chr4","84946316","84946498","23","44716396"
"chr13","40273836","40274047","chr11","74758165","74758375","35","34484329"
"chr13","40338191","40338482","chr1","62443151","62443452","35","22104960"
"chr13","40362107","40362404","chrX","98820161","98820457","32","58458054"
"chr13","40415433","40415747","chr9","106156726","106157034","42","65741293"
"chr13","40451956","40452249","chr5","139884370","139884673","61","99432414"
"chr13","40527075","40527253","chr5","178397697","178397875","27","137870622"
"chr13","40529324","40529613","chr4","169423385","169423670","62","128894061"
"chr13","40613515","40613805","chr3","15176094","15176391","34","25437421"
"chr13","40660870","40660922","chr16","79492781","79492824","20","38831911"
"chr13","40696192","40696479","chr4","4451611","4451901","36","36244581"
"chr13","40702599","40702882","chr13","20993235","20993531","36","19709364"
"chr13","40704313","40704607","chr9","94160286","94160584","39","53455973"
"chr13","40732422","40732708","chr12","61508381","61508672","32","20775959"
"chr13","40876843","40877129","chr14","94403780","94404074","37","53526937"
"chr13","40891049","40891184","chr7","54022909","54023041","18","13131860"
"chr13","40897044","40897370","chr11","16369483","16369803","49","24527561"
"chr13","40911430","40911734","chr12","78272028","78272330","38","37360598"
"chr13","40947806","40948110","chr5","177311000","177311301","22","136363194"
"chr13","40980453","40980718","chr16","1656923","1657187","37","39323530"
"chr13","40984822","40984936","chr17","59059909","59060023","12","18075087"
"chr13","41035852","41035968","chr2B","210790127","210790232","23","169754275"
"chr13","41040979","41041275","chr1","124192188","124192486","39","83151209"
"chr13","41190857","41191158","chr3","76695004","76695311","24","35504147"
"chr13","41193259","41193570","chr3","129105614","129105932","26","87912355"
"chr13","41209552","41209870","chr3","129105614","129105932","21","87896062"
"chr13","41211986","41212283","chr14","50711173","50711468","19","9499187"
"chr13","41413918","41414226","chr6","112739491","112739798","35","71325573"
"chr13","41414252","41414436","chrX","19612295","19612481","32","21801957"
"chr13","41569463","41569765","chr5","178754535","178754832","43","137185072"
"chr13","41603992","41604080","chr12","12586014","12586108","15","29017978"
"chr13","41631233","41631357","chr1","46484701","46484838","26","4853468"
"chr13","41678706","41678994","chr8","34404779","34405076","43","7273927"
"chr13","41873662","41873757","chr8","46091691","46091777","17","4218029"
"chr13","46335896","46336187","chr13","46161008","46161303","5","174888"
"chr13","46380808","46381098","chr13","46206517","46206808","1","174291"
"chr13","46490993","46491309","chr13","46317163","46317484","10","173830"
"chr13","46586459","46586659","chr3","104777410","104777604","39","58190951"
"chr13","46589981","46590114","chr4","84675478","84675615","19","38085497"
"chr13","46590378","46590683","chr13","46416912","46417219","5","173466"
"chr13","46692297","46692601","chr13","46519591","46519895","4","172706"
"chr13","46904877","46904986","chr20","16652596","16652702","21","30252281"
"chr13","47024098","47024391","chr13","46855957","46856249","3","168141"
"chr13","47256076","47256379","chr13","47088696","47088999","0","167380"
"chr13","47346991","47347105","chr2B","199271339","199271453","26","151924348"
"chr13","47522683","47522993","chr13","47368286","47368595","5","154397"
"chr13","47673986","47674278","chr2A","63086723","63087016","32","15412737"
"chr13","47759429","47759732","chrX","71851924","71852225","51","24092495"
"chr13","47774465","47774748","chr7","29178187","29178477","39","18596278"
"chr13","47778194","47778385","chr13","47626993","47627218","35","151201"
"chr13","47864348","47864630","chr13","47716998","47717281","1","147350"
"chr13","47867327","47867624","chr9","102876758","102877052","42","55009431"
"chr13","47938942","47939229","chr13","47790649","47790969","33","148293"
"chr13","47977751","47978061","chr13","47830212","47830522","10","147539"
"chr13","48002210","48002503","chr13","47854667","47854961","1","147543"
"chr13","48003393","48003695","chr12","14568393","14568691","37","33435000"
"chr13","48032372","48032679","chr6","128651045","128651353","37","80618673"
"chr13","48075544","48075779","chr19","9897000","9897238","41","38178544"
"chr13","48092188","48092424","chr13","47945059","47945295","1","147129"
"chr13","48160089","48160280","chr13","48012989","48013157","24","147100"
"chr13","48166539","48166795","chr13","48019325","48019607","27","147214"
"chr13","48275208","48275278","chr17","4261422","4261478","27","44013786"
"chr13","48330975","48331260","chr13","48189036","48189321","1","141939"
"chr13","48428868","48429024","chr1","11780192","11780341","36","36648676"
"chr13","48702012","48702299","chr13","48570333","48570617","4","131679"
"chr13","48831826","48832130","chr13","48697158","48697466","6","134668"
"chr13","48978828","48979137","chr13","48848128","48848437","4","130700"
"chr13","49136459","49136759","chr13","48954932","48955233","3","181527"
"chr13","49172422","49172594","chr1","46516833","46516999","44","2655589"
"chr13","49279583","49279896","chr13","49100534","49100847","2","179049"
"chr13","49343390","49343666","chr13","49165668","49165945","1","177722"
"chr13","49438416","49438719","chr13","49262850","49263156","7","175566"
"chr13","49473507","49473798","chr13","49298382","49298674","1","175125"
"chr13","49521917","49522224","chr15","62399117","62399421","35","12877200"
"chr13","49560032","49560342","chr13","49389675","49389985","1","170357"
"chr13","49590391","49590641","chr17","13388958","13389211","30","36201433"
"chr13","49654973","49655239","chr13","49484472","49484742","5","170501"
"chr13","49694399","49694510","chr5","172392908","172393028","25","122698509"
"chr13","49699582","49699873","chr13","49531862","49532153","1","167720"
"chr13","49702147","49702333","chr6","37299122","37299292","39","12403025"
"chr13","49813238","49813377","chr6","32977669","32977801","20","16835569"
"chr13","49817449","49817757","chr13","49649600","49649908","2","167849"
"chr13","49819137","49819444","chr13","49651287","49651594","0","167850"
"chr13","49874465","49874681","chr13","49710600","49710817","3","163865"
"chr13","49909054","49909350","chr13","49746649","49746946","1","162405"
"chr13","49924629","49924907","chr13","49762255","49762533","1","162374"
"chr13","49929926","49930213","chr13","49767556","49767843","0","162370"
"chr13","49973738","49973959","chr13","49812284","49812505","0","161454"
"chr13","50031000","50031300","chr13","49871468","49871769","3","159532"
"chr13","50615663","50615955","chr13","50463509","50463803","5","152154"
"chr13","50733666","50733789","chr5","172392908","172393028","22","121659242"
"chr13","50896571","50896873","chr13","50744413","50744708","7","152158"
"chr13","50934010","50934312","chr1","210097703","210098006","38","159163693"
"chr13","51001995","51002289","chr13","50850586","50850886","15","151409"
"chr13","51162712","51163010","chr13","51014191","51014490","1","148521"
"chr13","51190077","51190375","chr13","51041471","51041770","3","148606"
"chr13","51224983","51225242","chr13","51077053","51077317","7","147930"
"chr13","51303609","51303907","chr13","51155832","51156136","10","147777"
"chr13","51391043","51391272","chr4","58459733","58459957","43","7068690"
"chr13","51410221","51410529","chr13","51266264","51266572","2","143957"
"chr13","51421670","51421946","chr13","51277706","51277982","1","143964"
"chr13","51488559","51488839","chr13","51345410","51345692","5","143149"
"chr13","51491958","51492063","chr14","100673591","100673682","24","49181633"
"chr13","51764612","51764919","chr13","51625932","51626240","6","138680"
"chr13","51867616","51867786","chrX","71354640","71354795","40","19487024"
"chr13","51914057","51914291","chr13","51774374","51774608","0","139683"
"chr13","52039339","52039644","chr13","51904070","51904377","4","135269"
"chr13","52065875","52066195","chr13","51930762","51931080","3","135113"
"chr13","52168903","52168996","chr14","100673591","100673682","23","48504688"
"chr13","52202466","52202761","chr13","52009113","52009411","4","193353"
"chr13","52251636","52251938","chr13","52058217","52058519","2","193419"
"chr13","52278165","52278283","chr7","112797358","112797487","28","60519193"
"chr13","52291398","52291705","chr13","52098772","52099080","2","192626"
"chr13","52295266","52295434","chr13","52102643","52102811","1","192623"
"chr13","52302890","52303200","chr13","52110661","52110971","5","192229"
"chr13","52334351","52334486","chr4","51557575","51557711","16","776776"
"chr13","52354346","52354642","chr13","52163529","52163826","2","190817"
"chr13","52374530","52374838","chr13","52184750","52185058","1","189780"
"chr13","52390798","52391078","chr13","52201637","52201920","3","189161"
"chr13","52461621","52461933","chr13","52265414","52265731","9","196207"
"chr13","52481449","52481743","chr13","52285245","52285539","0","196204"
"chr13","52499690","52499951","chr13","52303518","52303779","0","196172"
"chr13","52511925","52512164","chr13","52315778","52316018","1","196147"
"chr13","52551582","52551871","chr13","52355836","52356126","1","195746"
"chr13","52552860","52553149","chr13","52357118","52357410","5","195742"
"chr13","52658089","52658387","chr3","13655733","13656025","74","39002356"
"chr13","53000843","53001124","chr13","52808960","52809267","28","191883"
"chr13","53562398","53562554","chr13","53388420","53388576","2","173978"
"chr13","53909468","53909777","chr13","53740533","53740834","10","168935"
"chr13","53920581","53920856","chrX","117118738","117119016","43","63198157"
"chr13","54003489","54003765","chr13","53839535","53839810","4","163954"
"chr13","54166030","54166314","chr9","33729184","33729467","37","20436846"
"chr13","54289902","54290198","chr18","11993479","11993775","41","42296423"
"chr13","54422656","54422949","chr13","54257132","54257427","2","165524"
"chr13","54757496","54757796","chr13","54594130","54594430","2","163366"
"chr13","54871687","54871984","chr13","54709800","54710100","4","161887"
"chr13","54934938","54935237","chr13","54774946","54775242","5","159992"
"chr13","54957468","54957589","chr12","10456629","10456759","22","44500839"
"chr13","55106591","55106675","chr13","54945192","54945276","1","161399"
"chr13","55548800","55548898","chr14","100673591","100673682","27","45124791"
"chr13","55885354","55885486","chr8","26723415","26723536","31","29161939"
"chr13","56368095","56368384","chr13","56214590","56214882","5","153505"
"chr13","56368515","56368611","chr3","181238196","181238292","20","124869681"
"chr13","56885483","56885772","chr13","56731049","56731339","2","154434"
"chr13","57107447","57107757","chr13","56868143","56868452","6","239304"
"chr13","57210004","57210211","chr13","56972808","56973021","7","237196"
"chr13","57443378","57443593","chr13","57210934","57211149","5","232444"
"chr13","57561236","57561368","chr5","172392908","172393028","33","114831672"
"chr13","57764888","57765186","chr7","4812732","4813028","62","52952156"
"chr13","58001808","58001964","chr7","108815433","108815590","31","50813625"
"chr13","58017335","58017597","chr13","57792138","57792402","5","225197"
"chr13","58126374","58126558","chr13","57902609","57902801","9","223765"
"chr13","58207085","58207202","chrX","124329806","124329928","19","66122721"
"chr13","58207291","58207402","chr3","181238196","181238292","41","123030905"
"chr13","58566143","58566435","chr13","58352749","58353041","0","213394"
"chr13","58940660","58940961","chr13","58732693","58732999","10","207967"
"chr13","59084774","59085073","chr13","58877299","58877598","2","207475"
"chr13","59388636","59388952","chr13","59170355","59170667","6","218281"
"chr13","59505535","59505835","chr13","59291235","59291535","0","214300"
"chr13","59625747","59626046","chr13","59414047","59414342","5","211700"
"chr13","59661830","59662076","chr11","91797762","91798010","34","32135932"
"chr13","59688115","59688208","chr3","181238196","181238292","23","121550081"
"chr13","59845978","59846138","chr13","59635152","59635319","9","210826"
"chr13","60151680","60151992","chr13","59947186","59947498","2","204494"
"chr13","60489384","60489673","chr2A","27802322","27802614","37","32687062"
"chr13","60677152","60677443","chr13","60467324","60467617","5","209828"
"chr13","61000001","61000095","chr3","181238196","181238292","26","120238195"
"chr13","61208219","61208374","chr18","42055327","42055484","27","19152892"
"chr13","61541219","61541527","chr11","65964624","65964935","48","4423405"
"chr13","61832647","61833014","chr1","112753630","112753949","74","50920983"
"chr13","61939827","61940125","chr13","61751276","61751577","8","188551"
"chr13","62046144","62046386","chr13","61858000","61858242","2","188144"
"chr13","62091809","62092116","chr13","61898447","61898754","1","193362"
"chr13","62111012","62111127","chr2B","205936995","205937106","18","143825983"
"chr13","62117543","62117841","chr13","61924200","61924499","2","193343"
"chr13","62283033","62283312","chr3","200556220","200556500","29","138273187"
"chr13","62369243","62369454","chr13","62172728","62172941","4","196515"
"chr13","62420230","62420537","chr13","62224223","62224530","3","196007"
"chr13","62661792","62661909","chr5","172392908","172393028","31","109731116"
"chr13","62864665","62864810","chr13","62670214","62670359","0","194451"
"chr13","63019745","63020045","chrX","20170039","20170336","57","42849706"
"chr13","63338075","63338377","chr13","63067616","63067921","6","270459"
"chr13","63344771","63345073","chr13","63074321","63074631","11","270450"
"chr13","63363130","63363421","chr1","35992276","35992565","42","27370854"
"chr13","63440086","63440213","chr1","147248776","147248910","26","83808690"
"chr13","63920693","63920866","chr13","63646464","63646637","0","274229"
"chr13","63959994","63960230","chr10","70841573","70841805","49","6881579"
"chr13","64095248","64095355","chr20","16652596","16652702","22","47442652"
"chr13","64129492","64129790","chr13","63854940","63855238","3","274552"
"chr13","64278123","64278224","chr1","162362855","162362955","11","98084732"
"chr13","64426338","64426634","chr11","75381049","75381350","57","10954711"
"chr13","64541115","64541412","chr13","64267378","64267673","6","273737"
"chr13","64664816","64664906","chr1","160944586","160944680","20","96279770"
"chr13","64733426","64733736","chr13","64458721","64459031","5","274705"
"chr13","64759975","64760286","chr13","64486281","64486592","15","273694"
"chr13","64949421","64949732","chr13","64680763","64681073","6","268658"
"chr13","65149902","65150186","chr2B","128308494","128308791","42","63158592"
"chr13","65270836","65271143","chr13","65006938","65007250","5","263898"
"chr13","65613783","65614037","chr13","65353813","65354067","1","259970"
"chr13","65626282","65626585","chr13","65366304","65366634","29","259978"
"chr13","65638828","65639003","chr5","38549714","38549882","34","27089114"
"chr13","65909626","65909909","chr11","58824935","58825210","57","7084691"
"chr13","65957617","65957911","chr13","65701133","65701428","4","256484"
"chr13","66744144","66744451","chr1","23876236","23876543","35","42867908"
"chr13","67023268","67023373","chr3","181143385","181143493","26","114120117"
"chr13","67044601","67044880","chr13","66791245","66791523","2","253356"
"chr13","67072584","67072684","chr13","66819607","66819707","1","252977"
"chr13","67103666","67103958","chr13","66850707","66851005","8","252959"
"chr13","67136722","67137066","chr7","131421391","131421726","54","64284669"
"chr13","67148669","67148964","chr13","66895731","66896025","5","252938"
"chr13","67489087","67489415","chr13","67241500","67241815","16","247587"
"chr13","67590459","67590761","chr13","67356632","67356936","3","233827"
"chr13","67714222","67714339","chr2B","199271339","199271453","24","131557117"
"chr13","67772790","67773063","chr13","67539592","67539870","6","233198"
"chr13","67843658","67843960","chr13","67625430","67625737","6","218228"
"chr13","67899699","67900008","chr13","67681916","67682225","2","217783"
"chr13","68043289","68043574","chr13","67828853","67829136","4","214436"
"chr13","68231513","68231826","chr13","68020636","68020947","8","210877"
"chr13","68433455","68433745","chr13","68228355","68228631","17","205100"
"chr13","68747957","68748211","chr13","68541661","68541918","3","206296"
"chr13","68910238","68910530","chr13","68714671","68714966","3","195567"
"chr13","69076151","69076259","chr6","159074849","159074952","21","89998698"
"chr13","69422404","69422684","chr13","69231577","69231858","4","190827"
"chr13","69429178","69429471","chr13","69238364","69238662","5","190814"
"chr13","69598038","69598349","chr13","69408980","69409294","5","189058"
"chr13","69631453","69631762","chr13","69442454","69442762","8","188999"
"chr13","69722024","69722128","chr20","16652596","16652702","24","53069428"
"chr13","69769164","69769334","chr5","125767094","125767277","37","55997930"
"chr13","69796570","69796902","chr13","69614350","69614686","5","182220"
"chr13","69814514","69814703","chr20","25373433","25373622","31","44441081"
"chr13","69819680","69819996","chr8","119945157","119945463","48","50125477"
"chr13","70111260","70111378","chr13","108086713","108086829","16","37975453"
"chr13","70164026","70164328","chr13","69980229","69980530","13","183797"
"chr13","70365649","70365848","chr18","7521539","7521731","52","62844110"
"chr13","70451602","70451888","chr13","70269945","70270231","1","181657"
"chr13","70566651","70566871","chr13","70385221","70385441","1","181430"
"chr13","70813609","70813835","chr13","70638778","70639005","1","174831"
"chr13","70890141","70890446","chr13","70716477","70716782","2","173664"
"chr13","71019298","71019486","chr3","183618022","183618206","28","112598724"
"chr13","71328965","71329265","chr7","64212590","64212883","32","7116375"
"chr13","71401214","71401492","chr3","117156145","117156424","28","45754931"
"chr13","71477649","71477977","chr13","71322800","71323126","6","154849"
"chr13","71478822","71479124","chr13","71323983","71324285","8","154839"
"chr13","71572181","71572476","chr12","113387137","113387433","48","41814956"
"chr13","71704744","71704861","chr11","20358123","20358224","34","51346621"
"chr13","71786520","71786618","chr14","100673591","100673682","20","28887071"
"chr13","71990454","71990570","chr20","16652596","16652702","26","55337858"
"chr13","72121194","72121354","chr13","71981216","71981376","0","139978"
"chr13","72338328","72338633","chr13","72200297","72200589","22","138031"
"chr13","72664670","72664799","chr18","46323703","46323831","26","26340967"
"chr13","72706821","72706925","chr14","100673591","100673682","24","27966770"
"chr13","72789652","72789943","chr12","109503944","109504236","53","36714292"
"chr13","72817952","72818111","chr4","95234839","95234987","42","22416887"
"chr13","72941795","72942023","chr13","72813025","72813253","4","128770"
"chr13","73000003","73000176","chr4","26666455","26666626","24","46333548"
"chr13","73005131","73005306","chr12","124308544","124308724","34","51303413"
"chr13","73014090","73014208","chr2B","199271339","199271453","25","126257249"
"chr13","73037406","73037635","chr6","164118978","164119199","41","91081572"
"chr13","73476012","73476303","chr13","73352577","73352870","2","123435"
"chr13","73491538","73491814","chr1","27929530","27929820","43","45562008"
"chr13","73536111","73536328","chr13","73412800","73413016","7","123311"
"chr13","73618468","73618788","chr11","76118165","76118477","45","2499697"
"chr13","73845734","73846032","chr13","73727771","73728070","5","117963"
"chr13","74610980","74611273","chr13","74517005","74517302","6","93975"
"chr13","74711128","74711431","chr13","74618290","74618593","2","92838"
"chr13","74953508","74953810","chr13","74866557","74866857","4","86951"
"chr13","75021042","75021209","chr18","16129447","16129614","20","58891595"
"chr13","75124976","75125090","chr3","147600297","147600425","35","72475321"
"chr13","75230367","75230664","chr13","75146322","75146621","3","84045"
"chr13","75261054","75261352","chr13","75177576","75177874","2","83478"
"chr13","75438802","75439085","chr13","75358216","75358499","3","80586"
"chr13","75508298","75508431","chr22","35041748","35041876","32","40466550"
"chr13","75562880","75563152","chr13","75484570","75484842","0","78310"
"chr13","75882226","75882263","chr17","4261385","4261421","4","71620841"
"chr13","75953674","75953794","chr5","172392908","172393028","18","96439234"
"chr13","76134866","76135164","chr13","75792666","75792966","7","342200"
"chr13","76335596","76335829","chr13","75994459","75994692","2","341137"
"chr13","76436892","76437187","chr13","76096396","76096691","0","340496"
"chr13","76694699","76695001","chr13","76359967","76360273","11","334732"
"chr13","76921630","76921929","chr13","76589612","76589911","2","332018"
"chr13","76956335","76956634","chr13","76624263","76624555","10","332072"
"chr13","77016705","77016835","chr1","6844228","6844361","25","70172477"
"chr13","77104547","77104841","chr2A","38300415","38300711","34","38804132"
"chr13","77273277","77273481","chr1","29277911","29278085","60","47995366"
"chr13","77418044","77418192","chr18","42055327","42055484","31","35362717"
"chr13","77605981","77606137","chrX","155592584","155592742","25","77986603"
"chr13","77627269","77627363","chr13","77302181","77302275","1","325088"
"chr13","78459901","78460010","chr3","181143385","181143493","27","102683484"
"chr13","78899889","78900168","chr13","66791245","66791523","40","12108644"
"chr13","78927521","78927801","chr13","78648354","78648668","34","279167"
"chr13","78949470","78949550","chr11","8774884","8774956","19","70174586"
"chr13","79020114","79020414","chr13","78741189","78741489","3","278925"
"chr13","79201166","79201428","chr13","78927321","78927604","22","273845"
"chr13","79602877","79603167","chr6","87135631","87135929","43","7532754"
"chr13","79730195","79730325","chr1","158024936","158025074","21","78294741"
"chr13","79809970","79810261","chr13","79553528","79553819","2","256442"
"chr13","79909172","79909236","chr7","80951699","80951753","17","1042527"
"chr13","79960691","79960990","chr13","79705765","79706068","6","254926"
"chr13","80120393","80120701","chr13","79874144","79874456","5","246249"
"chr13","80220363","80220680","chr13","79974271","79974589","5","246092"
"chr13","80313160","80313426","chrX","134439990","134440257","38","54126830"
"chr13","80320423","80320719","chr13","80074434","80074732","2","245989"
"chr13","80358394","80358528","chr8","112933585","112933727","33","32575191"
"chr13","80388668","80388971","chr13","80143132","80143447","14","245536"
"chr13","80485747","80485930","chr5","141332452","141332639","26","60846705"
"chr13","80540162","80540236","chr17","4261422","4261478","27","76278740"
"chr13","80554644","80554954","chr13","80307188","80307497","1","247456"
"chr13","80584755","80585045","chr13","80337562","80337862","12","247193"
"chr13","80589330","80589634","chr13","80342269","80342544","29","247061"
"chr13","81072167","81072447","chr13","80826577","80826860","5","245590"
"chr13","81079533","81079641","chr11","97204039","97204163","33","16124506"
"chr13","81481104","81481391","chr13","81091008","81091295","0","390096"
"chr13","81493425","81493716","chr13","81103398","81103697","9","390027"
"chr13","81763918","81764217","chr13","81378358","81378658","5","385560"
"chr13","81911388","81911730","chr13","81518911","81519267","21","392477"
"chr13","82002321","82002628","chr13","81620991","81621299","3","381330"
"chr13","82226224","82226533","chr13","81851880","81852187","10","374344"
"chr13","82584894","82585203","chr13","82230539","82230848","2","354355"
"chr13","82621509","82621803","chr13","82267691","82267987","4","353818"
"chr13","82729147","82729253","chr3","181238196","181238292","24","98509049"
"chr13","83052459","83052591","chr17","74741953","74742080","16","8310506"
"chr13","83413615","83413919","chr6","19841638","19841942","37","63571977"
"chr13","83651702","83651850","chr4","149843795","149843946","31","66192093"
"chr13","83993411","83993718","chr17","9222070","9222375","35","74771341"
"chr13","84048930","84049174","chr13","83702493","83702776","39","346437"
"chr13","84049752","84050052","chr13","83703353","83703654","1","346399"
"chr13","84263714","84264015","chr13","83919429","83919740","12","344285"
"chr13","84272612","84272918","chr13","83928340","83928646","4","344272"
"chr13","84623488","84623603","chr17","71351482","71351603","24","13272006"
"chr13","84702987","84703291","chr13","84363750","84364054","7","339237"
"chr13","84814391","84814512","chr5","5624013","5624130","32","79190378"
"chr13","84992141","84992419","chr13","84658628","84658930","25","333513"
"chr13","85009963","85010191","chr2B","228850731","228850955","55","143840768"
"chr13","85054697","85054866","chr9","70093990","70094158","42","14960707"
"chr13","85112794","85113021","chr13","84780071","84780298","0","332723"
"chr13","85156591","85156892","chr13","84826710","84827011","7","329881"
"chr13","85259211","85259328","chr8","26723415","26723536","21","58535796"
"chr13","85362051","85362141","chr3","46579108","46579189","14","38782943"
"chr13","85365726","85365841","chr13","85037448","85037563","0","328278"
"chr13","85465062","85465346","chr5","144677363","144677650","43","59212301"
"chr13","85465374","85465392","chr1","28547144","28547162","7","56918230"
"chr13","86073561","86073690","chr8","26723415","26723536","24","59350146"
"chr13","86128490","86128621","chr22","29986743","29986878","39","56141747"
"chr13","86175804","86176084","chr3","18335608","18335892","34","67840196"
"chr13","86181846","86181989","chr5","139945451","139945585","26","53763605"
"chr13","86331113","86331409","chr13","86010951","86011247","0","320162"
"chr13","86353656","86353959","chr13","86033505","86033809","4","320151"
"chr13","86499681","86499964","chr7","31469652","31469943","64","55030029"
"chr13","86590547","86590851","chr3","48544374","48544677","35","38046173"
"chr13","86630613","86630847","chr13","86369932","86370166","2","260681"
"chr13","86675849","86675998","chr21","20136703","20136854","23","66539146"
"chr13","86791671","86791955","chr6","151092421","151092708","43","64300750"
"chr13","86964569","86964690","chr2B","207026815","207026935","33","120062246"
"chr13","87025354","87025643","chr13","86769477","86769768","5","255877"
"chr13","87052358","87052663","chr3","26223612","26223919","36","60828746"
"chr13","87726430","87726522","chr10","67241907","67241997","31","20484523"
"chr13","87910564","87910659","chr3","181238196","181238292","32","93327632"
"chr13","88043555","88043833","chr13","87801118","87801398","4","242437"
"chr13","88107980","88108293","chr13","87866509","87866821","8","241471"
"chr13","88341174","88341461","chr1","214809313","214809592","38","126468139"
"chr13","88385396","88385546","chr13","88149106","88149256","0","236290"
"chr13","88498835","88499127","chr13","88262775","88263070","4","236060"
"chr13","88588712","88588804","chr13","24059413","24059502","20","64529299"
"chr13","88822388","88822691","chr13","88594908","88595219","11","227480"
"chr13","88827855","88828173","chr5","59997489","59997797","71","28830366"
"chr13","89074401","89074713","chr13","88863558","88863869","5","210843"
"chr13","89081882","89082191","chr1","16078582","16078887","35","73003300"
"chr13","89279875","89279992","chr14","39187669","39187794","31","50092206"
"chr13","89313879","89313993","chr2B","205936995","205937106","28","116623116"
"chr13","89348573","89348860","chr17","4230428","4230715","38","85118145"
"chr13","89377457","89377768","chr13","89173640","89173970","21","203817"
"chr13","89501919","89502225","chr6","108111273","108111573","39","18609354"
"chr13","89773092","89773248","chr13","89567458","89567615","1","205634"
"chr13","89818836","89819119","chr1","22489390","22489669","34","67329446"
"chr13","89993055","89993371","chr13","89791804","89792121","1","201251"
"chr13","90002314","90002581","chr13","89801098","89801370","8","201216"
"chr13","90063442","90063664","chr13","89862900","89863124","2","200542"
"chr13","90163455","90163630","chr20","30507655","30507834","32","59655800"
"chr13","90186057","90186386","chr7","131421391","131421726","53","41235334"
"chr13","90479573","90479871","chr13","90277997","90278299","4","201576"
"chr13","90493526","90493821","chr13","90291840","90292135","1","201686"
"chr13","90581117","90581424","chr13","90379810","90380117","0","201307"
"chr13","90597558","90597858","chr13","90395205","90395513","18","202353"
"chr13","90624931","90625229","chr13","90423214","90423512","2","201717"
"chr13","90688375","90688692","chr13","90486971","90487289","22","201404"
"chr13","90698414","90698724","chr13","90496728","90497039","10","201686"
"chr13","90711979","90712275","chr13","90508579","90508876","5","203400"
"chr13","90788138","90788429","chr2A","24650015","24650306","38","66138123"
"chr13","90793450","90793760","chrX","65125426","65125731","52","25668024"
"chr13","90988201","90988465","chr13","90795185","90795445","6","193016"
"chr13","91317059","91317367","chr13","91126859","91127167","8","190200"
"chr13","91441114","91441218","chr14","100673591","100673682","27","9232477"
"chr13","91628292","91628585","chr13","91442267","91442557","5","186025"
"chr13","91687056","91687360","chr13","91501770","91502056","18","185286"
"chr13","91889109","91889413","chr16","52066809","52067108","48","39822300"
"chr13","91919304","91919559","chr8","139185886","139186167","62","47266582"
"chr13","91927546","91927765","chr13","91744614","91744833","2","182932"
"chr13","92057064","92057325","chr13","91876139","91876401","7","180925"
"chr13","92165524","92165821","chr13","91984346","91984645","2","181178"
"chr13","92178620","92178915","chr13","91997999","91998301","8","180621"
"chr13","92224541","92224858","chr13","92043492","92043807","4","181049"
"chr13","92228927","92229247","chr1","65044870","65045174","55","27184057"
"chr13","92272111","92272190","chr3","181238196","181238292","31","88966085"
"chr13","92377056","92377186","chr5","172392908","172393028","30","80015852"
"chr13","92432243","92432369","chr5","172392908","172393028","25","79960665"
"chr13","92456038","92456205","chr20","33771857","33772021","30","58684181"
"chr13","92645410","92645711","chr18","46795314","46795597","70","45850096"
"chr13","92719795","92720103","chr13","92553529","92553839","5","166266"
"chr13","92964946","92965084","chr12","6546624","6546764","23","86418322"
"chr13","93234689","93234994","chr13","93074526","93074832","1","160163"
"chr13","93351315","93351608","chr13","93191563","93191860","4","159752"
"chr13","93396529","93396829","chr13","93236792","93237096","5","159737"
"chr13","93408357","93408621","chr13","93248926","93249192","4","159431"
"chr13","93562921","93563232","chr13","93404123","93404433","4","158798"
"chr13","93729302","93729582","chr13","93574404","93574684","3","154898"
"chr13","94677615","94677911","chr13","94530423","94530718","3","147192"
"chr13","94746169","94746448","chr13","94599007","94599280","6","147162"
"chr13","95109986","95110290","chr5","135031025","135031320","55","39921039"
"chr13","95172205","95172509","chr13","95038027","95038337","8","134178"
"chr13","95420225","95420324","chr20","16652596","16652702","26","78767629"
"chr13","95494127","95494447","chr20","31780440","31780748","50","63713687"
"chr13","95500198","95500501","chr13","95370788","95371097","7","129410"
"chr13","95573644","95573945","chr13","95441546","95441848","1","132098"
"chr13","95599299","95599424","chr7","112797358","112797487","26","17198059"
"chr13","95622730","95622941","chr13","95491864","95492076","2","130866"
"chr13","95661878","95662168","chr13","95531027","95531317","1","130851"
"chr13","95674436","95674740","chr13","95543638","95543942","1","130798"
"chr13","95702515","95702684","chr6","37299122","37299292","28","58403393"
"chr13","95704550","95704675","chr5","177191573","177191702","16","81487023"
"chr13","95710399","95710667","chr13","95580645","95580942","30","129754"
"chr13","95743945","95744258","chr13","95614190","95614493","29","129755"
"chr13","95746838","95747127","chr13","95616970","95617272","13","129868"
"chr13","95770028","95770317","chr13","95641560","95641851","3","128468"
"chr13","95862417","95862714","chr13","95735409","95735702","6","127008"
"chr13","95964314","95964605","chr9","76006222","76006514","41","19958092"
"chr13","95988824","95989096","chr21","5359845","5360120","44","90628979"
"chr13","96107615","96107911","chr13","95982934","95983233","5","124681"
"chr13","96159293","96159578","chr19","15247492","15247779","35","80911801"
"chr13","96481388","96481605","chr13","96360913","96361130","3","120475"
"chr13","96854836","96855121","chr13","96736700","96736987","6","118136"
"chr13","97493303","97493612","chr13","97387977","97388286","1","105326"
"chr13","97564467","97564754","chr12","6662341","6662632","55","90902126"
"chr13","97594028","97594300","chr13","97490771","97491065","22","103257"
"chr13","97700296","97700482","chr13","97597325","97597509","4","102971"
"chr13","97888784","97889052","chr13","97787370","97787674","37","101414"
"chr13","98068989","98069302","chr13","97965305","97965617","2","103684"
"chr13","98124589","98124703","chr20","16652596","16652702","29","81471993"
"chr13","98158626","98158662","chrX","136591200","136591233","8","38432574"
"chr13","98259216","98259353","chr4","84675478","84675615","34","13583738"
"chr13","98261017","98261324","chr1","62209543","62209853","33","36051474"
"chr13","98262705","98262795","chr14","100673591","100673682","21","2410886"
"chr13","98271974","98272274","chr13","98165758","98166059","1","106216"
"chr13","98313974","98314123","chr14","73378899","73379049","31","24935075"
"chr13","98329782","98330028","chr13","98223276","98223522","1","106506"
"chr13","98361122","98361328","chr6","152061182","152061387","40","53700060"
"chr13","98377229","98377525","chr13","98271993","98272297","10","105236"
"chr13","98427526","98427807","chr13","98322935","98323234","18","104591"
"chr13","98445977","98446078","chr3","181238196","181238292","25","82792219"
"chr13","98473105","98473210","chr14","100673591","100673682","24","2200486"
"chr13","98497275","98497584","chr13","98393845","98394156","3","103430"
"chr13","98545800","98546100","chr13","98442839","98443139","2","102961"
"chr13","98570803","98571097","chr13","98468213","98468513","8","102590"
"chr13","98903738","98903981","chr12","111812288","111812526","38","12908550"
"chr13","98932105","98932404","chr13","98845018","98845321","5","87087"
"chr13","98959801","98960104","chr13","98874947","98875249","4","84854"
"chr13","99172970","99173272","chr13","99095371","99095675","6","77599"
"chr13","99448965","99449251","chr13","99377625","99377912","3","71340"
"chr13","99508206","99508497","chr13","99440059","99440350","0","68147"
"chr13","99712526","99712836","chr13","99646220","99646530","0","66306"
"chr13","99753924","99754228","chr13","99688199","99688506","3","65725"
"chr13","99777058","99777353","chr13","99711469","99711765","5","65589"
"chr13","99788451","99788730","chr13","99722787","99723100","35","65664"
"chr13","99921950","99922263","chr13","99852675","99852987","1","69275"
"chr13","99957672","99957969","chr13","99888758","99889055","0","68914"
"chr13","99989133","99989427","chr13","99922883","99923186","9","66250"
"chr13","100012387","100012671","chr1","27017889","27018169","38","72994498"
"chr13","100180194","100180487","chr13","100120930","100121224","1","59264"
"chr13","100223800","100224115","chr13","100165306","100165619","6","58494"
"chr13","100315286","100315448","chr14","45477031","45477191","27","54838255"
"chr13","100317646","100317925","chr20","1297330","1297629","41","99020316"
"chr13","100368985","100369058","chr11","8774884","8774956","23","91594101"
"chr13","100378653","100378750","chr14","100673591","100673682","23","294938"
"chr13","100423149","100423324","chr4","163851580","163851762","28","63428431"
"chr13","100423403","100423657","chr18","29720525","29720781","35","70702878"
"chr13","100434687","100434983","chr13","100384127","100384424","4","50560"
"chr13","100451930","100452207","chr13","100401646","100401925","2","50284"
"chr13","100495530","100495773","chr13","100442453","100442717","46","53077"
"chr13","100499151","100499436","chr13","100447486","100447771","5","51665"
"chr13","100507682","100507990","chr13","100456033","100456344","43","51649"
"chr13","100551143","100551377","chr1","161795251","161795483","33","61244108"
"chr13","100563953","100564246","chr13","100514495","100514783","9","49458"
"chr13","100684860","100684999","chr2A","32693701","32693835","24","67991159"
"chr13","100752850","100753139","chr13","100706265","100706553","4","46585"
"chr13","100777477","100777789","chr13","100729132","100729446","4","48345"
"chr13","100809654","100809935","chr17","68300293","68300574","30","32509361"
"chr13","100815713","100816021","chr13","100771260","100771568","8","44453"
"chr13","100921520","100921828","chr13","100881039","100881347","0","40481"
"chr13","101011295","101011590","chr2A","63086723","63087016","28","37924572"
"chr13","101035225","101035520","chr13","100996150","100996445","0","39075"
"chr13","101161543","101161690","chr4","28030717","28030863","36","73130826"
"chr13","101401779","101402038","chr13","101366043","101366305","4","35736"
"chr13","101551483","101551779","chr13","101524169","101524469","6","27314"
"chr13","101705415","101705713","chr13","101678598","101678898","2","26817"
"chr13","101764054","101764161","chr2B","205936995","205937106","17","104172941"
"chr13","101923197","101923500","chr15","58929715","58930006","44","42993482"
"chr13","101952080","101952225","chr8","26723415","26723536","40","75228665"
"chr13","102267423","102267720","chr13","102251303","102251600","3","16120"
"chr13","102443426","102443714","chr13","102432793","102433081","0","10633"
"chr13","102911808","102912118","chr13","102911974","102912281","7","166"
"chr13","103023640","103023753","chr6","159074849","159074952","21","56051209"
"chr13","103098542","103098843","chr17","46705933","46706235","53","56392609"
"chr13","103101262","103101559","chr13","103105322","103105620","1","4060"
"chr13","103225152","103225389","chr13","103229676","103229936","24","4524"
"chr13","103275821","103275949","chr20","53625628","53625758","10","49650193"
"chr13","103395965","103396142","chr1","29277911","29278085","29","74118054"
"chr13","103522847","103523137","chr13","103533360","103533655","5","10513"
"chr13","103598126","103598218","chr3","181238196","181238292","25","77640070"
"chr13","104188007","104188299","chr13","104201270","104201568","8","13263"
"chr13","104719488","104719799","chr13","104742625","104742936","2","23137"
"chr13","104992572","104992864","chr13","105018109","105018401","0","25537"
"chr13","105039630","105039933","chr13","105065309","105065599","16","25679"
"chr13","105263608","105263700","chr14","100673591","100673682","20","4590017"
"chr13","105298212","105298322","chr6","159074849","159074952","18","53776637"
"chr13","105350940","105351174","chr13","105381835","105382069","4","30895"
"chr13","105715232","105715530","chr13","105749857","105750159","7","34625"
"chr13","105721336","105721629","chr13","105755970","105756269","7","34634"
"chr13","105875973","105876263","chr1","124979691","124979972","53","19103718"
"chr13","105975714","105976035","chr13","106010386","106010708","6","34672"
"chr13","105988773","105989087","chr4","94849521","94849815","58","11139252"
"chr13","106048971","106049271","chr13","106084228","106084532","5","35257"
"chr13","106113383","106113680","chr13","106151967","106152260","6","38584"
"chr13","106121773","106122076","chr5","143182656","143182960","40","37060883"
"chr13","106150192","106150489","chr10","62117600","62117893","42","44032592"
"chr13","106222370","106222481","chr2B","205936995","205937106","29","99714625"
"chr13","106330182","106330462","chr13","106372079","106372359","1","41897"
"chr13","106523230","106523326","chr22","33938435","33938535","15","72584795"
"chr13","106896872","106897169","chr13","106965438","106965735","1","68566"
"chr13","107056039","107056150","chr3","181238196","181238292","32","74182157"
"chr13","107146340","107146632","chr13","107225624","107225925","14","79284"
"chr13","107219986","107220108","chr2B","139795701","139795833","28","32575715"
"chr13","107428306","107428599","chr5","45789009","45789302","44","61639297"
"chr13","107578411","107578548","chr1","214242319","214242461","23","106663908"
"chr13","107891684","107891804","chr5","172392908","172393028","29","64501224"
"chr13","107955439","107955746","chr13","108045024","108045331","1","89585"
"chr13","107973768","107974022","chr17","6392334","6392605","53","101581434"
"chr13","108177071","108177368","chr13","108267464","108267761","1","90393"
"chr13","108336558","108336860","chr13","108426230","108426533","5","89672"
"chr13","108348539","108348817","chr8","92993729","92994007","36","15354810"
"chr13","108441463","108441767","chr13","108531552","108531863","8","90089"
"chr13","108448602","108448897","chr13","108538710","108539003","7","90108"
"chr13","108584728","108585040","chr13","108677623","108677933","5","92895"
"chr13","108763345","108763617","chr13","108862885","108863157","2","99540"
"chr13","108786812","108787112","chr20","44511345","44511640","40","64275467"
"chr13","109009608","109009898","chr13","109105603","109105897","8","95995"
"chr13","109020591","109020873","chrX","101411898","101412162","55","7608693"
"chr13","109340556","109340861","chr13","109439241","109439544","6","98685"
"chr13","109451766","109452033","chr13","109554101","109554401","34","102335"
"chr13","109529781","109530051","chr17","26232760","26233035","43","83297021"
"chr13","109655908","109656031","chr2B","207026815","207026935","23","97370907"
"chr13","110169812","110170061","chr13","110283002","110283281","33","113190"
"chr13","110318389","110318684","chr13","110440161","110440468","18","121772"
"chr13","110625029","110625048","chr1","28547144","28547162","6","82077885"
"chr13","110625085","110625358","chr2B","155005104","155005385","39","44380019"
"chr13","110643791","110644095","chr13","110769584","110769889","8","125793"
"chr13","110698974","110699267","chr13","110826907","110827204","8","127933"
"chr13","110830158","110830400","chr13","110963799","110964041","0","133641"
"chr13","110860190","110860484","chr13","110995768","110996063","2","135578"
"chr13","110936762","110936886","chr5","172392908","172393028","21","61456146"
"chr13","110938381","110938697","chr13","111077898","111078217","11","139517"
"chr13","110961624","110961921","chr13","111102379","111102676","2","140755"
"chr13","111147715","111148016","chr13","111292151","111292452","0","144436"
"chr13","111550465","111550735","chr13","111695177","111695447","0","144712"
"chr13","111606208","111606497","chr13","111753642","111753933","5","147434"
"chr13","111664790","111665072","chrX","22153884","22154179","44","89510906"
"chr13","112017944","112018228","chr13","112170322","112170609","3","152378"
"chr13","112075407","112075517","chr2B","142240066","142240170","26","30164659"
"chr13","112343210","112343510","chr13","112852036","112852338","3","508826"
"chr13","112812471","112812787","chr13","113334343","113334659","0","521872"
"chr13","112967863","112968019","chr3","196867754","196867918","43","83899891"
"chr13","113280894","113280987","chr3","27665315","27665404","25","85615579"
"chr13","113384578","113384893","chr13","113916746","113917065","5","532168"
"chr13","113406253","113406348","chr22","33938435","33938535","20","79467818"
"chr13","113437206","113437500","chr13","113972011","113972306","3","534805"
"chr13","113479564","113479821","chr13","114015834","114016091","0","536270"
"chr13","113486087","113486364","chr13","114023080","114023358","1","536993"
"chr13","113488854","113489154","chr13","114026040","114026345","7","537186"
"chr13","113496143","113496434","chr21","22414857","22415135","40","91081286"
"chr13","113511008","113511301","chr11","60696329","60696628","44","52814679"
"chr13","113518787","113519118","chrX","9943873","9944173","76","103574914"
"chr13","113547624","113547683","chr17","13384782","13384834","25","100162842"
"chr13","113600295","113600587","chr13","114137676","114137970","4","537381"
"chr13","113632906","113633004","chr1","160944586","160944680","18","47311680"
"chr13","113651447","113651723","chr13","114185050","114185326","1","533603"
"chr13","113669431","113669566","chr2A","53121147","53121278","22","60548284"
"chr13","113705280","113705583","chr13","114240141","114240420","26","534861"
"chr13","113755569","113755894","chr2A","70294187","70294501","64","43461382"
"chr13","114228499","114228802","chr13","114986534","114986837","0","758035"
"chr13","114296550","114296689","chr8","112933585","112933727","27","1362965"
"chr13","114358141","114358452","chr2B","141548186","141548497","6","27190045"
"chr13","114421904","114422156","chrUn_GL393546","60467","60718","1","114361437"
"chr14","38534888","38535179","chr3","173983076","173983369","51","135448188"
"chr14","100138918","100139114","chrUn_GL393518","506491","506690","27","99632427"
"chr14","18541113","18541375","chr19","6158795","6159058","64","12382318"
"chr14","18554135","18554436","chr2A","34560005","34560283","55","16005870"
"chr14","18588810","18589035","chr7","65493243","65493462","53","46904433"
"chr14","18629194","18629296","chr19","57751584","57751683","21","39122390"
"chr14","18873449","18873738","chr14","18868947","18869237","5","4502"
"chr14","19246893","19247167","chrX","130816277","130816562","45","111569384"
"chr14","19250247","19250527","chr8","27217963","27218254","51","7967716"
"chr14","19520704","19520904","chr14","19521677","19521882","16","973"
"chr14","19541669","19541961","chr14","19542683","19542976","2","1014"
"chr14","19597164","19597326","chr17","46043196","46043357","23","26446032"
"chr14","19684693","19685005","chr14","19696868","19697180","0","12175"
"chr14","19691842","19692140","chr14","19704153","19704448","16","12311"
"chr14","19718535","19718620","chr3","181238196","181238292","23","161519661"
"chr14","19774768","19774984","chr14","19786423","19786634","9","11655"
"chr14","19796996","19797301","chr14","19807827","19808135","4","10831"
"chr14","19959560","19959650","chr14","100673591","100673682","24","80714031"
"chr14","20042822","20043003","chr14","20031278","20031459","0","11544"
"chr14","20079620","20079750","chr10","90658128","90658258","15","70578508"
"chr14","20098960","20099217","chr14","20088034","20088291","0","10926"
"chr14","20115054","20115278","chr14","20104613","20104837","1","10441"
"chr14","20117137","20117414","chr14","20106659","20106954","19","10478"
"chr14","20120239","20120549","chr14","20109788","20110098","3","10451"
"chr14","20125064","20125235","chr14","20115590","20115756","8","9474"
"chr14","20160468","20160749","chr14","20151368","20151649","0","9100"
"chr14","20179119","20179418","chr14","20171191","20171490","2","7928"
"chr14","20198614","20198801","chr11","9083840","9084022","36","11114774"
"chr14","20208982","20209096","chr2B","205936995","205937106","20","185728013"
"chr14","20212324","20212542","chr12","111138858","111139070","41","90926534"
"chr14","20212584","20212878","chr14","20207256","20207550","1","5328"
"chr14","20233808","20233961","chr14","20229183","20229338","2","4625"
"chr14","20292190","20292514","chr14","20288483","20288805","2","3707"
"chr14","20314583","20314898","chr14","20311748","20312060","5","2835"
"chr14","20342983","20343246","chr4","98793444","98793704","44","78450461"
"chr14","20345643","20345942","chr14","20344450","20344750","3","1193"
"chr14","20346707","20346896","chr5","141332452","141332639","32","120985745"
"chr14","20347578","20347771","chr5","76266656","76266847","32","55919078"
"chr14","20357919","20358218","chr14","20356977","20357279","5","942"
"chr14","20364654","20364930","chr5","77794565","77794841","32","57429911"
"chr14","20365549","20365835","chr14","20364605","20364912","44","944"
"chr14","20370084","20370251","chr14","20369543","20369719","10","541"
"chr14","20388330","20388620","chr14","20388101","20388407","21","229"
"chr14","20406170","20406467","chr14","20406140","20406439","3","30"
"chr14","20409644","20409934","chr11","81612582","81612877","36","61202938"
"chr14","20454021","20454318","chr14","20456295","20456593","1","2274"
"chr14","20477200","20477512","chr1","53118077","53118382","40","32640877"
"chr14","20559367","20559475","chr1","123832748","123832859","15","103273381"
"chr14","20564001","20564080","chr18","47204102","47204181","5","26640101"
"chr14","20650917","20651209","chr14","20626342","20626638","6","24575"
"chr14","20774297","20774598","chr14","20749845","20750145","19","24452"
"chr14","20906613","20906906","chr14","20885327","20885628","10","21286"
"chr14","21163779","21164078","chr14","21131728","21132030","5","32051"
"chr14","21190800","21191107","chr19","51767193","51767503","31","30576393"
"chr14","21297443","21297551","chr2B","205936995","205937106","25","184639552"
"chr14","21386477","21386606","chr2A","107195506","107195649","28","85809029"
"chr14","21508825","21508953","chr7","90092678","90092807","13","68583853"
"chr14","21513191","21513469","chr14","21487082","21487358","3","26109"
"chr14","21682295","21682573","chr14","21657993","21658298","31","24302"
"chr14","21686247","21686413","chrX","2617967","2618132","26","19068280"
"chr14","21704724","21704998","chr14","21681081","21681355","1","23643"
"chr14","21722771","21722987","chr9","37441145","37441354","30","15718374"
"chr14","21748645","21748791","chr14","21726295","21726441","0","22350"
"chr14","21751315","21751623","chr14","21729361","21729671","6","21954"
"chr14","21756690","21756801","chr2B","199271339","199271453","24","177514649"
"chr14","21768586","21768891","chr14","21748711","21749021","5","19875"
"chr14","21775518","21775812","chr14","21757556","21757849","3","17962"
"chr14","21780149","21780330","chr8","84018854","84019036","26","62238705"
"chr14","21796827","21797068","chr10","124426664","124426914","39","102629837"
"chr14","21831209","21831292","chr8","46091691","46091777","14","24260482"
"chr14","21832737","21833034","chr1","85903130","85903406","71","64070393"
"chr14","21843538","21843838","chr14","21826846","21827152","8","16692"
"chr14","21850598","21850893","chr14","21834640","21834925","12","15958"
"chr14","21861807","21862016","chr3","36295297","36295521","42","14433490"
"chr14","21867555","21867850","chr9","106328283","106328579","30","84460728"
"chr14","21929941","21930136","chr6","152904782","152904966","40","130974841"
"chr14","21950071","21950176","chr6","159074849","159074952","22","137124778"
"chr14","21954009","21954146","chr1","6844228","6844361","23","15109781"
"chr14","21958047","21958341","chr14","21945692","21945987","2","12355"
"chr14","22016026","22016196","chr14","22008728","22008898","1","7298"
"chr14","22068731","22069015","chr14","22060912","22061196","0","7819"
"chr14","22128339","22128640","chr14","22121780","22122082","1","6559"
"chr14","22149226","22149408","chr5","171329402","171329580","26","149180176"
"chr14","22151571","22151879","chr14","22145714","22146020","5","5857"
"chr14","22158411","22158703","chr14","22153309","22153602","2","5102"
"chr14","22161104","22161218","chr2B","205936995","205937106","21","183775891"
"chr14","22243199","22243507","chr14","22239063","22239370","2","4136"
"chr14","22244424","22244729","chr14","22240287","22240599","11","4137"
"chr14","22257634","22257905","chr14","22253484","22253767","12","4150"
"chr14","22380791","22380959","chr3","118483084","118483246","28","96102293"
"chr14","22386292","22386587","chr14","22383712","22384010","6","2580"
"chr14","22521340","22521658","chr1","118156730","118157045","53","95635390"
"chr14","22693821","22694131","chr5","1786858","1787165","47","20906963"
"chr14","22839470","22839760","chr14","22847674","22847970","11","8204"
"chr14","22990909","22991081","chr2B","178740366","178740545","38","155749457"
"chr14","22996079","22996362","chr14","22939515","22939798","1","56564"
"chr14","23029460","23029754","chr14","22973248","22973545","6","56212"
"chr14","23073742","23074054","chr14","23021001","23021313","0","52741"
"chr14","23539494","23539728","chr14","23493296","23493525","5","46198"
"chr14","24514219","24514304","chr14","100673591","100673682","20","76159372"
"chr14","25017292","25017600","chr6","16971557","16971863","35","8045735"
"chr14","25220647","25220954","chr14","25198219","25198529","5","22428"
"chr14","25605892","25605931","chr10","75445791","75445831","14","49839899"
"chr14","25637687","25637972","chr14","25619871","25620158","2","17816"
"chr14","25657788","25658077","chr14","25640001","25640294","5","17787"
"chr14","25746886","25747170","chr14","25731844","25732128","1","15042"
"chr14","25893550","25893704","chr14","25877750","25877904","1","15800"
"chr14","25969922","25970231","chr5","86391726","86392032","44","60421804"
"chr14","26222862","26223166","chr1","32309441","32309739","36","6086579"
"chr14","26380764","26381078","chr11","60672667","60672968","42","34291903"
"chr14","26453418","26453597","chr19","8472527","8472702","35","17980891"
"chr14","26570082","26570384","chr14","26552905","26553209","4","17177"
"chr14","26733888","26734018","chr14","26655008","26655138","0","78880"
"chr14","27575034","27575158","chr8","26723415","26723536","25","851619"
"chr14","27634944","27635104","chr9","124819514","124819670","28","97184570"
"chr14","27664977","27665137","chrX","65801999","65802155","25","38137022"
"chr14","27801136","27801390","chr17","13388958","13389211","30","14412178"
"chr14","27803399","27803699","chr14","27726114","27726420","8","77285"
"chr14","27813094","27813174","chr14","27735823","27735903","0","77271"
"chr14","28333566","28333873","chr14","28265551","28265856","7","68015"
"chr14","28408376","28408674","chr14","28342826","28343165","52","65550"
"chr14","28443142","28443437","chr14","28378086","28378382","5","65056"
"chr14","28467698","28467947","chr14","28403013","28403262","5","64685"
"chr14","28684387","28684677","chr14","28621608","28621912","15","62779"
"chr14","28785037","28785358","chr14","28726762","28727089","6","58275"
"chr14","28833154","28833441","chr14","28774938","28775225","3","58216"
"chr14","28856098","28856399","chr14","28799083","28799383","5","57015"
"chr14","28857166","28857469","chr14","28800152","28800455","0","57014"
"chr14","29057617","29057934","chr14","29002365","29002685","5","55252"
"chr14","29065164","29065199","chr2B","116752361","116752391","17","87687197"
"chr14","29343632","29343752","chr5","172392908","172393028","22","143049276"
"chr14","29534245","29534524","chr14","29485999","29486269","11","48246"
"chr14","29610961","29611253","chr14","29506848","29507141","1","104113"
"chr14","29827127","29827433","chr14","29727783","29728088","28","99344"
"chr14","29923874","29923983","chr3","181238196","181238292","28","151314322"
"chr14","29984705","29984969","chr8","98899411","98899676","71","68914706"
"chr14","29986941","29987232","chr14","29890376","29890669","2","96565"
"chr14","30034852","30034972","chr8","26723415","26723536","31","3311437"
"chr14","30044656","30044949","chrX","43814540","43814832","35","13769884"
"chr14","30090525","30090826","chr14","29994847","29995148","0","95678"
"chr14","30095597","30095892","chr9","129877057","129877353","50","99781460"
"chr14","30097405","30097516","chr5","172392908","172393028","27","142295503"
"chr14","30147079","30147383","chr14","30052241","30052556","15","94838"
"chr14","30147652","30147934","chr14","30052826","30053106","3","94826"
"chr14","30184982","30185108","chr5","47854325","47854461","28","17669343"
"chr14","30185801","30186095","chr14","30092500","30092809","20","93301"
"chr14","30209520","30209827","chr14","30115963","30116272","2","93557"
"chr14","30213366","30213653","chr11","116283548","116283841","46","86070182"
"chr14","30244545","30244826","chr14","30150302","30150584","3","94243"
"chr14","30276033","30276151","chr2A","62538961","62539069","26","32262928"
"chr14","30285817","30286094","chr14","30193080","30193359","3","92737"
"chr14","30312024","30312312","chr14","30219725","30220013","1","92299"
"chr14","30320563","30320866","chr14","30228304","30228612","6","92259"
"chr14","30331644","30331732","chr8","46091691","46091777","17","15760047"
"chr14","30338965","30339248","chr14","30246992","30247277","3","91973"
"chr14","30359902","30360170","chr4","131216862","131217128","45","100856960"
"chr14","30368909","30369196","chr19","2556695","2556989","51","27812214"
"chr14","30391320","30391497","chr21","17736635","17736810","27","12654685"
"chr14","30482965","30483075","chr2B","199271339","199271453","26","168788374"
"chr14","30563672","30563770","chr14","100673591","100673682","28","70109919"
"chr14","30661626","30661936","chr1","61205212","61205516","39","30543586"
"chr14","30745553","30745853","chr14","30664936","30665238","3","80617"
"chr14","30803571","30803831","chr3","59085256","59085513","69","28281685"
"chr14","30814190","30814376","chrX","54564854","54565043","38","23750664"
"chr14","30850683","30850693","chr1","28547144","28547162","9","2303539"
"chr14","30850733","30851022","chr4","188864051","188864338","35","158013318"
"chr14","30869860","30869987","chr16","73743066","73743197","24","42873206"
"chr14","30922311","30922498","chr5","132891050","132891239","27","101968739"
"chr14","30940147","30940443","chr14","30860210","30860520","14","79937"
"chr14","30988794","30989091","chr14","30908308","30908605","1","80486"
"chr14","31131370","31131665","chr14","31050171","31050476","10","81199"
"chr14","31155990","31156283","chr14","31075185","31075478","1","80805"
"chr14","31194503","31194796","chr14","31113855","31114152","6","80648"
"chr14","31466073","31466236","chr1","149761181","149761342","32","118295108"
"chr14","31549751","31549839","chr17","13332748","13332838","20","18217003"
"chr14","31567605","31567903","chr14","31492566","31492868","6","75039"
"chr14","31640954","31641166","chr16","26803895","26804104","43","4837059"
"chr14","31766114","31766269","chr14","31691652","31691807","0","74462"
"chr14","31821310","31821622","chr14","31747476","31747788","1","73834"
"chr14","32040898","32041201","chr14","31969829","31970135","4","71069"
"chr14","32303786","32303997","chr11","75545758","75545976","30","43241972"
"chr14","32392119","32392238","chr5","172392908","172393028","24","140000789"
"chr14","32870204","32870504","chr14","32808330","32808631","4","61874"
"chr14","33258949","33259120","chr9","127467858","127468027","26","94208909"
"chr14","33404721","33404837","chr2B","205936995","205937106","25","172532274"
"chr14","33405445","33405541","chr19","4651970","4652071","22","28753475"
"chr14","33419280","33419449","chrX","101684279","101684447","24","68264999"
"chr14","33438664","33438973","chr14","33389227","33389542","9","49437"
"chr14","33454748","33454911","chr4","143756620","143756779","24","110301872"
"chr14","33475232","33475548","chr14","33427046","33427362","1","48186"
"chr14","33479690","33480003","chr14","94403780","94404074","51","60924090"
"chr14","33480413","33480523","chr2B","205936995","205937106","17","172456582"
"chr14","33481953","33482201","chr18","20287227","20287465","58","13194726"
"chr14","33499079","33499184","chr2B","142240066","142240170","28","108740987"
"chr14","33521582","33521690","chr3","181238196","181238292","28","147716614"
"chr14","33541029","33541303","chr20","44808169","44808442","36","11267140"
"chr14","33563741","33564014","chr14","33517722","33517997","3","46019"
"chr14","33571713","33571998","chr14","33526294","33526579","2","45419"
"chr14","33590802","33591004","chr4","88026372","88026577","27","54435570"
"chr14","33594306","33594591","chr2A","70011911","70012196","60","36417605"
"chr14","33594618","33594629","chr1","28547144","28547162","9","5047474"
"chr14","33607748","33608057","chr7","73951528","73951832","51","40343780"
"chr14","33635446","33635687","chr14","33589623","33589864","0","45823"
"chr14","33641088","33641248","chr14","69298558","69298712","27","35657470"
"chr14","33683725","33684025","chr14","33640322","33640633","15","43403"
"chr14","33701586","33701770","chr12","113379562","113379748","39","79677976"
"chr14","33773084","33773281","chr14","33734357","33734556","2","38727"
"chr14","33889324","33889531","chr14","33855412","33855619","1","33912"
"chr14","33937195","33937499","chr14","33909804","33910109","4","27391"
"chr14","33967377","33967678","chr14","33941423","33941725","1","25954"
"chr14","33976520","33976809","chr14","33950624","33950914","3","25896"
"chr14","34030282","34030400","chr10","10606360","10606481","13","23423922"
"chr14","34033212","34033378","chr7","15507240","15507400","31","18525972"
"chr14","34035770","34036056","chr12","121096398","121096686","54","87060628"
"chr14","34064357","34064658","chr14","34040109","34040411","3","24248"
"chr14","34076608","34076904","chr14","34053288","34053583","1","23320"
"chr14","34230266","34230559","chr14","34219028","34219322","1","11238"
"chr14","34254967","34255273","chr14","34244726","34245035","5","10241"
"chr14","34260287","34260573","chr14","34250172","34250459","2","10115"
"chr14","34265758","34265916","chr19","22168639","22168798","21","12097119"
"chr14","34310553","34310782","chr14","34303183","34303413","2","7370"
"chr14","34326587","34326897","chr14","34319677","34319987","3","6910"
"chr14","34370694","34370906","chr14","34364609","34364824","7","6085"
"chr14","34397025","34397318","chr14","34399891","34400186","4","2866"
"chr14","34431709","34432002","chr14","34435258","34435551","3","3549"
"chr14","34563293","34563592","chr14","34569084","34569383","2","5791"
"chr14","34590800","34591114","chr14","34597097","34597409","4","6297"
"chr14","34608796","34609082","chr14","34615115","34615400","2","6319"
"chr14","34653363","34653660","chr14","34659732","34660029","0","6369"
"chr14","34671267","34671350","chr10","102537049","102537135","14","67865782"
"chr14","34720833","34721107","chr14","34725888","34726162","1","5055"
"chr14","34722901","34723204","chr14","34727958","34728260","5","5057"
"chr14","34746233","34746518","chr14","34751582","34751895","28","5349"
"chr14","34761783","34762063","chr14","34767835","34768140","25","6052"
"chr14","35014949","35015114","chr1","78871015","78871180","25","43856066"
"chr14","35033665","35033954","chr14","35043523","35043813","2","9858"
"chr14","35254198","35254327","chr14","35268910","35269034","6","14712"
"chr14","35281246","35281522","chr14","35296045","35296321","0","14799"
"chr14","35404496","35404797","chr14","35419186","35419493","8","14690"
"chr14","35927483","35927637","chr7","54588251","54588406","32","18660768"
"chr14","36149081","36149389","chr14","35994835","35995146","5","154246"
"chr14","36452079","36452370","chr14","36302110","36302415","14","149969"
"chr14","36463481","36463640","chr12","45105124","45105279","32","8641643"
"chr14","36642794","36642890","chr3","181238196","181238292","21","144595402"
"chr14","36654990","36655211","chr14","36500176","36500397","6","154814"
"chr14","36940532","36940834","chr14","36790036","36790347","10","150496"
"chr14","37201225","37201287","chr2B","142239332","142239385","18","105038107"
"chr14","37259406","37259514","chr14","37113129","37113241","4","146277"
"chr14","38231813","38231982","chr4","164169181","164169350","25","125937368"
"chr14","38268064","38268192","chr12","38992415","38992548","22","724351"
"chr14","38270512","38270804","chr14","38141869","38142165","7","128643"
"chr14","38278720","38279007","chr14","38150298","38150585","4","128422"
"chr14","38291429","38291717","chr14","38163213","38163501","1","128216"
"chr14","38315386","38315701","chr14","38187552","38187857","12","127834"
"chr14","38331084","38331319","chr14","38203942","38204177","4","127142"
"chr14","38349503","38349776","chr14","38222294","38222568","3","127209"
"chr14","38391365","38391665","chr14","38264194","38264492","6","127171"
"chr14","38399780","38400076","chr14","38272617","38272915","2","127163"
"chr14","38409708","38410025","chr14","38282244","38282563","2","127464"
"chr14","38438552","38438862","chr14","38310190","38310510","10","128362"
"chr14","38474084","38474199","chr20","16652596","16652702","29","21821488"
"chr14","38531784","38532085","chr18","53766305","53766609","32","15234521"
"chr14","38604223","38604519","chr14","38478459","38478762","10","125764"
"chr14","38680969","38681082","chr20","16652596","16652702","23","22028373"
"chr14","38691303","38691595","chr14","38567972","38568263","4","123331"
"chr14","39004151","39004423","chr1","196730212","196730475","41","157726061"
"chr14","39077638","39077935","chr14","38959756","38960060","9","117882"
"chr14","39081688","39081997","chr14","38963803","38964113","5","117885"
"chr14","39084360","39084640","chr14","38966496","38966776","0","117864"
"chr14","39213273","39213586","chr8","28940270","28940578","42","10273003"
"chr14","39253053","39253363","chr14","39136747","39137064","9","116306"
"chr14","39303701","39303826","chr14","39187669","39187794","1","116032"
"chr14","39306200","39306325","chr14","39187669","39187794","1","118531"
"chr14","39312879","39313167","chr14","39196301","39196593","4","116578"
"chr14","39484582","39484890","chr17","13735054","13735363","40","25749528"
"chr14","39550711","39550839","chr2A","32693701","32693835","22","6857010"
"chr14","39855186","39855476","chr5","83570135","83570428","43","43714949"
"chr14","39933865","39934169","chr16","22249642","22249945","46","17684223"
"chr14","40056658","40056801","chr14","39946334","39946481","7","110324"
"chr14","40111480","40111735","chr14","40001249","40001503","6","110231"
"chr14","40122198","40122476","chr14","40011972","40012249","6","110226"
"chr14","40339350","40339648","chr19","40846268","40846564","41","506918"
"chr14","40344038","40344319","chr14","40235400","40235713","33","108638"
"chr14","40591488","40591559","chr17","4261422","4261478","28","36330066"
"chr14","40934069","40934363","chr14","40844687","40844979","8","89382"
"chr14","40947398","40947689","chr14","40858193","40858485","6","89205"
"chr14","41052854","41053170","chr14","40965528","40965849","6","87326"
"chr14","41429547","41429848","chr14","41356791","41357097","9","72756"
"chr14","41446074","41446191","chr14","41373344","41373461","0","72730"
"chr14","41641146","41641455","chr14","41572707","41573016","2","68439"
"chr14","41784642","41784727","chr8","46091691","46091777","15","4307049"
"chr14","41905164","41905423","chr2A","32253824","32254075","77","9651340"
"chr14","41993704","41993954","chr14","62126609","62126851","55","20132905"
"chr14","42035890","42035994","chr2B","142240066","142240170","27","100204176"
"chr14","42254321","42254623","chr14","42186899","42187206","15","67422"
"chr14","42783114","42783413","chr14","42720126","42720425","7","62988"
"chr14","42797450","42797533","chr14","62676334","62676417","39","19878884"
"chr14","42879740","42880036","chr14","42816462","42816763","11","63278"
"chr14","42909164","42909245","chr14","100673591","100673682","25","57764427"
"chr14","42979559","42979722","chr13","26988435","26988596","29","15991124"
"chr14","43106733","43106815","chr14","100673591","100673682","23","57566858"
"chr14","43120027","43120327","chr14","43058114","43058414","3","61913"
"chr14","43582024","43582217","chr14","43526197","43526390","5","55827"
"chr14","43679485","43679798","chr14","43624657","43624968","5","54828"
"chr14","43764256","43764565","chr14","43706974","43707282","5","57282"
"chr14","43882056","43882365","chr14","43825505","43825814","2","56551"
"chr14","43913783","43914062","chr5","14142694","14142980","45","29771089"
"chr14","43960729","43960847","chr14","43908017","43908135","0","52712"
"chr14","43977304","43977610","chr14","43925405","43925713","5","51899"
"chr14","43991247","43991551","chr14","43939452","43939757","4","51795"
"chr14","43999370","43999669","chr14","43947843","43948143","2","51527"
"chr14","44037776","44038076","chr14","43986917","43987218","4","50859"
"chr14","44066732","44067029","chr14","44016130","44016429","3","50602"
"chr14","44086242","44086539","chr14","44036917","44037218","5","49325"
"chr14","44091547","44091852","chr14","44042722","44043025","3","48825"
"chr14","44109527","44109810","chr12","6662970","6663249","38","37446557"
"chr14","44151403","44151698","chr14","44103944","44104240","4","47459"
"chr14","44183333","44183513","chr1","29277911","29278085","29","14905422"
"chr14","44208513","44208813","chr14","44161449","44161745","5","47064"
"chr14","44236486","44236783","chr3","87428914","87429220","53","43192428"
"chr14","44853294","44853569","chr14","44807449","44807724","1","45845"
"chr14","45099686","45099956","chr14","45057828","45058098","1","41858"
"chr14","45130531","45130653","chr5","172392908","172393028","24","127262377"
"chr14","45208553","45208675","chr12","107191538","107191660","14","61982985"
"chr14","45500018","45500177","chr14","45477031","45477191","2","22987"
"chr14","45878353","45878653","chr14","45864213","45864517","4","14140"
"chr14","46258836","46258990","chr6","55699024","55699181","29","9440188"
"chr14","46267682","46267820","chr8","112933585","112933727","24","66665903"
"chr14","46308580","46308699","chr8","26723415","26723536","23","19585165"
"chr14","46992682","46992843","chr14","46986282","46986443","0","6400"
"chr14","47095944","47096097","chr14","47090701","47090855","2","5243"
"chr14","47119256","47119561","chr14","47114087","47114392","7","5169"
"chr14","47229675","47229963","chr14","47220944","47221234","6","8731"
"chr14","47250018","47250281","chr14","47241400","47241664","4","8618"
"chr14","47301393","47301687","chr14","47302912","47303207","2","1519"
"chr14","47517286","47517579","chr14","47520934","47521226","3","3648"
"chr14","47562261","47562559","chr14","47570667","47570969","6","8406"
"chr14","47604731","47605032","chr14","47607683","47607984","1","2952"
"chr14","47901185","47901477","chr14","47911057","47911352","9","9872"
"chr14","48476735","48476979","chr10","17945408","17945649","38","30531327"
"chr14","48491825","48492121","chr14","48505769","48506070","10","13944"
"chr14","48497263","48497576","chr14","48511455","48511768","4","14192"
"chr14","48498420","48498705","chr2A","71305453","71305743","53","22807033"
"chr14","48503488","48503788","chr14","48517416","48517719","4","13928"
"chr14","48511975","48512270","chr14","48525930","48526228","3","13955"
"chr14","48573945","48574265","chr14","48588757","48589081","6","14812"
"chr14","48594885","48594987","chr19","57751584","57751683","16","9156699"
"chr14","48606648","48606931","chr14","48622819","48623144","45","16171"
"chr14","48625630","48625889","chr2B","240263975","240264225","41","191638345"
"chr14","48638972","48639283","chr14","48655540","48655853","6","16568"
"chr14","48675075","48675370","chr14","48692262","48692554","6","17187"
"chr14","48742002","48742305","chr15","48018063","48018371","34","723939"
"chr14","48768530","48768820","chr14","48788193","48788483","2","19663"
"chr14","48780087","48780381","chr14","48800198","48800491","5","20111"
"chr14","48799713","48799772","chrY","3211148","3211211","16","45588565"
"chr14","48827063","48827151","chr15","88353310","88353402","14","39526247"
"chr14","49047137","49047434","chr14","49076165","49076462","0","29028"
"chr14","49074586","49074767","chr14","49103380","49103562","3","28794"
"chr14","49077220","49077514","chr14","49106025","49106321","5","28805"
"chr14","49090635","49090712","chr3","181238196","181238292","30","132147561"
"chr14","49118759","49119098","chr14","49149915","49150232","47","31156"
"chr14","49129170","49129389","chr14","49160292","49160508","4","31122"
"chr14","49185002","49185176","chr14","49216011","49216187","2","31009"
"chr14","49281744","49282039","chr14","49313619","49313914","0","31875"
"chr14","49310485","49310766","chr14","49343379","49343660","3","32894"
"chr14","49448163","49448479","chr14","49483953","49484269","0","35790"
"chr14","49481363","49481673","chr14","49518510","49518820","2","37147"
"chr14","49523029","49523345","chr14","49560381","49560692","8","37352"
"chr14","49599390","49599684","chr14","49637678","49637974","5","38288"
"chr14","49599948","49600050","chr20","16652596","16652702","21","32947352"
"chr14","49622112","49622285","chr8","27153241","27153406","24","22468871"
"chr14","49624802","49625099","chr14","49666091","49666393","15","41289"
"chr14","49704843","49705143","chr14","49746560","49746860","0","41717"
"chr14","49725877","49726072","chr1","113311512","113311715","49","63585635"
"chr14","49735678","49735963","chr14","49778051","49778355","20","42373"
"chr14","49839259","49839549","chr14","49882868","49883163","12","43609"
"chr14","49896668","49896738","chr17","4261422","4261478","29","45635246"
"chr14","49939730","49939951","chr14","19786423","19786634","39","30153307"
"chr14","50108214","50108356","chr19","48886299","48886441","23","1221915"
"chr14","50151139","50151326","chr14","50200655","50200834","8","49516"
"chr14","50168428","50168754","chr1","125750259","125750560","52","75581831"
"chr14","50174722","50175019","chr14","50224244","50224544","3","49522"
"chr14","50177165","50177435","chr12","45129922","45130205","52","5047243"
"chr14","50371628","50371934","chr14","50420587","50420887","8","48959"
"chr14","50415379","50415710","chr14","50468063","50468385","30","52684"
"chr14","50655804","50656099","chr14","50711173","50711468","5","55369"
"chr14","50729707","50729997","chr14","50785590","50785881","2","55883"
"chr14","50793523","50793810","chr14","50850316","50850593","34","56793"
"chr14","50812924","50813218","chr14","50869630","50869911","13","56706"
"chr14","50815863","50816028","chr1","201503311","201503466","36","150687448"
"chr14","50850727","50851034","chr14","50907436","50907743","2","56709"
"chr14","50861003","50861291","chr8","121900732","121901021","36","71039729"
"chr14","51011684","51011988","chr14","51068491","51068794","6","56807"
"chr14","51306857","51307137","chr14","51365764","51366075","32","58907"
"chr14","51346137","51346441","chr14","51409580","51409884","0","63443"
"chr14","51406789","51407078","chr14","51472313","51472606","8","65524"
"chr14","51417260","51417425","chr14","51482860","51483026","1","65600"
"chr14","51536346","51536556","chr2A","61755458","61755670","26","10219112"
"chr14","51553585","51553742","chrX","19267786","19267941","35","32285799"
"chr14","51559981","51560305","chr6","139427780","139428090","62","87867799"
"chr14","51577331","51577447","chr2B","205936995","205937106","24","154359664"
"chr14","51580041","51580347","chr14","51648004","51648310","0","67963"
"chr14","51590435","51590733","chr14","51658421","51658722","3","67986"
"chr14","51656547","51656843","chr14","51726562","51726859","2","70015"
"chr14","51675477","51675788","chr14","51745600","51745911","1","70123"
"chr14","51684385","51684604","chr3","200711023","200711239","32","149026638"
"chr14","51686799","51687083","chr14","51756600","51756878","13","69801"
"chr14","51700622","51700944","chr2B","174829361","174829686","55","123128739"
"chr14","51702270","51702371","chr22","33938435","33938535","26","17763835"
"chr14","51729843","51730101","chrX","106331864","106332123","45","54602021"
"chr14","51730228","51730521","chr5","82998008","82998306","28","31267780"
"chr14","51764871","51764998","chr4","89635842","89635967","27","37870971"
"chr14","51766786","51766915","chr2B","216519456","216519594","25","164752670"
"chr14","51772681","51772856","chr1","29277911","29278085","26","22494770"
"chr14","51926592","51926886","chr1","137484206","137484498","30","85557614"
"chr14","51936094","51936303","chrX","96739393","96739607","37","44803299"
"chr14","51990956","51991124","chr11","43973183","43973348","24","8017773"
"chr14","52000314","52000596","chr14","52078536","52078827","9","78222"
"chr14","52017246","52017367","chr2B","199271339","199271453","23","147254093"
"chr14","52102656","52102967","chr14","52171829","52172139","2","69173"
"chr14","52113361","52113661","chr14","52182966","52183274","9","69605"
"chr14","52313395","52313705","chr19","42083515","42083822","36","10229880"
"chr14","52351699","52351782","chr3","181238196","181238292","29","128886497"
"chr14","52573489","52573629","chr8","112933585","112933727","23","60360096"
"chr14","52661149","52661452","chr14","52735384","52735694","8","74235"
"chr14","52888904","52889110","chr14","52963625","52963831","1","74721"
"chr14","53004462","53004758","chr14","53081864","53082161","1","77402"
"chr14","53256376","53256679","chr14","53337328","53337631","1","80952"
"chr14","53304793","53305099","chr14","53385527","53385833","5","80734"
"chr14","53356111","53356413","chr14","53438273","53438576","1","82162"
"chr14","53393345","53393439","chr13","24059413","24059502","17","29333932"
"chr14","53447506","53447695","chr10","116873459","116873650","27","63425953"
"chr14","53485958","53486269","chr12","6617954","6618263","54","46868004"
"chr14","53540915","53541225","chr1","29189596","29189901","42","24351319"
"chr14","53644902","53644994","chr3","27665315","27665404","21","25979587"
"chr14","53733915","53734228","chr14","53825326","53825632","8","91411"
"chr14","53744599","53744875","chr17","7203718","7203992","68","46540881"
"chr14","53790554","53790831","chr14","53883122","53883427","29","92568"
"chr14","53792950","53793146","chr7","34792542","34792741","45","19000408"
"chr14","53795630","53795722","chr1","160944586","160944680","28","107148956"
"chr14","53801149","53801440","chr14","53893906","53894197","0","92757"
"chr14","53941529","53941832","chr14","54044585","54044889","4","103056"
"chr14","53982511","53982755","chr17","52992448","52992685","35","990063"
"chr14","53993346","53993628","chr14","54102857","54103166","27","109511"
"chr14","54057949","54058088","chr14","54169995","54170134","1","112046"
"chr14","54110348","54110666","chr14","54224937","54225265","16","114589"
"chr14","54282508","54282750","chr14","54397413","54397633","23","114905"
"chr14","54409024","54409157","chr15","91534991","91535139","42","37125967"
"chr14","54434171","54434492","chr14","54553886","54554210","8","119715"
"chr14","54619873","54620022","chr1","207299603","207299748","27","152679730"
"chr14","54789280","54789562","chr14","54914714","54914995","1","125434"
"chr14","54945446","54945743","chr14","55069069","55069370","6","123623"
"chr14","55200550","55200834","chr14","55325871","55326155","2","125321"
"chr14","55210515","55210638","chr12","110328271","110328400","26","55117756"
"chr14","55269123","55269419","chr14","55394586","55394888","9","125463"
"chr14","55409402","55409694","chr20","2515068","2515358","31","52894334"
"chr14","55410526","55410704","chr1","47645823","47645989","32","7764703"
"chr14","55457130","55457440","chr14","55584861","55585170","1","127731"
"chr14","55591550","55591847","chr3","188317272","188317569","34","132725722"
"chr14","55719747","55720059","chr1","29191621","29191930","53","26528126"
"chr14","55809456","55809669","chr3","48992472","48992683","38","6816984"
"chr14","55809886","55809929","chr17","478093","478136","10","55331793"
"chr14","55813136","55813432","chr14","55955642","55955938","1","142506"
"chr14","55969389","55969598","chr14","56122420","56122629","1","153031"
"chr14","56223844","56224127","chr14","56376932","56377215","1","153088"
"chr14","56300360","56300674","chr14","56453677","56453987","15","153317"
"chr14","56998637","56998943","chr14","57151230","57151530","12","152593"
"chr14","57036937","57037221","chr14","57190228","57190513","3","153291"
"chr14","57070877","57071054","chr3","37511028","37511205","39","19559849"
"chr14","57084439","57084662","chr14","57239821","57240044","0","155382"
"chr14","57179404","57179723","chr14","57335778","57336107","13","156374"
"chr14","57285719","57286017","chr14","57444178","57444452","30","158459"
"chr14","57304948","57305067","chr2B","199271339","199271453","26","141966391"
"chr14","57305521","57305801","chr14","57464181","57464461","1","158660"
"chr14","57324164","57324314","chr14","57482856","57483006","1","158692"
"chr14","57510761","57511054","chr14","57670910","57671204","3","160149"
"chr14","57674614","57674909","chr14","57837281","57837576","0","162667"
"chr14","57847057","57847343","chr14","58013883","58014169","1","166826"
"chr14","57908940","57909229","chr14","58081088","58081377","2","172148"
"chr14","57959190","57959427","chr14","58132798","58133035","0","173608"
"chr14","58003712","58003892","chr16","69232769","69232949","28","11229057"
"chr14","58044388","58044667","chr14","58212361","58212662","22","167973"
"chr14","58071809","58071977","chr6","1730789","1730963","32","56341020"
"chr14","58137868","58138168","chr14","58307183","58307487","6","169315"
"chr14","58158823","58159132","chr14","58328184","58328492","3","169361"
"chr14","58354285","58354598","chr14","58517062","58517375","1","162777"
"chr14","58438131","58438440","chr14","58603688","58603997","2","165557"
"chr14","58480656","58480957","chr14","58646229","58646530","0","165573"
"chr14","59133766","59134048","chr14","59301463","59301746","3","167697"
"chr14","59359378","59359687","chr14","59529963","59530273","2","170585"
"chr14","59438578","59438869","chr14","59608613","59608912","10","170035"
"chr14","59562186","59562476","chr19","11449269","11449565","33","48112917"
"chr14","59562535","59562722","chr12","63989839","63990029","32","4427304"
"chr14","59568568","59568874","chr14","59743774","59744080","3","175206"
"chr14","59606377","59606521","chr9","122440954","122441094","14","62834577"
"chr14","59614198","59614497","chr14","59792245","59792545","2","178047"
"chr14","59651582","59651734","chr16","52369926","52370074","29","7281656"
"chr14","59678420","59678721","chr14","59855545","59855844","5","177125"
"chr14","59723440","59723730","chr14","59901459","59901757","9","178019"
"chr14","59808540","59808636","chr14","100673591","100673682","19","40865051"
"chr14","59865664","59865962","chr14","60043842","60044142","5","178178"
"chr14","59938125","59938253","chr14","39187669","39187794","21","20750456"
"chr14","59947653","59947757","chr3","181238196","181238292","25","121290543"
"chr14","60084099","60084308","chr4","176755200","176755409","42","116671101"
"chr14","60120276","60120578","chr14","60302975","60303271","9","182699"
"chr14","60209669","60209938","chr14","60395432","60395710","12","185763"
"chr14","60272172","60272312","chr14","60458926","60459066","2","186754"
"chr14","60467427","60467541","chr2B","199271339","199271453","26","138803912"
"chr14","60481071","60481384","chr14","60672726","60673046","9","191655"
"chr14","60530934","60531250","chr14","60724259","60724575","0","193325"
"chr14","60567538","60567824","chr14","60760952","60761239","2","193414"
"chr14","60619541","60619841","chr14","60816631","60816933","6","197090"
"chr14","60627239","60627535","chr14","60824424","60824721","2","197185"
"chr14","60639993","60640303","chr14","60837180","60837489","4","197187"
"chr14","60648455","60648578","chr1","46484701","46484838","25","14163754"
"chr14","60656725","60656963","chr6","148597496","148597729","39","87940771"
"chr14","60679843","60680153","chr14","60877214","60877524","0","197371"
"chr14","60692376","60692677","chr14","60889481","60889792","10","197105"
"chr14","60702132","60702430","chr14","60899675","60899983","11","197543"
"chr14","60763464","60763763","chr14","60962229","60962532","12","198765"
"chr14","60780408","60780706","chr14","60979538","60979842","6","199130"
"chr14","60898814","60899019","chr14","61098121","61098326","2","199307"
"chr14","61111589","61111886","chr14","61312198","61312496","7","200609"
"chr14","61136463","61136774","chr14","61337514","61337825","0","201051"
"chr14","61306952","61307214","chr14","61519217","61519479","2","212265"
"chr14","61342531","61342669","chr14","61553954","61554092","0","211423"
"chr14","61520226","61520511","chr14","61732967","61733253","3","212741"
"chr14","61578844","61578954","chr6","159074849","159074952","22","97496005"
"chr14","61748264","61748556","chr14","61971998","61972293","5","223734"
"chr14","61866600","61866894","chr14","62093520","62093816","5","226920"
"chr14","61877611","61877914","chr14","62104331","62104634","2","226720"
"chr14","61899864","61900096","chr14","62126609","62126851","11","226745"
"chr14","61991769","61992073","chr14","62219580","62219886","3","227811"
"chr14","62065899","62066007","chr2B","199271339","199271453","24","137205440"
"chr14","62091688","62091818","chr7","63668252","63668381","14","1576564"
"chr14","62175036","62175341","chr14","62404865","62405162","10","229829"
"chr14","62352060","62352159","chr2A","62538961","62539069","23","186901"
"chr14","62376428","62376561","chr14","62610265","62610395","7","233837"
"chr14","62402280","62402365","chr16","29688141","29688220","17","32714139"
"chr14","62413172","62413468","chr14","62648936","62649235","5","235764"
"chr14","62423582","62423740","chr14","62658959","62659119","4","235377"
"chr14","62455606","62455688","chr22","35042430","35042497","36","27413176"
"chr14","62582504","62582819","chr6","84646490","84646799","57","22063986"
"chr14","62597021","62597314","chr14","62827762","62828057","6","230741"
"chr14","62611633","62611766","chr14","62843300","62843433","0","231667"
"chr14","62620522","62620690","chr12","35035076","35035244","24","27585446"
"chr14","62634144","62634390","chr14","62866217","62866494","33","232073"
"chr14","62658072","62658249","chr19","5766384","5766553","27","56891688"
"chr14","62672811","62672918","chr2B","142240066","142240170","30","79567255"
"chr14","62700737","62700891","chr4","149843795","149843946","26","87143058"
"chr14","62737518","62737832","chr14","62973197","62973507","9","235679"
"chr14","62786818","62786961","chr5","127117962","127118109","14","64331144"
"chr14","62816669","62816821","chr14","63051165","63051317","4","234496"
"chr14","62824530","62824603","chr17","4261422","4261478","24","58563108"
"chr14","62856234","62856534","chr14","63090725","63091024","2","234491"
"chr14","62859936","62860240","chr14","63097198","63097502","4","237262"
"chr14","63074648","63074947","chr14","63313175","63313477","5","238527"
"chr14","63108408","63108541","chr5","47854325","47854461","28","15254083"
"chr14","63108618","63108912","chr14","63347245","63347540","5","238627"
"chr14","63122122","63122417","chr14","63361317","63361613","4","239195"
"chr14","63127241","63127548","chr14","63366741","63367045","7","239500"
"chr14","63144018","63144323","chr14","63383595","63383895","8","239577"
"chr14","63152667","63152815","chrX","73313271","73313417","16","10160604"
"chr14","63168517","63168810","chr14","63408193","63408488","3","239676"
"chr14","63225923","63226134","chr3","200711023","200711239","38","137485100"
"chr14","63231973","63232274","chr14","63476502","63476797","9","244529"
"chr14","63304104","63304317","chr3","200711023","200711239","23","137406919"
"chr14","63313789","63314088","chr14","63559919","63560226","9","246130"
"chr14","63322395","63322725","chr14","63568863","63569195","3","246468"
"chr14","63329633","63329929","chr14","63576116","63576413","2","246483"
"chr14","63360292","63360589","chr14","63609578","63609871","19","249286"
"chr14","63363309","63363585","chr14","63613001","63613280","4","249692"
"chr14","63404263","63404544","chr14","63653634","63653945","30","249371"
"chr14","63420308","63420621","chr9","87168130","87168439","42","23747822"
"chr14","64148245","64148546","chr14","63769149","63769456","6","379096"
"chr14","64154087","64154367","chr17","71930575","71930855","31","7776488"
"chr14","64155115","64155426","chr14","63775986","63776275","31","379129"
"chr14","64207935","64208238","chr3","59839391","59839692","37","4368544"
"chr14","64208622","64208716","chr6","159074849","159074952","23","94866227"
"chr14","64214965","64215140","chr1","226232780","226232939","33","162017815"
"chr14","64275017","64275302","chr14","63900330","63900616","2","374687"
"chr14","64342229","64342266","chr10","27042861","27042906","17","37299368"
"chr14","64420709","64420904","chr2A","85324334","85324535","25","20903625"
"chr14","64428041","64428346","chr6","118359079","118359382","35","53931038"
"chr14","64509134","64509411","chr14","64138672","64138951","3","370462"
"chr14","64596081","64596198","chr14","64227447","64227564","0","368634"
"chr14","64661837","64662142","chr14","64292873","64293178","1","368964"
"chr14","64670104","64670413","chr14","64301980","64302286","4","368124"
"chr14","64706821","64707013","chr17","43270225","43270418","26","21436596"
"chr14","64765325","64765564","chr14","64396662","64396902","8","368663"
"chr14","64801115","64801214","chr14","100673591","100673682","20","35872476"
"chr14","64838230","64838529","chr1","29105712","29106008","45","35732518"
"chr14","64848208","64848502","chr1","78316338","78316631","42","13468130"
"chr14","64880857","64880992","chr13","22694842","22694978","31","42186015"
"chr14","64882014","64882306","chr14","64518839","64519133","2","363175"
"chr14","64902757","64902955","chr14","64540300","64540511","13","362457"
"chr14","64922690","64922854","chr14","64560671","64560836","1","362019"
"chr14","64922855","64923165","chr14","64560837","64561147","2","362018"
"chr14","64963439","64963732","chr14","64601747","64602040","1","361692"
"chr14","65136945","65137237","chr14","64783537","64783830","3","353408"
"chr14","65315122","65315417","chr14","64964789","64965086","5","350333"
"chr14","65439712","65439806","chr9","80389825","80389922","15","14950113"
"chr14","65773264","65773411","chr18","13921194","13921341","31","51852070"
"chr14","66366391","66366695","chr14","66048009","66048313","1","318382"
"chr14","66372848","66373140","chr1","27485900","27486192","26","38886948"
"chr14","66405701","66406004","chr14","66087363","66087666","1","318338"
"chr14","66461388","66461695","chr9","119942123","119942432","32","53480735"
"chr14","66555731","66555797","chr17","4261422","4261478","22","62294309"
"chr14","66793289","66793540","chr22","38198729","38198984","40","28594560"
"chr14","66850931","66851023","chr14","100673591","100673682","21","33822660"
"chr14","66863409","66863676","chr14","66545809","66546095","35","317600"
"chr14","66952714","66952816","chr20","16652596","16652702","22","50300118"
"chr14","66955047","66955280","chr2A","110265645","110265871","40","43310598"
"chr14","67515465","67515769","chr4","44940665","44940968","33","22574800"
"chr14","67830871","67831177","chr14","67526219","67526518","13","304652"
"chr14","68014289","68014574","chr7","142040669","142040961","37","74026380"
"chr14","68077459","68077510","chr4","158528568","158528610","14","90451109"
"chr14","68188923","68189226","chr14","67892834","67893143","8","296089"
"chr14","68206434","68206736","chr14","67910618","67910927","14","295816"
"chr14","68225735","68226036","chr1","19669608","19669915","43","48556127"
"chr14","68319545","68319854","chr14","68024013","68024319","7","295532"
"chr14","68327532","68327863","chr14","68032039","68032329","42","295493"
"chr14","68332056","68332347","chr14","68036405","68036701","6","295651"
"chr14","68337568","68337859","chr14","68041917","68042208","0","295651"
"chr14","68449232","68449443","chr14","68157023","68157265","31","292209"
"chr14","68483174","68483352","chr3","173683667","173683841","26","105200493"
"chr14","68497512","68497823","chr10","87327656","87327966","43","18830144"
"chr14","68530221","68530518","chr14","68239045","68239345","6","291176"
"chr14","68539590","68539881","chr14","68248404","68248696","1","291186"
"chr14","68587645","68587941","chr14","68298341","68298641","6","289304"
"chr14","68592605","68592764","chr14","68303314","68303473","0","289291"
"chr14","68603956","68604258","chr9","67375234","67375538","50","1228722"
"chr14","68631437","68631528","chr22","33938435","33938535","17","34693002"
"chr14","68651117","68651412","chr6","138886097","138886393","35","70234980"
"chr14","68698971","68699185","chr3","198771121","198771322","41","130072150"
"chr14","68766856","68767136","chr14","68479218","68479498","1","287638"
"chr14","68897383","68897564","chr14","68610303","68610484","0","287080"
"chr14","68921746","68921891","chr14","68635757","68635901","1","285989"
"chr14","69014518","69014825","chr1","33202253","33202559","40","35812265"
"chr14","69025229","69025336","chr2B","207026815","207026935","25","138001586"
"chr14","69227127","69227418","chr14","68949179","68949471","3","277948"
"chr14","69228308","69228483","chr14","68950362","68950560","23","277946"
"chr14","69293268","69293358","chr14","69014447","69014537","0","278821"
"chr14","69297312","69297435","chr2B","139795701","139795833","23","70498389"
"chr14","69388950","69389227","chr14","69110430","69110707","0","278520"
"chr14","69570237","69570394","chr14","69298558","69298712","5","271679"
"chr14","69612644","69612946","chr14","69351405","69351711","4","261239"
"chr14","69616590","69616887","chr14","69355191","69355487","2","261399"
"chr14","69676300","69676588","chr14","69415260","69415556","11","261040"
"chr14","69774463","69774750","chr14","69515991","69516278","2","258472"
"chr14","69815340","69815479","chr2A","32693701","32693835","25","37121639"
"chr14","69816096","69816387","chr14","69559568","69559861","3","256528"
"chr14","69850113","69850421","chr14","69594650","69594954","7","255463"
"chr14","70063637","70063836","chr14","69811700","69811899","1","251937"
"chr14","70153158","70153457","chr4","167882463","167882760","35","97729305"
"chr14","70235817","70235973","chr6","145351826","145351977","37","75116009"
"chr14","70244913","70245209","chr14","69995390","69995687","4","249523"
"chr14","70282524","70282653","chr2A","32693701","32693835","22","37588823"
"chr14","70301386","70301653","chr14","70053408","70053675","2","247978"
"chr14","70430345","70430471","chr14","70183838","70183964","1","246507"
"chr14","70447222","70447513","chr14","70200728","70201026","9","246494"
"chr14","70531387","70531684","chr14","70285641","70285938","3","245746"
"chr14","70658144","70658439","chr10","93391235","93391531","56","22733091"
"chr14","70704898","70705182","chr14","70457773","70458084","28","247125"
"chr14","70781726","70782047","chr2A","24650015","24650306","65","46131711"
"chr14","70784115","70784272","chr14","70538078","70538235","0","246037"
"chr14","70795393","70795622","chr14","70549881","70550112","2","245512"
"chr14","70804697","70804785","chr14","70559514","70559602","0","245183"
"chr14","70900605","70900906","chr18","47259097","47259394","49","23641508"
"chr14","70973658","70973968","chr3","156595988","156596298","53","85622330"
"chr14","70984451","70984683","chr22","30479992","30480190","69","40504459"
"chr14","71017075","71017389","chr14","70772963","70773275","4","244112"
"chr14","71056267","71056556","chr6","24902977","24903264","58","46153290"
"chr14","71187990","71188288","chr14","70944810","70945108","4","243180"
"chr14","71208464","71208770","chr14","70965628","70965944","17","242836"
"chr14","71249988","71250281","chr14","71009285","71009578","3","240703"
"chr14","71494473","71494715","chr14","71268906","71269149","3","225567"
"chr14","71562884","71563190","chr1","124248819","124249129","49","52685935"
"chr14","71602720","71603025","chr14","71377831","71378135","1","224889"
"chr14","71650300","71650602","chr14","71429771","71430078","9","220529"
"chr14","71660634","71660849","chr14","71440335","71440552","4","220299"
"chr14","71733916","71734222","chr14","71521635","71521941","5","212281"
"chr14","71833035","71833320","chr14","71620385","71620670","0","212650"
"chr14","71875788","71876061","chr17","57630304","57630581","42","14245484"
"chr14","71898600","71898892","chr14","71687696","71687989","2","210904"
"chr14","71951114","71951422","chr14","71742013","71742316","11","209101"
"chr14","72153940","72154041","chr22","33938435","33938535","20","38215505"
"chr14","72231864","72232169","chr14","72031378","72031683","2","200486"
"chr14","72274798","72275090","chr21","31071670","31071966","23","41203128"
"chr14","72288104","72288387","chr14","72089583","72089885","20","198521"
"chr14","72298795","72299083","chr14","72100327","72100624","10","198468"
"chr14","72312849","72313143","chr14","72114413","72114708","1","198436"
"chr14","72320429","72320739","chr14","72122012","72122319","6","198417"
"chr14","72377521","72377828","chr12","105707804","105708107","33","33330283"
"chr14","72433401","72433507","chr4","91255965","91256071","13","18822564"
"chr14","72443090","72443145","chr14","72249896","72249960","9","193194"
"chr14","72450931","72451234","chr6","138446760","138447068","36","65995829"
"chr14","72462863","72463162","chr14","72270567","72270855","11","192296"
"chr14","72464507","72464815","chr14","72272255","72272568","8","192252"
"chr14","72475750","72475905","chr6","160207566","160207725","22","87731816"
"chr14","72487771","72488066","chr14","72296488","72296783","0","191283"
"chr14","72535300","72535416","chr13","108086713","108086829","16","35551413"
"chr14","72535462","72535739","chr14","72348694","72348965","9","186768"
"chr14","72577963","72578256","chr7","28603736","28604029","45","43974227"
"chr14","72592798","72592931","chr14","62610265","62610395","11","9982533"
"chr14","72594492","72594780","chr14","72401046","72401337","4","193446"
"chr14","72636589","72636881","chr14","74897090","74897389","56","2260501"
"chr14","72760244","72760526","chr14","72571927","72572209","0","188317"
"chr14","72792699","72792865","chrX","112054166","112054338","28","39261467"
"chr14","72805210","72805510","chr14","72619611","72619911","1","185599"
"chr14","72811251","72811550","chr14","72625636","72625938","4","185615"
"chr14","72872166","72872474","chr14","72688279","72688588","4","183887"
"chr14","72879901","72880046","chr19","4055014","4055149","22","68824887"
"chr14","72895270","72895578","chr14","72713318","72713637","12","181952"
"chr14","72899625","72899758","chr9","15289702","15289841","31","57609923"
"chr14","72985768","72985849","chr14","72809428","72809509","0","176340"
"chr14","73020987","73021296","chr19","20001556","20001867","42","53019431"
"chr14","73057698","73057991","chr20","18078632","18078928","51","54979066"
"chr14","73071667","73071956","chr14","72898716","72899000","6","172951"
"chr14","73076350","73076499","chr7","57023693","57023833","23","16052657"
"chr14","73108188","73108374","chr2B","199715239","199715428","31","126607051"
"chr14","73148777","73149061","chr7","29178187","29178477","37","43970590"
"chr14","73164241","73164408","chr4","116465175","116465340","24","43300934"
"chr14","73184900","73185171","chr14","73015142","73015418","7","169758"
"chr14","73209606","73209895","chr14","73040328","73040620","6","169278"
"chr14","73221685","73221979","chr14","73052967","73053266","5","168718"
"chr14","73230007","73230225","chr1","86236661","86236888","48","13006654"
"chr14","73233898","73234204","chr14","96539388","96539693","41","23305490"
"chr14","73235585","73235665","chr8","46091691","46091777","13","27143894"
"chr14","73274911","73275167","chrX","113402117","113402373","40","40127206"
"chr14","73317182","73317288","chr20","16652596","16652702","24","56664586"
"chr14","73353055","73353343","chr14","73187720","73188008","0","165335"
"chr14","73414737","73414879","chr7","116748829","116748964","34","43334092"
"chr14","73438248","73438577","chr14","73276052","73276373","20","162196"
"chr14","73450406","73450702","chr3","188317272","188317569","45","114866866"
"chr14","73468295","73468450","chr7","76364918","76365070","34","2896623"
"chr14","73476016","73476311","chr14","73318036","73318335","6","157980"
"chr14","73490229","73490433","chr12","8145977","8146174","28","65344252"
"chr14","73503096","73503396","chr14","73346487","73346798","14","156609"
"chr14","73504738","73505025","chr14","73348147","73348434","0","156591"
"chr14","73526078","73526251","chr14","73372036","73372209","1","154042"
"chr14","73681634","73681732","chr14","100673591","100673682","20","26991957"
"chr14","73718551","73718660","chr2B","205936995","205937106","21","132218444"
"chr14","73722131","73722432","chr14","73573733","73574039","5","148398"
"chr14","73775902","73776023","chr8","26723415","26723536","25","47052487"
"chr14","73863136","73863433","chr13","95641560","95641851","57","21778424"
"chr14","74063819","74064088","chr12","55638932","55639202","62","18424887"
"chr14","74124875","74125005","chr7","156274717","156274856","27","82149842"
"chr14","74163879","74164050","chrX","87941896","87942074","51","13778017"
"chr14","74164702","74164812","chr3","181144080","181144190","13","106979378"
"chr14","74199530","74199829","chr14","74064000","74064301","4","135530"
"chr14","74380791","74381108","chr14","74248778","74249093","3","132013"
"chr14","74413494","74413803","chr14","74282004","74282312","4","131490"
"chr14","74438874","74439170","chr14","74308404","74308706","8","130470"
"chr14","74501633","74501931","chr14","74372715","74373015","3","128918"
"chr14","74512184","74512280","chr3","181238196","181238292","24","106726012"
"chr14","74566637","74566932","chr14","74439621","74439917","1","127016"
"chr14","74567657","74567959","chr14","74440650","74440949","5","127007"
"chr14","74602749","74603044","chr4","167882463","167882760","31","93279714"
"chr14","74619397","74619685","chr14","74495240","74495533","7","124157"
"chr14","74632435","74632544","chr2B","205936995","205937106","21","131304560"
"chr14","74632655","74632958","chr7","25866404","25866702","49","48766251"
"chr14","74691127","74691424","chr14","74567029","74567327","5","124098"
"chr14","74697941","74698235","chr14","74573951","74574249","8","123990"
"chr14","74741778","74742074","chr14","74617606","74617902","0","124172"
"chr14","74749748","74749876","chr2A","32693701","32693835","23","42056047"
"chr14","74885078","74885359","chr9","33729184","33729467","29","41155894"
"chr14","74940416","74940518","chr6","159074849","159074952","21","84134433"
"chr14","74948613","74948843","chr14","74827010","74827259","22","121603"
"chr14","74950068","74950237","chr22","16225217","16225380","27","58724851"
"chr14","75012567","75012844","chr14","74887465","74887742","1","125102"
"chr14","75171052","75171348","chr2A","63086723","63087016","30","12084329"
"chr14","75285737","75286031","chr14","75163068","75163362","1","122669"
"chr14","75351083","75351382","chr8","97133271","97133568","48","21782188"
"chr14","75361328","75361627","chr14","75239465","75239769","7","121863"
"chr14","75445303","75445391","chr14","100673591","100673682","12","25228288"
"chr14","75499115","75499416","chr14","75377376","75377677","1","121739"
"chr14","75552124","75552420","chr14","75430985","75431298","19","121139"
"chr14","75700973","75701283","chr11","129191147","129191451","57","53490174"
"chr14","75806855","75807158","chr5","33131930","33132231","36","42674925"
"chr14","76217400","76217713","chr14","75736273","75736594","36","481127"
"chr14","76310890","76311154","chr14","75831967","75832231","0","478923"
"chr14","76311527","76311615","chr14","100673591","100673682","21","24362064"
"chr14","76385402","76385699","chr14","75908604","75908905","8","476798"
"chr14","76440992","76441280","chr14","75964448","75964735","2","476544"
"chr14","76504858","76505144","chr7","136078480","136078781","61","59573622"
"chr14","76505824","76505905","chr14","100673591","100673682","18","24167767"
"chr14","76611764","76612058","chr14","76139769","76140072","12","471995"
"chr14","76675488","76675793","chr14","76204293","76204603","6","471195"
"chr14","76689730","76690022","chr17","61929358","61929655","53","14760372"
"chr14","76763043","76763164","chr1","25732453","25732576","14","51030590"
"chr14","76823795","76824110","chr13","20438046","20438351","45","56385749"
"chr14","76827687","76827985","chr11","109891460","109891759","30","33063773"
"chr14","76868928","76869240","chr1","58674171","58674481","41","18194757"
"chr14","76904005","76904131","chr2B","205936995","205937106","29","129032990"
"chr14","77103762","77104068","chr14","76643152","76643465","12","460610"
"chr14","77127599","77127750","chr4","28030717","28030863","21","49096882"
"chr14","77140323","77140625","chr7","24739193","24739485","50","52401130"
"chr14","77191123","77191426","chr14","76731469","76731775","4","459654"
"chr14","77227112","77227231","chr8","26723415","26723536","28","50503697"
"chr14","77235067","77235163","chr14","100673591","100673682","14","23438524"
"chr14","77269472","77269769","chr14","76814553","76814829","23","454919"
"chr14","77272333","77272545","chr14","76817403","76817616","1","454930"
"chr14","77323893","77324107","chr14","76865959","76866174","2","457934"
"chr14","77345378","77345495","chr2B","199271339","199271453","29","121925961"
"chr14","77346652","77346955","chr14","76888847","76889151","3","457805"
"chr14","77363312","77363600","chr14","76906791","76907085","7","456521"
"chr14","77388396","77388693","chr14","76931328","76931621","8","457068"
"chr14","77403972","77404194","chr14","76947103","76947325","1","456869"
"chr14","77414014","77414270","chr14","76956237","76956494","1","457777"
"chr14","77423986","77424192","chr14","76967540","76967748","5","456446"
"chr14","77481325","77481611","chr14","77026717","77027006","3","454608"
"chr14","77490747","77491037","chr8","121900732","121901021","40","44409985"
"chr14","77494349","77494447","chr14","100673591","100673682","21","23179242"
"chr14","77500170","77500266","chr9","80389825","80389922","11","2889655"
"chr14","77527574","77527750","chr19","53465820","53465997","25","24061754"
"chr14","77545580","77545712","chr8","26723415","26723536","28","50822165"
"chr14","77558753","77558873","chr5","172392908","172393028","27","94834155"
"chr14","77605487","77605809","chr1","29191621","29191930","60","48413866"
"chr14","77763679","77763780","chr14","100673591","100673682","21","22909912"
"chr14","77794253","77794551","chr16","1609056","1609355","45","76185197"
"chr14","78017825","78018125","chr14","77564194","77564502","9","453631"
"chr14","78201428","78201591","chr14","77746491","77746662","8","454937"
"chr14","78488486","78488792","chr14","78033608","78033914","2","454878"
"chr14","78584879","78584984","chr6","159074849","159074952","16","80489970"
"chr14","78626554","78626855","chr14","78174876","78175178","4","451678"
"chr14","78754500","78754707","chr14","54397413","54397633","30","24357087"
"chr14","79037184","79037491","chr14","78592215","78592519","5","444969"
"chr14","79361348","79361650","chr14","78920407","78920696","22","440941"
"chr14","79398632","79398921","chr14","78957620","78957910","2","441012"
"chr14","79443666","79443906","chr14","79002777","79003018","3","440889"
"chr14","79489523","79489653","chr14","79048944","79049070","4","440579"
"chr14","79536197","79536507","chr14","79095963","79096273","3","440234"
"chr14","79552092","79552387","chr14","79111886","79112182","4","440206"
"chr14","79652343","79652642","chr14","79219343","79219639","8","433000"
"chr14","79655053","79655342","chr14","79222040","79222327","2","433013"
"chr14","79916498","79916794","chr14","79489117","79489417","6","427381"
"chr14","80044708","80044836","chrX","97546574","97546704","15","17501866"
"chr14","80331123","80331422","chr14","79915944","79916243","2","415179"
"chr14","80560751","80561046","chr14","80150051","80150352","22","410700"
"chr14","80670361","80670663","chr14","80256884","80257186","0","413477"
"chr14","80680417","80680559","chr2A","32693701","32693835","26","47986716"
"chr14","80762674","80762983","chr14","80349139","80349450","8","413535"
"chr14","80851065","80851361","chr3","174390710","174391003","32","93539645"
"chr14","80856760","80856786","chr1","28547144","28547162","9","52309616"
"chr14","80856841","80856958","chr10","67415924","67416049","27","13440917"
"chr14","80920233","80920315","chr5","113604153","113604232","21","32683920"
"chr14","80968945","80969232","chr14","80553542","80553830","1","415403"
"chr14","80986105","80986209","chr14","80570727","80570831","0","415378"
"chr14","81027449","81027730","chr14","80613308","80613571","35","414141"
"chr14","81055925","81056230","chr14","80642786","80643097","10","413139"
"chr14","81158572","81158882","chr14","80746202","80746511","8","412370"
"chr14","81190179","81190462","chr7","147334805","147335090","36","66144626"
"chr14","81199422","81199715","chr14","80787097","80787393","5","412325"
"chr14","81276002","81276311","chr14","80863838","80864147","2","412164"
"chr14","81284247","81284482","chr3","189561906","189562139","31","108277659"
"chr14","81408562","81408843","chr14","99637186","99637483","44","18228624"
"chr14","81943402","81943682","chrX","111219311","111219566","107","29275909"
"chr14","82007231","82007495","chr11","32779645","32779908","38","49227586"
"chr14","82335489","82335767","chr13","66791245","66791523","38","15544244"
"chr14","82511245","82511559","chr14","82125920","82126243","14","385325"
"chr14","82513571","82513877","chr14","82128263","82128568","8","385308"
"chr14","82532132","82532442","chr14","82147255","82147565","3","384877"
"chr14","82552032","82552131","chr3","181238196","181238292","17","98686164"
"chr14","82592443","82592751","chr14","82208063","82208373","5","384380"
"chr14","82696573","82696680","chr2B","142240066","142240170","29","59543493"
"chr14","82971397","82971671","chr14","82592281","82592550","5","379116"
"chr14","83024032","83024310","chr14","82645296","82645575","5","378736"
"chr14","83080808","83081093","chr14","82702964","82703249","1","377844"
"chr14","83730545","83730856","chr14","83177360","83177682","18","553185"
"chr14","83785700","83785993","chr14","83233580","83233876","10","552120"
"chr14","83863277","83863579","chr14","83311512","83311816","7","551765"
"chr14","84061137","84061395","chr14","83514228","83514522","38","546909"
"chr14","84200904","84201216","chr14","83655667","83655946","33","545237"
"chr14","84221299","84221416","chr5","172392908","172393028","26","88171609"
"chr14","84514077","84514364","chr14","83971132","83971445","27","542945"
"chr14","84555927","84556236","chr3","160512729","160513033","36","75956802"
"chr14","84661170","84661469","chr14","84116200","84116499","4","544970"
"chr14","84676688","84676990","chr14","84133006","84133312","6","543682"
"chr14","84829114","84829416","chr14","84283984","84284286","0","545130"
"chr14","85141590","85141869","chr14","84602935","84603232","19","538655"
"chr14","85238330","85238631","chr14","84699919","84700221","1","538411"
"chr14","85444941","85445232","chr14","84919187","84919487","9","525754"
"chr14","85478803","85479113","chr14","84953545","84953851","8","525258"
"chr14","85582547","85582855","chr14","85064649","85064957","7","517898"
"chr14","85687419","85687569","chr11","64963873","64964022","25","20723546"
"chr14","86039302","86039591","chr14","85518507","85518808","20","520795"
"chr14","86100984","86101159","chr5","125767094","125767277","34","39666110"
"chr14","86151790","86152077","chrX","22504803","22505098","55","63646987"
"chr14","86365072","86365376","chr14","85848381","85848685","3","516691"
"chr14","86992060","86992351","chr14","86477780","86478088","19","514280"
"chr14","87041392","87041681","chr5","59409445","59409741","45","27631947"
"chr14","87055621","87055716","chr22","33938435","33938535","21","53117186"
"chr14","87161840","87162131","chr14","86647860","86648151","2","513980"
"chr14","87171669","87171992","chr6","148351827","148352143","53","61180158"
"chr14","87194572","87194849","chr14","86681551","86681828","9","513021"
"chr14","87265180","87265403","chr14","86748721","86748944","0","516459"
"chr14","87299122","87299421","chr14","86782598","86782897","1","516524"
"chr14","87330211","87330496","chr4","188864051","188864338","59","101533840"
"chr14","87454516","87454582","chr18","13216633","13216692","16","74237883"
"chr14","87491946","87492157","chr14","86971306","86971518","2","520640"
"chr14","87531549","87531652","chr2B","142240066","142240170","26","54708517"
"chr14","87822617","87822941","chr10","26433100","26433408","54","61389517"
"chr14","87857447","87857576","chr14","87346051","87346180","0","511396"
"chr14","87955190","87955446","chr14","87448579","87448835","2","506611"
"chr14","88189242","88189538","chr14","87685471","87685767","1","503771"
"chr14","88239663","88239975","chr14","87735607","87735918","5","504056"
"chr14","88306980","88307075","chr9","80389825","80389922","18","7917155"
"chr14","88462500","88462697","chr14","87960844","87961041","5","501656"
"chr14","88503831","88504133","chr14","88005622","88005926","2","498209"
"chr14","88522246","88522535","chr10","26586323","26586610","40","61935923"
"chr14","88542555","88542842","chr14","88045796","88046083","1","496759"
"chr14","88551040","88551291","chr4","186885436","186885683","40","98334396"
"chr14","88624333","88624625","chr14","88129206","88129497","6","495127"
"chr14","88637718","88637957","chr14","66142969","66143205","35","22494749"
"chr14","88658434","88658548","chr11","116378418","116378532","15","27719984"
"chr14","88713699","88713792","chr3","181238196","181238292","22","92524497"
"chr14","88928217","88928503","chr14","88439798","88440084","2","488419"
"chr14","89022856","89023148","chr14","88533452","88533751","14","489404"
"chr14","89050300","89050395","chr3","181238196","181238292","25","92187896"
"chr14","89350150","89350446","chr14","88868094","88868399","11","482056"
"chr14","89431127","89431423","chr14","88950241","88950541","4","480886"
"chr14","89504540","89504711","chr22","22201178","22201345","27","67303362"
"chr14","89513154","89513455","chr14","89034191","89034494","5","478963"
"chr14","89557349","89557575","chr14","89078861","89079066","22","478488"
"chr14","89607042","89607346","chr14","89130456","89130763","3","476586"
"chr14","89636289","89636597","chr6","112739491","112739798","35","23103202"
"chr14","89703222","89703530","chr14","89227562","89227870","4","475660"
"chr14","89720668","89720964","chr14","89245049","89245346","2","475619"
"chr14","89774066","89774361","chr14","89299294","89299593","5","474772"
"chr14","89840017","89840325","chr14","89369263","89369584","17","470754"
"chr14","90016580","90016848","chr2B","178624361","178624643","49","88607781"
"chr14","90041643","90041897","chr8","53711968","53712226","38","36329675"
"chr14","90120498","90120659","chr1","54397545","54397708","22","35722953"
"chr14","90157024","90157156","chr1","6844228","6844361","32","83312796"
"chr14","90187630","90187929","chr14","89730836","89731137","2","456794"
"chr14","90199067","90199359","chr10","62117600","62117893","33","28081467"
"chr14","90229831","90229934","chr20","16652596","16652702","19","73577235"
"chr14","90279101","90279273","chr12","38143212","38143382","28","52135889"
"chr14","90324949","90325111","chr4","180552843","180553000","26","90227894"
"chr14","90344462","90344718","chr4","113464821","113465077","29","23120359"
"chr14","90344740","90344983","chr3","52453972","52454214","36","37890768"
"chr14","90347125","90347423","chr14","89895390","89895694","8","451735"
"chr14","90363230","90363523","chr14","89911512","89911806","1","451718"
"chr14","90370985","90371083","chr14","100673591","100673682","25","10302606"
"chr14","90430749","90431030","chr14","89982436","89982736","23","448313"
"chr14","90600498","90600790","chr14","90154986","90155280","8","445512"
"chr14","90612180","90612473","chr14","90166683","90166977","1","445497"
"chr14","90662935","90663085","chr14","90217475","90217625","1","445460"
"chr14","90676193","90676489","chr14","90232563","90232867","9","443630"
"chr14","90824097","90824227","chr14","90381959","90382089","0","442138"
"chr14","90993149","90993317","chr14","90556086","90556256","2","437063"
"chr14","91054258","91054457","chr14","90617921","90618120","1","436337"
"chr14","91174505","91174657","chr5","172387444","172387598","23","81212939"
"chr14","91410464","91410766","chr14","90973849","90974147","4","436615"
"chr14","91466897","91467030","chr14","91031610","91031745","2","435287"
"chr14","91478302","91478590","chr1","129337688","129337979","40","37859386"
"chr14","91484451","91484699","chr14","91048236","91048479","7","436215"
"chr14","91514419","91514543","chr5","139945451","139945585","31","48431032"
"chr14","91534876","91534988","chr2B","210790127","210790232","26","119255251"
"chr14","91542268","91542384","chr2B","207026815","207026935","26","115484547"
"chr14","91573769","91573783","chr1","28547144","28547162","5","63026625"
"chr14","91573847","91573995","chr14","91139191","91139340","1","434656"
"chr14","91686296","91686594","chr14","91256560","91256856","7","429736"
"chr14","91860926","91861206","chr14","91426769","91427050","4","434157"
"chr14","92011169","92011278","chr2B","205936995","205937106","25","113925826"
"chr14","92019233","92019384","chr4","113902899","113903048","20","21883666"
"chr14","92073492","92073786","chr14","91645213","91645514","9","428279"
"chr14","92081380","92081670","chr14","91653642","91653932","2","427738"
"chr14","92095944","92096334","chr11","16369483","16369803","107","75726461"
"chr14","92100465","92100734","chr14","91673762","91674031","1","426703"
"chr14","92123279","92123575","chr14","91697024","91697320","0","426255"
"chr14","92244486","92244608","chr5","5624013","5624130","23","86620473"
"chr14","92271815","92272121","chr14","91846143","91846450","5","425672"
"chr14","92291752","92292034","chr14","91866078","91866388","28","425674"
"chr14","92335175","92335489","chr7","61838951","61839266","5","30496224"
"chr14","92504261","92504560","chr14","92089831","92090134","7","414430"
"chr14","92510243","92510363","chr2B","207026815","207026935","28","114516572"
"chr14","92510587","92510807","chr14","92096277","92096499","2","414310"
"chr14","92589362","92589654","chr14","92176180","92176474","2","413182"
"chr14","92757826","92758131","chr14","92347833","92348141","5","409993"
"chr14","92780159","92780463","chr14","92374638","92374944","3","405521"
"chr14","92783463","92783754","chr14","92377947","92378238","1","405516"
"chr14","92893473","92893550","chr8","46091691","46091777","22","46801782"
"chr14","93121398","93121766","chr8","123780502","123780839","86","30659104"
"chr14","93134096","93134268","chr20","49983791","49983953","28","43150305"
"chr14","93136454","93136740","chr14","92747733","92748019","0","388721"
"chr14","93190652","93190912","chr14","92804957","92805217","1","385695"
"chr14","93222821","93223111","chr14","92835927","92836218","4","386894"
"chr14","93251986","93252275","chr5","36696397","36696688","53","56555589"
"chr14","93305197","93305490","chr14","92918679","92918974","3","386518"
"chr14","93411719","93412018","chr14","93026733","93027034","2","384986"
"chr14","93428160","93428451","chr14","93043205","93043497","2","384955"
"chr14","93717316","93717612","chr14","93330914","93331211","1","386402"
"chr14","93852930","93853237","chr14","93470338","93470638","25","382592"
"chr14","93899315","93899484","chr14","49778356","49778526","34","44120959"
"chr14","93952169","93952449","chr19","52831764","52832049","50","41120405"
"chr14","93967982","93968172","chr4","163851580","163851762","35","69883598"
"chr14","94265817","94266113","chr14","93893338","93893638","4","372479"
"chr14","94521481","94521770","chr9","37893175","37893467","62","56628306"
"chr14","94647910","94648219","chr14","94285845","94286156","8","362065"
"chr14","94695386","94695599","chr17","37707269","37707489","24","56988117"
"chr14","94697049","94697154","chr11","6110379","6110485","12","88586670"
"chr14","94765939","94766232","chr14","94403780","94404074","2","362159"
"chr14","94814505","94814661","chr7","119909730","119909884","43","25095225"
"chr14","94914378","94914544","chr14","94556539","94556700","5","357839"
"chr14","95147341","95147508","chr14","94794452","94794619","1","352889"
"chr14","95192398","95192649","chr3","139845549","139845805","32","44653151"
"chr14","95238539","95238823","chr14","94883067","94883343","9","355472"
"chr14","95471056","95471328","chr14","95126540","95126812","0","344516"
"chr14","95500702","95501003","chr14","95156312","95156616","5","344390"
"chr14","95583945","95584242","chrX","31649027","31649322","49","63934918"
"chr14","95794915","95795211","chr11","19846296","19846594","47","75948619"
"chr14","95883405","95883683","chr5","151537727","151538007","34","55654322"
"chr14","95903050","95903366","chr14","95568735","95569054","4","334315"
"chr14","96002174","96002385","chr14","95668134","95668352","7","334040"
"chr14","96121090","96121273","chr16","23781866","23782055","26","72339224"
"chr14","96248528","96248823","chr14","95919954","95920251","2","328574"
"chr14","96305245","96305534","chr8","27217963","27218254","44","69087282"
"chr14","96323291","96323576","chr12","109274804","109275098","44","12951513"
"chr14","96352075","96352373","chr14","96023935","96024234","1","328140"
"chr14","96405059","96405202","chr8","112933585","112933727","27","16528526"
"chr14","96411518","96411580","chr1","33246348","33246407","21","63165170"
"chr14","96415004","96415313","chr14","96086324","96086630","3","328680"
"chr14","96439692","96439771","chrUn_GL394969","1","77","8","96439691"
"chr14","96472064","96472338","chr14","96143022","96143296","0","329042"
"chr14","96590034","96590329","chr14","96266437","96266730","5","323597"
"chr14","96595079","96595248","chr14","96271883","96272052","2","323196"
"chr14","96744663","96744961","chr14","96431374","96431672","4","313289"
"chr14","96888877","96889168","chr14","96575792","96576088","7","313085"
"chr14","96891797","96892084","chr14","96578731","96579025","9","313066"
"chr14","96911826","96912138","chr14","96599424","96599737","5","312402"
"chr14","96971668","96971776","chr1","160944586","160944680","21","63972918"
"chr14","97906470","97906733","chr17","25629457","25629725","35","72277013"
"chr14","97967286","97967587","chr14","97675896","97676156","43","291390"
"chr14","98147813","98147987","chr5","438717","438887","27","97709096"
"chr14","98262325","98262618","chr13","95641560","95641851","41","2620765"
"chr14","98409913","98410204","chr14","98129527","98129818","1","280386"
"chr14","98438914","98439089","chr14","98158546","98158710","11","280368"
"chr14","98793484","98793769","chr15","42781749","42782034","37","56011735"
"chr14","98919563","98919728","chr7","15507240","15507400","25","83412323"
"chr14","99079382","99079551","chr14","98803796","98803965","0","275586"
"chr14","99096103","99096377","chr14","98820441","98820747","32","275662"
"chr14","99253362","99253531","chr1","181183029","181183193","34","81929667"
"chr14","99258201","99258500","chr14","98983225","98983524","0","274976"
"chr14","99564212","99564515","chr14","99294830","99295139","12","269382"
"chr14","99597946","99598213","chr20","2640212","2640465","44","96957734"
"chr14","99870450","99870736","chr7","29178187","29178477","46","70692263"
"chr14","99888857","99889162","chr14","99620143","99620448","2","268714"
"chr14","99903835","99904131","chr14","99637186","99637483","2","266649"
"chr14","99917767","99918105","chr2B","206785519","206785856","61","106867752"
"chr14","100040895","100041040","chr1","45330045","45330192","29","54710850"
"chr14","100099190","100099421","chr13","110963799","110964041","56","10864609"
"chr14","100103422","100103638","chr10","99308091","99308291","49","795331"
"chr14","100120796","100121079","chr14","99858826","99859110","3","261970"
"chr14","100128369","100128480","chr6","159074849","159074952","27","58946480"
"chr14","100170268","100170381","chr2B","207026815","207026935","27","106856547"
"chr14","100190159","100190475","chr14","99929803","99930131","22","260356"
"chr14","100197701","100197818","chr2B","199271339","199271453","27","99073638"
"chr14","100244250","100244556","chr9","87168130","87168439","38","13076120"
"chr14","100289116","100289426","chr14","100037502","100037814","5","251614"
"chr14","100451979","100452275","chr14","100202205","100202502","2","249774"
"chr14","100534576","100534819","chr14","100288043","100288286","2","246533"
"chr14","100547641","100547924","chr9","33729184","33729467","42","66818457"
"chr14","100598055","100598357","chr14","100353382","100353684","0","244673"
"chr14","100701241","100701551","chr14","100461068","100461358","26","240173"
"chr14","100827270","100827574","chr14","100587061","100587368","4","240209"
"chr14","100941905","100942204","chr14","100702562","100702861","3","239343"
"chr14","100969091","100969403","chr14","100730040","100730352","4","239051"
"chr14","102141667","102141957","chr14","101393933","101394224","3","747734"
"chr14","102208885","102209053","chr22","22201178","22201345","31","80007707"
"chr14","102399426","102399559","chr15","62181783","62181913","13","40217643"
"chr14","102399855","102400012","chr4","149843795","149843946","24","47443940"
"chr14","102425956","102426264","chr3","160512729","160513033","34","58086773"
"chr14","102474506","102474803","chr14","101735023","101735320","1","739483"
"chr14","102529099","102529402","chr12","109274804","109275098","41","6745705"
"chr14","102546729","102546978","chr1","139183841","139184089","31","36637112"
"chr14","102548079","102548224","chr1","214242319","214242461","23","111694240"
"chr14","102566415","102566510","chr22","33938435","33938535","18","68627980"
"chr14","102573932","102574210","chr22","43143911","43144188","29","59430021"
"chr14","102581720","102581837","chr5","172392908","172393028","19","69811188"
"chr14","102608983","102609312","chr14","101874365","101874676","19","734618"
"chr14","102690914","102691215","chr14","101948439","101948740","2","742475"
"chr14","102695713","102696007","chr14","101955651","101955946","3","740062"
"chr14","102699124","102699424","chr5","51681828","51682125","46","51017296"
"chr14","102722393","102722695","chr14","101983718","101984021","2","738675"
"chr14","102731076","102731374","chr5","135374256","135374544","75","32643180"
"chr14","102768128","102768429","chr14","102031281","102031584","4","736847"
"chr14","102773143","102773268","chr8","26723415","26723536","23","76049728"
"chr14","102817902","102818128","chr2A","68018325","68018546","25","34799577"
"chr14","102863324","102863623","chr20","18078632","18078928","42","84784692"
"chr14","102865854","102866026","chr14","102132285","102132464","7","733569"
"chr14","102883629","102883917","chr14","102150005","102150293","1","733624"
"chr14","102963716","102964014","chr18","13360543","13360840","45","89603173"
"chr14","102964660","102964972","chr7","150290213","150290521","36","47325553"
"chr14","102966895","102967190","chr14","102234100","102234395","3","732795"
"chr14","102998351","102998505","chr13","26988435","26988596","26","76009916"
"chr14","103004105","103004419","chr14","102270991","102271303","4","733114"
"chr14","103006297","103006497","chr1","161838143","161838343","32","58831846"
"chr14","103031433","103031535","chr22","33938435","33938535","18","69092998"
"chr14","103035085","103035245","chr9","124819514","124819670","32","21784429"
"chr14","103065704","103065857","chr12","45105124","45105279","19","57960580"
"chr14","103073954","103074063","chrX","142003094","142003208","28","38929140"
"chr14","103081119","103081418","chr14","102348766","102349068","4","732353"
"chr14","103087013","103087270","chr14","102354709","102354966","0","732304"
"chr14","103111647","103111932","chr14","102380551","102380836","0","731096"
"chr14","103120880","103121167","chr14","102389771","102390058","0","731109"
"chr14","103144036","103144262","chr14","102413775","102414002","2","730261"
"chr14","103150782","103150911","chr14","102420700","102420830","2","730082"
"chr14","103176398","103176606","chr17","54503313","54503512","52","48673085"
"chr14","103177202","103177238","chr3","48388384","48388414","15","54788818"
"chr14","103179888","103180186","chr14","102452529","102452828","3","727359"
"chr14","103224117","103224420","chr7","24731785","24732096","54","78492332"
"chr14","103251224","103251323","chr22","33938435","33938535","20","69312789"
"chr14","103291421","103291714","chr14","102561229","102561524","3","730192"
"chr14","103319381","103319683","chr14","102589756","102590059","3","729625"
"chr14","103360664","103360809","chr3","139525923","139526071","15","36165259"
"chr14","103417436","103417543","chr2B","205936995","205937106","22","102519559"
"chr14","103482744","103483044","chr14","102755573","102755876","3","727171"
"chr14","103493679","103493959","chr14","102766713","102766993","1","726966"
"chr14","103551823","103551974","chr21","20136703","20136854","15","83415120"
"chr14","103580347","103580645","chr3","48970245","48970555","56","54610102"
"chr14","103637930","103638165","chr14","102911683","102911918","2","726247"
"chr14","103679766","103680059","chr14","102952626","102952914","8","727140"
"chr14","103798821","103799111","chr11","119050176","119050462","47","15251355"
"chr14","103821883","103822190","chr14","103099835","103100141","1","722048"
"chr14","103832164","103832396","chr22","36434515","36434723","46","67397649"
"chr14","103835689","103835986","chr14","103113944","103114247","7","721745"
"chr14","103851526","103851829","chr4","17445476","17445773","63","86406050"
"chr14","103884684","103884782","chr3","101999907","102000000","17","1884777"
"chr14","103931120","103931220","chr12","12586014","12586108","20","91345106"
"chr14","103949928","103950051","chr5","172392908","172393028","24","68442980"
"chr14","104018186","104018361","chr11","116953864","116954039","28","12935678"
"chr14","104038191","104038479","chr14","103323138","103323426","0","715053"
"chr14","104041890","104042060","chr2A","112034799","112034975","26","7992909"
"chr14","104053822","104053950","chr17","11959483","11959618","29","92094339"
"chr14","104053955","104054262","chr14","103338588","103338898","5","715367"
"chr14","104077722","104078032","chr10","92602438","92602745","35","11475284"
"chr14","104086148","104086445","chr14","103374602","103374899","1","711546"
"chr14","104102037","104102234","chr14","103390998","103391195","0","711039"
"chr14","104117262","104117369","chr5","172392908","172393028","31","68275646"
"chr14","104196882","104197192","chr14","103486889","103487199","5","709993"
"chr14","104224482","104224569","chr14","100673591","100673682","18","3550891"
"chr14","104228262","104228550","chr14","103520156","103520444","1","708106"
"chr14","104257741","104258025","chr14","103546389","103546676","11","711352"
"chr14","104271891","104272193","chr1","21949805","21950110","35","82322086"
"chr14","104327551","104327631","chr8","46091691","46091777","23","58235860"
"chr14","104329933","104330231","chr14","103617316","103617614","0","712617"
"chr14","104431079","104431381","chr14","103723256","103723563","11","707823"
"chr14","104435390","104435659","chr14","103728647","103728916","2","706743"
"chr14","104440939","104441245","chr14","103734240","103734550","5","706699"
"chr14","104815474","104815699","chr14","104113285","104113511","2","702189"
"chr14","104843024","104843336","chr14","104140830","104141135","12","702194"
"chr14","105111543","105111817","chr15","29702399","29702674","34","75409144"
"chr14","105161080","105161383","chr21","4065891","4066188","34","101095189"
"chr14","105338260","105338558","chr8","45606114","45606411","44","59732146"
"chr14","105356497","105356754","chr22","43143911","43144188","53","62212586"
"chr14","105424907","105425217","chr14","104742391","104742698","9","682516"
"chr14","105436694","105436788","chr14","100673591","100673682","23","4763103"
"chr14","105461267","105461558","chr14","104776904","104777195","1","684363"
"chr14","105462757","105463060","chr14","104778386","104778697","8","684371"
"chr14","105469902","105470033","chr22","35041748","35041876","34","70428154"
"chr14","105501188","105501451","chr14","104820410","104820673","0","680778"
"chr14","105616013","105616307","chr14","104927398","104927665","37","688615"
"chr14","105690735","105691044","chr14","105004194","105004503","0","686541"
"chr14","105756089","105756226","chr14","105075852","105075990","1","680237"
"chr14","105756674","105756786","chr5","172392908","172393028","31","66636234"
"chr14","105839880","105839967","chr8","46091691","46091777","10","59748189"
"chr14","105842852","105843010","chr14","105165819","105165980","4","677033"
"chr14","105941707","105941980","chr14","105261126","105261417","19","680581"
"chr14","105966637","105966931","chr14","105285708","105286008","8","680929"
"chr14","106955903","106956212","chr14","76731469","76731775","45","30224434"
"chr14","107127718","107128026","chr9","42564584","42564888","49","64563134"
"chr14","107333446","107333554","chr3","181143385","181143493","21","73809939"
"chr15","34733936","34734236","chr15","34399441","34399743","2","334495"
"chr15","20431104","20431411","chr15","20500170","20500488","13","69066"
"chr15","20490734","20491024","chr15","20560593","20560893","11","69859"
"chr15","20544912","20545075","chr1","54397545","54397708","23","33852633"
"chr15","20557396","20557698","chr15","20626603","20626915","16","69207"
"chr15","20598171","20598462","chr15","20668760","20669051","2","70589"
"chr15","20835523","20835609","chr8","46091691","46091777","13","25256168"
"chr15","20944417","20944724","chr15","21003249","21003556","3","58832"
"chr15","21089062","21089160","chr14","100673591","100673682","26","79584529"
"chr15","21089487","21089504","chr1","28547144","28547162","6","7457657"
"chr15","21210927","21211044","chr3","181143385","181143493","28","159932458"
"chr15","21216941","21217239","chr14","63347245","63347540","61","42130304"
"chr15","21338690","21338705","chr1","28547144","28547162","8","7208454"
"chr15","21338856","21339144","chr15","21401792","21402103","25","62936"
"chr15","21482296","21482541","chr15","21546211","21546456","2","63915"
"chr15","21484361","21484642","chr15","21548277","21548557","3","63916"
"chr15","21603076","21603194","chr5","172392908","172393028","23","150789832"
"chr15","21913584","21913904","chr15","21958600","21958923","7","45016"
"chr15","21927185","21927467","chr6","42400643","42400934","41","20473458"
"chr15","22239279","22239575","chrX","35940994","35941290","35","13701715"
"chr15","22284265","22284574","chr9","87168130","87168439","34","64883865"
"chr15","22675531","22675829","chr15","22711976","22712273","5","36445"
"chr15","22807707","22807851","chr4","28030717","28030863","33","5223010"
"chr15","23000788","23001086","chr15","23038844","23039154","17","38056"
"chr15","23138706","23139007","chr15","23188027","23188331","7","49321"
"chr15","23281346","23281648","chr15","23337865","23338169","4","56519"
"chr15","23461552","23461846","chr9","91892220","91892515","67","68430668"
"chr15","23471100","23471423","chr15","23533515","23533841","7","62415"
"chr15","23664843","23665133","chr15","23730158","23730443","12","65315"
"chr15","23671718","23671825","chr15","23737036","23737140","3","65318"
"chr15","23692571","23692617","chr15","23757527","23757573","0","64956"
"chr15","23793056","23793352","chr15","23858257","23858552","14","65201"
"chr15","23844371","23844667","chr15","23910097","23910400","14","65726"
"chr15","23847001","23847311","chr15","23912742","23913051","5","65741"
"chr15","23850793","23850865","chr17","4261422","4261478","20","19589371"
"chr15","23945659","23945825","chr15","24013747","24013914","8","68088"
"chr15","24006399","24006730","chr15","24074976","24075314","25","68577"
"chr15","24049968","24050044","chr3","46579108","46579189","13","22529140"
"chr15","24191073","24191368","chr7","150409458","150409752","50","126218385"
"chr15","24195901","24196204","chr15","24272667","24272967","5","76766"
"chr15","24211490","24211803","chr15","24289586","24289899","11","78096"
"chr15","24218056","24218300","chr15","24296168","24296414","5","78112"
"chr15","24361309","24361613","chr15","24484106","24484412","11","122797"
"chr15","24439906","24440202","chr20","6736810","6737108","52","17703096"
"chr15","24461280","24461581","chr15","24586251","24586556","6","124971"
"chr15","24509080","24509379","chr6","43707069","43707370","32","19197989"
"chr15","24532751","24533052","chr15","24658651","24658952","5","125900"
"chr15","24677797","24678087","chr15","24802736","24803026","1","124939"
"chr15","24774478","24774567","chr14","100673591","100673682","17","75899113"
"chr15","25152626","25152930","chr15","25380505","25380815","6","227879"
"chr15","25172748","25173029","chr22","43143911","43144188","34","17971163"
"chr15","25420074","25420373","chr4","167882463","167882760","46","142462389"
"chr15","25434532","25434817","chr15","25668489","25668777","4","233957"
"chr15","25564269","25564582","chr15","25798150","25798468","8","233881"
"chr15","25621164","25621422","chr3","164728655","164728916","37","139107491"
"chr15","25627223","25627517","chr11","109891460","109891759","31","84264237"
"chr15","25637239","25637541","chr15","26164726","26165030","21","527487"
"chr15","25726017","25726329","chr15","25962706","25963018","5","236689"
"chr15","25739350","25739650","chr15","25976500","25976800","1","237150"
"chr15","25863952","25864089","chr15","26106773","26106910","2","242821"
"chr15","26224809","26225036","chr15","26229193","26229424","7","4384"
"chr15","26315602","26315926","chr15","26321679","26321981","28","6077"
"chr15","26326400","26326551","chr8","83736272","83736420","28","57409872"
"chr15","26420982","26421198","chr15","26429044","26429263","3","8062"
"chr15","26422890","26423138","chr2A","29503231","29503467","37","3080341"
"chr15","26481161","26481460","chr15","26496017","26496328","16","14856"
"chr15","26508275","26508576","chr15","26523885","26524185","2","15610"
"chr15","26535773","26536066","chr15","26552069","26552362","0","16296"
"chr15","26644770","26645091","chr15","26664262","26664585","5","19492"
"chr15","26663072","26663333","chr6","109529961","109530221","45","82866889"
"chr15","26670085","26670378","chr15","26692998","26693293","2","22913"
"chr15","26707862","26708076","chr15","26730770","26730997","14","22908"
"chr15","26750139","26750430","chr15","26771644","26771938","5","21505"
"chr15","26761420","26761631","chr15","26782934","26783150","8","21514"
"chr15","26914938","26915084","chr4","115885085","115885224","19","88970147"
"chr15","26930698","26930983","chr15","26964337","26964622","2","33639"
"chr15","26934420","26934723","chr15","26968059","26968362","2","33639"
"chr15","26947144","26947412","chr15","26980796","26981064","0","33652"
"chr15","26958599","26958722","chr1","6844228","6844361","27","20114371"
"chr15","26990000","26990260","chr15","27023659","27023919","0","33659"
"chr15","27120852","27121151","chr15","27156065","27156363","1","35213"
"chr15","27250926","27251057","chr7","63668252","63668381","13","36417326"
"chr15","28419753","28420073","chr2A","62983022","62983343","44","34563269"
"chr15","28485395","28485692","chr12","38890842","38891140","33","10405447"
"chr15","28662869","28663082","chr3","200711023","200711239","42","172048154"
"chr15","28663085","28663138","chr3","12945284","12945334","14","15717801"
"chr15","28844034","28844342","chr2A","63802279","63802584","31","34958245"
"chr15","28979405","28979686","chr1","15083296","15083581","34","13896109"
"chr15","29034000","29034076","chr11","8774884","8774956","21","20259116"
"chr15","29364683","29364902","chr1","26136510","26136710","47","3228173"
"chr15","29493330","29493620","chr15","28761049","28761347","26","732281"
"chr15","29526657","29526964","chr15","28796482","28796789","1","730175"
"chr15","29527582","29527887","chr15","28797407","28797716","7","730175"
"chr15","29698489","29698789","chr15","28968673","28968973","4","729816"
"chr15","30117780","30117867","chr14","100673591","100673682","16","70555811"
"chr15","30171899","30172152","chr15","29602472","29602725","2","569427"
"chr15","30213143","30213451","chr15","29644180","29644490","2","568963"
"chr15","30274142","30274447","chr15","29705197","29705502","3","568945"
"chr15","30470856","30471152","chr1","29189596","29189901","39","1281260"
"chr15","30486956","30487097","chr15","29922396","29922539","4","564560"
"chr15","30527412","30527704","chr15","29963374","29963667","3","564038"
"chr15","30537240","30537534","chr15","29973224","29973518","4","564016"
"chr15","30544944","30545233","chr15","29980950","29981260","22","563994"
"chr15","30559264","30559378","chr5","172392908","172393028","23","141833644"
"chr15","30572753","30573059","chr19","53245435","53245733","52","22672682"
"chr15","30742596","30742889","chr15","30179142","30179435","2","563454"
"chr15","30945486","30945781","chr15","30388893","30389191","4","556593"
"chr15","31016263","31016551","chr15","30460869","30461162","13","555394"
"chr15","31102441","31102661","chrX","77616848","77617066","31","46514407"
"chr15","31112104","31112402","chr15","30558736","30559036","3","553368"
"chr15","31114466","31114770","chr15","80253745","80254046","40","49139279"
"chr15","31199459","31199753","chr14","68298341","68298641","32","37098882"
"chr15","31203244","31203540","chr15","30651408","30651706","2","551836"
"chr15","31243986","31244281","chr15","30691649","30691951","8","552337"
"chr15","31244567","31244856","chr10","77237409","77237708","45","45992842"
"chr15","31269431","31269714","chr6","74351099","74351381","35","43081668"
"chr15","31334779","31334953","chr15","30785373","30785544","7","549406"
"chr15","31365701","31365760","chr4","51756017","51756071","20","20390316"
"chr15","31366021","31366040","chr1","28547144","28547162","8","2818877"
"chr15","31377674","31377969","chr15","30829496","30829795","7","548178"
"chr15","31391464","31391598","chr2A","32693701","32693835","28","1302237"
"chr15","31433413","31433720","chr15","30885940","30886244","14","547473"
"chr15","31450494","31450790","chr15","30903441","30903727","16","547053"
"chr15","31544313","31544626","chr15","30998488","30998808","11","545825"
"chr15","31662488","31662714","chr8","56603897","56604109","37","24941409"
"chr15","31690192","31690320","chr1","46484701","46484838","30","14794509"
"chr15","31698489","31698586","chr15","71901000","71901099","12","40202511"
"chr15","31800751","31801053","chr15","31436839","31437143","5","363912"
"chr15","32095995","32096270","chr15","31734853","31735130","3","361142"
"chr15","32134103","32134410","chr15","31774219","31774532","8","359884"
"chr15","32181791","32182090","chr15","31823842","31824143","6","357949"
"chr15","32198499","32198796","chr15","31840866","31841163","0","357633"
"chr15","32203326","32203618","chr15","31845704","31845999","3","357622"
"chr15","32217768","32218051","chr6","15312245","15312527","31","16905523"
"chr15","32241418","32241670","chr8","123683607","123683866","36","91442189"
"chr15","32241892","32242038","chr15","91534991","91535139","22","59293099"
"chr15","32248094","32248385","chr15","31891153","31891444","1","356941"
"chr15","32251816","32252106","chr15","31894876","31895169","5","356940"
"chr15","32324333","32324635","chr15","31968336","31968642","8","355997"
"chr15","32407913","32408220","chr6","100369154","100369466","38","67961241"
"chr15","32458475","32458766","chr15","32104785","32105076","0","353690"
"chr15","32621646","32621761","chr3","181143385","181143493","26","148521739"
"chr15","32640337","32640629","chr15","32293348","32293639","5","346989"
"chr15","32644467","32644736","chr15","32297423","32297725","34","347044"
"chr15","32771322","32771412","chr14","100673591","100673682","19","67902269"
"chr15","32807098","32807261","chr6","93769461","93769623","28","60962363"
"chr15","32822682","32822982","chr15","32473503","32473800","4","349179"
"chr15","33520221","33520519","chr19","43073971","43074268","36","9553750"
"chr15","33596347","33596654","chr15","33249593","33249903","9","346754"
"chr15","33705642","33705925","chr15","33359800","33360094","12","345842"
"chr15","33815922","33816218","chr17","49492370","49492672","55","15676448"
"chr15","33953470","33953756","chr15","33611121","33611412","6","342349"
"chr15","34092398","34092696","chr15","33750719","33751025","12","341679"
"chr15","34157954","34158251","chr15","33816390","33816689","4","341564"
"chr15","34231574","34231889","chr15","33890363","33890674","17","341211"
"chr15","34241759","34242010","chr11","115373656","115373893","44","81131897"
"chr15","34285366","34285675","chr15","33945667","33945977","7","339699"
"chr15","34961671","34961768","chr6","159074849","159074952","23","124113178"
"chr15","35293085","35293221","chr8","112933585","112933727","28","77640500"
"chr15","35355385","35355569","chr8","96063373","96063560","30","60707988"
"chr15","35373374","35373486","chr20","16652596","16652702","25","18720778"
"chr15","35379101","35379388","chr1","21064590","21064871","41","14314511"
"chr15","35622375","35622662","chr15","35290162","35290450","3","332213"
"chr15","35894986","35895293","chr6","28530764","28531075","59","7364222"
"chr15","36091530","36091840","chr3","142809803","142810102","35","106718273"
"chr15","36110652","36110963","chr15","35792147","35792447","11","318505"
"chr15","36177176","36177477","chr15","35859774","35860075","2","317402"
"chr15","36302796","36303088","chr15","35986838","35987131","5","315958"
"chr15","36320337","36320569","chr15","36004473","36004705","0","315864"
"chr15","36559578","36559869","chr15","36241529","36241826","6","318049"
"chr15","36718954","36719210","chr4","98793444","98793704","38","62074490"
"chr15","36768100","36768377","chr15","36453165","36453443","2","314935"
"chr15","36810142","36810357","chr15","36495201","36495423","7","314941"
"chr15","37124616","37124743","chr17","74741953","74742080","14","37617337"
"chr15","37170696","37170804","chr2A","62538961","62539069","30","25368265"
"chr15","37199064","37199201","chr4","28030717","28030863","29","9168347"
"chr15","37265601","37265750","chr17","57925753","57925896","28","20660152"
"chr15","37279493","37279803","chr15","36966649","36966959","1","312844"
"chr15","37376384","37376498","chr20","16652596","16652702","26","20723788"
"chr15","37569944","37570006","chr14","72249896","72249960","11","34679952"
"chr15","37570245","37570549","chr15","37262458","37262762","3","307787"
"chr15","37590672","37590951","chr17","47706839","47707118","32","10116167"
"chr15","37608475","37608603","chr2A","32693701","32693835","22","4914774"
"chr15","37701108","37701405","chr15","37396443","37396742","2","304665"
"chr15","37714370","37714668","chr15","37409977","37410285","10","304393"
"chr15","37721596","37721646","chr10","109823094","109823152","16","72101498"
"chr15","37782081","37782396","chr15","37478519","37478831","5","303562"
"chr15","37784152","37784451","chr5","60225819","60226111","37","22441667"
"chr15","37842147","37842319","chr3","62158483","62158648","29","24316336"
"chr15","37854374","37854667","chr15","37554766","37555059","2","299608"
"chr15","37870555","37870862","chr8","80105971","80106276","36","42235416"
"chr15","37886770","37887075","chr19","62223617","62223928","32","24336847"
"chr15","37889393","37889487","chr10","132095650","132095743","10","94206257"
"chr15","37954299","37954411","chr20","16652596","16652702","25","21301703"
"chr15","37971866","37972149","chr10","26586323","26586610","51","11385543"
"chr15","38180581","38180709","chr14","102420700","102420830","25","64240119"
"chr15","38186479","38186777","chr15","37899112","37899410","0","287367"
"chr15","38190153","38190451","chr15","37902788","37903088","4","287365"
"chr15","38277020","38277173","chr18","11048335","11048487","22","27228685"
"chr15","38293016","38293299","chr15","38007833","38008123","7","285183"
"chr15","38311889","38311993","chr2B","205936995","205937106","24","167625106"
"chr15","38345589","38345702","chr10","85846154","85846274","31","47500565"
"chr15","38348432","38348524","chr13","24059413","24059502","18","14289019"
"chr15","38357738","38357953","chrX","136819345","136819570","60","98461607"
"chr15","38370945","38371114","chr15","38088216","38088387","3","282729"
"chr15","38380070","38380286","chr3","46049500","46049723","33","7669430"
"chr15","38382407","38382564","chr2B","115785601","115785762","21","77403194"
"chr15","38385413","38385547","chr4","84675478","84675615","25","46290065"
"chr15","38389717","38390014","chr15","38109213","38109520","13","280504"
"chr15","38406043","38406341","chr1","201992480","201992772","43","163586437"
"chr15","38435798","38435884","chr14","100673591","100673682","21","62237793"
"chr15","38448187","38448336","chr10","92530394","92530537","31","54082207"
"chr15","38478690","38478819","chr1","94593523","94593653","15","56114833"
"chr15","38547425","38547545","chr7","112797358","112797487","31","74249933"
"chr15","38554889","38555088","chr19","59835717","59835926","51","21280828"
"chr15","38566989","38567121","chr16","73743066","73743197","33","35176077"
"chr15","38571178","38571285","chr2A","62538961","62539069","23","23967783"
"chr15","38608120","38608439","chr15","38331803","38332115","9","276317"
"chr15","38614416","38614707","chr15","38338322","38338626","16","276094"
"chr15","38615698","38616004","chr12","26232639","26232947","44","12383059"
"chr15","38617661","38617959","chr15","38341816","38342116","6","275845"
"chr15","38617997","38618121","chr8","26723415","26723536","19","11894582"
"chr15","38622698","38622907","chr19","52228913","52229122","31","13606215"
"chr15","38639979","38640254","chr15","38366707","38366982","2","273272"
"chr15","38643099","38643271","chr4","84146256","84146422","34","45503157"
"chr15","38682352","38682648","chr1","10104013","10104308","37","28578339"
"chr15","38706539","38706845","chr1","212393560","212393864","42","173687021"
"chr15","38720189","38720491","chr15","38451040","38451342","1","269149"
"chr15","38803383","38803489","chr2B","205936995","205937106","27","167133612"
"chr15","38807685","38807979","chr10","71267219","71267520","41","32459534"
"chr15","38826102","38826192","chr3","181238196","181238292","25","142412094"
"chr15","38857973","38858285","chr15","38600873","38601182","9","257100"
"chr15","38858523","38858834","chr15","38601421","38601732","1","257102"
"chr15","38898744","38899037","chr10","8764291","8764586","46","30134453"
"chr15","38923150","38923429","chr15","38667228","38667508","2","255922"
"chr15","39000483","39000738","chr4","113464821","113465077","38","74464338"
"chr15","39063420","39063524","chr6","159074849","159074952","17","120011429"
"chr15","39117712","39117909","chr10","106131610","106131802","29","67013898"
"chr15","39290023","39290326","chr15","39113443","39113750","9","176580"
"chr15","39348142","39348448","chr15","39173515","39173821","1","174627"
"chr15","39421002","39421299","chr15","39251955","39252252","1","169047"
"chr15","39496976","39497163","chr3","186703292","186703469","36","147206316"
"chr15","39599942","39600248","chr15","39477035","39477341","6","122907"
"chr15","39658630","39658927","chr15","39535864","39536161","1","122766"
"chr15","39672787","39672883","chr14","100673591","100673682","16","61000804"
"chr15","39683510","39683588","chr3","122317918","122317994","7","82634408"
"chr15","39752655","39752757","chr20","16652596","16652702","20","23100059"
"chr15","39763800","39764094","chr1","78316338","78316631","43","38552538"
"chr15","39816507","39816805","chr15","39699199","39699496","2","117308"
"chr15","39818139","39818461","chr6","158281812","158282133","44","118463673"
"chr15","39822541","39822789","chr15","39705774","39706022","3","116767"
"chr15","39840761","39841036","chr18","31765267","31765550","48","8075494"
"chr15","39904034","39904213","chr20","47440272","47440448","26","7536238"
"chr15","39904519","39904652","chr14","73625271","73625402","17","33720752"
"chr15","39913191","39913413","chr6","36939782","36940007","40","2973409"
"chr15","39929879","39930124","chr15","39819044","39819289","0","110835"
"chr15","39967920","39968050","chr9","122440275","122440408","27","82472355"
"chr15","39984554","39984857","chr15","39875587","39875863","30","108967"
"chr15","40061641","40061925","chr5","141224582","141224857","47","101162941"
"chr15","40067895","40068038","chr17","82138916","82139067","23","42071021"
"chr15","40075754","40075855","chr20","16652596","16652702","21","23423158"
"chr15","40076323","40076574","chr15","39967477","39967767","39","108846"
"chr15","40081445","40081743","chr15","39972640","39972948","12","108805"
"chr15","40115708","40116002","chr15","40007284","40007582","7","108424"
"chr15","40124397","40124693","chr15","40016048","40016344","3","108349"
"chr15","40134809","40135104","chr15","40026189","40026484","2","108620"
"chr15","40148249","40148333","chr6","70871310","70871379","24","30723061"
"chr15","40158546","40158854","chr15","40050787","40051095","2","107759"
"chr15","40164357","40164672","chr15","40056606","40056923","2","107751"
"chr15","40204674","40204841","chr13","26988435","26988596","26","13216239"
"chr15","40209876","40210179","chr3","156601134","156601441","44","116391258"
"chr15","40227187","40227369","chr1","16983479","16983657","36","23243708"
"chr15","40339205","40339500","chr15","40235823","40236118","0","103382"
"chr15","40388696","40389022","chr15","40285832","40286142","16","102864"
"chr15","40390403","40390723","chr15","40288385","40288698","12","102018"
"chr15","40401115","40401298","chr15","40299121","40299305","1","101994"
"chr15","40550750","40551053","chr16","71100057","71100358","40","30549307"
"chr15","40569772","40570051","chr15","40470932","40471211","0","98840"
"chr15","40573578","40573715","chr4","84675478","84675615","32","44101900"
"chr15","40598191","40598398","chr2A","71010109","71010318","40","30411918"
"chr15","40601704","40601830","chr12","93126526","93126644","32","52524822"
"chr15","40653278","40653582","chr15","40553621","40553930","9","99657"
"chr15","40664119","40664375","chr18","16527253","16527510","38","24136866"
"chr15","40667231","40667528","chr15","40568492","40568810","21","98739"
"chr15","40671500","40671811","chr15","40572497","40572808","1","99003"
"chr15","40750098","40750296","chr1","26136510","26136710","34","14613588"
"chr15","40778065","40778367","chr15","40759518","40759815","9","18547"
"chr15","40790074","40790381","chr15","40766955","40767263","15","23119"
"chr15","40827683","40827970","chr12","109503944","109504236","43","68676261"
"chr15","40834792","40835074","chr15","40896334","40896652","40","61542"
"chr15","40842275","40842483","chr22","36434515","36434723","31","4407760"
"chr15","40950849","40951141","chr15","41013658","41013953","5","62809"
"chr15","41073940","41074240","chr15","41136121","41136423","2","62181"
"chr15","41131767","41131895","chr2B","205936995","205937106","33","164805228"
"chr15","41181644","41181763","chr7","112797358","112797487","23","71615714"
"chr15","41233635","41233934","chr7","21867523","21867823","42","19366112"
"chr15","41265215","41265412","chr4","155593656","155593849","45","114328441"
"chr15","41278977","41279106","chr21","2516680","2516816","18","38762297"
"chr15","41286762","41287017","chr15","41353202","41353458","3","66440"
"chr15","41288141","41288452","chr15","41354579","41354890","7","66438"
"chr15","41290693","41291017","chr15","41357798","41358118","5","67105"
"chr15","41297658","41297807","chr18","13921194","13921341","32","27376464"
"chr15","41311724","41312010","chr12","123568876","123569163","2","82257152"
"chr15","41407986","41408277","chr11","81612582","81612877","33","40204596"
"chr15","41416915","41417074","chr15","41404199","41404358","0","12716"
"chr15","41425248","41425532","chr15","41413216","41413519","22","12032"
"chr15","41447250","41447440","chr9","125039330","125039513","41","83592080"
"chr15","41464668","41464966","chr15","41456035","41456334","1","8633"
"chr15","41496745","41496834","chr6","66580540","66580629","9","25083795"
"chr15","41500694","41500998","chr8","125462497","125462805","42","83961803"
"chr15","41505622","41505745","chr13","24060062","24060188","21","17445560"
"chr15","41505943","41506239","chr15","41498829","41499125","1","7114"
"chr15","41509979","41510141","chr8","27153241","27153406","25","14356738"
"chr15","41518940","41519055","chr2B","205936995","205937106","21","164418055"
"chr15","41520894","41521007","chr3","181143385","181143493","27","139622491"
"chr15","41550657","41550952","chr15","41545187","41545496","16","5470"
"chr15","41571032","41571321","chr15","41566347","41566636","3","4685"
"chr15","41672897","41673190","chr15","41672586","41672886","8","311"
"chr15","41689025","41689198","chr19","59940840","59941010","58","18251815"
"chr15","41692452","41692747","chr15","41692756","41693053","6","304"
"chr15","41715112","41715416","chr15","41715261","41715566","1","149"
"chr15","41719446","41719757","chr6","138446760","138447068","29","96727314"
"chr15","41752576","41752885","chr15","41753800","41754107","3","1224"
"chr15","41783399","41783701","chr15","41786237","41786538","3","2838"
"chr15","41803998","41804168","chr22","16225217","16225380","29","25578781"
"chr15","41847629","41847935","chr8","96000902","96001205","32","54153273"
"chr15","41849330","41849620","chr15","41853468","41853757","3","4138"
"chr15","41890832","41891045","chr15","41899585","41899832","34","8753"
"chr15","42193253","42193471","chr17","19789889","19790112","33","22403364"
"chr15","42384633","42384941","chr15","42231312","42231620","1","153321"
"chr15","42456193","42456500","chr1","26868511","26868811","39","15587682"
"chr15","42500954","42501160","chr15","42347657","42347866","3","153297"
"chr15","42508056","42508186","chr3","282574","282715","28","42225482"
"chr15","42585497","42585797","chr15","42456992","42457293","2","128505"
"chr15","42626338","42626653","chr15","42497015","42497330","1","129323"
"chr15","42649217","42649515","chr15","42519991","42520293","6","129226"
"chr15","42683360","42683667","chr15","42555066","42555378","6","128294"
"chr15","42708578","42708862","chr15","42580522","42580806","0","128056"
"chr15","42792726","42792836","chr7","112797358","112797487","27","70004632"
"chr15","42821938","42822056","chr2B","199271339","199271453","26","156449401"
"chr15","42861288","42861385","chr3","181238196","181238292","21","138376908"
"chr15","42883892","42884184","chr15","42759310","42759602","2","124582"
"chr15","42887111","42887385","chr15","42762081","42762355","0","125030"
"chr15","42905899","42906184","chr15","42781749","42782034","2","124150"
"chr15","42923911","42924031","chr5","172392908","172393028","38","129468997"
"chr15","42925307","42925365","chr4","51756017","51756071","12","8830710"
"chr15","42926087","42926367","chr1","145446044","145446308","67","102519957"
"chr15","42929407","42929705","chr5","174026093","174026390","30","131096686"
"chr15","42941376","42941680","chr2B","230299034","230299343","33","187357658"
"chr15","42951991","42952297","chrX","30868354","30868656","43","12083637"
"chr15","42970613","42970786","chr15","72703713","72703890","31","29733100"
"chr15","42993176","42993463","chr15","42866604","42866900","18","126572"
"chr15","43121193","43121487","chr15","42997171","42997469","8","124022"
"chr15","43163480","43163772","chr7","23770296","23770581","37","19393184"
"chr15","43576500","43576790","chr15","43466024","43466315","1","110476"
"chr15","44073019","44073330","chr15","43964846","43965162","8","108173"
"chr15","44091153","44091436","chr15","43983026","43983309","3","108127"
"chr15","44104539","44104649","chr1","32214152","32214279","34","11890387"
"chr15","44323565","44323872","chr15","44216464","44216772","2","107101"
"chr15","44702095","44702198","chr20","16652596","16652702","25","28049499"
"chr15","44803335","44803632","chr15","44702160","44702452","10","101175"
"chr15","45269659","45269954","chr4","154625769","154626064","30","109356110"
"chr15","45459920","45460224","chr15","45365798","45366104","5","94122"
"chr15","45566202","45566480","chr1","20038151","20038448","60","25528051"
"chr15","45624564","45624861","chr15","45533382","45533688","10","91182"
"chr15","45633495","45633659","chr4","40065116","40065274","30","5568379"
"chr15","45974408","45974716","chr15","45886167","45886475","0","88241"
"chr15","46099370","46099630","chr15","46011295","46011562","7","88075"
"chr15","46420770","46421034","chr15","46336184","46336424","25","84586"
"chr15","46464941","46465247","chr15","46381124","46381441","13","83817"
"chr15","46568588","46568883","chr15","46490616","46490913","3","77972"
"chr15","46870767","46871007","chr1","133559191","133559430","35","86688424"
"chr15","47115385","47115679","chr15","47038465","47038760","1","76920"
"chr15","47217131","47217438","chr15","47142150","47142452","5","74981"
"chr15","47342294","47342600","chr4","59255624","59255928","43","11913330"
"chr15","47520353","47520527","chr15","47446906","47447082","9","73447"
"chr15","47528666","47528964","chr15","47455235","47455537","8","73431"
"chr15","47568095","47568340","chr17","81370742","81370983","37","33802647"
"chr15","47573162","47573460","chr15","47498292","47498601","12","74870"
"chr15","47574056","47574190","chr1","31599209","31599335","24","15974847"
"chr15","47574494","47574643","chr11","25729792","25729944","31","21844702"
"chr15","47592515","47592822","chr15","47520492","47520798","1","72023"
"chr15","47679603","47679780","chr15","47621477","47621654","0","58126"
"chr15","47698529","47698806","chr15","47640451","47640731","3","58078"
"chr15","47702780","47702944","chr1","54397545","54397708","28","6694765"
"chr15","47703035","47703335","chr15","47644968","47645268","2","58067"
"chr15","47705154","47705283","chrUn_GL394737","20401","20541","28","47684753"
"chr15","47718430","47718729","chr15","47660361","47660669","10","58069"
"chr15","47718905","47719202","chr3","109317702","109318004","34","61598797"
"chr15","47746746","47747036","chr15","47673615","47673919","17","73131"
"chr15","47793973","47794269","chr15","47722918","47723222","10","71055"
"chr15","47889311","47889587","chr15","47819574","47819851","1","69737"
"chr15","47897806","47897903","chr3","181238196","181238292","20","133340390"
"chr15","47951410","47951600","chr15","47882714","47882904","0","68696"
"chr15","47990999","47991309","chr15","47925434","47925747","13","65565"
"chr15","48030292","48030576","chr15","47965599","47965883","2","64693"
"chr15","48061507","48061541","chr3","48388384","48388414","15","326877"
"chr15","48062838","48062931","chr3","181238196","181238292","25","133175358"
"chr15","48079468","48079768","chr15","48014291","48014591","1","65177"
"chr15","48093986","48094284","chr15","48028956","48029245","12","65030"
"chr15","48139338","48139638","chr15","48075365","48075666","4","63973"
"chr15","48192328","48192490","chr2A","33127638","33127799","24","15064690"
"chr15","48192788","48192922","chr1","31310870","31311004","25","16881918"
"chr15","48212285","48212571","chr5","145595777","145596061","41","97383492"
"chr15","48295343","48295455","chr2B","199271339","199271453","19","150975996"
"chr15","48397531","48397852","chr15","48340676","48340997","6","56855"
"chr15","48551255","48551536","chr15","48498048","48498329","3","53207"
"chr15","48639230","48639408","chr16","52094006","52094177","32","3454776"
"chr15","48810020","48810327","chr15","48760109","48760418","3","49911"
"chr15","48837749","48838045","chr15","48787866","48788163","3","49883"
"chr15","48910184","48910337","chr4","143756620","143756779","21","94846436"
"chr15","49048011","49048190","chr4","84946316","84946498","23","35898305"
"chr15","49092708","49092966","chr15","49048687","49048945","0","44021"
"chr15","49210085","49210374","chr15","49167907","49168204","10","42178"
"chr15","49210406","49210696","chr15","49168205","49168497","11","42201"
"chr15","49239315","49239566","chr10","47127407","47127651","45","2111908"
"chr15","49368988","49369117","chr15","49332724","49332853","0","36264"
"chr15","49372049","49372125","chr14","100673591","100673682","28","51301542"
"chr15","49445947","49445978","chr11","22503505","22503536","17","26942442"
"chr15","49657039","49657342","chr5","36472948","36473248","45","13184091"
"chr15","49709929","49710194","chr15","49684867","49685134","4","25062"
"chr15","49763726","49764029","chr15","49741106","49741409","3","22620"
"chr15","49802359","49802674","chr15","49779809","49780126","8","22550"
"chr15","49802802","49803115","chr15","49780269","49780582","7","22533"
"chr15","49978177","49978253","chr11","8774884","8774956","21","41203293"
"chr15","50076503","50076807","chr15","50057013","50057311","21","19490"
"chr15","50129328","50129626","chr15","50116909","50117214","8","12419"
"chr15","50233350","50233654","chr15","50220946","50221248","4","12404"
"chr15","50298908","50299208","chr15","50285803","50286106","3","13105"
"chr15","50614974","50615279","chr15","50603068","50603377","5","11906"
"chr15","50699735","50700043","chr15","50683289","50683613","28","16446"
"chr15","50748420","50748581","chr1","45049966","45050124","26","5698454"
"chr15","50912685","50912984","chr15","50904152","50904457","8","8533"
"chr15","51281529","51281843","chr15","51285507","51285815","10","3978"
"chr15","51385538","51385822","chr15","51388834","51389116","5","3296"
"chr15","51673488","51673638","chr15","51682365","51682515","4","8877"
"chr15","51764833","51765059","chr15","51774752","51774982","6","9919"
"chr15","51940919","51941049","chr7","63668252","63668381","12","11727333"
"chr15","52088695","52088986","chr15","52097280","52097571","2","8585"
"chr15","52165872","52166033","chr15","52174445","52174610","8","8573"
"chr15","52356322","52356623","chr15","52364136","52364441","6","7814"
"chr15","52580284","52580327","chr15","23757527","23757573","12","28822757"
"chr15","52610939","52611246","chr5","13968212","13968518","41","38642727"
"chr15","52672967","52673097","chr3","27869019","27869149","16","24803948"
"chr15","52673412","52673710","chr15","52685730","52686028","4","12318"
"chr15","52688897","52689187","chr15","52701277","52701571","6","12380"
"chr15","52729692","52729817","chr8","26723415","26723536","23","26006277"
"chr15","52746241","52746450","chr15","52759152","52759359","3","12911"
"chr15","52864639","52864936","chr15","52878688","52878986","3","14049"
"chr15","52984627","52984719","chr14","100673591","100673682","18","47688964"
"chr15","53001822","53002125","chr15","53019340","53019647","5","17518"
"chr15","53009021","53009177","chr1","7597578","7597742","32","45411443"
"chr15","53016624","53016930","chr14","73573733","73574039","35","20557109"
"chr15","53019711","53019844","chr2A","32693701","32693835","30","20326010"
"chr15","53020733","53021031","chr15","53038315","53038613","0","17582"
"chr15","53038967","53039268","chr8","33934520","33934817","42","19104447"
"chr15","53103992","53104157","chr11","43973183","43973348","18","9130809"
"chr15","53142912","53143101","chr8","78602832","78603015","31","25459920"
"chr15","53145936","53146098","chr15","53167636","53167801","4","21700"
"chr15","53290332","53290460","chr2B","206569931","206570069","25","153279599"
"chr15","53296769","53297050","chr15","53319808","53320090","5","23039"
"chr15","53402688","53403000","chr2B","227649961","227650269","38","174247273"
"chr15","53523046","53523350","chr15","53552612","53552916","0","29566"
"chr15","53550151","53550346","chr10","116873459","116873650","28","63323308"
"chr15","53733853","53734149","chr15","53765875","53766170","2","32022"
"chr15","53908246","53908525","chr15","53942219","53942501","3","33973"
"chr15","54034383","54034689","chr15","54069282","54069591","3","34899"
"chr15","54109191","54109320","chr16","73743066","73743197","33","19633875"
"chr15","54133052","54133316","chr15","54171570","54171836","2","38518"
"chr15","54149393","54149695","chr15","54188527","54188829","2","39134"
"chr15","54158626","54158854","chr15","54197759","54197988","1","39133"
"chr15","54173091","54173199","chr2B","210790127","210790232","23","156617036"
"chr15","54220303","54220383","chr8","46091691","46091777","19","8128612"
"chr15","54324527","54324629","chr11","20358123","20358224","16","33966404"
"chr15","54386735","54386908","chr8","83530037","83530217","29","29143302"
"chr15","54405528","54405622","chr14","100673591","100673682","25","46268063"
"chr15","54405623","54405661","chr2A","48506210","48506246","10","5899413"
"chr15","54408012","54408313","chr15","54450664","54450965","1","42652"
"chr15","54426656","54426960","chr1","52422931","52423234","58","2003725"
"chr15","54460773","54461107","chr15","54503677","54504011","0","42904"
"chr15","54488236","54488335","chr1","160944586","160944680","21","106456350"
"chr15","54642638","54642924","chr15","54688199","54688465","21","45561"
"chr15","54666331","54666575","chr15","54712880","54713124","2","46549"
"chr15","54994989","54995063","chr18","13216633","13216692","20","41778356"
"chr15","55272421","55272685","chr15","55331097","55331361","0","58676"
"chr15","55335905","55336002","chr22","33938435","33938535","12","21397470"
"chr15","55451732","55452034","chr3","42632617","42632918","39","12819115"
"chr15","55632141","55632411","chr3","136516414","136516691","56","80884273"
"chr15","55649547","55649678","chr4","89635842","89635967","30","33986295"
"chr15","55677011","55677317","chr15","55739985","55740297","9","62974"
"chr15","55692873","55693180","chr15","55755845","55756159","13","62972"
"chr15","55967026","55967315","chr15","56032950","56033239","1","65924"
"chr15","56046274","56046528","chr15","56113035","56113291","4","66761"
"chr15","56069928","56070228","chr4","123858907","123859214","50","67788979"
"chr15","56105229","56105560","chr18","4141212","4141521","53","51964017"
"chr15","56124400","56124574","chr3","48545255","48545427","36","7579145"
"chr15","56133094","56133381","chr15","56199824","56200119","12","66730"
"chr15","56133588","56133859","chr15","56200275","56200549","5","66687"
"chr15","56135243","56135536","chr15","56201933","56202227","1","66690"
"chr15","56144603","56144719","chr3","193943817","193943934","22","137799214"
"chr15","56149524","56149812","chr15","56217522","56217816","12","67998"
"chr15","56156143","56156393","chr15","56224154","56224397","24","68011"
"chr15","56189022","56189322","chr15","56258638","56258941","4","69616"
"chr15","56241655","56241966","chr6","43427964","43428277","55","12813691"
"chr15","56250785","56251082","chr15","56322535","56322830","7","71750"
"chr15","56268727","56269028","chr15","56340911","56341214","4","72184"
"chr15","56320915","56321193","chr15","56394233","56394541","30","73318"
"chr15","56331509","56331801","chr15","56405021","56405313","2","73512"
"chr15","56345664","56345804","chr2A","32693701","32693835","24","23651963"
"chr15","56468478","56468598","chr15","56540733","56540852","1","72255"
"chr15","56475993","56476308","chr3","122809189","122809500","50","66333196"
"chr15","56505960","56506242","chr15","56578550","56578832","0","72590"
"chr15","56580659","56580805","chr1","20767343","20767488","28","35813316"
"chr15","56582439","56582746","chr15","56656049","56656356","3","73610"
"chr15","56645205","56645503","chr19","47176034","47176335","25","9469171"
"chr15","56686860","56687159","chr10","56611456","56611755","46","75404"
"chr15","56707698","56707804","chr20","16652596","16652702","25","40055102"
"chr15","56850128","56850419","chr15","56929975","56930266","2","79847"
"chr15","56947679","56947964","chr15","57027667","57027954","3","79988"
"chr15","56978983","56979268","chr2A","72126431","72126725","38","15147448"
"chr15","57079475","57079771","chr1","129934008","129934308","37","72854533"
"chr15","57298820","57299115","chr15","57389212","57389507","2","90392"
"chr15","57387256","57387564","chr15","57477695","57478005","7","90439"
"chr15","57677158","57677459","chr15","57777664","57777967","3","100506"
"chr15","57698078","57698383","chr15","57799292","57799598","8","101214"
"chr15","57714539","57714850","chr15","57816665","57816977","1","102126"
"chr15","57958477","57958774","chr15","58065556","58065853","2","107079"
"chr15","58388980","58389164","chr4","26666455","26666626","36","31722525"
"chr15","58470974","58471274","chr15","58587679","58587983","7","116705"
"chr15","58491974","58492278","chr15","58610818","58611112","11","118844"
"chr15","58568221","58568518","chr15","58689369","58689669","7","121148"
"chr15","58596347","58596650","chr14","84133006","84133312","36","25536659"
"chr15","58681114","58681428","chr1","214406077","214406389","66","155724963"
"chr15","58805692","58805980","chr15","58929715","58930006","6","124023"
"chr15","58934884","58935177","chr15","59058835","59059145","19","123951"
"chr15","59118305","59118622","chr15","59248498","59248818","5","130193"
"chr15","59219128","59219431","chr6","140702302","140702599","44","81483174"
"chr15","59306420","59306729","chr3","5045433","5045734","43","54260987"
"chr15","59330866","59331166","chr15","59463312","59463622","11","132446"
"chr15","59337441","59337740","chr15","59469901","59470208","21","132460"
"chr15","59474877","59475094","chr14","19786423","19786634","36","39688454"
"chr15","59544904","59544986","chr11","8774884","8774956","18","50770020"
"chr15","59581122","59581179","chr18","17282170","17282223","14","42298952"
"chr15","59614829","59614924","chr12","12586014","12586108","21","47028815"
"chr15","59617990","59618270","chr15","59759624","59759907","3","141634"
"chr15","59706940","59707266","chr4","191694534","191694859","59","131987594"
"chr15","59729415","59729712","chr1","109563293","109563591","34","49833878"
"chr15","59749911","59750221","chr15","59893029","59893339","6","143118"
"chr15","59922230","59922522","chr15","60068678","60068970","1","146448"
"chr15","60116901","60117196","chr15","60266056","60266353","3","149155"
"chr15","60230332","60230633","chr15","60379676","60379952","26","149344"
"chr15","60237413","60237689","chr15","60386739","60387019","6","149326"
"chr15","60392881","60393185","chr15","60546285","60546589","0","153404"
"chr15","60459396","60459690","chr3","46861662","46861957","43","13597734"
"chr15","60514960","60515263","chr15","60669147","60669450","3","154187"
"chr15","60566736","60566844","chr20","16652596","16652702","25","43914140"
"chr15","60598118","60598408","chr19","53138574","53138867","38","7459544"
"chr15","60718184","60718472","chr15","60879738","60880026","3","161554"
"chr15","60797624","60797777","chr16","32052089","32052241","29","28745535"
"chr15","60806279","60806585","chr15","60960436","60960743","2","154157"
"chr15","60867310","60867598","chr15","61020865","61021153","0","153555"
"chr15","60885749","60886064","chr4","15348945","15349255","44","45536804"
"chr15","60904780","60905072","chr15","61059069","61059362","2","154289"
"chr15","60934590","60934773","chrX","78294453","78294634","37","17359863"
"chr15","60953830","60954140","chr15","61108343","61108648","6","154513"
"chr15","61119854","61120162","chr6","36186788","36187095","52","24933066"
"chr15","61224761","61225073","chr15","61383533","61383845","0","158772"
"chr15","61278020","61278104","chr15","68008805","68008888","12","6730785"
"chr15","61301550","61301712","chr7","15507240","15507400","28","45794310"
"chr15","61308303","61308518","chr15","61468254","61468469","1","159951"
"chr15","61325015","61325309","chr15","61484977","61485271","1","159962"
"chr15","61330326","61330619","chr15","61490280","61490574","2","159954"
"chr15","61353623","61353800","chr8","96096873","96097038","40","34743250"
"chr15","61362170","61362335","chr18","16129447","16129614","24","45232723"
"chr15","61430586","61430888","chr15","61592445","61592747","1","161859"
"chr15","61488116","61488259","chr1","214242319","214242461","22","152754203"
"chr15","61498158","61498461","chr15","61662460","61662764","1","164302"
"chr15","61585662","61585866","chr17","48099323","48099529","31","13486339"
"chr15","61591946","61592255","chr15","61760730","61761039","2","168784"
"chr15","61633997","61634309","chr15","61805983","61806294","6","171986"
"chr15","61670027","61670328","chr10","115442313","115442611","29","53772286"
"chr15","61671781","61672012","chr15","61842173","61842406","2","170392"
"chr15","61673622","61673915","chr15","61844026","61844315","4","170404"
"chr15","61674691","61674772","chr3","46579108","46579189","12","15095583"
"chr15","61675300","61675595","chr19","22711946","22712256","43","38963354"
"chr15","61686721","61686972","chr15","61858311","61858562","0","171590"
"chr15","61710869","61711063","chr12","8145977","8146174","33","53564892"
"chr15","61723127","61723402","chr6","75983448","75983731","54","14260321"
"chr15","61761601","61761905","chr15","61937484","61937790","3","175883"
"chr15","61796758","61796926","chr15","61976131","61976299","0","179373"
"chr15","61828001","61828296","chr15","62008974","62009269","1","180973"
"chr15","61831660","61831785","chr1","27773718","27773848","18","34057942"
"chr15","61845064","61845356","chr15","62026494","62026786","1","181430"
"chr15","61884527","61884836","chr15","62066581","62066890","0","182054"
"chr15","61888121","61888418","chr15","62070279","62070585","15","182158"
"chr15","61931793","61931898","chr20","16652596","16652702","17","45279197"
"chr15","61939812","61940104","chr15","62124611","62124902","2","184799"
"chr15","61941850","61942175","chr5","95875778","95876087","50","33933928"
"chr15","61946606","61946709","chr20","16652596","16652702","21","45294010"
"chr15","61964506","61964600","chr17","74283568","74283659","20","12319062"
"chr15","61964599","61964682","chr14","100673591","100673682","20","38708992"
"chr15","61999908","62000000","chr12","31242059","31242152","11","30757849"
"chr15","62024411","62024615","chr17","61531317","61531518","34","493094"
"chr15","62025330","62025593","chr15","62215574","62215837","3","190244"
"chr15","62061430","62061728","chr15","62253062","62253360","2","191632"
"chr15","62061739","62062026","chr15","62253371","62253659","1","191632"
"chr15","62147984","62148154","chr6","37299122","37299292","23","24848862"
"chr15","62162703","62163011","chr15","62361981","62362289","6","199278"
"chr15","62199708","62199990","chr15","62399117","62399421","23","199409"
"chr15","62205089","62205387","chr15","62404789","62405087","1","199700"
"chr15","62205934","62206225","chr15","62405613","62405909","7","199679"
"chr15","62246161","62246448","chr15","62448742","62449034","5","202581"
"chr15","62315774","62315974","chr17","47292313","47292513","34","15023461"
"chr15","62330508","62330710","chr15","62534488","62534690","1","203980"
"chr15","62362565","62362867","chr14","76731469","76731775","48","14368904"
"chr15","62367778","62367936","chr1","199307737","199307884","40","136939959"
"chr15","62368676","62368786","chr5","172392908","172393028","28","110024232"
"chr15","62373712","62374006","chr15","62582133","62582427","0","208421"
"chr15","62464758","62465068","chr19","1975495","1975804","32","60489263"
"chr15","62518911","62519023","chr3","181144080","181144190","15","118625169"
"chr15","62541916","62542004","chr2A","62352895","62352977","22","189021"
"chr15","62544907","62545012","chr4","47116983","47117084","27","15427924"
"chr15","62550045","62550165","chr2B","199271339","199271453","30","136721294"
"chr15","62696701","62696995","chr15","62925121","62925414","1","228420"
"chr15","62706556","62706848","chr15","62934984","62935280","5","228428"
"chr15","62708850","62708981","chr17","11959483","11959618","31","50749367"
"chr15","62829754","62829978","chrX","16891517","16891711","56","45938237"
"chr15","62847561","62847604","chr11","7916638","7916681","9","54930923"
"chr15","62869700","62869978","chrX","106331864","106332123","55","43462164"
"chr15","63014069","63014366","chr5","71526726","71527019","52","8512657"
"chr15","63080814","63080912","chr3","181238196","181238292","22","118157382"
"chr15","63093692","63093857","chr15","63327563","63327737","9","233871"
"chr15","63125889","63126190","chr15","63359820","63360123","2","233931"
"chr15","63153672","63153980","chr7","106593122","106593427","34","43439450"
"chr15","63206429","63206716","chr10","101419080","101419370","45","38212651"
"chr15","63437039","63437337","chr15","63679413","63679711","1","242374"
"chr15","63529877","63530182","chr15","63772985","63773290","0","243108"
"chr15","63543303","63543596","chr15","63787921","63788214","1","244618"
"chr15","63554984","63555275","chr15","63799592","63799883","0","244608"
"chr15","63577712","63578010","chr15","63823429","63823734","9","245717"
"chr15","63583143","63583321","chr15","63828883","63829055","6","245740"
"chr15","63584765","63585047","chr22","43143911","43144188","34","20440854"
"chr15","63599306","63599391","chr15","68008805","68008888","12","4409499"
"chr15","63630625","63630800","chr15","63876230","63876401","4","245605"
"chr15","63664066","63664362","chr15","63910153","63910464","15","246087"
"chr15","63674643","63674923","chr14","102389771","102390058","32","38715128"
"chr15","63691829","63691927","chr17","63805822","63805920","7","113993"
"chr15","63697521","63697616","chr14","100673591","100673682","23","36976070"
"chr15","63732493","63732619","chr1","46484701","46484838","25","17247792"
"chr15","63744558","63744840","chr15","63993027","63993309","5","248469"
"chr15","63762448","63762713","chr15","64010965","64011243","15","248517"
"chr15","63764226","63764358","chr19","49003088","49003218","14","14761138"
"chr15","63766696","63766776","chr18","47204102","47204181","6","16562594"
"chr15","63781439","63781735","chr15","64031576","64031869","4","250137"
"chr15","63806761","63807052","chrX","43814540","43814832","38","19992221"
"chr15","63813615","63813906","chr1","21949805","21950110","27","41863810"
"chr15","63833706","63834015","chr15","64084989","64085294","9","251283"
"chr15","63845378","63845603","chr19","3838707","3838937","29","60006671"
"chr15","63889486","63889702","chr15","64140788","64141008","4","251302"
"chr15","64066718","64066833","chr2B","205936995","205937106","29","141870277"
"chr15","64087618","64087916","chr3","15176094","15176391","28","48911524"
"chr15","64133389","64133686","chr15","64388624","64388922","3","255235"
"chr15","64178138","64178445","chr15","64435688","64436012","19","257550"
"chr15","64200224","64200338","chr22","33938435","33938535","25","30261789"
"chr15","64271518","64271760","chr15","64533333","64533575","2","261815"
"chr15","64362442","64362610","chr1","214242319","214242461","45","149879877"
"chr15","64370003","64370309","chr6","6512970","6513272","36","57857033"
"chr15","64382856","64383014","chr15","64646104","64646275","14","263248"
"chr15","64407141","64407435","chr15","64670444","64670741","5","263303"
"chr15","64429212","64429516","chr15","64692538","64692844","3","263326"
"chr15","64493653","64493928","chr15","64758072","64758347","0","264419"
"chr15","64573564","64573873","chr15","64838189","64838509","12","264625"
"chr15","64704106","64704446","chr15","64970650","64970962","36","266544"
"chr15","64705736","64705887","chr12","988970","989128","23","63716766"
"chr15","64716394","64716687","chr15","64983449","64983742","0","267055"
"chr15","65100315","65100572","chr15","65368300","65368561","7","267985"
"chr15","65116435","65116574","chr15","65384400","65384539","0","267965"
"chr15","65293221","65293436","chr7","65427311","65427527","26","134090"
"chr15","65380258","65380271","chr1","28547144","28547162","9","36833114"
"chr15","65380554","65380660","chr2A","62538961","62539069","27","2841593"
"chr15","65386313","65386619","chr15","65659216","65659522","1","272903"
"chr15","65396657","65396864","chr15","65669564","65669775","4","272907"
"chr15","65443615","65443907","chr15","65718120","65718415","4","274505"
"chr15","66093659","66093764","chr20","16652596","16652702","29","49441063"
"chr15","66129511","66129707","chr15","65908616","65908842","30","220895"
"chr15","66235961","66235987","chr2B","138960016","138960039","13","72724055"
"chr15","66236008","66236135","chr8","26723415","26723536","27","39512593"
"chr15","66466228","66466340","chr2B","210790127","210790232","20","144323899"
"chr15","66477847","66477949","chr3","181238196","181238292","26","114760349"
"chr15","66480992","66481292","chr15","66269556","66269856","5","211436"
"chr15","66490943","66491236","chr15","66279495","66279789","2","211448"
"chr15","66603548","66603861","chr15","66401486","66401807","11","202062"
"chr15","66895014","66895304","chr15","66697923","66698219","12","197091"
"chr15","66911684","66911846","chr15","66714852","66715020","7","196832"
"chr15","66972126","66972363","chr13","110963799","110964041","53","43991673"
"chr15","67029650","67029739","chr14","100673591","100673682","20","33643941"
"chr15","67221404","67221716","chr15","67026430","67026742","4","194974"
"chr15","67275273","67275385","chr3","181143385","181143493","23","113868112"
"chr15","67531171","67531486","chr15","67339476","67339791","1","191695"
"chr15","67560641","67560955","chr15","67369434","67369751","6","191207"
"chr15","67620010","67620199","chr15","67433485","67433687","16","186525"
"chr15","67721878","67722177","chr1","86053657","86053954","46","18331779"
"chr15","67948496","67948805","chr6","160804209","160804518","37","92855713"
"chr15","68179874","68179957","chr15","68008805","68008888","0","171069"
"chr15","68286836","68287134","chr15","68114607","68114908","10","172229"
"chr15","68574379","68574690","chr15","33750719","33751025","39","34823660"
"chr15","68577854","68578014","chr15","68404883","68405043","1","172971"
"chr15","68783570","68783882","chr15","68613763","68614075","3","169807"
"chr15","68821007","68821305","chr15","68652816","68653117","11","168191"
"chr15","68904006","68904314","chr15","68741174","68741482","4","162832"
"chr15","69013460","69013768","chr15","68852468","68852776","7","160992"
"chr15","69287935","69288138","chr15","69131042","69131250","6","156893"
"chr15","69324152","69324437","chr15","69167063","69167346","2","157089"
"chr15","69514184","69514474","chr15","69357541","69357830","3","156643"
"chr15","69518290","69518458","chr15","69362160","69362318","10","156130"
"chr15","69558218","69558499","chr17","36944723","36945006","62","32613495"
"chr15","69636770","69637079","chr15","69483990","69484300","3","152780"
"chr15","69661483","69661634","chrX","65801999","65802155","26","3859484"
"chr15","69716502","69716545","chr11","22503505","22503536","17","47212997"
"chr15","69747112","69747412","chr4","44940665","44940968","33","24806447"
"chr15","69754899","69754981","chr14","100673591","100673682","20","30918692"
"chr15","69773296","69773439","chr2B","236907218","236907348","49","167133922"
"chr15","69789314","69789431","chr18","46323703","46323831","27","23465611"
"chr15","69790708","69790870","chr18","42055327","42055484","29","27735381"
"chr15","69818681","69818803","chr2B","207026815","207026935","24","137208134"
"chr15","69818805","69818919","chr5","172392908","172393028","27","102574103"
"chr15","69861061","69861355","chr15","69716586","69716880","1","144475"
"chr15","69873267","69873536","chr1","24005242","24005515","70","45868025"
"chr15","69962673","69962802","chr8","26723415","26723536","24","43239258"
"chr15","70009339","70009632","chr15","69867843","69868142","7","141496"
"chr15","70043917","70044024","chr3","181143385","181143493","24","111099468"
"chr15","70045269","70045413","chr4","28030717","28030863","25","42014552"
"chr15","70066053","70066333","chr7","38251666","38251944","53","31814387"
"chr15","70083746","70083917","chr5","438717","438887","29","69645029"
"chr15","70089312","70089552","chr15","69947875","69948112","3","141437"
"chr15","70160794","70160950","chr5","150525150","150525305","23","80364356"
"chr15","70189190","70189486","chr15","70051166","70051462","2","138024"
"chr15","70218105","70218398","chr15","70081265","70081558","1","136840"
"chr15","70321534","70321718","chr15","70186211","70186395","2","135323"
"chr15","70322241","70322357","chr2B","199271339","199271453","23","128949098"
"chr15","70352449","70352755","chr15","70219765","70220072","2","132684"
"chr15","70360863","70361072","chr15","70228204","70228413","0","132659"
"chr15","70378350","70378575","chr15","70242918","70243141","4","135432"
"chr15","70388993","70389290","chr15","70253654","70253954","3","135339"
"chr15","70422083","70422265","chr19","8411130","8411308","27","62010953"
"chr15","70471420","70471715","chr15","70337085","70337394","15","134335"
"chr15","70582950","70583251","chr15","70449767","70450066","2","133183"
"chr15","70583252","70583458","chr15","70450067","70450273","2","133185"
"chr15","70762372","70762475","chr3","198268184","198268291","24","127505812"
"chr15","70766001","70766172","chr11","47027602","47027777","36","23738399"
"chr15","70881116","70881414","chr15","70750215","70750513","3","130901"
"chr15","70905841","70906100","chr14","76984887","76985159","54","6079046"
"chr15","71140276","71140571","chr15","71011560","71011855","3","128716"
"chr15","71140694","71141004","chr7","97624105","97624411","40","26483411"
"chr15","71290099","71290236","chr13","22694842","22694978","27","48595257"
"chr15","71314254","71314347","chr2B","142240066","142240170","30","70925812"
"chr15","71316923","71317051","chr2B","199271339","199271453","40","127954416"
"chr15","71321172","71321463","chr15","71194493","71194784","2","126679"
"chr15","71329317","71329598","chr15","71202851","71203158","26","126466"
"chr15","71568257","71568539","chr15","71447226","71447506","2","121031"
"chr15","71625154","71625458","chr15","71505023","71505327","0","120131"
"chr15","71923340","71923602","chr15","74787098","74787360","0","2863758"
"chr15","72570348","72570677","chr16","22117486","22117809","64","50452862"
"chr15","72654888","72655004","chr3","181143385","181143493","25","108488497"
"chr15","72655495","72655686","chr15","71640808","71640999","0","1014687"
"chr15","72724858","72725161","chr15","71714491","71714807","16","1010367"
"chr15","72761376","72761679","chr21","31071670","31071966","38","41689706"
"chr15","72817299","72817410","chr4","40591024","40591130","13","32226275"
"chr15","72833766","72834058","chr15","71827845","71828142","9","1005921"
"chr15","72858538","72858841","chr15","71852099","71852408","18","1006439"
"chr15","72888103","72888389","chrX","27283479","27283765","39","45604624"
"chr15","72905614","72905902","chr12","61508381","61508672","29","11397233"
"chr15","72943780","72943903","chr2B","207026381","207026509","18","134082601"
"chr15","73063057","73063336","chr15","72067209","72067492","4","995848"
"chr15","73110475","73110649","chr6","42414698","42414867","28","30695777"
"chr15","73205695","73205993","chr11","72876107","72876403","49","329588"
"chr15","73220164","73220464","chr15","72223816","72224120","5","996348"
"chr15","73243318","73243620","chr15","72246882","72247197","15","996436"
"chr15","73267250","73267417","chr15","72271407","72271574","1","995843"
"chr15","73421087","73421263","chr6","154039672","154039843","32","80618585"
"chr15","73438881","73439192","chr15","72447687","72447998","1","991194"
"chr15","73443794","73444104","chr15","72453836","72454117","31","989958"
"chr15","73478906","73479218","chr15","72488771","72489083","1","990135"
"chr15","73484180","73484312","chrX","97546574","97546704","13","24062394"
"chr15","73490370","73490675","chr15","72501855","72502162","2","988515"
"chr15","73502204","73502386","chr8","84018854","84019036","27","10516650"
"chr15","73616533","73616666","chr7","156274717","156274856","20","82658184"
"chr15","73617794","73618081","chr15","72634115","72634402","1","983679"
"chr15","73619123","73619418","chr3","173983076","173983369","51","100363953"
"chr15","73643292","73643458","chr3","101762288","101762455","24","28118996"
"chr15","73662637","73662926","chr1","220061192","220061481","53","146398555"
"chr15","73681256","73681441","chr15","72703713","72703890","9","977543"
"chr15","73701395","73701658","chr1","124399374","124399636","30","50697979"
"chr15","73704405","73704710","chr15","72727297","72727607","5","977108"
"chr15","73772794","73772968","chrX","87941896","87942074","29","14169102"
"chr15","73773461","73773579","chr2B","199271339","199271453","24","125497878"
"chr15","73800368","73800705","chr15","72822174","72822483","28","978194"
"chr15","73922762","73923054","chr15","72965773","72966082","18","956989"
"chr15","73952297","73952500","chr10","22610748","22610958","40","51341549"
"chr15","73983594","73983889","chr13","20993235","20993531","32","52990359"
"chr15","74003524","74003817","chr15","73044800","73045097","7","958724"
"chr15","74046369","74046494","chr8","26723415","26723536","25","47322954"
"chr15","74051009","74051314","chr15","73093413","73093719","3","957596"
"chr15","74090860","74090984","chr5","172392908","172393028","40","98302048"
"chr15","74097371","74097673","chr15","73142533","73142834","3","954838"
"chr15","74156212","74156496","chr15","73206652","73206937","3","949560"
"chr15","74168412","74168508","chrX","12847720","12847832","25","61320692"
"chr15","74272495","74272613","chr3","181143385","181143493","27","106870890"
"chr15","74297499","74297780","chr15","73344443","73344722","5","953056"
"chr15","74357774","74358075","chr15","73403291","73403592","1","954483"
"chr15","74368038","74368225","chr5","76266656","76266847","33","1898618"
"chr15","74368251","74368546","chr15","73414112","73414409","2","954139"
"chr15","74376745","74376848","chr3","198268184","198268291","25","123891439"
"chr15","74454146","74454384","chr15","73499704","73499942","2","954442"
"chr15","74556259","74556554","chr15","73605089","73605389","8","951170"
"chr15","74574674","74574974","chr15","73624450","73624752","3","950224"
"chr15","74589441","74589729","chr15","73643219","73643508","5","946222"
"chr15","74614179","74614481","chr15","73664891","73665194","4","949288"
"chr15","74749861","74749929","chr6","70871310","70871379","15","3878551"
"chr15","74767798","74768098","chr15","73820613","73820920","11","947185"
"chr15","75091580","75091875","chr15","74143964","74144259","2","947616"
"chr15","75214072","75214205","chr2A","32693701","32693835","25","42520371"
"chr15","75269175","75269467","chr19","39344149","39344458","48","35925026"
"chr15","75408368","75408659","chr15","74470517","74470811","5","937851"
"chr15","75415494","75415653","chr11","74831388","74831549","22","584106"
"chr15","75449071","75449369","chr15","74513697","74513995","0","935374"
"chr15","75456674","75456956","chr15","74521296","74521578","0","935378"
"chr15","75663552","75663845","chr15","74727924","74728218","2","935628"
"chr15","75840466","75840578","chr2B","199271339","199271453","30","123430873"
"chr15","76096325","76096606","chr3","200556220","200556500","34","124459895"
"chr15","76172561","76172871","chr15","75868129","75868445","6","304432"
"chr15","76246854","76247153","chr15","75947377","75947677","2","299477"
"chr15","76250552","76250775","chr1","16514260","16514472","27","59736292"
"chr15","76322312","76322574","chr15","76023142","76023410","7","299170"
"chr15","76396320","76396616","chr15","76099249","76099533","25","297071"
"chr15","76421699","76421883","chr14","50200655","50200834","36","26221044"
"chr15","76464947","76465251","chr15","76170285","76170592","8","294662"
"chr15","76471759","76471862","chr20","16652596","16652702","22","59819163"
"chr15","76595270","76595582","chr7","112325011","112325319","39","35729741"
"chr15","76724541","76724737","chr7","42760636","42760821","41","33963905"
"chr15","76793559","76793859","chr15","76499246","76499559","15","294313"
"chr15","76808009","76808167","chr15","76514695","76514853","2","293314"
"chr15","76941544","76941678","chr2A","32693701","32693835","25","44247843"
"chr15","77388674","77388920","chr15","77096662","77096909","1","292012"
"chr15","77874170","77874469","chr4","167882463","167882760","34","90008293"
"chr15","77886120","77886209","chr8","46091691","46091777","19","31794429"
"chr15","77914044","77914347","chr15","77633757","77634060","15","280287"
"chr15","77969479","77969768","chr1","201815327","201815617","33","123845848"
"chr15","78016370","78016775","chr19","44086844","44087199","91","33929526"
"chr15","78029356","78029658","chr15","77748507","77748808","5","280849"
"chr15","78294783","78295089","chr15","78013839","78014156","12","280944"
"chr15","78319717","78320014","chr19","41040116","41040411","41","37279601"
"chr15","78368228","78368475","chr15","78088167","78088414","0","280061"
"chr15","78556713","78556795","chr3","27665315","27665404","19","50891398"
"chr15","78585811","78586115","chr18","13360543","13360840","30","65225268"
"chr15","78651257","78651556","chr14","96575792","96576088","26","17924535"
"chr15","78856564","78856853","chr15","78574845","78575135","3","281719"
"chr15","78880953","78881253","chr15","78599339","78599639","1","281614"
"chr15","78895193","78895480","chr15","78614124","78614411","2","281069"
"chr15","78909546","78909850","chr15","78628631","78628936","2","280915"
"chr15","78922378","78922691","chr15","78641980","78642292","2","280398"
"chr15","78991677","78991970","chr15","78711408","78711702","1","280269"
"chr15","79108416","79108735","chr15","78829575","78829897","8","278841"
"chr15","79110574","79110742","chr11","43973183","43973348","30","35137391"
"chr15","79141474","79141779","chr15","78862691","78862998","4","278783"
"chr15","79356886","79357051","chr18","71387731","71387881","34","7969155"
"chr15","79391458","79391628","chr9","127467858","127468027","28","48076400"
"chr15","79545166","79545399","chr15","79268426","79268660","2","276740"
"chr15","80442108","80442407","chr15","80112964","80113267","5","329144"
"chr15","80528886","80529126","chr2A","29503231","29503467","41","51025655"
"chr15","80533388","80533691","chr17","57789627","57789936","41","22743761"
"chr15","80556885","80557184","chr15","80230550","80230823","27","326335"
"chr15","80584762","80585064","chr15","80258239","80258536","7","326523"
"chr15","80672739","80673032","chrX","51889714","51890007","31","28783025"
"chr15","80679396","80679513","chr8","136637555","136637672","9","55958159"
"chr15","80687317","80687578","chr15","80358851","80359112","1","328466"
"chr15","80797361","80797674","chr15","80470733","80471046","0","326628"
"chr15","80813784","80814081","chr15","80487246","80487525","33","326538"
"chr15","80844744","80844940","chr5","76266656","76266847","33","4578088"
"chr15","80848387","80848688","chr15","80520243","80520544","0","328144"
"chr15","80907431","80907701","chr15","80580294","80580570","7","327137"
"chr15","80958780","80959054","chr15","81903287","81903567","44","944507"
"chr15","80966844","80967107","chr15","80642632","80642895","3","324212"
"chr15","80980752","80981032","chr4","190711777","190712054","38","109731025"
"chr15","81015486","81015796","chr15","80693253","80693562","1","322233"
"chr15","81106567","81106870","chr15","80785210","80785513","0","321357"
"chr15","81259024","81259129","chr20","16652596","16652702","20","64606428"
"chr15","81267706","81267801","chr20","46190296","46190374","21","35077410"
"chr15","81289128","81289430","chr20","2497222","2497526","37","78791906"
"chr15","81302035","81302132","chr14","100673591","100673682","25","19371556"
"chr15","81334050","81334153","chr19","57751584","57751683","20","23582466"
"chr15","81525020","81525323","chr15","81207435","81207738","1","317585"
"chr15","81603484","81603788","chr15","81286534","81286838","4","316950"
"chr15","81689074","81689349","chr5","77794565","77794841","37","3894509"
"chr15","81947542","81947834","chr15","81641715","81642008","4","305827"
"chr15","82096337","82096463","chr15","79793028","79793150","4","2303309"
"chr15","82138173","82138472","chr3","15176094","15176391","34","66962079"
"chr15","82206060","82206362","chr15","79683565","79683863","18","2522495"
"chr15","82214592","82214877","chr2A","39629796","39630087","42","42584796"
"chr15","82349580","82349863","chrX","124546420","124546700","34","42196840"
"chr15","82551693","82551928","chr8","64398221","64398446","60","18153472"
"chr15","82602519","82602797","chr15","81903287","81903567","2","699232"
"chr15","82616957","82617076","chr8","26723415","26723536","24","55893542"
"chr15","82653930","82654067","chr13","22694842","22694978","35","59959088"
"chr15","82674501","82674815","chr1","146299924","146300235","32","63625423"
"chr15","82687346","82687555","chr2B","238796286","238796499","43","156108940"
"chr15","82714552","82714859","chr15","82016809","82017122","14","697743"
"chr15","82719751","82719880","chr5","172392908","172393028","27","89673157"
"chr15","82820488","82820531","chr11","7916638","7916681","12","74903850"
"chr15","82868814","82869122","chr15","82175363","82175663","9","693451"
"chr15","82890368","82890550","chr21","22163681","22163851","47","60726687"
"chr15","82921112","82921407","chr15","82228115","82228411","4","692997"
"chr15","82952725","82952986","chr1","68112522","68112798","57","14840203"
"chr15","83033311","83033608","chr15","82343301","82343599","4","690010"
"chr15","83075689","83075980","chr15","82385218","82385509","1","690471"
"chr15","83104571","83104840","chr15","82414194","82414466","4","690377"
"chr15","83198008","83198135","chr7","112797358","112797487","20","29599350"
"chr15","83207220","83207510","chr15","82596517","82596810","4","610703"
"chr15","83260790","83261102","chr15","82651083","82651401","8","609707"
"chr15","83578978","83579272","chr15","82974151","82974447","3","604827"
"chr15","83582064","83582364","chr15","82977191","82977494","6","604873"
"chr15","83604553","83604831","chr15","82999716","82999994","1","604837"
"chr15","83640040","83640269","chr11","59769177","59769404","34","23870863"
"chr15","83677928","83678239","chr15","83073925","83074235","5","604003"
"chr15","83714039","83714348","chr15","83111914","83112225","4","602125"
"chr15","83814154","83814460","chr15","83210324","83210631","3","603830"
"chr15","83926875","83927150","chr15","83324899","83325174","8","601976"
"chr15","83940001","83940300","chr15","83341332","83341633","3","598669"
"chr15","84221988","84222291","chr15","83627342","83627644","2","594646"
"chr15","84592712","84592998","chr15","84008444","84008731","2","584268"
"chr15","84767906","84768186","chr15","84186526","84186832","28","581380"
"chr15","84777916","84778222","chr6","42778984","42779282","36","41998932"
"chr15","85050562","85050871","chr15","84467045","84467355","7","583517"
"chr15","85068956","85069179","chr15","84485574","84485805","8","583382"
"chr15","85479498","85479801","chr15","84901716","84902020","3","577782"
"chr15","85519143","85519436","chr15","84945711","84946021","23","573432"
"chr15","85663877","85664018","chr4","102249975","102250127","27","16586098"
"chr15","85974652","85974944","chr15","85405580","85405874","3","569072"
"chr15","85979448","85979728","chr15","85410383","85410663","1","569065"
"chr15","86008936","86009235","chr11","32541172","32541471","30","53467764"
"chr15","86216442","86216619","chr15","85650314","85650491","0","566128"
"chr15","86480813","86481121","chr15","85917724","85918032","1","563089"
"chr15","86531899","86532209","chr10","20269924","20270233","53","66261975"
"chr15","86538905","86539131","chr1","133581641","133581865","32","47042736"
"chr15","86566677","86566820","chr15","86003949","86004092","1","562728"
"chr15","86620704","86620994","chr15","86062616","86062909","4","558088"
"chr15","86760883","86761173","chr15","86202388","86202679","1","558495"
"chr15","86819231","86819540","chr15","86262641","86262951","4","556590"
"chr15","86841058","86841325","chr15","86284941","86285243","55","556117"
"chr15","86872389","86872569","chr4","163851580","163851762","35","76979191"
"chr15","86900248","86900542","chr15","86345040","86345334","5","555208"
"chr15","86905063","86905347","chr15","86350126","86350406","10","554937"
"chr15","86934354","86934662","chr6","52993807","52994120","36","33940547"
"chr15","86993070","86993153","chr10","4431800","4431887","29","82561270"
"chr15","86999486","86999773","chr15","86441006","86441294","1","558480"
"chr15","87128682","87128951","chr1","59277925","59278161","69","27850757"
"chr15","87257337","87257445","chr2B","205936995","205937106","28","118679658"
"chr15","87497008","87497109","chr6","159074849","159074952","15","71577841"
"chr15","87518387","87518541","chr4","149843795","149843946","23","62325408"
"chr15","87649895","87649994","chr22","33938435","33938535","17","53711460"
"chr15","87706987","87707295","chr15","87157506","87157814","3","549481"
"chr15","87714145","87714463","chr11","32541172","32541471","59","55172973"
"chr15","87722882","87723051","chr15","87173355","87173524","3","549527"
"chr15","87723318","87723619","chr15","87173790","87174098","10","549528"
"chr15","87765212","87765434","chr15","87216315","87216537","4","548897"
"chr15","87780887","87781201","chr3","12785010","12785341","52","74995877"
"chr15","87798021","87798156","chr2A","32693701","32693835","29","55104320"
"chr15","87799878","87800161","chr6","15312245","15312527","38","72487633"
"chr15","87812307","87812608","chr15","87263762","87264066","5","548545"
"chr15","87815667","87815962","chr15","87267123","87267418","4","548544"
"chr15","87835034","87835196","chr13","26988435","26988596","25","60846599"
"chr15","87852438","87852747","chr15","87303824","87304146","14","548614"
"chr15","87857332","87857548","chr6","152649833","152650055","40","64792501"
"chr15","87858250","87858538","chr1","129337688","129337979","29","41479438"
"chr15","87865725","87865824","chr14","100673591","100673682","21","12807866"
"chr15","87880866","87881189","chr15","87334566","87334892","6","546300"
"chr15","87899736","87900031","chr3","173983076","173983369","50","86083340"
"chr15","87913116","87913406","chr19","60187163","60187454","45","27725953"
"chr15","87962660","87962962","chr12","109274804","109275098","37","21312144"
"chr15","88004577","88004675","chr3","181238196","181238292","26","93233619"
"chr15","88009668","88009787","chr5","172392908","172393028","20","84383240"
"chr15","88017716","88018014","chr1","78316338","78316631","42","9701378"
"chr15","88029802","88030066","chr16","68804414","68804683","37","19225388"
"chr15","88040977","88041008","chr10","109823026","109823061","15","21782049"
"chr15","88047181","88047353","chr7","11297638","11297804","40","76749543"
"chr15","88053547","88053841","chr15","87511063","87511357","1","542484"
"chr15","88062434","88062549","chr2B","207026815","207026935","23","118964381"
"chr15","88066448","88066739","chr15","87524534","87524828","4","541914"
"chr15","88090674","88090967","chr15","87548920","87549221","8","541754"
"chr15","88109511","88109849","chr15","87567910","87568249","6","541601"
"chr15","88195652","88195952","chr3","33008710","33009011","37","55186942"
"chr15","88247100","88247395","chr15","87714003","87714293","5","533097"
"chr15","88402494","88402800","chr15","87877249","87877559","6","525245"
"chr15","88504529","88504767","chr15","87980407","87980646","7","524122"
"chr15","88544042","88544162","chr2B","210790127","210790232","31","122246085"
"chr15","88560102","88560326","chr9","86358254","86358473","38","2201848"
"chr15","88567739","88568044","chr8","13958168","13958467","37","74609571"
"chr15","88602106","88602328","chr19","23283076","23283297","28","65319030"
"chr15","88603479","88603565","chr14","100673591","100673682","16","12070112"
"chr15","88619586","88619896","chr15","88099418","88099735","10","520168"
"chr15","88628839","88629130","chr15","88108660","88108952","2","520179"
"chr15","88713661","88713976","chr12","123101229","123101530","42","34387568"
"chr15","88727678","88727823","chr9","112064180","112064330","24","23336502"
"chr15","88740221","88740532","chr3","154346753","154347061","37","65606532"
"chr15","88834740","88835048","chr15","88319013","88319322","7","515727"
"chr15","88849033","88849250","chr3","188389329","188389544","43","99540296"
"chr15","88880706","88880797","chr5","92275111","92275201","8","3394405"
"chr15","88893758","88893935","chr15","88380909","88381086","0","512849"
"chr15","88901097","88901379","chr3","117156145","117156424","36","28255048"
"chr15","88912408","88912563","chr15","88399986","88400150","11","512422"
"chr15","88947124","88947258","chr1","46484701","46484838","30","42462423"
"chr15","88964249","88964537","chr9","33729184","33729467","36","55235065"
"chr15","88964570","88964590","chr1","28547144","28547162","8","60417426"
"chr15","89164804","89165100","chr8","27217963","27218254","42","61946841"
"chr15","89293907","89294194","chr15","88785065","88785353","2","508842"
"chr15","89382162","89382457","chr15","88877298","88877595","4","504864"
"chr15","89419828","89420141","chr18","16078441","16078744","43","73341387"
"chr15","89445492","89445791","chr15","88939349","88939648","5","506143"
"chr15","89451599","89451919","chr15","88945469","88945801","18","506130"
"chr15","89607168","89607460","chr10","12181881","12182169","52","77425287"
"chr15","89647089","89647341","chr15","89138936","89139160","38","508153"
"chr15","89752974","89753282","chr15","89245277","89245584","5","507697"
"chr15","89818069","89818366","chr15","89308599","89308898","3","509470"
"chr15","89940919","89941211","chr7","24739193","24739485","32","65201726"
"chr15","90190140","90190441","chrX","37546933","37547235","30","52643207"
"chr15","90521112","90521261","chr15","90018599","90018748","2","502513"
"chr15","90566863","90567173","chr15","90067312","90067622","2","499551"
"chr15","90606448","90606752","chr15","90107026","90107331","7","499422"
"chr15","90626519","90626579","chr1","33246348","33246407","24","57380171"
"chr15","90637302","90637613","chr15","90140108","90140418","3","497194"
"chr15","90652274","90652515","chr15","90155185","90155426","2","497089"
"chr15","90682873","90683063","chr5","76266656","76266847","31","14416217"
"chr15","90686435","90686544","chr20","16652596","16652702","26","74033839"
"chr15","90710998","90711186","chr15","90217156","90217347","4","493842"
"chr15","90730640","90730934","chr15","90237794","90238091","6","492846"
"chr15","90792558","90792883","chr15","90303166","90303482","9","489392"
"chr15","90943761","90943935","chr10","57532871","57533043","29","33410890"
"chr15","91248628","91248786","chr1","128198509","128198667","25","36949881"
"chr15","91709709","91710019","chr15","91244903","91245213","4","464806"
"chr15","91720148","91720325","chr5","178397697","178397875","23","86677549"
"chr15","91826918","91826961","chr10","27042861","27042906","13","64784057"
"chr15","91864720","91865040","chr15","91402299","91402579","41","462421"
"chr15","91865063","91865148","chr14","100673591","100673682","20","8808528"
"chr15","91939215","91939448","chr1","27041303","27041541","38","64897912"
"chr15","91994311","91994459","chr15","91534991","91535139","5","459320"
"chr15","92251505","92251803","chr15","91809043","91809340","3","442462"
"chr15","92417190","92417483","chr15","91977120","91977413","1","440070"
"chr15","92423456","92423754","chr18","18555827","18556115","43","73867629"
"chr15","92456987","92457081","chr6","108298721","108298814","15","15841734"
"chr15","92527803","92528097","chr15","92088453","92088749","2","439350"
"chr15","92703801","92704095","chr15","92263378","92263674","3","440423"
"chr15","92844585","92844878","chr15","92404437","92404731","4","440148"
"chr15","92984103","92984442","chr11","116382802","116383114","67","23398699"
"chr15","93058514","93058589","chr8","46091691","46091777","22","46966823"
"chr15","93551048","93551338","chr15","93122064","93122348","7","428984"
"chr15","93603122","93603295","chr5","125767094","125767277","43","32163972"
"chr15","93690072","93690374","chr15","93261359","93261661","4","428713"
"chr15","93797156","93797464","chr15","93368620","93368927","11","428536"
"chr15","93817971","93818257","chr15","93389403","93389690","3","428568"
"chr15","93869096","93869264","chr15","93439302","93439470","1","429794"
"chr15","93935173","93935377","chr15","93504515","93504719","1","430658"
"chr15","93972104","93972383","chr15","93541466","93541745","7","430638"
"chr15","93973241","93973545","chr6","144615830","144616127","41","50642589"
"chr15","94008509","94008833","chr15","93582613","93582944","10","425896"
"chr15","94162592","94162866","chr15","93739223","93739495","7","423369"
"chr15","94346350","94346650","chr15","93926881","93927184","3","419469"
"chr15","94708454","94708619","chr15","94292726","94292915","25","415728"
"chr15","94931661","94931970","chr15","94520592","94520901","0","411069"
"chr15","94969285","94969559","chr3","181442057","181442332","42","86472772"
"chr15","95230202","95230317","chr2A","62538961","62539069","29","32691241"
"chr15","95595282","95595589","chr15","95195783","95196094","10","399499"
"chr15","95996626","95996703","chr11","8774884","8774956","19","87221742"
"chr15","96051369","96051661","chr1","123793917","123794206","53","27742548"
"chr15","96093524","96093814","chr15","95718387","95718690","16","375137"
"chr15","96111470","96111535","chr17","13384782","13384834","26","82726688"
"chr15","96151372","96151530","chr15","95776313","95776471","0","375059"
"chr15","96172286","96172592","chr15","95797260","95797571","6","375026"
"chr15","96304708","96305012","chr15","95930865","95931166","7","373843"
"chr15","96510066","96510277","chr15","96147193","96147405","1","362873"
"chr15","96645074","96645410","chr15","96286756","96287068","30","358318"
"chr15","96673478","96673751","chrX","117118738","117119016","39","20445260"
"chr15","96708855","96709070","chr8","11261085","11261290","56","85447770"
"chr15","96709390","96709469","chr2A","62352895","62352977","22","34356495"
"chr15","96787081","96787369","chr15","96430697","96430987","5","356384"
"chr15","96918386","96918698","chr15","96564852","96565157","7","353534"
"chr15","96930006","96930271","chr15","96576550","96576815","2","353456"
"chr15","96937234","96937330","chr14","100673591","100673682","26","3736357"
"chr15","97077515","97077822","chr3","138633298","138633594","63","41555783"
"chr15","97136894","97137202","chr7","153704928","153705226","44","56568034"
"chr15","97148656","97148953","chr15","96795168","96795463","18","353488"
"chr15","97253802","97254084","chr15","96900737","96901020","5","353065"
"chr15","97610837","97611122","chr9","131395854","131396145","34","33785017"
"chr15","97877427","97877732","chr15","97385693","97385998","0","491734"
"chr15","97890839","97890988","chr3","87640021","87640174","29","10250818"
"chr15","97990909","97991166","chr15","97500897","97501154","0","490012"
"chr15","98064889","98065190","chr3","21426379","21426685","41","76638510"
"chr15","98109397","98109569","chr8","96096873","96097038","42","2012524"
"chr15","98117678","98117986","chr15","97628065","97628375","6","489613"
"chr15","98132848","98133010","chr1","54397545","54397708","27","43735303"
"chr15","98135018","98135320","chr15","97645750","97646054","4","489268"
"chr15","98345058","98345353","chr15","97863607","97863902","1","481451"
"chr15","98346178","98346472","chr1","63780786","63781076","52","34565392"
"chr15","98362505","98362766","chr15","97881082","97881343","1","481423"
"chr15","98657900","98658215","chr14","34751582","34751895","38","63906318"
"chr15","98673571","98673861","chr15","98190897","98191187","0","482674"
"chr15","98715720","98716019","chr15","98233004","98233299","6","482716"
"chr15","98748636","98748796","chr12","38547914","38548058","38","60200722"
"chr15","98788880","98789178","chr15","98306937","98307244","11","481943"
"chr15","99136483","99136776","chr15","98667090","98667383","0","469393"
"chr15","99153116","99153416","chr17","59088748","59089047","33","40064368"
"chr15","99195823","99196079","chr3","59085256","59085513","57","40110567"
"chr15","99355957","99356243","chr15","98891964","98892253","6","463993"
"chr15","99447790","99447867","chr11","8774884","8774956","15","90672906"
"chr15","99714093","99714285","chr15","99258764","99258959","5","455329"
"chr15","99716674","99716984","chr15","99261348","99261658","10","455326"
"chr15","99748288","99748511","chr6","160192592","160192810","63","60444304"
"chr16","15728517","15728805","chr12","113904756","113905048","53","98176239"
"chr16","26345377","26345683","chr16","26153242","26153550","3","192135"
"chr16","52690830","52690982","chr16","52369926","52370074","4","320904"
"chr16","59637607","59637913","chr16","59361890","59362197","1","275717"
"chr16","39492","39752","chrX","1534216","1534474","26","1494724"
"chr16","99262","99572","chr12","105161707","105162016","39","105062445"
"chr16","112661","112954","chr16","113374","113669","6","713"
"chr16","117034","117325","chr16","118413","118704","0","1379"
"chr16","127277","127374","chr9","95139174","95139270","10","95011897"
"chr16","134817","135117","chr16","137086","137391","27","2269"
"chr16","169314","169613","chr16","167466","167765","0","1848"
"chr16","197564","197863","chr13","78069323","78069644","86","77871759"
"chr16","202423","202708","chr3","9743221","9743514","39","9540798"
"chr16","203687","204001","chr3","28331707","28332012","41","28128020"
"chr16","218857","218936","chr17","26082159","26082238","9","25863302"
"chr16","289971","290055","chr8","46091691","46091777","17","45801720"
"chr16","320305","320428","chr2B","207026815","207026935","28","206706510"
"chr16","348829","348952","chr5","172392908","172393028","25","172044079"
"chr16","374366","374511","chr4","28030717","28030863","24","27656351"
"chr16","378577","378791","chr6","152649833","152650055","38","152271256"
"chr16","407151","407449","chr16","413920","414221","6","6769"
"chr16","423339","423508","chr16","52094006","52094177","33","51670667"
"chr16","429478","429772","chr16","433788","434085","5","4310"
"chr16","430580","430877","chr16","434894","435191","3","4314"
"chr16","441462","441514","chr4","51756017","51756071","6","51314555"
"chr16","445984","446156","chr1","78871015","78871180","29","78425031"
"chr16","459477","459763","chr16","466652","466938","2","7175"
"chr16","506649","506952","chr16","500877","501183","5","5772"
"chr16","597656","597953","chr16","578605","578900","3","19051"
"chr16","629832","630096","chr16","613891","614155","2","15941"
"chr16","631905","632054","chr8","50818747","50818891","22","50186842"
"chr16","652698","652857","chr3","173995114","173995280","25","173342416"
"chr16","966651","966838","chr11","9083840","9084022","36","8117189"
"chr16","1031698","1031990","chr1","215487774","215488060","37","214456076"
"chr16","1335759","1336065","chr6","82821125","82821427","39","81485366"
"chr16","1348453","1348665","chr8","71775441","71775659","28","70426988"
"chr16","1348904","1349205","chr16","1315025","1315327","2","33879"
"chr16","1376678","1376975","chr1","35380709","35381003","38","34004031"
"chr16","1383855","1383994","chr2A","32693701","32693835","25","31309846"
"chr16","1392685","1392696","chr5","71437633","71437644","7","70044948"
"chr16","1392948","1393046","chr3","181238196","181238292","30","179845248"
"chr16","1444260","1444415","chr14","73378899","73379049","37","71934639"
"chr16","1444450","1444725","chr16","1415041","1415316","0","29409"
"chr16","1461773","1461905","chr1","6844228","6844361","26","5382455"
"chr16","1495410","1495703","chr16","1468816","1469073","36","26594"
"chr16","1559267","1559547","chr1","21064590","21064871","41","19505323"
"chr16","1609893","1610198","chr16","1584810","1585116","2","25083"
"chr16","1617395","1617496","chr14","100673591","100673682","22","99056196"
"chr16","1633764","1634057","chr16","1609056","1609355","8","24708"
"chr16","1676052","1676158","chr22","33938435","33938535","21","32262383"
"chr16","1700273","1700571","chr2B","205863576","205863879","41","204163303"
"chr16","1706626","1706741","chr2B","205936995","205937106","19","204230369"
"chr16","1785282","1785459","chr1","29277911","29278085","34","27492629"
"chr16","1806698","1806810","chr2B","210790127","210790232","22","208983429"
"chr16","1928832","1929117","chr19","52831764","52832049","40","50902932"
"chr16","1954436","1954691","chr16","1920829","1921086","3","33607"
"chr16","1964562","1964706","chr16","1931955","1932095","4","32607"
"chr16","2013663","2013876","chr5","166445214","166445416","32","164431551"
"chr16","2046004","2046301","chr16","2014442","2014737","9","31562"
"chr16","2052366","2052633","chr16","2020810","2021077","5","31556"
"chr16","2102019","2102269","chr2A","29503231","29503467","43","27401212"
"chr16","2252782","2253104","chr16","2211281","2211607","8","41501"
"chr16","2303109","2303418","chr16","2261862","2262169","5","41247"
"chr16","2322495","2322666","chr21","29016060","29016232","26","26693565"
"chr16","2345528","2345624","chr3","181238196","181238292","22","178892668"
"chr16","2352331","2352629","chr16","2314519","2314820","3","37812"
"chr16","2369520","2369852","chr16","2331338","2331675","5","38182"
"chr16","2375550","2375668","chr1","147248776","147248910","30","144873226"
"chr16","2431686","2431984","chr16","2397439","2397738","2","34247"
"chr16","2519951","2520190","chr16","2485651","2485858","33","34300"
"chr16","2544821","2544951","chr16","2510542","2510674","2","34279"
"chr16","2547215","2547515","chr16","2512944","2513242","7","34271"
"chr16","2593636","2593928","chr13","47854667","47854961","60","45261031"
"chr16","2594066","2594354","chr16","2563258","2563547","3","30808"
"chr16","2602086","2602387","chr16","2571258","2571561","4","30828"
"chr16","2837841","2838164","chr16","2793225","2793551","4","44616"
"chr16","2849125","2849413","chr9","120202335","120202625","46","117353210"
"chr16","2893444","2893729","chr16","2850492","2850777","0","42952"
"chr16","2969250","2969543","chr16","2925394","2925690","3","43856"
"chr16","2991873","2991988","chr5","12092557","12092690","32","9100684"
"chr16","2992909","2993186","chr14","56397293","56397571","39","53404384"
"chr16","3003615","3003928","chr16","2959074","2959380","7","44541"
"chr16","3028617","3028754","chr10","35805830","35805960","34","32777213"
"chr16","3029878","3030086","chr3","188389329","188389544","42","185359451"
"chr16","3050581","3050882","chr16","3006184","3006489","5","44397"
"chr16","3071607","3071899","chr1","129337688","129337979","37","126266081"
"chr16","3125816","3125951","chr16","59422537","59422667","13","56296721"
"chr16","3151704","3151993","chr3","126971405","126971700","49","123819701"
"chr16","3154796","3154928","chr12","10456629","10456759","13","7301833"
"chr16","3155238","3155421","chr1","44129547","44129729","34","40974309"
"chr16","3157951","3158040","chr3","181238196","181238292","22","178080245"
"chr16","3158066","3158088","chr1","28547144","28547162","9","25389078"
"chr16","3188039","3188354","chr16","3110567","3110882","2","77472"
"chr16","3218036","3218192","chr1","54397545","54397708","29","51179509"
"chr16","3230027","3230051","chr13","108019514","108019545","11","104789487"
"chr16","3230366","3230483","chr11","116382066","116382180","27","113151700"
"chr16","3250903","3251007","chr3","181143385","181143493","20","177892482"
"chr16","3256848","3257147","chr16","3181621","3181921","3","75227"
"chr16","3260173","3260472","chr16","3184948","3185247","4","75225"
"chr16","3290102","3290411","chr16","3215161","3215470","4","74941"
"chr16","3332791","3332905","chr16","3258177","3258300","9","74614"
"chr16","3334266","3334383","chr12","38992415","38992548","33","35658149"
"chr16","3334584","3334697","chr12","110328271","110328400","38","106993687"
"chr16","3354755","3354980","chrX","77616848","77617066","30","74262093"
"chr16","3360540","3360675","chr13","22694842","22694978","28","19334302"
"chr16","3372536","3372825","chr16","3297898","3298187","1","74638"
"chr16","3433233","3433481","chr16","3358427","3358679","4","74806"
"chr16","3458929","3459035","chr2B","142240066","142240170","28","138781137"
"chr16","3515852","3516095","chr2A","29503231","29503467","33","25987379"
"chr16","3552879","3553131","chr8","104837261","104837514","42","101284382"
"chr16","3601514","3601811","chr16","3532200","3532498","2","69314"
"chr16","3631015","3631300","chr16","3562324","3562610","2","68691"
"chr16","3713072","3713145","chr20","31909211","31909267","32","28196139"
"chr16","3727225","3727398","chr8","87620598","87620765","26","83893373"
"chr16","3763077","3763385","chr16","3698108","3698420","7","64969"
"chr16","3774572","3774718","chr12","12922936","12923089","23","9148364"
"chr16","3803679","3803829","chr5","172387444","172387598","32","168583765"
"chr16","3832820","3833141","chr16","28036732","28037042","55","24203912"
"chr16","3836791","3836846","chr1","27390807","27390868","14","23554016"
"chr16","3858661","3858834","chr22","16225217","16225380","42","12366556"
"chr16","3925393","3925675","chr7","142099912","142100189","58","138174519"
"chr16","3930769","3931078","chr16","3866901","3867199","14","63868"
"chr16","4031254","4031546","chr16","3967746","3968040","4","63508"
"chr16","4049576","4049861","chr16","3986011","3986325","30","63565"
"chr16","4070472","4070774","chr16","4006438","4006740","1","64034"
"chr16","4092859","4093167","chr1","29189596","29189901","40","25096737"
"chr16","4096004","4096164","chr18","42055327","42055484","30","37959323"
"chr16","4133795","4134091","chr2B","207764862","207765157","37","203631067"
"chr16","4148975","4149106","chr10","66816670","66816803","27","62667695"
"chr16","4197014","4197221","chr12","65769803","65770004","35","61572789"
"chr16","4203271","4203406","chr4","28030717","28030863","35","23827446"
"chr16","4222384","4222597","chr7","65427311","65427527","37","61204927"
"chr16","4224932","4225138","chr16","4165522","4165730","3","59410"
"chr16","4237294","4237471","chr1","32748831","32749003","33","28511537"
"chr16","4261226","4261548","chr16","4203292","4203597","18","57934"
"chr16","4265879","4266180","chr11","71589563","71589871","37","67323684"
"chr16","4321044","4321350","chr4","107742841","107743146","42","103421797"
"chr16","4326469","4326767","chr16","4271185","4271483","6","55284"
"chr16","4327316","4327606","chr16","4272032","4272323","4","55284"
"chr16","4338874","4339069","chr16","4284559","4284754","0","54315"
"chr16","4366650","4366959","chr16","4312030","4312349","16","54620"
"chr16","4374265","4374422","chrX","65801999","65802155","29","61427734"
"chr16","4390364","4390670","chr16","4341917","4342202","22","48447"
"chr16","4442903","4443186","chr7","34826794","34827075","39","30383891"
"chr16","4458236","4458367","chr1","27773718","27773848","18","23315482"
"chr16","4488438","4488737","chr16","4440013","4440312","4","48425"
"chr16","4495057","4495192","chr14","26439576","26439696","30","21944519"
"chr16","4509147","4509444","chr9","87168130","87168439","67","82658983"
"chr16","4530267","4530569","chr1","29105712","29106008","50","24575445"
"chr16","4547443","4547746","chr16","4502480","4502783","2","44963"
"chr16","4565934","4566092","chr5","106442838","106443001","30","101876904"
"chr16","4664075","4664376","chr16","4623889","4624177","13","40186"
"chr16","4730017","4730310","chr16","4693225","4693518","1","36792"
"chr16","4733954","4734125","chr1","54397545","54397708","41","49663591"
"chr16","4791709","4792008","chr16","4756117","4756416","3","35592"
"chr16","4807743","4808057","chr16","4772474","4772776","33","35269"
"chr16","4868399","4868707","chr16","4835920","4836229","1","32479"
"chr16","4872037","4872266","chr8","142584449","142584675","37","137712412"
"chr16","4895307","4895609","chr3","5045433","5045734","42","150126"
"chr16","4942821","4942944","chr2B","205936995","205937106","31","200994174"
"chr16","4955164","4955466","chr9","75481893","75482199","51","70526729"
"chr16","4965186","4965262","chr8","46091691","46091777","23","41126505"
"chr16","4977859","4978157","chr16","4950469","4950780","14","27390"
"chr16","5028200","5028287","chr13","24059413","24059502","17","19031213"
"chr16","5038981","5039288","chr16","5012309","5012617","8","26672"
"chr16","5126668","5126971","chr16","5100324","5100627","2","26344"
"chr16","5168708","5168784","chr14","100673591","100673682","32","95504883"
"chr16","5198849","5199153","chr16","5178146","5178453","6","20703"
"chr16","5294592","5294899","chr16","5178146","5178453","5","116446"
"chr16","5381815","5382109","chr16","5263898","5264192","3","117917"
"chr16","5413663","5413956","chr16","5296609","5296912","17","117054"
"chr16","5498150","5498450","chr16","5384762","5385066","9","113388"
"chr16","5528589","5528885","chr16","5415721","5416020","4","112868"
"chr16","5709185","5709352","chr5","38549714","38549882","22","32840529"
"chr16","5722016","5722318","chr16","5613497","5613803","8","108519"
"chr16","5867057","5867319","chr16","5760310","5760577","8","106747"
"chr16","6023364","6023691","chr16","5914668","5915003","14","108696"
"chr16","6074747","6075028","chr2B","170208357","170208637","50","164133610"
"chr16","6139660","6139773","chr2B","205936995","205937106","24","199797335"
"chr16","6149126","6149427","chr16","88826319","88826612","39","82677193"
"chr16","6234299","6234527","chr16","6129112","6129340","0","105187"
"chr16","6490598","6490906","chr16","6388223","6388531","7","102375"
"chr16","6510774","6511040","chr16","6408739","6409005","5","102035"
"chr16","6547133","6547441","chr16","6450896","6451204","1","96237"
"chr16","6574450","6574749","chr16","6481700","6482005","6","92750"
"chr16","6652597","6652906","chr16","6560446","6560756","5","92151"
"chr16","6808253","6808465","chr16","6716442","6716654","0","91811"
"chr16","6982158","6982451","chr16","6891556","6891849","1","90602"
"chr16","7169914","7170022","chr2B","205936995","205937106","24","198767081"
"chr16","7192012","7192301","chr16","7107265","7107554","0","84747"
"chr16","7197527","7197829","chr16","7112766","7113069","3","84761"
"chr16","7217468","7217796","chr16","7133326","7133654","9","84142"
"chr16","7222231","7222533","chr6","164583645","164583943","48","157361414"
"chr16","7307401","7307676","chr16","7228071","7228346","2","79330"
"chr16","7445102","7445382","chr5","170735650","170735937","40","163290548"
"chr16","7646288","7646425","chr16","7578586","7578716","9","67702"
"chr16","7740277","7740577","chr16","7673257","7673557","0","67020"
"chr16","7782533","7782827","chr16","7715904","7716203","7","66629"
"chr16","8017214","8017433","chr16","7946422","7946641","0","70792"
"chr16","8111190","8111461","chr10","19802665","19802935","51","11691475"
"chr16","8318755","8319058","chr16","8255868","8256160","12","62887"
"chr16","8336031","8336311","chr1","63555804","63556086","43","55219773"
"chr16","8359722","8360025","chr16","8297317","8297595","26","62405"
"chr16","8361869","8362175","chr10","101366830","101367141","58","93004961"
"chr16","8364392","8364694","chr16","8301974","8302276","3","62418"
"chr16","8756486","8756788","chr3","33494146","33494444","48","24737660"
"chr16","8785065","8785346","chr16","8743007","8743286","3","42058"
"chr16","8863748","8864045","chr16","8824649","8824949","3","39099"
"chr16","8878389","8878698","chr16","8840192","8840502","8","38197"
"chr16","8901551","8901824","chr9","74814330","74814600","47","65912779"
"chr16","8977923","8978142","chr10","28552870","28553083","33","19574947"
"chr16","9002431","9002575","chr4","28030717","28030863","26","19028286"
"chr16","9098616","9098945","chr16","9068474","9068775","35","30142"
"chr16","9124195","9124475","chr16","9095089","9095372","4","29106"
"chr16","9137761","9137904","chr5","77767868","77768010","30","68630107"
"chr16","9170266","9170539","chr16","9143937","9144234","24","26329"
"chr16","9175180","9175485","chr16","9148875","9149182","3","26305"
"chr16","9206994","9207150","chr16","9181459","9181615","2","25535"
"chr16","9240338","9240439","chr12","12586014","12586108","16","3345676"
"chr16","9255221","9255521","chr9","66982183","66982474","60","57726962"
"chr16","9293555","9293741","chr2A","88621100","88621287","49","79327545"
"chr16","9296658","9296958","chr16","9273712","9274006","7","22946"
"chr16","9307166","9307457","chr5","43352262","43352559","33","34045096"
"chr16","9347168","9347424","chr14","92804957","92805217","46","83457789"
"chr16","9365515","9365805","chr16","9345707","9345997","1","19808"
"chr16","9387327","9387628","chr16","9367178","9367482","6","20149"
"chr16","9442518","9442554","chr16","79492781","79492824","12","70050263"
"chr16","9578351","9578580","chr6","158748775","158748999","45","149170424"
"chr16","9606436","9606667","chr16","9589218","9589449","1","17218"
"chr16","9762820","9763115","chr5","146552808","146553100","41","136789988"
"chr16","9861489","9861772","chr16","9845835","9846118","1","15654"
"chr16","9877773","9878027","chrX","1534216","1534474","41","8343557"
"chr16","10026159","10026456","chr16","10015850","10016160","20","10309"
"chr16","10142374","10142684","chr16","10132997","10133311","5","9377"
"chr16","10229758","10229988","chr16","10219826","10220056","4","9932"
"chr16","10360994","10361114","chr2B","205936995","205937106","29","195576001"
"chr16","10363237","10363525","chr16","10353361","10353651","4","9876"
"chr16","10364187","10364335","chr16","10354313","10354466","18","9874"
"chr16","10381405","10381726","chr16","10371407","10371732","6","9998"
"chr16","10423796","10424093","chr20","30203956","30204252","40","19780160"
"chr16","10425504","10425616","chr20","16652596","16652702","25","6227092"
"chr16","10426996","10427155","chr1","201503311","201503466","37","191076315"
"chr16","10427200","10427426","chr3","36295297","36295521","33","25868097"
"chr16","10456896","10457046","chr16","10436386","10436538","4","20510"
"chr16","10471450","10471757","chr8","25778100","25778406","33","15306650"
"chr16","10474689","10474801","chr5","35448938","35449060","26","24974249"
"chr16","10530557","10530864","chr17","24453707","24454018","41","13923150"
"chr16","10539767","10540075","chr16","10519521","10519831","7","20246"
"chr16","10556685","10556764","chr19","58718235","58718309","23","48161550"
"chr16","10559763","10560045","chr9","91334008","91334288","33","80774245"
"chr16","10590222","10590545","chr16","10570531","10570858","18","19691"
"chr16","10610112","10610396","chr16","10590432","10590721","8","19680"
"chr16","10612458","10612742","chr16","10592784","10593081","17","19674"
"chr16","10623953","10624238","chr16","10604450","10604735","2","19503"
"chr16","10652530","10652842","chr6","17877682","17877986","32","7225152"
"chr16","10677827","10678127","chr16","10660254","10660549","11","17573"
"chr16","10946255","10946492","chr20","31046693","31046916","48","20100438"
"chr16","10947915","10947983","chr6","70871310","70871379","14","59923395"
"chr16","10950216","10950438","chr16","10947130","10947354","2","3086"
"chr16","10950987","10951068","chr15","68008805","68008888","12","57057818"
"chr16","10986239","10986504","chr16","10987539","10987805","2","1300"
"chr16","11078792","11079076","chr16","11080778","11081085","25","1986"
"chr16","11158804","11158947","chr16","11161989","11162132","0","3185"
"chr16","11204956","11205260","chr16","11208749","11209059","8","3793"
"chr16","11246474","11246639","chr12","34531254","34531417","26","23284780"
"chr16","11457818","11458102","chr12","107832828","107833119","61","96375010"
"chr16","11464529","11464811","chr9","92573544","92573827","35","81109015"
"chr16","11464854","11464881","chr12","8241499","8241528","9","3223355"
"chr16","11517816","11518123","chr16","11525576","11525883","0","7760"
"chr16","11522037","11522191","chr16","11529797","11529955","7","7760"
"chr16","11621877","11621999","chr20","16652596","16652702","34","5030719"
"chr16","11703505","11703804","chr10","64720551","64720847","39","53017046"
"chr16","11728795","11728902","chr3","181143385","181143493","21","169414590"
"chr16","11768538","11768820","chr16","11780274","11780572","16","11736"
"chr16","11806629","11806752","chr16","66387806","66387929","19","54581177"
"chr16","11816414","11816511","chr14","100673591","100673682","24","88857177"
"chr16","11816820","11816836","chr1","28547144","28547162","6","16730324"
"chr16","11876917","11877212","chr16","11891602","11891900","4","14685"
"chr16","11884819","11885093","chr16","11899686","11899981","43","14867"
"chr16","11887671","11887964","chr5","36472948","36473248","38","24585277"
"chr16","11891907","11892206","chr16","11907523","11907822","0","15616"
"chr16","11937762","11938054","chr16","11954470","11954770","8","16708"
"chr16","11957474","11957582","chr6","159074849","159074952","23","147117375"
"chr16","12023541","12023690","chr3","87640021","87640174","23","75616480"
"chr16","12052348","12052651","chr16","12079111","12079416","8","26763"
"chr16","12061271","12061512","chr16","12092404","12092644","5","31133"
"chr16","12063178","12063344","chrX","155632548","155632709","34","143569370"
"chr16","12065714","12065824","chr20","16652596","16652702","20","4586882"
"chr16","12340019","12340327","chr16","12169318","12169626","3","170701"
"chr16","12388314","12388605","chr16","12219100","12219392","5","169214"
"chr16","12416628","12416708","chr8","46091691","46091777","24","33675063"
"chr16","12545917","12546204","chr10","100692071","100692357","63","88146154"
"chr16","12809146","12809454","chr16","12652412","12652719","5","156734"
"chr16","12873504","12873584","chr3","181238196","181238292","29","168364692"
"chr16","12899962","12900129","chr16","12744258","12744430","6","155704"
"chr16","12915787","12916051","chr7","130074178","130074430","64","117158391"
"chr16","12945976","12946101","chr1","6844228","6844361","30","6101748"
"chr16","12993607","12993810","chr10","116873459","116873650","41","103879852"
"chr16","13140135","13140431","chr16","12993405","12993715","16","146730"
"chr16","13146416","13146705","chr16","12999713","12999999","10","146703"
"chr16","13183626","13183927","chr16","13037612","13037915","6","146014"
"chr16","13213272","13213598","chr5","78863209","78863532","44","65649937"
"chr16","13262399","13262703","chr16","13120492","13120796","2","141907"
"chr16","13325864","13326162","chr16","13183743","13184043","4","142121"
"chr16","13332067","13332307","chr16","13189952","13190194","3","142115"
"chr16","13374695","13374984","chr4","141675086","141675389","55","128300391"
"chr16","13599275","13599521","chr6","18389413","18389669","37","4790138"
"chr16","13753057","13753348","chr16","13614612","13614905","2","138445"
"chr16","13904096","13904395","chr16","13764596","13764895","2","139500"
"chr16","13937850","13937950","chr17","63805822","63805920","21","49867972"
"chr16","13945933","13946067","chr2A","32693701","32693835","25","18747768"
"chr16","13959279","13959571","chr16","13820086","13820381","4","139193"
"chr16","14002587","14002898","chr16","13864796","13865106","8","137791"
"chr16","14020944","14021222","chr16","13883992","13884270","0","136952"
"chr16","14064567","14064874","chr6","82821125","82821427","38","68756558"
"chr16","14286573","14286620","chr10","27042861","27042906","15","12756288"
"chr16","14338463","14338746","chr16","14212342","14212645","22","126121"
"chr16","14350735","14351010","chr1","186481384","186481647","46","172130649"
"chr16","14380948","14381037","chr3","181238196","181238292","26","166857248"
"chr16","14418039","14418183","chr16","52369926","52370074","21","37951887"
"chr16","14451003","14451211","chr4","153385655","153385852","47","138934652"
"chr16","14665783","14665943","chr5","118509498","118509662","33","103843715"
"chr16","14669056","14669430","chr4","17426702","17427066","80","2757646"
"chr16","14686615","14686852","chr2A","29503231","29503467","31","14816616"
"chr16","14711856","14712146","chr16","14590524","14590816","6","121332"
"chr16","14732550","14732663","chr5","172392908","172393028","29","157660358"
"chr16","14735119","14735428","chr16","14613126","14613436","4","121993"
"chr16","14745554","14745627","chr17","4261422","4261478","22","10484132"
"chr16","14855846","14856154","chr16","14733833","14734141","0","122013"
"chr16","14863822","14864107","chr16","14741849","14742134","0","121973"
"chr16","14902703","14902859","chr15","77710316","77710474","25","62807613"
"chr16","14912421","14912691","chr16","14793302","14793572","1","119119"
"chr16","14951265","14951464","chr16","66570667","66570862","31","51619402"
"chr16","14978137","14978447","chr1","40744276","40744578","8","25766139"
"chr16","15032203","15032489","chr16","14917616","14917902","1","114587"
"chr16","15052114","15052269","chr19","5706316","5706462","27","9345798"
"chr16","15055025","15055326","chr16","14982621","14982919","4","72404"
"chr16","15725172","15725311","chr2A","32693701","32693835","27","16968529"
"chr16","15729166","15729258","chr14","100673591","100673682","18","84944425"
"chr16","15746105","15746257","chr1","139360860","139361014","32","123614755"
"chr16","15761392","15761696","chr16","15555015","15555319","0","206377"
"chr16","15763404","15763696","chr16","15557028","15557320","1","206376"
"chr16","15764690","15764991","chr16","15558315","15558623","14","206375"
"chr16","15775494","15775611","chr2B","199271339","199271453","28","183495845"
"chr16","15800565","15800715","chr14","73378899","73379049","31","57578334"
"chr16","15836203","15836505","chr6","18167423","18167728","39","2331220"
"chr16","15838804","15838951","chr9","112064180","112064330","27","96225376"
"chr16","15865735","15866017","chrX","13556795","13557076","44","2308940"
"chr16","15934763","15934857","chr14","100673591","100673682","18","84738828"
"chr16","15953569","15953669","chr14","100673591","100673682","25","84720022"
"chr16","15954451","15954750","chr1","53118077","53118382","37","37163626"
"chr16","15959198","15959494","chr2A","63086723","63087016","40","47127525"
"chr16","16033584","16033718","chr16","15821322","15821456","1","212262"
"chr16","16057759","16057983","chrX","121365166","121365392","40","105307407"
"chr16","16060911","16061053","chr16","15848937","15849096","22","211974"
"chr16","16097010","16097186","chrX","71354640","71354795","40","55257630"
"chr16","16901292","16901594","chr16","16680909","16681211","7","220383"
"chr16","16967273","16967576","chr16","16749176","16749483","6","218097"
"chr16","16999175","16999226","chr8","34512079","34512121","21","17512904"
"chr16","17001664","17001972","chr16","16784353","16784658","4","217311"
"chr16","17015199","17015475","chr9","27155451","27155722","47","10140252"
"chr16","17249016","17249156","chr5","139945451","139945585","26","122696435"
"chr16","17323707","17323834","chr2B","207026381","207026509","11","189702674"
"chr16","17327109","17327411","chr16","17115335","17115643","7","211774"
"chr16","17332980","17333095","chr2B","207026815","207026935","22","189693835"
"chr16","17383140","17383424","chr16","17172773","17173057","0","210367"
"chr16","17433399","17433698","chrX","77747703","77748000","34","60314304"
"chr16","17528909","17529211","chr16","17318893","17319187","10","210016"
"chr16","17554543","17554688","chr16","17344552","17344697","2","209991"
"chr16","17597140","17597426","chr3","29073319","29073614","36","11476179"
"chr16","17607988","17608285","chr16","17397355","17397657","5","210633"
"chr16","17661768","17661931","chr22","16225217","16225380","25","1436551"
"chr16","17661958","17662074","chr8","136637555","136637672","19","118975597"
"chr16","17683716","17684020","chr16","17473175","17473480","7","210541"
"chr16","17861473","17861775","chr16","17670878","17671179","4","190595"
"chr16","18040051","18040261","chr16","17850326","17850541","7","189725"
"chr16","19046742","19046854","chr20","16652596","16652702","27","2394146"
"chr16","19057934","19057988","chr7","100782569","100782620","14","81724635"
"chr16","19058610","19058763","chr4","40065116","40065274","22","21006506"
"chr16","19064616","19064734","chr18","46323703","46323831","26","27259087"
"chr16","19064736","19064847","chr20","16652596","16652702","22","2412140"
"chr16","19087687","19087998","chr16","18842894","18843205","3","244793"
"chr16","19136584","19136763","chr7","98612265","98612439","27","79475681"
"chr16","19139382","19139671","chr16","18899678","18899967","1","239704"
"chr16","19141645","19141825","chr12","40741439","40741620","33","21599794"
"chr16","19148730","19149022","chrX","43814540","43814832","43","24665810"
"chr16","19197205","19197309","chr16","18958649","18958753","0","238556"
"chr16","19211290","19211504","chr16","18972958","18973172","0","238332"
"chr16","19384795","19385097","chr16","19148962","19149262","15","235833"
"chr16","19433804","19433974","chr11","43973183","43973348","33","24539379"
"chr16","19473850","19474112","chr9","133517048","133517309","56","114043198"
"chr16","19522393","19522551","chr14","90217475","90217625","52","70695082"
"chr16","19523273","19523539","chr5","125265839","125266119","43","105742566"
"chr16","19548550","19548682","chr1","46484701","46484838","21","26936151"
"chr16","19654180","19654478","chr16","19423785","19424083","1","230395"
"chr16","19669153","19669241","chr13","24059413","24059502","20","4390260"
"chr16","19678523","19678611","chr13","24059413","24059502","19","4380890"
"chr16","19729876","19730097","chr16","19501560","19501782","2","228316"
"chr16","19786105","19786191","chr3","181238196","181238292","18","161452091"
"chr16","19819450","19819650","chr16","19591940","19592143","4","227510"
"chr16","19823758","19824058","chr10","6328812","6329106","42","13494946"
"chr16","19827416","19827669","chr16","19599922","19600176","2","227494"
"chr16","19874722","19875026","chr16","19648105","19648416","8","226617"
"chr16","19903630","19903925","chr6","106386729","106387024","41","86483099"
"chr16","19927839","19927976","chr1","214242319","214242461","21","194314480"
"chr16","19966046","19966319","chr16","19741840","19742115","4","224206"
"chr16","20008454","20008766","chr14","80349139","80349450","44","60340685"
"chr16","20049125","20049421","chr16","19827169","19827468","5","221956"
"chr16","20088162","20088473","chr16","19866280","19866588","4","221882"
"chr16","20139706","20139807","chr20","16652596","16652702","28","3487110"
"chr16","20203819","20204019","chr16","19978350","19978552","3","225469"
"chr16","20328533","20328632","chr12","12586014","12586108","18","7742519"
"chr16","20346966","20347082","chr2A","62538961","62539069","26","42191995"
"chr16","20357986","20358080","chr3","181238196","181238292","16","160880210"
"chr16","20441783","20441894","chr12","12586014","12586108","34","7855769"
"chr16","20441923","20441937","chr7","54023042","54023058","9","33581119"
"chr16","20463446","20463659","chr16","20238556","20238749","21","224890"
"chr16","20475474","20475758","chr16","20252597","20252881","4","222877"
"chr16","20734907","20735219","chr16","20479842","20480152","4","255065"
"chr16","20953576","20953874","chr16","20744977","20745275","2","208599"
"chr16","20969880","20970152","chr16","20761831","20762103","1","208049"
"chr16","20985081","20985302","chr1","129385965","129386195","37","108400884"
"chr16","21006371","21006539","chr6","37299122","37299292","19","16292751"
"chr16","21018829","21018961","chr6","32977669","32977801","18","11958840"
"chr16","21116031","21116276","chr16","20912393","20912638","0","203638"
"chr16","21119244","21119528","chr16","20915611","20915895","1","203633"
"chr16","21150330","21150454","chr2B","207026815","207026935","24","185876485"
"chr16","21173694","21173988","chr16","20970095","20970389","1","203599"
"chr16","21177574","21177676","chr1","87599106","87599219","40","66421532"
"chr16","21338429","21338579","chr9","15289702","15289841","34","6048727"
"chr16","21373664","21373955","chr16","21169992","21170286","4","203672"
"chr16","21411273","21411384","chr2B","207026815","207026935","24","185615542"
"chr16","22209366","22209661","chr2A","72126431","72126725","29","49917065"
"chr16","22235195","22235491","chr16","87667079","87667379","4","65431884"
"chr16","22309192","22309491","chr16","22106230","22106515","22","202962"
"chr16","22320511","22320825","chr16","22117486","22117809","11","203025"
"chr16","22352086","22352235","chr16","22149157","22149310","5","202929"
"chr16","22453062","22453362","chr16","22249642","22249945","3","203420"
"chr16","22485798","22486088","chr16","22283086","22283376","0","202712"
"chr16","22542810","22543136","chr16","22338756","22339083","3","204054"
"chr16","22546753","22546952","chr16","22342697","22342897","2","204056"
"chr16","22548072","22548205","chr7","98799935","98800067","31","76251863"
"chr16","22563170","22563309","chr4","25636990","25637130","28","3073820"
"chr16","22586239","22586545","chr16","22381849","22382155","2","204390"
"chr16","23093168","23093388","chr16","22936619","22936839","0","156549"
"chr16","23093859","23094149","chr16","22937310","22937600","1","156549"
"chr16","23098129","23098417","chr16","22941571","22941869","16","156558"
"chr16","23118034","23118332","chr16","22961464","22961763","1","156570"
"chr16","23135270","23135408","chr1","46484701","46484838","19","23349431"
"chr16","23186366","23186678","chr16","23030389","23030701","0","155977"
"chr16","23206085","23206389","chr12","711388","711691","35","22494697"
"chr16","23426554","23426864","chr16","23272525","23272836","3","154029"
"chr16","23428493","23428769","chr16","23274467","23274769","28","154026"
"chr16","23450698","23450979","chr16","23296360","23296656","16","154338"
"chr16","23519992","23520288","chr7","31126153","31126447","47","7606161"
"chr16","23530934","23531018","chr1","33246348","33246407","36","9715414"
"chr16","23623025","23623191","chr16","23468518","23468684","0","154507"
"chr16","23725833","23725985","chr18","71387731","71387881","33","47661898"
"chr16","23727618","23727702","chr8","46091691","46091777","17","22364073"
"chr16","23752481","23752776","chr16","23603614","23603913","7","148867"
"chr16","23761396","23761515","chr2B","142240066","142240170","35","118478670"
"chr16","23764578","23764890","chr16","23615689","23616003","8","148889"
"chr16","23764935","23765026","chr14","100673591","100673682","18","76908656"
"chr16","23782996","23783098","chr2B","210790127","210790232","21","187007131"
"chr16","23806095","23806390","chr16","23657829","23658129","6","148266"
"chr16","23862530","23862823","chr1","129337688","129337979","38","105475158"
"chr16","23882802","23882937","chr9","122440275","122440408","30","98557473"
"chr16","23977084","23977235","chr12","116901091","116901239","36","92924007"
"chr16","23993263","23993570","chr5","179763404","179763707","40","155770141"
"chr16","24008959","24009068","chr2B","199271339","199271453","29","175262380"
"chr16","24030149","24030349","chr14","68950362","68950560","37","44920213"
"chr16","24046771","24047064","chr16","23904467","23904760","1","142304"
"chr16","24189539","24189809","chr7","150409458","150409752","66","126219919"
"chr16","24295686","24295994","chr16","24158530","24158859","25","137156"
"chr16","24356757","24357037","chr16","24221986","24222287","25","134771"
"chr16","24380632","24380935","chr3","70178087","70178389","36","45797455"
"chr16","24382816","24383045","chr20","39042683","39042910","30","14659867"
"chr16","24513940","24514239","chr16","24379450","24379749","0","134490"
"chr16","24549950","24550204","chr8","26737911","26738173","57","2187961"
"chr16","24675550","24675877","chr16","24537977","24538302","8","137573"
"chr16","24680566","24680865","chr16","24543122","24543423","4","137444"
"chr16","24721841","24721938","chr3","181238196","181238292","17","156516355"
"chr16","24739989","24740123","chr16","24605896","24606030","0","134093"
"chr16","24752777","24753070","chr16","24617687","24617972","9","135090"
"chr16","24813014","24813301","chr16","24678828","24679115","0","134186"
"chr16","24856609","24856779","chr16","24725411","24725582","4","131198"
"chr16","24860201","24860484","chr3","113498762","113499043","45","88638561"
"chr16","24871074","24871380","chr4","55135438","55135745","34","30264364"
"chr16","24950219","24950326","chr2B","205936995","205937106","27","180986776"
"chr16","24975126","24975336","chr16","24850452","24850662","0","124674"
"chr16","25025528","25025830","chr16","24900827","24901129","2","124701"
"chr16","25040361","25040607","chr16","24915668","24915918","5","124693"
"chr16","25157859","25158099","chr6","160192592","160192810","63","135034733"
"chr16","25214049","25214140","chr14","100673591","100673682","25","75459542"
"chr16","25247404","25247644","chr16","25123755","25123995","2","123649"
"chr16","25269006","25269115","chr20","16652596","16652702","22","8616410"
"chr16","25290864","25291141","chr16","25167665","25167944","4","123199"
"chr16","25308832","25308968","chr19","4055014","4055149","24","21253818"
"chr16","25442430","25442738","chr16","25322372","25322682","4","120058"
"chr16","25444056","25444334","chr16","25323968","25324245","4","120088"
"chr16","25516537","25516762","chr8","45705128","45705355","23","20188591"
"chr16","25521654","25521757","chr14","100673591","100673682","21","75151937"
"chr16","25598280","25598369","chr3","181238196","181238292","24","155639916"
"chr16","26071474","26071612","chrUn_GL394737","20401","20541","15","26051073"
"chr16","26121009","26121302","chr16","25928251","25928548","5","192758"
"chr16","26169386","26169693","chr16","25976668","25976978","4","192718"
"chr16","26273156","26273381","chr16","26081142","26081372","6","192014"
"chr16","26292098","26292216","chr8","26723415","26723536","24","431317"
"chr16","26394924","26394965","chr3","12945284","12945334","11","13449640"
"chr16","26430469","26430773","chr16","26239330","26239617","17","191139"
"chr16","26984904","26985114","chr16","26803895","26804104","4","181009"
"chr16","27099080","27099344","chr16","26925947","26926241","35","173133"
"chr16","27134759","27135038","chr16","26961690","26961969","0","173069"
"chr16","27213718","27214020","chr5","51681828","51682125","39","24468110"
"chr16","27258759","27258861","chr3","198268184","198268291","22","171009425"
"chr16","27387034","27387182","chr19","61741211","61741358","19","34354177"
"chr16","27405942","27406045","chr6","43748996","43749100","12","16343054"
"chr16","27413452","27413570","chr2B","199271339","199271453","27","171857887"
"chr16","27494213","27494506","chr22","30890829","30891119","42","3396616"
"chr16","27503955","27504248","chr16","27340463","27340758","3","163492"
"chr16","27570024","27570093","chr1","27390807","27390868","32","179217"
"chr16","27624015","27624169","chr4","173082445","173082598","28","145458430"
"chr16","27628461","27628672","chr16","27467529","27467741","2","160932"
"chr16","27646472","27646689","chr3","112550648","112550856","37","84904176"
"chr16","27669790","27670082","chr16","27511627","27511938","24","158163"
"chr16","27677770","27678059","chr16","27517585","27517878","6","160185"
"chr16","27710873","27711020","chr4","28030717","28030863","28","319844"
"chr16","27728753","27729057","chr16","27569744","27570050","5","159009"
"chr16","27745587","27745885","chr16","27586776","27587074","0","158811"
"chr16","27749610","27749920","chr16","27590784","27591094","5","158826"
"chr16","27788797","27789115","chr16","27630051","27630315","54","158746"
"chr16","27995489","27995792","chr16","27841096","27841401","3","154393"
"chr16","28025958","28026079","chr1","129260001","129260119","18","101234043"
"chr16","28187355","28187655","chr16","28036732","28037042","13","150623"
"chr16","28306020","28306162","chr16","28156668","28156813","3","149352"
"chr16","28361198","28361483","chr16","28209721","28210006","0","151477"
"chr16","28564353","28564652","chr16","28414505","28414814","11","149848"
"chr16","28588985","28589079","chr1","160944586","160944680","16","132355601"
"chr16","28609656","28609916","chr16","28460592","28460873","25","149064"
"chr16","28638748","28639117","chr8","4922499","4922847","85","23716249"
"chr16","28654517","28654827","chr16","28504804","28505114","2","149713"
"chr16","28673844","28673958","chr5","172392908","172393028","25","143719064"
"chr16","28998391","28998572","chrX","40680414","40680584","37","11682023"
"chr16","29025158","29025293","chr1","25830186","25830316","28","3194972"
"chr16","29025608","29025778","chr6","37846623","37846781","41","8821015"
"chr16","29027569","29027707","chr4","51557575","51557711","19","22530006"
"chr16","29058273","29058483","chr16","28836787","28836997","5","221486"
"chr16","29217952","29218263","chr16","28984083","28984394","1","233869"
"chr16","29228721","29229024","chr16","28996079","28996385","4","232642"
"chr16","29235255","29235547","chr3","188792402","188792702","28","159557147"
"chr16","29238240","29238542","chr16","29006198","29006497","4","232042"
"chr16","29238567","29238877","chr16","29006522","29006833","1","232045"
"chr16","29239401","29239620","chr16","29007382","29007601","0","232019"
"chr16","29320188","29320382","chr16","29088164","29088361","5","232024"
"chr16","29322234","29322446","chr16","62125835","62126062","35","32803601"
"chr16","29324255","29324549","chr6","13870753","13871048","41","15453502"
"chr16","29328517","29328821","chr16","29097702","29098005","3","230815"
"chr16","29988284","29988464","chr18","50259282","50259463","33","20270998"
"chr16","30006983","30007294","chr16","29767670","29767990","12","239313"
"chr16","30009375","30009673","chr16","29770757","29771064","9","238618"
"chr16","30018805","30018886","chr3","46579108","46579189","10","16560303"
"chr16","30124339","30124528","chr5","89559214","89559403","35","59434875"
"chr16","30126984","30127298","chr7","153600428","153600738","41","123473444"
"chr16","30158502","30158641","chr1","28473465","28473606","30","1685037"
"chr16","30188330","30188495","chr16","29960836","29961001","1","227494"
"chr16","30189511","30189801","chr16","29962018","29962303","7","227493"
"chr16","30249282","30249375","chr14","100673591","100673682","25","70424309"
"chr16","30275018","30275298","chr15","74521296","74521578","46","44246278"
"chr16","30285862","30286171","chr3","160512729","160513033","31","130226867"
"chr16","30300639","30300762","chr5","172392908","172393028","25","142092269"
"chr16","30330030","30330318","chr17","10087808","10088096","8","20242222"
"chr16","30401340","30401644","chr16","30169717","30170022","4","231623"
"chr16","30413840","30413944","chr5","40886790","40886895","27","10472950"
"chr16","30418078","30418380","chr16","30189943","30190245","2","228135"
"chr16","30418931","30419150","chr4","155078134","155078343","46","124659203"
"chr16","30475862","30476135","chr16","30249554","30249827","1","226308"
"chr16","30516611","30516916","chr1","215947788","215948086","53","185431177"
"chr16","30518711","30519024","chr16","30303050","30303361","12","215661"
"chr16","30533664","30533968","chr3","116099013","116099311","60","85565349"
"chr16","30539354","30539523","chr11","43973183","43973348","32","13433829"
"chr16","30540215","30540529","chr16","30329555","30329864","6","210660"
"chr16","30710987","30711289","chr16","30470014","30470318","5","240973"
"chr16","30832976","30833063","chr16","30597942","30598029","0","235034"
"chr16","30922979","30923112","chr19","13078691","13078823","15","17844288"
"chr16","30960373","30960664","chr3","190729274","190729564","50","159768901"
"chr16","30960665","30960765","chr14","100673591","100673682","24","69712926"
"chr16","30997379","30997677","chr16","30768234","30768530","4","229145"
"chr16","30999622","30999764","chr11","46694965","46695109","22","15695343"
"chr16","31122461","31122757","chr16","30899603","30899897","8","222858"
"chr16","31156178","31156368","chr11","24500003","24500188","29","6656175"
"chr16","31164044","31164348","chr1","221283324","221283629","30","190119280"
"chr16","31196234","31196398","chr3","62158483","62158648","28","30962249"
"chr16","31255757","31255969","chr19","46026086","46026292","30","14770329"
"chr16","31307090","31307397","chr16","31087376","31087683","0","219714"
"chr16","31385193","31385359","chr19","3832753","3832920","23","27552440"
"chr16","31385672","31385733","chr1","130379185","130379250","10","98993513"
"chr16","31385734","31385861","chr5","172392908","172393028","27","141007174"
"chr16","31416901","31417201","chr16","31203825","31204122","3","213076"
"chr16","31427153","31427260","chr2B","199271339","199271453","28","167844186"
"chr16","31475241","31475587","chr12","34986139","34986481","124","3510898"
"chr16","31534036","31534146","chr3","181144080","181144190","10","149610044"
"chr16","31545359","31545688","chr19","60187163","60187454","60","28641804"
"chr16","31753895","31754071","chr19","12415182","12415357","22","19338713"
"chr16","31807890","31808188","chr16","31606324","31606625","3","201566"
"chr16","31857263","31857564","chr16","31657548","31657850","1","199715"
"chr16","31864527","31864821","chr22","20436184","20436487","54","11428343"
"chr16","31903766","31903925","chr16","32052089","32052241","18","148323"
"chr16","32243722","32244021","chr16","31987710","31988009","5","256012"
"chr16","32308266","32308418","chr16","32052089","32052241","1","256177"
"chr16","44761710","44761965","chr16","44517011","44517267","8","244699"
"chr16","44921467","44921558","chr1","160944586","160944680","17","116023119"
"chr16","44935005","44935305","chr16","44695832","44696132","2","239173"
"chr16","44977065","44977295","chr12","62516811","62517050","34","17539746"
"chr16","45131806","45132100","chr16","44900340","44900639","7","231466"
"chr16","45404348","45404496","chr16","45167632","45167780","1","236716"
"chr16","45405552","45405779","chr16","45168845","45169072","1","236707"
"chr16","45434175","45434500","chr15","87714003","87714293","77","42279828"
"chr16","45603816","45604104","chr11","61662149","61662433","40","16058333"
"chr16","45621831","45622141","chr16","45391085","45391395","2","230746"
"chr16","45622410","45622705","chr16","45391664","45391959","2","230746"
"chr16","45645018","45645321","chr1","33202253","33202559","35","12442765"
"chr16","45739555","45739620","chr6","163525911","163525974","28","117786356"
"chr16","45770431","45770726","chr16","45548191","45548487","3","222240"
"chr16","45779031","45779122","chr1","160944586","160944680","20","115165555"
"chr16","45828773","45828876","chr3","181238196","181238292","22","135409423"
"chr16","45869638","45869931","chr2B","207319161","207319456","45","161449523"
"chr16","45907928","45908045","chr5","172392908","172393028","24","126484980"
"chr16","45939447","45939741","chr4","174130293","174130586","29","128190846"
"chr16","45975456","45975610","chr1","11780192","11780341","26","34195264"
"chr16","45975996","45976120","chr14","41373344","41373461","42","4602652"
"chr16","45995722","45995994","chr6","5123555","5123823","42","40872167"
"chr16","46023123","46023431","chr16","45806842","45807159","10","216281"
"chr16","46026444","46026746","chr16","45810368","45810659","23","216076"
"chr16","46044417","46044712","chr16","45828871","45829166","1","215546"
"chr16","46089101","46089188","chr8","46091691","46091777","20","2590"
"chr16","46105423","46105721","chr16","45893567","45893865","2","211856"
"chr16","46113964","46114248","chr16","45901828","45902113","3","212136"
"chr16","46120197","46120284","chr3","181238196","181238292","30","135117999"
"chr16","46265623","46265916","chr3","33283512","33283805","62","12982111"
"chr16","46273730","46274031","chr16","46064460","46064761","0","209270"
"chr16","46963492","46963661","chr16","46760579","46760748","0","202913"
"chr16","47165624","47165918","chr16","46969139","46969436","8","196485"
"chr16","47387186","47387278","chr3","181238196","181238292","23","133851010"
"chr16","47415244","47415489","chr16","47223695","47223957","17","191549"
"chr16","47446151","47446454","chr16","47254608","47254912","2","191543"
"chr16","47459130","47459284","chr10","35895830","35895980","28","11563300"
"chr16","47480762","47481061","chr4","131410022","131410319","42","83929260"
"chr16","47506422","47506603","chr6","120323249","120323422","35","72816827"
"chr16","47531544","47531642","chr1","182725129","182725248","35","135193585"
"chr16","47599884","47599956","chr17","4261422","4261478","22","43338462"
"chr16","47618637","47618924","chr16","47432307","47432593","2","186330"
"chr16","47626024","47626317","chr16","47440656","47440956","8","185368"
"chr16","47632065","47632366","chr3","173983076","173983369","46","126351011"
"chr16","47751751","47751856","chr22","33938435","33938535","30","13813316"
"chr16","47767400","47767596","chr17","54503313","54503512","25","6735913"
"chr16","47789566","47789870","chr16","47608712","47609013","5","180854"
"chr16","47932248","47932515","chr16","47751210","47751497","20","181038"
"chr16","47983638","47983944","chr16","47803652","47803963","8","179986"
"chr16","48106906","48107219","chr16","47926380","47926691","3","180526"
"chr16","48359389","48359700","chr16","48192940","48193250","4","166449"
"chr16","48364452","48364761","chr16","48198000","48198308","12","166452"
"chr16","48516928","48516965","chr13","108019514","108019545","11","59502586"
"chr16","48517131","48517174","chr7","5019603","5019643","14","43497528"
"chr16","48517182","48517464","chr16","48352680","48352962","1","164502"
"chr16","48906846","48907135","chr16","48749341","48749633","12","157505"
"chr16","49008464","49008694","chr16","48856249","48856479","1","152215"
"chr16","49153899","49154063","chr1","226232780","226232939","27","177078881"
"chr16","49163728","49163813","chr3","27665315","27665404","22","21498413"
"chr16","49169714","49170025","chr16","49000962","49001274","1","168752"
"chr16","49181097","49181389","chr12","109503944","109504236","30","60322847"
"chr16","49196725","49197042","chr16","49028646","49028956","27","168079"
"chr16","49198768","49199060","chr16","49030948","49031243","3","167820"
"chr16","49223221","49223292","chr17","4261422","4261478","23","44961799"
"chr16","49223800","49224067","chr15","62976741","62977004","75","13752941"
"chr16","49272495","49272774","chr12","21022945","21023219","42","28249550"
"chr16","49284837","49285021","chr2B","170259168","170259351","26","120974331"
"chr16","49291917","49292192","chr16","49126413","49126688","2","165504"
"chr16","49294355","49294653","chr16","49128813","49129115","8","165542"
"chr16","49295983","49296278","chr16","49130440","49130736","2","165543"
"chr16","49315153","49315412","chr16","49150665","49150926","6","164488"
"chr16","49317032","49317154","chr5","172392908","172393028","33","123075876"
"chr16","49343213","49343491","chr2A","69081259","69081540","48","19738046"
"chr16","49370326","49370621","chr16","49206483","49206792","21","163843"
"chr16","49474361","49474441","chr8","46091691","46091777","21","3382670"
"chr16","49480466","49480582","chr2B","199271339","199271453","20","149790873"
"chr16","49643696","49643989","chr16","49488010","49488305","4","155686"
"chr16","49748058","49748344","chr16","49596060","49596351","8","151998"
"chr16","49798430","49798599","chr11","43973183","43973348","34","5825247"
"chr16","49844355","49844454","chr14","100673591","100673682","20","50829236"
"chr16","49847442","49847746","chr16","49695404","49695710","3","152038"
"chr16","50363959","50364255","chr11","32541172","32541471","29","17822787"
"chr16","50410061","50410278","chr16","50268049","50268266","0","142012"
"chr16","50609863","50610170","chr16","50473630","50473937","4","136233"
"chr16","50649693","50649988","chr16","50513472","50513767","1","136221"
"chr16","50978046","50978347","chr16","50844519","50844822","3","133527"
"chr16","51148111","51148401","chr16","51015505","51015796","4","132606"
"chr16","51159866","51160187","chr16","51028911","51029234","2","130955"
"chr16","51173041","51173344","chr16","51042715","51043018","0","130326"
"chr16","51422718","51422808","chr14","100673591","100673682","15","49250873"
"chr16","51830318","51830615","chr16","51707084","51707381","4","123234"
"chr16","52183746","52184045","chr16","52066809","52067108","0","116937"
"chr16","52275012","52275299","chr19","9203152","9203445","33","43071860"
"chr16","52640761","52641056","chr16","52318161","52318457","3","322600"
"chr16","52733539","52733834","chr16","52415974","52416270","3","317565"
"chr16","52736923","52737205","chr6","139604733","139605014","51","86867810"
"chr16","52765387","52765611","chr1","129385965","129386195","42","76620578"
"chr16","52766517","52766818","chr16","52449634","52449935","0","316883"
"chr16","52858075","52858204","chr1","6844228","6844361","24","46013847"
"chr16","52864325","52864617","chr16","52547467","52547761","5","316858"
"chr16","52876696","52876867","chr19","52729769","52729940","27","146927"
"chr16","53001094","53001254","chr7","15507240","15507400","23","37493854"
"chr16","53038463","53038626","chr15","85650314","85650491","35","32611851"
"chr16","53041715","53042007","chr16","52726471","52726762","5","315244"
"chr16","53048419","53048698","chr16","52733166","52733447","4","315253"
"chr16","53050761","53050926","chr20","33771857","33772021","30","19278904"
"chr16","53066121","53066403","chr2A","27802322","27802614","45","25263799"
"chr16","53145828","53146140","chr16","52839704","52840016","8","306124"
"chr16","53309216","53309485","chr16","52978455","52978724","1","330761"
"chr16","53367810","53368120","chr16","53042703","53043016","5","325107"
"chr16","53394892","53395112","chr16","53069771","53069992","1","325121"
"chr16","53682036","53682142","chr17","74283568","74283659","34","20601532"
"chr16","53703926","53704222","chr7","130462603","130462897","57","76758677"
"chr16","53793231","53793541","chr5","177311000","177311301","51","123517769"
"chr16","53797663","53797878","chr16","53478368","53478612","30","319295"
"chr16","53825051","53825398","chr16","53507020","53507370","6","318031"
"chr16","53867717","53868017","chr16","53551468","53551768","6","316249"
"chr16","54104843","54105146","chr16","53805977","53806283","13","298866"
"chr16","54137657","54137960","chrX","9943873","9944173","37","44193784"
"chr16","54194965","54195252","chr14","60760952","60761239","54","6565987"
"chr16","54283019","54283323","chr3","172072559","172072861","47","117789540"
"chr16","54331701","54331872","chr19","41407689","41407865","27","12924012"
"chr16","54799663","54799960","chr6","53410190","53410500","44","1389473"
"chr16","54829131","54829242","chr2B","205936995","205937106","19","151107864"
"chr16","55307028","55307329","chr16","54951121","54951420","6","355907"
"chr16","55392819","55393106","chr16","55039671","55039958","1","353148"
"chr16","55825884","55826110","chr16","55480972","55481196","2","344912"
"chr16","55901089","55901184","chr9","80389825","80389922","19","24488736"
"chr16","55976355","55976649","chr16","55635441","55635738","6","340914"
"chr16","56037174","56037332","chr16","55698080","55698238","0","339094"
"chr16","56046021","56046234","chrX","22098624","22098838","34","33947397"
"chr16","56046616","56046736","chr5","172392908","172393028","30","116346292"
"chr16","56071916","56072090","chr19","50831478","50831654","38","5240438"
"chr16","56097000","56097300","chr16","55761114","55761416","3","335886"
"chr16","56101506","56101637","chr13","22694842","22694978","29","33406664"
"chr16","56109305","56109622","chr16","55773661","55773977","5","335644"
"chr16","56116067","56116245","chr4","98964110","98964298","45","42848043"
"chr16","56117413","56117714","chr16","55781349","55781662","16","336064"
"chr16","56117961","56118245","chr16","55781349","55781662","33","336612"
"chr16","56124823","56125121","chr16","55788304","55788601","17","336519"
"chr16","56168713","56168840","chr8","26723415","26723536","25","29445298"
"chr16","56235727","56235851","chr1","6844228","6844361","32","49391499"
"chr16","56351969","56352254","chr5","156807292","156807580","42","100455323"
"chr16","56399353","56399646","chr16","56066331","56066623","2","333022"
"chr16","56694090","56694399","chr14","71521635","71521941","47","14827545"
"chr16","56833632","56833927","chr16","56511810","56512101","6","321822"
"chr16","56857358","56857409","chr8","27154999","27155049","14","29702359"
"chr16","56988805","56988987","chr2A","62881330","62881509","34","5892525"
"chr16","57007329","57007627","chr16","56682596","56682896","2","324733"
"chr16","57238654","57238963","chr16","56921088","56921395","5","317566"
"chr16","57240427","57240586","chr9","112064180","112064330","23","54823753"
"chr16","57309940","57310217","chr16","56993587","56993893","30","316353"
"chr16","57343115","57343197","chr14","100673591","100673682","16","43330476"
"chr16","57412168","57412464","chr16","57096640","57096936","2","315528"
"chr16","57495307","57495592","chr16","57181930","57182223","31","313377"
"chr16","57516119","57516255","chr8","26723415","26723536","31","30792704"
"chr16","57528004","57528316","chr16","57212718","57213032","7","315286"
"chr16","57541897","57542199","chr16","57227187","57227484","7","314710"
"chr16","57571086","57571255","chrX","77578940","77579102","35","20007854"
"chr16","57578586","57578889","chr16","57264597","57264900","3","313989"
"chr16","57608023","57608345","chr16","57295623","57295949","5","312400"
"chr16","57645774","57646063","chr1","153275358","153275649","35","95629584"
"chr16","57680663","57680969","chr9","116030892","116031165","76","58350229"
"chr16","57785883","57786175","chr16","57482370","57482662","13","303513"
"chr16","57860617","57860911","chr16","57562078","57562373","1","298539"
"chr16","57886401","57886560","chr14","49207210","49207370","45","8679191"
"chr16","57908395","57908701","chr4","141934893","141935195","47","84026498"
"chr16","57926545","57926858","chr16","57629858","57630168","3","296687"
"chr16","57928859","57929166","chrX","71195993","71196297","52","13267134"
"chr16","57961490","57961780","chr16","57665210","57665505","6","296280"
"chr16","58009678","58009822","chr1","214242319","214242461","19","156232641"
"chr16","58009912","58010219","chr16","57714542","57714849","0","295370"
"chr16","58011801","58012090","chr16","57716438","57716728","2","295363"
"chr16","58013458","58013760","chr16","57718101","57718403","3","295357"
"chr16","58055419","58055702","chr16","57761117","57761401","3","294302"
"chr16","58068379","58068637","chr16","57774751","57775009","0","293628"
"chr16","58081798","58082107","chr16","57788661","57788970","2","293137"
"chr16","58100836","58101105","chr16","57809565","57809833","1","291271"
"chr16","58110023","58110323","chr12","60436445","60436744","42","2326422"
"chr16","58153499","58153802","chr16","57864732","57865036","2","288767"
"chr16","58162437","58162616","chrX","130401278","130401469","41","72238841"
"chr16","58207574","58207869","chr16","57920784","57921080","1","286790"
"chr16","58353527","58353732","chr16","58069459","58069665","2","284068"
"chr16","58427605","58427759","chr4","191280374","191280526","32","132852769"
"chr16","58564969","58565046","chr3","122317918","122317994","7","63752949"
"chr16","58604974","58605272","chr16","58310379","58310675","10","294595"
"chr16","58803767","58804074","chr16","58509907","58510215","2","293860"
"chr16","58871292","58871574","chr3","140302327","140302615","56","81431035"
"chr16","58964035","58964347","chr17","56693856","56694160","38","2270179"
"chr16","59082178","59082451","chr2A","34560005","34560283","46","24522173"
"chr16","59090758","59090891","chr4","84675478","84675615","24","25584720"
"chr16","59121201","59121379","chr6","37299122","37299292","23","21822079"
"chr16","59236005","59236083","chr18","13216633","13216692","25","46019372"
"chr16","59274945","59275231","chr16","58992588","58992874","0","282357"
"chr16","59287058","59287195","chr7","156274717","156274856","21","96987659"
"chr16","59580373","59580586","chr16","59303571","59303826","45","276802"
"chr16","59695796","59695926","chr16","59422537","59422667","0","273259"
"chr16","59854557","59854838","chr16","59575791","59576071","1","278766"
"chr16","59887193","59887476","chr16","59608412","59608693","2","278781"
"chr16","60121584","60121873","chr16","59853455","59853743","2","268129"
"chr16","60194384","60194580","chr4","47115904","47116107","46","13078480"
"chr16","60450923","60451004","chr14","100673591","100673682","23","40222668"
"chr16","60608080","60608193","chr20","16652596","16652702","22","43955484"
"chr16","60659184","60659471","chr16","60414731","60415022","5","244453"
"chr16","61080823","61081068","chr16","60844090","60844353","20","236733"
"chr16","61206264","61206561","chr16","60969042","60969339","2","237222"
"chr16","61305230","61305354","chr2B","207026815","207026935","27","145721585"
"chr16","61830329","61830621","chr16","61601244","61601537","2","229085"
"chr16","62031068","62031337","chr16","61801775","61802044","1","229293"
"chr16","62051120","62051432","chr10","66293972","66294281","39","4242852"
"chr16","62335103","62335330","chr16","62125835","62126062","0","209268"
"chr16","62512878","62513157","chr16","62300396","62300675","2","212482"
"chr16","62758657","62758960","chr16","62542448","62542754","8","216209"
"chr16","62839870","62840161","chr16","62626606","62626897","0","213264"
"chr16","62862334","62862651","chr16","62649140","62649457","1","213194"
"chr16","62895007","62895296","chr16","62681665","62681954","5","213342"
"chr16","63092099","63092442","chr16","62880616","62880932","33","211483"
"chr16","63118787","63119078","chr16","62907275","62907557","17","211512"
"chr16","63227325","63227645","chr7","136078480","136078781","65","72851155"
"chr16","63241768","63242059","chr16","63033883","63034179","6","207885"
"chr16","63299933","63300240","chr16","63092385","63092692","3","207548"
"chr16","63440719","63441017","chr16","63236915","63237222","17","203804"
"chr16","63529370","63529658","chr9","38395432","38395727","42","25133938"
"chr16","63690789","63691051","chr16","63491326","63491591","4","199463"
"chr16","63947313","63947586","chr22","37241094","37241382","40","26706219"
"chr16","64590269","64590579","chr16","64394083","64394393","0","196186"
"chr16","65035143","65035420","chr16","64845902","64846180","4","189241"
"chr16","65081914","65082211","chr16","64894155","64894452","3","187759"
"chr16","65175498","65175774","chr15","81903287","81903567","45","16727789"
"chr16","65192586","65192895","chr16","65005245","65005554","9","187341"
"chr16","65300567","65300858","chr22","41087458","41087742","43","24213109"
"chr16","65391211","65391350","chr2A","32693701","32693835","28","32697510"
"chr16","65418172","65418480","chr16","65232151","65232466","9","186021"
"chr16","65506437","65506634","chr16","65320438","65320635","1","185999"
"chr16","65886260","65886417","chr16","65701280","65701437","1","184980"
"chr16","65946750","65946837","chr14","100673591","100673682","20","34726841"
"chr16","65952944","65953156","chr16","65769609","65769822","2","183335"
"chr16","66015792","66016100","chr16","65832085","65832400","7","183707"
"chr16","66018137","66018430","chr16","65834727","65835032","14","183410"
"chr16","66076717","66076935","chr14","86748721","86748944","50","20672004"
"chr16","66088104","66088393","chr16","65904157","65904446","0","183947"
"chr16","66105574","66105873","chr16","65922273","65922576","4","183301"
"chr16","66106675","66106799","chr15","81017045","81017179","22","14910370"
"chr16","66113853","66114156","chr16","65930703","65931006","2","183150"
"chr16","66193297","66193592","chr16","66011702","66011998","1","181595"
"chr16","66286472","66286747","chr16","66108492","66108800","37","177980"
"chr16","66293855","66293969","chr5","5624013","5624130","34","60669842"
"chr16","66771094","66771400","chr16","66305162","66305465","5","465932"
"chr16","66780392","66780607","chr16","66314560","66314777","4","465832"
"chr16","66781458","66781635","chr16","66315628","66315808","4","465830"
"chr16","66786486","66786574","chr3","181238196","181238292","26","114451710"
"chr16","66797212","66797507","chr16","66331664","66331959","1","465548"
"chr16","66852108","66852406","chr16","66387339","66387658","21","464769"
"chr16","66861359","66861671","chr16","66397508","66397821","5","463851"
"chr16","66861677","66861944","chr16","66397825","66398106","15","463852"
"chr16","66866511","66866629","chr20","16652596","16652702","27","50213915"
"chr16","66906565","66906856","chr16","66444395","66444687","3","462170"
"chr16","66953480","66953646","chr19","59810499","59810662","28","7142981"
"chr16","66986759","66987060","chr16","66525587","66525889","4","461172"
"chr16","67189752","67190046","chr16","66731860","66732160","10","457892"
"chr16","67225734","67225958","chr16","66768527","66768753","2","457207"
"chr16","67244209","67244493","chr19","12928849","12929132","44","54315360"
"chr16","67290221","67290529","chr16","66833872","66834180","2","456349"
"chr16","67304786","67305080","chr16","66848416","66848710","6","456370"
"chr16","67340360","67340651","chr16","66883182","66883491","21","457178"
"chr16","67374425","67374561","chr2A","107195506","107195649","15","39821081"
"chr16","67404922","67405233","chr16","66948780","66949089","5","456142"
"chr16","67526244","67526541","chr3","5045433","5045734","32","62480811"
"chr16","67546111","67546191","chr14","100673591","100673682","26","33127480"
"chr16","67546338","67546442","chr20","16652596","16652702","17","50893742"
"chr16","67548404","67548592","chr4","84946316","84946498","28","17397912"
"chr16","67594221","67594515","chr16","67147093","67147389","3","447128"
"chr16","67629193","67629363","chr15","87173355","87173524","23","19544162"
"chr16","67631150","67631282","chr9","122440275","122440408","29","54809125"
"chr16","67681782","67682082","chr1","29189596","29189901","48","38492186"
"chr16","67684748","67684872","chr13","22694842","22694978","31","44989906"
"chr16","67736634","67736887","chr15","29602472","29602725","41","38134162"
"chr16","67795103","67795366","chr16","67315741","67316005","2","479362"
"chr16","67807344","67807611","chr16","67326549","67326816","0","480795"
"chr16","67811698","67811957","chr17","13388958","13389211","37","54422740"
"chr16","67824363","67824656","chr7","66849030","66849321","40","975333"
"chr16","67826778","67826997","chr16","67347936","67348156","1","478842"
"chr16","67871701","67872004","chr16","67394098","67394402","13","477603"
"chr16","67890148","67890164","chr1","28547144","28547162","7","39343004"
"chr16","67890458","67890626","chr16","67412431","67412604","5","478027"
"chr16","67891098","67891194","chr17","13332748","13332838","18","54558350"
"chr16","67962235","67962523","chr16","67484943","67485227","5","477292"
"chr16","67968377","67968580","chr1","224442789","224442993","29","156474412"
"chr16","67971730","67971834","chr20","16652596","16652702","21","51319134"
"chr16","67975779","67975874","chr22","33938435","33938535","21","34037344"
"chr16","67994323","67994426","chr3","181238196","181238292","28","113243873"
"chr16","68010598","68010805","chr5","32435553","32435771","48","35575045"
"chr16","68010806","68010918","chr2B","210790127","210790232","29","142779321"
"chr16","68040639","68040812","chr4","26666455","26666626","24","41374184"
"chr16","68053287","68053603","chr16","67579727","67580020","23","473560"
"chr16","68082913","68083214","chr5","144315709","144315997","60","76232796"
"chr16","68291118","68291229","chr17","26384310","26384419","19","41906808"
"chr16","68330731","68330965","chr13","86369932","86370166","34","18039201"
"chr16","68338974","68339158","chr22","30033402","30033585","25","38305572"
"chr16","68386993","68387243","chr16","67924356","67924612","10","462637"
"chr16","68451806","68452106","chr16","67990879","67991179","1","460927"
"chr16","68462374","68462669","chr2A","63086723","63087016","34","5375651"
"chr16","68463280","68463578","chr1","140080772","140081067","38","71617492"
"chr16","68480768","68481065","chr5","33131930","33132231","45","35348838"
"chr16","68520745","68520909","chr7","119882850","119883002","32","51362105"
"chr16","68528879","68529177","chr16","68072649","68072947","0","456230"
"chr16","68551567","68551882","chr16","68095832","68096147","2","455735"
"chr16","68582914","68583212","chr10","120134000","120134298","27","51551086"
"chr16","68632787","68633067","chr16","68180338","68180622","17","452449"
"chr16","68633255","68633321","chr17","4261422","4261478","27","64371833"
"chr16","68640555","68640841","chr16","68190347","68190635","3","450208"
"chr16","68646813","68646995","chr16","68196609","68196791","0","450204"
"chr16","68664011","68664185","chr15","85650314","85650491","28","16986303"
"chr16","68665168","68665470","chr6","43707069","43707370","32","24958099"
"chr16","68726813","68727100","chr16","68279571","68279856","3","447242"
"chr16","68740776","68741086","chr16","68294029","68294335","9","446747"
"chr16","68774473","68774778","chr3","188792402","188792702","47","120017929"
"chr16","68787312","68787418","chr3","181238196","181238292","27","112450884"
"chr16","68792264","68792558","chr16","68346528","68346824","3","445736"
"chr16","68797267","68797434","chr16","68351830","68351999","4","445437"
"chr16","68798422","68798716","chr16","68352987","68353281","3","445435"
"chr16","68835626","68835752","chr5","172392908","172393028","23","103557282"
"chr16","68841334","68841543","chr6","152061182","152061387","38","83219848"
"chr16","68881131","68881246","chr1","35354882","35354997","12","33526249"
"chr16","68904896","68904995","chr20","16652596","16652702","22","52252300"
"chr16","68907186","68907354","chr19","11478232","11478404","37","57428954"
"chr16","68907399","68907702","chr4","141934893","141935195","39","73027494"
"chr16","68933081","68933167","chrX","41447278","41447366","13","27485803"
"chr16","68933172","68933276","chr12","96612468","96612571","19","27679296"
"chr16","68950730","68951042","chr4","9745262","9745557","93","59205468"
"chr16","68988290","68988578","chr16","68551941","68552230","5","436349"
"chr16","68990142","68990233","chr9","80389825","80389922","16","11399683"
"chr16","68993945","68994242","chr5","133214691","133214991","37","64220746"
"chr16","69034937","69035063","chr5","172392908","172393028","25","103357971"
"chr16","69044866","69045175","chr16","68611841","68612148","3","433025"
"chr16","69105296","69105473","chr1","78747528","78747705","28","9642232"
"chr16","69165650","69165695","chr10","27042861","27042906","12","42122789"
"chr16","69165702","69166004","chr16","68734227","68734529","2","431475"
"chr16","69169264","69169554","chr16","68737805","68738107","12","431459"
"chr16","69197716","69198007","chr16","68766268","68766561","3","431448"
"chr16","69233231","69233499","chr16","68802250","68802519","3","430981"
"chr16","69235152","69235420","chr16","68804414","68804683","1","430738"
"chr16","69307276","69307569","chr16","68877910","68878232","30","429366"
"chr16","69339129","69339250","chr7","112797358","112797487","29","43458229"
"chr16","69340130","69340423","chr16","68911692","68911994","11","428438"
"chr16","69405391","69405703","chrX","130784139","130784440","90","61378748"
"chr16","69451829","69452131","chr16","69027852","69028154","0","423977"
"chr16","69511147","69511451","chr1","27136256","27136563","52","42374891"
"chr16","69590112","69590190","chr14","100673591","100673682","19","31083479"
"chr16","69637192","69637348","chr1","11780192","11780341","28","57857000"
"chr16","69643999","69644302","chr16","69225761","69226064","1","418238"
"chr16","69650982","69651276","chr13","52114579","52114873","36","17536403"
"chr16","69662820","69663115","chr16","69245449","69245744","1","417371"
"chr16","69709553","69709737","chr7","133180237","133180401","51","63470684"
"chr16","70084373","70084654","chr16","69590107","69590379","12","494266"
"chr16","70098311","70098441","chr1","207065004","207065134","14","136966693"
"chr16","70100975","70101277","chr1","51873601","51873901","38","18227374"
"chr16","70109631","70109727","chrX","12847720","12847832","34","57261911"
"chr16","70172957","70173208","chr16","69680744","69680995","1","492213"
"chr16","70212605","70212898","chr6","156417858","156418150","45","86205253"
"chr16","70213707","70213829","chr19","2713018","2713139","15","67500689"
"chr16","70215153","70215454","chr16","69716296","69716598","4","498857"
"chr16","70218867","70219178","chr3","103884272","103884574","53","33665405"
"chr16","70225348","70225455","chr3","181238196","181238292","28","111012848"
"chr16","70236102","70236410","chr16","69738809","69739113","10","497293"
"chr16","70280267","70280372","chr2B","142240066","142240170","32","71959799"
"chr16","70295627","70295916","chr16","69798643","69798935","4","496984"
"chr16","70304131","70304416","chr16","69807615","69807900","2","496516"
"chr16","70315391","70315698","chr16","69819099","69819407","4","496292"
"chr16","70344225","70344426","chr9","1513487","1513679","42","68830738"
"chr16","70351730","70352039","chr6","168335361","168335669","46","97983631"
"chr16","70405069","70405373","chr16","69910413","69910717","0","494656"
"chr16","70485312","70485467","chr16","69990355","69990511","1","494957"
"chr16","70609796","70610087","chr16","70117432","70117733","12","492364"
"chr16","70751394","70751681","chrX","27283479","27283765","43","43467915"
"chr16","70969426","70969739","chr16","70476312","70476625","1","493114"
"chr16","71122836","71123126","chr16","70631947","70632237","1","490889"
"chr16","71235517","71235820","chr16","70742907","70743215","9","492610"
"chr16","71257909","71258046","chr2A","32693701","32693835","24","38564208"
"chr16","71287560","71287852","chr16","70795167","70795462","4","492393"
"chr16","71350204","71350472","chr16","70858209","70858479","3","491995"
"chr16","71454837","71454948","chr2B","205936995","205937106","22","134482158"
"chr16","71480411","71480696","chr16","70990429","70990714","2","489982"
"chr16","71502779","71503067","chr16","71011034","71011322","1","491745"
"chr16","71525135","71525430","chr16","71033451","71033746","2","491684"
"chr16","71526078","71526198","chr3","145605092","145605218","21","74079014"
"chr16","71558096","71558388","chr16","71066275","71066576","10","491821"
"chr16","71582976","71583178","chr19","46026086","46026292","28","25556890"
"chr16","71589981","71590282","chr16","71100057","71100358","2","489924"
"chr16","71657898","71658194","chr16","71169250","71169556","11","488648"
"chr16","71730079","71730366","chr16","71243655","71243943","2","486424"
"chr16","71742560","71742655","chr14","100673591","100673682","20","28931031"
"chr16","71755681","71755984","chr16","71270454","71270758","2","485227"
"chr16","71799414","71799516","chr3","181238196","181238292","31","109438782"
"chr16","71801175","71801270","chr14","100673591","100673682","17","28872416"
"chr16","71809795","71809908","chr5","172392908","172393028","23","100583113"
"chr16","71880516","71880820","chr16","71395931","71396237","4","484585"
"chr16","72111987","72112286","chr16","71615714","71616012","4","496273"
"chr16","72260489","72260787","chr16","71765950","71766252","5","494539"
"chr16","72279689","72280000","chr16","71785267","71785571","30","494422"
"chr16","72526892","72527172","chr16","72034387","72034667","1","492505"
"chr16","72559449","72559712","chr16","72066362","72066627","2","493087"
"chr16","72768112","72768411","chr16","72276111","72276406","13","492001"
"chr16","72792279","72792550","chr13","93248926","93249192","53","20456647"
"chr16","72855917","72856218","chr16","72366080","72366381","1","489837"
"chr16","72921120","72921430","chr3","187072689","187072996","43","114151569"
"chr16","72946173","72946408","chr11","16276604","16276839","35","56669569"
"chr16","73016264","73016498","chr1","35997631","35997846","41","37018633"
"chr16","73219244","73219337","chr3","27665315","27665404","21","45553929"
"chr16","73326986","73327285","chr16","72840565","72840864","13","486421"
"chr16","73438826","73439037","chr15","61468254","61468469","38","11970572"
"chr16","73532518","73532796","chr21","32504811","32505095","35","41027707"
"chr16","73535925","73536067","chr2A","76784666","76784817","32","3248741"
"chr16","73623000","73623300","chr16","73142757","73143068","11","480243"
"chr16","73657038","73657345","chr15","95930865","95931166","51","22273827"
"chr16","73687268","73687568","chr16","73207515","73207819","7","479753"
"chr16","73760105","73760374","chr1","184237511","184237775","49","110477406"
"chr16","73797592","73797778","chr10","120372580","120372761","28","46574988"
"chr16","73949663","73949970","chr1","182823356","182823658","34","108873693"
"chr16","73977445","73977528","chr8","46091691","46091777","21","27885754"
"chr16","74037427","74037620","chr5","76266656","76266847","29","2229229"
"chr16","74107086","74107172","chr13","24059413","24059502","20","50047673"
"chr16","74124235","74124542","chr4","22098886","22099187","44","52025349"
"chr16","74136212","74136504","chr16","73661424","73661725","11","474788"
"chr16","74161746","74162034","chr16","73688155","73688446","3","473591"
"chr16","74358854","74359142","chr16","73824825","73825115","5","534029"
"chr16","74374479","74374778","chr16","73841134","73841429","4","533345"
"chr16","74394460","74394664","chr7","14497974","14498190","43","59896486"
"chr16","74418760","74419052","chr1","14360823","14361113","38","60057937"
"chr16","74426339","74426639","chr16","73893150","73893450","1","533189"
"chr16","74432931","74433026","chr22","33938435","33938535","21","40494496"
"chr16","74494379","74494579","chr16","73960978","73961181","3","533401"
"chr16","74496051","74496185","chr2A","107195506","107195649","21","32699455"
"chr16","74500001","74500120","chr15","79793028","79793150","21","5293027"
"chr16","74509673","74509847","chr6","24713050","24713221","29","49796623"
"chr16","74522320","74522439","chr8","26723415","26723536","27","47798905"
"chr16","74537507","74537810","chr16","74005809","74006112","0","531698"
"chr16","74550142","74550434","chr16","74018256","74018549","2","531886"
"chr16","74560710","74561003","chr16","74028859","74029152","5","531851"
"chr16","74568494","74568795","chr3","66876788","66877085","41","7691706"
"chr16","74604209","74604497","chr16","74075138","74075431","5","529071"
"chr16","74607400","74607507","chr5","172392908","172393028","34","97785508"
"chr16","74624296","74624611","chr16","74097893","74098207","25","526403"
"chr16","74664894","74665194","chr16","74140437","74140742","21","524457"
"chr16","74676999","74677299","chr16","74152767","74153068","9","524232"
"chr16","74690828","74690924","chr14","100673591","100673682","18","25982763"
"chr16","74696856","74697006","chr4","149843795","149843946","31","75146939"
"chr16","74755287","74755453","chr13","48012989","48013157","34","26742298"
"chr16","74883273","74883574","chr16","74362872","74363174","5","520401"
"chr16","74890230","74890447","chr16","74369798","74370015","0","520432"
"chr16","74961741","74961803","chr1","130379185","130379250","12","55417444"
"chr16","75204763","75204897","chr14","102420700","102420830","23","27215937"
"chr16","75235563","75235778","chrX","41391610","41391836","45","33843953"
"chr16","75311660","75311966","chr16","74804850","74805121","37","506810"
"chr16","75315492","75315789","chr16","74808692","74808989","0","506800"
"chr16","75316932","75317242","chr16","74810287","74810597","2","506645"
"chr16","75324822","75325124","chr16","74818227","74818529","2","506595"
"chr16","75330174","75330355","chr17","13843105","13843274","32","61487069"
"chr16","75345121","75345286","chr22","38997645","38997809","27","36347476"
"chr16","75345930","75346230","chrX","147458745","147459045","39","72112815"
"chr16","75372429","75372551","chr6","156423498","156423620","15","81051069"
"chr16","75372609","75372773","chr3","173995114","173995280","23","98622505"
"chr16","75386141","75386405","chr16","74881888","74882152","1","504253"
"chr16","75412561","75412700","chr11","46694965","46695109","25","28717596"
"chr16","75423220","75423517","chr2A","72126431","72126725","27","3296789"
"chr16","75470459","75470756","chr22","42920622","42920919","58","32549837"
"chr16","75477760","75477860","chr3","181238196","181238292","33","105760436"
"chr16","75535215","75535512","chr16","75037153","75037456","9","498062"
"chr16","75540510","75540629","chr5","172392908","172393028","28","96852398"
"chr16","75599473","75599581","chr3","181143385","181143493","21","105543912"
"chr16","75677106","75677430","chr16","75183010","75183330","16","494096"
"chr16","75730052","75730199","chr12","95708278","95708420","24","19978226"
"chr16","75773620","75773917","chr6","71913338","71913628","58","3860282"
"chr16","75812066","75812347","chr20","33442726","33443015","38","42369340"
"chr16","76016700","76016833","chr16","73743066","73743197","28","2273634"
"chr16","76128172","76128481","chr16","75635566","75635876","4","492606"
"chr16","76611387","76611529","chr16","76123120","76123263","1","488267"
"chr16","76723427","76723544","chr7","112797358","112797487","32","36073931"
"chr16","77007934","77008215","chr16","76527177","76527462","4","480757"
"chr16","77028559","77028857","chr16","76550098","76550401","9","478461"
"chr16","77118385","77118717","chr16","76643211","76643543","5","475174"
"chr16","77126048","77126351","chr16","76651221","76651517","7","474827"
"chr16","77422494","77422790","chr16","76865337","76865639","9","557157"
"chr16","77430335","77430629","chr16","76873419","76873714","1","556916"
"chr16","77650452","77650553","chr19","52506504","52506595","21","25143948"
"chr16","77751965","77752269","chr16","77192370","77192674","2","559595"
"chr16","77787106","77787399","chr16","77229224","77229524","11","557882"
"chr16","77802258","77802535","chr16","77244993","77245264","29","557265"
"chr16","77887771","77888072","chr16","77330362","77330669","7","557409"
"chr16","78035239","78035539","chr11","75877098","75877388","47","2158141"
"chr16","78055750","78056030","chr16","77497866","77498146","1","557884"
"chr16","78068206","78068504","chr16","77510871","77511171","24","557335"
"chr16","78164369","78164653","chr16","77610486","77610787","18","553883"
"chr16","78227004","78227310","chr16","77673916","77674225","5","553088"
"chr16","78274321","78274605","chr16","77722066","77722355","8","552255"
"chr16","78295716","78296001","chr9","74544828","74545118","46","3750888"
"chr16","78313294","78313607","chr16","77761233","77761546","8","552061"
"chr16","78322794","78322873","chr11","8774884","8774956","23","69547910"
"chr16","78387422","78387721","chr16","77836702","77837001","1","550720"
"chr16","78520015","78520180","chr16","77971317","77971482","0","548698"
"chr16","78613926","78614005","chr8","46091691","46091777","23","32522235"
"chr16","78629920","78630205","chr16","78084061","78084348","2","545859"
"chr16","78653494","78653666","chr16","78108354","78108530","5","545140"
"chr16","78760585","78760891","chr16","78216725","78217033","3","543860"
"chr16","78774306","78774486","chr1","29277911","29278085","34","49496395"
"chr16","78900414","78900705","chr16","78362112","78362407","13","538302"
"chr16","78972148","78972456","chr13","49100534","49100847","42","29871614"
"chr16","79038574","79038744","chr16","78502343","78502513","0","536231"
"chr16","79234270","79234530","chr16","78701331","78701594","3","532939"
"chr16","79472282","79472592","chr16","78946138","78946443","8","526144"
"chr16","79562433","79562587","chr11","25729792","25729944","28","53832641"
"chr16","79632378","79632600","chr16","79110359","79110589","8","522019"
"chr16","79724363","79724640","chr16","79202508","79202785","3","521855"
"chr16","79983690","79983985","chr16","79469351","79469647","4","514339"
"chr16","79992083","79992187","chr3","181238196","181238292","23","101246113"
"chr16","80005804","80006074","chr16","79493077","79493317","32","512727"
"chr16","80086197","80086497","chr16","79573721","79573995","26","512476"
"chr16","80338914","80339224","chr16","79827075","79827388","5","511839"
"chr16","80369861","80370163","chr9","804615","804914","49","79565246"
"chr16","80831187","80831502","chr6","145365716","145366017","58","64534529"
"chr16","80923517","80923827","chr16","80414603","80414913","1","508914"
"chr16","80950776","80950885","chr3","181238196","181238292","28","100287420"
"chr16","81050673","81050770","chr14","100673591","100673682","24","19622918"
"chr16","81087187","81087475","chr16","80582537","80582824","2","504650"
"chr16","81093294","81093383","chr8","46091691","46091777","14","35001603"
"chr16","81120111","81120247","chr8","112933585","112933727","29","31813474"
"chr16","81127436","81127582","chr6","11738492","11738644","32","69388944"
"chr16","81137391","81137689","chr16","80634313","80634613","4","503078"
"chr16","81175883","81176040","chr13","19346785","19346946","28","61829098"
"chr16","81177515","81177667","chr16","80676037","80676191","2","501478"
"chr16","81246187","81246481","chr16","80745582","80745887","14","500605"
"chr16","81249402","81249696","chr16","80748787","80749080","1","500615"
"chr16","81281471","81281571","chr9","80389825","80389922","19","891646"
"chr16","81415924","81416246","chr11","120037373","120037668","86","38621449"
"chr16","81441855","81441989","chr7","156274717","156274856","18","74832862"
"chr16","81443946","81444216","chr16","80949972","80950242","15","493974"
"chr16","81530203","81530380","chr5","87529887","87530065","32","5999684"
"chr16","81536575","81536738","chr15","63828883","63829055","38","17707692"
"chr16","81651456","81651731","chr16","81166777","81167052","1","484679"
"chr16","81742870","81743164","chr16","81259850","81260149","8","483020"
"chr16","81770611","81770911","chr17","56693856","56694160","36","25076755"
"chr16","81851254","81851562","chr16","81370294","81370604","9","480960"
"chr16","81887075","81887388","chr16","81406086","81406399","1","480989"
"chr16","81915109","81915418","chr16","81434732","81435042","4","480377"
"chr16","81918315","81918606","chr16","81437962","81438258","7","480353"
"chr16","81920727","81921022","chr16","81440370","81440679","15","480357"
"chr16","81921685","81921803","chr6","21752029","21752147","15","60169656"
"chr16","81921863","81922046","chr11","48130487","48130657","38","33791376"
"chr16","82196479","82196675","chr8","96063373","96063560","41","13866894"
"chr16","82431413","82431636","chr16","81996620","81996837","7","434793"
"chr16","82513915","82514232","chr16","82079694","82080019","18","434221"
"chr16","82721775","82722077","chr16","82291315","82291623","15","430460"
"chr16","82741541","82741747","chr16","82311128","82311342","9","430413"
"chr16","82842044","82842340","chr16","82414340","82414636","1","427704"
"chr16","82875936","82876242","chr16","82448101","82448411","7","427835"
"chr16","82891178","82891410","chr16","82463334","82463567","5","427844"
"chr16","83130682","83130997","chr16","82704927","82705242","1","425755"
"chr16","83166479","83166783","chr16","82740886","82741190","6","425593"
"chr16","83486445","83486741","chr5","14769732","14770028","55","68716713"
"chr16","83536360","83536661","chr16","83115751","83116052","4","420609"
"chr16","83639813","83640116","chr16","83220490","83220795","6","419323"
"chr16","83705540","83705621","chr7","99988453","99988530","17","16282913"
"chr16","83793158","83793455","chr16","83381502","83381805","8","411656"
"chr16","83824445","83824529","chr14","100673591","100673682","18","16849146"
"chr16","83918755","83918880","chr8","26723415","26723536","21","57195340"
"chr16","84008252","84008558","chr16","83607238","83607538","14","401014"
"chr16","84049044","84049227","chr1","129379917","129380093","35","45330873"
"chr16","84109124","84109408","chr16","83710492","83710782","6","398632"
"chr16","84154500","84154809","chr16","83755503","83755811","4","398997"
"chr16","84160705","84160982","chr16","83762060","83762354","26","398645"
"chr16","84174445","84174664","chr3","109487226","109487434","45","25312781"
"chr16","84197520","84197701","chr8","84018854","84019036","25","178666"
"chr16","84403455","84403753","chr3","188317272","188317569","40","103913817"
"chr16","84474570","84474869","chr4","188021321","188021624","45","103546751"
"chr16","84553792","84553976","chr2B","178740366","178740545","29","94186574"
"chr16","84559874","84560014","chr4","28030717","28030863","29","56529157"
"chr16","84561809","84561902","chr14","100673591","100673682","22","16111782"
"chr16","84628530","84628623","chr14","100673591","100673682","15","16045061"
"chr16","84648477","84648725","chr16","84275282","84275487","43","373195"
"chr16","84773058","84773143","chr14","100673591","100673682","16","15900533"
"chr16","84826804","84827086","chr16","84458265","84458547","1","368539"
"chr16","84856109","84856400","chr16","84488625","84488926","15","367484"
"chr16","84906088","84906385","chr16","84538350","84538646","6","367738"
"chr16","84924458","84924583","chr8","26723415","26723536","24","58201043"
"chr16","84976985","84977306","chr16","84608973","84609296","3","368012"
"chr16","84986189","84986432","chr16","84618263","84618507","2","367926"
"chr16","84990387","84990694","chr14","21729361","21729671","34","63261026"
"chr16","85116911","85117216","chr17","67059997","67060301","36","18056914"
"chr16","85119873","85120178","chr3","48791084","48791385","43","36328789"
"chr16","85125881","85126109","chr11","39705528","39705748","43","45420353"
"chr16","85127904","85128209","chr16","84763745","84764050","1","364159"
"chr16","85128949","85129039","chr1","160944586","160944680","18","75815637"
"chr16","85299381","85299687","chr1","65044870","65045174","42","20254511"
"chr16","85307821","85307874","chr16","84946422","84946475","1","361399"
"chr16","85481826","85482106","chr16","85121043","85121345","22","360783"
"chr16","85498302","85498396","chr14","100673591","100673682","22","15175289"
"chr16","85569594","85569906","chr16","85213483","85213790","7","356111"
"chr16","85752423","85752724","chr11","126845172","126845473","38","41092749"
"chr16","85777561","85777851","chr16","85431017","85431308","3","346544"
"chr16","85868581","85868742","chr6","25034346","25034504","30","60834235"
"chr16","86017189","86017304","chr9","69573837","69573962","24","16443352"
"chr16","86023085","86023370","chr16","85683351","85683640","5","339734"
"chr16","86480682","86480801","chr5","172392908","172393028","23","85912226"
"chr16","86700914","86701222","chr16","86390383","86390693","18","310531"
"chr16","86725606","86725700","chr9","80389825","80389922","18","6335781"
"chr16","86897007","86897300","chr16","86581457","86581750","1","315550"
"chr16","86993810","86994103","chr16","86678493","86678788","3","315317"
"chr16","87017597","87017864","chr16","86702353","86702620","1","315244"
"chr16","87040197","87040493","chr16","86724893","86725188","2","315304"
"chr16","87171472","87171775","chr16","86858895","86859195","4","312577"
"chr16","87172967","87173115","chr16","86860368","86860516","0","312599"
"chr16","87244132","87244445","chr21","18113674","18113983","33","69130458"
"chr16","87280910","87281205","chr16","86966793","86967095","12","314117"
"chr16","87315855","87316071","chr3","112550648","112550856","35","25234793"
"chr16","87345058","87345341","chr16","87032846","87033133","6","312212"
"chr16","87353166","87353447","chr2A","24650015","24650306","48","62703151"
"chr16","87411266","87411561","chr4","105790518","105790811","38","18379252"
"chr16","87429291","87429607","chr16","87122004","87122309","14","307287"
"chr16","87728509","87728592","chr3","46579108","46579189","20","41149401"
"chr16","87764984","87765086","chr22","33938435","33938535","22","53826549"
"chr16","87772130","87772412","chr16","87473001","87473317","35","299129"
"chr16","87772817","87773121","chr16","87473722","87474025","12","299095"
"chr16","87830875","87830963","chr13","108019422","108019512","20","20188547"
"chr16","87831190","87831206","chr1","28547144","28547162","11","59284046"
"chr16","87881318","87881539","chr1","31209520","31209734","38","56671798"
"chr16","87906897","87907213","chr20","31175906","31176226","41","56730991"
"chr16","87908725","87908883","chr14","105165819","105165980","32","17257094"
"chr16","87919050","87919361","chr16","21584951","21585261","3","66334099"
"chr16","87922963","87923099","chr1","20767343","20767488","27","67155620"
"chr16","87943254","87943546","chr16","21616071","21616364","1","66327183"
"chr16","87967084","87967389","chr16","21641179","21641488","5","66325905"
"chr16","87987748","87988056","chr16","21661773","21662080","4","66325975"
"chr16","88026913","88027221","chr16","21702073","21702387","7","66324840"
"chr16","88043072","88043237","chr16","21718485","21718649","2","66324587"
"chr16","88062645","88062939","chr16","21738078","21738373","2","66324567"
"chr16","88071648","88071948","chr16","21747107","21747408","2","66324541"
"chr16","88079578","88079626","chr17","14492994","14493044","13","73586584"
"chr16","88456304","88456438","chr13","22694842","22694978","29","65761462"
"chr16","88456801","88457057","chr16","87785820","87786070","13","670981"
"chr16","88735521","88735628","chr11","551967","552071","17","88183554"
"chr16","88945223","88945324","chr11","20358123","20358224","22","68587100"
"chr16","89002432","89002703","chr1","9082929","9083192","38","79919503"
"chr16","89090828","89091051","chr16","88440428","88440655","6","650400"
"chr16","89097477","89097625","chr17","82138916","82139067","21","6958561"
"chr16","89395655","89395905","chr11","116315053","116315302","33","26919398"
"chr16","89435362","89435647","chr1","124979691","124979972","49","35544329"
"chr16","89473840","89474133","chr16","88826319","88826612","0","647521"
"chr16","89532527","89532812","chr7","137385195","137385468","70","47852668"
"chr16","89574579","89574878","chr19","50697714","50698011","45","38876865"
"chr16","89575635","89575749","chr2B","205936995","205937106","32","116361360"
"chr16","89626301","89626592","chr16","88982668","88982961","3","643633"
"chr16","89632652","89632903","chr16","88989300","88989561","12","643352"
"chr16","89734227","89734331","chr14","100673591","100673682","27","10939364"
"chr16","89746835","89746984","chr16","89103671","89103820","0","643164"
"chr16","89772872","89772963","chr17","13332748","13332838","17","76440124"
"chr16","89839396","89839494","chr14","100673591","100673682","29","10834195"
"chr16","89873584","89873708","chr5","172392908","172393028","26","82519324"
"chr16","89892761","89892847","chr8","46091691","46091777","19","43801070"
"chr16","89902935","89903191","chr16","89274469","89274764","40","628466"
"chr16","89923428","89923677","chr11","92968029","92968290","69","3044601"
"chr16","89938543","89938835","chr16","89310661","89310954","2","627882"
"chr16","89974230","89974339","chr2B","205936995","205937106","18","115962765"
"chr16","89989092","89989384","chr12","120831753","120832048","38","30842661"
"chr16","90106327","90106625","chr16","89416550","89416852","7","689777"
"chr16","90122230","90122345","chr2B","205936995","205937106","24","115814765"
"chr16","90200733","90201043","chr16","89510127","89510436","9","690606"
"chr16","90223089","90223230","chr3","78588671","78588812","16","11634418"
"chr16","90232644","90232911","chr16","89541231","89541498","1","691413"
"chr16","90240795","90241091","chr1","93087519","93087817","49","2846724"
"chr16","90244503","90244815","chr1","129438270","129438568","45","39193767"
"chr16","90251720","90251893","chr1","29277911","29278085","46","60973809"
"chr16","90277237","90277314","chr11","8774884","8774956","25","81502353"
"chr16","90305614","90305902","chr12","45874078","45874367","47","44431536"
"chr16","90355467","90355562","chr14","100673591","100673682","24","10318124"
"chr16","90366427","90366719","chr12","1278535","1278830","34","89087892"
"chr16","90394474","90394693","chr3","200711023","200711239","35","110316549"
"chr16","90403048","90403344","chr16","89714361","89714659","5","688687"
"chr16","90419457","90419772","chr16","89731729","89732043","1","687728"
"chr16","90442831","90442968","chr1","214242319","214242461","35","123799488"
"chr16","90446545","90446758","chr1","215156056","215156283","48","124709511"
"chr16","90478233","90478538","chr16","89796648","89796951","7","681585"
"chr17","58326983","58327269","chr2B","120205360","120205645","48","61878377"
"chr17","68812789","68812981","chr17","68278624","68278819","4","534165"
"chr17","82050867","82051138","chr17","81421840","81422113","3","629027"
"chr17","143259","143512","chr17","149229","149487","7","5970"
"chr17","174136","174408","chr17","182378","182669","20","8242"
"chr17","249182","249464","chr17","269686","269968","1","20504"
"chr17","280476","280597","chr7","37375019","37375148","17","37094543"
"chr17","338275","338366","chr7","112797537","112797633","26","112459262"
"chr17","372826","373136","chr17","394882","395192","17","22056"
"chr17","391520","391576","chr4","51756017","51756071","15","51364497"
"chr17","448461","448737","chr17","468480","468756","2","20019"
"chr17","455909","455949","chr17","478093","478136","4","22184"
"chr17","508791","508966","chr17","531462","531637","2","22671"
"chr17","508967","509016","chr17","531638","531687","1","22671"
"chr17","509211","509260","chr17","532807","532857","3","23596"
"chr17","509306","509355","chr17","532073","532122","2","22767"
"chr17","509497","509546","chr17","532321","532370","1","22824"
"chr17","509546","509596","chr17","532122","532172","1","22576"
"chr17","509596","509645","chr17","532321","532370","0","22725"
"chr17","509645","509694","chr17","532321","532370","2","22676"
"chr17","509694","509744","chr17","532122","532172","1","22428"
"chr17","575107","575408","chr17","596828","597131","4","21721"
"chr17","592444","592754","chr17","614430","614741","5","21986"
"chr17","592988","593282","chr17","614975","615269","1","21987"
"chr17","593794","593904","chr8","26723415","26723536","30","26129621"
"chr17","692199","692489","chr17","713617","713918","13","21418"
"chr17","710934","711074","chr4","28030717","28030863","26","27319783"
"chr17","774959","775036","chr10","102411920","102411980","28","101636961"
"chr17","779203","779511","chr17","806592","806900","4","27389"
"chr17","801660","801958","chr17","835809","836105","2","34149"
"chr17","807670","807959","chr17","841867","842159","5","34197"
"chr17","809855","810120","chr17","844054","844319","3","34199"
"chr17","817194","817356","chrX","155632548","155632709","25","154815354"
"chr17","821913","822057","chr8","67167988","67168131","37","66346075"
"chr17","857545","857843","chr17","860083","860383","37","2538"
"chr17","863788","863828","chr10","27042861","27042906","14","26179073"
"chr17","886303","886433","chr17","17333596","17333726","15","16447293"
"chr17","889780","890069","chr22","37241094","37241382","48","36351314"
"chr17","952464","952771","chr17","995309","995615","3","42845"
"chr17","977745","977979","chr11","115373656","115373893","28","114395911"
"chr17","1031841","1031929","chr14","100673591","100673682","18","99641750"
"chr17","1051525","1051640","chr2B","199271339","199271453","18","198219814"
"chr17","1132538","1132695","chrX","65801999","65802155","33","64669461"
"chr17","1137145","1137425","chr17","1748555","1748835","29","611410"
"chr17","1139202","1139354","chr8","24630008","24630158","36","23490806"
"chr17","1141664","1141967","chr17","1196693","1196997","2","55029"
"chr17","1146907","1146963","chr11","117157879","117157943","18","116010972"
"chr17","1150005","1150160","chr5","175990298","175990451","21","174840293"
"chr17","1216012","1216295","chr17","1267566","1267844","9","51554"
"chr17","1235460","1235697","chr1","139183841","139184089","34","137948381"
"chr17","1257584","1257874","chr17","1304610","1304902","3","47026"
"chr17","1289437","1289490","chr19","783168","783226","12","506269"
"chr17","1289491","1289798","chr17","1337326","1337627","8","47835"
"chr17","1305743","1306058","chr17","1353681","1353990","8","47938"
"chr17","1313090","1313402","chr17","1363193","1363500","7","50103"
"chr17","1329171","1329265","chrX","12847720","12847832","26","11518549"
"chr17","1374023","1374135","chr2B","205936995","205937106","30","204562972"
"chr17","1429498","1429692","chr14","68950362","68950560","33","67520864"
"chr17","1449593","1449748","chr14","47090701","47090855","30","45641108"
"chr17","1458226","1458531","chr17","1514807","1515112","4","56581"
"chr17","1476757","1477055","chr17","1535710","1536009","2","58953"
"chr17","1534872","1535180","chrX","65303963","65304264","42","63769091"
"chr17","1540806","1541117","chr12","104184982","104185290","40","102644176"
"chr17","1545887","1546196","chr17","1589981","1590290","9","44094"
"chr17","1571231","1571528","chrX","134525769","134526057","55","132954538"
"chr17","1610092","1610382","chr17","1669474","1669768","6","59382"
"chr17","1613491","1613598","chr17","1672879","1672986","0","59388"
"chr17","1621654","1621950","chr2A","63086723","63087016","36","61465069"
"chr17","1671373","1671463","chrX","1340637","1340718","32","330736"
"chr17","1679114","1679411","chr17","1741860","1742152","6","62746"
"chr17","1685286","1685556","chr17","1748555","1748835","21","63269"
"chr17","1723601","1723861","chr1","124399374","124399636","34","122675773"
"chr17","1832339","1832439","chr10","101398659","101398772","25","99566320"
"chr17","1841606","1841785","chr17","1902688","1902847","22","61082"
"chr17","1885620","1885932","chr17","1950749","1951063","7","65129"
"chr17","1900369","1900481","chr5","172392908","172393028","27","170492539"
"chr17","1926343","1926515","chr1","59738169","59738344","29","57811826"
"chr17","1926627","1926845","chr17","1992542","1992757","4","65915"
"chr17","1927649","1927743","chr14","100673591","100673682","23","98745942"
"chr17","1950820","1950928","chr2B","210790127","210790232","22","208839307"
"chr17","2008797","2009096","chr17","2076857","2077158","2","68060"
"chr17","2135208","2135503","chr17","2206468","2206768","8","71260"
"chr17","2156031","2156344","chr17","2228986","2229287","14","72955"
"chr17","2197969","2198258","chr17","2270664","2270954","3","72695"
"chr17","2319059","2319331","chr17","2391841","2392114","6","72782"
"chr17","2341284","2341586","chr17","2415163","2415467","2","73879"
"chr17","2367150","2367469","chr17","2440948","2441252","53","73798"
"chr17","2373662","2373926","chr17","2447912","2448176","3","74250"
"chr17","2510352","2510454","chr14","100673591","100673682","21","98163239"
"chr17","2515152","2515237","chr13","24059413","24059502","23","21544261"
"chr17","2522093","2522174","chr11","8774884","8774956","20","6252791"
"chr17","2524110","2524203","chr14","100673591","100673682","10","98149481"
"chr17","2554856","2555137","chr17","2508203","2508486","4","46653"
"chr17","2562157","2562336","chr4","84946316","84946498","32","82384159"
"chr17","2565787","2565919","chr8","26723415","26723536","35","24157628"
"chr17","2571017","2571171","chr17","82138916","82139067","23","79567899"
"chr17","2573732","2574030","chr17","2527024","2527324","4","46708"
"chr17","2580995","2581294","chr17","2534184","2534483","2","46811"
"chr17","2584389","2584685","chr12","112798250","112798543","45","110213861"
"chr17","2608483","2608776","chr17","2562347","2562646","6","46136"
"chr17","2614213","2614500","chr17","2568105","2568392","1","46108"
"chr17","2615100","2615216","chr5","172392908","172393028","24","169777808"
"chr17","2636621","2636883","chr17","2590590","2590855","6","46031"
"chr17","2652071","2652380","chr17","2606722","2607033","3","45349"
"chr17","2660139","2660222","chr15","68008805","68008888","7","65348666"
"chr17","2674082","2674195","chr20","16652596","16652702","27","13978514"
"chr17","2728984","2729282","chr2B","220814274","220814573","28","218085290"
"chr17","2737832","2738128","chr17","2694319","2694615","1","43513"
"chr17","2756997","2757259","chr17","2718084","2718346","1","38913"
"chr17","2803748","2804041","chr11","8978544","8978840","37","6174796"
"chr17","2812548","2812733","chr6","31499828","31500000","36","28687280"
"chr17","2830499","2830811","chr17","2794492","2794800","10","36007"
"chr17","2837996","2838293","chr17","2802372","2802671","3","35624"
"chr17","2850245","2850514","chr1","226613152","226613414","51","223762907"
"chr17","2861612","2861908","chr17","2828168","2828466","2","33444"
"chr17","3033406","3033704","chr17","3005643","3005940","2","27763"
"chr17","3184380","3184666","chr14","50785590","50785881","43","47601210"
"chr17","3246531","3246615","chr8","46091691","46091777","18","42845160"
"chr17","3297836","3298140","chr10","38403814","38404119","35","35105978"
"chr17","3332148","3332224","chr14","100673591","100673682","25","97341443"
"chr17","3580120","3580266","chr17","3534899","3535045","1","45221"
"chr17","3601666","3601973","chr1","157553978","157554288","33","153952312"
"chr17","3605501","3605709","chr17","3562564","3562773","1","42937"
"chr17","3621915","3622221","chr17","66551885","66552191","35","62929970"
"chr17","3623359","3623661","chr17","3583251","3583552","4","40108"
"chr17","3645945","3646229","chr1","21064590","21064871","42","17418645"
"chr17","3660399","3660544","chr17","82138916","82139067","25","78478517"
"chr17","3662436","3662749","chr17","3623865","3624170","13","38571"
"chr17","3670560","3670884","chr17","3632265","3632579","13","38295"
"chr17","3688493","3688791","chr17","3649790","3650085","4","38703"
"chr17","3719902","3720220","chr17","3682523","3682841","2","37379"
"chr17","3722061","3722355","chr2A","87802971","87803263","31","84080910"
"chr17","3759756","3760073","chr17","3725435","3725753","2","34321"
"chr17","3772376","3772525","chr3","139525923","139526071","19","135753547"
"chr17","3829556","3829880","chr17","3797149","3797475","7","32407"
"chr17","3840640","3840724","chr11","8774884","8774956","18","4934244"
"chr17","3895062","3895355","chr17","3864989","3865283","3","30073"
"chr17","3908570","3908712","chr2B","216519456","216519594","18","212610886"
"chr17","3949023","3949315","chr17","3920612","3920905","5","28411"
"chr17","3973841","3973922","chr3","181238196","181238292","26","177264355"
"chr17","3992358","3992469","chr3","181238196","181238292","33","177245838"
"chr17","3993399","3993672","chr17","3965917","3966190","1","27482"
"chr17","4021899","4022194","chr17","3995406","3995701","2","26493"
"chr17","4034860","4035176","chr10","6352897","6353204","53","2318037"
"chr17","4058478","4058785","chr17","4026324","4026639","8","32154"
"chr17","4081357","4081664","chr17","4049554","4049861","0","31803"
"chr17","4096360","4096674","chr5","78863209","78863532","66","74766849"
"chr17","4131297","4131467","chr11","124492028","124492191","29","120360731"
"chr17","4158283","4158579","chr17","4126165","4126469","13","32118"
"chr17","4243162","4243471","chr17","4210776","4211085","0","32386"
"chr17","4262184","4262472","chr17","4230428","4230715","6","31756"
"chr17","4287501","4287810","chr17","4256641","4256954","8","30860"
"chr17","4292069","4292106","chr17","4261385","4261421","1","30684"
"chr17","4319386","4319644","chr2A","100179381","100179654","59","95859995"
"chr17","4323485","4323786","chr17","4293555","4293846","22","29930"
"chr17","4330052","4330344","chr17","4299949","4300241","1","30103"
"chr17","4395131","4395246","chrX","140109916","140110033","20","135714785"
"chr17","4421985","4422289","chr17","4387902","4388210","13","34083"
"chr17","4423662","4423823","chr7","15507240","15507400","29","11083578"
"chr17","4428803","4428916","chr5","59438305","59438419","13","55009502"
"chr17","4440854","4440985","chr8","26723415","26723536","29","22282561"
"chr17","4463894","4464015","chr3","181143385","181143493","27","176679491"
"chr17","4477316","4477603","chr17","4451663","4451950","2","25653"
"chr17","4480747","4481059","chr17","4455179","4455490","8","25568"
"chr17","4501360","4501633","chr17","4474612","4474885","5","26748"
"chr17","4507497","4507796","chr17","63252635","63252932","36","58745138"
"chr17","4625940","4626113","chr10","28778533","28778725","49","24152593"
"chr17","4725999","4726221","chr17","4701176","4701398","0","24823"
"chr17","4727245","4727542","chr17","4702420","4702703","16","24825"
"chr17","4736389","4736666","chr17","4712669","4712946","1","23720"
"chr17","4759587","4759700","chr3","101999907","102000000","32","97240320"
"chr17","4779716","4780022","chr17","4759434","4759740","0","20282"
"chr17","4793169","4793311","chr7","54022909","54023041","34","49229740"
"chr17","4797982","4798169","chr18","16620363","16620547","27","11822381"
"chr17","4828419","4828599","chr5","178397697","178397875","42","173569278"
"chr17","4835241","4835285","chr7","76150424","76150466","11","71315183"
"chr17","4838652","4838920","chr9","6891555","6891818","43","2052903"
"chr17","4852559","4852688","chrUn_GL394737","20401","20541","25","4832158"
"chr17","4892160","4892462","chr17","4877596","4877902","4","14564"
"chr17","4907238","4907530","chr17","4894538","4894830","0","12700"
"chr17","4942952","4943227","chr17","4932780","4933055","2","10172"
"chr17","5046132","5046440","chr17","5038895","5039204","7","7237"
"chr17","5102611","5102770","chr19","10435255","10435412","28","5332644"
"chr17","5104486","5104744","chr4","94951203","94951457","36","89846717"
"chr17","5231121","5231266","chr4","113902899","113903048","23","108671778"
"chr17","5235418","5235720","chr17","5230892","5231196","2","4526"
"chr17","5255250","5255387","chr3","188303043","188303182","12","183047793"
"chr17","5275882","5275976","chrX","120369316","120369409","11","115093434"
"chr17","5306227","5306378","chrX","73313271","73313417","24","68007044"
"chr17","5312397","5312573","chr17","5307344","5307522","3","5053"
"chr17","5328334","5328628","chr17","5323017","5323311","3","5317"
"chr17","5356738","5357040","chr17","5350954","5351260","5","5784"
"chr17","5379755","5379915","chr4","83247514","83247674","35","77867759"
"chr17","5412543","5412843","chr17","5404271","5404572","1","8272"
"chr17","5455550","5455629","chr8","46091691","46091777","22","40636141"
"chr17","5501948","5502153","chr20","14348844","14349042","31","8846896"
"chr17","5582640","5582725","chr8","46091691","46091777","15","40509051"
"chr17","5639785","5640089","chr17","5632004","5632308","1","7781"
"chr17","5779052","5779363","chr17","5772562","5772876","5","6490"
"chr17","5800016","5800306","chr8","141990386","141990678","34","136190370"
"chr17","5804405","5804715","chr17","5798390","5798699","7","6015"
"chr17","5881611","5881919","chr17","43138050","43138347","54","37256439"
"chr17","5954281","5954568","chr2A","63086723","63087016","34","57132442"
"chr17","6072275","6072563","chr1","129337688","129337979","38","123265413"
"chr17","6093833","6093952","chr2B","199271339","199271453","28","193177506"
"chr17","6202306","6202608","chr17","6197693","6197998","7","4613"
"chr17","6250114","6250342","chr17","6249311","6249541","3","803"
"chr17","6252586","6252878","chr11","110378392","110378683","38","104125806"
"chr17","6257497","6257628","chr3","16517714","16517844","23","10260217"
"chr17","6289663","6289961","chr17","6288922","6289223","4","741"
"chr17","6310905","6311211","chr17","6310235","6310541","6","670"
"chr17","6366103","6366402","chr4","22394086","22394382","22","16027983"
"chr17","6375427","6375720","chr3","172094749","172095041","41","165719322"
"chr17","6387276","6387586","chr17","6386483","6386793","5","793"
"chr17","6393114","6393379","chr17","6392334","6392605","11","780"
"chr17","6494193","6494415","chr20","31046693","31046916","39","24552500"
"chr17","6539156","6539408","chr17","6541128","6541380","6","1972"
"chr17","6556696","6556989","chr17","6558545","6558838","5","1849"
"chr17","6560826","6561121","chr17","6562681","6562976","3","1855"
"chr17","6693472","6693778","chr17","6700461","6700767","1","6989"
"chr17","6697963","6698138","chr17","6704951","6705126","1","6988"
"chr17","6719324","6719622","chr17","6726718","6727009","10","7394"
"chr17","6929119","6929358","chr14","66142969","66143205","30","59213850"
"chr17","6942058","6942194","chr15","81017045","81017179","24","74074987"
"chr17","7000156","7000339","chr17","7035663","7035852","9","35507"
"chr17","7059211","7059535","chr17","7094025","7094353","7","34814"
"chr17","7085323","7085618","chr2A","71305453","71305743","34","64220130"
"chr17","7147340","7147638","chr17","7183905","7184203","0","36565"
"chr17","7152767","7153078","chr17","7189429","7189736","5","36662"
"chr17","7159096","7159196","chr14","100673591","100673682","21","93514495"
"chr17","7173329","7173411","chr8","46091691","46091777","19","38918362"
"chr17","7186980","7187065","chr1","226541302","226541387","10","219354322"
"chr17","7187960","7188163","chr8","28804643","28804851","31","21616683"
"chr17","7202006","7202302","chr1","129333794","129334088","30","122131788"
"chr17","7203520","7203809","chr17","7240550","7240851","12","37030"
"chr17","7262813","7263085","chr17","7302647","7302908","20","39834"
"chr17","7273370","7273476","chr2B","205936995","205937106","20","198663625"
"chr17","7285806","7286098","chr2A","72126431","72126725","35","64840625"
"chr17","7292300","7292604","chr17","7333572","7333876","2","41272"
"chr17","7326410","7326754","chr17","7365466","7365768","73","39056"
"chr17","7359988","7360080","chr17","13332748","13332838","20","5972760"
"chr17","7385254","7385355","chr13","24059413","24059502","22","16674159"
"chr17","7402271","7402566","chr3","124927519","124927814","29","117525248"
"chr17","7482814","7482920","chr20","16652596","16652702","21","9169782"
"chr17","7483595","7483905","chr17","7529096","7529406","3","45501"
"chr17","7509194","7509492","chr17","7556045","7556347","5","46851"
"chr17","7551747","7552047","chr11","19846296","19846594","35","12294549"
"chr17","7552588","7552884","chr17","7601862","7602177","35","49274"
"chr17","7564872","7564979","chr22","33938435","33938535","23","26373563"
"chr17","7619490","7619570","chr18","47204102","47204181","4","39584612"
"chr17","7625945","7626058","chr20","16652596","16652702","31","9026651"
"chr17","7643178","7643475","chr17","7692129","7692425","8","48951"
"chr17","7645508","7645671","chr4","40065116","40065274","30","32419608"
"chr17","7657523","7657645","chr18","46323703","46323831","25","38666180"
"chr17","7660172","7660385","chrX","77616848","77617066","45","69956676"
"chr17","7667770","7668099","chr4","154106573","154106867","113","146438803"
"chr17","7681804","7682111","chr1","19669608","19669915","39","11987804"
"chr17","7696690","7696772","chr17","2787814","2787901","17","4908876"
"chr17","7734073","7734330","chr17","7785488","7785758","16","51415"
"chr17","7755243","7755545","chr17","7805111","7805419","8","49868"
"chr17","7769727","7770029","chr3","180931417","180931720","52","173161690"
"chr17","7776984","7777105","chr5","172392908","172393028","28","164615924"
"chr17","7805928","7806232","chr17","7856702","7857006","3","50774"
"chr17","7835206","7835299","chr17","7886677","7886770","1","51471"
"chr17","7939855","7940173","chr17","7991362","7991681","2","51507"
"chr17","7959065","7959375","chr17","8010627","8010936","1","51562"
"chr17","7985073","7985378","chr17","8036626","8036929","2","51553"
"chr17","8058819","8059126","chr17","8111087","8111392","3","52268"
"chr17","8131854","8132078","chr3","200711023","200711239","39","192579169"
"chr17","8214559","8214888","chr15","39477035","39477341","61","31262476"
"chr17","8232231","8232524","chr17","8290889","8291207","27","58658"
"chr17","8236063","8236146","chr14","100673591","100673682","25","92437528"
"chr17","8257274","8257455","chr17","8316205","8316386","1","58931"
"chr17","8258885","8259226","chr17","8317541","8317882","1","58656"
"chr17","8263842","8264009","chr17","8322373","8322542","2","58531"
"chr17","8284113","8284230","chr2B","199271339","199271453","24","190987226"
"chr17","8307532","8307827","chr17","8366318","8366610","4","58786"
"chr17","8314590","8314857","chr17","8373790","8374070","13","59200"
"chr17","8341872","8342026","chr17","8401519","8401673","1","59647"
"chr17","8342035","8342206","chr18","56317239","56317402","34","47975204"
"chr17","8347580","8347898","chr4","141258369","141258672","52","132910789"
"chr17","8359313","8359388","chr6","11395990","11396054","30","3036677"
"chr17","8399062","8399370","chr17","8460809","8461119","7","61747"
"chr17","8425783","8426009","chr17","8487792","8488020","3","62009"
"chr17","8426818","8427108","chr17","8488828","8489120","4","62010"
"chr17","8457437","8457591","chrX","71354640","71354795","30","62897203"
"chr17","8538388","8538675","chr1","22170559","22170849","39","13632171"
"chr17","8547728","8548036","chr17","8616343","8616653","6","68615"
"chr17","8551794","8551979","chr15","25954721","25954896","28","17402927"
"chr17","8582781","8582877","chr14","100673591","100673682","21","92090810"
"chr17","8823699","8823990","chr17","8692602","8692895","5","131097"
"chr17","8842539","8842691","chr4","28030717","28030863","29","19188178"
"chr17","8847098","8847391","chr1","3696924","3697212","68","5150174"
"chr17","8856787","8857078","chr2A","63086723","63087016","30","54229936"
"chr17","8865232","8865320","chr14","100673591","100673682","15","91808359"
"chr17","8884597","8884899","chr17","8755480","8755784","2","129117"
"chr17","8898769","8899013","chr1","139183841","139184089","25","130285072"
"chr17","8934834","8935126","chr12","32845950","32846247","34","23911116"
"chr17","8947553","8947779","chr17","8821451","8821681","7","126102"
"chr17","9185604","9185900","chr5","37177597","37177892","52","27991993"
"chr17","9188199","9188503","chr17","9069588","9069893","1","118611"
"chr17","9227144","9227263","chr17","9109012","9109130","2","118132"
"chr17","9259940","9260231","chr17","9141802","9142093","0","118138"
"chr17","9268896","9269205","chr17","9150770","9151079","0","118126"
"chr17","9339422","9339721","chr17","9222070","9222375","11","117352"
"chr17","9350325","9350605","chr17","9232866","9233159","18","117459"
"chr17","9446027","9446313","chr17","9330232","9330530","34","115795"
"chr17","9454893","9455168","chr17","9339700","9339975","3","115193"
"chr17","9486553","9486848","chr17","9371395","9371690","2","115158"
"chr17","9519381","9519682","chr1","129884150","129884444","40","120364769"
"chr17","9522106","9522408","chr17","9409457","9409752","8","112649"
"chr17","9528378","9528680","chr17","9415729","9416031","3","112649"
"chr17","9572007","9572307","chr1","26868511","26868811","30","17296504"
"chr17","9582012","9582315","chr17","9471284","9471588","4","110728"
"chr17","9636588","9636886","chr8","62445581","62445877","41","52808993"
"chr17","9704194","9704312","chr8","26723415","26723536","33","17019221"
"chr17","9751184","9751243","chr19","51314480","51314544","16","41563296"
"chr17","9781581","9781706","chr9","122440275","122440408","24","112658694"
"chr17","9909381","9909545","chr17","9796454","9796619","6","112927"
"chr17","9990107","9990419","chr17","9878642","9878954","0","111465"
"chr17","10058868","10059182","chr17","9950599","9950908","10","108269"
"chr17","10082306","10082598","chrX","51176709","51177003","38","41094403"
"chr17","10083097","10083385","chr17","9975756","9976044","1","107341"
"chr17","10114835","10115095","chr17","10008403","10008666","4","106432"
"chr17","10118336","10118632","chr17","10011918","10012214","2","106418"
"chr17","10242464","10242765","chr17","10100977","10101281","6","141487"
"chr17","10242969","10243243","chr3","45453831","45454117","42","35210862"
"chr17","10248382","10248565","chr16","78108354","78108530","51","67859972"
"chr17","10262389","10262692","chr17","19092079","19092389","10","8829690"
"chr17","10342503","10342818","chr17","10208268","10208584","7","134235"
"chr17","10443393","10443514","chr1","46484701","46484838","30","36041308"
"chr17","10481673","10481967","chr5","10350860","10351158","47","130813"
"chr17","10556927","10557029","chr14","100673591","100673682","25","90116664"
"chr17","10677853","10677962","chr20","16652596","16652702","29","5974743"
"chr17","10684835","10685117","chr17","10531924","10532206","1","152911"
"chr17","10687076","10687348","chr17","10534165","10534437","2","152911"
"chr17","10719837","10720125","chr17","10569323","10569611","0","150514"
"chr17","10983971","10984267","chr17","10834636","10834934","4","149335"
"chr17","11019292","11019345","chr19","5766558","5766615","11","5252734"
"chr17","11062244","11062478","chr17","10913755","10913989","0","148489"
"chr17","11111024","11111302","chr14","30193080","30193359","58","19082056"
"chr17","11112079","11112377","chr17","10965415","10965717","5","146664"
"chr17","11270304","11270391","chr14","100673591","100673682","23","89403287"
"chr17","11286227","11286532","chr17","11115033","11115339","3","171194"
"chr17","11304004","11304285","chr17","11133959","11134244","5","170045"
"chr17","11323967","11324124","chr20","5858157","5858312","36","5465810"
"chr17","11376352","11376640","chr17","11208047","11208335","1","168305"
"chr17","11386082","11386405","chr17","11217756","11218083","11","168326"
"chr17","11387415","11387619","chr17","11219093","11219297","3","168322"
"chr17","11400016","11400178","chr22","16016044","16016202","38","4616028"
"chr17","11500203","11500506","chr15","82343301","82343599","38","70843098"
"chr17","11803617","11803921","chr17","11652829","11653133","4","150788"
"chr17","11875108","11875155","chr15","76459329","76459375","14","64584221"
"chr17","11875454","11875625","chr12","40340649","40340811","31","28465195"
"chr17","12064827","12064965","chr17","11959483","11959618","4","105344"
"chr17","12092500","12092595","chr14","100673591","100673682","25","88581091"
"chr17","12143244","12143573","chr17","12040501","12040830","6","102743"
"chr17","12145816","12146103","chr17","12043037","12043324","1","102779"
"chr17","12158751","12158936","chr12","124308544","124308724","29","112149793"
"chr17","12161990","12162148","chr6","37846623","37846781","29","25684633"
"chr17","12168895","12169190","chr17","12066346","12066644","3","102549"
"chr17","12198261","12198558","chr17","12095674","12095979","10","102587"
"chr17","12240055","12240161","chr2B","205936995","205937106","24","193696940"
"chr17","12284811","12284893","chr11","8774884","8774956","17","3509927"
"chr17","12313526","12313817","chr17","12213189","12213484","4","100337"
"chr17","12321709","12321825","chr5","172392908","172393028","28","160071199"
"chr17","12339068","12339293","chr4","47316981","47317199","45","34977913"
"chr17","12407956","12408250","chr17","12308220","12308515","2","99736"
"chr17","12445244","12445379","chr7","116748829","116748964","23","104303585"
"chr17","12445419","12445433","chr1","28547144","28547162","8","16101725"
"chr17","12457364","12457462","chr14","100673591","100673682","22","88216227"
"chr17","12500001","12500177","chr5","178397697","178397875","31","165897696"
"chr17","12544156","12544410","chr6","156589079","156589328","52","144044923"
"chr17","12639045","12639198","chrX","296942","297101","24","12342103"
"chr17","12652772","12653083","chr7","91071284","91071593","40","78418512"
"chr17","12658524","12658653","chr4","113902899","113903048","33","101244375"
"chr17","12660879","12661161","chr17","12568215","12568489","8","92664"
"chr17","12669319","12669484","chr13","26988435","26988596","25","14319116"
"chr17","12679001","12679132","chr4","25636990","25637130","24","12957989"
"chr17","12693762","12694069","chr17","12601018","12601319","6","92744"
"chr17","12710102","12710405","chr17","12618264","12618568","4","91838"
"chr17","12751573","12751726","chr1","11780192","11780341","29","971381"
"chr17","12752770","12753070","chr8","89630496","89630797","43","76877726"
"chr17","12770243","12770542","chr6","42695816","42696118","44","29925573"
"chr17","12775124","12775413","chr17","12683124","12683413","0","92000"
"chr17","12863118","12863404","chr16","14982621","14982919","37","2119503"
"chr17","12867168","12867269","chr3","181238196","181238292","25","168371028"
"chr17","12907169","12907467","chr17","12762965","12763264","2","144204"
"chr17","12912030","12912306","chr17","12767802","12768103","25","144228"
"chr17","13062516","13062657","chr19","39393323","39393459","20","26330807"
"chr17","13062972","13063130","chr16","23468518","23468684","30","10405546"
"chr17","13071920","13072229","chr17","12929747","12930056","0","142173"
"chr17","13080180","13080227","chr8","90198877","90198926","10","77118697"
"chr17","13085899","13086194","chr2A","63086723","63087016","31","50000824"
"chr17","13091988","13092281","chr17","12950644","12950938","1","141344"
"chr17","13092991","13093296","chr17","12951744","12952054","9","141247"
"chr17","13131799","13131851","chr10","27042861","27042906","19","13911062"
"chr17","13132325","13132608","chr17","12993559","12993844","4","138766"
"chr17","13152525","13152651","chr1","158024936","158025074","26","144872411"
"chr17","13172368","13172464","chr3","181238196","181238292","23","168065828"
"chr17","13413586","13413885","chr6","164583645","164583943","38","151170059"
"chr17","13414691","13414782","chr14","100673591","100673682","19","87258900"
"chr17","13424091","13424270","chr1","134045753","134045928","38","120621662"
"chr17","13424582","13424642","chr3","188064668","188064724","11","174640086"
"chr17","13427172","13427481","chr12","9752199","9752503","37","3674973"
"chr17","13457428","13457558","chr17","13333802","13333932","1","123626"
"chr17","13500952","13501251","chr17","13376762","13377061","2","124190"
"chr17","13508608","13508928","chr17","13380816","13381123","13","127792"
"chr17","13512202","13512328","chr8","132265747","132265871","39","118753545"
"chr17","13512417","13512535","chr8","26723415","26723536","26","13210998"
"chr17","13515428","13515532","chr3","181238196","181238292","21","167722768"
"chr17","13515760","13515907","chr9","122440954","122441094","17","108925194"
"chr17","13519326","13519408","chr1","160944586","160944680","17","147425260"
"chr17","13563946","13564227","chr17","13437499","13437818","39","126447"
"chr17","13565095","13565405","chr17","13438685","13438994","5","126410"
"chr17","13565786","13565960","chr17","13439369","13439543","0","126417"
"chr17","13566876","13566997","chr17","13440536","13440654","3","126340"
"chr17","13580914","13581037","chr4","75964418","75964542","15","62383504"
"chr17","13691180","13691490","chr17","13568023","13568341","11","123157"
"chr17","13710856","13711146","chr9","77142191","77142475","60","63431335"
"chr17","13711174","13711197","chr1","28547144","28547162","9","14835970"
"chr17","13792483","13792777","chr1","155719596","155719887","41","141927113"
"chr17","13896035","13896336","chr7","54598400","54598703","35","40702365"
"chr17","13914896","13915198","chr17","13718943","13719247","6","195953"
"chr17","13921761","13922006","chr12","124055811","124056063","34","110134050"
"chr17","13934069","13934368","chr17","13735054","13735363","10","199015"
"chr17","13963325","13963636","chr4","141609401","141609710","34","127646076"
"chr17","13977173","13977484","chr17","13779953","13780263","4","197220"
"chr17","13999289","13999569","chr17","13803032","13803314","6","196257"
"chr17","14022793","14023084","chr20","48605801","48606086","41","34583008"
"chr17","14038072","14038241","chr17","13843105","13843274","0","194967"
"chr17","14076505","14076631","chr5","172392908","172393028","22","158316403"
"chr17","14109517","14109802","chr17","13917488","13917773","1","192029"
"chr17","14148946","14149238","chr17","13957653","13957945","3","191293"
"chr17","14215035","14215258","chrX","41443435","41443673","47","27228400"
"chr17","14220111","14220387","chr6","15000233","15000515","48","780122"
"chr17","14249521","14249657","chr7","37375019","37375148","37","23125498"
"chr17","14249940","14250043","chr3","48563919","48564001","37","34313979"
"chr17","14252943","14253018","chr1","130379185","130379250","18","116126242"
"chr17","14272339","14272625","chr17","14084521","14084807","0","187818"
"chr17","14340822","14341095","chr17","14162029","14162289","15","178793"
"chr17","14363967","14364253","chr13","47716998","47717281","34","33353031"
"chr17","14433646","14433786","chr13","22694842","22694978","36","8261196"
"chr17","14453128","14453273","chr17","81772114","81772255","20","67318986"
"chr17","14500523","14500780","chr17","14328544","14328804","3","171979"
"chr17","14521374","14521497","chr8","26723415","26723536","19","12202041"
"chr17","14544132","14544392","chr17","14375835","14376097","14","168297"
"chr17","14578003","14578217","chr12","127226022","127226243","38","112648019"
"chr17","14632247","14632521","chr5","101499260","101499531","56","86867013"
"chr17","14644928","14645236","chr3","44197059","44197365","36","29552131"
"chr17","14655900","14656045","chr17","14493093","14493237","1","162807"
"chr17","14666572","14666665","chr12","129753197","129753289","9","115086625"
"chr17","14717539","14717623","chr3","181238196","181238292","32","166520657"
"chr17","14766457","14766766","chr17","14607304","14607584","29","159153"
"chr17","14775646","14775753","chr3","198268184","198268291","22","183492538"
"chr17","14845726","14845858","chr4","51557575","51557711","24","36711849"
"chr17","14856520","14856824","chr1","24298407","24298712","32","9441887"
"chr17","14899891","14900193","chr17","14742515","14742816","13","157376"
"chr17","14944727","14944856","chr8","26723415","26723536","31","11778688"
"chr17","15075809","15076108","chrX","9943873","9944173","35","5131936"
"chr17","15079530","15079826","chr17","14925505","14925800","6","154025"
"chr17","15082728","15083016","chr2B","128730975","128731266","46","113648247"
"chr17","15149747","15149851","chr19","11330239","11330343","18","3819508"
"chr17","15150151","15150238","chrX","130016233","130016321","18","114866082"
"chr17","15173878","15174051","chr3","37511028","37511205","33","22337150"
"chr17","15188529","15188608","chr8","46091691","46091777","19","30903162"
"chr17","15189211","15189433","chr17","15039783","15040006","2","149428"
"chr17","15222317","15222492","chr17","15074720","15074895","1","147597"
"chr17","15244934","15245050","chr2B","199271339","199271453","27","184026405"
"chr17","15247014","15247326","chr2A","48195784","48196093","28","32948770"
"chr17","15293472","15293605","chr14","62610265","62610395","17","47316793"
"chr17","15293905","15294081","chr4","26666455","26666626","36","11372550"
"chr17","15363778","15363949","chr20","31932541","31932714","30","16568763"
"chr17","15401729","15402018","chr17","15259606","15259895","4","142123"
"chr17","15427094","15427344","chr20","18102590","18102837","29","2675496"
"chr17","15488530","15488820","chr17","15350452","15350742","5","138078"
"chr17","15509193","15509294","chr14","100673591","100673682","28","85164398"
"chr17","15514360","15514652","chr17","15378858","15379150","1","135502"
"chr17","15583172","15583463","chr17","15449004","15449302","15","134168"
"chr17","15584778","15584982","chr3","198771121","198771322","33","183186343"
"chr17","15587932","15588142","chr15","37779043","37779239","46","22191111"
"chr17","15603328","15603630","chr17","15470685","15470991","6","132643"
"chr17","15618332","15618627","chr17","15485596","15485894","5","132736"
"chr17","15644076","15644356","chr8","398367","398639","61","15245709"
"chr17","15675404","15675697","chr3","33283512","33283805","28","17608108"
"chr17","15681092","15681169","chr16","15259910","15259989","8","421182"
"chr17","15685381","15685672","chr17","15546096","15546387","0","139285"
"chr17","15699124","15699422","chr3","183720328","183720621","33","168021204"
"chr17","15716844","15717085","chr17","15578005","15578246","0","138839"
"chr17","15722079","15722203","chr5","172392908","172393028","20","156670829"
"chr17","15737779","15737973","chr6","111943557","111943763","56","96205778"
"chr17","15754664","15754978","chr17","15618737","15619050","1","135927"
"chr17","15789850","15790049","chr2A","85324334","85324535","26","69534484"
"chr17","15821102","15821401","chr17","15684850","15685151","5","136252"
"chr17","15839996","15840289","chr17","15698190","15698486","4","141806"
"chr17","15931509","15931635","chr8","26723415","26723536","26","10791906"
"chr17","16313154","16313459","chr17","16166859","16167166","5","146295"
"chr17","16476095","16476223","chr17","16328289","16328411","8","147806"
"chr17","16567199","16567298","chr14","100673591","100673682","22","84106392"
"chr17","16569956","16570188","chr10","70841573","70841805","27","54271617"
"chr17","16580421","16580648","chr17","16431587","16431821","7","148834"
"chr17","16808257","16808375","chrX","104316738","104316858","13","87508481"
"chr17","16849262","16849552","chr17","16706098","16706390","4","143164"
"chr17","16852599","16852896","chr17","16709447","16709745","4","143152"
"chr17","16974198","16974345","chr20","53652319","53652459","23","36678121"
"chr17","17102912","17103218","chr17","16962073","16962371","8","140839"
"chr17","17136200","17136486","chr2A","63086723","63087016","42","45950523"
"chr17","17178277","17178438","chrX","71354640","71354795","27","54176363"
"chr17","17215191","17215428","chr10","772641","772873","45","16442550"
"chr17","17236546","17236674","chr17","17099117","17099245","1","137429"
"chr17","17240557","17240866","chr17","17103151","17103456","4","137406"
"chr17","17247261","17247385","chr8","26723415","26723536","20","9476154"
"chr17","17284895","17285026","chr3","126157086","126157216","10","108872191"
"chr17","17303013","17303328","chr3","127056477","127056786","60","109753464"
"chr17","17351120","17351445","chr9","126939522","126939842","81","109588402"
"chr17","17363634","17363926","chr17","17232911","17233206","3","130723"
"chr17","17394295","17394461","chr1","198396810","198396976","32","181002515"
"chr17","17459929","17460011","chr8","46091691","46091777","18","28631762"
"chr17","17462838","17463149","chr17","17333273","17333574","16","129565"
"chr17","17507470","17507783","chr7","68678940","68679254","50","51171470"
"chr17","17530450","17530600","chr12","95708278","95708420","31","78177828"
"chr17","17596801","17596906","chr22","33938435","33938535","16","16341634"
"chr17","17624851","17625149","chr21","4065891","4066188","34","13558960"
"chr17","17652154","17652238","chr10","133372236","133372313","29","115720082"
"chr17","17709955","17710151","chrUn_GL393518","506491","506690","25","17203464"
"chr17","17782859","17783148","chr17","17663709","17663998","3","119150"
"chr17","17926996","17927125","chr3","126157086","126157216","25","108230090"
"chr17","17927450","17927628","chr1","52206468","52206632","48","34279018"
"chr17","17930055","17930185","chrX","97546574","97546704","9","79616519"
"chr17","17944624","17944807","chr3","50636277","50636455","36","32691653"
"chr17","17966898","17967169","chr6","30425392","30425674","40","12458494"
"chr17","17981305","17981592","chr17","17868776","17869063","0","112529"
"chr17","17988782","17988970","chr17","17876580","17876768","0","112202"
"chr17","17993582","17993878","chr17","17881464","17881765","8","112118"
"chr17","18000454","18000555","chr3","181238196","181238292","21","163237742"
"chr17","18013518","18013616","chr14","100673591","100673682","20","82660073"
"chr17","18016300","18016590","chr17","17903872","17904163","1","112428"
"chr17","18026450","18026742","chr17","17915531","17915826","3","110919"
"chr17","18037008","18037273","chr17","17926091","17926390","35","110917"
"chr17","18048369","18048624","chr10","99096355","99096608","47","81047986"
"chr17","18048968","18049097","chr7","156274717","156274856","26","138225749"
"chr17","18077561","18077856","chr17","17968900","17969204","11","108661"
"chr17","18081395","18081575","chr17","17972441","17972623","2","108954"
"chr17","18108074","18108251","chr3","9859752","9859937","32","8248322"
"chr17","18123268","18123569","chr17","18018012","18018321","9","105256"
"chr17","18130605","18130874","chr17","18027233","18027502","2","103372"
"chr17","18140242","18140540","chr17","18036272","18036570","2","103970"
"chr17","18163619","18163700","chr8","46091691","46091777","14","27928072"
"chr17","18220424","18220624","chr16","65320438","65320635","46","47100014"
"chr17","18225187","18225372","chr11","24500003","24500188","27","6274816"
"chr17","18304872","18304981","chr2B","199271339","199271453","21","180966467"
"chr17","18325483","18325782","chr17","18160928","18161227","2","164555"
"chr17","18331055","18331341","chr17","18166849","18167134","1","164206"
"chr17","18391977","18392281","chr8","45606114","45606411","36","27214137"
"chr17","18400265","18400560","chr17","18238677","18238974","4","161588"
"chr17","18520779","18520868","chr17","13332748","13332838","14","5188031"
"chr17","18677093","18677412","chr17","18523775","18524095","10","153318"
"chr17","18710006","18710307","chr17","18558314","18558613","6","151692"
"chr17","18712828","18713088","chrX","1534216","1534474","31","17178612"
"chr17","18713450","18713559","chr11","6110379","6110485","13","12603071"
"chr17","18728821","18729113","chr2B","229467861","229468153","42","210739040"
"chr17","18764769","18765080","chr6","18167423","18167728","35","597346"
"chr17","18850398","18850594","chr3","183618022","183618206","40","164767624"
"chr17","18888845","18889023","chr16","23781866","23782055","39","4893021"
"chr17","18898974","18899269","chr17","18750682","18750977","0","148292"
"chr17","18931413","18931536","chr16","73743066","73743197","32","54811653"
"chr17","18965382","18965692","chr17","18817061","18817371","5","148321"
"chr17","19064979","19065038","chr1","27390807","27390868","12","8325828"
"chr17","19132957","19133053","chr14","69014447","69014537","23","49881490"
"chr17","19167382","19167550","chr1","171474782","171474948","28","152307400"
"chr17","19219674","19219777","chr3","181143385","181143493","28","161923711"
"chr17","19226012","19226304","chr17","19038099","19038398","9","187913"
"chr17","19232202","19232467","chr14","102766713","102766993","45","83534511"
"chr17","19473103","19473415","chr17","19291989","19292299","3","181114"
"chr17","19487436","19487731","chr17","19306944","19307244","9","180492"
"chr17","19493333","19493626","chr17","19314975","19315270","6","178358"
"chr17","19527774","19527832","chr4","111204092","111204148","26","91676318"
"chr17","19537431","19537541","chr2B","199271339","199271453","29","179733908"
"chr17","19551055","19551386","chr17","19373390","19373710","12","177665"
"chr17","19564000","19564345","chr6","33365522","33365862","59","13801522"
"chr17","19577981","19578268","chr17","19400369","19400656","4","177612"
"chr17","19685096","19685393","chr17","19508468","19508767","3","176628"
"chr17","19755382","19755685","chr17","19578483","19578787","2","176899"
"chr17","19793928","19794160","chr17","19620501","19620733","3","173427"
"chr17","19799131","19799422","chr17","19625348","19625628","15","173783"
"chr17","19804020","19804324","chr17","19630538","19630840","6","173482"
"chr17","19889363","19889535","chr5","171329402","171329580","59","151440039"
"chr17","19889854","19889940","chr18","47204102","47204181","17","27314248"
"chr17","19933856","19934155","chr5","59770526","59770823","40","39836670"
"chr17","19959750","19960037","chr17","19794029","19794318","2","165721"
"chr17","19969734","19970040","chr10","10134827","10135133","41","9834907"
"chr17","19979806","19980104","chr17","19815936","19816246","23","163870"
"chr17","19997998","19998105","chr3","198268184","198268291","22","178270186"
"chr17","20046788","20047048","chr12","71390426","71390684","34","51343638"
"chr17","20069639","20069938","chr5","133661147","133661441","55","113591508"
"chr17","20135159","20135459","chr17","19978156","19978455","1","157003"
"chr17","20366832","20366904","chr6","11395990","11396054","30","8970842"
"chr17","20389899","20390204","chr17","20239391","20239697","2","150508"
"chr17","20448425","20448568","chr16","73743066","73743197","38","53294641"
"chr17","20466142","20466433","chr17","20317546","20317843","13","148596"
"chr17","20537126","20537431","chr17","20392552","20392857","3","144574"
"chr17","20655130","20655297","chr6","37299122","37299292","27","16643992"
"chr17","20664748","20665044","chrX","121240517","121240807","38","100575769"
"chr17","20780430","20780724","chr13","20993235","20993531","37","212805"
"chr17","20859460","20859748","chr17","20714830","20715118","3","144630"
"chr17","21030327","21030437","chr20","16652596","16652702","28","4377731"
"chr17","21229649","21229894","chr5","164809708","164809967","48","143580059"
"chr17","21241311","21241599","chr17","21104139","21104435","19","137172"
"chr17","21413637","21413733","chr1","160944586","160944680","21","139530949"
"chr17","21497704","21497798","chr9","104106843","104106929","27","82609139"
"chr17","21505784","21506089","chr7","158152088","158152396","60","136646304"
"chr17","21976484","21976599","chr4","40591024","40591130","27","18614540"
"chr17","22016322","22016538","chr17","21906346","21906567","9","109976"
"chr17","22030207","22030372","chr17","21920907","21921072","2","109300"
"chr17","22031916","22032216","chr17","21922619","21922920","3","109297"
"chr17","22129671","22129977","chr17","22020959","22021265","4","108712"
"chr17","22268317","22268528","chr17","54503313","54503512","48","32234996"
"chr17","22288283","22288587","chr17","22184989","22185301","9","103294"
"chr17","22715465","22715597","chr5","172392908","172393028","29","149677443"
"chr17","22926943","22927228","chr17","22828706","22828992","3","98237"
"chr17","23056764","23056944","chr17","22963487","22963667","0","93277"
"chr17","23176513","23176831","chr2A","58321168","58321465","83","35144655"
"chr17","23669770","23670057","chr17","23578912","23579199","1","90858"
"chr17","23952655","23952917","chr17","23865216","23865478","0","87439"
"chr17","24185618","24185763","chr2A","32693701","32693835","36","8508083"
"chr17","24376892","24377185","chr17","24298351","24298647","6","78541"
"chr17","24404456","24404748","chr17","24326475","24326770","4","77981"
"chr17","24473153","24473450","chr17","24395311","24395608","1","77842"
"chr17","24486486","24486780","chr17","24408543","24408842","9","77943"
"chr17","24517990","24518117","chr12","93126526","93126644","31","68608536"
"chr17","24531216","24531523","chr17","24453707","24454018","4","77509"
"chr17","24545087","24545220","chr19","19113691","19113820","16","5431396"
"chr17","24604436","24604729","chr17","24529054","24529348","3","75382"
"chr17","24623704","24623994","chr17","24548678","24548966","4","75026"
"chr17","24628021","24628081","chr1","33246348","33246407","13","8618327"
"chr17","24629493","24629816","chr2B","200613940","200614241","53","175984447"
"chr17","24651280","24651586","chr17","24577725","24578030","5","73555"
"chr17","24658439","24658731","chr17","24584883","24585176","2","73556"
"chr17","24718070","24718170","chr17","24645535","24645635","0","72535"
"chr17","24718879","24719001","chr12","107191538","107191660","13","82472659"
"chr17","24726221","24726503","chr17","24653679","24653958","4","72542"
"chr17","24856383","24856552","chr11","43973183","43973348","27","19116800"
"chr17","24865651","24865835","chr3","9859752","9859937","22","15005899"
"chr17","24908403","24908705","chr17","24842732","24843029","5","65671"
"chr17","25343147","25343439","chr17","26088225","26088517","1","745078"
"chr17","25356319","25356570","chr7","78418260","78418521","59","53061941"
"chr17","25402510","25402795","chr3","53492315","53492610","45","28089805"
"chr17","25445072","25445331","chr17","26189818","26190081","6","744746"
"chr17","25457028","25457339","chr17","26205864","26206175","2","748836"
"chr17","25481014","25481209","chr10","30763708","30763896","27","5282694"
"chr17","25483615","25483808","chr7","140964267","140964458","35","115480652"
"chr17","25483956","25484244","chr17","26236284","26236598","28","752328"
"chr17","25500002","25500120","chr2B","210790127","210790232","26","185290125"
"chr17","25501574","25501670","chr9","95139174","95139270","14","69637600"
"chr17","25508747","25508958","chr19","61181372","61181586","33","35672625"
"chr17","25518928","25519195","chr17","26272913","26273205","25","753985"
"chr17","25521861","25522150","chr17","26276075","26276373","9","754214"
"chr17","25528421","25528710","chr17","26282536","26282829","7","754115"
"chr17","25530816","25530980","chr17","26284951","26285115","2","754135"
"chr17","25542763","25543041","chr17","26297530","26297817","11","754767"
"chr17","25554485","25554650","chr17","25031563","25031735","7","522922"
"chr17","25558584","25558825","chr17","25035665","25035906","0","522919"
"chr17","25571560","25571842","chr17","25048494","25048801","25","523066"
"chr17","25590943","25591236","chr17","25066652","25066947","5","524291"
"chr17","25591766","25591856","chr14","100673591","100673682","18","75081825"
"chr17","25601176","25601471","chr17","25074296","25074591","0","526880"
"chr17","25623310","25623390","chr8","46091691","46091777","20","20468381"
"chr17","25628982","25629279","chr17","25105033","25105334","8","523949"
"chr17","25629899","25630013","chr2B","142240066","142240170","35","116610167"
"chr17","25641553","25641660","chr20","16652596","16652702","17","8988957"
"chr17","25794067","25794167","chr12","12586014","12586108","19","13208053"
"chr17","25824003","25824174","chr3","173683667","173683841","27","147859664"
"chr17","25829814","25829994","chr3","173995114","173995280","29","148165300"
"chr17","25885196","25885430","chr17","25372456","25372693","3","512740"
"chr17","25923994","25924218","chr1","129385965","129386195","42","103461971"
"chr17","25962657","25962964","chr7","102580145","102580450","36","76617488"
"chr17","25992639","25992932","chr2B","148142398","148142691","42","122149759"
"chr17","26031989","26032283","chr17","25525415","25525712","4","506574"
"chr17","26092785","26093096","chr17","25588444","25588755","5","504341"
"chr17","26133294","26133559","chr17","25629457","25629725","5","503837"
"chr17","26135320","26135630","chr5","113947101","113947407","35","87811781"
"chr17","26249295","26249473","chr2A","112034799","112034975","30","85785504"
"chr17","26384909","26385115","chr2A","39227293","39227501","37","12842384"
"chr17","26404582","26404851","chr17","25902808","25903077","2","501774"
"chr17","26408081","26408305","chr12","119274512","119274733","34","92866431"
"chr17","26416983","26417283","chr12","111863778","111864077","42","85446795"
"chr17","26440365","26440460","chr13","24059413","24059502","20","2380952"
"chr17","26463314","26463615","chr17","25961408","25961712","16","501906"
"chr17","26500016","26500319","chr17","26003856","26004162","3","496160"
"chr17","26726372","26726520","chr4","149843795","149843946","28","123117423"
"chr17","26803758","26803873","chr2B","199271339","199271453","28","172467581"
"chr17","26861182","26861483","chr17","26613146","26613454","13","248036"
"chr17","26867755","26868054","chr17","26619731","26620030","0","248024"
"chr17","26922078","26922378","chr17","26677164","26677474","13","244914"
"chr17","26969109","26969371","chr17","26725531","26725828","36","243578"
"chr17","26977884","26978061","chr17","26734383","26734560","2","243501"
"chr17","27010884","27011209","chr17","26768497","26768823","3","242387"
"chr17","27011355","27011444","chr14","100673591","100673682","20","73662236"
"chr17","27030557","27030843","chr17","26789128","26789414","0","241429"
"chr17","27062620","27062928","chr2A","64330888","64331190","42","37268268"
"chr17","27110571","27110848","chr17","26867252","26867532","4","243319"
"chr17","27145926","27146211","chr10","96148700","96148990","50","69002774"
"chr17","27289729","27290029","chr17","27047849","27048151","6","241880"
"chr17","27370148","27370323","chr17","27129638","27129813","2","240510"
"chr17","27370850","27371137","chr17","27130353","27130641","1","240497"
"chr17","27424322","27424620","chr17","27184524","27184826","8","239798"
"chr17","27431226","27431513","chr17","27191446","27191736","4","239780"
"chr17","27439669","27439963","chr17","27200563","27200858","4","239106"
"chr17","27500777","27501062","chr17","27263120","27263405","0","237657"
"chr17","27516959","27517096","chr16","73743066","73743197","38","46226107"
"chr17","27535372","27535682","chr17","27297252","27297562","1","238120"
"chr17","27561597","27561870","chr4","57385567","57385848","58","29823970"
"chr17","27563782","27563860","chrX","144209301","144209379","13","116645519"
"chr17","27602817","27603017","chr17","27370019","27370219","0","232798"
"chr17","27604829","27605112","chr6","154412146","154412420","64","126807317"
"chr17","27613089","27613376","chr17","27380881","27381169","1","232208"
"chr17","27615010","27615307","chr17","27382802","27383100","3","232208"
"chr17","27627103","27627391","chr17","27395547","27395839","7","231556"
"chr17","27642068","27642361","chr12","31778296","31778591","34","4136228"
"chr17","27643842","27643933","chr6","108298721","108298814","18","80654879"
"chr17","27778453","27778768","chr1","12630304","12630616","33","15148149"
"chr17","27786412","27786632","chr17","27564588","27564808","0","221824"
"chr17","27823935","27824104","chr20","45549956","45550123","25","17726021"
"chr17","27828204","27828497","chr19","17435671","17435968","33","10392533"
"chr17","27852393","27852702","chr17","27631402","27631706","6","220991"
"chr17","27853863","27854172","chr17","27632865","27633175","3","220998"
"chr17","27901591","27901699","chr3","181143385","181143493","27","153241794"
"chr17","27923526","27923826","chrX","147458745","147459045","37","119535219"
"chr17","27928591","27928695","chr3","181238196","181238292","21","153309605"
"chr17","27933374","27933668","chr17","27716999","27717293","1","216375"
"chr17","27935136","27935224","chr12","12586014","12586108","20","15349122"
"chr17","27980803","27981094","chr3","15176094","15176391","36","12804709"
"chr17","27987577","27987797","chr19","3946308","3946529","25","24041269"
"chr17","28082796","28082958","chrX","155632548","155632709","20","127549752"
"chr17","28316860","28317005","chr10","106630574","106630719","23","78313714"
"chr17","28336021","28336316","chr17","28125937","28126233","1","210084"
"chr17","28337158","28337454","chr17","28127075","28127371","0","210083"
"chr17","28338634","28338756","chr5","172392908","172393028","28","144054274"
"chr17","28430314","28430612","chr17","28226486","28226784","0","203828"
"chr17","28439007","28439312","chr17","28231552","28231847","10","207455"
"chr17","28446849","28447150","chr17","28239883","28240165","35","206966"
"chr17","28468765","28469075","chr17","28262020","28262329","2","206745"
"chr17","28496505","28496730","chr17","28291384","28291612","15","205121"
"chr17","28510156","28510447","chr17","28305375","28305666","0","204781"
"chr17","28519398","28519682","chr9","37655366","37655651","27","9135968"
"chr17","28530716","28530841","chr14","102420700","102420830","28","73889984"
"chr17","28570772","28570861","chr14","100673591","100673682","24","72102819"
"chr17","28624556","28624867","chr17","28427712","28428021","24","196844"
"chr17","28641806","28641947","chr16","19339749","19339897","30","9302057"
"chr17","28649432","28649670","chr13","110963799","110964041","47","82314367"
"chr17","28650546","28650839","chr17","28453319","28453613","2","197227"
"chr17","28661521","28661661","chr7","156274717","156274856","23","127613196"
"chr17","28669682","28669772","chr13","24059413","24059502","12","4610269"
"chr17","28677557","28677794","chr3","189561906","189562139","45","160884349"
"chr17","28756058","28756229","chr20","33771857","33772021","28","5015799"
"chr17","28860090","28860407","chr17","28666505","28666813","11","193585"
"chr17","28910601","28910907","chr17","28718193","28718498","4","192408"
"chr17","28998796","28999094","chr17","28807853","28808150","2","190943"
"chr17","29096056","29096312","chr17","28908287","28908543","0","187769"
"chr17","29250196","29250499","chr17","29063093","29063393","5","187103"
"chr17","29349977","29350275","chr17","29163460","29163758","0","186517"
"chr17","29362711","29362936","chr17","29176571","29176796","0","186140"
"chr17","29425804","29426107","chr15","68652816","68653117","51","39227012"
"chr17","29489347","29489662","chr17","29304703","29305021","7","184644"
"chr17","29860252","29860349","chr7","112797537","112797633","25","82937285"
"chr17","29958834","29959115","chr17","29781738","29782052","34","177096"
"chr17","29974910","29975214","chr1","211055580","211055884","39","181080670"
"chr17","29976935","29977124","chr4","155558000","155558189","35","125581065"
"chr17","29981327","29981627","chr17","29802936","29803236","6","178391"
"chr17","29981662","29981940","chr3","183720328","183720621","44","153738666"
"chr17","29986173","29986469","chr17","29808229","29808525","1","177944"
"chr17","29986865","29987155","chr17","29808921","29809211","0","177944"
"chr17","29990211","29990513","chr17","29812280","29812583","1","177931"
"chr17","30217784","30218073","chr2A","88339562","88339855","41","58121778"
"chr17","34625064","34625203","chr7","61566140","61566279","12","26941076"
"chr17","35131815","35131930","chr20","16652596","16652702","23","18479219"
"chr17","35144018","35144302","chr11","97344814","97345098","40","62200796"
"chr17","35249881","35250182","chr17","34722066","34722367","1","527815"
"chr17","35255427","35255765","chr17","34728463","34728801","0","526964"
"chr17","35291173","35291481","chr17","34765219","34765526","2","525954"
"chr17","35311106","35311418","chr17","34785103","34785420","9","526003"
"chr17","35317913","35318223","chr17","34791932","34792242","2","525981"
"chr17","35382268","35382415","chr16","68214504","68214646","33","32832236"
"chr17","35410740","35410990","chr10","96777563","96777787","56","61366823"
"chr17","35422726","35422825","chr9","80389825","80389922","17","44967099"
"chr17","35437819","35438103","chr17","34913976","34914276","19","523843"
"chr17","35443849","35444149","chr5","133214691","133214991","32","97770842"
"chr17","35460486","35460778","chr18","27229273","27229564","39","8231213"
"chr17","35569388","35569674","chr1","15083296","15083581","36","20486092"
"chr17","36074224","36074420","chr17","35790183","35790380","2","284041"
"chr17","36130035","36130334","chr1","21132209","21132506","35","14997826"
"chr17","36177699","36177998","chr17","35894233","35894537","8","283466"
"chr17","36231626","36231926","chr3","188317272","188317569","53","152085646"
"chr17","36236851","36237135","chr17","35948416","35948710","23","288435"
"chr17","36255504","36255627","chr2B","210790127","210790232","36","174534623"
"chr17","36267530","36267838","chr17","35979741","35980051","2","287789"
"chr17","36286452","36286533","chr3","46579108","46579189","9","10292656"
"chr17","36309759","36310070","chr1","53118077","53118382","41","16808318"
"chr17","36369065","36369271","chr17","37707269","37707489","34","1338204"
"chr17","36388737","36389037","chr2A","16383216","16383524","41","20005521"
"chr17","36397251","36397548","chr17","36112455","36112754","5","284796"
"chr17","36434066","36434369","chr17","36151747","36152050","1","282319"
"chr17","36444700","36444893","chr17","36162259","36162452","1","282441"
"chr17","36507451","36507725","chr6","162678441","162678712","43","126170990"
"chr17","36548800","36549070","chr3","69959076","69959347","35","33410276"
"chr17","36596933","36597226","chr17","36319363","36319656","1","277570"
"chr17","36644576","36644890","chr17","36367872","36368186","2","276704"
"chr17","36647555","36647865","chr17","36370851","36371161","3","276704"
"chr17","36659689","36659998","chr17","36383141","36383451","8","276548"
"chr17","36731269","36731566","chr17","36456164","36456461","0","275105"
"chr17","36746251","36746562","chr17","58114546","58114845","36","21368295"
"chr17","36786731","36786829","chr17","36512962","36513060","1","273769"
"chr17","36848202","36848402","chr17","36574862","36575062","0","273340"
"chr17","36857518","36857808","chr17","36583762","36584052","0","273756"
"chr17","36922167","36922461","chr17","36649307","36649601","1","272860"
"chr17","37220208","37220508","chr17","36921801","36922110","10","298407"
"chr17","37241249","37241548","chr17","36943846","36944146","2","297403"
"chr17","37245157","37245268","chr5","172392908","172393028","26","135147751"
"chr17","37262612","37262907","chr17","36965471","36965769","5","297141"
"chr17","37284951","37285209","chr17","36989571","36989830","6","295380"
"chr17","37294276","37294569","chr17","36998269","36998564","3","296007"
"chr17","37301383","37301682","chr17","37007012","37007313","2","294371"
"chr17","37324452","37324590","chr17","37031860","37031994","5","292592"
"chr17","37833510","37833816","chr7","26274615","26274920","33","11558895"
"chr17","37848627","37848731","chr22","33938435","33938535","22","3910192"
"chr17","37855524","37855825","chr17","37563973","37564276","7","291551"
"chr17","37901882","37902161","chr10","14133361","14133638","33","23768521"
"chr17","37921854","37922146","chr2A","96608900","96609202","43","58687046"
"chr17","37935809","37936124","chr17","37645655","37645971","5","290154"
"chr17","37993771","37993923","chr7","119909730","119909884","36","81915959"
"chr17","37994886","37995003","chr5","172392908","172393028","20","134398022"
"chr17","38011704","38011985","chr3","117156145","117156424","36","79144441"
"chr17","38019912","38020204","chr7","140330707","140331003","36","102310795"
"chr17","38098743","38098952","chr20","3760605","3760811","34","34338138"
"chr17","38220466","38220564","chr8","46091691","46091777","24","7871225"
"chr17","38263346","38263487","chr2A","32693701","32693835","27","5569645"
"chr17","38281853","38282149","chr19","12387893","12388192","33","25893960"
"chr17","38327482","38327667","chr16","78108354","78108530","34","39780872"
"chr17","38327963","38328098","chr10","35805830","35805960","19","2522133"
"chr17","38536741","38537028","chr3","173983076","173983369","46","135446335"
"chr17","38594437","38594740","chr17","38300991","38301297","6","293446"
"chr17","38635287","38635577","chr17","38344483","38344775","5","290804"
"chr17","38716775","38717072","chr17","38428174","38428471","0","288601"
"chr17","38770730","38770795","chr1","33246348","33246407","23","5524382"
"chr17","38785229","38785523","chr17","38501478","38501775","4","283751"
"chr17","38936387","38936489","chr3","181238196","181238292","19","142301809"
"chr17","38950111","38950187","chr11","8774884","8774956","22","30175227"
"chr17","38955324","38955619","chr17","38686594","38686900","12","268730"
"chr17","38970731","38971027","chr17","38702609","38702917","14","268122"
"chr17","38974974","38975190","chr17","38706872","38707088","0","268102"
"chr17","38976566","38976686","chr2B","207026815","207026935","33","168050249"
"chr17","38986682","38986785","chr20","16652596","16652702","22","22334086"
"chr17","39000051","39000345","chr17","38731832","38732126","0","268219"
"chr17","39101759","39102112","chr2B","206785519","206785856","61","167683760"
"chr17","39160996","39161160","chr4","40065116","40065274","26","904120"
"chr17","40936652","40936952","chr17","40617694","40618003","10","318958"
"chr17","41043706","41044017","chr9","136730898","136731200","52","95687192"
"chr17","41085556","41085845","chr1","61739965","61740261","39","20654409"
"chr17","41132747","41133043","chr17","40820619","40820915","4","312128"
"chr17","41195592","41195900","chr17","40885831","40886142","7","309761"
"chr17","41218922","41219248","chr17","40909154","40909482","12","309768"
"chr17","41222856","41223024","chr1","201020072","201020240","27","159797216"
"chr17","41306409","41306718","chr17","40998111","40998425","5","308298"
"chr17","41345644","41345725","chr3","46579108","46579189","13","5233464"
"chr17","41345726","41345842","chr7","112797358","112797487","26","71451632"
"chr17","41453905","41454112","chr3","103534988","103535201","49","62081083"
"chr17","41458051","41458340","chr17","41151836","41152125","0","306215"
"chr17","41490634","41490748","chr5","172392908","172393028","27","130902274"
"chr17","41559911","41560203","chr17","41253992","41254287","4","305919"
"chr17","41646293","41646588","chr17","41339675","41339971","2","306618"
"chr17","41760406","41760583","chr17","41457197","41457372","4","303209"
"chr17","41836953","41837260","chr17","41536078","41536385","3","300875"
"chr17","41841652","41841952","chr17","41540779","41541086","12","300873"
"chr17","41856304","41856607","chr17","41555190","41555495","3","301114"
"chr17","41865866","41866180","chr17","41564797","41565116","7","301069"
"chr17","41893614","41893752","chr2A","32693701","32693835","27","9199913"
"chr17","41914766","41915082","chr17","41613734","41614058","13","301032"
"chr17","41933584","41933783","chr12","2910476","2910665","35","39023108"
"chr17","41941712","41942020","chr17","41641142","41641444","14","300570"
"chr17","41965068","41965363","chr17","41665623","41665925","8","299445"
"chr17","41975222","41975515","chr17","41675944","41676243","7","299278"
"chr17","42055814","42055956","chr2A","32693701","32693835","28","9362113"
"chr17","42333508","42333816","chr9","44499279","44499587","38","2165771"
"chr17","42341114","42341417","chr17","42005052","42005358","3","336062"
"chr17","42367137","42367226","chr9","88937119","88937221","33","46569982"
"chr17","42423619","42423735","chr17","42088158","42088274","0","335461"
"chr17","42521893","42522182","chr17","42192364","42192654","10","329529"
"chr17","42575029","42575337","chr17","42247046","42247354","5","327983"
"chr17","42716324","42716394","chr17","4261422","4261478","23","38454902"
"chr17","42748578","42748800","chr17","42413736","42413958","1","334842"
"chr17","42799522","42799829","chr17","42466364","42466671","2","333158"
"chr17","42912018","42912353","chr7","131421391","131421726","48","88509373"
"chr17","42946804","42947099","chr17","42616547","42616849","9","330257"
"chr17","43169534","43169832","chr17","42839957","42840260","8","329577"
"chr17","43199138","43199421","chr17","42869589","42869895","25","329549"
"chr17","43260436","43260737","chr17","42948283","42948584","1","312153"
"chr17","43330842","43331004","chrX","71354640","71354795","29","28023798"
"chr17","43443239","43443529","chr17","43138050","43138347","9","305189"
"chr17","43574087","43574274","chr17","43270225","43270418","7","303862"
"chr17","43593482","43593767","chr17","43289637","43289922","3","303845"
"chr17","43639421","43639710","chr17","43336697","43336988","3","302724"
"chr17","43647901","43648207","chr17","43345182","43345481","9","302719"
"chr17","43809493","43809807","chr17","43512292","43512607","3","297201"
"chr17","43979254","43979547","chr17","43630543","43630836","3","348711"
"chr17","44177248","44177552","chr17","43831022","43831332","6","346226"
"chr17","44192525","44192620","chr17","63805822","63805920","12","19613297"
"chr17","44208235","44208546","chr17","43863181","43863494","4","345054"
"chr17","44258702","44258793","chrX","16927421","16927515","13","27331281"
"chr17","44374759","44375054","chr17","44028984","44029280","1","345775"
"chr17","44388888","44389174","chr17","44044090","44044378","3","344798"
"chr17","44429646","44429735","chrX","12847720","12847832","33","31581926"
"chr17","44437314","44437341","chr12","8241499","8241528","11","36195815"
"chr17","44437384","44437473","chr3","181238196","181238292","24","136800812"
"chr17","44511301","44511605","chr17","44168322","44168627","9","342979"
"chr17","44516183","44516492","chr17","44173206","44173515","2","342977"
"chr17","44549511","44549788","chr17","44205993","44206270","1","343518"
"chr17","44595787","44595887","chr3","181238196","181238292","22","136642409"
"chr17","44595926","44595947","chr1","28547144","28547162","7","16048782"
"chr17","44617125","44617268","chr2A","32693701","32693835","24","11923424"
"chr17","44622920","44623057","chr17","44281606","44281743","0","341314"
"chr17","44757547","44757837","chr9","110727628","110727918","35","65970081"
"chr17","44868362","44868674","chr17","44530160","44530471","8","338202"
"chr17","44939203","44939334","chr9","136394657","136394787","8","91455454"
"chr17","44969372","44969678","chr17","44632560","44632842","25","336812"
"chr17","45039132","45039418","chr17","73041048","73041317","53","28001916"
"chr17","45301402","45301529","chr8","26723415","26723536","24","18577987"
"chr17","45555053","45555287","chr1","158218734","158218963","47","112663681"
"chr17","45623300","45623591","chr17","45297553","45297848","5","325747"
"chr17","45693917","45694150","chr17","45367562","45367795","0","326355"
"chr17","45750175","45750474","chr17","45424307","45424607","6","325868"
"chr17","45836862","45837167","chr17","45511696","45512004","7","325166"
"chr17","46048897","46049198","chr17","45725498","45725801","2","323399"
"chr17","46055264","46055562","chr17","45731868","45732171","7","323396"
"chr17","46143290","46143588","chr17","45821782","45822083","4","321508"
"chr17","46252097","46252399","chr17","45934278","45934584","7","317819"
"chr17","46261954","46262271","chr17","45944276","45944593","0","317678"
"chr17","46359194","46359354","chr17","46043196","46043357","2","315998"
"chr17","46377650","46377962","chr17","46062174","46062486","3","315476"
"chr17","46409962","46410073","chr2B","205936995","205937106","22","159527033"
"chr17","46451519","46451821","chr17","46139764","46140066","1","311755"
"chr17","46464331","46464612","chr1","21064590","21064871","34","25399741"
"chr17","46490988","46491286","chr17","46179038","46179336","0","311950"
"chr17","46585992","46586294","chr17","46272422","46272723","2","313570"
"chr17","46642746","46643056","chr17","46335620","46335930","0","307126"
"chr17","46654775","46655087","chr17","46347699","46348011","8","307076"
"chr17","46676327","46676652","chr10","119499254","119499580","41","72822927"
"chr17","46685586","46685885","chr1","125297726","125298024","29","78612140"
"chr17","46691373","46691683","chr17","46387721","46388031","1","303652"
"chr17","46693366","46693665","chr17","46389715","46390015","5","303651"
"chr17","46730972","46731260","chr1","214809313","214809592","39","168078341"
"chr17","46764813","46764972","chr17","46463072","46463231","0","301741"
"chr17","46818366","46818676","chr17","46518344","46518656","2","300022"
"chr17","46822691","46822995","chr17","46522677","46522981","4","300014"
"chr17","46873141","46873444","chr17","46574894","46575200","8","298247"
"chr17","46882702","46883015","chr17","46584773","46585085","2","297929"
"chr17","46901270","46901553","chr17","46603723","46604006","2","297547"
"chr17","46901943","46902240","chr17","46604396","46604695","3","297547"
"chr17","46917350","46917494","chr2B","216519456","216519594","13","169602106"
"chr17","46948964","46949267","chr17","46652526","46652829","2","296438"
"chr17","46953840","46954127","chr17","46658067","46658357","4","295773"
"chr17","46988580","46988883","chr17","46692675","46692979","4","295905"
"chr17","46997437","46997742","chr17","46701769","46702074","1","295668"
"chr17","47001982","47002179","chr19","835919","836108","22","46166063"
"chr17","47040039","47040324","chr17","46747838","46748122","3","292201"
"chr17","47069695","47069953","chrX","106331864","106332123","35","59262169"
"chr17","47079016","47079319","chr17","46790016","46790319","3","289000"
"chr17","47095928","47096200","chr17","46806395","46806673","7","289533"
"chr17","47114699","47115012","chr17","46826475","46826778","12","288224"
"chr17","47145754","47145987","chr17","46858198","46858434","4","287556"
"chr17","47156194","47156452","chr17","14375835","14376097","54","32780359"
"chr17","47166846","47167107","chr17","46879079","46879340","0","287767"
"chr17","47175029","47175327","chr17","46887913","46888213","4","287116"
"chr17","47189749","47190067","chr17","46902646","46902969","10","287103"
"chr17","47293861","47294166","chr17","47008718","47009023","0","285143"
"chr17","47324484","47324777","chr17","47039436","47039728","1","285048"
"chr17","47329114","47329424","chr2B","236530428","236530737","37","189201314"
"chr17","47332895","47333196","chr17","47047917","47048218","2","284978"
"chr17","47362594","47362806","chr17","47078018","47078229","1","284576"
"chr17","47391949","47392100","chrX","70060453","70060604","26","22668504"
"chr17","47408232","47408504","chr7","37166744","37167013","33","10241488"
"chr17","47502799","47503105","chr17","47227420","47227726","3","275379"
"chr17","47522539","47522823","chr11","127377178","127377464","36","79854639"
"chr17","47566979","47567171","chr17","47292313","47292513","8","274666"
"chr17","47761120","47761142","chr1","28547144","28547162","10","19213976"
"chr17","47761184","47761468","chr11","60340117","60340399","49","12578933"
"chr17","47824383","47824476","chr14","100673591","100673682","20","52849208"
"chr17","47891004","47891299","chr17","47624401","47624696","2","266603"
"chr17","47958420","47958496","chrUn_GL394969","1","77","12","47958419"
"chr17","47959391","47959707","chr17","47695077","47695382","13","264314"
"chr17","47971414","47971599","chr3","183618022","183618206","22","135646608"
"chr17","48001455","48001756","chr17","47737816","47738118","1","263639"
"chr17","48019064","48019229","chr19","59810499","59810662","24","11791435"
"chr17","48026799","48027109","chr17","47763395","47763706","1","263404"
"chr17","48036645","48036932","chr17","47773153","47773442","2","263492"
"chr17","48057862","48058190","chr17","47794935","47795266","3","262927"
"chr17","48064777","48065075","chr17","47802379","47802655","23","262398"
"chr17","48083556","48083845","chr20","33442726","33443015","31","14640830"
"chr17","48087847","48088119","chr17","47827245","47827519","2","260602"
"chr17","48089458","48089762","chr17","47829052","47829356","2","260406"
"chr17","48117317","48117695","chr17","47856249","47856626","3","261068"
"chr17","48149914","48150215","chrX","12929705","12930001","31","35220209"
"chr17","48165201","48165527","chr14","88950241","88950541","61","40785040"
"chr17","48174185","48174311","chr3","67420992","67421126","32","19246807"
"chr17","48177076","48177268","chr2B","200338221","200338407","41","152161145"
"chr17","48261785","48261855","chr14","100673591","100673682","31","52411806"
"chr17","48324515","48324738","chr17","48072493","48072716","0","252022"
"chr17","48351552","48351756","chr17","48099323","48099529","6","252229"
"chr17","48352742","48352879","chr1","6844228","6844361","22","41508514"
"chr17","48411910","48412207","chr17","48161523","48161833","14","250387"
"chr17","48463130","48463433","chr17","48214238","48214541","2","248892"
"chr17","48472349","48472627","chr17","48224220","48224500","4","248129"
"chr17","48590153","48590372","chr4","58459733","58459957","42","9869580"
"chr17","48658812","48659105","chr17","48416466","48416760","1","242346"
"chr17","48694479","48694604","chr4","51557575","51557711","27","2863096"
"chr17","48752905","48753198","chr17","48511000","48511293","1","241905"
"chr17","48990912","48991218","chr15","87157506","87157814","32","38166594"
"chr17","49004306","49004592","chr17","48618359","48618665","37","385947"
"chr17","49029664","49029959","chr17","48643293","48643591","4","386371"
"chr17","49158652","49158961","chr17","48779254","48779562","2","379398"
"chr17","49179264","49179567","chr17","48799877","48800184","5","379387"
"chr17","49249610","49249693","chr14","100673591","100673682","21","51423981"
"chr17","49265563","49265869","chr17","48889089","48889392","10","376474"
"chr17","49273702","49273992","chr17","48895562","48895857","7","378140"
"chr17","49291915","49292203","chr15","41566347","41566636","53","7725568"
"chr17","49297567","49297647","chr17","13332748","13332838","23","35964819"
"chr17","49320425","49320719","chr17","48941973","48942266","4","378452"
"chr17","49355496","49355646","chr5","175990298","175990451","18","126634802"
"chr17","49375608","49375777","chr4","143756620","143756779","36","94381012"
"chr17","49377647","49377915","chr6","145971533","145971788","47","96593886"
"chr17","49398506","49398809","chr17","49021787","49022090","3","376719"
"chr17","49401214","49401497","chr17","49024496","49024773","11","376718"
"chr17","49458968","49459266","chr17","49082017","49082320","5","376951"
"chr17","49696906","49697195","chr1","61948807","61949086","74","12251901"
"chr17","49724401","49724674","chr17","49352560","49352852","22","371841"
"chr17","49724939","49725172","chr19","54116378","54116617","42","4391439"
"chr17","49725612","49725700","chr11","69767388","69767479","27","20041776"
"chr17","49734633","49734939","chr4","22098886","22099187","37","27635747"
"chr17","49746844","49747040","chr17","49376193","49376393","7","370651"
"chr17","49747762","49747990","chr8","45705128","45705355","29","4042634"
"chr17","49753805","49753924","chr2B","199271339","199271453","24","149517534"
"chr17","49760502","49760816","chr13","91126859","91127167","35","41366357"
"chr17","49859982","49860282","chr17","49492370","49492672","2","367612"
"chr17","49869482","49869645","chr3","173995114","173995280","30","124125632"
"chr17","49891747","49891851","chr20","16652596","16652702","19","33239151"
"chr17","49944146","49944456","chr17","49577380","49577691","5","366766"
"chr17","50028722","50028861","chr2A","32693701","32693835","18","17335021"
"chr17","50047790","50048086","chr17","49682396","49682692","6","365394"
"chr17","50064023","50064352","chr17","49698223","49698553","3","365800"
"chr17","50074926","50075099","chrX","87941896","87942074","41","37866970"
"chr17","50106184","50106315","chr17","49741112","49741242","2","365072"
"chr17","50111849","50112022","chr6","1730789","1730963","34","48381060"
"chr17","50134480","50134783","chr17","49771931","49772234","4","362549"
"chr17","50142882","50143010","chr17","49780665","49780794","2","362217"
"chr17","50222225","50222513","chr17","49860831","49861121","2","361394"
"chr17","50299742","50299932","chr9","69835636","69835822","45","19535894"
"chr17","51075008","51075305","chr17","50721222","50721525","14","353786"
"chr17","51191455","51191559","chr3","181238196","181238292","24","130046741"
"chr17","51252736","51253022","chr17","50901411","50901700","8","351325"
"chr17","51267070","51267148","chr13","24059413","24059502","24","27207657"
"chr17","51314580","51314887","chr17","50962925","50963238","6","351655"
"chr17","51682435","51682690","chr8","123683607","123683866","40","72001172"
"chr17","51721295","51721394","chr20","16652596","16652702","23","35068699"
"chr17","51732100","51732408","chr10","121414619","121414927","41","69682519"
"chr17","51812106","51812436","chr17","51470309","51470635","7","341797"
"chr17","51838222","51838485","chr3","163069431","163069698","71","111231209"
"chr17","51866774","51867065","chr17","51531824","51532117","4","334950"
"chr17","52018036","52018120","chr3","181238196","181238292","23","129220160"
"chr17","52020390","52020502","chr2B","205936995","205937106","25","153916605"
"chr17","52123355","52123463","chr2B","142240066","142240170","33","90116711"
"chr17","52562700","52562991","chr17","52230785","52231084","9","331915"
"chr17","52658041","52658353","chr17","52326993","52327305","5","331048"
"chr17","52819890","52820052","chr17","52502306","52502468","0","317584"
"chr17","53261055","53261345","chr17","52958533","52958825","3","302522"
"chr17","53430834","53431114","chr17","71930575","71930855","30","18499741"
"chr17","53669315","53669637","chr17","53369892","53370193","24","299423"
"chr17","53867907","53868200","chr17","53573655","53573948","2","294252"
"chr17","54085948","54086184","chr3","143281566","143281781","72","89195618"
"chr17","54264232","54264295","chr17","53973411","53973474","1","290821"
"chr17","54264304","54264505","chr17","53973483","53973680","7","290821"
"chr17","54342749","54343046","chr17","54052130","54052438","15","290619"
"chr17","54409501","54409815","chr11","18582945","18583256","41","35826556"
"chr17","54485143","54485428","chr17","54199222","54199507","3","285921"
"chr17","54490312","54490607","chr17","54204397","54204693","4","285915"
"chr17","54507672","54507970","chr17","54222424","54222727","8","285248"
"chr17","54684836","54685149","chr17","54398435","54398737","15","286401"
"chr17","54828731","54829032","chr17","54552790","54553091","5","275941"
"chr17","55037317","55037658","chr14","70965628","70965944","63","15928311"
"chr17","55146354","55146667","chr17","54876190","54876503","2","270164"
"chr17","55218193","55218367","chr1","139636360","139636527","28","84418167"
"chr17","55241886","55242204","chr10","66505516","66505833","41","11263630"
"chr17","55329866","55330139","chr1","127624739","127625017","35","72294873"
"chr17","55353102","55353400","chr18","51897396","51897695","53","3455706"
"chr17","55372020","55372133","chr2B","205936995","205937106","25","150564975"
"chr17","55738228","55738540","chr15","48018063","48018371","56","7720165"
"chr17","55771491","55771787","chr11","81612582","81612877","40","25841091"
"chr17","55809896","55810185","chr17","55547466","55547755","0","262430"
"chr17","55904842","55905148","chr17","55642490","55642796","0","262352"
"chr17","55908312","55908610","chr3","83158643","83158940","41","27250331"
"chr17","55937603","55937774","chr19","6920188","6920360","29","49017415"
"chr17","56008769","56009076","chr15","87173790","87174098","55","31165021"
"chr17","56322724","56322954","chr2A","109168374","109168604","33","52845650"
"chr17","56346671","56346961","chr17","56097056","56097353","9","249615"
"chr17","56376492","56376689","chr17","56128647","56128844","1","247845"
"chr17","56459887","56460182","chr17","56213018","56213314","1","246869"
"chr17","56694545","56694807","chr2A","100824344","100824596","33","44129799"
"chr17","56739817","56739997","chr16","69232769","69232949","36","12492952"
"chr17","56740285","56740417","chr1","27773718","27773848","14","28966567"
"chr17","56833081","56833392","chr17","56590227","56590538","6","242854"
"chr17","56838458","56838552","chr14","100673591","100673682","22","43835133"
"chr17","56845424","56845533","chr2B","207011645","207011758","15","150166221"
"chr17","56898281","56898464","chr4","180552843","180553000","42","123654562"
"chr17","56932563","56932873","chr17","56693856","56694160","7","238707"
"chr17","56965119","56965254","chr5","172392908","172393028","34","115427789"
"chr17","56967801","56968118","chr2B","196224946","196225250","68","139257145"
"chr17","56973154","56973455","chr17","56735030","56735337","7","238124"
"chr17","57038528","57038839","chr17","56800637","56800932","18","237891"
"chr17","57166680","57166963","chrX","151665346","151665626","43","94498666"
"chr17","57208002","57208296","chr17","56973409","56973706","4","234593"
"chr17","57213457","57213733","chr1","95788952","95789236","52","38575495"
"chr17","57297245","57297367","chr7","112797358","112797487","24","55500113"
"chr17","57349393","57349493","chr17","57117961","57118061","1","231432"
"chr17","57353536","57353827","chr17","57122110","57122405","5","231426"
"chr17","57359435","57359593","chr15","87173355","87173524","31","29813920"
"chr17","57479600","57479689","chr14","100673591","100673682","21","43193991"
"chr17","57505551","57505710","chr6","55699024","55699181","23","1806527"
"chr17","57512375","57512658","chr17","57290655","57290938","1","221720"
"chr17","57512664","57512758","chr15","88353310","88353402","11","30840646"
"chr17","57521234","57521535","chr17","57299540","57299841","2","221694"
"chr17","57531621","57531711","chr3","181238196","181238292","22","123706575"
"chr17","57545035","57545195","chr17","57323742","57323902","0","221293"
"chr17","57554911","57555209","chr17","57334084","57334382","2","220827"
"chr17","57602290","57602574","chr17","57384543","57384855","46","217747"
"chr17","57612498","57612590","chr8","46091691","46091777","22","11520807"
"chr17","57613961","57614076","chr14","35268910","35269034","22","22345051"
"chr17","57627643","57627945","chr17","57411570","57411873","1","216073"
"chr17","57632880","57633045","chr17","57417524","57417689","1","215356"
"chr17","57637358","57637469","chr17","57422944","57423055","0","214414"
"chr17","57662559","57662856","chr17","57449837","57450135","2","212722"
"chr17","57710718","57710956","chr1","62650417","62650659","30","4939699"
"chr17","57728988","57729308","chr17","57516926","57517254","11","212062"
"chr17","57739045","57739337","chr3","173983076","173983369","56","116244031"
"chr17","57786160","57786305","chr1","46484701","46484838","22","11301459"
"chr17","57820633","57820923","chr2A","70577905","70578203","40","12757272"
"chr17","57841231","57841498","chr17","57630304","57630581","13","210927"
"chr17","57874805","57875112","chr17","57664934","57665241","0","209871"
"chr17","57895556","57895845","chr17","57683939","57684235","9","211617"
"chr17","57917118","57917282","chr18","42055327","42055484","29","15861791"
"chr17","57922718","57923034","chr17","57712385","57712688","15","210333"
"chr17","57927099","57927389","chr17","57716783","57717073","1","210316"
"chr17","57965995","57966188","chr3","9859752","9859937","30","48106243"
"chr17","57997367","57997618","chr3","159798489","159798726","53","101801122"
"chr17","57998013","57998288","chr11","20086898","20087170","37","37911115"
"chr17","58053772","58053911","chr17","57847679","57847819","1","206093"
"chr17","58088797","58088943","chr17","57882420","57882566","2","206377"
"chr17","58132523","58132826","chr12","109274804","109275098","41","51142281"
"chr17","58150452","58150743","chr1","226580254","226580553","21","168429802"
"chr17","58197175","58197480","chr17","58001905","58002219","16","195270"
"chr17","58202945","58203242","chr17","58007692","58007989","4","195253"
"chr17","58230100","58230334","chr10","75366495","75366729","44","17136395"
"chr17","58231365","58231546","chr1","32748831","32749003","38","25482534"
"chr17","58344689","58344990","chr17","58154990","58155291","2","189699"
"chr17","58358013","58358184","chrX","71354640","71354795","34","12996627"
"chr17","58379287","58379578","chr17","58193086","58193378","1","186201"
"chr17","58401862","58402122","chr17","13388958","13389211","43","45012904"
"chr17","58402981","58403280","chr17","58219139","58219447","15","183842"
"chr17","58405170","58405485","chr17","58221339","58221654","7","183831"
"chr17","58445234","58445329","chr1","160944586","160944680","18","102499352"
"chr17","58445926","58446081","chr1","155853778","155853933","31","97407852"
"chr17","58473067","58473364","chr2B","207319161","207319456","42","148846094"
"chr17","58481178","58481446","chr17","58303065","58303335","3","178113"
"chr17","58494997","58495287","chr10","97818108","97818401","30","39323111"
"chr17","58522760","58523048","chr17","58325965","58326253","3","196795"
"chr17","58560177","58560315","chrUn_GL394737","20401","20541","22","58539776"
"chr17","58601174","58601470","chr17","58406590","58406886","3","194584"
"chr17","58656028","58656293","chr17","58462305","58462571","4","193723"
"chr17","58662143","58662425","chr17","58468433","58468744","30","193710"
"chr17","58667975","58668227","chr17","58474302","58474554","0","193673"
"chr17","58674878","58675151","chr17","58481197","58481471","1","193681"
"chr17","58675729","58675853","chr7","149081479","149081605","14","90405750"
"chr17","58677605","58677879","chr17","58484539","58484814","1","193066"
"chr17","58679078","58679305","chr17","58486017","58486244","0","193061"
"chr17","58696222","58696531","chr17","58503744","58504048","11","192478"
"chr17","58710798","58711097","chr17","58518790","58519089","3","192008"
"chr17","58725480","58725780","chr14","20392001","20392306","45","38333479"
"chr17","58738166","58738379","chr17","58547253","58547467","4","190913"
"chr17","58742020","58742166","chr19","59252894","59253042","20","510874"
"chr17","58791532","58791622","chr8","46091691","46091777","17","12699841"
"chr17","58800899","58801066","chr15","87173355","87173524","16","28372456"
"chr17","58802081","58802389","chr17","58611721","58612030","2","190360"
"chr17","58818230","58818406","chr6","37299122","37299292","21","21519108"
"chr17","58846400","58846698","chr17","58656883","58657177","4","189517"
"chr17","58891283","58891333","chr17","14492994","14493044","8","44398289"
"chr17","59455564","59455866","chr17","58964060","58964365","4","491504"
"chr17","59529300","59529615","chr6","130794483","130794795","35","71265183"
"chr17","59531842","59532071","chr17","59042194","59042424","3","489648"
"chr17","59548406","59548520","chr17","59059909","59060023","0","488497"
"chr17","59557358","59557659","chr17","59068871","59069168","5","488487"
"chr17","59576136","59576415","chr17","59088748","59089047","20","487388"
"chr17","59597718","59597729","chr5","71437633","71437644","2","11839915"
"chr17","59598159","59598311","chr1","11780192","11780341","26","47817967"
"chr17","59641096","59641223","chr5","172392908","172393028","26","112751812"
"chr17","59648476","59648764","chr17","59164325","59164613","0","484151"
"chr17","59700693","59700956","chr1","9082929","9083192","36","50617764"
"chr17","59705245","59705549","chr7","125502745","125503054","44","65797500"
"chr17","59712969","59713191","chr1","129385965","129386195","63","69672996"
"chr17","59724077","59724386","chr17","59242218","59242527","2","481859"
"chr17","59769412","59769544","chr9","80389077","80389207","14","20619665"
"chr17","59769833","59770022","chr2A","9719061","9719247","34","50050772"
"chr17","59829987","59830287","chr18","58743325","58743622","36","1086662"
"chr17","59831882","59832188","chr17","59350849","59351155","1","481033"
"chr17","59843562","59843780","chr17","59363089","59363311","5","480473"
"chr17","59856287","59856394","chr3","181238196","181238292","23","121381909"
"chr17","59888889","59889088","chr5","36188645","36188849","31","23700244"
"chr17","59905194","59905375","chr16","69232769","69232949","33","9327575"
"chr17","59905666","59905716","chr3","12945284","12945334","9","46960382"
"chr17","59916234","59916324","chr4","64374920","64375013","18","4458686"
"chr17","59971952","59972246","chr17","59497672","59497965","2","474280"
"chr17","60049100","60049409","chr17","59573118","59573430","4","475982"
"chr17","60052460","60052755","chr17","59576486","59576780","9","475974"
"chr17","60209037","60209331","chr17","59725230","59725525","5","483807"
"chr17","60217686","60218003","chr17","59733708","59734013","14","483978"
"chr17","60298143","60298438","chr17","59815520","59815816","4","482623"
"chr17","60370334","60370627","chr17","59890730","59891024","3","479604"
"chr17","60396736","60397028","chr6","140065864","140066160","41","79669128"
"chr17","60498863","60499170","chr17","60023831","60024143","6","475032"
"chr17","60518334","60518631","chr17","60043160","60043459","6","475174"
"chr17","60523992","60524287","chr17","60048812","60049100","12","475180"
"chr17","60648133","60648281","chr17","60176446","60176593","7","471687"
"chr17","60651703","60651802","chr12","3884361","3884460","11","56767342"
"chr17","60654162","60654336","chr9","71486612","71486784","39","10832450"
"chr17","60654643","60654780","chr7","63668252","63668381","23","3013609"
"chr17","60742345","60742630","chr17","60274018","60274303","2","468327"
"chr17","60743419","60743729","chr3","58223004","58223310","51","2520415"
"chr17","60867976","60868253","chr17","60402827","60403132","29","465149"
"chr17","60934171","60934303","chr2A","32693701","32693835","29","28240470"
"chr17","61110104","61110231","chr7","112797358","112797487","27","51687254"
"chr17","61145121","61145261","chr12","95708278","95708420","19","34563157"
"chr17","61151196","61151498","chr17","60697834","60698139","3","453362"
"chr17","61160594","61160888","chr17","60707255","60707549","1","453339"
"chr17","61163620","61163854","chr17","60710278","60710512","0","453342"
"chr17","61190288","61190596","chr17","60737767","60738075","0","452521"
"chr17","61211102","61211403","chr17","60758714","60759015","1","452388"
"chr17","61234469","61234759","chr17","60782091","60782381","0","452378"
"chr17","61376429","61376731","chr12","98660930","98661231","40","37284501"
"chr17","61379708","61380017","chr17","60929569","60929880","3","450139"
"chr17","61562288","61562550","chr17","61046336","61046610","13","515952"
"chr17","61683588","61683672","chr8","46091691","46091777","25","15591897"
"chr17","61684916","61685194","chr17","61203451","61203729","5","481465"
"chr17","61696250","61696395","chrX","73313271","73313417","16","11617021"
"chr17","61701372","61701683","chr17","61219962","61220273","0","481410"
"chr17","61762293","61762600","chr17","61277390","61277693","6","484903"
"chr17","61762750","61763055","chr7","49843222","49843526","40","11919528"
"chr17","61779834","61780030","chr12","132776430","132776610","43","70996596"
"chr17","61856577","61856706","chr13","22694842","22694978","35","39161735"
"chr17","61858916","61858994","chr20","4894744","4894814","22","56964172"
"chr17","61961353","61961666","chr3","58370508","58370814","38","3590845"
"chr17","61981454","61981752","chr17","61498743","61499042","4","482711"
"chr17","62079809","62079907","chr14","100673591","100673682","22","38593782"
"chr17","62088148","62088444","chr17","61606201","61606498","3","481947"
"chr17","62131578","62131880","chr17","61650024","61650336","11","481554"
"chr17","62154553","62154718","chr17","61672968","61673133","0","481585"
"chr17","62171174","62171293","chr5","172392908","172393028","27","110221734"
"chr17","62174739","62175037","chr17","61694524","61694821","4","480215"
"chr17","62219552","62219853","chr17","61739903","61740205","3","479649"
"chr17","62275115","62275273","chr1","128198509","128198667","23","65923394"
"chr17","62389792","62390004","chr17","61913545","61913757","2","476247"
"chr17","62563129","62563423","chr17","62088676","62088972","2","474453"
"chr17","62603484","62603784","chr17","62129892","62130190","2","473592"
"chr17","62672326","62672483","chr17","62199545","62199702","0","472781"
"chr17","62785332","62785609","chr17","62305066","62305343","1","480266"
"chr17","62787740","62788019","chr3","132168968","132169255","57","69381228"
"chr17","62789844","62790126","chr17","62309453","62309740","7","480391"
"chr17","62826090","62826379","chr6","110552134","110552427","35","47726044"
"chr17","62871168","62871293","chr9","122440275","122440408","23","59569107"
"chr17","62943258","62943434","chr14","90556086","90556256","28","27612828"
"chr17","62950184","62950443","chr17","62475845","62476119","16","474339"
"chr17","62950778","62950999","chr8","56337596","56337802","35","6613182"
"chr17","62968012","62968180","chrX","136502484","136502650","25","73534472"
"chr17","62975346","62975637","chr17","62502870","62503164","4","472476"
"chr17","62986063","62986380","chr17","62514218","62514542","13","471845"
"chr17","63131969","63132279","chr17","62704689","62705000","4","427280"
"chr17","63220913","63221208","chr15","47780648","47780942","33","15440265"
"chr17","63447804","63448107","chr17","63022730","63023033","1","425074"
"chr17","63469579","63469702","chr8","26723415","26723536","28","36746164"
"chr17","63513565","63513648","chr14","100673591","100673682","23","37160026"
"chr17","63519236","63519352","chr5","172392908","172393028","29","108873672"
"chr17","63524243","63524375","chr2A","32693701","32693835","30","30830542"
"chr17","63628108","63628406","chrX","77297464","77297764","44","13669356"
"chr17","63629273","63629577","chr1","21806168","21806473","35","41823105"
"chr17","63668654","63668947","chr17","63252635","63252932","4","416019"
"chr17","63675340","63675476","chr2A","32693701","32693835","21","30981639"
"chr17","63713727","63714028","chr17","63298468","63298769","6","415259"
"chr17","63742299","63742610","chr17","63328323","63328634","3","413976"
"chr17","63766237","63766367","chr17","63354904","63355037","5","411333"
"chr17","63775986","63776306","chr17","63365296","63365620","4","410690"
"chr17","63805441","63805747","chr17","63395696","63396003","1","409745"
"chr17","63976394","63976701","chr8","37564910","37565217","44","26411484"
"chr17","63988291","63988564","chr17","63455336","63455609","2","532955"
"chr17","64004113","64004352","chr2A","32253824","32254075","67","31750289"
"chr17","64027660","64027960","chr17","63494512","63494849","37","533148"
"chr17","64031841","64031987","chr11","64963873","64964022","26","932032"
"chr17","64043787","64043891","chr10","73023086","73023189","14","8979299"
"chr17","64091837","64091958","chr19","4055014","4055149","21","60036823"
"chr17","64151832","64152131","chr17","63620237","63620538","3","531595"
"chr17","64284060","64284223","chr17","63757117","63757279","11","526943"
"chr17","64306570","64306843","chr3","41367931","41368210","36","22938639"
"chr17","64324655","64324981","chr10","34781620","34781935","43","29543035"
"chr17","64333693","64333974","chr17","63807781","63808068","6","525912"
"chr17","64334394","64334706","chr17","63808491","63808799","6","525903"
"chr17","64530350","64530412","chr17","64005804","64005866","1","524546"
"chr17","64671951","64672257","chr17","64151102","64151408","6","520849"
"chr17","64727338","64727357","chr1","28547144","28547162","6","36180194"
"chr17","64727385","64727677","chr1","129337688","129337979","40","64610303"
"chr17","64740236","64740526","chr17","64224177","64224468","2","516059"
"chr17","64776875","64777049","chr7","69727097","69727271","31","4950222"
"chr17","64807905","64808144","chr14","66142969","66143205","32","1335064"
"chr17","65013328","65013406","chr3","46579108","46579189","10","18434220"
"chr17","65015650","65015950","chr17","64508361","64508665","15","507289"
"chr17","65071372","65071681","chr17","64565473","64565784","4","505899"
"chr17","65207608","65207893","chr17","64701704","64701987","3","505904"
"chr17","65303620","65303772","chr4","40065116","40065274","20","25238504"
"chr17","65322586","65322890","chr17","64818076","64818380","10","504510"
"chr17","65343895","65344011","chr2B","210790127","210790232","33","145446232"
"chr17","65379923","65380232","chr7","14563464","14563784","45","50816459"
"chr17","65496578","65496732","chrX","65801999","65802155","28","305421"
"chr17","65522149","65522312","chr17","65022846","65023010","3","499303"
"chr17","65548773","65548866","chr14","100673591","100673682","15","35124818"
"chr17","65874375","65874664","chr5","158324854","158325155","40","92450479"
"chr17","65888445","65888736","chr17","65392859","65393150","1","495586"
"chr17","65927576","65927857","chr6","30425392","30425674","30","35502184"
"chr17","65965139","65965341","chr20","49800559","49800747","44","16164580"
"chr17","66172403","66172708","chr1","53118077","53118382","29","13054326"
"chr17","66200456","66200760","chr17","65709924","65710230","4","490532"
"chr17","66334723","66335029","chr17","65846520","65846827","1","488203"
"chr17","66369567","66369835","chr17","65882476","65882745","2","487091"
"chr17","66395225","66395422","chr12","63989839","63990029","34","2405386"
"chr17","66395973","66396172","chr17","65909004","65909204","5","486969"
"chr17","66400743","66400841","chr12","12586014","12586108","15","53814729"
"chr17","66405089","66405262","chr21","29016060","29016232","22","37389029"
"chr17","66405786","66406087","chr11","109891460","109891759","42","43485674"
"chr17","66408150","66408460","chr6","52945458","52945768","11","13462692"
"chr17","66410019","66410328","chr2A","34312391","34312700","35","32097628"
"chr17","66424019","66424263","chr17","65938205","65938444","5","485814"
"chr17","66486143","66486289","chr1","214242319","214242461","16","147756176"
"chr17","66561150","66561221","chr20","31909211","31909267","30","34651939"
"chr17","66711809","66712101","chr17","66238733","66239026","4","473076"
"chr17","66750723","66750861","chr4","84675478","84675615","20","17924755"
"chr17","66767876","66768149","chr17","66296031","66296305","2","471845"
"chr17","66786427","66786724","chr17","66315390","66315686","3","471037"
"chr17","66792797","66793075","chr17","66321599","66321879","5","471198"
"chr17","66795888","66796199","chr17","66324690","66325002","1","471198"
"chr17","66835006","66835296","chr17","66364154","66364446","2","470852"
"chr17","66886399","66886681","chr17","66416567","66416852","6","469832"
"chr17","66895134","66895441","chr17","66425721","66426026","3","469413"
"chr17","66903275","66903558","chr17","66434479","66434764","2","468796"
"chr17","66904691","66904802","chr20","16652596","16652702","26","50252095"
"chr17","66913922","66914178","chr6","163725261","163725505","48","96811339"
"chr17","66914458","66914632","chr15","87173355","87173524","26","20258897"
"chr17","66937743","66938034","chr17","66470908","66471200","9","466835"
"chr17","66939240","66939359","chr8","26723415","26723536","24","40215825"
"chr17","66968839","66969127","chr17","66502204","66502493","1","466635"
"chr17","67012862","67013146","chr17","66546594","66546874","6","466268"
"chr17","67017922","67018222","chr17","66551885","66552191","8","466037"
"chr17","67023927","67024220","chr7","136196765","136197061","44","69172838"
"chr17","67079270","67079569","chr11","109891460","109891759","37","42812190"
"chr17","67093413","67093711","chr17","66628490","66628788","2","464923"
"chr17","67126853","67126976","chr8","26723415","26723536","18","40403438"
"chr17","67133294","67133578","chr7","98544149","98544445","42","31410855"
"chr17","67141487","67141791","chr17","66677620","66677928","4","463867"
"chr17","67151858","67152149","chr7","72605759","72606056","41","5453901"
"chr17","67188931","67189064","chr17","66724857","66724990","0","464074"
"chr17","67409088","67409395","chr19","53303945","53304245","36","14105143"
"chr17","67412744","67413041","chr17","66838017","66838314","0","574727"
"chr17","67422149","67422482","chr2A","75450165","75450468","62","8028016"
"chr17","67427502","67427811","chr2B","167387827","167388136","48","99960325"
"chr17","67466160","67466315","chr8","34687798","34687951","30","32778362"
"chr17","67483275","67483399","chr4","75964418","75964542","16","8481143"
"chr17","67492261","67492380","chr2B","199271339","199271453","24","131779078"
"chr17","67496448","67496487","chr10","27042861","27042906","13","40453587"
"chr17","67506448","67506725","chr17","66932243","66932520","1","574205"
"chr17","67575653","67575982","chr17","38726651","38726983","71","28849002"
"chr17","67605108","67605405","chr17","67032041","67032339","5","573067"
"chr17","67606537","67606819","chr17","67033482","67033766","3","573055"
"chr17","67607853","67607991","chr17","14493093","14493237","38","53114760"
"chr17","67614966","67615257","chrX","70614982","70615274","45","3000016"
"chr17","67616838","67617118","chr4","21286244","21286519","39","46330594"
"chr17","67632480","67632784","chr17","67059997","67060301","2","572483"
"chr17","67730940","67731185","chr17","67158885","67159157","31","572055"
"chr17","67744663","67744954","chr17","67175139","67175437","7","569524"
"chr17","67800198","67800504","chr17","67233725","67234031","3","566473"
"chr17","67909290","67909588","chr17","67343289","67343587","3","566001"
"chr17","67957699","67958001","chr17","67391131","67391433","7","566568"
"chr17","68125463","68125769","chr17","67563621","67563931","6","561842"
"chr17","68350109","68350224","chr2B","205936995","205937106","26","137586886"
"chr17","68375969","68376271","chr17","67822579","67822884","5","553390"
"chr17","68568639","68568937","chr17","68028530","68028831","6","540109"
"chr17","68708195","68708485","chr17","68173547","68173838","2","534648"
"chr17","68769666","68769969","chr3","109317702","109318004","39","40548036"
"chr17","68784428","68784738","chr19","53303945","53304245","48","15480483"
"chr17","68828883","68829176","chr17","68294691","68294987","5","534192"
"chr17","68834464","68834745","chr17","68300293","68300574","7","534171"
"chr17","68919121","68919430","chr17","68386177","68386485","3","532944"
"chr17","69096013","69096294","chr17","68565041","68565321","4","530972"
"chr17","69160956","69161252","chr17","68630215","68630512","2","530741"
"chr17","69170045","69170354","chr17","68639327","68639648","14","530718"
"chr17","69213907","69214217","chr17","68683323","68683633","0","530584"
"chr17","69272613","69272777","chr6","37299122","37299292","22","31973491"
"chr17","69334517","69334766","chr17","68811062","68811311","3","523455"
"chr17","69402142","69402285","chr8","112933585","112933727","35","43531443"
"chr17","69573693","69573916","chr17","69054184","69054403","10","519509"
"chr17","69700241","69700537","chr1","42769009","42769292","51","26931232"
"chr17","69763714","69764014","chr17","69250509","69250812","6","513205"
"chr17","69889113","69889406","chr17","69294140","69294443","12","594973"
"chr17","69925493","69925773","chr17","69330670","69330949","12","594823"
"chr17","69926250","69926457","chr1","62505798","62506007","34","7420452"
"chr17","69968979","69969185","chr17","69374080","69374287","5","594899"
"chr17","70135554","70135855","chr17","69543502","69543798","12","592052"
"chr17","70251573","70251866","chr17","69662450","69662747","8","589123"
"chr17","70272982","70273279","chr17","69683900","69684198","4","589082"
"chr17","70281669","70281978","chr17","69692636","69692939","14","589033"
"chr17","70308620","70308764","chr17","69719410","69719548","6","589210"
"chr17","70554860","70554992","chr2A","32693701","32693835","39","37861159"
"chr17","70635586","70635866","chr17","70062663","70062943","2","572923"
"chr17","70636783","70637077","chr17","70063863","70064157","1","572920"
"chr17","70856516","70856655","chr11","46694965","46695109","23","24161551"
"chr17","70918241","70918549","chr17","70349954","70350263","2","568287"
"chr17","71129622","71129723","chr3","181238196","181238292","22","110108574"
"chr17","71207716","71207814","chr17","70656505","70656603","0","551211"
"chr17","71235878","71236171","chr17","70685038","70685346","19","550840"
"chr17","71330213","71330522","chr17","70782077","70782389","4","548136"
"chr17","71439814","71440106","chr17","70891487","70891792","33","548327"
"chr17","71908981","71909293","chr17","71369932","71370242","4","539049"
"chr17","71935888","71935983","chr17","71393575","71393670","0","542313"
"chr17","71960752","71961023","chr17","71418900","71419173","3","541852"
"chr17","71985620","71985750","chr2A","18448207","18448342","48","53537413"
"chr17","72003759","72004059","chr17","18561140","18561437","47","53442619"
"chr17","72060084","72060336","chr17","13388958","13389211","33","58671126"
"chr17","72097042","72097217","chr17","71555682","71555857","1","541360"
"chr17","72171939","72172252","chr17","71630550","71630864","9","541389"
"chr17","72262535","72262850","chr17","71724165","71724476","6","538370"
"chr17","72315872","72316165","chr14","32808330","32808631","25","39507542"
"chr17","72327292","72327582","chr17","71791018","71791308","4","536274"
"chr17","72436184","72436481","chr17","71907891","71908185","4","528293"
"chr17","72437718","72437813","chr1","160944586","160944680","24","88506868"
"chr17","72458779","72459059","chr17","71930575","71930855","1","528204"
"chr17","72572299","72572602","chr17","72052899","72053194","13","519400"
"chr17","72595006","72595066","chr1","33246348","33246407","15","39348658"
"chr17","72609547","72609803","chr1","139183841","139184089","37","66574294"
"chr17","72618523","72618830","chr17","72101183","72101479","11","517340"
"chr17","72638735","72639033","chr17","72120791","72121089","0","517944"
"chr17","72679355","72679697","chr17","72162149","72162495","9","517206"
"chr17","72806208","72806390","chr1","29277911","29278085","28","43528297"
"chr17","72903025","72903329","chr17","72282996","72283296","4","620029"
"chr17","73211113","73211418","chr17","72596198","72596511","22","614915"
"chr17","73217756","73217946","chr17","72603208","72603400","4","614548"
"chr17","73289910","73290217","chr17","72674884","72675188","7","615026"
"chr17","73389603","73389895","chr17","72777849","72778144","5","611754"
"chr17","73474882","73475183","chr17","72859554","72859856","1","615328"
"chr17","73489650","73489960","chr17","72874699","72874978","32","614951"
"chr17","73518778","73519086","chr4","154339065","154339377","36","80820287"
"chr17","73529135","73529438","chr17","72915948","72916260","11","613187"
"chr17","73646614","73646879","chr17","73041048","73041317","8","605566"
"chr17","73743656","73743748","chr9","80389825","80389922","13","6646169"
"chr17","73801141","73801242","chr22","33938435","33938535","18","39862706"
"chr17","73871455","73871687","chr17","73270957","73271191","2","600498"
"chr17","73884534","73884872","chr17","73284388","73284729","4","600146"
"chr17","73901661","73901710","chr8","90198877","90198926","14","16297216"
"chr17","73902022","73902038","chr1","28547144","28547162","7","45354878"
"chr17","73957128","73957422","chr18","27229273","27229564","32","46727855"
"chr17","73990635","73990948","chr17","73389762","73390074","4","600873"
"chr17","74040261","74040528","chr16","68666280","68666557","44","5373981"
"chr17","74122562","74122682","chr2B","207026815","207026935","26","132904253"
"chr17","74166826","74167114","chr17","73569255","73569543","0","597571"
"chr17","74241407","74241711","chr11","126845172","126845473","41","52603765"
"chr17","74288829","74289121","chr17","73696545","73696838","3","592284"
"chr17","74379164","74379466","chr17","73789014","73789320","5","590150"
"chr17","74400651","74400962","chr17","73810492","73810804","2","590159"
"chr17","74498916","74499067","chrX","112054166","112054338","37","37555250"
"chr17","74543536","74543828","chr17","73960188","73960483","3","583348"
"chr17","74545258","74545361","chr2B","205936995","205937106","23","131391737"
"chr17","74548841","74549121","chr17","73964926","73965204","2","583915"
"chr17","74576198","74576356","chr17","73993210","73993369","4","582988"
"chr17","74578503","74578602","chr12","12586014","12586108","26","61992489"
"chr17","74582347","74582439","chr15","88353310","88353402","10","13770963"
"chr17","74588111","74588263","chr8","24630008","24630158","18","49958103"
"chr17","74605112","74605323","chr17","74023049","74023261","2","582063"
"chr17","74625614","74625915","chr17","74045030","74045336","7","580584"
"chr17","74629111","74629284","chr19","56277962","56278132","29","18351149"
"chr17","74668304","74668567","chr1","124399374","124399636","35","49731070"
"chr17","74673348","74673597","chr17","74093308","74093556","1","580040"
"chr17","74675054","74675184","chr19","4055014","4055149","26","70620040"
"chr17","74735781","74736082","chr17","74158219","74158521","2","577562"
"chr17","74780842","74781008","chr5","178397697","178397875","37","103616855"
"chr17","74794343","74794634","chr6","156035558","156035849","48","81241215"
"chr17","74797123","74797420","chr17","74222809","74223105","5","574314"
"chr17","74803689","74803988","chr15","39535864","39536161","41","35267825"
"chr17","74818835","74819142","chr17","74245212","74245506","13","573623"
"chr17","74823797","74824016","chr17","74250262","74250481","1","573535"
"chr17","74856565","74856656","chr17","74283568","74283659","0","572997"
"chr17","74881726","74882028","chr6","72482492","72482790","39","2399234"
"chr17","74900629","74900738","chr8","26723415","26723536","26","48177214"
"chr17","74941235","74941404","chr3","101762288","101762455","22","26821053"
"chr17","74947964","74948066","chr2B","142240066","142240170","32","67292102"
"chr17","74950167","74950465","chr17","74390091","74390389","2","560076"
"chr17","75072399","75072600","chr2B","159028415","159028619","44","83956016"
"chr17","75079359","75079500","chr12","95708278","95708420","17","20628919"
"chr17","75080593","75080654","chr7","70681514","70681568","12","4399079"
"chr17","75184074","75184374","chr7","5853550","5853853","41","69330524"
"chr17","75197258","75197577","chr17","74647487","74647811","12","549771"
"chr17","75213386","75213547","chr5","106442838","106443001","30","31229452"
"chr17","75289660","75289789","chr17","74741953","74742080","2","547707"
"chr17","75291333","75291446","chr5","172392908","172393028","27","97101575"
"chr17","75332541","75332701","chrX","155632548","155632709","21","80300007"
"chr17","75371739","75372040","chr17","74819703","74820009","8","552036"
"chr17","75435163","75435279","chr6","55835030","55835139","21","19600133"
"chr17","75482976","75483282","chr6","138446760","138447068","35","62963784"
"chr17","75503593","75503790","chr16","29088164","29088361","35","46415429"
"chr17","75577617","75577760","chr5","77767868","77768010","30","2190251"
"chr17","75608299","75608592","chr6","156417858","156418150","31","80809559"
                                                                                                                                                                                                                                                                                                                                                                                                                                                                                                                                                                                                                                                                                                                                                                                                                                                                                                                                                                                                                                                                                                                                                                                                                                                                                                                                                                                                                                                                                                                                                                                                                                                                                                                                                                                                                                                                                                                                                                                                                                                                                                                                                                                                                                                                                                                                                                                                                                                                                                                                                                                                                                                                                                                                                                                                                                                                                                                                                                                                                                                                                                                                                                                                                                                                                                                                                                                                                                                                                                                                                                                                                                                                                                                                                                                                                                                                                                                                                                                                                                                                                                                                                                                                                                                                                                                                                                                                                                                                                                                                                                                                                                                                                                                                                                                                                                                                                                                                                                                                                                                                                                                                                                                                                                                                                                                                                                                                                                                                                                                                                                                                                                                                                                                                                                                                                                                                                                                                                                                                                                                                                                                                                                                                                                                                                                                                                                                                                                                                                                                                                                                                                                                                                                                                                                                                                                                                                                                                                                                                                                                                                                                                                                                                                                                                                                                                                                                                                                                                                                                                                                                                                                                                                                                                                                                                                                                                                                                           "chr17","75618723","75618851","chr2B","207026815","207026935","28","131408092"
"chr17","75666687","75666782","chr14","103328251","103328345","17","27661564"
"chr17","75670995","75671193","chr3","198771121","198771322","30","123100126"
"chr17","75688365","75688676","chr17","75150030","75150341","4","538335"
"chr17","75793847","75794009","chr2A","87901314","87901467","33","12107467"
"chr17","75815197","75815414","chr17","75281131","75281341","8","534066"
"chr17","75821196","75821408","chr6","25255330","25255562","45","50565866"
"chr17","75827498","75827825","chr3","87428914","87429220","52","11601416"
"chr17","75870893","75870991","chr19","11330239","11330343","22","64540654"
"chr17","75872496","75872592","chr13","24059413","24059502","17","51813083"
"chr17","75876756","75876834","chr11","8774884","8774956","15","67101872"
"chr17","75891709","75891957","chr13","98223276","98223522","41","22331567"
"chr17","75931907","75932012","chr1","160944586","160944680","27","85012679"
"chr17","76148460","76148559","chr11","20358123","20358224","23","55790337"
"chr17","76222958","76223074","chrX","15389182","15389315","35","60833776"
"chr17","76261339","76261604","chr17","75593261","75593527","18","668078"
"chr17","76297562","76297672","chr2B","205936995","205937106","25","129639433"
"chr17","76347087","76347190","chr2B","142240066","142240170","28","65892979"
"chr17","76361014","76361319","chr17","75689802","75690108","3","671212"
"chr17","76374350","76374511","chr1","128198509","128198667","25","51824159"
"chr17","76384347","76384647","chr17","75714733","75715037","7","669614"
"chr17","76431950","76432203","chr17","75762376","75762626","8","669574"
"chr17","76440516","76440632","chr5","14809292","14809412","16","61631224"
"chr17","76457838","76458129","chr17","75787780","75788071","0","670058"
"chr17","76493426","76493512","chr13","24059413","24059502","16","52434013"
"chr17","76507831","76508115","chr6","43685614","43685897","34","32822217"
"chr17","76665119","76665412","chr17","76000212","76000505","3","664907"
"chr17","76666250","76666557","chr17","76001343","76001661","15","664907"
"chr17","76687617","76687706","chr13","24059413","24059502","16","52628204"
"chr17","76720348","76720655","chr16","49695404","49695710","57","27024944"
"chr17","76751036","76751332","chr9","128401757","128402051","43","51650721"
"chr17","76756100","76756403","chr4","53981250","53981550","37","22774850"
"chr17","76815498","76815823","chr16","46558116","46558430","47","30257382"
"chr17","76825164","76825322","chrX","71354640","71354795","22","5470524"
"chr17","76837005","76837184","chr5","178397697","178397875","31","101560692"
"chr17","76900134","76900443","chr17","76240538","76240823","25","659596"
"chr17","76901315","76901614","chr11","81612582","81612877","31","4711267"
"chr17","76917732","76917867","chr12","6546624","6546764","20","70371108"
"chr17","76981477","76981765","chr17","76310131","76310418","2","671346"
"chr17","77038732","77038956","chr17","76370140","76370364","2","668592"
"chr17","77081113","77081409","chr17","76413811","76414107","0","667302"
"chr17","77098586","77098849","chr17","76431588","76431852","4","666998"
"chr17","77252264","77252569","chr19","43073971","43074268","32","34178293"
"chr17","77267846","77268133","chr7","23770296","23770581","32","53497550"
"chr17","77352217","77352504","chr13","31913145","31913417","58","45439072"
"chr17","77467561","77467847","chr17","76793909","76794196","1","673652"
"chr17","77473071","77473376","chr1","203428747","203429051","41","125955676"
"chr17","77476870","77476993","chr6","156423498","156423620","27","78946628"
"chr17","77562334","77562471","chr16","73743066","73743197","28","3819268"
"chr17","77584194","77584483","chr17","76913097","76913388","3","671097"
"chr17","77598230","77598533","chr17","76927109","76927412","0","671121"
"chr17","77708849","77709140","chr20","33442726","33443015","35","44266123"
"chr17","77738521","77738788","chr7","74356849","74357110","71","3381672"
"chr17","77745876","77746161","chr17","77079336","77079622","2","666540"
"chr17","77797247","77797387","chr2A","32693701","32693835","31","45103546"
"chr17","77829837","77829945","chr2A","62538961","62539069","24","15290876"
"chr17","77831139","77831454","chr17","77168131","77168431","40","663008"
"chr17","77873835","77873931","chr9","80389825","80389922","13","2515990"
"chr17","77874868","77874974","chr2B","205936995","205937106","26","128062127"
"chr17","77890121","77890318","chr7","146110015","146110212","30","68219894"
"chr17","77910799","77911035","chr7","154898225","154898466","35","76987426"
"chr17","77960524","77960599","chr6","11395990","11396054","30","66564534"
"chr17","78063963","78064082","chr5","172392908","172393028","24","94328945"
"chr17","78125815","78125942","chr1","6844228","6844361","22","71281587"
"chr17","78171128","78171429","chr17","77518245","77518552","9","652883"
"chr17","78202810","78203092","chr17","77549957","77550239","5","652853"
"chr17","78212568","78212625","chr10","109823094","109823152","12","31610526"
"chr17","78217266","78217337","chr15","45174206","45174282","18","33043060"
"chr17","78231142","78231343","chr17","77583199","77583400","0","647943"
"chr17","78382432","78382645","chr17","77738262","77738475","0","644170"
"chr17","78411189","78411494","chr17","77767670","77767975","7","643519"
"chr17","78435610","78435890","chr20","32794334","32794621","40","45641276"
"chr17","78450673","78450959","chr17","77807672","77807958","0","643001"
"chr17","78466045","78466164","chr3","181143385","181143493","24","102677340"
"chr17","78499439","78499752","chr17","77853811","77854124","7","645628"
"chr17","78511559","78511838","chr17","77866025","77866300","5","645534"
"chr17","78553255","78553430","chr17","77911043","77911219","11","642212"
"chr17","78608043","78608345","chr17","77966027","77966332","7","642016"
"chr17","78615327","78615623","chrX","135074284","135074573","49","56458957"
"chr17","78675405","78675683","chr17","78033475","78033776","23","641930"
"chr17","78686015","78686245","chr18","44544316","44544544","28","34141699"
"chr17","78689171","78689428","chr17","78047508","78047799","61","641663"
"chr17","78852403","78852658","chr2B","212434970","212435219","48","133582567"
"chr17","78861850","78862069","chr17","78226998","78227217","2","634852"
"chr17","78912264","78912549","chr7","34826794","34827075","45","44085470"
"chr17","78968798","78968883","chr11","8774884","8774956","28","70193914"
"chr17","79376102","79376393","chr6","156417858","156418150","57","77041756"
"chr17","79715299","79715597","chr17","79274800","79275090","9","440499"
"chr17","80417582","80417895","chr17","79700406","79700719","7","717176"
"chr17","80432209","80432514","chr8","109315847","109316152","27","28883638"
"chr17","80448921","80449006","chr14","100673591","100673682","20","20224670"
"chr17","80470167","80470346","chr12","42818958","42819136","30","37651209"
"chr17","80483531","80483699","chr17","82286242","82286406","23","1802711"
"chr17","80536754","80537022","chr17","79818982","79819254","5","717772"
"chr17","80667570","80667830","chr18","31291820","31292071","57","49375750"
"chr17","80676656","80676810","chr1","160945096","160945245","31","80268440"
"chr17","80718384","80718508","chr8","26723415","26723536","18","53994969"
"chr17","80727934","80728217","chr1","53676918","53677203","33","27051016"
"chr17","80744115","80744298","chr17","80041085","80041267","5","703030"
"chr17","80758565","80758860","chr12","100443643","100443942","66","19685078"
"chr17","80967558","80967840","chr17","80267205","80267487","1","700353"
"chr17","80996613","80996728","chr5","172392908","172393028","22","91396295"
"chr17","81299332","81299425","chr1","160944586","160944680","21","79645254"
"chr17","81453103","81453397","chr17","80760623","80760910","7","692480"
"chr17","81482252","81482442","chr2B","200338221","200338407","27","118855969"
"chr17","81516167","81516434","chr17","80822526","80822792","4","693641"
"chr17","81684180","81684473","chr17","80993897","80994187","7","690283"
"chr17","81724384","81724674","chr17","81037797","81038090","5","686587"
"chr17","81741425","81741689","chrX","24382741","24383007","36","57358684"
"chr17","81776028","81776318","chr17","81091681","81091973","5","684347"
"chr17","81789730","81790027","chr17","81105326","81105629","11","684404"
"chr17","81790920","81791231","chr17","81106524","81106836","5","684396"
"chr17","81796308","81796602","chrX","108798633","108798931","38","27002325"
"chr17","81822625","81822850","chr15","62202474","62202703","39","19620151"
"chr17","81841050","81841351","chr17","81154125","81154429","9","686925"
"chr17","81866801","81866945","chr16","19339749","19339897","27","62527052"
"chr17","81885766","81886067","chrX","120311957","120312258","46","38426191"
"chr17","81955457","81955672","chr11","124307496","124307708","32","42352039"
"chr17","81962056","81962372","chr20","18078632","18078928","68","63883424"
"chr17","82079782","82080001","chr17","81450376","81450595","1","629406"
"chr17","82176652","82176884","chr17","81549858","81550090","1","626794"
"chr17","82181716","82181823","chr6","159074849","159074952","19","76893133"
"chr17","82382908","82383216","chr16","28996079","28996385","38","53386829"
"chr17","82430959","82431081","chr5","172392908","172393028","29","89961949"
"chr17","82433721","82433825","chr22","33938435","33938535","20","48495286"
"chr17","82478246","82478419","chr17","81743608","81743781","1","734638"
"chr17","82644364","82644468","chr22","33938435","33938535","20","48705929"
"chr17","82695505","82695798","chr17","81975111","81975406","4","720394"
"chr17","82715242","82715425","chr1","29277911","29278085","35","53437331"
"chr17","82731173","82731314","chr19","16137241","16137388","25","66593932"
"chr17","82748387","82748423","chr7","5019603","5019643","10","77728784"
"chr17","82780806","82781067","chr17","82065338","82065628","31","715468"
"chr17","82803445","82803743","chr17","82089424","82089722","0","714021"
"chr17","82948389","82948684","chr17","82238789","82239084","1","709600"
"chr17","82994039","82994201","chr21","29016060","29016232","31","53977979"
"chr17","82995375","82995539","chr17","82286242","82286406","3","709133"
"chr17","82995547","82995842","chr17","82286414","82286710","3","709133"
"chr17","83027730","83028022","chr17","82322602","82322894","2","705128"
"chr17","83093383","83093670","chr17","82391015","82391303","1","702368"
"chr17","83201702","83202005","chr17","82510818","82511121","12","690884"
"chr17","83213064","83213360","chr17","82522049","82522346","5","691015"
"chr17","83237455","83237733","chr17","82540373","82540651","2","697082"
"chr17","83434105","83434204","chr9","75000001","75000095","15","8434104"
"chr18","18218925","18219237","chr18","16986477","16986789","7","1232448"
"chr18","21102322","21102617","chr18","19927463","19927762","6","1174859"
"chr18","40632120","40632343","chr18","39707201","39707424","1","924919"
"chr18","2369057","2369340","chr18","2400682","2400965","3","31625"
"chr18","2667175","2667254","chr14","100673591","100673682","27","98006416"
"chr18","4439610","4439906","chr18","4407509","4407802","10","32101"
"chr18","4445077","4445373","chr18","4407509","4407802","9","37568"
"chr18","4582700","4582988","chr18","4552920","4553208","0","29780"
"chr18","4586116","4586222","chr1","160944586","160944680","24","156358470"
"chr18","4631950","4632060","chr18","4604127","4604237","1","27823"
"chr18","4655263","4655558","chr8","39282140","39282435","30","34626877"
"chr18","4676137","4676434","chr18","4667130","4667430","4","9007"
"chr18","4770289","4770578","chr18","4763480","4763770","4","6809"
"chr18","5452126","5452295","chr18","5468600","5468771","3","16474"
"chr18","5521385","5521536","chr18","5537811","5537964","4","16426"
"chr18","5861123","5861397","chr18","5884751","5885025","0","23628"
"chr18","5870046","5870319","chr18","5893655","5893956","31","23609"
"chr18","5975790","5976104","chr18","5980417","5980731","2","4627"
"chr18","5982485","5982790","chr22","40492907","40493214","59","34510422"
"chr18","6398302","6398615","chr1","39140309","39140613","49","32742007"
"chr18","6695930","6696206","chr7","13510878","13511149","33","6814948"
"chr18","6776548","6776844","chr18","6796286","6796582","1","19738"
"chr18","6776869","6777084","chr3","173683667","173683841","59","166906798"
"chr18","6911750","6911848","chr14","100673591","100673682","20","93761841"
"chr18","6917806","6917990","chr11","9083840","9084022","27","2166034"
"chr18","7127886","7128170","chr18","7151424","7151711","11","23538"
"chr18","7134051","7134351","chr18","7159610","7159913","16","25559"
"chr18","7194157","7194457","chr18","7218859","7219161","2","24702"
"chr18","7233601","7233899","chr18","7258272","7258574","6","24671"
"chr18","7250847","7251121","chr18","7276077","7276355","7","25230"
"chr18","7256725","7257016","chr18","7281976","7282269","2","25251"
"chr18","7260546","7260837","chr18","7285802","7286107","15","25256"
"chr18","7274312","7274609","chr18","7299966","7300263","0","25654"
"chr18","7392339","7392527","chr18","7420249","7420437","0","27910"
"chr18","7424185","7424485","chr18","7449811","7450114","5","25626"
"chr18","7484998","7485213","chr2A","61755458","61755670","47","54270460"
"chr18","7641861","7642162","chr18","7674493","7674794","1","32632"
"chr18","7743817","7743930","chr8","26723415","26723536","27","18979598"
"chr18","7929380","7929460","chr14","100673591","100673682","20","92744211"
"chr18","8009207","8009498","chr18","8002238","8002529","0","6969"
"chr18","8152648","8152940","chr18","8145802","8146095","1","6846"
"chr18","8400334","8400653","chr18","8395874","8396193","5","4460"
"chr18","8486738","8486864","chr12","6546624","6546764","22","1940114"
"chr18","8555912","8556209","chr18","8551179","8551481","6","4733"
"chr18","8723261","8723558","chr18","8720200","8720497","2","3061"
"chr18","8862348","8862626","chr15","41639652","41639932","46","32777304"
"chr18","8949051","8949169","chr6","159074849","159074952","29","150125798"
"chr18","9112044","9112183","chr9","15289702","15289841","23","6177658"
"chr18","9122706","9123004","chr18","9122095","9122393","0","611"
"chr18","9174118","9174245","chr8","26723415","26723536","28","17549297"
"chr18","9186794","9186924","chr6","36107768","36107898","12","26920974"
"chr18","9207810","9208117","chr1","21949805","21950110","41","12741995"
"chr18","9212815","9213117","chr18","9208691","9209005","15","4124"
"chr18","9242371","9242668","chr18","9238616","9238915","3","3755"
"chr18","9321510","9321804","chr4","167882463","167882760","31","158560953"
"chr18","9336159","9336401","chr3","52453972","52454214","29","43117813"
"chr18","9383041","9383334","chr18","9380377","9380672","3","2664"
"chr18","9390944","9391240","chr18","9388114","9388416","20","2830"
"chr18","9406538","9406836","chr18","9404655","9404955","4","1883"
"chr18","9484981","9485271","chr18","9482957","9483267","21","2024"
"chr18","9492646","9492822","chr7","100665257","100665418","31","91172611"
"chr18","9503561","9503853","chr18","9501277","9501569","0","2284"
"chr18","9553754","9553988","chr3","36295297","36295521","32","26741543"
"chr18","9565213","9565505","chr18","9562599","9562892","3","2614"
"chr18","9610897","9611086","chr18","9612846","9613035","0","1949"
"chr18","9640961","9641233","chr18","9642936","9643206","20","1975"
"chr18","9693834","9694116","chr18","9698507","9698789","0","4673"
"chr18","9928559","9928860","chr18","9933985","9934291","11","5426"
"chr18","9968843","9969147","chr18","9974533","9974847","12","5690"
"chr18","9980055","9980362","chr18","9985791","9986101","3","5736"
"chr18","9983969","9984261","chr18","9989875","9990172","9","5906"
"chr18","10075483","10075779","chr18","10081924","10082221","5","6441"
"chr18","10305021","10305313","chr18","10310779","10311080","10","5758"
"chr18","10915009","10915317","chr18","10930058","10930366","2","15049"
"chr18","11029877","11030025","chr18","11048335","11048487","6","18458"
"chr18","11226885","11227172","chr18","11250817","11251126","23","23932"
"chr18","11230621","11230777","chr16","32052089","32052241","32","20821468"
"chr18","11702701","11702909","chr5","133645273","133645479","36","121942572"
"chr18","11958509","11958804","chr18","11993479","11993775","8","34970"
"chr18","12247374","12247657","chr18","12283293","12283586","14","35919"
"chr18","12539872","12540157","chr18","12584233","12584520","15","44361"
"chr18","12717214","12717523","chr18","12766157","12766465","1","48943"
"chr18","12753761","12754059","chr18","12802796","12803094","2","49035"
"chr18","12764842","12765088","chr18","12814663","12814909","0","49821"
"chr18","12767330","12767614","chr18","12817150","12817435","4","49820"
"chr18","12804567","12804857","chr18","12854367","12854653","9","49800"
"chr18","13013730","13013909","chr18","13065123","13065298","12","51393"
"chr18","13028915","13029206","chr18","13080987","13081281","4","52072"
"chr18","13042119","13042250","chr1","32214152","32214279","29","19172033"
"chr18","13081504","13081801","chr18","13144902","13145205","7","63398"
"chr18","13097734","13098021","chr18","13160950","13161228","17","63216"
"chr18","13150753","13151048","chr4","121135188","121135482","27","107984435"
"chr18","13158760","13158867","chr20","16652596","16652702","25","3493836"
"chr18","13204206","13204375","chr4","26666455","26666626","28","13462249"
"chr18","13230524","13230817","chr18","13299872","13300167","2","69348"
"chr18","13290140","13290431","chr18","13360543","13360840","7","70403"
"chr18","13360234","13360519","chr18","13431774","13432060","2","71540"
"chr18","13396359","13396464","chr3","181238196","181238292","21","167841837"
"chr18","13480155","13480468","chr12","107655911","107656216","38","94175756"
"chr18","13492701","13493003","chr18","13565738","13566040","1","73037"
"chr18","13558954","13559257","chr18","13634057","13634370","11","75103"
"chr18","13676357","13676657","chr18","13754534","13754833","4","78177"
"chr18","13782941","13783247","chr18","13870037","13870345","3","87096"
"chr18","13800704","13801001","chr18","13887820","13888118","3","87116"
"chr18","13834066","13834214","chr18","13921194","13921341","2","87128"
"chr18","13871094","13871387","chr17","78044265","78044554","41","64173171"
"chr18","13914431","13914737","chr7","107007951","107008256","33","93093520"
"chr18","13962873","13963137","chr18","14052800","14053038","33","89927"
"chr18","13963143","13963316","chr4","26666455","26666626","26","12703312"
"chr18","13997482","13997775","chr18","14088319","14088616","5","90837"
"chr18","14007874","14008170","chr6","87135631","87135929","44","73127757"
"chr18","14058203","14058290","chr14","100673591","100673682","16","86615388"
"chr18","14139353","14139689","chr18","14230060","14230401","6","90707"
"chr18","14142766","14143069","chr18","14233482","14233785","1","90716"
"chr18","14559767","14560069","chr18","14650810","14651115","5","91043"
"chr18","14978651","14978950","chr18","15058981","15059282","6","80330"
"chr18","15040156","15040458","chr18","15120357","15120659","1","80201"
"chr18","15858590","15858878","chr18","15949551","15949839","2","90961"
"chr18","15859237","15859539","chr18","15950190","15950493","2","90953"
"chr18","16082270","16082552","chr18","3162621","3162903","0","12919649"
"chr18","16491083","16491385","chr1","182739954","182740255","36","166248871"
"chr18","16499526","16499853","chr18","3581268","3581593","8","12918258"
"chr18","16578667","16578775","chr3","181144080","181144190","18","164565413"
"chr18","16674004","16674293","chr18","3760029","3760329","13","12913975"
"chr18","16719272","16719477","chr8","132541154","132541365","34","115821882"
"chr18","16746535","16746777","chr15","45175007","45175242","37","28428472"
"chr18","16756517","16756710","chr5","76266656","76266847","21","59510139"
"chr18","16768271","16768474","chr13","23665187","23665387","31","6896916"
"chr18","16770567","16770668","chr7","141971855","141971961","24","125201288"
"chr18","16820747","16820863","chr14","35268910","35269034","24","18448163"
"chr18","17016383","17016501","chrX","12847720","12847832","27","4168663"
"chr18","17019832","17020008","chr6","31499828","31500000","22","14479996"
"chr18","17053429","17053544","chr2B","199271339","199271453","25","182217910"
"chr18","17086315","17086439","chr1","100144172","100144303","31","83057857"
"chr18","17106009","17106282","chr6","154412146","154412420","41","137306137"
"chr18","17107997","17108292","chr18","4222331","4222626","0","12885666"
"chr18","17205643","17205924","chr18","4323541","4323823","1","12882102"
"chr18","17249291","17249387","chr14","100673591","100673682","20","83424300"
"chr18","17253872","17254067","chr17","54503313","54503512","31","37249441"
"chr18","17279161","17279456","chr18","16027210","16027509","5","1251951"
"chr18","17333198","17333494","chr18","16083400","16083696","4","1249798"
"chr18","17376150","17376315","chr18","16129447","16129614","4","1246703"
"chr18","17450699","17450853","chr18","16207815","16207969","0","1242884"
"chr18","17460010","17460255","chr18","16217686","16217931","0","1242324"
"chr18","17714067","17714180","chr19","20014001","20014129","31","2299934"
"chr18","17839139","17839454","chr18","16606692","16606999","13","1232447"
"chr18","17852813","17852997","chr18","16620363","16620547","0","1232450"
"chr18","17957354","17957664","chr18","16725539","16725848","6","1231815"
"chr18","17985463","17985597","chr16","73743066","73743197","30","55757603"
"chr18","17998964","17999249","chr18","16766706","16767016","27","1232258"
"chr18","17999698","17999991","chr18","16767465","16767758","0","1232233"
"chr18","18012723","18013007","chr18","16780295","16780579","0","1232428"
"chr18","18023283","18023532","chr18","16790513","16790762","0","1232770"
"chr18","18026489","18026801","chr18","16793713","16794026","4","1232776"
"chr18","18043846","18044158","chr3","52075331","52075635","57","34031485"
"chr18","18091167","18091456","chr2A","88339562","88339855","35","70248395"
"chr18","18262005","18262312","chr18","17035398","17035706","2","1226607"
"chr18","18273220","18273528","chr18","17046511","17046821","10","1226709"
"chr18","18303881","18304176","chr18","17077974","17078269","6","1225907"
"chr18","18394880","18395003","chr8","26723415","26723536","22","8328535"
"chr18","18399217","18399519","chr18","17175786","17176090","25","1223431"
"chr18","18417039","18417333","chr18","17194069","17194365","2","1222970"
"chr18","18456526","18456644","chr9","69573837","69573962","28","51117311"
"chr18","18482602","18482903","chr18","17262728","17263031","4","1219874"
"chr18","18500015","18500252","chr9","126318266","126318504","40","107818251"
"chr18","18502742","18502830","chr14","100673591","100673682","16","82170849"
"chr18","18503032","18503238","chr18","17285929","17286135","0","1217103"
"chr18","18511404","18511576","chr13","26988435","26988596","31","8477031"
"chr18","18511872","18511996","chr10","99456702","99456830","19","80944830"
"chr18","18514804","18515099","chr18","17298084","17298378","2","1216720"
"chr18","18523369","18523650","chr18","17306972","17307253","0","1216397"
"chr18","18534367","18534671","chr17","66551885","66552191","29","48017518"
"chr18","18541155","18541216","chr8","25421338","25421402","17","6880183"
"chr18","18541509","18541646","chr7","54022909","54023041","20","35481400"
"chr18","18714650","18714700","chr10","102411920","102411980","21","83697270"
"chr18","18722087","18722394","chr18","17516434","17516741","1","1205653"
"chr18","18813644","18813939","chr1","178709323","178709622","50","159895679"
"chr18","18882460","18882766","chr18","17675891","17676196","2","1206569"
"chr18","18904931","18905220","chr3","12939311","12939601","68","5965620"
"chr18","18951037","18951323","chr2A","26607485","26607763","47","7656448"
"chr18","19004515","19004821","chr2A","63134080","63134374","60","44129565"
"chr18","19017062","19017337","chrX","35912014","35912294","48","16894952"
"chr18","19026149","19026436","chr2B","220829577","220829862","41","201803428"
"chr18","19135995","19136301","chr19","1975495","1975804","40","17160500"
"chr18","19235280","19235391","chr22","33938435","33938535","22","14703155"
"chr18","19271321","19271617","chr18","18077148","18077445","3","1194173"
"chr18","19494188","19494492","chr18","18298807","18299111","2","1195381"
"chr18","19597577","19597876","chr18","18403245","18403544","1","1194332"
"chr18","19677097","19677209","chr2A","62538961","62539069","31","42861864"
"chr18","19723692","19723985","chr18","18531101","18531407","13","1192591"
"chr18","19748356","19748646","chr18","18555827","18556115","5","1192529"
"chr18","19806029","19806128","chr20","16652596","16652702","17","3153433"
"chr18","19850028","19850329","chr6","18167423","18167728","29","1682605"
"chr18","19891530","19891753","chr6","43423586","43423804","29","23532056"
"chr18","19899347","19899658","chr18","18709590","18709901","0","1189757"
"chr18","19918390","19918503","chr2B","205936995","205937106","19","186018605"
"chr18","19961674","19961975","chr19","19321745","19322044","40","639929"
"chr18","19982668","19982750","chr8","46091691","46091777","18","26109023"
"chr18","20037003","20037303","chr18","18849719","18850018","12","1187284"
"chr18","20047773","20048081","chr18","18861646","18861954","11","1186127"
"chr18","20099961","20100255","chr18","18913831","18914133","8","1186130"
"chr18","20116483","20116765","chr18","18930384","18930684","20","1186099"
"chr18","20261417","20261723","chr18","19073589","19073893","2","1187828"
"chr18","20284084","20284202","chr5","172392908","172393028","23","152108824"
"chr18","20329197","20329378","chr15","25954721","25954896","24","5625524"
"chr18","20366111","20366400","chr18","19181984","19182276","3","1184127"
"chr18","20370648","20370959","chr9","87168130","87168439","40","66797482"
"chr18","20376980","20377066","chr14","100673591","100673682","18","80296611"
"chr18","20387144","20387428","chr9","111366369","111366650","57","90979225"
"chr18","20427255","20427351","chr4","110315156","110315255","20","89887901"
"chr18","20485664","20485920","chr6","154412146","154412420","56","133926482"
"chr18","20514915","20515219","chr18","19332666","19332971","5","1182249"
"chr18","20545125","20545219","chr19","4651970","4652071","29","15893155"
"chr18","20559203","20559492","chr18","19376923","19377213","1","1182280"
"chr18","20567200","20567283","chr8","46091691","46091777","17","25524491"
"chr18","20801289","20801403","chr2B","205936995","205937106","20","185135706"
"chr18","20817914","20818216","chr18","19638599","19638903","17","1179315"
"chr18","20855564","20855822","chr17","14375835","14376097","68","6479729"
"chr18","20864785","20864910","chr2A","32693701","32693835","25","11828916"
"chr18","20898136","20898262","chr4","89635842","89635967","28","68737706"
"chr18","20947525","20947817","chr18","17298084","17298378","39","3649441"
"chr18","21060851","21061141","chr18","19885938","19886229","1","1174913"
"chr18","21068717","21069020","chr18","19893820","19894123","1","1174897"
"chr18","21238552","21238713","chr20","45549956","45550123","31","24311404"
"chr18","21397965","21398263","chr18","20232825","20233128","6","1165140"
"chr18","21453282","21453516","chr18","20287227","20287465","5","1166055"
"chr18","21548209","21548314","chr3","181238196","181238292","25","159689987"
"chr18","21920616","21920869","chr18","20757714","20757970","3","1162902"
"chr18","22105931","22106228","chr18","20943116","20943415","5","1162815"
"chr18","22271026","22271328","chr18","21111904","21112206","1","1159122"
"chr18","22387342","22387494","chr8","107433929","107434080","29","85046587"
"chr18","22387804","22387910","chr7","11905758","11905851","33","10482046"
"chr18","22404292","22404439","chr11","46694965","46695109","30","24290673"
"chr18","22413918","22414222","chr18","21254767","21255074","5","1159151"
"chr18","22446776","22446927","chr12","95708278","95708420","31","73261502"
"chr18","22630350","22630643","chr18","21471730","21472024","1","1158620"
"chr18","22769172","22769334","chrX","65801999","65802155","28","43032827"
"chr18","22861651","22861962","chr14","49483953","49484269","51","26622302"
"chr18","22983605","22983888","chr18","21831029","21831319","12","1152576"
"chr18","23004407","23004695","chr18","21851678","21851966","0","1152729"
"chr18","23049560","23049872","chr18","21897060","21897376","6","1152500"
"chr18","23050659","23050949","chr18","21898161","21898451","1","1152498"
"chr18","23075008","23075312","chr18","21924145","21924449","0","1150863"
"chr18","23076405","23076697","chr1","129337688","129337979","40","106261283"
"chr18","23130448","23130758","chr18","21980653","21980963","1","1149795"
"chr18","23152945","23153054","chr20","16652596","16652702","22","6500349"
"chr18","23190015","23190312","chr21","4065891","4066188","46","19124124"
"chr18","23274271","23274560","chr14","30182761","30183048","40","6908490"
"chr18","23332169","23332226","chr1","33246348","33246407","18","9914179"
"chr18","23439738","23439914","chr18","22297173","22297351","9","1142565"
"chr18","23443680","23443981","chr1","130251776","130252076","54","106808096"
"chr18","23511304","23511585","chr4","112685404","112685683","37","89174100"
"chr18","23577134","23577424","chr18","22435768","22436063","11","1141366"
"chr18","23674058","23674342","chr2A","75572741","75573029","33","51898683"
"chr18","23819127","23819428","chr18","22677477","22677778","2","1141650"
"chr18","24072199","24072508","chr18","22943618","22943902","26","1128581"
"chr18","24073151","24073444","chr18","22944562","22944867","14","1128589"
"chr18","24159705","24159990","chr18","23035302","23035587","2","1124403"
"chr18","24343335","24343614","chr18","23221799","23222071","9","1121536"
"chr18","24771144","24771443","chr18","23657767","23658066","1","1113377"
"chr18","24856032","24856325","chr1","203439612","203439906","34","178583580"
"chr18","24885976","24886284","chr18","23773252","23773541","20","1112724"
"chr18","24920838","24921125","chr8","17119031","17119315","45","7801807"
"chr18","25049637","25049921","chr9","33729184","33729467","39","8679547"
"chr18","25095291","25095596","chr3","160401282","160401588","47","135305991"
"chr18","25210096","25210186","chr3","181238196","181238292","30","156028100"
"chr18","25256676","25256933","chr6","156589079","156589328","50","131332403"
"chr18","25392100","25392219","chr8","26723415","26723536","25","1331315"
"chr18","26094104","26094406","chr18","25002647","25002949","1","1091457"
"chr18","26172298","26172581","chr18","25082381","25082665","2","1089917"
"chr18","26270530","26270823","chr18","25180445","25180742","9","1090085"
"chr18","26843929","26844038","chr6","159074849","159074952","21","132230920"
"chr18","26897749","26898049","chr18","25777656","25777960","5","1120093"
"chr18","27009131","27009448","chr18","25891643","25891960","5","1117488"
"chr18","27121058","27121187","chrX","151362825","151362947","33","124241767"
"chr18","27147834","27147940","chr20","16652596","16652702","25","10495238"
"chr18","27208427","27208738","chr18","26102395","26102707","10","1106032"
"chr18","27242982","27243263","chr18","26137524","26137805","2","1105458"
"chr18","27761561","27761864","chr3","198883942","198884254","65","171122381"
"chr18","27796837","27797146","chr18","26699156","26699466","3","1097681"
"chr18","27840294","27840491","chr18","26743626","26743823","0","1096668"
"chr18","27847652","27847950","chr18","26750985","26751284","13","1096667"
"chr18","27911854","27911967","chr6","159074849","159074952","24","131162995"
"chr18","28197012","28197329","chr18","27104790","27105105","6","1092222"
"chr18","28262061","28262204","chr4","51557575","51557711","36","23295514"
"chr18","28273025","28273315","chr18","27181077","27181361","7","1091948"
"chr18","28317439","28317730","chr18","27229273","27229564","0","1088166"
"chr18","28447340","28447464","chr18","27361682","27361812","7","1085658"
"chr18","28458801","28458978","chr18","27373176","27373353","4","1085625"
"chr18","28505068","28505339","chr18","27420017","27420288","5","1085051"
"chr18","28714704","28715000","chr1","32309441","32309739","41","3594737"
"chr18","28730054","28730192","chr8","26723415","26723536","34","2006639"
"chr18","28753883","28754175","chr18","27674610","27674904","5","1079273"
"chr18","28755148","28755448","chr18","27675889","27676198","13","1079259"
"chr18","28757843","28758115","chr11","58824935","58825210","37","30067092"
"chr18","28770068","28770085","chr1","28547144","28547162","5","222924"
"chr18","28770381","28770558","chr12","98841223","98841402","30","70070842"
"chr18","28785153","28785275","chr8","26723415","26723536","25","2061738"
"chr18","28787709","28787871","chrX","155632548","155632709","21","126844839"
"chr18","28819453","28819559","chr11","20358123","20358224","24","8461330"
"chr18","28820834","28821124","chr18","27742966","27743259","3","1077868"
"chr18","28822236","28822570","chr18","27744370","27744704","2","1077866"
"chr18","28912743","28913031","chr9","6609238","6609550","64","22303505"
"chr18","28935983","28936247","chr2B","227931086","227931359","47","198995103"
"chr18","29001195","29001425","chr18","27934908","27935186","50","1066287"
"chr18","29046847","29047152","chr12","125682092","125682398","40","96635245"
"chr18","29072445","29072705","chr18","28006037","28006298","2","1066408"
"chr18","29105524","29105697","chr12","35035076","35035244","26","5929552"
"chr18","29146047","29146355","chr18","28080911","28081219","0","1065136"
"chr18","29165338","29165527","chr17","54503313","54503512","37","25337975"
"chr18","29337052","29337156","chr22","33938435","33938535","20","4601383"
"chr18","29365480","29365771","chr18","28303495","28303767","21","1061985"
"chr18","29879854","29880151","chr18","28822355","28822664","22","1057499"
"chr18","29951928","29952229","chr18","28897381","28897681","5","1054547"
"chr18","29970718","29971012","chr18","28916180","28916466","11","1054538"
"chr18","30186541","30186840","chr18","29130627","29130927","1","1055914"
"chr18","30347339","30347635","chr18","29293790","29294085","2","1053549"
"chr18","30630485","30630598","chr11","108679997","108680104","32","78049512"
"chr18","31013418","31013494","chr3","27665315","27665404","24","3348103"
"chr18","31285012","31285151","chr2A","32693701","32693835","31","1408689"
"chr18","31471011","31471231","chr4","17307961","17308182","41","14163050"
"chr18","31967706","31967947","chr18","30930122","30930363","1","1037584"
"chr18","31970065","31970365","chr18","30934021","30934320","3","1036044"
"chr18","32115872","32116098","chr18","31075763","31075988","4","1040109"
"chr18","32327726","32327982","chr18","31291820","31292071","8","1035906"
"chr18","32332667","32332764","chr14","100673591","100673682","20","68340924"
"chr18","32364378","32364498","chr2A","62538961","62539069","29","30174583"
"chr18","32697849","32698015","chr1","17333377","17333534","27","15364472"
"chr18","32751129","32751418","chr18","31728626","31728915","1","1022503"
"chr18","32760030","32760135","chr20","16652596","16652702","19","16107434"
"chr18","32764357","32764615","chr3","183164070","183164333","55","150399713"
"chr18","32770158","32770327","chrX","140855827","140855992","29","108085669"
"chr18","32788929","32789210","chr18","31765267","31765550","2","1023662"
"chr18","32791261","32791495","chr14","66142969","66143205","29","33351708"
"chr18","32900395","32900487","chr9","80389825","80389922","20","47489430"
"chr18","32905723","32905828","chr2B","205936995","205937106","27","173031272"
"chr18","32921892","32922187","chr18","31899903","31900198","0","1021989"
"chr18","33344934","33345052","chr2B","199271339","199271453","25","165926405"
"chr18","33856583","33856830","chr18","32840946","32841193","0","1015637"
"chr18","33978849","33979185","chr18","32964534","32964861","11","1014315"
"chr18","34121047","34121335","chr18","33113055","33113346","5","1007992"
"chr18","34366722","34366893","chrX","101684279","101684447","27","67317557"
"chr18","34524397","34524721","chr18","33527782","33528106","1","996615"
"chr18","34623584","34623856","chr18","33626853","33627119","6","996731"
"chr18","34870873","34871168","chr18","33873270","33873570","8","997603"
"chr18","35166860","35167163","chr18","34168201","34168505","1","998659"
"chr18","35202433","35202534","chr14","100673591","100673682","22","65471158"
"chr18","35212352","35212438","chr3","181238196","181238292","25","146025844"
"chr18","35505258","35505555","chr18","34509762","34510071","14","995496"
"chr18","35665533","35665841","chr18","34670497","34670805","1","995036"
"chr18","36146606","36146885","chr18","35151991","35152292","23","994615"
"chr18","36721521","36721651","chr7","57023693","57023833","24","20302172"
"chr18","36817580","36817904","chr18","35825884","35826213","8","991696"
"chr18","36841308","36841620","chr18","35849993","35850306","2","991315"
"chr18","36841753","36842039","chr18","35850439","35850729","9","991314"
"chr18","36866991","36867287","chr18","35877152","35877446","2","989839"
"chr18","37130718","37131027","chr1","26661977","26662280","45","10468741"
"chr18","37198231","37198551","chr18","36209343","36209662","3","988888"
"chr18","37204775","37205078","chr18","36216385","36216700","17","988390"
"chr18","37240701","37240857","chr12","38687569","38687715","29","1446868"
"chr18","37333519","37333802","chr18","36347875","36348154","5","985644"
"chr18","37527265","37527486","chr8","142584449","142584675","37","105057184"
"chr18","37641984","37642282","chr18","36662921","36663221","2","979063"
"chr18","37656315","37656625","chr18","36677286","36677626","34","979029"
"chr18","37687158","37687387","chr18","36703579","36703806","4","983579"
"chr18","37813001","37813312","chr2B","154326098","154326408","54","116513097"
"chr18","38180004","38180328","chr1","29191621","29191930","65","8988383"
"chr18","38635462","38635758","chr18","37668164","37668467","8","967298"
"chr18","38710335","38710640","chr12","110274542","110274845","52","71564207"
"chr18","38739107","38739400","chr18","37773686","37773979","1","965421"
"chr18","38837674","38837967","chr18","37875185","37875480","4","962489"
"chr18","38901954","38902264","chr7","74012027","74012338","38","35110073"
"chr18","38916370","38916670","chr18","37955203","37955483","25","961167"
"chr18","39202864","39203184","chr18","38242612","38242932","10","960252"
"chr18","39778944","39779241","chr18","38825549","38825835","12","953395"
"chr18","40622521","40622827","chr18","39697217","39697523","0","925304"
"chr18","40634967","40635272","chr18","39710056","39710367","12","924911"
"chr18","40745263","40745574","chr18","39820565","39820873","3","924698"
"chr18","40758331","40758640","chr18","39835318","39835628","5","923013"
"chr18","40778718","40778812","chr3","181238196","181238292","25","140459478"
"chr18","41197603","41197867","chr18","40284488","40284755","8","913115"
"chr18","41217693","41217989","chr18","40303949","40304249","6","913744"
"chr18","41351958","41352261","chr18","40439504","40439814","8","912454"
"chr18","41420957","41421272","chr7","62992846","62993155","43","21571889"
"chr18","41512303","41512576","chr18","40601433","40601711","6","910870"
"chr18","41920451","41920746","chr18","41022550","41022845","1","897901"
"chr18","41969150","41969429","chr18","41071881","41072177","17","897269"
"chr18","42159896","42160209","chr18","41264182","41264496","2","895714"
"chr18","42176207","42176514","chr6","171473476","171473781","29","129297269"
"chr18","42382326","42382615","chr18","41488984","41489274","1","893342"
"chr18","42399812","42400101","chr18","41506510","41506795","6","893302"
"chr18","42440258","42440552","chr18","41547883","41548177","10","892375"
"chr18","42566114","42566243","chrX","101185112","101185241","8","58618998"
"chr18","42652182","42652567","chr18","41763568","41763894","82","888614"
"chr18","42697358","42697659","chr18","52721979","52722277","29","10024621"
"chr18","42790738","42791039","chr18","41903704","41904005","0","887034"
"chr18","42800481","42800776","chr18","41913646","41913941","3","886835"
"chr18","42808023","42808314","chr18","41921308","41921588","14","886715"
"chr18","42813450","42813757","chr18","41926738","41927040","8","886712"
"chr18","42837437","42837558","chr5","172392908","172393028","22","129555471"
"chr18","42878226","42878348","chr12","110328271","110328400","29","67450045"
"chr18","42879279","42879583","chr18","41997384","41997690","7","881895"
"chr18","42889843","42889898","chr4","51756017","51756071","15","8866174"
"chr18","42915691","42915915","chr18","42035253","42035477","0","880438"
"chr18","42934842","42935144","chr18","42057517","42057820","3","877325"
"chr18","42936038","42936339","chr18","42058714","42059015","3","877324"
"chr18","42947875","42948156","chr5","61064932","61065217","39","18117057"
"chr18","42976273","42976418","chr18","42107210","42107355","0","869063"
"chr18","42986792","42987086","chr18","42118439","42118732","3","868353"
"chr18","43003192","43003318","chr8","26723415","26723536","24","16279777"
"chr18","43010508","43010629","chrX","104316738","104316858","15","61306230"
"chr18","43010647","43010860","chr8","56337596","56337802","34","13326949"
"chr18","43037281","43037434","chrX","65801999","65802155","23","22764718"
"chr18","43041332","43041623","chr18","42174440","42174731","2","866892"
"chr18","43121215","43121334","chr8","26723415","26723536","26","16397800"
"chr18","43523250","43523371","chr2B","207026815","207026935","29","163503565"
"chr18","43651953","43652102","chr8","24630008","24630158","26","19021945"
"chr18","43696886","43697176","chr18","42844847","42845138","4","852039"
"chr18","43740750","43741048","chr18","42889439","42889737","1","851311"
"chr18","43765518","43765768","chr1","132229284","132229528","51","88463766"
"chr18","43820142","43820435","chr18","42981741","42982034","1","838401"
"chr18","43825076","43825144","chr12","116998905","116998970","21","73173829"
"chr18","43836847","43837002","chr12","113723562","113723735","39","69886715"
"chr18","43927083","43927298","chr18","43088524","43088740","3","838559"
"chr18","44438944","44439058","chr3","181238196","181238292","33","136799252"
"chr18","44473215","44473377","chr17","75589264","75589422","26","31116049"
"chr18","44555889","44556181","chr18","43723922","43724219","6","831967"
"chr18","44593808","44593973","chr18","16129447","16129614","31","28464361"
"chr18","44654884","44654979","chr3","181238196","181238292","17","136583312"
"chr18","44732733","44733024","chr18","43903593","43903884","0","829140"
"chr18","45037984","45038284","chr18","44213676","44213976","0","824308"
"chr18","45537646","45537809","chr22","16225217","16225380","21","29312429"
"chr18","45649034","45649247","chr18","44834865","44835068","10","814169"
"chr18","45652284","45652575","chr1","78316338","78316631","37","32664054"
"chr18","45705675","45705775","chr14","100673591","100673682","27","54967916"
"chr18","45751837","45752135","chr18","44938559","44938868","12","813278"
"chr18","45773165","45773447","chr7","93035054","93035338","60","47261889"
"chr18","45938576","45938880","chr18","45128525","45128829","2","810051"
"chr18","45971930","45972041","chr2B","199271339","199271453","24","153299409"
"chr18","45993404","45993651","chr18","45184154","45184401","2","809250"
"chr18","46147419","46147528","chr3","181238196","181238292","32","135090777"
"chr18","46198861","46198945","chr7","43381927","43382018","18","2816934"
"chr18","46198979","46199096","chr18","45390857","45390982","9","808122"
"chr18","46208374","46208496","chr5","172392908","172393028","30","126184534"
"chr18","46216794","46216838","chr16","75836307","75836352","11","29619513"
"chr18","46273739","46274043","chr18","45468623","45468929","5","805116"
"chr18","46377362","46377659","chr18","45571887","45572179","5","805475"
"chr18","46471805","46472002","chr18","45666705","45666904","6","805100"
"chr18","46521358","46521645","chr18","45716971","45717258","1","804387"
"chr18","46616502","46616802","chr18","45811538","45811838","4","804964"
"chr18","47254725","47255019","chr18","46468867","46469162","2","785858"
"chr18","47281138","47281431","chr18","46495439","46495733","1","785699"
"chr18","47307714","47308009","chr18","46523090","46523385","1","784624"
"chr18","47425569","47425874","chr1","182739954","182740255","44","135314385"
"chr18","47506532","47506733","chr18","46725003","46725205","2","781529"
"chr18","47510101","47510403","chr18","46728515","46728820","12","781586"
"chr18","47512289","47512407","chr19","20014001","20014129","30","27498288"
"chr18","47547707","47548018","chr6","16971557","16971863","39","30576150"
"chr18","47555153","47555283","chr5","172392908","172393028","29","124837755"
"chr18","47575273","47575561","chr9","335720","336013","37","47239553"
"chr18","47577473","47577756","chr18","46795314","46795597","1","782159"
"chr18","47604680","47604977","chr18","46823523","46823818","3","781157"
"chr18","47610795","47611090","chr18","46829664","46829962","4","781131"
"chr18","47621984","47622295","chr18","46841381","46841694","7","780603"
"chr18","47639184","47639303","chr1","46484701","46484838","31","1154483"
"chr18","47759931","47760222","chr3","31481677","31481942","70","16278254"
"chr18","47813270","47813525","chr18","47036957","47037212","3","776313"
"chr18","47850163","47850399","chr18","47068456","47068694","2","781707"
"chr18","47895539","47895826","chr18","47113385","47113674","2","782154"
"chr18","47904839","47905117","chr14","76984887","76985159","61","29080048"
"chr18","47917740","47917836","chr1","160944586","160944680","23","113026846"
"chr18","47954071","47954183","chr2B","205936995","205937106","24","157982924"
"chr18","47985328","47985407","chr18","47204102","47204181","1","781226"
"chr18","48040324","48040619","chr18","47259097","47259394","4","781227"
"chr18","48047500","48047774","chr1","12138035","12138309","45","35909465"
"chr18","48140487","48140790","chr18","47359360","47359663","9","781127"
"chr18","48298536","48298799","chr4","131216862","131217128","44","82918326"
"chr18","48339817","48340119","chr18","47559631","47559942","9","780186"
"chr18","48653752","48654059","chr18","47874941","47875248","2","778811"
"chr18","48918271","48918384","chr20","16652596","16652702","31","32265675"
"chr18","49193799","49194091","chr6","33920030","33920307","56","15273769"
"chr18","49422927","49423228","chr18","48647007","48647321","15","775920"
"chr18","50065132","50065228","chr9","80389825","80389922","16","30324693"
"chr18","50078651","50078945","chr22","44303356","44303642","45","5775295"
"chr18","50375846","50376132","chr18","49640070","49640357","3","735776"
"chr18","50387849","50388145","chr18","49651918","49652215","9","735931"
"chr18","50576406","50576705","chr18","49841239","49841513","28","735167"
"chr18","50610981","50611269","chr18","49878722","49879010","2","732259"
"chr18","50711611","50711912","chr18","49983227","49983528","2","728384"
"chr18","50795927","50796224","chr18","50069289","50069588","4","726638"
"chr18","50881096","50881391","chr18","50155307","50155606","5","725789"
"chr18","50933879","50934085","chr12","65769803","65770004","30","14835924"
"chr18","50968064","50968192","chr8","26723415","26723536","30","24244649"
"chr18","50981780","50982085","chr18","50256214","50256522","8","725566"
"chr18","50984848","50985024","chr18","50259282","50259463","7","725566"
"chr18","51394896","51395182","chr11","84452652","84452936","46","33057756"
"chr18","51403344","51403655","chr18","50726459","50726770","1","676885"
"chr18","51404263","51404539","chr18","50727378","50727650","13","676885"
"chr18","51499788","51500000","chr9","97028914","97029116","37","45529126"
"chr18","51511909","51512230","chr18","50834441","50834729","34","677468"
"chr18","51534015","51534195","chr18","50857479","50857649","11","676536"
"chr18","52000199","52000499","chr18","51330578","51330878","1","669621"
"chr18","52155851","52156141","chr18","51486493","51486783","0","669358"
"chr18","52173614","52173818","chr18","51504274","51504478","0","669340"
"chr18","52402578","52402676","chr14","100673591","100673682","17","48271013"
"chr18","52461439","52461754","chr18","51791853","51792162","10","669586"
"chr18","52476639","52476945","chr18","51807049","51807354","3","669590"
"chr18","52565397","52565697","chr18","51897396","51897695","1","668001"
"chr18","53291890","53292196","chr18","52635894","52636201","2","655996"
"chr18","53359876","53360171","chr4","4451611","4451901","41","48908265"
"chr18","53368568","53368649","chr3","174865578","174865659","13","121497010"
"chr18","53375651","53375947","chr18","52721979","52722277","3","653672"
"chr18","53407833","53408138","chr18","52754162","52754469","10","653671"
"chr18","53501551","53501819","chr18","52846644","52846913","1","654907"
"chr18","53560595","53560906","chr18","52905741","52906051","2","654854"
"chr18","53637536","53637634","chr18","52983305","52983403","0","654231"
"chr18","53807304","53807577","chr18","53155153","53155426","3","652151"
"chr18","54201025","54201294","chr6","126226762","126227032","29","72025737"
"chr18","54245352","54245661","chr18","53595853","53596161","1","649499"
"chr18","54322513","54322724","chr18","53674526","53674741","5","647987"
"chr18","54372962","54373265","chr18","53734573","53734876","1","638389"
"chr18","54404002","54404306","chr18","53766305","53766609","1","637697"
"chr18","54459618","54459908","chr18","53824710","53825000","0","634908"
"chr18","54484058","54484354","chr18","53849048","53849344","9","635010"
"chr18","54488212","54488375","chrX","155632548","155632709","18","101144336"
"chr18","54603005","54603302","chr18","53971367","53971665","2","631638"
"chr18","54722122","54722228","chr20","16652596","16652702","18","38069526"
"chr18","54740802","54741112","chr18","54107848","54108158","1","632954"
"chr18","54748723","54749027","chr18","54116495","54116799","1","632228"
"chr18","54875779","54875917","chr10","35376893","35377032","24","19498886"
"chr18","54931540","54931753","chr18","54301603","54301813","3","629937"
"chr18","55053804","55053942","chr22","36488301","36488437","17","18565503"
"chr18","55157429","55157734","chr18","54528168","54528482","10","629261"
"chr18","55368949","55369252","chr18","54742781","54743085","5","626168"
"chr18","55390108","55390401","chr18","54765398","54765695","4","624710"
"chr18","55428056","55428344","chr18","54802018","54802306","0","626038"
"chr18","55474824","55474904","chr8","46091691","46091777","28","9383133"
"chr18","55536144","55536435","chr19","57266614","57266900","33","1730470"
"chr18","55542498","55542795","chr18","54918670","54918970","5","623828"
"chr18","55559789","55560070","chr18","54936025","54936322","16","623764"
"chr18","55561098","55561303","chr17","61531317","61531518","28","5970219"
"chr18","55561308","55561347","chr22","42768904","42768949","14","12792404"
"chr18","55593322","55593615","chr18","54970326","54970621","2","622996"
"chr18","55602956","55603242","chr18","54979908","54980194","3","623048"
"chr18","55605504","55605723","chr22","39054520","39054742","48","16550984"
"chr18","55691961","55692260","chr18","55070349","55070649","1","621612"
"chr18","55703809","55704075","chr18","55082203","55082495","26","621606"
"chr18","55737884","55738179","chr2B","195049349","195049660","57","139311465"
"chr18","55758291","55758595","chr1","62682640","62682938","34","6924349"
"chr18","55766845","55767163","chr18","55147464","55147782","1","619381"
"chr18","55929505","55929766","chr18","55316105","55316366","1","613400"
"chr18","56068478","56068568","chr3","139926253","139926344","14","83857775"
"chr18","56086164","56086458","chr6","156035558","156035849","46","99949394"
"chr18","56112880","56113167","chr2A","63086723","63087016","33","6973843"
"chr18","56223659","56223968","chr18","55614305","55614613","7","609354"
"chr18","56323546","56323637","chr9","80389825","80389922","17","24066279"
"chr18","56357830","56358125","chr18","55749175","55749473","4","608655"
"chr18","56369519","56369535","chr1","28547144","28547162","10","27822375"
"chr18","56369819","56369865","chr8","90198877","90198926","9","33829058"
"chr18","56426610","56426880","chr18","55817865","55818139","8","608745"
"chr18","56439623","56439919","chr18","55831960","55832260","4","607663"
"chr18","56831966","56832193","chr18","56225189","56225417","4","606777"
"chr18","57042463","57042766","chr18","56438469","56438773","5","603994"
"chr18","57320964","57321265","chr18","56717636","56717937","4","603328"
"chr18","57327893","57328204","chr18","56724844","56725154","4","603049"
"chr18","57432200","57432455","chr18","56828429","56828689","6","603771"
"chr18","57620604","57620924","chr1","149801227","149801543","56","92180623"
"chr18","57740887","57741180","chr18","57146108","57146402","5","594779"
"chr18","57830324","57830601","chr18","57238055","57238332","1","592269"
"chr18","57903196","57903488","chr18","57311126","57311418","3","592070"
"chr18","58148854","58149161","chr18","57558671","57558978","0","590183"
"chr18","58266810","58267115","chr18","57678030","57678335","4","588780"
"chr18","58387888","58388176","chr18","57799833","57800121","4","588055"
"chr18","58558804","58559093","chr1","10104013","10104308","34","48454791"
"chr18","58579091","58579371","chr18","57986022","57986312","12","593069"
"chr18","58780699","58780989","chr18","58193500","58193790","2","587199"
"chr18","59094287","59094598","chr18","58509600","58509916","5","584687"
"chr18","59151034","59151328","chr18","58566419","58566714","3","584615"
"chr18","59215491","59215803","chr18","58631087","58631400","2","584404"
"chr18","59338560","59338647","chr14","100673591","100673682","22","41335031"
"chr18","59339148","59339225","chr3","49847781","49847858","13","9491367"
"chr18","59341648","59341754","chr3","181238196","181238292","24","121896548"
"chr18","59342437","59342719","chr14","22253484","22253767","48","37088953"
"chr18","59389972","59390263","chr18","58809042","58809337","4","580930"
"chr18","59399570","59399867","chr18","58818853","58819151","2","580717"
"chr18","59481269","59481595","chr11","120991916","120992221","47","61510647"
"chr18","59501896","59502208","chr18","58925497","58925809","1","576399"
"chr18","59528094","59528218","chr5","12092557","12092690","21","47435537"
"chr18","59528815","59529118","chr18","58950548","58950852","2","578267"
"chr18","59583639","59583930","chr18","59006336","59006638","12","577303"
"chr18","59585621","59585796","chr12","56897944","56898113","32","2687677"
"chr18","59643951","59644255","chr5","113947101","113947407","38","54303150"
"chr18","59886184","59886479","chr18","59317220","59317515","2","568964"
"chr18","59892947","59893071","chr8","26723415","26723536","23","33169532"
"chr18","59902197","59902493","chr7","55521320","55521617","43","4380877"
"chr18","59967696","59967997","chr18","59402093","59402395","2","565603"
"chr18","60001199","60001511","chr18","59436730","59437044","23","564469"
"chr18","60014751","60015050","chr18","59450296","59450596","2","564455"
"chr18","60054656","60054968","chr18","59491698","59492009","1","562958"
"chr18","60085911","60086142","chr18","59522762","59522992","3","563149"
"chr18","60100646","60100953","chr1","226580254","226580553","34","166479608"
"chr18","60127209","60127528","chr18","59564498","59564819","3","562711"
"chr18","60178597","60178874","chr18","59616534","59616811","9","562063"
"chr18","60285793","60285985","chr18","59723932","59724124","1","561861"
"chr18","60509059","60509182","chr22","35041748","35041876","26","25467311"
"chr18","60509231","60509524","chr18","59948563","59948866","14","560668"
"chr18","60628438","60628754","chr18","60067953","60068271","4","560485"
"chr18","60826725","60826943","chr18","60266263","60266486","11","560462"
"chr18","61355908","61356020","chr2B","205936995","205937106","23","144581087"
"chr18","61976008","61976324","chr18","61426784","61427100","3","549224"
"chr18","62022926","62023065","chr8","112933585","112933727","24","50910659"
"chr18","62176115","62176271","chrX","19267786","19267941","30","42908329"
"chr18","62337098","62337394","chr18","61798735","61799032","1","538363"
"chr18","62409309","62409595","chr18","61871874","61872159","2","537435"
"chr18","62431962","62432235","chr22","35898159","35898437","53","26533803"
"chr18","62444956","62445254","chr7","137021823","137022128","69","74576867"
"chr18","62570861","62570964","chr3","181238196","181238292","28","118667335"
"chr18","62994521","62994789","chr11","127864782","127865039","68","64870261"
"chr18","63134044","63134349","chr18","62617141","62617446","2","516903"
"chr18","63182442","63182724","chr18","62670846","62671122","8","511596"
"chr18","63212768","63212822","chr1","78713287","78713337","25","15500519"
"chr18","63214718","63214814","chr22","33938435","33938535","20","29276283"
"chr18","63341172","63341477","chr18","62846810","62847115","1","494362"
"chr18","63422570","63422856","chr18","62930792","62931078","3","491778"
"chr18","63443753","63444042","chr18","62951970","62952260","2","491783"
"chr18","63604001","63604171","chr18","63114739","63114911","2","489262"
"chr18","63736691","63736992","chr18","63249326","63249633","10","487365"
"chr18","63810056","63810353","chr18","63323782","63324061","23","486274"
"chr18","63819171","63819461","chr18","63332751","63333049","10","486420"
"chr18","63821889","63822058","chr15","87173355","87173524","24","23351466"
"chr18","64061961","64062248","chr18","63579470","63579757","1","482491"
"chr18","64080806","64080920","chr5","172392908","172393028","16","108312102"
"chr18","64531236","64531547","chr17","60929569","60929880","44","3601667"
"chr18","64682926","64683151","chr18","64204368","64204592","2","478558"
"chr18","64992256","64992544","chr18","64519440","64519733","5","472816"
"chr18","65143077","65143168","chr18","64672265","64672356","0","470812"
"chr18","65151429","65151617","chr5","36709818","36710006","28","28441611"
"chr18","65165116","65165424","chr18","64694311","64694644","26","470805"
"chr18","65437419","65437709","chr4","188864051","188864338","47","123426632"
"chr18","65565877","65566155","chr18","65104936","65105219","33","460941"
"chr18","66084224","66084506","chr18","65644410","65644685","10","439814"
"chr18","66123299","66123425","chr12","38992415","38992548","24","27130884"
"chr18","66380335","66380626","chr18","65942219","65942515","5","438116"
"chr18","66812780","66813065","chr7","102193625","102193912","53","35380845"
"chr18","66916533","66916632","chr9","80389825","80389922","19","13473292"
"chr18","67097318","67097368","chr19","46929278","46929331","9","20168040"
"chr18","67242026","67242310","chr4","3162421","3162706","35","64079605"
"chr18","67292513","67292822","chr18","66860323","66860632","1","432190"
"chr18","67689633","67689792","chr1","201503311","201503466","34","133813678"
"chr18","67871947","67872116","chr18","67465674","67465848","7","406273"
"chr18","67881439","67881748","chr18","67475285","67475596","4","406154"
"chr18","67911701","67912005","chr18","67505453","67505759","5","406248"
"chr18","67938021","67938300","chr18","67533164","67533443","0","404857"
"chr18","67977735","67978017","chr18","67571837","67572119","0","405898"
"chr18","68506398","68506689","chr18","68110324","68110614","7","396074"
"chr18","68841236","68841358","chr5","172392908","172393028","24","103551672"
"chr18","69506064","69506360","chr18","69119319","69119616","2","386745"
"chr18","69545584","69545877","chr18","69160854","69161148","3","384730"
"chr18","69562251","69562468","chr18","69177542","69177761","3","384709"
"chr18","69649317","69649621","chr18","69265386","69265695","8","383931"
"chr18","69663640","69663800","chr1","149761181","149761342","26","80097541"
"chr18","69787178","69787478","chr18","69404160","69404456","6","383018"
"chr18","69831569","69831684","chr12","93126526","93126644","32","23294957"
"chr18","69871275","69871571","chr18","69488820","69489117","2","382455"
"chr18","70034084","70034388","chr18","69652507","69652799","13","381577"
"chr18","70200072","70200302","chrX","116240703","116240932","25","46040631"
"chr18","70306248","70306413","chr10","110153463","110153617","30","39847215"
"chr18","70532650","70532942","chr18","70154915","70155207","0","377735"
"chr18","70575815","70575905","chr3","181238196","181238292","30","110662381"
"chr18","70649674","70649966","chr18","70272364","70272672","16","377310"
"chr18","70651422","70651733","chr18","70274136","70274446","3","377286"
"chr18","70772550","70772851","chr18","70395844","70396152","8","376706"
"chr18","70857534","70857831","chr18","70482217","70482518","5","375317"
"chr18","71406195","71406482","chr18","71039083","71039370","2","367112"
"chr18","71742430","71742580","chr18","71387731","71387881","2","354699"
"chr18","71974888","71975088","chr18","71626640","71626841","2","348248"
"chr18","71995816","71996116","chr18","71646793","71647094","1","349023"
"chr18","72438669","72438953","chr18","72091897","72092184","4","346772"
"chr18","72704710","72705009","chr18","72361807","72362108","3","342903"
"chr18","72765993","72766288","chr18","72426811","72427109","8","339182"
"chr18","73469562","73469708","chr18","73148671","73148817","0","320891"
"chr18","73470097","73470358","chr4","190711777","190712054","69","117241680"
"chr18","73479138","73479423","chr18","73158131","73158416","0","321007"
"chr18","73480329","73480631","chr18","73159324","73159626","3","321005"
"chr18","73533974","73534275","chr18","73214475","73214778","6","319499"
"chr18","73643018","73643318","chr18","73325068","73325370","5","317950"
"chr18","74026064","74026211","chr11","25729792","25729944","26","48296272"
"chr18","74126042","74126170","chr14","35268910","35269034","21","38857132"
"chr18","74589439","74589749","chr18","74278748","74279044","14","310691"
"chr18","74923247","74923558","chr18","74613840","74614151","9","309407"
"chr18","75198850","75199144","chr18","74895495","74895789","2","303355"
"chr18","75685263","75685371","chr2B","207026815","207026935","35","131341552"
"chr18","75813741","75814019","chr18","75523421","75523692","13","290320"
"chr18","75879319","75879418","chr18","75593054","75593153","0","286265"
"chr18","75983283","75983571","chr18","75705120","75705408","0","278163"
"chr18","76043909","76044071","chr18","75769957","75770114","6","273952"
"chr18","76587622","76587849","chr18","75949199","75949427","7","638423"
"chr18","76711578","76711879","chr1","26661977","26662280","42","50049601"
"chr18","76860964","76861127","chr18","76218692","76218855","0","642272"
"chr18","76896069","76896367","chr11","62349725","62350021","58","14546344"
"chr18","76902990","76903299","chr18","76263686","76263992","8","639304"
"chr18","76920041","76920342","chr18","76281403","76281704","4","638638"
"chr18","76976630","76976867","chr1","87447997","87448227","30","10471367"
"chr18","77170919","77171204","chr18","76537499","76537784","1","633420"
"chr18","77191011","77191307","chr18","76557882","76558186","9","633129"
"chr18","77193681","77193803","chr7","149081479","149081605","4","71887798"
"chr19","11272091","11272390","chr19","11216547","11216849","4","55544"
"chr19","49151847","49152137","chr6","101745985","101746280","47","52594138"
"chr19","208201","208367","chr3","118483084","118483246","29","118274883"
"chr19","460289","460448","chr19","401996","402153","2","58293"
"chr19","528674","528945","chr2A","37534165","37534449","42","37005491"
"chr19","532579","532886","chr5","90828079","90828385","35","90295500"
"chr19","539109","539312","chr12","65769803","65770004","33","65230694"
"chr19","544905","544983","chr3","46579108","46579189","12","46034203"
"chr19","547241","547335","chr19","490606","490697","4","56635"
"chr19","592589","592883","chr4","22394086","22394382","46","21801497"
"chr19","597492","597785","chr11","110378392","110378683","43","109780900"
"chr19","598686","598753","chr19","541188","541268","16","57498"
"chr19","611436","611727","chr2A","28990672","28990966","32","28379236"
"chr19","675210","675295","chr15","68008805","68008888","12","67333595"
"chr19","728726","728816","chr14","100673591","100673682","22","99944865"
"chr19","785806","785876","chr8","25421338","25421402","30","24635532"
"chr19","816820","816966","chr19","61741211","61741358","23","60924391"
"chr19","819966","820024","chr19","783168","783226","0","36798"
"chr19","852105","852410","chrX","2575069","2575375","26","1722964"
"chr19","923098","923229","chr15","62181783","62181913","11","61258685"
"chr19","1124750","1124831","chr14","100673591","100673682","26","99548841"
"chr19","1166388","1166697","chr3","160512729","160513033","47","159346341"
"chr19","1181070","1181374","chr19","1147930","1148234","6","33140"
"chr19","1317462","1317743","chr1","10569450","10569733","46","9251988"
"chr19","1349814","1349931","chr3","200758253","200758371","13","199408439"
"chr19","1461416","1461724","chr11","71589563","71589871","39","70128147"
"chr19","1529169","1529462","chr19","1503662","1503964","10","25507"
"chr19","1561442","1561740","chr3","181262692","181262994","36","179701250"
"chr19","1667042","1667296","chr19","1639552","1639809","3","27490"
"chr19","1805174","1805435","chr12","71390426","71390684","37","69585252"
"chr19","1873223","1873346","chr8","26723415","26723536","23","24850192"
"chr19","1883171","1883297","chr8","26723415","26723536","25","24840244"
"chr19","1894257","1894546","chr19","1869505","1869792","4","24752"
"chr19","1917536","1917689","chrX","71354640","71354795","26","69437104"
"chr19","1925392","1925633","chr19","1907320","1907561","2","18072"
"chr19","1935208","1935361","chr18","13921194","13921341","30","11985986"
"chr19","1943384","1943509","chr1","46484701","46484838","28","44541317"
"chr19","1990059","1990296","chr5","62606469","62606706","26","60616410"
"chr19","1992641","1992947","chr19","1975495","1975804","3","17146"
"chr19","2034032","2034333","chr19","2016054","2016355","2","17978"
"chr19","2035420","2035550","chr19","2017442","2017572","0","17978"
"chr19","2053388","2053491","chr6","159074849","159074952","20","157021461"
"chr19","2102500","2102630","chr7","63668252","63668381","12","61565752"
"chr19","2117048","2117125","chr3","122317918","122317994","9","120200870"
"chr19","2126305","2126448","chr1","214242319","214242461","26","212116014"
"chr19","2137333","2137420","chr13","24059413","24059502","28","21922080"
"chr19","2138363","2138376","chr1","28547144","28547162","10","26408781"
"chr19","2138691","2138869","chr2B","178803360","178803529","30","176664669"
"chr19","2151571","2151865","chr19","2146160","2146454","3","5411"
"chr19","2279655","2279777","chr2B","199271339","199271453","30","196991684"
"chr19","2286899","2287195","chr19","2288624","2288918","3","1725"
"chr19","2366972","2367280","chr1","92995058","92995356","47","90628086"
"chr19","2381514","2381689","chrX","42468250","42468415","36","40086736"
"chr19","2386858","2387152","chr19","6585075","6585375","43","4198217"
"chr19","2401557","2401690","chr2A","32693701","32693835","32","30292144"
"chr19","2413578","2413689","chr17","59059909","59060023","15","56646331"
"chr19","2447892","2448194","chr5","158324854","158325155","36","155876962"
"chr19","2463094","2463367","chr19","2472739","2473012","3","9645"
"chr19","2479738","2479875","chr7","156274717","156274856","12","153794979"
"chr19","2544861","2545155","chr19","2556695","2556989","0","11834"
"chr19","2562129","2562304","chr17","81082254","81082429","24","78520125"
"chr19","2566860","2567150","chr19","2579010","2579300","4","12150"
"chr19","2672753","2672879","chr22","35041748","35041876","32","32368995"
"chr19","2690415","2690581","chr13","26988435","26988596","32","24298020"
"chr19","2707937","2708240","chr19","2712714","2713012","22","4777"
"chr19","2719999","2720296","chr19","2726534","2726832","2","6535"
"chr19","2779675","2779969","chr19","2790199","2790512","20","10524"
"chr19","2803976","2804084","chrX","66891966","66892073","15","64087990"
"chr19","2848355","2848657","chr19","2866409","2866718","17","18054"
"chr19","2850339","2850603","chr19","2868282","2868546","1","17943"
"chr19","2869083","2869172","chr8","46091691","46091777","17","43222608"
"chr19","2909845","2909951","chr3","181238196","181238292","26","178328351"
"chr19","2929571","2929669","chr2B","142240066","142240170","28","139310495"
"chr19","2945700","2945821","chr2B","199271339","199271453","26","196325639"
"chr19","2948493","2948807","chr7","4863609","4863921","46","1915116"
"chr19","2954591","2954876","chr3","190729274","190729564","40","187774683"
"chr19","2979829","2979970","chr7","156274717","156274856","20","153294888"
"chr19","3081459","3081774","chr19","3103199","3103514","2","21740"
"chr19","3118438","3118670","chr14","66142969","66143205","38","63024531"
"chr19","3153443","3153664","chr20","5506734","5506952","40","2353291"
"chr19","3174793","3174887","chr9","80389825","80389922","16","77215032"
"chr19","3180439","3180744","chr19","3200738","3201047","4","20299"
"chr19","3195589","3195714","chr2B","199271339","199271453","31","196075750"
"chr19","3265771","3265899","chr22","35041748","35041876","28","31775977"
"chr19","3310623","3310910","chr20","44511345","44511640","35","41200722"
"chr19","3311292","3311584","chr19","3326809","3327102","3","15517"
"chr19","3331624","3331705","chr3","46579108","46579189","14","43247484"
"chr19","3353495","3353580","chr8","46091691","46091777","18","42738196"
"chr19","3375521","3375652","chr1","6844228","6844361","22","3468707"
"chr19","3401331","3401567","chr19","3419957","3420194","2","18626"
"chr19","3451369","3451486","chr2B","205936995","205937106","25","202485626"
"chr19","3464301","3464444","chr19","3481834","3481977","0","17533"
"chr19","3466091","3466220","chr4","25636990","25637130","33","22170899"
"chr19","3525148","3525445","chrUn_GL393535","225655","225952","25","3299493"
"chr19","3540208","3540504","chr5","60225819","60226111","34","56685611"
"chr19","3543520","3543691","chr19","60175290","60175460","35","56631770"
"chr19","3555514","3555812","chr19","3575396","3575696","5","19882"
"chr19","3564235","3564534","chr19","3584197","3584497","6","19962"
"chr19","3572418","3572567","chr18","13921194","13921341","20","10348776"
"chr19","3603320","3603625","chr4","123858907","123859214","42","120255587"
"chr19","3604718","3604928","chr10","28552870","28553083","32","24948152"
"chr19","3616718","3616979","chr2A","10800566","10800812","49","7183848"
"chr19","3629514","3629629","chr17","16328289","16328411","22","12698775"
"chr19","3663723","3663890","chr22","22201178","22201345","25","18537455"
"chr19","3680482","3680591","chr2A","62538961","62539069","21","58858479"
"chr19","3684175","3684474","chr19","3712915","3713218","5","28740"
"chr19","3685417","3685469","chr17","14492994","14493044","14","10807577"
"chr19","3717008","3717240","chr19","3747104","3747336","1","30096"
"chr19","3728588","3728752","chrX","155632548","155632709","23","151903960"
"chr19","3732901","3733205","chr19","3761928","3762236","6","29027"
"chr19","3774511","3774816","chr4","59255624","59255928","35","55481113"
"chr19","3780786","3780918","chr4","51557575","51557711","23","47776789"
"chr19","3800125","3800291","chr19","3832753","3832920","1","32628"
"chr19","3861538","3861833","chr19","3896979","3897284","15","35441"
"chr19","3877039","3877071","chr13","108019514","108019545","11","104142475"
"chr19","3877072","3877390","chr19","3913989","3914304","6","36917"
"chr19","3877391","3877569","chr5","178397697","178397875","26","174520306"
"chr19","3890161","3890458","chr1","129573297","129573591","42","125683136"
"chr19","3890978","3891290","chr2B","172180094","172180404","37","168289116"
"chr19","3928425","3928732","chr1","24298407","24298712","50","20369982"
"chr19","3942907","3943197","chr19","3986526","3986817","2","43619"
"chr19","3962723","3963019","chr19","4004510","4004820","15","41787"
"chr19","3972665","3972963","chr19","4017535","4017836","7","44870"
"chr19","3995090","3995193","chr2B","210790127","210790232","29","206795037"
"chr19","4001863","4001951","chr14","100673591","100673682","15","96671728"
"chr19","4043896","4044206","chr19","4087377","4087686","2","43481"
"chr19","4048029","4048333","chr19","4091386","4091688","11","43357"
"chr19","4048354","4048408","chr1","27390807","27390868","14","23342453"
"chr19","4071235","4071296","chr1","33246348","33246407","19","29175113"
"chr19","4074122","4074260","chr14","68364211","68364351","37","64290089"
"chr19","4074568","4074751","chr3","145547243","145547422","34","141472675"
"chr19","4105367","4105480","chr5","59438305","59438419","17","55332938"
"chr19","4116549","4116853","chr1","221336668","221336968","39","217220119"
"chr19","4164182","4164325","chr17","69719410","69719548","43","65555228"
"chr19","4177172","4177243","chr17","4261422","4261478","25","84250"
"chr19","4256764","4256987","chr1","52238127","52238358","46","47981363"
"chr19","4267299","4267419","chr5","172392908","172393028","31","168125609"
"chr19","4271167","4271478","chr7","153600428","153600738","40","149329261"
"chr19","4285508","4285722","chr8","33653435","33653648","44","29367927"
"chr19","4314649","4314954","chr19","4368279","4368579","17","53630"
"chr19","4363109","4363437","chr7","14563464","14563784","38","10200355"
"chr19","4365217","4365508","chr19","4415985","4416277","3","50768"
"chr19","4434893","4435117","chr19","4484545","4484774","7","49652"
"chr19","4455754","4455902","chr9","76669588","76669729","29","72213834"
"chr19","4455905","4456195","chr19","4505099","4505391","2","49194"
"chr19","4492093","4492273","chr1","29277911","29278085","33","24785818"
"chr19","4497814","4498093","chr19","4549228","4549534","27","51414"
"chr19","4516531","4516687","chr19","4570447","4570603","0","53916"
"chr19","4528486","4528775","chr19","4582408","4582697","0","53922"
"chr19","4530692","4530832","chr2A","32693701","32693835","27","28163009"
"chr19","4648991","4649256","chr19","4688691","4688959","17","39700"
"chr19","4655028","4655178","chr12","12922936","12923089","27","8267908"
"chr19","4680008","4680300","chr19","4719478","4719770","1","39470"
"chr19","4718203","4718347","chr9","76669588","76669729","17","71951385"
"chr19","4721699","4721924","chr17","29176571","29176796","22","24454872"
"chr19","4729290","4729423","chr2A","32693701","32693835","26","27964411"
"chr19","4757569","4757634","chr6","11395990","11396054","27","6638421"
"chr19","4768045","4768276","chr3","176312368","176312598","33","171544323"
"chr19","4770566","4770871","chr1","21949805","21950110","32","17179239"
"chr19","4776267","4776305","chr10","27042861","27042906","16","22266594"
"chr19","4777482","4777829","chr12","19907748","19908062","78","15130266"
"chr19","4791506","4791742","chr17","9460553","9460787","31","4669047"
"chr19","4820348","4820638","chr7","55182848","55183136","33","50362500"
"chr19","4824682","4824832","chr3","33911306","33911450","36","29086624"
"chr19","4825179","4825374","chr14","68950362","68950560","35","64125183"
"chr19","4828779","4829080","chr19","4880243","4880544","1","51464"
"chr19","4832194","4832486","chr19","4883512","4883809","5","51318"
"chr19","4859963","4860095","chr2A","32693701","32693835","25","27833738"
"chr19","4867401","4867508","chr2B","205936995","205937106","26","201069594"
"chr19","4905792","4906087","chr2A","28990672","28990966","36","24084880"
"chr19","4969814","4970052","chr19","12785312","12785542","40","7815498"
"chr19","4975912","4976182","chr10","115774487","115774753","32","110798575"
"chr19","5165452","5165615","chrX","7978557","7978724","37","2813105"
"chr19","5195050","5195348","chr19","5260969","5261278","12","65919"
"chr19","5203368","5203458","chr14","100673591","100673682","27","95470223"
"chr19","5259088","5259400","chr19","5324847","5325158","9","65759"
"chr19","5265479","5265793","chr19","5333227","5333539","2","67748"
"chr19","5265794","5265969","chr19","5330847","5331022","1","65053"
"chr19","5345913","5346176","chr10","12880632","12880890","40","7534719"
"chr19","5351317","5351631","chr7","84980297","84980610","35","79628980"
"chr19","5406135","5406434","chr19","5475907","5476206","0","69772"
"chr19","5480911","5480997","chr14","100673591","100673682","21","95192680"
"chr19","5481511","5481590","chr3","181238196","181238292","30","175756685"
"chr19","5485826","5486113","chr19","5556125","5556412","0","70299"
"chr19","5500748","5500853","chr2B","199271339","199271453","24","193770591"
"chr19","5543950","5544251","chr19","5618893","5619195","1","74943"
"chr19","5554119","5554409","chr19","5629045","5629370","41","74926"
"chr19","5556815","5557097","chr6","31546186","31546477","66","25989371"
"chr19","5602893","5603180","chr19","5678180","5678467","2","75287"
"chr19","5631642","5631788","chr19","5706316","5706462","0","74674"
"chr19","5655951","5656244","chr3","172094749","172095041","48","166438798"
"chr19","5672782","5673079","chr19","5748667","5748963","3","75885"
"chr19","5674937","5675230","chr22","32073576","32073869","35","26398639"
"chr19","5676580","5676668","chr14","100673591","100673682","19","94997011"
"chr19","5687528","5687697","chr19","5766384","5766553","0","78856"
"chr19","5687782","5687945","chr19","5766639","5766802","0","78857"
"chr19","5712358","5712455","chr9","80389825","80389922","22","74677467"
"chr19","5742261","5742566","chr19","5825826","5826106","25","83565"
"chr19","5758551","5758856","chr14","47911057","47911352","50","42152506"
"chr19","5762232","5762309","chr8","46091691","46091777","21","40329459"
"chr19","5765884","5765934","chr3","12945284","12945334","6","7179400"
"chr19","5823845","5824028","chr12","40741439","40741620","33","34917594"
"chr19","5859576","5859860","chr2A","86599568","86599853","33","80739992"
"chr19","5930779","5931079","chr19","6008063","6008356","26","77284"
"chr19","6038682","6038763","chr8","46091691","46091777","17","40053009"
"chr19","6077142","6077441","chr1","26191008","26191312","39","20113866"
"chr19","6082487","6082791","chr1","10063605","10063905","30","3981118"
"chr19","6096489","6096782","chr19","6183241","6183537","5","86752"
"chr19","6147724","6148026","chr2B","162262511","162262808","32","156114787"
"chr19","6229632","6229768","chr19","39393323","39393459","15","33163691"
"chr19","6235834","6236132","chr19","6327616","6327913","2","91782"
"chr19","6237142","6237231","chr8","46091691","46091777","21","39854549"
"chr19","6286467","6286573","chr3","181238196","181238292","26","174951729"
"chr19","6286574","6286691","chr5","172392908","172393028","23","166106334"
"chr19","6286953","6287263","chr19","6380586","6380896","1","93633"
"chr19","6287592","6287687","chr14","100673591","100673682","20","94385999"
"chr19","6312893","6312991","chr14","100673591","100673682","18","94360698"
"chr19","6323081","6323385","chr19","6416377","6416680","3","93296"
"chr19","6327110","6327419","chr11","727115","727427","39","5599995"
"chr19","6448235","6448502","chr19","6538703","6538977","8","90468"
"chr19","6457220","6457350","chr7","112797358","112797487","39","106340138"
"chr19","6457624","6457642","chr1","28547144","28547162","6","22089520"
"chr19","6473910","6474039","chr14","26439576","26439696","30","19965666"
"chr19","6492578","6492876","chr19","6585075","6585375","6","92497"
"chr19","6521624","6521919","chr19","6613564","6613859","8","91940"
"chr19","6530547","6530859","chrX","29364097","29364407","44","22833550"
"chr19","6542653","6542842","chr2B","170259168","170259351","32","163716515"
"chr19","6557084","6557257","chr19","6645459","6645636","8","88375"
"chr19","6581740","6581817","chr3","122317918","122317994","12","115736178"
"chr19","6729819","6730091","chr19","6813702","6813974","1","83883"
"chr19","6752821","6753128","chr19","6836574","6836881","2","83753"
"chr19","6784550","6784846","chr19","6869075","6869372","2","84525"
"chr19","6794478","6794786","chr2A","43291759","43292070","34","36497281"
"chr19","6817931","6818226","chr4","140934206","140934503","27","134116275"
"chr19","6828567","6828638","chr6","11395990","11396054","29","4567423"
"chr19","6832375","6832546","chr19","6920188","6920360","3","87813"
"chr19","6863321","6863623","chr19","6953181","6953483","2","89860"
"chr19","6899329","6899449","chr5","172392908","172393028","24","165493579"
"chr19","6918744","6919053","chr19","7005823","7006133","5","87079"
"chr19","6941335","6941442","chr5","172392908","172393028","27","165451573"
"chr19","6942468","6942730","chr19","7033643","7033918","15","91175"
"chr19","7231851","7232143","chr19","7134287","7134588","11","97564"
"chr19","7337265","7337534","chr19","7242844","7243140","28","94421"
"chr19","7348973","7349082","chr2B","210790127","210790232","25","203441154"
"chr19","7356925","7357231","chr19","7263787","7264090","3","93138"
"chr19","7378140","7378438","chr19","7285752","7286051","3","92388"
"chr19","7462073","7462368","chr19","7373035","7373331","7","89038"
"chr19","7469336","7469636","chr19","7380514","7380819","7","88822"
"chr19","7566901","7567077","chrX","19505314","19505493","34","11938413"
"chr19","7574784","7574965","chr1","214242319","214242461","48","206667535"
"chr19","7610914","7611223","chr13","47677834","47678138","36","40066920"
"chr19","7615518","7615552","chr3","48388384","48388414","14","40772866"
"chr19","7626965","7627182","chr19","7582429","7582647","3","44536"
"chr19","7644259","7644428","chr15","87173355","87173524","30","79529096"
"chr19","7701927","7702151","chr6","164118978","164119199","30","156417051"
"chr19","7733370","7733473","chr22","33938435","33938535","21","26205065"
"chr19","7828811","7828866","chr19","7787712","7787767","0","41099"
"chr19","7830589","7830745","chr8","34247897","34248051","33","26417308"
"chr19","7857794","7857924","chr4","115885085","115885224","22","108027291"
"chr19","7858100","7858115","chr1","28547144","28547162","7","20689044"
"chr19","8030140","8030395","chr5","50403926","50404192","48","42373786"
"chr19","8043661","8043790","chr2A","32693701","32693835","26","24650040"
"chr19","8045083","8045206","chr5","172392908","172393028","25","164347825"
"chr19","8047231","8047511","chr14","102389771","102390058","28","94342540"
"chr19","8050832","8051144","chr19","8028493","8028807","2","22339"
"chr19","8096424","8096564","chr12","95708278","95708420","23","87611854"
"chr19","8110258","8110398","chr17","17333596","17333726","21","9223338"
"chr19","8172536","8172586","chr1","215345738","215345787","22","207173202"
"chr19","8191213","8191513","chr19","8166816","8167117","2","24397"
"chr19","8192053","8192165","chr20","16652596","16652702","24","8460543"
"chr19","8200419","8200544","chr22","35041748","35041876","33","26841329"
"chr19","8284422","8284742","chr1","161196657","161196961","54","152912235"
"chr19","8290101","8290397","chr14","19542683","19542976","31","11252582"
"chr19","8306981","8307291","chr19","8282086","8282403","8","24895"
"chr19","8312102","8312264","chr13","26988435","26988596","25","18676333"
"chr19","8313879","8314155","chr19","8289555","8289831","2","24324"
"chr19","8326903","8327006","chr22","33938435","33938535","21","25611532"
"chr19","8330990","8331318","chr19","8313475","8313763","42","17515"
"chr19","8369661","8369776","chr2B","199271339","199271453","23","190901678"
"chr19","8419397","8419704","chr19","8409690","8409998","9","9707"
"chr19","8420834","8421012","chr19","8411130","8411308","3","9704"
"chr19","8432382","8432684","chr15","41786237","41786538","49","33353855"
"chr19","8433711","8434004","chr19","8426198","8426491","2","7513"
"chr19","8434266","8434542","chr19","8426753","8427029","5","7513"
"chr19","8456129","8456439","chr19","8450237","8450534","13","5892"
"chr19","8472037","8472202","chr7","140148564","140148716","27","131676527"
"chr19","8476273","8476431","chr19","8472527","8472702","17","3746"
"chr19","8574083","8574390","chr19","8575990","8576296","4","1907"
"chr19","8615335","8615581","chr19","8616643","8616886","5","1308"
"chr19","8624262","8624432","chr8","27153241","27153406","21","18528979"
"chr19","8643176","8643472","chr19","8643902","8644206","12","726"
"chr19","8653863","8653978","chr1","35354882","35354997","11","26701019"
"chr19","8725906","8726067","chr1","109787168","109787323","31","101061262"
"chr19","8765578","8765874","chr19","8778381","8778677","2","12803"
"chr19","8867637","8867913","chr19","8883911","8884187","2","16274"
"chr19","9100954","9101236","chr19","9070809","9071094","5","30145"
"chr19","9113762","9114058","chr19","9084322","9084619","2","29440"
"chr19","9202433","9202542","chr3","181238196","181238292","26","172035763"
"chr19","9210846","9211159","chr10","38403814","38404119","48","29192968"
"chr19","9212085","9212206","chr1","147248776","147248910","29","138036691"
"chr19","9247784","9248076","chr19","9203152","9203445","3","44632"
"chr19","9265569","9265679","chr20","16652596","16652702","22","7387027"
"chr19","9277073","9277369","chr19","9233644","9233944","4","43429"
"chr19","9293848","9294148","chr19","9247356","9247659","7","46492"
"chr19","9347295","9347603","chr3","70178087","70178389","32","60830792"
"chr19","9362101","9362213","chr2B","205936995","205937106","31","196574894"
"chr19","9441419","9441692","chr19","9399797","9400070","0","41622"
"chr19","9450280","9450577","chr19","9408670","9408967","4","41610"
"chr19","9451036","9451118","chr3","181238196","181238292","24","171787160"
"chr19","9463116","9463400","chr12","45874078","45874367","46","36410962"
"chr19","9472190","9472490","chr19","9431731","9432021","12","40459"
"chr19","9545485","9545627","chr6","8152168","8152308","21","1393317"
"chr19","9637375","9637491","chr8","26723415","26723536","24","17086040"
"chr19","9660890","9661189","chr6","112054276","112054568","46","102393386"
"chr19","9664164","9664447","chr3","15176094","15176391","55","5511930"
"chr19","9725777","9726059","chr7","43477131","43477404","47","33751354"
"chr19","9740430","9740520","chr14","100673591","100673682","19","90933161"
"chr19","9753699","9753960","chr19","9721814","9722101","26","31885"
"chr19","9781935","9782233","chr19","9751908","9752198","9","30027"
"chr19","9794822","9795129","chr4","1858292","1858602","52","7936530"
"chr19","9797401","9797544","chr19","59252894","59253042","16","49455493"
"chr19","9797872","9798046","chr6","37299122","37299292","24","27501250"
"chr19","9834350","9834623","chr19","9804834","9805110","3","29516"
"chr19","9837843","9837920","chr1","33246348","33246407","33","23408505"
"chr19","9837955","9838162","chr4","47316981","47317199","45","37479026"
"chr19","9875386","9875538","chr19","9851429","9851583","12","23957"
"chr19","9881332","9881635","chr19","9849266","9849569","1","32066"
"chr19","9892671","9892933","chr19","9864450","9864731","19","28221"
"chr19","9911914","9912070","chr5","125135635","125135796","32","115223721"
"chr19","9924634","9924870","chr19","9897000","9897238","13","27634"
"chr19","9948017","9948323","chr2B","242682128","242682433","33","232734111"
"chr19","9957927","9958029","chr6","159074849","159074952","26","149116922"
"chr19","9978452","9978730","chr19","9948660","9948941","3","29792"
"chr19","10016821","10016858","chr3","48388384","48388414","15","38371563"
"chr19","10025097","10025173","chr8","46091691","46091777","25","36066594"
"chr19","10034160","10034289","chr2A","32693701","32693835","36","22659541"
"chr19","10041942","10042257","chr19","10013787","10014102","2","28155"
"chr19","10043100","10043397","chr11","9662293","9662574","48","380807"
"chr19","10054830","10054975","chr7","52935663","52935810","44","42880833"
"chr19","10088415","10088479","chr16","22865133","22865196","21","12776718"
"chr19","10089486","10089779","chr19","10060854","10061148","1","28632"
"chr19","10090419","10090716","chr7","130462603","130462897","47","120372184"
"chr19","10102387","10102630","chr19","10073859","10074111","10","28528"
"chr19","10152727","10153023","chr19","10127685","10127984","3","25042"
"chr19","10172579","10172748","chr1","54397545","54397708","30","44224966"
"chr19","10207415","10207670","chr19","10185701","10185956","3","21714"
"chr19","10288365","10288675","chr19","10267729","10268039","5","20636"
"chr19","10309024","10309229","chr19","10288020","10288227","2","21004"
"chr19","10321695","10321985","chr7","153757922","153758213","47","143436227"
"chr19","10411881","10411976","chr11","69767388","69767479","31","59355507"
"chr19","10454392","10454690","chr19","10429140","10429444","8","25252"
"chr19","10481929","10482032","chr20","16652596","16652702","25","6170667"
"chr19","10496294","10496555","chrX","97029169","97029434","39","86532875"
"chr19","10515040","10515337","chr19","10491710","10492008","7","23330"
"chr19","10573979","10574322","chr19","10553958","10554295","31","20021"
"chr19","10591621","10591799","chr12","124308544","124308724","41","113716923"
"chr19","10603043","10603199","chr14","45477031","45477191","31","34873988"
"chr19","10621584","10621763","chr7","76491942","76492118","32","65870358"
"chr19","10628885","10629195","chr19","10606568","10606878","5","22317"
"chr19","10643178","10643305","chr8","26723415","26723536","33","16080237"
"chr19","10670329","10670437","chr20","16652596","16652702","24","5982267"
"chr19","10673848","10674158","chr1","53118077","53118382","41","42444229"
"chr19","10679101","10679403","chr19","43328783","43329082","31","32649682"
"chr19","10691639","10691940","chr19","10671870","10672162","10","19769"
"chr19","10718581","10718879","chr19","10700272","10700578","9","18309"
"chr19","10720725","10720998","chr10","66104344","66104619","37","55383619"
"chr19","10724366","10724683","chr7","153600428","153600738","46","142876062"
"chr19","10724970","10725057","chr12","36296792","36296880","12","25571822"
"chr19","10799992","10800291","chr1","15093723","15094019","35","4293731"
"chr19","10835100","10835256","chr14","31691652","31691807","35","20856552"
"chr19","10835563","10835710","chr7","25490963","25491107","19","14655400"
"chr19","10841939","10842219","chr19","10829588","10829872","5","12351"
"chr19","10844363","10844653","chr18","54802018","54802306","60","43957655"
"chr19","10847153","10847457","chr5","141405847","141406153","45","130558694"
"chr19","10865742","10866046","chr19","10853632","10853927","16","12110"
"chr19","10870885","10871176","chr19","10858774","10859067","4","12111"
"chr19","10879989","10880102","chr2A","62538961","62539069","30","51658972"
"chr19","10886460","10886685","chr19","10875056","10875281","1","11404"
"chr19","10914325","10914599","chr7","6702169","6702445","39","4212156"
"chr19","10926696","10927004","chr4","54164470","54164779","45","43237774"
"chr19","10929282","10929513","chr1","1110248","1110478","34","9819034"
"chr19","10948059","10948168","chr3","181238196","181238292","32","170290137"
"chr19","10949940","10950224","chr8","18054253","18054549","65","7104313"
"chr19","10956469","10956583","chr19","4055014","4055149","36","6901455"
"chr19","10997764","10998036","chr19","10990182","10990490","37","7582"
"chr19","11114332","11114632","chr19","11047391","11047691","5","66941"
"chr19","11213502","11213638","chr2A","32693701","32693835","28","21480199"
"chr19","11225345","11225440","chr20","16652596","16652702","22","5427251"
"chr19","11249127","11249438","chr4","141934893","141935195","42","130685766"
"chr19","11264938","11265219","chr17","49024496","49024773","44","37759558"
"chr19","11278998","11279300","chr14","48525930","48526228","57","37246932"
"chr19","11287049","11287352","chr19","11231380","11231683","1","55669"
"chr19","11293048","11293198","chr4","28030717","28030863","26","16737669"
"chr19","11322054","11322165","chr2B","210790127","210790232","22","199468073"
"chr19","11375129","11375409","chr19","11327073","11327336","17","48056"
"chr19","11378243","11378347","chr19","11330239","11330343","1","48004"
"chr19","11389557","11389856","chr19","11344136","11344437","2","45421"
"chr19","11400166","11400406","chr19","11356897","11357161","30","43269"
"chr19","11405749","11405879","chr3","15752674","15752802","14","4346925"
"chr19","11424960","11425251","chr5","172957592","172957891","53","161532632"
"chr19","11448859","11449153","chr19","11414003","11414300","6","34856"
"chr19","11464954","11465203","chr2B","240263975","240264225","35","228799021"
"chr19","11483069","11483302","chr1","10956435","10956669","28","526634"
"chr19","11483368","11483459","chr14","100673591","100673682","21","89190223"
"chr19","11499418","11499710","chr10","43484406","43484699","31","31984988"
"chr19","11511040","11511212","chr19","11478232","11478404","0","32808"
"chr19","11532226","11532401","chr11","47027602","47027777","25","35495376"
"chr19","11537833","11537944","chr20","16652596","16652702","28","5114763"
"chr19","11555996","11556297","chr19","11523868","11524170","3","32128"
"chr19","11577461","11577561","chr3","181238196","181238292","28","169660735"
"chr19","11588530","11588821","chr19","11555774","11556069","12","32756"
"chr19","11594473","11594588","chr5","172392908","172393028","22","160798435"
"chr19","11602753","11603055","chr19","11570934","11571243","13","31819"
"chr19","11621617","11621787","chr19","11588961","11589129","3","32656"
"chr19","11625160","11625460","chr3","66876788","66877085","41","55251628"
"chr19","11644902","11645208","chr2B","243614939","243615245","37","231970037"
"chr19","11659050","11659173","chr5","172392908","172393028","31","160733858"
"chr19","11665709","11665998","chr2A","96498602","96498893","3","84832893"
"chr19","11673744","11674015","chr2A","64932817","64933092","55","53259073"
"chr19","11690859","11690947","chr7","43381927","43382018","21","31691068"
"chr19","11701743","11701903","chr19","6717167","6717332","23","4984576"
"chr19","11731640","11731940","chr2B","128833215","128833510","48","117101575"
"chr19","11745093","11745412","chr5","31140249","31140581","72","19395156"
"chr19","11759497","11759593","chr14","100673591","100673682","17","88914094"
"chr19","11865379","11865658","chr19","11840345","11840624","0","25034"
"chr19","11891130","11891416","chr19","11867352","11867654","19","23778"
"chr19","11969012","11969241","chr19","12266543","12266781","42","297531"
"chr19","12015659","12015945","chr19","11992811","11993098","5","22848"
"chr19","12148027","12148336","chr19","12066375","12066683","4","81652"
"chr19","12153266","12153440","chr9","71486612","71486784","40","59333346"
"chr19","12183951","12184263","chr19","12106167","12106477","7","77784"
"chr19","12230048","12230354","chr19","12157869","12158175","2","72179"
"chr19","12328186","12328480","chr19","12256533","12256829","6","71653"
"chr19","12334420","12334714","chr4","168417425","168417719","35","156083005"
"chr19","12358219","12358382","chr12","40340649","40340811","23","27982430"
"chr19","12378006","12378284","chr2A","61906694","61906972","48","49528688"
"chr19","12378388","12378695","chr2A","96608900","96609202","40","84230512"
"chr19","12384028","12384189","chrX","2617967","2618132","22","9766061"
"chr19","12425695","12425969","chr19","12353774","12354048","1","71921"
"chr19","12450465","12450771","chr19","12378132","12378438","2","72333"
"chr19","12451120","12451419","chr19","12378821","12379116","4","72299"
"chr19","12460254","12460552","chr19","12387893","12388192","1","72361"
"chr19","12476503","12476800","chr19","12404797","12405095","3","71706"
"chr19","12487750","12487814","chr2A","39227558","39227614","21","26739808"
"chr19","12491488","12491649","chr19","12419073","12419234","0","72415"
"chr19","12505948","12506249","chr19","12433426","12433727","0","72522"
"chr19","12528490","12528680","chr21","13902217","13902406","26","1373727"
"chr19","12531334","12531419","chr14","100673591","100673682","23","88142257"
"chr19","12531672","12531951","chr19","12460990","12461269","0","70682"
"chr19","12536880","12537177","chr20","28458868","28459176","42","15921988"
"chr19","12537671","12537746","chr11","8774884","8774956","21","3762787"
"chr19","12548028","12548119","chr12","12586014","12586108","12","37986"
"chr19","12565770","12565950","chr9","69835636","69835822","32","57269866"
"chr19","12582227","12582434","chr19","12513933","12514142","2","68294"
"chr19","12590594","12590885","chr18","27229273","27229564","46","14638679"
"chr19","12655963","12656265","chr17","81192358","81192658","34","68536395"
"chr19","12680842","12680993","chr4","149843795","149843946","22","137162953"
"chr19","12701387","12701691","chr19","12641368","12641675","5","60019"
"chr19","12751041","12751146","chr20","16652596","16652702","16","3901555"
"chr19","12774671","12774984","chr11","38232191","38232501","40","25457520"
"chr19","12795880","12796108","chr19","12744194","12744421","2","51686"
"chr19","12815351","12815461","chr2B","210790127","210790232","23","197974776"
"chr19","12820778","12821075","chr19","12770598","12770893","3","50180"
"chr19","12831896","12832112","chr19","12785312","12785542","17","46584"
"chr19","12834239","12834541","chr19","12787673","12787981","8","46566"
"chr19","12854003","12854295","chr19","12808230","12808518","6","45773"
"chr19","12867031","12867327","chr12","45874078","45874367","47","33007047"
"chr19","12882447","12882728","chr7","76017004","76017281","29","63134557"
"chr19","12882904","12882976","chr3","181238196","181238292","31","168355292"
"chr19","12899051","12899331","chr6","15312245","15312527","30","2413194"
"chr19","12903830","12903902","chr6","11395990","11396054","28","1507840"
"chr19","12911816","12912119","chr18","51897396","51897695","48","38985580"
"chr19","12912706","12912999","chr19","12870733","12871033","14","41973"
"chr19","12929897","12930182","chr20","59454349","59454633","35","46524452"
"chr19","12988141","12988432","chr19","12947558","12947866","30","40583"
"chr19","12997866","12997903","chr10","27042861","27042906","14","14044995"
"chr19","13027025","13027321","chr19","12989424","12989724","7","37601"
"chr19","13033936","13034054","chr2B","207026815","207026935","25","193992879"
"chr19","13035232","13035519","chr3","135747017","135747308","70","122711785"
"chr19","13072743","13072902","chr4","143756620","143756779","19","130683877"
"chr19","13083086","13083354","chr1","22489390","22489669","36","9406304"
"chr19","13102076","13102180","chr11","20358123","20358224","30","7256047"
"chr19","13114919","13115051","chr19","13078691","13078823","0","36228"
"chr19","13119575","13119727","chr18","71387731","71387881","30","58268156"
"chr19","13122249","13122369","chr5","172392908","172393028","21","159270659"
"chr19","13124745","13124845","chr20","16652596","16652702","31","3527851"
"chr19","13153604","13153912","chr19","13119669","13119978","4","33935"
"chr19","13209668","13209962","chr19","13175999","13176295","4","33669"
"chr19","13221083","13221379","chr19","13189137","13189439","8","31946"
"chr19","13225660","13225755","chr14","100673591","100673682","23","87447931"
"chr19","13256858","13256951","chr3","181238196","181238292","25","167981338"
"chr19","13270162","13270316","chr10","35895830","35895980","23","22625668"
"chr19","13389641","13389948","chr19","13348471","13348779","2","41170"
"chr19","13461657","13461781","chr8","26723415","26723536","24","13261758"
"chr19","13473400","13473706","chr19","13442089","13442399","4","31311"
"chr19","13500269","13500361","chr12","129753197","129753289","11","116252928"
"chr19","13514626","13514740","chr4","17286861","17286971","24","3772235"
"chr19","13608715","13609026","chr19","13576349","13576667","9","32366"
"chr19","13647559","13647856","chr19","13615540","13615841","12","32019"
"chr19","13663682","13663984","chr19","13631836","13632146","8","31846"
"chr19","13716065","13716370","chr19","13689493","13689798","4","26572"
"chr19","13787779","13788080","chr5","158324854","158325155","32","144537075"
"chr19","13830981","13831194","chr1","106485261","106485474","31","92654280"
"chr19","13875755","13875858","chr6","159074849","159074952","25","145199094"
"chr19","13928458","13928721","chr19","13903921","13904188","4","24537"
"chr19","13935495","13935805","chr19","13911535","13911842","3","23960"
"chr19","13946669","13946849","chr11","18211482","18211662","24","4264813"
"chr19","13955803","13955915","chr2B","205936995","205937106","23","191981192"
"chr19","13965658","13965783","chr1","6844228","6844361","23","7121430"
"chr19","13967030","13967320","chr6","46476484","46476767","44","32509454"
"chr19","13969875","13970172","chr19","13945940","13946248","12","23935"
"chr19","13973304","13973613","chr19","13949080","13949389","3","24224"
"chr19","13997941","13998117","chr19","13972783","13972961","4","25158"
"chr19","13998207","13998506","chr3","173983076","173983369","45","159984869"
"chr19","14023590","14023685","chr17","7886677","7886770","12","6136913"
"chr19","14031109","14031228","chr2B","205936995","205937106","23","191905886"
"chr19","14049768","14050066","chr17","18238677","18238974","26","4188909"
"chr19","14070896","14071208","chr19","14048398","14048716","8","22498"
"chr19","14076881","14077060","chr11","48130487","48130657","27","34053606"
"chr19","14085620","14085930","chr19","14062684","14062993","2","22936"
"chr19","14097727","14098048","chr19","14075768","14076091","5","21959"
"chr19","14099508","14099633","chr4","115885085","115885224","28","101785577"
"chr19","14110110","14110407","chr4","22394086","22394382","34","8283976"
"chr19","14145620","14145817","chr1","29017529","29017726","42","14871909"
"chr19","14149694","14149856","chr14","49207210","49207370","28","35057516"
"chr19","14149899","14149911","chr1","28547144","28547162","9","14397245"
"chr19","14171367","14171694","chr19","14162487","14162814","1","8880"
"chr19","14212808","14212921","chr2B","207026815","207026935","24","192814007"
"chr19","14242805","14243100","chr2A","28990672","28990966","45","14747867"
"chr19","14268234","14268327","chrX","45006492","45006591","14","30738258"
"chr19","14300080","14300354","chr19","14296152","14296437","11","3928"
"chr19","14318935","14319235","chr19","14313987","14314287","3","4948"
"chr19","14324479","14324714","chr19","14319532","14319770","4","4947"
"chr19","14353854","14354139","chr19","14350840","14351125","0","3014"
"chr19","14361964","14362258","chr19","14359879","14360173","3","2085"
"chr19","14435677","14435792","chr10","67415924","67416049","27","52980247"
"chr19","14445421","14445654","chr6","103108822","103109043","38","88663401"
"chr19","14671151","14671255","chr14","100673591","100673682","25","86002440"
"chr19","14683510","14683746","chr19","4901610","4901842","36","9781900"
"chr19","14689304","14689567","chr19","14570313","14570600","24","118991"
"chr19","14694225","14694349","chr2B","207026815","207026935","32","192332590"
"chr19","14747916","14748083","chr19","14633531","14633698","1","114385"
"chr19","14770773","14770818","chr16","75836307","75836352","8","61065534"
"chr19","14791198","14791323","chr8","26723415","26723536","25","11932217"
"chr19","14808146","14808257","chr2B","199271339","199271453","28","184463193"
"chr19","14858639","14858892","chr17","13388958","13389211","29","1469681"
"chr19","14891182","14891304","chrX","124329806","124329928","10","109438624"
"chr19","14907677","14907767","chr3","27665315","27665404","17","12757638"
"chr19","14908274","14908582","chr3","28331707","28332012","35","13423433"
"chr19","14962767","14962858","chr19","57751584","57751683","17","42788817"
"chr19","15025724","15025816","chr14","100673591","100673682","13","85647867"
"chr19","15031159","15031368","chr9","105335908","105336108","48","90304749"
"chr19","15036996","15037209","chr17","69374080","69374287","27","54337084"
"chr19","15237806","15237939","chr16","19339749","19339897","33","4101943"
"chr19","15244128","15244452","chr1","146299924","146300235","47","131055796"
"chr19","15309380","15309574","chr19","15090016","15090210","0","219364"
"chr19","15314574","15314857","chr19","15095612","15095895","0","218962"
"chr19","15374347","15374633","chr19","15158622","15158917","30","215725"
"chr19","15386561","15386861","chr19","15170855","15171160","6","215706"
"chr19","15395749","15396051","chr8","51864709","51865002","45","36468960"
"chr19","15467263","15467393","chr3","126157086","126157216","11","110689823"
"chr19","15471151","15471270","chr17","17333596","17333726","22","1862445"
"chr19","15473061","15473316","chr19","15258327","15258578","6","214734"
"chr19","15525888","15526197","chr19","15310281","15310590","10","215607"
"chr19","15562834","15563127","chr9","66982183","66982474","52","51419349"
"chr19","15659625","15659927","chr1","32309441","32309739","45","16649816"
"chr19","15708957","15709078","chr1","25732453","25732576","18","10023496"
"chr19","15732931","15733228","chr19","15514941","15515240","4","217990"
"chr19","15802115","15802365","chr19","15585513","15585764","1","216602"
"chr19","15818069","15818191","chr6","156423498","156423620","12","140605429"
"chr19","15827493","15827750","chr10","12880632","12880890","31","2946861"
"chr19","15900031","15900344","chr19","15684684","15684978","19","215347"
"chr19","15995310","15995399","chr3","181238196","181238292","22","165242886"
"chr19","16003995","16004119","chr8","26723415","26723536","25","10719420"
"chr19","16028909","16029267","chr17","27690195","27690531","85","11661286"
"chr19","16071525","16071699","chr2A","48153883","48154060","30","32082358"
"chr19","16117751","16118037","chr19","15903027","15903315","5","214724"
"chr19","16144317","16144604","chr19","15930578","15930872","15","213739"
"chr19","16157099","16157376","chr19","15943447","15943732","9","213652"
"chr19","16293695","16293820","chr12","45595653","45595772","35","29301958"
"chr19","16318748","16319027","chr19","16109243","16109531","15","209505"
"chr19","16332732","16333013","chr19","16123864","16124164","19","208868"
"chr19","16337866","16338014","chr11","63350837","63350978","18","47012971"
"chr19","16353106","16353417","chr19","16147013","16147324","5","206093"
"chr19","16432142","16432441","chr19","16227987","16228287","2","204155"
"chr19","16519131","16519247","chr5","172392908","172393028","28","155873777"
"chr19","16523612","16523720","chr14","100673591","100673682","24","84149979"
"chr19","16550907","16551223","chr19","16343471","16343786","5","207436"
"chr19","16566997","16567168","chr19","16360264","16360447","17","206733"
"chr19","16568961","16569257","chr19","16362243","16362541","4","206718"
"chr19","16652088","16652409","chr1","176018058","176018362","75","159365970"
"chr19","16683009","16683162","chr16","32052089","32052241","23","15369080"
"chr19","16720665","16720762","chr3","181238196","181238292","22","164517531"
"chr19","16721593","16721708","chr2B","205936995","205937106","18","189215402"
"chr19","16755901","16756201","chr19","16550556","16550856","1","205345"
"chr19","16758799","16758891","chr14","100673591","100673682","14","83914792"
"chr19","16763252","16763367","chr2B","199271339","199271453","26","182508087"
"chr19","16775195","16775329","chr19","16572394","16572527","1","202801"
"chr19","16810237","16810532","chr19","16608155","16608442","21","202082"
"chr19","16891550","16891843","chr10","6328812","6329106","33","10562738"
"chr19","16910052","16910329","chr19","16714254","16714541","13","195798"
"chr19","16958770","16959066","chr19","16762158","16762453","1","196612"
"chr19","16964120","16964240","chr2B","199271339","199271453","26","182307219"
"chr19","16981874","16982031","chr19","16785989","16786146","1","195885"
"chr19","16984290","16984592","chr4","83109013","83109315","42","66124723"
"chr19","17036992","17037282","chr19","16845075","16845364","2","191917"
"chr19","17082636","17082933","chr18","46728515","46728820","49","29645879"
"chr19","17105072","17105283","chr16","26803895","26804104","31","9698823"
"chr19","17118182","17118471","chr19","16928446","16928735","7","189736"
"chr19","17194458","17194730","chr19","17006765","17007036","2","187693"
"chr19","17201356","17201590","chr17","8487792","8488020","47","8713564"
"chr19","17213325","17213476","chr9","112064180","112064330","28","94850855"
"chr19","17300450","17300750","chr1","68744215","68744514","37","51443765"
"chr19","17303212","17303333","chr1","140813951","140814072","26","123510739"
"chr19","17306062","17306363","chr19","17107768","17108068","2","198294"
"chr19","17310476","17310642","chr5","38549714","38549882","22","21239238"
"chr19","17368554","17368857","chr19","17173139","17173443","2","195415"
"chr19","17372293","17372443","chr8","24630008","24630158","14","7257715"
"chr19","17404510","17404813","chr19","17208402","17208701","20","196108"
"chr19","17636136","17636443","chr19","17446152","17446438","22","189984"
"chr19","17654151","17654314","chr4","40065116","40065274","22","22410965"
"chr19","17728194","17728326","chrX","142408571","142408709","17","124680377"
"chr19","17728576","17728788","chr19","17546225","17546436","3","182351"
"chr19","17817027","17817318","chr8","25239498","25239795","42","7422471"
"chr19","17831347","17831549","chr8","56337596","56337802","31","38506249"
"chr19","17840880","17841166","chr19","17666795","17667083","4","174085"
"chr19","17847229","17847474","chr1","28672730","28672960","47","10825501"
"chr19","17867594","17867794","chr5","89559214","89559403","43","71691620"
"chr19","17889613","17889923","chr19","17717069","17717384","7","172544"
"chr19","17903008","17903147","chr8","92789181","92789323","25","74886173"
"chr19","17961990","17962167","chr4","2758356","2758526","26","15203634"
"chr19","17989017","17989308","chr11","13293999","13294276","48","4695018"
"chr19","17993780","17993933","chr10","93035999","93036145","32","75042219"
"chr19","18002970","18003246","chr19","17831473","17831779","30","171497"
"chr19","18004145","18004276","chr19","17834333","17834464","0","169812"
"chr19","18012636","18012942","chr19","17842719","17843025","8","169917"
"chr19","18024862","18025154","chr19","17856521","17856814","1","168341"
"chr19","18037486","18037616","chr16","84869702","84869832","14","66832216"
"chr19","18040509","18040656","chr19","50868630","50868779","42","32828121"
"chr19","18040952","18041102","chr7","64238706","64238863","28","46197754"
"chr19","18119937","18120179","chr19","17949015","17949257","3","170922"
"chr19","18156172","18156263","chr3","27665315","27665404","23","9509143"
"chr19","18165754","18166044","chr19","17995908","17996197","3","169846"
"chr19","18194655","18194762","chr2B","199271339","199271453","31","181076684"
"chr19","18256700","18256982","chr19","18086291","18086594","22","170409"
"chr19","18277480","18277713","chr18","36703579","36703806","48","18426099"
"chr19","18295803","18295992","chr5","178397697","178397875","35","160101894"
"chr19","18320505","18320794","chr19","18151216","18151505","2","169289"
"chr19","18337984","18338071","chr1","160944586","160944680","20","142606602"
"chr19","18353078","18353392","chr19","18185444","18185757","6","167634"
"chr19","18361123","18361178","chr7","70681514","70681568","10","52320391"
"chr19","18361478","18361618","chr10","34368711","34368849","22","16007233"
"chr19","18371820","18371871","chr14","73545453","73545498","18","55173633"
"chr19","18380444","18380609","chr7","15507240","15507400","32","2873204"
"chr19","18393324","18393581","chr19","18227059","18227345","33","166265"
"chr19","18454227","18454333","chr20","17234762","17234865","24","1219465"
"chr19","18460415","18460563","chr9","112064180","112064330","28","93603765"
"chr19","18480360","18480544","chr3","145547243","145547422","39","127066883"
"chr19","18480841","18480975","chr12","10456629","10456759","16","8024212"
"chr19","18497473","18497595","chr8","26723415","26723536","31","8225942"
"chr19","18522023","18522245","chr19","18353338","18353560","1","168685"
"chr19","18524366","18524677","chr1","24298407","24298712","49","5774041"
"chr19","18529741","18529785","chr5","181336439","181336489","13","162806698"
"chr19","18569879","18570067","chr19","18402945","18403134","2","166934"
"chr19","18605282","18605593","chr19","18439783","18440093","4","165499"
"chr19","18692235","18692343","chr19","18533660","18533768","0","158575"
"chr19","18735330","18735625","chr19","18581107","18581402","0","154223"
"chr19","18778469","18778634","chr1","134388867","134389034","33","115610398"
"chr19","18783899","18784188","chr9","238662","238953","81","18545237"
"chr19","18827033","18827076","chr19","46929278","46929331","14","28102245"
"chr19","18906062","18906340","chr19","18755704","18756006","26","150358"
"chr19","18914888","18914973","chr14","100673591","100673682","16","81758703"
"chr19","18976547","18976840","chr19","18825654","18825947","1","150893"
"chr19","18981928","18982017","chr1","160944586","160944680","17","141962658"
"chr19","18995946","18996231","chr19","18845313","18845598","5","150633"
"chr19","19004153","19004459","chr19","18855176","18855482","6","148977"
"chr19","19071015","19071318","chrX","49894213","49894523","38","30823198"
"chr19","19112754","19113066","chr19","18963660","18963971","2","149094"
"chr19","19126143","19126242","chr22","33938435","33938535","20","14812292"
"chr19","19168511","19168632","chr2A","62538961","62539069","25","43370450"
"chr19","19177541","19177692","chr12","116901091","116901239","38","97723550"
"chr19","19197933","19198234","chr19","19054771","19055072","4","143162"
"chr19","19252912","19253011","chr22","33938435","33938535","16","14685523"
"chr19","19256643","19256948","chr8","63435157","63435455","35","44178514"
"chr19","19318933","19319076","chr16","75001148","75001302","25","55682215"
"chr19","19322512","19322671","chr11","71499780","71499938","28","52177268"
"chr19","19337704","19337892","chr16","11911565","11911758","42","7426139"
"chr19","19370522","19370832","chr14","89130456","89130763","38","69759934"
"chr19","19375340","19375629","chr19","19243660","19243961","46","131680"
"chr19","19380657","19380783","chr9","122440275","122440408","25","103059618"
"chr19","19380784","19380871","chr15","68008805","68008888","12","48628021"
"chr19","19383000","19383235","chr11","115373656","115373893","31","95990656"
"chr19","19392317","19392607","chr19","19260181","19260476","9","132136"
"chr19","19450968","19451267","chr19","19321745","19322044","0","129223"
"chr19","19475232","19475386","chr19","19347730","19347884","0","127502"
"chr19","19529783","19530089","chr19","19402436","19402722","21","127347"
"chr19","19530111","19530211","chr22","33938435","33938535","14","14408324"
"chr19","19581672","19581984","chr6","138446760","138447068","32","118865088"
"chr19","19598774","19598832","chr15","87518337","87518389","18","67919563"
"chr19","19599140","19599292","chr11","32958670","32958814","37","13359530"
"chr19","19599595","19599608","chr1","28547144","28547162","5","8947549"
"chr19","19606388","19606571","chr10","120372580","120372761","29","100766192"
"chr19","19607872","19608006","chr13","22694842","22694978","26","3086970"
"chr19","19618252","19618541","chr19","19493215","19493518","15","125037"
"chr19","19658805","19659016","chr8","132541154","132541365","34","112882349"
"chr19","19706908","19707196","chr19","19579990","19580299","23","126918"
"chr19","19725074","19725244","chr20","33771857","33772021","29","14046783"
"chr19","19725556","19725685","chr5","177191573","177191702","15","157466017"
"chr19","19725973","19726102","chr19","19602874","19603006","3","123099"
"chr19","19758110","19758408","chr19","19635961","19636263","4","122149"
"chr19","19800041","19800346","chr19","19680030","19680328","8","120011"
"chr19","19809365","19809679","chr19","19691910","19692224","4","117455"
"chr19","19891015","19891312","chr2A","28990672","28990966","41","9099657"
"chr19","19891907","19892202","chr20","44511345","44511640","38","24619438"
"chr19","19906815","19907109","chr6","158847652","158847944","43","138940837"
"chr19","19915265","19915473","chr19","19805280","19805491","3","109985"
"chr19","19948775","19949072","chr8","56304658","56304965","47","36355883"
"chr19","20002582","20002721","chr15","32457328","32457461","26","12454746"
"chr19","20072958","20073071","chr5","172392908","172393028","25","152319950"
"chr19","20097517","20097816","chr19","19990435","19990734","2","107082"
"chr19","20103719","20104052","chr19","19997092","19997425","1","106627"
"chr19","20113149","20113458","chr19","20006842","20007148","5","106307"
"chr19","20117454","20117695","chr1","139183841","139184089","34","119066387"
"chr19","20193820","20194083","chr10","131839645","131839906","43","111645825"
"chr19","20275743","20276041","chr19","20170773","20171073","4","104970"
"chr19","20312182","20312478","chr19","20207553","20207849","2","104629"
"chr19","20406095","20406396","chr19","20304392","20304696","3","101703"
"chr19","20410583","20410898","chr19","20308882","20309196","3","101701"
"chr19","20440445","20440739","chr19","20337991","20338287","6","102454"
"chr19","20456326","20456453","chr7","112797358","112797487","37","92341032"
"chr19","20470580","20470898","chr2A","65540919","65541231","41","45070339"
"chr19","20484245","20484533","chr17","1748555","1748835","27","18735690"
"chr19","20697545","20697843","chr19","20511019","20511312","8","186526"
"chr19","20698938","20699239","chr4","188021321","188021624","34","167322383"
"chr19","20705654","20705734","chr11","8774884","8774956","23","11930770"
"chr19","20715024","20715292","chr19","20528436","20528704","1","186588"
"chr19","20757022","20757235","chr19","20570066","20570278","3","186956"
"chr19","20782560","20782839","chr4","141734619","141734898","35","120952059"
"chr19","20904741","20905027","chr19","20864590","20864890","30","40151"
"chr19","20965463","20965601","chr2B","207026815","207026935","34","186061352"
"chr19","20966084","20966353","chr19","20784779","20785048","5","181305"
"chr19","20974868","20975088","chr19","20776799","20777019","2","198069"
"chr19","20981903","20982201","chr19","20769644","20769942","2","212259"
"chr19","21046212","21046292","chr11","8774884","8774956","24","12271328"
"chr19","21053521","21053628","chr2B","210790127","210790232","19","189736606"
"chr19","21073167","21073467","chr19","20864590","20864890","6","208577"
"chr19","21224821","21225130","chr19","21005986","21006295","1","218835"
"chr19","21266342","21266429","chrX","41447278","41447366","12","20180936"
"chr19","21270874","21271165","chr19","21050638","21050933","5","220236"
"chr19","21309739","21309880","chr2A","32693701","32693835","26","11383962"
"chr19","21313692","21313784","chr9","75000001","75000095","11","53686309"
"chr19","21350837","21351111","chr19","21142743","21143017","2","208094"
"chr19","21366729","21367037","chr19","21164508","21164815","6","202221"
"chr19","21386614","21386908","chr19","21184866","21185161","2","201748"
"chr19","21424485","21424779","chr19","21222181","21222475","0","202304"
"chr19","21433253","21433554","chr19","21230963","21231267","5","202290"
"chr19","21443098","21443395","chr19","21241190","21241487","2","201908"
"chr19","21454326","21454630","chr19","21253624","21253963","35","200702"
"chr19","21455401","21455710","chr19","21251345","21251650","20","204056"
"chr19","21455948","21456252","chr19","21251892","21252196","4","204056"
"chr19","21477092","21477395","chr19","21275210","21275512","1","201882"
"chr19","21509249","21509336","chr14","100673591","100673682","18","79164342"
"chr19","21518283","21518563","chr19","21317712","21317992","3","200571"
"chr19","21569135","21569440","chr19","21370645","21370953","5","198490"
"chr19","21582532","21582619","chr3","181238196","181238292","33","159655664"
"chr19","21607472","21607587","chr17","59059909","59060023","12","37452437"
"chr19","21607883","21608087","chr1","62505798","62506007","38","40897915"
"chr19","21670201","21670299","chr17","13332748","13332838","20","8337453"
"chr19","21672671","21672966","chr19","21479233","21479539","13","193438"
"chr19","21698296","21698589","chr19","21507723","21508017","2","190573"
"chr19","21709357","21709468","chr10","101398659","101398772","26","79689302"
"chr19","21745707","21745879","chr18","16129447","16129614","27","5616260"
"chr19","21753301","21753492","chr6","53956986","53957182","30","32203685"
"chr19","21822590","21822806","chr19","21632895","21633111","0","189695"
"chr19","21824717","21824798","chr8","46091691","46091777","17","24266974"
"chr19","21827250","21827540","chr19","21637544","21637852","21","189706"
"chr19","21856320","21856619","chr19","21667549","21667851","4","188771"
"chr19","21858456","21858592","chr19","21669692","21669831","4","188764"
"chr19","21874558","21874849","chr19","21687696","21687991","4","186862"
"chr19","21907248","21907395","chr19","21721150","21721296","2","186098"
"chr19","21920433","21920722","chr1","129337688","129337979","42","107417255"
"chr19","21923613","21923908","chr19","21737182","21737478","5","186431"
"chr19","21962909","21963178","chr19","21781974","21782250","13","180935"
"chr19","21981306","21981543","chr14","66142969","66143205","45","44161663"
"chr19","21999927","22000000","chr9","124818983","124819046","19","102819056"
"chr19","22005447","22005738","chr19","21825199","21825490","1","180248"
"chr19","22050528","22050840","chr19","21871011","21871324","2","179517"
"chr19","22090600","22090731","chr1","46484701","46484838","20","24394101"
"chr19","22097022","22097266","chr19","21921912","21922194","38","175110"
"chr19","22120838","22120994","chr19","361188","361340","34","21759650"
"chr19","22196068","22196378","chr19","22013446","22013756","0","182622"
"chr19","22397392","22397670","chr19","22433694","22433999","32","36302"
"chr19","22397740","22398037","chr19","22434049","22434346","0","36309"
"chr19","22408474","22408761","chr19","22444761","22445048","1","36287"
"chr19","22451090","22451399","chr1","203396798","203397104","37","180945708"
"chr19","22464586","22464893","chr19","22505460","22505769","2","40874"
"chr19","22468123","22468235","chr16","4729188","4729297","17","17738935"
"chr19","22482516","22482813","chr19","22523225","22523535","24","40709"
"chr19","22518106","22518393","chr1","129337688","129337979","43","106819582"
"chr19","22670003","22670337","chr19","22711946","22712256","28","41943"
"chr19","22681412","22681590","chr2B","201654541","201654730","31","178973129"
"chr19","22739133","22739413","chrX","40876117","40876411","49","18136984"
"chr19","22810278","22810519","chr15","41435258","41435499","38","18624980"
"chr19","22896381","22896679","chr19","22944292","22944601","13","47911"
"chr19","22906527","22906664","chr19","22954460","22954602","5","47933"
"chr19","22929000","22929161","chr1","54397545","54397708","33","31468545"
"chr19","22952740","22953034","chr19","23000755","23001051","4","48015"
"chr19","23010871","23011118","chr12","124055811","124056063","33","101044940"
"chr19","23020283","23020445","chr15","68404883","68405043","26","45384600"
"chr19","23027991","23028300","chr11","91622738","91623044","42","68594747"
"chr19","23110928","23111233","chr19","23142493","23142798","1","31565"
"chr19","23112317","23112606","chr19","23143881","23144177","10","31564"
"chr19","23130169","23130446","chr19","23162374","23162660","10","32205"
"chr19","23170752","23171060","chr19","23204110","23204418","0","33358"
"chr19","23193941","23194151","chr16","66768527","66768753","59","43574586"
"chr19","23216939","23217039","chr2B","205936995","205937106","30","182720056"
"chr19","23225867","23226158","chr19","23260034","23260326","1","34167"
"chr19","23242512","23242679","chr9","37039365","37039532","37","13796853"
"chr19","23246668","23246769","chr4","110315156","110315255","17","87068488"
"chr19","23376617","23376764","chrX","73313271","73313417","24","49936654"
"chr19","23377219","23377373","chr10","91759019","91759175","27","68381800"
"chr19","23385971","23386047","chr19","23413524","23413600","0","27553"
"chr19","23480339","23480457","chr5","172392908","172393028","29","148912569"
"chr19","23501615","23501919","chr19","23532570","23532902","31","30955"
"chr19","23556106","23556189","chr8","46091691","46091777","22","22535585"
"chr19","23624889","23625183","chr19","23659176","23659475","10","34287"
"chr19","23648336","23648618","chr4","188864051","188864338","53","165215715"
"chr19","23676065","23676375","chr19","23711938","23712241","7","35873"
"chr19","23680469","23680781","chr1","21949805","21950110","20","1730664"
"chr19","23684294","23684582","chr19","23720858","23721150","6","36564"
"chr19","23687646","23687849","chr19","23724207","23724410","5","36561"
"chr19","23690754","23691060","chr19","23727337","23727667","26","36583"
"chr19","23747851","23747915","chr19","55926177","55926238","29","32178326"
"chr19","23800700","23800801","chr20","60538927","60539032","15","36738227"
"chr19","23870037","23870305","chr19","23901099","23901359","9","31062"
"chr19","23908678","23909000","chr7","153704928","153705226","58","129796250"
"chr19","23973640","23973934","chrX","143504678","143504973","41","119531038"
"chr19","23990920","23991221","chr3","89595032","89595331","41","65604112"
"chr19","24015778","24015947","chr3","173683667","173683841","28","149667889"
"chr19","24034319","24034623","chr3","160512729","160513033","34","136478410"
"chr19","24066647","24066754","chr2B","205936995","205937106","26","181870348"
"chr19","24071184","24071483","chrX","31649027","31649322","42","7577843"
"chr19","24079980","24080281","chr12","104080268","104080572","39","80000288"
"chr19","24133968","24134266","chr19","22105311","22105614","5","2028657"
"chr19","24169633","24169935","chr19","22141642","22141944","5","2027991"
"chr19","24178248","24178544","chr19","22150265","22150561","6","2027983"
"chr19","24203150","24203440","chr19","22175714","22176004","0","2027436"
"chr19","24213922","24214041","chr5","172392908","172393028","27","148178986"
"chr19","24217116","24217265","chr19","22193976","22194127","4","2023140"
"chr19","24235308","24235614","chr19","22215496","22215802","3","2019812"
"chr19","33894674","33894988","chr19","33294500","33294818","8","600174"
"chr19","34085071","34085357","chr19","33482028","33482314","2","603043"
"chr19","34192691","34192986","chr19","33586143","33586439","3","606548"
"chr19","34899149","34899358","chr4","131278699","131278912","35","96379550"
"chr19","35080377","35080507","chr1","158024936","158025074","26","122944559"
"chr19","35390494","35390786","chr19","34782588","34782880","2","607906"
"chr19","35400490","35400771","chr19","34792619","34792900","4","607871"
"chr19","35407824","35407980","chr6","18057065","18057225","25","17350759"
"chr19","35437069","35437236","chr11","43973183","43973348","23","8536114"
"chr19","35480603","35480900","chr19","34875006","34875302","3","605597"
"chr19","35561300","35561402","chr2A","62538961","62539069","26","26977661"
"chr19","35564233","35564501","chr19","34963770","34964059","23","600463"
"chr19","35587615","35587847","chr10","100785341","100785573","45","65197726"
"chr19","35608731","35609025","chr19","35012223","35012513","4","596508"
"chr19","35823076","35823379","chr19","35232730","35233037","4","590346"
"chr19","35891639","35891732","chr6","108298721","108298814","19","72407082"
"chr19","36087836","36088136","chr19","35511005","35511309","6","576831"
"chr19","36148070","36148279","chr19","35570655","35570847","17","577415"
"chr19","36199454","36199745","chr2A","63086723","63087016","38","26887269"
"chr19","36666762","36667068","chr19","36104878","36105184","1","561884"
"chr19","36796575","36796869","chr3","58254736","58255037","72","21458161"
"chr19","36899035","36899336","chr12","117820004","117820300","42","80920969"
"chr19","36907708","36908004","chr19","36350126","36350428","8","557582"
"chr19","37307614","37307900","chr22","43443973","43444260","29","6136359"
"chr19","37373669","37373981","chr19","36821662","36821982","8","552007"
"chr19","37477927","37478164","chr19","36925772","36926002","9","552155"
"chr19","37783484","37783662","chr12","98841223","98841402","34","61057739"
"chr19","37939222","37939327","chr3","181143385","181143493","18","143204163"
"chr19","37993216","37993544","chr19","37456177","37456482","24","537039"
"chr19","38204283","38204346","chr2A","71915368","71915429","26","33711085"
"chr19","38212741","38212919","chr15","72703713","72703890","38","34490972"
"chr19","38219648","38219949","chr19","37692079","37692374","8","527569"
"chr19","38300191","38300485","chr15","62026494","62026786","38","23726303"
"chr19","38322138","38322445","chr19","37800313","37800619","5","521825"
"chr19","38369711","38369831","chr8","26723415","26723536","20","11646296"
"chr19","38372062","38372367","chr19","37853085","37853390","4","518977"
"chr19","38461808","38462086","chr19","37944204","37944482","1","517604"
"chr19","38514693","38514970","chr19","37996214","37996510","24","518479"
"chr19","38531457","38531631","chr2B","233012421","233012590","28","194480964"
"chr19","38557553","38557734","chr9","127364206","127364384","26","88806653"
"chr19","38662049","38662347","chr2B","221262309","221262612","46","182600260"
"chr19","38664858","38665155","chr5","148943567","148943867","42","110278709"
"chr19","38692940","38693247","chr19","38180489","38180797","3","512451"
"chr19","38734938","38735226","chr19","38222629","38222931","16","512309"
"chr19","38743020","38743143","chr8","26723415","26723536","20","12019605"
"chr19","38775892","38776168","chr19","38264751","38265027","2","511141"
"chr19","38792124","38792394","chr19","38281039","38281310","2","511085"
"chr19","38839094","38839382","chr15","62405613","62405909","37","23566519"
"chr19","38840128","38840433","chr1","160979595","160979897","45","122139467"
"chr19","38854818","38855140","chr19","38345804","38346141","19","509014"
"chr19","38948427","38948735","chr19","38439763","38440072","1","508664"
"chr19","39036107","39036242","chr7","69820158","69820285","35","30784051"
"chr19","39109121","39109286","chr12","38831500","38831656","24","277621"
"chr19","39166887","39167008","chr5","14809292","14809412","17","24357595"
"chr19","39189789","39190080","chr19","38686862","38687159","11","502927"
"chr19","39207495","39207798","chr19","38704121","38704422","6","503374"
"chr19","39271819","39271918","chr13","24059413","24059502","22","15212406"
"chr19","39304216","39304365","chr19","38801049","38801198","1","503167"
"chr19","39311236","39311538","chr19","38808267","38808565","11","502969"
"chr19","39503156","39503302","chr19","39007713","39007859","0","495443"
"chr19","39633200","39633296","chr3","181238196","181238292","28","141604996"
"chr19","39675823","39675901","chr12","12586014","12586108","25","27089809"
"chr19","39686489","39686620","chr5","172392908","172393028","32","132706419"
"chr19","39764728","39764820","chr14","100673591","100673682","21","60908863"
"chr19","39829750","39830047","chr19","39344149","39344458","12","485601"
"chr19","39849375","39849681","chr7","158152088","158152396","45","118302713"
"chr19","39868695","39868996","chr19","39383976","39384279","5","484719"
"chr19","39880559","39880857","chr19","39395505","39395811","8","485054"
"chr19","39915293","39915602","chr19","39432545","39432856","5","482748"
"chr19","39938000","39938303","chr19","39455897","39456205","15","482103"
"chr19","39946061","39946253","chr19","39463974","39464165","4","482087"
"chr19","39951049","39951226","chr9","127364206","127364384","32","87413157"
"chr19","39969658","39969921","chr19","39486803","39487103","37","482855"
"chr19","40036277","40036576","chr3","154377476","154377770","36","114341199"
"chr19","40078958","40079261","chr19","39584097","39584406","10","494861"
"chr19","40134266","40134575","chr14","71521635","71521941","57","31387369"
"chr19","40147351","40147617","chr2A","81854242","81854505","57","41706891"
"chr19","40150379","40150675","chr19","39659111","39659407","1","491268"
"chr19","40173571","40173658","chr13","24059413","24059502","18","16114158"
"chr19","40215694","40215992","chr1","26517476","26517776","32","13698218"
"chr19","40327699","40327988","chr2B","232999664","232999959","36","192671965"
"chr19","40334134","40334443","chr3","28331707","28332012","31","12002427"
"chr19","40363779","40364009","chr15","84485574","84485805","36","44121795"
"chr19","40538344","40538379","chr4","27336438","27336474","17","13201906"
"chr19","40701477","40701728","chr1","174902305","174902553","58","134200828"
"chr19","40714033","40714250","chr6","164118978","164119199","31","123404945"
"chr19","40745328","40745679","chr8","123780502","123780839","64","83035174"
"chr19","40872345","40872573","chr15","61468254","61468469","47","20595909"
"chr19","41008986","41009180","chr19","40529546","40529740","0","479440"
"chr19","41037859","41038071","chr4","176755200","176755409","33","135717341"
"chr19","41049995","41050292","chr19","40571008","40571306","3","478987"
"chr19","41139170","41139388","chr12","101757920","101758113","47","60618750"
"chr19","41143289","41143577","chr19","40664866","40665162","8","478423"
"chr19","41181159","41181209","chr19","46929278","46929331","10","5748119"
"chr19","41204694","41204987","chr19","40726330","40726624","3","478364"
"chr19","41301656","41301956","chr19","40830411","40830717","6","471245"
"chr19","41315111","41315295","chr14","68950362","68950560","49","27635251"
"chr19","41325689","41326004","chr19","40853550","40853867","3","472139"
"chr19","41349497","41349612","chr19","40879018","40879133","1","470479"
"chr19","41353763","41353871","chr17","348848","348955","17","41004915"
"chr19","41374200","41374492","chr19","40906866","40907157","7","467334"
"chr19","41414767","41415067","chr19","40948980","40949281","2","465787"
"chr19","41434610","41434731","chrX","124329806","124329928","9","82895196"
"chr19","41457588","41457889","chr20","2847299","2847598","37","38610289"
"chr19","41483315","41483582","chr11","18089272","18089540","43","23394043"
"chr19","41491863","41492174","chr19","41029666","41029977","4","462197"
"chr19","41494184","41494489","chr19","41031989","41032293","5","462195"
"chr19","41561359","41561535","chrUn_GL393552","49789","49963","30","41511570"
"chr19","41576930","41576966","chr22","28371501","28371534","18","13205429"
"chr19","41580939","41581150","chr1","106485261","106485474","27","64904322"
"chr19","41620601","41620697","chr12","12586014","12586108","16","29034587"
"chr19","41670538","41670604","chr1","33246348","33246407","24","8424190"
"chr19","41724027","41724262","chr19","41258265","41258500","0","465762"
"chr19","41728450","41728754","chr19","41262689","41262995","6","465761"
"chr19","41795829","41796123","chr19","41335403","41335698","8","460426"
"chr19","41814106","41814270","chr5","175990298","175990451","30","134176192"
"chr19","41814692","41814989","chr5","140146919","140147212","38","98332227"
"chr19","41829561","41829722","chr14","45477031","45477191","27","3647470"
"chr19","41833686","41833970","chr19","41374867","41375151","0","458819"
"chr19","41853325","41853638","chr19","41395572","41395884","4","457753"
"chr19","41854396","41854559","chrX","155632548","155632709","30","113778152"
"chr19","41855064","41855171","chr22","33938435","33938535","23","7916629"
"chr19","41856568","41856664","chr14","100673591","100673682","17","58817023"
"chr19","41857260","41857503","chr2A","29362784","29363036","37","12494476"
"chr19","41879298","41879460","chr19","41422998","41423161","2","456300"
"chr19","41880892","41880948","chr19","41424613","41424669","0","456279"
"chr19","41888748","41888933","chr10","120372580","120372761","24","78483832"
"chr19","41902107","41902391","chr19","41446225","41446512","4","455882"
"chr19","41916365","41916513","chr1","20767343","20767488","29","21149022"
"chr19","42017715","42017807","chr14","100673591","100673682","16","58655876"
"chr19","42018789","42019098","chr19","42971284","42971594","4","952495"
"chr19","42044086","42044396","chr19","42943872","42944182","3","899786"
"chr19","42084517","42084821","chr19","42902731","42903039","6","818214"
"chr19","42090495","42090707","chr1","180802081","180802296","41","138711586"
"chr19","42133823","42134104","chr19","42856292","42856575","5","722469"
"chr19","42135546","42135834","chr19","42854561","42854850","2","719015"
"chr19","42216870","42217170","chr19","42772030","42772327","4","555160"
"chr19","42278458","42278573","chr10","101398659","101398772","26","59120201"
"chr19","42289842","42289953","chr2B","205936995","205937106","26","163647153"
"chr19","42332880","42333181","chr19","42651317","42651620","3","318437"
"chr19","42355191","42355483","chr19","42632315","42632608","8","277124"
"chr19","42367833","42368143","chr19","42619083","42619393","1","251250"
"chr19","42381516","42381821","chr19","42604977","42605289","9","223461"
"chr19","42420422","42420720","chr8","124570084","124570381","43","82149662"
"chr19","42454605","42454711","chr14","100673591","100673682","26","58218986"
"chr19","42504819","42505101","chr19","42480194","42480476","5","24625"
"chr19","42553640","42553933","chr1","92913858","92914154","48","50360218"
"chr19","42567183","42567283","chr20","16652596","16652702","25","25914587"
"chr19","42574647","42574937","chr19","41516344","41516633","4","1058303"
"chr19","42613112","42613417","chr19","41555851","41556158","8","1057261"
"chr19","42613541","42613831","chr19","41556278","41556573","7","1057263"
"chr19","42637316","42637598","chr19","41579881","41580178","15","1057435"
"chr19","42667490","42667786","chr19","41610171","41610466","1","1057319"
"chr19","42680214","42680357","chr1","1585854","1585994","26","41094360"
"chr19","42730333","42730613","chr5","18671848","18672126","23","24058485"
"chr19","42767759","42767858","chr3","181238196","181238292","24","138470437"
"chr19","42775299","42775603","chr19","41721917","41722198","24","1053382"
"chr19","42775943","42776213","chr19","41722563","41722859","30","1053380"
"chr19","42811481","42811787","chr19","41758439","41758745","1","1053042"
"chr19","42814663","42814891","chr7","70013603","70013822","35","27198940"
"chr19","42864131","42864413","chr19","41812439","41812722","1","1051692"
"chr19","42899248","42899540","chr19","41847901","41848195","2","1051347"
"chr19","42917533","42917643","chr3","181143385","181143493","26","138225852"
"chr19","42939079","42939369","chr5","78669553","78669844","39","35730474"
"chr19","42964007","42964159","chr13","30738071","30738220","18","12225936"
"chr19","42971588","42971888","chr19","41918579","41918882","6","1053009"
"chr19","42983673","42983985","chr19","41930669","41930982","2","1053004"
"chr19","42994133","42994436","chr1","131425909","131426213","54","88431776"
"chr19","43050471","43050767","chr19","42001042","42001338","0","1049429"
"chr19","43088247","43088533","chr19","42041881","42042167","0","1046366"
"chr19","43092402","43092700","chr19","42045951","42046249","0","1046451"
"chr19","43167746","43167894","chr19","42122810","42122960","3","1044936"
"chr19","43191989","43192273","chr19","42147460","42147744","2","1044529"
"chr19","43242357","43242648","chr19","42195905","42196213","20","1046452"
"chr19","43250881","43251171","chr19","42204480","42204770","1","1046401"
"chr19","43274978","43275276","chr19","42229127","42229436","13","1045851"
"chr19","43282649","43282847","chrX","16891517","16891711","29","26391132"
"chr19","43294643","43294815","chr1","29277911","29278085","35","14016732"
"chr19","43300334","43300624","chr19","42254039","42254345","22","1046295"
"chr19","43303968","43304266","chr19","42257795","42258094","2","1046173"
"chr19","43368452","43368743","chr19","42325239","42325530","0","1043213"
"chr19","43370754","43371058","chr19","42327542","42327847","3","1043212"
"chr19","43396869","43397118","chr12","83451020","83451277","36","40054151"
"chr19","43422102","43422272","chr19","42379839","42380015","6","1042263"
"chr19","43425953","43426219","chr2B","169657735","169657995","67","126231782"
"chr19","43427272","43427318","chr7","63728610","63728659","10","20301338"
"chr19","43442573","43442751","chr18","16129447","16129614","26","27313126"
"chr19","43535551","43535857","chr14","21729361","21729671","31","21806190"
"chr19","43537636","43537811","chr19","43064308","43064483","0","473328"
"chr19","43540287","43540573","chr3","70497651","70497934","39","26957364"
"chr19","43549156","43549449","chr19","43073971","43074268","5","475185"
"chr19","43572022","43572325","chr19","43099461","43099764","1","472561"
"chr19","43613331","43613630","chr10","120134000","120134298","44","76520669"
"chr19","43661010","43661224","chr16","26803895","26804104","30","16857115"
"chr19","43739071","43739348","chr6","33920030","33920307","44","9819041"
"chr19","43784964","43785138","chr8","30615162","30615337","28","13169802"
"chr19","43793932","43794091","chr4","143756620","143756779","18","99962688"
"chr19","43893869","43894161","chr9","75562127","75562412","47","31668258"
"chr19","43935893","43936140","chr19","43476527","43476774","0","459366"
"chr19","43941167","43941412","chr5","72617253","72617512","60","28676086"
"chr19","44006118","44006205","chr8","46091691","46091777","14","2085573"
"chr19","44038713","44038856","chr2A","39404573","39404722","27","4634140"
"chr19","44058879","44059159","chr19","43600882","43601157","5","457997"
"chr19","44064071","44064351","chr19","43605772","43606081","31","458299"
"chr19","44073645","44073769","chr5","172392908","172393028","26","128319263"
"chr19","44096038","44096341","chr14","96539388","96539693","37","52443350"
"chr19","44227452","44227605","chr3","23793299","23793450","27","20434153"
"chr19","44252475","44252636","chrX","155632548","155632709","29","111380073"
"chr19","44267013","44267307","chr19","43809832","43810128","2","457181"
"chr19","44288402","44288600","chr3","48538439","48538637","47","4250037"
"chr19","44291646","44291943","chr19","43834470","43834767","0","457176"
"chr19","44303025","44303145","chr2B","139795701","139795833","26","95492676"
"chr19","44307717","44307817","chr3","181238196","181238292","26","136930479"
"chr19","44307849","44307859","chr1","28547144","28547162","9","15760705"
"chr19","44334095","44334400","chr19","43877882","43878189","2","456213"
"chr19","44337939","44338085","chr18","13921194","13921341","24","30416745"
"chr19","44462122","44462415","chr19","44003966","44004275","17","458156"
"chr19","44471348","44471439","chr17","13332748","13332838","15","31138600"
"chr19","44522696","44522890","chr10","13454221","13454408","27","31068475"
"chr19","44606142","44606246","chr2A","62538961","62539069","29","17932819"
"chr19","44613907","44614030","chr8","26723415","26723536","18","17890492"
"chr19","44622250","44622536","chr19","44190626","44190912","1","431624"
"chr19","44658674","44658969","chr17","12950644","12950938","43","31708030"
"chr19","44736310","44736428","chr14","35268910","35269034","24","9467400"
"chr19","44785387","44785597","chr19","44361086","44361317","21","424301"
"chr19","44788705","44788826","chr5","172392908","172393028","24","127604203"
"chr19","44839145","44839450","chr19","44418257","44418563","1","420888"
"chr19","44841454","44841588","chr2A","32693701","32693835","25","12147753"
"chr19","44864671","44864887","chr3","200711023","200711239","27","155846352"
"chr19","44867216","44867499","chr19","44447659","44447942","1","419557"
"chr19","44876823","44876947","chr20","16652596","16652702","32","28224227"
"chr19","44882053","44882203","chr1","14821967","14822109","26","30060086"
"chr19","44925873","44926165","chr19","44506094","44506390","5","419779"
"chr19","44935851","44935950","chr12","12586014","12586108","25","32349837"
"chr19","45045407","45045701","chr19","44622429","44622723","1","422978"
"chr19","45075701","45076008","chr19","44654539","44654847","3","421162"
"chr19","45089028","45089327","chr19","44667994","44668298","13","421034"
"chr19","45102407","45102710","chr12","104590375","104590678","33","59487968"
"chr19","45133289","45133601","chr19","44712811","44713123","5","420478"
"chr19","45146728","45147027","chr19","44726394","44726696","5","420334"
"chr19","45162734","45163014","chr7","72462162","72462441","33","27299428"
"chr19","45169122","45169422","chr19","44747854","44748154","2","421268"
"chr19","45181427","45181735","chr19","44760576","44760877","9","420851"
"chr19","45188752","45188850","chr3","181238196","181238292","26","136049444"
"chr19","45228009","45228304","chr5","108054757","108055053","61","62826748"
"chr19","45228852","45228956","chr19","44807554","44807658","1","421298"
"chr19","45319642","45319779","chr15","81017045","81017179","29","35697403"
"chr19","45352219","45352515","chr19","44936262","44936569","13","415957"
"chr19","45357525","45357691","chr19","44941924","44942090","1","415601"
"chr19","45385496","45385784","chr19","44970091","44970385","10","415405"
"chr19","45393925","45394199","chr22","42753046","42753330","37","2640879"
"chr19","45431362","45431656","chr19","45016414","45016707","4","414948"
"chr19","45448622","45448710","chrX","41447278","41447366","13","4001344"
"chr19","45512216","45512317","chr19","45131746","45131847","1","380470"
"chr19","45523718","45523994","chr4","153620186","153620461","37","108096468"
"chr19","45539343","45539640","chr1","203439612","203439906","50","157900269"
"chr19","45573206","45573508","chr3","197559153","197559459","41","151985947"
"chr19","45709731","45709899","chr6","42414698","42414867","23","3295033"
"chr19","45723222","45723349","chr2B","207026815","207026935","28","161303593"
"chr19","45735539","45735848","chr10","55247280","55247591","44","9511741"
"chr19","45745079","45745381","chr19","45370471","45370783","15","374608"
"chr19","45751659","45751972","chr19","45377056","45377374","6","374603"
"chr19","45847065","45847377","chr19","45476768","45477081","6","370297"
"chr19","45876021","45876123","chr2B","210790127","210790232","23","164914106"
"chr19","45943905","45944190","chr4","161817254","161817539","40","115873349"
"chr19","45986112","45986401","chr19","45624757","45625055","11","361355"
"chr19","45989218","45989372","chr19","45627737","45627894","3","361481"
"chr19","45998654","45998953","chr19","17435671","17435968","34","28562983"
"chr19","46012325","46012408","chr8","46091691","46091777","14","79366"
"chr19","46018743","46018854","chr20","16652596","16652702","21","29366147"
"chr19","46033257","46033444","chr19","45677182","45677353","16","356075"
"chr19","46061687","46061796","chr4","47116983","47117084","28","1055296"
"chr19","46065603","46065902","chr19","45711593","45711892","1","354010"
"chr19","46089394","46089724","chr19","45736263","45736564","43","353131"
"chr19","46137370","46137700","chr16","76378330","76378653","75","30240960"
"chr19","46200508","46200631","chr2B","199271339","199271453","30","153070831"
"chr19","46207289","46207586","chr19","45860556","45860844","12","346733"
"chr19","46231625","46231917","chr19","45885800","45886092","0","345825"
"chr19","46283776","46284060","chr19","45940159","45940447","5","343617"
"chr19","46317439","46317720","chr19","45974634","45974919","4","342805"
"chr19","46338147","46338266","chr19","3496844","3496957","34","42841303"
"chr19","46365724","46365829","chr6","159074849","159074952","15","112709125"
"chr19","46382836","46383014","chr19","46041585","46041763","0","341251"
"chr19","46405548","46405649","chr14","100673591","100673682","20","54268043"
"chr19","46457958","46458188","chr19","46120112","46120339","11","337846"
"chr19","46524345","46524508","chr6","160207566","160207725","29","113683221"
"chr19","46525043","46525267","chr19","46190962","46191183","4","334081"
"chr19","46543266","46543384","chr3","181143385","181143493","30","134600119"
"chr19","46555353","46555366","chr1","28547144","28547162","10","18008209"
"chr19","46556011","46556190","chr5","178397697","178397875","21","131841686"
"chr19","46592090","46592396","chr19","46260792","46261101","4","331298"
"chr19","46610086","46610285","chr17","61913545","61913757","45","15303459"
"chr19","46648272","46648597","chr19","46314651","46314974","2","333621"
"chr19","46703459","46703757","chr19","46368053","46368350","2","335406"
"chr19","46712922","46713009","chr14","100673591","100673682","12","53960669"
"chr19","46715330","46715580","chr1","129385965","129386195","67","82670635"
"chr19","46741991","46742045","chr17","532370","532419","18","46209621"
"chr19","46747509","46747586","chr11","8774884","8774956","28","37972625"
"chr19","46829581","46829719","chr4","115885085","115885224","16","69055504"
"chr19","46833785","46834096","chr19","46498202","46498516","8","335583"
"chr19","46869960","46870089","chr6","110005730","110005861","23","63135770"
"chr19","47101667","47101788","chr5","172392908","172393028","23","125291241"
"chr19","47125423","47125720","chr19","46796620","46796919","3","328803"
"chr19","47168253","47168351","chr13","24059413","24059502","31","23108840"
"chr19","47259677","47259837","chr6","160207566","160207725","19","112947889"
"chr19","47342361","47342678","chr12","111192854","111193162","46","63850493"
"chr19","47352382","47352687","chr19","47032204","47032507","2","320178"
"chr19","47403280","47403568","chr2B","120003575","120003866","31","72600295"
"chr19","47412041","47412155","chr2B","199271339","199271453","22","151859298"
"chr19","47561575","47561687","chr2B","207026815","207026935","30","159465240"
"chr19","47581303","47581603","chr19","47176034","47176335","3","405269"
"chr19","47599305","47599419","chr3","181143385","181143493","26","133544080"
"chr19","47740282","47740427","chr16","19339749","19339897","31","28400533"
"chr19","47742689","47742848","chr6","39299197","39299348","34","8443492"
"chr19","47866437","47866566","chr1","46484701","46484838","26","1381736"
"chr19","47888471","47888589","chr8","26723415","26723536","20","21165056"
"chr19","47970478","47970769","chr19","47565501","47565789","6","404977"
"chr19","48006198","48006503","chr19","47602184","47602487","16","404014"
"chr19","48091262","48091557","chr19","47678818","47679115","4","412444"
"chr19","48097394","48097556","chr10","89277493","89277666","39","41180099"
"chr19","48101782","48102108","chr19","47689343","47689665","10","412439"
"chr19","48222566","48222849","chr19","48230995","48231275","30","8429"
"chr19","48247563","48247842","chr19","48426951","48427229","29","179388"
"chr19","48281405","48281529","chr10","102267350","102267470","11","53985945"
"chr19","48381874","48382164","chr19","48174989","48175269","13","206885"
"chr19","48416214","48416490","chr19","48174989","48175269","30","241225"
"chr19","48441821","48442101","chr19","48230995","48231275","29","210826"
"chr19","48499095","48499373","chr19","48426951","48427229","24","72144"
"chr19","48604361","48604641","chr19","48230995","48231275","2","373366"
"chr19","48671505","48671633","chr16","73743066","73743197","31","25071561"
"chr19","48711691","48711969","chr19","48344180","48344459","14","367511"
"chr19","48730802","48731082","chr19","48363331","48363608","8","367471"
"chr19","48951024","48951162","chr13","22694842","22694978","33","26256182"
"chr19","48973510","48973816","chr19","48585346","48585652","0","388164"
"chr19","49017495","49017719","chrX","41391610","41391836","33","7625885"
"chr19","49072332","49072435","chr6","159074849","159074952","16","110002517"
"chr19","49108762","49109067","chr1","12893068","12893370","54","36215694"
"chr19","49167633","49167849","chr20","5506734","5506952","33","43660899"
"chr19","49201302","49201458","chr1","208319348","208319501","28","159118046"
"chr19","49211386","49211689","chr19","48829729","48830032","2","381657"
"chr19","49217400","49217563","chr14","105165819","105165980","29","55948419"
"chr19","49267116","49267258","chr19","48886299","48886441","0","380817"
"chr19","49353242","49353518","chr19","48972297","48972570","3","380945"
"chr19","49382800","49383096","chr19","53245435","53245733","32","3862635"
"chr19","49416826","49417086","chr19","49038780","49039040","6","378046"
"chr19","49475855","49475964","chr19","49091298","49091407","1","384557"
"chr19","49554554","49554814","chr3","59085256","59085513","75","9530702"
"chr19","49681029","49681324","chr12","111863778","111864077","42","62182749"
"chr19","49693944","49694209","chr22","19540316","19540583","53","30153628"
"chr19","49804818","49805115","chr19","49438229","49438526","2","366589"
"chr19","49818633","49818790","chrX","71354640","71354795","22","21536007"
"chr19","49826839","49827142","chr19","49463355","49463658","4","363484"
"chr19","49829792","49829921","chr17","12938398","12938529","40","36891394"
"chr19","49876653","49876943","chr19","49510302","49510593","2","366351"
"chr19","49941296","49941574","chr19","49577016","49577293","1","364280"
"chr19","50132043","50132328","chr21","22925883","22926171","41","27206160"
"chr19","50227124","50227360","chr10","15960399","15960633","38","34266725"
"chr19","50230354","50230648","chr17","19019300","19019594","47","31211054"
"chr19","50238789","50239049","chr1","132229284","132229528","51","81990495"
"chr19","50243353","50243627","chr19","49872085","49872380","28","371268"
"chr19","50252606","50252849","chr3","188573160","188573394","40","138320554"
"chr19","50278855","50279039","chr11","124492028","124492191","46","74213173"
"chr19","50280135","50280227","chr14","100673591","100673682","16","50393456"
"chr19","50294181","50294352","chr4","84146256","84146422","25","33852075"
"chr19","50316412","50316510","chr14","100673591","100673682","30","50357179"
"chr19","50336479","50336508","chr2B","138960016","138960039","16","88623537"
"chr19","50337888","50338188","chr19","49968296","49968605","11","369592"
"chr19","50341430","50341767","chr19","49974524","49974844","28","366906"
"chr19","50421526","50421810","chr9","121913978","121914260","54","71492452"
"chr19","50484600","50484711","chr2B","205936995","205937106","21","155452395"
"chr19","50506407","50506587","chr1","78712886","78713070","46","28206479"
"chr19","50534109","50534362","chr6","18389413","18389669","41","32144696"
"chr19","50559218","50559535","chr19","50199980","50200302","10","359238"
"chr19","50579829","50579869","chr7","100782569","100782620","16","50202740"
"chr19","50617713","50617881","chr18","16129447","16129614","30","34488266"
"chr19","50633362","50633646","chr22","45933767","45934064","41","4699595"
"chr19","50700765","50700977","chr19","50347262","50347474","1","353503"
"chr19","50719561","50719720","chr14","64560671","64560836","29","13841110"
"chr19","50753808","50754103","chr19","50406172","50406452","16","347636"
"chr19","50757216","50757399","chr19","50408561","50408737","13","348655"
"chr19","50856005","50856296","chr7","91539964","91540267","44","40683959"
"chr19","50877425","50877718","chr19","50532513","50532809","5","344912"
"chr19","50882516","50882799","chr1","224601619","224601904","40","173719103"
"chr19","50917443","50917735","chr19","50574684","50574977","3","342759"
"chr19","50922154","50922457","chr19","50579091","50579396","3","343063"
"chr19","50928743","50929053","chr19","50586215","50586540","16","342528"
"chr19","50971929","50972064","chr11","32958670","32958814","27","18013259"
"chr19","50972092","50972119","chr12","8241499","8241528","11","42730593"
"chr19","50975947","50976119","chr10","29483643","29483823","30","21492304"
"chr19","50980104","50980308","chr20","14348844","14349042","39","36631260"
"chr19","50983257","50983435","chr1","46731994","46732169","34","4251263"
"chr19","51058196","51058308","chr5","5624013","5624130","34","45434183"
"chr19","51058860","51059122","chr1","28571886","28572148","29","22486974"
"chr19","51083110","51083285","chr4","84146256","84146422","34","33063146"
"chr19","51100589","51100884","chr18","73560469","73560760","39","22459880"
"chr19","51101814","51102016","chrUn_GL393518","506491","506690","39","50595323"
"chr19","51103730","51104032","chr10","95014950","95015252","40","43911220"
"chr19","51126170","51126447","chr3","199046821","199047100","35","147920651"
"chr19","51182610","51182908","chr2A","28990672","28990966","27","22191938"
"chr19","51195442","51195681","chrX","87624039","87624282","36","36428597"
"chr19","51205366","51205646","chr10","67476736","67477012","40","16271370"
"chr19","51218968","51219226","chr7","131158515","131158773","45","79939547"
"chr19","51233485","51233687","chr3","198771121","198771322","37","147537636"
"chr19","51237783","51238092","chr8","138709509","138709819","33","87471726"
"chr19","51239633","51239725","chr10","132095650","132095743","13","80856017"
"chr19","51243251","51243588","chr5","177311000","177311301","63","126067749"
"chr19","51250296","51250385","chr14","100673591","100673682","22","49423295"
"chr19","51250386","51250671","chr19","50649575","50649860","0","600811"
"chr19","51262452","51262637","chr3","37511028","37511205","37","13751424"
"chr19","51293680","51293989","chr19","50694231","50694541","3","599449"
"chr19","51297161","51297457","chr19","50697714","50698011","5","599447"
"chr19","51298335","51298444","chr19","57751584","57751683","24","6453249"
"chr19","51322375","51322490","chr2B","205936995","205937106","28","154614620"
"chr19","51390937","51391086","chr2A","71112783","71112932","32","19721846"
"chr19","51417130","51417423","chr19","50827076","50827381","14","590054"
"chr19","51441074","51441306","chr19","50852595","50852827","0","588479"
"chr19","51458062","51458105","chr19","50868393","50868436","0","589669"
"chr19","51458298","51458447","chr19","50868630","50868779","1","589668"
"chr19","51469094","51469396","chr19","50879869","50880171","1","589225"
"chr19","51483341","51483634","chr19","50893746","50894040","3","589595"
"chr19","51495964","51496058","chr3","181238196","181238292","21","129742232"
"chr19","51539194","51539544","chr4","187649590","187649924","63","136110396"
"chr19","51544501","51544794","chr3","33283512","33283805","32","18260989"
"chr19","51552340","51552635","chr19","50964013","50964309","4","588327"
"chr19","51731731","51731884","chr17","75589264","75589422","37","23857533"
"chr19","51756380","51756558","chr8","84018854","84019036","34","32262474"
"chr19","51799658","51799831","chr16","30770688","30770860","23","21028970"
"chr19","51802155","51802316","chr19","51196950","51197111","0","605205"
"chr19","51845807","51846024","chr19","51240989","51241209","9","604818"
"chr19","51867409","51867627","chr19","51263226","51263445","2","604183"
"chr19","51912968","51913281","chrX","15440922","15441237","29","36472046"
"chr19","51919325","51919589","chr19","51316867","51317151","21","602458"
"chr19","52016171","52016480","chr19","51421808","51422115","23","594363"
"chr19","52037644","52037950","chr19","51445874","51446180","1","591770"
"chr19","52076576","52076907","chr19","51489616","51489943","4","586960"
"chr19","52110434","52110589","chr14","31691652","31691807","30","20418782"
"chr19","52114018","52114184","chr19","51528150","51528316","0","585868"
"chr19","52196212","52196457","chr11","116000028","116000267","34","63803816"
"chr19","52196895","52197194","chr19","51612542","51612841","0","584353"
"chr19","52270185","52270493","chr19","51686429","51686737","1","583756"
"chr19","52274225","52274333","chr19","57751584","57751683","26","5477359"
"chr19","52289416","52289689","chr5","125265839","125266119","49","72976423"
"chr19","52291637","52291750","chr5","172392908","172393028","25","120101271"
"chr19","52323733","52323931","chr10","106131610","106131802","29","53807877"
"chr19","52330613","52330744","chr1","105086940","105087071","10","52756327"
"chr19","52339779","52339974","chr18","13215680","13215872","39","39124099"
"chr19","52341094","52341200","chr2B","205936995","205937106","23","153595901"
"chr19","52343073","52343188","chr2B","199271339","199271453","26","146928266"
"chr19","52348416","52348664","chr2B","240263975","240264225","30","187915559"
"chr19","52368764","52369055","chr19","51790859","51791154","6","577905"
"chr19","52422452","52422732","chr19","51845746","51846028","5","576706"
"chr19","52491481","52491771","chr19","51915139","51915429","1","576342"
"chr19","52540162","52540470","chr19","51965618","51965926","1","574544"
"chr19","52558999","52559301","chr19","51983993","51984298","4","575006"
"chr19","52571879","52571962","chr3","181238196","181238292","33","128666317"
"chr19","52572263","52572293","chr12","8241499","8241528","11","44330764"
"chr19","52577249","52577330","chr11","8774884","8774956","18","43802365"
"chr19","52578978","52579257","chr14","30103562","30103846","45","22475416"
"chr19","52594677","52594973","chr19","52020803","52021100","6","573874"
"chr19","52598097","52598241","chr4","124694263","124694406","23","72096166"
"chr19","52617146","52617363","chr20","5506734","5506952","39","47110412"
"chr19","52631360","52631624","chr19","52057450","52057715","5","573910"
"chr19","52632332","52632641","chr4","1005375","1005685","42","51626957"
"chr19","52645275","52645426","chr13","34950168","34950312","33","17695107"
"chr19","52654848","52654979","chr1","214242319","214242461","23","161587471"
"chr19","52671770","52671872","chr14","100673591","100673682","26","48001821"
"chr19","52711998","52712102","chr22","40419484","40419588","29","12292514"
"chr19","52738925","52739197","chr10","62346207","62346478","38","9607282"
"chr19","52907596","52907899","chr19","52205815","52206118","5","701781"
"chr19","52927188","52927291","chr3","181238196","181238292","22","128311008"
"chr19","52929375","52929584","chr19","52228913","52229122","1","700462"
"chr19","52982258","52982346","chr14","100673591","100673682","17","47691333"
"chr19","53064259","53064566","chr19","52346224","52346534","8","718035"
"chr19","53072661","53072811","chr18","71387731","71387881","22","18315070"
"chr19","53099537","53099710","chr20","33481759","33481933","35","19617778"
"chr19","53166934","53166989","chr1","78713287","78713337","25","25546353"
"chr19","53200301","53200381","chr3","46579108","46579189","10","6621193"
"chr19","53217947","53218240","chr19","52507373","52507670","8","710574"
"chr19","53248627","53248814","chrX","47979227","47979406","29","5269400"
"chr19","53300038","53300328","chr19","52587937","52588234","7","712101"
"chr19","53346041","53346138","chr14","100673591","100673682","27","47327550"
"chr19","53382130","53382202","chr8","46091691","46091777","23","7290439"
"chr19","53383634","53383807","chr19","59940840","59941010","30","6557206"
"chr19","53384118","53384128","chr5","71437633","71437644","9","18053515"
"chr19","53401477","53401760","chr9","33729184","33729467","51","19672293"
"chr19","53406157","53406321","chr16","29960836","29961001","37","23445321"
"chr19","53422359","53422507","chr16","52369926","52370074","26","1052433"
"chr19","53431239","53431540","chr19","52722974","52723283","9","708265"
"chr19","53436791","53437090","chr1","47684700","47684995","59","5752091"
"chr19","53439868","53439982","chr20","16652596","16652702","27","36787272"
"chr19","53466640","53466784","chr12","6546624","6546764","24","46920016"
"chr19","53474199","53474294","chr3","181238196","181238292","24","127763997"
"chr19","53477108","53477344","chr9","126318266","126318504","41","72841158"
"chr19","53498356","53498482","chr7","149081479","149081605","14","95583123"
"chr19","53526900","53527154","chr19","49038780","49039040","45","4488120"
"chr19","53538589","53538880","chr19","52835212","52835503","0","703377"
"chr19","53560249","53560417","chr10","20168873","20169049","35","33391376"
"chr19","53697298","53697410","chr3","198268184","198268291","28","144570886"
"chr19","53715043","53715264","chr19","53022762","53022983","0","692281"
"chr19","53753133","53753241","chr2B","205936995","205937106","26","152183862"
"chr19","53758054","53758354","chr19","53067047","53067351","7","691007"
"chr19","53813988","53814300","chr19","53181430","53181744","3","632558"
"chr19","53848887","53849086","chr19","53216344","53216543","1","632543"
"chr19","53860750","53860925","chr15","87173355","87173524","40","33312605"
"chr19","53876953","53877180","chr4","67805793","67806021","27","13928840"
"chr19","53878041","53878222","chr11","71677728","71677921","36","17799687"
"chr19","53886849","53886924","chr3","122317918","122317994","10","68431069"
"chr19","53912259","53912368","chr2B","205936995","205937106","25","152024736"
"chr19","53922772","53923037","chr19","53294577","53294848","8","628195"
"chr19","53925577","53925708","chr14","26439576","26439696","27","27486001"
"chr19","53931598","53931895","chr19","53303945","53304245","3","627653"
"chr19","53941557","53941863","chr19","53313250","53313555","1","628307"
"chr19","53944000","53944310","chr17","46707839","46708141","40","7236161"
"chr19","53996489","53996627","chr16","73743066","73743197","34","19746577"
"chr19","54017211","54017455","chr10","120005497","120005737","52","65988286"
"chr19","54040825","54040994","chr6","55699024","55699181","42","1658199"
"chr19","54041263","54041402","chr14","62610265","62610395","24","8569002"
"chr19","54055459","54055642","chr1","29277911","29278085","33","24777548"
"chr19","54087861","54088038","chr19","53465820","53465997","0","622041"
"chr19","54133311","54133524","chr4","130340717","130340916","40","76207406"
"chr19","54152413","54152698","chr9","33729184","33729467","34","20423229"
"chr19","54160663","54160967","chr19","53541267","53541571","1","619396"
"chr19","54250441","54250529","chr13","24059413","24059502","20","30191028"
"chr19","54269444","54269627","chr6","37299122","37299292","30","16970322"
"chr19","54284258","54284436","chr9","124855084","124855264","36","70570826"
"chr19","54289453","54289544","chr17","13332748","13332838","14","40956705"
"chr19","54312590","54312886","chr19","53705085","53705381","0","607505"
"chr19","54319494","54319800","chr19","53712471","53712786","11","607023"
"chr19","54758843","54759154","chr19","53977558","53977871","4","781285"
"chr19","54765359","54765652","chr5","135031025","135031320","31","80265666"
"chr19","54788212","54788293","chr11","8774884","8774956","22","46013328"
"chr19","54810654","54810732","chr18","13216633","13216692","23","41594021"
"chr19","54816448","54816765","chr19","53918003","53918320","4","898445"
"chr19","54834321","54834496","chr12","40741439","40741620","31","14092882"
"chr19","54863040","54863353","chr19","53873015","53873328","3","990025"
"chr19","54876091","54876310","chr5","166474460","166474685","43","111598369"
"chr19","54905652","54905762","chr1","206916908","206917020","16","152011256"
"chr19","54924394","54924490","chr14","100673591","100673682","28","45749197"
"chr19","54924822","54925048","chr17","76242413","76242633","33","21317591"
"chr19","54926553","54926810","chr3","164728655","164728916","28","109802102"
"chr19","54943594","54943636","chr18","17282170","17282223","16","37661424"
"chr19","54969050","54969235","chr9","124855084","124855264","23","69886034"
"chr19","54970715","54970840","chr12","12586014","12586108","44","42384701"
"chr19","54973465","54973797","chr7","91539964","91540267","97","36566499"
"chr19","54987711","54988017","chr19","53757291","53757598","6","1230420"
"chr19","55036287","55036579","chr19","54082167","54082472","14","954120"
"chr19","55048238","55048524","chr19","54095285","54095572","3","952953"
"chr19","55069286","55069600","chr1","163782041","163782337","64","108712755"
"chr19","55070054","55070159","chr4","47116983","47117084","32","7953071"
"chr19","55070467","55070552","chr9","88937119","88937221","34","33866652"
"chr19","55070855","55070876","chr20","46189948","46189970","9","8880907"
"chr19","55129340","55129509","chr4","40599988","40600158","39","14529352"
"chr19","55183267","55183446","chr19","14763482","14763662","24","40419785"
"chr19","55193371","55193465","chr2B","142240066","142240170","32","87046695"
"chr19","55204480","55204764","chr19","54257029","54257295","24","947451"
"chr19","55212267","55212546","chr19","54265431","54265710","1","946836"
"chr19","55224631","55224700","chr18","47204102","47204181","17","8020529"
"chr19","55256167","55256304","chr8","119345289","119345437","34","64089122"
"chr19","55262941","55263245","chr19","54315730","54316034","0","947211"
"chr19","55264776","55265088","chr19","54317565","54317881","5","947211"
"chr19","55297216","55297528","chr19","54353002","54353314","0","944214"
"chr19","55305737","55305856","chr2B","207026815","207026935","24","151721078"
"chr19","55320890","55320996","chr3","181238196","181238292","37","125917306"
"chr19","55361072","55361213","chr4","28030717","28030863","23","27330355"
"chr19","55386199","55386372","chr1","12099448","12099619","30","43286751"
"chr19","55402822","55403114","chr19","54461254","54461548","3","941568"
"chr19","55417171","55417462","chr19","54479380","54479677","14","937791"
"chr19","55502146","55502228","chr8","46091691","46091777","16","9410455"
"chr19","55595609","55595907","chr19","54663105","54663405","7","932504"
"chr19","55603877","55604061","chr18","26743626","26743823","37","28860251"
"chr19","55641274","55641574","chr19","54710765","54711065","1","930509"
"chr19","55643775","55644021","chr7","109907962","109908212","31","54264187"
"chr19","55652946","55653056","chr2B","205936995","205937106","30","150284049"
"chr19","55654171","55654445","chr19","54723215","54723490","4","930956"
"chr19","55656103","55656260","chr6","55699024","55699181","23","42921"
"chr19","55702110","55702271","chr7","15507240","15507400","33","40194870"
"chr19","55715432","55715611","chr3","200840337","200840509","28","145124905"
"chr19","55753360","55753550","chr19","54828058","54828241","9","925302"
"chr19","55775886","55776195","chr19","54851425","54851734","2","924461"
"chr19","55830350","55830636","chr19","54906786","54907103","33","923564"
"chr19","55876467","55876769","chr3","5045433","5045734","36","50831034"
"chr19","55885430","55885728","chr19","54965030","54965327","4","920400"
"chr19","55891811","55891967","chr8","116993056","116993215","21","61101245"
"chr19","55947619","55947795","chr19","55030198","55030361","15","917421"
"chr19","55988257","55988553","chr19","55071160","55071453","5","917097"
"chr19","55992515","55992806","chr5","60225819","60226111","35","4233304"
"chr19","56034412","56034699","chr19","55109645","55109933","3","924767"
"chr19","56069623","56069886","chr2B","240263975","240264225","42","184194352"
"chr19","56088090","56088394","chr19","55166048","55166356","6","922042"
"chr19","56154753","56155089","chr19","55233692","55234027","6","921061"
"chr19","56187035","56187137","chr2A","62538961","62539069","25","6351926"
"chr19","56220324","56220605","chr2B","155005104","155005385","32","98784780"
"chr19","56230991","56231226","chr6","130939150","130939390","36","74708159"
"chr19","56316367","56316654","chr4","188864051","188864338","54","132547684"
"chr19","56427260","56427365","chr20","16652596","16652702","24","39774664"
"chr19","56455806","56456101","chr19","55079523","55079819","8","1376283"
"chr19","56517791","56518034","chr12","62516811","62517050","37","5999020"
"chr19","56539907","56540201","chr7","25866404","25866702","47","30673503"
"chr19","56714264","56714564","chr4","167882463","167882760","29","111168199"
"chr19","56849099","56849201","chr6","159074849","159074952","19","102225750"
"chr19","56861274","56861559","chr10","14133361","14133638","47","42727913"
"chr19","56862623","56862758","chr7","63668252","63668381","17","6805629"
"chr19","56862789","56862968","chr6","21953816","21953987","42","34908973"
"chr19","56864858","56865169","chr1","33666239","33666552","35","23198619"
"chr19","56877251","56877550","chr19","55936565","55936865","1","940686"
"chr19","56892278","56892371","chr14","100673591","100673682","17","43781313"
"chr19","56972452","56972759","chr19","56032769","56033077","1","939683"
"chr19","57244297","57244412","chr7","112797358","112797487","32","55553061"
"chr19","57245036","57245347","chr19","56311289","56311605","6","933747"
"chr19","57314636","57314933","chr19","56383406","56383706","24","931230"
"chr19","57486630","57486719","chr3","181238196","181238292","22","123751566"
"chr19","57491046","57491195","chr19","56555507","56555657","4","935539"
"chr19","57589224","57589524","chr19","56656310","56656608","4","932914"
"chr19","57619050","57619346","chr19","56686513","56686816","10","932537"
"chr19","57622369","57622601","chr19","56689839","56690073","4","932530"
"chr19","57687574","57687673","chr12","12586014","12586108","15","45101560"
"chr19","57732226","57732387","chrX","155632548","155632709","19","97900322"
"chr19","57784955","57785241","chr19","56856000","56856286","0","928955"
"chr19","57817732","57818039","chrX","118432363","118432671","56","60614631"
"chr19","57891376","57891673","chr6","145365716","145366017","49","87474340"
"chr19","57924322","57924455","chr8","112933585","112933727","27","55009263"
"chr19","57940306","57940601","chrX","91040435","91040723","64","33100129"
"chr19","57982786","57983083","chr19","57056149","57056449","6","926637"
"chr19","58051490","58051621","chr4","84675478","84675615","20","26623988"
"chr19","58054777","58055082","chr10","76938167","76938478","44","18883390"
"chr19","58074860","58075147","chr19","57155845","57156132","1","919015"
"chr19","58089310","58089603","chr19","57170146","57170446","8","919164"
"chr19","58153853","58154165","chr19","57243918","57244228","11","909935"
"chr19","58154880","58155168","chr2B","195481175","195481468","34","137326295"
"chr19","58175185","58175474","chr19","57266614","57266900","9","908571"
"chr19","58177026","58177145","chr2B","199271339","199271453","27","141094313"
"chr19","58195650","58195771","chrX","104316738","104316858","11","46121088"
"chr19","58213766","58214058","chr19","57307951","57308249","7","905815"
"chr19","58260097","58260405","chr19","57356740","57357044","9","903357"
"chr19","58261903","58262182","chr17","14607304","14607584","38","43654599"
"chr19","58266997","58267280","chr1","153275358","153275649","43","95008361"
"chr19","58304570","58304883","chr1","21949805","21950110","30","36354765"
"chr19","58317838","58317978","chr5","138985288","138985428","41","80667450"
"chr19","58334512","58334769","chr11","63453226","63453470","53","5118714"
"chr19","58336112","58336443","chr1","8356413","8356733","55","49979699"
"chr19","58337250","58337528","chr19","57438963","57439267","28","898287"
"chr19","58358744","58358897","chr11","130714025","130714175","47","72355281"
"chr19","58361303","58361591","chr19","57464105","57464381","13","897198"
"chr19","58383545","58383866","chr6","152865140","152865435","84","94481595"
"chr19","58396941","58397238","chr5","147541294","147541591","65","89144353"
"chr19","58412492","58412616","chr2B","216519456","216519594","25","158106964"
"chr19","58433018","58433311","chr19","57494046","57494339","1","938972"
"chr19","58449513","58449810","chr19","57515623","57515920","2","933890"
"chr19","58460730","58460874","chr17","81772114","81772255","31","23311384"
"chr19","58523788","58524069","chr1","22489390","22489669","48","36034398"
"chr19","58527819","58528017","chr19","57584956","57585154","0","942863"
"chr19","58559888","58560107","chr19","57617550","57617769","1","942338"
"chr19","58575576","58575882","chr9","39448596","39448907","45","19126980"
"chr19","58579291","58579608","chr19","57636749","57637069","6","942542"
"chr19","58628412","58628707","chr9","127889240","127889533","43","69260828"
"chr19","58631904","58632200","chr5","127104831","127105133","45","68472927"
"chr19","58635357","58635638","chr19","57697011","57697294","3","938346"
"chr19","58639729","58640020","chr19","57701388","57701677","5","938341"
"chr19","58650082","58650269","chr19","57756397","57756584","4","893685"
"chr19","58657608","58657908","chr11","109891460","109891759","49","51233852"
"chr19","58665330","58665493","chr13","26988435","26988596","35","31676895"
"chr19","58676593","58676717","chr19","57784094","57784218","0","892499"
"chr19","58679978","58680086","chr6","3875758","3875866","12","54804220"
"chr19","58683451","58683751","chr19","57791856","57792156","0","891595"
"chr19","58683913","58684114","chr19","57792318","57792522","4","891595"
"chr19","58688199","58688396","chr19","57796607","57796807","3","891592"
"chr19","58723638","58723932","chr19","57515623","57515920","44","1208015"
"chr19","58745485","58745634","chr19","57851861","57852010","0","893624"
"chr19","58763957","58764256","chr1","129934008","129934308","55","71170051"
"chr19","58783487","58783759","chr19","57890462","57890734","2","893025"
"chr19","58788759","58789078","chr19","57895746","57896070","10","893013"
"chr19","58811299","58811577","chr19","57922329","57922607","4","888970"
"chr19","58823806","58824094","chr19","57934667","57934962","9","889139"
"chr19","58824822","58824958","chr6","36107768","36107898","21","22717054"
"chr19","58825259","58825439","chr16","55493699","55493878","30","3331560"
"chr19","58891175","58891493","chr19","58003246","58003541","25","887929"
"chr19","58931852","58931948","chr14","100673591","100673682","19","41741739"
"chr19","58991948","58992249","chr19","58104959","58105253","11","886989"
"chr19","59021911","59022209","chr19","58126610","58126909","3","895301"
"chr19","59108180","59108311","chr15","62181783","62181913","13","3073603"
"chr19","59108618","59108808","chr1","103184114","103184301","34","44075496"
"chr19","59122042","59122344","chr19","58227077","58227381","12","894965"
"chr19","59126675","59126873","chr15","62534488","62534690","42","3407813"
"chr19","59129144","59129449","chr19","58235112","58235429","20","894032"
"chr19","59139717","59140020","chr14","70200728","70201026","39","11061011"
"chr19","59155228","59155357","chr5","172392908","172393028","29","113237680"
"chr19","59169297","59169595","chr14","68036405","68036701","44","8867108"
"chr19","59194942","59195088","chr12","15331163","15331311","27","43863779"
"chr19","59196676","59196971","chr12","7881794","7882089","40","51314882"
"chr19","59219414","59219723","chr5","129193892","129194203","39","69974478"
"chr19","59228959","59229252","chr6","87135631","87135929","43","27906672"
"chr19","59245639","59245930","chr6","44353954","44354252","50","14891685"
"chr19","59275312","59275489","chr20","47440272","47440448","34","11835040"
"chr19","59275793","59275844","chr3","12945284","12945334","9","46330509"
"chr19","59282466","59282766","chr19","58392514","58392825","12","889952"
"chr19","59293884","59294029","chr17","82138916","82139067","26","22845032"
"chr19","59299981","59300099","chr20","16652596","16652702","32","42647385"
"chr19","59338999","59339298","chr19","58448822","58449120","5","890177"
"chr19","59410152","59410282","chr4","183166417","183166547","16","123756265"
"chr19","59417163","59417455","chr19","58531001","58531293","1","886162"
"chr19","59423654","59423971","chr20","60916816","60917138","41","1493162"
"chr19","59451821","59452092","chr19","58568287","58568601","51","883534"
"chr19","59474289","59474300","chr1","28547144","28547162","10","30927145"
"chr19","59474345","59474415","chr17","4261422","4261478","27","55212923"
"chr19","59495852","59495962","chr2A","62538961","62539069","24","3043109"
"chr19","59545246","59545453","chr20","13796120","13796327","28","45749126"
"chr19","59574225","59574330","chr3","181238196","181238292","19","121663971"
"chr19","59581547","59581840","chr14","49076165","49076462","32","10505382"
"chr19","59582573","59582744","chr2A","45135601","45135769","26","14446972"
"chr19","59588777","59589070","chr7","4288012","4288305","47","55300765"
"chr19","59599038","59599179","chr10","106630574","106630719","22","47031536"
"chr19","59603797","59604069","chr19","58722790","58723087","25","881007"
"chr19","59662294","59662410","chr5","172392908","172393028","24","112730614"
"chr19","59674843","59675149","chr19","58802188","58802493","3","872655"
"chr19","59680039","59680171","chr16","73743066","73743197","30","14063027"
"chr19","59691273","59691307","chr17","57882378","57882408","9","1808895"
"chr19","59732976","59733279","chr9","120252388","120252691","34","60519412"
"chr19","59756611","59756730","chr5","172392908","172393028","25","112636297"
"chr19","59782978","59783076","chr14","100673591","100673682","19","40890613"
"chr19","59790484","59790544","chr1","130379185","130379250","18","70588701"
"chr19","59797930","59798125","chr9","97028914","97029116","34","37230984"
"chr19","59946266","59946388","chr5","172392908","172393028","25","112446642"
"chr19","59952542","59952818","chr19","59085932","59086238","31","866610"
"chr19","59969028","59969328","chr20","54184177","54184476","44","5784851"
"chr19","59984103","59984409","chr19","59118014","59118321","5","866089"
"chr19","60086853","60087096","chr7","88703251","88703490","37","28616398"
"chr19","60095819","60096113","chr15","47780648","47780942","29","12315171"
"chr19","60114528","60114676","chr19","59252894","59253042","0","861634"
"chr19","60189778","60189943","chr15","87173355","87173524","20","26983577"
"chr19","60257054","60257173","chr5","172392908","172393028","30","112135854"
"chr19","60325716","60325850","chr2A","32693701","32693835","23","27632015"
"chr19","60346773","60346909","chr2A","107195506","107195649","20","46848733"
"chr19","60428063","60428351","chr7","23770296","23770581","43","36657767"
"chr19","60434677","60434947","chr19","59569540","59569810","2","865137"
"chr19","60499831","60499922","chr12","12586014","12586108","17","47913817"
"chr19","60520831","60521132","chr19","59655660","59655966","14","865171"
"chr19","60589722","60590026","chr19","59655660","59655966","7","934062"
"chr19","60596369","60596607","chr1","129385965","129386195","51","68789596"
"chr19","60628713","60628875","chr19","59810499","59810662","1","818214"
"chr19","60634663","60634872","chr19","59815627","59815837","2","819036"
"chr19","60646982","60647020","chr10","109823026","109823061","19","49176044"
"chr19","60651548","60651846","chr7","31824718","31825015","35","28826830"
"chr19","60654687","60654896","chr19","59835717","59835926","0","818970"
"chr19","60668025","60668196","chr19","59850942","59851114","3","817083"
"chr19","60677454","60677771","chr19","59861197","59861513","7","816257"
"chr19","60685013","60685246","chr19","59865718","59865951","1","819295"
"chr19","60721303","60721601","chr19","59901624","59901922","3","819679"
"chr19","60734886","60735184","chr19","59915954","59916253","4","818932"
"chr19","60766279","60766573","chr19","59945949","59946242","2","820330"
"chr19","60774406","60774500","chr19","59954483","59954577","1","819923"
"chr19","60778198","60778286","chr14","100673591","100673682","20","39895393"
"chr19","60782655","60782795","chr14","68364211","68364351","13","7581556"
"chr19","60792410","60792698","chr19","59973913","59974220","37","818497"
"chr19","60834286","60834592","chr19","60015492","60015798","4","818794"
"chr19","60837511","60837845","chr19","60018717","60019023","40","818794"
"chr19","60889434","60889626","chr19","60077206","60077401","4","812228"
"chr19","60929332","60929608","chr22","43143911","43144188","26","17785421"
"chr19","60996562","60996858","chr19","60187163","60187454","6","809399"
"chr19","61016217","61016357","chr17","75361555","75361699","18","14345338"
"chr19","61032646","61032729","chr15","68008805","68008888","8","6976159"
"chr19","61032731","61032858","chrUn_GL394737","20401","20541","25","61012330"
"chr19","61048636","61048884","chrX","37932921","37933170","31","23115715"
"chr19","61048905","61049228","chr17","38726651","38726983","70","22322254"
"chr19","61052347","61052478","chr5","139945451","139945585","22","78893104"
"chr19","61097246","61097548","chr1","133159282","133159584","40","72062036"
"chr19","61137872","61138175","chr19","60324501","60324806","5","813371"
"chr19","61145288","61145589","chr3","141565075","141565372","28","80419787"
"chr19","61149793","61150085","chr1","78316338","78316631","30","17166545"
"chr19","61156509","61156636","chr19","20014001","20014129","43","41142508"
"chr19","61158492","61158657","chr9","4701375","4701540","22","56457117"
"chr19","61244405","61244576","chr1","122879936","122880110","29","61635531"
"chr19","61256004","61256176","chr20","45549956","45550123","29","15706048"
"chr19","61268663","61268991","chr12","80434128","80434438","67","19165465"
"chr19","61279342","61279500","chr4","113902899","113903048","22","52623557"
"chr19","61287555","61287858","chr19","60479069","60479379","10","808486"
"chr19","61297254","61297347","chr2A","62538961","62539069","29","1241707"
"chr19","61298513","61298646","chr2B","139795701","139795833","21","78497188"
"chr19","61397432","61397732","chr19","60596899","60597200","2","800533"
"chr19","61414925","61415065","chr22","35041748","35041876","31","26373177"
"chr19","61415425","61415684","chrX","1534216","1534474","38","59881209"
"chr19","61609069","61609163","chr14","100673591","100673682","17","39064522"
"chr19","61615692","61615992","chrX","9943873","9944173","33","51671819"
"chr19","61689704","61689924","chr19","60890246","60890469","4","799458"
"chr19","61716889","61716986","chr1","160944586","160944680","16","99227697"
"chr19","61724297","61724577","chr19","60925294","60925574","8","799003"
"chr19","61731309","61731479","chr15","72271407","72271574","29","10540098"
"chr19","61747145","61747435","chr19","49510302","49510593","42","12236843"
"chr19","61780198","61780494","chr16","68313048","68313342","33","6532850"
"chr19","61785807","61786121","chr19","60989258","60989572","2","796549"
"chr19","61817052","61817336","chr19","61023504","61023787","2","793548"
"chr19","61836372","61836511","chr1","6844228","6844361","28","54992144"
"chr19","61867149","61867325","chr4","26666455","26666626","21","35200694"
"chr19","61867668","61867797","chr9","133487630","133487756","16","71619962"
"chr19","61930391","61930525","chr7","156274717","156274856","24","94344326"
"chr19","61971245","61971459","chr19","61181372","61181586","0","789873"
"chr19","62021640","62021727","chr8","46091691","46091777","21","15929949"
"chr19","62170331","62170635","chr19","61392652","61392970","15","777679"
"chr19","62221722","62222024","chr19","61444105","61444416","12","777617"
"chr19","62375611","62375689","chr11","8774884","8774956","28","53600727"
"chr19","62511466","62511568","chr10","73023086","73023189","13","10511620"
"chr19","62526307","62526600","chr19","61756823","61757094","33","769484"
"chr19","62568261","62568537","chr19","61802322","61802598","2","765939"
"chr19","62569014","62569307","chr19","61803076","61803375","8","765938"
"chr19","62614973","62615275","chr5","33131930","33132231","31","29483043"
"chr19","62668953","62669064","chr2B","207011645","207011758","15","144342692"
"chr19","62683984","62684205","chr19","61921495","61921718","6","762489"
"chr19","62700052","62700361","chr10","109621852","109622160","39","46921800"
"chr19","62713211","62713462","chr19","61950535","61950789","5","762676"
"chr19","62757067","62757359","chr19","61995053","61995352","10","762014"
"chr19","62901820","62901992","chr13","26988435","26988596","35","35913385"
"chr19","62919347","62919431","chr4","153183031","153183115","7","90263684"
"chr19","62931987","62932114","chr5","172392908","172393028","20","109460921"
"chr19","62932115","62932384","chr19","62162718","62162987","4","769397"
"chr19","62971311","62971598","chr19","62202382","62202678","10","768929"
"chr19","62972525","62972816","chr19","62203605","62203906","11","768920"
"chr19","63014768","63015075","chr19","62205126","62205436","4","809642"
"chr19","63032510","63032820","chr19","62223617","62223928","2","808893"
"chr19","63033345","63033643","chr5","172957592","172957891","33","109924247"
"chr19","63035906","63036012","chr11","6110379","6110485","14","56925527"
"chr19","63037116","63037238","chr2A","32693701","32693835","26","30343415"
"chr19","63099340","63099569","chr7","65427311","65427527","51","2327971"
"chr19","63147538","63147838","chr19","62341988","62342294","7","805550"
"chr19","63171057","63171354","chr19","62365703","62366001","3","805354"
"chr19","63174316","63174427","chr2B","205936995","205937106","31","142762679"
"chr19","63301398","63301695","chr19","62503553","62503850","2","797845"
"chr19","63465859","63466021","chr19","62674425","62674587","2","791434"
"chr19","63490427","63490594","chr5","109791696","109791859","24","46301269"
"chr19","63520552","63520637","chr14","100673591","100673682","18","37153039"
"chr19","63530673","63530956","chr19","62738896","62739167","14","791777"
"chr19","63589580","63589882","chr19","62799512","62799815","2","790068"
"chr19","63607135","63607280","chr10","67678459","67678596","23","4071324"
"chr19","63634217","63634519","chr19","62845360","62845662","0","788857"
"chr19","63647656","63647758","chr3","181238196","181238292","28","117590540"
"chr19","63703528","63703846","chr19","62914999","62915316","5","788529"
"chr19","63726098","63726189","chr13","24059413","24059502","16","39666685"
"chr19","63806440","63806660","chr19","63022017","63022242","6","784423"
"chr19","63807504","63807746","chr11","116000028","116000267","31","52192524"
"chr19","63814816","63814933","chr14","26439576","26439696","27","37375240"
"chr19","63829421","63829509","chr3","48563919","48564001","27","15265502"
"chr19","63829808","63829978","chr12","34531254","34531417","38","29298554"
"chr19","63881084","63881163","chr19","63098811","63098890","0","782273"
"chr19","63903623","63903919","chr7","150409458","150409752","50","86505835"
"chr19","63943041","63943342","chr19","63160418","63160727","13","782623"
"chr19","63949565","63949687","chr8","26723415","26723536","29","37226150"
"chr19","63963373","63963667","chr19","63180722","63181031","19","782651"
"chr19","63963937","63964211","chr19","63181302","63181577","3","782635"
"chr19","63977964","63978093","chr8","26723415","26723536","32","37254549"
"chr19","64008665","64008960","chr19","63227598","63227897","7","781067"
"chr19","64024009","64024182","chr19","58236195","58236365","29","5787814"
"chr19","64027252","64027388","chr19","63248217","63248353","0","779035"
"chr19","64088389","64088689","chr19","63307075","63307375","0","781314"
"chr19","64102415","64102684","chr8","27782730","27783000","43","36319685"
"chr19","64120406","64120573","chr16","23468518","23468684","30","40651888"
"chr19","64205976","64206284","chr19","63429156","63429461","13","776820"
"chr19","64225698","64225989","chr3","15176094","15176391","40","49049604"
"chr19","64255598","64255869","chr12","109117092","109117364","38","44861494"
"chr19","64257378","64257673","chr19","63479379","63479679","6","777999"
"chr19","64282152","64282328","chrX","136843240","136843410","35","72561088"
"chr19","64324819","64324938","chr2B","129230611","129230732","14","64905792"
"chr20","79655","79947","chrUn_GL394509","14362","14654","2","65293"
"chr20","132775","133078","chr20","110611","110916","6","22164"
"chr20","212373","212540","chr6","42414698","42414867","31","42202325"
"chr20","376182","376491","chr20","358375","358680","6","17807"
"chr20","406830","406888","chr4","51756017","51756071","14","51349187"
"chr20","427808","427885","chr17","2787814","2787901","23","2360006"
"chr20","503970","504268","chr20","488199","488497","1","15771"
"chr20","509407","509708","chr20","493647","493951","9","15760"
"chr20","617534","617833","chr20","604246","604548","5","13288"
"chr20","656702","656906","chr3","198771121","198771322","36","198114419"
"chr20","715249","715426","chr6","42414698","42414867","24","41699449"
"chr20","991335","991621","chr20","977212","977498","10","14123"
"chr20","1025215","1025523","chr20","1011158","1011468","7","14057"
"chr20","1154367","1154498","chr2A","32693701","32693835","22","31539334"
"chr20","1201744","1201977","chr20","1189931","1190165","2","11813"
"chr20","1281663","1281754","chr17","13332748","13332838","14","12051085"
"chr20","1307830","1308129","chr20","1297330","1297629","0","10500"
"chr20","1551067","1551385","chr20","1540291","1540606","3","10776"
"chr20","1795539","1795664","chr5","172392908","172393028","29","170597369"
"chr20","1935591","1935914","chr4","88100398","88100722","66","86164807"
"chr20","1951585","1951860","chr8","78794392","78794665","41","76842807"
"chr20","2089497","2089807","chr6","107492583","107492890","60","105403086"
"chr20","2119786","2119894","chr20","16652596","16652702","17","14532810"
"chr20","2132677","2132976","chr20","2130515","2130814","2","2162"
"chr20","2163240","2163414","chr1","82340074","82340246","38","80176834"
"chr20","2285087","2285299","chr14","19786423","19786634","37","17501336"
"chr20","2492086","2492262","chr13","48012989","48013157","32","45520903"
"chr20","2504152","2504450","chr20","2508776","2509072","12","4624"
"chr20","2510445","2510734","chr20","2515068","2515358","6","4623"
"chr20","2533838","2534125","chr4","44804548","44804830","80","42270710"
"chr20","2556652","2556937","chr20","2562020","2562305","1","5368"
"chr20","2637488","2637738","chr20","2640212","2640465","3","2724"
"chr20","2768952","2769090","chr4","89635842","89635967","36","86866890"
"chr20","2824845","2825138","chr20","2838216","2838510","7","13371"
"chr20","2833186","2833455","chr20","2846688","2846957","1","13502"
"chr20","2833796","2834094","chr20","2847299","2847598","3","13503"
"chr20","2851079","2851366","chr20","2864587","2864875","3","13508"
"chr20","2910392","2910685","chr20","2927128","2927436","33","16736"
"chr20","2914521","2914679","chr15","63981158","63981317","28","61066637"
"chr20","2938050","2938191","chr12","6546624","6546764","22","3608574"
"chr20","2942421","2942716","chr20","2957416","2957711","0","14995"
"chr20","2965048","2965373","chr20","2980208","2980518","17","15160"
"chr20","2984704","2984783","chr3","181238196","181238292","33","178253492"
"chr20","3001203","3001515","chr20","3018612","3018923","7","17409"
"chr20","3004448","3004570","chr7","112797358","112797487","26","109792910"
"chr20","3009875","3010080","chr20","3027576","3027785","8","17701"
"chr20","3035218","3035521","chr20","3054436","3054740","4","19218"
"chr20","3055558","3055626","chrUn_GL394969","1","77","16","3055557"
"chr20","3065802","3065895","chr22","33938435","33938535","17","30872633"
"chr20","3088749","3088875","chr4","51557575","51557711","23","48468826"
"chr20","3093807","3093907","chr3","181238196","181238292","25","178144389"
"chr20","3179921","3180156","chr6","148597496","148597729","49","145417575"
"chr20","3240299","3240422","chr2B","199271339","199271453","26","196031040"
"chr20","3370532","3370849","chr20","3398033","3398355","10","27501"
"chr20","3386295","3386590","chr20","3415123","3415418","3","28828"
"chr20","3558437","3558524","chr3","181238196","181238292","22","177679759"
"chr20","3558559","3558580","chr1","28547144","28547162","11","24988585"
"chr20","3611225","3611436","chr20","3643134","3643345","0","31909"
"chr20","3675790","3675968","chr13","26988435","26988596","36","23312645"
"chr20","3694155","3694446","chr20","3724235","3724523","5","30080"
"chr20","3712582","3712869","chr20","3743606","3743893","1","31024"
"chr20","3715542","3715625","chr14","100673591","100673682","23","96958049"
"chr20","3726669","3726864","chr20","3760605","3760811","11","33936"
"chr20","3728725","3728900","chr13","100421070","100421251","24","96692345"
"chr20","3737451","3737607","chr1","17333377","17333534","23","13595926"
"chr20","3743622","3743830","chr20","17234487","17234691","34","13490865"
"chr20","3787829","3788119","chr20","3824380","3824672","2","36551"
"chr20","3815604","3815921","chr20","3852644","3852953","14","37040"
"chr20","3832039","3832272","chr1","28672730","28672960","43","24840691"
"chr20","3834472","3834777","chr20","3870160","3870465","1","35688"
"chr20","3866751","3867035","chr6","43685614","43685897","35","39818863"
"chr20","3897445","3897722","chr20","3934466","3934783","40","37021"
"chr20","3949794","3950083","chr20","3986897","3987190","4","37103"
"chr20","3957549","3957779","chr20","3995179","3995412","5","37630"
"chr20","4084522","4084654","chr2A","32693701","32693835","23","28609179"
"chr20","4365500","4365604","chr6","159074849","159074952","20","154709349"
"chr20","4643670","4643966","chr20","4693965","4694263","5","50295"
"chr20","4758590","4758872","chr15","78614124","78614411","50","73855534"
"chr20","4784597","4784775","chr4","84946316","84946498","35","80161719"
"chr20","4841060","4841351","chr2A","63086723","63087016","35","58245663"
"chr20","4845927","4846127","chr3","48538439","48538637","35","43692512"
"chr20","4860598","4860768","chr15","63981158","63981317","31","59120560"
"chr20","4926870","4927154","chr1","129337688","129337979","35","124410818"
"chr20","4942111","4942293","chr8","6317221","6317400","28","1375110"
"chr20","4951427","4951511","chr7","112797537","112797633","24","107846110"
"chr20","4960442","4960545","chr9","80389825","80389922","18","75429383"
"chr20","4996321","4996629","chr20","5055492","5055804","5","59171"
"chr20","5072871","5073169","chr4","141955385","141955680","38","136882514"
"chr20","5158926","5159159","chr3","189561906","189562139","29","184402980"
"chr20","5229748","5230053","chr20","5295475","5295783","4","65727"
"chr20","5343222","5343330","chr5","172392908","172393028","29","167049686"
"chr20","5368089","5368383","chr20","5435647","5435957","17","67558"
"chr20","5411510","5411595","chr3","174865578","174865659","11","169454068"
"chr20","5421809","5421885","chr20","5493103","5493179","0","71294"
"chr20","5423637","5423930","chr7","25866404","25866702","33","20442767"
"chr20","5458475","5458572","chr12","12586014","12586108","19","7127539"
"chr20","5503501","5503803","chr3","173207978","173208283","58","167704477"
"chr20","5703259","5703622","chr19","44086844","44087199","98","38383585"
"chr20","5752988","5753165","chr20","5833967","5834144","0","80979"
"chr20","5776748","5776903","chr20","5858157","5858312","1","81409"
"chr20","5845530","5845831","chr20","5933241","5933542","1","87711"
"chr20","5848891","5849190","chr20","5936563","5936828","42","87672"
"chr20","5891308","5891624","chr6","158589261","158589572","57","152697953"
"chr20","5966985","5967101","chr2B","199271339","199271453","30","193304354"
"chr20","6232167","6232339","chr5","438717","438887","29","5793450"
"chr20","6530679","6530977","chr20","6634695","6634989","7","104016"
"chr20","6822736","6823028","chr20","6931116","6931410","4","108380"
"chr20","6974095","6974242","chr20","7083669","7083821","6","109574"
"chr20","7001520","7001829","chr6","138446760","138447068","53","131445240"
"chr20","7007937","7008227","chr20","7118265","7118555","1","110328"
"chr20","7032561","7032875","chr20","7142808","7143123","2","110247"
"chr20","7201311","7201597","chr20","7314151","7314445","13","112840"
"chr20","7223414","7223718","chr20","7336424","7336734","11","113010"
"chr20","7266656","7266931","chr13","49165668","49165945","52","41899012"
"chr20","7303125","7303419","chr3","190491642","190491934","52","183188517"
"chr20","7474746","7475064","chr14","77564194","77564502","38","70089448"
"chr20","7489498","7489800","chr20","7614583","7614891","8","125085"
"chr20","7650404","7650719","chr20","7778070","7778389","4","127666"
"chr20","7983642","7983783","chr2A","32693701","32693835","28","24710059"
"chr20","8199752","8200062","chr20","8331925","8332229","9","132173"
"chr20","9345880","9346186","chr20","9275406","9275712","0","70474"
"chr20","9431272","9431546","chr20","9360362","9360636","6","70910"
"chr20","9477771","9478064","chr20","9408147","9408440","1","69624"
"chr20","9485312","9485618","chr20","9415696","9416013","14","69616"
"chr20","9594080","9594382","chr20","9527673","9527976","3","66407"
"chr20","9796661","9796966","chr1","46456915","46457218","46","36660254"
"chr20","10046739","10047027","chr22","44173069","44173359","34","34126330"
"chr20","10066911","10067017","chr2B","142240066","142240170","25","132173155"
"chr20","10321843","10322140","chr20","10259648","10259944","5","62195"
"chr20","10338875","10338960","chr13","24059413","24059502","20","13720538"
"chr20","10423589","10423887","chr20","10362410","10362710","4","61179"
"chr20","10425038","10425331","chr3","183720328","183720621","32","173295290"
"chr20","10470514","10470798","chr20","10410858","10411142","2","59656"
"chr20","10476642","10476931","chr12","11868876","11869166","37","1392234"
"chr20","11081286","11081567","chr10","21038226","21038507","38","9956940"
"chr20","11352747","11353040","chr20","11295456","11295752","4","57291"
"chr20","11354565","11354676","chr20","46398672","46398781","22","35044107"
"chr20","11354732","11354942","chrX","44629615","44629823","60","33274883"
"chr20","11722507","11722807","chr13","35437482","35437781","53","23714975"
"chr20","11739501","11739781","chr20","11687641","11687921","5","51860"
"chr20","11822696","11823010","chr9","37780201","37780510","45","25957505"
"chr20","12069463","12069771","chr20","12027805","12028113","1","41658"
"chr20","12253214","12253343","chr16","73743066","73743197","32","61489852"
"chr20","12381956","12382255","chr20","12336597","12336887","16","45359"
"chr20","12502312","12502612","chr20","12464933","12465233","1","37379"
"chr20","12535157","12535463","chr20","12570100","12570405","7","34943"
"chr20","12579770","12580071","chr20","12614778","12615078","1","35008"
"chr20","12747364","12747582","chr20","12782490","12782707","1","35126"
"chr20","12849521","12849831","chr20","12881697","12882007","12","32176"
"chr20","12884241","12884557","chr17","58001905","58002219","46","45117664"
"chr20","12892139","12892396","chr20","12924367","12924626","5","32228"
"chr20","13000088","13000226","chrX","45007206","45007346","31","32007118"
"chr20","13034061","13034360","chr20","13066638","13066944","8","32577"
"chr20","13080856","13081144","chr4","188864051","188864338","48","175783195"
"chr20","13146273","13146440","chr20","45549956","45550123","24","32403683"
"chr20","13574987","13575110","chr8","26723415","26723536","23","13148428"
"chr20","13627924","13628049","chr9","122440275","122440408","23","108812351"
"chr20","13680194","13680487","chr20","13714296","13714607","20","34102"
"chr20","13700867","13701169","chr20","13735090","13735384","16","34223"
"chr20","13796621","13796756","chr1","29278377","29278505","25","15481756"
"chr20","13797075","13797239","chr4","40599988","40600158","39","26802913"
"chr20","13880795","13880909","chr2B","204247217","204247341","31","190366422"
"chr20","13881203","13881331","chr16","73743066","73743197","31","59861863"
"chr20","13888778","13889077","chr20","13929534","13929843","14","40756"
"chr20","13918579","13918873","chr20","13960205","13960489","13","41626"
"chr20","13991081","13991261","chr9","125039330","125039513","39","111048249"
"chr20","14258624","14258920","chr20","14301584","14301886","9","42960"
"chr20","14305674","14305870","chr20","14348844","14349042","5","43170"
"chr20","14400509","14400809","chr20","14444673","14444973","1","44164"
"chr20","14442994","14443120","chr8","26723415","26723536","26","12280421"
"chr20","14578554","14578863","chr20","14624681","14624984","8","46127"
"chr20","14663000","14663308","chr20","14707403","14707710","2","44403"
"chr20","14722680","14722864","chr5","36709818","36710006","34","21987138"
"chr20","14798184","14798392","chr20","14845402","14845620","11","47218"
"chr20","14849585","14849714","chr20","14897119","14897248","7","47534"
"chr20","14913297","14913459","chr6","71717233","71717396","32","56803936"
"chr20","15334828","15335035","chr20","15383237","15383444","1","48409"
"chr20","15534970","15535288","chr20","15601345","15601666","4","66375"
"chr20","15867560","15867861","chr20","15937694","15937995","4","70134"
"chr20","15907600","15907912","chr20","15977765","15978077","0","70165"
"chr20","16004119","16004236","chr1","122035201","122035319","15","106031082"
"chr20","16008339","16008634","chr20","16082453","16082750","5","74114"
"chr20","16039795","16040113","chr20","16113913","16114232","1","74118"
"chr20","16076078","16076252","chr20","16150074","16150249","1","73996"
"chr20","16114127","16114239","chr3","181143385","181143493","24","165029258"
"chr20","16524237","16524561","chr20","16609668","16609991","1","85431"
"chr20","16538050","16538356","chr20","16623456","16623762","2","85406"
"chr20","16642500","16642787","chr20","16729900","16730187","4","87400"
"chr20","16816470","16816760","chr20","16915025","16915317","2","98555"
"chr20","16846556","16846718","chr4","73252540","73252702","23","56405984"
"chr20","16996454","16996752","chr20","17100917","17101222","8","104463"
"chr20","17036200","17036480","chr20","17140658","17140939","1","104458"
"chr20","17267267","17267579","chr20","17375636","17375949","2","108369"
"chr20","17471229","17471536","chr20","17586575","17586882","9","115346"
"chr20","17471742","17472035","chr20","17587089","17587382","0","115347"
"chr20","17498503","17498804","chr18","43720561","43720864","40","26222058"
"chr20","17501522","17501611","chr14","100673591","100673682","7","83172069"
"chr20","17519146","17519442","chr20","17633751","17634050","5","114605"
"chr20","17728783","17729080","chr20","17849142","17849446","8","120359"
"chr20","17776538","17776830","chr20","17897361","17897659","10","120823"
"chr20","17832335","17832463","chrX","97546574","97546704","10","79714239"
"chr20","17846233","17846460","chr20","17967712","17967941","16","121479"
"chr20","17857965","17858270","chr20","17979392","17979699","4","121427"
"chr20","17892671","17892951","chr20","18015993","18016273","0","123322"
"chr20","17916856","17917168","chr20","18040144","18040455","2","123288"
"chr20","17917176","17917323","chr18","13921194","13921341","30","3995982"
"chr20","17931954","17932248","chr19","40846268","40846564","47","22914314"
"chr20","17953224","17953339","chr8","64590362","64590478","9","46637138"
"chr20","17978269","17978515","chr20","18102590","18102837","4","124321"
"chr20","18000002","18000180","chr13","48012989","48013157","38","30012987"
"chr20","18008487","18008777","chr20","18135018","18135308","4","126531"
"chr20","18016495","18016711","chrX","77616848","77617066","33","59600353"
"chr20","18118086","18118209","chr5","172392908","172393028","21","154274822"
"chr20","18158605","18158687","chr14","100673591","100673682","23","82514986"
"chr20","18169723","18169907","chr16","89286628","89286808","30","71116905"
"chr20","18173384","18173486","chr14","100673591","100673682","23","82500207"
"chr20","18175739","18176064","chr20","18304901","18305227","3","129162"
"chr20","18199132","18199435","chr20","18328334","18328639","7","129202"
"chr20","18471176","18471384","chr10","124485021","124485227","31","106013845"
"chr20","18511810","18512107","chr20","18646345","18646642","2","134535"
"chr20","18545908","18546212","chr17","63022730","63023033","33","44476822"
"chr20","18864567","18864851","chrX","21700943","21701229","35","2836376"
"chr20","19057916","19058038","chr8","26723415","26723536","15","7665499"
"chr20","19459963","19460268","chr20","19605130","19605435","0","145167"
"chr20","19820786","19821033","chr20","19980631","19980872","7","159845"
"chr20","19982420","19982690","chr20","20157941","20158213","8","175521"
"chr20","20052888","20053181","chr20","20229524","20229818","2","176636"
"chr20","20484995","20485125","chr1","6844228","6844361","27","13640767"
"chr20","20558518","20558785","chr20","20748440","20748708","1","189922"
"chr20","20611090","20611189","chr20","16652596","16652702","17","3958494"
"chr20","20614289","20614579","chr20","20805237","20805527","0","190948"
"chr20","20669075","20669376","chr20","20859939","20860240","2","190864"
"chr20","20749764","20750043","chr22","43143911","43144188","39","22394147"
"chr20","20864750","20864861","chr2B","210790127","210790232","21","189925377"
"chr20","21055901","21055953","chr10","102411920","102411980","16","81356019"
"chr20","21105207","21105370","chrX","15694332","15694494","28","5410875"
"chr20","21126864","21127174","chrX","12929705","12930001","45","8197159"
"chr20","21157015","21157310","chr20","21351850","21352145","0","194835"
"chr20","21207415","21207570","chr15","73043836","73043990","19","51836421"
"chr20","21239784","21240007","chr2B","228850731","228850955","31","207610947"
"chr20","21278357","21278644","chr20","21473757","21474042","5","195400"
"chr20","21359626","21359935","chr20","21556525","21556834","1","196899"
"chr20","21563223","21563510","chr20","21765251","21765578","42","202028"
"chr20","21592856","21593162","chr20","21794619","21794916","11","201763"
"chr20","21810442","21810719","chr9","101967670","101967956","42","80157228"
"chr20","21985707","21986006","chr20","22193390","22193689","1","207683"
"chr20","22014797","22015102","chr20","22222972","22223282","7","208175"
"chr20","22906429","22906728","chr20","22729623","22729922","0","176806"
"chr20","23112317","23112622","chr17","36965471","36965769","40","13853154"
"chr20","23374059","23374348","chr20","23206000","23206290","14","168059"
"chr20","23573248","23573337","chr14","100673591","100673682","21","77100343"
"chr20","23711201","23711523","chr20","23549800","23550102","29","161401"
"chr20","23875360","23875649","chr20","23712931","23713220","1","162429"
"chr20","23983714","23984021","chr20","23830625","23830928","4","153089"
"chr20","24045952","24046249","chr20","23893094","23893391","3","152858"
"chr20","24122137","24122433","chr20","23969650","23969946","0","152487"
"chr20","24947988","24948276","chr20","24814186","24814480","8","133802"
"chr20","25038582","25038878","chr20","24899573","24899870","14","139009"
"chr20","25113200","25113300","chr1","160944586","160944680","16","135831386"
"chr20","25154026","25154309","chr3","190779224","190779504","46","165625198"
"chr20","25577646","25577938","chr20","25393559","25393851","0","184087"
"chr20","25581136","25581307","chr1","29277911","29278085","31","3696775"
"chr20","25598506","25598803","chr20","25415391","25415698","11","183115"
"chr20","25654566","25654870","chr20","25474266","25474573","4","180300"
"chr20","25663797","25663975","chr20","25483792","25483970","1","180005"
"chr20","25747305","25747580","chr16","57809565","57809833","41","32062260"
"chr20","25824554","25824713","chr17","82286242","82286406","18","56461688"
"chr20","25920129","25920179","chr10","27042861","27042906","11","1122732"
"chr20","25925479","25925799","chr20","25746592","25746885","27","178887"
"chr20","25985123","25985242","chr5","172392908","172393028","29","146407785"
"chr20","26027098","26027381","chr20","25847671","25847963","10","179427"
"chr20","26113261","26113402","chr20","25934627","25934767","1","178634"
"chr20","28331573","28331904","chr6","10239766","10240093","58","18091807"
"chr20","28378374","28378542","chr1","52206468","52206632","36","23828094"
"chr20","28450829","28450980","chr1","11780192","11780341","27","16670637"
"chr20","28480992","28481066","chr17","4261422","4261478","27","24219570"
"chr20","28503992","28504113","chr4","75964418","75964542","19","47460426"
"chr20","28548428","28548514","chr17","2787814","2787901","10","25760614"
"chr20","29049064","29049349","chr20","28340827","28341133","25","708237"
"chr20","29050200","29050340","chr3","188303043","188303182","18","159252843"
"chr20","29058107","29058265","chr12","38547914","38548058","38","9489807"
"chr20","29064165","29064462","chr20","28370346","28370647","4","693819"
"chr20","29068116","29068233","chr2B","205936995","205937106","25","176868879"
"chr20","29072788","29073087","chr20","28378721","28379053","33","694067"
"chr20","29083603","29083912","chr20","28389556","28389885","23","694047"
"chr20","29100540","29100843","chr1","160979595","160979897","34","131879055"
"chr20","29138886","29139049","chrX","15935692","15935847","29","13203194"
"chr20","29152072","29152385","chr20","28458868","28459176","10","693204"
"chr20","29161287","29161409","chr1","6844228","6844361","26","22317059"
"chr20","29162265","29162565","chr5","180735240","180735534","39","151572975"
"chr20","29258850","29258951","chr3","181238196","181238292","27","151979346"
"chr20","29283428","29283521","chr8","46091691","46091777","21","16808263"
"chr20","29329923","29330220","chr20","28641460","28641758","1","688463"
"chr20","29466799","29466995","chr20","28785874","28786066","5","680925"
"chr20","29573305","29573502","chr6","53851640","53851842","44","24278335"
"chr20","29582712","29582973","chr10","62346207","62346478","43","32763495"
"chr20","29631183","29631471","chr14","92835927","92836218","37","63204744"
"chr20","29664234","29664364","chr22","35041748","35041876","35","5377514"
"chr20","29676804","29676973","chr3","101762288","101762455","19","72085484"
"chr20","29692796","29693081","chr20","29017426","29017737","26","675370"
"chr20","29700318","29700516","chr17","73441364","73441560","31","43741046"
"chr20","29722644","29722860","chr14","72262087","72262310","44","42539443"
"chr20","29736522","29736638","chr12","93126526","93126644","28","63390004"
"chr20","29757301","29757600","chr20","29084846","29085135","12","672455"
"chr20","29761559","29761587","chr3","48388384","48388414","11","18626825"
"chr20","29784134","29784357","chr14","76968060","76968286","36","47183926"
"chr20","29832028","29832336","chr20","29161925","29162212","21","670103"
"chr20","30067249","30067549","chr20","29406526","29406837","12","660723"
"chr20","30075031","30075325","chr20","29414416","29414717","10","660615"
"chr20","30078052","30078232","chr20","29417442","29417624","3","660610"
"chr20","30084078","30084404","chr20","29423459","29423786","2","660619"
"chr20","30094895","30095181","chr20","29435106","29435396","9","659789"
"chr20","30099907","30100091","chr4","84946316","84946498","34","54846409"
"chr20","30115918","30116207","chr20","29456908","29457197","1","659010"
"chr20","30119167","30119307","chr13","22694842","22694978","34","7424325"
"chr20","30123532","30123726","chr20","14348844","14349042","36","15774688"
"chr20","30131074","30131173","chr3","181238196","181238292","22","151107122"
"chr20","30135569","30135883","chr20","29477892","29478209","5","657677"
"chr20","30166310","30166618","chr20","29510630","29510937","4","655680"
"chr20","30176207","30176304","chr20","16652596","16652702","25","13523611"
"chr20","30179284","30179449","chr14","73378899","73379049","33","43199615"
"chr20","30235050","30235231","chr18","9612846","9613035","36","20622204"
"chr20","30267479","30267770","chr20","29617816","29618108","1","649663"
"chr20","30276375","30276484","chr2A","62538961","62539069","25","32262586"
"chr20","30291851","30292138","chr12","69995644","69995914","59","39703793"
"chr20","30326491","30326779","chr20","29682381","29682666","3","644110"
"chr20","30343821","30344116","chr20","29698368","29698664","4","645453"
"chr20","30402915","30403040","chr16","73743066","73743197","25","43340151"
"chr20","30535609","30535920","chr20","29893693","29894006","7","641916"
"chr20","30622345","30622647","chr20","29988413","29988715","3","633932"
"chr20","30659799","30660102","chr20","30025591","30025900","9","634208"
"chr20","30736190","30736500","chr20","30104023","30104322","11","632167"
"chr20","30784808","30785097","chr20","30154333","30154622","2","630475"
"chr20","30809281","30809450","chr5","109791696","109791859","32","78982415"
"chr20","30833843","30834139","chr20","30203956","30204252","1","629887"
"chr20","30848665","30848861","chr3","9999803","10000000","28","20848862"
"chr20","30849756","30850064","chr20","30221188","30221491","6","628568"
"chr20","30855748","30856015","chr18","75523421","75523692","40","44667673"
"chr20","30885197","30885364","chr22","22201178","22201345","35","8684019"
"chr20","30913806","30914081","chr20","30256500","30256775","0","657306"
"chr20","30928896","30929178","chr20","30270557","30270855","17","658339"
"chr20","30949326","30949434","chr20","30291649","30291757","0","657677"
"chr20","30950534","30950754","chr20","30292865","30293085","0","657669"
"chr20","31015023","31015279","chr20","30359208","30359466","3","655815"
"chr20","31024271","31024569","chr20","30368675","30368973","1","655596"
"chr20","31048985","31049269","chr10","94786267","94786557","49","63737282"
"chr20","31064734","31064955","chr20","30409213","30409440","7","655521"
"chr20","31161998","31162177","chr20","30507655","30507834","0","654343"
"chr20","31177740","31178047","chr20","30522390","30522697","1","655350"
"chr20","31190496","31190590","chr14","100673591","100673682","15","69483095"
"chr20","31200692","31200887","chr14","88956983","88957167","38","57756291"
"chr20","31222198","31222514","chr20","30567010","30567327","1","655188"
"chr20","31316729","31317041","chr20","30657013","30657331","12","659716"
"chr20","31391689","31391977","chr2A","70284232","70284512","46","38892543"
"chr20","31404427","31404508","chr16","15592424","15592508","22","15812003"
"chr20","31439463","31439762","chr20","30782204","30782503","1","657259"
"chr20","31517475","31517730","chr4","72335779","72336035","41","40818304"
"chr20","31525234","31525525","chr20","30872362","30872655","5","652872"
"chr20","31539698","31540002","chr20","30886881","30887188","6","652817"
"chr20","31641237","31641418","chr10","120372580","120372761","37","88731343"
"chr20","31704721","31704934","chr20","31046693","31046916","12","658028"
"chr20","31777226","31777416","chr12","8145977","8146174","32","23631249"
"chr20","31787499","31787604","chr6","159074849","159074952","16","127287350"
"chr20","31823872","31824167","chr20","31175906","31176226","28","647966"
"chr20","31824675","31824971","chr20","31176734","31177030","0","647941"
"chr20","31907688","31907991","chr20","31262452","31262756","1","645236"
"chr20","31919096","31919192","chr14","103328251","103328345","21","71409155"
"chr20","31974608","31974906","chr20","31329809","31330107","1","644799"
"chr20","32011273","32011562","chr20","31365365","31365660","6","645908"
"chr20","32096710","32097006","chr6","53201637","53201933","35","21104927"
"chr20","32108110","32108278","chrX","113749559","113749722","50","81641449"
"chr20","32121546","32121848","chr20","31479370","31479673","2","642176"
"chr20","32188798","32188935","chr8","50818747","50818891","28","18629949"
"chr20","32242773","32242938","chr13","26988435","26988596","28","5254338"
"chr20","32264045","32264340","chr20","31626715","31627019","9","637330"
"chr20","32271145","32271284","chr4","124694263","124694406","29","92423118"
"chr20","32280879","32281191","chr20","31643666","31643978","3","637213"
"chr20","32306836","32306960","chr8","26723415","26723536","19","5583421"
"chr20","32341713","32341817","chr14","100673591","100673682","27","68331878"
"chr20","32342126","32342254","chr14","62610265","62610395","15","30268139"
"chr20","32464088","32464384","chr20","31833486","31833782","1","630602"
"chr20","32467422","32467533","chr2B","199271339","199271453","19","166803917"
"chr20","32481489","32481604","chr5","5624013","5624130","31","26857476"
"chr20","32486211","32486485","chr18","18555827","18556115","51","13930384"
"chr20","32518889","32519184","chr1","129337688","129337979","56","96818799"
"chr20","32560109","32560282","chr20","31932541","31932714","0","627568"
"chr20","32569227","32569521","chr20","31941696","31941993","4","627531"
"chr20","32649044","32649336","chr20","32024027","32024320","4","625017"
"chr20","32670741","32671049","chr22","29981224","29981520","39","2689517"
"chr20","32741498","32741798","chr20","32116229","32116529","2","625269"
"chr20","32774509","32774809","chr20","32149292","32149595","5","625217"
"chr20","32801231","32801533","chr20","32176100","32176402","0","625131"
"chr20","32846565","32846750","chr1","32705261","32705445","29","141304"
"chr20","32888907","32889004","chr22","33938435","33938535","21","1049528"
"chr20","32905892","32906097","chr20","32285293","32285499","1","620599"
"chr20","32912927","32913224","chr20","32292335","32292632","1","620592"
"chr20","32948042","32948221","chr7","100997716","100997899","45","68049674"
"chr20","32966540","32966838","chr20","32346400","32346713","18","620140"
"chr20","32972332","32972450","chr8","26723415","26723536","23","6248917"
"chr20","32995152","32995432","chr20","32376227","32376509","4","618925"
"chr20","33015241","33015543","chr20","32396325","32396626","4","618916"
"chr20","33022817","33022985","chr20","32403754","32403921","2","619063"
"chr20","33186959","33187069","chr2B","199271339","199271453","22","166084380"
"chr20","33208123","33208426","chr16","169499","169798","43","33038624"
"chr20","33208630","33208923","chr20","32590047","32590340","0","618583"
"chr20","33211433","33211741","chr20","32592854","32593171","11","618579"
"chr20","33214396","33214680","chr1","214403551","214403836","46","181189155"
"chr20","33219441","33219678","chr1","10956435","10956669","40","22263006"
"chr20","33227078","33227301","chr20","32608001","32608227","5","619077"
"chr20","33227796","33228087","chr20","32608945","32609242","7","618851"
"chr20","33232560","33232644","chr8","46091691","46091777","18","12859131"
"chr20","33234542","33234791","chr20","32615713","32615989","27","618829"
"chr20","33269512","33269801","chr9","135534355","135534643","6","102264843"
"chr20","33273286","33273504","chr20","32655436","32655655","2","617850"
"chr20","33281668","33281971","chr20","32663923","32664227","3","617745"
"chr20","33284520","33284817","chr20","32666777","32667075","3","617743"
"chr20","33294980","33295285","chr20","32677239","32677549","6","617741"
"chr20","33309403","33309703","chr20","32691529","32691829","1","617874"
"chr20","33311373","33311675","chr20","32693499","32693801","0","617874"
"chr20","33319413","33319713","chr20","32701178","32701481","4","618235"
"chr20","33322321","33322595","chr19","3558380","3558667","28","29763941"
"chr20","33330174","33330308","chr4","28030717","28030863","31","5299457"
"chr20","33330311","33330428","chr8","26723415","26723536","31","6606896"
"chr20","33378799","33379086","chr20","32760226","32760513","1","618573"
"chr20","33412052","33412347","chr20","32794334","32794621","8","617718"
"chr20","33447247","33447288","chr11","7916638","7916681","7","25530609"
"chr20","33453599","33453775","chr20","32838119","32838294","3","615480"
"chr20","33457226","33457436","chr15","52759152","52759359","26","19301926"
"chr20","33463192","33463235","chr10","27042861","27042906","13","6420331"
"chr20","33464930","33465228","chr20","32850521","32850799","21","614409"
"chr20","33487283","33487591","chr20","32872633","32872968","29","614650"
"chr20","33545523","33545717","chr9","125039330","125039513","43","91493807"
"chr20","33957632","33957934","chr9","86290204","86290509","35","52332572"
"chr20","33975092","33975290","chr16","17209233","17209426","63","16765859"
"chr20","34012626","34012933","chr20","33423620","33423928","1","589006"
"chr20","34031111","34031400","chr20","33442726","33443015","1","588385"
"chr20","34040670","34040837","chr22","27886308","27886477","31","6154362"
"chr20","34069376","34069692","chr20","33480688","33480998","7","588688"
"chr20","34071113","34071371","chr20","33482675","33482930","7","588438"
"chr20","34072912","34073037","chr2B","207026815","207026935","24","172953903"
"chr20","34077975","34078122","chrX","65801999","65802155","30","31724024"
"chr20","34120960","34121236","chr20","33537788","33538094","31","583172"
"chr20","34132908","34133005","chr3","2832930","2833024","11","31299978"
"chr20","34134733","34135036","chr12","38425338","38425638","42","4290605"
"chr20","34188253","34188532","chr20","33607418","33607702","6","580835"
"chr20","34206170","34206470","chr20","33628822","33629130","12","577348"
"chr20","34211829","34211859","chr2B","138960016","138960039","15","104748187"
"chr20","34232397","34232688","chr3","135986698","135986987","40","101754301"
"chr20","34271251","34271414","chr1","198396810","198396976","29","164125559"
"chr20","34289272","34289432","chrX","15935692","15935847","32","18353580"
"chr20","34334872","34335167","chr20","33765249","33765546","4","569623"
"chr20","34340132","34340295","chr20","33771857","33772021","3","568275"
"chr20","34371392","34371514","chr2A","62538961","62539069","32","28167569"
"chr20","34412708","34413002","chr20","33848176","33848471","5","564532"
"chr20","34435419","34435552","chr9","122440275","122440408","23","88004856"
"chr20","34435553","34435695","chr9","84841115","84841264","31","50405562"
"chr20","34444533","34444842","chr14","20392001","20392306","35","14052532"
"chr20","34447001","34447293","chr3","60941128","60941420","2","26494127"
"chr20","34475091","34475329","chr20","33911126","33911364","0","563965"
"chr20","34508841","34508914","chr5","6432148","6432210","34","28076693"
"chr20","34515130","34515438","chr20","33951725","33952034","1","563405"
"chr20","34523999","34524110","chr2B","205936995","205937106","20","171412996"
"chr20","34538658","34538954","chr20","33975814","33976111","4","562844"
"chr20","34545254","34545392","chr2A","32693701","32693835","25","1851553"
"chr20","34548801","34549109","chr20","33986464","33986773","8","562337"
"chr20","34603992","34604231","chr5","155345454","155345690","65","120741462"
"chr20","34606174","34606478","chr20","34045341","34045644","3","560833"
"chr20","34607431","34607528","chr14","100673591","100673682","23","66066160"
"chr20","34607588","34607876","chr20","34046737","34047025","0","560851"
"chr20","34622153","34622443","chr20","34061753","34062043","0","560400"
"chr20","34657741","34658041","chr1","134911777","134912076","39","100254036"
"chr20","34774435","34774534","chr14","100673591","100673682","23","65899156"
"chr20","34819961","34820132","chr12","35035076","35035244","29","215115"
"chr20","34843575","34843876","chr15","87173790","87174098","73","52330215"
"chr20","34967154","34967256","chr6","159074849","159074952","24","124107695"
"chr20","34976475","34976785","chr13","20438046","20438351","42","14538429"
"chr20","34982022","34982320","chr20","34418774","34419073","3","563248"
"chr20","34984338","34984389","chr7","53654605","53654654","13","18670267"
"chr20","34985165","34985512","chr20","34421919","34422253","20","563246"
"chr20","34998050","34998351","chr20","34434827","34435130","4","563223"
"chr20","35006002","35006110","chr14","35268910","35269034","30","262908"
"chr20","35091939","35092218","chr11","118457713","118457994","56","83365774"
"chr20","35229445","35229669","chr4","39544370","39544585","58","4314925"
"chr20","35351602","35351912","chr6","87831733","87832040","40","52480131"
"chr20","35395403","35395416","chr1","28547144","28547162","8","6848259"
"chr20","35395729","35395811","chr11","8774884","8774956","24","26620845"
"chr20","35428656","35428928","chr20","34868135","34868407","1","560521"
"chr20","35488921","35489073","chr19","61741211","61741358","22","26252290"
"chr20","35554394","35554681","chr20","34993147","34993455","23","561247"
"chr20","35793108","35793400","chr20","35238247","35238540","2","554861"
"chr20","35823646","35823735","chr14","100673591","100673682","18","64849945"
"chr20","35873258","35873555","chr20","35320611","35320911","26","552647"
"chr20","36049753","36049874","chr10","101398659","101398772","27","65348906"
"chr20","36050931","36051233","chr20","35492560","35492865","3","558371"
"chr20","36096251","36096433","chr2B","178740366","178740545","25","142644115"
"chr20","36132310","36132614","chr20","35574936","35575218","24","557374"
"chr20","36175962","36176239","chr20","35619396","35619673","4","556566"
"chr20","36213701","36213805","chr6","159074849","159074952","13","122861148"
"chr20","36234092","36234303","chr20","35680018","35680235","8","554074"
"chr20","36355314","36355553","chr20","35804095","35804335","3","551219"
"chr20","36399001","36399306","chr2B","207319161","207319456","37","170920160"
"chr20","36414583","36414894","chr20","35863564","35863870","7","551019"
"chr20","36693375","36693674","chr20","36144197","36144496","2","549178"
"chr20","36727371","36727669","chr20","36178611","36178917","8","548760"
"chr20","36800175","36800413","chr20","36251833","36252071","0","548342"
"chr20","36951460","36951587","chr13","24830538","24830666","25","12120922"
"chr20","37048605","37048909","chr20","36517937","36518246","9","530668"
"chr20","37208757","37209058","chr20","36688122","36688423","1","520635"
"chr20","37320579","37320737","chr12","95708278","95708420","28","58387699"
"chr20","37637062","37637360","chr20","37118885","37119183","0","518177"
"chr20","37680205","37680494","chr20","37162005","37162296","5","518200"
"chr20","38102307","38102583","chr22","43143911","43144188","45","5041604"
"chr20","38376180","38376478","chr5","133583989","133584276","46","95207809"
"chr20","38394357","38394646","chr20","37884614","37884903","0","509743"
"chr20","38430389","38430594","chr20","37921442","37921647","0","508947"
"chr20","38440649","38440917","chr20","37932139","37932437","30","508510"
"chr20","38441387","38441678","chr20","37932878","37933168","5","508509"
"chr20","38449275","38449494","chr7","55120753","55120971","49","16671478"
"chr20","38450708","38450992","chr1","212648203","212648491","47","174197495"
"chr20","38480007","38480208","chr20","37971338","37971533","6","508669"
"chr20","38496418","38496692","chr20","37987724","37987998","1","508694"
"chr20","38496693","38496837","chr20","37987999","37988145","3","508694"
"chr20","38533295","38533474","chr1","192178549","192178724","30","153645254"
"chr20","38696740","38697049","chr20","38195187","38195497","4","501553"
"chr20","38720891","38721185","chr20","38219962","38220264","12","500929"
"chr20","38826619","38826712","chr14","100673591","100673682","17","61846972"
"chr20","38868277","38868556","chr20","38373768","38374053","7","494509"
"chr20","39038213","39038345","chr4","77377324","77377455","15","38339111"
"chr20","39038644","39038806","chr12","40340649","40340811","24","1302005"
"chr20","39109695","39110003","chr20","38620580","38620882","8","489115"
"chr20","39138492","39138750","chr20","38649218","38649504","50","489274"
"chr20","39186131","39186229","chr14","100673591","100673682","22","61487460"
"chr20","39243328","39243530","chr20","38757050","38757253","1","486278"
"chr20","39295017","39295214","chr13","23665187","23665387","28","15629830"
"chr20","39525940","39526167","chr20","39042683","39042910","0","483257"
"chr20","39837698","39837995","chr20","39358735","39359037","6","478963"
"chr20","40006624","40006917","chr12","104709930","104710218","33","64703306"
"chr20","40455783","40456029","chr20","39980087","39980334","1","475696"
"chr20","40664619","40664908","chr7","55182848","55183136","45","14518229"
"chr20","40670921","40671033","chr2B","207026815","207026935","21","166355894"
"chr20","40744129","40744428","chr20","40274604","40274906","5","469525"
"chr20","40844284","40844403","chr5","172392908","172393028","24","131548624"
"chr20","40853311","40853393","chr3","181238196","181238292","33","140384885"
"chr20","40920643","40920739","chr14","100673591","100673682","25","59752948"
"chr20","40952237","40952543","chr3","52086894","52087203","42","11134657"
"chr20","40978335","40978563","chr8","128811008","128811239","34","87832673"
"chr20","41020283","41020541","chr3","184883391","184883648","47","143863108"
"chr20","41043185","41043301","chr5","172392908","172393028","24","131349723"
"chr20","41073843","41074145","chr20","40611057","40611360","4","462786"
"chr20","41087402","41087544","chr20","40624218","40624360","3","463184"
"chr20","41087567","41087850","chr20","40624383","40624667","1","463184"
"chr20","41100986","41101238","chr20","40637741","40637993","1","463245"
"chr20","41103053","41103227","chr22","27886308","27886477","25","13216745"
"chr20","41114489","41114783","chr20","40653158","40653458","8","461331"
"chr20","41161262","41161568","chr20","40702029","40702336","1","459233"
"chr20","41165321","41165617","chr20","40706095","40706385","7","459226"
"chr20","41217043","41217347","chr20","40754552","40754855","4","462491"
"chr20","41438254","41438385","chr15","62181783","62181913","17","20743529"
"chr20","41592599","41592895","chr20","41138463","41138758","2","454136"
"chr20","41598130","41598423","chr20","41144113","41144407","2","454017"
"chr20","41683979","41684270","chr20","41228499","41228772","18","455480"
"chr20","41700205","41700525","chr5","23876813","23877128","55","17823392"
"chr20","41753054","41753273","chr22","33939125","33939322","42","7813929"
"chr20","41758337","41758507","chr20","41301641","41301812","2","456696"
"chr20","41766687","41766803","chr2A","62538961","62539069","26","20772274"
"chr20","41799147","41799455","chr20","41342870","41343178","5","456277"
"chr20","41801870","41802110","chr20","41345626","41345866","7","456244"
"chr20","41859648","41859860","chr14","19786423","19786634","43","22073225"
"chr20","41937366","41937654","chr20","41482492","41482780","2","454874"
"chr20","41986304","41986594","chr20","41533316","41533607","2","452988"
"chr20","42073037","42073179","chr11","130686972","130687109","22","88613935"
"chr20","42093769","42094056","chr20","41641339","41641628","4","452430"
"chr20","42122004","42122188","chr17","7035663","7035852","28","35086341"
"chr20","42142212","42142523","chr20","41691689","41692002","8","450523"
"chr20","42404403","42404700","chr20","41955088","41955384","1","449315"
"chr20","42426941","42427240","chr20","41977631","41977931","5","449310"
"chr20","42427880","42428194","chr20","41978577","41978888","7","449303"
"chr20","42454662","42454959","chr20","42005460","42005760","3","449202"
"chr20","42649314","42649604","chr20","42205721","42206012","2","443593"
"chr20","42652392","42652513","chr8","26723415","26723536","26","15928977"
"chr20","42736744","42737052","chr20","42296616","42296907","21","440128"
"chr20","42753469","42753768","chr20","42315650","42315949","3","437819"
"chr20","42755786","42756092","chr11","73502971","73503270","32","30747185"
"chr20","42815657","42815868","chr20","42375935","42376147","3","439722"
"chr20","42916617","42916917","chr16","23728272","23728572","30","19188345"
"chr20","43006709","43007010","chr20","42571938","42572238","10","434771"
"chr20","43137495","43137624","chr16","73743066","73743197","32","30605571"
"chr20","43199933","43200059","chr12","38992415","38992548","21","4207518"
"chr20","43226917","43227216","chr20","42793606","42793915","13","433311"
"chr20","43251796","43251916","chr5","172392908","172393028","26","129141112"
"chr20","43257131","43257238","chr2A","13157836","13157942","12","30099295"
"chr20","43282957","43283248","chr20","42854119","42854410","0","428838"
"chr20","43288521","43288627","chr20","16652596","16652702","21","26635925"
"chr20","43355265","43355563","chr10","98992101","98992402","32","55636836"
"chr20","43358072","43358364","chr4","73725780","73726078","20","30367708"
"chr20","43401369","43401635","chr1","15458109","15458374","46","27943260"
"chr20","43406018","43406310","chr20","42979429","42979721","1","426589"
"chr20","43568107","43568275","chr20","43145447","43145620","6","422660"
"chr20","43626943","43627253","chr20","43209617","43209927","5","417326"
"chr20","43906086","43906245","chr7","142471132","142471289","22","98565046"
"chr20","43912670","43912930","chr20","43492967","43493227","2","419703"
"chr20","44069858","44070161","chr20","43650782","43651093","12","419076"
"chr20","44092753","44092936","chr19","12415182","12415357","24","31677571"
"chr20","44634471","44634553","chr8","46091691","46091777","19","1457220"
"chr20","44649488","44649771","chr20","44246999","44247282","1","402489"
"chr20","44656575","44656872","chr20","44254386","44254686","4","402189"
"chr20","44727206","44727442","chr20","44327983","44328219","0","399223"
"chr20","44729215","44729494","chr3","41367931","41368210","43","3361284"
"chr20","44741603","44741894","chr20","44342295","44342586","0","399308"
"chr20","44747520","44747649","chr20","44348217","44348346","1","399303"
"chr20","44793506","44793777","chr20","44396945","44397218","5","396561"
"chr20","44796754","44796945","chr19","54449281","54449473","22","9652527"
"chr20","44807169","44807245","chr20","4894744","4894814","22","39912425"
"chr20","44832534","44832663","chr5","172392908","172393028","36","127560374"
"chr20","44833552","44833879","chr11","63906986","63907294","64","19073434"
"chr20","44839382","44839425","chr4","158528568","158528610","15","113689186"
"chr20","44900309","44900440","chr2A","32693701","32693835","28","12206608"
"chr20","44912650","44912946","chr20","44520060","44520369","13","392590"
"chr20","44923060","44923353","chr20","44530027","44530322","3","393033"
"chr20","44933648","44933939","chr1","112044955","112045251","56","67111307"
"chr20","44949923","44950046","chr8","26723415","26723536","26","18226508"
"chr20","44953535","44953842","chr20","44562104","44562416","6","391431"
"chr20","44964391","44964499","chr2B","205936995","205937106","25","160972604"
"chr20","45026533","45026764","chr20","44638616","44638848","2","387917"
"chr20","45054899","45055067","chr21","22163681","22163851","23","22891218"
"chr20","45061388","45061686","chr20","44674066","44674364","4","387322"
"chr20","45119498","45119776","chr20","44713229","44713508","2","406269"
"chr20","45160749","45160983","chr20","49143714","49143938","36","3982965"
"chr20","45212780","45213083","chr20","44808169","44808442","31","404611"
"chr20","45241641","45241730","chr14","100673591","100673682","17","55431950"
"chr20","45377545","45377672","chr12","10456629","10456759","16","34920916"
"chr20","45450550","45450849","chr20","45053784","45054083","3","396766"
"chr20","45937662","45937956","chr5","138928252","138928544","32","92990590"
"chr20","45998585","45998779","chr18","9612846","9613035","42","36385739"
"chr20","46005050","46005167","chr5","172392908","172393028","22","126387858"
"chr20","46149363","46149461","chr3","181238196","181238292","27","135088833"
"chr20","46354058","46354342","chr20","45973636","45973945","25","380422"
"chr20","46382027","46382319","chr20","46002888","46003181","3","379139"
"chr20","46405506","46405798","chr20","46026356","46026649","3","379150"
"chr20","46415578","46415674","chr14","100673591","100673682","24","54258013"
"chr20","46427751","46427858","chr14","80570727","80570831","14","34142976"
"chr20","46532990","46533201","chr16","26803895","26804104","29","19729095"
"chr20","46546327","46546631","chr20","46172336","46172629","16","373991"
"chr20","46568360","46568460","chr11","20358123","20358224","16","26210237"
"chr20","46609342","46609648","chr20","46239773","46240079","2","369569"
"chr20","46623122","46623413","chr20","46253298","46253589","1","369824"
"chr20","46623740","46623863","chr2B","199271339","199271453","29","152647599"
"chr20","46623884","46624093","chr2A","39227293","39227501","31","7396591"
"chr20","46767047","46767156","chr20","46398672","46398781","0","368375"
"chr20","46780754","46780918","chrX","124373507","124373671","54","77592753"
"chr20","47014426","47014542","chr5","172392908","172393028","24","125378482"
"chr20","47015363","47015477","chr2B","205936995","205937106","24","158921632"
"chr20","47050416","47050713","chr20","46683145","46683443","5","367271"
"chr20","47060585","47060864","chr20","46693327","46693607","4","367258"
"chr20","47089408","47089692","chr20","46721731","46722019","6","367677"
"chr20","47186771","47187057","chr20","46824256","46824541","6","362515"
"chr20","47240149","47240426","chr6","5123555","5123823","37","42116594"
"chr20","47276990","47277296","chr17","26448495","26448800","35","20828495"
"chr20","47278333","47278616","chr20","46921053","46921350","15","357280"
"chr20","47281434","47281725","chr20","46924095","46924387","3","357339"
"chr20","47345923","47346225","chr10","103306304","103306612","64","55960381"
"chr20","47472428","47472711","chr20","47064217","47064503","4","408211"
"chr20","47484126","47484445","chr5","78863209","78863532","53","31379083"
"chr20","47498405","47498701","chr20","47090900","47091196","1","407505"
"chr20","47536986","47537271","chr20","47130123","47130409","3","406863"
"chr20","47549115","47549220","chr3","181238196","181238292","23","133689081"
"chr20","47577403","47577674","chr14","33517722","33517997","39","14059681"
"chr20","47593624","47593919","chr19","49510302","49510593","38","1916678"
"chr20","47785050","47785346","chr20","47381392","47381691","53","403658"
"chr20","47842201","47842377","chr20","47440272","47440448","0","401929"
"chr20","47953587","47953893","chr20","47539411","47539715","4","414176"
"chr20","48063448","48063533","chr14","100673591","100673682","26","52610143"
"chr20","48090482","48090785","chr20","47679260","47679566","6","411222"
"chr20","48123802","48123931","chr2A","32693701","32693835","20","15430101"
"chr20","48138071","48138364","chr1","92599867","92600163","32","44461796"
"chr20","48192175","48192451","chr20","47781148","47781423","1","411027"
"chr20","48226781","48227076","chr20","47815000","47815299","6","411781"
"chr20","48350950","48351082","chr2A","32693701","32693835","26","15657249"
"chr20","48368313","48368542","chr9","75197756","75197962","55","26829443"
"chr20","48394130","48394432","chr20","47988446","47988748","1","405684"
"chr20","48475959","48476139","chr16","66115499","66115667","50","17639540"
"chr20","48508360","48508454","chr13","24059413","24059502","15","24448947"
"chr20","48573258","48573554","chr6","157033472","157033764","37","108460214"
"chr20","48675598","48675904","chr20","48280397","48280703","2","395201"
"chr20","48820796","48820935","chr2A","32693701","32693835","25","16127095"
"chr20","48879363","48879377","chr1","28547144","28547162","8","20332219"
"chr20","48879675","48879842","chr9","70093990","70094158","25","21214315"
"chr20","48990893","48991176","chr20","48605801","48606086","5","385092"
"chr20","49134442","49134750","chr7","158152088","158152396","37","109017646"
"chr20","49154883","49154984","chr5","59438305","59438419","24","10283422"
"chr20","49247086","49247398","chr20","48865759","48866070","4","381327"
"chr20","49288150","49288388","chrX","49413427","49413660","53","125277"
"chr20","49295919","49296142","chrX","77616848","77617066","36","28320929"
"chr20","49303126","49303282","chr6","55699024","55699181","27","6395898"
"chr20","49320338","49320443","chr20","16652596","16652702","24","32667742"
"chr20","49354078","49354389","chr20","48976250","48976558","11","377828"
"chr20","49376775","49377026","chr10","12880632","12880890","40","36496143"
"chr20","49388183","49388451","chr20","49012157","49012446","23","376026"
"chr20","49391937","49392277","chr20","49015958","49016270","37","375979"
"chr20","49396454","49396661","chr22","22278311","22278517","43","27118143"
"chr20","49403930","49404226","chr20","49028545","49028840","3","375385"
"chr20","49411469","49411828","chr20","49037551","49037910","2","373918"
"chr20","49421457","49421767","chr20","28458868","28459176","38","20962589"
"chr20","49514745","49515038","chrX","138245870","138246163","29","88731125"
"chr20","49522644","49522951","chr20","49151562","49151870","4","371082"
"chr20","49580575","49580678","chr20","49213010","49213114","3","367565"
"chr20","49608515","49608616","chr14","100673591","100673682","27","51065076"
"chr20","49659033","49659304","chr20","49291190","49291462","3","367843"
"chr20","49681760","49681887","chr2A","32693701","32693835","25","16988059"
"chr20","49688881","49689156","chr20","49320628","49320931","34","368253"
"chr20","49804228","49804529","chr20","49436523","49436826","10","367705"
"chr20","49996190","49996491","chr20","49630442","49630744","5","365748"
"chr20","50033413","50033696","chr20","49668444","49668753","27","364969"
"chr20","50162898","50163082","chr20","49800559","49800747","6","362339"
"chr20","50190514","50190759","chr7","48837149","48837376","60","1353365"
"chr20","50342191","50342353","chr20","49983791","49983953","0","358400"
"chr20","50441365","50441611","chr14","66142969","66143205","30","15701604"
"chr20","50459460","50459764","chr20","50101655","50101962","3","357805"
"chr20","50480756","50480937","chr20","50122962","50123142","1","357794"
"chr20","50492505","50492630","chr2B","207026815","207026935","27","156534310"
"chr20","50493952","50494145","chr20","50137918","50138111","3","356034"
"chr20","50575884","50576184","chr20","28641460","28641758","47","21934424"
"chr20","50626886","50627174","chr20","50274323","50274612","6","352563"
"chr20","50658130","50658441","chr20","50305720","50306041","13","352410"
"chr20","50683689","50683980","chr20","50331315","50331615","10","352374"
"chr20","50784363","50784665","chr20","50432247","50432549","2","352116"
"chr20","50816787","50817089","chr20","53890284","53890586","39","3073497"
"chr20","50894271","50894564","chr20","50542496","50542789","0","351775"
"chr20","50961854","50961975","chr9","91419734","91419861","20","40457880"
"chr20","51151151","51151456","chr20","50819149","50819454","5","332002"
"chr20","51178039","51178150","chr2B","205936995","205937106","23","154758956"
"chr20","51196613","51196770","chr20","50865359","50865516","1","331254"
"chr20","51329872","51330154","chr6","30425392","30425674","37","20904480"
"chr20","51363362","51363667","chr20","50913393","50913705","13","449969"
"chr20","51365404","51365693","chr20","50915480","50915769","1","449924"
"chr20","51381935","51382138","chr9","123177471","123177683","32","71795536"
"chr20","51408500","51408616","chr2B","207026815","207026935","27","155618315"
"chr20","51610128","51610454","chr20","51161837","51162160","6","448291"
"chr20","51614740","51615045","chr20","51166468","51166774","2","448272"
"chr20","51651086","51651384","chr20","51203040","51203350","14","448046"
"chr20","51664467","51664778","chr20","51216429","51216740","2","448038"
"chr20","51719791","51719990","chr12","40741439","40741620","41","10978352"
"chr20","51723699","51724007","chr20","51279983","51280289","5","443716"
"chr20","51921339","51921635","chr20","51477274","51477572","4","444065"
"chr20","51923897","51924190","chr20","51479866","51480163","7","444031"
"chr20","52185443","52185749","chr20","51752659","51752966","4","432784"
"chr20","52226825","52227109","chr4","167882463","167882760","41","115655638"
"chr20","52373830","52373957","chr12","38992415","38992548","20","13381415"
"chr20","52389378","52389674","chr20","51961313","51961609","10","428065"
"chr20","52395249","52395553","chr20","51967203","51967520","20","428046"
"chr20","52425414","52425703","chr1","129337688","129337979","46","76912274"
"chr20","52679990","52680110","chr10","10606360","10606481","12","42073630"
"chr20","52755353","52755652","chr20","52328118","52328417","2","427235"
"chr20","52812118","52812397","chr20","52389078","52389357","0","423040"
"chr20","52968692","52969001","chr20","52546572","52546881","5","422120"
"chr20","53318885","53319194","chr20","52903384","52903691","5","415501"
"chr20","53464703","53464825","chr8","26723415","26723536","18","26741288"
"chr20","53502203","53502464","chr9","114297614","114297869","48","60795411"
"chr20","53515382","53515673","chr20","53106076","53106367","7","409306"
"chr20","53766358","53766649","chr20","53360626","53360913","8","405732"
"chr20","53890890","53891115","chr16","81790912","81791127","52","27900022"
"chr20","53894113","53894403","chr20","53420472","53420763","1","473641"
"chr20","54031542","54031835","chr20","53564360","53564653","1","467182"
"chr20","54090670","54090800","chr20","53625628","53625758","0","465042"
"chr20","54117341","54117646","chr12","127001020","127001319","41","72883679"
"chr20","54155049","54155166","chr8","26723415","26723536","23","27431634"
"chr20","54163004","54163104","chr20","16652596","16652702","29","37510408"
"chr20","54166587","54166646","chr8","102041595","102041648","15","47875008"
"chr20","54185842","54185959","chr17","59059909","59060023","19","4874067"
"chr20","54222765","54222854","chr3","181238196","181238292","27","127015431"
"chr20","54222880","54222908","chr12","8241499","8241528","10","45981381"
"chr20","54225912","54226183","chr20","53766104","53766399","25","459808"
"chr20","54297137","54297236","chr3","27665315","27665404","24","26631822"
"chr20","54300581","54300894","chr3","187072689","187072996","55","132772108"
"chr20","54336244","54336339","chr11","8774884","8774956","32","45561360"
"chr20","54343168","54343473","chr20","53890284","53890586","6","452884"
"chr20","54355465","54355559","chr3","181238196","181238292","23","126882731"
"chr20","54388687","54388896","chr6","43423586","43423804","38","10965101"
"chr20","54412220","54412514","chr20","53960023","53960305","12","452197"
"chr20","54541268","54541474","chr20","54094540","54094721","27","446728"
"chr20","54544734","54545025","chr20","54097980","54098273","27","446754"
"chr20","54630001","54630300","chr20","54184177","54184476","5","445824"
"chr20","54676028","54676150","chr5","172392908","172393028","26","117716880"
"chr20","54681539","54681628","chr3","181238196","181238292","33","126556657"
"chr20","54739307","54739600","chr20","54299624","54299916","2","439683"
"chr20","54828977","54829155","chr1","16983479","16983657","29","37845498"
"chr20","54916043","54916330","chr20","54481330","54481616","4","434713"
"chr20","54957357","54957657","chr20","54522382","54522686","4","434975"
"chr20","55082731","55083030","chr20","54655476","54655776","2","427255"
"chr20","55319671","55319983","chr3","70178087","70178389","41","14858416"
"chr20","55359041","55359340","chr20","54937061","54937360","2","421980"
"chr20","55389233","55389525","chr20","54968834","54969129","10","420399"
"chr20","55490229","55490523","chr17","78044265","78044554","31","22554036"
"chr20","55550124","55550300","chr12","8249696","8249872","29","47300428"
"chr20","55987613","55987899","chr22","36517342","36517633","33","19470271"
"chr20","56061470","56061770","chr20","55653906","55654206","0","407564"
"chr20","56652235","56652418","chr20","56158146","56158329","2","494089"
"chr20","56657555","56657664","chr2B","205936995","205937106","20","149279440"
"chr20","56673328","56673634","chr20","56180025","56180335","5","493303"
"chr20","56684596","56684869","chr11","58824935","58825210","36","2140339"
"chr20","56880624","56880739","chr2B","205936995","205937106","19","149056371"
"chr20","56929267","56929344","chr14","100673591","100673682","22","43744324"
"chr20","56995789","56995969","chr20","56510674","56510854","2","485115"
"chr20","57321434","57321754","chr20","56842851","56843171","4","478583"
"chr20","57721321","57721613","chr20","57254147","57254440","2","467174"
"chr20","57811649","57811775","chr1","158024936","158025074","28","100213287"
"chr20","57869112","57869411","chr20","57409182","57409483","3","459930"
"chr20","57977143","57977445","chr2A","112749828","112750127","44","54772685"
"chr20","58126478","58126758","chr15","96900737","96901020","48","38774259"
"chr20","58314921","58315193","chr20","57861414","57861686","2","453507"
"chr20","58403998","58404127","chr20","57951435","57951565","2","452563"
"chr20","58744319","58744568","chr1","161795251","161795483","50","103050932"
"chr20","58842431","58842715","chr2A","39320008","39320298","34","19522423"
"chr20","59226073","59226165","chr3","181238196","181238292","27","122012123"
"chr20","59254160","59254456","chr20","58822872","58823167","3","431288"
"chr20","59484033","59484173","chr13","22694842","22694978","33","36789191"
"chr20","59508488","59508677","chr20","59079569","59079744","20","428919"
"chr20","59515560","59515850","chr9","238662","238953","52","59276898"
"chr20","59710203","59710494","chr1","140080772","140081067","52","80370569"
"chr20","59784412","59784721","chr20","59363226","59363535","5","421186"
"chr20","59796117","59796358","chr17","81370742","81370983","32","21574625"
"chr20","59800261","59800380","chr2B","199271339","199271453","26","139471078"
"chr20","59871094","59871378","chr20","59454349","59454633","3","416745"
"chr20","59891120","59891222","chr2B","142240066","142240170","29","82348946"
"chr20","59945369","59945671","chr1","91018831","91019136","34","31073462"
"chr20","59952192","59952512","chr20","59538886","59539206","11","413306"
"chr20","59953086","59953372","chr20","59539780","59540068","3","413306"
"chr20","60070665","60070816","chr11","25729792","25729944","24","34340873"
"chr20","60461741","60462031","chr20","60156199","60156498","12","305542"
"chr20","60490116","60490422","chr20","60185503","60185811","4","304613"
"chr20","60549117","60549192","chr8","46091691","46091777","26","14457426"
"chr20","60562603","60562736","chr14","62610265","62610395","15","2047662"
"chr20","60563046","60563214","chr5","38549714","38549882","22","22013332"
"chr20","60695044","60695340","chr5","165839185","165839482","46","105144141"
"chr20","60712943","60713139","chr5","76266656","76266847","34","15553713"
"chr20","60770237","60770533","chr20","60480373","60480672","3","289864"
"chr20","61314605","61314823","chr2A","68018325","68018546","33","6703720"
"chr20","61361243","61361540","chr20","60835972","60836270","1","525271"
"chr20","61399994","61400126","chr4","84675478","84675615","22","23275484"
"chr20","61400438","61400456","chr1","28547144","28547162","7","32853294"
"chr20","61403740","61404035","chr20","60883854","60884147","5","519886"
"chr20","61436214","61436275","chr17","478093","478136","27","60958121"
"chr20","61436271","61436349","chr13","24059413","24059502","32","37376858"
"chr20","61440175","61440494","chr20","60916816","60917138","10","523359"
"chr20","61440815","61441137","chr20","60917488","60917780","31","523327"
"chr20","61526490","61526710","chrX","77616848","77617066","35","16090358"
"chr20","61596631","61596746","chr8","26723415","26723536","29","34873216"
"chr20","61638014","61638276","chr1","11426996","11427266","41","50211018"
"chr20","61640435","61640577","chr8","24630008","24630158","35","37010427"
"chr20","61688638","61688736","chr3","181238196","181238292","18","119549558"
"chr20","61727455","61727757","chr3","162401695","162402000","37","100674240"
"chr20","61735642","61735683","chr18","17282170","17282223","14","44453472"
"chr20","61771749","61772051","chr20","61253486","61253787","1","518263"
"chr20","61832793","61832966","chr7","69727097","69727271","26","7894304"
"chr20","61842583","61842846","chr1","124399374","124399636","37","62556791"
"chr20","61856818","61857110","chr20","61344086","61344390","21","512732"
"chr20","61858270","61858554","chr20","61345551","61345838","5","512719"
"chr20","61890253","61890547","chr20","61380905","61381197","6","509348"
"chr20","61914490","61914668","chr5","178397697","178397875","29","116483207"
"chr20","61914945","61915087","chr7","90092678","90092807","22","28177733"
"chr21","43646965","43647261","chr21","30089786","30090082","3","13557179"
"chr21","14155299","14155435","chr2A","32693701","32693835","26","18538402"
"chr21","14200547","14200846","chr21","548122","548425","9","13652425"
"chr21","14268353","14268635","chr21","616428","616748","38","13651925"
"chr21","14668828","14669133","chr21","1017744","1018049","5","13651084"
"chr21","15055576","15055717","chr2A","53534830","53534976","24","38479254"
"chr21","15135869","15136158","chr21","1487706","1487994","1","13648163"
"chr21","15355302","15355607","chr21","1707847","1708157","6","13647455"
"chr21","15965866","15966179","chr17","26232760","26233035","72","10266894"
"chr21","16161862","16161997","chr21","2516680","2516816","1","13645182"
"chr21","16272634","16272922","chr21","2624398","2624684","8","13648236"
"chr21","16298061","16298362","chr21","2649648","2649953","7","13648413"
"chr21","16402761","16402871","chr5","139945451","139945585","36","123542690"
"chr21","16473301","16473579","chr21","2825821","2826103","6","13647480"
"chr21","16664467","16664656","chr12","40741439","40741620","42","24076972"
"chr21","16721961","16722134","chr6","37299122","37299292","29","20577161"
"chr21","17138674","17138845","chr6","21953816","21953987","36","4815142"
"chr21","17151196","17151500","chr21","3506581","3506886","3","13644615"
"chr21","17244146","17244447","chr21","3605198","3605491","10","13638948"
"chr21","17336995","17337289","chr21","3698433","3698741","17","13638562"
"chr21","17565542","17565665","chrX","124329806","124329928","15","106764264"
"chr21","17590413","17590707","chr21","3955529","3955824","3","13634884"
"chr21","17635928","17636228","chr21","4065891","4066188","31","13570037"
"chr21","17683984","17684285","chr21","4049564","4049863","8","13634420"
"chr21","17700211","17700507","chr21","4065891","4066188","3","13634320"
"chr21","17768943","17769231","chr21","4134685","4134974","10","13634258"
"chr21","17927105","17927209","chr2A","62538961","62539069","32","44611856"
"chr21","18025210","18025501","chr21","4390882","4391175","2","13634328"
"chr21","18273643","18273933","chr21","4641251","4641542","4","13632392"
"chr21","18386089","18386390","chr21","4754411","4754712","1","13631678"
"chr21","18424609","18424833","chr21","4793885","4794109","1","13630724"
"chr21","18504072","18504321","chr5","133513177","133513414","61","115009105"
"chr21","18537502","18537602","chr19","57751584","57751683","17","39214082"
"chr21","18775179","18775273","chr16","431671","431767","16","18343508"
"chr21","18942369","18942530","chr4","180552843","180553000","23","161610474"
"chr21","18992618","18992897","chr21","5359845","5360120","4","13632773"
"chr21","19120727","19121033","chr21","5487743","5488052","5","13632984"
"chr21","19128887","19129136","chr21","5495904","5496153","1","13632983"
"chr21","19161768","19162068","chr21","5528835","5529135","6","13632933"
"chr21","19225977","19226284","chr21","5593228","5593535","2","13632749"
"chr21","19364715","19364928","chr4","131278699","131278912","38","111913984"
"chr21","19431471","19431777","chr21","5800770","5801078","5","13630701"
"chr21","19443952","19444118","chr21","5813273","5813443","5","13630679"
"chr21","19608795","19609074","chr21","5978255","5978537","3","13630540"
"chr21","19658749","19659041","chr21","6028035","6028328","6","13630714"
"chr21","19876647","19876807","chr21","6243982","6244148","7","13632665"
"chr21","19962231","19962516","chr21","6330033","6330318","1","13632198"
"chr21","20058305","20058362","chr10","109823094","109823152","13","89764789"
"chr21","20245730","20246024","chr21","6616116","6616410","0","13629614"
"chr21","20393978","20394277","chr7","132114217","132114517","48","111720239"
"chr21","20422419","20422705","chr21","6791846","6792134","4","13630573"
"chr21","20814328","20814631","chr21","7185798","7186105","5","13628530"
"chr21","20825608","20825886","chr21","7197102","7197384","6","13628506"
"chr21","21024559","21024868","chr21","7395929","7396240","3","13628630"
"chr21","21302442","21302758","chr21","7675326","7675638","6","13627116"
"chr21","21395979","21396277","chr21","7770024","7770332","12","13625955"
"chr21","21446492","21446800","chr21","7820624","7820936","4","13625868"
"chr21","21943607","21943914","chr21","8323832","8324138","9","13619775"
"chr21","22152032","22152204","chr21","8531919","8532100","9","13620113"
"chr21","22173073","22173235","chr7","15507240","15507400","33","6665833"
"chr21","22453669","22453977","chr21","8831611","8831917","5","13622058"
"chr21","22460144","22460305","chr17","75589264","75589422","25","53129120"
"chr21","22491992","22492291","chr21","8869405","8869704","0","13622587"
"chr21","22495268","22495359","chr21","8872686","8872777","0","13622582"
"chr21","22542376","22542686","chr21","8919494","8919802","3","13622882"
"chr21","22547609","22547797","chr21","8924723","8924915","5","13622886"
"chr21","22648186","22648499","chr21","9025655","9025974","9","13622531"
"chr21","22649322","22649626","chr21","9026796","9027101","3","13622526"
"chr21","22759266","22759462","chr15","76355770","76355965","37","53596504"
"chr21","22986187","22986366","chr21","9361821","9361997","6","13624366"
"chr21","23312544","23312828","chr21","9671809","9672123","30","13640735"
"chr21","23356195","23356486","chr21","9742224","9742520","6","13613971"
"chr21","23363372","23363652","chr21","9749949","9750229","2","13613423"
"chr21","23428900","23429186","chr21","9816564","9816851","3","13612336"
"chr21","23481725","23482020","chr12","104709930","104710218","38","81228205"
"chr21","23571985","23572296","chr21","9957943","9958280","30","13614042"
"chr21","23608858","23609163","chr21","9994665","9994983","18","13614193"
"chr21","23778747","23779033","chr21","10161622","10161908","2","13617125"
"chr21","23780939","23781223","chr21","10163815","10164099","2","13617124"
"chr21","23842860","23842982","chr21","10225864","10225986","0","13616996"
"chr21","23953649","23953964","chrX","113968058","113968367","58","90014409"
"chr21","24034307","24034439","chr21","10417236","10417368","3","13617071"
"chr21","24219285","24219536","chr21","10601297","10601549","4","13617988"
"chr21","24272740","24272853","chr5","5624013","5624130","27","18648727"
"chr21","24314563","24314777","chr8","33653435","33653648","33","9338872"
"chr21","24415037","24415365","chr21","10794958","10795262","29","13620079"
"chr21","24477438","24477731","chr21","10861129","10861424","9","13616309"
"chr21","24598385","24598688","chr21","10981894","10982197","2","13616491"
"chr21","25104321","25104424","chr22","33938435","33938535","22","8834114"
"chr21","25374039","25374335","chr21","11759174","11759470","0","13614865"
"chr21","25392428","25392556","chr9","122440275","122440408","21","97047847"
"chr21","25495777","25496081","chr21","11881926","11882233","4","13613851"
"chr21","25614059","25614356","chr21","12000624","12000923","3","13613435"
"chr21","25686097","25686400","chr21","12072818","12073121","0","13613279"
"chr21","25699820","25700104","chr21","12086475","12086760","3","13613345"
"chr21","25871629","25871937","chr21","12231678","12231987","3","13639951"
"chr21","25882879","25883175","chr21","12242945","12243246","7","13639934"
"chr21","25933117","25933424","chr1","21949805","21950110","38","3983312"
"chr21","25934678","25934978","chr21","12294382","12294680","5","13640296"
"chr21","25961415","25961740","chr9","38699367","38699691","92","12737952"
"chr21","26075019","26075111","chr14","100673591","100673682","12","74598572"
"chr21","26139597","26139892","chr21","12498331","12498626","3","13641266"
"chr21","26195822","26196110","chr21","12554547","12554835","1","13641275"
"chr21","26299559","26299849","chr4","188864051","188864338","41","162564492"
"chr21","26539108","26539432","chr21","12898518","12898834","15","13640590"
"chr21","26585042","26585319","chr21","12944731","12945010","5","13640311"
"chr21","26703664","26703797","chr12","6546624","6546764","28","20157040"
"chr21","26725862","26726017","chr15","72927532","72927676","34","46201670"
"chr21","26893731","26893848","chr3","181143385","181143493","28","154249654"
"chr21","27486504","27486810","chr21","13838940","13839246","5","13647564"
"chr21","27548718","27548907","chr21","13902217","13902406","5","13646501"
"chr21","27669640","27669911","chr21","14021343","14021614","2","13648297"
"chr21","27670277","27670594","chr21","14021981","14022298","1","13648296"
"chr21","27690895","27691179","chrUn_GL393532","216295","216580","3","27474600"
"chr21","27735748","27736049","chr21","14084392","14084692","10","13651356"
"chr21","27781832","27781950","chr5","172392908","172393028","22","144611076"
"chr21","27892890","27893113","chr14","92096277","92096499","59","64203387"
"chr21","27962372","27962670","chr21","14318065","14318368","11","13644307"
"chr21","27964073","27964225","chr10","128633303","128633460","36","100669230"
"chr21","28023056","28023236","chr21","14376802","14376975","8","13646254"
"chr21","28087473","28087768","chr21","14441435","14441730","1","13646038"
"chr21","28316381","28316683","chr21","14668599","14668905","9","13647782"
"chr21","28360179","28360304","chr8","26723415","26723536","19","1636764"
"chr21","28433779","28434067","chr20","977212","977498","36","27456567"
"chr21","28634906","28635197","chr21","14990481","14990772","0","13644425"
"chr21","28767003","28767309","chr21","15123293","15123592","16","13643710"
"chr21","28805217","28805517","chr1","129438270","129438568","41","100633053"
"chr21","28808198","28808291","chr14","100673591","100673682","17","71865393"
"chr21","28810752","28810955","chr2A","71010109","71010318","47","42199357"
"chr21","28829989","28830292","chrX","40311096","40311393","48","11481107"
"chr21","28835024","28835258","chr17","9460553","9460787","34","19374471"
"chr21","28935504","28935587","chr3","181238196","181238292","30","152302692"
"chr21","28989293","28989402","chr2B","205936995","205937106","26","176947702"
"chr21","29180256","29180412","chr3","120850804","120850950","52","91670548"
"chr21","29180726","29180859","chr2B","212730579","212730709","14","183549853"
"chr21","29296088","29296209","chr6","159074849","159074952","28","129778761"
"chr21","29334877","29335103","chr21","15692361","15692587","4","13642516"
"chr21","29348114","29348410","chr21","15705648","15705950","6","13642466"
"chr21","29802934","29803241","chr21","16157535","16157847","13","13645399"
"chr21","29815077","29815385","chr21","16169676","16169983","4","13645401"
"chr21","29932848","29933146","chr21","16287736","16288044","19","13645112"
"chr21","29972416","29972494","chr5","113604153","113604232","13","83631737"
"chr21","30031473","30031770","chr21","16386919","16387219","5","13644554"
"chr21","30053565","30053619","chr7","70681514","70681568","15","40627949"
"chr21","30172698","30172993","chr21","16527764","16528056","5","13644934"
"chr21","30285954","30286254","chr21","16641224","16641527","6","13644730"
"chr21","30323896","30324204","chr21","16679068","16679365","12","13644828"
"chr21","30374451","30374727","chr21","16729633","16729914","5","13644818"
"chr21","30379429","30379564","chr2A","32693701","32693835","29","2314272"
"chr21","30431852","30431945","chr3","181238196","181238292","26","150806344"
"chr21","30686798","30687105","chr21","17043156","17043462","3","13643642"
"chr21","30866374","30866669","chr21","17220989","17221284","2","13645385"
"chr21","30912188","30912315","chr1","6844228","6844361","24","24067960"
"chr21","31011357","31011650","chr3","2425061","2425350","37","28586296"
"chr21","31073860","31073972","chr2B","199271339","199271453","23","168197479"
"chr21","31109400","31109694","chr10","102014686","102014986","46","70905286"
"chr21","31202050","31202280","chr21","17557789","17558019","0","13644261"
"chr21","31229958","31230252","chr1","129337688","129337979","45","98107730"
"chr21","31309914","31310217","chr21","17666493","17666793","3","13643421"
"chr21","31311383","31311698","chr21","17667931","17668231","18","13643452"
"chr21","31312743","31312878","chr2A","32693701","32693835","29","1380958"
"chr21","31313593","31313892","chr11","73502971","73503270","46","42189378"
"chr21","31378640","31378797","chr21","17736635","17736810","18","13642005"
"chr21","31397915","31398179","chr21","17754378","17754666","24","13643537"
"chr21","31408353","31408487","chr21","17764900","17765035","1","13643453"
"chr21","31477885","31478188","chr21","17835077","17835381","1","13642808"
"chr21","31489534","31489833","chr3","188931810","188932100","39","157442276"
"chr21","31507345","31507639","chr21","17865578","17865874","6","13641767"
"chr21","31512683","31512884","chr4","47115904","47116107","39","15603221"
"chr21","31598341","31598657","chr21","17956999","17957314","4","13641342"
"chr21","31608206","31608373","chr8","18480939","18481104","23","13127267"
"chr21","31751728","31752039","chr21","18113674","18113983","8","13638054"
"chr21","31924291","31924611","chr10","92010368","92010682","45","60086077"
"chr21","32040623","32040726","chr3","181238196","181238292","23","149197573"
"chr21","32181031","32181213","chr8","99468092","99468274","32","67287061"
"chr21","32195519","32195815","chr21","18556841","18557139","3","13638678"
"chr21","32274487","32274596","chr2B","210790127","210790232","25","178515640"
"chr21","32277087","32277358","chr15","29702399","29702674","59","2574688"
"chr21","32281677","32281990","chr11","71589563","71589871","40","39307886"
"chr21","32318757","32319034","chr21","18680880","18681193","37","13637877"
"chr21","32336189","32336334","chr19","38342116","38342260","37","6005927"
"chr21","32365580","32365867","chr21","18728228","18728513","3","13637352"
"chr21","32407796","32407918","chr21","18770468","18770596","6","13637328"
"chr21","32460371","32460664","chr21","18823180","18823474","2","13637191"
"chr21","32492150","32492363","chr8","38547759","38547992","53","6055609"
"chr21","32514041","32514133","chr1","160944586","160944680","16","128430545"
"chr21","32522308","32522589","chr21","18885006","18885310","24","13637302"
"chr21","32570515","32570810","chr3","33283512","33283805","32","712997"
"chr21","32576995","32577294","chr21","18939868","18940176","10","13637127"
"chr21","32602126","32602431","chr21","18965027","18965339","18","13637099"
"chr21","32676493","32676583","chr1","160944586","160944680","18","128268093"
"chr21","32680077","32680385","chr21","19043045","19043350","3","13637032"
"chr21","32982334","32982555","chr8","66919377","66919598","34","33937043"
"chr21","33014292","33014590","chr21","19379138","19379447","12","13635154"
"chr21","33021374","33021621","chr1","17116361","17116617","59","15905013"
"chr21","33125506","33125732","chr4","58459733","58459957","51","25334227"
"chr21","33160734","33160835","chr5","5624013","5624130","38","27536721"
"chr21","33186643","33186912","chr21","19553537","19553806","1","13633106"
"chr21","33197789","33198082","chr21","19564689","19564982","1","13633100"
"chr21","33224663","33224919","chr21","19592849","19593105","0","13631814"
"chr21","33296057","33296350","chr21","19664374","19664673","9","13631683"
"chr21","33319799","33320091","chr4","128264613","128264917","84","94944814"
"chr21","33326171","33326474","chr21","19694528","19694832","2","13631643"
"chr21","33349715","33349996","chr1","28773224","28773521","50","4576491"
"chr21","33353423","33353672","chr2B","240263975","240264225","26","206910552"
"chr21","33368191","33368488","chr21","19736916","19737214","2","13631275"
"chr21","33377406","33377702","chr21","19746150","19746450","7","13631256"
"chr21","33395492","33395619","chr4","115885085","115885224","29","82489593"
"chr21","33408357","33408655","chr21","19777353","19777648","6","13631004"
"chr21","33491624","33491931","chr21","19861511","19861820","3","13630113"
"chr21","33499211","33499503","chr21","19869111","19869403","2","13630100"
"chr21","33648591","33648882","chr21","20019156","20019450","6","13629435"
"chr21","33658059","33658382","chr5","83191914","83192220","75","49533855"
"chr21","33696850","33697161","chr2B","220814274","220814573","48","187117424"
"chr21","33765633","33765786","chr21","20136703","20136854","5","13628930"
"chr21","33816165","33816445","chr21","20186806","20187089","9","13629359"
"chr21","33976420","33976704","chr21","20346867","20347150","1","13629553"
"chr21","34119938","34120234","chr21","20490041","20490325","12","13629897"
"chr21","34155873","34156179","chr21","20525458","20525764","8","13630415"
"chr21","34158836","34158988","chr21","20528440","20528595","3","13630396"
"chr21","34170637","34170847","chr21","20540244","20540455","1","13630393"
"chr21","34231146","34231456","chr21","20601328","20601642","7","13629818"
"chr21","34304133","34304224","chr13","24059413","24059502","21","10244720"
"chr21","34425570","34425867","chr21","20796614","20796911","0","13628956"
"chr21","34602268","34602530","chr21","20973958","20974221","3","13628310"
"chr21","34605800","34606125","chr21","20977509","20977834","0","13628291"
"chr21","34639544","34639834","chr21","21011615","21011905","1","13627929"
"chr21","34706467","34706770","chr21","21078720","21079029","9","13627747"
"chr21","35403693","35403998","chr21","21777272","21777581","9","13626421"
"chr21","35659347","35659632","chr21","22034912","22035205","8","13624435"
"chr21","35788893","35789063","chr21","22163681","22163851","0","13625212"
"chr21","35854615","35854690","chr18","13216633","13216692","21","22637982"
"chr21","35902863","35903150","chr4","188864051","188864338","33","152961188"
"chr21","35910291","35910599","chr21","22283973","22284281","1","13626318"
"chr21","35926812","35927099","chr21","22300644","22300934","4","13626168"
"chr21","35950893","35950991","chr16","431671","431767","14","35519222"
"chr21","35954340","35954638","chr8","35518641","35518937","39","435699"
"chr21","36034080","36034370","chr21","22408265","22408560","5","13625815"
"chr21","36034618","36034915","chr21","22408808","22409102","4","13625810"
"chr21","36035198","36035350","chr4","113902899","113903048","21","77867701"
"chr21","36054406","36054530","chr14","54169995","54170134","35","18115589"
"chr21","36162964","36163184","chr21","22539847","22540070","5","13623117"
"chr21","36174010","36174217","chr21","22550921","22551128","2","13623089"
"chr21","36224435","36224558","chr1","6844228","6844361","29","29380207"
"chr21","36404930","36405035","chr20","16652596","16652702","24","19752334"
"chr21","36454625","36454913","chr21","22832468","22832756","0","13622157"
"chr21","36475391","36475685","chr21","22853101","22853402","8","13622290"
"chr21","36477020","36477316","chr21","22854737","22855032","5","13622283"
"chr21","36538975","36539270","chr21","22916591","22916888","3","13622384"
"chr21","36548242","36548530","chr21","22925883","22926171","0","13622359"
"chr21","36659125","36659225","chr22","33938435","33938535","19","2720690"
"chr21","36711124","36711428","chr21","23088931","23089237","4","13622193"
"chr21","36731378","36731502","chr16","73743066","73743197","30","37011688"
"chr21","36931991","36932205","chr21","23311327","23311539","2","13620664"
"chr21","37004609","37004908","chr21","23380712","23381015","6","13623897"
"chr21","37024862","37025054","chr21","23401070","23401265","4","13623792"
"chr21","37070525","37070645","chr5","172392908","172393028","29","135322383"
"chr21","37127953","37128230","chr21","23505431","23505710","3","13622522"
"chr21","37288432","37288745","chr21","23666747","23667063","9","13621685"
"chr21","37705881","37706168","chr21","24084602","24084891","2","13621279"
"chr21","37725525","37725817","chr21","24104259","24104551","2","13621266"
"chr21","37793649","37793945","chr21","24172579","24172875","4","13621070"
"chr21","37851758","37852066","chr21","24230826","24231146","13","13620932"
"chr21","38030125","38030406","chr21","24409161","24409445","6","13620964"
"chr21","38247633","38247921","chr21","24627318","24627606","3","13620315"
"chr21","38307661","38307777","chr2B","199271339","199271453","22","160963678"
"chr21","38355246","38355551","chr21","24734795","24735101","1","13620451"
"chr21","38569280","38569577","chr1","8521731","8522030","30","30047549"
"chr21","38685471","38685793","chr14","80349139","80349450","47","41663668"
"chr21","38739733","38739835","chr22","33938435","33938535","22","4801298"
"chr21","38906026","38906331","chr21","25283583","25283888","0","13622443"
"chr21","38965438","38965746","chr21","25343092","25343400","1","13622346"
"chr21","38985158","38985250","chr14","100673591","100673682","16","61688433"
"chr21","38989365","38989655","chr21","25364425","25364719","5","13624940"
"chr21","39026935","39027213","chr22","43143911","43144188","39","4116976"
"chr21","39031796","39032096","chr21","25417948","25418245","4","13613848"
"chr21","39073629","39073907","chr9","38381368","38381639","56","692261"
"chr21","39124719","39124917","chr1","62505798","62506007","39","23381079"
"chr21","39202514","39202701","chr21","25590517","25590732","30","13611997"
"chr21","39380785","39381071","chr6","159959599","159959886","33","120578814"
"chr21","39964597","39964702","chr3","181238196","181238292","25","141273599"
"chr21","39980374","39980612","chr21","26371232","26371472","2","13609142"
"chr21","40001928","40002228","chr21","26392755","26393059","4","13609173"
"chr21","40084725","40084865","chr1","12171286","12171426","19","27913439"
"chr21","40201069","40201375","chr21","26594174","26594480","2","13606895"
"chr21","40248426","40248529","chr2B","210790127","210790232","25","170541701"
"chr21","40329808","40330101","chr21","26723484","26723777","1","13606324"
"chr21","40410337","40410608","chr21","26804340","26804611","1","13605997"
"chr21","40470603","40470908","chr21","26864639","26864947","5","13605964"
"chr21","40532411","40532710","chr6","8189054","8189353","33","32343357"
"chr21","40668239","40668548","chr2A","34312391","34312700","37","6355848"
"chr21","40756001","40756139","chr2A","32693701","32693835","27","8062300"
"chr21","40790759","40791069","chr21","27186309","27186619","3","13604450"
"chr21","40876383","40876675","chr21","27272607","27272900","1","13603776"
"chr21","40915847","40916144","chr21","27312524","27312825","4","13603323"
"chr21","41083209","41083517","chr21","27481431","27481733","6","13601778"
"chr21","41158316","41158616","chr6","153936355","153936655","41","112778039"
"chr21","41206604","41206681","chr8","46091691","46091777","22","4885087"
"chr21","41373771","41374083","chr1","31250694","31251004","55","10123077"
"chr21","41488972","41489277","chr21","27912867","27913163","10","13576105"
"chr21","41507650","41507946","chr4","168417425","168417719","42","126909775"
"chr21","41516758","41516896","chr21","27940940","27941078","1","13575818"
"chr21","41574262","41574552","chr21","27999036","27999325","9","13575226"
"chr21","41585395","41585698","chr21","28010206","28010513","4","13575189"
"chr21","41614604","41614880","chr1","160836790","160837080","47","119222186"
"chr21","41744331","41744628","chr4","167882463","167882760","26","126138132"
"chr21","41780188","41780492","chr17","45511696","45512004","41","3731508"
"chr21","41826253","41826554","chr21","28253137","28253438","0","13573116"
"chr21","41866781","41867092","chr21","28293800","28294102","13","13572981"
"chr21","41962704","41963012","chr21","28389245","28389553","2","13573459"
"chr21","42098327","42098495","chr12","40340649","40340811","35","1757678"
"chr21","42135396","42135647","chr15","37512747","37512997","32","4622649"
"chr21","42226547","42226841","chr6","156417858","156418150","45","114191311"
"chr21","42357663","42357789","chr4","89635842","89635967","31","47278179"
"chr21","42415372","42415478","chr20","16652596","16652702","15","25762776"
"chr21","42466684","42466957","chr21","28896316","28896595","9","13570368"
"chr21","42483288","42483388","chr12","3884361","3884460","10","38598927"
"chr21","42512797","42512896","chr20","16652596","16652702","23","25860201"
"chr21","42513302","42513594","chr21","28942543","28942835","0","13570759"
"chr21","42523344","42523459","chr2B","205936995","205937106","28","163413651"
"chr21","42526317","42526514","chr7","121024628","121024837","36","78498311"
"chr21","42531773","42532071","chr21","28961920","28962218","1","13569853"
"chr21","42537630","42537812","chr10","27787780","27787962","34","14749850"
"chr21","42582453","42582551","chr9","80389825","80389922","18","37807372"
"chr21","42585064","42585197","chr13","24830538","24830666","28","17754526"
"chr21","42586394","42586566","chr21","29016060","29016232","0","13570334"
"chr21","42628249","42628572","chr21","29059242","29059565","1","13569007"
"chr21","42695096","42695193","chr17","13332748","13332838","18","29362348"
"chr21","42739489","42739642","chr21","29174096","29174250","2","13565393"
"chr21","42753261","42753516","chr21","29187813","29188038","32","13565448"
"chr21","42777207","42777510","chr21","29211896","29212195","10","13565311"
"chr21","42857200","42857484","chr21","29296412","29296696","3","13560788"
"chr21","42864085","42864375","chr21","29303359","29303649","2","13560726"
"chr21","42953410","42953682","chr21","29394158","29394455","27","13559252"
"chr21","43126052","43126346","chr21","29565543","29565838","2","13560509"
"chr21","43220687","43220800","chr20","16652596","16652702","22","26568091"
"chr21","43235421","43235722","chr21","29676724","29677025","3","13558697"
"chr21","43270412","43270682","chr21","29710935","29711232","29","13559477"
"chr21","43275240","43275549","chr21","29715260","29715569","0","13559980"
"chr21","43430104","43430384","chr10","1734402","1734675","42","41695702"
"chr21","43481219","43481423","chr3","145547243","145547422","48","102066024"
"chr21","43561460","43561765","chr21","30003020","30003325","4","13558440"
"chr21","43599288","43599600","chr21","30042089","30042398","9","13557199"
"chr21","43623637","43623736","chr14","100673591","100673682","19","57049954"
"chr21","43631067","43631354","chr21","30073759","30074046","1","13557308"
"chr21","43649123","43649355","chr11","22214018","22214251","32","21435105"
"chr21","43766630","43766830","chr21","30211597","30211797","3","13555033"
"chr21","43776257","43776340","chr15","68008805","68008888","9","24232548"
"chr21","43804768","43805024","chr21","30250521","30250775","4","13554247"
"chr21","43820928","43821227","chr21","30266825","30267128","7","13554103"
"chr21","43825188","43825486","chr7","158571729","158572022","36","114746541"
"chr21","43852793","43852865","chr3","49847781","49847858","12","5994988"
"chr21","43914081","43914373","chr21","30361010","30361301","7","13553071"
"chr21","43950525","43950813","chr21","30395121","30395412","12","13555404"
"chr21","43987893","43988192","chr21","30432676","30432975","2","13555217"
"chr21","44145421","44145713","chr4","191887647","191887939","35","147742226"
"chr21","44221357","44221671","chr21","30636480","30636795","3","13584877"
"chr21","44234324","44234612","chr21","30649317","30649608","7","13585007"
"chr21","44309783","44309895","chr2B","199271339","199271453","24","154961556"
"chr21","44407529","44407818","chr3","12338533","12338817","38","32068996"
"chr21","44491322","44491451","chr16","73743066","73743197","31","29251744"
"chr21","44652037","44652333","chr21","31071670","31071966","1","13580367"
"chr21","45144061","45144188","chr2A","32693701","32693835","28","12450360"
"chr21","45476874","45477111","chr21","31901351","31901589","7","13575523"
"chr21","45581527","45581812","chr8","141990386","141990678","35","96408859"
"chr21","45619066","45619209","chr1","20767343","20767488","26","24851723"
"chr21","45621653","45621941","chr10","117384661","117384954","40","71763008"
"chr21","45830365","45830670","chr7","114046668","114046967","40","68216303"
"chr21","45872117","45872340","chr21","32312077","32312300","0","13560040"
"chr21","45898506","45898676","chrUn_GL393541","6222","6394","25","45892284"
"chr21","45913237","45913332","chr19","57751584","57751683","21","11838347"
"chr21","45950580","45950877","chr19","43073971","43074268","38","2876609"
"chr21","46051256","46051548","chr21","32494609","32494900","1","13556647"
"chr21","46061369","46061633","chr21","32504811","32505095","20","13556558"
"chr21","46239764","46239899","chr4","115885085","115885224","26","69645321"
"chr21","46241485","46241790","chr21","32686031","32686340","7","13555454"
"chr22","23724006","23724138","chr14","62610265","62610395","14","38886259"
"chr22","32112389","32112688","chr22","31926705","31927003","3","185684"
"chr22","15860371","15860479","chr5","172392908","172393028","23","156532537"
"chr22","15939606","15939893","chr22","15934622","15934912","9","4984"
"chr22","15944377","15944593","chr7","156184570","156184783","31","140240193"
"chr22","15955388","15955671","chr22","15949996","15950280","2","5392"
"chr22","16000331","16000640","chr22","15995916","15996225","4","4415"
"chr22","16019176","16019488","chr22","16014943","16015254","3","4233"
"chr22","16020275","16020555","chr5","18671848","18672126","65","2651573"
"chr22","16020584","16020597","chr1","28547144","28547162","7","12526560"
"chr22","16033942","16034092","chr9","4951919","4952080","32","11082023"
"chr22","16058734","16058902","chr19","5766384","5766553","24","10292350"
"chr22","16063819","16064078","chr22","16061405","16061656","14","2414"
"chr22","16065337","16065644","chr22","16063221","16063535","11","2116"
"chr22","16090756","16091006","chr8","34186537","34186789","38","18095781"
"chr22","16097868","16097994","chr6","36107768","36107898","15","20009900"
"chr22","16103951","16104250","chr1","35380709","35381003","34","19276758"
"chr22","16120030","16120262","chr7","65493243","65493462","44","49373213"
"chr22","16173235","16173545","chr22","16183788","16184098","0","10553"
"chr22","16177330","16177415","chr13","24059413","24059502","17","7882083"
"chr22","16184413","16184716","chr22","16196049","16196352","2","11636"
"chr22","16189235","16189369","chr2A","32693701","32693835","27","16504466"
"chr22","16190423","16190526","chr6","159074849","159074952","18","142884426"
"chr22","16221568","16221862","chr22","16236389","16236687","10","14821"
"chr22","16250317","16250496","chr1","128198509","128198667","49","111948192"
"chr22","16281660","16281929","chr12","15013797","15014076","35","1267863"
"chr22","16283445","16283645","chr12","8145977","8146174","33","8137468"
"chr22","16304334","16304618","chr5","83379866","83380162","44","67075532"
"chr22","16341554","16341780","chr22","16360171","16360398","4","18617"
"chr22","16349472","16349785","chr22","16370849","16371158","11","21377"
"chr22","16358856","16359138","chr22","16379399","16379703","24","20543"
"chr22","16370479","16370789","chr14","55584861","55585170","36","39214382"
"chr22","16392918","16393006","chr14","100673591","100673682","19","84280673"
"chr22","16433042","16433328","chr11","76279409","76279692","63","59846367"
"chr22","16455738","16456034","chr22","16480304","16480598","5","24566"
"chr22","16459443","16459553","chr16","4729188","4729297","19","11730255"
"chr22","16483721","16483977","chr22","16509419","16509676","2","25698"
"chr22","16492827","16493137","chr22","16518410","16518720","4","25583"
"chr22","16515836","16516111","chr22","16541871","16542146","1","26035"
"chr22","16518643","16518767","chr9","122440275","122440408","26","105921632"
"chr22","16534250","16534547","chr22","16559410","16559707","2","25160"
"chr22","16542555","16542848","chr22","16567945","16568243","6","25390"
"chr22","16555519","16555770","chr22","16580654","16580905","1","25135"
"chr22","16829361","16829655","chr2A","63086723","63087016","27","46257362"
"chr22","16877368","16877667","chr22","16912479","16912780","4","35111"
"chr22","16878048","16878170","chr4","75964418","75964542","10","59086370"
"chr22","16913766","16913907","chr22","16951050","16951208","18","37284"
"chr22","16944743","16945051","chr4","130547535","130547834","41","113602792"
"chr22","16946054","16946232","chr22","28740299","28740471","30","11794245"
"chr22","16954585","16954698","chr2A","62538961","62539069","24","45584376"
"chr22","16962652","16962960","chr22","17003216","17003528","6","40564"
"chr22","17421108","17421219","chr20","16652596","16652702","24","768512"
"chr22","17578404","17578495","chr20","16652596","16652702","35","925808"
"chr22","17777715","17778002","chr22","17750575","17750857","5","27140"
"chr22","17801859","17802160","chr22","17775803","17776104","1","26056"
"chr22","17849809","17849997","chr9","127364206","127364384","33","109514397"
"chr22","17926310","17926404","chr13","24059413","24059502","18","6133103"
"chr22","18010588","18010887","chr22","17987966","17988265","3","22622"
"chr22","18270016","18270305","chr22","18256907","18257197","5","13109"
"chr22","18333114","18333278","chr11","124492028","124492191","20","106158914"
"chr22","18356728","18357028","chr22","18349049","18349349","2","7679"
"chr22","18360365","18360508","chr8","119345289","119345437","27","100984924"
"chr22","18386219","18386527","chr22","18379974","18380282","2","6245"
"chr22","18400102","18400191","chr12","12586014","12586108","19","5814088"
"chr22","19103342","19103395","chr17","532122","532172","10","18571220"
"chr22","19145368","19145674","chr22","19093999","19094307","4","51369"
"chr22","19183579","19183874","chr22","19130660","19130957","5","52919"
"chr22","19184375","19184661","chr13","51345410","51345692","37","32161035"
"chr22","19185166","19185454","chr22","19132247","19132535","3","52919"
"chr22","19249603","19249880","chr22","19196868","19197146","5","52735"
"chr22","19309875","19310186","chr22","19258197","19258510","5","51678"
"chr22","19515404","19515546","chr14","68364211","68364351","14","48848807"
"chr22","19515662","19515949","chr22","19470285","19470571","1","45377"
"chr22","19522651","19522954","chr22","19477865","19478164","5","44786"
"chr22","19582566","19582833","chr22","19540316","19540583","1","42250"
"chr22","19608906","19609195","chr22","19564872","19565186","30","44034"
"chr22","19611066","19611386","chr5","95875778","95876087","63","76264712"
"chr22","19620002","19620153","chr12","38687569","38687715","30","19067567"
"chr22","19647139","19647418","chr3","33283512","33283805","61","13636373"
"chr22","19648404","19648498","chr3","181238196","181238292","17","161589792"
"chr22","19688939","19689231","chr8","27217963","27218254","45","7529024"
"chr22","19752008","19752306","chr22","19710468","19710767","1","41540"
"chr22","19827863","19827962","chr1","160944586","160944680","17","141116723"
"chr22","20174168","20174461","chr19","57266614","57266900","32","37092446"
"chr22","20179134","20179423","chr22","20093512","20093802","2","85622"
"chr22","20187646","20187949","chr22","20102586","20102891","2","85060"
"chr22","20204540","20204781","chr22","20120625","20120861","6","83915"
"chr22","20209322","20209626","chr1","161196657","161196961","32","140987335"
"chr22","20210203","20210490","chr13","100514495","100514783","43","80304292"
"chr22","20212146","20212244","chr6","43284224","43284341","31","23072078"
"chr22","20222912","20223218","chr22","20140273","20140580","4","82639"
"chr22","20317236","20317544","chr22","20238749","20239059","4","78487"
"chr22","20324575","20324732","chr14","49207210","49207370","37","28882635"
"chr22","20360686","20360868","chr22","20277627","20277810","2","83059"
"chr22","20375164","20375400","chr15","78367394","78367645","44","57992230"
"chr22","20375511","20375683","chr4","84146256","84146422","26","63770745"
"chr22","20380885","20381183","chr22","20298650","20298952","19","82235"
"chr22","20387231","20387401","chr1","54397545","54397708","35","34010314"
"chr22","20396197","20396381","chr8","124006450","124006630","50","103610253"
"chr22","20400138","20400427","chr1","153275358","153275649","43","132875220"
"chr22","20420566","20420863","chr22","20339408","20339698","9","81158"
"chr22","20424574","20424882","chr22","20343433","20343746","6","81141"
"chr22","20445188","20445456","chr1","124399374","124399636","34","103954186"
"chr22","20458442","20458752","chr22","20379696","20380006","2","78746"
"chr22","20474381","20474722","chr22","20395895","20396198","67","78486"
"chr22","20479467","20479758","chr22","20401450","20401750","9","78017"
"chr22","20494694","20494803","chr1","87599106","87599219","29","67104412"
"chr22","20496303","20496492","chr22","20417959","20418148","0","78344"
"chr22","20497510","20497707","chr22","20419947","20420171","28","77563"
"chr22","20502580","20502858","chr5","125265839","125266119","41","104763259"
"chr22","20508301","20508415","chr20","16652596","16652702","31","3855705"
"chr22","20513599","20513901","chr22","20436184","20436487","5","77415"
"chr22","20514293","20514589","chr21","10794958","10795262","45","9719335"
"chr22","20515776","20516087","chr22","20439278","20439587","2","76498"
"chr22","20526425","20526721","chr22","20449945","20450242","3","76480"
"chr22","20532096","20532392","chr14","92918679","92918974","39","72386583"
"chr22","20587070","20587361","chr22","20511132","20511421","3","75938"
"chr22","20614972","20615283","chr22","20540794","20541111","11","74178"
"chr22","20664149","20664457","chr22","20590528","20590835","5","73621"
"chr22","20807323","20807624","chr22","20733547","20733849","3","73776"
"chr22","20834104","20834203","chr8","56172466","56172564","17","35338362"
"chr22","21639771","21640022","chr22","21561238","21561489","0","78533"
"chr22","21705916","21706043","chrX","97546574","97546704","9","75840658"
"chr22","21745132","21745448","chr22","21669938","21670256","5","75194"
"chr22","21794774","21794903","chr6","84298883","84299012","25","62504109"
"chr22","21800495","21800793","chr22","21726667","21726966","1","73828"
"chr22","21938365","21938468","chr1","160944586","160944680","22","139006221"
"chr22","22016437","22016726","chr22","22860964","22861255","5","844527"
"chr22","22025720","22025994","chr13","29635769","29636062","42","7610049"
"chr22","22115151","22115474","chr22","22960630","22960953","0","845479"
"chr22","22148368","22148629","chr1","124399374","124399636","33","102251006"
"chr22","22149220","22149518","chr22","22995276","22995575","1","846056"
"chr22","22231863","22232070","chr4","148947151","148947354","37","126715288"
"chr22","22266105","22266413","chr3","188322584","188322893","41","166056479"
"chr22","22279639","22279943","chr15","39477035","39477341","37","17197396"
"chr22","22310621","22310918","chr22","21916511","21916812","5","394110"
"chr22","22346253","22346549","chr22","21954842","21955141","4","391411"
"chr22","22421773","22421890","chr9","69573837","69573962","30","47152064"
"chr22","22421919","22421933","chr1","28547144","28547162","7","6125225"
"chr22","22452119","22452244","chr5","172392908","172393028","24","149940789"
"chr22","22454971","22455082","chr2B","207026815","207026935","28","184571844"
"chr22","22500780","22500869","chr14","100673591","100673682","23","78172811"
"chr22","22563485","22563644","chr4","40065116","40065274","33","17501631"
"chr22","22576448","22576622","chr22","22201178","22201345","10","375270"
"chr22","22588295","22588506","chr1","31209520","31209734","54","8621225"
"chr22","22590637","22590732","chr7","112797537","112797633","24","90206900"
"chr22","22611256","22611357","chr17","74283568","74283659","22","51672312"
"chr22","22719931","22720200","chr22","22351823","22352089","3","368108"
"chr22","22754171","22754476","chr22","22387033","22387343","20","367138"
"chr22","22760386","22760681","chr22","22393171","22393466","1","367215"
"chr22","22850778","22850951","chr17","13843105","13843274","26","9007673"
"chr22","22878010","22878107","chr11","20358123","20358224","16","2519887"
"chr22","23372214","23372516","chr22","23272532","23272834","2","99682"
"chr22","23391021","23391173","chr2A","107195506","107195649","26","83804485"
"chr22","23410693","23410814","chr10","10606360","10606481","13","12804333"
"chr22","23412988","23413277","chr22","23313958","23314250","6","99030"
"chr22","23422600","23422904","chr22","23323521","23323829","7","99079"
"chr22","23425229","23425541","chr22","23326455","23326768","1","98774"
"chr22","23480409","23480723","chr22","23381368","23381679","5","99041"
"chr22","23513499","23513805","chr22","23414774","23415080","1","98725"
"chr22","23526107","23526402","chr22","23427414","23427709","2","98693"
"chr22","23541496","23541789","chr6","17799714","17800011","38","5741782"
"chr22","23623241","23623525","chr22","23518651","23518936","3","104590"
"chr22","23629922","23630231","chr22","23524976","23525274","13","104946"
"chr22","23635315","23635614","chr1","53490363","53490659","35","29855048"
"chr22","23655232","23655400","chr20","45549956","45550123","29","21894724"
"chr22","23723560","23723725","chr1","54397545","54397708","23","30673985"
"chr22","23831397","23831688","chr22","23731302","23731597","5","100095"
"chr22","23850303","23850602","chr22","23749740","23750038","1","100563"
"chr22","23854573","23854682","chr11","20358123","20358224","20","3496450"
"chr22","23878438","23878747","chr22","23789682","23789992","3","88756"
"chr22","24025972","24026273","chr22","23954476","23954777","0","71496"
"chr22","24040827","24041141","chr22","23969323","23969636","4","71504"
"chr22","24065842","24065923","chr8","46091691","46091777","19","22025849"
"chr22","24074052","24074321","chr22","24002281","24002554","5","71771"
"chr22","24212826","24212950","chr5","172392908","172393028","23","148180082"
"chr22","24229623","24229747","chr4","51557575","51557711","28","27327952"
"chr22","24244332","24244637","chr22","24099448","24099757","5","144884"
"chr22","24246287","24246374","chr22","24101407","24101494","0","144880"
"chr22","24303117","24303416","chr22","24157104","24157403","1","146013"
"chr22","24324366","24324477","chr3","198268184","198268291","24","173943818"
"chr22","24332198","24332514","chr1","178839374","178839679","58","154507176"
"chr22","24437746","24438113","chr22","24298149","24298518","6","139597"
"chr22","24495460","24495735","chr22","24357482","24357757","2","137978"
"chr22","24503111","24503405","chr17","78044265","78044554","28","53541154"
"chr22","24544049","24544348","chr1","29189596","29189901","46","4645547"
"chr22","24548581","24548861","chr22","24410352","24410638","7","138229"
"chr22","24623166","24623449","chr4","188864051","188864338","38","164240885"
"chr22","24633267","24633571","chr22","24496165","24496470","4","137102"
"chr22","24742350","24742649","chr22","24606941","24607241","4","135409"
"chr22","24829541","24829852","chr22","24694922","24695238","10","134619"
"chr22","25272116","25272395","chr22","25149681","25149960","1","122435"
"chr22","25306616","25306711","chr13","24059413","24059502","27","1247203"
"chr22","25359393","25359675","chr9","33729184","33729467","25","8369791"
"chr22","25366647","25366800","chr22","25247579","25247732","2","119068"
"chr22","25378210","25378324","chr3","181143385","181143493","27","155765175"
"chr22","25379695","25379897","chr15","63431227","63431436","40","38051532"
"chr22","25388061","25388375","chr6","57153558","57153867","40","31765497"
"chr22","25612491","25612655","chr13","26988435","26988596","22","1375944"
"chr22","25642996","25643243","chr22","25528533","25528781","2","114463"
"chr22","25654744","25655031","chr22","25540288","25540575","2","114456"
"chr22","25936810","25936972","chr4","40065116","40065274","18","14128306"
"chr22","26203184","26203390","chr22","26100415","26100621","3","102769"
"chr22","26297203","26297504","chr1","122317406","122317704","49","96020203"
"chr22","26338758","26339053","chr22","26237815","26238114","11","100943"
"chr22","26620511","26620831","chr22","26528470","26528792","9","92041"
"chr22","26728215","26728296","chr3","122317918","122317994","10","95589703"
"chr22","27081356","27081682","chr22","26997131","26997473","19","84225"
"chr22","27185425","27185581","chr14","49207210","49207370","26","22021785"
"chr22","27231477","27231763","chr13","51345410","51345692","34","24113933"
"chr22","27437356","27437433","chr9","103993079","103993149","16","76555723"
"chr22","27442653","27442794","chr1","214242319","214242461","18","186799666"
"chr22","27443086","27443219","chrX","97546574","97546704","18","70103488"
"chr22","27505868","27506158","chr22","27428568","27428859","7","77300"
"chr22","27517550","27517715","chr14","62658959","62659119","27","35141409"
"chr22","27531672","27531967","chr22","27455842","27456143","7","75830"
"chr22","27572415","27572505","chr13","24059413","24059502","15","3513002"
"chr22","27611517","27611711","chr5","76266656","76266847","31","48655139"
"chr22","27632802","27632899","chr14","100673591","100673682","14","73040789"
"chr22","27645880","27646175","chr22","27579798","27580098","9","66082"
"chr22","27654979","27655281","chr22","27588914","27589216","0","66065"
"chr22","27658659","27658866","chr22","27592600","27592816","9","66059"
"chr22","27665327","27665634","chr22","27599849","27600155","3","65478"
"chr22","27712662","27712964","chr4","161667646","161667944","34","133954984"
"chr22","27730458","27730542","chr15","68008805","68008888","10","40278347"
"chr22","28053707","28053842","chr7","156274717","156274856","16","128221010"
"chr22","28091532","28091670","chr14","60458926","60459066","18","32367394"
"chr22","28141479","28141615","chr19","13078691","13078823","18","15062788"
"chr22","28141851","28142015","chr9","122658267","122658422","42","94516416"
"chr22","28195933","28196239","chr15","73820613","73820920","38","45624680"
"chr22","28235883","28236181","chrUn_GL393493","8116","8417","6","28227767"
"chr22","28238333","28238627","chr6","151388294","151388582","36","123149961"
"chr22","28283541","28283684","chr12","95708278","95708420","21","67424737"
"chr22","28294724","28294889","chr22","28119054","28119219","3","175670"
"chr22","28300003","28300312","chr22","28124341","28124650","0","175662"
"chr22","28302796","28302971","chrX","48621522","48621708","51","20318726"
"chr22","28333835","28334143","chr22","28157684","28157992","7","176151"
"chr22","28343214","28343279","chr1","33246348","33246407","23","4903134"
"chr22","28358676","28358782","chr6","159074849","159074952","15","130716173"
"chr22","28373047","28373158","chr10","85846154","85846274","29","57473107"
"chr22","28380517","28380613","chr3","181238196","181238292","18","152857679"
"chr22","28389093","28389198","chr14","100673591","100673682","25","72284498"
"chr22","28413157","28413273","chr2B","205936995","205937106","24","177523838"
"chr22","28445776","28445948","chrX","112054166","112054338","39","83608390"
"chr22","28450058","28450350","chr22","28275210","28275519","17","174848"
"chr22","28459157","28459244","chr12","12586014","12586108","17","15873143"
"chr22","28460925","28461232","chr17","67059997","67060301","32","38599072"
"chr22","28509449","28509743","chr22","28336524","28336819","1","172925"
"chr22","28545030","28545291","chr22","28371269","28371496","42","173761"
"chr22","28624891","28625175","chr22","28453417","28453702","6","171474"
"chr22","28644538","28644714","chr3","37511028","37511205","26","8866490"
"chr22","28668321","28668623","chr22","28501410","28501712","2","166911"
"chr22","28684011","28684125","chr2B","207026815","207026935","23","178342804"
"chr22","28733915","28734039","chr5","172392908","172393028","16","143658993"
"chr22","28738974","28739277","chr22","28575418","28575721","0","163556"
"chr22","28745567","28745828","chr4","66623464","66623736","63","37877897"
"chr22","28747252","28747509","chr6","22020666","22020925","35","6726586"
"chr22","28772731","28772924","chr22","16225217","16225380","56","12547514"
"chr22","28811017","28811097","chr11","8774884","8774956","30","20036133"
"chr22","28816742","28817050","chr22","28652793","28653099","3","163949"
"chr22","28830494","28830667","chr6","42414698","42414867","38","13584204"
"chr22","28836418","28836728","chr22","28672549","28672859","0","163869"
"chr22","28903682","28903849","chr22","28740299","28740471","6","163383"
"chr22","28947845","28948038","chr1","42863010","42863201","46","13915165"
"chr22","28951710","28952009","chr22","28790182","28790483","5","161528"
"chr22","28980535","28980829","chr22","28819038","28819334","2","161497"
"chr22","29044999","29045294","chr22","28883639","28883934","0","161360"
"chr22","29151381","29151673","chr6","53201637","53201933","30","24050256"
"chr22","29222853","29223137","chr15","53319808","53320090","37","24096955"
"chr22","29238641","29238779","chr17","13725819","13725948","27","15512822"
"chr22","29242335","29242574","chr2B","122162547","122162778","53","92920212"
"chr22","29355286","29355464","chr14","96271883","96272052","34","66916597"
"chr22","29388182","29388301","chr21","18770468","18770596","40","10617714"
"chr22","29391008","29391298","chr22","29237676","29237967","2","153332"
"chr22","29455757","29456047","chr22","29302451","29302744","5","153306"
"chr22","29480000","29480097","chr1","160944586","160944680","17","131464586"
"chr22","29495908","29496216","chr8","39662349","39662659","51","10166441"
"chr22","29514395","29514512","chr2A","62538961","62539069","24","33024566"
"chr22","29519085","29519387","chr22","29368652","29368955","4","150433"
"chr22","29524879","29525189","chr22","29374743","29375049","10","150136"
"chr22","29526537","29526842","chr22","29376283","29376588","6","150254"
"chr22","29562256","29562311","chr10","102411920","102411980","12","72849664"
"chr22","29566163","29566328","chr1","47645823","47645989","24","18079660"
"chr22","29568838","29569109","chr16","4208627","4208888","25","25360211"
"chr22","29672312","29672608","chr10","120134000","120134298","32","90461688"
"chr22","29689018","29689314","chr22","29542086","29542382","7","146932"
"chr22","29769383","29769687","chr22","29625404","29625697","12","143979"
"chr22","29778498","29778624","chr21","2516680","2516816","22","27261818"
"chr22","29876869","29877181","chr22","29691379","29691691","2","185490"
"chr22","29891508","29891805","chr22","29707164","29707462","1","184344"
"chr22","30012434","30012668","chr22","29841524","29841759","2","170910"
"chr22","30036329","30036443","chr18","46323703","46323831","33","16287374"
"chr22","30067800","30068098","chr17","81975111","81975406","36","51907311"
"chr22","30073185","30073484","chr22","29907353","29907653","1","165832"
"chr22","30074199","30074475","chr22","29908372","29908648","0","165827"
"chr22","30115228","30115529","chr1","21949805","21950110","34","8165423"
"chr22","30147056","30147350","chr22","29981224","29981520","4","165832"
"chr22","30152895","30153055","chr22","29987080","29987240","0","165815"
"chr22","30166719","30167029","chr22","30000913","30001224","6","165806"
"chr22","30169620","30169772","chrX","71354640","71354795","30","41185020"
"chr22","30198269","30198412","chr10","106630574","106630719","23","76432305"
"chr22","30225047","30225230","chr22","30033402","30033585","0","191645"
"chr22","30240605","30240686","chr8","46091691","46091777","20","15851086"
"chr22","30248725","30249030","chr22","30057682","30057987","3","191043"
"chr22","30277892","30278186","chr11","81612582","81612877","34","51334690"
"chr22","30287519","30287687","chr22","30098941","30099108","1","188578"
"chr22","30293632","30293920","chr22","30105047","30105335","1","188585"
"chr22","30296150","30296414","chr1","92329969","92330229","62","62033819"
"chr22","30301405","30301500","chrX","121242710","121242805","20","90941305"
"chr22","30301877","30302000","chr7","112797358","112797487","29","82495481"
"chr22","30326956","30327241","chrX","115763286","115763566","54","85436330"
"chr22","30380217","30380508","chr7","66849030","66849321","33","36468813"
"chr22","30404619","30404714","chr15","38195761","38195857","24","7791142"
"chr22","30405188","30405504","chr22","30208840","30209155","2","196348"
"chr22","30416707","30416808","chr13","66819607","66819707","15","36402900"
"chr22","30416809","30417018","chr22","30230725","30230937","5","186084"
"chr22","30425636","30425920","chr22","30239141","30239426","3","186495"
"chr22","30439659","30439961","chr22","30253677","30253982","5","185982"
"chr22","30444440","30444728","chr22","30258220","30258508","0","186220"
"chr22","30472387","30472692","chr22","30286115","30286423","3","186272"
"chr22","30483959","30484069","chr6","159074849","159074952","26","128590890"
"chr22","30552302","30552546","chr22","30365177","30365422","1","187125"
"chr22","30603316","30603616","chr22","30414357","30414659","4","188959"
"chr22","30612920","30613217","chr5","103015431","103015728","42","72402511"
"chr22","30631898","30632191","chr10","12181881","12182169","39","18450017"
"chr22","30640053","30640284","chr3","161206348","161206577","34","130566295"
"chr22","30651103","30651409","chr22","30462925","30463232","1","188178"
"chr22","30652719","30653011","chr22","30464425","30464721","8","188294"
"chr22","30662060","30662176","chr3","181143385","181143493","24","150481325"
"chr22","30671638","30671736","chr3","181238196","181238292","22","150566558"
"chr22","30676278","30676573","chr1","129573297","129573591","70","98897019"
"chr22","30678876","30678996","chr5","172392908","172393028","31","141714032"
"chr22","30712181","30712474","chr22","30524585","30524879","1","187596"
"chr22","30748192","30748287","chr12","12586014","12586108","17","18162178"
"chr22","30761606","30761917","chr22","30574218","30574526","3","187388"
"chr22","30779729","30779842","chr2B","205936995","205937106","18","175157266"
"chr22","30817277","30817462","chr11","9083840","9084022","33","21733437"
"chr22","30856238","30856321","chr8","46091691","46091777","18","15235453"
"chr22","30858980","30859076","chr12","12586014","12586108","25","18272966"
"chr22","30884552","30884634","chr2A","75638554","75638634","11","44754002"
"chr22","30893953","30894109","chr17","8550529","8550674","34","22343424"
"chr22","30905428","30905723","chr22","30718003","30718298","3","187425"
"chr22","30940255","30940335","chr14","100673591","100673682","27","69733336"
"chr22","30999909","31000000","chrX","16927421","16927515","11","14072488"
"chr22","31062015","31062211","chr22","30870702","30870898","1","191313"
"chr22","31081841","31082131","chr22","30890829","30891119","0","191012"
"chr22","31108064","31108355","chr22","30917152","30917443","0","190912"
"chr22","31156724","31156997","chr22","30965623","30965891","6","191101"
"chr22","31175522","31175735","chr22","30984122","30984335","4","191400"
"chr22","31242598","31242892","chr22","31050630","31050932","8","191968"
"chr22","31263204","31263500","chr22","31071056","31071352","0","192148"
"chr22","31265436","31265707","chr10","11995833","11996096","53","19269603"
"chr22","31381353","31381649","chr22","31190653","31190957","9","190700"
"chr22","31386502","31386809","chr22","31195803","31196112","5","190699"
"chr22","31503723","31503996","chr22","31313355","31313646","20","190368"
"chr22","31584658","31584952","chr22","31394649","31394943","1","190009"
"chr22","31640463","31640558","chr1","160944586","160944680","15","129304123"
"chr22","31648979","31649271","chr22","31459423","31459716","1","189556"
"chr22","31752917","31753224","chr22","31564734","31565041","1","188183"
"chr22","31839090","31839411","chr5","23876813","23877128","71","7962277"
"chr22","31850925","31851057","chr6","133188591","133188719","23","101337666"
"chr22","31851355","31851491","chr8","107433929","107434080","30","75582574"
"chr22","31885143","31885255","chr2B","207011645","207011758","17","175126502"
"chr22","31910211","31910353","chr22","31720305","31720447","0","189906"
"chr22","31910357","31910633","chr22","31720451","31720723","4","189906"
"chr22","31931350","31931640","chr2A","28990672","28990966","31","2940678"
"chr22","31969402","31969513","chr5","59438305","59438419","11","27468903"
"chr22","31978054","31978367","chr12","78272028","78272330","49","46293974"
"chr22","32123067","32123371","chr19","45624757","45625055","39","13501690"
"chr22","32127016","32127027","chr1","28547144","28547162","9","3579872"
"chr22","32127062","32127355","chr22","31941390","31941667","19","185672"
"chr22","32169249","32169548","chr12","95891426","95891721","41","63722177"
"chr22","32170428","32170537","chr2B","210790127","210790232","19","178619699"
"chr22","32210459","32210533","chr14","100673591","100673682","30","68463132"
"chr22","32251075","32251372","chr22","32068150","32068449","3","182925"
"chr22","32254092","32254390","chr22","32071172","32071471","3","182920"
"chr22","32256480","32256773","chr22","32073576","32073869","2","182904"
"chr22","32275860","32276165","chr22","32091140","32091447","4","184720"
"chr22","32283100","32283418","chr22","32098591","32098908","3","184509"
"chr22","32284682","32284937","chr22","32100172","32100430","3","184510"
"chr22","32290486","32290594","chr2B","210790127","210790232","20","178499641"
"chr22","32314380","32314679","chr22","32130351","32130659","14","184029"
"chr22","32395643","32395949","chr22","32213309","32213615","0","182334"
"chr22","32403784","32404056","chr22","32221331","32221603","2","182453"
"chr22","32414999","32415288","chr3","183720328","183720621","39","151305329"
"chr22","32540076","32540314","chr22","32362682","32362925","7","177394"
"chr22","32543381","32543666","chr22","32366005","32366281","16","177376"
"chr22","32547260","32547572","chr22","32369893","32370206","5","177367"
"chr22","32549946","32550245","chr22","32372586","32372877","9","177360"
"chr22","32787375","32787678","chr22","32611147","32611449","20","176228"
"chr22","32814260","32814542","chr22","32638792","32639073","1","175468"
"chr22","32876801","32877096","chr22","32701610","32701910","5","175191"
"chr22","32907147","32907374","chr22","32732011","32732238","0","175136"
"chr22","32953484","32953688","chr22","32776377","32776581","2","177107"
"chr22","32963889","32964116","chr22","32787222","32787456","10","176667"
"chr22","33000014","33000307","chr22","32824275","32824571","4","175739"
"chr22","33053137","33053443","chr22","32879287","32879565","34","173850"
"chr22","33069076","33069374","chr22","32895214","32895515","4","173862"
"chr22","33125216","33125368","chr22","32953494","32953644","3","171722"
"chr22","33183433","33183704","chr22","33011067","33011346","12","172366"
"chr22","33327789","33328095","chr22","33154525","33154832","4","173264"
"chr22","33726737","33727055","chr22","33556518","33556837","6","170219"
"chr22","33869843","33870137","chr22","33705797","33706091","2","164046"
"chr22","34215710","34216001","chr22","34063089","34063380","1","152621"
"chr22","34242575","34242870","chr9","128189308","128189605","28","93946733"
"chr22","34280412","34280720","chr22","34126662","34126977","11","153750"
"chr22","34309167","34309332","chr22","34156195","34156360","2","152972"
"chr22","34482300","34482413","chr3","200361728","200361839","13","165879428"
"chr22","34521072","34521372","chr22","34370002","34370302","2","151070"
"chr22","34535081","34535364","chr22","34384133","34384416","9","150948"
"chr22","34566448","34566743","chr22","34423481","34423778","11","142967"
"chr22","34664971","34665270","chr22","34522300","34522600","1","142671"
"chr22","35038168","35038271","chr3","181143385","181143493","21","146105217"
"chr22","35094406","35094709","chr1","19669608","19669915","41","15424798"
"chr22","35094948","35095254","chr22","34960081","34960390","3","134867"
"chr22","35104104","35104163","chrY","3211148","3211211","17","31892956"
"chr22","35110462","35110756","chr22","34975685","34975979","1","134777"
"chr22","35114634","35114891","chr22","34979997","34980254","1","134637"
"chr22","35146959","35147047","chr17","13332748","13332838","20","21814211"
"chr22","35147071","35147362","chr22","35014871","35015165","7","132200"
"chr22","35151547","35151626","chr14","100673591","100673682","25","65522044"
"chr22","35174441","35174560","chr4","51557575","51557711","28","16383134"
"chr22","35179854","35180164","chr22","35049242","35049552","1","130612"
"chr22","35204227","35204517","chrX","74170613","74170904","35","38966386"
"chr22","35232389","35232514","chr9","122440275","122440408","23","87207886"
"chr22","35250609","35250726","chr20","16652596","16652702","24","18598013"
"chr22","35284457","35284760","chr1","21949805","21950110","31","13334652"
"chr22","35285009","35285304","chr22","35154525","35154822","2","130484"
"chr22","35300871","35301129","chr22","35170949","35171209","2","129922"
"chr22","35401519","35401812","chr22","35275334","35275627","1","126185"
"chr22","35474612","35474916","chr22","35349425","35349730","1","125187"
"chr22","35487481","35487780","chr22","35362278","35362581","6","125203"
"chr22","35636891","35637178","chr22","35512021","35512312","13","124870"
"chr22","35762972","35763268","chr22","35639705","35640002","5","123267"
"chr22","35907312","35907606","chr22","35788630","35788923","6","118682"
"chr22","35968245","35968379","chr13","22694842","22694978","30","13273403"
"chr22","36024906","36025210","chr22","35910475","35910788","15","114431"
"chr22","36085770","36086031","chr2A","34560005","34560283","50","1525765"
"chr22","36207544","36207846","chr22","36098015","36098321","7","109529"
"chr22","36300826","36301117","chr6","13991598","13991892","40","22309228"
"chr22","36315164","36315467","chr22","36207017","36207320","1","108147"
"chr22","36343117","36343213","chr3","181238196","181238292","33","144895079"
"chr22","36370239","36370524","chr22","36263359","36263660","37","106880"
"chr22","36397482","36397645","chr1","128198509","128198667","21","91801027"
"chr22","36405171","36405336","chr4","84146256","84146422","24","47741085"
"chr22","36446204","36446392","chr22","36343376","36343602","39","102828"
"chr22","36447714","36447979","chr7","52765164","52765430","33","16317450"
"chr22","36462386","36462486","chr11","20358123","20358224","26","16104263"
"chr22","36468797","36469008","chr22","36366564","36366782","10","102233"
"chr22","36469028","36469179","chr22","36367388","36367535","15","101640"
"chr22","36574270","36574570","chr22","36475909","36476209","1","98361"
"chr22","36586679","36586816","chr22","36488301","36488437","2","98378"
"chr22","36604782","36604955","chr6","37299122","37299292","39","694340"
"chr22","36613084","36613375","chr22","36517342","36517633","1","95742"
"chr22","36614646","36614781","chr22","36520893","36521028","0","93753"
"chr22","36636186","36636489","chr15","62405613","62405909","60","25769427"
"chr22","36647487","36647787","chr6","22886931","22887231","51","13760556"
"chr22","36655838","36656114","chr12","133096099","133096373","46","96440261"
"chr22","36666224","36666522","chr3","183720328","183720621","38","147054104"
"chr22","36692130","36692164","chr14","73545453","73545498","15","36853323"
"chr22","36704900","36705180","chr22","17750575","17750857","32","18954325"
"chr22","36718492","36718594","chr20","16652596","16652702","24","20065896"
"chr22","36730458","36730736","chr1","61948807","61949086","40","25218349"
"chr22","36759084","36759369","chr22","36671605","36671896","11","87479"
"chr22","36818155","36818439","chr12","56752334","56752613","61","19934179"
"chr22","36856078","36856381","chr22","36772353","36772657","2","83725"
"chr22","36868604","36868915","chr22","36784889","36785199","1","83715"
"chr22","36938845","36939173","chr5","78863209","78863532","64","41924364"
"chr22","36984757","36984915","chr22","36901090","36901248","2","83667"
"chr22","36992790","36992999","chr6","53956986","53957182","42","16964196"
"chr22","37012720","37012861","chr2A","32693701","32693835","33","4319019"
"chr22","37037807","37038103","chr5","164383863","164384160","50","127346056"
"chr22","37068217","37068301","chr7","43381927","43382018","22","6313710"
"chr22","37115568","37115871","chr22","37041760","37042040","25","73808"
"chr22","37159085","37159193","chr2B","205936995","205937106","19","168777910"
"chr22","37168939","37169249","chr22","37096177","37096487","5","72762"
"chr22","37245102","37245237","chr7","66481067","66481212","35","29235965"
"chr22","37256610","37256899","chr12","61508381","61508672","31","24251771"
"chr22","37258294","37258419","chr10","13199891","13200027","24","24058403"
"chr22","37272049","37272356","chr22","37205866","37206177","8","66183"
"chr22","37304396","37304684","chr22","37241094","37241382","1","63302"
"chr22","37312658","37312745","chr22","37247931","37248026","10","64727"
"chr22","37356522","37356638","chr5","172392908","172393028","31","135036386"
"chr22","37399692","37400002","chr22","37337156","37337466","4","62536"
"chr22","37403261","37403454","chr4","155558000","155558189","39","118154739"
"chr22","37417546","37417819","chr14","68029877","68030166","76","30612331"
"chr22","37424391","37424482","chr12","12586014","12586108","16","24838377"
"chr22","37485849","37485897","chr4","158528568","158528610","13","121042719"
"chr22","37496500","37496806","chr22","37442112","37442420","2","54388"
"chr22","37637794","37637954","chr13","26988435","26988596","27","10649359"
"chr22","37705550","37705737","chr9","124855084","124855264","42","87149534"
"chr22","37734466","37734603","chr2A","32693701","32693835","21","5040765"
"chr22","37738303","37738605","chr4","130547535","130547834","40","92809232"
"chr22","37757805","37758096","chr22","37708157","37708447","2","49648"
"chr22","37764437","37764738","chr22","37716232","37716533","1","48205"
"chr22","37788540","37788837","chr6","33964488","33964785","39","3824052"
"chr22","37797024","37797330","chr22","37749070","37749377","3","47954"
"chr22","37797331","37797642","chr22","37749378","37749690","1","47953"
"chr22","37828772","37829075","chr22","37781144","37781447","2","47628"
"chr22","37836023","37836313","chr1","129337688","129337979","36","91501665"
"chr22","37863430","37863624","chr10","116873459","116873650","36","79010029"
"chr22","37885032","37885158","chr7","112797358","112797487","26","74912326"
"chr22","37918347","37918449","chr9","80389825","80389922","21","42471478"
"chr22","37987568","37987859","chr22","37945839","37946130","2","41729"
"chr22","38005696","38006021","chr22","37963813","37964129","56","41883"
"chr22","38040944","38041231","chr22","38004557","38004845","3","36387"
"chr22","38052576","38052731","chr7","49671100","49671253","23","11618524"
"chr22","38058622","38058913","chr22","38021627","38021930","14","36995"
"chr22","38062936","38063224","chr8","37987801","37988095","37","75135"
"chr22","38066369","38066670","chr22","38027281","38027582","2","39088"
"chr22","38162145","38162445","chr19","57934667","57934962","34","19772522"
"chr22","38163506","38163625","chr5","172392908","172393028","27","134229402"
"chr22","38173552","38173843","chr22","38136739","38137041","12","36813"
"chr22","38231590","38231884","chr22","38194639","38194934","1","36951"
"chr22","38235674","38235927","chr22","38198729","38198984","4","36945"
"chr22","38265780","38265920","chr14","54169995","54170134","26","15904215"
"chr22","38316328","38316498","chr19","3832753","3832920","38","34483575"
"chr22","38335125","38335297","chr17","61672968","61673133","42","23337843"
"chr22","38550802","38551106","chr22","38522124","38522430","2","28678"
"chr22","38648454","38648746","chr22","38621737","38622041","13","26717"
"chr22","38873612","38873921","chr22","38854217","38854530","8","19395"
"chr22","38877034","38877338","chr22","38857650","38857954","2","19384"
"chr22","38905987","38906292","chr22","38886290","38886599","6","19697"
"chr22","38907719","38908011","chr22","38888026","38888319","4","19693"
"chr22","38920963","38921267","chr22","38901606","38901911","2","19357"
"chr22","38963469","38963773","chr22","38944869","38945173","3","18600"
"chr22","38984736","38985032","chr17","59576486","59576780","67","20591750"
"chr22","38985035","38985349","chr22","38966715","38967028","1","18320"
"chr22","39012050","39012348","chr20","29577491","29577783","45","9434559"
"chr22","39015738","39015899","chr22","38997645","38997809","3","18093"
"chr22","39029422","39029706","chr1","77893853","77894144","38","38864431"
"chr22","39068158","39068465","chr22","39050740","39051053","6","17418"
"chr22","39072345","39072563","chr22","39054520","39054742","5","17825"
"chr22","39447298","39447619","chr22","39154569","39154891","4","292729"
"chr22","39457656","39457889","chr22","39164902","39165142","7","292754"
"chr22","39465706","39465803","chr22","33938435","33938535","14","5527271"
"chr22","39500553","39500851","chr22","39208659","39208957","1","291894"
"chr22","39517249","39517370","chr16","73743066","73743197","34","34225817"
"chr22","39537410","39537710","chr3","201637717","201638015","33","162100307"
"chr22","39560143","39560427","chr22","39269471","39269750","5","290672"
"chr22","39598749","39598841","chr3","181238196","181238292","23","141639447"
"chr22","39605020","39605310","chr22","39315251","39315549","9","289769"
"chr22","39638831","39639140","chr22","39351882","39352193","2","286949"
"chr22","39639291","39639401","chr2B","205936995","205937106","23","166297704"
"chr22","39655193","39655358","chr22","39369630","39369795","2","285563"
"chr22","39683342","39683654","chr22","39397814","39398126","10","285528"
"chr22","39694063","39694119","chr4","51756017","51756071","11","12061954"
"chr22","39698046","39698238","chr14","49216011","49216187","40","9517965"
"chr22","39702569","39702686","chr5","172392908","172393028","27","132690339"
"chr22","39725860","39726128","chr22","39441566","39441836","5","284294"
"chr22","39729568","39729857","chr22","39445603","39445895","5","283965"
"chr22","39753081","39753238","chr2A","32693701","32693835","43","7059380"
"chr22","39772955","39773039","chr15","68008805","68008888","8","28235850"
"chr22","39791782","39791870","chr12","12586014","12586108","19","27205768"
"chr22","39791881","39792185","chr22","39510241","39510544","4","281640"
"chr22","39822589","39822884","chr22","39541147","39541442","0","281442"
"chr22","39824752","39824948","chr4","131278699","131278912","48","91453947"
"chr22","39830950","39831266","chr22","39549149","39549465","0","281801"
"chr22","39837780","39838097","chr11","71589563","71589871","47","31751783"
"chr22","39894743","39895035","chr22","39615379","39615671","1","279364"
"chr22","39916996","39917298","chr22","39639389","39639693","3","277607"
"chr22","39917971","39918272","chr22","39640367","39640671","5","277604"
"chr22","39936432","39936740","chr1","19669608","19669915","44","20266824"
"chr22","39946467","39946661","chr3","159499799","159500000","41","119553332"
"chr22","39947727","39948016","chr22","39668836","39669126","2","278891"
"chr22","39949323","39949617","chr22","39670411","39670706","5","278912"
"chr22","39952601","39952880","chr17","80822526","80822792","58","40869925"
"chr22","39971306","39971454","chr8","92789181","92789323","25","52817875"
"chr22","39978827","39979121","chr22","39702637","39702931","0","276190"
"chr22","39985559","39985794","chr4","59263821","59264059","42","19278262"
"chr22","39992899","39993115","chr8","28804643","28804851","35","11188256"
"chr22","40001177","40001279","chr3","181238196","181238292","30","141237019"
"chr22","40010978","40011199","chr22","39736641","39736865","6","274337"
"chr22","40074112","40074424","chr22","39806565","39806882","6","267547"
"chr22","40121402","40121684","chr22","39854531","39854813","0","266871"
"chr22","40124040","40124337","chr22","39857166","39857473","22","266874"
"chr22","40133251","40133537","chr19","10820333","10820621","54","29312918"
"chr22","40143254","40143498","chr22","39876344","39876590","3","266910"
"chr22","40169302","40169538","chr22","39902009","39902273","32","267293"
"chr22","40192079","40192191","chr3","198268184","198268291","30","158076105"
"chr22","40260668","40260760","chr14","100673591","100673682","15","60412923"
"chr22","40265279","40265491","chr1","16449707","16449914","46","23815572"
"chr22","40276946","40277301","chr22","40019717","40020021","88","257229"
"chr22","40289624","40289681","chr1","33246348","33246407","16","7043276"
"chr22","40292315","40292625","chr22","40035207","40035517","4","257108"
"chr22","40357330","40357457","chr1","6844228","6844361","25","33513102"
"chr22","40383081","40383356","chr22","40120669","40120967","26","262412"
"chr22","40396223","40396533","chr5","79503620","79503923","48","39107397"
"chr22","40400941","40401085","chr2A","32693701","32693835","27","7707240"
"chr22","40406595","40406728","chr9","15289702","15289841","32","25116893"
"chr22","40407024","40407050","chr1","28547144","28547162","14","11859880"
"chr22","40408538","40408657","chr2B","199271339","199271453","25","158862801"
"chr22","40410965","40411276","chr22","40147250","40147561","3","263715"
"chr22","40424303","40424349","chr18","17282170","17282223","13","23142133"
"chr22","40434858","40435118","chr22","40173103","40173365","2","261755"
"chr22","40440391","40440535","chr15","91534991","91535139","30","51094600"
"chr22","40444696","40444973","chr22","40183043","40183352","34","261653"
"chr22","40460369","40460549","chr1","16983479","16983657","33","23476890"
"chr22","40467579","40467739","chr6","55699024","55699181","17","15231445"
"chr22","40482237","40482537","chr22","40216692","40216993","5","265545"
"chr22","40540872","40541166","chr6","50091958","50092257","34","9551086"
"chr22","40547966","40548087","chr2B","207026815","207026935","21","166478849"
"chr22","40568024","40568098","chr17","4261422","4261478","24","36306602"
"chr22","40570147","40570447","chr22","40302977","40303276","2","267170"
"chr22","40587436","40587737","chr17","24797876","24798174","34","15789560"
"chr22","40595179","40595471","chr22","40329760","40330054","2","265419"
"chr22","40610228","40610522","chr22","40344965","40345261","5","265263"
"chr22","40625340","40625632","chr22","40360615","40360908","2","264725"
"chr22","40645155","40645458","chr22","40381974","40382274","9","263181"
"chr22","40655339","40655606","chr22","40392550","40392840","28","262789"
"chr22","40660135","40660361","chr22","40397521","40397747","1","262614"
"chr22","40661167","40661323","chr9","122658267","122658422","31","81997100"
"chr22","40666193","40666499","chr1","10063605","10063905","31","30602588"
"chr22","40679690","40679794","chr22","40419484","40419588","0","260206"
"chr22","40704177","40704474","chr22","40443576","40443874","1","260601"
"chr22","40709966","40710263","chr22","40449515","40449815","6","260451"
"chr22","40713954","40714127","chr12","40741439","40741620","29","27485"
"chr22","40720277","40720424","chr1","28473465","28473606","26","12246812"
"chr22","40745938","40746246","chr22","40487293","40487597","5","258645"
"chr22","40768215","40768514","chr22","40510645","40510944","1","257570"
"chr22","40773815","40774114","chr22","40516230","40516531","3","257585"
"chr22","40927291","40927580","chr14","72712441","72712731","32","31785150"
"chr22","40976632","40976993","chr22","40728259","40728640","23","248373"
"chr22","41028243","41028545","chr22","40782742","40783044","1","245501"
"chr22","41030151","41030341","chr16","19591940","19592143","41","21438211"
"chr22","41030921","41031046","chr2B","205936995","205937106","25","164906074"
"chr22","41058825","41059126","chr22","40812654","40812955","1","246171"
"chr22","41080840","41080930","chr14","100673591","100673682","17","59592751"
"chr22","41180170","41180479","chr22","40950767","40951077","3","229403"
"chr22","41314256","41314530","chr22","41087458","41087742","13","226798"
"chr22","41337296","41337453","chrX","65801999","65802155","24","24464703"
"chr22","41367604","41367662","chr1","78713287","78713337","26","37345683"
"chr22","41382657","41382927","chr22","41158102","41158371","6","224555"
"chr22","41415008","41415125","chr20","16652596","16652702","28","24762412"
"chr22","41421744","41422030","chr6","161671665","161671960","39","120249921"
"chr22","41585247","41585343","chr3","181238196","181238292","20","139652949"
"chr22","41588878","41588947","chr11","8774884","8774956","27","32813994"
"chr22","41657425","41657523","chr6","159074849","159074952","17","117417424"
"chr22","41698267","41698313","chr3","12945284","12945334","13","28752983"
"chr22","41708463","41708747","chr9","101967670","101967956","40","60259207"
"chr22","41716117","41716386","chr22","43143911","43144188","31","1427794"
"chr22","41749512","41749833","chr22","41454974","41455283","13","294538"
"chr22","41770775","41770977","chr3","41079275","41079482","42","691500"
"chr22","41777020","41777314","chr15","95930865","95931166","36","54153845"
"chr22","41814398","41814699","chr12","31867666","31867959","28","9946732"
"chr22","41854132","41854438","chr2B","184084709","184085010","38","142230577"
"chr22","41866422","41866498","chr6","118110211","118110289","15","76243789"
"chr22","41871664","41871838","chr22","41583107","41583279","6","288557"
"chr22","41890699","41890975","chr1","40207552","40207833","59","1683147"
"chr22","41992146","41992446","chr6","43171436","43171727","36","1179290"
"chr22","42026619","42026931","chr22","41741024","41741339","12","285595"
"chr22","42030034","42030340","chr22","41744404","41744713","3","285630"
"chr22","42035297","42035482","chr4","84146256","84146422","38","42110959"
"chr22","42053516","42053821","chr22","41768061","41768359","9","285455"
"chr22","42155907","42156208","chr22","41822618","41822931","19","333289"
"chr22","42159804","42159883","chr11","8774884","8774956","20","33384920"
"chr22","42161175","42161442","chr22","41828844","41829111","1","332331"
"chr22","42175375","42175488","chr2B","205936995","205937106","27","163761620"
"chr22","42187142","42187447","chr3","125813861","125814159","38","83626719"
"chr22","42189612","42189895","chr22","41859177","41859460","4","330435"
"chr22","42228530","42228805","chr9","129000152","129000423","49","86771622"
"chr22","42229672","42229839","chr22","41900795","41900964","2","328877"
"chr22","42257628","42257721","chr14","100673591","100673682","15","58415963"
"chr22","42269697","42269898","chr22","41943560","41943765","5","326137"
"chr22","42274308","42274447","chr3","5208433","5208571","36","37065875"
"chr22","42276731","42277040","chr22","41950489","41950798","1","326242"
"chr22","42465947","42466250","chr22","42141657","42141963","5","324290"
"chr22","42541422","42541598","chr22","42222833","42223009","0","318589"
"chr22","42630965","42631268","chr22","42317394","42317704","7","313571"
"chr22","42847882","42847998","chr20","16652596","16652702","22","26195286"
"chr22","42947196","42947500","chr22","42634144","42634448","0","313052"
"chr22","43044500","43044687","chr22","42732094","42732281","0","312406"
"chr22","43051485","43051782","chr4","22394086","22394382","39","20657399"
"chr22","43071505","43071743","chr3","52453972","52454214","36","9382467"
"chr22","43219411","43219719","chr22","42909294","42909595","7","310117"
"chr22","43230555","43230851","chr22","42920622","42920919","2","309933"
"chr22","43272114","43272415","chr22","42960652","42960956","3","311462"
"chr22","43316996","43317268","chr22","43005751","43006026","12","311245"
"chr22","43336796","43337097","chr22","43025187","43025489","5","311609"
"chr22","43343284","43343588","chrX","36848753","36849055","38","6494531"
"chr22","43438587","43438866","chr22","43143911","43144188","8","294676"
"chr22","43501282","43501581","chr22","43208185","43208486","3","293097"
"chr22","43534701","43535012","chr22","43241821","43242092","42","292880"
"chr22","43633240","43633352","chr5","172392908","172393028","30","128759668"
"chr22","43636399","43636518","chr5","172392908","172393028","29","128756509"
"chr22","43693193","43693456","chr22","19888585","19888849","44","23804608"
"chr22","43729629","43729927","chr22","43439047","43439352","13","290582"
"chr22","43734430","43734721","chr22","43443973","43444260","14","290457"
"chr22","43857890","43858121","chrX","89632664","89632894","40","45774774"
"chr22","43866128","43866173","chr18","17282170","17282223","14","26583958"
"chr22","43873729","43874022","chr7","24739193","24739485","35","19134536"
"chr22","43877411","43877713","chr22","43592870","43593172","4","284541"
"chr22","43932881","43932954","chr13","24059413","24059502","31","19873468"
"chr22","43941646","43942023","chr22","43658552","43658852","78","283094"
"chr22","44090206","44090501","chr22","43808956","43809251","2","281250"
"chr22","44123719","44123840","chr2B","199271339","199271453","29","155147620"
"chr22","44189105","44189398","chr22","43911760","43912054","3","277345"
"chr22","44199448","44199762","chr22","43922126","43922439","10","277322"
"chr22","44325060","44325367","chr18","4141212","4141521","37","40183848"
"chr22","44348932","44349072","chr2A","32693701","32693835","21","11655231"
"chr22","44349319","44349495","chr9","101936592","101936768","27","57587273"
"chr22","44387531","44387659","chr5","172392908","172393028","20","128005377"
"chr22","44404301","44404595","chr22","44132904","44133199","3","271397"
"chr22","44443252","44443541","chr22","44173069","44173359","1","270183"
"chr22","44493810","44493927","chr2B","207026815","207026935","21","162533005"
"chr22","44520604","44520823","chr22","44247203","44247456","41","273401"
"chr22","44529477","44529667","chr5","171329402","171329580","95","126799925"
"chr22","44559611","44559890","chr22","44287649","44287929","2","271962"
"chr22","44565508","44565810","chr22","44293559","44293862","1","271949"
"chr22","44583834","44584121","chr22","44312962","44313248","3","270872"
"chr22","44636716","44637010","chr22","44369784","44370078","3","266932"
"chr22","44639243","44639544","chr1","51288931","51289225","37","6649688"
"chr22","44670580","44670643","chr17","4261422","4261478","29","40409158"
"chr22","44727296","44727592","chr22","44467403","44467700","2","259893"
"chr22","44748145","44748440","chr22","44489427","44489725","6","258718"
"chr22","44753217","44753506","chr22","44494506","44494795","4","258711"
"chr22","44770493","44770781","chr22","44511594","44511882","0","258899"
"chr22","44783619","44783768","chr1","199307737","199307884","22","154524118"
"chr22","44887438","44887720","chr8","56996557","56996859","67","12109119"
"chr22","44898910","44899210","chr22","44646516","44646816","1","252394"
"chr22","45070470","45070774","chr22","44813068","44813373","4","257402"
"chr22","45227833","45228130","chr22","44973630","44973927","2","254203"
"chr22","45243645","45243764","chr8","26723415","26723536","20","18520230"
"chr22","45246478","45246559","chr14","100673591","100673682","21","55427113"
"chr22","45252870","45252985","chr2B","210790127","210790232","24","165537257"
"chr22","45257148","45257456","chr22","45003701","45004009","2","253447"
"chr22","45271352","45271672","chr22","45019221","45019541","2","252131"
"chr22","45335135","45335429","chr22","45085261","45085555","0","249874"
"chr22","45413011","45413310","chr22","45167400","45167693","9","245611"
"chr22","45441373","45441489","chr2B","199271339","199271453","25","153829966"
"chr22","45525045","45525299","chr22","45280630","45280884","1","244415"
"chr22","45534075","45534373","chr22","45290564","45290862","2","243511"
"chr22","45543910","45544218","chr22","45300969","45301276","6","242941"
"chr22","45570300","45570594","chr22","45328365","45328662","5","241935"
"chr22","45628681","45628788","chr3","181238196","181238292","31","135609515"
"chr22","45748321","45748570","chr22","45500998","45501247","3","247323"
"chr22","45859671","45859778","chr2B","199271339","199271453","30","153411668"
"chr22","46250355","46250668","chr22","46018192","46018493","16","232163"
"chr22","46292798","46292971","chr1","134045753","134045928","29","87752955"
"chr22","46463855","46464148","chr22","46234421","46234704","11","229434"
"chr22","46541982","46542271","chr22","46313773","46314063","8","228209"
"chr22","46998649","46998945","chrX","147458745","147459045","63","100460096"
"chr22","47002876","47003161","chr22","46782712","46782997","5","220164"
"chr22","47088236","47088506","chr22","46868736","46869009","4","219500"
"chr22","47098497","47098768","chr7","53836552","53836823","45","6738055"
"chr22","47374133","47374455","chr5","78863209","78863532","40","31489076"
"chr22","47682902","47682989","chr14","100673591","100673682","19","52990689"
"chr22","47693142","47693449","chr19","11570934","11571243","29","36122208"
"chr22","48100310","48100442","chr19","4055014","4055149","13","44045296"
"chr22","48185712","48185839","chr4","51557575","51557711","26","3371863"
"chr22","48251866","48252176","chr22","47848913","47849222","3","402953"
"chr22","48316899","48317020","chr8","26723415","26723536","20","21593484"
"chr22","48379498","48379802","chr22","47965083","47965389","10","414415"
"chr22","48390846","48390945","chr22","33938435","33938535","14","14452411"
"chr22","48460883","48461192","chr9","18076412","18076722","58","30384471"
"chr22","48624584","48624883","chr22","48235199","48235496","8","389385"
"chr22","48715467","48715762","chr22","48318931","48319227","3","396536"
"chr22","48828385","48828695","chr15","62399117","62399421","39","13570732"
"chr22","48943709","48944004","chr22","48561912","48562207","6","381797"
"chr22","48959935","48960121","chr22","48577581","48577768","5","382354"
"chr22","48960700","48960925","chr22","48578350","48578577","4","382350"
"chr22","49032359","49032668","chr22","48654989","48655299","2","377370"
"chr22","49035652","49035749","chr14","100673591","100673682","23","51637939"
"chr22","49045378","49045465","chr13","24059413","24059502","26","24985965"
"chr22","49081805","49082111","chr22","48706613","48706920","1","375192"
"chr22","49092014","49092273","chr3","10138113","10138373","52","38953901"
"chr22","49123241","49123540","chr22","48751163","48751463","4","372078"
"chr22","49236983","49237286","chr6","171473476","171473781","27","122236493"
"chr22","49256317","49256583","chr1","226613152","226613414","29","177356835"
"chr22","49256618","49256697","chr11","8774884","8774956","20","40481734"
"chr22","49298498","49298774","chr13","114023080","114023358","44","64724582"
"chr22","49308773","49308871","chr22","33938435","33938535","15","15370338"
"chr22","49310305","49310583","chr22","48983803","48984081","1","326502"
"chr22","49329714","49329984","chr22","49002303","49002597","26","327411"
"chr22","49363489","49363792","chr11","19846296","19846594","30","29517193"
"chr22","49365490","49365573","chr3","27665315","27665404","30","21700175"
"chr22","49365574","49365733","chrX","70357599","70357756","26","20992025"
"chr22","49387394","49387701","chr22","49062605","49062914","2","324789"
"chr22","49519140","49519435","chr22","49198956","49199253","2","320184"
"chr22","49598919","49599216","chr22","49299801","49300097","3","299118"
"chr22","49621120","49621415","chr22","49321613","49321917","10","299507"
"chr22","49629245","49629411","chr6","33758831","33758976","47","15870414"
"chr22","49884446","49884696","chr1","92153395","92153635","60","42268949"
"chr22","49971231","49971394","chrX","155632548","155632709","23","105661317"
"chr22","49973606","49973825","chr22","49551664","49551882","3","421942"
"chr22","49986926","49987250","chr22","49565689","49566010","6","421237"
"chr22","49988712","49988826","chr2B","207026815","207026935","29","157038103"
"chr22","50001289","50001589","chr22","49581018","49581324","7","420271"
"chr22","50010000","50010301","chr1","124192188","124192486","31","74182188"
"chr22","50055429","50055730","chr22","49637184","49637485","0","418245"
"chr22","50093813","50094041","chr22","49677625","49677847","11","416188"
"chr2A","113111","113407","chr12","61508381","61508672","38","61395270"
"chr2A","554721","555032","chr2A","567198","567512","3","12477"
"chr2A","677451","677616","chr19","3832753","3832920","26","3155302"
"chr2A","733496","733805","chr2A","750677","750986","1","17181"
"chr2A","908346","908649","chr1","21949805","21950110","22","21041459"
"chr2A","1409247","1409540","chr2A","1445838","1446132","3","36591"
"chr2A","1733296","1733600","chr2A","1713467","1713771","3","19829"
"chr2A","2331919","2332238","chr2A","2330885","2331206","8","1034"
"chr2A","2429090","2429395","chr2A","2425868","2426175","9","3222"
"chr2A","2856764","2856843","chr14","100673591","100673682","28","97816827"
"chr2A","3298702","3299011","chr1","205128378","205128683","38","201829676"
"chr2A","3484582","3484662","chr11","8774884","8774956","19","5290302"
"chr2A","3586233","3586519","chr19","17435671","17435968","49","13849438"
"chr2A","3742032","3742331","chr2A","3331023","3331325","5","411009"
"chr2A","3994155","3994433","chr14","35296045","35296321","70","31301890"
"chr2A","4215976","4216076","chr3","181238196","181238292","23","177022220"
"chr2A","4709412","4709693","chr2A","4315898","4316179","2","393514"
"chr2A","4768547","4768678","chr2B","139795701","139795833","23","135027154"
"chr2A","4925921","4926060","chrUn_GL394103","30258","30397","2","4895663"
"chr2A","5024073","5024291","chr2A","5204281","5204503","5","180208"
"chr2A","5073496","5073804","chr2A","5253649","5253957","4","180153"
"chr2A","5418431","5418739","chr2A","5581346","5581648","9","162915"
"chr2A","5496107","5496413","chr2A","5662015","5662324","3","165908"
"chr2A","6251043","6251177","chr21","2516680","2516816","22","3734363"
"chr2A","6451666","6451795","chr2B","212730579","212730709","11","206278913"
"chr2A","6666693","6666995","chr2A","6620963","6621244","21","45730"
"chr2A","6975038","6975336","chr2A","6926298","6926596","1","48740"
"chr2A","7176731","7176824","chr8","46091691","46091777","16","38914960"
"chr2A","7427691","7427990","chr2A","7383169","7383469","4","44522"
"chr2A","7611273","7611584","chr2A","7575667","7575978","4","35606"
"chr2A","7622592","7622889","chr14","22060912","22061196","65","14438320"
"chr2A","7791079","7791201","chr4","89635842","89635967","30","81844763"
"chr2A","7851307","7851608","chr2A","7782001","7782300","3","69306"
"chr2A","7853148","7853284","chr12","6546624","6546764","27","1306524"
"chr2A","8035731","8036028","chr1","129884150","129884444","44","121848419"
"chr2A","8126767","8127040","chr2A","8053796","8054069","1","72971"
"chr2A","8330742","8330911","chr11","124492028","124492191","26","116161286"
"chr2A","8550808","8551106","chr2A","8487158","8487459","9","63650"
"chr2A","8828528","8828673","chr2A","8757389","8757534","0","71139"
"chr2A","8832116","8832386","chr2A","8760976","8761246","2","71140"
"chr2A","8973557","8973856","chr21","19850092","19850389","44","10876535"
"chr2A","9071324","9071623","chr2A","9003163","9003461","1","68161"
"chr2A","9109226","9109518","chr2A","9041162","9041454","0","68064"
"chr2A","9193482","9193805","chr2A","9125645","9125955","18","67837"
"chr2A","9316499","9316809","chr2A","9248560","9248868","13","67939"
"chr2A","9338579","9338740","chrX","15935692","15935847","31","6597113"
"chr2A","9375948","9376054","chr22","33938435","33938535","19","24562487"
"chr2A","9520873","9521168","chr12","28718444","28718735","35","19197571"
"chr2A","9523685","9523977","chr2A","9460642","9460935","3","63043"
"chr2A","9564839","9565106","chr2A","9503977","9504267","25","60862"
"chr2A","9600790","9601082","chr2A","9540023","9540317","2","60767"
"chr2A","9624888","9625117","chr2A","9564568","9564803","8","60320"
"chr2A","9655784","9655853","chr18","17282170","17282223","22","7626386"
"chr2A","9657198","9657486","chr2A","9597284","9597578","6","59914"
"chr2A","9684890","9685184","chr1","201817778","201818068","71","192132888"
"chr2A","9717203","9717250","chr3","12945284","12945334","11","3228081"
"chr2A","9723252","9723339","chr3","181238196","181238292","23","171514944"
"chr2A","9743899","9744204","chr2A","9685239","9685544","4","58660"
"chr2A","9759085","9759387","chr2A","9700717","9701021","5","58368"
"chr2A","9770839","9770955","chr2B","210790127","210790232","29","201019288"
"chr2A","9777318","9777506","chr2A","9719061","9719247","3","58257"
"chr2A","9778671","9778963","chr18","27229273","27229564","35","17450602"
"chr2A","9801875","9802024","chr7","150256204","150256349","51","140454329"
"chr2A","9807720","9808028","chr2A","9749843","9750152","8","57877"
"chr2A","9878446","9878746","chr2A","9820930","9821232","3","57516"
"chr2A","9904419","9904731","chr2A","9845407","9845718","7","59012"
"chr2A","10011980","10012277","chr2A","9957419","9957718","10","54561"
"chr2A","10188189","10188292","chr3","181238196","181238292","28","171050007"
"chr2A","10198272","10198363","chr17","13332748","13332838","21","3134476"
"chr2A","10209510","10209815","chr2A","10157980","10158284","3","51530"
"chr2A","10229276","10229573","chr1","221273892","221274187","45","211044616"
"chr2A","10263863","10263991","chr18","27361682","27361812","11","17097819"
"chr2A","10304283","10304581","chr3","33283512","33283805","35","22979229"
"chr2A","10312134","10312341","chr11","75545758","75545976","36","65233624"
"chr2A","10717931","10718029","chr9","80389825","80389922","16","69671894"
"chr2A","10790899","10791193","chr2A","10733323","10733619","9","57576"
"chr2A","10837462","10837734","chr2A","10783693","10783971","9","53769"
"chr2A","10851651","10851897","chr2A","10800566","10800812","1","51085"
"chr2A","10870736","10870963","chr16","69727507","69727726","49","58856771"
"chr2A","10930884","10931107","chr3","36295297","36295521","44","25364413"
"chr2A","11133027","11133355","chr2A","11089477","11089806","6","43550"
"chr2A","11222890","11223189","chr5","45583790","45584088","34","34360900"
"chr2A","11224962","11225262","chr2A","11188875","11189175","4","36087"
"chr2A","11266669","11266963","chr2A","11232080","11232379","8","34589"
"chr2A","11288816","11289111","chr2A","11256518","11256817","6","32298"
"chr2A","11307920","11308214","chr2A","11278733","11279032","6","29187"
"chr2A","11417246","11417538","chr10","120863393","120863676","54","109446147"
"chr2A","11431380","11431684","chrX","30629841","30630137","51","19198461"
"chr2A","11465575","11465669","chr3","27665315","27665404","28","16199740"
"chr2A","11466364","11466667","chr2A","11440691","11440991","4","25673"
"chr2A","11468944","11469243","chr2A","11443278","11443575","4","25666"
"chr2A","11498134","11498414","chr2A","11475201","11475481","1","22933"
"chr2A","11557968","11558066","chr14","100673591","100673682","18","89115623"
"chr2A","11587895","11588190","chr1","171743538","171743834","51","160155643"
"chr2A","11593146","11593439","chr2A","11571077","11571371","3","22069"
"chr2A","11623037","11623348","chr2A","11601049","11601362","4","21988"
"chr2A","11862043","11862321","chr2A","11845082","11845360","1","16961"
"chr2A","11960597","11960679","chr8","46091691","46091777","20","34131094"
"chr2A","12084412","12084711","chr2A","12070785","12071085","14","13627"
"chr2A","12106963","12107272","chr2A","12093322","12093625","7","13641"
"chr2A","12220070","12220371","chr2A","12206576","12206878","3","13494"
"chr2A","12603095","12603315","chr8","71775441","71775659","34","59172346"
"chr2A","12791087","12791341","chr2A","12771412","12771666","0","19675"
"chr2A","12924520","12924816","chr2A","12906096","12906397","6","18424"
"chr2A","12926117","12926411","chr2A","12907698","12907992","0","18419"
"chr2A","13018647","13018950","chr2A","13003574","13003881","6","15073"
"chr2A","13171210","13171316","chr2A","13157836","13157942","0","13374"
"chr2A","13747574","13747648","chr17","4261422","4261478","31","9486152"
"chr2A","13934697","13934829","chr9","122440275","122440408","24","108505578"
"chr2A","14161902","14162206","chr2A","14167288","14167588","10","5386"
"chr2A","14438788","14439062","chr7","125826811","125827079","55","111388023"
"chr2A","14584902","14585194","chr2A","14605307","14605599","2","20405"
"chr2A","14687499","14687808","chr2A","14710761","14711071","6","23262"
"chr2A","14998935","14999232","chr2A","15021026","15021325","4","22091"
"chr2A","15041044","15041338","chr2A","15063056","15063351","1","22012"
"chr2A","15363186","15363467","chr8","84500967","84501251","30","69137781"
"chr2A","15640372","15640650","chr2A","15665274","15665554","2","24902"
"chr2A","15756241","15756403","chr2A","15781662","15781848","25","25421"
"chr2A","15769585","15769889","chr2A","15795048","15795352","3","25463"
"chr2A","15771588","15771742","chr6","145351826","145351977","27","129580238"
"chr2A","15773869","15774164","chr9","103993647","103993943","48","88219778"
"chr2A","15862410","15862542","chr2A","32693701","32693835","19","16831291"
"chr2A","15866178","15866219","chr6","20158127","20158168","10","4291949"
"chr2A","15983007","15983081","chr2A","16011024","16011098","0","28017"
"chr2A","15999066","15999409","chr2A","16026795","16027139","1","27729"
"chr2A","16002473","16002770","chr2A","16030203","16030501","2","27730"
"chr2A","16043166","16043300","chr16","59422537","59422667","13","43379371"
"chr2A","16148272","16148570","chr2A","16184752","16185046","7","36480"
"chr2A","16181189","16181488","chr2A","16218746","16219051","8","37557"
"chr2A","16247672","16247784","chr3","181143385","181143493","23","164895713"
"chr2A","16301311","16301619","chr2A","16383216","16383524","6","81905"
"chr2A","16331588","16331898","chr2A","16413086","16413396","7","81498"
"chr2A","16393902","16394214","chr2A","16475342","16475654","1","81440"
"chr2A","16646793","16647088","chr2A","16729156","16729450","1","82363"
"chr2A","16804285","16804581","chr2A","16892252","16892550","4","87967"
"chr2A","17086244","17086553","chr2A","17175115","17175432","13","88871"
"chr2A","17212013","17212323","chr2A","17301824","17302135","3","89811"
"chr2A","17351437","17351541","chr14","100673591","100673682","26","83322154"
"chr2A","17386922","17387217","chr2A","17474109","17474408","4","87187"
"chr2A","17679221","17679434","chr16","26803895","26804104","49","9124674"
"chr2A","17686575","17686869","chr2A","17779305","17779600","2","92730"
"chr2A","18158445","18158621","chr22","28740299","28740471","38","10581854"
"chr2A","18349689","18349977","chr2A","18448551","18448825","16","98862"
"chr2A","18522377","18522661","chr2A","18619497","18619782","2","97120"
"chr2A","18618865","18619173","chr2A","18717930","18718238","9","99065"
"chr2A","18741106","18741231","chr10","85792459","85792585","12","67051353"
"chr2A","18760092","18760373","chr17","1748555","1748835","27","17011537"
"chr2A","18863962","18864085","chr6","36107768","36107898","21","17243806"
"chr2A","18864254","18864429","chr10","57532871","57533043","34","38668617"
"chr2A","19036686","19036991","chr2A","19141882","19142190","11","105196"
"chr2A","19506241","19506514","chr2A","19624520","19624806","16","118279"
"chr2A","19670527","19670652","chr5","172392908","172393028","27","152722381"
"chr2A","19870946","19871031","chr14","100673591","100673682","25","80802645"
"chr2A","19937226","19937411","chr18","50259282","50259463","35","30322056"
"chr2A","20146225","20146342","chr19","20014001","20014129","26","132224"
"chr2A","20171656","20171949","chr13","20993235","20993531","34","821579"
"chr2A","20366676","20366895","chr2A","20485266","20485487","2","118590"
"chr2A","20390979","20391140","chr2A","20509214","20509376","1","118235"
"chr2A","20899488","20899598","chr2B","205936995","205937106","26","185037507"
"chr2A","21125110","21125400","chr2A","21279893","21280185","3","154783"
"chr2A","21184728","21184837","chr20","16652596","16652702","19","4532132"
"chr2A","22018015","22018301","chr2A","22191310","22191596","0","173295"
"chr2A","22151695","22151992","chr2A","22323725","22324021","3","172030"
"chr2A","22253578","22253800","chr2A","22426008","22426231","3","172430"
"chr2A","22372427","22372510","chr3","181238196","181238292","33","158865769"
"chr2A","22456060","22456359","chr2A","22638191","22638460","31","182131"
"chr2A","22691341","22691640","chr2A","22875581","22875880","1","184240"
"chr2A","23227853","23228153","chr12","31778296","31778591","37","8550443"
"chr2A","23422332","23422640","chr6","9752859","9753162","37","13669473"
"chr2A","23558297","23558424","chr1","46484701","46484838","26","22926404"
"chr2A","23733787","23734095","chr11","61523236","61523548","47","37789449"
"chr2A","23948046","23948266","chr12","127226022","127226243","27","103277976"
"chr2A","23956461","23956699","chr8","21286933","21287168","57","2669528"
"chr2A","23981840","23982135","chr2A","24194623","24194920","3","212783"
"chr2A","24015129","24015430","chr1","21949805","21950110","37","2065324"
"chr2A","24042518","24042802","chr2A","24257096","24257383","3","214578"
"chr2A","24072671","24072910","chr2A","24288870","24289140","31","216199"
"chr2A","24098730","24098803","chr6","11395990","11396054","29","12702740"
"chr2A","24110516","24110817","chr2A","24328898","24329203","11","218382"
"chr2A","24187709","24188001","chr1","148284440","148284734","38","124096731"
"chr2A","24371792","24372095","chr2A","24595247","24595550","0","223455"
"chr2A","24425265","24425433","chr14","64560671","64560836","23","40135406"
"chr2A","24425733","24425792","chr1","130379185","130379250","16","105953452"
"chr2A","24428369","24428661","chr2A","24650015","24650306","1","221646"
"chr2A","24437844","24438145","chr2A","24659494","24659800","6","221650"
"chr2A","24448431","24448726","chr2A","24671022","24671318","2","222591"
"chr2A","24457849","24458126","chr2A","24681835","24682076","44","223986"
"chr2A","24473801","24474055","chr2A","24696635","24696889","1","222834"
"chr2A","24497414","24497711","chr2A","24721201","24721500","4","223787"
"chr2A","24504834","24505123","chr2A","24728865","24729154","0","224031"
"chr2A","24514839","24515127","chr19","43817305","43817595","40","19302466"
"chr2A","24533528","24533824","chr2A","24757913","24758209","0","224385"
"chr2A","24728831","24729126","chr2A","24952547","24952843","4","223716"
"chr2A","24868333","24868631","chr1","203625167","203625456","46","178756834"
"chr2A","24875076","24875223","chr11","25729792","25729944","23","854716"
"chr2A","24875519","24875653","chr16","59422537","59422667","15","34547018"
"chr2A","24956746","24957004","chr2A","25183138","25183396","2","226392"
"chr2A","24981752","24981886","chr2A","25209216","25209350","1","227464"
"chr2A","24991667","24991910","chr11","58519545","58519794","42","33527878"
"chr2A","25031496","25031619","chr4","75964418","75964542","17","50932922"
"chr2A","25058552","25058844","chr2A","25288854","25289147","1","230302"
"chr2A","25093517","25093808","chr2A","25324101","25324392","4","230584"
"chr2A","25148756","25149062","chr2A","25383453","25383758","1","234697"
"chr2A","25156887","25157074","chr17","17876580","17876768","27","7280307"
"chr2A","25174393","25174684","chr18","18555827","18556115","30","6618566"
"chr2A","25271488","25271773","chr6","8385500","8385792","39","16885988"
"chr2A","25321334","25321495","chr19","22168639","22168798","24","3152695"
"chr2A","25371292","25371480","chr2A","25604812","25605001","43","233520"
"chr2A","25371788","25371911","chr2A","25605696","25605815","5","233908"
"chr2A","25458156","25458463","chr2A","25691887","25692181","15","233731"
"chr2A","25465023","25465284","chr1","124399374","124399636","35","98934351"
"chr2A","25482218","25482531","chr3","160512729","160513033","35","135030511"
"chr2A","25488126","25488393","chr2A","25724386","25724674","21","236260"
"chr2A","25786105","25786235","chr10","99456702","99456830","16","73670597"
"chr2A","25810177","25810304","chr8","26723415","26723536","25","913238"
"chr2A","25921043","25921333","chr2A","26170225","26170526","15","249182"
"chr2A","25952446","25952565","chr2B","199271339","199271453","24","173318893"
"chr2A","25984473","25984770","chr2A","26234669","26234967","2","250196"
"chr2A","26004577","26004695","chr10","102267350","102267470","13","76262773"
"chr2A","26077810","26078110","chr2A","26338012","26338310","2","260202"
"chr2A","26105049","26105349","chr2A","26366306","26366611","6","261257"
"chr2A","26106388","26106668","chr12","6662970","6663249","64","19443418"
"chr2A","26113410","26113696","chr11","98871856","98872144","31","72758446"
"chr2A","26145945","26146105","chr18","42055327","42055484","28","15909382"
"chr2A","26146501","26146793","chr2A","26408977","26409273","4","262476"
"chr2A","26188654","26188948","chr8","139185886","139186167","65","112997232"
"chr2A","26207077","26207376","chr2A","26470691","26470991","4","263614"
"chr2A","26229614","26229733","chr8","26723415","26723536","25","493801"
"chr2A","26239609","26239912","chr2A","26504410","26504712","8","264801"
"chr2A","26240946","26241087","chr22","35041748","35041876","33","8800802"
"chr2A","26287494","26287583","chr14","100673591","100673682","15","74386097"
"chr2A","26338361","26338639","chr2A","26607485","26607763","5","269124"
"chr2A","26384806","26384918","chr2A","62538961","62539069","31","36154155"
"chr2A","26452255","26452543","chr2A","26724981","26725270","3","272726"
"chr2A","26751310","26751473","chr2A","27033598","27033761","1","282288"
"chr2A","26837564","26837744","chr2B","236416509","236416691","40","209578945"
"chr2A","26838233","26838507","chr2A","27122769","27123071","30","284536"
"chr2A","26891477","26891586","chr14","35268910","35269034","29","8377433"
"chr2A","26954593","26954894","chr1","62209543","62209853","43","35254950"
"chr2A","26992241","26992508","chr2A","27279775","27280045","5","287534"
"chr2A","27006728","27007036","chr5","90828079","90828385","38","63821351"
"chr2A","27046817","27047130","chr14","104140830","104141135","66","77094013"
"chr2A","27195168","27195474","chr10","114312160","114312459","44","87116992"
"chr2A","27196404","27196543","chr2A","32693701","32693835","27","5497297"
"chr2A","27204390","27204406","chr7","54023042","54023058","8","26818652"
"chr2A","27229176","27229472","chr2A","27517581","27517882","7","288405"
"chr2A","27229749","27229884","chr12","6546624","6546764","20","20683125"
"chr2A","27230571","27230848","chr3","183720328","183720621","57","156489757"
"chr2A","27234582","27234753","chr2A","27523424","27523594","4","288842"
"chr2A","27250083","27250234","chr6","39212440","39212588","23","11962357"
"chr2A","27257629","27257940","chr9","87168130","87168439","44","59910501"
"chr2A","27278183","27278490","chr10","93391235","93391531","38","66113052"
"chr2A","27285365","27285488","chr5","172392908","172393028","32","145107543"
"chr2A","27366674","27366976","chr2A","27656541","27656844","3","289867"
"chr2A","27368303","27368421","chr2B","207026815","207026935","26","179658512"
"chr2A","27392920","27393205","chr2A","27683133","27683421","4","290213"
"chr2A","27409684","27409961","chr2A","27699322","27699631","43","289638"
"chr2A","27430053","27430347","chr2A","27721090","27721385","4","291037"
"chr2A","27497181","27497468","chr2A","27789704","27789999","8","292523"
"chr2A","27497570","27497865","chr2A","27790099","27790395","6","292529"
"chr2A","27504975","27505062","chr13","24059413","24059502","18","3445562"
"chr2A","27509076","27509345","chr4","68302389","68302657","39","40793313"
"chr2A","27509567","27509859","chr2A","27802322","27802614","0","292755"
"chr2A","27579417","27579639","chr7","103473638","103473844","59","75894221"
"chr2A","27618089","27618384","chr2A","27914063","27914356","4","295974"
"chr2A","27633291","27633582","chr14","25640001","25640294","51","1993290"
"chr2A","27636861","27637163","chr2A","27933568","27933870","1","296707"
"chr2A","27673136","27673231","chr12","12586014","12586108","22","15087122"
"chr2A","27677171","27677310","chr16","73743066","73743197","32","46065895"
"chr2A","27679839","27680172","chr2A","27977705","27978037","7","297866"
"chr2A","27686035","27686193","chr11","74831388","74831549","25","47145353"
"chr2A","27693878","27694002","chrX","124329806","124329928","13","96635928"
"chr2A","27717448","27717610","chr12","130463901","130464063","26","102746453"
"chr2A","27751025","27751325","chr2A","28050749","28051062","13","299724"
"chr2A","27767213","27767467","chr8","34186537","34186789","44","6419324"
"chr2A","27801833","27802139","chr14","89130456","89130763","29","61328623"
"chr2A","27840612","27840735","chr12","93126526","93126644","29","65285914"
"chr2A","27929103","27929249","chr2A","28235182","28235336","9","306079"
"chr2A","27941981","27942249","chr2A","28248162","28248431","1","306181"
"chr2A","28023964","28024244","chr2A","28330709","28330993","6","306745"
"chr2A","28362253","28362557","chr2A","28673321","28673627","6","311068"
"chr2A","28375616","28375922","chr2A","28684713","28685021","3","309097"
"chr2A","28386241","28386529","chr7","152603758","152604037","42","124217517"
"chr2A","28638490","28638748","chr2A","28952060","28952338","22","313570"
"chr2A","28676731","28677025","chr2A","28990672","28990966","0","313941"
"chr2A","28719877","28720151","chr2A","29034115","29034389","1","314238"
"chr2A","28738954","28739232","chr2A","29053238","29053516","3","314284"
"chr2A","28809736","28810044","chr3","5045433","5045734","42","23764303"
"chr2A","28829745","28830053","chr2A","29147518","29147841","18","317773"
"chr2A","28847543","28847837","chr2A","29166287","29166581","2","318744"
"chr2A","28870264","28870558","chr2A","29188885","29189182","6","318621"
"chr2A","28907149","28907446","chr2A","29227538","29227833","7","320389"
"chr2A","28911645","28911929","chr14","47911057","47911352","54","18999412"
"chr2A","28941967","28942260","chr2A","29262996","29263292","7","321029"
"chr2A","28970474","28970595","chr15","81017045","81017179","29","52046571"
"chr2A","28974303","28974565","chr2A","29296680","29296944","2","322377"
"chr2A","29041118","29041368","chr2A","29362784","29363036","4","321666"
"chr2A","29054728","29055014","chr19","63023397","63023673","58","33968669"
"chr2A","29134915","29135237","chr21","4065891","4066188","64","25069024"
"chr2A","29179390","29179625","chr2A","29503231","29503467","1","323841"
"chr2A","29271745","29271960","chr2A","29595971","29596186","0","324226"
"chr2A","29463103","29463396","chr6","25647113","25647412","38","3815990"
"chr2A","30103201","30103383","chr19","53465820","53465997","29","23362619"
"chr2A","30251755","30252054","chr2A","30584029","30584332","6","332274"
"chr2A","30265229","30265525","chr2A","30597495","30597795","6","332266"
"chr2A","30289179","30289482","chr2A","30623415","30623723","7","334236"
"chr2A","30302800","30303096","chr2A","30637075","30637375","6","334275"
"chr2A","30326983","30327190","chr2A","30661431","30661647","12","334448"
"chr2A","30469039","30469343","chr2A","30807512","30807820","10","338473"
"chr2A","30589241","30589452","chr2A","30927451","30927662","2","338210"
"chr2A","30618732","30619030","chr6","42778984","42779282","32","12160252"
"chr2A","30910304","30910596","chr2A","31252060","31252352","1","341756"
"chr2A","31061282","31061593","chr2A","31409882","31410190","4","348600"
"chr2A","31208329","31208423","chr1","160944586","160944680","18","129736257"
"chr2A","31306958","31307254","chr2A","31671378","31671676","6","364420"
"chr2A","31326761","31326967","chr16","26803895","26804104","40","4522866"
"chr2A","31742032","31742187","chr1","47645823","47645989","44","15903791"
"chr2A","31876981","31877231","chr2A","32253824","32254075","3","376843"
"chr2A","31994190","31994494","chr2A","32373823","32374131","5","379633"
"chr2A","31994515","31994789","chr2A","32374146","32374444","25","379631"
"chr2A","32018112","32018400","chr2A","32397797","32398085","3","379685"
"chr2A","32034623","32034897","chr2A","32414416","32414690","0","379793"
"chr2A","32096032","32096327","chr2A","32480511","32480806","3","384479"
"chr2A","32106865","32107039","chr2A","32492014","32492187","2","385149"
"chr2A","32107138","32107295","chr2A","32492286","32492443","0","385148"
"chr2A","32108738","32109012","chr2A","32493889","32494163","1","385151"
"chr2A","32110696","32110786","chr10","102537049","102537135","16","70426353"
"chr2A","32113144","32113225","chr14","72809428","72809509","13","40696284"
"chr2A","32149983","32150155","chr2A","32537983","32538155","1","388000"
"chr2A","32811741","32811943","chr15","42347657","42347866","35","9535916"
"chr2A","32811965","32812239","chr4","141734619","141734898","34","108922654"
"chr2A","32838250","32838558","chr18","27229273","27229564","57","5608977"
"chr2A","32841445","32841752","chr2A","32586844","32587152","9","254601"
"chr2A","32862941","32863247","chr5","7893420","7893723","47","24969521"
"chr2A","32865053","32865286","chr2A","32610935","32611168","2","254118"
"chr2A","32893842","32893949","chr2B","205936995","205937106","22","173043153"
"chr2A","32894477","32894780","chr2A","32641307","32641610","2","253170"
"chr2A","32903592","32903877","chr2A","32650410","32650696","2","253182"
"chr2A","32943461","32943589","chr2A","32693701","32693835","7","249760"
"chr2A","32943715","32943889","chr2A","32693961","32694135","1","249754"
"chr2A","33012233","33012534","chr1","15978044","15978341","53","17034189"
"chr2A","33053658","33053791","chr3","27869019","27869149","19","5184639"
"chr2A","33054072","33054234","chr1","54397545","54397708","22","21343473"
"chr2A","33057466","33057645","chr1","129379917","129380093","35","96322451"
"chr2A","33058250","33058558","chr2A","32808691","32809000","2","249559"
"chr2A","33066558","33066871","chr6","22004313","22004626","40","11062245"
"chr2A","33078599","33078653","chr1","33246348","33246407","21","167749"
"chr2A","33082795","33083054","chr2A","32837417","32837680","6","245378"
"chr2A","33092157","33092454","chr2A","32846846","32847114","29","245311"
"chr2A","33093236","33093529","chr2A","32847901","32848194","8","245335"
"chr2A","33096161","33096478","chr2A","32850829","32851146","0","245332"
"chr2A","33111537","33111832","chr2A","32866081","32866376","0","245456"
"chr2A","33116104","33116396","chr2A","32870648","32870948","10","245456"
"chr2A","33164654","33164956","chr16","22249642","22249945","56","10915012"
"chr2A","33273923","33274030","chr22","33938435","33938535","20","664512"
"chr2A","33342464","33342751","chr2A","33101339","33101626","1","241125"
"chr2A","33367952","33368148","chr4","153385655","153385852","69","120017703"
"chr2A","33370674","33370889","chr3","159599907","159600115","35","126229233"
"chr2A","33380166","33380456","chr2A","33139694","33139990","7","240472"
"chr2A","33437119","33437350","chr2A","33199643","33199874","2","237476"
"chr2A","33527964","33528280","chr2A","33290805","33291094","38","237159"
"chr2A","33580341","33580650","chr2A","33347772","33348081","1","232569"
"chr2A","33604635","33604963","chrX","113968058","113968367","61","80363423"
"chr2A","33626925","33627150","chr4","115524929","115525145","45","81898004"
"chr2A","34043143","34043443","chr2A","33823981","33824278","12","219162"
"chr2A","34090371","34090540","chr2A","33870538","33870707","0","219833"
"chr2A","34103898","34104190","chr2A","33884052","33884345","6","219846"
"chr2A","34150129","34150423","chr2A","33929836","33930135","6","220293"
"chr2A","34181002","34181305","chr2A","33961328","33961623","10","219674"
"chr2A","34184086","34184388","chr2A","33964403","33964706","5","219683"
"chr2A","34189686","34189972","chr2A","33970232","33970520","3","219454"
"chr2A","34254836","34255129","chr2A","34035783","34036078","13","219053"
"chr2A","34487898","34488192","chr2A","34277469","34277770","12","210429"
"chr2A","34521405","34521647","chr2A","34311104","34311346","2","210301"
"chr2A","34671709","34672005","chr2A","34407438","34407739","5","264271"
"chr2A","34812919","34813194","chr2A","34560005","34560283","6","252914"
"chr2A","34830926","34831098","chr8","6317221","6317400","30","28513705"
"chr2A","35141383","35141524","chr2A","34890222","34890363","1","251161"
"chr2A","35154631","35154941","chr2A","34903753","34904032","32","250878"
"chr2A","35172829","35172912","chr3","181238196","181238292","35","146065367"
"chr2A","35299054","35299344","chr2A","35044224","35044514","0","254830"
"chr2A","35410520","35410797","chr2A","35157764","35158021","26","252756"
"chr2A","35931117","35931376","chr3","59085256","59085513","59","23154139"
"chr2A","36023518","36023814","chr2A","35753972","35754273","8","269546"
"chr2A","36049943","36050267","chr2A","35779593","35779866","53","270350"
"chr2A","36122062","36122355","chr2A","35852581","35852884","15","269481"
"chr2A","36292193","36292488","chr2A","36019801","36020097","1","272392"
"chr2A","36383844","36384139","chr2A","36110039","36110338","5","273805"
"chr2A","36609029","36609155","chr1","147248776","147248910","31","110639747"
"chr2A","36820537","36820842","chr2A","36552437","36552743","5","268100"
"chr2A","36849724","36850018","chr2A","36581636","36581933","4","268088"
"chr2A","37046933","37047232","chr2A","36783467","36783766","0","263466"
"chr2A","37292254","37292547","chr2A","37030350","37030644","1","261904"
"chr2A","37408599","37408719","chr2B","199271339","199271453","24","161862740"
"chr2A","37588082","37588395","chr2A","37325484","37325798","1","262598"
"chr2A","37605559","37605820","chr1","124399374","124399636","39","86793815"
"chr2A","37655320","37655608","chrX","30629841","30630137","65","7025479"
"chr2A","37711708","37711820","chr2B","199271339","199271453","28","161559631"
"chr2A","37736889","37737181","chr2A","37474111","37474403","1","262778"
"chr2A","37762081","37762404","chr14","103338588","103338898","48","65576507"
"chr2A","37777332","37777634","chr2A","37514246","37514553","8","263086"
"chr2A","37781763","37782051","chr2A","37518686","37518983","13","263077"
"chr2A","37796356","37796645","chr2A","37534165","37534449","8","262191"
"chr2A","37912741","37913041","chr2A","37652807","37653107","0","259934"
"chr2A","37913125","37913412","chr1","95788952","95789236","55","57875827"
"chr2A","37930811","37931058","chr3","159798489","159798726","55","121867678"
"chr2A","37931355","37931431","chr3","122317918","122317994","13","84386563"
"chr2A","37976672","37976898","chr2A","37713306","37713531","6","263366"
"chr2A","38143915","38144050","chr1","46484701","46484838","23","8340786"
"chr2A","38293683","38294012","chr16","22117486","22117809","47","16176197"
"chr2A","38481395","38481694","chr2A","38229997","38230298","2","251398"
"chr2A","38531795","38532113","chr4","38221399","38221714","32","310396"
"chr2A","38550282","38550576","chr2A","38300415","38300711","3","249867"
"chr2A","38955021","38955311","chr2A","37652807","37653107","42","1302214"
"chr2A","39024395","39024615","chr4","130338232","130338442","49","91313837"
"chr2A","39025093","39025185","chr13","24059413","24059502","18","14965680"
"chr2A","39101446","39101746","chr16","19563606","19563911","27","19537840"
"chr2A","39154274","39154557","chr2A","38916173","38916453","10","238101"
"chr2A","39157757","39157879","chrX","124329806","124329928","13","85172049"
"chr2A","39238039","39238153","chr17","59059909","59060023","10","19821870"
"chr2A","39303098","39303396","chr2A","39071188","39071491","7","231910"
"chr2A","39351025","39351342","chr8","76783745","76784063","47","37432720"
"chr2A","39383799","39384098","chr1","35380709","35381003","34","4003090"
"chr2A","39429864","39430029","chr4","116465175","116465340","28","77035311"
"chr2A","39430341","39430358","chr1","28547144","28547162","5","10883197"
"chr2A","39437631","39437933","chr7","131472618","131472927","53","92034987"
"chr2A","39451580","39451866","chr2A","39220650","39220936","2","230930"
"chr2A","39546859","39547148","chr2A","39320008","39320298","2","226851"
"chr2A","39580100","39580380","chr2A","39355673","39355955","5","224427"
"chr2A","39582244","39582345","chr14","100673591","100673682","26","61091347"
"chr2A","39593472","39593636","chr17","46043196","46043357","18","6449724"
"chr2A","39602487","39602789","chr2A","39381052","39381362","10","221435"
"chr2A","39611213","39611517","chrX","47208197","47208506","41","7596984"
"chr2A","39615334","39615623","chr2A","39393986","39394276","2","221348"
"chr2A","39621526","39621673","chr17","8550529","8550674","24","31070997"
"chr2A","39676473","39676608","chr2A","39456369","39456504","0","220104"
"chr2A","39834461","39834750","chr2A","39617016","39617318","15","217445"
"chr2A","39848145","39848436","chr2A","39629796","39630087","0","218349"
"chr2A","39866353","39866480","chr2B","227579190","227579322","34","187712837"
"chr2A","39944670","39944773","chr14","100673591","100673682","25","60728921"
"chr2A","39948276","39948367","chr14","100673591","100673682","17","60725315"
"chr2A","39961721","39961822","chr20","16652596","16652702","23","23309125"
"chr2A","39963916","39964235","chr2A","39748153","39748472","4","215763"
"chr2A","40060661","40060806","chr2A","39844836","39844983","2","215825"
"chr2A","40142537","40142822","chr2A","39929518","39929803","1","213019"
"chr2A","40411511","40411807","chr2A","40200523","40200827","9","210988"
"chr2A","40437128","40437418","chr2A","40226274","40226564","0","210854"
"chr2A","40542112","40542407","chr15","47142150","47142452","51","6600038"
"chr2A","40640672","40640993","chr2A","40434502","40434822","7","206170"
"chr2A","40782552","40782684","chr4","25636990","25637130","27","15145562"
"chr2A","40832608","40832907","chr2A","40627352","40627651","1","205256"
"chr2A","41459871","41460176","chr2A","41159108","41159415","2","300763"
"chr2A","41464781","41465017","chr2A","41164024","41164260","1","300757"
"chr2A","41474890","41475196","chr2A","41174139","41174447","6","300751"
"chr2A","41885550","41885748","chr17","73441364","73441560","23","31555814"
"chr2A","41929116","41929420","chr2A","41625045","41625347","3","304071"
"chr2A","41970171","41970467","chr2A","41684037","41684340","9","286134"
"chr2A","42275311","42275463","chr2A","41987848","41987999","3","287463"
"chr2A","42293797","42294099","chr2A","42006340","42006640","6","287457"
"chr2A","42626305","42626602","chr2A","42339375","42339677","11","286930"
"chr2A","42640900","42641146","chr2A","42354115","42354361","1","286785"
"chr2A","42971756","42972061","chr10","3337043","3337335","53","39634713"
"chr2A","42975080","42975383","chr2A","42698042","42698345","1","277038"
"chr2A","42984415","42984718","chr2A","42708045","42708349","11","276370"
"chr2A","43084937","43085217","chr3","117156145","117156424","33","74071208"
"chr2A","43133562","43133724","chr2A","42860554","42860716","0","273008"
"chr2A","43230842","43231138","chr2A","42959082","42959380","4","271760"
"chr2A","43283336","43283622","chr17","64224177","64224468","43","20940841"
"chr2A","43352083","43352220","chr2A","32693701","32693835","28","10658382"
"chr2A","43356673","43356971","chr10","120134000","120134298","31","76777327"
"chr2A","43437029","43437111","chr8","46091691","46091777","20","2654662"
"chr2A","43455284","43455413","chr1","46484701","46484838","21","3029417"
"chr2A","43474642","43474964","chr1","95715894","95716202","60","52241252"
"chr2A","43498768","43498849","chr8","46091691","46091777","20","2592923"
"chr2A","43501930","43502222","chr2A","43240068","43240367","9","261862"
"chr2A","43511221","43511513","chr2A","43246384","43246676","0","264837"
"chr2A","43553579","43553890","chr2A","43291759","43292070","4","261820"
"chr2A","43562253","43562565","chr2A","43300042","43300334","22","262211"
"chr2A","43567428","43567714","chr2A","43305601","43305887","0","261827"
"chr2A","43612745","43612827","chr2A","43352290","43352372","0","260455"
"chr2A","43620534","43620836","chr2A","43360117","43360419","4","260417"
"chr2A","43658679","43658982","chr17","63022730","63023033","46","19364051"
"chr2A","43715689","43715978","chr2A","43455204","43455494","1","260485"
"chr2A","43762779","43763097","chr2A","43503181","43503479","26","259598"
"chr2A","44031536","44031821","chr2A","43772652","43772937","2","258884"
"chr2A","44102239","44102362","chr19","40260963","40261088","11","3841276"
"chr2A","44125499","44125679","chr2A","48153883","48154060","27","4028384"
"chr2A","44169868","44170053","chr3","145547243","145547422","36","101377375"
"chr2A","44272657","44272944","chr2A","44008261","44008548","0","264396"
"chr2A","44414799","44415106","chr2A","44150060","44150362","14","264739"
"chr2A","44504861","44505093","chr2A","44240782","44241014","1","264079"
"chr2A","44541735","44542043","chr2A","44280320","44280629","4","261415"
"chr2A","44557561","44557857","chr2A","44296173","44296475","11","261388"
"chr2A","44566096","44566410","chr2A","44304717","44305027","5","261379"
"chr2A","44583789","44584096","chr2A","44322871","44323181","12","260918"
"chr2A","44607540","44607823","chr2A","44347864","44348151","7","259676"
"chr2A","44674296","44674611","chr2A","44412111","44412425","2","262185"
"chr2A","44990986","44991101","chr2A","44638779","44638894","2","352207"
"chr2A","45049351","45049654","chr2A","44690306","44690614","8","359045"
"chr2A","45100211","45100384","chr12","93579690","93579859","51","48479479"
"chr2A","45125433","45125757","chr1","24750676","24750979","67","20374757"
"chr2A","45203397","45203495","chr12","12586014","12586108","20","32617383"
"chr2A","45219999","45220308","chr2A","44868282","44868590","2","351717"
"chr2A","45227506","45227799","chr2A","44876027","44876316","12","351479"
"chr2A","45228152","45228265","chr20","49213010","49213114","25","3984858"
"chr2A","45234755","45234873","chr2B","207026815","207026935","20","161792060"
"chr2A","45285329","45285619","chr2A","44934002","44934296","5","351327"
"chr2A","45295745","45296057","chr8","88984385","88984695","41","43688640"
"chr2A","45336285","45336454","chr3","140230264","140230435","20","94893979"
"chr2A","45365417","45365672","chr2A","45020063","45020318","0","345354"
"chr2A","45452823","45453099","chr2A","45106919","45107195","0","345904"
"chr2A","45474126","45474264","chr8","112933585","112933727","30","67459459"
"chr2A","45661432","45661613","chr3","50636277","50636455","33","4974845"
"chr2A","45726121","45726221","chr1","182725129","182725248","30","136999008"
"chr2A","45769252","45769289","chr2B","116752361","116752391","11","70983109"
"chr2A","46157702","46157861","chr7","49671100","49671253","25","3513398"
"chr2A","46217623","46217923","chr2A","45878040","45878357","18","339583"
"chr2A","46253394","46253700","chr2A","45916358","45916667","5","337036"
"chr2A","46472906","46473070","chr2A","46138290","46138454","0","334616"
"chr2A","47052802","47052896","chr13","24059413","24059502","18","22993389"
"chr2A","47247066","47247210","chr12","6546624","6546764","25","40700442"
"chr2A","47284649","47284752","chr22","33938435","33938535","22","13346214"
"chr2A","47337695","47337998","chr2A","47023558","47023861","0","314137"
"chr2A","47441695","47441890","chr14","43526197","43526390","37","3915498"
"chr2A","47465034","47465321","chr2A","47153517","47153805","2","311517"
"chr2A","47642068","47642365","chr2A","47334456","47334756","5","307612"
"chr2A","47684301","47684602","chr2A","47380287","47380595","8","304014"
"chr2A","47772050","47772350","chr2A","47468131","47468432","4","303919"
"chr2A","47880808","47881108","chr2A","47577017","47577323","8","303791"
"chr2A","47940632","47940942","chr2A","47640254","47640564","6","300378"
"chr2A","47993144","47993430","chr13","95531027","95531317","41","47537883"
"chr2A","48015782","48016072","chr2A","63134080","63134374","56","15118298"
"chr2A","48098522","48098811","chr13","100447486","100447771","39","52348964"
"chr2A","48103985","48104270","chr6","74351099","74351381","42","26247114"
"chr2A","48202442","48202743","chr2A","47907127","47907429","3","295315"
"chr2A","48352852","48353081","chr20","39042683","39042910","34","9310169"
"chr2A","48374289","48374421","chr2A","48087031","48087163","0","287258"
"chr2A","48459036","48459145","chr6","159074849","159074952","28","110615813"
"chr2A","48465827","48466132","chr2A","48183364","48183665","4","282463"
"chr2A","48466896","48467223","chr2A","48184430","48184757","1","282466"
"chr2A","48468438","48468599","chr4","116465175","116465340","37","67996737"
"chr2A","48468909","48469043","chr4","115379679","115379809","18","66910770"
"chr2A","48472928","48473241","chr3","28331707","28332012","41","20141221"
"chr2A","48482595","48482891","chr2A","48201071","48201367","2","281524"
"chr2A","48533286","48533591","chr11","60672667","60672968","35","12139381"
"chr2A","48573693","48573795","chr22","33938435","33938535","15","14635258"
"chr2A","48702524","48702701","chr11","48130487","48130657","31","572037"
"chr2A","48709206","48709484","chr17","1748555","1748835","33","46960651"
"chr2A","48753302","48753588","chr3","153608002","153608299","38","104854700"
"chr2A","48804685","48804988","chr2A","48525974","48526273","8","278711"
"chr2A","48869614","48869738","chr5","172392908","172393028","27","123523294"
"chr2A","48884550","48884831","chr2A","48606986","48607267","2","277564"
"chr2A","48916475","48916781","chr2A","48639336","48639626","16","277139"
"chr2A","48935557","48935768","chr2A","39227293","39227501","36","9708264"
"chr2A","48957253","48957343","chr14","100673591","100673682","22","51716338"
"chr2A","49017426","49017727","chr2A","48742490","48742794","5","274936"
"chr2A","49344141","49344449","chr2A","49073395","49073703","1","270746"
"chr2A","49450224","49450511","chr2A","49179787","49180082","11","270437"
"chr2A","49472923","49473019","chr3","27665315","27665404","22","21807608"
"chr2A","49505901","49506203","chr2A","49235745","49236040","8","270156"
"chr2A","49551709","49552010","chr2A","111103018","111103323","30","61551309"
"chr2A","49552403","49552705","chr2A","49283045","49283347","3","269358"
"chr2A","49571641","49571917","chr2A","49302037","49302335","24","269604"
"chr2A","49636923","49637215","chr2A","49367459","49367766","16","269464"
"chr2A","49837476","49837847","chr2A","49570119","49570445","77","267357"
"chr2A","49848622","49848903","chr2A","49581224","49581509","6","267398"
"chr2A","49876029","49876341","chr2A","49608634","49608933","27","267395"
"chr2A","50566181","50566488","chr2A","50295518","50295824","2","270663"
"chr2A","50651856","50652181","chr2A","50385531","50385857","4","266325"
"chr2A","50666450","50666742","chr2A","50400189","50400478","5","266261"
"chr2A","50710304","50710601","chr2A","50445059","50445355","5","265245"
"chr2A","50856030","50856324","chr2A","50591278","50591572","2","264752"
"chr2A","50857029","50857148","chr2B","207026815","207026935","34","156169786"
"chr2A","50895864","50896148","chr2A","50631379","50631663","2","264485"
"chr2A","51182276","51182578","chr2A","50920190","50920492","4","262086"
"chr2A","51235787","51236095","chr2A","50974638","50974941","6","261149"
"chr2A","51363757","51364069","chr2A","51102700","51103013","3","261057"
"chr2A","51396493","51396795","chr2A","51135455","51135758","1","261038"
"chr2A","51525081","51525373","chr4","39147057","39147350","37","12378024"
"chr2A","51785635","51785923","chr2A","51532231","51532518","19","253404"
"chr2A","52043884","52043974","chr22","37247931","37248026","20","14795953"
"chr2A","52068658","52068794","chr21","20136703","20136854","35","31931955"
"chr2A","53106635","53106764","chr2A","32693701","32693835","26","20412934"
"chr2A","53263472","53263795","chr2A","53012013","53012344","9","251459"
"chr2A","53314412","53314721","chr2A","53064403","53064709","6","250009"
"chr2A","53427043","53427333","chr2A","53185436","53185759","37","241607"
"chr2A","53500355","53500484","chr2A","32693701","32693835","32","20806654"
"chr2A","53740325","53740539","chr7","121024628","121024837","36","67284303"
"chr2A","53763560","53763704","chr2A","53534830","53534976","3","228730"
"chr2A","54088578","54088878","chr2A","53860812","53861114","5","227766"
"chr2A","54242845","54243134","chr2A","54018470","54018772","16","224375"
"chr2A","54311313","54311593","chr2A","54096439","54096743","24","214874"
"chr2A","54358453","54358685","chr2A","54143581","54143816","3","214872"
"chr2A","54591289","54591586","chr2A","54379797","54380096","3","211492"
"chr2A","54626368","54626635","chr2A","54414940","54415207","2","211428"
"chr2A","54723093","54723185","chr14","100673591","100673682","18","45950498"
"chr2A","54735233","54735530","chr2A","54524028","54524329","5","211205"
"chr2A","54779684","54779987","chr2A","54568632","54568934","5","211052"
"chr2A","54981044","54981334","chr2A","54773614","54773920","37","207430"
"chr2A","54990202","54990379","chr3","173683667","173683841","26","118693465"
"chr2A","55016654","55016762","chr2B","205936995","205937106","23","150920341"
"chr2A","55019381","55019686","chr2A","54812513","54812820","6","206868"
"chr2A","55026113","55026409","chr2A","63086723","63087016","27","8060610"
"chr2A","55031223","55031513","chr2A","54824445","54824737","6","206778"
"chr2A","55032361","55032693","chr20","18078632","18078928","80","36953729"
"chr2A","55057963","55058101","chr8","112933585","112933727","31","57875622"
"chr2A","55093618","55093912","chr2A","54888749","54889038","6","204869"
"chr2A","55469654","55469893","chr2A","29503231","29503467","33","25966423"
"chr2A","55469981","55470154","chr8","96096873","96097038","38","40626892"
"chr2A","55495917","55496198","chr2A","55061704","55061982","5","434213"
"chr2A","55535727","55535844","chr7","112797358","112797487","24","57261631"
"chr2A","55621920","55622208","chr2A","55187014","55187302","2","434906"
"chr2A","55637134","55637443","chr2A","55202224","55202532","3","434910"
"chr2A","55743286","55743620","chr2A","55308706","55309014","38","434580"
"chr2A","55828058","55828342","chr2A","55393849","55394133","2","434209"
"chr2A","55859846","55860156","chr2A","55424805","55425115","6","435041"
"chr2A","55966392","55966678","chr2A","55533289","55533575","1","433103"
"chr2A","55978914","55979213","chr2A","55545908","55546214","9","433006"
"chr2A","56088361","56088668","chr2A","55656413","55656693","28","431948"
"chr2A","56203868","56204081","chr2A","55766463","55766678","3","437405"
"chr2A","56428830","56428950","chr2B","199271339","199271453","27","142842509"
"chr2A","56497138","56497441","chr2A","56059652","56059953","4","437486"
"chr2A","56594398","56594691","chr2A","56159530","56159786","39","434868"
"chr2A","56596324","56596625","chr4","38360027","38360332","35","18236297"
"chr2A","56635008","56635220","chr4","47115904","47116107","41","9519104"
"chr2A","56638513","56638706","chr12","8145977","8146174","35","48492536"
"chr2A","56666235","56666496","chr2A","56232626","56232885","21","433609"
"chr2A","56677367","56677668","chr2A","56243972","56244272","1","433395"
"chr2A","56680988","56681084","chr14","100673591","100673682","18","43992603"
"chr2A","56753561","56753670","chr2B","205936995","205937106","17","149183434"
"chr2A","56780168","56780438","chr22","19888585","19888849","57","36891583"
"chr2A","56865630","56865874","chr2A","56435901","56436145","2","429729"
"chr2A","56866641","56866933","chr2A","56436915","56437207","1","429726"
"chr2A","57137651","57137769","chr7","112797358","112797487","27","55659707"
"chr2A","57176679","57176971","chr2A","56749535","56749828","2","427144"
"chr2A","57540074","57540364","chr2A","57115910","57116203","3","424164"
"chr2A","57540924","57541066","chr2A","32693701","32693835","26","24847223"
"chr2A","57639489","57639621","chr5","172392908","172393028","27","114753419"
"chr2A","57875239","57875391","chr2A","57469158","57469310","2","406081"
"chr2A","57937714","57938014","chr2A","57532565","57532872","8","405149"
"chr2A","58143723","58144000","chr1","165041586","165041875","56","106897863"
"chr2A","58182620","58182737","chr2B","207026815","207026935","26","148844195"
"chr2A","58453846","58453979","chr22","35041748","35041876","34","23412098"
"chr2A","58523617","58523909","chr2A","58122817","58123120","13","400800"
"chr2A","59017518","59017743","chr20","39042683","39042910","35","19974835"
"chr2A","59065030","59065331","chr2A","58667476","58667778","3","397554"
"chr2A","59166248","59166556","chr2A","58769880","58770189","2","396368"
"chr2A","60297370","60297666","chr2A","59912440","59912737","3","384930"
"chr2A","60316729","60317020","chr2A","59931787","59932083","6","384942"
"chr2A","60409379","60409668","chr2A","60025244","60025534","2","384135"
"chr2A","60425743","60426033","chr10","8764291","8764586","51","51661452"
"chr2A","60769731","60770040","chr2A","60386333","60386643","5","383398"
"chr2A","61129206","61129321","chr5","172392908","172393028","21","111263702"
"chr2A","61400448","61400584","chr16","73743066","73743197","38","12342618"
"chr2A","61587012","61587316","chr2A","61202321","61202613","14","384691"
"chr2A","61610199","61610512","chr2A","61225465","61225779","4","384734"
"chr2A","61690798","61691102","chr2A","61303890","61304196","4","386908"
"chr2A","61848753","61849037","chr1","129337688","129337979","50","67488935"
"chr2A","61929490","61929795","chr5","42111922","42112226","44","19817568"
"chr2A","62007955","62008253","chr2A","61625588","61625888","3","382367"
"chr2A","62013094","62013386","chr2A","61630895","61631188","2","382199"
"chr2A","62018213","62018413","chr9","97028914","97029116","37","35010701"
"chr2A","62136023","62136306","chrX","27283479","27283765","37","34852544"
"chr2A","62221176","62221323","chr10","92530394","92530537","23","30309218"
"chr2A","62267072","62267383","chr2A","61887415","61887726","3","379657"
"chr2A","62277706","62277995","chr14","60760952","60761239","66","1516754"
"chr2A","62312204","62312412","chr2A","61933943","61934149","6","378261"
"chr2A","62319821","62320125","chr2A","61941791","61942097","2","378030"
"chr2A","62350647","62350892","chr17","81370742","81370983","33","19020095"
"chr2A","62372569","62372867","chr2A","61994962","61995267","10","377607"
"chr2A","62379803","62380088","chr2A","62003096","62003381","0","376707"
"chr2A","62398213","62398511","chr9","35583613","35583914","22","26814600"
"chr2A","62418540","62418647","chr3","181238196","181238292","32","118819656"
"chr2A","62486749","62487016","chr13","94599007","94599280","42","32112258"
"chr2A","62490661","62490824","chr16","4189634","4189796","27","58301027"
"chr2A","62491131","62491267","chr12","31939089","31939232","17","30552042"
"chr2A","62531548","62531824","chr2A","62159070","62159360","14","372478"
"chr2A","62558255","62558532","chr2A","62185867","62186157","14","372388"
"chr2A","62580529","62580812","chr2A","62208271","62208585","32","372258"
"chr2A","62620219","62620358","chr2A","107195506","107195649","22","44575287"
"chr2A","62622002","62622304","chr2A","62251318","62251622","5","370684"
"chr2A","62703652","62703970","chr2A","62335982","62336292","9","367670"
"chr2A","62718714","62718908","chr2A","62352002","62352196","0","366712"
"chr2A","62725985","62726142","chr1","133837042","133837198","27","71111057"
"chr2A","62734882","62735186","chr2A","62367616","62367921","5","367266"
"chr2A","62735297","62735607","chr2A","62368032","62368340","2","367265"
"chr2A","62785884","62786104","chr10","125504478","125504703","45","62718594"
"chr2A","62786105","62786160","chr1","33246348","33246407","17","29539757"
"chr2A","62898536","62898811","chr2A","62536370","62536676","32","362166"
"chr2A","62900753","62900860","chr2A","62538961","62539069","2","361792"
"chr2A","62967690","62967982","chr2A","62608107","62608399","1","359583"
"chr2A","62983462","62983764","chr2A","62622868","62623176","6","360594"
"chr2A","63018269","63018385","chr3","200758253","200758371","12","137739984"
"chr2A","63047527","63047827","chr2A","62689837","62690138","2","357690"
"chr2A","63049841","63050143","chr2A","62692160","62692468","9","357681"
"chr2A","63071439","63071514","chr14","100673591","100673682","29","37602152"
"chr2A","63151183","63151462","chr19","62738896","62739167","42","412287"
"chr2A","63171592","63171887","chr2A","62814825","62815121","2","356767"
"chr2A","63179716","63180035","chr2A","62822961","62823280","3","356755"
"chr2A","63236630","63236808","chr2A","62881330","62881509","3","355300"
"chr2A","63337497","63337798","chr2A","62983022","62983343","20","354475"
"chr2A","63440027","63440320","chr2A","63086723","63087016","7","353304"
"chr2A","63468727","63469012","chr2A","63118817","63119102","0","349910"
"chr2A","63475435","63475722","chr2A","63125521","63125813","17","349914"
"chr2A","63483681","63483980","chr2A","63134080","63134374","22","349601"
"chr2A","63555316","63555615","chr19","44506094","44506390","35","19049222"
"chr2A","63608764","63609070","chr1","171059733","171060042","30","107450969"
"chr2A","63662724","63663025","chr2A","63322159","63322460","5","340565"
"chr2A","63825585","63825753","chr12","35035076","35035244","28","28790509"
"chr2A","63929728","63930018","chr12","23110106","23110396","42","40819622"
"chr2A","63978790","63979091","chr3","181262692","181262994","54","117283902"
"chr2A","64144233","64144532","chr2A","63806527","63806828","4","337706"
"chr2A","64191366","64191669","chr2A","63853717","63854022","5","337649"
"chr2A","64226223","64226512","chr2A","63888379","63888669","1","337844"
"chr2A","64315569","64315691","chr15","81017045","81017179","23","16701476"
"chr2A","64346203","64346344","chr7","116748829","116748964","30","52402626"
"chr2A","64359205","64359507","chrX","123850652","123850954","40","59491447"
"chr2A","64616261","64616393","chr16","73743066","73743197","30","9126805"
"chr2A","64656303","64656611","chr2A","64323013","64323321","2","333290"
"chr2A","64833160","64833469","chr19","55527636","55527944","37","9305524"
"chr2A","64834667","64834753","chr3","181238196","181238292","23","116403529"
"chr2A","65157996","65158303","chr2A","64834380","64834688","1","323616"
"chr2A","65192496","65192798","chr2A","64869036","64869339","2","323460"
"chr2A","65232681","65232976","chr2A","64911804","64912099","4","320877"
"chr2A","65253289","65253369","chr3","46579108","46579189","9","18674181"
"chr2A","65253766","65254040","chr2A","64932817","64933092","4","320949"
"chr2A","65260524","65260697","chr3","154987099","154987278","44","89726575"
"chr2A","65261643","65261925","chr2A","64940654","64940936","2","320989"
"chr2A","65352332","65352573","chr2A","65032231","65032472","4","320101"
"chr2A","65422567","65422624","chr17","13384782","13384834","27","52037785"
"chr2A","65478498","65478583","chr3","181238196","181238292","23","115759698"
"chr2A","65542513","65542791","chr1","145075298","145075575","63","79532785"
"chr2A","65570171","65570469","chr17","7198653","7198951","32","58371518"
"chr2A","65622112","65622404","chr2A","65307940","65308234","3","314172"
"chr2A","65644993","65645087","chr14","100673591","100673682","16","35028598"
"chr2A","65682650","65682945","chr2A","65369463","65369762","5","313187"
"chr2A","65753700","65753920","chr2A","65439293","65439513","0","314407"
"chr2A","65811759","65812065","chr2A","65499477","65499783","1","312282"
"chr2A","65852669","65852981","chr2A","65540919","65541231","1","311750"
"chr2A","66061597","66061796","chr2A","65759493","65759692","0","302104"
"chr2A","66102872","66103110","chr6","148597496","148597729","44","82494624"
"chr2A","66281593","66281886","chr2A","65985325","65985620","9","296268"
"chr2A","66297440","66297528","chr13","24059413","24059502","20","42238027"
"chr2A","66298152","66298445","chr2A","66003412","66003709","7","294740"
"chr2A","66305435","66305746","chr14","96539388","96539693","36","30233953"
"chr2A","66341828","66341929","chr19","57751584","57751683","21","8590244"
"chr2A","66703009","66703188","chr5","29649139","29649320","45","37053870"
"chr2A","67339111","67339409","chr2A","67056851","67057150","3","282260"
"chr2A","67511991","67512289","chr2A","67237280","67237578","0","274711"
"chr2A","67548510","67548667","chr2A","67273810","67273996","29","274700"
"chr2A","67585245","67585541","chr2A","67312334","67312626","11","272911"
"chr2A","67709710","67709880","chr18","16129447","16129614","34","51580263"
"chr2A","68291155","68291376","chr2A","68018325","68018546","1","272830"
"chr2A","68383717","68384024","chr2A","68114282","68114591","3","269435"
"chr2A","68577750","68577998","chr2B","240263975","240264225","31","171686225"
"chr2A","68613139","68613430","chr7","24739193","24739485","42","43873946"
"chr2A","69018451","69018653","chr2A","68747519","68747721","1","270932"
"chr2A","69059650","69059892","chr7","65602523","65602779","69","3457127"
"chr2A","69092157","69092249","chr9","15736634","15736728","23","53355523"
"chr2A","69191849","69192165","chr9","10206541","10206851","45","58985308"
"chr2A","69224319","69224493","chr8","6317221","6317400","41","62907098"
"chr2A","69297068","69297358","chr2A","69030081","69030391","21","266987"
"chr2A","69306650","69306940","chr2A","69039694","69039993","9","266956"
"chr2A","69469111","69469413","chr2A","69204982","69205284","3","264129"
"chr2A","69483619","69483919","chr2A","69219828","69220134","9","263791"
"chr2A","69649250","69649548","chr5","144048075","144048371","39","74398825"
"chr2A","69691370","69691606","chr2A","69430083","69430320","3","261287"
"chr2A","69783401","69783695","chr2A","69521115","69521410","4","262286"
"chr2A","69994030","69994322","chr2A","69732869","69733163","3","261161"
"chr2A","70015098","70015401","chr2A","69754455","69754758","6","260643"
"chr2A","70267591","70267876","chr2A","70011911","70012196","0","255680"
"chr2A","70337293","70337572","chr6","98018205","98018482","44","27680912"
"chr2A","70430162","70430466","chr10","61708340","61708645","35","8721822"
"chr2A","70440081","70440374","chr17","69662450","69662747","31","777631"
"chr2A","70510266","70510556","chr2A","70261856","70262146","0","248410"
"chr2A","70510922","70511225","chr2A","70262512","70262816","2","248410"
"chr2A","70541027","70541341","chr2A","70294187","70294501","7","246840"
"chr2A","70578476","70578629","chr1","132328666","132328819","23","61750190"
"chr2A","70626087","70626393","chr2A","70378316","70378622","0","247771"
"chr2A","70682178","70682488","chr2B","175429830","175430132","44","104747652"
"chr2A","70808141","70808472","chr2A","70566802","70567140","9","241339"
"chr2A","70812717","70812875","chr14","49207210","49207370","41","21605507"
"chr2A","70819375","70819691","chr2A","70577905","70578203","19","241470"
"chr2A","70826675","70826934","chr2A","70585141","70585400","3","241534"
"chr2A","70879808","70880038","chr10","100785341","100785573","30","29905533"
"chr2A","70903511","70903663","chrX","15935692","15935847","39","54967819"
"chr2A","70944010","70944313","chr2A","70705930","70706233","1","238080"
"chr2A","71012975","71013273","chr5","59770526","59770823","39","11242449"
"chr2A","71029209","71029338","chr20","53625628","53625758","11","17403581"
"chr2A","71133203","71133472","chrX","134439990","134440257","34","63306787"
"chr2A","71181081","71181358","chr2A","70944693","70944995","27","236388"
"chr2A","71181400","71181410","chr1","28547144","28547162","9","42634256"
"chr2A","71183670","71183931","chr2A","70947437","70947698","4","236233"
"chr2A","71191662","71191836","chr6","1730789","1730963","24","69460873"
"chr2A","71206050","71206359","chr2A","70970989","70971296","7","235061"
"chr2A","71209091","71209248","chr2A","39404573","39404722","35","31804518"
"chr2A","71212119","71212214","chr3","101999907","102000000","21","30787788"
"chr2A","71268999","71269298","chr2A","71034020","71034360","43","234979"
"chr2A","71271936","71272223","chr3","125813861","125814159","57","54541925"
"chr2A","71272383","71272415","chr3","48388384","48388414","10","22883999"
"chr2A","71272446","71272619","chr6","37299122","37299292","32","33973324"
"chr2A","71319259","71319578","chr2A","71086187","71086499","12","233072"
"chr2A","71336177","71336423","chr22","32362682","32362925","42","38973495"
"chr2A","71339315","71339476","chr4","73252540","73252702","16","1913225"
"chr2A","71355089","71355255","chr18","16129447","16129614","19","55225642"
"chr2A","71377659","71377796","chr2A","71146232","71146369","0","231427"
"chr2A","71394515","71394806","chrX","22153884","22154179","32","49240631"
"chr2A","71409663","71409877","chr4","176755200","176755409","25","105345537"
"chr2A","71434951","71435114","chr4","40065116","40065274","21","31369835"
"chr2A","71438386","71438469","chr15","68008805","68008888","7","3429581"
"chr2A","71439536","71439695","chr2A","39298218","39298386","38","32141318"
"chr2A","71470047","71470174","chr19","40260963","40261088","17","31209084"
"chr2A","71477182","71477465","chr1","129337688","129337979","35","57860506"
"chr2A","71483476","71483769","chr2A","71256061","71256362","11","227415"
"chr2A","71498345","71498482","chr5","139945451","139945585","24","68447106"
"chr2A","71531784","71532074","chr2A","71305453","71305743","1","226331"
"chr2A","71584086","71584395","chr2A","71359042","71359351","2","225044"
"chr2A","72184226","72184497","chr11","69257373","69257650","20","2926853"
"chr2A","72641358","72641671","chr2A","72041674","72041999","13","599684"
"chr2A","72646637","72646751","chr5","172392908","172393028","23","99746271"
"chr2A","72725993","72726286","chr2A","72126431","72126725","4","599562"
"chr2A","72908263","72908492","chr2A","72310021","72310250","0","598242"
"chr2A","72914704","72914959","chr2B","240263975","240264225","38","167349271"
"chr2A","72958096","72958410","chr2A","72359894","72360205","4","598202"
"chr2A","72991465","72991561","chr3","27665315","27665404","26","45326150"
"chr2A","73062760","73063085","chr2A","72464638","72464955","40","598122"
"chr2A","73164137","73164423","chr2A","72567573","72567857","6","596564"
"chr2A","73265846","73266145","chr2A","72668935","72669234","3","596911"
"chr2A","73507975","73508279","chr2A","72912370","72912653","23","595605"
"chr2A","73525207","73525521","chr2A","72929589","72929901","6","595618"
"chr2A","73754155","73754265","chr5","172392908","172393028","32","98638753"
"chr2A","73761665","73761786","chr10","66816670","66816803","26","6944995"
"chr2A","73778909","73779210","chr1","21949805","21950110","30","51829104"
"chr2A","73936670","73936774","chr3","181238196","181238292","28","107301526"
"chr2A","74348007","74348304","chr2A","73759759","73760055","1","588248"
"chr2A","74361146","74361451","chr1","26661977","26662280","53","47699169"
"chr2A","74428304","74428593","chr2A","73839786","73840076","2","588518"
"chr2A","74645861","74645960","chr19","57751584","57751683","16","16894277"
"chr2A","74702057","74702155","chr3","181238196","181238292","25","106536139"
"chr2A","74725422","74725606","chr9","130767579","130767756","37","56042157"
"chr2A","74750479","74750767","chr2A","74172011","74172299","2","578468"
"chr2A","74772988","74773320","chr2A","74194530","74194864","8","578458"
"chr2A","74793168","74793466","chr2A","74214734","74215038","7","578434"
"chr2A","74939696","74939999","chr2A","74362766","74363072","4","576930"
"chr2A","75139522","75139824","chr2A","74562731","74563035","4","576791"
"chr2A","75185245","75185548","chr2A","74608732","74609035","1","576513"
"chr2A","75204380","75204674","chr2A","74628312","74628608","3","576068"
"chr2A","75515152","75515271","chr14","26439576","26439696","17","49075576"
"chr2A","75518605","75518830","chr4","58459733","58459957","37","17058872"
"chr2A","75518861","75518988","chr7","112797358","112797487","28","37278497"
"chr2A","75693625","75693922","chr2A","75077542","75077839","1","616083"
"chr2A","75696928","75697226","chr2A","75080846","75081146","5","616082"
"chr2A","75703755","75703858","chr14","100673591","100673682","30","24969836"
"chr2A","75746854","75747089","chr2A","75131650","75131885","1","615204"
"chr2A","75763813","75763887","chr17","4261422","4261478","22","71502391"
"chr2A","75769143","75769256","chr2B","205936995","205937106","25","130167852"
"chr2A","75772734","75773021","chr2A","75158717","75159014","15","614017"
"chr2A","75795203","75795496","chr2A","75180891","75181185","1","614312"
"chr2A","75800050","75800352","chr2A","75186083","75186386","4","613967"
"chr2A","75832213","75832513","chr3","173983076","173983369","45","98150863"
"chr2A","75832675","75832986","chr2A","75218728","75219039","1","613947"
"chr2A","75879163","75879467","chr2A","75268541","75268848","6","610622"
"chr2A","75921675","75921969","chr2A","75310166","75310461","1","611509"
"chr2A","75970709","75971000","chr20","43295810","43296101","37","32674899"
"chr2A","76052401","76052568","chr1","139636360","139636527","31","63583959"
"chr2A","76112854","76112982","chr20","53625628","53625758","12","22487226"
"chr2A","76145708","76146010","chr2A","75538308","75538611","2","607400"
"chr2A","76180163","76180453","chr2A","75572741","75573029","6","607422"
"chr2A","76241100","76241154","chr7","80951699","80951753","16","4710599"
"chr2A","76283444","76283748","chr2A","75681542","75681850","7","601902"
"chr2A","76847558","76847863","chr3","189484406","189484703","59","112636848"
"chr2A","76863287","76863587","chr2A","76268513","76268816","5","594774"
"chr2A","77126714","77127020","chr1","178839374","178839679","39","101712660"
"chr2A","77223586","77223885","chr2A","76647425","76647716","10","576161"
"chr2A","77273637","77273935","chr2A","76698275","76698577","5","575362"
"chr2A","77364443","77364592","chr2A","76784666","76784817","3","579777"
"chr2A","77738374","77738675","chr2A","77166456","77166757","0","571918"
"chr2A","79624447","79624577","chr19","16137241","16137388","28","63487206"
"chr2A","80041137","80041420","chr2A","79416747","79417054","25","624390"
"chr2A","80045347","80045534","chr4","52108143","52108336","33","27937204"
"chr2A","80269591","80269668","chr11","8774884","8774956","17","71494707"
"chr2A","80310930","80311051","chr5","172392908","172393028","25","92081978"
"chr2A","80337020","80337119","chr1","162362855","162362955","8","82025835"
"chr2A","80472963","80473261","chr2A","79882466","79882764","0","590497"
"chr2A","80573432","80573708","chr2A","79983900","79984224","48","589532"
"chr2A","80837528","80837715","chr2A","80247314","80247507","9","590214"
"chr2A","81188088","81188377","chr2A","80600383","80600672","8","587705"
"chr2A","81221136","81221437","chr2A","80633731","80634032","2","587405"
"chr2A","81269568","81269875","chr2A","80682631","80682937","2","586937"
"chr2A","81296576","81296881","chr2A","80709728","80710033","2","586848"
"chr2A","81396328","81396638","chr2A","80809645","80809959","10","586683"
"chr2A","81410369","81410576","chr2A","80823699","80823904","3","586670"
"chr2A","81449603","81449896","chr6","101745985","101746280","42","20296382"
"chr2A","81475418","81475588","chr2A","80889567","80889737","4","585851"
"chr2A","81493304","81493377","chr17","4261422","4261478","27","77231882"
"chr2A","81843912","81844203","chr5","90828079","90828385","46","8984167"
"chr2A","82042425","82042720","chr2A","81464434","81464733","5","577991"
"chr2A","82422406","82422677","chr2A","81851578","81851852","4","570828"
"chr2A","82588238","82588536","chr2A","82029154","82029441","13","559084"
"chr2A","82773921","82774219","chr19","55079523","55079819","59","27694398"
"chr2A","83055112","83055424","chr4","73460098","73460411","44","9595014"
"chr2A","83177189","83177482","chr2A","82628510","82628803","2","548679"
"chr2A","83203057","83203352","chr2A","82654715","82655021","19","548342"
"chr2A","83479476","83479780","chr4","44940665","44940968","59","38538811"
"chr2A","83500001","83500100","chr14","100673591","100673682","20","17173590"
"chr2A","83551119","83551424","chr2A","83013539","83013845","1","537580"
"chr2A","83585518","83585615","chr9","80389825","80389922","16","3195693"
"chr2A","83807850","83807973","chr4","51557575","51557711","29","32250275"
"chr2A","83967763","83967921","chr7","136023406","136023568","34","52055643"
"chr2A","83968104","83968262","chr7","136023406","136023568","33","52055302"
"chr2A","84033824","84034116","chr2A","83515939","83516232","1","517885"
"chr2A","84042552","84042834","chr3","199046821","199047100","36","115004269"
"chr2A","84077505","84077815","chr2A","83559636","83559949","13","517869"
"chr2A","84388001","84388299","chr13","35177285","35177582","34","49210716"
"chr2A","84617786","84618082","chr2A","84131426","84131723","2","486360"
"chr2A","84675836","84676143","chr2A","84190737","84191048","5","485099"
"chr2A","84682467","84682780","chr2A","84197319","84197631","5","485148"
"chr2A","84870167","84870472","chr2A","84407549","84407858","5","462618"
"chr2A","85056540","85056822","chr2A","84610103","84610406","21","446437"
"chr2A","85083087","85083164","chr8","46091691","46091777","21","38991396"
"chr2A","85305687","85305985","chr2A","84858867","84859166","6","446820"
"chr2A","85324043","85324326","chr3","200411077","200411362","56","115087034"
"chr2A","85409135","85409439","chr2A","84962852","84963163","7","446283"
"chr2A","85598551","85598837","chr2A","85153305","85153592","1","445246"
"chr2A","85768578","85768779","chr2A","85324334","85324535","0","444244"
"chr2A","85833212","85833470","chr2A","85384596","85384854","2","448616"
"chr2A","85942144","85942434","chr2A","85493867","85494157","0","448277"
"chr2A","86035095","86035412","chr1","21949805","21950110","40","64085290"
"chr2A","86172065","86172186","chr12","110328271","110328400","31","24156206"
"chr2A","86202788","86203093","chr2A","85757480","85757792","9","445308"
"chr2A","86298468","86298759","chr2A","85856459","85856751","3","442009"
"chr2A","86355706","86355990","chr2A","85914618","85914902","1","441088"
"chr2A","86494884","86494987","chr9","80389825","80389922","26","6105059"
"chr2A","86542529","86542825","chr2A","86111621","86111914","4","430908"
"chr2A","86546884","86546980","chr9","80389825","80389922","20","6157059"
"chr2A","86574827","86575122","chr2A","86145605","86145901","7","429222"
"chr2A","86577860","86578123","chr7","140040567","140040834","40","53462707"
"chr2A","86607168","86607290","chr17","25547170","25547291","13","61059998"
"chr2A","86622651","86622746","chr14","100673591","100673682","19","14050940"
"chr2A","86664124","86664419","chr2A","86237272","86237567","3","426852"
"chr2A","86675770","86675976","chr2A","86249106","86249312","0","426664"
"chr2A","86677291","86677612","chr6","43427964","43428277","42","43249327"
"chr2A","86736913","86737207","chr2A","28990672","28990966","30","57746241"
"chr2A","86897089","86897391","chr17","16420689","16420987","52","70476400"
"chr2A","86904025","86904096","chr17","4261422","4261478","32","82642603"
"chr2A","86933585","86933802","chr2A","86514692","86514910","1","418893"
"chr2A","86934417","86934557","chr4","25636990","25637130","26","61297427"
"chr2A","87015251","87015559","chr2A","86599568","86599853","24","415683"
"chr2A","87043969","87044294","chr7","32958303","32958623","44","54085666"
"chr2A","87046379","87046459","chr11","8774884","8774956","17","78271495"
"chr2A","87060116","87060344","chr2A","86645777","86646023","18","414339"
"chr2A","87189435","87189743","chr2A","86774774","86775086","7","414661"
"chr2A","87216271","87216556","chr2A","86801708","86802000","7","414563"
"chr2A","87229971","87230061","chr9","75000001","75000095","12","12229970"
"chr2A","87428618","87428675","chr10","109823094","109823152","15","22394476"
"chr2A","87430661","87430765","chr14","100673591","100673682","29","13242930"
"chr2A","87602912","87603039","chr7","156274717","156274856","23","68671805"
"chr2A","87617819","87617886","chr6","11395990","11396054","29","76221829"
"chr2A","87620877","87621002","chr4","84675478","84675615","25","2945399"
"chr2A","87689337","87689634","chr2A","87292111","87292397","13","397226"
"chr2A","87691054","87691365","chr2A","87293818","87294133","4","397236"
"chr2A","87711074","87711305","chr6","148597496","148597729","44","60886422"
"chr2A","87731556","87731848","chr2A","87335081","87335375","5","396475"
"chr2A","87743676","87743962","chr2A","87347265","87347555","4","396411"
"chr2A","87779302","87779599","chr2A","87383658","87383955","0","395644"
"chr2A","87907816","87908015","chr2A","87518352","87518551","0","389464"
"chr2A","88127646","88127728","chr8","46091691","46091777","18","42035955"
"chr2A","88279804","88279957","chr2A","87901314","87901467","1","378490"
"chr2A","88335467","88335607","chr2A","32693701","32693835","29","55641766"
"chr2A","88358234","88358525","chr2A","87979534","87979823","3","378700"
"chr2A","88384323","88384604","chr3","132168968","132169255","46","43784645"
"chr2A","88392070","88392365","chr2A","88013805","88014103","4","378265"
"chr2A","88400929","88401238","chrX","113968058","113968367","55","25567129"
"chr2A","89051166","89051272","chr6","159074849","159074952","16","70023683"
"chr2A","89075447","89075740","chr2A","88339562","88339855","1","735885"
"chr2A","89256481","89256776","chr2A","88523198","88523496","3","733283"
"chr2A","89317318","89317401","chr3","181238196","181238292","30","91920878"
"chr2A","89319489","89319747","chr2A","88586413","88586672","1","733076"
"chr2A","89323969","89324085","chr2B","199271339","199271453","29","109947370"
"chr2A","89353580","89353767","chr2A","88621100","88621287","0","732480"
"chr2A","89355276","89355554","chr2A","88622813","88623082","10","732463"
"chr2A","89428947","89429051","chr3","181143385","181143493","19","91714438"
"chr2A","89450820","89451119","chr4","130547535","130547834","44","41096715"
"chr2A","89507776","89508062","chr3","188317272","188317569","36","98809496"
"chr2A","89540628","89540762","chr12","6546624","6546764","20","82994004"
"chr2A","89556534","89556829","chr2A","88825032","88825327","1","731502"
"chr2A","89594945","89595073","chr5","172392908","172393028","31","82797963"
"chr2A","89651533","89651831","chr2A","88920769","88921067","2","730764"
"chr2A","89714703","89714862","chr6","18057065","18057225","23","71657638"
"chr2A","89728435","89728709","chr5","164809708","164809967","60","75081273"
"chr2A","89841029","89841323","chr2A","89112604","89112900","4","728425"
"chr2A","92017134","92017440","chr2A","91270405","91270716","8","746729"
"chr2A","92092391","92092702","chr7","153454302","153454613","15","61361911"
"chr2A","95922293","95922401","chr20","16652596","16652702","22","79269697"
"chr2A","96088129","96088433","chr2A","95378376","95378680","2","709753"
"chr2A","96152728","96152858","chr15","62181783","62181913","11","33970945"
"chr2A","96172974","96173033","chr1","27390807","27390868","15","68782167"
"chr2A","96303384","96303564","chr2A","95598905","95599075","12","704479"
"chr2A","97028456","97028556","chr17","74283568","74283659","20","22744888"
"chr2A","97134982","97135275","chr2A","96451004","96451297","0","683978"
"chr2A","97251564","97251859","chr2A","96569892","96570189","5","681672"
"chr2A","97262061","97262365","chr2A","96580738","96581047","10","681323"
"chr2A","97294442","97294739","chr2A","96608900","96609202","6","685542"
"chr2A","97323766","97323949","chr4","84946316","84946498","24","12377450"
"chr2A","97349976","97350167","chr2A","96666104","96666294","2","683872"
"chr2A","97353658","97353966","chr2A","96669785","96670095","4","683873"
"chr2A","97402765","97402932","chr3","62158483","62158648","25","35244282"
"chr2A","97443219","97443332","chr2B","205936995","205937106","27","108493776"
"chr2A","97516666","97516962","chr2A","96838867","96839165","4","677799"
"chr2A","97533801","97533901","chr2B","210790127","210790232","23","113256326"
"chr2A","97557462","97557763","chr5","109761403","109761701","40","12203941"
"chr2A","97597415","97597549","chr16","73743066","73743197","30","23854349"
"chr2A","97600423","97600591","chr5","134675481","134675643","30","37075058"
"chr2A","97663762","97664044","chr4","188864051","188864338","33","91200289"
"chr2A","97677270","97677368","chr14","100673591","100673682","20","2996321"
"chr2A","97697832","97697925","chr3","181238196","181238292","15","83540364"
"chr2A","97724942","97725192","chr2B","240263975","240264225","30","142539033"
"chr2A","97797553","97797842","chr2A","97132192","97132483","4","665361"
"chr2A","97904727","97904925","chr6","123986345","123986537","50","26081618"
"chr2A","98580009","98580175","chr16","23468518","23468684","30","75111491"
"chr2A","98585989","98586286","chr2A","97859124","97859424","5","726865"
"chr2A","98595219","98595407","chr2A","97868439","97868612","16","726780"
"chr2A","98815141","98815407","chr1","181609045","181609303","35","82793904"
"chr2A","98832214","98832319","chr20","16652596","16652702","22","82179618"
"chr2A","98955605","98955908","chr2A","98231546","98231853","8","724059"
"chr2A","98996702","98996967","chrX","51143783","51144053","33","47852919"
"chr2A","99106582","99106842","chr2A","98381886","98382146","1","724696"
"chr2A","99160647","99160932","chr2A","98436567","98436854","3","724080"
"chr2A","99229700","99230006","chr17","2599214","2599517","51","96630486"
"chr2A","99249069","99249198","chr4","89635842","89635967","29","9613227"
"chr2A","99250581","99250881","chr2A","98529674","98529983","13","720907"
"chr2A","99274978","99275097","chr1","46484701","46484838","28","52790277"
"chr2A","99559184","99559258","chr17","4261422","4261478","29","95297762"
"chr2A","99848322","99848625","chr2A","99126754","99127058","1","721568"
"chr2A","99967106","99967184","chr8","46091691","46091777","23","53875415"
"chr2A","99986756","99987045","chr2A","99273410","99273696","3","713346"
"chr2A","100005051","100005211","chrX","155592584","155592742","26","55587533"
"chr2A","100005462","100005770","chrX","119926151","119926461","34","19920689"
"chr2A","100037565","100037859","chr2A","99324027","99324321","6","713538"
"chr2A","100288383","100288720","chr2A","99570890","99571204","32","717493"
"chr2A","100322385","100322545","chr2A","99604899","99605060","1","717486"
"chr2A","100340953","100341246","chr2A","99623465","99623774","17","717488"
"chr2A","100404506","100404604","chr14","100673591","100673682","27","269085"
"chr2A","100435370","100435681","chr6","42778984","42779282","44","57656386"
"chr2A","100566695","100567002","chr2A","99841695","99842004","2","725000"
"chr2A","100572114","100572422","chr2A","99847131","99847439","1","724983"
"chr2A","100588198","100588506","chr2A","99863234","99863544","7","724964"
"chr2A","100706692","100706998","chr2A","99982827","99983134","2","723865"
"chr2A","100825743","100825898","chr2A","100106966","100107121","0","718777"
"chr2A","100896327","100896603","chr2A","100179381","100179654","8","716946"
"chr2A","101132339","101132472","chr7","57023693","57023833","35","44108646"
"chr2A","101168681","101168975","chr2A","100456950","100457246","3","711731"
"chr2A","101226094","101226304","chr17","13826755","13826963","36","87399339"
"chr2A","101286172","101286473","chr2A","100576051","100576372","26","710121"
"chr2A","101342500","101342783","chr2A","100633669","100633952","0","708831"
"chr2A","101473693","101473747","chr3","188064668","188064724","11","86590975"
"chr2A","101474053","101474221","chr2B","166169100","166169263","31","64695047"
"chr2A","101495612","101495914","chr13","28683616","28683899","51","72811996"
"chr2A","101512650","101512953","chr2A","100806770","100807073","1","705880"
"chr2A","101529094","101529233","chr17","13725819","13725948","30","87803275"
"chr2A","101529234","101529332","chr12","31242059","31242152","10","70287175"
"chr2A","101534008","101534126","chr2B","199271339","199271453","27","97737331"
"chr2A","101534833","101535021","chr2A","100826452","100826639","2","708381"
"chr2A","101535445","101535605","chr1","226232780","226232939","17","124697335"
"chr2A","101545964","101546026","chrY","3211148","3211211","17","98334816"
"chr2A","101584832","101585102","chr2A","100882183","100882457","4","702649"
"chr2A","101723404","101723698","chr2A","101021139","101021437","8","702265"
"chr2A","101882960","101883057","chr14","100673591","100673682","24","1209369"
"chr2A","102120790","102121098","chr2A","101441506","101441814","3","679284"
"chr2A","102132765","102132942","chr9","130767579","130767756","27","28634814"
"chr2A","102269939","102270230","chr2A","101593736","101594029","3","676203"
"chr2A","102344284","102344599","chr2A","101666050","101666364","13","678234"
"chr2A","102394398","102394695","chr4","178535012","178535308","31","76140614"
"chr2A","102447752","102447874","chr2B","207026815","207026935","21","104579063"
"chr2A","102459075","102459263","chr11","109754987","109755153","42","7295912"
"chr2A","102537185","102537469","chr8","45606114","45606411","38","56931071"
"chr2A","102547192","102547472","chr2A","37534165","37534449","57","65013027"
"chr2A","102577228","102577525","chr2A","101901078","101901376","2","676150"
"chr2A","102580639","102580772","chr2A","32693701","32693835","27","69886938"
"chr2A","102583022","102583246","chr6","163725261","163725505","64","61142239"
"chr2A","102705888","102706118","chr1","133581641","133581865","43","30875753"
"chr2A","102711942","102712032","chr12","12586014","12586108","15","90125928"
"chr2A","102714814","102715135","chr1","129417596","129417886","74","26702782"
"chr2A","102717811","102718116","chr2A","101964400","101964704","5","753411"
"chr2A","102741446","102741749","chr2A","101988029","101988326","10","753417"
"chr2A","102944342","102944472","chr14","41373344","41373461","35","61570998"
"chr2A","102965382","102965643","chr2A","102213547","102213848","42","751835"
"chr2A","103186529","103186823","chr2A","102438268","102438562","2","748261"
"chr2A","103548825","103549124","chr2A","102787227","102787526","1","761598"
"chr2A","103853436","103853734","chr2A","103084279","103084577","1","769157"
"chr2A","103921263","103921567","chr2A","103151279","103151579","4","769984"
"chr2A","104107186","104107454","chr2A","103335728","103336000","7","771458"
"chr2A","104151998","104152225","chrX","41391610","41391836","44","62760388"
"chr2A","104208411","104208569","chr4","143756620","143756779","28","39548209"
"chr2A","104534333","104534497","chr12","130463901","130464063","39","25929568"
"chr2A","104791453","104791756","chr2A","70577905","70578203","39","34213548"
"chr2A","105163589","105163879","chr2A","104410586","104410876","1","753003"
"chr2A","105298334","105298636","chr2A","104546468","104546776","6","751866"
"chr2A","105389976","105390122","chr4","28030717","28030863","30","77359259"
"chr2A","105487082","105487377","chr2A","104738424","104738719","3","748658"
"chr2A","105759672","105759970","chr2A","63086723","63087016","36","42672949"
"chr2A","105842147","105842239","chr17","13332748","13332838","17","92509399"
"chr2A","105916995","105917310","chr2A","105172626","105172941","2","744369"
"chr2A","105964769","105965076","chr2A","105221328","105221635","11","743441"
"chr2A","106109009","106109109","chr9","80389825","80389922","17","25719184"
"chr2A","106109136","106109436","chr7","134335410","134335707","48","28226274"
"chr2A","106167258","106167560","chr2A","105428650","105428951","4","738608"
"chr2A","106451164","106451397","chr2A","105717305","105717538","5","733859"
"chr2A","106503370","106503536","chrX","40680414","40680584","27","65822956"
"chr2A","106618045","106618332","chr20","33442726","33443015","35","73175319"
"chr2A","106876607","106876747","chr21","20136703","20136854","24","86739904"
"chr2A","106898266","106898451","chr12","113379562","113379748","42","6481296"
"chr2A","106899146","106899312","chr2A","106175078","106175240","5","724068"
"chr2A","106926570","106926866","chr2A","106204743","106205038","4","721827"
"chr2A","107057483","107057782","chr2A","106337408","106337711","6","720075"
"chr2A","107075107","107075236","chr7","112797358","112797487","18","5722251"
"chr2A","107115143","107115458","chr2A","106395976","106396291","4","719167"
"chr2A","107144187","107144491","chr2A","106424718","106425023","5","719469"
"chr2A","107248868","107249159","chr2A","24650015","24650306","30","82598853"
"chr2A","107250500","107250793","chr2A","106530738","106531031","2","719762"
"chr2A","107296259","107296541","chr2A","106576453","106576733","16","719806"
"chr2A","107309577","107309858","chr2A","106590079","106590360","1","719498"
"chr2A","107324960","107325254","chr2A","106607349","106607643","1","717611"
"chr2A","107366175","107366510","chr2A","106648781","106649117","3","717394"
"chr2A","107816624","107816940","chr2A","107025173","107025491","3","791451"
"chr2A","107966685","107966907","chr2A","107175998","107176220","1","790687"
"chr2A","107983952","107984105","chr2A","107195506","107195649","10","788446"
"chr2A","108005483","108005616","chr2A","32693701","32693835","29","75311782"
"chr2A","108177707","108177983","chr2A","107393909","107394183","6","783798"
"chr2A","108617412","108617703","chr2A","107845614","107845905","0","771798"
"chr2A","109032608","109032738","chrUn_GL394737","20401","20541","23","109012207"
"chr2A","109362214","109362519","chr2A","108564365","108564670","0","797849"
"chr2A","109646689","109646995","chr2A","108851879","108852189","7","794810"
"chr2A","109687790","109687869","chr11","8774884","8774956","23","100912906"
"chr2A","109757348","109757403","chr11","114616757","114616811","19","4859409"
"chr2A","109757771","109758071","chr6","164583645","164583943","39","54825874"
"chr2A","109770165","109770433","chr16","75092209","75092467","38","34677956"
"chr2A","109795131","109795436","chr2A","109012468","109012775","3","782663"
"chr2A","109798634","109798940","chr2A","109015982","109016281","7","782652"
"chr2A","109850727","109851024","chr5","45583790","45584088","45","64266937"
"chr2A","110102147","110102473","chr2A","109291123","109291445","6","811024"
"chr2A","110142016","110142195","chr3","50636277","50636455","38","59505739"
"chr2A","110258000","110258308","chr2A","109460056","109460367","5","797944"
"chr2A","110290368","110290512","chr12","95708278","95708420","13","14582090"
"chr2A","110339934","110340056","chr7","38214802","38214923","14","72125132"
"chr2A","110361938","110362083","chr4","115885085","115885224","17","5523147"
"chr2A","110376480","110376764","chr4","188864051","188864338","58","78487571"
"chr2A","110385973","110386255","chr6","14103302","14103589","35","96282671"
"chr2A","110440747","110441029","chr14","64138672","64138951","36","46302075"
"chr2A","110456297","110456615","chr11","109891460","109891759","47","564837"
"chr2A","110474062","110474177","chr6","159074849","159074952","24","48600787"
"chr2A","110499656","110499762","chr20","16652596","16652702","19","93847060"
"chr2A","110502052","110502217","chr22","16225217","16225380","21","94276835"
"chr2A","110504456","110504753","chr4","167882463","167882760","36","57378007"
"chr2A","110508084","110508381","chr4","167882463","167882760","37","57374379"
"chr2A","110530669","110530781","chr5","5624013","5624130","32","104906656"
"chr2A","110531099","110531400","chr3","184149657","184149964","36","73618558"
"chr2A","110534050","110534171","chrX","124329806","124329928","12","13795756"
"chr2A","110542452","110542726","chr12","89255367","89255642","34","21287085"
"chr2A","110573428","110573737","chr2A","99570890","99571204","44","11002538"
"chr2A","110583351","110583692","chr1","36150622","36150942","60","74432729"
"chr2A","110610409","110610487","chr14","100673591","100673682","32","9936818"
"chr2A","110624203","110624297","chr14","100673591","100673682","30","9950612"
"chr2A","110636627","110636928","chr1","129223615","129223921","39","18586988"
"chr2A","110658761","110659053","chr3","142809803","142810102","33","32151042"
"chr2A","110777175","110777296","chr2B","207026815","207026935","22","96249640"
"chr2A","110944474","110944635","chr6","55699024","55699181","29","55245450"
"chr2A","111270991","111271298","chr2A","110055390","110055697","0","1215601"
"chr2A","111279387","111279608","chr17","26184267","26184485","39","85095120"
"chr2A","111288052","111288345","chr2A","110071735","110072030","3","1216317"
"chr2A","111307737","111307837","chr14","100673591","100673682","23","10634146"
"chr2A","111342618","111342916","chr2A","110129906","110130204","1","1212712"
"chr2A","111358454","111358580","chr7","90092678","90092807","17","21265776"
"chr2A","111360505","111360666","chr4","73252540","73252702","21","38107965"
"chr2A","111375026","111375162","chr2A","110162748","110162884","0","1212278"
"chr2A","111377688","111377983","chr2A","110165355","110165650","1","1212333"
"chr2A","111396557","111396844","chr12","45874078","45874367","49","65522479"
"chr2A","111401930","111402111","chr19","41407689","41407865","28","69994241"
"chr2A","111402388","111402542","chr1","128536061","128536213","24","17133673"
"chr2A","111415940","111416242","chr6","42695816","42696118","29","68720124"
"chr2A","111437119","111437361","chr2A","110216036","110216289","11","1221083"
"chr2A","111479379","111479503","chr7","112797358","112797487","23","1317979"
"chr2A","111494305","111494428","chr2A","110402382","110402505","0","1091923"
"chr2A","111500001","111500066","chr19","7653616","7653678","26","103846385"
"chr2A","111729246","111729371","chr2A","110637756","110637881","0","1091490"
"chr2A","111830140","111830388","chr2A","110752380","110752628","0","1077760"
"chr2A","111979673","111979958","chr6","15312245","15312527","54","96667428"
"chr2A","111998319","111998600","chr3","137579329","137579612","34","25581010"
"chr2A","111998626","111998644","chr1","28547144","28547162","4","83451482"
"chr2A","112197649","112197755","chr3","181143385","181143493","20","68945736"
"chr2A","112218729","112219028","chr2A","111103018","111103323","7","1115711"
"chr2A","112492498","112492791","chr2A","111384719","111385012","1","1107779"
"chr2A","112492796","112492925","chr2A","111385017","111385146","0","1107779"
"chr2A","112636844","112637130","chrX","47882813","47883102","31","64754031"
"chr2A","112660332","112660628","chr2A","111552782","111553079","5","1107550"
"chr2A","112683128","112683329","chr2A","111576693","111576894","3","1106435"
"chr2A","112930741","112931048","chr2A","111829649","111829958","2","1101092"
"chr2A","112932290","112932473","chr2A","111831200","111831384","1","1101090"
"chr2A","113044674","113044990","chr14","55584861","55585170","42","57459813"
"chr2A","113114046","113114146","chr14","100673591","100673682","21","12440455"
"chr2A","113120622","113120718","chr13","24059413","24059502","18","89061209"
"chr2A","113192983","113193284","chr2A","112184753","112185054","1","1008230"
"chr2A","113256775","113256829","chr1","33246348","33246407","22","80010427"
"chr2A","113334064","113334371","chr9","87168130","87168439","40","26165934"
"chr2A","113417393","113417532","chr9","76669588","76669729","17","36747805"
"chr2A","113500001","113500107","chr2A","62538961","62539069","21","50961040"
"chr2A","113513213","113513520","chr11","114680930","114681234","48","1167717"
"chr2A","113641870","113642171","chr2A","112715305","112715606","4","926565"
"chr2A","113768458","113768766","chr2A","112847156","112847466","3","921302"
"chr2A","113832956","113833261","chr2A","112912676","112912958","25","920280"
"chr2A","113904236","113904553","chr2A","112984775","112985090","5","919461"
"chr2A","114183567","114183864","chr2A","113268350","113268652","6","915217"
"chr2B","205127456","205127684","chr4","16168464","16168691","42","188958992"
"chr2B","114182940","114183241","chr2B","114174905","114175204","5","8035"
"chr2B","114264323","114264596","chr1","129971484","129971773","57","15707161"
"chr2B","114268566","114268739","chr1","171474782","171474948","26","57206216"
"chr2B","114310636","114310946","chr2B","114302523","114302834","7","8113"
"chr2B","114433563","114433873","chr2B","114424430","114424744","5","9133"
"chr2B","114442883","114443185","chr2B","114434404","114434706","0","8479"
"chr2B","114501029","114501318","chr2B","114490997","114491288","5","10032"
"chr2B","114664308","114664618","chr2B","114693640","114693950","6","29332"
"chr2B","114951948","114952257","chr2B","114980450","114980759","0","28502"
"chr2B","115176725","115177020","chr3","83158643","83158940","37","32018082"
"chr2B","115197556","115197674","chr5","172392908","172393028","22","57195352"
"chr2B","115255805","115256093","chr2B","115289039","115289325","4","33234"
"chr2B","115322461","115322750","chr2B","115355385","115355674","1","32924"
"chr2B","115342202","115342510","chr2B","115375155","115375463","6","32953"
"chr2B","115414010","115414309","chr2B","115448070","115448374","15","34060"
"chr2B","115448965","115449064","chr3","181238196","181238292","26","65789231"
"chr2B","115579895","115579993","chr20","16652596","16652702","20","98927299"
"chr2B","115634468","115634753","chr2B","115669538","115669827","5","35070"
"chr2B","115746531","115746692","chr2B","115785601","115785762","0","39070"
"chr2B","115793540","115793832","chr2B","115832677","115832969","2","39137"
"chr2B","115897983","115898296","chr2B","115933900","115934213","0","35917"
"chr2B","115954574","115954758","chr2B","115991559","115991749","9","36985"
"chr2B","116016361","116016516","chr12","38831500","38831656","21","77184861"
"chr2B","116038494","116038588","chr1","160944586","160944680","17","44906092"
"chr2B","116048959","116049256","chr2B","116040034","116040331","0","8925"
"chr2B","116059389","116059642","chr2B","116050479","116050735","5","8910"
"chr2B","116386146","116386444","chr2B","116382675","116382979","8","3471"
"chr2B","116435311","116435622","chr2B","116432937","116433248","7","2374"
"chr2B","116595185","116595465","chr2B","116595915","116596194","3","730"
"chr2B","116732450","116732746","chr2B","116732680","116732977","2","230"
"chr2B","116841734","116841840","chr2B","142240066","142240170","27","25398332"
"chr2B","117104633","117104912","chr2B","117115501","117115811","32","10868"
"chr2B","117130668","117130978","chr2B","117142019","117142329","1","11351"
"chr2B","117230266","117230572","chr2B","117238171","117238480","14","7905"
"chr2B","117691321","117691622","chr2B","117708525","117708829","6","17204"
"chr2B","117891898","117892168","chr2B","117914435","117914706","2","22537"
"chr2B","118276158","118276468","chr22","34960081","34960390","36","83316077"
"chr2B","118387789","118388097","chr2B","118388931","118389241","9","1142"
"chr2B","118414335","118414644","chr2B","118415503","118415811","5","1168"
"chr2B","118419522","118419653","chr1","6844228","6844361","35","111575294"
"chr2B","118642986","118643296","chr2B","118644207","118644512","5","1221"
"chr2B","119009972","119010188","chr8","34286570","34286794","32","84723402"
"chr2B","119691114","119691305","chr2B","119725667","119725857","2","34553"
"chr2B","119864422","119864574","chr7","43484947","43485092","28","76379475"
"chr2B","119956452","119956743","chr2B","120003575","120003866","1","47123"
"chr2B","120105639","120105936","chr2B","120156020","120156319","3","50381"
"chr2B","120180553","120180863","chr2B","120231084","120231393","1","50531"
"chr2B","120218468","120218759","chr2B","120268568","120268859","2","50100"
"chr2B","120228802","120228926","chr2B","207026815","207026935","30","86798013"
"chr2B","120282382","120282519","chr2B","120337560","120337705","8","55178"
"chr2B","120568773","120569088","chr2B","120630575","120630899","11","61802"
"chr2B","120570496","120570795","chr2B","120632307","120632607","3","61811"
"chr2B","120757255","120757440","chr3","183618022","183618206","23","62860767"
"chr2B","120810119","120810268","chr2B","120879798","120879949","3","69679"
"chr2B","120936411","120936725","chr2B","121006189","121006510","7","69778"
"chr2B","120998324","120998575","chr2B","121069316","121069569","3","70992"
"chr2B","121433516","121433613","chr10","67241907","67241997","23","54191609"
"chr2B","121832648","121832788","chr2A","32693701","32693835","26","89138947"
"chr2B","121860790","121860959","chr1","52206468","52206632","33","69654322"
"chr2B","122014966","122015263","chr2B","122106534","122106832","3","91568"
"chr2B","122016119","122016201","chr10","102537049","102537135","19","19479070"
"chr2B","122016786","122017097","chr2B","122108357","122108660","13","91571"
"chr2B","122038419","122038711","chr2B","122131168","122131459","2","92749"
"chr2B","122055379","122055488","chr22","33938435","33938535","25","88116944"
"chr2B","122068878","122069109","chr2B","122162547","122162778","2","93669"
"chr2B","122378115","122378404","chr2B","122285716","122286005","1","92399"
"chr2B","122406453","122406755","chr14","73052967","73053266","35","49353486"
"chr2B","122415595","122415911","chr2B","122324546","122324861","8","91049"
"chr2B","122419068","122419301","chr2B","122328316","122328574","29","90752"
"chr2B","122420448","122420743","chr2B","122330004","122330299","2","90444"
"chr2B","122447899","122448114","chr4","88026372","88026577","38","34421527"
"chr2B","122500218","122500510","chr2B","122410444","122410738","5","89774"
"chr2B","122516814","122517031","chr12","119274512","119274733","31","3242302"
"chr2B","122818518","122818801","chr2B","122732493","122732778","3","86025"
"chr2B","123072676","123072958","chr12","12733633","12733917","33","110339043"
"chr2B","123093971","123094267","chr2B","123012051","123012348","8","81920"
"chr2B","123345428","123345723","chr2B","123251578","123251873","1","93850"
"chr2B","123385230","123385357","chr8","26723415","26723536","25","96661815"
"chr2B","123618276","123618575","chr12","107082084","107082382","38","16536192"
"chr2B","123962472","123962615","chr9","76669588","76669729","24","47292884"
"chr2B","124483377","124483682","chr2B","124419980","124420285","0","63397"
"chr2B","124501359","124501670","chr2B","124438027","124438332","11","63332"
"chr2B","124536727","124537026","chr2B","124474435","124474734","3","62292"
"chr2B","124802319","124802625","chr6","147475424","147475735","65","22673105"
"chr2B","124885234","124885513","chr2B","124825289","124825597","30","59945"
"chr2B","125051642","125051942","chr2B","124991501","124991809","9","60141"
"chr2B","125219754","125220042","chr2B","125163512","125163816","28","56242"
"chr2B","125603096","125603397","chr2B","125552880","125553183","4","50216"
"chr2B","125612594","125612832","chr2B","125564953","125565219","30","47641"
"chr2B","125612877","125612898","chr1","28547144","28547162","7","97065733"
"chr2B","125689859","125690145","chr2B","125641940","125642226","0","47919"
"chr2B","126110736","126111027","chr2B","126069216","126069507","0","41520"
"chr2B","126195252","126195552","chr2B","126159264","126159568","9","35988"
"chr2B","126231611","126231906","chr2B","126196056","126196352","1","35555"
"chr2B","126265854","126266152","chr2B","126230843","126231141","4","35011"
"chr2B","126326763","126327060","chr2B","126292420","126292720","6","34343"
"chr2B","126475647","126475851","chr9","105335908","105336108","49","21139739"
"chr2B","126703662","126703778","chr20","16652596","16652702","24","110051066"
"chr2B","126908700","126908971","chr2B","126890352","126890623","2","18348"
"chr2B","126916237","126916495","chr6","145971533","145971788","38","19055296"
"chr2B","126962429","126962558","chr8","106691668","106691787","36","20270761"
"chr2B","127020267","127020555","chr2B","127010643","127010931","6","9624"
"chr2B","127091517","127091806","chr2B","127082526","127082815","0","8991"
"chr2B","127122130","127122396","chr9","116030892","116031165","38","11091238"
"chr2B","127165435","127165738","chr2B","127157480","127157790","8","7955"
"chr2B","127184284","127184574","chr2B","127176322","127176617","12","7962"
"chr2B","127570484","127570624","chr8","112933585","112933727","26","14636899"
"chr2B","127682358","127682440","chr2B","127700195","127700277","0","17837"
"chr2B","127834587","127834897","chr2B","127859142","127859456","4","24555"
"chr2B","127869116","127869409","chr2B","127893950","127894247","8","24834"
"chr2B","127921316","127921605","chr1","226823745","226824037","34","98902429"
"chr2B","127934903","127935173","chr2B","127963462","127963734","16","28559"
"chr2B","128034568","128034870","chr2B","128063767","128064070","3","29199"
"chr2B","128043361","128043472","chr2B","210790127","210790232","26","82746766"
"chr2B","128139861","128140155","chr2B","128171776","128172071","2","31915"
"chr2B","128186131","128186406","chr1","10383988","10384276","34","117802143"
"chr2B","128270122","128270419","chr2B","128308494","128308791","0","38372"
"chr2B","128335988","128336281","chr2A","88339562","88339855","28","39996426"
"chr2B","128337712","128338003","chr22","48114608","48114899","39","80223104"
"chr2B","128360109","128360401","chr2B","128399042","128399337","5","38933"
"chr2B","128360979","128361270","chr3","172094749","172095041","53","43733770"
"chr2B","128377776","128378067","chr2B","128419056","128419361","16","41280"
"chr2B","128387465","128387643","chr16","78108354","78108530","39","50279111"
"chr2B","128448984","128449281","chr22","31071056","31071352","40","97377928"
"chr2B","128463848","128464135","chr2B","128506298","128506584","2","42450"
"chr2B","128498813","128499121","chr2B","128542040","128542342","27","43227"
"chr2B","128499871","128500000","chr8","26723415","26723536","23","101776456"
"chr2B","128564291","128564599","chr2B","128609759","128610061","8","45468"
"chr2B","128580563","128580699","chr16","73743066","73743197","29","54837497"
"chr2B","128584330","128584620","chr2B","128647397","128647690","6","63067"
"chr2B","128601775","128602071","chr9","83021935","83022230","34","45579840"
"chr2B","128626130","128626416","chr2B","128689625","128689911","2","63495"
"chr2B","128634306","128634619","chr2B","128697534","128697847","3","63228"
"chr2B","128667973","128668264","chr2B","128730975","128731266","2","63002"
"chr2B","128670911","128671201","chr2B","128733918","128734208","0","63007"
"chr2B","128682839","128682966","chr5","172392908","172393028","32","43710069"
"chr2B","128713702","128713891","chr1","29277911","29278085","35","99435791"
"chr2B","128725202","128725335","chr2B","128790554","128790687","0","65352"
"chr2B","128729807","128730113","chr2B","128795161","128795468","3","65354"
"chr2B","128734943","128735117","chrX","30440633","30440808","25","98294310"
"chr2B","128749636","128749763","chr8","26723415","26723536","22","102026221"
"chr2B","128762774","128762896","chr5","172392908","172393028","29","43630134"
"chr2B","128797764","128798065","chr2B","128865069","128865371","2","67305"
"chr2B","128831260","128831555","chr2B","128898999","128899295","1","67739"
"chr2B","128834595","128834685","chr1","160944586","160944680","16","32109991"
"chr2B","128836124","128836407","chr10","19704791","19705078","62","109131333"
"chr2B","129053930","129054134","chr9","136749816","136750017","33","7695886"
"chr2B","129081852","129082171","chr2B","129155597","129155916","0","73745"
"chr2B","129130359","129130658","chr2B","129205415","129205715","5","75056"
"chr2B","129157087","129157208","chr2B","129230611","129230732","0","73524"
"chr2B","129370078","129370361","chr2B","129447419","129447706","4","77341"
"chr2B","129388996","129389306","chr2B","129466331","129466615","26","77335"
"chr2B","129705291","129705591","chr2B","129788848","129789150","2","83557"
"chr2B","129783489","129783583","chr13","24059413","24059502","19","105724076"
"chr2B","129817600","129817700","chr11","20358123","20358224","22","109459477"
"chr2B","129879723","129880006","chr2B","129966518","129966801","2","86795"
"chr2B","129894214","129894524","chrX","120311957","120312258","39","9582257"
"chr2B","130010805","130011099","chr2B","130099182","130099479","6","88377"
"chr2B","130259258","130259537","chr2B","130350686","130350966","2","91428"
"chr2B","130264790","130264923","chr2B","207026815","207026935","32","76762025"
"chr2B","130292361","130292591","chr20","39042683","39042910","30","91249678"
"chr2B","130325600","130325703","chr20","16652596","16652702","20","113673004"
"chr2B","130332799","130333083","chr2B","130425666","130425950","0","92867"
"chr2B","130343402","130343612","chr4","155078134","155078343","46","24734732"
"chr2B","130367308","130367602","chr2B","130462475","130462770","2","95167"
"chr2B","130567619","130567775","chr1","11780192","11780341","25","118787427"
"chr2B","130596711","130596824","chr9","69573837","69573962","27","61022874"
"chr2B","130641238","130641336","chr3","145273280","145273372","26","14632042"
"chr2B","130647178","130647294","chr20","16652596","16652702","27","113994582"
"chr2B","131273286","131273480","chr5","76266656","76266847","32","55006630"
"chr2B","131295995","131296300","chr2B","131126201","131126511","9","169794"
"chr2B","131436816","131436929","chr2B","199271339","199271453","19","67834523"
"chr2B","131451803","131452119","chr2B","131270167","131270483","12","181636"
"chr2B","131509175","131509523","chr2B","131327710","131328060","4","181465"
"chr2B","131537729","131538023","chr5","80909812","80910103","41","50627917"
"chr2B","131575938","131576231","chr2B","120003575","120003866","41","11572363"
"chr2B","131587258","131587564","chr20","17979392","17979699","33","113607866"
"chr2B","131598472","131598770","chr2B","131420936","131421234","1","177536"
"chr2B","131639038","131639349","chr2B","131461945","131462255","5","177093"
"chr2B","131642906","131643203","chr2B","131465917","131466210","8","176989"
"chr2B","131661774","131662088","chr2B","131486278","131486591","1","175496"
"chr2B","131677764","131677980","chr2B","131502585","131502817","17","175179"
"chr2B","131777913","131778194","chr2B","131611561","131611842","1","166352"
"chr2B","131854636","131854922","chr2B","131689654","131689941","3","164982"
"chr2B","131856162","131856522","chr2B","131690795","131691156","4","165367"
"chr2B","131873959","131874192","chr2B","131708425","131708658","0","165534"
"chr2B","132332036","132332119","chr10","109809060","109809146","19","22522976"
"chr2B","132347299","132347577","chr13","100514495","100514783","65","31832804"
"chr2B","132559247","132559392","chr2B","132366652","132366801","4","192595"
"chr2B","132573111","132573242","chr7","90092678","90092807","16","42480433"
"chr2B","132573488","132573625","chr14","26439576","26439696","36","106133912"
"chr2B","136671115","136671264","chr13","26988435","26988596","34","109682680"
"chr2B","136915564","136915848","chr6","111430994","111431261","50","25484570"
"chr2B","136971224","136971519","chr2B","136794738","136795039","6","176486"
"chr2B","137073217","137073519","chr2B","136901098","136901401","2","172119"
"chr2B","137384995","137385168","chr4","98964110","98964298","50","38420885"
"chr2B","137858050","137858323","chrX","16858151","16858420","47","120999899"
"chr2B","138101058","138101365","chr2B","137944614","137944923","2","156444"
"chr2B","138118023","138118307","chr1","205594724","205595009","39","67476701"
"chr2B","138164575","138164671","chr9","80389825","80389922","17","57774750"
"chr2B","138207498","138207800","chr2B","138050556","138050852","20","156942"
"chr2B","138609578","138609735","chrX","15694332","15694494","29","122915246"
"chr2B","138636508","138636588","chr14","100673591","100673682","21","37962917"
"chr2B","138655922","138656196","chr2B","138506945","138507219","2","148977"
"chr2B","138754898","138755194","chr2B","138614300","138614594","2","140598"
"chr2B","138882520","138882623","chr14","100673591","100673682","25","38208929"
"chr2B","139015387","139015705","chr2B","138877572","138877890","0","137815"
"chr2B","139053201","139053288","chrX","41447278","41447366","12","97605923"
"chr2B","139068482","139068787","chr2B","138931757","138932062","2","136725"
"chr2B","139135129","139135204","chr11","8774884","8774956","18","130360245"
"chr2B","139176204","139176465","chr2A","98381886","98382146","44","40794318"
"chr2B","139213677","139213980","chr2B","139079393","139079700","6","134284"
"chr2B","139244584","139244886","chr2B","139110352","139110653","1","134232"
"chr2B","139257961","139258257","chr2B","139123969","139124265","0","133992"
"chr2B","139316923","139317115","chr19","37326657","37326845","35","101990266"
"chr2B","139333409","139333708","chr2B","139205999","139206309","13","127410"
"chr2B","139335724","139336033","chr2B","139208319","139208630","6","127405"
"chr2B","139385550","139385713","chr2B","139257599","139257767","5","127951"
"chr2B","139473076","139473326","chr2B","139345386","139345636","2","127690"
"chr2B","139675708","139675991","chr2B","139557733","139558016","1","117975"
"chr2B","139726474","139726781","chr2B","139608751","139609058","0","117723"
"chr2B","139755198","139755494","chr2B","139637511","139637807","0","117687"
"chr2B","139765369","139765456","chr2B","139647692","139647779","1","117677"
"chr2B","139787257","139787550","chr10","45639651","45639942","35","94147606"
"chr2B","139788244","139788551","chr2B","139671071","139671373","10","117173"
"chr2B","139797179","139797417","chr2B","139680517","139680755","0","116662"
"chr2B","139820238","139820537","chr2B","139704741","139705041","2","115497"
"chr2B","139875418","139875573","chr2B","139762619","139762764","10","112799"
"chr2B","140053479","140053781","chr2B","139945110","139945411","6","108369"
"chr2B","140177151","140177445","chr12","23241293","23241588","38","116935858"
"chr2B","140228660","140228942","chr9","33729184","33729467","53","106499476"
"chr2B","141103026","141103330","chr2B","141011592","141011900","5","91434"
"chr2B","141128818","141129117","chr3","115160135","115160430","35","25968683"
"chr2B","141154100","141154399","chr2B","141057430","141057734","9","96670"
"chr2B","141233288","141233522","chr4","175736726","175736954","38","34503438"
"chr2B","141395327","141395629","chr2B","141299004","141299306","2","96323"
"chr2B","141955479","141955778","chr2B","141884686","141884987","2","70793"
"chr2B","142248589","142248888","chr2B","142177827","142178129","6","70762"
"chr2B","142733868","142734166","chr2B","142664208","142664507","4","69660"
"chr2B","143249758","143249866","chr6","159074849","159074952","21","15825091"
"chr2B","143296973","143297240","chr2B","143235168","143235435","0","61805"
"chr2B","143913933","143914216","chr2B","143850555","143850836","3","63378"
"chr2B","144230521","144230573","chr10","27042861","27042906","19","117187660"
"chr2B","144388211","144388221","chr1","28547144","28547162","8","115841067"
"chr2B","144388248","144388528","chr2B","144328445","144328740","19","59803"
"chr2B","144546049","144546164","chr2A","62538961","62539069","20","82007088"
"chr2B","144679109","144679398","chr10","116552291","116552581","41","28126818"
"chr2B","144750951","144751078","chr2A","32693701","32693835","27","112057250"
"chr2B","144816235","144816363","chr7","37375019","37375148","15","107441216"
"chr2B","144829211","144829515","chr2B","144769750","144770065","14","59461"
"chr2B","144896226","144896524","chr2B","144836990","144837287","2","59236"
"chr2B","145558953","145559105","chr17","8550529","8550674","28","137008424"
"chr2B","145671539","145671850","chr2B","145618436","145618725","25","53103"
"chr2B","145732114","145732206","chr12","12586014","12586108","14","133146100"
"chr2B","146040272","146040569","chr2A","87802971","87803263","40","58237301"
"chr2B","146041152","146041450","chr2B","145989176","145989492","20","51976"
"chr2B","146142466","146142767","chr2B","146091218","146091519","2","51248"
"chr2B","146389446","146389756","chr2B","146344141","146344438","14","45305"
"chr2B","146483670","146483966","chr2B","146435476","146435773","12","48194"
"chr2B","146504457","146504733","chr2B","146456112","146456364","25","48345"
"chr2B","146895104","146895409","chr2B","146844575","146844879","2","50529"
"chr2B","147159248","147159408","chr2B","147116872","147117024","9","42376"
"chr2B","147277409","147277675","chr2B","147235493","147235759","0","41916"
"chr2B","147418526","147418706","chr4","26666455","26666626","31","120752071"
"chr2B","148099384","148099571","chr17","7035663","7035852","48","141063721"
"chr2B","148108831","148109153","chr2B","148074968","148075294","5","33863"
"chr2B","148175530","148175824","chr2B","148142398","148142691","3","33132"
"chr2B","148405551","148405837","chr2B","148375922","148376208","0","29629"
"chr2B","148614879","148614990","chr1","123832748","123832859","11","24782131"
"chr2B","149031802","149032131","chr2B","149004011","149004332","9","27791"
"chr2B","149068288","149068587","chr2B","149041574","149041878","6","26714"
"chr2B","149092702","149092883","chr4","84946316","84946498","28","64146386"
"chr2B","149263639","149263941","chr2B","149236353","149236660","7","27286"
"chr2B","149317882","149318180","chr2B","149290674","149290974","3","27208"
"chr2B","149499284","149499483","chr2B","149474505","149474704","0","24779"
"chr2B","149612440","149612721","chr2B","149590489","149590770","0","21951"
"chr2B","149896963","149897272","chr2B","149881257","149881567","2","15706"
"chr2B","150091365","150091653","chr2B","150085527","150085821","6","5838"
"chr2B","150164857","150165169","chr11","16764207","16764512","47","133400650"
"chr2B","150799009","150799315","chr17","63022730","63023033","35","87776279"
"chr2B","150886828","150887128","chrX","47300698","47300993","61","103586130"
"chr2B","150948198","150948504","chr2B","150656183","150656491","6","292015"
"chr2B","150956552","150956841","chr2B","150664579","150664868","3","291973"
"chr2B","151130706","151130809","chr22","33938435","33938535","20","117192271"
"chr2B","151222850","151223146","chr2B","150931885","150932185","8","290965"
"chr2B","151341895","151342178","chr6","15312245","15312527","31","136029650"
"chr2B","151625871","151626151","chr2B","151335269","151335549","0","290602"
"chr2B","152063287","152063393","chr13","24059413","24059502","39","128003874"
"chr2B","152221556","152221850","chr2B","151940105","151940401","3","281451"
"chr2B","152378057","152378367","chr2B","167387827","167388136","35","15009770"
"chr2B","152411592","152411699","chr2A","62538961","62539069","26","89872631"
"chr2B","152424746","152425026","chr22","41828844","41829111","76","110595902"
"chr2B","152956823","152957104","chr2B","152679391","152679672","0","277432"
"chr2B","152958035","152958328","chr2B","152680606","152680898","2","277429"
"chr2B","153117459","153117750","chr2B","152843518","152843807","3","273941"
"chr2B","153291310","153291573","chr2B","153019542","153019804","1","271768"
"chr2B","153369451","153369762","chr2B","153193787","153194101","13","175664"
"chr2B","153747579","153747868","chr2B","153592290","153592579","1","155289"
"chr2B","154431343","154431649","chr2B","154281203","154281511","2","150140"
"chr2B","154468163","154468470","chr2B","154315586","154315895","5","152577"
"chr2B","154478662","154478961","chr2B","154326098","154326408","15","152564"
"chr2B","154521854","154522150","chr2B","154369304","154369604","5","152550"
"chr2B","154590238","154590524","chr2B","154437679","154437965","2","152559"
"chr2B","154614261","154614581","chr2B","154461930","154462239","24","152331"
"chr2B","154708021","154708330","chr2B","154556068","154556378","2","151953"
"chr2B","154851104","154851406","chr2B","154704217","154704519","5","146887"
"chr2B","154871198","154871503","chr2B","154724312","154724617","1","146886"
"chr2B","155066011","155066310","chr2B","154922766","154923079","17","143245"
"chr2B","155163951","155164245","chr2B","155022141","155022436","8","141810"
"chr2B","155171447","155171748","chr2B","155029649","155029950","0","141798"
"chr2B","155264565","155264838","chr2B","155123083","155123356","2","141482"
"chr2B","155282324","155282443","chr2B","205936995","205937106","34","50654671"
"chr2B","155422010","155422297","chr1","161348149","161348433","55","5926139"
"chr2B","155447449","155447757","chr2B","155305861","155306167","6","141588"
"chr2B","155464570","155464864","chr16","21616071","21616364","47","133848499"
"chr2B","155468587","155468875","chr2B","155327082","155327370","1","141505"
"chr2B","155807029","155807330","chr2B","155479427","155479722","8","327602"
"chr2B","155849425","155849581","chr7","139717802","139717968","33","16131623"
"chr2B","155849632","155849813","chr9","69835636","69835822","32","86013996"
"chr2B","155857461","155857585","chr5","172392908","172393028","31","16535447"
"chr2B","155902178","155902469","chr2B","155527781","155528075","7","374397"
"chr2B","155908634","155908829","chr17","9522311","9522505","32","146386323"
"chr2B","155925222","155925388","chr2B","155550507","155550673","1","374715"
"chr2B","155927397","155927503","chr19","57751584","57751683","23","98175813"
"chr2B","155937279","155937595","chr2B","155562599","155562915","1","374680"
"chr2B","155969989","155970295","chr2B","155595316","155595616","9","374673"
"chr2B","156002149","156002458","chr2B","155629609","155629918","6","372540"
"chr2B","156009115","156009408","chr2B","155636886","155637198","20","372229"
"chr2B","156009545","156009821","chr2B","155637335","155637632","23","372210"
"chr2B","156024974","156025153","chr11","48130487","48130657","52","107894487"
"chr2B","156107621","156107752","chr2A","32693701","32693835","25","123413920"
"chr2B","156245311","156245623","chr3","12684632","12684943","37","143560679"
"chr2B","156360519","156360738","chr7","56182970","56183188","27","100177549"
"chr2B","156568367","156568673","chr2B","156229586","156229894","4","338781"
"chr2B","156620714","156621007","chr2B","156280796","156281089","2","339918"
"chr2B","156662738","156663041","chr2B","156324154","156324458","2","338584"
"chr2B","156697514","156697801","chr2B","156359052","156359339","1","338462"
"chr2B","156709621","156709915","chr2B","156372069","156372367","6","337552"
"chr2B","156712814","156713106","chr2B","156375273","156375568","5","337541"
"chr2B","156759762","156759968","chr2B","156422887","156423091","3","336875"
"chr2B","156764766","156764928","chr7","15507240","15507400","30","141257526"
"chr2B","156777102","156777296","chr5","36709818","36710006","40","120067284"
"chr2B","156777605","156777740","chr5","177191573","177191702","18","20413968"
"chr2B","156834858","156835037","chr11","48130487","48130657","25","108704371"
"chr2B","156835342","156835471","chr1","105086940","105087071","20","51748402"
"chr2B","156850674","156850855","chr6","42414698","42414867","32","114435976"
"chr2B","156886100","156886392","chr2B","156550079","156550372","2","336021"
"chr2B","156956113","156956429","chr4","44940665","44940968","50","112015448"
"chr2B","156968844","156969130","chr2B","156633293","156633579","2","335551"
"chr2B","156989358","156989655","chr2B","156653878","156654177","2","335480"
"chr2B","157012604","157012906","chr2B","156677548","156677851","3","335056"
"chr2B","157017923","157018092","chr17","62476454","62476615","45","94541469"
"chr2B","157128512","157128789","chr2B","156792920","156793197","0","335592"
"chr2B","157129144","157129447","chr2B","156793552","156793851","6","335592"
"chr2B","157129961","157130249","chr2B","156794365","156794660","10","335596"
"chr2B","157352148","157352437","chr2B","157019456","157019744","3","332692"
"chr2B","157354552","157354674","chr5","172392908","172393028","28","15038356"
"chr2B","157442987","157443282","chr2B","157118292","157118597","20","324695"
"chr2B","157469628","157469723","chr9","80389825","80389922","14","77079803"
"chr2B","157624284","157624422","chr2B","157301493","157301635","5","322791"
"chr2B","157737085","157737392","chr3","58502988","58503290","49","99234097"
"chr2B","157747138","157747231","chr3","181238196","181238292","20","23491058"
"chr2B","157950228","157950406","chr2B","157630718","157630869","30","319510"
"chr2B","158053586","158053865","chr2B","157736665","157736941","5","316921"
"chr2B","158433850","158434076","chr2B","158121298","158121528","4","312552"
"chr2B","158553532","158553837","chr12","711388","711691","34","157842144"
"chr2B","159171953","159172245","chr2B","158871445","158871737","0","300508"
"chr2B","159523595","159523874","chr2B","159227173","159227452","3","296422"
"chr2B","159545119","159545417","chr2B","159248679","159248978","2","296440"
"chr2B","159671293","159671592","chr2B","159376709","159377008","5","294584"
"chr2B","159750976","159751142","chr22","16225217","16225380","27","143525759"
"chr2B","159907974","159908267","chr2A","28990672","28990966","33","130917302"
"chr2B","159925352","159925447","chr14","100673591","100673682","25","59251761"
"chr2B","159930271","159930595","chr2B","159637509","159637825","10","292762"
"chr2B","160539690","160539947","chr2B","160254236","160254494","2","285454"
"chr2B","160624976","160625120","chr2B","160339505","160339649","3","285471"
"chr2B","160731455","160731536","chr11","8774884","8774956","20","151956571"
"chr2B","161142497","161142620","chr1","6844228","6844361","28","154298269"
"chr2B","161145253","161145553","chr2B","160865282","160865577","5","279971"
"chr2B","161534135","161534433","chr2B","161264928","161265226","2","269207"
"chr2B","161540014","161540284","chr2B","161270805","161271075","1","269209"
"chr2B","161540546","161540644","chr2B","205936995","205937106","27","44396449"
"chr2B","161565214","161565308","chr3","181238196","181238292","28","19672982"
"chr2B","161625449","161625596","chr19","38801049","38801198","23","122824400"
"chr2B","161672855","161673001","chr7","136062084","136062232","32","25610771"
"chr2B","161689328","161689380","chr19","783168","783226","9","160906160"
"chr2B","161854625","161854752","chr4","89635842","89635967","35","72218783"
"chr2B","161917732","161917943","chr7","55120753","55120971","36","106796979"
"chr2B","162129957","162130251","chr2B","161866254","161866553","7","263703"
"chr2B","162316019","162316245","chr19","3946308","3946529","36","158369711"
"chr2B","162352733","162352871","chr13","24830538","24830666","37","137522195"
"chr2B","162360044","162360128","chr17","13332748","13332838","16","149027296"
"chr2B","162449084","162449376","chrX","26950821","26951106","42","135498263"
"chr2B","162467341","162467624","chr2B","162203628","162203912","3","263713"
"chr2B","162500002","162500106","chr2B","142240066","142240170","30","20259936"
"chr2B","162523406","162523703","chr2B","162262511","162262808","3","260895"
"chr2B","162538315","162538615","chr2B","162277417","162277720","5","260898"
"chr2B","162777888","162777989","chr6","159074849","159074952","17","3703039"
"chr2B","162889607","162889906","chr2B","162628267","162628572","8","261340"
"chr2B","163003019","163003316","chr2B","162742496","162742793","1","260523"
"chr2B","163048939","163049247","chr2B","162788472","162788781","7","260467"
"chr2B","163345813","163346109","chr2B","163087691","163087991","9","258122"
"chr2B","163370241","163370548","chr2B","163112945","163113252","5","257296"
"chr2B","163653995","163654290","chr2B","163257280","163257580","9","396715"
"chr2B","163687658","163687950","chr2B","163294617","163294912","5","393041"
"chr2B","163758482","163758793","chr2B","163365501","163365812","2","392981"
"chr2B","163779585","163779882","chr6","164583645","164583943","33","804060"
"chr2B","163795905","163796185","chr6","30425392","30425674","43","133370513"
"chr2B","163921986","163922277","chr12","32838968","32839255","42","131083018"
"chr2B","163922975","163923265","chr2B","163532371","163532661","0","390604"
"chr2B","164057161","164057455","chr2B","163667391","163667686","5","389770"
"chr2B","164125427","164125712","chr2B","163736012","163736297","1","389415"
"chr2B","164136190","164136495","chr2B","163746776","163747083","5","389414"
"chr2B","164162906","164163174","chrX","97029169","97029434","36","67133737"
"chr2B","164341720","164341792","chr17","2787814","2787901","23","161553906"
"chr2B","164384019","164384191","chr2B","164001535","164001707","0","382484"
"chr2B","164385864","164386151","chr2B","164003381","164003670","3","382483"
"chr2B","164855709","164856008","chr1","129934008","129934308","41","34921701"
"chr2B","165037299","165037425","chr2B","164661810","164661936","0","375489"
"chr2B","165348489","165348612","chr1","46484701","46484838","27","118863788"
"chr2B","165391050","165391341","chr2B","165012842","165013137","7","378208"
"chr2B","165500353","165500466","chr2B","199271339","199271453","20","33770986"
"chr2B","165648301","165648385","chr17","13332748","13332838","18","152315553"
"chr2B","165755877","165756166","chr2B","165380526","165380814","4","375351"
"chr2B","165866089","165866206","chr2B","199271339","199271453","24","33405250"
"chr2B","165971148","165971370","chr3","196084716","196084932","57","30113568"
"chr2B","165974054","165974346","chr2B","165602186","165602479","1","371868"
"chr2B","165996439","165996739","chr2B","165623602","165623900","4","372837"
"chr2B","165998933","165999055","chr4","75964418","75964542","14","90034515"
"chr2B","166349796","166350097","chr2B","165978903","165979204","3","370893"
"chr2B","166418840","166419135","chr2B","166050094","166050391","3","368746"
"chr2B","166482165","166482462","chr2B","166114687","166114985","3","367478"
"chr2B","166497717","166498012","chr2B","166130250","166130546","3","367467"
"chr2B","166536084","166536247","chr2B","166169100","166169263","1","366984"
"chr2B","166733407","166733622","chr2B","166367142","166367357","2","366265"
"chr2B","167269139","167269445","chr2B","166904160","166904473","17","364979"
"chr2B","167447326","167447630","chr2B","167081744","167082055","10","365582"
"chr2B","167752101","167752383","chr4","167882463","167882760","21","130362"
"chr2B","167767289","167767588","chr2B","167403200","167403503","5","364089"
"chr2B","167918751","167918913","chr2B","167555308","167555467","3","363443"
"chr2B","168288678","168288895","chr2B","167931632","167931849","0","357046"
"chr2B","168335898","168336210","chr2B","167979961","167980276","13","355937"
"chr2B","168604166","168604465","chr2B","168251541","168251839","2","352625"
"chr2B","168707576","168707856","chr9","91334008","91334288","33","77373568"
"chr2B","168871574","168871823","chr2B","168522726","168522976","7","348848"
"chr2B","168997795","168998083","chr2B","168658818","168659106","2","338977"
"chr2B","169480346","169480650","chr2B","169144140","169144442","2","336206"
"chr2B","169508276","169508574","chr2B","169172920","169173213","7","335356"
"chr2B","169595012","169595305","chr9","85091585","85091879","42","84503427"
"chr2B","169721501","169721783","chr2B","169388485","169388782","18","333016"
"chr2B","169801478","169801699","chr2B","169469371","169469593","2","332107"
"chr2B","169925459","169925583","chr2B","199271339","199271453","27","29345880"
"chr2B","169989874","169990126","chr2B","169657735","169657995","9","332139"
"chr2B","170143005","170143299","chr2B","169813714","169814010","2","329291"
"chr2B","170257878","170257986","chr20","46398672","46398781","23","123859206"
"chr2B","170587408","170587704","chr2B","170137210","170137507","3","450198"
"chr2B","170640021","170640121","chr3","181238196","181238292","25","10598175"
"chr2B","170679362","170679552","chr10","30763708","30763896","30","139915654"
"chr2B","170974333","170974632","chr7","63702922","63703220","35","107271411"
"chr2B","170977647","170977875","chr2B","170533720","170533977","30","443927"
"chr2B","171501117","171501404","chr2B","171068461","171068749","4","432656"
"chr2B","171529390","171529523","chr2B","171103038","171103174","3","426352"
"chr2B","171790263","171790565","chr5","120348487","120348790","73","51441776"
"chr2B","171911227","171911538","chr2B","171525414","171525722","10","385813"
"chr2B","171970407","171970703","chr2B","171586047","171586343","2","384360"
"chr2B","172100223","172100494","chr2B","171722494","171722766","1","377729"
"chr2B","172551240","172551553","chr2B","172180094","172180404","4","371146"
"chr2B","172656762","172657051","chr2B","172287132","172287421","0","369630"
"chr2B","172866157","172866450","chr2B","172503473","172503768","5","362684"
"chr2B","172955167","172955471","chr2B","172592492","172592796","3","362675"
"chr2B","172986640","172986951","chr2B","172624367","172624678","0","362273"
"chr2B","173047251","173047552","chr2B","172684368","172684670","17","362883"
"chr2B","173057735","173058026","chr2B","172694880","172695171","4","362855"
"chr2B","173092747","173093039","chr2B","172729772","172730065","5","362975"
"chr2B","173129627","173129921","chr2B","172766531","172766827","2","363096"
"chr2B","173317351","173317643","chr2B","172954375","172954663","7","362976"
"chr2B","173325149","173325423","chr2B","172962167","172962436","7","362982"
"chr2B","173339389","173339699","chr2B","172976426","172976735","1","362963"
"chr2B","173365828","173366124","chr2B","173003268","173003567","3","362560"
"chr2B","173468334","173468637","chr20","49015958","49016270","47","124452376"
"chr2B","173823732","173824038","chr2B","173477111","173477419","6","346621"
"chr2B","173990950","173991009","chr10","102411920","102411980","17","71579030"
"chr2B","174077325","174077623","chr2B","173732364","173732666","8","344961"
"chr2B","174123994","174124295","chr3","188317272","188317569","40","14193278"
"chr2B","174256751","174256995","chr19","56689839","56690073","57","117566912"
"chr2B","174283464","174283770","chr2B","173950111","173950417","1","333353"
"chr2B","174286802","174287080","chr2B","173953453","173953743","18","333349"
"chr2B","174388706","174389018","chrX","120006485","120006804","94","54382221"
"chr2B","174485023","174485317","chr2B","174156676","174156970","0","328347"
"chr2B","174551776","174552058","chr2B","174227114","174227406","12","324662"
"chr2B","174601784","174602081","chr12","45874078","45874367","47","128727706"
"chr2B","174611131","174611307","chr2B","174288475","174288651","1","322656"
"chr2B","174765816","174765935","chr5","172392908","172393028","22","2372908"
"chr2B","174797923","174798217","chr2B","174472676","174472970","2","325247"
"chr2B","174970307","174970615","chr2B","174646898","174647216","14","323409"
"chr2B","175149275","175149600","chr2B","174829361","174829686","8","319914"
"chr2B","175153307","175153564","chr10","12880632","12880890","38","162272675"
"chr2B","175168158","175168462","chr2B","174847337","174847641","8","320821"
"chr2B","175217742","175217951","chr12","106445846","106446052","41","68771896"
"chr2B","175223696","175223999","chr2B","174901371","174901675","6","322325"
"chr2B","175282102","175282407","chr2B","174965303","174965601","7","316799"
"chr2B","175296477","175296623","chr22","35041748","35041876","40","140254729"
"chr2B","175342421","175342637","chr2B","175025498","175025714","1","316923"
"chr2B","175353383","175353478","chr12","12586014","12586108","17","162767369"
"chr2B","175421560","175421651","chr12","129753197","129753289","11","45668363"
"chr2B","175454557","175454845","chr2B","175139033","175139329","10","315524"
"chr2B","175662816","175663094","chr19","63023397","63023673","42","112639419"
"chr2B","175718529","175718740","chr2B","175407345","175407561","5","311184"
"chr2B","175742545","175742843","chr2B","175429830","175430132","7","312715"
"chr2B","175879198","175879292","chr3","181238196","181238292","32","5358998"
"chr2B","175880308","175880618","chr4","141934893","141935195","33","33945415"
"chr2B","175930888","175931105","chrX","16891517","16891711","42","159039371"
"chr2B","175989332","175989633","chr2B","175673492","175673792","3","315840"
"chr2B","175999766","176000000","chr3","191448283","191448518","36","15448517"
"chr2B","176006767","176007070","chr2B","175691456","175691759","6","315311"
"chr2B","176049377","176049672","chr2B","175737850","175738145","0","311527"
"chr2B","176068454","176068738","chr22","37241094","37241382","39","138827360"
"chr2B","176168391","176168655","chr1","124399374","124399636","45","51769017"
"chr2B","176192002","176192325","chr2B","175878856","175879156","28","313146"
"chr2B","176248445","176248739","chr2B","175936274","175936569","1","312171"
"chr2B","176317348","176317447","chr20","16652596","16652702","24","159664752"
"chr2B","176444125","176444414","chr2B","176136803","176137100","10","307322"
"chr2B","176578785","176579091","chr2B","176271492","176271798","6","307293"
"chr2B","176598637","176598922","chr2B","176292178","176292463","5","306459"
"chr2B","176600270","176600497","chrX","89632664","89632894","27","86967606"
"chr2B","176619406","176619528","chr2B","199271339","199271453","27","22651933"
"chr2B","176644067","176644330","chr4","131216862","131217128","35","45427205"
"chr2B","176662120","176662408","chr6","46476484","46476767","54","130185636"
"chr2B","176675851","176676151","chr6","140645397","140645702","38","36030454"
"chr2B","176769737","176770034","chr2B","176465017","176465320","8","304720"
"chr2B","176771463","176771561","chr9","80389825","80389922","23","96381638"
"chr2B","176814283","176814513","chr8","142584449","142584675","27","34229834"
"chr2B","176868860","176868978","chr9","69573837","69573962","27","107295023"
"chr2B","176898710","176898994","chr2B","176599181","176599487","24","299529"
"chr2B","176973668","176973976","chr2B","176674900","176675211","10","298768"
"chr2B","177288522","177288724","chr9","97028914","97029116","31","80259608"
"chr2B","177289029","177289142","chr3","200361728","200361839","17","23072699"
"chr2B","177313674","177313980","chr2B","177015334","177015641","2","298340"
"chr2B","177459170","177459283","chr5","172392908","172393028","31","5066262"
"chr2B","177736853","177737136","chr2B","177445977","177446260","0","290876"
"chr2B","177881031","177881331","chr2B","177592617","177592917","2","288414"
"chr2B","177962795","177963096","chr2B","177674519","177674829","10","288276"
"chr2B","178084018","178084152","chr2A","107195506","107195649","23","70888512"
"chr2B","178084985","178085090","chr17","2787814","2787901","24","175297171"
"chr2B","178118291","178118587","chr4","141955385","141955680","46","36162906"
"chr2B","178229028","178229142","chr17","13440536","13440654","33","164788492"
"chr2B","178239658","178239721","chr17","4261422","4261478","28","173978236"
"chr2B","178371969","178372135","chr16","23468518","23468684","26","154903451"
"chr2B","178495024","178495216","chr2B","178209535","178209728","1","285489"
"chr2B","178706978","178707068","chr13","24059413","24059502","27","154647565"
"chr2B","178767440","178767737","chr2B","178483115","178483415","3","284325"
"chr2B","178791340","178791643","chr2B","178507295","178507598","6","284045"
"chr2B","178871440","178871746","chr2B","178591568","178591872","3","279872"
"chr2B","178903676","178903958","chr2B","178624361","178624643","1","279315"
"chr2B","178953792","178954088","chr2B","178675555","178675850","4","278237"
"chr2B","179012311","179012593","chr2B","178733778","178734081","21","278533"
"chr2B","179018487","179018663","chr2B","178740366","178740545","4","278121"
"chr2B","179079663","179079819","chr2B","178803360","178803529","15","276303"
"chr2B","179079838","179080135","chr2B","178803530","178803831","4","276308"
"chr2B","179111972","179112270","chr2B","178837176","178837481","8","274796"
"chr2B","179149378","179149670","chr2B","178875232","178875525","2","274146"
"chr2B","179202680","179202969","chr2B","178929216","178929506","8","273464"
"chr2B","179595668","179595967","chr3","46861662","46861957","46","132734006"
"chr2B","179667510","179667815","chr2B","179398728","179399032","2","268782"
"chr2B","179726955","179727211","chr2B","179457134","179457391","4","269821"
"chr2B","179778064","179778183","chr5","172392908","172393028","23","7385156"
"chr2B","179880452","179880760","chr2B","179612256","179612566","3","268196"
"chr2B","180057969","180058278","chr2B","179790110","179790414","8","267859"
"chr2B","180230294","180230598","chr2B","179962265","179962567","3","268029"
"chr2B","180795531","180795659","chr13","22694842","22694978","27","158100689"
"chr2B","181010689","181010979","chr7","144839074","144839364","52","36171615"
"chr2B","181033128","181033324","chr2B","180516067","180516263","3","517061"
"chr2B","181304143","181304228","chr11","8774884","8774956","26","172529259"
"chr2B","181484150","181484434","chr5","47915812","47916099","47","133568338"
"chr2B","181503519","181503689","chr2B","180995440","180995610","1","508079"
"chr2B","181557957","181558244","chr2B","181049777","181050067","4","508180"
"chr2B","181838886","181839175","chr2B","181332372","181332666","5","506514"
"chr2B","181978969","181979192","chr2B","181472848","181473072","1","506121"
"chr2B","182105887","182106173","chr1","165041586","165041875","51","17064301"
"chr2B","182121751","182122003","chr4","115387603","115387868","52","66734148"
"chr2B","182260636","182260943","chr2B","181768330","181768639","3","492306"
"chr2B","182274979","182275289","chr2B","181782680","181782990","2","492299"
"chr2B","182295225","182295525","chr9","5769288","5769596","48","176525937"
"chr2B","182372259","182372355","chr1","160944586","160944680","19","21427673"
"chr2B","182473601","182473904","chr2B","181985237","181985555","24","488364"
"chr2B","182684336","182684469","chr2A","32693701","32693835","19","149990635"
"chr2B","182686987","182687290","chr2B","182201747","182202050","2","485240"
"chr2B","182780020","182780328","chr2B","182293005","182293315","2","487015"
"chr2B","182867164","182867296","chr17","11959483","11959618","35","170907681"
"chr2B","182875280","182875566","chr19","55071160","55071453","49","127804120"
"chr2B","182876620","182876789","chrX","112054166","112054338","26","70822454"
"chr2B","182895139","182895434","chr2B","182409365","182409662","4","485774"
"chr2B","182912396","182912685","chr2B","182427483","182427775","22","484913"
"chr2B","182952440","182952735","chr2B","182468190","182468489","5","484250"
"chr2B","182956953","182957239","chr2B","182472990","182473276","5","483963"
"chr2B","182973318","182973603","chr2B","182489334","182489646","28","483984"
"chr2B","182983274","182983572","chr2B","182499319","182499617","2","483955"
"chr2B","183170078","183170387","chr2B","182693809","182694121","3","476269"
"chr2B","183174904","183175195","chr2B","182699009","182699307","10","475895"
"chr2B","183216189","183216492","chr2B","182742048","182742355","9","474141"
"chr2B","183274010","183274129","chr6","43284224","43284341","21","139989786"
"chr2B","183327396","183327616","chr7","14497974","14498190","23","168829422"
"chr2B","183370129","183370404","chr2B","182898245","182898521","2","471884"
"chr2B","183410480","183410561","chr8","46091691","46091777","20","137318789"
"chr2B","183422508","183422815","chr5","81869125","81869437","64","101553383"
"chr2B","183434410","183434511","chr3","181238196","181238292","24","2196214"
"chr2B","183444514","183444810","chr2B","182975012","182975311","3","469502"
"chr2B","183970043","183970333","chr2B","183506949","183507240","2","463094"
"chr2B","184122446","184122762","chr2B","183659279","183659591","10","463167"
"chr2B","184259122","184259430","chr2B","183795432","183795740","4","463690"
"chr2B","184298304","184298358","chr2B","183837746","183837800","0","460558"
"chr2B","184446482","184446785","chr2B","183986337","183986640","2","460145"
"chr2B","184481777","184481984","chr16","22936619","22936839","41","161545158"
"chr2B","184493096","184493409","chr17","60737767","60738075","39","123755329"
"chr2B","184542418","184542718","chr2B","184084709","184085010","5","457709"
"chr2B","184571975","184572158","chr9","69835636","69835822","32","114736339"
"chr2B","185129310","185129575","chr2B","184683315","184683580","0","445995"
"chr2B","185143483","185143762","chr2B","184697496","184697775","0","445987"
"chr2B","185183340","185183567","chr2B","184737350","184737584","8","445990"
"chr2B","185576980","185577254","chr11","20086898","20087170","52","165490082"
"chr2B","185819528","185819817","chr1","77893853","77894144","43","107925675"
"chr2B","186068459","186068673","chr2B","185527395","185527610","1","541064"
"chr2B","186635207","186635497","chr2B","186098951","186099243","4","536256"
"chr2B","186683955","186684189","chr22","29597112","29597339","44","157086843"
"chr2B","186847701","186847999","chr2B","186311111","186311408","5","536590"
"chr2B","186976973","186977265","chr2B","186444779","186445080","15","532194"
"chr2B","186994690","186994850","chr22","16225217","16225380","19","170769473"
"chr2B","187095893","187096158","chr2B","186566679","186566946","5","529214"
"chr2B","187147949","187148209","chr2B","186620454","186620714","2","527495"
"chr2B","187165015","187165325","chr2B","186637505","186637817","9","527510"
"chr2B","187221855","187222138","chr2B","186690755","186691036","2","531100"
"chr2B","187324308","187324531","chr1","133581641","133581865","41","53742667"
"chr2B","187503783","187503964","chr5","178397697","178397875","28","9106086"
"chr2B","187508406","187508702","chr2B","186985562","186985861","6","522844"
"chr2B","187688988","187689292","chr2B","187165917","187166221","4","523071"
"chr2B","187717810","187718116","chr2B","211033479","211033780","54","23315669"
"chr2B","188148869","188149172","chr2B","187629793","187630096","1","519076"
"chr2B","188164164","188164285","chr2B","199271339","199271453","29","11107175"
"chr2B","188178372","188178663","chr2B","187658711","187659005","4","519661"
"chr2B","188189054","188189334","chr2B","187669130","187669436","28","519924"
"chr2B","188227061","188227324","chr2B","187708454","187708717","2","518607"
"chr2B","188265978","188266282","chr2B","187747835","187748140","4","518143"
"chr2B","188343256","188343566","chr11","116671155","116671450","59","71672101"
"chr2B","188574773","188574878","chr20","16652596","16652702","27","171922177"
"chr2B","188657049","188657348","chr2B","188150116","188150419","7","506933"
"chr2B","189399505","189399810","chr2B","188902354","188902662","4","497151"
"chr2B","189436531","189436633","chr2B","210790127","210790232","17","21353596"
"chr2B","189881743","189882023","chr2B","189387050","189387330","2","494693"
"chr2B","190088721","190089007","chr4","141734619","141734898","52","48354102"
"chr2B","190178917","190179193","chr2B","189682621","189682901","7","496296"
"chr2B","190383513","190383622","chr20","16652596","16652702","29","173730917"
"chr2B","190432202","190432287","chr3","27665315","27665404","24","162766887"
"chr2B","190646465","190646728","chr2B","190152421","190152684","0","494044"
"chr2B","190727997","190728291","chr2B","190234842","190235140","4","493155"
"chr2B","191073051","191073155","chr22","33938435","33938535","19","157134616"
"chr2B","191679912","191680205","chr2B","191195860","191196156","5","484052"
"chr2B","191989164","191989466","chr2B","191507606","191507908","1","481558"
"chr2B","192131955","192132173","chr2B","191649765","191649992","10","482190"
"chr2B","192236972","192237279","chr2B","191758170","191758486","13","478802"
"chr2B","192318148","192318282","chr2A","32693701","32693835","26","159624447"
"chr2B","192449355","192449460","chr2B","142240066","142240170","28","50209289"
"chr2B","192622163","192622233","chr5","6432148","6432210","32","186190015"
"chr2B","193118039","193118349","chr2B","192505173","192505481","7","612866"
"chr2B","193212498","193212728","chr12","96335362","96335576","57","96877136"
"chr2B","193251968","193252263","chr2B","192640470","192640763","3","611498"
"chr2B","193397377","193397681","chr2B","192804242","192804546","6","593135"
"chr2B","193428124","193428416","chr2B","192835698","192835990","3","592426"
"chr2B","193657754","193657870","chr7","112797358","112797487","29","80860396"
"chr2B","193750008","193750318","chr1","181567456","181567759","43","12182552"
"chr2B","194022056","194022368","chr2B","193437833","193438143","2","584223"
"chr2B","194412358","194412657","chr9","76423433","76423730","35","117988925"
"chr2B","194483829","194484104","chr2B","193902358","193902635","2","581471"
"chr2B","194601841","194602144","chr2B","194021881","194022187","4","579960"
"chr2B","194856953","194857245","chr2B","194278794","194279089","7","578159"
"chr2B","194958281","194958577","chr2B","194383423","194383726","7","574858"
"chr2B","194962710","194963023","chr13","51860365","51860676","50","143102345"
"chr2B","194974832","194975126","chr2B","194400012","194400309","7","574820"
"chr2B","194989463","194989599","chr2A","32693701","32693835","27","162295762"
"chr2B","195020192","195020489","chr13","108267464","108267761","42","86752728"
"chr2B","195095485","195095798","chr2B","194523871","194524190","6","571614"
"chr2B","195148414","195148716","chr3","58502988","58503290","38","136645426"
"chr2B","195296514","195296816","chr10","93391235","93391531","38","101905279"
"chr2B","195401571","195401867","chr2B","194834825","194835120","6","566746"
"chr2B","195600309","195600571","chr2B","195034980","195035253","12","565329"
"chr2B","195609245","195609543","chr2B","195043952","195044250","0","565293"
"chr2B","195614306","195614615","chr2B","195049349","195049660","3","564957"
"chr2B","195677412","195677502","chr3","181238196","181238292","23","14439216"
"chr2B","195747491","195747606","chr2B","210790127","210790232","25","15042636"
"chr2B","195793840","195794118","chr21","22414857","22415135","31","173378983"
"chr2B","195916212","195916386","chr4","26666455","26666626","33","169249757"
"chr2B","195939776","195939903","chr2B","195376670","195376797","1","563106"
"chr2B","195964887","195965161","chr2B","195402069","195402343","0","562818"
"chr2B","196043533","196043824","chr2B","195481175","195481468","4","562358"
"chr2B","196079460","196079758","chr2B","195519393","195519688","5","560067"
"chr2B","196146736","196146859","chr22","35041748","35041876","26","161104988"
"chr2B","196235975","196236092","chr5","172392908","172393028","28","23843067"
"chr2B","196275457","196275767","chr2B","195716756","195717066","7","558701"
"chr2B","196324189","196324459","chr2B","195765459","195765755","28","558730"
"chr2B","196409520","196409828","chr2B","195851622","195851932","2","557898"
"chr2B","196455320","196455524","chr9","97028914","97029116","25","99426406"
"chr2B","196635341","196635632","chr3","3807018","3807309","29","192828323"
"chr2B","196719745","196720048","chr2B","196165101","196165406","2","554644"
"chr2B","196745262","196745553","chr3","172094749","172095041","31","24650513"
"chr2B","196777884","196778190","chr2B","196224946","196225250","5","552938"
"chr2B","196818875","196819167","chr2B","196265973","196266245","20","552902"
"chr2B","197254809","197255112","chr2B","196709581","196709887","6","545228"
"chr2B","197675109","197675391","chr3","200556220","200556500","42","2881111"
"chr2B","197759698","197759994","chr2B","197222934","197223231","2","536764"
"chr2B","197920811","197920944","chr5","172392908","172393028","35","25527903"
"chr2B","197949721","197950031","chr2B","197415524","197415831","9","534197"
"chr2B","198003577","198003758","chr2B","197469312","197469493","3","534265"
"chr2B","198357653","198357726","chr6","11395990","11396054","32","186961663"
"chr2B","198495565","198495855","chr2B","197961692","197961983","1","533873"
"chr2B","198690240","198690557","chr2B","198159098","198159414","5","531142"
"chr2B","198757240","198757545","chr2B","198226920","198227224","2","530320"
"chr2B","198833866","198834160","chr2B","198305515","198305813","5","528351"
"chr2B","198974026","198974266","chr2B","198447037","198447277","2","526989"
"chr2B","199031567","199031654","chr14","100673591","100673682","19","98357976"
"chr2B","199669277","199669566","chr2B","199152018","199152308","3","517259"
"chr2B","199876023","199876196","chr6","24713050","24713221","31","175162973"
"chr2B","200097470","200097770","chr3","141565075","141565372","32","58532395"
"chr2B","200225400","200225589","chr2B","199715239","199715428","0","510161"
"chr2B","200281660","200281941","chr2B","199772072","199772351","9","509588"
"chr2B","200511868","200512089","chr1","129385965","129386195","34","71125903"
"chr2B","200585600","200585893","chr2B","200083194","200083491","4","502406"
"chr2B","200613763","200614064","chr2B","200111378","200111675","9","502385"
"chr2B","200760192","200760344","chr5","175990298","175990451","18","24769894"
"chr2B","200766763","200767057","chr2B","200268478","200268772","3","498285"
"chr2B","200834980","200835167","chr2B","200338221","200338407","1","496759"
"chr2B","200956656","200956840","chr17","5307344","5307522","32","195649312"
"chr2B","200973520","200973811","chr16","80582537","80582824","50","120390983"
"chr2B","201105528","201105633","chr20","16652596","16652702","24","184452932"
"chr2B","201111120","201111420","chr2B","200613940","200614241","5","497180"
"chr2B","201281350","201281577","chr2B","200798678","200798908","3","482672"
"chr2B","201312934","201313236","chr2B","200830317","200830616","3","482617"
"chr2B","201337590","201337898","chr2B","200855179","200855487","6","482411"
"chr2B","201389494","201389682","chr5","76266656","76266847","25","125122838"
"chr2B","201407219","201407502","chr2B","200925508","200925813","22","481711"
"chr2B","201598359","201598660","chr2B","201118316","201118617","1","480043"
"chr2B","201615377","201615668","chr2B","201135324","201135615","1","480053"
"chr2B","201675112","201675411","chr2B","201195923","201196230","8","479189"
"chr2B","201687329","201687633","chr2B","201208160","201208468","6","479169"
"chr2B","201865891","201866193","chr2B","201395447","201395749","0","470444"
"chr2B","201985765","201985881","chr12","93126526","93126644","25","108859239"
"chr2B","202012833","202013133","chr5","37177597","37177892","7","164835236"
"chr2B","202060515","202060679","chr2B","201594940","201595105","3","465575"
"chr2B","202066253","202066554","chr2B","201601541","201601845","4","464712"
"chr2B","202118399","202118588","chr2B","201654541","201654730","0","463858"
"chr2B","202182058","202182381","chr1","53118077","53118382","47","149063981"
"chr2B","202271458","202271764","chr20","31780440","31780748","39","170491018"
"chr2B","202429005","202429102","chr19","57751584","57751683","19","144677421"
"chr2B","202451674","202451983","chr2B","201998463","201998773","3","453211"
"chr2B","202493605","202493895","chr2A","63086723","63087016","28","139406882"
"chr2B","202502581","202502871","chr2B","202049964","202050254","2","452617"
"chr2B","202553540","202553838","chr2B","202099968","202100253","13","453572"
"chr2B","202567145","202567244","chr14","100673591","100673682","23","101893554"
"chr2B","202578231","202578305","chr8","46091691","46091777","23","156486540"
"chr2B","202596341","202596651","chr2B","202145903","202146208","5","450438"
"chr2B","202615980","202616269","chr12","31867666","31867959","34","170748314"
"chr2B","202667372","202667447","chr7","76518099","76518179","11","126149273"
"chr2B","202679368","202679640","chr2B","202231207","202231479","1","448161"
"chr2B","202705150","202705259","chr20","16652596","16652702","21","186052554"
"chr2B","202738520","202738814","chr2B","202290993","202291290","7","447527"
"chr2B","202753299","202753475","chr6","24713050","24713221","28","178040249"
"chr2B","202771618","202771915","chr6","18167423","18167728","40","184604195"
"chr2B","203055931","203056236","chr2B","202610957","202611262","2","444974"
"chr2B","203568861","203569145","chr3","137579329","137579612","33","65989532"
"chr2B","203665418","203665700","chr2B","203228666","203228949","3","436752"
"chr2B","204147312","204147614","chr2B","203714635","203714942","9","432677"
"chr2B","204326977","204327279","chr2B","203894057","203894359","7","432920"
"chr2B","204477206","204477517","chr2B","204046986","204047298","2","430220"
"chr2B","204477757","204478069","chr2B","204047538","204047849","6","430219"
"chr2B","204540148","204540456","chr2B","204110933","204111244","4","429215"
"chr2B","204636446","204636728","chr16","59608412","59608693","34","145028034"
"chr2B","204637475","204637635","chr7","15507240","15507400","25","189130235"
"chr2B","204655814","204656116","chr17","5304302","5304602","51","199351512"
"chr2B","204666202","204666358","chr1","53262619","53262779","31","151403583"
"chr2B","204674153","204674277","chr2B","204247217","204247341","0","426936"
"chr2B","205027536","205027827","chr2B","204329487","204329780","3","698049"
"chr2B","205030727","205031035","chr6","8189054","8189353","28","196841673"
"chr2B","205096815","205096899","chr17","2787814","2787901","19","202309001"
"chr2B","205173320","205173608","chr2B","204481925","204482220","14","691395"
"chr2B","205209228","205209523","chr15","41566347","41566636","55","163642881"
"chr2B","205223563","205223869","chr2B","204532130","204532436","17","691433"
"chr2B","205228997","205229239","chr3","43081696","43081933","43","162147301"
"chr2B","205311417","205311745","chr2B","204620629","204620957","3","690788"
"chr2B","205424259","205424560","chr2B","204736165","204736468","4","688094"
"chr2B","205565764","205566028","chr12","83451020","83451277","38","122114744"
"chr2B","205618951","205619171","chr2B","204931232","204931483","32","687719"
"chr2B","205665392","205665529","chr1","46484701","46484838","31","159180691"
"chr2B","206107464","206107763","chr2B","205422895","205423194","3","684569"
"chr2B","206121168","206121474","chr2B","205436615","205436921","4","684553"
"chr2B","206175333","206175623","chr2B","205492693","205492984","2","682640"
"chr2B","206252570","206252868","chr2B","205571766","205572076","15","680804"
"chr2B","206264515","206264588","chr17","4261422","4261478","24","202003093"
"chr2B","206281082","206281179","chr3","181238196","181238292","26","25042886"
"chr2B","206308952","206309127","chr12","40741439","40741620","36","165567513"
"chr2B","206310003","206310112","chr20","16652596","16652702","18","189657407"
"chr2B","206360682","206360969","chr2B","205683818","205684099","7","676864"
"chr2B","206395608","206395910","chr2B","205718922","205719222","2","676686"
"chr2B","206416930","206417107","chr22","30033402","30033585","23","176383528"
"chr2B","206421023","206421121","chr1","87599106","87599219","32","118821917"
"chr2B","206428159","206428461","chr2B","205754105","205754408","3","674054"
"chr2B","206467174","206467301","chr16","73743066","73743197","28","132724108"
"chr2B","206512481","206512771","chr16","69798643","69798935","36","136713838"
"chr2B","206533235","206533298","chr1","33246348","33246407","17","173286887"
"chr2B","206594393","206594686","chr2B","205935092","205935386","1","659301"
"chr2B","206595353","206595646","chr7","134335410","134335707","32","72259943"
"chr2B","206598109","206598341","chrX","54028479","54028701","46","152569630"
"chr2B","206636613","206636755","chr17","63511312","63511456","27","143125301"
"chr2B","206660710","206660761","chr6","73848264","73848305","15","132812446"
"chr2B","206660889","206661016","chr8","26723415","26723536","29","179937474"
"chr2B","206666352","206666488","chr1","214242319","214242461","28","7575967"
"chr2B","206676232","206676406","chr6","97601170","97601348","29","109075062"
"chr2B","207176054","207176347","chr2B","206527107","206527406","8","648947"
"chr2B","207217546","207217668","chr2B","205936995","205937106","32","1280551"
"chr2B","207218552","207218686","chr2B","206569931","206570069","5","648621"
"chr2B","207233809","207234105","chr2B","206585696","206585994","2","648113"
"chr2B","207245135","207245262","chr17","11959483","11959618","23","195285652"
"chr2B","207338439","207338679","chr11","115373656","115373893","41","91964783"
"chr2B","207387871","207388015","chr16","73743066","73743197","33","133644805"
"chr2B","207413607","207413773","chr13","26988435","26988596","26","180425172"
"chr2B","207431314","207431648","chr2B","206785519","206785856","7","645795"
"chr2B","207493948","207494067","chr8","26723415","26723536","27","180770533"
"chr2B","207509040","207509343","chr2B","206862101","206862408","4","646939"
"chr2B","207522573","207522681","chr11","6110379","6110485","15","201412194"
"chr2B","207569961","207570246","chr2B","206925323","206925608","1","644638"
"chr2B","207602494","207602801","chr2B","206958232","206958539","1","644262"
"chr2B","207623401","207623695","chr2B","206979148","206979444","4","644253"
"chr2B","207649191","207649495","chr2B","207006438","207006745","6","642753"
"chr2B","207653993","207654108","chr2B","207011645","207011758","2","642348"
"chr2B","207680990","207681137","chrX","19560856","19561004","18","188120134"
"chr2B","207681432","207681535","chr14","100673591","100673682","35","107007841"
"chr2B","207693191","207693491","chr2B","207057268","207057572","7","635923"
"chr2B","207722886","207723184","chr2B","207089058","207089359","7","633828"
"chr2B","207740857","207740919","chr8","4612186","4612252","15","203128671"
"chr2B","207744181","207744259","chr11","8774884","8774956","19","198969297"
"chr2B","207773416","207773702","chr1","8180081","8180358","39","199593335"
"chr2B","207792041","207792335","chr4","189474470","189474765","38","18317571"
"chr2B","207806003","207806313","chr2B","207175027","207175336","2","630976"
"chr2B","207843404","207843670","chr2B","207215153","207215419","2","628251"
"chr2B","207849448","207849727","chr12","15013797","15014076","38","192835651"
"chr2B","207923424","207923719","chr2B","207298178","207298480","9","625246"
"chr2B","207925684","207925930","chr19","43476527","43476774","74","164449157"
"chr2B","207943495","207943788","chr2B","207319161","207319456","5","624334"
"chr2B","207944591","207944737","chr9","112064180","112064330","25","95880411"
"chr2B","207949396","207949491","chr14","100673591","100673682","22","107275805"
"chr2B","207951740","207952048","chr2B","207327919","207328229","3","623821"
"chr2B","207980510","207980689","chr2A","48153883","48154060","29","159826627"
"chr2B","207993545","207993841","chr2B","207370368","207370666","4","623177"
"chr2B","207999896","208000000","chr3","181238196","181238292","25","26761700"
"chr2B","208002008","208002310","chr2B","207382987","207383291","2","619021"
"chr2B","208011703","208011861","chr5","175990298","175990451","23","32021405"
"chr2B","208038629","208038902","chr3","113498762","113499043","57","94539867"
"chr2B","208048158","208048450","chr3","75129985","75130280","49","132918173"
"chr2B","208052716","208052888","chrX","2617967","2618132","26","205434749"
"chr2B","208111001","208111272","chr11","110059061","110059328","61","98051940"
"chr2B","208129806","208130099","chr2B","207511542","207511833","7","618264"
"chr2B","208162045","208162351","chr2B","207545183","207545489","4","616862"
"chr2B","208217445","208217574","chr16","73743066","73743197","30","134474379"
"chr2B","208240040","208240162","chr1","158024936","158025074","32","50215104"
"chr2B","208245177","208245266","chr14","100673591","100673682","22","107571586"
"chr2B","208246754","208247037","chr2B","207656897","207657183","5","589857"
"chr2B","208259129","208259432","chr2B","207669277","207669578","2","589852"
"chr2B","208289299","208289610","chr2B","207699708","207700015","5","589591"
"chr2B","208348850","208349150","chr2B","207759165","207759465","2","589685"
"chr2B","208354535","208354830","chr2B","207764862","207765157","1","589673"
"chr2B","208428588","208428931","chr2B","207842522","207842866","2","586066"
"chr2B","208521154","208521457","chr2B","207937785","207938088","4","583369"
"chr2B","208539168","208539403","chr20","31044301","31044528","55","177494867"
"chr2B","208553321","208553620","chr7","31126153","31126447","45","177427168"
"chr2B","208581662","208581919","chr15","52565797","52566052","46","156015865"
"chr2B","208592813","208592951","chr5","14780945","14781085","21","193811868"
"chr2B","208634000","208634199","chr2B","208054810","208055007","5","579190"
"chr2B","208634373","208634668","chr2B","208055182","208055477","1","579191"
"chr2B","208645638","208645766","chr2B","236907218","236907348","35","28261580"
"chr2B","208675685","208675728","chr15","23757527","23757573","10","184918158"
"chr2B","208676133","208676424","chr2B","208097474","208097766","4","578659"
"chr2B","208691766","208691901","chr7","156274717","156274856","18","52417049"
"chr2B","208714716","208715008","chr20","1297330","1297629","46","207417386"
"chr2B","208729116","208729410","chr2B","208156097","208156391","3","573019"
"chr2B","208730519","208730662","chr4","28030717","28030863","21","180699802"
"chr2B","208761137","208761442","chr2B","208188330","208188634","2","572807"
"chr2B","208828135","208828433","chr2B","208256751","208257063","14","571384"
"chr2B","208830882","208831186","chr1","10063605","10063905","41","198767277"
"chr2B","208852962","208853143","chr2B","208281343","208281525","8","571619"
"chr2B","208895354","208895577","chr2B","208323833","208324056","2","571521"
"chr2B","208913195","208913490","chr2B","208342028","208342325","2","571167"
"chr2B","208985951","208986252","chr2B","208416390","208416692","2","569561"
"chr2B","209037349","209037633","chr2B","208468703","208469000","13","568646"
"chr2B","209049210","209049510","chr2B","208480569","208480868","1","568641"
"chr2B","209084289","209084467","chr8","84376358","84376535","43","124707931"
"chr2B","209182272","209182572","chr2B","208611976","208612276","2","570296"
"chr2B","209185837","209186012","chr1","12099448","12099619","27","197086389"
"chr2B","209232121","209232194","chr14","100673591","100673682","24","108558530"
"chr2B","209348465","209348750","chr9","33729184","33729467","37","175619281"
"chr2B","209409066","209409344","chr2B","208843361","208843639","1","565705"
"chr2B","210082081","210082388","chr12","120337825","120338129","36","89744256"
"chr2B","210152274","210152562","chr2B","209597707","209597999","5","554567"
"chr2B","210159924","210160232","chr2B","209605367","209605675","3","554557"
"chr2B","210352336","210352642","chr2B","209800003","209800314","7","552333"
"chr2B","210440431","210440724","chr2B","209893068","209893374","22","547363"
"chr2B","210476759","210477057","chr2B","209929469","209929767","2","547290"
"chr2B","210687803","210688103","chr2B","210141736","210142036","1","546067"
"chr2B","210806395","210806690","chr2B","210262070","210262365","0","544325"
"chr2B","211004300","211004618","chr2B","210467096","210467410","8","537204"
"chr2B","211328959","211329250","chr2B","210799293","210799584","0","529666"
"chr2B","211355301","211355398","chr17","13332748","13332838","15","198022553"
"chr2B","211360508","211360805","chr2B","229467861","229468153","38","18107353"
"chr2B","211361691","211361793","chr3","181238196","181238292","31","30123495"
"chr2B","211391353","211391655","chr2B","210863625","210863928","4","527728"
"chr2B","211391986","211392143","chr6","160207566","160207725","28","51184420"
"chr2B","211392666","211392975","chr2B","210864941","210865244","7","527725"
"chr2B","211400357","211400541","chr2B","210872618","210872807","5","527739"
"chr2B","211437152","211437228","chr11","8774884","8774956","24","202662268"
"chr2B","211460041","211460331","chr2B","210934577","210934872","8","525464"
"chr2B","211512460","211512537","chr14","100673591","100673682","22","110838869"
"chr2B","211520756","211521051","chr2B","210995484","210995779","0","525272"
"chr2B","211523501","211523762","chr3","199688362","199688614","43","11835139"
"chr2B","211534620","211534924","chr2B","211009838","211010133","9","524782"
"chr2B","211540407","211540699","chr2B","211015457","211015750","1","524950"
"chr2B","211558253","211558554","chr2B","211033479","211033780","9","524774"
"chr2B","211570218","211570287","chr12","116998905","116998970","17","94571313"
"chr2B","211576380","211576679","chr12","45874078","45874367","50","165702302"
"chr2B","211580601","211580888","chr2B","211056585","211056861","23","524016"
"chr2B","211724944","211725260","chr1","205128378","205128683","55","6596566"
"chr2B","211904532","211904661","chr8","26723415","26723536","25","185181117"
"chr2B","212071643","212071920","chr2B","211549600","211549877","1","522043"
"chr2B","212411775","212411921","chr11","130714025","130714175","30","81697750"
"chr2B","212899855","212900156","chr16","5613497","5613803","53","207286358"
"chr2B","212952828","212953094","chr2B","212434970","212435219","17","517858"
"chr2B","212967270","212967573","chr2B","212449924","212450234","7","517346"
"chr2B","213035534","213035772","chr17","81370742","81370983","29","131664792"
"chr2B","213060626","213060936","chr2B","212548342","212548649","6","512284"
"chr2B","213062640","213062963","chr2B","212550354","212550679","4","512286"
"chr2B","213067191","213067486","chr3","9743221","9743514","34","203323970"
"chr2B","213069764","213070072","chr2B","212558785","212559084","12","510979"
"chr2B","213088445","213088740","chr2B","212574633","212574929","1","513812"
"chr2B","213107894","213108166","chr2B","212594113","212594410","47","513781"
"chr2B","213123230","213123458","chr11","72841716","72841946","45","140281514"
"chr2B","213230192","213230478","chr2B","212722041","212722327","1","508151"
"chr2B","213319742","213320012","chr2B","212812212","212812483","1","507530"
"chr2B","213320931","213321230","chr11","109891460","109891759","37","103429471"
"chr2B","213330064","213330361","chr2B","212822542","212822842","3","507522"
"chr2B","213393798","213394102","chr2B","212888419","212888723","5","505379"
"chr2B","213429225","213429535","chr2B","212925060","212925370","1","504165"
"chr2B","213458865","213459135","chr12","130471248","130471504","41","82987617"
"chr2B","213513564","213513855","chr2B","213021947","213022237","1","491617"
"chr2B","213549583","213549754","chr3","145547243","145547422","29","68002340"
"chr2B","213609469","213609767","chr1","140080772","140081067","33","73528697"
"chr2B","213612005","213612167","chr2B","213125164","213125326","0","486841"
"chr2B","213633289","213633593","chr2B","213150332","213150638","3","482957"
"chr2B","213734443","213734710","chr2B","213251275","213251542","1","483168"
"chr2B","213987934","213988239","chr1","72891326","72891625","40","141096608"
"chr2B","214052127","214052332","chr3","115155745","115155935","43","98896382"
"chr2B","214093630","214093928","chr2B","213611126","213611423","4","482504"
"chr2B","214445260","214445543","chr2B","213675873","213676157","10","769387"
"chr2B","214885117","214885433","chr2B","214126003","214126319","2","759114"
"chr2B","214999899","215000000","chr20","16652596","16652702","24","198347303"
"chr2B","215288056","215288341","chr2B","214534476","214534761","0","753580"
"chr2B","215306285","215306386","chr12","12586014","12586108","23","202720271"
"chr2B","215359176","215359472","chr5","58949750","58950048","42","156409426"
"chr2B","215533125","215533341","chr2B","214782992","214783209","2","750133"
"chr2B","215612215","215612524","chr2B","214862616","214862922","5","749599"
"chr2B","215757239","215757502","chr2B","215008597","215008866","7","748642"
"chr2B","215884016","215884281","chr2B","215136753","215137026","9","747263"
"chr2B","215981149","215981447","chr2B","215234909","215235208","1","746240"
"chr2B","216141497","216141781","chr2B","215413626","215413912","4","727871"
"chr2B","216293907","216294203","chr2B","215568662","215568959","4","725245"
"chr2B","216391915","216392196","chr2B","215666783","215667064","0","725132"
"chr2B","216805338","216805632","chr2B","216089716","216090022","19","715622"
"chr2B","216810628","216810895","chr2B","216095056","216095319","12","715572"
"chr2B","216993050","216993325","chr2B","216196004","216196281","3","797046"
"chr2B","217036463","217036754","chr11","46522110","46522405","41","170514353"
"chr2B","217324791","217325091","chr2B","216530334","216530633","2","794457"
"chr2B","217651594","217651885","chr2B","216862089","216862388","9","789505"
"chr2B","217975022","217975325","chr2B","217189688","217189990","4","785334"
"chr2B","218105667","218105988","chr2B","217323104","217323431","8","782563"
"chr2B","218146043","218146359","chr2B","217364326","217364646","4","781717"
"chr2B","218163510","218163736","chr2B","217381804","217382032","3","781706"
"chr2B","218805864","218805952","chr14","100673591","100673682","20","118132273"
"chr2B","218867904","218868091","chr6","152904782","152904966","38","65963122"
"chr2B","218958862","218958954","chr3","181238196","181238292","27","37720666"
"chr2B","218995622","218995929","chr2B","218232409","218232717","1","763213"
"chr2B","219003167","219003468","chr2B","218239972","218240274","1","763195"
"chr2B","219162802","219163099","chr2B","218400903","218401200","5","761899"
"chr2B","219192267","219192572","chr2B","218430404","218430708","6","761863"
"chr2B","219222533","219222838","chr2B","218460764","218461065","4","761769"
"chr2B","219267526","219267817","chr2B","218508027","218508319","2","759499"
"chr2B","219438009","219438314","chr2B","218680259","218680564","2","757750"
"chr2B","219678410","219678604","chr2B","218919354","218919548","4","759056"
"chr2B","219713585","219713711","chr5","61543450","61543577","33","158170135"
"chr2B","219729725","219730033","chr2B","218971597","218971894","15","758128"
"chr2B","219790396","219790496","chr1","87599106","87599219","28","132191290"
"chr2B","219816623","219816811","chr2B","219060539","219060726","6","756084"
"chr2B","219931835","219931947","chr3","181238196","181238292","32","38693639"
"chr2B","220015004","220015281","chr2B","219269553","219269830","6","745451"
"chr2B","220284936","220285132","chr19","835919","836108","32","219449017"
"chr2B","220302656","220302943","chr2B","219564043","219564330","3","738613"
"chr2B","220335431","220335720","chr2B","219598403","219598692","1","737028"
"chr2B","220367200","220367511","chr16","63236915","63237222","33","157130285"
"chr2B","220384606","220384835","chrX","41391610","41391836","47","178992996"
"chr2B","220640242","220640537","chr2B","219913061","219913356","2","727181"
"chr2B","220734365","220734492","chr1","29278377","29278505","13","191455988"
"chr2B","220751858","220752155","chr11","109891460","109891759","27","110860398"
"chr2B","220816081","220816380","chr2B","220096513","220096812","1","719568"
"chr2B","221141927","221142243","chr2B","220313818","220314126","25","828109"
"chr2B","221242547","221242639","chr12","12586014","12586108","15","208656533"
"chr2B","221330298","221330593","chr2B","220509578","220509876","4","820720"
"chr2B","221472851","221473158","chr1","209310576","209310883","39","12162275"
"chr2B","221569309","221569407","chr14","100673591","100673682","25","120895718"
"chr2B","221650668","221650966","chr2B","220814274","220814573","1","836394"
"chr2B","221665941","221666226","chr2B","220829577","220829862","7","836364"
"chr2B","221868930","221869048","chr2B","199271339","199271453","28","22597591"
"chr2B","221885558","221885784","chr2B","221052405","221052631","0","833153"
"chr2B","221902617","221902933","chr4","161012979","161013293","57","60889638"
"chr2B","221906776","221906924","chr2B","221074680","221074848","24","832096"
"chr2B","221915059","221915353","chr3","188317272","188317569","46","33597787"
"chr2B","221940116","221940272","chr1","132328666","132328819","27","89611450"
"chr2B","221948295","221948470","chr19","12415182","12415357","31","209533113"
"chr2B","222095566","222095882","chr2B","221262309","221262612","16","833257"
"chr2B","222101214","222101488","chr2B","221267928","221268202","0","833286"
"chr2B","222183946","222184259","chr2B","221352927","221353242","11","831019"
"chr2B","222288800","222288927","chr21","2516680","2516816","24","219772120"
"chr2B","222345385","222345690","chr8","128562347","128562651","55","93783038"
"chr2B","222345701","222346009","chr2B","221517211","221517517","3","828490"
"chr2B","222355889","222355964","chr6","11395990","11396054","30","210959899"
"chr2B","222362617","222362727","chrX","140109916","140110033","23","82252701"
"chr2B","222446266","222446400","chr13","22694842","22694978","26","199751424"
"chr2B","222469882","222470172","chr2B","221642488","221642781","3","827394"
"chr2B","222510396","222510408","chr1","28547144","28547162","8","193963252"
"chr2B","222510717","222510828","chr2B","205936995","205937106","31","16573722"
"chr2B","222572734","222572820","chr8","46091691","46091777","19","176481043"
"chr2B","222631077","222631214","chr8","24630008","24630158","30","198001069"
"chr2B","222661972","222662122","chrX","19560856","19561004","22","203101116"
"chr2B","222777541","222777841","chr2B","221954452","221954744","11","823089"
"chr2B","222944859","222945160","chr2B","222122171","222122475","6","822688"
"chr2B","222989567","222989661","chr13","24059413","24059502","23","198930154"
"chr2B","223122502","223122795","chr2B","222305194","222305488","4","817308"
"chr2B","223189721","223189948","chr2B","222377003","222377223","8","812718"
"chr2B","223846679","223846988","chr2B","223037975","223038282","6","808704"
"chr2B","223924098","223924232","chr16","73743066","73743197","35","150181032"
"chr2B","224030860","224031120","chr2B","223227511","223227786","17","803349"
"chr2B","224086678","224086834","chrX","65801999","65802155","28","158284679"
"chr2B","224108203","224108412","chr2B","223306325","223306574","40","801878"
"chr2B","224108513","224108822","chr2B","223306676","223306987","4","801837"
"chr2B","224165870","224166101","chr2B","223365447","223365678","8","800423"
"chr2B","224204188","224204486","chr2B","223404159","223404467","11","800029"
"chr2B","224244779","224244998","chr3","54142975","54143194","35","170101804"
"chr2B","224264773","224265062","chr2B","223468172","223468461","4","796601"
"chr2B","224354243","224354533","chr2B","223562738","223563028","5","791505"
"chr2B","224406236","224406334","chr17","13332748","13332838","19","211073488"
"chr2B","224411503","224411813","chr2B","223620424","223620732","5","791079"
"chr2B","224433682","224433873","chr20","25373433","25373622","36","199060249"
"chr2B","224439121","224439312","chr11","24500003","24500188","40","199939118"
"chr2B","224443787","224444057","chr2B","223652778","223653048","1","791009"
"chr2B","224452564","224452835","chr2B","223661958","223662229","0","790606"
"chr2B","224458183","224458227","chr3","12945284","12945334","12","211512899"
"chr2B","224473071","224473370","chr9","33432982","33433280","34","191040089"
"chr2B","224474707","224475002","chr2B","223684910","223685205","0","789797"
"chr2B","224565242","224565537","chr2B","223779653","223779950","5","785589"
"chr2B","224584339","224584431","chr14","100673591","100673682","22","123910748"
"chr2B","224621064","224621252","chr2B","223836886","223837092","19","784178"
"chr2B","224629118","224629415","chr2B","223844954","223845252","2","784164"
"chr2B","224663140","224663443","chr2B","223879089","223879391","2","784051"
"chr2B","224681270","224681525","chr2B","223897220","223897479","5","784050"
"chr2B","224685237","224685541","chr2B","223901446","223901754","6","783791"
"chr2B","224777420","224777718","chr2B","223997173","223997470","17","780247"
"chr2B","224817770","224817900","chr1","27773718","27773848","11","197044052"
"chr2B","224888095","224888404","chr2B","224115140","224115449","2","772955"
"chr2B","224891018","224891109","chr3","181238196","181238292","25","43652822"
"chr2B","225002512","225002790","chr2B","224229389","224229644","23","773123"
"chr2B","225038324","225038629","chr4","154294946","154295244","35","70743378"
"chr2B","225074952","225075252","chr13","30185139","30185437","39","194889813"
"chr2B","225105715","225106017","chr4","26191985","26192283","21","198913730"
"chr2B","225121597","225121726","chr16","73743066","73743197","32","151378531"
"chr2B","225238355","225238635","chr2B","224472770","224473053","10","765585"
"chr2B","225303914","225304224","chr2B","224539943","224540252","3","763971"
"chr2B","225350099","225350263","chr1","214731048","214731212","31","10619051"
"chr2B","225394126","225394403","chr2B","224630072","224630352","8","764054"
"chr2B","225561156","225561448","chr2B","224798471","224798764","9","762685"
"chr2B","225821094","225821389","chr2B","225061121","225061417","2","759973"
"chr2B","225832018","225832311","chr3","173983076","173983369","52","51848942"
"chr2B","225975533","225975841","chr2B","225218349","225218657","2","757184"
"chr2B","225989052","225989346","chr2B","225231869","225232162","1","757183"
"chr2B","226071938","226072211","chr2B","225315038","225315311","1","756900"
"chr2B","226290847","226291139","chr2B","225539144","225539443","8","751703"
"chr2B","226626234","226626472","chr2B","225876133","225876372","2","750101"
"chr2B","226667334","226667616","chr6","33920030","33920307","41","192747304"
"chr2B","226677631","226677935","chr3","135755627","135755932","33","90922004"
"chr2B","226704905","226705132","chr2B","225956545","225956772","0","748360"
"chr2B","226732673","226732998","chr2B","225984688","225984998","28","747985"
"chr2B","226748905","226749201","chr2B","226001132","226001430","2","747773"
"chr2B","226977182","226977485","chr2B","226228538","226228844","4","748644"
"chr2B","227261453","227261604","chr7","150256204","150256349","21","77005249"
"chr2B","227261625","227261904","chr2B","226515785","226516090","28","745840"
"chr2B","227268102","227268243","chr2B","226522304","226522446","3","745798"
"chr2B","227384668","227384976","chr15","56327088","56327393","45","171057580"
"chr2B","227463432","227463763","chr2B","226719207","226719555","32","744225"
"chr2B","227504761","227504896","chr7","156274717","156274856","28","71230044"
"chr2B","227690222","227690514","chr2B","226948604","226948903","9","741618"
"chr2B","227697976","227698263","chr2B","226956369","226956657","2","741607"
"chr2B","227738332","227738424","chr14","100673591","100673682","18","127064741"
"chr2B","227897721","227898037","chr2B","227158423","227158738","4","739298"
"chr2B","228231472","228231576","chr3","181143385","181143493","22","47088087"
"chr2B","228251981","228252148","chr2B","227529970","227530143","7","722011"
"chr2B","228301558","228301690","chr2B","227579190","227579322","0","722368"
"chr2B","228321468","228321591","chr5","172392908","172393028","25","55928560"
"chr2B","228371804","228372101","chr2B","227649961","227650269","12","721843"
"chr2B","228489120","228489410","chr2B","227767991","227768281","0","721129"
"chr2B","228569053","228569180","chr2B","227850726","227850853","0","718327"
"chr2B","228647306","228647577","chr2B","227931086","227931359","16","716220"
"chr2B","228895171","228895466","chr2B","228184558","228184852","12","710613"
"chr2B","228903275","228903570","chr2B","228192665","228192963","10","710610"
"chr2B","228927891","228928134","chr2A","96563388","96563634","58","132364503"
"chr2B","229237134","229237216","chr13","24059413","24059502","20","205177721"
"chr2B","229397784","229397889","chr2B","142240066","142240170","31","87157718"
"chr2B","229499872","229500000","chr9","122440275","122440408","27","107059597"
"chr2B","229516288","229516399","chr2B","199271339","199271453","25","30244949"
"chr2B","229643204","229643483","chr2B","228927804","228928084","1","715400"
"chr2B","229673314","229673595","chr2B","228958158","228958431","9","715156"
"chr2B","229682039","229682212","chr11","124492028","124492191","33","105190011"
"chr2B","229805781","229806072","chr2B","229093697","229093988","1","712084"
"chr2B","229965155","229965437","chr2B","229257503","229257787","4","707652"
"chr2B","230076475","230076753","chr3","59085256","59085513","63","170991219"
"chr2B","230118691","230118942","chr2B","229411563","229411814","3","707128"
"chr2B","230174331","230174646","chr2B","229467255","229467571","3","707076"
"chr2B","230174936","230175227","chr2B","229467861","229468153","5","707075"
"chr2B","230216292","230216522","chr15","18510358","18510589","51","211705934"
"chr2B","230404845","230405139","chr2B","229711595","229711890","2","693250"
"chr2B","230412955","230413229","chr14","91673762","91674031","55","138739193"
"chr2B","230446614","230446900","chr2B","229756073","229756359","2","690541"
"chr2B","230497791","230498058","chr4","73184066","73184332","57","157313725"
"chr2B","230790559","230790842","chr2B","230107570","230107854","1","682989"
"chr2B","230908516","230908821","chr2B","230227076","230227379","10","681440"
"chr2B","231025985","231026106","chr9","69573837","69573962","23","161452148"
"chr2B","231366592","231366730","chr19","61741211","61741358","31","169625381"
"chr2B","231522365","231522645","chrX","47844690","47844969","30","183677675"
"chr2B","231611176","231611482","chr2B","230694552","230694862","9","916624"
"chr2B","231829133","231829431","chr2B","230913953","230914254","5","915180"
"chr2B","231964762","231965056","chr2B","231051495","231051794","8","913267"
"chr2B","232122755","232123059","chr8","38811840","38812147","48","193310915"
"chr2B","232291274","232291376","chr2B","205936995","205937106","32","26354279"
"chr2B","232295796","232295860","chr1","33246348","33246407","23","199049448"
"chr2B","232329410","232329529","chr5","172392908","172393028","21","59936502"
"chr2B","232679421","232679630","chr5","166445214","166445416","45","66234207"
"chr2B","232834377","232834667","chr2B","231930384","231930674","1","903993"
"chr2B","233073006","233073187","chr16","9108887","9109058","48","223964119"
"chr2B","233346852","233347156","chr2B","128609759","128610061","34","104737093"
"chr2B","233497413","233497591","chr15","25954721","25954896","35","207542692"
"chr2B","233564792","233565072","chr2B","232673386","232673667","1","891406"
"chr2B","233620169","233620452","chr1","27017889","27018169","22","206602280"
"chr2B","233656727","233657022","chr2B","232765645","232765941","5","891082"
"chr2B","233697140","233697433","chr2B","232806134","232806428","2","891006"
"chr2B","233768438","233768762","chr2B","232885201","232885493","38","883237"
"chr2B","233794281","233794412","chr1","46484701","46484838","20","187309580"
"chr2B","233801467","233801544","chr20","4894744","4894814","21","228906723"
"chr2B","233819674","233819967","chr2B","232938056","232938351","5","881618"
"chr2B","233821242","233821364","chr2B","232939597","232939725","8","881645"
"chr2B","233880323","233880619","chr2B","232999664","232999959","1","880659"
"chr2B","233942344","233942622","chr2B","233062715","233062994","1","879629"
"chr2B","233961514","233961648","chr2A","32693701","32693835","24","201267813"
"chr2B","234180539","234180843","chr2B","233313123","233313428","2","867416"
"chr2B","234363121","234363410","chr9","94146836","94147127","32","140216285"
"chr2B","234398769","234399076","chr2B","233535463","233535772","2","863306"
"chr2B","234401363","234401474","chr2B","205936995","205937106","25","28464368"
"chr2B","234418186","234418483","chr2B","233555483","233555781","3","862703"
"chr2B","234451620","234451902","chr2B","233588896","233589185","7","862724"
"chr2B","235062169","235062345","chr2B","234224305","234224495","22","837864"
"chr2B","235186053","235186361","chr2B","234350900","234351216","20","835153"
"chr2B","235603516","235603793","chr12","90601327","90601604","29","145002189"
"chr2B","235715362","235715487","chr5","172392908","172393028","30","63322454"
"chr2B","235861737","235861996","chr2B","235044699","235044958","1","817038"
"chr2B","235915514","235915631","chr5","172392908","172393028","29","63522606"
"chr2B","235926530","235926819","chr17","3965917","3966190","68","231960613"
"chr2B","235985959","235986233","chr2B","235171198","235171478","8","814761"
"chr2B","235994751","235994979","chr2B","235181125","235181356","5","813626"
"chr2B","236019222","236019523","chr2B","235206770","235207070","5","812452"
"chr2B","236099141","236099442","chr2B","235290315","235290613","12","808826"
"chr2B","236109299","236109442","chr2A","32693701","32693835","27","203415598"
"chr2B","236110773","236111071","chr18","19927463","19927762","31","216183310"
"chr2B","236285434","236285723","chr2B","235477794","235478083","1","807640"
"chr2B","236381640","236381755","chr2B","199271339","199271453","22","37110301"
"chr2B","236425234","236425513","chr2B","235615913","235616192","1","809321"
"chr2B","236461351","236461644","chr2B","235652020","235652315","3","809331"
"chr2B","236607297","236607521","chr7","14497974","14498190","51","222109323"
"chr2B","236616874","236617175","chr2B","235808610","235808912","4","808264"
"chr2B","236690787","236691066","chr2B","235884550","235884847","19","806237"
"chr2B","236699053","236699278","chr2B","235894939","235895165","1","804114"
"chr2B","236709120","236709429","chr2B","235907359","235907670","11","801761"
"chr2B","236760529","236760662","chr10","85846154","85846274","42","150914375"
"chr2B","236761379","236761689","chrX","100689108","100689413","35","136072271"
"chr2B","236851196","236851484","chr2B","236051358","236051647","1","799838"
"chr2B","236865560","236865851","chr13","30185139","30185437","46","206680421"
"chr2B","236882908","236883206","chr2B","236084712","236085013","4","798196"
"chr2B","236940172","236940470","chr2B","236143021","236143324","6","797151"
"chr2B","236949892","236950203","chr2B","236152744","236153052","5","797148"
"chr2B","236974897","236975196","chr2B","236177722","236178025","8","797175"
"chr2B","236989302","236989603","chr2B","236192121","236192423","1","797181"
"chr2B","237004649","237004933","chr12","100441721","100442008","35","136562928"
"chr2B","237038588","237038886","chr3","188317272","188317569","33","48721316"
"chr2B","237062584","237062875","chr2B","236269249","236269541","2","793335"
"chr2B","237066268","237066357","chr1","160944586","160944680","16","76121682"
"chr2B","237194815","237195116","chr2B","236403597","236403898","2","791218"
"chr2B","237207442","237207571","chr12","45595653","45595772","26","191611789"
"chr2B","237220544","237220805","chr2B","236429753","236430014","1","790791"
"chr2B","237246319","237246416","chr1","160944586","160944680","19","76301733"
"chr2B","237290126","237290429","chr1","12210194","12210505","41","225079932"
"chr2B","237292333","237292433","chr20","16652596","16652702","24","220639737"
"chr2B","237317829","237318139","chr2B","236530428","236530737","4","787401"
"chr2B","237352203","237352347","chr1","20767343","20767488","18","216584860"
"chr2B","237352353","237352654","chr2B","236567057","236567363","8","785296"
"chr2B","237353471","237353766","chr1","129337688","129337979","48","108015783"
"chr2B","237377451","237377755","chr2B","236592292","236592603","11","785159"
"chr2B","237403827","237403947","chr5","172392908","172393028","21","65010919"
"chr2B","237406659","237406948","chr2B","236622313","236622603","1","784346"
"chr2B","237484744","237485037","chr2B","236706117","236706432","23","778627"
"chr2B","237495106","237495205","chr3","181238196","181238292","28","56256910"
"chr2B","237515406","237515511","chr6","159074849","159074952","23","78440557"
"chr2B","237608377","237608678","chr9","84342296","84342594","40","153266081"
"chr2B","237619433","237619672","chr7","71513701","71513967","68","166105732"
"chr2B","237650757","237651039","chr2B","236873508","236873790","0","777249"
"chr2B","237659749","237660034","chr2B","236882707","236883004","16","777042"
"chr2B","237663929","237664220","chr2B","236881132","236881423","4","782797"
"chr2B","237679075","237679236","chr1","109472862","109473018","29","128206213"
"chr2B","237682570","237682851","chr11","60820181","60820460","31","176862389"
"chr2B","237691451","237691761","chr2B","236913510","236913817","5","777941"
"chr2B","237727652","237727950","chr2B","236951186","236951485","4","776466"
"chr2B","237733777","237734014","chr2B","236956764","236957001","2","777013"
"chr2B","237768155","237768450","chr2B","236986061","236986356","2","782094"
"chr2B","237881611","237881754","chr2A","32693701","32693835","32","205187910"
"chr2B","237994187","237994487","chr2B","237215897","237216195","3","778290"
"chr2B","238060825","238060910","chr2B","237282769","237282854","2","778056"
"chr2B","238085905","238086004","chr1","160944586","160944680","18","77141319"
"chr2B","238147032","238147320","chr2B","237366471","237366760","1","780561"
"chr2B","238262673","238262982","chr2B","237481613","237481929","13","781060"
"chr2B","238283830","238284104","chr2B","237502753","237503060","34","781077"
"chr2B","238381321","238381375","chr19","783168","783226","13","237598153"
"chr2B","238578941","238579095","chr12","33454860","33455009","34","205124081"
"chr2B","238603274","238603439","chr2B","237671179","237671347","3","932095"
"chr2B","238754854","238754952","chr17","36512962","36513060","5","202241892"
"chr2B","238801934","238802116","chr10","20168873","20169049","29","218633061"
"chr2B","238815020","238815176","chr20","5858157","5858312","32","232956863"
"chr2B","238823901","238823988","chr8","46091691","46091777","20","192732210"
"chr2B","238835118","238835177","chr1","33246348","33246407","20","205588770"
"chr2B","238851647","238851715","chr1","6845219","6845273","31","232006428"
"chr2B","238861115","238861333","chrX","24383575","24383810","61","214477540"
"chr2B","238998102","238998390","chr2B","238072433","238072723","8","925669"
"chr2B","239164169","239164462","chr2B","238241830","238242127","4","922339"
"chr2B","239209774","239210061","chr5","45969042","45969330","34","193240732"
"chr2B","239229442","239229734","chr2B","238303474","238303766","1","925968"
"chr2B","239308784","239309099","chr2B","238402256","238402567","11","906528"
"chr2B","239438439","239438738","chr10","35439711","35440016","67","203998728"
"chr2B","239490549","239490850","chr2B","238590032","238590335","8","900517"
"chr2B","239504738","239504837","chr12","12586014","12586108","18","226918724"
"chr2B","239522630","239522929","chr4","22394086","22394382","34","217128544"
"chr2B","239543969","239544256","chr2B","238643552","238643841","4","900417"
"chr2B","239614932","239615222","chr18","27229273","27229564","39","212385659"
"chr2B","239623360","239623657","chr2B","238724277","238724577","4","899083"
"chr2B","239676601","239676820","chr2B","238777429","238777648","0","899172"
"chr2B","239695136","239695349","chr2B","238796286","238796499","1","898850"
"chr2B","239708602","239708911","chr2B","238809900","238810209","1","898702"
"chr2B","239808406","239808709","chr2B","238911631","238911934","1","896775"
"chr2B","240260838","240261129","chr2B","239374559","239374856","8","886279"
"chr2B","240288697","240288826","chr4","51557575","51557711","24","188731122"
"chr2B","240290450","240290744","chr2B","239404238","239404533","2","886212"
"chr2B","240296773","240296844","chr6","11395990","11396054","30","228900783"
"chr2B","240310435","240310722","chr2B","239424232","239424521","5","886203"
"chr2B","240345669","240345973","chr2B","239461540","239461845","2","884129"
"chr2B","240372194","240372501","chr2B","239491002","239491316","14","881192"
"chr2B","240390337","240390622","chr2B","239509145","239509430","1","881192"
"chr2B","240398433","240398732","chr2B","239517901","239518204","4","880532"
"chr2B","240466537","240466866","chr2B","239582660","239582970","30","883877"
"chr2B","240475506","240475631","chr2B","239591586","239591711","0","883920"
"chr2B","240479316","240479588","chr14","88804647","88804931","49","151674669"
"chr2B","240512114","240512422","chr2B","239628208","239628518","9","883906"
"chr2B","240672762","240673066","chr2B","239792252","239792556","0","880510"
"chr2B","240690828","240690995","chr2B","239811050","239811219","2","879778"
"chr2B","241013126","241013404","chr2B","240143009","240143308","22","870117"
"chr2B","241016321","241016489","chr2B","240146225","240146394","2","870096"
"chr2B","241130450","241130700","chr2B","240263975","240264225","3","866475"
"chr2B","241158281","241158576","chr2B","240291869","240292164","2","866412"
"chr2B","241351011","241351275","chr2B","240483670","240483941","8","867341"
"chr2B","241405066","241405362","chr2B","240541549","240541842","12","863517"
"chr2B","241486218","241486527","chr2B","240622620","240622929","0","863598"
"chr2B","241544908","241545087","chr11","48130487","48130657","44","193414421"
"chr2B","241659519","241659742","chr2B","240800534","240800759","4","858985"
"chr2B","241700675","241700975","chr2B","240841608","240841902","7","859067"
"chr2B","241721185","241721306","chr5","172392908","172393028","30","69328277"
"chr2B","241775626","241775929","chr12","14096375","14096677","31","227679251"
"chr2B","241863713","241863819","chr2B","199271339","199271453","24","42592374"
"chr2B","241962356","241962657","chr8","45606114","45606411","34","196356242"
"chr2B","242036270","242036382","chr19","3496844","3496957","37","238539426"
"chr2B","242039668","242039789","chr5","172392908","172393028","27","69646760"
"chr2B","242041556","242041862","chr8","101270435","101270729","54","140771121"
"chr2B","242097757","242098053","chr2B","241246137","241246433","1","851620"
"chr2B","242116658","242116946","chr19","42856292","42856575","38","199260366"
"chr2B","242177019","242177320","chr11","19846296","19846594","40","222330723"
"chr2B","242177330","242177613","chr2B","241325548","241325857","26","851782"
"chr2B","242189527","242189752","chr2B","241338085","241338314","5","851442"
"chr2B","242195681","242196003","chr2B","241344237","241344549","17","851444"
"chr2B","242274560","242274844","chr20","18078632","18078928","51","224195928"
"chr2B","242652980","242653265","chr2B","241814306","241814592","4","838674"
"chr2B","242750466","242750765","chr2B","241912035","241912340","13","838431"
"chr2B","243178908","243179196","chr2B","242351997","242352285","1","826911"
"chr2B","243356413","243356719","chr2B","242531998","242532300","5","824415"
"chr2B","243504366","243504668","chr2B","242682128","242682433","6","822238"
"chr2B","243513537","243513832","chr18","27229273","27229564","38","216284264"
"chr2B","243862208","243862498","chr2B","243032522","243032822","11","829686"
"chr2B","243862526","243862815","chr3","66876788","66877085","39","176985738"
"chr2B","243895975","243896252","chr2B","243065845","243066122","2","830130"
"chr2B","243983146","243983443","chr7","31824718","31825015","33","212158428"
"chr2B","243991167","243991260","chr22","33938435","33938535","15","210052732"
"chr2B","244016261","244016567","chr2B","243187295","243187603","4","828966"
"chr2B","244056892","244057020","chr9","122440275","122440408","22","121616617"
"chr2B","244101318","244101441","chr8","26723415","26723536","26","217377903"
"chr2B","244104909","244105023","chr20","16652596","16652702","25","227452313"
"chr2B","244177357","244177661","chr2B","243352520","243352824","2","824837"
"chr2B","244300867","244301103","chr1","10956435","10956669","29","233344432"
"chr2B","244436083","244436371","chr2B","243614939","243615245","21","821144"
"chr2B","244465754","244466031","chr2B","243644836","243645117","6","820918"
"chr2B","244589315","244589615","chr2B","243774692","243774997","7","814623"
"chr2B","244695750","244696046","chr2B","243887059","243887358","6","808691"
"chr2B","244949829","244950074","chr2B","244150149","244150395","6","799680"
"chr2B","245972100","245972410","chr2B","245241466","245241776","6","730634"
"chr2B","246158215","246158321","chr5","172392908","172393028","35","73765307"
"chr2B","246362140","246362247","chr19","57751584","57751683","26","188610556"
"chr2B","246548478","246548771","chr2B","245839982","245840276","2","708496"
"chr2B","246871450","246871742","chr2B","246141988","246142280","6","729462"
"chr2B","246903889","246904174","chr12","26797762","26798058","54","220106127"
"chr2B","246914005","246914297","chr4","189474470","189474765","40","57439535"
"chr2B","247080785","247081087","chr2B","246347510","246347811","3","733275"
"chr2B","247082553","247082813","chrX","1534216","1534474","28","245548337"
"chr2B","247160657","247160958","chr2B","246430088","246430389","3","730569"
"chr2B","247181640","247181964","chr18","13180409","13180713","49","234001231"
"chr2B","247190761","247190879","chr19","3496844","3496957","22","243693917"
"chr2B","247251366","247251657","chr2B","246519750","246520041","2","731616"
"chr2B","247409762","247410073","chr2B","246680540","246680853","2","729222"
"chr2B","247436363","247436647","chr2B","246707684","246707968","0","728679"
"chr2B","247488432","247488557","chr8","26723415","26723536","30","220765017"
"chr2B","247515502","247515646","chr12","31939089","31939232","22","215576413"
"chr2B","247570297","247570336","chr14","73545453","73545498","14","174024844"
"chr2B","247596066","247596224","chr9","4951919","4952080","26","242644147"
"chr2B","247610242","247610525","chr14","88804647","88804931","44","158805595"
"chr2B","247635999","247636297","chr2B","246901917","246902215","1","734082"
"chr2B","247651607","247651754","chr1","213430388","213430540","23","34221219"
"chr2B","247680541","247680852","chr6","138446760","138447068","56","109233781"
"chr2B","247759685","247759986","chr13","48954932","48955233","37","198804753"
"chr2B","247761250","247761467","chr3","200711023","200711239","29","47050227"
"chr2B","247801877","247802027","chr2B","247074159","247074309","0","727718"
"chr2B","247814994","247815032","chrX","136591200","136591233","19","111223794"
"chrUn_NW_014014566v1","1094","1128","chr17","478093","478136","17","476999"
"chrUn_NW_014014604v1","300","402","chr3","181238196","181238292","28","181237896"
"chrUn_NW_014014710v1","944","1063","chr20","16652596","16652702","35","16651652"
"chrUn_NW_014014923v1","659","950","chr17","37150256","37150533","27","37149597"
"chrUn_NW_014014926v1","183","484","chr10","2379750","2380052","49","2379567"
"chrUn_NW_014014953v1","1038","1350","chr9","39480091","39480392","21","39479053"
"chrUn_NW_014014971v1","26864","27100","chr13","18243797","18244038","9","18216933"
"chrUn_NW_014015021v1","2","95","chr9","75000001","75000095","17","74999999"
"chrUn_NW_014015086v1","1","264","chr8","112274012","112274300","32","112274011"
"chrUn_NW_014015120v1","438","731","chr10","45764266","45764559","3","45763828"
"chrUn_NW_014015139v1","293","396","chr13","24059413","24059502","25","24059120"
"chrUn_NW_014015181v1","602","882","chr1","16458545","16458825","35","16457943"
"chrUn_NW_014015260v1","1","89","chr3","27665315","27665404","20","27665314"
"chrUn_NW_014015364v1","1","162","chr1","45049966","45050124","26","45049965"
"chrUn_NW_014015373v1","145","449","chr7","56756373","56756677","3","56756228"
"chrUn_NW_014015374v1","1","185","chr21","13902217","13902406","35","13902216"
"chrUn_NW_014015374v1","234","254","chr1","28547144","28547162","6","28546910"
"chrUn_NW_014015385v1","3765","3932","chr1","139636360","139636527","26","139632595"
"chrUn_NW_014015405v1","29","333","chrUn_GL393522","259462","259770","7","259433"
"chrUn_NW_014015410v1","8883","9152","chr7","71513701","71513967","4","71504818"
"chrUn_NW_014015410v1","20576","20690","chr2B","199271339","199271453","27","199250763"
"chrUn_NW_014015450v1","1","73","chr17","4261422","4261478","29","4261421"
"chrUn_NW_014015480v1","61","170","chr2A","62538961","62539069","21","62538900"
"chrUn_NW_014015509v1","37417","37611","chr5","52741078","52741271","39","52703661"
"chrUn_NW_014015527v1","12009","12321","chr2A","95704482","95704794","1","95692473"
"chrUn_NW_014015527v1","63131","63393","chr2A","95755577","95755843","18","95692446"
"chrUn_NW_014015547v1","1","82","chr16","30597942","30598029","19","30597941"
"chrUn_NW_014015556v1","770","997","chr2A","88264823","88265050","1","88264053"
"chrUn_NW_014015598v1","1047","1189","chr1","11780192","11780341","26","11779145"
"chrUn_NW_014015766v1","1228","1373","chr1","214242319","214242461","18","214241091"
"chrUn_NW_014015788v1","2","95","chr12","129753197","129753289","15","129753195"
"chrUn_NW_014015799v1","45528","45707","chr8","84018854","84019036","30","83973326"
"chrUn_NW_014015833v1","1531","1843","chr7","100852869","100853171","22","100851338"
"chrUn_NW_014015874v1","1386","1600","chrX","22098624","22098838","40","22097238"
"chrUn_NW_014015876v1","414","727","chr11","16764207","16764512","42","16763793"
"chrUn_NW_014015893v1","610","899","chr16","68313048","68313342","36","68312438"
"chrUn_NW_014015919v1","1","121","chr7","112797358","112797487","28","112797357"
"chrUn_NW_014015919v1","846","1140","chr19","3131101","3131397","3","3130255"
"chrUn_NW_014015926v1","18","238","chr19","7230411","7230632","44","7230393"
"chrUn_NW_014015950v1","30","324","chr1","27024456","27024760","11","27024426"
"chrUn_NW_014015975v1","323","616","chr5","37177597","37177892","3","37177274"
"chrUn_NW_014016097v1","1","174","chr21","29016060","29016232","20","29016059"
"chrUn_NW_014016106v1","1900","2197","chrX","281616","281912","11","279716"
"chrUn_NW_014016226v1","1149","1265","chr5","97898303","97898441","40","97897154"
"chrUn_NW_014016246v1","6","306","chr12","8079903","8080212","11","8079897"
"chrUn_NW_014016257v1","657","749","chr13","24059413","24059502","19","24058756"
"chrUn_NW_014016257v1","751","905","chr19","10435255","10435412","4","10434504"
"chrUn_NW_014016258v1","1","57","chr1","33246348","33246407","14","33246347"
"chrUn_NW_014016258v1","58","231","chr5","7083892","7084059","45","7083834"
"chrUn_NW_014016278v1","603","893","chr17","860083","860383","20","859480"
"chrUn_NW_014016278v1","961","1124","chr11","74831388","74831549","32","74830427"
"chrUn_NW_014016311v1","1","169","chr4","116465175","116465340","30","116465174"
"chrUn_NW_014016322v1","1159","1377","chr4","54079862","54080075","35","54078703"
"chrUn_NW_014016328v1","503","804","chr19","54551627","54551928","1","54551124"
"chrUn_NW_014016338v1","777","1070","chr6","110552134","110552427","34","110551357"
"chrUn_NW_014016386v1","2763","3035","chr22","43143911","43144188","36","43141148"
"chrUn_NW_014016421v1","332","412","chr14","100673591","100673682","18","100673259"
"chrUn_NW_014016445v1","276","407","chr11","62337631","62337761","18","62337355"
"chrUn_NW_014016446v1","569","779","chr10","77419390","77419599","39","77418821"
"chrUn_NW_014016452v1","1","238","chr2A","29503231","29503467","32","29503230"
"chrUn_NW_014016452v1","726","1020","chr3","136595042","136595336","38","136594316"
"chrUn_NW_014016460v1","1","202","chr5","52127333","52127532","35","52127332"
"chrUn_NW_014016490v1","1050","1141","chr14","100673591","100673682","15","100672541"
"chrUn_NW_014016502v1","5","205","chr14","103390998","103391195","31","103390993"
"chrUn_NW_014016504v1","18181","18484","chrUn_GL393554","45643","45950","15","27462"
"chrUn_NW_014016504v1","18647","18951","chrUn_GL393554","45178","45482","7","26531"
"chrUn_NW_014016504v1","28583","28680","chr14","100673591","100673682","22","100645008"
"chrUn_NW_014016505v1","278","369","chrX","63753","63844","0","63475"
"chrUn_NW_014016532v1","568","679","chr19","20014001","20014129","29","20013433"
"chrUn_NW_014016571v1","888","1014","chr9","122440275","122440408","32","122439387"
"chrUn_NW_014016574v1","1","143","chr2A","107195506","107195649","12","107195505"
"chrUn_NW_014016580v1","5","283","chr17","38616588","38616897","32","38616583"
"chrUn_NW_014016644v1","1","113","chr5","172392908","172393028","29","172392907"
"chrUn_NW_014016644v1","873","1016","chr16","52369926","52370074","35","52369053"
"chrUn_NW_014016651v1","837","1033","chr16","52126047","52126243","0","52125210"
"chrUn_NW_014016662v1","1","177","chr10","75758741","75758923","35","75758740"
"chrUn_NW_014016663v1","866","1001","chr8","112933585","112933727","30","112932719"
"chrUn_NW_014016672v1","824","962","chr1","28473465","28473606","29","28472641"
"chrUn_NW_014016677v1","40","208","chrUn_GL393590","256","432","11","216"
"chrUn_NW_014016687v1","455","763","chr20","30289837","30290143","9","30289382"
"chrUn_NW_014016725v1","1","99","chr9","80389825","80389922","23","80389824"
"chrUn_NW_014016725v1","332","626","chr19","12793963","12794259","8","12793631"
"chrUn_NW_014016821v1","170","462","chr7","161170867","161171159","4","161170697"
"chrUn_NW_014016853v1","32425","32732","chrX","136478519","136478829","3","136446094"
"chrUn_NW_014016909v1","1","119","chr5","172392908","172393028","23","172392907"
"chrUn_NW_014016974v1","667","975","chrX","29364097","29364407","38","29363430"
"chrUn_NW_014016995v1","1259","1540","chr15","72453836","72454117","34","72452577"
"chrUn_NW_014017002v1","139","425","chr5","156807292","156807580","38","156807153"
"chrUn_NW_014017020v1","1029","1319","chr17","74245212","74245506","36","74244183"
"chrUn_NW_014017038v1","26742","27059","chr11","727115","727427","52","700373"
"chrUn_NW_014017056v1","622","898","chr19","48426951","48427229","6","48426329"
"chrUn_NW_014017082v1","26791","27088","chrUn_GL393538","149293","149593","3","122502"
"chrUn_NW_014017109v1","6684","6851","chr11","116953864","116954039","38","116947180"
"chrUn_NW_014017111v1","1060","1327","chr4","121763882","121764149","2","121762822"
"chrUn_NW_014017116v1","749","846","chr14","100673591","100673682","25","100672842"
"chrUn_NW_014017118v1","677","768","chr3","181238196","181238292","25","181237519"
"chrUn_NW_014017137v1","1322","1469","chr4","113902899","113903048","24","113901577"
"chrUn_NW_014017165v1","83686","83970","chr1","160836790","160837080","42","160753104"
"chrUn_NW_014017165v1","90137","90439","chr4","68809147","68809451","37","68719010"
"chrUn_NW_014017165v1","163747","164053","chr3","28331707","28332012","30","28167960"
"chrUn_NW_014017165v1","244491","244594","chr12","12586014","12586108","18","12341523"
"chrUn_NW_014017165v1","330743","331039","chr19","63399124","63399421","28","63068381"
"chrUn_NW_014017165v1","382009","382292","chr5","61064932","61065217","34","60682923"
"chrUn_NW_014017165v1","626147","626286","chr2B","216519456","216519594","13","215893309"
"chrUn_NW_014017174v1","1403","1714","chr15","26164726","26165030","21","26163323"
"chrUn_NW_014017216v1","28378","28695","chr16","28036732","28037042","54","28008354"
"chrUn_NW_014017216v1","32245","32407","chr12","130463901","130464063","36","130431656"
"chrUn_NW_014017216v1","38313","38437","chr14","26439576","26439696","30","26401263"
"chrUn_NW_014017216v1","55845","56143","chr7","56546611","56546911","4","56490766"
"chrUn_NW_014017216v1","76284","76489","chr7","55510558","55510771","10","55434274"
"chrUn_NW_014017216v1","76519","76619","chr14","100673591","100673682","24","100597072"
"chrUn_NW_014017239v1","572","870","chr10","45764266","45764559","19","45763694"
"chrUn_NW_014017259v1","207","517","chr4","9203532","9203848","8","9203325"
"chrUn_NW_014017294v1","532","721","chr6","59253926","59254115","2","59253394"
"chrUn_NW_014017320v1","870","1004","chr6","36107768","36107898","19","36106898"
"chrUn_NW_014017320v1","1256","1407","chr9","15289702","15289841","36","15288446"
"chrUn_NW_014017330v1","25496","25804","chr18","1932632","1932946","7","1907136"
"chrUn_NW_014017330v1","72008","72304","chr7","4812732","4813028","45","4740724"
"chrUn_NW_014017332v1","940","1074","chr3","27869019","27869149","21","27868079"
"chrUn_NW_014017332v1","1332","1495","chr5","172387444","172387598","34","172386112"
"chrUn_NW_014017366v1","4527","4834","chr11","68078223","68078527","48","68073696"
"chrUn_NW_014017366v1","12340","12488","chr8","67933944","67934092","23","67921604"
"chrUn_NW_014017385v1","668","977","chr18","2150773","2151082","2","2150105"
"chrUn_NW_014017406v1","926","1004","chrUn_GL394969","1","77","8","925"
"chrUn_NW_014017452v1","287","570","chr3","115838990","115839270","39","115838703"
"chrUn_NW_014017454v1","1696","1994","chr14","47911057","47911352","39","47909361"
"chrUn_NW_014017486v1","602","782","chr20","54094540","54094721","35","54093938"
"chrUn_NW_014017511v1","66226","66404","chr7","155100090","155100269","1","155033864"
"chrUn_NW_014017546v1","2","97","chr11","20358123","20358224","20","20358121"
"chrUn_NW_014017546v1","5789","5936","chr16","25590307","25590456","2","25584518"
"chrUn_NW_014017559v1","10910","11060","chr17","18025666","18025811","21","18014756"
"chrUn_NW_014017559v1","62038","62317","chr5","177247754","177248033","0","177185716"
"chrUn_NW_014017559v1","86543","86831","chr5","177272221","177272513","8","177185678"
"chrUn_NW_014017574v1","31761","32066","chr9","128901329","128901630","45","128869568"
"chrUn_NW_014017589v1","1555","1868","chr8","8315252","8315572","8","8313697"
"chrUn_NW_014017719v1","33258","33561","chr9","42564584","42564888","11","42531326"
"chrUn_NW_014017726v1","2004","2130","chr7","56321956","56322082","0","56319952"
"chrUn_NW_014017727v1","1","99","chr13","77302181","77302275","17","77302180"
"chrUn_NW_014017753v1","850","979","chr3","27869019","27869149","16","27868169"
"chrUn_NW_014017883v1","697","990","chr1","104162527","104162812","10","104161830"
"chrUn_NW_014017898v1","1002","1118","chr5","172392908","172393028","28","172391906"
"chrUn_NW_014018026v1","433","732","chr4","81690705","81691007","17","81690272"
"chrUn_NW_014018123v1","11765","12048","chr7","57541698","57541981","1","57529933"
"chrUn_NW_014018156v1","1671","1971","chr9","39448596","39448907","14","39446925"
"chrUn_NW_014018160v1","9","176","chr1","139636360","139636527","26","139636351"
"chrUn_NW_014018177v1","13267","13577","chr11","71589563","71589871","52","71576296"
"chrUn_NW_014018222v1","61606","61893","chr7","42378069","42378356","1","42316463"
"chrUn_NW_014018240v1","352","653","chr9","39480091","39480392","0","39479739"
"chrUn_NW_014018291v1","650","948","chr9","33789696","33789993","1","33789046"
"chrUn_NW_014018336v1","996","1156","chr2B","120879798","120879949","31","120878802"
"chrUn_NW_014018351v1","333","645","chr4","9203532","9203848","21","9203199"
"chrUn_NW_014018375v1","1441","1718","chr17","37150256","37150533","0","37148815"
"chrUn_NW_014018464v1","1","111","chr17","34332392","34332514","19","34332391"
"chrUn_NW_014018472v1","446","734","chr9","84459367","84459655","4","84458921"
"chrUn_NW_014018545v1","670","981","chrUn_GL393524","77251","77562","2","76581"
"chrUn_NW_014018562v1","1","82","chr3","46579108","46579189","8","46579107"
"chrUn_NW_014018562v1","713","1003","chr8","66796198","66796536","49","66795485"
"chrUn_NW_014018582v1","2723","2878","chrX","19267786","19267941","28","19265063"
"chrUn_NW_014018598v1","2","88","chr13","24059413","24059502","24","24059411"
"chrUn_NW_014018598v1","226","506","chr16","18756015","18756318","23","18755789"
"chrUn_NW_014018607v1","4595","4750","chr5","175990298","175990451","20","175985703"
"chrUn_NW_014018608v1","2680","2961","chr11","9192974","9193255","38","9190294"
