"chr1","93323080","93323285","KN296557v1","518226","518421","27","92804854","AGGCTGGACAACAAAGCAAGACCCCATCTCTACAAAAAAAAATGAAAAAATTAGCTGAGCATGGTGGCACACACCTGTGATCCCAAGAACTTGGGAGGCTGAGGTAGGAGGATCACTTGAGCCGGGAGGTCAAGGCTGCAGTGAGCCATGATCATACCACCGCACTCCAACCTGGGCAACAGAGTGAGACCCTGTCTTGAAAGAAA","AGGCTGGACAACAAAGCAAGATCCCATCTCTACAAAAAAATGAAAAAATTAGCTGAGCATGGTAGCACACACCTGTGATCTCAGGAACTTGGGAGGCTGAGGTAGGAGGATCACTTGAGCCAGGAAGTCAAGGCTGCAGTGAGCTCACACCACTGCACTCCAATCAATCTGGGCAACAGAGTGAGACCCTGTCTCA"
"chr1","11665170","11665481","KN294705v1","773441","773753","57","10891729","GGCTGGGCATGGTGGCTCAAGCCTGTAATCCCAGCATTTTGGGAGGGTGAGAGGCAGGAGGATCACTTGAGCCCAGGAGTTTGAGACCAGCCTAGGCAACATGGGGAGACCCTGCCTCTGCAAAAAATTTGAAAAATCAGCCAGGTGTGGTGGTGCACACCTGTAATCCTAGCTACTCAGGAGGCTGAGGTAGGAGGATCCCTTGAGCCCAGGAGTTTCAGGCTGCAGTGAGCTATGATTGCCCCACTGCACTCTAGCCTGGGTGACAAGGAGAGAACCTGTCTCTGGGGAAAAAAAAAGAGAGAGAGAGAA","GGCTGGGCGTAGTGACTCATGCCTGTAATCCCAGCACTTTGGGAGACGGAGGCAGAAGGATCACTTGAGGCCAGGAATTCAAGACCAGCCTAGGCAACATAGCAAGACCCTGCCTCTACAAAAACATTTTTAAAATAGCCAGGAGTGGTGGTGGCAGCCTGTAGTCCTAGCTACTCAGGAGGCTGAGGAGGGAGGATCACTTGAACCCAGGAGTTCAAGGCTGCAGTGAGCTATGATCACACCACTGCACTCCAGCCTGGGTGACAGAATGAGACCCTGTCTCAAAAAAACCAAACCAAACCAACAAAGCAAA"
"chr1","11927552","11927782","KN295045v1","1285025","1285240","53","10642527","CCAGGCTGAGTGACGGAGTGAGACTCAGTCTCTAAATAAATAAATAAATAAATATTTAAAAATTAACTGAATGTGATGGCACATGCCTGTAGTCCCAGCTTCTTGGGGGGCTGAGGCAGGAGGATCACTTGAACCCAGGGGTTTGAGGCTACAGTAAGCTATGATCCTGCCACTGCACTCCAGCCTGGATGACAAGAGTGACACCAAGTCTCAAAAAGAAAAAAAAATAAA","CCAACCAGGGCAACAAAGCAAGACCCTGTCTCTACAAAAAAATGTTAAAATTAGCTTGGCACAGTGGCATATGCCTGTAGTCCCAGCTACTTGGGAGGCTGAGGCAGGAGGATCACTTGAACCCAGGAGTTTGAGGCTGCAGTGAGCTATGATCACACCACTGCACTCCAGCCTGGATGACAAAGTGAGACTCCATCTCTTAAAAAATAATAATAA"
"chr1","40501004","40501307","KN294172v1","3719789","3720086","69","36781215","GGCCAGAAGTGCTGGCTCACTTCTGTAATCCCAGCAGTTTAGGAGGCCCAGGCAGGAGGATCACTTGAGCCCAGGAGTCGGTCACCAGCCTGGGCAACATAGCAAGACCTCATCTCTCAAAAAGAAAAAAAAATAGTAGGCGTGGTGGTATGGGTCTGCAGTCCCAGCTGGGGTGGGGTGATCGGGTGCTGAGTGGGAGGATTGTTTGAGCTCAGGAGGCCAAGGCTGCAGTGAGCTGTGATTGATTGCACCACTGCGCTGCAGCCTGGGCAACAGAGCAAGATCCTGTCTCAAAAAAAAAAAA","GGCCAGGCGTGGTGCCTCACAGCTGTGATCCCAACACTTTGGGAGGCCAAGGTAGGAGGATCACTTGAGCCCAGGAGTTTGACACCAGTCTGGGCAACATAGCAAGACCCCATCTCTACAGAAATTTAAAAAATTAGCCAGGCATGGAGGTGTGTGCCAGTGGCCCCAGCTACTAAGGAGGCTGAGGTGGGAGGATTGCATGAGCCCAGGAGGTTGAGGCTGCAGTGAGTTATGTTTGCACCGCTGTATTCCAGCCTGGGCAACAGAGCAAGATCCTGACTCAGTAAAACTAAAAAAA"
"chr1","94896107","94896264","KN294451v1","963185","963337","51","93932922","TATTAATAATAAATAAACAAATAAAATTAGCCAGGTGAAAGGCGGAGGTGGGAGGATCCCTTGAGTCCAGGAATTCAAGTTACAGTGAGCTGTGACTGTGTCACTGCACTCCAGCCTGGGTGACAGTGAGATCCTGTCCACAGGAAAGGAAGGAAAAA","GCTGGGTAGCAGCACATGCTTGTCCCAACTCATTGGGAGGCCGAGGAGGGAGGATTGCTTGAGCCCAGGAATTTGAGGCTACAGTGAGCTATGATTGTGCCACTGCACTCCAGCCTGAGCAGTGTGAGACCCTGTCTCAAAAAATGAAGAAAA"
"chr1","110362457","110362738","KN294410v1","285225","285480","44","110077232","ACACCTGTAATTCCAGTGCTTTGGGTGACCAAGGTGGGAAGATCACTTGAGGTCAGGAGTTCGAGACTAGCCTGGGCAACATAACAAGACTCTGTCTCTACAAATTTTTTTTTAAATGTGCACCTATAGTCCTAGCTACTCAGGAGGCTGAGGCGGGAGGATGACTTGAGCCCAGGAGTTCAAGGCTGCAGTGAGATATGATCACCACTGCACTCCATCCTGGGTGACAGAGGGAGACCCTATCTCTAAAAATAAAAATGAATTAACAGCAAAAAAAAAAAA","CCTGTAATCCCAGTGCTTTGGGTGACCAAGGTGGGAAGGTCACTTGAGGTGGGGAGTTCAAGACTAGCCTGGGCAACATAGCAAGACTCTGTCTCTACAAATTTTTTTTTTTAATGGGCACCTATAGTCCTAGCTACTCAGAAGGCTGAGGTGGGAGGATGACTTAAGCCCAGGAGTTCCAAGCTGCAGTGAGCTATGATCACGACTGCACTCCATCCTGGGTGACAGAGGGAGACCCTGTCTCTAAAAATAAAAA"
"chr1","123600874","123601156","KN296865v1","1550408","1550639","59","122050466","GGCTGGGTGTGGTGTCTGTTGCATGTAATCCCAGCACTTTGGGAGGCTGAGGTAGAAGCATTGTTTGAGCTCAGGAGTTCAAAGCCAGCCTGGGCAACATAGTGAGACTCCATCTCTAGTTAAAAAAAATAACCAGGCATGGTGATATGCACCTGTAGTCCCAGCTACTCAGGAGGCTGATGTGGGAGGATTGCTTGAGCTTAAGAGATTGACACTGCAGTGAGCTATGATCATACCACAGCACTCCAACCTAAGTGAGACCAAGATCGAAAAAAAAAAAAAA","GCTGGGTGTGGTATCTCTTGCATGTAATCCCAGCACTTTGGGAGGCTGAGGTAGAAGCATTGTTTGAGCTCAGGAGTTCAAAGCCAGCCTGGGCAACATAGTGAGACTCCATCTCTAGTTAAAAAAGAATAGCTAGGCATGGTGACATGCACCTGTAGTCCCAGCTACTCAGGAGGCTGATGTGGGAGGATTGTTTGAGCTTAAGAGATTGACACTGCAGTGAGCTGTGATC"
"chr1","129761208","129761511","KN295171v1","655371","655672","55","129105837","GGCTGGGTGTATGGTTCATGCCTGTAATCCCAGCACTTTGGGAGGCCAAGGGGGAAGGATCCTTTAAGGCCAGGAATTTGAGACCAGCCTAGGCAACATAGGGAGACCCTGTCTCTACAAAAAAAAAAAAAAAAATTAAAATAAGCTGGTTGTGGTGGTGCAGGCTTGCAGTCCTAGCTACTCGGGCAGCTGAGATGGGAGGATAGTTTGAGCCCAAGAGTTTGAGGCTGTAGTGAGCTATGATCATACCACTGCACTCCAGCCTGGGCAACAGAGCAAGACCCTGTCTAAAAAAAAAAAAAAA","GGCTGAGCGCAGTGGCTCACACCTATAATCCCAGGACTTTGTGAGGCTGAGGCCAAAGGATCGTTTGAGGCCAGGAGTTTGAGACCAGCCTGGGCAACAGAGTGAGACCCTGTCTCTAAAAGAAAAAAAAGAAAAGAAATTTGCTGGATGCTGTGGTGCATGCCTGTGGTCCCAGCTACTCTGGAGGCTGAGGCAGGAGGGTCGCTTGAGCCCAGGAGTTTGAGGCTGCAGTGAGCCATGATCACACCACTGCACTCCAGCCTGGGCAACAGAGCAAGACCTTGTCTCTAAAAACAGAAAAA"
"chr1","129892308","129892606","KN297245v1","2036362","2036663","50","127855946","GGCTGGGTATGGTGGCTCATACCTGTAATCCCAGCATTTTGGGAGGCTGAGGCAGCAGGATTGCTTGAGGCTAGGAGTTTGAGACCAGCCGGGGCAACATAGTGAGACCCGTCTCTCTAAAAAAGTTTAAAAATTAGCCAGGCAAGATGGTGCATGTCTGTACTCCCAGCTACTCAAGAGGCTGAAGTGGGATGATCACTTGAAGCCCGGAGGTCAAGGCCATAGTGAACCATGATAGCATCACTGTCTTCCAGCCTGGGTGACAGAGTGACAGCCTGTCCAAACAACAACAAAAAAAA","GGCCAAGTGTAGTGGCTCACACCTGTGATCCCAGCAATTTGGGAGGCAGAGGCAGAAAGATCGCCTGAGGCTAGGAGTTTGAGACCAACCTGGGCAACATAGTGAGACCTCGTCTCTACAAAAAATTTTTAAAATTTAGCCAGGCATGATGGTGCATGTCTGTAGTCCCAGCTACTCAGGAGGCTGAGGTGGGAGGATCACTTGAGCCCAGGAGGTTGAGGCTGCAGTGAGCCATGATCTTGCCACTGCACTCCAGCCTGGGTGACAGAGCGAGACCCTGTCTCAAAAAAAAAAAAAAAGAA"
"chr1","182058817","182059111","KN295596v1","2267655","2267940","69","179791162","ACTTTGGGAAGCCAAGGCAGAAGGATCACTTGGGCCCAGGAGTTCAAAACCAGCCTGAGCAACAGAGCAAGACACTAGTCTACTCCAACAAAAAAAAAAAAAAAAAAAAAAATTAAATTAGCCAGGTGTGGTAGCATGTACCTGTGGTCCCAGTTACTCTGGAGGCTGAGGTGGGAGGATCGCTTCAGCCCAGGAGTTTGAGGCTGCTGTGAGCCATAATAGTGCCATCACACTCCAGACCTGGGCAACAGAGAGAGACCCTATCTCTAAAAGAAAAGATAAAAAGAAAAGAAAA","CTTTGAGAGGCCAAGGCAGGAGGACCATTTGAAGCCAGGAGTTCAAGACCAGCTTGGGCAACATAGCAAGACCCTGTCTCTACAAAAAAAGAAAAAACTAAAACTAAAAAATTAGCCAGGTGTGGTGGTGCACACCTTTAGTCCCAAGCTGCTAGAGAGGCTGAGGTGGGAGAATCACTTGAGCCCATGAGTTCAAGGCTGCAGTGAGCTACGCTTGCACCACTGCACTCTAACCTGGGTGACAGAGTGAGACCCTGTCTCAAAAAATAATAATAATAAAATAAAA"
"chr1","224526078","224526368","KN296253v1","167394","167691","59","224358684","GGCCAGGCATGGTGGCTCATGCCTGTAATCCCAGCACTTTGGGAGGCTGAGGTGGGAGGATCACTTGAGGCTAGGAGTTTGAGACCAGCATGGGCAACACAGTGAGACCCCATCTCTACAAGAAAAAGAAAAATCAGCTGGGCGTGGTGGCGCACTCCTAAGAAGGCTGCTAAGGCAGGCAGGAGAATCGCTTGAGCACAGGAGGTTGAGGCGCAGTGAGCTGTGATTACACCACTGTACTCCAGCCTGGATGATAGAGTGAGACCCAATCTCTTAAAAAAAAAAAAGAAA","GGCCAGGTGTGGTGGCTCATGCCTGCAATCCCAACACTTTGGGAGGCCGAGGCAGGAGGATGGCTTGAAGCCAGTAGTTCAAGACCAGCCTGGGCAACACAGTAAGACCCCATCTCTATGAAGAATAAATAAATGAGCTAGGCGTGGTAGAGCACACCTGTAGTCCTAGCTACTTGGGAGGCTGAGGCAGGAGGATTTCTTGAGCCCGGGAGGTTGAGGCTGCAGTGAGCTGTGATTGTACCACTGTATCCCAGCCTGGGTAATATAGTGAGACCCTGTCTCAAAAAAAAGAAAAAAA"
"chr1","792773","793045","KN295350v1","1309463","1309743","60","516690","GGCTGGGCATGGTGGCTCACACCTGTAATCCCAACACTTTAGAAGGCCAAGGCAGGAGTATCATGAGACCAGCCTGAGCAAAATAGTGAGATGCTGACTCTACAAAAAAAATAAAAATTAGATGAGCATGGTGGTGCATGCCTGTAATTACAGCTACTTGGGAGGCTGAGGTGGGAGGATCCCTTGAGGGCAGGAGGTCAAGGTTGCAGTGAGCTGTGATCATACCACTGTACTTCAGCCTGGGTGACAGACAGAGACACTGTCTCAAAAAAA","GGTTGGGCATGGTGGCTCACACCTGTTATCCCAGGACTTTGGGAGGCCAAAGTGGGAGGATCACTTGAGCCCAGCCTGAGCAAAATAGGAACACCTCATCTCCACAAAAAAAAAATAAAAATTAGCTGAGTTTGGTGTTGCATGCCTATAGCGCCAGCTATTTGGGGGGCTGAGGTGGGAGGATCACTGGAACCCACGACGTTGAGGCTGCAGTGAGCTGTGATCAAGCCACTGCACTCCAGCCTGGGCAACAAAGCAACACCCTGTGTCCAAAACAAAAA"
"chr1","894390","894513","KN294399v1","21522","21642","26","872868","GGAGGCTCACGCCTGCAGTCCCAGCACGTTGGGAGGCTGAGGCAGGAGCATCGTCTCAGGTCAGCAGTTCGAGACCAGCCTGGGCAACATAGGGAGATCCCCGTCTCTACAAAAAAAAATAAAA","GGGTCACACCTGTAATCCAAACACTTTGGGAGGCTGAGGCAGGAGGATTGCTTGAGGTCAGGAGTTCGAGATTAACCTGGGCAACATAGCGAGGCCCTGTCTCTACAAAAATAAAAAAGCA"
"chr1","969318","969602","KN297095v1","1513904","1514196","56","544586","GGGCGCGGTGGCTCACACCTGTCATCCCAGCACTTTGGGAGGCTGAGGCTGGAGGATCGCTTGAGGCCAAGAGTGGGAGATCAGCTTAGGCAACATAGTGAGACCCCATCTCTGCAAAAAAATTTCTTTAATTAGCCAGGCGTGGTGGTACACACCTGTAGCTCCAGCTGCTCGGGAGGCTGAGGCAGGAGGATCACTTGAATCCAGGAGGTTGAGGCAGCAGCAAGCTGTGATTGCACCACTGCACTCCAGCCTGGGTGACAGAGCAAGAACCTGTCTAAAAAA","GGCTGGGCACAGTGGCTCACAACTGTAATCCCAGTGCTTTGGGAGGCTGAGGCTGGAGGATCACTTGAGGCCAGGAGTTTGAGACCAGCCTGGGCAACACAGTAAGACCCCCTAGCTACAAAAAAAAATTTTTTTTAATTAGCTGGGCATGGTGGCACGTACCTGTAGTCCCAGCTACTAGGGTGGCTGAGGTGGGAGGATCACTTGAACCCAGGAGATTGAGGCTACGGTGAGCTGTGATTACACCACTGCACTCTAGCCTGGGCAACAGAGCGAGACCCTGTCTCTCAAAA"
"chr1","1008455","1008696","KN294906v1","87543","87792","74","920912","AGGACTCTGGAAGGTGGGGGTGGTCGGAATGCTTGAGCTCAGGAGTTGGAGACCCACCCGGGCAACACAGCCCGTCTTTACAAAACGTTTAAAATTAGTCGGGCCTGGTGGCGGGAGCCTGAGGTCCCAGCTACTCAGGAGGCTGAGGTGGGATGATCACCTGAGCCCAGAAGGTGGAGGCTGCAGTGAACCGAGACTGCACTCCAGCCTGTGCAAGGGGAACTCCGTCTCAAAAACAAAAA","AGCATTTTGGGAGGCCAAGGCAGGTGGACTGCTTAAGCTCAGGAGTCTGAGACCAGACTGGGCAAGATGACAAAATCTCGTCTCTACAAAAAACAGAATAATTAGCCAGGTGTGGTGGTGTGCACCTGTAGTACCAGCTACTTGGGAGGCTGAGGTGGGAGGATCACCTGAGACCAGCGAAGCTGAGGCTGTAATTGCACCACTGCACTCCAGCCTAGGAGACAAAGTGAGACTTTGTCTTATAAAAAAA"
"chr1","1011897","1012160","KN295607v1","4659920","4660187","57","3648023","CGGGTGCTGTGGCTCCCACGTGTAATCCCAGCACTTTGGGAGGCTGAGGCAGGAGGATCACCTGAGGCCAGGAGTTCGAGACCAGCCTGGACAATATAGTGAGACCCTGTGTACAAAAAAAATTATACCTGTAGCCCCAGCTACTTGGGAGGCTGAGGTGGGAGGATCCCTTGATCCCAGGAGCTCAAGGCGGCAGTGAGCCATGATCGCACCACTACACTCCAGCCTGGCAACAGAGTGAGACCCTGTCTCTCTTTAAAAAAA","GCTGAGTGCAGTGACTCACGCCTGTAATCTCAGCACTTAGGGAGGCCAAGGCAGGAGGATTGCTTGAGCCAGGAAGTTCGAGACCAGCCTGAGCCATATTGTGAGGCCCGATCTCCACAAAAAATTTAAAAATTAGCCTGCAGTCCCAGCTATTTGGGAGGATAGGTGGGAGGATCCTTTGAGCCAAGGAGGTCAAGGCTGCAGTGAACCATGATCATGCCACTGCACTCCAGCCTAGGTGACAGAGTGAGACCCTGTCCCAAAAAAA"
"chr1","1012432","1012724","KN294199v1","65187","65474","72","947245","GGTGGCTCACACCTGTAATCCCAGCACTTTGGGAGACCGAGGCAGGAGGATTGTTTGAGCCCAGGAGTTCAAGACCAGCAACATCATGCTTCAGTTTTGTTTCATAGCGAGACCCTGTCTCTACAAAAAATCAAAAAATTAGCCAGGTGTGGCAGCACTTGCTTGTGTTCCAGCTACTTGGGAGGCTGAGGTGGGAGGATGGCCTGGGCCTGGGAGACTGAGGCCGCGGTGAGCTGAGGTCACACCACTTTGCTCCAGCCTGGGTGACAGAGTGAGACCATGTCTCAAAATAA","GCCGGGCATGGTGGCTCACGCCTGTAATCCCAGCACTTTGGGAGTCTGAGGCAGGAGGATTGCTTGAGTCCAGGAGTTTGAGACCAGCCTGGATAGCATAGTGAGACCCTGTATCTGCAAAAAATAAAAAAATTGGCTAGGTGTGGCGGTGCACACCTGTGGTCCCAGCTACTTGGGAGGCTGAGGTGGGAGGATTGCTTGAGCCCAGGAGGTCAAGGCTGCAGTGAGCAGTGATTACGCCTCTGCACTCCAGCCTGGGTGACAGAGCAAGACCCAGTCTCAAAATAA"
"chr1","1021637","1021889","KN295601v1","3214186","3214464","77","2192549","GGCAGGGCAGCTCACTCCTGTAATCCCAGGATTTTGGGAGGCTGAGACAGAGAATTGCTTGAGGCCAGGCATTCGAGACCAGCCTGGGCAACACAGTCTCTACAAAAGAAAAGGACATTACCTGGGTGTAATGGTGTGCACCTGAGGTCCCAACTATTCAGGAGGCCGGGGTGAGAGGATCGCTGCCACTGCATTCCTGCCTGGGCGACAGAGGGAGAATGTGTCTCCAGAAAACAAACAAACAAAAAAGAAA","GGTCAGGTACTGTGGCTCAGCCTGTAATCCCAGCAATTTGGGAGGCTGAGGCGGGAGGACTGCTTGAGGCCAGGAGTTTGAGATAAGCCTGGGCAACACAGTGGGACTCCGCCTCTACAAAAAAATAAAAAATTAGCTGGATGTGGTGATGTACATCTTGTAGTCCCAGCTATTAGGAGGTTGAGGTGGGAGGATTGCTTGAGCCTGGGAGGTCACTGCACTCCGGCCTGGGTGACAGAGCGAGACTCTGTCTCAAAAAAAAAAAAAAAAAAAAAAAAA"
"chr1","1023149","1023439","KN294571v1","834530","834827","64","188619","GGCCAGGAGCAGTGGCTCACACCTGTAATCCCAGCACTTTGGAAGGCTGAGGCTGCAGGATCGCTTGAGGGCAGGAGTTTTAAGACCGGCCTGGGCAATACAACGAAACCCCTTACAGAAATCAGCCAGGCGTGATGGCACATGCCTGTGATCCCAGCTACTTGGGAGGGAGGTGGGAGGATCGCTTGAGTCCAGGAGGTTGACGCTGCAGTGAGCCGAGATCGCGCCACCACACCCTAGCCTGGATGACAGAGTAAGACCCCATCTCAAAAAAAATAAAATAAAAGTAAA","GGCCAGGCACAGTGGCTCATGCCTGTAATCCCAGCATTTTGGAAGGCCAAGGCTGGCTGATCACTTGAGCCCAAGAGTTCAAGACCAGCCTGGGCAACATAGCAAAACTTCATCTCTACAAAAATTACCCAGGTGTGGTGGTGCACATCTGTGGTTCCAGCTACTCAGAAGGCTAGGTGGAAGGATGGCTTGAGTCCAGGGAGGTCAAGGCTGCAGTGAGCCATGATCACACCACCACACTCCAACCTGGGTGACAGAGCAAGACCCTGTCTCAAAAAAAAAAAAAAAAAAAAGGAAA"
"chr1","1150664","1150951","KN296485v1","448473","448760","64","702191","GAGTGTGGTGGCTTATGCCTGTAATCCCAGTGCTTTGGGAGGCTGAGGCAAGAAGATCATATGAGGCCAGGCATTTGAAAGCAGCCTGGGCAACATAGTGAGACCCCATCTCTAAAAAACAAAATTAGCTCAGCATGGGAGTGTGCACCTGTAGTCCTCCTAGCTATTTAGGGGGCTGAGATGGGAGGATCACTTGAGCCCAGGAGGTCAAGGCTGCAGTGAGCCACAATCAAACCACATTACCCCAGCCTAGGCGACAGAACAAGACCCTGTTTCTAAAATAAAAAA","CTGAGCATGGTGGCTTATGCCTATAATCCCAGTACTTTGGGAGGCTGAGGCAGGAGGATTGCTTGCGTCCAGGAATTTGAGATCAGCCTGGGCGACATAGCAAGAACCTATCTCTAAAAAAAAAAAAAATTAGCCAGGCAAGATGGCATATGTCTGTAGTCTCAGCTACTCAGGAGGCTGAGATGGGAGGATCACTTGAGCCCAGCAGGTTGAGGCTTCAGTGAGCCATGATTACACCATTGCACTCCAACCTGGGCAACAGAGCAAGACCCTGTCTCAAAAAGAAAA"
"chr1","1152355","1152647","KN294800v1","58275","58560","58","1094080","GGTCGGGCGCATGGCTCACACCTGTAGTCCCAGCACTTTGGGAGGCTGAGGCAGGAGGATCGCTTGAGCTCAGGAGTCTGAGATCAGCCTGGGCAATATAGGGAGCCCTTGTCTCTACCAAAAAATTAAGCAAAATTAAGCTAAGCGTGGTGGTGTATGCCTGTAGTCCCACCCTACCTTGGGAGGGCTGAGGTGGGAGGACTGCTTGAGCCCAAGAGGCAGAGGCTGTGGTGAGCTGAGATTGTGCCACTGCACTCTAGCCTGGGTGACACAGTGAGACTGTCTAAAAAAAA","GGCCAGGCACAGTGGTTCACTCCTGTAATCCCAACACTTTGGGAGGCTGAGCCTAAAGGATCCCTTGAGCCCAGGAGTTCAAGACCAGCCTGGGCAGCATAGCAAGACCTCATCTCTACAAAAAATTAAAAAATTAACTGGAATGGTGGCACATGCCTGTAGTCCTAGCTACTTGGGAAGCTGAGGTGGGAGGATTGCTTGAGCCCAGGAGGTCGAGGCTGCAGTGAACTGTGATTATGCCACTGCACTCTAGCCCGGGTCACAGAGTGAGACCCTGTCTAAAAAA"
"chr1","1166941","1167176","KN297259v1","2209668","2209902","48","1042727","GGCCGGTCACGGTGGCTCACGCCTAGAATCCTAGCACTTTGGGAGGCTGAGGCGAGACGATCGTCTGAGCTCAGGAGTTTGAGACCCGCCTGGGTAACATGGCAAGACCCTTTTTCTATGAAAAATAGAAAAAATCAGCCGGGTGTTGTGGTGCATGCCTGTGGTCCCAGCTACTTGGGAGGCCGAGGTGGGAGGATCACTTGAGCCCAAGAGATGGAGGCTGCAGTGAGACGTGA","GGCTGGGTGCAGGGGCTCACGCCTATAATCCCAGCACTTTGGGAGGCTGAGGCAGGAGAATTCCTTGAGCCCAGGAGTTTGAGATCAGCCTGGGCAACACAGTAAGACCCCCATCTCTACAAGAAATTTAAATTAACCAAGTGTGGTGGTGCATGCCTGTAGTCCCAGCTACTTAGGAGGCCGAAGTGGGAGGAACACTTGAGCCTAAGAGATCAAGGCTGCTGTGAGCCGTGAT"
"chr1","1187518","1187839","KN295384v1","153678","153968","79","1033840","GACCGGGCACAGTGGCTCACGCCTGTAATCCCAGCACATTGGGAGACTGAGGCAAGAGGATCGCTTGAAGCCAGGAGTTTGAGACCAGCTTGAGCAATACAGCGAGACCCGTCTCTACAAAGAGTAAAATAAAAGTAAATTAGCTGGGCGTGGGGGTGCACGCCTGGTGTCGCAGCTGCTCCGGTGGCTGAGGCGAGAGCATCACCTGAGCCCAGAGCATCACCTGAGCCCAGGAGTTCATGGTCACGGTGAGCTGTGGTCACCGCTGCACTCCAGCCTGGGTGACAGAGCAAGACCCTGTTTCTAAAAATAAAGAAAAAAA","GCCAGGCACAGTGGCTCACGCCTGTAATCCCAGCACTTTGGGAGCCTGGGCGAGAGGGTCACTTGAGCCCAGGAGTTTAAGACCAGCCTAGGCAGCACAGGGAGACCCCACATCTACAAATAAAAAATCTAAAAAATTAACTGGGTGTGGTGGCGCACACCTGTGGTCCCAACTACTCAGGAGATTGAGGTGGGAGGATTACTTGAGCCCAGGAAATGGAGACTGTAGTGAGCTGGCCCACTGCACTCCAGCCTGGGTGACAGAGCAAGACCTTATCTCAAAAGAAAAGAA"
"chr1","1189316","1189391","KN296485v1","179279","179356","19","1010037","GGTTTACTTGAGGCAGGAGGATCGTGAGACCAGCCTAGGCAACACAGTGAGACTGCGTCTCTTTAAAAAACAAAAA","GGAGGAGCACTTGAGGCCAGGAGTTTAAGACCAGCCTGGGCACCACAGTGAGACACCGTATCTGTTAAAAAATAAAAA"
"chr1","1226797","1227076","KN294671v1","200068","200336","65","1026729","CCGGGTTGCCGTGGCTCCTGCCTGTGATTCCAGCACTTCCAGAGGCTGAGGCCTGAGAATCAGTTGATGCCAGGAGTTTGAGACCACCTTGGGCAACATAGTGAGATCCCAGCTCTACAAAAAATAAAAAATTAGCTAGGCGTGGTGGCATGCGTCTGTAGTCTCAGCTACTCAGGAGGCTGAGGTGGGAGGATTGCTTGAGCCGAGGTGGTCAAGGCCACAGTGACTCCAGCCTGGGCGACAGAGCAAGACCCTGTCTCACGAAAAATAAGTAAATAAA","GGCTAGGTACAGTGGGTCACGCCTGTAATCTCAGCACTTTGGGAGGCCGAGGCGATAGAATTGCTTGAGCTCAGGATTTTGAGACCATCCTGGGCAAAATAGTAAGACCTTGTCTCTACAGAAAAAAAATTTAGCTGGGCATGGTGGCATGTGCCTATAGTCCTATCTACTCAGGAGGCTGAGGTGGGAAGATAGCTTGAGCCCAGGAGGTCAAGGCTGCAGTGAGCCTGGGTGACAAAGCAACACCCTGTCTCAGAAAAAAAAAAAAA"
"chr1","1256787","1257089","KN296310v1","728856","729158","62","527931","GGCTGGGCATGGTGGCTCACACCTGTAATCCCAGCGTTTGGGAGGCCAAGGCCAGAGAATGCCAGGAGTTTGAGACCAGCTTGGGCAACGTAGTGAGACCTCCATCTCTACAAAAAAAAAAAAAAAAAATTAAGATGGGCATGGTGGCACGTGCCTATGGTCCCAGCTATTCAGGGAGGATGAGGGTGGGGAGGATCAGTTGAGCCAGGAGGCGGAGGCAGCAGTGAGCCATGATTGTGCTACTGCACTCCAGCCTGGGTGACAGAGAGAGACTCCATACAAAAAAAAACAAAAACAAAAAGA","GGCCAGGTATGGTGGCTCACACCTGTAATCCCAGCACTCTGGGAGGCCTAGGCCAGAGGATTGATGGTAGTTGAGACCAGCCTGGGCAACACAGTGAGACCTCATCTGTAAAACAAACAAACAAAATTAGTTTGGTGTGGTGTGGTGTCACGTGCCTGTGGTCCCAGCTACTCAAGAGGCTGAGGTGGGAGGATCAGTTGAGCTCAGGATGTTGAGGCTTCAGTGAACCAAGATGGTACCACTGCACTCCAGCCTGGGTGACAGAGTGAGAAACTGTCTCAAAACAAAACAAAAAACAACAAA"
"chr1","1271959","1272102","KN296620v1","978828","978980","43","293131","AAATTAGCCCGGCGTGGTGGGTGCGTGCCTATAGTCCCAGCTATTTGGGAGGCGGAGGTGGAGGCGGGAGGACGCTTGAGCCCAGGAGTTTGAGTGAGCCATGATTGCGCCACTGCAGCCTGGGTGACAGCCCCACCCTGTCTC","AAGTTAGCCAGGGGTGGTGGTACACACCTGTAGTTCCAGCTACTTGGGAGGCTAAGGCAGGAGGGATCACTTGAGCCCAGGAGTTTGAAGTTGCAGTGAGCTATGATTGTACCACTGCACTACAGCCTGGGCAACAGAGCAAGACCCTGTCTC"
"chr1","1324561","1324817","KN294842v1","1529325","1529593","71","204764","GCCTGTAATCCCGCACTTCAGGAGGCTGAAACAGGTGCATTACTTGAGCCTGGTAGGTCAAAGCCAGCCTAGGCAATGGAGCAAGACCCCATCTCTACAAAAAAAAAAAGCCAGGTGTGGTTGTGCCCACCTATGGTCCCAGCTACTCAGAACGCTGAGGTGGGAGGATCACTTGAGCCTGGGAGGTTGACCTGCAGTGAGCCAAGATCGCACCACTGCACTCCAGCCTGGGGCAANAGCGNGACCACTNTCAAANA","CTTATAATCCCAACACTTTGGGAGGCTAACCAAGGAGTATTGCTTGAGCCCAGAAGTTCAAAACCAGCCTGGGCAACATAGTGAGACCTCGTCTCTACCAAAAATAAAGAAAATTTGCTGAGTGTGGTGGCGCATTGCCTCTAGTACCAGCTACTTAGGAGGCTGAGGTGGGAGGATCGCTTGAACCCAGGAGGTTGAGGTTGCAGTGAGCCAAGATTGCACCACTTCATTCCTGCCTGGGTAAACAGAGTAAGACCTTGTCTCAAAAA"
"chr1","1324970","1325249","KN294187v1","533538","533812","60","791432","GGCTGGGTGTGGTATCTCACACCTATAATCCCAACACTTTGGGAGGCCAAGGCAGGAGGATCATTTGAGGCCAGGAGTTTGAGACCAGGCTGGGCAACTTAGTGAGACTCTATCTCTGCTGGAAAAAACATTAGCTGGGCCTGGTGGTGTATGCCTGTAGCCCCAGCTACTTGGGAGGCTGGCTTGAGCCCAGGAGTTACAGGCTGCAGTGAGCTATAATGGCACCACTGCACTGCAGCCTGGGCGACAGAGGGAGACCCTGCCTCTTAAAAAATAAAAA","GGCCTGGTGTGGTGACTCACACCTGTAATCTCAAAACTTTGGGAGGCAAAGGCAGGAGGATCGCTTGAGGCCAGGAGTTTGAGACCAGCCTGGACAACATGGTGAGACTGTTTCAAAAGACAAAAAAATTGGCTGGGTGTGGTGGCATGCACCTGTAGTCCCAGCTACTCAGGAGGCTGAGGCAGGAGGGGTTTGAGGCTGCAATGAGTTATGATGGCACCATTGCACTCCAGCCTGGGTGACAGAGTAGACCCTGTCTTAAACACAAACAAAAA"
"chr1","1346407","1346534","KN297274v1","678382","678496","35","668025","GCCTATGCTCCTAGCACTCTGGGACGCTGAGGCAGGACAATCACTTGAGGCCAGGAAATTCAAGAGCAGCCCGGCCAACATAGCAAGACCCAGACTCAACTAAAAAGATAAAGAATTAGCTAAGCACA","TGATCCCAGCACTTTGGGAGGCTGAGGCAGGAGAATCATTTGAGACCAGGAATTCAAGACCAGCCTAGGCAACATGTTGAGACCCCCATCTCAGAAAATAAAATTAGCTGAGCGT"
"chr1","1346827","1346987","KN296825v1","1485902","1486067","31","139075","TTAGCCAAGCATGGTGGCATGTGCCTGTAGTCCTAGCTATGCAGAAAGCTGAGGTGGGAGGATCACTTGAATCCAGGAGTTGGAAGCTGCAGTGAGCTGCGATCACACCACCATACTTCAGCCTGGGTGACAGAGACCCTGTCTACAAAAAAAAAAAAAAA","AATTAACCAGGCATGGTGGCATGTGCCTGTAGTCCCAGCTACTCAAAAGGCTGAGGGAGGAAGATTGCTTAAGCCCAGGGGTTTGAGGCTGCAGTGAGCTATGATCATACCACTGTACTTCAGCCTGGGTGGCAGAGCAAGACCCTGTCTCAAAAAAAAAAAAAAA"
"chr1","1363968","1364121","KN294387v1","2325079","2325214","56","961111","GGCGCGGTGGCTCAGGCCCGTAATCCCAGCAGAAGCCAGCAGTCCCAGAGCAGCCTGGCCAACGCAGGAAGACGCCCCCTCTACAAAAAACACAAAAAGTTAGCCGGGCGTGGCGGCGCGCGCCTGACGTCCCAGCTACTAGGAAGGCAGAGGC","GAAGCTGGAGGCTGGAGGATTGCTTGAGAACAGGAGCTTGAGACCAGCCTGAGCAACATAGCAAGACTTCACCTCTACAAAAAATAAAAATTAGCCAAGCATGGTGGCACATGACTGTAGTTCCAGCTGCTAGAGA"
"chr1","1364170","1364452","KN294733v1","143432","143710","59","1220738","GCTGATGCCTGTAATCCCAGCACTTTCGGAGGCCGAGGGGGGAGGAACACTTGAGTCCAGGAGTTCAAGACCAGCCTGGGCAACATAGTGAGACCCCATCTCTACAAAAAATCAAAAAGAAATTAGCCGGGAGCGGTGGTGGCGCGCGCCTGAGGTCCCAGCTACTCAGGAGGCTGAGATGGGAGGCTCGCCTGAGCTCTGGAGGTGGAGGCTGCAGTGAGCTTAGATTGCACCACCGCGCAACAGCCTGGGCAGCGGAGCCAGAGTCTGTCCCCAAAAAAAA","TGGCTCATGCCTGTAATCCCAGCACTTTGGGAGGCCCAGGCTGGAGGATCTCTTGAGGCTAGGAGTTCAAGATCAGCCTAGGCAACATAGCAAGACCCTATCTCTACAAAAAATGAAAAACAATTAGCTGGGTGTGGTGGAGCATGCCTGTACTCTTAGTTACTTGGGAGGCTGAGGGGGGAGGATCACTTGAGCCCAGGAGTTGGAGGCTGCAGTGAGCTATGATTGTGCCACTGCACTCCAGCCTGGGCAACAGAGCGAGACTCTGTCTCTAAAAAA"
"chr1","1421571","1421866","KN296154v1","1298937","1299227","61","122634","GGCCGGGCATGGTGGTGGCTGATGCTTGTATTCCCAGCATTTGGGGAGGTCAAGTCAGCCAGATTATTTGAAACCAGGAGTTCAGGACCAGCCTGGAAAGCAAGTCAAGAACCCATCTCTACAAAAAATAAAAAAATTAGCTAGACGTAGTGGTGCATACCTGTGATGCCAGCTGCTTGAGAGGCTGAGGTGGGAGGATCACTTGAGTCCAGGAGGCGGAGGCTGCAGTGAGCTGTGATTGTGCCACTGCACTCCAGCCTGGGTTACAGAGTGAGACCCTGTCTTAAAAAATAAGA","GGCCAGGTGCAGTGGCTGAAGCCTATAATCCCAGCACTCTGAGAGGCCAAAGCAGGTAGATTGCTTGAGCCCAGGAGTTCCAGACCAGCCTGGGCCACATGGCAAAACTCTATCTCTACAAAAAGTAGGAAAATTAGCCAGGTGTGGTGGTGCACACCTGTAGTCCCAGCTACTTGGGAGGCTGAGGTGGGAGGATCACCTGAGTCCAGGGAGGTCGAGGCTGCAGTGATCTGTGATTGCATCACTGCACTCCAGCCTGGTAACAGAGTGAGATCCTGTCTCAAAAAAAAA"
"chr1","1452904","1453203","KN294921v1","751222","751510","61","701682","GGCCGGGTATGGTGGTGGCTGACGCTTGTATTCCCAGCATTTGGGGAGGCCAAGTCAGTCAGATTATTTGAAGCCAGGGGTTCAGGACCAGCCTGGAAAGCAAGGCAAGACCCCATCTCTACAAAAAATGAAAAAATTAGCTGGACCTGGTGGCACATGCCTGTAATGCCAGCTGCTTGGGAGGCTGAGGTGGGAGAATCACTTGAGTCCAGGAGGTGGAGGCTGCAGTGAGCTGTGATTGTGCCACTGCACTCCAGCCTGGATTACAGAGCAAGACCCTGTCTTAAAAACTAAGAATAA","GGCTGGGTGTGGTGGCTCATGCCTGTAATCTCAGCACTTTAGGAGGCCAAGGTAAGAAGATCACTTGACTCCAGTGGTTCAAGACCTGGACAACATAGCAAGACTCCCATTTCTACAAAAAATACAAAATTAGCTGGGCATGATGGCATGTGCCTGTAGTCCCAGATACTCGGGAGGCTGAGGTGGGAGGATCACCTGAGCCCAGGAGGTTCAGGCTGCAGTGAGCTGTGATAGTGCCACTGCACTCCAGCCTGGGTAACAGAACAAAACTCTGTCTCAAAAGAAAAAA"
"chr1","1499262","1499327","KN294399v1","159288","159351","16","1339974","GGTCTGGCACATTGGCTCATGCTTGTAATCCCAACACTTTGGGAGGCCAGTGTGAGAGAATCTCTG","GGCCAGGCACAGTGGTTCATGCCTATAATCCCAGCACTTGGGAGGCTGAGGCAAGAGGATCACT"
"chr1","1499609","1499681","KN295236v1","1482749","1482815","19","16860","GAGAGAATCTCTTGAGACCAGGAATTTGAGACCAAACTGGTCAATATAGCTAGATCCCTCTCTATTTAAAAAA","GGGAGGATCCCTTGAGCCCAGGAGTTTGAGATCAGCCTGGGCAATATAGCAAGACCCCATCTCTAAA"
"chr1","1501716","1501981","KN295933v1","876790","877057","65","624926","GGCATGGTGGCTCACACCTGTAGTCCCAACACCTTGGGAGGCTGAGGTGGGAGGGAGGATCACTTGAGCCCAGGAGTTCAAGATGAGCCCTGGAAACACAGCAAGACCTTGTCTCTAATGAAAATAAAAAACTAGCCAGGTAGAATGCTGCACGGCTGTATTCCCAGCTACTGGAGAGGCTGAGGTGGGTGGATCACTTGAGCTTGGGAGTTTGAGGCTGCAGTGAGCCACGATCCCACCACCGTACTCAAGCTTGGGCAATGAAG","GCTGGGCATGGTGGCTCACACCTGTAATTCCAGCACTTTGGAAGGCTAAGGCAGGCAGATCGCTTAAGCCTAGGAGTTCAAGATAATCCTGGGCAACATAGGAAGACCTCGTCTCTACTAAAAATAAAAAATTAGCTGGGCATGCTGGTACATACCTATAGTCCCAGCTACTAGAGAGGCTGAGATGGGAGGATCACTTGAGCCCTAGGAGGTTGAGGCTGCAGTGAGCCATGACAGCCCCCACTGCACTCTGGCCTAGGTGATAGAG"
"chr1","1561470","1561580","KN296178v1","771001","771107","19","790469","GCCAGGTGCAAGGGCTCAGGCCTGTAATTCCAGCACTTTGGGAGGGCAAGGCAGGAGGATTGCTTGAGCCCAGGAGTTCAAGTCCAGCCTGGCCAACATAGCAACACTCTG","GGCCAGGCATGGCTCAGGCCTGTAATCTCAGCATTTGGGAAGGGTAAGGCAGGAGGGTTGCTTAAGGCCAGGAGTTCAAGATCAGCCTGGGCAACATAGCAAGACTC"
"chr1","1561883","1562068","KN296253v1","663605","663793","40","898278","AAAAACTCTTTTCTACAAAATAAAAAAATTAGCCAGGCATGGTGGCTTGCGCCTGTAGTTCCAGCTACTCAGGAGGCTGAGATGGGAGGATTGTTTGAGCCTGGGAGGTGGAGGCTGCAGTGAGCTATGATTAAGCCACTCCACTCCAGCCTGGGCGACAGAGACAGACCCAGTCTCCAAAAAAAA","CCATCTCTCTATAAGAAATAAAAAAGTTAGCCAGGCATGGTGGTGTGTGCTGGTGGTCCCAGATACTCAGGAGGCTGATGTGGGAGGATCACTTGAGCCTCGGAGGTCAAGGCTGCAGTGAGCTCTGATTGCACCACTGCACTCCAGCCTGGGTGACAGAGTGAGACCCTGTCTCAACAACAACAGAAA"
"chr1","1566866","1567115","KN295923v1","1975100","1975355","59","408234","AGGCATGAGGGTTCCTTGAGCCCAGGAATTCAAGACCAGCCTGGGCAATACAGGGACACCTTGTTTCTACTGAAAAATGAGCCAGGTGTGGTGGCACACGCTACGCCTGTAGGTCCCAGCTACACGGGAGGCTGAGGTGGGAAGATTACTTGTGCCCAGGAGTTCGAGGTTGCAGTGAGCTATGATCGCTCCACTGCACTCCAGCCTGGGCAACAGAAGAAGACTCTGTCTCAAAACAACAACAACAAAA","GAGACAGGAGGATTGCTTGAGGCCAGGAGTTCTAGACCAGCCTGAACAATATATTGAGACCCTGTCTCTACAAAACAACTAGCCAGGCGTGGTGGCACCGGCCTGTGGTCCCAGCTACTCGGGAGGCTGAGGTGGGAGGATGGCTTGGGCCCAGGAGTTTGAGGCTGCAGTGAGCTATGATCATGTCACTGTACTCCAGCCTGGGCAACAGAGCAAGATCCTGTCTCAAAAAAAGAAAGAAAGAAAGAGAGAAAGA"
"chr1","1571287","1571358","KN294964v1","567178","567244","22","1004109","TGGGAGACTAAGGCCAGAGGACCGCATGACGCCAGCCTGGGCAACGTAGGGAGACCTTGTCTCTGACAAAAA","GAGGCAAGAGGGTTGGGAGTTCAAGCCCAACCTGGGCAACATAGTGAGACCTTGTCTTCACAAAAGA"
"chr1","1580026","1580157","KN296495v1","524539","524668","38","1055487","AGTCAGGCAAGGTGGCGAGCGCCTGTAGTCCCATATACTCTGCAAGCTGAGATGGGAGACCGATTGAGCCCAGGAGTTCCAGGCTGAAGTGCGCTTGTGAACAGCCACTGCGCTGTGGCATGGGCGACAAAG","AGCTGGGCATGGTGGCTCACGCCTGTAATCCCAGCATCGGGAGACTGAGGTGGGAGGATCGCTTGAGCCCCGGGGTTCGAGGCTTCATTGAGCTATGATCAAGCCACTGCACTCCGGCTTGGGTGACAGA"
"chr1","1585664","1585949","KN296884v1","212592","212879","61","1373072","CAGGTGTAGTAGCCCACGCCTATATTCTCGACACTACGGGAGGCTGAGTGGGAAGGATTGCTTGAGCCGAGGAGTTCAAGACCAGCCTGGGCAACAAAGCGAGAGCCCAGCTCAACAAAAAAATAGCCAGGCATGGTGGCACGTGCCTGTGGTTCCAGCCACATGGGAGGCTGAGGTGGGAGGATCACTTGAGCCCAGGAAGTCGAGGCTGCAGTGAGCCAAGATCATGGCACTGTACTCCAGCCTGGGTGACAGACAGAGCAAGACTGTCTCAAAAAAATAAAAA","GGGTGCAGTGGCTCACACTTGTAATCCCAGCACTTTGGGAGGCTGAGGTAGGAGGATTGCCTGAGCCCAAGAGTTCAAGACCAGCCTGGGCAATATAGCAAGACCCTATCTCCACAAACAATTAAAAATTAGCCAGGCATGGTGATATGCACCTGTGGTCTGATACTCAGGAGGCTGAGGTGGGAGGATCACTTGAGCCCAGGAGGTTGAGGCTGCAGTGAGCCAAGATTGCATCACTGCACTCCAGCCTGGGTGACAGAGAAGAGACCCTGTCTCAAAAAATGAAAA"
"chr1","1633827","1633970","KN294911v1","1045752","1045901","33","588075","GGCCAGGTGTGGTGGCTCATGCCTGTAATCCCAGCACTTTGGGAGGCTGGAGAGAAAGGATCAGTTGAGGCCAGGGGTTCAAGACCACTCTGGGCAACACAGAACTCTTCTCTAGCAAAAAAAAAATTAGCCGGGCATGGTAGC","GGCTGGGTAGAGGGGGCTCATGCCTGTCATCCCAGCACTTTGGGAGGCTAAGACAGGAAAATTGCTTGAGGCTAGGAGTTCAAGACCAGGCTGGGCAACATAGTGAGACCCATCTCTACAGAAAAAAAAAAAATAGCCAGGCATGATGAC"
"chr1","1634729","1634864","KN295706v1","291517","291648","20","1343212","GGTCAGACACAGTGGCTCACACTTGTAATCCCAGCACTTTGGGAGGCCAAAGCAGGGGAATCACTTGAAGCCAGGAATTGGAGACCAGCCTGGGCAACACAGCAAGACCCCACCTCTACAAAAACATTAATAAAAA","GGTCAGGCACAGTGGCTCACACCTATAATCCCAGCACTTTGGGAGGCCGAGGCAGGAGCATCACTTGAGGCCAGGAGTTTGAGACCAGCCTGGGCAACATAGCAAGACTCCCATCACTACAAAAAATAGAAA"
"chr1","1635015","1635283","KN296825v1","1365525","1365806","66","269490","GGCTGGGTGCAGTGGCTCATGCCTGTAATCCCAGTGCTTTGGGAGGTCAACACAGGAGGGCCACCAGAGCCCAGGAGTTCAAGGTCAGCCCGTTCAAGGTAGCGAGACCCTGTCTCTACAAAAAATTTAAAAATTAGCTGGACATAGTGGCTCATGCCTGTAGTCTCAGCTACGTGGGAGGATCCCTTGAGCCTGGGAGATTGAGGCTGCAGTAAGCTGTAATTGCACCACTGCACACCAGCTTAGGTGACAGAGCAAGACTCTACCTC","GGCCAGGCACAGGGGCTCAAGCCTGTAATCCTAGTATTTTGGGAGGTCAAGGCAGGAGGATGCCTTGAGGCCAGGAGTTCAAGACCAGCCTGGGCAACATAGTGAGACCCTCTCTCTTAAAAAAATTTAAAAATTAGCTAGACATGGTGGCACATGCCTGTAGTCCCAGTTACTCAGGGAGCCGAGGTGGGAGAATTGCTTAAGCCTGGGAGGTTGAGGCTGCAGTGAGCCATGATTGTGCCACTGCTCTTCAGCCTGGGTGACAGAGCGAGACCCTGTCTC"
"chr1","1637982","1638256","KN294733v1","143432","143710","63","1494550","GTGGCTCATGTCTGTAAGATCAGCACTTTGGGAAGTGGAGGCAGGAGGATCTCTTGAGGCCAGGAGGTTGAGACCAGCCTGGACAACACAGTGAGACTCTATCTCTACAAAAAATTTTATAAATCAGCTAGGTGTGGTGGTGCAGGCCTGTAATCCCAGCTACTCATGAGGCTGAGGTGGGAGGATCAATTGAGCCCAGGAATTTGAGGTTACAGTGAGCTATAATCATGCCACTATAAACACGCCTGGAGGACAGAGTGAGGCCCTGTTTCTAA","TGGCTCATGCCTGTAATCCCAGCACTTTGGGAGGCCCAGGCTGGAGGATCTCTTGAGGCTAGGAGTTCAAGATCAGCCTAGGCAACATAGCAAGACCCTATCTCTACAAAAAATGAAAAACAATTAGCTGGGTGTGGTGGAGCATGCCTGTACTCTTAGTTACTTGGGAGGCTGAGGGGGGAGGATCACTTGAGCCCAGGAGTTGGAGGCTGCAGTGAGCTATGATTGTGCCACTGCACTCCAGCCTGGGCAACAGAGCGAGACTCTGTCTCTAAAAAA"
"chr1","1665949","1666212","KN295607v1","4294863","4295138","67","2628914","GCTGGACATGGTGGCTCATGCCTGTAACTGCAACACTCTGGGAGGCCAAGGTAGGAGGATAGCTTGGAGCCAGGGGTTCGAGACCAGCTGGGGCAACAAAGCTAGACCCCTTCTCTACAAAAAATGAAAAACAGCCACGCACAGTGGCGCACAACTATGGTCCCAGCTCCTCGGGAGGATGGCTCAAGCCTGGGTGGTTGAGGCTGCAGGGAGCTATGATTGCACCACTGCACTCCAGGCTGGGCGAAAGCGAGACCCTGTCTC","GGCTGGGCATGGTGGCTCACGTCTGTAATTCCAGCACTTTTGAGAGATCAAGGTGGGAGGATTGTTTGAGCCCAGGAGTTCTAGACCAGTCTGGGCAACTTAGCGAGACCCTGTCTCTACAAAAAATTTAAAAATTAGCCAGGCATAGTGAAGCATTCACCAGCTATTTAGGAGGCTGAGGTGGGAGGATTGCTTGAGCCCAGGAGGTTGAGGCTGTAGTGAGCTGTGATTGCACCCCTGCACTCCATTCTGGAAGACAGAGCAAGACCCTGTCTC"
"chr1","1673138","1673269","KN297361v1","67703","67835","27","1605435","GTGGTGGCTCATGCCTGTAACCCCAGCACTTTGGGAGGCTGAGATAAGAGGATTGGTTAAGTCCAGGAGTTTGAAACCAACATGGGCAACAAAGGGAGACCCTGTCTACCACAAAAAAAAAATATATATATA","GCATGGTGGCTCATGCCTGTAATCCCAGTACTTTGGGAGGCTGAGGTGGGAGGATTGCCTGAGCCCAGGAGTTTGAGACCAGCCCAGGCAACACAGGGAGACCCTGTCTCTATAAAAAAGGAAAAAAGAAAAT"
"chr1","1673547","1673733","KN296883v1","2780707","2780888","41","1107160","CACAAAAAATTATTTTTTAAAAAATTAGCTGGGCACAGTGATGTGCACCCGTGGTACCAGCTACTCAGGAGGCTGAGGCAGGAGGATTGCTTGAGCACAGCAGTTCAAGGCTTCAGTAAGCTAGGATCGCACCACTGCATTCTAGCCTGGACGACAGAGTGAGACCCAGTCTACAAAAAAAAAAAAA","AAAAAAATTTTTTTTTAATTAGCCAGGCATGGTGGTACTTGCCTGTAGTCCCAGCTACTCAGGAGGCCGAGGTGGGATGATTGCTTGAGCCCAGGAGGTCAAAGCTGCAGTAAGCCATGATTGCGCCACTGCACTCCAGCCTGGGTGACACAGTGAGACCCAGTCTCCAAAACAAAACAAAA"
"chr1","1676953","1677254","KN296153v1","3904953","3905242","63","2228000","GTGGTGGCTCACACCTATAATCTCAGCACTTTGGGAGGCTGAGGTGGAAGGATCACTTAGGGGCCAGGAGTTTGAGACCAGTGTCAGCAACAAAGGGAGACCCTGTCTCTGTAAAAAACCAAAAAATATTAGCCAGGCATGGTGGCACATGCCTGTGGCCTATGCCACTTGGGAGGCTGAGTAGGAAGGCTTGCTGGAGCCTAGGAGGTCGAGGCTGCAGTGAGATATGATCACACCACTGCACTCCAGCATGACTGACAGAGTGAGACCCTGCCTAACACAAAAAAAAAAAAAAAAAAAAA","GGTGGCTCACACCTGTAATCCCAGCACTTTGAGAGGCCAAGGTGAGAGAATCACTTGAGGCTGGGAGTTCAAGACCAGTCTGAGCAACACAGTGAGACCCTATCTCTGCAAAAATACAAGAATTAGCCGGGCATAGTGGTGTGCACCTGTGGTCCCAGCTACTTGGGAGGCTGAGTGGGGAGGATTGCTTGAGCCCTGGAGGTCAAGGCTGTAGTGAACTTGATCATGCCACTGCACTCCAGCGTGGCTGACAGAGTGAGATTCTGTCTCAAAAAAAAAAAAAAAAAAAA"
"chr1","1693289","1693558","KN296485v1","649961","650220","70","1043328","GGCTGGGTGTGGTGGCTCATGCAATAGATTAGAGTCTAGCGCTTTGGGAGGCCTTGGCAGGAGGATCACTTGAAGCCAAGAGTTTGAGACCAGCCCGGGCAACATAGCAAGGCCTCGTCTCTACCAAAAATTTCAAAAATAGCTGGGTGTGATGGGTGGAGTCTGCTTGTAGTCCTGGCTACTCTGGAGGCTAAGGTAGAAGGATGGCTTGAACTGCAGTGAGCTATGATCATGCCACTCACTCCACCCTGGGCAACAGTGTGAGACCCT","GGACAGGTGGGGTGGCTCACGCCTGTAATCTAAGCACTTTGGGAGGCTGAGGCAGGAGAATCACTTAAGACCAAGAGTTTGAGAACAGCGTGGGCAACATAGTGAGGCCTGGTCTCTACGAAAAAAATTAAAATTAACTGGGCTTGGTGGCACGTGCCTATAGTCTCAGCTACTCAGGAGACTGAGTCAGGAGGATTGCATGAGCCCAGTGAACCATGATGGTACCACTGCACTCCAGTCTGGGAGACAGAGTAAGACCC"
"chr1","1699227","1699380","KN295744v1","469676","469831","44","1229551","GGCTAGGTACTATGGCTAACACCTGTAATCCCAGCACTTTGGGAGGAGGATTGCTTGAAGCCAGTTGTTCGATACCATCCTGGGCAATAAAGTGAGACCCCTGTCTCTTCAAAAAAAAAAAAGTTAGCAGTCGGGCATGGTGGCTCACACCTGT","GGCAGGATGTGGAGGCTCACACCTGTAATCCCAGCACTTTGGGAGGCCGAGTTGAGGCAAGGAGTTTGAGACCAGCCTGGGCAACATAGCAAGACCCTGTCTCTACAAAAAATTTAAAAATTAGGCCGGGCGCGGTGGCTCAAGCCTGTAATCCCA"
"chr1","1713280","1713379","KN297112v1","4708208","4708305","25","2994928","GCCAGGCGTGGTGGCTCGTGCCTGTAATACCAGGGGGGATCACTTGAGGCCAGGAGTTTCAGACCAGCCTAGGCAACATAGCAAGATCCTGCCTCTCAAA","CGGGCACTCTGGCTCATGCCTGTAATACCAGACAGGTGGACTGCTTGAGGCCAGGAGTTTGAGGCCAGCCTGGGCAACATAGCAAAACCACGTCTCTA"
"chr1","1713671","1713841","KN296731v1","1354714","1354866","45","358957","TCAAAATATTTTTTAAAAAACTGGCATGGTGGTGCATACCTGTAGTCCTAGCTACTCCAGAGGCTAAGACAGGAGGACTGGTTGAGCCCAGGAGTTCAAGGCAGCAGCGAGCCACTGCATGTCAGCCTGGGCAACAGAGTGAGACTCTGTCTCTTAAGAAAAAAAAAAAAA","AAGTTAGGCGGGCATGGTGGTGTGCACCTGCAGTCCTAGCTACTTGGGAGGCTAAGGCAGGAGGATCGCTTGAGCCCAGGAGGTCAAGGCTGCAGTGAGTCATTGCACTCCAGCCTAGGTAACAGAGTGAGACTTGGTCTCAAAAAAAAAAAA"
"chr1","1717575","1717841","KN296732v1","3565284","3565543","65","1847709","TTCAGGAGGTTGTGGCAGGAGGATCACTTGAGGCTGAGAGTTTGAAAACAGCCTGGGCAATGTAGTGAGACCAGACCCATCTCTGAAAATATAAAAGTTAGCCAGGTGTGATGGCACATGCCTTTAGTCCTGGCTGCTCAGGAGACTGAGATGGGAGGATACTTGAGCCCAGGAATTTGAGGCTGCAGTGAGCTATGATGGTGCCACTGCACTCTAGCCTGGGTCACAGAGCAAGATCGCCATCTCTTAAAGGAGAAGAAGAAGAAA","TTTAGGAAGCCGAGGAGGGAGGATCGCTTGAAGCCAGAAGTTCAAGACCAGCCTGGGGCAACAAAGTGAGACCCTGACTCCACTAGAAATTTTTAAATTAGCTAGGTGTGGTTGTGTGCACCTGTAGTCCCAGCTACTCAGGAAACTGAGGTGGGAGGATTGCTTGAGCTCAGGAGTTTGAGACTACAGTGAGCTATGATCATACCACTGCACTCTAGCCTGGGTGACAGAGTAGGATCCTATCTCTAAGAAAAAAAAAA"
"chr1","1738590","1738710","KN296119v1","2141246","2141365","27","402656","TTAGCTGGGCCTGATGGTGTACACCTGTAGTCCCAGCTATCCAGGAGGCTAAGGTGGGAGGATTGCTTGAACCCAGGAGTTCGAGGCTGCAGTGACCTGATTGTACGACTGCACTCCAGCC","AAGCCAGGTATGGTAGTGCACACCTGTAGTCCTAGCTACAGGGGAGGCTGAGATAGGAGGATCTTGAGCCTAGGAGTTTGAGGCTGCAGGGAGCCATGATTGCACCACTGCACTCCAGCC"
"chr1","1739743","1739880","KN295995v1","159601","159737","18","1580142","GGCTGGGCATGGTGGCTCATGCCTGTAATCTTAGCACTTTGGGAGGCTGAGGCAGGAGAATCACTTGAGGCCAGGAGTTTGAGACCAGCCTGGGCAACACAGCTAGACCCTGTCTCTATTTTTAAAAAATAAATAAAA","GCCAGGCATGGTGGCTCACGCTTGTAATCCCAGCACTTAGGGAGGCCGAGGCAGGAGGATTGCTTGAGCCCAGGAGTTTGAGACCAGCCTGGGCAACATAGTGAGACCCTGTCTCTATTTTTAAAATAATAATAAAA"
"chr1","1742159","1742471","KN295236v1","455092","455401","62","1287067","GGCTGGGCGTGGTAGCTCACACCTGTAATCCCAGTGCTTTGGGAGGGCGAGGCAGGAGGATCACTTGAGGCTGAGATTTTAAGACCAGCCTGGGCAACATAGTGAGACCCCATCTCTACAAAAAATTTGAAAATTAGCCAGGCATGGTGGTGCGTGCCTGTGGTCCCATCTACTGGGGAGGCTGAGGCAGGAGGATTGATGGAGCCTGGCAGGTTGAGATTGCAGTGAGCTATGGTTGCACCATGGCACTCCAGCCTGGGTGACAGAGTGAGGCCCTATGTCTTAAAAAACAACAACAACAACAACAAAAAAA","GGCCAGGCACGGTGGCTCACACCTGTAATCCTAACACTTTGGGAGGCCGAGGCAGGAGGATCACTTGAGGCCAGGAGTTTGAGACCAGCATAGGCAATGTAGTGAGATTCCCTTCTCTACAAAAAATAAAAAATTAGCCAGGCATGGTGGTGGGTGCCTGTAGTCACTGCTACTAGGGAGGCTGAGGCGGGAGGATCACTTGAGCTCACGAGATTGAGGCTGCAGTGAGCTATGACTGCACCACTGGACTCCAGCCTGGGCAACAGAGTGAGACTCTGTGTCTCTAAAAAGGAAAAAAATAAGAAAGAAA"
"chr1","1761189","1761479","KN294987v1","797207","797503","68","963982","GGCTGGGTGCCATGGTTCACGCCTACAATTCCAGCTCTTTAGGAGGCTGAGGCTGGAGCATTACTTCAGACCGGGAGTTTGAGACTAACATAGTGAGTGAGACCCCATCTCTGCTAAAAATAAAAAATTAGCCAGGCATGATGTCTCGTGCCTGAGGTACCAGCTACTCAGGAAGCTGAGGTGGGAGGATCGCTTGGGCAGGTGAGGTTGAGGCTGCAGTGAGCCATCATCGCGCCACTGCACTCAAACCTGGGTGACAGAGTGAGACCTTGTCTCAAAAACAAACAAAAA","GCTGGGCGCAGTGGCTCACGCCTGTAATCCTAGCACTTTTGGGAGGCTGAGATGGGAGGATCACTTGAGCTCAGGAGTTCAAGACCAGCCTGGGCAATGTAGTGAGACCTCATCTCCACTAAAAATTTGAAAAATTACCCAGGCATGGTGGTACACCTGTAGTCCCAGCTACTTGGAAGGCTGAGGTGGGAGGATCGCTTGAGCCTGGGAGTTGGAGGCTGCAGTGAGCCACGATTGCACCACTGCACTCCAGCCTGGGTGACAGAGTGAGACCCTGTCTCAAAATAAAAATAAAAA"
"chr1","1801467","1801769","KN297320v1","1234476","1234772","52","566991","GCCGGGCACAGTGGCTCACGCCTGTCATCCCAGGACGTTGGAAGGCTGAAGCGGGAGGATCGCTTGAGGCTATGAATTCAAGACCAGCTTGGGCAACATAGTGAGACCCCATCTCTACAAAAAATATAAAAGTTAGCCAGGCATGGTGGCGTGTTCCTGTAGTCCTAGCCACACTCAGGAGGCTGAGGTGGGAGGATCGCTTGAACACGGGAGGTGGAGGCTGCAGTGAGCCGTGATTGCACCCCTTGCATTCAAGCCTGGGTGACAGAGCAAGACCCTGTCTCAAAGAAAAAAAAATTAAAA","GGCTAGGCACAGTGGCTCATGCCTGTAATCCCAGCACTTTGGGAGGCCAAGGAGAGAGAATTGCTTGAGGCAGGAGTTCAATACCAGCTTGGGCAATATAGTGAGACCCCTGCCTCTACAAAAAATTTTAAAAATTAGCCAGGTGTGGTGGTGCACACCTGTAGTCCCAGCTACTCAGGAGGCTGAGGTGGGAGGATCGCTTGAGCTGGGAGGTAAGGCTGCAGTGAGCCATGATTGTGCCACTGCACTCCAGCCTGGGTGACAGAGCAAGACCCTGTCTCAAAAAAAAAAAAAAAA"
"chr1","1857272","1857561","KN296153v1","3627188","3627472","65","1769916","GTGGCTCAAGCCTTGTAATCCCAGCACTTTGGGAGGTTGAGGTGGGTGAATCCTGGCTGAGACCAGGAGTTCAAGACTAGCCTGGGCAACAAAGAGAGACCCACCATCTCAACCAATAATTTGAAAATTACCTGGGCATGGCGGCATGTGCGTGTAGTCTTAGCACTTGTGAAGCTGAGGCGGGAAGATTGCTTGAGCCCAGAAGTTTAAGGCTGCAGTAAACTGTGATTGCGTCACTGCACTCCAGCCTGGGCAACAGAGTGAGACCCTGTCACAAAAGAAAACAGAAA","TGGCTCATGCCTGTAACCCCAGCCCTTTGGGAGGCTGAGGCGGGAGGATCACTTGGGGTCAGGAGTTCAAGACCAGCCTGGGCAACATAGTGAGACCCCCCCCCCATCTCTACTAAAAAATCAGCCAAGCATGGTGGCATGCACTTGTAGTCTCAGCTACTTGGGAGGCTGAGGTGGGAAGATTGCTTGAACCCAGGGAATTTGAGGCTGCAGTGAACTGTGATCGCACCACTGCACTGCAGCCTGGATGACAGAGTCACACCCTGTCTCTAAAAAGAAAAAAAA"
"chr1","1859242","1859590","KN294470v1","3146483","3146791","93","1287241","GCAGGGCACAGTGGCTCATGCCTGTAATCCCAGCAACATGGGAGCCTGAGGTGGGAGGCTCTCTTGAGGCCAGGAGTTTGAGACCAGCCTGGGCAACATAGTGAGACCCCCACCCCACCCCACTGCCATTTCTAGAAAAAAAAAAAAACGTGGCCAGGCACAGTGGCTCACGCCTGTAATCCCAGNNNNNNNNNNNNNNNNNNNNCACCTATTCAGGAGGCTGCAGTGGGAGGATCACTTGAGCCCAGGAGGTCGAGGCTGCCGTGAGCTGTGATTGTGCCACTGCAGCCCAGCCTGGGCGACAGAGCAAGACCCTGACTCTAAAAGGGTTAAAAAAAAAAAAAAAAAA","GGACAGGCACAGTGGCTCACGCTGTAATCCCAGCACTTTGGGAGGCTGAGGCAGGAGGATCGTGTGAGGCCAAGAGTTTGAGACCAGCCTGGGCAACATAGTGAGACCCTGTCTCTGCAAAAAAAACAAAAATAAAAAATTGGCCAGGTGTGGTGGCACATGCCTGTGGTCCCAGCTACTCAGGAGGCTGAAGTGGGAGGATCACTTGAGCCCAGAAGGTCGAGGCTGCAGTGAGCCCTGATTGTACCACTGCACTCTAGCCTAGGCAACAGAGGGAGACCTTGTCTCAAAAAAAAAAAAAAAAAAAAA"
"chr1","1875221","1875344","KN294467v1","32975","33096","21","1842246","GGCCAGACGAGGTGGCTCACTCCGCTAATCCCAGCACTTTGGGAGGCTGAGGCAGGAGGGTTGCTTGAACCCAGGAGTTTGAGGCCAGCCTGGGCAACGTAGTGAGACGCTATCTCTATTTAAC","GGCCAGGCGCAGTGGCTCACGCCTGTAATCCCAGCACTTTGGAGGCTGAGGCAGGAGGATTGCTTGAGGCCAGGAGTTTGAGACCAGCCTGGGCAACATAGTAAGACTGTCTCTACCAAAGA"
"chr1","1875374","1875515","KN296101v1","34946","35080","26","1840428","ATTTTTAAAAAGCTGGGCATGGTGGCTCACTCCTGTAATCCCGGCACTTTGGGAGGCTGAGGCGGGTGGATCACTTGAGGTCAGGAGTTCAAGACCAGCCTGGCCAACATGGCAAAACCCTGTCTCTACTAAAAATACAAAA","GGCCAGGCATGGTGGCTCACTCCTGTAATCCCAGCACTTTGGGAGGCTGAGGTGGGCAGATCACTTGAGGTCAGGAGTTCAAGACCAGCCTGGTCTACATGGCAAAACCTATCTCTATTAAAAATACAAACATTA"
"chr1","1881346","1881645","KN295090v1","2290575","2290869","60","409229","GGCTGGGCGCGGAGGCTCACGCCTGCAATCTCAGCACTTTGGGAGGCCACGGGGGAGGATCCCTTGAGGCCAGGAGTTTCAGACCAGCCTGGGAAACATAGTGAGACCCCATCTCTACAAAAAATAGAAAATTATCTGGGTGCAGTGACATGCCTCGGTGGTCCCAGCTCCTCCAGAAGCTGAGGTGCAAGGATCCCTTGAACCCGGGAGGTGGAGGCTACAGTGAGCTGAGATCGTGCCACTGCACTCCAGCCTGGGCCACAGAGCAAGACCTTGTCTCTTAAAAGAAAAAGAAGAAAA","GGCCGGGCATAGTGGCTCATGCCTGTAATCCTAGCACTTTGGGAGGCAGAGACAGGAGGATCATTGAGCCCAGGAGTTCCAGACCAGCCTGGGCAACATAGCAAGACCCCATTTCTACAAAAAATTTAAAAATTAGCCAGGTGTGCTGGCACGAGCCTGTGGTCCCAGCTACCCGGGAGGCTGAGGTGGAAGGATCACTTGAACCCGGGAGGTCGAGGCTGCAGTGAGCTGAGATGGCACCACTGCACTCAGCCTGTGTGACAGAGCGAGACCTTGTCTCGAAAAAAAAAAAAAA"
"chr1","1901997","1902265","KN296096v1","524484","524754","63","1377513","CCCAGCACTTTGGGAGGTTGAGATGGGAGGATTTCTTGAGCTCAGGACTTCAACACCAGCCCAGGAGACATAAGGAAACCCCATCTCTGCAAAAGAAAATAGCCAGGTGTGGTGGTGTGCACCTGTGGTCCCAGCTACTTGGGAGGCTGAGGTGGGAGGATTGCTTCAGCCCAGGAATTCAAGGCTGTAGTGAGCTGTGACTGCACCACTGCACTCAGCCTGGGCAATAGAATGAGACCTGTCTCAAAAAAAAATTAAAAATAAATAAA","CCAGCAGCATGGGAGGCCGAGGTGGGAGGAATGCTTGAGCCTAGGAGTTTGAGACCAGCCTGGGCAACATAGTGAGACCCTGTCTCTACAAAAGACTAAAAAATTAGCCAGGTGTGGTGGCGCATGCTTGTGGTCCCAACTACTCGGGAAGCTCAGGTGGGAAGATTGCTTGAGCCCGGGAGGTTGAGGCTGTAATGAGCTGAGATTGAGCCACTGCACTCCAGCTTGGGCAATAGAGTGAGATCCTGTCTCAAAAATAAATAAATAAAAA"
"chr1","1909810","1910122","KN295405v1","397301","397607","63","1512509","GGCCGGGCGCGGTGGCTCACGCCTGCATTCCCAGCACTTGGGAAGACCGAGGCGGGCGCATCGCTTGAGGCCTGGAGTTGGAGACAAGCCTGGGCAACATGGTGAAACCCCGTCTCTACAACAAGTTTAAAAATTAGCTGGGTGCGGTGGTGTGTGCTTGTGGTCCCAGCTGCTCAGGAGGCTGAGGTGAGAGGATCACCTGAGCCCAGGAGGTGGAGGCTGCAGTGAGCTGAGATATGGCACCACTGCACTCTAGCCTGGGCGACAGAGTGAAGCCCAGCCTCTAAAAAAAATAATAATAATAACTTAAAAA","GCTGGGCGCAGTAGCTCACACCTGTAATCCTAGCACTTTGGGAGGCTGAGGTGAGCAGATTGCTTGAGGTCAGGAGTTCGAGACCAGCCTGGGCAACATGGGGAAACCCCATCTCTACAAAAAATACAAATATTAGCTGGGCATTGTGTTGTGCACCTGTGGTCCCAGCTACTCAGGAGGCTGAGGTGGGAGGATCACCTGAGCCCTGGAGATAGAGGCTGTAATGAGCTGCAATCGCACCACCGCACTCCAGCCTGAGTGACAGAGTGAGCCCTGTCACCAAAAAAAAGAAAAAAAGAAAAAAAAA"
"chr1","1931190","1931318","KN295995v1","1881187","1881317","26","50003","GCCAGGCGCCATGGCTCATGCTTGTAATCTCAGTGCTTTGGGAGGCTGAAGAGGAAGGATCACTTGAGGCCAGGAGTTGGAGACCAGCCTTGGGCCACATGGCAAAACTGTGTTTCACACACACAAAAA","GGCCAGGCGCAAAGGCTCATGCTTATAATCCCAGTGCTTTGGGACGCCAAGATGGGAGGATCACTTGAAGCCAGGAGTTTACGACCAGCCTGGGCAACATGGTAAGACCCTGTCTCTACAAAAAAAAAAAT"
"chr1","1949467","1949770","KN295304v1","712822","713119","56","1236645","GCCGGGCGCAGTGGCTCACGCCTGTCATCCCAGCACTTCGGGAGGCCTAGCCGGGTGGATCGCCTGAGCTCAGGAGTTTTCAAGACCAGCCTGGGCAACATGGCAAAACCCCATCTCTACAAAAAAATGTAAAAATTAGCCTGGTGTAGTGGTGCACACCTGTCGTTCCAGCTCCTCGGGGAGGCTGAGGTGGGAGGATCGCCTGAGCCCAGGAGTTCGAGGCTGCAGTGAGCTGAGATTGTGCCACTTCACTCCAGCCTGGGTGACAGAGCGAGACCCTCTTAAAAAAAGAAAAAAAAAAAGA","GACTGGGCGTGGTGGCTCACACCTGTAATCCCAGCACTTTGGGAGGCCAAGGCGGGAGGATCACTTGAGGGCCAAAAGTTCAAGACCAGCCTGGGCAATGTAGTGAGACCCCATCTCTACAAACAAATGTAAAAATGAGCCAGACATGGTGGTGTGCACCTGTGGTCCCAGCTACTTGGGAGGCTGAGGTGGGAGGATGGCTTGAGCCTAGGAGGTCGAGGCTTCAGTGAGCTGAGATTGTACCACTGCACTCCAGCCTGGGTGACAGAGCGAGACCATCTCAGGAAAAGGAAAAAAA"
"chr1","1967291","1967529","KN294758v1","1155751","1155987","65","811540","TCCCAGTACTTTGGGCGGGCGAAGTGGGAGAATCACTTGGGGCATTCGAGACCAGCCTGGGTAACAAATCAAGGCCCCCAACTCTACTAAAAATAAAAAATTAACCAAGCGTGGTGGTGCACGCCTGAAGTCCCAGCTAGTTGCGAGGCTGAGGTGGGAGGCTTGCTTGAGCCCGGCTGCAGTGAGCCGTGATTGTACCACTGTACTCCAGCCTGGGCAACAGAGCAAGACCCTGTCTC","CTTTGAGAGGCCGAGGCAGGAGGATCACTTGAGGCTAGGAGTTCAAGACTAACTTGGGCAACATAGCAAGCCCCTGTCTACAAAGAATTTAAAAATTAGCCAGGCATGGTGGTATGTGCCTGAAGTCCCAGCTACTTGGGAGGCTGAGGTGGGAGGTTTGCTTGAGTACAAGGTTGCAGTGAGCTATAATCGTACTACTGTACTCCAGTCTGGGTGACAGAGTGAAAACCCCATCTC"
"chr1","2015073","2015230","KN295748v1","125282","125449","40","1889791","GGCAACACAGTAAAACCCTGCCTCTACAAAAAATAAAATTGCCGAGTGTGGCACGTATCTGTAGTCCCAGCTCCTCTGGAGGCTGAGGTGGGAGGATCGCTGGAGCTCCAGAGGTCGAGGCTGCAGTGAGCAGTAATCGCACCCCTGCACTCCAGCCT","GGCAACATAGCAAGACCCTGTCTCCACAAAAAGTAAAAAAATTAGCTAGGTGTAGTGGCACATGCCTGTAGTCCTAGCTATTTGGGAGGCTGAGGTAGGAGGATCACTTGAGCCCAGGGTTTTGAGGCTGCAGTGAGCTGTGGTTGCACCACTGCACTCCAACCTAGG"
"chr1","2053913","2054176","KN294439v1","249976","250241","58","1803937","GGCCGGGCACGGTGGCTCACGCCTGTAATCCCAGCCCTTTGGGAGGCTGAGGCAGGTGGGTTGCTGGAGCCCAGGAGTTTGAGACCAGCCTGGGCAACATGGCAAGATCCCATCTTTACACGCCTGGGCGTGGTGGCGCGTGCCTGTGGTCCTAGCTACTCTGGAGGCTGAAGTGGGAGGATTCCCTTGAGCCAGGAATTGGAGGCTGTAGTGATGTATGATTGCACCACTGCACTCCAGCCTGGGTGACAGAGTAAGACCCTG","CCAGGCATGGTGGCTCATGCCTGTAATCCCAGCATTTTGGGAGGCTGAGGCTGGCAGATTGCTTGAGTTCAGGAGGTCAAGACCAGCCTGGGCTACATGGCAAAACCCCATCTCTACAAAAATTGGCTGGATGTGGTGGTGCACGCCTATGGTGTCAGCTACTCAGGAGGCTGAGGTGGGAGGATTACTTGAGCCCATGAGATCGAGACTGCAGTGAGACATGATCGTGCCACTGTACTCCAACCTGGGTGACAGAGTGAGACCCT"
"chr1","2057432","2057709","KN294451v1","879087","879371","61","1178345","GGCCAGGCCCAGCAGCCCATGCCTGTAATTCTAGGACTTGGGGAGGTCCAGGCAGGCAGATTGCTTGAGCCCAGGAGTTTGAGACCAGCCTGGGCAACATGGCAAGACCTTGTCTCTATAAATAAAAAATTAGCTGGGCATGGTGGCATGTGCCTGTGGTCCCACCTACTTGGGTGGCTAAGGTGGGAGGATCACCTGAGCCCAGGGAGGTGGGGGCTGCAGTGAGCCAAGATCGTGCCACTGCACTCTAGACCCCAACTCAAAAAAAAAAAAAAAAA","GGCCAGGCACAGTGGCTCATGCCTGTAATCCAGGCACTTTGGGAGGCCAAGGCAGGAGGATTGCTTGAGCCCAGAAGTTTGAGATCAGCCTGGTCAACATGGTGAAACCCCACCTTTCCAAAAAATAGAAAAATTAGCTGGGTGTAGTGGCACTGTGCCTGTAGTCCCAGCTACCTGGGAGGCTGAGGTGGGAGGATCATCTGAACCCAGGGAATTTAAAGCTGCAGTGAGCCATGATTGTCTGCCAGGACAGAGTGAGACCCTGTCTCAAAAAACAAAACAAAA"
"chr1","2064320","2064426","KN296079v1","773494","773597","22","1290826","GCACTTTGGGAGGCCAAGGCAGGAGGATTGCTTGAGGCCAGGAGTTTGACGAGACCAGCCTGGACAATATTATGAGACCCTATCTTTACAAAAATAAAATTAGCCAG","CAGCACTTTGGGAGGCCGAGGCAGCTGGATTGCTTGAGTCAAGGAGTTTGAGACCAGCCTGGGCAACATGGTGAAACCCCATCTCTAAAAAAAAAAATTAGGCC"
"chr1","2083193","2083351","KN295708v1","750238","750397","34","1332955","TAGCTATGCATGATGGCATGCACCTGTGGTCCCAGCAACTCAGGAAGCTGAGGAAGGAGGATTGGTTGAGCCAAGGAGTCCGAGGCTGCAGTGAGCTAGGATAGCATCAGTGCACTTCAGCCAGGACAACAGAGTGAGACCCTGTCTCTAAAAAAGAGA","AGCTGGGCATGGTGGCATGCACCTGTAGTCTCAGCTACTCATGAGGCTGAGGTAGGAGAATGGCTTGAGCCAAGGAGTCGAAGCTGCAGTGAGCTATGATTGCGCCACTGTACTCCAGCCCGGCTGACAAAGTGAGACCCTGTATCAAAAAACAAAAAAA"
"chr1","2135738","2136047","KN295294v1","3588871","3589172","72","1453133","GGCCAGGCACGGTGGCTCACACCTGTCATCCCAACACTTTGGGAGGCTGAAGCAGGAGGATCGCTTGAGCCCAGGAGTTCTAGACCAGCCTGGACAACATGGCGAGACCCCATCTCTACCCAAAAAATATAAAACGTTAGCCAGATGTAGTGGTGTGTGCCTGTAGTCTCGGCTACTCATGAGGCTGAGGTGGGAGGATCACTTGAACCAACAAGGTTGAGGCCACAAGACTGTGCTGCTGCACTCCAGCCTGGGTGACAGAGCCAGAGCCAGACCCTGTCGAAAAAAGAAGAGGGAGAGAAGGAGAGAA","GGCCAGGTGCGGTGGCTCATGCCTGTAATCCCAGCACTTTGGGAGGCTGAGGCAGGAGGATCCCTTGAATCCAGGAGTTGGAGACCAGCCTGGGCAACAAAGTGAGACCCAGTCTCTACAAAAATAAAAATAAGAAAATTAGCCCGGTGTAGTGGCATGTGCCTGTTGTCCCAGCTATCCAGGAGGCTGAGGTGTTAGGATCACCTGAGCCCGGGAGGTCGAGGCTTCAGTGATAGTGCCACAGCATTCCAGCCTGGGTGACACAGCAAGACCCTGTCTTAAGAAGAGAAAAGAAAGAAAAA"
"chr1","2189918","2190222","KN295962v1","344673","344936","95","1845245","GTGATCCCAGCACTTTGGGAGGCGGAGGTGGAAAGATTCTCCTGAGCCCAGGAGTTTGAGACCAACCTGGGCAACATAGTGAGACCTCCTCTCTAAAAATTTTTTTAATTATCTGGGCATGGTGGCACACTCCTGTGGTCCCATGGGCATGGTGGCACACTCCACACTCCTGTGGTCCCAGCTCCTTGGAAGGCTAAGGCGAGGGGATTGCTTGCTCAAGCCCAGGAGTTGGAGGCCACAGTGAGCTGGGATTATGCCGCTGCACTCTAGCCTGGGTCACAGAGCCAGACTCTATCTAGAGAAAG","TTCCAGCACTTTGGGATGCTAAGGTGGGAGAATCACTTGAGGCCAGGAGTTCGAGACCAGCCTGGGCAACATAGTGAGACCCCCATCTTTGCAAAAATTAAAGAAAAATTAGCTGGGTATGGTGGTGCACACCTGTGGTTCCAGCTCCTTGGGAGGCTGAGGCAGAAGGATTGCTTGAGCCCAGGAGGTCAAGGCTGTAATGAACTATGATCACGCCACTGCACACCAGCCTGGATGACAGAATGAGACTCTATCTCTTAAAAA"
"chr1","2228335","2228649","KN296508v1","2151971","2152273","56","76364","GGCCAGGCGTGGTGGCTCACACCTGTAATCCCAGCACTTTGGGAGGCCCAGGTGGGCAGATTGCTTGAGACCAGGAGTTAAAGAGCAGCCTGGGCAACAGAGTGAGACCTCATCTCTAAAAGAAAAAAAAATTTTTAAAATTAACCAGGCATGGTGGTGTGCACCTATAGTCCCAGCTACTCAGGAGGCTGAGGCAGGAGGATTACTTGAGCCCAGGAGGTCAAGGCTGCAGTGAGCTATGATTTCACTACTGTACTTCAGCCTGGGTGACAGAGTGAGAACTTGTCTCACAAAAAAAAAAAGTTAGAAAAAAAA","GTCAGGCATAGTGGTTCACACCGGTAATCCCAGCACTTTGGGAGGCTAAGGTGGGAAGATTGCTTGAGGCCAGGAGTTCAAAACCAGCTTTGGCAACATAGCAAGACCCCATCTCTACAAAAAATTATAAAAATTAGCTGGGCATGGTGGAACACACTTGTAGTCCCAGCTACTCAGGAGGCTGAGGCAGGAGGATCACTTAAGCCCAGGAGGTCGAGGCTGCAGTGAGCTATGATCACACCACTGTACTCCAGCCTGGGTGACACAGTGAGACCCTGTCTCAAAAAACAAACAAGCAAACAA"
"chr1","2289143","2289186","KN294224v1","471301","471335","13","1817842","AGAACAGCAGCGACAACAGAGCAAGATCCCATCTCTTTAAAAAA","AGCCGAGACAACAAGGCAAGACCCCATCTTTAAAA"
"chr1","2289768","2289812","KN296460v1","643562","643606","17","1646206","TGGGAGGCCAGGGTGGGAGCACCACTTGAAGACAGGGTTTGAGGC","GGAGCCCAAGGCAGAAGGATCGCTTGAGGCCAGAATTTTGAGATC"
"chr1","2482292","2482560","KN296017v1","375714","376026","63","2106578","CTCATGCCTGAATTCCCAGCAACTCTGGAGGCCGAGGTGGACCACTTGAGCCCAGGAGTTCCAGACCAGCCTGGGCAACACAGCGAGACCCTGTTCTAAAATAAATTTTTTAAAAAGGCATTCGGGAGAGGTGACACACATCTGTGATCCCAGCTACTCAGGAGGCTGAAGTGGGAGGATTGCTTAAGCCCAGGAGTTCAAGTAAGCTGTGATCACACCACTGCACTCCAGCCTGGGCAACAGAGTGAGACCCTGTCTCTAAAAATAAA","CTCATGCCTGAATTCCCAGCAACTCTGGAGGCCGAGGTGGGCCACCTGAGCCCAGGAGTTCCAGACTCAGTGCTGGAACAACACAGTGTTCCAGCTGGGCAACACAGAGAGACCCTGTCTCTACAAATAAATGTTTTTTGAAAAGCATTCGGGCAAGGTGGCACACATCTGTGATCCCAGCTACTCGGGAGGCTGAGGTGGGAGGATCGTTTAAGCCCAGAAGTTCAAGGCTGCAGTGAGCTGTAATCACGCCACCGCACTCCAGCCTGGGCCACAGAGTGAGACTCTGTCTCCAAAAATAAATAAGTGAAAA"
"chr1","2492163","2492461","KN296017v1","366720","367014","20","2125443","GCCAGGCGTGATGGCTCACACCTATAATCCTAGCACTTTGGGAGGCTGAGGCAGGAGGACTGCTCGAGCCCAGGAGTTTGAGACCAGCCTGGGCAACACAGAGAGACTCATCTTTACAAAAAATAGAAAAACCTAGCCAGGTGTGGTGGCATGTGCCTGTGGTCCCAGCTACTTGGGAGGCTGAGGTGGGAGGATCACTTGAGCCCAGGAGGTTGAGGCTGCAGTGAGCTGTGATTGCACCACTGCCCTCCAGCCTGAGTGACAGAGTGAGACCCTGTCTCAAAAACAAACAAACAAAA","GCCAGGCATGGTGGCTCACACCTATAATCCCAGCACTTTGGGAGGCTGAGGCGGGAGGACTGCTTGAGCCCAGGAGTTCGAGACCAGCCGGGGCAACACAGTGAGACCCATCTCTACAAAAAATAGAAAAACCTAGCCAGGTGTGGTGGCATGTGCCTGTGGTCCCAGCTACTTGGGAGGCCGAGGTGGGAGGATCACTTGAGCCCAGGAGGTCGAGGCTGCAGTGAGCTGTGATTGTACCACTGCCCTCCAGCCTGAGTGACAGAATGAGGTCCTGTCTCAAAAACAAACAAAA"
"chr1","2517684","2517970","KN296017v1","340648","340943","36","2177036","GGCCAGGTGTGGTAGCTCACACCTGTAATCCCAGTACTTTGGGAGGCCAAGGTGGGAGGATGGCTTGAGACCAGAAGTTCCATACCAGCCTGGGCAATATATCAAGACCCCATTTGTACAAAAAGATTTTAAAATGAGCTGGGTGTGGTGGCATGTGCCTGTGGTCCCAGCTACTCCGGAGGCAGAAGTGGGAGGATCACTTAAGCCCAGGAGTTCAAGGTTGCAGTGAACCAAGATCATGCCACTGCACTCCAGCCTGGGCAACAGACAGAGACCCTGTCTCAAAA","GGCTTGGTGTGGTGGCTCACACCTGTAATCCCAGCACTTTGGGAGGCCAAGATGGGAGGATCGCTTGACAGGAGTTCGATACCAGCCTAGGCAATATATTTCTAGAAAAAGTTTCAATACATTTCTACAAAAAGTTTTTAAAATTAGCTGGGTGTGGTGGCATGCACCTGTGGTCCCAGCTACTCAGGAGGCAGAAGTGGGAGGATCACTTAAGCCCAGGAGTTCAAGGTTGCAGTGAACCAAGATCACACCACTGCACTCCAGCCTGGGCAACAGAGAGAGACCCTGTCTCAAAA"
"chr1","2650897","2651163","KN294439v1","249976","250241","58","2400921","CAGGCATGGTGGCTCACGCCTGTAATCCCAGCACTTTGGGAGGCTGAGGTAGAAGGATTGCTTGAGCCCAGGAGTTTGAGACCAGCCTGGGCAATGCAATGAGACCCCATCTCTACAAAAATTAGCTGAGTGTGGTGGTGCACACTTGTCTCAGCTACTCAGGTAGCTGTGGTGGGAGGATCGCTTGAGCCTGGGAGTTCAAGCCTGCAGTGAGCCAAAATCAAACCACCGCACTCCAGACTGGGTGACAGAGCAAGTAAAAAAAAA","CCAGGCATGGTGGCTCATGCCTGTAATCCCAGCATTTTGGGAGGCTGAGGCTGGCAGATTGCTTGAGTTCAGGAGGTCAAGACCAGCCTGGGCTACATGGCAAAACCCCATCTCTACAAAAATTGGCTGGATGTGGTGGTGCACGCCTATGGTGTCAGCTACTCAGGAGGCTGAGGTGGGAGGATTACTTGAGCCCATGAGATCGAGACTGCAGTGAGACATGATCGTGCCACTGTACTCCAACCTGGGTGACAGAGTGAGACCCT"
"chr1","3035794","3036077","KN294217v1","134696","134980","16","2901098","GCTGGGCATGGTGGCTCACATCTATAATCACAGAACTTTGGGAGGATTGCTGGAGTCCAGGAGTCCCAGCCTGGGCAACATAGTGAGACCCCATCTCTACAAAAAATAAAACAAATTAGCCGGGATGGTGGTGTGCTTGTTGTCCCAGCTACTCAGGAGGCTGAGTTGAGAGGATCGCTTGAGCTCAGGAGGCTGAGGCTGCAGTGAGCCATGATTGCACCACTGCACTCCAGCCTGGGTGAGACACCCTGTTTCAAAAAAAAAAAAAAACAGAAAAAGAAGAA","GCTGGGCATGGTGGCTCACACCTATAATCCCAGAACTTTGGGAGGATTGCTGGAGTCCAGGAGTCCCAGCCTGGGCAACAGAGTGAGACCCCATCTCTACAAAAAATAAAACAAATTAGCCAGGGTGGTGATGTGCCTGTTGTCCCAGCTACTCAGGAGGCTGAGTTGAGAGGATTGCTTAAGCTCAGGAGGCTGAGGCTGCAGTGAGCCATGATTGCACCACTGCACTCCAGCCTGGGCGAGACACCCTGTTACAAAAAAAAAAAGAAGAAGAAGAAGAAGAAA"
"chr1","3094236","3094547","KN294217v1","191398","191704","36","2902838","GGCCAGGCACAGTGGCTCATACCTGTAATCCCAACACTTTGGGAGGATAAAGAGGGCAGATTACTTGAGTCCAGGAGTTTGAGACCCACCTGGGAAACCTAGCAAGACCCTGTCTCTACAAAAAAATTAAAAATTAGCTGGATGTGATGGCATGTACCTGTAGTCCTAGCTACTCAGGAGGCTGAGGTTGGAGGATTGCTTGAGCTCTGGAGGTCAAGGCTGCAGTGAGCTGTGATATTGCACCACTGCCCTCCAGCCTGGGCAACAGAGCAAGATCCCATCTCAAAAAAAAAAGAAAAGAAAAGGAAGGAA","GGCCGGGCACAGTGGCTCATGCCCATAATCCCAACACTTTGGGAGGACAAGGAGGGCAGATTGCTTGAGTCCAGGAGTTTCAGACCAGCCTGGGAAACCTAGCGAGGCCTTGTCTCTACAAAAAAAATTAAAAATTAGCTGGATGTGATGGCATGTACCTGTAGTCCCAGCTACTCGGGAGGCTGAGGTTGGAGGATCGCCTGGAGGTCAAGGCTGCAGAGAGCTGTGATATTGCACCACTGCACTCCAGCCTGGGCAACAGAGCAAGACCCTATCTTACAAAAAAAAAAAGAGGGAAAGAAGAAAA"
"chr1","3138832","3139097","KN294217v1","233962","234231","31","2904870","GGCTGGGTGTGGTGGCTCATGCTGGTGATCCCAGTGCTCTGGGAAGCTGAGCTGGGAGGATCACTTGTGGCCAGGAGTTCTAGACCAGCCTGGACAACATAACAAGACTCCCTCTCTACAAAAACATTAAACAATTAGTCGGTTGCGATGGTGCACCGTCATAGTCCTAGCTACTTGCAAGGCTAAGGTGGGAAGATGGTTTGAGCCCAGGATCATGTCACTGCCCTCCAGCCTGGATAACAGAACAAGATCCCATCTAAAAAAAA","GGCTGGGTGTGGTGGCTCATGCTAGTAATCCTGCTGATTTGGGAGGCTGAGCTGGGAGGATCACTTGTGGCCAGGAGTTCCAGGCCAGCCTGGGCAACATAACAAGACCCCCTCTCTACAAAAACATTAAACAATTAGCCTGTTGGAACGGTGTACAGCCATAGTCCTAGCTACTTGCAAGGCTAAGGTGGGAAGATGATTTGAGCCCAGGATTATGTCACTGCACTGCAGCCTGGACAACAGTGCAAGATCCCATCTAAAAAAAAATAA"
"chr1","3201688","3201993","KN294217v1","297486","297789","32","2904202","GTGGTGGCTCACACCTGTAATCCCAACACTTTGGGCGACCCAGGCAGGAAGATCACCTGAGGCCAGGAGTTCAAGACCAGCCTGAGCAACGTAGCAAGACCCCATTTCTACCAAAAAAAAAATTTTTTTTTAATTAGCCAACCACGGTAGTGTGTGCCTGTGGTCCCAGCTACTCAGGGGGCTAAGGGCGAGAGGATGTCCTGAGCCCAGGAATTCGAGGCTGCAGTAAGCCAAGATCACACCACTGCACTCCAGCCTGGGCAACAGAGCAAGACTCTGTAAAGAAATAAAAATAAATAAGAGAAA","GGTGGCTCATGCCCATAATCCCAGCACTTTGGGCGGCCCAGGCAGGAAGATCACCTGAGGCCAGGAGTTTGAGACCAGCCTAAGCAATGTAGTAAGACCCCATGTCTACCGAAAAAAAAAAAAAAGTTTAATTAGCCAACCATGTGAGTGTGTGCCTGTGGCCCCAGCTACTCAGGGGGCTAAGTGCGGGAGGATGTCTTGAGCCCAGGAATTCAAGGCTGCAGTAAGCCAAGATCACACTACTGCAATCCAGCCTGGGCAACAGAGCAAGACTCTGTAAAGAAATAAAAATAAATAAGAGAGA"
"chr1","3245435","3245692","KN295962v1","550289","550532","60","2695146","GCTGGGCGTGGTGCCGCATGCCTGTAATCCCAGCACTTGGGAAGGCTGAGATGGTGAGTTGCTTGAGTCCAGGAGTTCAAGACCAGCCTGGGCAACGTGGTGAAACCCCATCTCTACAAAAAATACAAAAAATTAGCTAGGTGAGCTACTCAGGAGACTGGGGTGGGAGGATCACTTGAGCCCAGGATTTGGAGGCTGCAGTGAGCTGAGCTCGCACCACTGCACTCCAGCCTGGGCAACAGAGCCAGACCGTGTCTC","GGTGGCTCACGCCTGTAATCTCAGTACTTTGGAAAGCCAAGATGGGAGGACTGCTTGAGGCCAGGAGTTCAAGACCAGCCTGGACAACACAGTGAGACCCCATCTCCACAAAAAAATTAGAAATAAGCCAGCTACTTGGAAGGCTGAGGCAGGAGGATTGCTTGGGCCCAGGAGTTGGAGGCTGCAGTGAGCTATGATTGCACCACTGCACTCCAACCTGGGTGACAGAGTGAGACCCTGTCTC"
"chr1","3349363","3349656","KN294217v1","445751","446037","32","2903612","GCGTGGCGGCTCACACCCGTAATCCCAGCACTCTGGGAGGCCCAGGCCGGAGGATCTATTGAGGCCAGGACTTTGAGACCAGCCTGGGCAACATATGAGATCCCGTCTCTACAAAAAATAACAAATTAGCTAGGTGTGGTGGCGCACGCCTGTCATCCCAGCTACTCGGAGGCTAAGGCAGGAGGATCGACGGCCTGAGCCCGGGAGTTCAAGGCTGCAGTACGGTATGGTCACACCACTGCACTCCAGCCTCGGTAGCAAAGCAAGATTCTGTCTCTAAAAAAAGAAAAGAAA","GGCTCACGCCTGTAATCCCAGCACTCTGGGAGGCTCTGGCTGGAGGATCTATGGAGGCCAGGACTTTGAGACCAGCCTGGGCAACATATGAGATCCTGTCTCTATAAAAAATTAAAAATTAGCCAGGTGTGGTGGCATATGCCTGTCGTCCCAGCTACTCGGAGGCTAAGGCAGGAGGATCGATGGCTTGAGCCCAGGAGTTCAAGGCTGCAGTGAGATATGGTCACACCGCTGCACTCCAGCCTGGGTAGCAAAGCAACATCCTGTCTCTAAAAAAAGAAAAGAAA"
"chr1","3456172","3456333","KN294536v1","447137","447293","26","3009035","AATTAGCTGGGTGTGGTGGTGCCCACCTGTCTCCCAGCTAATCAGGAGGCTGAGGTGGGAGGATCCCTTGAAGCCCAGGAGTTGAGGCTGCGATGAACTATGATGGTGCCACTGCACTCTAGCCTGGGTGACAGAGTGAGACCCTGTCTCAAAAAAAAAGAA","AATTAACTGGGTGTGGTGGCATACGCCTGTCCCAGCCACTCAGGAGGCTGAGGTGGGAGGATCACTTGAGTCCAGGAGTTTGAGGCTGCAGTGAGCTATCATTGTGCCACTGCACTCCTGCCTGGGTGACAGAGTGAGACCCCATTAAAAAAAAAAA"
"chr1","3471635","3471929","KN294499v1","2052491","2052768","76","1419144","GGCTGGGTGCAGTGGTTCATAACTGTAATCCCAACACTTTAGGAGGCCAAGGGTTTGAGACCAGCCTGGGCAACATAGGGAGACCTCAGCTCTCCAAAAACTTAAAAAATATTAGCTGGGCATGAGGGCATGATGGCATGTGCCTGCGGTCCAAACCACGCAGGGTGCTGAGGTGGGAGAATCACTTGAGCCCAGGGGCTCGAGGCTGCAGTGAGCCATGATTGCACCACTGCACTCCAGTCTGGGCAACAGAGCTAGACCCCAACTCTAAAAAAAAAAAAGGGAAGGAAGGAAA","GCTGGGTGTGGTGGCTTACACCTGTAATCCCAGCACTTTGGGAGGCAGGACGATCAAGACCAGTCTGGGAAACAAAGTGAGACCCCATCTCTACAAAAAATGTACAAAAATCAGCCGGGTGAGGTGGCTTGTGCCTGTAGTTCCAGCTACTTAGGGGGCTAAGGTAGGAGAGTTGCTTGAGTCCAAGAGATCAAAGCTGCAGTGAGCCATGATCACACCACTGCACTCCAGCCTGGGCAACAGAGTGAGACTCTGTCTCAAAAAGAAAAAGAAAAAAA"
"chr1","3560569","3560870","KN294613v1","737792","738092","54","2822777","GGCCAGGCACGGTGGCTCACACCTGTATTCCCAACACTTCGGGAGGCCAAGGCAGGCAGATTGCTGGAGCCCAGGAGTTCAAGACCAGCCTGGACAGCATAGTGAGACCGTCTCTACAAAAACCTTTTAAAATTGGCCAGGTATGGTGGCACATGCCTGTGGTCCCAGCTACTCAGGAGGCTGAGGTGAGATGATGACAGCTTGAGCCTGGGAGGGCAGGGCTGCAGTGAGCTGTTATCACCCCACTGCACTCCAGACTGGATGACAGAGAAAGACCCTGTCTCAAGAAAAAAAAAAAAAAA","GGCCAGGCATGGTGGCTCACACCTATAATCCTAGCACTTTGGGATCCCAAGACAGGAGGATTGCTTGAGCTCAGGAGTTCAAGACCAGCCTGGACAACATAGGAAGATCCCTTCTCTACAAAAATGTATTTAAAGTTAGCCAGGTGTGGTGGCACATGCCTGTGGTCCCAGAATCTTGGGAGGCTGAGGTGGGAGGATCACTAGAGCCGGGAGGCCAAGGCTGTAGTGAGCTGTGATCATGCCACTGCACTCCAGCCTGGGCAACACAGTGAGACCCTGTCTCAAAATAAATAAATAAAAA"
"chr1","3603373","3603591","KN294842v1","652037","652250","44","2951336","GCCTGGGCAACATGGTGAGAACCCACCTCTACTATACATATATATACAAAAATTAGCTGGGGGTGGTGGCTTGTGCCTGTAGTCCCAGCTACTCAGGAGACTGACGTGGGAAGATGGCTTGAGCCCTGGAGTTGGAGACTGCAGTGAGTCATGGTAGCACCACTGCACTCCAGCCTGGGCAACAGAGTGAGACCCTGTCTCTGGAATTAAAAAAAAAAA","ATCAGCCTGGGCAACATAGCGAGATCCCATCTCTACACAAATACAAAAATTAGCTGGGCGTGGTGGCACGTGCCTGTAGTCCCAGCTACTGGGGAGGCTGAAGTGGGAGGACTGCTTGAGCCCAGGCCGTCGGGGCTGCAGTGAGCTATGACTGCATCACTGCACTCCAGCCTGGGTGACAGAGTGAGACCCTGTCTAAGGAAAAAAAGAAAAA"
"chr1","3657446","3657748","KN294217v1","779897","780196","28","2877549","GGCTGGGCGCGGTGGCTCACGCCTGTAATCCCAGCACTTTCAGAGACCGAGGTGGGAGAATCACTTAAGGGCAGGAGTTTGAGACCAACCTGGCAACCAAGACCCCATCTCTAAAAAAAGAAGCAAGACCCCCATCTCTAAAACAAATCATAATAATTAGCTGCACATGGGGGTGCACACCTGTAGTCCCAGTTACTTGGGAGGCTGAGGTAGGGGGATCGCTTGAGCCCAGGAGTTCAGGGTTGCAGTGAGCCATGATTGCCACTGCACTCCAACCTGGGCAACAGAGTGAGACCCTGTCTC","GGCTGGGCACAGTGGCTCACGCCTATAATCACGGCACTTTCAGAGACCGAGGTGGAAGAATCACTTAAGGGCAGGAGTTTGAGACCAACCTGGCAACCAACACTTCATCTCTAAAAAAAAAAAATGCAAGCCCTCATCTCTAAAAAAAAATAATTAGCTGCGCATGGTGGTGCACACCTGTAGTCCCAGTTACTTGGGAGGCTGAGGTAGAAGGATTGCTTGAGCCCAGGAGTTTAGGGTTGCAGTGAGCCATGATTGCCACTGCACTCCAACCTGGGCAACAGAGCAAGACCCTGTCTC"
"chr1","3685972","3686268","KN294217v1","809190","809477","48","2876782","GGTGTGATAGCTCACACCTGTAATCCCAGCTACTTGGGAAGCTGAGGTAGGAGGATCGCTCGAGCCCAGGAGTTCAAGACCAGCCTGGGCAATACAGCGAGAGCCCATCTTTAAAAATTTTTAAAAATTAGCCAGGTGTGGTGGTGTGCACCTGTAGTCCCAGCTATGTGGGAGGCTGAGGTGAGAGGATCGCTTGATCCCAGGAGTCTAAGGCTGCAGTGAGCTATGACTGCACCACTGCACTCCACCTGGGTGACAGAGTGAGACCGTGTCTCTGAAAAAATAATAATAATAAAA","GGTGTGATAGCTCATACCTGTAATCCCAGCTACTTGGGAGGCTGAGGTAGGAGGATTGCTTGAGCCCAGGAGTTAAAGACCTGCCTGGGCAACACAGCGAGATCCCATCTTAAAAAAAAAAAAAAAAAAAAATTAGCCAGGTGTGGTGGTGTGCACCTCTAGTTCCAGCTACATGAGAGGCTGAGGTGAGAGGCTCGCTTGATCCCAGGAGTTCGAGGCTGCAGTGAGCTATGACTGCACCATTGCACTCCACTCAGGTGACAGAGTAAGACCGTGTCTGTGAAAAAA"
"chr1","3742467","3742713","KN294949v1","1672635","1672887","56","2069832","GCTGAGGCAGGAGGATTGCTTCAGGCCAGGAGTTTGAGACTAGCCTGGGCAACATAGCAAGACCTTATCTCTATCAAAAAAAAATAATAAAAAACAGGGCATGGCGGCACATACCTGTAGTCCCAGCTACAAGAGGCTGAGCAGGGAGGATTGCTTGCACTCAGGAGGTCAAGGCTGCAGTGAGCCGAGATCGTGCCACTGCACTCCAGCCTGGGCCACAGAGTGAGACTGTCTCAAAAAAAAAAAA","AGGCTGAGGCAGGAGGATTGTTACAGGACAGGAATTCCAGACCAGCCTGGACAACATAGTGAGACCCCATCTCTAAGAAAAAAAAAAAAAATTACCTGGGCATGGTGGCACACACCTGAAGTCCTAACTACTTGGGAGGCTGAGGTGAGAGGATTGCTTGAGCCCAGGAGTTCCAGGTTGCAGTGGGCTATGATTGCACCACTGTACTCCAGCCTGGGCAACACAGTGAGACCCCATCTCTAAAAAAAAGAAA"
"chr1","3777507","3777649","KN294217v1","898479","898629","17","2879028","TAGCTGGGTGTGGTGGTGCCTGTAGTCCCAGCACTTTGGGAGGCTGAGGTAGGAGGATCGCTTGAGCCCAGGGATTTGAGGCTGCAGTGAGCTGTGATGGCATCACGGCACTCCAGCCTGGGTGACAGAGCGAAACCCTATCT","TAGCTGGGTGTGGTGGTGCTTGTAGTCCCAGCACTTTGGGAGGCTGAGGTAGGAGGATCGCTTGGGCCCAGGAGTTTGAGGCTGCAGTGAGCTGTGATGGCGCCACGGCACTCCAGCCTGGGTGACACAGCAAAACCCTCTCTGTAGAAAA"
"chr1","3789670","3789965","KN294217v1","913912","914208","16","2875758","GGCCAGGCATGGTGGCTCACTCCTAGCACTGTGGGGGGTGGAGACAAGAGGATTGCTTAAGCCCAGGAGTGTGACATCAGCCTGGGCAGCATAGCAAGACCCCAACTCTACAAAAAATAAAAATTAACCATGCGGTAGCAAATGCCTGTAGTCCCAGCTACTAGAGAGGTTGAAGTGGGAGGATTGCTTGAGACCAGGGAGTCGAGGCTGCAGTGAGCCGTGATCACACCACTGCACCGCGGCCTGGGAGACAGAGTGAGACCCTGTCTCACAAAAATAAAATAAATAAATAAAAA","GGCCAGGCATGGTGGCTCACTCCTAGCACTCTGTGGGGTGGAGACAACAGCATTGCTTAAGCCCAGGAGTGTGACATCAGCCTGGGCAGCATAGGAAGACCCCAACTCTACAAAAAATAAAAAATTAACCATGTGGTAGCAAATGCCTGTTGTCCCAGCTACTAGGGAGGTTGAAGTGGGAGGATTGCTTGAGACCAGGGAGTCGAGGCTGCAGTGAGCTGTGATCACATCACTGCACTGTGGCCTGGGCGACAGAGCGAGACCCTGTCTCACAAAAATAAAATAAAAAAATAAAAA"
"chr1","3805359","3805647","KN294217v1","926973","927205","74","2878386","GATGTCTCAACACCCGTAATCTTAGCACTTTGGGAGGCCAAGGTGGGTGGATGGCTTGAGCCCAAGAGTTTGAGACCAGCTTGAGCAACGTAGTGAAACCCTATCTCTACAAAAAATTAGCAGGGCGTGTGCCTGTAGTCCCAGTTACTCGGGAGGCTGAGGTGGGAGGACCTGAGCCCAGGGAGACTGAGGCTGCAGTGAGCCCTGATTGCGCCACTGCACTCTAGCCTGGGAGTGCAGTCTCAAAGAAAACCCAGTCTCAAGAAACAAAACAAAACAACCCAAAAAA","CGGTGGCTCACACCTGTAATCTTAGCACTTTGGGAGGCCAAGGTGGGTGAATTGCTTGAGCCCAAGAGTTTGAGATCAGCTTTAGCAATGCAGTGAAACTCCATCTCTGCAAAAAATTAGCAGGGTATGTGCCTGTAGTCCCAGTTACTCGGGAGGCTGAGGTGGGAGGACCTGAGCCCAGGGAGGTTGAGGCTGCAGTGAGCCCTGATTGCGCCACTGCACTCCAGCCTGGG"
"chr1","3950713","3950848","KN294848v1","1173579","1173713","34","2777134","TTAACCCAGCATGGTGGTGGGCGCCTGTGATCCCAGCTACTCAGGAGACCGAGATGGGAGGATGGCTTAAGCCCAGGTGGTCAAGGCTGCAGTNAGTTGTGACTGTGCCACTGCACTCCAGCCTGGGCAATGGAGC","TTATCCAGACATGGTGGTGCATGCCTGTAGTCCCAGCTACTGATGAGGCTGAGGTGGGAGGATCACTTGAGCCCAGGTGGTCAAGGCTGCAGCGAGCCAACATGGCACCACTATACTCCAGCCTGGGTGACAGAG"
"chr1","3951145","3951284","KN294470v1","1941940","1942077","28","2009205","GGCTGGGTGCAGTGCCTCATGACTGTAATCCCAGCACTTTGGGAGGCCAAGGCAGAAGGATCACTTGAGGCCTGGAGTTTGAGACCAGCCTGGAATAACATGGCAAAACCCCAACTCTACAAATAATTTTTTTTAAATGT","GGCCGGGCACGGTAGCTCACACCTGTAATCCCAGCACTTTGGGAGGCCAAGGTGGGAAGATCACTTGAGCCCAGGAGTTTAAGACCAGCGTGGACAACATAGCAAGACCCCACCTCGACAAAAAAATTTTTTTAATTA"
"chr1","4003797","4004100","KN294217v1","1102378","1102682","26","2901419","GACCTGGTGCAGTGGCTCACACCTGTAATCCCAATTCTTTGGGATGCCAAGGCGGGAGGATTGCTTGAGCCCAGGAGCTCGAGACCAGCCTAGGCAACATAGCATAACTCCATCTCTACAAAAAATTTAAAAAGTAGCCAGGCGTGTTGGTGCATGCCTGTAGTCCCAGCTAGTCAGGAGGTAGAGATGGGAGGATCTCTTGAGCCCAGGAGTTCAAAGCTGAAGGGAACCGTGATCACACCACTGCTCTCCAGCCTAGGTGATAGAGTGAGACTCTGTCTCAAAAAATGAAAACAAAAACAAA","GACCTGGTGCAGTGGTTTATGCCTCTAATCCCAATACTTTGGGATGCCAAGACGGGAGGATTGTTTGAACCCAGGAGTTCAAGACGAGCCTAGGCAACATAACAAGACTCCATCTCTACAAAAAATTTAAAAACTAGCCAGGCGTGTTGGCGCATGCCTGTAGTCCCAGCTAGTCAGGAGGTAAAGGTGGGAGGATCTCTTGAGCCCAGGAGTTCAAAGCTGAAGGGAATCGTGATCACACCACCACTCTTCAGCCTAGGTGATAGAGTGAGACCCTGTCTCAAAAAACGAAAACAAAAAACAAA"
"chr1","4200159","4200462","KN294217v1","1274841","1275144","34","2925318","GGCTGTGCACAGTGGCTCACGTCTGTAACCCCAGCACTTTGGGAGGCTGAGGCAGGAGAATTGCTTGAGGCCAGGAGCTTAAGACCAGCCTGGGCAACACAGCAAGAACCCTGTCTCTACAGTAAAATAAAATTAGCCATATATGGTGGCACATACCTGTAGTCATAGCTACTCAAAAGACTGAGGCAGGAAGATCGATTGAGCCCAGGAATTTGAGGCTGCAGTGAGCTACTATCGCACCACTATATGCCAGCCTGGGCAACAGAGCAAGACCTTGTCTCAGAGGGGAAAAAATAAAAGGAAA","GCACAGTGGTTCGTGTCTGTAATCCCAGCACTTTGGGAGGCTGAGGCAGGAGAATTGCTTGAGGCCAGGAGTTTACAACCAGCCTGGGCAACATAGCAAGAACCCTGTCTCTATGATAAAATAAAATAAAATTAGCCAGATATGGTGGCACATGCCTGTAGTCACAGCTACTCAAAAGACTGAGGCAGGAAGATCAATTGAGCCCAGGAATTTGAGGCTGCAGTGAGCTGTGATTGCACCACCATATGCCAGCCTGGGCAACAGAGCAAGACCTTGCCTCAAAGGGGAAAAAAATAAAAAGAAA"
"chr1","4360694","4360983","KN294217v1","1445408","1445698","33","2915286","GCCAGGCTCAGTGGCTCCCATCTGTAATCCCAGCACTTTGGGAGGCCGAGGCAGGAAGATTGCTTGAGTCCAGGAGTTCAAGACAAGCCTGGGCAACATAGGGAGACCTCCCAATGTCTACAAAAAATAAAAAATTAGCCGGGCTTGGTGGTGCATGCCTGTAGTCCCAGCTACTCGGGAGGCTGAGGAGGGAGGATCACTTGAGCCCAGGTATTAAACGCTGCAGTGAGCTATGATCGCACCATTGCATTCCAGCCTGGGTTACAGAGAGAAACCCTGTCTCTAAAAAA","GCCAGGCCCTGTGGCTCACTTCTGTAATCCCAGCACTTTGGGGGGGCCGAGGCAGGAAGATTGCTCGAGTCCAGGAGTTCAAGAGACGTCTGAGCAACATAGGGAGACCCCGCATCTCTACAAAAAATAAAAATTTAGCGAGGCTTGGTGGTGCATGCCTGTAGCCCCAGCTACTTGAGAGGCTGAGGAGGGAAGATCTCTTGAGCCCAGGAGTTGAAGGCTGCAGTGAGCTATGACTGCACCACTGCATTCCAGCCTGGGTTACAGAGAGAGGCCCTGTCTCTAAAAAAA"
"chr1","4408239","4408529","KN296406v1","10168","10460","62","4398071","GCTGGGGCAGTGGCTCACACCTGTAATCCCAGCACTTTGGGAGGCCAAGACAAAAGAATTGCTTGAGCTCAGGAGATTGGGACCAGCTTGGGCAACATAGTGAGACATCATCTCTACAAGCAATAATAATTTAAAAAAAAAGCTATGGTGGCACATACCTGTGGTCCTAGCTACACGGGAGGCCGAGGTGGGAGGATTGCTTGAGCCTAGGGTGTCAAAGCTGCAGTGAGCCAAGACCTTGCCACTGCACAACAGCCTGGGTAACACAGAAAGACCCTGTCTCCAAAAAAA","GACTGGGGACAGTGACTCACACCTGTAATCCCAGCACTTTGGGAGGCCAGGGTGGGAGGATTGTTTGAGCTCGGGAGTTCAAGACCAGCCTAGGCAACATAGTGAGACCCCATCTCTTCAAAGAAGATTTTAAAAATTACCCAAGTATGGTGGCATACACCTGTAATCCCAGCTACTCGGAAGGCTAAGGTGGGAGGATTGCTGGAGCCTGGGAGGTTGAGACTGCAGTGAGCCATGACCGTGCCATTGCACTCCAGCCTGGGCAGCAGAGCAAGATCCTGTCTCAAACAAAA"
"chr1","4592487","4592778","KN294217v1","1680237","1680525","24","2912250","GACCAGATGTGGTGGCTCATGCTGGTAACCCAGTGCTTTGGGAGGCTGAGGCAGGAGGATTGCTTCAGGCCAGGAGTTCAAGACTAGCCTGGGCAACAGAATGAGACCATGTTCGTACAAAAAATTTAAAAATTAGATGGGCATGGTGCCTGCGCCTGTATTCCCAGCTACTCAGGAGGCCAAGGAAGGAGGATTGCTTGAGCCCAGGAGTTTGAGGCTGTAGTGAGCTATGATTGTGCCAATGCACTCCAGCCTGGGTGACAGAGCAAGACCCTGTCTCGAAAGAAAGAAA","GACCAGACGTGGTGGCTCATGCCGGTAATCCAGTGCTTTGGGAGGCCGAGGCAGGAGGATTGCTTCAGGCCAGGAGTTCAAGACTAGCCTGGGCAACAGAATGAGACCATGTTTCTACAAAAAATATTAAAAATTAGATGGGCGTGGTGCCTACGCCTGTATTCCCAGCCACTCAGGAGGCTGAGGAAGGAGGATCGCTGGAGCCCAGGAGTTTGAGGCTGCAGTGAGCTATGACTGTGCCACTGCACTCCTGTCTGGGTGACAGTGCAAGACCCTGTCTGGAAAGAAA"
"chr1","4614405","4614700","KN294217v1","1703183","1703475","27","2911222","GGCAGGGTATGGTGGCTCACACCTGTAATGCCAGAACTTTGGGAGGCCAAGGCAGGAGGATGGATCACTTAAGCCCAGCAGTTAGAGACCAGCCTGGACAACATAGCAAGACCCTGGACTCTAATTAAAAAAAATTAGCCAAGAGTGGTGGCACTGGCCTGTAGTTCCAGCTACCCAGGTGGCTCAGGTGGGAGCACTGCTTGAGCCCAAGAACTGAAGGCTGCAGGAAGTTGTGATTGCACCATTGCACTCAGCCTGGGTGACAGAGCAACACTCTGTCTCAAAAAAAAAACAAA","GGCAGAGTATGGTGGCTCACATCTGTAATGCCAGCACTTTGGGAGGCCAAGGCAGGAGGATGGATCACTTAAGCCCAGCAGTTCGAGACCAGTCTGGGCAACATAGCAAGACCCTGCTCTAAAACAAAAAAAAATTAGCCAAGAGTGGTGGCACAGGCCTGTAGTCCCAGCTTCCCAGGTGGCTCAGGTGGGAGCATTGCTTGAGCCCAAGAACTCAAGGCTACAGGGAGTTGTGATCACACCATTGCACTCAGCCTGGGTGACAGAGCAAGACCCTGTGTCAAAAAAAAAAA"
"chr1","4744326","4744642","KN294217v1","1821212","1821523","24","2923114","GGCCAGGTGCAGTGGCTTATGCCTATAATCCCAGCACTTTGGGAGGCCAATGTGGGAAGATAGCTTGAGGCCAGGAATTCAAGACCAGCCTGGGCAACATAGTGAGACCTGGTCTCTACCACAAAAAGCATGAAAATTAGCTGGGCATGGTGGCATGCACCCACAGTCCTAGCTACTCAGGAGGCTGAGGTGGGAAGATCGCTTGAGCCCAGGAGTTCCAAGCTGCAGTGAGCTATAATCTCGCCACTGATCCCCAGCCTCGGTGACAGAGCAAGACCATCTCTAAAAAGAAAGCAAAAGCAAAAAGCAAAACAAAA","GGCCAGGTGCCGTGGCTCATGCCTATAATCCCAGCCCTTTGGGAGGCCAATGTGGGAAGATTGCTTGAGACCAGGAAGTCAAGACCAGCCTGGGCAACATAGTGAGACTTGGTCTGTACCAAAAAAAAGTATGAAAGTTAGCTAGGCATGGTGGCATGCACCCGCAGTCCTAGCTACTCAGGAGGCTGAGGTGGGAAGATAGCTTGAGCCCAGGAGTTCCAAGCTGCAGTGAGCTATAATCACGCCACTGCTCCCCAGCCTCGGTGACAGAGCAAGACCATCTCTAAAAAGAAAGCAAAAACAAAAAACAAA"
"chr1","4758631","4758932","KN297133v1","925513","925808","61","3833118","GGCCAGTCACAGTGGCTCACGTTTGTAATCCCAGCACTTTGGGAGGTCGAGGGGGGAGGATCACTTGAGGCCAGGAGTTCCAGACCAGCCTGGCCAGCACAGCTAGACCCCACCTCTACAAATAAAACAAAACAAACAAAAAATTAGCCAGGCATGGTGGTGCGTATCTGTAGTCCTAGCTACTAGGAAGGCTGAGGTGGGAGGATCACTGGAGCCCAGGAGTTCAAGGCTGCAATGAGCCATGATTATGCTACTGCACTTCAGCCTGGGTGACAGGGTGAGACCTCAACTCTACAAATAAA","GGCCAGGCACAGTGGTGCAGCCTGTAATCCCAGCACATTGGGAAGTTGAGGTGGGAGGCTCACTTTGAGGCCAGGAGTTTGAGACCAGCCTGGGCAACAGAGTGAGACCCTCATCTCTACAAAAAATAAAAAATAAAAAAACATTACCTGGGCACAGTGGTGCATGCCTGTAGTCCTAGCTACTGGGAGACTGAGGCTGGAGGATCACTTGAGCCCAGGTGTTTGAGGCTGCAGTGAGCTATGATCATGCCATTGCACTTTAGCCTGGATGACAGAGGGAGACTGTCTCTTAAAAA"
"chr1","4772658","4772954","KN294217v1","1851408","1851717","32","2921250","GGCTGGGTGTGGAGGCTCACGTCTGTTCTCCCAGTGCTTTGGCAGGCTGAGGTGGGAGGATCCCTTGAGCCTAGGAGTTCAAGACTAGCCTGGGCAACATAGTGAGACCCTTTCTCTACAAAAAACAAAAAATTAGCTGTGCATGGTGACATGCTCCTGTAGTCCCAGATACTCAAGAGGCTGAGGTGGGAGGATCACTTGGGCCCAGGAGTTTAAGGCAGGCTGCAGTCAGCTGTAATCGTGCCACTGCACCCAGCCTAGGTGACAGAGTGAGACCCTGTCTCAAAAACAAACAAA","GGCTGGATGTGGAGGCTCAGGTCTGGACTCCCAGTGCTTTGGGAGACTGAGGTGGGAGGATCCCTTGAGGCTAGGAGTTCAAGACCAGCCTGGGCAGCATAGTGAGACTCCTTTTCTACAAAAAATAAAAAATTAGTTGTGCATAGTAACATGCTCCTGTGGTCCCAGATACTCAAGAGGCTGAAGTGGGAGGATCACTTGGGCCCAGGAGTTTAAGGCAGGCTGCAGTCAGCTGTAATCGTGCCACTGCACCCAGCCTGGGTGACAGAGTGATACCCTGTCTCAAAAACAAACAGACAAACAAACAAAA"
"chr1","4802731","4803038","KN294217v1","1883176","1883497","34","2919555","CCAGGCATGGTGACTCATGCCTGTAATCCCAGCAGTTTGGGAGTCTGAGGCAGGAGGATCACTTGAGGCCAGGAGTTCAAGAGCAGCCTGGACAACATAGTGAGGCCCCATGTCTACAAAAAATTAAAACAAAGTAGCTGGGCATAGTGGCATGCACCTGTAGCCCCAGCTACTCTGGAGGCTGAGGTGGGAGGATCACTTGAACCCAGGAGTTCGAGGCTGCAGTGAGCTATAATTGCACCATTGCATTCCAGTCTGGGCAACAGAGCAAGACTTCATCTCAAAAACAAACAAACAAACAAACAAAA","CCGCACATGGTGGCTCATGCCTGTAATCCTAGCAGTTTGGGAGTCTGATGCAGAAGGATCACTTGAGGCCAGGAGTTCAAGACCAGCCTGGACAACATAGTGAGGTCCCATGTCTACAAAAATAAAAACAATGTAGCTGGGCATAGTGGCATGCACCTGTAGCCCCAGCTACTCTGGAGGCTGAGGTGGGAGGATCACTTGAGCCCAGGAGTTCGAGGCTGCAGTGAGCTATAACTGCACCATTGCATTCCAGTCTGGGCAACAGAGCAAGACTTCATCTCAAAAAAAAAAAAAAAAAAAAAAAAAAAAAAAAAAAAAAAAA"
"chr1","4882619","4882892","KN294217v1","1958908","1959183","13","2923711","TGGCTCGTTCCTGTAATCCCAGCACTTTGGGAGGCTTAGGTGGAAGGATTGCTTAAGGCCAGGTGTTCAATCTAGCCTGGGTAACATAGTGAGACCCCCATTTCTAAAAAAATTTTAAAAATTATCTGGGCATGGTGGTGCATGCCTGTAGTCCCAGCCACTTGGGAGACTGAGGTAGGAGGATTGCTTGAGTCTAGGAGTTTGAGGCTGCAGTGAGCTATGATCTTGACACTGCACTCCAGCAGGACAACAGAGCAAGACCCTGTCAAAAAAA","TGGCTCGTTCCTGTAATCCCAGCACTTTGGGAGGCTTAGGTGGAAGGATTGCTTAAGGCCAGGTGTTCAAGTCCAGCCTGGGTAACATAGTGAGACCCCCATTTTTGCAAAAAATTAAAAAAATTACCTGGGCATGGTAGTGCATGCCTGTAGTCCCAGCCACTTGGGAGACTGAGGTAGGAGGATTGCTTGAGCCTAGGAGTTCGAGGCTGCAGTAAGCTATGATCTTGACACTGCACTCCAGCAGGACAACAGAGCAAGACCCAGTCAAAAAAA"
"chr1","4887923","4888197","KN294217v1","1963975","1964255","47","2923948","GGCTAGGCATGGTGGCTCACGCCTGTAATCCCAACACTTTGGGAGGCCAAGACTAGAGTATCGCTTGAGCCCAGAAGTTCAAGACCAGCCTGAGCAACATAGGGAGACTTCTTCTCTACAATGGTAGTGCACATCTGTGGTCCCAGCTACTTGGGAGGCTGGAGGTGGGAAGATCACTTCAGTCCTAGAGATGGAGGCTACAGTGAGCCATGATCATGCCACTGCACTCCAGCCTGGATGACAGAGACATCCTGTCTCAATTTAACAACAAAAAA","GGTCAGGCATGGTGGCTCACGCCTGTAATCCCAACACTTTGGGAGGCCAATACTAGAGGATCGCTTGAGCCCAGAAGTTCAAGACCAACCTGAGCAACATAGGGAGACTCCTTCTCTCCAAAAAAAAAGAAACAGCCTGGCATGGTGGTGCACATCTGTGGTCCCAGCTACTAGGGAGACTGGAAGTGGGAAGATCACTTCAGTCCTAGAGATGGAGGCTACAGTGAGCCATGATCATGCCACTGCCCTCCAGCCTGGATGACAGAGACATCCTGTCTCAA"
"chr1","5030144","5030388","KN294217v1","2098975","2099228","20","2931169","TTCAGGAGGCTGAGGCAGGAGGATAGCTTGAGCCCAGGAGTTCAAGACCAGCCTGGGCAACATAGGGAGACCCTGTCTCTACAAAACACATTTAAAAATTAGTCAAGCATAGCAGCACATGCTTGTGGTCACAGATACTCAGGAGGCTGAGGTAGGAGGATTGCTTGAGCTCAGGAGTTCAAGGCTGCAGTGAGCTGTGATCACACCTGGGGAACAGAACAAAACCTTGTCTCAAAAAAAAAAAA","TTTAGGAGGCTGAGGCAGGAGGATAGCTTGAGCCCAGGAGTTCAAGACCAGCCTGGGCAACATAGGGAGACCCTGTCTCCACAAAACACATTTAAAAATTAGTCAGGCATAGAAGCACATGGTTGTGGTCCCAGATACTCAGGAGGCTGAGATAGGAGGATTGCTTGAGTTCAGGAGTTCAAGGCTGCAGTGAGCTGTGATCACACCTGGGGAGCAGAACAAAACTCTGTCTCAAATAAAAAAAAAAAAAAAAA"
"chr1","5047834","5048123","KN294217v1","2116007","2116295","26","2931827","GGCTGGGTGTGGTGGCTCAGGCCTGTAATCCCAGCACTTTGGGAACCCAAGGTGGTAGGATTCCTTGAGACCAGGATTTCAAGACTAGCCTAGGCAACACAGCAAGACCCTGTCTCTATAAAAAATAAATAAGTAGCCAGGTGCGGTGGCACGTGTCTGTATTCCTATCTACTTAGGAGGCTGAGGCAGAAGGATCACTTGAACCCAGGAGTTCGAGGCTGCAGTGAGCTATGATTGCACCATTGCACCCCCACCTGGGTAACATAATGAGACATTGTCTATAAAAAAAA","GGCTGGATGTGGTGGCTCATACCTGTAATCCCAGCACTTTGGGAACCCAAGGTGGCAGGATTCCTCGAGGTCAGGATTTCAAGACTAGCTTAGGCAACACAGCAAGACCCTGTCTCTATAAAAAATAAATAATTAGCCAGGTGCAATGGCACATGTCTGCGGTCCTATCTGCTTAGGAGGCTGAGGCAGAAGGATCACTTGAACCCAGGAGTTTGAGGCTGCAGTGAGCTATGATGGCACCGTTGCACCCCAGCCTGGGTGACAGAATGAGACACTGTCTATTAAAAAA"
"chr1","5778644","5778953","KN294217v1","2658328","2658635","26","3120316","GGCAGGGCTTGGTGGCTTATGCCTGTAATCCCAGCACTTTGGGAGGCTGAGGCAGAAGGATCACTTGGGGCCAAAAGTTCAAGACCAGCCTAGGCAACATAGCAAGACCCTGCCTCTATAAAAAAATTAAAAATTAGCCAGGTATAGTGTAATGGAGCTGTAGTCCCAGTTACTAGGGAAGATGAGGTACGAGGATCCCTTGAGCCCAAGTGGTCAAAGTTGCAGTGAGCCATGATCACAGCACTGCACTCCAGCCTAGGTGACAGAGAGAGACCCTGTCTCAAAAAAATAAATAAATAAAATAAATAAA","GGCAGGGCTTGGTGGCTCATGCCTGTAATCCCAGCACTTTGGGAGGCTGAGGCGGAAGGATCACTTGGGGCCAAAAGTTCAAGACCAGCCTGGGCAACATAGCAAGACCCTGCCTCTATAAAAAATTTAAAAAATTAGCCAGGTATAGTGGCATGCACCTGTAGTCCCAGCTACTAAGGAGGATGAGGTAGGAGGATCCCTTGAGCCCAGGAGGTCAAAGCTGCAGTGAACCACGATCACACCACTGCATTCCAGCCTAGGTGACAGAGAGAGACCCTTTCTCAAATAAATAAATAAAATTAAATAAA"
"chr1","5788723","5789021","KN294217v1","2667389","2667696","38","3121334","GGTGGCTCATGCCTGTAACTTCAGCACTCTGGGAGGCTAAGGCAGGAGAATGGCTTGAGACCAGAAGTTCTTGACCAGCCAGGGCAACATAGTGAGACCCTGTCTCTACAAAAAAAACAAAAATTTAATTAAAACATTAGCCAGGCGTGGTGTGCATACCTATAGTCCTAGCTACTCAAGAGGCTGAGGTGGGAGGGTGGCTTAAGCCCAGGAGTTTGAAGCTACAGTGAGCTATGATCATGCCACTGCAGTCCAACCTGGGTGACAGAGCAAGATCCTGTCCTTTAAAAAAAAAAAAA","GGTGGCTCATGTCTGTGACTTCAGCACTCTGGGAGGCCAAGGCGGGAGAATGGCTTGAGGCCAGAAGTTCTAGACCAGCCAGGGCAACATAGTGAGACTCTGTCTCTTAAAAAAAAAAAAAAATTAATTAAAACATTAGCCACATGGCAGTGCATACCTATAGTCCTAGTTACTCAAGAGGTTGAGGTGGGAGGGTGGCTTAAGCCCAGAAGTTTGAAGCTACAATGGGCTATGATCATGCCACTGCAGTTCAACCTGGGTGACAGAACAAGACCCTATACCTCCGCCAAAAAAAAAAAAAAAAGAAA"
"chr1","5851836","5852078","KN294217v1","2729454","2729698","24","3122382","GGCTGGGTGCGGTGGCTCATGTCTATAATCCCAGCCTTTTGGGAGGCCGAAGTGGGAGGATTGCTTGAGCCCAGAAGTTCAAGACTAGCCTGGGCAACATGGTGAGACCCTCGTCTTTACCGAAAATGAAAAAAATATCCGGGCATGGTGGTGTGCACCTGTGGTCCCCGCTGAGGTGGGAGGATAGCTCGGACTCAGGAGTTTGAAGTTACAGTGAGCTATGACTGCAGTACTGCACTCTAG","GGCTGGGTGCGGAGGCTCATGTCTATAATCCCAGCCTTTTGGGAGCCCGAAGTGGGAGGACTGCTTGAGCCCAGAAGTTCAAGACTAGCCTGGGCAACATGGTGAGACCCCCGTGTCTACCAAAAATATAAAAAAAAAATCTGGGCATGGTGGGGTGCACCTGTGGTCCCAGCTGAGGTGGGAGGATGGCTTGGACTCGGGAGTTTGAGGTTCCAGTGGGCTGTGATTGCAACACTGCACTCTAG"
"chr1","5934783","5934958","KN294619v1","110010","110187","39","5824773","AGTAAATAAATGCATACAGTAGCTGGGTGTGGTAGCATGTGCCTGTAGTCTCAGCTACTTGGGAGGCTGAGGCAGGAGAATTGCTTGAACCCAGGAATTCGAGGCTGCAGTGAACTATGATCACGTCACTGTACTCTAGCCTGGGCATCAGAGCCAGACTTTGCCTCTAAAAAAAA","TAAAAAGGAAACAAAATATTAGCTGGGTATGGTGGCATGCACCTGTAGTCTCAGCTACTTAGGAGGCTGAGGCAGGATGATTGCTTGAGCCCTGGAATTCAAGGCTGCAGTGAGCTATGATCACACTGCTGCACTCTAGCGTGGGCAACAGAGGAAGACCCCTGTCCCAATAAATAAA"
"chr1","5935269","5935398","KN295814v1","1458160","1458289","23","4477109","GGCCGGGCGCAGTGGCTCATGCCTATAATCCCAGCATGTTGGGAGGCTGAGGTGGGAGGATGGCTTGAAGCCAAGAGTTCGAGATCAGCCTGGGTAACATGGCAAGGCCCTGACTCTACAAAAAACTTAA","GGCTGGGCACAGTGGCTCACGCCTATAATCCCAACACTTTGGGAGGCTGAGGCGGGAGGATCACTTGAGGCCAGGAGTTCAAGACCAGCCTGGGTAACCAAGCAAGGCCCAGTATCTACAAAAATAAAAA"
"chr1","5946874","5947161","KN296520v1","1534317","1534605","58","4412557","GGTATGGTGACTCACGCCTATAATCCCAACACTCTGGGAGGCCAAGGTAGGAGGATCCCTTGAACCCAGGAGCTCAAGATGATCCCAGGAAACACAGCAAGACCTCAACTCTACAAAAATTAAAAAATTACCCAGGCATGGTGGCACATGCCTGTAGTCCTAGCTACTCAGGACACTGAGGTGTGAGGATTGCTGGAGCATAGGAGTTCAAGGCTGCAGTGAACTATGATCGTGCCACTGCACTCCAGCCAGGGCAACAGAGTAAGACCCTGTCTCAAAAAAAAAAAA","CACAGTGGCTCACACTTACAATCCCAGCACTCTGGGAGACCAAGGCAGGAGGATCACTTGAGGCCAGGAGTTCAAGATCAGCCTAGGCAACACATGGAGACCCCATCTCTACAAAAAATAAAAAATTAACGAGGCATGGTGGTGTGTGCCTGTGGTCCCAGCTACTCAGCAGGCTAAGGCGTAAGGACTGCTTGAGCCTGGGAGTTCAAGGCTGCAGTAAGCCACAATCCTGCCACTGCACTCCAGCCTGAGTGACAGAGTGAGACCCTGTCTCAAAAACAAACAAAAA"
"chr1","5983456","5983763","KN294257v1","2403021","2403326","64","3580435","GCCGGGTGCAGTGGCTCACACCTGTAATCCCAACACTTAGAGAGGCTGAGGTGGGCAGATTGCTTAAGGCCAGGAGTTTGAAACCATCGTGGGCAACATAGTGAGACCCCATCTCTACAAAAAAATACAAACATTAACTGGGTATGGCGGTGCGCCCCTGTGGTCATAGCTACTTGGGAGGCTGAGGTGGGTAGGATTGCTGAGCCCAGGAGTTTTAGGTCGTGCAGTGAGCCATGATTGTCACCACCTGCACTCCAGCCTGGGCGGGCGGTGAGACCCTCGCCTCCAAAAAAAAAAAAAATAAAAAA","GGCCAGGCGCGATGGCTCACACCTGTAATCCCAACACTTTGGGAGGCTGAGGCAGGAAGATTACTTGAGTCTGGGAGTTCAAGACCAGCCTGGGCAACATAGTGAGACCCCTGTATCTACAAAAAATACAAAACAATAGCTGGGCATGGTGGCATGCACCTGTAGTCCCAGCTACTTGGGAGGGTGAGGTGGGAGGATCGCTTGAGCCTAGGAAGTCAAGTCTACAGTGAGCTATGATTGCACCACTGTACTCCAGCCTGTGTGACAGAGCGAGACCCTGTCTCAAAAAAAAAAAAGTATAAAAAA"
"chr1","5992315","5992502","KN295988v1","825364","825541","38","5166951","ACCCCAGCTCTACCAAAATAAAAACATTTAGCTGGGTCTGGTGATGCATGCCTGTAGTCCCAGCTACTTGGGAGGCTGAGGAGGGAGGATCACTTGAGCCCAGGAGTCCAAGGCTGCAATGAGCTATGATTGCACCATTGCACTCCAGCCTGGGCAACATAGTGAGACCCCATCTCTTAGAAAAGAAA","ACAAAAAATTTAAAAATTAGCCAGGTGCAGTGGTGCATGCCTGTAGTCCCAGCTACTTGGGAGGCTGAGGCGGGAGGATCACTTGAGCCCAAGAGTTCAAGGCTGCAGTGAGCTATGATTGCACCAGTGCCCTCCAGCCTGGGCAATAGGCCAAGACTCTGTCTCTTAAAAATAAAAA"
"chr1","6037014","6037326","KN296225v1","214782","215070","82","5822232","GGCTGGGCGCAGTGGCTCATGCTTGTAATCCCAGCACTTTGGGATTGGGAGGCTGTGGTGGGAGGATTGCTTGAGCTGAGTTCAAAACCAGCCTGGGCAACACAGTGAGACACCTTTTCTACAAAATTACAAAAAAATTAGTTGGGTGTGGTTTACAGCTATGGGATTACAGGTGGGTGCCTGTAGTACCAACTACTTGCAAGGCTCAGGTGGGAAGACTGCTTGAGCCTGGCAGGTCAAGGCTGCAGTCGCCTATGATCACACTATTGCATTCCCGCCTAGGCAACTGAGTGAGATCTTGTCTAAAAAAAAA","GGCTGGGCTCAGTGGCTCATGCCTGTAATCCCAGCACTTTAGGAGGCTGAGGAGGGAGGATCGCTTAAGGCTAAGAGTTCAAGACCAGCCTGGGCAATATAGGGAGACCCTGACTGTACAAAAAATAAAAAATTAGCCAGGTGAGCTGGTGCGTGCCTGTAGTCCCAGCTACTCAGGAAGCTGAGGTGGGAGGATCGCTTGAGCCTAGGAGGTCAAGGCTGCAGTGAGCTATGATGTCACTATGGCACTCCAGCCTGGGTGACAAAGCAAGACCCTGTCTTAAAAACAA"
"chr1","6038099","6038413","KN296406v1","163962","164264","62","5874137","GACTGGGCACAGTGGTTCACACCTGTAATCCCAGCACTATGGGAGGCTGAGGCAAGAGGACAGTGTAAGGCCAAGAGTCTGAGACCAGCCTGGGCAACATAACAAGATTCTGTCTCTACAAAAAATTATAAAATTAGCCGGTGGGGGGGGGTGGCACACACATGTAGTTCCAGCTACTTGGGAGGCTGAGGCAGACGGATCACTTGAGCCCAGGAGTTCAAGGCTGCAGTGAGCTGTGATCATGCCACTGTACTCCAGCCTGGGCAACAGAGTAAGTTCCCTTCTCCTAAAAAAAATTAAATGAAATAAATAAAA","GCCAGGCACAATGGCTCATGCCTGTAATCCCAGCACTTTGGGAAGCAGAGGTGGGAGGATTGCTTGAGGCCAAGAGTTTAAGACCAGCCTGGGCAACATAGCAAGACCCTGTCTCTACAAAAAGTTTAAAAATTAGCTGGACATGGTGGTGCGCACCTGTAGTCCCAACTACTTGGGAGGCTGAGGCAGGAGGATTGCTTGAGCCCAGGAGTTCCAGGCTGCAGTGAGCTATGATATTGTCACTACACTCCAGCCTGGGCAACAGAGTGAGACCTTGTCTCCAAAAATAAATAAATAAATAAA"
"chr1","6042128","6042304","KN295722v1","2530724","2530897","38","3511404","TTAGTCATTCATGGTGGTGCATGCCAGTGGTCCCAGCTATTTAGGAGGCTGAGGTGGGAGGATCCCTTGAGCCCAGGAGTTTGAGGCTACAGTGAGTTATGATCATGCCACTGGACTCCAGCCTGGGCAACATAAGAAGACCCACCTCTATAAATAAATAGGTAAAGAAAAATAGAA","AATTAGCAGGGTATGGTGGCTCGTGCCTGTAGTCCCAGCTACTTGGGATGCTGAGGTGGGAGGATCACTTAAGCCCAGGAGTTTGAGGCTGCAGTGAGCTGTGATTGTGCCACTGCACTCCAGCCTGGGCAACAGAGCAAGACCCTGTCTCTAAAATTAAAAAAAAAAAAAAAA"
"chr1","6042603","6042743","KN294372v1","1217522","1217662","22","4825081","GGCTGGGTGCGGTGGCTCACACCTGTAACCCAGCACTTTGGAGGCCAGGGTGGGAGGATTGCTTGAGGCCAGGAGTTCGAGACCAGTCTGGGCAACATAGTGAGACCCAATCTCTAACAAAAATTTAAAAATTAGCCTGGC","GGCTGGGTGTGGTGGCCCACATCTGTTATCTCAGCACTTGGAGGTCAGGGTGGGAGGATCACTTGAGGCTAGGAGTTCGAGACCAGCCTAGACAGCATAGTGAGACCCTGTCTCTAAAAAAAAATTAAAAATTAGGTAGGC"
"chr1","6050436","6050739","KN296538v1","1793220","1793524","59","4257216","GGCCAGGTGCAGTGGCTCACGCCTGTAATCCCAACCCTTTGGGAGACTGAGGCAGGAGGATGGCTTGAGCCCAGGAGTTTGAGACTAGCCTGGGCTGCAGAGTAAGGCCTCATCTCTAATTAAAAAAAAAAAAAATAGCCAGGCTGGGTGGCACACATCTCTGATCCCAGCTAATTGGGAGGCTGAGGTGGAAGGATCCCTTGAGCCCCATAGGTCAGGGCTGCAGTGAGCCGTGATCATGCCACTGCACTCCAGCCTGGGGAACAAAGCAAGACCCTGTCTCAAAAAAAGAAAGAAAGAGAGA","GGCTGGGCATGGTGGCTCATGCCTGTAATCCCAGCACTTTGGGAGGCTGAGGCAGGAGGCTTGCTTGAGCCCAAGAGTTTGAGACCAGCCTGGGCAACATAGTGAGACCCTGTCTCTACAAAACAGAAACAAAATTAGCCAGGTGCGGTGGCACACACCTGTGGTCCCAGCTACGTGGGAGGCTGAGGTGGGAGGATCACTTGAGCCCAGGAGGTCACAGCTGCAGTGACCCATGATCGTGCCACTGCATTTCAGCCTGGGTGACAGAGTGAGACCTTGTCTCAAAAAATAAAATAAATAAGAAA"
"chr1","6159033","6159156","KN294467v1","32975","33096","22","6126058","GGCCAGGTGCGGTAGCTCACGCCTGTATTCCCAGTACATTGGGAGACTGAGGCAGGAGGATTGCTTGAGGCCGGGAGTTTGAAGCCAGCCTAGTTAACATAGAGAGATCTCTCTCCAAAAGACA","GGCCAGGCGCAGTGGCTCACGCCTGTAATCCCAGCACTTTGGAGGCTGAGGCAGGAGGATTGCTTGAGGCCAGGAGTTTGAGACCAGCCTGGGCAACATAGTAAGACTGTCTCTACCAAAGA"
"chr1","6215676","6215963","KN296634v1","1816690","1816969","56","4398986","GGCTGGGTGCAGTAGCTCACACCTGTAATCCCGGCACTTTGGGAAGCCAAGGCAGGAAGATTGCTCAAGCCCAGGAGTTCAAGACAAGCCTGGGCAACTTAGGAAGACCCTTCCTCTACAAAAAAATTTAAAAATTAGCTAGGTATGGTGGTGCATGCCTGTGGTGCCAGCTATTCCAGAGGCTGAGGTGGGAGGATCACTTGGGCCTATGAGGTTGAGGCTGCAGTGAGCCAGGATCATGCTACTGCCCTCCAGCCTGGACAACAGACCCTTTCTCAAAAATAAAAA","GGCAGGGCACAGTGGCTCACACCTGTAATCCCAGCACTTTAGGAGGCCAAGGTGGGAGGATTGCTTGAGCCCAGGAGTTCAAGACTAGCCTGGGCAACATAGTGAGACCTTGTCTCTGCAAAAAATTTAAAAATTAGCCAGGCATGGTGGCATGCACCTGTGGTCCCAGCTACTCAGGAGGCTGAGGTGGGAGGATTACGCGAGCCCAGGAGGCGGAGGTTGCAGTGAGCCAAGATTGTGCCACTGCACTCCAGCCTGGGTGACAACCTGTCTCAAAAAA"
"chr1","6216689","6216981","KN295459v1","697076","697373","56","5519613","GGCTGGGCACAGTGGCTTATGCTTGTAATCCCAGCACTTTGGGAGGGTGATACAGGAGTATTGCTTGAGCCCAGGAGTTTGAGACCAGCCTGGGCAACATAGTGAGACCCCCATCTCTACAAGAGTTAAAATTAGCTGGGCATGGTGACATGTGCCTGTAGTCCAGCCACTTGGGGAGCTGAAGTGGGAGGATGGCTTGAGCCCAGCAGGTTAGGGTTCTAATGAGCTGTGATTGTGCCACTGCAGGCCAGCCTGGGTGACACAGTGAGACCCTATCTCAATTAAAAAAAAAA","GTCGGGTGCAGTGGCTCATACCTGTAATCCCAGCACTCTGGGGAGGCCAAAGCGGGAGGATTGCTTGAGCCCAGGAGTTTGAGACCAGACTGGGCAACATAGTGAGACCCCATCTCCACAAAAAATTAAAAAATTAGCCGGGTGTGGTGGCATGTCCTGTACTCCCAGCTACTTGGGAAGCTGAGGTGGGAGGATGACTTGAGCTCAGGAGCTTAAGGTTATAGTGAGCTATGATTACACCACTGCACTCCAGCCTGGGTGACAGAGTGAGACTCTGTCTCTAAAAAACAACACAAAA"
"chr1","6224353","6224657","KN295236v1","5121169","5121469","58","1103184","GGCTGGGCGCAGTGGCCCACACCCGTAATCCCAGCACTTTGGGAGGCCAGCGTGCGTGAATCTCTTGAGCCCAGGAGTTCAAGACCAGCTTGGGCAACATAGCAAGACTCCCCCCTCTATAAAAAATACTAAAACTTAGCTGGGCATGGTGGCTCGTGCTTGTAGTCCCAGCTACTTGAGAGGCTGAGGTGGAAGGATTGCTTGAGCCAGGAGGTTGAGGCTGCAGTGAGCTGTGACTGCAACTCTGCAGTCCCACCTGGGTGATAGAGTAAGACCCTGTCTCGAAAGAAAAACAAAAAAGAAAA","GGCCAGGCACAGTGGCTCATGCCTCTAATCCCAGCACTTTGGGAGGCCAAGGTGGGAGGACTGCCTGAGGCCAGGAGTTCAAGACCAGCCTGGGCAACATAGGGAGACCCCCCATCTCTACAAAACAATTTTAAAATTAGCTGGTCATGGTGGCATGTGCCTGTGGTCCCAGCTACTCGAGAGGCTGAGGTGGGAGGACTGCTTGGCCCCAGGTTGAGGCTACAGTGAGCTGTGATCACATCACTGCATTCCAGCCTAGGTGACAGAGCCAGATCCTGTCTCAAAAAAAAAAAAAAAAAAA"
"chr1","6227266","6227534","KN294987v1","372519","372777","61","5854747","GGCTGGGTTCAGTGGCTCACACCTGTAATCCCAGCACTTTGGGAGGCCAAGGTGGGTGGATCACCTGAGGTCAGGAGTTCGAGACCAGCCTGGTCAACATGGCGAAACCCCGTCTCTACTAAAAATACAAAAAATTAGCCGGGCATGGTGGTGCGCGGCTGTAGTCCCAGCTACTTGGGAGGCTGAGGTGGAAGGAAGCCAAGGCTGCAGTTAGATATGATCACGCGGCGACAGAGTGAGATCCTGTCTTAAACAAAACAAAACGAAAA","GGCTGGGCGTGGTAGCTCACGCCCGTAATCCCAGCACTTCGAGAGGTTGAGGCAGGAGGATCACTTGAAGCCGGGGGTTCGAAACCAGCCTGGGCAACATGGCGAGACCTTGTCTCTACAAAAATAAAAATAATTATCCAGGTCTGGTGCCCGCGCCTGTAGTCCCAGCTACTTGGGAGGCTTAGGTGGAGGATCACTTAAGCCTAGCACTTTAGTCCAGGTGACAGAGTGACATCCTGTCTCAAAAAAAAAAAAAAAA"
"chr1","6316368","6316568","KN296635v1","3474290","3474485","49","2842078","GTGAGCCGCTGTCTCTACAAAAAATACAAAATACAAAAATTAGCTGGTTGTGGTGGTGCATGTCTGTAGTCCCGGCTACCTGGGAGGCTGAGGTGAGAGGATTGCTTGAGCACGGAAGTGCAAGGCTACAGTGAGCAGGGATTGCAGCACTGTACTCCGGCCTGGGTGACAGAATAAGATCGTGTTGTGGAAAAAAGAAAA","TGAGATCCTGTCTCTACAAAAAATAAAATAAAAAATTAGCTGGATATGATGGCACATGCCTGTAGTCCAAGCTACTCAGGTTGCTGAAATGGGAGGATTGCTTGAGTCCTGTAGGTCAAGGCTGTAGTGAGCTGTGATTGCATCACTGCACTCCAGCCTAGGCAACAGAGCAAGACTCTGTCTCAAAAATAAAAAA"
"chr1","6363650","6363831","KN294705v1","1047371","1047557","39","5316279","AAAAAAAAGTTAGGTGTGGTTGCATGTGCCTGTAGTCGCAGCTACTCAGGAGGCTGAGGCTGGAGGATCGCTTGAGCCCAGGAGGAGTTTGAGGCTGCAGTGAGCATGATTGTGCCTGTGAATAGCCATTGCATTCCTGCCTGGGCAACACAGCGAGGTCCTGTCTCTATAAATGATAATAA","TATAAAACTTCAAGCTGGGTGTGGTGGTATGTGCCTGCAGTCCCAGCTACTCAGGAGGCTAAGGCAAGAGGATTGCTTGACCCAAGGAGTTTGAGGCTACAGTGAGCTATGACTGCACCTGTGAATAGCCACTATACTCCAGCCTGGGTAACACAGCAAGACCCTGTCTCTAAAAACTAAAAAAAAA"
"chr1","6403519","6403833","KN296635v1","4355215","4355519","69","2048304","GGGTATGGTGACTCATGCCCACAATTCCAGCACTTTGGGAGGCCGAGGTGGGAAGATCACTTGAGCCCAGGAGTTCAAGACCCACCTGGGCAACAAAGTGAGATCATGTCTCTACAAAAAATCTTTTTAACATTAGCCAGGCACAGAGGCGTGCACTCGTAGTTCCAGCTACTCGAGAGGCTGAGGTGGGAGAATCCCTTGAGCCCAGAAGGTCGGGGCTGCAGAGAACCATGATTGCACCACTGCACCACTTAGTTGCCTGGCCAACTAAGCGAGACCCTGTCTCAAATAAAAATAAAAACCACAAAACAAAGA","GTGGTGGCTCCTGCCTGTAATTCCAGCATCGTGGGAGGCTGAGGTGGGAGGATCACTTGAGCCCAGGAGTTCAAGGCCAGCCTGAGCAACATAGTGAGATCCTGTCTCTAGAGAAAATTTTAAAAATTAGCCATCCATGGTAGGACATGCCTGTGGTCCCAGCTACTTGAGAGGCTGAGGTGGGAGAATCGCTTGAGCCCAGGAGGTTGAGGCTGCAGTGAGCCATGATTGTGCCACTGTACTCTAGCCTGGGCAACAGAGCAAGATCCGGTCTCAAAAAAAAAAAGAAAAGAAAGAAAAAGAAA"
"chr1","6420273","6420565","KN295107v1","1172905","1173191","53","5247368","GGCCAGGCACAGTGACTCACGCCTGTAATCCCAGCACTTCGGGAGGCCAAGGCAGGAGGATCACTTGAGTCCAGGACTTCGAGACCAGCCTGGGAAACATACTGAGACCCCGTCTCTATAAAAATCAAAAGAATTAGCTGGCCATGGTTGGTGGTGCACACCTGTAGTCCCAGCTACTCAGGAGGCTCAGGTGGGAGAACCTCTTTAGTCCAGGAGGTTGAGGCTGCAGTGAGCTGTGATCATGCCACTGTACTCCAGCCTGGGGGACAGAGCAAGACATTGTCTCAAAGAAA","GGCCAGGTGCAGTAGCTCATGCCTATAATCCCAGCACTTTGGGAGGGCAAGGCAGGAGGATCACTTGAGTCCAGGAGTTCAAAACCAGCCTGGGCAACATAGTGAGACCTTGTCTCTACAAAGAAAAAAAAAATTAGCCATGCGTGGTGGGTCATGCCTGTAGTCGCAGCTACTCAGGAGTCTGAGGTGGGAGCAATCACTTCAGCCCAGGAGGTGGAGGCTGCAGTGAGCCATGATCTCACCACTATACTCAGCCTGGGTGACAGAGTGAGACCATGTCTCAAAAA"
"chr1","6428076","6428365","KN296977v1","88156","88438","55","6339920","GGACGTGGTAGCTCACGCCTGTAATCCCAGCACTTTGGGAGGGCAAGACAGGAGGATTGCTTGAGCCCAGGAGTTTGAGACTAGCCTATGCAACACAGTGAGACCTCATCTTTACTAAAAATCAAAAAAATTAGCCAGGCATGGTGGCGTGTGCCTATAGTCCCAGCTACTCAGGTGGCTGAGGTGGGAGGATTGCTTGAGCCTGGTAAATCAAGGCTGCAGTGAGCCATAATGACACCACTGCACTCCAGCCTGGACCACAGAGCAAGACCCTATCTCAAAAAAATAAA","GGGTGTGGTGGCTCATGCCTGTAATCCCAACACTTTGGGAGGACCAGGCAGGAGGGTTACTTAAGGCCGGGAGTTTGAGACCAGCCTGGGCAATATAGGGAGACCTAATCTCTACAAAAAATAAAAAATTAGCCGGGCATGTGGTACATGCCTTGAGTCCCAGCTACTCAGGAGGCTGAGGTGAGAGGATTGCTTGAGCCTAGGAGGTCAAGGCTGCGGTGAGCTATTACTATGCCATTGCACTCCAGCCTGGGCAACAGAGTAAGACACTGTCTCAAAAAAA"
"chr1","6430909","6431191","KN296225v1","214782","215070","57","6216127","GGCTGGGCGAGGTGGCTCATACCTGTAATTCCAGCATTTTAGGAGGCTGAAGTGGGGGAGGATCGCTTGAGCCCAGGAGTTCAAGACCAGCATGGGCAATGTAGCAAGACCTCATCTCTACAAAAAATCAAAAAATTAGCCGGGTGTGGCAGCGTGTGCCCGTAGTCCCAGCTAGTCAGGAGGCTGAGGTGGGAGGACGGCTTGAGCCCAGGAACTCAAGGCTGTAGTGAGCCATTATTGCACCACTACACTCCAGACAGAGCAAGACCCTGTCTCAAAACAA","GGCTGGGCTCAGTGGCTCATGCCTGTAATCCCAGCACTTTAGGAGGCTGAGGAGGGAGGATCGCTTAAGGCTAAGAGTTCAAGACCAGCCTGGGCAATATAGGGAGACCCTGACTGTACAAAAAATAAAAAATTAGCCAGGTGAGCTGGTGCGTGCCTGTAGTCCCAGCTACTCAGGAAGCTGAGGTGGGAGGATCGCTTGAGCCTAGGAGGTCAAGGCTGCAGTGAGCTATGATGTCACTATGGCACTCCAGCCTGGGTGACAAAGCAAGACCCTGTCTTAAAAACAA"
"chr1","6473518","6473727","KN296187v1","2415613","2415818","41","4057905","CCAGCCTAGGTGACAGAGCGAGACTCTGTCTCAAATAAAAAAAAAAAATTAGCTGGGCGTAGTGGCACACATCTGTGGTTCCAGCTACTTGGGAGGCTGAGGTGGGAGGATTACGTGAGCCCAGGAGGTTGAGGCTGCAGTGAGCCATGATCTCACCACCGCACTCCACCCTGGCAACAGAGCGAGACCCTGTCTCAAATAATAATAAAA","CATCCTGGGCAACATAGTGAGGCCCCGTCTCTAAAAAAATAGTAATTAGCTGGGAGTGGTGGCGCACACTTGTGGTTCTAGCTATTTGGGAGGCTGAGGTGGGAGGATCACGTGAGCCCAGGAGCTCAAGGCTGCAGTGAGCTATGACTGAGCCACTGCACTCCAGCATGGGGAACAGAGCAAGACCCTGTCTCTAAATAAATAAA"
"chr1","6497862","6498069","KN295450v1","186842","187049","41","6311020","CCAGCCCGGGCCACACAGTGAGATCCTGCCTCTACAAAAAACAAACAAAATTAGCCGGGTGTGGTGGCGCTCTCTTGTAGTCCCAGCTACTTGGGAGGCTGAGGTGGGAAGATTGCTGGAGCCCAGGAGGTTGAGGCTGCAGTGAGCCATGATCACATTGCTGCACTCCAGCCTGGGTGACACAGTGAGACCCCGTCTCAGAAAAAAA","CTAGCCTGGGCAACAAAGTGAGACCTGGTCTCTACAAAAAAATCAAAAAAATTAGCAGGGGGTGGTGACACACACCTGTAGGCCCAGCTACATGGGAGGCTGAGGTGGGAAGATCACTTGATCCCAGGAGGTTGAGGCTGCAGTGAGCCTTGTTTGTGCCACTACACTCCAACCTGGGTGACAGAGCCACACTCTGTCTCAAAAAAAA"
"chr1","6515400","6515683","KN294758v1","3036785","3037063","52","3478615","GATGGCTCAACAACTATAATCTCAGCACTTTAGGAGGCCAAGGCAGGAGGATCCCTTGAAGCCAGGAGTTCGAGACCAGCCTGGGAAACATAGTGAGACCTCCCTTGCTATAAAAAATTAAAAAGTTAGCCAGGTATGGTGGTGTGCACCGGTGGTCCCAGTTACTCGGTAGGCTGACGTGGGAAGATCACTTGTGCCCAGGAGGTCGAGGCTGCAGTGAGCCCTGATCACAACACTGCACTCCAGCCTGGGTAACAGAGCAAGACCCTGTCTCAAAAAATAAA","GGCTCACACCTGTAATCTCATCACTTTAGGAAGCCAAGGTGGGAGGATCACTTGAGGCCAGGAGTTTGAGACCAGCCTGGGCAACATAACGAGACCTTATTTCTATAAAAAATTTAGAAATAGCTGGGCATGGTGTTATGTTCCTGTAGTCCAAGCTACTTGGGAGGCTGAGGCAGGAGGATCACTTGAGCCCAGGAGGTCGAGGCTGCAGTGAGCCATAATCAGGCCACTGCACTCCAGCCTGGGCAACAGAGTGAGACCCTATCTCTAAAAAATAAA"
"chr1","6531181","6531315","KN296934v1","522869","523001","26","6008312","GGTTGGGCATGGTTGTTCACACCTATAATCCCAGCACTTGGGAAGGCTGAGGTGGGAGAATCATTTGAGGCCAGGAGTTGAAACCAGCCTGGACAACAGAGCAAGACTCTGTCTCAGCAAAAAATTAAATAAAAA","GGCCAGGCATGGTGGCTCACACCTGTAATCCCAGCACTTTGGGAGGCAGAGGTGGGAGGATCACTTGAGGCCATGAGTTTGAGACCAGCCTGGGCAACACAGCAAGATCCCCATCTGCACAGAAAAATAAAAA"
"chr1","6559736","6559880","KN296138v1","158354","158482","31","6401382","GGCATGGTGGCTTATATCTGTAATCCCAGCAGTTTGTGAGGCCAAGGTAGGAGGATTGCTTGAGCCCAGGAGTTCAAGACCAGCCTGGGCAACATGGCAAGATCCTCTGTCTACAAAAGCAAAACAAACAAAAAAATTAGCCAGA","GCAGTGTCTCATGCCTGTAATCCCAGCACTTTGGGAGGCCAAGGTGAGAGGATGGCTTGGGCCCAGGAGTTCAAGACCAGCCTGGGCAACATAGCAAGAACCTGTCTCAAAAAAAAAAAATAAAGAATG"
"chr1","6560171","6560343","KN294705v1","1591086","1591255","42","4969085","CTAGCCAGGTGTGGTGGTGCGCTAGTGTGGTCCCTGCTACTTGGGAGGCTGAAGTGGGAGGACTGCTTGAACCCAGGACGTCAAGGCTGCAGCAAGCCGCGTTTGTGCCACTACACTTTTTGCTGGGCAACACAGTCAGACCCGGTCTCAAAAAAAAAAAAATTAAAAGAAAA","TTAGCTGGGTATGGTGGTGTATGCCTGTGATCCCAGCTACTTGGAAGGCTGAGGTTGGAGGATTGCTTAAGCCCAGGAAGTCAAGGCTACAGTAAGCCATGACTGCACTACTGCACTCCAGCCTGGGTAACAGAGTAAGACCCTATCTCAAAAAAAAAAAAAAAAAAAAA"
"chr1","6574299","6574607","KN295236v1","455092","455401","68","6119207","GGCACAGTGGCTCACCTAGAATCCCAATGCTGTGGGAGGCCCAGGCAGGAGAATCACTTGAGACCAGGAGTTTGAGACCAGCCTGAGCAACACAGTGAGACCACCTTCTCCACAAAAAATTAAAAAATTAGCCAGGAGTGGTGGTGCATGCCTGTAGTCCCAGCTACTTGGGAGGCTGGGGCAGGAGAATCACTTGAGCTTCAATGAGGCCCAAGTAAGGCTGCAGTGAGCTATGATTGCACCACTACACTCCAGCATGGGGGAAACAGCAAGACCTCATCTCTATAAATAAACAAATAAACAAACAAA","GGCCAGGCACGGTGGCTCACACCTGTAATCCTAACACTTTGGGAGGCCGAGGCAGGAGGATCACTTGAGGCCAGGAGTTTGAGACCAGCATAGGCAATGTAGTGAGATTCCCTTCTCTACAAAAAATAAAAAATTAGCCAGGCATGGTGGTGGGTGCCTGTAGTCACTGCTACTAGGGAGGCTGAGGCGGGAGGATCACTTGAGCTCACGAGATTGAGGCTGCAGTGAGCTATGACTGCACCACTGGACTCCAGCCTGGGCAACAGAGTGAGACTCTGTGTCTCTAAAAAGGAAAAAAATAAGAAAGAAA"
"chr1","6608789","6609090","KN296649v1","576985","577271","78","6031804","GCTGGGCGTGGTGGTTCACGCCTATAATCCCAGCACTTTGGGAGGCTGAGACAGGAGGGTCACTTGAGGCCAGGAGTGTGAGACCAGCCTGGGTAACACAGCAAGACCCTGTCTCTATAAAAATTTTAAGAATATCCTTTTGTATCTACATATGAGAAAAAAAATTACTGGGTGTGGTGGCACACGCCTGTAGTCTCAGCTATGCAGGAAGGTGCGGTGGGTGGAGGCTGCAGTGAGCCATGATTGCACCACTGCACTCCAGCCTGGGTGACAGAGCAAGACCCTGTCTCAAAAATAAAAAA","CAGGCACTGTGGTTCATGCCTATAATCCCAGCACTTTGGGAAACTGAGGCAGGAGGATCACTTGTGCCCAGGAGTTTGAGACCAGCCTGGATAACATAGGCAGACCCCATCTCTACAAAAAAGTTTTAAAAATTAGCCTGGTGGTATGCATGTGTAGTCCCAGCAACTAGGAGGCTGAGGTGGGAGAATCACTTGAGCCCAGGAGTTTGAGGCTACAGTGAGTGATGATGACACCACTGCACTCCAGCCTGGGTGACAGAGCAAGACCCTGTCTCTAAAAGAAAAAA"
"chr1","6618954","6619159","KN295198v1","78177","78377","65","6540777","TTTGAGACCAGCCTGGGCAACATAGTGGGACCCAATATTTTGTCTCAACAAAAAGTTTTCAAATTGGCCAGGCGTGGTGGCATGCATCTTTAGTCTCGGCTACTTGGGAGGCTGAAGTGGGAAGATCACATAAGCCCAGATGACAGTGAGCTGTCATTGTTCCACTGCTCCCACTCTGCCTGCCCCACCCCTGAAAAAAAGAAAGA","TTCAAGACTAGCCCTGGCAACATAGTGAGACCCCATCTCTGCAAAAAAAGTTTTAAAATTAGCTGGGCATGGTGGTATGCACCTGTAGTCCCAGCTACTCAGGAGGCTGAGGCGGGAGGATCGCTTGAGCCCAGGAGTTTGAGGTTGCAGTGAGCCATGGTCACACCACTGCACTCCAGCCTGCGTGACAGTGTGAGATCC"
"chr1","6642209","6642505","KN297008v1","1477900","1478200","55","5164309","GCTGGGCGCGGTGGCTCAAGCCTGTCATCCCAGCACTTTGGGAGGCCGAGGCGGGAGGATCGCTTGAGCCTGGGAGTTCGAGACCTGCCTGGGCAACAGAAGGAGACCCTACCTCTACAAATAATTTTAAAAAATTAGCCAGGCAAGGTGGTGTGCACCTGTAGTCCCAGCTGCTCGGGAGACTGAAGTAGGAGGATCGCTTGAACCCAGCTTCGAGGCTGCAGTGAGCTATAATCTTGCCACTGCACTCCAGCCTGGGTGACAGAGCGATACCTCATCTCAAAATAAGAAATAAAA","GGCCGGGCACGGTGGCTCACACCTGTAATCCCAGCACTTTGGGAGGCTGAGGTGGGAGGATCACTTGAGTCTAGGAGTTCGAGACCAGCCTGGGCAACATAGCCAGACCTCATCTCTACAAACAAATTTAAAAATTAGCTGGACATGGTGGTGTGCTCCTGTGGTCCCAGCTACTTGGAGGCTGAGATGGGAGGATCGCTTGAGCCCAGGAGTTTGAGGCTGCAGTGAGCTGTGATCGTGCCACTCCACTCCAGCCTGGACGACACAGCAAGACCCCATCTCTAAAATAAAAATACAAAAA"
"chr1","6647119","6647419","KN295405v1","269749","270056","62","6377370","GGCCAGGTGCGGTGGCTCCCGCCTATAATTCCAGCACTTTGGGGGGCCAAGGCAGGAGAATCCCTTGAATCCAAGAGTTTGAGACCAGACTGGGCAAGACAGCAAGACCCCCATCTCTAAAAAAAAAAAAAAATTTAATTAGCTGGGCATGGTAGCACATGCTTGTGGTCCCAGCCACTTGGGAGGCTCAGGTGGGAGGATGGCTTGATCCTGGGAGGTTGAGGCTGCTGCGAGCCATGACTGCACCACTGTACAGAGCCTGAGCAACAGAGTGAGACCCTGTCTCAAAAACAAAGAAAAA","GGCCAGGCACAGTGGCTCACGCCTATAATCCCAGCACTTTGGGAGGTCAAGGTTGGGGAATCACTTGAGTCCAGGAGTTTGAGACCAGACTGGGCAACACAGCAAGACCCTATCTCTAAAATAAATAAATAAATAAAAATTAGTTAGGCAGGGTGGTTCACACGTCTGTGGTCCCAGCTACTTGGGAGGCTGAGGTGGGAGAATTACTTGGGCCCCCAGGGGGATGAGGCTGTGGTGAGCCATAATCATGACACTGCACTCAGCCTGGGCAACACAGTGAGACCCTATCTCAAAAAAAAAAAAAAAAA"
"chr1","6658254","6658382","KN296588v1","2156571","2156699","22","4501683","GGCTGGGCGCTGTGGCTCACACCTGTAATCCTAACACTTTAGGAGGCCGAAGCGGGAGAACTACTTGAAGCCAGGAGTTCAAAACCAACCTGGGCAACCAAATGAGACCCTGTCTCTATAAAAATAAAA","GGCTGGGCACAGTGACTCACACCTGTAATCCCAACACTTTGGGAGGCTGAGGTGGGAGGATTGCTTGAAGCCACAAGTTCAAAACCCACCTGGGCAATAAACCAGACCGTGTCTCTACAAAAAAAAAAA"
"chr1","6665808","6666103","KN296096v1","2297832","2298124","69","4367976","GTGGCTCATGCTTCTAATCTCAGTGCTTTGGGAGGCCAAGGTGGGAGGACTGCTTGAATCCAGGAGCTTGAGACCAGCCTAGGCAACATAGAGATAACTTATCCCTAAAAAAAAACTAAACAATGAGCCAGGCATGTTGGCACACGCCTGTAGTCCTAGTTTTTCGGGAGGTTGAGGGAGGAGGACTGCTTGACCCCAGGAGTTCAAGGCTGCAGTGGACTATGACCGGACTATTGCACTCTAGCCTAGGCAACAGAACAAAACCTCGTCTCTAACAAAAATAAAGTAAAATAAAA","GGTGGCTCATGCCTGTAATCCCAGCACTTTGGGAGGCCAGGGTGGGAGGATCCCTTGAGCCCAGGAGTTTGAGACCAGCCTGGGCAACATGGCAAAACCCTGTTTCTACAAAAAGAAGTAAAATTAGCCAGGCATGGTGGCACTCGCCTGTAGTCCCAGCTACTCAGGAGACTGAGGTGAGAGGAATGCTTGAGCCCAGGAGTTGGAGGCTGCAGTGAGGTGTGATCACTGCACTGCATTCCAGCCTGGGCAACCGAGCTAGACCCTGTCTAAAAAAAAAAAAAAAAAAAAAA"
"chr1","6684060","6684181","KN294747v1","819439","819562","18","5864621","CCAGACATGGTGGCTCGTGCCTGCAATCCCAGCACTTTGGGAGGCTGATGTGGGAGGATCCTTTGAGGCCAAGAGTTTGAGGCCAACCTGGGCAATATAGCAAGACCCCGTTTCTACAACAA","CCGGGCATAGTGGCTCATGCCTGTAAATCCCAGCACTTTGGGAGGCTGAAGTGGGAGGATCACTTTGAGGCCAGGAGTTAGAGACCAGCCTAGGCAACATAGCTAGACCCCCGTCTCTACAAAA"
"chr1","6691545","6691811","KN296357v1","431621","431890","46","6259924","GGCTGGGCGCGGTGGCTCACACCTGTAATCCCAGCGCTTTGGGAGGCTGAGGTGGGAGGGTAGCTTCAGGCTAGGAGTTTGAGACCAGCCTGGGCAACATAGAAAGACCCCATCTCTACAAAAATTAAAAATTAGCTAGGCATGGTGGTGTGTGCCTGTAGTCACAGCTACTTGGGAGGCTGAGGTGGGAGACTCACTTGAGCCTGGGAGGTCGAGGGTGCAGTGAGCCGTGATGGCACCAACACACTGCAGCCTGGGCGACAGAGC","GGCCGGGTGCGGTGGCTACGCCTGTAATCCCAGCACTTTGGGAGGCTGAGGCGGGAGGACTGCTTGAGGCTAGGAGTTTGAGACCAACCTGGGCAATGTAGCAAGATTCCATCTCTACAAAAAATTTTACAAAATTAGCTGGGCATGGTGGTGCACGCCTGTAGTCCCAGCTACTCTGGAGGCACAGGGAGGAGAATCACTTGAGCCTGGGAAGTCAGGGCTGCAGTGAGCCAAGATCGCACCACTGTACTCCAGCCTAGGCAACAGGGC"
"chr1","6692456","6692756","KN294842v1","904138","904435","56","5788318","CCAGGCAAAGTGGCTCACACCTGTAATCCTAACACTCTGGGGAGCCAGGCTGGGAGGATCACATGAGGCCAGGAGTTCGAGACCAGCCTGAGAAACATAGCAAGACCCTGTCTCTACAAAACATTTTTTAAAAAATTAGGCGGGCTTGGTGGCGCACACCTGTATTCCCAGCTATTCAGGAGGCTGAGATGGGAGAATCACTTGAGCACAGGAGGTTGAGGCTGCAGTGAGCTATGATCACGCCACTACACTCTAACGTGGGCAACAGAGCAAGACCCTGTCTCACAAAAAAAGAAAGAAA","GGCAGGGTGTGGTGGCTCATGCCTGAAATCCCAGCACTTTGGGAGGCCAAGGTGGGAAGATCACTTGAGGCCAGGAGTTTGAGACCAGCCTGGGCAACATAACAAGACCCTCGTCTCTGCAAAAAAATTTTTAAAAATTAGTCAGTCTTGGTGGCACACAGCTGTAATCCCAGCTTTAGGAGGCTGAAATGGAGAATGGTTTGAGCCCAGAATTTGAAGCTTCAGTGAGCTATGATCACACCACTGCACTCCAGCCTGGGCGACAGAGCAAGACCCTGTCTCTAAAAAAAAGAAAAAA"
"chr1","6693835","6694109","KN296311v1","4141309","4141593","58","2552526","GCTGGGTGCAGTGGCTCACACCTGTAATCCCAACATTTTGCAAGGCCAAGGCAGGAGAATCATTTGAGGCCAGGAATTCGAGATCAGCCTAGGCAACATAGTGAGACCCCATCTCTACAAAAAATAAATTAGCTGGGCATGGTGGCACACACCTGTAATCCCAGCTGCTTGGAAAGCTAGAGCAGGAGGATTAGTTAAGCCCAGGAATTCAAGGCTGCAGTGAGCTATGATCTTACCATTGCACTCCAGCCAGGACAACAGAGAAGGACCCTGTC","GGCCAAGCACTGTGGCTCATACCTGTAATCCCAACACTTTGGGAGGCCAAGGCAAGAGGATCACTTTAAGCTAGGAGTTCGAGACCAGCCTGGGCAACATAGTGAGCCCCCATCTCTACAAAAAAAAGTATAAAAATTAGCCGGGCATGGTGGCGTACATCTGTAGTCTTAGCTACATGGGAGGCTGAGGCAGGAGGATTGCTTGAGCCCAGAAATTTGAAGCTGCAGTGAACTATGATCATGCCATTGCACTCCAGCCTGGATAACAGAAGGAGACCCTGTGTC"
"chr1","6713672","6713934","KN296826v1","95086","95353","52","6618586","GGCTGGGTGCCGTGGCTCATGCCTGTAATCCCAGCACTTTAGGAGGCTAAGATGGGCGGACTGCTTGAGCTCAGGAGTTTGAGACCAGCCTGGGCAACACAGTGAGACCCTGTCTCTAACAAAACAACAAAATCAGCTGGCTGTGGTGGTGTGTGCCTGCAATACCAGCTACTCTGGTGGCTGAGGTGGGAGGATCACCTGAGCCGGGGAAGGTCGAGGCTGCTATGAGCCACGACTGCGCCACTGCACTCCAGCCTGGGTGA","GGCTGGGTGTGGTGGCTCATGCCTGTAATCCTAGCACTTTGAGAGGCCTAGGAGGGTGAAATTGCTTGAGTCGAGGAGTTTGAGACCAGCCTGGGCAACATAGCGAAACCTTGTCTCTACAAAAAATACAAAAATTAGCCAGATGTGGTGACGTATACCTGTAGTCCCAACTACTCAGGAGGCTGAGGTGGGAGGATCACCTGAGCCTGGGAGTTTGAGGCTGCAGTGAGCCATGATCGTGCCACTGCACTTCAGCCTGAGCGACAGA"
"chr1","6720392","6720688","KN295984v1","3197280","3197579","57","3523112","GGCCAGGCACGGTGGCTCACACCTGTCATCTCAGCACTTTGAGAGGCTGAGGCGGGCAGATCACTTGAGACGGGAGTTCCAGAACAGCCCGGCAACGTAGCAAGACCCTGTCTCTACAAAAAATACAAAGCTTAACCAAGTGTGGTGGCGGGCACCTGTAGTCCTAGCTACTCTGGAGGCTGAGGTGGGAGAATTACCTAAGCTTGAAGAGGTGGAGGCTGCAGTGAGCCATGATTGCACCACTGTACTGCAGCCTGGGTGACAGAGTGAGACCTCGTCTCAAAAAAAAAAAAAAAA","GGCTGGGCGCGGTGGCTCACACCTGTCATTCCAGCACTTTGGGAGGCCAGGTGGGCAGATCGCTTGAGTTCAGGAGTTTGAGACCAGCCTGGGCAACGTGGCGAAACCCTGTCTCTGCAAAAAATACAAAAATTGGCCGGGTGTGGTGGTGCGTGCCTGAAGTCCCAGCTACTCAGGAGGCTGAGATGGGAGGATCACCTGAGCCCAGGAGTTTGAGACTGCAGTGAGCTGTGATCACACCACTGTACTCCAGCATGGGTGACAAGAGTGAGACCCTGTCTCAAAAAAAAAAAAAGAAAA"
"chr1","6731452","6731747","KN296242v1","746722","747015","64","5984730","GCCGGCCATGGTGGCAGGCACCTGTAATCCCAGCTACTCAGGAAGCTTGAGCCCAGGAATTTGAGACCAGCCTGAGTAACATAGTGAGACCCCATCTCTACAAAAAATGTTGAAAAATTAGCCGGGTGTGGTGGCACATGCCTGTAGTCCCAGCTACTTGGGAGGCTGAGGTGAGACGATCGCTTGAGTCCTGGAGGTTGAGGCTACAGTGGGCTGTGATGGCACCATTGCACTCCAGCCTGGGTGACAAAACAAGACTCTGTCTAAAAAAAAAAACAAAAAAAACAAACAAAAAA","CAGGTGTGGTGGCTCACGCCTGTAAATCCCAGGCTGAGGCAGGAGGATTGCTTGAGCTCAGGAGTTTGAAACCAAACCAGGGAACATAGAGGGACCCCATATCTACAAAAAATTTAAAAGTAACTGGGTGTGGTGGCACACACCTATAGTCCCAGCTATTTGGGAGGCAAAAGTGGGAGGATCACTTGAGCCTGGGAGGTTGAGGCTGCAGTGAGCTGTGATCGTACCACTGCACTCCAGCCTGGGTGACAGAGTGAGGCTCTGTCAAAAAAAAAGAAAGAAAAGAAAAAAAAA"
"chr1","6742187","6742461","KN296528v1","1502376","1502655","64","5239811","GGGCACAGTGGTTCATGCCTGTGATCCCAGCACTTTGGGAGGCCAAGGCGGGAGGATCACTTGAGGCTAGGAGTTTGAGTCTGGGCAACATAGTGAAACCCCCATCTCCAAGAAAAATACAAAAAAAATACACACAAAAAAATTACAGGCATAGCAGTATGTGCCTGTAGTCCCTGCTACTTGGGAGGCTGAGGTGGGAGCATTGCTTGAGCCCAGGAGGTCAAGGCTGCAATGAGCCAGGATCATGCCACTCTACTCCAGCCTGGGTGACAGAG","GCTAGGCACAGTGACTCACGCCTGTAATCTCAGCACTTTGGGAGGCCGAGGCAAGAGGCTAACTTGAGCCCAGGAGTTTGAGATCTGCCTGGTCAACATAGCGAGACCCTACCTTTACAAAAAAAAAAAAAAAAAAAAAAAAAAAAATTAGCCAGGCATGGTGGTACGCACTTGTAGTCCCAGCTACTTGGGAGGCTGAGATGGGAGGATCGCTCTAGCCCAGGAGTTCAAGGCTGCAGTGATCTGTGACTGCCACTGCACTCCAGCCTTGACAACAAAG"
"chr1","6746987","6747154","KN296281v1","67757","67920","38","6679230","TACAAAGAAATTTTACAGGTATGGTGGCGCGCCTGTAGTAACAGCTACTTGGGATGCCGAGGTGGGAGGATTGTTTGAGGTTGGGAGTTCAAGGCTGCAGTGAGCTATGATCGCACCCCAGCACTCCAGTCTGGGTGACAGAGTGAGACCCTGTTTCAAAAAAAGAAA","TTTTTAAAAATGTTAGCCAGGTGTGGTGGCAGGCCCCTATAGTCCCAGCTACTTGGAAGGCTGAGGTGGGAGGATTGCTTGAGCCCAGGAGGTCAAGGCTGCAGTGAGCTATGATCGCACCACTGTACTCCAGCCTGGGTGACAGAGTAAGACCCTGTCTAAAA"
"chr1","6747389","6747489","KN296649v1","445475","445566","33","6301914","TGGCCCATGCGTGTAATCCCAACACTTTGGGAGGCCGAAGTGGGAAGACTGCTTGAGATCAGCAGTCTCAAAAAAAAATCTTGTTTTTTTTGAGACAGGGT","GGCCCATGCCTGTAATACCAGCACTTTGGGAGGCTGAGGTAGGAGGATTGCTTGAGGCTAGGAGTTCAAGACCAGCTTGGGCAACATAGTGA"
"chr1","6749336","6749636","KN296955v1","629607","629903","63","6119729","GGCCGGGCATGTTGGCTCACATCTGCAGTCCCAGACCTTTGGGAAGTGGAGGCAGGAGGATTGCTTGACCTGAGGAGACCAAGACCAGCCTAGGCAACATAGCAAGACCTCATCTCGACTAAAAATTAAAAAAAAAAAATTAGCCAGGCATGATGGTGCACGCCTGTGGTCCCAGCTACTAGGGAGGCTGAGGTGGGAGGATCACTTGAGCCTGGGAAGTTCACCAGAGTGCCACTGCACTCCAGCCTGGGCAACAGAGTGAGCCTGTCTTAAAAAAAAAAAAAAAAGAAAAGAAAGAAAA","GGCTGAGTATGGTGGCTCAAACCTGTAATCCCAGAACTTTGGGAGGCTGAGGCAGGAGGATCACTTGAGCTCAGGAGTTCGAGACCGGCTCGGGCAACATAGCAAGACTTCGTCTCTACAAAAAGTCAAAAAATTAGCTGGACATGGTGGTGCACACCTGTGGTCCCAGCTACTTGGGAGGCTGAGGTGGGAGGATCGCTTGAGCCCAGGTATGAGTCATGATTGTGCCACTGCACTCCAACCTGCACAGCAGAGCAAGACCCTGTCTCAAAAAAAAAAAAAAAAAAAAAAAAAAAA"
"chr1","6760793","6761065","KN295112v1","233809","234070","62","6526984","TTTGGGAGGCAGAGGTCGGGAGGATTGCTTGAGCCCAGGAGTTTGAGATCAGCTTGGGTAATATAGCTAGGTCCCATCTCTCCAAAAAATAAATAAATGAGACAGGCATGATGGCGTGTGTCTGTAGTCTCAGCTACTCGGTGGGAGGCTGAGGTGGGGGAGGATCACTTGAGCCCAGTAAGTCGAGGCTGCAGTGAGCTATGATCACACCACTGCGCTCCAGCCTAGGTGACAAAGTGAGACCTGGTCTCAAAATCAAAAACAAAACAAAAA","CACTTTGTGAGGCTGGGGTGGGAGAATCACTTGAGCCTAGGAGTTTGAGACTAGCCTGGGCAATATAGCAAGACCCCATCTCTACCAAAAAGAAATTAATTGGGCATAGTGGCATGTGACTGTGGTCCCAGCTACTTGGAAGGCTGAGGTGGGAGGATCAATTGAACCTAGGAGGTTAGGGCTGCAGTGAGCTATGATCACACTATTGCACTCTTGCCTGGGCAACAGGGTGAGACCTTGTCTCAAAAAAAAAAAAAAAAAA"
"chr1","6764578","6764872","KN295397v1","5352","5638","60","6759226","GCCAGGTGAGGTAACTCATGCCTGTAATCTCAGCACTCTGGGAGGCTAAGGCAGGAGGATCACTTGAGCCCAAGAGTTTAGACAAGCCTGGGCAACATAGCAAAACCTCATCTCTACAAATATTTTTTAAAAAAATAATCGGGCATGGTGGTGTGCATCTGTGGTCCCAGCTACTCAGGAGGAAGGTTGAGGTGGGAGGATGGCTTGGGCCCAAGATGTTGAAGGCAGTGAGCTATGATCATGCCATTGCACTTCAGCCTGGGCAACAGAATGAGACCCTCTCTCAAAAGAAGAA","GGCTGGATCCAGTGGCTCACACCTGTAATCCCAACATTTTAGGAGGCTGAGGCAGGAGGATCACTTGAGCTCAAGAGTTGGAGACCAGCCTGGGCAACATAGCAAGATATCTCTACTAAAAATTTTTTTAAAATTAGCTGGCATGGTGGCATGCACCTGTCATCCCAGCTACTGGGAAGGCTGAGGTGGGAGAATTGCTTGAGCCCAAGAGGTTGAAGCTGCAGTGAGCTGTGATCGTGCCACTGCACTCCAGCCTGGGTGACAGAGTGAGACCCTGTCTCAAAAAA"
"chr1","6765549","6765860","KN294396v1","326030","326339","65","6439519","GGGCATAGTGGCTCATGCCTGTAATCCCAACACCTTGGGAGGCTGACATAGAAAGATCACTTGAGGCCAGGAGTTCAAGACCAGCCTGGGCAACATAGCATGACTCTATCTCTACCCAAAAAAAAAATTAATTAGTGGGGTGTGGTGGCACATGCCTGTAGTCCCAGCTACTCAGAAGGCTGAGGCAGGAGGGTTGCTTGATCACAGGAATTGGAGACTGCAGTGAGCTATGATTGTGCCACTGCACTCCAGCCTGGAGGAGACAGCAAGCCCCTCTATGAAAAAAAAAAAAGAAATCAAGAAAGAAAGAAA","GCTGGGCATAGTGGCTCATGCCTGTAATCCCAGCACTTTGGGAGGCTGAAGCAAGAGAACTGCTTGAGGCCAGGAGCTCAAGACCAGTCTGGGCAACATAGCGAGACCCTGTCTCTACAAAAACTAAGAAAATTAGCCAGGTGTGGTGGCATGCCTGTAGTCCCACCTACTCAGGAGGCTGAGGCAGGAGATTCACTTGAGCCCGGGGGAGTTTGAGGCTGCAGTGAGCTATGATGGTGCCACTGCACTCTAGCTTGGGTGACAGAGTGAGACTCTGTCTCTAAAAAAAAAAAAAAAAGAAAGAAAAGAA"
"chr1","6771614","6771950","KN295586v1","2946282","2946620","75","3825332","GGCTGGGCACGATGGCTCACACCTACAATCCCAGCACTTTGGGCAGCTGAGGCAGGAAGGTTGCTTGAGCCCAGGAGTTCAGGACCATCTTGGGCAATATAGATAGATCTCATCTCTACAAAGATTTTTTTTAATTGGCTGAGCATGTGGCACACACCTGTAATCACAGCTTCTCAGAAGGCTGAGGTGGGAGGATTGTTTGAGCCCGGGAGGTCGAGACTGCAGTGAACCAGATCATGCCACTGTACTCCAGCCTGGGCAACAGAGGAAGAGCCTATCTCAACAAACAAAAAAATAAAGAAATAAAAAAGAAAGAAAGAAACAAAAGAAAAAGAAA","GGCTGGGCACGGTGGCTCAGGCCTGTAATCCCAACACTTTGGGAAACAGAAGCAGGAGGATTACTTGAGGCCAGGAGTTCAGGACCAGACTGAGCAATATAGTGAGACCCTGTTTCTACAAAAAAAATTTTTTTTAAAAATTAGCTGGGCATGGTGGCATGCACCTGTAGTCCCAGCTACTACAGAGGCTGGGGTGGGAGGATGGCTTGAGCCCAGGAGTTTGAGGCTGCAGTGAGCCATGATTGCACCACTGCACTCCAGCCTGGGTGACAGAGCGAGATCCTGTCTCAGAAAAAATAAAAGAAGAAAGAAAAAAAAAAAAATAAAAAAAAAAAAAAA"
"chr1","6776647","6776857","KN294733v1","13674","13893","45","6762973","GCCAGGCATGGTGGCTTACAACTATCTCAGCACTTTAAGAGACCAGTGTGGGAGGATTGCTTGTGGTCGGGAGTTCCAGACCAGCCTGGACAACATAGGGAGACCCTGTATCCACTAAAAAATTTAAAATTATCCAGGTGGTGCAGTCCTGTAGTCCTAGCTACTTGAGAGGCTGAGGTGGGAGGATCGCCTGAGCCCAGGAGTTTGAGAC","GGCCAGGCACAATGCCTCACACCTGTAATCCCAGCACTTTGGGAGGCCAAGGCGGGTGGATTGCTTGAGGTCAGGAGTTCAAGACCAGCCTGGCCAACATATTGAAACCCTGTCTCTACAAAAAATGCAAAAAAATTAGCCAGGCATGGTGGCATGCCTGTAGTCTCAGCTACTTGGGAGGCTGAGGTGGGAGGATCGATTGAGCCCAGGAGTTGGAGAC"
"chr1","6784918","6785226","KN297245v1","2036362","2036663","64","4748556","GGCCGAGTGCTATAGCTCACACAAGTAGTTCTAGCACTTTGGGAGGCCAAGGCAGGAGGATTACCTGAGCCCAGGAGTTTGAGAACAGCCTGGACAACATAGTGAGACCCCATCTCTACAAAACAAAAAAAAAAGAATTATTAGCCAGGTGTGATGGTTTGCACCTGTAATCCTAACTACTCAGGAGGCTGAGATGGGAGAATCCCTTGAGCCCAGGAGTTTGAGGCTACAGAGAGCTGTGATCATGCCACTGCCCTCTAACATAGGTGACAGAGCAAGAACTTTTCTCAAAAAAAAAAAGAAAAGAAA","GGCCAAGTGTAGTGGCTCACACCTGTGATCCCAGCAATTTGGGAGGCAGAGGCAGAAAGATCGCCTGAGGCTAGGAGTTTGAGACCAACCTGGGCAACATAGTGAGACCTCGTCTCTACAAAAAATTTTTAAAATTTAGCCAGGCATGATGGTGCATGTCTGTAGTCCCAGCTACTCAGGAGGCTGAGGTGGGAGGATCACTTGAGCCCAGGAGGTTGAGGCTGCAGTGAGCCATGATCTTGCCACTGCACTCCAGCCTGGGTGACAGAGCGAGACCCTGTCTCAAAAAAAAAAAAAAAGAA"
"chr1","6791218","6791525","KN294705v1","773441","773753","64","6017777","GGCTAGGCCCAGTAGTTCATGCCGTAATCCCAGCACTTTGGGGCCGAGGCAGAATAATCACTTGAGGCCATGAGTTCTAGATCAGTCTGGGCAACACAGCAAGATGTCACTACAAAAGAATATAAAAGATTAGCAAGGTGTGGTGGTGTGCACCTGTAGTCCCAGCTACTCAGGAAGCGAAGGCAGAAGGATCACTTGAAGCCAGGAGTTCGAGGGTGCAGTAAGCTATGATCGCGCCACTGCACTTCAGCCTGGGTGACAAAGCAAGACCCTGTCTCAAAAAAAAAAAAGAAGAAGAAGAAGAAGAA","GGCTGGGCGTAGTGACTCATGCCTGTAATCCCAGCACTTTGGGAGACGGAGGCAGAAGGATCACTTGAGGCCAGGAATTCAAGACCAGCCTAGGCAACATAGCAAGACCCTGCCTCTACAAAAACATTTTTAAAATAGCCAGGAGTGGTGGTGGCAGCCTGTAGTCCTAGCTACTCAGGAGGCTGAGGAGGGAGGATCACTTGAACCCAGGAGTTCAAGGCTGCAGTGAGCTATGATCACACCACTGCACTCCAGCCTGGGTGACAGAATGAGACCCTGTCTCAAAAAAACCAAACCAAACCAACAAAGCAAA"
"chr1","6791769","6792067","KN297320v1","1234476","1234772","54","5557293","GGCTGGGTGAGGTGGCTCACGCCTGTAATCCCAGCACTTTGGGAGCCCAAGGTGAGTGGATGGCTTGAGGCCAGGAGTTCGAGATCAGCCTGAGCAACATGGCAAAACCCTGTCTTTACAAAAAATACAAAAGTATGCCAAGTGTGGTGGTGCACGCCTGTAGTCCCAGCCACTTGGGAGTCTGAGGTGGGAGGATCATCTGAGTCCAGGGATGCAGAGGTTGCAGTGAGCTGTGGTTGTGCCACTGCACTCCAGCCTGGGTGACAGAGCAACACACTGTCTCAAAAAATAAAATAAAA","GGCTAGGCACAGTGGCTCATGCCTGTAATCCCAGCACTTTGGGAGGCCAAGGAGAGAGAATTGCTTGAGGCAGGAGTTCAATACCAGCTTGGGCAATATAGTGAGACCCCTGCCTCTACAAAAAATTTTAAAAATTAGCCAGGTGTGGTGGTGCACACCTGTAGTCCCAGCTACTCAGGAGGCTGAGGTGGGAGGATCGCTTGAGCTGGGAGGTAAGGCTGCAGTGAGCCATGATTGTGCCACTGCACTCCAGCCTGGGTGACAGAGCAAGACCCTGTCTCAAAAAAAAAAAAAAAA"
"chr1","6800087","6800371","KN294287v1","348247","348524","55","6451840","GGTCAGGTGTGGTGGCTTATGCCTGTAATCCGTGCACTTCAAGAGGCTGAGGTGGGAGGATCACTCGAGCTCAGGAGTTTGAGACCAGCCTGGGCAACAAGGTGAGACCCTGTCTCTACAAAACTTAAAAATTAGCTGGGCATGGTGGTGCATGCTTGTGGTTCTAGCTACTGGGGAGGCTGAGGTGGGAGGATTACTGCAGCCCAGGAGTTCGAGGCTGCAGTGAGCTTTGATGTCACTACTGAACTCCAGCCTGGGCGACAGAGCAGGACCCTGTCTAAAAAA","GGCAGGACATGGTGGCTCAAGCCTGTAATCCCAGGTACTTACGAGGCTGAGGTGAGAGGATTATCTGAGACCAGGAGTTCGAGACCAGCCTGAGCAACATGGTGAGATCCTGTCTCTAAAATAAAAATTAGCCAGGAGTGGTGGTGCACGCTTGTGGTTCCAGCTACTTGGAAGGCTGAGGTGGAGGATTTCTTGAGCCAGGAGTTCAAGGCTGCAGTGAGCTATGATCGTACCACTGCACTCCAGCTTGAGTGACAGAATGAGACCCTGTCTCCAAA"
"chr1","6813103","6813410","KN296508v1","2151971","2152273","64","4661132","GGCAGGGCATGGTAGCTCACACTTGTAAATCCCAGCACTTCGGGAGGCTGAGGCAGACGGACTGCTTGAGACCAGGAGTTCAACACCAGCCTGGGCAATACAGCAAGACCCCACCTCTATGAAAAAGAGAAAAAAAACCTAAGCAGCCATGGTGACACACACCTGTAGTCCCAGTCACTCAGGGGGCTGAGGCAGGAGGATCATTTCAGCACAGGAGGCCAAGGCTGCAGTGAGCTATGGATTGCACTACTGCACTCTAGTCTGGGCAACAGAGCGAGACCCTGTCTCTAAAAAAAAGTAAGATAAAA","GTCAGGCATAGTGGTTCACACCGGTAATCCCAGCACTTTGGGAGGCTAAGGTGGGAAGATTGCTTGAGGCCAGGAGTTCAAAACCAGCTTTGGCAACATAGCAAGACCCCATCTCTACAAAAAATTATAAAAATTAGCTGGGCATGGTGGAACACACTTGTAGTCCCAGCTACTCAGGAGGCTGAGGCAGGAGGATCACTTAAGCCCAGGAGGTCGAGGCTGCAGTGAGCTATGATCACACCACTGTACTCCAGCCTGGGTGACACAGTGAGACCCTGTCTCAAAAAACAAACAAGCAAACAA"
"chr1","6820448","6820773","KN296311v1","3358167","3358474","66","3462281","GGCCGGGCACGGTGGCTCACGCCTGTAATTCCAGCCCTTTGAGAGACTGAGGCAGGTGGATTGCTTGAGCTGGCCAAGAGTTCAAGACCAGCCTAGGCAACATAATGAAACCCCTGTCTCTACTAAAAACATAAAAATCAGCCGGGCATTGTGGCATATGCCTGTATTTTCCAGCTAAGTCCTCAGCTTGGGGGACTGAGGTGGGAGGATCACTTGAGCCCAGGCTGTCGAGGCTTCAGTGAGCTGAAATTGTGCTACTGCACTCCAGCCTGGGCGACAGAATAAGACCTTGTCTCAAAAAAAAAGAAGAGAGAGAGAGAGACAAA","GGCCAGGCACAGTGGCTCATGCCTATAATTCCAGCACTTTGAGAGGCTGAGGCAGGAGGATTGCTTGAGCCCAGGAGTTTAAGACCAGCTTGGGCAACAAAGTGAGACCCCGTCTCTACAAAAAAATAAAAATTAGCCAGGCATGGTGGCACGTGGCTGTAGTCCCAGCTATTTGGGAGTCTGAGGTGGGAGGATTGCTTGAGCCCAGGAGGTTGAGGCTGCAGTGAGCCATGATTGTACCACTGTACTCCAGCCTGGGTGACAGAATGAGGCTTTGTCTCAAAAAAAAAAAAAAAAAGTGAAAAGAA"
"chr1","6823226","6823522","KN295236v1","348342","348634","67","6474884","GGCCAGCACAGCAGCTCATACTTGTAATCCCAGCATTTTGGGAGGCCAAGGCAGGAGGATCACTTGAGCCCAGGAGTTCAAGACCAGCCTGGGCATAATATAATATAGAGACTCCGTTTCTATTAAAAAATTTCTAAATTAGCCAGACCAGTGGTGCCCCCCTGTAGTCCCAGCTGCTCAGGAGACTAAGGTGGGAGGACCGCTTAAGCCCAGGCAGGCAAGACTGCAGGGAGACATGACTGCATCACTACACTCCTGCCTGGGTGACAGAATGAGACCCTCTCTCAAAAAACAAAA","GCCTGGCATAGTGGCTCACACCTGTAATCTCAGCATTTTGGGAGGCCAAGGAGGAGGATCACTTAAGGCCAGGAGCTCAAGATGAGCCTGGACAACAAAGTGAGACCCCCTCTCTACAAAAAAAATTTAAAAATTAGCTAGCCATGGTGGCATGCGCCTGTAGTCCCAGCTCCTCGGGAGGCTGAGGCAGGAGGATCACTTGAGCACAGGAGGGAAGCTGCAGTGAGCAGTGATTGCACCACTGCAATCCAGCCTGGGTGACAGAAGGAGACCCCGTCTCTAAATAATAATAA"
"chr1","6852167","6852459","KN294335v1","340437","340731","62","6511730","GCGGGAGCTCCCACCTATAATCCCAGCACTTTGGGAGGCTGAGGCAGGAAGACTGCTTGAGCCCAGGAGTTCAAGACCAGCCTGGGCAACATGGCAAGCGAGATTCCATCTCCAAAAACAATGTATAAATTAGCTGGGCATGGCACACGCCTATAGACCCAGCTACTCAGAAGGCTGAGGTGGGAGGATAGCTTGAGCCCGGAAGGTCGAGGCTGCGGTAAGTTATGATTGCGCCACTACACTCCAGCCAGGGCAACAGAGCACGACTCTGTCTCAAAAAAAAAAATTAAAAA","GGCCCGGCGTGCTCATACCTGTGATCCCAGCACTTTGGGAGGCCAACGCAGGAGGAATGCTTCAGCCCAGGAGTTCAAGACCAGCCTGGGAAACATAGTGAGATCTCATATCTACAAAAACAATTTCAAATATTAGTAGGGCATGGTGGCACATGCCTGTAGTCCCAGCTACTCAGGAGGCTGAGGTGGGAGGACTACTTGAACCCAGGAAGTCGAGGCTGCAGTGAGTCGTGATTGCACCACTGCACTCCAGTCTGGGTAACAGACAGAGACCATTTAAAAAAAAAAAAAAAAA"
"chr1","6856335","6856617","KN295962v1","1969536","1969818","53","4886799","GGCTGAGCACGATGGCTCACACCTGTAATCCCAGCACTTTGGGAGGCTGAGGCAGGAGGATCATTTGAGGCCAGGAATTCAAGACCAGCCTGGGCAAGACAGCAAGATCCTGTCTCCACAAAAAATAAAAAACATTGCCAGGCATGGTGTCCCATGCCTGTAGTCCTAACCATTCAGGAGGCTGAGGCAGGAGGATCTCTTGGGTCCAGGAATTTGAAGCTGCAGTGAGCTATAATCGCACCATTGCACTCCAGCCTGGGTGACAGAGAGAGAATCTGTCTCA","GGCTGGGCATGGTGGCTCACATCTGTCATCCCAGCAATTTGGGAGGCCGAGGCAGGAGGATCGTGTGAGACCAGGAGTCTGAGATCAGCCTGGGTAACATAGCAAGATCCTGTCTCTACAAAAAATGAAATAAATTATCCCAGTGTGGTAGTGTGCACCTGTAGTCCTAGCTACTCAGGAGGCTGAGCAGGGAGGATTGCTTGAGCCCAGGAGTTTGAGGCTGCAGTGAGCTATGATCGCACCACTGCACTCCAGCCTGGGTGACAGAATGAGACCCTGTTTC"
"chr1","6865779","6866064","KN295930v1","742582","742860","73","6123197","GGCCAGGTGCAGTAGCTTATACCTGTAATCCCAATACTTTGGGAGGACGAAATGGGAGGATCACTTGAGACTAGGAGTTCAAGGCCGGGGAAATGTAGGGAGACTCTGTCTTTACAAAATAAAAATAAAACTATTAGCCAGATATGGTGGTGCACCCCTGTGGTCTCAGCCACTCTGGAGGCTGAGGTATGAGAGGATTGTTTGAGGCCAAGGAGTTGAAGTCTATGGTGAGCTATGATCAAGCTGGGAGACAGAGTGAGACCTTCAAAGAAAACAACAACAAAAA","GGCCAGGCGTGGTGGCTCACACCTGTAATCCCAGCACTTTGAGAGACCAAGGCAGGAGGATCCCTTGAGGACAGGAGTTCAGGACCAGCTGGGCAACATAGCGAGACTTTGTCTCTACAAAAAAATACAAAAATTAGCTGGGCATGATGGTGCATGCCTGTGGTCTCAGCTACTCAGGAGGCTGAGGTGAGAGGATCGCTTGAGCCTGGGAGGTTGAGGCTGCAGTGAGCCATGATTGTGCTGGGTGACAGAGTGAGACCCTGTCTCAAAATAAATAAA"
"chr1","6897558","6897844","KN296959v1","1045812","1046085","73","5851746","GGCTGGGCATGGTGGCTCATGCCTGTAACCCCACACGTTGGGAGGTTGAGACAGGAGGATCATTTGAGGCCAACAGCTCAAGACCAACCTGGACACATAGCGAAACCCTGTCTATACAAGAAAAACAAAAAGTTAGCTGGGCGTGGTGGTATGCACCTCTGGTCCCAGCTACTCCAGAGGCAAGCCTAGGCATTTGAGGTCACAGTGATGATCATCGTGCCACTGAACTCCAGGCTGGACAACAGAATAAAACCCTGTCTCTATTAAATTAAAAATAAATATAAAAA","GGGTGCAGTGGCTCATACCTGTAATCCCAGCACTTTGGGAGGCCAAGGTGGGAGGACTGCTTGAAGCCAGGAGTTCAAGACCAGCCTGGACAACATAGCGAGACCCTGTCTCTACAAAAAATACAAAAATTAGCTGGGCGTGGTGATGCACACCAGTAGTCCCAACTACTCAGGAGGCTGAGGTGGAGGCTGCAGTGAGCTCTGATCACGCCACTGCACTCCAGCCTGGGCAACAGTGAGACCCTGTCTCAAAAAAAAAAAAAAAAAAAAAAAA"
"chr1","6907991","6908293","KN296426v1","736369","736668","65","6171622","GGCTGGGCAGGGTGGCTCATCACCTATAATCCTAGCATTTGGGGAGGAAAGCAGGAAAACTGCTTGAGGCCAGGAGTTCCAAGACCAGCCTGGGCCAAATAGCAAGACCTCGACTCCACAGAAAAATTAAGAAATCAGCTGGGCATGGTGGCCCCCACCTGTGGTCCTAGCTACTCAGGAGGCTAAGGCAGGAGGATCACTTGAGCTCAGGAGGTCAAGGCTGCAATAAGCTGTGATCATACCACTGCACTCCCTCCAGCCTGGGCAATAGAGTGAGACTTCACCTTAACAAAAAAAAAGAAA","GGCCAGGCACAATGGCTCACACCTATAATCCTAGCACTTTGAGAGGCCAAGGCGGGAGGATTGCTTGAGGCCAGAAGTTCAAGACCAGCCTGGGCAACCTAGCAAGACCCCATCTCTACAAAAAAAATTAAAAATCAGCTGGGCATGGTAGCACACACTTGTAGTCCTAGCTACTTATAAGGCTGAAACAAGAGGATCACTTGAGCCCAGGAATTTGAGGCTACAATGAGCTCTGATCATACCAGTTCACTCCAGCCTAGGTGACAGAGTGAGATCCTGTCTCTTAAAAAAAAAAAAAAA"
"chr1","6921975","6922280","KN294372v1","995654","995953","66","5926321","GGCCAGGTGTGGCGGCTCACGCCTGTAATCCCAGCAGTTTGGAAGGCCGAGGCGGGAGGATCGCTTGAGCTCAGGAGTTCGAGATCAGTCTAGGCAACACAGCAAGACCTCGTCTCTGCCAAAAAATTAAAAAAAAAAAAAAAAAAATTAAGCTGGCGATGGTGGCGCATGCCTGTAGTTCCAGATATCGAGTGGCTGAGGTGGGAGGATTGCTTGAGCCTGGAAGTTTGAGGCTGCTGTGAGCTATGTTGTTCATGCTACTGCATTCCAGCCTGGGGCGATAGAGCAAGACTCTGTCTCAAAAAA","GGCCAGATGTGGTGGCTCATGCCTGTAATCCCAGCACTTTGGGAGGCCAAGGCAGGAGGATCACTTGAATTCAGGAGTTCGAGACCAGCCTAGACAACAAGGTAAGACTTCATCACAAAAAATAAAAATTAAACAAACAAAAAAATTAGCTGGTTGTGGCAGCCCATGCCTGCAGTCCCAGCTACTCAGGAAGCTGAGGCGGGATGGCTGCTTGAGCCCAAGAGTTCGAGGCTGCAGTGAGCCATGATTGTGCCACTGAACTCCAGCCTGGGCAACAGAGCAAGACCCTGTCTCAAAAAA"
"chr1","6944114","6944374","KN294571v1","1328526","1328776","65","5615588","GGCTGGGTGCAGTGGCTCACACCTGCAGTCTCAGCGCGTTGGGAGGCTGACGTGGTCTATTGCTTGAGGCCAGTTCAAGATCAGCCTGAGCAACATGGCAAAATCCCATCTCTACAAAATAAATGAATGAATGAATGAATATTAGCTGGGCATGGTGGTGCATGCCTGTGGTCCTAGCTACTCAGGAGGCTGAGGCAGGAGGATCACCTGAGCCCTAGAGTTTGAGGCTACAGTGAGTTATGATTGTGCCACTGCACTCTA","GACCAGGCAATGTGGCTCACACCTGTAATCCCAGCACTTTGGGAGGCCCAGATGGGTGGATTGCTTGAGCCCAGGAGTTCGAGACCAGCTTGCGCAACATAACAAAACCCCATCTCTACAAAAAATAAAAAAAATTAGCTGGGCATGGTGGTGCAAGCCTGTAATTCCAGCTACTCAGGAGGCTGAGGTGGGAGGATCACCTGAGCCCAGGAGGTGGAGATTGCATGAGCTGAGATTGCACCACCGTACTC"
"chr1","6960208","6960508","KN296247v1","575497","575802","58","6384711","GTGGCTCATGCTATAATCCCAGCACTTTGGGAGGCTGAAGCAGGAGGATCACTTGAGTCCAGGAGTTCGAGAGCAGCCTGGGCAACATAGTGAGACCCCTATTTCTACACAAAAATAATGATAAAAAATTAGCTGGATGTGGTGGCCTATAATCCCAGCTACTTGGGAGGCTAAGGTGAGAGGATCACCTGAGCCCAGGAGATCAAGGCTGCAGTGAGCTATGATTGTGCCATTGCACTCCAGCCTGGGTGACAGAGTGAGACCCTGTCTCTAAAAAAATAAAAAATAAAACCAAAACAAA","GCATGGTGGCACATGCCTGTAATCCCAGCACTTTGAGAGGCCAAGACCGGAGGATCACTTGAGGCCAGGAGTTCGAGACCAGCCTGGGCAACATCATGAGGTCCTATCTCTACAAAAAATAATTTAAATAAGTTAGTGAGGCATGGTGATGCACAAATGCTCAGCTACTTGGGAGGCTGAGGTGGGAGAATCACTTGAGCCCAGGAGGTCAAGGTTGCAGTGAGCTATAATTGTGCCACTGCACTCCAGCCTGGGTGATAGAGCAAGATCCTGTTTCAAAAAAAAAAAAAGAAAAAAAAGAAAAAA"
"chr1","6963892","6964192","KN295605v1","573138","573440","70","6390754","GATGGCTCATCCCTGTAATCCTGGCACTGTGTGAGGCTAAGACAAGAGTTCAGAAGGCCAGGAGTTCAAGGACCAGCCTTGGCAGTATAGCAAGACCTCAGCTCTAAAAAAATCTTTTAAAAATTAGCCAAGCATAGTGGCATGTGCTTGCAGTCCTAGCTATTCAGGAGGCTTAGGGAGGAGGATCGCTTGAGCCCAGGTATTTAGGCTGTAGTGAGCTATGATCACACCACTGTACTCCAGCCTGGGTGACAGATTGAGACCTTGTCTCTAAAAAAAGAAAAAAAGAAGAAGAGAAAGA","GCAGTGGCTCATGCCTGTAATCCAGCCCTTTGGCAGGCAGAGGCAGGAGGATCACTTGAGGCCAGGAGTTCAAGACCAGCCTGGGCAACATATAGTGAGACCCTGTCTCCAAAAATTTTAAAAATTAGCTGGGCATGGTGGTATGCATCTGTAGTCCTAGCTACTCAGGAGGCTGAGGTGGGAGGATCACTTGAGCCTAGGAGATTGACGCTACAGTGAACTATGAGTACACCACTGTACTCCAGCCTGGATGGCAGAGCAAGACCCTGTCTCTTAAAAAAAGAAAAGAAAAGAAAAAAAAAA"
"chr1","6999104","6999409","KN297197v1","3972757","3973054","51","3026347","GGCCAGGCATGGTGGCTCATGCCTGTAATTCCAGCACTTTGGGAAGCTGAGGTAGGAGGATCACTTGAATCCAGGAGTTTAAGACCACCCTAGGCAACATAATAGGGAGACCTTGTCTCCACAAAAAATTAAAAATTAGCCATGTGTAGTGGTGCATGCCTATGGTCCCAGCTACTCAGAAGGCTGAGATGGGAGGATCACTTGAGCCCAGGAGGTTAAGGCTGCGGTGAGCCATGATCACACTACTGCACTCCAGCCTGGGTTTCAGAGTGAGACCCTGCCTCAAAAAAATAAATAAAATAATAA","GGTCGGGTGTGGTGGCTCATGTCTGTAATTCCAACATTTTTGGAGGCTGAGGCAGGAGGATCACTTGAATTCAGGAGTTTGAGACCAGCCTGGGCAACACAATAAGACTTTATCACCACAAAAAATAAAAAAGCCAGGTGTGGTGGTGCACACCTGTAGTCCCAGCTACTCTGGAGGCTGAAGTGGGAGGATCCCTTGAGCTCAGGAGGTCGTGGCTGCAGTGAGCCATGTTCACACTACTGCACTCCAGCCTGGGTGACAGAGCAAGGCCCTGTCTCAAAAAAAAAAAAAAAGAAAA"
"chr1","7134611","7134828","KN297343v1","385133","385353","43","6749478","CAGCCTGGGGAACACATGAAGACCCCAACTCTCCAAAAAAAAATTTTTTTTAATTAGCCAGGCATGGTGATGTACTCCTGTGGTCCCAGCTACTCAGGAGGCTGAAGTGAGAGACTCACTTGAGCCCAGGAGATCGAGGTTGCAGTGAGCCAAGATTGCACCACTGCACTCCAGCCTGGGTGGCAGAGCAAGACCCTGTCTACAAAAAAAAAAAAAAA","AGCCTAGGCAACCCAGGGAGACCTCGTCTCTACAAAAAAATATATATTTTTTAATTAGCCAGGTGTAGTGGCATGCACCTGTGGTCCCAGCTACTTGGGAGGCTGAGGTGGGAGGGTCACTTGAGCCCAGGAGTTCAAGGATGTAGTGAGCTACGATCATACCACTGCACTCCAGCCTGGATGACAGAGCAAGAGCCTGTCTCAAAAAAAGAAAAACAGAA"
"chr1","7146812","7147008","KN296019v1","426719","426910","41","6720093","CCATCCTGGGAAACATAGTGAGACCCTGTCTTTACAAAAAATACAAAAATCAGCCGAGCATGGTGATACACACCTGTAGTCCTAGCTACCCAGGAGGCTGAAGTGGGAGGATCGTTTGAGCCCAGGAGTTCAAGGCTGCAGTGAGCTATGATCACATACCACTGCACTCCAGCCTGGGCAAGAGAACAAGACTCTGT","GACCATCCTGGGCAGCATAGCAAGATCCCATCTCTACAAAAAATAAAAAAATTAGTCGGGCATGGTGGTGCACACCTGTAATCCTAGCTATTCAGGAGGCTGAGCTAGGAGGATTGCTTGAGTCCAGGAGTTCCGGGCTGCAGTGAGCTCTGATTGCATCACTGCACTCCAGCCTGAGCAACAAAGCAAGAC"
"chr1","7152503","7152814","KN296019v1","466074","466382","50","6686429","GGCCAAGCACTGTGGCTCACACCTAGAATCCCAGCACTTTGGGAGGCCAAGGTGGGAGGATTGCTTGAGCTCAGGAGTTAGAGATGAGACCAGCCTGGACAACATAGTGAGACCCCATCTCTACAAAAATTTTAAAAATTAGCTGGGCATGGTGGTGCGCACCAGTGGTCCCAGCTACTTGGGTGGCTGATGTGGGAGGATCACTTGTGCCCAGGAGGTCAAGGCTGCAGTGAGCCATGATTGTGCCACTGCACTCCAGCCTGGGCAACAGAGCAAGACTGTCTCTCAAAAAAATAAATAAATAAAATAAAA","GGCCAGGCAAGGTGGCTCATGCCTGTAATCCCAGCACTTTGGGAGGCTGAGGTGGGAGGATCACTTGAGCCCAGGAGTTCAAGACCAGCCTGGGCAACATAGTGAGACTCCATCTCTACAGAAAATTTTAAAAATTAGCTGAATGTGGTGGTGCGTGCCTGTAATCCCAGCTACTTGGGAGGCCGAGGTGGGAGAATTACTTAAGCCCAGGAAGTCAAGGCTGCAGTGAGCCATGATTGTGCCACTGCACTCCAGTCTGGGTGACAGAGCCAGACTCTGTCTCAAAAATAAAAAAGATAATAATAAAAA"
"chr1","7173688","7174000","KN296096v1","2975388","2975700","61","4198300","GGCCAGGGGTGGTAGCTCATGCCTGTAATTCCCAGCACTTTGGGAGGCCAAGGCAGGAGGATCACTTGAGGCCAGGAGTTTGGGAACAGCCTGTGCAACACAGCATGTCCCCATCTCTACAAAAAAATTTTTTTAATTAGCCAGGTATGATCCTGTGCAACTGTAGCCCTAGCTACTTGCGAGACTGAGGTGGGAGGATTGCTCGAGCCCAGGAGTTCAAGGCTGCAGTGAGCTATGATTGCGTCATTGCACTTCAGCCTGGGTGACAGAGCAAGACCCTGTCTCAAAAACAAAAACAAGAACGAAAACAAAA","GGCCAGGCATGGTGGCTCATACTGGTAATCCCAGCACTTTGGGAGGCCGAGGCAGGAGGATCATTTGAGGCCAGGAGTTTGAGACCAGCCTGGGCAGCATAGTGAGAATCTGTCTGTATAAAATATATTTTAAAAATTAGCCAGGTGTGGTGGCATGTGCCTGTAGTCCCAGCTACTCTGGAGACTGAGGTGGGAGGATTGCTTGAGCCCAGGAGTTGGAGGCTGCAGTGAGCTGTGATTGTGCCACTGCACTCCAGCCTGGGTGACAGAGTAAGACCCGGTCTCTGAAAAAAAAAAAAAAAAAAGGGAGAAA"
"chr1","7181953","7182225","KN296311v1","375827","376114","55","6806126","GCTGGGTACAGTGGCTCACACCTGTAATCCCAGGACTTTGGGAGGATTGTTTGAAGCCAGAAATTTGAGACCAGTCTGGGCAACATAGTGAGACCCTGTCTCTACCAAAAATGTAAAAATTAGCTGGGTATGGTGGCACATGCCTGTAGTCCTAGCTACTCGGGAGGCTGAGGTGGGAGGATCACTTGAGGCTAGGAATTCGAGGCTGCAGTGAGCTATGATTACCCCACTGCATTCCAGACTGGGTGACAGAGCAAGACTCTGTCTCTAAAA","GGCTGAGTACAATGTCTCATCTCTGTAATCCCAGCACTTCTGGGAGGCCAAGTTAGAAGAATAACTTGAGGCCAGGAGTTTGAAACCAGCCTAGGCAACATAGCAAGACCCTGTCTCTATAAAAAATTTAAAAATTAGCTAGGTATGGAGGCATGTGCCTGCAGTCCCAGCTACTCAGGAGGCTGAGGTGGGAGGATCACTTGAGACCAGGAGTTTGAGGCTGTAGTGAGCTATGATTGTACCACTGTACTCCAGCCTGGGTGACATAGTGAGACCCTGTCTCTAAAA"
"chr1","7405844","7405957","KN294387v1","2132358","2132470","21","5273486","GGCTGGGCACTGTGGCTCATGCCTGTAATTCCAACACTTTGGGAGGCCAAGGTGAGAGGATTGCTTGAGGCCAGGAGTTTGAGACCCTCCAAACCTCAACATGGTGAGACCCCG","GGCTGGGCGCAGTGGCTCGTGCCTGTAATCCCAGCACTTTGGGAGGCCAAGGTGGGAGGATAGCTTGAGGCTAGGAGTTCAAGACCATGCTGGCCCACAGAGTGAGACCCCAT"
"chr1","7545317","7545587","KN296303v1","655132","655402","67","6890185","TCGGGGGGCCGAAATGGGAGGATTGATTGAGCCCAGGAGTTCAAGACCAAGCTGGGCAACATGGTAAGAGCCCCGTCCCTAAAACAAACATAAAATAAAAATTAGCTGGGCATAGGGGTGTGTGCCTGTAGTCCCAGATACTTGGGAGGCTGAGGTGGGAGGATCACTTGAGCCCAGGAGGCTGCGGTGTGCTGTGACTATACCACTGCACTCCAGTCTGGGCAACAGAGTGAAATCTGTCTCTAAAAAAAAATAGAAAGAAATGAAAGAA","AATTCCAGCACTTTGGGAGGCTGAGGTGGGAGGCTGCTTGAGCTCAGGAGTTTCAGACCAGCATGGGCAACATAGTAAGACCCCATCTCTACAAATAATATAAAATTAGCTTGGCATAGTGGTGGTGCCTGTAGTCCCAGCTACTCAGGAGGCTGAGGTGGGAAGATCACTTGAGCCCAAGAGGTCAAGGCTGCAGTGAGCTGTGATTGTGCCACTGCACTCCAGCCTGGGCAACAGAGTGAGACCTTGTCTCAGAAAAAGAAAGAAAGAA"
"chr1","7657479","7657785","KN295090v1","2290575","2290869","58","5366904","CCGGACGTGGTGGCTTACGCTTGTAATCCCAGCACTCTGGGTGGCCGAGGCAGGAGGGTTACTTGAGCCCAGGAGTTCAAGATCAGCCTGGGCAACATGGCGAGACCCTGTCTCTACAAAAAATAGAAAAATTAGCCAGATGTGGTGGTGCACACCAGTAGCCCCAGCTACTTGGGAGGCTGAGGTGGAAGGAACACTTGAACCTAGGGAGTTCAGGGCTGCAGTGAGCTGAGATGGCGCCACTGCACTCCAGCCTGGGTGACAGAGCAAGACCTTGTCTAAAGAAAAGAAGAGAGAGAAGAGAAGA","GGCCGGGCATAGTGGCTCATGCCTGTAATCCTAGCACTTTGGGAGGCAGAGACAGGAGGATCATTGAGCCCAGGAGTTCCAGACCAGCCTGGGCAACATAGCAAGACCCCATTTCTACAAAAAATTTAAAAATTAGCCAGGTGTGCTGGCACGAGCCTGTGGTCCCAGCTACCCGGGAGGCTGAGGTGGAAGGATCACTTGAACCCGGGAGGTCGAGGCTGCAGTGAGCTGAGATGGCACCACTGCACTCAGCCTGTGTGACAGAGCGAGACCTTGTCTCGAAAAAAAAAAAAAA"
"chr1","7718548","7718708","KN294710v1","128924","129084","34","7589624","TAGCCAGGCGTGGTGGCTTTCACCTCTAATCTCTGCACTTTGGGAGGCCAAGGCAGAAGGATCGCTTGAGCCCAGGAGTTCAAGGCTGCAGTGAGCCATGATCATGCCACTGCTATGCAGCCTGGGCAACAGCAAGACCCTGATTCAAAAAAAGAAAAAGA","TTAGCTGGGCATGGTGGCTTGCATCTGTAATCCCAGGCACTTAGGAGGCTGAGGTGGGGGGATTGCTTGAGCCCAGGAGTTCAAGGCTGCAGTGAGCCAAGATCACACCACTGCACTCCAGCCTGGGTGCCAGAGCAAGACCCTGTCTAAAAAAAAAAAAA"
"chr1","7720517","7720809","KN296119v1","2031876","2032162","58","5688641","TGGCTCACACCTGTAATCCCAGCATGTTGGGAGGTTAAGGCAGGAGGATCTCTTGAAGCCAGGAGTCTGAGACTAGCCTAGGCAACATAGCAACACCTCATCTTTAAAAAAATTTGAAACAAATAGCTGGACACAGTGGCACACACTTATAGTCCCAGCTACTCAGGAGGCTGAAGCAGGAGGATTGCTTGAGCCCAGGAGTTTGAGGCTGTGGGTGAGCCACGATTACACCACTGCACTCCAGCCTGGGTGACAGAACAAGACCCTGTCTCAAAAAAAAAAAAAAAAAGGAA","GTGGCTCACACCTGTAATCCCAACATTTTGGGAGGCCAAGGCAGGAGGATCACTTGAGGCCAGGAGTTTGAGACCAGCCCAGGAAACTTCGGGAGACCTTGTCTCAACAAAAAAATAAAGGTAACTGGGCATGGTGGCACATACCTGCTGTCCCAGCTACTCAGGAGGCTGAGGTGGGAGGATCGCTTGAGCCCTAGGGGTTGAGGCTGCAGTGAGCTATGATTGCACCGCTGCACTCCAGCCTGGGTGACAGAGCAAGACTCTGTCTCAAAAGAAGAAAAAAAAAA"
"chr1","7726215","7726518","KN296311v1","5717539","5717839","59","2008676","GCTGGGCACAGTGTCTCATGCCTGTAATCCCAGCACTTTGAGGCTGAGGCAGGAGGATCACTTGAACTCAGGAGTTGGAGACCAGCCTGGGCCACATAGTAAGACCCTATCTCAACAAAACATAAAAAAATTAGCTGGGCATGGTGGCATGAGCCTGTAGTCCCAGCTACTCTGGAGGCTGAGATGGGGGGATCACGTGAGCCCAGAAGGTGGAGGCCACAGTGAGCTTCAATCATACCGCTGCACTCCAGCCCGGGCAACAGAGTGAGACCCTGTTTCAAAAACAAAATAAAACAAAGCAAAA","CCTGGCATGGTGGCTCATGCCTGTAATCCCAGCACTTTGGGAGGCTGAGGCAGGAGGATCACTTGAGTCTAGGAGTTCCAGACCAGCCTGGGCAACATAGCAAGACCCTGTCTTTCAAAAAGAAATTAAAAAAATATAGCAGGGCATAGTGGTGTGTGCCTGTGGTCCCAGCTACTCAAGAGGCTGAGGTGGGAGGATCACTTGAGCCCAGGAGCTGGAGGTCACAGTGAGCCAAGATTGTGCCACTGCACTCCAGGTTGGGCAACAGAGAAAGACCCTGTCTCAAACAAAGAAAAAAAAA"
"chr1","7744663","7744975","KN294470v1","3146483","3146791","58","4598180","GGCTGGGCATGGTGGCTCACGCCTATAATCCCAGCGCTGTAGGAGGCCAAGACGGGAGGATTGCTTGAGCCCAGGAGTTCAAGACCAGCCTGAGCAACATACTGAGACCCTGTCTCTATAGAAAAAAAAATTTTTTTTAAATTAGCCAGGCGTGGTGGGACATCCCTGTGGTCCCAGCTACTCAGGAGGCTGAAGTGGGAGGATCATTTGAGCCCGGGAGGTTGAGGCTGCAGTGAGCCATGATCACTCCACTGCACTCTGACCTGGTCAACAGAATAAGACCCTGTCTCAAAGAGAAGAAAAAAAAAAAAAA","GGACAGGCACAGTGGCTCACGCTGTAATCCCAGCACTTTGGGAGGCTGAGGCAGGAGGATCGTGTGAGGCCAAGAGTTTGAGACCAGCCTGGGCAACATAGTGAGACCCTGTCTCTGCAAAAAAAACAAAAATAAAAAATTGGCCAGGTGTGGTGGCACATGCCTGTGGTCCCAGCTACTCAGGAGGCTGAAGTGGGAGGATCACTTGAGCCCAGAAGGTCGAGGCTGCAGTGAGCCCTGATTGTACCACTGCACTCTAGCCTAGGCAACAGAGGGAGACCTTGTCTCAAAAAAAAAAAAAAAAAAAAA"
"chr1","7789821","7790085","KN296308v1","149102","149374","64","7640719","GGCTAGGTGCGGTGACTCATACCTGTAATCCCAAAGCTTTGGGAGGCCAGGAGTTTGAGACCAGCCTGGGCAACATAGCATCTCTACAAACAATTGTTAATAATTAACCAGGCATGGTAGTGCACACCTGTAAGTCCCAGCTACTCAGGAGGCTGAGACAGGAGGATTGCTTGAGCCCAGGAATTCAAGGCTGCAGTGAGCCGTGATCATGCCACTGCCCTCTAGTCTGGGTGACAGAGTGAGACCTTTTCTCAAAAAAAATAAA","GGCTGGGCACAGTGGCTCAAACCTATAATCCCAGCACTTTGGGAGGCCAAGAGTTCAAGACCAGCCTGGGCAACGTAGCGAGACCTTGTCTCTACTAAAAACAGAAAAATTAGCCAGGTGTAGCGAGCTTGCACCTGTAGTCCTAGCTACTCAGGAGACTGAGGTGAGAGGATCACTTGAGCCCAGGAGGCCAAGGCTGCAGCGAGCCATGATCATGTCATTGTACTCCAGTCTAGGTGACAGAGTGAAACCTTGTCTCCAAAAAAAAGAAAA"
"chr1","7810819","7811126","KN296311v1","618956","619258","64","7191863","GATGGCTCACATCTATAATCCCAGCACTTTAGGAGGCCAAGGCAGGAGGATCACTAGAGCCCAGGAGTTCGAGAACAGCCTGGGCAACACAGTGTGACCCTGTCTCTACAAAAAATAAATAAATAAATAAAATTAGTCAGGCGTGATGGTGCGTGCCTGTGGTCCTAACTACCCTGGAGGCTGGGGTGGGAGGATCACTGAAGCCCGGGAGTCTGAGGCTGCAATGAGCCATGATCACACACTGCACTCCAGCCTGAGTGACAGAGCAAAACCCTGTCTCAAAGCAAAGCAAAACAACAACAAAAAAA","GGTGCCTCATGCCTATAATCCCAGTACTTTTGGGAGGCTGAAGCAGGAGGATCATTTGAGGCCAGGAGTTTGAAATCAACCTGGGCAACATAGGGAGACCCTGTCTCTGCAAAATAAAAATAAAAATAAATTAGCCAGGCATGGTGGTGCATGCCTGCAGTCCCAGCTACTCTGGAGATTGAGGCAGGAGGATCACTTTAGCCTGGGAATTTGAGGCTGTAGTGAGCCATGATCACACCACTGCACTCAAGTCTGGGCGACAGAGTGAGACCCTGTCTCAGAGAAGAAGAAAACAAAAAAGAA"
"chr1","7817559","7817848","KN296187v1","803116","803397","57","7014443","GTGTCTCATGCTTATAATCCCAGCACTTTGGGAGGCTGAGGCAGGAGAATCACTTGAGGCCAGGAGTTCAAGACTGGCCTGGGCAACATAGTGAGACCCCATCTCTACAAAAAATTTAAAACAAAAATTAGTTGGGCATGGTGGTACGTGCCTGTAGTCCCAGCTACTTAGGAGGCTGAGGCAAGAGGGTTGCTTGAGTCCAGGTGTTCAAGGCAGTAGTGAGCCAGAATTGCATCACTGCACTCCAGGCTGGGCAGCAGAGCAAGACCCTGTATCTTAAAAAAAAAAAA","GCTCATGGCTGTAATCCCAGCACTTTGGGAGGCTGAGGCGGAAGAATCACTTGAGGCCAAGAGTTAAAGACCAGCCTGGGCAACATAGTGAGACCCTATCTCTACAAAAAGTTAAAAAATTAGCCAGGTGTGGTGGCACACACCTGTAGTCCTAGCTACTTGGGAGGCTGAAGTGGGAGGATTGCTTGACCCAGGAGTTCAAGTCTGCAGTGAACTATAATCATACCACTGCATTCCAGCCTGGGCAACAGAGTGAGACCCTGTCTCAAAAAAAGAAAAAAA"
"chr1","7833772","7834072","KN294260v1","1139859","1140146","73","6693913","GGCCAAGCATAGTGGTTCACAGCTGTAACCCCAGGGACTCAGGAGGCCAAGGAGGTAAGATTGCTTGAGGCCAGGAGTTTGAGACCAGCCTGGGCAATACAGTGAAACCCCATCTCTACAAAAAATGTTTAAATTAGCCAAGTGTGGTGACCCACACCTGTAGTCCCAGCTACTTGGGAGGCTGAGGCAGGAGGATCAATTGAGCCTAGCTTGAGCCCATCTTGGGTTCATTGCTACAGTGAGTTCTGATCACATTACTGTACTCCAGCTGAGGGACAGAGCAAGACCCTGTCTCTAAAAA","GGCCAGGCGAAGTGGCTCACATCTGTAATCCCAGCACTTTCAGAGGCAGAGGCAGAAGATTGCTTGAGCCCAGGAGTTTGAGACAAGCCTGGGCAACACTGGGAGACCTTGTCTCTACAAAATATTTAAAATCAACCAAGTGTGGGAGTACACACCTGGAGTCCCTGCTACTCAGGAGGCTAAGGTGGGAGGATCACCTGAGCCCAGGAGTTGCAGGCTACAGCGAGCAAAAATCACACCACTGTACTCCAGCTTGGGTGACAGAGCAAGACGCTGTCTCTAAAAAAA"
"chr1","7845222","7845522","KN296261v1","254893","255186","57","7590329","GGTTGGGCGTGGTGGCTCACACCTGTAATCCTGGCACTTTGGGAGGCCAAGATGAGAGGACTGCTTGAGGCCAAGAGTTTGAAACCAGCCTGGGCAACACAGTGAGGTTCCGTCTCCATAAAAATAAAAAATTAGCTGAGTGTGGTGGTACATGCCTGTAGTCCTAGCCACTCAGGAGGCTAAGGTTGGAGGATTGCTTGAGCCCAGGAGTTTGAGGCTACAGTGAGCTATGACTGCATCAGTGCACTCTAGCCTGGGTAACAGAGTGACACCTTGTGTCAAAACAACAACAAAAACAAAA","CAGGTACGGTGCCTCACGCCTGTAATCCCAGTACTTTGGAAGGCCGAGGTAGAAGGACTGCTTGAGGCCAAGAGGTTGAGACCAGCCTGAACGACATAGGAGACCCGTCTACTGAAAATAAAAAATTAGCTGGGTGTGGTGGTACACGCCTGCAGTTCGAGCTACTTAGGAGGCTGAGGCGGGAGGATCGCTTGAGCCCAGGAATTTGAGGTTGCAGTGAGCTGTGACTGCACCATTGCACTCCAGCCTGGGCAACAGAGCGAGACCTTGTCTCAAAAAACAAAACAAAACAAA"
"chr1","7851081","7851373","KN295984v1","717523","717826","57","7133558","GCTGGGTGTAGTGGCTCATACCTATAATCCTAGCACTTTGGGTGGCTGAGGCAGGTGGACTGCTTGAGCTCAAGAGTTCAAGACCAGCCTGGGCAACGTGGCAAAACTCCATCTCTACGAAATTAAAAATTAGCTGGGCATGGTGGTGTGTGCTAGCTACTCGGGAGGCTGAGGTGGGAGGATTGCTTGAGCCCAGGAGACTGAGGCTGCAGTGAGCCATGATCATGCCACTGCACTCCAGCCTGGGTGACAGAGTGAGACCTTGTACTAAAAAAAAAAAAAGAAAAAGAAAA","GGCTGGGTGCAGTGGCTCATGCCTGCGATCCCAGCACTTTGGTAGGCTGAGGCAGGAGGATTGCTTGAGCTCAGGAGTTTGAGACCAGCCTGGGCAACATGCAAAACCTTTTCTCTACAAAAAATAGAAAAATTAGCTGGGTGTGGTGGTTGCACGCCTGTAGTCTGGCTACTTGGGTGGCTGAGGTGGGAGGATTGCTTGAGCCCTGGAGGTGAGGCTGCAGTGAGCCATGATCGTACCACCGCACTCCAGCCTGGGCAAAAGAGCAAGACCCTGTCTCAAAGGAAAAAAAAAAAAAAAGAAA"
"chr1","7866379","7866660","KN295405v1","198581","198863","68","7667798","GCCATGCATGGTGGTTTGCGCCTGTAATCCCAGAGGGTTGGAAGGCTGAGGCTGAGGCAGGAGGATTGCTTGAGGTTAAGATTTTGAGACCAGCCTGGGCAACACAGTGAGACCCCATCTGAAAAAAAAGAACTAGCTCAGTGTGGTGGCATGTGCCTGTGGTTCCAGCTATTTGGAAGGCCAAGGTAGAATTGCTTGAGCCTGGGAGGTCAAGGCTACAGTGAATCATGATCATGCCACTGAACTCCAGCCTGGGTGACAGAGTGAGATCCTGTCTCAAAA","GCCAGGCATGGTGGCTCACATCTGTAATCCCAACATTTTGGGAGGCTGAGGCAGGAGGCTCAATTGAGGCTAGGAGTTTGAGACCACCCTGGGCAACATAGTGAGACCCCACCTCTACAAAAGATTAAAAAAAATTAGCTGGGTGTGGTGGCACATGCCTCTAGTCACAGCTACTCGGGAGGCTGAGATGGGAGAATCGCTTGAGTCTGGGAGGTCAAGGCTGCAGTGAGCTGAGATCGTGCCACTGCACTCCAGCCTGGATGACAGAGTAAGACCCTGTCTC"
"chr1","7875751","7876048","KN295090v1","2290575","2290869","55","5585176","GGCTGAGCATGGTGGTTCTGTAATCCCAGAACTTTGGGAGGCTGAGGCGAGAAGATCACTTGAGGCCAGGAGTTCCAGACCAGCCCGAGCAACACAGGGAGACCCCATCTCTACAAATACAATTTTAAAAATTAGCCAGGCTTGGTAGCACACACCTGTGGTCCCAGCTACTCGGGAGGCTGAGGTGGGAGGATCATTTGAGCCCAGGAGGTCAAGGCTGCCATGAGCCAAGATTGTGCCACTGCACTCAGCCTAGGTGACAGAGTGAGACCCTGTCTCAAATAAACAAATAAACAAA","GGCCGGGCATAGTGGCTCATGCCTGTAATCCTAGCACTTTGGGAGGCAGAGACAGGAGGATCATTGAGCCCAGGAGTTCCAGACCAGCCTGGGCAACATAGCAAGACCCCATTTCTACAAAAAATTTAAAAATTAGCCAGGTGTGCTGGCACGAGCCTGTGGTCCCAGCTACCCGGGAGGCTGAGGTGGAAGGATCACTTGAACCCGGGAGGTCGAGGCTGCAGTGAGCTGAGATGGCACCACTGCACTCAGCCTGTGTGACAGAGCGAGACCTTGTCTCGAAAAAAAAAAAAAA"
"chr1","7890058","7890331","KN295744v1","187097","187357","54","7702961","TGGCTAACACCTGTAATCCCAACACTTTGGGAGGCTGAAGGGGGAGCATTGATTGAGCCTGGGAGTTTTAGATCAGCCTGGGCAACATAGTGAGACTCCATCAGTATAAAAAATTCTAAAAAATAGGCAGGCATGGTGGCACACACCTATAGTCCCAGCTACTCAGGAGGCTGAGATGGGAGGATCACCTGAGCCCAGGAGGTCAAGGCTGCAGTGAGCTGTGATCGTGCCACTGCACTCTAGCCTGGGTGACAGAGCAAGACCCTGTCTCAAA","CCTGTAATTCCAACACTTTGGGAGGCTGAGGTGGGAGGACTGCTTGAGCCCAGGAGTTTGAGACCACCCTGGGCAACATAGCAAGACCCAATCCCTACAAAAAATAAAAAATTAGCTGGGTATGGTGGTACATGCCTGTAGTCCCAGCTACTCAGGAGGCTGAGGTGGAAGGATGACTTGAGCCCAGGGGGTCAAGGCTGCAGTGAGCTATGATTGTGCCACTGCACTCCAGCCTGGGCCAACAGAGTAAGACCCTGTCTC"
"chr1","7892129","7892445","KN296019v1","466074","466382","63","7426055","CCAGGTGTGGTGGCATATGTGTGTAACCCCAACACTTTGGGAGGCCAAGGTGGGAGTATTGCTTGGGCCCTGGAGATCAAGACAAGCCTGGGCAACAAAGGGAGACGCCATCTCTACAAACACTTTAAAAATTAGCTGAGTGTAGTGGATAGTGCCTGTAGTTCCAGCTACTTGGGAGGCTTAGGTGGAAGTATTGCTTGAGCCCAGGAAGTCAAGGCTGCAGTGAACTATGATAGTGCCACTGCACTCCAGCCTGGGCAACAGAGTGAGTTCCTGACTCTAAATAAATAAATAAATAAATAAATAAATAAATAAAT","GGCCAGGCAAGGTGGCTCATGCCTGTAATCCCAGCACTTTGGGAGGCTGAGGTGGGAGGATCACTTGAGCCCAGGAGTTCAAGACCAGCCTGGGCAACATAGTGAGACTCCATCTCTACAGAAAATTTTAAAAATTAGCTGAATGTGGTGGTGCGTGCCTGTAATCCCAGCTACTTGGGAGGCCGAGGTGGGAGAATTACTTAAGCCCAGGAAGTCAAGGCTGCAGTGAGCCATGATTGTGCCACTGCACTCCAGTCTGGGTGACAGAGCCAGACTCTGTCTCAAAAATAAAAAAGATAATAATAAAAA"
"chr1","7897492","7897769","KN295533v1","2064584","2064870","66","5832908","GTGGCTCATGCCTATAATCCTAGCCTTTCGGAGGCTGAGGCAGGTGGTTTACTTGAGCCCAGGAGTTTGAGACCAGCCTGGACAACATGAGACCCAGTCTCTAACAAAAAAAAAAAAAAATTAAGCTGGACATGGTAGCGCATGAATGTAGTCCCAGCTACTCGGGAGGCTGAGGTGGGAGGATCACTTGAGTCCAAGAGGAGGTGGAGGTTGCGGTGACCCACCACTCCAGCCTGGGCAACAGGGCAAGACCCTGTCTCCAAAAGGAAAAAAAAAAA","GTGGCTTATGCCTGTAATCCCAGCACTTTGGGTGGCTGAGGCAGGAGGATCACTTGAGGCCAGGAATTCAAGAACAGCCTGAACAGCATAGTGTAACTCCATCTCTACAAAAAAAATTAAAAATTAGCCGGGTGTGGTGGTGCACGCCTGTAGTCCTAGCTACTCAGGAAGCTGAGGTGGGAGGATCAGCTGAGGCCAGGAGGCTACAGTGAGTTATGATTATGCCATTGCACTTCAGCCTGGCCTACAGAGCAAGACCCTGTCTCTTAAAAGAAAAACAAAACAAA"
"chr1","7900908","7900984","KN295114v1","121687","121759","16","7779221","AAAAAAAAAAATGAACCAGGCATGGTGGCATGCACCTGTGGTCCCAGCTACTCGAGAGGCTGAGGTGGAAGGATCAC","AAAAATAAAAATTAGCCAGGCATGGTAGCATGTGCCTGTAGTCCCAGCTACTCAGGAGTCTGAAGTGGGAGGA"
"chr1","7912901","7913021","KN294848v1","271065","271189","25","7641836","GGCCGGGGAAGCTGGCTCACTTCTTCAGCACTTTGGGAGGCCGAGGTGGGAAGATCACGTGAGGTCAGGAGTTCAAGACCAGCCTGGCCAACATAGCGAGACCCCCGTCCCTATAAAAAAT","GGCCGGGCGCAGTGGCTCACACTTGTCATCCCAGCACTTTGGGAGGCCAAGGTTGGAGGACTGCTTGAGGCCAGGAGTTCAAGACCAGCCTGGGCAACACAGTGAGACCCCCATCTCTTAAAAAA"
"chr1","7917367","7917661","KN296357v1","294967","295259","79","7622400","GCCAGGTACAATGACTCACGCCTGCAATCCCAGCACTTTGCGAGGCTGAGGCGGGAGGATTTCTGAACACAAGGAGTTTGAGACCAGCAGGGCATCATAGCAAGACTTCATCTTTACAAAAAAATTCAAACATTTTTTTAAATTTAAAAAAAGTTAAAAATTAGAAGTCGTAGCTACTCAGGAGGCTGAAGTAGGAACCCAGGAGTTCAAGGCTGCAGTGAGCTATGATCACACCACTGCACTCCAGCTTAAGCAACAGAGCCAGACCATGTCTCTAAAAAAAAAAAAAAAAAAA","GGCCGGGTACAGTGGCTCACACCTATAATCCCGGCACTTTGAGAGGCTGAGACGGGAGGATTGGGAAGCCAGGAGTTTGAGATCAGCCTGGGCAACATAGCGAGACCCCATCTCTACAAAAAAATTTAAAAATCAGCCAGGTGTGTTCCTGTAGTCCCAGATACTTGGAAGGCTGAGGCAGGAGGATTGCCTGGACCCTGGAGTTGGAGACTGCAGTGAGCTATGATCATACCACTGCACTCCAGCCTGGGCAAAAGAGTGAGACCTTGTCAAAAAAAAAAAAAAAAAAAAGA"
"chr1","7932542","7932832","KN296311v1","7907830","7908116","55","24712","CTGGGGGTGGGGGCTCACGCCTGTAATCCCAGTACTATGGGGGCCAAGGCAGGAGGATCGCTTGAGTCCAGGAGTTCTAGACCAGCTTGGGTAACAGAGCAAGACCCTGTCTCTACAAAACATTTAAAAATTAGCCAGGGGTGGTGGCACATGACTGTGGTCTCAGCTACTCTGGAGGCTGAGGTGGGAGGATCACTTGAGCCCAGGAAGTTGAGGCTGCATTGAGCCGTGATCATGCCACTGCACTCCCGCCTGGGTAATAGAGCAAGCAAGACCCTGTCTTCTAAAAAA","GGCTGGGTGCAGTGGCTCACCCCTGTAATCCCAGCACTTTGGGAGGCTGAGGCAGGAGGATTGCTTGAGCCCAGGAGTTCAAGACAAGCCTGGGCAACATAGTGGGACTTTGTCTCAATAAAAAATAAAAAATTAGCCAGGTGTAGTGACATGTGCCTGTGGTCCTAGCTACTCAGGAGGCTGAGGTGGGAGGATCACTTGAGCCCAGGAGGTGGAGGCTGCAGTGAGCTATGATTATGCCACTGTACTCCAGCCTGGGTGACACAGCAAGACCCTGTCTTGAAAAA"
"chr1","7944886","7945104","KN295533v1","2329720","2329944","51","5615166","GCATGGTGGCTCACGCCTATAATCTCAACACTTTGGTAGGCTGAGGCCAGAGGATCACTTGAGACCAGGCGTTGGAGACCAGCCTGAGCAACATAGCAAGACCCCATCTCTACAAAAATTAAAAGACAAACAAAAATTAACTGATGGTGCATGCCTGTGGCCCCAGCTACTCGGGAGACTGAGGTGGGAGGATCACTTGAACCCAGGAGTTTGAGGCTG","GCTGGATGCAGTTGCTCATGCCTGTAATCCCAGCACTTTTGGAGGCTAAGGCAGGAGGATTGCTTGAGGCCAGGAGTTTGAGACCAGCCTGGGAAACATAGGTTAATCTCTACAAAAAAAAAAAAAAAGTAAAAATTAACTGGACCTGGTGGCACGTGCCTGTGGTCCCAGCTACTTGGGAGGCTGAGGTGGGAGGATCACCTAAGCCCAGGGGTTCGAGGCTGC"
"chr1","7974520","7974823","KN294287v1","73551","73836","73","7900969","GGCCAAGTGCAGTGGCTCACCTGTAATCCCAGCACTTTAGGAGGCCAAAGTGGGAGGATCACTTGGGACCAGGAGTTTGAGACCAGCCTGAGCAACATAGCGAGACCGTTTCTCTTTAAATTAAAAATTTGTAAAAGCCAGGTGTGGTGGTGCATGCCTGTAGTTCTAGCTACTTAAGAGGCTGAGGCAAGAGGATCACTTGAGCCTAGACGGTTGCTTGAGCCCAGGAATTTGAGACAGCAGTGAACTGTGATTGTGCCATTGCCCTTCAGCCTGGGTGACAGAGCGAGACCCGTCTCAAAAA","GGCCAGGAGCAGTGGCTCATGCCTGTAATCCCAGAACTTTGGGAGGCCAAGATGGGAGAATTGCTTGAGCACAGGAGTTTGAGACCAGACTGGGCAACATAGTGAGATCGTGTCTCTACAAAACATAAAAAATTAGCCAGGTGTGGTGGTGTTGCATGCCTGTAGTCCCAGCTACTTGGGAGAATGAGGTGGGAGGATTGCTTGAGCCTAGGAGATTGGGGCTACAGTGAACCATGATTGTGCCTGCACTCCAGCCTGGGTGACAGAGTGAGACCCTGTCTCAAAA"
"chr1","7975736","7976024","KN295758v1","784239","784522","57","7191497","GCCAGCCACAGTGGTTCACACCTGAAATCCTAGCACTTTGTGAGGCTGAGGCAGGAGGATTACTTGAGCCTAGGAGTTTTGAGACTAGCCTGGGCAATGAAGCGAGACCCTGTCTCTACAAAAATAAAAAAATTAGCTGGCTGTGGTGGTGCATGCCTGTAGTCCTAGCTCCTGCGGAGGCTGAAGTGGGAGAGTTGCTTGAGCCCAGGAGTTCAAGGCTGTAGTGAGCCATGATTGCATCACGGCACTCTAGCCTGGGTGACGGAGTGAGGGCTTCTCTCTAAAAAAA","GCCAGGTGCAGTAGCTCACACCTGTACTCCTAGCACTTTGGGAGGTGGAGGCGGGAGGAACACTTGAGGCCAGGAGTTTAAGACTAGCCTGGGCAATATGGCAAGACCCTGTCACTACAAAAATAAAAAATTAGCAAGGTGTGGTGGTACAGGCCTGTAGTCCCAGCTACTCGGGAGGCTGAGGTAGGAGGATCACTTGAGCCCAGGAGATTGCGGCTGCAGTGAGCCGTGACTGCACTACTGCACTCAGCCTGGGTGAGAGAGTGAGACCCTGTCTCAAAAAA"
"chr1","7978252","7978551","KN297095v1","1513904","1514196","63","6464348","GGTCAGGTGCAGTGGCTCAACGTCTATAATCCCAGTGGTTTGGGAGGCTGAGACAGGAGGATTGCTTGAGGCCAAGAGTTTGAGACCAGCCTAAGTAACACAAAGCGACGCCATCTCTACAAAAAATTTTCTTTTAATTAGCTGGGCACGGTGGTGCACACTTGTAGTCCCAGCTACTTGGGAGGCTATGGTGGGAGGATGACTTGAGGCCAGGGATTTGAGGCTGCAGTGAGCTGTGAATGCACCACTGCGTTCTAGCCTGGGCAACAAAGCAAGAACCTGTCTTATCAGAAAAAAAAA","GGCTGGGCACAGTGGCTCACAACTGTAATCCCAGTGCTTTGGGAGGCTGAGGCTGGAGGATCACTTGAGGCCAGGAGTTTGAGACCAGCCTGGGCAACACAGTAAGACCCCCTAGCTACAAAAAAAAATTTTTTTTAATTAGCTGGGCATGGTGGCACGTACCTGTAGTCCCAGCTACTAGGGTGGCTGAGGTGGGAGGATCACTTGAACCCAGGAGATTGAGGCTACGGTGAGCTGTGATTACACCACTGCACTCTAGCCTGGGCAACAGAGCGAGACCCTGTCTCTCAAAA"
"chr1","7980525","7980810","KN294520v1","296869","297156","61","7683656","GGCCAGGTGTGGTGGCTCATGCCTGTAATCCCAGCATTTTGGGAGGCCAAGGCAGAAGGATCTCTTGAAAGCCAGGAGTTTGAGACTAACCTTGGCAACATAGCCAGACCCCCATCTCAACAAACAAACAAAAAAGTAGCCAAGCACAGTACTGCATGCATGTAGTCCCAGCTACTCAGGAGGCTGAGATGGGAGGATCACTTGAAGGCAAGAGTTAGAGGCTGCAGTGAGCTATGATTGCACTCCAGCCTGGGCAGCAGAGTGACACCATGTCTTTCAAACAAAA","GGCCAGGTGTTGTGGCTCGTGCTTGTAATCCCAGCACTTTGGGAGGCTGAGGCAGGAGAATCGCTTGAAGCCAGGTGTTTGAGACCACCCTGGGCAACATAACAAGACCCCCATCTCTACAAAAACAAAAAAGTTAGCCAGACATGGTGGTGCAAACCTGCAGTCCCAGCTACTTGGTAGGCTGAGGTGGGAGGATCACTTGAGCCCAGGAGTTTGAGGCTGCAGTGAGTCACGATTGTACCACTGCACTCCAGCCTGGGCCACAGAGCAAGACCTTATCTGTAAAAA"
"chr1","7987820","7988104","KN294187v1","1468090","1468369","58","6519730","GCGGGGCACAGTGGCTCACATCTGTAATCCTAGTACTTTGGGAGGCCAAGCCAGAAGGATCGCTTGAGGCCAGGAGTTCAAGACCAGACTGTGCAATATAGTTAGACCCTGTCTCTACAAAAAAATTTAAAAATTAGCCAAGTGTGGTGGCTCATACCCATAGTTCCAGCTACTCGGGAGGCTGAGGTGAGAGGATTGCCTGATCCCAAGAGGTGGAGGTTACAATGAACTGAGATCGCACCACTGCACTCCTGCCTGGGTGACAGAGCAAGCCTCTGTCTCAAA","GCCAGGCTTGGTAGCTCACGCCTATAATCTCAGCACTTTGGGAGACCAAGGCAGGAGAATTGCTTGAGGCCAGGAGTTCAAGATCAGCCTGTGCAATATAGTGAGACCCTGCCGCTACAAAAAAATTTAAAAATTAGCCAAGCGTGGTGGCACACACCTGTAGTCCCAGCTACTTGGGAGGCTGGTGTGGGAGGATTGCTTGAGCCCAGGAGGCAGAGGCTGCAGTGAGCCATGATTGTGCCCCTGCACTCCAACCTGGGCGACAGAGCAAGACTTTGTC"
"chr1","7993494","7993798","KN295294v1","3212532","3212831","50","4780962","GGCTGGGTGTGGTGGCTCATGCCTGTAATCCCAGCACTTTAGGAAACCGAGCCAGGAGGATTGCTTGAGGCCAGGAGTTCAAGACCAGCCTGGGCAACATAGCAAGTCTCCATCTCTACAAAAAAATACAAAAACTAGCCAGGCATGGTGGCATGCACCTGTAGTCCCAGCTACTTAGGAGCCTGAGGTGAGAGGATCACTTGAGCCCCAGGGGGTCAAGGCTACAATGAGCTATGATCACACCACTGCACCCCAGCCTGGGTGTCACAGCAAGACCCTGTCTCCAAAAAAAAAAGAAGAAAAAA","GGCTGGCTGTGGTAGCTCATGCCTGTAATCCCAGCACTTTGGGAGACCGAGTCAGGAGGATCACTGAAGGCCAAGAGTTCAAGAGCAACCTAGGCAACATAGCAAGACTCCATTTCTACAAAAATACAAAAAATTAGCTGGGCATGGTGGTGCGCACTAGCAGTCCCAGCTACTCAGGAGACTGAGGTGGGAGGATCACTTGAGCCCGGGAGTTCAAGGCTGCAATTAGCAATGATTGCCCCACTGCACTCCAGCCTGGGTGACAGAGCAAGATCCTATCTCAAAAACAGAAGAAAAAAA"
"chr1","8003194","8003241","KN294949v1","451699","451745","5","7551495","CCAGCCTGGGTGACAGAGCTAGAGTCTGTCTCAAATAATAATAATAAT","CAGCCTGGGGGACAGAGCAAGACCCTGTCTCAAATAATAATAATAAT"
"chr1","8042024","8042339","KN295586v1","1578389","1578700","77","6463635","GCCGAGCATGGTGGCTCACACCTGTAATCCCAGCACTTTGGGAGGTCAAGGCGGAAGTATCCCTTGAGCCCAAGAATTCGAGACCAGCCTGGGAGACATGGCAAGATGCCATCTCTACAAAAAAAAAGTTTTTTTAAACAGTAGTGGGACATGGTGGCACACCACGTAGGCCACACCTGTGGCCCCAACTACTCTGGAGGCTGAGGCGGGAGGATCGCTAGAGCCCAGGATCAAGGCTGCAGTGAGTGTTTGCACTGCTGCACTCCAGCCTGGGCACAGAGTGAGACTCTGGCTCAAAAAATAAAAATAATAAAAA","GGCTGGGCACAGTGGTGCAGGCCTGTAATCCCAGCACTTTGGGAGGCCAAGGCAGGCAGATTACTTGAGTCCAGAAGTTTGACATCAGCCTGGGCAACATGGCAAAACCCCATCTCTACAAAAAATTTTTTTAAAAATTTAGCCAGGCATGGTGGCACACGCCTGTAGTCCCAGCTACTCAGGAGGCTGAGGTGGGAGGATCGCTTGAGCCCAGGAAGTCAAGGCTGCAATGAGCCTTGATTGCCCCACTGCATTTCAGCCTGGGCTACAGAGTGAGACCCTGTCTCAAAAAAAAAAAAAAAAAAAAAAAAA"
"chr1","8058481","8058760","KN294187v1","1653394","1653672","50","6405087","GGCCAGGTGTGGTGGTGCACGCCTGTAATCCCAGCACTTTGGGAGGTTGAGGGGGGTAGATCACTTGAGCCCAGGAGTTCGAGACCAGCCTGGAAAACACAGTGAGACCTTGTCTCTAAAAAAAATTTTTTAATTAGCTGGGCATGGTGGTGCATGCCTGTAGTCCCAGCTACTAGGGAGGCTGAGGTGGGAGGATTGCCTGAGCTCAGGAGGTCAAGGCTGCAGTGACCCATGATGACACCACTGCACTCCAGCCTGGGTGACAGGGAGACCCTGTCTC","GGCCAGGTGTGATGGCTCACACCTGTAATCCCAGCATTTTGGGAGGCTGAGGCAGGAGGATTGCTTGAGCCCAGGAGTTTCAGACCAGCTTGGGCAACATAGTGGGACTCTATCTCTACAAAAAATAAAATTAGCTGGGCATGGTTGCACATGCCTGTTGTCCCAGCTACTCAGGAGGCTGAGGTGGGAGGATCAACTGAGCTGGGGAGGCAAAGGTTGTAGTGAGCCAAGATCATACCACTGCACTCCAGCCTGGGTGACAGAGCGAGACCCTATCTC"
"chr1","8062682","8062804","KN296682v1","4707982","4708105","24","3354700","GACCAGGGGCAGGGTCTCACACTTGTAATTCCAACACTCCGGGAGGTTGAGGTAGGATTGTCTGAAGCCAGGAGTTTGAGACCAGCCTGAGCAACAAAGCAAGACCCCTGTCTCTACAAAGAA","GCCAGACACCGTGTCTCACACCTGTAATTCCAGCACTTTGGGAGGCCGAGGTGGGAGGATTGCTTGAAGCCAGGAGTTTGAGACCAGTTAGGCAACAAAGTGAGACCCCTGTCTCTACAAAAAA"
"chr1","8065520","8065802","KN294287v1","406448","406721","68","7659072","GCCAGGCACAGTGGCTCATGCCTATAATCCTAGCACTTTGGGAGGCTGAGACATGAGGATCACTTGAGCCCACGAGTTGGAGACCAGCCTGGGCAACATAGTGAGACCCTGTCTACTAAACAAAAAAAAAAAAAAAAACTTAAAAATAAGACTAAGGCATGGTGGCACACGCCTGAGGTCCCAGCACTCTGGGTGGCTCAGGAGAGAGGGTCACTTGAGGACAGGAGTTTGAGACCAGCCTGAGCAACATAGCAAGACCCCATCTCTATGAAATAAAAATAAA","GAGTGTGGTGGCTCACACCTGTAATCCCAGAACTTTGGGAGGTTGATGCAGGAGGACTGCTTGAACCCAGGATTTCAGACCAGCCTGGGCAAATAGTGAGACCCTGTCTCTAGAAATAACTAACTAAATAAATAAATAAATAAGGTCAGGTGCATGGCTCATGCCTGTAATCCCAGCACTTTGGGAGGCTGAGGTGGGTGGATAGCTTGAGCCCAGCAGTTTGAGACCAGCCTGGGCAACACAGCAAGACCCCATCTCTAATAAAAAATAAAAA"
"chr1","8084776","8085077","KN295708v1","2277404","2277721","61","5807372","GGCTGGGTGTGGTGGCTCACATCTGTAATCCCAGCACTTTGGGAGGCCAAGGTGGGTGGATTGCTTGAGCTATAGTCAGCTTGGGAAACATGGCAAGACCCTGTCTCTACAAAAAGTACAAAAATTAGCTGGGCATGGTGGTGCACACCTATATTACCAGCTACTCAGGAGGCTGAGGTGGGAGGATCACTTGAGCCCAGGAAGTTAAGGCTGCAGTGAGCTATGATCATGCTACTACACTCCAGCCTGGGCATCACAGCAAGACCCTGTCTCAAAATTTAAAAAAGATAAAAATGGAAAAA","GGCTGGGTGTGGTAGCTCACACCTGTAATCCCAGCACTTTGGGAGGCCAAGGTGGGAGGATCACTTGAGCTCAGGAGTTCAAAACGAGTCTGGGCAACATAGCAAGATCCTGTCTCTACAAAAATAAAAATAAAAAAAATTAGTGGGGCATGGTGGTGCACACCTGTAGTTCTAGCTACTTGGGAGGCTGAGGTGAGAGAATCCCTTGAGCCCAGGAGGTTGAGGCTGCAGTGAGTTATGTTTGCACCACTACACTCCAGCCTGGGCAACAAAGCAAGACCCTGTCTCGAAACAAAAACAAAAAACAAAACAAAACAA"
"chr1","8095982","8096296","KN294294v1","197080","197381","69","7898902","GCCAGGAGAGGTGGCTCATGCCTGTAATCCTAGCACTTTGAGAGGCCATGGAGAATTGCTTGAGGCCAGGAATTTGAGACCAGCCTGAGCAACATGGCAAGACCCCATCTCTACAAAATATATTTTTTTTCCAAGAAGAAAACAAAGTTAACTGGGCATGGTGGCATGCACCTCTAGTCCTAGCTACTCAGGAGGCTGAGGCAGGAGGACCACTTGACCCTGGAAGGTGGAGGCTGCAGTGAACTATGATCGCGCCACTGCACTCCAGCCTGAGTGACAGAGCGGACTCTGTCTCCAAAAAAAAAAAAACAAAAA","GCCAGGCACAGTGGCTCATACATGTAATCCCAGTGCTTTGGGAGGCTGAGATGGAGCATTGCTTGGGGACAAGAGTTTCAGACCAGGCTGGGCAACATAGCAAGTCCCTACCTTTACAAAAAACAAAAATAAAAAAATTAGCCGGCATGGTGGCACACAGCTGTAGTCCCAGCTACCCAGGAGGCTGAGGCAGGAGGATCACTTGAGCTGGGAGTTCAAGGCTGCAGTGAGCTATGATTGTGCCACTGCACTCCAGCCTGGATCACAGAGCGAGACCCTATCTCTAAAAAAAAAAAAAAAAA"
"chr1","8115466","8115756","KN295708v1","2900369","2900653","48","5215097","GGCTCACACCTGTAATCCCAGCACTTTGGGAGGCCGAGGTGGGAGGATTGCTTGAGCCCAGGAGTTCAAGACCAGCCTGGGCAACATAGTGAGATCCCATCTCTACAAATAATAATACTAAAAATTAGCCAGGCTTGATGGCACATGCCTGTGCTCCCAGCTACTTGGGAGGCTGTGGTCGGAGGATCGCTTGAGCCCAGGTGGTAGAGGCTGCAGTGAGTTGTGATCACACCACTGCACTCCAGGCTGGGCGACAGAGCGAGACCCTGTCTCCAAAACAACAACAACAAA","GGTTCATGCCGGTAATCCCAGCACTTGGGGAGGCCTAGGTGGGAGGATTGCTTGAGCTCTGGATTTCAAGACCAGCCTGGGCAACATAGGGAGACCCCATCTCTACAAAAAAATCAAATTAGCTGAGCATGGTGGCACACAGCTGTGGTCCCAGCTACCGGGGAGGCTGAGGTGGGAGTATCGCTTGGGCCTAGGAGGTAGATGCTGTAGTGAGCTGTGATCCTGCCACTGCACTCTAGCCTGGGTGACAGAGTGAGACCCTGTCTCCAAAAAGAACAAAAAAAA"
"chr1","8130374","8130697","KN294462v1","662341","662656","69","7468033","GACTGGGCACAGTGGCTCACACCTGTAATCCCAGCACATTGGGAAGCCAAGGAAGGAGGATTGCTTGAGGACAGGAGTTTGGGATTAGCCTGGGCAAAATAGCAAGACCCCTTCTCTATAAAAAAATTCAAAATAAAAATTAACCAGGTGTGGTGGCACACACCTGTAGTCTCAGCTACTTGGAAGCCTGGGGCAGGAACCTTGGGGATTGCTTGAGCCCAGGGGTTCAAGGCTTCAGTGAGCTATGACTGTAGCACTTCACTCCAGCCTGGCGACAGAGGGAGATCCTGCCTACAAAAAAAAAAAAAAAAAAAAAAAAAAAAA","GGCTGGACACAGTGGCTCACACCTGTAATCCCAGCACATTGGGAGGCTGGGGTGGGAGGATTGCTTGAGCTCAAGAGTTCAAGGCCAGCCCGGGCAACATAGAAAGATCCTGTCTCTACAAAAAAAAAAAAATTTAAAAATTAGCTGAGTGCGATGGCACACACCTGTAGTCCCAACTACGCAGGAGGCTGAGGTGGGAGGATTGCTTGAGCACAGGTCAATGCTGCAGTGAGCTATGATTGCACCACTGCACTCCAGCCTAGGTGACAGAGTGAGACCCTGCTTCAAAAAAAAAAAAAAAAAAAAAAAAAAAAAA"
"chr1","8132608","8132905","KN296921v1","606329","606614","70","7526279","GGCTGACGCCTGTAATCCTACTACTTTGGGAGGCCAAGGCGAGAGGATGGCTTGAAGCCAGGAGTTCAAGACCAGCCTGGGCAACATAATAAGACCCAATATTCTGAGTCTCTACATAAAATTTAAAAATTAGCCAAGGTGGTGGTGTGCCTGTAGTCCTAGCTACTCTAGAGGCTGAGACAGGAAGATCACTTGAGCCCAGGAGTTTGAAGCTGTAGCAAACCATGATCGTGCCACTGCGCTCCAACCTGGGCGACAGAGTGAGAGCCTCTCCCTAAAAATATAAAATAAAATAAAA","TGGCTCAAACCTATAATCCCAGTACTTTGGGAGGCTGAAGCGGGTGGATCACTTGAGGTCAGGAGTTCGAGACCAGCGTGGGCAACATGGTGAAAGTCTGTCTCTACTAAAATACAAAAATTAGCCAAGTGTGGTGGTGCATGCCTGTAGTCCCAACTATTCAAGAGGCTGATGTGGGGGGGAATCACTTGAGCCCTGGAGTTTGAGGCTGCAGTGAGCCAAGATGGTGCCACTGCACTCCAACCTGGGCAACAGAGTGAGACCCTGTCTCAAAAACAAAGAAAAA"
"chr1","8144624","8144907","KN294685v1","1134445","1134727","59","7010179","GGCCGGGCTTGGTGGCTCCTTCCTGTAATGCCAGCACTTTGAGAGGCCAAGGCAGGAGGATTGCTTGAGGCCAGGAGTTCAATATCAGCCTGGGCAACATAGCAAGATCCCATCTCTACAAAAAAATAAAATTAGCTGGGCGTGCCTGTAGTCCTAGCTACTGGTGAGGTTGAGGCGGGAGGATCACCTGAGCCCAGGGGATTGAGGCTGCAGTGAGTGGTAATCTCACCACTGCACTGCAGCCTGGGTGACAGAGCAAGACCTTGTCTCAAAACAAAGCAAAA","GGCCAGACATGGTGGCTCACGCCTGTAATCCCAGCACTTTGGGAGGCCAAGGCAGGAGGGTTGCTTGCTTCCAGGAGTTCGAGACCAGCCTTGACAACATAGCAAGACCCTGTCTCTACAAAAAAATTAAAAATTAGCCGAGTGTGGTAGTGTGTGACTACTCAGGAAGCTGAGGTGGGGGGCTGCTTGAGCTCAGGAGGTCGAGGCTGCAGTGAGTTGTGACTGTGCCACTGCACTCCAGCCTGGGTGACAAAGCAAGACCCTGTCTAAAAACAAAGGAAAA"
"chr1","8167950","8168121","KN296825v1","1485902","1486067","42","6682048","CTTGAAGCTGCATGGTTAGGCACATGGCTGTAGTCTTACCTTTCTACTCAGTAGGCTGAAGTACGAGAATCACTTGAGCCCAGGGGTTTGAGGCTGCCCTGAGCCACGATTGTACCATTGTACTTGAGCCTGGGTGACAGAGCAAGACACTGCCAAAAAAAGGAAAAAAAAA","AATTAACCAGGCATGGTGGCATGTGCCTGTAGTCCCAGCTACTCAAAAGGCTGAGGGAGGAAGATTGCTTAAGCCCAGGGGTTTGAGGCTGCAGTGAGCTATGATCATACCACTGTACTTCAGCCTGGGTGGCAGAGCAAGACCCTGTCTCAAAAAAAAAAAAAAA"
"chr1","8168377","8168513","KN297095v1","2530131","2530260","23","5638246","GCTGGGCACAGTGGCTCATGCCTGTAATCCCCAGCAGGCTTTGAGAGGCCGAGGCAGGAGGATCACTCAAGGGGAGGAGTTCAAGACCAGCCTGGGCAACAAAGCGAGACCTCGTCTCTACAAAATAAAAAATTAGC","GCTGGGCACAGTGGCTCATGCCTATAATCCCAGCACTTTGAGAGGCCGAGGTGGGAGGATCACTTGAGGCCAGGAGTTTGAGACCAGCCTGGGCAACATAGCAAGACCCACCTCTACAAAAAAATAAAAA"
"chr1","8199450","8199728","KN295343v1","361519","361806","69","7837931","GCTGGGTGTTGTGGATCATGCTTGTAATTCCCGATACTGAGGCAGGAGAATTGCTTGAGGCCAGGAGTTCAAGACCAGGCTGGGCAACATGGCGAGACCCCATCTCTACAAAAATACAGAAAAATGAGCTGGGCGTGGTGGCACGTGCCTGTGGTCCCATGACTCGGGAGGCTGAAGTGGGAGGATCACTTTAGCTGGGGAGGTGGAGGTTGCAGTGAGTTGAGCACTCCAGCCTGGGCTACAGAGTGAGACGCTGTCAAGAAAAAAAAAGAAAAAAAA","GCCGGACGCGGTGGCTCATGCCTGTAATTCCAGCACTTTGAGAGGCTGAGGCAGGAGGATTGCTTGAGCCCAGGAGTTCCAGACCAGCCTGGACAACATAGCGAGATCCTGACTCTACAAAAAATAGAAAAATTAGCCGGACGTGGTGGCGCGTGTCTGTAGTCCCAGCCACTCGTGAGGCTGAGGTGGGAGGATCACCTGAGCCCTCGGTAGGTCGAAGCTGCAGTGCACCGCTGCACTCCAGCCTGGAGGACAGTGAGGCAGTCTCAAAACAAAACAAAAACAAAA"
"chr1","8210154","8210446","KN296643v1","161621","161907","52","8048533","GGCCGGGGTGGTGACTCACACCTAGAATCCCAACACTTTGAGAGGCCGAGGTGGGAGGATCGCTTGAGGCCAGGAGTTCAAGACCAGCCTGGGCAACACAGCGGGACTCCCTCTCTACAAAAAATAAAAATAAGCCAGGCATGATGGTGTGTGCTTGTAGTCCCAGCTACGCAGGAGGCTGAGGTGGGAGCATTGCTTGAGCCCGGGAGGTTGAGGCCACGGTGAGTAGTGATTGTGCCACTACACTGCAGCCTGGGCGACAGAGTAAGACCCTATCTCAAAAAAAGAGAAAA","GGCCAGGGGCGGTGGCTCACGTCCGTAATCCCAGCACCTTGGGAGGCCAAGGCAGGAGGATCTTGAGGCCAGGAGTTCAAGACCAGCCTGGGCAACACAGGGAGACCTCTTCTCTACAAAAAATAAACAGCCACACATGGTGGTGTGTGCCTGTAGTCCCAGCTGCTCAGGAGGCTGAGGTGGGAGAATCACTTGAGCCTGGAGGTTGAGGCTGTAGTGAGCTCTGATTGCACCACTGCACTCCAGCCTGGGCGACACAGCAAGACCCTGTCTCAAAAAAATAAAAA"
"chr1","8219515","8219819","KN294172v1","511981","512290","64","7707534","GGCCGGGAGCGATGGCTCCAGCCTGTAATCCCAGCACTTTGGGAAGCCGAGGCAGGAGGATCGCTTGAGACCAGGAGTTGGAAACCAGCCTGAGCAACGTAGGGAGACCCTATCTCTACAATTAAAAAAAAAAAAAAAAAAAAAAAAAAAAGACTAGTCGTGGTGGTGCATGCCTGTAGTCCCAGCTACTTGGGAAGCTGAGGCAGGAGGATCACTTGAGCCCAGTGGGTTGAGGCTGCAGTAAGCCATGATCATGCCATTGAACTCCAGCCTGGGTGACAGTGAGCCCCTGTCTCAAAATAAAA","GGCTGGGTGTGGTGGCTCATGCTTCTAATCCCAGCACTTTGGGAGTCTGAGGCAGGAGGCTTGCTTGAGGCCAGGAGTTCAAGACCAGCCTGGGCAACATGGCGAGACCCTGTCTCTACAAAAAGTAATTAATTAAAAAAAAAAACAAAACCAAAAACTGGTGTGGTGGCAAGTGCCTGTAGTCCCAGTGACTCAGGAGGCTGAGGCGGGAGGATCACTTGAGCCCGGAAGTTTGAGGCTGAGTGAGCCATGATCACACCATTGCACGCCAGCCTGGGCGACAGAGTGAGGCCCCGTCTCAATAAAATAA"
"chr1","8221139","8221255","KN295301v1","1014078","1014194","15","7207061","GGCTGGACACAGTGGCTCATGCCTGTAATCCCAGCACTTTGGGAGGCCAAGGCAAGTGGATCACTTGAGGCCAGGAGTTCCAGACCAGCCTGGACAACATAGTGAGACCCTGTCTCT","GGCCTGGCACAGTGGCTTATGCCTGTAATCCCAGCACTTTGGGAGGCCAAGGCAGGAGAATTGAATGAGGCCAGGAGTTTGAGACCAGCCTTGTCAGCATAGTGAGACCCTGTCTCT"
"chr1","8237616","8237913","KN294848v1","809082","809379","55","7428534","GGGTACAGTGGCTCTCACACCTGTAATCCCAGCACTTTGGGAGGCTGAGGCAGAAGGATTGCTTGAGGCCAGGAGTTTGAAACCAGCCAGGGCAACCTAGTGAGAGCCCATCTCTAGAAAACTTAAAAAACATTAGCCAGGTGTGGTGGTGCACGCCTGAAGGCCCAACTACTCAGGAGGCTGAGGCAGAGGATTGCTTGAGCCCAGGAGTTCAAGAATACAATGAACTATGATGGCACCAGTGCACTCCAGCCTGGGAGACAGAGAAAGACGCTGTCTCTAAAAGAAAAAAAAAAAA","GGTGCAGTGGCTCATGCCTGTAATCCCAGCATTTTGGGAGGCTGAGACAATAGAGTTGCTTGAGGTCAGGAGTTTGAGACTAGCCTGGGCAACATAGTGAAAGCTCATCTCTACAAAAGATGAAAAAAATTAGCCAAATGTGGTGATGTGCACCTGTAGTCCCAGCTATTCAGGAGGCTGAGTTGAGAGGATTGCTTGAGCCCAGGAGTTTGAGGCTGCAGTGAGCTATGATCGCACCACTGCATTCCAGCCTGGGTGACAGAGTGAGACCCTGTCTCTAAAAAAATGAAAATAAAAA"
"chr1","8290197","8290500","KN296019v1","378079","378370","57","7912118","GGTCAGGCGCAGTGGCTCATGCCTGTAATCCCAACACTTTGGGAGGCTAAGGTGGGAGGATCGCTTGAAGCCAGGAGTTTGAGACCAGCCTGGGCAACGTTGCCAGACCTCATCTCTACAAAAAATACAAAAATTAGCTGGGCATGATGGCACCTGCCTGTAGTCTCAGCTACTCAGGAGGTCAAGGCAGGAGGATTGCTTGAGTCCAGGAGGTCAAGGCTGCAGTGAGTCATGATCGCACCACTGTGCTCCAACCTGGGCAACAGAGTGAGCAACAGAGTGGGACCCTGTCTCAAAAAAAAAA","CTGGGCACAGTGGTTCGTGCCTGCAATCCCAGCACTTTGGGAGGCCAAGGTGGGAGGATCGCTTGAGGCCAGGAGTTTGAGACCAGCCTGGGCAACATGGTGAGACCCTCATCTCTACAAAAAATTTAGAAAGTAGCCAGGCATGGTGGCATGCGCCTATAGTCTCAGCTACTCAGGAGGTCAAGGTGGGAGGATCACTTGAACCCAAGAGTTCGAGGCTGCAGTGAGTGATGATGGCACTACTGTACTTCAGCCTGGGCAACACAGTGAGAACCTGTCTTAAAAAAAAAAA"
"chr1","8301241","8301418","KN294287v1","428598","428789","54","7872643","GGCCAGGTGTGGTGGCTCATGCCTATAATTCCAGCACTTTACGAGGCCAAGGCAGGAGAATTGCTTGAGGCCAGGAGCCTGGGCAACAAAGCAAAAACCCCATCTCAAAAAGAAAGAAAGAAAGAAATGCTGGGCACTGTGGTGTGTGCCTGCAATCCCAGTTACTTGGGAGGCTGAG","GGCCAGTTGCAGTGGCTCATGCCTGTAATCCCAGCACTTTGGGAAGCCAAGGCAAGAGGAGAGCTTGATGCCAGGAGTTCGAGACCAGACTGGGCAACATAGGGATACCCTGTGTCTACAAATAAATAAAAATTTAAAAATTAGCTGGGTGTGGTGGTGTGGGCCTATAGTCCCAGCTGCTTGGGAGGCTGA"
"chr1","8331095","8331356","KN295667v1","2434394","2434649","32","5896701","CCAAGGTGGGAGGACCACTTGAGGCCAGGAGTTTGAGACCAGTCTGGGCAACATAGTGAGACCCCATCTCTGTAACAATTTTTTAAAAATTAGCCAGGTGTGGTGGTGCTCGCCTGTAGTCCCAGCTACTTGGGAGGCTGAGGTGGGAGGATCACTTGAGCCCAGGAGGTCGAGGCTGCAGTGAGCCATGACCACACCGCTGCACTCCAGCCCGGGCGACAGAGCGAGACTGTCTCTAAAACAACAACAACAACAACAACAA","GGAGGGAGGATCACTTGAGACCAGGAGTTTGAGACCAGCCTGGGCGACATAGCGAGACCTCATCTCCCTAACAGTTTTTTTAAAATTAGCCAGGCGTGGTGGTGCACGCCTGTAGTCCCAGCTACTCGGTAGGCTGAGGTAGGAGGATCACTTGAGCCCAGGAGGCTGAGGCTGCAGTAAGCCATGACCGCACCACTGCACTCCAGCCCGGGCGACAGAGCAAGACTCTGTCTCTAAAACAACAACAACAACAAAA"
"chr1","8338777","8339006","KN295667v1","2426026","2426267","35","5912751","CAGTCTGGGCAACGTAGTCAGACCCCATCTCTAAAAAAATAAAATTAAAAATTAGCCAAGTGTGGTGGCATGCACCGGTAGTTCCAGCTACTTGGGAGGCTGAGGTGGGAGGATCACTTGAGCCCAGGAGGCTGAGGCTGTAGTGGGCTGAGATTGTGCCACTGCACTCCAGCCTGGGCAACAGAGCAAGACCCTGTCTCAAAAAAAAAAAAAGAAGAAAAGAGGAAAGA","CAGCCTGGGCAACATAGTCAGACCCATCTCTTAAAAAAAAAATTAAAAATTAGCCAGACGTGGTGGCATGTGCCTGTAGTCCCAGCTATTCAGGAGGCTGAGGTGGGAGGATCACCTGAGCCCAGGAGGCTGAGGCTGCAGTGAGCTGAGATTGTGCCACTGCACTCCAGCTTGGGCAACAGTGCAAGACCCTGTCTCAATAAAGAAAAAGAAAAAAGAAAGAAAGAAAGAAAGAAAAGAAA"
"chr1","8395780","8396057","KN295667v1","2367340","2367617","10","6028440","GGCCAGGTGAGGTGACTCACTCCTATAATCTCAGTGCTTTGGGAGGCCAAAGAGGGAGGATCACTTGAGGCCAAAATTTCAAGACCAACCTGGGTAACATAGAAAGACCTCATTTCTACAAAAAATAAAAATATTAGCCGGCCATGGTGGCATGCGCCTGTAGTCCCACTACTTGGGAGGCTGAGGTGGGAGGATTGCTTGAGCCCAGGGGTTCAAGTTATAGTGAGCTATGATCATACCTCTGCACTCCAGTCTGGGTAACAGAGCATGACTTTGTC","GGCCAGGTGAGGTGACTCACTCCTATAATCTCAGTGCTTTGGGAGGCCAAAGAGGGAGGATCACTTGAGGCCAAAATTTCAAGACCAACCTGGGTAACATAGAAAGACCTCATTTCTACAAAAAATAAAAATATTAGCCGGCCATGGTGGAGTGTGTCTGTAGCCCCACTACTTGGAAGGCTGAGGTGGGAGGACTGCTTGAGCCCAGGGGTTCAAGTTACAGTGAGCTATGATCATACCTCCGCACTCCAGTCTGGGCAACAGAGCATGACTTTGTC"
"chr1","8399715","8399814","KN294873v1","487411","487513","20","7912304","GGCTCACGAACCTGTAATCTCAGCACTTTGGGAGGCTGAGGCAAGAGGATCATTTGAGGCCAGGAGTTTGAGACCAGTCTGAACATAGTGAGACTCCGTC","GGGTCAGGCCTGTAATCTCAGCACTTTGGGAGGTTGAGGCAGGAGGACTGCTTGAGGTCCGGAGTTTGAGATCAGCCTGGGCAACATAGTGAGACTCTGTTTC"
"chr1","8456636","8456863","KN295667v1","2307059","2307269","29","6149577","AGCCTGGTCAACACAGCAAGACCTTGTCTCCACAAAAAAATTAAAAACATAATAAAATAGCTGAACATGGTGCCATGTGCCTGTAGTCCCAGTTACTTGGGAGGCTGAGGTTGGAGAATCGCTTGAGTCCAGGGGTTAGAGGCTGCAGTGAGCTGTGATCATGGCACTGCACTCCAGCCTGGGCAACAGAGCGAGACTCTGTTTCCAAAAAAAATAATAATAATAAAA","AGCCTGGTCAACACAGCAAGACCTTGTCTCCACAAAAAATTAAAAACATAATAAAATAGCTGAACATAGTGCCATGTGCCTGTAGTCCCAGCTACTTGGGAGGCTGAGGTTGGAGAATCGCTTGAGTCCAGGAGTTCAAGGCTGCAGTGAGCCGTAATCATGGCACTGCACTCCAGCCTGGACAACAGAGCAAGGCTCTGTCTCCGAAAAA"
"chr1","8474172","8474295","KN295667v1","2287590","2287713","11","6186582","GCTGGGCAAGATAGCTCACACCTGTAATCCCAGCACTTTCAGAAACCAAGGCAAGAGGACTTCTTGAGGCCAAGAGTTTGAGATCAGCCTGGACAACACAGTGAGAACCTGTCTCTACAAAAAA","GCTGGGCAAGGTGGCTCACACCTGTAATCCCAGCACTTTCAGAGGCCAAGGCAGGAGGACTTCTTGAGGTCAAGAGTTTGAGACCAGCCAGGACAACACAGTGAAACTCTGTCGCTACAAAAAA"
"chr1","8487644","8487783","KN294668v1","1969469","1969600","28","6518175","GGCCAGACATGGTGGCCCATGCCTGTAATCCTAGCACTTTGGGAGTCTGAGACAGGAGGATTACTTAAGACCAGGAGTTTGAAATCAGCCCTGGCAACAAAGTAAGACGATGTCTCTACAAAAAAAAAAACTTAAAAAAA","GGCCAGACGTGGTAGCTCATGCCTGTGATCCCAGTACTTTGGGAGGTCGAGACAGGAGGATCACTTGAGCCCAGGAGCGAGATCAGCCTGAGCAACATAGCAAGACCCTGTCTCTACAAAAAAAGAATTAAA"
"chr1","8488085","8488269","KN296096v1","628556","628723","43","7859529","TTAGCTGAGTGCGGTGGCACATGCCTGTAATCCCAGCTACAGCTACTCAGGAAGCTGAAGTGGGAGGATCACTTGAGCCTGGGAGGTCAAGCCTGCAGTGAGCCTGCAGTGAGCTGTGACTGTGCCACTGCACTCCAGCCTGGGTGACAGAGCGAGACTTTGCCTCAAGAAAAAACAACAACAAA","TTATACGGGTGTGGTGGCTCATGTCTATAATCCCAGCACTTTGAGAGGCTGAAGTGGGAGGATCGCTTGAGCCCAGGAGTTCAAGGCTGCAGTGAGCCATGATCACGCCACTGCACTCCAGCCTGGGTGACAGAGCAAGACACTGTCTCTTGAAAAAATAAAAAAAAA"
"chr1","8491061","8491337","KN295667v1","2267074","2267368","48","6223987","GGCTGGGTGTGATGGCTCACGCCCGTAATCCCAGCACTCTGGGAGCCTGATGCCAGAGGACTGCTTGAGGCCAGAGAGTTCAAAATCAGCCCTGACAACACAGAGAGAGAAAAAAAATATATTAGCCAGGTATGGTGGTGCATGCCTGTAGTCCTAGCTACTGGGGAGGACGAGGTGGGAGGATGAGTTGAGCCCAGGAGGTTAAGGCTGTAATGAGTCATGATTATGCCACTGCACTCCAGTGTGAGACCCTGTACTTTAAAAAAAAAAAAAAAAA","GGCTGGGTGTGATGGCTCATGCTTGTAATCCCAGCACTCTGGAAACCTGACATGGAAGGACTGCTCAAGGTCAGAGAGTTCAAAATCAGCCCTGACAACATAGAGACGCCATCTCTACAAAAACTTTAAAAAATATATTAGCCAGGTATGGTGGTGCATGCCTGTAGTCCTAGCTATTGGGGAAGACGAGGTGTGAGGATCACTTGAGCCCGGGAGGTTAAGGCTGTAAGGAGTTGTGATTACACCACTGCACTCCAGTGTGAGATCCTGTCTTCAAAAAAAAAAAAAGAAAAAA"
"chr1","8491451","8491681","KN295667v1","2266745","2266961","48","6224706","GGGCAACACAGAAAGGACCCCATCTCAACCAAAAACAAAATTAAAATAGCCGGGCATGGTGCCACGGGTCTATAACCCTAGCTACTCAGGAGGCTGAGGCAGGAGGATCGCTTGAGCTCAGGAAGTTAAGGCTGTAGTGAGCTATAATTGTGCCACTGTACTCCAGCCTGGGTGACACAGCAAGACCCTGTTTCAAAAAAACAAACAAGTAACAACCAAAAAAAAGAAAAA","GGGCAACACAGCGAGGACCCCCATCTCAACAACAACAACAACAACAAAAATTAAAAATAGCCAGGTATGGTGGCACGTGTCTATAATCCCAGCTACTCAGGAGGCTGAGGCAGGAGGATCGCTTCAGCTCAGGAGGTTAAGGCTGTTGTGAGCTATAATTGTGCCACTGTACTCCAGCCTGGGTGACAGAGCAAGACCCTGTTTCAAAAAAACAAAA"
"chr1","8513334","8513442","KN295667v1","2242724","2242831","5","6270610","GGCCAGGCACAGTGGCTCATGCCTATAATCCTACTATTTTGGGAGGCCAAGACAGGAAGATAGTTTGAGGCCAGGAGTTCAAGACCAACCCAGGCAACAAAGTGAGACC","GCCAGGCACAGTGGCTCATGCCTATAATCCTACCACTTTGGGAGGCCAAGACAGGAAGATAGTTTGAGGCCAGGAGTTCGAGACCAACCCAAGCAACAAAGTGAGACC"
"chr1","8535206","8535322","KN295667v1","2218176","2218287","11","6317030","GCCAGGCACAGTGGCTTCACACCTGGAATCCCAGCACTTTGGGAGGCTACGGCAGGAGGATTATTTGAGGCCAGGAATTCAAGACAAACTTGGGCAACATTAGTTGAGACCCCATCT","GCCAGGCACAGTGGTTTCATACCTGTAATCCCAGCACTTTGGGAGGCTAGGGCAGGAGGATTATTTGAGGCCAGGAATTCGAGACAAACTTGGGCAACATTAGTGAGATCCC"
"chr1","8562183","8562476","KN295667v1","2191905","2192199","27","6370278","GGTTGGGCACAGTGGCTCACATCTGTAATTCCAGCACTTTGGAAGGCAGAGGCATGAAGACCGCGTGAGCCCAGTAGTTTGAGACCAACTTGGACAACAAAGTGAGACTCTGCCTTTACAAAAATTTAAACATTAGACAGGCATGGTGTCATGCTCTTGTAGTCCCAGTTATTCTGGAGACTGAGGCGGGAGGATCTCCTGAGCCCAACAGCTAAAGGCTGCAATAAGCTATGATGGCACTGCCACACTCCAGCCTGGGTGACAGAGCTAGACCCTGTCTAAAAAAAAAGAAAA","GGTTGGGTACAGTGCCTCACGACTATAATTCCAGCACTTTGGAAGGCAGAGGCCTGAAGACTGCTTGAGCCCAGTAGTTTGAGACCAACTTGGGCAACAAAGTGACACTCTGTCTTTACAAAAAATTTAAAAATTAAGACAGGCATGGTGGCATGCTCTTGTAGTCCCAGTTATTCTGGAGACTGAGGAGGGAGGATCTCTTGAGCACAAGAGCTCGAGGTTGCAACAAGCTCTGATGGCACTGCTACACTCCAGCCTGGTGACAGAGCAAGACCCTGTCTAAAAAAAAAGAAAA"
"chr1","8587325","8587624","KN295667v1","2165397","2165689","25","6421928","GGCCAGGCACAGTGGCTCACACCTGTAATCCCAGTGCCTTGGGAGGCCAAGGCAGGAGGATCATTTGAGGCCAGGAGTCTGATACCAGCCCGGGCAACATAGTGAGACTTCATCTCTACAAAACATTACAAAATTAGCCAGGTGTGGTGGCATGTGCTTGTGTGGTCCCAGCTACTCAAAACGCTGAGGCAGGAGGATCGCTTGAGCCCAGGAGCTTAAGGCTGCAGTGCCCTATGATCACACCACTCATTCCAGCCTAGGTGACAGAGCAAGACCGTGTACAAAAAAAAAAAAAAAAAA","GGCCAGGCACGAGGTCACACCTATAATCCCAGTGCTTTGGGAGGCCAGGACAGGAGGATCATTTGAGGCCAGGAGTCTGATACCAGCCTGGGCAACACAGTGAGACTTCATCTCTACAAAACATTACAAAATTAGCCAGGCGTGGTGGCATTTGCTTGTGGTCCCAGCTACTCAAAAGGCTGAGGCAAGAGGATAGCTTGGGCCCAGGAGCTTGAGGCTGCAGTGCTCTATGATCACACCATTCATTCCAGCCTAGGTGACAGAGCAAGACTGTGTCCAAAAAAAAAAAAAAA"
"chr1","8588990","8589277","KN295667v1","2163847","2164173","63","6425143","GGCCAGGTGTGTTAGCTCACACCTATAATCCCAGCACTTTGGGGAGTTGGAGATGGGAGGATCACTTGAGGCCAGGAGTTTGAGACCAGCCCTGGCAACTTAGCAAGACCTTGTCTCTACCAAGAAAAAAAAAAAAAAAAAAAAAGCCAGGCATGGTAGCTTGTGGCTATAGTCCCAACTACTTGGGAGGCCACAGACAAGAGAATTGCTTGAGCATAGGCGGTCCAGGTTATAGTGAGCTTATGATTGTACTACTACACCCCAGCCTGGGTAACAGAGCAAGACCCT","GGCCAGGTGTGGTAGCTCACACCTATAATCCCAGCACTTTGGGGAGTTGGAGATGAAAGGATCACTTGAGGCCAAGAGTTTGAGACCAGCCCTGGCAACATAGCAAGACCTTGTCTCTACCAGAAAAAATAAAAATAAAAATAAAATAAGAGCCAGGCATGGTAGCTTGTAGCTGTAGTCCCAACTACTTGGGAGGCCAAAGACAGGAGAATAGCTTGAACATAGGAGGTCCAGGTTATAATCAGCTATGATTGTACTACATCCCAGCCTGGGTAACAGAGCAAGACCATCTTAGTTAAGTAAAAAAAAGAGAGAGAGAAAGAGAAA"
"chr1","8596930","8597157","KN295667v1","2156829","2157043","32","6440101","CAGAAGTTCCACATCCTCAACGTAAGCAACATAAGGAGGAGACCCTGTCTTTACAAAAAATTTTAAAATTAGCAGGGCATGGTGGCCCGTGCCTGTAGTCCCAGCTACTCAGGAGGCTGAGACAGAGAGGCCGAGGCTGTAGTGAGCGCTAAACATGCCACTGTACTCTAGGTGGGTAACAAAGCGAGACCCTGTCTCAAAAAAAAAAAAAAAAAAAAGAAAAAAGAA","CAGAAGTTCCACATCTTCAACTTAAGCAACAGAAGGAGACCCTGTCTTTACAAAAAATTTTAAAATTAGCAGGGTGTGGTGGCACGTGCCTATAGTCCCAGCTACTCAGGAGGTTGAGACAGAGACCGAGGCTGCAGTGAGCTCTGAACATGCCACTGTACTACTCTAGGTGGGTGACAAAGCGAGACCCTGTCTCAAAAAAAAAAGAAGAAGAA"
"chr1","8600916","8601059","KN295667v1","2153204","2153347","6","6447712","GCTGGGTGTGGTGGCTCATGCCTATAATCCCAGCACCTTGGGAGGCTAAGGAGAGAGGAGTGCTTGAGGCCAGGAGTTCAAGACCAGGTTGAACTGGTAAGACCAGTCTCTGACCAGACCCTGTCTCTACAGAAAGTAAAAAAA","GCTGGGTGTGGTGGCTCATGCCTGTAATCCCAGCACCTTGGGAGGCTAAGGAGAGAGGATTGCTTGAGGCCAGGAGTTCAAGATCAGCTTGAACTGGTCAGACCAGTCTCTGACCAGACCCTGTCTCTACACAAAGTAAAAAAA"
"chr1","8625981","8626264","KN295667v1","2127328","2127610","35","6498653","GGCCAAGCTTAGTGGCTCACACTTATAATCCCAACACATTGGGAGGTGGAGGCAGGAGGATCACTTCAGGTCAGAAGTTCGAGACCAGCCTGAGCAACATAGCGAGACTCCATCTCTACAAAAAAATTTTTTTAAATAGCTGGGCACGGTGGCAGGCACCTGCAGTCCCAGCTGCTTAGGAGGTTGAGGTGGGAGGATCACTTAAGCCCAGGAGGTTGAGGCTGCAGTGAGCTGTAATAGCACCACTGCGTGCCAGCCTGGGGAACAAAGCAAGATCCTGTCTC","GTGGCTCACACTTATAATCCCAACACATTGGGAGCTGGAGGCAGGAGGATCGCTTCAGGCCAGAAGTTTGAGACCAGCCTGAGCAACATAGCGAGACTCCATCTCTACAAAAAAAAATTAAAAATTTAAATAGCCGGGCATGGCGGCAGGCACCTGTAGTCCCAGCTGCTTAGGAGGTCGAGGTGGGAGGATCACTTAAGCCCAGGAGGTTGAGGCTGCAGTGAGCTATAATATAATAGTGCCACTGCGTGCCAGCCTGGGGAACAAAGCAAGATCCTGTCTC"
"chr1","8638966","8639274","KN295667v1","2114250","2114555","30","6524716","GGCCAGGCACAGTGGCTCATGCCCGTAATCTCAACACTTTGAGATGCTGAGGCAAGACTCCTGGCTTGAGTCCAGGAGTTCAAGACCAGCCTAGACAACAAAACAAGATCCCTTCTCTAAAAAAAATTAGAAACTAGCTGGGCACAGTGCCATGCACCTGTAGTTCCAGCTACTTGAGAGGCTGAGGCAGGAGGACCACTTGAGCTCGGGAGTTCAAGGCTGCAGTAAGCCGTGTTCATGTCACTGCACTGTTGTCTGGACAACAGAGTGAGACCCTTCCCCGCCACTCAAAAAAAAAAAAAAAAAAAA","GGCCAGACACAGCGACTCATGCCCATAATCTCAACATTTTGAGATGCTGAGGCAAGATGATGGCTTGAGGCCAGGAGTTCAAGACCAGCCTAGACAACAAAACAAGATCCCTTCTCTAAAAAACATTTAGAAACTAGCTGGGTACAGTGGTGTACACCTGTAGTTCCAGCTACTTGAGAGGCTGAGGCAGGAGGATCACTTGAGCCCGGGAGTTCAAAGCTACAGTAAGCCGTGTTCATGTCACTGCACTGCAGCCTGGACAACAGAGTGAGACCCTTTCCCTGCCACTCAAAAAAAAAAACAAAA"
"chr1","8646739","8647016","KN295350v1","618935","619220","58","8027804","GGCTGGGCGCGGTGGCTCATGACTGTAATCCCAGCACTTTGAGAGGCTGAGGCGGCAGGAGGATTGCTTGAGTAATGTGGAGACCAGCCTGGGCAACATAGTGAGACCGTATCTCTACAAAACAGTAAAAAATTAGCTGGGAGTGTGATGAGACTGCAGTCCCAGCTACTCAGGAGGCTGAGGTAGAAGAATCCCTTGAGCTCAGGAGGGCAAGGCTGCAGTAAGCCCCGTTCACATCATAGCACTCCAGCCTGTGCAGCAGAGCAAAACCCTGTCTC","GGCCAGGTGTGGTGGCTCATGCCTGTAATCCCAGCACTTTGGGAAGCTGAAGTGGGAGGATTGCTTGAGTCCAAGAGTTTGAGACCAGCCTGGGCAACATAGTGAGACCCCATCTCTACAAAAAATAAAAAGATTAGCTGTGTGTGGTGACATGAGCTTGCAGTCCCAGCTACTCTGGAGGCTGAGGTGGGAGGATCGCTTGAGTCTGGGAGGTCAAGACTGCAGTGAGCCATGATCACACCACTGCACTTTAGGCTGAGCAACAGAGCAAGACCCTTTCTCAAAA"
"chr1","8649514","8649640","KN295667v1","2102306","2102436","16","6547208","CCAGGCACTGTGGCTCATGCCTTGTAATCCCAGCATTTTGAGAGGCCAAGCCAGAAGGACCACTTGAAGCCAGGAGTTCAAGACCAACCTTGGCAACAAAGTGAGATCCCATCTCCAACATAAAATA","GGCCAGGCACTGTGGCTCATGCCTGTAACCCCAGCACTTTGGGACGCCAAGCCAGAAGGACTGCTTGAAGTCAGGAATTCAAGACCAACCTTGGCAACAAAGTGAGATCCCATCTGCACCATAAAATAAAA"
"chr1","8655067","8655392","KN295667v1","2096639","2096962","22","6558428","GGCTGGATACAGCGGCTCATGCCTATAATCCCAGCACTGTGGGATAACAAAGTGGGGAAATCATTTGAGGCAAGGAGGCAATCATTTGAGACCAGCCTGGGAAACACAGCAAGACCCCATCTTTACAAAAGAAAAATAAATTTAAAAATTAGCTATGTGTGGTGGTGCAGACCTGTAGTCCTAGCTACTAGGGAGGCTGAGGTGGGAGGTGGGAGGATTGTTTGAGGCCAAGAGTTCAAGGCTACAATGGGCTGTGATCACCACCACTGCACTCCAGCCTAGGGAACAGAGTGAGACCCTGTCTCTTAAAAATCAAAAAAAGAAAA","GGCTGGGTACAGCTGCTCATGCCTATAATCCCAGCACTGTGGGATAACAAAGTGGGGAAATCATTTGAGGCAAGGAGGCAATCATTTGAGACCAGGCTGGGAAACACAACAAGACCCCATCTTTACAAAAGAAAAATAAATTTAAAAATTAGCTATGCATGGTGGTGCAGACCTGTAGTCCTAGCTACTCCGGAGGCTGACGTGGGAGGTGGGAGGATTGTTTGAGGCCAGGAGTTCAAGGCTATAATGAGCTGTGATCACCACCACTGCACTCTAGCCTAGGGGACAGAGTGAGACCCTCTTAAGAAACAAAAAAAAAGAAAA"
"chr1","8664853","8664987","KN295667v1","2087358","2087487","15","6577495","GCCGGGTGTGGTGGCTCATCCCTAAAATTCTATCTAGCACTTTGGGAGGCTGAGGCAGGAGGATCATCACTACAGGCCAGGAGTTTGAGACCAGCCTGGGCAACATAGCGAGCTCCCATATCTCCACAAAAAATA","GCCGGGCGTGGTGACTCACCCCTAAAATTCCATCTAGCACTTTGCGAGGCTGAGGCAGGAGGATCACTACAGGCTAGGCGTTTGAGACCAGCGTGGGCAACACAGCAAGCTCCCATCTCCACAAAAAATA"
"chr1","8665038","8665338","KN295667v1","2087005","2087305","16","6578033","GGCTGAGCATGGTGGCTCACACCTGTAGCCCAGGATTTTGGGAGGCCATGGTGTGAGGATTGCTTGAGCCCAGGAGTTTGAGACTAGCCTGGGAAACCTAGCAAGATCCCTTCTCTACAGAAATTAAGGAAACTTAGCCAGGTGTGGTGATACATACCTGTAGTCCCAGCTACTCTGGAGGTAAAGGTGGGAGGATTGCTTGAGCCTAGGACGTGGAGGCTGCAGTGAGCCATGATCATGCCTCGGCATCCCAGCCTGGGTGACAGAGGGAGACGCTGACTCAAAAAAACACAACAAAAAA","GGCTGAGCATGATGGCTCACACCTGTAGCCCCAGGATTTTGGGAGGCCATGGTGTGAGGATTGCCTGAGCTCAGGAGTTTAAGACTAGCCTGAGAAACCTAGCAAGATCTCTTCTCTACAAAAATTAAGGAAACTTAGCCAGATGTGGTGATACATACCTGTAGTCCCAGCTACTCTGGAGGTAAAGGTGGGAGGGTTGCTTGAGCCTAGGACGTCGAGGCTGCAGTGAGCCATGATCATGCCTCGGCATCCAAGCCTGGGTGACAAAGGGAAACCCTGACTCAAAAAAACAAACAAAAAA"
"chr1","8680794","8680917","KN295667v1","2071015","2071144","10","6609779","GGGCACAGCGACTAACGCCTATAATCTCAACACTTTGGAAGGCCAAGTCAGGAGGATCGCTTGAACCAACGAGTTTGAGAGGAGCCTGGAGAACATGAGACCCCTATCTCTACAAAAAATTTAA","GCAGGGCACAGCGACTAACGCCTATATAATCTCAACACTTTGGAAGGCCAAGTCAGGAGGATTGCTTGAACCAACAAGTTTGAGAGGAGCCTGGAGAACATGAGACCCTTACCTCTACAAAAAATTTAAA"
"chr1","8681230","8681311","KN296495v1","1251302","1251377","19","7429928","TTAAGCCAGGCATAGTGGCACACACCTGTAGCCTCCCAGCTACTCCAGAAGCTAAGGTGGGAGGATAACTTGAGCATGGGAG","TAGCCAGGTGTGGTGGCAGCACACCTGTAACTCCAGCTACTTGAAAGCTGAGGTGGGAGGATCACTTGAGCCCAAG"
"chr1","8768783","8769094","KN295667v1","1985207","1985520","24","6783576","GGCCGGGAACAGTGGCTCACACCTATAATCCCAACACTTTGGGAGGCCAAAGCAGGAAGACTTCTTGAAGCTAGGCATTCAAGACCAGCCTGGGCAAGAAAGTAAGACCCTGACCCTGTCTCAGCAAAAAATAAAAAATAAAAATTAGCCAGATGTGGTGGCACGCACCTGTAGTCCCAGCTACTCAGGAGGCTGAAATGAGAGGATCTCTTGAGCCCAGAAGGTAGAGGCTGCAGTGAGCTACAATCACGCCACTGCACTGCAGCCTGGGCAACACAGTAAGATCTTGCCTTTAAAAACTAAACAAATAAA","GGCCAGGAACAGTGGCTCACACCTATAATCCCAACAATTTGGGAGGCCGAGGCAGGAAGACTTCTTGAAGCTAGACATTCAAGACCAGCCTGGGCAACAAAGTAAGACCCTGACCCGGTCTCAGCAAAAAACAAAAAAAAATAAAATTAGCCAGATGTGGTGGCACACACCTGTAGTCCCAGCTACTCAGGAAGCTGAGATGAGAGGATCTCTTGAGACCAGAAGCAGAGGCTGCAGTGAGCTACAATCACGCCACTATGCTCCAGCCTGGATCAACACAGTAAGATCTTGCCTCTAAAAACTAAACAAATAAA"
"chr1","8791495","8791617","KN294224v1","1173821","1173946","22","7617674","GGCCAGGCGCAGTCTCATTCCTGTAATCCCAACACTTTGGAAGGCCAAGGTGGGAGGATCGATTGAGGCCAGGAGTTTGAAACCAATCTGGGAAACACAGCAAGACCCCATTTCTATAAAAAA","GGCCAAGGCACCATGACTCATACCTGTTATCCCAGCACTTTGGGAGGCCAAGGTGGGAGGATGGCTTGAGGCCAGGAGTTTGAGACCAGCCTGGGCAACATAGTGAGACCCCATCTCCACAGAAAA"
"chr1","8793068","8793171","KN296495v1","2169005","2169104","26","6624063","AAAATTAGCCAGGCATGGTGACATGCCCCTGTAATCGCAGCTACTCAGGAGGAGGCTTAAACAGGAGGATCGCTTGAGCCCAGGAATTTGAGGATGCAGTAAGC","AAATTAACTGGGCATGGTGGCATGTGCCTGTGGTCCCAGCTACTTGGGAGGCTGAGGCAGGAGGATTGCTGGAACCCAGGGGGTTAAGGCTGCAGTGAGC"
"chr1","8793709","8793784","KN295209v1","550545","550613","14","8243164","CAGTGAGCCATGATCACACCACTGCACTCCAGCATGGGCTACAGAGTGAGACTCTATGTCAAAAAATAAAATAAAA","AAGCCAAGATCACACCACTGCACTCCAGCCTGGGCAGCAAAGTGAGACTCTGTCTCAAAAAAAAAAAAA"
"chr1","8800486","8800781","KN295667v1","1950898","1951183","41","6849588","GCTGGATGTGGTGGCTCACAACTGTAATCCTAGTGCTTTGGGAGGTCGAGGCAGGAGGCTTCCTTGAGACCAGGAGTTTGAGACCAGCCTGGGCAACGTAACAAGACCCCCATCTCTGCAAAAAAAATTAAAAATTAGCCAGGCGTGCTAGCACGTGCCTGTAGTCCAAGCTACTCAGAAGGCTGAGGCGGGAGGATTGTTTGAGCCCAGGAGGTCAAGGCTGCAGTGAGCCAATATCGTGCCATTGCTTTCCAGCCTGGGAGACAGAGTGAGACCCTGTCTCAACAACAACAAAA","GGCTAGATGTGGTGGCTCACAACTGTAATCCTAGTGCTTTGGGAGGTCAAGGCAGGAGGATCACTTGAGACCAGGAGTTTGAGACCAGCCTGGGCAATGTAACAAGTCCCCTGTCTCTGTCAAAAAGATTAAAAATTAACCAGGCGTGGTAGCACGTGCCTATAGTCCTAGCTACTTAGGAGGCTGAGGCGGGAGGATTGTTTGAGCCTACAAGGTCAAGGATGCAATGAGCCAAGATTGTGCCATTGCTCTCCAGCTTGAGAGACAGAGTGAGATCCTGTCACAA"
"chr1","8818510","8818632","KN294218v1","2932440","2932562","18","5886070","GCTGGGTGTGGTGGCTCACTCCTATAATCCCAGCACTTTGAGAGCCAAAGGCAGGAGGATCCCTTGAGGCCAGGAGTTAGAGACCAGCCTGAGCAAAATGGTGAGACTCCGGCTCCACAAAAA","GCTGGGTATGGTGGCCCACACCTGTAATCCCAGCACTTTGGGAGACCAAAGCAGGAGGATCTCTTGAGGCCAGGAGTTTGAGACTAGCCTGGGCAATATCGTGAGACCCCATCTCTACCAAAA"
"chr1","8832636","8832760","KN296311v1","4447158","4447282","16","4385478","GGCTGGGCACAGCGGCTCATGCCTGTAATCCCAGCACTTTGGGAGGCCAAGGTGGACAGATCTCTTGAGGCCAGGAGTTCGAGACCAGCCTGGGCAACACAGGGAGACCTTGTCTCTACAAAAAA","GGCCGGGTGCAGCGGCTCATTCCTGTAATCCCAGCACTTTGGGAGGCCAAGGTAAGAGGATTGCTTGAGGCCAGGAGTTCGAGACCAGCCTAGGCAACATAGCAAGACCCTGACTCTACAAAAAA"
"chr1","8844353","8844670","KN294874v1","147308","147613","60","8697045","GGCTGTGCATGGTGGCTCACGCCTGTAATCCTAGCACCTTGGGAGGCCAAGGCAGGAGGATGGCTTGCACTCAAGCCGGGCTCAAGACCAGCCTGGGCAACATAGTGAGACCTCATCTCTACAAAAAAATTTTGAAAAATTAGCTGGATGTGGTGGCGTGCACCTCTAGTCCCAGCTACTTGGGGGGCTGAGTGAGGGGATCGCTTGAGCCCAGGAGTTTGAGGTTGCAGTGAGCTATGACTGTTCCACTGTACTCCAGCCTGGGTGACAAAGCAAGAACCTGGCTACAAAAAAATAAATAAATAAAAGTAAATAAAA","GGCTGTGCAAGGTGGCTCATGCCTCTAATCTCAGCGCTTTGGGAGGCAAGGTAGGAGGATCGCTTGAGTTCAGGAGTTCAAGATCAGCCTGGGCAACATAGTGAGCCCTCCTCTCTACAAAAAAAAATTTAAAAATTAGCCAGGTGTGATGGCATGTACTTGTAGTCCTGGCTACTTGGAAGGCTGAGGAGGGAGGATCGCTTGAGCCCAGGAGTTAGAGGCTGCAGTGAGCTATGATCGCACCACTGCACTCCAGCCTGGGTGACAGAGCAAGATCTTGTCTCTAAAAAAAATAATAATAATAAA"
"chr1","8849071","8849213","KN295667v1","1894248","1894389","11","6954823","GGCCAGGCACGGTGGCTTATGCCTGTAATCTCTGTACTTTGGGAGGCAGGAGGATTGCGTAAACCCAGGAGTTGGAGACCAGCCTGGGTAATACAGCAAGACCTTGTCTACTAAAAAAAAAGTTTTAAAATTAGCCAGGCATC","GGCCAGGCACGGTGGCTTATGCCTGTAAACCCCGTACTTTGGGAGGCAGGAGGATTGCTTAAGCCCAGGAGTTGGAGACCAGCCTGAGTAATACAGTAAGACCTTGTCTCTAAACAAAAAGTTTTAAAATTATCCAGGCATT"
"chr1","8849525","8849660","KN295667v1","1893806","1893940","14","6955719","GCCAGGCATGGTGGCATGTGCCTGTAGTCACAGCTACTCAAAAGACTGAGGTGGGAGGATCGCTTGAGGCCAGGAGGCGGAAGATGCAGTGAGTCCTGGTCACGCCACTGCACTCAGTCTGGCTGACACAGTAAAA","GCCAGGCATGGTGGCATGTGCCTGTAGTCACAGCTACTCAAAAGACTGAGGTGGGAGGATCCCTTGAGCCCAGGAGGTGGAAGATGCCATGAGTCCTGATAAGCTGCAGCACTCAGTCTGGGTAACACAGTGAAA"
"chr1","8851787","8851896","KN296809v1","298429","298532","28","8553358","AAAAAGTGAAAAATTAGCTGGGCAGGGTGACATGGTCCCTGTAGTCCCAGCTACTCAGGAGGCTGCGGTGGAGAGATCACTTGAGCCCAGGAGTTGTGAGCTGTGATCAC","AAAAGTAAAAAATTAGCTGGGCATGATAGCACACGTCTGTAGTCTCAGCTATTTGGTAGGATGAGGTGGGAGGATGACTTGAGCCCAGGAGGTTGAGGCTGCAG"
"chr1","8858407","8858675","KN295667v1","1883822","1884074","51","6974585","GGCTGGGCATATGGTGGCTCACACCTGGAATCCTAGCGCTTGGAGAGGCTGAAATGGCATCACTTGAGCCCAGGAGTTTGAAATCAGCCTAGGGAACATAGCAAGACTCCATTTCTACTAAAATAAAATAAAATAAGTAGCTGGGGGGGTTGGCATACCCCTGTAGTCCCAGCGACTCAGGAAGCTGAGGTGGGAGGATCATTTGATTCCAGGATTTCACAGCTGCACTTAGCTATGATTGCACCCTGCACTCAAGCCTGGGTGACAGA","GGTGGCTTACGCCTGGAATCCCAGCGCTTAGAGAGACTGAAACGGCATCACTTGAGTTTGAGATCAGCCTAGGGAATATAGCAAGACTCCATTTCTGCAAAAAAATTAAAATAAGTAGCTGGGTGGGTGGGAAACCACTGTAGTCCCAGCGACTCAGGAGGCTGAGGTGGGAGAATCATTTGATCCTGGGATTTCGCAGCTGCAGTTAGCTATGATTGCACCTCGGCACTCAAGCCTGGGTGACAGAGTGAGA"
"chr1","8875658","8875932","KN294365v1","1750091","1750360","74","7125567","GTACTCCCAGCACTTAGGGAGGCTGAGGCAGGAGGATTGCTTGAGCCCAGGAGTTCTAGAACAGCAGGACAGCCTGGGCAACGTGGGGGAGACCCCAGTCTCTGTAAAAACTAAAAAATTGGGCAGATGTGGCACATGCCTGTAGTCCCATCCCAGCTACTTGGGAGACTCGGGTGGGAGTGTCACTTGAGCCCAGGAGGTTAAGATTACAATGAGCTACGATTGTACCAGTGCACTCCAGCCTGGGAGATAAAGACCTGTCTCAAAGGAAGAAA","GTAATCCCAGCATTTTGGGGAGGCTGAAATGGGAGGATTGCTTGAGACTAGGAGCTCAAGACCAGTCTGGGCAACATAGGGGGACCCCATCTTTACAAAAAATAAAAAACTTAGCCAGCACGGTGGCACACACCTGTGGTCCCAGCTACTTGGGAGGCTGAGGTGGGAGGATCACTGCAGCCCAGGCGGTTGAGGCTGCAGTGAGCTATGTTTGCACCACTGCACTCCAGCCTAGGTGACAGGGTGAGATGCTGTCTCAAAAAAAAAAAA"
"chr1","8881811","8882101","KN295667v1","1861973","1862255","39","7019838","GGCTGGGCAGTGGCTCATGCCCATAATCCTGGCACTTTGGGAGTCCAAGCTGGTGAATCGCTTGAACCCAAGAGTTCTAGATCAGCTTGGACAACAAAGTGAGACTTCTCTCTACCAAAAAAAATTAAAATTAGCCAGGCGTGGTGGTACATGCCTGTAGTCCCAGCTACTCAGGAGGCTAAGATGGGAGGATCACTTGAACCCTGGAGGCTGAAACTGCAATGAGCTGTGATCATGCCACTGCACTCCAGCCTCAGTGACAGAGCAAGACCCTGTCTTAAAAAAAAGAAA","GGCTGGGCACAGTGGCTCACGCCCATAATCCCAGCACTTTGGGAGGCCAAGATGGTGAATCGCTTGAACCCAAGGGTTCTAGATCAGCTTGGCCAACAAAGTGAGACTCTCTCCACCAAAAAATTAAAATAAAAAATTAGCCAGGCGTGGTGGTACGTGCCTGTGGTCCCAGCTACTCAGGAGGCTAAGATGGGAGGATCACTTGAACCCTGGAGGCTGAAGCTGCAATGAACTCTGATCATACCACTGCACTTCAGCCTCAGTGACAGAGCAAGAACCTGTC"
"chr1","8892717","8892971","KN296732v1","2862944","2863198","58","6029773","GGCCAGGCACAGTGGCTCACACCTATAATCCCAGCACTTTGGGACGACCAGGAGGGAGGACTGCTTGAGACCAGGAGCTCGAGACCAGTGTAGGCAGCACAGTGAGACCCCTGTCTCTACAAAAAAAATTGGCAGGGCATGGCGGTGTGCCAGCTACTCAGGAGACTGAGGCAGGAGGATCTCTTGAGCCCAGGAGATTGAGGCTGCAGTGAGCTATGATTGTGCCACTGAGACCCTGTCTCAAAGAAAAAAAAA","GGCTGGGCCTGGTGTCTCACACCTATAATCCCAGCACTTTGGGAGGCCAATGCAGGAGGATTGCTTGAGACCAGGAGCTCGAGACCAGCCTGGGCAACATAGTGAGACCCTGTCTCTATAAAAAATGACCCAGGTGTGGGGGCACCAGCTACTTGGGAGGCTGAGGCAGGAGGATCGCTTGAGCCCAGGAGTTTGAGGCTGCAGTGAGCTATGATTGAGTCACTGTGCTACAGTTTGGGTGACAGAGTGAGACCC"
"chr1","8898240","8898487","KN296883v1","1050971","1051221","56","7847269","CACTTTGTAAGGCCGAAGTAGACAGATTGCTTGAGCCCAGGAGTTGAAGACTAGGCTGGACAACATGGCAAAACTCCGTCTCTACCAAAAAAAATATAAAAATTAGCCATGTATAGTGGCACGTGCCTGTAGTCCCAGCTCCTCAGAAGGCTAAGGTGAGAGGATTGCTTGAGCCCAGGAGGTGGAGGTTGCAGTGAGCCAAGATCACACCACTGCACTCCAGCCTGGGCAACAGAGCAAGACCCTGT","CCTAACACTTTGGAAGGCCAACGTGGTCAGATAGCTTCAGCCCAGGAGATTTAAACCAGCCTGGGCAATGTAGGGAGACCCCGTCTCTACCAAAAGTTTTAAAATCAGCCAGGTATGGTGGCACATGCCTGTAGTCCCAGCTACCTGGAAGTCTGAGGTGGGAGGATTGCTTGAGCCCAGGAATTTGAGGTGGCAGTGAACTGATTATACCACTGCACTCCAGCCTGGGCGACAAAGCAAGACCCTGTCTC"
"chr1","8911494","8911813","KN295667v1","1828862","1829181","21","7082632","GGCTGGGAGCAGTGGCTCACTACTGTAATCTCAACACTTTGGGAGGCTGAGGCAGGAGGATTGCTTGAGGTCAGGAGTTCAAGACTAGCCTGGGCAATATAGCAAGACTCTGTCTCTACCAAAGCCAGAAAAAAAAAAATCTAAAATAAAGTATTCTTAGGGACACCTCTCAAGAATTGTAACTAAGAGGTGGGCAAGGTGGTGCCTGCCTGTTGTTTCAGCTACTGAGTTTCAGGCTGCAGCGTGCTAGGATCGCACTTGTGAATAGCCACAGCTCTCCAGTCTTGGCAACATAGCAAGACCCTGTCTTTAAAAAAAAA","GGCTGGGAGCAGTGGCTCACCACTGTAATCTCAACACTTTGGGAGGCTGAGGCAGGAGGATTGCTTGAGGTCAGGAGTTCGAGACTAACCTGGGCAATATAGCAAGACTCTGTCTCTATCAAAGCAAAAAAGAAAAAAAATCTAAAATAAAGTATTCTTAGGGACGCCTCTCAGGAATTGTAACTAAGAGATGGGGCAAGGTGGTACATGCCTGTAGTTTCAGCTACTGAGTTTCAGGCTGCAGCGTGCTGGGATCGCACTTGTGAATAGCCACTGCTCTTCAGTCTCGGCAACATAGCAAGACCCTGTCATTAAAAAAA"
"chr1","8921773","8921940","KN295667v1","1818482","1818652","17","7103291","TTAACCAGACGTGGTGGCATACACCTGTGGTCCCAGCTACTGGGGAGGCTGAGATAGGAGGATACTTGAGCCCAGGAGGTAGAGGCTACAGTGAACTGTGATCGCGCCACTGCAGTCTAGCCTGGACAACAGAACCAGATCCTGTCTCGAAAAAAGAAAAACGAAAAA","TTCGCCAGATGTGGTGGCATACACCTGTGGTCCCAGCTATTGGGGAGGCTGAGATAGGAGGATCACCTGAGCCCAGGAGGTAGAGGCTACAGTGAACTGTGATTGCACCACTTCAGTCTAGCCTGGGCAACAGAACCAGACCCTGTCTCAAAAAAATAACAACAAAAACAA"
"chr1","8922223","8922367","KN295667v1","1818033","1818188","19","7104190","CTGGGCACGGTGGTTTATACTTGTAATCCCAGCACTTTGGGAGGCTGAGGCGGGAGGATCACTTGAGGCTAGGAGTTTGAGACCAGCCTGGGCAACAAAGTGAGACTCCATCTACTATAAAAAAATGTAAAAATTAGCCAGGCAT","CTGGGCACGGTGGCTTATGCTTGTAATCCCAGCACTTTGGGAGACTGAGGCAGGAGGATCCCTTGAGGCTGGGAGTTTGAGACCAGCCTGGGCAACAAAGTGAGACTCCATCTCTACAAAAAAAAAAATGTAAAAAATTAGCCAGGCATGCGAGAT"
"chr1","8926757","8926875","KN294457v1","1153863","1153984","27","7772894","GGGCATGGTAGCTCTCACCTGTACCCAGCACTTTGGGAGGCCAAGGTAGATCACTTAAGGCCAGGAGCTCAAGATCAGCCTGGACAACACAGCAAGACCACATCTCTACCCCCAAAAAA","GCATGGTAGCTCTTGCCTGTAATCCCAGCACTTTGGGAGGCCAAGACAGGAGGATTGCTTGAGACCAGGAGTTCAAGACCAGCCTGGGCAACGTAGCAAGACTACTTCTCTATACAAAAATA"
"chr1","8949753","8950027","KN295667v1","1787172","1787451","26","7162581","GGCCGGGTGCACTGGCTCACACCTGTAATTCCACCACTTTGGGAGGCCAAGGCAGGGGAATTGCTTGAGCCCAGGAGTTGTAGATCAGCCTGGGCAATGTAGCGAGATCTTGTGTCTGCAAAAAAAAAAAAAAAAAATTAGCCAGGAGTGGTGGTACACGCCTATAGTTCCATCTTCTGAGGAGGCTGAGGTGGGAGGATCACTTGAGGCCAGGAGGCTGAGGCTGCAGTAAGTCCTGATCATGCCGCTGCACTCCGGTCTGAGTAACAAAACAA","GGCTGGGTGCACTGGCTCACACCTGTAATTCCAGCACTTTGGGAAGCCAAAGCAGGGGAATTGCTTGAGCCCAAGAGTTCTAGATCATCCTGGGCAACGTAGCGAGATCCTGTGACTACAAAAAAAAAAAAAAAAAAAAAAATTAGCCAGGAGTGGTGGCGCACGCTTATAGTTCCAGCTTCTGAGGAGGCTGAGGTGGGAGGATGGCTTGAGGCCGGGAGGTTGAGGCTGCAGTGAGTCCTGATCATGCCGCTGCACTCCAGTCTGAGTAACAAAACAA"
"chr1","8958788","8958911","KN295236v1","1631207","1631327","16","7327581","GGCCGGGCACAGTGGCTCACACTTGTAATCTCAACACTCTGGGAGGCCAAGGCGGGAGGATTGCTTGGGGCCAAGAGTTCAAGACCAGCCTGGGCAACACAGGGAGGCCCCGTCTCTACAATAA","GGCTGGGCACAGTGGCTCACACCTGTAATCTCAGCACTTTGGGAGGCTGAGGCGGGAGGATTGCTTGAGGCCAGGAGTTCAGACCAGCCTGGGCAACACAGAGAGACCTCATCTCTATAAA"
"chr1","8963231","8963529","KN295667v1","1773895","1774199","36","7189336","GGCCGAACGAGGTGGCTTGTGCCTATAATCCCAGCACTTTGGGAGGCTGAGGGGGAGGATTGCTTGTGGCCAGGAGTTTGAGACCAGTCTGAGCAACATAGTAAGAGTCCATCTCTACAAAAAATACAAAAAAAATTAGCTGGGTGTGGTGGTGTGTGCCTGCAGTCTCTGCTACTGGGGAGGCTGAGGTGGGAGGATCACTTGAGCCTGGATGGTTGAGGCTGCAGTGAGCCGTGATTGTGCCACTGAGCTCCAGTCTGGGCAACAGACTGAGACCTTGTCTCAAAAAAGAAAAAAAA","GGCCAAATGAGGTGGCTCATGCCTACAATCCCAGCACTTTGGGAGGCTGAATGGGGAGGATTTCTTGAGGCCAGGGGTTTAAGACCAGGCTGAGCAACATAGTAAGATTTCATCTCTACAAAAAATACAAAAAAATTAGCTGGCTGTGGTGGTGTGTGCCTGCAGTCTCCACTACCGGGGAGGCAGAGGTGGGAGGATCACTTGAGCCTGGACCGCTGAGGCTGCAGTGAGCTATGATTGTGCCACTAAGCACCAGCCTGGGTAACAGAGTGAGACCTTGTCTCAAAAAAGAAAAAAAAAAAAAA"
"chr1","8978337","8978632","KN295667v1","1758687","1758986","24","7219650","GGCTGGGCATGGTGGCTCATGCTCGTAATCCCAGCACTTTGGGAGGCCGAGGCAGTAGGACTGCTTGAGCCCAGGAGTTTGAGACCAGCCTGGGCAACATAGCAAGACCCTGTCTCTACAAAAAATAAACAATTAGCTGGGCATGGTGCTGCACACCTGTGGTCCCAGCTACTCCGGAGGCTGGGGTGGGAGGATTGCTTGAGCCCTGGAGGCAGAGGTTGCAGTGAGCTGAGATTGCACCACTGCACTCCAGCCTGGGCGACAGAGCAAGACCCTGCCACAAACAAACAAACAAA","GGCCGGGCACGGTGGCTCACATTCATAATCCCAGTACTTTGGGAGGCCGAGGCAGTAGGACTGCTTGAGCCCAGGAGTTTAAGACCAGCCGCGGCAACACAGCAAGACCCTGTCTCTACAAAAAATAAACAATTAGCTGGGCATGGTGCTGCACACCTGTGGTCCCAGCTACTCCGGAGGCTGGGGTGGGAGGATCACTTGAGCACTGGAGGCGGAGGTTGCAGTGAGCCGAGACTGTACCACTGCACTCCAGCCTGGGTGACAGAGCGAGACCCTGCCACAAACAGACAAACAAACAAA"
"chr1","8982760","8983029","KN295596v1","563126","563403","58","8419634","GCTGGGTGTGGTGGCTCATGCCTGTAATCCCAGCACTTTAGGAGGCTGAGGCAGGAGGATCTGTTGAGGCCAGTAGTTTAAGACCAGCCTGGGCAACATAGTGAGACCCTGTCTCTACAAAAAATGGTAGTGTGTGCCTGTAATCCCAGCTACTCAGGAGGCTGAGGCAGGAGGATGGCTTGAGCATAGGAGTTGGAGGCTGCAGTGAGTCATGACTGTACCACTCCACTCCAGCCTGGGTGGCAGAGTGAGACCCAGTCTCCAAAACAA","GGCTGGGCATGGTGGTGCATGCCTGTACTCCAGCACTTTGGGAGGCCAAGGTGGGCAGATTGCTCGAGCCCAGGAGTTCAAGACCAGCCTGGGCAACGTGGTGAAACCCTGTCTCTACAAAAAATACACGTGTGGTGGCATGTGCCCGTAGTCCCAGCTACTCAGGAGGCTCAGGTGGGAGGATCACTTGAGCCCAGGAGCTTAAAGCTGCAGTGAGCTGTGACTACACCACTGTACTCCAGCCTGGGTGACAGAGTGAGACTCTTTCTCTAAAAAAA"
"chr1","8995675","8995947","KN295667v1","1739378","1739663","31","7256297","GGTTGGGTGCTGTGGCTCACACCTATAATCCCAGCACTTTCGAAGTTTGAGACCAGCCTGGGCAATATAGCAAGACCCCATCCCTAAAATAAATAAATAAATAAATAGCCATGTGTGGTGGCCCATGCCTGTGGTCCCAGCGACTTGGGAGGCTGAGGTGGGAGGATCACTTAAGCCTGGGAGGTCAAGGCTGCTATGAGCTGTGGTTGCACCACTGCATTCCAGCCTGGGTGACAGAGCAAGGCCCTGTCTAAAAAAAAAAAAAAAAAAGAA","GGTCGGGTGCTGTGGCTCATACCCATAATCCCAGTGCTTTGGAAGTTTGAGACCAGCCTGGGCAATATAGCAAGACCCCATCCCTAAAAAAAAAAAATTAAAACAATAGCCATGTGTGGTGGCCCATGCCTGTGGCCCCAGTGACTTGGGAGGCTGAGGTGAGAGGATCACTTAAGCCTGGGAGGTCGAGGCTGCTGTGAGCTGTGTTTGCACCACTGCATTCCAGCCTGGGTGACAGAGCAAGGCCCTATCTTAAAAAAAAAACGAAAACAAAAAACAAAAAAAA"
"chr1","9007285","9007588","KN295667v1","1726521","1726838","40","7280764","GCTGGGTGCAGTGGCTCATGCCCAGCATTTTGGGAGGACAAGGCAGGAGGATCATTTGAGCCCAAGAGTTCACGACCAGCCTGGGCAACATAGCAAGACTCTGTCTCTACTAAAAATTTAAAAAAAAAAAAATGAGCCAGGTGCAGTAATGCACGCATGTAGTTCCAGCCACTCAGGAAGCTGTGGTGGGAGGATCACATGAGCCTGGGAGATTGAGGTTGCAGTGGGCTATGATCGCACCATTGCACTTCAGCTTGGCTGATAGAGCTAGACTCTGTCTACAAAAAAAAAAAAAAAAAAGAAA","CTGGGTGCAGTGGCTCATGCCCAGCATTTTGAGTGGCCAAGGCAGGAGGATCATTTGAGCCCAAGAGTTCACAACCAGCCTGGGCAACATAGCAAGACCCTGTCTCTACTAAAAATTAAAAAAAAAAAAAAAAAAAGAAAACCCAGCCAGGTGCGGTAATGCATGCTTGTAGTTCTAGCCACTCAGGAGGCTGTGGTGAGAGGATCGCATGAGCCTGGGAGATTGAGGCTGCAGTGGGCTGTGATCGCAGCACTGCACTCTTGCTTGGCTGATAGAGCTAGACCCTGTCTAAAAAAAAAAAAAAAAAAAAAAAAAGAA"
"chr1","9025080","9025382","KN295667v1","1710358","1710659","25","7314722","GGCTGGGTGTGCTGGCTCATGCCTGGAATCTCGGCACTTAGGGAGGTTGAGGTGGGAGGATTACTTAAGGCCATGAGTTCGAGACCAGCCCGGGCAACACAGTGAGAAACCCCCGCCCCCCACCATGTCTACAAAAAGTAAAAATAAAAATAATTAACTGAATGTGGTGATACACACCTGTAGTCCCAGCAACACGGGTGTCTGAGGCAGGAGGATCGCTTGTGCCTAGAAGTCATGATCACACCAGTGCACTTCAGCCTGGGCAACAGAGCAAGACCTTGTCTCTAATAAATAAATAAATAA","GGCTGGGTGTGCTGGCTTATGCCCAAATCTCGGTACTTAAGGAGGTTGAGGTGGGAGGATTGCTTGAGGCCACGAGTTGGAGACCAGCCTGGGCAACATAGTGAGACACTCTTGCCCCCCACCATCTCCACAAAAAGTAAAAATAAAAATAATTAACTGGATGTGGTGGTGCATACCTGTAGTCCCAGCAACACGGGTGTCTGAGGCAGGAGGATCGCTTGTGCCTAGAAGTCATGGTCATACCAGTGTACTTCAGCCTGGGCAACAGAGCAAGACCTTGTCTCTAATAAATAAATAAATAA"
"chr1","9034120","9034247","KN295566v1","220119","220242","27","8814001","GCTGGGTGTGATGGCTCGTGCCTGTAATTTCAGCACTTGGGGAGGCTAAGTGGGGAGGATAAATTACTTGGGGTCAGGAGTTTGAGACCAGCCTGGGCAACATAGTGGAACCATTTCCACTAAAAATA","GCTGGGTGTGGTGGTGCATGCCTGTAATCCCAGCACTTTGGGATGCTGAGGTGGGAGGATCGCTTGAGGCCAGGAGTTTGAGACCAGCCTGGGCAACATAGTGAGACCGTGTCTCTACAAAAAA"
"chr1","9041663","9041796","KN295667v1","1694346","1694478","5","7347317","GGCTGGGTGCAGTGCTCATGCCTGTAATCTCAGCACTTTTGGACACTGAGGTAGGAGGATCACTTGTGTACAGAAGTTCCAGACCAGCCTGGGCAACATAGTGAGACGCCATCTCTAGAAAACAATAATAAATT","GGCTGGGTGCACTGCTCATGCCCGTAATCTCAGCACTTTTGGACACTGAGGTAGGAGGATTACTTGTGTACAGGAGTTCCAGACCAGCCTGGGCAACATAGTGAGACGCCATCTCTAGAAAAAATAATAAATT"
"chr1","9042112","9042293","KN295667v1","1693832","1694011","9","7348280","TTAGCTGGGCACTACTGGTGGTGCACTCCTGTAGTCCCAGCTACTGGAGAGGCTGAGGCGGGAGTATTGCTTGAGCTAGGAAGTTTGAGGCTGCAGCAAGATGTGATTGTGTCACTGCACTCAGCCTGGGTGACAGAGTGACACCCTGTCTCAAAAACAAAAAACAAAAAAAGGAAAGAAAA","TTAGCTGGGCACTACTGGTGGTGCGCTCCTGTAGTCCCAGCTACTGGAGAGGCTGAGGTGGGAGTACTGCTTGAGCTAGGAAGTTTGATGCTGCAGCAAGCTGTGATTGTGTCACTGCACTCAGCCTGGGTGACAGAGTGACACCCTGTCTCAAAAAACAAAAAACAAAAAAAAAAAAAA"
"chr1","9044527","9044761","KN294187v1","1544293","1544543","65","7500234","GGCAGGACATGGTGGCTCATGCCAGTAATCTCAGCACTTTCAGAGGCCAAGGTGGGAGGATGGCTTGAGGCCAGGAGTTCAAGACCAGACTGAGCAACATAGCAAGACCCCATCCCTGTAGTCTCAGCTACTAGAGAAGAGGATCATGTGAGCACAGGAGGTGGAGTCTGCAGTGAGCCATAATCGCACCACTGCACTCCAACCTGGGCGACAGAGTAAGACCATATTTCAAAAA","GGCCGGGCACGGTGGCTCATGCTTGTAATCCCAGCACTTTGGGAGGCCAAGGTGGGAGGATCACTTGAGGCCAGGAGTTCGAGACCAGTCTGGGCAACATAGTGAGACCTCATCTCTTTACAAAAAATAAAAAAATGAGGCAGGAGGATCACTTGAGCCCAGGAGGTCGAGGCTGCAGTGAGCTGTGATCTCGTCACCGCACTACAGCTTGGGTGACAGAGTGAGACCCTGTCTCAAAAACAAACACAAAA"
"chr1","9050383","9050700","KN295667v1","1684557","1684863","25","7365826","GGCCGGGCACAGTGGCTCATGCCTACAATCCCAGGCACTTTGGGAGGCTGAGGCAGGAGGATCGCTTGAGCCCAGGAGTTTGAGACCAGTCTTGGACCTAATATAATCGAGACCCCTGTCTCTATAAAAATATATTTTTTAATTAGTCCAGGGCATGATGGCATGCACCTGTAGTCCCAGCTACGTCGGGGAAGCTGGAGGTGGGAGGATCACTTGAGCCCAGGAGGTTGAGGTCGCAGTGAGCTATAATAGCACCACAGCACTCCAGCCAGGGCAAGAAAGCAAGACTCTGTCTCAGAAAAAAAAAAAAAAAAAAGA","GGCTGGGCACAGTGGCTCATGCCTACAATCCCAGCACTTTGGGAGGCCGAGGCAGCAGGATCGCTTGAGCTCAGGAGTTTGAGACCAGCTTGGACAATATAATGAGACCTCTGTCTCTATAAAAAAATTTTTTTAATTAGCCAGGCGTGATGGCATGCACCTGTAGTCCCAGCTACTCGGGAGGCTGAGGTGGGAGGATCACTTGAGCCCAGGAGGCTGAGGTCGCAGTGAGCTATAATAGCATCACAGCACTCCAGCCAGGGCAAGAAAGCAAGACCCTGTCTCAAAAAAAAAAAAAGAAAAAGAA"
"chr1","9051826","9052131","KN295667v1","1681621","1681928","41","7370205","CTGAGTGTGATGGCAAACGCTTAAATCCCAGCACTTCGAGAAGCTAAGTAAGGTAGGAGGATCACTTGAGCCCTGGAGTTTGAGACCAGATTGGGCAACATAGGGAAATCCTGTCTCTCCCCCCAAAAATTTAAAAATTAGCTGGGTGTGGTGGCACACGCCTGTGGTCCCAGCTACTCACGAGGCTGAGGTGGGAGGATCGCTTGAGCCCAGGAATTCAAGGTTGCAGTGAGCTATGGTTGCACCACTGCACTCCAGCCTGGGCCACAAAATGAGACCCTGTCTCACAAAAAAAAAAAAAAAAAA","CTGGGTGTGATGGCAAATGCTTGTAATCCCAGCACTTTGAGAAGCTAAGGTAGGAGGATCGCTTGAGCCTGGGAGTTTGAGACCAGATTGGGCAACATAAGGAGACCTGTCTCTACCAGAAACAAAATTAAAAATTAGCTGGGTGTGGTGGTGAATATGCCTGTGGTCCCAGCTACTCAGGAGGCGGAGGTGAGAGGATCGCTCGAGCCCAGGAATTCAAGGCTGCAGTGAGCTATGGTCGTACCACTGCACTCCAGCCTGGGCAACAAAGCGAGACCCTATCTCAAAAAAAAAAAAAAAAAAAAAAA"
"chr1","9053803","9053872","KN296386v1","599745","599808","18","8454058","GTATACAGGCTGGGCATGGCAGCTCACACCTGTAATACCAGCACTTTGAGAGGCTGAGGCAGGAGGATTG","GGCAAGGCCTGGGGGCTCATGACTGTAATCCCAGCACTTTGAGAGACTGAGTCAGGAGGATTGC"
"chr1","9054176","9054317","KN295667v1","1679463","1679593","18","7374713","GGCACTGTGGCTCACACTTATAAAACCAACACTTTGGGAGGCTGAGGCGAGAGGATTGCTTGAGACCAGGAGTTCAAGACTAGCTTGGGCAACATAGCAAGACCCTGTCTCTATAAAAAATGTAAATAATAGCTTGATGTGT","GGCGCTGTGGCTCACACTTACAAAACCAGCACTTTAGGAGGCTGAGGTGAGAGGATTGCTTGAGACCAGGAGTTCAAGATTAGCTTGGGCAACATAGCGAGACCCTGTCTCTATAAAAAATGTAAATAATA"
"chr1","9056894","9057204","KN295667v1","1676600","1676911","26","7380294","GGCTGAGTGCAGTGGCTCAGGCCTACAATCCAAGGGCTTTGGGAGGCTGAGGCAGAAGGCACACTTGAGCCCAGTAGCCCAAGACCAGCCTGGGTATAGTGAGACCCCGTCTCTTCAAAATATTTAAAAATTAGCCAAGCGTGGTGCTACATGCCTGTAGTCCCAGCTACTCGGGAGGCTGAGGTGGGAGGATTGCTGGAGCCCCGGACTTCAAGGCCGCAGTGAGCTATGATCCCACCATTGCACTCTGGCCTGGCCAACAGAGTAAGACCCTGTCTCAAAATTAAAAAAAAAAAAAAAAGGAAAAAGAA","GGCTGAGTGCAGTGGCTCAGACCTACAATCCAAGCACTTTGGGAGGCCGAGGCAGAAGGCACACTTGAGCCCAGGAGCCCAAAACCAGCCTGGGTATAATGAGACACTATCTCTTCAAAGTATTTAAAAATTAGCCATGCGTGGTGCTACATGCCTGCAGTCCCAGCTACTCTGGAGGCTGAGGTGGGAGGATTGCTGGAGTCCAGGACTTCAAGGCTGCAGTGAGCTATGATCCCACCATTGCACTCTGGCCTGACCAACAGAGTACCACCCTGTCTCAAAATTTAAAAAAATAAAAAAATAAAAATAAAA"
"chr1","9106242","9106533","KN295667v1","1626171","1626451","24","7480071","GACCGGGCATGGCGGCTCTTGTCTGTAATCCCAGCACTTTGAGAGGCCAGGGCGAGAAGATAACTTGAAGCCAGGAGTTCAAGACCAGCCTGGGCAATAAAGCAAGACTTTGTCTCTACAAAAAGCAAAAAATAAGCCGGGCATGGTAGCATGTGTCTGTAGTACCCCCTACTCTGGAGGTTGAGGTGAGAGGATTACTTGAGTCCGAGATTTGGAGGCTGCAGTGAGCCATGACTATGCCACTGCACTCCAGTCTGAGCAACAGAGCAAGACCCTGTCTCTAAAATAACAA","GACCGGGCATGGCGGCTCATGTGTATAATCCCAGCACTTTGAAAGGCCAGGGTGAGAAGATCACTTGAAGCCAGGAGTTCAAGACCAGCCTGGGCAATAAAGCAAGACTTTGTCTCTACAAAAAGCAAAAAATAAGCCAGGCATGGTGGCATGTGTCTGTAGTACCCCCTACTCTGGAGGTTGAGGTGAGAGGATTACTTGAGCCCGAGATTTGGAGGCTGCAGTGAGCCATGACTGTGCCACTGCACTCCAGTCTGGGCAACAGAGTAAGACCTTGTCTC"
"chr1","9122223","9122348","KN295667v1","1610159","1610284","4","7512064","GGCCGGGCGCAGTGGCCTGTAATCCCAGCTCTTTGGGAGGCTAAGATGGGAGAAACACTTGAGAGGCCAGGAGTTTAAGACCAGCCTAGACGACTTAGTGAGACTCCATCTCATACAAAAATAAAA","GGCCAGGTGCAGTGGCCTGTAATCCCAGCTCTTTGGGAGGCTAAGATGGGAGAATCACTTGAGAGGCCAGGAGTTTAAGACCAGCCTAGACGACTTAGTGAGACTCCAACTCATACAAAAATAAAA"
"chr1","9135334","9135644","KN295667v1","1599370","1599679","22","7535964","GCCAGGTGTGGTGGCTCACACCTGTAATCTCAGCACTTTGGGAGGCTGAGGTGGGAGGACTGCTTGAGTCGAGGAGTTAGAGACCAGCCTGGGCAACATAATGAGACCCCTTGTCTTTAGAAAAAATGTAAACATTTGCCAAGTGTGATGGTGTACACCTGTAGTCCCAGCTACTTAGGAGGCTGAGGTGGGAGGCTCGCCTAAGCCCAAGAGGTCAAGGTTGCAGTGAGCCATGATCGCACACTGCACTTCAGCCTGGGCAACAGAGCAAGACCCTGTCTCGGGAAAAAAAAAAAAAAAGGAAAAGAAAA","GCCAGGTGTGGTGGCTCCCACCTGTAATCTCAGCACTTTGGGAAGTTGAGGCAAGAGGATTGCTTGAGTCCAGGAGTTCGAGACCAGCCTGGGCAACATAATGAGCTCCCCCTGGTCTTTAGAAAAAATGTAAACATTTGCCAAGTGTGACGGTGCACACCTGTAGTCCCAGCTACTTAGGAGGCTGAGGTGGGAGGCTCGCCTGAGCCCAAGAGGTCAAGGCTGCAGTGAGCCATGATCGCACACTGCACTTCAGCCTGGGCAGCAGAGCAAGACCCTGTCTCAGGAAAAAAAAAAAAGGAAAAGAAAA"
"chr1","9141518","9141761","KN295667v1","1593307","1593552","17","7548211","GGAGGCCGAGGTGGGAGGATCGCTTCAGGCCAGGAGTTCAAGACCAGCCCAGGCAACTAGCAAGACTCCATCTCTACAAAAAAATTTTAAAATTAGCCAGGCATGGTGATATGCGTGCCTGTAGTCCTAGCTACTGGAGAGGCCAGGGCAGGAGGATCGCTTGAGCCCAGGAGTTGAGGCTGCAGGGAGCTGTGATTGCACCAGTCTGGGTGACAGGGTGAGACCCCGTCTTCAAAAATAAAAA","GGAGGCTGAGGTGGGAGGATCACTTCAGGCCGGAAGTTCAAGACCAGCCCAGGCAACACAGCAAGACTCCATCACTACAAAAAAAATTTAAAAATTAGCCAGGGAAGGTGGTATGCGTGCCTGTAGTCCTAGCTACTGGAGAGGCCAGGGCAGGAGGATTGCTTGAGCCCAGGAGTTGAGGCTGCAGGGAGCCATGATTGCACCAGTCTGGGTGACAGGGTGAGACCCCGTCTCTAAAAATAAAAA"
"chr1","9141766","9141904","KN295667v1","1593165","1593302","8","7548601","GTGATGGCTCACACCTGTAATCCCAGCAATTTTAGAGGCCAAGACAGGAGGATCACTTGAGGCGAGAAGTTCAAAACCAGCCTGGTCAACATAGCCAGACCCCCACCTTCAGCAACTGTCTCTACAAAATGAAAATAAA","GTGGTGGCTCACACCTGTAATCCCAGCAACTTTGGAGGCCAAGGCGGGAGGATCACTTGAGGCCAGAAGTTCAAAACCAGCCTGGTCAACACAGCCAGACCCCACCTTCAGCAACTGTCTCTACAAAATGAAAATAAA"
"chr1","9146828","9147100","KN295667v1","1587358","1587625","25","7559470","GGCCTGGTGTGGTGGCTCACGCATATAATCTCCAACACTTTGAGGGGCTGAGGAGGGAGGACTGCTTGAGGACACGAGTTCAAGACCTGTCTGGGCAACATTGCAAGGTGCTATCTCTACAAAAAATTAAAAAGTGAGCTGGGCATGGTGGTGCACGCCTGTGAGGCAGGAGGATCACCTGAGCCTGGGAGGCGGAGGCTGCAGTGAGCCGTGATCACACCACTGCACTCCAGCCTGGGTGATACAGCGAGACCTTGTCTCTAAAAAAATAAA","GGCCTGGGGTGATGGCTAACGCATATAATCCCCAACACTTTGGGGGGCTGAGGAGGGAGGATCGCTTGAGGACAGGAGTTCAAGACCAGTCTGGGCAACATTGCAAGGTGCTATCTCTACAAAAAATTAAAAAGTGAGTAGTGGTGCACGCCTGTGAGGCAGGAGGATCACCTGAGCCTGGGAGGTGGAGGCTGCAGTGAGTCGTGATCGTACCACTGCACTCCAGCCTGGGTGAGACAGAGTGAGATCTTGTCTCTAAAAAAATAAA"
"chr1","9157199","9157493","KN295667v1","1578620","1578914","18","7578579","GACCAGGCACGGTGGCTCACACCTGTAATCCTAATGCTTTGGGAAGCTGAGGTGGGAGGATCTCTTGAGCCCAGGAGTTTGAGACCAGCTTGGGCAACACAGGGAGAGGCCATCTCTAAAAATATATTTTAAAATCATCCAGGTGTGCACCTGTAGTCCCAGTTACTCAAGAGGCTGAGGAGCGAGAATCGCTTGAACCCAGGAGTTTGAGGCTGCAGTAGGCTATGATCACACCACTGTACTCTAGCCTGAGCAACAGAGCAAGACCCTGTCTCTAAAAATAAAATAAAATAAA","GACCTGGCGCAGTGGCTCACATCTGTAATCCTAACGCTTTGGGAAGCTGAGGTGGGAGGATCTCTTGAGCCCAGGAGTTTGAGACCAGCTTGGGCAACATAGGGAGAGGCCATCTTTAAAAAAATATTTAAAAATCATCCAGGTGTGCACCTGTAGTCCCAGTTACTCAAGAGACTGAGGAGGGAGGATCGCTTGAACCCAGAAGTTCGAGGCTGCAGTAGGCTATAATCATACCACTGTACTCCAGCCTGAGCCACAGAGCAAGACCCTGTCTCTAAAAATAAAATAAAATAAA"
"chr1","9175588","9175800","KN295667v1","1560566","1560791","34","7615022","GAGCTTGAGACCAGCCAGGGCACCATAGTGAGACCCCATCTCTACAAAAAATTTTAAAATTAGCCGGACATGGTGGTGCACACTTGTAGTCCCAGCTACTCAGGAGGCTGAGGCAGGAGGATCACTTGAGGCAGGAGTCTGAGGCTGCAATGAGCCAAGATCACACCAGTGCACTTCAGCCTGGACAACAGAGGGAGACCCTGTCTCTAAAAA","GAGCTTAAGATCAGCCGGGGCAACATAGTGAGACCCCATCTCTACGAAAAATTGTAAAAGTAGCCGGACATGGTGCTGCAATAGTCCCAGCTACTCAGGAGGCTGAGGCAGGAGGATCGCTTAAGGCAGGAGGATCCCTTGAGGCAGGAGTCTGAGGCTGCAATGAGTCAAGATCATACCAGTGCACTTCAGCCTGGACAACAGAGGGAGATCCTGTCTCTAAAAA"
"chr1","9179321","9179618","KN295090v1","427709","427974","78","8751612","GCCAGGTGTGATGGCTCACACCTGTAATCCCAGCACTTTGGGAGGCTGAGGTGAGCAGATCACTTAAGTCCAGGAGTTTGAGACCAGCCTGGGAAACATAGCGAAATCCTATCTCTAAAAAAATTTGCTGGTCATGGTGGCATGCAATTAACTACTCAGGAGGCTGAGATGGGAGGATCGCTTAAGCTCTGGAAGAGGAGGTTGCAGATAGCTTGAGCTCTGGAGGCAGAGCTGAGTTTGCACTACTGCACTCCAGCCTGGGCAACAGAGTGAGACCCTGTGTCAAAACAGAGAACAA","GGCCAGATGCAGTGGCTCACACCTGTAATCCCAGCACTTTGGGAAGCTGAGGCAGGAGAATCACTTGAGCTCAGGAGTTGGAGACCAGCCTGGGCAACATAGCAAGATCCCATCTCTACAAAAAAATTAGCAGTGCATGTAGTTCTACCCACTCAGGAGGCTGAGGTGGGAATATTGCTTGAGCCCGGGAGGTCAAGGCTGCAGTGAGCTATGATTGCACCACTGCACTCCAGCCTGGGTGACAGAGACTGTCTCAAAAAAAAAAA"
"chr1","9183468","9183595","KN295667v1","1551854","1551981","4","7631614","GGCTGGACATGGTGGCTTATGTCTGTAATCCCAGCACTTTGGGAGGCTGGAGTGGGAAGATTGCTTGAGGCCAGAAGTTGGAGACCAGCCTGGACAACATAGCGAGACCCCATTTAAATAAAATAATA","GGCTGGGCATGGTGGCTTATGTCTGTAATCCCAGCACTTTGGGAGGCTGGAGTGGGAAGATTGCTTGAGGCCAGAAGTTCGAGACCAGCCTAGACAACATAGTGAGACCCCATTTAAATAAAATAATA"
"chr1","9199197","9199335","KN295667v1","1536378","1536523","20","7662819","GGCCAGGCATGGTGGCTCACGCCAGTAATTCCAACACTTTGGAAGGCTGAGCTGGGAGGGTTGCTTGAGCTCAGGAGTTCAAAACCAGCCTGGGCAACATAGTGAGACTCTGTCTCTAATTAAAAAAAAAAATTAAAAT","GGCCCGGCGCGGCGGCTCATGCCAGTAATCCCAGCACTTTGGATGGCTGAGCTGGGAGGGTTGCTTGAGCTCAGGAGTTCAAAACCAGCCTGGGCAACATAGTGAGACTCCGTCTCTATAAAAAACAAAATAAAATAAATTTAAAA"
"chr1","9199639","9199836","KN295667v1","1535882","1536063","34","7663757","TACAACTGGCGATGGTGGTGTGTGCCTACTAGTCCCACGCTACTCGGAGCCTCGAGGTGGGAGGAATTAGCGTTCGTAGGCCCGGGGACGGGTGGAGGAACTGCAGTGAGTCATGACTGTGCCACTACACTCCACGCCTCGGGTGGATAGAGCAAGAAGACCTGTCTCCAAACAAAAAAAAAAAAAAGAAAAGAAAAA","TCATCCGGGCATGGTGGTGTGTGCCTATGGTCCCAGCTACTCGGGAGCCTGAGATGGGAGAATTGCTTGAGCCTAGGAGGTGGAGACTGCAGTGAGCCATGATTGTGCCACTACACTCCAGCCTGGGTGACAGAGCAAGAAGACCCTGTCTCAAAAAAAAAAAAGAAAAAAGAAAAGAAAAA"
"chr1","9210466","9210765","KN295666v1","1087247","1087544","76","8123219","GGCTGGGTGCAGTGGTGCATGCCTGTAATCCCAGCACTTTGGGAAGCCAAGGCGGGAGGATCACTTGAGGCCATAAGTTCAAGTCCAGCCTGGGCAACATGGTAAGACCCTGTCTAAACCAAAAAATTTGTTTAATTAGCTGGGTATGGTGGCGCATGCCTTTACTCCCAGCTGCTAAAGAGGCTGAGGTGGGAGGATCACTTGAGCCCAGGAGGTCAAGGCTGCAGTGAGTTGTGATCATGCCACTGCACNNNNNNNNNNNNNNNNNNNNNAAAAAACAAACAAAAAAAAAAAAAAAGA","GGCTGGGGCAGTGGCTCATGCCTGTAATCCTGCATTTTGGGAAGCTAAGGCCAGAGGATTATTTGAGCCCAGGAGTTCAAGAGCAACCTGGGCAACATAGTGAGTCCGTGTCTCTACAAAAAATGAAAAAATTATCCAGGTGTGGTGGTGCACAACTGTAGTCCCAGCTACTCAGGAGGCTGAGGTGGGAGGATCACTTGAACCCAGGAAGTCAAGGCTGCAGTGAGCTGTGATCATGCCACTGCACTCTGGCCTGGGTGACAGAGTGAGACCTTGTCAAAAAAAAAAAAAAAAAAAA"
"chr1","9259736","9260027","KN295667v1","1480679","1480984","32","7779057","GTGGGTCATGCCTGTAATCCCAGCACTATGGGAGGCTGAGGTGAGAGGATCACTTGAGCCCAGAAGGTTGAAACCAGCCTGGGCAACATAGTGAGACCCCATCTCTACAAAAAGTTTTAAAACCAGGTATGGTGGTGCCCTCCTGTGGTCCCAGCTACTCGGGAGTCTGAGGTGGGAGGATCACCTGAGCCCAGGAGACTGAGGCTGCAGTAAGGTGTGATTGCACTATTGCTCTCTAGCCTGGAAAACAGAGTGAGACCCTGTCTACAAAAAAAAAAAAAAAAAGGAAAGA","GCTAGGTGCATTGGCTGATGTGTGTAATCCCAGCACTATGGGAGGCTGAGGTGAGAGGATCACTTGAGCCCAGAAGGTTGAAACCAGCCTGGGCAACATAGTGAGACTCGATCTCTACAAAAAGTTATAAAACCATGCATGGTGGTGCCCACCTGTGGTCCCAGCTGCTCGGGAGGCTGAGGTGGGAGGATCACCAGAGCCCAGGAGGCTGAGGCTGCAGTAAGGTGTGATTACACTATTGCACTCTAGCCTGGAAAACAGAGTGAGACACTGTCTCAAAAAAAGAAAAGAAGAGAAGAGAAAGAA"
"chr1","9275332","9275612","KN295667v1","1465105","1465434","66","7810227","GGCCAGGCACAGTGGCTCATGCCTGGAATCCCAACACTTTGGTAGGCCAAGGCTGAAGGATCACTTGAGGCCAGGAGTTTGAAACCAGCCTGGGCGACATAGAAAGACCCTGTCTCTACCAAAAAAAAAAAAGCTAGCTGGGCATTGTGGCATGTGCCTGTAGTCTACAGGCAATAATTGGGAGGCTGAGGTGGGAGGATCACTTGAGGCTGCAGTGAGCTAGGATCATGCCACTGCACTGCAGCCTGACTCTAAAAAAAAGAAAAAGAAAAGAAAAGGAA","GGCCAGGCACAGTGGCTCATGCCTGGAGTCCCAACACTTTGGTAGGCCAAGGTGGAAGGATCACTGGAGGCCAGGAGTTTGAGACCAGCCCGGGCAACATAGAAAGACCCTGTCTCTACAAAAAAAAAAAAAAAAAAAAATCTAGCTGGGCATGGTGGCATGTGCCTGTAATCTACAGGCACTAATTGGGATTCTGAGGCGGGAGGATCACTTGAGCCCAGGAATTGGAGGCTGCAGTGAGCTAGGATCATGCCACTGCACTGCAGCCTGGGTGATTCTACCACTGCACTGCAACCTGCCTCTAAACAAAGAAAGAAAAGAAAAGGAAGA"
"chr1","9294062","9294368","KN295667v1","1445573","1445881","26","7848489","GGCCTGGCATAGTGGCTCACACCTGTAATCCCAGCACTTTGGGAGGCCAAGGTGGGAGGATTGCTTGAGCCCAAGGAGTTCGAGACCAGCCTGAGCAACATAGTGAGACTCCCCCCCCGCCCGCCATCTCTACAAAAATAAAAAATTAGCTGGGCGTGGTAGCTCATGCCTGCAGTCCCAGCTACTTGGGAGGCTGAGGTGGGAGGATCACTTGAGCCTAGGAGGTTGAGGCTGCAGTGAGTTGTGATTGCTCCAGCCTGGGCAACAGAATGAGACCCTGTATCAAAAAACCCAACCAAACAAAAAA","GGCCTGACATAGTGGCTCACACCTGTAATCCCACCACTTTGGCAGGCCAAGGTGGGAGGATTGCTTGAGCCCAAGGAATTCCAGACCAGCCTGGACAACATAGTGAGACTCCCCGCCCCCCATCTCTAAAAACAATTTAAAAATTAGCTGGGCATGGTAGCTCATGCCTGCAGTCCCAGCTACTTGGGAGGCTGAGGTGGGAGGATCACTCGAGCCTAGGAGGTTGAGGCTGCAGTGAGCTGTGATTGCTCCGGCCTAGGCAACAGAATGAGACCCTGTATCGAAAAACCCAACCAAACAAAAAAGAAA"
"chr1","9297615","9297801","KN295667v1","1442186","1442366","22","7855429","GAGCGCTGTGGCTCATGCCCATGATCCTAGCACTTTGGGAGGATTGCTCGAACCCAGGAGTTCGAGACCAGCCTGGGCAACATAGGGAGACACCGTCTTTGTGAGAAATTTAAAAATTAGCTGGGGGTGGTGGTGTGTACCGATAGTCCCAGCTACTGGGGGGCTGAGGTGGGAGGATTGCTTGCGC","GTGGCTCATGCCCATAATCCTAGCACTTTGGGAGGATTGCTTGAGCCCAGGAGTTCGAGACCAGCCTGGACAACAAAGGGAGATCCCGTCTCTGTGAGAAATTTAAAAATTAGCTGGAGGTGGTGGTGTGCTCCGATAGTCCCAGTTACTAGTGGGGCTGAGGTGGGAGGATTGCTTGAGC"
"chr1","9302156","9302345","KN295667v1","1437684","1437876","19","7864472","AGACTGGGCAACATGGCGAGACCCCATCTCTACAAAAACTTTTAAAAATTAGCCAGGTATGGTGACACATACCTATAATCCCCGCTACTCAGGACGCTGAGGTGGGAAGATCGCTTGAGCCCAGGAGTTCGAGGCTGCAGTGAGCTGTGACCGCACCACTGCACTCCAGCCTGGGGGACAGAGAGAGATC","AGCCTGGGCAACCTGGCAAGACCCAATCTCTACAAAAACTTTTAAAAATTAGCCAGGTATTGTGACTTGTACCTATAATCCCAGCTACTCAGGACGCTGAGGTGGGAAGATTGCTTGAGCTCAGGAGTTCGAGGCTGCAGTAAGCTGTGACCACACCACTGCGCTCCAGCCTGGGTGACAGAGAGAGAACCTG"
"chr1","9304769","9305078","KN295294v1","1722094","1722378","90","7582675","GACCGGACACAATGGCTCGTGCCTGTAATCCCAGAGCTTTGGGAGGCCAAGTTGGGAAGACTGCTTGAGCCCAGGACGGGTTCGAGACCAACCTGAGCAACATAGCACTGCAGCCTGGGTGACAGAGCGAGATTCTGCCTCGAAAAAAATTAAAAATTAAAAAATTAAAATAAAATAAAAATTAGCCAAGCGTGGTGGCATGTGTCTGTGGTCCCAGCTACTCAGGAGGCTGAGGAGGGAGGATGACTTGAGGAGTTTGAGGTGCAGTGAGCTATGATCACGCCACTGCACTCCAGCCTGGGTGACAGAG","GGCCAGGCACAGTGGCTCACACCTGTAATCCCAGCGCTTTGGGAGGATGAAGTGGGAGGATTGCTTGAGTTCAGGAGTTTGAGACCAACTTGGGCCACATGGCCAGAACTCGTCTCTACAAAAATAAAATAAATTAAAAAAATAGAAAAATTAGCTCAGTGTGGTGGCATGCCTGTAATCCCAGCTACAGGAGGCTAATGGGGGAGGATTATTTGAGCCCAGGAGGTCGAGGCTGCAGTGAGCCATGATTGCACCACTGCATTCCACCCTGGGTGACAGAGTGAG"
"chr1","9429611","9429786","KN295667v1","1309251","1309431","13","8120360","CAAAACGTACAGTCATAAGCTGGGTGTGGTGACGCATGCCTGTAGTCCCAGCTACAGGCTAAGGTGGGGGCATCACTTGAGCTCAGGAGTTCGAGACTGCAGTGAACTATGACTGCTCCTGTGAAGAGCCACTGCACCCAGCCTGGGCGACAGACCCTAGCTCTTAAAAAAAAAAA","CAAAACGTACAGTCATAAGCTGTGTGTGGTGATGCATGCCTGTAGTCCCAGCTACAGGCTAAGGTGGGGGCATCACTTGAGACCAGGAGTTCGAGGCTGCAGTGAACTATGACTGCTCCTGTGAATAGCCACTGCATCCAGCCTGAGCGACAGACCCTAGCTCTTAAAAAACAAAAGAAAA"
"chr1","9486528","9486553","KN294873v1","1528953","1528975","5","7957575","CCAGCCTGGGCAACATAGTGAGGCCC","AGCCTGGGCAAGATAGTGAGACC"
"chr1","9486882","9486973","KN295315v1","794913","795005","15","8691969","GCTGGGTGCAGTGGTTCACGCTGGTAATCCCAGCACTTTGGAAGGCCAAGGCAAGAGGATCCCTTGAGGGTAGGAGTTCAAAACCAGCCTGG","GGCTGGGTGCAGTGGCTCATGCCTGTAATCCTAGCGCTTTGGGAGGCAGAGGCAGGAGGATCACTTGAGGCCAGGAGTTCAAGACCAGCCTGG"
"chr1","9509836","9510113","KN296378v1","431703","431985","62","9078133","GGCCAGGTGTGGTGGCTCATGGCTGTAATCCCAACACTTTAGGAAGTGGGTAAATTGCCTGAGTTTAGGAGTCTGAGACCAGCCTGGGCAACATAGGGAGACCCAGTCTCTATTAAAAAAATAAAACTTACTCAGGCATGGTGCCATGCACCTGTAGGCCCAGCTACTTGGGAGGCCAAGGTAGGAGGATCACTTGAGTATGAGTGAGCCGTGACTGCGCCACTGCACTCCAGCCTGGGCGACAGAGCAAGACCCTGTCTCAAAAAAAAAAAAAAAAA","GGCCAGGTGCCATGGCTCGTGCCTGTAATCCCAGCACTTTGGGAGTCGGAGGAGTGAGGATCACTTGATGTCAGGAGTTCAAGACCAGTCTGGGCAACATGGTGAGACTCTGCATCTACAAAAAAATACAAAATTAGCTGGGCATGGTGCTGTGTGCCTGTATTCTCAGCTACTTGGGAGACTGAGGTAGGAGGATCACCTGAGCTAGGTGAGCTGTGATTGCCCCACTGCACTCCAGCCTGGGTAACAGAGTGAAACTCTGTCTCAAAAAAAAAAAAAAAAA"
"chr1","9570448","9570572","KN295667v1","1164191","1164319","13","8406257","GGCTGGGCGCAGTGGCTCACACCTGTAATCCCAGCACTTTGGGAGGCCAAGGCGGGAGGACTGCTTGAGGCCAGGAGTTCAAGACCAGCCTGGCCAATGTAGTGAGGCTCTATCTCTACAAAAAA","GGCTAGGCGCAGTGGCTCACACCTGTAATCCCAACACTTCAGGAGGCTGAGGCGGAAGGACTGCTTGAGGCCAGGAGTTCAAGACCAGCCTGGCCAATGTAGTGAGGCCCCATCTCTACAAAAAAATAA"
"chr1","9576485","9576767","KN295667v1","1157655","1157935","23","8418830","CTGTAATTCCAGTGCTTTGGGAGGCTGAGGAGGTAAGATCGCTTCTGGCCAGTAGTCTGAGACCAGCCTGGACAACATAGCAAAACCTCGTCTGCACAAAAATGAAAAACATTAGCTGGGCATGGTGGTACTTTCCTGTGGTCCAAGCTACTTGGGAGGCTGAGATGGGAGGATCCCTTGTGCCCAGGAGTTTGAGGTTACAGTGAGCTATGATCTTGCCACTGTATCCAGCTTCAGTGATCGAGTGATACCTTGTCTCAAAACAACAACAACAACAAAGGAA","CTGTAATCCCAGTCCTTTGGGAGACTGAGGAGGTAGGATCGCTTCTGGCTAGTAGTCTGAGACCAGCCTGGGCAACATAGCAAAACCTTGTCTGCACAAAGAATGAAAAAACATTAGCTGGGCATGGTGGTACTTTCCTGTGGTCCAAGCTACTTTGGGAGGCTGATGTGGGAGGATCCCTTGTGCCCAGGAGTTTGAGGTTACAGTGAGCTATGACCTTGCCACTGTATCCAGCTTCAGTGACTGAGTGATACCTTGTCTGAAAACAGTAACAACAAAAA"
"chr1","9577945","9578194","KN295667v1","1155938","1156182","15","8422007","GGTAGCTCACACCTGTAATCCCAGCACTTTGGGAGGCTGAGGAAGGAGAATTGCTTGAGGCCAGGAGTTCAAGGCCAGCCTGGGCAACATAGGGAGACCTTCTCTTTACAAAAAAATTAGCTGAGCATGCACCTGTAGTCCCAGCTACTTGGGAGGCTGAGGTGGGAGGATCCCTTGAGCCCAGGAGGTTGAGGCTGCAGTGAGCCATGGGATTGTGCCACTCTACTCCAATCTGGACGGCAGAGCAAGA","GGTAGCTCACACCTGTAATCCCAGCACTTTGGGAGGCTGAGGAAGGAGAATTGCTTGAGGCCAGGAGTTCAAGGCCAGCCTGGGCAACATAGGGAGACCCTCTCTTTACAAAAAATCAGTTGAGCATGCACCTGTAGTCCCAGCTACCTGGGAGGCTGAGGTGGGAGGATCCCTTGAGCCCAGGAGGTTGAGGCTGCAGTGAGCCATGGGATCATGCCGCTGTACCCCAATCTGGACGACAGAGC"
"chr1","9599218","9599507","KN295667v1","1133969","1134255","19","8465249","GGTGGCTCATGCCTTTAATCCCAGCACTTTAGGAGGCCAAGGTGGGAGGATGGCTTGAGGCTAGGAGTTCAAGACCAGCCTGGGCAACATAGGGAGACGCTGTCTCTACAAAAAAAGTTGTTTTAATTAACTGGGCATGGTGGCGTACACCTATAGTCCCAGCTATTTAGGCTGAGGTGGGAGGATCGGTTGAACCCAGGAGTTGGAAGCTGCAGTGAGCTATGATCACGCCACTGCATTCCACCATGGGCAACAGAGCAAGACCCTGTCTCAACAAAAATAAAAATAAA","GGTGGCTCATGCCTTTAATCCCAGCACTTATGGGGGGCCAAGGTGGGAGGATGGCTTGAGGCTGGGAGTTCAAGACCAGCCTGGGCAACATAGGGAGACGCTGTCTCTACAAAAAAGGTGTTTTAATTAACTGGGCATGGTGTCGTGTGCCTATAGTGCCAGCTATTTAGGCTGAGGTGGGAGGATCGCTTGAACCCAGGAGTTGGAAGCCGCAGTGAGCTATGATCACACCACTGCACTCCACCATGTGCAACAGAGCAAGACCCTGTCAAAAAAATAAAAATAAA"
"chr1","9619310","9619580","KN295667v1","1110041","1110333","41","8509269","GGCTGGGCATGGTGGCTTACACCTGTAATCCCGGCACTTTGAGAGGCCAAGGCAGGAGGACTGCTTGAGCCCACAAGTTCAAGATCAGCCCGGGCAACACAGTTGAGACCCCATCTCTAAAAAAAATTAAAAAGTTGAGGGTGGTGGCCTGCCCCTGCAGTCCCAGCTACACAGGAGGCTGAGGTAGGAGGCTCGCCTGAGCCCAGCAGTTCAAGGCTGCAGTGAGCAGTGATCGTGCCACTGCACTCCATCCTGTCTCAAAAAAAAAAAA","GGCTGGGCATGGTGGCTCACGCCTGTAATCCCAGCACTTTGAGAGGCCGAGGCAGGAGGATTGCTTGAGCCCAGAAGTTCAAGATCAGCCTGGGCAAGATAGTGAGACCCCATCTCTAAAAAAAATTAAAAAGTCGAGGGTGGTGGGATGCCCCTGTAGTCCCAGCTACACAGGAGGCTGAGGTAGGAGGATCGCCTGAGCCCAGCAGTTCAAGGCTGCAGTGAGCCGTGATTGTGCCACTGCACTCTATCCTAGGAGACAGAGGGAGACCCTGTCTCAAAAAAAAAAAAAAA"
"chr1","9642925","9643180","KN295667v1","1084450","1084717","28","8558475","GATGACTCACACCTGGAATTCCAACACTTTGGGAGGCTGGGGCTAGAGGATCAAGACCAGCCTGAGCAACATAGTGAGACCTCATCTTTACAAAAAATAAAACATTAGCCAGGCATGGTGGCATGTGCCTGTAGTTTTAGCTACTTGGGAGGCTGAGGTAGAAGGAGGATCCTTTGAGCCCAGAAATTCAAGGTTGCAGTGAGCTGTCATCTCACCTCTGCAATCCAGCCTGGGTGACAAAGTGAGACCACGTCTC","GGTGACTCATGCCTGGAATTCCAACATTTTGGGAGGCTGAGGCTAGAGGATCAAGACCAGCCTGAGCAACACAGTGAGACCTCATCTTTACAAAAAATAAAACATTAGCCAGGCATGGTGGCATGTGCCTGTAGTTTTAGCTACTTGGGAGGCTGAGGTAGGAGGATCACTTGAGCCCAGAAATTCAAGGTTGCAGTGAGCTGTGATCTCACCTCTGCAATCCAGCCTGGGTGACAAAGTGAGACCATGTCTCTAAAAATAATAATAA"
"chr1","9644600","9644911","KN295667v1","1082731","1083038","27","8561869","GGCCAGGCATGATGGCTCAGGCCTGTAGTCCCAGCACTTTGGGAGGACGAGGCTGGAGGATCCCTTGAGGCCAGGAGTTTGAGACCAGCCTGGGTGATATGGCAAAACCCAGTCTCTACAAAAAAATAGAAAAAATTAGCCGGGTTTAGTGGTGTGCACCTGTAGTTCCAGATTCTCGGGAGGCTGAGGTGGGAGGATCACCTGAGCCCTGGAGGTTGAGACTGCAGTGAACCATAACTGTGCCACTGCACTCCAGCCTGGGTGACGGAGTGAGATTCTGCTTTGAAAAAAAAAGAAAAAGAGAGAGAGAGA","GGTCAGGTATGATGGCTCATGCCTGTAGTCCCAGCACTTTGGGAGGACGAGGCTGGAGGATCACTTGAGGCCAGGAGTTTAAGACTAGCCTGGGTGACATGGCAAAACCCAGTCTCTACAAAAAAAAAATAGAAAAAATTAGCCGGTGTAGTGGTGTGCACCTGTAGTTCCAGCTTCTCGGGAGGCTGAGGTGGAAGGATCACCTGAGCCCTGGAGGTCGAGGCTGCAGTGAGCCATAACTGTTCCACTGCACTCCAGCCTGGGTGACAGAGTGAGATTCTGCCTCGAAAAAAAGAAAAAAAGAGAGA"
"chr1","9654507","9654803","KN295667v1","1074280","1074582","33","8580227","GGCTGGGCATGGTGGTTCATGCTTGTATTCCTAATGCTTTGGGAGGCTAAGGAAGGAGGATCACTTGAGCCCAGGAGTTTGAGACGAGCCTGGGCAACATAGTAAGACCTCCATCTCTGCAAAAAATAAAATAAATTAGCTGGGCCTTGTGATGCACGCCTGTAGCCCCAGCTATGTGGAAGACTGAGGTGGGAGGATTACTTGAGTCCAGGAGTTCAAGGCTGCAGTGAGCTATGGTTGCAACACTGCACTCTAGCCTGCGTGACAGAGTGAGACCCTGTCTCAAAAAAAAAAAAA","GGCTAGGCAGGGTGGTTCATGCTTGTATTCCTAACACTTTGGGAGGCTAGGGAAGGAGGAACATTTGAGCCTAGGAGTTTGAGACCAGCCTGGGCAATACAGTGAGACCCCCATCTCTGCAAAAAATAAAAACAAATTAGCTGGGCGTTGCGACGCACGCCTGTAGCCCCAGCTACGTGGGAGACTAAGGTGGGAGGATTACGTGAGTCCAGGAATTTAAGGCTGCAGTGAGCTATGATTGCAACACTGCACTCCAGCCTGGGTGACAGAGCGAGACCCTGTCTCAGAAAAAAAAAAAAAAAA"
"chr1","9680074","9680358","KN295667v1","1052265","1052557","47","8627809","GGGTGTGATGGCTCACATCTGTAATCCCAACACTTTGTGAGGCCGAGGCAGGCAGATCCCTTGAGCCTGGGAGTTTGAGACCAGCCTGGACAACATAGCAAGGCCTCAAGACCTCATCGCTACAAAAATTAAAAATGAGTTGGCACACACCTCAGCTACTCGGGAGGCTGAGGTGGGAGGATCACCTGAGTCCACAAGGTCAAGCACCTGTGATCGCGCCACTGCACTCCAGCCTGGGTCACAGTGTGAGACCCTGTCTCAAAAAAAAAAAGAAAGAAAAAAGAA","GCCAGGTGTGATGGCTCATGTCTGTAATCCCAACACTTTGTGAGGCCGAGGCAGGCAGATCCCTTGAGCCTAGGAGTTTGAGACCAGCCTGGACAACACAGCAAGACCTCATCGCTACAAAAATTAAAAATTAGTTGGGCATGGTGGCACACACTCAGCTACTTGGGAGGCTGAGGTGGGAGGACCACCCAAGTCACTGGAGTTGAGTACCTGTGACTGCGTCTCTGCACTCCAGCCTGGGCCACAGTGTGAGATGCTGTCTCAAAAAAAAAAAAAAGAAAAGAAAAGAAAAA"
"chr1","9681737","9681988","KN294848v1","281563","281800","64","9400174","CGGGCATGGTGGCTCACGCCTGTAATCTCAGCACTTTGGGAGGCCGAGGTGGGAGGATCATTTAAGGCCAGGAGTTTAAGAACAACCTGGGCAAAACAGCGAGACCTCGTCTCTACTAAAAATAAAAAAAATAAAAATAAATAAAAAATAGAGCCTGGCATGGTGGCATTTGCCTGTAGTCCTAGCTACTTAGGAGGCCAAGGGAGAAGGATTGCTTGGCCCAGAAGTCTGCGGTGAGCTATGATGGAGCCA","GGCCGGGCGCAGTGGCTCACACCTGTAATCCCAGGACTTTGGGAGGCCAAGGTGGGAGGATCACTTGAGGCCGGGAGTTCGAGAGCAGCCTGGGCAACATAGCAAGACCCTGTCTCTACAAATATAAACTAAACTAAAATAAACACATTAGCCAGGTGTGGTTGTGCATGCCAGTAGTCCTAGCTACTCAGGAGGCTGAGGCAGGAGGATTGCTTGAGCCCAGGAGTTTGAGGCTGCA"
"chr1","9684059","9684325","KN295667v1","1047941","1048208","27","8636118","CCGAGCACTTTGGGAGGCTGACGCGGTAGGATGGCTTGAGCCCAGGAGTTCGAGACCAGCGTAGGCAACATAGTTAGACCCCCGCCTCTACAAAAAATTTTTAAAAATTAGCTGAGTGAGGTGGTGCGCACTTGAGGTCTCAGCTACACGGGAGGCTGGGGTGAGAGGATCGATTGAGCCAGAGAGGTAGAGGCTACAGTGAGCTATGATCGCACCACTGCACCCCAGCCAGGGCAACAGAGCAAGACCCTGTCTCAAAAACAAAAA","AGCAGTTTGGGAGGCTGACGCGGTAGGATGGCTTGAGCCCAGGAGTTCGAGACCAGCGTAGGCAACATAGAGCCCCCCCCCCCAACCTCTACAAAAAAATTTTAAAAATTAGCTGGGTGAAGTGATGCGCACTTGTGGCTCCAGCTACACGGGAGGCTGAGGTGGGAGGATCGATTGAGCCAGAGAGGTAGAGACTGCAGTGAGCTGTGATCGCACCACTGCACCACAGCCAGGGCAACAGAGCAAGACCCTGTCTCAAAAACAAAAA"
"chr1","9702215","9702519","KN295667v1","1029012","1029305","37","8673203","GGCTGGGCTCATGGTGGCTCATGCCTGTAATCCCAGTGCTTTGGGAGGCCAAGGTAGGAGGATCACTTGAGGCCAGTAGTTAGAGACCAGCCTGGGCAACATAGTGAGAGCCCATCTCTACAAAAAAAAAATTAAAATTAGCCAAGCATGGTGGAGCGTGCCTGTAGTCGCAGCTACTTGGAAGCTGAGGTGGAAGGATCACTTGAGCCTGGGAGTTTGAGATGCTATGATGGATCACTACACACCAGCTTGGCAATACAGCAAAATCATGTCTCAAAAAAAAAGAAAAAAGTGAAAAAAAAGAA","GGTGGCTCATGCCTGTCATCCCAGTGCTTTGGGAGGCCAAGGTAGGAGGATCACTTGAGGCCAAGAGTTAGAGACTAGCCTGGGCAACATAGTGAGAGCCCATCTCTCTAAAAAAAAAAATTAAAAATTAGCCAAGCATGGTGGAGCGTGCCTGTATCCCCAGCTACTTGGAAGCTGAGGTAGAAGGCTCACTTGAGCCTGGGAGTTTGAGATGCTATGATGGCTCATTGCATGCCAGCTTGGCAACACAGCAAGATCATGTCTCAAAAAAAAAGAAAAAAAAAAGAAAAGAAA"
"chr1","9709345","9709566","KN296119v1","2150554","2150763","54","7558791","AGCTTGGGCAACATGGCAAGGTCCACCGTTACAAAAATAATAATAATAATAATAAATAAAATTAGCCAGGCGTGGTGGTGCATGCCTATAGTCCCAGCTACTCAGCAGGCTAAGATGGGAAGATCGCTTGGGCCCAGGATGTCAAGGCTGCAGAGAGCTAGGATTATGCCACTGCATTCCAGCCTGTGCAACAAAGTGAGACCATTCTCAAGCAAAATAAAA","CAGCCTGGGCAACATGCAAGACCCCTTTCCTAAAAAACAAAAAAATTAGCTGGGCATATTGGTGCATGCCTGTAGTCCCAGCTACACAGGAGGCTGAGGTGGGAGGATCGCTTGAGCCCAGGAGGTCAAGGCTGCAGTGAGCCATGATTGTGCCACTGCCCTCCAGCCTGGGCAATAGAAGGAGACCCTGTCTCAAAAAATAAAAATAAA"
"chr1","9709583","9709894","KN296864v1","3265179","3265496","53","6444404","GGTCAGGTGCGATGGCTTACTCCTGTAATCCCAATACTTTGGGAGGCTGAGGTGGGAGGATCACTTGAGCACAGGAGTTCACGGCCAGCCTGGGCAACATAATAAGACTCCATCTCTACAAAAAAATAAAAATTAGCTGGTTATGGTGGCATGCACCTGTAGTCCCAGCTACTCAGGAGGCTGAGATGGGGGAATCATTTGAGCCCAGGAGGTTGAGGCTGCCATGAGCTGTGATCATGCCACTGCACTACAGCCTGGATGACAGAGCAAGACCCTGTCTACAAAAAAAAAAAAAAGTATAAAAATAAAAAA","GCCTGGCCTGGTGGCTCACACCTGTAATCCCAATACTTTGGGAGGCTGAGGCAGGAGGATTGCTTGAGCCCAGGAGTTTGACACCAGCCTGGGCAACAAAGCAAGACCCCACCTCTACAAAAAATAAACAAATATAAAAATTAGGTGGGCATGGTGGCATGCACCTGTAGTCCCAGCTACTCAGGAGGCTGAGGTGGGAGGATCACTCGAGCCCAGGAGGTTGAGGCTGCAGTGAGTTATGATCATGCCACTGCATTCCAGCCTGGGTGACAGAGCAAGGCCCTGTCTCAAAAAAAAAATAAAATAAAAATAAAAAGA"
"chr1","9750079","9750376","KN295667v1","978685","978987","34","8771394","GGCCAGGTGCAGTGGCTCACACCTATAATCCCAGCACTTTGGGAGGCTGAGGTGGGAAGATTGCTTGAGCCTAGGAGTTTGAGAGCAGCCTAGACAATGTAGGAGATGCCATCTCTACAAAACATAAACAGCCAGGTATGGTGGCACATGCCTGTGGTCTCAGCTACTTGGGAGGCTAAGGCGGGAGGATTGCTTGAGCCCGAGAGGTTGAGGCTGCAGTGAGCCATGATTGTGCCACTGTACTCCAGTCTGAGTGTCAGAATGAGACCCTGTCCCTAAAAAACAATAACAACAAAAA","GGCCAGGCACAGTGGCTCACACCTGTAATCCCAGCACTTTGGGAGGCTGAGGTGGGAGGATCACTTGAGACCAGGAGTTTGAGACCAGCCTAGACAATGTAGAAGACGCCATCTCTCCAGAGCATAGACAGTTAGCCAGGTGCGGTGTCACATGCCTGTGGGCTCAGCTACTTGGGAGGCTAAGGCAGGAGGACTGCTTGAGCCCAGGAGGTGGAGGATGCAGTGAGCCATGATTATGCCACTGTACTCCAGCCTGAGTGTCAGAGTGAGACCCTGTCCCTAAAAAACAACAACAACAACAAA"
"chr1","9793817","9794120","KN295441v1","1236181","1236473","56","8557636","GGCTGGGTGCGGTGGCTCATGCCTGCAATCCCAGCACTTTGGGGAGGCCAACGCAGGAGGATCACTTGAGGCCAGGAGTTAGAGACCAGCCTGGGCAACATGGTGAGACCCTGTATCTACAGAAAAATTTAAAATTAGCCAAGCATGGTGGTGCATGCCTATAGTCCTGGCTACTTGGGAGGTTGAGGCAGGAGAACTGCTTGAGCCCAGGAGGCTGAGGCTGCAGTGAGCGATGATCACACTACTGCACTCCAGCGTGAGCAACAGAACAAGACCCTGTCCCCACCTACCAAAAAAAAAAAAA","GGCGCAGTGGCTCATGCCTGTAATCACAGCACTTTGGGAGGCCTAGGCAGGAGGAACAATTGAGGCCAGGAGTTCATAGACCAGCCTGGGCAACATAGTGAAATCCTGTCTCTACAAAAAATTTAAAATTTAGCCAGGTGTGGTGGCACATACCTATAGTCCTAGCTACTTGGGAGGTTGAAGCAGGAGAATCCCTTAACCCCAGGAGTTTGAGGCTGCAGTGATTTATGATCATGTTACTGCACTCGAGCCTGGGCAACAGAGGTAGACCCTGTCTCTAAAAAACAAAAAAA"
"chr1","9795499","9795807","KN295667v1","934535","934831","40","8860964","GGCTGGCCATGGTGGCTCATGCCTGTAATTCTATCCCTCTGGAGGCCAAGGTGGGGACAATCACTTAAGCCAGTAGTTCAAGACCAACCTGGTCAACATTAATGAGACCTCAATCTCTAAAAAATAAATTTTTTAAAATTAGCCTGGTGTGGTGGTGCATGTCTGTAGTCTCATCTACTTGGGAGGCTCAGGCGGGAGGATCATGTGAGCCCAGGAGTTGGAGGTTGCAGTGAGATATGATTATGCTACTGCACCCCAGTCTGGGTGACAAAGCAAGACCCTGTCTCAAAAGAAGAGAAGAGAAGAGAA","CTGGCCATGGTGGCTCATGCCTGTAACTCTATCCCTTTAGAGGCCAAGGTGGGGATGATCACTTAAGCCAGTAGTTCAAGACCAACCTGGTCAACATTAACGAGACCCCAATCTCTAAAAAATATATATTTTTTTAAATTAGCCTGGCGTGATGGTGCATGTCTGTAGTCCCACCTACTTGGGAGGCTCAGGCAGGAGGATCATGTGAGCCCAGGAGCTGGAGGTTGCAGTGAGCTATGATTATGCTACTGTACCCCTGCCCGGGTGACAAAGCAAGACCGTGTTCCCCCAAAAAAA"
"chr1","9797454","9797749","KN295667v1","933135","933439","31","8864319","GGCTGCGTGTGATGGCTCGCACCTGTAATCCCAGCACACTTTGGGAGGGCGGGGCAGGAGGATCACTTGAGCCCAGGAGTTTGAGCCCATTCTGGCAACAAAGTGAGACCTCATCTCCTACTAAATCAAAATAAATTAGCCAGACATAGTGGCGCACGCCCATGGTCCCAGCTACTCAGGGAGCAGAGATGGGAGGACCACTTGAGCCCAGGAGGTCGAGGATCCAGTGAGCCCTGATCGTGCCACTGAACTCCAGCCTGGGTGAGAGCAAGACCCTGTCTCAAAAAAGAAAAAAA","GGCTGGGTGTGGCGGCTCGCACCTATAATCCCAGCACACTTTGGGAGGGCGGGGCAAGAGGATCGCTTGAGCCCAGGATTTTGAGACCAGCCTGGCAACAAAGTGAGACTTCATCTCTACTAAATCAAAATAAATTAGCCGGGCATAGTGGCGCACACCCATGGTCCCAGCTACTCAGGAGGCAGAGATGGGAGGACCACTTGAGCCCAGGAGGTCGAGGATCCAGTATGCCCTGATCATGCCACTGCACTCCAGCCTGGGTGACAGAGCAAGACCCTGTCTCAAAAAAGAAATAAATAAATAAA"
"chr1","9801195","9801501","KN296970v1","235765","236073","53","9565430","GCTGGGCGTGGTGGCTTATGCCTGTAATCCCAGCACTTTGGGAGGCTGAGGCGGGAGGATCACTTGAGCCAGGAGTTTGAGACCAGCCTGGACAACATAGCGAAACCTTGTCTCTACAAAGAATAAAAAATTACCTAAGTGTGGTGGTGGGTGCCTGTGGCCCCACTTACTTGAGATGCTTAGGTGGGAGGATCATTTGAGCCCTGGAGCTTGAGGCTGCAGTGAGCCCTGATTGTGTCACTGCACTCCAGCCTGGGTGACAAAGTGAGACTCTGTCTACAAAAAAAAAAAAAAAAAAAAATAAGAA","GGCTGGGCATGGTGGCTCATGCCTATAATCCCAGCACTTTGGGAGACTGAAGTGGGAGGATCGCTTAAGTCCAGGAGTTTGAAACCAGCCTGGGCAACATAGTGAAACCCTGTCTCTACAAAAGCTTTAAAAACTAGCCAGGTGTGGTGGCCTGTGCCTATAGCCCCAGCTACTCAGGAGGCTCTGGTGGGAGGATCACTTGAGCCCAGGAGATTGAAGCTGCAGTGAGCCATAACTGTGCCACTGCACTCCAGCCTAGGTGACAGAGTGAGACCTTGTCTCAAAAAACAAAAACAAAAACAAAAAAAA"
"chr1","9813563","9813855","KN295667v1","920987","921295","41","8892576","GCTGGACATGGTGGCTCACGCCTATAATCCCAGCACTTTGGAGGGCCAAATAGGGCAGATTGCTTGAGCCCAAAAGTTCGAGACCAGCCTGGGCAACATAGGAAGATCCTGTCTCTACAAAAATTTTAAAATTAGCCAGGCATGGCGGTGTGCACACCTAGTCAGGAGGCTGAGGTGGGAGGATAGTTTAAGCCCAGGGAGGTTGAGGCTGCAGTGAGCTGTGATTGTGCCACTGCACTCCAGCCTGGGCAACAGAGCAAGATCCTGTCTCAAAAAAAAAAGAAAAAGAAAAA","GGCTGGACATGGGGGCTCACGCCTGTAATCCCAGCACTTTGAAGGGCCAAATAGGGCAGATTGCTTGAGCCCAAGAGTTCGAGACCAGCCTGGGCAACATAGCAAGACCCTGTCTCTAAAAAATTTTTAAATTAGCCAGGTGTGGTGGTGTGCACCCATGGTCCCAGCTACTCGGGAGGCTGAGGTGGGAGAATGGCTTGAGCCCGGGGAGGTCGAGGCTGCAGTGAGCTGTGATTGTGCCACTACACTCCAACCTGGGCAACAGAACAAGATCCCGTCTCAAAAAATAAAAGAAAAATAAAAAGAAAA"
"chr1","9828043","9828194","KN296495v1","2655161","2655305","30","7172882","AGCCGGGTGTGGGGGTTGCACACCTGAAGTCCCAGTGAGTCAGGAGGCTGAGGCAGGAGGATCGCTTGAGCCCAGGAGTTTGAGGCTGCAGTGAGCTATGATCAATGATCACCACTGTACTCCAGCCTGGGTGACAGAACAAGACCCTGTTT","AGCTGGGCATGGTGATGTACAGCTGTAGTCCCAGCTACTTGAGAGGCTGAGGCAGGAGGATCCCTTAAGCCCAGGAGTTGGAGGCTGCAGTGAGCTATGATTATGCCACTGCACTCCAGCCTGGGTGACAGAGTGAGACCCTGTC"
"chr1","9831682","9831973","KN295667v1","902145","902451","29","8929537","GACCAGGCACAGTGGCTCACACCAGTAATCTTAATTCTTTGATGAGGCTGAGACGGAAGGATATCTTGAGGCCAGGAGTTCAAGACCAGCCTGGGCAATATAGTGAAACCTCATTTCTACCAAAAAAAAAAAAAGTTAGTTGGGCATGGTAGCAGGTGCCTGTAGTCCCAGCTGCTCGGGAGGCTGAGGCAGGAGGATCACTTGAGCCCAGGAGTTCAAGGCTGCAGTGAGCTATGATGGCACCACTGCACTCCAGCCTAGGTGACAAAGCAAGACCCTGTCTCTGAAAAAA","GACCAGGCACAGTGGCTCGTACCAGTAATCTCAACTCTTTGATGAGGCTGAGACAGGAGGATATCTTGAGGCCAGGAGTTCGAGACCAGCCTGGGCAATATAGTGAAACCTCATTTGTACCAACCAACCAACAAACGAACAAACAAAAAAGTTAGTTGGGCATGGTAGCAGGTGCCTGAGTCCCAGCTGCTCGGGAGGCTGAGGCAGGAGGATCACTTGAGCCCAGGAGTTCGAGGTTGCGGTGAGCTATGATGGCACCACTGCACTCCAGCCTAGGTGACAAAGCAAGACCCTGTGTCTGAAAAAA"
"chr1","9853954","9854131","KN295667v1","878182","878359","14","8975772","AAAAAAAATTAATTAGCCGAGTGTAGCAGTGTGGGCCTGTGGTCCCAGCTCCTCAGGAGGCTGAGGTGAGAGAATCAATTGAGTCCAGAAGGTCAAGGCTGCTCTGAGTGCTGATTGTACCACTGCACTCTAGCCTGCGTGACAGAGCAAGACCCTGTCCAGGAAAAAAAAAAAAAAA","AAAAAAAATTAATTAGCTGGGTGTAGCAGTGTGCGCCTGTGGTCCCAGCTACTCAGGAGGCTGAGGTGAGAGAATCAATTGGGTCCAGAAGGTCAAGGCTGCACAGTAAGTGCTGATTGCACCACTGCACTCTAGCCTGGGCGACAGAGCAAGACCCTGTCCAAAAAAAAAAAAAAAA"
"chr1","9854401","9854532","KN295667v1","877789","877914","17","8976612","GCCAGGCGTGGAGGCTCATTCCTGTAATCCCAGTACTTTACATGGCAGAGGCAAGAGGATGGCTTGAGCCCAGGAGTTCAAGACCAGCCTGGGCAACAGAGGAAGATACCCCATCTGTCAAAACAATTTTTC","GCCAGGTGTGGAGGCTCATGCTTGTTATCCCAGTACTTTACATGGTAGAGGCAAGAGGATGGCTTGGGCCCAGGAGTTCAAGGCCAGCCTAGGCAACACAGGAAGACACCTCATCTGTCAAAACAA"
"chr1","9872088","9872345","KN295667v1","860032","860293","28","9012056","TTGGGGAGGATGAGGTGGGAGGATCACTTGAGCCCAGGAGTTTGAGACCAGCCTGGGCAACATAGCAAGACCCTGTCTCTACAAAAAAATGTTTTTAAATTAGCCAAGCGTGGTGATGTGCACCTGTGGCCCTAGCTTACTCAGGAGGCTGAGTTGGGAGGACTGCTAAAGCCCAGCAGGTTGAGGCAGCAGTGAGCTATGATCGCGCCACTACACTCCAGCCTGGGCGACAGAGGGAGACCCTGTGTCAAAAAATAA","TTGGGGAGGATGAGGTGGGAGGATCACTTGAGCCCAGGAGTTTGAGACCAGCCTGGGCAACATAGCAAGACTTTTTCTACAGAAAAAAATTTAAAAAATTAGCCAAGCGTGGTGATGTGCACCTGTGATCCTAGCTACTCAGGAGACTGAGTTGGGAGGATTGCTAAAGCCCAGCAGGTCGATGCTGCAGTGAGCTATGATCACGCCACTGCACTCCAGTCTGGGCGACAGAGGGAGACCCTGTGTCAAAAAAAAAAAAAAA"
"chr1","9872629","9872892","KN295667v1","859483","859745","17","9013146","CGGGCATGGTGGCTCATGCCTGTTAATTCCAATATTTTGGGAGACCAAGGCAGGAGGATTGCTTGAGACCAGGAGTTTGAGACCAACCTGGCTGTGCAACATAACAAGACTTCTACAAAAAAATTTAAAAGTGGCAGGGTGTTGTGGCATGCTTCTGTGGTCCCAGCTAGTTAGGAGGCTGAGGCAGGAGGATCGCTTAAGCCCAGGAGTTCAGGGCTGCAGTGAGTTCTGATCATACCACTGTACTCCTGGGCACCAGAGCAA","GGGCATGGTGGCTCATGCCTGTTAATTCCAATATTTTCGGAGGCCGAGGCAGGAGGATTGCTTGAGGCCGGGAGTTTGAGACCAACCTGGCTGGGCAACATAGCAAGACCTCTACAAAAAAATTTAAAAGTGGCAGGGTGTTGTGGCGTGCTCCTGTGATCCCAGCTACTTAGGAGACTGAGGCAGGAGGATCGCTTGAGCCCAGGAGTTCAGGGCTGCAGTGAGTTCTGATTGTACCACTGTACTCCTGGGCACCAGAGCAA"
"chr1","9879358","9879646","KN295667v1","852768","853060","17","9026590","GGCTGGGTGTGGTGGCTCATGCCTGTAATGAGAGGCGGAGGTGGGAGGATTGCTTGAGCCCAGGAGTTCAAGACCACCCTGGGCAACATAATGAGAACCTGTCGCTACAAAAAATATAAAAATTAGCCGGGTATGGTGGTGCATGCCTGTGGTTCAGCCATGCAGGAGGCTGAGGTGGGTGGATTGCTTGAGCTAGGGAGTTCGAGGCTGCAGTGAGCCATGATTGCACCACTGTACTCCAGCTGGAGCAACAGAGCAAGACCCTCTCTCTCAAAAGAAAAAAAAAGAA","GGCTGGGTGTGGTGGCTCATGCCTGTAATGGGAGGCCGAGGTGGGAGGATTGCTTGAGCCCAGGAGTTCAAGACCACCCTAGGCAACATAATGAGAACCTGTCACTATAAAAAATGTAAAAATTAGCCGGGTATGGTGGTGCTTGCCTGTGGTTCAGCCATGCAGGAGGCTGAGGTGGGTGGATTGCTTGAGCCAGGGAGTTCAAGGCTGCAGTGAGCCATGATTGCACCACTGTACTGTGGCTGGGGCAACAGAGCAAGACCCTCTCTCTCAAAAGAAAAAATAAAAAAGAA"
"chr1","9890001","9890120","KN295667v1","840631","840751","10","9049370","GGGCACAGTGGCAAATGCCTGTAATCCCAGCACTTTGGGAGACTGAGGTAGGAGAATTGCTTGAGGCCTGGACTTCAAAACCAGCCTGGGCAATAAAGTAAGACCCCATCTCTTTTTAAA","GCTGGGCACAGTGGCAAACGCCTGTAATCTCAGCACTTTGGGAGACTGAGGTAGGAGAATTGCTTGAGTCCTGGACTTCAAAACCAGCCTGGGCAATATAGCAAGACCCCATCTCTTTAAA"
"chr1","9890444","9890481","KN295667v1","840279","840313","4","9050165","TTCTACAAAAAATCTTTAAAAGATTAGCTGGGTGCAGC","TCTACAAAAAATATTTAAAAGATTAGCTGGGTGCA"
"chr1","9890774","9890943","KN295667v1","839797","839968","17","9050977","TATTAGCTGGGTGTGCAGTGGCTTGCACCTGTAGGCCCAGTTACTTGGGAGGCTGAGGTGGGAGGATCCCAAGAGCCCAGGAGTCTGAGGTTGCAGTGAGCTATGATCACACCACTGCACCCCAGCCTGGGCAACAGAGCGAGACTGTCTCAAAAAAAAAAAGAAAAGAA","TTAGCTGGGGGCAGGGGTGTGCACCTGTAGGCCCAGTTACTTGGGAGGCTGAGGTGGGAGAATCCCATGAGCCCAGGAGTCTGAGGTTACAGTGAGCTATGATCACACCACTGCACCCCAGCCTGGGCAACAGGGCGAGACCCTGTCTCAAAAAAAAAAGAAAAGAAAAGAA"
"chr1","9913144","9913329","KN296146v1","129980","130172","50","9783164","GCCTATAATCCTAGTGCTTTGAGAGGCCGAGGTGGGAGGAGGATTGATTGAGACCAGGAGTTAAGAGAGCTGCCTGGGCAACATGGTGAACCCCATCTCAAAAAAAAAAAAAAAAGTACGTCGGTGCGGTGGCACATGCCTGTAATCCCAGCAGTTCAGGAGGCCGAGGCGGGTGGATCACCTGAG","GCCTGTAATCCCAGCTCTTTGGGAGGCTGAGGTGGGAGGATTGCTTGAGGCCAGGAGTTCAAGATCAGCCTGAGCAACATGGCGAGACCATCTCTACAAAATAAATAAATAAAAAAAAACTGCTGTGGTGGCACATGTCTGTAGTCCCAGCTACTTGGGAGGCTGAGGCAGAAGGATCACTTGAGCCCAGGAG"
"chr1","9921013","9921312","KN294911v1","2150563","2150859","62","7770450","GGCTGGGCATGGCGGCTTACACCTATAATCTCAACACTTTGGGAGGCTGAGGTGGAAGGATTGCTTGAGCCCAGGAACTTGAGACCAGCCTGGGCAACACATTAATCGCTAGACCATCTCTACAAAAAAATGTAAAAATCAGCTGGGCATGGTGGCGTGTGTTTGTGGTACCAGCTATTTGGGAGGCTGAGGTGGGAGGATTGCCTGCACCCAGGAGGTTGAAGCTTCAGTGAGCCTTGACTGTGCCACTGCACTCCAGCCTTGGCAACCAAGCGAGGCACTATCTCAGAAAAAAAAAAA","CTGGGCATGGTGATTCACACCTGGTAATCCCAACACTTTGGGAGGCTGAGGTGGTAAGATTGCTTAAGTCCAGGAGTTTGAAACCAGCCTGGGTAACAGAGTAAGACTCTGTCTCTACAAAAAGAATTAAAAATTAGCTGGGCATGGTGGCATGTGCCTGTGGTCCCAGTTATTTGGGAGGCTGAGCTAAGAGGATTGCTTGAGCCCAGGAGTTGAGGCTGCAGTGAGCTATGATTGTGCCACTGAACTCCAGCCAGGGGAACAGAGCAACACTCTGTCTCCAAAAAAAAGAAAAAA"
"chr1","9930798","9930960","KN295706v1","122858","123022","33","9807940","TTAAAAAGAAAAAAATTAGCTAGGTGTGGTGGCATGCACTTACAGTTCTAGCTACTTGAGAGGCTGAGGCAGGAGGATCACTTGAACCCAGATATTTGAGGCTGCAGTGAGCCAAGATCATGCCATTGTACTCCAGCCTGGGTGACAGAGCAAGACCTGTCTC","ATAAAAATTAAAAAAATTAGCTGAGTGGGGTGGCATGTATCTATCATTCTAGTTACTTGGGGGGCTAAGGCAGGAGGATTGCTTGAATCCAAAAGTTTGAGTCTACAGTGAGCTATGATCATACCACTACACTCCAGCCTGGGTGACAGGGTGAGACTCTGTCTC"
"chr1","9931273","9931350","KN295667v1","800299","800367","12","9130974","TTGAGGCCAGGAGTTCTAGACCAGCCTGGGCAACATGGTGAGACCCTTTGTCTTCAAAATTAAAAAGAGGGAGGCCGA","CTTGAGGCCAGGAGTTCTAGACCAGCCTGGGCAACATGGTAAGACCCTTTGTCTTCAAAATTAAAAAGA"
"chr1","9934824","9934958","KN294453v1","380724","380855","27","9554100","GACTGGGTGTGGTGACTTATGCGTATAATCCCACCTCTTTGGGAGTCCAAGATGGGAGGGTCACTTTAGGCTAGATGTTCCGAGACCAGCCTGGGCAACATAGTGAGACTCTGTCTCTACAAAAAATAAAACTTA","GGCCAGGTGCAGTGGCTCATGCCTATAATCCCACCACTTTGGGAGGCTAAGGTGGGAGGATCACTTGAGGTCAGGAGTTCGAGACCAGCCTGAGCAACATAGTGAGACTTTGTCTCTATAAAACAAAGATAA"
"chr1","9953263","9953552","KN295841v1","173298","173592","58","9779965","GGCTGGGTCCAGTGGCTCATGCCTGTAACCCCAACACTTTGAGGCTGAGGTGGGAGGATCGTGTGAAGTCAGGAGTTCAAGACCAGCCTGGGCAACATGGTGAGACATCATCTCTACAAAAAATAGAAAAAGTTAGCTGGGCATGGTGTCATGCACCTGTAGTCGCTGCTACTTGGGAGGCTGAAGTAAGAGGGTCACTAAAGCCCAGGAGGTGGAGGGTGCAGTGAGTCATGTCATTGCACTCCAGCCTGGGTGACAGAGGGAGGCCCCTATCTCCAAAAAAAAGGAAA","GGCTGGGTGCAGGTGGCTCATGCCTGTACCCCAACACTTTGGGAGGCTGAGGTGGGAGGATTGCTTGAAGTCAGGAGTTCAAGACCAGGCTGAGCAACATATTGAGACCCTGTCTCTACAAAAAAATTAAAAATTAACCAGGCATGGTGACATGCGCCTGTAGTCCCAGCCACTTGGGAGGCTGAGGAAAGAAGATCATCTGAGCCCAGGAGTTTGAGGCTGCAGTGAGCTAGGATCATGCCACTGTACTCCAGCCTGGGCAACAGAGCAAGGCCCCGTCTCTTAAAAATAAAAA"
"chr1","9958384","9958561","KN295533v1","1808077","1808253","33","8150307","TTAGCCAGGAGTGATGGCGTGTGCTTGTAGTACTAGCTACTTGGCAGGCTGAGGTGGGAGGATCTCTTGAGCCTGGGATTTGAAGGCTGCAGTGAGCAATGATTGTGCCACTGTACTGCAGCCTAGGCAACAGAGCGATACCCTATCTCTAAAAAAAACAAAAACAAAAACAAAAAAA","CTTAGCCAGGCATGATGGCATGTGCCTGTAGTCCCAGCTACTTGGGAGGCTGAGGTGGGAGGATCATTTGAGCTCAGAAGTCGAGGCTGCAGTGAGCTATGACGGTGCCACTGCACTCCAGCCTGGGCAACAGAGCAAGACCCTGTCTCAAAAACAAAACAAAAAAACAAATGAAAA"
"chr1","9958628","9958754","KN296921v1","2810176","2810302","16","7148452","GGCCAGGTGTGGTGGCTCATGCCTCTAATCCCAGCACCATGGGAGGCCAAGGTGGGAGGATCACTTGAGGCCAGGAGTTTGACACCAGCCTGGGCAACACAGCGAGACCCCATCTCTACCAATAATA","GGCTGGGTGTGGTGGCTCACACTTATAATCCCAGCACTTTGGGAGGCCAAGGTGGGAGGATCACTTGAAGCCAGGAGTTTGAGAACAGCCTGGGCAACATAGCGAGACCCCATCTCCAAAAAAAATA"
"chr1","9969746","9970044","KN295667v1","766070","766371","24","9203676","GGCTGGGCGTGGTGACTCATGCTTGTAATCCCAGCACTTTGAGAGACTGAGGTGGAAGGACTGCTTGAGACCAGTAGTCTGAGACCAGCAAGCAACATAGCAAGACCCCCATCTCTACAAAAATTAGTCTTTAAAATAATTAGCCAGGCTATTGGTATGTGCCTGTGTTCCCAGCTACTTGAGAGGCTGAGGTGGGAGCATCACTTGAGCCCAGGAGTTTGAGGGTGCAGTCAGCTGTGGTTGCATCACTACACTCTAGCCAGGGTGGCAGAGCAAGACCTTATCTTAGGGAAAAAAAA","GGCTGGGCATGGTGACTCATGCTTGTAATCCCAGCACTTTGAGAGACTGAGGTGGAAGGATTGCTTGAGACTAGTAGTCTGATACCAGCCTGGGCAACATAGCAAGACCCCCATCTCTACAAAAATTAGTTTTTAAAATAATTAGCCAATCTCTTTGGTGTGTGCCTGTGTTCCCAGCTACTTTAGAGGCTGAGGTGGGAGCATCACTTGAGCCCAGGAGTCTGAGGGTGCCGTCAGCTGTGGTTGCACCACTATGTTCTAGCCAGGGTGGCAGAGCAAGACCTCATCTTAGACAAAAAAAA"
"chr1","9970746","9971025","KN295667v1","765054","765333","12","9205692","GCCAGGTACAGTGGCTCACATCTGTAATCCCAGTGCTTTGGGAGGCCGAGGTGGGAGGATCACCTGAGGCCAGGAGTTTGAGACCAACCTGGGAAACAGAGAGAGACCTCATCTCTACAAAAAAAATTGTAAACATTAGCCAGGTATGGTGGCATGTGCCTGTGGTCCCAGCTACTCAGGAGACTGAAGTAGGAGGATTGCTTGAGCCCGGGAGGTCTAGGCTACCGTGAGCCATGATTGCACCTTTGCCCACCAGCCTGGACATCAGAGCAAGACCCTG","GGCCAGGTACAGTGGCTCACACCTGTAATCCCAGTGCTTCGGGAGGCTGAGGTGGGAGGATCACTTGAGGCCAGGAGTTTGAGACCAACCTGGGAAACATAGAGAGACCTCATCTTTACAAAAAAATTATAAAAATTAGGCAGGTATGGTGGCATGTGCCTGTGGTCCCAGCTACTCAGGAGACTGAAGTAGGAGGACTGCTTGAGCCCGGGAGGTCTAGGCTACCGTGAGCCATGATTGCACCTTTGCCCACCAGCCTGGACATCAGAGCAAGACCCTG"
"chr1","9976432","9976729","KN297452v1","1197785","1198080","58","8778647","GGCTGGTCATGGTGGCTCACATCTATAATCCCAGCACTTTGGGAGTCTGAGGCAGGAGGATTGCTTGAGGCCAGGAGTTCAAGACCAGTGTGGGCAACATAGTGAGACCTCATCTCTCAAAAAACTAAAGTTAGCTGAACATGGTGGCACGTGCCTGTAGTCGCAGCTATTTGGCAGGCTGAGGCGGTAGGATCACTTGAGCCCAGGAGTTTTGGTTGCAGCGAGCTATGATTGTGCCACTGTGCTCCATCCTGGGCAATAGAGTGAGCCTGTGTCTCTGAAAAACAAACCAAAAAAA","GGCTAGGAGTGGTGACTCACACCTATAATCCCAGCACTTTGAGAAGCTGAGGCAGGAGGATCATCTGAGCCCAGGAGTTCAAGACCAGCCTGGGCAACATAGTGAGACCCCCATCTCTACAAAAAAATAGAATTAGCTGGGCATGGTGCCATGTGCCTGTAGTCTCAGCTATGTGGGAGGCTGAGGTGGGAGGATCCTTTGAGCCTAGGAGGTCAAGGCTGCAGTGAGCTATGATTGTGCCACTGCACTCCAGCCAGGGTGACAGAGCTAGACCCTGTCTCCAAAAAAAAAAAAAA"
"chr1","10000167","10000412","KN295667v1","735902","736147","14","9264265","AGGCAGAGGCAGGAGGATTGCATGTGGCCAGGAGTTTGAGACCAGCCTGGACAACATAGCAAGACACCGTCTCTACAAAAAAATTGAAAAATTAGCCAAGTGTGGTGGTATGCACCTGTTGTCCCAGCTACTTGGAAGGCTGAGGTGGGAGGATCGCCTGAGCCCAGGAAGTGAAGGCTGCAGTGAGCCATGATCGCACCACTGCACTACAGCCTGAGCGACAGAGCAAGACCCTATCTCAAAAAA","AGGCTGAGGCAGGAGGATTGCATGTGGCCAGGAGTTTGAGACCAGCCTGGACAACATAGCAAGACATCGTCTCTGCAAAAAAATTGAAAAATTAGCCAAGTGTGGTGGAATGCTTCTGTTGTCCCAGCTACTTGGAAGGCTGAGGTGGGAGGATCGCCTGAGCACAGGAATTCAAGGCTGCAGTGAGCCGTGATCGCACCACTGCACTCCAGCCTGAGCGACGGAGCAAGACACTGTCTCAAAAAA"
"chr1","10012497","10012622","KN295667v1","719851","719973","9","9292646","GCTGGGTGTGGTGGTTCACTTCCGTAATCCCAGCACTTTGGGAGGACACGGCAAGAGGATCACTGGAGTCCAGGAGTTTAATACCAGCCTGGGCAGCATAGTGTGACTCTGTCTCTACAAAAAATT","CTGGGTTTGGTGGTTCACTCCCGTAATCCCAGCACTTTGCGAGGACACAGCAAGAGGATCACTGGAGTCCAGGAGTTTAACACCAGCCTGGGCAACATAGTGTGACTCTGTCTACAAAAAATT"
"chr1","10012921","10013082","KN295667v1","719386","719551","20","9293535","TATTAGCTGGGCATGGTGACGGGTGCCTGTAGTCCCAGCTACTTGGATGGCTGAGGTGGGAGGATTACTTAGGCCCAGAAAGTTGAGGCTAAGGTGAGCCATGACTGCACCACCGCATTCCAGCCTGGGCGAAGGAGTAAGACCCTATCTCCAAATAAAAAA","TATTAGCAGGGCGTGGTGACAGGTGCCCATAATCCCAGCTACTTGGGTGGCTGAGGTGGGAAGATTACTTAAGCCCAGGAAGTTGAGGCTAAGGTTAGCCATGACTGCACCACTGCATTCCAGCCTGGGTGAAGGAGTAAGACCCTGTCTCAAAGTTAAAAAAAAA"
"chr1","10022623","10022706","KN295667v1","707160","707243","8","9315463","TCACACTTGTAATCCTAGCACTTTGGGAGGCTGACGTAGGAGGATCACTTGAAGCCAGGGGTTTGAGACCAGCCTGGGCAACAT","TCACACTTTTAATCCCAGCACTTTGTGAGGCTGACGTAGGAGGATCAATTATGGCCAGGAGTTTGAGACCAGCCTGGGCAACAT"
"chr1","10023462","10023742","KN295667v1","706416","706711","30","9317046","TCACACTTGTAATCCCAGCACTTTGGGAGGCTGATGTAGGAGGATCGCTTGAGGCCAGGTGTTTGAGACCAGCCTGGGCAACATAGGGAGACCCTGTCTCTACAAAAAATACAAAAATTAGTTGGGTGTGATGGTTCATGCCTGTAGTCTCAGCTACTCAGGAGGCTGAGGTGGGAGGATTACTTGGGCCCAGGAGGTCGGGGCTGCAGTGAGCCAGTGACCATGCCAGTATACTCCAGCCCTGATTACAGAACAAACCCCTATCTCAAACAAACAAACAA","TCACACTTGTAATCCCAGCACTTTGGGAGGCTGACGTAGGAGGATCACTTGAGGCCAGGAGTTTGAGACCAGCCTGGGCAACATAGGGAGACCCTGTCTCTACAAAAAATACAAGTTAGTTGGGTGTGATGGTGCATGCTTGTAGTCTCAGCTACTCAGGAGGCTAAGGTGGGAGGATTGCTTGGGCCCAGGAGGTCGGGGCTGCAGTGAGCCAGTGACCATGCCAGTACACTCCAGCCCGGATTCCAGAACAAACCCCTATCTCAAACAAACAAACAAACAAACAAACAAACAAA"
"chr1","10027799","10027965","KN295667v1","703102","703253","22","9324697","TCCAGGCTCAGTGGTGCCTGCCTATAGTCCCAGCTACCCAGGAGGCTGAGACAGGATGATCACTTGAGTCCGGGAGATCATGGCTGCAGTGAGCTATTATCATGCCATAACACTCCAGTCTGGGTGAGAAAGTGAGACCTTGTCTCTAAAAACTAAACTGAAAAAAA","GCCAGGCTCAGTGGTGCCTGCCTATAGTCCCAGCTACTTAGGAGGCTGAGGCAGGATGATCACTTGAGTCTGGGAGATCATGGCTGCAGTGAGCTATTATCATGCCATAACACTCCAGTCTGGGTGAAAAAGTGAGACCCTGTCTCTAAAAA"
"chr1","10028259","10028413","KN295667v1","702659","702807","18","9325600","GGCCTGATATAGTGGTTCACACCTGTAATTCCAGCACTTTGGGAGGCCGAGGTGAGGGGATCGCCTGAGGCCAGCACCAGCCTGGGCAACATAGCGACCCTATCTCTACAGAAAACAAAACAAATCAAAACAAAACAAAAAATAGTCAGGCTCAT","GGCCTGATATGGTGGCTCACAGCTGTAATTCCAGCACTTTGGAAGGCTGAGGTGAGGGGATCGCCTGAGGCCAGGAACAGCCTGGGCAACATAGCGACCCTTTCTCTACAGAAAAAAAAACAAAATAAAACGAAAAAAAATAGGCTCAT"
"chr1","10036248","10036339","KN295667v1","696450","696541","6","9339798","CACTTTGGGAGGCTGAAGTGGGAGGATCGCTTGAGGTCAGGAGTATCAGACCATCCTGGGAAACATGGCAAGACCCCCGTCTCTACAAAAAA","CACTTTGGGAGGCTGAAGCGGGAGGATGGCTTGAGGTCAGGAGTTTGAGACCATCCTGGGCAACATGGCAAGACCCCTGTCTCTACAAAAAA"
"chr1","10047559","10047838","KN295667v1","681379","681663","29","9366180","GGACGGATGCAGTGGCTCATGCCTATAATCCCAGGGCCTTGGGAAGCCAAGGAAGGAGGATTGTTTGAAGTCAGGAGTTCAAGACCAGCCTAGGCAACATAGTGAGACCCTCGTCTCTAATAAAAATTTAAAAATTAGCTGGGCACAGTGGCACACACCTCCCAGTTACTCAGGAGACTAAGGCAGAAGGATCACTTGAACCCAGGAGTTAGAGGCTGCACTGTACTCTAGCCTGGGTGACAAAAAATACCTTGTCTCTAAAAAAGTAAAATAAATAAAA","GGCTGGATGTGGTGGCCCATGCCTGTAATCCCAGGGTCTTGGGAAGCCGAGGAAGGAGGACTGTTTGAAGTCGGGAGTTCAAGACCAGCCTGGGCAAGATAGTGAGACCCTCATCTCTAATAAAAATTTAAAAATTAGCTGGGCACAGTGGCACACACCTCCTGGTTACTCAGGAGACTGAGGCAGGAGGATCACTTGAGCCCAGGAGTTAGAGGCTGCACTGCATGCTAGCCTGGGTGACAGAAAAGACCTTGTCTCTGAAAAAGTAAAATAAATAAAATAAAA"
"chr1","10051747","10052046","KN295667v1","676400","676706","23","9375347","GACCAGGCCCAGTGGCTCATGCCTATAATCCCAGCATTTTGGGAGGCTAAGGCCGGAGGATCATTTGAGCCCAGGAGTTCAAGACCAGCCTGGGCAACATAGTGAGACCCTGTCTCTACAAAAAAAAATTAAAAATCAGCCAGGTATGGTGGCATGCACCTATAGTCCCAGCTACTTGGGAGGCTGAGGTGGAAGGATTGCTTGAACCCAGGAGGCGGAGGTTGCAGTGAGCCAAGATGGCACCACTACACTCCAGCCTGGGTGACAGAGCAAGACCCCGTCTCAAAAAAAAAAAAAAAA","GGCCAGGCGCAGTGGCTCATGCCTATAATCCCAGCATTTTGGGAGGCCAAGGCAGGAGGATCATTTGAGCCTAGGAGTTCAAGACCAGCCTGGGCAACACAGTGAGACCTTGTCTCTACAAAAAAAAAAAAATCAAAAAATCGGCCAGGTATGGTGGCATGCACCTATAGTCCCAGCTACTCAGGAGGCTGAGGTGGGAGGATCGCTTGAACCCAGGAGGCAGAGGTTGCAGTGAGCCAAGATGGCACCACTACACTCCAGCCTGGGTGACAAAGCAAGACCCTGTCTCGAAAAAAAAAAAAAAAAA"
"chr1","10052735","10052812","KN295573v1","545499","545575","23","9507236","GCCATGCACGGTTGTAAACACCTGTGGTCCCAGTTACTCGGGAGGCTGAGGTGGGAGGGTCGCTGATGAAATTAGGAG","AGCTGAGCATGGTGGTGAGCACCTGTAGTCCCAGCTACTCAGGAGGCTGAGGCAGGAGGATTGCTTCCACCCTGGAG"
"chr1","10053141","10053200","KN296430v1","779142","779200","16","9273999","CCAGCCTGGGCGACGAGCAAAATTCCATCTCAAAAAAATTAAATAAAAAATCAATAAATA","CCAGCCTGGGCGACAGAGCGAGACTCCGTCTCAAAAAAAAAAAAAATTAACCAGATGTG"
"chr1","10070929","10071220","KN295667v1","655536","655829","16","9415393","GGCTGGGCATGGTGCTTCATGCCCATAATCCTAGTACTCTGGGAGGCCAAGGTGGGAGGATCACTTGGGGCCAGGAGGTTGAGACCAGCCTGGGCAACATAGTGAGACCTCGTCTCTGTCAAAAATTAAAAAAATTAATTAGCTGGACATGGTGGTTTGCACCTGCAGTGTTAGATACTTAGGAGGCCGAGGTGGGAAGATTACTTGAGCCCAGGAGTTTAAGGCTGCAGTGAGCTATGATTGAAATACTGCACTCCAGCTTGGGTGACAGAGAGACTCTCTCTAAAATAAA","GGCTGGACATGGTGCTTCACGCTCATAATCCTAGTACTCTGGGAGGCCAAGGTGGGAGGATCACTTGGGGCCAGGAGGTTGAGACCAGCCTGGGCAGCATAGTGAGACCTCATCTCTGCCAAAAATTAAATAAATTAATTAGCTGGGCATGGTAGTGTGCACCTGTAGTCTTAGATACTTAGGAGGCCGAGGTGGGAAGATTACTTGAGCCCAGGAGTTCAAGGCTGCAGTGAGCTATGATTGAAATACTGCACTCCAGCTTGGGTGACAGAGAGAGACTCTCTCCAAAATAAA"
"chr1","10078470","10078735","KN295667v1","646778","647019","48","9431692","CACGCCTGTAATCCCAACACTTTGAGAGACTGAGGCAGGAAGATCGCTTGAGGCCAGGAGTTCAAAACCAGCCTAGGCAACACAGTAAAACTTCATCTCTACAAAAAAAATTTAAAAATTAGCCGGGCATGGTGGCGCGCACCTGTAGTCTCAGCTACTTCTGAGGCTGAAGCAGGAGGACCACTTAAGCTCAGGAGTTTGTGGCCGCAATGAGCTATGGTCGCACCACTGTACTCCAGCCTGACTTTGTCTTAGAAAAACAAAAA","CACGCCTGTAATCCCAACACTTTGAGAGAACGAGGCAGGAAGATCGCTTGAGGCCAGGTGTTCAAAACCAGCTTAGGCAACATAGTAAGACTTCATCTCTACAAAGAAATTAAAAAATTAGCCAGGCATGATGGCTCACACCTATAGTCCCAGCTACCTCTGAGGCTGAGACAGTAGGACCACTTAAGCTCAGGAGTTTGTGGCCGCAATGAGTCATGGTCTCACGGCTATACTCCAGCCTG"
"chr1","10090461","10090624","KN295907v1","507570","507720","41","9582891","TTAGGCATGGTGGCATGCACCTGTAATCTTAGCTACTTGAGAGGGTGAGGTGGAAGGATTGCTTGAGCCCAGGAATTAGAAGCTGCAGTGGGCTACAATTATACCACTGCACTCCAGCATGGGCAACAGATGGGTCTTTTTTAAGACCCTGTGTCAAAAAAAAA","GCCAGACATGGTCACATGCACCTCTTGTCCTAGCTCCTTGGGAGGCTGAGGTGGGAGGATTGCTTGAGCCCAGGAGGTTGAGGCTGCAGTGAGCTGTGATCATGCCACTGCACTCCAGCCTGGGCAACAGAGCAAGACCCTGTCTCTAAAA"
"chr1","10090916","10091050","KN295037v1","76216","76350","27","10014700","GTGCCTCACATCTGTAATCCCAGCACTTTTGGGGAGTCAAGGAGAGAGGATCACTTGAGGCCAGGAGTTTGAGACCAGCCTGGGCAACACAGAGACCCTGTCTCTACAAAATACTTAAAAAATTAGTCAGGTAGT","GTGGCTCATGCCTGTAATCCCAACACTTTGGGAAGTCAAGGTGGGAGAATCGCTTGAGGCCAGGAGCTCAAGACCAGCCTGGGCAACACAGCAAGACCTTGTATTTACAAAAAACCTTTAAAAATTAGCCCAGTA"
"chr1","10132362","10132671","KN295667v1","595807","596117","28","9536555","CTGGGCATGGTGGCTGGTGCATGCCTATAGTTTCAGCTACTTGGGAGGCTGAGGCAAGAAAAGGATCACTTGAACCAGGGAGGTCGAGACCAGCCTGGGCAACATAGGGAGACCCTGTCTCTACAAAAAAAATAAAAAATTAGCCAGTGTAGTGGCATAGACCTGTAGACCCAGTTATTCAGGAGGCTGAAGTGGGAGGATCACTTAAGCCCAGGAGGTTGAGGCTGCAGTGAGCTATGTTTGCACCACTGCACTACAGCCTGGGCAACAGAGTAAAACCCTGTCTACAAAAAAAAAAGAAAGAAAGAAA","CTGGGCATGGTGGCTGGCGCATACCCAAAGTTTCAGCTACTTGGGAGGCTGAGGCGAGAGAATCACTTGAGCCAAGGAGGTTGAGATCAGCCTGGGCAACATAGGGAGACCCCGTCTCTACAAAAAAATAAAAAATTAGCTCAGTGTAGTGGCATACACCTGTAGACCCAGTTATTCAGGAGGCTAAAGTGCGAGGATCGCTTAAGCCCAGGAGGTTGAGGCTGTAGTGAGCTATGTTTGCACCACTGTACTACAGCCTGGGCAACAGAGTAAAACCCTATCTCAAAAAAAAAGAAAAGAAAAGAAAGAAA"
"chr1","10150912","10151194","KN295667v1","576472","576759","29","9574440","GGCTGGGCATGGTGACTCCAGCTAATAATCCTAGCACTTTAGGAGGCCAAGGTGGGAGGATCGTTTGAGCCTAAGAGTTGGAGACCAGCCTGGGCAACATGGCGAGACCCCATCTCTACGAAAAATTTAAAAATTAGATGCCTGTTGTCCCAGCTACTAAGGAGGCAGAGGTGGGAGGAAGGCTTGAGCCCAGGAGTTCAAGGCTGCAGTGAGCTATGATCTTGCTGCTGCACTCCAGCCTGTGAAACAGAGCAAGACCCTGTTTCTAAACAAACAAAAAAAA","GGCCACGCATGGTGGCTCCAGCGAATAATCCCAGCACTTTAGGAGGCCAAGGTGGGAGGAATGCTTGAGCCCAGGAGTTGTAGACCAGCCTGGGCAACATGACGAGACCCCATCTCTATGAAAAATTTAAAAGTTAGATGCCTGTTGTCCCAGCTACTAAGGAGGCTGAGGTGGGAGGAAGGCTTGAGCCCAGGAGTTAAAGGCTGCAGTGAGCTGTGATCTTGCTGCTGCATTCCAGCCTGGGAAACAGGGCAAGACCCTGTCTCTAAAAAAAATAAATAAATAAAA"
"chr1","10153983","10154112","KN296486v1","1106788","1106917","29","9047195","GTGGCTCACACCTGTAATCTCAGTACTTTGGAAGGACGATGTAGGAGGATCACTTGAGGCAGGAATTTGAAACCAGCCTAGGCAACATAGTGAGACCCCATCTGTAAAAAAATTAAAAGTGAAAAAAAAA","TGGCTCACTCCTGTAATCCCAACACTTCGGGAGGCCGAGGTGGGAGAATCACTTGAGGCCTGGAGTTCAAGACCGGCCTGAGCAATATGGTGAGACCCTGTCTGTACTAAAAATTAAAAAAAAAAAAAAA"
"chr1","10154406","10154570","KN294964v1","867349","867506","37","9287057","ATAAAAAATAAGCCACGCGTGGTGGATACACCTCCAGTCCCAGCTACTTGGGATGCTGAGGTGGGAGGATCACTTGAGCCCGAGAGGTTGAAGCTTCAGTGAGCCATTATTCACACCACTGCACTTTACCCTGGGTGACAGGGCAAGACCCTGTCTCCAAAAAAA","TAAAAAATTAGCCGGGTGTGGTGCTGTACGCCTGTGGTCTCAGCTATTTGGGAGGCTAAGATGGCAGGATCACTTGAGCCCAGGAGGTTGAGACTGCAGTGAGCTGTGATCACACCACTGCACTCCACCTGGGTGAGTGAGACCCTGTCTCTAAAAAA"
"chr1","10160166","10160354","KN294987v1","275185","275361","54","9884981","GTGAGACCTTGTCTCTATAAAAAAATTTTTTTAATTAGCCAAGCGTGGTGGTACATGCTTGTAGATCCAGCTCTTTGGATCTACAAAGGCTGAGGCAGGAGGATCACTTGAGCCCAGGAGGTTGAGGCTGTGGTGTGCTATGATCCTGCCAGTGCACTCCAGCCAAGGCGACAGATCAACACTCTGTCT","AAGACCTCATCTCTTAAAAAAATATAATAAATTAGCAGGGCGTGGTGGTAGGTGCCTATAGTCCTAGCTGCTCAGGAGGCTGAGGTGGGAAATTCGCCTGAGCCTAGGAGTTTGAGGCTGCAGTGAGCTATGATTGCACCACTGCACTCCAGCCTGGGCGACAGAACAAAATCCTGT"
"chr1","10175062","10175218","KN295667v1","550942","551098","9","9624120","AAAATTAACTGGGCGTAGTGGCATGCACCTGTAGTCCCAGCTACTTGGGTGGCTAAGGTGAGAGGATTGCTGGAGCCCAGGAGTTTGAGGCTGCAGTGAGCCATGATTGCACCACTGCACTCCAGCCTGAGTGACAGAATGAGACTCTGTCTCAAAA","AAAATGAACTGGGCATAGTGGCTTGCACCTGTAGTCGCAGCTACTTGGGTGGCTAAGGTGAGAGGATTGCTTGAGCCCAGGAGTTTGAGGCTGCAGTGAGCCATGATTGTACCCCTGCACTCCAGCCTGAGCGACAGAATGAAACTCTGTCTCAAAA"
"chr1","10211892","10212184","KN295667v1","499664","499966","25","9712228","GGCCAGGCATGGTTCCTCACGCCTATAATCCCAACACTTTGGGAGGCTGAAGTGAAAGAATTGCTTGAGGCCAGAAGTTCAAGACCAGCCTGGGCAACATATTGAGACACTCTCTACCAAAAAACATTTTTGTTTAAATTAGCTGGGTGTGGTGGCATGCATCGGTAATCCCAGCTACTTGAGAGGCTGAGGTGGATAGATCACTTGAGCCCAGGAGTTGGAGGCTGCAATTAGCCATGATTCCATCACTGCACTCCAGTTTGGACAACAGAGCCAACAACATCTCAAAAAAA","GGTCAAGCATGGTGCCTCACGCCTATAATTCCAACACTTTGGGAGGCTGAAGTGAAAGAATCGCTTGAGGCCAGAAGTTCAAGACCAGCTTGGGCAACATATTGAGAGATACTCTCTACCAAAAAACATTTTTGTTTCAATTAGCTGGGTGTAGTGGCATGCACCGGTAATCTCAGCTACTTGAGAGGCTGAAGTGGATAGATCACTTGAGCCTAGGAGTTGGAGGCAGCAATTAGCCATGATTCCAGCACTGCACTCCAGTTTGGACAACAGAGCCAACAACATCTCTTAAAAAACACAAAA"
"chr1","10236792","10237090","KN295667v1","472713","473013","27","9764079","GGCTGGGTCCGGTGGCCCACACTTGTAATCCTAGCACTTTGGGAGGCCAAAACAGGAGAATTGCTTCAGCCCAGGAGTTCGAGACCAGCTGGAGCAACCTAGGGAGACCCTGTCTCTACAAAAAAATAAACAAATTAGCCGTGCATGGTGGCACGTGCCTGTGGTCCCAGTTACTCAGGAGGCTGAGGTGGGAGGATCACTTGAGCCCAGGAGGCTGAGGATGCGTGAGCTGTAATCTCACCACTGCACTCCAGCCTAGGGCGACAGAGCAAGACCCTGTCTCTAAAAGAGAAAAGAAA","GGCTGGCTATGGTGGCTCATACTTGTAATCCTAGCACTTTGGGAGGCCAAAACAGGAGAATTACTTCAGCCCAGTAGTTTGAGACCAGCTGGAGCAACCTAGGGAGACCCTGTCTCTACCAAAAAAAAAAACAGATTAGCCGTGCATGGTGGCACCTGCATATGCTCCCAGTTACTCAGGAGGCTGAGGTGGGAGGATCACTTGAGCCCAGGAGGTCAATGACTTCGTGAGCTGTGATCTTGCCACTGTACTCCAGCCTAGGGTGACAGAGCAAGACCCTCTCTCTAAAAGAGAAAAGAAA"
"chr1","10237729","10237994","KN295667v1","471779","472071","51","9765950","GCCAGGCATGGTAGCTCATGACTTTGGGAGGGCAAGGAAAGAGGATTGCTTGAGCCAAGAGTCTCAGTCCAGCCTAGGCAACATGGCAAAGCCCCATCTCTGCAAAAAAAATTAAAATTTGGCTTGGCATGGTAGTGCACACCTATAGGCCCAATTACTTGGGAGGCAGAGGTGAGAGGTTCACTTGAGCCCAGGAGTTGCAGGCTGCAGTAAGCCATGATTGAGCCACTGTACTCCAGCCTGGGTGACAGACCGTGACGCTGTCT","GGCCAGGCATGGTAGCTCATGTCTATAGTTCAAGCACTTTGGGAGGGCAAGGAAAGAGCATTGCTTGAGCCAAGAGTTTCAGTCCAGCCCAGGCAACATGGCAGAGCCCCATCTCTACAAAAAAATTTGAAAATTGGCTTGGCATGGTAGCACACGCCTGTAGGCCCAGCTGCTTGGGAGGCTGAGGTGAGAGATTCACTTGAGCCCAGGAGTTGCAGGCTGCAGTAAGCCGTGGTTGAGCCACTGCACTCCAGCCTGGTTGACAGACTATGACACTGTCTGGGGGAAAAAAA"
"chr1","10240536","10240830","KN296017v1","366720","367014","51","9873816","GGTCTGGTGTGGTGGCTCACACCTGTAATCCCAGCACTTTGGGAAGCTGAGGCATGAGGATGGCTTGAGCCCAGGAGTTTGAGACCAGCCTGGGCAACATAGTGAGACTCCCATCTCTACAAAAAAGAAAAATAATTAGCCGGGTGTAGTGGCATGAACCTGTGGTCCCATCTACTCCAGAGGCTGAGGTGGGAGGATCACTGGAGCCCAGGAGGTTGAGTCTGTAGTGAATTGTGGTTGTACCACTGTACTCCAGTCTGGGCCTCAGAGTTAGATCCTGTCTCAGAAAAAAAAA","GCCAGGCATGGTGGCTCACACCTATAATCCCAGCACTTTGGGAGGCTGAGGCGGGAGGACTGCTTGAGCCCAGGAGTTCGAGACCAGCCGGGGCAACACAGTGAGACCCATCTCTACAAAAAATAGAAAAACCTAGCCAGGTGTGGTGGCATGTGCCTGTGGTCCCAGCTACTTGGGAGGCCGAGGTGGGAGGATCACTTGAGCCCAGGAGGTCGAGGCTGCAGTGAGCTGTGATTGTACCACTGCCCTCCAGCCTGAGTGACAGAATGAGGTCCTGTCTCAAAAACAAACAAAA"
"chr1","10249080","10249360","KN294158v1","584001","584282","65","9665079","GGCTGGGCTCAGTGATTCACACTGCAACCCCAGCATTTTCAGAGGTGGAGGAGGCAAGATTGCTTGAGCCCAAGAGTTCAACACCAACCTGGGCAACATAGGGAAACTCCATCTCTACAAAAATATCAATTATCTAGGGGTGGTGGTGGCACACACCTGTTGTCCCAGCTACTTGAGAAGCTGAGGGGGTAAGATCGCTTTGGCCCAGAAGGTCAAGGCTGCAGTGAGCTGTGATCACGCCACTGCACTCCAGGGCCTGGGCAACAGAGTGAGACCCTGTC","GGCTGGGCACAGTAGCTCACACCTGTAATCCCAGCACTTTCAGAGGCTGAAGCATGAGGATTGCTTGAAGCCAGGAGTTTAAGACCAGCCTGGGCAACACAGCTAGACTCCATCTCTACAAAAATTTAAAAAGTTAGCTGGGCATGGTAGCACACACCTGTAGTCCTAGCTACTCAGGAAGCTGAGGTGGAAGGATTGCTTGAGCCCAGGGGGTCAAGGATGCAGTGAACCATGACCATACCACTGAACTCCAGCCTGGGTGACAGAGTGAGGTCCTGCCTC"
"chr1","10263935","10264231","KN295667v1","442883","443188","27","9821052","GGCAGCTCACACCTGTAATCCCAACACTTTAGGAGGCCAAGTGGGGAGGATCACTTGAGGCCAGGAATTTGAAACCAGCCTGAGTAACCTAACAAGACCCCCCATCTCTACAAGAAATTTTTAAAAATTAGCCAGGCCTAGTGGCATGCGCCTATAGTTTTAGCTACTTGAGAGGCTGAAGTAGGAGAATCACACGAGCCCAGGTGTCTGAGGCTGCAGTGAGCTACAATCTTGCCACTGCACTCCAGCTTGGGCCACATAGCAAGACTCAAAAACAAAAACTAACAAACAAAAAAA","GGCAGCTCACACCTGTAATCCCAACACTTTTGGAGGTCAAGTGGGGAGGACCACATGAGGTCAGGAATTTGAAACCAGCCTGAGTAACATAACAAGACCCCCGATCCCTACGAGAAATTTTTAAAAATCAGCCAGGCCTAGTGGCATGCGCCTGTAGTTTTAGCTACTTGGGAGGCTGAAGTAGGAGGATCACGCGAGCCCAGATGTCTGAGGCTGCAGTGAGCTACAATCTTGCCACTGCACTCCAGCTTGGGCCACACAGCAAAAGATTCCATCTCAAAAACAAAAACTATAAAACAAAAAAAA"
"chr1","10266352","10266661","KN295667v1","440538","440842","36","9825814","GGTTGGGTGTGGTGGTTGACATCTATAATCCTAGCAGTTTGGAAGGCCGAGGCAGGAGGACTGCTTGAGGTCAGGGGTTCCAGACCAGCCTGGGAAACACAGCAAGACGCCTCACCTCTACAAATTAAAAATTAAAAAATTAGCCAGGTGTGGCAGCGAACAACTGTAGTCTCAGATACTCAGGAGGCTGAGCTGGAAAGATCACTTGAGCCCAAGAGTTCAAGGTTACAGTGGGCCATGATCATGTCATTACACTCCAGCTTGGGTGACAAGAGTGAGACTGTCTAAAAAAAAAAAAAAAAGGAAAAAA","GGCTGGGTGTGGTGGCTCACATCTGTAATCCTAGCACTTTGGGAAGCCGAGACAGGAGGACTGCTTGAGGCCAGGGGTTCCAGACCAGCCTGGGAAACATAGCGAGACCCCCATCTCTACAAACAAAAAATCAAAAAATCAGCCAGGCGTGGTGGCGAACAACTGTAGTCTCGGATACTCAAGAGGCTGAGATGGAAAGATCACTTGAGCCCAAGAGTTCAAGCTTGCAGTGGGCCATGATCACATCATTACACTCCAGCTTGGGTGACAGAGTCAGACAATCTCAAAAAAAAAAAAGGAAAAAA"
"chr1","10314512","10314802","KN294421v1","655580","655864","69","9658932","CCAGGTGCAGTGGCTCACACCTGTAATCTCAGCAACTCTGGAGGCTGAGGCCAGAAGTTTGAGACCAGAGTGGGCAACATAGTGAGACCCTGTCTCTTTGAAAATTTAAAAAACAATTAGCTGGGTGTTGTGGTGCATGCCTGTAGTCCCAGCTTCTTGGAAGGCTAAGGCAGGAGGATAATTTGAGCCCAAGAGTTTGAGGCTGCAGTGAGCCATGATTGCACCACTGCACTCCAGCCTGGGGACAGAGCAAGACCCCAACTCTACCAAAAAATATAAAATAAAATAAAA","GGCAGGGGAAGGTGGCACACACCTGTAATCCTAGCCCTTTGGGAGGCTGAGGCAGGAGTTTGAGACCAATCTGGGCAACACAGCAAGACCCTGTCTCTACAAAAAGAAAAAAAAGTAGCTGGGTGTGGTGGTTTGTCTGTAGTCCCAGCTACTCGGGAGGCTGAGAGGTGGGAGGATCACTGGAGTCTAGGAAGTCGAGGCTGTAGTGAGCCAAGATCATGCCACTGCACTCCAGCTTGGGCAACAGAGTGAGACCCTGCCTCAAAAAGTAATAATAAAATAAAA"
"chr1","10321199","10321508","KN295923v1","1961483","1961792","69","8359716","GGCCGGGTGCAATGGCCCACACCCGTAATCCTAACATTTTGGGAGGCCAGGGCAGGAAGATCGCTTGAACTCAGGAGTTCGATCGAGACTATGCTGGGCAGCATAATGAGACCCCAACTCTATAAAATTTATAAACTTAAAAATTAGCTGGGATGGTGGTGTGCATCTGTAGTTCCGGCTATTCAGGTGGCTGAGGTGGGAGGATGGCTGAGCCTGGAGGTGAAGGATGCAGTGAGATATGATTGCACCATTGCACTCCAGCCTGGACGGCAAAGTGAGACCCTGTCTACAAAAAAAAAACAACAAAAAA","GGCTGGGTGCAGTGGCTCAGGCCTGTAATCTCACTACTTTGGGAGGCTGAGGTAGCAAGATCGCTTGAGCCCACGAGTTCATGACCAGCCTGGACAACATAGTGAGACCCCATCTCTATAAAAAGAAAAATAAAAAATTAGCTGGGCATGGTGGTTCCTATAGTCCCAGCTACTCAGGAGGCTGGAGTGGGAGGATCGCTTGAGCCCAGGAGGTTGAGGCTGCAGTGAGCTGTGATTGCACCACTGCACTCCAGCCTGGGTGGCAGAGTTAGACCCTGTCTCAAAACAACAACAACAACAACAAAAAAGA"
"chr1","10337930","10338246","KN295667v1","364943","365243","38","9972987","GGCCAGGTGTGGTGGCTCATGCCTGTAATCCCAGCACTTTGGGAGGCCAAGGCAGGAGGATCGTTTGAGCTCAGGAGTTCGAGACCAGCCTGAGCAACATAGTGGGGCCCCGTCTCTACAAAAAAATAAAATAAAATAAAATAGCTGGATGTGGTGCTGCAGGCCTAAAGTCCCAGTTACTTAGGTGGCTTAGGTGGGAGGATCACTTCAGCCCAGGAATTCAAGGCTGCAGTGAGCTATGATTGAACCACTGCTCTTCAGCCTGGGAGACAGACCAAGACATTGTTTCAAAAAAAAAAAAACAAAAAAACAAGAAA","GGCCAGGTGCGGTGGCTCATGCCTATAATTTCAGCACTTTGGGAGGCCAAGGCAGGAGGATCGTTTGAGCCTAGGAGTTCGAGACCAGCCTGAGCAACATAGTGGGGCCCTGTCTCTACAATAAAATGAAATAAAATAGCCGGATGTGGTGCTGCAGGCCTAAACTCCCAGTTACTCAGGTGGCTTACGTGGGAGGATCACTTGAGCCCAGGAATTCAAGGCTGCAGTGAGCTATGGTTGCACCACCGCACTTCAGCCTGGGGGACAGACCAAGACCCTATTTAAAAAAAACAACAAAAAA"
"chr1","10342949","10343197","KN297190v1","231716","231971","53","10111233","GGTCAGTTGTGGTAGCTCACACCTGTAATCCCAGCACTATGGGAGATAAAAGTGGGAAGATCACTTGAGGCCAGGAATTTGAGGCCAGCGTGGGCAATACAGCGAGACCCCGTCTCTACAAAAAAATTTTAAATTAGCTAGGCATGGTGGCACGTGTCTGGAGTCCCACCTATTCGGGAGGCTGAGGCGGGAGGACTGCTTGAGCCCAGGAATTCAAGGTTGCAGTGAGCTATGATCATGCTACTGCAC","GGCCGGGTGCGGTGGCTCACGCCTGTAATCCTAGCACTTTGGGAGGCTGAGGTGGAAAGATCACTTGAGGCCAGGAGTTTGAGACCAGCCTGGGCAACATAGTGAGACCCTGTCTCTACAAAAAATAAAAAAATATTAGCTGGGTGTGGTGGCGCCTGCCTGTAATCCCAGCTACTCAGGAGGCTGAGGCGGGAGGGAGGATTGCTTGGGCCCAGGAGTTGGAGGCTGCAGTGAGCTACAATCATACTACTGCATT"
"chr1","10343484","10343743","KN295667v1","358823","359084","19","9984661","TGGCTCACACCTGTAATACTAGCACTTTCCTACTAAGGTAGGAAGATCACTTGAGCCCAAGAGTTCAAGACCTGCCTGGGCAATGTAGAACTTGTCTCTAAAGAAAAAAAAAAATTTAATTAGCCGGGTGTGGTGGTTCGTGTCTATATTCCCAGCTACTCAGGAGGCTGAGGTGGGAAGATCACTTGAGCCCAGGAGTTAGATTGCACCAGTGCACTCCAGCCTGGGCAACAGAGCAAGACCCTTGTCTAAAAATAAAA","TGGCTCATACCTGTAATACTAGCACTTTCCTACTAAGGTGGGAAGATCACTTGAACCCAAGAGTTCAAGACCTGCCTGGGCAATGTAGAACTTGTCTCTACAGGAAAAAAAAAAAAAAAAATTAGCTGGGTGTGGTGACTCGTGCCTGTATTCCCAGCTACTCAGGAGGCTGAGGTGGGAAGATCACTTGAGCCCAGGAGTTAGATTGCACCAGTGTACTCCAGCCTGGGCAACAGAGCAAGATCCTGTCTCTAAAAATAAA"
"chr1","10348882","10349173","KN295667v1","352846","353122","35","9996036","GGGCATGGTGGCTTATGCCTATAATCTCAGCACTTTTTGATGCCAAGGTGGAAGGATCACTTGAGGCCAGGAGTTCAAGACCAGCCTGGGCAACATAAGGAGACCCTATCTCTACAAAAAAACTTAAAAATTAGCTGGGTATAGTGGTGTATGCCTGAAGTCCCAACTACTAAGGAGGCTGAGGCAGAAGGATCACATTAGTCCAGGAGTTCGAGGCTGCAGTGAGTTGTGATTACATCACTGCACTCCAGCCTGGGTGACACAGGGAAACCCTATCTATAAAAAAATAAAA","ATGCCTATAATCTCAGCACTTTTTGATGCCAAGGTGGAAGGATCACTTGAGGCCAGGAGTTCAAGACCAGCCTGGGCAACATAGTGAGACCCTGTCTATACAAAAAAATTTAAAAATTAGCCAGGTATGGTGGTGCATGCCTGAAGTCCCAACCACTCAGGAGGCTGAGGCAAGAGGATCACATGAGTCCAGGAGTTTGAGGCTGCAGTGAGCTGTGATTGTACCACTGCACTCCAGCCTGGGTGACACAGGGAAACCCTATCTCTAAAAAATAAAA"
"chr1","10355902","10356171","KN295667v1","343945","344215","16","10011957","GGCTGGGTGTGGTGGTGCATACCTGTAATCCCAGCACTTTGGGAGGCCAAGATGAGGGGATCGCTTGAGGCCAATAGGTTGAGACCAGCCTGGGCAATATAGCACAAATACCCTATCTCTACAAAAAAAATTTTGAAAAATTAGCCAAATGTGGTGGTACACACCTATAGTCCTAGCTACTCAGGAGGCCAAGGCAGGATTGCCTGAGCCCAGGAGTTTGAGGCTGCAGTGAGGTATGATTGTGCCATTGCACCCCAACCTGTGTGACAG","GGCTGGGTGTGGTGGTGCGTACCTGTAATCCCAGCACTTGGGAGGCCAAGGTGAGAGGATCGCTTGAGGCCAATAGGTTGAGACCAGCCTGGGCATTATAGCACAAATACACTATCTCTACAAAAAATTTTTTGAAAAATTAGCCAAATGTGGTGGTACATGCCTATAGTCCTAGCTACTCAGGAGGCCAAGGCAGGATTGCCTGAGCCCAGGAGTTTGAGGCTGCAGTGAGATATGATCGTGCCATTGCACCCCAACCTGGATGACAGAG"
"chr1","10357751","10358031","KN295667v1","342442","342725","29","10015309","TCCCAGCACTTTCGGATGCCAAGGCAGGAGGATTGCTTGAGGCTGGGAGTTCGAGACCAGGCTGGGCAACATAGCGATATGCTGTCTCTACAAAAAATAAATAAGATACCCAGGCGTGGTGGTCTGTGCCTGTGGTCCCAGCTACTCGGGAGGCTGAAGTGGGAGGATCGCTTGAATCCAGGAGTTCAAGGTTGCAGTGAGGTTTTATTATTGCACCACTGCATTCCACCCTGGGCGACAGAGCAAGACCCTGTCCCTAAAAAAAATTAAAAAAAGACAAA","TCCCAGCACTTTGGGACGCCAAGGCGGGAGGATTGCTTGAGGCTGGGAGTTCAAGACCAGCCTTGGCAACATAGCAAGATGCCATCTCTACAAAAAATAAATAAGAGAGTAAGGTGTAGTGACCTGTGTCTGTGGTCCCAGCTACTTGGGAGGCTGAAGTGGGAGGATTGCTTGAATCCAGGAGTTTAAGGTTGCAGTGAGGTTTTATTATTGCACGACTGCATTCCACCCTGGGCGACACAGCAAGACCCTGTCCCTAAAAAAAAGAGAAAGAAAAAGACAAA"
"chr1","10358322","10358595","KN296430v1","1252679","1252953","51","9105643","GGCTGAGTGCAGTGGCTCATACCTGTAATCCCAGCACTTTCAGGGGCTGAGGTGGGAGGATTGCTTCAGCCCACAAGTTTGAGACCAGCCTGGGCAACATAGGGAGACCCCCATCTCTACAAAAAATAAATAAAATAGTTGGACATGATGGCATGCGCCTGCGGTTCCAGCTACTCAGGAGGCTCACATGGGAGGATTGCTTGAGCCCGGGAGGTTGAGGCTGCAGTGAGCCATGGTTGCACCATTGCACTCCAGCCTGGGTGACAGAGCAAGA","GGCTGGATGCAGTGGCTCATGACTGTAATCCCAGCACTTTGAGGGGCTGAGGTGGGAGGATTGCTTGAGCCCAGGAGTTTGAGACCAGCCTGAGCAACACAGTGAGACCTAGTCTCCACAAAAAAATTTTTTTAATTAGCCAGGCATGGGAGTGCTCGCCTGTGGTCCCAGTTACTCAGGAAGCTGAAGTGGCAGGATCACTTGAGCCCAGAAGGTCAAGGCTGCAGTGAGCCAAGATTGCACCACTGCATCTCAGCCTGGGTGACAGAGCAAGA"
"chr1","10373605","10373898","KN295667v1","326799","327087","28","10046806","CAGGCATGGTGGCTTACACCTGTAATCCCAGCACTTTGAGAGGCCGTGGCAGGAGGATCACTTGAAGCCAGAGCTCAAAACCAGCCTGGGCAACTTAGTGAGCCCCCATTTCTACAAAAATAAAAACAATTAACTGGGCATGGTGGTACACACCTGTAGCCTCAGCTACTCAGGAAGCTGAGATGGGAGGATCCCTTGAGCCCAGGAGTTTGAGACTGCAGTGAGCTATGATGGTGCCACTGGCGCCTGGGTAACAAAGCAAGACCCTGTCTCAAAAAAAACAAAAAAAAAAAA","GGCCGGCATGGTGGCTTATACCTGTAATCCCAGCACTGTGAGAGGCTGTGGCAGGAGGATCACTTGAAGCCAGAGTTCAAAACCAGCCTGGGCAACTTAGTGAGTCCCCATTTCTACAAAAAATAGAAAACTAACTGGGCATGGTGGTACACACCTGTAGCCTCAGCTACTCAGGAAGCTGAGATGAGAGGATCCCTTGGGCCCAGGAGTTTGAGGCTGCAGTGAGTCATGATGGTGCCACTGGCGCCTGAGTAACAGAGCAAGACCCTGTCTCAAAAAAAAGAATAAA"
"chr1","10376165","10376291","KN295667v1","323659","323787","13","10052506","GGCTGGGCACGGTAGCTTGCACCTGTAATCTCCCAACACTTTGGGAAGCAAAGGTGGGAAGTTGGCTGGAGGACAGGAGTTCAAGGCCAGCCTATGCAACCAAGCAAGACCCTGTCTCTACAAAAAA","GGCTGGGCATGGTAGCTCGCGCCTGTCATCTCCCAACACTTTGGGAAGCAAAGGTGGGAAGATAGCTGGAGGATAGGAGTTCAAGGCCAGCTCGTGCAACAAAGCAAGACCCTGTCTCTACAAAAAATA"
"chr1","10393146","10393434","KN295667v1","310388","310676","15","10082758","GCCAGGCATGGTGGCTCACGCCTATGGTCCCAGCACTTTGGGAAGCTGAGGTGTGAGGATTGCTTGAGGCCAGGAGCTCAACACCAGCCTGGGCAACATAGCAAGATCCTGTCCCTACAAAAAAAAGTTTTTAATTAGCTGGGTGTGATGGCACACACCTGTAGCCCCACCTACTTGGGAGACTGAGGCAGGAGGATCACCTAAGTCCAGGAGTTTGAGGCTGCAGGGAGCCGTGATTGTGCCACTGCACTCCAGCCTGGGCAACAGAGTGAGACCCTGTCTCTAAGAA","GCCAGGCATGGTTGCTCATGCCCACGGTCCCAGCCCTTTGGGAAGCTGAAGTGTGAGGATTGCTTGAGGCCAGGAGCTCAACACCATCCTGGGCAACATAGCAAGATCCTGTCCCTACAAAAAAATGTTTTTAATTAGCTGGCTGTGATGGCACACACCTGTAGCCCCACCTACTTGGGAGGCTGAGGCAGGAGGATCATCTAAGTCCAGGAGTTTGAGGCTGCAGGGAGCCGTGATTGCGCCACTGCAGTCCAGCCTGGGCACCAGAGTGAGGCCCTGTCTCTAAGAA"
"chr1","10406674","10406968","KN295667v1","294944","295238","26","10111730","GGCTGGGTGCGCTGGCTCACACCGTAAGCCCGGCACTTTGGAAGGCCGAGGTGGGAGGAGTGCTTGAGCCCAGGAGTCTGAGACCAGCCTGGGCAACATAGTGAGACCCCCATCTCTACAAAAAATAAATATTAGCTGGGCGCAGTGGTGCACACCTATGACCCCAGCTAGGTGGCAGGCTGAGGTGGGAGGGTCGCTTAAGCCCAGGAGACGGAGGTTGCAGTGACCATGACGACACCACTGTACTCCAGCCTCGGTGATAAAGCAAAACCCTGTCTCAAAAAAAAAAAAAAAA","GGCTGGGTGCGGTGGCTCACACCTGTAATCCCAGCACTTTGGAAGGCGGAGGTGGGAGGACTGCTTGAGCCCAGGAGTTTGAGACCAGCCTGGGCAACATAGTGAGACCCCCATCTCTACAAAAAATAAAAATTAGCTGGGCACAGTGGTGCACACCTATGATCCCAGCCACCTGGCAGGCTGAGGTGGGAGGATCGCTTGAGCCCAGAAGATCGAGGTTGCAGAGACCCATGAGCACACCACTGTACTCCAGCCTAGGTGATAAAGCACAACCGTCTCAAAAAAAAAAAAAAAA"
"chr1","10408487","10408785","KN295667v1","294020","294313","21","10114467","GGCCAGGCGTGGTGGCTCATGCCTGTGGTCTCAGCACTTGGGAGGCTGAGGCGGGAGGATCGCTTGAGCCCAGGAGTTGAAGATCAGCCTGGGCAACATAGGGAGAGCTCATCTCTACAAAAAGTTTAGAAATTAGCCAGGCGTGGCGGTGTGCACCTGGAGTCCCAGCTAGCCAGGAGGCTGAGTTGGGAGGATCACCTGAGCCCAGGAGGTTGAGGCTGCAGTGAGCCATGATAGTGCCACGCTGCACTCCAGCCTGGGCCACAGAATGAGACCTTGTCTCAAAAAAAAGATAGAAA","GGCCAGGCATGGTGGTTCATGCCTGTGGTCTCAGCACTTGGGGGGCTGAGGCCGGAGGATCGCTTGAGCCCAGGAGTTGATCAGCCTGGGCACATAGGGAGAGCCCATCTTTACAAAAAGTATAGAAATTAGCCAGGCGTGGCGGTGTGCACGCGGAGTCCCAGCTAGCCAGGAGGCTGAGTTGGGAGGTTCACTTGAGCCCGGGAGGTTGAGGCTGCAGTGAGCCATGATAGTGCCACTGCATTCCAGCCTGGGCCACAGAATGAGACCTTGTCTCAAAAACAAAGATAAAAA"
"chr1","10415325","10415634","KN295667v1","290790","291097","21","10124535","GGCAGGGCATGGTGGCTCACACCTGTAATTCCAGCACTTTGGGAGGCTGAGATGGGATGATTGTTTGAAGCCAGGAGTTTGATACCAGCCTGGGCAACATAGTGAGACCTGGTCTCTACAAAAAATAAAAATTAGCCAGGTGCGCTGATGCAGGCTTGTGGTCCCAGCTACTTGGGAGGCTGAAGTGGGAGGATCACCTGAGCCCAGGAGGTGGAGGTTACAGTGAATCTTGGTGGTGCCACTGCACTCCAGCCTGGGCGGCAGAGCGAGACCCTGCCTCTCAAAAAACTACAATAAAAACAAACCAAAA","GGCAGGGCATGGTGGCTCACACCTGTAATTCCAACACTTTGGGAGGCCGAGGTGGGATGATTGTTTGAAGCCAGGAGTTTGATACCAGCCTGGGCAACATAGTGAGACCTGGTCTCCACAAAAAATAAAAATTAGCCAGGTGTGCTGGTGCGAGCTTGTGGTCCCAGCTACTTGGGAGGCTGGAATGGGAGGATCACCTGAGCCCAGGAGGTGGAGGTTACAGTGAGCCTTGGTCGTGCCACTGCACTCCAGCCTGGGCGACACAGCAAGACCCCTGCCTCTCAAAAAACAATGAAAACAAACCAAAA"
"chr1","10442467","10442683","KN295667v1","262508","262719","23","10179959","GACCAACCTGGGGAACATAGCAAGACCCCATCTCCACAAAAATGTAAAAAATAAAAATTAGCCGGGTGTAGTGGCACATGCCTGTAATCCTAGGTACTCGGGAGGCTAAGGCAGAAGGATCACTTGAGCCCAGGAGTTCGAGGCTGCAATGAGCTGTGATCGTGCCACTGCACTCCATCCTGGGTGGCAGAGTGAGGCCCTGTCTCAAAATAAATAA","ACCGACCTGGGGAACATAGCAAGACCCCATCTCTATAAAAATTTAAAGACTAAAAATGAGCCGGGTGTAGTGGCACATGCCTGTAATTCTAGCTACTCAGGAGGTCAAGGCAGAAGGATCACTTGAGCCCAGGAGTTTGAGGCTGCAATGAGCTATGAACTTGCCACTGCACTCCACCCTGGGTGACAGAGTGAGGCCCTGTCTCAAAATAA"
"chr1","10443234","10443338","KN295667v1","261889","261990","6","10181345","GGCTGGGTGTGGTGGCTCATGCCTGTAATCCCAAAATTCTGGGAAGCTGATGTGGGAGGATTGCTTGAGGCCTGGAGTTTGAGACCAGCCTGGGTAACATGGTGA","GGCTGTGTGTGGTGGCTCATGCCTGTAATCCCAAAACTCTGGGAAGCTGATGTGGGAGCATTGCTTGAGGCCTGGAGTTTGAGACCAGCCTGGGTAACATGG"
"chr1","10445038","10445238","KN294260v1","800669","800861","53","9644369","CAGCTTAGGCAACATAGCAAGACCCTGTCTCTACAAAAAAAATTTTAAGTTAGCCAGGCATGGTGGCACTGAACTATAATCCTAGCTACTCTGGAGGCTAAGGCGAGAGGATCACTTGAGCCCAGGAGCTCAAGGCTGATCATGCCACCATACTCCAGCCTGGATGATAGAGTAAGACCCTACTTTTTTTTTTAAAAAAAA","AGCCTGGGCAACATAGCAAAAACTCTGTCTCTACAAATAAAAATTAAAACATTAGCCAGTCACGGTGGCAGGGACCTGTCGTCCCAGCTACTCAGGAGGCTAAGGTGAGAGGACCTTAGCCTGCAGTGAGCCATGACCATGCCACTGCACTCTAGCCTAGGTGACAGAGTGAGACCCCATCTCAAAATAAAAA"
"chr1","10464065","10464345","KN295667v1","239514","239793","14","10224551","GGCTGGGCGTGATGACTCATACCTGTAATCTTAGCACTTTGGGAGGCTGAGGCGGGAGGATCGCTTGAGGCCAGGAGTTTGAGACCAGCCTTTGCAATATAGGGAGACCTCGTTCCTACTGAAAATTAAAAAATTAGCCAGGCATGGTAGCGCTTGCCTGTGGTCCCAGCTACTTTGGAGGCTGAGGTGAGAGCATCACTTGGGCCTGGGAGGTTGAGGCTGCAGTGAGCGGTGATTGTGCCATTGCCCTCCAGCCTGGGTGAGAGAGCAAGACCCTGTTT","GGCTGGGCGTGATGGCTCATACCTGTAATCTCAGCACTTGGGGAGGCTGAGGTGGGAGGATCGCTTGAGGCCAGGAGTTTGAGACCAGCCTTTGCAATATAGGGAGACCTCGTTCCTAAGAAAATTTAAAAATTAGCCAGGCATGGTAGCGCTTGCCTGTGGTCCCAGCTACATAGGAGGCTGAGGCGAGAGCATCACTTGGGCCTGGGAGGTTGAGGCTGTAGTGAACGGTGATTGTGCCACTGCACTCCAGCCTGGGTGAGAGAGCAAGACCCTGTTT"
"chr1","10475652","10475938","KN297154v1","1519957","1520240","63","8955695","GTGGCTTACACCTTAAACCCAGCACAGCACTCTGGGAGGGTACAATGGGAGGATCCCTTAAGGCCAGGAGTTTGAGACCAGCCTGGGCAACACAGCGAGACCCCATCTCTACAAAAAATTTAAAAATTAGCCGGGTGTGGTGGTGCATCCTATAGTCCCAGCTACTCAGGAGGCTGGGGAAGGAGGCTCGCTTGATCCCAGGAGGCAGAGATTGCAGTGAGCTATGATGGTGCCATTGTATTCCAGCTTGGTCAACAGAGCAAGACTCTGTCTCAAAAAGAAAAAAA","GTGGCTCATACTTATAATCTCAACACTTTGGGAGGCCAAGGTGGGAGGATTGCCTGAGGACAGGAGTTTGAGACAATCCTGGGCAACATAGCAAGACCCTTTCTCTACAAAAAAATTTGAAAATTAGCTGAGCATGGTGAAGCACACCTGTAGTCCCAGCTACTCAGGAGGCTGAGTCAAGAGGGTTGGTTGAGCCTAGGTGTTGGAGGCTGCAGTGAGCTATGATCATGCCACTGCACTCCAGCCTGGGCAACAGAGCAAGACTCTGTTTCAAAAAAATAAAA"
"chr1","10482571","10482875","KN295667v1","218716","219027","26","10263855","GGCCAGGTGCAGTGGCTCATGCCTATCATCCCAGCACTTTGGGAGGCCAAGGTCGGGGGATCACTTGAGGCCAAGAGTTTGAGACCAGCCTGCACAAAATAGAGAGACCCCATCTCTATTATAAATTTTAACATTAGCCGGGCTTGGTGCCTCATGCCTATACTCTCAGCTGCTCAGGAGGCAGAAGCCAGAGGATTGCTTGAGCTCAGGAGTTTGAGGCTGCAGTGAGCTATGATCATGCCACTGCACTCCAGCCTGAGCAACAGAGCAAGACCCTGTCTCTAAAACAAAACAAAAGAATAAAA","GGCCGGGTGCAGTGGCTCATGCCTATCATCCCAGCACTTTGGGAGGCCAAGGTCAGGGGATCACTTGAGGCCAGGAGTTTGAGGCCAGCCTGCACTAAATAGAGAGCTCCCATCTCTATTACAAATTTTAACATTAGCCGGGCTTGGTGGCTCACGCCTATACTCTCAGCTGCTCAGGAGGCACAAGCCAGAGGATCGCTTGAGCTCAGGAGTTCGAGGCTGCAGTGAGCTATGATCATGCCGCTGCTCTCCAGCCTGGGCAACAGAGCAAGACTCTGTCTCTACAACAAAACAAAACAAAACAAGAATAAA"
"chr1","10485051","10485332","KN295667v1","214789","215060","31","10270262","GGCTGAGCGTGGTGGCTCACGCCTGTAATCCTTGCACTTTGGAAGGAAGAAGCGGGAGGATTGCTTGAGTTCCGGAGTTTGAGACCAGATTCGGCAACATAGTGAAACCCTGTCTTTACAAAAAATTTAAAAAAATTTAGCCAGATGTGGTGGCGAGTGCCTGTAGTCCTTGGGAGGCTGAGGTGGGAGGATTGCTTAAGCCTAGTGGGTTGAGGCTACATTGAGCTGTGATCCCCCCACTGCACTCCAGCTTGGGCAACAGAGCAAGACTCTGTCTCAAAA","GGCTGAGTGTGGTGGCTCACGCCTGTAATCCTTGCACTTTGGAAGGAAGAGGCAGGAGGATTGCTTGAGTTCTGGGGTTTGAGACCAGCTTTGGCAACATAGTGAAACTTGTCTTTACAAAAAAATTTAGCCAGATATGGTGGTGAGTGCCTGTAGTCCTTGGGAGGCTGAGGTGGGAGGATTGCTTAAGCCCAGTGGGTTGAGGCTACAGTAAGCTTTGATCACACCACTGCACTCCATTGTGGGCAACACAGCAAGACCCTGTCTCAAAA"
"chr1","10486204","10486519","KN296079v1","1662609","1662912","57","8823595","GGCAGGGCGTGGTGGCTCACACCTGTAATCCCAGCACTTTGGGAGACTGAGGCGGGGGATCGCTTGAGCCCAGGAGTTCGAGATCAGCCTGAGCAACATAGTGAGACCTCATCTCTACACAATTTTTTTAAAAAATTAGCTGGGCATGGTGGTGTGCACCGGTAGTCCCAGCTACTGGGGAGGCTGAGGTGGGAGAATCACCTGAGCCCAAGAGGTGGGGGGCTGCAACGAGCCATGATTGTGCCACTGCACTCCAGCCTGAGTGACAGAGAAAGACCCTGTCAATTAAAAAAAAAAAGAAAAAAGAAAAAGAAAA","GCCGGGCGCGGTGGCTCACGCCTGTAATCCCAGCACTTTGGGAGGTGAGGCAGGTGGATTGCTGAGCCCAGGAGTTCAAGACCAGCCTGTGCAACATAGCGAAACTCCCTCTCTACAAAATTTTTTAAAAAAATTAGCTGGGCATGCTGGTGTGCACTTGTGGTCCCAGCTACTTAGGAGGCTGAGGTGGGAGGATCACCTGAGCCCTGGAAGTCAAAGCTGCAGTGAGGCATGATTGCGCCACTGCACTCCAGCCTGGGCGACAGAGTGAGACCCTGTCTCAAAACAAACAAACAAACAAAAA"
"chr1","10504285","10504598","KN297112v1","1330702","1331012","61","9173583","GGCCGCCCATGGTGGTTCATGACTGTAATCCAGCACTCTGGGAGGCCAAGGTGGGAGGATCACTTGAGGCCAAGAGTTTGAGACCAGCCTAGACAACACAGTGAAATCCTGTCTCTTCAAAAAATTTAAAAATTAGCTGGGCATGTTGGCATATGCCTGTGGTCCTAGCTACTTGGGAGGCTGGGGCAGGAGGATCGCTTGAGCTCAGAAGGTTGAGGCTGCAGTGACCTATGACCGCACCACTGCACTCCAGCCTGGGGTGACAGAGTGAGACCTTGTCTCTAGTTAAAAAAACAAAAAAAAAAAAAGAAGAA","GTCAGGTGCAGTGGTCACACCTGTAATTTCAGCACTTTGGGAGGCCAAGGTGGGAGGATTGCTTGAGGCCAGGAGTTTAAGACCAGACTTGACACACAGTGAGACTCTGTCTCTACAAAAAAGAAAACGTTAGCTGGGCATGGTGACATGCACCTGTAGTCTTGACTACTTGGGAGGCTGAGGCAGGAGGATCACTTGAGTTCAGGAGGTTGAAGCTGCAATGAGTTATGATCACACCACTGCACCCCAGTTTGGGCAAGAGAGAGAGACCCTGTCTCTATTTAAAAAAAAAAAAAAAAAAAGAAGAAGAA"
"chr1","10508831","10509113","KN295667v1","191543","191818","34","10317288","GGCCAGGCATGGTGGCCCACGCCTATAATTCAGCACTTTGGGAGGCTGAGGCAGGAGGATGGCTGGAGGCCAAGAGTTCGGGACCAGCCTGGGCAACATAGCGAGACTCCATTGTTTCAAAAAAAATTTGTTTTTTTTAAATAGCTTGGCGTAGTGGCGCTCCAGCTACTCGGGGAGCTCGGTGGGAGGATGGCTTGAGCTCAGGAGTTTGAGGTTACACTGAGCTATGATTGTACCGCTTCACTCTAGCCTGGGTGACAGAGTGAGACCCCGTCTCTAAAAA","GGCTGGGTATGGTGGCCCATACCTATAATTCAGCATTTTGGGAGGTGGGATGGCTTGAGGCCAGGAGTTCGGGACCAGCCTGGGCAACATAGCAAGACTCCATTTTTTCAAAAGAAAAAACTGTTTTTTTTAAATAGCTGGGTGTAGTGGCGCTCCAGCTACTTGAGAGGCTAGGTAGGAGGATGGCTTGAGCTCAGGAGTTTGAGGTTACACTGAGCTATGATTGTGCCACTTCACTCTAGCCTGGGTGACAGAGTGAGACCCTGTCTCTAAAAA"
"chr1","10528087","10528344","KN295667v1","171744","172020","35","10356343","GGCCAGGTGCCGTGGTTCATGTCTGTAATTCCAATGCTTTGGGAAGGCAAGGCAGAAGGATGACTTGAGGCCGAGAGTTTGAGACCAGCCTGGGAAACACAGTGAGACCCTGTCTCTACAAAAAAATTCACCAGGTGTGGTGGCACGTGCCTGTAGTCCCAGCTACTCGGGAGGCTAAGGCAGAAGGATCGCTTGAGCCCAGAAGTTCAAGGCTTCAGTGAGCTATGATCATGCCATTACATTCCAGCCTAGGCAATA","GGCTAGGTGCTGTGGTTCATGTCTGTAATTCCAATGCTTTGGGCAGGCAAGGCAGGAGGATGACTTGAGGCCAAGAGTTTGAGACCAGCCTGGGCAACACAGTGAGACCCTGTCTCTACAAAAAAATGTTAAAAATTTAAAAAAATTAACCAGGTGTCGTGGCATGTGCCTGTAGTTCCAGCTACTTGGGAGGCTAAGGCAGAAGGATCGCTTAAGCCCAGAAGTTCAAGGCTTCAGTGAGCTATGATCATGCCACCACATTCCCGCCTAGGCGATA"
"chr1","10530199","10530489","KN296547v1","911944","912233","56","9618255","GGCTGGGTGTGGTGGCTCAAGCCTGTAATCCCAACACTTTGGGAGACTGAGACAGAAGGATTGCTTTAGATGGAAGGGTTGAGACCAGCCTAGACAACACAGTGAGATCCTGTCTCTACAAAAAAAATTAAAAATTAGCTGGGCGTGGTGGTGCATGCCTGTGGTTCCAGCTACTTGAGAGGCTAAGGCAGGAGGATTGCTTGAGCCTTGGAGTTTGAGCTTACAGGGAGCTATGATTGTGCCACTGCACTGTAGCCTGGGTGACAGAGCAAGACACCGTCTCAAAAAAAA","GGCTAGGCATGGTGGCTCACGCCTGCAATCCCAGCACTTTGGGAAGCTGAAGCTGGAGGATTGCTTGAGGCTGGGAGTTTGAGACCAGCCTGGGCAACACAGTGAGCCCTCCTGTCTACCAAAACATTTAAAATTAGCTGGGTGTGTGGTGTGTGCCTGTAGTTCCAGCTACTTGAGAGGCTGAGGCAGAAGGATCACTTGAGCCTAGGAATTTGAGGTTGCAGTGAGCTGTGATAGTGCCACTGCATTCCAGTTTGTGTGACAGAACAAGACCTTGTCTCAAAAAAAAA"
"chr1","10549739","10549941","KN295667v1","149424","149626","14","10400315","CTGAGTGCAATGGCTTGAGCCTGTAATCCCAGCTACTTGGGAGGCTGAGGCAGGAGGATTGCTTGAGGCTAGGAGTTTGAGACCAGCCTGGGCGGCCTCATTGCTACAAAAAACACAAAATTAGATGGGTGTGGTAAGCACATGCCTGTAGTCCCAGCTACTTGGGAGGCTGAGGTGGGAAGATCTCTTAAGCCCAGGAGTTC","CTGGGTGCAATGGCTTGAGCCTGTAATCCCAGCTACTTGGGAGGCTGACGCAGGAGGATTGCTTGAGGCTAGGAGTTTGAGACCAGCCTGGGCAACCTCATCTCTACATAAAATACAAAAATTTGATGGGCGTGGTAGCACACGCCTGTAGTCCCAGCTACTCGGGAGGCTGAGGTGGGAAGATCTCTTAAGCCCAGGAGTTC"
"chr1","10558761","10559028","KN295667v1","139938","140198","32","10418823","GGCCGGGTGTGGTGGCTCACACTAGTGATCCCAGAGCTTAGGGGGCTGAGGCAGGAGGATGGCTTGAGGCCAGGAGTTCGAGACCAGCCTGGGCAACATGGTGAGACCCCCATCTGAAAAAATTCGTAAAAGATAAACCAGGTATGGTGGTGTGCACTTGTAGTCCCAGCTGCTCAGGAGGCTGATGTGGGAGGGTAGCTTGAGCTGCACTCCTAGACAACAGAGCAAGAACCCGTCTCTAACAAAAAAAAAAAAAAAGGAAAGAAAA","GGCTGGGTGTGGTGGCTCACACTAGTGATCCCAGAGCTTAGGGGGCCAAGGCAGGAGGATGGCTTGAGGCCAGGAGTTCAAGACCAGCCTGGGCAACATGGTGAGACCCCCACCTCAACAAAAAAATTCGTAAAAGATGAACCAGGCATGGTGGTGTGCATCTGTTGTCCCAGCATGTTCAGGAGGCTGATGTGGGAGGATAGCTTGAGCTGTACTCCTAGACAACAGAGCAAGAACCTGTCTCCAAAAAAAAAAAAGGAA"
"chr1","10587888","10588166","KN295667v1","109797","110096","41","10478091","CGCCTGTAATCCCAACTCTTTGAGAGGCCGAGACAGGAGGAGCACTTTGAAGCTAGGAGTTCAAGACCAGCCTGGGCAACATAGTGAGATGCCATCTCTGTAAAAAAATTTAAAAAACAAAACTAGCCAGGCATGGTGGTGTGTGTACTTGGGAGGCTGAGGTGGGAGGATTGCTTGAGCCCAGGAGATCGAGTCTGCAGTGAACCATGATTGTACCCCTGCACTCCAGCCTGGGCTCCAGAGCAAGGCCCTGCCTCTAAAAAACCAAAAAGAAAGAAA","CGCCTGTAATCCCAAATCTTTGGGAGTCTGAGATGGGAGGAGCACTTTGAAGATGGGAGGAGCACTTTGAAGGAGTTCAAGACCAGCCTGGGCAACACAGTGAGATGCCATCTCTTTGAAAAAAATTTTAAAACCAAAAGTAGCCAGGCATGGTGGTGCATGTACTTGGGAGGCTGAGGTGGGAGGATTGCTTGAGCCCAGGAGGTTGAGTCCGCAGTGAACCATGATTGTACCACTGCACTCCAGCCTGGGTGCCAGAGCAAGGCCCTGTCTCTAAAAAACCAAAACGAAAGAAAGAAA"
"chr1","10722969","10723276","KN296538v1","1221195","1221497","64","9501774","GGGCACAATCACTCATGCCTGTAATCCCAGCACTTTGGGATGCCAAGGCGGGTGGATTGCTTGATGCCAGGAGTTCAAGACCAGCCTGGGCAATACAGTGAGACCCTGTGTCTCCACAAAAAAATTTTTTTTAATTAGCTGGTTGGGGTGGCGCATACCTGTAGTTCCGGCTCCTTGGGAGGCTAAAGTGGGAGGAATCCTTGAGCCCAGGAGGTGGAGGCTTCAGTGAGCTATGATCGCTTCACTGCACTCCAGCCTGGGCGACAGGGTGAGACCCTGTCTGGAACAAAAAAGAAAAAGAAAAAAAA","GGCCGGGCATAGTGGTTCATGCCTGTAATCCCAGCACTTTCGGAGGCCAAGGTGGGAGGATTGCTTGAGGCCAGGAGTTAGAGACCAGTCTGAGCAACAAAGTGAGACCGTGTTTCTACAAAAAAAATTTTTTTAATTATCTGGGTGTGGTGGTGTGCACCTGTAGTCCCAGCTACTTGGGAGGCTGAGGTGGGAGGATCGCTTGAGCCCAGCAGATCAAGGCTTCAGTAAGCTATGACGGTGTCACTGTATTCCAACTTGCGTGACAGAGAGAGACCCTGTCTCTAGAAAAAAAAAAAAAAA"
"chr1","10732199","10732501","KN294233v1","765659","765946","74","9966540","GGCTGGGCACGGTGGCTCACGCCTGTAATCCCAGCGTTTTGGAAGGCTGAGGCGAGAATCGCTTGACGCCAGGGGTTCAAGACTCCCATCTCTTAAAAAAAAATTAAAAATAAAAATTAGCCAGGTGTGGTGGCGCACGCACCTGTAGTCCTACCTATTTGGGAGGGGAGGCTGAGGTGGGAGGATCACTGGAGCCCAGGAGGTTGAGGCTGTAGTGAGCTGTGATCGCACCACTGCACCCCAGCCTTGGCAGCAGAGCAAGACCCTGTCTCTTAAAAAGTAGAAGAAGAAAAGAAAAGAAAA","GACTGGGCAAGTGGCTCATGCCTGTAATCCTATCACTTTGAGAGGCTAGGACATGAGGATCACTTGAGCACAGGATTTTGAGACCCCATCTCTACAAAAACTTAAGAAAAAAATTAGCCAGATGTGGTGGCGCATGCCTGTAGTCCTACCTACTTCAGAGGCTGAGATGGGAGGATAGCTTGAGCCCAGGAGTTTGAGGCTGTGAGCTATGTCTTTCCTCTGCACTCCAGCCAAGGCAATAAAACAAAAACTTATCTTGAAAAAATAAATAAATAAAATAAAATAAAA"
"chr1","10803895","10804195","KN296508v1","2151971","2152273","56","8651924","GGTCGGGCATGGTGGCTCACACCTGATTTCCAGCAATTTAGGAGGCCGAGGCGGGGAGAGTGCTTGAGACCAGGAGTTCAAGACCAGCCTGGGCAACATGGTGAGACCCCATCTCTACAAAAAAATTTTTAAAAATTAGCCAGGTGTGGTGGCAAGCACCTGTGGTCCCAGCTACAAGGGAGGCTGAGCCAGGAATCACTTGAGTCCAGGAGGTTGAGGCCGCAGTGAGCTGTGTTCACACCACTGCACTCCAGCTTGGGAGACAGAGTGAGACCTTGTCTCTAAAAAAAAACAAACAAAA","GTCAGGCATAGTGGTTCACACCGGTAATCCCAGCACTTTGGGAGGCTAAGGTGGGAAGATTGCTTGAGGCCAGGAGTTCAAAACCAGCTTTGGCAACATAGCAAGACCCCATCTCTACAAAAAATTATAAAAATTAGCTGGGCATGGTGGAACACACTTGTAGTCCCAGCTACTCAGGAGGCTGAGGCAGGAGGATCACTTAAGCCCAGGAGGTCGAGGCTGCAGTGAGCTATGATCACACCACTGTACTCCAGCCTGGGTGACACAGTGAGACCCTGTCTCAAAAAACAAACAAGCAAACAA"
"chr1","10825122","10825450","KN295974v1","3693908","3694234","71","7131214","CTGGGCATAGTACCTCACATCTGTAATCCCAGCACGTTGGGAGGCCAAAGTGGGAGGATCACTCAGGTCCAGGAGTTTGAGACCAGCCCAGGTAACAGAGTGAGACCTCGTCTCTACAAAAAAAAATTTAAAAACTAGCTGGGCATGGTGGTGCATGCCTGTAGTTCCAGCTACTCAGGAGGCTGAGGCGGGAGGATCCCTTGAGCCCAAGAGGCTAAGACTGCAGTGAGCTATGATTTCGCCATTACACTCCTGCCTGGGTGACAGAGTGCAACCATGTCTCAGTAAATAAATAAATAAATAAATAAATAAATAAATAAATAAATAAA","GGCCAAGCATGGTGGCTCACGCCTGTAATCTCAGAACTTTGGGAGGCCGAGGTGGGAGGATAGCTTGAGCCCAGGAATTCGAGACGAGCCTGGTCAACATGGCAAAACCCCATTTCTATAAAAAAATTTAAAATTATTGTGTCATGATGGTGCATACCTGTAGTCCCAGCTACTCGTGAGGCTGAGGTGGGAGAATCGCTTGAGCCCAGGAGGCTGAGGCTACAGTGAGCTATAATTGCATCACTGCACTCCAGCCTGGGTGGTAGAGTGAGACCCTGTCTCAAAAGTAAATAAATAAATAAATAAATAAATAAATAAATAAATAAA"
"chr1","10826925","10827127","KN294224v1","266646","266849","52","10560279","TCGTGACCAGCCTGGGCAACACAGAGAGACCTGGTCTCTACAAAATAACAAACAAGAAATTAGCTGGGCATGGTGGCATGCACCTGTAGTCCCCATTAATAGGGAGGCTGAAGTGGGAGGTTGAGGCTGCAGTGAGCTGTGATCATGCCACTGCACTCCAGCCTGAATGACAGAGTGAGATTCAGTTTCAAAAAAAAAAAAGA","AGTTTGCAACCAGCTTGGACAACACAGTTCGACCATGTCTCTACAAAAAATACAAAAATTAGCCAGGCATGGTCACTTGCACCTGTGGTTCCAGCTATTTGGGAGGCTAACGTGGAAGTTCAAGGATGCAGTGTGCCATGATCATGCCACTGCACTCCAGCCTGGCTAACAGAGCAAGATCCCATCTCAAAAAAAAAAAAAAAA"
"chr1","10868709","10869000","KN297044v1","688012","688306","56","10180697","GCTGGGTGCAGTGACTCATGCCTGTAATCCCAGCACTTTGGGAGGCTGAGGCAGGAGGATCATTTGAGGTCAGGAGTTCAAGACCAGCCTGGACAACATAGCAAGACTCAGTCTCTACGGAAAATGCAGAAGTTAGCTGGGTGTCATGGTGTGCGCCTGTAATCCCAGCTACTTGGGAAGCTGAGATGGGAGGATCGCTAGAGGCCAAGAGTTGGAGGCTGCAGTGAGCTATGATCACACCACTGCACCCTAGCCTAGGCAAGAGAATGAAACCCTGTCTCAAAAATAATAA","GGCTGGGTGCGGTGGCTCATGCCTGTAACCCTGGCACTTTGGGAGGCGGTGGCAGGAGGATCACTTGAGCCCAGGAGCTCAAGACCAGCCTGGGCAACATAACTAGACTCCATCTCTACAAAAAAATTAAAAATTAGCTGGGTGTGATGGTGCACGCCTGTAGTCCCAGCTACCCGGGAGGCTGAGATGGGAGGATCACTTGAGCCCAGGAGTTTGAGGCCACAGTGAGCTGTGATTGCACTGCTGCACTCCAGCTTGGGTGAGACAATGAGACCCAGTCTCTAGAAAAATAAAA"
"chr1","10905780","10906064","KN296921v1","899585","899868","58","10006195","GTGGCTCATCCCTGTAATCCCAGTGCTTTGGGAGACCAAGGCAGAAGGATCGCTTGAGGGCAGGAGTTTGAGACCAGCCTGGGCAACACCCTGTCTCTACAAAAAATAAAAATAAAATAAAATTAGGCATGGTGGTGTGTGCCTGTAGTCCTAGCTACTCGTGAGGCTGAGGTGGGAGGATCACTTGGGCCCAGGAGTTCAAGGCTGCAGTGAGCCATGATTGTGCCATTGCACTCCAGCCTGAGTTACAGAACAAGAGCCTGACTCTAAAAAAAAAAAAAAGAA","GGTGGCTCACTCCTGTAATCCCATCACTTTGGGAGACCAAGGCAGAAGGGATGCTTGAGCTCAGGAGTTTGAGACAAGCCTGGGCAACATAGGGAGACCTGTTTCTACAAAAAATAAAAAATTAGCCAGGCATGGTGGCACATGCCAGTAGTCCCAGCTACTTGTGAGGCTGAGGTGAGAAGATTGCTTGAACCTGGGAGATTGAGGCTGCAGTGAGCCATGATTGTGCCACCGAACTCCAGCCTGGGCAACAGACCAAGACCTGTCTAAAAAAAAAAAAAAAA"
"chr1","10913227","10913351","KN295022v1","197977","198099","22","10715250","GGCCAGACAGGGTGGCTCATATCTATAATCCCAACACGTTGGGAGACTGAAGCAGGAGGATCCCTTGAGACCAGGAATTTGAGACTAGCCTGGGCAACATAGTAAGACCCTGTTACCACAAAACA","GCCAGGCATAGTGGCTCACACCTATAATCCCAACAATTTGGGAGACTGAGGCGGGAGGATCACTTGAGGCCAGGAGTTCGAGATTAGCCTGGGCAACACAGCAAGACCCTATCTCTACAAAAA"
"chr1","10913650","10913828","KN296430v1","286180","286361","41","10627470","TACAAAACACTTTTAAAAATTAGCTCGACATGGTAGCACATGCCTGTAGTCCCAGCTACTTGGGAGGTTAAGGGCAGGAGGATCGCTTGAGCCCAGAAGTTCGAGACTGAAGTCAGCTGTGATAACGTCACTGCACCTCAGCCTGAGTGACAGAATGAGACTCTCTTCAAAAAAAAAAA","CCAACCCCAATTTTTTTTAAAAAAACTAGCTGGGCATGGTGGCACACGCCTCTAGTCCTAGCTACTTGGGAGGCTCAGGTGGGAGGATTGCTTGAGCCCAGGAAGTCAAGACTGCAGTGAGCAGTGATTACGTCACTGCACTCCAGCCTGGGTGACAGAGTGAGAGTGTCTCAAAATAAAAA"
"chr1","10915222","10915349","KN296244v1","267795","267926","28","10647427","GGGTGCAGTGGTTTAGGCCTGTAATCCCAGCACCTGGGGAGGCTGAGACAGGAGGATCGCTTGAGGCCAGAAGTTTGAGACCTGGGCAATCTAGTGAGACCCTGTCTCTACCAAAAATAAAGAGGTTA","GGGTGCGGTGGCTCACGCCTGTAATCCCAGCACTTTGGGAGCCTGAGGCAGGAGGATTGCTTGAGTCTAGGAGTTGGAGAACAGACTGGGCAACATAGCAAGACCCTGTTTCTACAAAAAATTTAAAAATTA"
"chr1","10926446","10926739","KN297095v1","1524528","1524816","73","9401918","GGCTGGGCACAGTGGTTCATGCCTTCCGGCACGTTAGGAGGCTGAGGTGGTAGGAGCCCAGGAGCTGGAGACCAGCTTGGGCAGCAGAGCGAGACCTTGTGTCTACAGAAAGAACTTTTTAAAGCTAGCCAAGTGTGGTGGGGCGTGCCTGTACTCCCAGCTACTAGGGAGGCTGAGATGGGAAAATCACCTGACCCCAGGAGGTCGAGGCTGCGGTGAGCTATGATTGCACCACTGCACTCCAACCTGGGCAACAGAGCAGGATCTTACCTCAAAAACAAAACCAAAAACAAA","GGCCGGGCACAGTGGCTCATGCCTGTAATCCCAGCACTTTGGGTGGATTGCTTGAGCCCAGGAGTTCATGACCAGCGTGGGCAACATGACAAAATCCTGTCTGCATGAAAAATTAAAAAATTAGCCAGGCATGGTGGTGCATGCTTGTAATCCCAGCTACTCGGGAGGCTGAGTTGGGAGGATCACCTGAGCCCAGGAGGTCAAGGTTGCAGTGAGCTATGATTGTGCCACTGCACTCCAGCCCGGGCAACACAGTAAGACCCCCATCTCAAAAAAAAAAAAAAAAAAA"
"chr1","10945924","10946153","KN295820v1","1028551","1028775","42","9917373","GGCCAGGCGTAGTGGCCCACGCCTATAATCCCAGGGCTTTGAGAGGCCAAGGTGAGAGGATCGCTTGAAGCCAGGAGTTTGAGACCAGCCTGGGCAACACAGTGAGACGCCGTCTCTACAAAAAATTTGAACATTAGCTGGGCATGGTGTCATATGCCTATAGTCCCAGCTACTTGGGAGGCTGAAGTGGGAGGATCCCTTAAGCTCAGGAGGTCAAGGCTGCAGTGAGC","GGCTGGGCCAGTGGCGTACCTATAATCGCAGCACTTTGGAAGCCTGAGGCAGGAGGATCGCTTGAGCCCAGGAGTTTGAGACCAGCCTGGGCAACATAGGGAGACCCATCTCTACAAAAACTTTAAAAATTAGCTTGGCATGGTAGCATGTGCCTGTAGTCCCACCTACTTGGGAGGCTGATATGGGAGGATCCCTTAAGCCCAGGAGTTTGAGATTGCAGGAGC"
