"chr1","933714","933845","chr16","66259824","66259953","22","65326110"
"chr1","1708025","1708246","chr7","10622519","10622740","56","8914494"
"chr1","1722333","1722628","chr1","884699","884998","34","837634"
"chr1","1731513","1731790","chr1","895591","895864","23","835922"
"chr1","2210891","2210958","chr4","85914853","85914914","15","83703962"
"chr1","2246109","2246244","chrX","144541916","144542049","16","142295807"
"chr1","5712307","5712376","chr20","65828488","65828554","14","60116181"
"chr1","5937600","5937742","chr10","83729520","83729647","43","77791920"
"chr1","6418532","6418668","chr15","9717035","9717171","20","3298503"
"chr1","6425878","6425977","chr17","54315143","54315245","26","47889265"
"chr1","6426277","6426458","chr1","130404574","130404754","46","123978297"
"chr1","6509246","6509376","chr3","13531543","13531676","22","7022297"
"chr1","6552532","6552693","chr16","55697996","55698154","42","49145464"
"chr1","6556752","6556806","chr8","30850800","30850854","18","24294048"
"chr1","6612170","6612305","chr15","32182829","32182962","28","25570659"
"chr1","6680533","6680819","chr3","41729817","41730091","62","35049284"
"chr1","6699281","6699460","chr1","7884336","7884503","48","1185055"
"chr1","6735132","6735270","chr17","81275044","81275175","28","74539912"
"chr1","6816807","6817087","chr1","5948732","5949015","15","868075"
"chr1","6821445","6821625","chr1","5953688","5953866","14","867757"
"chr1","6821898","6822030","chr1","5954140","5954271","6","867758"
"chr1","7773452","7773701","chr1","213032011","213032263","60","205258559"
"chr1","7833125","7833253","chr8","26277262","26277394","21","18444137"
"chr1","8432774","8433065","chr1","7589707","7589998","13","843067"
"chr1","8484245","8484560","chr1","207481939","207482253","78","198997694"
"chr1","8535323","8535470","chr1","7692478","7692625","4","842845"
"chr1","8643821","8644088","chr1","7801968","7802245","32","841853"
"chr1","8657237","8657346","chr1","7815143","7815253","8","842094"
"chr1","8736942","8737110","chr1","7884336","7884503","14","852606"
"chr1","8815355","8815488","chr3","157204243","157204376","25","148388888"
"chr1","9097421","9097564","chr1","8277909","8278053","8","819512"
"chr1","9128383","9128708","chr9","63549251","63549556","84","54420868"
"chr1","9168751","9169053","chr1","8350188","8350493","21","818563"
"chr1","9324806","9324936","chr2","52806357","52806489","22","43481551"
"chr1","9377415","9377464","chr13","15063375","15063423","11","5685960"
"chr1","9527439","9527511","chr3","155506946","155507016","16","145979507"
"chr1","9610911","9611053","chr1","8787419","8787562","12","823492"
"chr1","9671037","9671214","chr2","84640092","84640260","38","74969055"
"chr1","9671508","9671638","chr15","8150163","8150300","32","1521345"
"chr1","9704591","9704873","chr1","44272464","44272753","59","34567873"
"chr1","9746874","9747000","chr16","50928132","50928259","25","41181258"
"chr1","10054995","10055251","chr1","9262276","9262521","30","792719"
"chr1","10060473","10060738","chr1","9267991","9268271","28","792482"
"chr1","10120423","10120717","chr1","9322977","9323273","24","797446"
"chr1","10188965","10189265","chr1","9406637","9406956","37","782328"
"chr1","10201204","10201485","chr6","37356228","37356519","79","27155024"
"chr1","10388584","10388658","chr5","39056441","39056518","22","28667857"
"chr1","10388953","10389102","chr16","50300723","50300876","59","39911770"
"chr1","10427902","10428034","chr19","3881316","3881448","16","6546586"
"chr1","10469683","10469987","chr1","9730305","9730593","34","739378"
"chr1","10470761","10471051","chr17","10011968","10012249","63","458793"
"chr1","10545671","10545908","chr5","135917876","135918081","77","125372205"
"chr1","10826635","10826762","chr5","48846364","48846471","39","38019729"
"chr1","10990853","10991010","chr1","10258770","10258927","11","732083"
"chr1","11090553","11090832","chr1","10372588","10372865","19","717965"
"chr1","11100901","11101071","chr16","24865099","24865260","40","13764198"
"chr1","11101450","11101587","chr3","126620481","126620621","25","115519031"
"chr1","11171501","11171806","chr15","26711810","26712122","70","15540309"
"chr1","11306859","11307185","chr7","19632617","19632910","81","8325758"
"chr1","11358935","11359232","chr1","10636980","10637278","28","721955"
"chr1","11582804","11582947","chr18","23144302","23144442","32","11561498"
"chr1","11583260","11583392","chr7","111620999","111621131","28","100037739"
"chr1","11753942","11754083","chr14","10853551","10853688","32","900391"
"chr1","11790288","11790428","chr1","11075614","11075759","16","714674"
"chr1","11871477","11871607","chr1","100917561","100917687","19","89046084"
"chr1","11922218","11922346","chr12","20446566","20446692","16","8524348"
"chr1","11970048","11970340","chr1","11286343","11286644","23","683705"
"chr1","12143802","12143936","chr1","11478098","11478232","11","665704"
"chr1","12228835","12229148","chr1","11561638","11561946","36","667197"
"chr1","12328124","12328430","chr1","11666074","11666387","37","662050"
"chr1","12465300","12465398","chr1","11798162","11798253","13","667138"
"chr1","13621107","13621392","chr1","12288924","12289213","24","1332183"
"chr1","15027437","15027719","chr2","153692636","153692913","58","138665199"
"chr1","15733014","15733164","chr1","14489098","14489249","9","1243916"
"chr1","15811351","15811662","chr1","8350188","8350493","71","7461163"
"chr1","15826137","15826264","chr5","58891178","58891305","24","43065041"
"chr1","15963003","15963288","chr1","44272464","44272753","65","28309461"
"chr1","16322968","16323161","chr1","148996237","148996447","61","132673269"
"chr1","16358497","16358696","chr6","178615392","178615597","57","162256895"
"chr1","16505294","16505428","chr11","122324056","122324186","33","105818762"
"chr1","16607747","16607833","chr5","187692199","187692275","32","171084452"
"chr1","16608136","16608269","chr7","84475245","84475382","22","67867109"
"chr1","17055001","17055146","chr7","17162294","17162440","23","107293"
"chr1","17285027","17285182","chr1","15983811","15983976","24","1301216"
"chr1","17434506","17434628","chr19","40395480","40395604","27","22960974"
"chr1","17452190","17452319","chr1","23061463","23061601","26","5609273"
"chr1","17497084","17497241","chr11","119805860","119806014","37","102308776"
"chr1","18937461","18937759","chr1","38498092","38498387","57","19560631"
"chr1","18949611","18949909","chr1","22927817","22928115","65","3978206"
"chr1","19124185","19124401","chr16","70814901","70815120","40","51690716"
"chr1","19136052","19136302","chr1","17914431","17914700","27","1221621"
"chr1","19139412","19139538","chr4","77442068","77442203","23","58302656"
"chr1","19139856","19139997","chr20","11424872","11425014","38","7714984"
"chr1","19186523","19186807","chr19","40130488","40130744","90","20943965"
"chr1","19193183","19193421","chr1","51615756","51615974","63","32422573"
"chr1","19193449","19193468","chr11","47403537","47403555","4","28210088"
"chr1","19194088","19194402","chr1","17973688","17973991","30","1220400"
"chr1","19355676","19355975","chr18","51769231","51769514","84","32413555"
"chr1","19378006","19378288","chr17","54698926","54699200","72","35320920"
"chr1","19659526","19659822","chr1","18444535","18444823","24","1214991"
"chr1","19666045","19666137","chr1","18451519","18451609","6","1214526"
"chr1","19684920","19685053","chr1","18469970","18470103","11","1214950"
"chr1","20017791","20017922","chr8","55255708","55255837","27","35237917"
"chr1","20136860","20136978","chr20","54532723","54532836","25","34395863"
"chr1","20557092","20557301","chr1","19359974","19360181","20","1197118"
"chr1","20568848","20568972","chr1","19373051","19373175","10","1195797"
"chr1","20619326","20619458","chr1","19433509","19433641","7","1185817"
"chr1","20794035","20794131","chr1","19612478","19612575","3","1181557"
"chr1","20905447","20905695","chr1","19718924","19719173","20","1186523"
"chr1","21041112","21041357","chr6","171784589","171784817","58","150743477"
"chr1","21043013","21043320","chr1","19857509","19857813","19","1185504"
"chr1","21060481","21060790","chr1","19878435","19878744","20","1182046"
"chr1","21093841","21094126","chr1","19911310","19911593","23","1182531"
"chr1","21103625","21103931","chr11","49184547","49184846","66","28080922"
"chr1","21148435","21148552","chr10","62804129","62804246","30","41655694"
"chr1","21185724","21185849","chr1","20023323","20023455","11","1162401"
"chr1","21191723","21191988","chr1","20027183","20027446","36","1164540"
"chr1","21298858","21299027","chr1","20139650","20139817","13","1159208"
"chr1","21859159","21859442","chr5","1141827","1142122","67","20717332"
"chr1","21866140","21866407","chr1","20486657","20486925","29","1379483"
"chr1","21966756","21966967","chr1","20595195","20595412","23","1371561"
"chr1","21967230","21967321","chr13","46988867","46988962","22","25021637"
"chr1","22757326","22757482","chr16","55697996","55698154","23","32940670"
"chr1","22757783","22757919","chr8","26277262","26277394","27","3519479"
"chr1","23174076","23174370","chr1","21804485","21804785","23","1369591"
"chr1","23293735","23293866","chr1","21881616","21881747","5","1412119"
"chr1","23294140","23294291","chr1","21882027","21882175","7","1412113"
"chr1","23297987","23298136","chr2","91658413","91658557","31","68360426"
"chr1","23310888","23310953","chr1","5680125","5680189","16","17630763"
"chr1","23382512","23382807","chr1","21974172","21974465","15","1408340"
"chr1","23383035","23383166","chr19","11210804","11210934","21","12172231"
"chr1","23432219","23432524","chr1","22027426","22027709","50","1404793"
"chr1","23448962","23449248","chr1","22043409","22043693","23","1405553"
"chr1","23603456","23603731","chr1","22216259","22216537","30","1387197"
"chr1","23605205","23605493","chr1","22217737","22218030","37","1387468"
"chr1","23759965","23760257","chr1","22377098","22377391","13","1382867"
"chr1","23933690","23933816","chr7","133653641","133653773","20","109719951"
"chr1","24029818","24030112","chr1","22649445","22649743","21","1380373"
"chr1","24108829","24108939","chr1","22738897","22739007","3","1369932"
"chr1","24667720","24667985","chr1","23306149","23306431","39","1361571"
"chr1","24673877","24674172","chr9","94961059","94961353","74","70287182"
"chr1","24810824","24811123","chr9","98532256","98532547","64","73721432"
"chr1","25018618","25018897","chr3","47986181","47986463","60","22967563"
"chr1","25059299","25059457","chr3","124656335","124656466","49","99597036"
"chr1","25140714","25141027","chr1","23789916","23790234","31","1350798"
"chr1","25400975","25401268","chr1","24056020","24056327","33","1344955"
"chr1","25827536","25827819","chr1","24248226","24248509","21","1579310"
"chr1","26219201","26219338","chr12","20446566","20446692","29","5772635"
"chr1","26254407","26254582","chr20","23929018","23929191","43","2325389"
"chr1","26300992","26301294","chr1","24773660","24773972","30","1527332"
"chr1","26555877","26556166","chr20","11774510","11774795","61","14781367"
"chr1","26644173","26644394","chr1","25128148","25128369","12","1516025"
"chr1","26946453","26946605","chr1","25454259","25454411","10","1492194"
"chr1","26949401","26949666","chr1","25457995","25458257","13","1491406"
"chr1","26977902","26978177","chr1","25488633","25488904","21","1489269"
"chr1","27002634","27002911","chr1","25514132","25514410","15","1488502"
"chr1","27077857","27077998","chr1","25591325","25591467","13","1486532"
"chr1","27476786","27476923","chr1","26012099","26012257","31","1464687"
"chr1","27485174","27485343","chr6","88100187","88100346","46","60615013"
"chr1","27485633","27485807","chr3","74948544","74948714","39","47462911"
"chr1","27518410","27518543","chr1","26069847","26069980","8","1448563"
"chr1","27534384","27534678","chr6","176566710","176566999","70","149032326"
"chr1","27552736","27553061","chr1","26101200","26101525","26","1451536"
"chr1","27557868","27558152","chr1","26107242","26107528","23","1450626"
"chr1","27559791","27560071","chr1","26109159","26109447","26","1450632"
"chr1","27762071","27762233","chr1","26320668","26320837","20","1441403"
"chr1","27762516","27762576","chr1","26321125","26321181","8","1441391"
"chr1","27766937","27767226","chr1","128698304","128698604","74","100931367"
"chr1","27837949","27838070","chr6","155902023","155902147","22","128064074"
"chr1","27995766","27996042","chr1","26568320","26568602","34","1427446"
"chr1","28047861","28048024","chr1","52195362","52195533","40","24147501"
"chr1","28078158","28078365","chr1","26655804","26656004","24","1422354"
"chr1","28082246","28082483","chr1","26660578","26660816","16","1421668"
"chr1","28114723","28114857","chr19","19541216","19541349","22","8573507"
"chr1","28173620","28173753","chr9","89477730","89477866","28","61304110"
"chr1","28189348","28189481","chr1","134018877","134019008","21","105829529"
"chr1","28239154","28239345","chr15","70302217","70302396","59","42063063"
"chr1","28239648","28239745","chr13","46988867","46988962","22","18749219"
"chr1","28251477","28251761","chr1","26821042","26821323","15","1430435"
"chr1","28262400","28262679","chr1","26832777","26833042","34","1429623"
"chr1","28264169","28264271","chr1","26834570","26834665","10","1429599"
"chr1","28407814","28408076","chr4","66198728","66198972","72","37790914"
"chr1","28467918","28468202","chr1","27052788","27053071","17","1415130"
"chr1","28546881","28547158","chr1","27137581","27137852","15","1409300"
"chr1","28562456","28562733","chr10","14729564","14729844","64","13832892"
"chr1","28571647","28571798","chr3","133031705","133031853","29","104460058"
"chr1","28666970","28667127","chr2","14973331","14973476","32","13693639"
"chr1","28703153","28703445","chr1","27321180","27321479","19","1381973"
"chr1","28704016","28704161","chr1","27322056","27322207","19","1381960"
"chr1","28752048","28752313","chr1","27374417","27374687","34","1377631"
"chr1","28787327","28787451","chr1","27417311","27417438","10","1370016"
"chr1","28787751","28787828","chr1","27418064","27418135","8","1369687"
"chr1","28953532","28953678","chr3","39659071","39659215","59","10705539"
"chr1","28956062","28956178","chr1","27599912","27600035","10","1356150"
"chr1","29065922","29066227","chr3","124592202","124592487","89","95526280"
"chr1","29148117","29148267","chr1","23061463","23061601","27","6086654"
"chr1","29408622","29408746","chr1","100917561","100917687","19","71508939"
"chr1","29475645","29475906","chr1","28166366","28166613","27","1309279"
"chr1","30062715","30063015","chr1","28746678","28746981","26","1316037"
"chr1","30657442","30657764","chr1","29357257","29357585","32","1300185"
"chr1","31277038","31277354","chr1","30039554","30039856","40","1237484"
"chr1","31340746","31340882","chr11","108966699","108966837","24","77625953"
"chr1","31351109","31351370","chr19","40130488","40130744","69","8779379"
"chr1","31380983","31381116","chr1","30145723","30145858","15","1235260"
"chr1","31390127","31390264","chr1","30155820","30155957","12","1234307"
"chr1","31462469","31462606","chr1","23061463","23061601","29","8401006"
"chr1","31495439","31495745","chr10","69237677","69237979","68","37742238"
"chr1","31576331","31576442","chr1","30348283","30348394","6","1228048"
"chr1","31605839","31605974","chr11","122324056","122324186","25","90718217"
"chr1","31643544","31643697","chr1","30416989","30417151","21","1226555"
"chr1","31643995","31644132","chr1","30417463","30417600","5","1226532"
"chr1","31704796","31704927","chr12","100835212","100835345","20","69130416"
"chr1","32170820","32170958","chr1","30920381","30920524","14","1250439"
"chr1","32171252","32171425","chr1","30920824","30920996","6","1250428"
"chr1","32257792","32257939","chr4","43856748","43856892","34","11598956"
"chr1","32346929","32347190","chr1","31094554","31094812","26","1252375"
"chr1","32367177","32367475","chr1","31117785","31118072","32","1249392"
"chr1","32539574","32539709","chr1","31298470","31298606","11","1241104"
"chr1","32550618","32550741","chr1","31313023","31313129","22","1237595"
"chr1","33031889","33032181","chr1","31633870","31634164","18","1398019"
"chr1","33089590","33089659","chr12","123894321","123894392","14","90804731"
"chr1","33191217","33191355","chr3","126620481","126620621","28","93429264"
"chr1","33219384","33219498","chr1","31840843","31840957","7","1378541"
"chr1","33268285","33268448","chr1","31869702","31869862","13","1398583"
"chr1","33268780","33268890","chr1","31870158","31870273","9","1398622"
"chr1","33355751","33355924","chr1","31965309","31965512","43","1390442"
"chr1","33488583","33488767","chr11","112698176","112698365","42","79209593"
"chr1","33489074","33489126","chr5","51962482","51962535","7","18473408"
"chr1","33570215","33570339","chr1","32185269","32185394","12","1384946"
"chr1","33607552","33607806","chr15","39362329","39362566","69","5754777"
"chr1","33642542","33642873","chr1","32296362","32296694","20","1346180"
"chr1","33706849","33707128","chr1","32367570","32367841","23","1339279"
"chr1","33786277","33786401","chr1","32442004","32442131","9","1344273"
"chr1","33786708","33786880","chr1","32442439","32442598","21","1344269"
"chr1","33903397","33903678","chr1","32565437","32565709","23","1337960"
"chr1","33999494","33999712","chr16","40955418","40955633","46","6955924"
"chr1","34574717","34575006","chr1","33260555","33260855","33","1314162"
"chr1","34610944","34611232","chr1","33299401","33299712","35","1311543"
"chr1","35659790","35660101","chr1","34362013","34362310","33","1297777"
"chr1","35708666","35708957","chr10","27157967","27158263","60","8550699"
"chr1","35779134","35779340","chr1","34476719","34476926","15","1302415"
"chr1","35799584","35799737","chr1","34501746","34501905","15","1297838"
"chr1","35973832","35974092","chr1","34682232","34682497","21","1291600"
"chr1","36232042","36232282","chr1","34961903","34962154","35","1270139"
"chr1","36314079","36314396","chr1","35057996","35058331","36","1256083"
"chr1","36390422","36390712","chr9","60118480","60118761","71","23728058"
"chr1","36401144","36401280","chr1","35146071","35146207","10","1255073"
"chr1","36453674","36453809","chr6","63960389","63960524","23","27506715"
"chr1","36514159","36514435","chr1","35259428","35259697","24","1254731"
"chr1","36514455","36514622","chr4","106616558","106616719","37","70102103"
"chr1","36627895","36628027","chr2","104708095","104708220","32","68080200"
"chr1","36719443","36719648","chr1","35486685","35486892","35","1232758"
"chr1","36735823","36736143","chr1","35502787","35503084","50","1233036"
"chr1","36796509","36796844","chr1","35564755","35565049","68","1231754"
"chr1","36884658","36884950","chr1","35657300","35657594","29","1227358"
"chr1","38026438","38026728","chr1","36596681","36596974","39","1429757"
"chr1","38046272","38046591","chr1","36616763","36617077","32","1429509"
"chr1","38070224","38070278","chr19","30903836","30903887","12","7166388"
"chr1","38089469","38089767","chr1","36661932","36662229","19","1427537"
"chr1","38154741","38154864","chr2","40642929","40643054","29","2488188"
"chr1","38155164","38155186","chr6","175033159","175033175","6","136877995"
"chr1","38364883","38365204","chr2","72426884","72427200","66","34062001"
"chr1","38420983","38421260","chr1","37001253","37001519","24","1419730"
"chr1","38465799","38466079","chr1","37048859","37049140","21","1416940"
"chr1","38565801","38565944","chr1","37147248","37147384","14","1418553"
"chr1","38614678","38614798","chr7","50855091","50855223","28","12240413"
"chr1","38628941","38629244","chr1","37211345","37211648","15","1417596"
"chr1","38860895","38861197","chr3","42185773","42186069","54","3324878"
"chr1","39299215","39299522","chr1","37873831","37874140","20","1425384"
"chr1","39459948","39460233","chr4","43544153","43544436","58","4084205"
"chr1","39500937","39501219","chr7","19632617","19632910","52","19868320"
"chr1","39585119","39585385","chr1","38160412","38160674","22","1424707"
"chr1","39656287","39656569","chr8","42986537","42986825","60","3330250"
"chr1","39746813","39746999","chr16","50560030","50560220","38","10813217"
"chr1","39839910","39840205","chr1","38498092","38498387","23","1341818"
"chr1","39967798","39967879","chr6","73488406","73488484","18","33520608"
"chr1","40112627","40112859","chr15","39362329","39362566","59","750298"
"chr1","40302314","40302458","chr2","94724395","94724539","28","54422081"
"chr1","40415751","40416016","chr3","142578564","142578842","67","102162813"
"chr1","40422253","40422412","chr1","193846037","193846192","32","153423784"
"chr1","40619991","40620255","chr1","39305180","39305443","21","1314811"
"chr1","40636878","40637002","chr4","36186380","36186506","25","4450498"
"chr1","40637581","40637715","chr11","117179860","117180000","28","76542279"
"chr1","40699661","40699796","chr1","39383100","39383235","12","1316561"
"chr1","40705066","40705194","chr1","39389031","39389160","5","1316035"
"chr1","40713342","40713644","chr1","213299903","213300197","58","172586561"
"chr1","40782909","40783220","chr1","39479360","39479669","23","1303549"
"chr1","40786815","40787085","chr1","39483236","39483506","7","1303579"
"chr1","40796649","40796915","chr1","39493094","39493350","23","1303555"
"chr1","40897012","40897135","chr1","39598316","39598439","4","1298696"
"chr1","40967641","40967932","chr10","25256063","25256356","64","15711578"
"chr1","41084041","41084346","chr1","20653974","20654240","98","20430067"
"chr1","41095359","41095661","chr1","39790199","39790504","22","1305160"
"chr1","41108774","41109058","chr1","39803243","39803539","25","1305531"
"chr1","41131060","41131304","chr1","39823729","39823971","12","1307331"
"chr1","41135412","41135705","chrX","21887337","21887630","62","19248075"
"chr1","41162461","41162746","chr15","91203036","91203303","67","50040575"
"chr1","41180792","41181098","chr1","39871622","39871902","44","1309170"
"chr1","41224436","41224569","chr3","13531543","13531676","19","27692893"
"chr1","41232449","41232720","chr1","39924046","39924318","9","1308403"
"chr1","41345851","41346038","chr18","11988555","11988738","43","29357296"
"chr1","41346342","41346476","chr8","26277262","26277394","28","15069080"
"chr1","41353866","41354169","chr1","40044129","40044434","26","1309737"
"chr1","41579998","41580283","chr1","40282162","40282429","33","1297836"
"chr1","41609190","41609339","chr9","22903436","22903588","38","18705754"
"chr1","41611938","41612061","chrX","8420728","8420853","27","33191210"
"chr1","41691124","41691286","chr1","15446723","15446900","60","26244401"
"chr1","41751623","41751915","chr19","6351295","6351580","60","35400328"
"chr1","42061587","42061722","chr16","47844971","47845103","24","5783384"
"chr1","42409622","42409706","chr1","41133475","41133564","5","1276147"
"chr1","42940178","42940443","chr1","41597237","41597483","30","1342941"
"chr1","42956871","42957010","chr1","41613056","41613210","22","1343815"
"chr1","43168153","43168445","chr1","41828827","41829120","13","1339326"
"chr1","43197156","43197450","chr1","41855302","41855593","18","1341854"
"chr1","43383498","43383609","chr13","32556750","32556867","29","10826748"
"chr1","43438914","43439076","chr1","42102542","42102704","5","1336372"
"chr1","43536963","43537079","chr7","56164759","56164878","21","12627796"
"chr1","43537111","43537272","chr7","165137313","165137480","42","121600202"
"chr1","43559863","43559994","chr16","47844971","47845103","27","4285108"
"chr1","43708778","43709075","chr1","42435340","42435616","40","1273438"
"chr1","44014911","44015197","chr1","42831018","42831314","25","1183893"
"chr1","44086922","44087222","chr12","87829978","87830283","55","43743056"
"chr1","44333995","44334269","chr14","65763633","65763910","64","21429638"
"chr1","44404204","44404492","chr1","43228372","43228655","19","1175832"
"chr1","44405458","44405602","chr7","44405885","44406024","27","427"
"chr1","44414183","44414477","chrX","40310477","40310741","85","4103706"
"chr1","44432175","44432489","chr8","69589450","69589756","73","25157275"
"chr1","44713215","44713342","chr2","104708095","104708220","26","59994880"
"chr1","44755697","44755995","chr3","42185773","42186069","60","2569924"
"chr1","44859995","44860167","chr1","67375798","67375978","46","22515803"
"chr1","44878903","44879181","chr1","43764034","43764322","18","1114869"
"chr1","45022855","45022974","chr2","52806357","52806489","30","7783502"
"chr1","45190873","45191167","chr1","44080201","44080496","16","1110672"
"chr1","45231099","45231383","chr1","44122296","44122547","50","1108803"
"chr1","45401665","45401963","chr5","127204077","127204375","50","81802412"
"chr1","45542085","45542386","chr1","44438619","44438917","46","1103466"
"chr1","45697593","45697856","chr1","44604806","44605072","16","1092787"
"chr1","45792176","45792463","chr1","44700288","44700574","17","1091888"
"chr1","45869254","45869571","chr1","44786069","44786378","25","1083185"
"chr1","45881772","45882082","chr1","44798389","44798699","17","1083383"
"chr1","45945492","45945689","chr1","44852303","44852496","23","1093189"
"chr1","45945982","45946113","chr1","44852775","44852896","15","1093207"
"chr1","46100686","46100959","chr1","45022696","45022967","14","1077990"
"chr1","46104968","46105261","chr1","45027269","45027562","15","1077699"
"chr1","46201950","46202178","chr1","45119337","45119566","19","1082613"
"chr1","46203556","46203781","chr1","45120983","45121202","9","1082573"
"chr1","46273366","46273664","chr1","45197587","45197881","27","1075779"
"chr1","46373254","46373389","chr1","45296786","45296921","17","1076468"
"chr1","46373970","46374100","chr1","45297504","45297636","8","1076466"
"chr1","46430745","46431056","chr1","45361216","45361525","24","1069529"
"chr1","46777100","46777387","chr2","42436845","42437128","61","4340255"
"chr1","46887357","46887644","chr1","45840826","45841115","27","1046531"
"chr1","46975793","46976070","chr1","45936470","45936751","18","1039323"
"chr1","47227341","47227472","chr1","46171465","46171597","9","1055876"
"chr1","47700924","47701227","chr1","46489384","46489681","28","1211540"
"chr1","48074698","48075012","chr1","46754477","46754779","32","1320221"
"chr1","49408581","49408730","chr1","48185990","48186150","20","1222591"
"chr1","50848667","50848792","chr17","81612054","81612179","22","30763387"
"chr1","51469949","51470064","chr1","50282558","50282676","7","1187391"
"chr1","51470361","51470569","chr1","50282987","50283187","20","1187374"
"chr1","51481875","51482181","chr1","50293634","50293935","24","1188241"
"chr1","51737132","51737261","chr1","50555025","50555155","7","1182107"
"chr1","51861892","51862188","chr4","159546560","159546852","66","107684668"
"chr1","51868659","51868937","chr3","63839917","63840201","62","11971258"
"chr1","51871572","51871689","chr14","18154463","18154571","28","33717109"
"chr1","51871847","51871956","chr3","152080074","152080172","29","100208227"
"chr1","52095094","52095352","chr1","50915436","50915703","26","1179658"
"chr1","52208167","52208277","chr1","51025126","51025239","7","1183041"
"chr1","52254820","52255097","chr1","51073987","51074252","34","1180833"
"chr1","52305046","52305331","chr13","97673114","97673378","73","45368068"
"chr1","52388389","52388668","chr1","51209624","51209912","32","1178765"
"chr1","52393031","52393161","chr1","51214266","51214389","18","1178765"
"chr1","52613158","52613319","chr1","51444549","51444704","15","1168609"
"chr1","52627374","52627649","chr9","92394484","92394763","68","39767110"
"chr1","52649582","52649852","chr1","51481877","51482146","17","1167705"
"chr1","52733118","52733240","chr1","51567043","51567161","7","1166075"
"chr1","52733542","52733727","chr1","51567461","51567647","12","1166081"
"chr1","52755230","52755463","chr6","90039645","90039880","61","37284415"
"chr1","52967186","52967334","chr18","10684709","10684863","27","42282477"
"chr1","52995619","52995779","chr1","51722947","51723105","12","1272672"
"chr1","53062771","53063066","chr1","51783657","51783959","36","1279114"
"chr1","53346515","53346812","chr1","52067151","52067448","21","1279364"
"chr1","53433828","53434109","chr1","52155558","52155859","37","1278270"
"chr1","53469423","53469578","chr1","52195362","52195533","21","1274061"
"chr1","53469877","53470007","chr1","52195828","52195958","11","1274049"
"chr1","53632432","53632727","chr1","52367677","52367967","50","1264755"
"chr1","53649108","53649446","chr13","19713162","19713466","87","33935946"
"chr1","53724682","53724846","chr4","106616558","106616719","35","52891876"
"chr1","53799661","53799845","chr2","43619324","43619533","60","10180337"
"chr1","53824392","53824610","chr1","52602967","52603196","21","1221425"
"chr1","53899900","53900199","chr1","52669666","52669965","27","1230234"
"chr1","53940872","53941163","chr1","52711013","52711291","32","1229859"
"chr1","54000718","54001019","chr1","52770709","52771019","28","1230009"
"chr1","54031727","54032011","chr1","52800366","52800652","18","1231361"
"chr1","54102730","54103053","chr1","52872748","52873065","33","1229982"
"chr1","54141731","54142035","chr15","26711810","26712122","64","27429921"
"chr1","54227090","54227261","chr1","52997266","52997436","10","1229824"
"chr1","54227295","54227413","chr1","52997477","52997595","9","1229818"
"chr1","54240882","54241094","chr1","53010052","53010267","21","1230830"
"chr1","54673566","54673846","chr4","107482202","107482483","73","52808636"
"chr1","54761191","54761483","chrX","30822633","30822934","74","23938558"
"chr1","54862796","54863098","chr1","53671206","53671483","37","1191590"
"chr1","55295113","55295242","chr3","43450984","43451115","30","11844129"
"chr1","55320933","55321075","chr1","220376410","220376552","29","165055477"
"chr1","55532749","55532864","chr1","54342085","54342195","13","1190664"
"chr1","55533157","55533331","chr1","54342503","54342692","35","1190654"
"chr1","55583677","55583942","chr1","54390419","54390667","36","1193258"
"chr1","57652402","57652539","chr20","2883411","2883547","25","54768991"
"chr1","58050648","58050939","chr1","56726740","56727068","52","1323908"
"chr1","58751090","58751345","chr1","9262276","9262521","62","49488814"
"chr1","59018937","59019065","chr11","98398817","98398954","20","39379880"
"chr1","59514572","59514709","chr1","58209551","58209687","11","1305021"
"chr1","60254786","60255060","chr1","58955984","58956251","29","1298802"
"chr1","60315106","60315232","chr18","39283470","39283587","31","21031636"
"chr1","61256301","61256571","chr1","59998087","59998354","21","1258214"
"chr1","62139484","62139571","chrX","53096553","53096642","20","9042931"
"chr1","62199716","62199859","chr1","60812406","60812549","6","1387310"
"chr1","62434942","62435211","chr1","61043787","61044096","57","1391155"
"chr1","62704159","62704463","chr1","61321003","61321309","29","1383156"
"chr1","62765670","62765814","chr1","61384565","61384709","9","1381105"
"chr1","62958949","62959228","chr2","153692636","153692913","64","90733687"
"chr1","63028476","63028690","chr1","61640067","61640273","18","1388409"
"chr1","63055436","63055728","chr1","61668273","61668543","46","1387163"
"chr1","63066849","63067032","chr7","135746152","135746331","44","72679303"
"chr1","63067405","63067547","chr1","61682214","61682356","5","1385191"
"chr1","63200395","63200690","chr11","98241209","98241503","63","35040814"
"chr1","63239248","63239545","chr1","61857823","61858138","35","1381425"
"chr1","63301923","63302189","chr1","61925691","61925934","47","1376232"
"chr1","63556742","63557042","chr1","109768500","109768802","66","46211758"
"chr1","63750771","63751094","chr1","62377687","62377985","40","1373084"
"chr1","63759709","63759894","chr1","62384591","62384787","18","1375118"
"chr1","63896939","63897237","chr1","62509452","62509737","38","1387487"
"chr1","64109844","64110165","chr1","62725483","62725804","21","1384361"
"chr1","64166342","64166474","chr1","92629998","92630131","23","28463656"
"chr1","64407686","64407926","chr1","63031659","63031896","14","1376027"
"chr1","64409368","64409415","chr1","63033340","63033389","4","1376028"
"chr1","64619216","64619506","chr1","63224929","63225218","28","1394287"
"chr1","65039380","65039551","chr1","44338241","44338403","36","20701139"
"chr1","65055705","65055992","chr1","63666128","63666413","19","1389577"
"chr1","65413884","65414176","chr1","63965618","63965881","44","1448266"
"chr1","65614553","65614840","chr16","58638778","58639066","60","6975775"
"chr1","65807787","65808059","chr1","64345478","64345762","29","1462309"
"chr1","65879232","65879363","chr6","63960389","63960524","23","1918843"
"chr1","66019719","66020003","chr1","64562180","64562466","24","1457539"
"chr1","66144449","66144751","chr9","25949149","25949446","62","40195300"
"chr1","66183459","66183733","chr1","64733991","64734250","33","1449468"
"chr1","66525029","66525307","chr1","65139110","65139377","32","1385919"
"chr1","66551844","66552131","chr5","51279060","51279357","60","15272784"
"chr1","66563405","66563523","chr1","65177598","65177716","5","1385807"
"chr1","66939846","66940122","chr1","65553454","65553744","29","1386392"
"chr1","67281857","67282119","chr3","122742903","122743160","53","55461046"
"chr1","67887622","67887909","chr1","66526863","66527155","25","1360759"
"chr1","67935490","67935745","chr1","66567477","66567725","30","1368013"
"chr1","67976772","67977070","chr1","66605084","66605372","28","1371688"
"chr1","68029013","68029293","chr1","66656013","66656301","35","1373000"
"chr1","68035588","68035862","chr16","54716804","54717077","68","13318784"
"chr1","68463929","68464229","chr1","67245632","67245929","12","1218297"
"chr1","68717016","68717332","chr1","67291493","67291809","20","1425523"
"chr1","68721180","68721390","chr1","67295651","67295862","8","1425529"
"chr1","68802308","68802488","chr1","67375798","67375978","12","1426510"
"chr1","68890159","68890263","chr2","96734671","96734780","26","27844512"
"chr1","68933956","68934248","chr1","67512132","67512412","31","1421824"
"chr1","68996892","68997020","chr7","133653641","133653773","21","64656749"
"chr1","69447104","69447412","chr13","66383831","66384127","68","3063273"
"chr1","69529759","69530069","chr1","8350188","8350493","65","61179571"
"chr1","69734981","69735291","chr1","68317122","68317431","28","1417859"
"chr1","69763831","69763956","chr1","68341169","68341300","16","1422662"
"chr1","71209554","71209780","chr1","69749061","69749298","29","1460493"
"chr1","71411224","71411526","chr1","69949520","69949842","40","1461704"
"chr1","71420877","71421165","chr1","69961404","69961691","24","1459473"
"chr1","72233657","72233931","chr1","70899127","70899405","21","1334530"
"chr1","73720292","73720616","chr1","72428312","72428632","21","1291980"
"chr1","73987790","73988042","chr1","72712159","72712408","23","1275631"
"chr1","75060417","75060600","chr1","73797702","73797882","16","1262715"
"chr1","75509528","75509813","chr1","74259075","74259361","22","1250453"
"chr1","75636225","75636515","chr1","74390239","74390528","15","1245986"
"chr1","76658471","76658750","chr1","75440893","75441168","29","1217578"
"chr1","76840570","76840877","chr1","75612268","75612570","24","1228302"
"chr1","76917954","76918237","chr1","75707389","75707687","47","1210565"
"chr1","77030792","77031095","chr7","154128220","154128522","72","77097428"
"chr1","77044619","77044923","chr1","75833870","75834174","15","1210749"
"chr1","77188861","77188993","chr16","39114611","39114744","27","38074250"
"chr1","78301242","78301353","chr1","146596888","146596999","24","68295646"
"chr1","78301707","78301945","chr1","23707720","23707948","62","54593987"
"chr1","78421383","78421609","chr1","77172383","77172596","22","1249000"
"chr1","78469834","78470122","chr1","77221727","77222015","16","1248107"
"chr1","78492820","78493140","chr1","207481939","207482253","77","128989119"
"chr1","78676445","78676708","chr1","77423217","77423470","33","1253228"
"chr1","78963327","78963631","chrX","49053394","49053705","59","29909933"
"chr1","79008815","79008971","chr14","48034365","48034524","37","30974450"
"chr1","79012529","79012813","chr1","77773480","77773774","29","1239049"
"chr1","79034926","79035224","chr5","127204077","127204375","64","48169151"
"chr1","79050327","79050638","chr1","77818081","77818387","31","1232246"
"chr1","79113192","79113322","chr10","25430401","25430541","31","53682791"
"chr1","79209610","79209921","chr1","77959955","77960250","40","1249655"
"chr1","79289320","79289593","chr1","78041581","78041868","26","1247739"
"chr1","79364545","79364616","chr1","78116008","78116078","5","1248537"
"chr1","79364915","79365063","chr1","78116374","78116502","32","1248541"
"chr1","79493925","79494226","chr1","188660332","188660631","65","109166407"
"chr1","79501679","79501962","chr3","63839917","63840201","71","15661762"
"chr1","80173514","80173644","chr1","78919098","78919229","7","1254416"
"chr1","80747565","80747894","chr1","79495507","79495821","32","1252058"
"chr1","81094285","81094566","chr1","79819788","79820105","59","1274497"
"chr1","81195347","81195658","chr1","79925048","79925362","33","1270299"
"chr1","81720881","81721081","chr1","80442789","80443007","35","1278092"
"chr1","82089711","82090020","chr1","80884309","80884618","23","1205402"
"chr1","82708887","82709174","chr8","27568036","27568312","76","55140851"
"chr1","82971295","82971596","chr1","81787079","81787353","47","1184216"
"chr1","82977933","82978208","chr1","81793669","81793946","33","1184264"
"chr1","83092395","83092685","chr1","81908582","81908876","22","1183813"
"chr1","83757335","83757621","chr20","59124558","59124843","66","24632777"
"chr1","83912160","83912468","chr1","82722054","82722359","24","1190106"
"chr1","84183913","84184046","chr12","100835212","100835345","22","16651299"
"chr1","84221979","84222264","chr1","83104487","83104772","24","1117492"
"chr1","85383450","85383551","chr1","84188758","84188855","12","1194692"
"chr1","85438129","85438444","chr1","84252159","84252458","38","1185970"
"chr1","85973216","85973510","chr1","84797306","84797600","25","1175910"
"chr1","86414240","86414514","chr8","124100194","124100460","66","37685954"
"chr1","87143835","87144139","chr1","85957172","85957481","28","1186663"
"chr1","87188272","87188377","chrX","15602944","15603040","37","71585328"
"chr1","87214070","87214356","chr1","86025185","86025468","26","1188885"
"chr1","87386583","87386750","chr9","24967659","24967824","48","62418924"
"chr1","87630242","87630483","chr1","86430120","86430366","26","1200122"
"chr1","87690170","87690473","chr4","2690787","2691081","67","84999383"
"chr1","88141869","88141996","chr6","70821396","70821527","37","17320473"
"chr1","88259256","88259383","chr2","104708095","104708220","23","16448839"
"chr1","88261304","88261627","chr4","73816234","73816545","79","14445070"
"chr1","88398354","88398580","chr1","87185446","87185668","16","1212908"
"chr1","88450223","88450531","chr1","94247075","94247368","82","5796852"
"chr1","90027694","90027998","chr1","88765695","88766003","31","1261999"
"chr1","90127549","90127682","chr13","74782008","74782141","23","15345541"
"chr1","90142888","90143021","chr7","18299760","18299888","30","71843128"
"chr1","90238614","90238914","chr1","88988009","88988308","25","1250605"
"chr1","90317546","90317820","chr1","89066901","89067171","19","1250645"
"chr1","90426305","90426588","chr2","44735869","44736149","66","45690436"
"chr1","90577607","90577887","chr1","89369505","89369779","24","1208102"
"chr1","90588590","90588745","chr7","70977213","70977371","38","19611377"
"chr1","90588771","90588882","chr1","52997477","52997595","29","37591294"
"chr1","90873988","90874064","chr1","197944777","197944855","26","107070789"
"chr1","91226390","91226586","chrX","59722429","59722617","50","31503961"
"chr1","91364815","91364947","chr1","45815412","45815540","33","45549403"
"chr1","91383408","91383708","chr1","90155134","90155452","29","1228274"
"chr1","91404776","91404923","chr1","90176491","90176640","8","1228285"
"chr1","92107566","92107762","chr6","37697378","37697562","56","54410188"
"chr1","92398138","92398440","chr1","91199217","91199521","16","1198921"
"chr1","92562014","92562165","chr1","91352109","91352259","11","1209905"
"chr1","92606030","92606324","chr9","63277055","63277347","56","29328975"
"chr1","93059191","93059445","chr1","92288883","92289131","33","770308"
"chr1","93165908","93166199","chr1","92388825","92389096","35","777083"
"chr1","93257085","93257214","chr20","18748338","18748470","22","74508747"
"chr1","93268400","93268463","chr1","92494490","92494559","8","773910"
"chr1","93520086","93520380","chr1","92745087","92745371","35","774999"
"chr1","93631105","93631249","chr15","46171560","46171694","35","47459545"
"chr1","93631547","93631696","chr1","876590","876733","37","92754957"
"chr1","93714846","93715154","chr1","92939976","92940290","22","774870"
"chr1","93740902","93741156","chr15","10550865","10551096","71","83190037"
"chr1","93760159","93760264","chr1","92985981","92986098","21","774178"
"chr1","93860705","93860810","chr1","93985549","93985656","17","124844"
"chr1","94002119","94002415","chr1","93216802","93217100","21","785317"
"chr1","94063498","94063819","chr1","93286966","93287245","63","776532"
"chr1","94103601","94103864","chr1","93329610","93329882","30","773991"
"chr1","94166462","94166761","chr1","93394318","93394641","41","772144"
"chr1","94218962","94219091","chr8","26277262","26277394","20","67941700"
"chr1","94488148","94488415","chr1","93730611","93730891","29","757537"
"chr1","94714974","94715257","chr6","78799285","78799566","54","15915689"
"chr1","94826011","94826033","chr11","109737988","109738002","8","14911977"
"chr1","94827937","94827971","chr11","100679801","100679835","6","5851864"
"chr1","94976004","94976299","chr1","94247075","94247368","22","728929"
"chr1","95161843","95162125","chr1","94436909","94437198","36","724934"
"chr1","95187558","95187829","chr1","94462440","94462715","14","725118"
"chr1","95600775","95600903","chr1","94849732","94849860","2","751043"
"chr1","95660925","95661008","chr1","94910783","94910866","3","750142"
"chr1","95670542","95670837","chr1","94920302","94920599","20","750240"
"chr1","95925510","95925620","chr1","95180213","95180324","6","745297"
"chr1","96194934","96195221","chr9","63277055","63277347","58","32917879"
"chr1","96357549","96357861","chr1","95650792","95651103","23","706757"
"chr1","96435874","96436180","chr3","142286075","142286375","63","45850201"
"chr1","97530296","97530616","chr10","58611689","58612000","74","38918607"
"chr1","97843928","97844265","chr1","209726339","209726639","104","111882411"
"chr1","98111778","98112066","chr1","97471444","97471723","30","640334"
"chr1","98323667","98323963","chr1","97683173","97683467","24","640494"
"chr1","98707761","98708051","chr1","98077115","98077418","31","630646"
"chr1","99705055","99705312","chr5","10661655","10661909","60","89043400"
"chr1","99769612","99769742","chrX","144541916","144542049","26","44772304"
"chr1","99942543","99942826","chr1","99375266","99375520","46","567277"
"chr1","99962509","99962799","chr1","99395446","99395733","23","567063"
"chr1","100050136","100050442","chr1","99536727","99537040","39","513409"
"chr1","101310215","101310492","chr1","100794637","100794913","17","515578"
"chr1","101363353","101363611","chr1","100857459","100857723","16","505894"
"chr1","101502221","101502518","chr1","101000346","101000657","34","501875"
"chr1","101609709","101610005","chr10","27157967","27158263","67","74451742"
"chr1","101612409","101612539","chr1","101109331","101109465","12","503078"
"chr1","101657592","101657873","chr20","50475124","50475398","68","51182468"
"chr1","102430391","102430690","chr1","101928233","101928535","24","502158"
"chr1","102641102","102641405","chr1","102140235","102140559","39","500867"
"chr1","103549680","103549963","chr1","103089159","103089460","41","460521"
"chr1","105649248","105649442","chr14","16376502","16376703","63","89272746"
"chr1","105719717","105719994","chr11","117255459","117255733","74","11535742"
"chr1","105737730","105738028","chr4","44179828","44180128","70","61557902"
"chr1","106354449","106354747","chr3","44655300","44655590","70","61699149"
"chr1","106689217","106689450","chr1","105759368","105759625","43","929849"
"chr1","106856405","106856709","chrX","49053394","49053705","78","57803011"
"chr1","106859073","106859358","chr1","105937990","105938268","27","921083"
"chr1","108125391","108125445","chr10","46966475","46966527","7","61158916"
"chr1","108710846","108710948","chr1","107932838","107932939","15","778008"
"chr1","109506993","109507259","chr1","108741204","108741474","14","765789"
"chr1","109836543","109836813","chr1","109067761","109068031","14","768782"
"chr1","110159074","110159208","chr1","109580181","109580299","19","578893"
"chr1","110229424","110229716","chr6","77646894","77647192","61","32582530"
"chr1","110351025","110351157","chr1","109765207","109765339","5","585818"
"chr1","110424178","110424468","chr1","109839397","109839689","32","584781"
"chr1","110508586","110508815","chr11","47588435","47588670","62","62920151"
"chr1","110705637","110705929","chr1","110162985","110163276","18","542652"
"chr1","110746101","110746216","chr1","110197514","110197629","6","548587"
"chr1","110817721","110817848","chr1","110276945","110277079","15","540776"
"chr1","111024126","111024250","chr1","110420993","110421120","10","603133"
"chr1","111295453","111295559","chr6","51332623","51332723","8","59962830"
"chr1","112196854","112197147","chr1","122746193","122746487","27","10549339"
"chr1","112423991","112424122","chr3","157204243","157204376","15","44780252"
"chr1","112556945","112557238","chr1","122381245","122381550","40","9824300"
"chr1","113901228","113901376","chr12","22537084","22537228","41","91364144"
"chr1","117956093","117956385","chr1","120769293","120769578","26","2813200"
"chr1","117996248","117996543","chr1","120769293","120769578","44","2773045"
"chr1","118262759","118263045","chr1","120454360","120454651","21","2191601"
"chr1","118456827","118456987","chr13","90030172","90030330","37","28426655"
"chr1","119018781","119019082","chr1","119723572","119723873","19","704791"
"chr1","119429897","119430181","chr9","73365165","73365443","70","46064732"
"chr1","119589124","119589397","chr1","119110177","119110450","14","478947"
"chr1","119825475","119825776","chr1","118812941","118813245","14","1012534"
"chr1","120154826","120154959","chrX","2647573","2647695","34","117507253"
"chr1","120549638","120549891","chr2","124303297","124303544","71","3753659"
"chr1","120637777","120637910","chr1","117957499","117957631","18","2680278"
"chr1","120793773","120793956","chr1","113377502","113377685","42","7416271"
"chr1","120830926","120831047","chr1","117759990","117760124","21","3070936"
"chr1","121189172","121189309","chr1","117500560","117500697","10","3688612"
"chr1","121334995","121335134","chr15","18535399","18535538","26","102799596"
"chr1","121410898","121411191","chr1","117279999","117280281","37","4130899"
"chr1","121630711","121630847","chr15","18535399","18535538","19","103095312"
"chr1","122001248","122001538","chr1","116690890","116691188","31","5310358"
"chr1","122621880","122622165","chr12","59906823","59907107","59","62715057"
"chr1","122652243","122652467","chr6","171784589","171784817","58","49132346"
"chr1","122982413","122982534","chrX","71477804","71477921","32","51504609"
"chr1","122982566","122982720","chr11","112386892","112387039","43","10595674"
"chr1","123019652","123019796","chr1","115630406","115630550","9","7389246"
"chr1","123020098","123020268","chr1","115629945","115630098","29","7390153"
"chr1","123073416","123073549","chr9","95599879","95600010","25","27473537"
"chr1","123155488","123155782","chr1","115489250","115489551","34","7666238"
"chr1","123192720","123193020","chr20","41433559","41433857","57","81759161"
"chr1","123223497","123223781","chr1","115420448","115420730","22","7803049"
"chr1","123385982","123386291","chr7","56337791","56338101","62","67048191"
"chr1","123672516","123672851","chr1","114981703","114982019","42","8690813"
"chr1","123712685","123712978","chr1","114936148","114936448","37","8776537"
"chr1","124691098","124691360","chr1","114009562","114009805","29","10681536"
"chr1","124732727","124733029","chr1","113965262","113965555","37","10767465"
"chr1","124737982","124738234","chr7","20218745","20218982","65","104519237"
"chr1","124779451","124779718","chr1","113910298","113910544","39","10869153"
"chr1","124793106","124793411","chr1","113899955","113900258","18","10893151"
"chr1","124872136","124872246","chr1","113816747","113816875","25","11055389"
"chr1","125054410","125054707","chr1","113638945","113639240","21","11415465"
"chr1","125110888","125111203","chr1","113581218","113581538","21","11529670"
"chr1","125298461","125298630","chr1","113377502","113377685","18","11920959"
"chr1","125525025","125525279","chr1","113166172","113166427","27","12358853"
"chr1","126720914","126721200","chr1","111992602","111992887","14","14728312"
"chr1","127234486","127234522","chr1","164716745","164716775","14","37482259"
"chr1","127234817","127234894","chr4","15519192","15519268","25","111715625"
"chr1","127357207","127357549","chr9","18110654","18111000","84","109246553"
"chr1","128571393","128571567","chr1","15446723","15446900","18","113124670"
"chr1","128881848","128882098","chr1","124236793","124237010","50","4645055"
"chr1","128993552","128993720","chr1","124347739","124347913","14","4645813"
"chr1","129124706","129124876","chr1","124487737","124487908","15","4636969"
"chr1","129175598","129175858","chr1","124540814","124541113","53","4634784"
"chr1","129322439","129322519","chr2","81844034","81844107","19","47478405"
"chr1","129462618","129462924","chr17","80993762","80994070","60","48468856"
"chr1","129604500","129604629","chr6","67969380","67969511","22","61635120"
"chr1","129737482","129737672","chr3","43598310","43598498","41","86139172"
"chr1","129751218","129751274","chr17","39819915","39819968","19","89931303"
"chr1","129834851","129835129","chr1","125297907","125298185","22","4536944"
"chr1","129907913","129908184","chr1","125377192","125377461","16","4530721"
"chr1","129916975","129917247","chr13","33192611","33192875","72","96724364"
"chr1","129945724","129946018","chr1","125414822","125415127","27","4530902"
"chr1","130017348","130017479","chr9","63344988","63345119","17","66672360"
"chr1","130181495","130181545","chr12","39285471","39285525","20","90896024"
"chr1","130224751","130225066","chr1","125724437","125724749","40","4500314"
"chr1","130255864","130255993","chr10","79650712","79650844","27","50605152"
"chr1","130326605","130326904","chr1","125822424","125822719","18","4504181"
"chr1","130379370","130379474","chr2","89651297","89651403","23","40728073"
"chr1","130387970","130388266","chr1","125885462","125885752","29","4502508"
"chr1","130452747","130452884","chr1","125955312","125955444","24","4497435"
"chr1","130492761","130493039","chr1","125997252","125997530","31","4495509"
"chr1","130605312","130605602","chr1","126116961","126117246","32","4488351"
"chr1","130696856","130697156","chr1","126211975","126212271","26","4484881"
"chr1","130735386","130735544","chr10","75259603","75259770","45","55475783"
"chr1","130745518","130745807","chr1","126265031","126265311","27","4480487"
"chr1","130946261","130946392","chr1","126478249","126478380","8","4468012"
"chr1","130951236","130951519","chr19","38211765","38212052","70","92739471"
"chr1","132459780","132459922","chr3","39659071","39659215","33","92800709"
"chr1","132523096","132523379","chr1","187898632","187898919","57","55375536"
"chr1","132641994","132642244","chr1","128246654","128246893","22","4395340"
"chr1","132648598","132648872","chr9","57975438","57975706","54","74673160"
"chr1","132685701","132685868","chr16","46068496","46068653","41","86617205"
"chr1","132686489","132686631","chr10","30339443","30339585","25","102347046"
"chr1","132690000","132690288","chr1","128293045","128293348","25","4396955"
"chr1","132844365","132844666","chr11","108202688","108202986","72","24641677"
"chr1","132851306","132851436","chr5","156561538","156561662","27","23710232"
"chr1","132858237","132858510","chr1","128467343","128467616","19","4390894"
"chr1","132899401","132899688","chr1","128515079","128515366","18","4384322"
"chr1","132981311","132981607","chr1","128610897","128611202","22","4370414"
"chr1","133037621","133037913","chr1","128675301","128675594","16","4362320"
"chr1","133065018","133065315","chr1","128698304","128698604","17","4366714"
"chr1","133086241","133086537","chr1","47327661","47327963","69","85758580"
"chr1","133266292","133266431","chr19","28730788","28730927","28","104535504"
"chr1","133268591","133268728","chr1","128922940","128923078","10","4345651"
"chr1","133922733","133923025","chr1","129658344","129658640","24","4264389"
"chr1","134063242","134063460","chr1","87185446","87185668","56","46877796"
"chr1","134079597","134079742","chr3","157841174","157841317","40","23761577"
"chr1","134079781","134079865","chr7","77133699","77133778","26","56946082"
"chr1","134289882","134290030","chr3","7218901","7219052","28","127070981"
"chr1","134358664","134358831","chr13","90030172","90030330","38","44328492"
"chr1","134421083","134421398","chr1","130159715","130160032","21","4261368"
"chr1","134456284","134456465","chr1","130198432","130198601","19","4257852"
"chr1","134516305","134516431","chr7","97166339","97166470","30","37349966"
"chr1","134893624","134893754","chr2","90050138","90050260","25","44843486"
"chr1","134960803","134961093","chr1","173860420","173860709","62","38899617"
"chr1","135001048","135001341","chr5","127204077","127204375","61","7796971"
"chr1","135030094","135030227","chr9","118849962","118850097","27","16180132"
"chr1","135037668","135037870","chr5","85794042","85794229","71","49243626"
"chr1","135125774","135126084","chr1","130541080","130541399","22","4584694"
"chr1","135314656","135314789","chr1","130749988","130750121","7","4564668"
"chr1","135442157","135442294","chr3","7284673","7284809","31","128157484"
"chr1","135478409","135478539","chr9","63344988","63345119","26","72133421"
"chr1","135618264","135618393","chr20","9188693","9188824","22","126429571"
"chr1","135942585","135942888","chr1","212250297","212250574","67","76307712"
"chr1","136898288","136898577","chr6","149840645","149840926","63","12942357"
"chr1","137347170","137347440","chr1","132835910","132836196","37","4511260"
"chr1","138458779","138458910","chr1","134018877","134019008","8","4439902"
"chr1","139249509","139249556","chr13","39199030","39199080","16","100050479"
"chr1","139992278","139992358","chr12","123894321","123894392","18","16097957"
"chr1","140263850","140263907","chr13","48881953","48882006","22","91381897"
"chr1","140292780","140293084","chr1","135704107","135704415","24","4588673"
"chr1","140315724","140315856","chr9","67396372","67396503","21","72919352"
"chr1","140980051","140980358","chr1","136502138","136502442","33","4477913"
"chr1","141013910","141014091","chr1","136537472","136537647","27","4476438"
"chr1","141259823","141260053","chr1","136824463","136824709","35","4435360"
"chr1","141322254","141322542","chr1","136888402","136888691","16","4433852"
"chr1","141431574","141431854","chr1","137008258","137008538","14","4423316"
"chr1","141639906","141640190","chr10","6888170","6888460","71","134751736"
"chr1","143729181","143729479","chr1","203151505","203151807","21","59422324"
"chr1","143754014","143754267","chr1","203129123","203129392","33","59375109"
"chr1","144589289","144589574","chr14","67399662","67399945","55","77189627"
"chr1","144924547","144924701","chr1","8787419","8787562","51","136137128"
"chr1","144925010","144925155","chr7","140540231","140540375","47","4384779"
"chr1","144972033","144972089","chr1","201849461","201849518","6","56877428"
"chr1","144976687","144976944","chr11","106674149","106674417","73","38302538"
"chr1","145039368","145039624","chr1","201784042","201784297","11","56744674"
"chr1","145040816","145040910","chr19","8078714","8078794","26","136962102"
"chr1","145066522","145066820","chr1","44272464","44272753","71","100794058"
"chr1","145978997","145979259","chr1","145494920","145495180","73","484077"
"chr1","145992682","145992964","chr8","77607739","77608026","72","68384943"
"chr1","146506921","146507161","chr2","169412009","169412252","61","22905088"
"chr1","146945879","146945960","chr1","199947777","199947868","14","53001898"
"chr1","147205726","147205933","chr1","199697989","199698197","9","52492263"
"chr1","147216549","147216830","chr1","199686856","199687151","26","52470307"
"chr1","147385213","147385450","chr1","52436720","52436946","66","94948493"
"chr1","147475643","147475923","chr1","199428514","199428782","29","51952871"
"chr1","147496154","147496287","chr1","199407944","199408077","9","51911790"
"chr1","148190057","148190354","chr1","198669481","198669774","27","50479424"
"chr1","148457885","148458103","chr1","198349167","198349380","21","49891282"
"chr1","148498575","148498874","chr1","198323493","198323787","35","49824918"
"chr1","148893874","148893952","chr1","197944777","197944855","4","49050903"
"chr1","149261764","149262036","chr1","197564695","197564973","29","48302931"
"chr1","150555560","150555853","chr1","196261278","196261599","44","45705718"
"chr1","150556334","150556433","chr8","39011295","39011398","23","111545039"
"chr1","150573794","150574095","chr11","95144407","95144710","68","55429387"
"chr1","150623471","150623601","chr4","133031283","133031415","24","17592188"
"chr1","150661861","150662169","chr3","92663903","92664212","63","57997958"
"chr1","150792632","150792933","chr1","195991064","195991365","23","45198432"
"chr1","151139936","151140255","chr1","195614314","195614626","51","44474378"
"chr1","151573982","151574270","chr1","42170013","42170304","68","109403969"
"chr1","151975663","151975963","chr1","194775468","194775781","29","42799805"
"chr1","152026328","152026586","chr1","194727402","194727687","43","42701074"
"chr1","152326699","152327013","chr1","194437082","194437390","25","42110383"
"chr1","152417359","152417668","chr1","194345075","194345376","33","41927716"
"chr1","152831680","152831802","chr1","193952966","193953094","10","41121286"
"chr1","152832112","152832245","chr1","193952524","193952658","5","41120412"
"chr1","152888370","152888430","chr2","22662163","22662220","17","130226207"
"chr1","152944706","152944860","chr1","193846037","193846192","8","40901331"
"chr1","152955617","152955749","chr19","3881316","3881448","20","149074301"
"chr1","152993167","152993474","chrX","30822633","30822934","75","122170534"
"chr1","153021953","153022253","chr1","146378175","146378480","66","6643778"
"chr1","153110728","153110977","chr15","39362329","39362566","63","113748399"
"chr1","153164893","153165210","chr1","193619132","193619447","26","40454239"
"chr1","153171755","153172030","chr1","193612461","193612699","56","40440706"
"chr1","153255784","153255953","chr1","193526710","193526880","7","40270926"
"chr1","153321980","153322199","chr17","29003454","29003670","68","124318526"
"chr1","153322508","153322573","chr2","84691749","84691807","19","68630759"
"chr1","153357830","153357962","chr1","193423617","193423749","10","40065787"
"chr1","153369698","153369986","chr1","193407472","193407757","21","40037774"
"chr1","153487983","153488266","chr1","193278821","193279093","21","39790838"
"chr1","153547977","153548277","chr1","193227936","193228242","29","39679959"
"chr1","153688676","153688939","chr10","12801901","12802170","56","140886775"
"chr1","153795540","153795831","chr1","193002684","193002953","52","39207144"
"chr1","155004923","155005209","chr13","26176813","26177086","63","128828110"
"chr1","155260275","155260559","chr1","191507163","191507447","21","36246888"
"chr1","155430543","155430836","chr11","65385903","65386220","69","90044640"
"chr1","155471257","155471554","chr1","191297600","191297916","35","35826343"
"chr1","157318892","157319190","chr1","189389802","189390087","34","32070910"
"chr1","157471984","157472126","chr14","10853551","10853688","34","146618433"
"chr1","157472423","157472569","chr8","139878884","139879042","35","17593539"
"chr1","157545473","157545789","chr1","189164884","189165203","26","31619411"
"chr1","157691274","157691577","chr1","189019137","189019427","31","31327863"
"chr1","157886463","157886600","chr7","50855091","50855223","33","107031372"
"chr1","157886955","157886966","chr10","31786595","31786605","6","126100360"
"chr1","157887451","157887623","chr10","61544045","61544219","48","96343406"
"chr1","157933770","157934076","chr1","188722685","188722953","60","30788915"
"chr1","157990145","157990409","chr1","188660332","188660631","45","30670187"
"chr1","158331705","158331864","chr1","7884336","7884503","33","150447369"
"chr1","158382029","158382310","chr1","188279922","188280198","29","29897893"
"chr1","158486090","158486406","chr1","25909793","25910103","80","132576297"
"chr1","158694982","158695262","chr1","187898632","187898919","25","29203650"
"chr1","159066079","159066385","chr1","8350188","8350493","62","150715891"
"chr1","159151966","159152140","chr2","95170829","95170996","47","63981137"
"chr1","159236400","159236680","chr1","187344968","187345254","25","28108568"
"chr1","159553379","159553674","chr4","17370062","17370355","62","142183317"
"chr1","159577553","159577848","chr1","187008882","187009198","44","27431329"
"chr1","159911363","159911664","chr1","102132517","102132811","72","57778846"
"chr1","160001775","160002073","chr1","186551395","186551725","59","26549620"
"chr1","160157956","160158196","chr8","89400067","89400318","51","70757889"
"chr1","160427724","160427944","chr11","24129100","24129325","64","136298624"
"chr1","161115850","161116105","chr1","140096917","140097175","70","21018933"
"chr1","161326316","161326447","chr2","200695342","200695474","21","39369026"
"chr1","161498004","161498166","chr1","185034467","185034631","15","23536463"
"chr1","161557624","161557925","chr1","184973992","184974295","23","23416368"
"chr1","161649800","161649960","chrX","130871797","130871958","33","30778003"
"chr1","161691631","161691941","chr15","26711810","26712122","64","134979821"
"chr1","162796844","162797139","chr12","66354678","66354979","66","96442166"
"chr1","162817975","162818275","chr1","184232079","184232372","28","21414104"
"chr1","163813380","163813676","chr1","183131614","183131901","30","19318234"
"chr1","164106008","164106277","chr1","182841255","182841524","13","18735247"
"chr1","164337615","164337917","chr1","182594668","182594960","39","18257053"
"chr1","164529307","164529437","chr15","56931624","56931751","25","107597683"
"chr1","164736994","164737272","chr1","182154247","182154528","26","17417253"
"chr1","164761521","164761748","chr1","87185446","87185668","55","77576075"
"chr1","164895199","164895496","chr1","182000105","182000393","30","17104906"
"chr1","165156058","165156397","chr3","92663903","92664212","99","72492155"
"chr1","165476586","165476849","chr5","41057505","41057765","71","124419081"
"chr1","165520778","165520824","chr8","51552528","51552577","9","113968250"
"chr1","165790794","165791083","chr1","181119072","181119356","26","15328278"
"chr1","166371468","166371608","chr17","12119042","12119183","29","154252426"
"chr1","168117301","168117563","chr16","58072962","58073249","82","110044339"
"chr1","168723828","168723974","chr14","47576430","47576562","38","121147398"
"chr1","168723978","168724066","chr1","178153455","178153543","5","9429477"
"chr1","169940157","169940441","chr1","176983186","176983469","28","7043029"
"chr1","170606570","170606832","chr1","176229678","176229947","34","5623108"
"chr1","171308945","171309189","chr1","175462032","175462316","66","4153087"
"chr1","171568690","171568972","chr1","175204163","175204452","27","3635473"
"chr1","171664940","171665113","chr1","175099223","175099384","52","3434283"
"chr1","172063636","172063931","chr1","174659385","174659669","32","2595749"
"chr1","172300409","172300722","chr1","174368351","174368660","26","2067942"
"chr1","172321533","172321831","chr15","27071684","27071985","73","145249849"
"chr1","172373428","172373523","chr6","149863487","149863575","26","22509941"
"chr1","172512203","172512308","chr2","162926350","162926466","30","9585853"
"chr1","172512610","172512786","chr11","124402514","124402683","49","48110096"
"chr1","172791150","172791433","chr1","173860420","173860709","20","1069270"
"chr1","172836184","172836235","chr2","144550558","144550613","18","28285626"
"chr1","172848142","172848351","chr5","8763481","8763695","59","164084661"
"chr1","173719742","173719957","chr1","172928129","172928342","23","791613"
"chr1","174415439","174415699","chr1","172523058","172523318","28","1892381"
"chr1","174711605","174711904","chr1","172226747","172227028","43","2484858"
"chr1","175547272","175547534","chr1","171385715","171385993","35","4161557"
"chr1","178116785","178117069","chr7","97949570","97949847","70","80167215"
"chr1","178232468","178232737","chr1","168482877","168483143","29","9749591"
"chr1","178967569","178967722","chr17","12119042","12119183","33","166848527"
"chr1","179429336","179429638","chr1","167240579","167240876","21","12188757"
"chr1","179527358","179527477","chr5","42100575","42100696","29","137426783"
"chr1","179527780","179527936","chr1","193096312","193096462","37","13568532"
"chr1","179800228","179800536","chr1","166874444","166874750","33","12925784"
"chr1","179926695","179926832","chr9","115900218","115900349","20","64026477"
"chr1","179932814","179933078","chr1","166732123","166732398","39","13200691"
"chr1","180033022","180033143","chr16","51618808","51618941","25","128414214"
"chr1","180119185","180119493","chr7","9801252","9801554","64","170317933"
"chr1","180421354","180421654","chr1","166253853","166254149","19","14167501"
"chr1","180743740","180744019","chr1","165918851","165919120","24","14824889"
"chr1","180848067","180848364","chr1","165815331","165815628","19","15032736"
"chr1","181028365","181028630","chr1","165632321","165632589","23","15396044"
"chr1","181325608","181325740","chr13","74782008","74782141","19","106543600"
"chr1","181420246","181420529","chr1","165239336","165239615","23","16180910"
"chr1","181447113","181447402","chr4","101086176","101086431","81","80360937"
"chr1","181656158","181656443","chr1","165005036","165005323","32","16651122"
"chr1","181749372","181749680","chr10","80158951","80159258","70","101590421"
"chr1","181818407","181818695","chr1","164835864","164836152","22","16982543"
"chr1","181871082","181871247","chr20","52389650","52389816","43","129481432"
"chr1","181999829","182000000","chr2","93839016","93839180","36","88160813"
"chr1","182056220","182056539","chr9","61004267","61004578","69","121051953"
"chr1","182269750","182270019","chr1","164368855","164369125","19","17900895"
"chr1","182285181","182285470","chr6","77646894","77647192","70","104638287"
"chr1","182439999","182440291","chr1","164200569","164200865","20","18239430"
"chr1","182674396","182674670","chr1","163928267","163928540","13","18746129"
"chr1","182917282","182917581","chr1","163622691","163622985","26","19294591"
"chr1","183387158","183387285","chr6","155902023","155902147","20","27485135"
"chr1","183449057","183449190","chr1","163076626","163076759","15","20372431"
"chr1","183475805","183476078","chr9","116197088","116197353","72","67278717"
"chr1","183522817","183522952","chr1","163076626","163076759","22","20446191"
"chr1","183620131","183620234","chr2","189510879","189510978","26","5890748"
"chr1","183654901","183655016","chr1","162870256","162870371","10","20784645"
"chr1","183753081","183753327","chrX","10585268","10585497","76","173167813"
"chr1","183826887","183826920","chr20","52012790","52012826","8","131814097"
"chr1","183829461","183829628","chr1","162693666","162693821","24","21135795"
"chr1","183829926","183830059","chr1","162693231","162693364","7","21136695"
"chr1","183905262","183905540","chr1","162614720","162614998","20","21290542"
"chr1","183914815","183915096","chr1","162603985","162604268","25","21310830"
"chr1","184376899","184377080","chr1","162110134","162110319","20","22266765"
"chr1","184440181","184440450","chr1","162041264","162041537","28","22398917"
"chr1","184701544","184701845","chr9","94961059","94961353","62","89740485"
"chr1","184734574","184734855","chr1","161741569","161741852","21","22993005"
"chr1","185000939","185001216","chr1","161468225","161468526","36","23532714"
"chr1","185011851","185012007","chr3","15822345","15822496","40","169189506"
"chr1","185026016","185026148","chrX","144541916","144542049","22","40484100"
"chr1","185071720","185071854","chr1","161407756","161407890","5","23663964"
"chr1","185103894","185104026","chr16","38318964","38319097","21","146784930"
"chr1","185290457","185290752","chr1","161182351","161182630","41","24108106"
"chr1","185291858","185292046","chr9","18573311","18573509","50","166718547"
"chr1","185308341","185308472","chr13","30507173","30507306","21","154801168"
"chr1","185308762","185308938","chr1","161169668","161169828","30","24139094"
"chr1","185631315","185631529","chr13","15845964","15846206","81","169785351"
"chr1","185713880","185713985","chr16","38377647","38377740","31","147336233"
"chr1","185769383","185769667","chr11","25990609","25990893","50","159778774"
"chr1","185789704","185790010","chr12","87829978","87830283","68","97959726"
"chr1","185803414","185803736","chr1","160693662","160693987","15","25109752"
"chr1","185967425","185967640","chr1","160561114","160561330","15","25406311"
"chr1","185993801","185994084","chr1","160494411","160494729","58","25499390"
"chr1","186057656","186057886","chr1","160434474","160434732","38","25623182"
"chr1","186308798","186309085","chr18","11279367","11279661","61","175029431"
"chr1","186415362","186415659","chr1","160081979","160082275","18","26333383"
"chr1","186428826","186428968","chr19","13470979","13471116","23","172957847"
"chr1","186492082","186492367","chr6","78799285","78799566","62","107692797"
"chr1","187001802","187002093","chr9","63277055","63277347","66","123724747"
"chr1","187032829","187033077","chr1","159459440","159459705","36","27573389"
"chr1","187107322","187107632","chr1","159389622","159389911","32","27717700"
"chr1","188312146","188312225","chr1","158656794","158656873","5","29655352"
"chr1","188312776","188312912","chrX","144541916","144542049","25","43770860"
"chr1","188392806","188393115","chr1","158575970","158576284","49","29816836"
"chr1","188721610","188721909","chr10","27157967","27158263","57","161563643"
"chr1","188764992","188765116","chr6","56518707","56518831","22","132246285"
"chr1","189129289","189129592","chr1","146500695","146501000","60","42628594"
"chr1","189758848","189759159","chr1","157184913","157185212","34","32573935"
"chr1","189939995","189940127","chr1","157001057","157001189","4","32938938"
"chr1","190460692","190460878","chr1","156495761","156495962","24","33964931"
"chr1","190714110","190714414","chr1","156238776","156239089","34","34475334"
"chr1","190818336","190818633","chr1","156130042","156130337","22","34688294"
"chr1","191097564","191097734","chr15","91264810","91264974","38","99832754"
"chr1","191097804","191097901","chr7","153455667","153455763","20","37642137"
"chr1","191139285","191139414","chr1","155808169","155808312","20","35331116"
"chr1","191570546","191570843","chr6","135687652","135687955","71","55882894"
"chr1","191677764","191677934","chr15","91264810","91264974","39","100412954"
"chr1","191718216","191718447","chr1","155238458","155238684","21","36479758"
"chr1","191869668","191869943","chr8","43203415","43203707","73","148666253"
"chr1","192227560","192227869","chr15","17025632","17025943","69","175201928"
"chr1","192230596","192230877","chr1","154725271","154725586","61","37505325"
"chr1","192326153","192326280","chr10","38247567","38247693","21","154078586"
"chr1","192780879","192781200","chr1","154164471","154164767","38","38616408"
"chr1","192945934","192946232","chrX","43739404","43739703","56","149206530"
"chr1","193070739","193071041","chr1","102132517","102132811","66","90938222"
"chr1","193216051","193216320","chr1","153747411","153747680","13","39468640"
"chr1","193713843","193714121","chr1","153254191","153254478","32","40459652"
"chr1","193763148","193763449","chr1","153205929","153206230","17","40557219"
"chr1","193886548","193886804","chr13","44143650","44143884","66","149742898"
"chr1","193957068","193957286","chr1","153019585","153019810","26","40937483"
"chr1","193980691","193980960","chr1","152995589","152995839","41","40985102"
"chr1","194966696","194966956","chr1","31094554","31094812","67","163872142"
"chr1","195336908","195337193","chr11","108202688","108202986","72","87134220"
"chr1","195952963","195953269","chr1","150941127","150941415","35","45011836"
"chr1","196971036","196971325","chr1","149924932","149925225","34","47046104"
"chr1","197104359","197104647","chr1","149791199","149791500","27","47313160"
"chr1","197198304","197198591","chr1","149698652","149698940","21","47499652"
"chr1","197525101","197525383","chr1","149368001","149368285","17","48157100"
"chr1","197703030","197703316","chr1","149190492","149190780","20","48512538"
"chr1","197721340","197721619","chr4","130993966","130994237","67","66727374"
"chr1","197771985","197772286","chr1","149124423","149124718","28","48647562"
"chr1","197894378","197894600","chr1","148996237","148996447","35","48898141"
"chr1","197919280","197919541","chr1","148971159","148971438","27","48948121"
"chr1","197951480","197951773","chr1","148938997","148939291","20","49012483"
"chr1","198040291","198040603","chr1","148849670","148849979","24","49190621"
"chr1","198682455","198682751","chr1","148194513","148194815","25","50487942"
"chr1","198779705","198780020","chr2","136604287","136604581","74","62175418"
"chr1","198881798","198882108","chr1","147998330","147998640","22","50883468"
"chr1","199448526","199448689","chr3","34558751","34558916","37","164889775"
"chr1","199513310","199513600","chr1","147323920","147324213","23","52189390"
"chr1","200409938","200410228","chr1","146593584","146593851","58","53816354"
"chr1","200521273","200521404","chr1","5954140","5954271","20","194567133"
"chr1","200613644","200613930","chr1","146378175","146378480","29","54235469"
"chr1","200630876","200631185","chr1","146360698","146361012","25","54270178"
"chr1","200649323","200649619","chr1","146338187","146338494","47","54311136"
"chr1","200725000","200725265","chr1","146243032","146243304","25","54481968"
"chr1","200882873","200883189","chr1","146074801","146075123","21","54808072"
"chr1","200979604","200979907","chr1","145979074","145979372","16","55000530"
"chr1","201441653","201441909","chr1","145494920","145495180","14","55946733"
"chr1","203525148","203525433","chr1","143430825","143431094","34","60094323"
"chr1","204465433","204465740","chr1","142442943","142443255","50","62022490"
"chr1","204526708","204526847","chr1","142377440","142377579","13","62149268"
"chr1","204623837","204623933","chr1","142283852","142283948","2","62339985"
"chr1","204785121","204785403","chr1","142120819","142121109","26","62664302"
"chr1","204790876","204791089","chr1","142114269","142114485","27","62676607"
"chr1","204814783","204815036","chr6","67314793","67315047","69","137499990"
"chr1","204824458","204824761","chr1","142078609","142078915","29","62745849"
"chr1","204836951","204837121","chr1","142059985","142060159","17","62776966"
"chr1","204837346","204837430","chr1","142059684","142059763","8","62777662"
"chr1","204857473","204857752","chr1","142037995","142038279","12","62819478"
"chr1","204900018","204900276","chr15","43610240","43610508","65","161289778"
"chr1","204963434","204963719","chr1","141928584","141928893","41","63034850"
"chr1","204987131","204987422","chr1","141904012","141904305","17","63083119"
"chr1","204997990","204998290","chr1","141888099","141888398","31","63109891"
"chr1","205035499","205035768","chr1","141852377","141852648","22","63183122"
"chr1","205200052","205200182","chr12","100835212","100835345","26","104364840"
"chr1","206011097","206011389","chr1","140759677","140759962","26","65251420"
"chr1","206014267","206014561","chr12","35326108","35326397","71","170688159"
"chr1","206158388","206158672","chr9","94961059","94961353","75","111197329"
"chr1","206354157","206354291","chr1","140410925","140411058","4","65943232"
"chr1","206509597","206509920","chr1","140253814","140254112","48","66255783"
"chr1","206566073","206566274","chr1","62384591","62384787","66","144181482"
"chr1","206647854","206648112","chr1","140096917","140097175","15","66550937"
"chr1","206659584","206659640","chr20","1437178","1437232","11","205222406"
"chr1","206799990","206800113","chr19","34635913","34636034","23","172164077"
"chr1","206886709","206886821","chr1","139829119","139829236","8","67057590"
"chr1","207094828","207094964","chrX","144541916","144542049","23","62552912"
"chr1","207293031","207293158","chr1","137823091","137823234","25","69469940"
"chr1","207293472","207293486","chr1","137823548","137823562","0","69469924"
"chr1","207779927","207780195","chr1","138336146","138336417","19","69443781"
"chr1","207811309","207811440","chr1","138367447","138367579","14","69443862"
"chr1","207879781","207879915","chr1","138438131","138438265","8","69441650"
"chr1","208011664","208011905","chr1","138537183","138537474","63","69474481"
"chr1","208643597","208643844","chr9","59391775","59392022","69","149251822"
"chr1","208836489","208836618","chr8","49689111","49689245","31","159147378"
"chr1","208879678","208879978","chr1","139266144","139266448","16","69613534"
"chr1","209356385","209356682","chr1","9267991","9268271","90","200088394"
"chr1","209784973","209785218","chr7","42654466","42654713","55","167130507"
"chr1","209872786","209873026","chr1","205452850","205453110","43","4419936"
"chr1","209962139","209962241","chr1","205548841","205548943","8","4413298"
"chr1","210047590","210047885","chr1","205632683","205632956","36","4414907"
"chr1","210082993","210083155","chr1","205668783","205668947","19","4414210"
"chr1","210096026","210096270","chr4","38127891","38128127","61","171968135"
"chr1","210266450","210266748","chr1","205847217","205847510","18","4419233"
"chr1","210424043","210424196","chr1","91352109","91352259","31","119071934"
"chr1","210651540","210651816","chr1","39577020","39577299","70","171074520"
"chr1","210794170","210794429","chr1","206376709","206376989","45","4417461"
"chr1","210977906","210978260","chr15","71035951","71036257","110","139941955"
"chr1","210979705","210979806","chr19","25579785","25579879","24","185399920"
"chr1","211468933","211469173","chr6","90039645","90039880","58","121429288"
"chr1","211516881","211517189","chr1","207160890","207161199","14","4355991"
"chr1","211662493","211662769","chr1","207300638","207300919","37","4361855"
"chr1","211768206","211768542","chr1","207415045","207415358","49","4353161"
"chr1","211823347","211823637","chr7","57408761","57409051","69","154414586"
"chr1","211833571","211833884","chr1","207481939","207482253","25","4351632"
"chr1","211962612","211962890","chr11","25990609","25990893","63","185972003"
"chr1","212318773","212318906","chr19","19541216","19541349","23","192777557"
"chr1","212350244","212350519","chr14","22696706","22696977","64","189653538"
"chr1","212651421","212651735","chr1","208297044","208297355","25","4354377"
"chr1","212838989","212839183","chr19","35910817","35911002","48","176928172"
"chr1","213190202","213190487","chr1","208825506","208825794","36","4364696"
"chr1","213254313","213254562","chr14","122764820","122765079","68","90489493"
"chr1","213730140","213730267","chr9","5626361","5626493","25","208103779"
"chr1","213827700","213828005","chr1","209519331","209519628","26","4308369"
"chr1","213979146","213979425","chr20","18135625","18135907","64","195843521"
"chr1","214004195","214004494","chr1","209726339","209726639","22","4277856"
"chr1","214019676","214019819","chr3","133031705","133031853","31","80987971"
"chr1","214147029","214147311","chr4","17999238","17999521","66","196147791"
"chr1","214344696","214345011","chr1","210066742","210067063","19","4277954"
"chr1","214739353","214739503","chr10","80212336","80212494","25","134527017"
"chr1","214850378","214850670","chr3","63839917","63840201","60","151010461"
"chr1","215136732","215136912","chr1","210846115","210846284","29","4290617"
"chr1","215139418","215139690","chr19","40130488","40130744","83","175008930"
"chr1","215156888","215157004","chr1","210866456","210866572","8","4290432"
"chr1","215242090","215242395","chr4","44620337","44620634","85","170621753"
"chr1","215292392","215292508","chr19","47181117","47181230","34","168111275"
"chr1","215583268","215583575","chr2","95788540","95788841","66","119794728"
"chr1","215657869","215658059","chr1","211379450","211379616","35","4278419"
"chr1","215658357","215658486","chr1","211380231","211380357","10","4278126"
"chr1","215794112","215794415","chr1","211515456","211515758","14","4278656"
"chr1","215853440","215853736","chr1","211576988","211577274","40","4276452"
"chr1","215970559","215970863","chr1","211684632","211684934","43","4285927"
"chr1","215978477","215978606","chr1","211692909","211693038","7","4285568"
"chr1","216060351","216060652","chr1","211779047","211779341","21","4281304"
"chr1","216078447","216078719","chr1","211797406","211797681","18","4281041"
"chr1","216136577","216136690","chr1","7815143","7815253","34","208321434"
"chr1","216524716","216524930","chr16","45926911","45927130","46","170597805"
"chr1","216541754","216542031","chr1","212250297","212250574","15","4291457"
"chr1","216740808","216741119","chr5","77978039","77978343","69","138762769"
"chr1","217039457","217039754","chr1","212851699","212851996","27","4187758"
"chr1","217213015","217213145","chr1","213026918","213027048","14","4186097"
"chr1","217218180","217218432","chr1","213032011","213032263","21","4186169"
"chr1","217251177","217251472","chr7","19632617","19632910","56","197618560"
"chr1","217524165","217524440","chr2","140092527","140092807","57","77431638"
"chr1","217548813","217549110","chr1","125822424","125822719","59","91726389"
"chr1","217551287","217551581","chr10","27157967","27158263","68","190393320"
"chr1","217584164","217584482","chr3","92663903","92664212","73","124920261"
"chr1","217714434","217714567","chr1","213523921","213524053","5","4190513"
"chr1","217918804","217919094","chr1","213736211","213736501","19","4182593"
"chr1","218647176","218647284","chr11","10234131","10234235","24","208413045"
"chr1","218866871","218867006","chr15","93225091","93225217","35","125641780"
"chr1","218867753","218867876","chr19","18563379","18563502","31","200304374"
"chr1","218877126","218877403","chr1","214714560","214714840","28","4162566"
"chr1","219163119","219163384","chr1","214994609","214994866","28","4168510"
"chr1","219977211","219977497","chr1","44438619","44438917","75","175538592"
"chr1","220212800","220213094","chr1","216089009","216089307","30","4123791"
"chr1","220419816","220420029","chr9","18573311","18573509","50","201846505"
"chr1","220534492","220534807","chr6","77646894","77647192","68","142887598"
"chr1","220734564","220734818","chr1","216625371","216625632","22","4109193"
"chr1","221113972","221114249","chr1","217016980","217017256","21","4096992"
"chr1","221176222","221176303","chr16","69603322","69603397","15","151572900"
"chr1","221396471","221396600","chr13","74782008","74782141","21","146614463"
"chr1","221400241","221400433","chr18","21171552","21171757","43","200228689"
"chr1","221530861","221531010","chr14","93401809","93401958","31","128129052"
"chr1","221674935","221675154","chr1","217561835","217562059","24","4113100"
"chr1","222319374","222319525","chr3","164395252","164395401","40","57924122"
"chr1","222333366","222333667","chr16","25460444","25460740","71","196872922"
"chr1","222566278","222566581","chr1","213299903","213300197","63","9266375"
"chr1","222578355","222578464","chr9","114476747","114476858","29","108101608"
"chr1","223430343","223430534","chr1","218975732","218975930","20","4454611"
"chr1","223937241","223937537","chr1","66526863","66527155","61","157410378"
"chr1","224291655","224291930","chr1","66605084","66605372","70","157686571"
"chr1","224293766","224293900","chr1","219733997","219734129","13","4559769"
"chr1","224320047","224320332","chr1","219761621","219761916","34","4558426"
"chr1","224369871","224370074","chr1","4086544","4086737","48","220283327"
"chr1","224370117","224370157","chr10","19201388","19201431","11","205168729"
"chr1","224410705","224410834","chr1","219852699","219852828","6","4558006"
"chr1","224411125","224411262","chr1","219853434","219853569","12","4557691"
"chr1","224587114","224587417","chr1","220036969","220037266","16","4550145"
"chr1","224815576","224815718","chr12","87854864","87855004","21","136960712"
"chr1","224857078","224857211","chr3","13531543","13531676","21","211325535"
"chr1","224883507","224883650","chr1","220376410","220376552","13","4507097"
"chr1","224883949","224884088","chr6","68171041","68171175","44","156712908"
"chr1","224950344","224950470","chr8","71232182","71232313","25","153718162"
"chr1","225011236","225011539","chr5","77978039","77978343","73","147033197"
"chr1","225202560","225202851","chr16","18190626","18190922","76","207011934"
"chr1","225250451","225250752","chr1","220741964","220742268","25","4508487"
"chr1","225283921","225284204","chr2","1904490","1904780","65","223379431"
"chr1","225359844","225360141","chr1","220854181","220854456","47","4505663"
"chr1","225468782","225468916","chr15","9760642","9760774","23","215708140"
"chr1","225512057","225512341","chr1","221010259","221010553","21","4501798"
"chr1","225577527","225577800","chr1","221092552","221092823","16","4484975"
"chr1","225735636","225735825","chr14","78495865","78496054","50","147239771"
"chr1","225750237","225750362","chr20","51172278","51172401","22","174577959"
"chr1","225750389","225750535","chr3","164395252","164395401","34","61355137"
"chr1","225939126","225939262","chr1","221472845","221472987","15","4466281"
"chr1","225976129","225976397","chr1","221512000","221512266","27","4464129"
"chr1","226000295","226000560","chr1","221537332","221537609","26","4462963"
"chr1","226186070","226186399","chr3","181827833","181828156","91","44358237"
"chr1","226562667","226562838","chr1","222108287","222108452","19","4454380"
"chr1","226562875","226562987","chr1","222108494","222108606","5","4454381"
"chr1","226585624","226585922","chr1","222135015","222135312","25","4450609"
"chr1","226773171","226773452","chr1","222334666","222334950","16","4438505"
"chr1","226951628","226951890","chr3","122742903","122743160","64","104208725"
"chr1","227155166","227155457","chr2","89052518","89052817","69","138102648"
"chr1","227394499","227394581","chr1","222816413","222816494","17","4578086"
"chr1","227443830","227443966","chr1","223046712","223046848","9","4397118"
"chr1","227446973","227447236","chr18","67022854","67023120","61","160424119"
"chr1","227765929","227766092","chr1","223268441","223268604","7","4497488"
"chr1","227816691","227817002","chr1","113581218","113581538","65","114235473"
"chr1","227836541","227836799","chr14","22606766","22607011","71","205229775"
"chr1","227905944","227906246","chr1","223434314","223434615","20","4471630"
"chr1","227929996","227930300","chr1","223458718","223459017","43","4471278"
"chr1","227955251","227955404","chr16","21056287","21056441","27","206898964"
"chr1","228061532","228061826","chr1","223596980","223597274","15","4464552"
"chr1","228265771","228266043","chr1","125885462","125885752","85","102380309"
"chr1","228311482","228311559","chr4","85914853","85914914","25","142396629"
"chr1","228479440","228479753","chr8","69589450","69589756","62","158889990"
"chr1","228529719","228530015","chr1","224072173","224072443","45","4457546"
"chr1","228936794","228937066","chr1","224491303","224491596","43","4445491"
"chr3","165675008","165675266","chr14","22156295","22156541","71","143518713"
"chr3","1308746","1308895","chr2","65319999","65320149","8","64011253"
"chr3","2213214","2213474","chr2","64427378","64427640","25","62214164"
"chr3","2751973","2752128","chr15","91264810","91264974","37","88512837"
"chr3","3067823","3067973","chr2","63564883","63565031","9","60497060"
"chr3","3329298","3329592","chr3","44655300","44655590","75","41326002"
"chr3","4104925","4105222","chr18","52922813","52923123","73","48817888"
"chr3","4325647","4325919","chr2","62321615","62321886","20","57995968"
"chr3","4367087","4367226","chr2","62280757","62280919","29","57913670"
"chr3","4465971","4466101","chr2","62144194","62144324","3","57678223"
"chr3","4485758","4486051","chr2","62121493","62121782","31","57635735"
"chr3","4749435","4749712","chr2","61812842","61813130","26","57063407"
"chr3","5010765","5011044","chr2","61543652","61543947","45","56532887"
"chr3","5013525","5013656","chr7","122803372","122803506","19","117789847"
"chr3","5086794","5087116","chr2","61470045","61470366","28","56383251"
"chr3","5145519","5145803","chr9","92394484","92394763","80","87248965"
"chr3","5311576","5311861","chr2","62121493","62121782","69","56809917"
"chr3","5322524","5322845","chr2","61236378","61236694","30","55913854"
"chr3","6008379","6008614","chr2","169412009","169412252","67","163403630"
"chr3","7563149","7563387","chr2","59035100","59035338","19","51471951"
"chr3","8447793","8448101","chr2","58130626","58130934","18","49682833"
"chr3","8535491","8535707","chr2","58034519","58034735","15","49499028"
"chr3","8734264","8734519","chr2","57822810","57823067","18","49088546"
"chr3","8750959","8751093","chr13","74782008","74782141","23","66031049"
"chr3","9140845","9140978","chr2","57471500","57471633","6","48330655"
"chr3","9509163","9509472","chr2","57095994","57096309","30","47586831"
"chr3","9575485","9575778","chr2","57028863","57029159","21","47453378"
"chr3","9606945","9607265","chr2","56996297","56996613","27","47389352"
"chr3","9970443","9970727","chr1","126211975","126212271","62","116241532"
"chr3","10174377","10174423","chr2","56493606","56493649","4","46319229"
"chr3","10251802","10252095","chr2","56410836","56411127","18","46159034"
"chr3","10366154","10366226","chr20","2320988","2321054","19","8045166"
"chr3","10443750","10443895","chr13","47122024","47122167","28","36678274"
"chr3","10446890","10447026","chr9","63344988","63345119","21","52898098"
"chr3","10518983","10519141","chr2","56093628","56093780","16","45574645"
"chr3","10519452","10519507","chr9","108869549","108869600","10","98350097"
"chr3","10531585","10531689","chr9","95938501","95938605","22","85406916"
"chr3","11327378","11327689","chr2","55266661","55266948","45","43939283"
"chr3","11511584","11511737","chr3","15822345","15822496","33","4310761"
"chr3","11539955","11540240","chr2","55057904","55058187","35","43517949"
"chr3","11679439","11679698","chrX","128144828","128145085","58","116465389"
"chr3","12419154","12419437","chr2","54258213","54258496","18","41839059"
"chr3","12727107","12727403","chr2","53948575","53948872","14","41221468"
"chr3","12892398","12892524","chr11","122324056","122324186","19","109431658"
"chr3","12900447","12900591","chr2","53769559","53769700","15","40869112"
"chr3","13030974","13031276","chr10","80735205","80735495","67","67704231"
"chr3","13059905","13060045","chr2","53619384","53619527","13","40559479"
"chr3","13263661","13263928","chr2","53410085","53410364","27","40146424"
"chr3","13535333","13535644","chr10","51664558","51664860","61","38129225"
"chr3","14347715","14347888","chr1","124487737","124487908","44","110140022"
"chr3","14471242","14471532","chr4","130993966","130994237","62","116522724"
"chr3","14921017","14921323","chr2","51737062","51737390","44","36816045"
"chr3","15240979","15241269","chr2","51418911","51419201","33","36177932"
"chr3","15294797","15295040","chr8","124586966","124587189","67","109292169"
"chr3","15367874","15368099","chr14","109563925","109564148","69","94196051"
"chr3","15368394","15368496","chr2","51293218","51293318","11","35924824"
"chr3","15403586","15403718","chr20","38680813","38680945","19","23277227"
"chr3","15533654","15533961","chr2","171906238","171906522","53","156372584"
"chr3","15607239","15607503","chr2","171980642","171980906","20","156373403"
"chr3","15686197","15686312","chr2","172053815","172053929","9","156367618"
"chr3","15843262","15843536","chr2","172211898","172212171","17","156368636"
"chr3","15935677","15935947","chr2","172306672","172306939","23","156370995"
"chr3","15981242","15981513","chr2","172352196","172352456","21","156370954"
"chr3","15989956","15990235","chr18","40363449","40363730","59","24373493"
"chr3","15999242","15999524","chr7","51024364","51024645","64","35025122"
"chr3","16165553","16165709","chr2","172534640","172534787","25","156369087"
"chr3","16197624","16197758","chr3","127549735","127549868","25","111352111"
"chr3","16537357","16537665","chr2","172922881","172923175","34","156385524"
"chr3","16815565","16815728","chr3","34134928","34135091","33","17319363"
"chr3","18014655","18014954","chr2","174381675","174381980","25","156367020"
"chr3","19770764","19770895","chr2","200695342","200695474","22","180924578"
"chr3","20724141","20724417","chr10","87795054","87795334","60","67070913"
"chr3","21788678","21788981","chr2","176419200","176419504","28","154630522"
"chr3","21869047","21869360","chr2","176325977","176326282","28","154456930"
"chr3","22097168","22097402","chr2","176104617","176104847","18","154007449"
"chr3","22699716","22700018","chr2","179133666","179133954","40","156433950"
"chr3","23402318","23402586","chr16","30682164","30682436","62","7279846"
"chr3","23484415","23484597","chr2","180002516","180002695","15","156518101"
"chr3","23621464","23621620","chr6","73020073","73020237","39","49398609"
"chr3","23665382","23665675","chr5","153651837","153652140","65","129986455"
"chr3","23814977","23815220","chr4","108207777","108208013","60","84392800"
"chr3","23929895","23930172","chr3","181346212","181346492","59","157416317"
"chr3","23962938","23963232","chr2","180521762","180522059","34","156558824"
"chr3","24027369","24027527","chr16","55697996","55698154","33","31670627"
"chr3","24095237","24095386","chr6","85647301","85647439","41","61552064"
"chr3","24220648","24220898","chrX","10585268","10585497","63","13635380"
"chr3","25997753","25998019","chr2","182575712","182575965","30","156577959"
"chr3","26172815","26173112","chr2","182754975","182755251","42","156582160"
"chr3","27614317","27614609","chr2","184149142","184149442","24","156534825"
"chr3","27713268","27713485","chr6","178615392","178615597","50","150902124"
"chr3","27774135","27774438","chr2","184302797","184303107","30","156528662"
"chr3","27912252","27912339","chr11","56367119","56367208","19","28454867"
"chr3","27912634","27912645","chr15","82023962","82023974","5","54111328"
"chr3","27948768","27949083","chr15","90913601","90913899","82","62964833"
"chr3","28011061","28011200","chr2","184585791","184585931","4","156574730"
"chr3","29481955","29482086","chr3","42123762","42123891","20","12641807"
"chr3","29549969","29550256","chr2","186336728","186337016","11","156786759"
"chr3","29745332","29745548","chr2","186151065","186151283","33","156405733"
"chr3","29898749","29899043","chr9","83471872","83472167","79","53573123"
"chr3","30102819","30103086","chrX","69015604","69015870","65","38912785"
"chr3","30165922","30166234","chr2","185729597","185729891","44","155563675"
"chr3","30202406","30202709","chr2","202370042","202370346","67","172167636"
"chr3","30827669","30827945","chr3","156004067","156004356","63","125176398"
"chr3","31545043","31545350","chr12","58079274","58079571","66","26534231"
"chr3","31835052","31835344","chr2","189500509","189500801","18","157665457"
"chr3","31944935","31945073","chr1","138722739","138722873","23","106777804"
"chr3","32060623","32060929","chr4","167856855","167857161","64","135796232"
"chr3","32153010","32153131","chr2","189178655","189178776","4","157025645"
"chr3","32161557","32161839","chr4","3423934","3424217","58","28737623"
"chr3","32263496","32263779","chr2","189067131","189067414","19","156803635"
"chr3","32503142","32503427","chr2","188842884","188843174","22","156339742"
"chr3","32619934","32620232","chr2","188718480","188718776","20","156098546"
"chr3","32808756","32808911","chr2","188527275","188527422","16","155718519"
"chr3","32840087","32840275","chr2","188494339","188494526","16","155654252"
"chr3","32886583","32886708","chr2","188453252","188453383","16","155566669"
"chr3","32957873","32958019","chr15","14071498","14071652","38","18886375"
"chr3","32970885","32970952","chr1","139931207","139931277","15","106960322"
"chr3","33167303","33167586","chr2","188151782","188152065","22","154984479"
"chr3","33186137","33186415","chr2","188144075","188144328","43","154957938"
"chr3","33219152","33219297","chr14","68514242","68514386","30","35295090"
"chr3","33250828","33251114","chr2","188047027","188047308","46","154796199"
"chr3","33270034","33270167","chrX","144541916","144542049","20","111271882"
"chr3","33364895","33365039","chr2","187914529","187914653","24","154549634"
"chr3","33472271","33472510","chr2","187805268","187805513","20","154332997"
"chr3","33569765","33570001","chr2","187706618","187706877","35","154136853"
"chr3","33628908","33629132","chr9","45632816","45633040","63","12003908"
"chr3","33780330","33780518","chr2","187508289","187508478","15","153727959"
"chr3","34004058","34004365","chr2","187290144","187290458","27","153286086"
"chr3","34029986","34030154","chr2","187264026","187264176","24","153234040"
"chr3","34971334","34971636","chr2","194791896","194792188","33","159820562"
"chr3","36556107","36556395","chr9","99253107","99253398","61","62697000"
"chr3","37238498","37238785","chr12","59242431","59242705","76","22003933"
"chr3","37276054","37276307","chr2","105729390","105729643","15","68453336"
"chr3","37380589","37380857","chr2","105620377","105620659","49","68239788"
"chr3","37581571","37581873","chr2","105369641","105369953","30","67788070"
"chr3","37790203","37790369","chr7","165137313","165137480","35","127347110"
"chr3","38220475","38220602","chr2","104708095","104708220","5","66487620"
"chr3","38226029","38226152","chr2","72525167","72525285","33","34299138"
"chr3","38375133","38375430","chr2","104568534","104568826","18","66193401"
"chr3","38512832","38512958","chr2","191329686","191329816","30","152816854"
"chr3","38680987","38681106","chr2","104226387","104226506","11","65545400"
"chr3","38691411","38691705","chr2","104215745","104216021","41","65524334"
"chr3","38709227","38709498","chr2","104197966","104198264","38","65488739"
"chr3","39293512","39293642","chr6","91975652","91975776","23","52682140"
"chr3","39337545","39337669","chr2","103511532","103511656","7","64173987"
"chr3","39542929","39543059","chr2","103341910","103342040","3","63798981"
"chr3","39610826","39611128","chr2","103279213","103279516","21","63668387"
"chr3","39723191","39723468","chr2","103104849","103105133","21","63381658"
"chr3","39779199","39779438","chr19","40130488","40130744","72","351289"
"chr3","39933567","39933623","chr1","50832109","50832161","16","10898542"
"chr3","40471898","40472176","chr2","102392363","102392641","16","61920465"
"chr3","41293130","41293416","chr2","101568295","101568577","30","60275165"
"chr3","41343989","41344276","chr2","101518319","101518609","38","60174330"
"chr3","41384390","41384684","chr2","101477912","101478216","30","60093522"
"chr3","41394912","41395200","chr2","101467412","101467687","39","60072500"
"chr3","41410872","41411062","chr2","101451265","101451475","33","60040393"
"chr3","41430409","41430566","chr1","17554209","17554365","43","23876200"
"chr3","41479061","41479345","chr15","6802682","6802960","60","34676379"
"chr3","41524582","41524861","chr1","117279999","117280281","67","75755417"
"chr3","41524962","41524977","chr11","104685404","104685419","4","63160442"
"chr3","41870041","41870214","chr2","100958593","100958766","12","59088552"
"chr3","42090525","42090770","chr1","39823729","39823971","65","2266796"
"chr3","42190064","42190341","chr2","100621497","100621781","26","58431433"
"chr3","42202624","42202890","chr2","100608849","100609114","10","58406225"
"chr3","42570605","42570746","chr1","160417537","160417674","28","117846932"
"chr3","42570775","42570805","chr11","6825360","6825393","10","35745415"
"chr3","43604878","43605170","chr2","99994414","99994727","35","56389536"
"chr3","44444391","44444675","chr2","99144472","99144747","33","54700081"
"chr3","44499845","44499995","chr15","64783799","64783946","31","20283954"
"chr3","44500015","44500143","chr5","109194110","109194250","35","64694095"
"chr3","45334332","45334411","chr2","98269717","98269796","5","52935385"
"chr3","45335998","45336089","chr2","98268068","98268162","9","52932070"
"chr3","45402561","45402701","chr2","98138135","98138280","14","52735574"
"chr3","45546549","45546723","chr2","97990379","97990543","19","52443830"
"chr3","45559847","45560130","chr2","97977244","97977537","39","52417397"
"chr3","45937755","45938027","chr2","21429205","21429494","68","24508550"
"chr3","46168389","46168536","chr2","97413817","97413964","11","51245428"
"chr3","46366058","46366326","chr2","97219169","97219439","24","50853111"
"chr3","46536748","46536864","chr1","51567043","51567161","29","5030295"
"chr3","46537175","46537251","chr1","197944777","197944855","21","151407602"
"chr3","46537671","46537966","chr20","70726586","70726883","54","24188915"
"chr3","46585910","46586041","chr7","122803372","122803506","25","76217462"
"chr3","46837183","46837338","chr20","24525512","24525661","35","22311671"
"chr3","46842376","46842509","chr11","132289155","132289287","14","85446779"
"chr3","47040715","47041026","chr2","96526350","96526664","32","49485635"
"chr3","47525448","47525738","chr11","104585421","104585717","63","57059973"
"chr3","47726449","47726762","chr2","95823169","95823479","16","48096720"
"chr3","47760512","47760816","chr2","95788540","95788841","32","48028028"
"chr3","47777640","47777798","chr1","15983811","15983976","39","31793829"
"chr3","48017156","48017396","chr2","95517137","95517391","36","47499981"
"chr3","48035981","48036174","chr2","95502410","95502602","18","47466429"
"chr3","48156669","48156789","chr19","1768858","1768974","25","46387811"
"chr3","48157077","48157217","chr17","1824674","1824826","45","46332403"
"chr3","48185014","48185140","chr11","122324056","122324186","22","74139042"
"chr3","48532239","48532406","chr13","90030172","90030330","41","41497933"
"chr3","48532507","48532634","chr1","219733997","219734129","32","171201490"
"chr3","48553185","48553337","chr9","63650583","63650730","34","15097398"
"chr3","48570322","48570452","chr2","94946216","94946346","9","46375894"
"chr3","48629315","48629602","chr2","94881624","94881914","21","46252309"
"chr3","48645522","48645792","chr2","94864478","94864757","33","46218956"
"chr3","48647039","48647160","chr2","94862795","94862937","23","46215756"
"chr3","48683072","48683302","chr12","96747537","96747774","79","48064465"
"chr3","48787905","48787957","chr2","94724837","94724890","7","45936932"
"chr3","48788254","48788398","chr2","94724395","94724539","5","45936141"
"chr3","48794140","48794277","chr14","22923253","22923387","24","25870887"
"chr3","48838503","48838633","chr2","94669786","94669917","11","45831283"
"chr3","48889918","48890140","chr2","94617636","94617857","16","45727718"
"chr3","48988952","48989142","chr2","94522989","94523184","25","45534037"
"chr3","49126008","49126309","chr8","129813285","129813592","69","80687277"
"chr3","49289444","49289488","chr8","51552528","51552577","8","2263084"
"chr3","49376446","49376593","chr1","128922940","128923078","30","79546494"
"chr3","49453660","49453776","chr2","94008956","94009073","7","44555296"
"chr3","49455327","49455591","chrX","40310477","40310741","59","9144850"
"chr3","49465745","49465966","chr2","93993131","93993357","13","44527386"
"chr3","49519302","49519594","chr9","24513270","24513561","75","25006032"
"chr3","49712153","49712460","chr2","93744072","93744380","29","44031919"
"chr3","49819876","49820149","chr15","90913601","90913899","64","41093725"
"chr3","49887847","49888156","chr2","93556600","93556891","58","43668753"
"chr3","49937948","49938216","chr16","22053125","22053446","156","27884823"
"chr3","49963975","49964222","chr7","130213040","130213292","67","80249065"
"chr3","50324608","50324742","chr2","93051468","93051604","13","42726860"
"chr3","50329476","50329560","chr3","47133607","47133688","18","3195869"
"chr3","50677607","50677857","chr2","92829218","92829466","24","42151611"
"chr3","50749868","50750173","chr2","92752592","92752893","21","42002724"
"chr3","50766705","50766838","chr9","63290705","63290836","18","12524000"
"chr3","50930073","50930344","chr16","69973402","69973683","68","19043329"
"chr3","50938689","50938989","chr6","64505261","64505554","73","13566572"
"chr3","51005754","51006036","chr11","103833436","103833731","62","52827682"
"chr3","51014804","51014945","chr2","92471627","92471767","10","41456823"
"chr3","51015256","51015442","chr2","92470813","92471018","40","41455557"
"chr3","51146825","51147118","chr2","92337908","92338190","35","41191083"
"chr3","51261671","51261837","chr4","157237718","157237880","40","105976047"
"chr3","51262145","51262273","chr2","92227740","92227864","9","40965595"
"chr3","51706526","51706677","chr10","82637746","82637894","33","30931220"
"chr3","51749707","51749803","chr2","91726336","91726438","13","39976629"
"chr3","51814698","51814817","chr11","61333551","61333666","27","9518853"
"chr3","51846158","51846448","chr2","91629060","91629343","29","39782902"
"chr3","51855587","51855890","chr2","91617069","91617359","31","39761482"
"chr3","51895223","51895497","chr16","20926004","20926296","70","30969219"
"chr3","51898119","51898400","chr13","33420750","33421036","59","18477369"
"chr3","52052905","52053165","chr3","102241867","102242141","70","50188962"
"chr3","52098318","52098493","chr2","91345663","91345844","17","39247345"
"chr3","52165638","52165953","chr3","84522705","84523002","76","32357067"
"chr3","52284493","52284763","chr2","91197389","91197656","13","38912896"
"chr3","52511039","52511360","chr2","90966086","90966384","31","38455047"
"chr3","52596726","52596784","chr17","82482267","82482329","14","29885541"
"chr3","52717808","52718082","chr16","56623705","56623983","73","3905897"
"chr3","52745145","52745421","chr1","182841255","182841524","71","130096110"
"chr3","52768718","52768836","chr2","90719166","90719283","5","37950448"
"chr3","53082904","53083053","chr1","207759961","207760110","28","154677057"
"chr3","53289268","53289567","chr2","90104230","90104525","22","36814962"
"chr3","53348888","53349012","chr2","90050138","90050260","7","36701250"
"chr3","53586390","53586512","chr14","78435186","78435320","22","24848796"
"chr3","53774680","53774924","chr2","89584935","89585179","19","35810255"
"chr3","53895856","53895988","chrX","144541916","144542049","21","90646060"
"chr3","53905765","53906051","chr2","89439120","89439411","27","35533355"
"chr3","54206046","54206180","chr2","89129769","89129902","6","34923723"
"chr3","54206466","54206554","chr2","89129090","89129176","10","34922624"
"chr3","54279170","54279474","chr2","89052518","89052817","21","34773348"
"chr3","54378530","54378661","chr3","84801975","84802107","30","30423445"
"chr3","54464664","54464943","chr2","88854503","88854808","42","34389839"
"chr3","54496899","54497186","chr2","88826566","88826852","17","34329667"
"chr3","54581020","54581148","chr2","88747663","88747784","10","34166643"
"chr3","54680587","54680879","chr2","88647145","88647439","18","33966558"
"chr3","55357054","55357148","chr1","159852472","159852563","29","104495418"
"chr3","55703715","55704013","chr1","94247075","94247368","62","38543360"
"chr3","56547626","56547931","chr2","86790117","86790414","31","30242491"
"chr3","57407743","57408045","chr2","85925089","85925404","33","28517346"
"chr3","57460830","57460967","chr11","108966699","108966837","21","51505869"
"chr3","57718734","57719032","chr2","85616058","85616347","37","27897324"
"chr3","57854363","57854603","chr1","39823729","39823971","52","18030634"
"chr3","57966501","57966801","chr2","85307996","85308296","13","27341495"
"chr3","58116833","58117109","chr3","126422448","126422740","65","68305615"
"chr3","58149739","58149875","chrX","8420728","8420853","28","49729011"
"chr3","58160217","58160495","chr1","43394466","43394742","57","14765751"
"chr3","58201212","58201284","chr10","71909130","71909194","21","13707918"
"chr3","58257874","58258161","chr2","85021836","85022137","45","26763962"
"chr3","58373356","58373451","chr2","84903175","84903267","14","26529819"
"chr3","58442783","58443046","chr2","84830830","84831094","21","26388047"
"chr3","58645436","58645592","chr2","84640092","84640260","20","25994656"
"chr3","58690728","58691011","chr2","84595121","84595431","48","25904393"
"chr3","58731754","58732049","chr2","84555132","84555434","22","25823378"
"chr3","58744006","58744278","chr2","84544672","84544970","55","25800666"
"chr3","58967600","58967908","chr11","104176208","104176500","72","45208608"
"chr3","59147409","59147709","chr2","84350644","84350949","22","25203235"
"chr3","59150423","59150549","chr2","84347806","84347933","9","25197383"
"chr3","59189282","59189410","chr2","84311090","84311218","9","25121808"
"chr3","59208394","59208568","chr2","84291555","84291725","16","25083161"
"chr3","59211671","59211901","chr2","84287958","84288187","12","25076287"
"chr3","59220704","59220966","chr2","84278722","84278983","15","25058018"
"chr3","59672298","59672490","chr14","78457848","78458043","50","18785550"
"chr3","59672780","59672906","chr10","73084530","73084649","23","13411750"
"chr3","59686138","59686270","chr17","91790925","91791056","17","32104787"
"chr3","60419223","60419511","chr2","82994204","82994485","29","22574981"
"chr3","60912586","60912743","chr1","44338241","44338403","44","16574345"
"chr3","61493254","61493481","chr2","81926388","81926646","55","20433134"
"chr3","61633218","61633500","chr2","81774772","81775056","29","20141554"
"chr3","61849704","61849988","chr2","81562176","81562462","16","19712472"
"chr3","62735960","62736138","chr2","80655907","80656083","11","17919947"
"chr3","62851238","62851375","chr11","112386892","112387039","37","49535654"
"chr3","63435431","63435553","chr6","24599216","24599325","37","38836215"
"chr3","63436845","63436979","chr10","30339443","30339585","23","33097402"
"chr3","63568565","63568864","chr15","47914556","47914847","63","15654009"
"chr3","63593098","63593371","chr1","81787079","81787353","71","18193981"
"chr3","63634780","63635074","chr3","47986181","47986463","68","15648599"
"chr3","63720707","63721013","chr1","8350188","8350493","61","55370519"
"chr3","63907659","63907963","chr2","79459241","79459516","36","15551582"
"chr3","65644052","65644346","chr2","77706804","77707101","33","12062752"
"chr3","65725336","65725633","chr2","77625472","77625770","16","11900136"
"chr3","66029074","66029208","chr2","77316527","77316665","9","11287453"
"chr3","66227702","66227987","chr2","77116554","77116840","17","10888852"
"chr3","66387462","66387754","chr10","80735205","80735495","56","14347743"
"chr3","66703861","66704075","chr2","76654242","76654462","16","9950381"
"chr3","67170130","67170205","chr15","8707253","8707317","22","58462877"
"chr3","67230754","67230839","chr6","149863487","149863575","23","82632733"
"chr3","67259985","67260160","chr9","51498163","51498337","29","15761822"
"chr3","67323628","67323898","chr2","76022414","76022686","23","8698786"
"chr3","67360819","67361122","chr2","75984803","75985107","22","8623984"
"chr3","67368327","67368479","chr2","75976750","75976902","9","8608423"
"chr3","67805936","67806231","chr2","75547214","75547515","30","7741278"
"chr3","67809166","67809343","chr2","75545555","75545734","15","7736389"
"chr3","68110794","68110924","chr2","75247754","75247871","20","7136960"
"chr3","68336266","68336533","chr1","38743332","38743601","65","29592934"
"chr3","69468597","69468872","chr2","73757470","73757742","21","4288873"
"chr3","70560967","70561098","chr2","72659819","72659978","37","2098852"
"chr3","70580450","70580617","chr2","72642863","72643030","9","2062413"
"chr3","70704510","70704792","chr8","42986537","42986825","65","27717973"
"chr3","71103406","71103702","chr2","72127350","72127647","20","1023944"
"chr3","72370776","72371061","chr2","70909171","70909457","16","1461605"
"chr3","72692484","72692616","chr12","100835212","100835345","15","28142728"
"chr3","72806944","72807202","chr1","92288883","92289131","66","19481939"
"chr3","73009564","73009858","chr1","189389802","189390087","56","116380238"
"chr3","73115437","73115584","chr2","70157980","70158123","14","2957457"
"chr3","74069599","74069888","chr2","69770758","69771051","24","4298841"
"chr3","74359340","74359624","chr2","69477501","69477801","30","4881839"
"chr3","74413194","74413441","chr1","39823729","39823971","48","34589465"
"chr3","74674313","74674622","chr2","69162970","69163280","21","5511343"
"chr3","74834802","74834923","chr16","45486949","45487060","45","29347853"
"chr3","74835166","74835308","chr2","69003394","69003536","8","5831772"
"chr3","75505500","75505669","chr3","7696928","7697121","57","67808572"
"chr3","76492313","76492444","chr6","67969380","67969511","25","8522933"
"chr3","76819648","76819899","chr2","89584935","89585179","70","12765287"
"chr3","77016349","77016642","chr2","66753625","66753936","61","10262724"
"chr3","77375500","77375794","chr20","5294290","5294588","40","72081210"
"chr3","77395169","77395442","chr16","55388098","55388367","63","22007071"
"chr3","78329708","78329978","chr20","11774510","11774795","73","66555198"
"chr3","78899308","78899568","chr5","120676133","120676407","76","41776825"
"chr3","79359822","79360112","chr2","1904490","1904780","18","77455332"
"chr3","80326255","80326554","chr2","2877327","2877637","25","77448928"
"chr3","81529389","81529664","chr2","4124711","4124986","21","77404678"
"chr3","81672051","81672359","chr2","4322504","4322823","37","77349547"
"chr3","82325175","82325480","chr2","4992991","4993293","31","77332184"
"chr3","83240930","83241236","chr2","5707688","5707995","21","77533242"
"chr3","83292670","83293002","chr2","5757051","5757384","24","77535619"
"chr3","83501462","83501725","chr2","5956244","5956507","34","77545218"
"chr3","83796647","83796978","chr1","207481939","207482253","80","123685292"
"chr3","84936234","84936516","chr2","7555206","7555503","38","77381028"
"chr3","85445816","85446056","chr2","8047069","8047351","66","77398747"
"chr3","85752749","85753053","chr2","8365581","8365873","36","77387168"
"chr3","86185906","86186213","chr15","11338123","11338430","69","74847783"
"chr3","86828934","86829130","chr2","202083329","202083499","64","115254395"
"chr3","86985793","86985936","chr7","91068920","91069072","44","4083127"
"chr3","87435860","87435939","chr2","9954973","9955052","5","77480887"
"chr3","87798805","87799124","chr10","18651022","18651329","79","69147783"
"chr3","88138172","88138465","chr6","125052342","125052640","69","36914170"
"chr3","89981620","89981944","chr2","12491851","12492176","48","77489769"
"chr3","90013963","90014253","chrX","30822633","30822934","77","59191330"
"chr3","90588619","90588918","chr2","13084992","13085291","31","77503627"
"chr3","91715863","91716156","chr2","14190540","14190859","54","77525323"
"chr3","91758901","91759060","chr15","91264810","91264974","39","494091"
"chr3","92478396","92478695","chr2","14920365","14920660","23","77558031"
"chr3","92511526","92511816","chr2","14948061","14948346","34","77563465"
"chr3","92513556","92513867","chr7","161602118","161602430","75","69088562"
"chr3","92531759","92531931","chr2","14968225","14968376","36","77563534"
"chr3","97624707","97625002","chr2","14920365","14920660","20","82704342"
"chr3","97652246","97652530","chr2","14948061","14948346","21","82704185"
"chr3","97653870","97654186","chr7","161602118","161602430","70","63948248"
"chr3","97744050","97744223","chr2","15039093","15039264","12","82704957"
"chr3","97808367","97808530","chr6","166788551","166788715","34","68980184"
"chr3","97808561","97808644","chr16","19843474","19843559","30","77965087"
"chr3","99209483","99209717","chr2","16472120","16472359","12","82737363"
"chr3","99790416","99790720","chr2","17046632","17046938","21","82743784"
"chr3","100254875","100255139","chr7","153687296","153687562","68","53432421"
"chr3","100660332","100660635","chr2","17913289","17913597","28","82747043"
"chr3","101169893","101170059","chr4","157237718","157237880","38","56067825"
"chr3","101170089","101170160","chr15","50029095","50029160","19","51140994"
"chr3","103908369","103908663","chr2","21046095","21046378","20","82862274"
"chr3","104020739","104021003","chr17","40118250","40118509","66","63902489"
"chr3","104486842","104486970","chr1","138367447","138367579","29","33880605"
"chr3","104644942","104645230","chr2","21814056","21814337","27","82830886"
"chr3","104834413","104834700","chr2","22009241","22009521","46","82825172"
"chr3","104970702","104970811","chr2","22136501","22136624","32","82834201"
"chr3","104985214","104985487","chr2","22149850","22150118","28","82835364"
"chr3","105025378","105025664","chr2","22190733","22191025","31","82834645"
"chr3","105108723","105109012","chr2","22282282","22282560","28","82826441"
"chr3","105152085","105152396","chr1","8350188","8350493","73","96801897"
"chr3","105159757","105160065","chr2","22333573","22333875","18","82826184"
"chr3","105384637","105384906","chr2","22567021","22567303","31","82817616"
"chr3","105391852","105391990","chr9","122113887","122114022","23","16722035"
"chr3","105426025","105426329","chr4","23013314","23013610","73","82412711"
"chr3","105557854","105558167","chr2","202370042","202370346","61","96812188"
"chr3","105566110","105566224","chr16","45486949","45487060","24","60079161"
"chr3","106401912","106402191","chr5","97418250","97418523","70","8983662"
"chr3","107159993","107160098","chr6","24599216","24599325","27","82560777"
"chr3","107214391","107214688","chr2","24410316","24410592","49","82804075"
"chr3","107432284","107432525","chr14","109563925","109564148","65","2131641"
"chr3","108188731","108188917","chr2","25094128","25094313","8","83094603"
"chr3","108478729","108478955","chr2","25435976","25436192","57","83042753"
"chr3","108781924","108782220","chr2","25720658","25720953","30","83061266"
"chr3","109116325","109116578","chr2","26051691","26051954","35","83064634"
"chr3","110104198","110104269","chr2","27035793","27035864","4","83068405"
"chr3","110413397","110413673","chr2","27392655","27392908","35","83020742"
"chr3","111569161","111569445","chr2","28596972","28597264","23","82972189"
"chr3","111705078","111705215","chr1","161407756","161407890","23","49702678"
"chr3","111812251","111812543","chr2","28826563","28826873","37","82985688"
"chr3","113312126","113312287","chr2","30350641","30350798","34","82961485"
"chr3","113312600","113312747","chr2","30351111","30351247","22","82961489"
"chr3","113427889","113428171","chr2","30478516","30478794","22","82949373"
"chr3","113532091","113532232","chrX","5707788","5707925","23","107824303"
"chr3","114786476","114786784","chr1","8350188","8350493","69","106436288"
"chr3","115381051","115381348","chr2","32393590","32393889","31","82987461"
"chr3","115817832","115818124","chr2","32818245","32818520","27","82999587"
"chr3","115877586","115877924","chr5","127204077","127204375","95","11326491"
"chr3","115918673","115918927","chr2","32913965","32914193","46","83004708"
"chr3","117146882","117147180","chr2","34129602","34129901","21","83017280"
"chr3","117262042","117262205","chr2","34241743","34241911","13","83020299"
"chr3","117763319","117763618","chr2","34727910","34728227","43","83035409"
"chr3","117848449","117848728","chr2","34816621","34816894","29","83031828"
"chr3","117901245","117901539","chr2","34871100","34871395","20","83030145"
"chr3","117990233","117990537","chr2","34958808","34959116","23","83031425"
"chr3","118243938","118244155","chr2","35214856","35215075","16","83029082"
"chr3","118255323","118255628","chr2","35224699","35224997","36","83030624"
"chr3","118891789","118891964","chrX","52907820","52908001","34","65983969"
"chr3","120227432","120227703","chr2","37242624","37242904","24","82984808"
"chr3","121017827","121018112","chr6","137560254","137560541","58","16542427"
"chr3","121558869","121559032","chr2","38597117","38597271","31","82961752"
"chr3","121559068","121559205","chr2","38597298","38597436","17","82961770"
"chr3","121882105","121882150","chr2","38919437","38919482","0","82962668"
"chr3","121996616","121996639","chr9","96606349","96606371","9","25390267"
"chr3","121997008","121997302","chr14","57974562","57974843","80","64022446"
"chr3","122957403","122957522","chr2","40080240","40080358","5","82877163"
"chr3","123537815","123538117","chr2","40663817","40664127","26","82873998"
"chr3","123607994","123608297","chr2","122417306","122417606","62","1190688"
"chr3","123754770","123755074","chr2","40888001","40888313","31","82866769"
"chr3","124001977","124002106","chr16","38318964","38319097","24","85683013"
"chr3","124031976","124032104","chr2","41155799","41155927","6","82876177"
"chr3","124045978","124046282","chr2","41169865","41170171","17","82876113"
"chr3","124168120","124168413","chr15","97970998","97971294","62","26197122"
"chr3","125595881","125596171","chr9","94961059","94961353","68","30634822"
"chr3","125649542","125649825","chr2","42793131","42793413","35","82856411"
"chr3","126373950","126374225","chr2","43606636","43606916","27","82767314"
"chr3","126378598","126378756","chr16","76062673","76062840","55","50315925"
"chr3","126386320","126386516","chr2","43619324","43619533","24","82766996"
"chr3","126435189","126435486","chr2","43666437","43666736","13","82768752"
"chr3","126580681","126580929","chr2","43812118","43812380","40","82768563"
"chr3","126588641","126588714","chr19","8078714","8078794","19","118509927"
"chr3","126754305","126754593","chr2","43973854","43974156","36","82780451"
"chr3","126768819","126769112","chr2","43988103","43988394","40","82780716"
"chr3","126878594","126878860","chr2","44106370","44106648","28","82772224"
"chr3","126906111","126906382","chr2","44134223","44134505","28","82771888"
"chr3","127028256","127028573","chr7","52424262","52424577","68","74603994"
"chr3","127100609","127100888","chr20","11774510","11774795","65","115326099"
"chr3","127130688","127130970","chr2","44359586","44359902","41","82771102"
"chr3","127224073","127224357","chr1","37211345","37211648","57","90012728"
"chr3","127244925","127245208","chr6","77250008","77250282","67","49994917"
"chr3","127392697","127393023","chr2","44619450","44619747","54","82773247"
"chr3","127396022","127396306","chr2","44624624","44624919","25","82771398"
"chr3","127452727","127453012","chr1","126265031","126265311","68","1187696"
"chr3","127641542","127641645","chr2","44872521","44872620","9","82769021"
"chr3","127641886","127642098","chr2","44872845","44873060","15","82769041"
"chr3","128563678","128563955","chr11","25990609","25990893","68","102573069"
"chr3","129045310","129045436","chr1","100917561","100917687","20","28127749"
"chr3","129158896","129159179","chr2","46391400","46391696","30","82767496"
"chr3","129194591","129194890","chr2","46423603","46423903","14","82770988"
"chr3","129327795","129327931","chr7","84475245","84475382","21","44852550"
"chr3","129470966","129471266","chr2","46700404","46700710","33","82770562"
"chr3","130211207","130211516","chr20","5294290","5294588","45","124916917"
"chr3","130559236","130559379","chr1","129785554","129785698","25","773682"
"chr3","130583267","130583462","chr2","47282910","47283104","11","83300357"
"chr3","130949452","130949744","chr10","68198160","68198451","63","62751292"
"chr3","131054197","131054254","chr10","75828932","75828988","10","55225265"
"chr3","131080504","131080805","chr2","47853613","47853913","19","83226891"
"chr3","131119225","131119521","chr2","47892792","47893095","21","83226433"
"chr3","131121744","131122036","chr2","47895266","47895555","21","83226478"
"chr3","131333095","131333226","chr8","26277262","26277394","17","105055833"
"chr3","131792318","131792452","chr2","48544514","48544647","6","83247804"
"chr3","132641083","132641389","chr2","49330174","49330479","19","83310909"
"chr3","132667693","132667961","chr2","49357183","49357463","25","83310510"
"chr3","132775097","132775226","chr2","49467263","49467392","3","83307834"
"chr3","133106958","133107011","chr2","49804194","49804246","5","83302764"
"chr3","133137013","133137149","chr2","49832770","49832906","8","83304243"
"chr3","133166751","133167026","chr2","49866746","49867016","19","83300005"
"chr3","133177627","133177907","chr2","49878581","49878881","39","83299046"
"chr3","133308958","133309266","chr4","48145340","48145640","65","85163618"
"chr3","133354028","133354093","chr15","8707253","8707317","16","124646775"
"chr3","133470331","133470423","chr2","50275342","50275436","3","83194989"
"chr3","133556738","133556883","chr5","109194110","109194250","22","24362628"
"chr3","133558165","133558308","chr2","84155798","84155943","31","49402367"
"chr3","133564926","133565042","chr2","90831792","90831907","30","42733134"
"chr3","134030018","134030154","chr5","153200617","153200753","22","19170599"
"chr3","134219562","134219871","chr2","51083163","51083445","44","83136399"
"chr3","134241399","134241673","chr2","51103341","51103640","49","83138058"
"chr3","134260980","134261069","chr2","51121506","51121598","6","83139474"
"chr3","134304416","134304689","chr12","64101934","64102208","59","70202482"
"chr3","134336614","134336817","chr2","51203176","51203379","13","83133438"
"chr3","134365283","134365586","chr15","18604315","18604623","60","115760968"
"chr3","134615163","134615451","chr20","5294290","5294588","43","129320873"
"chr3","135931386","135931527","chr15","82024284","82024425","7","53907102"
"chr3","135973273","135973585","chr2","170376820","170377116","30","34403547"
"chr3","136717509","136717625","chr12","99228386","99228500","33","37489123"
"chr3","136740302","136740448","chr14","68514242","68514386","28","68226060"
"chr3","136740744","136740911","chr11","119805410","119805578","30","16935334"
"chr3","136975370","136975618","chr2","169551107","169551348","26","32575737"
"chr3","137108193","137108435","chr2","169412009","169412252","22","32303816"
"chr3","137414555","137414688","chr2","169074966","169075098","8","31660411"
"chr3","137833712","137834022","chr2","168665715","168666003","36","30832003"
"chr3","137872539","137872635","chr18","12307130","12307224","22","125565409"
"chr3","138003113","138003417","chr12","87829978","87830283","70","50173135"
"chr3","138163752","138164048","chr2","168355235","168355527","21","30191483"
"chr3","138172170","138172305","chr20","23853035","23853167","33","114319135"
"chr3","138177792","138177945","chr2","168341096","168341255","13","30163304"
"chr3","138209951","138210265","chr2","168308497","168308812","26","30098546"
"chr3","138421094","138421347","chr2","168094458","168094708","17","29673364"
"chr3","138745305","138745612","chr2","167770004","167770283","46","29024699"
"chr3","140165662","140165957","chr2","47892792","47893095","76","92272870"
"chr3","140170201","140170243","chr12","9313862","9313899","11","130856339"
"chr3","140440828","140440967","chrX","71730606","71730741","21","68710222"
"chr3","140624247","140624568","chr12","61493444","61493753","87","79130803"
"chr3","140643117","140643407","chr2","165911359","165911654","23","25268242"
"chr3","140874907","140875193","chr2","165638198","165638486","9","24763291"
"chr3","141002615","141002927","chr3","92663903","92664212","74","48338712"
"chr3","141182968","141183245","chrX","68386622","68386905","69","72796346"
"chr3","141293005","141293136","chr2","165218621","165218752","7","23925616"
"chr3","141367221","141367395","chr19","847037","847217","44","140520184"
"chr3","141380544","141380817","chr8","124100194","124100460","72","17280350"
"chr3","141546749","141547025","chr2","164956324","164956599","12","23409575"
"chr3","141671933","141672065","chr9","95599879","95600010","17","46072054"
"chr3","141731129","141731426","chr2","164780229","164780540","27","23049100"
"chr3","142747751","142747974","chr2","163696518","163696746","25","20948767"
"chr3","142880546","142880678","chr10","15510391","15510513","32","127370155"
"chr3","143369576","143369872","chr2","163224383","163224679","21","19854807"
"chr3","143427846","143427991","chr2","76084667","76084807","35","67343179"
"chr3","143438719","143438836","chr3","430878","430987","28","143007841"
"chr3","143463329","143463646","chr2","47892792","47893095","85","95570537"
"chr3","143479262","143479393","chr2","163104458","163104589","7","19625196"
"chr3","143529863","143530033","chr2","163057980","163058154","13","19528117"
"chr3","143530615","143530758","chr2","163057273","163057413","8","19526658"
"chr3","143605679","143605997","chr2","162958029","162958350","20","19352350"
"chr3","144012667","144012978","chr2","162568533","162568840","20","18555866"
"chr3","144256420","144256648","chr12","96747537","96747774","76","47508883"
"chr3","144297109","144297407","chr8","144239605","144239906","66","57504"
"chr3","144961849","144961977","chrX","8420728","8420853","23","136541121"
"chr3","145701491","145701847","chr8","77629248","77629587","99","68072243"
"chr3","145744300","145744588","chr2","160781135","160781421","27","15036835"
"chr3","145981772","145982032","chr2","160559510","160559731","53","14577738"
"chr3","146021239","146021555","chr2","160519446","160519741","37","14498207"
"chr3","146358296","146358525","chr2","160136066","160136295","18","13777770"
"chr3","146362510","146362806","chr2","160131724","160132029","23","13769214"
"chr3","146608255","146608545","chr11","120348255","120348554","59","26260000"
"chr3","146694928","146695109","chr2","159799147","159799336","15","13104219"
"chr3","146750160","146750466","chr2","159746841","159747148","25","12996681"
"chr3","146874698","146874831","chr4","133031283","133031415","34","13843415"
"chr3","146875144","146875299","chr3","84336125","84336272","51","62539019"
"chr3","146980985","146981253","chr2","159484441","159484710","29","12503456"
"chr3","147107910","147108208","chr2","159370074","159370364","26","12262164"
"chr3","147115796","147116088","chr2","159362517","159362810","21","12246721"
"chr3","147119318","147119619","chr9","63277055","63277347","62","83842263"
"chr3","147226348","147226638","chr2","159253178","159253472","23","12026830"
"chr3","147305085","147305313","chr19","42918996","42919225","51","104386089"
"chr3","147394016","147394142","chr7","97166339","97166470","26","50227677"
"chr3","147576961","147577087","chr15","10323678","10323806","23","137253283"
"chr3","148783740","148784026","chr1","92745087","92745371","72","56038653"
"chr3","152078291","152078581","chr2","154279371","154279661","18","2201080"
"chr3","152118506","152118782","chr2","154238598","154238879","20","2120092"
"chr3","152451886","152452143","chr2","153845200","153845480","40","1393314"
"chr3","152469729","152469984","chr10","5960483","5960716","70","146509246"
"chr3","152601508","152601815","chr2","153692636","153692913","47","1091128"
"chr3","152718667","152718771","chr2","153576628","153576736","9","857961"
"chr3","152775635","152775928","chr2","153532529","153532823","15","756894"
"chr3","153460703","153460900","chr2","135492650","135492862","30","17968053"
"chr3","153544794","153545046","chr3","47096359","47096626","73","106448435"
"chr3","153842374","153842538","chr2","135926025","135926188","8","17916349"
"chr3","153857983","153858269","chrX","52718283","52718571","66","101139700"
"chr3","153939454","153939681","chr19","42918996","42919225","47","111020458"
"chr3","154216210","154216500","chr2","136306313","136306615","29","17909897"
"chr3","154378776","154379036","chr2","136531611","136531892","39","17847165"
"chr3","154454237","154454531","chr2","136604287","136604581","28","17849950"
"chr3","155007166","155007463","chr2","137174513","137174811","28","17832653"
"chr3","155150476","155150607","chr11","109637638","109637773","26","45512838"
"chr3","155253646","155253816","chr2","137426453","137426622","6","17827193"
"chr3","156420462","156420777","chr10","18651022","18651329","85","137769440"
"chr3","156730613","156730893","chr7","67127981","67128264","65","89602632"
"chr3","156804955","156805267","chr4","43227170","43227482","86","113577785"
"chr3","157273279","157273509","chr19","42918996","42919225","52","114354283"
"chr3","157446293","157446415","chr2","139755419","139755541","6","17690874"
"chr3","157639750","157639912","chr12","87866506","87866652","35","69773244"
"chr3","157727436","157727713","chr2","140092527","140092807","21","17634909"
"chr3","159493303","159493590","chr2","141871407","141871696","34","17621896"
"chr3","159579991","159580118","chr2","141962866","141963010","22","17617125"
"chr3","160003544","160003747","chr14","16376502","16376703","16","143627042"
"chr3","160113359","160113503","chr14","16268374","16268513","11","143844985"
"chr3","160674118","160674324","chr2","142639932","142640134","14","18034186"
"chr3","160884392","160884677","chr2","142841514","142841786","35","18042878"
"chr3","161003302","161003434","chr2","142979549","142979681","10","18023753"
"chr3","162069082","162069180","chr7","154349391","154349491","29","7719691"
"chr3","162305859","162306042","chr18","36259233","36259399","56","126046626"
"chr3","162375560","162375846","chr2","144425404","144425691","21","17950156"
"chr3","162836302","162836608","chr15","17025632","17025943","69","145810670"
"chr3","163172750","163173065","chr4","70443463","70443759","71","92729287"
"chr3","163901773","163902055","chr2","146019654","146019915","40","17882119"
"chr3","165112429","165112584","chr2","134714533","134714690","9","30397896"
"chr3","165271732","165272020","chr2","134505223","134505546","44","30766509"
"chr3","165377675","165377959","chr2","134397877","134398160","19","30979798"
"chr3","165463082","165463371","chr2","134324071","134324365","28","31139011"
"chr3","165485103","165485378","chr2","134297956","134298228","29","31187147"
"chr3","165626564","165626678","chr2","134152706","134152820","11","31473858"
"chr3","165690588","165690880","chr2","134095736","134096057","53","31594852"
"chr3","165710749","165711011","chr2","134072641","134072923","39","31638108"
"chr3","166223427","166223733","chr2","133539091","133539381","33","32684336"
"chr3","166258772","166259017","chr2","133510952","133511211","40","32747820"
"chr3","166607248","166607531","chr2","133086364","133086628","42","33520884"
"chr3","167785966","167786260","chr2","131788906","131789214","41","35997060"
"chr3","169028349","169028526","chr2","130531979","130532134","27","38496370"
"chr3","170371186","170371383","chr2","129059288","129059485","17","41311898"
"chr3","170638096","170638400","chr1","164835864","164836152","77","5802232"
"chr3","171015608","171015898","chr2","128385533","128385796","46","42630075"
"chr3","172396007","172396279","chr5","159397489","159397750","79","12998518"
"chr3","172781241","172781537","chr2","126297106","126297404","25","46484135"
"chr3","172817017","172817326","chr2","126261223","126261531","27","46555794"
"chr3","172901570","172901881","chr2","126179664","126179948","47","46721906"
"chr3","174354174","174354324","chr2","124574500","124574649","9","49779674"
"chr3","174445503","174445810","chr2","124482104","124482399","37","49963399"
"chr3","174559872","174560131","chr2","124366673","124366882","59","50193199"
"chr3","174612236","174612516","chr2","124303297","124303544","47","50308939"
"chr3","175080433","175080713","chr2","123826847","123827132","31","51253586"
"chr3","175275501","175275807","chr2","123763119","123763419","31","51512382"
"chr3","175614035","175614299","chr2","123391312","123391574","16","52222723"
"chr3","176037206","176037493","chr7","31815561","31815852","70","144221645"
"chr3","176597388","176597689","chr2","122417306","122417606","33","54180082"
"chr3","177029165","177029447","chr2","121988353","121988636","18","55040812"
"chr3","177215383","177215534","chr2","121792997","121793139","19","55422386"
"chr3","177270209","177270523","chr1","11119875","11120177","63","166150334"
"chr3","177318347","177318641","chr9","94961059","94961353","67","82357288"
"chr3","177513241","177513468","chr16","23549757","23549970","65","153963484"
"chr3","177833484","177833778","chr2","121139371","121139639","36","56694113"
"chr3","177931199","177931334","chr11","81125076","81125217","38","96806123"
"chr3","178406307","178406488","chr2","120510887","120511071","19","57895420"
"chr3","178430610","178430912","chr5","82755984","82756293","76","95674626"
"chr3","178823860","178824154","chr2","120081613","120081907","25","58742247"
"chr3","179470199","179470471","chr2","119373499","119373773","51","60096700"
"chr3","179520802","179521107","chr2","119326793","119327089","30","60194009"
"chr3","180189986","180190113","chr2","104708095","104708220","27","75481891"
"chr3","180216161","180216309","chr3","164395252","164395401","33","15820909"
"chr3","180216397","180216535","chrX","144541916","144542049","39","35674481"
"chr3","180707565","180707857","chr2","118008302","118008594","19","62699263"
"chr3","180949510","180949612","chr1","7815143","7815253","28","173134367"
"chr3","181812984","181813271","chr2","116876650","116876931","23","64936334"
"chr3","182201152","182201469","chr2","116459926","116460202","60","65741226"
"chr3","182343899","182344034","chr6","63960389","63960524","26","118383510"
"chr3","182499244","182499479","chr1","45120983","45121202","67","137378261"
"chr3","182518393","182518686","chr3","84522705","84523002","65","97995688"
"chr3","182604184","182604315","chr9","45752809","45752940","20","136851375"
"chr3","183054662","183054876","chr7","129888820","129889017","61","53165842"
"chr3","183326613","183326860","chr2","115176477","115176705","39","68150136"
"chr3","183813431","183813672","chr2","114676054","114676288","18","69137377"
"chr3","183988133","183988434","chr2","114503185","114503490","34","69484948"
"chr3","184319920","184320225","chr14","22383742","22384033","73","161936178"
"chr3","184326639","184326912","chr2","114159596","114159874","23","70167043"
"chr3","184517375","184517698","chr2","113948273","113948574","50","70569102"
"chr3","184518826","184519106","chr2","113946843","113947124","27","70571983"
"chr3","184546605","184546713","chr7","82532536","82532646","27","102014069"
"chr3","184917488","184917580","chr19","25579785","25579879","20","159337703"
"chr3","185105549","185105844","chr2","113311127","113311422","24","71794422"
"chr3","186113427","186113586","chr14","69057322","69057461","48","117056105"
"chr3","186117890","186117934","chr10","62681557","62681599","8","123436333"
"chr3","186777338","186777505","chr10","21028320","21028479","44","165749018"
"chr3","186817305","186817576","chr2","111448499","111448770","15","75368806"
"chr3","186843833","186844135","chr2","75984803","75985107","75","110859030"
"chr3","186971221","186971522","chr2","111296607","111296905","20","75674614"
"chr3","187004652","187004959","chr15","26711810","26712122","66","160292842"
"chr3","187032147","187032439","chr2","111235427","111235717","31","75796720"
"chr3","187032464","187032643","chr14","47797762","47797934","46","139234702"
"chr3","187101412","187101564","chr1","23061463","23061601","40","164039949"
"chr3","187557886","187558170","chr2","110711368","110711644","28","76846518"
"chr3","187888020","187888278","chr2","110375426","110375684","18","77512594"
"chr3","188002530","188002820","chr2","110291407","110291700","26","77711123"
"chr3","188073174","188073455","chr2","62121493","62121782","58","125951681"
"chr3","188148965","188149255","chr2","110134336","110134610","31","78014629"
"chr3","188222483","188222761","chr2","110056427","110056707","19","78166056"
"chr3","188251265","188251396","chr19","44757841","44757975","22","143493424"
"chr3","188259586","188259895","chr8","132556004","132556293","72","55703582"
"chr3","188439412","188439711","chrX","43739404","43739703","62","144700008"
"chr3","188564829","188565031","chr5","8763481","8763695","52","179801348"
"chr3","188834216","188834517","chr2","109416730","109417034","17","79417486"
"chr3","189000428","189000542","chr1","205548841","205548943","33","16548413"
"chr3","189040897","189041039","chr2","109215163","109215304","13","79825734"
"chr3","189077957","189078248","chr7","55824205","55824496","64","133253752"
"chr3","189114597","189114763","chr2","109147225","109147398","10","79967372"
"chr3","189201032","189201298","chr1","128467343","128467616","62","60733689"
"chr3","189263185","189263486","chr2","108997899","108998203","18","80265286"
"chr3","189644809","189645110","chr5","182728923","182729227","55","6915886"
"chr3","189829843","189830134","chr2","108735938","108736234","34","81093905"
"chr3","189977018","189977305","chr2","108580275","108580565","21","81396743"
"chr3","190446391","190446686","chr4","33709197","33709493","55","156737194"
"chr3","190465618","190465856","chr1","40003514","40003738","59","150462104"
"chr3","190827088","190827392","chr2","107708633","107708936","15","83118455"
"chr3","190845859","190845993","chr2","107690005","107690140","8","83155854"
"chr3","191006257","191006553","chr1","67245632","67245929","54","123760625"
"chr3","191064698","191064970","chr2","107474807","107475090","30","83589891"
"chr3","191198846","191198973","chr2","107326078","107326205","8","83872768"
"chr3","192606984","192607120","chr2","192525102","192525239","6","81882"
"chr3","193716678","193716809","chr4","133031283","133031415","21","60685395"
"chr3","193902692","193902830","chr2","191329686","191329816","14","2573006"
"chr3","194048096","194048361","chr2","191186497","191186727","47","2861599"
"chr3","195593742","195594039","chr2","196741736","196742040","18","1147994"
"chr3","195759533","195759717","chr9","61516691","61516868","39","134242842"
"chr3","195760019","195760070","chr10","46966475","46966527","11","148793544"
"chr3","196265188","196265474","chr2","197415879","197416185","33","1150691"
"chr3","196572680","196572900","chr2","197696295","197696481","45","1123615"
"chr3","196626458","196626749","chr2","197735278","197735546","59","1108820"
"chr3","196909585","196909770","chr3","131475282","131475451","52","65434303"
"chr3","197237247","197237518","chr2","198329373","198329644","17","1092126"
"chr3","197316081","197316358","chr17","10011968","10012249","63","187304113"
"chr3","197630166","197630315","chr1","207759961","207760110","29","10129795"
"chr3","197630617","197630781","chr10","68134947","68135092","48","129495670"
"chr3","197642589","197642765","chr3","34558751","34558916","38","163083838"
"chr3","197777143","197777449","chr15","26711810","26712122","63","171065333"
"chr3","197869546","197869679","chr3","68927291","68927422","25","128942255"
"chr3","198251131","198251411","chr17","23839405","23839682","19","174411726"
"chr3","199122745","199123037","chr17","22973930","22974221","20","176148815"
"chr3","199732235","199732524","chr2","198839525","198839825","38","892710"
"chr3","199733013","199733299","chr2","198840314","198840601","23","892699"
"chr3","199753146","199753430","chr2","198861141","198861417","25","892005"
"chr3","200219850","200220135","chr2","199373039","199373323","23","846811"
"chr3","200336409","200336562","chr2","199486453","199486606","7","849956"
"chr3","200694161","200694318","chr1","15983811","15983976","35","184710350"
"chr3","201024797","201025107","chr1","47327661","47327963","68","153697136"
"chr3","201327756","201328046","chr2","200474026","200474335","60","853730"
"chr3","201398571","201398690","chr2","200545132","200545251","13","853439"
"chr3","201544915","201545047","chr2","200695342","200695474","5","849573"
"chr3","202148895","202149014","chr2","201330095","201330213","8","818800"
"chr3","202184773","202184907","chr19","10200791","10200920","28","191983982"
"chr3","202185200","202185383","chr13","11809839","11810014","40","190375361"
"chr3","202345320","202345624","chr2","201545030","201545337","22","800290"
"chr3","202866990","202867291","chr9","95808430","95808738","79","107058560"
"chr3","202949495","202949814","chr5","78804017","78804329","71","124145478"
"chr3","202958155","202958285","chr14","123163277","123163406","25","79794878"
"chr3","203042085","203042371","chr1","38498092","38498387","62","164543993"
"chr3","203152114","203152417","chr2","202370042","202370346","21","782072"
"chr3","203384472","203384591","chrX","53475562","53475673","24","149908910"
"chr3","203384912","203385052","chr2","202724822","202724967","33","660090"
"chr3","203529248","203529362","chr5","183247434","183247551","25","20281814"
"chr3","203552238","203552546","chr5","97615209","97615507","76","105937029"
"chr3","203612400","203612692","chr2","202946983","202947275","32","665417"
"chr3","203649359","203649571","chr2","202987116","202987325","25","662243"
"chr3","203738944","203739210","chr2","203076985","203077258","30","661959"
"chr3","203751006","203751312","chr2","203092116","203092446","64","658890"
"chr3","203773882","203774156","chr4","43544153","43544436","63","160229729"
"chr3","204027919","204028032","chr1","93985549","93985656","25","110042370"
"chr3","204099365","204099504","chr2","203502601","203502742","13","596764"
"chr3","204233711","204234003","chr6","136455476","136455771","57","67778235"
"chr3","204859718","204859848","chr2","165218621","165218752","19","39641097"
"chr3","204875774","204875862","chr10","25425564","25425639","25","179450210"
"chr3","204908219","204908492","chr7","42201799","42202072","64","162706420"
"chr3","204916060","204916198","chr6","190880","191019","18","204725180"
"chr3","205151236","205151372","chr1","134018877","134019008","25","71132359"
"chr3","205224070","205224348","chr2","204562718","204563009","35","661352"
"chr3","205244475","205244746","chr2","204581385","204581657","21","663090"
"chr3","205328361","205328647","chrX","69796190","69796476","55","135532171"
"chr4","2752440","2752740","chr1","44080201","44080496","65","41327761"
"chr4","152698820","152699112","chr20","59010939","59011230","79","93687881"
"chr4","608750","609085","chr5","556429","556732","58","52321"
"chr4","1187218","1187508","chr5","1141827","1142122","20","45391"
"chr4","1671506","1671644","chr5","1761139","1761277","6","89633"
"chr4","1765694","1765824","chr14","100963213","100963342","29","99197519"
"chr4","1921907","1922195","chr5","1993557","1993845","21","71650"
"chr4","1940476","1940778","chr6","78799285","78799566","80","76858809"
"chr4","2041075","2041125","chr13","39199030","39199080","19","37157955"
"chr4","2042152","2042313","chr5","2121054","2121213","12","78902"
"chr4","2200648","2200837","chr11","95239711","95239899","41","93039063"
"chr4","2201149","2201169","chr11","104685404","104685419","5","102484255"
"chr4","2287797","2288087","chr2","104197966","104198264","82","101910169"
"chr4","2370900","2371065","chr3","34558751","34558916","42","32187851"
"chr4","2570976","2571046","chr13","10480287","10480351","14","7909311"
"chr4","2588510","2588792","chr5","2762687","2762954","36","174177"
"chr4","2594231","2594368","chr10","72575152","72575279","31","69980921"
"chr4","2594667","2594838","chr9","63538178","63538343","48","60943511"
"chr4","2895952","2896110","chr4","106616558","106616719","38","103720606"
"chr4","2996321","2996454","chr3","39029592","39029725","30","36033271"
"chr4","3128336","3128642","chr3","182023654","182023954","70","178895318"
"chr4","3246590","3246881","chr5","3475244","3475527","34","228654"
"chr4","3454832","3455116","chr5","3598705","3598992","20","143873"
"chr4","4406662","4406797","chr10","35920366","35920501","20","31513704"
"chr4","4636302","4636451","chr5","4822612","4822741","25","186310"
"chr4","4638575","4638889","chr5","4824877","4825193","25","186302"
"chr4","4755285","4755559","chr5","181242365","181242641","64","176487080"
"chr4","4865757","4865884","chr5","5053244","5053372","9","187487"
"chr4","5675617","5675921","chr5","5827544","5827859","37","151927"
"chr4","6298119","6298407","chr5","6441401","6441679","42","143282"
"chr4","6663435","6663724","chr2","107866496","107866787","61","101203061"
"chr4","6784285","6784580","chr3","42185773","42186069","64","35401488"
"chr4","6808680","6808805","chr2","187914529","187914653","24","181105849"
"chr4","6955246","6955516","chr5","7112679","7112946","19","157433"
"chr4","7033653","7033898","chr5","7195189","7195474","57","161536"
"chr4","7046586","7046873","chr5","7207572","7207852","24","160986"
"chr4","7892601","7892895","chr5","8094163","8094451","27","201562"
"chr4","7982511","7982829","chr5","8187975","8188279","34","205464"
"chr4","8018503","8018796","chr5","8224821","8225131","68","206318"
"chr4","8564975","8565228","chr5","8763481","8763695","50","198506"
"chr4","9308115","9308389","chr20","5294290","5294588","54","4013825"
"chr4","9460620","9460896","chr19","40130488","40130744","64","30669868"
"chr4","10294010","10294144","chr14","118247114","118247246","22","107953104"
"chr4","10568455","10568736","chr5","10243485","10243761","24","324970"
"chr4","10958952","10959209","chr5","10616322","10616583","37","342630"
"chr4","10963146","10963450","chr5","10620511","10620814","17","342635"
"chr4","11006439","11006696","chr5","10661655","10661909","21","344784"
"chr4","11863041","11863324","chr5","11497862","11498145","18","365179"
"chr4","13229159","13229449","chr6","125052342","125052640","66","111823183"
"chr4","15039159","15039422","chr5","14651369","14651641","37","387790"
"chr4","16761919","16762212","chr5","16364410","16364704","22","397509"
"chr4","16963779","16964089","chr5","16573716","16574022","24","390063"
"chr4","17246836","17247131","chr5","48592635","48592935","69","31345799"
"chr4","18186592","18186837","chr2","169412009","169412252","64","151225417"
"chr4","18605917","18606237","chr1","23789916","23790234","74","5183999"
"chr4","19252247","19252552","chr12","66354678","66354979","76","47102431"
"chr4","19256854","19257171","chr5","18967008","18967302","39","289846"
"chr4","19928033","19928323","chr5","19598615","19598918","27","329418"
"chr4","20005248","20005543","chr5","19675977","19676269","19","329271"
"chr4","20033048","20033347","chr1","160081979","160082275","72","140048931"
"chr4","20717761","20718043","chr5","20393685","20393962","26","324076"
"chr4","21063287","21063489","chrX","46246061","46246271","52","25182774"
"chr4","21213342","21213647","chr4","44179828","44180128","66","22966486"
"chr4","21232450","21232760","chr5","20945322","20945619","35","287128"
"chr4","22181128","22181266","chr5","21901476","21901614","8","279652"
"chr4","22608728","22608960","chr1","87185446","87185668","60","64576718"
"chr4","23469488","23469790","chr5","23172526","23172822","30","296962"
"chr4","24000001","24000054","chr10","71303129","71303185","13","47303128"
"chr4","24154323","24154491","chr20","18625219","18625384","45","5529104"
"chr4","24909059","24909359","chr5","24634173","24634452","37","274886"
"chr4","24919611","24919770","chr5","24640978","24641144","16","278633"
"chr4","24981617","24981913","chr3","124592202","124592487","67","99610585"
"chr4","25006020","25006138","chr5","24713828","24713944","8","292192"
"chr4","25006440","25006582","chr5","24714240","24714383","12","292200"
"chr4","25019272","25019541","chr5","24727030","24727309","34","292242"
"chr4","25199374","25199516","chr5","24907913","24908055","7","291461"
"chr4","25239021","25239310","chr5","24949923","24950201","29","289098"
"chr4","25283506","25283638","chr2","94946216","94946346","23","69662710"
"chr4","25726897","25727156","chr5","25460025","25460297","30","266872"
"chr4","25837265","25837582","chr5","25573542","25573851","25","263723"
"chr4","26012624","26012700","chr15","50029095","50029160","23","24016471"
"chr4","26012728","26012894","chr16","24865099","24865260","40","1147629"
"chr4","26150557","26150830","chr5","25886644","25886949","52","263913"
"chr4","26210947","26211080","chr5","25949527","25949663","16","261420"
"chr4","26357869","26357953","chr17","51366264","51366340","17","25008395"
"chr4","30196681","30196947","chr5","30038140","30038408","24","158541"
"chr4","30671420","30671688","chr1","100857459","100857723","82","70186039"
"chr4","30696467","30696585","chr5","30550453","30550571","6","146014"
"chr4","30790857","30791181","chr5","30646866","30647189","28","143991"
"chr4","31022911","31023187","chrX","128144828","128145085","70","97121917"
"chr4","31031419","31031579","chr16","31032536","31032692","37","1117"
"chr4","31464805","31465078","chr5","31342348","31342635","63","122457"
"chr4","31583783","31583987","chr1","51848351","51848543","50","20264568"
"chr4","31688502","31688633","chr5","31568236","31568366","14","120266"
"chr4","32323100","32323370","chr5","32291192","32291435","53","31908"
"chr4","33062637","33062780","chr15","30646708","30646852","30","2415929"
"chr4","33495505","33495611","chr11","61333551","61333666","31","27838046"
"chr4","35183094","35183329","chr2","104216363","104216601","63","69033269"
"chr4","35439388","35439681","chr13","33420750","33421036","73","2018638"
"chr4","35608041","35608343","chr5","35002027","35002323","39","606014"
"chr4","36349013","36349142","chr5","35814499","35814632","10","534514"
"chr4","38016219","38016518","chr5","37476993","37477299","23","539226"
"chr4","38238837","38239116","chr5","37700527","37700806","18","538310"
"chr4","38438698","38438822","chr5","37908291","37908415","8","530407"
"chr4","38740909","38741208","chr12","64691999","64692270","74","25951090"
"chr4","38971215","38971521","chr5","38437692","38437998","25","533523"
"chr4","39288017","39288276","chr5","38746082","38746348","38","541935"
"chr4","39426624","39426746","chr3","177607625","177607747","24","138181001"
"chr4","39427054","39427098","chr3","63773433","63773478","18","24346379"
"chr4","39578972","39579076","chr16","160727","160833","25","39418245"
"chr4","39634136","39634399","chr5","39084069","39084337","26","550067"
"chr4","39636398","39636502","chr3","44029400","44029511","27","4393002"
"chr4","39647383","39647655","chr5","39097490","39097783","37","549893"
"chr4","39737683","39737754","chr1","92494490","92494559","24","52756807"
"chr4","39790452","39790668","chr20","6225945","6226161","50","33564507"
"chr4","39827968","39828266","chr5","39331961","39332268","29","496007"
"chr4","39832698","39833020","chr7","28208422","28208722","77","11624276"
"chr4","39854753","39854912","chr11","119805860","119806014","40","79951107"
"chr4","39866099","39866242","chr14","68514242","68514386","23","28648143"
"chr4","39871709","39871991","chr13","107076259","107076542","60","67204550"
"chr4","39889813","39890099","chr5","39398811","39399098","18","491002"
"chr4","39894908","39894984","chr1","92494490","92494559","24","52599582"
"chr4","39896205","39896329","chr19","52137193","52137316","27","12240988"
"chr4","39900502","39900791","chr5","39407537","39407826","16","492965"
"chr4","39918586","39918744","chr5","39426226","39426382","6","492360"
"chr4","40012535","40012771","chr5","39519474","39519722","21","493061"
"chr4","40284490","40284785","chr7","17688087","17688382","57","22596403"
"chr4","40533416","40533537","chr5","40120121","40120224","26","413295"
"chr4","40540541","40540810","chr5","40127344","40127618","18","413197"
"chr4","40550452","40550729","chr5","40137524","40137796","26","412928"
"chr4","40763728","40763890","chr5","40351351","40351527","34","412377"
"chr4","40826182","40826378","chr1","4086544","4086737","42","36739638"
"chr4","40890977","40891141","chr5","40483375","40483538","17","407602"
"chr4","40976262","40976357","chr19","42940014","42940116","28","1963752"
"chr4","41040429","41040600","chr5","40635179","40635356","13","405250"
"chr4","41451806","41452073","chr5","41057505","41057765","16","394301"
"chr4","41751753","41752013","chr5","41356897","41357157","21","394856"
"chr4","42022659","42022833","chr7","74779063","74779238","42","32756404"
"chr4","42206161","42206295","chr5","41819276","41819412","11","386885"
"chr4","42214228","42214517","chr5","41827165","41827461","30","387063"
"chr4","42370655","42370935","chr5","42003759","42004041","16","366896"
"chr4","42645171","42645365","chr5","42281076","42281270","10","364095"
"chr4","42710748","42710857","chr11","61333551","61333666","23","18622803"
"chr4","42884713","42884798","chr7","83636125","83636208","21","40751412"
"chr4","43157375","43157628","chr5","42822385","42822639","12","334990"
"chr4","43852057","43852339","chr5","43571940","43572219","23","280117"
"chr4","45094961","45095254","chr5","49305148","49305429","38","4210187"
"chr4","45119944","45120192","chr5","49333052","49333301","16","4213108"
"chr4","45208486","45208807","chr5","49435141","49435445","34","4226655"
"chr4","45273280","45273554","chr5","49494973","49495252","32","4221693"
"chr4","46543122","46543305","chr6","117373066","117373256","44","70829944"
"chr4","46692960","46693106","chr5","183469787","183469935","9","136776827"
"chr4","46693383","46693553","chr5","50964631","50964799","6","4271248"
"chr4","46767458","46767716","chr5","51037186","51037427","35","4269728"
"chr4","46809067","46809355","chr5","51076205","51076484","42","4267138"
"chr4","46809385","46809398","chr1","54541224","54541237","3","7731839"
"chr4","46937690","46937977","chr5","51244208","51244495","35","4306518"
"chr4","46984488","46984780","chr5","51279060","51279357","25","4294572"
"chr4","47012570","47012877","chr5","51306123","51306407","34","4293553"
"chr4","47062109","47062393","chr8","110461140","110461429","71","63399031"
"chr4","47064858","47065026","chr5","51354770","51354969","35","4289912"
"chr4","47097164","47097436","chr5","51387225","51387509","29","4290061"
"chr4","47098083","47098383","chr5","51388143","51388447","18","4290060"
"chr4","47165906","47166153","chr5","51462226","51462476","18","4296320"
"chr4","47266643","47266930","chr5","51575235","51575521","19","4308592"
"chr4","47535825","47536106","chr5","51847190","51847471","22","4311365"
"chr4","47551408","47551542","chrX","144541916","144542049","17","96990508"
"chr4","47616306","47616359","chr5","51962482","51962535","2","4346176"
"chr4","48140165","48140462","chr5","52468124","52468413","32","4327959"
"chr4","48843392","48843653","chr5","53172027","53172297","27","4328635"
"chr4","49079314","49079482","chr5","53325857","53326020","19","4246543"
"chr4","50350113","50350402","chr5","54827927","54828229","37","4477814"
"chr4","50467323","50467601","chr5","54979567","54979850","25","4512244"
"chr4","51009543","51009810","chr5","55548219","55548461","46","4538676"
"chr4","51155348","51155650","chr9","60118480","60118761","103","8963132"
"chr4","51236840","51237118","chr7","42201799","42202072","72","9035041"
"chr4","51448205","51448489","chr5","55980631","55980916","26","4532426"
"chr4","52104378","52104660","chr5","56599266","56599555","27","4494888"
"chr4","52168201","52168325","chr5","56663036","56663163","7","4494835"
"chr4","52192583","52192713","chr20","9188693","9188824","23","43003890"
"chr4","52193291","52193454","chr5","56694038","56694171","34","4500747"
"chr4","53105518","53105608","chr5","38362155","38362244","14","14743363"
"chr4","53246362","53246556","chr5","57751308","57751504","17","4504946"
"chr4","53366312","53366613","chr5","57878034","57878333","20","4511722"
"chr4","53430686","53430973","chr5","57944345","57944638","24","4513659"
"chr4","53526949","53527113","chr2","72642863","72643030","38","19115914"
"chr4","53527412","53527514","chr13","32782470","32782574","30","20744942"
"chr4","53777297","53777599","chr5","58292102","58292403","30","4514805"
"chr4","53849273","53849574","chr2","202370042","202370346","59","148520769"
"chr4","53972031","53972308","chr5","58482814","58483087","25","4510783"
"chr4","54023304","54023585","chr5","58531171","58531440","29","4507867"
"chr4","54047717","54048034","chr5","58556228","58556532","31","4508511"
"chr4","54050911","54051204","chr5","58558750","58559048","40","4507839"
"chr4","54161324","54161575","chr5","58663717","58663973","15","4502393"
"chr4","54175341","54175643","chr5","58675094","58675381","29","4499753"
"chr4","54199256","54199490","chr5","58705617","58705850","15","4506361"
"chr4","54292365","54292599","chr1","128246654","128246893","52","73954289"
"chr4","54327364","54327675","chr5","58842157","58842459","29","4514793"
"chr4","54734773","54735038","chr3","136599919","136600166","63","81865146"
"chr4","54807725","54807877","chr5","59325844","59325997","11","4518119"
"chr4","55623480","55623619","chr3","127958080","127958216","25","72334600"
"chr4","55623934","55623995","chr1","38316544","38316610","20","17307390"
"chr4","56518907","56519226","chr5","61182714","61183010","37","4663807"
"chr4","56792996","56793274","chr5","61464576","61464860","19","4671580"
"chr4","56878345","56878497","chr11","34055728","34055864","37","22822617"
"chr4","56885499","56885792","chr5","61555246","61555538","21","4669747"
"chr4","59079394","59079694","chr5","63147831","63148139","19","4068437"
"chr4","59599008","59599318","chr11","14929697","14929996","66","44669311"
"chr4","59667839","59667974","chr3","43450984","43451115","25","16216855"
"chr4","59817851","59818047","chr6","32786410","32786602","58","27031441"
"chr4","60210015","60210153","chr5","64320848","64320974","18","4110833"
"chr4","61112279","61112594","chr9","58449925","58450234","77","2662354"
"chr4","61457655","61457788","chr8","16377576","16377707","35","45080079"
"chr4","61705441","61705629","chr13","49474004","49474195","49","12231437"
"chr4","62162224","62162482","chr15","87977810","87978068","63","25815586"
"chr4","62303340","62303544","chr2","159799147","159799336","60","97495807"
"chr4","62756064","62756369","chr9","72437780","72438082","60","9681716"
"chr4","62802415","62802553","chr4","18219842","18219973","30","44582573"
"chr4","62932247","62932516","chr5","66845097","66845346","37","3912850"
"chr4","62967133","62967426","chr5","66880528","66880821","12","3913395"
"chr4","62984267","62984518","chr17","76917610","76917862","67","13933343"
"chr4","63685618","63685754","chr14","11679775","11679911","25","52005843"
"chr4","63768105","63768403","chrX","21887337","21887630","66","41880768"
"chr4","64416617","64416899","chr5","68366436","68366737","36","3949819"
"chr4","64989458","64989635","chr5","68980813","68980987","16","3991355"
"chr4","65446462","65446628","chr5","69476847","69477013","4","4030385"
"chr4","67900620","67900924","chr1","64823140","64823445","78","3077480"
"chr4","68069764","68070055","chr5","72278280","72278568","18","4208516"
"chr4","68261821","68262024","chr11","112000001","112000193","48","43738180"
"chr4","68772533","68772666","chr5","72973787","72973919","17","4201254"
"chr4","68777518","68777801","chr5","72978888","72979170","23","4201370"
"chr4","68883708","68883997","chr5","73087703","73087993","24","4203995"
"chr4","69285207","69285412","chr5","73488619","73488833","17","4203412"
"chr4","69313315","69313432","chr8","40843870","40843983","29","28469445"
"chr4","69313472","69313646","chr3","63773777","63773948","42","5539695"
"chr4","69769107","69769402","chr5","73960760","73961054","28","4191653"
"chr4","71402095","71402383","chr5","75608455","75608739","31","4206360"
"chr4","71413072","71413374","chr5","75619984","75620290","26","4206912"
"chr4","73360861","73361129","chr5","77484039","77484306","17","4123178"
"chr4","73494144","73494296","chr5","77617613","77617765","9","4123469"
"chr4","73522301","73522445","chr5","77645016","77645160","9","4122715"
"chr4","73607776","73607931","chr2","30350641","30350798","42","43257135"
"chr4","73608241","73608367","chr19","10419308","10419433","29","63188933"
"chr4","73677559","73677873","chr5","77794942","77795233","40","4117383"
"chr4","73701135","73701219","chr5","77819067","77819151","7","4117932"
"chr4","74278947","74279108","chr5","78383003","78383151","22","4104056"
"chr4","74281997","74282285","chr5","78386485","78386762","24","4104488"
"chr4","74330795","74331069","chr5","78436061","78436342","29","4105266"
"chr4","74334444","74334747","chr5","78439420","78439739","47","4104976"
"chr4","74474091","74474225","chr12","100835212","100835345","22","26361121"
"chr4","74517926","74518220","chr5","78623308","78623603","16","4105382"
"chr4","74690662","74690958","chr5","78804017","78804329","35","4113355"
"chr4","74975677","74975982","chr5","79102716","79103007","34","4127039"
"chr4","75033475","75033609","chr5","79161439","79161577","16","4127964"
"chr4","75169470","75169768","chr5","77978039","77978343","64","2808569"
"chr4","75246146","75246419","chr5","79372006","79372299","41","4125860"
"chr4","75976406","75976534","chrX","8420728","8420853","19","67555678"
"chr4","76028685","76028791","chr5","80212332","80212449","16","4183647"
"chr4","76076914","76077158","chr5","80255965","80256209","20","4179051"
"chr4","76166030","76166152","chr4","18169091","18169215","26","57996939"
"chr4","76171167","76171470","chr16","25460444","25460740","64","50710723"
"chr4","76440161","76440493","chr2","72426884","72427200","95","4013277"
"chr4","77057055","77057180","chr5","81324931","81325054","9","4267876"
"chr4","77120939","77121070","chr13","74782008","74782141","24","2338931"
"chr4","77199930","77200230","chr5","81455492","81455787","32","4255562"
"chr4","77515150","77515426","chr9","73365165","73365443","56","4149985"
"chr4","77721107","77721386","chr13","62772118","62772401","62","14948989"
"chr4","77814036","77814290","chr5","82061622","82061855","24","4247586"
"chr4","77843165","77843483","chr7","141449244","141449521","99","63606079"
"chr4","78203359","78203493","chr5","82460512","82460646","6","4257153"
"chr4","78311551","78311774","chr16","45926911","45927130","48","32384640"
"chr4","78507647","78507949","chr5","82755984","82756293","20","4248337"
"chr4","78542835","78542981","chr5","82787079","82787225","12","4244244"
"chr4","78617587","78617805","chr9","92946434","92946660","60","14328847"
"chr4","84059161","84059236","chr15","50029095","50029160","19","34030066"
"chr4","84059266","84059432","chr6","73020073","73020237","38","11039193"
"chr4","84076089","84076189","chr5","48846364","48846471","10","35229725"
"chr4","84097813","84098115","chr1","22927817","22928115","66","61169996"
"chr4","84219256","84219518","chr5","48698822","48699084","23","35520434"
"chr4","84263400","84263599","chr5","48654344","48654540","22","35609056"
"chr4","84317502","84317787","chr5","48592635","48592935","26","35724867"
"chr4","84358438","84358735","chr5","48552408","48552707","17","35806030"
"chr4","84493721","84493938","chr5","48408814","48409027","18","36084907"
"chr4","86009406","86009555","chr2","91658413","91658557","40","5649007"
"chr4","87923008","87923297","chr5","44868231","44868524","27","43054777"
"chr4","88750832","88751128","chr5","84004586","84004871","30","4746246"
"chr4","89066848","89067155","chr5","84366813","84367113","48","4700035"
"chr4","89664963","89665256","chr5","84977337","84977619","29","4687626"
"chr4","89829028","89829300","chr5","85142446","85142720","25","4686582"
"chr4","89892132","89892228","chr1","181978119","181978215","27","92085987"
"chr4","90033351","90033654","chr5","85346934","85347235","17","4686417"
"chr4","90187053","90187321","chr15","87865139","87865393","75","2321914"
"chr4","90377133","90377419","chr7","139233256","139233549","76","48856123"
"chr4","90458710","90458913","chr5","85794042","85794229","48","4664668"
"chr4","90470326","90470622","chr5","85808241","85808545","33","4662085"
"chr4","90492347","90492654","chr5","85830311","85830621","21","4662036"
"chr4","91090122","91090402","chr2","56410836","56411127","71","34679286"
"chr4","91148559","91148850","chr5","86492450","86492743","21","4656109"
"chr4","91203075","91203195","chr1","187495738","187495872","27","96292663"
"chr4","91212223","91212393","chr5","86559595","86559768","8","4652628"
"chr4","91488856","91488916","chr5","86884111","86884172","5","4604745"
"chr4","91490487","91490583","chr5","86885756","86885851","10","4604731"
"chr4","91541495","91541771","chr5","86937507","86937788","21","4603988"
"chr4","91787204","91787494","chr5","87180370","87180660","21","4606834"
"chr4","92149231","92149535","chr5","182728923","182729227","67","90579692"
"chr4","92652004","92652157","chr14","93401809","93401958","30","749805"
"chr4","93132164","93132448","chr5","88513723","88513986","56","4618441"
"chr4","93198378","93198664","chr1","183131614","183131901","75","89933236"
"chr4","93402468","93402799","chr9","99534482","99534817","88","6132014"
"chr4","94153339","94153611","chr7","92761835","92762091","82","1391504"
"chr4","94431851","94432159","chr1","164835864","164836152","74","70404013"
"chr4","95543183","95543325","chr5","91012048","91012187","13","4531135"
"chr4","95906204","95906505","chr1","213299903","213300197","71","117393699"
"chr4","96162429","96162759","chr1","8350188","8350493","81","87812241"
"chr4","96184275","96184569","chr14","119237855","119238156","59","23053580"
"chr4","96772654","96772785","chr5","92277110","92277242","8","4495544"
"chr4","96999342","96999542","chr5","92518963","92519186","34","4480379"
"chr4","97058834","97059127","chr5","92578518","92578818","26","4480316"
"chr4","97248470","97248759","chr5","92742959","92743232","43","4505511"
"chr4","97424422","97424714","chr5","92901173","92901442","43","4523249"
"chr4","97524278","97524409","chr11","132289155","132289287","17","34764877"
"chr4","97791590","97791738","chr1","47632613","47632758","35","50158977"
"chr4","97965020","97965187","chr5","93439659","93439825","13","4525361"
"chr4","97975698","97975933","chr1","148600739","148600964","54","50625041"
"chr4","97992786","97992888","chr6","37932583","37932683","23","60060203"
"chr4","98346314","98346617","chr5","93821437","93821745","33","4524877"
"chr4","98749197","98749451","chr1","160434474","160434732","61","61685277"
"chr4","99074752","99075041","chr3","41729817","41730091","59","57344935"
"chr4","99779603","99779920","chr5","95349218","95349531","24","4430385"
"chr4","99912819","99913047","chr10","60971607","60971833","58","38941212"
"chr4","99961359","99961525","chr1","77056684","77056850","45","22904675"
"chr4","100369554","100369860","chr5","95937547","95937855","35","4432007"
"chr4","101220796","101221043","chr5","96770462","96770701","26","4450334"
"chr4","101221936","101222020","chr5","96771352","96771435","4","4450584"
"chr4","101290631","101290772","chr5","96850597","96850738","8","4440034"
"chr4","101441483","101441771","chr5","96995069","96995376","37","4446414"
"chr4","101608670","101608985","chr5","97167934","97168231","38","4440736"
"chr4","101862651","101862941","chr5","97418250","97418523","34","4444401"
"chr4","101928422","101928552","chr5","97521207","97521337","11","4407215"
"chr4","101938835","101938967","chr5","97531753","97531885","9","4407082"
"chr4","102028483","102028777","chr5","97615209","97615507","20","4413274"
"chr4","102052204","102052484","chr6","176566710","176566999","78","74514506"
"chr4","103203651","103203799","chr10","68134947","68135092","33","35068704"
"chr4","103240591","103240860","chr5","98914751","98915026","29","4325840"
"chr4","104556488","104556794","chr5","100287124","100287429","27","4269364"
"chr4","106161513","106161652","chr7","104429588","104429723","28","1731925"
"chr4","106869469","106869762","chr5","102690191","102690496","41","4179278"
"chr4","107674649","107674846","chr5","105769266","105769462","15","1905383"
"chr4","107712074","107712365","chr3","128881412","128881696","71","21169338"
"chr4","108229569","108229850","chr5","105215437","105215718","27","3014132"
"chr4","108610686","108610820","chr5","104799309","104799443","10","3811377"
"chr4","108859349","108859656","chr7","29067272","29067568","74","79792077"
"chr4","109980441","109980744","chr5","103516875","103517171","28","6463566"
"chr4","111089656","111089965","chr3","41984071","41984374","64","69105585"
"chr4","111421605","111421906","chr5","107253093","107253390","22","4168512"
"chr4","111617235","111617541","chr5","107446149","107446460","29","4171086"
"chr4","112178446","112178742","chr5","108006897","108007204","32","4171549"
"chr4","112236183","112236302","chr16","26210512","26210633","27","86025671"
"chr4","112466349","112466431","chr10","25425564","25425639","22","87040785"
"chr4","112690686","112690987","chr5","108538709","108539011","27","4151977"
"chr4","112836123","112836418","chr5","108670364","108670671","35","4165759"
"chr4","112972831","112973136","chr5","108801089","108801397","34","4171742"
"chr4","113243106","113243401","chr8","120139405","120139699","65","6896299"
"chr4","113304174","113304314","chr5","109194110","109194250","14","4110064"
"chr4","114056111","114056375","chr5","109937735","109937999","20","4118376"
"chr4","115379908","115380224","chr11","47637860","47638156","72","67742048"
"chr4","115879821","115879984","chr2","34241743","34241911","36","81638078"
"chr4","115880295","115880423","chr2","40642929","40643054","30","75237366"
"chr4","116146878","116147165","chr14","56825299","56825588","70","59321579"
"chr4","116231123","116231185","chr1","64791084","64791143","18","51440039"
"chr4","116304786","116305069","chr5","112193033","112193316","22","4111753"
"chr4","116425150","116425465","chr5","112317250","112317567","21","4107900"
"chr4","117312249","117312527","chr5","113197460","113197765","56","4114789"
"chr4","117339768","117340044","chr5","113285214","113285476","26","4054554"
"chr4","118312139","118312446","chr5","114337482","114337778","36","3974657"
"chr4","119376570","119376823","chr5","115439318","115439581","29","3937252"
"chr4","120470538","120470737","chr5","116763487","116763690","16","3707051"
"chr4","121343814","121344006","chr5","117589545","117589736","12","3754269"
"chr4","121383931","121384243","chr2","202370042","202370346","72","80986111"
"chr4","121385083","121385201","chr5","117631545","117631666","12","3753538"
"chr4","121385502","121385648","chr1","61681709","61681856","30","59703793"
"chr4","121490254","121490391","chr11","12976906","12977044","24","108513348"
"chr4","122056753","122057010","chr5","118290013","118290295","40","3766740"
"chr4","123035788","123036014","chr16","70814901","70815120","61","52220887"
"chr4","123045539","123045603","chr8","124931585","124931643","19","1886046"
"chr4","123385414","123385549","chr10","71633509","71633642","30","51751905"
"chr4","123618340","123618505","chr6","166788551","166788715","35","43170211"
"chr4","124518592","124518867","chr5","120006831","120007104","31","4511761"
"chr4","125141392","125141684","chr5","120676133","120676407","50","4465259"
"chr4","125499187","125499474","chr7","98675880","98676164","71","26823307"
"chr4","125509213","125509542","chr5","121115584","121115871","54","4393629"
"chr4","125520353","125520645","chr5","121126612","121126905","19","4393741"
"chr4","125542761","125543052","chr5","121152086","121152394","43","4390675"
"chr4","125760345","125760624","chr5","121377656","121377953","43","4382689"
"chr4","126349185","126349480","chr5","122059055","122059353","20","4290130"
"chr4","126579268","126579566","chr5","122279985","122280254","47","4299283"
"chr4","127516467","127516728","chr5","123300687","123300948","21","4215780"
"chr4","128885008","128885292","chr5","124766249","124766540","25","4118759"
"chr4","128921664","128921758","chr10","17661471","17661569","24","111260193"
"chr4","129335528","129335838","chr5","125271047","125271347","40","4064481"
"chr4","130490827","130490953","chr5","82460512","82460646","38","48030315"
"chr4","131467044","131467229","chr5","127308500","127308705","33","4158544"
"chr4","131541684","131541814","chr3","17899884","17899989","47","113641800"
"chr4","131606408","131606545","chr5","127465771","127465908","4","4140637"
"chr4","131697753","131697878","chr3","26422095","26422220","33","105275658"
"chr4","132290202","132290339","chr15","9760642","9760774","24","122529560"
"chr4","132515485","132515538","chr2","94724837","94724890","12","37790648"
"chr4","134057130","134057425","chr5","130048573","130048871","39","4008557"
"chr4","134517200","134517507","chr2","95788540","95788841","82","38728660"
"chr4","135228868","135229143","chr5","131175924","131176195","44","4052944"
"chr4","135573111","135573415","chr5","131488876","131489178","42","4084235"
"chr4","136155578","136155863","chr5","132079452","132079737","26","4076126"
"chr4","137647215","137647505","chr5","133753550","133753840","37","3893665"
"chr4","137653642","137653933","chr5","133759258","133759547","37","3894384"
"chr4","138758964","138759102","chr2","69003394","69003536","32","69755570"
"chr4","138920776","138921110","chr9","61004267","61004578","80","77916509"
"chr4","139829511","139829761","chr7","136051121","136051383","73","3778390"
"chr4","140109748","140109883","chr5","136224680","136224814","11","3885068"
"chr4","140586345","140586479","chr3","13531543","13531676","23","127054802"
"chr4","141106710","141106997","chr5","137341933","137342219","25","3764777"
"chr4","142685761","142686067","chr5","139001232","139001536","23","3684529"
"chr4","142706905","142707032","chrX","5707788","5707925","35","136999117"
"chr4","142740043","142740178","chr6","63960389","63960524","21","78779654"
"chr4","142759611","142759728","chr5","139077561","139077678","12","3682050"
"chr4","142794003","142794276","chr5","139105514","139105785","25","3688489"
"chr4","142835743","142836029","chr9","94961059","94961353","65","47874684"
"chr4","142889473","142889618","chr5","109194110","109194250","29","33695363"
"chr4","142933201","142933482","chr16","55388098","55388367","79","87545103"
"chr4","143077935","143078195","chr5","139420284","139420549","19","3657651"
"chr4","143098922","143099205","chr5","139442667","139442943","23","3656255"
"chr4","143220496","143220665","chr5","139569480","139569656","40","3651016"
"chr4","143220920","143221051","chr5","139569926","139570057","7","3650994"
"chr4","143666350","143666629","chr5","140008634","140008910","30","3657716"
"chr4","143759455","143759668","chr5","140101725","140101941","18","3657730"
"chr4","143790067","143790194","chr9","63344988","63345119","18","80445079"
"chr4","143843788","143843916","chr13","94533881","94534007","29","49309907"
"chr4","143943364","143943657","chr5","140283276","140283575","27","3660088"
"chr4","143986005","143986286","chr5","140379380","140379686","38","3606625"
"chr4","144211491","144211774","chr5","140593789","140594080","18","3617702"
"chr4","144345676","144345988","chrX","8409984","8410298","63","135935692"
"chr4","144383598","144383730","chr8","61241084","61241210","24","83142514"
"chr4","145204070","145204388","chr5","141604576","141604876","38","3599494"
"chr4","145308725","145308810","chr5","141701190","141701273","10","3607535"
"chr4","146688207","146688486","chr5","143118129","143118400","21","3570078"
"chr4","146876459","146876727","chr1","38160412","38160674","58","108716047"
"chr4","146917524","146917758","chr5","143343535","143343806","59","3573989"
"chr4","147094738","147095036","chr1","9322977","9323273","76","137771761"
"chr4","148074635","148074912","chr5","143891223","143891500","17","4183412"
"chr4","148535011","148535116","chr5","40120121","40120224","29","108414890"
"chr4","148713120","148713381","chr10","51135424","51135697","71","97577696"
"chr4","148826665","148826830","chr3","155470127","155470293","56","6643462"
"chr4","149278667","149278955","chr5","145129798","145130090","16","4148869"
"chr4","149455017","149455290","chr5","145300507","145300754","42","4154510"
"chr4","149589436","149589609","chr18","49456949","49457129","47","100132487"
"chr4","150021393","150021697","chr5","145852575","145852880","15","4168818"
"chr4","150436011","150436163","chr5","146266259","146266411","5","4169752"
"chr4","150772433","150772651","chr6","88269437","88269645","46","62502996"
"chr4","151415812","151416115","chr7","9801252","9801554","75","141614560"
"chr4","152809503","152809817","chr5","148687238","148687534","41","4122265"
"chr4","153112651","153112794","chr4","152782398","152782540","14","330253"
"chr4","153113091","153113255","chr4","152782847","152783006","17","330244"
"chr4","153491590","153491875","chr5","149303123","149303421","26","4188467"
"chr4","153937153","153937460","chr18","52922813","52923123","71","101014340"
"chr4","154236410","154236699","chr5","150112561","150112852","21","4123849"
"chr4","154382773","154383061","chr20","59124558","59124843","70","95258215"
"chr4","154400200","154400457","chr5","150276243","150276496","13","4123957"
"chr4","154546859","154547152","chr5","150416109","150416404","26","4130750"
"chr4","154623228","154623565","chr8","95736172","95736476","97","58887056"
"chr4","154722875","154723162","chr5","150655731","150656027","26","4067144"
"chr4","154778617","154778875","chr6","88791668","88791924","67","65986949"
"chr4","154818526","154818824","chr10","51734434","51734728","67","103084092"
"chr4","154846900","154847055","chr1","61681709","61681856","35","93165191"
"chr4","154847130","154847246","chr10","82812050","82812167","23","72035080"
"chr4","154943524","154943606","chr12","97261482","97261567","18","57682042"
"chr4","155042813","155042951","chr11","34055728","34055864","21","120987085"
"chr4","155047806","155047928","chr3","2524423","2524550","22","152523383"
"chr4","155098872","155099016","chr16","24168969","24169115","34","130929903"
"chr4","155099310","155099447","chr7","84475245","84475382","29","70624065"
"chr4","155132935","155133195","chr5","151044691","151044963","25","4088244"
"chr4","155356232","155356342","chr1","65616747","65616843","31","89739485"
"chr4","156499647","156499963","chr4","56822567","56822872","66","99677080"
"chr4","156797376","156797607","chr5","152718817","152719053","17","4078559"
"chr4","157270575","157270866","chr5","153188281","153188582","31","4082294"
"chr4","157282271","157282406","chr5","153200617","153200753","5","4081654"
"chr4","157500302","157500473","chr5","153242133","153242301","15","4258169"
"chr4","157717080","157717386","chr2","47892792","47893095","54","109824288"
"chr4","157900750","157901051","chr5","153651837","153652140","14","4248913"
"chr4","157974926","157975221","chr5","153723370","153723704","54","4251556"
"chr4","158807871","158808061","chr5","154528873","154529068","30","4278998"
"chr4","158938083","158938383","chr5","154667758","154668066","26","4270325"
"chr4","159777684","159777973","chr5","155195051","155195344","23","4582633"
"chr4","159904114","159904416","chr6","125052342","125052640","58","34851772"
"chr4","160614566","160614852","chr4","122591195","122591483","81","38023371"
"chr4","160625608","160625912","chr5","156449317","156449625","33","4176291"
"chr4","160637356","160637542","chr5","156462845","156463031","15","4174511"
"chr4","160734131","160734255","chr5","156561538","156561662","7","4172593"
"chr4","162760690","162761001","chr14","22226176","22226491","73","140534514"
"chr4","163014457","163014753","chr2","86790117","86790414","60","76224340"
"chr4","163034937","163035132","chr5","158854361","158854544","37","4180576"
"chr4","163035430","163035552","chr5","158854849","158854959","20","4180581"
"chr4","163119161","163119443","chr6","169745668","169745955","70","6626507"
"chr4","163291972","163292268","chr1","160081979","160082275","69","3209993"
"chr4","163511017","163511130","chr4","44802376","44802488","28","118708641"
"chr4","163511495","163511521","chr8","99524093","99524121","6","63987402"
"chr4","164091300","164091576","chr1","22043409","22043693","68","142047891"
"chr4","164444759","164444964","chr5","160387126","160387325","16","4057633"
"chr4","165850813","165851119","chr7","29067272","29067568","74","136783541"
"chr4","166167728","166167986","chr7","64558463","64558717","76","101609265"
"chr4","166307502","166307668","chr4","157233978","157234141","40","9073524"
"chr4","166814032","166814337","chr5","163055927","163056242","46","3758105"
"chr4","167117558","167117827","chr5","163379122","163379391","15","3738436"
"chr4","167178743","167178848","chr5","163438821","163438933","13","3739922"
"chr4","167727676","167727972","chr5","163980727","163981027","22","3746949"
"chr4","167885985","167886280","chr5","164131698","164131989","31","3754287"
"chr4","169011053","169011185","chr11","98398817","98398954","22","70612236"
"chr4","169126984","169127287","chr5","165117582","165117893","26","4009402"
"chr4","169282383","169282632","chr5","165294728","165294983","17","3987655"
"chr4","169612974","169613226","chr5","165605803","165606055","13","4007171"
"chr4","169629861","169630169","chr8","7837262","7837554","76","161792599"
"chr4","169962618","169962917","chr5","165957138","165957415","39","4005480"
"chr4","170768693","170768979","chr1","39871622","39871902","63","130897071"
"chr4","171192383","171192524","chr9","30072254","30072394","31","141120129"
"chr4","171311836","171312059","chr12","82484213","82484446","71","88827623"
"chr4","171662296","171662557","chr5","167615454","167615721","25","4046842"
"chr4","171664597","171664879","chr6","38750270","38750550","68","132914327"
"chr4","171665505","171665632","chr20","57212786","57212909","34","114452719"
"chr4","172057497","172057799","chr5","168029048","168029356","50","4028449"
"chr4","172461110","172461401","chr5","168403458","168403755","38","4057652"
"chr4","172953261","172953605","chr5","168878255","168878606","31","4075006"
"chr4","173339921","173340214","chr10","27157967","27158263","61","146181954"
"chr4","173344683","173344794","chr4","7682259","7682377","29","165662424"
"chr4","173474886","173475083","chr5","169435995","169436168","33","4038891"
"chr4","173504362","173504489","chr5","169464791","169464913","12","4039571"
"chr4","173504812","173504920","chr5","169465241","169465355","12","4039571"
"chr4","173505217","173505404","chr5","169465646","169465833","12","4039571"
"chr4","173870591","173870715","chr16","47844971","47845103","29","126025620"
"chr4","174001443","174001622","chr5","169931210","169931389","9","4070233"
"chr4","174368840","174369120","chr5","58531171","58531440","77","115837669"
"chr4","174592850","174593096","chr15","102337752","102338000","55","72255098"
"chr4","175390634","175390935","chrX","43739404","43739703","71","131651230"
"chr4","175413971","175414253","chr5","171287308","171287589","30","4126663"
"chr4","175662246","175662415","chr5","171541484","171541652","14","4120762"
"chr4","175671787","175671939","chr3","42908057","42908188","48","132763730"
"chr4","175683423","175683596","chr9","70933892","70934075","47","104749531"
"chr4","176438088","176438379","chr5","172351980","172352270","25","4086108"
"chr4","176818783","176819088","chr5","172542634","172542935","19","4276149"
"chr4","177006900","177007176","chr5","172725959","172726229","25","4280941"
"chr4","177074450","177074635","chr11","26904550","26904726","49","150169900"
"chr4","177555849","177556130","chr11","25990609","25990893","55","151565240"
"chr4","178056516","178056803","chr5","173767589","173767879","25","4288927"
"chr4","178139156","178139435","chr7","125722002","125722288","68","52417154"
"chr4","178206592","178206747","chr8","28582066","28582229","42","149624526"
"chr4","178727472","178727761","chr5","174483749","174484037","17","4243723"
"chr4","178733226","178733504","chr5","174489522","174489799","18","4243704"
"chr4","179236088","179236368","chr2","44735869","44736149","66","134500219"
"chr4","179630874","179631162","chr10","80735205","80735495","73","98895669"
"chr4","179674426","179674458","chr5","175592575","175592607","0","4081851"
"chr4","179674893","179674994","chr5","175593053","175593155","12","4081840"
"chr4","179854310","179854630","chr5","175771522","175771833","40","4082788"
"chr4","180472472","180472753","chr1","187898632","187898919","71","7426160"
"chr4","180524489","180524783","chr5","176454356","176454650","24","4070133"
"chr4","180617970","180618276","chr11","103833436","103833731","62","76784534"
"chr4","181149099","181149232","chr3","84801975","84802107","23","96347124"
"chr4","181390239","181390543","chr5","177331472","177331767","32","4058767"
"chr4","181909348","181909478","chr5","177864582","177864713","7","4044766"
"chr4","182410301","182410430","chr5","178371873","178372000","11","4038428"
"chr4","182610572","182610870","chr5","178640405","178640670","54","3970167"
"chr4","182990703","182991017","chr5","178993911","178994216","30","3996792"
"chr4","183132303","183132385","chr5","179125301","179125390","12","4007002"
"chr4","183305214","183305512","chr5","179303659","179303938","36","4001555"
"chr4","184925581","184925851","chr14","22696706","22696977","65","162228875"
"chr4","185102187","185102479","chr6","144018323","144018613","67","41083864"
"chr4","185260714","185260965","chr1","34961903","34962154","63","150298811"
"chr4","185280252","185280528","chr5","181242365","181242641","18","4037887"
"chr4","185995177","185995464","chr5","181980499","181980806","45","4014678"
"chr4","186210593","186210894","chr5","182198174","182198483","21","4012419"
"chr4","186393252","186393547","chr5","182383893","182384199","31","4009359"
"chr4","186586719","186586842","chr5","182580375","182580506","17","4006344"
"chr4","186733304","186733607","chr5","182728923","182729227","28","4004381"
"chr4","186876232","186876518","chr5","182866521","182866814","39","4009711"
"chr4","187217983","187218065","chr5","183217517","183217608","17","4000466"
"chr4","187250531","187250648","chr5","183247434","183247551","5","4003097"
"chr4","187279321","187279465","chr5","183273648","183273807","26","4005673"
"chr4","187601883","187601967","chr4","88038220","88038296","27","99563663"
"chr4","187695726","187695959","chr5","183700242","183700477","24","3995484"
"chr4","187948933","187949049","chr5","183962650","183962766","2","3986283"
"chr4","188044589","188044717","chr5","184060385","184060514","8","3984204"
"chr4","188436976","188437074","chr1","11798162","11798253","24","176638814"
"chr4","188945114","188945186","chr15","8707253","8707317","21","180237861"
"chr4","188960840","188960964","chr20","42637067","42637193","21","146323773"
"chr4","189028041","189028223","chr19","847037","847217","56","188181004"
"chr4","189526814","189527023","chr14","16376502","16376703","61","173150312"
"chr4","189627335","189627622","chr9","18587336","18587631","59","171039999"
"chr4","189669670","189669977","chr5","185730435","185730747","29","3939235"
"chr4","189687404","189687608","chr5","185748662","185748863","12","3938742"
"chr4","189687900","189688031","chr5","185749158","185749286","10","3938742"
"chr4","190848181","190848455","chr5","186979496","186979773","27","3868685"
"chr4","190946305","190946439","chr4","133022916","133023048","22","57923389"
"chr4","191337453","191337673","chr5","187474060","187474281","16","3863393"
"chr4","192384142","192384269","chr5","188534273","188534400","9","3849869"
"chr4","192384631","192384779","chr5","188534723","188534886","20","3849908"
"chr4","192823217","192823510","chr5","189037623","189037922","36","3785594"
"chr4","192868598","192868730","chr14","78435186","78435320","24","114433412"
"chr4","195143471","195143765","chr5","190400052","190400340","38","4743419"
"chr4","195171646","195171778","chr9","63344988","63345119","19","131826658"
"chr4","195279034","195279330","chr5","190400052","190400340","31","4878982"
"chr5","56098661","56098927","chr3","81172162","81172428","62","25073501"
"chr5","517439","517747","chr9","72437780","72438082","68","71920341"
"chr5","2397854","2397991","chrX","144541916","144542049","24","142144062"
"chr5","3450057","3450260","chr1","61640067","61640273","53","58190010"
"chr5","3628318","3628597","chr12","59242431","59242705","73","55614113"
"chr5","4939021","4939137","chr6","4787170","4787293","10","151851"
"chr5","5135912","5136210","chr6","4989491","4989789","24","146421"
"chr5","5287010","5287314","chr6","5136046","5136356","22","150964"
"chr5","5459239","5459508","chr6","5319856","5320120","27","139383"
"chr5","9699626","9699924","chr6","9608004","9608300","28","91622"
"chr5","10363297","10363567","chr6","10225833","10226120","41","137464"
"chr5","10385005","10385133","chr15","24816478","24816601","22","14431473"
"chr5","10422813","10422945","chr6","10297836","10297972","12","124977"
"chr5","10495870","10496026","chr19","16863795","16863934","42","6367925"
"chr5","10685827","10685949","chr10","10572666","10572789","20","113161"
"chr5","11416249","11416537","chr6","11304983","11305292","41","111266"
"chr5","12834233","12834540","chr13","66383831","66384127","65","53549598"
"chr5","13194692","13194822","chr1","134018877","134019008","28","120824185"
"chr5","13679888","13680041","chr6","13902935","13903089","11","223047"
"chr5","13874793","13875076","chr6","14092773","14093057","19","217980"
"chr5","14269214","14269493","chr3","161908852","161909118","77","147639638"
"chr5","14354561","14354673","chr9","110578320","110578437","22","96223759"
"chr5","14354718","14354871","chr1","54541044","54541191","35","40186326"
"chr5","14557889","14558190","chrX","44459887","44460183","76","29901998"
"chr5","14781863","14781995","chr6","15030976","15031106","15","249113"
"chr5","14805157","14805435","chr6","15061980","15062265","44","256823"
"chr5","14831012","14831221","chr6","15091867","15092075","15","260855"
"chr5","14883376","14883484","chr20","3902305","3902412","28","10981071"
"chr5","14896752","14897041","chr6","15155046","15155333","22","258294"
"chr5","14956765","14957023","chr6","15213775","15214053","35","257010"
"chr5","15115018","15115307","chr6","15371547","15371836","15","256529"
"chr5","16662535","16662835","chr4","139632610","139632917","70","122970075"
"chr5","16789182","16789473","chr6","17131896","17132189","44","342714"
"chr5","17008099","17008127","chr2","109255747","109255784","12","92247648"
"chr5","17008435","17008672","chr6","17354210","17354467","39","345775"
"chr5","17207414","17207547","chr6","17555483","17555616","7","348069"
"chr5","17208232","17208362","chr6","17556281","17556420","12","348049"
"chr5","17319855","17320158","chr6","17674268","17674566","30","354413"
"chr5","17497456","17497749","chr6","17847102","17847364","57","349646"
"chr5","19394778","19395041","chr6","93080680","93080943","15","73685902"
"chr5","19428954","19429247","chr6","93046022","93046302","41","73617068"
"chr5","19987276","19987560","chr6","92502532","92502821","24","72515256"
"chr5","20524772","20524895","chr6","91975652","91975776","7","71450880"
"chr5","20623767","20624067","chrX","21887337","21887630","74","1263570"
"chr5","20897176","20897255","chr6","91602838","91602921","12","70705662"
"chr5","21353629","21353915","chr6","91131114","91131406","22","69777485"
"chr5","21417184","21417488","chr6","91035115","91035393","37","69617931"
"chr5","21711422","21711732","chr6","90754139","90754436","24","69042717"
"chr5","21861563","21861707","chr6","90601180","90601324","4","68739617"
"chr5","21862007","21862190","chr11","119805410","119805578","49","97943403"
"chr5","21942163","21942286","chr3","126167933","126168057","22","104225770"
"chr5","22430105","22430339","chr6","90039645","90039880","15","67609540"
"chr5","24141003","24141210","chr6","88269437","88269645","14","64128434"
"chr5","24142825","24142987","chr6","88267657","88267819","6","64124832"
"chr5","24177707","24178028","chr6","88233284","88233597","23","64055577"
"chr5","25038976","25039226","chr6","87374258","87374529","38","62335282"
"chr5","25091796","25091989","chr11","100386665","100386861","52","75294869"
"chr5","25092304","25092464","chr10","25430844","25430989","45","338540"
"chr5","25095822","25096063","chr6","87318290","87318543","27","62222468"
"chr5","26541026","26541161","chr6","85901908","85902067","32","59360882"
"chr5","26791299","26791578","chr6","85655847","85656100","48","58864548"
"chr5","26801631","26801770","chr6","85647301","85647439","8","58845670"
"chr5","26871566","26871874","chr6","85575291","85575577","46","58703725"
"chr5","26988313","26988607","chr6","85452916","85453208","30","58464603"
"chr5","27056526","27056819","chr6","85385132","85385423","25","58328606"
"chr5","27095138","27095420","chr6","85346454","85346759","45","58251316"
"chr5","27289270","27289557","chr6","85151444","85151731","21","57862174"
"chr5","28136927","28137123","chr6","84271647","84271824","30","56134720"
"chr5","28380610","28380909","chr11","56013402","56013698","70","27632792"
"chr5","29079142","29079443","chr6","83321574","83321900","42","54242432"
"chr5","29822393","29822601","chr9","98933259","98933461","58","69110866"
"chr5","30585382","30585638","chr12","64391623","64391882","75","33806241"
"chr5","31792172","31792426","chr2","43812118","43812380","65","12019946"
"chr5","32509970","32510091","chr6","79891568","79891686","12","47381598"
"chr5","32558722","32559049","chr6","79842973","79843313","39","47284251"
"chr5","32791258","32791548","chr10","80735205","80735495","71","47943947"
"chr5","33257599","33257734","chr6","79150708","79150842","5","45893109"
"chr5","33281197","33281501","chr6","79126756","79127017","58","45845559"
"chr5","33538306","33538620","chr6","78824168","78824482","20","45285862"
"chr5","33563343","33563622","chr6","78799285","78799566","10","45235942"
"chr5","33758781","33759039","chr6","78614029","78614287","22","44855248"
"chr5","33948574","33948851","chr16","56353439","56353719","67","22404865"
"chr5","34139631","34139764","chr6","78224673","78224806","9","44085042"
"chr5","34180114","34180430","chr6","78183430","78183743","31","44003316"
"chr5","34187356","34187497","chr6","78175663","78175804","6","43988307"
"chr5","34229112","34229411","chr6","78132222","78132506","51","43903110"
"chr5","34434605","34434869","chr6","77931196","77931463","11","43496591"
"chr5","34722356","34722658","chr6","77646894","77647192","16","42924538"
"chr5","35001892","35002013","chrX","123988830","123988935","39","88986938"
"chr5","35002312","35002446","chr16","38908340","38908477","21","3906028"
"chr5","35079256","35079527","chr6","77250008","77250282","20","42170752"
"chr5","35098069","35098370","chr6","77232422","77232712","26","42134353"
"chr5","35172314","35172603","chr6","77164422","77164703","26","41992108"
"chr5","35205434","35205588","chr6","77134968","77135117","12","41929534"
"chr5","35313201","35313318","chr16","45486949","45487060","26","10173748"
"chr5","35426638","35426917","chr6","76857811","76858103","34","41431173"
"chr5","35455838","35455987","chr6","76827038","76827187","6","41371200"
"chr5","35639506","35639644","chr6","76646889","76647027","6","41007383"
"chr5","35642110","35642294","chr6","76644265","76644429","33","41002155"
"chr5","35642595","35642733","chr6","76646889","76647027","9","41004294"
"chr5","36221542","36221848","chr2","47892792","47893095","60","11671250"
"chr5","36267283","36267421","chr6","76020150","76020288","17","39752867"
"chr5","36506597","36506743","chr2","76084667","76084807","35","39578070"
"chr5","36533209","36533517","chr6","75981748","75982086","47","39448539"
"chr5","36607739","36607869","chr6","75910971","75911100","10","39303232"
"chr5","36653872","36654064","chr6","75867233","75867428","19","39213361"
"chr5","36739452","36739728","chr6","75780323","75780603","19","39040871"
"chr5","36747640","36747957","chr6","75771926","75772245","43","39024286"
"chr5","37080901","37081163","chr6","75451198","75451463","27","38370297"
"chr5","37130068","37130243","chr2","44330018","44330201","44","7199950"
"chr5","37130538","37130663","chr7","84453526","84453647","31","47322988"
"chr5","37395209","37395356","chr1","26080248","26080388","35","11314961"
"chr5","37395642","37395802","chr11","48199023","48199164","53","10803381"
"chr5","37449419","37449718","chr6","75094613","75094912","15","37645194"
"chr5","38138753","38139048","chr6","74357796","74358082","21","36219043"
"chr5","38859763","38859893","chr6","73644425","73644554","8","34784662"
"chr5","39040464","39040584","chr6","73464034","73464147","24","34423570"
"chr5","39102012","39102244","chr6","73407188","73407424","18","34305176"
"chr5","39254470","39254659","chr6","73323639","73323828","14","34069169"
"chr5","39389885","39389930","chr19","7986808","7986845","15","31403077"
"chr5","39389958","39390102","chr20","11424872","11425014","28","27965086"
"chr5","39454104","39454398","chr4","33709197","33709493","71","5744907"
"chr5","39501211","39501352","chr2","145957424","145957560","27","106456213"
"chr5","39553427","39553592","chr6","73020073","73020237","5","33466646"
"chr5","39566903","39567214","chr6","73012407","73012714","28","33445504"
"chr5","39695279","39695507","chr6","72881612","72881847","22","33186333"
"chr5","40234449","40234733","chr6","72380396","72380680","15","32145947"
"chr5","40337367","40337654","chr6","72277468","72277753","21","31940101"
"chr5","40383968","40384257","chr6","72229983","72230277","31","31846015"
"chr5","40439196","40439494","chr15","27071684","27071985","64","13367512"
"chr5","40489180","40489431","chr1","39823729","39823971","63","665451"
"chr5","40519957","40520095","chr6","72086654","72086800","16","31566697"
"chr5","40591815","40591911","chr3","123722830","123722923","26","83131015"
"chr5","40592489","40592525","chr16","23388324","23388366","11","17204165"
"chr5","40672186","40672486","chr6","71937588","71937898","24","31265402"
"chr5","40840473","40840734","chr1","160434474","160434732","61","119594001"
"chr5","40856783","40856931","chr12","21361386","21361531","33","19495397"
"chr5","41922823","41922955","chr8","26277262","26277394","19","15645561"
"chr5","42234404","42234648","chr6","70318831","70319093","32","28084427"
"chr5","42237338","42237556","chr6","70315004","70315237","24","28077666"
"chr5","42342747","42343029","chr6","70207971","70208267","30","27865224"
"chr5","42380442","42380605","chr6","70162312","70162480","17","27781870"
"chr5","42439355","42439483","chr6","70092252","70092381","6","27652897"
"chr5","42602191","42602495","chr6","69916162","69916477","30","27313971"
"chr5","42604091","42604382","chr6","69914295","69914589","16","27310204"
"chr5","42816689","42816975","chr6","69656309","69656596","16","26839620"
"chr5","42870601","42870904","chr6","69597088","69597389","23","26726487"
"chr5","43149820","43150077","chr6","69278149","69278406","15","26128329"
"chr5","43364647","43364848","chr6","69049368","69049567","15","25684721"
"chr5","43625429","43625727","chr6","68793014","68793316","29","25167585"
"chr5","44287122","44287377","chr6","68171227","68171484","28","23884105"
"chr5","44308560","44308685","chr6","68149755","68149881","6","23841195"
"chr5","44426603","44426876","chr6","68036110","68036384","25","23609507"
"chr5","44485129","44485260","chr6","67969380","67969511","5","23484251"
"chr5","45900423","45900471","chr8","51552528","51552577","9","5652105"
"chr5","45964756","45965006","chr6","67835078","67835309","30","21870322"
"chr5","46035605","46035875","chr7","153687296","153687562","68","107651691"
"chr5","46097548","46097855","chr13","19713162","19713466","64","26384386"
"chr5","46138577","46138703","chr6","67607494","67607620","15","21468917"
"chr5","46138999","46139189","chr6","67607009","67607198","11","21468010"
"chr5","46176671","46176976","chr3","80571747","80572057","65","34395076"
"chr5","46234602","46234865","chr6","67500640","67500903","17","21266038"
"chr5","46387735","46388033","chr18","51769231","51769514","71","5381496"
"chr5","46401078","46401332","chr6","67314793","67315047","15","20913715"
"chr5","46408046","46408287","chr6","67309046","67309288","16","20901000"
"chr5","46429786","46429919","chr8","26277262","26277394","24","20152524"
"chr5","46472953","46473077","chr6","67236412","67236536","3","20763459"
"chr5","46585290","46585579","chr6","67118515","67118816","28","20533225"
"chr5","46599656","46599837","chr7","5199642","5199815","39","41400014"
"chr5","46748700","46749007","chr6","66957299","66957577","66","20208599"
"chr5","46771699","46771983","chr6","66934675","66934944","35","20162976"
"chr5","46957801","46958100","chr6","66759714","66760011","16","19801913"
"chr5","46960684","46960982","chrX","23206377","23206681","74","23754307"
"chr5","48137857","48138146","chr4","17370062","17370355","64","30767795"
"chr5","48197687","48197970","chr6","65553879","65554176","32","17356192"
"chr5","48652029","48652344","chr15","90913601","90913899","75","42261572"
"chr5","49185904","49186035","chr3","2524423","2524550","28","46661481"
"chr5","49254298","49254586","chr6","64505261","64505554","20","15250963"
"chr5","49624714","49624843","chr3","155042796","155042932","31","105418082"
"chr5","49637795","49638076","chr6","64213792","64214076","20","14575997"
"chr5","49782806","49782932","chr1","40048117","40048243","21","9734689"
"chr5","49787498","49787595","chr14","65579625","65579725","22","15792127"
"chr5","49872848","49872997","chr6","63960813","63960978","19","14087965"
"chr5","49873302","49873437","chr6","63960389","63960524","5","14087087"
"chr5","49878197","49878327","chr6","63955105","63955236","9","14076908"
"chr5","49911060","49911334","chr6","63923219","63923504","34","14012159"
"chr5","50000983","50001090","chr6","63831647","63831769","18","13830664"
"chr5","50020032","50020338","chr3","102005797","102006102","59","51985765"
"chr5","50103985","50104296","chr6","63724018","63724338","31","13620033"
"chr5","50124009","50124307","chr6","63698207","63698507","24","13574198"
"chr5","50149747","50150005","chr6","63663149","63663427","33","13513402"
"chr5","50156268","50156538","chr6","63656648","63656928","41","13500380"
"chr5","50493319","50493609","chr1","52711013","52711291","64","2217694"
"chr5","50661773","50662065","chr6","63152042","63152334","18","12490269"
"chr5","50880044","50880270","chr9","89195305","89195545","62","38315261"
"chr5","50897026","50897293","chr6","62920230","62920495","17","12023204"
"chr5","50997736","50997868","chr6","62819622","62819754","8","11821886"
"chr5","51437722","51437985","chr4","130646957","130647224","60","79209235"
"chr5","51697199","51697376","chr9","84897425","84897601","52","33200226"
"chr5","52991507","52991792","chr6","60582617","60582888","38","7591110"
"chr5","53106019","53106095","chr6","60464679","60464744","17","7358660"
"chr5","53192047","53192342","chr6","60373230","60373524","21","7181183"
"chr5","53992598","53992897","chr6","59546798","59547115","36","5554200"
"chr5","54468084","54468215","chr3","41155920","41156055","17","13312164"
"chr5","54506404","54506636","chr1","136824463","136824709","72","82318059"
"chr5","54724235","54724539","chr6","58809529","58809819","28","4085294"
"chr5","54828680","54828995","chr6","50517855","50518141","51","4310825"
"chr5","54892579","54892844","chr14","122764820","122765079","72","67872241"
"chr5","55036794","55036941","chr8","102684461","102684623","44","47647667"
"chr5","55768301","55768581","chr16","19951604","19951875","75","35816697"
"chr5","55775819","55775983","chr10","32663771","32663932","33","23112048"
"chr5","56250309","56250572","chr6","49057988","49058241","26","7192321"
"chr5","56614089","56614378","chr6","48686709","48686993","28","7927380"
"chr5","56866835","56867126","chr6","48422485","48422775","31","8444350"
"chr5","58253667","58253948","chr6","58377030","58377311","25","123363"
"chr5","58340087","58340218","chr3","43450984","43451115","26","14889103"
"chr5","58357805","58357946","chr15","51334692","51334827","25","7023113"
"chr5","58436221","58436287","chr20","2320988","2321054","17","56115233"
"chr5","58468722","58468877","chr12","125353674","125353836","41","66884952"
"chr5","58526425","58526582","chr6","58109405","58109547","25","417020"
"chr5","58532201","58532495","chr4","33709197","33709493","55","24823004"
"chr5","58631576","58631761","chr6","57992037","57992223","19","639539"
"chr5","58632055","58632106","chr6","57991677","57991728","3","640378"
"chr5","58656064","58656367","chr6","57965195","57965498","15","690869"
"chr5","59002966","59003273","chr6","57628672","57628977","25","1374294"
"chr5","59491900","59492151","chr3","47663778","47664030","61","11828122"
"chr5","59604600","59604877","chr6","57003100","57003369","21","2601500"
"chr5","59664897","59665056","chr6","56899791","56899948","23","2765106"
"chr5","59696471","59696770","chr6","56868095","56868390","26","2828376"
"chr5","59732433","59732593","chr6","56831713","56831875","12","2900720"
"chr5","59738529","59738670","chr6","56825971","56826112","4","2912558"
"chr5","59899565","59899857","chr6","56676239","56676521","29","3223326"
"chr5","59901405","59901573","chr6","56674466","56674633","27","3226939"
"chr5","59901880","59902030","chr6","56674020","56674170","15","3227860"
"chr5","59908658","59908775","chr14","69053964","69054081","29","9145306"
"chr5","59967690","59967996","chr9","83719396","83719704","52","23751706"
"chr5","59999702","59999995","chr1","37211345","37211648","70","22788357"
"chr5","60068087","60068324","chr7","166180466","166180694","56","106112379"
"chr5","60086326","60086594","chr11","63587150","63587429","67","3500824"
"chr5","60096034","60096193","chr4","17821051","17821205","29","42274983"
"chr5","60341969","60342258","chr6","56222932","56223230","35","4119037"
"chr5","60412850","60413066","chr6","56148970","56149168","38","4263880"
"chr5","60441995","60442261","chr14","122764820","122765079","65","62322825"
"chr5","60675739","60676023","chr6","55896659","55896946","26","4779080"
"chr5","60755605","60755741","chr6","55814451","55814599","17","4941154"
"chr5","60821206","60821497","chr6","55749586","55749876","31","5071620"
"chr5","61035741","61035995","chr6","55529655","55529914","19","5506086"
"chr5","61041898","61042196","chr1","125822424","125822719","64","64780526"
"chr5","62526938","62527149","chr6","54019706","54019910","24","8507232"
"chr5","62873430","62873742","chr6","53678466","53678777","35","9194964"
"chr5","63726060","63726354","chr6","52697520","52697818","26","11028540"
"chr5","63895547","63895844","chr6","52528378","52528690","37","11367169"
"chr5","64837688","64837984","chr11","103833436","103833731","72","38995748"
"chr5","64893168","64893434","chr6","51503382","51503633","32","13389786"
"chr5","65054124","65054230","chr6","51332623","51332723","9","13721501"
"chr5","69613529","69613809","chr6","46873537","46873815","22","22739992"
"chr5","69640592","69640808","chr10","73276559","73276748","69","3635967"
"chr5","70753582","70753868","chr6","45640476","45640764","21","25113106"
"chr5","70941866","70942118","chr6","45433078","45433329","16","25508788"
"chr5","71694756","71695054","chr19","29555257","29555562","70","42139499"
"chr5","71941280","71941562","chr6","44253214","44253498","22","27688066"
"chr5","72015461","72015499","chr6","44182442","44182480","1","27833019"
"chr5","72015803","72015908","chr6","44182026","44182135","18","27833777"
"chr5","72375696","72375971","chr6","43751200","43751450","41","28624496"
"chr5","72437902","72438164","chr12","64391623","64391882","83","8046279"
"chr5","72463371","72463648","chr6","43676198","43676475","14","28787173"
"chr5","73850263","73850369","chr6","42170403","42170509","7","31679860"
"chr5","74163546","74163615","chr11","56638511","56638583","13","17525035"
"chr5","74624822","74625116","chr12","12493655","12493955","71","62131167"
"chr5","74726872","74727098","chr6","41263149","41263377","22","33463723"
"chr5","75212068","75212368","chr6","40741180","40741469","35","34470888"
"chr5","75669656","75669951","chr1","44272464","44272753","65","31397192"
"chr5","76359775","76360046","chr6","39546409","39546678","24","36813366"
"chr5","76443361","76443621","chr6","39471388","39471657","21","36971973"
"chr5","77662457","77662745","chr6","38278853","38279129","29","39383604"
"chr5","77685147","77685452","chr6","38248734","38249034","28","39436413"
"chr5","77819613","77819893","chr3","181346212","181346492","69","103526599"
"chr5","78246751","78247034","chrX","131354873","131355149","73","53108122"
"chr5","78249290","78249402","chr6","37920625","37920739","8","40328665"
"chr5","78255354","78255484","chr3","116815127","116815261","29","38559773"
"chr5","78307149","78307283","chr4","133093255","133093385","41","54786106"
"chr5","78357214","78357398","chr6","37697378","37697562","9","40659836"
"chr5","78494754","78495043","chr6","37549694","37549977","26","40945060"
"chr5","78554181","78554316","chr9","115900218","115900349","22","37346037"
"chr5","78607740","78607884","chr6","37427605","37427773","37","41180135"
"chr5","78608187","78608320","chr6","37427171","37427304","4","41181016"
"chr5","78678864","78679160","chr6","37356228","37356519","28","41322636"
"chr5","78786202","78786496","chr13","66383831","66384127","58","12402371"
"chr5","78853327","78853611","chr3","126422448","126422740","65","47569121"
"chr5","78855472","78855764","chr6","37166241","37166530","22","41689231"
"chr5","78884695","78884826","chr6","37131129","37131261","3","41753566"
"chr5","79029394","79029654","chr3","158849820","158850084","60","79820426"
"chr5","79157609","79157889","chrX","21887337","21887630","74","57270272"
"chr5","79498307","79498590","chr1","39871622","39871902","66","39626685"
"chr5","80063185","80063290","chr6","35926434","35926539","7","44136751"
"chr5","80304359","80304523","chr6","35692142","35692313","27","44612217"
"chr5","80940443","80940729","chr6","35058676","35058957","20","45881767"
"chr5","80967674","80967966","chr2","188081351","188081644","64","107113677"
"chr5","81056024","81056319","chr6","34943561","34943860","18","46112463"
"chr5","82226768","82226952","chr11","95239711","95239899","47","13012943"
"chr5","83204984","83205287","chrX","59952726","59953031","67","23252258"
"chr5","83588296","83588492","chr6","32786410","32786602","14","50801886"
"chr5","83588789","83588915","chr6","32785988","32786114","13","50802801"
"chr5","83766659","83766845","chr6","32604745","32604937","24","51161914"
"chr5","83767128","83767258","chr6","32604285","32604419","11","51162843"
"chr5","83801325","83801480","chr6","32568755","32568910","16","51232570"
"chr5","83967446","83967578","chr6","32398588","32398728","15","51568858"
"chr5","83967888","83968090","chr6","32398083","32398282","20","51569805"
"chr5","84216010","84216174","chr7","70748771","70748944","43","13467239"
"chr5","84216472","84216617","chr14","122887172","122887311","23","38670700"
"chr5","84620368","84620680","chr6","31722229","31722539","34","52898139"
"chr5","84905065","84905384","chr5","78439420","78439739","93","6465645"
"chr5","88788748","88789046","chr4","37141597","37141893","69","51647151"
"chr5","89071400","89071693","chr14","107819528","107819818","71","18748128"
"chr5","89404516","89404676","chr4","17821051","17821205","40","71583465"
"chr5","89532715","89532909","chr7","74779063","74779238","65","14753652"
"chr5","89643233","89643530","chr6","26810335","26810633","26","62832898"
"chr5","90590261","90590332","chr9","92939592","92939655","22","2349331"
"chr5","90590333","90590504","chr15","88240242","88240394","47","2350091"
"chr5","90685481","90685686","chr6","25736715","25736920","14","64948766"
"chr5","91378525","91378824","chrX","30822633","30822934","81","60555892"
"chr5","91505149","91505287","chr4","171045765","171045912","30","79540616"
"chr5","91505586","91505733","chr6","115446231","115446380","35","23940645"
"chr5","91578249","91578470","chr6","24777051","24777274","16","66801198"
"chr5","91767952","91768102","chr1","137823091","137823234","42","46055139"
"chr5","93072869","93073163","chr2","107866496","107866787","64","14793627"
"chr5","93291855","93292155","chr6","23097094","23097410","35","70194761"
"chr5","93972490","93972775","chr6","22452180","22452465","21","71520310"
"chr5","94967274","94967542","chr6","21500435","21500698","32","73466839"
"chr5","99632613","99632889","chr6","95700459","95700729","17","3932154"
"chr5","99712994","99713277","chr6","95789611","95789882","25","3923383"
"chr5","99834100","99834403","chr6","95911666","95911933","48","3922434"
"chr5","100239680","100239963","chr6","96403976","96404259","30","3835704"
"chr5","101305183","101305434","chr6","96510555","96510813","42","4794628"
"chr5","103055480","103055692","chr1","77172383","77172596","48","25883097"
"chr5","103079492","103079751","chr6","99291508","99291783","34","3787984"
"chr5","103424991","103425277","chr20","59777365","59777656","60","43647626"
"chr5","103874910","103875118","chr6","100098836","100099056","21","3776074"
"chr5","103885416","103885547","chr9","63290705","63290836","23","40594711"
"chr5","104191128","104191403","chr6","100457504","100457798","31","3733624"
"chr5","104339601","104339717","chr6","100606362","100606477","9","3733239"
"chr5","104794574","104794711","chr15","32389648","32389764","44","72404926"
"chr5","105904890","105905177","chr6","102195026","102195313","21","3709864"
"chr5","106713119","106713252","chr20","27187059","27187190","22","79526060"
"chr5","107098579","107098873","chr6","103342384","103342678","28","3756195"
"chr5","107318116","107318333","chr6","103578531","103578736","29","3739585"
"chr5","107474279","107474535","chr7","19963220","19963486","69","87511059"
"chr5","108583119","108583347","chr6","104829031","104829264","23","3754088"
"chr5","108797979","108798290","chr6","105043818","105044136","39","3754161"
"chr5","108805945","108806229","chr20","11774510","11774795","67","97031435"
"chr5","108902167","108902456","chr6","105168412","105168687","34","3733755"
"chr5","109026249","109026535","chr6","105300161","105300449","12","3726088"
"chr5","109334221","109334509","chr6","105607740","105608033","18","3726481"
"chr5","109579326","109579601","chr14","69954872","69955147","71","39624454"
"chr5","109994492","109994832","chr6","106351869","106352211","29","3642623"
"chr5","110686424","110686711","chr6","107019839","107020127","19","3666585"
"chr5","110817390","110817690","chr6","107152883","107153170","31","3664507"
"chr5","111836085","111836397","chr11","3592599","3592898","90","108243486"
"chr5","112213532","112213828","chr9","63277055","63277347","60","48936477"
"chr5","112235284","112235553","chr6","108536091","108536391","60","3699193"
"chr5","112299128","112299264","chr6","108589272","108589407","7","3709856"
"chr5","112712544","112712796","chr6","108969404","108969655","17","3743140"
"chr5","112845868","112846091","chr16","75148893","75149109","56","37696975"
"chr5","113069594","113069728","chrX","126628179","126628313","25","13558585"
"chr5","113380532","113380827","chr6","109618144","109618436","30","3762388"
"chr5","113790775","113791085","chr2","47892792","47893095","62","65897983"
"chr5","113992068","113992344","chr6","110256269","110256546","13","3735799"
"chr5","114127054","114127335","chrX","40310477","40310741","76","73816577"
"chr5","114140218","114140499","chr6","110401886","110402167","23","3738332"
"chr5","114410650","114410797","chr6","110667346","110667488","23","3743304"
"chr5","114544553","114544836","chr6","125052342","125052640","64","10507789"
"chr5","114564121","114564405","chr6","110829918","110830194","23","3734203"
"chr5","114678500","114678785","chr6","110950645","110950920","32","3727855"
"chr5","114748329","114748622","chr6","111020515","111020804","25","3727814"
"chr5","115209910","115210224","chr8","122237205","122237516","81","7027295"
"chr5","115277146","115277432","chr6","111535819","111536104","17","3741327"
"chr5","116314671","116314970","chr6","112598444","112598743","19","3716227"
"chr5","116380712","116380975","chr7","28875377","28875636","64","87505335"
"chr5","117169235","117169362","chr19","11217073","11217199","17","105952162"
"chr5","118132601","118132887","chr6","114648730","114649017","25","3483871"
"chr5","118398179","118398435","chr6","114914460","114914708","24","3483719"
"chr5","118886092","118886241","chr6","115446231","115446380","8","3439861"
"chr5","119196301","119196614","chr6","115751573","115751872","38","3444728"
"chr5","119788386","119788559","chr6","116329948","116330121","7","3458438"
"chr5","120179868","120180183","chr6","116793716","116794031","25","3386152"
"chr5","120186549","120186812","chr6","116800458","116800722","12","3386091"
"chr5","120206660","120206964","chr10","27157967","27158263","58","93048693"
"chr5","120265951","120266083","chr3","35172547","35172677","18","85093404"
"chr5","120426043","120426331","chr6","117023385","117023673","37","3402658"
"chr5","120526451","120526729","chr6","117123251","117123529","13","3403200"
"chr5","120630465","120630711","chr6","117205796","117206055","29","3424669"
"chr5","120800505","120800694","chr6","117373066","117373256","17","3427439"
"chr5","121901515","121901650","chr1","100917561","100917687","28","20983954"
"chr5","121901687","121901818","chr1","138367447","138367579","36","16465760"
"chr5","122006725","122006883","chr6","118580162","118580307","22","3426563"
"chr5","124613246","124613564","chr6","120865862","120866180","27","3747384"
"chr5","124718194","124718482","chr11","115823659","115823946","60","8894535"
"chr5","125318405","125318648","chr6","121574396","121574657","31","3744009"
"chr5","125686590","125686896","chr9","95808430","95808738","62","29878160"
"chr5","125739665","125739947","chr6","121998936","121999221","19","3740729"
"chr5","125926064","125926352","chr2","62121493","62121782","63","63804571"
"chr5","125975126","125975406","chr19","30787704","30787987","68","95187422"
"chr5","126022609","126022907","chr6","122283978","122284275","22","3738631"
"chr5","126119822","126119949","chr3","177495206","177495333","26","51375384"
"chr5","126270981","126271289","chr6","122523944","122524247","26","3747037"
"chr5","126856475","126856760","chr6","123169444","123169735","27","3687031"
"chr5","127822613","127822691","chr4","94597516","94597586","28","33225097"
"chr5","127822999","127823067","chr1","201849461","201849518","16","74026462"
"chr5","128561308","128561622","chr3","80571747","80572057","71","47989561"
"chr5","128587986","128588274","chr6","125052342","125052640","18","3535644"
"chr5","128754635","128754914","chr1","117279999","117280281","70","11474636"
"chr5","129331685","129331977","chr7","40669670","40669952","80","88662015"
"chr5","129540053","129540354","chr1","156130042","156130337","67","26589989"
"chr5","129901747","129902025","chr6","126383240","126383526","23","3518507"
"chr5","130106791","130106939","chr6","126594794","126594942","6","3511997"
"chr5","130112823","130113098","chr6","126598177","126598429","70","3514646"
"chr5","132274212","132274486","chr6","35058676","35058957","70","97215536"
"chr5","132793657","132793965","chr7","154128220","154128522","61","21334563"
"chr5","132843712","132844008","chr15","85799124","85799424","66","47044588"
"chr5","132879884","132880157","chr6","128990856","128991160","45","3889028"
"chr5","132909140","132909445","chr2","101477912","101478216","65","31431228"
"chr5","132990738","132990842","chr6","129089192","129089303","11","3901546"
"chr5","133133982","133134278","chr6","129240058","129240365","28","3893924"
"chr5","133273521","133273645","chrX","8420728","8420853","28","124852793"
"chr5","133273660","133273736","chr6","129382895","129382969","13","3890765"
"chr5","133299820","133300121","chr10","51734434","51734728","64","81565386"
"chr5","133354342","133354576","chr6","129467295","129467530","11","3887047"
"chr5","133415815","133416129","chr6","129530166","129530465","31","3885649"
"chr5","133422944","133423234","chr6","78799285","78799566","63","54623659"
"chr5","133501816","133501980","chr6","129616063","129616232","14","3885753"
"chr5","133701050","133701325","chr6","129808251","129808527","20","3892799"
"chr5","134228547","134228785","chr6","130335027","130335265","26","3893520"
"chr5","134267250","134267544","chr6","77646894","77647192","60","56620356"
"chr5","134519096","134519230","chr6","63960389","63960524","22","70558707"
"chr5","134519564","134519641","chr2","81844034","81844107","21","52675530"
"chr5","134576965","134577099","chr3","39029592","39029725","30","95547373"
"chr5","135535368","135535626","chr6","131671403","131671654","21","3863965"
"chr5","135756392","135756526","chr6","131890554","131890688","8","3865838"
"chr5","135768665","135768716","chr7","163079794","163079843","8","27311129"
"chr5","135844668","135844794","chr2","104708095","104708220","18","31136573"
"chr5","135972767","135972946","chr11","55343248","55343442","48","80629519"
"chr5","135973231","135973245","chr19","39900017","39900028","5","96073214"
"chr5","135973597","135973712","chr2","94435437","94435547","32","41538160"
"chr5","136001315","136001606","chr6","132153533","132153845","35","3847782"
"chr5","136103940","136104076","chr6","132265695","132265829","12","3838245"
"chr5","136323349","136323614","chr6","132499417","132499689","28","3823932"
"chr5","136324562","136324836","chr9","91157239","91157526","72","45167323"
"chr5","136360030","136360250","chrX","147330978","147331199","49","10970948"
"chr5","136367213","136367472","chr1","113166172","113166427","68","23201041"
"chr5","137055977","137056130","chr4","168599260","168599420","32","31543283"
"chr5","137488263","137488561","chr6","133670438","133670705","57","3817825"
"chr5","138666405","138666493","chr6","134853580","134853668","16","3812825"
"chr5","138807390","138807667","chr6","134995702","134995988","26","3811688"
"chr5","138931347","138931647","chr6","135120785","135121091","24","3810562"
"chr5","139339068","139339357","chr6","135516827","135517130","28","3822241"
"chr5","139368491","139368806","chr11","15053352","15053669","66","124315139"
"chr5","139433629","139433912","chr6","135621449","135621751","40","3812180"
"chr5","139643212","139643472","chr6","135839718","135839979","18","3803494"
"chr5","139790915","139791206","chr6","136000001","136000250","53","3790914"
"chr5","139820651","139820926","chr6","136032767","136033037","20","3787884"
"chr5","140007461","140007739","chr6","136226004","136226282","18","3781457"
"chr5","140018912","140019045","chr7","69159470","69159604","24","70859442"
"chr5","140019259","140019400","chr6","136239216","136239377","30","3780043"
"chr5","140058044","140058326","chr6","136279189","136279470","12","3778855"
"chr5","140061437","140061804","chr7","46745420","46745763","119","93316017"
"chr5","140117444","140117726","chr6","136339792","136340023","73","3777652"
"chr5","140203964","140204278","chr6","136425521","136425816","29","3778443"
"chr5","140235710","140235998","chr6","136455476","136455771","21","3780234"
"chr5","140383540","140383828","chr6","136604120","136604394","36","3779420"
"chr5","140500714","140501004","chr6","136721681","136721974","26","3779033"
"chr5","140503146","140503442","chr6","136724135","136724449","35","3779011"
"chr5","140552560","140552862","chr6","136767665","136767966","24","3784895"
"chr5","140557011","140557143","chr19","19541216","19541349","25","121015795"
"chr5","140754503","140754795","chr6","136987392","136987685","13","3767111"
"chr5","141218355","141218486","chr18","38728135","38728269","24","102490220"
"chr5","141271449","141271741","chr6","137560254","137560541","21","3711195"
"chr5","141550039","141550377","chr2","162958029","162958350","72","21407990"
"chr5","141583919","141584099","chr6","137877433","137877630","37","3706486"
"chr5","141584401","141584524","chr6","137877940","137878061","14","3706461"
"chr5","141704908","141705043","chr6","138000433","138000570","10","3704475"
"chr5","141879778","141879908","chr5","86801613","86801742","23","55078165"
"chr5","141892164","141892455","chr6","138193258","138193541","26","3698906"
"chr5","141893464","141893666","chr7","70748771","70748944","61","71144693"
"chr5","141915154","141915442","chr6","138217833","138218125","40","3697321"
"chr5","141930262","141930465","chr17","18365318","18365517","43","123564944"
"chr5","141988767","141989015","chr6","138287652","138287903","27","3701115"
"chr5","142034718","142034901","chr6","138330901","138331084","14","3703817"
"chr5","142240912","142241121","chr6","138533293","138533504","7","3707619"
"chr5","142241406","142241501","chr6","138533795","138533890","10","3707611"
"chr5","142400670","142400843","chr6","138688562","138688737","29","3712108"
"chr5","142732387","142732453","chr6","139014538","139014608","8","3717849"
"chr5","143022397","143022675","chr12","64691999","64692270","72","78330398"
"chr5","143100608","143100866","chr19","51618976","51619230","60","91481632"
"chr5","143553867","143554181","chr6","139873683","139873990","38","3680184"
"chr5","143559727","143560036","chr3","14464202","14464494","84","129095525"
"chr5","143886303","143886536","chr16","75148893","75149109","62","68737410"
"chr5","144493244","144493542","chr6","140827646","140827918","42","3665598"
"chr5","144582222","144582500","chr3","47986181","47986463","52","96596041"
"chr5","145373076","145373355","chr6","141712670","141712954","26","3660406"
"chr5","146402640","146402933","chr6","142844335","142844619","39","3558305"
"chr5","147065295","147065575","chr6","143610568","143610877","46","3454727"
"chr5","147335616","147335754","chr6","143905029","143905172","16","3430587"
"chr5","147555138","147555408","chr6","144125862","144126158","45","3429276"
"chr5","147624125","147624322","chr6","144197543","144197739","20","3426582"
"chr5","147639195","147639495","chr6","144211387","144211689","20","3427808"
"chr5","147972995","147973289","chr6","144565865","144566150","34","3407130"
"chr5","148358696","148358846","chr1","138722739","138722873","39","9635957"
"chr5","148467698","148467955","chr6","145078929","145079188","22","3388769"
"chr5","149043196","149043495","chr6","145631459","145631774","39","3411737"
"chr5","150503488","150503585","chr6","147184396","147184492","8","3319092"
"chr5","150793703","150794004","chr2","57095994","57096309","72","93697709"
"chr5","151025004","151025330","chr1","50293634","50293935","98","100731370"
"chr5","151361095","151361224","chr6","148058470","148058600","7","3302625"
"chr5","151526774","151527064","chr6","77931196","77931463","70","73595578"
"chr5","151787986","151788082","chr6","148492755","148492853","6","3295231"
"chr5","151852974","151853285","chr6","148553042","148553328","47","3299932"
"chr5","152126064","152126296","chr8","31572562","31572814","75","120553502"
"chr5","152133696","152133983","chr6","148858121","148858407","11","3275575"
"chr5","152281085","152281292","chr6","148990176","148990383","8","3290909"
"chr5","152384123","152384409","chr11","25990609","25990893","58","126393514"
"chr5","152434027","152434155","chr10","38247567","38247693","21","114186460"
"chr5","153119650","153119783","chr6","149813333","149813465","10","3306317"
"chr5","153168400","153168488","chr6","149863487","149863575","6","3304913"
"chr5","153194621","153194913","chr6","149888252","149888539","17","3306369"
"chr5","153931977","153932204","chr7","19476011","19476238","54","134455966"
"chr5","155014635","155014766","chr6","151656706","151656837","10","3357929"
"chr5","155537231","155537528","chr6","152236074","152236364","33","3301157"
"chr5","155813903","155814012","chr3","69089662","69089784","39","86724241"
"chr5","155993378","155993588","chr12","57293876","57294073","60","98699502"
"chr5","155993884","155994002","chr15","30898340","30898459","23","125095544"
"chr5","156084238","156084521","chr6","152784241","152784542","31","3299997"
"chr5","157017081","157017375","chr6","153737812","153738107","22","3279269"
"chr5","157559313","157559474","chr6","154337271","154337429","12","3222042"
"chr5","157680685","157680815","chr11","92613152","92613283","31","65067533"
"chr5","158309425","158309488","chr16","9410520","9410584","15","148898905"
"chr5","158319474","158319627","chr12","87866506","87866652","34","70452968"
"chr5","158395175","158395303","chr11","132289155","132289287","19","26106020"
"chr5","158409044","158409175","chr6","155177191","155177323","7","3231853"
"chr5","159159422","159159554","chr15","41512684","41512816","19","117646738"
"chr5","159424204","159424505","chr6","155563333","155563628","23","3860871"
"chr5","159739483","159739607","chr6","155902023","155902147","8","3837460"
"chr5","159943429","159943723","chr6","156083139","156083404","46","3860290"
"chr5","160130234","160130545","chr6","156268044","156268350","21","3862190"
"chr5","161347601","161347910","chr6","157514162","157514489","47","3833439"
"chr5","161995653","161995860","chr3","127644639","127644850","48","34351014"
"chr5","162000610","162000739","chr6","158189416","158189543","12","3811194"
"chr5","162003581","162003882","chr1","102132517","102132811","63","59871064"
"chr5","162006120","162006366","chr15","10550865","10551096","73","151455255"
"chr5","162437531","162437824","chr6","158548580","158548866","29","3888951"
"chr5","162515198","162515514","chr6","158627289","158627583","47","3887909"
"chr5","163035926","163036188","chr6","159173997","159174259","16","3861929"
"chr5","163293576","163293763","chr6","159429349","159429530","16","3864227"
"chr5","163446153","163446247","chr6","159573054","159573151","12","3873099"
"chr5","163688433","163688720","chr6","159814906","159815165","53","3873527"
"chr5","163775281","163775550","chr6","159904777","159905061","42","3870504"
"chr5","164282869","164283171","chr6","160466908","160467173","63","3815961"
"chr5","165624287","165624591","chr6","161538828","161539132","23","4085459"
"chr5","165666015","165666304","chr6","161582946","161583231","29","4083069"
"chr5","165742064","165742369","chr12","77846290","77846583","78","87895774"
"chr5","167480751","167481046","chr2","95788540","95788841","72","71692211"
"chr5","167855468","167855612","chr6","76646889","76647027","33","91208579"
"chr5","168684979","168685248","chr6","164779211","164779484","23","3905768"
"chr5","170521912","170522214","chr6","166625851","166626153","19","3896061"
"chr5","170570276","170570393","chr6","166674528","166674649","13","3895748"
"chr5","170581938","170582254","chr11","49184547","49184846","73","121397391"
"chr5","170639817","170640112","chr6","166754824","166755124","29","3884993"
"chr5","170651293","170651368","chr6","166766798","166766876","8","3884495"
"chr5","170651668","170651744","chr6","166767191","166767266","7","3884477"
"chr5","170767360","170767657","chr6","166894551","166894858","35","3872809"
"chr5","170837778","170837910","chr13","74782008","74782141","21","96055770"
"chr5","171025545","171025834","chr6","167164477","167164765","38","3861068"
"chr5","171855277","171855553","chr6","168003061","168003336","11","3852216"
"chr5","171894696","171894996","chr6","168042255","168042569","28","3852441"
"chr5","171930783","171930963","chr6","168078774","168078960","35","3852009"
"chr5","173009144","173009228","chr19","7986428","7986519","27","165022716"
"chr5","173494823","173495023","chr3","16095355","16095520","81","157399468"
"chr5","173501864","173502138","chr2","62121493","62121782","75","111380371"
"chr5","173595890","173596159","chr6","169745668","169745955","38","3850222"
"chr5","174107149","174107451","chr6","170083461","170083759","24","4023688"
"chr5","174216920","174217233","chr6","170188231","170188545","19","4028689"
"chr5","174310573","174310867","chr6","170283449","170283748","25","4027124"
"chr5","174441868","174442119","chr5","92518963","92519186","68","81922905"
"chr5","174766172","174766459","chr6","170778445","170778732","21","3987727"
"chr5","175240511","175240785","chr6","171266846","171267141","39","3973665"
"chr5","175248673","175248961","chr6","171275310","171275590","33","3973363"
"chr5","175256211","175256515","chr9","94961059","94961353","73","80295152"
"chr5","175509750","175509896","chr4","43856748","43856892","29","131653002"
"chr5","175537188","175537294","chr7","84567413","84567520","38","90969775"
"chr5","175558118","175558391","chr6","171590205","171590450","45","3967913"
"chr5","176281667","176281804","chr6","172318026","172318164","7","3963641"
"chr5","176828529","176828814","chr6","172886411","172886687","35","3942118"
"chr5","177160623","177160893","chr2","153692636","153692913","63","23467987"
"chr5","177308042","177308308","chr6","173421198","173421453","25","3886844"
"chr5","177889919","177890225","chr8","100336437","100336735","82","77553482"
"chr5","178044299","178044549","chr9","22846568","22846799","66","155197731"
"chr5","178785421","178785554","chr6","174873281","174873414","7","3912140"
"chr5","178833910","178834213","chr6","174930974","174931276","28","3902936"
"chr5","178934321","178934337","chr6","175033159","175033175","0","3901162"
"chr5","178934649","178934782","chr6","175033487","175033623","10","3901162"
"chr5","179130055","179130356","chr6","175269017","175269297","42","3861038"
"chr5","179294380","179294485","chr16","38241987","38242094","26","141052393"
"chr5","179294511","179294657","chr1","61681709","61681856","32","117612802"
"chr5","179323036","179323351","chr6","175568598","175568898","33","3754438"
"chr5","179358069","179358351","chr6","175603228","175603508","21","3754841"
"chr5","179386898","179387180","chr19","39189255","39189538","67","140197643"
"chr5","179529208","179529282","chr12","123894321","123894392","16","55634887"
"chr5","179548574","179548756","chr13","20877631","20877788","68","158670943"
"chr5","179549062","179549199","chr9","117923163","117923294","31","61625899"
"chr5","179614450","179614623","chr6","175888399","175888576","22","3726051"
"chr5","179897971","179898258","chr6","176192308","176192592","17","3705663"
"chr5","180487972","180488106","chr11","98398817","98398954","19","82089155"
"chr5","180655750","180656027","chr14","32765425","32765699","74","147890325"
"chr5","180831128","180831322","chr6","138533293","138533504","52","42297835"
"chr5","181311450","181311586","chr6","177465066","177465198","11","3846384"
"chr5","182014153","182014377","chr1","40003514","40003738","53","142010639"
"chr5","182277168","182277399","chr4","68907386","68907619","67","113369782"
"chr5","182416588","182416899","chr4","167856855","167857161","79","14559733"
"chr5","183367590","183367766","chr6","179578845","179579018","15","3788745"
"chr5","183368062","183368201","chr6","179579319","179579458","6","3788743"
"chr5","183380862","183381165","chr6","179592705","179593013","18","3788157"
"chr5","183550269","183550570","chr6","179791877","179792184","38","3758392"
"chr5","183672117","183672247","chr1","5954140","5954271","25","177717977"
"chr6","33947567","33947669","chr20","28285955","28286032","38","5661612"
"chr6","119144421","119144555","chr4","150673599","150673733","10","31529178"
"chr6","471120","471229","chr4","378587","378686","18","92533"
"chr6","1243011","1243307","chr2","149386672","149386970","56","148143661"
"chr6","1746688","1746987","chr6","148083680","148083980","69","146336992"
"chr6","1760521","1760813","chr4","1722628","1722905","31","37893"
"chr6","1870376","1870498","chr3","43306029","43306157","25","41435653"
"chr6","2153820","2154126","chr2","46391400","46391696","91","44237580"
"chr6","2684692","2684985","chr4","2690787","2691081","19","6095"
"chr6","2948549","2948829","chr4","2943428","2943701","21","5121"
"chr6","3287770","3288008","chr4","3163112","3163335","47","124658"
"chr6","3541024","3541307","chr4","3423934","3424217","15","117090"
"chr6","3576034","3576246","chr4","61440914","61441108","54","57864880"
"chr6","3580229","3580339","chr2","150800514","150800622","23","147220285"
"chr6","3580637","3580663","chr1","85493849","85493872","14","81913212"
"chr6","3735449","3735738","chr4","3616321","3616619","22","119128"
"chr6","4024607","4024889","chr13","26176813","26177086","66","22152206"
"chr6","4037768","4037944","chr4","3978976","3979146","20","58792"
"chr6","4077144","4077454","chr4","4018107","4018420","44","59037"
"chr6","4500125","4500278","chr4","4447903","4448059","12","52222"
"chr6","5282899","5283062","chr5","134987256","134987421","40","129704357"
"chr6","5283093","5283206","chr2","162926350","162926466","37","157643257"
"chr6","6720730","6721011","chr4","6742707","6742996","35","21977"
"chr6","7380643","7380759","chr3","46749303","46749421","20","39368660"
"chr6","7412485","7412758","chr4","7380098","7380344","40","32387"
"chr6","7424399","7424693","chr4","7391022","7391335","35","33377"
"chr6","7481671","7481946","chr4","38624113","38624372","69","31142442"
"chr6","7733993","7734144","chr3","8030719","8030866","44","296726"
"chr6","7945876","7946138","chr4","7913466","7913738","25","32410"
"chr6","8072418","8072553","chr4","8035484","8035622","15","36934"
"chr6","8349140","8349446","chr4","8327307","8327615","27","21833"
"chr6","8434749","8435038","chr4","8410718","8410988","29","24031"
"chr6","9604702","9604782","chr19","36211911","36211991","15","26607209"
"chr6","10359640","10359884","chr4","10386661","10386905","8","27021"
"chr6","10466195","10466323","chr4","10498017","10498147","10","31822"
"chr6","10571608","10571891","chr4","10606463","10606743","30","34855"
"chr6","10599342","10599477","chr13","65753308","65753426","48","55153966"
"chr6","10644322","10644446","chr11","122324056","122324186","27","111679734"
"chr6","11769376","11769655","chrX","143820110","143820394","68","132050734"
"chr6","12152635","12152950","chr19","49327875","49328182","87","37175240"
"chr6","12580793","12580923","chr4","18219842","18219973","23","5639049"
"chr6","12813421","12813709","chr4","12838801","12839096","24","25380"
"chr6","13496218","13496510","chr4","13508121","13508419","28","11903"
"chr6","13901040","13901218","chr4","13964790","13964967","29","63750"
"chr6","15335915","15336052","chr4","15402208","15402345","11","66293"
"chr6","15336361","15336525","chr4","15402689","15402870","29","66328"
"chr6","15372817","15372953","chr13","74782008","74782141","21","59409191"
"chr6","15385765","15385887","chr1","143544088","143544209","24","128158323"
"chr6","15546052","15546297","chr4","15614174","15614410","22","68122"
"chr6","15580458","15580777","chr4","15649049","15649365","35","68591"
"chr6","15876415","15876700","chr4","15955628","15955911","24","79213"
"chr6","15972431","15972724","chr4","16050125","16050417","16","77694"
"chr6","16417242","16417366","chrX","3158816","3158944","22","13258426"
"chr6","16462202","16462424","chr4","88671990","88672207","49","72209788"
"chr6","16462427","16462577","chr9","63263769","63263928","37","46801342"
"chr6","16785902","16786018","chr4","16904269","16904373","12","118367"
"chr6","16786332","16786426","chr5","38362155","38362244","31","21575823"
"chr6","17002707","17003018","chrX","59952726","59953031","63","42950019"
"chr6","17231012","17231196","chr2","44330018","44330201","44","27099006"
"chr6","17257784","17257917","chr4","17372487","17372619","18","114703"
"chr6","17348130","17348325","chr11","55343248","55343442","49","37995118"
"chr6","17348625","17348747","chr7","84453526","84453647","24","67104901"
"chr6","17549753","17550049","chr4","17720360","17720657","25","170607"
"chr6","17599383","17599675","chr15","26711810","26712122","63","9112427"
"chr6","17799677","17799990","chr4","17999238","17999521","52","199561"
"chr6","17904285","17904444","chr4","18104902","18105068","27","200617"
"chr6","17977537","17977661","chr4","18169091","18169215","8","191554"
"chr6","18078464","18078762","chr2","47892792","47893095","67","29814328"
"chr6","18085488","18085736","chr4","18280756","18281016","49","195268"
"chr6","18162577","18162811","chr4","18361773","18362013","19","199196"
"chr6","18239779","18240066","chr4","18435228","18435523","27","195449"
"chr6","18329240","18329374","chr13","74782008","74782141","29","56452768"
"chr6","18354510","18354707","chr17","6874014","6874204","45","11480496"
"chr6","18408315","18408445","chr3","157204243","157204376","21","138795928"
"chr6","18534130","18534430","chr4","18737120","18737417","19","202990"
"chr6","18884939","18885176","chr4","19102866","19103110","38","217927"
"chr6","19779764","19780033","chr16","53896268","53896533","61","34116504"
"chr6","19955568","19955699","chr4","20155800","20155917","24","200232"
"chr6","20331656","20331941","chr4","20536236","20536523","26","204580"
"chr6","20400813","20401119","chr4","20606862","20607168","25","206049"
"chr6","20460543","20460672","chrX","144541916","144542049","22","124081373"
"chr6","20460976","20461165","chr7","17040486","17040678","43","3420490"
"chr6","20680688","20681000","chr4","20875879","20876188","24","195191"
"chr6","20707699","20707813","chr15","7233621","7233746","25","13474078"
"chr6","20734057","20734186","chr4","20931887","20932016","6","197830"
"chr6","20855848","20856017","chr11","118415642","118415805","43","97559794"
"chr6","20919662","20919780","chr20","16184644","16184764","24","4735018"
"chr6","20930244","20930528","chr4","21133843","21134131","11","203599"
"chr6","21124335","21124637","chr4","21327161","21327450","57","202826"
"chr6","21286093","21286377","chr4","21485621","21485908","22","199528"
"chr6","21885621","21885923","chr4","22124722","22125008","43","239101"
"chr6","21909599","21909857","chr3","13999745","13999994","79","7909854"
"chr6","21937814","21938020","chr4","22179496","22179705","11","241682"
"chr6","22120181","22120478","chr4","13508121","13508419","78","8612060"
"chr6","22499411","22499669","chr4","22740680","22740984","62","241269"
"chr6","22768751","22769070","chr4","23013314","23013610","52","244563"
"chr6","24098800","24099011","chr4","24446139","24446323","41","347339"
"chr6","24466733","24466842","chrX","124793090","124793200","22","100326357"
"chr6","24527906","24528188","chr4","24909598","24909879","19","381692"
"chr6","24548929","24549229","chr4","24929529","24929830","31","380600"
"chr6","24802640","24802767","chr1","100917561","100917687","20","76114921"
"chr6","24877532","24877819","chr6","125052342","125052640","71","100174810"
"chr6","24916022","24916358","chr9","32234214","32234513","84","7318192"
"chr6","25199201","25199507","chr4","25634319","25634632","30","435118"
"chr6","25527692","25527979","chr2","197647832","197648119","66","172120140"
"chr6","26367806","26368117","chr4","26463304","26463616","19","95498"
"chr6","26523984","26524140","chr15","47587002","47587161","42","21063018"
"chr6","26599716","26599886","chr7","42215143","42215286","55","15615427"
"chr6","26600234","26600316","chr9","97117502","97117583","25","70517268"
"chr6","26609384","26609692","chr11","9824674","9824967","66","16784710"
"chr6","26953128","26953289","chr6","166788551","166788715","35","139835423"
"chr6","26967932","26968067","chr9","63290705","63290836","24","36322773"
"chr6","27520666","27520940","chr9","59852582","59852856","68","32331916"
"chr6","27686915","27687119","chr11","53139143","53139349","19","25452228"
"chr6","27912505","27912792","chr4","27800562","27800849","12","111943"
"chr6","27986444","27986617","chr4","27873968","27874132","16","112476"
"chr6","28395811","28395989","chr4","28303434","28303602","67","92377"
"chr6","28396250","28396385","chr4","28303894","28304024","17","92356"
"chr6","28582983","28583300","chr9","61004267","61004578","76","32421284"
"chr6","28849314","28849599","chr2","169308700","169308987","57","140459386"
"chr6","28871923","28872170","chr4","28814555","28814814","29","57368"
"chr6","28897309","28897615","chr4","28844245","28844549","16","53064"
"chr6","28946572","28946675","chr4","122813853","122813963","26","93867281"
"chr6","29392348","29392631","chr4","29369312","29369583","24","23036"
"chr6","29397407","29397531","chr17","81612054","81612179","20","52214647"
"chr6","30078614","30078768","chr4","43856748","43856892","36","13778134"
"chr6","30144087","30144395","chr1","128442125","128442430","67","98298038"
"chr6","30292746","30292905","chr4","30396983","30397136","17","104237"
"chr6","30457583","30457740","chr4","30396983","30397136","15","60600"
"chr6","30894931","30895208","chr3","47986181","47986463","67","17091250"
"chr6","30983643","30983935","chr4","31057900","31058192","29","74257"
"chr6","31005003","31005278","chr1","50915436","50915703","63","19910433"
"chr6","31098942","31099063","chr16","7804940","7805056","22","23294002"
"chr6","31205256","31205397","chr3","41155920","41156055","30","9950664"
"chr6","31501057","31501187","chr12","20446566","20446692","21","11054491"
"chr6","31686974","31687164","chr4","31763168","31763352","17","76194"
"chr6","31902747","31903041","chr4","31974205","31974502","38","71458"
"chr6","31989556","31989853","chr4","32027162","32027459","17","37606"
"chr6","32130341","32130644","chr4","32438593","32438894","26","308252"
"chr6","32258533","32258662","chr4","32576728","32576860","12","318195"
"chr6","32672632","32672762","chr19","46564935","46565066","26","13892303"
"chr6","32870176","32870457","chr4","33200936","33201240","45","330760"
"chr6","33549374","33549593","chr4","33680478","33680697","12","131104"
"chr6","33554458","33554690","chr4","33687907","33688143","22","133449"
"chr6","33946732","33946902","chr4","34104459","34104621","16","157727"
"chr6","34223638","34223771","chr19","19541216","19541349","24","14682422"
"chr6","34223816","34224105","chr4","34399156","34399447","20","175340"
"chr6","34228650","34228783","chrX","144541916","144542049","24","110313266"
"chr6","34311276","34311364","chr1","18451519","18451609","26","15859757"
"chr6","34676656","34676787","chr3","13531543","13531676","19","21145113"
"chr6","34939331","34939564","chr7","83912287","83912502","72","48972956"
"chr6","34939858","34939868","chr10","73277115","73277126","2","38337257"
"chr6","34963010","34963281","chr14","22696706","22696977","74","12266304"
"chr6","35022071","35022297","chr5","189085139","189085373","70","154063068"
"chr6","35378192","35378399","chr16","52261382","52261583","51","16883190"
"chr6","35379107","35379302","chr11","95239711","95239899","53","59860604"
"chr6","35410120","35410249","chr4","35617678","35617809","8","207558"
"chr6","35473537","35473670","chr4","35687123","35687267","20","213586"
"chr6","35473965","35474125","chr4","35687558","35687720","8","213593"
"chr6","35496280","35496419","chr4","35711252","35711389","10","214972"
"chr6","35561628","35561772","chr4","35775477","35775617","11","213849"
"chr6","35562095","35562247","chr4","35775927","35776079","10","213832"
"chr6","35573704","35573894","chr4","35788179","35788370","18","214475"
"chr6","35599359","35599487","chr11","132289155","132289287","21","96689796"
"chr6","35608035","35608133","chr4","35820839","35820944","12","212804"
"chr6","35865523","35865805","chr4","36113777","36114061","12","248254"
"chr6","35938595","35938720","chr4","36186380","36186506","8","247785"
"chr6","36002118","36002390","chr4","36254663","36254935","19","252545"
"chr6","36176141","36176265","chr12","20446566","20446692","21","15729575"
"chr6","36475271","36475571","chr4","36628410","36628703","19","153139"
"chr6","36539157","36539369","chr4","36701602","36701822","25","162445"
"chr6","36590760","36590810","chr8","51552528","51552577","11","14961768"
"chr6","36615157","36615501","chr4","36778386","36778675","72","163229"
"chr6","36667306","36667621","chr7","92719316","92719622","75","56052010"
"chr6","36708990","36709278","chr4","36875291","36875596","35","166301"
"chr6","36832704","36832962","chr4","37000174","37000433","12","167470"
"chr6","36972759","36973059","chr4","37141597","37141893","35","168838"
"chr6","37010933","37011231","chr4","37181837","37182130","22","170904"
"chr6","37016964","37017092","chr4","37188245","37188375","10","171281"
"chr6","37039787","37040094","chr15","11338123","11338430","65","25701664"
"chr6","37171077","37171387","chr4","37339872","37340179","26","168795"
"chr6","37192824","37192940","chr3","430878","430987","26","36761946"
"chr6","37350663","37350918","chr9","116197088","116197353","83","78846425"
"chr6","37366282","37366393","chr5","6922167","6922289","33","30444115"
"chr6","37786455","37786747","chr4","42487697","42487995","56","4701242"
"chr6","37945187","37945474","chr3","84929430","84929707","61","46984243"
"chr6","37946595","37946904","chr4","38129615","38129931","26","183020"
"chr6","38049122","38049370","chr4","38240807","38241053","17","191685"
"chr6","38094779","38095005","chr4","38292873","38293104","18","198094"
"chr6","38416835","38417116","chr4","38624113","38624372","51","207278"
"chr6","38556612","38556881","chr2","1904490","1904780","69","36652122"
"chr6","38586438","38586702","chr18","47505744","47506015","64","8919306"
"chr6","38648171","38648439","chr4","38862926","38863233","61","214755"
"chr6","39170854","39171167","chr1","43228372","43228655","78","4057518"
"chr6","39402934","39403235","chr3","41729817","41730091","75","2326883"
"chr6","39496819","39497158","chr13","106123035","106123349","83","66626216"
"chr6","39526330","39526643","chr9","32234214","32234513","66","7292116"
"chr6","41067652","41067957","chr4","41136274","41136575","29","68622"
"chr6","41154361","41154623","chr7","51715862","51716133","67","10561501"
"chr6","42334306","42334431","chr2","51984605","51984728","23","9650299"
"chr6","42642988","42643118","chr1","163076626","163076759","23","120433638"
"chr6","42752297","42752558","chr15","56394428","56394686","56","13642131"
"chr6","42840913","42841035","chr4","42923881","42924001","13","82968"
"chr6","43116771","43117082","chr4","43227170","43227482","40","110399"
"chr6","43424829","43424950","chr7","84453526","84453647","23","41028697"
"chr6","43424978","43425114","chr9","63252926","63253055","27","19827948"
"chr6","43430068","43430350","chr4","43544153","43544436","14","114085"
"chr6","43452913","43453209","chr4","43568788","43569068","45","115875"
"chr6","43493186","43493505","chr4","43610014","43610334","23","116828"
"chr6","43918656","43918955","chr5","66880528","66880821","67","22961872"
"chr6","44026414","44026576","chr3","34558751","34558916","27","9467663"
"chr6","44031850","44031982","chr3","84801975","84802107","16","40770125"
"chr6","44048213","44048509","chr4","44179828","44180128","20","131615"
"chr6","44120488","44120638","chr4","44255891","44256043","18","135403"
"chr6","44186904","44187048","chr3","157204243","157204376","29","113017339"
"chr6","44200821","44201102","chr4","44375441","44375729","36","174620"
"chr6","44245122","44245415","chr4","44420769","44421054","26","175647"
"chr6","44245712","44245905","chr1","51848351","51848543","43","7602639"
"chr6","44416225","44416510","chr4","44601735","44602008","33","185510"
"chr6","44434219","44434527","chr4","44618819","44619127","19","184600"
"chr6","44434532","44434663","chr16","51254153","51254282","20","6819621"
"chr6","44435744","44436041","chr4","44620337","44620634","17","184593"
"chr6","44514257","44514509","chr7","32293669","32293917","67","12220588"
"chr6","44542362","44542664","chr4","44731112","44731424","34","188750"
"chr6","46114997","46115292","chr4","46362536","46362832","20","247539"
"chr6","46245892","46246175","chr4","46484397","46484687","26","238505"
"chr6","46253405","46253709","chr4","46491951","46492254","16","238546"
"chr6","47499206","47499357","chrX","71634084","71634235","37","24134878"
"chr6","48272061","48272329","chr4","48501108","48501361","28","229047"
"chr6","48634044","48634328","chr2","110291407","110291700","84","61657363"
"chr6","48756655","48756951","chr4","48994600","48994893","35","237945"
"chr6","50352082","50352380","chr4","50534056","50534349","24","181974"
"chr6","50752819","50753102","chr4","50942794","50943076","24","189975"
"chr6","51100716","51100989","chr4","51289822","51290116","39","189106"
"chr6","51268531","51268801","chr4","51454897","51455175","29","186366"
"chr6","51573826","51573922","chr4","51763334","51763431","8","189508"
"chr6","52098044","52098101","chr10","75828932","75828988","11","23730888"
"chr6","53194410","53194696","chr16","48481560","48481839","74","4712850"
"chr6","53453429","53453716","chr5","51306123","51306407","66","2147306"
"chr6","53523800","53524091","chr9","63277055","63277347","60","9753255"
"chr6","54417297","54417600","chr4","54151188","54151488","31","266109"
"chr6","54456865","54457076","chr14","64417437","64417643","48","9960572"
"chr6","54475773","54476081","chr4","54212630","54212939","23","263143"
"chr6","54584587","54584640","chr5","51962482","51962535","8","2622105"
"chr6","55790355","55790502","chr4","55625732","55625868","20","164623"
"chr6","56570820","56571096","chr4","56389851","56390138","20","180969"
"chr6","57016749","57017054","chr4","56822567","56822872","19","194182"
"chr6","57091819","57092130","chr4","56900764","56901053","43","191055"
"chr6","57413266","57413537","chr18","52191890","52192162","70","5221376"
"chr6","57693059","57693329","chr4","57497335","57497607","16","195724"
"chr6","57978164","57978452","chr4","57774106","57774379","41","204058"
"chr6","58183353","58183659","chrX","43739404","43739703","61","14443949"
"chr6","58422120","58422412","chr4","58233595","58233887","16","188525"
"chr6","58455797","58455948","chr4","58264607","58264758","17","191190"
"chr6","64709262","64709540","chr4","59640266","59640559","49","5068996"
"chr6","65245324","65245626","chr4","60156582","60156884","31","5088742"
"chr6","66021234","66021522","chr4","60910547","60910828","29","5110687"
"chr6","66109216","66109506","chr4","61000950","61001246","29","5108266"
"chr6","66307554","66307689","chr9","122113887","122114022","25","55806333"
"chr6","66424467","66424629","chr1","51722947","51723105","28","14701520"
"chr6","66697690","66697999","chr4","61714315","61714627","25","4983375"
"chr6","68579044","68579326","chr7","139233256","139233549","76","70654212"
"chr6","69338152","69338438","chr2","1904490","1904780","66","67433662"
"chr6","69703659","69703949","chr1","9267991","9268271","69","60435668"
"chr6","70005091","70005233","chr4","67012250","67012394","17","2992841"
"chr6","70077145","70077435","chr2","134493536","134493828","72","64416391"
"chr6","70552055","70552192","chr7","104429588","104429723","30","33877533"
"chr6","71613489","71613624","chr14","4935238","4935377","40","66678251"
"chr6","71861281","71861543","chr4","68833938","68834199","12","3027343"
"chr6","71919630","71919714","chr4","68879597","68879682","7","3040033"
"chr6","71940389","71940631","chr4","68907386","68907619","19","3033003"
"chr6","72649342","72649618","chr4","69587564","69587834","27","3061778"
"chr6","73504148","73504412","chr5","120676133","120676407","54","47171985"
"chr6","73600073","73600156","chr4","70501598","70501688","10","3098475"
"chr6","73776902","73777178","chr4","70679552","70679854","42","3097350"
"chr6","74406619","74406750","chr4","71310775","71310906","8","3095844"
"chr6","74466168","74466320","chr6","73020073","73020237","40","1446095"
"chr6","74499742","74499882","chr14","4935238","4935377","30","69564504"
"chr6","74647157","74647291","chr4","71554292","71554427","11","3092865"
"chr6","74648320","74648509","chr4","71555471","71555641","29","3092849"
"chr6","74717845","74718136","chr4","71627819","71628103","20","3090026"
"chr6","74721170","74721305","chr7","135808491","135808625","21","61087321"
"chr6","75326372","75326684","chr4","72186575","72186879","36","3139797"
"chr6","76585289","76585562","chr4","73566288","73566560","17","3019001"
"chr6","76699152","76699262","chr7","82532536","82532646","30","5833384"
"chr6","76725836","76726146","chr4","73706877","73707188","16","3018959"
"chr6","76832708","76832839","chr8","140557968","140558102","23","63725260"
"chr6","76834093","76834401","chr4","73816234","73816545","34","3017859"
"chr6","76846543","76846671","chr4","73827912","73828045","14","3018631"
"chr6","76861318","76861575","chr4","73842415","73842675","19","3018903"
"chr6","76946097","76946386","chr1","211695828","211696103","67","134749731"
"chr6","78519469","78519763","chr4","75545606","75545909","27","2973863"
"chr6","78716090","78716393","chr10","68348332","68348634","68","10367758"
"chr6","79162824","79163134","chr4","76162331","76162613","39","3000493"
"chr6","79550824","79551102","chr4","76570253","76570530","9","2980571"
"chr6","79916259","79916418","chr4","76987566","76987729","21","2928693"
"chr6","80005175","80005458","chr4","77101094","77101357","38","2904081"
"chr6","80030318","80030605","chr4","77126700","77126986","27","2903618"
"chr6","80238576","80238653","chr7","63584200","63584280","19","16654376"
"chr6","80350167","80350294","chr4","77442068","77442203","12","2908099"
"chr6","80510681","80510991","chr4","77578409","77578719","19","2932272"
"chr6","80710326","80710479","chr4","77773526","77773679","15","2936800"
"chr6","80771574","80771708","chr19","43366961","43367093","18","37404613"
"chr6","80995838","80996064","chr4","78073717","78073938","23","2922121"
"chr6","83035347","83035630","chr4","80074151","80074441","25","2961196"
"chr6","83035656","83035670","chr1","54541224","54541237","3","28494432"
"chr6","84197681","84197921","chr4","81204483","81204719","28","2993198"
"chr6","84248253","84248552","chr6","136767665","136767966","65","52519412"
"chr6","84314265","84314443","chr4","81325326","81325504","10","2988939"
"chr6","84448667","84448979","chr1","125822424","125822719","76","41373757"
"chr6","84637705","84637876","chr2","84640092","84640260","42","2387"
"chr6","84657242","84657515","chr6","35058676","35058957","71","49598566"
"chr6","84764482","84764766","chr4","81779128","81779419","32","2985354"
"chr6","84825730","84826036","chr4","81849076","81849380","18","2976654"
"chr6","84842249","84842466","chr4","81865420","81865651","21","2976829"
"chr6","84915374","84915662","chr13","23939392","23939662","38","60975982"
"chr6","84976288","84976560","chr4","81993323","81993593","13","2982965"
"chr6","86686900","86687121","chr4","83697527","83697747","18","2989373"
"chr6","86797235","86797515","chr4","83815388","83815668","24","2981847"
"chr6","86889807","86890059","chr4","83924059","83924325","34","2965748"
"chr6","86907455","86907735","chr4","83902451","83902744","42","3005004"
"chr6","87109074","87109370","chr4","84107134","84107426","28","3001940"
"chr6","87194266","87194518","chr9","59391775","59392022","69","27802491"
"chr6","87705049","87705283","chr4","84739751","84739993","26","2965298"
"chr6","88197578","88197870","chr4","85192355","85192644","27","3005223"
"chr6","88491470","88491610","chr9","5712632","5712781","42","82778838"
"chr6","88588896","88589198","chr11","108202688","108202986","59","19613792"
"chr6","88690073","88690207","chr10","32147089","32147222","21","56542984"
"chr6","88700368","88700511","chr4","85663956","85664102","16","3036412"
"chr6","88700825","88701002","chr4","85664409","85664596","26","3036416"
"chr6","88739711","88740018","chr4","85700886","85701176","40","3038825"
"chr6","88755435","88755556","chr4","85717081","85717199","13","3038354"
"chr6","88804505","88804663","chr4","85762902","85763058","13","3041603"
"chr6","88804945","88805100","chr4","85763344","85763501","17","3041601"
"chr6","88888739","88888863","chr16","6937244","6937368","21","81951495"
"chr6","88947790","88948091","chr15","46914449","46914748","69","42033341"
"chr6","88958911","88958972","chr4","85914853","85914914","2","3044058"
"chr6","89080230","89080457","chr4","86040416","86040630","23","3039814"
"chr6","89555483","89555642","chr4","86509846","86510006","3","3045637"
"chr6","90091709","90092019","chr4","87018344","87018663","30","3073365"
"chr6","90200890","90201020","chr2","200695342","200695474","23","110494452"
"chr6","90210329","90210465","chr4","87130600","87130754","28","3079729"
"chr6","90260717","90260988","chr4","87184042","87184312","16","3076675"
"chr6","90287010","90287287","chr4","87200859","87201129","23","3086151"
"chr6","90470287","90470567","chr4","87396684","87396943","48","3073603"
"chr6","90512492","90512793","chr17","20242774","20243081","71","70269718"
"chr6","90608942","90609236","chr4","87540497","87540802","45","3068445"
"chr6","90634777","90634893","chr4","87567635","87567752","7","3067142"
"chr6","90943397","90943531","chr1","37147248","37147384","27","53796149"
"chr6","90945371","90945567","chr4","87935081","87935281","11","3010290"
"chr6","90973273","90973410","chr4","87964324","87964461","2","3008949"
"chr6","90973720","90973859","chr1","5954140","5954271","27","85019580"
"chr6","90996211","90996514","chr4","87979910","87980209","35","3016301"
"chr6","91005575","91005875","chr4","87988078","87988360","28","3017497"
"chr6","91422741","91423026","chr4","88404898","88405183","19","3017843"
"chr6","91605117","91605422","chr4","88599244","88599536","40","3005873"
"chr6","91617682","91617813","chr3","157204243","157204376","22","65586561"
"chr6","91677014","91677231","chr4","88671990","88672207","12","3005024"
"chr6","93654832","93655086","chr4","90673015","90673272","28","2981817"
"chr6","93887826","93887912","chr14","112027888","112027975","17","18140062"
"chr6","94140342","94140640","chr15","47914556","47914847","69","46225786"
"chr6","94371051","94371202","chr11","116979657","116979810","30","22608606"
"chr6","94549120","94549421","chr4","91579488","91579792","23","2969632"
"chr6","94651527","94651837","chr4","91688223","91688530","24","2963304"
"chr6","94663591","94663881","chr4","91700693","91700992","54","2962898"
"chr6","95203602","95203877","chr4","43544153","43544436","79","51659449"
"chr6","97709406","97709660","chr4","94367150","94367408","27","3342256"
"chr6","98486245","98486553","chr10","51664558","51664860","68","46821687"
"chr6","98866817","98867108","chr4","95594022","95594317","27","3272795"
"chr6","98881393","98881695","chr4","95608320","95608635","38","3273073"
"chr6","98968129","98968431","chr4","95695069","95695370","30","3273060"
"chr6","99018512","99018763","chr1","128246654","128246893","67","29228142"
"chr6","99169465","99169750","chr4","95894067","95894353","13","3275398"
"chr6","99546273","99546405","chr1","92629998","92630131","22","6916275"
"chr6","100046118","100046416","chr4","96826960","96827254","31","3219158"
"chr6","100465767","100466046","chr15","46095228","46095509","68","54370539"
"chr6","101012785","101013063","chr15","46095228","46095509","63","54917557"
"chr6","101070524","101070656","chr4","97852490","97852622","8","3218034"
"chr6","101096527","101096823","chr4","97880591","97880887","18","3215936"
"chr6","101207544","101207860","chr4","97993033","97993332","32","3214511"
"chr6","101262153","101262420","chr4","98043254","98043511","25","3218899"
"chr6","101332393","101332668","chr2","204581385","204581657","60","103248992"
"chr6","101704640","101704748","chrX","124793090","124793200","26","23088450"
"chr6","102323542","102323826","chr4","99135865","99136151","31","3187677"
"chr6","102560968","102561285","chr4","99377008","99377325","20","3183960"
"chr6","103701510","103701831","chr4","100724167","100724469","37","2977343"
"chr6","104026300","104026556","chr4","101086176","101086431","18","2940124"
"chr6","104274538","104274734","chr1","136537472","136537647","71","32262934"
"chr6","104519349","104519513","chr1","124487737","124487908","49","19968388"
"chr6","105016388","105016713","chr17","71306670","71306992","27","33709718"
"chr6","106176799","106176984","chr2","95170829","95170996","48","11005970"
"chr6","106269905","106270184","chr4","105731566","105731854","26","538339"
"chr6","106279630","106279878","chr4","105721849","105722100","16","557781"
"chr6","106505599","106505755","chr4","105444329","105444483","8","1061270"
"chr6","106567176","106567493","chr13","19713162","19713466","77","86854014"
"chr6","106707248","106707560","chr4","105236488","105236802","27","1470760"
"chr6","106773810","106773939","chr15","41512684","41512816","25","65261126"
"chr6","106990898","106991080","chr4","104967938","104968123","13","2022960"
"chr6","107002876","107003194","chr19","29555257","29555562","76","77447619"
"chr6","107004672","107004974","chr4","104948343","104948649","32","2056329"
"chr6","107228839","107229142","chr4","104707506","104707815","26","2521333"
"chr6","107250271","107250560","chr4","104679157","104679447","12","2571114"
"chr6","107717401","107717710","chr4","104149234","104149540","42","3568167"
"chr6","107966011","107966301","chr4","103900004","103900315","35","4066007"
"chr6","108011247","108011524","chr1","16735513","16735800","90","91275734"
"chr6","108271657","108271779","chr5","145700158","145700284","20","37428501"
"chr6","108409231","108409343","chr11","50116682","50116799","23","58292549"
"chr6","108606511","108606641","chr11","63424516","63424649","23","45181995"
"chr6","108686202","108686467","chr8","101243062","101243326","63","7443140"
"chr6","108825555","108825741","chr4","103026518","103026704","11","5799037"
"chr6","108891638","108891912","chr3","181346212","181346492","55","72454574"
"chr6","108918840","108919108","chr4","102936755","102937028","23","5982085"
"chr6","108921140","108921403","chr4","102934599","102934876","35","5986541"
"chr6","108960704","108960883","chr1","5953688","5953866","39","103007016"
"chr6","109261187","109261348","chr4","106616558","106616719","12","2644629"
"chr6","109261374","109261406","chr4","106616745","106616777","0","2644629"
"chr6","109517423","109517632","chr4","106879416","106879641","36","2638007"
"chr6","109800109","109800254","chr4","159781830","159781975","6","49981721"
"chr6","109801860","109802028","chr4","159780053","159780223","8","49978193"
"chr6","109802337","109802463","chr4","159779619","159779745","11","49977282"
"chr6","109882181","109882462","chr4","159698188","159698471","19","49816007"
"chr6","109987557","109987848","chr4","159590920","159591200","32","49603363"
"chr6","110018534","110018824","chr4","159561717","159562000","19","49543183"
"chr6","110032736","110032885","chrX","131487247","131487395","32","21454511"
"chr6","110033208","110033497","chr4","159546560","159546852","21","49513352"
"chr6","110392935","110393064","chr1","100917561","100917687","25","9475374"
"chr6","110847108","110847336","chr4","158926626","158926832","38","48079518"
"chr6","110953408","110953571","chr4","158821409","158821564","36","47868001"
"chr6","111204440","111204537","chr1","41133475","41133564","23","70070965"
"chr6","111268275","111268581","chr4","158525638","158525931","35","47257363"
"chr6","111341914","111342033","chr4","158447367","158447498","20","47105453"
"chr6","111355529","111355837","chr10","27157967","27158263","64","84197562"
"chr6","111416274","111416563","chr11","49184547","49184846","60","62231727"
"chr6","111762456","111762757","chr4","158059038","158059341","29","46296582"
"chr6","112101368","112101604","chr1","128246654","128246893","53","16145286"
"chr6","112449645","112449777","chr2","108572676","108572811","25","3876969"
"chr6","112542861","112543016","chr4","157310392","157310547","6","44767531"
"chr6","112586165","112586284","chr4","157264817","157264932","9","44678652"
"chr6","112611942","112612098","chr4","157237718","157237880","13","44625776"
"chr6","112612141","112612251","chr4","157237568","157237678","8","44625427"
"chr6","112616684","112616848","chr4","157233978","157234141","10","44617294"
"chr6","112660605","112660913","chr17","80993762","80994070","65","31666843"
"chr6","112705408","112705553","chr12","87866506","87866652","26","24838902"
"chr6","112874581","112874876","chr4","156957677","156957972","24","44083096"
"chr6","112957532","112957803","chr4","130993966","130994237","60","18036434"
"chr6","113093397","113093696","chr7","9987310","9987602","75","103106087"
"chr6","113157167","113157287","chr20","16184644","16184764","17","96972523"
"chr6","113229577","113229713","chr16","51254153","51254282","28","61975424"
"chr6","113533496","113533576","chr4","156308416","156308496","1","42774920"
"chr6","113533622","113533783","chr4","156308210","156308370","12","42774588"
"chr6","113935560","113935773","chr9","18573311","18573509","45","95362249"
"chr6","114777058","114777346","chr2","153692636","153692913","81","38915578"
"chr6","115248903","115249173","chr4","154532674","154532975","54","39283771"
"chr6","115687852","115688154","chr13","107076259","107076542","68","8611593"
"chr6","115751178","115751474","chr4","154036484","154036760","49","38285306"
"chr6","115770740","115771027","chr4","154012312","154012623","34","38241572"
"chr6","115964559","115964675","chr2","129747843","129747974","22","13783284"
"chr6","116852030","116852345","chr10","65094920","65095219","73","51757110"
"chr6","117256623","117256902","chr4","152587484","152587771","43","35330861"
"chr6","118146838","118147121","chr4","151615411","151615696","19","33468573"
"chr6","118718100","118718395","chr4","151065072","151065364","33","32346972"
"chr6","119356222","119356362","chr4","150468633","150468773","10","31112411"
"chr6","119489307","119489590","chr4","150329726","150330010","17","30840419"
"chr6","119493119","119493377","chr4","150325867","150326129","43","30832748"
"chr6","119836871","119837173","chr4","149992818","149993137","37","30155947"
"chr6","119956066","119956387","chr4","149877642","149877959","32","29921576"
"chr6","119991271","119991533","chr4","149845706","149845966","16","29854435"
"chr6","120220565","120220819","chr4","149555961","149556216","16","29335396"
"chr6","120448648","120448768","chr11","126384667","126384785","23","5936019"
"chr6","120635295","120635529","chr4","149149747","149149981","20","28514452"
"chr6","120752072","120752334","chr4","149037890","149038157","26","28285818"
"chr6","120781957","120782250","chr4","149007130","149007428","25","28225173"
"chr6","120992443","120992694","chr4","148784940","148785206","29","27792497"
"chr6","121067964","121068206","chr4","148703357","148703625","47","27635393"
"chr6","121132741","121133022","chr6","78799285","78799566","65","42333456"
"chr6","122944833","122945126","chr4","146751088","146751381","18","23806255"
"chr6","123371209","123371352","chr1","876590","876733","40","122494619"
"chr6","123371381","123371497","chr17","57392876","57392997","27","65978505"
"chr6","123512413","123512541","chr11","132289155","132289287","26","8776742"
"chr6","123576801","123576934","chr3","13531543","13531676","21","110045258"
"chr6","123578623","123578752","chr4","146151447","146151576","7","22572824"
"chr6","124181829","124182103","chr4","145418887","145419155","22","21237058"
"chr6","124190799","124191112","chr2","86790117","86790414","81","37400682"
"chr6","124269250","124269554","chr4","145332140","145332450","26","21062890"
"chr6","125802508","125802798","chr4","143749508","143749798","23","17947000"
"chr6","127216073","127216205","chr4","142323089","142323221","4","15107016"
"chr6","127887922","127888075","chr4","17821051","17821205","36","110066871"
"chr6","127926661","127926787","chr4","141613128","141613245","18","13686467"
"chr6","127952643","127952924","chr4","141585684","141585966","18","13633041"
"chr6","129653660","129653953","chr4","139831962","139832268","37","10178302"
"chr6","129962628","129962748","chr11","101770002","101770122","28","28192626"
"chr6","130009663","130009962","chr4","139420919","139421248","55","9411256"
"chr6","130556699","130556773","chrX","25421120","25421199","18","105135579"
"chr6","130934160","130934456","chr18","11279367","11279661","63","119654793"
"chr6","131321714","131322011","chr4","138067836","138068136","37","6746122"
"chr6","131651512","131651863","chr9","99534482","99534817","95","32117030"
"chr6","131737683","131737956","chr4","137657051","137657356","50","5919368"
"chr6","131914852","131915101","chr4","137470861","137471113","22","5556009"
"chr6","131962327","131962555","chr20","18808581","18808805","66","113153746"
"chr6","132020397","132020666","chr4","137365754","137366029","22","5345357"
"chr6","132289334","132289596","chr18","67022854","67023120","66","65266480"
"chr6","133154811","133155117","chr4","136226802","136227104","27","3071991"
"chr6","133264422","133264711","chr4","136129754","136130042","20","2865332"
"chr6","133506900","133507060","chr4","135888074","135888237","20","2381174"
"chr6","133817266","133817397","chr8","100230282","100230412","25","33586984"
"chr6","134085273","134085399","chr4","135255065","135255199","14","1169792"
"chr6","134640495","134640785","chr4","134704871","134705117","61","64376"
"chr6","135111579","135111759","chr4","3978976","3979146","51","131132603"
"chr6","135417071","135417340","chr4","133916642","133916912","18","1500429"
"chr6","135471159","135471453","chr4","133864555","133864846","25","1606604"
"chr6","135563403","135563509","chr19","11368048","11368142","36","124195355"
"chr6","135611122","135611404","chr12","87829978","87830283","81","47781144"
"chr6","135879015","135879302","chr4","133401546","133401834","21","2477469"
"chr6","136122701","136122975","chr6","62920230","62920495","75","73202471"
"chr6","136141349","136141475","chr4","133093255","133093385","9","3048094"
"chr6","136166755","136166874","chr4","133063429","133063550","14","3103326"
"chr6","136197248","136197379","chr4","133031283","133031415","5","3165965"
"chr6","136205467","136205595","chr4","133022916","133023048","12","3182551"
"chr6","136385932","136386208","chr6","78799285","78799566","60","57586647"
"chr6","136502932","136503190","chr4","132711909","132712168","25","3791023"
"chr6","136920381","136920666","chr4","132293200","132293502","55","4627181"
"chr6","136943913","136944044","chr9","68058949","68059091","36","68884964"
"chr6","137072965","137073099","chr13","62499454","62499582","26","74573511"
"chr6","137073388","137073561","chr9","98927524","98927686","44","38145864"
"chr6","138031533","138031657","chr4","131120983","131121113","10","6910550"
"chr6","138158940","138159211","chr4","130993966","130994237","11","7164974"
"chr6","138237519","138237802","chr4","130908438","130908725","18","7329081"
"chr6","138358592","138358723","chr4","130784721","130784853","10","7573871"
"chr6","138585022","138585322","chr4","130556082","130556386","22","8028940"
"chr6","138716090","138716371","chr4","130418286","130418569","36","8297804"
"chr6","139232983","139233268","chr4","129922811","129923094","16","9310172"
"chr6","140019601","140019905","chr4","129129847","129130156","29","10889754"
"chr6","140407619","140407933","chr4","128726710","128727027","25","11680909"
"chr6","140580267","140580548","chr6","38278853","38279129","61","102301414"
"chr6","140919191","140919377","chr6","32604745","32604937","53","108314446"
"chr6","140919671","140919751","chr3","34721429","34721501","31","106198242"
"chr6","142274888","142275160","chr4","126803510","126803784","20","15471378"
"chr6","142292305","142292616","chr4","126771951","126772257","31","15520354"
"chr6","143001681","143001957","chr5","77602568","77602833","69","65399113"
"chr6","143418747","143418861","chr2","150253312","150253430","24","6834565"
"chr6","143418892","143419043","chr5","1256037","1256188","30","142162855"
"chr6","144213117","144213424","chr2","202370042","202370346","65","58156925"
"chr6","144267061","144267368","chr4","124723492","124723769","57","19543569"
"chr6","145380649","145380943","chr4","124241746","124242031","28","21138903"
"chr6","145679381","145679690","chr4","123934302","123934618","28","21745079"
"chr6","145978917","145979169","chr4","123637500","123637751","18","22341417"
"chr6","145994160","145994411","chr4","123621463","123621703","29","22372697"
"chr6","146031092","146031390","chr4","123584990","123585292","24","22446102"
"chr6","146276052","146276184","chr4","123336308","123336440","3","22939744"
"chr6","146627693","146628027","chr4","122948497","122948816","53","23679196"
"chr6","146730490","146730615","chr4","122846102","122846228","13","23884388"
"chr6","146740685","146740974","chr4","122836027","122836323","18","23904658"
"chr6","146984914","146985217","chr4","122591195","122591483","38","24393719"
"chr6","147254066","147254372","chr2","57095994","57096309","60","90158072"
"chr6","147258969","147259048","chr1","185053534","185053609","21","37794565"
"chr6","148550977","148551263","chr4","120689638","120689920","29","27861339"
"chr6","148822984","148823261","chr14","68679448","68679706","81","80143536"
"chr6","149539082","149539328","chr4","119591104","119591361","30","29947978"
"chr6","149835869","149836118","chr1","34961903","34962154","72","114873966"
"chr6","150990887","150991109","chr4","118050322","118050546","22","32940565"
"chr6","151422228","151422423","chr14","3303546","3303740","46","148118682"
"chr6","151427142","151427275","chr4","117604329","117604459","15","33822813"
"chr6","151825510","151825800","chr4","117202906","117203188","26","34622604"
"chr6","151905273","151905554","chr4","117120930","117121210","19","34784343"
"chr6","152016398","152016608","chr11","55343248","55343442","50","96673150"
"chr6","152053886","152054185","chr4","116972096","116972405","31","35081790"
"chr6","152124660","152124788","chr4","116895478","116895609","7","35229182"
"chr6","152181745","152182037","chr2","62121493","62121782","61","90060252"
"chr6","152258176","152258199","chr9","96606349","96606371","5","55651827"
"chr6","152258493","152258754","chr4","116745362","116745621","20","35513131"
"chr6","152285822","152286109","chr4","116717908","116718204","29","35567914"
"chr6","152304104","152304402","chr4","116699373","116699679","30","35604731"
"chr6","152371390","152371670","chr4","116622099","116622383","26","35749291"
"chr6","152611417","152611558","chr5","109194110","109194250","30","43417307"
"chr6","152641693","152641978","chr5","112193033","112193316","69","40448660"
"chr6","152716857","152717150","chr4","116113105","116113401","27","36603752"
"chr6","152858223","152858510","chr4","115934000","115934271","43","36924223"
"chr6","152894239","152894542","chr8","96220911","96221220","59","56673328"
"chr6","152949682","152949989","chr4","115845829","115846136","24","37103853"
"chr6","153403942","153404255","chr17","80993762","80994070","63","72410180"
"chr6","153465302","153465447","chr2","84155798","84155943","27","69309504"
"chr6","153640469","153640675","chr19","14859924","14860131","61","138780545"
"chr6","153711628","153711844","chr4","115069586","115069805","21","38642042"
"chr6","153715645","153715893","chr14","120421959","120422205","57","33293686"
"chr6","153827066","153827355","chr16","55621867","55622150","71","98205199"
"chr6","153903602","153903724","chr11","1036149","1036272","23","152867453"
"chr6","153927156","153927294","chr9","115900218","115900349","22","38026938"
"chr6","154047175","154047493","chr4","114704175","114704485","31","39343000"
"chr6","154926416","154926721","chr4","113820709","113821016","28","41105707"
"chr6","157111759","157112046","chr4","43544153","43544436","72","113567606"
"chr6","157121609","157121747","chr16","31504265","31504401","27","125617344"
"chr6","157162171","157162307","chr13","74782008","74782141","24","82380163"
"chr6","157712076","157712320","chr4","108207777","108208013","17","49504299"
"chr6","157934791","157935090","chr11","103833436","103833731","58","54101355"
"chr6","158051527","158051660","chr7","111620999","111621131","23","46430528"
"chr6","158069444","158069741","chr4","107846481","107846791","44","50222963"
"chr6","158184165","158184454","chr1","44272464","44272753","68","113911701"
"chr6","158355981","158356111","chr10","15510391","15510513","23","142845590"
"chr6","158412878","158413165","chr19","6055052","6055331","64","152357826"
"chr6","158519847","158520133","chr4","111349260","111349547","16","47170587"
"chr6","159200443","159200663","chr4","110606760","110606975","28","48593683"
"chr6","159911367","159911431","chr4","109907098","109907161","6","50004269"
"chr6","160382801","160382863","chr18","12307033","12307099","16","148075768"
"chr6","160382902","160382935","chr3","126061360","126061386","11","34321542"
"chr6","160958969","160959175","chr5","145700311","145700482","65","15258658"
"chr6","161266180","161266475","chr7","28208422","28208722","63","133057758"
"chr6","161383863","161384144","chr4","107482202","107482483","10","53901661"
"chr6","161699973","161700107","chr4","107159033","107159167","12","54540940"
"chr6","161778783","161779098","chrX","52721683","52722008","70","109057100"
"chr6","162618805","162619081","chr4","160842950","160843243","29","1775855"
"chr6","163163157","163163290","chr13","74782008","74782141","24","88381149"
"chr6","163893716","163894026","chr4","161951639","161951946","18","1942077"
"chr6","164655096","164655352","chr4","162765862","162766105","26","1889234"
"chr6","164977246","164977531","chr4","163107531","163107813","29","1869715"
"chr6","165481691","165481803","chr20","51311964","51312067","27","114169727"
"chr6","167922376","167922671","chr4","166168549","166168853","30","1753827"
"chr6","168862050","168862159","chr4","167297910","167298019","5","1564140"
"chr6","169327542","169327834","chr4","167765915","167766205","22","1561627"
"chr6","169380477","169380771","chr4","167856855","167857161","34","1523622"
"chr6","170107646","170107803","chr4","168599260","168599420","27","1508386"
"chr6","170328909","170329090","chr5","80260739","80260915","47","90068170"
"chr6","170688899","170689159","chr4","169222770","169223032","17","1466129"
"chr6","170840581","170840846","chr4","169371982","169372248","14","1468599"
"chr6","172502021","172502301","chr4","171597336","171597616","14","904685"
"chr7","76152667","76152948","chr3","47986181","47986463","19","28166486"
"chr7","642751","642911","chr3","34134928","34135091","16","33492177"
"chr7","839581","839881","chr3","34355412","34355695","51","33515831"
"chr7","1007443","1007608","chr3","34558751","34558916","12","33551308"
"chr7","1067192","1067328","chr3","34619720","34619856","19","33552528"
"chr7","1302780","1302911","chr4","43856748","43856892","37","42553968"
"chr7","1303204","1303384","chr3","133223920","133224091","40","131920716"
"chr7","1399207","1399340","chr5","104799309","104799443","34","103400102"
"chr7","1672079","1672337","chr5","10661655","10661909","59","8989576"
"chr7","1865519","1865651","chr3","35415487","35415619","14","33549968"
"chr7","2674509","2674651","chr4","43856748","43856892","29","41182239"
"chr7","2781211","2781329","chr1","181978119","181978215","39","179196908"
"chr7","2781620","2781748","chr2","200695342","200695474","20","197913722"
"chr7","2979375","2979509","chr3","36592271","36592409","18","33612896"
"chr7","3151482","3151761","chr6","78799285","78799566","54","75647803"
"chr7","3282712","3282828","chr3","36939554","36939670","11","33656842"
"chr7","3288430","3288555","chr1","45815412","45815540","23","42526982"
"chr7","3507169","3507303","chr3","13531543","13531676","20","10024374"
"chr7","3512058","3512172","chr10","10572666","10572789","26","7060608"
"chr7","3622057","3622187","chr3","37321189","37321321","16","33699132"
"chr7","4228729","4229018","chr3","37961657","37961944","29","33732928"
"chr7","4667079","4667358","chr3","38411544","38411824","24","33744465"
"chr7","4774634","4774839","chr3","38522958","38523167","17","33748324"
"chr7","4980590","4980718","chr13","74782008","74782141","20","69801418"
"chr7","5024321","5024447","chr10","13580066","13580192","19","8555745"
"chr7","5116241","5116432","chr3","38873135","38873330","17","33756894"
"chr7","5218475","5218739","chr1","22000418","22000679","55","16781943"
"chr7","5224606","5224681","chr8","27571755","27571827","14","22347149"
"chr7","5280343","5280613","chr1","26832777","26833042","38","21552434"
"chr7","5390848","5391141","chr6","38750270","38750550","72","33359422"
"chr7","5400820","5401072","chr3","158849820","158850084","66","153449000"
"chr7","5452558","5452636","chr4","158583909","158583985","15","153131351"
"chr7","5794874","5795010","chr3","39029592","39029725","29","33234718"
"chr7","5823143","5823239","chr3","39483008","39483106","12","33659865"
"chr7","6107843","6107899","chr3","123333401","123333457","4","117225558"
"chr7","6120528","6120810","chr15","46095228","46095509","64","39974700"
"chr7","6258262","6258389","chr1","100917561","100917687","22","94659299"
"chr7","6284205","6284416","chr18","14747755","14747977","48","8463550"
"chr7","6613658","6613834","chr7","6788255","6788419","38","174597"
"chr7","6693453","6693744","chr6","137560254","137560541","55","130866801"
"chr7","6721735","6721864","chr3","40173913","40174051","18","33452178"
"chr7","6728757","6728883","chr14","10853551","10853688","25","4124794"
"chr7","6819318","6819377","chr8","72034333","72034391","13","65215015"
"chr7","6820758","6820906","chr14","8597966","8598111","25","1777208"
"chr7","7132247","7132548","chr3","101758345","101758649","25","94626098"
"chr7","7229808","7229934","chr4","88725870","88726001","26","81496062"
"chr7","8051457","8051713","chr9","59391775","59392022","69","51340318"
"chr7","8588011","8588280","chr3","100187927","100188194","26","91599916"
"chr7","10002517","10002610","chr3","98636353","98636451","13","88633836"
"chr7","12621004","12621312","chr1","10636980","10637278","70","1984024"
"chr7","14273206","14273464","chr18","67022854","67023120","61","52749648"
"chr7","14713950","14714258","chr6","171814719","171815011","81","157100769"
"chr7","15525404","15525682","chr3","91430046","91430324","21","75904642"
"chr7","15864353","15864497","chr3","91774709","91774840","25","75910356"
"chr7","16060441","16060711","chr3","91960765","91961036","21","75900324"
"chr7","16343912","16344076","chr2","84640092","84640260","35","68296180"
"chr7","16705351","16705652","chr3","92663903","92664212","27","75958552"
"chr7","17061968","17062205","chr3","93027633","93027871","22","75965665"
"chr7","17470775","17470906","chr3","93456205","93456336","9","75985430"
"chr7","17726248","17726538","chr4","107482202","107482483","51","89755954"
"chr7","17795106","17795399","chr4","43544153","43544436","60","25749047"
"chr7","17922725","17922856","chr17","91790925","91791056","24","73868200"
"chr7","18021928","18022056","chr3","94044074","94044203","4","76022146"
"chr7","18074243","18074566","chr1","51783657","51783959","90","33709414"
"chr7","18615091","18615352","chr2","89584935","89585179","69","70969844"
"chr7","19806548","19806748","chr3","88383931","88384153","32","68577383"
"chr7","21071676","21071857","chr3","87148429","87148609","18","66076753"
"chr7","21367640","21367767","chr1","20050084","20050210","31","1317556"
"chr7","21368069","21368236","chr7","70977213","70977371","47","49609144"
"chr7","21377537","21377851","chr2","72127350","72127647","72","50749813"
"chr7","21463150","21463349","chr3","86775884","86776082","17","65312734"
"chr7","21666288","21666563","chr11","106674149","106674417","72","85007861"
"chr7","21772173","21772467","chr4","43544153","43544436","61","21771980"
"chr7","21808811","21809084","chr3","86420772","86421044","18","64611961"
"chr7","21831023","21831318","chr3","86391027","86391317","23","64560004"
"chr7","21879968","21880266","chr3","86342478","86342773","21","64462510"
"chr7","22351444","22351493","chr7","21820985","21821033","14","530459"
"chr7","22477422","22477654","chr3","85750985","85751221","20","63273563"
"chr7","22945019","22945335","chr3","85636399","85636716","13","62691380"
"chr7","23002514","23002651","chrX","144541916","144542049","21","121539402"
"chr7","23044251","23044386","chr10","67024638","67024770","23","43980387"
"chr7","23131189","23131470","chr3","85450986","85451257","30","62319797"
"chr7","23146419","23146711","chr3","85436585","85436873","28","62290166"
"chr7","23380286","23380518","chr3","85206965","85207197","14","61826679"
"chr7","23587421","23587702","chr3","84929430","84929707","24","61342009"
"chr7","23838267","23838400","chr12","112650690","112650820","27","88812423"
"chr7","23956698","23956886","chr11","124402514","124402683","45","100445816"
"chr7","23964244","23964519","chr19","27993194","27993473","60","4028950"
"chr7","23981066","23981369","chr3","84497019","84497339","39","60515953"
"chr7","24080902","24081185","chr3","102241867","102242141","68","78160965"
"chr7","24123083","24123231","chr3","84336125","84336272","11","60213042"
"chr7","24257497","24257807","chr3","84225994","84226308","24","59968497"
"chr7","24734189","24734479","chr3","83762341","83762631","19","59028152"
"chr7","24841266","24841568","chr3","83648033","83648337","26","58806767"
"chr7","25387070","25387357","chr3","83108799","83109085","16","57721729"
"chr7","25947444","25947741","chr3","82514077","82514373","23","56566633"
"chr7","26260802","26260936","chr3","82190444","82190578","8","55929642"
"chr7","26462871","26463142","chr3","81996778","81997020","50","55533907"
"chr7","26545506","26545645","chr18","8724148","8724285","21","17821358"
"chr7","26940076","26940201","chr3","81468437","81468563","17","54528361"
"chr7","27051942","27052222","chr17","20433468","20433753","81","6618474"
"chr7","27208942","27209224","chr3","81201965","81202219","48","53993023"
"chr7","27282189","27282372","chr15","57365766","57365944","39","30083577"
"chr7","27822406","27822717","chr3","80571747","80572057","21","52749341"
"chr7","27893379","27893663","chr3","80500896","80501178","20","52607517"
"chr7","27935459","27935576","chr3","80456162","80456279","6","52520703"
"chr7","28426512","28426798","chr3","79962400","79962693","24","51535888"
"chr7","28766798","28767085","chr3","79623593","79623882","14","50856795"
"chr7","28943865","28944142","chr3","79445113","79445379","27","50501248"
"chr7","29214716","29214948","chr3","79178673","79178901","24","49963957"
"chr7","29405447","29405615","chr7","70748771","70748944","38","41343324"
"chr7","29405642","29405750","chr2","162926350","162926466","27","133520708"
"chr7","29573169","29573302","chr10","71633509","71633642","24","42060340"
"chr7","29573303","29573606","chr16","54585523","54585821","80","25012220"
"chr7","30749124","30749252","chr15","93225091","93225217","33","62475967"
"chr7","30787209","30787486","chr3","78087152","78087430","27","47299943"
"chr7","30888676","30888977","chr3","77990231","77990522","37","47101555"
"chr7","31218148","31218322","chr3","77672050","77672228","16","46453902"
"chr7","31501429","31501739","chr3","77392367","77392678","36","45890938"
"chr7","32209083","32209215","chr3","116815127","116815261","26","84606044"
"chr7","32843084","32843389","chr3","92663903","92664212","79","59820819"
"chr7","33011468","33011737","chr3","75873289","75873561","14","42861821"
"chr7","33149648","33149931","chr5","190400052","190400340","29","157250404"
"chr7","33930600","33930718","chr3","41409893","41410017","25","7479293"
"chr7","33949272","33949418","chr19","35537746","35537888","30","1588474"
"chr7","33975765","33976039","chr3","75109976","75110251","22","41134211"
"chr7","33993062","33993203","chr3","116815127","116815261","27","82822065"
"chr7","34131478","34131655","chr3","74948544","74948714","15","40817066"
"chr7","35034686","35034851","chr3","74024204","74024369","11","38989518"
"chr7","35235901","35236029","chr1","134018877","134019008","22","98782976"
"chr7","37940281","37940564","chr3","71688283","71688561","38","33748002"
"chr7","38455145","38455291","chr3","71186869","71187015","6","32731724"
"chr7","38455712","38455827","chr3","71186352","71186455","19","32730640"
"chr7","39060924","39061124","chr3","70530989","70531206","47","31470065"
"chr7","39258765","39259061","chr18","44176048","44176351","79","4917283"
"chr7","39612276","39612586","chr3","69996921","69997216","35","30384645"
"chr7","40470458","40470678","chr3","64890675","64890895","6","24420217"
"chr7","40663627","40663759","chr3","65077601","65077734","13","24413974"
"chr7","40902432","40902562","chr7","111620999","111621131","20","70718567"
"chr7","40904133","40904437","chr3","65341395","65341699","20","24437262"
"chr7","41350036","41350307","chr6","57003100","57003369","70","15653064"
"chr7","41765021","41765327","chr10","68348332","68348634","75","26583311"
"chr7","43855653","43855943","chr3","68391073","68391373","38","24535420"
"chr7","43999348","43999607","chr16","52349794","52350067","72","8350446"
"chr7","44105934","44106035","chr3","68657527","68657628","4","24551593"
"chr7","44106338","44106408","chr3","68657934","68658007","5","24551596"
"chr7","44232015","44232305","chr1","142120819","142121109","75","97888804"
"chr7","44578721","44578963","chr3","69040091","69040335","26","24461370"
"chr7","44627390","44627512","chr3","69089662","69089784","0","24462272"
"chr7","45137255","45137557","chr3","64436810","64437112","19","19299555"
"chr7","45215882","45216163","chr10","87795054","87795334","60","42579172"
"chr7","45333159","45333291","chr20","38680813","38680945","21","6652346"
"chr7","45410627","45410780","chr4","156339243","156339398","29","110928616"
"chr7","45542921","45543062","chr11","112386892","112387039","36","66843971"
"chr7","45721122","45721412","chr3","63848580","63848890","28","18127458"
"chr7","45731330","45731613","chr3","63839917","63840201","12","18108587"
"chr7","45791836","45792015","chr3","63773777","63773948","26","17981941"
"chr7","45799385","45799683","chr3","63764533","63764833","37","17965148"
"chr7","45799911","45800192","chr3","63764022","63764305","20","17964111"
"chr7","46076991","46077292","chr3","63480868","63481180","20","17403877"
"chr7","46185701","46185841","chr3","63388754","63388894","10","17203053"
"chr7","48347546","48347782","chr6","73407188","73407424","72","25059642"
"chr7","49524507","49524735","chr6","70315004","70315237","60","20790497"
"chr7","49864006","49864272","chr3","59801452","59801719","14","9937446"
"chr7","52666771","52667069","chr3","57088350","57088646","21","4421579"
"chr7","52828330","52828631","chr3","56922483","56922792","30","4094153"
"chr7","52872290","52872584","chrX","26594116","26594389","77","26278174"
"chr7","54598023","54598321","chr1","40198065","40198372","74","14399958"
"chr7","54740793","54740957","chr3","53100738","53100907","24","1640055"
"chr7","55563771","55564051","chr3","53954793","53955082","48","1608978"
"chr7","55600624","55600759","chr3","53991151","53991280","13","1609473"
"chr7","55656787","55657026","chr3","54048064","54048303","13","1608723"
"chr7","55741798","55742093","chr3","54130387","54130698","30","1611411"
"chr7","57021136","57021254","chr10","10572666","10572789","19","46448470"
"chr7","73063874","73064011","chr3","157204243","157204376","19","84140369"
"chr7","73095565","73095840","chr3","50131246","50131506","36","22964319"
"chr7","73195436","73195564","chr2","51984605","51984728","32","21210831"
"chr7","73195866","73196017","chr13","20877631","20877788","44","52318235"
"chr7","73247018","73247150","chr17","81275044","81275175","26","8028026"
"chr7","73259863","73260168","chr6","148083680","148083980","64","74823817"
"chr7","73264595","73264653","chr1","201849461","201849518","10","128584866"
"chr7","73486867","73486888","chr1","20138701","20138722","5","53348166"
"chr7","73500874","73501010","chr3","49468623","49468759","14","24032251"
"chr7","73627546","73627684","chr3","49468623","49468759","17","24158923"
"chr7","73757335","73757576","chr9","92946434","92946660","74","19189099"
"chr7","73862577","73862713","chr8","17572510","17572648","24","56290067"
"chr7","73929653","73929708","chr3","49377835","49377889","2","24551818"
"chr7","73930019","73930107","chr3","49377434","49377524","6","24552585"
"chr7","74058505","74058636","chr12","20446566","20446692","28","53611939"
"chr7","74795021","74795320","chr15","90913601","90913899","71","16118580"
"chr7","74871160","74871386","chr3","48778118","48778311","39","26093042"
"chr7","74881771","74881854","chr4","54497716","54497790","21","20384055"
"chr7","75392171","75392470","chr9","77146775","77147082","41","1754604"
"chr7","75675855","75676099","chr3","48478630","48478867","33","27197225"
"chr7","75772940","75773018","chr7","96933023","96933101","14","21160083"
"chr7","75895193","75895366","chr1","7884336","7884503","33","68010857"
"chr7","76108047","76108352","chr2","57095994","57096309","64","19012053"
"chr7","76375847","76376174","chr3","47769714","47770040","30","28606133"
"chr7","76479219","76479520","chr8","39305826","39306124","65","37173393"
"chr7","76549455","76549585","chr3","47588255","47588385","9","28961200"
"chr7","76599826","76599962","chr3","47533676","47533812","6","29066150"
"chr7","76729061","76729191","chr3","47392128","47392260","6","29336933"
"chr7","76830284","76830587","chr9","69714441","69714733","74","7115843"
"chr7","76981313","76981398","chr3","47133607","47133688","7","29847706"
"chr7","76981427","76981602","chr1","160417537","160417674","60","83436110"
"chr7","76981613","76981873","chr3","158849820","158850084","57","81868207"
"chr7","76999858","76999996","chr5","153200617","153200753","21","76200759"
"chr7","77115901","77116193","chr7","9987310","9987602","73","67128591"
"chr7","77257850","77257986","chr15","10817268","10817405","24","66440582"
"chr7","77360394","77360526","chr3","46737410","46737542","9","30622984"
"chr7","77402204","77402517","chr3","46695290","46695606","27","30706914"
"chr7","77421297","77421575","chr3","46676779","46677058","22","30744518"
"chr7","77434168","77434432","chr5","151044691","151044963","64","73610523"
"chr7","77646440","77646591","chr3","46445291","46445456","20","31201149"
"chr7","77783365","77783495","chr3","46299974","46300103","7","31483391"
"chr7","77889116","77889252","chr3","46195761","46195897","7","31693355"
"chr7","77922517","77922798","chr3","46167785","46168081","32","31754732"
"chr7","77989901","77990175","chr3","46104396","46104671","15","31885505"
"chr7","78131123","78131419","chr3","45959018","45959323","53","32172105"
"chr7","78402567","78402693","chr3","45686463","45686591","11","32716104"
"chr7","78701724","78702022","chr3","42185773","42186069","72","36515951"
"chr7","78760708","78760844","chr3","45317338","45317476","18","33443370"
"chr7","79175203","79175491","chr3","44899671","44899965","27","34275532"
"chr7","79406453","79406741","chr3","44655300","44655590","21","34751153"
"chr7","79512134","79512225","chr16","31167868","31167961","15","48344266"
"chr7","79546611","79546808","chr3","44506848","44507042","21","35039763"
"chr7","79555836","79556137","chr6","125052342","125052640","54","45496506"
"chr7","79912162","79912284","chr3","44119854","44119989","19","35792308"
"chr7","79964898","79965190","chr3","44066934","44067246","39","35897964"
"chr7","80039625","80039944","chr3","44004265","44004583","23","36035360"
"chr7","80075876","80076027","chr15","46171560","46171694","37","33904316"
"chr7","80094005","80094309","chr3","43948874","43949178","15","36145131"
"chr7","80218315","80218610","chr3","43824401","43824695","30","36393914"
"chr7","80327118","80327413","chr3","43712541","43712841","23","36614577"
"chr7","80354468","80354566","chr3","48933029","48933127","5","31421439"
"chr7","80368058","80368350","chr3","48948485","48948776","39","31419573"
"chr7","80556017","80556148","chr8","26277262","26277394","16","54278755"
"chr7","80624000","80624125","chrX","118783076","118783202","19","38159076"
"chr7","80639080","80639384","chr1","44786069","44786378","73","35853011"
"chr7","80643877","80644148","chr1","164835864","164836152","77","84191987"
"chr7","80769049","80769344","chr3","42185773","42186069","23","38583276"
"chr7","80776394","80776533","chr3","42193295","42193449","24","38583099"
"chr7","81003944","81004129","chr3","43598310","43598498","14","37405634"
"chr7","81088261","81088462","chr13","64838665","64838859","52","16249596"
"chr7","81167614","81167744","chr3","43422010","43422140","8","37745604"
"chr7","81226749","81226944","chr1","51848351","51848543","45","29378398"
"chr7","81258379","81258657","chr8","124100194","124100460","74","42841815"
"chr7","81396088","81396218","chr9","115900218","115900349","21","34504130"
"chr7","81396357","81396541","chr3","43154327","43154510","22","38242030"
"chr7","81667670","81667801","chr3","42446549","42446679","9","39221121"
"chr7","81780636","81780781","chr15","9717035","9717171","31","72063601"
"chr7","81930797","81930936","chr12","120402983","120403115","27","38472186"
"chr7","82010832","82011097","chr3","42799593","42799853","25","39211239"
"chr7","82132252","82132442","chr3","41648301","41648490","16","40483951"
"chr7","82145679","82145813","chr3","41635679","41635811","9","40510000"
"chr7","82330883","82331018","chr5","104799309","104799443","26","22468426"
"chr7","82351791","82351922","chr11","122324056","122324186","23","39972265"
"chr7","82357625","82357740","chr2","94008956","94009073","20","11651331"
"chr7","82362393","82362517","chr3","41409893","41410017","6","40952500"
"chr7","82404138","82404425","chr3","41361303","41361588","48","41042835"
"chr7","82572009","82572145","chr3","49468623","49468759","11","33103386"
"chr7","82651851","82651976","chr3","41209266","41209385","13","41442585"
"chr7","82773142","82773262","chr16","7804940","7805056","19","74968202"
"chr7","82873398","82873528","chr1","187495738","187495872","19","104622340"
"chr7","82880297","82880419","chr3","126167933","126168057","23","43287636"
"chr7","83285571","83285884","chr3","116870613","116870925","20","33585042"
"chr7","83290426","83290718","chr6","92502532","92502821","70","9212106"
"chr7","83332762","83333058","chr3","116821279","116821573","29","33488517"
"chr7","83401049","83401257","chr3","38522958","38523167","68","44878091"
"chr7","83434075","83434223","chr3","116716764","116716912","8","33282689"
"chr7","83441329","83441645","chr3","116707102","116707408","30","33265773"
"chr7","83542283","83542565","chr3","116604186","116604469","29","33061903"
"chr7","83559782","83560109","chr3","116588157","116588455","41","33028375"
"chr7","83572610","83572968","chr3","116574088","116574379","87","33001478"
"chr7","83982209","83982340","chr6","171547580","171547710","20","87565371"
"chr7","84304922","84305224","chr3","115822473","115822779","31","31517551"
"chr7","84920433","84920765","chr1","8350188","8350493","82","76570245"
"chr7","84977658","84977965","chr5","153651837","153652140","68","68674179"
"chr7","85274414","85274547","chr7","47103676","47103810","31","38170738"
"chr7","85341117","85341405","chr3","114541070","114541353","36","29199953"
"chr7","85375180","85375440","chr3","114509449","114509726","50","29134269"
"chr7","85787606","85787900","chr3","114084286","114084581","38","28296680"
"chr7","85981977","85982204","chr3","113884511","113884782","57","27902534"
"chr7","86472197","86472465","chr2","100608849","100609114","63","14136652"
"chr7","86493293","86493425","chr1","163076626","163076759","23","76583333"
"chr7","87949691","87949992","chr9","61004267","61004578","74","26945424"
"chr7","88052924","88053081","chr3","111757419","111757559","26","23704495"
"chr7","88109536","88109831","chr3","111701395","111701683","63","23591859"
"chr7","88355606","88355820","chr3","111458648","111458879","35","23103042"
"chr7","88491824","88491982","chr11","119805860","119806014","36","31314036"
"chr7","89168441","89168719","chr5","85142446","85142720","79","4025995"
"chr7","89325306","89325601","chr3","110483261","110483556","17","21157955"
"chr7","91006308","91006627","chr3","108785100","108785406","35","17778792"
"chr7","91755031","91755315","chr3","108000993","108001306","49","16245962"
"chr7","91794439","91794713","chr3","107970679","107970954","20","16176240"
"chr7","92138400","92138692","chr3","84929430","84929707","57","7208970"
"chr7","92542309","92542443","chr4","77442068","77442203","23","15100241"
"chr7","93178103","93178412","chr3","106567028","106567299","57","13388925"
"chr7","93194481","93194781","chr3","106550665","106550967","22","13356184"
"chr7","93206251","93206404","chr14","15819022","15819176","35","77387229"
"chr7","93257153","93257447","chr3","106425921","106426213","22","13168768"
"chr7","93285202","93285485","chr3","106399135","106399419","17","13113933"
"chr7","93332208","93332340","chr3","106351274","106351402","13","13019066"
"chr7","93433670","93433850","chr3","106270791","106270968","8","12837121"
"chr7","93739928","93740210","chr3","105966620","105966879","51","12226692"
"chr7","93744668","93744797","chr6","171547580","171547710","24","77802912"
"chr7","93906557","93906854","chr3","105800662","105800963","21","11894105"
"chr7","95807635","95807935","chr7","28208422","28208722","64","67599213"
"chr7","95870315","95870608","chr3","103710729","103711017","29","7840414"
"chr7","95989672","95989959","chr14","51900205","51900497","61","44089467"
"chr7","96109821","96109960","chr3","127958080","127958216","29","31848259"
"chr7","96392182","96392223","chr14","64227449","64227489","12","32164733"
"chr7","96392528","96392765","chr5","80255965","80256209","64","16136563"
"chr7","96503237","96503520","chr3","103047753","103048036","23","6544516"
"chr7","96550512","96550804","chr3","103001461","103001761","29","6450949"
"chr7","97006965","97007233","chr3","102495652","102495919","28","5488687"
"chr7","97278374","97278653","chr3","102241867","102242141","22","4963493"
"chr7","97521551","97521687","chr10","35785221","35785364","30","61736330"
"chr7","97813216","97813506","chr3","117483289","117483580","35","19670073"
"chr7","97859652","97859943","chr3","117537116","117537409","20","19677464"
"chr7","97890712","97890973","chr3","117558076","117558344","17","19667364"
"chr7","97941937","97942090","chr3","164395252","164395401","31","66453315"
"chr7","98086141","98086455","chr12","114704067","114704361","82","16617926"
"chr7","98095098","98095280","chr11","130165395","130165587","49","32070297"
"chr7","98161977","98162119","chr1","123229492","123229628","34","25067515"
"chr7","98173934","98174243","chr3","117879604","117879953","57","19705670"
"chr7","98382550","98382854","chr8","69589450","69589756","67","28793100"
"chr7","100560906","100561203","chr3","120370525","120370820","13","19809619"
"chr7","100653880","100654187","chr3","120465637","120465939","23","19811757"
"chr7","100739454","100739744","chr6","78799285","78799566","61","21940169"
"chr7","100743941","100744252","chr8","116028338","116028645","64","15284397"
"chr7","101008224","101008517","chr3","120821014","120821299","22","19812790"
"chr7","101086701","101086875","chr3","133223920","133224091","33","32137219"
"chr7","101303838","101304086","chr3","121126573","121126820","20","19822735"
"chr7","101562638","101562768","chrX","144541916","144542049","21","42979278"
"chr7","102011165","102011455","chr3","121876538","121876815","25","19865373"
"chr7","102481043","102481311","chr3","122381813","122382081","17","19900770"
"chr7","102830265","102830519","chr3","122742903","122743160","20","19912638"
"chr7","102991563","102991692","chr3","122922089","122922218","7","19930526"
"chr7","103479170","103479226","chr3","123333401","123333457","1","19854231"
"chr7","103533990","103534079","chr5","38362155","38362244","23","65171835"
"chr7","103589407","103589541","chr3","123450767","123450901","10","19861360"
"chr7","103754013","103754166","chr3","123626970","123627127","23","19872957"
"chr7","103848491","103848702","chr3","123722261","123722469","22","19873770"
"chr7","103886356","103886490","chr3","123762106","123762240","13","19875750"
"chr7","103901046","103901184","chr3","157204243","157204376","20","53303197"
"chr7","103930821","103930964","chr10","30339443","30339585","24","73591378"
"chr7","104029500","104029799","chr14","119237855","119238156","62","15208355"
"chr7","104091967","104092095","chr3","123986571","123986703","13","19894604"
"chr7","104190334","104190470","chr3","124097189","124097326","8","19906855"
"chr7","104299953","104300093","chrX","53634808","53634946","29","50665145"
"chr7","104511311","104511435","chr1","100917561","100917687","22","3593750"
"chr7","104644746","104644902","chr12","61528281","61528439","39","43116465"
"chr7","104696954","104697086","chr3","124656335","124656466","12","19959381"
"chr7","104784301","104784449","chr1","129785554","129785698","24","25001253"
"chr7","104847743","104847879","chr3","124813406","124813542","6","19965663"
"chr7","104976950","104977029","chr16","69603322","69603397","19","35373628"
"chr7","105043918","105044048","chr10","64272126","64272254","24","40771792"
"chr7","105092573","105092619","chr3","125056185","125056233","6","19963612"
"chr7","105565498","105565614","chr3","125617815","125617944","18","20052317"
"chr7","105565924","105566015","chr4","156308416","156308496","33","50742492"
"chr7","105619181","105619489","chr2","75547214","75547515","67","30071967"
"chr7","105729336","105729470","chr3","42908057","42908188","10","62821279"
"chr7","105910474","105910527","chr9","108869549","108869600","10","2959075"
"chr7","105910790","105910815","chr3","49778809","49778840","11","56131981"
"chr7","106139731","106139883","chrX","71634084","71634235","32","34505647"
"chr7","106163656","106163780","chr3","126167933","126168057","5","20004277"
"chr7","106168699","106168779","chr5","39056441","39056518","17","67112258"
"chr7","106181783","106181919","chr3","126190160","126190297","13","20008377"
"chr7","106200924","106201059","chr3","84801975","84802107","25","21398949"
"chr7","106232439","106232572","chr1","138722739","138722873","23","32490300"
"chr7","106238863","106238995","chr16","69571936","69572068","21","36666927"
"chr7","106276745","106277003","chr12","100833417","100833677","54","5443328"
"chr7","106566559","106566694","chr2","165218621","165218752","25","58652062"
"chr7","106634162","106634210","chr19","2930134","2930184","10","103704028"
"chr7","106707173","106707307","chr20","11588846","11588980","20","95118327"
"chr7","106765865","106765989","chr10","15510391","15510513","19","91255474"
"chr7","106792000","106792279","chr6","15213775","15214053","63","91578225"
"chr7","106811078","106811214","chr3","126858827","126858963","11","20047749"
"chr7","107144060","107144180","chr3","127209162","127209282","12","20065102"
"chr7","107164092","107164225","chr9","63344988","63345119","23","43819104"
"chr7","107172197","107172486","chr7","35823304","35823579","66","71348893"
"chr7","107224644","107224953","chr3","127284014","127284324","20","20059370"
"chr7","107387469","107387547","chr13","3445750","3445829","20","103941719"
"chr7","107448444","107448739","chr13","66383831","66384127","54","41064613"
"chr7","107490477","107490607","chr3","127549735","127549868","14","20059258"
"chr7","107522380","107522508","chr17","81612054","81612179","25","25910326"
"chr7","107599185","107599235","chr19","2930134","2930184","8","104669051"
"chr7","107704044","107704342","chr3","128105689","128105985","19","20401645"
"chr7","107884251","107884544","chr3","128290716","128291013","24","20406465"
"chr7","108231219","108231488","chr3","128669197","128669458","18","20437978"
"chr7","108442939","108443232","chr3","128881412","128881696","37","20438473"
"chr7","108789967","108790257","chr3","129310442","129310732","22","20520475"
"chr7","109600817","109601081","chr6","134995702","134995988","73","25394885"
"chr7","109663573","109663700","chr1","899763","899888","25","108763810"
"chr7","109663998","109664157","chr7","20502497","20502650","44","89161501"
"chr7","109722451","109722738","chr3","130288974","130289263","16","20566523"
"chr7","109753876","109754171","chr3","130322065","130322341","34","20568189"
"chr7","110041970","110042252","chrX","19571416","19571696","64","90470554"
"chr7","110095132","110095257","chr3","130677141","130677266","2","20582009"
"chr7","110149491","110149802","chr1","8350188","8350493","62","101799303"
"chr7","110199225","110199510","chr3","130782157","130782442","18","20582932"
"chr7","110207459","110207555","chr3","130791286","130791378","11","20583827"
"chr7","110250284","110250576","chr14","78908483","78908776","60","31341801"
"chr7","110365280","110365546","chr3","130975371","130975652","30","20610091"
"chr7","110779156","110779288","chr15","46171560","46171694","21","64607596"
"chr7","111379768","111379942","chr2","80655907","80656083","40","30723861"
"chr7","111992062","111992210","chr7","84475245","84475382","29","27516817"
"chr7","112199585","112199887","chr3","132918930","132919235","23","20719345"
"chr7","112296823","112297120","chr3","133014985","133015290","28","20718162"
"chr7","112313278","112313429","chr3","133031705","133031853","7","20718427"
"chr7","112373634","112373930","chr3","133088629","133088925","21","20714995"
"chr7","112482983","112483275","chr3","133196413","133196700","34","20713430"
"chr7","112510308","112510476","chr3","133223920","133224091","11","20713612"
"chr7","112510757","112510901","chr3","133224377","133224518","15","20713620"
"chr7","112767264","112767582","chr3","133489492","133489808","16","20722228"
"chr7","113513568","113513869","chr2","202370042","202370346","69","88856474"
"chr7","113653469","113653782","chr3","134366526","134366807","48","20713057"
"chr7","113941515","113941796","chr1","164835864","164836152","60","50894349"
"chr7","115838277","115838492","chr16","45926911","45927130","42","69911366"
"chr7","115953430","115953719","chr3","136713596","136713886","20","20760166"
"chr7","116142596","116142874","chr15","65744982","65745249","76","50397614"
"chr7","116184053","116184174","chr3","136946541","136946645","22","20762488"
"chr7","116426180","116426400","chr3","137195327","137195533","26","20769147"
"chr7","117613466","117613766","chr3","138419512","138419805","50","20806046"
"chr7","118036115","118036417","chr3","138885621","138885902","52","20849506"
"chr7","118244113","118244412","chr3","139071942","139072247","26","20827829"
"chr7","118614488","118614588","chr2","50275342","50275436","28","68339146"
"chr7","118774365","118774660","chr3","139639674","139639982","30","20865309"
"chr7","119171001","119171198","chr3","140021859","140022055","13","20850858"
"chr7","119321182","119321484","chr3","140170222","140170524","20","20849040"
"chr7","119581507","119581778","chr3","140480080","140480343","24","20898573"
"chr7","120144077","120144222","chr3","141047329","141047478","20","20903252"
"chr7","120495186","120495478","chr7","138911885","138912157","79","18416699"
"chr7","121521302","121521573","chr3","142389145","142389383","43","20867843"
"chr7","121590542","121590830","chr3","142460151","142460416","42","20869609"
"chr7","121655257","121655526","chr3","142578564","142578842","22","20923307"
"chr7","121770332","121770588","chr14","22606766","22607011","60","99163566"
"chr7","121836544","121836841","chr3","142811340","142811643","42","20974796"
"chr7","121860169","121860441","chr3","142836710","142836969","28","20976541"
"chr7","122205870","122206034","chr3","143184869","143185030","13","20978999"
"chr7","122206382","122206524","chr3","143185333","143185475","14","20978951"
"chr7","123421411","123421705","chr3","144423503","144423809","43","21002092"
"chr7","123654647","123654923","chr1","182154247","182154528","62","58499600"
"chr7","123810368","123810648","chr1","188279922","188280198","86","64469554"
"chr7","125175495","125175665","chr9","24967659","24967824","45","100207836"
"chr7","125833776","125834057","chr3","147110050","147110342","57","21276274"
"chr7","126060556","126060866","chr3","147329957","147330261","27","21269401"
"chr7","126093230","126093490","chr5","41356897","41357157","76","84736333"
"chr7","126717342","126717639","chr8","7837262","7837554","63","118880080"
"chr7","126742221","126742503","chr3","148024444","148024724","15","21282223"
"chr7","126830471","126830638","chr10","6003973","6004135","50","120826498"
"chr7","127045292","127045421","chr10","13580066","13580192","25","113465226"
"chr7","128346729","128347033","chr3","149713676","149713981","51","21366947"
"chr7","129167630","129167918","chr3","150588611","150588891","27","21420981"
"chr7","129596404","129596707","chr3","42185773","42186069","61","87410631"
"chr7","130591216","130591309","chr3","152080074","152080172","10","21488858"
"chr7","131203584","131203787","chr13","64838665","64838859","51","66364919"
"chr7","131290371","131290658","chr3","152813828","152814117","22","21523457"
"chr7","131576258","131576545","chr16","29571975","29572270","67","102004283"
"chr7","131764066","131764361","chr3","153305112","153305406","22","21541046"
"chr7","131876572","131876701","chr6","414900","415032","25","131461672"
"chr7","131942724","131943004","chr1","44272464","44272753","59","87670260"
"chr7","132055783","132056071","chr3","63764022","63764305","63","68291761"
"chr7","132320820","132320949","chr3","153917303","153917434","10","21596483"
"chr7","132820963","132821089","chr12","45747641","45747765","24","87073322"
"chr7","132896672","132896804","chr3","154498812","154498941","26","21602140"
"chr7","132920368","132920676","chr15","10901522","10901818","64","122018846"
"chr7","132958142","132958332","chr9","73015289","73015515","62","59942853"
"chr7","132959040","132959074","chr19","11207320","11207356","12","121751720"
"chr7","132986574","132986863","chr6","43676198","43676475","65","89310376"
"chr7","133022414","133022700","chr3","154609304","154609568","39","21586890"
"chr7","133042191","133042310","chr3","154628934","154629053","8","21586743"
"chr7","133153169","133153340","chr3","154709200","154709372","7","21556031"
"chr7","133297484","133297617","chr3","154866014","154866141","15","21568530"
"chr7","133447894","133448112","chr3","155019773","155019992","11","21571879"
"chr7","133461188","133461490","chr3","155032571","155032879","28","21571383"
"chr7","133483943","133484074","chr4","10498017","10498147","19","122985926"
"chr7","133492654","133492943","chr6","158548580","158548866","61","25055926"
"chr7","133816344","133816611","chr3","155389762","155390052","38","21573418"
"chr7","134308021","134308125","chr3","155913896","155913997","12","21605875"
"chr7","134389133","134389263","chr3","155995857","155995987","8","21606724"
"chr7","134396784","134397086","chr3","156004067","156004356","36","21607283"
"chr7","134432863","134432998","chr3","156040488","156040620","6","21607625"
"chr7","134519467","134519743","chr3","156134823","156135118","34","21615356"
"chr7","134656176","134656233","chr13","39199030","39199080","17","95457146"
"chr7","134711790","134711925","chr3","156336291","156336423","8","21624501"
"chr7","134787655","134787789","chr18","38728135","38728269","19","96059520"
"chr7","135503206","135503386","chr7","165137313","165137480","41","29634107"
"chr7","135503705","135503850","chr16","38378032","38378178","25","97125673"
"chr7","135561806","135561939","chr3","157204243","157204376","6","21642437"
"chr7","135607848","135608113","chr3","157249782","157250047","17","21641934"
"chr7","135703199","135703338","chr16","76646299","76646445","35","59056900"
"chr7","135703649","135703813","chr4","44802514","44802671","44","90901135"
"chr7","135768460","135768591","chr19","15455424","15455558","20","120313036"
"chr7","135833307","135833440","chr17","91790925","91791056","21","44042382"
"chr7","135871191","135871394","chr7","14407268","14407476","67","121463923"
"chr7","135882592","135882846","chr5","41057505","41057765","82","94825087"
"chr7","136064947","136065078","chr15","9760642","9760774","22","126304305"
"chr7","136229036","136229329","chr3","157867509","157867800","35","21638473"
"chr7","136596123","136596442","chr3","158269012","158269293","71","21672889"
"chr7","137883580","137883792","chr3","159555371","159555571","22","21671791"
"chr7","138231281","138231399","chr4","141823330","141823447","23","3592049"
"chr7","138231432","138231596","chr15","91264810","91264974","34","46966622"
"chr7","138328378","138328671","chr2","62121493","62121782","69","76206885"
"chr7","138961465","138961573","chr7","84567413","84567520","27","54394052"
"chr7","139816854","139816951","chr3","85466848","85466951","28","54350006"
"chr7","140057270","140057547","chr3","161908852","161909118","34","21851582"
"chr7","140320086","140320313","chr3","162176553","162176760","34","21856467"
"chr7","140328472","140328604","chr12","30055825","30055957","19","110272647"
"chr7","140440382","140440666","chr3","162293901","162294201","34","21853519"
"chr7","141583379","141583556","chr2","97990379","97990543","21","43593000"
"chr7","142477567","142477732","chr12","125353674","125353836","30","17123893"
"chr7","142493929","142494091","chr3","164395252","164395401","24","21901323"
"chr7","142532191","142532517","chr3","164436501","164436848","41","21904310"
"chr7","142758085","142758232","chr3","164642803","164642949","14","21884718"
"chr7","142758527","142758578","chr11","15644093","15644140","14","127114434"
"chr7","142842160","142842462","chr3","164733750","164734046","35","21891590"
"chr7","143192918","143192983","chr1","38316544","38316610","17","104876374"
"chr7","143193288","143193299","chr10","73277115","73277126","3","69916173"
"chr7","143357187","143357346","chr5","134987256","134987421","35","8369931"
"chr7","143548136","143548481","chr9","30441014","30441339","102","113107122"
"chr7","143623774","143623934","chr3","165537331","165537491","10","21913557"
"chr7","143629296","143629442","chr7","17162294","17162440","28","126467002"
"chr7","143629740","143629880","chr1","101109331","101109465","37","42520409"
"chr7","143682747","143683049","chr20","41705692","41705998","73","101977055"
"chr7","143804449","143804582","chr3","165728195","165728328","7","21923746"
"chr7","143810052","143810297","chr6","67309046","67309288","63","76501006"
"chr7","144622466","144622515","chr2","22517406","22517438","18","122105060"
"chr7","144622843","144622956","chr20","54532723","54532836","19","90090120"
"chr7","144807484","144807740","chr12","49848996","49849245","67","94958488"
"chr7","144967841","144967941","chr19","16774079","16774185","25","128193762"
"chr7","145053631","145053887","chr15","66536760","66537014","64","78516871"
"chr7","145173364","145173498","chr3","167161432","167161566","8","21988068"
"chr7","145225951","145226229","chr3","167216300","167216567","22","21990349"
"chr7","145242276","145242402","chr3","167231834","167231963","12","21989558"
"chr7","145287266","145287522","chr2","100608849","100609114","66","44678417"
"chr7","145333342","145333478","chr1","31883142","31883279","27","113450200"
"chr7","145353606","145353914","chr3","167337222","167337538","23","21983616"
"chr7","145362110","145362260","chr1","161169668","161169828","37","15807558"
"chr7","145485545","145485716","chr11","66516716","66516886","43","78968829"
"chr7","147660092","147660181","chr3","169761631","169761719","12","22101539"
"chr7","147735925","147736161","chr3","169845027","169845247","32","22109102"
"chr7","148160771","148161050","chr14","32765425","32765699","69","115395346"
"chr7","148269763","148270074","chr1","23789916","23790234","67","124479847"
"chr7","148798676","148798795","chr1","52997477","52997595","21","95801199"
"chr7","148798835","148798933","chr7","47977148","47977232","32","100821687"
"chr7","148928445","148928744","chr8","39305826","39306124","74","109622619"
"chr7","148973928","148974196","chr3","174417332","174417603","31","25443404"
"chr7","149387198","149387468","chr3","173988082","173988351","15","24600884"
"chr7","149810801","149811067","chr3","173595348","173595661","68","23784547"
"chr7","151225846","151226136","chr3","172091373","172091663","35","20865527"
"chr7","151259795","151259941","chr3","172057237","172057381","11","20797442"
"chr7","151688618","151688886","chr3","171627941","171628205","31","19939323"
"chr7","152182176","152182426","chr8","61167681","61167919","68","91014495"
"chr7","152292001","152292129","chr3","171012584","171012711","24","18720583"
"chr7","152787673","152787813","chr3","166931721","166931845","30","14144048"
"chr7","152976901","152977190","chr3","170316640","170316949","34","17339739"
"chr7","153764991","153765298","chr3","176117901","176118211","26","22352910"
"chr7","153931446","153931756","chr3","176305911","176306224","35","22374465"
"chr7","154027444","154027721","chr15","6802682","6802960","55","147224762"
"chr7","154187690","154187956","chr1","183524260","183524529","69","29336570"
"chr7","154231064","154231371","chr3","176639899","176640207","27","22408835"
"chr7","154746452","154746698","chr3","177227070","177227318","20","22480618"
"chr7","154765566","154765683","chr12","61764390","61764509","24","93001176"
"chr7","154812408","154812645","chr3","177294749","177294982","16","22482341"
"chr7","154841413","154841544","chr2","22129486","22129618","29","132711927"
"chr7","154841840","154842005","chr8","139271419","139271580","57","15570421"
"chr7","154968755","154968879","chr3","177455830","177455955","12","22487075"
"chr7","155089889","155090179","chr3","177578904","177579200","21","22489015"
"chr7","155224253","155224524","chr3","177707322","177707609","40","22483069"
"chr7","155299793","155299995","chr3","177784708","177784910","14","22484915"
"chr7","155466658","155466794","chr3","177965139","177965271","13","22498481"
"chr7","155729534","155729843","chr3","178216965","178217274","25","22487431"
"chr7","155730997","155731281","chr3","178218419","178218703","17","22487422"
"chr7","156214107","156214243","chr3","178679988","178680126","11","22465881"
"chr7","156452337","156452455","chr14","13020237","13020356","23","143432100"
"chr7","156520056","156520179","chr7","91069106","91069230","21","65450950"
"chr7","156581950","156582227","chr3","179107295","179107574","22","22525345"
"chr7","156720446","156720714","chr3","179241413","179241679","21","22520967"
"chr7","158358357","158358637","chr3","181346212","181346492","17","22987855"
"chr7","158711039","158711332","chr9","63277055","63277347","62","95433984"
"chr7","158846560","158846885","chr3","181827833","181828156","32","22981273"
"chr7","158955048","158955364","chr3","181939676","181939979","57","22984628"
"chr7","160010422","160010710","chr3","183075499","183075779","25","23065077"
"chr7","160201940","160202069","chr11","132289155","132289287","19","27912785"
"chr7","160630923","160631058","chr3","183737335","183737475","11","23106412"
"chr7","160668877","160669006","chr3","183775148","183775283","14","23106271"
"chr7","161915999","161916151","chr3","185050443","185050601","29","23134444"
"chr8","539817","540130","chr8","603062","603365","35","63245"
"chr8","1541116","1541241","chr5","82460512","82460646","44","80919396"
"chr8","1681676","1681973","chr8","1537044","1537362","48","144632"
"chr8","4274710","4274985","chr2","153692636","153692913","73","149417926"
"chr8","5708841","5709121","chr15","64625293","64625566","73","58916452"
"chr8","8758491","8758643","chr8","11697679","11697829","13","2939188"
"chr8","8758934","8759082","chr1","25671682","25671836","35","16912748"
"chr8","8836612","8836907","chr8","11835008","11835307","26","2998396"
"chr8","9002572","9002718","chr8","11999088","11999224","19","2996516"
"chr8","9067068","9067200","chr8","12063507","12063641","5","2996439"
"chr8","9149130","9149429","chr20","11715389","11715682","56","2566259"
"chr8","9153572","9153874","chr8","12147031","12147321","37","2993459"
"chr8","9211094","9211323","chr9","91227649","91227868","51","82016555"
"chr8","9225572","9225869","chr8","12219823","12220120","25","2994251"
"chr8","9243947","9244134","chrX","59722429","59722617","52","50478482"
"chr8","9272620","9272924","chr8","100594030","100594332","62","91321410"
"chr8","9428608","9428860","chr8","12485734","12485990","31","3057126"
"chr8","9544741","9544874","chr4","133031283","133031415","23","123486542"
"chr8","10005166","10005314","chr2","91658413","91658557","35","81653247"
"chr8","10359618","10359899","chrX","63778439","63778732","72","53418821"
"chr8","10448915","10449169","chr2","84830830","84831094","82","74381915"
"chr8","11496079","11496291","chr8","15181051","15181262","21","3684972"
"chr8","11524714","11525000","chr8","15209237","15209524","34","3684523"
"chr8","11595833","11595972","chr2","169074966","169075098","44","157479133"
"chr8","11699142","11699349","chr20","11415235","11415444","53","283907"
"chr8","12036735","12036994","chr2","57563019","57563286","70","45526284"
"chr8","12859781","12859903","chr8","16377576","16377707","19","3517795"
"chr8","13096239","13096358","chr8","16609262","16609382","13","3513023"
"chr8","13177392","13177507","chr8","16697946","16698064","12","3520554"
"chr8","13270083","13270244","chr8","16790039","16790220","26","3519956"
"chr8","13399078","13399361","chr8","89400067","89400318","89","76000989"
"chr8","13505368","13505523","chr1","51722947","51723105","38","38217579"
"chr8","13758005","13758299","chr8","17286378","17286691","62","3528373"
"chr8","13791572","13791852","chr8","17319425","17319708","17","3527853"
"chr8","13997476","13997782","chr3","124592202","124592487","74","110594726"
"chr8","14194029","14194237","chr1","50665430","50665642","57","36471401"
"chr8","14474756","14474864","chr8","18049873","18049981","7","3575117"
"chr8","14852675","14852988","chr2","83910187","83910491","72","69057512"
"chr8","14876045","14876353","chr8","18435855","18436167","49","3559810"
"chr8","15387133","15387312","chr8","19007041","19007219","9","3619908"
"chr8","15504680","15504806","chr15","32389648","32389764","35","16884968"
"chr8","15513363","15513665","chr8","19137417","19137719","27","3624054"
"chr8","15540513","15540645","chr3","43450984","43451115","21","27910471"
"chr8","15942273","15942501","chr8","19578164","19578395","20","3635891"
"chr8","15950595","15950896","chr8","19586477","19586790","28","3635882"
"chr8","16129453","16129749","chr5","152278824","152279124","66","136149371"
"chr8","16180456","16180749","chr6","77646894","77647192","68","61466438"
"chr8","16305875","16306014","chr6","143905029","143905172","40","127599154"
"chr8","17786425","17786710","chr8","21494895","21495180","21","3708470"
"chr8","18204995","18205289","chr8","21914938","21915248","36","3709943"
"chr8","18264259","18264397","chr13","74782008","74782141","34","56517749"
"chr8","18357582","18357724","chr2","104708095","104708220","36","86350513"
"chr8","18450042","18450310","chr8","22166506","22166781","30","3716464"
"chr8","18461323","18461449","chr8","22178452","22178587","16","3717129"
"chr8","18496152","18496453","chr8","22216429","22216734","22","3720277"
"chr8","18606461","18606753","chr8","22330407","22330689","34","3723946"
"chr8","18671340","18671624","chr8","22399090","22399377","28","3727750"
"chr8","18689174","18689485","chr8","22416567","22416894","35","3727393"
"chr8","18695417","18695699","chr8","22422876","22423162","26","3727459"
"chr8","18850490","18850800","chr17","77116724","77117032","67","58266234"
"chr8","19929019","19929107","chr8","23762041","23762129","6","3833022"
"chr8","19957660","19957823","chr8","23797316","23797496","33","3839656"
"chr8","21129672","21129866","chr16","26689449","26689631","43","5559777"
"chr8","21162092","21162208","chr8","24998764","24998876","14","3836672"
"chr8","21436628","21436939","chr6","148914698","148915010","73","127478070"
"chr8","21576515","21576835","chr12","87829978","87830283","77","66253463"
"chr8","21584153","21584446","chr7","137250180","137250466","63","115666027"
"chr8","21709098","21709389","chr11","108202688","108202986","60","86493590"
"chr8","21757659","21757948","chr8","25602439","25602738","28","3844780"
"chr8","22267911","22268033","chr9","61029724","61029848","25","38761813"
"chr8","22432301","22432576","chr8","26272982","26273255","26","3840681"
"chr8","22468217","22468355","chr8","26307852","26307990","7","3839635"
"chr8","22633960","22634092","chrX","144541916","144542049","20","121907956"
"chr8","22722369","22722663","chr12","87641280","87641570","77","64918911"
"chr8","23256538","23256828","chr5","140283276","140283575","66","117026738"
"chr8","23750338","23750486","chr2","14973331","14973476","29","8777007"
"chr8","23845863","23846032","chr8","27401669","27401822","21","3555806"
"chr8","23958387","23958609","chr19","42918996","42919225","52","18960609"
"chr8","24131618","24131786","chr1","140756696","140756863","33","116625078"
"chr8","24529989","24530308","chr8","28070175","28070495","28","3540186"
"chr8","24746117","24746322","chr4","158926626","158926832","51","134180509"
"chr8","24790031","24790154","chr8","28328307","28328428","10","3538276"
"chr8","25046093","25046258","chr8","28582066","28582229","7","3535973"
"chr8","25046569","25046684","chr8","28582545","28582660","5","3535976"
"chr8","25143604","25143815","chr8","28680304","28680512","19","3536700"
"chr8","25166357","25166492","chr8","28704212","28704346","8","3537855"
"chr8","25292354","25292462","chr8","28831683","28831795","16","3539329"
"chr8","25408598","25408885","chr8","28949542","28949830","23","3540944"
"chr8","25503113","25503426","chr1","8350188","8350493","66","17152925"
"chr8","25702878","25702979","chr4","35820839","35820944","28","10117961"
"chr8","26128265","26128576","chr8","29680224","29680530","31","3551959"
"chr8","26336989","26337114","chr8","29880038","29880180","26","3543049"
"chr8","26354244","26354549","chr8","29897356","29897674","36","3543112"
"chr8","26553064","26553207","chr8","30093765","30093910","9","3540701"
"chr8","26678148","26678278","chr12","30055825","30055957","24","3377677"
"chr8","26710132","26710444","chr8","30270258","30270552","42","3560126"
"chr8","26827182","26827309","chr3","3571705","3571828","25","23255477"
"chr8","26866272","26866539","chr8","30433519","30433768","39","3567247"
"chr8","26867667","26867829","chr8","30435746","30435932","35","3568079"
"chr8","26868119","26868261","chr8","30436179","30436349","30","3568060"
"chr8","27098629","27098918","chr8","30664836","30665125","11","3566207"
"chr8","27161657","27161893","chr10","2303019","2303257","50","24858638"
"chr8","27186897","27187066","chr8","28582066","28582229","38","1395169"
"chr8","27187097","27187107","chr10","31786595","31786605","5","4599498"
"chr8","27187392","27187522","chr20","9188693","9188824","26","17998699"
"chr8","27236075","27236364","chr10","87241591","87241882","63","60005516"
"chr8","27399464","27399551","chr8","30969693","30969781","7","3570229"
"chr8","27405893","27406187","chr8","30976147","30976441","24","3570254"
"chr8","27416385","27416511","chr2","51984605","51984728","26","24568220"
"chr8","27463516","27463806","chr8","31035369","31035659","14","3571853"
"chr8","27634646","27634959","chr13","94459928","94460234","74","66825282"
"chr8","27771918","27772222","chr8","31336918","31337219","27","3565000"
"chr8","27927355","27927670","chr8","31519315","31519631","25","3591960"
"chr8","27976677","27976929","chr8","31572562","31572814","14","3595885"
"chr8","28093121","28093389","chr8","31677047","31677322","15","3583926"
"chr8","28157673","28157964","chr8","31746275","31746590","49","3588602"
"chr8","28838035","28838318","chr4","107482202","107482483","61","78644167"
"chr8","29007025","29007324","chr8","32608912","32609209","20","3601887"
"chr8","29214600","29214868","chr8","32821325","32821591","20","3606725"
"chr8","29366918","29367027","chr8","32986014","32986123","5","3619096"
"chr8","30054764","30055001","chr8","33679851","33680087","38","3625087"
"chr8","30078786","30079043","chr8","33703271","33703531","20","3624485"
"chr8","30209930","30210195","chr8","33828205","33828507","59","3618275"
"chr8","30284616","30284927","chr8","33908362","33908665","40","3623746"
"chr8","30397717","30397894","chr8","34019179","34019341","28","3621462"
"chr8","30398203","30398338","chr8","34019639","34019773","15","3621436"
"chr8","31696362","31696646","chr15","14388718","14389005","67","17307644"
"chr8","31733855","31734145","chr8","35438030","35438328","28","3704175"
"chr8","31911114","31911279","chr8","35627191","35627357","15","3716077"
"chr8","31999859","32000000","chr5","109194110","109194250","28","77194251"
"chr8","32079339","32079656","chrX","147558694","147559005","76","115479355"
"chr8","32119376","32119636","chr1","166854066","166854316","64","134734690"
"chr8","32124423","32124722","chr8","35837548","35837855","25","3713125"
"chr8","32287300","32287608","chr1","22927817","22928115","63","9359483"
"chr8","32376841","32377133","chr8","36110883","36111178","22","3734042"
"chr8","32519683","32519982","chr2","47892792","47893095","58","15373109"
"chr8","32661476","32661768","chr9","94961059","94961353","59","62299583"
"chr8","32751023","32751291","chr8","36489646","36489915","16","3738623"
"chr8","33028389","33028669","chr8","36772479","36772753","17","3744090"
"chr8","33164699","33164982","chr8","36912897","36913206","42","3748198"
"chr8","34268827","34269124","chr8","38059007","38059298","47","3790180"
"chr8","34305760","34306068","chr8","38096838","38097143","21","3791078"
"chr8","34421176","34421288","chr5","78444633","78444743","22","44023457"
"chr8","34520852","34521156","chr8","38317408","38317714","35","3796556"
"chr8","34680191","34680481","chr16","58638778","58639066","68","23958587"
"chr8","34684104","34684394","chr8","38483337","38483612","43","3799233"
"chr8","34694144","34694281","chr11","34055728","34055864","21","638416"
"chr8","34698262","34698464","chr13","38709180","38709391","51","4010918"
"chr8","34773737","34774034","chr16","30988460","30988753","88","3785277"
"chr8","35335460","35335812","chr8","39185931","39186279","54","3850471"
"chr8","35348991","35349296","chr8","39200082","39200384","27","3851091"
"chr8","35380941","35381233","chr8","39232163","39232457","17","3851222"
"chr8","35448487","35448782","chr8","39305826","39306124","18","3857339"
"chr8","35476856","35477159","chr8","39335439","39335742","13","3858583"
"chr8","35494019","35494251","chr8","39352406","39352638","19","3858387"
"chr8","36920693","36920821","chr13","74782008","74782141","22","37861315"
"chr8","37016149","37016332","chr8","40843338","40843518","16","3827189"
"chr8","37016636","37016777","chrX","144541916","144542049","26","107525280"
"chr8","37272036","37272297","chr8","41111899","41112150","19","3839863"
"chr8","38068674","38069001","chr3","86463756","86464090","82","48395082"
"chr8","38081121","38081434","chr8","43392551","43392867","22","5311430"
"chr8","38142221","38142458","chr8","43319092","43319330","14","5176871"
"chr8","38357453","38357765","chr16","41929159","41929453","73","3571706"
"chr8","38476828","38477114","chr8","42986537","42986825","20","4509709"
"chr8","38581098","38581227","chr8","42883643","42883772","10","4302545"
"chr8","38600262","38600368","chr19","16774079","16774185","21","21826183"
"chr8","38893775","38894060","chr8","42501899","42502185","11","3608124"
"chr8","38942595","38942727","chr8","42449786","42449918","9","3507191"
"chr8","38961829","38961904","chr1","139931207","139931277","15","100969378"
"chr8","39211329","39211630","chr8","42167554","42167846","34","2956225"
"chr8","39425691","39425963","chr14","32765425","32765699","64","6660266"
"chr8","39725178","39725340","chr13","107790394","107790551","36","68065216"
"chr8","39809274","39809340","chr13","43555231","43555294","16","3745957"
"chr8","39841570","39841858","chr8","41501558","41501850","16","1659988"
"chr8","39922015","39922137","chr19","27356435","27356554","29","12565580"
"chr8","39922705","39922878","chr20","34007531","34007709","42","5915174"
"chr8","40380006","40380270","chr3","84929430","84929707","74","44549424"
"chr8","40568391","40568671","chr3","120821014","120821299","73","80252623"
"chr8","41232812","41233109","chr8","44872750","44873050","28","3639938"
"chr8","41802644","41802789","chr6","72086654","72086800","35","30284010"
"chr8","41803083","41803130","chr3","125056185","125056233","10","83253102"
"chr8","41835882","41836149","chr8","45542150","45542424","17","3706268"
"chr8","41836161","41836280","chr8","45542435","45542560","12","3706274"
"chr8","41879251","41879450","chr8","45594867","45595058","25","3715616"
"chr8","42000288","42000623","chr8","45717939","45718272","18","3717651"
"chr8","42659846","42659979","chr11","132289155","132289287","29","89629309"
"chr8","43695511","43695796","chr8","47437486","47437777","29","3741975"
"chr8","43790204","43790338","chr2","169074966","169075098","39","125284762"
"chr8","44070734","44071019","chr1","43394466","43394742","67","676268"
"chr8","44096123","44096402","chr8","51486964","51487249","26","7390841"
"chr8","44248099","44248395","chr8","51329590","51329879","29","7081491"
"chr8","45682820","45683118","chr8","49760150","49760470","51","4077330"
"chr8","46221770","46221822","chr1","50832109","50832161","10","4610339"
"chr8","46560187","46560464","chr9","15483478","15483765","72","31076709"
"chr8","47581130","47581418","chr6","78799285","78799566","66","31218155"
"chr8","47620749","47620882","chr3","13531543","13531676","19","34089206"
"chr8","47666299","47666573","chr14","106495597","106495867","67","58829298"
"chr8","47725896","47726171","chr11","106674149","106674417","59","58948253"
"chr8","47816324","47816556","chr1","148600739","148600964","67","100784415"
"chr8","47871012","47871141","chr8","51975953","51976083","7","4104941"
"chr8","48091560","48091626","chr11","106993687","106993763","24","58902127"
"chr8","48116892","48117030","chr2","203621272","203621406","28","155504380"
"chr8","48166425","48166728","chr8","52265548","52265835","36","4099123"
"chr8","48301899","48302182","chr8","52403128","52403410","18","4101229"
"chr8","49126916","49127055","chr8","53272577","53272712","14","4145661"
"chr8","49285436","49285735","chr18","44176048","44176351","73","5109388"
"chr8","49581440","49581568","chr7","69159470","69159604","24","19578030"
"chr8","49581876","49581891","chr19","14715810","14715826","2","34866066"
"chr8","49603286","49603580","chr2","89052518","89052817","66","39449232"
"chr8","49636532","49636626","chr8","53779663","53779757","4","4143131"
"chr8","49687845","49687979","chr12","100835212","100835345","20","51147367"
"chr8","49705741","49705901","chr3","133031705","133031853","38","83325964"
"chr8","49818362","49818662","chr4","44179828","44180128","54","5638534"
"chr8","49855640","49855801","chrX","71634084","71634235","45","21778444"
"chr8","50733410","50733718","chr8","54895902","54896224","28","4162492"
"chr8","56076154","56076456","chr8","55943781","55944072","26","132373"
"chr8","56471902","56472209","chr18","44176048","44176351","60","12295854"
"chr8","56486827","56486956","chr8","56395208","56395336","11","91619"
"chr8","57293067","57293359","chr8","57203253","57203543","28","89814"
"chr8","57413977","57414197","chr19","32232280","32232514","59","25181697"
"chr8","57555617","57555786","chr8","57517524","57517686","23","38093"
"chr8","57599801","57599881","chr15","8707253","8707317","24","48892548"
"chr8","58436797","58437068","chr8","58367587","58367858","22","69210"
"chr8","58550164","58550283","chr2","94776250","94776371","25","36226086"
"chr8","58551190","58551461","chr1","148723031","148723315","69","90171841"
"chr8","58567369","58567562","chr8","58507899","58508096","25","59470"
"chr8","58627981","58628349","chr11","133263492","133263833","120","74635511"
"chr8","58657836","58658132","chr1","126265031","126265311","68","67607195"
"chr8","58740963","58741252","chr8","58687845","58688136","23","53118"
"chr8","61041607","61041946","chr8","43392551","43392867","95","17649056"
"chr8","61335397","61335556","chr2","91658413","91658557","40","30323016"
"chr8","61380183","61380417","chr8","61167681","61167919","19","212502"
"chr8","61451845","61451974","chr8","61241084","61241210","11","210761"
"chr8","63062106","63062401","chr8","62969043","62969330","25","93063"
"chr8","63104915","63105174","chr8","63011620","63011900","36","93295"
"chr8","63117187","63117405","chr8","63030812","63031027","29","86375"
"chr8","63820819","63820944","chr8","63724333","63724447","23","96486"
"chr8","63863691","63863973","chr8","63767307","63767590","18","96384"
"chr8","63865965","63866105","chr1","122885708","122885844","30","59019743"
"chr8","63910342","63910568","chr8","63822529","63822778","29","87813"
"chr8","64222515","64222790","chr8","64153038","64153316","20","69477"
"chr8","64504315","64504605","chr8","64432672","64432993","47","71643"
"chr8","64609805","64609999","chr8","64536821","64537015","22","72984"
"chr8","64659311","64659474","chr8","64586721","64586885","8","72590"
"chr8","64682617","64682932","chr8","64609314","64609630","24","73303"
"chr8","64824929","64825083","chr3","15822345","15822496","31","49002584"
"chr8","64932673","64932847","chr8","64870316","64870490","9","62357"
"chr8","64991662","64991970","chr10","36271368","36271676","69","28720294"
"chr8","65225884","65226045","chr1","161169668","161169828","33","95943784"
"chr8","65281569","65281736","chr15","14071498","14071652","37","51210071"
"chr8","65507155","65507476","chr8","65444754","65445072","30","62401"
"chr8","65611164","65611452","chr8","65548461","65548754","22","62703"
"chr8","65640831","65641121","chr8","65576334","65576623","24","64497"
"chr8","65833559","65833846","chr4","43544153","43544436","63","22289406"
"chr8","65926353","65926645","chr3","84929430","84929707","68","19003077"
"chr8","65981952","65982237","chr8","65942312","65942597","18","39640"
"chr8","66070855","66071140","chrX","27038448","27038724","68","39032407"
"chr8","66089084","66089354","chr8","66047413","66047691","31","41671"
"chr8","66565505","66565813","chr8","66520563","66520871","31","44942"
"chr8","67528250","67528539","chr7","57408761","57409051","60","10119489"
"chr8","68158807","68158960","chr8","68147809","68147961","16","10998"
"chr8","68159262","68159392","chr20","52435277","52435385","38","15723985"
"chr8","68314566","68314661","chr8","68313510","68313601","8","1056"
"chr8","68527339","68527656","chr9","58449925","58450234","81","10077414"
"chr8","68703344","68703622","chr18","39942085","39942363","74","28761259"
"chr8","68704213","68704516","chr8","68745107","68745398","22","40894"
"chr8","68807725","68808032","chr8","68846814","68847136","42","39089"
"chr8","68856779","68856929","chr8","68898957","68899107","9","42178"
"chr8","68858659","68858813","chr8","68900915","68901069","11","42256"
"chr8","69194837","69195112","chrX","52718283","52718571","73","16476554"
"chr8","69262460","69262649","chr8","69329127","69329318","19","66667"
"chr8","70771011","70771302","chr8","70801822","70802109","22","30811"
"chr8","71179754","71179882","chr8","71232182","71232313","7","52428"
"chr8","71199825","71199957","chr19","44757841","44757975","19","26441984"
"chr8","71436831","71437115","chr8","71493764","71494056","37","56933"
"chr8","71475338","71475478","chr14","78435186","78435320","35","6959848"
"chr8","71532700","71533008","chr8","71593847","71594149","27","61147"
"chr8","72025238","72025538","chr8","72087910","72088216","33","62672"
"chr8","72043126","72043408","chr8","72101659","72101946","17","58533"
"chr8","72077657","72077948","chr8","72139023","72139316","28","61366"
"chr8","72174768","72174908","chr5","109194110","109194250","27","37019342"
"chr8","72222422","72222726","chr8","72289345","72289643","32","66923"
"chr8","72259982","72260072","chr9","15544298","15544391","23","56715684"
"chr8","72895680","72895967","chr15","13051714","13052005","68","59843966"
"chr8","73201988","73202206","chr4","3163112","3163335","63","70038876"
"chr8","73240861","73241140","chr2","165638198","165638486","73","92397337"
"chr8","73471209","73471470","chr8","73502991","73503278","40","31782"
"chr8","74011670","74011958","chr3","42185773","42186069","65","31825897"
"chr8","75093013","75093276","chr9","59391775","59392022","67","15701238"
"chr8","76468532","76468655","chr5","64320848","64320974","33","12147684"
"chr8","76694964","76695268","chr14","67399662","67399945","92","9295302"
"chr8","77522771","77523057","chr8","77607739","77608026","16","84968"
"chr8","77552778","77553095","chr8","77629248","77629587","52","76470"
"chr8","77607403","77607523","chr16","18956727","18956844","25","58650676"
"chr8","77827018","77827155","chr11","98398817","98398954","23","20571799"
"chr8","77906094","77906225","chr8","77996925","77997056","10","90831"
"chr8","77923658","77923926","chr8","78020094","78020359","36","96436"
"chr8","77931107","77931381","chr8","78027552","78027837","24","96445"
"chr8","77962644","77962867","chr8","78057957","78058170","29","95313"
"chr8","78027410","78027532","chr8","78119678","78119800","7","92268"
"chr8","78071119","78071380","chr8","78175858","78176120","33","104739"
"chr8","78278422","78278666","chr4","73842415","73842675","82","4436007"
"chr8","78337623","78337901","chr8","78434485","78434761","23","96862"
"chr8","78353162","78353451","chr8","78450596","78450874","31","97434"
"chr8","78525274","78525361","chr5","38362155","38362244","21","40163119"
"chr8","78758169","78758447","chr8","78867431","78867710","11","109262"
"chr8","79360054","79360215","chr2","95170829","95170996","39","15810775"
"chr8","79790013","79790163","chr16","26881977","26882130","39","52908036"
"chr8","79792807","79793093","chr8","79927997","79928283","16","135190"
"chr8","80688716","80688861","chr8","80795607","80795751","15","106891"
"chr8","82120805","82121094","chr1","67245632","67245929","72","14875173"
"chr8","82181322","82181489","chr2","34241743","34241911","46","47939579"
"chr8","82282408","82282685","chr8","82524730","82525015","55","242322"
"chr8","82379797","82380081","chr8","82631165","82631448","19","251368"
"chr8","82693839","82694139","chr8","82966584","82966892","38","272745"
"chr8","82912337","82912617","chr8","83172334","83172614","27","259997"
"chr8","84600829","84601107","chr8","84127187","84127465","23","473642"
"chr8","84656880","84657192","chr8","84179768","84180081","29","477112"
"chr8","84738941","84739233","chr12","66354678","66354979","64","18384263"
"chr8","85063529","85063656","chr8","84655529","84655657","8","408000"
"chr8","85172347","85172485","chr14","10853551","10853688","22","74318796"
"chr8","87287818","87288046","chr1","45119337","45119566","68","42168481"
"chr8","87669634","87669939","chr8","87478689","87478971","42","190945"
"chr8","88158090","88158385","chr8","88043105","88043401","33","114985"
"chr8","88224171","88224443","chr8","88096466","88096762","37","127705"
"chr8","88827797","88828081","chr8","88720983","88721284","41","106814"
"chr8","89427456","89427707","chr8","89400067","89400318","25","27389"
"chr8","89589553","89589850","chr8","89567343","89567639","13","22210"
"chr8","89918198","89918355","chr10","80212336","80212494","37","9705862"
"chr8","89944303","89944580","chr8","89915396","89915673","19","28907"
"chr8","90695751","90695978","chr9","91227649","91227868","53","531898"
"chr8","90838545","90838671","chr8","90825961","90826085","14","12584"
"chr8","91619591","91619850","chr8","91591548","91591813","38","28043"
"chr8","92061613","92061745","chr8","92028841","92028972","9","32772"
"chr8","92173430","92173729","chr4","17370062","17370355","66","74803368"
"chr8","92327913","92328119","chr8","92292224","92292428","7","35689"
"chr8","92565378","92565599","chr8","92537132","92537340","29","28246"
"chr8","92569056","92569312","chr8","92540760","92541024","24","28296"
"chr8","92904684","92904979","chr15","69081754","69082046","77","23822930"
"chr8","93098330","93098633","chr8","93065608","93065915","35","32722"
"chr8","93112538","93112799","chr8","93080166","93080428","27","32372"
"chr8","93134040","93134221","chr9","110578116","110578292","40","17444076"
"chr8","93134260","93134376","chr12","35155858","35155973","22","57978402"
"chr8","93160382","93160548","chr8","93119877","93120048","19","40505"
"chr8","93160566","93160813","chr8","93120061","93120284","37","40505"
"chr8","93211097","93211227","chr5","38874444","38874577","28","54336653"
"chr8","93813666","93813960","chr8","93530155","93530458","25","283511"
"chr8","93848878","93849162","chr13","33420750","33421036","56","60428128"
"chr8","93912826","93913136","chr8","93633708","93633949","94","279118"
"chr8","94050786","94051068","chr8","93770708","93770977","29","280078"
"chr8","94432202","94432456","chr8","94173625","94173880","16","258577"
"chr8","95903452","95903738","chr2","149386672","149386970","62","53483220"
"chr8","95909732","95910026","chr8","95736172","95736476","25","173560"
"chr8","96074456","96074731","chr8","95887340","95887625","25","187116"
"chr8","96156346","96156476","chr8","95969083","95969219","18","187263"
"chr8","96438045","96438353","chr8","96220911","96221220","23","217134"
"chr8","96484103","96484235","chr8","96271477","96271609","6","212626"
"chr8","96583432","96583547","chr8","96379738","96379854","5","203694"
"chr8","96592799","96593087","chr8","96391983","96392274","18","200816"
"chr8","96753657","96753945","chr8","96566395","96566681","19","187262"
"chr8","96860141","96860434","chr8","96674869","96675159","25","185272"
"chr8","96913274","96913398","chr4","109297937","109298055","27","12384663"
"chr8","96913693","96913836","chr8","96725298","96725441","4","188395"
"chr8","97022260","97022490","chr8","96841463","96841689","13","180797"
"chr8","97121037","97121109","chr16","69603322","69603397","13","27517715"
"chr8","97155514","97155816","chr10","51734434","51734728","61","45421080"
"chr8","97378105","97378360","chr7","57616233","57616500","67","39761872"
"chr8","97490299","97490393","chr2","50275342","50275436","28","47214957"
"chr8","97564707","97565012","chr8","97359768","97360073","9","204939"
"chr8","97616542","97616622","chr8","97436875","97436956","10","179667"
"chr8","97619819","97620122","chr8","97437480","97437784","24","182339"
"chr8","97689597","97689745","chr15","10860771","10860908","32","86828826"
"chr8","97800526","97800821","chr8","97643253","97643549","24","157273"
"chr8","97820707","97820997","chr9","24513270","24513561","66","73307437"
"chr8","97829838","97830005","chr12","21256152","21256319","42","76573686"
"chr8","97935088","97935391","chr8","97772116","97772383","51","162972"
"chr8","98610962","98611318","chr8","98507836","98508108","103","103126"
"chr8","98790283","98790415","chr11","67974186","67974318","21","30816097"
"chr8","98804679","98804785","chr8","98696974","98697079","14","107705"
"chr8","98886800","98886984","chr8","98786188","98786357","23","100612"
"chr8","99196653","99196971","chr8","99099523","99099845","22","97130"
"chr8","99528965","99529255","chr8","99426583","99426854","49","102382"
"chr8","99592888","99593204","chr2","72426884","72427200","61","27166004"
"chr8","99699504","99699811","chr8","99606060","99606363","21","93444"
"chr8","99820593","99820747","chr8","99729368","99729519","15","91225"
"chr8","100112793","100112861","chr8","100023998","100024067","5","88795"
"chr8","100165093","100165223","chr8","100076368","100076498","12","88725"
"chr8","100424586","100424866","chr8","100336437","100336735","34","88149"
"chr8","100558872","100559040","chr8","100467745","100467916","19","91127"
"chr8","100585442","100585728","chr8","100494903","100495189","20","90539"
"chr8","100675247","100675541","chr8","100594030","100594332","39","81217"
"chr8","100689107","100689424","chr4","167856855","167857161","76","67167748"
"chr8","101038522","101038646","chr3","126167933","126168057","19","25129411"
"chr8","101093892","101094205","chr17","80993762","80994070","63","20100130"
"chr8","101170250","101170497","chr3","79178673","79178901","67","21991577"
"chr8","101184810","101184942","chr8","101084383","101084514","8","100427"
"chr8","101285489","101285768","chr6","15357173","15357445","69","85928316"
"chr8","101312535","101312830","chr8","101209389","101209686","26","103146"
"chr8","101345316","101345571","chr8","101243062","101243326","26","102254"
"chr8","101464995","101465120","chr8","101369635","101369756","10","95360"
"chr8","101566338","101566593","chr1","213032011","213032263","65","111465673"
"chr8","101904467","101904768","chr8","101833013","101833311","21","71454"
"chr8","102217063","102217375","chr8","102141612","102141923","17","75451"
"chr8","102244889","102244989","chr10","33248770","33248874","22","68996119"
"chr8","102608986","102609244","chr8","102577555","102577812","14","31431"
"chr8","102705550","102705672","chr8","102684031","102684158","19","21519"
"chr8","102705983","102706151","chr8","102684461","102684623","30","21522"
"chr8","102922320","102922609","chr8","102897564","102897862","30","24756"
"chr8","102939275","102939588","chr8","102915599","102915909","40","23676"
"chr8","103173257","103173393","chr15","41512684","41512816","24","61660573"
"chr8","103396083","103396378","chr8","103384403","103384697","19","11680"
"chr8","103914871","103915173","chr8","103907273","103907568","25","7598"
"chr8","103927133","103927420","chr8","103919458","103919773","56","7675"
"chr8","104206984","104207270","chr8","104243082","104243365","20","36098"
"chr8","104673428","104673602","chr8","104718289","104718460","15","44861"
"chr8","104675844","104676007","chr8","104720705","104720881","18","44861"
"chr8","105165256","105165552","chrX","96821424","96821721","72","8343832"
"chr8","105743272","105743399","chr17","91790925","91791056","22","13952347"
"chr8","105967962","105968258","chr8","106026162","106026443","37","58200"
"chr8","106096599","106096731","chr8","106151210","106151343","15","54611"
"chr8","106132736","106133015","chr6","64213792","64214076","70","41918944"
"chr8","106177660","106177862","chr8","106240323","106240523","18","62663"
"chr8","107187236","107187368","chr15","41512684","41512816","19","65674552"
"chr8","107269020","107269319","chr8","107275666","107275960","26","6646"
"chr8","108057923","108058230","chr14","78908483","78908776","77","29149440"
"chr8","108300447","108300512","chr7","29539482","29539552","14","78760965"
"chr8","110714470","110714758","chr8","110461140","110461429","23","253330"
"chr8","111950460","111950613","chr16","24168969","24169115","33","87781491"
"chr8","112249287","112249572","chr8","112092182","112092467","31","157105"
"chr8","112987608","112987903","chr8","112849872","112850166","23","137736"
"chr8","113431197","113431340","chr2","14968225","14968376","44","98462972"
"chr8","113624001","113624218","chr13","27647470","27647688","58","85976531"
"chr8","113743799","113744065","chr8","113613614","113613915","68","130185"
"chr8","115994573","115994872","chr8","115977951","115978264","37","16622"
"chr8","116006061","116006338","chr8","115989540","115989810","23","16521"
"chr8","116044427","116044735","chr8","116028338","116028645","25","16089"
"chr8","116598110","116598409","chr8","116603213","116603511","33","5103"
"chr8","116721684","116721906","chr8","116747457","116747676","18","25773"
"chr8","117530037","117530192","chr6","76827038","76827187","35","40702999"
"chr8","117630023","117630312","chr8","117650345","117650636","21","20322"
"chr8","118014896","118015160","chr1","22000418","22000679","80","96014478"
"chr8","119346549","119346674","chr6","37427171","37427304","28","81919378"
"chr8","119512532","119512785","chr8","119272873","119273151","55","239659"
"chr8","120435758","120436039","chr8","120139405","120139699","23","296353"
"chr8","121013107","121013411","chr17","80993762","80994070","67","40019345"
"chr8","121113560","121113639","chr8","120837039","120837116","5","276521"
"chr8","121662230","121662393","chr4","168599260","168599420","41","46937030"
"chr8","122482586","122482887","chr8","122237205","122237516","29","245381"
"chr8","122772702","122772987","chr8","122520681","122520970","19","252021"
"chr8","122862850","122863158","chr5","77978039","77978343","67","44884811"
"chr8","123077748","123077870","chr8","122822323","122822445","8","255425"
"chr8","123307386","123307674","chr6","158548580","158548866","59","35241194"
"chr8","123551369","123551670","chr5","153651837","153652140","62","30100468"
"chr8","123867504","123867681","chr10","31214197","31214351","54","92653307"
"chr8","123936026","123936078","chr8","123698200","123698250","5","237826"
"chr8","124371057","124371166","chr11","61333551","61333666","25","63037506"
"chr8","124401614","124401744","chr1","101109331","101109465","29","23292283"
"chr8","124421947","124422060","chr8","124259672","124259772","16","162275"
"chr8","124547507","124547793","chr1","10636980","10637278","69","113910527"
"chr8","124757642","124757868","chr8","124586966","124587189","22","170676"
"chr8","124963435","124963572","chr14","78435186","78435320","18","46528249"
"chr8","125148591","125148747","chr8","124984862","124985029","24","163729"
"chr8","125398784","125399065","chr8","125259725","125260006","24","139059"
"chr8","126012553","126012694","chr12","5904314","5904452","26","120108239"
"chr8","126039676","126039810","chr1","5954140","5954271","23","120085536"
"chr8","126044331","126044462","chr8","125924898","125925030","10","119433"
"chr8","126190621","126190791","chr8","126083462","126083632","6","107159"
"chr8","126319997","126320133","chr18","8724148","8724285","27","117595849"
"chr8","126339859","126339981","chr8","126229751","126229869","9","110108"
"chr8","127227300","127227390","chr14","112027888","112027975","19","15199412"
"chr8","127367471","127367747","chr6","136604120","136604394","68","9236649"
"chr8","127373360","127373453","chr8","127329372","127329476","17","43988"
"chr8","127618215","127618503","chr8","127576126","127576414","14","42089"
"chr8","128384571","128384829","chr1","53671206","53671483","71","74713365"
"chr8","128515139","128515297","chr16","55697996","55698154","35","72817143"
"chr8","128515323","128515442","chr8","28328307","28328428","27","100187016"
"chr8","129111028","129111142","chr1","143352161","143352274","31","14241133"
"chr8","129172698","129172995","chr1","161180939","161181208","80","32008241"
"chr8","129244867","129245103","chr8","129161941","129162175","20","82926"
"chr8","129278246","129278385","chr14","18332409","18332546","21","110945837"
"chr8","130546988","130547232","chr8","130268285","130268529","13","278703"
"chr8","130788537","130788842","chr8","130502586","130502893","17","285951"
"chr8","131292037","131292240","chr8","130981765","130981941","47","310272"
"chr8","131365358","131365484","chr5","64320848","64320974","25","67044510"
"chr8","133466478","133466703","chr8","133144757","133144990","36","321721"
"chr8","133470273","133470395","chr3","126141042","126141168","27","7329231"
"chr8","134043244","134043402","chr15","88240242","88240394","53","45803002"
"chr8","134073994","134074139","chr13","24403469","24403618","32","109670525"
"chr8","134139544","134139864","chr8","133819918","133820252","38","319626"
"chr8","134377108","134377223","chr8","134051133","134051258","17","325975"
"chr8","134424776","134424870","chr10","73410501","73410597","31","61014275"
"chr8","135389108","135389443","chr8","135049342","135049644","57","339766"
"chr8","138529328","138529621","chr8","138033397","138033692","37","495931"
"chr8","139778210","139778469","chr8","139272017","139272249","53","506193"
"chr8","140169452","140169728","chr13","33420750","33421036","66","106748702"
"chr8","140405705","140405859","chr8","139878884","139879042","26","526821"
"chr8","140406153","140406287","chr8","139879339","139879473","5","526814"
"chr8","140519564","140519825","chr5","41356897","41357157","70","99162667"
"chr8","140671154","140671460","chr8","140154082","140154394","30","517072"
"chr8","140704067","140704374","chr8","140190213","140190519","27","513854"
"chr8","141079101","141079235","chr8","140557968","140558102","9","521133"
"chr8","141213157","141213456","chr6","148083680","148083980","59","6870523"
"chr8","141746165","141746440","chr8","141229037","141229323","33","517128"
"chr8","142177365","142177668","chr8","141664043","141664340","21","513322"
"chr8","142240914","142241047","chr14","10853551","10853688","27","131387363"
"chr8","142470429","142470686","chr8","141975430","141975687","10","494999"
"chr8","143328436","143328566","chr8","142815443","142815574","9","512993"
"chr8","143438206","143438350","chr15","8150163","8150300","35","135288043"
"chr8","143440528","143440758","chrX","104605761","104605988","58","38834767"
"chr8","143517122","143517411","chr8","143005506","143005795","15","511616"
"chr8","144295768","144295990","chr8","143815191","143815432","42","480577"
"chr8","144590374","144590650","chr8","144116873","144117132","36","473501"
"chr9","202537","202845","chr8","100336437","100336735","72","100133900"
"chr9","454659","454877","chr15","84088912","84089132","21","83634253"
"chr9","549692","549954","chr15","83983378","83983640","9","83433686"
"chr9","828383","828541","chr11","110071969","110072127","27","109243586"
"chr9","933807","933966","chr15","31978715","31978876","34","31044908"
"chr9","934275","934410","chr11","12976906","12977044","23","12042631"
"chr9","1001059","1001314","chr15","43610240","43610508","62","42609181"
"chr9","1125045","1125326","chr15","83426293","83426574","16","82301248"
"chr9","2737565","2737862","chr15","81788240","81788531","22","79050675"
"chr9","2852368","2852667","chr15","81663212","81663514","19","78810844"
"chr9","3175989","3176275","chr15","81347713","81347995","23","78171724"
"chr9","3195002","3195289","chr15","81327913","81328206","26","78132911"
"chr9","3206028","3206318","chr15","81314430","81314726","29","78108402"
"chr9","3543966","3544104","chr17","22939623","22939744","45","19395657"
"chr9","3726776","3727066","chr15","80766181","80766470","24","77039405"
"chr9","4033755","4034079","chr15","80466304","80466627","24","76432549"
"chr9","4333651","4333903","chr15","80173324","80173578","18","75839673"
"chr9","4832859","4832971","chr15","79686331","79686460","26","74853472"
"chr9","4878280","4878515","chr15","79641912","79642152","22","74763632"
"chr9","4891911","4892205","chr6","78799285","78799566","64","73907374"
"chr9","4955350","4955648","chr14","78908483","78908776","64","73953133"
"chr9","5624387","5624675","chr20","11774510","11774795","61","6150123"
"chr9","5628510","5628802","chr15","78830441","78830715","47","73201931"
"chr9","5671184","5671472","chr15","78774672","78774963","28","73103488"
"chr9","5821360","5821463","chrX","124793090","124793200","24","118971730"
"chr9","5904642","5904991","chr15","78533112","78533444","35","72628470"
"chr9","6048637","6048916","chr15","78380738","78381010","48","72332101"
"chr9","6052544","6052657","chr5","20006659","20006773","24","13954115"
"chr9","6088328","6088505","chr15","78345292","78345489","37","72256964"
"chr9","6168560","6168853","chr20","70726586","70726883","59","64558026"
"chr9","6221056","6221340","chr15","78193069","78193353","20","71972013"
"chr9","6337434","6337556","chr1","100917561","100917687","19","94580127"
"chr9","6342908","6343012","chr15","78070322","78070418","10","71727414"
"chr9","6343270","6343448","chr15","78069879","78070064","24","71726609"
"chr9","6355784","6355903","chr7","82532536","82532646","20","76176752"
"chr9","6641611","6641742","chr12","30055825","30055957","39","23414214"
"chr9","6641977","6642011","chr1","23334574","23334609","11","16692597"
"chr9","7118229","7118533","chr15","77288802","77289093","36","70170573"
"chr9","7931003","7931302","chr1","37211345","37211648","78","29280342"
"chr9","8354477","8354762","chr15","76004397","76004684","18","67649920"
"chr9","8595619","8595921","chr11","103833436","103833731","78","95237817"
"chr9","8775408","8775685","chr15","75581660","75581960","48","66806252"
"chr9","9873806","9873949","chr9","57876233","57876381","38","48002427"
"chr9","12534017","12534316","chrX","43739404","43739703","65","31205387"
"chr9","13059302","13059532","chr15","71261429","71261651","25","58202127"
"chr9","13146342","13146649","chr15","71171336","71171645","29","58024994"
"chr9","13292641","13292967","chr15","71035951","71036257","43","57743310"
"chr9","13359500","13359795","chr15","70959341","70959632","35","57599841"
"chr9","14086894","14087125","chr15","70302217","70302396","63","56215323"
"chr9","14087409","14087554","chr15","70301783","70301928","12","56214374"
"chr9","14182281","14182569","chr15","70206641","70206931","22","56024360"
"chr9","14597911","14598176","chr15","69728736","69728992","36","55130825"
"chr9","15068352","15068630","chr15","69247671","69247948","20","54179319"
"chr9","15196259","15196554","chr15","69119717","69120012","31","53923458"
"chr9","15457881","15458012","chr15","68863267","68863399","9","53405386"
"chr9","16062077","16062352","chr14","32765425","32765699","70","16703348"
"chr9","16432599","16432613","chr1","137823548","137823562","5","121390949"
"chr9","16432876","16433034","chr6","128903077","128903228","53","112470201"
"chr9","16501764","16502056","chr15","67771568","67771860","16","51269804"
"chr9","16814001","16814271","chr20","59124558","59124843","72","42310557"
"chr9","17001439","17001685","chr15","67273609","67273855","19","50272170"
"chr9","17204500","17204658","chr1","17554209","17554365","34","349709"
"chr9","17204696","17204791","chr5","38362155","38362244","25","21157459"
"chr9","17353123","17353408","chr15","66917344","66917658","50","49564221"
"chr9","17410650","17410932","chr15","66870230","66870514","15","49459580"
"chr9","17421056","17421343","chr15","66859448","66859739","23","49438392"
"chr9","17673882","17674195","chr11","1841535","1841859","78","15832347"
"chr9","17741643","17741896","chr15","66536760","66537014","15","48795117"
"chr9","17969153","17969457","chr15","66292417","66292721","17","48323264"
"chr9","18168444","18168754","chr15","66087501","66087811","18","47919057"
"chr9","18530231","18530498","chr15","65744982","65745249","22","47214751"
"chr9","18642837","18642896","chr13","92751329","92751392","14","74108492"
"chr9","18853315","18853428","chr15","65443144","65443257","13","46589829"
"chr9","19506862","19507053","chr15","64807434","64807620","14","45300572"
"chr9","19515973","19516097","chr4","7682259","7682377","27","11833714"
"chr9","19526481","19526633","chr15","64783799","64783946","15","45257318"
"chr9","19554715","19555007","chr15","64755684","64756000","48","45200969"
"chr9","19667057","19667322","chr15","64625293","64625566","31","44958236"
"chr9","19679809","19679931","chr1","174366848","174366952","37","154687039"
"chr9","20030164","20030466","chr14","5894014","5894309","65","14136150"
"chr9","20721624","20721845","chr7","27907921","27908137","48","7186297"
"chr9","20929684","20929781","chr15","63487114","63487201","16","42557430"
"chr9","20998459","20998753","chr2","62121493","62121782","77","41123034"
"chr9","21114270","21114548","chr15","63283848","63284111","35","42169578"
"chr9","21189440","21189745","chrX","80624724","80625025","72","59435284"
"chr9","22282290","22282577","chr2","136604287","136604581","66","114321997"
"chr9","22518759","22519036","chr13","33192611","33192875","70","10673852"
"chr9","24271856","24272104","chr15","60123290","60123537","12","35851434"
"chr9","26085146","26085420","chr15","58223361","58223635","20","32138215"
"chr9","27215941","27216216","chr15","57115927","57116204","23","29899986"
"chr9","27336109","27336247","chr15","57002300","57002438","7","29666191"
"chr9","27407275","27407404","chr15","56931624","56931751","7","29524349"
"chr9","27464582","27464866","chr15","56867848","56868133","30","29403266"
"chr9","27471346","27471635","chr14","32226544","32226832","68","4755198"
"chr9","27491367","27491501","chr6","63960389","63960524","21","36469022"
"chr9","27551193","27551476","chr15","56776394","56776674","18","29225201"
"chr9","27870359","27870647","chr15","56458232","56458532","46","28587873"
"chr9","27933987","27934252","chr15","56394428","56394686","17","28460441"
"chr9","28010489","28010777","chr15","56318179","56318466","18","28307690"
"chr9","28026327","28026608","chr15","56302254","56302534","22","28275927"
"chr9","29526178","29526464","chr15","54889852","54890123","37","25363674"
"chr9","30266030","30266267","chr15","54130208","54130445","7","23864178"
"chr9","30313706","30313990","chr15","54079093","54079379","42","23765387"
"chr9","30326582","30326870","chr2","47892792","47893095","75","17566210"
"chr9","31375677","31375968","chr15","53051099","53051400","39","21675422"
"chr9","31478866","31479092","chr15","52946765","52946977","27","21467899"
"chr9","32279270","32279549","chr15","52210325","52210616","37","19931055"
"chr9","32950495","32950780","chr15","51592668","51592954","13","18642173"
"chr9","32992792","32993063","chr14","69954872","69955147","58","36962080"
"chr9","33131257","33131381","chr1","100917561","100917687","23","67786304"
"chr9","33435325","33435472","chr1","207759961","207760110","28","174324636"
"chr9","33536740","33537060","chr15","50999548","50999864","22","17462808"
"chr9","33618206","33618306","chr7","31399238","31399324","30","2218968"
"chr9","33758305","33758603","chr15","50789169","50789468","23","17030864"
"chr9","33761640","33761885","chr9","89195305","89195545","62","55433665"
"chr9","33920377","33920685","chr15","50623294","50623594","19","16702917"
"chr9","33945248","33945563","chr2","95788540","95788841","70","61843292"
"chr9","34541989","34542106","chrX","124793090","124793200","32","90251101"
"chr9","34543155","34543283","chr1","100917561","100917687","19","66374406"
"chr9","34549430","34549558","chr1","92629998","92630131","16","58080568"
"chr9","34550903","34551020","chr11","92693192","92693307","21","58142289"
"chr9","34622831","34623111","chr3","116574088","116574379","72","81951257"
"chr9","34628124","34628411","chr7","19803961","19804255","68","14824163"
"chr9","34872814","34872941","chr15","50028646","50028775","9","15155832"
"chr9","34950181","34950491","chr15","49948188","49948497","19","14998007"
"chr9","34953197","34953479","chr9","73365165","73365443","53","38411968"
"chr9","35060235","35060451","chr15","49848551","49848779","30","14788316"
"chr9","35273393","35273541","chr15","49640120","49640268","11","14366727"
"chr9","35495497","35495626","chr2","67437934","67438063","25","31942437"
"chr9","35774968","35775147","chr8","93119877","93120048","48","57344909"
"chr9","35775467","35775597","chr1","185136881","185137017","24","149361414"
"chr9","35922962","35923088","chr15","49037383","49037509","5","13114421"
"chr9","35992355","35992658","chr15","48967898","48968214","37","12975543"
"chr9","36098375","36098505","chr19","31772963","31773098","21","4325412"
"chr9","36206107","36206309","chr1","51848351","51848543","43","15642244"
"chr9","36533773","36534055","chr15","48374434","48374725","33","11840661"
"chr9","36881117","36881395","chr15","47938045","47938324","12","11056928"
"chr9","36903799","36904094","chr15","47914556","47914847","23","11010757"
"chr9","36984625","36984846","chr15","47827679","47827896","22","10843054"
"chr9","37039831","37040144","chr15","47771599","47771909","27","10731768"
"chr9","37174975","37175114","chr1","163076626","163076759","26","125901651"
"chr9","37216312","37216486","chr15","47587002","47587161","24","10370690"
"chr9","37284198","37284503","chr15","47517532","47517827","35","10233334"
"chr9","37707641","37707940","chr15","47048612","47048913","25","9340971"
"chr9","37716632","37716795","chr15","47039843","47040006","12","9323211"
"chr9","37722605","37722768","chr4","157233978","157234141","40","119511373"
"chr9","37871596","37871891","chr15","47012822","47013112","17","9141226"
"chr9","37970385","37970683","chr15","46914449","46914748","16","8944064"
"chr9","38169163","38169438","chr2","44735869","44736149","66","6566706"
"chr9","38186621","38186913","chr15","46630144","46630438","29","8443523"
"chr9","38276316","38276464","chr6","58109405","58109547","32","19833089"
"chr9","38316728","38317013","chr4","43544153","43544436","53","5227425"
"chr9","38345821","38346000","chr10","32663771","32663932","46","5682050"
"chr9","38571059","38571318","chr15","46233274","46233519","33","7662215"
"chr9","38581373","38581641","chr15","46222945","46223226","40","7641572"
"chr9","38583521","38583812","chr15","46220700","46221001","30","7637179"
"chr9","38627949","38628088","chr15","46171560","46171694","11","7543611"
"chr9","38708442","38708717","chr15","46096913","46097188","14","7388471"
"chr9","38710127","38710397","chr15","46095228","46095509","25","7385101"
"chr9","67290270","67290577","chr15","84714836","84715123","44","17424566"
"chr9","67817699","67817850","chr1","223046712","223046848","46","155229013"
"chr9","67860752","67860933","chr15","85290315","85290503","23","17429563"
"chr9","67861246","67861366","chr15","85290808","85290928","9","17429562"
"chr9","67965651","67965938","chr5","151044691","151044963","63","83079040"
"chr9","68079558","68079794","chr9","20662151","20662361","79","47417407"
"chr9","68354757","68355011","chr15","85783230","85783494","37","17428473"
"chr9","68358418","68358704","chr15","85786947","85787226","29","17428529"
"chr9","68373078","68373377","chr15","85799124","85799424","18","17426046"
"chr9","68590799","68591101","chr15","86021722","86022035","38","17430923"
"chr9","68885270","68885582","chr15","86315921","86316234","18","17430651"
"chr9","69462703","69463007","chr15","86900735","86901014","47","17438032"
"chr9","70246652","70246768","chr8","32986014","32986123","28","37260638"
"chr9","70412648","70412914","chr15","87865139","87865393","28","17452491"
"chr9","70486525","70486657","chr9","115900218","115900349","18","45413693"
"chr9","70499016","70499133","chr4","141823330","141823447","27","71324314"
"chr9","70499167","70499352","chr2","84640092","84640260","46","14140925"
"chr9","70520312","70520571","chr15","87977810","87978068","14","17457498"
"chr9","73769115","73769252","chr15","91189198","91189325","17","17420083"
"chr9","73780256","73780390","chr1","161407756","161407890","29","87627500"
"chr9","73781829","73782111","chr15","91203036","91203303","28","17421207"
"chr9","73820488","73820757","chr15","91244156","91244459","46","17423668"
"chr9","73839358","73839519","chr15","91264810","91264974","6","17425452"
"chr9","73867641","73867919","chr3","100187927","100188194","75","26320286"
"chr9","73893235","73893503","chr15","91316893","91317163","15","17423658"
"chr9","73961049","73961349","chr15","91383785","91384086","23","17422736"
"chr9","74877483","74877742","chr15","92293959","92294227","31","17416476"
"chr9","74915822","74916098","chr2","116876650","116876931","63","41960828"
"chr9","75309134","75309384","chr16","39374201","39374453","76","35934933"
"chr9","75309391","75309522","chr1","196150815","196150937","34","120841424"
"chr9","75344699","75344836","chr1","100917561","100917687","33","25572862"
"chr9","75796333","75796614","chr15","93193992","93194279","51","17397659"
"chr9","75832879","75833025","chr15","93225091","93225217","28","17392212"
"chr9","75998834","75999025","chr12","100920988","100921176","45","24922154"
"chr9","76058476","76058608","chr12","30055825","30055957","19","46002651"
"chr9","76243065","76243357","chr18","11279367","11279661","68","64963698"
"chr9","77076357","77076662","chr14","75241444","75241755","66","1834913"
"chr9","77164224","77164540","chr15","94596900","94597216","21","17432676"
"chr9","77465304","77465599","chr15","94926325","94926621","38","17461021"
"chr9","78075844","78076134","chr5","37700527","37700806","56","40375317"
"chr9","78229184","78229446","chr15","95693109","95693367","37","17463925"
"chr9","78658574","78658693","chr15","96116056","96116168","15","17457482"
"chr9","78658747","78658908","chr15","96116201","96116360","10","17457454"
"chr9","78771056","78771353","chr15","96226300","96226601","20","17455244"
"chr9","78921146","78921437","chr15","96376523","96376814","17","17455377"
"chr9","79039305","79039468","chr4","86509846","86510006","39","7470541"
"chr9","79039751","79039869","chr15","96503058","96503159","22","17463307"
"chr9","79815277","79815567","chr15","97320266","97320558","20","17504989"
"chr9","80340106","80340352","chr5","77779459","77779715","72","2560647"
"chr9","80482024","80482153","chr15","97990742","97990871","12","17508718"
"chr9","80531888","80532182","chr15","98042156","98042438","31","17510268"
"chr9","80561663","80561892","chr16","45926911","45927130","56","34634752"
"chr9","80566039","80566168","chr15","98074276","98074404","21","17508237"
"chr9","80625276","80625420","chr10","83067115","83067237","39","2441839"
"chr9","80636094","80636426","chr15","98143407","98143739","22","17507313"
"chr9","81013201","81013491","chr6","78799285","78799566","61","2213916"
"chr9","81148570","81148679","chr15","98560139","98560248","3","17411569"
"chr9","81586541","81586861","chr15","98992428","98992718","60","17405887"
"chr9","81635661","81635961","chr15","99036472","99036762","33","17400811"
"chr9","81787999","81788297","chr15","99173864","99174162","26","17385865"
"chr9","82123430","82123528","chr7","17844587","17844688","24","64278843"
"chr9","82738703","82738985","chr13","107076259","107076542","65","24337556"
"chr9","83178404","83178488","chr15","102144105","102144189","7","18965701"
"chr9","83274831","83275072","chr15","100249044","100249246","57","16974213"
"chr9","83740616","83740917","chr15","100734486","100734785","24","16993870"
"chr9","84221918","84222188","chr15","101218231","101218521","44","16996313"
"chr9","84409676","84409965","chr15","101409896","101410183","18","17000220"
"chr9","84824557","84824843","chr15","101825043","101825341","33","17000486"
"chr9","85703401","85703692","chr15","102725086","102725393","28","17021685"
"chr9","85757497","85757793","chr15","102779342","102779651","32","17021845"
"chr9","86097938","86098061","chr15","103112700","103112822","10","17014762"
"chr9","86538893","86539196","chr15","103549200","103549488","40","17010307"
"chr9","86624587","86624741","chr11","48199023","48199164","35","38425564"
"chr9","86625158","86625272","chr15","37804770","37804906","40","48820388"
"chr9","86735305","86735605","chr12","98644812","98645107","67","11909507"
"chr9","87169529","87169744","chr15","104119161","104119346","40","16949632"
"chr9","87522137","87522262","chr10","59691404","59691526","30","27830733"
"chr9","87611832","87612098","chr15","104573484","104573745","35","16961652"
"chr9","88512087","88512322","chr15","105622731","105622998","48","17110644"
"chr9","88701099","88701421","chr10","25952699","25953023","82","62748400"
"chr9","90463479","90463642","chr15","107416844","107417007","8","16953365"
"chr9","90479071","90479372","chr15","107433034","107433345","27","16953963"
"chr9","91017609","91017747","chr15","108040163","108040301","11","17022554"
"chr9","91503523","91503797","chr15","42502234","42502503","25","49001289"
"chr9","91539115","91539431","chr15","42540000","42540303","46","48999115"
"chr9","91563705","91564002","chr2","22777197","22777498","70","68786508"
"chr9","91608113","91608410","chr15","42607277","42607587","38","49000836"
"chr9","91753882","91754013","chr12","100835212","100835345","20","9081330"
"chr9","91790309","91790525","chr15","42834219","42834427","21","48956090"
"chr9","91873043","91873336","chr5","77978039","77978343","66","13895004"
"chr9","92104864","92105162","chr5","85346934","85347235","75","6757930"
"chr9","92181108","92181253","chr1","23061463","23061601","30","69119645"
"chr9","92443184","92443316","chr1","163076626","163076759","22","70633442"
"chr9","92592595","92592725","chr8","26277262","26277394","16","66315333"
"chr9","92672647","92672910","chr15","43610240","43610508","19","49062407"
"chr9","92837643","92837772","chr15","43783162","43783296","13","49054481"
"chr9","93708296","93708590","chr4","44179828","44180128","68","49528468"
"chr9","94364758","94365019","chr15","32156528","32156794","62","62208230"
"chr9","94522770","94523010","chr15","109126034","109126270","18","14603264"
"chr9","94605523","94605807","chr12","77846290","77846583","65","16759233"
"chr9","94693314","94693456","chr3","157841174","157841317","33","63147860"
"chr9","94693739","94693879","chr1","23061463","23061601","29","71632276"
"chr9","95018584","95018867","chr15","109631693","109631982","22","14613109"
"chr9","95652476","95652757","chr15","110252768","110253060","39","14600292"
"chr9","95711177","95711456","chr15","110317106","110317384","34","14605929"
"chr9","96217062","96217165","chr2","50275342","50275436","24","45941720"
"chr9","96223452","96223751","chr15","44517373","44517679","27","51706079"
"chr9","96237774","96238042","chr6","67500640","67500903","32","28737134"
"chr9","96440147","96440430","chr18","47505744","47506015","68","48934403"
"chr9","96819156","96819359","chr1","61640067","61640273","46","35179089"
"chr9","96935346","96935622","chr18","51769231","51769514","73","45166115"
"chr9","97242591","97242906","chr15","41625830","41626132","34","55616761"
"chr9","97347493","97347624","chr15","41512684","41512816","3","55834809"
"chr9","97486078","97486202","chr15","41374736","41374861","11","56111342"
"chr9","97488501","97488748","chr15","41372179","41372464","47","56116322"
"chr9","97491840","97492148","chr12","101146066","101146376","63","3654226"
"chr9","97771175","97771488","chr15","41090253","41090560","38","56680922"
"chr9","97823561","97823848","chr15","41037904","41038189","24","56785657"
"chr9","97861850","97862128","chr1","39871622","39871902","62","57990228"
"chr9","98016437","98016726","chr15","40843013","40843301","13","57173424"
"chr9","98191100","98191388","chr9","63277055","63277347","57","34914045"
"chr9","98817104","98817300","chr14","16182350","16182532","54","82634754"
"chr9","98996080","98996254","chr15","39854800","39854973","14","59141280"
"chr9","98996617","98996650","chr15","39855332","39855364","3","59141285"
"chr9","99118670","99118958","chr15","39725782","39726070","20","59392888"
"chr9","99265090","99265404","chr15","39578651","39578962","17","59686439"
"chr9","99282535","99282830","chr15","39563498","39563801","30","59719037"
"chr9","99488534","99488770","chr15","39362329","39362566","7","60126205"
"chr9","99538254","99538393","chr15","39309183","39309322","8","60229071"
"chr9","99538707","99538873","chr15","39308703","39308871","8","60230004"
"chr9","99671648","99671959","chr15","39163513","39163821","26","60508135"
"chr9","100090483","100090788","chr15","38702614","38702918","19","61387869"
"chr9","100361599","100361904","chr4","17370062","17370355","64","82991537"
"chr9","100516535","100516806","chr7","28875377","28875636","63","71641158"
"chr9","100739454","100739751","chr15","38026772","38027067","23","62712682"
"chr9","100964609","100964745","chr15","37804770","37804906","12","63159839"
"chr9","104864654","104864956","chr15","33984787","33985068","42","70879867"
"chr9","104867463","104867761","chr15","33981747","33982045","22","70885716"
"chr9","104928585","104928893","chr7","28208422","28208722","61","76720163"
"chr9","104988156","104988287","chr15","33854770","33854899","15","71133386"
"chr9","106459237","106459474","chr5","50901512","50901733","64","55557725"
"chr9","106508578","106508697","chr15","32389648","32389764","12","74118930"
"chr9","106613179","106613487","chr4","145332140","145332450","65","38718961"
"chr9","106639974","106640277","chr15","32251288","32251588","34","74388686"
"chr9","106734093","106734389","chr15","32156528","32156794","42","74577565"
"chr9","106801428","106801560","chr15","32182829","32182962","28","74618599"
"chr9","106840419","106840708","chr15","32049839","32050124","12","74790580"
"chr9","106888597","106888859","chr3","84929430","84929707","64","21959167"
"chr9","106900578","106900680","chr2","94699597","94699708","32","12200981"
"chr9","106900978","106901074","chr19","7986428","7986519","29","98914550"
"chr9","106908459","106908618","chr15","31978715","31978876","12","74929744"
"chr9","106908914","106909056","chr6","90601180","90601324","28","16307734"
"chr9","106920988","106921259","chr15","31966402","31966666","33","74954586"
"chr9","107788244","107788530","chr15","68570349","68570643","75","39217895"
"chr9","108249793","108249942","chr15","30646708","30646852","15","77603085"
"chr9","108375399","108375678","chr15","30519148","30519414","27","77856251"
"chr9","108384038","108384186","chr15","30510627","30510778","15","77873411"
"chr9","108410582","108410736","chr15","30484405","30484559","9","77926177"
"chr9","108431548","108431693","chr3","84336125","84336272","32","24095423"
"chr9","108481704","108481981","chr1","148723031","148723315","71","40241327"
"chr9","108609069","108609358","chr15","30279981","30280258","30","78329088"
"chr9","108648356","108648486","chr3","116815127","116815261","31","8166771"
"chr9","108661923","108662053","chr8","78547648","78547781","18","30114275"
"chr9","108867621","108867970","chr15","30005776","30006137","37","78861845"
"chr9","109456199","109456490","chr15","29405433","29405731","22","80050766"
"chr9","110359726","110360009","chr15","28454945","28455242","36","81904781"
"chr9","110495379","110495671","chr15","28327783","28328093","40","82167596"
"chr9","110591701","110592003","chr15","28228897","28229194","37","82362804"
"chr9","110645828","110646023","chr13","37559959","37560150","49","73085869"
"chr9","110790428","110790561","chr1","19433509","19433641","26","91356919"
"chr9","111178682","111178814","chr1","134018877","134019008","24","22840195"
"chr9","111519142","111519451","chr4","95608320","95608635","70","15910822"
"chr9","111543694","111543982","chr15","27138808","27139113","47","84404886"
"chr9","111663113","111663365","chr15","27010312","27010569","18","84652801"
"chr9","111676811","111677073","chr4","149845706","149845966","73","38168895"
"chr9","111792796","111793080","chr15","26892602","26892902","47","84900194"
"chr9","111842358","111842648","chr15","26841853","26842156","35","85000505"
"chr9","111880754","111881031","chr15","26803864","26804156","38","85076890"
"chr9","111969939","111970252","chr15","26711810","26712122","21","85258129"
"chr9","112741734","112741960","chr10","75860059","75860271","69","36881675"
"chr9","113133853","113133975","chr1","100917561","100917687","25","12216292"
"chr9","113246487","113246740","chr15","25628727","25628992","30","87617760"
"chr9","113270501","113270811","chr6","148083680","148083980","60","34813179"
"chr9","113312862","113313024","chr14","101078517","101078683","34","12234345"
"chr9","113532350","113532384","chr20","47872827","47872867","13","65659523"
"chr9","113532399","113532433","chr20","47872827","47872867","13","65659572"
"chr9","114038217","114038350","chr15","24832461","24832593","16","89205756"
"chr9","114054336","114054611","chr16","54716804","54717077","66","59337532"
"chr9","114092892","114093066","chr15","24776041","24776216","11","89316851"
"chr9","114093359","114093503","chr15","24775601","24775745","5","89317758"
"chr9","114099722","114099959","chr7","10290397","10290638","68","103809325"
"chr9","114105879","114106017","chr1","163076626","163076759","25","48970747"
"chr9","114110717","114111011","chr10","25256063","25256356","65","88854654"
"chr9","114128597","114128896","chr15","24734791","24735102","27","89393806"
"chr9","114404995","114405182","chr9","23695179","23695370","44","90709816"
"chr9","114407200","114407387","chr9","23695179","23695370","44","90712021"
"chr9","114443912","114444200","chr1","44272464","44272753","66","70171448"
"chr9","114486292","114486585","chr1","115420448","115420730","61","934156"
"chr9","116287636","116287811","chr2","34241743","34241911","40","82045893"
"chr9","116288116","116288253","chr4","7251987","7252124","30","109036129"
"chr9","116478278","116478638","chr15","22353464","22353768","82","94124814"
"chr9","117249901","117250170","chr1","145494920","145495180","70","28245019"
"chr9","117788793","117789104","chr15","21045546","21045832","45","96743247"
"chr9","118035476","118035607","chr4","116358352","116358475","31","1677124"
"chr9","118035897","118036093","chr9","74356591","74356761","51","43679306"
"chr9","118154914","118155039","chr9","63344988","63345119","23","54809926"
"chr9","118774555","118774662","chr15","19999790","19999897","6","98774765"
"chr9","118838538","118838827","chr15","19932914","19933223","37","98905624"
"chr9","118996062","118996344","chr3","124592202","124592487","68","5596140"
"chr9","119189569","119189867","chr13","66383831","66384127","63","52805738"
"chr9","119776541","119776655","chr4","109297937","109298055","33","10478604"
"chr9","119776699","119776814","chr7","153455667","153455763","33","33678968"
"chr9","120149942","120150253","chr15","18604315","18604623","27","101545627"
"chr9","120782749","120782851","chr7","28500249","28500351","30","92282500"
"chr9","120782877","120783021","chr1","61681709","61681856","39","59101168"
"chr9","121028784","121028885","chr13","80184330","80184440","28","40844454"
"chr9","121112523","121112823","chr15","17613214","17613524","24","103499309"
"chr9","121131462","121131760","chr4","48145340","48145640","68","72986122"
"chr9","121637788","121638090","chr15","17096435","17096732","26","104541353"
"chr9","121708586","121708751","chr8","139878884","139879042","36","18170298"
"chr9","121709053","121709196","chr1","129785554","129785698","26","8076501"
"chr9","121750616","121750905","chr15","16976259","16976550","22","104774357"
"chr9","122119910","122120163","chr17","25093930","25094175","70","97025980"
"chr9","122144492","122144782","chr15","7900403","7900692","60","114244089"
"chr9","122194457","122194552","chr5","86885756","86885851","20","35308701"
"chr9","122255885","122256019","chr10","79865833","79865966","31","42390052"
"chr9","122638225","122638533","chr5","77978039","77978343","69","44660186"
"chr9","122640910","122641187","chr16","33540234","33540511","59","89100676"
"chr9","123550752","123551029","chr16","58638778","58639066","67","64911974"
"chr9","123791170","123791467","chr15","14912450","14912746","15","108878720"
"chr9","124077539","124077689","chr11","117179860","117180000","31","6897679"
"chr9","124079127","124079308","chr15","14614129","14614330","32","109464998"
"chr9","124079600","124079705","chr15","14613735","14613827","20","109465865"
"chr9","124246294","124246509","chr15","14434196","14434411","16","109812098"
"chr9","124280808","124281089","chr18","39942085","39942363","62","84338723"
"chr9","124283221","124283496","chr15","14395470","14395762","40","109887751"
"chr9","124289592","124289880","chr15","14388718","14389005","21","109900874"
"chr9","124330468","124330768","chr15","14346857","14347161","23","109983611"
"chr9","124573732","124574025","chr15","14093230","14093544","44","110480502"
"chr9","124592131","124592239","chr7","9239768","9239879","34","115352363"
"chr9","124704328","124704630","chr15","13966847","13967139","43","110737481"
"chr9","124877068","124877279","chr18","24826590","24826772","81","100050478"
"chr9","124877570","124877697","chr3","116763685","116763810","37","8113885"
"chr9","125017572","125017882","chr17","20242774","20243081","69","104774798"
"chr9","125492741","125492927","chr4","24446139","24446323","41","101046602"
"chr9","125504976","125505202","chr1","23707720","23707948","48","101797256"
"chr9","125569966","125570265","chr15","13051714","13052005","26","112518252"
"chr9","126138428","126138738","chr15","12439265","12439578","29","113699163"
"chr9","126215886","126216174","chr15","12360328","12360649","56","113855558"
"chr9","126228520","126228801","chr15","12346460","12346745","19","113882060"
"chr9","126329323","126329587","chr5","92742959","92743232","65","33586364"
"chr9","126341148","126341434","chr15","12231294","12231588","52","114109854"
"chr9","126361118","126361424","chr15","12209552","12209832","43","114151566"
"chr9","126746110","126746398","chr15","11959659","11959954","31","114786451"
"chr9","127010090","127010314","chr15","11693298","11693523","9","115316792"
"chr9","127378987","127379294","chr15","11338123","11338430","18","116040864"
"chr9","127638153","127638447","chr15","11046200","11046493","20","116591953"
"chr9","127749071","127749378","chr15","10931997","10932273","45","116817074"
"chr9","127778745","127779050","chr15","10901522","10901818","33","116877223"
"chr9","127809125","127809271","chr17","12119042","12119183","31","115690083"
"chr9","127818066","127818203","chr15","10860771","10860908","15","116957295"
"chr9","127902267","127902398","chr15","10777113","10777244","3","117125154"
"chr9","128115130","128115363","chr15","10550865","10551096","11","117564265"
"chr9","128136015","128136141","chr20","42637067","42637193","20","85498948"
"chr9","128136431","128136451","chr10","58520752","58520776","8","69615679"
"chr9","128136761","128136835","chr17","82482267","82482329","23","45654494"
"chr9","128165028","128165165","chr16","51254153","51254282","22","76910875"
"chr9","128167570","128167713","chr15","10495164","10495307","6","117672406"
"chr9","128167986","128168207","chr15","10494679","10494854","61","117673307"
"chr9","128369108","128369384","chr15","10278311","10278579","63","118090797"
"chr9","129156560","129156881","chr15","9399455","9399740","48","119757105"
"chr9","129247344","129247473","chrX","8420728","8420853","22","120826616"
"chr9","129258027","129258136","chr15","9250418","9250527","4","120007609"
"chr9","129471617","129471727","chr15","9029681","9029791","12","120441936"
"chr9","129733995","129734129","chr3","41409893","41410017","25","88324102"
"chr9","129752297","129752427","chr11","132289155","132289287","20","2536858"
"chr9","129816867","129817016","chr4","43856748","43856892","26","85960119"
"chr9","129955664","129955977","chr19","49327875","49328182","65","80627789"
"chr9","130261039","130261171","chr3","13531543","13531676","23","116729496"
"chr9","130487443","130487584","chr10","30339443","30339585","30","100148000"
"chr9","130538373","130538660","chr15","7900403","7900692","15","122637970"
"chr9","130731658","130731958","chr1","115420448","115420730","87","15311210"
"chr9","130843045","130843347","chr9","98040728","98041028","61","32802317"
"chr9","131071068","131071350","chr15","7289418","7289703","45","123781650"
"chr9","131132774","131132906","chr12","30055825","30055957","19","101076949"
"chr9","131300743","131301054","chr3","1507851","1508155","60","129792892"
"chr9","131322978","131323287","chr1","91199217","91199521","70","40123761"
"chr9","131469549","131469813","chr1","100857459","100857723","57","30612090"
"chr9","131512088","131512393","chr1","136888402","136888691","77","5376314"
"chr9","131744460","131744582","chr15","6517985","6518107","6","125226475"
"chr9","132027102","132027378","chr15","6222436","6222714","28","125804666"
"chr9","132302148","132302272","chr9","57258462","57258585","22","75043686"
"chr9","132361916","132362176","chr15","63283848","63284111","62","69078068"
"chr9","133951325","133951460","chr6","63960389","63960524","22","69990936"
"chr9","136174887","136175010","chr19","11217073","11217199","26","124957814"
"chr9","136756798","136757061","chr15","13700169","13700418","67","123056629"
"chr9","137784034","137784174","chr1","31883142","31883279","24","105900892"
"chr9","137854935","137855242","chr15","423300","423608","22","137431635"
"chr9","138021446","138021614","chr15","245955","246122","11","137775491"
"chr9","138057780","138058034","chr15","209369","209618","16","137848411"
"chr9","138094921","138095224","chr7","57408761","57409051","75","80686160"
"chrX","2344648","2344802","chrX","1303010","1303166","17","1041638"
"chrX","2519740","2519816","chr10","42054490","42054570","21","39534750"
"chrX","2519827","2520115","chrX","1557387","1557667","47","962440"
"chrX","2608082","2608219","chr4","7251987","7252124","22","4643905"
"chrX","2685754","2685822","chrX","1722877","1722941","6","962877"
"chrX","2775799","2775939","chr13","74782008","74782141","23","72006209"
"chrX","3206903","3207246","chr2","105369641","105369953","92","102162738"
"chrX","3536898","3537020","chrX","2647573","2647695","3","889325"
"chrX","4667286","4667474","chr18","24826590","24826772","54","20159304"
"chrX","4720690","4720785","chrX","3892764","3892858","7","827926"
"chrX","5547256","5547540","chrX","4771794","4772078","18","775462"
"chrX","5947390","5947558","chr7","68969568","68969727","51","63022178"
"chrX","5947850","5947968","chr2","110027481","110027601","22","104079631"
"chrX","5975360","5975667","chrX","5162761","5163071","25","812599"
"chrX","6322255","6322414","chr10","31214197","31214351","31","24891942"
"chrX","6534574","6534881","chr2","61543652","61543947","73","55009078"
"chrX","6575184","6575319","chrX","5757489","5757623","11","817695"
"chrX","6774791","6775082","chrX","5962927","5963217","20","811864"
"chrX","6789009","6789140","chrX","5970825","5970955","10","818184"
"chrX","7061479","7061756","chrX","6239793","6240069","18","821686"
"chrX","7459662","7459955","chrX","6616036","6616333","39","843626"
"chrX","7544228","7544372","chr8","17572510","17572648","26","10028282"
"chrX","7750126","7750425","chr1","22217737","22218030","86","14467611"
"chrX","8440208","8440524","chrY","2818636","2818951","51","5621572"
"chrX","9188210","9188343","chrX","8342588","8342721","7","845622"
"chrX","9258500","9258809","chrX","8409984","8410298","22","848516"
"chrX","9312716","9312865","chrX","8491815","8491951","20","820901"
"chrX","9636102","9636390","chrX","8821598","8821870","21","814504"
"chrX","9684878","9685024","chr8","71232182","71232313","47","61547304"
"chrX","9780756","9781006","chrX","8965445","8965691","20","815311"
"chrX","9794126","9794262","chr11","123668185","123668319","19","113874059"
"chrX","10393939","10394236","chrX","9588939","9589234","23","805000"
"chrX","11268939","11269206","chr1","34961903","34962154","71","23692964"
"chrX","11386583","11386812","chrX","10585268","10585497","19","801315"
"chrX","12148720","12149021","chrX","11438276","11438577","12","710444"
"chrX","12539999","12540302","chrX","11841216","11841511","34","698783"
"chrX","12639342","12639469","chrX","11940313","11940441","7","699029"
"chrX","12733678","12733836","chr11","119805860","119806014","31","107072182"
"chrX","12882792","12883109","chr9","61004267","61004578","69","48121475"
"chrX","13727568","13727668","chr14","66449520","66449622","24","52721952"
"chrX","13786539","13786783","chrX","13111624","13111868","18","674915"
"chrX","14477036","14477303","chrX","13851224","13851497","19","625812"
"chrX","16731580","16731713","chr3","157204243","157204376","22","140472663"
"chrX","16920715","16921021","chr9","92394484","92394763","85","75473769"
"chrX","16942702","16942993","chrX","16275639","16275930","11","667063"
"chrX","16965240","16965389","chr7","17162294","17162440","28","197054"
"chrX","16994255","16994380","chrX","16326981","16327106","9","667274"
"chrX","18012399","18012482","chrX","17399423","17399503","6","612976"
"chrX","18321318","18321581","chr1","31094554","31094812","65","12773236"
"chrX","18494990","18495123","chr15","32182829","32182962","16","13687839"
"chrX","18927003","18927299","chrX","18336583","18336896","34","590420"
"chrX","18952535","18952667","chr15","41512684","41512816","17","22560149"
"chrX","19189357","19189650","chr4","43544153","43544436","56","24354796"
"chrX","19852711","19853012","chr1","44438619","44438917","69","24585908"
"chrX","19942924","19943241","chr6","135516827","135517130","65","115573903"
"chrX","19954819","19954962","chrX","19375915","19376058","10","578904"
"chrX","19963935","19964254","chrX","49053394","49053705","69","29089459"
"chrX","19971075","19971357","chr15","46095228","46095509","58","26124153"
"chrX","20407608","20407814","chr8","92537132","92537340","41","72129524"
"chrX","20650311","20650401","chr1","193840555","193840648","20","173190244"
"chrX","21494374","21494672","chrX","20926047","20926337","22","568327"
"chrX","21818869","21819161","chrX","21255376","21255687","42","563493"
"chrX","21827373","21827666","chr4","43544153","43544436","58","21716780"
"chrX","23184937","23185231","chrX","21887337","21887630","63","1297600"
"chrX","23376287","23376590","chr1","203151505","203151807","74","179775218"
"chrX","23387064","23387359","chrX","22859165","22859469","23","527899"
"chrX","23571332","23571637","chr2","47892792","47893095","53","24321460"
"chrX","23762833","23763151","chr2","72426884","72427200","71","48664051"
"chrX","23776329","23776635","chrX","23206377","23206681","21","569952"
"chrX","23794471","23794753","chrX","23224852","23225126","26","569619"
"chrX","24071533","24071666","chr8","26277262","26277394","29","2205729"
"chrX","24142879","24143163","chr3","18165529","18165815","71","5977350"
"chrX","24230160","24230302","chr4","35711252","35711389","28","11481092"
"chrX","24633761","24634068","chrX","24108334","24108632","27","525427"
"chrX","24917675","24917968","chr3","83762341","83762631","77","58844666"
"chrX","25072128","25072438","chrX","24559331","24559643","20","512797"
"chrX","25776380","25776595","chr2","58034519","58034735","50","32258139"
"chrX","25926344","25926440","chr2","50275342","50275436","19","24348998"
"chrX","26460402","26460498","chrX","25950025","25950121","6","510377"
"chrX","26473346","26473494","chr3","15822345","15822496","33","10651001"
"chrX","27024167","27024441","chrX","26594116","26594389","15","430051"
"chrX","27050894","27051174","chr6","78799285","78799566","60","51748391"
"chrX","27061749","27062020","chrX","26630583","26630869","30","431166"
"chrX","27440805","27441046","chrX","27038448","27038724","50","402357"
"chrX","27755878","27756107","chr7","10622519","10622740","60","17133359"
"chrX","28077466","28077760","chrX","52718283","52718571","64","24640817"
"chrX","29907873","29908174","chrX","29395481","29395780","11","512392"
"chrX","30078795","30079096","chrX","29569057","29569375","36","509738"
"chrX","30575830","30576135","chrX","30045984","30046289","22","529846"
"chrX","30828960","30829018","chr1","201849461","201849518","14","171020501"
"chrX","30887412","30887590","chrX","30364456","30364636","12","522956"
"chrX","32110719","32110995","chrX","31647258","31647530","19","463461"
"chrX","33051606","33051901","chrX","32628302","32628600","24","423304"
"chrX","33181337","33181630","chr10","87241591","87241882","65","54060254"
"chrX","34562550","34562783","chr9","91227649","91227868","58","56665099"
"chrX","34787466","34787748","chr7","28208422","28208722","72","6579044"
"chrX","37830263","37830407","chrX","37420648","37420801","28","409615"
"chrX","37988993","37989297","chr15","17025632","17025943","68","20963361"
"chrX","38399646","38399776","chrX","38017132","38017262","10","382514"
"chrX","38801088","38801364","chrX","38520801","38521078","21","280287"
"chrX","39824532","39824658","chrX","39562169","39562295","7","262363"
"chrX","40196838","40196887","chr9","108869549","108869600","11","68672711"
"chrX","40346717","40347032","chrX","40088138","40088454","21","258579"
"chrX","40570937","40571233","chrX","40310477","40310741","48","260460"
"chrX","40644925","40645155","chr10","7943408","7943628","64","32701517"
"chrX","40753319","40753494","chr10","81449573","81449754","38","40696254"
"chrX","40812958","40813254","chrX","40560665","40560963","17","252293"
"chrX","41058324","41058621","chrX","40807657","40807955","20","250667"
"chrX","41100664","41100955","chrX","40846809","40847128","46","253855"
"chrX","41326943","41327052","chr1","65177598","65177716","33","23850655"
"chrX","41355922","41356235","chrX","41124365","41124689","38","231557"
"chrX","41511511","41511812","chr2","83910187","83910491","59","42398676"
"chrX","41622334","41622435","chrX","41434117","41434231","17","188217"
"chrX","41898672","41898913","chrX","41714269","41714511","20","184403"
"chrX","43575169","43575307","chr16","31504265","31504401","29","12070904"
"chrX","43576030","43576143","chr18","6135027","6135145","40","37441003"
"chrX","43852219","43852298","chrX","43630023","43630102","4","222196"
"chrX","43970841","43971149","chrX","43739404","43739703","25","231437"
"chrX","43974389","43974522","chr12","100835212","100835345","19","56860823"
"chrX","44258786","44259027","chr7","44213794","44214035","56","44992"
"chrX","44631564","44631867","chrX","44459887","44460183","24","171677"
"chrX","44692694","44692990","chrX","44521840","44522141","14","170854"
"chrX","44801222","44801345","chr10","78374915","78375030","22","33573693"
"chrX","44937464","44937587","chrX","44765151","44765274","4","172313"
"chrX","45152145","45152446","chr10","27157967","27158263","72","17994178"
"chrX","45335010","45335273","chrX","45170777","45171055","24","164233"
"chrX","45388924","45389213","chrX","45223845","45224140","31","165079"
"chrX","45395707","45395861","chr1","14489098","14489249","32","30906609"
"chrX","45880523","45880813","chr1","221010259","221010553","67","175129736"
"chrX","46115116","46115417","chrX","45944232","45944543","30","170884"
"chrX","46191695","46192006","chr16","29770872","29771176","61","16420823"
"chrX","46401577","46401787","chrX","46246061","46246271","16","155516"
"chrX","46636337","46636472","chrX","46491068","46491203","4","145269"
"chrX","46792768","46792902","chr3","39599307","39599442","26","7193461"
"chrX","46952845","46953148","chrX","59952726","59953031","59","12999881"
"chrX","47030172","47030497","chrX","46881147","46881469","29","149025"
"chrX","47044399","47044690","chrX","46895488","46895779","19","148911"
"chrX","47166717","47167010","chr1","160081979","160082275","62","112915262"
"chrX","47182165","47182465","chr5","127204077","127204375","53","80021912"
"chrX","47192145","47192395","chr11","74290244","74290491","57","27098099"
"chrX","47219668","47219955","chr1","156130042","156130337","62","108910374"
"chrX","47221982","47222170","chr1","51567461","51567647","45","4345479"
"chrX","47222196","47222315","chr7","84453526","84453647","21","37231330"
"chrX","47261879","47262041","chrX","47127464","47127620","20","134415"
"chrX","47335728","47335956","chrX","47201232","47201452","18","134496"
"chrX","47360678","47360813","chr3","127958080","127958216","19","80597402"
"chrX","47865785","47865836","chr19","2930134","2930184","12","44935651"
"chrX","48205665","48205943","chrX","48074186","48074453","59","131479"
"chrX","48260959","48261239","chr1","25514132","25514410","57","22746827"
"chrX","48397324","48397469","chr16","24168969","24169115","34","24228355"
"chrX","48397774","48397875","chrX","48260360","48260461","9","137414"
"chrX","48667539","48667801","chrX","48721982","48722252","29","54443"
"chrX","48968429","48968731","chrX","49053394","49053705","21","84965"
"chrX","49162894","49162946","chr1","201849461","201849518","7","152686567"
"chrX","49212570","49212732","chr16","21056287","21056441","37","28156283"
"chrX","49312513","49312682","chr9","51498163","51498337","35","2185650"
"chrX","49312780","49313076","chrX","49392507","49392811","25","79727"
"chrX","49391217","49391488","chrX","49470855","49471143","30","79638"
"chrX","49911228","49911541","chr6","139402218","139402529","80","89490990"
"chrX","50214562","50214862","chrX","50300717","50300998","33","86155"
"chrX","50228699","50228832","chrX","50317577","50317710","4","88878"
"chrX","50302833","50303112","chrX","50396145","50396424","9","93312"
"chrX","51891960","51892245","chrX","52718283","52718571","60","826323"
"chrX","52191724","52191854","chr19","19541216","19541349","20","32650508"
"chrX","52968755","52969029","chr12","34608472","34608749","70","18360283"
"chrX","53460780","53461087","chrX","52528708","52529011","22","932072"
"chrX","53628629","53628920","chrX","52718283","52718571","15","910346"
"chrX","53631738","53632042","chrX","52721683","52722008","37","910055"
"chrX","53816887","53817029","chrX","52907355","52907492","18","909532"
"chrX","53817308","53817521","chrX","52907820","52908001","41","909488"
"chrX","53998192","53998327","chr9","121806417","121806551","22","67808225"
"chrX","54008736","54008826","chrX","53096553","53096642","4","912183"
"chrX","54258776","54259018","chr6","143503637","143503862","63","89244861"
"chrX","54288378","54288526","chrX","53389876","53390024","6","898502"
"chrX","54329818","54329998","chrX","59722429","59722617","52","5392611"
"chrX","54647070","54647368","chrX","53629760","53630058","17","1017310"
"chrX","54672749","54673031","chrX","53663286","53663568","13","1009463"
"chrX","54761403","54761632","chrX","53751945","53752182","17","1009458"
"chrX","54974670","54974789","chr4","109297937","109298055","30","54323267"
"chrX","54995360","54995580","chr16","45926911","45927130","62","9068449"
"chrX","56550800","56550930","chr1","40048117","40048243","23","16502683"
"chrX","56649309","56649451","chrX","55779084","55779220","16","870225"
"chrX","56649488","56649605","chrX","55779254","55779372","9","870234"
"chrX","63079043","63079325","chrX","58320759","58321039","20","4758284"
"chrX","63244698","63244901","chr6","138533293","138533504","59","75288595"
"chrX","63627306","63627600","chr10","27157967","27158263","63","36469339"
"chrX","63737784","63737918","chr6","132265695","132265829","27","68527911"
"chrX","64468199","64468495","chr12","82438785","82439091","68","17970586"
"chrX","64685491","64685683","chrX","59722429","59722617","14","4963062"
"chrX","64876287","64876569","chrX","59914566","59914862","29","4961721"
"chrX","64909736","64910028","chrX","59949491","59949784","12","4960245"
"chrX","64912985","64913297","chrX","59952726","59953031","14","4960259"
"chrX","67611387","67611688","chrX","62990449","62990742","36","4620938"
"chrX","67735222","67735483","chr7","87799796","87800061","59","20064574"
"chrX","67750767","67751058","chrX","63123013","63123305","19","4627754"
"chrX","67755943","67756074","chr19","29267163","29267295","25","38488780"
"chrX","67774031","67774338","chr10","80158951","80159258","80","12384920"
"chrX","67925825","67926113","chrX","63291836","63292124","27","4633989"
"chrX","68111358","68111658","chr12","66354678","66354979","65","1756680"
"chrX","68124045","68124190","chrX","63489067","63489210","14","4634978"
"chrX","68171692","68171824","chrX","63538019","63538151","7","4633673"
"chrX","68344782","68344918","chr1","110420993","110421120","33","42076211"
"chrX","68345131","68345192","chr2","59502630","59502686","24","8842501"
"chrX","68415565","68415857","chrX","63778439","63778732","20","4637126"
"chrX","68925144","68925432","chrX","64261279","64261573","16","4663865"
"chrX","69063782","69063914","chr10","71633509","71633642","24","2569727"
"chrX","69155351","69155658","chrX","64499143","64499439","33","4656208"
"chrX","69498243","69498346","chrX","64847013","64847107","17","4651230"
"chrX","69739461","69739584","chr1","45815412","45815540","19","23924049"
"chrX","69931300","69931582","chrX","65370858","65371138","13","4560442"
"chrX","70012700","70012998","chrX","65446671","65446969","12","4566029"
"chrX","70044656","70044944","chrX","65470796","65471084","10","4573860"
"chrX","70340901","70341144","chrX","65741517","65741765","19","4599384"
"chrX","70355330","70355485","chrX","65756752","65756919","25","4598578"
"chrX","70386238","70386373","chr12","30055825","30055957","17","40330413"
"chrX","70611736","70611895","chrX","66025554","66025713","9","4586182"
"chrX","70646163","70646368","chr8","92537132","92537340","49","21890969"
"chrX","70657401","70657557","chr16","53328757","53328908","33","17328644"
"chrX","70752804","70752959","chr19","18398650","18398810","38","52354154"
"chrX","71214638","71214741","chrX","66649097","66649200","7","4565541"
"chrX","71290045","71290348","chr17","28472988","28473285","61","42817057"
"chrX","71557199","71557323","chr19","14782101","14782226","23","56775098"
"chrX","71557618","71557662","chr7","19152854","19152889","18","52404764"
"chrX","71566170","71566479","chrX","67009573","67009878","25","4556597"
"chrX","71594306","71594354","chr11","121718849","121718899","11","50124543"
"chrX","71638224","71638516","chrX","67082794","67083086","16","4555430"
"chrX","71656227","71656356","chr2","200695342","200695474","20","129039115"
"chrX","71681037","71681104","chrX","67124824","67124893","3","4556213"
"chrX","71852813","71852940","chrX","67304857","67304976","11","4547956"
"chrX","71869098","71869271","chr2","197696295","197696481","48","125827197"
"chrX","73090675","73090802","chr16","51202646","51202777","21","21888029"
"chrX","73092080","73092355","chr5","140008634","140008910","61","66916554"
"chrX","73158954","73159236","chrX","68386622","68386905","18","4772332"
"chrX","73216142","73216437","chrX","68444678","68444972","12","4771464"
"chrX","73367822","73368086","chrX","68579750","68580024","40","4788072"
"chrX","73419902","73420191","chrX","68605939","68606246","41","4813963"
"chrX","73609726","73609874","chrX","68789617","68789760","17","4820109"
"chrX","73738118","73738431","chrX","69015604","69015870","58","4722514"
"chrX","74044222","74044508","chrX","69213806","69214106","25","4830416"
"chrX","74078509","74078591","chrX","69241178","69241260","5","4837331"
"chrX","74677520","74677807","chrX","69796190","69796476","15","4881330"
"chrX","74726328","74726631","chr11","56013402","56013698","72","18712926"
"chrX","76853759","76854047","chrX","71363397","71363683","19","5490362"
"chrX","76935360","76935652","chrX","71449807","71450086","28","5485553"
"chrX","76938579","76938876","chrX","71453008","71453305","12","5485571"
"chrX","76963103","76963390","chr3","128881412","128881696","66","51918309"
"chrX","76973725","76973853","chrX","71488686","71488814","3","5485039"
"chrX","77117853","77117999","chrX","71634084","71634235","10","5483769"
"chrX","77149911","77150178","chr1","20653974","20654240","71","56495937"
"chrX","77216861","77216998","chrX","71730606","71730741","4","5486255"
"chrX","77237289","77237537","chrX","71753069","71753315","23","5484220"
"chrX","77302069","77302299","chrX","71826741","71826971","18","5475328"
"chrX","77382647","77382975","chrX","71937881","71938210","20","5444766"
"chrX","78623140","78623254","chr1","52997477","52997595","28","25625663"
"chrX","78623280","78623442","chrX","131148999","131149168","45","52525719"
"chrX","79446353","79446609","chrX","74187579","74187840","40","5258774"
"chrX","82270801","82270919","chr2","150253312","150253430","25","67982511"
"chrX","82270954","82271105","chr2","65319999","65320149","37","16950955"
"chrX","82273144","82273274","chr3","84801975","84802107","23","2528831"
"chrX","83164826","83164927","chrX","78015568","78015670","8","5149258"
"chrX","83165355","83165558","chrX","78016090","78016294","14","5149265"
"chrX","83661793","83662048","chrX","78545317","78545607","53","5116476"
"chrX","84923434","84923711","chrX","79858466","79858745","27","5064968"
"chrX","85021924","85022101","chr18","49456949","49457129","37","35564975"
"chrX","85022141","85022152","chr11","9223354","9223365","4","75798787"
"chrX","85202084","85202403","chrX","80127857","80128155","34","5074227"
"chrX","85669459","85669768","chrX","80624724","80625025","25","5044735"
"chrX","85753448","85753737","chr10","26370942","26371221","77","59382506"
"chrX","86021562","86021844","chrX","80967300","80967582","20","5054262"
"chrX","86603832","86604119","chr11","25990609","25990893","71","60613223"
"chrX","88388379","88388685","chrX","83096225","83096534","19","5292154"
"chrX","88734866","88735164","chrX","83465754","83466028","37","5269112"
"chrX","91018043","91018269","chrX","85747743","85747969","14","5270300"
"chrX","91524607","91524787","chr6","179578845","179579018","45","88054238"
"chrX","91525094","91525240","chrX","86221385","86221531","12","5303709"
"chrX","91768743","91768905","chrX","86503812","86504000","35","5264931"
"chrX","91784617","91784748","chr1","113816747","113816875","37","22032130"
"chrX","92812924","92813227","chr1","164835864","164836152","80","72022940"
"chrX","93215345","93215644","chrX","87882254","87882554","18","5333091"
"chrX","93218627","93218922","chrX","87885538","87885832","38","5333089"
"chrX","93465963","93466215","chrX","88143409","88143661","17","5322554"
"chrX","93747345","93747570","chrX","88418198","88418414","24","5329147"
"chrX","94214026","94214356","chrX","113759123","113759435","95","19545097"
"chrX","95067614","95067919","chr9","61004267","61004578","79","34063347"
"chrX","95283977","95284069","chrX","90165891","90165983","5","5118086"
"chrX","95845653","95845944","chr7","28208422","28208722","57","67637231"
"chrX","95985079","95985360","chr4","117120930","117121210","63","21135851"
"chrX","96983371","96983652","chrX","91856079","91856376","26","5127292"
"chrX","99087518","99087826","chrX","93876767","93877075","21","5210751"
"chrX","100812594","100812879","chrX","95679424","95679732","40","5133170"
"chrX","101060938","101061235","chrX","95913547","95913842","23","5147391"
"chrX","101178635","101178848","chr7","166180466","166180694","60","65001831"
"chrX","101312779","101313045","chrX","96141930","96142198","18","5170849"
"chrX","102332143","102332280","chr6","57533098","57533234","7","44799045"
"chrX","102675526","102675820","chrX","96821424","96821721","14","5854102"
"chrX","102911166","102911435","chrX","97055283","97055569","37","5855883"
"chrX","103200734","103200855","chr1","100917561","100917687","25","2283173"
"chrX","103206421","103206718","chrX","97344018","97344316","16","5862403"
"chrX","103312060","103312366","chr4","161951639","161951946","60","58639579"
"chrX","103384955","103385246","chrX","97521660","97521939","30","5863295"
"chrX","103675773","103675993","chrX","97968355","97968574","22","5707418"
"chrX","103731175","103731360","chr11","95239711","95239899","44","8491464"
"chrX","103750033","103750229","chrX","98043507","98043686","32","5706526"
"chrX","103876827","103877142","chr7","131652837","131653131","79","27776010"
"chrX","103925606","103925769","chr1","30488687","30488839","53","73436919"
"chrX","103941646","103941910","chrX","98255503","98255767","13","5686143"
"chrX","104013829","104014105","chr3","102241867","102242141","66","1771962"
"chrX","104474573","104474749","chr10","20890651","20890832","38","83583922"
"chrX","104540457","104540742","chrX","98836339","98836617","29","5704118"
"chrX","104574845","104575021","chrX","98871667","98871847","14","5703178"
"chrX","104873723","104874011","chr12","59242431","59242705","71","45631292"
"chrX","105518577","105518886","chrX","99940467","99940772","19","5578110"
"chrX","105911465","105911602","chr3","13531543","13531676","24","92379922"
"chrX","106462416","106462553","chr7","122803372","122803506","26","16340956"
"chrX","106522254","106522375","chr1","39598316","39598439","23","66923938"
"chrX","106732588","106732892","chrX","101278768","101279083","29","5453820"
"chrX","107374541","107374817","chrX","101915449","101915729","20","5459092"
"chrX","107554912","107555199","chrX","102102886","102103169","19","5452026"
"chrX","109338961","109339182","chrX","103818119","103818340","18","5520842"
"chrX","109541267","109541502","chrX","104021177","104021414","23","5520090"
"chrX","109551145","109551421","chrX","104030706","104030978","14","5520439"
"chrX","109603115","109603416","chrX","104090143","104090443","24","5512972"
"chrX","109702022","109702302","chr11","114559655","114559929","67","4857633"
"chrX","110112434","110112663","chrX","104605761","104605988","10","5506673"
"chrX","110271281","110271585","chrX","104707582","104707872","35","5563699"
"chrX","112717795","112717894","chrX","107105388","107105492","16","5612407"
"chrX","112792892","112793177","chr3","181346212","181346492","63","68553320"
"chrX","112939013","112939308","chrX","107322596","107322901","28","5616417"
"chrX","113658657","113658949","chrX","108027899","108028192","28","5630758"
"chrX","114226246","114226321","chr1","139323969","139324044","22","25097723"
"chrX","114293576","114293858","chrX","108582500","108582785","25","5711076"
"chrX","114348285","114348526","chr13","74428560","74428799","61","39919725"
"chrX","114849589","114849909","chrX","109106853","109107169","18","5742736"
"chrX","114868686","114868834","chrX","109121702","109121851","7","5746984"
"chrX","114969646","114969950","chr18","35003607","35003908","63","79966039"
"chrX","115055370","115055640","chrX","109343418","109343687","19","5711952"
"chrX","115180052","115180186","chrX","109444960","109445094","11","5735092"
"chrX","115232566","115232842","chrX","109497695","109498011","51","5734871"
"chrX","117112409","117112710","chrX","111449392","111449681","37","5663017"
"chrX","117330449","117330507","chr1","141442789","141442855","20","24112340"
"chrX","117505884","117506161","chrX","111840853","111841123","19","5665031"
"chrX","117545630","117545705","chr11","106993687","106993763","18","10551943"
"chrX","117545997","117546059","chr4","85914853","85914914","20","31631144"
"chrX","117570789","117570950","chr10","32663771","32663932","33","84907018"
"chrX","117812603","117812902","chrX","112100693","112101003","39","5711910"
"chrX","117816065","117816347","chrX","112104163","112104449","22","5711902"
"chrX","117879996","117880283","chr3","130975371","130975652","56","13095375"
"chrX","117905427","117905699","chr19","17291560","17291835","59","100613867"
"chrX","117975438","117975740","chrX","112262583","112262881","34","5712855"
"chrX","118182447","118182587","chrX","112453906","112454045","8","5728541"
"chrX","118607630","118607923","chrX","112888033","112888324","22","5719597"
"chrX","118760965","118761263","chrX","113049834","113050140","27","5711131"
"chrX","119001737","119001942","chr11","95239711","95239899","46","23762026"
"chrX","119002790","119003076","chr2","42436845","42437128","51","76565945"
"chrX","119438522","119438834","chrX","113759123","113759435","21","5679399"
"chrX","119448241","119448276","chr20","21617749","21617783","15","97830492"
"chrX","119456523","119456650","chr3","41409893","41410017","25","78046630"
"chrX","119458748","119458839","chr9","94196716","94196795","25","25262032"
"chrX","119466646","119466780","chr3","157204243","157204376","22","37737597"
"chrX","119471451","119471716","chrX","113762923","113763179","63","5708528"
"chrX","119478709","119478869","chr15","63203074","63203225","42","56275635"
"chrX","119751369","119751497","chrX","113999458","113999588","6","5751911"
"chrX","119790614","119790917","chrX","114038772","114039079","33","5751842"
"chrX","119858200","119858507","chrX","114095264","114095571","21","5762936"
"chrX","119959380","119959600","chr20","2585551","2585769","50","117373829"
"chrX","120074060","120074190","chr7","26652133","26652264","28","93421927"
"chrX","120147465","120147756","chrX","114387550","114387845","33","5759915"
"chrX","120184526","120184715","chrX","114429207","114429394","12","5755319"
"chrX","122054093","122054288","chrX","116400492","116400688","14","5653601"
"chrX","122437038","122437315","chr17","28738918","28739201","69","93698120"
"chrX","122537281","122537435","chrX","131487247","131487395","37","8949966"
"chrX","123098025","123098296","chr4","28814555","28814814","60","94283470"
"chrX","123248613","123248704","chr14","65762195","65762287","21","57486418"
"chrX","123325147","123325277","chr9","87170509","87170641","20","36154638"
"chrX","123514821","123514986","chrX","117925799","117925931","45","5589022"
"chrX","123515478","123515533","chr7","126076462","126076514","19","2560984"
"chrX","123982667","123982974","chrX","118403766","118404071","14","5578901"
"chrX","126380213","126380503","chr1","22927817","22928115","65","103452396"
"chrX","129199618","129199915","chr2","137484412","137484712","65","8284794"
"chrX","129462396","129462547","chr16","21056287","21056441","27","108406109"
"chrX","129529464","129529564","chrX","123988830","123988935","18","5540634"
"chrX","130342944","130343049","chrX","124793090","124793200","11","5549854"
"chrX","130888629","130888840","chr6","143503637","143503862","58","12615008"
"chrX","131191719","131191846","chr1","45815412","45815540","25","85376307"
"chrX","131522459","131522752","chrX","125991407","125991701","29","5531052"
"chrX","131692864","131693172","chr10","68348332","68348634","64","63344532"
"chrX","132460022","132460133","chr9","110578320","110578437","26","21881702"
"chrX","132460175","132460329","chr16","31032536","31032692","29","101427639"
"chrX","132630407","132630638","chrX","127144760","127145022","48","5485647"
"chrX","132939400","132939636","chrX","127462137","127462373","16","5477263"
"chrX","133628753","133629010","chrX","128144828","128145085","19","5483925"
"chrX","133798326","133798442","chr1","17554066","17554182","21","116244260"
"chrX","133798474","133798671","chr11","95239711","95239899","46","38558763"
"chrX","133809905","133810036","chr7","136853114","136853244","24","3043209"
"chrX","133810322","133810347","chr15","50633293","50633320","10","83177029"
"chrX","133868604","133868737","chrX","71730606","71730741","22","62137998"
"chrX","133886064","133886193","chr5","153041559","153041687","21","19155495"
"chrX","133901664","133901950","chrX","128421703","128421989","21","5479961"
"chrX","134047590","134047716","chrX","128573146","128573277","9","5474444"
"chrX","134063187","134063470","chrX","128587445","128587728","20","5475742"
"chrX","134507111","134507277","chr1","223268441","223268604","35","88761330"
"chrX","135144175","135144267","chr10","60704342","60704438","18","74439833"
"chrX","135368534","135368700","chr6","166788551","166788715","29","31420017"
"chrX","135429039","135429252","chrX","129842918","129843129","14","5586121"
"chrX","135431603","135431833","chr19","32232280","32232514","60","103199323"
"chrX","135451722","135451860","chrX","129865586","129865719","16","5586136"
"chrX","135673955","135674256","chr2","83910187","83910491","59","51763768"
"chrX","136406440","136406488","chr2","94724837","94724890","16","41681603"
"chrX","136682316","136682485","chrX","131148999","131149168","9","5533317"
"chrX","137172017","137172306","chr7","19632617","19632910","65","117539400"
"chrX","138721579","138721888","chrX","133231861","133232167","13","5489718"
"chrX","139236882","139237162","chrX","133773658","133773945","36","5463224"
"chrX","139534297","139534596","chr9","32234214","32234513","59","107300083"
"chrX","139701892","139702025","chrX","134262894","134263031","5","5438998"
"chrX","139872198","139872333","chrX","134424625","134424760","7","5447573"
"chrX","140020818","140021048","chr16","70814901","70815120","56","69205917"
"chrX","140460256","140460341","chr11","106993687","106993763","21","33466569"
"chrX","140460970","140461154","chr3","1009617","1009812","55","139451353"
"chrX","143693905","143694221","chr4","95608320","95608635","71","48085585"
"chrX","146645513","146645627","chrX","140890027","140890141","5","5755486"
"chrX","147491422","147491674","chrX","141738301","141738558","27","5753121"
"chrX","148058113","148058317","chr8","92537132","92537340","64","55520981"
"chrX","149160558","149160846","chr1","117279999","117280281","67","31880559"
"chrX","149688857","149689140","chrX","143755379","143755680","37","5933478"
"chrX","149754495","149754785","chrX","143820110","143820394","19","5934385"
"chrX","150250660","150250991","chrX","144302725","144303056","22","5947935"
"chrX","150416543","150416690","chrX","144468051","144468226","33","5948492"
"chrX","150498767","150499050","chr2","188151782","188152065","61","37653015"
"chrX","151043105","151043402","chr1","160081979","160082275","71","9038874"
"chrX","151382395","151382661","chrX","145474915","145475173","25","5907480"
"chrX","151874718","151875047","chrX","145977139","145977461","27","5897579"
"chrX","152455945","152456051","chr3","166194020","166194117","29","13738075"
"chrX","153046020","153046138","chr9","93035173","93035287","31","60010847"
"chrX","153297452","153297673","chrX","147330978","147331199","10","5966474"
"chrX","153556118","153556408","chrX","147599500","147599787","21","5956618"
"chrX","153964474","153964557","chr20","2331397","2331482","20","151633077"
"chrX","153989452","153989762","chr9","58449925","58450234","61","95539527"
"chrX","155367843","155368155","chr1","8350188","8350493","80","147017655"
"chr10","265763","266013","chr9","106559","106814","23","159204"
"chr10","420598","420887","chr9","259118","259398","31","161480"
"chr10","2360886","2361178","chr9","2203381","2203673","18","157505"
"chr10","2927287","2927597","chr9","2841785","2842058","64","85502"
"chr10","3012144","3012460","chrX","49053394","49053705","70","46041250"
"chr10","4265741","4266065","chr9","99534482","99534817","89","95268741"
"chr10","5816203","5816336","chr2","142979549","142979681","26","137163346"
"chr10","5953319","5953604","chr2","62121493","62121782","61","56168174"
"chr10","6012529","6012804","chr1","39924046","39924318","62","33911517"
"chr10","6192543","6192664","chr9","6103116","6103239","16","89427"
"chr10","6203013","6203323","chr9","6114034","6114326","38","88979"
"chr10","6208558","6208689","chr1","134018877","134019008","14","127810319"
"chr10","6212516","6212636","chr10","13580066","13580192","23","7367550"
"chr10","6517364","6517649","chr5","181242365","181242641","56","174725001"
"chr10","6863301","6863554","chr9","6729001","6729277","46","134300"
"chr10","7125559","7125769","chr1","198349167","198349380","49","191223608"
"chr10","8162742","8162872","chr1","138722739","138722873","25","130559997"
"chr10","8496026","8496326","chr9","8453108","8453411","32","42918"
"chr10","8986618","8986774","chr9","8954859","8955015","14","31759"
"chr10","9200325","9200505","chr2","135926025","135926188","51","126725700"
"chr10","9200506","9200741","chrX","104605761","104605988","59","95405255"
"chr10","10757387","10757518","chr2","40642929","40643054","20","29885542"
"chr10","10855960","10856228","chr16","30682164","30682436","64","19826204"
"chr10","10868867","10869174","chrX","96821424","96821721","68","85952557"
"chr10","11204789","11205081","chr9","11242322","11242616","22","37533"
"chr10","11996956","11997253","chr11","3592599","3592898","67","8404357"
"chr10","12329970","12330088","chr9","12402787","12402904","6","72817"
"chr10","12524612","12524731","chr9","12605175","12605298","18","80563"
"chr10","12611929","12612186","chr9","12700094","12700350","16","88165"
"chr10","12635494","12635783","chr5","127204077","127204375","74","114568583"
"chr10","12667820","12667949","chr9","12755297","12755397","35","87477"
"chr10","12899994","12900278","chr1","213299903","213300197","64","200399909"
"chr10","13683054","13683360","chr19","33220260","33220565","70","19537206"
"chr10","13718416","13718734","chr9","13458080","13458409","34","260336"
"chr10","13751807","13751927","chr12","45747641","45747765","18","31995834"
"chr10","13941611","13941774","chr9","13679932","13680092","17","261679"
"chr10","13947321","13947616","chr9","13685642","13685924","40","261679"
"chr10","14372852","14373146","chr9","14124296","14124591","28","248556"
"chr10","14565394","14565463","chr1","139931207","139931277","15","125365813"
"chr10","15083635","15083783","chr1","23061463","23061601","33","7977828"
"chr10","15131874","15132183","chr9","23047669","23047961","76","7915795"
"chr10","15644167","15644447","chr6","78799285","78799566","66","63155118"
"chr10","15653028","15653223","chr3","42101182","42101372","47","26448154"
"chr10","15774749","15775044","chr2","136604287","136604581","63","120829538"
"chr10","15843465","15843728","chr20","3516128","3516381","65","12327337"
"chr10","15864427","15864701","chr9","15377555","15377835","26","486872"
"chr10","16130069","16130183","chr2","88747663","88747784","31","72617594"
"chr10","16905698","16906001","chr9","16417343","16417656","49","488355"
"chr10","16964093","16964359","chr7","87799796","87800061","68","70835703"
"chr10","17365367","17365611","chr9","16889843","16890077","22","475524"
"chr10","17868997","17869128","chr19","19541216","19541349","20","1672219"
"chr10","18188605","18188849","chr4","108207777","108208013","69","90019172"
"chr10","18208311","18208422","chr3","46749303","46749421","26","28540992"
"chr10","18742440","18742667","chr9","18276420","18276634","34","466020"
"chr10","18979818","18980116","chr9","18519825","18520139","39","459993"
"chr10","19043508","19043803","chr9","18587336","18587631","21","456172"
"chr10","19261185","19261471","chr9","18894376","18894659","18","366809"
"chr10","19264261","19264546","chr9","18897417","18897710","42","366844"
"chr10","19902569","19902616","chr2","188715512","188715551","14","168812943"
"chr10","19902915","19903094","chr11","124402514","124402683","44","104499599"
"chr10","20170068","20170328","chr3","81201965","81202219","78","61031897"
"chr10","20215311","20215599","chr9","20036183","20036439","66","179128"
"chr10","20755370","20755671","chr15","39785202","39785500","75","19029832"
"chr10","21089406","21089704","chr9","20856097","20856391","22","233309"
"chr10","21784267","21784385","chr5","153041559","153041687","30","131257292"
"chr10","21945240","21945567","chr9","21680355","21680689","25","264885"
"chr10","22553543","22553839","chr9","22215963","22216254","23","337580"
"chr10","22589744","22590044","chr9","22252226","22252535","35","337518"
"chr10","22766761","22767064","chr1","22927817","22928115","66","161056"
"chr10","22829750","22829859","chr20","54532723","54532836","30","31702973"
"chr10","22986976","22987142","chr2","83895850","83896013","35","60908874"
"chr10","23046348","23046481","chrX","144541916","144542049","12","121495568"
"chr10","23063203","23063402","chr1","44852303","44852496","42","21789100"
"chr10","23395591","23395880","chr9","23047669","23047961","21","347922"
"chr10","23898169","23898439","chr3","136599919","136600166","86","112701750"
"chr10","24022358","24022694","chr2","34610744","34611043","106","10588386"
"chr10","24036966","24037079","chr9","23694707","23694826","10","342259"
"chr10","24037432","24037623","chr9","23695179","23695370","15","342253"
"chr10","24072765","24073052","chr3","84522705","84523002","62","60449940"
"chr10","24364633","24364785","chr11","119805860","119806014","33","95441227"
"chr10","24607554","24607880","chr18","11279367","11279661","93","13328187"
"chr10","24793035","24793170","chr20","4523400","4523534","22","20269635"
"chr10","24819099","24819199","chr9","24447731","24447826","13","371368"
"chr10","24853199","24853453","chr1","35259428","35259697","71","10406229"
"chr10","25276527","25276672","chr9","24896361","24896507","11","380166"
"chr10","25355544","25355678","chr7","84475245","84475382","27","59119701"
"chr10","25357489","25357654","chr9","24967659","24967824","14","389830"
"chr10","25441279","25441395","chr9","25043452","25043572","7","397827"
"chr10","25703321","25703453","chr19","19541216","19541349","24","6162105"
"chr10","26248089","26248418","chr9","25838002","25838336","22","410087"
"chr10","26456124","26456217","chr9","26042439","26042539","14","413685"
"chr10","26703110","26703378","chr9","26272344","26272630","32","430766"
"chr10","26818149","26818458","chr9","26388612","26388933","33","429537"
"chr10","26908585","26908779","chr9","26478373","26478564","13","430212"
"chr10","26932880","26933157","chr9","26502214","26502492","26","430666"
"chr10","26974620","26974922","chr9","26542292","26542618","38","432328"
"chr10","27161244","27161560","chr7","56337791","56338101","61","29176547"
"chr10","27180053","27180362","chr17","28472988","28473285","64","1292935"
"chr10","27206703","27206842","chr9","26776700","26776838","4","430003"
"chr10","27214569","27214854","chr10","27388815","27389101","57","174246"
"chr10","27357732","27357855","chr2","148554865","148554989","32","121197133"
"chr10","27618574","27618808","chr3","169845027","169845247","68","142226453"
"chr10","27619290","27619424","chr1","26589838","26589970","24","1029452"
"chr10","27681533","27681601","chr6","172828463","172828523","18","145146930"
"chr10","27932736","27933007","chr9","27390653","27390928","35","542083"
"chr10","27952530","27952812","chr3","84929430","84929707","68","56976900"
"chr10","28141025","28141142","chr8","40843870","40843983","23","12702845"
"chr10","28141194","28141371","chr3","63773777","63773948","47","35632583"
"chr10","28401449","28401732","chr9","63277055","63277347","69","34875606"
"chr10","28513809","28514038","chr9","28029150","28029380","9","484659"
"chr10","28524755","28525054","chr9","28040838","28041137","20","483917"
"chr10","28984911","28985132","chr6","178615392","178615597","56","149630481"
"chr10","29047356","29047630","chr19","12828866","12829134","77","16218490"
"chr10","29224170","29224419","chr9","116197088","116197353","69","86972918"
"chr10","29237797","29238095","chr9","28845089","28845385","16","392708"
"chr10","29441231","29441500","chr9","29047752","29048021","16","393479"
"chr10","29562352","29562481","chr9","29175252","29175381","12","387100"
"chr10","29576047","29576355","chr9","29189441","29189757","35","386606"
"chr10","29670284","29670599","chr9","29288520","29288833","40","381764"
"chr10","30175309","30175514","chr6","69049368","69049567","50","38874059"
"chr10","30184492","30184747","chr1","39823729","39823971","64","9639237"
"chr10","31122090","31122214","chr9","30786427","30786557","17","335663"
"chr10","31262068","31262387","chr9","30927367","30927690","21","334701"
"chr10","31275711","31275986","chrX","71449807","71450086","57","40174096"
"chr10","31562293","31562588","chr9","31221886","31222183","28","340407"
"chr10","31573487","31573807","chr1","23789916","23790234","73","7783571"
"chr10","31918102","31918395","chr9","31329276","31329551","38","588826"
"chr10","31919360","31919609","chr4","149845706","149845966","63","117926346"
"chr10","32189547","32189749","chr4","138823161","138823356","57","106633614"
"chr10","32304414","32304680","chrX","26594116","26594389","81","5710298"
"chr10","32318098","32318365","chr9","31735069","31735359","36","583029"
"chr10","32446635","32446906","chr9","31904501","31904750","31","542134"
"chr10","32622241","32622531","chr7","135243741","135244041","63","102621500"
"chr10","32638304","32638438","chr20","41980747","41980882","22","9342443"
"chr10","32640099","32640227","chr9","32090202","32090330","7","549897"
"chr10","32707543","32707677","chr5","104799309","104799443","21","72091766"
"chr10","32779800","32780103","chr9","32234214","32234513","38","545586"
"chr10","32841579","32841715","chr19","19541216","19541349","23","13300363"
"chr10","32942467","32942765","chr9","32414051","32414341","23","528416"
"chr10","32975748","32976005","chr11","108794272","108794523","71","75818524"
"chr10","33172893","33172954","chr1","44347825","44347879","18","11174932"
"chr10","33329836","33330055","chr1","198349167","198349380","47","165019331"
"chr10","33572310","33572531","chr1","40003514","40003738","55","6431204"
"chr10","33709492","33709610","chr9","97048698","97048813","23","63339206"
"chr10","33709637","33709651","chr12","21010234","21010246","4","12699403"
"chr10","33761056","33761341","chr8","7837262","7837554","56","25923794"
"chr10","33871580","33871665","chr9","33393107","33393192","5","478473"
"chr10","33964850","33965159","chr5","77978039","77978343","67","44013189"
"chr10","34182737","34182797","chr8","124931585","124931643","18","90748848"
"chr10","34675229","34675399","chr7","165137313","165137480","46","130462084"
"chr10","34675434","34675554","chr12","45747641","45747765","20","11072207"
"chr10","34929787","34930086","chr9","34458573","34458872","23","471214"
"chr10","34957205","34957340","chr9","34486954","34487089","9","470251"
"chr10","34992166","34992298","chr9","34521468","34521597","17","470698"
"chr10","35001459","35001587","chr19","19541216","19541349","23","15460243"
"chr10","35067658","35067778","chr20","58683604","58683721","21","23615946"
"chr10","35635339","35635639","chr1","22927817","22928115","69","12707522"
"chr10","35678759","35678832","chrX","134585499","134585573","20","98906740"
"chr10","35680747","35680912","chrX","131148999","131149168","27","95468252"
"chr10","35817515","35817818","chr16","56353439","56353719","89","20535924"
"chr10","35929104","35929239","chr3","157204243","157204376","16","121275139"
"chr10","35931396","35931536","chr10","32147089","32147222","29","3784307"
"chr10","35931819","35931984","chr12","84108448","84108615","33","48176629"
"chr10","36149959","36150204","chr9","35693499","35693744","8","456460"
"chr10","38158682","38158776","chr2","51121506","51121598","20","12962824"
"chr10","38159425","38159557","chr15","41512684","41512816","22","3353259"
"chr10","42821680","42821925","chr1","39823729","39823971","67","2997951"
"chr10","42841427","42841700","chr4","43544153","43544436","75","702726"
"chr10","42876636","42876880","chr9","16889843","16890077","38","25986793"
"chr10","42917457","42917590","chr11","67974186","67974318","31","25056729"
"chr10","43338134","43338422","chr9","38589133","38589418","26","4749001"
"chr10","43483655","43483925","chr9","38736615","38736894","20","4747040"
"chr10","43605273","43605553","chr9","38864276","38864566","40","4740997"
"chr10","43605591","43605606","chr11","104685404","104685419","3","61079813"
"chr10","43810986","43811296","chr8","100594030","100594332","82","56783044"
"chr10","44622124","44622189","chr9","39863335","39863400","6","4758789"
"chr10","44892775","44893067","chr13","66383831","66384127","64","21491056"
"chr10","45447483","45447779","chr12","58079274","58079571","66","12631791"
"chr10","45839205","45839471","chr3","174417332","174417603","59","128578127"
"chr10","45878768","45878995","chr9","41183960","41184208","27","4694808"
"chr10","46447078","46447366","chrX","59949491","59949784","76","13502413"
"chr10","46489244","46489600","chr2","134505223","134505546","101","88015979"
"chr10","46519422","46519687","chr9","44174767","44175052","46","2344655"
"chr10","46780611","46780885","chr16","52349794","52350067","65","5569183"
"chr10","47448618","47448928","chr9","44174767","44175052","47","3273851"
"chr10","47542213","47542523","chr9","44673644","44673946","22","2868569"
"chr10","49053187","49053307","chr9","82230045","82230165","9","33176858"
"chr10","49257446","49257753","chr9","82430137","82430423","44","33172691"
"chr10","49304572","49304681","chr12","99228386","99228500","27","49923814"
"chr10","49409670","49409995","chr9","82582672","82582997","31","33173002"
"chr10","50181916","50182036","chr15","30898340","30898459","24","19283576"
"chr10","50182066","50182230","chr5","77693106","77693268","47","27511040"
"chr10","50474324","50474468","chr11","119805860","119806014","35","69331536"
"chr10","50518061","50518377","chr9","81078509","81078784","61","30560448"
"chr10","51061696","51061965","chr9","80520170","80520455","35","29458474"
"chr10","51076096","51076412","chr9","80505540","80505859","30","29429444"
"chr10","51807039","51807147","chr15","9029681","9029791","24","42777358"
"chr10","51838891","51839183","chr9","79747656","79747958","38","27908765"
"chr10","51880803","51880932","chr1","100917561","100917687","26","49036758"
"chr10","52414303","52414534","chr9","79226625","79226859","20","26812322"
"chr10","52656741","52657037","chr1","193678198","193678502","80","141021457"
"chr10","53156940","53157218","chr9","78615840","78616130","30","25458900"
"chr10","53458688","53458956","chr9","78209895","78210172","32","24751207"
"chr10","53549437","53549729","chr9","78114603","78114899","48","24565166"
"chr10","53726976","53727145","chr6","166788551","166788715","47","113061575"
"chr10","53727177","53727292","chr10","82812050","82812167","24","29084873"
"chr10","54469552","54469864","chr9","77146775","77147082","32","22677223"
"chr10","55189316","55189632","chr9","76481348","76481679","68","21292032"
"chr10","56503101","56503372","chr2","152389456","152389732","73","95886355"
"chr10","57661608","57661947","chr9","73838058","73838415","50","16176450"
"chr10","57964128","57964406","chr9","73540784","73541055","28","15576656"
"chr10","58142411","58142688","chr9","73365165","73365443","19","15222754"
"chr10","58490674","58490909","chr9","73015289","73015515","16","14524615"
"chr10","59054149","59054332","chr9","72440980","72441168","12","13386831"
"chr10","59057207","59057511","chr9","72437780","72438082","15","13380573"
"chr10","59499738","59499998","chr3","158849820","158850084","66","99350082"
"chr10","59641780","59642091","chr7","28208422","28208722","66","31433358"
"chr10","59915082","59915209","chr16","51254153","51254282","20","8660929"
"chr10","59929638","59929935","chr9","71668460","71668747","32","11738822"
"chr10","60255427","60255711","chr9","71347264","71347544","26","11091837"
"chr10","60257381","60257675","chr2","69770758","69771051","90","9513377"
"chr10","60385891","60386118","chr9","71211619","71211847","22","10825728"
"chr10","60654626","60654809","chr9","70933892","70934075","10","10279266"
"chr10","61767468","61767563","chr3","123722830","123722923","22","61955362"
"chr10","61767846","61768074","chr7","14407268","14407476","70","47360578"
"chr10","61801022","61801320","chr9","69759100","69759405","30","7958078"
"chr10","61845718","61846010","chr9","69714441","69714733","20","7868723"
"chr10","62005791","62006098","chr1","91199217","91199521","62","29193426"
"chr10","62308440","62308592","chr9","69241650","69241802","6","6933210"
"chr10","62363282","62363589","chr9","69184621","69184926","25","6821339"
"chr10","62429166","62429396","chrX","10585268","10585497","52","51843898"
"chr10","62604566","62604798","chr15","85290315","85290503","81","22685749"
"chr10","62927157","62927476","chr15","14093230","14093544","84","48833927"
"chr10","63071803","63071956","chr1","51722947","51723105","31","11348856"
"chr10","63448887","63449145","chr9","68081323","68081578","30","4632436"
"chr10","63470965","63471107","chr9","68058949","68059091","5","4587984"
"chr10","64478405","64478566","chr7","153377371","153377536","34","88898966"
"chr10","64534345","64534640","chr9","66923840","66924123","48","2389495"
"chr10","65328475","65328607","chr9","66140201","66140333","5","811726"
"chr10","66084195","66084329","chr9","65316648","65316779","12","767547"
"chr10","66807959","66808180","chr9","64584127","64584348","12","2223832"
"chr10","67040406","67040690","chr9","64349919","64350197","28","2690487"
"chr10","67081299","67081433","chr1","138722739","138722873","19","71641440"
"chr10","67145990","67146122","chr9","64245796","64245927","4","2900194"
"chr10","67167099","67167225","chr9","64220960","64221086","9","2946139"
"chr10","67168211","67168401","chr14","78495865","78496054","52","11327654"
"chr10","67203826","67204128","chr9","87238252","87238547","73","20034426"
"chr10","67573467","67573608","chr9","64021624","64021765","2","3551843"
"chr10","67584415","67584568","chr9","64010991","64011150","19","3573424"
"chr10","67600270","67600426","chr9","63993091","63993253","27","3607179"
"chr10","67600724","67600876","chr9","63992654","63992804","11","3608070"
"chr10","67682125","67682289","chr6","31433274","31433434","56","36248851"
"chr10","67764733","67765013","chr9","63817589","63817869","14","3947144"
"chr10","67859788","67860099","chr12","87829978","87830283","63","19970190"
"chr10","67886232","67886376","chr1","129785554","129785698","27","61899322"
"chr10","67912891","67913206","chr9","63549251","63549556","29","4363640"
"chr10","67927088","67927210","chr9","63538643","63538765","9","4388445"
"chr10","67927507","67927652","chr9","63650583","63650730","9","4276924"
"chr10","67944926","67945068","chr9","63517500","63517636","13","4427426"
"chr10","67963373","67963600","chr9","63497898","63498125","12","4465475"
"chr10","67975794","67975921","chr9","97760683","97760810","18","29784889"
"chr10","67981547","67981789","chr2","98098618","98098862","78","30117071"
"chr10","67986946","67986997","chr1","188170869","188170922","15","120183923"
"chr10","67988928","67989144","chr4","88671990","88672207","62","20683062"
"chr10","68009912","68010040","chr9","63445516","63445644","5","4564396"
"chr10","68067906","68068073","chr3","74024204","74024369","32","5956298"
"chr10","68071671","68071802","chr9","63391876","63392007","12","4679795"
"chr10","68174737","68174821","chr9","63285298","63285386","13","4889439"
"chr10","68182434","68182748","chr9","63277055","63277347","33","4905379"
"chr10","68194662","68194791","chr9","63264181","63264302","17","4930481"
"chr10","68195045","68195202","chr9","63263769","63263928","9","4931276"
"chr10","68218080","68218250","chr5","1256037","1256188","53","66962043"
"chr10","68264140","68264418","chr14","67399662","67399945","64","864478"
"chr10","68379379","68379498","chr20","58683604","58683721","27","9695775"
"chr10","68398391","68398676","chrX","43739404","43739703","61","24658987"
"chr10","68875286","68875555","chr18","47505744","47506015","69","21369542"
"chr10","69130863","69130973","chr6","42170403","42170509","29","26960460"
"chr10","69158147","69158441","chr9","62290961","62291264","28","6867186"
"chr10","69187664","69187820","chr9","62260270","62260439","22","6927394"
"chr10","69188109","69188251","chr9","62259554","62259696","6","6928555"
"chr10","69209822","69210101","chr9","62237425","62237703","19","6972397"
"chr10","69869582","69869724","chr9","61517163","61517305","12","8352419"
"chr10","69870034","69870215","chr9","61516691","61516868","15","8353343"
"chr10","70338787","70338911","chr9","61029724","61029848","9","9309063"
"chr10","70490631","70490933","chr8","100336437","100336735","77","29845806"
"chr10","70588768","70589041","chr9","60775146","60775420","22","9813622"
"chr10","70762512","70762814","chr9","60599509","60599797","30","10163003"
"chr10","71035241","71035541","chr9","60320626","60320936","27","10714615"
"chr10","71252455","71252586","chr9","60110571","60110702","6","11141884"
"chr10","71389680","71389806","chr18","40148466","40148594","21","31241214"
"chr10","71528373","71528673","chr9","59832955","59833254","25","11695418"
"chr10","71642828","71642978","chr4","120136969","120137125","36","48494141"
"chr10","71683788","71684070","chr9","59667335","59667617","10","12016453"
"chr10","71780643","71780934","chr9","59559880","59560167","33","12220763"
"chr10","71942148","71942396","chr9","59391775","59392022","20","12550373"
"chr10","72061045","72061234","chr9","59269774","59269971","15","12791271"
"chr10","72065267","72065519","chr9","59265155","59265405","12","12800112"
"chr10","72094991","72095172","chr10","61544045","61544219","47","10550946"
"chr10","72374721","72374994","chr17","28125805","28126070","63","44248916"
"chr10","72395901","72396179","chr9","58912853","58913155","53","13483048"
"chr10","72622458","72622660","chr9","58683198","58683380","27","13939260"
"chr10","73071898","73072165","chr9","58493159","58493433","17","14578739"
"chr10","73113520","73113824","chr9","58449925","58450234","18","14663595"
"chr10","73175884","73176043","chr9","58386223","58386382","10","14789661"
"chr10","73248748","73249040","chr9","58306850","58307142","17","14941898"
"chr10","73256199","73256493","chr2","44624624","44624919","60","28631575"
"chr10","73276402","73276677","chr9","58280014","58280289","12","14996388"
"chr10","73339892","73340189","chr9","58215330","58215624","24","15124562"
"chr10","73477401","73477684","chr9","58084678","58084962","27","15392723"
"chr10","73570546","73570818","chr9","57975438","57975706","13","15595108"
"chr10","73647984","73648182","chr1","50996929","50997137","57","22651055"
"chr10","73660737","73661033","chr9","57879036","57879332","19","15781701"
"chr10","73663564","73663716","chr9","57876233","57876381","16","15787331"
"chr10","73722932","73723212","chr6","137560254","137560541","64","63837322"
"chr10","73754114","73754243","chr1","163076626","163076759","21","89322512"
"chr10","73833080","73833357","chr9","57710110","57710391","12","16122970"
"chr10","73837504","73837811","chr1","160081979","160082275","60","86244475"
"chr10","73839197","73839498","chr9","57692165","57692463","31","16147032"
"chr10","73860150","73860449","chr2","83910187","83910491","70","10050037"
"chr10","73909639","73909894","chr9","57623716","57623986","32","16285923"
"chr10","73926106","73926383","chr9","57597464","57597765","38","16328642"
"chr10","73982448","73982523","chr15","8707253","8707317","19","65275195"
"chr10","74064687","74064825","chr14","22923253","22923387","24","51141434"
"chr10","74074870","74075155","chr1","12308661","12308946","63","61766209"
"chr10","74128506","74128667","chr9","57392216","57392374","11","16736290"
"chr10","74345248","74345541","chr9","57179411","57179704","13","17165837"
"chr10","74347555","74347853","chr9","57176788","57177080","30","17170767"
"chr10","74413208","74413341","chr9","54693641","54693771","10","19719567"
"chr10","74728081","74728365","chr9","55001100","55001370","32","19726981"
"chr10","75282973","75283252","chr9","55548977","55549254","18","19733996"
"chr10","75406338","75406641","chrX","8409984","8410298","65","66996354"
"chr10","76969791","76970096","chr4","161951639","161951946","54","84981848"
"chr10","77036455","77036734","chr9","54480279","54480554","30","22556176"
"chr10","77094926","77095234","chr9","54423085","54423390","24","22671841"
"chr10","77175340","77175637","chr3","158849820","158850084","90","81674480"
"chr10","77268637","77268936","chr20","11715389","11715682","65","65553248"
"chr10","77996898","77997166","chr9","53502130","53502414","38","24494768"
"chr10","78508949","78509225","chr9","52992833","52993127","34","25516116"
"chr10","80884134","80884202","chr9","50345408","50345476","1","30538726"
"chr10","80900266","80900323","chr3","127783251","127783308","16","46882985"
"chr10","81805700","81805740","chr9","51323874","51323914","2","30481826"
"chr10","81807005","81807341","chr9","51325187","51325493","44","30481818"
"chr10","81901848","81901966","chr4","141823330","141823447","22","59921482"
"chr10","81901994","81902181","chrX","131148999","131149168","47","49247005"
"chr10","82201810","82202096","chr9","51712925","51713213","25","30488885"
"chr10","82246846","82247179","chr9","51765300","51765592","59","30481546"
"chr10","83380510","83380704","chr13","37559959","37560150","58","45820551"
"chr10","83432245","83432384","chr9","49022995","49023133","10","34409250"
"chr10","83432704","83432883","chr9","49022500","49022693","21","34410204"
"chr10","83467305","83467590","chr1","173860420","173860709","65","90393115"
"chr10","84071396","84071539","chr2","178816211","178816345","41","94744815"
"chr10","84725968","84726260","chr9","47727899","47728191","21","36998069"
"chr10","84847435","84847604","chr2","83895850","83896013","38","951585"
"chr10","86496930","86497237","chr9","45777064","45777359","36","40719866"
"chr10","86522063","86522190","chr9","45752809","45752940","9","40769254"
"chr10","86665277","86665508","chr6","73407188","73407424","57","13258089"
"chr10","86766044","86766341","chr9","45494032","45494329","24","41272012"
"chr10","86770026","86770284","chr7","21391456","21391707","66","65378570"
"chr10","87710391","87710698","chr9","82648382","82648689","18","5062009"
"chr10","88515367","88515657","chr9","83471872","83472167","23","5043495"
"chr10","88754376","88754671","chr9","83719396","83719704","28","5034980"
"chr10","89501919","89502212","chr9","84429703","84429994","22","5072216"
"chr10","89782089","89782381","chr9","84676015","84676309","29","5106074"
"chr10","91506979","91507121","chr5","25949527","25949663","31","65557452"
"chr10","91507492","91507639","chr3","40393426","40393572","29","51114066"
"chr10","92189538","92189692","chr2","30350641","30350798","40","61838897"
"chr10","92189991","92190128","chr3","157204243","157204376","27","65014252"
"chr10","92211334","92211633","chr9","94961059","94961353","65","2749725"
"chr10","92285387","92285693","chr9","87238252","87238547","28","5047135"
"chr10","92341315","92341587","chr4","130646957","130647224","76","38305642"
"chr10","92490013","92490285","chr9","87457820","87458102","29","5032193"
"chr10","92494726","92495049","chr9","87462086","87462390","42","5032640"
"chr10","92564503","92564706","chr9","87525821","87526022","14","5038682"
"chr10","92633189","92633311","chr9","87591589","87591713","7","5041600"
"chr10","92699127","92699256","chr9","87659144","87659273","8","5039983"
"chr10","92709518","92709819","chr9","87672078","87672377","22","5037440"
"chr10","93024843","93025108","chr9","87991531","87991810","35","5033312"
"chr10","93061254","93061325","chr1","14420953","14421028","21","78640301"
"chr10","93061621","93061746","chr9","88029334","88029459","4","5032287"
"chr10","93617059","93617342","chr4","55616849","55617132","57","38000210"
"chr10","93948354","93948534","chr9","88903451","88903631","8","5044903"
"chr10","94182167","94182459","chr9","89135186","89135483","44","5046981"
"chr10","94237182","94237423","chr9","89195305","89195545","13","5041877"
"chr10","94477704","94477959","chr9","89450584","89450871","51","5027120"
"chr10","94657481","94657613","chr1","185136881","185137017","30","90479400"
"chr10","94723787","94724061","chr9","89699260","89699529","23","5024527"
"chr10","95366370","95366668","chr9","90701816","90702107","25","4664554"
"chr10","95758607","95758722","chr18","56867621","56867738","32","38890986"
"chr10","95882909","95883138","chr9","91227649","91227868","40","4655260"
"chr10","96017325","96017406","chr2","9954973","9955052","23","86062352"
"chr10","96295454","96295744","chr9","91636491","91636761","34","4658963"
"chr10","96858289","96858550","chr2","52952688","52952936","82","43905601"
"chr10","96929499","96929782","chr11","104585421","104585717","62","7655922"
"chr10","97011171","97011453","chr9","92388847","92389126","22","4622324"
"chr10","97016876","97017158","chr9","92394484","92394763","19","4622392"
"chr10","97194801","97195093","chr9","92566808","92567086","35","4627993"
"chr10","97226722","97226845","chr10","15510391","15510513","20","81716331"
"chr10","97508986","97509159","chr10","62775103","62775278","22","34733883"
"chr10","97521614","97521896","chr9","92905349","92905624","34","4616265"
"chr10","97608577","97608863","chr6","78799285","78799566","63","18809292"
"chr10","97644002","97644124","chr9","93035173","93035287","14","4608829"
"chr10","97739504","97739792","chr9","93127791","93128083","23","4611713"
"chr10","98294910","98295212","chr9","93710075","93710386","35","4584835"
"chr10","98508863","98509110","chr11","47588435","47588670","63","50920428"
"chr10","98759508","98759758","chr9","94163481","94163736","17","4596027"
"chr10","98790715","98790996","chr9","94200787","94201087","38","4589928"
"chr10","98970564","98970859","chr9","94396891","94397186","18","4573673"
"chr10","99491869","99492164","chr9","94961059","94961353","13","4530810"
"chr10","99893085","99893192","chr4","122813853","122813963","34","22920768"
"chr10","100155830","100156132","chr9","95637762","95638063","24","4518068"
"chr10","100425875","100426031","chr11","110071969","110072127","27","9646094"
"chr10","100442291","100442395","chr9","95938501","95938605","9","4503790"
"chr10","100479758","100479889","chr3","84801975","84802107","20","15677783"
"chr10","100483511","100483799","chr9","95980418","95980708","21","4503093"
"chr10","100501933","100502238","chr7","56337791","56338101","67","44164142"
"chr10","100520574","100520708","chr13","74782008","74782141","26","25738566"
"chr10","100527449","100527545","chr5","3584907","3585001","23","96942542"
"chr10","100603409","100603694","chr9","96102398","96102687","18","4501011"
"chr10","100617386","100617515","chr13","27761307","27761437","21","72856079"
"chr10","100638436","100638559","chr1","100917561","100917687","24","279125"
"chr10","100964845","100965146","chr9","96538192","96538492","18","4426653"
"chr10","101033116","101033262","chr9","96605907","96606038","21","4427209"
"chr10","101033559","101033711","chr9","96606666","96606822","8","4426893"
"chr10","101034275","101034570","chr13","66383831","66384127","53","34650444"
"chr10","101069147","101069279","chr1","19433509","19433641","26","81635638"
"chr10","101122968","101123279","chr9","96698879","96699192","36","4424089"
"chr10","101240077","101240335","chr6","136604120","136604394","86","35364043"
"chr10","101463916","101464083","chr9","97048495","97048663","13","4415421"
"chr10","101464122","101464236","chr9","97048698","97048813","12","4415424"
"chr10","101483304","101483426","chr18","38228540","38228660","27","63254764"
"chr10","101530501","101530795","chr9","97116757","97117050","21","4413744"
"chr10","101572312","101572457","chr9","97158671","97158805","20","4413641"
"chr10","101958878","101959182","chr9","97564604","97564909","11","4394274"
"chr10","101976649","101976941","chr9","97584793","97585085","20","4391856"
"chr10","102226396","102226567","chr9","97861589","97861742","28","4364807"
"chr10","102292885","102293011","chr13","74782008","74782141","18","27510877"
"chr10","102399932","102400262","chr9","98040728","98041028","43","4359204"
"chr10","102940154","102940469","chr9","98624857","98625143","59","4315297"
"chr10","102968709","102968795","chr9","98652408","98652503","13","4316301"
"chr10","102996183","102996316","chrX","144541916","144542049","24","41545733"
"chr10","103117948","103118239","chr1","22927817","22928115","67","80190131"
"chr10","103177880","103178165","chr9","98873976","98874283","33","4303904"
"chr10","103217852","103218087","chr9","91227649","91227868","58","11990203"
"chr10","103223472","103223596","chr9","98922039","98922164","6","4301433"
"chr10","103228368","103228511","chr7","17162294","17162440","31","86066074"
"chr10","103228832","103228979","chr9","98927524","98927686","21","4301308"
"chr10","103255995","103256306","chr9","98954860","98955152","42","4301135"
"chr10","103296593","103296879","chr9","116197088","116197353","67","12900495"
"chr10","103497508","103497800","chr9","99253107","99253398","20","4244401"
"chr10","103524227","103524535","chr9","99281547","99281883","40","4242680"
"chr10","103770963","103771225","chr9","99527345","99527610","21","4243618"
"chr10","104078709","104079008","chr9","99838186","99838473","25","4240523"
"chr10","104147344","104147551","chr9","99907293","99907501","13","4240051"
"chr10","104404751","104404970","chr13","27647470","27647688","43","76757281"
"chr10","104677022","104677315","chr9","100449415","100449714","27","4227607"
"chr10","104748169","104748385","chr2","44872845","44873060","47","59875324"
"chr10","105006045","105006349","chr9","100768066","100768354","45","4237979"
"chr10","105662782","105663050","chr15","32156528","32156794","66","73506254"
"chr10","105742366","105742646","chr9","103508871","103509161","32","2233495"
"chr10","105866980","105867229","chr9","103376828","103377075","20","2490152"
"chr10","107264964","107265254","chr13","33420750","33421036","56","73844214"
"chr10","107283326","107283457","chr6","73069010","73069143","18","34214316"
"chr10","107894597","107894902","chr1","8350188","8350493","60","99544409"
"chr10","108184428","108184761","chr7","92572849","92573160","97","15611579"
"chr10","108245283","108245590","chr9","104055181","104055489","34","4190102"
"chr10","110280123","110280272","chr17","12119042","12119183","38","98161081"
"chr10","110325009","110325138","chr9","106210895","106211025","8","4114114"
"chr10","110375051","110375217","chrX","130871797","130871958","41","20496746"
"chr10","110642265","110642550","chr2","47892792","47893095","65","62749473"
"chr10","110813889","110814181","chr9","63277055","63277347","64","47536834"
"chr10","112117432","112117683","chr14","64837053","64837302","80","47280379"
"chr10","112629453","112629751","chr9","108493499","108493772","43","4135954"
"chr10","112918094","112918377","chr9","108780801","108781084","21","4137293"
"chr10","113000509","113000559","chr9","108869549","108869600","4","4130960"
"chr10","113571939","113572246","chr9","109450804","109451107","18","4121135"
"chr10","114557430","114557564","chrX","144541916","144542049","20","29984486"
"chr10","114721857","114722179","chr12","61665021","61665333","65","53056836"
"chr10","115399787","115399986","chr8","101221452","101221646","54","14178335"
"chr10","115399989","115400152","chr10","28106698","28106863","41","87293291"
"chr10","116275931","116276054","chr19","34635913","34636034","24","81640018"
"chr10","116470326","116470474","chr14","68514242","68514386","31","47956084"
"chr10","116470771","116470957","chr1","124347739","124347913","49","7876968"
"chr10","116999136","116999435","chr9","112903263","112903547","28","4095873"
"chr10","117070942","117071255","chr9","112969942","112970254","22","4101000"
"chr10","119522309","119522443","chr12","100835212","100835345","23","18687097"
"chr10","119721162","119721281","chr9","115703475","115703601","11","4017687"
"chr10","119915024","119915155","chr9","115900218","115900349","6","4014806"
"chr10","119916571","119916702","chr8","49689111","49689245","23","70227460"
"chr10","120029282","120029428","chr10","79748257","79748406","27","40281025"
"chr10","120204671","120204929","chr9","116197088","116197353","21","4007583"
"chr10","121579190","121579499","chr4","20606862","20607168","86","100972328"
"chr10","121728920","121729160","chr9","117749597","117749830","34","3979323"
"chr10","121875734","121876039","chr2","202370042","202370346","66","80494308"
"chr10","121899761","121899892","chr9","117923163","117923294","9","3976598"
"chr10","121911715","121911999","chr9","117935175","117935466","24","3976540"
"chr10","121980845","121980968","chr7","84453526","84453647","23","37527319"
"chr10","122080456","122080759","chr9","118096875","118097179","25","3983581"
"chr10","122187410","122187704","chr9","118207317","118207617","32","3980093"
"chr10","123842548","123842848","chr9","118990166","118990463","29","4852382"
"chr10","123859032","123859339","chr13","19713162","19713466","64","104145870"
"chr10","124727713","124728057","chr18","10003247","10003566","95","114724466"
"chr10","124785632","124785930","chr9","119942288","119942593","26","4843344"
"chr10","125193726","125193743","chr6","147776776","147776793","3","22583050"
"chr10","125193822","125193962","chr9","120379760","120379919","26","4814062"
"chr10","125263813","125263897","chr2","148254478","148254569","25","22990665"
"chr10","125650032","125650297","chr6","168003061","168003336","64","42353029"
"chr10","125674060","125674192","chr19","43366961","43367093","18","82307099"
"chr10","125999613","125999705","chr9","121191165","121191257","2","4808448"
"chr10","126602018","126602161","chr1","8787419","8787562","35","117814599"
"chr10","126675136","126675447","chr9","121868120","121868420","32","4807016"
"chr10","126681820","126682116","chr15","90913601","90913899","58","35768219"
"chr10","126825447","126825556","chr17","15556284","15556387","29","111269163"
"chr10","127644710","127644997","chrX","96821424","96821721","67","30823286"
"chr10","127656552","127656653","chr9","122843266","122843367","9","4813286"
"chr10","128130971","128131061","chr9","123367912","123368002","6","4763059"
"chr10","128131480","128131628","chr7","21720479","21720621","47","106411001"
"chr10","128852081","128852188","chr11","100680358","100680462","21","28171723"
"chr10","128852479","128852645","chr7","51737407","51737569","51","77115072"
"chr10","129623471","129623548","chr9","124942000","124942077","5","4681471"
"chr10","130888638","130888925","chr9","126213397","126213671","45","4675241"
"chr10","130938036","130938167","chr9","126263853","126263985","7","4674183"
"chr10","131947723","131948041","chr9","127260741","127261033","60","4686982"
"chr10","132114738","132114873","chr3","82190444","82190578","25","49924294"
"chr10","132278071","132278209","chr2","104421888","104422039","33","27856183"
"chr11","500617","500893","chr14","311283","311566","19","189334"
"chr11","941787","941857","chr12","103645748","103645821","18","102703961"
"chr11","943742","943874","chr12","100835212","100835345","13","99891470"
"chr11","1131640","1131793","chr14","920267","920440","28","211373"
"chr11","1739807","1739930","chr14","1519781","1519904","11","220026"
"chr11","1916969","1917042","chr10","25425564","25425639","15","23508595"
"chr11","2660641","2660929","chr14","2445836","2446121","15","214805"
"chr11","2949479","2949772","chr16","61072583","61072851","73","58123104"
"chr11","3086279","3086413","chr14","2867695","2867832","12","218584"
"chr11","3422758","3422893","chr2","22129486","22129618","23","18706728"
"chr11","3504345","3504646","chr20","5294290","5294588","35","1789945"
"chr11","3682469","3682599","chr2","150708275","150708407","18","147025806"
"chr11","3700755","3701067","chr2","148676479","148676770","93","144975724"
"chr11","4069481","4069746","chr14","63343037","63343308","17","59273556"
"chr11","4079707","4079845","chr14","63333133","63333271","8","59253426"
"chr11","4565420","4565737","chr14","62815766","62816083","19","58250346"
"chr11","4576656","4576736","chr2","9954973","9955052","24","5378317"
"chr11","6371020","6371280","chr14","60224776","60225043","38","53853756"
"chr11","6853857","6854142","chr2","167770004","167770283","73","160916147"
"chr11","7856113","7856410","chr11","115823659","115823946","63","107967546"
"chr11","8091743","8091873","chr14","9601671","9601803","21","1509928"
"chr11","8402974","8403186","chr5","158854361","158854544","73","150451387"
"chr11","8403476","8403586","chr2","94699597","94699708","21","86296121"
"chr11","8656127","8656248","chr3","39555854","39555963","35","30899727"
"chr11","8748464","8748574","chr9","98922039","98922164","39","90173575"
"chr11","8765636","8765915","chr10","85516747","85517045","79","76751111"
"chr11","8970102","8970393","chr14","57386635","57386940","31","48416533"
"chr11","9039396","9039690","chr14","57319759","57320067","33","48280363"
"chr11","9042330","9042510","chr14","57317247","57317426","26","48274917"
"chr11","9237082","9237137","chr20","1437178","1437232","3","7799904"
"chr11","9345188","9345494","chr8","100594030","100594332","79","91248842"
"chr11","9355630","9355936","chr14","56987804","56988111","23","47632174"
"chr11","9378503","9378663","chr8","54257527","54257678","42","44879024"
"chr11","9411021","9411311","chr2","165638198","165638486","61","156227177"
"chr11","9462540","9462825","chr14","56884924","56885229","41","47422384"
"chr11","9475003","9475296","chr14","56872916","56873207","26","47397913"
"chr11","9521107","9521396","chr14","56825299","56825588","19","47304192"
"chr11","9536753","9537014","chr14","56811156","56811417","15","47274403"
"chr11","9560606","9560905","chr14","56788241","56788540","12","47227635"
"chr11","9562235","9562485","chr14","56786408","56786683","42","47224173"
"chr11","9583019","9583327","chr14","56765687","56765972","40","47182668"
"chr11","9715764","9716079","chr8","88043105","88043401","70","78327341"
"chr11","10046729","10047034","chr18","35003607","35003908","67","24956878"
"chr11","10109028","10109322","chr14","56239358","56239656","28","46130330"
"chr11","10173334","10173602","chr1","153747411","153747680","57","143574077"
"chr11","10196441","10196714","chr4","53729202","53729447","70","43532761"
"chr11","10220891","10221033","chr9","30072254","30072394","29","19851363"
"chr11","10427372","10427500","chr14","55910986","55911114","7","45483614"
"chr11","10640364","10640639","chr14","55692438","55692712","17","45052074"
"chr11","10685353","10685525","chr7","99118941","99119104","43","88433588"
"chr11","10727988","10728282","chr14","55593162","55593426","45","44865174"
"chr11","12521768","12522047","chr14","53762083","53762371","32","41240315"
"chr11","12569634","12569949","chr14","53713337","53713651","23","41143703"
"chr11","13358170","13358241","chr4","85914853","85914914","21","72556683"
"chr11","13462250","13462416","chr14","52728519","52728685","7","39266269"
"chr11","13483203","13483335","chr7","136853114","136853244","23","123369911"
"chr11","13822171","13822474","chr14","52388577","52388855","49","38566406"
"chr11","14093215","14093494","chr14","52135622","52135894","23","38042407"
"chr11","14188521","14188642","chrX","71477804","71477921","24","57289283"
"chr11","14188669","14188823","chr16","55697996","55698154","37","41509327"
"chr11","14242685","14242994","chr14","51983134","51983444","15","37740449"
"chr11","14317129","14317418","chr14","51900205","51900497","12","37583076"
"chr11","14504627","14504931","chr4","161951639","161951946","65","147447012"
"chr11","15994892","15995005","chr11","100130077","100130183","37","84135185"
"chr11","15995008","15995140","chr8","96271477","96271609","21","80276469"
"chr11","16333607","16333875","chr14","49872784","49873070","35","33539177"
"chr11","16478403","16478686","chr14","49679369","49679670","39","33200966"
"chr11","16569378","16569691","chr14","49589378","49589687","23","33020000"
"chr11","16699248","16699421","chr14","49453550","49453723","9","32754302"
"chr11","16722998","16723308","chr1","109768500","109768802","66","93045502"
"chr11","16777615","16777887","chr14","49373997","49374291","35","32596382"
"chr11","16834042","16834339","chr2","54927482","54927781","67","38093440"
"chr11","16921311","16921605","chr14","49223089","49223383","21","32301778"
"chr11","16921778","16922051","chr14","49222638","49222914","18","32300860"
"chr11","16925822","16926134","chr14","49219568","49219884","22","32293746"
"chr11","16991605","16991905","chr2","202370042","202370346","63","185378437"
"chr11","17098587","17098863","chr14","49047507","49047776","23","31948920"
"chr11","17621181","17621466","chr13","95083261","95083550","63","77462080"
"chr11","17646281","17646567","chr14","48479122","48479419","34","30832841"
"chr11","17735926","17736244","chr14","48386988","48387303","21","30651062"
"chr11","17981430","17981725","chr14","48101822","48102137","38","30120392"
"chr11","18036523","18036869","chr14","48041764","48042102","37","30005241"
"chr11","18106526","18106655","chr19","52137193","52137316","25","34030667"
"chr11","18151636","18151894","chr2","98098618","98098862","63","79946982"
"chr11","18194543","18194820","chr14","47861240","47861518","21","29666697"
"chr11","18241253","18241530","chr6","134995702","134995988","57","116754449"
"chr11","18244794","18245029","chr10","2303019","2303257","55","15941775"
"chr11","18251445","18251616","chr14","47797762","47797934","18","29546317"
"chr11","18283032","18283161","chr3","46299974","46300103","22","28016942"
"chr11","18291062","18291291","chr14","47749333","47749557","18","29458271"
"chr11","18597301","18597592","chr14","47659869","47660161","17","29062568"
"chr11","18680614","18680744","chr14","47576430","47576562","10","28895816"
"chr11","19898991","19899295","chr14","46370720","46371030","25","26471729"
"chr11","20206938","20207239","chr2","202370042","202370346","62","182163104"
"chr11","20363182","20363287","chr14","45855123","45855221","13","25491941"
"chr11","20550824","20551120","chr14","45635665","45635961","15","25084841"
"chr11","20687063","20687353","chr2","197647832","197648119","63","176960769"
"chr11","20932322","20932606","chr11","67320881","67321179","72","46388559"
"chr11","21019168","21019467","chr14","45144415","45144703","25","24125247"
"chr11","21236641","21236919","chr14","44929610","44929888","44","23692969"
"chr11","21754975","21755272","chr14","44360287","44360580","27","22605312"
"chr11","21894286","21894586","chr14","44226930","44227231","28","22332644"
"chr11","22831950","22832098","chr14","43276862","43277015","14","20444912"
"chr11","22878814","22879074","chr14","43229399","43229659","11","20350585"
"chr11","23511610","23511935","chr14","42507184","42507497","36","18995574"
"chr11","23698165","23698479","chr14","42280759","42281064","40","18582594"
"chr11","24063376","24063544","chr14","41909852","41910025","21","17846476"
"chr11","24388718","24388945","chr16","7870057","7870288","66","16518661"
"chr11","24567487","24567678","chr3","42101182","42101372","44","17533695"
"chr11","25020710","25020999","chr14","40907222","40907522","32","15886512"
"chr11","25023912","25024208","chr4","2943428","2943701","81","22080484"
"chr11","25518668","25518915","chr14","40301877","40302136","38","14783209"
"chr11","25683068","25683352","chr11","28957533","28957808","69","3274465"
"chr11","25985518","25985835","chr14","39838172","39838496","41","13852654"
"chr11","26899625","26899915","chr3","397326","397622","65","26502299"
"chr11","27328251","27328375","chr2","51984605","51984728","20","24656354"
"chr11","27374589","27374860","chr14","38453341","38453608","15","11078752"
"chr11","28481889","28482181","chr14","37314442","37314730","31","8832553"
"chr11","29306277","29306560","chr14","36501452","36501735","14","7195175"
"chr11","29729989","29730288","chr14","36081330","36081628","17","6351341"
"chr11","30228188","30228242","chr10","25952055","25952114","18","4276133"
"chr11","30247198","30247500","chr14","35538381","35538676","40","5291183"
"chr11","30265070","30265354","chr1","92909867","92910149","69","62644797"
"chr11","31196558","31196749","chr9","32855629","32855811","62","1659071"
"chr11","31557971","31558178","chr11","112698176","112698365","49","81140205"
"chr11","31601225","31601357","chr4","108589533","108589664","22","76988308"
"chr11","32075098","32075372","chr14","33677909","33678183","14","1602811"
"chr11","32309454","32309587","chr7","83999366","83999496","20","51689912"
"chr11","32339096","32339389","chr14","33395185","33395478","18","1056089"
"chr11","32386686","32386980","chr2","62121493","62121782","59","29734807"
"chr11","32418257","32418546","chr14","33321415","33321717","34","903158"
"chr11","32423397","32423551","chr3","5987047","5987197","34","26436350"
"chr11","32601345","32601646","chr14","33152906","33153209","16","551561"
"chr11","32734940","32735083","chr7","104429588","104429723","36","71694648"
"chr11","32736327","32736363","chr2","22517406","22517438","10","10218921"
"chr11","32810675","32810951","chr14","32946254","32946553","44","135579"
"chr11","32924423","32924722","chr14","32849781","32850079","18","74642"
"chr11","32956075","32956221","chr20","11424872","11425014","36","21531203"
"chr11","32964365","32964654","chr14","32808205","32808499","28","156160"
"chr11","32986720","32987004","chr14","33677909","33678183","75","691189"
"chr11","33007425","33007688","chr14","32765425","32765699","23","242000"
"chr11","33007693","33007766","chr2","81844034","81844107","19","48836341"
"chr11","33025945","33026220","chr4","107482202","107482483","65","74456257"
"chr11","33539304","33539591","chr14","32226544","32226832","23","1312760"
"chr11","33653597","33653888","chr14","32119121","32119416","26","1534476"
"chr11","33921455","33921754","chr6","135687652","135687955","77","101766197"
"chr11","33999309","33999442","chr19","44757841","44757975","18","10758532"
"chr11","34086586","34086709","chr14","31672812","31672935","4","2413774"
"chr11","34145212","34145345","chr14","31612864","31612996","15","2532348"
"chr11","34305122","34305410","chr6","78799285","78799566","69","44494163"
"chr11","34710491","34710656","chr14","31047952","31048117","7","3662539"
"chr11","35495440","35495757","chr14","30257416","30257735","34","5238024"
"chr11","35768371","35768671","chr3","42185773","42186069","74","6417402"
"chr11","36049947","36050275","chr14","29712173","29712492","21","6337774"
"chr11","36242764","36243065","chr14","29518398","29518705","48","6724366"
"chr11","37689014","37689326","chr14","28091438","28091750","30","9597576"
"chr11","37925438","37925549","chr3","39555854","39555963","36","1630416"
"chr11","37926602","37926720","chr1","93985549","93985656","33","56058947"
"chr11","38308432","38308582","chr14","27562441","27562585","18","10745991"
"chr11","38736668","38736974","chr6","148083680","148083980","72","109347012"
"chr11","38880959","38881111","chr14","27006519","27006672","24","11874440"
"chr11","40510248","40510466","chr14","25882706","25882929","23","14627542"
"chr11","40579405","40579679","chr14","25812174","25812444","25","14767231"
"chr11","40632603","40632908","chr14","25760536","25760837","36","14872067"
"chr11","41540743","41541059","chr14","24894550","24894864","23","16646193"
"chr11","42327119","42327386","chr14","24020773","24021046","21","18306346"
"chr11","43459637","43459945","chr14","23044213","23044528","34","20415424"
"chr11","43789321","43789597","chr14","22740160","22740441","44","21049161"
"chr11","43841193","43841467","chr14","22696706","22696977","21","21144487"
"chr11","43844111","43844391","chr14","22693732","22694032","34","21150379"
"chr11","44104313","44104604","chr14","22383742","22384033","15","21720571"
"chr11","44230111","44230396","chr14","22272951","22273235","14","21957160"
"chr11","44279965","44280278","chr14","22226176","22226491","28","22053789"
"chr11","44440936","44441131","chr20","18808581","18808805","62","25632355"
"chr11","45106033","45106350","chr2","57095994","57096309","62","11989961"
"chr11","45588855","45589149","chr14","20905773","20906063","17","24683082"
"chr11","45787162","45787335","chr7","165137313","165137480","39","119350151"
"chr11","45787377","45787500","chr6","89175229","89175349","25","43387852"
"chr11","46223928","46224220","chr14","20273984","20274269","22","25949944"
"chr11","46314675","46314954","chr2","107866496","107866787","72","61551821"
"chr11","46440731","46440995","chr14","20057039","20057305","20","26383692"
"chr11","46503778","46504076","chr3","80571747","80572057","67","34067969"
"chr11","46862952","46863252","chr14","19692707","19693008","7","27170245"
"chr11","46932791","46933066","chr3","84929430","84929707","74","37996639"
"chr11","46947212","46947509","chr14","19605998","19606295","31","27341214"
"chr11","47196798","47197084","chr14","19347937","19348225","21","27848861"
"chr11","47302455","47302750","chr10","27375561","27375863","66","19926894"
"chr11","47362700","47363013","chr14","19175622","19175936","18","28187078"
"chr11","47556638","47556896","chr14","18984602","18984856","31","28572036"
"chr11","47699186","47699327","chr17","83049320","83049461","27","35350134"
"chr11","47699640","47699673","chr9","92939968","92940003","9","45240328"
"chr11","47713817","47713948","chr3","126620481","126620621","31","78906664"
"chr11","47819610","47819747","chr14","10853551","10853688","13","36966059"
"chr11","47888769","47888914","chr1","23061463","23061601","25","24827306"
"chr11","47903861","47903981","chr2","150253312","150253430","36","102349451"
"chr11","48039556","48039864","chr14","18471789","18472097","36","29567767"
"chr11","48118064","48118114","chr10","46966475","46966527","8","1151589"
"chr11","48168261","48168425","chr14","18340563","18340732","11","29827698"
"chr11","48168716","48168862","chr10","30339443","30339585","25","17829273"
"chr11","48175910","48176044","chr14","18332409","18332546","13","29843501"
"chr11","48178381","48178547","chr2","84640092","84640260","36","36461711"
"chr11","48229805","48230004","chr14","18277674","18277869","25","29952131"
"chr11","48326360","48326489","chr14","6323126","6323260","32","42003234"
"chr11","48354701","48354898","chr14","18150267","18150499","48","30204434"
"chr11","48382245","48382456","chr4","88671990","88672207","60","40289745"
"chr11","48390289","48390439","chr8","139878884","139879042","36","91488595"
"chr11","48410135","48410260","chr17","28636329","28636455","23","19773806"
"chr11","48622000","48622273","chr14","17883453","17883735","26","30738547"
"chr11","48649072","48649347","chr14","17855373","17855644","23","30793699"
"chr11","48716135","48716426","chr14","17805930","17806218","24","30910205"
"chr11","50042602","50042880","chr18","67022854","67023120","63","16980252"
"chr11","50093762","50093912","chr12","87866506","87866652","35","37772744"
"chr11","50268524","50268666","chr9","63992654","63992804","19","13724130"
"chr11","50268972","50269126","chr9","63993091","63993253","23","13724119"
"chr11","50304881","50305117","chr8","68913273","68913508","57","18608392"
"chr11","56246977","56247280","chr6","125052342","125052640","57","68805365"
"chr11","56316508","56316790","chr14","16037837","16038138","38","40278671"
"chr11","56421326","56421617","chr14","15926639","15926929","20","40494687"
"chr11","56522450","56522604","chr14","15819022","15819176","9","40703428"
"chr11","56539344","56539590","chr14","15804338","15804555","39","40735006"
"chr11","56864251","56864480","chr14","15522886","15523116","18","41341365"
"chr11","57444323","57444424","chr14","15068105","15068198","13","42376218"
"chr11","57834032","57834193","chr14","14869628","14869789","18","42964404"
"chr11","58229714","58229850","chr8","11999088","11999224","29","46230626"
"chr11","58257034","58257166","chr13","74782008","74782141","15","16524974"
"chr11","58296149","58296452","chr14","14467636","14467934","22","43828513"
"chr11","58338255","58338530","chr8","42986537","42986825","73","15351718"
"chr11","59294681","59294799","chr14","13651659","13651773","8","45643022"
"chr11","59294895","59295079","chr14","13651436","13651619","27","45643459"
"chr11","59938592","59938879","chr14","12842961","12843250","22","47095631"
"chr11","59948611","59948735","chr1","111648788","111648912","20","51700177"
"chr11","60042037","60042169","chr3","42908057","42908188","27","17133980"
"chr11","60072089","60072383","chr14","12973646","12973916","42","47098443"
"chr11","60506797","60507089","chr5","57878034","57878333","72","2628763"
"chr11","60532955","60533152","chr1","124487737","124487908","51","63954782"
"chr11","60605051","60605179","chr15","41374736","41374861","24","19230315"
"chr11","60803260","60803546","chr6","78799285","78799566","55","17996025"
"chr11","61072349","61072644","chr14","11944729","11945033","32","49127620"
"chr11","61372216","61372338","chr5","153041559","153041687","34","91669343"
"chr11","61525672","61525933","chr14","11488218","11488517","56","50037454"
"chr11","61655690","61655985","chr10","68198160","68198451","58","6542470"
"chr11","61674130","61674222","chr1","75945168","75945250","29","14271038"
"chr11","62368208","62368481","chr14","10965297","10965557","22","51402911"
"chr11","62442543","62442817","chr14","78847443","78847702","80","16404900"
"chr11","62483703","62483984","chr4","43544153","43544436","66","18939550"
"chr11","62490843","62491139","chr6","63152042","63152334","77","661199"
"chr11","62529698","62530027","chr2","105369641","105369953","78","42839943"
"chr11","62903176","62903281","chr14","10330106","10330212","8","52573070"
"chr11","63510608","63510741","chr14","9646899","9647028","11","53863709"
"chr11","63545217","63545351","chr7","17789065","17789200","22","45756152"
"chr11","63646033","63646328","chr1","94247075","94247368","53","30601042"
"chr11","63721963","63722091","chr1","110420993","110421120","27","46699030"
"chr11","63854896","63855026","chr9","45752809","45752940","22","18102087"
"chr11","63947208","63947510","chr12","87829978","87830283","57","23882770"
"chr11","64084874","64085158","chr14","9036972","9037258","18","55047902"
"chr11","64177075","64177170","chr14","8945995","8946091","10","55231080"
"chr11","64361162","64361290","chr10","10572666","10572789","25","53788496"
"chr11","64395091","64395292","chr14","8706604","8706805","11","55688487"
"chr11","64452932","64453228","chr10","68198160","68198451","67","3745228"
"chr11","64459645","64459965","chr4","48145340","48145640","71","16314305"
"chr11","64464257","64464532","chrX","104030706","104030978","59","39566449"
"chr11","64587108","64587238","chr8","61241084","61241210","23","3346024"
"chr11","64664655","64664949","chr14","8458990","8459274","56","56205665"
"chr11","64696013","64696125","chr14","8423778","8423892","13","56272235"
"chr11","64722838","64723069","chr14","8394390","8394621","12","56328448"
"chr11","64755562","64755702","chr2","148554865","148554989","31","83799303"
"chr11","65294574","65294715","chr14","7812676","7812819","8","57481898"
"chr11","65311603","65311912","chr1","109768500","109768802","70","44456897"
"chr11","65451323","65451537","chr14","7640116","7640329","7","57811207"
"chr11","65580173","65580381","chr14","7508948","7509198","63","58071225"
"chr11","65647607","65647743","chr14","7442614","7442749","6","58204993"
"chr11","65781467","65781613","chr14","7300177","7300321","10","58481290"
"chr11","65900181","65900464","chr14","7163738","7164031","26","58736443"
"chr11","65909912","65909926","chr10","73277115","73277126","4","7367203"
"chr11","65909963","65910084","chr4","85549857","85549971","28","19639894"
"chr11","66069982","66070085","chr14","6984661","6984763","7","59085321"
"chr11","66134914","66135047","chr3","46737410","46737542","22","19397504"
"chr11","66408258","66408355","chr14","6624611","6624713","9","59783647"
"chr11","66676961","66677091","chr1","196150815","196150937","34","129473854"
"chr11","66902319","66902597","chr14","6112419","6112697","27","60789900"
"chr11","67089966","67090268","chr14","5894014","5894309","27","61195952"
"chr11","67226451","67226755","chr14","5754888","5755185","27","61471563"
"chr11","67269894","67270046","chr14","5712118","5712272","19","61557776"
"chr11","67310788","67311061","chr7","138911885","138912157","73","71601097"
"chr11","67668074","67668377","chr14","5340938","5341240","21","62327136"
"chr11","67923664","67923796","chr3","157204243","157204376","23","89280579"
"chr11","68067611","68067790","chr12","100920988","100921176","37","32853377"
"chr11","68246195","68246245","chr10","46966475","46966527","9","21279720"
"chr11","68746795","68746932","chr20","11588846","11588980","23","57157949"
"chr11","68829773","68829898","chr14","4184881","4185014","17","64644892"
"chr11","69055705","69055998","chr14","3954915","3955198","25","65100790"
"chr11","69364599","69364844","chr1","132394722","132394971","73","63030123"
"chr11","69865380","69865638","chr13","56223881","56224117","81","13641499"
"chr11","69980412","69980712","chr20","5294290","5294588","31","64686122"
"chr11","70326573","70326880","chr12","101964320","101964629","68","31637747"
"chr11","70335986","70336296","chr3","178216965","178217274","76","107880979"
"chr11","70338858","70339089","chr1","128246654","128246893","58","57907796"
"chr11","70726566","70726726","chr1","51722947","51723105","34","19003619"
"chr11","70740140","70740377","chr3","155019773","155019992","74","84279633"
"chr11","70760299","70760503","chr14","64417437","64417643","20","6342862"
"chr11","70959353","70959489","chr14","64620442","64620577","8","6338911"
"chr11","71108947","71109101","chr6","77636913","77637064","35","6527966"
"chr11","71164318","71164609","chr9","64248631","64248920","70","6915687"
"chr11","71176680","71176933","chr14","64837053","64837302","32","6339627"
"chr11","71434496","71434792","chr14","65126017","65126317","28","6308479"
"chr11","71571542","71571791","chr14","65265374","65265609","24","6306168"
"chr11","71596220","71596496","chr14","65290398","65290677","26","6305822"
"chr11","71815168","71815396","chr14","65509390","65509619","21","6305778"
"chr11","71853738","71854035","chr14","65549745","65550046","23","6303993"
"chr11","71964961","71964999","chr6","44182442","44182480","10","27782519"
"chr11","71965293","71965441","chr1","38316912","38317060","14","33648381"
"chr11","72135565","72135653","chr14","65762195","65762287","9","6373370"
"chr11","72136695","72137003","chr14","65763633","65763910","52","6373062"
"chr11","72194914","72195127","chr11","109889764","109889978","56","37694850"
"chr11","72279105","72279372","chr19","40130488","40130744","60","32148617"
"chr11","72293710","72293916","chr14","65937200","65937409","28","6356510"
"chr11","72460397","72460686","chr19","45457659","45457942","82","27002738"
"chr11","72506179","72506455","chr14","66202017","66202292","18","6304162"
"chr11","72510781","72511089","chr14","66206000","66206309","25","6304781"
"chr11","72533317","72533577","chr14","66234593","66234870","41","6298724"
"chr11","72687849","72688163","chr14","66390932","66391266","37","6296917"
"chr11","72754378","72754480","chr14","66449520","66449622","3","6304858"
"chr11","72953114","72953243","chr14","66701036","66701173","16","6252078"
"chr11","72978602","72978889","chr4","43544153","43544436","72","29434449"
"chr11","73142896","73143026","chr1","163076626","163076759","22","89933730"
"chr11","73618001","73618138","chr3","13531543","13531676","21","60086458"
"chr11","74177472","74177770","chr14","67994483","67994800","48","6182989"
"chr11","74305339","74305619","chr14","68131654","68131933","21","6173685"
"chr11","74552809","74553098","chr15","66859448","66859739","69","7693361"
"chr11","74974534","74974808","chr14","68679448","68679706","32","6295086"
"chr11","75040231","75040443","chr14","68615358","68615571","22","6424873"
"chr11","75041801","75041962","chr14","68614139","68614293","13","6427662"
"chr11","75286352","75286668","chr14","68765798","68766114","19","6520554"
"chr11","75550407","75550716","chr14","69036218","69036524","28","6514189"
"chr11","75552364","75552655","chr14","69038475","69038771","24","6513889"
"chr11","75570162","75570465","chr1","44438619","44438917","68","31131543"
"chr11","75704867","75704888","chr19","34661631","34661650","8","41043236"
"chr11","75704924","75705073","chr1","61681709","61681856","32","14023215"
"chr11","75939391","75939656","chr18","52917597","52917868","61","23021794"
"chr11","76065787","76066114","chr14","69560582","69560871","49","6505205"
"chr11","76183142","76183245","chr14","69675365","69675477","17","6507777"
"chr11","76183662","76183854","chr9","23695179","23695370","42","52488483"
"chr11","76374685","76374973","chr6","132230492","132230796","73","55855807"
"chr11","76419474","76419752","chr14","69924329","69924600","29","6495145"
"chr11","76423567","76423856","chr14","69929032","69929339","36","6494535"
"chr11","76449167","76449440","chr14","69954872","69955147","20","6494295"
"chr11","76511070","76511303","chr14","70012915","70013151","18","6498155"
"chr11","76908947","76909244","chr14","70435860","70436161","31","6473087"
"chr11","76934962","76935252","chr14","70460552","70460842","24","6474410"
"chr11","76960598","76960636","chr2","22517406","22517438","14","54443192"
"chr11","77127348","77127655","chr4","33709197","33709493","74","43418151"
"chr11","77202140","77202360","chr20","42031775","42031986","56","35170365"
"chr11","77208414","77208549","chr14","70729826","70729957","14","6478588"
"chr11","77265524","77265833","chr15","90913601","90913899","67","13648077"
"chr11","77357607","77357906","chr14","70907619","70907925","21","6449988"
"chr11","77396502","77396712","chr14","70946206","70946417","14","6450296"
"chr11","78342422","78342723","chr14","71906372","71906666","28","6436050"
"chr11","78498286","78498488","chr8","92537132","92537340","59","14038846"
"chr11","78742480","78742646","chr6","166788551","166788715","40","88046071"
"chr11","78742710","78742832","chr14","72327521","72327644","10","6415189"
"chr11","79033197","79033510","chr7","164590728","164591038","71","85557531"
"chr11","79489524","79489813","chr14","73090915","73091203","35","6398609"
"chr11","80110485","80110570","chr13","10675038","10675126","26","69435447"
"chr11","80110600","80110695","chr1","174366848","174366952","27","94256248"
"chr11","80631088","80631383","chr14","74352484","74352764","48","6278604"
"chr11","80702468","80702774","chr14","74420835","74421134","27","6281633"
"chr11","81547153","81547462","chr14","75241444","75241755","23","6305709"
"chr11","81602884","81603185","chr14","75302747","75303050","19","6300137"
"chr11","81616794","81617118","chr14","56825299","56825588","91","24791495"
"chr11","81687394","81687667","chr1","39871622","39871902","71","41815772"
"chr11","81771660","81771745","chrX","1557106","1557196","18","80214554"
"chr11","82580359","82580647","chr14","76337396","76337690","20","6242963"
"chr11","84495518","84495824","chr14","78424396","78424714","34","6071122"
"chr11","84536516","84536803","chr6","78799285","78799566","52","5737231"
"chr11","84540742","84541038","chr14","78468626","78468910","32","6072116"
"chr11","84597970","84598191","chr14","78524913","78525134","12","6073057"
"chr11","84621050","84621123","chr11","106993687","106993763","16","22372637"
"chr11","84621409","84621689","chr15","43610240","43610508","94","41011169"
"chr11","84629844","84630112","chr14","78557430","78557692","27","6072414"
"chr11","84720961","84721202","chr14","78650004","78650245","16","6070957"
"chr11","84736932","84737211","chr14","78666338","78666616","16","6070594"
"chr11","84753517","84753806","chr9","99253107","99253398","69","14499590"
"chr11","84758352","84758652","chr14","78687389","78687699","30","6070963"
"chr11","84917572","84917877","chr14","78847443","78847702","60","6070129"
"chr11","84921810","84921945","chr14","78852049","78852184","8","6069761"
"chr11","84977831","84978128","chr14","78908483","78908776","19","6069348"
"chr11","85023575","85023867","chr14","78947277","78947578","30","6076298"
"chr11","85558134","85558270","chr14","79458125","79458261","5","6100009"
"chr11","85666905","85667244","chr14","79567830","79568186","33","6099075"
"chr11","85761730","85761883","chr14","79659520","79659672","18","6102210"
"chr11","85804542","85804698","chr2","144105880","144106027","51","58301338"
"chr11","88574375","88574496","chr2","75247754","75247871","23","13326621"
"chr11","88624179","88624363","chr14","82590081","82590264","8","6034098"
"chr11","88652959","88653217","chr14","82617673","82617927","29","6035286"
"chr11","90734615","90734913","chr6","78799285","78799566","73","11935330"
"chr11","91146556","91146845","chr7","137112501","137112779","71","45965945"
"chr11","91572959","91573082","chr1","185438842","185438964","26","93865883"
"chr11","91573109","91573293","chr1","124347739","124347913","44","32774630"
"chr11","91639624","91639917","chr14","85765551","85765840","22","5874073"
"chr11","92097617","92097916","chr4","107482202","107482483","67","15384585"
"chr11","92316732","92317033","chr14","86447899","86448204","28","5868833"
"chr11","92703275","92703593","chr1","207481939","207482253","65","114778664"
"chr11","93298488","93298740","chr14","87357513","87357762","24","5940975"
"chr11","95228762","95229049","chr14","89382509","89382795","24","5846253"
"chr11","95369317","95369481","chr14","89514961","89515123","12","5854356"
"chr11","96717844","96718125","chr2","42436845","42437128","65","54280999"
"chr11","97153120","97153410","chr14","32226544","32226832","65","64926576"
"chr11","97266986","97267279","chr14","91598200","91598502","34","5668786"
"chr11","97896947","97897203","chr14","92284165","92284448","44","5612782"
"chr11","98746981","98747287","chr14","93187024","93187333","29","5559957"
"chr11","98945654","98945803","chr14","93401809","93401958","12","5543845"
"chr11","99087185","99087486","chr14","93538695","93539029","48","5548490"
"chr11","99248747","99249038","chr14","93697723","93698018","35","5551024"
"chr11","99616908","99617204","chr8","100594030","100594332","73","977122"
"chr11","99633784","99634074","chr7","157460314","157460600","64","57826530"
"chr11","100085115","100085386","chr14","94538124","94538393","20","5546991"
"chr11","100130570","100130774","chr14","94586331","94586525","22","5544239"
"chr11","100835496","100835793","chr14","95288897","95289198","35","5546599"
"chr11","101233788","101234061","chr14","95707826","95708072","42","5525962"
"chr11","101312155","101312226","chr14","95787406","95787477","9","5524749"
"chr11","101436912","101437213","chr12","87829978","87830283","70","13606934"
"chr11","101541521","101541681","chr14","96011282","96011439","16","5530239"
"chr11","101679149","101679461","chr14","96143868","96144167","45","5535281"
"chr11","102109563","102109707","chr6","77134968","77135117","32","24974595"
"chr11","102414628","102414914","chr14","96884335","96884602","43","5530293"
"chr11","102779383","102779650","chr14","97245506","97245773","16","5533877"
"chr11","102937030","102937313","chr14","97404402","97404683","16","5532628"
"chr11","103335659","103335852","chr14","97832813","97833017","35","5502846"
"chr11","103380604","103380806","chr14","97832813","97833017","17","5547791"
"chr11","104308453","104308763","chr14","98823519","98823829","31","5484934"
"chr11","104405440","104405718","chr20","30646028","30646293","70","73759412"
"chr11","104419582","104419876","chr14","98936554","98936845","19","5483028"
"chr11","105943453","105943589","chr14","100494252","100494388","12","5449201"
"chr11","106215814","106216104","chr12","59219917","59220209","82","46995897"
"chr11","106338909","106338985","chrX","25421120","25421199","19","80917789"
"chr11","106374017","106374057","chr14","100928711","100928748","4","5445306"
"chr11","106403013","106403144","chr14","100963213","100963342","12","5439800"
"chr11","106403444","106403599","chr14","100963639","100963795","15","5439805"
"chr11","106405778","106406066","chr14","100966420","100966711","19","5439358"
"chr11","106485754","106485859","chr17","1325218","1325328","23","105160536"
"chr11","106510501","106510667","chr14","101078517","101078683","8","5431984"
"chr11","106512309","106512386","chr14","101080346","101080431","10","5431963"
"chr11","106575310","106575612","chr10","27157967","27158263","69","79417343"
"chr11","106795388","106795701","chr1","225349716","225350010","94","118554328"
"chr11","106813755","106814055","chr14","101362585","101362888","23","5451170"
"chr11","106888398","106888688","chr14","101439520","101439810","18","5448878"
"chr11","106899698","106899886","chr16","26689449","26689631","37","80210249"
"chr11","106928267","106928345","chr5","39056441","39056518","21","67871826"
"chr11","106928672","106928860","chr8","30435746","30435932","46","76492926"
"chr11","106977624","106977750","chr1","26589838","26589970","21","80387786"
"chr11","106981131","106981424","chr10","68198160","68198451","68","38782971"
"chr11","106989934","106990249","chr1","85078108","85078411","76","21911826"
"chr11","107003941","107004237","chr14","101558463","101558749","41","5445478"
"chr11","107067676","107067976","chr13","17628391","17628667","71","89439285"
"chr11","107080925","107081231","chr14","101643298","101643601","31","5437627"
"chr11","107215153","107215436","chr14","101776725","101777004","25","5438428"
"chr11","108942827","108942952","chr14","103112109","103112232","6","5830718"
"chr11","110428954","110429218","chr14","104579010","104579285","35","5849944"
"chr11","110497800","110497946","chr14","104646319","104646474","19","5851481"
"chr11","110510980","110511058","chr2","180122671","180122737","23","69611691"
"chr11","110544895","110545117","chr14","104694472","104694703","29","5850423"
"chr11","110678773","110678904","chr9","63344988","63345119","23","47333785"
"chr11","110764299","110764615","chr14","104920768","104921072","37","5843531"
"chr11","110841937","110842218","chr1","203155761","203156050","69","92313824"
"chr11","110843039","110843075","chr14","100928711","100928748","9","9914328"
"chr11","110843797","110843994","chr14","104994267","104994465","15","5849530"
"chr11","110894157","110894274","chr10","82812050","82812167","28","28082107"
"chr11","110894304","110894465","chr1","30488687","30488839","40","80405617"
"chr11","111003589","111003878","chr14","105149801","105150088","32","5853788"
"chr11","112119470","112119763","chr14","106257658","106257953","32","5861812"
"chr11","112350198","112350469","chr14","106495597","106495867","14","5854601"
"chr11","112549957","112550245","chr14","106698946","106699254","32","5851011"
"chr11","112870897","112871019","chr10","31388082","31388202","23","81482815"
"chr11","113018447","113018745","chr14","107172000","107172316","37","5846447"
"chr11","113036270","113036388","chr7","84132296","84132418","24","28903974"
"chr11","113105743","113106030","chr18","11279367","11279661","58","101826376"
"chr11","113108128","113108259","chr3","157204243","157204376","22","44096115"
"chr11","113159914","113160187","chr14","107320914","107321183","42","5839000"
"chr11","113777766","113778060","chr9","94961059","94961353","70","18816707"
"chr11","113787726","113788020","chr14","107819528","107819818","21","5968198"
"chr11","114350363","114350494","chr10","67024638","67024770","24","47325725"
"chr11","115016114","115016388","chr15","7900403","7900692","72","107115711"
"chr11","115505839","115506056","chr14","109563925","109564148","20","5941914"
"chr11","115659297","115659591","chr2","62121493","62121782","65","53537804"
"chr11","115719151","115719195","chr10","82811975","82812024","12","32907176"
"chr11","115817952","115818243","chr4","43544153","43544436","72","72273799"
"chr11","115862579","115862872","chr14","109923473","109923768","21","5939106"
"chr11","115929953","115930244","chr14","109991763","109992056","21","5938190"
"chr11","116044743","116045035","chr14","110113199","110113493","17","5931544"
"chr11","116128461","116128685","chr14","110199015","110199223","30","5929446"
"chr11","116132157","116132454","chr14","110202643","110202947","25","5929514"
"chr11","117142814","117143108","chr1","221010259","221010553","61","103867445"
"chr11","117224291","117224417","chr14","111298266","111298391","6","5926025"
"chr11","117224500","117224625","chr7","121945707","121945833","25","4721207"
"chr11","117234576","117234703","chr8","101179609","101179746","27","16054967"
"chr11","117450642","117450945","chr14","111542224","111542539","33","5908418"
"chr11","117578718","117579002","chr14","111657218","111657503","14","5921500"
"chr11","117594390","117594520","chr1","161407756","161407890","22","43813366"
"chr11","117803436","117803707","chr11","3371832","3372105","71","114431604"
"chr11","117898200","117898516","chr14","111989920","111990219","38","5908280"
"chr11","118460296","118460426","chr5","64320848","64320974","24","54139448"
"chr11","119161647","119161961","chr14","113259256","113259571","15","5902391"
"chr11","119661113","119661245","chr14","123163277","123163406","18","3502164"
"chr11","119764325","119764482","chr2","30350641","30350798","29","89413684"
"chr11","120148627","120148759","chr9","63517500","63517636","25","56631127"
"chr11","120155389","120155603","chr14","114257505","114257720","10","5897884"
"chr11","120252129","120252256","chr14","114354657","114354803","31","5897472"
"chr11","121254735","121254834","chr19","46657243","46657345","26","74597492"
"chr11","121254863","121255036","chr1","124347739","124347913","39","3092876"
"chr11","121619683","121619986","chr14","115677993","115678304","29","5941690"
"chr11","121956088","121956216","chr19","16610898","16611024","30","105345190"
"chr11","121984390","121984520","chr8","96271477","96271609","23","25712913"
"chr11","122191765","122191908","chr14","116284381","116284524","7","5907384"
"chr11","122365591","122365905","chr12","101146066","101146376","61","21219525"
"chr11","122425929","122426028","chr9","15544298","15544391","24","106881631"
"chr11","122678948","122679251","chr1","21974172","21974465","71","100704776"
"chr11","122885133","122885291","chr1","207542623","207542774","41","84657490"
"chr11","123540992","123541253","chr14","117532867","117533168","57","6008125"
"chr11","123623477","123623592","chr2","150253312","150253430","23","26629835"
"chr11","123623626","123623822","chr14","78495865","78496054","48","45127761"
"chr11","124000650","124000962","chr14","118002206","118002502","41","5998444"
"chr11","124358961","124359220","chr14","118342463","118342728","19","6016498"
"chr11","124799339","124799634","chr6","125052342","125052640","59","253003"
"chr11","124895209","124895509","chr14","118996202","118996503","25","5899007"
"chr11","125133003","125133304","chr14","119237855","119238156","12","5895148"
"chr11","125255866","125255997","chr8","26277262","26277394","20","98978604"
"chr11","125890616","125890768","chr16","32585711","32585868","38","93304905"
"chr11","126078659","126078894","chr14","120184349","120184584","20","5894310"
"chr11","126331582","126331873","chr11","104585421","104585717","58","21746161"
"chr11","126598753","126599013","chr14","120670290","120670548","31","5928463"
"chr11","128132870","128133175","chr14","122199187","122199492","32","5933683"
"chr11","128139828","128140114","chr14","122206331","122206618","29","5933497"
"chr11","128752650","128752929","chr14","122764820","122765079","32","5987830"
"chr11","128799273","128799571","chr14","122813138","122813434","21","5986135"
"chr11","128888965","128889227","chr13","12204392","12204650","58","116684573"
"chr11","128896680","128896931","chr14","122908092","122908361","55","5988588"
"chr11","128970317","128970600","chr14","122981636","122981938","42","5988681"
"chr11","128984591","128984683","chr4","68879597","68879682","22","60104994"
"chr11","129025597","129025889","chr14","123024868","123025162","23","6000729"
"chr11","129053764","129053920","chr10","80212336","80212494","29","48841428"
"chr11","129606116","129606309","chr11","130165395","130165587","42","559279"
"chr11","132048257","132048477","chr20","18808581","18808805","65","113239676"
"chr11","132733870","132734049","chr1","167721794","167721970","38","34987924"
"chr11","134003181","134003490","chr2","62121493","62121782","72","71881688"
"chr11","134153601","134153798","chr8","58507899","58508096","57","75645702"
"chr12","129598","129877","chr11","84387","84674","17","45211"
"chr12","427502","427797","chr1","37873831","37874140","72","37446329"
"chr12","429461","429778","chr11","381059","381369","27","48402"
"chr12","477664","477965","chr1","10636980","10637278","76","10159316"
"chr12","802993","803127","chr8","119195809","119195941","24","118392816"
"chr12","831214","831500","chr11","786682","786962","33","44532"
"chr12","987910","988223","chr11","954435","954753","24","33475"
"chr12","1037736","1037902","chr8","64586721","64586885","41","63548985"
"chr12","1108171","1108473","chr4","38241683","38241978","62","37133512"
"chr12","1165344","1165476","chr6","79150708","79150842","28","77985364"
"chr12","1171320","1171623","chr1","109768500","109768802","59","108597180"
"chr12","1267345","1267588","chr2","95221361","95221613","65","93954016"
"chr12","1529690","1529825","chr1","61217978","61218114","25","59688288"
"chr12","1530108","1530279","chr7","70748771","70748944","31","69218663"
"chr12","1804389","1804582","chr17","17769997","17770197","53","15965608"
"chr12","1813674","1813982","chr11","1841535","1841859","29","27861"
"chr12","2049726","2049964","chr18","38461134","38461378","70","36411408"
"chr12","2068907","2068955","chr1","19199330","19199377","8","17130423"
"chr12","2068963","2069011","chr1","19199330","19199377","9","17130367"
"chr12","3081562","3081693","chr3","82190444","82190578","26","79108882"
"chr12","3494923","3495222","chr11","3592599","3592898","15","97676"
"chr12","3504248","3504547","chr20","23607757","23608053","61","20103509"
"chr12","3653159","3653457","chr11","3756389","3756670","31","103230"
"chr12","3907787","3908101","chr11","3991307","3991625","22","83520"
"chr12","4726370","4726665","chr11","4852661","4852975","36","126291"
"chr12","5302492","5302755","chr11","5452198","5452463","15","149706"
"chr12","5406715","5407023","chr9","25949149","25949446","68","20542434"
"chr12","6436290","6436356","chr2","172397053","172397118","15","165960763"
"chr12","6440042","6440333","chr16","55621867","55622150","62","49181825"
"chr12","6570353","6570491","chr7","84475245","84475382","25","77904892"
"chr12","6618200","6618346","chr2","47294995","47295130","37","40676795"
"chr12","6634848","6635099","chr11","6824807","6825048","23","189959"
"chr12","6637192","6637351","chr13","20877631","20877788","27","14240439"
"chr12","6891231","6891364","chr3","39029592","39029725","29","32138361"
"chr12","6956849","6957023","chr1","15446723","15446900","56","8489874"
"chr12","7070425","7070552","chr11","7342295","7342423","8","271870"
"chr12","7081697","7081762","chr6","172828463","172828523","17","165746766"
"chr12","7635317","7635621","chr11","7649628","7649936","19","14311"
"chr12","7745229","7745389","chr11","7780364","7780525","12","35135"
"chr12","7961232","7961531","chr10","87795054","87795334","74","79833822"
"chr12","8085908","8086219","chr15","26711810","26712122","68","18625902"
"chr12","8401712","8402012","chr12","87641280","87641570","72","79239568"
"chr12","8432890","8433019","chr11","8484676","8484805","8","51786"
"chr12","8869913","8870043","chr11","8870857","8870987","11","944"
"chr12","8940625","8940883","chr11","8938415","8938651","34","2210"
"chr12","9236046","9236295","chr11","9223669","9223921","19","12377"
"chr12","9274331","9274463","chr6","63960389","63960524","22","54686058"
"chr12","9294433","9294551","chr2","187914529","187914653","30","178620096"
"chr12","9516916","9517202","chr11","9504024","9504292","38","12892"
"chr12","9726542","9726741","chr11","9872228","9872415","22","145686"
"chr12","9770438","9770716","chr11","9824674","9824967","31","54236"
"chr12","10085533","10085811","chr11","10162040","10162322","18","76507"
"chr12","10126766","10127070","chr11","10189270","10189570","27","62504"
"chr12","10175060","10175154","chr11","10234131","10234235","18","59071"
"chr12","10317075","10317386","chr2","75984803","75985107","68","65667728"
"chr12","10605606","10605857","chr11","10675775","10676035","46","70169"
"chr12","10816853","10817136","chr6","78799285","78799566","68","67982432"
"chr12","11428380","11428522","chr13","90030172","90030330","43","78601792"
"chr12","11491027","11491178","chr15","50279000","50279146","33","38787973"
"chr12","11752937","11753157","chr3","127644639","127644850","39","115891702"
"chr12","11773498","11773637","chr7","153997303","153997440","24","142223805"
"chr12","11850042","11850316","chr20","1626925","1627205","60","10223117"
"chr12","11946316","11946594","chr16","40789869","40790144","56","28843553"
"chr12","12467906","12468038","chr20","15588551","15588690","27","3120645"
"chr12","12477202","12477330","chr1","166101477","166101608","26","153624275"
"chr12","12809234","12809508","chr11","13069001","13069263","33","259767"
"chr12","12873929","12874212","chr11","13133428","13133696","34","259499"
"chr12","12974458","12974747","chr11","13229376","13229686","46","254918"
"chr12","13001735","13001971","chr11","13257967","13258205","35","256232"
"chr12","13113674","13113963","chr6","164560700","164560989","70","151447026"
"chr12","13114803","13114856","chr4","85914853","85914914","17","72800050"
"chr12","13139251","13139381","chr19","6485309","6485422","44","6653942"
"chr12","13139427","13139587","chrX","130871797","130871958","36","117732370"
"chr12","13176837","13177142","chr11","13435430","13435691","58","258593"
"chr12","13335473","13335607","chr11","13616270","13616402","16","280797"
"chr12","13512820","13512952","chr11","13770998","13771129","16","258178"
"chr12","13839882","13840095","chr11","55343248","55343442","50","41503366"
"chr12","13883954","13884081","chr16","51202646","51202777","20","37318692"
"chr12","14656951","14657250","chr11","14929697","14929996","18","272746"
"chr12","14728317","14728610","chr17","80993762","80994070","73","66265445"
"chr12","14881474","14881533","chr6","172828463","172828523","12","157946989"
"chr12","15320014","15320173","chr11","15604991","15605149","10","284977"
"chr12","15358733","15358780","chr11","15644093","15644140","2","285360"
"chr12","15421874","15422171","chr11","15709783","15710072","39","287909"
"chr12","16061994","16062268","chr11","16368877","16369159","31","306883"
"chr12","16321059","16321313","chr11","16635213","16635471","18","314154"
"chr12","16448508","16448722","chr3","127644639","127644850","45","111196131"
"chr12","16770995","16771280","chr11","17144088","17144373","20","373093"
"chr12","19377581","19377825","chr11","19868808","19869058","18","491227"
"chr12","19486175","19486338","chr11","19974032","19974202","25","487857"
"chr12","19486630","19486763","chr11","19974504","19974649","17","487874"
"chr12","19500008","19500121","chr19","16774079","16774185","23","2725929"
"chr12","20178007","20178300","chr11","20703288","20703594","26","525281"
"chr12","20424399","20424494","chr2","189510879","189510978","23","169086480"
"chr12","20425996","20426053","chr11","20938507","20938564","4","512511"
"chr12","20581855","20582165","chr11","21101771","21102071","51","519916"
"chr12","21429643","21429802","chr11","66728500","66728659","11","45298857"
"chr12","21771242","21771364","chr19","33543054","33543179","25","11771812"
"chr12","21946592","21946731","chr8","92028841","92028972","29","70082249"
"chr12","22054340","22054633","chr1","156130042","156130337","68","134075702"
"chr12","22243267","22243422","chr19","7984825","7984989","32","14258442"
"chr12","22299028","22299211","chr16","50508641","50508833","57","28209613"
"chr12","22685888","22686119","chr11","65492042","65492273","28","42806154"
"chr12","22787559","22787874","chr11","65385903","65386220","18","42598344"
"chr12","23136555","23136729","chr3","154709200","154709372","47","131572645"
"chr12","24045647","24045949","chr11","64154632","64154929","31","40108985"
"chr12","24280870","24281154","chr11","63924525","63924809","27","39643655"
"chr12","24561189","24561399","chr1","53010052","53010267","40","28448863"
"chr12","24566515","24566643","chrX","71488686","71488814","25","46922171"
"chr12","24604567","24604861","chr11","63587150","63587429","28","38982583"
"chr12","24750252","24750387","chr11","63424516","63424649","8","38674264"
"chr12","24776195","24776486","chr11","63400800","63401070","36","38624605"
"chr12","24970562","24970855","chr17","28511766","28512049","53","3541204"
"chr12","24979616","24979734","chr11","63194605","63194729","13","38214989"
"chr12","25129791","25129945","chr3","126620481","126620621","37","101490690"
"chr12","25282090","25282231","chr11","62898353","62898495","8","37616263"
"chr12","25566230","25566305","chr10","25425564","25425639","17","140666"
"chr12","25566604","25566662","chr2","22662163","22662220","12","2904441"
"chr12","26401509","26401643","chr11","61737528","61737662","9","35336019"
"chr12","26562664","26562828","chr11","61574441","61574613","15","35011777"
"chr12","26633543","26633844","chr11","61501990","61502291","21","34868447"
"chr12","26806591","26806694","chr6","56503022","56503127","17","29696431"
"chr12","26944724","26945020","chr11","61192443","61192740","15","34247719"
"chr12","27076384","27076556","chr11","61066796","61066958","20","33990412"
"chr12","27840444","27840747","chr11","60279528","60279845","35","32439084"
"chr12","27853570","27853863","chr11","60267624","60267901","31","32414054"
"chr12","28147415","28147706","chr11","60073430","60073725","30","31926015"
"chr12","29900487","29900712","chr19","14859924","14860131","57","15040563"
"chr12","31184626","31184907","chr11","56823853","56824129","22","25639227"
"chr12","31287677","31287809","chr11","56715128","56715262","11","25427451"
"chr12","31288109","31288270","chr11","56714662","56714826","14","25426553"
"chr12","31354861","31354933","chr11","56638511","56638583","1","25283650"
"chr12","31472478","31472764","chr11","56520237","56520522","31","25047759"
"chr12","31614948","31615039","chr11","56367119","56367208","13","24752171"
"chr12","31775482","31775708","chr14","68615358","68615571","53","36839876"
"chr12","31867125","31867269","chr8","17572510","17572648","25","14294615"
"chr12","32309298","32309583","chr11","25990609","25990893","67","6318689"
"chr12","32359638","32359770","chr11","55585361","55585494","5","23225723"
"chr12","32381346","32381643","chr11","55564646","55564926","30","23183300"
"chr12","32577425","32577522","chr11","55373622","55373718","4","22796197"
"chr12","32607315","32607492","chr11","55343248","55343442","27","22735933"
"chr12","32607777","32607898","chr11","55342823","55342941","14","22735046"
"chr12","32653117","32653333","chr11","55298212","55298425","19","22645095"
"chr12","32664214","32664508","chr15","90913601","90913899","72","58249387"
"chr12","32732077","32732241","chr11","55226276","55226438","9","22494199"
"chr12","32748251","32748550","chr10","538741","539050","74","32209510"
"chr12","32755080","32755350","chr11","55202207","55202476","21","22447127"
"chr12","32886234","32886348","chr1","54342085","54342195","27","21455851"
"chr12","32887396","32887561","chr11","55056668","55056831","14","22169272"
"chr12","33719733","33719866","chr11","54646284","54646418","18","20926551"
"chr12","33871274","33871554","chr5","151044691","151044963","64","117173417"
"chr12","34506788","34507074","chr13","33420750","33421036","72","1086038"
"chr12","34800725","34800999","chr1","26821042","26821323","68","7979683"
"chr12","34819297","34819637","chr11","53350277","53350600","47","18530980"
"chr12","34910976","34911280","chr1","8350188","8350493","71","26560788"
"chr12","34911652","34911750","chr16","57285941","57286048","23","22374289"
"chr12","35199233","35199329","chr16","19843474","19843559","34","15355759"
"chr12","35339263","35339420","chr11","110071969","110072127","31","74732706"
"chr12","35339722","35339863","chr14","10853551","10853688","29","24486171"
"chr12","35849514","35849767","chr11","52350381","52350643","26","16500867"
"chr12","35897261","35897356","chr11","52297830","52297928","8","16400569"
"chr12","35917758","35917890","chr11","52279479","52279609","11","16361721"
"chr12","35920236","35920523","chr11","52272477","52272774","26","16352241"
"chr12","35986708","35987005","chr11","52202904","52203198","21","16216196"
"chr12","35989754","35990060","chr12","61665021","61665333","64","25675267"
"chr12","35990084","35990214","chr11","52199632","52199763","7","16209548"
"chr12","35990541","35990581","chr15","32073347","32073388","10","3917194"
"chr12","35990648","35990807","chr8","139878884","139879042","30","103888236"
"chr12","36131264","36131381","chr16","30375146","30375263","22","5756118"
"chr12","36513967","36514203","chr11","51652412","51652663","35","15138445"
"chr12","36586370","36586495","chr11","51598883","51598986","24","15012513"
"chr12","37481682","37481817","chr17","81625550","81625679","24","44143868"
"chr12","37527234","37527357","chr18","11853683","11853800","22","25673551"
"chr12","37619568","37619851","chr11","50221966","50222233","33","12602398"
"chr12","38066911","38067175","chr11","49889373","49889637","13","11822462"
"chr12","38375446","38375580","chr14","78435186","78435320","23","40059740"
"chr12","38483292","38483446","chr1","32442439","32442598","30","6040853"
"chr12","38616176","38616484","chr2","61409988","61410280","86","22793812"
"chr12","38627627","38627735","chr20","54532723","54532836","19","15905096"
"chr12","38765887","38766166","chr11","49214100","49214389","25","10448213"
"chr12","38793699","38793993","chr11","49184547","49184846","26","10390848"
"chr12","38808264","38808388","chr12","20446566","20446692","18","18361698"
"chr12","39064561","39064817","chr3","122742903","122743160","69","83678342"
"chr12","39230117","39230381","chr18","67022854","67023120","64","27792737"
"chr12","39259711","39259997","chr4","2690787","2691081","64","36568924"
"chr12","39403251","39403506","chr11","48536418","48536685","29","9133167"
"chr12","39424644","39424770","chr2","51984605","51984728","24","12559961"
"chr12","39729599","39729740","chr11","48199023","48199164","12","8469424"
"chr12","39830851","39831127","chr11","48103036","48103323","22","8272185"
"chr12","39983279","39983582","chr11","47955015","47955317","20","7971736"
"chr12","40129058","40129341","chr7","157460314","157460600","64","117331256"
"chr12","40163382","40163698","chr11","47759259","47759556","39","7595877"
"chr12","40235846","40235980","chr8","26277262","26277394","19","13958584"
"chr12","40263385","40263551","chr19","35537273","35537440","37","4726112"
"chr12","40263841","40263950","chr14","6624611","6624713","25","33639230"
"chr12","40272922","40273216","chr11","47637860","47638156","22","7364938"
"chr12","40307884","40308020","chr14","10853551","10853688","5","29454333"
"chr12","40448971","40449173","chr11","47467700","47467885","26","7018729"
"chr12","40454044","40454354","chr11","47461966","47462285","35","7007922"
"chr12","40515658","40515893","chr11","47403005","47403224","36","6887347"
"chr12","40531464","40531770","chr11","47387189","47387503","25","6855725"
"chr12","40600654","40600779","chrX","71488686","71488814","23","30888032"
"chr12","40700863","40700999","chr8","17572510","17572648","29","23128353"
"chr12","40731214","40731524","chr16","25460444","25460740","82","15270770"
"chr12","40943351","40943483","chr11","46959921","46960053","9","6016570"
"chr12","41312134","41312334","chr11","46574502","46574720","30","5262368"
"chr12","41341799","41342096","chr11","46526438","46526743","24","5184639"
"chr12","41388858","41389162","chr11","46453201","46453479","44","5064343"
"chr12","41401770","41401898","chr11","46436448","46436580","14","5034678"
"chr12","41506578","41506722","chr2","91658413","91658557","32","50151835"
"chr12","41543648","41543929","chr11","46288977","46289298","50","4745329"
"chr12","41873626","41873892","chr11","45948783","45949051","15","4075157"
"chr12","42080745","42081027","chr3","41729817","41730091","74","350928"
"chr12","42235530","42235873","chr8","98660976","98661302","84","56425446"
"chr12","42258350","42258450","chr11","45544842","45544942","5","3286492"
"chr12","42358963","42359187","chr11","45394134","45394359","24","3035171"
"chr12","43369277","43369562","chr11","44392595","44392885","25","1023318"
"chr12","43612879","43613125","chr11","44125769","44126015","21","512890"
"chr12","43729496","43729619","chr11","44004628","44004748","13","275132"
"chr12","43729922","43730118","chr11","44004135","44004327","23","274213"
"chr12","43781428","43781707","chr11","43952503","43952780","26","171075"
"chr12","43848971","43849247","chr4","115155028","115155316","63","71306057"
"chr12","44176035","44176301","chr11","43538335","43538600","21","637700"
"chr12","44380977","44381116","chr11","43334191","43334318","14","1046786"
"chr12","44396669","44396942","chr15","63283848","63284111","69","18887179"
"chr12","44397922","44398095","chr11","43317825","43317994","16","1080097"
"chr12","45194488","45194747","chr11","42462053","42462314","21","2732435"
"chr12","45654582","45654888","chr11","41979470","41979772","18","3675112"
"chr12","45823041","45823333","chr11","41805963","41806268","33","4017078"
"chr12","45868458","45868749","chr7","113081258","113081544","69","67212800"
"chr12","46043454","46043711","chr11","41578352","41578615","31","4465102"
"chr12","46884389","46884603","chr11","40634661","40634854","47","6249728"
"chr12","47089701","47089822","chr11","100130077","100130183","35","53040376"
"chr12","47357800","47358081","chr11","40157478","40157751","26","7200322"
"chr12","47388830","47389143","chr4","167856855","167857161","70","120468025"
"chr12","47400145","47400311","chr11","40113166","40113331","12","7286979"
"chr12","48009312","48009599","chr11","39441820","39442094","23","8567492"
"chr12","48810521","48810811","chr7","28208422","28208722","77","20602099"
"chr12","49155543","49155835","chr11","38175916","38176177","57","10979627"
"chr12","49339817","49340107","chr9","90701816","90702107","57","41361999"
"chr12","49354256","49354557","chr11","37959822","37960123","20","11394434"
"chr12","49457996","49458036","chr19","11207320","11207356","13","38250676"
"chr12","49458426","49458564","chr9","63252926","63253055","33","13794500"
"chr12","50056465","50056763","chr11","37206412","37206729","36","12850053"
"chr12","50068126","50068359","chr2","94617636","94617857","50","44549510"
"chr12","55364051","55364237","chr4","104967938","104968123","57","49603887"
"chr12","55866591","55866910","chr1","38405160","38405473","71","17461431"
"chr12","56183845","56184014","chr16","53328757","53328908","41","2855088"
"chr12","56552397","56552713","chr1","93039858","93040168","70","36487461"
"chr12","56561773","56562071","chr11","33313169","33313467","21","23248604"
"chr12","56668422","56668697","chr11","33212745","33213008","27","23455677"
"chr12","56777871","56778176","chr5","153651837","153652140","63","96873966"
"chr12","57235900","57236032","chrX","144541916","144542049","25","87306016"
"chr12","57313532","57313829","chr11","32537401","32537702","27","24776131"
"chr12","57318162","57318296","chr11","32532913","32533071","32","24785249"
"chr12","57548801","57549017","chr5","92518963","92519186","51","34970162"
"chr12","57874210","57874513","chr11","9824674","9824967","45","48049536"
"chr12","58072485","58072732","chr11","32080205","32080450","14","25992280"
"chr12","58776787","58777073","chr4","130993966","130994237","66","72217179"
"chr12","59656160","59656455","chr11","30424760","30425050","30","29231400"
"chr12","60765906","60766153","chr8","89400067","89400318","54","28634161"
"chr12","60910579","60910778","chr8","92537132","92537340","53","31626553"
"chr12","60991145","60991431","chr11","28957533","28957808","24","32033612"
"chr12","61154444","61154575","chr13","65012222","65012353","22","3857778"
"chr12","61221001","61221122","chr11","28709471","28709593","11","32511530"
"chr12","61255325","61255638","chr16","3247442","3247754","70","58007883"
"chr12","61566746","61567053","chr11","28370025","28370301","47","33196721"
"chr12","61634430","61634708","chr11","28308761","28309049","42","33325669"
"chr12","61693533","61693823","chr11","28251064","28251352","11","33442469"
"chr12","61713049","61713329","chr11","25990609","25990893","63","35722440"
"chr12","61719669","61719971","chr11","28223847","28224154","22","33495822"
"chr12","61909033","61909206","chr2","15039093","15039264","40","46869940"
"chr12","61909236","61909353","chr1","52997477","52997595","22","8911759"
"chr12","61995497","61995758","chr11","27937945","27938171","48","34057552"
"chr12","62654018","62654328","chr11","27221381","27221693","17","35432637"
"chr12","62911464","62911596","chr11","26963030","26963161","10","35948434"
"chr12","62930716","62930838","chr11","26943420","26943539","11","35987296"
"chr12","62969584","62969839","chr15","10550865","10551096","67","52418719"
"chr12","62982761","62983036","chr11","26891034","26891307","22","36091727"
"chr12","63870937","63871235","chr11","25990609","25990893","32","37880328"
"chr12","64927241","64927525","chr4","159698188","159698471","60","94770947"
"chr12","65626562","65626857","chr11","24160846","24161155","34","41465716"
"chr12","65889297","65889515","chr11","23915327","23915543","14","41973970"
"chr12","66085055","66085154","chr19","2539328","2539420","23","63545727"
"chr12","67301594","67301908","chr4","44179828","44180128","77","23121766"
"chr12","67682532","67682652","chr1","51025126","51025239","34","16657406"
"chr12","67974172","67974266","chr1","19612478","19612575","24","48361694"
"chr12","68410067","68410352","chr11","66856545","66856840","34","1553522"
"chr12","68649727","68650039","chr2","47892792","47893095","61","20756935"
"chr12","68831102","68831257","chr11","67284149","67284305","13","1546953"
"chr12","68868821","68869107","chr11","67320881","67321179","29","1547940"
"chr12","69072827","69073143","chr11","67528853","67529166","34","1543974"
"chr12","69106665","69106798","chr3","124097189","124097326","25","54990524"
"chr12","69157242","69157529","chr11","67609164","67609452","14","1548078"
"chr12","69171422","69171715","chr11","67624823","67625116","19","1546599"
"chr12","69182014","69182190","chr11","67635362","67635538","10","1546652"
"chr12","69182593","69182708","chr11","67635941","67636057","9","1546652"
"chr12","69337754","69338035","chr11","67787064","67787345","14","1550690"
"chr12","69455324","69455594","chr11","67915052","67915323","33","1540272"
"chr12","69511690","69511822","chr11","67974186","67974318","8","1537504"
"chr12","69683047","69683234","chr4","13964790","13964967","48","55718257"
"chr12","69710923","69711160","chr11","68171755","68171994","22","1539168"
"chr12","69977605","69977738","chr4","130784721","130784853","21","60807116"
"chr12","69983588","69983917","chr11","68448163","68448483","28","1535425"
"chr12","70048205","70048516","chr11","68514334","68514645","33","1533871"
"chr12","70162020","70162183","chr11","68646662","68646818","12","1515358"
"chr12","70162477","70162605","chr11","68647118","68647227","25","1515359"
"chr12","70622582","70622872","chr11","69090546","69090841","19","1532036"
"chr12","70662487","70662782","chr11","69131602","69131899","27","1530885"
"chr12","70669152","70669463","chr11","69138325","69138640","26","1530827"
"chr12","70808718","70808854","chr16","51202646","51202777","25","19606072"
"chr12","70951814","70952139","chr11","69432066","69432368","57","1519748"
"chr12","71007924","71008187","chr11","69493955","69494217","18","1513969"
"chr12","71037659","71037738","chr11","69523442","69523511","14","1514217"
"chr12","71245248","71245561","chr11","69738619","69738887","58","1506629"
"chr12","71920877","71921168","chr11","70348227","70348485","66","1572650"
"chr12","71945921","71946076","chr11","70373532","70373688","25","1572389"
"chr12","72106404","72106716","chr1","207481939","207482253","72","135375535"
"chr12","75802584","75802832","chr11","74290244","74290491","23","1512340"
"chr12","76277596","76277901","chr11","74793521","74793814","38","1484075"
"chr12","76435994","76436222","chr11","74962805","74963033","14","1473189"
"chr12","76470577","76470805","chr11","74993216","74993441","19","1477361"
"chr12","76760068","76760283","chr3","88383931","88384153","58","11623863"
"chr12","76826745","76827045","chr11","75328168","75328474","20","1498577"
"chr12","76898547","76898848","chr11","75404301","75404611","26","1494246"
"chr12","76918950","76919190","chr11","75426193","75426423","22","1492757"
"chr12","76990046","76990358","chr4","145332140","145332450","60","68342094"
"chr12","77891356","77891632","chr11","76403817","76404111","44","1487539"
"chr12","78503629","78503934","chr1","154705187","154705499","66","76201558"
"chr12","78581891","78582047","chr8","139878884","139879042","43","61296993"
"chr12","78790146","78790426","chr11","77321429","77321708","26","1468717"
"chr12","79746318","79746607","chr5","140593789","140594080","65","60847471"
"chr12","79978124","79978412","chr9","98040728","98041028","71","18062604"
"chr12","79987775","79987899","chr11","78504089","78504213","8","1483686"
"chr12","80169562","80169668","chr10","24876386","24876478","28","55293176"
"chr12","80229711","80229999","chr11","78726652","78726965","44","1503059"
"chr12","80287357","80287634","chr11","78784608","78784887","20","1502749"
"chr12","81651761","81652060","chr9","53502130","53502414","74","28149631"
"chr12","81943135","81943365","chr11","80228117","80228348","39","1715018"
"chr12","82359501","82359716","chr10","7757669","7757878","55","74601832"
"chr12","83449023","83449291","chr11","81793886","81794191","47","1655137"
"chr12","84351930","84352082","chr11","82769293","82769452","23","1582637"
"chr12","85484753","85485064","chr11","83972038","83972314","59","1512715"
"chr12","86305970","86306086","chr11","84722340","84722456","9","1583630"
"chr12","86458950","86459239","chr11","84868587","84868856","34","1590363"
"chr12","86529204","86529504","chr11","84937798","84938087","31","1591406"
"chr12","86930450","86930797","chr11","85382226","85382502","90","1548224"
"chr12","87712912","87713219","chr11","86244276","86244574","34","1468636"
"chr12","88485460","88485731","chr1","126265031","126265311","68","37779571"
"chr12","88913761","88914023","chr11","87459635","87459889","26","1454126"
"chr12","89016435","89016742","chr11","87563874","87564180","26","1452561"
"chr12","89730114","89730222","chrX","124793090","124793200","27","35062976"
"chr12","89903642","89903909","chr11","88522853","88523120","16","1380789"
"chr12","90214385","90214662","chr13","33420750","33421036","54","56793635"
"chr12","90819940","90820229","chr6","137560254","137560541","63","46740314"
"chr12","91109352","91109485","chr11","89801932","89802065","5","1307420"
"chr12","91382453","91382705","chr1","39823729","39823971","65","51558724"
"chr12","92272252","92272525","chr5","61464576","61464860","73","30807676"
"chr12","92615875","92616164","chr4","43544153","43544436","72","49071722"
"chr12","92904004","92904295","chr11","91796771","91797062","15","1107233"
"chr12","93002003","93002321","chr16","50548405","50548713","70","42453598"
"chr12","93060450","93060743","chrX","65470796","65471084","63","27589654"
"chr12","93189439","93189719","chr11","92078082","92078373","25","1111357"
"chr12","93716617","93716748","chr11","92613152","92613283","6","1103465"
"chr12","93725717","93725858","chr7","97166339","97166470","28","3440622"
"chr12","93775110","93775318","chr11","92670916","92671120","15","1104194"
"chr12","94362826","94363055","chr9","91227649","91227868","55","3135177"
"chr12","94543716","94544007","chr1","9322977","9323273","68","85220739"
"chr12","94597191","94597340","chr5","1256037","1256188","33","93341154"
"chr12","94597640","94597777","chr1","26589838","26589970","23","68007802"
"chr12","94807498","94807777","chr16","25460444","25460740","75","69347054"
"chr12","95307762","95307908","chr7","28899679","28899825","36","66408083"
"chr12","95342784","95343072","chr11","94209956","94210250","26","1132828"
"chr12","95516869","95517157","chr5","49034751","49035036","66","46482118"
"chr12","95713190","95713486","chr11","94585977","94586289","29","1127213"
"chr12","95723323","95723633","chr11","94596014","94596325","19","1127309"
"chr12","95875728","95876018","chr11","94706469","94706763","20","1169259"
"chr12","95901570","95901889","chr11","94731071","94731385","22","1170499"
"chr12","95988099","95988234","chr8","55255708","55255837","28","40732391"
"chr12","96213325","96213440","chr1","210815464","210815578","34","114602139"
"chr12","96398592","96398902","chr11","95211573","95211884","22","1187019"
"chr12","96410001","96410052","chr19","30903836","30903887","7","65506165"
"chr12","96417414","96417593","chr11","95239711","95239899","20","1177703"
"chr12","96550900","96551208","chr6","158548580","158548866","74","61997680"
"chr12","96576705","96576968","chr9","73365165","73365443","74","23211540"
"chr12","96642374","96642670","chr5","51306123","51306407","79","45336251"
"chr12","96847349","96847648","chr11","95721754","95722058","19","1125595"
"chr12","96891164","96891481","chr11","95765287","95765574","48","1125877"
"chr12","97098216","97098510","chr9","29047752","29048021","82","68050464"
"chr12","97181642","97181691","chr1","63033340","63033389","13","34148302"
"chr12","97350464","97350545","chr11","96190540","96190631","12","1159924"
"chr12","97844747","97845046","chr11","96685136","96685430","28","1159611"
"chr12","98936151","98936425","chr11","97751299","97751599","44","1184852"
"chr12","99228661","99228961","chr11","98046653","98046945","22","1182008"
"chr12","99426156","99426450","chr11","98241209","98241503","11","1184947"
"chr12","99436774","99437082","chr11","98251853","98252163","22","1184921"
"chr12","99480320","99480486","chr11","98304317","98304473","18","1176003"
"chr12","99768234","99768509","chr3","41729817","41730091","62","58038417"
"chr12","100060180","100060460","chr11","98939057","98939334","25","1121123"
"chr12","101083056","101083350","chr11","99994809","99995086","36","1088247"
"chr12","101116338","101116617","chr6","78799285","78799566","52","22317053"
"chr12","101373851","101374008","chr5","1256037","1256188","41","100117814"
"chr12","101374329","101374468","chr7","17162294","17162440","30","84212035"
"chr12","101450750","101450866","chr11","100386234","100386350","10","1064516"
"chr12","101451145","101451331","chr11","100386665","100386861","36","1064480"
"chr12","102220839","102220994","chr15","88240242","88240394","29","13980597"
"chr12","102383934","102384007","chr11","101339158","101339225","13","1044776"
"chr12","102405560","102405823","chr11","101361375","101361639","13","1044185"
"chr12","102692018","102692268","chr1","44122296","44122547","63","58569722"
"chr12","102819519","102819639","chr11","101770002","101770122","9","1049517"
"chr12","102826394","102826514","chr11","101776830","101776953","11","1049564"
"chr12","102826808","102826981","chr2","203995265","203995434","42","101168457"
"chr12","104823795","104824000","chr11","103712590","103712809","26","1111205"
"chr12","104947033","104947316","chr11","103837545","103837832","22","1109488"
"chr12","105190424","105190681","chr11","104139189","104139447","16","1051235"
"chr12","105231905","105232194","chr11","104176208","104176500","18","1055697"
"chr12","105465067","105465389","chr11","104418870","104419194","23","1046197"
"chr12","105633391","105633699","chr11","104585421","104585717","33","1047970"
"chr12","105659486","105659797","chr11","104612514","104612823","19","1046972"
"chr12","105793896","105794169","chr11","104747882","104748175","44","1046014"
"chr12","106063261","106063489","chr4","88671990","88672207","62","17391271"
"chr12","106193845","106193972","chr11","105163609","105163736","5","1030236"
"chr12","106491130","106491428","chr3","86342478","86342773","23","20148652"
"chr12","107224241","107224514","chr11","106165424","106165702","28","1058817"
"chr12","107300521","107300787","chr11","106240078","106240382","52","1060443"
"chr12","107350813","107351111","chr11","106289947","106290228","42","1060866"
"chr12","107596764","107596804","chr14","8481075","8481121","12","99115689"
"chr12","107663248","107663497","chr11","106593258","106593507","23","1069990"
"chr12","107727643","107727924","chr11","106655706","106656010","41","1071937"
"chr12","107746103","107746373","chr11","106674149","106674417","19","1071954"
"chr12","107747551","107747805","chr11","106675612","106675874","37","1071939"
"chr12","107764546","107764843","chr11","106692603","106692909","26","1071943"
"chr12","107878017","107878299","chr11","103833436","103833731","56","4044581"
"chr12","108058546","108058615","chr11","106993687","106993763","9","1064859"
"chr12","108251823","108252123","chr11","107178264","107178561","36","1073559"
"chr12","108613684","108613840","chr7","11668192","11668355","34","96945492"
"chr12","108707974","108708261","chr11","107628714","107628996","27","1079260"
"chr12","108879776","108880085","chr5","77978039","77978343","65","30901737"
"chr12","109295390","109295687","chr11","108202688","108202986","16","1092702"
"chr12","109603296","109603586","chr20","59124558","59124843","58","50478738"
"chr12","109715282","109715443","chr18","10684709","10684863","33","99030573"
"chr12","109715738","109715833","chr2","148254478","148254569","26","38538740"
"chr12","109747951","109748257","chr13","66383831","66384127","116","43364120"
"chr12","109848381","109848630","chr11","108794272","108794523","24","1054109"
"chr12","110084352","110084660","chr19","13282515","13282814","63","96801837"
"chr12","110112127","110112423","chr2","202370042","202370346","62","92257915"
"chr12","110212046","110212163","chr11","109165596","109165716","11","1046450"
"chr12","110378007","110378087","chr11","109341288","109341367","6","1036719"
"chr12","110396630","110396795","chr8","28582066","28582229","37","81814564"
"chr12","110424590","110424722","chr12","30055825","30055957","20","80368765"
"chr12","110646845","110647150","chr11","109612576","109612875","31","1034269"
"chr12","110670369","110670501","chr16","19617638","19617766","35","91052731"
"chr12","110672758","110672888","chr7","111620999","111621131","19","948241"
"chr12","110772433","110772565","chr2","49832770","49832906","25","60939663"
"chr12","110821766","110821900","chr3","157204243","157204376","18","46382477"
"chr12","110927136","110927342","chr11","109889764","109889978","13","1037372"
"chr12","111109264","111109443","chr11","110071969","110072127","27","1037295"
"chr12","111255329","111255571","chr11","110223094","110223376","55","1032235"
"chr12","111321097","111321149","chr5","51962482","51962535","12","59358615"
"chr12","111452776","111453042","chr11","110471665","110471931","20","981111"
"chr12","111475399","111475547","chr1","8787419","8787562","36","102687980"
"chr12","111524386","111524690","chr8","69589450","69589756","64","41934936"
"chr12","111551599","111551733","chr11","110580618","110580753","10","970981"
"chr12","111561212","111561511","chr11","110591275","110591577","23","969937"
"chr12","111586987","111587216","chr6","73407188","73407424","60","38179799"
"chr12","111587565","111587846","chr11","110618240","110618517","17","969325"
"chr12","111616048","111616352","chr19","31328955","31329256","60","80287093"
"chr12","111905443","111905570","chr5","78010979","78011109","21","33894464"
"chr12","112119411","112119537","chrX","8420728","8420853","22","103698683"
"chr12","112614843","112615142","chr11","111664732","111665037","38","950111"
"chr12","112687438","112687714","chr11","111742150","111742424","22","945288"
"chr12","112710485","112710611","chr11","111764638","111764764","5","945847"
"chr12","112963296","112963609","chr9","113872437","113872748","78","909141"
"chr12","112994938","112995224","chr9","2909097","2909386","58","110085841"
"chr12","113058613","113058908","chr6","135707902","135708195","61","22649289"
"chr12","113355426","113355559","chr11","112386892","112387039","23","968534"
"chr12","113415268","113415404","chr11","112447079","112447215","6","968189"
"chr12","113523275","113523406","chr11","132289155","132289287","20","18765880"
"chr12","113566659","113566802","chr7","17162294","17162440","26","96404365"
"chr12","113583509","113583796","chr4","3423934","3424217","98","110159575"
"chr12","113601908","113602070","chr11","52285990","52286150","48","61315918"
"chr12","113659691","113659880","chr11","112698176","112698365","10","961515"
"chr12","113849478","113849614","chr11","112900234","112900368","10","949244"
"chr12","113981730","113982035","chr11","113026867","113027174","24","954863"
"chr12","114157917","114158189","chr11","113199522","113199796","22","958395"
"chr12","114213106","114213413","chr11","113256762","113257093","46","956344"
"chr12","114320377","114320476","chr19","25579785","25579879","21","88740592"
"chr12","114321033","114321068","chr1","23334574","23334609","12","90986459"
"chr12","114364207","114364341","chr8","26277262","26277394","26","88086945"
"chr12","114379461","114379509","chrX","4708722","4708774","11","109670739"
"chr12","114379844","114379891","chr12","116561223","116561254","19","2181379"
"chr12","114703325","114703489","chr11","113761003","113761168","12","942322"
"chr12","115330833","115331145","chr11","114396437","114396725","40","934396"
"chr12","115493354","115493628","chr11","114559655","114559929","14","933699"
"chr12","115599630","115599766","chr11","12976906","12977044","21","102622724"
"chr12","115864678","115864808","chr6","63955105","63955236","29","51909573"
"chr12","115904999","115905127","chr16","14305263","14305385","20","101599736"
"chr12","115907618","115907746","chrX","144541916","144542049","19","28634298"
"chr12","116725596","116725890","chr11","115823659","115823946","18","901937"
"chr12","116928326","116928600","chr3","130975371","130975652","66","14047045"
"chr12","117158098","117158402","chr11","116257858","116258156","31","900240"
"chr12","117178414","117178549","chr20","36509788","36509920","17","80668626"
"chr12","117389216","117389430","chr3","127644639","127644850","42","10255423"
"chr12","117430674","117430978","chr11","116545147","116545455","32","885527"
"chr12","117440989","117441118","chr11","116554719","116554846","7","886270"
"chr12","117534438","117534587","chr11","116644258","116644407","12","890180"
"chr12","117628780","117628911","chr6","67969380","67969511","23","49659400"
"chr12","117696021","117696152","chr16","14305263","14305385","26","103390758"
"chr12","117719172","117719427","chr11","116839509","116839770","24","879663"
"chr12","118024990","118025207","chr1","61640067","61640273","57","56384923"
"chr12","118134398","118134671","chr11","117255459","117255733","13","878939"
"chr12","118214548","118214592","chr10","82811975","82812024","15","35402573"
"chr12","118292897","118293195","chr6","148083680","148083980","70","29790783"
"chr12","118694956","118695018","chr11","117813700","117813758","5","881256"
"chr12","118927177","118927310","chr11","118075974","118076112","14","851203"
"chr12","119039272","119039408","chr3","127958080","127958216","19","8918808"
"chr12","119209388","119209663","chr11","118364044","118364315","14","845344"
"chr12","119257994","119258158","chr11","118415642","118415805","10","842352"
"chr12","119868215","119868495","chr19","27584225","27584516","72","92283990"
"chr12","120463992","120464301","chr11","108202688","108202986","61","12261304"
"chr12","120577547","120577734","chr11","119805410","119805578","30","772137"
"chr12","120577990","120578134","chr11","119805860","119806014","13","772130"
"chr12","120611179","120611448","chr11","119834053","119834324","14","777126"
"chr12","120802806","120803091","chr11","120032231","120032477","58","770575"
"chr12","120830666","120830828","chr11","120061112","120061273","11","769554"
"chr12","120840453","120840735","chr11","120070919","120071203","44","769534"
"chr12","120858338","120858478","chr7","164587372","164587497","42","43729034"
"chr12","120936771","120937013","chr11","120182022","120182278","29","754749"
"chr12","120971517","120971767","chr11","120220784","120221041","20","750733"
"chr12","121060833","121060963","chr1","26589838","26589970","20","94470995"
"chr12","121061482","121061727","chr11","120316258","120316547","57","745224"
"chr12","121063879","121063968","chr16","31167868","31167961","19","89896011"
"chr12","121103451","121103754","chr11","120361113","120361404","31","742338"
"chr12","121176723","121176774","chr11","120435621","120435672","4","741102"
"chr12","121205689","121205980","chr2","136306313","136306615","75","15100624"
"chr12","121253845","121253972","chr19","34635913","34636034","28","86617932"
"chr12","121254003","121254045","chr19","35814215","35814260","17","85439788"
"chr12","121739981","121740090","chr11","121037256","121037365","2","702725"
"chr12","121895465","121895628","chr2","182986363","182986517","45","61090898"
"chr12","121996941","121997012","chr1","223483583","223483638","26","101486642"
"chr12","122000702","122000988","chr11","121304116","121304418","36","696586"
"chr12","122166596","122166666","chr1","139931207","139931277","20","17764611"
"chr12","122205265","122205401","chr11","121526226","121526366","11","679039"
"chr12","122334626","122334760","chr7","47103676","47103810","18","75230950"
"chr12","122368056","122368385","chr5","39263284","39263588","114","83104772"
"chr12","122393941","122393991","chr11","121718849","121718899","1","675092"
"chr12","122571769","122571898","chr1","161407756","161407890","24","38835987"
"chr12","122609334","122609593","chr13","106036578","106036843","61","16572756"
"chr12","122929234","122929467","chr11","122271674","122271907","9","657560"
"chr12","122979771","122979901","chr11","122324056","122324186","8","655715"
"chr12","123091600","123091762","chr15","91264810","91264974","33","31826790"
"chr12","123321745","123321868","chr17","81625550","81625679","21","41696195"
"chr12","123385720","123385802","chr11","122735940","122736026","14","649780"
"chr12","123386105","123386258","chr11","122736625","122736787","30","649480"
"chr12","124308914","124309190","chr11","50694576","50694861","22","73614338"
"chr12","124649518","124649625","chr9","24447731","24447826","31","100201787"
"chr12","124752416","124752716","chr11","122898047","122898350","21","1854369"
"chr12","124890089","124890346","chr1","34961903","34962154","63","89928186"
"chr12","124995297","124995583","chr14","65290398","65290677","66","59704899"
"chr12","125137131","125137273","chr3","127958080","127958216","24","2820949"
"chr12","125278570","125278655","chr14","112027888","112027975","23","13250682"
"chr12","125374220","125374356","chr11","98398817","98398954","18","26975403"
"chr12","125402649","125402847","chr1","77172383","77172596","54","48230266"
"chr12","125472182","125472293","chr19","2578018","2578135","20","122894164"
"chr12","125483637","125483767","chr7","69159470","69159604","24","56324167"
"chr12","125519320","125519611","chr16","58638778","58639066","66","66880542"
"chr12","125530957","125531234","chr11","123743116","123743390","17","1787841"
"chr12","125586691","125586796","chr19","16774079","16774185","20","108812612"
"chr12","125853913","125854214","chr6","148083680","148083980","66","22229767"
"chr12","126567071","126567352","chr11","124831513","124831808","36","1735558"
"chr12","126575288","126575417","chr19","28889943","28890075","21","97685345"
"chr12","126633097","126633226","chr1","100917561","100917687","21","25715536"
"chr12","130368822","130369112","chr11","128716943","128717232","32","1651879"
"chr12","132660201","132660371","chrX","131148999","131149168","48","1511202"
"chr12","132660664","132660796","chr8","61241084","61241210","31","71419580"
"chr12","133016470","133016580","chr3","430878","430987","26","132585592"
"chr12","133375788","133375910","chr11","132088673","132088803","17","1287115"
"chr12","133741601","133741723","chr11","132088673","132088803","17","1652928"
"chr12","133897932","133898061","chr11","122324056","122324186","29","11573876"
"chr12","133939567","133939699","chr11","132289155","132289287","7","1650412"
"chr12","134782473","134782602","chr4","156854590","156854713","35","22072117"
"chr12","135163873","135163989","chrX","67304857","67304976","31","67859016"
"chr12","135172632","135172921","chr1","92908780","92909063","62","42263852"
"chr12","135243348","135243625","chr11","133268734","133269011","10","1974614"
"chr12","135253723","135253989","chr2","172306672","172306939","56","37052949"
"chr13","97386243","97386541","chr17","78728984","78729302","43","18657259"
"chr13","18650142","18650364","chr1","194936968","194937185","57","176286826"
"chr13","18650897","18651113","chr20","58000779","58001000","30","39349882"
"chr13","18710772","18710910","chr14","18707828","18707967","25","2944"
"chr13","19020748","19020967","chr1","148600739","148600964","59","129579991"
"chr13","19198520","19198661","chr1","8787419","8787562","31","10411101"
"chr13","19382786","19383072","chr17","365821","366094","30","19016965"
"chr13","19472104","19472373","chr7","28875377","28875636","69","9403273"
"chr13","19630920","19631214","chr17","567476","567771","6","19063444"
"chr13","19685439","19685733","chr16","29571975","29572270","82","9886536"
"chr13","20338763","20338927","chr17","1197490","1197660","25","19141273"
"chr13","20475145","20475303","chr10","80212336","80212494","35","59737191"
"chr13","20511472","20511657","chr17","1357812","1357997","15","19153660"
"chr13","21167039","21167200","chr17","1824674","1824826","20","19342365"
"chr13","21180615","21180767","chr17","1839670","1839820","11","19340945"
"chr13","21181068","21181221","chr17","1840068","1840232","26","19341000"
"chr13","21469217","21469472","chr14","106495597","106495867","57","85026380"
"chr13","21668501","21668693","chr17","2437261","2437461","18","19231240"
"chr13","23041188","23041298","chr4","85549857","85549971","25","62508669"
"chr13","23041597","23041806","chr2","92470813","92471018","50","69429216"
"chr13","23251507","23251784","chr14","56825299","56825588","66","33573792"
"chr13","23368573","23368859","chr3","126422448","126422740","68","103053875"
"chr13","23427231","23427510","chr17","3930089","3930368","20","19497142"
"chr13","23659841","23660058","chr17","4094681","4094902","30","19565160"
"chr13","23888224","23888350","chr17","4324069","4324195","8","19564155"
"chr13","24092864","24093173","chr17","4697565","4697875","29","19395299"
"chr13","24103563","24103856","chr17","4685763","4686052","23","19417800"
"chr13","24111516","24111625","chr12","45747641","45747765","25","21636125"
"chr13","24125262","24125502","chr17","4656315","4656547","33","19468947"
"chr13","24217886","24218006","chr10","10572666","10572789","18","13645220"
"chr13","24364015","24364315","chr17","4513493","4513793","22","19850522"
"chr13","24505864","24506098","chr17","4656315","4656547","28","19849549"
"chr13","24851562","24851696","chr3","116815127","116815261","19","91963565"
"chr13","24864530","24864844","chr1","47327661","47327963","71","22463131"
"chr13","25197499","25197784","chr17","5249242","5249547","36","19948257"
"chr13","25492998","25493168","chr7","166201139","166201312","43","140708141"
"chr13","26044117","26044354","chr17","5985851","5986086","27","20058266"
"chr13","26050137","26050427","chr17","5992381","5992670","32","20057756"
"chr13","26218955","26219218","chr17","6165734","6165995","29","20053221"
"chr13","26388930","26389096","chr5","80260739","80260915","41","53871809"
"chr13","26483178","26483469","chr13","107076259","107076542","64","80593081"
"chr13","26732886","26733150","chr17","6681303","6681594","45","20051583"
"chr13","26946793","26946952","chr9","22903436","22903588","33","4043357"
"chr13","27490112","27490431","chr5","77978039","77978343","71","50487927"
"chr13","27660434","27660744","chr3","149713676","149713981","71","122053242"
"chr13","27760258","27760559","chr17","7624415","7624723","26","20135843"
"chr13","27774217","27774528","chr17","7637000","7637313","18","20137217"
"chr13","28182933","28183231","chr17","8089164","8089472","44","20093769"
"chr13","28191028","28191349","chr11","15053352","15053669","74","13137676"
"chr13","28271229","28271384","chr4","168599260","168599420","31","140328031"
"chr13","28371996","28372268","chr13","33420750","33421036","58","5048754"
"chr13","28472714","28473000","chr17","8338440","8338733","22","20134274"
"chr13","28735965","28736209","chr17","8720848","8721093","13","20015117"
"chr13","29100287","29100600","chr17","9391007","9391293","48","19709280"
"chr13","30146696","30146975","chr17","10011968","10012249","15","20134728"
"chr13","30773616","30773888","chr17","10610803","10611073","26","20162813"
"chr13","31202902","31203204","chr17","11018024","11018329","21","20184878"
"chr13","31604228","31604512","chr17","11404135","11404418","20","20200093"
"chr13","31875851","31876191","chr17","11717569","11717892","44","20158282"
"chr13","31937304","31937576","chr1","43394466","43394742","58","11457162"
"chr13","32192854","32193017","chr2","919605","919784","55","31273249"
"chr13","32195948","32196205","chr17","12028610","12028851","28","20167338"
"chr13","32207348","32207623","chr17","12039585","12039863","26","20167763"
"chr13","32287862","32288000","chr17","12119042","12119183","13","20168820"
"chr13","32394727","32394999","chr1","207605376","207605648","62","175210649"
"chr13","32474348","32474655","chrX","118403766","118404071","68","85929418"
"chr13","32647024","32647303","chr17","12519815","12520107","31","20127209"
"chr13","32678929","32679102","chr4","106616558","106616719","42","73937629"
"chr13","32680387","32680690","chr12","30167146","30167441","70","2513241"
"chr13","32908199","32908479","chr17","12794850","12795108","41","20113349"
"chr13","32976814","32977114","chr1","10636980","10637278","72","22339834"
"chr13","34557304","34557595","chr17","14363122","14363421","25","20194182"
"chr13","34650151","34650435","chr17","14457435","14457729","23","20192716"
"chr13","35881863","35882183","chr6","139402218","139402529","77","103520355"
"chr13","36246664","36246957","chr17","16067406","16067699","18","20179258"
"chr13","36510163","36510459","chr17","16319612","16319912","22","20190551"
"chr13","36885550","36885843","chr17","16689884","16690171","23","20195666"
"chr13","37156183","37156305","chr2","110027481","110027601","28","72871298"
"chr13","37156355","37156404","chr17","9280206","9280255","13","27876149"
"chr13","37389816","37390114","chr17","17016583","17016892","37","20373233"
"chr13","37926965","37927256","chr17","17538612","17538911","21","20388353"
"chr13","38186347","38186556","chr17","17769997","17770197","29","20416350"
"chr13","38525943","38526279","chr17","18107352","18107713","52","20418591"
"chr13","38632703","38632977","chr20","37032541","37032815","63","1600162"
"chr13","38830833","38831031","chr17","18365318","18365517","12","20465515"
"chr13","39372762","39373071","chr16","45063178","45063481","68","5690416"
"chr13","39727058","39727321","chr17","19241653","19241908","24","20485405"
"chr13","39839602","39839760","chr17","19347534","19347689","14","20492068"
"chr13","40234040","40234331","chr17","19746999","19747290","18","20487041"
"chr13","40332546","40332727","chr7","67206292","67206472","44","26873746"
"chr13","40332771","40332872","chr1","138783147","138783250","25","98450376"
"chr13","40554570","40554760","chr8","19007041","19007219","47","21547529"
"chr13","40744285","40744590","chr17","20242774","20243081","11","20501511"
"chr13","40804387","40804703","chr8","96220911","96221220","75","55416524"
"chr13","40904302","40904611","chr17","20378881","20379172","60","20525421"
"chr13","40917000","40917250","chr17","20394455","20394706","15","20522545"
"chr13","40978232","40978516","chr17","20457714","20457989","24","20520518"
"chr13","40979784","40980071","chrX","52718283","52718571","64","11738499"
"chr13","40993510","40993813","chr8","129813285","129813592","76","88819775"
"chr13","41034149","41034445","chr17","20512735","20513031","16","20521414"
"chr13","41060231","41060359","chr17","20537852","20537986","14","20522379"
"chr13","41094921","41095213","chr17","20567161","20567456","34","20527760"
"chr13","41113764","41114070","chr8","100594030","100594332","73","59480266"
"chr13","41165454","41165585","chr17","20639197","20639329","9","20526257"
"chr13","46656990","46657188","chr17","25956135","25956345","30","20700855"
"chr13","47259776","47260061","chr17","26536315","26536600","15","20723461"
"chr13","47683668","47683958","chr17","26992240","26992529","23","20691428"
"chr13","47966323","47966454","chr4","133031283","133031415","21","85064960"
"chr13","48261010","48261124","chr17","27580948","27581061","14","20680062"
"chr13","48319402","48319673","chr17","27637092","27637364","19","20682310"
"chr13","48346367","48346670","chr17","27665619","27665923","39","20680748"
"chr13","48528037","48528303","chr1","36699814","36700080","65","11828223"
"chr13","48596415","48596705","chr17","27928024","27928318","25","20668391"
"chr13","48767028","48767316","chr17","28125805","28126070","36","20641223"
"chr13","49040713","49040970","chr17","28443740","28443996","18","20596973"
"chr13","49113976","49114275","chr17","28472988","28473285","21","20640988"
"chr13","49154917","49154995","chr7","120377269","120377348","18","71222352"
"chr13","49357408","49357703","chr1","110162985","110163276","75","60805577"
"chr13","49377215","49377497","chr17","28738918","28739201","21","20638297"
"chr13","49378506","49378811","chr13","19713162","19713466","62","29665344"
"chr13","49542628","49542755","chr17","28959835","28959965","4","20582793"
"chr13","49670672","49670927","chr17","29094711","29094969","21","20575961"
"chr13","50134791","50135094","chr17","29595899","29596170","52","20538892"
"chr13","50821637","50821782","chr17","30294732","30294877","9","20526905"
"chr13","50822088","50822268","chr17","30295190","30295371","18","20526898"
"chr13","50850780","50851064","chr17","30323965","30324258","23","20526815"
"chr13","51197363","51197650","chr17","30680206","30680503","29","20517157"
"chr13","51355754","51356059","chr17","30848408","30848714","16","20507346"
"chr13","51521923","51522240","chr17","31005823","31006127","36","20516100"
"chr13","51583791","51583916","chr9","122113887","122114022","33","70530096"
"chr13","51853268","51853418","chr3","15822345","15822496","34","36030923"
"chr13","51994904","51995169","chr17","31496243","31496527","31","20498661"
"chr13","52526179","52526443","chr9","92394484","92394763","79","39868305"
"chr13","52526796","52527093","chr17","31950764","31951069","34","20576032"
"chr13","52543103","52543392","chr17","31966044","31966336","32","20577059"
"chr13","52589215","52589510","chr17","32012483","32012762","34","20576732"
"chr13","52609181","52609355","chr17","32034008","32034182","11","20575173"
"chr13","52609649","52609769","chr17","32034475","32034595","6","20575174"
"chr13","54042408","54042710","chr17","33489040","33489348","34","20553368"
"chr13","54738455","54738741","chr17","34205843","34206146","35","20532612"
"chr13","55960332","55960425","chr3","48933029","48933127","23","7027303"
"chr13","57502196","57502483","chr6","35058676","35058957","70","22443520"
"chr13","57588248","57588543","chr1","66526863","66527155","64","8938615"
"chr13","58179285","58179572","chr17","37831827","37832122","31","20347458"
"chr13","58350556","58350869","chr14","18343060","18343366","78","40007496"
"chr13","58595204","58595472","chr17","38305812","38306080","17","20289392"
"chr13","59245721","59246019","chr2","104197966","104198264","72","44952245"
"chr13","59547773","59548085","chr17","39357179","39357499","24","20190594"
"chr13","59577477","59577781","chr17","39388754","39389047","35","20188723"
"chr13","59693049","59693364","chr3","170316640","170316949","80","110623591"
"chr13","59748598","59748899","chr17","39556774","39557076","27","20191824"
"chr13","59846823","59847134","chr5","127204077","127204375","84","67357254"
"chr13","59942948","59943262","chr17","39784641","39784955","21","20158307"
"chr13","60283289","60283574","chr17","40118250","40118509","36","20165039"
"chr13","61275975","61276131","chr4","156339243","156339398","34","95063268"
"chr13","61572580","61572880","chr17","41486328","41486624","32","20086252"
"chr13","62068780","62068905","chr17","42044427","42044553","5","20024353"
"chr13","62170897","62171010","chr6","56503022","56503127","31","5667875"
"chr13","62799793","62800127","chr17","42836621","42836952","25","19963172"
"chr13","65171008","65171294","chr17","45412065","45412336","37","19758943"
"chr13","66459844","66460143","chr17","46990412","46990711","29","19469432"
"chr13","66963677","66963984","chr4","128726710","128727027","84","61763033"
"chr13","68075105","68075252","chr17","48731556","48731705","11","19343549"
"chr13","68075545","68075685","chr17","48732010","48732113","47","19343535"
"chr13","68274600","68274756","chr17","48946462","48946628","25","19328138"
"chr13","69862722","69863020","chr17","50721950","50722220","70","19140772"
"chr13","69966410","69966686","chr15","6802682","6802960","68","63163728"
"chr13","69985843","69986172","chr6","79842973","79843313","93","9857130"
"chr13","70099118","70099430","chr17","80993762","80994070","72","10894644"
"chr13","70407292","70407386","chr17","51366264","51366340","25","19041028"
"chr13","70461202","70461506","chr17","51423060","51423369","27","19038142"
"chr13","71781140","71781445","chr8","65548461","65548754","81","6232679"
"chr13","71911201","71911401","chr4","35788179","35788370","60","36123022"
"chr13","72036701","72036988","chr17","27637092","27637364","73","44399609"
"chr13","72382194","72382471","chr17","53503321","53503607","31","18878873"
"chr13","72839777","72840089","chr17","53971906","53972202","37","18867871"
"chr13","72929596","72929869","chr20","27349794","27350066","68","45579802"
"chr13","73003325","73003596","chr17","54138510","54138784","19","18864815"
"chr13","73059403","73059690","chr17","54197316","54197603","14","18862087"
"chr13","73061396","73061680","chr6","78799285","78799566","49","5737889"
"chr13","73117182","73117496","chr17","54254300","54254604","29","18862882"
"chr13","73211613","73211741","chr17","54351596","54351724","12","18860017"
"chr13","73277595","73277853","chr17","54418688","54418951","23","18858907"
"chr13","73548590","73548868","chr17","54698926","54699200","21","18849664"
"chr13","73721998","73722290","chr17","54870568","54870853","41","18851430"
"chr13","73762711","73762997","chr17","54910126","54910412","29","18852585"
"chr13","73799990","73800286","chr17","54947390","54947699","40","18852600"
"chr13","74278011","74278120","chr2","94008956","94009073","29","19730945"
"chr13","75570333","75570619","chr15","6802682","6802960","60","68767651"
"chr13","76409583","76409783","chr17","57392408","57392576","41","19017175"
"chr13","76410083","76410204","chr17","57392876","57392997","6","19017207"
"chr13","76933759","76934045","chr1","173860420","173860709","60","96926661"
"chr13","77278325","77278612","chr17","58329608","58329902","28","18948717"
"chr13","77289360","77289662","chr17","58341556","58341856","24","18947804"
"chr13","77352703","77352824","chr11","61333551","61333666","29","16019152"
"chr13","77613822","77613899","chr7","81546968","81547061","27","3933146"
"chr13","78020047","78020340","chr17","59080374","59080668","18","18939673"
"chr13","78712046","78712343","chr17","59784754","59785044","22","18927292"
"chr13","79201875","79202155","chr17","60296809","60297103","35","18905066"
"chr13","79689651","79689961","chr17","60784949","60785253","25","18904702"
"chr13","80587638","80587696","chr13","48881953","48882006","17","31705685"
"chr13","80588006","80588139","chr14","69057322","69057461","40","11530684"
"chr13","81006596","81006829","chr17","62049954","62050180","28","18956642"
"chr13","81422602","81422715","chr4","87964826","87964944","29","6542224"
"chr13","81422751","81422930","chr2","44330018","44330201","46","37092733"
"chr13","81750002","81750360","chr6","79842973","79843313","106","1907029"
"chr13","82015427","82015713","chr3","44655300","44655590","62","37360127"
"chr13","82516083","82516216","chr6","37427171","37427304","31","45088912"
"chr13","82630240","82630364","chr7","84453526","84453647","23","1823286"
"chr13","82630403","82630563","chr14","104646319","104646474","41","22015916"
"chr13","83623324","83623472","chrX","131487247","131487395","33","47863923"
"chr13","83706426","83706695","chr12","59906823","59907107","83","23799603"
"chr13","86386257","86386536","chr17","67534499","67534783","27","18851758"
"chr13","86458210","86458342","chr5","38874444","38874577","26","47583766"
"chr13","86616453","86616689","chr10","88451100","88451335","67","1834647"
"chr13","88047268","88047547","chr17","69194730","69195032","45","18852538"
"chr13","88505502","88505668","chr19","12556522","12556677","51","75948980"
"chr13","88775948","88776252","chr4","167856855","167857161","69","79080907"
"chr13","89830099","89830242","chr17","71185026","71185164","16","18645073"
"chr13","89830510","89830640","chr17","71185437","71185572","14","18645073"
"chr13","89855524","89855696","chr6","166788551","166788715","44","76933027"
"chr13","89929222","89929416","chr17","71357752","71357952","24","18571470"
"chr13","92022876","92023187","chr17","73403115","73403440","31","18619761"
"chr13","93377232","93377528","chr17","74675303","74675623","57","18701929"
"chr13","93593427","93593723","chr1","67245632","67245929","62","26347795"
"chr13","93948006","93948295","chr17","75231418","75231694","28","18716588"
"chr13","94042280","94042354","chr5","184937827","184937891","21","90895547"
"chr13","94318674","94318982","chr4","139632610","139632917","62","45313936"
"chr13","95075217","95075314","chr17","76403898","76403991","7","18671319"
"chr13","95138585","95138673","chr2","70367477","70367559","23","24771108"
"chr13","95238561","95238826","chr17","76557736","76558020","40","18680825"
"chr13","95591846","95592086","chr17","76917610","76917862","20","18674236"
"chr13","95779655","95779828","chr12","35156011","35156188","36","60623644"
"chr13","95780134","95780266","chr6","414900","415032","20","95365234"
"chr13","96073308","96073578","chr17","77409197","77409487","38","18664111"
"chr13","96212295","96212539","chr15","109126034","109126270","71","12913739"
"chr13","96308128","96308417","chr1","31117785","31118072","65","65190343"
"chr13","96746640","96746944","chr17","78090467","78090764","22","18656173"
"chr13","97846263","97846428","chr17","79240533","79240699","32","18605730"
"chr13","98178924","98179060","chr6","37427171","37427304","18","60751753"
"chr13","98180505","98180760","chr6","75451198","75451463","71","22729307"
"chr13","98186834","98187133","chr17","79544778","79545076","23","18642056"
"chr13","98332498","98332633","chr17","79688791","79688927","8","18643707"
"chr13","98382638","98382726","chr14","112027888","112027975","21","13645250"
"chr13","98707212","98707344","chr17","80064969","80065104","15","18642243"
"chr13","98767971","98768265","chrX","64261279","64261573","69","34506692"
"chr13","98940486","98940786","chr14","119237855","119238156","66","20297369"
"chr13","98953482","98953769","chr17","80345246","80345532","18","18608236"
"chr13","99280005","99280303","chr1","125822424","125822719","69","26542419"
"chr13","99419864","99420164","chr17","80818702","80818980","36","18601162"
"chr13","99591548","99591851","chr17","80993762","80994070","29","18597786"
"chr13","99823296","99823591","chr17","81208865","81209162","25","18614431"
"chr13","99918862","99919141","chr17","81311269","81311567","64","18607593"
"chr13","100119517","100119755","chr13","27647470","27647688","61","72472047"
"chr13","100144410","100144679","chr15","13700169","13700418","68","86444241"
"chr13","100240237","100240366","chr17","81625550","81625679","3","18614687"
"chr13","100331636","100331936","chr10","27157967","27158263","56","73173669"
"chr13","100514653","100514972","chr17","81890160","81890479","20","18624493"
"chr13","100727954","100728267","chr3","102005797","102006102","68","1277843"
"chr13","100805935","100806243","chr17","82177449","82177761","31","18628486"
"chr13","101209105","101209418","chr17","82584103","82584410","55","18625002"
"chr13","102148367","102148680","chr17","83539415","83539699","57","18608952"
"chr13","105566515","105566801","chr17","86999328","86999607","29","18567187"
"chr13","106003698","106003972","chr2","160781135","160781421","73","54777437"
"chr13","107285264","107285395","chr9","63290705","63290836","20","43994559"
"chr13","107359893","107360154","chr17","88781349","88781653","66","18578544"
"chr13","110237149","110237246","chr17","91711357","91711454","8","18525792"
"chr13","110848741","110849019","chr7","24764876","24765146","71","86083865"
"chr13","110852430","110852565","chr17","92302325","92302461","5","18550105"
"chr13","111154162","111154458","chr17","92589260","92589556","16","18564902"
"chr13","111311085","111311379","chr17","92710269","92710579","32","18600816"
"chr13","111382387","111382698","chrX","59952726","59953031","85","51429661"
"chr13","114372147","114372441","chr2","83910187","83910491","62","30461960"
"chr14","82706320","82706585","chr1","42435340","42435616","69","40270980"
"chr14","19089281","19089533","chr7","80950992","80951251","19","61861711"
"chr14","19252413","19252503","chr7","81546968","81547061","14","62294555"
"chr14","19287867","19287975","chrX","124793090","124793200","22","105505223"
"chr14","19324858","19324978","chr10","10572666","10572789","21","8752192"
"chr14","19457235","19457537","chr7","81750525","81750830","26","62293290"
"chr14","19982701","19982985","chr6","78799285","78799566","55","58816584"
"chr14","20151645","20151919","chr7","82490948","82491220","23","62339303"
"chr14","20189691","20189802","chr7","82532536","82532646","5","62342845"
"chr14","20404002","20404256","chr7","82802070","82802322","14","62398068"
"chr14","20485796","20486094","chr1","94247075","94247368","64","73761279"
"chr14","20832264","20832541","chr7","83191991","83192269","18","62359727"
"chr14","21258189","21258272","chr7","83636125","83636208","6","62377936"
"chr14","21594809","21594960","chr3","133031705","133031853","26","111436896"
"chr14","21743217","21743510","chrX","127144760","127145022","82","105401543"
"chr14","21906930","21907070","chr10","29298101","29298235","27","7391171"
"chr14","22015127","22015433","chr7","84446474","84446771","31","62431347"
"chr14","22021698","22021819","chr7","84453526","84453647","14","62431828"
"chr14","22131850","22131963","chr7","84568685","84568803","11","62436835"
"chr14","22133275","22133376","chr4","35820839","35820944","22","13687564"
"chr14","22145964","22146289","chr3","46695290","46695606","80","24549326"
"chr14","22173717","22174021","chr7","84610731","84611037","34","62437014"
"chr14","22210548","22210837","chr2","83910187","83910491","58","61699639"
"chr14","22523868","22524168","chr6","125052342","125052640","66","102528474"
"chr14","22526741","22527038","chr7","84969275","84969575","15","62442534"
"chr14","22735445","22735760","chr3","54130387","54130698","72","31394942"
"chr14","22758434","22758729","chr7","85284628","85284922","17","62526194"
"chr14","22942654","22942947","chr7","85448392","85448689","26","62505738"
"chr14","23262453","23262712","chr7","85778632","85778891","10","62516179"
"chr14","23961151","23961408","chr1","172523058","172523318","73","148561907"
"chr14","24590599","24590841","chr7","87132863","87133104","23","62542264"
"chr14","25268979","25269244","chr7","87799796","87800061","11","62530817"
"chr14","26146964","26147241","chr7","88676776","88677054","23","62529812"
"chr14","26314731","26315022","chr18","40363449","40363730","62","14048718"
"chr14","27187385","27187601","chr8","124586966","124587189","67","97399581"
"chr14","28669494","28669646","chr7","91068920","91069072","10","62399426"
"chr14","28669674","28669794","chr7","91069106","91069230","12","62399432"
"chr14","28864025","28864343","chr7","91269019","91269334","24","62404994"
"chr14","29877360","29877652","chr7","92294145","92294434","25","62416785"
"chr14","29930665","29930842","chr7","92347088","92347270","15","62416423"
"chr14","29935880","29936137","chr7","92352080","92352337","12","62416200"
"chr14","30001526","30001805","chr14","32765425","32765699","70","2763899"
"chr14","30084908","30085037","chr16","38318964","38319097","25","8234056"
"chr14","30121239","30121504","chr7","92554303","92554580","39","62433064"
"chr14","30137356","30137650","chr7","92569903","92570193","26","62432547"
"chr14","30140596","30140905","chr7","92572849","92573160","25","62432253"
"chr14","30183156","30183417","chr7","92619554","92619818","17","62436398"
"chr14","30280018","30280322","chr7","92719316","92719622","23","62439298"
"chr14","30327516","30327775","chr7","92761835","92762091","21","62434319"
"chr14","30360804","30361094","chr6","78799285","78799566","63","48438481"
"chr14","30485040","30485354","chr8","97359768","97360073","67","66874728"
"chr14","31828911","31829199","chr1","47327661","47327963","64","15498750"
"chr14","31842684","31842826","chr7","94299651","94299802","20","62456967"
"chr14","32102691","32103030","chr7","92572849","92573160","97","60470158"
"chr14","32405020","32405317","chr7","94857340","94857637","25","62452320"
"chr14","32780547","32780840","chrX","71363397","71363683","69","38582850"
"chr14","32820054","32820367","chr7","95270412","95270725","25","62450358"
"chr14","33254182","33254477","chr7","95710346","95710635","30","62456164"
"chr14","33307880","33307981","chr10","60704342","60704438","27","27396462"
"chr14","33526735","33527021","chr1","21974172","21974465","66","11552563"
"chr14","33562453","33562573","chr10","35892248","35892362","31","2329795"
"chr14","33573807","33573945","chr7","96030907","96031051","17","62457100"
"chr14","33574569","33574699","chr7","96031343","96031476","13","62456774"
"chr14","33592502","33592636","chr7","96050806","96050939","8","62458304"
"chr14","33618298","33618428","chr7","96080607","96080737","8","62462309"
"chr14","33876228","33876476","chr7","96347521","96347768","16","62471293"
"chr14","34047058","34047190","chr3","2524423","2524550","20","31522635"
"chr14","34058568","34058728","chr7","96535822","96535984","9","62477254"
"chr14","34080845","34081143","chr7","96558308","96558606","18","62477463"
"chr14","34316704","34316845","chr5","109194110","109194250","22","74877406"
"chr14","34410579","34410869","chr7","96890869","96891163","29","62480290"
"chr14","34455924","34456012","chr7","96933023","96933101","13","62477099"
"chr14","34681895","34682026","chr7","97166339","97166470","8","62484444"
"chr14","34693686","34693977","chr7","97175516","97175761","62","62481830"
"chr14","34715745","34715891","chr7","97197682","97197828","9","62481937"
"chr14","34883983","34884109","chr11","122324056","122324186","18","87440073"
"chr14","35650629","35650905","chr7","97949570","97949847","14","62298941"
"chr14","35805489","35805583","chr5","3584907","3585001","19","32220582"
"chr14","35807519","35807757","chr3","79178673","79178901","59","43371154"
"chr14","36084358","36084649","chr7","98389780","98390060","52","62305422"
"chr14","36316475","36316776","chr7","98625224","98625521","25","62308749"
"chr14","36352740","36352905","chr7","98662858","98663001","31","62310118"
"chr14","36365815","36366107","chr7","98675880","98676164","55","62310065"
"chr14","36491722","36491830","chrX","124793090","124793200","26","88301368"
"chr14","36600527","36600833","chr7","98919142","98919440","21","62318615"
"chr14","36995864","36996028","chr7","99328489","99328652","14","62332625"
"chr14","37007396","37007702","chr7","99342182","99342492","24","62334786"
"chr14","37183640","37183772","chr7","99512022","99512153","12","62328382"
"chr14","37634224","37634510","chr10","19013525","19013805","59","18620699"
"chr14","38175802","38176073","chr7","100491981","100492230","38","62316179"
"chr14","38181290","38181440","chr12","87866506","87866652","34","49685216"
"chr14","38279076","38279246","chr20","18625219","18625384","39","19653857"
"chr14","38367093","38367413","chr7","100703131","100703450","38","62336038"
"chr14","38374245","38374512","chr11","50694576","50694861","73","12320331"
"chr14","39372535","39372686","chr7","101715891","101716050","17","62343356"
"chr14","39722723","39723026","chr1","125822424","125822719","68","86099701"
"chr14","41782376","41782659","chr7","104586833","104587103","30","62804457"
"chr14","42615772","42616096","chr7","105571981","105572305","23","62956209"
"chr14","43684602","43684793","chr7","106685235","106685426","8","63000633"
"chr14","43685087","43685197","chr7","106685725","106685834","12","63000638"
"chr14","43901714","43901971","chr7","106930927","106931176","22","63029213"
"chr14","43930874","43931178","chr7","106960878","106961162","35","63030004"
"chr14","44891054","44891341","chr7","107961485","107961756","43","63070431"
"chr14","46118042","46118318","chr7","109209078","109209327","35","63091036"
"chr14","46450194","46450475","chr7","109540437","109540719","24","63090243"
"chr14","47107751","47108050","chr7","110226620","110226929","26","63118869"
"chr14","48372202","48372503","chr15","26711810","26712122","69","21660392"
"chr14","48427755","48428065","chr7","111528111","111528422","26","63100356"
"chr14","48547005","48547246","chr7","111651264","111651489","39","63104259"
"chr14","48601656","48601859","chr11","112000001","112000193","48","63398345"
"chr14","48869212","48869343","chr7","111987811","111987933","17","63118599"
"chr14","48869633","48869755","chr7","111988236","111988358","3","63118603"
"chr14","48942283","48942586","chr7","112064545","112064846","50","63122262"
"chr14","49008097","49008417","chr7","112125506","112125811","42","63117409"
"chr14","49043611","49043910","chr7","112158380","112158674","22","63114769"
"chr14","49076816","49076933","chr7","112187573","112187690","4","63110757"
"chr14","49129476","49129615","chr11","98398817","98398954","21","49269341"
"chr14","49231247","49231536","chr7","112349304","112349632","62","63118057"
"chr14","49240301","49240425","chr19","18563379","18563502","28","30676922"
"chr14","49288564","49288694","chr3","116815127","116815261","21","67526563"
"chr14","49308888","49309170","chr7","112430042","112430319","47","63121154"
"chr14","49468816","49469103","chr7","112585839","112586123","17","63117023"
"chr14","49508206","49508510","chr7","112625218","112625516","27","63117012"
"chr14","49532309","49532454","chr7","112650428","112650581","19","63118119"
"chr14","49640414","49640669","chr7","112757272","112757546","28","63116858"
"chr14","49880511","49880783","chr6","78799285","78799566","60","28918774"
"chr14","49973243","49973527","chr7","113081258","113081544","15","63108015"
"chr14","50073802","50074073","chr2","105620377","105620659","63","55546575"
"chr14","50266425","50266706","chr7","113377143","113377429","20","63110718"
"chr14","50457581","50457873","chr7","113569990","113570251","58","63112409"
"chr14","50796477","50796778","chr7","113880156","113880477","45","63083679"
"chr14","50798161","50798461","chr7","113881845","113882144","22","63083684"
"chr14","50939812","50940113","chr6","132230492","132230796","65","81290680"
"chr14","51492851","51493148","chr7","114527273","114527559","38","63034422"
"chr14","51523979","51524268","chr7","114557639","114557923","25","63033660"
"chr14","51552334","51552647","chr16","50548405","50548713","69","1003929"
"chr14","51554064","51554336","chr5","92742959","92743232","62","41188895"
"chr14","51557411","51557710","chr1","10636980","10637278","68","40920431"
"chr14","51609400","51609489","chr7","114637607","114637697","15","63028207"
"chr14","51628314","51628502","chr11","130165395","130165587","43","78537081"
"chr14","51782783","51783077","chr7","114828923","114829234","38","63046140"
"chr14","51893453","51893589","chr1","138722739","138722873","19","86829286"
"chr14","51970738","51971047","chr1","34242761","34243062","71","17727977"
"chr14","52701757","52702017","chr7","115791139","115791394","18","63089382"
"chr14","53033531","53033788","chr7","116123265","116123551","54","63089734"
"chr14","53485372","53485679","chr7","116588508","116588811","12","63103136"
"chr14","53726915","53727210","chr7","116825921","116826241","42","63099006"
"chr14","53844070","53844361","chr3","42185773","42186069","61","11658297"
"chr14","53962164","53962408","chr7","117066495","117066738","11","63104331"
"chr14","54141778","54141939","chr7","117242001","117242155","19","63100223"
"chr14","54208914","54209131","chr14","68615358","68615571","52","14406444"
"chr14","54303841","54304131","chr12","87641280","87641570","48","33337439"
"chr14","54503872","54504154","chr7","117605318","117605603","23","63101446"
"chr14","55787838","55788105","chr19","5338270","5338528","75","50449568"
"chr14","55808774","55809080","chr7","118946081","118946387","36","63137307"
"chr14","55824661","55824954","chr7","118961761","118962067","32","63137100"
"chr14","55894437","55894677","chr7","119031473","119031715","26","63137036"
"chr14","57006657","57006733","chr7","120109065","120109141","6","63102408"
"chr14","57270011","57270086","chr7","120377269","120377348","7","63107258"
"chr14","57337275","57337451","chr8","34019179","34019341","50","23318096"
"chr14","57337758","57337879","chr4","18169091","18169215","21","39168667"
"chr14","57475747","57475815","chr4","110979540","110979593","26","53503793"
"chr14","57798698","57798884","chr7","120909087","120909273","12","63110389"
"chr14","58243848","58243984","chr7","121344926","121345059","12","63101078"
"chr14","58510440","58510625","chr8","19007041","19007219","45","39503399"
"chr14","58839160","58839286","chr7","121945707","121945833","7","63106547"
"chr14","58920644","58920920","chr7","122020951","122021215","22","63100307"
"chr14","58998681","58998968","chr7","122104448","122104740","27","63105767"
"chr14","59071029","59071345","chr7","122175168","122175455","48","63104139"
"chr14","59085054","59085360","chr16","32759504","32759807","60","26325550"
"chr14","59184542","59184854","chr6","135687652","135687955","59","76503110"
"chr14","59496008","59496291","chr7","122610083","122610379","34","63114075"
"chr14","59541864","59542145","chr7","122657091","122657373","20","63115227"
"chr14","59609225","59609303","chr7","63584200","63584280","20","3974975"
"chr14","59609610","59609751","chr7","44405885","44406024","35","15203725"
"chr14","59622926","59623100","chr7","122730456","122730629","19","63107530"
"chr14","59623360","59623493","chr7","122730853","122730985","5","63107493"
"chr14","59637280","59637581","chr7","122745361","122745664","40","63108081"
"chr14","59660509","59660824","chr7","122774132","122774439","30","63113623"
"chr14","59688278","59688412","chr7","122803372","122803506","7","63115094"
"chr14","59838973","59839120","chr15","64783799","64783946","38","4944826"
"chr14","60145829","60145959","chr9","95599879","95600010","22","35454050"
"chr14","60194701","60195000","chr7","123293451","123293745","25","63098750"
"chr14","60211025","60211337","chr7","123309318","123309644","41","63098293"
"chr14","60326483","60326613","chr7","123427415","123427545","2","63100932"
"chr14","60457352","60457626","chr7","123559704","123559981","29","63102352"
"chr14","60840847","60841154","chr7","123867607","123867913","21","63026760"
"chr14","62088318","62088571","chr7","125167414","125167662","28","63079096"
"chr14","62359613","62359815","chr7","125451987","125452190","12","63092374"
"chr14","62397246","62397352","chr7","125485778","125485884","5","63088532"
"chr14","62413879","62414189","chr11","116545147","116545455","68","54131268"
"chr14","62421378","62421516","chr7","125518367","125518501","12","63096989"
"chr14","62592339","62592480","chr9","89477730","89477866","23","26885391"
"chr14","62614849","62615136","chr7","125722002","125722288","15","63107153"
"chr14","62651692","62651868","chr7","125757788","125757934","42","63106096"
"chr14","62652091","62652230","chr7","125758163","125758301","11","63106072"
"chr14","62744045","62744348","chr7","125852662","125852940","44","63108617"
"chr14","62828151","62828436","chr7","125938294","125938569","22","63110143"
"chr14","62987611","62987895","chr7","126101552","126101836","25","63113941"
"chr14","63018249","63018548","chr10","37406216","37406513","74","25612033"
"chr14","63205954","63206177","chr7","27907921","27908137","50","35298033"
"chr14","63295952","63296021","chr13","43555231","43555294","16","19740721"
"chr14","63366887","63367150","chr7","126479037","126479302","17","63112150"
"chr14","64321395","64321491","chr19","25579785","25579879","21","38741610"
"chr14","64442898","64443025","chr1","40048117","40048243","23","24394781"
"chr14","64785811","64785959","chr7","127292696","127292868","33","62506885"
"chr14","64786792","64787093","chr7","127293702","127294003","22","62506910"
"chr14","65644718","65644862","chrX","68831705","68831835","28","3186987"
"chr14","65687159","65687288","chr7","128263921","128264049","8","62576762"
"chr14","66179055","66179148","chr19","8078714","8078794","29","58100341"
"chr14","66345241","66345528","chr7","129013563","129013854","18","62668322"
"chr14","66664559","66664663","chr17","15556284","15556387","28","51108275"
"chr14","66684070","66684342","chr7","129370097","129370385","47","62686027"
"chr14","66881125","66881313","chr18","11988555","11988738","42","54892570"
"chr14","66955464","66955795","chr7","129648146","129648457","35","62692682"
"chr14","66956591","66956689","chr19","2539328","2539420","20","64417263"
"chr14","67160171","67160438","chr7","129868480","129868747","13","62708309"
"chr14","67252299","67252595","chr7","129963758","129964042","35","62711459"
"chr14","67510596","67510844","chr7","130213040","130213292","17","62702444"
"chr14","68188223","68188416","chr7","120909087","120909273","66","52720864"
"chr14","68435484","68435611","chr9","38244699","38244821","26","30190785"
"chr14","68462276","68462373","chr14","65579625","65579725","19","2882651"
"chr14","68603173","68603496","chr9","58449925","58450234","74","10153248"
"chr14","68641563","68641856","chr20","11774510","11774795","67","56867053"
"chr14","68677744","68677914","chr4","168599260","168599420","36","99921516"
"chr14","68719670","68719964","chr9","63277055","63277347","62","5442615"
"chr14","68743201","68743491","chr7","131495530","131495828","34","62752329"
"chr14","68840741","68841032","chr7","131596633","131596921","16","62755892"
"chr14","68898485","68898787","chr7","131652837","131653131","17","62754352"
"chr14","68980035","68980326","chr7","131734667","131734955","15","62754632"
"chr14","69024935","69025224","chr7","131781265","131781563","38","62756330"
"chr14","69105493","69105778","chr7","131864786","131865072","21","62759293"
"chr14","69360151","69360427","chr7","132115787","132116066","31","62755636"
"chr14","69419869","69420056","chr7","67206292","67206472","48","2213577"
"chr14","69695989","69696259","chr7","132472117","132472385","21","62776128"
"chr14","69928192","69928461","chr7","132472117","132472385","38","62543925"
"chr14","70225426","70225682","chr7","133030045","133030302","23","62804619"
"chr14","70277629","70277897","chr7","133085886","133086150","23","62808257"
"chr14","70491895","70492203","chr1","53343382","53343689","73","17148513"
"chr14","70634845","70635138","chr7","133458407","133458725","44","62823562"
"chr14","70851432","70851722","chr7","133676789","133677058","34","62825357"
"chr14","70966394","70966697","chr7","133792929","133793232","18","62826535"
"chr14","70972466","70972759","chr7","133799291","133799544","54","62826825"
"chr14","72264213","72264515","chr7","135110760","135111062","15","62846547"
"chr14","72390580","72390867","chr7","135243741","135244041","22","62853161"
"chr14","72480787","72480928","chr7","135345942","135346082","11","62865155"
"chr14","72635708","72635929","chr7","135567635","135567848","15","62931927"
"chr14","72725186","72725481","chr7","135656334","135656632","24","62931148"
"chr14","72733621","72733771","chr7","135663641","135663791","10","62930020"
"chr14","72815912","72816084","chr7","135746152","135746331","19","62930240"
"chr14","72816383","72816532","chr7","135746638","135746787","9","62930255"
"chr14","72872793","72872933","chr12","87854864","87855004","23","14982071"
"chr14","72962103","72962269","chr3","34558751","34558916","36","38403352"
"chr14","73033113","73033347","chr7","135967079","135967301","26","62933966"
"chr14","73033352","73033610","chr7","135967306","135967566","17","62933954"
"chr14","73070554","73070846","chr1","187898632","187898919","58","114828078"
"chr14","73086533","73086679","chr7","136021312","136021467","21","62934779"
"chr14","73087002","73087122","chr2","150253312","150253430","26","77166310"
"chr14","73092184","73092530","chr7","9987310","9987602","99","63104874"
"chr14","73101133","73101434","chr15","14346857","14347161","68","58754276"
"chr14","73118914","73119185","chr7","136050127","136050382","33","62931213"
"chr14","73125495","73125782","chr7","136051121","136051383","36","62925626"
"chr14","73224458","73224745","chr2","62121493","62121782","71","11102965"
"chr14","73292555","73292838","chr7","136228297","136228587","26","62935742"
"chr14","73344628","73344904","chr7","136282380","136282670","39","62937752"
"chr14","73420787","73421084","chrX","59952726","59953031","65","13468061"
"chr14","73491618","73491993","chr3","13961490","13961847","113","59530128"
"chr14","73508169","73508256","chr8","93295881","93295955","26","19787712"
"chr14","73841585","73841871","chr13","33420750","33421036","61","40420835"
"chr14","73868069","73868199","chr7","136853114","136853244","7","62985045"
"chr14","74259595","74259885","chr7","137250180","137250466","18","62990585"
"chr14","74727934","74728238","chr7","137721053","137721332","47","62993119"
"chr14","75004307","75004597","chr7","138007975","138008267","24","63003668"
"chr14","75401270","75401401","chr6","63960389","63960524","20","11440881"
"chr14","75431700","75432018","chr7","138464718","138465018","39","63033018"
"chr14","75438675","75438878","chr1","61640067","61640273","49","13798608"
"chr14","75440961","75441286","chr7","138474443","138474763","25","63033482"
"chr14","75606655","75606966","chr7","138646851","138647132","45","63040196"
"chr14","75757967","75758249","chr5","143891223","143891500","74","68133256"
"chr14","75806123","75806337","chr7","138846466","138846687","21","63040343"
"chr14","76236365","76236639","chr7","138911885","138912157","28","62675520"
"chr14","76286902","76287209","chr7","138962525","138962829","24","62675623"
"chr14","76458321","76458585","chr7","139141819","139142103","44","62683498"
"chr14","76558990","76559290","chr7","139233256","139233549","22","62674266"
"chr14","77171023","77171331","chr7","139850815","139851102","40","62679792"
"chr14","77297714","77297968","chr7","139980995","139981218","48","62683281"
"chr14","77310448","77310579","chr4","88725870","88726001","21","11415422"
"chr14","77347132","77347221","chr16","16402636","16402722","23","60944496"
"chr14","77447625","77447696","chr7","140136382","140136453","6","62688757"
"chr14","77447992","77448112","chr7","140136747","140136871","7","62688755"
"chr14","77515807","77516088","chr14","32765425","32765699","77","44750382"
"chr14","77669919","77670084","chrX","65756752","65756919","39","11913167"
"chr14","77714178","77714472","chrX","43739404","43739703","64","33974774"
"chr14","77836052","77836174","chr6","70092252","70092381","21","7743800"
"chr14","78554655","78554958","chr7","141278302","141278589","31","62723647"
"chr14","78982550","78982846","chr7","141699718","141699973","57","62717168"
"chr14","80170398","80170694","chr8","98664968","98665269","58","18494570"
"chr14","80220205","80220379","chr7","142971500","142971683","25","62751295"
"chr14","80220674","80220807","chr7","142971995","142972132","24","62751321"
"chr14","80357517","80357812","chr7","143104282","143104600","46","62746765"
"chr14","80441482","80441786","chr7","154128220","154128522","73","73686738"
"chr14","82000514","82000565","chr19","35814215","35814260","18","46186299"
"chr14","84192170","84192442","chr7","146897330","146897598","29","62705160"
"chr14","84425515","84425649","chr14","10853551","10853688","21","73571964"
"chr14","84478157","84478367","chr7","147218408","147218579","55","62740251"
"chr14","84556565","84556702","chr1","138438131","138438265","30","53881566"
"chr14","84891241","84891570","chr7","147638335","147638615","72","62747094"
"chr14","85280859","85281060","chr7","148029256","148029457","10","62748397"
"chr14","85527923","85528206","chr7","148279921","148280233","55","62751998"
"chr14","85579035","85579166","chrX","50317577","50317710","23","35261458"
"chr14","85584264","85584553","chr16","20926004","20926296","64","64658260"
"chr14","86608822","86608969","chr4","171045765","171045912","12","84436943"
"chr14","86609334","86609482","chr4","171046273","171046421","12","84436939"
"chr14","87559345","87559577","chr7","149709619","149709865","32","62150274"
"chr14","88203018","88203318","chr2","136306313","136306615","71","48103295"
"chr14","88241735","88242039","chr7","150401392","150401698","26","62159657"
"chr14","88265921","88266214","chr7","150426732","150427025","12","62160811"
"chr14","88378368","88378671","chr7","150528203","150528498","35","62149835"
"chr14","88467791","88468084","chr7","150620432","150620720","21","62152641"
"chr14","88565258","88565527","chr7","150717453","150717712","23","62152195"
"chr14","88666023","88666295","chr7","150826890","150827190","41","62160867"
"chr14","88704012","88704143","chr6","131890554","131890688","20","43186542"
"chr14","88734726","88735023","chr15","90913601","90913899","70","2178875"
"chr14","89127157","89127213","chr1","201849461","201849518","14","112722304"
"chr14","89156813","89156952","chr7","151318398","151318539","11","62161585"
"chr14","89204804","89204894","chr20","28285955","28286032","23","60918849"
"chr14","89262496","89262616","chr7","151423493","151423622","18","62160997"
"chr14","89275923","89276236","chr7","151436621","151436940","22","62160698"
"chr14","89334645","89334889","chr17","12028610","12028851","57","77306035"
"chr14","89516863","89516954","chr7","151687520","151687616","14","62170657"
"chr14","89564763","89565030","chr7","151736763","151737030","23","62172000"
"chr14","89620048","89620335","chr7","151794242","151794513","33","62174194"
"chr14","89680482","89680763","chr7","151856066","151856349","27","62175584"
"chr14","89789778","89790071","chr7","151974569","151974865","18","62184791"
"chr14","90116920","90117074","chr18","10684709","10684863","27","79432211"
"chr14","90913839","90913977","chr7","153102173","153102312","11","62188334"
"chr14","91232160","91232301","chr20","52078982","52079108","34","39153178"
"chr14","91255530","91255662","chr7","153450852","153450983","6","62195322"
"chr14","91276705","91277004","chr17","22225510","22225806","62","69051195"
"chr14","91475228","91475344","chr10","39102751","39102873","32","52372477"
"chr14","91492990","91493252","chr7","153687296","153687562","21","62194306"
"chr14","91494499","91494629","chrX","144541916","144542049","24","53047417"
"chr14","91508292","91508426","chr13","74782008","74782141","18","16726284"
"chr14","91736332","91736465","chr1","134018877","134019008","26","42282545"
"chr14","91933709","91934005","chr7","154128220","154128522","27","62194511"
"chr14","92067059","92067189","chr2","148554865","148554989","23","56487806"
"chr14","92165762","92165864","chr20","52898393","52898496","20","39267369"
"chr14","92308076","92308216","chr7","154540437","154540599","31","62232361"
"chr14","92498970","92499277","chr7","154733440","154733747","21","62234470"
"chr14","92611341","92611474","chr7","154854040","154854173","17","62242699"
"chr14","92657011","92657109","chr7","154900623","154900729","11","62243612"
"chr14","92823903","92824193","chr7","155060108","155060411","29","62236205"
"chr14","93275921","93276212","chr7","155550836","155551131","28","62274915"
"chr14","93290983","93291272","chr7","155565815","155566118","30","62274832"
"chr14","93293022","93293314","chr7","155567881","155568175","19","62274859"
"chr14","93499766","93499994","chr20","27396938","27397165","62","66102828"
"chr14","93665006","93665209","chr9","70933892","70934075","58","22731114"
"chr14","93789872","93789995","chr1","45815412","45815540","33","47974460"
"chr14","94149552","94149841","chr7","156439155","156439446","28","62289603"
"chr14","94401709","94402006","chr7","137250180","137250466","63","42848471"
"chr14","94761557","94761687","chr5","86801613","86801742","22","7959944"
"chr14","95136897","95137190","chr7","157460314","157460600","34","62323417"
"chr14","95402608","95402916","chr6","135687652","135687955","49","40285044"
"chr14","96335242","96335506","chr20","11774510","11774795","76","84560732"
"chr14","96468087","96468303","chr7","158797043","158797257","20","62328956"
"chr14","96473184","96473456","chr5","51306123","51306407","71","45167061"
"chr14","96508654","96508724","chr10","46862044","46862117","21","49646610"
"chr14","96583966","96584112","chr7","158910063","158910219","18","62326097"
"chr14","96661817","96662135","chr16","46687569","46687877","67","49974248"
"chr14","96926683","96926821","chr7","159256610","159256748","10","62329927"
"chr14","99248627","99248940","chr7","161602118","161602430","26","62353491"
"chr14","99758097","99758396","chr7","162131335","162131639","28","62373238"
"chr14","100121086","100121126","chr6","12098296","12098335","11","88022790"
"chr14","100121442","100121589","chr16","38378032","38378178","25","61743410"
"chr14","100145708","100145998","chr7","162532160","162532451","18","62386452"
"chr14","100685210","100685259","chr7","163079794","163079843","6","62394584"
"chr14","101579094","101579233","chr14","10853551","10853688","24","90725543"
"chr14","101594202","101594512","chr3","92663903","92664212","74","8930299"
"chr14","102604317","102604632","chr13","19713162","19713466","71","82891155"
"chr14","102666753","102667058","chrX","59952726","59953031","76","42714027"
"chr14","102848701","102848918","chr7","164659155","164659388","39","61810454"
"chr14","103043516","103043661","chr1","25454259","25454411","30","77589257"
"chr14","103131604","103131726","chr7","164960944","164961065","8","61829340"
"chr14","103204621","103204739","chr2","51984605","51984728","21","51220016"
"chr14","103243231","103243514","chr7","165096723","165097008","20","61853492"
"chr14","103288638","103288804","chr7","165137313","165137480","10","61848675"
"chr14","103289124","103289258","chr7","165137821","165137950","13","61848697"
"chr14","103361329","103361400","chr7","165215017","165215088","6","61853688"
"chr14","103584946","103585256","chr7","165452384","165452692","28","61867438"
"chr14","103809810","103810108","chr7","165726005","165726307","21","61916195"
"chr14","103911567","103911700","chr7","165827072","165827205","9","61915505"
"chr14","103934436","103934757","chr7","165853041","165853366","23","61918605"
"chr14","104042546","104042751","chr7","165967128","165967337","17","61924582"
"chr14","104064028","104064318","chr7","165984844","165985139","13","61920816"
"chr14","104088253","104088428","chr7","166015133","166015309","27","61926880"
"chr14","104204423","104204595","chr12","101334323","101334489","49","2870100"
"chr14","104286733","104286869","chr11","63424516","63424649","18","40862217"
"chr14","104411175","104411408","chr9","89195305","89195545","52","15215870"
"chr14","104412431","104412505","chr3","34721429","34721501","21","69691002"
"chr14","105405136","105405265","chr7","167345127","167345261","18","61939991"
"chr14","105540770","105541078","chr4","20875879","20876188","77","84664891"
"chr14","105858221","105858362","chr15","14199583","14199726","26","91658638"
"chr14","105959352","105959642","chr7","167917094","167917392","26","61957742"
"chr14","106955289","106955571","chr7","169201857","169202144","47","62246568"
"chr14","107182259","107182564","chr16","25460444","25460740","95","81721815"
"chr14","107203499","107203770","chr7","168919992","168920271","41","61716493"
"chr15","47578926","47579222","chr2","62121493","62121782","64","14542567"
"chr15","87818170","87818340","chr7","67957090","67957257","14","19861080"
"chr15","20831970","20832099","chr3","41409893","41410017","24","20577923"
"chr15","20862788","20862908","chr2","49820364","49820481","32","28957576"
"chr15","21427253","21427561","chr7","983746","984068","36","20443507"
"chr15","22183926","22184223","chr7","1688190","1688483","26","20495736"
"chr15","22291138","22291414","chr7","1788678","1788948","16","20502460"
"chr15","22317371","22317568","chr1","51848351","51848543","48","29530980"
"chr15","22435276","22435575","chr2","188151782","188152065","73","165716506"
"chr15","22809173","22809487","chr7","2292562","2292870","31","20516611"
"chr15","22849192","22849322","chr17","81612054","81612179","22","58762862"
"chr15","23066212","23066345","chr3","84801975","84802107","22","61735763"
"chr15","23166771","23167070","chr7","2621132","2621425","31","20545639"
"chr15","23174686","23174966","chr7","2629126","2629408","29","20545560"
"chr15","23266556","23266645","chr7","2722845","2722923","16","20543711"
"chr15","23480615","23480761","chr1","220376410","220376552","36","196895795"
"chr15","24044190","24044429","chr3","169845027","169845247","71","145800837"
"chr15","24099905","24100110","chr8","92537132","92537340","49","68437227"
"chr15","24239149","24239434","chr11","46453201","46453479","85","22214052"
"chr15","24596057","24596158","chr7","4042699","4042798","12","20553358"
"chr15","24596284","24596379","chr4","120568188","120568267","30","95971904"
"chr15","24606324","24606636","chr9","100449415","100449714","79","75843091"
"chr15","24987104","24987392","chr7","4493797","4494094","36","20493307"
"chr15","25034822","25035006","chr7","4541418","4541586","33","20493404"
"chr15","25443550","25443818","chr7","5013552","5013824","26","20429998"
"chr15","25737127","25737433","chr7","5364253","5364553","29","20372874"
"chr15","26265101","26265295","chr6","138533293","138533504","49","112268192"
"chr15","26650873","26651018","chr7","6257063","6257209","10","20393810"
"chr15","27440561","27440722","chr12","112185011","112185179","38","84744450"
"chr15","28286559","28286852","chr11","25990609","25990893","66","2295950"
"chr15","28293479","28293549","chr2","100748648","100748726","15","72455169"
"chr15","28356948","28357101","chr5","1256037","1256188","27","27100911"
"chr15","28437133","28437302","chr7","6788255","6788419","14","21648878"
"chr15","28482495","28482786","chr7","6836070","6836357","20","21646425"
"chr15","28710520","28710775","chr3","136599919","136600166","74","107889399"
"chr15","29172379","29172682","chr7","7484711","7485000","34","21687668"
"chr15","29445980","29446279","chr7","7795163","7795441","44","21650817"
"chr15","29914264","29914548","chr3","41729817","41730091","66","11815553"
"chr15","30127027","30127315","chr7","8634685","8634986","26","21492342"
"chr15","30266511","30266799","chr17","76557736","76558020","68","46291225"
"chr15","30578785","30579089","chr10","22144935","22145238","67","8433850"
"chr15","30690283","30690392","chr7","9239768","9239879","10","21450515"
"chr15","30721902","30722195","chr7","9271124","9271417","23","21450778"
"chr15","31243456","31243572","chr7","9795892","9796020","18","21447564"
"chr15","31248414","31248714","chr7","9801252","9801554","19","21447162"
"chr15","31354215","31354489","chr7","9927316","9927591","17","21426899"
"chr15","31378608","31378881","chr6","77250008","77250282","74","45871400"
"chr15","31415425","31415715","chr7","9987310","9987602","10","21428115"
"chr15","31506533","31506843","chr3","80571747","80572057","62","49065214"
"chr15","31557236","31557508","chr7","10129972","10130249","23","21427264"
"chr15","31613652","31613912","chr7","10192042","10192305","32","21421610"
"chr15","31638003","31638291","chrX","21887337","21887630","71","9750666"
"chr15","33332052","33332314","chr7","12280158","12280419","24","21051894"
"chr15","33763831","33763963","chr3","41155920","41156055","19","7392089"
"chr15","34098081","34098364","chr7","13155876","13156157","16","20942205"
"chr15","34242035","34242226","chr4","35788179","35788370","51","1546144"
"chr15","35318972","35319156","chr7","14407268","14407476","39","20911704"
"chr15","35455830","35456123","chr7","14540571","14540857","21","20915259"
"chr15","35831772","35832085","chr7","14980318","14980638","23","20851454"
"chr15","36669281","36669572","chr1","164835864","164836152","70","128166583"
"chr15","37156244","37156382","chr7","16286306","16286445","10","20869938"
"chr15","37206834","37206961","chr5","156561538","156561662","27","119354704"
"chr15","37308340","37308646","chr7","16443964","16444272","26","20864376"
"chr15","37339047","37339245","chr17","18365318","18365517","51","18973729"
"chr15","37376499","37376620","chr12","45747641","45747765","27","8371142"
"chr15","37376915","37377090","chr7","16504317","16504489","13","20872598"
"chr15","37586689","37586929","chr7","16719878","16720119","19","20866811"
"chr15","37591430","37591737","chr7","16732857","16733167","21","20858573"
"chr15","37682789","37682938","chr12","87866506","87866652","31","50183717"
"chr15","37774214","37774424","chr3","127644639","127644850","46","89870425"
"chr15","37790344","37790459","chr7","16944061","16944197","22","20846283"
"chr15","37838449","37838662","chr7","16993351","16993573","24","20845098"
"chr15","37886585","37886769","chr7","17040486","17040678","25","20846099"
"chr15","37887076","37887201","chr7","17040977","17041103","8","20846099"
"chr15","37992975","37993079","chr6","42170403","42170509","24","4177428"
"chr15","38016170","38016311","chr1","8787419","8787562","25","29228751"
"chr15","38032689","38032814","chr1","161407756","161407890","29","123375067"
"chr15","38233730","38233868","chr16","38908340","38908477","26","674610"
"chr15","38249899","38250025","chrX","8420728","8420853","23","29829171"
"chr15","38257800","38257966","chr7","17451954","17452119","13","20805846"
"chr15","38259646","38259776","chr7","17453814","17453944","12","20805832"
"chr15","38308074","38308153","chr4","88038220","88038296","25","49730146"
"chr15","38386375","38386524","chr10","79748257","79748406","39","41361882"
"chr15","38502762","38503057","chr7","17688087","17688382","17","20814675"
"chr15","38552501","38552633","chr8","133718528","133718652","30","95166027"
"chr15","38603095","38603230","chr7","17789065","17789200","3","20814030"
"chr15","38613472","38613604","chr11","132289155","132289287","19","93675683"
"chr15","38635671","38635978","chr16","50211828","50212136","65","11576157"
"chr15","38780126","38780413","chr7","17977471","17977761","19","20802655"
"chr15","38904498","38904849","chr11","133263492","133263833","118","94358994"
"chr15","38958398","38958529","chrX","126628179","126628313","17","87669781"
"chr15","39067491","39067625","chr7","18358050","18358180","14","20709441"
"chr15","39459961","39460275","chr7","18753139","18753457","31","20706822"
"chr15","39550812","39551109","chr11","74793521","74793814","59","35242709"
"chr15","39563449","39563668","chr4","88671990","88672207","53","49108541"
"chr15","39591990","39592292","chr7","18890635","18890963","40","20701355"
"chr15","39677165","39677428","chr7","18988055","18988302","31","20689110"
"chr15","39754142","39754440","chr7","19075051","19075349","18","20679091"
"chr15","39830588","39830710","chr7","19152443","19152560","9","20678145"
"chr15","39830995","39831031","chr7","19152854","19152889","5","20678141"
"chr15","39927568","39927853","chr7","19256434","19256719","14","20671134"
"chr15","40045326","40045628","chr7","19365338","19365634","28","20679988"
"chr15","40048960","40049199","chr7","19368991","19369231","20","20679969"
"chr15","40106326","40106624","chr7","19424475","19424777","28","20681851"
"chr15","40163893","40164143","chr7","19476011","19476238","35","20687882"
"chr15","40167527","40167747","chr1","77172383","77172596","46","37004856"
"chr15","40191433","40191596","chr7","19505150","19505313","9","20686283"
"chr15","40271230","40271495","chr6","88791668","88791924","60","48520438"
"chr15","40442652","40442921","chr4","87184042","87184312","65","46741390"
"chr15","40489921","40490215","chr7","19787418","19787710","17","20702503"
"chr15","40506460","40506755","chr7","19803961","19804255","24","20702499"
"chr15","40535174","40535465","chr3","84929430","84929707","64","44394256"
"chr15","40581825","40582118","chr3","42185773","42186069","59","1603948"
"chr15","40624458","40624717","chr7","19923546","19923828","47","20700912"
"chr15","40662335","40662605","chr7","19963220","19963486","31","20699115"
"chr15","40816980","40817119","chr3","43450984","43451115","25","2634004"
"chr15","40835081","40835218","chr5","153200617","153200753","28","112365536"
"chr15","40912094","40912364","chr7","20218745","20218982","45","20693349"
"chr15","41130121","41130425","chr7","20434972","20435270","20","20695149"
"chr15","41237222","41237527","chr1","146500695","146501000","62","105263473"
"chr15","41243443","41243745","chr7","20559653","20559963","29","20683790"
"chr15","41322476","41322744","chr7","20643980","20644278","46","20678496"
"chr15","41412300","41412540","chr7","16714134","16714367","58","24698166"
"chr15","41423229","41423353","chr20","8968421","8968548","28","32454808"
"chr15","41834247","41834382","chr7","21091881","21092016","10","20742366"
"chr15","42226565","42226866","chr1","22927817","22928115","72","19298748"
"chr15","42390401","42390651","chr7","21391456","21391707","17","20998945"
"chr15","42465336","42465563","chr7","21467455","21467688","26","20997881"
"chr15","42562484","42562741","chr1","9262276","9262521","51","33300208"
"chr15","42704740","42704901","chr7","21720479","21720621","29","20984261"
"chr15","42705195","42705310","chr7","21720918","21721036","13","20984277"
"chr15","42799477","42799599","chr7","21819011","21819133","6","20980466"
"chr15","43133933","43134215","chr7","22165096","22165373","26","20968837"
"chr15","44976616","44976869","chr7","24013664","24013923","22","20962952"
"chr15","44980509","44980641","chr7","24017890","24018022","14","20962619"
"chr15","45064979","45065110","chr4","43752680","43752817","22","1312299"
"chr15","45065408","45065569","chr11","68646662","68646818","42","23581254"
"chr15","45080609","45080914","chr7","24117140","24117443","24","20963469"
"chr15","45578497","45578785","chr1","187898632","187898919","68","142320135"
"chr15","45716275","45716540","chr7","24764876","24765146","22","20951399"
"chr15","45965233","45965524","chr7","25014454","25014742","24","20950779"
"chr15","46305197","46305469","chr15","6802682","6802960","80","39502515"
"chr15","46615348","46615607","chr4","73842415","73842675","65","27227067"
"chr15","47825211","47825359","chr2","84155798","84155943","21","36330587"
"chr15","47846840","47846972","chr7","26899217","26899349","6","20947623"
"chr15","48149425","48149610","chr7","27207378","27207581","30","20942047"
"chr15","48175923","48176231","chr7","135243741","135244041","74","87067818"
"chr15","48726742","48727034","chr7","27837524","27837809","28","20889218"
"chr15","48790257","48790474","chr7","27907921","27908137","17","20882336"
"chr15","48836677","48836943","chr7","27955105","27955370","30","20881572"
"chr15","49102971","49103271","chr7","28208422","28208722","17","20894549"
"chr15","49259220","49259525","chr7","28363910","28364218","26","20895310"
"chr15","49329651","49329781","chr7","28485628","28485760","15","20844023"
"chr15","49506605","49506739","chr7","28673876","28674001","16","20832729"
"chr15","49755977","49756105","chr7","28922370","28922498","11","20833607"
"chr15","49843426","49843689","chr7","29009786","29010053","21","20833640"
"chr15","49898440","49898656","chr13","87457198","87457408","50","37558758"
"chr15","49950528","49950832","chr15","14346857","14347161","65","35603671"
"chr15","49951997","49952301","chr7","29122523","29122825","16","20829474"
"chr15","50001219","50001388","chr8","102684461","102684623","42","52683242"
"chr15","50212372","50212677","chr7","154128220","154128522","62","103915848"
"chr15","51558920","51559221","chr7","30733964","30734263","25","20824956"
"chr15","52420862","52421159","chr7","31600617","31600885","57","20820245"
"chr15","52605678","52605965","chr6","172886411","172886687","82","120280733"
"chr15","52628437","52628728","chr7","31815561","31815852","12","20812876"
"chr15","52633385","52633666","chr7","31823942","31824218","18","20809443"
"chr15","52686201","52686491","chr3","63839917","63840201","62","11153716"
"chr15","52716763","52717063","chr2","62121493","62121782","72","9404730"
"chr15","52809632","52809764","chr2","200695342","200695474","25","147885710"
"chr15","52820045","52820353","chr10","27157967","27158263","66","25662078"
"chr15","52898021","52898278","chr13","74428560","74428799","55","21530539"
"chr15","52915953","52916128","chr5","134987256","134987421","39","82071303"
"chr15","52916420","52916550","chr6","151656706","151656837","25","98740286"
"chr15","53122170","53122414","chr7","32293669","32293917","15","20828501"
"chr15","53365219","53365522","chr7","32535893","32536196","18","20829326"
"chr15","53471993","53472246","chr7","32650472","32650723","12","20821521"
"chr15","53867631","53867922","chr7","33050088","33050378","20","20817543"
"chr15","54085770","54086047","chr1","115420448","115420730","68","61334678"
"chr15","54288039","54288344","chr7","33476168","33476476","20","20811871"
"chr15","54290860","54291011","chr7","33478843","33478987","20","20812017"
"chr15","54324852","54325132","chr9","73365165","73365443","65","19040313"
"chr15","54433032","54433321","chr7","33621477","33621775","26","20811555"
"chr15","54437505","54437768","chr11","106674149","106674417","66","52236644"
"chr15","54456668","54456930","chr7","33645686","33645951","14","20810982"
"chr15","54472732","54473039","chr7","33661253","33661545","35","20811479"
"chr15","54477264","54477556","chr13","66041755","66042050","56","11564491"
"chr15","54595558","54595805","chr7","33787265","33787510","23","20808293"
"chr15","54647246","54647380","chr7","33891449","33891583","10","20755797"
"chr15","54729149","54729388","chr11","47588435","47588670","20","7140714"
"chr15","55183644","55183937","chr7","34403560","34403853","21","20780084"
"chr15","55352473","55352751","chr7","34578312","34578587","32","20774161"
"chr15","55999337","55999478","chr7","35275962","35276105","13","20723375"
"chr15","56131012","56131248","chr7","35404788","35405014","28","20726224"
"chr15","56359422","56359477","chr7","35648449","35648505","8","20710973"
"chr15","56453705","56454014","chr7","35742295","35742604","15","20711410"
"chr15","56531720","56531965","chr7","35823304","35823579","45","20708416"
"chr15","56835982","56836067","chr7","36137076","36137157","7","20698906"
"chr15","56955227","56955401","chr7","36258081","36258258","19","20697146"
"chr15","57089168","57089463","chrX","99940467","99940772","75","42851299"
"chr15","57540661","57540942","chr16","50457434","50457708","76","7083227"
"chr15","58356559","58356851","chr7","37703228","37703519","26","20653331"
"chr15","60221415","60221700","chr7","39574172","39574453","26","20647243"
"chr15","60424511","60424687","chr7","39764706","39764886","23","20659805"
"chr15","60436159","60436433","chr7","39776234","39776525","44","20659925"
"chr15","60473851","60474064","chr7","39814378","39814581","19","20659473"
"chr15","60612194","60612372","chr15","57365766","57365944","46","3246428"
"chr15","60845984","60846115","chrX","144541916","144542049","19","83695932"
"chr15","60902996","60903280","chr7","40247750","40248043","24","20655246"
"chr15","60975492","60975803","chr7","40319336","40319648","21","20656156"
"chr15","61261378","61261644","chr7","40612650","40612916","17","20648728"
"chr15","61304547","61304679","chr7","40656783","40656915","12","20647764"
"chr15","61306734","61306972","chr9","59391775","59392022","61","1914959"
"chr15","61318239","61318525","chr7","40669670","40669952","15","20648569"
"chr15","61456863","61457143","chr7","40816624","40816915","24","20640239"
"chr15","61460332","61460623","chr7","40820159","40820462","36","20640173"
"chr15","61521283","61521563","chr7","40883550","40883829","17","20637733"
"chr15","61548017","61548153","chr1","138438131","138438265","23","76890114"
"chr15","61567704","61567988","chr7","40930735","40931040","40","20636969"
"chr15","61771011","61771269","chr7","41167743","41167999","22","20603268"
"chr15","61841566","61841692","chr13","71371073","71371201","23","9529507"
"chr15","61874983","61875296","chr7","41283201","41283513","26","20591782"
"chr15","61907893","61908171","chr7","41318735","41319011","18","20589158"
"chr15","61958212","61958366","chr1","207542623","207542774","33","145584411"
"chr15","62160300","62160590","chr7","41598201","41598500","29","20562099"
"chr15","62207065","62207188","chr7","41643774","41643910","18","20563291"
"chr15","62290386","62290592","chr10","29941406","29941616","53","32348980"
"chr15","62315207","62315302","chr7","41752346","41752448","15","20562861"
"chr15","62365502","62365685","chr2","91345663","91345844","49","28980161"
"chr15","62737489","62737682","chr6","54019706","54019910","49","8717783"
"chr15","62758121","62758411","chr7","42225090","42225379","19","20533031"
"chr15","62947989","62948126","chr7","42420667","42420797","18","20527322"
"chr15","62994887","62995017","chr7","42465846","42465981","12","20529041"
"chr15","63332631","63332947","chr7","42824096","42824429","33","20508535"
"chr15","63435580","63435862","chr7","42930737","42931006","28","20504843"
"chr15","63573644","63573779","chr6","73069010","73069143","32","9495366"
"chr15","63615658","63615776","chr20","58683604","58683721","24","4932054"
"chr15","63621520","63621805","chr7","43130102","43130391","28","20491418"
"chr15","63666954","63667235","chr7","43180682","43180971","28","20486272"
"chr15","64042944","64043271","chr7","43581388","43581709","27","20461556"
"chr15","64226598","64226728","chr7","43791990","43792122","9","20434608"
"chr15","64595418","64595659","chr7","44213794","44214035","11","20381624"
"chr15","65238839","65239145","chr7","44927756","44928028","54","20311083"
"chr15","65344722","65345030","chr7","45037465","45037773","21","20307257"
"chr15","65359761","65359918","chr7","45052730","45052890","11","20307031"
"chr15","66754539","66754866","chr7","45989073","45989364","53","20765466"
"chr15","67141793","67142020","chr15","39362329","39362566","67","27779464"
"chr15","67170624","67170838","chr1","61640067","61640273","45","5530557"
"chr15","67410576","67410848","chr7","46670618","46670895","28","20739958"
"chr15","68576511","68576764","chr7","47844784","47845014","41","20731727"
"chr15","68596917","68597221","chr7","47868787","47869100","27","20728130"
"chr15","68861963","68862103","chr7","48141039","48141181","9","20720924"
"chr15","69106128","69106268","chr3","126620481","126620621","26","57514353"
"chr15","69190700","69190996","chr7","48476273","48476571","22","20714427"
"chr15","69643256","69643564","chr5","77978039","77978343","76","8334783"
"chr15","69953158","69953445","chr7","49252441","49252723","28","20700717"
"chr15","70022740","70023011","chr9","73365165","73365443","62","3342425"
"chr15","70311069","70311354","chr7","49745835","49746129","38","20565234"
"chr15","70398029","70398295","chr7","51166274","51166559","35","19231755"
"chr15","70444546","70444837","chr9","60118480","60118761","73","10326066"
"chr15","70519027","70519321","chr7","51024364","51024645","25","19494663"
"chr15","70582650","70582941","chr9","2909097","2909386","18","67673553"
"chr15","70689377","70689635","chr1","132394722","132394971","65","61705345"
"chr15","70815793","70816095","chr7","50723575","50723880","25","20092218"
"chr15","71242421","71242696","chr7","50289150","50289454","44","20953271"
"chr15","71278137","71278451","chr7","50253522","50253822","23","21024615"
"chr15","71668473","71668777","chr7","49864579","49864883","23","21803894"
"chr15","71681951","71682080","chr1","5954140","5954271","25","65727811"
"chr15","71949268","71949501","chr7","166180466","166180694","61","94231198"
"chr15","72150392","72150665","chr7","54904800","54905070","25","17245592"
"chr15","72196897","72197199","chrX","59949491","59949784","66","12247406"
"chr15","72562884","72563133","chr7","55325023","55325264","22","17237861"
"chr15","72614925","72614983","chr4","15426396","15426451","9","57188529"
"chr15","72677589","72677721","chr7","56164759","56164878","19","16512830"
"chr15","72817207","72817297","chr19","9639849","9639938","25","63177358"
"chr15","73070698","73070972","chr7","51715862","51716133","21","21354836"
"chr15","73163491","73163647","chr7","51810553","51810693","22","21352938"
"chr15","73272664","73272952","chr9","94961059","94961353","58","21688395"
"chr15","73479837","73479957","chr16","26210512","26210633","20","47269325"
"chr15","73566551","73566801","chr7","52238313","52238557","18","21328238"
"chr15","73739872","73739966","chr3","50372879","50372978","25","23366993"
"chr15","73797247","73797406","chr6","73020073","73020237","43","777174"
"chr15","73969288","73969354","chr2","172397053","172397118","15","98427765"
"chr15","74013267","74013404","chr7","52884912","52885050","14","21128355"
"chr15","74049940","74050072","chr12","100835212","100835345","22","26785272"
"chr15","74126105","74126239","chr7","53002060","53002203","14","21124045"
"chr15","74496750","74497047","chr7","53432271","53432567","18","21064479"
"chr15","74798006","74798274","chr7","53739780","53740047","13","21058226"
"chr15","74826235","74826516","chr7","53768256","53768559","102","21057979"
"chr15","75149130","75149353","chr9","22846568","22846799","67","52302562"
"chr15","75150302","75150362","chrX","67124824","67124893","20","8025478"
"chr15","75279688","75279823","chr6","73069010","73069143","23","2210678"
"chr15","76278263","76278407","chr14","122887172","122887311","28","46608909"
"chr15","76329457","76329749","chr7","55824205","55824496","12","20505252"
"chr15","76733212","76733337","chr3","126167933","126168057","19","49434721"
"chr15","76754189","76754498","chr7","56337791","56338101","11","20416398"
"chr15","77452490","77452805","chr7","57051758","57052065","30","20400732"
"chr15","77766510","77766574","chr12","43053684","43053746","13","34712826"
"chr15","77808154","77808438","chr7","57408761","57409051","26","20399393"
"chr15","77976711","77976927","chr7","57576451","57576662","30","20400260"
"chr15","78015069","78015360","chr7","57616233","57616500","43","20398836"
"chr15","78063855","78063986","chr9","121806417","121806551","25","43742562"
"chr15","78985130","78985442","chr7","58610649","58610957","23","20374481"
"chr15","79058109","79058221","chr15","9250418","9250527","24","69807691"
"chr15","80503190","80503292","chr14","65579625","65579725","21","14923565"
"chr15","80673623","80673910","chr11","104585421","104585717","59","23911798"
"chr15","80882233","80882495","chr7","61341644","61341929","35","19540589"
"chr15","80903384","80903673","chr7","61364030","61364316","11","19539354"
"chr15","80949817","80950118","chr7","61415497","61415792","25","19534320"
"chr15","81508222","81508310","chr19","205822","205905","27","81302400"
"chr15","81766592","81766844","chr2","79929971","79930207","64","1836621"
"chr15","82349900","82350029","chr10","13580066","13580192","24","68769834"
"chr15","82437382","82437502","chr10","10572666","10572789","25","71864716"
"chr15","82641246","82641373","chr7","62795866","62795990","14","19845380"
"chr15","82943720","82944010","chr10","27375561","27375863","68","55568159"
"chr15","83258212","83258237","chr9","96606349","96606371","8","13348137"
"chr15","83258283","83258561","chr7","69240721","69240995","59","14017562"
"chr15","83309121","83309436","chr7","63371133","63371445","18","19937988"
"chr15","84447920","84448143","chr7","64522083","64522311","22","19925837"
"chr15","84475663","84475933","chr7","64543638","64543912","19","19932025"
"chr15","84491667","84491930","chr7","64558463","64558717","20","19933204"
"chr15","84733432","84733740","chr7","64802720","64803026","35","19930712"
"chr15","85027964","85028155","chr7","65087571","65087763","27","19940393"
"chr15","85459032","85459259","chr7","65572607","65572845","26","19886425"
"chr15","86880374","86880643","chr3","42709916","42710186","64","44170458"
"chr15","86884924","86885055","chr7","66995849","66995980","6","19889075"
"chr15","87020768","87021049","chr7","67127981","67128264","24","19892787"
"chr15","87153453","87153704","chr7","67262274","67262524","22","19891179"
"chr15","87161806","87161941","chr7","67276773","67276899","14","19885033"
"chr15","87169637","87169931","chr7","53432271","53432567","78","33737366"
"chr15","87240286","87240406","chr1","100917561","100917687","20","13677275"
"chr15","87501994","87502300","chr7","67627955","67628255","27","19874039"
"chr15","87608609","87608749","chr7","67733367","67733502","13","19875242"
"chr15","87676195","87676327","chr7","67802640","67802772","8","19873555"
"chr15","87787244","87787359","chr7","67928366","67928486","8","19858878"
"chr15","87823626","87823711","chr7","67962941","67963028","19","19860685"
"chr15","87960929","87961056","chr7","68121016","68121143","8","19839913"
"chr15","88214488","88214776","chr7","68432112","68432398","21","19782376"
"chr15","88326020","88326311","chr7","68550736","68551029","13","19775284"
"chr15","88597168","88597456","chr7","57408761","57409051","59","31188407"
"chr15","88756301","88756419","chr2","90831792","90831907","27","2075491"
"chr15","88827446","88827751","chr7","69068119","69068424","21","19759327"
"chr15","88970429","88970534","chr16","6969916","6970021","36","82000513"
"chr15","89020579","89020707","chr7","69397062","69397185","11","19623517"
"chr15","89101450","89101586","chr10","35920366","35920501","19","53181084"
"chr15","89179706","89179959","chr7","69549562","69549813","19","19630144"
"chr15","90369476","90369650","chr7","70748771","70748944","9","19620705"
"chr15","90444936","90445245","chr7","70824649","70824962","35","19620287"
"chr15","90586668","90586945","chr6","43676198","43676475","58","46910470"
"chr15","90676538","90676774","chr7","71055825","71056055","25","19620713"
"chr15","90816926","90817219","chr7","71203001","71203293","20","19613925"
"chr15","90865921","90866213","chr7","71253869","71254141","28","19612052"
"chr15","91274963","91275267","chr7","71673112","71673410","36","19601851"
"chr15","91714352","91714638","chr7","72131673","72131966","20","19582679"
"chr15","91790939","91791224","chrX","69796190","69796476","62","21994749"
"chr15","92024564","92024848","chr7","72450750","72451047","30","19573814"
"chr15","92192959","92193275","chr7","72621813","72622124","25","19571146"
"chr15","92237358","92237642","chr7","72664896","72665148","68","19572462"
"chr15","92733976","92734281","chr7","73153805","73154108","22","19580171"
"chr15","93111760","93112049","chr1","22043409","22043693","80","71068351"
"chr15","93314654","93314946","chrX","143820110","143820394","79","50505456"
"chr15","93562766","93563072","chr7","74061441","74061725","40","19501325"
"chr15","94069633","94069891","chr7","74599000","74599221","48","19470633"
"chr15","94086993","94087124","chr15","41512684","41512816","17","52574309"
"chr15","95909098","95909409","chr3","43948874","43949178","64","51960224"
"chr15","96236759","96237080","chr7","76946525","76946834","39","19290234"
"chr15","96243340","96243609","chr7","154357953","154358216","93","58114613"
"chr15","96409161","96409382","chr7","77164164","77164393","22","19244997"
"chr15","96766018","96766201","chrX","52907820","52908001","43","43858198"
"chr15","96876329","96876584","chr7","77655735","77655992","29","19220594"
"chr15","97982357","97982480","chr19","38181879","38182004","22","59800478"
"chr15","98341201","98341339","chr20","74708192","74708327","29","23633009"
"chr15","98594774","98594904","chr12","30055825","30055957","22","68538949"
"chr15","98788353","98788640","chr14","67399662","67399945","69","31388691"
"chr16","78118858","78119010","chr15","64783799","64783946","27","13335059"
"chr16","41311","41358","chr11","15644093","15644140","12","15602782"
"chr16","147795","147931","chr1","5954140","5954271","25","5806345"
"chr16","148228","148389","chr2","84311090","84311218","58","84162862"
"chr16","148846","149004","chr20","119026","119179","14","29820"
"chr16","190838","190967","chr10","13580066","13580192","17","13389228"
"chr16","292374","292510","chr1","134018877","134019008","25","133726503"
"chr16","318848","318990","chr5","109194110","109194250","33","108875262"
"chr16","324296","324435","chr1","23061463","23061601","31","22737167"
"chr16","324723","324750","chr2","22517406","22517438","11","22192683"
"chr16","619894","619952","chr1","201849461","201849518","12","201229567"
"chr16","620248","620409","chr6","77134968","77135117","38","76514720"
"chr16","1682041","1682353","chr20","1626925","1627205","55","55116"
"chr16","2028928","2029069","chr20","1925091","1925212","28","103837"
"chr16","2393571","2393693","chr20","1925091","1925212","31","468480"
"chr16","2405385","2405477","chr20","2331397","2331482","17","73988"
"chr16","2407580","2407711","chr3","42446549","42446679","25","40038969"
"chr16","2539332","2539472","chr14","10853551","10853688","24","8314219"
"chr16","2871583","2871848","chr20","4110759","4111028","30","1239176"
"chr16","3139369","3139475","chr20","3902305","3902412","11","762936"
"chr16","3158354","3158485","chr2","51984605","51984728","27","48826251"
"chr16","3224663","3224799","chr20","3837544","3837682","18","612881"
"chr16","3281965","3282171","chr3","127644639","127644850","51","124362674"
"chr16","3320207","3320365","chr3","133031705","133031853","39","129711498"
"chr16","3364299","3364432","chr1","134018877","134019008","24","130654578"
"chr16","3366325","3366462","chr19","19541216","19541349","24","16174891"
"chr16","3439289","3439456","chr18","14411118","14411280","36","10971829"
"chr16","3527118","3527432","chr20","3526443","3526729","56","675"
"chr16","3530387","3530641","chr20","3523273","3523527","20","7114"
"chr16","3537555","3537845","chr20","3516128","3516381","64","21427"
"chr16","3687957","3688177","chr20","3357992","3358215","14","329965"
"chr16","3717205","3717513","chr20","3331415","3331684","58","385790"
"chr16","3719086","3719234","chr20","3329692","3329831","18","389394"
"chr16","3749719","3749980","chr1","34961903","34962154","69","31212184"
"chr16","4154385","4154518","chr20","2883411","2883547","8","1270974"
"chr16","4173791","4174086","chr15","27071684","27071985","65","22897893"
"chr16","4315257","4315579","chr19","49327875","49328182","69","45012618"
"chr16","4376447","4376563","chr4","122813853","122813963","25","118437406"
"chr16","4411705","4411955","chr17","8720848","8721093","69","4309143"
"chr16","4451270","4451417","chr12","87866506","87866652","36","83415236"
"chr16","4532084","4532216","chr3","41409893","41410017","28","36877809"
"chr16","4879348","4879479","chr8","26277262","26277394","20","21397914"
"chr16","5057042","5057187","chr16","38378032","38378178","26","33320990"
"chr16","5081059","5081229","chr5","134987256","134987421","39","129906197"
"chr16","5370753","5370905","chr20","5199781","5199938","15","170972"
"chr16","5371200","5371345","chr20","5200245","5200387","14","170955"
"chr16","5465840","5466134","chr20","5294290","5294588","35","171550"
"chr16","6592426","6592458","chr19","44881868","44881897","10","38289442"
"chr16","6592753","6592875","chr3","177607625","177607747","26","171014872"
"chr16","6759169","6759301","chr20","6604706","6604839","10","154463"
"chr16","7196123","7196255","chr3","84801975","84802107","18","77605852"
"chr16","9115213","9115343","chr20","8968421","8968548","16","146792"
"chr16","9218235","9218522","chr11","103833436","103833731","71","94615201"
"chr16","9325679","9325810","chr20","9188693","9188824","9","136986"
"chr16","9372964","9373092","chr8","78547648","78547781","23","69174684"
"chr16","9454464","9454786","chr20","9325271","9325580","34","129193"
"chr16","10340746","10341060","chr20","10276621","10276926","35","64125"
"chr16","10430331","10430428","chr9","15544298","15544391","25","5113967"
"chr16","10549892","10550173","chr20","10452273","10452558","29","97619"
"chr16","10556466","10556554","chr20","10459049","10459137","9","97417"
"chr16","10977795","10978096","chr20","10859102","10859388","36","118693"
"chr16","11021144","11021352","chr3","127644639","127644850","53","116623495"
"chr16","11530714","11530825","chr16","22878148","22878258","25","11347434"
"chr16","11531123","11531145","chr10","8086745","8086765","7","3444378"
"chr16","11532038","11532240","chr20","11415235","11415444","23","116803"
"chr16","11618287","11618413","chr1","100917561","100917687","21","89299274"
"chr16","11639135","11639417","chr4","107482202","107482483","64","95843067"
"chr16","11677369","11677622","chr20","11554094","11554350","42","123275"
"chr16","11711014","11711148","chr20","11588846","11588980","4","122168"
"chr16","11834549","11834835","chr20","11715389","11715682","34","119160"
"chr16","11893042","11893337","chr20","11774510","11774795","34","118532"
"chr16","11959911","11960201","chr4","43544153","43544436","57","31584242"
"chr16","11991123","11991178","chrX","4708722","4708774","11","7282401"
"chr16","12051870","12052166","chr11","103833436","103833731","58","91781566"
"chr16","12068933","12068947","chr1","137823548","137823562","4","125754615"
"chr16","12069253","12069421","chr20","11956059","11956213","31","113194"
"chr16","12111953","12112220","chr20","29471202","29471446","37","17359249"
"chr16","12128734","12129040","chr20","29620729","29621045","41","17491995"
"chr16","12246653","12246968","chr20","29620729","29621045","27","17374076"
"chr16","12332863","12333010","chr20","12029462","12029608","17","303401"
"chr16","12425323","12425622","chr1","128698304","128698604","76","116272981"
"chr16","12539742","12540062","chr1","128610897","128611202","79","116071155"
"chr16","12726433","12726594","chr16","55697996","55698154","30","42971563"
"chr16","12726669","12726791","chr2","110027481","110027601","20","97300812"
"chr16","13087155","13087283","chrX","144541916","144542049","25","131454761"
"chr16","13121208","13121341","chr20","12802869","12803003","11","318339"
"chr16","13161253","13161377","chr10","10572666","10572789","23","2588587"
"chr16","13455979","13456256","chr20","13142088","13142365","28","313891"
"chr16","14105965","14106250","chr20","13849500","13849786","22","256465"
"chr16","14284847","14284976","chr20","14049514","14049642","5","235333"
"chr16","14285276","14285423","chr20","14049940","14050099","25","235336"
"chr16","14684229","14684350","chr16","26210512","26210633","21","11526283"
"chr16","15754619","15754918","chr20","15213617","15213906","30","541002"
"chr16","15932481","15932738","chr15","13700169","13700418","56","2232312"
"chr16","16072159","16072289","chr20","15573196","15573330","16","498963"
"chr16","16072532","16072677","chr12","87866506","87866652","26","71793974"
"chr16","16083768","16084074","chr20","15585617","15585923","24","498151"
"chr16","16091317","16091452","chr2","94002813","94002949","26","77911496"
"chr16","16875538","16875826","chr3","126422448","126422740","67","109546910"
"chr16","17077584","17077713","chr20","17562874","17563003","6","485290"
"chr16","17516303","17516530","chr20","17131173","17131402","17","385130"
"chr16","17617456","17617741","chr7","40883550","40883829","65","23266094"
"chr16","17986964","17987076","chr20","16561307","16561418","14","1425657"
"chr16","19079915","19080052","chr1","14561706","14561841","31","4518209"
"chr16","19089165","19089461","chr20","18135625","18135907","38","953540"
"chr16","19090346","19090525","chr20","18136795","18136972","19","953551"
"chr16","19129745","19129906","chr19","29267597","29267752","39","10137852"
"chr16","19180586","19180720","chr5","104799309","104799443","24","85618723"
"chr16","19205856","19205997","chr20","18250767","18250890","28","955089"
"chr16","19439291","19439430","chr2","76084667","76084807","32","56645376"
"chr16","19462164","19462288","chr2","147849750","147849871","17","128387586"
"chr16","19485426","19485732","chr20","18524218","18524514","24","961208"
"chr16","19573316","19573482","chr20","18625219","18625384","16","948097"
"chr16","19723329","19723387","chr4","110979540","110979593","18","91256211"
"chr16","19723707","19723832","chr2","110027481","110027601","22","90303774"
"chr16","19859785","19859915","chr20","18918278","18918412","14","941507"
"chr16","20062938","20063249","chr9","95808430","95808738","63","75745492"
"chr16","20118398","20118694","chr1","37211345","37211648","69","17092947"
"chr16","20872415","20872550","chr20","19894748","19894880","9","977667"
"chr16","20909312","20909611","chr20","19931638","19931937","22","977674"
"chr16","20912715","20912922","chr20","19935009","19935218","27","977706"
"chr16","20921679","20921977","chr20","19944529","19944823","34","977150"
"chr16","20943108","20943239","chr9","115900218","115900349","22","94957110"
"chr16","21068259","21068518","chr1","160434474","160434732","73","139366215"
"chr16","21139405","21139606","chr20","20157918","20158119","12","981487"
"chr16","21148857","21149141","chr4","38241683","38241978","62","17092826"
"chr16","22360435","22360635","chr13","64838665","64838859","54","42478230"
"chr16","22361824","22362122","chr3","80571747","80572057","82","58209923"
"chr16","22446328","22446449","chr20","20727718","20727838","11","1718610"
"chr16","22594086","22594321","chr15","10550865","10551096","51","12043221"
"chr16","23225762","23226068","chr20","21640133","21640443","32","1585629"
"chr16","23296288","23296450","chr1","51722947","51723105","34","28426659"
"chr16","23548566","23548700","chr10","13580066","13580192","18","9968500"
"chr16","23751160","23751305","chr10","30339443","30339585","30","6588283"
"chr16","23751607","23751757","chr11","112386892","112387039","37","88635285"
"chr16","23789782","23789912","chr1","187495738","187495872","27","163705956"
"chr16","23943144","23943369","chr20","22397048","22397275","20","1546096"
"chr16","24099438","24099562","chr20","22552237","22552361","6","1547201"
"chr16","24527490","24527803","chr20","22982345","22982661","28","1545145"
"chr16","24774822","24775008","chr20","23244716","23244906","24","1530106"
"chr16","24783219","24783504","chr4","3423934","3424217","63","21359285"
"chr16","24859307","24859591","chr19","5338270","5338528","93","19521037"
"chr16","24908587","24908716","chr6","67969380","67969511","24","43060793"
"chr16","24939522","24939655","chr19","19541216","19541349","15","5398306"
"chr16","25088911","25089174","chr1","166854066","166854316","71","141765155"
"chr16","25131067","25131363","chr20","23607757","23608053","29","1523310"
"chr16","25139809","25140091","chr10","87795054","87795334","65","62655245"
"chr16","25205846","25205969","chr3","126167933","126168057","19","100962087"
"chr16","25213494","25213596","chr19","25579785","25579879","23","366291"
"chr16","25380329","25380461","chr20","23853035","23853167","6","1527294"
"chr16","25424529","25424800","chr3","84929430","84929707","60","59504901"
"chr16","25458850","25459023","chr20","23929018","23929191","5","1529832"
"chr16","26195109","26195325","chr16","45926911","45927130","46","19731802"
"chr16","26280541","26280850","chr20","24615111","24615422","23","1665430"
"chr16","26292420","26292726","chr5","77978039","77978343","60","51685619"
"chr16","26945748","26945899","chr20","25326450","25326620","30","1619298"
"chr16","27538298","27538445","chr2","14973331","14973476","30","12564967"
"chr16","27568760","27568892","chr20","25939223","25939353","13","1629537"
"chr16","27626369","27626504","chr10","35160767","35160902","24","7534398"
"chr16","27837999","27838274","chr20","26258356","26258637","23","1579643"
"chr16","27982873","27983050","chr1","113377502","113377685","42","85394629"
"chr16","27983354","27983497","chr1","25671682","25671836","30","2311672"
"chr16","27984033","27984211","chr4","13964790","13964967","44","14019243"
"chr16","28271893","28272168","chr2","188151782","188152065","64","159879889"
"chr16","28301120","28301433","chr20","26722447","26722736","37","1578673"
"chr16","28391171","28391303","chr6","171547580","171547710","25","143156409"
"chr16","28435602","28435757","chr12","30950471","30950621","41","2514869"
"chr16","28509559","28509691","chr20","26936782","26936914","5","1572777"
"chr16","28518428","28518563","chr20","26946509","26946645","17","1571919"
"chr16","28554826","28554963","chr14","18332409","18332546","25","10222417"
"chr16","28614170","28614295","chr20","27047292","27047426","14","1566878"
"chr16","28649210","28649327","chr2","105684161","105684281","30","77034951"
"chr16","29013832","29014109","chr6","15213775","15214053","70","13800057"
"chr16","29030188","29030441","chr20","27644555","27644829","34","1385633"
"chr16","29033803","29034074","chr20","27640309","27640605","46","1393494"
"chr16","29037947","29038084","chr14","10853551","10853688","20","18184396"
"chr16","29062725","29062900","chr20","27609011","27609188","9","1453714"
"chr16","29319261","29319394","chr2","94946216","94946346","25","65626955"
"chr16","30067212","30067267","chr4","88042722","88042774","20","57975510"
"chr16","30067564","30067693","chr1","138438131","138438265","25","108370567"
"chr16","30094303","30094417","chr16","7804940","7805056","33","22289363"
"chr16","30094718","30094754","chr9","92939968","92940003","10","62845250"
"chr16","30095062","30095153","chr6","79977535","79977617","33","49882473"
"chr16","30108054","30108231","chr20","27819047","27819240","22","2289007"
"chr16","30108536","30108678","chr20","27818614","27818747","21","2289922"
"chr16","30125235","30125490","chr20","27803530","27803789","20","2321705"
"chr16","30128435","30128575","chr20","27799525","27799665","12","2328910"
"chr16","30205873","30206181","chr4","167856855","167857161","66","137650982"
"chr16","30257489","30257728","chr1","128246654","128246893","50","97989165"
"chr16","30418482","30418787","chr6","37877708","37878011","17","7459226"
"chr16","30530480","30530622","chr12","21361386","21361531","37","9169094"
"chr16","30802331","30802477","chr13","74782008","74782141","31","43979677"
"chr16","30805187","30805479","chrX","15841144","15841434","74","14964043"
"chr16","30820641","30820711","chr20","28049068","28049139","18","2771573"
"chr16","30927435","30927705","chr10","38073452","38073712","86","7146017"
"chr16","31003031","31003193","chr20","28432319","28432483","7","2570712"
"chr16","31058232","31058350","chr9","110578320","110578437","20","79520088"
"chr16","31058663","31058863","chr2","44330018","44330201","61","13271355"
"chr16","31064842","31064976","chr20","28503539","28503673","6","2561303"
"chr16","31167663","31167751","chr9","15544298","15544391","17","15623365"
"chr16","31232261","31232468","chr1","156495761","156495962","57","125263500"
"chr16","31281050","31281342","chr11","103833436","103833731","57","72552386"
"chr16","31414476","31414660","chr2","44330018","44330201","41","12915542"
"chr16","31460176","31460310","chr20","28996046","28996183","12","2464130"
"chr16","31638894","31639068","chr20","29112370","29112552","27","2526524"
"chr16","32218564","32218809","chr20","29637670","29637915","17","2580894"
"chr16","45780473","45780637","chrX","130871797","130871958","34","85091324"
"chr16","45834354","45834485","chr7","26416509","26416641","22","19417845"
"chr16","45850847","45851156","chr20","30423928","30424232","34","15426919"
"chr16","45922188","45922494","chr4","167856855","167857161","59","121934667"
"chr16","46044722","46044995","chr8","27568036","27568312","98","18476686"
"chr16","46045294","46045597","chr20","30635508","30635796","37","15409786"
"chr16","46054876","46055106","chr7","19476011","19476238","57","26578865"
"chr16","46059116","46059426","chr15","26711810","26712122","63","19347306"
"chr16","46064923","46065060","chr20","30656508","30656644","8","15408415"
"chr16","46114681","46114896","chr20","3357992","3358215","69","42756689"
"chr16","46134123","46134178","chr5","39086430","39086491","12","7047693"
"chr16","46144049","46144085","chr19","11207320","11207356","5","34936729"
"chr16","46144383","46144528","chr6","72086654","72086800","30","25942271"
"chr16","46173212","46173349","chr7","69159470","69159604","20","22986258"
"chr16","47469437","47469740","chr20","32082120","32082422","24","15387317"
"chr16","47563053","47563348","chr20","32185190","32185488","43","15377863"
"chr16","47611660","47611979","chr20","32231646","32231964","22","15380014"
"chr16","48269159","48269442","chr20","32947812","32948089","26","15321347"
"chr16","48761115","48761422","chr1","21974172","21974465","75","26786943"
"chr16","48829930","48829985","chrX","17922607","17922664","11","30907323"
"chr16","48877599","48877887","chr6","110950645","110950920","77","62073046"
"chr16","49112301","49112428","chr3","43450984","43451115","28","5661317"
"chr16","49148362","49148656","chr20","33912396","33912699","31","15235966"
"chr16","49269893","49269990","chr20","34052126","34052221","8","15217767"
"chr16","49270280","49270427","chr20","34052513","34052659","13","15217767"
"chr16","49331824","49332139","chr20","34117595","34117915","26","15214229"
"chr16","49336508","49336640","chr9","63290705","63290836","18","13954197"
"chr16","49547296","49547543","chr9","41097241","41097482","62","8450055"
"chr16","50005938","50006250","chr20","34805559","34805847","46","15200379"
"chr16","51774847","51775156","chr6","70207971","70208267","77","18433124"
"chr16","51953914","51954044","chr9","115900218","115900349","21","63946304"
"chr16","52089398","52089684","chr7","55824205","55824496","62","3734807"
"chr16","52101014","52101297","chr20","36918088","36918372","13","15182926"
"chr16","52120303","52120596","chr5","77978039","77978343","66","25857736"
"chr16","52138844","52138923","chr20","36958847","36958925","7","15179997"
"chr16","52138958","52139139","chr20","36958963","36959116","47","15179995"
"chr16","52195971","52196225","chr20","37032541","37032815","40","15163430"
"chr16","52217106","52217241","chr20","37054123","37054249","16","15162983"
"chr16","52218296","52218393","chr16","16402636","16402722","28","35815660"
"chr16","52234778","52235059","chr13","33420750","33421036","50","18814028"
"chr16","52280266","52280536","chr20","37118895","37119164","13","15161371"
"chr16","52317869","52318161","chr3","43948874","43949178","61","8368995"
"chr16","52585632","52585965","chr20","37220671","37221010","24","15364961"
"chr16","52650077","52650206","chr20","37285585","37285714","5","15364492"
"chr16","52775792","52776091","chr1","67245632","67245929","62","14469840"
"chr16","52977868","52977994","chr20","37686062","37686187","14","15291806"
"chr16","53047126","53047419","chr20","37755651","37755950","24","15291475"
"chr16","53205416","53205548","chr6","132265695","132265829","26","79060279"
"chr16","53219747","53220048","chr20","37937923","37938225","25","15281824"
"chr16","53424843","53425134","chr6","77646894","77647192","54","24222051"
"chr16","53831483","53831791","chr11","49184547","49184846","70","4646936"
"chr16","53893288","53893567","chr20","38598662","38598944","17","15294626"
"chr16","53951472","53951757","chr20","38656136","38656368","70","15295336"
"chr16","54082610","54082841","chr4","88671990","88672207","56","34589380"
"chr16","54450559","54450689","chrX","144541916","144542049","19","90091357"
"chr16","55474740","55475022","chr20","40191130","40191383","44","15283610"
"chr16","55729182","55729486","chr8","25602439","25602738","76","30126743"
"chr16","55839317","55839474","chr10","80212336","80212494","32","24373019"
"chr16","55862667","55862946","chr20","40570083","40570375","35","15292584"
"chr16","56126182","56126453","chr20","40886053","40886321","39","15240129"
"chr16","56249349","56249644","chr20","41010658","41010973","54","15238691"
"chr16","56624122","56624419","chr20","41433559","41433857","17","15190563"
"chr16","56732081","56732346","chr20","41536135","41536406","22","15195946"
"chr16","56751973","56752125","chr20","1824992","1825143","28","54926981"
"chr16","57227578","57227789","chr20","42031775","42031986","13","15195803"
"chr16","57651156","57651428","chr20","42462302","42462572","22","15188854"
"chr16","57816866","57816992","chr20","42637067","42637193","8","15179799"
"chr16","57829310","57829598","chr16","55621867","55622150","58","2207443"
"chr16","58014555","58014844","chr20","42833902","42834210","38","15180653"
"chr16","58128094","58128210","chr1","210866456","210866572","27","152738362"
"chr16","58295500","58295757","chr20","43108433","43108662","40","15187067"
"chr16","58359569","58359877","chrX","49053394","49053705","61","9306175"
"chr16","58679803","58680072","chr20","43482890","43483157","16","15196913"
"chr16","59072469","59072729","chr20","43873670","43873954","45","15198799"
"chr16","59106796","59107081","chr2","153692636","153692913","68","94585840"
"chr16","59626516","59626810","chr1","164835864","164836152","63","105209348"
"chr16","59933375","59933676","chr20","44701869","44702166","17","15231506"
"chr16","60124873","60125128","chr20","44881738","44882003","29","15243135"
"chr16","60794177","60794405","chr20","45546841","45547073","16","15247336"
"chr16","60988530","60988811","chr20","45790504","45790786","18","15198026"
"chr16","61481547","61481795","chr13","74428560","74428799","71","12947013"
"chr16","61770610","61770885","chr20","46645300","46645575","24","15125310"
"chr16","61779565","61779864","chr20","46655086","46655389","32","15124479"
"chr16","62069572","62069863","chr2","187535577","187535857","88","125466005"
"chr16","62505367","62505672","chr20","47413850","47414128","48","15091517"
"chr16","62608344","62608505","chr7","39764706","39764886","51","22843638"
"chr16","62937180","62937467","chr20","47827980","47828265","22","15109200"
"chr16","62984049","62984142","chr7","85754933","85755030","25","22770884"
"chr16","63394990","63395127","chr20","48299886","48300018","15","15095104"
"chr16","63403026","63403320","chr7","51024364","51024645","75","12378662"
"chr16","63711996","63712258","chr20","48653613","48653885","22","15058383"
"chr16","63768115","63768384","chr13","54788571","54788831","79","8979544"
"chr16","63810940","63811220","chr20","48796380","48796662","22","15014560"
"chr16","64616089","64616249","chr20","49597518","49597677","17","15018571"
"chr16","64992105","64992246","chr1","185136881","185137017","27","120144776"
"chr16","64992548","64992707","chr1","77863720","77863877","39","12871172"
"chr16","65250784","65250902","chr2","75247754","75247871","24","9996970"
"chr16","65570377","65570659","chr20","50404256","50404535","21","15166121"
"chr16","65638787","65639053","chr20","50475124","50475398","35","15163663"
"chr16","65772869","65773148","chr20","50604903","50605182","13","15167966"
"chr16","65953231","65953340","chrX","124793090","124793200","22","58839859"
"chr16","66111041","66111339","chr20","50954811","50955113","27","15156230"
"chr16","66200591","66200893","chr20","51044186","51044488","31","15156405"
"chr16","66258794","66258927","chr8","26277262","26277394","18","39981532"
"chr16","66323313","66323436","chr20","51172278","51172401","6","15151035"
"chr16","66775216","66775340","chr13","64000001","64000120","28","2775215"
"chr16","66775661","66775884","chr20","51312402","51312588","56","15463259"
"chr16","66818402","66818592","chr20","51357515","51357720","24","15460887"
"chr16","66870478","66870596","chr1","219852699","219852828","44","152982221"
"chr16","67002168","67002300","chr10","30339443","30339585","31","36662725"
"chr16","67049483","67049646","chr9","58386223","58386382","43","8663260"
"chr16","67100452","67100627","chr20","51642835","51642998","19","15457617"
"chr16","67113612","67113903","chr20","51656527","51656810","24","15457085"
"chr16","67249175","67249468","chr8","101833013","101833311","65","34583838"
"chr16","67313033","67313312","chr3","126493480","126493750","64","59180447"
"chr16","67336717","67336908","chr20","51935475","51935625","52","15401242"
"chr16","67469836","67469961","chr20","52078982","52079108","6","15390854"
"chr16","67531975","67532099","chr20","52152039","52152174","19","15379936"
"chr16","67533548","67533669","chr9","38244699","38244821","25","29288849"
"chr16","67546459","67546753","chr16","29588434","29588725","67","37958025"
"chr16","67619039","67619155","chr6","100606362","100606477","23","32987323"
"chr16","67649144","67649455","chr3","102005797","102006102","76","34356653"
"chr16","67669481","67669779","chr20","52307050","52307349","36","15362431"
"chr16","67796579","67796745","chr20","52389650","52389816","8","15406929"
"chr16","67802078","67802370","chr2","53948575","53948872","69","13853503"
"chr16","67968236","67968375","chr10","30339443","30339585","28","37628793"
"chr16","68323467","68323768","chr1","125822424","125822719","62","57498957"
"chr16","68370965","68371231","chr6","64213792","64214076","66","4157173"
"chr16","68492768","68492877","chrX","53475562","53475673","28","15017206"
"chr16","68544271","68544401","chr20","53173474","53173609","19","15370797"
"chr16","68562324","68562456","chr6","141257368","141257507","23","72695044"
"chr16","68641259","68641394","chr20","53278891","53279024","8","15362368"
"chr16","68727185","68727337","chr20","53391145","53391296","12","15336040"
"chr16","68727637","68727696","chr20","53391597","53391656","4","15336040"
"chr16","68957277","68957408","chr9","122113887","122114022","26","53156610"
"chr16","68967528","68967831","chr20","53637937","53638235","21","15329591"
"chr16","69005684","69005970","chr20","53675865","53676143","22","15329819"
"chr16","69024706","69024880","chr20","53694680","53694831","33","15330026"
"chr16","69036777","69037066","chr1","164835864","164836152","70","95799087"
"chr16","69154368","69154637","chr6","57003100","57003369","53","12151268"
"chr16","69306682","69306882","chr14","104994267","104994465","57","35687585"
"chr16","69307110","69307243","chr6","141257368","141257507","32","71950258"
"chr16","69310887","69311170","chr20","53987491","53987773","15","15323396"
"chr16","69344847","69345146","chr3","142578564","142578842","79","73233717"
"chr16","69352276","69352595","chr20","54030374","54030699","17","15321902"
"chr16","69394716","69394845","chr7","153450852","153450983","24","84056136"
"chr16","69640841","69640975","chr20","54319306","54319441","10","15321535"
"chr16","69707165","69707321","chrX","130871797","130871958","37","61164632"
"chr16","70173829","70173953","chr20","54532723","54532836","16","15641106"
"chr16","70242420","70242555","chr3","157204243","157204376","20","86961823"
"chr16","70242860","70243027","chrX","131148999","131149168","37","60906139"
"chr16","70445684","70445817","chr12","100835212","100835345","19","30389528"
"chr16","71619633","71619982","chr7","63371133","63371445","106","8248500"
"chr16","71619992","71620121","chr13","74782008","74782141","20","3162016"
"chr16","71645939","71646068","chr19","49558721","49558851","25","22087218"
"chr16","71697151","71697305","chr20","56914612","56914771","20","14782539"
"chr16","71762655","71762922","chr20","56846981","56847252","24","14915674"
"chr16","71866948","71867080","chr20","56736035","56736171","16","15130913"
"chr16","72222982","72223282","chr20","56392332","56392622","29","15830650"
"chr16","72275415","72275604","chr10","61544045","61544219","58","10731370"
"chr16","72421645","72421814","chr7","96535822","96535984","55","24114177"
"chr16","72422126","72422285","chr16","55697996","55698154","31","16724130"
"chr16","72508364","72508592","chrX","147330978","147331199","68","74822614"
"chr16","73146156","73146462","chr20","57988007","57988311","27","15158149"
"chr16","74075887","74076202","chr20","57064458","57064774","23","17011429"
"chr16","74151201","74151488","chr20","56990483","56990759","39","17160718"
"chr16","74402633","74402720","chr6","134853580","134853668","28","60450947"
"chr16","74403014","74403219","chr2","51203176","51203379","47","23199838"
"chr16","74542400","74542533","chrX","144541916","144542049","25","69999516"
"chr16","74557170","74557256","chr20","58901750","58901836","6","15655420"
"chr16","74616172","74616302","chr3","13531543","13531676","23","61084629"
"chr16","74626733","74626965","chr20","58973783","58974016","19","15652950"
"chr16","74677526","74677659","chr20","59027344","59027478","11","15650182"
"chr16","74759531","74759752","chr15","10550865","10551096","72","64208666"
"chr16","74777981","74778236","chr20","59124558","59124843","46","15653423"
"chr16","74798534","74798670","chr1","187495738","187495872","27","112697204"
"chr16","74844187","74844312","chr2","113593958","113594083","29","38749771"
"chr16","74892018","74892281","chr4","107482202","107482483","70","32590184"
"chr16","74967013","74967296","chr20","59324963","59325243","29","15642050"
"chr16","75300749","75300882","chr6","63960389","63960524","25","11340360"
"chr16","75319451","75319681","chr14","68615358","68615571","62","6704093"
"chr16","75326673","75326949","chr18","38344433","38344698","72","36982240"
"chr16","75341920","75342045","chr1","196150815","196150937","30","120808895"
"chr16","75385594","75385725","chr8","26277262","26277394","18","49108332"
"chr16","75426651","75426818","chrX","71634084","71634235","46","3792567"
"chr16","75619992","75620128","chr1","123229492","123229628","26","47609500"
"chr16","76328299","76328343","chrY","256337","256381","11","76071962"
"chr16","76891264","76891405","chr20","61701962","61702103","14","15189302"
"chr16","77261264","77261557","chr11","9824674","9824967","63","67436590"
"chr16","77423322","77423347","chr6","173927188","173927215","7","96503866"
"chr16","77423710","77423821","chr16","22878148","22878258","26","54545562"
"chr16","77598878","77599031","chr20","60991753","60991902","11","16607125"
"chr16","77779221","77779338","chr9","38244699","38244821","28","39534522"
"chr16","78033310","78033612","chr20","62509963","62510266","35","15523347"
"chr16","78288757","78288930","chr6","154337271","154337429","58","76048514"
"chr16","78315862","78316166","chr20","62790890","62791181","52","15524972"
"chr16","78527243","78527408","chr7","28899679","28899825","43","49627564"
"chr16","78702996","78703129","chr2","52806357","52806489","22","25896639"
"chr16","78709886","78710014","chr20","63194971","63195098","11","15514915"
"chr16","78850587","78850828","chr20","63383878","63384137","38","15466709"
"chr16","78856797","78856936","chr20","63390136","63390269","15","15466661"
"chr16","79235105","79235213","chr16","77088988","77089095","28","2146117"
"chr16","79301654","79301792","chr20","63833294","63833434","13","15468360"
"chr16","79981348","79981652","chr4","167856855","167857161","64","87875507"
"chr16","80878757","80878868","chr16","7804940","7805056","22","73073817"
"chr16","80878907","80879077","chr1","15983811","15983976","36","64895096"
"chr16","80914515","80914716","chr20","65484602","65484792","29","15429913"
"chr16","81021784","81021866","chr20","65645685","65645767","10","15376099"
"chr16","81201735","81201896","chr10","80212336","80212494","37","989399"
"chr16","81211333","81211467","chr3","13531543","13531676","27","67679790"
"chr16","81413147","81413261","chr1","110197514","110197629","34","28784367"
"chr16","81787532","81787651","chr20","66455076","66455195","6","15332456"
"chr16","81787945","81788116","chr20","66455489","66455674","24","15332456"
"chr16","82293764","82294062","chr1","125822424","125822719","60","43528660"
"chr16","84538142","84538292","chr20","69233667","69233815","19","15304475"
"chr16","85724689","85724988","chr20","70488652","70488960","39","15236037"
"chr16","85960393","85960690","chr20","70726586","70726883","19","15233807"
"chr16","86151446","86151601","chr20","70907582","70907736","8","15243864"
"chr16","87969818","87970101","chr20","21108347","21108624","22","66861471"
"chr16","88030099","88030213","chr8","40843870","40843983","21","47186229"
"chr16","88030241","88030414","chr2","84640092","84640260","31","3390149"
"chr16","88041793","88042050","chr1","140096917","140097175","65","52055124"
"chr16","88062024","88062171","chr20","21194506","21194651","15","66867518"
"chr16","88901624","88901780","chr20","73332353","73332509","19","15569271"
"chr16","88963634","88963757","chr20","73404971","73405101","15","15558663"
"chr16","89522373","89522516","chr7","140540231","140540375","46","51017858"
"chr16","89618546","89618818","chrX","48074186","48074453","71","41544360"
"chr16","90275662","90275797","chr20","74708192","74708327","10","15567470"
"chr17","39190315","39190617","chr16","15944814","15945093","61","23245501"
"chr17","88260","88461","chr4","104967938","104968123","53","104879678"
"chr17","369588","369748","chr4","106616558","106616719","31","106246970"
"chr17","425570","425852","chr16","408431","408709","27","17139"
"chr17","509447","509497","chr11","15644093","15644140","11","15134646"
"chr17","540805","541105","chr15","27071684","27071985","51","26530879"
"chr17","576122","576435","chr16","543732","544046","31","32390"
"chr17","579410","579565","chr15","30484405","30484559","45","29904995"
"chr17","583441","583733","chr6","134995702","134995988","72","134412261"
"chr17","584760","584994","chr16","552919","553145","32","31841"
"chr17","597544","597847","chr4","167856855","167857161","72","167259311"
"chr17","655701","655844","chr1","47632613","47632758","55","46976912"
"chr17","661491","661622","chr14","78435186","78435320","27","77773695"
"chr17","789241","789465","chr5","92518963","92519186","58","91729722"
"chr17","946826","946957","chr6","414900","415032","29","531926"
"chr17","1052513","1052811","chr16","1024668","1024971","21","27845"
"chr17","1678457","1678762","chr9","72437780","72438082","65","70759323"
"chr17","1843557","1843696","chr4","35711252","35711389","26","33867695"
"chr17","2018693","2018984","chr16","2036773","2037070","26","18080"
"chr17","2156598","2156821","chr16","2177286","2177526","28","20688"
"chr17","2362551","2362835","chr8","69200527","69200810","60","66837976"
"chr17","2616029","2616289","chr4","123645591","123645842","73","121029562"
"chr17","2632929","2633221","chr16","2582095","2582354","56","50834"
"chr17","2646316","2646442","chr16","2595778","2595926","34","50538"
"chr17","3190820","3190955","chr3","127958080","127958216","23","124767260"
"chr17","3201003","3201296","chr16","3054166","3054485","48","146837"
"chr17","3257854","3258138","chr2","169308700","169308987","64","166050846"
"chr17","3445995","3446304","chr16","3247442","3247754","35","198553"
"chr17","3693625","3693761","chr16","3522836","3522972","20","170789"
"chr17","4115509","4115783","chr16","3947647","3947917","24","167862"
"chr17","4158682","4158934","chr16","3991849","3992100","15","166833"
"chr17","4245846","4246158","chr1","148194513","148194815","66","143948667"
"chr17","4994347","4994479","chr16","4911733","4911860","11","82614"
"chr17","5371426","5371707","chr16","5237518","5237796","16","133908"
"chr17","5463864","5464177","chr3","80571747","80572057","78","75107883"
"chr17","5530012","5530214","chr16","5400399","5400598","12","129613"
"chr17","5700143","5700275","chr10","35160767","35160902","27","29460624"
"chr17","7009482","7009796","chr7","122745361","122745664","84","115735879"
"chr17","7103285","7103494","chr16","56769059","56769265","45","49665774"
"chr17","7171797","7171923","chr1","45699568","45699696","23","38527771"
"chr17","7657397","7657507","chr9","93035173","93035287","27","85377776"
"chr17","7757199","7757318","chr16","7733815","7733936","8","23384"
"chr17","7885825","7886057","chr16","7870057","7870288","19","15768"
"chr17","8029793","8030098","chr11","103833436","103833731","69","95803643"
"chr17","8245310","8245451","chr11","117179860","117180000","26","108934550"
"chr17","8505082","8505205","chr16","40544760","40544900","29","32039678"
"chr17","8950434","8950721","chr16","40789869","40790144","26","31839435"
"chr17","8953798","8953966","chr8","28582066","28582229","42","19628268"
"chr17","8956639","8956937","chr1","10636980","10637278","68","1680341"
"chr17","9442537","9442719","chr16","41619725","41619908","10","32177188"
"chr17","9739356","9739662","chr16","41929159","41929453","36","32189803"
"chr17","9796539","9796629","chr16","41990841","41990930","10","32194302"
"chr17","9824808","9825101","chr16","42019297","42019586","25","32194489"
"chr17","10262773","10262907","chr16","43980709","43980840","6","33717936"
"chr17","10289270","10289388","chr16","40868343","40868464","7","30579073"
"chr17","10301081","10301371","chr16","40885306","40885577","30","30584225"
"chr17","10374013","10374217","chr16","40955418","40955633","23","30581405"
"chr17","10388393","10388522","chr16","40969942","40970075","10","30581549"
"chr17","10413473","10413784","chrX","21887337","21887630","65","11473864"
"chr17","10568852","10569159","chr4","44179828","44180128","65","33610976"
"chr17","10571821","10571944","chr16","52650449","52650572","11","42078628"
"chr17","10582139","10582252","chr4","122813853","122813963","39","112231714"
"chr17","10582546","10582717","chr4","157237718","157237880","44","146655172"
"chr17","10590758","10591022","chr16","52531298","52531561","44","41940540"
"chr17","10875243","10875391","chr5","1256037","1256188","33","9619206"
"chr17","10875705","10875811","chr3","36939554","36939670","33","26063849"
"chr17","11130935","11131117","chr16","51609161","51609374","42","40478226"
"chr17","11398190","11398462","chr16","52531298","52531561","42","41133108"
"chr17","11432432","11432573","chr7","135663641","135663791","40","124231209"
"chr17","11433594","11433850","chr6","73407188","73407424","72","61973594"
"chr17","11522515","11522823","chr16","52406429","52406730","27","40883914"
"chr17","11580278","11580554","chr16","52349794","52350067","22","40769516"
"chr17","11880565","11880699","chr11","108966699","108966837","26","97086134"
"chr17","12203836","12204131","chr6","135687652","135687955","62","123483816"
"chr17","12218102","12218233","chr16","51202646","51202777","9","38984544"
"chr17","12479250","12479549","chr16","50939542","50939833","36","38460292"
"chr17","12492148","12492275","chr16","50928132","50928259","3","38435984"
"chr17","12516713","12516843","chr1","163076626","163076759","24","150559913"
"chr17","12621384","12621688","chr16","50762411","50762716","31","38141027"
"chr17","12636057","12636177","chr16","50747579","50747699","6","38111522"
"chr17","12638141","12638361","chr3","64890675","64890895","79","52252534"
"chr17","12712019","12712164","chr15","92259729","92259865","26","79547710"
"chr17","12768197","12768495","chr16","50614284","50614596","33","37846087"
"chr17","12881788","12882068","chr16","50575962","50576253","21","37694174"
"chr17","12888498","12888650","chr1","137823091","137823234","46","124934593"
"chr17","12888951","12889107","chr1","207759961","207760110","31","194871010"
"chr17","12891055","12891347","chr16","50566037","50566356","36","37674982"
"chr17","12907760","12908068","chr16","50548405","50548713","9","37640645"
"chr17","12989613","12989849","chr16","50464440","50464690","42","37474827"
"chr17","12996081","12996353","chr16","50457434","50457708","30","37461353"
"chr17","13109203","13109494","chr16","22286518","22286811","38","9177315"
"chr17","13111609","13111900","chr16","50345071","50345367","36","37233462"
"chr17","13113616","13113882","chr16","22281977","22282263","57","9168361"
"chr17","13153757","13153914","chr16","50300723","50300876","17","37146966"
"chr17","13154200","13154315","chr16","50300315","50300429","8","37146115"
"chr17","13394937","13395048","chr20","16184644","16184764","26","2789707"
"chr17","14194540","14194709","chr2","137426453","137426622","37","123231913"
"chr17","14194744","14194835","chr4","38800855","38800945","26","24606111"
"chr17","14195163","14195196","chr4","10597914","10597950","16","3597249"
"chr17","14322598","14322799","chr16","49093526","49093740","29","34770928"
"chr17","14338249","14338409","chr16","49077566","49077726","8","34739317"
"chr17","14441494","14441681","chr16","48986346","48986530","16","34544852"
"chr17","14563743","14564029","chr16","48854628","48854914","24","34290885"
"chr17","14681375","14681506","chr11","132289155","132289287","18","117607780"
"chr17","14726247","14726547","chr16","48674233","48674532","28","33947986"
"chr17","15149125","15149428","chr11","2055489","2055782","72","13093636"
"chr17","15171271","15171588","chr9","113872437","113872748","76","98701166"
"chr17","15354901","15355162","chr13","73953431","73953688","68","58598530"
"chr17","15430134","15430434","chr16","47950892","47951187","25","32520758"
"chr17","15470833","15470965","chr13","74782008","74782141","24","59311175"
"chr17","15536478","15536612","chr16","47844971","47845103","11","32308493"
"chr17","15770204","15770350","chr16","47592593","47592739","16","31822389"
"chr17","16132204","16132380","chr13","11809839","11810014","41","4322365"
"chr17","16185303","16185454","chr16","47142475","47142629","20","30957172"
"chr17","16637848","16638163","chr16","46697198","46697495","54","30059350"
"chr17","16646930","16647251","chr16","46687569","46687877","33","30040639"
"chr17","16779390","16779574","chr16","46556257","46556443","21","29776867"
"chr17","16831171","16831306","chr16","46503361","46503506","23","29672190"
"chr17","16831333","16831451","chr16","46503210","46503324","10","29671877"
"chr17","16850114","16850338","chr2","94617636","94617857","57","77767522"
"chr17","17061150","17061451","chr16","46276689","46277008","33","29215539"
"chr17","17161646","17161780","chr17","28959835","28959965","19","11798189"
"chr17","17261721","17261842","chr5","156436536","156436662","35","139174815"
"chr17","17451390","17451592","chr16","45859915","45860105","24","28408525"
"chr17","17500275","17500410","chr5","104799309","104799443","21","87299034"
"chr17","17647671","17647982","chr16","45652758","45653070","22","28005087"
"chr17","17667861","17668158","chr16","45634901","45635211","26","27967040"
"chr17","17695893","17696169","chr3","181346212","181346492","54","163650319"
"chr17","17726195","17726543","chr3","85636399","85636716","95","67910204"
"chr17","17866462","17866728","chr16","45431771","45432018","40","27565309"
"chr17","18006181","18006400","chr16","45286239","45286451","23","27280058"
"chr17","18135465","18135599","chr3","13531543","13531676","18","4603922"
"chr17","18260546","18260850","chr16","45063178","45063481","21","26802632"
"chr17","18312703","18312856","chr7","140540231","140540375","74","122227528"
"chr17","18313129","18313259","chr19","3881316","3881448","26","14431813"
"chr17","18368459","18368763","chr16","44952363","44952641","44","26583904"
"chr17","18553492","18553753","chr16","44741612","44741875","14","26188120"
"chr17","18916887","18917010","chr12","45747641","45747765","18","26830754"
"chr17","19521980","19522058","chr13","61527884","61527960","24","42005904"
"chr17","19712691","19712807","chr16","43693024","43693155","26","23980333"
"chr17","19719338","19719470","chr16","43686327","43686458","8","23966989"
"chr17","19936533","19936698","chr8","93119877","93120048","38","73183344"
"chr17","19941685","19941977","chr16","43459747","43460041","28","23518062"
"chr17","19951954","19952233","chr16","43449229","43449508","12","23497275"
"chr17","20236771","20236908","chr16","43157374","43157511","10","22920603"
"chr17","20288902","20289193","chr16","43109601","43109898","17","22820699"
"chr17","20447836","20447971","chr16","42938953","42939088","5","22491117"
"chr17","20460865","20460981","chr9","26631212","26631329","29","6170347"
"chr17","20816359","20816493","chr16","42525353","42525485","7","21708994"
"chr17","21167362","21167678","chr16","29889006","29889322","31","8721644"
"chr17","21271076","21271378","chr16","29770872","29771176","22","8499796"
"chr17","21387050","21387367","chr11","25404502","25404797","79","4017452"
"chr17","21449419","21449718","chr16","29588434","29588725","28","8139015"
"chr17","21468227","21468521","chr16","29571975","29572270","11","8103748"
"chr17","21468610","21468844","chr20","24128871","24129109","73","2660261"
"chr17","21479315","21479408","chr5","38362155","38362244","18","16882840"
"chr17","21479711","21479873","chr6","166788551","166788715","33","145308840"
"chr17","21515909","21516178","chr16","29523846","29524120","24","8007937"
"chr17","21545833","21546156","chr1","23789916","23790234","76","2244083"
"chr17","21589628","21589714","chr5","187692199","187692275","30","166102571"
"chr17","21810425","21810762","chr9","99534482","99534817","70","77724057"
"chr17","21825724","21826016","chr11","49184547","49184846","63","27358823"
"chr17","22289957","22290238","chr15","46095228","46095509","68","23805271"
"chr17","22401410","22401543","chr19","19541216","19541349","18","2860194"
"chr17","22801983","22802273","chr16","28252983","28253263","31","5451000"
"chr17","23364322","23364608","chr5","51306123","51306407","63","27941801"
"chr17","23450876","23451049","chr19","847037","847217","41","22603839"
"chr17","23962277","23962573","chr16","27107062","27107367","31","3144785"
"chr17","24023685","24023769","chr16","27047403","27047488","5","3023718"
"chr17","24250799","24250930","chr1","163076626","163076759","19","138825827"
"chr17","24275063","24275333","chr16","26795854","26796120","17","2520791"
"chr17","24379673","24379817","chr14","8597966","8598111","22","15781707"
"chr17","24380114","24380170","chr2","153826990","153827044","17","129446876"
"chr17","24454410","24454716","chr16","26625236","26625532","32","2170826"
"chr17","24605447","24605749","chr16","26465637","26465939","21","1860190"
"chr17","24652187","24652391","chr9","18276420","18276634","50","6375767"
"chr17","24717365","24717502","chr11","12976906","12977044","26","11740459"
"chr17","24745851","24745897","chr6","12098296","12098335","15","12647555"
"chr17","24784435","24784738","chr10","65094920","65095219","63","40310485"
"chr17","24792382","24792512","chr15","10817268","10817405","26","13975114"
"chr17","24880153","24880430","chr16","26198017","26198293","11","1317864"
"chr17","24893258","24893535","chr1","115420448","115420730","73","90527190"
"chr17","25291713","25291922","chr16","61600620","61600833","24","36308907"
"chr17","25335459","25335595","chr8","78547648","78547781","24","53212189"
"chr17","25338189","25338316","chr16","24961197","24961317","12","376992"
"chr17","25338611","25338762","chr16","24960768","24960923","13","377843"
"chr17","25419494","25419635","chr16","24864659","24864800","12","554835"
"chr17","25526348","25526495","chr16","69695868","69696013","33","44169520"
"chr17","25556618","25556896","chr11","46453201","46453479","66","20896583"
"chr17","25557275","25557549","chr3","124592202","124592487","64","99034927"
"chr17","25570454","25570629","chr16","26106449","26106618","21","535995"
"chr17","25581350","25581570","chr7","64522083","64522311","61","38940733"
"chr17","25719245","25719344","chr14","65579625","65579725","21","39860380"
"chr17","26044028","26044166","chr3","157204243","157204376","28","131160215"
"chr17","26165504","26165792","chr16","25460444","25460740","21","705060"
"chr17","26255500","26255791","chr10","19013525","19013805","67","7241975"
"chr17","26380555","26380837","chr2","188842884","188843174","68","162462329"
"chr17","26406560","26406689","chr11","122324056","122324186","20","95917496"
"chr17","26426654","26426814","chr19","18398650","18398810","33","8028004"
"chr17","26900950","26901237","chr16","24456679","24456959","23","2444271"
"chr17","26928917","26929222","chr16","24428137","24428441","17","2500780"
"chr17","26976292","26976364","chr16","24379326","24379398","4","2596966"
"chr17","26976670","26976824","chr16","24378862","24379015","14","2597808"
"chr17","27003433","27003728","chr16","24347743","24348037","23","2655690"
"chr17","27141349","27141477","chr2","40642929","40643054","21","13501580"
"chr17","27151744","27151759","chr6","175033159","175033175","6","147881415"
"chr17","27151969","27152008","chr2","22517406","22517438","15","4634563"
"chr17","27158848","27158976","chr15","41374736","41374861","22","14215888"
"chr17","27203912","27204064","chr16","24151082","24151234","15","3052830"
"chr17","27239281","27239484","chr16","24112135","24112325","21","3127146"
"chr17","27247751","27247861","chr16","24961197","24961317","27","2286554"
"chr17","27434175","27434474","chr16","23918613","23918934","40","3515562"
"chr17","27487343","27487654","chr16","23864105","23864400","34","3623238"
"chr17","27586902","27587209","chr19","29555257","29555562","61","1968355"
"chr17","27841687","27841999","chr16","23497463","23497733","61","4344224"
"chr17","28084511","28084676","chrX","130871797","130871958","30","102787286"
"chr17","28336465","28336594","chr16","22982086","22982215","7","5354379"
"chr17","28416843","28416975","chr16","22898055","22898187","23","5518788"
"chr17","28628470","28628657","chr16","22670706","22670938","57","5957764"
"chr17","28713223","28713388","chr16","22573849","22574017","22","6139374"
"chr17","28713722","28713860","chr6","63960389","63960524","26","35246667"
"chr17","28927171","28927372","chr16","22347949","22348140","21","6579222"
"chr17","28989818","28989947","chr16","22282449","22282578","9","6707369"
"chr17","29027215","29027275","chr1","223483583","223483638","17","194456368"
"chr17","29082349","29082594","chr5","10661655","10661909","62","18420694"
"chr17","29094364","29094474","chr3","430878","430987","29","28663486"
"chr17","29211227","29211522","chr16","22053125","22053446","62","7158102"
"chr17","29451994","29452303","chr11","104585421","104585717","70","75133427"
"chr17","29926587","29926895","chr16","21334071","21334362","33","8592516"
"chr17","30209732","30209892","chr6","154337271","154337429","53","124127539"
"chr17","30244414","30244708","chr17","54344288","54344588","71","24099874"
"chr17","35462775","35462899","chr11","1036149","1036272","18","34426626"
"chr17","36103000","36103167","chr14","85258851","85259031","47","49155851"
"chr17","36266681","36266969","chr3","84929430","84929707","53","48662749"
"chr17","36577837","36578141","chr2","51083163","51083445","81","14505326"
"chr17","36796398","36796617","chr16","19284408","19284622","17","17511990"
"chr17","36798526","36798658","chr3","154866014","154866141","32","118067488"
"chr17","36830801","36831128","chr16","19255103","19255407","46","17575698"
"chr17","37298755","37299055","chr16","18762905","18763183","45","18535850"
"chr17","37836490","37836629","chr3","41155920","41156055","25","3319430"
"chr17","38011565","38011632","chr17","82482267","82482329","23","44470702"
"chr17","38207983","38208262","chr16","18190626","18190922","29","20017357"
"chr17","38247763","38247782","chr19","39900017","39900028","8","1652254"
"chr17","38248478","38248586","chr6","163450763","163450872","25","125202285"
"chr17","38378860","38379139","chr14","47804351","47804629","66","9425491"
"chr17","38595035","38595347","chr16","17786306","17786602","41","20808729"
"chr17","38968979","38969028","chr16","17389107","17389154","4","21579872"
"chr17","38992704","38992841","chr16","17367307","17367445","12","21625397"
"chr17","39250064","39250236","chr16","17102134","17102306","9","22147930"
"chr17","39250532","39250566","chr16","17101792","17101826","0","22148740"
"chr17","41264937","41265069","chr2","22129486","22129618","26","19135451"
"chr17","42171107","42171229","chr16","14305263","14305385","7","27865844"
"chr17","42173263","42173556","chr8","39335439","39335742","64","2837824"
"chr17","42428196","42428319","chr10","13580066","13580192","28","28848130"
"chr17","42966068","42966146","chr16","13480428","13480505","7","29485640"
"chr17","44068499","44068636","chr2","76084667","76084807","32","32016168"
"chr17","45170803","45171084","chr16","11259040","11259322","21","33911763"
"chr17","45631630","45631926","chr16","10814296","10814605","30","34817334"
"chr17","46041372","46041668","chr16","10408139","10408438","34","35633233"
"chr17","46127236","46127529","chr8","100336437","100336735","69","54209201"
"chr17","46341953","46342071","chr15","50256138","50256250","28","3914185"
"chr17","46785263","46785545","chr19","12661080","12661360","21","34124183"
"chr17","46985197","46985327","chr3","2524423","2524550","22","44460774"
"chr17","47015020","47015116","chr3","50372879","50372978","28","3357859"
"chr17","47633651","47633767","chr16","8771397","8771521","13","38862254"
"chr17","47762804","47762976","chr1","7884336","7884503","45","39878468"
"chr17","47962166","47962295","chr15","49726363","49726497","25","1764197"
"chr17","48082727","48082854","chr9","30072254","30072394","36","18010473"
"chr17","48338703","48338989","chr12","87641280","87641570","76","39302577"
"chr17","48361538","48361714","chr8","16790039","16790220","37","31571499"
"chr17","48433043","48433326","chr16","39941987","39942264","18","8491056"
"chr17","48530696","48530844","chrX","131487247","131487395","28","82956551"
"chr17","48734264","48734401","chr16","39626603","39626740","9","9107661"
"chr17","48918152","48918290","chr15","18535399","18535538","22","30382753"
"chr17","49144366","49144591","chr16","39374201","39374453","51","9770165"
"chr17","49259154","49259378","chr16","39256775","39256996","24","10002379"
"chr17","49311362","49311640","chr16","39204455","39204773","59","10106907"
"chr17","49399669","49399907","chr16","39118033","39118266","20","10281636"
"chr17","49422204","49422348","chr16","39096401","39096566","35","10325803"
"chr17","49478211","49478381","chr16","39040670","39040841","5","10437541"
"chr17","49610096","49610232","chr16","38908340","38908477","8","10701756"
"chr17","49610617","49610846","chr20","2585551","2585769","44","47025066"
"chr17","49650596","49650892","chr16","38866733","38867029","14","10783863"
"chr17","49703280","49703435","chr16","38814403","38814586","41","10888877"
"chr17","49776909","49777023","chr20","14642630","14642753","26","35134279"
"chr17","49835784","49835916","chr16","38680181","38680316","12","11155603"
"chr17","49877993","49878230","chr16","38640067","38640301","20","11237926"
"chr17","49933504","49933768","chr16","38583320","38583607","46","11350184"
"chr17","50118710","50118856","chr16","38378032","38378178","6","11740678"
"chr17","50119160","50119243","chr16","38377647","38377740","15","11741513"
"chr17","50176656","50176789","chr16","38318964","38319097","6","11857692"
"chr17","50231608","50231839","chr1","148600739","148600964","58","98369131"
"chr17","50452004","50452296","chrX","71363397","71363683","68","20911393"
"chr17","52277883","52278031","chr16","36357590","36357757","28","15920293"
"chr17","52905101","52905386","chr16","35714252","35714546","33","17190849"
"chr17","53359686","53359970","chr16","35279066","35279340","44","18080620"
"chr17","53833432","53833583","chr3","40393426","40393572","31","13440006"
"chr17","54305622","54305873","chr1","9262276","9262521","75","45043346"
"chr17","55111246","55111533","chr16","33540234","33540511","32","21571012"
"chr17","55357866","55358193","chr16","33261238","33261543","46","22096628"
"chr17","55799376","55799663","chr16","32810322","32810609","14","22989054"
"chr17","55838269","55838401","chr16","32771132","32771267","9","23067137"
"chr17","55838698","55838852","chr7","21246509","21246668","38","34592189"
"chr17","55849412","55849714","chr16","32759504","32759807","21","23089908"
"chr17","55850033","55850322","chr16","32758886","32759186","38","23091147"
"chr17","55945017","55945298","chr16","32664278","32664539","42","23280739"
"chr17","55952438","55952572","chr10","32147089","32147222","23","23805349"
"chr17","56154630","56154931","chr16","32450944","32451243","26","23703686"
"chr17","56253605","56253913","chr11","49184547","49184846","59","7069058"
"chr17","56575509","56575808","chr16","32025071","32025339","43","24550438"
"chr17","56742947","56743073","chr16","31858898","31859024","16","24884049"
"chr17","57076529","57076838","chr16","31515536","31515846","19","25560993"
"chr17","57147081","57147252","chrX","47055663","47055827","34","10091418"
"chr17","57149348","57149657","chr16","31439089","31439403","30","25710259"
"chr17","57381177","57381483","chr1","37873831","37874140","67","19507346"
"chr17","57410691","57410804","chr2","47779072","47779185","22","9631619"
"chr17","57429894","57430170","chr16","31148151","31148427","25","26281743"
"chr17","57537191","57537331","chr10","30339443","30339585","28","27197748"
"chr17","57758195","57758314","chr16","50747579","50747699","28","7010616"
"chr17","57758612","57758811","chr14","63965676","63965858","48","6207064"
"chr17","57831895","57832164","chr1","201784042","201784297","61","143952147"
"chr17","57879986","57880259","chr16","30682164","30682436","13","27197822"
"chr17","57957731","57957855","chr3","126141042","126141168","28","68183311"
"chr17","57965523","57965679","chr16","30592753","30592910","15","27372770"
"chr17","58158744","58159021","chr16","30402231","30402545","55","27756513"
"chr17","58178985","58179102","chr16","30375146","30375263","8","27803839"
"chr17","58180061","58180200","chr15","93225091","93225217","34","35045030"
"chr17","58389422","58389548","chr16","52964899","52965025","12","5424523"
"chr17","58421753","58421911","chr10","80212336","80212494","33","21790583"
"chr17","58510638","58510927","chr16","53093044","53093331","24","5417594"
"chr17","58551568","58551700","chr16","53133791","53133923","6","5417777"
"chr17","58649222","58649516","chr16","53234800","53235100","25","5414422"
"chr17","58660010","58660306","chr16","53245229","53245524","18","5414781"
"chr17","58736774","58737053","chr16","53330065","53330344","14","5406709"
"chr17","58778105","58778269","chr16","53375487","53375650","14","5402618"
"chr17","58778562","58778701","chr16","53375938","53376083","23","5402624"
"chr17","58816206","58816501","chr16","53424973","53425268","17","5391233"
"chr17","58821626","58821755","chr5","145700158","145700284","32","86878532"
"chr17","59435986","59436179","chr11","63631482","63631665","52","4195496"
"chr17","59439360","59439639","chr16","53718482","53718761","18","5720878"
"chr17","59443928","59444178","chr16","53723443","53723695","20","5720485"
"chr17","59531618","59531840","chr13","43617947","43618147","71","15913671"
"chr17","59610134","59610386","chr16","53896268","53896533","33","5713866"
"chr17","59730894","59731249","chr2","57095994","57096309","105","2634900"
"chr17","59739413","59739627","chr10","29941406","29941616","48","29798007"
"chr17","59795366","59795572","chr12","3271425","3271627","37","56523941"
"chr17","59817713","59817798","chr16","54102425","54102506","6","5715288"
"chr17","59820261","59820389","chr2","109175446","109175569","27","49355185"
"chr17","59841800","59842056","chr1","34961903","34962154","72","24879897"
"chr17","59918225","59918504","chr16","54212526","54212807","16","5705699"
"chr17","60070918","60071201","chr9","59852582","59852856","74","218336"
"chr17","60187043","60187359","chr16","54511334","54511636","34","5675709"
"chr17","60233666","60233948","chr16","54555048","54555330","17","5678618"
"chr17","60397192","60397457","chr16","54716804","54717077","27","5680388"
"chr17","60413976","60414120","chr2","76084667","76084807","29","15670691"
"chr17","60558034","60558157","chr10","39102751","39102873","24","21455283"
"chr17","60669587","60669669","chr1","222816413","222816494","20","162146826"
"chr17","60945220","60945523","chr16","55323119","55323423","23","5622101"
"chr17","60967646","60967937","chr3","63764022","63764305","56","2796376"
"chr17","60978617","60978917","chr16","55357871","55358192","39","5620746"
"chr17","61064115","61064421","chr15","11338123","11338430","67","49725992"
"chr17","61111752","61111896","chr16","55487484","55487631","25","5624268"
"chr17","61112209","61112364","chr16","55487942","55488090","23","5624267"
"chr17","61231812","61232095","chr16","55621867","55622150","9","5609945"
"chr17","61304423","61304584","chr16","55697996","55698154","13","5606427"
"chr17","61313555","61313701","chr9","63650583","63650730","32","2337028"
"chr17","61637324","61637612","chr16","55994704","55994990","27","5642620"
"chr17","61730844","61731128","chr16","56131503","56131773","38","5599341"
"chr17","61825768","61826049","chr16","56222094","56222395","36","5603674"
"chr17","61954262","61954543","chr16","56353439","56353719","23","5600823"
"chr17","62226821","62227000","chr2","83895850","83896013","41","21669029"
"chr17","62241625","62241934","chr16","56618090","56618405","35","5623535"
"chr17","62246849","62247126","chr16","56623705","56623983","34","5623144"
"chr17","62388888","62389021","chr16","56772480","56772613","11","5616408"
"chr17","62784846","62784940","chr16","31167868","31167961","20","31616978"
"chr17","63261421","63261572","chr1","8787419","8787562","30","54474002"
"chr17","63386190","63386475","chr16","57816591","57816876","15","5569599"
"chr17","63482833","63482972","chr14","22923253","22923387","27","40559580"
"chr17","63533938","63534051","chr19","3307215","3307326","21","60226723"
"chr17","63560055","63560182","chr2","109175446","109175569","20","45615391"
"chr17","63570446","63570566","chr4","157264560","157264677","22","93694114"
"chr17","63646033","63646305","chr16","58072962","58073249","30","5573071"
"chr17","63713050","63713337","chr17","31496243","31496527","71","32216807"
"chr17","63996443","63996740","chr16","58298732","58299033","19","5697711"
"chr17","64213362","64213667","chr16","58522202","58522511","29","5691160"
"chr17","64738391","64738554","chr16","59061725","59061873","24","5676666"
"chr17","64738862","64739008","chr16","59062170","59062308","17","5676692"
"chr17","65375386","65375675","chr16","59685559","59685846","29","5689827"
"chr17","65671706","65671731","chr3","126061360","126061386","11","60389654"
"chr17","65672019","65672149","chr16","59992609","59992743","15","5679410"
"chr17","65767036","65767323","chr16","60095034","60095323","18","5672002"
"chr17","66273262","66273559","chr16","60602677","60602978","28","5670585"
"chr17","66307765","66308064","chr16","60638263","60638551","43","5669502"
"chr17","66482460","66482750","chr16","60839733","60840002","45","5642727"
"chr17","66583937","66584107","chr10","21028320","21028479","39","45555617"
"chr17","66676900","66677187","chr16","61040869","61041155","17","5636031"
"chr17","66798090","66798214","chr1","100917561","100917687","22","34119471"
"chr17","66841006","66841297","chr16","61205842","61206134","28","5635164"
"chr17","66870113","66870247","chr16","61236850","61236983","9","5633263"
"chr17","66892931","66893055","chr7","97166339","97166470","29","30273408"
"chr17","66893886","66894152","chr16","61275042","61275317","28","5618844"
"chr17","67028069","67028202","chr3","39528797","39528929","20","27499272"
"chr17","67093775","67093914","chr7","17162294","17162440","28","49931481"
"chr17","67453391","67453604","chr16","51609161","51609374","15","15844230"
"chr17","67487075","67487220","chr3","157841174","157841317","22","90354099"
"chr17","67554466","67554677","chr14","68615358","68615571","54","1060892"
"chr17","67935722","67936016","chr16","62048660","62048952","18","5887062"
"chr17","68604121","68604246","chr1","163076626","163076759","22","94472505"
"chr17","68965067","68965378","chr14","75241444","75241755","59","6276377"
"chr17","70343215","70343500","chr16","64290811","64291097","20","6052404"
"chr17","70523043","70523325","chr3","41729817","41730091","64","28793226"
"chr17","71276950","71277206","chr16","65401707","65401973","32","5875243"
"chr17","72159885","72160026","chr9","121806417","121806551","26","49646532"
"chr17","72569286","72569421","chr3","13531543","13531676","23","59037743"
"chr17","72963266","72963412","chr16","67026203","67026354","17","5937063"
"chr17","73600858","73600990","chr8","26277262","26277394","20","47323596"
"chr17","73726507","73726639","chr16","67802490","67802622","14","5924017"
"chr17","73942152","73942295","chr18","44000265","44000402","39","29941887"
"chr17","74134604","74134847","chr1","201784042","201784297","65","127649438"
"chr17","74469842","74470021","chr2","84640092","84640260","35","10170250"
"chr17","74572139","74572267","chr11","122324056","122324186","20","47751917"
"chr17","74967305","74967500","chr1","41981890","41982083","51","32985415"
"chr17","75102916","75103018","chr19","5974586","5974691","22","69128330"
"chr17","75199742","75199997","chr16","69410865","69411125","24","5788877"
"chr17","75311245","75311339","chr16","69525365","69525439","21","5785880"
"chr17","75311926","75312075","chr16","69526030","69526164","29","5785896"
"chr17","75352466","75352597","chr16","69571936","69572068","13","5780530"
"chr17","75403151","75403288","chr16","69618643","69618777","11","5784508"
"chr17","75417289","75417340","chr9","88028989","88029031","22","12611700"
"chr17","75417637","75417752","chr2","150253312","150253430","29","74835675"
"chr17","75558100","75558259","chr13","20877631","20877788","30","54680469"
"chr17","75561725","75561841","chr1","110197514","110197629","41","34635789"
"chr17","75698407","75698538","chr16","69935966","69936099","9","5762441"
"chr17","75732162","75732300","chr19","36179565","36179689","39","39552597"
"chr17","75736434","75736725","chr16","69973402","69973683","23","5763032"
"chr17","75738416","75738506","chr14","112027888","112027975","22","36289472"
"chr17","75738805","75738828","chr15","50633293","50633320","9","25105512"
"chr17","75822509","75822611","chr16","70069581","70069679","8","5752928"
"chr17","75834855","75835162","chr17","20242774","20243081","75","55592081"
"chr17","75929928","75930056","chr20","9188693","9188824","36","66741235"
"chr17","76291392","76291675","chr16","70403002","70403308","34","5888390"
"chr17","76581479","76581761","chr2","121021353","121021642","63","44439874"
"chr17","76698714","76699001","chr11","117255459","117255733","67","40556745"
"chr17","76892849","76892974","chr13","30507173","30507306","31","46385676"
"chr17","77033841","77033974","chr3","43450984","43451115","26","33582857"
"chr17","77601038","77601251","chr16","71734523","71734751","33","5866515"
"chr17","77827138","77827281","chr4","45368559","45368699","33","32458579"
"chr17","77838607","77838743","chr8","17572510","17572648","25","60266097"
"chr17","78326535","78326838","chr16","72522113","72522413","32","5804422"
"chr17","78449650","78449778","chr16","72648238","72648367","10","5801412"
"chr17","78676775","78677044","chr5","77779459","77779715","72","897316"
"chr17","79383503","79383694","chr9","74356591","74356761","54","5026912"
"chr17","79384011","79384096","chr15","50029095","50029160","33","29354916"
"chr17","80367660","80367794","chr11","118364583","118364719","22","37996923"
"chr17","80394232","80394433","chr3","159555371","159555571","55","79161139"
"chr17","80488892","80489169","chr3","179241413","179241679","61","98752521"
"chr17","81520764","81520926","chr16","75220035","75220191","12","6300729"
"chr17","81719361","81719641","chrX","52718283","52718571","65","29001078"
"chr17","81720207","81720338","chr16","75420679","75420812","11","6299528"
"chr17","82005462","82005581","chr16","51618808","51618941","28","30386654"
"chr17","82240216","82240345","chr7","104429588","104429723","26","22189372"
"chr17","82409182","82409350","chr16","76062673","76062840","11","6346509"
"chr17","82617723","82617896","chr7","70977213","70977371","54","11640510"
"chr17","82702527","82702737","chr16","76377391","76377607","30","6325136"
"chr17","82904108","82904242","chr16","76617693","76617827","7","6286415"
"chr18","2615403","2615709","chr19","43489218","43489523","74","40873815"
"chr18","2743630","2743918","chr18","600825","601126","35","2142805"
"chr18","2780050","2780166","chr2","75247754","75247871","29","72467704"
"chr18","4675190","4675434","chr10","2303019","2303257","65","2372171"
"chr18","6162293","6162430","chr19","19541216","19541349","26","13378923"
"chr18","6898543","6898820","chr4","107482202","107482483","58","100583659"
"chr18","7067402","7067526","chr4","122813853","122813963","36","115746451"
"chr18","7098934","7099203","chr9","57975438","57975706","58","50876504"
"chr18","7102886","7103175","chr1","164835864","164836152","53","157732978"
"chr18","7117024","7117152","chr2","188222161","188222276","39","181105137"
"chr18","7222333","7222570","chr13","75635463","75635699","60","68413130"
"chr18","7264197","7264489","chr1","47327661","47327963","69","40063464"
"chr18","7266708","7267000","chr10","27157967","27158263","58","19891259"
"chr18","7320413","7320691","chr7","123559704","123559981","63","116239291"
"chr18","7885026","7885278","chr18","327051","327338","55","7557975"
"chr18","7975000","7975309","chr11","103833436","103833731","62","95858436"
"chr18","8130501","8130714","chr1","199697989","199698197","51","191567488"
"chr18","8242478","8242780","chr18","1266250","1266557","30","6976228"
"chr18","8740311","8740607","chr18","1770192","1770492","35","6970119"
"chr18","8802615","8802873","chr18","1818387","1818672","44","6984228"
"chr18","9034116","9034410","chr9","87238252","87238547","72","78204136"
"chr18","9245312","9245591","chr18","2250722","2251023","37","6994590"
"chr18","9336414","9336725","chr18","2332192","2332504","24","7004222"
"chr18","9563532","9563821","chr18","2549833","2550121","14","7013699"
"chr18","9710358","9710653","chr18","2687120","2687425","33","7023238"
"chr18","10069185","10069490","chr18","3058734","3059032","18","7010451"
"chr18","10083543","10083829","chr18","3073021","3073308","20","7010522"
"chr18","10667890","10668021","chr9","45812622","45812753","21","35144732"
"chr18","11223754","11223961","chr18","4170841","4171051","26","7052913"
"chr18","11444741","11444859","chr19","2578018","2578135","24","8866723"
"chr18","12309692","12309945","chr18","5176981","5177235","19","7132711"
"chr18","12324874","12325126","chr20","3516128","3516381","61","8808746"
"chr18","12692249","12692516","chr1","164368855","164369125","73","151676606"
"chr18","12869456","12869589","chr5","153200617","153200753","22","140331161"
"chr18","12911546","12911674","chr10","63390816","63390948","19","50479270"
"chr18","12947087","12947370","chr18","5864474","5864764","28","7082613"
"chr18","13152488","13152568","chr7","120377269","120377348","14","107224781"
"chr18","13220652","13220931","chr12","59242431","59242705","68","46021779"
"chr18","13266627","13266925","chr18","6182438","6182743","32","7084189"
"chr18","13448447","13448593","chr1","129785554","129785698","25","116337107"
"chr18","13641710","13642015","chr18","6539090","6539397","20","7102620"
"chr18","13665823","13666080","chr15","13700169","13700418","63","34346"
"chr18","14013433","14013610","chr18","6899273","6899447","10","7114160"
"chr18","14013867","14013886","chr1","22576782","22576801","20","8562915"
"chr18","14014149","14014295","chr1","207759961","207760110","32","193745812"
"chr18","14617142","14617293","chr18","7528560","7528721","21","7088582"
"chr18","14712563","14712695","chr18","7631710","7631841","13","7080853"
"chr18","15892378","15892684","chr18","799457","799748","46","15092921"
"chr18","16221889","16221953","chr19","6523505","6523565","13","9698384"
"chr18","16245317","16245516","chr4","61440914","61441108","49","45195597"
"chr18","16524332","16524469","chr5","104799309","104799443","31","88274977"
"chr18","16769621","16769920","chr6","137560254","137560541","64","120790633"
"chr18","16837500","16837798","chr11","103833436","103833731","72","86995936"
"chr18","16912958","16913256","chrX","63778439","63778732","69","46865481"
"chr18","17020018","17020143","chr20","22552237","22552361","28","5532219"
"chr18","17149283","17149413","chr1","130749988","130750121","28","113600705"
"chr18","17258265","17258419","chr18","8798182","8798337","10","8460083"
"chr18","17269610","17269842","chr18","8811149","8811379","23","8458461"
"chr18","17483566","17483874","chr18","9071330","9071618","37","8412236"
"chr18","17547756","17547880","chr18","9137657","9137780","7","8410099"
"chr18","17658562","17658697","chr19","3881316","3881448","28","13777246"
"chr18","17783898","17784201","chr18","9352697","9352998","20","8431201"
"chr18","17914491","17914792","chr18","9482870","9483174","22","8431621"
"chr18","18329380","18329562","chr18","49456949","49457129","39","31127569"
"chr18","18414755","18415036","chr18","9984212","9984483","31","8430543"
"chr18","18433254","18433402","chr18","10684709","10684863","34","7748545"
"chr18","18443050","18443354","chr5","85346934","85347235","65","66903884"
"chr18","18453610","18453906","chr18","10026005","10026302","24","8427605"
"chr18","18494458","18494617","chr1","207759961","207760110","32","189265503"
"chr18","18690500","18690805","chr18","10270398","10270704","18","8420102"
"chr18","18694343","18694646","chr18","10274612","10274915","24","8419731"
"chr18","18716454","18716599","chr18","10297347","10297490","11","8419107"
"chr18","18768267","18768579","chr18","10341532","10341846","26","8426735"
"chr18","18799512","18799818","chr4","56822567","56822872","67","38023055"
"chr18","19626573","19626869","chr4","38241683","38241978","69","18615110"
"chr18","19680548","19680839","chr18","11279367","11279661","23","8401181"
"chr18","19759765","19760026","chr18","11354114","11354377","16","8405651"
"chr18","19771475","19771758","chr18","11359996","11360275","20","8411479"
"chr18","19829134","19829404","chr18","55185011","55185292","69","35355877"
"chr18","19965317","19965596","chr18","11581172","11581465","51","8384145"
"chr18","20247501","20247625","chr18","11853683","11853800","18","8393818"
"chr18","20356039","20356357","chr18","11965616","11965935","14","8390423"
"chr18","20386460","20386614","chr1","17554209","17554365","30","2832251"
"chr18","20386927","20387060","chr18","11989073","11989207","14","8397854"
"chr18","20400314","20400604","chr10","27157967","27158263","65","6757653"
"chr18","20446712","20446999","chr18","12050353","12050637","33","8396359"
"chr18","20483529","20483686","chr18","12087242","12087399","11","8396287"
"chr18","20492296","20492561","chr18","12095918","12096186","16","8396378"
"chr18","20493790","20494023","chr18","12096888","12097120","17","8396902"
"chr18","20831091","20831385","chr16","20926004","20926296","59","94913"
"chr18","20911308","20911611","chr18","12525824","12526129","36","8385484"
"chr18","20915786","20915909","chr7","84453526","84453647","21","63537740"
"chr18","21022624","21022880","chr18","12639595","12639855","27","8383029"
"chr18","21043633","21043746","chr1","93985549","93985656","22","72941916"
"chr18","21158383","21158518","chr18","12775664","12775794","12","8382719"
"chr18","21297442","21297652","chr18","12899979","12900186","13","8397463"
"chr18","21731741","21732037","chr18","13362675","13362971","13","8369066"
"chr18","22115401","22115688","chr18","13764143","13764445","37","8351258"
"chr18","22313022","22313354","chr18","13964027","13964351","31","8348995"
"chr18","22778487","22778647","chr18","14411118","14411280","10","8367369"
"chr18","23164057","23164349","chr18","14785103","14785388","32","8378954"
"chr18","23439248","23439562","chr11","116545147","116545455","81","93105899"
"chr18","23471697","23472003","chr18","15098936","15099217","36","8372761"
"chr18","23478271","23478551","chr18","15105240","15105520","15","8373031"
"chr18","23704144","23704435","chr16","40152693","40152992","71","16448549"
"chr18","23914133","23914435","chr18","15597862","15598161","22","8316271"
"chr18","23929414","23929553","chr18","15613471","15613610","10","8315943"
"chr18","24331630","24331881","chr7","113262168","113262422","64","88930538"
"chr18","24414675","24414728","chr17","39819915","39819968","14","15405240"
"chr18","25062269","25062399","chr18","16735130","16735260","4","8327139"
"chr18","26293168","26293467","chr18","17999294","17999592","19","8293874"
"chr18","26351607","26351912","chr18","18062870","18063185","41","8288737"
"chr18","26497497","26497578","chr18","18193385","18193468","7","8304112"
"chr18","26647735","26647961","chr18","18347289","18347505","24","8300446"
"chr18","26965092","26965222","chr5","182580375","182580506","36","155615283"
"chr18","26965256","26965375","chr17","81612054","81612179","20","54646798"
"chr18","27953319","27953590","chr18","19672060","19672311","29","8281259"
"chr18","28744501","28744638","chr1","5954140","5954271","25","22790361"
"chr18","28802501","28802773","chr15","39362329","39362566","88","10559828"
"chr18","28891181","28891327","chr6","76827038","76827187","29","47935857"
"chr18","29364215","29364502","chr1","44700288","44700574","67","15336073"
"chr18","29416167","29416372","chr18","21171552","21171757","11","8244615"
"chr18","30916192","30916328","chr2","178816211","178816345","43","147900019"
"chr18","30916362","30916485","chr1","899763","899888","27","30016599"
"chr18","31182205","31182508","chr18","23032149","23032448","21","8150056"
"chr18","31291460","31291603","chr18","23144302","23144442","16","8147158"
"chr18","31627526","31627789","chr9","116197088","116197353","69","84569562"
"chr18","31676861","31677130","chr6","121574396","121574657","65","89897535"
"chr18","32291856","32292140","chr18","24181758","24182052","36","8110098"
"chr18","32302532","32302783","chr18","24192493","24192749","22","8110039"
"chr18","32317136","32317234","chr2","102887029","102887113","21","70569893"
"chr18","32389108","32389154","chr10","82811975","82812024","11","50422867"
"chr18","32705563","32705841","chr18","24585934","24586211","16","8119629"
"chr18","32755874","32756039","chr20","41373534","41373710","46","8617660"
"chr18","32831179","32831363","chr18","24710826","24711026","32","8120353"
"chr18","32833223","32833522","chr18","24712840","24713123","29","8120383"
"chr18","32857547","32857734","chr18","24737070","24737274","35","8120477"
"chr18","32882800","32882971","chr20","18625219","18625384","46","14257581"
"chr18","32966819","32967001","chr18","24826590","24826772","10","8140229"
"chr18","33008596","33008883","chr18","24869430","24869749","47","8139166"
"chr18","33636470","33636755","chr18","25484252","25484538","19","8152218"
"chr18","33794275","33794565","chr18","25643462","25643750","29","8150813"
"chr18","33914932","33915224","chr11","25404502","25404797","76","8510430"
"chr18","33967919","33968173","chr18","25808674","25808922","28","8159245"
"chr18","34548972","34549260","chr18","26384800","26385095","21","8164172"
"chr18","35347954","35348241","chr18","27260059","27260345","17","8087895"
"chr18","35577650","35577905","chr18","67022854","67023120","70","31445204"
"chr18","35600737","35600836","chr18","27517720","27517819","4","8083017"
"chr18","35637427","35637700","chr18","67022854","67023120","68","31385427"
"chr18","36960900","36961181","chr18","28956819","28957118","41","8004081"
"chr18","37349764","37350030","chr18","29347181","29347443","33","8002583"
"chr18","37843476","37843739","chr1","87600752","87601006","69","49757276"
"chr18","38647795","38647930","chr18","30627012","30627147","17","8020783"
"chr18","38681848","38682171","chr18","30660981","30661279","54","8020867"
"chr18","39122669","39122805","chr18","31109951","31110104","33","8012718"
"chr18","40443695","40443967","chr4","107482202","107482483","64","67038507"
"chr18","40674214","40674508","chr1","22927817","22928115","76","17746397"
"chr18","41200448","41200576","chr18","33319897","33320023","13","7880551"
"chr18","42260900","42261186","chr18","34388626","34388911","14","7872274"
"chr18","42890803","42891111","chr18","35003607","35003908","33","7887196"
"chr18","43010193","43010440","chr1","66567477","66567725","67","23557284"
"chr18","43098491","43098579","chr18","35220196","35220293","15","7878295"
"chr18","43104868","43105166","chr4","97880591","97880887","78","54775723"
"chr18","43106040","43106334","chr18","35227894","35228195","29","7878146"
"chr18","43264853","43265161","chr5","153651837","153652140","71","110386984"
"chr18","43280253","43280540","chr18","35407305","35407587","34","7872948"
"chr18","43873146","43873454","chr18","35997160","35997469","25","7875986"
"chr18","44756191","44756484","chr11","50694576","50694861","61","5938385"
"chr18","45276657","45276778","chr18","37458087","37458199","17","7818570"
"chr18","45353613","45353914","chr18","37589623","37589935","26","7763990"
"chr18","45988460","45988580","chr18","38228540","38228660","7","7759920"
"chr18","45990739","45991056","chr18","38230848","38231108","76","7759891"
"chr18","46104202","46104459","chr18","38344433","38344698","24","7759769"
"chr18","46166996","46167147","chr7","36412611","36412758","32","9754385"
"chr18","46255099","46255297","chr18","38504117","38504318","14","7750982"
"chr18","46478358","46478653","chr9","94961059","94961353","62","48482701"
"chr18","46786548","46786843","chr18","39065620","39065928","26","7720928"
"chr18","46832290","46832512","chr18","39121828","39122050","20","7710462"
"chr18","47343315","47343624","chr12","46573075","46573392","62","770240"
"chr18","47344619","47344749","chr18","39708430","39708560","9","7636189"
"chr18","47413344","47413466","chr19","1768858","1768974","30","45644486"
"chr18","47547422","47547702","chr2","188151782","188152065","61","140604360"
"chr18","47574975","47575262","chr18","39942085","39942363","27","7632890"
"chr18","47714315","47714471","chr4","44255891","44256043","25","3458424"
"chr18","47753566","47753770","chr18","40122795","40122991","16","7630771"
"chr18","47778388","47778519","chr18","40148466","40148594","11","7629922"
"chr18","47922773","47922915","chr1","54541044","54541191","35","6618271"
"chr18","47951307","47951445","chr18","40325166","40325310","14","7626141"
"chr18","47990162","47990448","chr18","40363449","40363730","20","7626713"
"chr18","48012281","48012411","chr18","40386261","40386391","5","7626020"
"chr18","48120388","48120683","chr18","40494730","40495019","30","7625658"
"chr18","48603266","48603522","chr18","40988796","40989053","14","7614470"
"chr18","49522732","49522864","chr11","89801932","89802065","26","40279200"
"chr18","49819001","49819101","chr3","123722830","123722923","31","73903829"
"chr18","49819247","49819432","chr14","47797762","47797934","51","2021485"
"chr18","50647550","50647794","chr7","92363587","92363827","73","41716037"
"chr18","50802975","50803278","chr18","43334302","43334605","24","7468673"
"chr18","51292237","51292374","chr18","44000265","44000402","8","7291972"
"chr18","51450884","51451187","chr18","44176048","44176351","11","7274836"
"chr18","51619599","51619894","chr6","125052342","125052640","63","73432743"
"chr18","51792521","51792829","chr18","44515150","44515456","28","7277371"
"chr18","51818802","51819089","chr18","44541524","44541822","41","7277278"
"chr18","52182320","52182607","chr18","44906690","44906972","22","7275630"
"chr18","52541625","52541923","chr18","45289940","45290245","26","7251685"
"chr18","53178869","53179170","chr18","45913816","45914127","31","7265053"
"chr18","54239136","54239249","chr2","150253312","150253430","23","96014176"
"chr18","54239592","54239607","chr15","49519628","49519638","6","4719964"
"chr18","54619228","54619436","chr18","47357864","47358079","25","7261364"
"chr18","54760296","54760573","chr18","47505744","47506015","31","7254552"
"chr18","54899812","54900093","chr18","47646066","47646336","40","7253746"
"chr18","54977573","54977724","chr18","47721228","47721382","17","7256345"
"chr18","55019287","55019387","chr19","25579785","25579879","19","29439502"
"chr18","55152650","55152959","chr18","47899617","47899921","23","7253033"
"chr18","55181862","55182031","chr9","88903451","88903631","43","33721589"
"chr18","55674560","55674860","chr18","48483590","48483891","26","7190970"
"chr18","55877282","55877418","chr8","26277262","26277394","21","29600020"
"chr18","56269322","56269591","chr18","49065140","49065415","18","7204182"
"chr18","56523264","56523370","chr17","54315143","54315245","28","2208121"
"chr18","56585082","56585306","chr18","49384112","49384335","24","7200970"
"chr18","56636886","56637200","chr12","82438785","82439091","77","25801899"
"chr18","56655032","56655212","chr18","49456949","49457129","13","7198083"
"chr18","56794148","56794426","chr18","49611823","49612099","23","7182325"
"chr18","57135465","57135601","chr13","74782008","74782141","24","17646543"
"chr18","57355347","57355600","chr4","119591104","119591361","69","62235757"
"chr18","58393769","58393931","chr18","51256073","51256233","16","7137696"
"chr18","58399451","58399574","chr18","51260112","51260235","19","7139339"
"chr18","58520622","58520969","chr7","155390575","155390907","96","96869953"
"chr18","58891671","58891933","chr18","51769231","51769514","35","7122440"
"chr18","59075221","59075468","chr5","107959828","107960079","65","48884607"
"chr18","59139256","59139596","chr18","52021329","52021655","43","7117927"
"chr18","59308734","59309016","chr18","52191890","52192162","24","7116844"
"chr18","59340031","59340346","chr18","52222799","52223117","16","7117232"
"chr18","59507533","59507703","chr16","23239147","23239320","49","36268386"
"chr18","59573616","59573893","chr6","110950645","110950920","66","51377029"
"chr18","60005880","60006171","chr18","52906335","52906617","43","7099545"
"chr18","60136047","60136336","chr7","33661253","33661545","64","26474794"
"chr18","60143317","60143570","chr11","100741134","100741372","82","40597817"
"chr18","60171632","60171912","chr6","78799285","78799566","49","18627653"
"chr18","60280027","60280179","chr18","53182690","53182859","26","7097337"
"chr18","60372973","60373108","chr18","53307771","53307900","8","7065202"
"chr18","60953394","60953567","chr18","55256623","55256799","17","5696771"
"chr18","61026298","61026581","chr18","55185011","55185292","24","5841287"
"chr18","62518588","62518694","chr18","55528961","55529079","19","6989627"
"chr18","62518734","62518881","chr18","55529121","55529270","6","6989613"
"chr18","62590327","62590635","chr18","55600311","55600620","21","6990016"
"chr18","62936317","62936435","chr9","26631212","26631329","31","36305105"
"chr18","63885605","63885735","chr19","19541216","19541349","21","44344389"
"chr18","64797826","64798130","chr18","58008344","58008647","34","6789482"
"chr18","65758224","65758515","chr18","59094071","59094367","28","6664153"
"chr18","65992660","65992952","chr12","114704067","114704361","70","48711407"
"chr18","66656882","66657168","chr18","60040308","60040597","52","6616574"
"chr18","66752633","66752926","chr11","9824674","9824967","54","56927959"
"chr18","67275471","67275760","chr18","51769231","51769514","66","15506240"
"chr18","67692731","67692848","chr16","75352770","75352881","33","7660039"
"chr18","68006215","68006494","chr18","61288034","61288332","49","6718181"
"chr18","68769547","68769827","chr13","43010164","43010451","70","25759383"
"chr18","69301772","69301977","chr18","62801745","62801963","25","6500027"
"chr18","69372963","69373244","chrX","31647258","31647530","71","37725705"
"chr18","69724799","69725089","chr18","63260477","63260779","29","6464322"
"chr18","69803896","69804086","chr18","63337406","63337608","34","6466490"
"chr18","71197715","71197817","chr18","64693842","64693943","8","6503873"
"chr18","71354383","71354678","chr2","168355235","168355527","72","97000852"
"chr18","71499500","71499640","chr11","112386892","112387039","38","40887392"
"chr18","71758883","71759194","chr18","65277378","65277682","17","6481505"
"chr18","73568170","73568303","chr18","67063126","67063259","6","6505044"
"chr18","73680013","73680151","chr18","67220987","67221118","20","6459026"
"chr18","75527736","75528038","chr18","68959266","68959569","32","6568470"
"chr18","75773239","75773539","chr18","69183819","69184148","55","6589420"
"chr18","76120886","76121013","chr7","139060280","139060408","22","62939394"
"chr18","76714170","76714457","chr18","69750204","69750484","41","6963966"
"chr18","77032849","77032971","chr19","34635913","34636034","22","42396936"
"chr19","3538867","3539000","chr16","51618808","51618941","27","48079941"
"chr19","41156570","41156699","chr19","31390929","31391058","10","9765641"
"chr19","576528","576663","chr3","34619720","34619856","24","34043192"
"chr19","827321","827452","chr1","166101477","166101608","28","165274156"
"chr19","866017","866145","chr19","661275","661403","11","204742"
"chr19","941394","941559","chr19","738433","738599","11","202961"
"chr19","1053231","1053410","chr19","847037","847217","14","206194"
"chr19","1514235","1514276","chr16","23388324","23388366","8","21874089"
"chr19","1514602","1514762","chr13","107790394","107790551","37","106275792"
"chr19","1556282","1556417","chr20","9188693","9188824","25","7632411"
"chr19","1972987","1973112","chr14","31672812","31672935","21","29699825"
"chr19","2067339","2067471","chr3","41826110","41826242","19","39758771"
"chr19","2261233","2261384","chr3","126620481","126620621","34","124359248"
"chr19","2355705","2355848","chr15","18535399","18535538","29","16179694"
"chr19","2558543","2558612","chr9","50345408","50345476","18","47786865"
"chr19","2558614","2558824","chr19","2475011","2475228","26","83603"
"chr19","2607011","2607142","chr19","2531707","2531836","19","75304"
"chr19","2614367","2614460","chr19","2539328","2539420","7","75039"
"chr19","2833737","2834018","chr19","39189255","39189538","63","36355518"
"chr19","2883276","2883550","chr19","2832761","2833045","28","50515"
"chr19","3239324","3239464","chr4","35711252","35711389","25","32471928"
"chr19","3329808","3329920","chr19","3307215","3307326","6","22593"
"chr19","3670336","3670470","chr19","3712228","3712340","27","41892"
"chr19","3777420","3777561","chr19","3836692","3836833","5","59272"
"chr19","3828573","3828708","chr19","3881316","3881448","12","52743"
"chr19","3843084","3843232","chr7","114933298","114933453","30","111090214"
"chr19","3908184","3908317","chr9","63344988","63345119","23","59436804"
"chr19","4074813","4074959","chr3","157204243","157204376","30","153129430"
"chr19","4088399","4088551","chr3","133031705","133031853","39","128943306"
"chr19","4107067","4107196","chr12","113871642","113871766","27","109764575"
"chr19","4230784","4230919","chr7","97166339","97166470","25","92935555"
"chr19","4654815","4654910","chr19","4813908","4814003","3","159093"
"chr19","4711501","4711626","chr12","45747641","45747765","22","41036140"
"chr19","4711933","4711967","chr1","164716745","164716775","15","160004812"
"chr19","4805630","4805760","chr3","157204243","157204376","19","152398613"
"chr19","5322021","5322184","chr4","106616558","106616719","29","101294537"
"chr19","5335878","5336199","chr1","23789916","23790234","76","18454038"
"chr19","5486758","5486778","chr6","175033159","175033175","5","169546401"
"chr19","5487054","5487140","chr10","25425564","25425639","22","19938510"
"chr19","5983129","5983261","chr8","107190380","107190511","21","101207251"
"chr19","6142446","6142582","chr9","122113887","122114022","21","115971441"
"chr19","6413934","6413944","chr10","31786595","31786605","3","25372661"
"chr19","6413979","6414096","chr19","6664491","6664619","15","250512"
"chr19","6434619","6434765","chr10","30339443","30339585","32","23904824"
"chr19","6510226","6510378","chr1","207542623","207542774","27","201032397"
"chr19","6670178","6670306","chr2","106371891","106372025","29","99701713"
"chr19","6702996","6703130","chr19","6935364","6935502","14","232368"
"chr19","6718379","6718436","chr1","201849461","201849518","13","195131082"
"chr19","6767069","6767365","chr19","6999544","6999841","20","232475"
"chr19","6787833","6788067","chr19","7023261","7023492","27","235428"
"chr19","7208432","7208548","chr12","45747641","45747765","20","38539209"
"chr19","7208579","7208863","chr19","7236093","7236375","28","27514"
"chr19","7281529","7281826","chr19","7304998","7305296","12","23469"
"chr19","7291962","7292257","chr6","38278853","38279129","81","30986891"
"chr19","7440590","7440871","chr19","7419107","7419388","13","21483"
"chr19","7529705","7529839","chr1","94419828","94419958","25","86890123"
"chr19","7574424","7574722","chr5","81455492","81455787","67","73881068"
"chr19","7622990","7623136","chr1","129785554","129785698","30","122162564"
"chr19","7735110","7735401","chr4","3423934","3424217","55","4311176"
"chr19","7804785","7804919","chr6","67969380","67969511","22","60164595"
"chr19","7828034","7828168","chr3","39029592","39029725","27","31201558"
"chr19","7955587","7955713","chr1","211380231","211380357","28","203424644"
"chr19","7956005","7956031","chr1","22576782","22576801","12","14620777"
"chr19","7956342","7956502","chr8","139878884","139879042","29","131922542"
"chr19","7961463","7961572","chr3","39555854","39555963","22","31594391"
"chr19","8051152","8051328","chr4","17821051","17821205","50","9769899"
"chr19","8111517","8111602","chr7","98715281","98715366","23","90603764"
"chr19","8171600","8171730","chr3","41409893","41410017","25","33238293"
"chr19","8193441","8193571","chr3","84801975","84802107","20","76608534"
"chr19","8252406","8252673","chr14","20057039","20057305","57","11804633"
"chr19","8360844","8360968","chr14","123163277","123163406","30","114802433"
"chr19","8361276","8361345","chr1","223483583","223483638","29","215122307"
"chr19","8434153","8434265","chr9","110578320","110578437","31","102144167"
"chr19","8434543","8434573","chrX","13212513","13212541","5","4777970"
"chr19","8464789","8464839","chr9","108869549","108869600","11","100404760"
"chr19","8777763","8778062","chr6","125052342","125052640","65","116274579"
"chr19","8832740","8833048","chr19","49327875","49328182","64","40495135"
"chr19","9337739","9337859","chr7","56164759","56164878","24","46827020"
"chr19","9338172","9338200","chr1","20138701","20138722","11","10800529"
"chr19","9338498","9338678","chr12","88415959","88416136","41","79077461"
"chr19","9425147","9425332","chr6","70162312","70162480","53","60737165"
"chr19","9448135","9448271","chr19","9265413","9265550","11","182722"
"chr19","9484349","9484504","chr13","20877631","20877788","30","11393282"
"chr19","9551133","9551270","chr1","41613056","41613210","39","32061923"
"chr19","9615845","9615969","chr19","9426096","9426222","11","189749"
"chr19","9830929","9831094","chr6","56831713","56831875","49","47000784"
"chr19","9872883","9872997","chr19","9653130","9653245","8","219753"
"chr19","10087426","10087720","chr19","9874166","9874456","19","213260"
"chr19","10306976","10307126","chr19","10105049","10105203","9","201927"
"chr19","10399928","10400203","chr19","39189255","39189538","74","28789327"
"chr19","10542916","10543004","chr19","10353142","10353230","2","189774"
"chr19","10597870","10598006","chr19","10419308","10419433","19","178562"
"chr19","10641350","10641471","chr2","148554865","148554989","21","137913515"
"chr19","10908247","10908409","chr5","40635179","40635356","54","29726932"
"chr19","10985949","10986079","chrX","144541916","144542049","19","133555967"
"chr19","11177053","11177304","chr6","110950645","110950920","64","99773592"
"chr19","11203706","11203803","chr19","10977206","10977303","5","226500"
"chr19","11283823","11283941","chr11","109165596","109165716","29","97881773"
"chr19","11326202","11326509","chr1","10636980","10637278","62","689222"
"chr19","11359292","11359420","chr19","11112811","11112939","11","246481"
"chr19","11409562","11409743","chr19","11167913","11168102","28","241649"
"chr19","11441278","11441545","chr19","11206775","11207023","42","234503"
"chr19","11531733","11531880","chr3","126620481","126620621","29","115088748"
"chr19","11541165","11541291","chr15","41374736","41374861","26","29833571"
"chr19","11542628","11542861","chrX","10585268","10585497","57","957360"
"chr19","11940447","11940597","chr19","11726301","11726451","10","214146"
"chr19","12629396","12629564","chr9","63538178","63538343","38","50908782"
"chr19","12705752","12705893","chr3","46195761","46195897","33","33490009"
"chr19","12794124","12794326","chr19","12458180","12458402","35","335944"
"chr19","12916143","12916269","chr19","12554260","12554388","13","361883"
"chr19","12918489","12918695","chr1","40003514","40003738","58","27085025"
"chr19","12993717","12994013","chr19","12628003","12628284","23","365714"
"chr19","13043607","13043741","chr19","14782101","14782226","25","1738494"
"chr19","13071145","13071273","chr10","13580066","13580192","25","508921"
"chr19","13114637","13114759","chr10","15510391","15510513","18","2395754"
"chr19","13121747","13121939","chr9","18573311","18573509","60","5451564"
"chr19","13307285","13307415","chr17","81275044","81275175","22","67967759"
"chr19","13426859","13426987","chr19","13089330","13089460","5","337529"
"chr19","13595880","13596216","chr19","13282515","13282814","52","313365"
"chr19","13636467","13636772","chr19","13327902","13328211","20","308565"
"chr19","13692308","13692446","chr3","13531543","13531676","29","160765"
"chr19","13692748","13692926","chr7","67206292","67206472","41","53513544"
"chr19","13926192","13926253","chr1","188170869","188170922","12","174244677"
"chr19","13983451","13983593","chr19","13684565","13684692","22","298886"
"chr19","13983882","13984044","chr19","13684971","13685145","18","298911"
"chr19","14065890","14066012","chr7","84453526","84453647","19","70387636"
"chr19","14211979","14212219","chr19","13926828","13927067","25","285151"
"chr19","14230638","14230697","chr19","13946076","13946135","3","284562"
"chr19","14231004","14231096","chr19","13946744","13946829","10","284260"
"chr19","14231392","14231571","chr19","13947116","13947285","24","284276"
"chr19","14240756","14241074","chr19","13955398","13955701","47","285358"
"chr19","14292760","14293070","chr4","167856855","167857161","62","153564095"
"chr19","14332956","14333082","chr1","100917561","100917687","26","86584605"
"chr19","14415639","14415746","chr8","124259672","124259772","26","109844033"
"chr19","14416042","14416112","chr1","38316544","38316610","22","23900502"
"chr19","14521287","14521427","chr1","23061463","23061601","26","8540176"
"chr19","14715421","14715713","chr6","94608139","94608428","65","79892718"
"chr19","14723912","14724044","chr12","100835212","100835345","20","86111300"
"chr19","14861330","14861466","chr19","31191819","31191955","28","16330489"
"chr19","14956408","14956552","chr10","30339443","30339585","21","15383035"
"chr19","15007667","15007838","chr9","58386223","58386382","54","43378556"
"chr19","15013001","15013194","chr14","93401809","93401958","62","78388808"
"chr19","15079515","15079774","chr1","51073987","51074252","79","35994472"
"chr19","15493148","15493395","chr19","14859924","14860131","50","633224"
"chr19","15583135","15583269","chr9","63344988","63345119","23","47761853"
"chr19","15933558","15933689","chr9","122113887","122114022","20","106180329"
"chr19","16862391","16862461","chr19","16343250","16343320","4","519141"
"chr19","16862764","16862921","chr19","16343631","16343791","17","519133"
"chr19","16981646","16981791","chr13","74782008","74782141","28","57800362"
"chr19","17123301","17123438","chr19","16610898","16611024","13","512403"
"chr19","17153743","17154010","chr19","16646640","16646947","57","507103"
"chr19","17210057","17210107","chr8","30850800","30850854","12","13640743"
"chr19","17293703","17293809","chr19","16774079","16774185","9","519624"
"chr19","17385675","17385836","chr3","34558751","34558916","44","17173076"
"chr19","17616819","17617109","chr19","17093141","17093426","22","523678"
"chr19","17626393","17626757","chr6","175612225","175612578","108","157985832"
"chr19","17636478","17636777","chr19","17113301","17113596","21","523177"
"chr19","17669592","17669720","chr5","104799309","104799443","23","87129717"
"chr19","17757968","17758105","chr15","9717035","9717171","20","8040933"
"chr19","17809299","17809578","chr19","17291560","17291835","19","517739"
"chr19","17891645","17891694","chr3","125056185","125056233","11","107164540"
"chr19","18169593","18169723","chr16","51254153","51254282","23","33084560"
"chr19","18279070","18279219","chr5","183273648","183273807","43","164994578"
"chr19","18279539","18279668","chr16","66259824","66259953","29","47980285"
"chr19","18446672","18446806","chr19","17994081","17994215","8","452591"
"chr19","18504812","18504910","chr19","18051431","18051530","4","453381"
"chr19","18945205","18945329","chr19","18563379","18563502","27","381826"
"chr19","19066153","19066211","chr8","72034333","72034391","13","52968180"
"chr19","19202971","19203231","chr19","18837870","18838138","28","365101"
"chr19","19319796","19319935","chr10","30339443","30339585","23","11019647"
"chr19","19521194","19521331","chr1","134018877","134019008","19","114497683"
"chr19","19521634","19521829","chr19","19174771","19174967","36","346863"
"chr19","19597251","19597458","chr19","19255317","19255518","24","341934"
"chr19","19627571","19627657","chr3","99101539","99101623","26","79473968"
"chr19","19627983","19628113","chrX","147924919","147925048","20","128296936"
"chr19","19808639","19808781","chr19","19483441","19483575","36","325198"
"chr19","19820829","19820999","chr4","171045765","171045912","57","151224936"
"chr19","19821309","19821473","chr10","83093408","83093568","50","63272099"
"chr19","19861754","19861887","chr19","19541216","19541349","6","320538"
"chr19","19879561","19879638","chr6","79977535","79977617","29","60097974"
"chr19","19920759","19920810","chr19","19604212","19604265","7","316547"
"chr19","19973353","19973480","chr19","19657521","19657642","13","315832"
"chr19","20011849","20012143","chr6","135707902","135708195","66","115696053"
"chr19","20465706","20466000","chr19","20239233","20239519","39","226473"
"chr19","20871731","20871994","chr6","38278853","38279129","78","17407122"
"chr19","20951472","20951759","chr11","17144088","17144373","82","3807384"
"chr19","22552663","22552940","chr14","107819528","107819818","67","85266865"
"chr19","22588068","22588335","chr15","87865139","87865393","65","65277071"
"chr19","22856491","22856773","chr3","102241867","102242141","81","79385376"
"chr19","33732710","33732844","chr6","63960389","63960524","25","30227679"
"chr19","34203600","34203877","chr19","24277647","24277917","40","9925953"
"chr19","34630354","34630665","chr9","61004267","61004578","75","26373913"
"chr19","34944965","34945236","chr15","93193992","93194279","73","58249027"
"chr19","35214728","35214905","chr19","847037","847217","40","34367691"
"chr19","35349662","35349812","chr10","79748257","79748406","24","44398595"
"chr19","35508138","35508232","chr19","25579785","25579879","3","9928353"
"chr19","35590609","35590914","chr19","25674930","25675223","29","9915679"
"chr19","35731722","35731855","chr11","132289155","132289287","21","96557433"
"chr19","36148323","36148455","chr3","13531543","13531676","23","22616780"
"chr19","36306021","36306153","chr19","26389270","26389408","13","9916751"
"chr19","36627813","36627923","chr19","26714486","26714566","34","9913327"
"chr19","36925513","36925643","chr2","148554865","148554989","19","111629352"
"chr19","37309477","37309595","chr1","50282558","50282676","22","12973081"
"chr19","37309647","37309803","chr16","31032536","31032692","30","6277111"
"chr19","37456299","37456593","chr19","27561497","27561782","39","9894802"
"chr19","37476337","37476628","chr19","27584225","27584516","26","9892112"
"chr19","37798165","37798488","chr19","27956422","27956742","26","9841743"
"chr19","37836086","37836398","chr19","27993194","27993473","49","9842892"
"chr19","38237192","38237364","chr19","28398059","28398221","18","9839133"
"chr19","38241451","38241725","chr3","158849820","158850084","81","120608369"
"chr19","38279980","38280108","chr19","28447598","28447726","9","9832382"
"chr19","38444272","38444564","chr10","68198160","68198451","68","29753888"
"chr19","38513084","38513216","chr19","28673370","28673502","10","9839714"
"chr19","38588850","38589185","chr19","28743386","28743726","44","9845464"
"chr19","38651611","38651897","chr20","50475124","50475398","80","11823513"
"chr19","38740108","38740253","chrX","63489067","63489210","30","24748959"
"chr19","38864780","38865077","chr19","29152913","29153211","24","9711867"
"chr19","38981055","38981221","chr19","29267597","29267752","23","9713458"
"chr19","39029235","39029382","chr13","47122024","47122167","31","8092789"
"chr19","39716472","39716754","chr19","30029382","30029669","27","9687090"
"chr19","39757252","39757383","chr19","30071069","30071200","10","9686183"
"chr19","39783650","39783736","chr19","30093364","30093455","16","9690286"
"chr19","39812230","39812381","chr6","76827038","76827187","27","37014808"
"chr19","40017530","40017811","chr19","30341176","30341457","23","9676354"
"chr19","40096676","40096897","chr3","127644639","127644850","61","87547963"
"chr19","40158746","40158901","chr15","64783799","64783946","34","24625053"
"chr19","40224726","40225066","chr19","30529049","30529341","65","9695677"
"chr19","40430118","40430410","chr19","30641870","30642146","40","9788248"
"chr19","40735467","40735592","chr14","103112109","103112232","25","62376642"
"chr19","40875233","40875461","chr10","7943408","7943628","49","32931825"
"chr19","40947139","40947276","chr19","31191819","31191955","7","9755320"
"chr19","41067636","41067785","chr19","31314094","31314244","10","9753542"
"chr19","41087653","41087905","chr7","106930927","106931176","67","65843274"
"chr19","41089962","41090257","chr19","31328955","31329256","29","9761007"
"chr19","41761363","41761655","chr1","164835864","164836152","61","123074501"
"chr19","41806059","41806189","chr1","114967785","114967901","30","73161726"
"chr19","41815384","41815520","chr19","32090981","32091104","20","9724403"
"chr19","41878653","41878788","chr19","32151242","32151377","14","9727411"
"chr19","41998848","41999030","chr3","87148429","87148609","37","45149581"
"chr19","42001522","42001811","chr1","120454360","120454651","69","78452838"
"chr19","42094239","42094371","chr19","33543054","33543179","13","8551185"
"chr19","42162523","42162658","chr11","112900234","112900368","26","70737711"
"chr19","42322113","42322254","chr1","129785554","129785698","26","87463441"
"chr19","42408251","42408546","chr19","33220260","33220565","24","9187991"
"chr19","42600661","42600812","chr15","43491063","43491210","37","890402"
"chr19","42601112","42601271","chr11","110071969","110072127","34","67470857"
"chr19","42718846","42719144","chr19","32950027","32950317","54","9768819"
"chr19","43061346","43061499","chr19","32663703","32663857","8","10397643"
"chr19","43216247","43216510","chr6","117205796","117206055","62","73989549"
"chr19","43492630","43492899","chr9","57975438","57975706","68","14482808"
"chr19","43520519","43520812","chr4","43544153","43544436","55","23634"
"chr19","43663595","43663901","chr1","163240358","163240656","71","119576763"
"chr19","43744927","43745241","chr1","8350188","8350493","56","35394739"
"chr19","43825942","43826203","chr19","33873518","33873787","33","9952424"
"chr19","43880556","43880692","chr11","122324056","122324186","26","78443500"
"chr19","44170566","44170728","chr11","110071969","110072127","32","65901403"
"chr19","44246450","44246585","chr14","68514242","68514386","26","24267792"
"chr19","44255241","44255373","chr6","171547580","171547710","23","127292339"
"chr19","44299141","44299386","chr19","40130488","40130744","76","4168653"
"chr19","44433547","44433677","chr8","9941232","9941364","29","34492315"
"chr19","44478141","44478429","chr19","34553349","34553650","41","9924792"
"chr19","44539504","44539637","chr1","163076626","163076759","17","118537122"
"chr19","44550639","44550763","chr19","34635913","34636034","10","9914726"
"chr19","44695791","44696019","chr16","45926911","45927130","48","1231120"
"chr19","44696433","44696571","chr20","18748338","18748470","26","25948095"
"chr19","44702601","44702903","chrX","43739404","43739703","63","963197"
"chr19","44766930","44767225","chr2","42436845","42437128","63","2330085"
"chr19","45537409","45537544","chrX","144541916","144542049","18","99004507"
"chr19","45699099","45699376","chr3","126422448","126422740","67","80723349"
"chr19","45804253","45804383","chr7","69159470","69159604","25","23355217"
"chr19","46033939","46034139","chr19","36232440","36232640","12","9801499"
"chr19","46066103","46066228","chr4","31892487","31892614","24","14173616"
"chr19","46134873","46135005","chr12","30055825","30055957","21","16079048"
"chr19","46233155","46233237","chr19","40740014","40740089","23","5493141"
"chr19","46364015","46364139","chr3","3571705","3571828","20","42792310"
"chr19","46428025","46428182","chr19","36650122","36650280","24","9777903"
"chr19","46717113","46717401","chr11","42462053","42462314","96","4255060"
"chr19","46778995","46779126","chr19","37118607","37118730","11","9660388"
"chr19","46791847","46791966","chr11","1036149","1036272","21","45755698"
"chr19","46810257","46810557","chr19","37152938","37153236","28","9657319"
"chr19","46816303","46816469","chr12","84108448","84108615","35","37292145"
"chr19","47002029","47002345","chr1","42170013","42170304","84","4832016"
"chr19","47224252","47224384","chr12","30055825","30055957","24","17168427"
"chr19","47244182","47244480","chr6","125052342","125052640","65","77808160"
"chr19","47402723","47403005","chr13","34355232","34355516","62","13047491"
"chr19","47417002","47417130","chr19","37827684","37827816","17","9589318"
"chr19","47707803","47707934","chr3","157204243","157204376","21","109496440"
"chr19","47880607","47880894","chr19","38211765","38212052","15","9668842"
"chr19","49002901","49003191","chr19","38721054","38721357","31","10281847"
"chr19","49033438","49033555","chr16","60709618","60709736","30","11676180"
"chr19","49095433","49095567","chr19","52165635","52165767","28","3070202"
"chr19","49266028","49266323","chr19","38994953","38995263","41","10271075"
"chr19","49829377","49829583","chr12","115293157","115293374","53","65463780"
"chr19","49872072","49872371","chr19","39553393","39553689","14","10318679"
"chr19","50079353","50079503","chr10","71005301","71005450","35","20925948"
"chr19","50148420","50148521","chr13","94750736","94750841","30","44602316"
"chr19","50148803","50148972","chr19","39899841","39899981","39","10248962"
"chr19","50297726","50298016","chr1","44272464","44272753","59","6025262"
"chr19","50375850","50376102","chr19","40130488","40130744","13","10245362"
"chr19","50379255","50379378","chr2","110027481","110027601","24","59648226"
"chr19","50395336","50395478","chr19","40149875","40150012","8","10245461"
"chr19","50395768","50395929","chr19","40150307","40150451","23","10245461"
"chr19","50547729","50547870","chr4","43856748","43856892","29","6690981"
"chr19","50640575","50640656","chr14","112027888","112027975","17","61387313"
"chr19","50768780","50768929","chr15","10207969","10208111","28","40560811"
"chr19","50878459","50878583","chr2","147849750","147849871","37","96971291"
"chr19","51009210","51009349","chr19","40791066","40791208","10","10218144"
"chr19","51009646","51009808","chr19","40791829","40791990","8","10217817"
"chr19","51029512","51029824","chr17","80993762","80994070","59","29964250"
"chr19","51038284","51038419","chr8","17572510","17572648","23","33465774"
"chr19","51039957","51040085","chr3","177495206","177495333","23","126455249"
"chr19","51070694","51070819","chr6","155902023","155902147","21","104831329"
"chr19","51284829","51284959","chr2","104708095","104708220","24","53423266"
"chr19","51284962","51285151","chr19","41093064","41093258","18","10191898"
"chr19","51674083","51674214","chr6","148058470","148058600","35","96384387"
"chr19","51674783","51674915","chr3","13531543","13531676","24","38143240"
"chr19","51791118","51791266","chr4","43856748","43856892","30","7934370"
"chr19","51821180","51821304","chr19","41647253","41647366","23","10173927"
"chr19","51835785","51835914","chr1","100917561","100917687","23","49081776"
"chr19","52224502","52224645","chr1","220376410","220376552","24","168151908"
"chr19","52328387","52328455","chr2","172397053","172397118","18","120068666"
"chr19","52368563","52368683","chr16","61385678","61385795","36","9017115"
"chr19","52427301","52427500","chrX","98871667","98871847","63","46444366"
"chr19","52427788","52427901","chr19","42264711","42264824","7","10163077"
"chr19","52656407","52656530","chr7","84453526","84453647","23","31797119"
"chr19","53232827","53233026","chr13","61662041","61662235","47","8429214"
"chr19","53365087","53365287","chr4","7446603","7446808","41","45918484"
"chr19","53423634","53423775","chr3","126620481","126620621","30","73196847"
"chr19","54131605","54131738","chr1","138438131","138438265","25","84306526"
"chr19","54236892","54237062","chr2","93839016","93839180","44","39602124"
"chr19","54823769","54823898","chr11","132289155","132289287","20","77465386"
"chr19","54908531","54908830","chr11","103833436","103833731","57","48924905"
"chr19","55026491","55026635","chr15","8150163","8150300","32","46876328"
"chr19","55046660","55046787","chr19","44507525","44507663","17","10539135"
"chr19","55109726","55109866","chr11","12976906","12977044","24","42132820"
"chr19","55406100","55406228","chr16","69571936","69572068","26","14165836"
"chr19","55452587","55452719","chr19","44910796","44910944","22","10541791"
"chr19","55473593","55473738","chr4","43856748","43856892","22","11616845"
"chr19","55498133","55498260","chr19","44961596","44961723","6","10536537"
"chr19","55538973","55539095","chr8","25630761","25630885","24","29908212"
"chr19","55677575","55677843","chr19","45164883","45165175","37","10512692"
"chr19","55682534","55682799","chr19","45170257","45170524","23","10512277"
"chr19","55864869","55865097","chr10","7943408","7943628","60","47921461"
"chr19","56080552","56080683","chr19","45562281","45562423","19","10518271"
"chr19","56091433","56091563","chr3","13531543","13531676","16","42559890"
"chr19","56206898","56207176","chr12","59242431","59242705","68","3035533"
"chr19","56316924","56317050","chr14","31672812","31672935","27","24644112"
"chr19","56384807","56384945","chr3","116815127","116815261","22","60430320"
"chr19","56710886","56711070","chr19","46223867","46224032","31","10487019"
"chr19","56711363","56711491","chr19","46224335","46224465","18","10487028"
"chr19","56896500","56896665","chr19","46400434","46400599","7","10496066"
"chr19","57447917","57448038","chr1","211380231","211380357","24","153932314"
"chr19","57479119","57479253","chr6","132265695","132265829","30","74786576"
"chr19","57571416","57571739","chr19","46977617","46977943","14","10593799"
"chr19","57771723","57771835","chr19","47181117","47181230","8","10590606"
"chr19","57831627","57831910","chr19","47239642","47239894","42","10591985"
"chr19","58167480","58167643","chr19","47563287","47563451","12","10604193"
"chr19","58167951","58168055","chr19","47563758","47563863","4","10604193"
"chr19","58226427","58226717","chr19","47618280","47618573","46","10608147"
"chr19","58866184","58866326","chr19","48403263","48403405","5","10462921"
"chr19","58866627","58866682","chr19","48403704","48403759","7","10462923"
"chr19","58866956","58867077","chr19","48404073","48404189","11","10462883"
"chr19","59033038","59033322","chr19","48554458","48554758","32","10478580"
"chr19","59360303","59360440","chr19","48899189","48899326","11","10461114"
"chr19","59405931","59406064","chr19","48956700","48956825","19","10449231"
"chr19","59416288","59416574","chr15","14346857","14347161","72","45069431"
"chr19","59492344","59492445","chr19","49046293","49046384","19","10446051"
"chr19","59550498","59550593","chr19","49046293","49046384","14","10504205"
"chr19","59855629","59855840","chr16","45926911","45927130","42","13928718"
"chr19","59987504","59987634","chr19","49558721","49558851","9","10428783"
"chr19","61249017","61249115","chr2","153576628","153576736","22","92327611"
"chr19","61316311","61316434","chr17","81612054","81612179","26","20295743"
"chr19","61620243","61620383","chr15","18535399","18535538","19","43084844"
"chr19","62021553","62021617","chr12","39285471","39285525","21","22736082"
"chr19","62388107","62388447","chr19","52611965","52612294","38","9776142"
"chr19","62931618","62931752","chr19","52165635","52165767","7","10765983"
"chr19","62966288","62966415","chr19","52130983","52131127","37","10835305"
"chr19","63015499","63015639","chr10","72405728","72405866","40","9390229"
"chr19","63091314","63091582","chr19","52069517","52069759","64","11021797"
"chr19","63094352","63094654","chr19","52066523","52066827","25","11027829"
"chr19","63135709","63135990","chr8","43203415","43203707","59","19932294"
"chr19","63166867","63166968","chr1","84188758","84188855","28","21021891"
"chr19","63166994","63167101","chr6","154296125","154296230","28","91129131"
"chr19","63337662","63337790","chr19","51842887","51843015","1","11494775"
"chr19","63387072","63387361","chr19","51787330","51787619","16","11599742"
"chr19","63761075","63761265","chr19","51431638","51431825","22","12329437"
"chr19","63822303","63822608","chr19","51364148","51364438","36","12458155"
"chr19","64022685","64022784","chr4","35820839","35820944","22","28201846"
"chr19","64033526","64033659","chr1","214081927","214082058","37","150048401"
"chr19","64039854","64040129","chr19","51145255","51145554","46","12894599"
"chr19","64125599","64125782","chr19","51072767","51072969","35","13052832"
"chr20","167638","167926","chr10","32897745","32898048","37","32730107"
"chr20","310330","310506","chr10","33079161","33079338","23","32768831"
"chr20","313082","313210","chr20","42637067","42637193","19","42323985"
"chr20","390170","390313","chr7","17162294","17162440","31","16772124"
"chr20","455002","455151","chr11","119805860","119806014","27","119350858"
"chr20","503342","503478","chr10","35160767","35160902","26","34657425"
"chr20","775116","775379","chr2","18832951","18833235","76","18057835"
"chr20","1176756","1176830","chr10","68319930","68320002","19","67143174"
"chr20","2154749","2155021","chr5","25460025","25460297","63","23305276"
"chr20","2171055","2171179","chr3","126167933","126168057","22","123996878"
"chr20","2213689","2213822","chr10","35160767","35160902","14","32947078"
"chr20","2418313","2418449","chr10","35365579","35365714","10","32947266"
"chr20","2422529","2422820","chr10","35369028","35369321","27","32946499"
"chr20","2430142","2430406","chr10","35376763","35377028","14","32946621"
"chr20","2597476","2597752","chr7","35823304","35823579","70","33225828"
"chr20","2642430","2642715","chr16","50457434","50457708","66","47815004"
"chr20","2645330","2645624","chr10","35601385","35601679","26","32956055"
"chr20","2787980","2788143","chr10","35764505","35764664","17","32976525"
"chr20","2788441","2788565","chr10","35764967","35765092","20","32976526"
"chr20","2803390","2803521","chr11","132289155","132289287","22","129485765"
"chr20","2825253","2825501","chr10","35802625","35802886","27","32977372"
"chr20","2857259","2857540","chr10","35837466","35837748","23","32980207"
"chr20","3114433","3114720","chr10","36116772","36117053","31","33002339"
"chr20","3159220","3159362","chr12","87854864","87855004","30","84695644"
"chr20","3264919","3265227","chr10","36271368","36271676","15","33006449"
"chr20","3281998","3282140","chr5","21901476","21901614","32","18619478"
"chr20","3651539","3651663","chr10","36673153","36673277","4","33021614"
"chr20","3702710","3702869","chrX","47055663","47055827","40","43352953"
"chr20","3703169","3703287","chr9","38244699","38244821","29","34541530"
"chr20","3737979","3738279","chr10","36773877","36774186","32","33035898"
"chr20","3801340","3801638","chr10","36844451","36844751","21","33043111"
"chr20","4170331","4170581","chr9","89195305","89195545","56","85024974"
"chr20","4361513","4361809","chr10","37406216","37406513","17","33044703"
"chr20","4432511","4432698","chr10","37478208","37478393","15","33045697"
"chr20","4759793","4759944","chr9","30072254","30072394","34","25312461"
"chr20","4775659","4775949","chr8","7837262","7837554","67","3061603"
"chr20","4931083","4931327","chr10","38013168","38013401","32","33082085"
"chr20","4937880","4938055","chr10","38023596","38023772","10","33085716"
"chr20","5045193","5045446","chr5","77602568","77602833","69","72557375"
"chr20","5313273","5313532","chr7","51715862","51716133","63","46402589"
"chr20","5356769","5357065","chr16","29571975","29572270","71","24215206"
"chr20","5387472","5387736","chr10","38451502","38451755","33","33064030"
"chr20","5430974","5431110","chr11","118364583","118364719","20","112933609"
"chr20","5450168","5450451","chr1","12308661","12308946","56","6858493"
"chr20","5756484","5756592","chr7","125485778","125485884","22","119729294"
"chr20","5775019","5775322","chr10","68198160","68198451","70","62423141"
"chr20","5776386","5776677","chr10","38856061","38856364","40","33079675"
"chr20","5859910","5860160","chr10","38937458","38937716","23","33077548"
"chr20","6022425","6022556","chr10","39102751","39102873","18","33080326"
"chr20","6176861","6177150","chr4","38116052","38116354","55","31939191"
"chr20","7716414","7716684","chr10","40871003","40871281","32","33154589"
"chr20","7965452","7965656","chr10","41125602","41125801","18","33160150"
"chr20","7991812","7992096","chr11","25990609","25990893","63","17998797"
"chr20","8750129","8750404","chr10","41950923","41951196","15","33200794"
"chr20","8823582","8823886","chr10","42028262","42028567","34","33204680"
"chr20","8850261","8850344","chr10","42054490","42054570","10","33204229"
"chr20","9471923","9472035","chr2","75247754","75247871","27","65775831"
"chr20","9472766","9473053","chr10","42449867","42450148","39","32977101"
"chr20","9550914","9551073","chr7","70977213","70977371","40","61426299"
"chr20","9565694","9565968","chr10","42542617","42542877","27","32976923"
"chr20","10221588","10221720","chr2","104708095","104708220","27","94486507"
"chr20","10277188","10277485","chr10","27157967","27158263","57","16880779"
"chr20","10456555","10456720","chr4","44802514","44802671","47","34345959"
"chr20","10456802","10456923","chr2","83863180","83863294","34","73406378"
"chr20","10730615","10730915","chr10","43709816","43710103","33","32979201"
"chr20","11061115","11061372","chr10","44033140","44033367","45","32972025"
"chr20","11126136","11126363","chr9","91227649","91227868","62","80101513"
"chr20","11346312","11346615","chr10","44361383","44361681","32","33015071"
"chr20","12274566","12274701","chr6","63960389","63960524","21","51685823"
"chr20","12342852","12343159","chr1","92581121","92581411","77","80238269"
"chr20","12457553","12457704","chr10","45544616","45544764","18","33087063"
"chr20","13349627","13349833","chr10","46434303","46434511","11","33084676"
"chr20","13350255","13350544","chr10","46434929","46435244","52","33084674"
"chr20","13419613","13419918","chr20","70726586","70726883","65","57306973"
"chr20","13665029","13665253","chr1","45120983","45121202","65","31455954"
"chr20","13665539","13665651","chr2","63940325","63940434","24","50274786"
"chr20","13702001","13702292","chr10","46786605","46786909","32","33084604"
"chr20","13857505","13857793","chr7","122657091","122657373","67","108799586"
"chr20","14433444","14433720","chr10","47626146","47626434","35","33192702"
"chr20","14722553","14722679","chr10","47918991","47919115","9","33196438"
"chr20","14930388","14930672","chr13","33420750","33421036","56","18490362"
"chr20","15914541","15914827","chr10","49128941","49129218","26","33214400"
"chr20","16138378","16138494","chr10","10572666","10572789","19","5565712"
"chr20","16934222","16934502","chr4","73566288","73566560","60","56632066"
"chr20","17631064","17631381","chr3","102005797","102006102","69","84374733"
"chr20","17911463","17911759","chr10","51135424","51135697","45","33223961"
"chr20","18493569","18493868","chr10","51734434","51734728","17","33240865"
"chr20","18778543","18778680","chr11","48199023","48199164","30","29420480"
"chr20","19129380","19129503","chr1","45815412","45815540","24","26686032"
"chr20","19661783","19662094","chr10","52877851","52878156","25","33216068"
"chr20","20189179","20189352","chr5","40635179","40635356","39","20446000"
"chr20","20458486","20458806","chr10","53679736","53680039","35","33221250"
"chr20","20708937","20709089","chr10","53926182","53926356","29","33217245"
"chr20","20904838","20905128","chr10","54116394","54116683","25","33211556"
"chr20","21059849","21060164","chr8","100594030","100594332","71","79534181"
"chr20","21325953","21326082","chr1","40048117","40048243","17","18722164"
"chr20","21327516","21327817","chr10","54541918","54542193","38","33214402"
"chr20","22914787","22915101","chr1","23789916","23790234","66","875129"
"chr20","23452968","23453088","chr4","109297937","109298055","35","85844969"
"chr20","23584211","23584367","chr10","56437305","56437456","16","32853094"
"chr20","23584661","23584817","chr10","56437766","56437929","16","32853105"
"chr20","23911758","23911849","chr9","15544298","15544391","19","8367460"
"chr20","24081827","24082113","chr7","19632617","19632910","75","4449210"
"chr20","24163564","24163850","chr7","19632617","19632910","73","4530947"
"chr20","24604967","24605227","chr10","57308317","57308568","27","32703350"
"chr20","24803933","24804244","chr10","57501682","57501979","23","32697749"
"chr20","25275084","25275391","chr2","137818502","137818812","68","112543418"
"chr20","25784078","25784259","chr10","58520265","58520444","31","32736187"
"chr20","25877552","25877860","chr10","58611689","58612000","20","32734137"
"chr20","25976447","25976738","chr10","58709289","58709585","25","32732842"
"chr20","26007149","26007304","chrX","71634084","71634235","43","45626935"
"chr20","28285521","28285803","chr10","32713154","32713438","21","4427633"
"chr20","28338200","28338368","chr10","32663771","32663932","20","4325571"
"chr20","28339565","28339873","chr9","32234214","32234513","77","3894649"
"chr20","28397858","28397977","chr16","14305263","14305385","20","14092595"
"chr20","29065183","29065324","chr14","18707828","18707967","27","10357355"
"chr20","29119982","29120125","chr4","43856748","43856892","26","14736766"
"chr20","29120418","29120446","chr20","118161","118184","9","29002257"
"chr20","29242177","29242308","chr10","32263399","32263533","8","3021222"
"chr20","29313062","29313189","chr19","52165635","52165767","22","22852573"
"chr20","29365991","29366227","chr10","32142654","32142903","28","2776663"
"chr20","29413065","29413081","chr15","30496958","30496972","6","1083893"
"chr20","29413129","29413244","chr19","7742339","7742455","21","21670790"
"chr20","29461141","29461457","chr18","35003607","35003908","76","5542466"
"chr20","29543072","29543377","chr10","31958045","31958333","32","2414973"
"chr20","29588660","29588785","chr1","50555025","50555155","28","20966365"
"chr20","29685860","29685991","chr8","92028841","92028972","32","62342981"
"chr20","29704002","29704295","chr15","81788240","81788531","68","52084238"
"chr20","29717571","29717740","chr1","15446723","15446900","53","14270848"
"chr20","29726301","29726331","chr3","126061360","126061386","12","96335059"
"chr20","29726643","29726742","chr7","17209469","17209569","23","12517174"
"chr20","29737243","29737452","chr10","31765253","31765477","24","2028010"
"chr20","29871907","29872045","chr10","31630473","31630603","17","1758566"
"chr20","29872348","29872494","chr10","31630010","31630161","21","1757662"
"chr20","30084463","30084630","chr2","84640092","84640260","24","54555629"
"chr20","30145414","30145534","chr10","31388082","31388202","2","1242668"
"chr20","30305797","30305954","chr10","31214197","31214351","10","908400"
"chr20","30307342","30307621","chr10","31212531","31212805","25","905189"
"chr20","30635204","30635486","chr10","30929157","30929446","30","293953"
"chr20","30767742","30768043","chr10","30830143","30830449","26","62401"
"chr20","30878518","30878800","chr16","56075518","56075804","25","25197000"
"chr20","30936203","30936334","chr10","30673828","30673952","12","262375"
"chr20","31064269","31064573","chr7","136282380","136282670","79","105218111"
"chr20","31080186","31080320","chr2","69003394","69003536","33","37923208"
"chr20","31176651","31176824","chr7","5328458","5328632","43","25848193"
"chr20","31177120","31177252","chr3","13531543","13531676","20","17645577"
"chr20","31187070","31187234","chr10","80212336","80212494","37","49025266"
"chr20","31203391","31203658","chr10","30392609","30392880","25","810782"
"chr20","31262453","31262757","chr13","27581966","27582267","58","3680487"
"chr20","31405231","31405361","chr10","30202691","30202821","14","1202540"
"chr20","31523817","31524098","chr10","30077719","30077997","28","1446098"
"chr20","32152578","32152714","chr5","153041559","153041687","30","120888981"
"chr20","32302533","32302835","chr10","29283626","29283922","44","3018907"
"chr20","32314029","32314283","chr10","29271879","29272144","18","3042150"
"chr20","32418366","32418491","chr10","29167117","29167242","7","3251249"
"chr20","32745741","32745838","chr13","94722202","94722294","22","61976461"
"chr20","32803161","32803455","chr10","28773807","28774100","16","4029354"
"chr20","32983808","32983857","chr17","39819915","39819968","15","6836107"
"chr20","32984326","32984446","chr6","24599216","24599325","44","8385110"
"chr20","32984738","32984867","chr3","7284673","7284809","23","25700065"
"chr20","33089607","33089905","chr10","28466813","28467147","80","4622794"
"chr20","33118459","33118632","chr10","28440348","28440521","7","4678111"
"chr20","33125185","33125327","chr10","28434025","28434166","4","4691160"
"chr20","33172791","33173053","chr9","57975438","57975706","70","24802647"
"chr20","33209072","33209183","chr3","126207035","126207150","19","92997963"
"chr20","33397646","33397770","chr4","154187644","154187767","38","120789998"
"chr20","33423688","33423813","chr2","148554865","148554989","24","115131177"
"chr20","33438774","33438888","chr15","32389648","32389764","30","1049126"
"chr20","33638915","33639207","chr10","27375561","27375863","68","6263354"
"chr20","33990565","33990626","chr19","30903836","30903887","13","3086729"
"chr20","34136725","34137013","chr10","27388815","27389101","18","6747910"
"chr20","34151961","34152265","chr10","27375561","27375863","33","6776400"
"chr20","34180748","34180952","chr10","46434303","46434511","50","12253555"
"chr20","34267664","34267785","chr14","16182854","16182980","21","18084810"
"chr20","34284515","34284683","chr9","63538178","63538343","37","29253663"
"chr20","34284986","34285135","chr1","25591325","25591467","34","8693661"
"chr20","34357975","34358271","chr10","27157967","27158263","18","7200008"
"chr20","34370463","34370737","chr11","25990609","25990893","68","8379854"
"chr20","34531540","34531815","chr10","26976613","26976892","21","7554927"
"chr20","34532124","34532166","chr14","64227449","64227489","7","29695325"
"chr20","34614730","34614903","chr7","55349943","55350114","41","20735213"
"chr20","34668014","34668300","chr10","26839679","26839974","28","7828335"
"chr20","34692099","34692396","chrX","21887337","21887630","60","12804762"
"chr20","34803787","34804074","chr2","44735869","44736149","64","9932082"
"chr20","35131083","35131364","chr10","26370942","26371221","26","8760141"
"chr20","35328168","35328435","chr10","26173178","26173445","20","9154990"
"chr20","35467018","35467272","chr7","166180466","166180694","70","130713448"
"chr20","35550860","35551181","chr10","25952699","25953023","26","9598161"
"chr20","35765684","35765991","chr10","25727337","25727640","29","10038347"
"chr20","35804136","35804275","chr10","25690830","25690969","10","10113306"
"chr20","35987348","35987647","chr10","25503322","25503620","29","10484026"
"chr20","36065637","36065783","chr10","25430844","25430989","9","10634793"
"chr20","36066076","36066213","chr10","25430401","25430541","10","10635675"
"chr20","36189819","36190113","chr10","25303548","25303837","36","10886271"
"chr20","36193744","36194049","chr10","25299387","25299682","26","10894357"
"chr20","36235173","36235469","chr10","25256063","25256356","22","10979110"
"chr20","36316204","36316339","chr12","30055825","30055957","36","6260379"
"chr20","36316618","36316760","chr14","18332409","18332546","24","17984209"
"chr20","36480292","36480425","chr10","24926925","24927060","19","11553367"
"chr20","36526024","36526153","chr3","154866014","154866141","31","118339990"
"chr20","37130119","37130241","chr2","150253312","150253430","27","113123193"
"chr20","37130277","37130439","chr4","116357853","116358012","33","79227576"
"chr20","37840667","37840969","chr1","47327661","47327963","70","9486994"
"chr20","38458308","38458608","chr11","103833436","103833731","68","65375128"
"chr20","38558687","38558819","chr10","22772468","22772601","6","15786219"
"chr20","38829863","38830169","chr10","22497396","22497687","38","16332467"
"chr20","38859786","38860034","chr7","106930927","106931176","66","68071141"
"chr20","38873443","38873524","chr10","25425564","25425639","15","13447879"
"chr20","38972916","38973220","chr10","22352785","22353094","26","16620131"
"chr20","39097701","39098008","chr10","22228808","22229115","15","16868893"
"chr20","39183009","39183305","chr10","22144935","22145238","24","17038074"
"chr20","39843654","39843965","chr10","21490752","21491051","30","18352902"
"chr20","40330040","40330301","chr2","84278722","84278983","55","43948682"
"chr20","40362327","40362613","chr2","165638198","165638486","51","125275871"
"chr20","40366989","40367267","chr9","71668460","71668747","63","31301471"
"chr20","40505014","40505296","chrX","65470796","65471084","59","24965782"
"chr20","40904446","40904605","chr10","21028320","21028479","8","19876126"
"chr20","40956897","40956926","chr10","20986563","20986592","3","19970334"
"chr20","40957187","40957263","chr10","20986200","20986278","5","19970987"
"chr20","41049721","41050011","chr10","20892357","20892659","34","20157364"
"chr20","41051500","41051659","chr10","20890651","20890832","28","20160849"
"chr20","41066805","41067101","chr10","80735205","80735495","66","39668400"
"chr20","41136384","41136556","chr1","23061463","23061601","60","18074921"
"chr20","41180912","41181043","chrX","144541916","144542049","20","103361004"
"chr20","41317697","41317730","chrX","13212513","13212541","8","28105184"
"chr20","41318086","41318194","chr4","85549857","85549971","26","44231771"
"chr20","41745545","41745626","chr11","23680411","23680489","17","18065134"
"chr20","41905420","41905551","chr15","41512684","41512816","19","392736"
"chr20","41971010","41971282","chr10","19924290","19924546","31","22046720"
"chr20","41995246","41995531","chr1","149368001","149368285","62","107372755"
"chr20","42025678","42025810","chrX","144541916","144542049","18","102516238"
"chr20","42214197","42214498","chr10","19668737","19669035","23","22545460"
"chr20","42415489","42415789","chr10","19464502","19464793","34","22950987"
"chr20","42415790","42415909","chr10","19464366","19464501","28","22951424"
"chr20","42542484","42542783","chr10","19344705","19344997","26","23197779"
"chr20","42689237","42689401","chr14","31047952","31048117","37","11641285"
"chr20","42873752","42874039","chr10","19013525","19013805","28","23860227"
"chr20","43042868","43043124","chr3","42799593","42799853","77","243275"
"chr20","43274631","43274758","chr10","18667047","18667172","9","24607584"
"chr20","43288155","43288457","chr10","18651022","18651329","23","24637133"
"chr20","43409833","43410071","chr10","7943408","7943628","64","35466425"
"chr20","43508985","43509158","chr10","18411274","18411448","7","25097711"
"chr20","44135161","44135403","chr10","17785105","17785317","47","26350056"
"chr20","44256902","44256999","chr10","17661471","17661569","7","26595431"
"chr20","44497018","44497192","chr5","66673497","66673669","41","22176479"
"chr20","44547948","44548222","chr10","17358112","17358393","22","27189836"
"chr20","44676628","44676918","chr10","17229278","17229570","16","27447350"
"chr20","44806742","44806918","chr1","7884336","7884503","44","36922406"
"chr20","44915686","44915734","chr10","62681557","62681599","14","17765871"
"chr20","44953402","44953528","chr3","2539252","2539378","21","42414150"
"chr20","44965583","44965708","chr14","11522684","11522815","26","33442899"
"chr20","44983483","44983515","chr7","52200097","52200119","16","7216614"
"chr20","44983813","44983943","chr3","157204243","157204376","26","112220430"
"chr20","45109023","45109364","chr10","16785297","16785644","17","28323726"
"chr20","45579670","45579981","chr10","16282005","16282291","50","29297665"
"chr20","46032892","46032976","chr8","35121076","35121166","32","10911816"
"chr20","46250301","46250486","chr12","100920988","100921176","44","54670687"
"chr20","46818967","46819085","chr4","141823330","141823447","24","95004363"
"chr20","46819112","46819272","chr1","51722947","51723105","34","4903835"
"chr20","47074599","47074881","chr3","84929430","84929707","66","37854831"
"chr20","47090941","47091208","chr10","14729564","14729844","31","32361377"
"chr20","47149781","47149916","chr3","42471380","42471513","24","4678401"
"chr20","47153777","47153993","chr10","14675967","14676182","16","32477810"
"chr20","47327167","47327460","chr10","14493284","14493588","34","32833883"
"chr20","47393140","47393275","chr10","14423145","14423280","12","32969995"
"chr20","47393578","47393601","chr10","14422816","14422837","4","32970762"
"chr20","47506727","47506856","chr10","77356040","77356172","17","29849313"
"chr20","47578756","47579027","chr16","52763828","52764099","49","5185072"
"chr20","47646957","47647093","chr10","14215955","14216089","9","33431002"
"chr20","48085294","48085594","chr5","51279060","51279357","54","3193766"
"chr20","48130836","48131128","chr15","81788240","81788531","66","33657404"
"chr20","48221660","48221789","chr3","13531543","13531676","25","34690117"
"chr20","48297554","48297620","chr10","13568024","13568091","9","34729530"
"chr20","48453467","48453593","chr10","13414118","13414241","13","35039349"
"chr20","48498306","48498406","chr11","52297830","52297928","26","3799524"
"chr20","48640843","48641163","chr10","13222645","13222941","48","35418198"
"chr20","49466279","49466404","chr2","148554865","148554989","24","99088586"
"chr20","51019736","51020043","chr14","56884924","56885229","73","5865188"
"chr20","51118121","51118255","chr3","84801975","84802107","21","33683854"
"chr20","51367577","51367871","chr2","62121493","62121782","66","10753916"
"chr20","51412260","51412383","chr10","10572666","10572789","6","40839594"
"chr20","52287486","52287571","chr7","96933023","96933101","17","44645537"
"chr20","52349339","52349471","chr13","74782008","74782141","21","22432669"
"chr20","52747307","52747351","chr12","116561223","116561254","17","63813916"
"chr20","53551168","53551483","chr10","8442463","8442779","16","45108705"
"chr20","53598420","53598696","chr3","84929430","84929707","72","31331010"
"chr20","53777804","53777931","chr2","148554865","148554989","28","94777061"
"chr20","54079124","54079412","chr10","7993088","7993383","36","46086036"
"chr20","54126591","54126807","chr10","7943408","7943628","13","46183183"
"chr20","54133445","54133716","chr3","85450986","85451257","58","31317541"
"chr20","54229097","54229224","chrY","7393505","7393636","32","46835592"
"chr20","54302396","54302605","chr10","7757669","7757878","13","46544727"
"chr20","54601582","54601716","chr15","41512684","41512816","26","13088898"
"chr20","54955011","54955093","chr10","7078979","7079063","7","47876032"
"chr20","55126361","55126621","chr9","57975438","57975706","61","2849077"
"chr20","55740580","55740884","chr10","6292237","6292538","20","49448343"
"chr20","56014722","56015010","chr6","125052342","125052640","55","69037620"
"chr20","56421578","56421854","chr10","5608495","5608772","30","50813083"
"chr20","56637028","56637160","chr10","5482025","5482158","8","51155003"
"chr20","56690308","56690601","chr10","5422665","5422953","32","51267643"
"chr20","56790620","56790943","chr11","15053352","15053669","74","41737268"
"chr20","57442091","57442343","chr10","4641894","4642151","23","52800197"
"chr20","57568257","57568575","chr10","4519589","4519890","32","53048668"
"chr20","59173879","59174169","chr17","567476","567771","66","58606403"
"chr20","59689643","59689937","chr10","2380386","2380685","27","57309257"
"chr20","61686227","61686529","chr10","538741","539050","28","61147486"
"chr21","15191944","15192237","chr3","32532222","32532515","29","17340278"
"chr21","15217664","15217951","chr3","32505009","32505321","39","17287345"
"chr21","15386504","15386789","chr1","213299903","213300197","79","197913399"
"chr21","15721618","15721920","chr3","31994952","31995254","29","16273334"
"chr21","15768457","15768807","chr3","31948346","31948699","54","16179889"
"chr21","15880087","15880295","chr19","53386759","53386972","51","37506672"
"chr21","16349592","16349719","chr16","24961197","24961317","28","8611605"
"chr21","17634517","17634659","chr13","47122024","47122167","35","29487507"
"chr21","17685888","17686007","chr3","30010134","30010253","8","12324246"
"chr21","17700692","17700884","chr2","584324","584514","48","17116368"
"chr21","18169428","18169561","chr3","29510141","29510274","8","11340713"
"chr21","19032984","19033199","chr3","28532040","28532300","65","9499056"
"chr21","19216204","19216468","chr3","28359924","28360187","17","9143720"
"chr21","20073980","20074246","chr3","27377700","27377971","38","7303720"
"chr21","20114334","20114443","chr11","61333551","61333666","28","41219217"
"chr21","20958791","20959065","chr6","57003100","57003369","69","36044309"
"chr21","21029486","21029611","chr3","26422095","26422220","9","5392609"
"chr21","21929938","21930221","chr3","25453495","25453760","32","3523557"
"chr21","21971019","21971057","chr20","47872827","47872867","12","25901808"
"chr21","21971852","21971921","chr10","27845100","27845161","24","5873248"
"chr21","22489825","22490110","chr3","47986181","47986463","62","25496356"
"chr21","23026621","23026888","chr14","20057039","20057305","69","2969582"
"chr21","23376060","23376179","chr11","61333551","61333666","36","37957491"
"chr21","25174707","25174999","chr3","21635615","21635907","23","3539092"
"chr21","25463458","25463771","chr18","44176048","44176351","69","18712590"
"chr21","25577723","25578036","chr3","21212166","21212478","34","4365557"
"chr21","25837606","25837657","chr3","20965475","20965536","11","4872131"
"chr21","25866177","25866482","chr3","20937095","20937394","35","4929082"
"chr21","26016537","26016663","chr3","20731855","20731982","7","5284682"
"chr21","26016964","26016978","chr3","20731556","20731570","1","5285408"
"chr21","26017330","26017437","chr3","20731057","20731186","26","5286273"
"chr21","28093070","28093352","chr3","18663994","18664251","47","9429076"
"chr21","28595787","28596086","chr3","18165529","18165815","27","10430258"
"chr21","28678770","28678861","chr3","18034436","18034527","5","10644334"
"chr21","28794736","28794833","chr3","17899884","17899989","10","10894852"
"chr21","28841673","28841951","chr16","30682164","30682436","74","1840491"
"chr21","29284752","29285014","chr3","17405825","17406087","28","11878927"
"chr21","30111518","30111879","chr3","16561696","16562065","54","13549822"
"chr21","30147288","30147578","chr3","16507654","16507943","20","13639634"
"chr21","30524430","30524684","chr3","15899068","15899319","19","14625362"
"chr21","30589605","30589756","chr3","15822345","15822496","10","14767260"
"chr21","30850864","30851191","chr6","136455476","136455771","84","105604612"
"chr21","30964863","30964998","chr2","52806357","52806489","24","21841494"
"chr21","31500616","31500749","chr20","18748338","18748470","22","12752278"
"chr21","31626263","31626397","chr1","138722739","138722873","16","107096476"
"chr21","31940072","31940377","chr3","14464202","14464494","21","17475870"
"chr21","32019948","32020075","chr3","14389784","14389913","10","17630164"
"chr21","32024957","32025220","chr7","87799796","87800061","62","55774839"
"chr21","32077508","32077777","chr3","14325396","14325646","30","17752112"
"chr21","32149707","32149881","chr18","11988555","11988738","40","20161152"
"chr21","32209063","32209361","chr3","14194237","14194546","51","18014826"
"chr21","32282076","32282353","chr9","94961059","94961353","63","62678983"
"chr21","32411215","32411518","chr17","54344288","54344588","63","21933073"
"chr21","32447056","32447407","chr3","13961490","13961847","26","18485566"
"chr21","32522627","32522896","chr6","136604120","136604394","69","104081493"
"chr21","32548266","32548545","chr3","13869400","13869684","23","18678866"
"chr21","32660516","32660814","chr5","150655731","150656027","60","117995215"
"chr21","32666385","32666673","chr3","13768129","13768419","22","18898256"
"chr21","33103262","33103327","chr10","13568024","13568091","19","19535238"
"chr21","33205032","33205117","chr2","149003665","149003753","22","115798633"
"chr21","33331166","33331381","chr1","148600739","148600964","56","115269573"
"chr21","33396669","33396958","chr3","13033514","13033805","24","20363155"
"chr21","34098028","34098342","chr1","8350188","8350493","65","25747840"
"chr21","34136023","34136319","chr3","12302553","12302852","23","21833470"
"chr21","34185505","34185646","chr3","126620481","126620621","23","92434976"
"chr21","35158100","35158378","chr18","67022854","67023120","58","31864754"
"chr21","36453344","36453653","chr1","8350188","8350493","57","28103156"
"chr21","36518480","36518613","chr3","9940244","9940376","7","26578236"
"chr21","37244415","37244731","chr3","9232594","9232895","29","28011821"
"chr21","37290247","37290379","chr14","118247114","118247246","16","80956867"
"chr21","37833086","37833271","chr3","8576488","8576670","23","29256598"
"chr21","38371403","38371667","chr15","83983378","83983640","72","45611975"
"chr21","38704411","38704597","chr3","7696928","7697121","12","31007483"
"chr21","38858678","38858857","chr2","44330018","44330201","41","5471340"
"chr21","38882054","38882178","chr10","15510391","15510513","20","23371663"
"chr21","38903690","38903938","chr3","7502973","7503234","35","31400717"
"chr21","38940807","38940987","chrX","131148999","131149168","41","92208192"
"chr21","38993679","38993954","chr3","7410530","7410776","47","31583149"
"chr21","39092370","39092506","chr3","7284673","7284809","8","31807697"
"chr21","39239071","39239163","chr2","51121506","51121598","25","11882435"
"chr21","39487328","39487625","chr3","6902550","6902845","23","32584778"
"chr21","39602117","39602378","chr4","28814555","28814814","56","10787562"
"chr21","39965410","39965676","chr4","43544153","43544436","81","3578743"
"chr21","40236132","40236442","chr3","6137750","6138061","16","34098382"
"chr21","40883794","40883931","chr3","157204243","157204376","20","116320449"
"chr21","41575764","41575883","chr3","4618401","4618520","9","36957363"
"chr21","41661200","41661364","chr3","4706644","4706819","28","36954556"
"chr21","42608762","42608891","chr3","3713147","3713276","10","38895615"
"chr21","42614380","42614532","chr3","3700551","3700705","14","38913829"
"chr21","43140733","43141020","chr3","3148458","3148753","29","39992275"
"chr21","43262291","43262421","chr11","132289155","132289287","17","89026864"
"chr21","43397567","43397700","chr13","74782008","74782141","22","31384441"
"chr21","43619617","43619742","chr3","166931721","166931845","26","123312104"
"chr21","44804583","44804888","chr3","1507851","1508155","16","43296732"
"chr21","45333900","45334099","chr3","1009617","1009812","16","44324283"
"chr21","45483865","45483911","chr13","15063375","15063423","9","30420490"
"chr21","45875074","45875199","chr2","51984605","51984728","27","6109531"
"chr21","45932265","45932399","chr8","92028841","92028972","22","46096576"
"chr21","46265313","46265440","chr3","26820418","26820545","8","19444895"
"chr22","16175519","16175651","chr10","59621959","59622094","16","43446440"
"chr22","16277810","16277879","chr19","40740014","40740089","19","24462204"
"chr22","16369294","16369498","chr9","49022500","49022693","51","32653206"
"chr22","16400524","16400653","chr6","131890554","131890688","21","115490030"
"chr22","16478889","16479014","chr10","59945329","59945456","6","43466440"
"chr22","16507526","16507661","chr10","59976945","59977080","8","43469419"
"chr22","16512214","16512513","chr10","59982387","59982683","21","43470173"
"chr22","16823205","16823399","chr17","18365318","18365517","51","1542113"
"chr22","16827939","16828077","chr10","60302278","60302416","5","43474339"
"chr22","17440498","17440593","chr10","60704342","60704438","8","43263844"
"chr22","17579051","17579355","chr6","125052342","125052640","63","107473291"
"chr22","17685751","17685931","chr10","60959945","60960103","33","43274194"
"chr22","17698640","17698858","chr10","60971607","60971833","22","43272967"
"chr22","17706402","17706703","chr1","45684499","45684803","57","27978097"
"chr22","17729499","17729760","chr10","61002310","61002581","22","43272811"
"chr22","17809373","17809538","chr10","61076918","61077084","15","43267545"
"chr22","17836179","17836252","chr13","10480287","10480351","23","7355892"
"chr22","17874003","17874303","chr10","61145324","61145631","27","43271321"
"chr22","17967223","17967345","chr1","100917561","100917687","20","82950338"
"chr22","18118805","18119103","chr10","61393347","61393650","35","43274542"
"chr22","18506853","18506976","chr10","61814163","61814287","7","43307310"
"chr22","19177892","19178062","chr10","62306751","62306940","28","43128859"
"chr22","19225283","19225451","chr10","62363915","62364095","18","43138632"
"chr22","19561060","19561170","chr10","62804129","62804246","15","43243069"
"chr22","19630301","19630434","chr2","48544514","48544647","22","28914213"
"chr22","19664492","19664535","chr10","62681557","62681599","3","43017065"
"chr22","20188093","20188267","chr5","134987256","134987421","40","114799163"
"chr22","20265989","20266299","chr10","63159141","63159451","17","42893152"
"chr22","20439512","20439797","chr2","49357183","49357463","84","28917671"
"chr22","20477294","20477433","chr14","8597966","8598111","28","11879328"
"chr22","20484295","20484431","chr10","63390816","63390948","10","42906521"
"chr22","20484743","20484849","chr14","66449520","66449622","25","45964777"
"chr22","20485078","20485119","chr14","64227449","64227489","7","43742371"
"chr22","20535855","20535981","chr2","200695342","200695474","24","180159487"
"chr22","20536290","20536455","chr2","84640092","84640260","40","64103802"
"chr22","21461950","21462233","chr10","64632007","64632295","33","43170057"
"chr22","21770191","21770496","chr10","65094920","65095219","20","43324729"
"chr22","22128376","22128682","chr10","66609722","66610007","44","44481346"
"chr22","22205470","22205598","chr1","40048117","40048243","19","17842647"
"chr22","22358833","22358957","chr15","9276666","9276790","11","13082167"
"chr22","22626693","22626977","chr10","65745279","65745589","37","43118586"
"chr22","22721996","22722277","chr10","65838827","65839110","15","43116831"
"chr22","22887512","22887688","chr10","65965232","65965414","26","43077720"
"chr22","22887992","22888140","chr10","65965726","65965877","21","43077734"
"chr22","22928832","22929124","chr10","65999577","65999865","17","43070745"
"chr22","23525291","23525610","chr10","67015807","67016128","18","43490516"
"chr22","23525677","23525954","chr10","67016195","67016470","14","43490518"
"chr22","23875856","23876029","chr20","18625219","18625384","46","5250637"
"chr22","24015329","24015474","chr11","12976906","12977044","27","11038423"
"chr22","24444096","24444410","chr10","67469670","67469964","36","43025574"
"chr22","25185615","25185913","chr10","68198160","68198451","22","43012545"
"chr22","25304188","25304260","chr10","68319930","68320002","5","43015742"
"chr22","25470362","25470682","chr10","68481711","68481989","56","43011349"
"chr22","26296791","26296922","chr15","9760642","9760774","18","16536149"
"chr22","26712894","26712958","chr3","169737589","169737652","23","143024695"
"chr22","26723702","26723986","chr6","93046022","93046302","75","66322320"
"chr22","26976461","26976552","chr10","69975270","69975359","6","42998809"
"chr22","27104569","27104869","chr10","70119958","70120256","22","43015389"
"chr22","27296928","27297215","chr2","153692636","153692913","68","126395708"
"chr22","27446429","27446592","chr10","70527977","70528140","9","43081548"
"chr22","27647805","27648101","chr4","36113777","36114061","74","8465972"
"chr22","28029645","28029706","chr2","22662163","22662220","14","5367482"
"chr22","28030010","28030230","chr6","171784589","171784817","60","143754579"
"chr22","28057711","28057993","chr10","71000924","71001215","23","42943213"
"chr22","28062103","28062252","chr10","71005301","71005450","16","42943198"
"chr22","28115233","28115368","chr1","148201751","148201885","24","120086518"
"chr22","28295304","28295614","chr1","8350188","8350493","68","19945116"
"chr22","28335494","28335550","chr10","71303129","71303185","5","42967635"
"chr22","28344766","28345053","chr10","71312031","71312340","36","42967265"
"chr22","28608669","28608954","chr10","71584906","71585209","44","42976237"
"chr22","28613297","28613419","chr10","71587819","71587941","13","42974522"
"chr22","28643651","28643785","chr10","71633509","71633642","9","42989858"
"chr22","28651004","28651144","chr10","71641220","71641360","9","42990216"
"chr22","28786720","28786916","chr14","63965676","63965858","53","35178956"
"chr22","28993727","28994044","chr10","71991072","71991390","28","42997345"
"chr22","29197845","29198139","chr16","25460444","25460740","66","3737401"
"chr22","29248906","29248974","chr1","223483583","223483638","24","194234677"
"chr22","29340604","29340850","chr12","111332929","111333151","71","81992325"
"chr22","29386267","29386571","chr10","72401536","72401840","14","43015269"
"chr22","29397943","29398246","chr10","72413264","72413567","26","43015321"
"chr22","29668441","29668679","chr2","115176477","115176705","77","85508036"
"chr22","29885321","29885449","chr5","145700158","145700284","26","115814837"
"chr22","29924475","29924605","chr13","74782008","74782141","23","44857533"
"chr22","30041154","30041406","chr13","12204392","12204650","57","17836762"
"chr22","30209899","30210167","chr10","73200524","73200807","40","42990625"
"chr22","30278201","30278475","chr18","15098936","15099217","69","15179265"
"chr22","30281049","30281336","chr18","11354114","11354377","86","18926935"
"chr22","30304583","30304743","chr4","27873968","27874132","43","2430615"
"chr22","30400804","30400897","chr10","73410501","73410597","8","43009697"
"chr22","30620134","30620231","chr10","73637823","73637937","25","43017689"
"chr22","30620534","30620673","chr10","73638232","73638370","16","43017698"
"chr22","30622030","30622284","chr1","113166172","113166427","66","82544142"
"chr22","30672626","30672917","chr10","73693889","73694183","31","43021263"
"chr22","30873575","30873786","chrX","129842918","129843129","42","98969343"
"chr22","30882493","30882789","chr10","73908507","73908806","24","43026014"
"chr22","31110205","31110464","chr5","153466570","153466838","70","122356365"
"chr22","31177073","31177390","chr10","86405305","86405591","51","55228232"
"chr22","31265203","31265426","chr10","74269770","74269988","21","43004567"
"chr22","31290923","31291195","chr10","74301723","74302003","26","43010800"
"chr22","31469640","31469948","chr9","94961059","94961353","66","63491419"
"chr22","31889370","31889678","chr10","74928787","74929082","30","43039417"
"chr22","32192985","32193160","chr11","55226276","55226438","55","23033291"
"chr22","32238272","32238436","chr10","75259603","75259770","12","43021331"
"chr22","32320223","32320341","chr10","75331169","75331286","15","43010946"
"chr22","32460595","32460820","chr16","45926911","45927130","47","13466316"
"chr22","32807385","32807457","chr1","92494490","92494559","16","59687105"
"chr22","32834576","32834788","chr10","75860059","75860271","6","43025483"
"chr22","32903736","32903868","chr10","75930726","75930857","8","43026990"
"chr22","34362919","34363034","chr1","93985549","93985656","27","59622630"
"chr22","34841263","34841546","chr10","77923851","77924128","34","43082588"
"chr22","34843432","34843729","chr10","77926051","77926346","25","43082619"
"chr22","35058618","35058677","chr10","78195065","78195124","4","43136447"
"chr22","36325207","36325299","chr9","15544298","15544391","16","20780909"
"chr22","36421147","36421450","chr10","22144935","22145238","76","14276212"
"chr22","36603447","36603577","chr10","79865833","79865966","9","43262386"
"chr22","36639444","36639585","chr10","79905040","79905178","13","43265596"
"chr22","36639821","36640052","chr1","67295651","67295862","71","30655830"
"chr22","36646538","36646570","chr10","20986563","20986592","11","15659975"
"chr22","36883056","36883340","chr10","80158951","80159258","35","43275895"
"chr22","37451835","37452125","chr2","53410085","53410364","64","15958250"
"chr22","37476569","37476858","chr10","80735205","80735495","18","43258636"
"chr22","37544063","37544357","chr10","80735205","80735495","62","43191142"
"chr22","37619274","37619356","chr10","80879030","80879112","3","43259756"
"chr22","37845488","37845624","chr1","187495738","187495872","23","149650250"
"chr22","38008410","38008628","chr10","31337496","31337714","47","6670914"
"chr22","38637830","38638123","chr10","68198160","68198451","55","29560330"
"chr22","38789065","38789315","chr10","82071442","82071699","21","43282377"
"chr22","38883535","38883833","chr6","122523944","122524247","65","83640409"
"chr22","38915615","38915805","chr10","82200687","82200855","31","43285072"
"chr22","38916072","38916218","chr10","82201123","82201253","23","43285051"
"chr22","38938184","38938486","chrX","23206377","23206681","70","15731807"
"chr22","39060805","39061057","chr10","82350854","82351103","16","43290049"
"chr22","39074468","39074602","chr4","88725870","88726001","26","49651402"
"chr22","39075667","39075793","chr1","163076626","163076759","27","124000959"
"chr22","39414780","39414835","chr1","188170869","188170922","12","148756089"
"chr22","39484279","39484555","chr1","36699814","36700080","64","2784465"
"chr22","39539971","39540273","chr10","82549538","82549834","23","43009567"
"chr22","39597105","39597390","chr10","82606808","82607088","15","43009703"
"chr22","39623649","39623930","chr10","82636151","82636417","30","43012502"
"chr22","39624947","39625099","chr10","82637746","82637894","11","43012799"
"chr22","39625731","39625834","chr10","82638521","82638629","19","43012790"
"chr22","39704854","39704980","chr13","74782008","74782141","22","35077154"
"chr22","39705277","39705504","chr11","55343248","55343442","63","15637971"
"chr22","39776840","39777018","chr1","67375798","67375978","43","27598958"
"chr22","39791477","39791760","chr10","82824828","82825111","18","43033351"
"chr22","39879572","39879876","chrX","59952726","59953031","66","20073154"
"chr22","39880100","39880388","chr7","9987310","9987602","64","29892790"
"chr22","40008028","40008150","chr10","83067115","83067237","3","43059087"
"chr22","40032942","40033097","chr10","83093408","83093568","20","43060466"
"chr22","40051996","40052130","chr1","109765207","109765339","19","69713211"
"chr22","40086834","40087140","chr10","83149731","83150039","36","43062897"
"chr22","40604150","40604406","chr10","83710331","83710605","42","43106181"
"chr22","40618931","40619052","chr1","213191655","213191765","42","172572724"
"chr22","40619354","40619435","chr10","25425564","25425639","24","15193790"
"chr22","40619870","40620000","chr3","13531543","13531676","27","27088327"
"chr22","40628242","40628385","chr10","83729520","83729647","21","43101278"
"chr22","40664157","40664296","chr10","83761007","83761146","3","43096850"
"chr22","40684684","40684851","chr6","77636913","77637064","31","36952229"
"chr22","41207689","41207791","chr10","84342654","84342754","19","43134965"
"chr22","41428478","41428523","chr10","84601049","84601098","7","43172571"
"chr22","41644461","41644592","chr10","84739384","84739515","9","43094923"
"chr22","41981381","41981502","chr20","58683604","58683721","29","16702223"
"chr22","42032925","42033080","chr3","39599307","39599442","35","2433618"
"chr22","42456844","42457134","chr10","85516747","85517045","21","43059903"
"chr22","42542191","42542314","chr1","100917561","100917687","19","58375370"
"chr22","42851188","42851329","chr10","85926759","85926897","10","43075571"
"chr22","43198089","43198261","chr5","145700311","145700482","40","102502222"
"chr22","43198556","43198716","chr4","171045765","171045912","43","127847209"
"chr22","43338421","43338738","chr10","86405305","86405591","49","43066884"
"chr22","43988123","43988239","chr8","99523607","99523718","31","55535484"
"chr22","43990521","43990549","chr8","99524093","99524121","5","55533572"
"chr22","44371863","44372169","chr10","87454141","87454440","28","43082278"
"chr22","44852607","44852893","chr10","87933653","87933897","51","43081046"
"chr22","44978104","44978233","chr3","2524423","2524550","26","42453681"
"chr22","45102208","45102280","chr9","50345408","50345476","20","5243200"
"chr22","45102551","45102637","chr6","79977535","79977617","25","34874984"
"chr22","45329324","45329557","chr10","88451100","88451335","14","43121776"
"chr22","45372006","45372139","chr20","28503539","28503673","22","16868467"
"chr22","45379416","45379610","chr8","19007041","19007219","52","26372375"
"chr22","45569817","45570124","chr10","88707498","88707779","48","43137681"
"chr22","45748616","45748748","chr14","115656234","115656366","18","69907618"
"chr22","45795811","45795978","chr6","73020073","73020237","35","27224262"
"chr22","45905800","45906062","chr10","89071553","89071807","32","43165753"
"chr22","46479758","46479817","chr14","88480208","88480265","11","42000450"
"chr22","49709116","49709246","chr1","5954140","5954271","24","43754976"
"chr2A","335073","335363","chr2","42436845","42437128","65","42101772"
"chr2A","1764230","1764364","chr13","1820987","1821121","2","56757"
"chr2A","2869570","2869861","chr13","2927402","2927693","15","57832"
"chr2A","3242122","3242173","chr19","2930134","2930184","9","311988"
"chr2A","3287647","3287951","chr13","3225316","3225625","31","62331"
"chr2A","3502993","3503080","chr13","3445750","3445829","12","57243"
"chr2A","3981938","3982071","chr16","69935966","69936099","25","65954028"
"chr2A","4302147","4302431","chr13","4253526","4253809","30","48621"
"chr2A","4661356","4661642","chr13","4632443","4632733","22","28913"
"chr2A","4786219","4786552","chr11","95144407","95144710","86","90358188"
"chr2A","7373824","7374133","chr12","87829978","87830283","75","80456154"
"chr2A","7429249","7429394","chr4","44255891","44256043","35","36826642"
"chr2A","8020463","8020596","chr13","7788817","7788949","9","231646"
"chr2A","8403237","8403540","chr13","8177071","8177386","26","226166"
"chr2A","8801729","8802018","chr13","8580121","8580401","24","221608"
"chr2A","9085100","9085428","chr13","8861546","8861860","34","223554"
"chr2A","9562051","9562180","chr3","81952103","81952227","27","72390052"
"chr2A","9753947","9753986","chr13","9596296","9596338","3","157651"
"chr2A","9754240","9754250","chr13","43223313","43223323","3","33469073"
"chr2A","9754292","9754409","chr7","84453526","84453647","22","74699234"
"chr2A","9841111","9841373","chr16","29523846","29524120","80","19682735"
"chr2A","9970017","9970308","chr13","9828951","9829243","17","141066"
"chr2A","10040274","10040511","chr13","9895396","9895614","32","144878"
"chr2A","10110405","10110707","chr13","9964848","9965114","53","145557"
"chr2A","10187465","10187601","chr13","10045296","10045431","6","142169"
"chr2A","10574797","10574896","chr13","10417817","10417916","6","156980"
"chr2A","10579694","10579991","chr10","27375561","27375863","64","16795867"
"chr2A","10638296","10638418","chr7","51449133","51449261","30","40810837"
"chr2A","10782385","10782569","chr13","10628743","10628930","17","153642"
"chr2A","10831276","10831408","chr13","10674609","10674736","16","156667"
"chr2A","10831711","10831806","chr13","10675038","10675126","22","156673"
"chr2A","11740599","11740812","chr3","48778118","48778311","59","37037519"
"chr2A","11801136","11801427","chr10","27157967","27158263","52","15356831"
"chr2A","12316066","12316318","chr13","12204392","12204650","25","111674"
"chr2A","12476099","12476401","chr5","58082327","58082634","71","45606228"
"chr2A","13450565","13450858","chr6","72229983","72230277","63","58779418"
"chr2A","15242279","15242573","chr13","15088490","15088788","27","153789"
"chr2A","15437478","15437786","chr13","15278139","15278450","32","159339"
"chr2A","15483919","15484212","chr13","15327819","15328099","32","156100"
"chr2A","15521660","15521957","chr17","31496243","31496527","69","15974583"
"chr2A","15663102","15663256","chr13","15503706","15503853","15","159396"
"chr2A","15690575","15690707","chrX","144541916","144542049","21","128851341"
"chr2A","16003275","16003530","chr13","15845964","15846206","30","157311"
"chr2A","16175880","16176142","chr13","16028960","16029184","54","146920"
"chr2A","16878728","16879003","chr1","164835864","164836152","62","147957136"
"chr2A","17039414","17039687","chr13","16902738","16903005","46","136676"
"chr2A","17161621","17161937","chr6","72634880","72635193","71","55473259"
"chr2A","17777479","17777773","chr13","17616386","17616687","28","161093"
"chr2A","17786547","17786804","chr6","67309046","67309288","63","49522499"
"chr2A","17846852","17847089","chr17","8720848","8721093","59","9126004"
"chr2A","18244630","18244928","chr13","18080123","18080421","14","164507"
"chr2A","18557143","18557431","chr13","18391982","18392261","31","165161"
"chr2A","19176075","19176317","chr9","59391775","59392022","55","40215700"
"chr2A","19504054","19504285","chr13","19318038","19318270","19","186016"
"chr2A","19894009","19894321","chr13","19713162","19713466","27","180847"
"chr2A","20142772","20143020","chr13","19953051","19953299","16","189721"
"chr2A","20294413","20294544","chr13","20151483","20151613","13","142930"
"chr2A","20457364","20457498","chrX","144541916","144542049","19","124084552"
"chr2A","20504194","20504320","chr13","20387049","20387175","10","117145"
"chr2A","20764038","20764328","chr13","20806360","20806633","38","42322"
"chr2A","20830759","20830921","chr13","20877631","20877788","10","46872"
"chr2A","21274188","21274403","chr13","21398464","21398668","30","124276"
"chr2A","21615123","21615432","chr13","21733394","21733707","23","118271"
"chr2A","23834225","23834516","chr13","23939392","23939662","40","105167"
"chr2A","23956195","23956449","chr13","24055235","24055480","23","99040"
"chr2A","23962438","23962727","chr13","24062144","24062430","23","99706"
"chr2A","24011762","24012077","chr5","77978039","77978343","68","53966277"
"chr2A","24036920","24037139","chr3","126978038","126978245","57","102941118"
"chr2A","24081851","24081971","chr9","95599879","95600010","23","71518028"
"chr2A","24142133","24142281","chr10","27712685","27712832","38","3570552"
"chr2A","24169778","24169932","chr1","53825957","53826112","28","29656179"
"chr2A","24270143","24270292","chr13","24403469","24403618","10","133326"
"chr2A","24403340","24403503","chr13","24535641","24535811","15","132301"
"chr2A","24430763","24431066","chr13","24560334","24560622","59","129571"
"chr2A","24438772","24439072","chr13","24569343","24569651","36","130571"
"chr2A","24878658","24878826","chr12","88427718","88427872","47","63549060"
"chr2A","25067769","25068005","chr14","22156295","22156541","65","2911474"
"chr2A","25261495","25261793","chr13","25406477","25406778","30","144982"
"chr2A","25524908","25524997","chr13","25670262","25670356","12","145354"
"chr2A","25618568","25618850","chr13","25767714","25767990","27","149146"
"chr2A","25816376","25816682","chr13","25972445","25972744","26","156069"
"chr2A","25962433","25962547","chr1","210815464","210815578","26","184853031"
"chr2A","25969211","25969354","chr1","25591325","25591467","31","377886"
"chr2A","25969649","25969807","chr4","156339243","156339398","39","130369594"
"chr2A","26014414","26014685","chr13","26176813","26177086","19","162399"
"chr2A","26029361","26029482","chr13","26205837","26205969","19","176476"
"chr2A","26117891","26118056","chr3","16095355","16095520","43","10022536"
"chr2A","26147558","26147845","chr8","120139405","120139699","64","93991847"
"chr2A","26221566","26221781","chr13","26407127","26407335","23","185561"
"chr2A","26287884","26288009","chr16","51254153","51254282","27","24966269"
"chr2A","26288307","26288510","chr11","100386665","100386861","42","74098358"
"chr2A","26317084","26317298","chr13","26492758","26493000","39","175674"
"chr2A","26327290","26327588","chr13","26503038","26503334","24","175748"
"chr2A","26339258","26339531","chr13","26518369","26518649","20","179111"
"chr2A","27019409","27019556","chr1","8787419","8787562","30","18231990"
"chr2A","27376920","27377220","chr13","27581966","27582267","15","205046"
"chr2A","27434525","27434785","chr13","27639823","27640106","40","205298"
"chr2A","27444632","27444841","chr13","27647470","27647688","26","202838"
"chr2A","27524659","27524730","chr13","27728261","27728332","3","203602"
"chr2A","27643251","27643493","chr12","38723883","38724147","57","11080632"
"chr2A","27944335","27944606","chr11","63587150","63587429","59","35642815"
"chr2A","28154397","28154543","chr13","28380623","28380769","8","226226"
"chr2A","28242130","28242437","chr13","28468221","28468518","26","226091"
"chr2A","28278840","28279116","chr4","154036484","154036760","60","125757644"
"chr2A","28314064","28314369","chr7","154128220","154128522","62","125814156"
"chr2A","28419709","28420000","chr2","165638198","165638486","63","137218489"
"chr2A","28700720","28701015","chr13","28922086","28922384","17","221366"
"chr2A","29316356","29316668","chr13","29552744","29553060","35","236388"
"chr2A","29825500","29825802","chr15","14346857","14347161","62","15478643"
"chr2A","30258098","30258232","chr13","74782008","74782141","20","44523910"
"chr2A","30412268","30412583","chr13","30662897","30663196","42","250629"
"chr2A","30618311","30618587","chr13","30952047","30952333","32","333736"
"chr2A","31199802","31200052","chr4","48501108","48501361","77","17301306"
"chr2A","31706298","31706624","chr2","137818502","137818812","70","106112204"
"chr2A","31920883","31921033","chr5","1256037","1256188","32","30664846"
"chr2A","32021211","32021358","chr9","63263769","63263928","43","31242558"
"chr2A","32028595","32028871","chr13","32432305","32432579","19","403710"
"chr2A","32091520","32091736","chr3","127644639","127644850","44","95553119"
"chr2A","32099610","32099912","chr13","32505465","32505769","18","405855"
"chr2A","32973502","32973800","chr13","32740695","32740975","33","232807"
"chr2A","33002778","33002912","chr13","32769101","32769225","13","233677"
"chr2A","33011308","33011370","chr10","71909130","71909194","20","38897822"
"chr2A","33162357","33162652","chr15","7900403","7900692","70","25261954"
"chr2A","33372111","33372377","chr13","33130045","33130318","23","242066"
"chr2A","33683117","33683403","chr13","33420750","33421036","16","262367"
"chr2A","34263286","34263604","chr13","33988944","33989266","24","274342"
"chr2A","34311727","34312029","chr16","25460444","25460740","76","8851283"
"chr2A","34315376","34315451","chr12","52499559","52499631","21","18184183"
"chr2A","34762976","34763274","chr13","34450102","34450406","39","312874"
"chr2A","37668965","37669105","chr15","2669630","2669760","34","34999335"
"chr2A","37669392","37669571","chr4","13964790","13964967","40","23704602"
"chr2A","37702982","37703277","chr13","37379728","37380023","19","323254"
"chr2A","37715866","37715993","chr13","37392857","37392985","3","323009"
"chr2A","37767814","37768035","chr13","37440488","37440708","40","327326"
"chr2A","37853384","37853683","chr13","37531553","37531850","27","321831"
"chr2A","37881522","37881562","chr13","37559604","37559647","4","321918"
"chr2A","37881864","37882055","chr13","37559959","37560150","25","321905"
"chr2A","37892658","37892925","chr13","37570134","37570392","33","322524"
"chr2A","38064817","38065067","chr13","37742509","37742746","32","322308"
"chr2A","38309099","38309414","chr13","37990881","37991201","24","318218"
"chr2A","38713526","38713809","chr13","38399648","38399937","22","313878"
"chr2A","39491400","39491739","chr9","99534482","99534817","87","60043082"
"chr2A","39515926","39515983","chr13","39199030","39199080","7","316896"
"chr2A","39596225","39596324","chr19","25579785","25579879","14","14016440"
"chr2A","39708273","39708563","chr13","39397293","39397582","24","310980"
"chr2A","39822013","39822316","chr5","77978039","77978343","69","38156026"
"chr2A","39892671","39892970","chr13","39593042","39593340","20","299629"
"chr2A","39900150","39900449","chr13","39598980","39599290","30","301170"
"chr2A","39925807","39925939","chr1","26589838","26589970","20","13335969"
"chr2A","39976625","39976910","chr13","39727780","39728060","19","248845"
"chr2A","40026658","40026912","chr13","39782087","39782338","16","244571"
"chr2A","40070769","40071067","chr13","39824448","39824754","26","246321"
"chr2A","40075998","40076273","chr13","39829957","39830237","20","246041"
"chr2A","40100102","40100328","chr13","39853931","39854158","35","246171"
"chr2A","40287731","40288005","chr13","40039315","40039606","30","248416"
"chr2A","40512252","40512548","chr13","40255953","40256260","25","256299"
"chr2A","41083720","41083876","chr13","40816843","40817011","16","266877"
"chr2A","41992427","41992622","chr13","41640763","41640942","30","351664"
"chr2A","43198303","43198530","chr13","42881548","42881789","27","316755"
"chr2A","43328363","43328649","chr13","43010164","43010451","15","318199"
"chr2A","43432010","43432148","chr13","43121421","43121561","10","310589"
"chr2A","43456908","43457189","chr13","43146385","43146666","18","310523"
"chr2A","43488785","43489087","chr11","49184547","49184846","58","5695762"
"chr2A","43519488","43519624","chr7","164263615","164263749","28","120744127"
"chr2A","43619548","43619680","chr13","43333422","43333519","38","286126"
"chr2A","43902584","43902786","chr13","43617947","43618147","11","284637"
"chr2A","43925553","43925681","chr4","108589533","108589664","21","64663980"
"chr2A","44028271","44028377","chr7","154900623","154900729","24","110872352"
"chr2A","44388350","44388580","chr13","44143650","44143884","23","244700"
"chr2A","44462529","44462732","chr11","47467700","47467885","57","3005171"
"chr2A","44605061","44605188","chr1","5954140","5954271","30","38650921"
"chr2A","44653883","44654179","chr1","37211345","37211648","63","7442538"
"chr2A","45167172","45167336","chr17","11398860","11399010","41","33768312"
"chr2A","45167636","45167778","chr1","138722739","138722873","28","93555103"
"chr2A","45182680","45182974","chr13","44878706","44878998","34","303974"
"chr2A","45244000","45244271","chr13","44949303","44949573","21","294697"
"chr2A","45408482","45408759","chr13","45117703","45117978","18","290779"
"chr2A","45455282","45455408","chr13","45163911","45164036","13","291371"
"chr2A","45588995","45589130","chr13","45301697","45301837","15","287298"
"chr2A","45681496","45681766","chr13","45387321","45387604","33","294175"
"chr2A","45768603","45768908","chr13","45471764","45472069","17","296839"
"chr2A","46034919","46035156","chr9","41183960","41184208","60","4850959"
"chr2A","46708098","46708367","chr13","46395605","46395905","47","312493"
"chr2A","46755691","46755855","chr1","166789946","166790104","44","120034255"
"chr2A","47141764","47142050","chr12","82438785","82439091","77","35297021"
"chr2A","47270242","47270541","chr11","49184547","49184846","59","1914305"
"chr2A","47299096","47299191","chr13","46988867","46988962","4","310229"
"chr2A","47299249","47299413","chr13","46988990","46989158","14","310259"
"chr2A","47821452","47821640","chr13","10628743","10628930","42","37192709"
"chr2A","47999538","47999672","chr13","47687099","47687232","18","312439"
"chr2A","48248668","48248969","chr13","47927657","47927933","48","321011"
"chr2A","48449509","48449631","chr4","18219842","18219973","28","30229667"
"chr2A","48679845","48679976","chr13","48368373","48368504","6","311472"
"chr2A","48754018","48754144","chr1","39167306","39167425","34","9586712"
"chr2A","48754441","48754630","chrX","48259885","48260065","48","494556"
"chr2A","48785617","48785700","chr7","98715281","98715366","18","49929664"
"chr2A","48819407","48819713","chr13","48533557","48533857","22","285850"
"chr2A","48844617","48844813","chr13","48559214","48559393","37","285403"
"chr2A","48932639","48932718","chr7","63584200","63584280","17","14651561"
"chr2A","48932761","48932865","chr1","138783147","138783250","27","89850386"
"chr2A","49047781","49047917","chr13","48770981","48771111","16","276800"
"chr2A","49392806","49393105","chr13","49174464","49174763","20","218342"
"chr2A","49685812","49685897","chr13","49473621","49473706","7","212191"
"chr2A","49686199","49686383","chr13","49474004","49474195","19","212195"
"chr2A","49992436","49992745","chr13","49760054","49760365","31","232382"
"chr2A","50710164","50710291","chr13","50471609","50471735","10","238555"
"chr2A","50878465","50878729","chr13","50643013","50643289","30","235452"
"chr2A","51150801","51151096","chr13","50968791","50969097","32","182010"
"chr2A","51245505","51245804","chr13","51063283","51063577","23","182222"
"chr2A","52061633","52061924","chr13","51892727","51893032","36","168906"
"chr2A","53160521","53160803","chr13","52888803","52889088","31","271718"
"chr2A","53385157","53385332","chr13","53140584","53140743","27","244573"
"chr2A","54430994","54431277","chr13","54234536","54234838","48","196458"
"chr2A","54780822","54781088","chr17","7474099","7474364","75","47306723"
"chr2A","54865423","54865558","chr2","22129486","22129618","19","32735937"
"chr2A","54922117","54922260","chr12","87854864","87855004","24","32932747"
"chr2A","54954945","54955203","chr13","54788571","54788831","21","166374"
"chr2A","55009833","55009985","chr1","223931335","223931484","32","168921502"
"chr2A","55016778","55017093","chr13","54852133","54852416","58","164645"
"chr2A","55132856","55133157","chr13","54972859","54973160","18","159997"
"chr2A","55561107","55561216","chr13","55166950","55167060","6","394157"
"chr2A","55561615","55561642","chr13","55167470","55167497","4","394145"
"chr2A","55595481","55595795","chr16","27107062","27107367","64","28488419"
"chr2A","55690053","55690345","chr13","55296696","55296997","21","393357"
"chr2A","56355784","56356079","chr6","148083680","148083980","60","91727896"
"chr2A","56403955","56404253","chr13","56073114","56073413","27","330841"
"chr2A","56582637","56582922","chr13","56269074","56269353","22","313563"
"chr2A","56821988","56822285","chr13","56503188","56503485","12","318800"
"chr2A","57040879","57041187","chr13","56735497","56735808","25","305382"
"chr2A","57084164","57084297","chr19","19541216","19541349","20","37542948"
"chr2A","58058932","58059238","chr13","57721138","57721462","37","337794"
"chr2A","58628577","58628843","chr13","58232917","58233185","23","395660"
"chr2A","58803779","58804099","chr1","93039858","93040168","80","34236079"
"chr2A","61932314","61932448","chr1","163076626","163076759","22","101144312"
"chr2A","62042191","62042493","chr13","61607270","61607571","16","434921"
"chr2A","62077224","62077534","chrX","43739404","43739703","68","18337820"
"chr2A","62097992","62098188","chr13","61662041","61662235","10","435951"
"chr2A","62304826","62305109","chr5","151044691","151044963","68","88739865"
"chr2A","62322151","62322386","chr15","100137836","100138063","61","37815685"
"chr2A","62580241","62580499","chr13","62180324","62180593","38","399917"
"chr2A","62716819","62717115","chr13","62348950","62349228","37","367869"
"chr2A","62727874","62728102","chr19","42918996","42919225","72","19808878"
"chr2A","62745207","62745476","chr13","62375746","62376003","25","369461"
"chr2A","62763330","62763620","chrX","21887337","21887630","68","40875993"
"chr2A","62774033","62774283","chr13","62408674","62408963","54","365359"
"chr2A","62789211","62789475","chr13","62420124","62420375","45","369087"
"chr2A","62831793","62831915","chr20","51172278","51172401","22","11659515"
"chr2A","62862158","62862275","chr13","62493115","62493232","9","369043"
"chr2A","62996335","62996616","chrX","131354873","131355149","72","68358538"
"chr2A","63326768","63327022","chr10","30061559","30061808","56","33265209"
"chr2A","63558183","63558312","chr1","100917561","100917687","19","37359378"
"chr2A","63566663","63566754","chr13","63223218","63223323","17","343445"
"chr2A","63624365","63624672","chr13","63292827","63293138","26","331538"
"chr2A","63736400","63736702","chrX","30822633","30822934","64","32913767"
"chr2A","63863679","63863826","chr3","164642803","164642949","36","100779124"
"chr2A","63945646","63945937","chr1","44272464","44272753","59","19673182"
"chr2A","64099721","64099883","chr6","73020073","73020237","35","8920352"
"chr2A","64229130","64229410","chr13","63880664","63880944","18","348466"
"chr2A","64353016","64353230","chrX","46246061","46246271","51","18106955"
"chr2A","64443111","64443405","chr13","64098093","64098378","25","345018"
"chr2A","64444541","64444818","chr13","64099520","64099806","31","345021"
"chr2A","64513267","64513422","chr13","64173351","64173506","5","339916"
"chr2A","64834754","64834957","chr13","64509730","64509931","10","325024"
"chr2A","65058827","65059130","chr1","8350188","8350493","66","56708639"
"chr2A","65114495","65114788","chr13","64798527","64798816","22","315968"
"chr2A","65151314","65151506","chr13","64838665","64838859","10","312649"
"chr2A","65166321","65166603","chr13","64854385","64854663","22","311936"
"chr2A","65403017","65403138","chr13","65101139","65101260","7","301878"
"chr2A","65403176","65403335","chr13","65101298","65101484","34","301878"
"chr2A","65804439","65804752","chr13","65500432","65500774","44","304007"
"chr2A","65911191","65911506","chr10","14946828","14947146","69","50964363"
"chr2A","66009518","66009810","chr6","94608139","94608428","71","28598621"
"chr2A","66065343","66065507","chr13","65765507","65765668","10","299836"
"chr2A","66304328","66304458","chrX","50317577","50317710","20","15986751"
"chr2A","66378124","66378294","chr11","47467700","47467885","50","18910424"
"chr2A","66406585","66406893","chr1","8350188","8350493","67","58056397"
"chr2A","66663696","66663979","chr13","66383831","66384127","27","279865"
"chr2A","66733686","66733962","chr11","103833436","103833731","67","37099750"
"chr2A","67685426","67685693","chr3","122742903","122743160","66","55057477"
"chr2A","68537723","68538003","chr13","68440713","68440981","23","97010"
"chr2A","69346070","69346235","chr12","125353674","125353836","38","56007604"
"chr2A","69480064","69480375","chr13","69376950","69377263","25","103114"
"chr2A","70516836","70516977","chr7","84475245","84475382","26","13958409"
"chr2A","70517265","70517419","chr13","70391235","70391388","11","126030"
"chr2A","70525398","70525698","chr13","70399389","70399684","16","126009"
"chr2A","70736045","70736387","chr4","38116052","38116354","104","32619993"
"chr2A","71134531","71134772","chr13","71030363","71030604","12","104168"
"chr2A","71227505","71227636","chr6","37131129","37131261","25","34096376"
"chr2A","71236721","71236928","chr13","71142160","71142373","28","94561"
"chr2A","71294631","71294904","chr13","71210230","71210515","43","84401"
"chr2A","71363279","71363407","chr12","30055825","30055957","20","41307454"
"chr2A","71378612","71378668","chr19","42196068","42196127","12","29182544"
"chr2A","71442422","71442508","chr2","22662534","22662622","20","48779888"
"chr2A","71458296","71458427","chr13","71371073","71371201","10","87223"
"chr2A","71491680","71491778","chr7","4042699","4042798","33","67448981"
"chr2A","71499373","71499670","chr13","71442158","71442454","24","57215"
"chr2A","71549114","71549399","chr13","71488823","71489108","13","60291"
"chr2A","72609208","72609336","chr7","67276773","67276899","29","5332435"
"chr2A","72610067","72610355","chr13","72114309","72114602","24","495758"
"chr2A","73790903","73791035","chr13","73302623","73302757","11","488280"
"chr2A","74043336","74043616","chr7","13155876","13156157","54","60887460"
"chr2A","74083981","74084256","chrX","128144828","128145085","67","54060847"
"chr2A","74214725","74214884","chr8","27401669","27401822","36","46813056"
"chr2A","74420349","74420602","chr9","59391775","59392022","65","15028574"
"chr2A","74740003","74740328","chr13","74289252","74289583","23","450751"
"chr2A","74779310","74779574","chr13","74331350","74331612","21","447960"
"chr2A","74964556","74964866","chr13","74525315","74525613","44","439241"
"chr2A","74976439","74976719","chr13","74537183","74537482","38","439256"
"chr2A","75198549","75198848","chr3","42185773","42186069","82","33012776"
"chr2A","75309743","75310039","chr3","42185773","42186069","74","33123970"
"chr2A","75357620","75357753","chr13","74782008","74782141","2","575612"
"chr2A","75535613","75535903","chr13","74954257","74954553","27","581356"
"chr2A","75610620","75610893","chr13","75031973","75032281","49","578647"
"chr2A","75736411","75736537","chr12","45747641","45747765","30","29988770"
"chr2A","75972192","75972500","chr13","75418130","75418428","32","554062"
"chr2A","76045247","76045345","chr9","98652408","98652503","21","22607161"
"chr2A","76057053","76057311","chr13","33192611","33192875","64","42864442"
"chr2A","76172496","76172723","chr19","7023261","7023492","69","69149235"
"chr2A","76186505","76186741","chr13","75635463","75635699","7","551042"
"chr2A","76524236","76524398","chr4","157237718","157237880","34","80713482"
"chr2A","76524426","76524542","chr2","162926350","162926466","24","86401924"
"chr2A","77994381","77994413","chr4","106616745","106616777","7","28622364"
"chr2A","77994439","77994627","chr13","49474004","49474195","48","28520435"
"chr2A","79153181","79153480","chr13","78746136","78746437","19","407045"
"chr2A","80008589","80008750","chr13","20877631","20877788","38","59130958"
"chr2A","80008777","80008890","chrX","71477804","71477921","25","8530973"
"chr2A","80480838","80481149","chr17","54344288","54344588","76","26136550"
"chr2A","80872929","80873238","chr13","80592344","80592661","31","280585"
"chr2A","80886180","80886456","chr13","80604622","80604897","26","281558"
"chr2A","80963556","80963866","chr13","80679938","80680237","36","283618"
"chr2A","81311695","81311992","chr13","81028278","81028580","20","283417"
"chr2A","82524234","82524533","chr13","82261831","82262127","25","262403"
"chr2A","82887333","82887549","chr13","82649350","82649556","20","237983"
"chr2A","83195687","83195963","chr13","83042932","83043207","12","152755"
"chr2A","84220788","84221039","chr13","84164615","84164840","35","56173"
"chr2A","84298436","84298539","chr6","51332623","51332723","36","32965813"
"chr2A","84386296","84386582","chr1","94247075","94247368","70","9860779"
"chr2A","84459882","84460180","chr13","84425908","84426220","64","33974"
"chr2A","84765295","84765570","chr13","84789634","84789907","25","24339"
"chr2A","84895944","84896217","chr13","84912831","84913100","24","16887"
"chr2A","86470167","86470470","chr2","75984803","75985107","58","10485364"
"chr2A","86702377","86702659","chr13","86832508","86832802","28","130131"
"chr2A","86707167","86707410","chr9","89195305","89195545","61","2488138"
"chr2A","86939879","86940015","chr19","29267163","29267295","26","57672716"
"chr2A","86940016","86940117","chr2","51293218","51293318","29","35646798"
"chr2A","86950843","86951131","chr1","44272464","44272753","74","42678379"
"chr2A","87154385","87154501","chr2","136522776","136522893","32","49368391"
"chr2A","87301803","87302030","chr13","87457198","87457408","23","155395"
"chr2A","87455300","87455593","chr6","37356228","37356519","66","50099072"
"chr2A","87473614","87473907","chr13","87635630","87635935","38","162016"
"chr2A","87714853","87715086","chr13","87877223","87877456","10","162370"
"chr2A","87866675","87866747","chr13","88029211","88029284","4","162536"
"chr2A","87867128","87867157","chr13","88029665","88029694","0","162537"
"chr2A","87960999","87961278","chr13","88120089","88120370","20","159090"
"chr2A","88027986","88028109","chr10","82812050","82812167","21","5215936"
"chr2A","88074707","88074972","chr13","88225981","88226252","29","151274"
"chr2A","88278902","88279180","chr5","51306123","51306407","59","36972779"
"chr2A","88347116","88347418","chr13","89303051","89303358","27","955935"
"chr2A","88358537","88358672","chr3","157204243","157204376","22","68845706"
"chr2A","89021035","89021176","chr4","156854590","156854713","48","67833555"
"chr2A","89022274","89022479","chr11","95239711","95239899","55","6217437"
"chr2A","89338181","89338265","chr13","89749632","89749713","10","411451"
"chr2A","89349319","89349516","chr8","58507899","58508096","63","30841420"
"chr2A","89515722","89516024","chr1","141904012","141904305","67","52388290"
"chr2A","89601122","89601366","chr20","18808581","18808805","56","70792541"
"chr2A","89668422","89668714","chr13","90105654","90105929","32","437232"
"chr2A","89735944","89736149","chr13","90174957","90175160","17","439013"
"chr2A","96254282","96254399","chr11","126384667","126384785","18","30130385"
"chr2A","97179461","97179714","chr18","40988796","40989053","65","56190665"
"chr2A","97316512","97316835","chr13","92180194","92180507","31","5136318"
"chr2A","97415697","97415827","chr13","74782008","74782141","18","22633689"
"chr2A","97541457","97541579","chr13","92333844","92333965","9","5207613"
"chr2A","97541868","97542040","chr13","92334248","92334415","16","5207620"
"chr2A","97601169","97601324","chr3","34558751","34558916","38","63042418"
"chr2A","97664320","97664450","chr8","9941232","9941364","21","87723088"
"chr2A","97670619","97670903","chr13","92479810","92480091","17","5190809"
"chr2A","97694921","97695045","chr2","153576628","153576736","31","55881707"
"chr2A","98679149","98679495","chr13","92907006","92907319","56","5772143"
"chr2A","99554615","99554818","chr3","127644639","127644850","49","28090024"
"chr2A","100074940","100075084","chr13","94386707","94386847","12","5688233"
"chr2A","100127883","100128181","chr13","94437322","94437576","63","5690561"
"chr2A","100144779","100144804","chr13","55167470","55167497","2","44977309"
"chr2A","100145169","100145275","chr2","94699597","94699708","28","5445572"
"chr2A","100149295","100149590","chr13","94459928","94460234","25","5689367"
"chr2A","100246135","100246408","chr16","11259040","11259322","57","88987095"
"chr2A","100272045","100272360","chr13","94610440","94610745","30","5661605"
"chr2A","100410346","100410640","chr15","39785202","39785500","76","60625144"
"chr2A","100723394","100723686","chr13","95015943","95016233","12","5707451"
"chr2A","100783683","100783972","chr13","95083261","95083550","20","5700422"
"chr2A","101103363","101103634","chr13","95435096","95435361","27","5668267"
"chr2A","101275357","101275490","chr3","41155920","41156055","21","60119437"
"chr2A","101285689","101285988","chr13","95611055","95611358","28","5674634"
"chr2A","101874436","101874734","chr13","96236241","96236522","74","5638195"
"chr2A","102157353","102157518","chr3","46445291","46445456","44","55712062"
"chr2A","102157778","102157910","chr3","13531543","13531676","24","88626235"
"chr2A","102179884","102180184","chr13","96629878","96630169","19","5550006"
"chr2A","102367239","102367497","chr5","41057505","41057765","60","61309734"
"chr2A","102393699","102394006","chr3","80571747","80572057","56","21821952"
"chr2A","102681320","102681449","chr13","97065984","97066113","3","5615336"
"chr2A","103244913","103245035","chr19","18563379","18563502","28","84681534"
"chr2A","103848691","103848976","chr13","98144648","98144936","14","5704043"
"chr2A","103965275","103965387","chr3","126141042","126141168","31","22175767"
"chr2A","104113151","104113447","chr1","22927817","22928115","70","81185334"
"chr2A","104643017","104643321","chr1","94247075","94247368","81","10395942"
"chr2A","105712307","105712591","chr13","100024250","100024534","17","5688057"
"chr2A","106441508","106441652","chr12","87854864","87855004","32","18586644"
"chr2A","106441940","106442143","chr14","63965676","63965858","50","42476264"
"chr2A","106603663","106603918","chr5","87221454","87221730","76","19382209"
"chr2A","106685643","106685860","chr13","100931415","100931629","15","5754228"
"chr2A","109753781","109754100","chr15","24734791","24735102","72","85018990"
"chr2A","110201115","110201251","chrX","112453906","112454045","23","2252791"
"chr2A","110307258","110307555","chr13","104647621","104647904","50","5659637"
"chr2A","110531641","110531828","chr7","39814378","39814581","54","70717263"
"chr2A","110926960","110927235","chrX","26594116","26594389","56","84332844"
"chr2A","111922614","111922829","chr13","105802511","105802741","28","6120103"
"chr2A","112152204","112152472","chr13","106036578","106036843","17","6115626"
"chr2A","112274324","112274626","chr13","106166780","106167057","34","6107544"
"chr2A","112494453","112494583","chr1","138367447","138367579","31","25872994"
"chr2A","112768883","112769192","chr11","14929697","14929996","74","97839186"
"chr2A","113089137","113089345","chr13","106999684","106999865","48","6089453"
"chr2A","113164006","113164298","chr13","107076259","107076542","41","6087747"
"chr2A","113363479","113363794","chr13","107278793","107279108","14","6084686"
"chr2A","113487569","113487889","chrX","8409984","8410298","72","105077585"
"chr2A","113575372","113575494","chr7","84453526","84453647","14","29121846"
"chr2A","113809136","113809285","chr13","107790394","107790551","25","6018742"
"chr2A","114321287","114321578","chr13","108361998","108362284","23","5959289"
"chr2A","114328026","114328319","chr13","108361998","108362284","26","5966028"
"chr2B","114220513","114220735","chr12","17732606","17732829","23","96487907"
"chr2B","114224250","114224537","chr12","17728460","17728745","18","96495790"
"chr2B","114390770","114391037","chr12","17546536","17546802","19","96844234"
"chr2B","114436688","114436976","chr1","164835864","164836152","57","50399176"
"chr2B","115147722","115148024","chr12","16795494","16795762","47","98352228"
"chr2B","115558277","115558558","chrX","5962927","5963217","71","109595350"
"chr2B","115786081","115786373","chr12","16172619","16172924","39","99613462"
"chr2B","115888288","115888569","chr12","16087432","16087716","26","99800856"
"chr2B","116559108","116559409","chr12","15330129","15330436","25","101228979"
"chr2B","117595928","117596211","chr12","14170628","14170915","25","103425300"
"chr2B","117669373","117669663","chr12","14087605","14087890","39","103581768"
"chr2B","117934562","117934876","chr12","13827169","13827477","31","104107393"
"chr2B","118579201","118579509","chr12","13197309","13197617","23","105381892"
"chr2B","118856961","118857236","chr16","52763828","52764099","68","66093133"
"chr2B","119274339","119274659","chr12","12493655","12493955","38","106780684"
"chr2B","119563121","119563265","chr12","12195089","12195222","22","107368032"
"chr2B","119563325","119563485","chr12","12194885","12195045","9","107368440"
"chr2B","119901478","119901609","chr12","11801664","11801792","12","108099814"
"chr2B","119969716","119970013","chr12","11731124","11731420","22","108238592"
"chr2B","120337277","120337567","chr12","11339031","11339327","17","108998246"
"chr2B","120414901","120414998","chr12","11255571","11255683","25","109159330"
"chr2B","120431765","120432052","chr12","11238323","11238597","24","109193442"
"chr2B","120594924","120595191","chr18","67022854","67023120","68","53572070"
"chr2B","120657572","120657907","chr12","11001309","11001620","62","109656263"
"chr2B","121776371","121776497","chr12","9835337","9835457","17","111941034"
"chr2B","122390506","122390555","chr12","9391508","9391557","4","112998998"
"chr2B","122450003","122450129","chr17","81612054","81612179","25","40837949"
"chr2B","122463760","122463797","chr12","9313862","9313899","2","113149898"
"chr2B","122464247","122464385","chr12","9313283","9313422","14","113150964"
"chr2B","122468724","122468854","chr7","136853114","136853244","21","14384390"
"chr2B","123436463","123436762","chr12","8311498","8311796","23","115124965"
"chr2B","123710999","123711279","chr12","64391623","64391882","78","59319376"
"chr2B","124130420","124130677","chr12","7538583","7538838","24","116591837"
"chr2B","124192589","124192899","chr12","7439778","7440087","25","116752811"
"chr2B","124564858","124564986","chr12","7070331","7070463","14","117494527"
"chr2B","124939634","124939926","chr11","103833436","103833731","71","21106198"
"chr2B","124980434","124980727","chr12","6677015","6677302","21","118303419"
"chr2B","125691917","125692215","chr12","5953026","5953329","31","119738891"
"chr2B","127905983","127906119","chr6","67969380","67969511","28","59936603"
"chr2B","127988969","127989270","chr7","93748664","93748955","72","34240305"
"chr2B","128000001","128000302","chr7","137250180","137250466","77","9250179"
"chr2B","128029078","128029282","chr12","3271425","3271627","18","124757653"
"chr2B","128181648","128181979","chr4","43227170","43227482","95","84954478"
"chr2B","128355023","128355314","chr12","2927065","2927348","43","125427958"
"chr2B","128417286","128417405","chr12","2862336","2862445","16","125554950"
"chr2B","128443481","128443618","chr3","94189298","94189435","22","34254183"
"chr2B","128579470","128579761","chr12","2693470","2693761","23","125886000"
"chr2B","128597710","128597875","chr12","2679864","2680034","19","125917846"
"chr2B","128676991","128677288","chr17","54344288","54344588","73","74332703"
"chr2B","128729576","128729711","chr12","63206620","63206755","19","65522956"
"chr2B","128775674","128775965","chr15","7900403","7900692","82","120875271"
"chr2B","128874692","128874825","chr3","116815127","116815261","17","12059565"
"chr2B","128886026","128886201","chr14","49453550","49453723","48","79432476"
"chr2B","128887148","128887183","chr6","138193217","138193256","15","9306069"
"chr2B","128887722","128887844","chr2","113593958","113594083","32","15293764"
"chr2B","129723512","129723758","chr12","1538228","1538468","30","128185284"
"chr2B","130522832","130523132","chr12","728949","729248","50","129793883"
"chr2B","131299500","131299620","chr12","9382","9500","7","131290118"
"chr2B","131816699","131816986","chr1","92908780","92909063","69","38907919"
"chr2B","131851317","131851390","chr11","20938507","20938564","22","110912810"
"chr2B","136801090","136801388","chr12","18189767","18190066","22","118611323"
"chr2B","137186714","137186845","chr20","23853035","23853167","27","113333679"
"chr2B","137451512","137451810","chr12","18827072","18827370","20","118624440"
"chr2B","137921646","137921938","chr12","19331257","19331554","38","118590389"
"chr2B","138223733","138224006","chr12","19633560","19633880","62","118590173"
"chr2B","138871132","138871271","chr9","122113887","122114022","21","16757245"
"chr2B","138993122","138993342","chr4","61440914","61441108","77","77552208"
"chr2B","139094103","139094394","chr12","20516303","20516593","21","118577800"
"chr2B","139102615","139102899","chr12","20525236","20525509","35","118577379"
"chr2B","139156943","139157244","chr12","20597008","20597309","35","118559935"
"chr2B","139229550","139229767","chr12","20665206","20665423","9","118564344"
"chr2B","139256794","139257079","chr2","42436845","42437128","62","96819949"
"chr2B","139311530","139311810","chr1","43764034","43764322","67","95547496"
"chr2B","139394741","139395033","chr12","20825885","20826167","30","118568856"
"chr2B","139567709","139568011","chr12","20986884","20987174","38","118580825"
"chr2B","139593564","139593654","chr4","54057708","54057795","22","85535856"
"chr2B","139825824","139825967","chr2","158967487","158967629","27","19141663"
"chr2B","139826262","139826389","chr12","21256621","21256761","17","118569641"
"chr2B","139929591","139929741","chr12","21361386","21361531","13","118568205"
"chr2B","139973044","139973244","chr12","21409276","21409476","17","118563768"
"chr2B","139983682","139983826","chr10","30339443","30339585","22","109644239"
"chr2B","141029711","141029982","chr12","22536201","22536438","49","118493510"
"chr2B","141030625","141030770","chr12","22537084","22537228","12","118493541"
"chr2B","141368896","141369220","chr1","154705187","154705499","87","13336291"
"chr2B","141383599","141383875","chr12","22883402","22883695","35","118500197"
"chr2B","141765047","141765173","chr12","23323461","23323586","9","118441586"
"chr2B","141765297","141765310","chr10","31786595","31786605","3","109978702"
"chr2B","142776898","142777203","chr12","24833082","24833379","36","117943816"
"chr2B","143763014","143763140","chrX","147924919","147925048","22","4161905"
"chr2B","144199609","144199902","chr12","26399374","26399666","23","117800235"
"chr2B","145216624","145216768","chr9","72388083","72388230","42","72828541"
"chr2B","145637118","145637282","chr12","27900753","27900920","10","117736365"
"chr2B","146378520","146378861","chr1","130159715","130160032","91","16218805"
"chr2B","147545395","147545656","chr12","29884346","29884622","35","117661049"
"chr2B","147723138","147723270","chr12","30055825","30055957","9","117667313"
"chr2B","147840193","147840485","chr12","30167146","30167441","25","117673047"
"chr2B","148291683","148291962","chr12","30614004","30614283","28","117677679"
"chr2B","148624982","148625132","chr12","30950471","30950621","11","117674511"
"chr2B","149128343","149128471","chr1","26589838","26589970","26","122538505"
"chr2B","149147947","149148253","chr12","31470795","31471102","26","117677152"
"chr2B","149325085","149325347","chr12","31649924","31650215","48","117675161"
"chr2B","149967758","149968029","chr12","32320978","32321222","56","117646780"
"chr2B","151977944","151978217","chr12","34092775","34093045","18","117885169"
"chr2B","152459594","152459875","chr12","34565298","34565577","14","117894296"
"chr2B","153037634","153037823","chr8","19007041","19007219","46","134030593"
"chr2B","153039191","153039296","chr11","61333551","61333666","27","91705640"
"chr2B","153073069","153073360","chr12","35231424","35231715","20","117841645"
"chr2B","153198079","153198366","chr12","35359381","35359673","20","117838698"
"chr2B","153725601","153725807","chr12","35914134","35914342","19","117811467"
"chr2B","153944938","153945210","chr12","36131393","36131661","15","117813545"
"chr2B","155297201","155297498","chr12","37468039","37468337","29","117829162"
"chr2B","155476183","155476467","chr12","37685929","37686216","25","117790254"
"chr2B","155674966","155675256","chr11","25990609","25990893","65","129684357"
"chr2B","155775288","155775522","chr12","37800020","37800254","19","117975268"
"chr2B","155800411","155800541","chr12","37825071","37825201","12","117975340"
"chr2B","155808622","155808899","chr12","37833094","37833372","38","117975528"
"chr2B","156014054","156014341","chr1","92908780","92909063","68","63105274"
"chr2B","156291233","156291514","chr12","38273259","38273540","21","118017974"
"chr2B","156418042","156418089","chr12","9313862","9313899","28","147104180"
"chr2B","156684443","156684720","chr13","8580121","8580401","63","148104322"
"chr2B","156701686","156701953","chr12","38723883","38724147","37","117977803"
"chr2B","156730473","156730607","chr1","161407756","161407890","22","4677283"
"chr2B","156973448","156973578","chr2","165218621","165218752","25","8245173"
"chr2B","157022534","157022702","chr12","39028182","39028350","16","117994352"
"chr2B","157278620","157278674","chr12","39285471","39285525","3","117993149"
"chr2B","157553214","157553503","chr10","29826237","29826523","59","127726977"
"chr2B","157555578","157555886","chr12","39548961","39549263","43","118006617"
"chr2B","158399019","158399292","chr16","32025071","32025339","58","126373948"
"chr2B","158402252","158402464","chr12","40483600","40483820","15","117918652"
"chr2B","158565820","158566104","chr12","40642058","40642341","31","117923762"
"chr2B","158736036","158736306","chr4","2943428","2943701","77","155792608"
"chr2B","159819855","159820147","chr12","41992736","41993002","49","117827119"
"chr2B","160905691","160905724","chr2","22517406","22517438","6","138388285"
"chr2B","160905763","160905887","chr3","38936517","38936639","27","121969246"
"chr2B","161918706","161918883","chr1","205668783","205668947","48","43750077"
"chr2B","161919180","161919321","chr19","44507525","44507663","40","117411655"
"chr2B","162121475","162121775","chr12","44376200","44376505","28","117745275"
"chr2B","162356144","162356273","chr1","26589838","26589970","25","135766306"
"chr2B","162424716","162424760","chr15","16261655","16261700","12","146163061"
"chr2B","162425694","162425829","chr11","98398817","98398954","19","64026877"
"chr2B","162458379","162458664","chr1","36699814","36700080","67","125758565"
"chr2B","162802201","162802500","chr12","45035292","45035581","30","117766909"
"chr2B","163296041","163296157","chr4","85549857","85549971","27","77746184"
"chr2B","163296200","163296359","chr6","56831713","56831875","43","106464487"
"chr2B","163616356","163616484","chr1","128709037","128709165","33","34907319"
"chr2B","163689858","163690163","chr12","82438785","82439091","65","81251073"
"chr2B","163692694","163692967","chr12","45727655","45727928","25","117965039"
"chr2B","163693489","163693769","chr12","45728442","45728724","25","117965047"
"chr2B","163937084","163937234","chr12","45973574","45973715","20","117963510"
"chr2B","164075602","164075893","chr5","51279060","51279357","72","112796542"
"chr2B","164078443","164078725","chr12","46115080","46115370","26","117963363"
"chr2B","164358050","164358346","chr2","110134336","110134610","88","54223714"
"chr2B","164364510","164364785","chr7","67127981","67128264","61","97236529"
"chr2B","164510460","164510749","chr19","39189255","39189538","65","125321205"
"chr2B","164534577","164534872","chr12","46573075","46573392","33","117961502"
"chr2B","164645348","164645593","chr12","46682885","46683128","15","117962463"
"chr2B","164935967","164936267","chr12","46969951","46970239","30","117966016"
"chr2B","164953042","164953090","chr13","15063375","15063423","8","149889667"
"chr2B","164969268","164969473","chr14","68615358","68615571","42","96353910"
"chr2B","165183930","165184200","chr12","47215791","47216088","43","117968139"
"chr2B","165612377","165612693","chr12","47635771","47636090","28","117976606"
"chr2B","166255353","166255641","chr12","48287903","48288191","39","117967450"
"chr2B","167131202","167131489","chr12","49211203","49211485","36","117919999"
"chr2B","167716019","167716200","chrX","52907820","52908001","33","114808199"
"chr2B","167716528","167716612","chr13","61527884","61527960","21","106188644"
"chr2B","168170322","168170581","chr3","41729817","41730091","75","126440505"
"chr2B","168236332","168236594","chr6","132499417","132499689","78","35736915"
"chr2B","168839340","168839630","chr12","51040556","51040850","23","117798784"
"chr2B","169289070","169289376","chr12","51505015","51505316","28","117784055"
"chr2B","169432998","169433245","chr12","51656150","51656398","19","117776848"
"chr2B","169437279","169437557","chr12","51660146","51660426","16","117777133"
"chr2B","169736882","169737184","chr12","52021204","52021510","40","117715678"
"chr2B","170075295","170075581","chr12","52370398","52370680","21","117704897"
"chr2B","170199516","170199587","chr12","52499559","52499631","10","117699957"
"chr2B","170598812","170598970","chr12","52770116","52770276","9","117828696"
"chr2B","170707796","170707962","chr1","161169668","161169828","40","9538128"
"chr2B","170840786","170840916","chr12","53020375","53020506","12","117820411"
"chr2B","171502765","171502775","chr10","31786595","31786605","3","139716170"
"chr2B","171502802","171503067","chr12","53704919","53705205","39","117797883"
"chr2B","171504600","171504909","chr12","53706731","53707039","22","117797869"
"chr2B","171645678","171645915","chr12","53878363","53878588","35","117767315"
"chr2B","172833000","172833314","chr2","72426884","72427200","62","100406116"
"chr2B","173055668","173055955","chr5","85808241","85808545","72","87247427"
"chr2B","173465367","173465526","chr12","55698296","55698455","11","117767071"
"chr2B","173786959","173787083","chr12","56014110","56014234","12","117772849"
"chr2B","174058085","174058403","chr12","56267070","56267390","37","117791015"
"chr2B","174117155","174117446","chr20","37755651","37755950","67","136361504"
"chr2B","174289056","174289325","chr12","56489622","56489911","56","117799434"
"chr2B","174527486","174527616","chr2","49820364","49820481","37","124707122"
"chr2B","175046462","175046688","chr12","57293876","57294073","43","117752586"
"chr2B","175192631","175192923","chr5","49034751","49035036","65","126157880"
"chr2B","175408127","175408263","chr12","57667693","57667832","9","117740434"
"chr2B","175483035","175483380","chr12","57774429","57774770","24","117708606"
"chr2B","175496263","175496419","chr11","110071969","110072127","35","65424294"
"chr2B","175516026","175516279","chr6","108969404","108969655","60","66546622"
"chr2B","175542235","175542552","chr10","92026270","92026581","66","83515965"
"chr2B","175567074","175567378","chr12","57864702","57865011","21","117702372"
"chr2B","175652510","175652824","chr12","57954576","57954892","21","117697934"
"chr2B","175686723","175687061","chr14","33321415","33321717","107","142365308"
"chr2B","176029275","176029560","chr6","78799285","78799566","60","97229990"
"chr2B","176050653","176050948","chr12","58337830","58338146","37","117712823"
"chr2B","176078574","176078871","chr12","58366581","58366878","16","117711993"
"chr2B","176188490","176188749","chr12","58468093","58468352","22","117720397"
"chr2B","176222414","176222448","chr2","22517406","22517438","13","153705008"
"chr2B","176350936","176351063","chr1","94419828","94419958","20","81931108"
"chr2B","176376778","176377030","chr3","32625068","32625322","62","143751710"
"chr2B","176611301","176611581","chr12","58865398","58865678","16","117745903"
"chr2B","176631377","176631709","chr12","58885694","58886006","45","117745683"
"chr2B","176680037","176680329","chr1","66526863","66527155","63","110153174"
"chr2B","176726199","176726375","chr12","58984377","58984550","15","117741822"
"chr2B","176773974","176774176","chr12","59036408","59036611","14","117737566"
"chr2B","176823187","176823488","chr9","58449925","58450234","66","118373262"
"chr2B","176952573","176952865","chr12","59219917","59220209","22","117732656"
"chr2B","176972660","176972967","chr12","59242431","59242705","52","117730229"
"chr2B","176992816","176992947","chr3","68927291","68927422","23","108065525"
"chr2B","177034140","177034390","chr12","59303023","59303312","52","117731117"
"chr2B","177313256","177313529","chr18","67022854","67023120","55","110290402"
"chr2B","177474288","177474421","chr12","100835212","100835345","19","76639076"
"chr2B","177551502","177551788","chr8","96566395","96566681","71","80985107"
"chr2B","177693640","177693751","chr14","66449520","66449622","24","111244120"
"chr2B","177803239","177803541","chr12","60067668","60067975","24","117735571"
"chr2B","177808300","177808586","chr12","60075267","60075558","24","117733033"
"chr2B","178043370","178043506","chr12","60313382","60313516","10","117729988"
"chr2B","178119331","178119587","chr12","60381996","60382251","15","117737335"
"chr2B","178683532","178683818","chr12","60952648","60952929","30","117730884"
"chr2B","178740037","178740166","chr12","61010217","61010347","6","117729820"
"chr2B","178990681","178990817","chr7","84475245","84475382","27","94515436"
"chr2B","179185667","179185734","chr3","87404117","87404179","18","91781550"
"chr2B","179186043","179186228","chr13","37559959","37560150","58","141626084"
"chr2B","179286459","179286752","chr12","61548877","61549170","14","117737582"
"chr2B","179406199","179406505","chr12","61665021","61665333","22","117741178"
"chr2B","181780659","181780931","chr12","63812109","63812382","19","117968550"
"chr2B","181866440","181866736","chr12","63885820","63886120","31","117980620"
"chr2B","182046619","182046896","chr12","64101934","64102208","24","117944685"
"chr2B","182305221","182305352","chr17","91790925","91791056","20","90514296"
"chr2B","182331241","182331530","chr12","64391623","64391882","42","117939618"
"chr2B","182348177","182348474","chr12","84484593","84484878","63","97863584"
"chr2B","182367765","182367946","chr14","47797762","47797934","50","134570003"
"chr2B","182390320","182390608","chr12","64444474","64444771","37","117945846"
"chr2B","182433503","182433783","chr12","64492514","64492782","36","117940989"
"chr2B","182447391","182447659","chr12","64506805","64507070","11","117940586"
"chr2B","182630047","182630327","chr12","64691999","64692270","20","117938048"
"chr2B","182731432","182731611","chr12","64794111","64794274","27","117937321"
"chr2B","182847540","182847828","chr12","64923633","64923892","40","117923907"
"chr2B","182984217","182984462","chr17","8720848","8721093","64","174263369"
"chr2B","183390935","183391248","chr12","65510948","65511231","54","117879987"
"chr2B","184255495","184255774","chr12","66354678","66354979","40","117900817"
"chr2B","184311039","184311325","chr12","66407387","66407693","38","117903652"
"chr2B","186092004","186092136","chr13","74782008","74782141","19","111309996"
"chr2B","186410637","186410771","chr8","119344694","119344829","19","67065943"
"chr2B","188099854","188100158","chr12","70120057","70120355","35","117979797"
"chr2B","188106115","188106246","chr6","91975652","91975776","25","96130463"
"chr2B","188118847","188118916","chr8","27571755","27571827","16","160547092"
"chr2B","188161251","188161439","chr12","70176919","70177141","43","117984332"
"chr2B","188260741","188261042","chr12","70284461","70284767","16","117976280"
"chr2B","188829679","188829976","chr12","70890173","70890456","28","117939506"
"chr2B","188908546","188908844","chr12","70961685","70961980","35","117946861"
"chr2B","189089271","189089573","chr12","71134504","71134807","22","117954767"
"chr2B","189279606","189279884","chr12","71330897","71331174","23","117948709"
"chr2B","189793034","189793343","chr10","36844451","36844751","77","152948583"
"chr2B","190209562","190209876","chr1","175462032","175462316","102","14747530"
"chr2B","191339232","191339364","chr12","73540919","73541049","13","117798313"
"chr2B","191355206","191355373","chr12","73554511","73554676","10","117800695"
"chr2B","191389670","191389804","chr16","38908340","38908477","28","152481330"
"chr2B","191619103","191619198","chr12","73820864","73820957","10","117798239"
"chr2B","191676684","191676916","chr14","22156295","22156541","73","169520389"
"chr2B","191680207","191680502","chr12","73882708","73882999","16","117797499"
"chr2B","191692920","191693145","chr12","73895150","73895388","30","117797770"
"chr2B","191766106","191766408","chr12","73968843","73969146","17","117797263"
"chr2B","192316609","192316861","chr12","74600328","74600560","40","117716281"
"chr2B","193616761","193616888","chr12","75833072","75833202","15","117783689"
"chr2B","193839622","193839924","chr12","76052239","76052543","26","117787383"
"chr2B","194923321","194923547","chr12","77137651","77137869","34","117785670"
"chr2B","195068957","195069082","chr14","67222526","67222654","29","127846431"
"chr2B","195154981","195155231","chr12","77395585","77395835","22","117759396"
"chr2B","195192090","195192371","chr12","77453346","77453627","22","117738744"
"chr2B","195532212","195532500","chr12","77846290","77846583","20","117685922"
"chr2B","195852680","195852972","chr12","78179707","78180004","20","117672973"
"chr2B","196343281","196343406","chr20","57212786","57212909","29","139130495"
"chr2B","196461279","196461563","chr12","78870022","78870310","35","117591257"
"chr2B","196741171","196741469","chr12","79153383","79153686","27","117587788"
"chr2B","197033522","197033813","chr12","79454741","79455025","29","117578781"
"chr2B","197403763","197403914","chr10","87822835","87822986","32","109580928"
"chr2B","197622099","197622402","chr12","80052266","80052570","24","117569833"
"chr2B","197634093","197634376","chr12","80063838","80064116","24","117570255"
"chr2B","198444870","198445084","chr12","80858079","80858293","6","117586791"
"chr2B","199189501","199189633","chr2","152378915","152379047","8","46810586"
"chr2B","200787584","200787879","chr2","150797974","150798264","20","49989610"
"chr2B","201386053","201386367","chr2","150200063","150200370","25","51185990"
"chr2B","201626818","201627003","chr8","16790039","16790220","52","184836779"
"chr2B","201684146","201684455","chr2","149900717","149901028","23","51783429"
"chr2B","201712474","201712758","chr2","149872842","149873121","28","51839632"
"chr2B","201842175","201842467","chr2","149740923","149741224","29","52101252"
"chr2B","202044973","202045290","chr2","149547943","149548263","14","52497030"
"chr2B","202094090","202094349","chr2","149499246","149499504","14","52594844"
"chr2B","202193483","202193661","chr1","21975197","21975371","42","180218286"
"chr2B","202197980","202198227","chr2","149404984","149405232","8","52792996"
"chr2B","202216550","202216839","chr2","149386672","149386970","22","52829878"
"chr2B","202535389","202535512","chrX","124793090","124793200","32","77742299"
"chr2B","202570100","202570399","chr1","62377687","62377985","61","140192413"
"chr2B","202574594","202574881","chr2","148958689","148958979","23","53615905"
"chr2B","202588469","202588770","chr7","154128220","154128522","60","48460249"
"chr2B","202706721","202706918","chr11","63631482","63631665","51","139075239"
"chr2B","202739652","202739779","chr9","63344988","63345119","29","139394664"
"chr2B","202763469","202763748","chr2","148792509","148792819","49","53970960"
"chr2B","202880421","202880780","chr2","148676479","148676770","82","54203942"
"chr2B","203504233","203504530","chr2","148041459","148041753","29","55462774"
"chr2B","203631433","203631546","chr3","126207035","126207150","23","77424398"
"chr2B","203693828","203693949","chr2","147849750","147849871","7","55844078"
"chr2B","204250556","204250854","chr2","147237250","147237545","22","57013306"
"chr2B","204685687","204685839","chr5","1256037","1256188","30","203429650"
"chr2B","204973931","204974078","chr2","146795847","146795994","9","58178084"
"chr2B","205231756","205231885","chr9","95599879","95600010","19","109631877"
"chr2B","205371513","205371786","chr12","81294500","81294799","40","124077013"
"chr2B","205519826","205520123","chr11","103833436","103833731","62","101686390"
"chr2B","205638625","205638873","chr15","80173324","80173578","63","125465301"
"chr2B","205706515","205706770","chr8","101243062","101243326","70","104463453"
"chr2B","205769783","205770079","chr12","81688354","81688664","35","124081429"
"chr2B","206325273","206325552","chr6","78799285","78799566","53","127525988"
"chr2B","206357883","206358016","chr6","73069010","73069143","21","133288873"
"chr2B","206401973","206402230","chr12","82484213","82484446","36","123917760"
"chr2B","206419477","206419618","chr3","84801975","84802107","29","121617502"
"chr2B","206436954","206437259","chr12","82520109","82520411","27","123916845"
"chr2B","206442892","206443043","chr7","6257063","6257209","32","200185829"
"chr2B","206508479","206508731","chr8","124100194","124100460","75","82408285"
"chr2B","206687292","206687424","chr12","82789871","82790001","9","123897421"
"chr2B","207163631","207163792","chr12","83308690","83308843","21","123854941"
"chr2B","207473418","207473557","chr7","135808491","135808625","26","71664927"
"chr2B","207490043","207490346","chr12","83643178","83643491","29","123846865"
"chr2B","207540907","207541032","chrX","144541916","144542049","20","62998991"
"chr2B","207829351","207829653","chr12","84036234","84036536","20","123793117"
"chr2B","207883959","207884162","chr12","84108448","84108615","51","123775511"
"chr2B","207884463","207884599","chr12","84108905","84109051","21","123775558"
"chr2B","207941760","207942038","chr12","84159680","84159958","22","123782080"
"chr2B","208082721","208083016","chr12","84286999","84287292","28","123795722"
"chr2B","208229881","208230176","chr12","84484593","84484878","23","123745288"
"chr2B","208237175","208237319","chr6","58109405","58109547","38","150127770"
"chr2B","208240340","208240486","chr5","78383003","78383151","29","129857337"
"chr2B","208407224","208407398","chr12","84702270","84702444","9","123704954"
"chr2B","208407689","208407822","chr12","84702745","84702879","12","123704944"
"chr2B","208449304","208449599","chr12","84750362","84750640","39","123698942"
"chr2B","208449992","208450157","chr12","84751044","84751208","22","123698948"
"chr2B","208450550","208450672","chr12","84751600","84751734","21","123698950"
"chr2B","208602382","208602641","chr12","84902185","84902447","28","123700197"
"chr2B","208633906","208633999","chr12","84935248","84935342","8","123698658"
"chr2B","208636752","208637050","chr12","84939106","84939403","17","123697646"
"chr2B","208638445","208638573","chr12","84940961","84941089","6","123697484"
"chr2B","208646860","208647134","chr9","116197088","116197353","72","92449772"
"chr2B","208649627","208649753","chr12","84950841","84950977","13","123698786"
"chr2B","208723151","208723307","chr9","35177982","35178130","39","173545169"
"chr2B","208888347","208888643","chr1","125822424","125822719","65","83065923"
"chr2B","209050772","209051071","chr12","85372735","85373011","38","123678037"
"chr2B","209288934","209289209","chr19","39189255","39189538","61","170099679"
"chr2B","209325489","209325800","chr13","66383831","66384127","67","142941658"
"chr2B","209449166","209449282","chr12","85775650","85775765","11","123673516"
"chr2B","210424657","210424951","chr12","86800539","86800814","40","123624118"
"chr2B","210588791","210589064","chr12","86970773","86971073","60","123618018"
"chr2B","210590803","210590942","chr17","83049320","83049461","32","127541483"
"chr2B","210848258","210848396","chr17","12119042","12119183","36","198729216"
"chr2B","211437367","211437675","chr12","87829978","87830283","15","123607389"
"chr2B","211472656","211472791","chr12","87866506","87866652","14","123606150"
"chr2B","211496706","211496797","chr12","87876592","87876675","12","123620114"
"chr2B","211574701","211574991","chr12","87970282","87970575","19","123604419"
"chr2B","212017975","212018135","chr7","165137313","165137480","29","46880662"
"chr2B","212019828","212020158","chr12","88417847","88418152","51","123601981"
"chr2B","212029287","212029365","chr13","88029211","88029284","21","124000076"
"chr2B","212029416","212029568","chr12","88427718","88427872","15","123601698"
"chr2B","212160885","212160975","chr1","11798162","11798253","22","200362723"
"chr2B","212655516","212655817","chr12","89057898","89058209","30","123597618"
"chr2B","212771674","212771960","chr5","145129798","145130090","63","67641876"
"chr2B","212934138","212934441","chr12","89338458","89338748","31","123595680"
"chr2B","213110082","213110188","chr15","9250418","9250527","28","203859664"
"chr2B","213240199","213240274","chr1","197944777","197944855","22","15295422"
"chr2B","213299748","213300046","chr12","89714587","89714896","39","123585161"
"chr2B","213610248","213610614","chr12","90017286","90017647","25","123592962"
"chr2B","213684740","213685032","chr12","90092001","90092302","29","123592739"
"chr2B","215158728","215159006","chr12","91171605","91171892","26","123987123"
"chr2B","215174547","215174844","chr12","91187858","91188152","19","123986689"
"chr2B","215464791","215465101","chr12","91478740","91479042","29","123986051"
"chr2B","215547376","215547508","chr1","134018877","134019008","20","81528499"
"chr2B","215866239","215866541","chr1","8350188","8350493","69","207516051"
"chr2B","216402930","216403223","chr12","92425427","92425740","38","123977503"
"chr2B","217073650","217073959","chr12","93023078","93023360","47","124050572"
"chr2B","218274429","218274747","chr12","94360579","94360887","37","123913850"
"chr2B","218723737","218724039","chr12","94828768","94829074","23","123894969"
"chr2B","219527837","219528054","chr12","95675940","95676147","32","123851897"
"chr2B","219570217","219570524","chr12","95717828","95718135","25","123852389"
"chr2B","219862552","219862771","chr1","25128148","25128369","55","194734404"
"chr2B","220503322","220503558","chr12","96747537","96747774","27","123755785"
"chr2B","221091432","221091535","chr13","46988867","46988962","29","174102565"
"chr2B","221092864","221093043","chr4","168599260","168599420","70","52493604"
"chr2B","221130516","221130601","chr12","97261482","97261567","5","123869034"
"chr2B","221156317","221156559","chr15","39362329","39362566","66","181793988"
"chr2B","221442385","221442667","chr12","97619446","97619722","31","123822939"
"chr2B","221543620","221543903","chr12","97710993","97711277","15","123832627"
"chr2B","221597019","221597266","chr12","97765146","97765410","43","123831873"
"chr2B","221694320","221694601","chr13","33420750","33421036","61","188273570"
"chr2B","222133306","222133599","chr12","98350895","98351183","30","123782411"
"chr2B","222197718","222197983","chr12","98413211","98413499","43","123784507"
"chr2B","222361063","222361311","chr1","23707720","23707948","65","198653343"
"chr2B","222431494","222431789","chr12","98644812","98645107","27","123786682"
"chr2B","222434437","222434719","chr10","68481711","68481989","69","153952726"
"chr2B","222489433","222489738","chr12","98699039","98699325","41","123790394"
"chr2B","222787630","222787760","chr5","104799309","104799443","20","117988321"
"chr2B","223011712","223011830","chr12","99228386","99228500","9","123783326"
"chr2B","223310134","223310429","chr12","99524601","99524924","47","123785533"
"chr2B","224473451","224473577","chr3","126207035","126207150","34","98266416"
"chr2B","224488706","224488999","chr12","100755105","100755391","42","123733601"
"chr2B","224561161","224561217","chrX","17922607","17922664","11","206638554"
"chr2B","224566170","224566430","chr12","100833417","100833677","21","123732753"
"chr2B","224567986","224568113","chr12","100835212","100835345","14","123732774"
"chr2B","224594980","224595282","chr12","100863307","100863610","13","123731673"
"chr2B","224871333","224871649","chr12","101146066","101146376","17","123725267"
"chr2B","225054401","225054580","chr12","101334323","101334489","34","123720078"
"chr2B","225199890","225200164","chr12","101474924","101475194","27","123724966"
"chr2B","225454938","225455256","chr12","101744032","101744347","31","123710906"
"chr2B","225682978","225683270","chr12","101964320","101964629","34","123718658"
"chr2B","225792228","225792524","chr12","102082305","102082600","22","123709923"
"chr2B","226013523","226013775","chr12","102302570","102302818","18","123710953"
"chr2B","228289550","228289627","chr19","36559238","36559305","28","191730312"
"chr2B","228437068","228437360","chr12","104858350","104858637","22","123578718"
"chr2B","228459844","228460135","chr12","104885759","104886042","22","123574085"
"chr2B","228550314","228550593","chr12","104988345","104988633","33","123561969"
"chr2B","228564600","228564681","chr12","105002432","105002513","5","123562168"
"chr2B","228564983","228565008","chr1","211605420","211605438","10","16959563"
"chr2B","229584771","229584907","chr2","106371891","106372025","27","123212880"
"chr2B","229724186","229724485","chr12","106174358","106174675","37","123549828"
"chr2B","230488217","230488352","chr13","74782008","74782141","18","155706209"
"chr2B","230552860","230553035","chr7","70977213","70977371","44","159575647"
"chr2B","230553062","230553179","chr19","7742339","7742455","29","222810723"
"chr2B","233427203","233427465","chr12","109741373","109741650","32","123685830"
"chr2B","233724396","233724525","chr12","110059435","110059562","13","123664961"
"chr2B","233731667","233731882","chr3","127644639","127644850","47","106087028"
"chr2B","233959469","233959766","chr12","110279520","110279800","42","123679949"
"chr2B","234973118","234973358","chr12","111332929","111333151","36","123640189"
"chr2B","235668971","235669252","chr12","112047308","112047591","21","123621663"
"chr2B","235695129","235695384","chr13","37742509","37742746","70","197952620"
"chr2B","235796946","235797114","chr12","112185011","112185179","10","123611935"
"chr2B","235986377","235986428","chr12","112371388","112371435","6","123614989"
"chr2B","236053449","236053595","chr1","207542623","207542774","34","28510826"
"chr2B","236053893","236054004","chr11","100130077","100130183","35","135923816"
"chr2B","236204262","236204564","chr12","112601136","112601439","24","123603126"
"chr2B","236248058","236248189","chr12","112650690","112650820","3","123597368"
"chr2B","236550100","236550414","chr12","112941789","112942098","21","123608311"
"chr2B","236777982","236778272","chr12","113171208","113171497","22","123606774"
"chr2B","236780855","236781133","chr11","133268734","133269011","67","103512121"
"chr2B","237095541","237095661","chr16","26210512","26210633","15","210885029"
"chr2B","237457897","237458170","chr12","113862479","113862756","25","123595418"
"chr2B","237681087","237681211","chr1","196150815","196150937","31","41530272"
"chr2B","237803368","237803674","chr12","114271920","114272218","44","123531448"
"chr2B","237869794","237869893","chr12","114338326","114338436","15","123531468"
"chr2B","237869895","237870158","chr12","114338438","114338699","24","123531457"
"chr2B","238023022","238023295","chr12","114490131","114490401","22","123532891"
"chr2B","238035262","238035538","chr3","126493480","126493750","60","111541782"
"chr2B","238101512","238101812","chr7","31815561","31815852","72","206285951"
"chr2B","238618104","238618365","chr18","67022854","67023120","64","171595250"
"chr2B","238659748","238659881","chr2","76084667","76084807","31","162575081"
"chr2B","238660189","238660342","chr7","17162294","17162440","39","221497895"
"chr2B","238737386","238737533","chr7","97166339","97166470","42","141571047"
"chr2B","238752349","238752505","chr14","7796732","7796887","40","230955617"
"chr2B","238752805","238752954","chr2","53619384","53619527","32","185133421"
"chr2B","238933849","238933995","chr12","115305704","115305850","3","123628145"
"chr2B","239263844","239264154","chr12","115655789","115656086","29","123608055"
"chr2B","239518798","239518810","chr15","49519628","49519638","3","189999170"
"chr2B","239519105","239519226","chr3","38936517","38936639","21","200582588"
"chr2B","240655480","240655648","chr18","36259233","36259399","36","204396247"
"chr2B","240655960","240656070","chr8","40843870","40843983","22","199812090"
"chr2B","241410062","241410184","chr10","15510391","15510513","15","225899671"
"chr2B","241565199","241565513","chr12","118052872","118053182","22","123512327"
"chr2B","242239308","242239445","chr3","126060930","126061066","28","116178378"
"chr2B","243639588","243639715","chr12","120277266","120277393","7","123362322"
"chr2B","243714658","243714929","chr3","42799593","42799853","69","200915065"
"chr2B","243760489","243760622","chr12","120402983","120403115","13","123357506"
"chr2B","243875968","243876131","chr12","120517036","120517199","24","123358932"
"chr2B","243904829","243905049","chr12","120546459","120546693","26","123358370"
"chr2B","243920386","243920575","chr12","120562022","120562210","7","123358364"
"chr2B","243920874","243921007","chr12","120562833","120562967","10","123358041"
"chr2B","244005520","244005635","chr11","109165596","109165716","32","134839924"
"chr2B","244132008","244132143","chr10","6003532","6003668","26","238128476"
"chr2B","244132439","244132611","chr2","72642863","72643030","41","171489576"
"chr2B","244304646","244304922","chr12","120956842","120957125","24","123347804"
"chr2B","244552935","244553169","chr12","121215942","121216176","9","123336993"
"chr2B","244788086","244788246","chr12","121444418","121444593","26","123343668"
"chr2B","244795737","244796026","chr20","70726586","70726883","61","174069151"
"chr2B","244803074","244803376","chr3","43948874","43949178","65","200854200"
"chr2B","244943014","244943302","chr12","121599452","121599744","29","123343562"
"chr2B","245253736","245254006","chr12","121916410","121916681","23","123337326"
"chr2B","246547456","246547727","chr12","123232938","123233213","17","123314518"
"chr2B","247388768","247388897","chr12","124179651","124179780","13","123209117"
"chr2B","247728839","247728947","chr7","56164759","56164878","24","191564080"
"chr2B","247729251","247729279","chr6","173927188","173927215","6","73802063"
"chrUn_NW_014014961v1","412","531","chr9","25043452","25043572","23","25043040"
"chrUn_NW_014015186v1","3661","3740","chr9","124942000","124942077","24","124938339"
"chrUn_NW_014015234v1","93","389","chr20","5294290","5294588","34","5294197"
"chrUn_NW_014015543v1","120","283","chr10","70527977","70528140","14","70527857"
"chrUn_NW_014015710v1","8905","9057","chr8","27401669","27401822","30","27392764"
"chrUn_NW_014015766v1","927","1093","chr16","56055666","56055832","26","56054739"
"chrUn_NW_014015799v1","50005","50243","chr13","42881548","42881789","63","42831543"
"chrUn_NW_014016028v1","3708","3843","chr10","30339443","30339585","32","30335735"
"chrUn_NW_014016384v1","3","181","chr3","40174350","40174528","29","40174347"
"chrUn_NW_014016484v1","586","701","chr3","126207035","126207150","8","126206449"
"chrUn_NW_014016746v1","107","323","chr16","16355216","16355434","15","16355109"
"chrUn_NW_014017109v1","6421","6680","chr1","87600752","87601006","21","87594331"
"chrUn_NW_014017165v1","177465","177754","chr17","25471110","25471402","16","25293645"
"chrUn_NW_014017165v1","497869","498167","chr17","25099611","25099910","17","24601742"
"chrUn_NW_014017165v1","503588","503832","chr17","25093930","25094175","12","24590342"
"chrUn_NW_014017165v1","639789","640084","chr12","114704067","114704361","62","114064278"
"chrUn_NW_014017165v1","659629","659955","chr1","85078108","85078411","83","84418479"
"chrUn_NW_014017216v1","1083","1211","chr9","63290705","63290836","31","63289622"
"chrUn_NW_014017216v1","7763","7851","chr3","50372879","50372978","15","50365116"
"chrUn_NW_014017216v1","8166","8234","chr3","50373299","50373353","19","50365133"
"chrUn_NW_014017284v1","1037","1151","chr4","58415033","58415147","7","58413996"
"chrUn_NW_014017412v1","674","991","chr1","87860701","87861001","35","87860027"
"chrUn_NW_014017513v1","1189","1460","chr20","15722393","15722690","35","15721204"
"chrUn_NW_014017541v1","1214","1346","chr1","163076626","163076759","25","163075412"
"chrUn_NW_014017541v1","18505","18637","chr1","163076626","163076759","25","163058121"
"chrUn_NW_014017559v1","34396","34482","chr19","205822","205905","26","171426"
"chrUn_NW_014017559v1","47664","47963","chr3","80571747","80572057","68","80524083"
"chrUn_NW_014017748v1","2361","2501","chr16","14305263","14305385","24","14302902"
"chrUn_NW_014017748v1","4515","4637","chr18","11853683","11853800","23","11849168"
"chrUn_NW_014017911v1","3","182","chr11","67635362","67635538","35","67635359"
"chrUn_NW_014018014v1","15915","16088","chr1","52195362","52195533","49","52179447"
"chrUn_NW_014018014v1","16389","16507","chr15","49519469","49519584","24","49503080"
"chrUn_NW_014018210v1","18","151","chr9","63290705","63290836","28","63290687"
"chrUn_NW_014018246v1","487","773","chr5","190400052","190400340","25","190399565"
"chrUn_NW_014018252v1","718","924","chr16","51456166","51456374","12","51455448"
"chrUn_NW_014018477v1","64","232","chr3","16095355","16095520","48","16095291"
"chrUn_NW_014018620v1","290","433","chr2","69003394","69003536","25","69003104"
