"chr1","76545917","76546224","chr1","76015429","76015737","2","530488","GACTGGGCCTGGTGGCTCACGACTGTAATCCCAACACTTTCGGAGGCCAAGGCGGGAGGATCACAAGGTCAGGAGTTCAAGACCAGCCTGGCCAACATGGTGAAACCCTGTCTTTACTAAAGACACAAAAAATGAGCCAGGCATGGTAGCATGCGCCTGTAATCCCAGCTACTTGGGAGGCTGAGAAAGGAGAATCGCTTTAACCCAGGAGGTGAAGGTTGCAGTGAACCAAGATTGTGCCATTGCACTTCAGCCTGCGTGACAGGGTGAGACTCCATCTCAAAAAAAAAAAAAGACAGAAAGAAAAA","GACTGGGCCTGGTGGCTCACGACTGTAATCCCAACACTTTCGGAGGCCAAGGCGGGAGGATCACAAGGTCAGGAGTTCAAGACCAGCCTGGCCAACATGGTGAAACCCCGTCTTTACTAAAGACACAAAAAATGAGCCAGGCATGGTAGCATGCGCCTGTAATCCCAGCTACTTGGGAGGCTGAGAAAGGAGAATCGCTTTAACCCAGGAGGTGAAGGTTGCAGTGAACCAAGATTGTGCCATTGCACTTCAGCCTGCGTGACAGGGTGAGACTCCATCTCAAAAAAAAAAAAAAGACAGAAAGAAAAA"
"chr1","52297617","52297872","chr1","51942654","51942910","2","354963","GTAATTTCAGAACTTTGGGAGGCCGAGGTCAGGACTTTGAGACCAGCCTGGCCAACCTGGTGAAACCCTGTCTCTGCTAAAAATACAAAAAATTAGCTGGGCATGGTGGCAGATGCCTGTAATCCCAGCTAATTGGGAGGCTGAGGCAGGAGAAATGCTTGAACCTGGGAGGCAGAGGTTGCAGTGAGCAGAGATCTCACCACTGCACTCCAGTTTGGATGACAGAGTGAGACTCTGTCTCAAAGAAAAAAAAAAA","GTAATTTCAGAACTTTGGGAGGCCGAGGTCAGGACTTTGAGACCAGCCTGGCCAACCTGGTGAAACCCTGTCTCTGCTAAAAATACAAAAAATTAGCTGGGCATGGTGGCAGATGCCTGTAATCCCAGCTACTTGGGAGGCTGAGGCAGGAGAAATGCTTGAACCTGGGAGGCAGAGGTTGCAGTGAGCAGAGATCTCACCACTGCACTCCAGTTTGGATGACAGAGTGAGACTCTGTCTCAAAGAAAAAAAAAAAA"
"chr1","79429447","79429740","chr1","78817937","78818233","5","611510","GGCCCGGCATGGTAGCTCATGCCTGTAATCCTAGCACTTTGGGAGGCCAAGGCAGGTGGATCACAAGGTCAGGAGTTCGGGACCAGCCTGGTCAACATGGTGAAACCCCATCTCTACTAAAAATACAAAAAATTAGCTGGCAATGGTGGCGGGTGCCTATAATCCCAGCTACTCAGGAGGCTGAGGCAGGAGAATTGCTTGAACCCGAGAGGCGGGGGTTGCAGTGAGCGAGATTGTGCCACTGCACTCCAGCCTGGGTGACAGAGCAAGACTCTGTCTGAAAAAAAAAAAAAA","GGCCCGGCATGGTAGCTCATGCCTGTAATCCTAGCACTTTGGGAGGCCAAGGCAGGTGGATCACAAGGTCAGGAGTTCGGGACCAGCCTGGTCAACATGGTGAAACCCCATCTCTACTAAAAATACAAAAAATTAGCTGGCCATGGTGGCGGGTGCCTATAATCCCAGCTACTCAGGAGGCTGAGGCAGGAGAATCGCTTGAACCCGAGAGGCGGGGGTTGCAGTGAGCGAGATTGTGCCACTGCACTCCAGCCTGGGTGACAGAGCAAGACTCTGTCTGAAAAAAAAAAAAAAAAA"
"chr1","82968409","82968639","chr19","12785312","12785542","37","70183097","CAGCCTGGCCAACATGGCAAAACCCCATCTCTACTAAACATACAAAAAAAAAAAATTAAGCCAGGTGTGGTGGGGGGCGACCGGTAGTACCAGTTACTTGGAAGGCTGAGGCAGGAAAATCACTTGAACCCAGGAGGCAGAGGTTGCAGTGAGCTGAGATCATGCCACTGCACTCCAGCCTGAGTGACAGAGCAAGACTCTGTCTCAAAAAAGAAAAGAAAAGAAAAAAAA","CCAGCCTGGCCAATATGGTGAAACCCCATCTCTACTAAAAATATTAAAAAAAAAAAAATTAGCCAGGCATGGTGGCAGATGCCTGTAGTCCCAGCTACTCGGGAGGCTGAGGCAGGAGAATCGCTTGAACTTGGGAGGCAGAGGTTGCAGTGAGCCGAGATCGTGCCACTGCACTCTAGCCTGGGCAAGAGAGCGAGACTCTGTCTCAAAAAAAAAAAAAAAAAAAAAAAA"
"chr1","191627129","191627430","chr1","190303840","190304143","7","1323289","GACTGGGCGCGGTGGCTCAGGCCTGTAATCCCAGCGCTTTGGGAGGCCGAGGTGGGTGGATCACAAGGTCAGGAATTTGAGACCAGCCTGACCAACATGGTAAAACCCTGTCTCTTAAAAATACAAAAAAATTAGCCAGGCGTGGTGGTGCGCGCCTGTAATCCCAGCTACTCGGGAGGCTGAGGCAGGGGAATCACTTGAACCTGGGAGGCGGAGGTTGCAGTCAGCTGAGATCATGCCACTGCACTCCAGCTTGGGCGACAGAGCAAGAGTCCGTCTTAGAAAAAAAAAAAAGAGAAGAA","GACTGGGCGCGGTGGCTCAGGCCTGTAATCCCAGCACTTTGGGAGGCCGAGGTGGGTGGATCACAAGGTCAGGAATTTGAGACCAGCCTGACCAACATGGTAAAACCCTGTCTCTTAAAAATACAAAAAAATTAGCCAGGCGTGGTGGTGCGCGCCTGTAATCCCAGCTACTCGGGAGGCTGAGGCAGGAGAATCGCTTGAACCTGGGAGGCGGAGGTTGCAGTCAGCTGAGATCATGCCACTGCACTCCAGCTTGGGCGACAGAGCAAGAGTCCGTCTCGAAAAAAAAAAAAAAAGAGAAGAA"
"chr1","894617","894822","chr1","907399","907606","6","12782","AGACCAGCCTGGCCAACACAGTGAAACCCCATCTCTACTAAAAATACAAAAAACTAGCCGGGCGTGGTGGTACATGCTTGTAATCCCAGCTACTTGGGAGGCTGAGGCAGGAGAATCGCTTGAACCCGGGAGGCAAAGGTTCTGGTGCCACTGCACTCCAGCCTGGGCAACAGAGCGAGACGCTGACCTACAAAAAAAAAAAAAAA","AGACCAGCCTGGCCAACACAGTGAAACCCCATCTCTACTAAAAATACAAAAAACTAGCCGGGCGTGGTGGTACATGCTTGTAATCCCAGCTACTTGGGAGGCTGAGGCAGGAGAATCGCTTGAACCCGGGAGGCAAAGGTTCTGGTGCCACTGCACTCCAGCCTGGGCAACAGAGCGAGACACTGCCTCAAAAAAAAAAAAAAAAAAA"
"chr1","1012800","1012913","chr2B","199271339","199271453","26","198258539","AGAATCGCTTGAACCCGGGAGGCAGAGGTTGCAGTGAGCCGAGATCATGCCACTGCACTCCAGCCTGGGCGACAGAGTGAGACTCAGTCTACAAAAGAAACAGATAGCAACAAA","AGAATCACTTGAACCCAGGAGGTGGAGTTTGTAGTGAGCTGAGATTGCACCACTGCACTCCAGCCTAGGAAACAGAGTGAAACACTGTCTCAATAAAAAAAAAAAAATAGAAAAA"
"chr1","1014536","1014830","chr1","1008010","1008304","6","6526","GGCCAGGTGCAGTGGCTCACACATGTAATCCCAGCACTTTGGGAGGTCGAGGTGGGTGGATCAGAAGGTCAGGAGTTCGAGACTATCCTGGCCAGCATGGTGAAACCCCATCTCTAATAAAAATTTAAAAAATTAGCTGGGCGTGGTGGTGCGCATCTGTAATCCCAGCTACTCAGGCGGCTGGGGCAGAGAATTGCTTAAAAACCCTAGAGGTGGAGCTGGCAGTGAGCCAAGATCGCACCACTGCACTCCAGCCTGGGTGACAGAGCGAGACTGTTTCAAAAAAAAAAAAAAA","GGCCGGGCGCGGTGGCTCACACCTGTAATCCCAGCACTTTGGGAGGTCGAGGTGGGTGGATCAGAAGGTCAGGAGTTCGAGACTATCCTGGCCAGCATGGTGAAACCCCATCTCTAATAAAAATTTAAAAAATTAGCTGGGCGTGGTGGTACGCATCTGTAATCCCAGCTACTCAGGCGGCTGGGGCAGAGAATTGCTTAAAAACCCTAGAGGTGGAGCTGGCAGTGAGCCAAGATCGCACCACTGCACTCCAGCCTGGGTGACAGAGCGAGACTGTTTCCAAAAAAAAAAAAAA"
"chr1","1021901","1022198","chr1","1015046","1015346","9","6855","GGCCGGGTGCAGCGGCTCACGCCTGTGATCCCAGCACTTTGGGAGGCGGAGGCAGGTGGATCACGAGGTCAGGAGTTTGAGACCAGCCTGGCCAACATGCTGAAACCCCGTCTCTACTAAAAATACAAAAAATTAGTCAGGTGTGGTGGCGGGTGCCTGTAATCCCAGTTACTCGTGAGGCTGAGGCAGGAGAATCGCATGAGCCTGGGAGGCAGAGGCTTCAGCGAGCTGAGATCGCGCCACTGCACTCCAGCCTGGGTGACAGAGCGAGACTCTGTCTACAAAAAAAAAGTAAAAA","GGCCGGGTGCAGCGGCTCACGCCTGTGATCCCAGCACTTTGGGAGGCGGAGGCAGGTGGATCACGAGGTCAGGAGTTTGAGACCAGCCTGGCCAACATGCTGAAACCCCGTCTCTACTAAAAATACAAAAAATTAGCCAGGTGTGGTGGCGGGTGCCTGTAATCCCAGCTACTCGTGAGGCCGAGGCAGGAGAATCGCGTGAGCCTGGGAGGCAGAGGCTTCAGCGAGCTGAGATTGCGCCACTGCACTCCAGCCTGGGTGACAGAGCGAGACTCTGTCTCAAAAAAAAAAAAAGTAAAAA"
"chr1","1086136","1086443","chr1","30910823","30911130","2","29824687","GGCGGGGCACAGTGGCTCACGCCTGTCATCCCAGCACTTTGGGAGGCCGATGTGGGTGGATCACGAGATCAGGAGATGGAGACCAGCCTGGCCAACATGGTGAAACCCCGTCTCTACTAAAATACAACAAATTAGCTGGGCGTGATGGCACGTGCCTGTAGTCCCAGCTACTCAGGAGGCTGAGGCAGAAGAATTGCTTGAACCCGGGAGGCAGAGGTTGCAGTGAGCGGAGATTGCACCACTACACTCCAGCCTGGGCGACAGAGCGAGACTCCGTCTCAAAAAACAAATAAATACATAAAATAAAA","GGCGGGGCACAGTGGCTCACGCCTGTCATCCCAGCACTTTGGGAGGCCGATGTGGGTGGATCACGAGATCAGGAGATGGAGACCAGCCTGGCCAACATGGTGAAACCCCGTCTCTACTAAAATACAACAAATTAGCTGGGCGTGATGGCACGTGCCTGTAGTCCCAGCTACTCAGGAGGCTGAGGCAGAAGAATTGCTTGAACCCGGGAGGCAGAGGTTGCAGTGAGCGGAGATTGTACCACTGCACTCCAGCCTGGGCGACAGAGCGAGACTCCGTCTCAAAAAACAAATAAATACATAAAATAAAA"
"chr1","1147396","1147635","chr1","1110248","1110478","11","37148","GAGTTTGAGACCAGCCTGGCCAGCATGGTGAAACCCCATCTCCATTAGAAATACAAAAAAATTAGCTGGGAGTGGTGGCATGTGCCTATAGTCCCAGCTACTCGGGAAGCTGAGGCAGGAGAATCATTTGAACCCGGGAGGCAGAGGTTGCAGTGAGCTGAAATCGTGCCACTGCACTCCAGCTTGGGTGACAGAGCAAGACTCCATCTACAAACAAAAAAAAAAAATTAAGTAAAAGAA","GAGTTTGAGACCAGCCTGGCCAGCATGGTGAAACCCCATCTCCATTAGAAATACAAAAAAATTAGCTGGGAGTGGTGTCACGTGCCTATAGTCCCAGCTACTCGGGAAGCTGAGGCAGGAGAATCATTTGAACCCGGGAGGCAGAGGTTGCAGTGAGCTGAAATCGTGCCACTGCACTCCAGCTTGGGTGACAGAGCAAGACTCCATCTCAAAAAAAAAAAAAAAAAAAAA"
"chr1","1334190","1334309","chr2B","205936995","205937106","24","204602805","GAGGCAGGAGAATCGCTTGAGACTGGGAAATGGAGGTTGCAGTGAGCTGAGATCGCGCCATTGCATTCCAGCCTGGGTGACAGAGCGAGACTCCCTACTACAAAAAAAAAAAAAAAAAAA","AGGCAGGAGAATCACTTGAACACAGGAGGCAGAGGTTGCGGTAAGTGGAGATCGCTCCATTGCATTCCAGCCTGGGTGACAGAGCAAGACTCCATCTCAAAAAAAAAAAAAA"
"chr1","1426351","1426510","chrX","65801999","65802155","34","64375648","GGGCCAGGTGGCACATGCCGGTGGTCCCAGCTTCTTGGCTTGGAGGCTAAGGTAGGAGGATCGCCTGAGCATGGGAGGCAGAGGTTGCAGTGAGCCAAGATCACACCATTGCACTCCAGCCTGGGTGATAGAGTGAGACTGTATCTCTAAATAACCAAAA","GGGTGTGGCAGCGTGCACCTGTAGTCCCAGCTACTTGGGAGGCTGAGGCAGGAGAATTGCTTGAACCTGGGAGGTGGTGGTTGCAGTGAGCCAAGATCACACCACTGCACTCCAGCCTGGGTGACAGACTGAGACTCTATCTCAAAAAAAAAAAAAA"
"chr1","1430178","1430469","chr1","1389232","1389524","3","40946","CTGGGCGCTGTGGCTCAGGCCTGTAATCCCAGCACTTCAGGAGGACGAGGCGGGCGGATCACGAGGTCAGGAGTTGTAGAGAACCCTGGCCAACATGGTGAAACCCGTCTCTACTAAAGATACAAAAAAAATTAGCCGGGCGTGGTGCTGCGCGGCTGTAATCCCAGCTACTCGAGAGGCTGCGGCATGAGAATCGGAGGCGGAGGTTGCAGGGAGCCGAAATCGCACCACTGCACTCCAGCCTCGGCGACAGGGCGATACTGTGTCTCAATATATAAATAAATGGAAAGAA","CTGGGCGCTGTGGCTCAGGCCTGTAATCCCAGCACTTCAGGAGGACGAGGCGGGCGGATCACGAGGTCAGGAGTTGTAGAGAACCCTGGCCAACATGGTGAAACCCGTCTCTACTAAAGATACAAAAAAAAATTAGCCGGGCGTGGTGCTGCGCGGCTGTAATCCCAGCTACTCGAGAGGCTGCGGCATGAGAATCGGAGGCGGAGGTTGCAGGGAGCCGAAATCGCACCACTGCACTCCAGCCTCGGCGACAGGGCGATACTGTGTCTCAATATATAAATAAACAGAAAGAA"
"chr1","1490404","1490637","chr16","82463334","82463567","32","80972930","GAGACCGAGCCTGGCCAACATGGNGAACCCGTCTCTACTAAAATACAAAAAATTAAGCTGGACATGGTGGTGCATGTCTGTAGTCCCAGCTACGCAGGAGGCTGAGGCAGGAGAATCGCTTGAACTCGGGAGGCAGAGGCTGCAGTGAGCCGAGATCTTGCCACTGCACTCCAGCCTGGGCGACAGAATGAGACTCCATCTCAAAAAAAAAAAAAAAAAAAACGAAAGAAAAAA","CGAGACCAGTCTGGCCAGCATGGTTAAACCCTCTTTGTACTAAAACTACAAAAAATTAGCCAGGCATGGTGGCACATGCCTGTAGTCCCAGCTACTCAGGAAGCTGAGGCAGGAGAATCGCTTGACTCCGGGAGGCAGAGGTTGCAGTGAGCTGAGATCGTGCCACTGCACTCCAGCCTGGGCGACAAAGTGAGACTCCATCTCAAAAAAAAAAAAAAAAAGAAGAAGAAGAAA"
"chr1","1505407","1505709","chr1","1500911","1501216","7","4496","GGCCAGGCACGGTGGCTCACGCCTGTAATCCCAACACTTTGGGAGGCTAAAGTGGGAGGATCACGAGGTCAGGAGTTCGAGACCAGCCTGGCCAACATGGTGAAACCCCGTCTCTACTAAAAATACAAAAAATTAGCCAGGTGTGGTGGCACACGCCTGTAATTGCAACTACTCAGGAGGCTGAGGCAGGAAAATTGCTTGAACCCAGGAGGCAGAGGTTCCACTGAGCCAAGATCATGCCACTGCACTCCAGCCTGGTCGACACAGCGAGGCGCTGTCTCAAAAACAAAACAAAAACAAAAA","GGCCAGGCACGGTGGCTCACGCCTGTAATCCCAACACTTTGGGAGGCTAAAGTGGGAGGATCACGAGGTCAGGAGTTCGAGACCAGCCTGGCCAACATGGTGAAACCCCGTCTCTACTAAAAATACAAAAAATTAGCCAGGCGTGGTGGCACACGCCTGTAATTGCAACTACTCAGGAGGCTGAGGCAGGAAAATTGCTTGAACCCGGGAGGCAGAGGTTGCACTGAGCCAAGATCATGCCACTGCACTCCAGCCTGGTCGACACAGTGAGGCGCTGTCTCAAAAACAAAAACAAAAACAAAAAAA"
"chr1","1505974","1506112","chr12","118030190","118030337","30","116524216","GCTAGTCTAGAGGCTGAGGCAGGAGAATCGCTTGAACTCACAAGGCAGAGGTTGCAGTGAGCCAAGATTGCACCGCTGCACTCCAGCCTGGACTGCAGAGTGAGATTCTGTTTCAAAAGAAAACAAAACAACAACGAAA","GCCTGTAGTCCCAGCTACTTGGGAGGCTGAGGCAGGAGAATCACTTGAACCCAGAAGGCAGAGGTTGCAGTGAGCCAAGATTGCGCCACTGCACTCCAGCCTGGATGACAGAGCGAGACTCTATCTCAAAAAAAAAAGAAAAAAGAAA"
"chr1","1512856","1513063","chr4","130338232","130338442","33","128825376","GGCCGAATGTGGTGGCTCACACCCGTAATCCCAGCACTTTAGGAGGCTGAGGTGGGCGGATCACCTGAGGTCAGGAGTTCAAGACTAGCTGGGCCAACATGGTGAAACCCCGTCTCTACTAAAATACAAAAAATTAGCCAGGCGTGGTGGCGCAGGCCTGTAGTCCCAGCTACTCGGGAGGCTGAGGCAGAGGAATCACTTGAACCCG","GGCCCCGTGCAGTGGCTCATACCTGTAATCCTAGCACTTTGGGAGGCCGAGGCAGGTGGATTGCCTGAGCTCAGGAGTTCAAGACCAGCCTGGGCAACATGGCGAAACCCCGTCTCTACTAAAAATACAAAAAATTAGCTGGGTGTGGTGGTGTGTGCCTGTAGTCCCAGCTACTCGGGAGGCTGAGGCAGGAGAATCGCTTGAACCCTGG"
"chr1","1536833","1537107","chr19","41761603","41761879","57","40224770","AATTCCAGCACTTCAGAAGGCAGAGGTGAGCAAATAGCATAGCCCAGGAGTTTGAGACCAGTGTGGGCAACATGGTGACACCCTGTCTCTACTAAAAATTTAAAAATAACCGGCATGGTGGTGCATGTCTGTGGTCCTAGCTACTCAGGAGGCTGAGGTGGGAGGATCACTTGAATCCAGGAAGCAGAGGCTGCAGTCAACCAAGATAGTGCCACTGCACTCCAGCCTGGGCAACAGAGCAAGACCCTGTCTCAAATACAAAACAAAACAAAAAA","TGTAATCCCAGCAGTTTGGGAGGCTGAGGCGGGCAGATCACAAGGTCAGGAGTTCGAGACCAGCCTGACCAACATGGTGAAACCCCGTCTCTACTAAAAATACAAAAAAATTAGCCAGGCCTGGTGGTGCGTGCCTGTAATCCCACCTACTCAGGAGGCTGAGGCAGGAGAATCACTTGAACCTGGGAGGCAGAGGTTGCAGTGAGCCAAGATTGTACCACTACACTCCAGCCTGGGCAACAGAGCAAGACTCCGTCTCAAAAAAAAAAAAAAAAAA"
"chr1","1608293","1608587","chr1","1605694","1605986","9","2599","GGCCGGCGCAATGGCTCACGCCTGTAATCCCAGCACTTTGGGAGGCCGAGACGGGCAGATCACGAGGTCAGGAGACCAGCCTGGCCAACATAATGAAACCCCATCTCTACTAAAAATACAAAAAAAATTAGCCAGACATGGTGGCAGGCGCCTGTAGTCCCAGCTACTTGGCATGCTGAGGCAGGAGAATCTCTTGAACCCGGGAGGCGGAGGTTGCAGTGAGCCTACGATCGGGCCACTGCACTCCAGCCTGGGTGATGGAAGGAGAACTCCATACTCAAAAAAAAAAAAAGAA","GGCCGGGCGCAATGGCTCACGCCTGTAATCCCAGCACTTTGGGAGGCCGAGACGGGCAGATCACGAGGTCAGGAGACCAGCCTGGCCAACATAATGAAACCCCATCTCTACTAAAAATACAAAGAAAATTAGCCAGACATGGTGGCAGGCGCCTGTAGTCCCAGCTACTTGGCATGCTGAGGCAGGAGAATCTCTTGAACCCGGGAGGCGGAGGTTGCAGTGAGCCTAGATCAGGCCACTGCACTCCAGCCTGGGTGATGGAGGGAGACTCCATCTCAAAAAAAAAAAAAAGA"
"chr1","1670377","1670667","chr1","1668662","1668952","12","1715","GGCTCATGTCTTTAATCCCAACACTTTGGGAGGCCAAGGTAGGTGGATCACAGGAGTTTCAGACGAGCATGGCCTCATGCTAGCATGGTAAAATCCCGTCTCCACTACAAAAACACAAAAAAATAGCTGGGTATGGTAGTGCATGCCTGTAATCCTAGCTACTCAGGCGGCTGAGGTGGGAGAACTGCTTGAACCCAGGAGGCGGGGGTTGCAGTGAGCCGAGATTGCGCCACTGCACTCTAGCCTGGGCAAACAGAGCGAGATACCTAGAACTAGAAAAAAAAAAAAAAA","GGCTCATGTCTTTAATCCCAACACTTTGGGAGGCCAAGGTAGGTAGATCACAGGAGTTTCAGACGAGCATGGCCTCATGCTAGCATGGTAAAATCCCGTCTCCACTACAAAAACACAAAAAAATAGCTGGGTATGGTAGTGCATGCCTGTAATCCTAGCTACTCAGGAGGCTGAGGTGGGAGAACTGCTTGAACTCAGGAGGCGGGGGTTGCAGTGAGCCGAGATTGCGCCACTGCACTCTAGCCTGGGCAACAGAGCGAGATCCTGACTGAAAAAAAAAAAAAAAACAAA"
"chr1","1687437","1687536","chr3","181238196","181238292","30","179550759","TGAGGCAAGAGAATTGCATGAAAGAGGCTGCAGTGAGACGAGATCGCGCCACTGCACTCCAGCCTGGGCACAACAGAGTGAAACTCTCTCTCAAATAAAA","GAGAACTCTGGAACCCGGGAGGCAGAGGCTGCAGTGAGCCGAGATCATGCCACTGCCCTCCAGCCTGGGCGATAGAGCAAGACTCCATCTCAAAAAA"
"chr1","1702693","1702876","chr7","42760636","42760821","34","41057943","TAAAAATAAAAAATTAGCCGGGCACGGTGGCATGCACCTGTAGTCCCAGCTACTCGAGAGGCTGAGGCAGGACAATCAATTGATCCTGAGAGGGGGAGGTTGCAGTGAGCCAAGATTGCATCACTGCACTCCAGCCTCGATGGCAGAGTGAGACTCCGTCTACCAAAAAAAAAAAAAAAGAAAA","TAAAAATGTAAAAAACTAGCCGGGCATGGTGGTGCACACCTGTAGTCCCAGCTACTGAGGATGCTGAAGTAGGAGGATTGCTTGAACACAGGAGGCGGAGGTTGCAGTGAGCCGAGATTGCATCACTGCACTCCAGCCTAGGCGCCAGAGTGAGATTCCATCTCAAAAAAAAAAAAAAAGGAAAAA"
"chr1","1709493","1709793","chr1","1711802","1712091","13","2309","GGCCGGGTGCGGTGGCTCAGGCCTGTACTCCCAGCACTTTGGGAGGCCAAAGCGGGCAGACCACAAGATCAGGTGTTCCAGACCACCCTGGCCAACACAGTGAAACTCTGTCTCTACTAAAAATAAAAAAAATTAGCCGGGCATGGTGGCGGGCGCCTGTAATCCCAGCTACTTGGGAGGCGGAAGCAGGAAAAACGCTTAAACCCAGGAGGCGGAGGCTGCAGTGAGCCAAGACTGAGCCATTGCACTCCAGCCCAGGCAAAAAAAAAGAAAAGAAAAAAAAAAAAANAAAANANANANA","GGCCGGGTGCGGTGGCTCAGGCCTGTACTCCCAGCACTTTGGGAGGCCAAAGCGGGCAGACCACAAGATCAGGTGTTCCAGACCACCCTGGCCAACACAGTGAAACTCTGTCTCTACTAAAAATAAAAAAAATTAGCCGGGCATGGTGGCGGGCGCCTGTAATCCCAGCTACTTGGGAGGCGGAAGCAGGAAAAACGCTTAAACCCAGGAGGCGGAGGCTGCAGTGAGCCAAGACTGAGCCATTGCACTCCAGCCCAGGCAAAAAAAAAAGAAAAAGAAAAAGAAAAAAA"
"chr1","1732971","1733272","chr1","1735330","1735631","2","2359","GGCCGGGCACGGTGGCTCACGTCTGTAAGCCCAGCACTTTGGAAGGCTAAGGCAGGTGGATCACGAGGTCAGGAGTTCAAGACCAGCCTGACCAACATGGTGAAACCCCATCTCTACTAAAAATGCAAAATAAATTAGCTGGGCGTGGTGGCACACACCTGTCATCCCAGCTACTCGGGAGGCTGAGGCAGGAGAATCGCTTGAACCTGGGAGGTGGAGTGAGCCAAGATTTCACCACTGCACTCCAGCCTGGGCGACAGAGACTCCATCTCAAAAAAATAAACAATAAAATAAAATAAAAA","GGCCGGGCACGGTGGCTCACGTCTGTAAGCCCAGCACTTTGGAAGGCCAAGGCAGGTGGATCACGAGGTCAGGAGTTCAAGACCAGCCTGACCAACAGGGTGAAACCCCATCTCTACTAAAAATGCAAAATAAATTAGCTGGGCGTGGTGGCACACACCTGTCATCCCAGCTACTCGGGAGGCTGAGGCAGGAGAATCGCTTGAACCTGGGAGGTGGAGTGAGCCAAGATTTCACCACTGCACTCCAGCCTGGGCGACAGAGACTCCATCTCAAAAAAATAAACAATAAAATAAAATAAAAA"
"chr1","1736483","1736616","chr11","62337631","62337761","15","60601148","GGCCAGGTGCGGTGGCTCACGCCTGTAATCCCAGCACTCTGGGAGGCCGAGACAGGCAGATCACGAGGTCAGGAATTCAAGAGCAGCCTGGTCAACATGGCAAAACCCTGTCTCTACTAAAAATACAAAAATTA","GGCCAGGCGCGGTGGCTCATGCCTGTCATCCCAGCACTCTGGGAGGCCGAGGCAGGCGAATCACGAGGTCAGGAGTTCAAGACCAGCCTGGCCAACATGGTGAAACCCCGTCTCTACTAAAAATACAAAAA"
"chr1","1736923","1737094","chr11","43973183","43973348","28","42236260","TTAGCTGGGCGTGCTGGCACACGCCTGTAGTCCCAGCTACTTGGGAGACTGAGACAGGAGAATTGCTTGAGCCTGTGAGGCGGAGTTGCAGTGAGCTGAGATGGTGCCACTGCAGTCCAGCCTGGGTGACAAAGAGTGACACTCTGTCTCACAAAAAAAAGACAAAAAAAAA","TTAGCCAGGTGTGGTGGTGCACACCTGTAGTCCCAGCTACTCGGGAGGCTGAGGCAGGAGAATTGCTTGAACTAGGGAGGCGGAGGTTGCAGTGAGCCGAGATCATGCCACTGCATTCCAGCCTGGGTGACAGAGTGAGACCCTGTCTCAAAAAAAAAAAAAAAAA"
"chr1","1768240","1768352","chr5","172392908","172393028","26","170624668","TGAGGCAGGAGAATCGCTTGATCCGGAAGGCGGAGGTTGCAGTGAGCCGAGATCACACCACTGCACTCCAGCCTGGGCGATGGAGTGAGACTCTGTCTTGGGAAAAAAAAGAA","AGGCTGAGGTGGGAGAATCGCTTGAACCCAGAAAGTGGAGGTTGCAGTGAGCCGAGATGGCACCGCTGCACTCCAGCCTGGGCAACAGAGCTAGACTCTGTCTCAAAAGAAAAAAAAAAAA"
"chr1","1831810","1832103","chr3","15176094","15176391","42","13344284","CCAGGCACGGTGGCTCACACCTGTAATCCCAGTACTTTGGGAGGCTAGGGTGAGTGGATCATGAGATCAAGAGTTCGAGACCAGCCTGGCCAACATAGTGAAACCCCATCTCTACTAAAAATACAAAAAATTAGCTGGGTGTGATGGCAGGCGCCTGCAATCCCAGCTACTCGGGAGGCTGAGGCAGGAGAATCATGTGAACCCGGGAGATAGAAGTTGCAGTGAGCTGAGATCGCGCTGCTACACTCTAGCCCAGGTGACAGTGCAAGACTGCGTTTCAAAAAAAAAAAAAAA","GGCCAGGCGTGGTGGCTCACCCCTGTAATCCCAGCACTTTGGGAGGCCAAGGCAGGCGGATCATGAGGTCAGGAGTTCAAGACCAGCCTGGCCAACATAGTGAAACCCCGTCTCTACTAACAATACAAAAAATTAGCTGGGCGTGGTGGCAGGCGCCTGTAATCCCAGCTACTCGGGAGGCTGAGGCAGGAGAATCACTTGAACCCGGGAGGTGGAGGTTGCAGTGAACCAAGATCACGCCACTGCACTCCAGCCTGGGCGACAGTGCGAGACTTCATCTCAAAAAAAAAAAAAAAAA"
"chr1","1876785","1876920","chr4","28030717","28030863","31","26153932","CAGGAGGCTGAGGCAGGAGAATCATTTGAACCTGGGAGGCGGAGGTTGCAGTGAGCCGACGTCTCGCCACTGTACTCTATCCTGGATGACACAGTGAGACTCTGTCTACAAAAAAAAAAAAATTAAAGAAAAGAAA","CCAGCTACTCTGGAGGCTGAGGCAGGAGAATCATTTGAACCCAGGAGACGGAGGCTGCAGTGAGCCGAGATCGCACCACTGCACTCCAGCCTGGGCTACACAGTGAGACTCTGTCCAAAAAACAAAACAAACTAACAAAAAAAGAAA"
"chr1","1882314","1882588","chr3","137579329","137579612","44","135697015","GGCTGGGTGCAGTGGCTCACGCCTGTAATCCCAGCACTTTGGGAGGCCGAGGCGGGCGGATCACGGGGTCAGGAGTTCGAGACCAGCCTGGCCAACATGGTGAAATTCCGTCTGTACTAAAGATACAAAAAAATAACCGGGCGTGGTGGCAGGTGCCTGTAATCCCACCTACTCGGGAAGCTGTGGCAGGAGACTTGCTTGAACCTGGGAAGCAGAAGTTGCAGTGAGCCGAGATCGTGCTCCAGCCTGGGTAACTGAGCCAGATTCCATCTCGA","GGCTGGGCGTGGTGGCTCATGCCTGTAATCTCAGCACTTTGGGAGGCCGAGGCGGGCGGATCATGAAGTCAGGAGCTTGAGACCAGCCTGGCCAACATGGTGAAACCCCATCTCTACTAAAGATACAAAAAATTAGCCGGGCATGGTGGCAGGCGCCTGTAATCACAGCTACTCGGAAGGCTGAGGCAGGAGAATCGCTTGAACCTGGGAGGCGGAGGTTGCAGTGAGCCGAGATGGCGCCAGTGCACTCCAGCCTGGGTGACAGGGTGAGACTCCATCTCAAA"
"chr1","1882643","1882653","chr1","28547144","28547162","9","26664501","ACATAAATAAA","CTAAAAAAATAAAAATAAA"
"chr1","1922478","1922684","chr14","19786423","19786634","37","17863945","CCAGCCTGGGCGACAGAGCGAGACTCCAACTAAAAAAAAAAAAATTAGCCAAGTGTGGTGGCACATGCCTGTAGTCCCAGCTACTCGGGAGGCTGAGGCAGGACAATCGCTTATATCTGGGAGGTGGAGGTTGCAGTGAACAGAGATAGTGCCACTGCACTCCAGCCTGGGGACAGAGCCAGACTCTGTCTCAAAAAAATAAAACAA","CCAGCCTGGCCAACATAGCGAAACCCCATCTCTACTAAAAATACAAAAAATTAGCCGGGTGTGGTGGCGCATGTCTGTAATCCCAGCTACTCAGGAGGCTGAGGCAGGAGAATCGCTTAAACCTGGGAGGCGAAGGTTGCAGTGAGCCAAGATCGCGCCACTGCACTCTAGTCTGGGTGACAGAGTGAGACTCCATCTCAAAAAAAAAAAAA"
"chr1","2044096","2044252","chr19","11449566","11449724","20","9405470","TTAGCTGGGCATGGTGGTGCATGCCTGTAGTCCCGGCTACTCAGGAGACTGAGGCAGGAGAATAGCTGGAATCAGGGAGTCAGAGGTTGCAGTGAGCCGAGATCGTGCCACTGCACTCCAGCCTGGGCAACAGAGCAAGACTCCATCTCAAAAAAAA","TTAGCCGGGCATGGTGGCGCACCCCTGTAGTCCCAGCTACTCAGGAGGCTGAAGCAGGAGGATTGCTCGAACCTGGGAGGCGGAGGTTGCGGTGAGCCGAGATCGTGCCATTGCACTCCAGCCTGGGGGACAGAGCAAGACTCCATCTCAAAAAAAAAA"
"chr1","2063879","2063992","chr2B","199271339","199271453","25","197207460","GAGGATTGCTTGAACCGAGGAGGTGGAGGTTGCAGTGAATCGAGATTTCACCACTGCACTCCAGCCTGGGCAACAGAGCAAGACCCTGTCTCTAAAACAAAAACAAAAACAGAA","AGAATCACTTGAACCCAGGAGGTGGAGTTTGTAGTGAGCTGAGATTGCACCACTGCACTCCAGCCTAGGAAACAGAGTGAAACACTGTCTCAATAAAAAAAAAAAAATAGAAAAA"
"chr1","2160595","2160881","chr2A","102832601","102832883","56","100672006","GCTCATGCCTGTAGTCCCAGCAATTTGGGAGGCCAAGGTGGGCAGATTGCATGAGTTCAGGAGTTCAGGACCAGCCAGGGCAACAAAGTGAAACCTTGTCTCTAGGGAAAAAAAAAAAATACAAAAAATTAGCTGGGCATGGTGGCACATGCTTGTAGTCCCAGCTACTCAGGAGGCTGAGGTAGGAGGATTGCTTGAGCCCTGGGTGGTTGAGGCTGCAGTGAGCTGAGATCGTGCCACTACACTCCAGCCTGGGTGACAGAGCAAGACTCCGTCTCAAAAACAAA","GGCTCATGCCTGTAATCCTAGCACTTTTGGAGGCCGAGGTGGGCAGATTGCCTGAGCTCAGGAGTTCGAGACCAGCCAGGGCAACGTGGTGAAACCGTATCTCTACTAAAATACAAAAAATTAGCCAGCCATGGTGGCATGTGCTTGTAGTCCCAGCTACTTAGGAGACTGAGGCAGGAGAATTGCTTGAACCCGGGAAGTGGAGGTTGCAGTAAGCTGAGACCACACCACTGTACTCCAGCCTGGGTGACAGAGCGAGACTCCATCTCTTGAAAAAAAAAAA"
"chr1","2518628","2518930","chr1","150047438","150047733","45","147528810","GGCCAGGTGCAGTGGCTTACGCCTGTAATCCCAGCATGTTGGGAGGCCGAGGTGGGCAGATCCAGAGGTCAGGAGATCGAGACCATCCTGGCCAACATGGTGAAACCCCGTCTCTACTAAAAATACAATAAAAATACAAAACTTAGCCAGGCATAGTGGTGGGTGCCTGTAGTCCCAGCTACTCAGGAGGCTGAGGCAGGAGAATTGGTTGATCCCAGGAGGTGGAGGTTGCGGTGAGCTGAGATTGTGGCACTGCACTCCAGCCTAGGTGACAGAGTGAGACTCCATCTCTTCTAGAAAAAA","GGCCAGACGCAGTAGATCACGCTTGTAATCCCAGCACTTTGGGAGGCCGAGGCGGGCAGATCACGAGGTCAGGAGTTCGAGACCAGCCTGGCCAACATGGTGAAACCCCGTCTCTTCTAAAAGTACAAAAAAAAAAAAAAATCCAGGCATGGTGGCACATGCTTGTAATCCTAGCTACTCAGGAGGCTGCGGAAGGAGAATTGCTTGAACCTGGGAGGTGGAGGTTGCAGTGAGCTGAGATTGTGCCACTGCACTCCAGCCTGGGTGACAGAGTGAGACTCTGTCTCAGAAAAGAA"
"chr1","2853622","2853807","chr4","26666455","26666626","33","23812833","AAAAATTAGCCCAGGGTGGTGGTGGCATGTTCCTGTGGTCCCAGCTACTCAGGAGGCTGAGGCAGGAGGATCTCCTGAGCACAAGAGGTAGAGGTTGCAGTGAGCCAAGATCTCACCACTGCACCCCAGCCTGGGTGACAGAGTGAGATCCTGTCTCAAAAAATAAAAATAAAAATGAGAAGAAAA","AAGTTAGCCGGGCTTGGTGGTGCATGCCTGTAGTCCCAGCTACTCAGGAGGCTGAGGCAGGAGAATTGCTTGAACCCAGGAGGTAGAGGTTGCAGTGAGCCAAGATTGCACCACTGCACTCCAGCCTGGGTGACAGAGCAAGACTGTCTGAAAAAAAAAAAAAAAAAAAAAA"
"chr1","3356668","3356977","chr1","3361877","3362183","6","5209","GGCCGGGTGCGGTGGCTCAAGCCTGTAATCCCAACACTTCGGGAGACCGAGGTGGGCAAATCACGAGGTCAGGAGTTCAAGACCAGCCTGGCCAACATGGTGAAACCCCATCTCTACTAAAAATAAAAAAAATTAGCTGGGCATGGTGGCAAGTGCCTATAATCCCAGCTACTCGGGGGGCTGAGGCAGGAGAATGGCATGAACCCGGGAGGCGGAGGTTGCAGTGAGCCGAGATCACACCATGGCACTCAGCCTGGGCAACAGTATGAGAGTCCGTCTCAAAATAAAAGAGAAAAAAAAAAAAAGGAAA","GGCCGGGTGTGGTGGCTCAAGCCTGTAATCCCAACACTTCGGGAGACCGAGGCGGGCAAATCACGAGGTCAGGAGTTCAAGACCAGCCTGGCCAACATGGTGAAACCCCATCTCTACTAAAAATAAAAAAAATTAGCTGGGCATGGTGGCAAGTGCCTATAATCCCAGCTACTCGGGGGGCTGAGGCAGGAGAATGGCATGAACCAGGGAGGCGGAGGTTGCAGTGAGCCGAGATCACACCATGGCACTCAGCCTGGGCAACAGTATGAGAGTCCGTCTCAAAATAAAAGAGAAAAAAAAAAAAAAA"
"chr1","3540125","3540286","chr1","3553410","3553569","3","13285","CGCGCCTGTAGTCCCAGCTACCTGGGGGGCTGAGGCAGGAGAATTGCTTGAATCTGGGAGGCGGAGGTGGCAGTGAGCCGAGATCACGCCACTGCACTCCAACCTGGGTGACAGAGGGAGACTCGGTCTCAAAAAAAAAAACCAAAAACCAAAAACCAAAAA","CGCGCCTGTAGTCCCAGCTACTTGGGGGGCTGAGGCAGGAGAATTGCTTGAATCTGGGAGGCGGAGGTGGCAGTGAGCCGAGATCACGCCACTGCACTCCAACCTGGGTGACAGAGGGAGACTCGGTCTCAAAAAAAAACCAAAAACCAAAAACCAAAAA"
"chr1","3605530","3605855","chr1","3622383","3622707","3","16853","GGCCGGGCGCGGTGGCTCATGCCTGTAATTCCAGCACTTTGGGAGGCCGAGGTGGGTGGATCACAAGGTCAGGAGTTTGAGACCAGCCTGGCCAATATGGTGAAACCCCGTCTCTACTAAAAATACAAAAAAATTAGCCAGGCATGGTGACACACGCCTGTAATCCCAGCTACTCGGGAGGCTGAGGCAGGAGAATTGCTCGAACCCGGGAGGCGGAGGTTGCAGGGGGCCAAGATCGCGCCACTGCGCTCCAGCCTAGGCAACAGAGCAAGACTCCGTCTCAAACCCCACCACCCCCGCAAAACAAAAACAAAAACAAAAAACAA","GGCCAGGCGCGGTGGCTCATGCCTGTAATTCCAGCACTTTGGGAGGCCGAGGTGGGTGGATCACAAGGTCAGGAGTTTGAGACCAGCCTGGCCAATATGGTGAAACCCCGTCTCTACTAAAAATACAAAAAAATTAGCCAGGCATGGTGACACACGCCTGTAATCCCAGCTACTCGGGAGGCTGAGGCAGGAGAATTGCTCGAACCCGGGAGGCGGAGGTTGCAGGGGGCCAAGATCGCGCCACTGCACTCCAGCCTAGGCAACAGAGCAAGACTCCGTCTCAAACCCCACCACCCCCGCAAAACAAAAACAAAAACAAAAAAAA"
"chr1","3606731","3607027","chr1","3623835","3624119","14","17104","CTGGGCGTGGTGGCTCACGCCTGTAATCCCAGCACTTTGGGAGGCCGAGGTGGGCAGATTATGAGGTCACGAGTTCGAGACCAGCCTGGCCAACATGGTGAAACCCCATCTCTACTAAAAATAGAAAAAATCAGCCGAGCATGGTGGTGTGCACCTGTCATCCCAGCTACTAGGGAGGCTGAGGCAGGAGAATTGCTTGAACCCAGGAGGTGGAGGTTACTGTGAGCCAAGATCACGCCATTGCACTGCAGCCCGGGTGACACAGTGAGACTCCGTCGCAAACAAGCAGACAAACAA","CTGGGCGTGGTGGCTCACGCCTGTAATCCCAGCACTTTGGGAGGCCGAGGTGGGCAGATTATGAGGTCACGAGTTCGAGACCAGCCTGGCCAACATGGTGAAACCCCATCTCTACTAAAAATAGAAAAAATTAGCCGAGCATGGTGGTGTGCACCTGTCATCCCAGCTACTAGGGAGGCTGAGGCAGGAGAATTGCTTGAACCCAGGAGGTGGAGGTTACTGTGAGCCAAGATCACGCCATTGCACTGCAGCCCGGGTGAGACAGTGAGACTCCGTCGCAAACAA"
"chr1","3633549","3633844","chr1","3653755","3654052","3","20206","GGCTGGGTGCAGTGGCTCACACCTGTAATCTCAGCACTTTGGGAGTCCGAGATGGGTGGGTCATCTGACGTCAGGAGTTCCAGACCAACCTGGCTAACATGGTGAAACTCCATCTCTACTAAAAATACAAAAAATTAGCCAGGCATTCTGGCTCACGCCTGTAGTCCCAGCTGTTTGGGAGGCTGAGGCATGAGAATTGCTTGAACCCAGGAGGCAGAGGTTGCAGTGAGCCCAAGATCATGCCACTGCACTCCAGCCTGGTCAACAGAACTCTGTCTCAAAGAAAAAATAAAAAA","GGCTGGGTGCAGTGGCTCACACCTGTAACCTCAGCACTTTGGGAGTCCGAGATGGGTGGGTCATCTGACGTCAGGAGTTCCAGACCAACCTGGCTAACATGGTGAAACTCCATCTCTACTAAAAATACAAAAAATTAGCCAGGCATTCTGGCTCACGCCTGTAGTCCCAGCTGTTTGGGAGGCTGAGGCATGAGAATTGCTTGAACCCAGGAGGCAGAGGTTGCAGTGAGCCCAAGATCATGCCACTGCACTCCAGCCTGGTCAACAGAACTCTGTCTCAAAGAAAAAAATAAAAAAA"
"chr1","3679933","3680215","chr1","3696924","3697212","7","16991","GGCTGGGTGTGGTGGCTCATGCCTATAATAGCACTGTGGGAGGCCAAGGTCAGGAGTTCAAGGCCAGCCTGGCCAACACGGTGAAACCCCATCTACTAAAAATACAAAATACAAATGCAAAAATTAGCTGGGTGTGGTGGCGCACGCCTGTAATCCCAGCTACTCAGGAGGCTGAGGCAGGAGAATGACTTGAACCCAGGAGGCGGACATTGCCGTGAGCTGAGATCGTGCCACTGCACTCCAGCCTGGGTGACAGAGCAAGACTGTTTCAAAAAAAAAAAAA","GGCTGGGTGTGGTGGCTCATGCCTATAATCTCAGCACTGTGGGAGGCCAAGGTCAGGAGTTCAAGGCCAGCCTGGCCAACACGGTGAAACCCCATTCTACTAAAAATACAAAATACAAATACAAAAATTAGCTGGGTGTGGTGGCGCACGCCTGTAATCCCAGCTACTCAGGAGGCTGAGGCAGGAGAATGACTTGAACCCAGGAGGCGGACATTGCCGTGAGCTGAGATCGTGCCACTGCACTCCAGCCTGGGTGACAGAGCAAGACTGTTTCAAAAAAAAAAAAAAA"
"chr1","3733711","3734017","chr4","110446954","110447253","59","106713243","GACCGGGCACAGTGGCTCACGCCCATAATCCCAGCACTTTGGAAGGCTGCGGCCAGCGGATCATTTGAGGTCAAGAGTTCAAGACTAGCCTGGCCAACTTCTTGAAACCCTATCTCTACTAAAAATACAAAAAATATATATATATAGCAGGGCATGGCGGCATATGACTCTATAGTCCCAGCTACCTGGGAGGCTGAGGCAGGAGAATTGTTTGAACCCAGGAGGTTGCAGTGAGCTGAGATCGAGCCACTGCACTCCAGCCTGGGTGATAGAGTGAGACTCTATCTCAAAAAGAGAGAGAGAGAGA","GCCGGGCATGGTGGCTCACGCCTATAATCCCAGCACTTCGGAAGGCCAAGACAGGCGGATCATGAGGTCAGGAGTTCAAGACTAGCCTGGCCAACATAGTGAAACCCAGTCTCTACTAAAAATACAAAAAAAGTTAGCCGGGCATGGAGGTGGGCACCTGTAGTCCCAGCTACTTGGGAGGCTGAAGCAGGAGAATCACTTGAACCTGGGAGGTGGAGGTTGCAGTGAGCTGAGATTGGGCCACTGCACTCCAGCCTGGGTGACAGAGTGAGACTCTTATCTCAAAAAAAAAAAAAAAAA"
"chr1","3777244","3777450","chr12","111138858","111139070","44","107361614","CCAACCTGGGCAACATGGTGAGTCCCCGTCTCTATCAAAAATACAAAAAAAAAAAAAAAGAACCAGATGTGGTGGTGCACACCTGTGGTCCCAGCTACTCGGGAGGCTGAGGTGGGAGGATCATCTGAGTCTGAGAGGTAGAGGTTGCAGTGAGCCCAGATGGTGCCAATGCACTCCAGCTTGGGCAACAGAGTGAGACCCTGTATC","CCAGTATGGGCAACATGGTGACACCCCGTCTCTATTAAAAATATAATAATACAAAAAATTAGCCAGGCATGGTGGCGCACATTTGTGGTCCCAGCTACTTGGGAGGCTAAGGTGGGAGGATCGCTTGAGCCTGGGAGGCGGAGGTTGCAATGACCTGAGATCGCGCCACTGCACTCCAGCCTGGGCGACAGAGTGAGACCCTGTCTCAAAAAA"
"chr1","3845642","3845934","chr3","183720328","183720621","33","179874686","GGCCGGGCACGGTGGCTCACGCCTATAATCCCAACACTTTGGGAGGCCAAGGCAGGCAGATCACAAGGTCAGGAGATCATGACCATCCTGGCCAACAAGGTGAAACCTCATCTCTACTAAAATGCAAAAAATTAGGCGGGCGTGGTGGTGCACACCTATAGTCCCAGCTACTCAGGAGGCTGAGGCGGGGAATTGCTTGAACCCGGGAGGCAGAGGTTGCAGTGAGCCGAGATTGTGCCATTGCACTCCAGCCTGGGTGATAAGAGTGAGACACTGTCTAAAAAAAAAAAAGA","GGCTGGGCGTGGTGGCTCACGCCTGTAATCCCAGCACTTTGGGAGGCCAAGGCGGGCAGATGACGAGGTCAGGAGTTCGAGACCAGCCTAGCCAACATGGTGAAACCCCATCTCTACTAAAATTACAAAAAATTAGCCGGGCGTGGTGGTGCACACCTGTAGTCCCAGCTACTCGGGAGGCTGAGGCAGAAGAATTGCTTGAACCCGGGAGGCAGAGGTTGCAGTGGGCCGAGATTGTGCCACTGTACTCCAGCCTGGGTGACAGAGTGAGACTCCGTCTCAAAAAAAAAGAAA"
"chr1","4048531","4048834","chr6","96715123","96715434","42","92666592","GGCACAGTGGCTCATGCCTGTAATCCCAGCACTTTGGGAGGTTGGGGTGGGCGGATCACAAGGTCAGGAGTTCAAGACCAACCTGACCAGCATGGTGAAACCCTTTCTCTACTAAAAATACAAAAAAAAAAAAAATAAGCTGGATATGGTGGCACATGCCTGTAGTCTCAGCTACTCGGGAGGCTGAGGCAGGAGAGTTGCTTGAACCTGGGAGGTGGAGGTTTCAGTGAGCTGAGATCATGCCACTGCACTCCAGCCTGGGTGACAGAGCAAGACTCTGTACAAAAAAAAAAAAAAAAAAGAA","GGCCGGCCACAGTGGCTCATGCCTGTAATCCCAGCACTTTGGGAGGCCGAGGTGGGTGGATCACGAAGTCAGGAGTTCAAGACCAGCCTGGCCAGCATGGTGAAACCCGGTCTCTACTAAAAATACAAAAAGAAAAAAAAAAATAGCTGGGCATGGTGTCACACGTCTATAGTCTCAGCTACCCAGGAGGCTGAGGCAGAAGAATTGCTTGAGCCTGGGAGGCAGAGGTTGCAGTGAGTGAAGATTGTGCCACTGCACTCCAGCCTGGGTGACAGAGCGAGACTCCATCTCAAAAAAAAAAAAAAAAAAAAA"
"chr1","4173777","4174070","chr1","4252469","4252762","7","78692","GGTGCGGTGGCTCATGCCTGTAATCTCAGCACTTTGGGAGGCCATGGCAGACAGATCACAAAGTCAGGAGTTTGAGACCAGCCTGGCCAATATGGTGAAACCCCGTCTCTACTAAAAATACAAAAAATTAGCCAGGTGTGGTGGTGCACTCCTGTAATCCCAGCTACTTGGGAGGCTAAAGTAGGAGAATTGCTTGAATCCAGGAGGCAGAGTTTGCAGTGAGCAAAGATCGCACCATTGCATTCCAGCCTGGGCGACAGAGTGAGAAAAAGAAAAAGAAAAAGAAAAAGAAAA","GGTGCAGTGGCTCATGCCTGTAATCTCAGCACTTTGGGAGGCCATGGCGGACAGATCACAAAGTCAGGAGTTTGAGACCAGCCTGGCCAATATGGTGAAACCCCGTCTCTACTAAAAATACAAAAAATTAGCCAGGTGTGGTGGTGCACTCCTGTAATCCCAGCTACTTGGGAGGCTGAAGCAGGAGAATTGCTTGAATCCAGGAGGCAGAGTTTGCAGTGAGCAAAGATCGCACCATTGCATTCCAGCCTGGGCGACAGAGTGAGAAAAAAAAAAAGGAAAAAGAAAAGAAAA"
"chr1","4263230","4263531","chr1","4342504","4342806","7","79274","GGCCGGGTGCGGTGGCTTATGCCTGTAATCCCAGCACTTTGGAGGCCAAGGCAGGTGGATCACAAGGTCAGGAGTTTGAGACCAGCCTGACCAACGTGGTGAAACTCTGTCTCTACTAAAAACAAAAAAGAAAATAGCCAAGCATGATGGTGCGCACCTGTAATCCCAGCTACTCAAGAGGCTGAGGCAGGAGAATCGCTTGAACCCAGGAGGTGGAGGTTGCAGTGAGCCGAGATCGTGCCACTGCACTCCGGCCTGGGTGACAGAGAGAGACTCCATCTCAAAAAGAAAGAAAGAAAAAA","GGCCGGGCGCGGTGGCTCACGCCTGTAATCCCAGCACTTTGGGAGGCCGAGGCAGGTGGATCACAAGGTCAGGAGTTTGAGACCAGCCTGACCAACGTGGTGAAACTCTGTCTCTACTAAAAACAAAAAAGAAAATAGCCAAGCATGATGGTGCGCACCTGTAATCACAGCTACTCAAGAGGCTGAGGCAGGAGAATCGCTTGAACCCAGGAGGTGGAGGTTGCAGTGAGCCGAGATCGTGCCACTGCACTCCGGCCTGGGTGACAGAGAGAGACTCCATCTCAAAAAGAAAGAAAAAAAAAA"
"chr1","4578056","4578148","chr13","24059413","24059502","16","19481357","GGAGGCGGAGGTTACAGCGAGCTGAGATCGAGCCACTGCACTCCAGCCTGGGCGACAGAGCGAGACTCCGTCTCAAAAAAAAAAAGGAAAAAA","GGCAGAGATTACAGTGAGCTGAGATCTGCTACTGCACTCCAGCCTGGGCGACAGAGTGAGACCCTGACTCAAAAAAAAAAAAAAAAAAAA"
"chr1","4711191","4711492","chr1","4802751","4803052","0","91560","GGCGGGGCAGGGTGGTTCACGCCTGTAATCCCAGCACTTTGGGAGGCGGAAGTGGGCAGATTGTCTGAGCTCAGGAGTTCGAGACCAGCCTGGGCAACATGGCGAAACCTCATTTCTACTAAAATACAAAAAATTAGCTGGGCTTGGTGGTGCACGCGTGTAGTCCCAGCTACTTGGGAGGCTGAGGTAGGAGAATTGCTGGGAACTGGGAGGTGGAGGCTGCAGTGGGCCAAGATCACACCACTGCACTCCAGCCTGGGCGACAGAGCGAGACTCCATCTCAAAAAAAGAAAACAAGAAAA","GGCGGGGCAGGGTGGTTCACGCCTGTAATCCCAGCACTTTGGGAGGCGGAAGTGGGCAGATTGTCTGAGCTCAGGAGTTCGAGACCAGCCTGGGCAACATGGCGAAACCTCATTTCTACTAAAATACAAAAAATTAGCTGGGCTTGGTGGTGCACGCGTGTAGTCCCAGCTACTTGGGAGGCTGAGGTAGGAGAATTGCTGGGAACTGGGAGGTGGAGGCTGCAGTGGGCCAAGATCACACCACTGCACTCCAGCCTGGGCGACAGAGCGAGACTCCATCTCAAAAAAAGAAAACAAGAAAA"
"chr1","4818082","4818299","chr22","39938694","39938922","33","35120612","GTCAGGAGTTCAAGACCAGCCTGGCTAACATGGTGAAACCCTGTTTCTACTAAAAATACAAAAAATTAGCCAGGCGTGGTGGCACATGCCTGTAATCTCAGCTACTCAGGGGGCTGAGGCAGGAGAATCACTTGAACCCGGGAGCTGGAGGTTGCAATGAGCCGAGATCACACCATTGCACTCCAGCTTGGGCAACAAGAGGGAAACTCCATCTAAAA","AGGTCAGGAGTTCAAGACCAGCCTGCTCAACATGGCGAAACCCCGTCTCTACTAAAGATACAAAAAATTATCCAGGCGTGGTGGCACATGCCTGTAGTCCCAGCTACTCAAGAGGCTGAGGCAGGAGAATCCCTTGAACCCGGGAGTCGAAGGTTGCAATGAGCCAAGATGGCACCACTGCACTCCAGCCTGGGCAACAAGAGCAAAACTCCATCTCAAAAAAAAAAAA"
"chr1","4822813","4822913","chr12","12586014","12586108","16","7763201","GGCGGAGGTTGCAGTGAGCTGAGATGACACCACTGCACTCCAGCCTGGGTGACAGAGTGAGACCCTGTCTCAAAAATAAATAAAATAAAATAAAAATAGAA","GGCAGAGGTTGTAGTGAGCCAAGATCGCACCACTGCACTCCAGCCTGGGTGACAAAGCGAAACTCTGTCTCAAAAAAAAAAAAAAAAAAAAAGAA"
"chr1","5062096","5062217","chr2B","207026815","207026935","24","201964719","GGCAGGAGAATCACTTGATACCGGGAGGCAGAGGTTGCAGTGAGCTGAGATCATGCCACAGCACTCCAGCCTAGGTGACAGAGCAAGACTCCATCTCACAAAAAAAAAAAGAAGAAGAAGAA","AGGAGAATTACTGAACCTGAGAGGCAGAGGTTGCAGTGAGCGCTGAAATCCTACCATTGCACTCCAGCCTGGGTGACAGAGTGAGACTCCATCTCTGAAAAAAAAAAAAAAAAAAAAAGAA"
"chr1","5539137","5539447","chr1","5489562","5489871","3","49575","GGCTGGGCGCTGTGGCTCACACCTGTAATCCCAGCACTGTGGGAGGCCTAGGTGGGTGGATCTCGAGGTCAGGAGTTCAAGACCAGCCTGACCAACATGGTGAAACTCCGTCTCTACTAAGAATACAAAAAATTAGCCCAGTATGGTGGCAGGCATGTGAAATCCCAGCTACTCGGGAGGCTGAGGCAGGAGAATCACTTGAACCCAGGAGGCAAAGGTTGCAGTGAGCCGAGATCACACCACTGCACTGCAGTCTGGGCTACACAGTGAGATTTTGTCTCAAGAAAAAAAAAAAGAAAGAAAGAAAAGAA","GGCTGGGCGCTGTGGCTCACACCTGTAATCCCAGCACTGTGGGAGGCCTAGGTGGGTGGATCTCGAGGTCAGGAGTTCAAGACCAGCCTGACCAACATGGTGAAACTCCGTCTCTACTAAGAATACAAAAAATTAGCCCAGTATGGTGGCAGGCATGTGAAATCCCAGCTACTCGGGAGGCTGAGGCAGGAGAATCACTTGAACCCAGGAGGCAAAGGTTGCAGTGAGCCGAGATCACACCACTGCACTGCAGTCTGGGCTACACAGTGAGATTTTGTCTCAAGAAAAAAAAAAAAAAGAAAGAAAGAAA"
"chr1","5580549","5580655","chr20","16652596","16652702","20","11072047","CTTGAACCCGGGACGCAGAGGTTGCTGTGAGCCGAGATCACGCCACTGCACTCCAGCCTGGGCAACAGAGTGAGACTCCATCTACAAAAAAAAAAGAAAGAAAGAAA","CTTGAACCCAGGCGGCGGAGGCTTCAGTGAGCCAAGATGGTGCCACTGCACTCCAGCGTGGGCAACAGAGTGAGACTCTGTCTCAAAAAAATAAAAAAAATAGAAAA"
"chr1","5752822","5753082","chr1","5705986","5706249","6","46836","GGCCGGGTGCAGTGGCTCACGCCTGTAATCCCAGCACTTTCGGAGGCCAAGGCAGGCGGATCATGAGGTCAGGAGTTTGAGACCCATCTGACTAACATAGCGAAACCCTGTCTCTATTAAAAATACATAGAAATAGCCGGGTGTGTTAGTGTGAGCCTGTAATCCCAGCTGAGGAGGTTGCAGTGAGCTGAAATTGTGCCATTGCACCTCAGCATCCCAGCCCGGGCCACAGTGCGAGACTCTGTCTACAAAAAAAAAAAA","GGCCGGGTGCAGTGGCTCACGCCTGTAATCCCAGCACTTTCGGAGGCCAAGGCAGGCGGATCATGAGGTCAGGAGTTTGAGACCCATCTGACTAACATAGCGAAACCCTGTCTCTATTAAAAATACATAGAAATAGCCGGGTGTGTTAGTGTGAGCCTGTAATCCCAGCTGGGGAGGTTGCAGTGAGCTGAAATTGTGCCATTGCACCTCAGCACCCCAGCCCGGGCCACAGTGCGAGACTCTGTCTCAAAAAAAAAAAAAAAA"
"chr1","5928035","5928247","chr17","75281131","75281341","31","69353096","AGCCTGGCCAACATGGTGAAGCCCCGTCTCTACTAAAAAATACAAAAAATTAGCCAGACATGGTGGCACGTGCCTGTAATCCTAGCTACTCGGGAGGCTGAGGCAGAAGAATTGCTTGAACCCAGGAGGCGGAGGTTACAATGAGCAGAGATCGCGCCACTGCACTCCAACCTGGGCAAAAAGAGTGAGACTCCATCTACAAAAAAAAAAGAA","GCCTGGCCAACGTGGTGAAACCCCGTCTCTGCTAAAAATACAAAAAATTAGCCAGATGTGGTGGCATGTGCCTATAATCCCAGCTACTCAGGAGGCTGAAGCAGGAGAATCGCTTGAGCCCAGGAGGCAGAGGTTGTAGTGAGCCGAGATCGTGCCACTGCACTCCAGCCTGGGAGACAGACTGAGACTCTGTCTCAAAAAAAAAAAAAAA"
"chr1","6081936","6082214","chr1","6047330","6047614","6","34606","CACGGTGGCTCACACTTGTAATCCCAGAACTTTGGGAGGCTGAGGCGGGTGGATCGTGAGGTCAGGAGTTTGAGACCAGCCTGGCCAACATGGCGAAACCCCGTCTCTATTAAAAATAAAAATAAAAAATTAGCCAGGTGTGGTGGTGGGCACCTGTAATCCCAGCTACTCGGGAGGCTGAGGCAGGAGAATCGCTTGCACCTGGAGGCTGCAGTAAGCCGAGGTTGCGCTACTGCACTCTAGCCTGGGCGACAGTGAGATTCCGTCTCAAAAAAAAAA","CACGGTGGCTCACACTTGTAATCCCAGAACTTTGGGAGGCTGAGGCGGGTGGATCGTGAGGTCAGGAGTTTGAGACCAGCCTGGCCAACATGGCGAAACCCCGTCTCTATTAAAAATAAAAATAAAAAATTAGCCAGGTGTGGTGGTGGGCACCTGTAATCCCAGCTACTCGGGAGGCTGAGGCAGGAGAATCGCTTGCACCTGGAGGCTGCAGTAAGCCGAGGTTGCGCTACTGCACTCTAGCCTGGGCGACAGTGAGATTCCGTCTCAAAAAAAAAAAAAAAA"
"chr1","6142230","6142268","chr2A","48506210","48506246","7","42363980","TTAGTTGGGTGTGGTGGTATGCACCTGTAGTCCCAGCTA","TTAGCTGGGAGTGGTGGTGTGCACCTGTAATCCCAAC"
"chr1","6219222","6219519","chr1","6185414","6185711","2","33808","GCCAGGCGCGGTGGCTCATTCCCGTAATCCCAACACTTTGGGAGGCTGAGGTGGGCAGATCATGAGGTCAGGAGTTCGAGACCAGTCTGGCCAACATAGTGAAACCCCGTCTCCACTAAAAATACAAAAAATTAGCTGGGTGTGGTGGTGTGCACCTGTAATCCCAGCTATTCGGGAGGCTGCAGTAGAAGAATCGCGTGAACACGGGAGGCGGAGGTGGCAGTGAGCAGAGATCGCACCATTGCACTCCATCCTGGGAGATAGTGTGAGACTCCGTCTCAAAAACAAAACAAAAAAA","GCCAGGCGCGGTGGCTCATGCCCGTAATCCCAACACTTTGGGAGGCTGAGGTGGGCAGATCATGAGGTCAGGAGTTCGAGACCAGTCTGGCCAACATAGTGAAACCCCGTCTCCACTAAAAATACAAAAAATTAGCTGGGTGTGGTGGTGTGCACCTGTAATCCCAGCTATTCGGGAGGCTGCAGTAGAAGAATCGCGTGAACACGGGAGGCGGAGGTGGCAGTGAGCAGAGATCGCACCATTGCACCCCATCCTGGGAGATAGTGTGAGACTCCGTCTCAAAAACAAAACAAAAAAA"
"chr1","6225899","6225993","chr7","43381927","43382018","25","37156028","GAGGTCAGGAGTTCGAGACCAGCCTGGCCAGCATGGTGAAACCCTGTCTCTACTAAAAGTACAAAAAATTAGCCAGGCATGGTGGCACACACCTG","GAGTTTGAGAACAGCCTGGCCAACATGGTGACCAAACTGCGTCTCTACTAAAAATACAAAAAAATTAGCTGGGCATGGTGATGCATACCTGT"
"chr1","6244575","6244878","chr1","6210636","6210940","1","33939","GGCCGGGCGCGGTGGCTCACGCCTGTAATCCCAGCAATTTGGGAGGCCAGGGCGGGTGGATCATGAGGTCAGGCGTTCGAGACCAGCCTGGCCAACATGATAAAACCCCGTCTCTACTAAAAATACAAAAAAATAGCTGGGCATGCTGGCGGGTGCCTGTAATCCCAGCTACTCAGGAGGCTGAGACAGGAGAATCCTTTGAACCCAGGAGGCGGAGGTTGCAGTGAGTTGAGATCGGGCCTTTGCACTTCAGTCTGGGCAACAGGGCGAGACTCCATCTCAAAAAACAACAACAACAAAAAAA","GGCCGGGCGCGGTGGCTCACGCCTGTAATCCCAGCAATTTGGGAGGCCAGGGCGGGTGGATCATGAGGTCAGGCGTTCGAGACCAGCCTGGCCAACATGATAAAACCCCGTCTCTACTAAAAATACAAAAAAATAGCTGGGCATGCTGGCGGGTGCCTGTAATCCCAGCTACTCAGGAGGCTGAGACAGGAGAATCCTTTGAACCCAGGAGGCGGAGGTTGCAGTGAGTTGAGATCGGGCCTTTGCACTTCAGTCTGGGCAACAGGGCGAGACTCCATCTCAAAAAACAACAACAACAAAAAAAA"
"chr1","6319304","6319610","chr1","6287057","6287362","2","32247","GGCCAGGTGCGGTGGCTCATGCCTGTAATCCCAGCATTTTGGGAGGCTGAAGTGGGCGGATCATGAGGTCAGGAGTTCAAGACCAGTCTGGACAACATAGTGAAACCCCGTCTCTACTAAAAATACAAAAAATTAGCTGGGCATAGTGGCACGTGCCTGTAGTTCCAGCTACTCGGGAGGCTGAGGCAGGAGAATTGCTTGAACCTGGGAGGCGGAGGTTGTGGTGAGCGGAGATCGCACCAGTGCACTCCAGCCTGGGCGACAGTGCAAGACTCCGTCTACAAAAAAAAAAAAAAAAATTTAAAAA","GGCCAGGTGCGGTGGCTCATGCCTGTAATCCCAGCATTTTGGGAGGCTGAAGTGGGCGGATCATGAGGTCAGGAGTTCAAGACCAGTCTGGACAACATAGTGAAACCCCGTCTCTACTAAAAATACAAAAAATTAGCTGCGCATAGTGGCACGTGCCTGTAGTTCCAGCTACTCGGGAGGCTGAGGCAGGAGAATTGCTTGAACCTGGGAGGCGGAGGTTGTGGTGAGCGGAGATCGCACCAGTGCACTCCAGCCTGGGCGACAGTGCAAGACTCCGTCTCAAAAAAAAAAAAAAAAATTTAAAAA"
"chr1","6394768","6395059","chr11","116909477","116909766","37","110514709","GGGCAGGCGTGGTGGCTCAGGCCTGTAATCTCAGCACTTTGGGAGGCCAAGGCAGGCGGATCACCTGAGGTCAGGAGTTCGAGACCAGCCTGGCCAACATGGCGAAACCCCATCTCTTCTAAAACTATAAAAAATTAGCTGGGCATGGTGGCATGTGCCTGTAGTCACAGCTACATGGGAAGCTGAGGCAGGAGAATCACTTGAACCTGGGAGGCAGAGGTTGCAGTAAGCTGGGATCACGCCACTACACTCTAGCCTGGGCAACAGAGCGAGACTCCATCTCAAAAAAAAA","GGCCAGGTGCGGTGGCCCACACCTGTAATCCCAGCACTTTGGGAGGCCGAGGCAGGTGGATCACTTGAGGTCAGGAGTTCGAGACCAGCCTGGCCAACAAGGCGAAACCCCATCTCTACTAAAAGTACAAAAAATTAGCCGGGCATGGTGGTGTGTACCTGTAGTCCCAGCTACTTGGGAGGCTGACGCAGGAGAATCACTTGAACCTGGGAGGCAGAAGTTGCAGTGAGCTGAGATCGTGCCACTACACTCCAGCCTAGGTGACACAGCAAGACTCTGTCTCAAAAAAA"
"chr1","6411723","6411883","chr1","6385589","6385749","4","26134","GCCAAACGTGGTGGTGCATGCCTATGGTCCCAGCTACTCAGTGTGGTTGAGGCAGGAGAATCGCTTGAAACTGGATGGCAGAGGTTACAGCGAGCTATCACACCACTGCATTCCAGCCTGGGCGACAGACCGAGACTCTATATCAAAAAAAGAAAACAGAA","GCCAAACTTGGTGGTGCATGCCTATGGTCCCAGCTACTCAGTGTGGTTGAGGCAGGAGAATCGTTTGAAACTGGATGGCAGAGGTTACAGTGAGCTATCACACCACTGCATTCCAGCCTGGGCGACAGACTGAGACTCTATATCAAAAAAAGAAAACAGAA"
"chr1","6417449","6417591","chr2A","32693701","32693835","21","26276252","CTACTCGGGAGACTGAGGCAGGAGAATCGCTTGAACCCAGGAGGCAGAGGTTGCAGTGAGCCAAGATCACGCCTTTGCACTCCAGCCCAGTTGACGATGCAAGACTCCGTCTCAAAAACAACAACAACAACAACAACAAAAAA","CTACTTGGGAGGCTGAGGCAGGAGAGTTGCTTGAACTCAGGAGGCGGAGGTTGCAGTGAGCCAAGATCATGCCATTGCACTCCAGCCCAGGTGACAGTGTGAGACTCCGTCTCAAAAAAAAAAAAAAAAAAAAAA"
"chr1","6419089","6419265","chr3","145547243","145547422","27","139128154","AAAAATTAGCCGGTTGTGGTGGCACACACCTGTAGTCCCAGCTACTCTGGAGGCTGAGGTGGGAGGATTGATTGAACCCAGGAGGCAGAAATTGCAGTGAGCCAAGATCACACCAATGCACTCCAGCCTGGGTAACAGAGCAAGACTCCGTCTCAAAAAAAAAAAAAGAAAAAGAAA","ACAAAAACTTAGCCGGGTGTGGTGGCTCATGCCTGTAATCCCAGCACTTTGGGAGGCTGAGGCAGGAGAATTGCTTGAACCCGGGAGGCAGAGGTTGCAGTGAGCCAAGATAACGCCACTGCACTCCAGCCTGGGTGACAGAGCAAGACTCCATCTCAAAAAAAAAGAAAAAAGAAAAAA"
"chr1","6455006","6455290","chr1","13633216","13633513","31","7178210","CTGGGTGTGGTGGCTCTGTAATCCCAGCACTTTGGGAGGCTGAGATGGGCGGATCACGAGGTCAGGAGTTCGAGACCAGCCTGGTCAACATGGTGAAACCCTGTCCCTACTAAAAATACAAAAAATAAGCGGGGCGTGGTGGCACATGCCTGTAATCCCAGCTACTCAGGAGGCTGAGGCAGAAGAATCGCTTGAACCCGGGAGGCAGAGGTTGCAGTGAGCCAAGATCGAGCCACTGCACTCCAGCCTGGGCGACAGAGCTAGACTTCTTCTCAAAAAAAAAAA","GCCGGGTGCGGTGGCTCACGCCTGTAATCCCAGCACTTTGGGAGGCCGAGGCGGGCAGATCACGAGGTCAGGAGTTCGAGACCAGCCTGGTCAACATGGTGAAACCCTGTCTCTACTAAAAATACAAAAAATTAGCCGGGCGTGGTGGCTCATGCCTGTAATCCCAGCTACTCAGGAGGCTGAGGCAGAAGAATCACTTGAACCTGGGAGGTGGAGGTTGCAGTGAGACAAGATCAAGCCACTACACTCCAGCCTGGGCGACAGAGCTAGACTTCGTCTCAACAACAACAACAAAAAA"
"chr1","6492077","6492382","chr1","6471363","6471669","2","20714","GCCGGGCGTGGTGGCTCACGCCTGTAATCCCAGCACTTTGGGAGGCTCAGGCGGGCTGTTCACGAGTCAGGAATTCGAGACCAGTCTGGCCAACATAGTGAAACCCTGTCTCTACTAAAAATACAAAAAAAAAATTAGCTGGGCATGGTGGTGTGCGCCTGTAATCCCAGCTACTGGGGAGGCTGAGGCAGGAGAATTGCGTGAAACCAGGAAGCGGAGGTTGCAGTGAGCCGAGATCAAGCCATTGCACTCCAGTCTGGGTGACAGAATGAGACTCTGTCTCAGAAAAAGAAAAAAAGAAAAAGA","GCCGGGCGTGGTGACTCACGCCTGTAATCCCAGCACTTTGGGAGGCTCAGGCGGGCTGTTCACGAGTCAGGAATTCGAGACCAGTCTGGCCAACATAGTGAAACCCTGTCTCTACTAAAAATACAAAAAAAAAATTAGCTGGGCATGGTGGTGTGCGCCTGTAATCCCAGCTACTGGGGAGGCTGAGGCAGGAGAATTGCGTGAAACCAGGAAGCGGAGGTTGCAGTGAGCCGAGATCAAGCCATTGCACTCCAGTCTGGGTGACAGAATGAGACTCTGTCTCAGAAAAAGAAAAAAAAGAAAAAGA"
"chr1","6495071","6495363","chr20","44511345","44511640","29","38016274","GCCAGGCATGGTGGCTCATGCCTGTAATCCTAGCACTTTGGGAGGCCGAGGCGGGTGGATTGCCTGAGCTCAGGAGTTTGATAGCAGCCTGGGCAACACGGTGAAACCCCGTCTCTACTAAAATACAAAAAATTAGCCAGCCAAGGCAGCGTGCGCCTGTAGTCCCAGCTACTCAGGAGGCTGAGGCAGGAGAATTGCTTGAACCGGGGGCAGAGGTTGCAGTGAGCCGAGATCACACCACTGCACTCCAGCCTGAGTGACAGAGCGAGACTTTGTCTCCAAAAAAAAAAAAA","GGCCGGGCACGGTGGCTCACGCCTGTAATCCTAGCACTTTGGGAGGCCGAGGCAGATGGATTGCCTGAGCTCAGGAATTCGAGACCAGCCTGGGCAACAACAGTGAAACCCCGTCTCTACTAAAATACAAAAAATTAGCCAGGCGTGGCAGCATGCGCCTGTAGTCCCAGCTACTCAGGAGGCTGAGGCAGGAGAATCGCTTGAACCCGGGAGGCAGAGGTTACAGTGAGCTGAGATCACGCCACTGAACTCCAGCCTGGGCAACAGAGCGAGACTCCGTCTCCAAAAAAAAAAAA"
"chr1","6538204","6538341","chr14","19704020","19704152","14","13165816","GGCCGGGTGCGGTGGCTCACGCCTGTAATCCCAGCACTTTGGGAGGCCAAGGTGGACGGATCACGAGGTCAGGAGCTCGAGACCAGCCTAGCCAACATAGTAAAACCCCATCTCTACTAAAAATACAAAAAAATTAGC","GCCAGGCACGATGGCTCATGCCTGTAATCCCAGCACTTTGGGAGGCCAAGGTGGGCAGATCACGAGGTCAGGAGTTCGAGACCAGCCTAGCTAACATAGTAAAACCCATCTCTACTAAAAATACAAAAAATTA"
"chr1","6557287","6557455","chr2B","222600073","222600242","20","216042786","TTAGCTGGGTTTGGTGGCACGTGCCTATAGTCCCAGCTACTTGGGACGCCGAGGCAGGAGAATCGCATGAACCCAGGGGTGGAGGTTGCAGTGAGCCAAGATCATTCCACTGCACTCCAGCCTGGGCAACAGAGTGAGATTCTATCTCAAAAAAAAAAAAAAAAAAAAA","TTAGCCGGGCATGGTGGTGCGTGCCTGTAGTCCCAGCTATTCGGGACGCGGAGAGAGGAGAATCGCTTGAACCCGGGAAGTGGAGGTTGCAGTGAGCCGAGATCACACCACTGCACTCCAGCCTGGGCAACAGAGTGAGACTCCATCTCAAAAAAAAAAAAAAAAAAAAA"
"chr1","6581844","6581961","chr2B","199271339","199271453","26","192689495","GAATTGCCTGGACCCAGGAGTCGGAGGTTGCAGTGAGCTGAGGTGGCGCCACTGCACTCCAGCCTGGGCAACAGAGCGAGACTCCGTCTCCAAAAAGAAAACAAACAAACAAAAAAAA","AGAATCACTTGAACCCAGGAGGTGGAGTTTGTAGTGAGCTGAGATTGCACCACTGCACTCCAGCCTAGGAAACAGAGTGAAACACTGTCTCAATAAAAAAAAAAAAATAGAAAAA"
"chr1","6597930","6598140","chr12","25051697","25051909","30","18453767","GGGCACGGTGGCTCACGCCTGTAAATCCCAGCACTTTGGGAGGCTGAGGCAGGTGGATCACAAGGTCAGGAGTTCGAAACCAGCCTGACCAACATGCTGAAACCCTGTCTCTACTAAACACACACAAAAAAATTAGCCAGGTGTGGTGGCGCGTGCCTGTAATCCCAGCTACTCAGGAGGCTGAGGCAGGAAAATCGCTTGAACCTGGGAG","GGCTGGGCATGGTGGCTCATACCTGTAATCCCAGCACTTTGGGAGGCCAAGACAGGCAGATCACAAGGTCAGGAGTTCGAGACCAGCCTGACCAACATGGTGAAACCCCATCTCTACTAAAAATACAAAAAAAATTAGCCAGGCATAGTGGCATGTGCCTGTAATCTCAGCTACGCAGGAGGCTGAGGCAGGAAAATCACTTGAACCCAGGAG"
"chr1","6633410","6633709","chr1","6613014","6613304","11","20396","GCCAGGTGCAGTGGCTCAACGCTTGTAATCCCAGCACTTTTGGGAGGCCGAGGCGGGTGGATCATGAGGTCAGGAGTTCGAGACCACCCTCAACAACACAGTGAAACCCCGTCTCTAGTAAAAATACAAAAAACTAGCTGGGTGTGGTGGCGCGCCCAGCTACTCATGAGGCTGAGACAGGAGAATCGCTTGAACCCAGGAGGCAGAGGTTGCAGTGAGCCACAATTGCACCACGGCACTCCAGCCTGGGCGACAGAGCCAGACTCCATTTCAAACAAACAAACAAAAAGAGCAAGCAAA","GCCAGGTGCAGTGGCTCAACGCTTGTAATCCCAGCACTTTTGGGAGGCCGAGGCGGGTGGATCATGAGGTCAGGAGTTTGAGACCACCCTCAACAACACGGTGAAACCCCGTCTCTAGTAAAAATACAAAAAACTAGCTGGGTGTGGTGGCGCGCCCAGCTACTCATGAGGCTGAGACAGGAGAATCGCTTGAACCCAGGAGGCAGAGGTTGCAGTGAGCCACAATTGCACCACGGCACTCCAGCCTGGGCGACAGAGCCAGACTCCATTTCAAACAAACAAACAAAAAGA"
"chr1","6636724","6637032","chr1","6616323","6616637","11","20401","GGCTGGGCGCAGTGGCTCATGCCTGTAATCCCAGCACTTTGGGAGGCCGAGGCAGGCAGATCACGAGGTCAGGAGTTCGAGACCAGCCTGACCAACATGGTGAAAACCCCCGACTCTACTAAAGATACAAAAAAAAAAAAGAAAAAATTAGCTGGGCGTGGTGGTGAGCGCCTGCAATTCCAGCTACTCAGGAGGCTGAGGTAGGAGAATTACTTAAACCCAGGAGGTGGAGGTTGCAGTGAGCCAAGATCGCGCCATTGCACTCCAGCCTGGGCGACAGCAAAACTCCGTCTCAAGAAAAAAAAACAA","GGCTGGGCGCAGTGGCTCATGCCTGTAATCCCAGCACTTTGGGAGGCCGAGGCAGGCAGATCACGAGGTCAGGAGTTCGAGACCAGCCTGACCAACATGGTGAAACCCCGACTCTACTAAAGATACAAAAAAAAAAAAAAGAAAAAATTAGCTGGGCGTGGTGGTGAGCGCCTGCAATTCCAGCTACTCAGGAGGCTGAGGTAGGAGAATTACTTAAACCCAGGAGGTGGAGGTTGCAGTGAGCCAAGATCGTGCCATTGCACTCCAGCCTGGGCGACAGCAAAACTCCGTCTCAAGAAAAAAAAAAAAAAACAA"
"chr1","6647658","6647699","chr18","17282170","17282223","16","10634512","GGTTAGGAGTTCGAAACCAGCCTGGCCAACATGGTGAAACTC","GGATCATGAGGTCAGGAGTTCGAGACCAACCTGGCCAACATGATGAAACCCCGT"
"chr1","6663874","6663994","chr5","172392908","172393028","19","165729034","GGCTGAGGCAGGAGAATTGCTTGAACCCGGGAGGCAGAGGTTGCAGTGAGCCAAGATCGTGCCACTGCACTCCAGCCTGGGCGACAGAGCCGAGACTCTGTCTCAAAAAAAAAGAAAAAAA","AGGCTGAGGTGGGAGAATCGCTTGAACCCAGAAAGTGGAGGTTGCAGTGAGCCGAGATGGCACCGCTGCACTCCAGCCTGGGCAACAGAGCTAGACTCTGTCTCAAAAGAAAAAAAAAAAA"
"chr1","6677410","6677639","chr8","97111219","97111439","65","90433809","AGCCTGGGCAACATGGTCAAATCCGTATCTACTAACCAAAAAAACAACAAAACAAAAAACAATTAACTGGGCATGGTGGCGTGCTCCTGTAGTCCCAGCTACTCGGGAGGCTGAGGCAGGAGGAATGCTTGAGCCCTGGAGGTGGAGGTTGCAGTAAGCCAGGATCGTGCCAGCCTGGCTCCAGCCTCCAAGATGTACTCCAGCCTGGGTGACAGAGAGAGACCCCATCT","CAGCCTGGGCAACATGGTGAAACCCCATATCTACCAAAAATACCAAAAAAAAAAAAAAAAATTAGCTGGGCGTGGTGGCGGGCACTTGTAGTCCCAGCTACTAAGGAGGCTGAGGTGGCAGAACTGCTTGAACCCAGGAAGCAGAGGATGCAGTGAGCCAAGATCGCACTACTGCACTCCAGCCTGGGCAACAGAGCTAGACCCTGTCTTAAAAAAAAAAA"
"chr1","6698368","6698673","chr7","100720207","100720514","38","94021839","GACTGGGTGCAGTGGCTCACGCCTGTAATCCCAGCACTTTGGGAGGCTGAGGCGGGCGGATCAGCTGAGGTCAGCAGTTCCAGACCAGCCTGGCCAACATGATGAAATCCCATCTCTATTAAAAATACAAACAATTAGCTGGGCATGGTGGCGTGCGCCTGTAGTCCCAGCTACTTGGGAGGCTGAGGCAGGACAATTGCTTGAACCCAGGAGGCAGACGCTGCAGTGAGCCGAGATCACAGCACTGCACTCCAGCCTGGGTGGCAGAGTGAAACTCCATACTTAAAAAAAAAAAAAAGAAGAAAA","GGCTGGGTGTGGTGGTTCACGCCTGTAATCCCAGCACTTTGGGAGGCTGAGGCTGGCAGATCACCTGAGGTCAGGAGCTCAAGATCAGCCTGGCCAATATGGTGAAACCCCATCTCTACTAAAAATACAAAAAATTAGCCAGGCATGGTGGCGTGTGCCTGTGGTCCCAGCTACTTGGGAGGCTGAGGCATGAGAATTGCTTGAACCTGAGAGGCAGAGGTTGCAGTGAGCCTGAGATCGCACCACTGCACTCCAGCCTGGGTTACAGAGTGAGACTCCATCTCAAAAAAAGAAAAAGAAAAAGAAAA"
"chr1","6718202","6718444","chr10","124426664","124426914","36","117708462","GGCAGGACGCGGTGGCTCATGCCTGTAATCCCAGCACTTTGGGAGGCCGAGGATCTCCTGAGTTCAGGAGCCTCAGACCAGCCTGGCCAACATGGTGAAACCCTGTCTCTACCAAAAATACAAAAAATTAACCGGGCGTGGTGGCGCGCGCCTGGAGTCCCAGCTACTCGGGAGGCTGAGGCAGGAGAAGCGCTTGAACCCGGGAGGTGGAGGTTTCAGTAAGCCGGGATTGCGCCACTGCAC","GGCTGGGCACGGTGGCTCATGCCTGTAATCCCAGCACTTTTGGAGGCGGAGGCAGGTGGATCACTGGAGGTCAGGAGTTCGAGACCAGCCTGGCCAACATGGTGAAACCCTGTCTCTACTAAAAATACAAAAAAATTAGCCAGGTGTGGTGGCGTGCACCTGTAGTCCCAGCTACTCGGGAGGCTGAGACAGGAGAATTGCTCGAACCTGGGAGGTGGAGGTTGCAGTGAGCTGACATGGCGCCACTGCAC"
"chr1","6735308","6735415","chr20","16652596","16652702","26","9917288","TTGCTTGAACCCGGGAGGCTAGAGGTTGCAGTGAGCCAAGATTGTGCCCACTGGCACTCAGCCTGGGCCACAGAGCGGAGTACTCTGTCTCAAAAAATAATAAGTAAA","CTTGAACCCAGGCGGCGGAGGCTTCAGTGAGCCAAGATGGTGCCACTGCACTCCAGCGTGGGCAACAGAGTGAGACTCTGTCTCAAAAAAATAAAAAAAATAGAAAA"
"chr1","6759127","6759426","chr1","6738650","6738954","10","20477","GACCGGGTGCGGTGGACTCATGCCTGTAATCCTAGCACTCTGAGAGGCCGAGGTGGGCAGATCACCTAAGGTCAGGAGTTCAAGACCAGCTTGGCCAACATGGTGAAACCCCATCTCTACTAAAAATACAAAAAATTAGCTGGGCATGGTGGTTCGCGTCTGTAGTCCCAGCTACTCGGGAAGCTGAGGCAGGAGAATTGCTTAAACCCAGGAGGTGGAGGTTGCAGTGCGCTGAGATCGCATCACTGCACTCCAGCCTGGTAACAGAGCAAGACTCCATCTACAAAAAAAAAAAAAAAA","GGCCGGGTGCGGTGGCTCATGCCTGTAATCCTAGCACTCTGAGAGGCCGAGGTGGGCAGATCACCTGAGGTCAGGAGTTCAAGACCAGCTTGGCCAACATGGTGAAACCCCATCTCTACTAAAAATACAAAAAATTAGCTGGGCATGGTGGTTCGCGTCTGTAGTCCCAGCTACTCGGGAAGCTGAGGCAGGAGAATTGCTTAAACCCAGGAGGTGGAGGTTGCAGTGCGCTGAGATCGCATCACTGCACTCCAGCCTGGTAACAGAGCAAGACTCCATCTCAAAAAAAAAAAACAAAAAAAAAA"
"chr1","6769735","6770034","chr1","6749440","6749743","4","20295","GGCCAGGCGCGGTGGCTCACGCCTGTAATCCCAGCACTTTGGGAGGCTGAGGCGGGTGGATCACGAGGTCAGGAGTTCGAGACCAGCCTGGCCAACATGGTGAAACCTCATCTCTACTAAAAATACAAAAAATTCGCCAGTCAGGGTGGTGTGCGCCTGTAATCCCAGCTACTCGGGAGGCTGAGGCAGGAGAATTGCTTGAACCTGGGAGGCGGAGGTCGCAGTGAGCCAAGATCGCACCACTGCACTCCAGCAGCCTGGGCAACAAGAGCAAAACCCAATCTCAAAAAAAAAAAAAAA","GGCCAGGCGCGGTGGCTCACGCCTGTAATCCCAGCACTTTGGGAGGCTGAGGCGGGTGGATCACGAGGTCAGGAGTTCGAGACCAGCCTGGCCAACATGGTGAAACCTCATCTCTACTAAAAATACAAAAAATTCGCCAGTCAGGGTGGTGTGCGCCTGTAATCCCAGCTACTCGGGAGGCTGAGGCAGGAGAATTGCTTGAACCTGGGAGGCGGAGGTCGCAGTGAGCCAAGATCGCACCACTGCACTCCAGCAGCCTGGGCAACAAGAGCAAAACCCAATCTCAAAAAAAAAAAAAAAAAAA"
"chr1","6772759","6772955","chr1","26136510","26136710","36","19363751","GGACGGGCAAGGTGGCTCACGCCTGTAATCCTAGCACTTTGGGAGGCCAAGGCAGGCAGATCATGAGGTCAGGAGTTCGAGACCAGCCTGACCAACATAGTGAAACCCCATCTCTAACTAAAAAAAAAAAAGAAGAAAAAATTACCTAGTAGACGTGGTGATGCGTAGCCTGTAATCCAGCTACTCAGGAGTTGAGG","GTCGGGCATGGTGGCTCACGCCTGTAATCCCAGCACTTTGGGAGGCTGAGGCGAGCAGATCATGAGGTCAGGAGTTCGAGACCAGCCTGACCAACATGGTGAAACTCTATCTCTACTAAAAAAAAAAAAAAAAAAAAATTAGCCAGGCGTGGTGGTGCACACCTATAATCCCAGCTACTCAGGAGGCTGAGGCAGGAGAAT"
"chr1","6885740","6885813","chr3","181238196","181238292","32","174352456","ACCTGGGAGGCGGAGGCAGCAGTGAGCCAAGATCTTGCTACTGCACTCTAGCCTGGGTGACAGAGCAAGACTTC","GAGAACTCTGGAACCCGGGAGGCAGAGGCTGCAGTGAGCCGAGATCATGCCACTGCCCTCCAGCCTGGGCGATAGAGCAAGACTCCATCTCAAAAAA"
"chr1","6892771","6893072","chr1","6872563","6872864","1","20208","GGCCAGGCACAGTGGCTCACACCGATAATCCCAGCACATCGGGAGGCCAAAGTGGACAAATCACGAGGTCAGGAAAGTTCGAGACCAGCCTGGCCAACATGGTGAAACCTCGTTTCTACTAAAAATACAAAAAATTAGCTAGGTGTGGTCGCGGGTGCCTATAATCCCAGCTACTCAGGAGGCTGAGGCAGGAGAATCGCTTGAACCCAGGAGGCAGAGGTTGCAGTGAGCTGAGATCGCGCCACTGCACTCAGCCTGGGTGACAGTGCGAGACTCCATCTCAAAAAACAAAAACAAAAAAA","GGCCAGGCACAGTGGCTCACACCGATAATCCCAGCACATCGGGAGGCCAAAGTGGACAAATCACGAGGTCAGGAAAGTTCGAGACCAGCCTGGCCAACATGGTGAAACCTCGTTTCTACTAAAAATACAAAAAATTAGCTAGGTGTGGTCGCGGGTGCCTGTAATCCCAGCTACTCAGGAGGCTGAGGCAGGAGAATCGCTTGAACCCAGGAGGCAGAGGTTGCAGTGAGCTGAGATCGCGCCACTGCACTCAGCCTGGGTGACAGTGCGAGACTCCATCTCAAAAAACAAAAACAAAAAAA"
"chr1","6899154","6899460","chr1","6878946","6879255","3","20208","CTGGGCATGATGGCTCACGTCTGTAACCCCAGCACTTCGGGAGGCCAGTGCGGGCGGATCTTGAGGTCAGGAGTTCAAGACCAGCCTGGCCAACATAATGAAACCCCGTCACTACTAAAAATACAAAAAATTAGCTGGGCATGGTGGCGGTTGCCTGTAATCTCAGCTATACGGGAGGCTGAGGCAGGAGAATTGCTTGAATCTGGGAGGCAGAGGTTGCAGTGAGTGGAGATCGCACCACTGCACTCCAGCCTGGGAGACAGTGTGAGACTCTGTCTCAAAAAAATAAAAGTAAAATAAAATAAAA","CTGGGCATGATGGCTCACGTCTGTAACCCCAGCACTTCGGGAGGCCAGTGCGGGCGGATCTTGAGGTCAGGAGTTCAAGACCAGCCTGGCCAACATAATGAAACCCCGTCACTACTAAAAATACAAAAAATTAGCTGGGCATGGTGGCGGTTGCCTGTAATCTCAGCTATACGGGAGGCTGAGGCAGGAGAATTGCTTGAATCTGGGAGGCAGAGGTTGCAGTGAGTGGAGATCGCACCACTGCACTCCAGCCTGGGAGACAGTGTGAGACTCTGTCTCAAAAAAATAAAAGTAAAATAAAATAAAATAA"
"chr1","6910417","6910707","chr1","6890588","6890878","2","19829","GGCCAGGCGCGGTGGCTCACGCCTGTAATCCCAGCACTTTTGGGAGGCCGAGGCGGGCGGATCACGAGGTCAGGAGTTCGAGACCAGCCTGGCCAACATGGTGAAGCCCTCGTCTCTACTAAAAATGCAAAAAATTAGCCGGGCATGGTGGCGTGCCTGTAATCCCAGCTACTCAGGAGGCTGAGGCAGGAGGTGGAGGTTGCAGTCAGCTGAGATCGCGTCATTGCACTCCAGCCTGGGCGACAGAGCAAGACTCCATCTCGAGGAAAAAAAGAAAAGAAGAAAAAAAAA","GGCCAGGCGCGGTGGCTCACGCCTGTAATCCCAGCACTTTTGGGAGGCCGAGGCGGGCGGATCACGAGGTCAGGAGTTCGAGACCAGCCTGGCCAACATGGTGAAGCCCTCGTCTCTACTAAAAATGCAAAAAATTAGCTGGGCATGGTGGCGTGCCTGTAATCCCAGCTACTCAGGAGGCTGAGGCAGGAGGTGGAGGTTGCAGTCAGCTGAGATCACGTCATTGCACTCCAGCCTGGGCGACAGAGCAAGACTCCATCTCGAGGAAAAAAAGAAAAGAAGAAAAAAAAA"
"chr1","6946206","6946385","chr1","214728525","214728704","29","207782319","TTAGCCAGGACATGGTGGTATGCGCCTATAGTCCCAACTACTTGGGAAGCTGAGGCAGGAGAATCACTTGAACCCAGGAGGCGGAGGTTGCAGTGAGCCGAGATCGCACCATTGCACTCCAGCCTGAGTGACACAGCGAGACTCTGTCTTGAAATGAAACGAAACGAAACGAAACAAAAA","TTAGCCAGGCATGGTGGTGTGCGCCTGTAGTCCCAGCTACTCTGGAAGCTGAGGGAGGAGAAATCACTTGAACCCAGGAGGTGGAGGTTGCAATGAGCTGAGATTGTGCCACTGCACTCCAGCCTGGGTGACAGAGCAAGACTCTTGTCTCAAAAGAAAAAAAAAGAAAAAGAAAAAGAA"
"chr1","6946676","6946809","chr1","29278377","29278505","12","22331701","GGCCAGGCACAGTGGCTCACGCCGGTAATCCCAACACTTTGGGAGGCCGAGGCAGGCAGATCACGAGGTCAGGAGTTCAAGACCAGCCTGGCCAACACAGTGAAACCCCATCTCTACTAAAAATACAAAAATTA","GGCCGGGCACAGTGGCTCACACCTGTAATCCCAGCACTTTAGGAGGCCCAGGCAGGCAGATCACGAGGTCAGGAGTTCAAGACCAGCCTGGCCAACATAGTGAAACCCCATCTCTACTAAAAAAAAAAA"
"chr1","7019541","7019829","chr1","6999104","6999394","4","20437","GGCCGGGTGCGGTGGCTAACACTTGTAATCTCAGCACTTGGGAGGCTGAGGCAGGTGGATCACAAGGTCTAGAGTTCGAGACCTGCCTGACCAACATGGTGAAACCCCATCTCTACTAAAAATACAAAAATTTATCCAGGCATGGTGGTGGGTGCCTGTAATCTCAGCTACTCAGGATGCTGAGGCAGGAGAATTGCTTGAACCCAGGAGGTGGAGGTTGCAGTGAGCCGAGATAGCGCCATTGCACTCCAGCCTGAGCGACAGAGGGAGAATCCGTCTCAAAAAAAAA","GGCCGGGTGCGGTGGCTAACACTTGTAATCTCAGCACTTGGGAGGCTGAGGCAGGTGGATCACAAGGTCTGGAGTTCGAGACCTGCCTCACCAACATGGTGAAACCCCATCTCTACTAAAAATACAAAAATTTATCCAGGCATGGTGGTGGGTGCCTGTAATCTCAGCTACTCAGGATGCTGAGGCAGGAGAATTGCTTGAACCCAGGAGGTGGAGGTTGCAGTGAGCCGAGATAGCGCCATTGCACTCCAGCCTGAGCGACAGAGGGAGAATCCGTCTCAAAAAAAAAAA"
"chr1","7229489","7229631","chr4","124694263","124694406","20","117464774","TAGTCCCAGCTACTCGAGAGGCTGAGGTGGGAGAATCGCTTGAACCTGGAAGGCGGAGGTTGCAGTGGGCTGAGATAGCGCCACTGCGCTCCAGCCTGGGCGACAGAGTGAGATTCCATCTCAAAAAACAAACAAACAAAAAA","GTAGTCCCAGCTACTTGGGAGGCTGAGGCGGGAGAATCGCTGGAACCTGGGAGGCGGAGGTTGCAGTGAGTCAAGATTGCGCCACTGCACTCCAGCCTGGGCAACAGAGTGAGACTCTGTCTCAAAAAAAAATAAGATAAAAAA"
"chr1","7569500","7569799","chr1","7560794","7561091","5","8706","GCCAGGCACGGTGGCTCACACCTGTAATCCCAGCACTTGGGGAGACCGAGGCGGGAGGATTGCCAGACCTCAGGAGTTCGAGACCAGCCTGGGCAACATGGCGAAACCCGGCCTCTACTAAAATACAAAAAATTAGCGGGGCGTGGCAGTGTGTGCCTGTAATCCCAGCTACTCAGGAGGCTGAGGCAGGAGAATTGCTTGAACCAGGGACGTGGAGGTTGTAGTGAGCTGAGATCACGCCACTGCACTCCAGCCTGGGCGACAGAACAAGACTCCGTTCAGAAAAAAAAAAAAAAAAGA","GCCAGGCGCGGTGGCTCACACCTGTAATCCCAGCACTTGGGGAGACCGAGGCGGGAGGATTGCCAGACCTCAGGAGTTCGAGACCAGCCTGGGCAACATGGCGAAACCCGGCCTCTACTAAAATACAAAAAATTAGCGGGGCGTGGCAGTGTGTGCCTGTAATCCCAGCTACTCAGGAGGCTGAGGCAGGAGAATTGCTTGAACCAGGGACGTGGAGGTTGTAGCGAGCTGAGATCACGCCACTGCACTCCAGCCTGGGCGACAGAACAAGACTCTGTTCAGAAAAAAAAAAAAAAGA"
"chr1","7605878","7605987","chr2B","199271339","199271453","26","191665461","GGAGAATCGCTTGAACCCTGGAGGCAGAGGTTGTAGTGAGCCAAGATCATGCCACTGCACTCCAGCCTGGGTGACAGAGTGGGACTCTGTCTCAAAAAAAAAAAAAAAAA","AGAATCACTTGAACCCAGGAGGTGGAGTTTGTAGTGAGCTGAGATTGCACCACTGCACTCCAGCCTAGGAAACAGAGTGAAACACTGTCTCAATAAAAAAAAAAAAATAGAAAAA"
"chr1","7705874","7706181","chr1","7699429","7699712","26","6445","GGCTGGGCACTGTGGCTCACGCCTGTAATCCCAGCACTTTGGGAGGCTGAGGAGGGTGGATCACGAGGTCAGGTGTTCAAGACCAGCCTGGCCAATATAGTGAAACCCTGTCTTTACTAAAAATATGAAAAAGTAGCCAGGTGTGGTGGTGGTGCCTGTAGTCCCAGCTACTCGGGAGGCTGAGGCAGGAGAATTGCTTGAACCTGGGAGGTGGAGGTTGCAATGAGCCGAGATTGCGCCACTGTACTCTGGCCTGGGTGACAGTGTGAGACTCCGTATCAAAAAACAAAACAAAACAGCAACAACAA","GGCTGGGCACTGTGGCTCACGCCTGTAATCCCAGCACTTTGGGAGGCTGAGGAGGGTGGATCACGAGGTCAGGTGTTCGAGACCAGCCTGGCCAATATAGTGAAACCCTGTCTTTACTAAAAATACGAAAAAGTAGCCAGGTGTGGTGGTGGTGCCTGTAGTCCCAGCTACTCGGGAGGCTGAGGCAGGAGAATTGCTTGAACCTGGGAGGTGGAGGTTGCAATGAGCCGAGATTGCGCCACTGTACTCTGGCCTGGGTGACAGTGTGAGACTCCGTATCAAAA"
"chr1","7843151","7843446","chr1","7837375","7837674","4","5776","GGCTGGACACGGTGGATGATGCTTGTAATCCCAGCACTTTGGAAGGCCAAGGCGGGCGAATCATGAGATCAGGAGTTCAAGACCAGCCTGGCCAACATGGTGAAACCCCGTCTCTACTAAAAATACAAAAAATCAACTGGGTGTGGTGGCGGGCACCCGTAATCCCAGCTACTCGGGAGGCTAAGGCAGGAGAATCGCTTGATCCTGGGAGGTGGAGGTTGCAGTGAGCCGATATCGTGCCACTGCACTCCAGCCCAGGTGACAGTGCCAGACTCCGTCTCAGGAAAAAAAAAAAA","GGCTGGACACGGTGGATGATGCTTGTAATCCCAGCACTTTGGAAGGCCAAGGCGGGCGAATCATGAGATCAGGAGTTCAAGACCAGCCTGGCCAACATGGTGAAACCCCGTCTCTACTAAAAATACAAAAAATCAACTGGGTGTGGTGGCGGGCACCCGTAATCCCAGCTACTCGGGAGGCTAAGGCAGGAGAATCGCTTGATCCTGGGAGGTGGAGGTTGCAGTGAGCCGATATCGTGCCACTGCACTCCAGCCCAGGTGACAGTGCCAGACTCCGTCTCAGGAAAAAAAAAAAAAAAA"
"chr1","7844686","7844991","chr3","41525902","41526211","45","33681216","GGCTGGGCGTGGTGGCTCACACCTGTAATGCCAGCACTTTGGGAGGCCAAGGCGGGCGGATCGCCTGAGGTCAGGAGTTTGAGTTCAGCCTGGCTGACATGGTGAAACTCCGTCTATACTAAGAATACAAAAAATTAGGCGTGGTGGTGCACGCCTGTAGTACCAGCTACTTGGGAGGTAGAGGCAGGAGAATTGCTTGAACCTGGGAGGTGGAGGGTGCAGTGAGCCAAGATGGCACCACTGCACTCCAGCCTGGGTGACAGAGTGAGACTCAGTCTCAAAGAAAAAAATAAGATAAAATAAAAA","GGCTGGGCTTGGTGGCTCACACCTGTAATCCCAACACTTTGGGAGGCCGAGACAGGTGGATCCCCTGAGGTCAGCAGTTTGAGATAAGCCTGGCCAACATGGTGAAACCCCATCTCTACTAAAAATACAAAAAATTGGTGGAACATGGTGGTGCACACCTGTTGTCCCAGCTACTTGGGAGGCTGAGGCAGGAGAATGGCTTGAACCCGGGAGGCGGAGGTTGCAGTGAGCCGAGAGCGTACCACTGCACTGCAGTCTGGGTGACAGAGTAAGACTTCATCTCAAAATAAATAAATAAATAAAATAAAAA"
"chr1","7922362","7922622","chr1","7919015","7919275","2","3347","AGGCAGAGCCAGAGGGATCACCGGAAGTTGGGAGTTCTACACTAGCCTGGCCAACATGGTGAAACACTGTCTCTACTAAAAATATAAAAAAATTAGCCGGGCATGGTGACACACACCTATAGTCCCAACTATTCAGGAGGTTGAGGCAGAAGAATCACTTGAACCTGGGAGGTGGAGGTTGTAGTGAGCTGAGATCATGACACTGCACTCCAGCATGGGCAACAGAGTGAGATTTCATCTCAAAGAAAAACAACAAGAAAA","AGGCAGAGCCAGAGGGATCACCGGAAGTTGGGAGTTCTAGACTAGCCTGGCCAACATGGTGAAACACTGTCTCTACTAAAAATATAAAAAAATTAGCCAGGCATGGTGACACACACCTATAGTCCCAACTATTCAGGAGGTTGAGGCAGAAGAATCACTTGAACCTGGGAGGTGGAGGTTGTAGTGAGCTGAGATCATGACACTGCACTCCAGCATGGGCAACAGAGTGAGATTTCATCTCAAAGAAAAACAACAAGAAAA"
"chr1","7966023","7966117","chr14","100673591","100673682","18","92707568","GAACCTGGGAGGCAGAGGCTGAAGTGAGCTGAGATCGCACCACTACACTCCAGCCTGGGTGACAGAGCGAGACTCTGTCTACAAAAAAAAAAAAA","CCTGGGAGGCAGAGGTTGCAGTGAGCCAAGATCACACCACCGCACTCCAGCCTGAGCAACAGAGAGAGACTCCATCTCAAAAAAAAAAAAAA"
"chr1","7971923","7972213","chr2A","63086723","63087016","34","55114800","GGGCGGGTGCAGTAGCTCACATCTGTAATCACAGCACTTTGGGAGGCCGAGGTGGGTGGATCACGAGGTCAAGAGTTCAAGACCAGCCTGGCCAAGATGGTGAAACCCCATCTACTAAAAATACAAAAAATTAGCCAGGCATGGTGGTGCGCACCTGTAATCCCAGCTACTTGGGAGGCTGAGGCAGAGAACTGCTTGAACCCAGGAGGCAGAAGTTGCAGTGAGCTGAGGTCACACCACTGCACTCCAGCCTGGGTGACAGAGCAAGACTCTGTCTTAAAAAAACAAAAA","GGCCGGGTGCGGTGGCTCACGCCTGTAATCCCAGCACTTTGGGAGGCCGAGGCGGGCGGATCATGAGGTCAGGAGTTCGAGACCAGCCTGGCCAACATGGTGAAACCCCATCTCTACTAAAATTACAAAAAATTAGCCGGGCGTGGTGGCGGCACCTGTAATTCCAGCTACTCGGGAGGCTGAGGCAGGAGAATTGTTTGAACCCAGGAGGCGGAGGTTGCAGTGAGCCGAGATCACACCACTGCACTCCAGCCTGGGTGACAGAGCGAGACTCCATCTCAAAAAAAAAAAAAA"
"chr1","8056026","8056309","chr1","8055861","8056146","3","165","CTGTAATTCTAGCACTTTGGGAGGCCGAGATGGGTAGATCACCTGAGGTCAGGAGTTCGAGACCAGCCTGGCCAACATGGTGAAATCCCGTCTCTACCAAAACTACAAAAAATTAGCCAGGCGTGGTGTCATGCACCTGTAGTCCCAGCTACTCGGGAGGCTGAGACAGGAGAATTGCTTGAACCCAGAAGGCAGAGGTTGCAGCGAGCTGGGATTGCACCACTGCACTCCAGCCTGGGTAACAGAACAGAGTGGGACTCCGTCTCAAAAAAAAAAAAAAAAAA","CTGTAATTCTAGCACTTTGGGAGGCCGAGATGGGTAGATCACCTGAGGTCAGGAGTTCGAGACCAGCCTGGCCAACATAGTGAAATCCCGTCTCTACCAAAACTACAAAAAATTAGCCAGGCGTGGTGTCATGCACCTGTAGTCCCAGCTACTCGGGAGGCTGAGACAGGAGAATTGCTTGAACCCAGAAGGCAGAGGTTGCAGCGAGCTGGGATTGCACCACTGCACTCCAGCCTGGGTAACAGAACAGAGTGGGACTCCGTCTCAAAAAAAAAAAAAAAAAAAA"
"chr1","8079695","8079788","chr22","33938435","33938535","16","25858740","GGAAGGCGGAGGTTGCAGTGAGCCGAGATCGTGCCATTGCACTCTAGCCTGGGTGATAGAGCAAGACTCCGTCTCAAAAAAGAAAAAAGAAAAA","GGAGGCAGAGGTTGCAGTGAGCCGAGATCACGCCATTGTACTCCAGCCTGGGCGACAGAGCAAGACTCCGTCTCAAAAAAAAAAGAAAAAAGAAAAAGAAA"
"chr1","8081914","8081976","chr1","78713287","78713337","27","70631373","GAGAGGTGCAGGCTGCAGTGAGCCAAGATCGTGCCACTGCACCAGCCTGGGTGATGGTGCAAG","GGCTAGGTGCAATGGCTCACACCTGTAATCCCAGCAGTTTGGGAGGCCAAG"
"chr1","8101528","8101838","chr1","8102063","8102374","4","535","GGCCGGGTGCAGTGGCTCATGCCTGTAATCCTAGCACTTTAGGAGGCTGAGGCTGGTGGATCACAAGGTCAGGAGTTCGAGACCAGCCTGGCCAATATGGTGAAACCCTATCTGTACTAAAAATACCAAAAAAATTAGCCAGGCATGGTGGCACATGCCTGTAATCCCAGCTACTCTGGAGGCCGAGGCAGGAGAATTGCTTCAACCCAGGAGGCGGAGGTTTCAGTGAGCCAAGACCATGCCACTGCACTCCGGCCTGGGTGACAGAGAGAGACTCCATCTCAAAAAAAAAAAAAAAAGAAGAAAGAAAA","GGCCGGGTGCAGTGGCTCATGCCTGTAATCCTAGCACTTTAGGAGGCTGAGGCTGGTGGATCACAAGGTCAGGAGTTCGAGACCAGCCTGGCCAATATGGTGAAACCCTGTCTGTACTAAAAATACCAAAAAAATTAGCCAGGCATGGTGGCGCATGCCTGTAATCCCAGCTACTCTGGAGGCCGAGGCAGGAGAATTGCTTCAACCCAGGAGGCGGAGGTTTCAGTGAGCCAAGACCATGCCACTGCACTCCGGCCTGGGTGACAGAGAGAGACTCCATCTCAAAAAAAAAAAAGAAAGAAAGAAAGAAAA"
"chr1","8136127","8136215","chr8","96175546","96175623","27","88039419","GTGTGGTGGCACGCGCCTGCAGTCCCAGCTCCTTGGAAGGCTAAGGTGGGAGGATAGCTTGAGCTTAAAAGGTGGAGGTTGCAATGAGC","GGTGTGGTGGTGTGTGCCTGTAGTCCCAGCTACTCTGGAGGCTAACTTGGGAGGATCACTTGAGCCTGGGAGGCGGAG"
"chr1","8143887","8144035","chr4","149843795","149843946","24","141699908","GCCAGGTGCGGTGGCACACACCTGTAGCCCCAGCTACTCGGGAGGCTGAGGTAGTAGAATCACTTGAACCCGGGAGGCAGAGGTTGCAGTGAGCTGAGATCGAGCCACTGCACTCCAGCCTGGAAGACAGAGTGAGAGTCCATCTTGAA","GCTGGGTGCGGTGGCTCACCCCTGTAGTCCCAGCTACTCGGGTGGCTGAGGCAGGAGAATCGCTTGAACCCAGGAGGTGGAGGTTGCAGTGAGCTGAGATCATGCCACTGCACTCCAGTCTGGGCGACAGAGTGAGACTCCGTCTCAAAAAA"
"chr1","8232554","8232884","chr1","8239509","8239832","9","6955","GGCCAGGCGCAGTGGCTCCAGCCTGTAATCCTAGCACTTTGGGAGTCCGAGGCAGGCGGATCACAAGGTCAGCAGTTTGAGACCAGCCTTGCCAACATGGTGAAACCCCATCTCTCTAAAAATACAAAAAAAAAAAAAAAAAAAAAGAAGCTAGGCATGGTGGCGGGCGCCTGTAGTCCCAGCTACTTGGGAGGCTGAGGCAGGAGAATTGCTTGAACCAGGGAGGCAGAGGTTGTAGTGAGCCAAGATCGTGCCACTGCATTCCAGCCTGGGTGACAGAGCAAGACTCTGTCTTGAAAAAAATAATAATAATAATTTAAAAAAAAAAAAA","GGCCAGGCGCAGTGGCTCCAGCCTGTAATCCTAGCACTTTGGGAGTCCGAGGCAGGCGGATCACAAGGTCAGCAGTTTGAGACCAGCCTTGCCAACATGGTGAAACCCCATCTCTCTAAAAATACAAAAAAAAAAAAAAAAAAAATAGCTGGCATGGTGGCGGGCGCCTGTAGTCCCAGCTACTTGGGAGGCTGAGGCAGGAGAATTGCTTGAACCAGGGAGGCAGAGGTTGTAGTGAGCCAAGATCGTGCCACTGCATTCCAGCCTGGGTGACAGAGCAAGACTCTGTCTTGAAAAAAATAATAATAAAAATTAAAAAAAAAA"
"chr1","8242673","8242961","chr1","8251824","8252115","3","9151","GGGGGCAGTGACTCACGCCTGTAATCCCAGCACTTTGGGAGGCCGAGGCGGGCAGATCACGAGGTCAAGAGTTTCGAGATCAGCCTGGCCAACATGGTAAAACTCTGTCTCTACTAAAGATAGAAAAAATTAACCAGGCAAGGTAGCGCGCGCCTGTAATCTCATCTACTCGGGAGGCTGAGGTAGGAGAATCGCTTGAACCCAGGAGGCGGAGGTTGCAGTGAGCCAAGATCACACCACTGCACTCCAGCCTGGGCAACAGAGTGAGATTCCGTCTGAAACAAAGAAA","GCTGGGGGCAGTGACTCACGCCTGTAATCCCAGCACTTTGGGAGGCCGAGGCGGGCAGATCACGAGGTCAAGAGTTTCGAGATCAGCCTGGCCAACATGGTAAAACTCTGTCTCTACTAAAGATAGAAAAAATTAACCAGGCAAGGTAGCGCGCGCCTGTAATCTCATCTACTCGGGAGGCTGAGGTAGGAGAATCGCTTGAACCCAGGAGGCGGAGGTTGCAGTGAGCCAAGATCACACCACTGCACTCCAGCCTGGGCAACAGAGTGAGATTCCGTCTGAAACAAAGAAA"
"chr1","8243862","8244037","chrX","101684279","101684447","27","93440417","AAAAATTAGCCAGGCGTGGAGGCACGTGCCTGCAGTCCCAGCTACTCAGGAGGCTGAGGCAGGAGAATCGCTTGAACCCGGGAGGTGGAGGTTGCAGTGAGCCAAGATCACACCACTATACTCCAGCTTAGGCAACAGAGAGAGACTCTGCCTCAAGAAAAAAAAAAAAAAAAGAA","ATTAGCCGGGCGTGGTGGTGCGTGCCTGTAGTCCCAGCTACTCAGGAGGCTGAGGCAGGAGAATCACTGGAACCTGGGAGGTGGAATTTGCAGTGAGCCGAGATCTCACCACTGCACTCCAGCCTGGACAACAGAGTGAGACTCCGTCTCAAAAAAAAAAAAAAAAAAA"
"chr1","8256353","8256659","chr13","48954932","48955233","47","40698579","GGCTGGGCGTGGTGGCTCACACCTGTAATCCCAGCACTTTGGGAGGCCAAGGTGAGTGGATTGCTGGAGCCCAGGAGTTTGAGACCAGCCTGGGCAACATGGCGAAACCCCATCTCTACTAAAAATACAAAAAATTAGCCAGGCGTGGTGGTGGTACGCTCCTGTAGTCCCAGCTACTCAGGAGGCTGAGGTGGGAAGATCCCTGGAGCCCGGGAGGCGGAGGTTGCAGGGAGCCAAGATCAGCCACTTCACTCCAGCCTGGGCGGTAGAGGAGATCCTGTCTCAAAAAATAAAATAAAATAAATAA","GGCCAGGCATGGTGGCTCACACCTGTAATCCCAGCACTTTGGGAGGCCAAGGCGGGCGGATCATGAGGTCAGGAGTTTGAGATCAGCCTGGGCAACATGGCGAAACCCCGTCTCTACTAAAAATACAAAAAATTAGCCAGGCGTGGTGGCATGCACCTGTAGTCCCACCTACTCAGGAGGCTTAGGCAGGAGAATCACTTGAACCCGGGAGGCAGAGGTTGCAGTGAGCCAAGATTGCGCCACTGCACTCCAGCCTGGGCGACAGAGTGAGACTCCATCTCAAAAACAAAAAAACAAAAAAA"
"chr1","8286818","8287116","chr1","8301978","8302276","3","15160","GGCTGGACGTGGTGGCTCATGCCTGTAATCCCAGCACTTTGAGAGGCCAAGGTGGGCAGATCACAAGGTCAGGAGTTCAAGACCAGCCTGGCCAGTATGATGAAACCTCATCTCTACTAAAAATACAAAAAATTAGCCAGGCATTATGGCAGGCACCTGTAGTCCCAGCTACTCGGGAGGCTGAGGCAGGAGAATCACTTGAACCCAGGAGGTAAAGGTTGCAGTGAGCCGAGGTCATACCACTGCACTCCAGCCTGGGTGACAGAGTGAGACTATCTACAAAAAAAAAAAAAGAAGAA","GGCTGGACGTGGTGGCTCATGCCTGTAATCCCAGCACTTTGGGAGGCCAAGGTGGGCAGATCACAAGGTCAGGAGTTCAAGACCAGCCTGGCCAGTATGATGAAACCTCATCTCTACTAAAAATACAAAAAATTAGCCAGGCATTATGGCAGGCACCTGTAGTCCCAGCTACTCGGGAGGCTGAGGCAGGAGAATCACTTGAACCCAGGAGGTAAAGGTTGCAGTGAGCCGAGGTCATACCACTGCACTCCAGCCTGGGTGACAGAGTGAGACTATCTCAAAAAAAAAAAAAGAAAGAA"
"chr1","8299978","8300253","chr1","8315003","8315278","1","15025","GGCTGGGCGCCGTGGCTCACACCTGTAATCCCAGCACTTTGAGAGGCCGAGGCGGGGGGATCACCTGAGGTCAGGAGTTTGTGACCAGCCTGGCCAACATAGTGAAACCCCGTCTCTACTAACAATACAAAAAATTAGCCAGGCATGGTGGCGCGAGCCTGTAGTTGCAGATACTCGGGAGGCTGAGGCACGAGAATCACTTGATCCTGAGAGGCAGAGATTGCAGTGAGCCAAGATCGCGCCACTGCACTCCAGCCTAGGCGACAGAGCAAGATT","GGCTGGGCGCCGTGGCTCACACCTGTAATCCCAGCACTTTGAGAGGCCGAGGCGGGGGGATCACCTGAGGTCAGGAGTTTGTGACCAGCCTGGCCAACATAGTGAAACCCCGTTTCTACTAACAATACAAAAAATTAGCCAGGCATGGTGGCGCGAGCCTGTAGTTGCAGATACTCGGGAGGCTGAGGCACGAGAATCACTTGATCCTGAGAGGCAGAGATTGCAGTGAGCCAAGATCGCGCCACTGCACTCCAGCCTAGGCGACAGAGCAAGATT"
"chr1","8301473","8301766","chr1","8316468","8316761","3","14995","GGCTGGGCACGGTGGCTCACGCCTGTAATCCCAGCACTTTGGGAGGCCGAGGCAGGTGGATTGCCTGAGCTCAGGAGTTCAAGACCAGCCTGGGTGACACAGTGAAACCCCGTCTGTATTAAAATACAAAAAATTAGCCAGGTGTGGTGGCGTGTGCCTGTAGTCCCAGCTGCTTGGGAGGCTGAGGCAGAAGAATTGCTTGAACCTGGGAGGCAGAGGTTGCAGTGAGCTGAGATCACACCACTGCACTCCAGCCTGGGCAACAGAGCAAGGCTCTGTCTCAAAGAAATAAAA","GGCTGGGCACGGTGGCTCACGCCTGTAATCCCAGCACTTTGGGAGGCCGAGGCAGGTGGATTGCCTGAGCTCAGGAGTTCGAGACCAGCCTGGGTGACACAGTGAAACCCCGTCTGTATTAAAATACAAAAAATTAGCCAGGTGTGGTGGCGTGTGCCTGTAGTCCCAGCTGCTTGGGAGGCTGAGGCAGAAGAATTGCTTGAACCTGGGAGGCAGAGGTTGCAGTGAGGTGAGATCACACCACTGCACTCCAGCCTGGGCAGCAGAGCAAGGCTCTGTCTCAAAGAAATAAAA"
"chr1","8336797","8337073","chr20","38649218","38649504","33","30312421","GGCTGGGTGCGGTGGCTCACGCCTGTAATCCCAGCACTTTGGGAGGCTGAGGCGGGCGGATCATGAGGTCAAGAGATTGAGACCAGCCTGACCAACATGGTGAAACCCCGTCTCTACTAAAAATACAAAAAATTAGCTGGGCATGGTGGCGTCCCAGCTACTTGGGAGGCTGAGGCAGGAGGACCACTTGAACCCGGGAGGCGGAGGTTGCAGTGAGCCGAGATCGCACCACTGCACTCCAGCACAGGCATCAGAGCAAGACTCCATCTCAAAAAAA","GGCTGGGTGCAGTGGCTCACGCCTATAATCCCAGCACTTTGGGAGGCCGAGGCGGTCAGATCATGAGGTCAGGAGTTTGAGACCAGCCTGGCCAACATGGTGAAACCCCGTCTCTACTAAAAATACAAAAAATTAGCTGGGTGTGGTGGCACACACCTGTAATCCCAGCTACTTGGGAGGCTGAGGCAGGAGAATCATTTGAACCCGGGAGGCGGAGGTTGCAGTGAGCTGAGATCGCGCCATTGCACTCCAGCCAGGGCGACCAAGCAAGACTCCATCTCAAAAAA"
"chr1","8390707","8391004","chr1","8413787","8414085","3","23080","GGTCGGGTGCAGTGGCTCATGCTTGTAATCTGAGCACTTTGGGAAGCCGAGGCGGGTGGATCACAAGGTCAGGAGTTCAAGACCGGCCTCGCCAATATGGTGAAACCCCATCTCTACTAAAAATATAAAAAATTAACCGGGCGTGGTGGCACACGCCTGTAGTCCCAGCTACTCGGGAGGCTGAGGCAGGAGAATAGCTTGAACCCGGGAGGCAGAGGTTGCAGTGAGCTGAGATCATGCCACTACACTCCAGCCTGAGCAACAGAGTGAGGCTCTGTCTACAAAAAAAAAAAAAGAA","GGTCGGGTGCAGTGGCTCATGCTTGTAATCTGAGCACTTTGGGAAGCCGAGGCGGGTGGATCACAAGGTCAGGAGTTCAAGACCGGCCTCGCCAATATGGTGAAACCCCATCTCTACTAAAAATATAAAAAATTAACCGGGCGTGGTGGCACACGCCTGTAGTCCCAGCTACTCGGGAGGCTGAGGCAGGAGAATAGCTTGAACCCGGGAGGCAGAGGTTGCAGTGAGCTGAGATCACGCCACTACACTCCAGCCTGAGCAACAGAGTGAGGCTCTGTCTCAAAAAAAAAAAAAAAGAA"
"chr1","8396854","8396982","chr5","172392908","172393028","28","163996054","GAGCCCAAGGTGGGAGAATCGCTTGAACCCGGGAGGTGGAGTTTGCAGTGAGCCGAGATTCTGCCACTGCACGCCAGCCTGCGCAACAGAGTGAGAACCTGTCACTAAATAAATAAATAAACAAATAAA","AGGCTGAGGTGGGAGAATCGCTTGAACCCAGAAAGTGGAGGTTGCAGTGAGCCGAGATGGCACCGCTGCACTCCAGCCTGGGCAACAGAGCTAGACTCTGTCTCAAAAGAAAAAAAAAAAA"
"chr1","8435498","8435730","chr16","55480972","55481196","37","47045474","ACTAGCCTGGCCAACATGGTGAAACCTCGTCTCTACTAAAAATAACAAAAAAAAAAAAAAATTAAGACTGGGCATGGTGGTACATGCCTGTAGTCCCACCTACTTGGGGAGGCTGAGGCAGGAGAATCGCTTGAACCCAGGAGGCGGAAGTTGCAGTGAACCAAGACCATGCCACTGCACTCCAGCCTCGGTGACAGAGGGAGACTCCATCTCAAAAAAAAAAAAAATAGAAA","CCAGCCTGGCCAATATGGTGAAACCCTGTCTCTACTAAAAATACAAAAAAAAAATTAGTTGGGCGTGGTGGCGCACGTCTGTAGTCCCACCTGCTTGGGAAGCTGAGGCAGGAGAATTGCTTGAACCCGGGAGGCGGAGGTTGCAGTGAGCTGACATTACGCCACTGCACTCCAGCCTGGGTGACAGAGCGAGACTCCATCTCAAAAAAAAAAAAGAAATAAAAA"
"chr1","8437997","8438296","chr1","8463864","8464164","3","25867","GGTTGGGCGTGGTGGCTCACGCCTGTAATCCCAGCACTTTGAGAGGCCGCGGCGGGCGGATCATGAGGTCAGGAGTTCAAGACCAGCCTGGCCAACATGGTGAAACCCCATCTCTACTAAAGATACAAAAAATTAGCCAGGCATGATGGCACACACCTGTAATCCCAGCTACCTGGGAGGCTGAGGCAGGAGAATCACCTGAACCCAAGAGGCAGAGGTTGCAGTGAGCACCTCTGCACTCTAGCCTGAGTGACAGGTGAGACTCAGTCTCAAAAAAAGAAAAAAAAAAAGAAAGTAAAA","GGTTGGGCGTGGTGGCTCACGCCTGTAATCCCAGCACTTTGAGAGGCCGCGGCGGGCGGATCATGAGGTCAGGAGTTCAAGACCAGCCTGGCCAACATGGTGAAACCCCATCTCTACTAAAGATACAAAAAATTAGCCAGGCATGATGGCACACACCTGTAATCCCAGCTACCTGGGAGGCTGAGGCAGGAGAATCACCTGAACCCAAGAGGCAGAGGTTGCAGTGAGCACCTCTGCACTCTAGCCTGAGTGACAGGTGAGACTCAGTCTCAAAAAAAGAAAAAAAAAAAAAAAAGAAAAA"
"chr1","8497019","8497313","chr1","8521731","8522030","5","24712","GGCCAGGCGCGGTGGCTCAGGCCTATAATCCCAGCACTTTGGGAGGCCAAGGCGGGTGTTTCATGAGGTCAGGAGTTCGAGATCAGCCTGGCCAACATAGTGAAACCCCGTCTCTACTAAAAATACAAAAAAGTAGCCAGGTGTGGTGGCGGGCGCCTATAATCCCAGCTACTCAGGAGGCTGAGGCAGGAGAATGGCTTGAACCCGGGAGGCGGAGGTTGCAGTGAGACAAGATTGTGCCACTGCACTCCAGCCTGGGCGACCGAGTGAGACTCCGTCTCAAAAAAAAAATAAA","GGCCAGGCGCGGTGGCTCAGGCCTATAATCCCAGCACTTTGGGAGGCCAAGGCGGGTGTTTCATGAGGTCAGGAGTTCGAGATCAGCCTGGCCAACATAGTGAAACCCCGTCTCTACTAAAAATACAAAAAAGTAGCCAGGTGTGGTGGCGGGCGCCTATAATCCCAGCTACTCAGGAGGCTGAGGCAGGAGAATGGCTTGAACCCGGGAGGCGGAGGTTGCAGTGAGACAAGATTGTGCCACTGCACTCCAGCCTGGGCGACCGAGTGAGACTCCGTCTCAAAAAAAAAAAAAAATAAA"
"chr1","8701425","8701716","chr1","8727360","8727686","37","25935","GGCCGGGTTCAGTGGTTCATGCCTGTAATTCCAGCACTTTCGGAGACTGAGGTGGGTGGATTCAGTGAGGTCAGGAGTTCCAGACCAGCTGGCCAACATGGTGAAACCCTATCTCTACTAAAAATAGAAAATTAACTGGGTGTGGTGGCACACACCTGTAGTCCCCAGCTACTTGGGAGGCTGAGACAGGAGCATTGCTTGAACCTGGGAGGTGGAGGTTGTGGTGAGCAGAGGTTGCGGCGAGCTGAGATCATGCCACTGCACTCCAGCCTAGGGGTCAGAGTGAGACTCC","GGCCGGGTTCAGTGGTTCATGCCTGTAATTCCAGCACTTTCGGAGACTGAGGTGGGTGGATTCAGTGAGGTCAGGAGTTCCAGACCAGCTGGCCAACATGGTGAAACCCTATCTCTACTAAAAATAGAAAATTAACTGGGTGTGGTGGCACACACCTGTAGTCCCCAGCTACTTGGGAGGCTGAGACAGGAGCATTGCTTGAACCTGGGAGGTGGAGGTTGTGGTGAGCAGAGGTTGCGGTGAGCTGAGATCATGCCACTGCACTCCAGCCTGGGGGTCAGAGTGAGACTCCGCCTCAAAACAAAAACAAAAACAAAAACAAAAAAA"
"chr1","8724403","8724555","chr10","13121102","13121251","45","4396699","AAAGTACAAAGGGGAAACTGGCTGGTCACTGTGACTCACACCTGTAATCTTAGCCCTTTGGGAGCCTGGGAGGTAGATGGTGCAGTGAGCTGTGATTGCACCACTGTACACCAGCCTGGGTGACAGAACAAGACTCTGTCTCAAAAAACAAAA","CAAAAAACAAGGCCTGGCATAGTGGTTCATGCCTGTAGTCCCAGCTACGTGGGAGGCTGAGACAGGAGATGGAGGTTGCAGTGAGCTGAAATTGTGCCACTGCACTCCAGCCTGGGTGACAGAGCAAAACTCTGTCTCAAACAAACAAGA"
"chr1","8761120","8761440","chr1","171059733","171060042","50","162298613","GCTGGGTGATGTGGTGCACATCTGTATTAATCCCAGCTACTTGGGAGGCCAAGGCAGGCGGATCACTTGAAGGTCAGGAGTTCAACACCAGCCTGGCCAACATGGTGAAACCTCATCTCTACTAAAAATAAAAACAAAATTAGCCAGGCATGGTGGTGCACGCCTGTAGTCCCAGCTACTTGGGAGGCTGAGGCAGGAGAATCACTTGAACCTAGGAGGCGGAGGTTGCAGGGAGCAGAGATCACACCACTGTACTCCAGCCTGGGTGACAGAGCGAAACTTTGTCTCCAAATATAATATAATAATAAAATAAAATAAAAA","GGCCAGGTGCAGTGGCTCACACCTGTAATCCCAGCACTTTGGGAGGCCAAGGCGGGAGGATCACGAGGTCAGGAGTTCAAGACCAGCCTGGTCAGCATGGTGAAACCCCATCTCTACTAAAAATACAAAAAATTAGCCAGACATGGTGGTGCACGCCTGTAGTCCCAGCTACTTGGGAGGCTGAGGCAGGAGAATTACTTGAACCCAGCAGGCTGAGGTTGCAGTGAGCCAAGATCATGCCACTGCACTCCAGCCTGGGTGACAGAGCAAGACTCCACCTCAAATTAAAAAAAAAAAAAAAAAAAAAAAA"
"chr1","8819471","8819755","chr14","78305044","78305331","38","69485573","TGTAATCCCAGGACTTTGGGCAGCCGAGGCGGGTGGATCACGAGGTCAGGAGTTCAAGACCAGCCTGGCCAAGATGATGAAACCCCGTCTCTACTAAAAATACAAAAAATTAGCTGGGCGTGGTGGCACGCGCCTATAATCCCAGCTACTCCAGAGGTTGAGGCAGAGAATTGCTTAAACCTGGAGGGGCGGAGGTTGCAGTGAGCCGAGATCGCGCCACTGCACTCCAGCCTGGGCAACAGAGTGAGACTCCGTCTCAAAAAAAATAAATAAATAAATAATAAA","CCTGTAATCCCAGCACTTTGGGAGGCTGAGGAGGGCAGATCACGAGGTCAGGAGTTCAAGACCAGCCTGGCCAACATGATGAAACCCTGTCTCTACTAAAAATACAAAAAATTAGCTGAGCGTAGTGGCAGGCACCTGTAATCCCAGCTACTCGGGAGGCTGAGGCAGGAGAATCGCTTGAACCTGGGAGGTGGAGGTTGCAGTGAGCTGAGATTGCGCCACTGCATTCCAGCCCGGGCAACAGCAGAATGAGACTCCTTCTCAAAAAAAAAAAAAAAAAAAAAAAAA"
"chr1","8827773","8828077","chr1","8857584","8857894","10","29811","GGCTGGGCGTAGTGGCTCATGGCTGTAATCCTAGCGCTTTGGGAGGCTGAGGCAGGCAGGTTGCCTAAGCTCAGGACTTCGAGACCAGCCTGGGCAACACAGTGAAACCCCATCTCTACTAAAATACAAAAAATTAGCCAGGTGTGGCAGCGTGTTCCTCTAGTCCCAGCTACACAGGAGGCTGAGGCAGGAGAATTGCTTGAACTCAAGAGGCGGAGGTTGCAGTGAGCCGAGATGGTGCCACTGCACTCCAGCCTGGGTGACAGAGTGAGACTCTGTCTCCAAAAAAATAAATAAATAAAAAA","GGCTGGGCGTAGTGGCTCATGGCTGTAATCCTAGCGCTTTGGGAGGCTGAGGCAGGCAGGTTGCCTAAGCTCAGGACTTCGAGACCAGCCTGGGCAACACAGTGAAACCCCGTCTCTACTAAAATACAAAAAATTAGCCAGGTGTGGCAGCGTGCGACTCTAGTCCCAGCTACACAGGAGGCTGAGGCAGGAGAATTGCTTGAACTCAAGAGGCGGAGGTTGCAGTGAGCCGAGATGGTGCCACTGCACTCCAGCCTGGGTGACAGAGTGAGACTCTGTCTCCAAAAAAATAAATAAATAAATAATTAAAA"
"chr1","8860059","8860170","chr20","16652596","16652702","26","7792537","ATCACTTGAGCCCAGGAGGCGGAAGTTGTAGTGAGCCAAGATTGCGCCACTGCACTCCAGCCTGGGCGACAGAGACTCCATCTCAAAAAAAAAAAAGAAAAAATAAGTAAAA","CTTGAACCCAGGCGGCGGAGGCTTCAGTGAGCCAAGATGGTGCCACTGCACTCCAGCGTGGGCAACAGAGTGAGACTCTGTCTCAAAAAAATAAAAAAAATAGAAAA"
"chr1","8928963","8929190","chr15","62202474","62202703","32","53273511","GGCCAGGTACAGTGGCTCACACCTGTAATCCCAGCACTTTGGGAGGCTGAGGCGGGCGGATAACGAGGTCAGGAGTTCGAGACCAGCCTCGCAAACATAGTGAAAGCCTGTCTCTACTAAAAAATACAAAAAATTAGCCAGGCGTGGTGGCGAGTGCCTGTAATCCCAGTTATTTGGGAGGCTGAGGCAGGAGAATCGCTCGAACCCAGGAGGTGGAGGTTGCAGTGA","GGCCGGGCACAGTGGCTCACACCTGTAATCCCAGCACTTTGGAAGGCTGAGGCGGGTGGATCACCTGAGCTCAGGAGTTCGACACCAACCTGGGGAACATGGTGAAACCCTGTCTCTACTAAAAATACAAAAAATTAGCTGGGCATGGTGGCATGTGCCTGTAGTCCCAACTACCTGGGAGGCTGAGGCAGGATAATCGCTTGAACCAGGAGGTGGAGGTTGCAGCGAGC"
"chr1","8959753","8959842","chr8","46091691","46091777","12","37131938","GCGGAGGTTGCAGTGAGCTGAGATCACGCCACTGCACTCCAGCCCAGGTGACAGAGCGAGACTCTGTCTACAACAAAAAAAAAAAAAAAA","GGAGGTTGCAGTGAGCCAAGATCATGCCATTGCACTCCAGCCCAGGTGACAGTGCAAGACTTTGTTTCAAAAAAAAAAAAAAAAAAA"
"chr1","8960224","8960522","chr1","8990775","8991073","1","30551","GCCAGGCATGGTGGCTCACGCCTGTAATCCCAGCACTTTGGGAGGCCAAAGCGGGTGGATCATGAGATCAGGGGTTCGAGACCAGCCTGGCCAACATGGTGAAACCCCGTCTCTACTAAAGATACAAAAAATTAGCCGGGCATAGTGGTGCGAGCCTATAATCCCAGCCACTCAGGAGGCTGAGGCAGGAGAATCGCTTGAACCCAGGAGGCGGACGTTGCAGTGAGCTGAGATCATGCCATTGCACCCCAGCCTGGGCAACAGGGCAAGACTCCATCTCAAAAAAACAAAAACAAAAA","GCCAGGCATGGTGGCTCACGCCTGTAATCCCAGCACTTTGGGAGGCCAAAGCGGGTGGATCATGAGATCAGGGGTTCGAGACCAGCCTGGCCAACATGGTGAGACCCCGTCTCTACTAAAGATACAAAAAATTAGCCGGGCATAGTGGTGCGAGCCTATAATCCCAGCCACTCAGGAGGCTGAGGCAGGAGAATCGCTTGAACCCAGGAGGCGGACGTTGCAGTGAGCTGAGATCATGCCATTGCACCCCAGCCTGGGCAACAGGGCAAGACTCCATCTCAAAAAAACAAAAACAAAAA"
"chr1","8985560","8985856","chr19","11555774","11556069","35","2570214","GGCCGGGCGCTGTGGCTCATGCCTGTAATCCCAGTACTTTGGGAGGCCGAGGCAGGTGGATCACAAGGTCAGAAGATTGAGACCATCCTGGCCAACATGGTGAAACCCTGTCTCTAATAAAATAAAAAAAAAGTAGCCGGGCATGGTGATGCACACCTGTAGTCCCAGCTACTCAGGAGGCTGAGGCAGGGGAATCGCTTGAACCTGGGAGGCGGAGGTTAGAGTGAGCCAAGATCGTGCCACTGCATTCCAGCCTGAGCGACAGAGCGAGACTCTGTATCTAAATAAATAAATAAA","GCCGGGTGCAGTGGCTCATGCCTGTAATCCCAGCACCTTGGGAGGCCGAGGTGGGTGGATCACAAGGTCAGAAGCTTGAGACCACCCTGGCCAACATGGTGAAACCCCGTCTCTACTAAAAATACAAAAAAATTAGCCGGGCATGGTGGTACACACCTGTAATCCCAGCTACTCAGGAGGCTGAGGCAGGAGAATTGCTTGAACCTGGGAAGCAGAGGTTGCAGTGAGCCGAGATCGCGCCACTGCACTCCAGCCTGGGCAAGAGAGCGAGACTCCGTCTCAAAAAAAAAAAAAAA"
"chr1","8999340","8999517","chr1","9034068","9034247","2","34728","ACAAACATATAGGCCGGGCGTGGTGGCGCACGCCTCTAGTCCCAGCTACAGGAGGCGGAGGCAGGGGAATCTTGAACCCGGGAGGCGGAGGCTGCAGTGAGCCAAGACTGTGCCACTGCACTTCAGCCTGGGCGACAGAGCAAGACTCTGTCTCAAAAAAAAAAAAAAAAAGAAAGAA","ACAAACATATAGGCCGGGCGTGGTGGCGCACGCCTCTAGTCCCAGCTACAGGAGGCGGAGGCAGGGGAATCTTGAACCCGGGAGGCGGAGGCTGCAGTGAGCCAAGACTGTGCCACTGCACTTCAGCCTGGGCGACAGAGCAAGACTCTGTCTCAAAAAAAAAAAAAAAAAAAGAAAGAA"
"chr1","9028236","9028312","chr17","2787814","2787901","27","6240422","CTCTGGAGGCTGAGGTGGGAGGATTGCTTAAGCCTGGGAAGTAGAGGTTGCAGTGAGCTGAAATTGCACCCTATACT","AGTCCCAGCTACTCGGGAGGCTGAGGCAGGAGAATCCTTGAACCCGGGAGGTGGAGGTTGCAGTGAGCCGAGATCGCACCACTGCACT"
"chr1","9046141","9046443","chr12","98660930","98661231","30","89614789","GCCGGGTGCGGTGGCTCACACCTGTAATCTCAGCACTTTGGGAGGCCAAGGCGGGCGGATCACAAGGTCAGGAATTTGAGACCAGCCTGGCCAACATGGTGAAACTCTGTCTCTAATAAAGATACAAAAAATTAGCTGGGTGTGGTGGCATGCGCCTGTAATCCCAGCTACTTGGGAGGCTGAGGCAGGAGAATCGTTTGAACCCGGGAGGCGGAGGTTGCAGTGTGCTGAGATCACACCATTGCACTCCAGCCTGGGTGACAGGGCGAGACTCCATCTCAAAAATAAATAAATAAAAATAAA","GGCCAGGTGCAGTGGCTCACACCTGTAATCCCAGCACTTTGGGAGGCCCAGGCGGGCGGATCACGAGGTCAGGAGTTCAAGACCAGCCTGGCCAACATGGTGAAACCCCATCTCTACTAAAGATACAAAAAATTAGCCGGGTGTGGTGGCATGCTCCTGTAATCCCAGCTACTTGGGAGGCTGAGGCAGGAGAATCACTTGAACCTGGGAGGCAGAGGTTGCAGTGAATCGAGATCACGCCATTGCACTCCAGCCTGGGCGACAGGGCGAGGCTCCATCTCAAAAAAAAAAAAAAAAAAAAA"
"chr1","9076302","9076420","chr3","181143385","181143493","24","172067083","ATCACTTGAACCTGGGAGGCGGAGGTTGTAGTGAGCTGAGATTGTGCCACTGCACTCCAGCCTGGGCAACAAAGTGAGACTTCATCTACAAAAAAAAAAAAAAAGAAGAGAGAGAAAAA","GCCTGAACCTGGGAGGTGGAGGTTGCCATGAGCTGAGATCGTGCCACTGTATTCTTGCCTGGGCAATAGAGCGAGACTCCATCTCAAAAAAAAAAAAAAAAAAAGGAAA"
"chr1","9087432","9087739","chr1","9121389","9121696","0","33957","GACTAGGTGTGGTGGTTCACGCCTGTAATCCCAGCACTTTGGGAGGCAGAGGCAGGTGGATCACAAGGTCAGGAGTTCAAGACCAGCCTGGCCAACATGGCTAAACCCTGTCTCTACTAAAAATACAAAAATTAAATTAGCCAGGTGTGGCGGCGCATGCCTGTACTCCCAGCTGCTAGGGAGGCTGAGGCAGGAGAATTGCTAGAACCTGGGAGTTGGAGGTCGCGATGAGCCGAGATCGTGCCACTGTACTCCAGCCTGGGTGACAGAGCAAGACTCTGTCTCAAAAAAAAAAAAAAAAGAATAAA","GACTAGGTGTGGTGGTTCACGCCTGTAATCCCAGCACTTTGGGAGGCAGAGGCAGGTGGATCACAAGGTCAGGAGTTCAAGACCAGCCTGGCCAACATGGCTAAACCCTGTCTCTACTAAAAATACAAAAATTAAATTAGCCAGGTGTGGCGGCGCATGCCTGTACTCCCAGCTGCTAGGGAGGCTGAGGCAGGAGAATTGCTAGAACCTGGGAGTTGGAGGTCGCGATGAGCCGAGATCGTGCCACTGTACTCCAGCCTGGGTGACAGAGCAAGACTCTGTCTCAAAAAAAAAAAAAAAAGAATAAA"
"chr1","9089467","9089587","chr2B","207026815","207026935","26","197937348","AGGAGAATGGCTTGAACCCGGGAGGCAGAGATCGCAGTGAGCCGAGATCACGTCACTGCACTCCAGCCTGGGTGACAGAGCAAGACTCCGTCTCAAAAAACAAACAAAACAACAACAAAAA","AGGAGAATTACTGAACCTGAGAGGCAGAGGTTGCAGTGAGCGCTGAAATCCTACCATTGCACTCCAGCCTGGGTGACAGAGTGAGACTCCATCTCTGAAAAAAAAAAAAAAAAAAAAAGAA"
"chr1","9105978","9106238","chr1","9141654","9141895","25","35676","TATTCCCAGCACTTTGAGAGGCCGAGGCGGGCGGATCATGAGGTCAGGAGTTTGAGACCAGCCTGAACAACATGGTGAAACCCCGTCTCTACTAAAAATACAAAAAAAATTATCTGGGCATAGTGGCACGTGCCTGTAATCCCAGCTACTCAGGAGGCTAAGGCACGAGAATTGATTGAACCGGGGAGGTGGAGGTTGCAGTGAGCCAAGATCGTGCCACTGCACTCCAGCCTGGGTGACAGAGGGAAAAAAAAAAAAAAA","TATTCCTAGCACTTTGAGAGGCCGAGGCGGGCAGATCATGAGGTCAGGAGTTTGAGACCAGCCTAACCAACATGATGAAACCCCGTCTCTACTAAAAATACAAAAAAATTATCTGGGCATAGTGGCACGTGCCTGTAATCCCAGCTACTCAGGAGGCTAAGGCAGGAGAATTGATTGAACCGGGAGGTGGAGGTTGCAGTGAGCCAAGATCGTGCCACTGCACTCCAGCCTGGGTGACAGAG"
"chr1","9159641","9159944","chr1","9196922","9197225","0","37281","GGCTGGGTGTGGTGGCTCACACCTGTAATCCCAGCACTTTGGGAGGCCAAGGAGGGCGGATCATGAGGTCAGGCATTCCAGACCAGCTTGGCCAATATAGTGAAACCCCGTCTCTATTAAAAATACAAAAAATTAGCCAGGTGTGGTGGCAGACACCTGCAGTCCCAGCTACTCAGGAGGTTGAGGCAGGAGAATCGCTTGAACCTGGGAAGTGGAGGTTGCAGTGAGCCAATATCATGCCATTGCACTCCAGCCCAGGTGACAGTGTGAGACTCCGTCTCAAAAAAATTATAAAAAAACAAAA","GGCTGGGTGTGGTGGCTCACACCTGTAATCCCAGCACTTTGGGAGGCCAAGGAGGGCGGATCATGAGGTCAGGCATTCCAGACCAGCTTGGCCAATATAGTGAAACCCCGTCTCTATTAAAAATACAAAAAATTAGCCAGGTGTGGTGGCAGACACCTGCAGTCCCAGCTACTCAGGAGGTTGAGGCAGGAGAATCGCTTGAACCTGGGAAGTGGAGGTTGCAGTGAGCCAATATCATGCCATTGCACTCCAGCCCAGGTGACAGTGTGAGACTCCGTCTCAAAAAAATTATAAAAAAACAAAA"
"chr1","9182867","9183167","chr3","165032428","165032713","74","155849561","GGCCGGGTATGGTGACTCATGTCTGTAATCCCAATACTTTGGGAGGCCGAGGTGGGTGGATTGCATGAGCTCTTCTGAGCTCGTAGTGAGCAGCCTGAGCCACATAGTGAGACTCCATTTCTACCAAAATTAGCTGGGTATGCTGACATGCACCTGTCGTCCCAGCTACTTGGGAGGCTGAGGTAGGAGGCTAGCTTGAGCCAGGGAGGTGGAGGTTGCAGAGAGCCAAGATCGTGCCACTGCATTCCAGCCTGGGCAACCTGACCCTTCTGAGACAGAACCAGACTCTGTCTCAAAAAAA","GCCGGGTGCGGTGGCTCATGCCTGTAATCCTAGCACTCTGGGAGGCTGAGGTGGGTGGATTGCTTGAGCTCAGGAGTTCGAGACCAGCCTGGAAAACACAGTGAAACCCCATCTTTACTAAAATACAAAAAATTAGCCGGGCATGGTGGCATGCACCTGTAGTCCCAGCTACTTAGGAGGCTGAGGCAGGAGAATTGCTTGAACCTGGGAAGTGGAGGTTGCAGTGAGCCAAGATCATGCCACTGCATTCCAGCCTGGGTGACAGAGCGAGATTCCGTCTCCAAAA"
"chr1","9219446","9219568","chr7","112797358","112797487","27","103577912","TACTTGGGAGGCTGACACGGCAGAATAGCTTGAACCTGGGAGGCAGAGGTTGCAGTGAGCTGAGATGACACCACTGCACTCCAGCCTGGGTGACAGAGTGAGACTTCGTCTCAAAATAAAAAA","TAGTCCCAGCCACTCAGGAGGCTGAGGCGGGAGAATCACTTGAACTTGGGAGGCAGAGGTTGCAGTGAGCTGAGATCGCGCCACTGCACTCCAGCCTGGGTGACAAAGTGAGACTCCATCTCAAAAAAAA"
"chr1","9225373","9225621","chr4","23215418","23215667","40","13990045","GGTCAGGCGTAGTGGCTCATGCCTGTAATCACAGCACTTTGGGAGGCCGAGGCAGGTGGATACCCTGAGGTCAGTAGTTCGAGACCAGCCTGGCCAACATGATGAAATCCCATCTCTACTAATAATACAAAAAAAAAAAAAAAAAAGCCAAGCGTGGTGGCGTGCCTGTAGTCCTAGCTACTCAGATGGCTGAGGCACGAGAATCGCTTGAATCCAGGATGCAGAGGTTGCAGTGAGCCAAGATTGCGC","GGTCGGGTGTGGTGGCTCATGCCTGTAATCTCAGCACTTTGGGAGGCCGAGGCGGGTGGATCACGAGGTCAGGAGTTTGAGACCAAACTGGCCAACATGATGAAACCCCGTCTCTACTAACAATACAAAAAAAAAAAAAAAATAGCCAGGAGGCGGTGGGGCATGTGCCCGTAATCCTAGCTACTCCGGAGGCTGAGGCAGGAGAATTGCTTAAACCTGGGAGGTGGTGGTTGCAGTGAGCCAAGATCGC"
"chr1","9266507","9266784","chr4","68302389","68302657","38","59035882","GGCCGGGAGCAGTGGCTCACGCCTGTTAATTCCAGCACTTTGGGAGGCCAAGATGGGTGGATCACATGAGGTCAGGAGTGCGAGACCAGCCTGGCCAATATGGCTAAACCCCATCTCTACTAAAAATACAAAACAAAACTTAGCCAAGTATGGTGGTGCACATCTGTAGTCCCAGCTACTTGGGAGGCTGAGGCAGGAGAATCACTTGAACCCAGGAGGCAGAGGTTGCAGTGAACCGAGATCGCGCCACTGCTCTCCAGCCTAGGTGACAGAGTGAG","GGCCGGGCGCAGTGGCTCACACCTGTAATCCCAGCACTTTGGGAGGCCAAGGTGGGCGGATTACGAGGTCAGGAGTTCAAGACCAGCCTGACCAATATGGTGAAACCCCATCTCTACTTAAAATACAAAAAAAATTAGCCGGGTGTGGTGGTGCACGCCTGTAGTCCCAGCTACTCAGGACGCTGAAGCAGAAGAATCACTTGAACCCAGGAGGCGGAGGTTGCAGTGAGCCGAGATTGCATCACTGCACTCCAGCCTGGGTGACAGAG"
"chr1","9268867","9269014","chr19","61741211","61741358","30","52472344","CCAGCTACTCTACTGGGGAGGCTGAGACAGGAGAATTGCTTGAACCCTGGAGGCACAGGTTGCAGTGAGCCAAGATCGTACCCTGCGCTCCAGCTTATGTGACAGAGCGAGACTCCATCTCAATAAAATAAAACAAAACAAAATAAAA","CTGTAGTTCCAGCTACTCGGGAGGCTGAGGCAGGAGAATCGCTTGAACCCGGGAGGCGGAGGTTGCAGTGAGCCAAGATCACACCACTGCACTCCAGCCTGGGTGACAGAGCAAGACTCTGTCTCAAAAACAAACAAACAAAAACAAA"
"chr1","9283255","9283352","chr1","160944586","160944680","15","151661331","GCGGAGGTTGCAGTGAGCCGACATCGCACCACTGCACTCCAGCCTGGGCAACAGAGCGAGACTCCATCTCAAAAAAAAGAAAAAAAAGGTAATAATAA","GTGGAGGTTGCAGTGAGCCGAGATTGCGCCACTGCATCCAGCCTGAGCAACAGAGTAAGACTCCGTCTCAAAAAAAAAAAAAAAAAGAGAGAAAA"
"chr1","9399987","9400280","chr1","9500229","9500523","1","100242","GGCTGGCTGCAGTGGCTCTCGCCTGTAATCCCAGCACTTTGGGAGGCCAAGGTGGGTGGATCACTCGAGGTCAGGAGTTTGAGACCAGCCTGGCCAACACGGGGAAACCCCATCTCTACCAAAAATACAAAAAATTAGCAGGGCGTGGTGGTGCATACTTGTAGTCCCAGCTACTTGGGAGGCTGAGGCAGGATAATTACTTGAACCCTGAAGGCAGGGGTGCCAGTGAGCTGAGATTGTGCCACTGCACTCCAGCCTGGGTGACAGAAGGAGACTCCATCTCAAAAAAAAAAA","GGCTGGCTGCAGTGGCTCTCGCCTGTAATCCCAGCACTTTGGGAGGCCAAGGTGGGTGGATCACTCGAGGTCAGGAGTTTGAGACCAGCCTGGCCAACACGGGGAAACCCCATCTCTACCAAAAATACAAAAAATTAGCAGGGCGTGGTGGTGCATACTTGTAGTCCCAGCTACTTGGGAGGCTGAGGCAGGATAATTACTTGAACCCTGAAGGCAGGGGTGCCAGTGAGCTGAGATTGTGCCACTGCACTCCAGCCTGGGTGACAGAAGGAGACTCCATCTCAAAAAAAAAAAA"
"chr1","9423029","9423180","chr3","139525923","139526071","16","130102894","GTGCTTGCAGTCCCAGCTACTCGGGAGGCTGAGGCAGGAGAATTGCTTGAACCCGGGAGGCAGAGTTTGCAGTGAGCCGAGATCTCGCCATTGCACTCCAGCCTGGTTGACAGAGCAAGACTCTGTCTCAAAAAAAAAAAAAAAAAAAAAAA","GCCTGTAGTCCCAGCTACTCGGGAGGCTGAGGCAGGAGAATTTCTTGAACCCGGGAGGCAGAGGTTGCAGTGAGCCGAGATCACGCCACTGCACTCCAGCCTGGGTGACAGAGCGAGACTCCATCTCAGAAAAAAAAAATAAATAAAAA"
"chr1","9474404","9474537","chr1","6844228","6844361","20","2630176","CCCAGCTACTAGGGAGGCTGAGGCAAGAGAATCACTTGAACCTGGGACGCAGAGGTTTCAGTGAGCCAAGATGGCGCCACTGCACTCCAGCCTGGGTGACAGAGTGAGACTCCATCTCAAAAAAAAAAAAAGAA","CAGCTACTCGGTAGGCTGAGGCAAAAGAACAGCTTGAACCCAGGAGGCAGAGGTTGCAGTGAGCCAAGATGGCGCCACTGCACTCCAGCCTGGGAGATAGAGCAAGATTCCGTCTCCAAAAAAAAAAAAAAAAA"
"chr1","9482288","9482417","chr7","112797358","112797487","17","103315070","AGTCCCAGCTACTCAAGAGGCTGAGGCAGGAGAATTGCTTGAACCCAGGAGGCAGAGATTGCAGTGAGCTGAGATTGCGCCACTGCACTCCAGCATGGGGGACAAAGCGAGACTCTGTCTCAAAAAAAAA","TAGTCCCAGCCACTCAGGAGGCTGAGGCGGGAGAATCACTTGAACTTGGGAGGCAGAGGTTGCAGTGAGCTGAGATCGCGCCACTGCACTCCAGCCTGGGTGACAAAGTGAGACTCCATCTCAAAAAAAA"
"chr1","9482568","9482879","chr19","10730078","10730385","41","1247510","GGCCGGGTGCGGTGTCTCATGCCTGTAATCCCAGCACTTTGGGAGGCTGAGACAGGCGGATCACGAGGTCAGGAGTTCGAGACCAGCCTGGCCAACATGGTGAAACCCTGTCTCTAAAAAAATACCAAAAAAATTAGCTGGGGGCATTGGTGCATGCCTGTAGTTCCAGCTACTTGGGAGGTTGAGGCAGGAGAATTGCTTGAACCCGGGAAATGGAGGTTGCAGTGAGCCAAGATTGCACCATTGCACTCCAGCCTGGGTAACAGAGTGAGACTCCGTCTCAACAACAACAACAAAAAAAAAAAGAAAAGA","GGCAGGGCGTGGTGGCTCATGCCTGTAATCCCAGAACTTTGGGAGGCCGAGGCAGGCTGATCACGAGGTCAGGAGTTCGAGACCAGCCTGGCCAATATGGTGAAACCCTGTCTCTACTAAAAATACAAAGTTAGCTGGGCATGGTGGCACGTGCCTGTAGTCCCAGCTACTCGGGAGGCTGAGGCAGGAGAATCGCTTGATCCCGGGAGATGGAGGTTGCAGTGAGCCGAGATCATGCAACTGCACTCCAGCCTGGGCAACAGAGTGAGACTCCGTCTCAAAAAAAAAAAAGAAAAGAAAAGAAAAGA"
"chr1","9542759","9542932","chr10","94362436","94362625","51","84819677","TGGAGTCCTGTCTCTACAAAAACAAAAACAAATTAGTCAGGCATGGTGGTGTACACCTGTAGTCCCAGCTACTTAGGAGGATCACCTGAACCCAAGGAGGTCAAGGCTGCAGTGAGGTGAGATGACACTACTGCACTTCAGCCTGGGTGAGACCCCGTCTCAAAAAAAAAAAAA","GAAACCCTGTCTCTTCTGAAAATACAAAAAATTAGCCAGTGTGGTGGTGCACATCTGTAGTCCCAGCTACTTGGGAGACTGAGGCCCAAGAATCACTTGAACCCAGGAGGCAGAGGTTGCAGTGAGCTGAGATCACACCACTGCACTCCAGCCTGGCTGACAGAGTGAGACTCTGTCTCAAAAAAATAAA"
"chr1","9543836","9544138","chr1","9646744","9647045","2","102908","GGCCAGGTGCGTGGCTCACGCCTGTAATCCCAGCACTTTGGGAGGCCAAGGCAGGTGGATCACGTGAGGTCAGGAGTTGAAGACCAGCCTGGCCAACATGGTGAAACCCTGTCTCTACTAAAAATACAAAAAAATAACAGCTGGGACCTGTAGTCCCAACTACTCAGGAGGCTGAGGCACGACAATTGCTTGAACCCAGGAGGCAGAGGTTGCAGTGAACTGAAATCGCACCACTGCACTCCCAGCCTGGGTGACAGAGTGAAACTGTCCCCCAAAAATAAATAGGTAAATAAATAAAATAAA","GGCCAGGTGCGTGGCTCACGCCTGTAATCCCAGCACTTTGGGAGGCCAAGGCAGGTGGATCACGTGAGGTCAGGAGTTGAAGACCAGCCTGGCCAACATGGTGAAACCCTGTCTCTACTAAAAATACAAAAAAATACAGCTGGGACCTGTAGTCCCAACTACTCAGGAGGCTGAGGCACGACAATTGCTTGAACCCAGGAGGCAGAGGTTGCAGTGAACTGAAACCGCACCACTGCACTCCCAGCCTGGGTGACAGAGTGAAACTGTCCCCCAAAAATAAATAGGTAAATAAATAAAATAAA"
"chr1","9609760","9609954","chr8","118521420","118521603","45","108911660","CCCAGTTTTTTTAATTTAGCCGGGCGTGGTGTGTGCGCCTGTAGTCCCAGCTACTCGGAAGGCTGAGGCCTAAGAATCCCTTGGACCCAGGGGATGGAGGCTGCAGTGAGTCAAGTTCGTGTCACTGCACTCCAGCCTGGGTGACAGAGCGAGACCCTATCTCCAGGAAAAAAAACAAACAAAAAAACTCAAAAA","TACAAAATAATTAGCCGGGTGTGGTGGTGTGTGCCTGTAGTCCCAGCTACTCGGGAGGCTGAGGCAGGAGAATTGCTTGAACCCAGAAGGCAGAGGTTGCAGTGAGTCGATATCATGCCACTGCTATCCAGCCTGGGTGACAGAGCAAGACCCTGTTTCAAAAAAACAAAACAAAACAAAAAAA"
"chr1","9610250","9610297","chr3","175848476","175848526","14","166238226","CAGCCTGGGCTACATGGTGAAACACCGTCTGTACTACAAAAATACAAA","CAGCCTGGGCGACAGAGCGAGACTCCGTCTCAAAAATAAAAAAATAAAAAA"
"chr1","9616479","9616777","chr1","9724209","9724507","3","107730","GGCCGGACGTAGTGGCTCACGCCTATAATCCCAGCACTTTGGGAGGCCGAGGCGGATGGATCACGAGGTCAGGGGTTCGAGACCAGCCTGACCAACATAGTGAAACCCCGTCTCTACTAAAAGTACAAAAAATTAGCCGGGAGTGGTGGCAGGCACCTGTAATCCCAGCTAGTCAGGAGGCTGAGGCAGGATAATTGCCTGAACCCGGGAGGTGGAGGTTGCAGTGAGCCGAGATCACACCACTGCACTCCAGCCTGGGTGACAGAGTGAGACTCCATCTACAAAAAAAAAAAAAAAAA","GGCCGGACGTAGTGGCTCACGCCTGTAATCCCAGCACTTTGGGAGGCCGAGGCGGATGGATCACGAGGTCAGGGGTTCGAGACCAGCCTGACCAACATAGTGAAACCCCGTCTCTACTAAAAGTACAAAAAATTAGCCGGGAGTGGTGGCAGGCACCTGTAATCCCAGCTAGTCAGGAGGCTGAGGCAGGATAATTGCCTGAACCCGGGAGGTGGAGGTTGCAGTGAGCCGAGATCACACCACTGCACTCCAGCCTGGGTGACAGAGTGAGACTCCATCTCAAAAAAAAAAAAAAAAAA"
"chr1","9624930","9624996","chr19","17268802","17268857","28","7643872","CCAGGGGGTTGAGGCTGCAGTGAGCTGAGATCGCGTCACTGCGATCCAGCCTGGGCGACAGAGCAAG","CCAGGAGTGGTGGCGTGTGCCTGTGGTCCCAGCTACTCCAGAGGCTTCCAAGGCAG"
"chr1","9661640","9661697","chr8","128561247","128561313","16","118899607","ACCCCATCTCTACCAAAATACAAAAAATTAGCCGGGCATGGCGGCGTGCACCTGTAGT","GAAACCCCATCTCTACTAGAAATACAAAAAATTAGCCAGGTGTGGTGGCGTGTGCCTGTAGTCCCAG"
"chr1","9715099","9715395","chr1","9830311","9830608","2","115212","GGCCAGGCGTGGTGGCTCATGCCTATAATCCCAGCACTTTGGGAGGCCAAGGTGGTCGGCTTACAAGGTCAGGAGTTTGAGACCAGCCTGGCCAATATGGTGAAACCCTGTCTCTACTGAAAATACAAAAAAATTAGCCGGGCGTGGAGGCGCATACCTGTAATCTCAGCTACTTGGGAGGCTGAGGCAGGAGAATTGCTTGAACCAAGGAGGCAGAGGTTGCAATGAGCTGAGATCGTGCCACTGCACTCCAGCCTGGGTGACAGAGCAAGACTCCGTCTCAAAAAAAAAAAAAAA","GGCCAGGCGTGGTGGCTCATGCCTATAATCCCAGCACTTTGGGAGGCCAAGGTGGTCGGCTTACAAGGTCAGGAGTTTGAGACCAGCCTGGCCAATATGGTGAAACCCTGTCTCTACTGAAAATACAAAAAAATTAGCCAGGCGTGGAGGCGCATACCTGTAATCTCAGCTACTTGGGAGGCTGAGGCAGGAGAATTGCTTGAACCAAGGAGGCAGAGGTTGCAATGAGCTGAGATCGTGCCACTGCACTCCAGCCTGGGTGACAGAGCAAGACTCCGTCTCAAAAAAAAAAAAAAAA"
"chr1","9746702","9746868","chr1","9862713","9862856","26","116011","TAGCTGGGACTGCAGGCACACACCTGTAGTCCCAGCTATTTGGGAGGCTGAAGTGGGAGAATCGCTTGAACCCAGGAGGCAGAGGTTGCAGTGAGCCGAGATCAGGCCACTGCACTCGAGCCTGGGCAAGAGAACGAGACCCTGTTCCAAAAAGAAAAAAAAGATAA","TGTAGTCCCAGCTATTTGGGAGGCTGAAGTGGGAGAATCGCTTGAACCCAGGAGGCAGAGGTTGCAGTGAGCCGAGATCAGGCCACTGCACTCCAGCCTGGGCAAGAGAACGAGACCCTGTTCCAAAAAGAAAAAAAAAGATAA"
"chr1","9763823","9764125","chr1","9879542","9879843","1","115719","GGCTGGGCGCAGTGGCTCACGCCTGTAATCCCAGCATTTTGGGAGGCCGAGGCGGGCAGACTGCCTGAGCTCAGGAGTTCGTAACCAGCCTGGGGAACACGGTAAAACCCCGTCTCTAATAAAAATTACAAAAAATTAGCCAGGCATGGTGGCATGCACTTGTAGTCCCAGCTACTCGGGAGGCTGAGGCAGGAGAATTGCTTGAACCCAGGAGGCGGAGGTTGCAGTGAGCCGAGATGGCACCACTGCACTCCAGCCTGGGCAACAGAGCAAGACTCCATCTCAAAAAAAAAAAAAAAAAAA","GGCTGGGCGCAGTGGCTCACGCCTGTAATCCCAGCATTTTGGGAGGCCGAGGCGGGCAGACTGCCTGAGCTCAGGAGTTCGTAACCAGCCTGGGGAACACGGTAAAACCCCGTCTCTAATAAAAATTACAAAAAATTAGCCAGGCATGGTGGCATGCACTTGTAGTCCCAGCTACTCGGGAGGCTGAGGCAGGAGAATTGCTTGAACCCAGGAGGCGGAGGTTGCAGTGAGCCGAGATGGCACCACTGCACTCCAGCCTGGGCAACAGAGCAAGACTCCATCTCAAAAAAAAAAAAAAAAAA"
"chr1","9772733","9773019","chr1","9887521","9887808","5","114788","GGCTTGGCGCAGTGGCTCACGCCTGTAATCCCAGCACTTTGGGAGTCGAGGTGGGCGGAACACGAGGTCAGGAGTTGGTAGACCAGCCTGGCCAACATGGTGAAATCCTGTCTCTACTAAAAATACAGAAACTGAGCGTGGTGGTGAGCGCCTGTAGTCCCAGCTACTCGGGAGACTGAGGCAGGAGAATTGCTTGAACCTGAGAGGCGAAGGTTGCAGTGAGCCGAGATCGCGCCATTGCACTCCAGCCTGGGCGACAGAGCAAGGCTCCATCTCAAAAAAAAAAA","GGCTTGGCGCAGTGGCTCACGCCTGTAATCCCAGCACTTTGGGAGTCGAGGTGGGCGGAACACAAGGTCAGGAGTTGGTAGACCAGCCTGGCCAACATGGTGAAATCCTGTCTCTACTAAAAATACAGAAACTGAGCGTGGTGGCGAGCGCCTGTAGTCCCAGCTACTTGGGAGACTGAGGCAGGAGAATTGCTTGAACCTGAGAGGCGAAGGTTGCAGTGAGCCGAGATCGCGCCATTGCACTCCGGCCTGGGCGACAGAGCAAGGCTCCATCTCAAAAAAAAAAAA"
"chr1","9781146","9781304","chr11","17051026","17051186","36","7269880","TTAGCTGGCATGGTGGCACATGCCTGTACTCCCAGCTACTCGGGAGGCTGAGACAGGAGGAATGTTTCAGCCCAAGAGTTACAGGCTGCCGTGAGCCAAGATCTCACCACTGCAGTCCAGCCCCAGGGAGAACAAGACTATCTCTAAAGAAAAAAGAAA","TTAGCTGGACATGGTGGCGCATGCCTGTAGTCCCAACTACTCTGGAGGCTGAGGCAGGAGAATCACTCGAACCCAGGAGGTGGAGGTTGCAGTGAGCCAAGATGGCGCCACTGCACTCCATCCTAGGCGACAGAGCGAGACTTCGTCTTAAAAAAGAAAAA"
"chr1","9799130","9799317","chr1","29277911","29278085","37","19478781","AAAAATACAAAAAAAAATTAGGCCAAGGAGCGTGGTAGCATGCGCCTGTAATCCCAGCTATTCAGGAAGCTGAGGTAGGAGAATAGCTGGAACCTGGGAGGCGGAGGCTGCAGTGAGCCGAGATTGCACCATTGCACTCCAGCCTAGACAACAGAGTGAGACTCAGTCTACAAAAATAAATAAATAAA","AAAAAAAAAAAAATTAGCCAGGCGTGGTGGCAGGCACCTCTAGTCCCAGCTACTTGGGAGGCTGAGGCAGGAGAATCGCTTGAACCTGGGAGGCGGAGCTTGTAGTGAGCCAAGATTGTGCCACTGCACTCCAGCCTGGGCGACACAGTGAGACTCTGTCTAAAAAAAAAAAAAA"
"chr1","9813204","9813323","chr8","15383887","15384002","27","5570683","GGCATGGTGGTGTGTGTCTGTAGTTCCAGCTATTCAGGGGGTTGAAATGGGCAGATCGCTTGAACCTTGGGAGGACGGAGATTGCAGTGAGCTGAGATCGTGCCACTGCACTCCAGCTTG","TGGTGGTGAGAGCCTGTAGTCCCAGCTACTCTGGAGGCTGAGGCAGGGGAATCGCTTGAACCCGGCAGGCGGAGATTACAGTGAGCTGAGATTGTGCCACTGCACTCCAGTCTGGG"
"chr1","9849597","9849908","chr1","9966764","9967075","2","117167","GGCTGGGCACGGTGGCTCATGCCTATAATCCCAGCACTTTGGGAGGCCGAGGTGGGTGGATCACGAGGTCAGGAGTTTGAGACCAGCCTGACCAACATGGTGAAACCCCATCTCTACTAAAAATACAAAAAAATTAGCCGGGCGTGGTGACGCACACCTGTAATCCCAGCTACTCAGGAGGCTGAGGCAGGAGGATCGCTTGAACCCAGGAGGCAGCGGATGCAGTGAGCCGAGATTGTGCCACTGTACTCCAGCCTGAGTGATAGAGCAAGACTCCGTATCACACACAAAAAAAAAGAAAGAAAAAGGAAA","GGCTGGGCACGGTGGCTCATGCCTATAATCCCAGCACTTTGGGAGGCCGAGGTGGGTGGATCACGAGGTCAGGAGTTTGAGACCAGCCTGACCAACATGGTGAAACCCCATCTCTACTAAAAATACAAAAAAATTAGCCGGGCGTGGTGACGCACACCTGTAATCCCAGCTACTCAGGAGGCTGAGGCAGGAGGATCGCTTGAACCCGGGAGGCAGCGGATGCAGTGAGCCGAGATTGTGCCACTGTACTCCAGCCTGAGTGATAGAGCAAGACTCTGTATCACACACAAAAAAAAAGAAAGAAAAAGGAAA"
"chr1","9877240","9877532","chr1","9994063","9994356","1","116823","GCCAGGCGCGGTGGCTCACACCTGTAATCCCAGCACTTTGGGAGGCCGAGACAGGTGGATCACAAGGTCAGGCGTTCGAGACCAGCCTGGCCAACACAGTGAAACCCTGTATCTACTAAAAATACAAAAAATTAGCTGGGCGTGGTGGCGGGCGCCTGTAATCCCAGCTACTTGGGAGGCTGAGGCAGGAGAATCGGTTGAACCTGGGAGGCAGAGTTTGCAGTGAGCTGACATCGCGCCACTACACTCTAGCCTGGGGAACAGCGTGAGACTCCATCTCAAAGAAAAAAAAA","GCCAGGCGCGGTGGCTCACACCTGTAATCCCAGCACTTTGGGAGGCCGAGACAGGTGGATCACAAGGTCAGGCGTTCGAGACCAGCCTGGCCAACACAGTGAAACCCTGTATCTACTAAAAATACAAAAAATTAGCTGGGCGTGGTGGCGGGCGCCTGTAATCCCAGCTACTTGGGAGGCTGAGGCAGGAGAATCGGTTGAACCTGGGAGGCAGAGTTTGCAGTGAGCTGACATCGCGCCACTACACTCTAGCCTGGGGAACAGCGTGAGACTCCATCTCAAAGAAAAAAAAAA"
"chr1","9886147","9886239","chr3","181238196","181238292","24","171352049","TCACTTGAACCGGGAGTGGAGGTTGCAGTGAGCTGAGATCGCACCACTGCACTCCAGCCTGGGTGACGGTGTGAGACTCCATCTCAAAAATAA","GAGAACTCTGGAACCCGGGAGGCAGAGGCTGCAGTGAGCCGAGATCATGCCACTGCCCTCCAGCCTGGGCGATAGAGCAAGACTCCATCTCAAAAAA"
"chr1","9892858","9893086","chrX","41391610","41391836","34","31498752","CTAGCCTGGGCAACATGGTGGAACCCCATTTCTACAAAAACTATAAAAAATTAGCTGGGCATAGTGGTGCATGCCTGCAGGCCTAGTCTATTTGGGAGGCTGAGGTGGGAGGATCGCTTAAGCCTGGGAGGTGGAGGTTGCAGTGAGCTGAGATTGCACCACTACACTCCAGCCTGGGTGACAGGGTGAGACCCTGTCTCACAAAAGAAAAGAAAAAAAAAGAAAAAAA","CAGCCTGGGCAACATGGTGAAACCCCATCTCTACTAAAAATACAAAAAGATTAGCTGGGCATGGTGGTGCGCACCTATAATCCCAGCTACTTGGGAAGCTGAGGCAGGAGCATCGCTTGAGCCCGGGAGGTGGAGGTTGCAGTGAGCCGAGAGTGTGCCACTACACTCCAGCCTGGGCGACAGAGTGAGACCCTGTCTCAAAAAAAAAAGAAAAAAAAGAAAAAGAA"
"chr1","9893243","9893523","chr1","10010936","10011231","17","117693","GGCCAGGTGTGGTGGCTCATGCCTGTAATCCTAGCACTTTGGGAGGCCAAGGCGAGTGGATCACGAGGTCAGGAGTTCGAGAGACCAGCCTGGCCAACATGGTGAAATCCTGTCTCTACTAAAAATACAAAAAATTAGCTGGGCATGGTGGCGTGCACCTATAGTCCCAGCTGCTCGAGAGACTGAGGCAATGGAATCGCTTGAACCCGGGAGGCGGAGGTTGCAGTGAGCCGAGATTCGTGCCACTGCACTCTAGCCTGGCGACAGAGCAAGACTCCATC","GGCCAGGTGTGGTGGCTCATGCCTGTAATCCTAGCACTTTGGGAGGCCAAGGCGAGTGGATCACGAGGTCAGGAGTTCGAGAGACCAGCCTGGCCAACATGGTGAAATCCTGTCTCTACTAAAAATACAAAAAATTAGCTGGGCATGGTGGCGTGCACCTATAGTCCCAGCTGCTCGAGAGACTGAGGCAATGGAATCGCTTGAACCCGGGAGGCGGAGGTTGCAGTGAGCCGAGATCGTGCCACTGCACTCTAGCCTGGCGACAGAGCAAGACTCCATCTCAAAACAGAACAAAA"
"chr1","9914367","9914673","chr1","29189596","29189901","37","19275229","GGCCAGGCGCTGTGGCTCACGCCTGTAATCCCAGCACTTTGGGAGGCTGAGGTGGGTGGATCACCTGAGCTCAGGAGTTCGAGACCAGCCTGGCCAACATGGCGAAACCCTGTCTCTACTAAAATACAAAAAATGAGCCAGGTGTGGTGGCACGCGCCTGTAGTCCCAGCTACTGAAAAGGCTGAAGCAGAAGAATTGCTTGAACCCAGGAGGCTGAGGTTACAGTGAGGCAATATTGTGCCACTGCACTCCAGCCTGGTCGACAGAGCAAGACTCCTTCTCAAAAAAAAAAAAAAAAAAAAAAAAA","GGCCGGGCGCAGTGGCTTATGCCTGTAATCCCAGCACTTTGGGAGGCCGAGGCGGTTGGATCACGAGGTCAGGAGTTCGAGACCAGCCTGGGCAACATGGTGAAACCCCGTCTTTACTAAAATACAAAAAATTAGCCGGGCGTGGTGGCGGGTGCCTGTAGTCCCAGCTACTCGGGAGGCTGAGGCAGGAGAATCGCTTGAACCCAGGAGGCGGAGGTTGCAGTGAGCCGAGATTGTGCCACTGCACTCCAGCCTGGGCGACAGAGCAAGACTCTGTCTCAAAAAAAAAAAAAGAAAAAGAAAAAA"
"chr1","9926637","9926785","chrX","15935692","15935847","40","6009055","TGATGGCATGTACTTGTGGTCCCAGCTACTCAGTAAGCTGAGGTCAGAGGATCACCTGAACCTGGGAAGCAGAGGTTGCAGTGAACTGAGATCACGCCACTGTACTGGCTGACAAAGTGAGACCCCTGTCTAAAAAAAAGATAAAGAGA","GTGGTGGTGCGCGCCTGTAGTCCTTTCTACTCGGAAGGCTGAGGTGGGAGGATCACTTGAGCCTTGGAGGCGGAGGTTGCAGTGAGCTGAGGTCACGCCACTGCACTCCAGCCTGGGTGACAGAGTGAGACCCTGTCTCAAAAAAAAAAGAGAAAA"
"chr1","9927476","9927699","chr17","48072493","48072716","42","38145017","GTCGGGCACAGTGGCTCACACCTGTAATCCCAGCACTTCAGGAGGCCAAGGCGGGCGGATCACAAGATCAGAAGCTCAAGACCAGCCTGGCCAACACAGTGAAACCCCATCTCTACAAAAATTAGCCAGGCATAGTGGCGGGTGCCTGTAGTCTCAGCTACTTGGGAGACTGAGGCAGGAGAATCACTTGAACCTGGGAGGCAGAGGTTTCGGTGAGCTGAGAT","GGCTGGGTGCGGTGGCTCACCCCTGTAATCCCAACACTTTGGGAGGCTGAGGTGGGCGGATCAGGAGGTCAGGAGTTCGAGACCAGCCTGACCAACATGGTGAAACCCGGTCTCTCCTAAAAATAAGCCAGGTGTGGTGGTGGGTGCCTGTAGTCCCAGCTACTCAGGAGGCTGAGGCAGGAGAATCGCTTGAACCCAGGAGGCAGAGGTTGCAGTGAGCCGAG"
"chr1","9938709","9938894","chr4","85851407","85851585","52","75912698","GGCTGGACACAGTGGCTCATGCCTGTAATCCCAGCATTTTAGGAGGCCAAGGCCAACATGGCGAAACCCTGTCTCTACTAAAAATACCAAAAAAAAAAAGACAGGTGTGGTGGCACACCTGTAATCCTAGCTACTCAGGAGGCTGAGGCAGGAGAATCACTTGAGCCCAGGATGTGGAGGTTGCAG","AGTCTGAGGTGGGTGGATCACAAGGCCAGAGTTTGAGGCCAGCCTGACCAACATGGTGAAACCCCATCTATAATAAAAATACAAAAAAATAGCTGGATGTGGTGGTGGGCACCTGTAATCCTAGCTACTTGGGAGGCTGAGGCAGCAGAATCGCTGGAACCCAGGAGGGTGAGGTTGCA"
"chr1","9944481","9944761","chrX","151784730","151785013","38","141840249","GCTGGGTGTAGTGGCTCACACCTGTAATCCCAGGACTTTGGGAAGCCGAGGTGGGCGGATCACGAGGTCAGGAGTTTGAGACCAGCCTGGCCCCCATGGTGAAACCCTGTCTCTACTAAAAATACAAAAAATTAGCTGTGCATGGTGGCGTGTGCCTGTAGTCCCAGCTACTCGGGAGGCTGAGGCAGGAGAATTGCTTGAACCCGGCAGGCGGAGGTTGCAGTGAGCCGAGATCGTGCTCTTCATCCTGGGCTACAGGGTGAGACTCGGTCTCAAAAAAA","GGCCAGGCGCAGTGGCTCATGCCTGTAATCCCAGCACTTTGCAAAGCCGAGGCGGGTGGATCACGAGGTCAGGAGTTTGAGACCAGCCTGGCCAACATAGTGAAACCCCGTCTCTACTAAAAATACAAAAAATTAGCTGGGCGTGGTGGCAGGTGCCTATAGTCCCAGCTACTCGGGAGGCTAAGGCAGAAGAATTGCTTGAACCTGGGAGGTGGAGGTTGCAGTGAGCCGAGATTGAGCACTCCAGCCTGGGCAACAGAGCGAGACTCCGTCTAAAAAAAAAA"
"chr1","9951488","9951582","chr13","24059413","24059502","15","14107925","GGCAGAGGTCACCGTGAGCTGCGATTGTGCCACTGCACTCCAGCCTGGGTGACAGAGTGAGACTCTGTCTTAAGAAAAAAAACAAAAAAAAAGAA","GGCAGAGATTACAGTGAGCTGAGATCTGCTACTGCACTCCAGCCTGGGCGACAGAGTGAGACCCTGACTCAAAAAAAAAAAAAAAAAAAA"
"chr1","9982382","9982676","chr1","10104013","10104308","2","121631","GACTGGGTGTGGTGGCTCACACCTGTAATCCCAGCACTTTGGGAGGCCTAAGTGGGTGGATCACGTGAGGTCAAGAGTTCAAGACCAGCCTGGCCAATATGGTGAAACCCCATCTCTACTAAGAATACAAAAAATTAGCTGAGCATGGTGGTGGGCTCCTGTAGTCCCAGCTACTTGGGAGGCTGAGGCAGGAGAATCGCTTGAACCTGGGAGGCAGAGGTTGCAGTAAGCCAAGATCGTGCCATTGCACTCCAGCCTGGGTGACAGAGCGAGACTCCATCTCAAAAAAAAAAAA","GACCGGGTGTGGTGGCTCACACCTGTAATCCCAGCACTTTGGGAGGCCTAAGTGGGTGGATCACGTGAGGTCAAGAGTTCAAGACCAGCCTGGCCAATATGGTGAAACCCCATCTCTACTAAGAATACAAAAAATTAGCTGAGCATGGTGGTGGGCTCCTGTAGTCCCAGCTACTTGGGAGGCTGAGGCAGGAGAATCGCTTGAACCTGGGAGGCAGAGGTTGCAGTAAGCCAAGATCGTGCCATTGCACTCCAGCCTGGGTGACAGAGCGAGACTCCATCTCAAAAAAAAAAAAA"
"chr1","9994217","9994306","chr3","181238196","181238292","24","171243979","AATCACTTGAACCTGGGAGGCGGAGGTTGCAGTGAGCCAAGATGGAACCACTGCCCTCCAGCCCGGGGCGATAGAGTGAGACTCCCTCTC","GAGAACTCTGGAACCCGGGAGGCAGAGGCTGCAGTGAGCCGAGATCATGCCACTGCCCTCCAGCCTGGGCGATAGAGCAAGACTCCATCTCAAAAAA"
"chr1","10004753","10004797","chr6","73848264","73848305","14","63843511","AAAAAACAGCTGGGCATAGTGGTACATGCCTGTAGTCTCAGCTGC","AAAATAAGCCAGGTGGGGTGGTGTGCATCTGTAGTCCCAGCT"
"chr1","10018002","10018105","chr3","181238196","181238292","26","171220194","GGGGAATCACCTGAACGCAGGAGGTGGAGGTTGCAGCGAGCCGAGATGGTGCCACTGCACTCCAGCCTGGGCAACAGACAGAGACTCTGTCTCAAAAAAAAAAA","GAGAACTCTGGAACCCGGGAGGCAGAGGCTGCAGTGAGCCGAGATCATGCCACTGCCCTCCAGCCTGGGCGATAGAGCAAGACTCCATCTCAAAAAA"
"chr1","10084307","10084622","chr9","35332164","35332473","48","25247857","GGCCGGGTACAGTGGCTCATGCCTGTAATCCTAACACTTTGGGAGGCTGAGGCAGGGGGATCGCTAGGCCCCAGGAGTCTGAGACCAGCATCACCAACATGGTGAAACCCTGTCTCAACTAAAAATACAAAAAAAAAATTAGCCAGGAATGGTGGCGGGCGCTTGTAATCCCAGCTACTCGGGAGGCTTAGGCAGTAGAATTGCTTGAACCTGGGAGGTGGAGGCTACAGTGAGCCAAGATCGCGCCACTGCACTCCAGCCTGGGGGACTGAGCAAGACGACATCTCAAAAAAAAAAAAAAAGAAAAGAAAAGAAA","GGCCGGGCATGGTGGCTCACCTGTAATCCCAGCGCTTTGGGAGGCTGAGGCAGGTGGACCACAAGGTCAGGAGTTTGAGACCAGCCTGACCAACATGGTGAAACCCCATCTCTACTAAAAATACAAAAAATTAGCCAGGCATGGTGGCAGGCGCCCTGTAATCCCAGCTACTTGGGAGGCTGAGGCAGGAGAATTGCTTGAACCTGGGAGGTGGAGGTTGGAGTGAGCCAAGATCGCGCCACTGCACTCCAGCCCAGGCGACGACGTGAGACTCTGTCTCAAAAAAAGAAAAAAAAAAAAAGAAAAGAAA"
"chr1","10133408","10133530","chr7","112797358","112797487","27","102663950","TCCCAGCTACTTGGGAGGCTAAGGTGGGAGGATTGCTTGAGCCTGGGAGGCGGAGGTTGCAGCCGAGATCACAGCCCTTCACTCCAGCCTGGGCAACAGAGTGAGACCCCATCTCAAAAAAAA","TAGTCCCAGCCACTCAGGAGGCTGAGGCGGGAGAATCACTTGAACTTGGGAGGCAGAGGTTGCAGTGAGCTGAGATCGCGCCACTGCACTCCAGCCTGGGTGACAAAGTGAGACTCCATCTCAAAAAAAA"
"chr1","10143132","10143439","chr1","10268700","10269008","1","125568","GGCCGGACGCGGTGGCTCATGCCTGTAATCCCAGCACTTTGGGAGGCTGGGGCAGGCAAACCACAAGGTCAGGAGTTTGAGACCAGCCTGCTCAACATAGTGAAACCTCATCTCTACTAAAAATACAAAAAATTAGCTGGGCATGATGGTGAGCACCTGTAATCCCAGCTACTTGGGAGGTTGAGGCAGGAGAATCACTTGAACCCAGGAGGCGGAGGTTGCAGTGAGCTGAGATTGCAGCACTGCATTCCAGCCTGGTGACAGAGCGAGACTCTGTCTTAAAAAAAAAAAAAAGAAAGAAAGAAAAA","GGCCGGACGCGGTGGCTCATGCCTGTAATCCCAGCACTTTGGGAGGCTGGGGCAGGCAAACCACAAGGTCAGGAGTTTGAGACCAGCCTGCTCAACATAGTGAAACCTCATCTCTACTAAAAATACAAAAAATTAGCTGGGCATGATGGTGAGCACCTGTAATCCCAGCTACTTGGGAGGTTGAGGCAGGAGAATCACTTGAACCCAGGAGGCGGAGGTTGCAGTGAGCTGAGATTGCAGCACTGCATTCCAGCCTGGTGACAGAGCGAGACTCTGTCTTAAAAAAAAAAAAAAAGAAAGAAAGAAAAA"
"chr1","10149597","10149873","chr1","10276237","10276512","1","126640","CCGGGTGCGGTGGCTCATGCCTGTAATCCCAGCACTTTGGGAGGCCAAGGCGGGCGGATCACAAGGTCAGGAGTTCAAAACCAGCCTGGCCAGTATGGTGAAACCCCATCTCTACTAAAAATACAAAAAAAAAATTAGCCGGGCGTGGTTGCAGGTGCCTGTAGTCCCAGGGCGGTTGAGGGAGGAGAATTGCTTGAACCTGGGAGGCAGAGGTTGCAGTGAGCTGAGATCCCGCCACTGTATTCCAGCCTGGGCAAGAGAACAAGACTCCATCTCA","CCGGGTGCGGTGGCTCATGCCTGTAATCCCAGCACTTTGGGAGGCCAAGGCGGGCGGATCACAAGGTCAGGAGTTCAAAACCAGCCTGGCCAGTATGGTGAAACCCCATCTCTACTAAAAATACAAAAAAAAATTAGCCGGGCGTGGTTGCAGGTGCCTGTAGTCCCAGGGCGGTTGAGGGAGGAGAATTGCTTGAACCTGGGAGGCAGAGGTTGCAGTGAGCTGAGATCCCGCCACTGTATTCCAGCCTGGGCAAGAGAACAAGACTCCATCTCA"
"chr1","10168683","10168966","chr7","158560178","158560463","39","148391495","CGTGGTGGCTCACGCCTGTAATCCCAACACTTTGGGAGGTCGAGGCGGGCAGATCAAGAGGTCAGGAGTTTGAGACCAGCCTGGCCAACACGGTGAAACCCCATCTCTACTAAAGATACAAAAAATTACCTCAGTGTGGTGGTGCACGCCTGTAATCACAGCTACTCGGGAGGCTGAGGCAGGAGAATCGCTTGAACCCAGGAGGCGGAGGTTTCAGTGAGCCGAGATTGTGCCACTGCATTCCAGCCTGGGCAACAGGGTGAGACTGTCTCAAAATAAATAAA","GGCCGGGTGTGGTGACTCACGCCTATAATCCCAGCACTTTGGGAGGCCAAGGCGGGTGGATCACGAGGTCAGGAGTTTGAGACCAGCCTGGCCAACATGGTGAAACCCCATCTCTACTAAAGATACAAAAAATTAGCTGGGTGTGATGCACGCCTGTAATCCCAGCTACTAGGGAGGCTGGGGCAGGAGAATCGCTAGAACCCGGGAGGCAGAGGTTGCAGTCAGCCGAGATAGCGCCACTGCACTCCAGCCTGGGCGATAGGGTGAGACTCTCTCCAAAAAAAAA"
"chr1","10179051","10179344","chr1","10307692","10307984","1","128641","GGCCGGGCCCGGTGGCTCACGCCTGTAATCCCAGCACTTTGGGAGGCTGAGGCGGGTGGATCACCTGACGTCAGGAATTCGAGACCAGCCTGGCCAGCATGGTGAAACCCCCATCTCTACTAAAAATACAAAAAATTAGCCGGGCATAGTGGCAGCGCCTGTAGTCCCAGCTACTCGGGAGGCTGAGACAGGAGAATTGCTTGAACCTGGGAGGTGGAGGTTGCAGTGAGCCGAGATGACGTCATCACACTCCAGCCTGGGTGACAGCGAGACTCCGTCTCAAAAAAGAAAAAA","GGCCGGGCCCGGTGGCTCACGCCTGTAATCCCAGCACTTTGGGAGGCTGAGGCGGGTGGATCACCTGACGTCAGGAATTCGAGACCAGCCTGGCCAGCATGGTGAAACCCCATCTCTACTAAAAATACAAAAAATTAGCCGGGCATAGTGGCAGCGCCTGTAGTCCCAGCTACTCGGGAGGCTGAGACAGGAGAATTGCTTGAACCTGGGAGGTGGAGGTTGCAGTGAGCCGAGATGACGTCATCACACTCCAGCCTGGGTGACAGCGAGACTCCGTCTCAAAAAAGAAAAAA"
"chr1","10192460","10192554","chr14","100673591","100673682","23","90481131","TGAACCTGGGAGGTGGAAGTTGCAGTGAGCAGAGATTGCGCCACTGCACTCCAGCTTGGGCGACAGAGCCAGACACAGTCTCAAAGAAAAAAAAA","CCTGGGAGGCAGAGGTTGCAGTGAGCCAAGATCACACCACCGCACTCCAGCCTGAGCAACAGAGAGAGACTCCATCTCAAAAAAAAAAAAAA"
"chr1","10244278","10244372","chr10","132095650","132095743","14","121851372","GGCCAGGCACGGTGGCTCACTCCTTTAATCCCAACACTTTGAGAGGTCGAGGCAGGTGGATCAGGAGGTCACGAGTTCAAGATCAGCCTGGCCAA","GGCCAGGCACGGTGGCTCACACCTGTAATCCCAGTACTTTGGGAGGCCAAGGGAGGCGGATCACTAGGTCAGGAGTTCAAGACCAGCCTGGCCA"
"chr1","10256008","10256277","chr1","10388537","10388842","36","132529","GGCCGGGTATGGTGGCTCACACCTGTAATCCCAGCACTGTGGGAGGCCAAGGCAGACAGATCAAGAGGTCAGGAGTTTGGGACCAGCCTGGCCAGCATGGTGAAACCCAGTCTCTACTAAAAATATAAAAAAATTGGCTGTGCTTGGTGGCATGCGCCTGTGGTCCCAGCTGCTCAGGAGGCTGAGGCAGGAGAATCGCTTGAACCCAGGAGGTGGAGGTTGCAGTGAGCCAAGATCGTGCCATTGCACTCCAGCATGGGTGACAGAGCG","GGCCGGGTATGGTGGCTCACACCTGTAATCCCAGCACTGTGGGAGGCCAAGGCAGACAGATCAAGAGGTCAGGAGTTTGGGACCAGCCTGGCCAGCATGGTGAAACCCAGTCTCTACTAAAAATATAAAAAAATTGGCTGTGCTTGGTGGCATGCGCCTGTGGTCCCAGCTGCTCAGGAGGCTGAGGCAGGAGAATCGCTTGAACCCAGGAGGTGGAGGTTGCAGTGAGCCAAGATCGTGCCATTGCACTCCAGCATGGGTGACAGAGCGAGACTCTGTCTCAAAAAAAAAAAAAAAAAAAAAAAA"
"chr1","10257360","10257672","chr1","10389956","10390268","2","132596","GGCCGGGCACGGTGGCTCACGCCTGTACTCCCAGCACCATGGGAGGCTGAGGCGGGTGGATCACAAGGTCAGGAATTTGAGACCAGCCTGGTCAACATGGTGAAACCCCGTCTCTACTAAAAATACAAAAAAAATTAGCTGGGCGTGGTGGTGGGTGCCTGTAAGCTCAGCTACTCGGGAGGCTGAGGTGGGAGAATCGTTTGAACCCAGGAGGTGGAGGTTGCAGTGAGCCAAGATTGCACCATTGCATTCCAGCCTGGGTGACAGAGCGAGACTCTGTCTCAAAAAAAAAAAAAAAAAAAAAGGAAAGAAA","GGCCGGGCACGGTGGCTCACGCCTGTACTCCCAGCACCATGGGAGGCTGAGGCGGGTGGATCACAAGGTCAGGAGTTTGAGACCAGCCTGGTCAACATGGTGAAACCCCGTCTCTACTAAAAATACAAAAAAAATTAGCTGGGCGTGGTGGTGGGCGCCTGTAAGCTCAGCTACTCGGGAGGCTGAGGTGGGAGAATCGTTTGAACCCAGGAGGTGGAGGTTGCAGTGAGCCAAGATTGCACCATTGCATTCCAGCCTGGGTGACAGAGCGAGACTCTGTCTCAAAAAAAAAAAAAAAAAAAAAGGAAAGAAA"
"chr1","10304147","10304438","chr1","10437111","10437404","2","132964","GGCCAGGCACACTGGCTCACATCTATAATCCCAGCACTTTGGGAGGCCGAGGTGGGCGGATCACGAGGTAAGGAGTTCGAGACCAGCCTGGCCAACATAGTGAAACCCTGTCTCTACTAAAAATACAAAAAATTAGCCAGGCACGGTGGCGTGCACCTGTAGTCCCAGCTACTTGGGAGGCTGAGGCAGGAGAATTGCTTGAACCTGGGAGGCAGAGGTTGTGGTGAGCCGAGATCGCATCACTGCACTCCAACCTGGGTGACAGAGCGAGACTCCACCTCAAAAAAAAAAA","GGCCAGGCACACTGGCTCACATCTATAATCCCAGCACTTTGGGAGGCCGAGGTGGGCGGATCACGAGGTAAGGAGTTCGAGACCAGCCTGGCCAACATAGTGAAACCCTGTCTCTACTAAAAATACAAAAAATTAGCCAGGCACGGTGGCGTGCACCTGTAGTCCCAGCTACTTGGGAGGCTGAGGCAGGAGAATTGCTTGAACCTGGGAGGCAGAGGTTGTGGTGAGCCGAGATCGCATCACTGCACTCCAACCTGGGTGACAGAGCGAGACTCCACCTCAAAAAAAAAAAAA"
"chr1","10344636","10344764","chr8","26723415","26723536","26","16378779","CTCTGGAGGCTGAGGCAGGAGAATCACTTGAACCCGGCATGAGGAGGTTGCAGTGAGCCAAGATCATGCCACCCTACTCCAGCCTGGGTGACAAAAGCAAGACTCTGTCTCAAAAAAAAAAAACAAAAA","GAGGCTGAGCCAGGAGAATCCCTTGAACCCGGGACGCGGAGGTTGCAGTCACCTGAGATCATTCCACTGCACTCCAGCCTGCGGGACAGAGCGAGACTCCTTCTCAAAAAAAAAAAAAAAAA"
"chr1","10381796","10382091","chr1","10517273","10517568","1","135477","GGCTGGGCGTGGTGGCTCACACCTGTAATGCCAGCACTTTGGGAGGCTAAGGCGGTAGCTCTCCAGACCACCCAGGGCAACATGGTAAAACCCCGTCTCCACTAAAAATACAAAAAAATTAACCGGGTGTGGTGGGGCACACCTCTAGTCCCAGCTACTTGGGAGGCTGAGGCAGGAGAATCACTTGAGCCCCAGAGGCAAAGGTTTCAGTAAGCCGAGATCGTGCCACTGCACTCTAGCTTGGGCTACAGAGTGAGACTCCATCTCACACACACACACAAAAGAAATGAAAACAA","GGCTGGGCGTGGTGGCTCACACCTGTAATGCCAGCACTTTGGGAGGATAAGGCGGTAGCTCTCCAGACCACCCAGGGCAACATGGTAAAACCCCGTCTCCACTAAAAATACAAAAAAATTAACCGGGTGTGGTGGGGCACACCTCTAGTCCCAGCTACTTGGGAGGCTGAGGCAGGAGAATCACTTGAGCCCCAGAGGCAAAGGTTTCAGTAAGCCGAGATCGTGCCACTGCACTCTAGCTTGGGCTACAGAGTGAGACTCCATCTCACACACACACACAAAAGAAATGAAAACAA"
"chr1","10390641","10390902","chr4","141001385","141001652","47","130610744","GGCCAAGTGTGGTGGTTCATGGCTGTAATCCCTGCACTTTGGGAGGCCAAGGCGGGCAGATCGCCTAAGGTCAGGAGTTCGAGACCACCCAAGGTAACATGGTGAAACCCTGTCTCTACTAAAAGGCAAAAAATTAGCCAGGCATGGTGGCATGTGCCTGTAGTCCCAGCTACTCAGGAGGCTGACGCACAAGAATTGCTTGAGCCCAGGAGACGGGGGGTGCAGTGAGCTAAGATCTCACCACTGCACTCCTGCCTGGGCG","GGCCGGGTGTGGTGGCTCATGCCTGTAATCCTAGCACTTTGGGAGGCCAAGGTGGGCAGACTGACTGAGCTCAGGAGTTTGAGACCAGCCTGGGCAACACGGTGAAACCCCGTCTCTACTAAAATACAAAAAAATTAGCCAGGCGTGGTGGCGTGTACCTGTAGTCCCAGCTACTTGGGAGGCTGAGGCAGGAGAATTGCTTGAACCCAAGAGGCGGAGGTTGCAGTGAGCTGAGATCATGCCACTGCACTCCAGCCAGGTCGACAAA"
"chr1","10406994","10407298","chr14","63609578","63609871","38","53202584","GGCCAGGCGCGGTGGCTCACGCCTGTCATCCCAGCACTTTGGAAGGCTGAGGTGGGTGGATCACGAGGTCAGGAGTTCAAGACCAGTCTAGCCAACATGGTGAAACCCCATCTCTACTAAAAATACAAAAAAAAAAAATAAATACACGAGTATGTTGGCACACCTGTAGTCCCACGCTACTTAGGTAGGCTGGGGCGAGGAGAATCGCTTGAACCCACGGAGGCGGAGGTTGCAGTGAGCCAAGATCACGCCACTGTACTCCAGCCTGGGTGACAGAGCGAGACTCCGTCTCAAAAAACAAAAAA","GGCCAGGCGCAGTGGCTCAAGCCTGTAATCCTAGCACTTTGGGAGGCTGAGGTGGGTGGATTGCAAGGTCAGGAGTTCAAGACCAGCCTGGCCAACATGGTGAAACCCCATCTCTACTAAAAATACAAAAAAATTAGCCAGGCATGTTGGCACAAGCCTGTAATCCCAGCTACTTAGGAGGCTGAGGCAGGAGAATTGCTTGAACCCAGGAGGTGGAGGTTGCAGTGAGCCAAGATCACACCACTGCACTCCAGCCTGAGTGACAGAGCGAGACTCCATCTCAAAAAAATAAAA"
"chr1","10430868","10431005","chr2A","32693701","32693835","26","22262833","TCGGGAGGCTGAGGCAGGAGAATCGCTTGAACCCAGGAGGCAGAGGCTGCAGTGAGCCGAGATTGTGCCGCTGCACTCCAGCCTGGGTGACAGAGTGAGACTAAGTCTCAAAATAAAATAAAATAAAGTAGAATAAAA","CTACTTGGGAGGCTGAGGCAGGAGAGTTGCTTGAACTCAGGAGGCGGAGGTTGCAGTGAGCCAAGATCATGCCATTGCACTCCAGCCCAGGTGACAGTGTGAGACTCCGTCTCAAAAAAAAAAAAAAAAAAAAAA"
"chr1","10434054","10434343","chr1","10569450","10569733","16","135396","GGCCGGGTGCGGTGGCTCACGCTTGTAATCCCAGCACTTTGGGAGGCCAAGGCGGGCAGATCACGAGGTCAGGAGATCAAGACCAGCCTGGCCAACATGGTGAAACTCTGTCTCTACTAAAAATACAGAAAATTAGCTGGGCATGGTGGCCAGCGCCTGTAGTCCCAGGTACTTGGAGGCTGAGGCAGGAGAATCGCTTGAACCCGGGAGGCGGAGATTGCAGTGAGCCAAGATCACGCCACTGTACTCCAGCGTGGGTGACAGAGCGAGACTCCATCCAAAAACAAAAA","GTGGCTCACGCTTGTAATCCCAGCACTTTGGGAGGCCAAGGCGGGCAGATCACGAGGTCAGGAGATCAAGACCAGCCTGGCCAACATGGTGAAACTCTGTCTCTACTAAAAATACAGAAAATTAGCTGGGCATGGTGGCCAGCGCCTGTAGTCCCAGGTACTTGGAGGCTGAGGCAGGAGAATCGCTTGAACCCGGGAGGCGGAGATTGCAGTGAGCCAAGATCACGCCACTGTACTCCAGCGTGGGTGACAGAGCGAGACTCCATCCAAAAACAAAAAGAAAA"
"chr1","10450176","10450352","chr1","71500002","71500187","50","61049826","CAGCCTGACCAACATGATCGAAACCCCGTCTCCACTAAAAATACAAAATTAAGCGTGGTGGCCCGTGCCTGTAGTCTCAACTACTCAGGAGGCTGAGGCAGGAGAATCTCTTGAACCCGGGAGGCGGAGGTTGCACTGAGCCAAGATTGTGCTATTNNNNNNNNNNNNNNNNNNNNC","CCCGCCTGGCCAACATGGTGAAACCCAGTCTCTGCTAAAGATACAAAAAATTAGCCAGGCGTGGTGGTGTGTGCCTGTAATCCCAGCTACTCAGGAGGCTGAGGCAGGAGAATCTCTTGAACTCGGGAGGCAGAGGTTGCAGTGAGCCGAGATAGTGCCATTGCACTCCAGCCTGGGTGACAGGGC"
"chr1","10451140","10451178","chr12","8241499","8241528","14","2209641","TACAAAATTAAAAAAAAAAGAAAAAAGAAAAAGAAAAAA","AATAAGTTAAAAATTAAAAAAAAAAAAAAA"
"chr1","10546605","10546926","chr1","10688139","10688457","10","141534","GGCCAGGCGCCGTGGCTCATGCCTGTAATCCCAGCACTTTGGGAGGCCAAGGTCAGTGGATCGCAAGGTCAGGAGTTCGAGACCAGCCTGACCAACATGGTGAAAACCCCGCCTACTACCAAAAAAAAAAAAAAAAAAAATTAAGCCAGGCATGGTGGTGTGCACCTGTAATCCCAGCTACTCAGGAGGCTGAGGCAGGAGAATTGCTTGAACCCGGGAGATGGAGGTTGCAGTGAGCCGAGATCATGCCATTGCACTCCACCCTGGGCGACAGAGAGAGACTCTAGTACTCTAAAAAAAAAAAAAGAAAGAAAAGAAAAAA","GGCCAGGCGCCGTGGCTCATGCCTGTAATCCCAGCACTTTGGGAGGCCAAGGTCAGTGGATCGCAAGGTCAGGAGTTCGAGACCAGCCTGACCAACATGGTGAAACCCCGCCTCTCCCAAAAAAAAAAAAAAAAAAAAAATTAGCCAGGCATGGTGGTGTGCACCTGTAATCCCAGCTACTCAGGAGGCTGAGGCAGGAGAATTGCTTGAACCCGGGAGATGGAGGTTGCAGTGAGCCGAGATCATGCCATTGCACTCCACCCTGGGCGACAGAGAGAGACTCTGTCTCTAAAAAAAAAAAAAAGAAAGAAAGAAAAAA"
"chr1","10808345","10808634","chr4","4451611","4451901","35","6356734","GGCCAGGCGCGGTGGCTCATGCCTGTAATCCCAGCACTTTGGGAGACTGAGGTGGGCGGATCACAAGGTCAGGAGTTCAAGACCAGCCAGGCCAGCATGGTGAAACCCCATCTCTATTAAAAACACAAAAAATTACCTGGGCATGGTGGTGTGCGCCTGTAGTCCCAGCTACTCGGGAGGCTGAGATGGGAGAACCGCTTGAACCCGGGAGGCGGAGGTTGCAGTGAGCTGAGATTATGCCACTGCACTCCAGCCTGGGCAACAGAATGACAGTCCGTCTCAAAAAAAAA","GGGCAGACGTGGTGGCTCATGCCTGTAATCCCAACACTTTGGGAGGCAGAGGCGGGTGGATCATGAGGTCAGGAGTTCGAGACCAGCCTGGCCAGCATGGTGAAACCCCGTCTCTACTAAAAATATAAAAAATTAGCTGGGCGTGGTGGTGAGTGCCTGTAATCCCAGCTACTCAGGAGGCTGAGGCAGGAGAATCGCTTGAACCCGGGAGGTGGAGGTTGCAGTGAGCCAAGATCGTGCCACTGCACTCCAGCCTGGGCAACAGAGTGAGACTCCGTCTCAAAAAAAGAA"
"chr1","10869519","10869813","chr1","11021036","11021332","2","151517","GGCTGGGCGCGGTGGCTCATGCCTGTAATCCCAGCACTTTGGGAGGCCCAGGCGGGTGGATTATTTGAGGTCAGGAGTTCTAGACCAGTCTGGCCAACATGGTGAAACCCCATCTCTACTAAAAATACAAAAAATTAGCCGGCGTCGTGGCACGCCCCTGTAGTCCCAGCTACTTGGGAGGCTGAGGTATGATAATCACTTGAAGGCAGGAGGCAGAGGTTGCAGTGATCCGAGATGGCGTCACTGCACTTCAGCCTGGACGACAGAGTGAGACTCCATCTCAAAAAAAAAAAAA","GGCTGGGCGCGGTGGCTCATGCCTGTAATCCCAGCACTTTGGGAGGCCCAGGCGGGTGGATTATTTGAGGTCAGGAGTTCTAGACCAGTCTGGCCAACATGGTGAAACCCCATCTCTACTAAAAATACAAAAAATTAGCCGGCGTCGTGGCACGCCCCTGTAGTCCCAGCTACTTGGGAGGCTGAGGTATGATAATCACTTGAAGGCAGGAGGCAGAGGTTGCAGTGATCCGAGATGGCGTCACTGCACTTCAGCCTGGACGACAGAGTGAGACTCCATCTCAAAAAAAAAAAAAAA"
"chr1","10988798","10989042","chr1","11140331","11140574","3","151533","GCAGGGCGCTGTGGCTCATGACCTGTAATCCCAGCACTTTGAGAGGCCGAGGTGGGCAGATTGCAGTTGGAGACCAGCCTGGACAACATAAGGAGACCTGTCTCTACAAAAATTAGCCAGGTGTGGTGGCATGCACCTGTAGTTCCAGCTACTCAGGAGGCTGTGGTGCCAAGAGGTAGAGGTTGTAGTGAGCCAAGACTGCACTATTGCACTCCAGCCTGGGCAACAGAGTGAGACCCCATCTC","GCAGGATGCTGTGGCTCATGCCTGTAATCCCAGCACTTTGAGAGGCCGAGGTGGGCAGATTGCAGTTGGAGACCAGCCTGGACAACATAAGGAGACCTGTCTCTACAAAAATTAGCCAGGTGTGGTGGCATGCACCTGTAGTTCCAGCTACTCAGGAGGCTGTGGTGCCAAGAGGTAGAGGTTGTAGTGAGCCAAGACTGCACTATTGCACTCCAGCCTGGGCAACAGAGTGAGACCCCATCTC"
"chr1","10995224","10995376","chr1","11144142","11144294","0","148918","AAGGATTAGCCGGGCGGTAGTGGCGCGCGCCTGTAGTCCCATCTACTCGGGAGCCTGAAGCAGGAGAATTGCTTGAACGCGGTAGGCGGAGGTTGCGGTGAGCCGAGATCGCGCCACTTCACTCCAGTCTAGGCGACAGAGTGAGACCCTGTC","AAGGATTAGCCGGGCGGTAGTGGCGCGCGCCTGTAGTCCCATCTACTCGGGAGCCTGAAGCAGGAGAATTGCTTGAACGCGGTAGGCGGAGGTTGCGGTGAGCCGAGATCGCGCCACTTCACTCCAGTCTAGGCGACAGAGTGAGACCCTGTC"
"chr1","11017156","11017463","chr1","11165753","11166057","6","148597","GGCTGGGCGCTGTGGCTCATGCCTGTACTACTAGCGCTTTGGGAGGCCGAGGCAGATGGATTGCCTGAGCTCAGGAGTTCAAGACCAGCTTGGGCAGCATGGTGAAACACCATCTCTACTAAAATACAAAAAATTAGCCAGGTGTGGTGGTGTGTGCCTGTAGTCTCAGCTACTCAGGAAGCTGAGGCAGGAGAATTTCTTGAACTCAGGAGGCAGAGGTTGCAGTGAGCCAAGATTGCACCACCACACTCCAGCCTGGGCAACTGAGTGAGACTCCGTCTCCAAAAAGAAAAAAAAGAAAAAAATAA","GGCTGGGCGCTGTGGCTCATGCCTGTACTACTAGCGCTTTGGGAGGCCGAGGCAGATGGATTGCCTGAGCTCAGGAGTTCAAGACCAGCTTGGGCAGCACGGTGAAACACCATCTCTACTAAAATACAAAAAATTAGCCAGGTGTGGTGGTGTGTGCCTGTAGTCTCAGCTACTCAGGAAGCTGAGGCAGGAGAATTGCTTGAACTCAGGAGGCAGAGGTTGCAGTGAGCCAAGATTGCACCACCACACTCCAGCCTGGGCAACAGAGTGAGACTCCGTCTCCAAAAAGAAAAAAAAGAAAAAAA"
"chr1","11083112","11083221","chr17","1672879","1672986","21","9410233","GCTGGGCGCAGTGGCTCACACCTGTAATCCTAGCACTTCAGGGGTGGTCACGACTTCGAGACCAGCCCGGCCAACATGGTGAAACCCCATCTCTACTAAAAATACAAAAA","GGCCGACACAGTGGCTCACGCCTGTAATCTCAGCACTCTGGGAGGCCAGGAGTTGGAGACCAGACTGGCTGACATGGTGAAACCCCATCTCTACTAAGAATACAAAAA"
"chr1","11110653","11110945","chr1","11258735","11259033","7","148082","GCCGGGCGCGGTGGCTCACGCCTGTAATCCCAGCACTTTGGGAGGCCAAGGAGGGTGGATCACGAGGTCAGGAGTTCGAGACCAGTCTGGCCAACATAGTGAAACCCCGTCTCTACTAAAAATACAAAAAATTAGCCGGGTGTGGTGGTGTGCACCTGTAATCCCAGCTACTCGGGAGGCTGACGCAGGAGAATCGCGTGAACCCAGGAGGTGGAGGTTGCAGTGAGCTGAGATAGTGACACTGCACTCCAGCCTGGGCAACAGAACGAGACTCCATCTAAAAAAAAAAAAAA","GCCGGGCGCGGTGGCTCACGCCTGTAATCCCAGCACTTTGGGAGGCCAAGGAGGGTGGATCACGAGGTCAGGAGTTCGAGACCAGTCTGGCCAACATAGTGAAACCCTGTCTCTACTAAAAATACAAAAAATTAGCCGGGTGTGGTGGTGTGCACCTGTAATCCCAGCTACTCGGGAGGCTGACGCAGGAGAATCGCGTGAACCCAGGAGGTGGAGGTTGCAGTGAGCTGAGATAGTGACACTGCACTCCAGCCTGGGCAACAGAACGAGACTCCATCTAAAAAAAAAAAAAAAAAAAA"
"chr1","11205840","11206140","chr1","12893068","12893370","55","1687228","GGCCAGGCGCAGTGGCTCATGCCTGTAATCCCAGCACTTTGGGAGGCCAAGGTAGGCAGATCACCCCGAGCTCAGAAGTTCAAGACCAGCCTGAGCAACATGGCAAAACCTTGTCTCTACCAAAAGTACAAAAAAATATATTAGCTGGGCATAGTGGCATGTGTCTGTAGTCCCAGTTACTTGGAAGGTTGAGGTGGGAGGATCACTTCAGCCTCAGAGGTGAGGTTACAGTGAGCTGAGATCATGTCACTGTGCTCCAGCCTGGGCAACAAAGTGAGACCCTGTTTAAAAAAAAAAAGAA","GGCCAGGCACAGTGGCTCATGCCTGTAATCCCAGCACTTTGGGAAGCCAAGGTCGGCACATCACTTGAGCTCAGGAGTTCAAGACCAGCCTGGCCAACATGGTGAAACCCCATCTCTACTAAAAGTACAAAAAATTAGCTGGGCATGGTGGCATGCACTTGTAGTCCCAGCTACTTGGGAGGCTGAGGCAGGAGAATCGCTTGAGCCTGGGAGGTGAAGGTTGCAGTGAACCGAGATCATGCCACTGCACTCTAGCCTGGGCAACAGAGCGAGACTCTGTCTCAAAAAAAAAAAAAGTAAAAA"
"chr1","11252532","11252662","chr1","6844228","6844361","23","4408304","TACTCGAGAGGCTGAGGCAAGAGAATCGCTTAAACCTGGGAGGCAGAGGTTGCAGTGAGGTGAGATGGCTCCCCTGCACTCCAGCCTGGGTGACAGAGTAAGAGTCTGTCTCACAAAAAAAAAAAAAAAAA","CAGCTACTCGGTAGGCTGAGGCAAAAGAACAGCTTGAACCCAGGAGGCAGAGGTTGCAGTGAGCCAAGATGGCGCCACTGCACTCCAGCCTGGGAGATAGAGCAAGATTCCGTCTCCAAAAAAAAAAAAAAAAA"
"chr1","11261838","11262138","chr1","178709323","178709622","36","167447485","GGCCGGGCATGGTGGCTCACGCCTGTAATCCCAGCACTTTGGGAGGGCAAGGCAGGCAGGGTCATGAGGTCAGGAGTTCGAGACCAGCCTGGCCAACATGGTGAAACCTTGTCTCTACTAAAAATACAAAATTAGCCAGGCGTGGTGGCACATGCCTGTAGTCCCAGCTACTCGGGGAGCTGAGGCAGAAGAATCGCTTGAAGCCGGGAGACAGAGGTTGCAGTGAGCCGAGATGGTGCCACTGCACCCTTGCCTGGGCAACAGAGCGAGACTCTGTCTCAAAAAAATAAAAAATTAAAAA","GGCCGGGTGTGGTGGCTCACACCTGTAATCCCAGCACTTTGGGAAGCCAAGGCGGGCAGATCACTTGAGGTCAGGAATTCGAGACCAGCCTGGCCAACATGGCGAAACCCTGTCTCTACTAAAAATACAAAAAATTAGCCAGGCGTGGTGGCACGTGCCTGTAGTCCCAGCTACTCAGGAGGCTGAGGCAGGAGAATCGCTTGAAGCCAGGAGGCAAAGGTTGCAGTGAGCCGAGATCACTCCACTGCACTCTAGCCTGGGCAACAGAGTGAGACCCTGTCTCAAAAAAATAAAGTAAAA"
"chr1","11265667","11265962","chr1","11416087","11416385","3","150420","GCCGGGCATGGCAGTTCACGCCTATAATCCCAGAACTTTGGGAGGCCAAGGAGGGCAGATCACGAGGTCAGGAGTTTGAGACTAGTCTGCCCAACATAGTGAAACCTCATCTCTACTAAAAATACAAAAAATTAGCTGAGTGTGGTGGTGTGCACCTGTAATCCCAGCTACTCGGGAAGCTGAGGCAGGAGAATCACATGAACCTAGGAAGCAGAGGTTGCAGTGAGCCGAGATCACGCCATTGCGCTCCCGTGTGGGCCACAGCGCGAGCCTCTGTCTCAAAAAAAAAAAAAGAA","GGCCGGGCATGGCAGTTCACGCCTATAATCCCAGAACTTTGGGAGGCCAAGGAGGGCAGATCACGAGGTCAGGAGTTTGAGACTAGTCTGCCCAACATAGTGAAACCTCATCTCTACTAAAAATACAAAAAATTAGCTGAGTGTGGTGGTGTGCACCTGTAATCCCAGCTACTCGGGAAGCTGAGGCAGGAGAATCACATGAACCTAGGAAGCAGAGGTTGCAGTGAGCCGAGATCACGCCATTGCGCTCCCGTGTGGGCCACAGCGCGAGCCTCTGTCTCAAAAAAAAAAAAAAAGAA"
"chr1","11276259","11276529","chr1","11426996","11427266","0","150737","GCCAGGTGCGGTGGCTCACGCCTGTAATCCCAGCACTTTGGGAGGCCAAGGCGGGTGAATCTCAAGGTCAGGAGTTCGAGACCAGCCTGGCCAACATGGTGAAACCCCTTCTCTACTAAAAATACAAAAAATTAGCTGGGCATAGTGGCGGGTGCCTGTAATGCCAGCTACTCAGGAGGCTAAGGTGGGAGAATCACTTGAACCCAGGAGGCAGAGGTTGCAGTGAGCCGAGATTGCGCCACTGCACTCTAGCCCGTGCGACAGAGTGAGA","GCCAGGTGCGGTGGCTCACGCCTGTAATCCCAGCACTTTGGGAGGCCAAGGCGGGTGAATCTCAAGGTCAGGAGTTCGAGACCAGCCTGGCCAACATGGTGAAACCCCTTCTCTACTAAAAATACAAAAAATTAGCTGGGCATAGTGGCGGGTGCCTGTAATGCCAGCTACTCAGGAGGCTAAGGTGGGAGAATCACTTGAACCCAGGAGGCAGAGGTTGCAGTGAGCCGAGATTGCGCCACTGCACTCTAGCCCGTGCGACAGAGTGAGA"
"chr1","11333538","11333817","chr10","66104344","66104619","39","54770806","TTTGGGAGGCCGAGGCAGGCAGATCACGAGGTCAGGAGTTCGAGACCAGCCTGGCCAACATGGTGAAACCCCATCTCTACTAAAAATATAAAAAATTAGCCAGGTGTGTTGGTGCGTGCCTGTAATCCCAGCTACTCAGGAGGCTGAGGCAGGAGAATCACTTGAACCCAGGTGGCGGAGGTTGCAGTGAGCCAAGATCACACCACTGTACTCCAGCCTGGGCAACAGAGTGAGACTCTGTCTCTAAATAAATAAATAAATAAATAAATAAATAAATAAA","GCACTTTGGGAGGCCGAGGCGGGCAGATCACAAGGTCAGGGGTTCGAGACTAGCCTGGCCAAAATAGTGAAACCCCATCTCTACTAAAAATACAAAAAATTAGCCGGGCGTGGTGGCGAGTGCCTGTAATCCCAGCTGCTCGGGAGGCTGAGGTAGGAGAATCACTTGAACCCGGGAGGCGGAGGTTGCAGTAAGCCGAGATCACACCATTGCACTCCAGCCCGGGTGACAGTGTGAGACTCCGTCTCAAAAAAAAAAAAAAAAAAAAAAAAGAAA"
"chr1","11409275","11409543","chr1","11567788","11568058","4","158513","GGCTGGGTGCGGTCGCTCACGCCTGTAATGCCAGCATTTTGGGAGGGCGAGGCTGGTTTGGATCACCTGTGGTCAGGAGTTTAAGGCCAGCCTGGCCAACATAGTGAAACTCTGTCTTTACTAAAAACACAAAAAATTAACTGGGCATGGTGGTGCGCACCTGTAGTCCCAGCTACTCTGGAGGCTGAGGCAGGAGAATCTCTCGAGCTGAGATCACACCACTGCACTCCAACCTGGGTGAAAGAACAAGACTCTGTCTCAAAAAAAAA","GGCTGGGTGTGGTCGCTCACGCCTGTAATGCCAGCATTTTGGGAGGGCGAGGCTGGTTTGGATCACCTGTGGTCAGGAGTTTAAGGCCAGCCCGGCCAACATAGTGAAACTCTGTCTTTACTAAAAACACAAAAAATTAACTGGGCATGGTGGTGCGCACCTGTAGTCCCAGCTACTCTGGAGGCTGAGGCAGGAGAATCTCTCGAGCTGAGATCACACCACTGCACTCCAACCTGGGTGAAAGAACAAGACTCTGTCTCAAAAAAAAAAA"
"chr1","11581999","11582297","chr1","11746688","11746989","11","164689","GCCAGGCACAGTGGCTCATGCCTGTAATCCTAGCACTTCGGGAGGCCAAGGCGGGCGGATTACCTGAGGTCAGGAGTTCGAGCCCAGCCTGGCCAAAATGGTGAAACCCCATCTCTACTAAAAATACAAAAAATTAGCCAGGCGTGGTGGCACGTGCCTATGGTCCCAGCTACTCAGCAGCCTGAGGCAGCAGAACCATTTGAACCTGGGAGGTGGAGGTTACAGTGAGCCAAGATGCACCACTGCATTACAGCCTGGGTGACACAATGAGACTCTGTCTCCAAAAAAATAAAATGAAA","GCCAGGCACAGTGGCTCATGCCTGTAATCCTAGCACTTTGGGAGGCCAAGGCGGGAGGATCACCTGAGGTCAGGAGTTTGAACCCAGCCTGGCCAAAATGGTGAAACCCCATCTCTACTAAAAATACAAAAAATTAGCCAGGCGTGGTGGCACGTGCCTATGGTCCCAGCTACTCAGCAGCCTGAGGCAGCAGAATCATTTGAACCTGGGAGGTGGAGGTTACAGTGAGCCAAGATGTACCACTGCATTACAGCCTGGGTGACACAATGAGACTCTGTCTCCAAAAAAAAAAAAAAATGAAA"
"chr1","11615504","11615652","chr1","11780192","11780341","1","164688","GTGGTGTGCGCCTATAGTCCCAGCTACTCAGGAGGCTGAGGCAGGAGAATTGCTTGAACCTGGGAGGCAGAGGTTGCAGTGAGCAGAGATAGCACCACTGCACTCCAGCCTGGGTGACAGAGCAAGACTCTGTCTAAAAGAAAAAAAAA","GTGGTGTGCGCCTATAGTCCCAGCTACTCAGGAGGCTGAGGCAGGAGAATTGCTTGAACCTGGGAGGCAGAGGTTGCAGTGAGCAGAGATAGCACCACTGCACTCCAGCCTGGGTGACAGAGCAAGACTCTGTCTAAAAGAAAAAAAAAA"
"chr1","11622001","11622112","chr2B","205936995","205937106","20","194314994","TGAGGCAGGAGAATCGCTTGAACCTGGGAGGCGGAGGTTTCAGTGAACTGAGATTGCGCCATTGCACTCCAGCCTGGACGACAGAGCGAGACTCCATCTCAAAAAAAAAAAA","AGGCAGGAGAATCACTTGAACACAGGAGGCAGAGGTTGCGGTAAGTGGAGATCGCTCCATTGCATTCCAGCCTGGGTGACAGAGCAAGACTCCATCTCAAAAAAAAAAAAAA"
"chr1","11645419","11645728","chr1","11810618","11810926","5","165199","GGCCGGGTGCGGTGGCTCAAGCCTGTAACCCCAGCCCTTTGGGAGGCCGAGGGGTGCGGATCACAAGGTCAGAAGTTCGAGACCAGCCTGGCCAACACAGTGAAACCCCATCTCTACTAAAAATACAAAAAAATTAGCCAGGCGTGGTGGTGTGCGCCTGTAATCTCAGCTACTCAGGAGGCTGAGGCAGGAGAATCTTGTGAACCTGGGAGGCGGAGGTTGTGGTGAGCTGAGATTGCACCACTGCACTCCAGCCTGGGTGACAGTGCAAGGCACCGTCTCAAAAAAGAAAAGAAAAGAAAAGAAAAAA","GGCCGGGTGCGGTGGCTCAAGCCTGTAACCCCAGCCCTTTGGGAGGCCGAGGGGTGCGGATCACAAGGTCAGAAGTTCGAGACCAGCCTGGCCAACACAGTGAAACCCCATCTCTACTAAAAATACAAAAAAATTAGCCAGGCGTGGTGGTGTGCGCCTGTAATCTCAGCTACTCAGGAGGCTGAGGCAGGAGAATCGTGTGAACCTGGGAGGCGGAGGTTGTGGTGAGCCGAGATTGCACCACTGCACTCCAGCCTGGGTGACAGTGCAAGGCACCGTCTCAAAAAAAGAAAAGAAAAGAAAAGAAAA"
"chr1","11689642","11689935","chr13","59414047","59414342","33","47724405","GGCTGGGTGCGGTGGCTCATGCCTGTAATCCCAGCACTTAGGGAGGCCGAGGTGGGCAGATCACGAGGTCAGGAGTTCGAGACCAGCCTGGCCAACATAGTGAAACCCCATCTCTACTAAAAATACAAAATTAGCTGAGCGTGGTGGCGCATGCCTAGTAGTCCCAGCTACTCGGGAGGCTGAGGCAGGAGAATCGCTTGAACTTGGGAGGCGGAGGCTGCAGCGTGTCAAGATCGCCCCACTGCACACCAGCCCGGGTGACAGTGTGAGACTTGTCTACAAAAAAAAAAAAGA","GGCTGGGTGCGGTGGCTCATGCCTGTAATCCCAGCACTTTGGGAGGCCGAGGCGGGCGGATCACGAGGTCAGGAGTTCGAGACCAGGCTGGCCAACATAGTGAAACCCCATCTCTACTAAAAATACAAAAAAAATTAGCTGGGTGCGGTGGCACACGCCTGTAGTCCCAGCTACTTGGGAGGCAGAGGCAGGAGAATTGCTTGAACCCAGGAGGCGGAGATTGCAGCGAGCCGAGATTGCGCCACTGCACACCAGCCCAGGCGACAGTGTGAGACTTCATCTCAAAAAAAAAAAAA"
"chr1","11696763","11696857","chr1","29198910","29199002","12","17502147","GGCCAGGGGGGTGGTTCATGCCTGTAATCCTAGCACTTTGGGAGGCCGAGGCAGGCAGATCATGAGGTCAGGAGTTTGAGACCAGCCTGGCCAAC","GCCAGGAGAGGTGGCTCACGCCTGTAATCCCAGCACTTTGGGAGGCCAAGGCAGGCAGCTCAAGAGGTCAGGAGTTTGAGACCAGCCTGGTCA"
"chr1","11751993","11752282","chrX","91040435","91040723","47","79288442","GGCCAGGCATGCTGGCTCATGCCTGTAATCCCAGCACTTCTGGAGGCCAAGGTGAGCAGATCACTTGAGTTCAGGAGTTCGAGACCAGCCTGGGCAACATGGTGGAACCCTGTCTCTATCAAAAATACAAAAAATTAGCTGTGCGTGGTGGCGCATGCTTATGGTCCCAGCTACTTCAGAGGCTGAGGTGGGAGGATTGCTTGAGCCAGGGAGGTGGAGGGTGCAGTGAGCAAGATGGTGCCACTGTACTTCAGCCTAGGTGACAGAGTGAGACCTCATCTCAAAAAAAA","GCGGGGTGCGGTGGCTCATGCCTGTAATCCCAGCACTTTGGGAGGCTGAGGTGGGCAGATCACAAGGTCAGGAGTTCAAGACCAGCCTGGCCAACATGGTGAAACCCTGTCTCTACTAAAAATACAAAAAATTAGCTTTGCGTGGTGGTGCACACCTGTAATCCCAGCTACTTAAGAGGCTGAGGCGGGAGAATCGCTTGAACCTGGGAGGTGGAGGTTGCAGTGAGTCAAGATCGTGCCATTGCACTCCAGCCTGGGTGACAGAGCAAGACCCCATGTCAAAAAAAAA"
"chr1","11772856","11772968","chr3","181238196","181238292","28","169465340","GGAGAATACGCTTGAACCCGGGAGACGGAGGTTGCAGTGAGCTGAGATCATGCCACTGCACTCCAGCCTGGGCGACAGCAAGACTCCATCTCAAAAAAAAAAAAAGATAGAAA","GAGAACTCTGGAACCCGGGAGGCAGAGGCTGCAGTGAGCCGAGATCATGCCACTGCCCTCCAGCCTGGGCGATAGAGCAAGACTCCATCTCAAAAAA"
"chr1","11810509","11810810","chr13","47677834","47678138","41","35867325","GCTGGACACGGTGGCTCACGCCTGCAATCTCAGCACTTTGGGAGGCCGAAGTGGGCGGATCACGAGGTCAGGAGTTCAAAACAAGCCCAGCCAAAATAGTGAAACTCCATCTCTACTAGAAATAACAAAAATTATCTGGGCATGGTGGTGCGCGCCTAAAGTCCCAGCTACTTGGGAGGCTGAGGCAGGAGAATCGCTTGAACCCAGGAGGTGGAGTTTGCAGTGAGCCGAGATCTTGCCACTCCACTCCAGCTTGGGCAACAGAGTGAGACTTTGCCAAAAAAAACACAAAAACAAAAAAA","GGCCAGTCACGGTGGCTCACGCCTGTAATCCCAGCACTTTGGGAGGCCAAAGTGGGCGGATCATGAGGTCAGGAGTTCGAGACCAGCCTGGCCAATATGGTGAAACCCCCGTCTCTACTAAAAATACAAAAAAAATTAGCCGGGCATGGTGGTGCGTGCCTGTAGTCCCAGCTACTCGGGAGGCTGAGGCAGAAGAATCGCTTGAACCCAGGAGGTGGAGGTTGCAGTGAGCCGAGATTGTGCCACTGCACTCCAGCCTGGGCAACAGAGTGAGACTCCGTCTCAAAAAAAAAAAAAAAAAAAAA"
"chr1","11865175","11865486","chr1","12034592","12034903","6","169417","GCCAGTCATGGCGGCTCACACCTGTAATCCCAGCACTTTGGGAAACTGAGGCCAGAGGATCGCGTGAGGCCAGGAGTTTGAGACCAGCCTGAGCAACATAGTGAAACCCCATCTCTAATAAAAAGACAAAAAATTAGCCGGACATGGTGGTGTGCACTTGTGGTCCCAGCTATTAGGAGACTGAGGCATGAGAATCGCTTAAACCGGGAGGCAGATGTTGTAGTGAGCTGAGATCATGCCACTGCATTCCAGTCTGGGTGACAGAGTGAGACTCTGTCTCAGAAAAAAACCAAAAACAAAAAACAAGAAAAA","GCCAGGCATGGCGGCTCACACCTGTAATCCCAGCACTTTGGGAAACTGAGGCCAGAGGATCGCGTGAGGCCAGGAGTTTGAGACCAGCCTGAGCAACATAGTGAAACCCCATCTCTAATAAAAAGACAAAAAATTAGCCGGACATGGTGGTGTGCACTTGTGGTCCCAGCTATTAGGAGACTGAGGCATGAGAATCGCTTAAACCGGGAGGCAGATGTTGTAGTGAGCTGAGATCATGCCACTGCATTCCAGTCTGGGTGACAGAGTGAGACTCTGTCTCAAAAAAAAAACCAAAAAACAAAAAACAAGAAA"
"chr1","11867307","11867614","chr21","11859891","11860199","48","7416","GGCTGGGCACAGTGGCTCACATCTGTAATCCCAGTACTTTGGGAGGCCAAGGCACACAGGATAGGCTTGAGGTCAGGAGTTCGAGACCAGTCTGGCCAACATGGACGAAACCCCCATCGTCTAACTAAAAAATCCAAAAAATTAGTGGGGTGTGGTGGCGCATGCCTATAATACCAACTACTCAGGAGGCTGAGGCAGAGAATCGCTTGAACCTGGGAGATGGGGGTTACAGTGAGCTGAGATCGTGCCACTGCACTCCAGCCTGGGAGACACAGCAAGACTCTGCCTAAAAAAAAAGAAAAAAGAAA","GCTGGGCGCAGTGGCTCATGCCTGTAATCCCAGCACTTTGAGAGGCCAAGGCCAGCAGATTGCTTGAGGTCAGGAGTTCGAGACCAGCCTGGCCAACATGGTGAAACCCCATCTCTACTAAAAAAATACAAAAAATTAGCCAGGTGTGGTGGTGCACGCCTGTAGTCCTAGCAACTCAGGAGGCTGAGGCAGGAGAATCACTTGAACCTGGGAGGTGGAGGTTGCAGTGGGCTGAGATTGTGCCACTGCACTCCAGCCTGGGTGACAGAGCAAGACTCTGTCTCAAAGAAAAAAAAAAATAAAGAAAAA"
"chr1","11925727","11925868","chr19","38342116","38342260","19","26416389","CCCAGTTACTTGGGAGGCTGACGCAGGAGAATCGCTTGAACCCAAGAGGCAGAGGTTGCAGTGAGCCGAGATCGTGCCACTGCACTCCAGCCTGGGTGACACAGCGAGACTCTGTCTCAAAAAAAAAAAAAAGAAAAGAAAA","AGTCCCAGTTATTCGGGAGGGTGGGGCAGGAGAAACACTTGAACCCAGGAGGCAGAGGTTCCAGTGAGTCGAGATTGTGCCGCTGCACTCCAGCCTGGGTGACAGAGCAAGACTCTGTCTCAAAAAAAAAAAAAAAAAAAAAAAA"
"chr1","11951127","11951428","chr1","12125462","12125768","6","174335","GGTCAGGCACGGTGGCTCATGCCTGTAATCCCAGCACTTTGGGAGGCCGAGGCAGGCAGCTCACCTGAGGTCAGGAGTTCAAGACCAGTCTAGCCAACATGGTGAAACCCCGTCTCTATGAAAAATACAAAAAATTAGCTGGGTGTGGTGGCGCATGCCTGTAGTCCCAGCTACTCCAGAGGCCAAGGCAGGAGAATCACTTGAACCTGGGAGGTAGAATTTGCAGTGAGCCAAGATCTCACCACTGTACTCCAGCCTGGGTGACAGAGCGAAGTCTCTCTCTTTAAAAAAAAAAAAAAAAA","GGTCAGGCACGGTGGCTCATGCCTGTAATCCCAGCACTTTGGGAGGCCGAGGCAGGCAGCTCACCTGAGGTCAGGAGTTCAAGACCAGTCTAGCCAACATGGTGAAACCCCGTCTCTATGAAAAATACAAAAAATTAGCTGGGTGTGGTGGCGCATGCCTGTAGTCCCAGCTACTCCAGAGGCCAAGGCAGGAGAATCACTTGAACCTGGGAGGTAGAATTTGCAGTGAGCCAAGATCTCGCCACTGTACTCCAGCCTGGGTGACAGAGCGAAGTCTCTCTCTTTAAAAAAAAAAAAAAAAAAAAAA"
"chr1","11966025","11966326","chr1","12138035","12138309","29","172010","GCCAGGCACGGTGGCTCATGCCTGTAATCCTAGCATTTTGGGAAGCTGAGGCGGGCAGATCACGAGGTCAAGAGATCGAGACCAGCCTGACCAACATGGTGAAACCCTGTCTCTACTAAAAATACAAAAAAATTAGCTGGGCATGGTGGCGCGTGCCTGTAGTGCCAGCTACTCGGGAGGCTGAGGCAGGAGGATCGCTTGAACCTGGGAGGCGGAGGTTGCAGTGAGCCGAGATCGTGCCATTGCACTCCAGCCCAGGCGACAGAGCAAGACTCTATATCCAAAAACAAAACAAAACAAAA","GCCAGGCACGGTGGCTCATGCCTGTAATCCTAGCACTTTGGGAAGCTGAGGCGGGCAGATCACGAGGTCAAGAGATCGAGACCAGCCTGACCAACATGGTGAAACCCTGTCTCTACTAAAAATACAAAAAAATTAGCTGGGCATGGTGGCGCGTGCCTGTAGTGCCAGCTACTCGGGAGGCTGAGGCAGGAGGATCGCTTGAACCTGGGAGGCGGAGGTTGCAGTGAGCCGAGATCGTGCCATTGCACTCCAGCCCGGGCGACAGAGCAAGACTC"
"chr1","11986398","11986710","chr1","12159161","12159482","16","172763","GGCCGGGCGCGGTGGCTCACGCCTGTAATCCCAGCATTTTGGGAGGCCGAGGCGGGCGGATCACGAGGTCAGGAGTTCGAGACCAACCTGGCCAACATAGTGAAACCCTGTCTCTACTAAAAATCAAAAAAAAAAAAAAAAAAAGGACCGGGCATGGTGGCGCTCGCCTGTAGTCCCAGCTACTCGGGAGGCTGAGGCAGAAGAATCAATCGCTTGAACTCGGGAGGTAGAGATTGTGGTGAGCCGAGATCGCGCCACTGCACTCCAGCCTGGGCAACAGAGCGAGACTCCGTCTACCAAAAAAAAAAGAAAA","GGCCGGGCGCGGTGGCTCACGCCTGTAATCCCAGCATTTTGGGAGGCCGAGGCGGGCGGATCACGAGGTCAGGAGTTCGAGAGCAACCTGGCCAACATAGTGAAACCCTGTCTCTACTAAAAATCCAAAAAAAAAAAAAAAAAAAAAAAAAAAAGGCCGGGCATGGTGGCGCTCGCCTGTAGTCCCAGCTACTCGGGAGGCTGAGGCAGAAGAATCAATCGCTTGAACTCGGGAGGCAGAGATTGTGGTGAGCCGAGATCGCGCCACTGCACTCCAGCCTGGGCAACAGAACGAGACTCCGTCTCCAAAAAAAAAAAGAAAA"
"chr1","11997934","11998072","chr1","12171286","12171426","2","173352","CTGTAGTCCCAGCTACTTGGGAGGCTGAGGTGGGAGGATCACTTGAACCTGGGAAGCAGAGGCTGCAGTGAGCTGAGATCTTGCCACTGCACTGCAGCCTGGGTGACAGAGTGAGACTCCATCTCAAAAAAAAAAAAAA","CTGTAGTCCCAGCTACTTGGGAGGCTGAGGTGGGAGGATCACTTGAACCTGGGAAGCAGAGGCTGCAGTGAGCTGAGATCTTGCCACTGCACTGCAGCCTGGGTGACAGAGTGAGACTCCATCTCAAAAAAAAAAAAAAAA"
"chr1","12018117","12018269","chrX","71354640","71354795","26","59336523","GTGCTCACCTGCGGTCCCAGCTGCCTGGGAGGCTGAGGCGGGAGAATTGCTTAAACCCAGGAAATCGAGGCTGCAGTGAGCTAGGATTGCACCACTGCACTCCAGGCTGGGTGACAGAGTGAGACTCTAGTTTAAAAAAAAAAAAAAAAAAGA","GTGTGCACCTGTAGTCCCAGCTACTTGGGAGGCTGAGGCAGGAGAATCGCTTGAACCCAGGAGGCAGAGGTTGCAGTGAGCCAAGATTGCGCCACTGCACTCCAGCCTAGGTGACAGAGTGAGACTCTGTCTCAAAAAAATAAAATAAAATAAAAA"
"chr1","12034698","12035006","chr1","12210194","12210505","4","175496","GACCAGGTGCAGTGGCTCATGCCTGTAATCCCAGCACTTTGAAAGGCCGAGGCAGGTGGATCACGAGGTCAGGAGTTAAGAGACTAGCCTGGCCAGCATGGTGAAACCCCATCTCTACTAAAAATACAAAAAATTAACCAGGCATGGTGGCATGCACCTGTAGTCCCAGCTACTTGGGAGGCTGAGGCAGGAGAATTGCTTGAACCCGGGAGGTGGAGGTTGCAGTGAGCCGAGATCGCACCACTACACTCCAGCCTGGGTGACAGAGAGAGACTCCATCTCAAAAAAAAAAAAAGAAAGAAAAAGAAA","GGCCAGGTGCAGTGGCTCATGCCTGTAATCCCAGCACTTTGAAAGGCCGAGGCAGGTGGATCACGAGGTCAGGAGTTAAGAGACTAGCCTGGCCAGCATGGTGAAACCCCATCTCTACTAAAAATACAAAAAATTAACCAGGCATGGTGGCATGCACCTGTAGTCCCAGCTACTTGGGAGGCTGAGGCAGGAGAATTGCTTGAACCCGGGAGGTGGAGGTTGCAGTGAGCCGAGATCGCACCACTACACTCCAGCCTGGGTGACAGAGAGAGACTCCATCTCAAAAAAAAAAAAAAAAGAAAGAAAAAGAAA"
"chr1","12073628","12073954","chr1","12245800","12246094","43","172172","GCCGGGCACAGTGGCTCACACCTGTAATCCCAACACTTTTGGGAGGCCGGGGTGGGCGGATCATGAGGTCAGGAGTTCGAGACCAGCCTGGCCAACATAGTGAAACCCCATCTCTACTAAAATTACAAAAAATTAGCCGGGCATGGTGGCAGGTACCTGTAATCCCAGCTACTCGGGAGGCTGAGGCATGAGAATCAGTTGAACCCGGGNGGCAGAGGTTGCAGTGAGCTGAGATCACGCCATTGCACTCTAGTCTGGGNNNNNNNNNNNNNNNNNNNNGAATCCGAAGGACGTCTAGGAGCCACNCAAAAAAAAAAAAAAAAAAAA","GCCGGGCACAGTGGCTCACACCTGTAATCCCAACACTTTGGGAGGCCGGGGTGGGCGGATCATGAGGTCAGGAGTTTGAGACCAGCCTGGCCAACATAGTGAAACCCCATCTCTACTAAAATTACAAAAAATTAGCCAGGCATGGCGGCAGGTACCTGTAATCCCAGCTACTCGGGAGGCTGAGGCATGAGAATCACTTGAACCCGGGAGGCAGAGGTTGCAGTGAGCTGAGATCACGCCATTGCACTCTAGTCTGGGTGACAGATCGAGGCTCCATCACAAAAAAAAAAAAAAA"
"chr1","12141330","12141467","chr12","6546624","6546764","22","5594706","CCTGGCTACTCAGGAGACTGAGGCAGGAGAATCGCTTGAACCTGGGAGGCGGAGTTTGCAGTGAACCGAGATCGCGCCATTGCACTCCAGCCTGGGTGACAGGGTGAGACTCTGTCTCCAAAAAAAAAAAAAAAGAGA","AGTCCCAGCTACTCAGGAGGCTGAGGCAGGAGAATTGCTTGAACCGTGGAGGCGGAAGTTGCAGTTGAGCTGAGATTATGCCACTGCACTCCAGCCTGGGTGACAGAGTGAGACTCTGTCTCAAAAAAAAAAAAAAAAAAA"
"chr1","12173191","12173409","chr1","12347825","12348043","1","174634","AGCCTGGCCAGCATGGTGAAACCCCATCTCTACCAAAAATACAAAAAATTAGCTAGGCATGACGGTATGCACCTACAATCCCAGCTAGTCAGGAGGCCGAGGCACGAGAATTGCTTGAATCGAGGCAACAGAGGTTGCAGTGAGCTGAGATCGGGCCACTGCACTCCAGCCTGGGTGACAGAGTAAGAGTCTGTCTCCAAATAAAATAAATAAATAAAA","AGCCTGGCCAGCATGGTGAAACCCCATCTCTACCAAAAATACAAAAAATTAGCTGGGCATGACGGTATGCACCTACAATCCCAGCTAGTCAGGAGGCCGAGGCACGAGAATTGCTTGAATCGAGGCAACAGAGGTTGCAGTGAGCTGAGATCGGGCCACTGCACTCCAGCCTGGGTGACAGAGTAAGAGTCTGTCTCCAAATAAAATAAATAAATAAAA"
"chr1","12205891","12206203","chr11","61523236","61523548","38","49317345","GGCCAGGCGTGGTGGCTCACGCCTGTAATCCCAGCACTTTGGGAGGCCGAGACAGGCAGATCACCTGAGGTTAGGAGTTCAAGACCAGCCTGGCCAACAAGGCGAAACCTCGTCTCTACTAAAAATACAAAAAATTAGCCGGGCGTGGTGGTGCACACCTGTAGTCCCAGCTACTCTAGAGGCTGAGGCAGAAGAATTGCTTCAACCCGAGAGGCAGAGGTTGCAGTGAGCCGAGATCGCACCACGGCACTCTAGCCTCGGTGACAGAGCGAGACTCCGTCTGAAAAAAAAGAAAAAAGAAAAGAAAAGAAAA","GGCCGGGCGTGGTGGCTCATGCCTGTAATCCCAGAACTTTGGGAGGCTGAGACGGGTGGATCACCTGAGGTTGGGAGTTCAAGACCAGCCTGGCCAACATGGCGAAACCCCATCTCTACTAAAAATACAAAAAATTAGCCAGGCGTGGTGGCATACGCCTGTAGTCCCAGCTGCTTGGGAGGCTGAGGCAGGAGAATCGCTTGAACCTGGGAGGCGGAGGTTGCAGTGAGCCGAGATCGCACCACTGCACTCCAGCCTGGGAGACAGAGCGAGACTCTGTCTCAAACAAAACAAAACAAGACAAAAAAAAAAA"
"chr1","12248576","12248716","chr2A","32693701","32693835","32","20445125","ACTCGAGGGACTGAGGCAGGAGAATAGCTCGAACCCAGGAGGCAGAGGCTGCAGTGAGCCAAGATCATGCCATTGCACTCCAGCCTGGGCAACAGAGCAAGACTCCTTCGAAAAAGAAGGAAAGAAAGGAAAGGAAGGAAA","CTACTTGGGAGGCTGAGGCAGGAGAGTTGCTTGAACTCAGGAGGCGGAGGTTGCAGTGAGCCAAGATCATGCCATTGCACTCCAGCCCAGGTGACAGTGTGAGACTCCGTCTCAAAAAAAAAAAAAAAAAAAAAA"
"chr1","12255223","12255511","chr6","156035558","156035849","45","143780335","GGCCAGGCACGGTGGCTCACGCCTGTAATCCCAACACTTTGGGAGGCTGAGGCCGGTAGACTGCCTGAGTTCAGGAGTTTGAGACCAGCCTGGGCGACATGGTGAAACCCTATCTCCCAAAAATACAAAAAATTAGCCGGGTGTGATGGTGCATGCCTGTGGTCCCAGCTACACAGAAGGCTGAGGTGGAAGAATCGCTTGAGCCTGGGAGGTAGAGGTTGCAATGAGCTGAGATCACACTACTGCACTCCAGTCTGGGTGACAGAGCGAGACCTCGTCTCAAAAAAAA","GGCCAGGTGCGGTGGCTCACACCTGTAATCCCAGCACTTTGGGAGGCTGAGGCGGGCAGATCATGAGGTCAGGAGTTCGAGACCAGCCTGGCCAACATGGTGAAACCCTGTCTCTACTAAAAATACAAAAAATTAGCCGGGTGTGGTGGTGCGTGCCTGTAGTCCCAGTTACTCAGGAGGCTGAGGTAGAAGAATCACTTGAACCCAGGAGGTGGAGGTTACAGTGAGCCGAGATCGCGACACTGCACTCCAGCCCTGGCGACAGAGCAAGACTTTGTCTCAAAAAAAAAAA"
"chr1","12276010","12276191","chr1","12452350","12452532","8","176340","ACAGAAAATCGCTGGGTGACGTGGCTCATGACTGTAGTCCCAGCTACTCGGTGGGGCTGAGGTGGGAGGATCACTTGAGCCAGGGATGTGGAGGTTGCAGTGAGCCAAGATGGCACCACTGCAGTCCTGCCTGGGCAACAGAGAGAGATTCTGTCTTTAAAAAAAAAAAGGGAAGAATAAAA","ACAGAAAATCGCTGGGTGACGTGGCTCATGACTGTAGTCCCAGCTACTCGGTGGGGCTGAGGTGGGAGGATCACTTGAGCCAGGGATGTGGAGGTTGCAGTGAGCCGAGATGGCACCACTGCAGTCCCGCCTGGGCAACAGAGAGAGATTCTGTCTTTAAAAAAAAAAAAAAAAAAAAAAAAA"
"chr1","12451919","12452229","chr1","12630304","12630616","4","178385","GGTCAGGCACGGTGGCTCACGCCTGTAATCCCCAGCACTTTGGGAGGCCGAGGTGGGCGGATCACAAGGTCAGGAGTTCGAGACCAGCCTGGCCAATATGGTGAAACCCCATCTCTACTAAAAATACAAAAAAATTAGCCGGGCATGGTGCCATATACCTGTAATCCCAGCTACTCGGGAGGCTGAGGCAGGAGAATTGCTTGAACCCAGGAGGCGGAGGTTGCAGTGAGCCGAGATCACACCACTACACTGCAGCCTGGGCGACAGAGCGAGATTCCATCTCAAAAAACAAAAAAAAAAGAGCAAACAAA","GGTCAGGCACGGTGGCTCACGCCTGTAATCCCCAGCACTTTGGGAGGCCGAGGTGGGCGGATCACAAGGTCAGGAGTTCGAGACCAGCCTGGCCAATATGGTGAAACCCCGTCTCTACTAAAAATACAAAAAAATTAGCCGGGCATGGTGCCATATACCTGTAATCCCAGCTACTCGGGAGGCTGAGGCAGGAGAATTGCTTGAACCCAGGAGGCGGAGGTTGCAGTGAGCCGAGATCACACCACTACACTGCAGCCTGGGCGACAGAGCGAGATTCCATCTCAAAAAAAAAAAAAAAAAAAGAGCAAACAAA"
"chr1","12510850","12511024","chr1","134045753","134045928","45","121534903","TAAGTATAAAAATTTAGCCCAGCATGGTGGCAGGCGCCTGTAGTCCCAGCTACTCGGAGGCTAAGGCTGNGGAGGAAGATGCTTAAGCACCAGAGGCGGAGGTTGCAGTGAGCTAAGACTGTGCCACTGCCTGGGCGACTGAGTGAGATCCCATCTCAAAATAAATAAATAAAAA","TACACAAAATTAGCTGGGTGTGGTGGCGTATGCCTGTGGTCCCAGCTACTCAGGAGGCTAAGGTGGGAGGATCACTTGAGCCCGGGAGGCGGAGGTTGCAGTGAGCTGAGGCTGTACCACTGCACTCCAGCCTGGGCGACAGAGTGAGACCCTGTCTCAAAAAAATAAAGAATAAA"
"chr1","12511345","12511448","chr6","163159049","163159165","31","150647704","GGCGTGGTGGCTCACGCCTGTAATCCCAACATTTTGGGAGGCTTGAGTCCAAGGGTTCAAGACCAGCGTAGGCAACATGCTGAAATCCCGTCCCTACAAAAACT","GGCCAGGCGCAGTGGCTCACACCTGTAATCCCAGCACTCTGGGAGGCCAGTGCGACGGTCAAGAGTTCAAGACCAGCCTGCGAAACATGGTGAAACCCTGTCTCTACTAAAAATATA"
"chr1","12614522","12614580","chr19","17268802","17268857","26","4654280","GAGGCAGAGGTTGCAGTGAGCTGAGAATGTGCCACTTCACTCCAACCTGGGCGACAGGG","CCAGGAGTGGTGGCGTGTGCCTGTGGTCCCAGCTACTCCAGAGGCTTCCAAGGCAG"
"chr1","12644446","12644544","chr3","181238196","181238292","28","168593750","CAGGAAAATTGCTTGAACCCAGGAGGCAGAGTTTGCAGCGAGCCGAGATTGCACCACTGCACCTCTGAGTGAAGCGCGAGACTCCATCTCAAAAAAAAA","GAGAACTCTGGAACCCGGGAGGCAGAGGCTGCAGTGAGCCGAGATCATGCCACTGCCCTCCAGCCTGGGCGATAGAGCAAGACTCCATCTCAAAAAA"
"chr1","12644565","12644647","chr14","100673591","100673682","20","88029026","AGGCAGAGGTTGCAGTGAGCCAAGATCATGCCACTGCACTCTAGCCTGGGTGACAGAGTGAGATCCTGTCTACAAAAAAAAAA","CCTGGGAGGCAGAGGTTGCAGTGAGCCAAGATCACACCACCGCACTCCAGCCTGAGCAACAGAGAGAGACTCCATCTCAAAAAAAAAAAAAA"
"chr1","12661068","12661365","chr1","12842251","12842548","4","181183","GGCCAGGTGCGGTGGCTCACGCCTGTAATCCCGGCATTTTGGGAGGCCAAGGCGGTCGGATGGCTTGCACTCAGGAGTTCAAGATTAGCCTGGGCAACAAGGTGAAATCCCATCTCTACCAAAAATACAAAAAATTAGCCGGGCGTGGTGGTGCATGCCTGTGGTCCCAGCTACTCCAGAGGCTGACATGGGAAGGTGGCTTGAGCTGGGAGGCAGAGGTTACAGTGAGCCGAGATTGCTCCTCTGCACTCCAGCCTAGATAACAGAGACCCCATCTAAAAACAAAATCAAACAAAAA","GGCCAGGTGCAGTGGCTCACGCCTGTAATCCCGGCATTTTGGGAGGCCGAGGCGGTCGGATGGCTTGCACTCAGGAGTTCAAGATTAGCCTGGGCAACAAGGTGAAATCCCATCTCTACCAAAAATACAAAAAATTAGCCGGGCGTGGTGGTGCATGCCTGTGGTCCCAGCTACTCCAGAGGCTGACATGGGAAGATGGCTTGAGCTGGGAGGCAGAGGTTACAGTGAGCCGAGATTGCTCCTCTGCACTCCAGCCTAGATAACAGAGACCCCATCTAAAAACAAAAACAAACAAAAA"
"chr1","12679359","12679524","chr6","37846623","37846781","40","25167264","TAAAAATAAAAATTAGATGGGCATGCATGGTGGTGCACACCTCTAGTCCCAGCTACTCCAGAGGCCGAGGTGGGAAGATTACTTGAGCCTGGGAGATGGAGGCTGCAGTGAGCCAAGATTGCACCACTGCACTCCAGCCTGGGTGACAGCATGAGACCCCATCTCA","AAAAAAAAGAAAAATTAGCTAGGTGTGGTGGTGCACACCTGTAGTCCGGCTACTTGGGAGGCTGAGGTGGGAGGATCACCTGACCCCGGGAGGCAGAGGTTGCAGTGAGCCGACATGGCGCCACTGCATCCCAGCCTGGGCGACAGAGTGAGACCCTGT"
"chr1","12688331","12688582","chr1","12869531","12869824","43","181200","GAGGCCAAGGCAGATGAATTGCCTGAGCTCAGGAGTTCAAAACCAGCCTGGGCAACAAGGTGAAACCCTGCCTCTACCAAAAATACAAAAAATTAGCCAGGCGTGGTGGTGTGTGTCTGTGGTCCCAGCTACTCAGGAGACTGAGGCACAAGAATCACTTGAGCCCAGGAGGCAGAGGTTGCAGTGAGCTGAGATCGCACCACTGTACTCCAGCCTAGGTGACAGGGTGAGATCCCATCTCAAAACAAAAAA","GCCAAGCACAGTGGCTCAAGCCTGTAATCCCAGCACTTTGGGAGGCCAAGGCAGATGAATCGCCTGAGCTCAGGAGTTCAAAACCAGCCTGGGCAACAAGGTGAAACCCTGCCTCTACCAAAAATACAAAAAATTAGCCAGGCGTGGTGGTGTGTGTCTGTGGTCCCAGCTACTCAGGAGACTGAGGCACAAGAATCGCTTGAGCCCAGGAGGCAGAGGTTGCAGTGAGCTGAGATCGCACCACTGTACTCCAGCCTAGGTGACAGGGTGAGATCCCATCTCAAAAACAAAAAA"
"chr1","12705554","12705863","chr19","11570934","11571243","33","1134620","GGCTGGGCACGGTGGCTCACACCTGTAATCCCAACACTTTGGGAGGCTGAGGTGAGCGGATCACGAGGTCAGGAGTTCAAGACCAGCCTGGCCAACATAGTGAAAGCCCATCTCTACTAAAAATACAAAAAATTAGCCAGGCATTGTGGCGGGCACCTGTAATCCCAGCTACTTGGGAGGCTGAGGAAAGAGAATTGCTTGAACCCGGGAGGTGGAGGTTGCAGTGAGCCGAGATCGCACCATTGCCTCCAGCCTGGGCAACAAGAGCGAGACTCCATCTCAAAAAAAAAAGTAAAGAAAAAAAAGAAAA","GGCCAGGCATGGTGGCTCACGCCTGTAATCCCAACACTTTGGGAGGCCGAGGTGGGCGGATCACGAGGTCAGGAGTTCAAGACCAGCCTGACCAACATGGTGAAACCCCGTCTCTACTAAAAATACAAAAGAATTAGCCAGGCGTGGTGGTGTGCACCTGTAATCCCAGCTACTCAGGAGGCTGAGGCAGGAGAATTGCTTGAACCCAGGAGGCAGAGGTTGCAGTGAGCCGAGATCACGCCATTGCACTCCAGCCAGGGCGACAAAGCAAGACTCCATCTCAAAAAAAAAAAAAAAAAAAAAAAGGAAA"
"chr1","12706641","12706760","chr18","46323703","46323831","29","33617062","TCGGGAGGCTGAGACAGGAGAATTGCTTGAACCTGGGAGGCGAAGTTTGCTATGAGCCGAGATCGCACCACAGCCCAGCCTAGGCAACAGAGTGAGACTCCGTCTCAAAAAAAAAAAAAA","CTGTAGTCCCAGCTACTCAGGAGAATTGCTTGAACCTAGGAGGTGGAGGTTGCAGTGAGCCGAGATCGTGCCACTGTACTCCAGTCTGGGCAACAGAGCGAGACTCCATCTCAGAAAAAAAGAAAAAAA"
"chr1","12780849","12781144","chr1","12964690","12964985","0","183841","GGCTGGGCACGGTGGCTCATGCCTGTATTCCCAGCACTTTGGGAGGCCAAGGCGGGATGATCACAAGGTCAGGAGTTCAAGACCAGCCTGGCCAACATGGTGAAATCCCATCTCTACTAAAAATACAAAAAAGTATCTGGGCATGGTAGCAGGTGCTTGTAGTCCCAGATACTCAGGAGGCTGAGGCAGGAGAATCAATTGAACCCGGGAGGCAGAGGTTGCACTGAGCCAAGATCATGCCACTGCACTCCAGCCTGGGTGAAAGATCAAGACTTCGTCTCTGGGAAAAAAAAAAA","GGCTGGGCACGGTGGCTCATGCCTGTATTCCCAGCACTTTGGGAGGCCAAGGCGGGATGATCACAAGGTCAGGAGTTCAAGACCAGCCTGGCCAACATGGTGAAATCCCATCTCTACTAAAAATACAAAAAAGTATCTGGGCATGGTAGCAGGTGCTTGTAGTCCCAGATACTCAGGAGGCTGAGGCAGGAGAATCAATTGAACCCGGGAGGCAGAGGTTGCACTGAGCCAAGATCATGCCACTGCACTCCAGCCTGGGTGAAAGATCAAGACTTCGTCTCTGGGAAAAAAAAAAA"
"chr1","12810134","12810198","chr5","6432148","6432210","23","6377986","AGTCTCAGCTACTTGGAAGGCTGAGGAGGGAGGATCCGTTGAGCGTGGGGGGGCAGAGGTTGCAG","CCTGTAGTCCCAGCTACTTGGGAGGCTGAGGCAGGAGAATTGCTTGAACCTGGGAGGCAGAGG"
"chr1","12811618","12811921","chr1","12995534","12995837","2","183916","GGCTGGGCGTGGTGGTTCATGCCTGTAATCTCAGCACTTTGGGAGGCTGAGGCAGGTGAACCACGAGGTCAGGAGTTCAAGACCAGCCTGGCCAACATGGTGAAACCCTGTCTCTCTAAAAATACAAAAAAAATTAGCCAGGCGTGGTGGTGGGCGTCTGTAGTCCCAGCTACTCGGGAGGCTGAGGCAGGAGAATTGCTTGAACTCAGGAGGTGGAAGTTGCAATGAGCCGAGATCGTGCCACTGCATTCCAGCCCAGGCAATGGACTGAGGCTCTGTCTCATAACAAACAAACAAACAAAAA","GGCTGGGCGTGGTGGTTCATGCCTGTAATCTCAGAACTTTGGGAGGCTGAGGCAGGTGAACCACAAGGTCAGGAGTTCAAGACCAGCCTGGCCAACATGGTGAAACCCTGTCTCTCTAAAAATACAAAAAAAATTAGCCAGGCGTGGTGGTGGGCGTCTGTAGTCCCAGCTACTCGGGAGGCTGAGGCAGGAGAATTGCTTGAACTCAGGAGGTGGAAGTTGCAATGAGCCGAGATCGTGCCACTGCATTCCAGCCCAGGCAATGGACTGAGGCTCTGTCTCATAACAAACAAACAAACAAAAA"
"chr1","13557999","13558086","chr3","181238196","181238292","28","167680197","ATCACTTGAACCTGGGAGGCAGATGTAGCAGTGAGCTGAGACTGAGCCACTCCACTGCAGCCTGGGCGACAGAGTGAGACTATGTCTC","GAGAACTCTGGAACCCGGGAGGCAGAGGCTGCAGTGAGCCGAGATCATGCCACTGCCCTCCAGCCTGGGCGATAGAGCAAGACTCCATCTCAAAAAA"
"chr1","13564613","13564693","chr10","4431800","4431887","32","9132813","CTGAGGCAGGAGAAGCGCTTGAACTCAGGAGGCAGAGATTGCAATGAGTCGGGATTGTGCCACTGAACTCCAGCCTGGGCG","CCAGTAGTTCCAGCTACTTGGGAATAGCTTGAACCTGGAAGGCGGAGATTGCAGTGAGCCAAGATGGCACCACGGCACTCCAACCTGG"
"chr1","13567014","13567118","chr3","198268184","198268291","22","184701170","AATCCTGGAGGCGGAGGTTGCAGTGAGCCGAGATCGTGCCACTGTGCTCCAGCCTGGGCGACAGAGTGAAACTCGTTCTCGAAAATAAATAAATAAACAAACAAA","TGTACCTGGGTGGCGGAGGTTGCAGTGAGCCGAGACTGTGCCTGTGCTTTCCAGCCTGGGCAACAGAGTGAGACTCCATCTCAAAAAGAAAAAAAGAAAGAAATAAGA"
"chr1","13570805","13570921","chr1","13499751","13499867","10","71054","GACTGGGCGATAGTGGCTCATGCCTGTAATCCCTAGCACTTTGGAGGCTGAGGCAAGCGGATCACGAAGGCAGGAGTTCGAGACCAGCCTAGCCAACATGTAAAACCCCATTTCTAC","GGCTGGGCATAGTGGCTCACGCCTGTAATCCCTGCCCTTTGGGAGGCTGAGGCAGGCGGATCATGAAGGCAGGAGTTCGAGACCAGCCTAGCCAACATAGTAAAACCCCGTTTCTAC"
"chr1","13606809","13606938","chr5","172392908","172393028","29","158786099","CGGGAGGTTGAGACAGGAGAATTGCCTGAACCCAGGAGATGGAGATTGCAGTGAGCCAAGATTGCCCCACTGTACTCCAGCCTGGGCAACAGAGCGAGACTGTCTCAAACAAAACAAAACAAAACAAAAA","AGGCTGAGGTGGGAGAATCGCTTGAACCCAGAAAGTGGAGGTTGCAGTGAGCCGAGATGGCACCGCTGCACTCCAGCCTGGGCAACAGAGCTAGACTCTGTCTCAAAAGAAAAAAAAAAAA"
"chr1","13620435","13620665","chr1","13547814","13548045","1","72621","GGTCAGGAGTTCGGGACCAGCCTGGCCAACATGGTGAAATCCTGTTTCTACTAAAAATACAAAATACAAAATTAGCCGGGCATGGTGGTGTGCTCCTGTAATTCCAGCTACTCAGGAGGCTGAGGCACAAGAATCACTTGAACCCAGGAGGCAGAGGTTGCAGTGAGCTGAGATCGCCCCACTGCACTCTAGACTGGGCGACAGAGCAAGACTCCATCTCAAAAAAAAGAA","GGTCAGGAGTTCGGGACCAGCCTGGCCAACATGGTGAAATCCTGTTTCTACTAAAAATACAAAATACAAAATTAGCCGGGCATGGTGGTGTGCTCCTGTAATTCCAGCTACTCAGGAGGCTGAGGCACAAGAATCACTTGAACCCAGGAGGCAGAGGTTGCAGTGAGCTGAGATCGCCCCACTGCACTCTAGACTGGGCGACAGAGCAAGACTCCATCTCAAAAAAAAAGAA"
"chr1","13624706","13624864","chr17","76023064","76023234","41","62398358","TCTCTACTAAAAATACAAAAAAATTAACTGGACATTGTGGTGCACACCTGTAATCCCAGCTACTTGGGAGGCTGAGGCAGGAGAATCGCTTGAACCCAGGAAGCAGAGGTTGTGGTGAGTCGAGATCGCGCCACTGCCCTCCAGAGTGAGACTCCATCT","TTTTTACTAAATACAAAATTTTGTAGCTGGGCATGGTGGCAGGCACCTGTAATCTCAGCTACTCTGGAGGCTGAGGCAGAAGAATTGCTTGAACTCAGGAGGCAGAGGTTGCAGTGAGCCGAGATTGCTCCACTGCACTCCAGCCTGAGTGACAGAGTGAGACTCCATCTC"
"chr1","13696997","13697247","chr1","13630945","13631196","4","66052","GCTAAGGCAGGCAGATCACGAGGTCAGGAGTTCAAGACCAGCCTGGCCAACATGGTGAAACCCTGTCTCTACTAAAAATACAAAACAAAATAGCTGGGTGTAGTGGCATGTGCCTGTAATCTCAGCTACTCGGGAGGCTGAGGCAGGAGAATTGCTTGAACTCAGGAGACAGAGGTTGCGGTAAGCTGAGATCACGCCAGTGTACTCCAGCCTGGGTAACAGAGCAAGGCTGTGTCTCGGGGGAAAAAAAA","GCTAAGGCAGGCAGATCACGAGGTCAGGAGTTCAAGACCAGCCTGGCCAACATGGTGAAACCCTGTCTCTACTAAAAATACAAAACAAAATAGCTGGGTGTAGTGGCATGTGCCTGTAATCTCAGCTACTCGGGAGGCTGAGGCAGGAGAATTGCTTGAACTCAGGAGACAGAGGTTGCGGTAAGCTGAGATCACGCCAGTGTACTCCAGCCTGGGTGACAGAGCAAGGCTGTGTCTTGGGGAAAAAAAAAA"
"chr1","13698775","13699070","chr1","13629461","13629761","6","69314","GGCCAGGCACGGTGGCTCATGCCTGTAATCCCAGCACTTTGGGAGGCCAAGGCAGGCGAATCACAAGGTCAGGAGTTGGAGACCAGTCTGGCCAATATGGTGAAACCCTGTCTCTACTAAAAATACAAAAAAAATTAGCCGGGCGTGATGGCAGGTGCCTGTAGACCCAGCTACTAGGGAGGCTGAGGCAGGAGAATAGCTTGAACCCGGGAGGCAGAGGTTGCAGTGAGCCAAGATGGCGCCATTGCACTCCAGGCTAGGCGAGAGAGCAAGACTCCGTCTCAAAAAAAAAAAAA","GGCCAGGCACGGTGGCTCATGCCTGTAATCCCAGCACTTTGGGAGGCCAAGGCAGGCGAATCACAAGGTCAGGAGTTGGAGACCAGTCTGGCCAATATGGTGAAACCCTGTCTCTACTAAAAATACAAAAAAAATTAGCCGGGCGTGATGGCAGGCGCCTGTAGACCCAGCTACTAGGGAGGCTGAGGCAGGAGAATAGCTTGAACCCGGGAGGCAGAGGTTGCAGTGAGCCAAGATGGCGCCATTGCACTCCAGGCTAAGGCGAGAGAGCAAGACTCCGTCTCAAAAAAAAAAAAAAAAA"
"chr1","13699260","13699555","chr1","13633216","13633513","6","66044","GCCGGGTGCGGTGGCTCACGCCTGTAATCCCAGCACTTTGGGAGGCCGAGGCGGGCAGATCACGAGGTCAGGAGTTCGAGACCAGCCTGGTCAACATGGTGAAACCCTGTCTCTACTAAAAATACAAAAAATTAGCCGGGCGTGGTGGCTCATGCCTGTAATCCCAGCTACTCAGGAGGCTGAGGCAGAAGAATCACTTGAACCTGGGAGGTGGAGGTTGCAGTGAGACAAGATCAAGCCACTACACTCCAGCCTGGGCAACACAGCTAGACTTCGTCTCAAAAAAAAAAAAAAAA","GCCGGGTGCGGTGGCTCACGCCTGTAATCCCAGCACTTTGGGAGGCCGAGGCGGGCAGATCACGAGGTCAGGAGTTCGAGACCAGCCTGGTCAACATGGTGAAACCCTGTCTCTACTAAAAATACAAAAAATTAGCCGGGCGTGGTGGCTCATGCCTGTAATCCCAGCTACTCAGGAGGCTGAGGCAGAAGAATCACTTGAACCTGGGAGGTGGAGGTTGCAGTGAGACAAGATCAAGCCACTACACTCCAGCCTGGGCGACAGAGCTAGACTTCGTCTCAACAACAACAACAAAAAA"
"chr1","13983861","13984159","chr1","13920211","13920509","0","63650","GGCCAGGCGTGGTGGCTCATGCCTGTAATCCCAACACTTTGGGAGGCCAAGGCGGGCAAATCACAAGGTCAGGAGTTCGAGACCAGCCTGGCCAACATGGTGAAACTCCGTCTCTACTAAAAAAATACAAAAAATTAGCTGGGCGTGGTGGCAGATGACTGTAATCCCAGCTACTAGGGAGGCTGAGGCAGGAGAATCGCTTGAACCTGGGAGGCAGAGGTTGCAGTGAGCTGAGATTGTGCCACTGCACTCTAGCCCAGTCAACAGTGTGAGACTCTGTCTCAAAAAAATTTAAAAAA","GGCCAGGCGTGGTGGCTCATGCCTGTAATCCCAACACTTTGGGAGGCCAAGGCGGGCAAATCACAAGGTCAGGAGTTCGAGACCAGCCTGGCCAACATGGTGAAACTCCGTCTCTACTAAAAAAATACAAAAAATTAGCTGGGCGTGGTGGCAGATGACTGTAATCCCAGCTACTAGGGAGGCTGAGGCAGGAGAATCGCTTGAACCTGGGAGGCAGAGGTTGCAGTGAGCTGAGATTGTGCCACTGCACTCTAGCCCAGTCAACAGTGTGAGACTCTGTCTCAAAAAAATTTAAAAAA"
"chr1","14074858","14075160","chr1","14010733","14011037","4","64125","GGCTGGGCATGGTGGCTCATGCCTGTAATCCCAGCACTTTGGGTGGCCGAGGCAGGCAGATCACGAGGTTGGGAGTTCAAGACCAGCCTGACTAACATGGTGACCCCATCTCTACTAAAAATACAAAAAATTAGCCGGGTGTGGTGGCATGTGCCTGTAATTCCAGCTACTCAGGAGGCTGAGGCAGGAGAATCACTTGAACCCAGGAGGCGGAGGTAACGGTGAGCTGAGATTGCACCACTGCACTCCAGCCTGGGCAACAGAGTGAGACTCCATTTCAAAAAAAAAGAAAAGAGAAAAAAA","GGCTGGGCATGGTGGCTCATGCCTGTAATCCCAGCACTTTGGGTGGCCGAGGCAGGCAGATCACAAGGTCGGGAGTTCAAGACCAGCCTGACTAACATGGTGACCCCATCTCTACTAAAAATACAAAAAATTAGCCGGGTGTGGTGGCATGTGCCTGTAATTCCAGCTACTCAGGAGGCTGAGGCAGGAGAATCACTTGAACCCAGGAGGCGGAGGTAACGGTGAGCTGAGATTGCACCACTGCACTCCAGCCTGGGCAACAGAGTGAGACTCCATTTCAAAAAAAAAAGAAAAGAGAAAAAAAA"
"chr1","14091735","14091838","chr20","16652596","16652702","22","2560861","ACCCAGGAGGCGGAGGTCGCAGTGAGCCGAGATTGCGCCATTGCACTCCAGCCTGGGCAACAGAATGAGACTCTGTCTCAAAAACAGCAACAACAAAAATAAAA","CTTGAACCCAGGCGGCGGAGGCTTCAGTGAGCCAAGATGGTGCCACTGCACTCCAGCGTGGGCAACAGAGTGAGACTCTGTCTCAAAAAAATAAAAAAAATAGAAAA"
"chr1","14136896","14137202","chr1","14078893","14079198","7","58003","GGCCAGGCACAGTGGCTCATGCCTGTAATACCAGAACTTTGGGAGGCTGAGGCAGGTGGATCTTCAGGTCAGGAGTTTGAGACCAGCCTGGTCAACATAGTGAAACTCCATCTCTGCTAAAAATACAAAAAATTAGCTGGGTGTGGTGGTGTGCACCTGTAATCTCAGCACTCAGGAGGCTGAGGCAGTAGAATCACATGAATCCAGGAGGTGGAGGTTGCAGTGAGCCAAGATCATGCCATTGCACTCCAGCCTGGGCGACAGTCTTGACTCCATCTGAAAAACAAAAACAAAAACAAAAAACAAA","GGCCAGGCACAGTGGCTCATGCCTGTAATACCAGAACTTTGGGAGGCTGAGGCAGGTGGATCTTCAGGTCAGGAGTTTGAGACGAGCCTGGCCAACATAGTGAAACTCCATCTCTGCTAAAAATACAAAAAATTAGCTGGGTGTGGTGGTGTGCACCTGTAATCTCAGCACTCAGGAGGCTGAGGCAGTAGAATCACATGAATCCAGGAGGTGGAGGTTGCAGTGAGCCAAGATCATGCCATTGCGCTCCAGCCTGGGCGACAGTCTTGACTCCATCTGAAAAACAAAAAACAAAAAACAAAAAAA"
"chr1","14411637","14411934","chr1","14360823","14361113","8","50814","GGCTGGGCACGGTGGCTCACACCTGTAATCCCAGCACTTTGGGAGGCCTAGGTGGGCGGATCATGAGGTCAGGAGTTCAAGACCAGCCTGGCCAACATAGTGAAACCCTGTCTCTACTAAAAATACAAAAAATTAGCTGGGCATGGTGGTGGGCACCTGTAATCCCAGATACTTGGGAGGCTGAGGCAGGAGAATCACTTGAACCCGGGAGGTGCAGGTTGCAGTGAGCAGAGACTGCACCACTGCACTCTAGCCTGGGCAACAGTGCAAGACTCAGTCTCAAAAACAAAACATAAAA","GGCTGGGCACGGTGGCTCACACCTGTAATCCCAGCACTTTGGGAGGCCGAGGTGGGCGGATCATGAGGTCAGGAGTTCAAGACCAGCCTGGCCAACATAGTGAAACCCTGTCTCTACTAAAAATACAAAAAATTAGCTGGGCATGGTGGTGGGCACCTGTAATCCCAGATACTTGGGAGGCTGAGGCAGGAGAATCACTTGAACCCGGGAGGTGCAGGTTGCAGTGAGCAGAGACTGCACCACTGCACTCTAGCCTGGGCAACAGTGCAAGACTCAGTCTCAAAAACAAAA"
"chr1","14435299","14435570","chr1","14384981","14385257","8","50318","CATGCCTGTAATCCCAGCACTTTGGGAAGCCGAGGTGGGTGGATCAGGAGTCCGAGACCATCCTGGCCAACATGGTAAATCCCGTCTCTACTAAAAATACAAAAAATTAGCTAGGCATGGTGGTGTGTGCCTGTAGTCCCAGCTACTTGGGAGGCTGAGGCAGGAGAATTGCTTAAACCCAGGAGGCAGAGGTTGCAGTGAGCTGCGATCATGCCACTGTACTCCAGCCTGGGTGACAGAGCAAGATTTTGTCTAAAAAAAAAAAAAAAAAA","CATGCCTGTAATCCCAGCACTTTGGGAAGCCGAGGTGGGTGGATCAGGAGTCCGAGACCATCCTGGCCAACATGGTAAATCCCGTCTCTACTAAAAATACAAAAAATTAGCTAGGCATGGTGGCGGGTGCCTGTAGTCCCAGCTACTTGGGAGGCTGAGGCAGGAGAATTGCTTAAACCCAGGAGGCAGAGGTTGCAGTGAGCTGCGATCATGCCACTGTACTCCAGCCTGGGTGACAGAACAAGATTTTGTCTAAAAAAAAAATAAAATACAAAAA"
"chr1","14486464","14486641","chr22","28740299","28740471","29","14253835","TTAGCCAGGTGTGGTGACACCCACCTGTAGTCCCAGCTCTCAAGAGGCTGAGGTGGGAGGATCACTCGAGCCTGGGAGGCAGAGGTTGCAATGAGTCAAGATCATGCCACTGCACTCCAACCTGGGGTGACACAGTGAGACACTGACTACTAAAAAAGAAAAAAAAAAAGAAAAAAAA","AGCCGGGCATGGTGGCTCACACCTATAGTCCCAGCTACTTGAGAGGCTAAGGTGGGAGGATCCCTTGAGCCTGGGAGGCAGAGGTTGCAGTGAGCCAAGATCATGCCACTGCACTCCAGCTTGGGCAACAGAGTGAGACCCTGTCTCAAAAAAAAAAAAAAAAAAAAAAAAAA"
"chr1","14532064","14532185","chr5","172392908","172393028","30","157860844","GGGAGGCTGAAGTGGGAGGATCGCTTGATCCCAGGATGCAGAGGTTGCAGTAAGCCACTGCACTCCACACTCCCGCCTGAGTGACAGAGCCAGACCCAATCTCAAAAAAAAAAAAAAAAAAA","AGGCTGAGGTGGGAGAATCGCTTGAACCCAGAAAGTGGAGGTTGCAGTGAGCCGAGATGGCACCGCTGCACTCCAGCCTGGGCAACAGAGCTAGACTCTGTCTCAAAAGAAAAAAAAAAAA"
"chr1","14646919","14647211","chr1","14605331","14605623","0","41588","GGCCGGGCGCGGTGGCTCACGCCTGTAATCCCAACACTTTGGGAGGCCGAGGCGGGCGGATTGCCTGAGCTCAGGAGTTCGCGACCAGCCTGGGCAACAGGGTGAAACCCTGTCTCTACTAAAATACAAAAAATTAGCCAGGCGTGGCGGCATGAGCCTGTAGTCCCAGCTACTCGGGAGAATGAGGCAGGAGAATCGATTGAACCCGGGAGGTGGAGGTTGCAGTGAGCTGAGATGATGCCACTGTACTCCAGCCTGGGCAACAGAGCAAGACTCCATCTCAAAAAAAAAAA","GGCCGGGCGCGGTGGCTCACGCCTGTAATCCCAACACTTTGGGAGGCCGAGGCGGGCGGATTGCCTGAGCTCAGGAGTTCGCGACCAGCCTGGGCAACAGGGTGAAACCCTGTCTCTACTAAAATACAAAAAATTAGCCAGGCGTGGCGGCATGAGCCTGTAGTCCCAGCTACTCGGGAGAATGAGGCAGGAGAATCGATTGAACCCGGGAGGTGGAGGTTGCAGTGAGCTGAGATGATGCCACTGTACTCCAGCCTGGGCAACAGAGCAAGACTCCATCTCAAAAAAAAAAA"
"chr1","14714648","14714952","chr1","14672032","14672336","0","42616","CTGGGCACGGTGGCTTATGCTTGTAATCACAGCACTTTGGAAGGCCGAGGCGGGCAGATCACAAGGTCAGGAGTTCGAGACCAGCCTGGCCAGCATGGTGAAACCCCGTCTCTACTAAAAATACAAAAAATTAGCCGGGGATGGTGGTGCACACCTGTAATCCCAGCTACTAGGGAAGCTGAGGCAGGAGAATCACTTAAACCCAGGAGGCAGAGGTTGCAGTGAGCTGAGATCATGCCACTGCACTCCAGCCTGGGTGATACAGCAAGACTCTGTCTCAAAAAATTTTTTAAAAAAGAAAGAAA","CTGGGCACGGTGGCTTATGCTTGTAATCACAGCACTTTGGAAGGCCGAGGCGGGCAGATCACAAGGTCAGGAGTTCGAGACCAGCCTGGCCAGCATGGTGAAACCCCGTCTCTACTAAAAATACAAAAAATTAGCCGGGGATGGTGGTGCACACCTGTAATCCCAGCTACTAGGGAAGCTGAGGCAGGAGAATCACTTAAACCCAGGAGGCAGAGGTTGCAGTGAGCTGAGATCATGCCACTGCACTCCAGCCTGGGTGATACAGCAAGACTCTGTCTCAAAAAATTTTTTAAAAAAGAAAGAAA"
"chr1","14861483","14861625","chr1","14821967","14822109","0","39516","GCGCGGTAGTAGTCCCAGGTACTCGGGAGGCTGAGGCGGGAGAATCACTTGAACCTGGTAGGTAGAGGTTGCAGTGAGCCAAGATCCTGCCACTGCACTCCAGCCTGGGCGACAGAGTGAGACTCCATCTCAAAAAAGAAAAA","GCGCGGTAGTAGTCCCAGGTACTCGGGAGGCTGAGGCGGGAGAATCACTTGAACCTGGTAGGTAGAGGTTGCAGTGAGCCAAGATCCTGCCACTGCACTCCAGCCTGGGCGACAGAGTGAGACTCCATCTCAAAAAAGAAAAA"
"chr1","15116963","15117277","chr1","15083296","15083581","29","33667","GGCAGGGCGCGGTGGCTCACGCCTGTAATCTCAGCACTTTGGGAGGCCGAGGCGAGCAGATCACAAGGTCAAGGAGTTCGAGACCAGTCTGGCCAACGTGGTGAAACCCTGTCTCTACTAAAAATACAAAAAAATTAGCCAGGTGTGGTGGTGGGCGCCTGTAATCCCAGCTACTCGGGAGGCTGAGGCAGGAGGATCACGTGAACCCGGGAGGCAGAGGTTGCAGTGAGCCAAGATCGTGCCACTACACTCCAGCCTGGGCGACAGTGTGAGACTCCATCTCAAATTAAAAACAAACAAACAAACAAACAAAAA","GGCAGGGCGCGGTGGCTCACGCCTGTAATCTCAGCACTTTGGGAGGCCGAGGCGAGCAGATCACAAGGTCAAGGAGTTCGAGACCAGTCTGGCCAACGTGGTGAAACCCTGTCTCTACTAAAAATACAAAAAAATTAGCCAGGTGTGGTGGTGGGCGCCTGTAATCCCAGCTACTCGGGAGGCTGAGGCAGGAGGATCACGTGAACCCGGGAGGCAGAGGTTGCAGTGAGCCAAGATCGTGCCACTACACTCCAGCCTGGGCGACAGTGTGAGACTCCATCTCAAA"
"chr1","15122618","15122914","chr1","15088952","15089256","9","33666","GGCCAGGCACAGTGGCTCACGCCTGTAATCCCAGCACTTTGGGAGGCCAAGGTGGGTGGATTACAAAGTTAGGAGTTCGAGACCAGAACAGCCAATATGGTGAAACCGCATCTCTACTAAATACAATATTAGCTGGGCGTGGTGGCGCATGCCTGTAGTCCCAGCTGCTGGGGAGGCTGAGGCAGGAGAATTGCCTGAACCTGGGAGGCAGAGGTTGCAGTGAGCTGAGATTGCACCACTGCACTCCAGACTGGGTGACAGAGTGTCACTCCGTCTCAAAAAAAAAAAGAAAAAAAA","GGCCAGGCACAGTGGCTCACGCCTGTAATCCCAGCACTTTGGGAGGCCAAGGTGGGTGGATTACAAAGTTAGGAGTTCGAGACCAGAACAGCCAATATGGTGAAACCGCATCTCTACTAAATACAATATTAGCTGGGCGTGGTGGCGCATGCCTGTAGTCCCAGCTGCTGGGGAGGCTGAGGCAGGAGAATTGCCTGAACCTGGGAGGCAGAGGTTGCAGTGAGCTGAGATTGCACCACTGCACTCCAGACTGGGTGACAGAGTGTCACTCCGTCTCAAAAAAAAAAAAAAAAAAAAAAAAAAAA"
"chr1","15127483","15127779","chr1","15093723","15094019","1","33760","GGCCGGGCACGGTGGCTCACGCCTGTAATCCCAGCACTTTGGGAGGCCGAGGTGGGCAGATCATGAGGTCAGGAGTTCGAGACCAGCCTGGCCAACATGGTGAAACCCCGTCTCTACTAAAGATACTAAAAATTAGCCGAGCATGGTGGCGAGCACCTGTAATCCCAGCTACTCAGGAGGCTGAGGCAGGAGAATCACTTGAACCCGGGAGGTGGAGGTGGCAGTGAGCCGAGATTGTGCCACTGCACTCCAGCCTGGGTGACAGGGCAAGACTCCATCTCAATTAAAAAAAAAAAA","GGCCGGGCACGGTGGCTCACGCCTGTAATCCCAGCACTTTGGGAGGCCGAGGTGGGCAGATCATGAGGTCAGGAGTTCGAGACCAGCCTGGCCAACATGGTGAAACCCCGTCTCTACTAAAGATACTAAAAATTAGCCGAGCATGGTGGCGAGCACCTGTAATCCCAGCTACTCAGGAGGCTGAGGCAGGAGAATCACTTGAACCCGGGAGGTGGAGGTGGCAGTGAGCCGAGATTGTGCCACTGCACTCCAGCCTGGGTGACAGGGCAAGACTCCATCTCAATTTAAAAAAAAAAA"
"chr1","15229094","15229257","chr10","12158041","12158205","27","3071053","GGGCGTGGTAGCACACGCCTGTAGTCCCAGCTACTCCAGAGGCTGAGGCAGGAGAATCACTTGAACCTGGGAGGCAGAGGTTGCAGTAAGTCGAGATCGTGCCACTGCACTCCAGTCTGGGCGACAGAGCAAGACTCCATTGACAAAAACAAAAAACAACAAAA","TTAGCTGGGCGTGGTGGTGCACGCCTGTAGTCCCAGCTACTCAGGAGGCTGAGGCAGGAGAATCGCTTGAATCTGGGAGACAAAGGTTGCAGTGAGCCAAGACCGTGCCACTGCACTCCAGACTGGGCTACAGAGCAAGACTCCACTCAAAAAAAAAAAAAAAAA"
"chr1","15229754","15230066","chr1","15200753","15201060","9","29001","GGCCGGGCACGGTAGCTCACGCCTGTAATCTCAGCACTTTGGGAGGACAAGGTGGGCAGAATGCTCGAGCTTCAGGAGTTTGAGATCAGCCTGGGCAACATGGTGAAACCCCATCTCTACCAAAAACACAAAAAATTAAGCTGGACGTGGTGGCGTGTGCCTGGGGTCCCAGCTGCTCAGGAGGCTGAGGTAGGAGGATCTTTTCAGCCAGGGAGGCGGAGGTTATAGTGAGCCAAGATCATACCACTGTACTCCAGCCTGGGTGACAGACTGAGACCCCATCTCAAAACAGAACAAAACAAAACAAAACAAA","GGCCGGGCACGGTAGCTCATGCCTGTAATCTCAGCACTTTGGGAGGACAAGGTGGGCAGAATGCTCGAGCTTCAGGAGTTTGAGATCAGCCTGGGCAACATGGTGAAACCCCATCTCTACCAAAAATACAAAAAAATTAGCTGGACGTGGTGGCGTGTGCCTGGGGTCCCAGCTGCTCAGGAGGCTGAGGTAGGAGGATCTTTTCAGCCAGGGAGGCGGAGGTTATAGTGAGCCAAGATCATACCACTGTACTCCAGCCTGGGTGACAGACTGAGACCCCATCTCAAAACAGAACAAAACAAAACAAA"
"chr1","15240252","15240539","chr6","30425392","30425674","36","15185140","GGCCGGGCCTGGTGGCTCACGCCTGTAATCCCAGCACTTTGGGAGGCCAGGGTGGGTGGATCACAAACAAGGTCAGGAGTTCGAGACCAGCCTGGCCAACATGGTGAAACCCCGTCTCTACTAAAAATACAAAAAGAAAGCAGCCCGGTGTGGTGGCAGGTGCCTGTAATCCCAGCTACTTGGGAGGCTGAGGCAGGAGAATTGCTTGAACCTGGGAGGCGGAGGTTGCAGTGAGCACAGATAGCACCACTGCACTCATGCCTGGGCAGCAGAGAGAGACTCTGTCTC","GGCTGGGCATGGTGGCTCACACCTGTAATTCCAGCACTTTGGGAGGCCAAGGTGGGTGGATCGCAAGGTCAGGAGTTCCAGACCAGCCTGGCCAACATGGTGAAACCCCATCTCTACTAAAAATAGAAAAAATTAGCTGGGCATGGTGGCAGGTACCTGTAATCCCAGCTACTTGGGAGGCTGAGGCAGGAGAATTGCTTGAACCTGGGAGGCAGAGGTTGCAGTGAGCCGAGACCACACCACTGCACTCCAGCCTGGGCAACAGAGCGAGACTCTGTCTAAA"
"chr1","15297110","15297194","chr14","100673591","100673682","21","85376481","CTGGGAGGTGGAGGTTGCGGTGAGCCGAGATTGCGCCACTGCACTCCAGCCTGGGTGACAGAGTGAGATTTCATCTCAAAAAAAA","CCTGGGAGGCAGAGGTTGCAGTGAGCCAAGATCACACCACCGCACTCCAGCCTGAGCAACAGAGAGAGACTCCATCTCAAAAAAAAAAAAAA"
"chr1","15424445","15424499","chr18","17282170","17282223","19","1857725","GAGGTCAGGAGTTTGAGACCAGCCTGGGCCAACATAGTGAAAACCCCTGTCTCTA","GGATCATGAGGTCAGGAGTTCGAGACCAACCTGGCCAACATGATGAAACCCCGT"
"chr1","15505550","15505844","chr1","15483839","15484137","7","21711","GGCTGGGCACAGTGGCTCACACCTGTAATCCCAGCACTTTGGGAGGCCGAGGGAGGCGGATCACGAGGTCAGGAGTTCGAGACCAGCCTGGCCAACGTGGTGAAACCCCGTCTCTACCAACAATACACAAAAAATTAGCTGAGCGTGGTGGCATGCACCTGTAATCCCAGCTACTCAGGAGGCTGAGGCAGGAGAATCGCTTGAACCCGGGAGGTGGAGGTTGCAGTGAGCCGAGATCACGCCACTGTACTGTAGCCTGGGCGACAGAGCAAGACTCCGTCAAAAAAAAAAAAGA","GGCTGGGCACAGTGGCTCACACCTGTAATCCCAGCACTTTGGGAGGCCGAGGGAGGCGGATCACGAGGTCAGGAGTTCGAGACCAGCCTGGCCAACGTGGTGAAACCCCGTCTCTACCAACAATACACAAAAAATTAGCTGAGCGTGGTGGCATGCACCTGTAATCCCAGCTACTCAGGAGGCTGAAGCAGGAGAATCGCTTGAACCCGGGAGGTGGAGGTTGCAGTGAGCCGAGATCACGCCACTGCACTGTAGCCTGGGCGACAGAGCAAGACTCCGTCAAAAAAAAAAAAAAAAAA"
"chr1","15510291","15510587","chr9","127447515","127447807","51","111937224","GGCCAAGCACAGTGGTTCATGCCTGTAATCCAGCACTTTGGGAGGCCAAGGCGGGCAGATCACTTTGAGCTCAGGAGTTCGAGACCAGCCTGGGCAACATGGCGAGACCCTGTCTCTACAAAAAATTAGCCAGGCATTGGTGGCTCACGCCTGTAGTCCCAGCTACTCAGGAGGCTGAGGCTAGAGAATCACTTGAGCCCAGGAAGTGGAGGCTGCAGTGAGCCAAGATCACATGATTGCACTCTGGCCTGGGTGACAGAATGAGACTTTGTCTCAAAAAAAAAAAGAAAAGAAAAA","GGCTAGGCACAGTGGCTCACACCTGTAATCCCAGCACTTTGGGAGACCGTGGTGGGCAGATCACGAGGTCAGGACTTCGAGACCAGCCTGGCCAATATGGTGAAACCCCATCTCTACTAAAAAATTAGCCGGGCATGGTGGCGCATGCCTGTAGTCCCAGCTACTCGGGAGGCTGAGACAGGAGAATCACTTGAACCTGGGAGGCGGAGGTTGCAGTGAGCCAAGATCAGGTTACTGCACTCCAGTCTGGGCAACAGAGCGAGACTCCGTCTCAAAAAAAAAAAAAAAAAAAA"
"chr1","15583729","15583852","chr5","172392908","172393028","31","156809179","GCTAAGGCAGGAGAATCACTTGGACCTGGGGGGTGGAAGTTGCAGTGAGCCGAGATCGTGCCACTTCACTCCAGCCTGGGTGGGTGAAAGAGCAAAACTCTGTCTACCAAAAAAAAAAAAAGAA","AGGCTGAGGTGGGAGAATCGCTTGAACCCAGAAAGTGGAGGTTGCAGTGAGCCGAGATGGCACCGCTGCACTCCAGCCTGGGCAACAGAGCTAGACTCTGTCTCAAAAGAAAAAAAAAAAA"
"chr1","15607267","15607424","chr1","15586901","15587060","2","20366","CCAGCCTGGACAACATGGTGAGACCACCTGTCACTACAAAATTTCTTTTAAAAAGTTAGCCAGGTGCGGTGGCACACGTATGTGGCTCCAGCTACTCTGGAGGCTAGGCCGAGGCAGAGGGTCACTTGAGCCTGGGTGGCAATGGTTGCGGTAAGCTG","GACCAGCCTGGACAACATGGTGAGACCACCTGTCACTACAAAATTTCTTTTAAAAAGTTAGCCAGGTGCGGTGGCACACGTATGTGGCTCCAGCTACTCTGGAGGCTAGGCCGAGGCAGAGGGTCACTTGAGCCTGGGTGGCAATGGTTGCGGTAAGCTG"
"chr1","15643561","15643716","chr1","15623657","15623812","2","19904","GGTGTGGTGGTGTAGTCTTAGCTACTTGGATGGCTTAGGAGGGAGGGTCACTTGAGCCCAGCAGGCAAAGTTTTCAGTGAGTTGAGATTGCACCACTGCACTCCAGCCTGGACAAGAGAGTGAGACTCCGTCTCCAAAAACAAAACAAAACAAAAA","GGTGTGGTGGTGTAGTCCTAGCTACTTGGATGGCTTAGGAGGGAGGGTCACTTGAGCCCAGCAGGCAAAGTTTGCAGTGAGTTGAGATTGCACCACTGCACTCCAGCCTGGACAAGAGAGTGAGACTCCGTCTCCAAAAACAAAACAAAACAAAAA"
"chr1","15653078","15653207","chr1","10575679","10575809","13","5077399","GCCAGGCGCGGTGGCTCACGCCTGTAATCCCAGCACTTTGGGAGGCCAAGGCAGGCAGATCACAAGGTTAGGAGTTCAAGACCAGCCTGACCAACACGGTGAAACCTGTCTCTACTAAAAATACAAAAAA","GGCCAGGCGCGGGGGCTCACGCCTGTAATCCCAGCACTTTGGGAGGCCGAAGCAGGCAGATCACAAGGTCAGGATTTCCAGACCAGCCTGACCAAAACGGTGAAACCCCGTCTCTACTTAAAAAAAAAAAA"
"chr1","15666671","15666964","chr1","15646927","15647217","4","19744","GGCTGGATGTGGTGGCTCATGCCTGTAATCCCAGCACTTTGGGAGGCCGAGGTGGGTGGATCACGAGGTCAGGAGTTCGAGACCAGCCTGACCAACATGCTGAAACCCTGTCTTTACTAAAAATACAAAAAAAATTAGCCGGGCGTGGTGGCACATGCCTGTAATCCCAGCTACTCAGGAGGCTTAGGCAGGAGAATTGCTTGAACCCGGGAGGGGGAGGTTGCAGTGAGCAGAGATCGAGGCCTGGGTAACAGAGGGAGACCGTCTCAAAAAATAAAATAAAATAAAAAATAA","GGCTGGATGCGGTGGCTCATGCCTGTAATCCCAGCACTTTGGGAGGCCGAGGTGGGTGGATCACGAGGTCAGGAGTTCGAGACCAGCCTGACCAACATGCTGAAACCCTGTCTTTACTAAAAATACAAAAAAAATTAGCCGGGCGTGGTGGCACATGCCTGTAATCCCAGCTACTCAGGAGGCTTAGGCAGGAGAATTGCTTGAACCCGGGAGGGGGAGGTTGCAGTGAGCAGAGATCGAGGCCTGGGTAACAGAGGGAGACCGTCTCAAAAAATAAAATAAAATAAAAAA"
"chr1","15704490","15704576","chr17","13332748","13332838","17","2371742","CGGACGCTGCAGTGAGCTGAGATCGCACCACTGCACTCCAGCCTGGGTGCCAGAGCAAGACTCCATCTCAAAAAAAAAAAAAAAAAA","GGAGCTTGCAGTGAGCCAGATCACACCACTGCACTCCCGCCTTGGCGACAGAGCAAGACTCCGTCTCAAAAAAAAAAAAAAAAAAAAAAGA"
"chr1","15716470","15716771","chr1","15697536","15697863","27","18934","GGCCGGCCGGGTGGCTCATGCCTGTAATCCCAGCACTTTGGGAGGCTGAGGCGGGCGGATCGCGAGGTCAGGAGTTTGAGACCATCCTGACCAACATGGTGAAACTCTGTCTCTACAAGGTACAAAAAAAAAAAAAAAAGCCGGGCATGGTGGCGCGGGCCTGTAATCCCAGCTACTCGGGAGGCTGAGGCAGGAGAATCGCTTGAACCCGGGAGACGGAGGTTGCAGTGAGCTGAGATTGCGCCACTGCGCTCCAGCCTGGGCAACAGAGTGAGACTCCGTCTCAAAAAAAGAAAAAAGAA","GGCCGGCCGGGTGGCTCATGCCTGTAATCCCAGCACTTTGGGAGGCTGAGGCGGGCGGATCGCGAGGTCAGGAGTTTGAGCCCATCCTGACCAACATGGTGAAACTCTGTCTCTACAAGGGTACAAAAAAAAAAAAAAAAAAAAAAAAAAAAAAAAAAAAAAAAAGCCGGGCATGGTGGCGCGGGCCTGTAATCCCAGCTACTCGGGAGGCTGAGGCAGGAGAATCGCTTGAACCCGGGAGACGGAGGTTGCAGTGAGCTGAGATTGCGCCACTGCGCTCCAGCCTGGGCAACAGAGTGAGACTCCGTCTCAAAAAAAGAAAAAAGAA"
"chr1","15726604","15726696","chr3","181238196","181238292","20","165511592","GCTTGAACCAGGGAGGCAGACGTTGCAGTGAGCCGAGATGGTCGCCACTGCACTCCAGCCTGGGCAACCGAGTGAGGCTCCATCTCAAAAAAA","GAGAACTCTGGAACCCGGGAGGCAGAGGCTGCAGTGAGCCGAGATCATGCCACTGCCCTCCAGCCTGGGCGATAGAGCAAGACTCCATCTCAAAAAA"
"chr1","15797838","15798048","chr7","156184570","156184783","33","140386732","TGTCCAACACGGTGAAACCTCGTCTCTACTAAAAATACAAAAAATTAGCTGGGCATGGTGGCACACGCCTGTAATCCCAGCTACTTGGGAGACTGAGGCAGGAGAATTGCTTGAACCTGGGAGATGGGGGTTGCAGTGAGCCTAGATCGCACCACTGCACTCCAGTGTGGGCGGCAGAGCGAGACTCTGTCTCAACCCAAAAAAAAAAAAA","TGGCCAACATGGTGAAACCCCATCTCTAGTACAAAAAACAAAAATATTAGCCTGGCTTGGTGGCATTCACCTGTAATCCCAGCTACTCGGGAGGCTGAGGCAGGGGAATTGCTTGAACCAGGGAGGTGGAGGTTGCAGTGAGCCGAGATCACACCACTGTACTCCAGCCTGGGCGACAGAGAGAGACTCCATCTCAAAAAAAAAAAAAAAAAAA"
"chr1","15802856","15803118","chr1","15787746","15788008","3","15110","GGCCAGGCACGATGGCTCACACCTGTATTCCCAGCACTTTGGGAGGCCGAGATGGGCGGATTACTTCAAGACCAGCCTGGCCACCACGGCGAAACTCCCATCTCTACTAAAAATGAAAAAGCTGGGCGTGGTGGCATGCACCTGTGGTCCCCACTACTCAGGAGGCTGAGGTGAGAGGATTATTTGAGTCCAGGAAGCGGAGGTTGCATTGAGCTGAGATGCCACTGCACTGCAGCCTGGGCAACAGCAAGACCCTGTCTCAA","GGCCAGGCACGATGGCTCACACCTGTATTCCCAGCACTTTGGGAGGCCGAGATGGGTGGATTACTTCAAGACCAGCCTGGCCACCACGGCGAAACTCCCATCTCTACTAAAAATGAAAAAGCTGGGCGTGGTGGCATGCACCTGTGGTCCCCACTACTCAGGAGGCTGAGGTGAGAGGATTATTTGAGTCCGGGAAGCGGAGGTTGCATTGAGCTGAGATGCCACTGCATTGCAGCCTGGGCAACAGCAAGACCCTGTCTCAA"
"chr1","15813939","15814018","chr17","4261422","4261478","25","11552517","GGCGGAGGCTGCAGTCAGCTGAGAACACGCCACTGCACTCCAGCCTGGGTGACAGAGCAAGACTCTGTCTCAAAAAACAA","GAGATGATGCCACTGCATTCCAGCCTGGGTGACAGAGCAAGACTCTGTCTCAAAAAA"
"chr1","15839477","15839782","chr1","15825098","15825407","7","14379","GGCCGGGCACAGTGGCTCACGCCTATAATCCCAGCGCTTTGGGAGGCCGAGGTGGGTGGATCGTCTGAGCTCAGGAGTTGGAGACCAGCCTGGGCAACATGGCAAAACTCTACCTCAGCAAAAATACAAAAAATTAGTCGGACATGATGGCACGATACACTTGTAGTCCCAGCTACTCAGGAGGCTGAAGTAGGAGAATCTCTTGAGTCTGGGAGGTAGAGGTTGCAGTGAGCCAAGATTGCACCACTGCACTCCAACTAGGTGATAGAGTGAGACCCCATCTACAAAAAAAAAAAAAAAAAAAGA","GGCCGGGCACAGTGGCTCACGCCTATAATCCCAGCGCTTTGGGAGGCCGAGGTGGGTGGATCGTCTGAGCTCAGGAGTTGGAGACCAGCCTGGGCAACATGGCAAAACTCTACCTCAGCAAAAATACAAAAAATTAGTCGGACATGATGGCACGATACACTTGTAGTCCCAGCTACTCAGGAGGCTGAAGTAGGAGAATCGCTTGAGTCTGGGAGGTAGAGGTTGCAGTGAGCCAAGATTGCACCACTGCACTCCAACTAGGTGATAGAGTGAGACCCCATCTCAAAAAAAAAAAAAAAAAAAAAAAAAA"
"chr1","15874834","15875127","chr3","66897020","66897313","34","51022186","GGACAGGCGCAGTGGCTTACACCTGTAATCACAGCACTTTGGGAGGCCAAGGTGGGCAGATCACAAGGTCAGGAGTTTGAGACCAGCCTGACCAATATGGTAAAACCCTGTCTCTACTAAAAATACAAAAAATTAGCCGGGCGTGGTGGCAGGCACCTGTAATCCCAGCTACTCGGGAGGCTGAGGCAGGAGAATTGCTTGAACCTAGGAGGCCAAGGTTGCAGTGAACCGAGATCGTGCCACTGCACTCCAGCTTCGGTGGCAGAGCGAGACTTCATCTCAAAAAAAAAAAAA","GGCCAGGCACAGTGGCTCACACCTGTAATCCCAGCACTTTGGGAGGCCAAGGTGGGCAGATCACGAGGTCAGGAGTTTGAGACCAGCCTGGCCAACATCGTGAAACCCTGTCTCTACTAAAAATACAAAAAATTAGCTGGGCATGGTGGCAGGCGCCTGTAATCCCGGCTAGTCGGGAGGCTGAGGCAGGAGAATCGCTTGAACCCAGTAGGCGGAGCTTGCAGTGAGCCAAGATCATCATTGCACTCCAGCCCAGGTGACAGTGCGAGACTCCATCTCAAAAAAAAAAAAAAA"
"chr1","15879731","15879867","chr4","28030717","28030863","30","12150986","CCAGCTACTTGGGAGGCTGAGGCAGGAGAATTGATTGAACCCAGGAGTTGGAGGTTGCAGTGAGCCGAGATCACTCTAGCCTGGGCGACAGAGCAAGACTCCATCTCAAAACAAAACAAAATAACAACAAAAAAAAA","CCAGCTACTCTGGAGGCTGAGGCAGGAGAATCATTTGAACCCAGGAGACGGAGGCTGCAGTGAGCCGAGATCGCACCACTGCACTCCAGCCTGGGCTACACAGTGAGACTCTGTCCAAAAAACAAAACAAACTAACAAAAAAAGAAA"
"chr1","15916401","15916463","chr11","128835234","128835282","17","112918833","TGGTGGCGCACACCTGCAGTCCCGGCTACTTGGGAGGTTGAGGCAGGAGAATCACTTAGAACC","GCCTGTAGTCCCAGCTACTCGGGAGGTTGAGGCAGGAGAATCACTTGAA"
"chr1","15929503","15929661","chr9","111132158","111132304","33","95202655","GCACCTGTGGTCCCAGCTACTTGGGAAACTGAGTTGGGAGATTCACCTGAGCCTGGGATGCAGAGGTTGAAGTAAGCTGAGATCGCACCACGCCACTGCCCTCCAGCCTGGGCCACAGAGCGAGACCCTCTCTCCAAAACAAAACAAAACAAAACAAAA","CACCTGTAGTCCCAGCTACTTGGGAGGCTGAGGCGGGAGAATCATTTAATCCTGGGAGGCAGAGGTTGCAGTAAGCTGAGATCGCGCCATTGCACTCCAGCCTAGGCAACAGAGCAAGACTCTGTCTCAAAAAAAAAATAAAAAGAA"
"chr1","15950139","15950219","chr3","46579108","46579189","9","30628969","GGCCAGGCGCGGTGGCTCATGCCTGTGATCTCAGCACTTTGGGAGGCTGAGGTGGGCGGATCGCGAGGTCAGGAGTTTGAG","GGCCAGGTGCAGTGGCTCACGCCTGTAATCCCAGCACTTTGGGAGGCTGAGGCGGGCGGATCACGAGGTCAGGAGTTCGAGA"
"chr1","15953069","15953357","chr1","15940828","15941117","3","12241","GGCCAGGCACAGTGGCTCACACCTGTAGCCCCAGGACTTTGGCAGGCTGAGGTGAGTAGATCACCAGAGGTCAGGGGTTCAAGCCAGCTTGGCCAACATAGTGAAACCCGTCTCTACTAAAAATACAAAAAAATTAGCCAGGCTTGGTGGCGTGTGCCTGTAGTCCCAGCTACTCAAGGGGCTGAGGTGGGAGAATAGCTTGAACCCGGGAGGTGGAGGTTGTAGTGAGCTGAGATCATGCCACTGCACTCCAGCCTGGGCAACAGAGCGAGACTCCGTCTCAAAAAAA","GGCCAGGCACAGTGGCTCACACCTGTAGCCCCAGGACTTTGGCAGGCTGAGGTGAGTAGATCACCAGAGGTCAGGGGTTCAAGCCAGCTTGGCCAACATAGTGAAACCCGTCTCTACTAAAAATACAAAAAAATTAGCCAGGCGTGGTGGTGTGTGCCTGTAGTCCCAGCTACTCAAGGGGCTGAGGTGGGAGAATAGCTTGAACCCGGGAGGTGGAGGTTGTAGTGAGCTGAGATCATGCCACTGCACTCCAGCCTGGGCAACAGAGCGAGACTCCGTCTCAAAAAAAA"
"chr1","15956715","15956796","chr14","100673591","100673682","21","84716876","GGAGGCAGAGGTTGAAGTGAGCTGAGATTGTGCCACTGCACTCCAGACTGAGCGACAGAGCGAGACTCCATCTCAAAAAAAA","CCTGGGAGGCAGAGGTTGCAGTGAGCCAAGATCACACCACCGCACTCCAGCCTGAGCAACAGAGAGAGACTCCATCTCAAAAAAAAAAAAAA"
"chr1","15961052","15961213","chr7","43484947","43485092","40","27523895","TTAGCCAGGCAGTAGTAGCACACACCTGTTGTCCCAGCTACTTAGGAGGCTGAGGCACCTGGAAGGCGGAGGTTGCAGTGAGCCAAGATTGCACTACTGCACTCCAGTCTCGGCGACAGAGTGAGACCCTGTTTCAAACAAACAAACAAACAAACAAACAAA","TTAGTCAGGTGTAGTGGTGCATGCCTGTAGTCCCAGCTATTCAGGAGGCTGGCCCAGGAGATGGAGGTTGCAGTGAGCCAAGATTGTTCCACTGCCCTCCAACCTGGGCAACAGAGTGAGATTCTGTCAAAAAAAAAAAAAAGAAA"
"chr1","15976262","15976368","chr2B","199271339","199271453","25","183295077","AGAATCTCTTGAACCTGGAAGGTGGAGGTTGTAGTGAGCCCAGAACACGCCACTGCACTCCAGCCTGGGCAACAGAGCAAGACTGTCTCAAAATAAAAAAGAAGAAA","AGAATCACTTGAACCCAGGAGGTGGAGTTTGTAGTGAGCTGAGATTGCACCACTGCACTCCAGCCTAGGAAACAGAGTGAAACACTGTCTCAATAAAAAAAAAAAAATAGAAAAA"
"chr1","15984498","15984792","chr1","15974174","15974468","2","10324","GGCTGGGTGTGGTGGCTCACGCTTATAATCCCAGCACTTTGGGAGGCTGAGGCAGGCGGGTCACGAAGTCAAGAGTTCAAGACCAGCCTGGTGAACATGGTAAAACCCCGTCTCTACTAAAATACAAAAAATTAGCCAGGCGTGGTGGTGTGCATCTGTAGACCCAGCTACTTGGGAGGCTGAGGCAGGGGAATTGCTTGAACCTGGGAGGCGGAGGTTTCAGTGAGCTGAGATCGTGCCACTGCACTCCAGCCTGGGGGACAGAGCAAGACTCCGTCTGGGGAAAAAAAAAGAA","GGCTGGGTGCGGTGGCTCACGCTTATAATCCCAGCACTTTGGGAGGCCGAGGCAGGCGGGTCACGAAGTCAAGAGTTCAAGACCAGCCTGGTGAACATGGTAAAACCCCGTCTCTACTAAAATACAAAAAATTAGCCAGGCGTGGTGGTGTGCATCTGTAGACCCAGCTACTTGGGAGGCTGAGGCAGGGGAATTGCTTGAACCTGGGAGGCGGAGGTTTCAGTGAGCTGAGATCGTGCCACTGCACTCCAGCCTGGGGGACAGAGCAAGACTCCGTCTGGGGAAAAAAAAAGAA"
"chr1","15987862","15988156","chr1","15978044","15978341","4","9818","GCTGGGCGCGGTGGCTCATGCCTGTAATCCCAGCACTTTGGGAGGCTGAGGCGGGCGGATCATGAGGTCAGGAGTTCGAGACGAGCCTGGCCAACATGGTGAAACCCTATCTCTACTAAAAATACAAAAAATTAGCCTGGCATGGTGGCAAGCACCTATAATCCCAGCTACTCGGGAGGCTGAGGCAGGAGAATCGCTTGAACCCAGGAGGTGGAGGGTGCAGTGAGCCAAGATCATGCCATTGCACTCCAGCCTGGGTGACAGAGCAAGACTCTGTCTTGAGAAAAAAAAAAAA","GCTGGGCGCGGTGGCTCATGCCTGTAATCCCAGCACTTTGGGAGGCTGAGGCGGGCGGATCATGAGGTCAGGAGTTCGAGACGAGCCTGGCCAACATGGTGAAACCCTATCTCTACTAAAAATACAAAAAATTAGCCTGGCATGGTGGCAAGCACCTATAATCCCAGCTACTCGGGAGGGTGAGGCAGGAGAATCGCTTGAACCCAGGAGGTGGAGGGTGCAGTGAGCCAAGATCATGCCATTGCACTCCAGCCTGGGTGACAGAGCAAGACTCTGTCTTGAGAAAAAAAAAAAAAAA"
"chr1","15992813","15993052","chr6","164118978","164119199","50","148126165","CAGCCTGACCAATGTGATGAAACCCCATCTCTACCAAAAAGCAATTTTTTTAAAAAATTAGCTGGACATGGTGGCACGCAACTGTAGTCCAAGCTACTTGGGAGGCTGAGGTGGCAGAATCAATTGAACCCAGGAGGCAGAGATTGCAGTGAGCCAAGACCGTGCCACTGCTCTCCGCCTGGGCCACAGAGTAAGACTCTGTCTCAGAAACAAAACAAAACAAAACAAAACAAAACAAAA","AGCCTGGCCAACACGGTGAAACCCTGTCTCTACTAAAAATACAAAAAATTAGCTGGGCATGGTGGTACGCACCTGTAGTCCCAGCTATTTGGGAGGCTGAGGCAGGAGAATCGCTTGAACCCAGGAGGTGGAGGTTGCAGTGAGCCAAGATTGTGCCACTGCACTCCTGCCTGGGCGACAGAGCGAGACTCTGTCTCAGAAAAAAAAAAAAAAAGAAAAAAA"
"chr1","15993678","15993984","chr1","15983526","15983834","4","10152","GGCCGGGTGCGGTGGCTCACTCCTGTAATCCCAGCACTTTGGGAAACTGAAGCGGGTGGATCACAAGGTCAGGAGTTTGAGACCAGCCTGGTCAATATGGTGAAACCCCGTCTCTACTAAAAATATGAAAAAATTAGCCGGGCGTGGTGGCACATGCCTGTAATCACAGCTACTCAGGAGGCTGAGGCAGGAGAATTGCTTGAACCTGGGAGGCCGAGGTTGCGGTGAGCTGAGATTGCGCCACTTTACTCCAGCCTGGGTGACAGAGTGAGACTCCGTCTCAAAAAATAAAAAACAAAAACAAAAA","GGCCGGGTGCGGTGGCTCACTCCTGTAATCCCAGCACTTTGGGAAACTGAAGCGGGTGGATCACAAGGTCAGGAGTTTGAGACCAGCCTGGTCAATATGGTGAAACCCCGTCTCTACTAAAAATATGAAAAAATTAGCCGGGCGTGGTGGCACATGCCTGTAATCACAGCTACTCAGGAGGCTGAGGCAGGAGAATTGCTTGAACCTGGGAGGCCAAGGTTGCGGTGAGCTGAGATTGCACCACTTTACTCCAGCCTGGGTGACAGAGTGAGACTCCGTCTCAAAAAATAAAAAAACAAAAAACAAAAA"
"chr1","15997809","15997911","chr3","181238196","181238292","25","165240387","GAATCACTTGAACTCAGGAGGCTGAGGCTGCAGAGAGCTGAGATCATGCCACTGCACTACAGCTTGGGCAAGAGTGAGACTCCATCTCCAAAAAAAAAAAAAA","GAGAACTCTGGAACCCGGGAGGCAGAGGCTGCAGTGAGCCGAGATCATGCCACTGCCCTCCAGCCTGGGCGATAGAGCAAGACTCCATCTCAAAAAA"
"chr1","15999809","16000000","chr1","71500002","71500187","47","55500193","TTTGAGACCAGCCTGGGCAACGTGGCAAAATCCCAACTCTACAAAATACACAAAAATTAGCTAAGTGTGGTGGCACATGCCTGTAGTCCCAGCTACTCAGGAGGCTGAAGCAGGAGGATTGCTTAATCCCAGGAGGCGGAAGTTGCGGTGGGCTGAGATCACGCCACTGCACACCAGCCTGGGTGGCAGAGC","CCCGCCTGGCCAACATGGTGAAACCCAGTCTCTGCTAAAGATACAAAAAATTAGCCAGGCGTGGTGGTGTGTGCCTGTAATCCCAGCTACTCAGGAGGCTGAGGCAGGAGAATCTCTTGAACTCGGGAGGCAGAGGTTGCAGTGAGCCGAGATAGTGCCATTGCACTCCAGCCTGGGTGACAGGGC"
"chr1","16000925","16001220","chr7","77001739","77002026","40","61000814","GGCCGGGCACGGTGGCTCACACCTGTAATCCCAGCACTTTGGGAGGGCCAAGGCAGGCAGATGACCAGGTCAGGAGATGGAGACCATCCTGGCCAACATGGTAAAACCTCATCTCTACTAAAACGCAAAAAATTAGCCGAGTGTGGTGGTGCCCGCCTGCAGTCCCAGCCACTCAGGAGGCTGAGGCAGGGGAATCGCTTGAACCTGGGAGGCAGAGACTGCAGTGAGCCGAGATTGCGCCACTGCACTCCAGCCTAGGCAACAAGAGCCAAAACTCCATCTCGAAAATAAATAAA","GGCCGGGCGCGGTGGCTCACGCCTGTAATCCCAGCACTTTGGGAGGCCGAGGCCGGCGGATCATGAGGTCAGGAAATCAAGACCATCCTGGCCAACATGGTGAAACCCCATCTCTACTAAAACACAAAAAATTAGCTGGGTGTGGTGGTGCGTGCCTGTAGTCCCAGATACTTGGGAGGCTGAGGCAGGGGAATCACTTGAACCTGGGAGGCAGAGATTGCAGTGAGCCGAGATCAGGCCACTGCACTCCAGCCTGGGAGACAGAGCAAGACTCCATCTCAAAATAAA"
"chr1","16022735","16022811","chr11","8774884","8774956","22","7247851","GTGGAAGTTGCAGTGAGCAGAGATTGCACTCCAGCCTGGGAAGCAGAGCAAGACCCAGTCTTAAAAAAGAAAAAAAA","AGTGAGCTGAGATTGCGCCATTGCACTCAGCATGGGCGACAGAGTGAGACTCTGTCTCAAAAAAAAAAAAAAA"
"chr1","16089022","16089323","chr1","16078582","16078887","7","10440","GGCCGGGCACAGTGGCTCACGCCTGTAATCCCAGCACTTTGGGACGCTGAGGCGGGTGGATCACGAGGTCAGGAGTTCAAGACCAGCCTGGCTGACATAGTGAAACCCCATCTCTACTAAAAATATAAAAAATTAGCCGGGCATGGTGGTAGGTGCCTGTAATCCCAGCTACTCAAGAGGCTGAGGCAGGAGAATGCTTGAACCTGGGAGGCAGAGGTTGCAGTGAGCCAAGATCGTGCCACTGCACTCCAGCCTGGGTGACAGTGGAGACTCCATCTACAAAAAAAAAAAGTAAAAATAAA","GGCCGGGCACAGTGGCTCACGCCTGTAATCCCAGCACTTTGGGACGCTGAGGCGGGTGGATCACGAGGTCAGGAGTTCAAGACCAGCCTGGCCGACATAGTGAAACCCCATCTCTACTAAAAATATAAAAAATTAGCCGGGCATGGTGGTAGGTGCCTGTAATCCCAGCTACTCAAGAGGCTGAGGCAGGAGAATGCTTGAACCTGGGAGGCAGAGGTTGCGGTGAGCCAAGATCGTGCCACTGCACTCCAGCCTGGGTGACAGTGGAGACTCCATCTCAAAAAAAAAAAAAAAAGTAAAAATAAA"
"chr1","16134626","16134927","chr1","16129810","16130120","14","4816","GGCCAGGTGCGGTGCCTCATGCCTGTAATCCCAGCACTTTTGGAGGCCGAAGCGGGCAGATCATGAGGTCAGGAATTCGAGACCAGCTTGGCCAACATAGTGAAACCCCATATCTGCTAAAAATACAAAAAATTAGCTGGGTGTGGTGGCGGGTGCCTATAATCCCAGCTACTCAGGAGGCTGAGGCAGGAGAATCGCTTGAACCCAGGAGGCGGAGGTTGCAGTGAGCTGAGATCGCACCACTGCACTCCAGCCTGAGCAACAGTGTGAGACTCCATCTACAAAAAAAAAAAAAAAAGAAA","GGCCAGGTGCGGTGCCTCATGCCTGTAATCCCAGCACTTTGGGAGGCTGAAGCAGGCAGATCATGAGGTCAGGAATTCGAGACCAGCTTGGCCAACATAGTGAAACCCCATATCTGCTAAAAATACAAAAAATTAGCTGGGTGTGGTGGCGGGTGCCTATAATCCCAGCTACTCAGGAGGCTGAGGCAGGAGAATCGCTTGAACCCAGGAGGCGGAGGTTGCAGTGAGCTGAGATCGCACCACTGCACTCCAGCCTGAGCAACAGTGTGAGACTCCATCTCAAAAAAAAAAAAAAAAAAAAAAAAAAAAAA"
"chr1","16155796","16156106","chr20","31780440","31780748","33","15624644","GCCAGGCGCAGTGGCTCACGCCTGTAATCCCAGCATTTTGGGAGGCCGAGGCAGGCGGATCACGAGGTCAGGAGTTCGAGACCAGCCTTGCCAACATGGTGAAACCCCATCTCTACTAAAGATACAAAAAATTAGCCGGGCATGGTGGCGGGTGCCTGCAGTCCCAGCTACTTGGGAGGCTGAGGCAGGAGAATTGCTTGAACCTGGGAGGCAGAGGTTGCAGTGAGCCAAGATTGTGCCATTGCACTCCACCCTGGGCAACAAGAGTGAAACTCCATCTCAAAAACAAACGAGCAAACAAACAAAAAAAA","GCCAGGCGCAGTGGCTCACACCTGTAATCCCAGCACTTTGGGAGGCTGAGGCAGGCAGATCACGAGGTCAGGAGTTCGAGACCAGCCTGGACAGCAAGGTGAAACCCTGTCTCTACTAAAAATACAAAAAATTAGCTGGGCATGGTGGCGTGTGCCTGTAATCCCAGCTACTCGGGAGGCTGAGGCAGGAGAATTGCTTGAACCCAGGAGGCAGAGGTTGCAGTGAGCCAAGATCGTGCCACTGCACTCCAGCCTGGGTGACAGAGAGAGACTCCATCTCAAAAAAAAAAAAAAAAGAAAGAAAAAAAA"
"chr1","16231780","16231938","chr5","175990298","175990451","26","159758518","GGCGCGCACCTGTAGTCCCAGCTACTCAGGAAGCTGAAGTGGGAGAATCGCTTGAATCAGGGAGGCAGAGGTTGCAGTGAGCCAAGATCATGCCACTGCACTCCAGCCTAGGTGACAGAGCAAAACATCATCTCAAAAACAAACAAACGAACAAAAAAA","GCATGCCTGTAGTCCCAGCTACTCAGGAGGCTGAGGCAGGAGAATTGCTTGAACCCAGGAGGCGGAGGTTGCAGTGAGCTGAGATCATGCCACTGCACTCCAGCCTGGGTGACAGAATGAGACTCTATCTCAAAAACAAACAAACAAATAAAAA"
"chr1","16266301","16266599","chr1","16262653","16262950","4","3648","GGCTGGGCACAGTGGCTCACGCCTGTGATCTCAGCACTTTGGGAGGCCGAGGCGGGCGGATCGCGAGGTCAGGAGATCGAGACCAGCCTGGCCGACATAGTGAAACCCTGTCTCTCCTAAAAACACAAAAAATTAGCTGTGTGTGGTGGCACGTGCCTGTAATCCCAGCTACTCCAGAGGCTGAGGCAGGAGAATTGCTTGAACCCGGAAGGCAGAGGTTGCAGTGAGCCGAGATCGAGCCACTGCACTCCAGCCTGGGCAACAGAGCGAGACTCTGTCTCAAAAAAAAAGGGAAAAAA","GGCTGGGCGCAGTGGCTCACGCCTGTGATCTCAGCACTTTGGGAGGCCGAGGCGGGCGGATGGCGAGGTCAGGAGATCGAGACCAGCCTGGCCGACATAGTGAAACCCTGTCTCTCCTAAAAACACAAAAAATTAGCTGTGTGTGGTGGCACGTGCCTGTAATCCCAGCTATTCCAGAGGCTGAGGCAGGAGAATTGCTTGAACCCGGAAGGCAGAGGTTGCAGTGAGCCGAGATCGAGCCACTGCACTCCAGCCTGGGCAACAGAGCGAGACTCTGTCTCAAAAAAAAGGGAAAAAA"
"chr1","16296786","16297059","chr1","16293139","16293412","1","3647","GCCAGGCACAGTGGCTCACACCTGTAATCTCAGCACTTTGGGAGGCTGAGGCAGGCAGATCACGAGGTCAGGAGTTTGAGATCAGCCTGGTCAACATGGTGAAACCCCGTCTCTACTAAAAATACCAAAAAAATTAGCCGGGTGTGATGGCACGCGCCTGTAATCCCAGCTACTCAGGAGGCTAAGGCAGGAGAATTGCTTGAACCTGGGAGGCGGAGGTTGCAGTGGGCCAAGATCTGGCCACGGCACTCCAGCCTGGGTGACAGAGGGCGAC","GCCAGGCACGGTGGCTCACACCTGTAATCTCAGCACTTTGGGAGGCTGAGGCAGGCAGATCACGAGGTCAGGAGTTTGAGATCAGCCTGGTCAACATGGTGAAACCCCGTCTCTACTAAAAATACCAAAAAAATTAGCCGGGTGTGATGGCACGCGCCTGTAATCCCAGCTACTCAGGAGGCTAAGGCAGGAGAATTGCTTGAACCTGGGAGGCGGAGGTTGCAGTGGGCCAAGATCTGGCCACGGCACTCCAGCCTGGGTGACAGAGGGCGAC"
"chr1","16332103","16332246","chr22","35041748","35041876","40","18709645","GAATCGCTTGAACCTGGAAGGCGGAGGTTGCGGTGAGCCGAGATCATGCCACTGCACTCCAGCCTGGGAGACAGAGCGAGACTCTGTCTTAAAACAAAACAAAACAAAAAACCAAAAAACAAACAAATAAAAAACAAAAAAAAA","GAGAATCACTCGAACCCGCGAGGCAGATGTTGCAGTGACCCGAGATCGCGCCACTGCACTCCAGCCTGGTGACAGAGAGAGACTCCTTCTCAAAAATAAATAAATAAAATAAAATAAAATAAAATAAAA"
"chr1","16412806","16412940","chr1","31310870","31311004","17","14898064","GCTGGGCGTGGCAGCTCATGCCCATAATCCCAGCACTTTGGGAGGCCAAGGTGGGCAGATCACAAGGTCAGGAGTTCAAGACCAGCCTGGCCAAGATAGTGAAACCCCATCTCTACTAAAAATACAAAAAAATTA","GGCTGGGCACGGTGGTTCATGCCTGTAATCCCAGCACTTTGGGAGGCCAAGGCGGGCAAATCACAAGGTCAGGAGGTCGAGACCAACCTGACCAACATGGTGAAACCCCATCTCTACTAAAAATACAAAAAATTA"
"chr1","16413252","16413433","chr3","145547243","145547422","33","129133991","CAAAAATAAAGTTAGCCGGGCGTGGTGGCACATGCCTGTAATCCCAGCTACTCAGGAGACTGAGGCAGGAGAACTGCTTGAACCTGGTTGGCGGAGGCTGCAGTGAGCCGAGATCGCACCACTGCACTCCAGCCCCGCGACACTGCAAGACTCATCTCAAAAACAAACAAACAAACAAAAAA","ACAAAAACTTAGCCGGGTGTGGTGGCTCATGCCTGTAATCCCAGCACTTTGGGAGGCTGAGGCAGGAGAATTGCTTGAACCCGGGAGGCAGAGGTTGCAGTGAGCCAAGATAACGCCACTGCACTCCAGCCTGGGTGACAGAGCAAGACTCCATCTCAAAAAAAAAGAAAAAAGAAAAAA"
"chr1","16427024","16427327","chr1","16432351","16432654","1","5327","GGCTGGGTGCGGTGGCTCATGCCTGTAATCCCAGCACTTTGGGAGGCCGAGGCGGGCAGATCACGAGGTCAGGAGATCGAGACCAGCCTGGCCAACATGGTGAAACCCTGTGTCTACTAAAAATACAAAAAATTAGCCAGGCATGGTGGCACATGCCTGTAATCCCAGCTACTCGGGAGGCTGAGGAGGAGAATCGCTTGAACCTAGGAGGCAGAGGTTGCAGTGAGCCAAGATTGTGCCATTTCACTCCAGCCTGGGTGACAGAGCAAGACTGTCTCGAGGAAAAAAAATAAAAAAGGAAAAA","GGCTGGGTGCGGTGGCTCATGCCTGTAATCCCAGCACTTTGGGAGGCCGAGGCGGGCGGATCACGAGGTCAGGAGATCGAGACCAGCCTGGCCAACATGGTGAAACCCTGTGTCTACTAAAAATACAAAAAATTAGCCAGGCATGGTGGCACATGCCTGTAATCCCAGCTACTCGGGAGGCTGAGGAGGAGAATCGCTTGAACCTAGGAGGCAGAGGTTGCAGTGAGCCAAGATTGTGCCATTTCACTCCAGCCTGGGTGACAGAGCAAGACTGTCTCGAGGAAAAAAAATAAAAAAGGAAAAA"
"chr1","16434532","16434702","chr1","16440083","16440253","1","5551","TTAGCCAGGCATGGTGGTGTTTGCCTGTAGTGCCTGCTACCCAGGAGGCAGAGGTAGGAGTATTGCTTGAGCCTGGGAGGCAGAGATTGCAGTGAGCTAAAGTCATGCATGCCACTGCAGCCTGGGTAGCAGAGCGAGACCCTGTCTAAAGAAAAAGATAAATAAACAAAA","TTAGCCAGGCATGGTGGTGTTTGCCTGTAGTGCCTGCTACCCAGGAGGCAGAGGTAGGAGTATTGCTTGAGCCTGGGAGGCAGAGATTGCAGTGAGCTAAAGTCATGCATGCCACTGCAGCCTGGGTAGCAGAGTGAGACCCTGTCTAAAGAAAAAGATAAATAAACAAAA"
"chr1","16451320","16451621","chr1","16452320","16452621","1","1000","GGCCAGGCACAGTGGCTCACGCCTGTAATCCCAGCACTTTGGGAGGCCAAGGCGGAGGAATCACAAGGTCAGGAGTTTGAGACCAGCCTGGCCAACATGGTGAAACCCCATCTCTACTAAAAATACAAAAAATTAGCTGGGTGTGGTGGTGGGCACCTGTAATCCCAGCTACTCGGGAGGCTGAGGCCAGAGAATCGCTTGAACCTGGGAGGCGGAGGTTGCAGTAAGCCGAGATCGTGCCACTGTACTCCAGCCCAGGCGACAGTGCGCGACTCCATCTCAAAAACAAACAAACAAAAAAA","GGCCAGGCACAGTGGCTCACGCCTGTAATCCCAGCACTTTGGGAGGCCAAGGCGGAGGAATCACAAGGTCAGGAGTTTGAGACCAGCCTGGCCAACATGGTGAAACCCCATCTCTACTAAAAATACAAAAAATTAGCTGGGTGTGGTGGTGGGCACCTGTAATCCCAGCTACTCGGGAGGCTGAGGCCAGAGAATCGCTTGAACCTGGGAGGCGGAGGTTGCAGTAAGCCGAGATCGTGCCACTGTACTCCAGCCCAGGCGACAGTGCGCGACTCCGTCTCAAAAACAAACAAACAAAAAAA"
"chr1","16473229","16473469","chr4","177855196","177855428","37","161381967","GGGAGACCAAGGCAGGCGGATCACGAGGCCAGGAGTTCGAGACCAGCCTGGCCAACATGGTGATACCCCATCTCTACTAAAAATCAAAAAATTAGCTGGGCGTGGTGCAGGACACCTGTAATCCCAGCTATTTGGGAGGCTGAGGCAGGAGAATTGCTTGAACCCAGGAGGCGGAGGTTGCAGTGAGCTGACATCCTACCACTGAACTCCAGCCTGGGTGATGGAGCGAGACTCTGTCTTA","GAGGCAGGCAGATCACAAGGTCAGGAGTTTGAGGCCAGCCTGGCCAACATAGTGAAACCCCATCTCTACTAAAAATACAAAAACAATTAGCTGGGCGTGGTGGCAGGCACCTGTAATCCCAGCTACTTGGGAGGCTGAGGCAGGAGAATCGCTTGAACCTGGGAGGCAGAGGTTGCAGTGAGCTGAGATTGTGCCACTGCACTCCAGCCTGGGTGACAGTGCGAGACTCTATC"
"chr1","16508234","16508448","chr1","16514260","16514472","5","6026","ACCAGCCTGGCCAACATGGTGAAGCCCTGTCTCTACCAAAAATACAAAAAATTAGCAGGGTGTGGTGGCTGGCGCCTGTAATCCCACCTACTTGGGAGGCTGAGGCAGGAGAATTGCTTGAACCCGAGAGGCAAAGGTTGCAGTGAGCCAAGACTGCGCCACTGCACTCCAGCCTGGGCAACAGAGCGAGACTTCGTCTACAAAAAAAAAAAAAA","ACCAGCCTGGCCAACATGGTGAAGCCCTGTCTCTACTAAAAATACAAAAAATTAGCGGGGTGTGGTGGCTGGTGCCTGTAATCCCACCTACTTGGGAGGCTGAGGCAGGAGAATTGCTTGAACCCGAGAGGCAAAGGTTGCAGTGAGCCAAGACTGCGCCACTGCACTCCAGCCTGGGCAACAGAGCGAGACTTCGTCTCAAAAAAAAAAAAA"
"chr1","16548303","16548462","chr5","438717","438887","34","16109586","GCCAGGTATGTTTGTGCACGCCTGTAGTCCCAGCTACTCAGGAGGCTGAGACTAGCTTGAACCCGGGAGGTGGAGGTTGCAGTGAGCCGTGATCACACCACTGCACTCCAGCCTGGGCAACAGAGACTCTGTCTCAAAAAAAAGGAAAGAAAGAAAGAAA","GCTGGGCCTGGTGTCGCATGCCTGTAGTCCCAGCTACTCAGGAGGCTGAGGCAGGAGAATCACTTGAACCCAGGAGGTGGAGGTTGCAGTGAGCCAAGATCACACCACTGCACTCCAGCCTGGGTGACAGAGCCAGACCCTGTCTTAAAAAAAAAAAAAAGAAAAGAAAAA"
"chr1","16563600","16563730","chr1","16571803","16571933","0","8203","GGCCTGGTGCGGTGGCTCACACCTGTAATCCCAGTACTCTGGGAGGCTGAGGCGGGCGGATCATGAGGTCAGGAGTTTGAGACCAGCCTGGCCAGCAAGGTGAAACCCCATCTCTACTAAAGATACAAAAA","GGCCTGGTGCGGTGGCTCACACCTGTAATCCCAGTACTCTGGGAGGCTGAGGCGGGCGGATCATGAGGTCAGGAGTTTGAGACCAGCCTGGCCAGCAAGGTGAAACCCCATCTCTACTAAAGATACAAAAA"
"chr1","16594379","16594543","chr19","6717167","6717332","24","9877212","GCCGGGTGTGGTGGCACACACCTGTAGTCCTAGCTACTAGAGAGGCTGAGGCAGGAGAATCGCTTGAACTTGGGAGGCCGAGGTTGCAGTGAGCTGAGATTGTGTCACTGCACTCCCGCAAGGGTGACAGAGCAAGATTCCATCTCAAAAAATAAATAAATAAAA","AGCCAGGCGTGGTGATGCACACCTGTAGTCCCAGCTACTTGAGAGGCTGAGGCAGGAGAATCGCTTGAACCCGGGAGGCGGAGGTTGCAGTGAGCCGAGATTGCGCCACTGCACTCCAGCCTGGGTGACAGAGCGAGACTTCATCTCAAAATAATAATAATAATAA"
"chr1","16937893","16938205","chr1","16831852","16832140","34","106041","GGCAGGGCGTGGTGGCTCACACCTATAATCCCAGCACTTCAGGAGGCCAAGGCGGGCAGATCACGTGAGGTCAGGAGTTCGAGACCAGCCTGGCCAACATGGTGAAACCCTATCTCTACTAAAAATACAAAAAATTAGCCAGGCGTGGTGGCGCACTCCTGTAGTCCCAGCTGCTTGGGAGGCTGAGGTAGGAGAATTGCTTGAACCCAGGAAGTGGAGACTGCAGTAAGCTGAGATCATGACACTGCACTCCAGCCTGGGTGACACAGCAAGACTGTGTCTCAAAATAAATAAATAAATAAAATAAAAATAA","TATAATTCTAGCGCTTTAGGAGGCCGAGGCTGGCAGATCATGTGAGGTCAGGAGTTCGAGACCAGCCTGTCTAACATGGTGAAACCCTATCTTTACAAAAATACAAAAAATTAGCCAGGCGTGGTGGCGCACTCCTGTAGTCCCAGCTGCTTGGGAGGCTGAGGTAGGAGAATTGCTTGAACCCAGGAAGTGGAGACTGCAGTAAGCTGAGATCATGACACTGCACTCCAGCCTGGGTGACACAGCAAGACTGTGTCTCAAAATAAATAAATAAATAAAATAAAAATAA"
"chr1","16963252","16963318","chr1","24064454","24064526","17","7101202","GAGGTCAGGAGTTTGAGACCAGCCTGTCCAACATGGTGAAACCCCATCTCTCCTAAAAAAAAAAATT","GATCACAAGGTCAGGCATTTGAGACCAGCCTGGACGACATGGTGAAAACCCACCTCTACTTAAAAAAAAAAAA"
"chr1","16994862","16995143","chr1","16892784","16893080","16","102078","GGCCCAGCACAGTGGCTCATGCCTGGAATCCTAGCACTTCGGGAGGCCGAGGCGGGTGGATCATGAGGTCAGGAGTTCAAGACCAGCCTGGCCAATATGGTGAAACCCCGTCTCTACTGAAAATATAAAAAATTAGCCGGGCGCGGTGACATATGCCTGTTGTCCCAGTTACTCGGGAGGCTGGGGCAGGAGAATCGCTTGAACCCGGGAGGCAGAGGTTGCAGTGAGCTGAGATCGCCACTGCACTCCAGCCTGGGCAACCGAGCGAGACTCCGTCTCAAA","GGCCCAGCACAGTGGCTCATGCCTGGAATCCTAGCACTTCGGGAGGCCGAGGCGGGTGGATCATGAGGTCAGGAGTTCAAGACCAGCCTGGCCAATATGGTGAAACCCCGTCTCTACTGAAAATATAAAAAATTAGCCGGGCGCGGTGACATATGCCTGTTGTCCCAGTTACTCGGGAGGCTGGGGCAGGAGAATCGCTTGAACCCGGGAGGCAGAGGTTGCAGTGAGCTGAGATCACGCCACTGCACTCCAGCCTGGGCAACAGAGCGAGACTCCGTCTCAAAAAAAATAAATAAA"
"chr1","16998401","16998700","chr1","16896339","16896639","3","102062","GGCCAGGCGCAGTGGCTCGCACCTGTAATCCCAACACTTTGGCAGGCAGAGGTGGGTGGGTTGCCTGAGGTGAGGAGTTCGAAAACAGCCTGGAAATCATGTTGAAACCCCATCTCTACCAAAAATACAAAAAATTAGCCAGGTGTAGTGGTGCACGTCTATCGTCCCAGGTACTTGGGAGGCTGAGGTGGGAGGATTGTTTGAGCCTAGGAGGTGGAGGTTGCAGTGAGCCGAGATTGCACCACTGCACTCCAGCCTGGGTGACAGAGTAAGACTCCGTCTCAGAAAACAAAAAAAAAA","GGCCAGGCGCAGTGGCTCGCACCTGTAATCCCAACACTTTGGCAGGCAGAGGTGGGTGGGTTGCCTGAGGTGAGGAGTTCGAAAACAGCCTGGAAATCATGTTGAAACCCCATCTCTACCAAAAATACAAAAAATTAGCCAGGTGTAGTGGTGCACGTCTATCGTCCCAGGTACTTGGGAGGCTGAGGTGGGAGGATCGTTTGAGCCTAGGAGGTGGAGGTTGCAGTGAGCCGAGATTGCACCACTGCACTCCCGCCTGGGTGACAGAGTAAGACTCCGTCTCAGAAAACAAAAAAAAAAA"
"chr1","17000004","17000121","chr2B","199271339","199271453","23","182271335","AGAATCACTTGAACCTGGGGGGTGGAGGCTGCAGTGAGCTGAGATCATGTCACTGCACTCCAGCCTGGACAACAGAGTGAAACTCCGTCTCACAAAAAAACAAAAAAGGAAAAGGAAA","AGAATCACTTGAACCCAGGAGGTGGAGTTTGTAGTGAGCTGAGATTGCACCACTGCACTCCAGCCTAGGAAACAGAGTGAAACACTGTCTCAATAAAAAAAAAAAAATAGAAAAA"
"chr1","17054702","17054999","chr1","16953687","16953984","9","101015","GGCCGGGCGCGGTGGCTCATGCCTGTAATTCCAGTACTTTGGGAGGCCGAGGTGGGTGGCTCACGAGGTCAGGAGTTCAAGACCAGCCTGGCCAAGATGGTGAAACCCCGTCTCTACTAAAAATACAAAAAATTAGCCGGGTGTGATGGTGTGCGCCTGTAATCCCAGCTACTCGGGAGGCTGAGGCAGGAGAATCGCGTGAACCCGGGAGGCGGAGGTTGCAGTGAGCCAAGATCGCGCCATTGCACTCCAGCCCGGGAGACAGTGCGAGACTCCATCTCAAACAAACAAACAAAAA","GGCCGGGCGCAGTGGCTCATGCCTGTAATCCCAGCACTTTGGGAGGCCAAGGTGGGCCGATCACGAGGTCAGGAGTTCAAGACCAGTCTGGCCAAGATGGTGAAACCCCGTCTCTACTAAAAATACAAAAAATTAGCCGGGTGTGATGGTGTGCGCCTGTAATCCCAGCTACTCGGGAGGCTGAGGCAGGAGAATCGCGTGAACCCGGGAGGCGAAGGTTGCAGTGAGCCAAGATCGCGCCATTGCACTCCAGCCCGGGAGACAGTGCGAGACTCCATCTCAAACAAACAAACAAAAA"
"chr1","17084534","17084712","chr1","16983479","16983657","2","101055","AAAAACACAATAACCAGGCGTGGTGGTGCATGCCTGTAGTCCCAGCTACTTGGGAGGCTGAGGTGGGAGGATTGCTTAAGCCTGCAAGGCGGAGGTTGCAGTGAGCTGAGATCATACCACTGCACTCCAGCCTGGGTGACAGAGCGAGACCTCATCTCAAACAAAACAAAACACACAAA","AAAAACACAATAACCAGGCGTGGTGGTGCATGCCTGTAGTCCCAGCTACTTGGGAGGCTGAGGTGGGAGGATTGCTTAAGCCCGCAAGGCGGAGGTTGCAGTGAGCTGAGATCATGCCACTGCACTCCAGCCTGGGTGACAGAGCGAGACCTCATCTCAAACAAAACAAAACACACAAA"
"chr1","17211493","17211749","chr1","17116361","17116617","7","95132","GGCTGGGCATGGTGGCTCATGCCTGTAATCCCAGCACTTTGGGAGGCTGAGGTCAGGAGTTCAAGACCAGCCTGGCCTACATAGTGAAATCCCATCTCTACTAAAAATACAAAAAACTAGCTGGGCATGGTGGAGGGAGAGGAATTGCTTCAACCTGGGAGGCGGAGGTTGCAGTGAGCCAAGATCGTGCCACTGCACTCCAGCCTGGGCGACAGAGCAAGACTCCGTCTCAAAAAAACAAAAACAAAAACAAAAAA","GGCTGGGCATGGTGGCTCATGCCTGTAATCCCAGCACTTTGGGAGGCTGAGGTCAGGAGTTCAAGACCAGTCTGGCCTACATAGTAAAACCCCATCTCTACTAAAAATACAAAAAACTAGCTGGGCATGGTGGAGGGAGAGGAATTGCTTCAACCTGGGAGGTTGAGGTTGCAGTGAGCCAAGATCGTGCCACTGCACTCCAGCCTGGGCGACAGAGCAAGACTCCGTCTCAAAAAAAACAAAAACAAAAACAAAAA"
"chr1","17221764","17221883","chr5","172392908","172393028","22","155171144","TGAGGTGGGAGAATCGCTTGAACCTGGGAGGCGGAGGTTGCAGTGAGCAGAGACTGCACCACTGCACTCCAACCTGGGTGAGAGAGCGAGACTCTGTCTCAAAAAAAAAAAAAAAAAGAA","AGGCTGAGGTGGGAGAATCGCTTGAACCCAGAAAGTGGAGGTTGCAGTGAGCCGAGATGGCACCGCTGCACTCCAGCCTGGGCAACAGAGCTAGACTCTGTCTCAAAAGAAAAAAAAAAAA"
"chr1","17232358","17232663","chr1","17135012","17135317","3","97346","GGCTAGGCGTGGTGGCTCACACCTGTAATCCCAGCACTTTGGGAGACCGAGGTGGGTGGATCACGAGGTCAGGAGTTTGAGACCAGCCTGGACAACATGGTGAAACCCCATCTCTACTAAAAATACAAAAAGTTAGCCAGGCGTGGTGGTAGGGTGGGGGACACCTGTAATCCCAGCTACTCGGGAGGCTGAGGCAGGAGAATCGCTTGAACCCGGAAGGCAGAGGTTGCAGTGAGCCAAGATCGCGCCATTGCACTCCAGCCCAGGCAACAGTGTGAGACTCCTTCTCAAAAACAAACAAACAAA","GGCTAGGCGTGGTGGCTCACACCTGTAATCCCAGCACTTTGGGAGACCGAGGTGGGTGGATCACGAGGTCAGGAGTTTGAGACCAGCCTGGACAACATGGTGAAACCCCATCTCTACTAAAAATACAAAAAATTAGCCAGGCGTGGTGGTAGGGTGGGGGACACCTGTAATCCCAGCTACTTGGGAGGCTGAGGCAGGAGAATCGCTTGAACCCGGAAGGCAGAGGTTGCAGTGAGCCGAGATCGCGCCATTGCACTCCAGCCCAGGCAACAGTGTGAGACTCCTTCTCAAAAACAAACAAACAAA"
"chr1","17238450","17238740","chr2A","75762004","75762290","40","58523554","GGCTGGGTGTGGTGGCTCACGCCTGTAATCCCAGCACTTTGGGAGGCCAAGGTGGGCGGATCACCGGCAGTCAGGAGTTTGAGACCAGCCTGGCCAACATGGTGAAACCCTGTCTCTACTAAAAATACAAAAAATTAGCCGGGCATGGCGTAATCCCAGCTACTTGGGAGGCTGAGGCAGGAGAATCGCTTGAACCCAGCAGATGAAGGTTGTAGTGAGCCAAGATCGCGCTATTGCACTCCAGCCTGGGCAACAGAGCAAGATTCTGTCTCGAAAATCAAACAAACAAAA","GGCTGGGTGCGGTGGCTCACGCCTGTAATCCCAGCACTTTGGGAGGCCGAGGTGGGCAGATCACGAGGTCAGGAGATTGAGACCAGCCTGGCCAACATGGTGAAACCCCATCTCTACTAAAAATACAAAAAATTAGCCTGGCATGGGTCCCAGCTACTCGGGAGGCTGAGGCAGGAGAATTGCTTGAACCCGGGAGGCGGAGGTTGCAGTGAGCTGAGATCGCGCCACTGCACTCCAGCCTGGGTGACAGAGCGAGACTGTGTGTCAAGAAAAAAAAAAAAAAAGAA"
"chr1","17313775","17313873","chr14","100673591","100673682","23","83359816","GAACCCAGGAGGCAGAGGTTGCAGTGAGCCAAGATTGGGCTAGTGCACTCCAGCCTGGGTGACAGAGTAAGACTCTGTCTCAAAAAAAAGAGGCAAAAA","CCTGGGAGGCAGAGGTTGCAGTGAGCCAAGATCACACCACCGCACTCCAGCCTGAGCAACAGAGAGAGACTCCATCTCAAAAAAAAAAAAAA"
"chr1","17320079","17320299","chr10","28552870","28553083","26","11232791","GGCCAGGCATGGTGGCTCAAGCCTGTAATCCCAGCACTTTGGGAGGCCGAGACGGGCAGATCACGAGGTCAGGGGTTCGAGACCAGCCTGGCCAACATGGTGAAACCCCGTCTCTACTAAAAATACAAAAAAATTAGCCAGGTGTGGTGGTGGGTGTCTGTAATCCCAGGTACTCAGGAGGCTGAGGCAGGAGAATTGTTTGAACCTGGAGGTGGAGATTG","GGCCAGGCACAGTGGCTCAAGCCTGTAATCCCAGCACTTTGGGAGGCCGTGACGGGCGGATCACGAGGTCAGAAGTTCGAGACCAGCCTGGCCAACTTAGTGAAACCCCGTCTCTACTAAAAATACAAAAAATTAGCCAGGTGTGGTGGTGTGCGCCTGTAATCCCAGCTATTCGGGAGACTGAGGCAGGAGAATTGTGTGAACCCAGGAGGCG"
"chr1","17324674","17324971","chr1","17227686","17227989","6","96988","GCCGGGCGTGGTGGCTCATGCCTGTAATCCCAACACTTTGGGAGGCCAAGGCGGGTGGATCACCTGAGGTCAGCAGTTTGAGACCAGCCTGACCAATATGGTGAAACCCTATCTCTACTAAAAATACAAAAAATTAGCCGGGAGTGGTGGCATGCACCTGTAGTCCCAGCTACTTGGGAGGCTGAGACAGGAGAATTGCTTGAACCTGGGAGGTGGAGGCTGCAGTGAGCTGAGATTGCACCACTGCACTCTAGCCTGGGTGACAGAGTGAGACTCCATCCCAAAAAAAAAAAGATAA","GCCGGGCGTGGTGGCTCATGCCTGTAATCCCAACACTTTGGGAGGCCAAGGCGGGTGGATCACCTGAGGTCAGCAGTTTGAGACCAGCCTGACCAATATGGTGAAACCCTATCTCTACTAAAAATACAAAAAATTAGCCGGGAGTGGTGGCATGCACCTGTAGTCCCAGCTACTTGGGAGGCTGAGACAGGAGAATTGCTTGAACCTGGGAGGTGGAGGCTGCAGTGAGCTGAGATTGCACCACTGCACTCTAGCCTGGGTGACAGAGTGAGACTCCATCCCCAAAAAAAAAAAAAAAAGATAA"
"chr1","17343165","17343469","chr1","17246742","17247049","30","96423","CTGGGTGTGGTGGCTTACGCCTATAATCCCAGCACTTTGGGAGGCCGAGGCAGGAGGATCACAAGGTCAGGAGATCCAGACCAGCCTGGCCAACATGGTGAAAGCCCATCTCTACTAAAAACACAAAAAATTAGCCAGGCATTGTGGTGGCACATGCTTGTAACCTCAGCTACTGGGGAGGCTGAGGCAGGAGAATCGCTGGAACCCAGGAGGTGGAGGTTGCAGTGAACCGAGATGGCACCACTGCACTCCAGCCGGGGCAACAGAGTGAGACTCTCTCAAAAAAAAAAATTAAAAAAAAAAAA","CCGGGTGTGGTGGCTTACGCCTGTAATCCCAGCACTTTGGGAGGCCGAGGCAGGAGGATCACAAGGTCAGGAGATCCAGACCAGCCTGGCCAACATGGTGAAAGCCCATCTCTACTAAAAACACAAAAAAATTAGCCAGGCATTGTGGTGGATGCCCATAATCACAGCTACTCGGGAGGCTGAGGCAGGAGAGTCGCTTGAACCCAGGAGGTGGAGGTTGCAGTGAGTTGAGATTGCACCACTGCACTCCAGCCTGGCGACAGAGAGAGACTCCATCTCAAAAAAAAAAGAAAAAAAGAAAAAAGAAA"
"chr1","17345062","17345283","chr1","17248636","17248858","1","96426","CCAGCCTGGCCAACATGGTGAAACCCCGTCTCTACTAAAAATACAAAAAATTAGCCAGGTGTTGTGGCATGTGCCTGTAATCCCAGCTACTCGGGAGGCTGAGGCAGGAGAATTGCTTGAACCCAGGAGGCCAAGGTTGCAGTGAACCAAGATTGCACCATTGCACTCTAGCCTGGGCGACAGAGCAAGACTCCGTCTCGAGAAAATTAAAAATAATAAAAA","CCAGCCTGGCCAACATGGTGAAACCCCGTCTCTACTAAAAATACAAAAAATTAGCCAGGTGTTGTGGCATGTGCCTGTAATCCCAGCTACTCGGGAGGCTGAGGCAGGAGAATTGCTTGAACCCAGGAGGCCAAGGTTGCAGTGAACCAAGATTGCACCATTGCACTCTAGCCTGGGCGACAGAGCAAGACTCCGTCTCGAGAAAATTAAAAATAATAAAAAT"
"chr1","17389003","17389308","chr15","63799592","63799883","69","46410589","GGCTGGGCACAGTGGCTTACGACTGTAATCCTAGCACTTTGGGAGGCTGAGGCAGGTGGATTGCCTGAGCTCAGGAGTGGGAGACTGGCCTGGGCAATGTGGTAAAACCCCATCTCTACTAAAAATACAAAAAACTAGCCGGGCATGGTGGTGCACACCTATAGTCCCAGCTACTTAGGAAGCTGAGGCACAAGAATCGCTTGAACCCAGGAGATGGAGGTTGAAGNNNNNNNNNNNNNNNNNNNNGATAGCGCTGCTGCACTCTAGCCTGCTCAACAGAGCAGGACTCCACCTCCAAAAAGAAAA","GGCCGGGCACGGTGGCTCACGCCTATAATCCTAGCACTTCGGGAGGCCGAGGCAGGTGGATTGCCAGAGCTCAGGAGTTTGAGACCAGCCTGGGCAACACAGTGAAACCCCGTCTCTACTAAAATAGAAAAAATTAGCCAGGCATGGTGGTGCACGCCTGTAGTCCCAGCTACTCAGGTGGCTGAGGCAGGAGAATTACTTGAACCAGGAAGAGGTAGGTTGCAGTGAGCCAAGATCGCACCACTGCACTCCAGCCTAGGCAACAGAGCAAGACTCCATCTCAAGAAAAAAA"
"chr1","17445418","17445542","chr6","156423498","156423620","13","138978080","GGCTGGGCACAGTGGCTCACGCCTGTAATCCTAGCACTTTGGGAGGCGAAGGCGGGCAAATCACGAGGTCAGAAGTTCAAGACCAGCCTGGCCAAACATGGTGAAAACCCCGTCTCTACTAAAAA","GGCCGGGCATGGTGGCTCACGCCTGTAGTCCCAGCACTTTGGGAGGCCAAGGTGGGCAAATCACGAGGCCAGGAGTTCGAGACCAGCCTGGCCAACATGGTGAAACCCTGTCTCTACTAAAAA"
"chr1","17462458","17462767","chr1","17363530","17363839","0","98928","GGCCGAGCGTAGTGGCTCACACCTGTAATCCCACCACTTTGGGAGGCCGAGGTGGGCTGATCACGAGGTCAGGAGTTCAAGACCAGCCTGGCCAATATGGTGAAACCCCATCTCTACCAAAGATACAAAAAATTAGCCGAGCATGGTGGTGTGCGCCTGTAATCCCAGCTACTCCGGAGGCTGAGGCAGGAGAATCGCTTGAACTTGGGAGGTGGAGGTTGCAGTGAGCCGAGATGGTGCCACTGAACTCCAGGCTGGGCGACAGGGCAAGACGCCATCTTAAAATAAATAAATAAATAAAATTTAAAAA","GGCCGAGCGTAGTGGCTCACACCTGTAATCCCACCACTTTGGGAGGCCGAGGTGGGCTGATCACGAGGTCAGGAGTTCAAGACCAGCCTGGCCAATATGGTGAAACCCCATCTCTACCAAAGATACAAAAAATTAGCCGAGCATGGTGGTGTGCGCCTGTAATCCCAGCTACTCCGGAGGCTGAGGCAGGAGAATCGCTTGAACTTGGGAGGTGGAGGTTGCAGTGAGCCGAGATGGTGCCACTGAACTCCAGGCTGGGCGACAGGGCAAGACGCCATCTTAAAATAAATAAATAAATAAAATTTAAAAA"
"chr1","17468405","17468513","chr2A","62538961","62539069","25","45070556","TTGCCTGAACCTTGGAGGCAGAGGTTGCAGTAAGTGGAGATCATGACACTGCACTCCAGGCTAAGTGACAGAGCAAGATTCTGTCCCAAAAGAAAAAAAAAAAAAAAGA","GCTTGAGCCCGGGAGGAAGAGGTTGCGGTGAGCCGAGATCACACTGCTGCACTCCAGCCTGGGTGACAGAGCAAGAACTGTCTCAAAAAGAGAAAAAAAAGAAAAAAAA"
"chr1","17480394","17480499","chr22","33938435","33938535","22","16458041","GAACCCGGGAGGCGGAGGTTGCAGTGAGCCAAGATAGTCTCATTGCACTCTAGCCTGGACGACAGATCAAGACTCCATCTCAAAAAAGAAAAAAAAAAGAAAAAAA","GGAGGCAGAGGTTGCAGTGAGCCGAGATCACGCCATTGTACTCCAGCCTGGGCGACAGAGCAAGACTCCGTCTCAAAAAAAAAAGAAAAAAGAAAAAGAAA"
"chr1","17487137","17487304","chr11","43973183","43973348","33","26486046","AGCCTAGTGTGGTGGTGCACGCCTGTAGTCCCAACTACTCAGGAGGTTGCGGCGGGAGGACAGCTTGAGCCTGGAAGGCAGAGGTTGCAGTGAGCCGAGATCTCGCCACTACACTCCAGTCTGGGTGTAAGAGCTAGACCTTGCCTCAAAAAAGAAAAAAAAAGAAAA","TTAGCCAGGTGTGGTGGTGCACACCTGTAGTCCCAGCTACTCGGGAGGCTGAGGCAGGAGAATTGCTTGAACTAGGGAGGCGGAGGTTGCAGTGAGCCGAGATCATGCCACTGCATTCCAGCCTGGGTGACAGAGTGAGACCCTGTCTCAAAAAAAAAAAAAAAAA"
"chr1","17494299","17494599","chr1","17399445","17399748","7","94854","GCCAGGCGCTGTGGCTCACGCCTATAATCCCAGCACTTTGGGAGGCCGAGGTGGGTGGATCACGAGGTCAGGAGTTTGAGACCAGCCTGGCCAGCATAGTGAAACCCCATCTCTACTAAAAATACAAAAAATTAGCCGGGCATGGTGGTGAGTGCCTGTAATCCCAGCTACTTGGGAGGCTGAGGCAGGAGAATCACTTGAACCCAAGAGGCAGAGGTTGCAGTGAGCTGAGATTGTACCACTGCACTCCAGCCTGGGCAATAGAGCGAGACTGTTTCAAAAAAAAAAAAGAACAATGAAA","GCCAGGCGCTGTGGCTCACGCCTATAATCCCAGCACTTTGGGAGGCCGAGGTGGGTGGATCACGAGGTCAGGAGTTTGAGACCAGCCTGGCCAGCATAGTGAAACCCCATCTCTACTAAAAATACAAAAAATTAGCCGGGCATGGTGGTGAGTGCCTGTAATCCCAGCTACTTGGGAGGGTGAGGCAGGAGAATCACTTGAACCCAAGAGGCAGAGGTTGCAGTGAGCTGAGATTGTACCACTGCACTCCAGCCTGGGCAATAGAGCGAGACTGTTTCAAAAAAAAAAAAAAAAAAAAAGACAA"
"chr1","17496089","17496207","chr5","172392908","172393028","23","154896819","CTGAGGCAAGAGGATTGCTTGAACCCAGGAGGCAGAGGTTGCAATGAGCCAAGATCACGCCACTGCACTCCAGCCTGGGCAACAGAGCAAGACTCTGTTTAAAAAAAAAAAAAAAAAAA","AGGCTGAGGTGGGAGAATCGCTTGAACCCAGAAAGTGGAGGTTGCAGTGAGCCGAGATGGCACCGCTGCACTCCAGCCTGGGCAACAGAGCTAGACTCTGTCTCAAAAGAAAAAAAAAAAA"
"chr1","17498187","17498487","chr1","17403131","17403431","5","95056","GGCTGGGTGCGGCAGCTCACACCTGTAATCCTAACACTTCAGGAGGCCGAGGCAGATGGATTGCCTGAGCTCAGGAGTTCAAGACCAGCCTGGGCAACATGGTGAAACCCTGTCTCTACTAAAATACAAAAAATTAGCCCGGCATGGTGGCATGCAGCTGTAGTACCAGCTACTCGGGAGACTGAGGCAGGAGAATTGCTTGAACCCAGGAGGCAGAAATTGCAGTGAGCCAAGATAGCGCCACTGCACTTCAGCCTGGGCAACAGAGCAACACTCCATTTCAAAAAAAAGAGAAAAGAAA","GGCTGGGTGCGGCAGCTCACACCTGTAATCCTAACACTTCAGGAGGCCAAGGCAGATGGATTGCCTGAGCTCAGGAGTTCAAGACCAGCCTGGGCAACATGGTGAAACCCTGTCTCTACTAAAATACAAAAAATTAGCCCGGCATGGTGGCATGCAGCTGTAGTACCAGCTACTCGGGAGACTGAGGCAGGAGAATTGCTTGAACCCAGGAGGCAGAAATTGCAGTGAGCCAAGATAGCGTCACTGCACTTCAGCCTGGGCAACAAGCAACACTCCCATTTCAAAAAAAAAAGAAAAGAAA"
"chr1","17501111","17501266","chr14","39946334","39946481","20","22445223","GCTCGTGCCTGTAGTCCCAGCTACTCAGGAGGCTGAGGCAGGAGAATCACTGAACCCAGGAGGCGGAGGTTGAAGTGAGCTGAGATCACGCCACTGCATTCCAGCCTGGACAACAGAGTGAAGACTCCAATACTACAACAAAAAAAAAAAAAAAAA","CACGCCTGTAGCCCCAGCTACTCAGGAGGCTGAGGCAGGAGAATCATTTGAACCCAGGAGCTGGAGGTTGCAGTGAGCTGAGATCACGCCACTGCCCTCCAGCCTGGGCAACAGAGTGAGACTCCATCTCAAAAAAAAAAAAAAAGAA"
"chr1","17502782","17502922","chr13","22694842","22694978","36","5192060","GAGGCTGAGGCAGGAGAATTGCTTGAACCTGAGAGGTGGAGGTTGCAGTGAGCTGAGATCGCGCCACTGCACTCCAGCCTGGGTAGCCTGGGTGACAAAGGGACTTTGTCTCAAAAAAAAAAAAAAAAACACACACAAAAA","GGAGGCTGAGGCAGGAGAATCGCTTGAACCCGGGAGGTGGAAGTTGCAGTGAGGCGAGATGGTGCAACTGCACTTCAGCCTGCGCAATGGAGGGAGACTCCATCTCAGGGAAAAAAGAAAAAAAAAATCAAAGAAAA"
"chr1","17552062","17552371","chr7","91539964","91540267","45","73987902","GGCTGGACACGGTGGCTCACGCCTGTAACCCCAGCACTTTGGGAAGCTGAGGGGAGCAGATTACTGGAGGTCAGGAGTTTGAGACCAGCCTGGCTGATATGGTGAAACTCTGTATCTGCTAAAAAAAAAAAAAAAAAAAAACGAAATTAGCCGGCTGTGGTAGCATGCACCTGTAGTCCCAGCTACTTGGGAGGCTGAGGCAGGAGAATCACTTGAACCTGGGAAGCAGAGGTTGCAGTGAGCCAAGATCATGCCACTGCACTGCAGCTGGGTGACACAGTGAGATTCTATCTCAAAAGAAAAAAAAAGA","GGCTGGGCAGGGTGGCTCACGCCTGTAATCCCAGCACTTTAGGAGGTCGAGGTGGGCAGATCATGAGGTCAGGAGTTTGAGACCAGCCTGGCCAACATGGTGAAACCCCGTCTCTACTTAAAAAAAAAAAAAAAAAAAAATTAGCCAGGCATGGTGGCGTGTGCCTGTAGTCCTAGCTACTTGGGAGGCTGAGGCAGGAGAATCACTTGAACCTGGGAGGCGGAGGTTGCAGTGAGCCGAGATCATGCCACTGCACTCCAGCCTGGGTGACAGAGCGAGACTCTGTCACAAAACAAAACAAAAA"
"chr1","17619679","17620016","chr11","727115","727427","59","16892564","GGCTGGGTGCGGTGGCTCGATGCCTGTAACCCCAGCACTTTGGGAGGGTGAAGCGGGTGGGGTCAGCTGAGGTCAGGAGTTCGAGGACCGAGTCCGTGGCCAACATGGGTGAAACCCCATCTCTACTAAAAATACAAAAAACAACAAAAAAATTAGATGCGCATGGTGGTACACGCTTGTAGTCTCAGCGTATTCGGTAGGCGTNAGGGCAGGAGAATCACTTGAACCTGGGAGGCAGAGGTTGCAGTGAGCCGAGATCGCGCCACTGCACTCCAGCCTGGTGACACAGCGAGTGAGACTCTGTACTCAAAAAAAAACTAAAAAAAAAAAAAAAAAAA","GGCTGGGCGCGATGGCTCACGCCTGTAATCCCAGCACTTTGGGAGGCCAAGGCAGGTGGATCATGAGGTCAGGAGTTTGAGACCAGCCTGACCAGCATGGTGAAACCCCATCTCTACTAAAAATACAACAACAAAAAAAAATTAGCTGGGCATGGTGGCGTGCACCTGTAGTCCCAGCTACTCAGGAGGCTGAGGCAGGAGAATTGCTTAAACCTGGCAGGCAGAGGTTGCAGTGAGCCGAGATCGCACCACTGCACTCCAGCCTGGGCGACAGAGTGACACTCTGTCTCAAAAAAAAAAAAAAAAAAAAAAA"
"chr1","18217447","18217757","chr1","18128493","18128812","12","88954","GGCCGGGTGCGGTGGCTCACGCCTGTAATCTCAGCACTTTACCAGGCCAAGGTGGGCAAATCACAAGGTTAGGAGTTTGAGACCAGTCTGCCCAACATAGTGAAACCCTGTCTCTACTAAAAAAAAAAAAAAAATTAGCCAGGTGTGGTGGCGGGCGCCTGTATTCCCAGCTACTCGGGAGGCTGAGGCAGGAGAATCGCATGAACCCAGCAGGCAGAGGTTGCAGTGAGCCAAGGTCACCCCATTGCCCTCCAGCCTGGGCGACAGAGTGAGACTCTGTCTAAAAAAAAAAAAGAAAGAAAGAAAGAAAA","GGCCGGGTGCGGTGGCTCACGCCTGTAATCTCAGCACTTTACGAGGCCAAGGTGGGCAAATCACAAGGTTAGGAGTTTGAGACCAGTCTGCCCAACATAGTGAAACCCTGTCTCTACTAAAAAAAAAAAAAAAAAAAAAAATTAGCCAGGTGTGGTGGCGGGCGCCTGTATTCCCAGCTACTCGGGAGGCTGAGGCAGGAGAATCGCATGAACCCAGCAGGCAGAGGTTGCAGTGAGCCAAGGTCACCCCATTGCCCTCCAGCCTGGGCGACAGAGTGAGACTCTGTCTAAAAAAAAAAAGAAAGAAAGAAAGAAAGAAA"
"chr1","18674232","18674490","chr1","18605360","18605658","41","68872","GCCGGGCATGGTGGCTCATGCCTGTAATCCCAGCACTTTGGGAGGCTGAAGCAGGCGGATCACCAGAGGTCAGGAGTTTGAGACCAGCCTGGACAACATGGCGAAACTTTGTCTCTATTTAAAATACAAAAAAATCAGTCAGGCATGGTGGTGCACACCTGTAGTCCCAGCTAGTGGGGAGGCTGAGGCAGGAGAATCTCTTGAACATGGGAGGCAGAGTATGCAGTGAACCAAGATTATGCCATGCACTCCAGCCTGG","GCCGGGCATGGTGGCTCATGCCTGTAATCCCAGCACTTTGGGAGGCTGAAGCAGGCGGATCACCAGAGGTCAGGAGTTTGAGACCAGCCTGGACAACATGGCGAAACTTTGTCTCTATTTAAAATACAAAAAAATCAGTCAGGCATGGTGGTGCACACCTGTAGTCCCAGCTAGTGGGGAGGCTGAGGCAGGAGAATTTCTTGAACATGGGAGGCAGAGTATGCAGTGAACCAAGATTATGCCATGCACTCCAGCCTGGGCAACAAAGCAAGACTCTGTTTCAAAAAAAAAAAAAAAAA"
"chr1","18726965","18727056","chr8","143342833","143342924","10","124615868","GGCTGGGTGCGGTGGCTCATGCCTGTAATCCCAGCACTTTGGGAGGCTGAGGCGGGAGGATCATGAGGTCAGGAGTTTGAGACCAGCCTGGC","GGCTGGGCGCGGTGGTTCATACCTGTAATCCCAGCACTTTGGGAGGCCAAGGTGGGCAGATCACGAGGTCAGGAGCTTGAGACCAGCCTGGC"
"chr1","18767853","18768081","chr1","18701888","18702138","22","65965","AGGCGAGCAGATCACGAGGTCAGGAGTTCGAGACCAGCCTGGCCAATATGGTGAAACCCCGTCTCTACTAAAAATATAAAAAATTAGCTGGGCATGGTGGCAAACGCCTGTAGTCCCAGCTACTTGGGAGGCTGAGGCAGGAGAATCGTTTGAGCCCAGGAGGTGGAGGTTGCTGTGAGCTGAGATTGCACCAGTGCACTCCAGCCTGGGCAACACAGCGAGACTCCAT","AGGCGAGCAGATCACGAGGTCAGGAGTTCGAGACCAGCCTGGCCAATATGGTGAAACCCCGTCTCTACTAAAAATATAAAAAATTAGCTGGGCATGGTGGCAAACGCCTGTAGTCCCAGCTACTTGGGAGGCTGAGGCAGGAGAATCGTTTGAGCCCAGGAGGTGGAGGTTGCTGTGAGCTGAGATTGCACCAGTGCACTCCAGCCTGGGCAACACAGCGAGACTCCATCTCAAAAAAAAAAAAAAAAAAA"
"chr1","18775797","18776053","chr1","124399374","124399636","31","105623577","GCCGGGCGCAGTGCCTCACGCCTGTAATCCCAGCACTTTGGGAGACCAAGGTGGATTGCCTGAGGTCAGGAGTTCGAGACCAGTCTGGCCAACATGGTGAAACCCCATCTCTACTAAAAATAAAAAAAATTAGCCGGGTGTGGTGGTGTGCACCTGTAATCGCAGCTACTCGAGAGGCTGAGGCAGGGGAATTGCTTGAACCAGGGAGGTGGAGGTTGCAGTGAACCGAGATTGTGCCACTGCACTCCAGCCTGGGC","GCCGGGCACAGTGGCTCATGCCTGTAATCCCAGCACTTTGGGAGGCCGAGGCAGGTGGATTACGAGGTCAGGAGTTCAAGACCAGCCTGGCCAACATGGTGAAACCCCATCTCTACTAAAAATACAAAAAAACTAGCCGGGCGTGGTGGCGCACACCTGCAGTCCCAGCTACTCGGGAGGCTGAGGCAGGAGAATCGCTTGAACCCGGGAGGCGGAGGTTGCAGTGAGCCGAGATTGTGCCACTGCACTCCAGCCTGGGCAAC"
"chr1","18858262","18858566","chr1","18792886","18793191","3","65376","GGCCAGGTGTGGTGGCTCACACCTGTAATCCCAGCACTTTGGGAGGCCAAGGCAGATGAATCACGAGGTCAGGAGTTCGAGACCAGCCTGGCCAACATGGTGAAACCCCGTCTCTACTAAAAAATACAAAAAATTAGCCGGGCATAGTGGAGGGCGCCTGTAATCCCAGCTGCTCGGGAGGCTGAGGCAGGAGAATTGCTTGAACCCAGGAGACGGATGTTGTAGTGAGCTGAGATCTGAGATCGCATCTCTGCACTCCAGCCTGGGCGACAAAGTGAGACTCCGTACTTAAAAAAAAAAAAAAA","GGCCAGGTGTGGTGGCTCACACCTGTAATCCCAGCACTTTGGGAGGCCAAGGCAGATGAATCACGAGGTCAGGAGTTCGAGACCAGCCTGGCCAACATGGTGAAACCCCGTCTCTACTAAAAAATACAAAAAATTAGCCGGGCATAGTGGAGGGCGCCTGTAATCCCAGCTGCTCGGGAGGCTGAGGCAGGAGAATTGCTTGAACCCAGGAGACGGATGTTGTAGTGAGCTGAGATCTGAGATCGCATCTCTGCACTCCAGCCTGGGCGACAAAGTGAGACTCCGTCTTAAAAAAAAAAAAAAAAA"
"chr1","19055862","19056168","chr1","18995279","18995586","2","60583","GGCCAGTCGTGGTGGCTTATGTCTGTGATCCCAGCACTTTGGGAGGCCGAGGCAGGCGGATCACAAGGTCAGGAGATCGAGACCAGCCTGGCCAACATAGTGAAACCCCGTCTCTAATAAAAATACAAAAAATTAGCTGGGTGTGGTCGCGGGCACCTGTAATCCCAGCTACTTGGGAGGCTGAGGCAGGAGATTCGCTTGAACCCAGGAGGTGGAGGTTGCAGTGAGCCGAGATTGCACCATTGCACTCCAGCCTGGGCAACAGTGTGAGACTCCATCTCAAAAACAAACAAACAAACCAAAACAA","GGCCAGTCGTGGTGGCTTATGTCTGTGATCCCAGCACTTTGGGAGGCCGAGGCAGGCGGATCACAAGGTCAGGAGATCGAGACCAGCCTGGCCAACATAGTGAAACCCCGTCTCTAATAAAAATACAAAAAATTAGCTGGGTGTGGTCGCGGGCACCTGTAATCCCAGCTACTCGGGAGGCTGAGGCAGGAGATTCGCTTGAACCCAGGAGGTGGAGGTTGCAGTGAGCCGAGATTGCACCATTGCACTCCAGCCTGGGCAACAGTGTGAGACTCCATCTCAAAAACAAACAAACAAACCAAAAACAA"
"chr1","19113351","19113658","chr1","19053737","19054045","1","59614","GGCCGGGCGCGGTGACTCACGCCTATAATCCCAGCACTTTGGGAGGCCAAGGCAGACAGATGATGCTTTAGTCCAGCAGTTCGAGACCAGCCTGGCTAATATGGTGAAACTCCATTTCGATACAAAATACAAAAAAATTAGCTGGGCACGGTAGTATATGCCTGTAGTCCCAGCTACTAAGGGGGCTGAGGCAGGAGGATTGCTTGCACCCAGGAGGCAGGGTTTGCAGTGAGCCGAGATCATACCACTGCACTCCAGCCTGGGTGACAGAATGGGACCCTGTCTCAAAAAAAAAAATAAAAATAAAA","GGCCGGGCGCGGTGACTCACGCCTATAATCCCAGCACTTTGGGAGGCCAAGGCAGACAGATGATGCTTTAGTCCAGCAGTTCGAGACCAGCCTGGCTAATATGGTGAAACTCCATTTCGATACAAAATACAAAAAAATTAGCTGGGCACGGTAGTATATGCCTGTAGTCCCAGCTACTAAGGGGGCTGAGGCAGGAGGATTGCTTGCACCCAGGAGGCAGGGTTTGCAGTGAGCCGAGATCATACCACTGCACTCCAGCCTGGGTGACAGAATGGGACCCTGTCTCAAAAAAAAAAATAAAAAATAAAA"
"chr1","19227264","19227335","chr1","33246348","33246407","31","14019084","TCACTTGAACCCAGGAGGCGGAGGTTGCAGTGAGCCAAGATCGTGCCACTGCACTCCAGCCTGGGCGATAGA","GAGAGCCACTTGAACCCGGGAGGTGGGGGTTTAGGTGAGCCAAGATTGCACCATTGCACT"
"chr1","19235424","19235724","chr1","19180058","19180358","3","55366","GGCCAGGCGCGGTGGCTCACGCCTGTAATCCCAGCACTTTGGGAGGCTGAGGCAGGTGGATCACAAGGTCAGGAGTTTGAGACCATCCTGGCCAACACAGTGAAGCCCTGTCTCTACTAAAAATACAAAAAATTAGCCCGGCGTGGTGGCGCACGCCTGTAATCCCAGCTACTTGGGTGTCTGAGGCAGGAGAATCGCTTGAACCAAGGAGACAGAGGTTGCAGTGAGCCGAGATCGCGCCACTGCACTCCAGCCCGGGCGACAATGCAAGACTCCGTCTCAAAAAAAAAAAGAAAAAGAA","GGCCAGGTGCGGTGGCTCACGCCTGTAATCCCAGCACTTTGGGAGGCTGAGGCAGGTGGATCACAAGGTCAGGAGTTTGAGACCATCCTGGCCAACACAGTGAAGCCCTGTCTCTACTAAAAATACAAAAAATTAGCCCGGCGTGGTGGTGCACGCCTGTAATCCCAGCTACTTGGGTGTCTGAGGCAGGAGAATCGCTTGAACCAAGGAGACAGAGGTTGCAGTGAGCCGAGATCGCGCCACTGCACTCCAGCCCGGGCGACAACGCAAGACTCCGTCTCAAAAAAAAAAAGAAAAAGAA"
"chr1","19297222","19297356","chr5","172392908","172393028","34","153095686","AGGCTGATGTGGGAGAATCGTTTGAACCCGGGAGGCAGAAGCTGCAGTGAGCCAAGATCACTCCTCTGCACGCCAGCCTGGGAAACAGAGCAAGACTCCATCTCAAAGAAAAAAAAAAAGCCAAAATAAATGAAA","AGGCTGAGGTGGGAGAATCGCTTGAACCCAGAAAGTGGAGGTTGCAGTGAGCCGAGATGGCACCGCTGCACTCCAGCCTGGGCAACAGAGCTAGACTCTGTCTCAAAAGAAAAAAAAAAAA"
"chr1","19299401","19299576","chr10","120372580","120372761","27","101073179","AGCTGGGTGTGGTGGCACGTGCCTGTAGTCCCAGCTACTCAGGAGGCTGAGGCAGGAGAATCACTTGAACCAGGGAGGCAGAGGCTGCAGTGAGTTGAGATTGCACCACTGCATTCCAGCCTGGACAACAGAGCGAGACTCTGTCTAAAAAATAAATAAATAAATAAAAATAAAAA","AAAATTAGCTGGGTGTGGTGGCGCGTGCCTGTAGTCCCAGCTACTCAGGAGGCTGAGGGAGGAGAATCACTTGAACCCGGGAGGCGGAGGTTGCAGTGAGCTGAGATCATGCCACTGCATTCCAGCCTGGGCAACAGAGCAAGACTCTGTCTCCAAAAAAAAAAAAGAAAGAAAAGAAAGAA"
"chr1","19355558","19355667","chr3","181144080","181144190","16","161788522","CAGGCGCAGTGGCTCATGCCTGTAATCCCAGCGCTTTGGGAGGCCAAGGCAGGTGGATCACGAGGTCAGGAGTTCGAGATCAGCCTGACCAACACAGTGAAACCCCGTCT","GGCCGGGCACGGTGGCTCATGCCTGTAATCCCAGCACTTTGGAGGCCGAGGTGGGTGGATCACGAGGTCAGGAGTTTGAGACCAGCCTGACCAACATGGTAAACCCCGTCT"
"chr1","19385314","19385611","chr1","19334299","19334598","2","51015","GGCCAGGCGTGGTAGCTCACACCTGCAATCCCAGCACCTTGGGAGGCCGAGGCGGGAGGATCACAAGGTCAGGAGTTTGAGACAAGCCTGGCCAACATGGTGAAACCCCATCTCTACTAAACATACAAAAAATTAGCTGGGTGTGGTGGCATGCACCTGTAATCCCAGCTACTCAGGAGGCTGAGGCAGGAGAATCACTTGAACCCAGAAGGTGGAGGCTGCAGTGAGCTGAGATCGCGCCACTGCACTCCAGCCTGGGTGACAGAGCAAGACTCCATCTCGGGGAAACAAAAAAAAA","GGCCAGGCGTGGTAGCTCACACCTGCAATCCCAGCACCTTGGGAGGCCGAGGCGGGAGGATCACAAGGTCAGGAGTTTGAGACAAGCCTGGCCAACATGGTGAAACCCCATCTCTACTAAACATACAAAAAATTAGCTGGGTGTGGTGGCATGCACCTGTAATCCCAGCTACTCAGGAGGCTGAGGCAGGAGAATCACTTGAACCCAGAAGGTGGAGGCTGCAGTGAGCTGAGATCGCGCCACTGCACTCCAGCCTGGGTGACAGAGCAAGACTCCATCTCGGGGAAACAAAAAAAAAAA"
"chr1","19386107","19386230","chr8","26723415","26723536","20","7337308","GAGGCTGAGGCAGGAGAATCTGCTTGAACCCAGGAGACACAGGTTGCGGTGAGCTGAGATCATGCCACTGCACTCCAACCTGGGCAACAGAGTGAGACTCTGTCTACAAAAAAAAAAAAAAAAA","GAGGCTGAGCCAGGAGAATCCCTTGAACCCGGGACGCGGAGGTTGCAGTCACCTGAGATCATTCCACTGCACTCCAGCCTGCGGGACAGAGCGAGACTCCTTCTCAAAAAAAAAAAAAAAAA"
"chr1","19566990","19567296","chr14","41356791","41357097","38","21789801","GGCCAGGTGAGGTGGCTCATGCCTGTAATCCCAGCACTTTGGGAGGCCGAGGTGGGCAGATCATGAGGTCAGGAGTTCGAGACCAGCCTGACCAACATGATGAAACCCCATCTCTACTAAAAATACAAAAAATTAGCCAGGCACAGTGGCACATGCCTGTAGTCTCAGCTACACGGGAGGCTGAGGTGGGAGGATTGCTTGAGCCTGGGAGGCAGAGACTGCAGTGAGCTGTGATTGCGCCACTGCACTTCAGCCTGGGTGACAGAGCAAGATCCCATCTCAAAAAAAAAAAAGAAAAAGAAAAAAA","GGCCGGGTGCGGTGGCTCATGCCTGTAATCCCAGCACTTTGGGAGGCTGAGGTGGGCGGATCACGAGGTCAGGAGTTCGAAACCAGCCTGGCCAGCATGGTGAAACCCCATCTCTACTAAAAATACAAAAAAATTAGCCAGGCATGGTGGCGCGTGCCTGTAAGTCCCAGCTACTCGGGAGGCTGAGGCAGAAGAATTGCTTGAACCTGGTAGGCGGAGGTTGCAGTGAGCTGAGATCACGCCACTGCACTTCAGCCTGGTGACAGAGCAAGGCTCTGTCCCAAAAAAAAAAAAAAAAAAAAAAAAA"
"chr1","19580256","19580439","chr8","84018854","84019036","18","64438598","AAAAATTAGCCGGGCATGGTGGTGCATGCTTGTAGTCCCAGCTACTTGGGAGGCTGAGGAAGGAGAATCGCTTGAACCTGGGAGGTGGAGGTTGCAGTGAGCCGAGATCGTGCCACTGCACTCCAGCCTGGGCGACAGAGTGAGACTCCATCTCAAAAAATAAATAAATAAAATAAAAGAGAAA","AAAAATTAGCCAGGCATGGTGGCGCATGCCTGTAGTCCCAGCTACTCGGGAGGCTGAGGCAGGAGAATTGCTTGAACCTGGGAGGCAAAGGTTGCAGTGAACCGAGATCGCGCTACTGCACTCCAGCCTGGGCAACAGAGCGAGACTCCGTCTCAATAAATAAATAAATAAAATAAAAATAAA"
"chr1","19583020","19583327","chr1","19537960","19538265","2","45060","GGCTGGTTATGATGGCTCATGCCTGTAATCCCAGCACTTTGGGAGATGAAGGTGGGCAGATCACCTGAGGTCAGGAGATTGAGACCAGCCTGGCTAACATGATGAAGCCCCTTCTCTACTAAAAATACAAAAAAGCAGCCAGGCATGATGGCGTGCACCTGTAGCCCCAGCTACTCTGGAGACTAAGGCAGGAGAATCGCTTGAGCCCGGGAGGCAGAGGTTGCAGTGAGCCGAGATTGCACCATTGCATTCCAGCCTGGGCAACAGAGCAAGACTCTGTCTACAAAAAAAAAAAAAAAAAAAAAAAA","GGCTGGTTATGATGGCTCATGCCTGTAATCCCAGCACTTTGGGAGATGAAGGTGGGCAGATCACCTGAGGTCAGGAGATTGAGACCAGCCTGGCTAACATGATGAAGCCCCTTCTCTACTAAAAATACAAAAAAGCAGCCAGGCATGATGGCGTGCACCTGTAGCCCCAGCTACTCTGGAGACTAAGGCAGGAGAATCGCTTGAGCCCGGGAGGCAGAGGTTGCAGTGAGCCGAGATTGCACCATTGCATTCCAGCCTGGGCAACAGAGCAAGACTCTGTCTCAAAAAAAAAAAAAAAAAAAAAAA"
"chr1","19612803","19612908","chr2A","62538961","62539069","22","42926158","CTTGAACCCGGGAGGCAGAAGTTGCAGTGAGCTGAGATCACGCCACCACACTCCAGCCTGAGTGACAGAGCAGGACTCTGTCTCAAAAATAAATAAATAAATAAAA","GCTTGAGCCCGGGAGGAAGAGGTTGCGGTGAGCCGAGATCACACTGCTGCACTCCAGCCTGGGTGACAGAGCAAGAACTGTCTCAAAAAGAGAAAAAAAAGAAAAAAAA"
"chr1","19668129","19668439","chr1","19625750","19626063","11","42379","GGCCAGGCATGGTAGCTCACGCCTGTAATCCTAGCACTTTGGAAAGCCAAGGCGGGTGGATTGCCTGAGCTCAGGGGTTCAAGACCAGCCTGGGCAACACAGTGAAACCCCATCTCTACTAAAATACAAAAAATTAGCCCGGTGTGGCGATGTGCACCTATAGCCCAGCTACTCCGGAGGCTGAGGCAGGAGAATTGCTTGAACCTGGGAAGCTGAGGTTGCAGTGGGCCAAGATCACGCCACTGCACTCCAGCCTGGGCGAGAGAGTGAGACTCTGTCTACAAAAAAAAAAAAAAAAGGCAGAAAAACAA","GGCCAGGCATGGTAGCTCACGCCTGTAATCCTAGCACTTTGGAAAGCCAAGGCGGGTGGATTGCCTGAGCTCAGGGGTTCAAGACCAGCCTGGGCAACACAGTGAAACCCCATCTCTACTAAAATACAAAAAATTAGCCCGGTGTGGCGATGTGCACCTATAGCCCAGCTACTCCGGAGGCTGAGGCAGGAGAATTGCTTGAACCTGGGAAGCGGAGGTTGCAGTGGGCCAAGATCACGCCACTGCACTCCAGCCTGGGCGAGAGAGTGAGACTCTGTCTCAAAAAAAAAAAAAAAAAAAAAAAGGCAGAAAAA"
"chr1","19710199","19710496","chr1","19669608","19669915","12","40591","GGCTGGGTGCGGTGGCTCTCACCTGTAATCCCAGCACTTTGGGAGGCTGAGGCAGGTGGATCATGAGGTCAGGAGTTCGAGACCAGCCTGGCCAACATGGTGAAACCCTGTCTCTACTAAAAATACAAAAAATTAGCCAGGCGTGGTGGAAGGTGCCTGTAATCCCAGCTACTCGGGAGGCTGAGGCAGGAGAATCGCTTGAACCTGAGATGCAGAGGTTGCAGTGAGCTGAGACCATGCCACTGTACTCCAGCCTGGGCAACAGAGCGAGACTCCGTCTCAAAAAAAAAAAAGAAAA","GGCTGGGTGCGGTGGCTCTCACCTGTAATCCCAGCACTTTGGGAGGCTGAGGCAGGTGGATCATGAGGTCAGGAGTTCGAGACCAGCCTGGCCAACATGGTGAAACCCTGTCTCTACTAAAAATACAAAAAATTAGCCAGGCGTGGTGGAAGGTGCCTGTAATCCCAGCTACTCAGGAGGCTGAGGCAGGAGAATCGCTTGAACCTGAGATGCAGAGGTTGCAGTGAGCTGAGACCATGCTACTGTACTCCAGCCTGGGCAACAGAGCGAGACTCCGTCTCAAAAAAAAAAAAAAAAAGAAAAGAAAA"
"chr1","19724731","19724835","chr20","16652596","16652702","22","3072135","GCTTAAACCTGGGAGGTGGAGGTTGCAGTGAGCCGAGGTCGCGCCACCGCACTCCAGCTTAGGGGACAGAGCGAGACTCTGTCTTAAAAAAAAAAAAAAAAGAAA","CTTGAACCCAGGCGGCGGAGGCTTCAGTGAGCCAAGATGGTGCCACTGCACTCCAGCGTGGGCAACAGAGTGAGACTCTGTCTCAAAAAAATAAAAAAAATAGAAAA"
"chr1","19780984","19781226","chr2A","32253824","32254075","78","12472840","GGCCAAGGTATGGTGGCTCATGCCTCTAATCCCAGCACTTTTGGAANNNNNNNNNNNNNNNNNNNNAGAAAAATAAAATAAAATAATTAGCTGGGCATGGTGGCACACGCCTGTAGTTCCAGCTACTTAGGAAGCTAAGGTGAGAGGATCGCTTGAGCCTAGGAGTTTAAGGCTGCAATGAGCTATGATCATTGCACTCCAGCCTGGGCTAGAGAATGAAACCCTGTCTCTTAAAAAAAACAA","GGCCAGTCATGGTGGCTCATGCCTGTAATCCCAGCACTTTGGGAGCCAACATGGTGAAAACCTGTCTCTACTAAAAAATAAAAAATTAGCTGGGCACGGTGTTGCACACCTGTAGTCTCAGCTACTTGGGAGGCTGAGGTGGAAGAATTGCCTGAACCCAGGAAGTGGAGGTTGCAGTGAGCCGAGATCATTCCATTGCACTCCACCCTGGGTGACAGAGTGAGACCCTGTCTCAAACAAGAAGAAAAAAAA"
"chr1","19801379","19801667","chr1","19772274","19772563","1","29105","CCAGGTGCGGTGGTCCACGCCTGTGATCCCAGCACTTTGAGAGGTCAAGTTCAAGAGTTCAAGACCAGCCTCACCAACATGGTGAAACCCCGTCTCACTAAAAATACAAAAAAATTAGCCAGGCATGGTGGTGCGCACCTGTAGACCCAGCTACTCAGGAGGCTGAGGCGTGAGAATCGCTTGAACCCAGGTGGTGGAGGTTGCAGTGAGCTGAGATTGTGCCATTGCACTCCAGCCTAGGCGACACAGCGAGGCTCCATCTCAATAAAAAATAAAATATAATAATAAA","CCAGGTGCGGTGGTCCACGCCTGTGATCCCAGCACTTTGAGAGGTCAAGTTCAAGAGTTCAAGACCAGCCTCACCAACATGGTGAAACCCCGTCTCTACTAAAAATACAAAAAAATTAGCCAGGCATGGTGGTGCGCACCTGTAGACCCAGCTACTCAGGAGGCTGAGGCGTGAGAATCGCTTGAACCCAGGTGGTGGAGGTTGCAGTGAGCTGAGATTGTGCCATTGCACTCCAGCCTAGGCGACACAGCGAGGCTCCATCTCAATAAAAAATAAAATATAATAATAAA"
"chr1","19853568","19853859","chr1","19825410","19825700","3","28158","GGCTGGGCATGGTGGTTCACACCTGTAATCTCAGCACTTTGGGAGGCCGAGGCAGGCGGATCACAAGTTCAGGAGTTTGAGACTAGCCTGGCCAACACGGCAAAACCCTGTTTCTACTAAAAATACAAAAAAATAGCCAGGCGTGGTGGCAGGCACCTGTAATCACAGCTACTTGGAAGGCTGAGCCAGGATAATTGCTTGAACCCGGGAGGCAGAGGTTGCAGTGAGCTGAGATCATGCCATTGCACTCCAGTCGGGGTGACAGAGTGAGACTCCACCTCAAAAAAAAAAA","GGCTGGGCATGGTGGTTCACACCTGTAATCTCAGCACTTTGGGAGGCCGAGGCAGGCGGATCACAAGTTCAGGAGTTTGAGACTAGCCTGGCCAACACGGCAAAACCCTGTTTCTACTAAAAATACAAAAAAATAGCCAGGCGTGGTGGCAGGCACCTGTAATCACAGCTACTTGGAAGGCTGAGCCAGGATAATTGCTTGAACCCGGGAGGCAGAGGTTGCAGTGAGCTGAGATCATGCCATTGCACTCCAGTCGGGGTGACAGTGAGACTCCACCTCAAAAAAAAAAAA"
"chr1","19860940","19860994","chr1","27390807","27390868","14","7529867","TTTGAGACCAGCCTGACCAACATAGTAAAACCCCATCTTTACTAAAAATACAAAA","GTTCGAGACCAGCCTGACCAACATGGTGAAACCCTGTCTCAACTTTAAAAATACAGAAAATT"
"chr1","19869281","19869574","chr1","19841129","19841429","24","28152","GGCCAGGCATGGTGGCTCACACCTGTAATCCCAGCACTTTGGGAGGCCGAGGCGGGTGGATCACGAGGTCAGGAGTTCAAGACCAGCCTAGCCAATATAGTGAAACTCATCTCTACTAAAAATACAAAAAATTAGCCAGGCGGGGTGGCGCATGCCTGTAATACCCAGCTACTCGGGAGGCTGAGGCAGGAGAATCGCTTAAACTAGGGAGGTGGAGGTTGTAGTGAGCAGAGATCATGCCACTGTACTCCAGCCTGGGTGACACAGCAAAACTCCATCTCAAAAAAAAAAAAA","GGCCAGGCACGGTGGCTCACACCTGTAATCCCAGCACTTTGGGAGGCCGAGGCGGGTGGATCACGAGGTCAGGAGTTCAAGACCAGCCTAGCCAATATAGTGAAACTCATTTTTACTAAAAATACAAAAAATTAGCCAGGGGGAGTGGCGCATGCCTGTAATCCCAGCTACTTGGGAGGCTGAGGCAGGAGAATCGCTTAAACTCGGGAGTTTAAAGGGGTAGTGAGCAGAGATCATACCACTGTACTCCAGCCTGGGTGACACAGCAAGACTCCATCTCAAAAAAAAAAAAAAAAAAAAA"
"chr1","19883580","19883858","chr22","43143911","43144188","32","23260331","CCAGGCGCGGTGGCTCACACCTGTAATTCCACCACTTTGGGAGGCCAAGGCGGATGGATCATGAGGTCAGGAGTTCGAGACCAGCCTGGCCAACATGGTGAAACCCCATCTCTACTAAAAATACAAACAAATTAGCTGGCTGTGGTAGCAGGTGCCTGTAATCCCAGCTACTCAGGAGGCTGAGGCAAGAGAATTGTTTGAACCCAGGAGGCAGAGATTGCAGTGAGCCGAGATTGTGCCACTGCACTCCAGCCTGGGTGGCAGAGTAAGACTCCGTCT","GGCCAGGCGCGGTGGCTCACACCTGTAATCCCAGCACTTTGGGAGGCCAAGGCAGGTGGATTATGAGGTCAGGAGTTCGAGACCAGCCTGGCCAACATAGTGAAACCCTGTCTCTACTAAAAATACAAAAAAATTAGCCAGGCGTGGTGGCACGTGCCTGTAATCCCAGCTACTCGGGAGGCTGAGGCAGGAGAATCACTTGAACCCGGGAGGCGGAGGTTGCAGTGAGCCGAGATCATGCCACTGCACTCCAGCCTGGGTGACAAAGCAAGACTCCG"
"chr1","19983217","19983458","chr13","107316841","107317078","39","87333624","GAGCTCAGGAGATCGAGACCAGCCTGGGCAATATGGCAAAACCTCTTCTCTAATAAAAATACAAAAAATCAGCCGAGCATGGTGACACATGCCTGTAGTCCCAGCTATTCCGGAGGCTGAGGCACGAGCATGGCTTGAACCCAGGAGGTGGAGGTTGCAGTGAGCTGAGATCATGCCACTGCACTCCAGCTGCCTGGGCAACAGAGCAAGACTCTATCTCAATAAAAAAAAAAAATAAAAAA","GAGGTCAGGAGTTCGAGACCAGCCTGGCCAACATGGTGAAACCCCATTTCTACTAAAAATACAAACAATTAGCTGGGCATGGTGGCACGCACCTGTAGTCTCAGCTGCTTGGGAGGCTGAGGCACAAGAATTGCTTGAACCCAGGAGGTGGAGGTTGCAGTGAGCTGAGATTGCGCCACTGCACTCCAGCCTGGGCTGCAGAGCAAGACTCCATCTCTAAAAGAAAAAAAAAAAAAAA"
"chr1","20062193","20062503","chr1","20035032","20035340","5","27161","GACCGGGTGTGGTGGCTCATGCCTATAATCCCAGCACTTTGGGAGGCTGAGGCAGGCAGATGATTTGAGGTCAGGAGTTCAAGACCAGCCTGACCAACATGGTGAAATCCTGTCTCTACTAAAAATACAAAAAATTAGCTGGGCATGGTGGTGCATACCTGTAGTCCCAGCTGCATGGGAGGCTGAGGTGGCAGGATCGCTTGAACCTGGGAGGCGGAGGTTGCAGTGAGCTGAGATCATGCCACTGTATTTTAGCCTGGGTGACAGAGTGAGACTCCATCTCAAAAAAAGGAAAAAAAAAGAAAACAGAA","GACCGGGTGTGGTGGCTCATGCCTATAATCCCAGCACTTTGGGAGGCTGAGGCAGGCAGATGATTTGAGGTCAGGAGTTCAAGACCAGCCTGACCAACATGGTGAAATCCTGTCTCTACTAAAAATACAAAAAATTAGCTGGGCATGGTGGTGCATACCTGTAGTCCCAGCTGCATGGGAGGCTGAGGTGGCAGGATCGCTTGAACCTGGGAGGCGGAGGTTGCAGTGAGCTGAGATCATGCCACTGTACTTTAGCCTGGGTGACAGAGTGAGACTCCATCTCAAAAAAGGAAAAAAAAAAAAAGAAAA"
"chr1","20065304","20065597","chr1","20038151","20038448","7","27153","GGCCAGGTTTGGTGGCTCACGCCTGTAATTCCAGCACTTTGGGAGGCCAAGGCGGGCAGCTTGCCTGAGCTCAGGAGTTCGAGACCAGCCTGGGCAACACGGTGAAACTCTGTCTTTACAAAAATACAAAAAATTAGCCAGGCGTGGTGGTGTACACTTGTAGTCCCAGCTACTCAGGAGGCTGAGGCAGGAGAATTCCTTGAACCTGGGAGGCAGAGGTTGCAGTGAGCTGAGATTGCACTGCTGCACTCCAGCCTGGGCGACAGAGTGAGACTCTGTCTACAAAAAAAAAAA","GGCCAGGTTTGGTGGCTCACGCCTGTAATTCCAGCACTTTGGGAGGCCAAGGCGGGCAGCTTGCCTGAGCTCAGGAGTTCGAGACCAGCCTGGGCAACACAGTGAAACTCTGTCTTTACAAAAATACAAAAAATTAGCCAGGCGTCGTGGTGTACACTTGTAGTCCCAGCTACTCAGGAGGCTGAGGCAGGAGAATTCCTTGAACCTGGGAGGCAGAGGTTGCAGTGAGCTGAGATTGCACTGCTGCACTCCAGCCTGGGCGACAGAGTGAGACTCTGTCTCAAAAAAAAAAAAAAAA"
"chr1","20195693","20195996","chr1","20169169","20169477","7","26524","CTGGGCGCAATGGCTCGAGCCTGTAATCCTAGCACTTTGGGAGGCTGAGGTGGGCTGACTGCCTGAGCTCAGGAGTTTGAGACCACCCTGAACAACATGGTGAGACCCCATCTCTACTAAAATACAAAAAATTAACTGGGCATGGTGGTGCGCAGCTGTAGTCCCAGCTACTCGGGAGGCTGAGATGGGAGAATCGCTTGCACCCGCGATGCTGAGGTTGCAGTGAGCCGAGATTGCGCCACTGCACTCCAGCCTGGGTGACAGAGTGAGACTCCATCTAAAAAAAAAAAGAGAAGAGGAAGAA","CTGGGCGCAATGGCTCGAGCCTGTAATCCTAGCACTTTGGGAGGCTGAGGTGGGCTGACTGCCTGAGCTCAGGAGTTTGAGACCACCCTGAACAACGTGGTGAGACCCCATCTCTACTAAAATACAAAAAATTAACTGGGCATGGTGGTGCGCAGCTGTAGTCCCAGCTACTCGGGAGGCTGAGATGGGAGAATCGCTTGCACCCGCGATGCTGAGGTTGCAGTGAGCCGAGATTGCGCCACTGCACTCCAGCCTGGGTGACAGAGTGAGACTCCATCTAAAAAAAAAAAAAAAGAAGAAGAAGAAGAA"
"chr1","20366429","20366556","chr4","89635842","89635967","28","69269413","AGGCAGGAGAATCGCTTGAACCCGGGAGGCGGAGGTTGCAGTGAGCCGAGATCCCACCACTGCACTCCAGCCTGGGAGACAGAGCACGACTCTAATTCAAAAAAAAAAAAAAGAAGAAAAGAAAGAAA","GGCAGGAGAATTTCTTGAACCCAGAAGGGGGAGGTTGCAGTGAGCCAAAATCACGCCACTACATGGGGCCTGGGCAACAAAGCAAGATTTTTTTTAAAAAAAAAAAAAAAAAAAAAGAAAAGAAAA"
"chr1","20558000","20558294","chr1","20535073","20535367","2","22927","GGCTGGGCGCAGTGGCTCACGCCTGTAATCCCACCACTTTGGGAGGCTGAGATGGGTGGATCACAAGGTCAGGAGTTTGAGACCAGTCTGGGTAACATGGTGAAACCCTGTCTCTACTAAAAATACAAAAAATTAGTCGGTTGTGGTGGCATGCACCTGTAGTCCCAGCTACTTGGGAGGCTGAGGCAGGAGAATTGCTTGAACTCAGCAGGTGGAGAAGGTTGCAGTGAGCCGACATCGCGCCACTGCACTCCAGCCTGGGCGACAGAGCTAGACTCCGTCTAAGAAAAAAAAA","GGCTGGACGCAGTGGCTCACGCCTGTAATCCCACCACTTTGGGAGGCTGAGATGGGTGGATCACAAGGTCAGGAGTTTGAGACCAGTCTGGGTAACATGGTGAAACCCCGTCTCTACTAAAAATACAAAAAATTAGTCGGTTGTGGTGGCATGCACCTGTAGTCCCAGCTACTTGGGAGGCTGAGGCAGGAGAATTGCTTGAACTCAGCAGGTGGAGAAGGTTGCAGTGAGCCGACATCGCGCCACTGCACTCCAGCCTGGGCGACAGAGCTAGACTCCGTCTAAGAAAAAAAAA"
"chr1","20605635","20605938","chr1","20587160","20587463","2","18475","GGCTGGGCGCGGTGGCTCATGCCTGTAATCCCAGCACTTTGGGAGGCTGAGGCGGATGGATCACCTGAGGTCAGGAGTTTGAGACCATCCTGGCCAACATGGCGAAACTGCATCTCTACTAAAATACAAAAAATTAGCTGGGTGTGGTGGTGCAGGCCTGTAGTCCCAGCAACTCAGGAGGCTGAGGTGGGAGGATCACTCGAGCCTGGGAGGCGGAGGTTGCAGTGAACTGTGATTGTGCCACCGCACGCCAGCCTGGGTGACAGAGTGAGACCCTGTCTCAAAAAACAAACAAACAAAAAAA","GGCTGGGCGCGGTGGCTCATGCCTGTAATCCCAGCACTTTGGGAGGCTGAGGCGGATGGATCACCTGAGGTCAGGAGTTCGAGACCATCCTGGCCAACATGGCGAAACTGCATCTCTACTAAAATACAAAAAATTAGCTGGGTGTGGTGGTGCAGGCCTGTAGTCCCAGCAACTCAGGAGGCTGAGGTGGGAGGATCACTCGAGCCTGGGAGGCGGAGGTTGCAGTGAACTGTGATTGTGCCACCACACGCCAGCCTGGGTGACAGAGTGAGACCCTGTCTCAAAAAACAAACAAACAAAAAAA"
"chr1","20630626","20630921","chr1","20612551","20612847","4","18075","GGCCGGGTGTGGTGGCTTATGCCTGTAATCCCAGCACTTTGGGAGGCCGAGGGAGGCGGATCATGAAGTCAGGAGTTCAAGACCAGCCTGGCCAACATAGTGAAACCCCGTCTCTACTAAAAAATACAAAAAATTAGCCGGGTGTGGTGGTGTGCACATGTAATCCCAGCTACTCAGGAGGCTGAGGCAGAAGAATTGCGTGAATCTGGGAGGTGGAGGTTGCAGTGAGCCGAGATGGTGCCATTGCACAGCCTGGATGACGGTGTGAGACTCCGTATCAAAAAAAAAAAGGAAAA","GGCCGGGTGTGGTGGCTCATGCCTGTAATCCCAGCACTTTGGGAGGCCGAGGGAGGCGGATCATGAAGTCAGGAGTTCAAGACCAGCCTGGCCAACATAGTGAAACCCCGTCTCTACTAAAAAATACAAAAAATTAGCCGGGTGTGGTGGTGTGCACATGTAATCCCAGCTACTCAGGAGGCTGAGGCAGAAGAATTGCGTGAATCTGGGAGGTGGAGGTTGCAGTGAGCCGAGATGGTGCCATTGCACAGCCTGGGCGACGGTGTGAGACTCCGTATCAAAAAAAAAAAAGGAAAA"
"chr1","20687692","20687900","chr4","176755200","176755409","1","156067508","CCAGCCTGGCCAAGATGGTGAAACCCTGTTTCTACCAAAAATATAAAAAATTAGCTGGGTGTGGTGGTGTGCACCTGTAGTCCCAGCTACTCAGGAGGCTGAGGCAGGAGAATCGCTTGAACCTGGGAGGTGGAGGTTACAGTGAGCCGAGATCATGCCACTGCACTCCAGCCTGGGCAACAGAGCGAGACTCTGTCTGAAAAAAAAAA","CCAGCCTGGCCAAGATGGTGAAACCCTGTTTCTACCAAAAATATAAAAAATTAGCTGGGTGTGGTGGTGTGCACCTGTAGTCCCAGCTACTCAGGAGGCTGAGGCAGGAGAATCGCTTGAACCTGGGAGGTGGAGGTTACAGTGAGCCGAGATCATGCCACTGCACTCCAGCCTGGGCAACAGAGCGAGACTCTGTCTGAAAAAAAAAAA"
"chr1","20742898","20743206","chr1","20732120","20732427","7","10778","GGCCAGGCACTGTGGCTCACGCCTGTAATCCCAGCACTTTGGGAGGCTGAGGCGGGTGGATCACGAGGTCGGGAGTTTGAGACCAGTCTGGCCAACATAGTGAAACCCCATCTCTACTACAAATACAAAAAAATTAGCAGGGTGTAGTGGTGTGCATCTGTAGTCCCAGCTACTCGGGAGGCTGAGGCAGGAGAAACGCATGAACCCAGGAGGTGGAGGTTGCAGTGAGCCGAGATTGCACCATTATACTCCAATCCGGACAACAGTTGTGAGACTATGTATACAAAAAAAAAAAAAAAGAAAAAAAAA","GGCCAGGCACTGTGGCTCACGCCTGTAATCCCAGCACTTTGGGAGGCTGAGGCGGGTGGATCACGAGGTTGGGAGTTTGAGACCAGTCTGGCCAACATAGTGAAACCCCATCTCTACTACAAATACAAAAAAATTAGCAGGGTGTAGTGGTGTGCATCTGTAGTCCCAGCTACTCGGGAGGCTGAGGCAGGAGAAACGCATGAACCCAGGAGGTGGAGGTTGCAGTGAGCCAAGATTGCACCATTGTACTCCAATCCGGACAACAGTTGCGAGACTATGTATCAAAAAAAAAAAAAAGAAAAAAAAAA"
"chr1","20751334","20751645","chr1","20740586","20740897","3","10748","GGCCAGGCGCGGTGGCTCACGCTTGTAATCCCAATACTTTGGGAGGCTGAGGCGGGTGGATCACGAGATCAGGAGTTTGAGACCAGCCTGGCCAACATAGTGAAACCTCAGCTCTACTAAAAATACAAAAAAATTAACGGGGCGTGGTGTCAGGCAACTGTAGTCCCAGCTACTCAGGAGGCTGAAGCAGGAGAATCATTTGAACCCGGGAGGCGGAGGTTGCAGTGAGCTGAGACCATGCCATTGCAATCCAACCTAGGCAACGGAGCAAGACTCTGTCTCAAAAATAAAAAATAAAAAACAAACAAAAAA","GGCCAGGCGCGGTGGCTCACGCTTGTAATCCTAATACTTTGGGAGGCTGAGGCGGGTGGATCACGAGATCAGGAGTTTGAGACCAGCCTGGCCAACATAGTGAAACCTCAGCTCTACTAAAAATACAAAAAAATTAACGGGGCGTGGTGTCAGGCAACTGTAGTCCCAGCTACTCAGGAGGCTGAAGCAGGAGAATCATTTGAACCCGGGAGGCGGAGGTTGCAGTGAGCTGAGACCATGCCATTGCAATCCAACCTAGGCAACGGAGCAAGACTCTGTCTCAAAAATAAAAAATAAAAAACAAAACAAAAA"
"chr1","20755003","20755301","chr1","20743650","20743949","3","11353","GGCTGGGTACTGTGGCTCATGCCTGTAATCCCAGCACTTTGGGAGGCAGGTGGATCACATGAGGTCAGGAGTTTGAGACCAGCCTGGCCAACATGGTGAAACCCCATCTCTACTAAAAATACAAAAAATTAGCCATGCATGGTGGCACGTGCATGTAGTTCCAGCTACTCAAGAGGCCAAGGCAAGAGAATCACTTAAACCTGGGAGGCATAGTCTGCAGTGAGCCAAGATCACACCACTGCACTCCAGCCTGGGCGACAGAGTGAGGCTCCGTCTCTAAATAAATAAATAAAATAAAA","GGCTGGGTACTATGGCTCATGCCTGTAATCCCAGCACTTTGGGAGGCAGGTGGATCACATGAGGTCAGGAGTTTGAGACCAGCCTGGCCAACATGGTGAAACCCCATCTCTACTAAAAATACAAAAAAATTAGCCATGCATGGTGGCACGTGCCTGTAGTTCCAGCTACTCAAGAGGCCAAGGCAAGAGAATCACTTAAACCTGGGAGGCATAGTCTGCAGTGAGCCAAGATCACACCACTGCACTCCAGCCTGGGCGACAGAGTGAGGCTCCGTCTCTAAATAAATAAATAAAATAAAA"
"chr1","20789116","20789220","chr3","181238196","181238292","24","160449080","AGAATCGCTTTAACCTGGGAGGCGGAGGTTGCAATGAGCAGAGATCCCACCACTGCACTCCAGCCTGGGCGACAGAGCAAGACTCCGTCTCAAAAGAACAAAAAA","GAGAACTCTGGAACCCGGGAGGCAGAGGCTGCAGTGAGCCGAGATCATGCCACTGCCCTCCAGCCTGGGCGATAGAGCAAGACTCCATCTCAAAAAA"
"chr1","20807920","20808230","chr1","20800439","20800758","12","7481","CTGGGTGTGATGGTTCATGCCTGTAATCCCAGCACTTCGGGAGGCCGAGGTAGGCAGATCACGAGGTCAGAGTTTGAGACTAGCCTGGCCAACATAGTGAAACCCCATCTCTACTAAAAGTCTAAAAAATTAGCTGAGTAGTCCCAGCTACTTGGGAGGCTGAGGCAGGGCTCCTGTAGTCCCAGCTACTCAGGAGGCTGAGGCAGGAGAATCGCTTGAACCTGGGAGGCAGAGGTTGCAGTGAGCTGAGATCGCACCACTGCACTCCAGCCCGGGTGACAGTGCGAGGTCTCAAAAAAAAAAAAAAAAAA","CTGGGTGTGATGGTTCATGCCTGTAATCCCAGCACTTCGGGAGGCCAAGGTAGGCAGATCACGAGGTCAGAGTTTGAGACTAGCCTGGCCAACATAGTGAAACCCCATCTCTACTAAAAGTACTAAAAAATTAGCTGAGTAGTCCCAGCTACTCGGGAGGCTGAGGCAGGGCTCCTGTAGTCCCAGCTACTCAGGAGGCTGAGGCAGGAGAATCGCTTGAACCTGGGAGGCAGAGGTTGCAGTGAGCTGAGATCGCACCACTACACTCCAGCCCGGGTGACAGTGCGAGGTCTCAAAAACAAAAAACAAACAAAAAAAAA"
"chr1","20831722","20831817","chr9","95139174","95139270","14","74307452","GCCAGGCGTGGTGACTCACGCCTGTAACTCCCAGTTATTTGGGAGGCCGAGGTGGGCAGATCACAAGGTCAGGAGTTCGAGACCAGCCTGACCAAC","GGCGGGGCGTGGTGGCTCACGCCTGTAATCCCAGCACTCTGGGAGGCCAAGGTAGGCGGATCACAAGGTCAGGAGTTCGAGACCAGACTGACCAACA"
"chr1","20920565","20920854","chr1","20913903","20914192","0","6662","GGCCTGGCGTGGTGGCTCACATCTGTAATCCCAGCACTTTGGGAGGCCGAGGGGCGGATCACGAGGTCAGGAGATCAAGACCATCCTGGCCAACATGGTGAAACCTGTCTCTACTAAAAATAGAAAAAATTAGCCAGGCATGGTGGTGCACGCCTATAGTCCCAGCTACTCAGGAGGCTGAGACAGGAGAATCTCTTGAACTTGGAAGGCGGAGGTTGCAGTGAGCCGAGATCACACCACTGCACTCCAGCTTGGACAACAGAGTGAGACTGTCTCAAATAAAAGAAAAA","GGCCTGGCGTGGTGGCTCACATCTGTAATCCCAGCACTTTGGGAGGCCGAGGGGCGGATCACGAGGTCAGGAGATCAAGACCATCCTGGCCAACATGGTGAAACCTGTCTCTACTAAAAATAGAAAAAATTAGCCAGGCATGGTGGTGCACGCCTATAGTCCCAGCTACTCAGGAGGCTGAGACAGGAGAATCTCTTGAACTTGGAAGGCGGAGGTTGCAGTGAGCCGAGATCACACCACTGCACTCCAGCTTGGACAACAGAGTGAGACTGTCTCAAATAAAAGAAAAA"
"chr1","21018650","21018800","chr18","13921194","13921341","20","7097456","TGGTGGCACGCACCTGTAGTCTCAGCTACTTGGGAAGCTGAGGCAGGAGAATCACTTGAACCCGGGAGGTGGAGGTTGCAGTGAGCTGAGATCTTGCCACTGCACTCCAGCCTGGGCGACAGAGCGAGACTCTGTCTACAAAAAAAAAAAA","GTGGTGGCGCATGCCTATAGTTCCAGCTACTTGGGAGGCTGAGGCAGGAGAATTGCTTGAACAGGGAGGTGGAGGTTGCAGTGAGCTGAGATCATGCCACTGCACTCCAGCCTGGGAAACAGCGCGAGACTCTGTCTCAAAAAAAAAA"
"chr1","21070258","21070539","chr1","21064590","21064871","2","5668","GGCTGGGCGTGGTGGCTCACGCCTGTAATCCCAGCACTTCGGGAGGCCGAGGCGGGTGGATCATGACGTCAAGAGATCAAGACCATCATGGCCAACATGGTGAAACCCCGTCTCTACTAAAAATACAAAAAATTAGCTGGGCATGGTTGGTGCACACCTGTAGTCCCAGCTACTCGGGAGGCTGAGGCAGGAGAATCACTTGAACCTGGGAGGCGGAGGTTGCAGTGAGCCAAGATCGCACCACTGCACTCCAGCCTGGGCGACAGAGTGAGACTCCATCTC","GGCTGGGCGTGGTGGCTCACGCCTGTAATCCCAGCACTTCGGGAGGCCGAGGCGGGTGGATCACGAGGTCAAGAGATCAAGACCATCATGGCCAACATGGTGAAACCCCGTCTCTACTAAAAATACAAAAAATTAGCTGGGCATGGTTGGTGCACACCTGTAGTCCCAGCTACTCGGGAGGCTGAGGCAGGAGAATCACTTGAACCTGGGAGGCGGAGGTTGCAGTGAGCCAAGATCGCACCACTGCACTCCAGCCTGGGCGACAGAGTGAGACTCCATCTC"
"chr1","21095222","21095522","chr1","160979595","160979897","50","139884373","GGTTGGGCGTGGTAGCTCATTCCTGTCATCCCAGCACTTTGGGAAGCTGAGGCAGGCAGATCACTTGAGGTCAGGAGTTTGAGACCAGCCTGGCCAACATGGCCAGTCTTTACTAAAAATACAAAAAATTAGCCGGGCATGGTGGTACACGCCTGTAGTCCCAGTTTTTAAGGAGGCTGAGGCAGGAGAATTGCTTGAATTAAGAGGCAGAGGTTGCAGCGAGCCAAGATGGTGCCACTGCATTCCAGTCTGGGTGACAGAGTAAGACTCCATCTTAATAAGTAAATAATAAAATCAAAAA","GGTCAGGTGTGGTGGCTCATACCTGTAATCCCAGCACTTTGGGAGGCTGAGGCGGGTGATCACTTGAGGTCCAGAGTTCGAGACCAGCCTGGCCAACATAGTGAAGCCTGTCTCTACTAAAAATACAAAAAATTAGCCGGGCATGGTGGCACACACCTGTAGTCCCAGCTACTTGGGAGGCTGAGGCAGAAGAATCACTTGAACCTGGGAGGCAGAGGTTGCAGTGAGCCGAGATTGTGCCACTGCACTCCAGTCTGGGTGACAGAGTGAGACTCTGTCTCAAAAAAAAAAAAAAAAAAAGAA"
"chr1","21136077","21136334","chr17","13388958","13389211","25","7747119","GGCCAGGTGTGGTGGCTCACACCTGTAATCCCAGCACTTTGGGAGGCCGAGGCGGGCAGATCACGAGGTCAGGAGTTCAAGACCAGCCTGGCCAACATACTGAAACCCCATCTCTACTAAAAATACAAAAAACTAGCCAGGCATGGTGGCAGGCACCTGTAATCCCAGCTACTCAGGAGGCTGAGGCAGAAGAATCTCTTGAACCCGGGAGGCGGAGGTTGCAGTGAGCCAAGATCGTGCCACTGCACTCCAGCCTGG","GGCCGGGCGCTGTGGCTTACACCTGTAATCCCAGCACTTTGGGAGGTCGAGGCGGGTGGATCACGAGGTCAGGAGTTCGAGACCAGCCTGGCCAACATAGTGAAACCCCATCTCTACTAAAAATACAAAAAATTAGCCAGGCGTGGTGGCGGGCGCCTGTAATCCCAGCTACTCGGGAGACTGAGGCAGGAGAATCACTTGAACCCCAGAGGCGGAGGTTGCAGTGAGCCAAGATCGTGCCATTGCACTCCAGC"
"chr1","21211897","21212192","chr1","21210680","21210976","2","1217","CTGGGTGCCGTGGCTCATGCTTGTAATCCCAGCACTTTGGGAGGCCAGGGTAGGTGGATCACAAGCTCGACTTCAAGACCAGCCTGGGCAACATGGTGAAACCCCGTCTCTACCAAAAATCAAAAAAATTAGCTGGGCATGGTGGCATGCATCTGTGGTTCCAGTTACTCAGGAGGCTGAGGTGGGAGGATCGCTTGAGCCTAGGAGGTGGAGGTTGCAGAGAGCCAAGATTGTGCCAGTGCACTCCAGCCTGGGTGACAGTAAGACCCTGTCTCCAAAAAAAACAAAAACAAAAA","CTGGGTGCCGTGGCTCATGCTTGTAATCCCAGCACTTTGGGAGGCCAGGGTAGGTGGATCACAAGCTCGACTTCAAGACCAGCCTGGGCAACATGGTGAAACCCCGTCTCTACCAAAAATACAAAAAAATTAGCTGGGCATGGTGGCGTGCATCTGTGGTTCCAGTTACTCAGGAGGCTGAGGTGGGAGGATCGCTTGAGCCTAGGAGGTGGAGGTTGCAGAGAGCCAAGATTGTGCCAGTGCACTCCAGCCTGGGTGACAGTAAGACCCTGTCTCCAAAAAAAACAAAAACAAAAA"
"chr1","21224919","21225005","chr14","100673591","100673682","23","79448672","AGCCTGGGAGGCGGAGGTTGCAGTGAGCTGAGATAGCACCACTACACTCCAGTCTGGGCAACAGAATGAGACCCTGTCTCAAAAAAA","CCTGGGAGGCAGAGGTTGCAGTGAGCCAAGATCACACCACCGCACTCCAGCCTGAGCAACAGAGAGAGACTCCATCTCAAAAAAAAAAAAAA"
"chr1","21290803","21291108","chr20","53890284","53890586","43","32599481","GCCGGGCACGGTGACTCACGCCTGTAATCCCAACACTTTGGGAGGTCGAGGCAGGCAGATCACCTGAGGTCAGGAGTTCGAGACCAGCCTGGCCAACATGGCAAAACCCCGTATCTATTAAAAATACAAAAAATTAGCCAGGTATGATGGCGCACGCCTCCTAGTCCCAGCTACTCGGAAGGCTGAGGCAGGAGCATTGCTTGAGCCTAGGAGTCGGAGGTTGCAGCGAGCTGAGATGGTACCCCTGTACTCCAGCCTGAGGGACAGAGTGAGACCCTGTCTCAAACAACAACAACAACAACAAAA","GCTGGGCACAGCTGCTCACGCCTGTAATCCCAGCACTTTGGGAGGCTGAGGTGGGTGGATCACCTGAGGTCAGAAGTTCGAGACCAGCCTGGCCAACACGGTGAAACCCCATCTCTACTAAAAATACAAAAAATTAGCCAGGCATGGTGGCGCACACCTGTAGTCCCAGCTACTCGGGAGGCTGAGGCAGGAGAATTGCTTGAACCTGGGAAGGGGAGGTTGCAGTGAGCCGAGATCGTGCCACTGCACTCCAGCCTAGGCGACAGAGTGAGACTCTGTCTCAAAAAAACAACAAACAAAAAA"
"chr1","21581219","21581265","chr3","12945284","12945334","7","8635935","CTGGCCAACATGGCGAAACCCCATCTCTACTAAAAATAAAAAAAATT","GCCTGGCCAACATGATGAAACCCCATCTCTACTAAAAATACACAAAAATTA"
"chr1","21703114","21703408","chr1","21537386","21537680","0","165728","GCTGGGCGTGGTAGCTCACACCTGTAATCCTAGCACTTTGGGAGGCCGAGGCATGTGGATTGCCTGAGCTCAGGAGTTCAAGAATAGCCTGGGCAACATGGTGAAACCCCGTCTCTACTAAAAATACAAAAAATCAGCTGGGCATGGTGGCATGCGCCTGTAGTCCCAGCTACTCAGGAGGCTGAGGCACAAGAATTGCTTGAACCTGGAAGGCGGAGGTTGCAGTGAGCTAAGACCGTGCCACTGCATGCCAGCCTGGGCGACAAAGTGAAACTGTCTCAAAACAAAAACAAAA","GCTGGGCGTGGTAGCTCACACCTGTAATCCTAGCACTTTGGGAGGCCGAGGCATGTGGATTGCCTGAGCTCAGGAGTTCAAGAATAGCCTGGGCAACATGGTGAAACCCCGTCTCTACTAAAAATACAAAAAATCAGCTGGGCATGGTGGCATGCGCCTGTAGTCCCAGCTACTCAGGAGGCTGAGGCACAAGAATTGCTTGAACCTGGAAGGCGGAGGTTGCAGTGAGCTAAGACCGTGCCACTGCATGCCAGCCTGGGCGACAAAGTGAAACTGTCTCAAAACAAAAACAAAA"
"chr1","21843945","21844242","chr1","21678215","21678512","0","165730","CTGGGCGCAGTGGCTCACCCCTGTAATCCTAACACTTTGGGAGGTTGAGGTGGGTGGATCACGAGGTCAGGAGTTCAAGACCAGCGTGGCCAGCATGGTGAAACCCCATCTCTACTAAATATACAAGAAAATTGGCCAAGCGTGGTGGTGGGCACCTGTGATCCCAGCTACTCGGGAGGCTGAGACAGGAGAATGGCGTGAACTCGGGAGGTGGAAGTTGCAGTGAGCCGAGATTGCGCCACTGCACTCCAGCCTGGGCAACAGAGGGAGACTCTGTCTCAAAAAGAAAGAAAGAAAA","CTGGGCGCAGTGGCTCACCCCTGTAATCCTAACACTTTGGGAGGTTGAGGTGGGTGGATCACGAGGTCAGGAGTTCAAGACCAGCGTGGCCAGCATGGTGAAACCCCATCTCTACTAAATATACAAGAAAATTGGCCAAGCGTGGTGGTGGGCACCTGTGATCCCAGCTACTCGGGAGGCTGAGACAGGAGAATGGCGTGAACTCGGGAGGTGGAAGTTGCAGTGAGCCGAGATTGCGCCACTGCACTCCAGCCTGGGCAACAGAGGGAGACTCTGTCTCAAAAAGAAAGAAAGAAAA"
"chr1","21855913","21856196","chr1","21690808","21691108","26","165105","GGCCGGATGCGGTGGCTCACGCCTATAATCCCAGCACTTTGGAAGGCCAAGGCGGGAGGATCATGACGTCAGGAGTTCAAGACCAGCCTAGGTGAAACCCCGTCTCCATTAAAGATACAAAAAATTAGCCAGGAGTGGTGGCGCATGCCTGTAATCAATCCCAGCTACTTGGGAGGCTGAGGCAGGAGAATCACTTGAACCTGGGAGGTGGAGGTTGCAGCGAGCCGAGATTGTGCCACTGTACTCCAGCCTGGGTGACAAGGCTAGGATCCATCTCAAAAAAA","GGCCGGATGCGGTGGCTCACGCCTATAATCCCAGCACTTTGGAAGGCCAAGGCGGGAGGATCATGACGTCAGGAGTTCAAGACCAGCCTAGGTGAAACCCCGTCTCCATTAAAGATACAAAAAATTAGCCAGGAGTGGTGGCGCATGCCTGTAATCCCAGCTACTTGGGAGGCTGAGGCAGGAGAATCACTTGAACCTGGGAGGTGGAGGTTGCAGCGAGCCGAGATTGTGCCACTGTACTCCAGCTTGGGTGACAAGGCTAGGATCCATCTCAAAAAAAAAAAAAAAAAAAAAAAAAAAA"
"chr1","21856515","21856819","chr1","21691109","21691419","6","165406","CCGGGTGCAGTGGCTCCTGCCTGTAATCTCAGCACTTTGGGAGGCTGCGGTGGGCGGATCATGAGGTCAGGAGTTCGAGACCAGCCTGGCCAACACAGTGAAACCCCGTCTCTACTAAAAATATAAAAAATTAGCCGGGTGTGGTGGTGGGCGCCTATAACCCCAGCTACTTAGGAGGCTGGGGCAGGAGAATCGTTTAAACCCAGGAGGCGGACATTGTGGTGAGCTGAGATAGTGCCATTGCACTCCAGCACAGGCAACAGTGCGAGACTCCATCTCAAAAAAAAAAGAAAAGAAAAAAAGAA","GGCCGGGTGCAGTGGCTCCTGCCTGTAATCTCAGCACTTTGGGAGGCTGCGGTGGGCGGATCATGAGGTCAGGAGTTCGAGACCAGCCTGGCCAACACAGTGAAACCCCGTCTCTACTAAAAATATAAAAAATTAGCCGGGTGTGGTGGTGGGCGCCTATAACCCCAGCTACTTAGGAGGCTGGGGCAGGAGAATCGTTTAAACCCAGGAGGCGGACATTGTGGTGAGCTGAGATAGTGCCATTGCACTCCAGCACAGGCAACAGTGCGAGACTCCATCTCAAAAAAAAAAAAGAAAAAGAAAAAAAAGAA"
"chr1","21915913","21916017","chr6","43748996","43749100","11","21833083","GGCCAGGCACAGTGGCTCACGCCTGTAATCCCAGCATTTTTGGAGGCCCAGGTGGGCGGATGACAAAGTCAGGAGTTCGAGACCAGCCTGGCCAACATGGTAAAA","GGCCAGGCGCAGTGACTCACGCCTGTAATCCCAGCACTTTGGGAGGCCAAGGCGGGCGGATCACAAGATCAGGAGTTTGAGACCAGCTTGGCCAACATGGTAAAA"
"chr1","21922213","21922329","chr20","16652596","16652702","36","5269617","TCAGGAGGCTCGGGCAGGAGAATGTCTTGAACCCGTTAGGTAGAGGTTGCAGTGCACTCCAGCCTGGGCAACAGAACGAGACTCCATCTCATAAATAAATAAATAAAAACTAAGAAA","CTTGAACCCAGGCGGCGGAGGCTTCAGTGAGCCAAGATGGTGCCACTGCACTCCAGCGTGGGCAACAGAGTGAGACTCTGTCTCAAAAAAATAAAAAAAATAGAAAA"
"chr1","21922891","21923201","chr10","83310187","83310491","43","61387296","GGCCGGTCGCGGTGGCTCATGCCTGTAATCCCAGCACTTTGGGAGGCCAAGGTGGGCAGGTCACGAGGTCAGGAGATCGAGACCAGCCTGGCCAACATAGTGAAACTCCATCTCTACTAAAATTCAAAATTAGCCGGGCATGGTGACGCACACCTGTAGTCCCAGCTACTCAGGAGGCTGAGGCAGGAGAATCGCTTGAAACCAGGAGGTGGAGGTTGCAGTGAGCTGAGATTGAGCCACTGCACCACTGCACTCTAGCCTGGGCAACAGAGCGAGACACCGTCTCAAAAAATAAAAATAAAAATAAAAAA","GGACAGGCACGGTGGCTCACGCCTGTAATGCCAGCACTTTGGGAGGCCAAGGCGGGCAGATCATGAGGTCAGGAGTTCAAGACCAGCCTGGCCAATATGGTGAAGCCCCGTCTCTACTAAAAATAAAAAAAAGTAGCCGGGCGTGGTGGCGGGCACCTGTAGTCCCAGCTACTCAGGAGGCTGAGGCAGGAGAATCGCTTGAACCCAGGAGGCGGAGGTTGCAGTGAGCTGAGATTGCACCACCACACTCTAGCCTGGGCAACAGAGCAAGACTACGTCTCAAAAAAAAAAAAAAAAAAAAAGAA"
"chr1","21930432","21930574","chr1","214242319","214242461","29","192311887","CCCATAGTTCCAGCTACACTGGAGACTGAGGTGGGAGGATGGCTTAAGCTTGGGAGGTGGAGGTTGCAGTGAGCCAAGACCATGCCACTGCACTCCAGCTTGGGCGATAGAGCAAGACCCTGTCTCAAAGGAAAAAGAACAAA","CCTGTAGTCCCAGCTACTCGGGAGGCTGAGGCAGGAGAATCACTTGAACCCAGGAGGCGGAGGTTGCAGTGAGCCAAGATCACACCACTGCACTCCAGCCTGGGTGACAGAGCGAGACTCTGTCTCAAAAAAAAAAAAAAAAA"
"chr1","21932813","21933122","chr1","21770412","21770722","6","162401","GGCTGGATGCAGTGGCTCACACCTGTAATCCTAGCACTTTGGGAGGCTGAGGTGGGCGTATCACAAGGTCAGGAGTTTGAGACCAGCCTGGCCAGCATAGTGAAACCCCGTCTCTACTAAATATACCAAAAAAAAAAAATTAGCTAGGCGTGGCGGTGTGTGCCTGTAGTCCCAGCTACTCAGGAGGCTGAGGCAGGAGAATCGCTTGAACCTGGGAGGCGGAGGTTACAGTGAGCCGAGATGGCATCACTGCACTCCAGCCTGGGTGACAGAGCGAGACTCTGTCTGAAAAAACAAAACAAAACAAAAA","GGCTGGATGCAGTGGCTCACGCCTGTAATCCTAGCACTTTGGGAGGCTGAGGTGGGCGTATCACAAGGTCAGGAGTTTGAGACCAGCCTGGCCAGCATAGTGAAACCCCGTCTCTACTAAATATACCAAAAAAAAAAAAAAATTAGCTAGGCGTGGCGGTGTGCCTGTAGTCCCAGCTACTCAGGAGGCTGAGGCAGGAGAATCGCTTGAACCTGGGAGGCGGAGGTTACAGTGAGCCGAGATGGCATCACTGCACTCCAGCCTGGGTGACAGAGCGAGACTCTGTCTGAAAAAACAAAACAAAACAAAAA"
"chr1","21958408","21958628","chr1","21795239","21795459","6","163169","CTGACCAACATGGTGAAACTCCATCTCTACTAAAAATACAAAAAAAAATTAGCTAGGCATTGTGGTGCATGATTGTAATCCCAGCTACTTGGGAGGCTGAGGGAGAATTGCTTGAACCTGGGAGGTGGAGGTTGCAGTGAGCCCGAGATCGTGCCACTGCACTCCAGCCCGGGCAGCAGAGTAAGACTCTGTACTAAAAAAAAAAAAAAAAAAAAAAATAA","CTGACCAACATGGTGAAACTCCATCTCTACTAAAAATACAAAAAAAAAATTAGCTAGGCATTGTGGTGCATGATTGTAATCCCAGCTACTTGGGAGACTGAGGGAGAATTGCTTGAACCTGGGAGGTGGAGGTTGCAGTGAGCCGAGATCGTGCCACTGCACTCCAGCCCGGGCAGCAGAGTAAGACTCTGTCTAAAAAAAAAAAAAAAAAAAAAAAAAAA"
"chr1","21966968","21967229","chr3","52453972","52454214","43","30487004","GCCTGTAATCCCAGCACTTTGCCTGAGGTCAGGAGTTCGACAGCAGCCTGGCCAACATGGTGAAGCCCAATCTCTACAAAAAAATACAAAAAATTAGCCAGGCGTGGTGGCACACACCTGTAATCCCAGCTACTCGGCAGGCTGAGGCAGGAGAATCTCTTGAACCCAGGAGGCAGAAGTTGCAGTGAGCCGAGATCGAGCCACTGCACTCCAGCCTGGGCGACAGAGTGAGACTCCGTCTCAAAAACAAAAACAAAAAAGA","GGCAGATCATGAGGTCAGGAGTTTGAGACCAGCCTGGCCAACATGGTGAAACCCCATCTCTACTAAAAATACAAAAAATTAGCCAGGCATGGTGGCGCATGCCTCTAATCCCAGCTACTTGGGAGGCTGAGGCAGGAGAATCGCTTGAACCCGGGAGGCAGAGGTTGCAGTGAGCAGAGATTGCGCCACTGCACTCCAGCCTGGATGACAGTGTGAGACTCCGTCTCAAAAAAGAAAAAAAAA"
"chr1","21967729","21967808","chr11","8774884","8774956","19","13192845","AGGTTGCAGTGAGCTGAGATCATGCCACTGCACTCCAGCCTGGGCAACAGAGTGAGACTCCATCTACAAAAAAAAACAAA","AGTGAGCTGAGATTGCGCCATTGCACTCAGCATGGGCGACAGAGTGAGACTCTGTCTCAAAAAAAAAAAAAAA"
"chr1","21968770","21969072","chr1","21806168","21806473","4","162602","GGCCTGGCTTGGTGGCTCATGCCTGTAATCCCAGCACTTTGGGAGGCAGAGGTGGGTGGATCACAAGGTCAGGAGTTCAAGGCCAGCCTGGCCAACATAGTGAAACCCCATCTCTACTAAAAATACAAAAAAAATTAGCCGGGCATGGTGGTGCATTCCTGTAGTCCCAGCTACTCGGGAGGCTGAGGCAGGAGAATCGCTTGAATCCGGGAGGTGGAGGTTGCAGTGAGCTGAGATTGTGCCACTGCACTCCAGCTTGAGCAACAGAATGAGACTTCATCTCAAAAAAAAAAAAAAAAAGAA","GGCCTGGCTTGGTGGCTCATGCCTGTAATCCCAGCACTTTGGGAGGCAGAGGTGGGTGGATCACAAGGTCAGGAGTTCAAGGCCAGCCTGGCCAACATAGTGAAACCCCATCTCTACTAAAAATACAAAAAAAATTAGCCGGGCATGGTGGTGCATTCCTGTAGTCCCAGCTACTCGGGAGGCTGAGGCAGGAGAATCGCTTGAATCCGGGAGGTGGAGGTTGCAGTGAGCTGAGATTGTGCCACTGCACTCCAGCTTGAGCAACAGAGTGAGACTTCATCTCAAAAAAAAAAAAAAAAAAAAGAA"
"chr1","21994274","21994566","chr19","10820333","10820621","34","11173941","GGCCGGGCGCGGTGGCTCACGCCTGTAATCCTAGCACCTTGGGAGGCCGAGGCAGGCAGATTGCCTGAGCTCAGGAGTTCGAGACCAGCCTGGGCAACATAGTGAAACCCCGTCTCTACTAAAATACAAAATAAAAAAAATTAGCCAGGCATGGTGGCGCACCTGTAGTCTCAGCTACTCGGGAGGCTGAGGCAGGAGAATCGCTTGAACCCGGGAGGTGGACGTTGCAGTGAGCTGAGATCGTGCCACTGCACTCCAGCCTGGGAACAGAGCGAGACTCCGTCTCAAAAAAA","GCCGGACGCAGTGGCTCACACCTGTAATCCCAGCACTTCCGGAGGCCGAGGCAGGCGGATTGCCTGAGCTCAGGAGTTCGCGACTAGCCTGGGCAACACAGTGAAACCCCATCTCTACTAAAATACAAAAAATTAGCCAGGCGTGGTGGCGTGCACCTGTAGTCCCAGCTACTTGGGAGGCTGAGGCAGGAGAATCGCTTGAACCTGGGAGGCTGAGGTTGCAGTGAGCCGAGATCATGCCACTGCACTCCAGCCTGGGTGACAGAGCGAGACTCCGTCTCAAAAAAAA"
"chr1","22002346","22002648","chr11","76631408","76631704","47","54629062","GGTGTGGTAGCTCACACCTGAATCCCAGCACTTTGGGAGGCCGAGGTGGGCAGATTGCCTGAGCTCATGAGTTCGAGACCAGTCTGGGTAACATGGTGAAACCCCATCTCTACTAAAAACACAAAAAATTACCTGAGCGTGGTGGCGTGTACTGTTAGTCCTAACTACTTGAGAGGCTGAAGCACAAGAATCACTTGAACCCAGGAGGCAGAGGTTGCAGTGAGCCGAGATTGCACCACTGCACTCCAGCCTGGGCAACAAAGTGAGACTCTGTCTCCAAAAATAAATAAATAAATAAATAAA","GGTGGCTCACGCCTGTAATCCTAACACTTTGGGAGGCCGAGGTGGGTGGATTGCCTGAGCTCAGGAGTTCGAGACTAGCCTGGGCAACATGGTGAAACCCCGTCTCTACTAAAAATACAAAAAATTAGTCGGACGTGGTGGTGTGTGCCTGTAGTCCCAGCTACTTGGGAGGCTGAGGCAGGAGAATTGCTTGAACCCGGGAGGTGGAGGTTGCAGTGAGCCGAGATCGTGCCACTGCACTCCAGCCTGGGCAACAGAGCGAGACTCTGCCTCCAAAAAAAAAAAAAAAGAAAGAAA"
"chr1","22073142","22073276","chr14","19704020","19704152","15","2369122","GACCTGGCACGGTGACTCACGCCTGTAATCCCAGCACTTTGGGAGGCCGAGGCGGGCAGATCATGAGGTCAGGAGTTGGAGACCAGTCTGGCCAACATAGTGAAACTCCATCTCTACTAAAAATACAAAAAATTT","GCCAGGCACGATGGCTCATGCCTGTAATCCCAGCACTTTGGGAGGCCAAGGTGGGCAGATCACGAGGTCAGGAGTTCGAGACCAGCCTAGCTAACATAGTAAAACCCATCTCTACTAAAAATACAAAAAATTA"
"chr1","22073602","22073763","chr17","65022846","65023010","26","42949244","TTGCCAGTGTGGTGGTGTGTGCCTGTAATCCCCGCTACTCCAGAGGCTGAGGCAGGAGAATTGCGTGAACCCGGGAGGCAGAGGTTGCAGTGAGCCGAGATTGCGCCATTGCACTCCAGCCCAGGCGACAGTGCGAGACTCCATCTCAAAAAAAAAAGAAAA","AAAATAGCCAGCTATGGTGGCGTGCACCTGTAGTCCCAGCTACTCCAGAGGCTGAGGCAGGAAAATTGCTTGAACCTGGGAGGCAGAGGTTGCAGTAAGCCGAGATCATGCCACTGCACTCCAGCCTGGGCGACAGAGCAAGACTCCATCTCAAAAAAAAAAAAA"
"chr1","22085466","22085767","chr1","129884150","129884444","41","107798684","GGGCGCGGTGGCTCACGCCTGTAATCCCAGCACTTTGGGAGGCTGAGGTGAGCAGATACTTGAGGTCAGGAGTTCGAGACCAGCCTGGCCAAGATGGTGAAACCCCGTCTCTACTAAAAATACAAAAAAGTTAGCCGGGTGTGGTGGTGCATGACTGTAGTCTCAGCTACTCAGGAGGCTGAGGTAGGAGAATCGCTTGAACCTGGGAAGCGGAGGTTGCAGTGAGCTGAGATCATGCCATTGCACTCAAGCCTGGGCGTCATCGCGAGACTCTGTCTCAAAACTACAGACAAACAGACAAA","GGCGCGGTGGCTTACGCCTGTAATCCCAGCACTTTGGGAGGCCAAGGCAGGCAGATCACGAGGTCAGGAGTTCGAGACCAGCCTGGCCAGCATGGTGAAACCCCGTCTCTACTAAAAGTACAAAAAATTGCTGGGTGTGGGGGTGCACGCCTATAATCCCAGCTACTCAGGAGGCTGAGGCAGGAGAATTGCTTGAACCCGGGAGGCGGAGGTTGCAGTGAGCTGAGATCATGCCACTGCACTCCAGCCTGGGCAACAGAGTGAGACTCTGTCTCAAAAAAAAAAAAAAAAAAAA"
"chr1","22111465","22111766","chr1","21949805","21950110","5","161660","GGCCGGGCGCGGTGGCTCACGCCTATAATCCCAGCACTTTGGGAGGACGAGGCAGGTGGATCACAAGGTCAGGGGTTCGAGACCAGCCTGACCAACATGGTGAAACCCCGTCTCTACTAAAAATACAAAAAAATTAGCTGGGCGTGGTGGCAGGCACCTGTAATCTCAGCTACTCAGGAGGCTGAGGCAGGAGAATTGCTTGAACCCGGGAGGCGGAGGTTGCAGTGAGCCGAGATTGCACCACTGCACTCCAGCCTGGGCGACAGAGCAAGACTCTGTCTACAAAAAAAAAAAAAAAAGAA","GGCCGGGCGCGGTGGCTCACGCCTATAATCCCAGCACTTTGGGAGGACGAGGCAGGTGGATCACAAGGTCAGGGGTTCGAGACCAGCCTGACCAACATGGTGAAACCCCGTCTCTACTAAAAATACAAAAAAATTAGCTGGGCGTGGTGGCAGGCACCTGTAATCTCAGCTACTCAGGAGGCTGAGGCAGGAGAATTGCTTGAACCCGGGAGGCGGAGGTTGCAGTGAGCCGAGATTGCACCACTGCACTCCAGCCTGGGCGACAGAGCAAGACTCTGTCTCAAAAAAAAAAAAAAAAAAAAAGAA"
"chr1","22117399","22117562","chr19","43064308","43064483","37","20946909","ATGGAGAAACCCCGTCTCTACTAAAAATACAAAATTAGCTGGGTGTGGTTGTGCGTGCCTGTAGTCACAGCTTCTTGGGAGACTGAGACAGGAGAATCACTTGAACCCGGGAGACAGAGGCTGCAGTGAGCTGAGATCGCACCACTGTACTCCAGCCTGGGTGA","CTAGCCAACATGGTGAAACCCCGTCTCTACCAAAAATATACAAAAATTAGCCAGGTGTGGTGGTGCATGCCTGAAGTCCCAGCTACTCGGGAGACTGAGGTGGGAGAATCCCTTGAACCTGGAAGGCAGAAGTTGCAGTGAGCTAAGATCATGCCACTGCACTCCAGGCTGGGTGA"
"chr1","22140147","22140459","chr1","22006634","22006943","7","133513","GGTCGAGTGCAGTGGTTCATGCCTGTAATCCCAGCACTCTGGGAGGCCGAGGCGCATGGATCACCTGAGGTCAGGAGTTCAAGACCAGCCTGGCCGACATGGTGAAACCCCATCTCTACTAAGAATACAAAAAATTAGCCAGGCGTATTGGTGCATGCCTGTGGTCGCAGCTACTCAGGAGGCTGAGGCAGGAGAACTGCTTGAATCTGGGAGGCGGAGGTTGCAGTGCGCCGAGATTACGCCACTGCACTCCAGCCTGGGTGACAGAGCAAGACTCCATCTCAAAAACAAAAACAAACAAACAAACAAAAAA","GGTCGAGTGCAGTGGTTCATGCCTGTAATCCCAGCACTCTGGGAGGCCGAGGCGCATGGATCACCTGAGGTCAGGAGTTCAAGACCAGCCTGGCCGACATGGTGAAACCCCATCTCTACTAAGAATACAAAAAATTATCCGGGCGTATTGGTGCATGCCTGTGGTCGCAGCTACTCAGGAGGCTGAGGCAGGAGAACTGCTTGAATCTGGGAGGCGGAGGTTGCAGTGAGCCGAGATTATGCCACTGCACTCCAGCCTGGGTGACAGAGCAAGACTCCATCTCAAAAACAAAAACAAACAAACAAAAAAA"
"chr1","22168959","22169229","chr1","22028374","22028644","2","140585","GGCCGGGCACGGTGGTTCATACGTATAAGCTTTGGGAGGCCAAAGCAGGCAGATCACGAGATCAGAGACCAGTCTGGCCAACATCCCGTCTCTACTAAAAATACAAAAAATTAGCCAGGTGTGGTGGTGGATGCCTGTAATCTCAGCTACTTGGGAGGCTGAGGCAGGAGAATCACGTGAACCCTGGAGGCAGAGGTTGCAGTGAGCTGAGATCACGCCTCTGCACTCCAGCCCAGGTGACAGTATGAGACTTCGTCTCAAAAAAAGAAAA","GGCCGGGCACGGTGGTTCATACGTATAAGCTTTGGGAGGCCAAAGCAGGCAGATCACGAGATCAGAGACCAGTCTGGCCAACATCCCGTCTCTACTAAAAATACAAAAAATTAGCCAGGTGTGGTGGTGGATGCCTGTAATCTCAGCTACTTGGGAGGCTGAGGCAGGAGAATCACGTGAACCCTGGAGGCAGAGGTTGCAGTGAGCCGAGATCACGCCTTTGCACTCCAGCCCAGGTGACAGTATGAGACTTCGTCTCAAAAAAAGAAAA"
"chr1","22202165","22202318","chr1","22062711","22062865","2","139454","GGTGAGGTAGTGCATGCTTGTAGTCTCAGCTACTTGGGAGGCTGAGGCAGGAGAATCGCTTGAGCGTGGGAGGCAGACGTTGCAGTAAGCTGAAATTGCGCCGCTGTGCTGCAGCTTAGGTGACAGAGTGATACCCTGTCTCCAAAAAAAAAAA","GGTGAGGTAGTGCATGCTTGTAGTCTCAGCTACTTGGGAGGCTGAGGCAGGAGAATCGCTTGAGCGTGGGAGGCAGACGTTGCAGTAAGCTGAAATTGCGCCACTGTGCTGCAGCTTAGGTGACAGAGTGATACCCTGTCTCCAAAAAAAAAAAA"
"chr1","22231040","22231341","chr1","22092082","22092382","2","138958","GGCCGGGCGCAGTGACTCATGCCTATAATCCCAGCACTTTGGGAGGCTGAGGAGGGCGGATCAGGAGGTCAGGAGTTTGAGATCTGTCTGGCCAACATAGTGACACCCAGTCTCCCTTAAAAATACAAAAAATTAGCCGGGCGCGGTGGCAGACACCTGTAATCCCAGCTACTCAGGAGGCTGAGGCAGGAGAATCACGTGAACCTGGCAGGTGGAGGTTGCAGTGAGCGGAGATGCCACCACTGCACTCCAGCCCGGGCAACAGTGTAAGACCCCGTCTGTAAATAAATAAATAAATAAAA","GGCCGGGCGCAGTGACTCATGCCTATAATCCCAGCACTTTGGGAGGCTGAGGAGGGCGGATCAGGAGGTCAGGAGTTTGAGATCTGTCTGGCCAACATAGTGACACCCAGTCTCCCTTAAAAATACAAAAAATTAGCCGGGCGCGGTGGCAGACACCTGTAATCCCAGCTACTCAGGAGGCTGAGGCAGGAGAATCACGTGAACCTGGGAGGTGGAGGTTGCAGTGAGCGGAGATGCCACCACTGCACTCCAGCCCGGGCAACAGTGTAAGACCCCGTCTGTAAATAAATAAATAAATAAA"
"chr1","22245334","22245622","chr1","22106330","22106619","1","139004","GGCATGGTGGCTCATGCCTGTAGTCCCAGCACTTTGGGAGGCCGAGGCAGGAGGATCACGAGCTCAGGAGTTTGAGACCAACCTGGCCAACATGGTGAAACCCCGTCTCTACTAAAAATACAAAAAAATTAGCCAGGCATGGTGGCACAGGCCTATAATCCCAGCTACTCAGGAGGCTGAGGCAGGAGAATCGCTTGAACTGGAGAAACAGAGGTTGCAGTGAGCTGAGACCACGACAATGCACTCCAGCCTAGGCAACAGGGCGAGACTCCGTCTCAAAAAAAAAAAA","GGCATGGTGGCTCATGCCTGTAGTCCCAGCACTTTGGGAGGCCGAGGCAGGAGGATCACGAGCTCAGGAGTTTGAGACCAACCTGGCCAACATGGTGAAACCCCGTCTCTACTAAAAATACAAAAAAATTAGCCAGGCATGGTGGCACAGGCCTATAATCCCAGCTACTCAGGAGGCTGAGGCAGGAGAATCGCTTGAACTGGAGAAACAGAGGTTGCAGTGAGCTGAGACCACGACAATGCACTCCAGCCTAGGCAACAGGGCGAGACTCCGTCTCAAAAAAAAAAAAA"
"chr1","22307774","22308064","chr1","22170559","22170849","1","137215","GCCAGGTGCAGTGGCTCATGCCTGTAATCCCAGCACTTTGGGAGGCTGAGGCGGGCGAATCATGAGGTCAGGAGATCGAGACCAGCCTAGCCGACATGGTGAAACCCCGTCTCAACTAAAAATACAAAAAAAATTAGCCAGGTCTAGTGGTGCATGCCTGTAGTCCCAGCCACTTTGGAGGCTGAGGCAGGAGAATCGCTTGAACCCGGGAGGCGGAGGTTGCAGTGAGCGGAGATCGCGCCATTGCACTCCAGCCTGAGGGACAGAGCAAGACCCCATCTCAGAAAAAAA","GCCAGGTGCAGTGGCTCATGCCTGTAATCCCAGCACTTTGGGAGGCTGAGGCGGGCGAATCACGAGGTCAGGAGATCGAGACCAGCCTAGCCGACATGGTGAAACCCCGTCTCAACTAAAAATACAAAAAAAATTAGCCAGGTCTAGTGGTGCATGCCTGTAGTCCCAGCCACTTTGGAGGCTGAGGCAGGAGAATCGCTTGAACCCGGGAGGCGGAGGTTGCAGTGAGCGGAGATCGCGCCATTGCACTCCAGCCTGAGGGACAGAGCAAGACCCCATCTCAGAAAAAAA"
"chr1","22320775","22321073","chr19","57934667","57934962","42","35613892","GGCCAGGCATGGTGGTTCACGCCTGTAATCCCAGAACTTTGGGAGGCCAAAGGCAGGTTGATCACGTTGGAGGTCAAGAGTTGGAGACCAGCCTGGCCAACATGGTGAAACTCCATCTCTACTAAACTCAAAAAATTTACNGGGCGTGGTGGCGCATGCCTGTAGTCCCAGCTACTCAGGTGGCTGGGACAGGAGAATCACTTGAACCCGGGAGGGGGAGGTTGCAGTGAGCCAAGATGCGCCCCTGCACTCCAGCCTGGGCAACAGAGCAAGACTCCATCTACAAAGAAAGAAAAAAA","GCCCGGCGCGGTGGCTCATGCCTGTAATCCCAGCACTTTGGGAGGCCAAGGCAGGTGGATCACGAGGTCAGGAGTTCGAGACCAGCCTGACCAACAGGGTAAAACTCCATCTCTACTAAAAATACAAAAAATTAGCCGGGCTTGGTGGCACATGCCTGTAATCTCAGCTACTCAGGAGGCTGGGGCAGGAGAATCGCTTGAACCCGGGAGGTGGAGGTTGCAGTGAGCTGAGATCGTGCCACTGCACTCCAGCCTGGGCAACTGAGCAAGACTCCATCTCAAAAAAAAAAAAAAAA"
"chr1","22458136","22458436","chr9","103993647","103993943","34","81535511","GGCTGGGTGCGGTGGCTCACACTTGTAATCCCAGCACTTTGGGAGGCTGAGGCAAGTGGATCATTTGAGGTCAGGAGTTCAAGACCAGCCTGGCCAACATGGCAAGACCCCATCTCTACTAAAAATACAAAAAATTAGCTGGGTGTGGTGGCAGGCACCTGTAGTCGCAGCTACTCAGGAGGCTGAAGCAGGAGAATGGCATGAACCCGGGAGGCAGAGGTTGCAGTGAGCCAAGATCGTGTCACTGCACTCCAGCCTGGGTAACAGAGCAAGACTCGGTCTCAAGAAAAAAAAAAAAAGA","GGCCGGGCACGGTGGCTCATGCCTGTAATCCCAGCACTTTGGGAGGCTGAGGCAGGCGGATCACTTGAGATCAGGAGTTCAAGACTAGCCTGGCCAACATGGGAAAACCCCGTCTCTACTAAAAATACAAAAAATTAGCCGGTGTAGTGGCATGCACCTGTAGTCCCAGCTACTCAGGAGGCTGAGGCAGGAGAATTGCTTGAACTCGGGAGGCAGAGGTTTCAGTGAGCCAAGATAATGCCACTGCACTCCAGCCTGGGCAACAGAGCAAGACTCCAACTCAAAAAAAAAAAAAAA"
"chr1","22495210","22495448","chr1","27041303","27041541","38","4546093","CCAGCTTGGGTAACATGGTGAAACCCCATCTCTAACAAAAAAAAAAAAAAAAAAAAAAAATTAGCTGGGCGTGGTGGCTCATGCCTGTAGTCTCAGCTACTTGGGAGGCTGAAGCATGGGAATCCCTTGAGCCCAGGAGGTGGAGGTTGCAGTGAGCTGAGATTGCGCCACTGCACTCCAGCCTGGGCAACAGAGTGAGGCTTTGTTTCAAAAAACAAAAACAAACAAACAAACAAAAA","CCAGCCCGGCCAATATGGTGAAACCCTGTCTCTACTGAAAATACAAAAAAAAAAAAAAAAAAATTAGCCGGGCGTGGTGGCGCATGCCTGTAATCCCAGCTACTTGGGAGGCTGAGGCAGGAGAATTGCTTGAACCCAGGAGGCTGAGGTTGCAGTGAGCTGAGATCGCGCCACTGCACTCCAGCCTGGGTGACAGAGGGAGACTCTGTCTCAAAAAAAAAAAAAAAAAAAGAAAGAAA"
"chr1","22525597","22525688","chr6","139829089","139829179","18","117303492","CACCACTTTGGGAGGCTGAGGCGGGCGGATCTACGAGGTCAGGAGTTCAACACCAGCCTGGCCAACATGGTGAAAACCCTGTCTCTACTAAA","TGATCCCCTTTGGGAGGCCGAGCGGGTGATCACGAGGTCAGGAGCTCGAGACCAGCCTGGTCAACATAGTGAAACCTTGTTTCTACTAAAA"
"chr1","22578468","22578771","chr1","22443478","22443782","1","134990","GGCCAGGCACGATGGTTCATGCCTGTAATCCCAGCACTTTGAGAGGCCAAGGTGGGCGGATCATGAGGTCAGGAGTTCAAGACCAGCCTGGCCAACATGGTGAAACCCCATCTCTACTAAAAATACAAAATTAGCTGGGCATGGTGGTGCACACCTGTAGTCTCAGCTACTTGGGAGGCTGAGGCAGCAGAATTGCTCGAACCTGGGAGGTGGAGGTTGCAGTGAGCTGAGATCACACCACTGCACTCCAGCCTGGGCAATAGTGCAAGACTCCGTCTCAAAAAAAAAAAAAGAAAACAAAAAA","GGCCAGGCACGATGGTTCATGCCTGTAATCCCAGCACTTTGAGAGGCCAAGGTGGGCGGATCATGAGGTCAGGAGTTCAAGACCAGCCTGGCCAACATGGTGAAACCCCATCTCTACTAAAAATACAAAATTAGCTGGGCATGGTGGTGCACACCTGTAGTCTCAGCTACTTGGGAGGCTGAGGCAGCAGAATTGCTCGAACCTGGGAGGTGGAGGTTGCAGTGAGCTGAGATCACACCACTGCACTCCAGCCTGGGCAATAGTGCAAGACTCCGTCTCAAAAAAAAAAAAAGAAAAACAAAAAA"
"chr1","22581693","22582007","chr1","22446710","22447024","5","134983","GGCCGGCTGCGGTGGCTCACACCTGTAATCCCAGCACTTTGGGAGGCCGAGGTAGGCGGATCATGAGGTCAGGAGTTCAAGACCAGCCTGGCCAACATGGTGAAACCCCATCTCTACTAAAAATACAAAAAAATTAGTTGGGCATGGTGGTGCTGGCTTGTAATCCCAGCTACTCAGGAGGCTGAGGCAAGAGAATTGCTTGAACCTGGGAGGCAGAGGTTGCAGTGAGCCGAAATCACGCCACTGCACTCCAGTCTGGATGACGGGGCAAGACTGTCTCAAAAAAAAAAAAAAATTTTTAAAGAAAAAAAGAAA","GGCCGGCTGCGGTGGCTCACACCTGTAATCCCAGCACTTTGGGAGGCCGAGGTAGGCGGATCATGAGGTCAGGAGTTCAAGACCAGCCTGGCCAACATGGTGAAACCCCATCTCTACTAAAAATACAAAAAAAATTAGTTGGGCATGGTGGTGCTGGCTTGTAATCCCAGCTACTCAGGAGGCTGAGGCAAGAGAATTGCTTGAACCTGGGAGGCAGAGGTTGCAGTGAGCCGAAATCACGCCACTGCACTCCAGTCTGGATGACGGGGCAAGACTGTCTCAAAAAAAAAAAATTTTTTTTAAGAAAAAAAGAAA"
"chr1","22623598","22623901","chr1","22489390","22489669","24","134208","GCAGGGCACGGTGGCTCACGCCTGTAATCCCAGCACTTTGGGAGGCTGAGGCGGGTGGATCACGAGGTCAGGAATTCGAGACCAGCCTGGCCAACATGGTGAAATCCCATCTCCACTAAAAATACAAAAAATTAGCTGGGCGTGGTGGCGCATGCCTGTAATCCCAGCTACTCAGGAGGCTGAGGCAGGAGAATTGCTTGAACCCAGGAGGCGGAGGTTGCAGTGAGCTGAGATCATGCCATTGCACTTCAGCCTGGGCAACAGAACAAGACTCCGTCTCGAGAGAAAACAAAACAAAACAAAA","GCAGGGCACGGTGGCTCACGCCTGTAATCCCAGCACTTTGGGAGGCTGAGGCGGGTGGATCACGAGGTCAGGAATTCGAGACCAGCCTGGCCAACATGGTGAAATCCCATCTCCACTAAAAATACAAAAAATTAGCTGGGCGTGGTGGCGCATGCCTGTAATCCCAGCTACTCAGGAGGCTGAGGCAGGAGAATTGCTTGAACCCAGGAGGCGGAGGTTGCAGTGAGCTGAGATCATGCCATTGCACTTCAGCCTGGGCAACAGAACAAGACTCCGTCTC"
"chr1","22655381","22655491","chr2B","199271339","199271453","23","176615958","GGAGAATTGCTTGAACCCAGGAGATGGAGGTTGCAGTGATCTGAGATCGCACCACTGCACTCCAGGCTGGGTGACAGAGTGAGACTCTGTCACAAAAAAATAAAATAAAAA","AGAATCACTTGAACCCAGGAGGTGGAGTTTGTAGTGAGCTGAGATTGCACCACTGCACTCCAGCCTAGGAAACAGAGTGAAACACTGTCTCAATAAAAAAAAAAAAATAGAAAAA"
"chr1","22821497","22821803","chr1","22694120","22694426","1","127377","GTCAGGTGCGGTGGCTCACGCCTGTAATACCACCATTTTGGGAGGCCAAGGCAGGTGGATCACAAGGTCAAGAGTTCAAGACCAGCCTGGCCAACATGGTGAAACCTTGTCTCTACTAAAAATACAAAAAATTAGCCATGCATGGTGGCATGCACCTGTAGTCCCAGCTACTCGGGAGGGTGAGGCAGGAGAATTGCTTGAATCTGGGAGGCAGAGGCTGCAGTAAGCTGAGATCGTGCCACTGCACTCCAGCCTGGGTAACAGAGAAAGACTCTGTCTCAAAAAACAAAACAAAACAAAAAAAAGA","GTCAGGTGCGGTGGCTCACGCCTGTAATACCACCATTTTGGGAGGCCAAGGCAGGTGGATCACAAGGTCAAGAGTTCAAGACCAGCCTGGCCAACATGGTGAAACCTTGTCTCTACTAAAAATCCAAAAAATTAGCCATGCATGGTGGCATGCACCTGTAGTCCCAGCTACTCGGGAGGGTGAGGCAGGAGAATTGCTTGAATCTGGGAGGCAGAGGCTGCAGTAAGCTGAGATCGTGCCACTGCACTCCAGCCTGGGTAACAGAGAAAGACTCTGTCTCAAAAAACAAAACAAAACAAAAAAAAGA"
"chr1","23046163","23046456","chr1","22918928","22919221","2","127235","GCCGGGCACAGTGGCTCATGCCTGTAATCTTAGTACATTGGGAGGCCGAGGCGGGCAGATCACAAGGTCAGGAGTTCAAGACCAGCCTGACCAACATGGTGAAACCGCGTCTCTACTAAAATGCAAAAAATTAGCCGCGCGAGGTGGCATGCGCCTGTAATGCCAGCTACTCGGGAGGCTGAGGCAGGGGAATTGCTTGAACCAAAGAGGTAGAGGTTGCAGTGAGCTGAGATCACGCCACTGCACACCAGCCTGGGTGACAGAGCGAGACTCTGTCTCGAAAAAGAAAGAAAA","GCTGGGCACAGTGGCTCATGCCTGTAATCTTAGTACATTGGGAGGCCGAGGCGGGCAGATCACAAGGTCAGGAGTTCAAGACCAGCCTGACCAACATGGTGAAACCGCGTCTCTACTAAAATGCAAAAAATTAGCCACGCGAGGTGGCATGCGCCTGTAATGCCAGCTACTCGGGAGGCTGAGGCAGGGGAATTGCTTGAACCAAAGAGGTAGAGGTTGCAGTGAGCTGAGATCACGCCACTGCACACCAGCCTGGGTGACAGAGCGAGACTCTGTCTCGAAAAAGAAAGAAAA"
"chr1","23059299","23059607","chr1","22931797","22932107","3","127502","GCTGGCCACAGTGGCTCATGATTGTAATCCCAGCACTTTGGGAGGCCGAGGCGGGTGGATCACGAGGTCAGGAGTTCGAGACCAGCCTGGCCAACATGGTGAAACCCCATCTCTACTAAAATTACAAAAAATTAGCCGTGCATGGTGGCGTGCACCTGTAGTCCCAGCTACTCGGGAGGCTGAGGCAGGAGAATTGCTTGAATCCGGGAGGCGGAGGTTGTGGTGAGCCAAGATCGTGCCGCTGGACTCCAGCCTGGGCAACAGAGTGAGACTCCGTCTCAAAAAAAAACCCCAAAAACAAAAACAAAA","GCTGGCCACAGTGGCTCATGATTGTAATCCCAGCACTTTGGGAGGCCGAGGCGGGTGGATCACGAGGTCAGGAGTTCGAGACCAGCCTGGCCAACATGGTGAAACCCCATCTCTACCAAAATTACAAAAAATTAGCCGTGCATGGTGGCGTGCACCTGTAGTCCCAGCTACTCGGGAGGCTGAGGCAGGAGAATTGCTTGAATCCGGGAGGCGGAGGTTGTGGTGAGCCAAGATCGTGCCGCTGGACTCCAGCCTGGGCAACAGAGTGAGACTCCGTCTCAAAAAAAAACCCCAAAAAACAAAAAACAAAA"
"chr1","23095148","23095417","chr1","22968964","22969233","1","126184","GCCGGGCGCGGTGGCTCACACCTGTAACCCCAGCACTTTGGGAGGCCGAGATGGGTGGATCACGAGGTCAGGAGTTCAAGAGCAGCCTGACCAACATGGTGAAAGCCTGTCTCTACTAACAATATAAAAAATCAGCCAGGCTTGGTGGCATATGCCTGTAATCCCAGCTCCTCAGGAGGCTGAGGCAGAAGAATCGCTTGAACCCAGGAGGTGGAGGTTGCAGTGAGCCGAGATCGTGCCACTGCACTCCAGCCAGGGCGACAGAGCGAG","GCCGGGCGCGGTGGCTCACACCTGTAACCCCAGCACTTTGGGAGGCCGAGATGGGTGGATCACGAGGTAAGGAGTTCAAGAGCAGCCTGACCAACATGGTGAAAGCCTGTCTCTACTAACAATATAAAAAATCAGCCAGGCTTGGTGGCATATGCCTGTAATCCCAGCTCCTCAGGAGGCTGAGGCAGAAGAATCGCTTGAACCCAGGAGGTGGAGGTTGCAGTGAGCCGAGATCGTGCCACTGCACTCCAGCCAGGGCGACAGAGCGAG"
"chr1","23124132","23124427","chr1","133159282","133159584","37","110035150","GCCAGGCACAGTGGTTCATGCCTGTAATCCCAGCACTTCGGAAGGCTGAGGCGGGTGGATTACCTGAGCTCAGGAGTTTGAGACCAGCCTGGGCAACACGGTGAAACCCCGTCTCTACTAAAATACAAAAAATTAGCCATGTGTAGTGGCTATAGTCCCAGCTACTCAGGAGGCTGAGGCAGGAGAATTGCTTGAACCTGGGAGGCGGAGGTTGCAGTGAGCCGAGATTGCGTCACTGCACTCCAGCCTGGTCGACAGAGCAAGACTCCATCTCAAAAAAAGAAAGAAAGAAAAAA","GCTGGGCACAGTGGCTCACGCCTGTAATCCTAGCACTTTGGGAGGCTGAGGCGGGTGGATTGCCTGAGCTCAGGAGTTTGAGACCAGCCTGGGCAACAACGGTGAAACCCCGTCTCTACTAAAATACAAAAAATTAGCCGGGTGTGGCGGTGTGCACCTGTAGTCCCAGCTACTCGGGAGGCTGAGGCAGGAGAATCGCTTGAACCCGGGAGGTGGAGGTTGCAGCGAGCTGAGATCGCGCCACCGCACTCCAGCCTGGGCATCAGAGCAAGACTCCGTCTCCAAAAAAAAAACAAAAAAAAA"
"chr1","23127760","23128054","chr1","23002214","23002509","5","125546","GGTCAGGAGTGGTGGCTCACACCTGTAATCCCAGCACTTTGGGAGGCTGAGGCAGGTGGATCATGAGGTCAGGAGTTCAAGACCATCCTGACCAACATGGTGAAACCCTGTCTCTACTAAAGTACAAAAAATTAGCTGGGGGTGGTGGTGCATGCCTGTAGTCCCAGCTACTCAGGAGGCTGAGGCAGGGGAATCGCTTGAACCCGGGAGGCGGAGGTTGCAGTGAGCCGAGATCATACCGCTGCACTCCAGCCTGGTGACAAAAGGAGACTCCATCTACAAAAAAAAAAAAAAA","GGTCAGGAGTGGTGGCTCACACCTGTAATCTCAGCACTTTGGGAGGCTGAGGCAGGTGGATCATGAGGTCAGGAGTTCAAGACCATCCTGACCAACATGGTGAAACCCTGTCTCTACTAAAATACAAAAAATTAGCTGGGGGTGGTGGTGCATGCCTGTAGTCCCAGCTACTCAGGAGGCTGAGGCAGGGGAATCGCTTGAACCCGGGAGGCGGAGGTTGCAGTGAGCCGAGATCATACCGCTGCATTCCAGCCTGGTGACAAAAGGAGACTCCATCTCAAAAAAAAAAAAAAAAA"
"chr1","23140229","23140526","chr2B","195647537","195647836","44","172507308","GGCCAGGTACAGTAGCTCACGCCTGTAATCTCAGCACTTTGGGAGGCCAAGGCAGGCAGATCGTGAGCTCATGAGTTTGAGACCACCCTGGGCAACATGGTGAAACCCTGTCTCTATGAAAGATACAAAAAATTAGCCAGGTGTGGTGGTGCGCACCTGTAGTCCCAGCTACTTGGGAGGCTGACGTGGGAGGATGGCTTGAGACAGGGAGGACGAGGTTGCAGTGAGCTGAGATCATACCACTGCACTCCAGCCTGGACGATAGAGCCAGATCTTGTCTCAAAAAAAAAAAAAAAAA","GGCCAGGTGCAGTGGCTCACACCTGTAATCCCAGCACTTTGGGAGGCCGAGGCAGGCAGATCCCATGAAGCCAGAGTTTGAGACCAGCCTGGCCAACATGGCGAAACCCCGTCTCTACGAAAAATACAAAAAATTAGCCAGGTGTGGTGGTGTGCACCTGTAATCACAGCTACTTGGGAGGCCGAGGCAGGAGAATTGCTTGAACCTGGGAGGCAGAGGTTGCAGTGAGCTGAGATCATGCCACTGCACTCCAGCCTGGGTGACAGAGTGAGACTCTGTCTAAAAACAAATGAACAAAAA"
"chr1","23332249","23332436","chr6","145004755","145004955","59","121672506","GGAGTTCGAGACCAGCCTGAGTGACATAGTGAGACCTCGACTCTACTAGAAATCAAAAATATTACCCACAAACGGTGGTGCACACCTGTAGTCATCTCAGCTACTCAGGAGGCTGAGGTAGGAGAATCATTTGAGCCTGGGAGGTCGAGGCTGCAGCCCCCGCCTGGGCAACAGAGTGAGACTCTATC","GAGGTCAAAGTTCGAGACCGGCCTGGCCAACATGGTCAGGAAGCTTCGTCCCTACTAAAAATACAAAAAATTAGCCGTCTAGGCGGCGCATGCCTGTAGTCCTAGCTACTCAGGAGGCTGAGGCAGGAGAATCGCTTGAACCTGGGAGGCAGAGGTTGCACCACTGCACTCCAGCCTGAATGAAAAAGTGAGACTCCGTCT"
"chr1","23434484","23434568","chr1","23266721","23266807","2","167763","AGCTGGGCGTGGTGGCGCATGCATGTAGTCCCAGCTACTCAGGAGGCTGAGGCAGGGGAATTGCTTGAACCCAGGAGGCGGAGGT","TCAGCTGGGCGTGGTGGCGCATGCATGTAGTCCCAGCTACTCAGGAGGCTGAGGCAGGGGAATTGCTTGAACCCAGGAGGCGGAGGT"
"chr1","23436071","23436241","chr7","100997716","100997899","44","77561645","CAGCCTGGGCAACATAGCAAAGCCCTGTCTCTACTAAAAATACAAAAAATTAGCCAGGTGTGGTGGCACACTCCTGTAATCCTAGCTACTCAGGAGGCAGAGGTTGCAGTGAGCTGAGATCATACCATTGCACTCTGGCCTGGGTGACAGAGTGAAACCCTATCTCAAAAA","AGCCTGAGCAATATGGTGAAACCCCATCTTTACTAAAAATGAAAAAAAAATTAGCCAGGTGTGGTAGTGCTCCCCTGCAGTCCTAGCTACTCAGGAGGCCAGGGTTGCAGTGAGCCAAGATCATGCCACTGCACTCCAGCCTGGGTGACAGAGTGAGACTCCGTCTCGAAAAAAAAAAATAAAA"
"chr1","23443615","23443892","chr19","7033643","7033918","40","16409972","GGTTGGGCTCGGTGGCTCACGCCTGTAATTCCAGCACTTTGGGAGGCCAAGGTGGGCGGATCAGCCTGGCCAACATGGGGAAACCCTGTCTCTACTAAAAATACAAAAAATTAGCCAGGCATGGTGGCGCATGCCTGTAATCCCAGCTACTCGGGAGGCTGAGGCATGAGAATCGCTTGAACCCAGGAGGCAGAGGTTGCAGTGAGCTGAGACTGGGCCACTGTACTCCAGCCTGGGCAACAAGAGCAAAACTCCATCTCAAAAAAATAAATAAATAA","GGCTGAGCGCAGTGGCTCACGCCTGTAATCCCAGCATTTTGGGAGGCTGAGGAGGGCCAGCCTGGCCAACATTGCGAAACCCTGTCTCTACTAAAAACACAAAAAATTAGCCAGGCATGGTGGCAGGTGCCTGTTATCGCAGCTACTGGGGAGGCTGAGGTAGGAGAACCACTTGAACCCGGGAGGCGGAGGTTGCAGTGAGCTGAGATAGGGCCATTGTACTCCAGCCTGGGCGACAGAGTGAGACTCCGTCTCAAAATAAATAAATAAATAAAT"
"chr1","23445647","23445951","chr2A","32710552","32710857","38","9264905","GGCCGGGCATGGTGGCTCACACCTGTAATCCCAGCACTTTGGGAGGTCGAGGCTGGTGGATCACAAGGTCAGGAGTTCAAGACCAGCCTGGCCAAGATGATGAAACCCCATCTCTACTAAAAATACAAAAAATTAGCCGGGCGTGGTGACACGTTCCTGTAATCCCACCTGTTGGGGAGGCTGAGGAGAGAATTGCTTAAACCTGGGAGGCGGAGGTTGCGTGAATCCAGATTGTGCCACTGCACTGCAGCCTGGGCGACAGAGTGAGGCTCCGTCTCAAAAAAAAATAAATAAAAAATAAAAAA","GGCCGGGCATGGTGGCTGACACCTGTAATCCCAGCACTTTGGGAGGTTGAGGCAGGTGGATCACAAGGTCAGGAGTTTGAGACCAGCCTGGCCAATATGGTGAAATCCCATCTCTACTAAAAATACAAAAAAATTAGCCGGGCGTGGTGGCACATACCTGTAATCCCAGCTACTCTGGAGGCTGAGGCAGAAGAATTGCTTGAATCCTGGAGGCAGAGGTTGCAGTGAGCCGAGATTGCGCCACTGCACTCCAGCCTGGGTGACAGAGTGAGACTCCGTGTCAAAAAACAAAACAAAACAAAAAAA"
"chr1","23456146","23456446","chr3","33494146","33494444","40","10038000","GCCGGGCGTGGTGGCTCATGCCTGTAATCCCAGCACTTTGGGAGGCCGAGGCGGGGAGATCACAAGGTCAGAATTTCGAGACCATTCTGGCCAACATGGTGAAACCCCGTCTCTACTAAAATGCAAAAAAGTAGCCGGGCGTGGTGGCACGCGCCTGTAGTCCCAGCTACTCGGGATCCCAGCTGAGGTAGGGGAATCGCTTAAACCTGGGAGGCGGAGGTTGCAGTGAGCCGAGATCATGCCACTGCACTCCAGCCTAGCGACAGAGCAAGACTCCGCCTCAAAAAAATAGAAATAAAAA","GGCTGGGCGCGGTGGCTCATGCCTGTAATCCTAGCACTTTGGGAGGCTGAGGCAGGCAGTTCACCTGAGGTCAGGAGTTCAAGACCATCCTGGCCAACATGGTGAAACCCCGTCTCTACTGAAATACAAAAAATTAGCCGGACATGGTGGCACGTGCCTGTAGTCCCAGCTACTTGGGAGGCTGAGGCAGGGGAGTTGCTTGAACCCGGGAGGCGGAGGTTGCAGTGAGCTGAGATCATGCCACTGCACTCCAGCCTGGTGACAGAGCAAGACTCCTTCTCAAAAAAAAAAAAAAAAAA"
"chr1","23467496","23467669","chr1","23301652","23301825","1","165844","TTGGCCGGGGATGGTGGCTCATGCCTGTAGTCCCAGCTACTTGGGAGGCTGAGGCAGGAGACTCGCTTGAACCCGGGAGGCAGAGGTTGCAGTGAGCCAAAGTCGTACCACTGCACTCCAGCCTGGAGGACTGAGTGAGACTCAGTCTCAAAACAAACCAAACAAATAAAAAAA","TTGGCCGGGGATGGTGGCTCACGCCTGTAGTCCCAGCTACTTGGGAGGCTGAGGCAGGAGACTCGCTTGAACCCGGGAGGCAGAGGTTGCAGTGAGCCAAAGTCGTACCACTGCACTCCAGCCTGGAGGACTGAGTGAGACTCAGTCTCAAAACAAACCAAACAAATAAAAAAA"
"chr1","23479503","23479629","chr16","73743066","73743197","26","50263563","GCTGAGGTGGGAGAATCACTTGAATCTAGGAGGCAGAGGCTGCAGTGAGCTGAGATTGTGCCATTGCCCTCCAGCCTGGATGACAGAGTGAGACCCTGTCTCAAAAAAAAAAAAAAAAAAAAAAGAA","CTGAGGTAGGAGGATCGCTTGAGCCTGGGAGACAGAGGTTGCAGTGAGCCGAGATTATGCTACTGCACTCCTGCCTGGGTGACACAGTGAGACTCTGTCTTAAACAAAACAAAACAAAACAAAACAAAACAA"
"chr1","23535114","23535424","chr1","23371431","23371741","0","163683","GCCAGGCGCAGTGGCTCATGCCCATAATCCCAGCACTTTGGGAGGCCAAGGTGGGCAAATCACGAGGTCAGGAGTTTGGGACCAGCCTGACAAACATGGTGAAACCCCGTCTCTACTAAAACTACAAAAAAATTAGCTGGGCGTGGTGGCACATGCCTGTAGTCCCAGCTACTCGGGAGGCTGAGGTGGGAGGGTCACTTGAACCCAGGAGGTGGAGATTGCAGTGAGCCGAGATTGCACCACTGCCCTCCAGCCTGGGCAACAGAGGGAGACTCCGTCTCAAAAAAATAAATAAAAATAAAAATAATAAA","GCCAGGCGCAGTGGCTCATGCCCATAATCCCAGCACTTTGGGAGGCCAAGGTGGGCAAATCACGAGGTCAGGAGTTTGGGACCAGCCTGACAAACATGGTGAAACCCCGTCTCTACTAAAACTACAAAAAAATTAGCTGGGCGTGGTGGCACATGCCTGTAGTCCCAGCTACTCGGGAGGCTGAGGTGGGAGGGTCACTTGAACCCAGGAGGTGGAGATTGCAGTGAGCCGAGATTGCACCACTGCCCTCCAGCCTGGGCAACAGAGGGAGACTCCGTCTCAAAAAAATAAATAAAAATAAAAATAATAAA"
"chr1","23543534","23543756","chr2B","169469371","169469593","32","145925837","TCAGAAGTTCAAGACCAGCCTGACCAATATGGTGAAACCCTGTGTCTACTAAAAATAAAAAATTAGCTGGGCGTGGTGGCGTGCACCTGTAGTCCCAGCTACTCAGGAGGCTGAGACAGGAGAATTGCTTGAACCCAGGAGGCAGAGGTTGCAGTGAGCCAAGATCACACCACTGCACTCCAGCCAAGGCAACACAGTGAGACTCTGTCTAAAAAAAAAAAAA","GGAGTTTGTGACCAGCCTGGCCAACATGGTGAAACCCCATGTCTACTAAAAATACAAACAATGAGCCAGGTGTGGTGGCAAGCACCTGTAGTCCCAGCTACTCAGGAGGCTGAGACAGGAGAATCGCTTGAACCCAGGAGGTGGAGGTTGCAGTGAGCCAAGATCCCACCACTGCATTCCAGCCTGGACGACAGAGCGAGACTCTGTTTCAAAAAAAAAAAAA"
"chr1","23655256","23655384","chr8","26723415","26723536","25","3068159","GGAGCCTGAGGCAGGAGACTAACTTGAACCCAGGAGACAGAGGTTGCAGTGAGCCGAGATCATGCCACTGCACTCCAGCCTGAGCAACAGAGTGAGACTCCATCTAACAAAAAAAAAAAAAAAGAAGAA","GAGGCTGAGCCAGGAGAATCCCTTGAACCCGGGACGCGGAGGTTGCAGTCACCTGAGATCATTCCACTGCACTCCAGCCTGCGGGACAGAGCGAGACTCCTTCTCAAAAAAAAAAAAAAAAA"
"chr1","23722336","23722477","chr12","31939089","31939232","25","8216753","GGCCAGGCGCGGTGGCTCATGTCTGTAATCCCAGCACTTTGGGAGACCGAGGTGGGCAGATCACGAGGTCAAGAGTTTGAGACTAGCCTGGCCAATGTGGTGAAACCCTAACTAAAAATACAAAAAACATTAACTAGGGCAT","GGCCAGGCGCAGTGGCTCACATCTGTAATCCCAGCACTTTGGGAGGCCGAGGCGGGCAGATCACAAGGTCAGGAGTTCGAGACCAGCCTGGCCAACATGGTGAAACCCCATCTCTACTAAAAACACACAAAAAATTAGCCAGGC"
"chr1","23722778","23722936","chr22","16225217","16225380","25","7497561","TTTCCTGGGCGTGGTGGCAGGTGCCTATAGTCCCAGCTACTCCGGATGCTGAGGCAGGAGAATTGCTTGAACCTGGGAGGTAGAGGTTGGAGTAAGCTGAGATCACGCCACTGCAGTCTAGCCTGGTGACAGAGCAAGACTCTGTCTCAAAAAAAAAAA","TAGCCGGGCTTGGCGGCGTGTGCCTGTAGTCCCAGCTACTCAGGAGGCTGAGGCAGGAGAATTGCTTGAACCCGGGAGGTGGAGGTTGCAGTGAGCCGAGATCATGCCACTGCACTCTAGCCTGGGTGACAGAGCAAGACTCCATCTCAAAAAAAAAAAAAAAA"
"chr1","23724040","23724194","chr10","35895830","35895980","32","12171790","CCTGTAGTCCCAGCTACTCTGGAGGCTGACATGAGAGGATCGACTGAGCCCTGTTGGTGGAGGTTGCAGTGAGCTGAGATGGTGTCACTGCACTACAGCCTGGATGACAGAGCGAGACCCTGTCTTAAAAATAATGATAATAATAATAAAAATAA","CCTGTGGTCCCAGCTACTTGGGAGGCTGAGACTGGAAAATTGCTCGAACCCAGGAGGCGGAGGTTGCAGTGAGCTGAGATCACGCCACTGCACTCCAGCCTGGGTGACAGAGCGAGACTCTGTCTCAAAAAAAAAAAAAAAAAAAAAAGAA"
"chr1","23760580","23760760","chr4","2758356","2758526","32","21002224","CTACCAAAAATACAAAAAAATTAGCCAGGCATGGTGGCACACGCCTGTAGTCCCAGCTACTCAGAGGCTGAGGTGGGAGGATCACTTGAGCCTGAGAGCCAGAGGTTACAGTGAGCCAAGATGGTGCCACTGCACTCCAGCCGGGGTAACAGAGTAAGACCCTGTCTCAAAAGAAAAAAAA","AAATACAAAAAACATTAGCCAGTCATGGTGGTGTACGCCTGTAGTCCCAGCTACTCAGGAGGCTCAGGTGGGAGGATCACTTGAACCTCAGAGGTGGAGGTTGCAGTGAGCCGAGATTATGCCACTGCCCTCCAGCCTGGGTGACAGAGTGAGACTGTCTCAAAAAAAAAA"
"chr1","23789739","23789860","chr2B","207026815","207026935","24","183237076","AGGCAGGATAATTGCTTGAACCCGGGAGGCAGAGGTTGCAGTGAGCTGAGATGGCACCATTGCACTCCAGCCTGGGAGACAGAGTGAGACTCCATTTCAAAAACCAAAAAAAATACAATAAA","AGGAGAATTACTGAACCTGAGAGGCAGAGGTTGCAGTGAGCGCTGAAATCCTACCATTGCACTCCAGCCTGGGTGACAGAGTGAGACTCCATCTCTGAAAAAAAAAAAAAAAAAAAAAGAA"
"chr1","23812363","23812535","chr1","29277911","29278085","36","5465548","AAAAAAAAAAAAATTAAGCCGAGCGTGGTGGCACGCGCCTGTAGTCCCAGATACTTGAGAGGCTGAGAATTGCTTCAACTTGAGAAGTGGAGGTTGCAGTGAGCCGAGATTGCACCACTGCACTCCAGCCTGGGTGATAGAGCAAGACTCCGTCTCAAAAATAAATAAAATAA","AAAAAAAAAAAAATTAGCCAGGCGTGGTGGCAGGCACCTCTAGTCCCAGCTACTTGGGAGGCTGAGGCAGGAGAATCGCTTGAACCTGGGAGGCGGAGCTTGTAGTGAGCCAAGATTGTGCCACTGCACTCCAGCCTGGGCGACACAGTGAGACTCTGTCTAAAAAAAAAAAAAA"
"chr1","23822071","23822383","chr1","23661143","23661455","2","160928","GGCCGGGCGTGGTGGCTTATGCCTGTAATCCCAGCACTTTGGGAGGCCAAGGTTGGCAGATCACCTGAGGTCAGGAGTTCGAGATCAGCCTGGGCGACATGGTGGAACCCCGTCTCTACAAAAAACACAAAAAATTAGCTGGGCGTGGTGGCACGTACCTGTAGTCCCAGCTACTCAGGAGTCTGAGACATGAGAATTACTTGAACCGGGGAGGCGGAGGTTGCAGTGAGCCAAGATCATGCCACTGCACTCTAGCCTGGGCAACAGAGTGAGACTCCATCTCAAAAAAATAAAAATAAAAATAAAAAAATAA","GGCCGGGCGTGGTGGCTTATGCCTGTGATCCCAGCACTTTGGGAGGCCAAGGTTGGCAGATCACCTGAGGTCAGGAGTTCGAGATCAGCCTGGGCGACATGGTGGAACCCCGTCTCTACAAAAAACACAAAAAATTAGCTGGGCGTGGTGGCACGTACCTGTAGTCCCAGCTACTCAGGAGCCTGAGACATGAGAATTACTTGAACCGGGGAGGCGGAGGTTGCAGTGAGCCAAGATCATGCCACTGCACTCTAGCCTGGGCAACAGAGTGAGACTCCATCTCAAAAAAATAAAAATAAAAATAAAAAAATAA"
"chr1","23934609","23934914","chr1","23770750","23771060","7","163859","GGCCAGGCATGGTGGTTCACGCTGGTAATCCCAGGACTTTGGGAGGCTGAGGCAGGCGAATCACAAGGTCAGGAGATCGAGACCAGCCTGGCCAACAGGGTGAAACCCCGTCTCTACTAAAAATACAAAAAATTAGCTGGGCTTAGTGGCGGGCACCTGTAATCCCAGCTACTTGGGAGGCTGAGGCAGGAGAATCGCTTGAACCTGGGAGGTGGAGGTTGCAGTGAGCCGAGATCATGCCACTGTACTCCAGCCCAGGCGACAGAGTGAGACTCTGTCTCCAAAAACAAAAAAAAAAAAAAAAAA","GGCCAGGCATGGTGGTTCACGCTGGTAATCCCAGGACTTTGGGAGGCTGAGGCAGGCGAATCACAAGGTCAGGAGATCGAGACCAGCCTGGCCAACAGGGTGAAACCCCGTCTCTACTAAAAATACAAAAAATTAGCTGGGCTTAGTGGCGGGCACCTGTAATCCCAGCTACTTGGGAGGCTGAGGCAGGAGAATCGCTTGAACCTGGGAGGTGGAGGTTGCAGTGAGCCGAGATCACGCCACTGTACTCCAGCCCAGGCGACAGAGTGAGACTCTGTCTCCAAAAAAAAAAAAAAAAAAAAAAAAAAAAA"
"chr1","23947018","23947069","chr18","17282170","17282223","11","6664848","CGGGTCACGAGGTCAGGAGTTCGAGACCAGCCTGACCATCATGGTGTAACCC","GGATCATGAGGTCAGGAGTTCGAGACCAACCTGGCCAACATGATGAAACCCCGT"
"chr1","23960561","23960660","chr9","80389825","80389922","22","56429264","GAGGGTGCAATGAGCCAAGATTATGCCACTGTACTCCAGCCTGGGTGACAGAGAGACTCTGTCTCAGAATAAATAAAAAGTAAACTGCTAGAGAAGAAAA","GAGGTTGCAAGTGAGCCAAGATCGTGCCACTACACTCCAGCCTGGGCGACAGAGTGAGACTCCATCTCAAAAAAAAAAGAAAGAAAGAAAGAAAGAAA"
"chr1","23999001","23999298","chrX","327965","328263","40","23671036","CCAGGCGCGGTGGCTCATGCCTATAATCCTAGCACTTTGGGAGGCTGAGGTGGGTGGATCACTTGAGGTCAGGAGTTCGAGACCAGCCTGGCCAACCTGGTGAAATCCCATCTCTACTAAAATACAAAAAATTAGCCAGGTGTGGTGGTGTGCACCTGTAGTCCCAGCTACTCGGGAAGCTGAGGCAGGGGAATCACTTGAACCTGGGAGGTGGAGTTTGCAGTGAGCCAAGATCGCGCCACTGCTCTCCAGCCTGGAGACAGAATGAGACTGTATCTCAAATAAATAAATAAATAAA","GGCCGGACGTGGTGGCTCACGCCTGCAATCCCAGCACTTTGGGAGGTTGAGGCGGGTGGATCACGAGGTCAGCAGTTCGAGACCAGCCTGACCAACATGGTGAAACCCCATCTCTACTAAAAATACAAAAAAATCAGCCAGGTGTGGTGGTGGGCACCTGTCGTTCCAGCTACTCGGGAGGCTGAGGCAGGAGAATCACTTAAACCAGGGAGGTGGAGGTTGCAGTGAGCCAAGATCACGCCACTGCTCTCCAGCCTGAGTGATAGTGTGAGACTCCATCTCAAAAAAAAAAAAAAAAA"
"chr1","24014144","24014233","chr12","12586014","12586108","19","11428130","AAGTTGCAGTGAGCTGAGATCGCTCCACTGCACTCCAGCCTGGGTGACAAAGCAAGCCTCTGTCTCAGAAATAAAAAATAAATTTAAAAA","GGCAGAGGTTGTAGTGAGCCAAGATCGCACCACTGCACTCCAGCCTGGGTGACAAAGCGAAACTCTGTCTCAAAAAAAAAAAAAAAAAAAAAGAA"
"chr1","24017726","24017787","chr1","33246348","33246407","23","9228622","TCACTTGAACCTGGGAGGAGGAGGTTTCAGTGAGCCGAGATTGTGCCACTGTCACACCAGCC","GAGAGCCACTTGAACCCGGGAGGTGGGGGTTTAGGTGAGCCAAGATTGCACCATTGCACT"
"chr1","24028345","24028635","chr1","129337688","129337979","32","105309343","GGCCAGGCACGGTGGCTGACACCTGTAATCCCAGCATTTTGGGAGGCCAAGGAGGGTGGATCACAAAGTCAGGAATTCGAGACCAGCCTGGCCAATGTGGTGAAACCCCGTCTCTACTAAAAAATACAAAAAAATTAGCCGAGCGTGGTGGCACACGCCTATAATCCCAGCTACTCAGGAGGCTGAGGCAGGAGAATTGCTTGAACCCAGGAGGCAGAGGTTGCAGTGAGCTGAGATTGCGCCACTGCACTCCAGCCTGGGTGACAGAGCTAGACTCCGTCTGAAACAAAA","GGCCAGGCGCAGTGGCTCACGCCTGTAATCCCAGCACTTTGGGAGGTCGAGGTGGGTGGATCACAAGGTCAGGAGTTCGAGACCAGCCTGGCCAATATGGTGAAACCCCATCTCTACTAAAAATACAAAAAAATTAGCCGGGCATGGTGGCACATGCCTGTAATCCCAGCTACTTGGGAGGCTGAGGCAGGAGAATTGCTTGAATCCGGGAGGTGGAGGTTGCAGTGAGCCGAGATCATGCCACTGCACTCCAGCCTGGGTGACAGAGCGAGACTCCATCTCGAAAAAAAAA"
"chr1","24055610","24055908","chr12","60436445","60436744","34","36380835","GGCTAGGTGCAGTGGCTCATGCCTGTAATCCCAGCACTTTGGGAGGCTAAGGCAGGCAGATCACGAGGTCAGGAGATCGAGACCAGCCTGACTAACATGGTGAAACCTCGTCTCTACTAAAAATAATGAAAACTTAGCCGGGCATGGTAGTATGCGCCTGTAGTCCCAGCTACTCGAGAGGCTGAGGCAAGAGAAAGGCTTCAACCTGGGAGGCGGAGGTTGCAGTGAGCCGAGATTGTGCCACTGCACTCCAGCCTAGGTGACAGAGTGAGACTCCGTCTCAAAAAAAAAAAAAAAAA","GGCCAGGTGCGGTGGCTCACACCTGTAATCCCAGCACTTTGGGAGGCCAAGGCAGGCAAATCACGAGGTCAGGAGTTCAAGACCAGCCTGGCCAACATGGTGAAACCCCGTCTCTACTAAAAATACAAAAAAATTAGCCGGGCATGGTGGTGGGCGCCTGTAGTCCCAGATACTCAGGAGGCTGAAGTAGGAGAATCACTTGAACCTGGGAGGCGGAGGTTGCAGTGAGCCGAAGATTGCGCCACTGCACTCCAGCCTGGCGACAGAGTGAGATTCCGTCTCAAAAAAAAAAAAAAAGAA"
"chr1","24058776","24059067","chr1","23902454","23902765","21","156322","GGCCGGGCGTGGTAGCTCATGCTTGTAATCCTAGTACTTTGGGAGGCCGAAACAGGCGAATTGCCTGAGCTCAGGAGCTCAAGACCAGCCTGGGCAACACGGTGAAACCCCGTCTCTACTAAAATACAAAAAACTAGCCAGGCATGGTGGTGTGCCCCTGTAGTCCCACCTACTCGGGAGGCTGAGGCAGGAGAATCGCTTGAACCCGGGAGGCGGAGGTTGCAGTGAGCTGAGATTGCACCACTGCACTCCAGTCTGGGTGACAGAGCAAGACTCCATCTCCAAAAAACAA","GGCCGGGCGTGGTAGCTCATGCTTGTAATCCTAGTACTTTGGGAGGCCGAAACAGGCGAATTGCCTGAGCTCAGGAGCTCAAGACCAGCCTGGGCAACACGGTGAAACCCCGTCTCTACTAAAATACAAAAAATTAGCCAGGCATGGTGGTGTGCCCCTGTAGTCCCACCTACTCGGGAGGCTGAGGCAGGAGAATCGCTTGAACCCGGGAGGCGGAGGTTGCAGTGAGCTGAGATTGCACCACTGCACTCCAGTCTGGGTGACAGAGCAAGACTCCATCTCCAAAAAACAAACAAACAACAAAAAAACAAA"
"chr1","24091784","24092097","chr1","23937043","23937351","9","154741","GCCTAGCGTGGTGGCTCACGCCTGTTATCCCAGCACTTTGGGAGGCAGAGGCAGATGGACTGCCTGAGATCAAGAGTTCAAGACCACCCTGGGCAACATGGTGAAACCTCATTTCTACTAAAATACAAAAAATTAGCTGGGTGTGGTGGTGCGTAGCTGTAGTTCCAGCTACTCAGGAGGCTGAGGCATGAGAAATGCTTGAGCCACAGAGGCGGAGGTTGCAGGGAGCCGAGATCGCCTTACTGCACTCCAGCTTGGGCTCCAGAGTGAAGACTACTAGTACTACAAAAAAAAAAAAAAAGAAAAAAGAAAAA","GCCTAGCGTGGTGGCTCACGCCTGTTATCCCAGCACTTTGGGAGGCAGAGGCAGATGGACTGCCTGAGATCAAGAGTTCAAGACCACCCTGGGCAACATGGTGAAACCTCATTTCTACTAAAATACAAAAAATTAGCTGGGTGTGGTGGTGCGTAGCTGTAGTTCCAGCTACTCAGGAGGCTGAGGCATGAGAAGTGCTTGAGCCACAGAGGCGGAGGTTGCAGGGAGCCGAGATCGCCTTACTGCACTCCAGCTTGGGCTCCAGAGTGAGACTCTGTCTCAAAAAAAAAAGAAAAAGAAAAAAAAGAA"
"chr1","24168186","24168499","chr7","26274615","26274920","40","2106429","GGCCGGGCACGGTGGCTACATGCTTGTAATCCCAGCACTTCGGGATGCTGAGACGGGTGGATCATGAGGTCAGGAGTTTGAGACCAGCCTGGCCAACATGGTGAAACCCCATCTCTACTAAAAAATACAAAAAACTTAGCCAGGTGAGGTGGCGGGCATCTGTAATCCCAGCTACTTGGGAGGCTGAGGCAGGAGAATCGCTTGAACCCAGGAGGCAGAGGTTGCAGTGAGCCGAGATCCTACCACTGCACTCCAGCGTGGGCGACAGAGCAAGACTCCATCTCTAAAAAAAGGGAAAGAAGGAAAATAAAGAA","GGCCGGGCACAGTGGCTCATGCCTGTAATCCCAGCACTTTGGGAGGCCAAGGCGGGTGGATCATGAGGTCAGGCGTTCGAGACCAGCCTGGCCAACATAGTGAAACCCCGTCTCTACTAAAAATACAAAAAATTAGCCAGGGGTGGTGGTGGGCTCCTGTAATCCCAGCTACTCGGGAGGCTGAGGCAGGAGAATCGCTTGAACCTGGGAGGCAGAGGTTGCAGTGAGCCAAGATCATGCCACCGCACTCCAGCCCAGGTGACAGAGCAAGACTCCGTCTCAAAAAGAAAAAAAAGAAAAAAAAAA"
"chr1","24209490","24209788","chr1","24061533","24061831","1","147957","GCTGGGCGCGGTGGCTCACGCCTGTAATCCCAGCACTTTGGGAGGCTGAGGCAGGCGAATCACAAGGTCAGGTGTTCGAGACCAGCCTGGCCAACATGGTGAAACCCCGTCTCTACTAAAAACAGAAAAAAATTAGCCAGGCATAGTGGCGGGCGCCTGTAATCTCAGCTACTCAGCAGGCCGAGGCAAGAGAATAGCTTGAACCTGGGATGCGAAGGTTGCAGTGAGCCGAGATCACTCCACTGCACTCCAGCCTGGGAAACAGAACAAGACTCCGTCTCAAAACAAAAAAACAGAAA","GCTGGGCGCGGTGGCTCACGCCTGTAATCCCAGCACTTTGGGAGGCTGAGGCAGGCGAATCACAAGGTCAGGTGTTCGAGACCAGCCTGGCCAACATGGTGAAACCCCGTCTCTACTAAAAACAGAAAAAAATTAGCCAGGCATAGTGGCGGGCGCCTGTAATCTCAGCTACTCAGCAGGCCGAGGCAAGAGAATAGCTTGAACCTGGGATGCGAAGGTTGCAGTGAGCCGAGATCACTCCACTGCACTCCAGCCTGGGAAACAGAACAAGACTCCGTCTCAAAACAAAGAAACAGAAA"
"chr1","24222926","24223213","chr1","24076266","24076547","9","146660","GCTGGGTGCGGTGGCTCTTGCCTATAATCCCAGCACTTTGGGAGGCTGGGGTGGGCGGATCATGAGGTCAGGAGTTCGAGAGCAGCCTGACCAACATGGTGAAACCCCGTCTCTACTAAAAATACAAAAAATTAGCCGAGTGTGGTGGTGTACACCTGTAGTCCCAGCTACTCAGGAGGCTGAGGCAGGAGAATTGCTTGAACCCAGGAGGCAGAGGTTGCAGTGAACCAAGATCGTGCCACTGCACTGCAGCCTGGGCGACAGAGCGAGACTCCATCTCAAAAAAAA","GCTGGGTGCGGTGGCTCTTGCCTATAATCCCAGCACTTTGGGAGGCTGGGGTGGGCGGATCATGAGGTCAGGAGTTTGAGAGCAGCCTGACCAACATGGTGAAACCCCGTCTCTACTAAAAATACAAAAAAATTAGCCGAGTGTGGTGGTGTACACCTGTAGTCCCAGCTACTCAGGAGGCTGAGGCAGGAGAATTGCTTGAACCCAGGAGGCAGAGGTTGCAGTGAACCAGATCGTGCCACTGCACTGCAGCCTGGGCGACAGAGCGAGACTCCATCTCAA"
"chr1","24294566","24294671","chr6","159074849","159074952","22","134780283","CAGGAGGCGGAGGTTGCAGTGAGCTGAGATCATGCCACTGCACTCCAGCCTGGACAACAAAGTGAGACTCTGACTCAAGAAGGAAAGAAAGAAGGAAAGTAGGAAA","GGGAGGCAGAGGTTGCAGTGAGCCGAGATCACACCACTGCACTCCAGCCTGGGCGACAGAACGAGACTCCGTCTCAAAAAAAAAAAAAAGGAAAAAAGGAAAAA"
"chr1","24333094","24333195","chr19","43898174","43898278","24","19565080","GGCCGGGCATGATGCCTCATGTCTGTAATCCCAGCACTTTGGGAGGGGAGTGACCAGGTTGGCCAACATGGCGAAAACCTGTCTCTACTAAAAATACAAAAA","GGCTGGGTGTGGTGGCTCATGCCTGTAATTCCAACACTTTGGGAGGCTGAGACAAGACCAGCCTGGGTGACATGGTGAAACCCCGTCTCTACTAAAAACACAAAA"
"chr1","24390523","24390815","chr1","24246760","24247056","8","143763","GCTGGGCATGGTGGCTCATGCCTGTAATCTCAGCACTTTGGGAAGCCAAGGCGGGTGGATCACGAGGTCAGGAGTTTGAAACCAGCCTGGCCAATATGGTGAAACCCTGTCTCTACTAATAATACAAAAAATTAGCCAGGCATGGTGGTGCGCACCTGTAGTTCCAGCTACTTGGGTGGCTGAGGCAGGAGAATTGCTTGAACCTGGGAGGTGGAGGTTGCTGTGAGCCGAGATTGTGCCACTGTACTCCAGCCTGGGTGACAGAGTGATACTCTGTATACAAAAAAAAAAAA","GCCGGGCATGGTGGCTCATGCCTGTAATCTCAGCACTTTGGGAAGCCAAGGCGGGTGGATCACGAGGTCAGGAGTTTGAAACCAGCCTGGCCAATATGGTGAAACCCTGTCTCTACTAATAATACAAAAAATTAGCCAGGCATGGTGGTGCGCACCTGTAGTTCCAGCTACTTGGGCGGCTGAGGCAGGAGAATTGCTTGAACCTGGGAGGTGGAGGTTGCTGTGAGCCGAGATTGTGCCACTGTACTCCAGCCTGGGTGACAGAGTGATACTCCGTATCAAAAAAAAAAAAAAAAA"
"chr1","24401362","24401657","chr2A","43503181","43503479","44","19101819","GCCGGGCACAGTGGCTCATGCCTGTAATCCCAACACTTTGGGAGGTCAAGTTGGACAGATCATCAAAGGTCAGGAGTTCGACACCTGCCTGGCCAACATGGAGAAATCTTGTCTCTACTAAAAATACAAAATTAGCCGGGCATGGTGGCACGTGTTTGTAGTCCCAGCTACTTGGGAGGTTGAGGCAGGAGAATCGCTTGAACCTTGGGGCAGAATTTGCAGTGAACCTAGATCATGCCACAGCACTCCAGCCTGGGTGACAAAGCAAGATTCTGTCTCAGAGAAAAAAAAAAGAA","GGCCGGGCACGGTGGCTCACGCCTGTAATCCCAGCACTTTGGGAGGTCGAGGTGGGAGGATCACAAGGTTAGGAGTTCGAGACCAGCCTGGCCAATATGGTGAACCCTCGTCTCTACTAAAAATACAAAAAAATTAGCTGGGCATGGTGGCACATGCCTGTAATCCCAGCTACTTGGAAGGCTGAGGCAGGAGAATTGCTTGAATCTGGGAGGCAGAGGTTGCAGTGAGCCGAGATCACGCCACTGAACTCCAGCCTGGGTGACAGAGCAAGATTCTGTCTCAAAAAAAAAAAAAAAAA"
"chr1","24443684","24443989","chr1","24298407","24298712","2","145277","GGCCGGGCGCGGTGGCTCACGCCTGTAATCCCAGCACTTTGGGAGGCCGAGGGGGGTGAATCACGAGGTCAGGAGTTCGAGACCAGCCTGGCCAACATGGTGAAACCCCGTCTCTACTAAAAATACAAAAAATTAGCGGGGCATGGTGGCGGGTGCCTATAATCCCAGCTACTCAGGAGGCTGAGGCAGGAGACTCGTTTGAACCCGGGAGGCAGAGGTTGCAGTGAGCCGAGATCGTGCCACTGCACTCCGGCCCCGGCGACAGAGTGAGACTCTGTCTCAAAAAACAAAACAAAACAAAACAAA","GGCCGGGCGCGGTGGCTCACGCCTGTAATCCCAGCACTTTGGGAGGCCGAGGGGGGTGAATCACGAGGTCAGGAGTTCGAGACCAGCCTGGCCAACATGGTGAAACCCCGTCTCTACTAAAAATACAAAAAATTAGCCGGGCATGGTGGCGGGTGCCTGTAATCCCAGCTACTCAGGAGGCTGAGGCAGGAGACTCGTTTGAACCCGGGAGGCAGAGGTTGCAGTGAGCCGAGATCGTGCCACTGCACTCCGGCCCCGGCGACAGAGTGAGACTCTGTCTCAAAAAACAAAACAAAACAAAACAAA"
"chr1","24476069","24476372","chr1","24331009","24331313","4","145060","GGCCGGGCGCGGTGGCTGATGCCTGTAATCCCAGCACTTTGGGAGGCTAAGGCGGGCAGATCATGAGATCAGGAGTTTGAGACTAGCCTGGCCAACATAATGAAACTCTGTCTCTACTGAAAATACGAAAAAATTAGTCCAGCATGGTGGTGCACACCTGCAGTCCCAGCTACTCGGGAGGCTGAGGCAGGAGAATTGCTTGAACCTGGGAGGCGGAGATTGCAGCGAGCCAAGATTGCGCCACTGCACTCCAGCTTGGGCGACAGAGCGAGACTTCATCTCACAAAAAAAAAAAAAAAAAAAA","GGCCGGGCGCGGTGGCTGATGCCTGTAATCCCAGCACTTTGGGAGGCTAAGGCGGGCAGATCATGAGATCAGGAGTTTGAGACTAGCCTGGCCAACATAATGAAACGCTGTCTCTACTGAAAATACAAAAAAATTAGTCCAGCATGGTGGTGCACACCTGCAGTCCCAGCTACTCGGGAGGCTGAGGCAGGAGAATTGCTTGAACCTGGGAGGCGGAGATTGCAGCGAGCCAAGATTGCGCCACTGCACTCCAGCTTGGGCGACAGAGCGAGACTTCATCTCAAAAAAAAAAAAAAAAAAAAAAA"
"chr1","24557399","24557700","chr12","102720507","102720806","46","78163108","CCAGGTGCAGTGGCTCACACCTGTAATCCCAACACTTTGGGAGGCCGAGGTGGGCAGATCATTTGAGTCTAGGAGTTCAAGACCAGCCTAGGCAACATGGTGAAACCCCATCTCTACAAAAAAACACAAAAAATTAGCCAGGTGTGGTGGCGTGTGCCTGAAGTCCCTGCTATTCTGGAGACTGAGGTGGGATGATTGCTTGAGCCCGAGAGGCAGAGGTTGCAGTGAGCTGAGATGGCATCACTGCACTCCAGCCTGGGCAACACAGTGAGACTCAGTCTCCAAAAACAAAAACAAAAAAA","GCCAGGTGTGGTGGCTCACACCTGTAATCCCAGCATTTTGGGAGGCCGAGGTGGGCAGATCACTTGAGGTCAGGAGCTGGAGACCAGCCTGGCCAACATGGTGAAACCCCGTCTCTACTAAAAATACAAAAAATTAGCCTGGTGTGGTGGCGTGTGCCTGTAGTTTCAGCTACTCAGGAGGCTGAGGCAGGAAAATTGCTTGAACCCAGGAGGCGGAGGTTGCAGTGAGCTGAGATTGTGCCACTGCATTCCAGCCTTGGCGACAGAGTAAAACTCTGTCTCCAAAAAAAAAAAAAAAAA"
"chr1","24604021","24604357","chr1","24460743","24461079","1","143278","GGCCAGGTGTGGTGGCTCATGCCTGTAACTTCAACACTTTGGGAAGCCAAGACGGGTGGATGGCTTGACCTCTGGAGTTCAAGACCAGCCTGGGCAAACATGATGAAACCCTGTCTCTACCAAAAATACAAAAAATTAGCCAGGTGTGGTAGGGCACCTACCACACAAAAAGTACAAAAAATTAGCCAGGTGTGGTAGGACCACCTGTGGTCCCAGCTACTTGGGAAGATCATTTGAGCCAGGGAGGAAGAGATTGCAGTGAGCCAAGATTGCACCACTGCACTCCAGCCTGGGTGAGAGAGTGAGACCCCACCTCAAAAAAAAAGAAAGAAAAAAA","GGCCAGGTGTGGTGGCTCATGCCTGTAACTTCAACACTTTGGGAAGCCAAGACGGGTGGATGGCTTGACCTCTGGAGTTCAAGACCAGCCTGGGCAAACATGATGAAACCCTGTCTCTACCAAAAATACAAAAAATTAGCCAGGTGTGGTAGGGCACCTACCACACAAAAAATACAAAAAATTAGCCAGGTGTGGTAGGACCACCTGTGGTCCCAGCTACTTGGGAAGATCATTTGAGCCAGGGAGGAAGAGATTGCAGTGAGCCAAGATTGCACCACTGCACTCCAGCCTGGGTGAGAGAGTGAGACCCCACCTCAAAAAAAAAGAAAGAAAAAAA"
"chr1","24668728","24669064","chr1","24526259","24526567","35","142469","GGCTGGGTGCGGTGGCTTATGCCTTTAATCCCAACACTTTGGGAGGCTGAGGCGGGTGGATCACAAGGTCAGGAGTTCGAGACCAGCCTGGCCAACATGGTGAAACCCCTCCTCTACTAAAAATACAAAAAAAAAAAAAAAAAAATTAAAGCCGGGCATGGTGGCAGGCTTACAGTAGCTGTAATCCCAACTACTTGGGAGGCTGAGGCAAGAAGAATCGCTTGAACCCGGGAGGCGGAGGTTGCATGTGCCATGATCATGCCATTGCACTCCAGCCCAGGCAACAGTGTGAGACTCCGTCTCAAAACATACAAAACAAAACAAAACAAACAAAAAA","GGCTGGGTGCGGTGGCTTATGCCTTTAATCCCAACACTTTGGGAGGCTGAGGCGGGTGGATCACAAGGTCAGGAGTTCGAGACCAGCCTGGCCAACATGGTGAAACCCCTCCTCTACTAAAAATACAAAAAAAAAAAAAAAAAAAAAAATTAGCCGGGCATGGTGGCAGGCTTACAGTAGCTGTAATCCCAACTACTTGGGAGGCTGAGGCAAGAAGAATCGCTTGAACCCGGGAGGCGGAGGTTGCATGTGCCATGATCGTGCCATTGCACTCCAGCCCAGGCAACAGTGTGAGACTCCGTCTCAAAA"
"chr1","24706586","24706686","chr14","100673591","100673682","25","75967005","TTGCTTGAACCCAGGAAGGGGAGGTTGCAGTGGGCCGAGATCGTACCACTGCACTCCAGCCTGGGAAACAGAATGAGACTCCATCTACAGAAAAAAAAAAA","CCTGGGAGGCAGAGGTTGCAGTGAGCCAAGATCACACCACCGCACTCCAGCCTGAGCAACAGAGAGAGACTCCATCTCAAAAAAAAAAAAAA"
"chr1","24756634","24756723","chr14","100673591","100673682","19","75916957","CTGGGAGGCGGAGGTTGCAGTGACCCGAGATTGTGCCACTGCACTCCAGGCTGGGCGACAGAGTGAGACTTCGTCTCAGATAAAAAAAGA","CCTGGGAGGCAGAGGTTGCAGTGAGCCAAGATCACACCACCGCACTCCAGCCTGAGCAACAGAGAGAGACTCCATCTCAAAAAAAAAAAAAA"
"chr1","24784157","24784452","chr1","24645219","24645514","1","138938","GGCCGGGCGTGGTGGCTCACACCTGTAATCTCAGCACTTTGGGAGGCCGAGGCGGGCAGATCACGGGGTCAGGAGTTTCAACATTGTGAAACCCCATCTCTACTGAAAATACAAAAAATCAGCTGGGCATGGTGGCGGGTGCCTGTAATCCCAGCTACTTGGGAGGCTGAGGCAGGAGAATCGCTTGAACCCGGGAGGCGGAGGTTGCAGTGAGCTGAGAGCGCACCACTGCACTCCAGCCTGGATGACAATGTGAGACTCCATCTCAAAAAATAAACAAAATAAAATAAAATAAA","GGCCAGGCGTGGTGGCTCACACCTGTAATCTCAGCACTTTGGGAGGCCGAGGCGGGCAGATCACGGGGTCAGGAGTTTCAACATTGTGAAACCCCATCTCTACTGAAAATACAAAAAATCAGCTGGGCATGGTGGCGGGTGCCTGTAATCCCAGCTACTTGGGAGGCTGAGGCAGGAGAATCGCTTGAACCCGGGAGGCGGAGGTTGCAGTGAGCTGAGAGCGCACCACTGCACTCCAGCCTGGATGACAATGTGAGACTCCATCTCAAAAAATAAACAAAATAAAATAAAATAAA"
"chr1","24885336","24885635","chr1","24750020","24750317","5","135316","GGCCGGACGCGGTGACTCACACCTGTAATCTCAGTGCTTTGGGAGGCTAACGCAGGTGAATCATGAGGTCAGGAGTTTGAGACCAGCCTGGCCAACATGGTGAAATCCCATCTCTACTAAAAATACAAAAAATAGCTAGGCGTGGTGACAGATGCCTGTAGTCCCAGCTACTTGGGAGGCTGAGGCAGGAGAACTGCTTGAACCCGGGAGGCAGAGGTTGCAGTGAGCCGAGACTGCACCACTGCACTCCAGCCTGGGCAACAGTGAGACTTCATCCCCCCAAAAAAGAAAAAAAAAAAA","GGCCGGACGCGGTGACTCACACCTGTAATCTCAGTGCTTTGGGAGGCTAACGCAGGTGAATCATGAGGTCAGGAGTTTGAGACCAGCCTGGCCAACATGGTGAAATCCCATCTCTACTAAAAATACAAAAAAATAGCTAGGCGTGGTGACAGATGCCTGTAGTCCCAGCTACTTGGGAGGCTGAGGCAGGAGAACTGCTTGAACCCGGGAGGCAGAGGTTGCAGTGAGCCGAGACTGCACCACTGCACTCCAGCCTGGGCAACAGTGAGACTTCATCCCAAAAAAAAAAAAAAAAAAA"
"chr1","24886192","24886497","chr1","24750676","24750979","3","135516","GGCCAGGCGTGGTGGCTCACGCCTGTAATCCCAGGACTTTGGGAGGTCGAGGCGGGTGGATCACAAGGTCAGGAGTTCGAGACCAGCCTGGCCAATATGGTGAAACCCCGTCTCTACTAAAAAAAATACAAAAAAATTAGCTAGGCGTGGTGGCACATGCCTGTAATCCCAGCTACTCGGGAGGCTGAGGCAGGAGAATTGCTTGAATCCGGGAGGCGGAGGTTGCAGTGAGCTGAGATCACACCACTGCACTCCAGCTTGGGTGACAGAGCGAGACTCCGTACTCACAAAAAAAAAAAAAGAGAA","GGCCAGGCGTGGTGGCTCACGCCTGTAATCCCAGGACTTTGGGAGGTCGAGGCGGGTGGATCACAAGGTCAGGAGTTCGAGACCAGCCTGGCCAATATGGTGAAACCCCGTCTCTACTAAAAAAAATACAAAAAAATTAGCTAGGCGTGGTGGCACATGCCTGTAATCCCAGCTACTCGGGAGGCTGAGGCAGGAGAATTGCTTGAATCCGGGAGGCGGAGGTTGCAGTGAGCTGAGATCACACCACTGCACTCCAGCTTGGGTGACAGAGCGAGACTCCGTCTCAAAAAAAAAAAAAAAGAAA"
"chr1","24928852","24929165","chr11","46821835","46822123","54","21892983","GGCACGGTGGCTCACGCCTGTAATCCCAGCACTTTGGGAGGCCGAGGCGGGTGGATCACTAGGTCAGGAGTTCAAGACCAGCCTGGCCAACATAGTGAAACCCCGTCTCTACTAAAAATACAAATTAGCTCCTCATCTCTACTAAAAATACAAAAAATTAGCTGGCCATGGTGGCGGGTGCCTGTAACCCCAGCTACTCGGGAGTCTGCGGCATGAGAATCGCTTGAACTCGGGAGACAGAGGTTGCAGTGAGCCAAGATCGTGCCACTGCACTCCAGCCCGGGTAACAGTGCAAGACTCCATCTCAAAAAAAA","TGGCTCAAGCCTGTAGTCCCAGCACTTTGGGAGGCCAAGGCGGGTGGATCACAAGGTCAGGCGTTTGAGACCAGCCTGGCCAACATAGTGAAACCCCGTCTCTACTAAAAATTAAAAAAAAAAAAAAAAAAATTAGCCGGGCATGGTGGCGGGTGCCTGTAATCCCAGCTACTTGGGAGGCCGAGGCAGGAGAATCACTTGAACCTGGGAGGCGGAGGTTGCAGTGAGCCAAGATCGCGCCACTGCCCTCCAGCCCAGGCGACAGTGCAAGACTCCATTTCAAAAACAA"
"chr1","24958650","24958936","chr1","24823476","24823760","6","135174","GGCCCGGCGCAGTGGCTCACGCCTGTAATCCCAGCACTTTGGGAGGCCAAGGCGGGCGGAACACGAGGTCAGGAGTTTGAGACCAGCCTGGTCAACATAGCGAAACCCCATCTCTACTAAAAATATAAAAAATTAGTTGGGCGTGGTGGCAGGCACCTGTAATCCCAGCTACTTGGGAAGTTGAGGCAGGAGATTCCCTTAAAGTGGTGAGCTGAGATCGCGCCACTGCACTCCAGCCTGTGCAACAGTGTGAGACTCCATACTTTAAAAAAAAAAAAAAAANAAAA","GGCCCGGCGCAGTGGCTCACGCCTGTAATCCCAGCACTTTGGGAGGCCAAGGCGGGCGGAACACGAGGTCAGGAGTTTGAGACCAGCCTGGTCAACATAGCGAAACCCCATCTCTACTAAAAATACAAAAAATTAGTTGGGCGTGGTGGCGGGCACCTGTAATCCCAACTACTTGGGAAGTTGAGGCAGGAGATTCCCTTAAAGTGGTGAGCTGAGATCGCGCCACTGCACTCCAGCCTGTGCAACAGTGCGAGACTCCATCTTTAAAAAAAAAAAAAAAAAAAA"
"chr1","24964926","24965056","chr1","24829013","24829143","1","135913","GGCCGGGTATAGTGGCTCACACCTGTAATCCCAGCACTTTGGGAGGCTGAGGCGGGTGGATCACAAGGTCAGGAGTTTGAGACCAACCTGGCCAACATGGTGAAACCCTGTCTCTACTAAAGATACCAAAA","GGCCGGGTATAGTGGCTCACACCTGTAATCCCAGCACTTTGGGAGGCTGAGGCGGGTGGATCACAAGGTCAGGAGTTTGAGACCAACCTGGCCAACATGGTGAAACCCTGTCTCTGCTAAAGATACCAAAA"
"chr1","24973754","24974055","chr1","24837992","24838293","2","135762","GCTGGGTGCAGTGGCTCACGCCTGTAATCCCAACACTTTGGGAGGCCGAGGAGGGGAGATCACGAGGTCAGGAGTTTGAGACCAGCCTGGCCAACATGGTGAAACCCCACCTCTACTAAAATACAAAAAATTAGCTGGACGTGGTGGTACGCGCCTGCAGTCCCAGCTACTTGGGAGGCTGAGGCAGGAGAATCGCTTGAACCCGGCAGGCAGAGATTTTACTGAGCCGACATCGTGCCACTGCACTCCAGCCTGGCGAAGGAGCAAGGCTCCATCTCAAAAAATAAAAATAAAAAATAAAA","GCTGGGTGCAGTGGCTCACGCCTGTAATCCCAACACTTTGGGAGGCCGAGGAGGGGAGATCACGAGGTCAGGAGTTTGAGACCAGCCTGGCCAACATGGTGAAACCCCACCTCTACTAAAATACAAAAAATTAGCTGGACGTGGTGGTACGTGCCTGCAGTCCCAGCTACTTGGGAGGCTGAGGCAGGAGAATCGCTTGAACCCGGGAGGCAGAGATTTTACTGAGCCGACATCGTGCCACTGCACTCCAGCCTGGCGAAGGAGCAAGGCTCCATCTCAAAAAATAAAAATAAAAAATAAAA"
"chr1","24999887","25000000","chr17","59059909","59060023","13","34060022","GCCGGGTGTGGTAGCTCACGCCTGTAATCCCAGCACTTTGGGAGGCCAAGGCGGGTGGATCATGAGGTCAGCAGTTTGAGACCAGCCTGACCAACATGGTGAAACCCTGTTTCT","GGCTGGGCGCGGTGGCTCACGCCTGTAATCCCAGCACTTTGGGAGGCCGAGGCAGGTGGATCACGAGGTCAGGAGTTTGAGACCAGTCTGACCAACATGGTGAAACCCCATCTCT"
"chr1","25059182","25059278","chr1","160944586","160944680","16","135885404","GTGGAGGTGGCAGTGAGCCAAGATTGCACCACTGCACTCCAGCCTGGGTGACAGAGTAAGACCCTGTCTAAGAAAAGAAAAAAAAAAGAAAATGAAA","GTGGAGGTTGCAGTGAGCCGAGATTGCGCCACTGCATCCAGCCTGAGCAACAGAGTAAGACTCCGTCTCAAAAAAAAAAAAAAAAAGAGAGAAAA"
"chr1","25124654","25124761","chr20","16652596","16652702","28","8472058","ATCACTTGAGCCTGGGAGGCAGAGACTTAAGTGAGCCAAGATTATGCCACTGCACTCCAGCCTGGAAGACAGAGCCAGACCCTGTCTCAAATACATATATAAACAAAA","CTTGAACCCAGGCGGCGGAGGCTTCAGTGAGCCAAGATGGTGCCACTGCACTCCAGCGTGGGCAACAGAGTGAGACTCTGTCTCAAAAAAATAAAAAAAATAGAAAA"
"chr1","25146474","25146744","chr4","21286244","21286519","66","3860230","GGCTGGGCACAGTGGCTCATACCTGTAATCCCAGCACTTTGGGAGGCTGCGGCGGGTAGATTAGTTGAGTCCAGGAGTTCATGGACAACATGTTGAAACCCTGTCTCTACTAAAAATACAAAAAAAAAAAAAAAAATAGCCAGGTGTGGTGGCTCATGCCTGTAGTCCTAGCTATTCTGGAAGATAAGGTGGGAGAATCACCTGAGCCCAGGGGGCCAAAGCTGCAGTGAGGTGAGATTGAACCACTGCACTCCAGCCTGGGCAACCAGAG","GGCCTGGCATGGTGGCTCACGCCTGTAATCCCAGCACTTTGGGAGCCCAAGGCGGGTGGATCATGAGGTCAGGAGCTCCAGACCACCCTGACCAACATGGTGAAACCCAGTCTCTACTAAAAATACAAAAAGAAAAAAAAAAAAAATTGGCCGGGCATGGTGGCGCGCCCCTGTAATCCCAGCTACTCAGGAGGCTGAGGCAGGAGAATCGCTTGAACCCAGGAGGCAGAGGTGCAGTGAGCCAAGATGCACCACTGCACTCCAGCCTGCAACAGA"
"chr1","25267650","25267953","chr1","25137115","25137419","4","130535","GGCCAGGTGCGGTGGCTCACGCCTGTAATCCCAGCACTTTGGGAGGCCGAGGCGGGCGGATCACAAGGTCAGGAGTTTGAGACCAGCCAGGCCAACATGGTGAAATCCTGTCTCTACTAAAGATACAAAAAAATTAGCTGGGCGTGCTGGCACACGCCTGTAATCCCAGCTATTTAGGATGCTGAGGCAGGAAATCACTTGAACCCAGGAGGCGGAGGACGCAGTGGGACAAGATCATGCCATTGCACTCCAGCCTGGGCGACAGAGCAAGACTCCTTCTCAAAAAAAAAAAAAAAAAAAAGAA","GGCCAGGTGCGGTGGCTCACGCCTGTAATCCCAGCACTTTGGGAGGCCGAGGCGGGCGGATCACAAGGTCAGGAGTTTGAGACCAGCCAGGCCAACATGGTGAAATCCTGTCTCTACTAAAGATACAAAAAAATTAGCCGGGCGTGCTGGCACACGCCTGTAATCCCAGCTATTTAGGATGCTGAGGCAGGAAATCGCTTGAACCCAGGAGGCGGAGGATGCAGTGGGACAAGATCATGCCATTGCACTCCAGCCTGGGCGACAGAGCAAGACTCCTTCTCAAAAAAAAAAAAAAAAAAAAAGAA"
"chr1","25367180","25367475","chr1","25233233","25233531","5","133947","GGACAGGTGCGGTGGCTCACACCTGCAATCCCAGCACTTTGGGAGGCCAAGGCAGGCCGATCACCTGAGATCAGGAGTTCGAGACCAGCCTGGCCAACATGGTGAATCCCCGTCTCTACTAAAGAGACAAAAAATTAGCCGGGCTTGGTGGCACCTATAGTTCCAGCTATTCAGGAAGCTGAGGCAGGAGAATCACTTGAACCCAGGAGGTGGAGGTTGTGGTGAGCCTAGATGGCACCATCAACTCCAGCCTGGGCAACACAGCAAGACTCCGTCTCAAAAAAAAAAAAATGAAA","GGACAGGTGCGGTGGCTCACACCTGCAATCCCAGCACTTTGGGAGGCCAAGGCAGGCCGATCACCTGAGATCAGGAGTTCGAGACCAGCCTGGCCAACATGGTGAATCCCCGTCTCTACTAAAGAGACAAAAAATTAGCCGGGCTTGGTGGCGCCTATAGTTCCAGCTATTCGGGAAGCTGAGGCAGGAGAATCACTTGAACCCAGGAGGTGGAGGTTGTGGTGAGCCTAGATGGCACCATCAACTCCAGCCTGGGCAACACAGCAAGACTCCGTCTCAAAAAAAAAAAAAAAATGAAA"
"chr1","25391104","25391417","chr1","25257911","25258223","2","133193","GCCGGGCCCAGTGGCTCACACCTGTAATCCTAGCACTTTGGGAGGCCAAAGCGAGCAGATCACAAGGTCAGGAATTCGAGACCAGCCTGGCCAACACGGTGAAAACCCCGTCTCTACTAAAAATACAAAAAAAAAAATTAGCCAGGCATGGTGGCAGGCACCTGTAGTCCCAGCTACTTGGGAGGCTGAGGCAGGAGAATCGCTTGAACCCAGGAGGCAGAGGCTGCAGTGAGCAGAGATCGCACCACTGCACTCCAGCCTGGATGACAGAGTGAGACTCTGTCTCAAAAAAAATAATAATAAAAAAATAAAAA","GCCGGGCCCAGTGGCTCACACCTGTAATCCTAGCACTTTGGGAGGCCAAAGCGAGCAGATCACAAGGTCAGGAATTCGAGACCAGCCTGGCCAACACGGTGAAAACCCCGTCTCTACTAAAAATACAAAAAAAAAACTAGCCAGGCATGGTGGCAGGCACCTGTAGTCCCAGCTACTTGGGAGGCTGAGGCAGGAGAATCGCTTGAACCCAGGAGGCAGAGGCTGCAGTGAGCAGAGATCGCACCACTGCACTCCAGCCTGGATGACAGAGTGAGACTCTGTCTCAAAAAAAATAATAATAAAAAAATAAAAA"
"chr1","25409595","25409897","chr1","25280123","25280425","4","129472","GGCTGGGTACAGTGTCTCACGCCTGTAATCCCAGCACTTTGGGAGGCCGAGGTGGGTGATTTGCCTGAGCTCAGGAGTTTCACACCAGCCTGGTCAACACAGTGAAACCCCGTCTCTACTAAAAATACAAAAAATTAGCCAGGCGTGACTGCGTGTGCCTGTAGTCCCAGCTACTCGGGAGGGTGAGGCAGGAGAATCACTTGAATCCAGAAGGCGGAGGTTGCAGTGAGCTCAGATGGCGCCACTGCACTCCAGCCTGGGCGACACAGCGAGAGTCCGGCTCAAAATAAAACAAAAAAAAAA","GGCTGGGTACAGTGTCTCACGCCTGTAATCCCAGCACTTTGGGAGGCCGAGGTGGGTGATTTGCCTGAGCTCAGGAGTTTCACACCAGCCTGGTCAACACAGTGAAACCCCGTCTCTACTAAAAATACAAAAAATTAGCCAGGCGTGACTGCGTGTGCCTGTAGTCCCAGCTACTCGGGAGGGTGAGGCAGGACAATCACTTGAATCCAGAAGGCGGAGGTTGCAGTGAGCTCAGATGGCGCCACTGCACTCCAGCCAGGGCGACACAGCGAGAGTCCGGCTCAAAATAAAAATAAAAAAAAA"
"chr1","25429247","25429550","chr1","25299804","25300107","0","129443","GGCTGGGCGTGGTGGCTCACGCCTGTAATCCCAGTGCTTTGGGAGGCCGAGGTGGGCAGATCACGAGATCAGGAGTTCGAGACCAGCCTGGTCAACATAGTGAAACCCCGTCCCTACTAAAAATACAAAAAATTACTTGGCATGGTGGCAGGCGCCTATAATCCCAGCTACTCAGGAGGCTGAGGCAGGAGAATCGCTTGAACTGGGGAGGTGGAAGTTGCAGTGAGCTGAGACCACACCACCGCACTCCAGCCGGGGTGACAGAGTGAGACTCCGTCTCAAAACAAAACAAAACAAAACAAAA","GGCTGGGCGTGGTGGCTCACGCCTGTAATCCCAGTGCTTTGGGAGGCCGAGGTGGGCAGATCACGAGATCAGGAGTTCGAGACCAGCCTGGTCAACATAGTGAAACCCCGTCCCTACTAAAAATACAAAAAATTACTTGGCATGGTGGCAGGCGCCTATAATCCCAGCTACTCAGGAGGCTGAGGCAGGAGAATCGCTTGAACTGGGGAGGTGGAAGTTGCAGTGAGCTGAGACCACACCACCGCACTCCAGCCGGGGTGACAGAGTGAGACTCCGTCTCAAAACAAAACAAAACAAAACAAAA"
"chr1","25433964","25434093","chr15","81017045","81017179","20","55583081","TCCCAGCTACTTTGGAGGCTGAGGCAGGAGATTCGCTTGAACCCAGGAGGCAGAGGTTGCAGTGAGCCAAGATGGTGCCATTGCACTCTAGCCTGGGTGACAGAGTAAGACTACATCTCAAAAAAAAAAA","TGTAGTCCCAGCTACTCTGGAGGCAGAGGCAGGAGAATCACTTGAACCCAGGAGGTGGTGGTTGCAGTGAGCCGAGATGGTGCCACTGCCCTCTAGCCTGGGTGACAGAGTGAGACTCTGTCTAAAAAAAAAAAA"
"chr1","25809274","25809563","chr4","51373465","51373764","39","25564191","GGCCGGGCGCGGTGGCTCATGCCTGTAATCCCAGCACTTTGGGAAGCTGAGGCGGGTGGATCACAAAGTCAGGAGTTCGAGACCAGCCTGGCCAATATGGTGAAACCCTGTCTCTACAAAAATTAGCCAGGCATGGTGGCGCACGCCTGTAGTCCCAGCTACTCGGGAGGCTGAGGCAGGAGAATCACTTGAACCCAGAAGACAGAGGTTACAGTGACCCGAGATCGGACCACTGCACTACGGCCTGGGTGACAGAGCAGGACTCTGTCTCAAAAAAAAAAAAAAAAAAA","GGCTGGGTGCGGTGGCTCAAGCCCATAATCCCAGCACTTTGGGAGGCTGAGGGGGGTGGATCACGAAGTCAGGAGTTCGAGACCAGCCTGGCCAACATGGTGAAACTCCGTCTCTACTAAAAATACAAAAAATAGCCAGGCGTGGTGGTGCACACCTGTAGTCCCAGCTACTTGGGAGGCTGAGGCAGAAGAATCACTTGAACCGAGGAGGCAGAGGTTGCAGTGAGCTGAGATCGTGCCACTGCACTCCAGCCTGGGTGACAGAGCAAGACTCCATCTCAAAAAAAAAAAAAAAAAAAA"
"chr1","25872218","25872525","chr20","28370346","28370647","54","2498128","GGTTGGGCACGGTGGCTCACGCCTGTAATCCCAGCACTTTGGGAGGCTGAGGTGGGTGGATCATCGCTTGAGCTCAGGAGTTCAAGACCAATCTGGGCAACAAAGCAAAACCTTGTCTCTATAAAACAAAATTTAAAAAATTAGCCAGGTATGGTGGCACACATCTGTGGTCCCAGCTTCTCAGGAGGCTGAGGTGGAAGGATCGCTTGAGCCCAGGAGGCAGAGGTTGCAGTGAGCTGAGACTGCGCCACTGAACTCCAGCCTGGGCGACAGAGACACTGTCTCAAAGAAATAAAAATGAAGATAAA","GCCGGGCATGGTAGCTCACCCCTGTAATCCCAGCACTTTGGGAGGCTGAGGTGGGTGGATCATGAGATCAGGAGTTCGAGACCAGTCTGGCCAACATGGTGAAACCCTGTCTCTACAAAAAAAATACAAAAAAAAATAGCCAGGTGTGGTGGCGCCCGCCTGTAGTCCCAGCTACTCAGGAGGCCAAAGTGGGAGGATCGCTTGAGCCCAGGAGGCAGAGATTTCAGTGAGCCGAGATGGGGCCACTGCACTCCAGCCTGGGTGACAGAGACCCTGTCTCAAAGAAAAGGAAAAAAAAAAAA"
"chr1","25960635","25960920","chr20","44246999","44247282","42","18286364","GGCTGGACACATGGTGGCTCACACCTGTAATCCTGGCACTTTGAGAGGCTAAGGTGGGAGGATTGCCTGAGCTCAGCAGTTCGAGACCAGCCTGGGCAACATGGTAAAACCCCATCTCTGCTAAAATACAAAAAATCAGCCGGGCTTCTTGGCACACGCCTGTAGTCCCAGCTATTCAGGAGGCTGGGGCATGAGAATTGCTTGAACTAGGGAGGTGGAGGTTGCAGTAAGTCGAGATTGTGCCACTGCACTCCAGCCTGGGCAACAGAGCGAGACTCTGTCTCAA","GGCTGGGCATGGTGGCTCACACCTGTAATCCCAGCACTTTGGGAGGCTGAGGTGGGTGGATTGCATGAGCTCAGGAGTTCAGGACCAGCCTGGGCAACATCGTGAAACCCCATCTCTACCAAGATACAAAAAATCAGCCTGGCATGATGGCATGCGCCTGTAGTCCCAGCTACTTAGGAGGCTGGTACACGAGACTTGCTTGAACCTGGGAGGTGGAGGTTGCAGTGAGCCGAGATCTTGCCACTGCACTCCAGCCTGGGCGACAAAGCGAAACTGTCTCAAAA"
"chr1","26043821","26044097","chr1","25707751","25708027","1","336070","GGCCGGGCACAGTGGCTTATGCCTGTTTGGGAGGCCAAGGTGGGCGGATTGCTCAAGCTTAGGAATTCGAGAACAGCCTGGGCAACACGGCAGAATCCTGTGTCTACTAAAAATACAAAAACAATTAGCCAGGTTGTGCCTGTGGTCCCAGCTGCTCAGAAGGCTGAGGTGGGAGGATGGCTTAAGCCTGGGAGGTGGAGGTTGCAGTGAGCCGAGATCATGCCACTGTACTCCAACCTGGGTGACAGAGTGAGACCCCATCTCAAAAAGAACAAAA","GGCCGGGCACAGTGGCTTATGCCTGTTTGGGAGGCCAAGGTGGGCGGATTGCTCAAGCTTAGGAATTCGAGAACAGCCTGGGCAACACGGCAGAATCCTGTGTCTACTAAAAATACAAAAACAATTAGCCAGGTTGTGCCTGTGGTCCCAGCTGCTCAGAAGGCTGAGGTGGGAGGATGGCTTAAGCCTGGGAGGTGGAGGTTGCAGTGAGCCGAGATCATGCCACTGTACTCCAACCTGGGTGACAGAGTGAGACCCCGTCTCAAAAAGAACAAAA"
"chr1","26068703","26068825","chr1","25732453","25732576","1","336250","GCCAGGCACAGTGGCTCACGCCTGTAATCCCAGCACTCTGGGAGGCCGAGGCAGGCGGATCATGAGGTCAGGAGTTTGAGACCAGCCTGGCCAACATAGTGAAACCCTGTCTCTACTAAAAGT","GGCCAGGCACAGTGGCTCACGCCTGTAATCCCAGCACTCTGGGAGGCCGAGGCAGGCGGATCATGAGGTCAGGAGTTTGAGACCAGCCTGGCCAACATAGTGAAACCCTGTCTCTACTAAAAGT"
"chr1","26163995","26164125","chr1","25830186","25830316","2","333809","GGCTGGGCGCGGTGGCTCACGCCTGTAATCCCAGCACTTTGGGAGGCTGAGGCGGGCAGATAAGGAGTTCAGGAGTTCGAGACTAGCCTGACCAACATGGCGAAACCCCGTCTCTACTAAAAATACAAAAA","GGCTGGGCGCGGTGGCTCACGCCTGTAATCCCAGCACTTTGGGAGGCTGAGGCGGGCAGATAAGGAGGTCAGGAGTTCGAGACTAGCCTGACCAACGTGGCGAAACCCCGTCTCTACTAAAAATACAAAAA"
"chr1","26203583","26203686","chr3","181238196","181238292","24","155034613","AAAATCGCTTGAACCTGGGAGGCAGAGGTTGCAGTGAGCCGAGATAGCGCCACTGCACTCCAGCCTGGGCAAGAAAGCGAGACTCTGTCTCCAAAAAAAAAAAA","GAGAACTCTGGAACCCGGGAGGCAGAGGCTGCAGTGAGCCGAGATCATGCCACTGCCCTCCAGCCTGGGCGATAGAGCAAGACTCCATCTCAAAAAA"
"chr1","26243912","26244127","chr11","72841716","72841946","45","46597804","CAGGAGTTCCAGATCAGCCTGGCCAATATGGCGAAACCCCATCTCTACTAAAAATACTGGCCGTGGTGGCTCACACCTGTAGTCCCAGCAACTCGGGAGGCTGAAGCAGGAGAATGCTTGAACCTGGGAGGTGGAGGCTGCAGTGATCCAAGATTGCGCCACTTTACTCTAGCCTGGGCGACAGAGAGAGACTCTGTATATAAAAAAAAAAAAAAA","CAGGAGCTCGAGGCCAGCCTGACCAACATGGTGAAACCCGTCTCTACTAAAAATACAAAAAATTAGCTGGGTGTGGTGGTGGGCACCTGTAGTCCCAGCTACTCGGGAGGCTGAGGCAGGAGAATCACTTGAACCTGGGAGGTGGAGGCTGCAGTGAGCCAAGATCATGCCACTGCACTCTAGCCTGGGCGACAATGTGAGACTCTGTCTCAAAAAAAAAAATAGAAAAAA"
"chr1","26273928","26274246","chr1","25944038","25944360","5","329890","GCTGGGCGCAGTGGCTCACGCCTGTAATCCCAACACTTTGGGAGACTGAGGCAGGTGGATCACAAGGTCAGGAGTTCGAGACCAGCCTGGCCAATAAGGTGAAACCCCGTCTCTACCAAAAAATACAAAAAAAAAAAAAATCAGCCAGTCATGGTGGCACGCATCTGTAGTCCCAGCTATTTAGGAGCCTGAGGCAGGAGAATCGCTTGAACCTGGGAGGCAGAGGTTGTAGTGAGCCAAGATCGTGCCACTGCACTTCAGCCTAAGCAACAGAGCGAGACACTGTCTCAAAAAAATAAATAAATAAAATAAATAAAAA","GCTGGGCGCAGTGGCTCACGCCTGTAATCCCAACACTTTGGGAGACTGAGGCAGGTGGATCACAAGGTCAGGAGTTCGAGACCAGCCTGGCCAATAAGGTGAAACCCCGTCTCTACCAAAAAATACAAAAAAAAAAAAAAAAAATCAGCCAGTCATGGTGGCACGCATCTGTAGTCCCAGCTATTTAGGAGCCTGAGGCAGGAGAATCGCTTGAACCTGGGAGGCAGAGGTTGTAGTGAGCCAAGATCGTGCCACTGCACTTCAGCCTAAGCAACAGAGCGAGACATTGTCTCAAAAAAATAAATAAATAAAATAAATAAAAA"
"chr1","26309371","26309681","chr1","25979647","25979959","4","329724","GGCTGGGTGCGGTGGCTCATGCCTGTAATCCCAGCACTTTGGGAGGCCGAGGTGGGCGGATCACGAGGTCAGGAGTTTGAGACCAGCCTGACCAACATGGTAAAACCCCACCTCTACTAAAAATACAAAAAAAATTAGCCGGGCGTGGTGGCGCACGCCTGTAATCCCAGCTACTCGGGAGACTGAGGCAGGAGAATCACTTGACCCCGGGAGGTGGAGGTTGCAGTGAGCCGAGGCCGAGATAGTCCCATTGTACTCCAGCCTGGGCAACAGAGCGAGACTCTGTCTCAAAAAAAAAAAACAAAAAGAAA","GGCTGGGTGCAGTGGCTCATGCCTGTAATCCCAGCACTTTGGGAGGCCGAGGTGGGCGGATCACGAGGTCAGGAGTTTGAGACCAGCCTGACCAACATGGTAAAACCCCACCTCTACTAAAAATACAAAAAAAAATTAGCCGGGCGTGGTGGCGCACGCCTGTAATCCCAGCTACTCGGGAGACTGAGGCAGGAGAATCACTTGACCCCAGGAGGTGGAGGTTGCAGTGAGCCGAGGCCGAGATAGTCCCATTGTACTCCAGCCTGGGCAACAGAGCGAGACTCTGTCTCAAAAAAAAAAAACAAAAAAGAAA"
"chr1","26336932","26337247","chr1","26009500","26009814","4","327432","GGCTGGGGGCAGTGGTTCACGCCTGTAATCCCGGAACTTTGGGAGGCCAAGGCGGGTGAATCACGAGGTCAGGAGTTCGAGACCAGCCTGGCTAACATGGTGAAACCCTGTCTCTACTAAAAATACAAAAAATAATTAACCGGGCGTGGTGGCAGGCACCTGTAATCCCAGCTACTCAGGAGGCTGAGGCAGGAGAATCGCTTGAACCCAGAAGGCGGAGGTTGCAGTGAGCAAAGATCACGCCACTGCATTCCAGCCTGGGTGACAAGAGTGAGACTCCATCTACAAACAAAAAAAAAAAAGAAAGAAAGAAAGA","GGCTGGGGGCAGTGGCTCACGCCTGTAATCCCGGAACTTTGGGAGGCCAAGGCGGGTGAATCACGAGGTCAGGAGTTCGAGACCAGCCTGGCTAACATGGTGAAACCCTGTCTCTACTAAAAATACAAAAAATAATTAACCGGGCGTGGTGGCAGGCACCTGTAATCCCAGCTACTCAGGAGGCTGAGGCAGGAGAATCGCTTGAACCCAGAAGGCGGAGGTTGCAGTGAGCAAAGATCACGCCACTGCATTCCAGCCTGGGTGACAAGAGTGAGACTCCATCTCAAAAAAAAAAAAAAAGAAAGAAAGAAAGAA"
"chr1","26377834","26378090","chr1","26053023","26053299","20","324811","GGACAGGCATGGTGGCTCGAGCCTGTAATCCCAGCACTTTGGGAGGCCAAGGCCAGCCTGGCCAACATGGTGAAACCCTGTCTCTACTAAACATACAAAAAATTAGCTGAATTTGGTGGCAGGCGCCTGTAGTCCCAGCTACTTAGGAGGCTGAGGCAGGAGAATCGCTTGAACCTGGGAGGTGGAGGTTGCAGTGAGCCGAGATCGTGCCACTGCACTCCAGCCTGGGTGACAAGAGTGAGACTCCATCTCAAAAA","GGACAGGCATGGTGGCTCGAGCCTGTAATCCCAGCACTTTGGGAGGCCAAGGCCAGCCTGGCCAACATGGTGAAACCCTGTCTCTACTAAACATACAAAAAATTAGCTGAATTTGGTGGCAGGCGCCTGTAGTCCCAGCTACTTAGGAGGCTGAGGCAGGAGAATCGCTTGAACCTGGGAGGTGGAGGTTGCAGTGAGCCGAGATCGTGCCACTGCACTCCAGCCTGGGTGACAAGAGTGAGACTCCATCTCAAAAAATAAATAAATAAATAAATAA"
"chr1","26392686","26392761","chr17","2787814","2787901","24","23604872","TTGGGAGGCTGAAGGAGGAGACTCACTTCAACCTGGGAAGCAGAGGTTGCAGTGAGCAGAGATCGCGCCACTGCAC","AGTCCCAGCTACTCGGGAGGCTGAGGCAGGAGAATCCTTGAACCCGGGAGGTGGAGGTTGCAGTGAGCCGAGATCGCACCACTGCACT"
"chr1","26412062","26412364","chr1","26087882","26088184","0","324180","GGCCGGGCACGATGGCTTATGCCTGTAATCCTAGCACTTTGGGAGGCCAAGGTTGGCAGATTGCCTGAGCTCAGGAGTTCGTGACCAGCCTGGGCAACATGGCAAAACCCTGTCTCTACTAAAAATACAAAAAATTAGCTGGGCATGGTGGTGCGTGCCTGTAGTCCCAGCTACTTAGGAGGCTGATTCAGGAGAATCCCTTGACCCCGGGGGGCGGAGGTTGCAGTGAGCCGAGATCACACCACTGCACTCCAACCTGGGTGACAGAGTTAAACTCTGTCCCCAAAATAAAAAGAAAAGAAA","GGCCGGGCACGATGGCTTATGCCTGTAATCCTAGCACTTTGGGAGGCCAAGGTTGGCAGATTGCCTGAGCTCAGGAGTTCGTGACCAGCCTGGGCAACATGGCAAAACCCTGTCTCTACTAAAAATACAAAAAATTAGCTGGGCATGGTGGTGCGTGCCTGTAGTCCCAGCTACTTAGGAGGCTGATTCAGGAGAATCCCTTGACCCCGGGGGGCGGAGGTTGCAGTGAGCCGAGATCACACCACTGCACTCCAACCTGGGTGACAGAGTTAAACTCTGTCCCCAAAATAAAAAGAAAAGAAA"
"chr1","26461473","26461723","chr9","114297614","114297869","33","87836141","GTCGGGCATGGTGGCTCACGCCTGTAATCCCAGCACTTTGGGAGGCTGAGGCGAGCGGATCATGAGGTCAGGAGTTCGAGACCAGCCTGACCAACATGGTGAAACTCTATCTACTACTAAAAAAAAAAAAAAAAAAATTAGCCAGGCGTGGTGGTGCACACCTATAATCCCAGCTACTCAGGAGGCTGAGGCAGGAGAATCGCTTGAACCCGGGAGGCAGAGGTTGTGGTGAGCCGAGATCATGCCATTGC","GGCCAGGCATGGTGGCTCATGCCTGTAATCCCAGCATTTTGGAGGCTGAGGTGGGCAGATCACGAGGTCAGGAGTTGGAGACCAGCCTGACCAACATGGTGAAACCCTGTCTCTACTAAAAATACAAAAAAAAAAAAAAAATTAGCCAGGCATGGTGGCACACACCTGTAATCCCAGCTACTCAGGAGGCTGAGGCAGGAGAATCGCTTGAACCCAGGAGGCAGAGGTTGCACTGAGCCAAGATCGCGCCATGCAC"
"chr1","26464799","26465108","chr1","26139781","26140089","5","325018","CTGGGCGCAGTGGCTCACACCTGTAATCCCAGCACTTTGGGAGGCTGAGGCAGGCAAATCAGGAGGTCAGGAATTCGAGACCAGCCTGGCCAACGTGGTGAAACCCCGTCTCTACTAAAAATACAAAAAATTAGCTGGGTGTGGTGGTGGGCACTTGTAATCCCAGCTACTCAGGAGGCTGAGGCAAGAGAATCGCTTGAACCTGGGAGGTGGAGGCTGCAGTGAGCCGAGATCCTGCCACTGCACTCCAGCCTGGGTGACAGTGTGAGACTATGTCTACAAAAAAAACAAAAACAGAACAAAAAAAAAA","CTGGGCGCAGTGGCTCACACCTGTAATCCCAGCACTTTGGGAGGCTGAGGCAGGCAAATCAGGAGGTCAGGAATTCGAGACCAGCCTGGCCAACGTGGTGAAACCCCGTCTCTACTAAAAATACAAAAAATTAGCTGGGTGTGGTGGTGGGCACTTGTAATCCCAGCTACTCAGGAGGCTGAGGCAAGAGAATCGCTTGAACCTGGGAGGTGGAGGCTGCAGTGAGCCGAGATCCCGCCACTGCACTCCAGCCTGGGTGACAGTGTGAGACTATGTCTCAAAAAAAAACAAAAACAGAAACAAAAAAAA"
"chr1","26465602","26465890","chr1","26140585","26140879","8","325017","GGCTGGGTGCAGTGGCTCACGCCTGTAATCCCAGCACTGTGGGAGGCCGAGGCAGGCAGATCACGAGGTCAGGAGTTCAAGACCAGCCTGACCAATACGGTGAAACCCTGTCTCTACTAAAAATACAAAAAATTAGCCAGCGTGGGGCCGCACGCCTGTAATGCCAGCTACTCAGGAAGCTGAGGCAGGAGAATCGCTTGAACCCAGGAGGTGGAGGTTGCAGTGAGCCGAGATTGTGTCACTGTACTCCAGCCTGGGCGACACAGCTAGACACTGTCCAAAAAAAAAA","GGCTGGGTGCAGTGGCTCACGCCTGTAATCCCAACACTGTGGGAGGCCGAGGCAGGCAGATCACGAGGTCAGGAGTTCAAGACCAGCCTGACCAATACGGTGAAACCCTGTCTCTACTAAAAATACAAAAAATTAGCCAGCGTGGGGCCGCACGCCTGTAATGCCAGCTACTCAGGAAGCTGAGGCAGGAGAATCGCTTGAACCCAGGAGGTGGAGGTTGCAGTGAGCCGAGATTGTGTCACTGTACTCCAGCCTGGGCGACACAGCAAGACACTGTCCAAAAAAAAAAAAAAAA"
"chr1","26514129","26514311","chr10","120372580","120372761","27","93858451","AAACTTAGCTAGGCATGGTGGCATGTGCCTGTAGTCCCAGCTACTCAGGAGGCTGAGGCAGGAGGATCGCTTGAACCTGGGAGGCTGAGGCTGTAGTGAGCTGAGATCATGCCACTGCCCTCCAGCCTGGGTGACAAAGCAAGACTCTGTCTCAAAAACAAAAACCAAACAACCAAACAAGAA","AAAATTAGCTGGGTGTGGTGGCGCGTGCCTGTAGTCCCAGCTACTCAGGAGGCTGAGGGAGGAGAATCACTTGAACCCGGGAGGCGGAGGTTGCAGTGAGCTGAGATCATGCCACTGCATTCCAGCCTGGGCAACAGAGCAAGACTCTGTCTCCAAAAAAAAAAAAGAAAGAAAAGAAAGAA"
"chr1","26537084","26537272","chr5","76266656","76266847","31","49729572","AAAAAAAAAAATTAGCCAGGCGTGGTGTCGCATGCCTGTAGTCCCAGCTACTTGGGAGGCTAAGGCAGGAGAATCACTTGAACCTGGGAGGCAGAGGTTGCAGTGAGCCGAGATCATGCCACCGTGCTCCAGCCTGGGTGACAGAGAGAAACTCCATCTCAAAATAAATAAATAGATAAATAAATAAAA","AAAATACAAAAAAATTAGCTGGGCGTGGTGGCGTGTGCCTGTAATCCCAGCTACTCATGAGGCTGAGGCAGAAGAATTGCTTGAACCTGGGAGGCAGAGGTTGCAGTGAGCCGAGATCGTGCCACTGCACTCCAGCCTGGGTGACAGAGTGAGACTCTGTCTCAAAAAAAAAAAAAAAAAAAAAAAAAAAAA"
"chr1","26551050","26551163","chr2B","199271339","199271453","19","172720289","GAATCACTTGAACTGGGGAGGCGGAGGTTGCAGTGAGCCGAGATTGCACCACTGCACTCCAGCCTGGGCAACAGAGCAAGACTCTGTCTCAAAAAAATAAATAAAATAAAATAA","AGAATCACTTGAACCCAGGAGGTGGAGTTTGTAGTGAGCTGAGATTGCACCACTGCACTCCAGCCTAGGAAACAGAGTGAAACACTGTCTCAATAAAAAAAAAAAAATAGAAAAA"
"chr1","26576998","26577185","chr12","36320180","36320364","39","9743182","CTACTAAAAATACTAAAAAAATTAGCCAGGCGATGGTGGTGCACGCCTGTAATCCCAGTTACTTGGGAGGCTGAAAGAGGAGAATCTTGAGGTGGAGGTTACAGTGAGCCAAGATTGGGCCACTGCACTCCAGCCTGGGCGACAGAGCGACCCTGTCTCGAAAAAATAATAATAAGAAGTAAAAAAAA","CTCTACTAAAAATACAAAAAATTAGCCAGGCGTAGTGTGCACCTGCAATCCCAGTTACTTGGGAGGCTGAGGCATGAGAATTGGGAGGTGGAGGTTGCAGTGAGCTGAGATCGTGCTATTGTACTCCAGCCTGGGTGAAAGAGCAAGACTTGTCTCAAAAAAAAAAAAAAAAAAAAAAAAAGAAA"
"chr1","26585041","26585341","chr20","17979392","17979699","38","8605649","GCACAGTAGCTCACCCCTGTAATCCCAGCACTTTCGGAGGCTGAGGCGGGCGGATCACAAGGTCAGGAGTTCGAGACTAGGCTGGCCAGCATGGTGAAACCTGTTTCTACTAATAATACAAAAAAGAGCTGGGCGTGGTGGCACGCACCTGTAGTCCCAGCTACTCGGGAGGTTAAGGCAGGAGAATCACTTGACCTTGGGAGGCAGAGGTTGCAGTGAGCCAAGAACACGCCACTGCACTCCAGCCTGGGCAACAGAGCAAGACTCCATCTCAAAAAAAAAAAAAAGAAAAAAAAGAAAA","GCCGGGCACGGTGGCTCACGCCTGTAATCCCAGCACTTTGGGAGGCTGAGGCGGGTGGATCACAAGGTCAGGAGTTCGAGACCAGCCTGGCCAACATGGTGAAACCCCGTCTCTACTAAAAATAAAAAATTAGCCGGGCATGGTGGCAGGCACCTGTAGTCCCAGCTACTCGGGAGGCTGAGGCAGGAGAATTCCTTGAACCTGGGAGGCAGAGGTTGCAGTGAGCCAAGATCGTGCCACTGCACTCTAGCCTGGGCGACAGAGCGAGACTCCATCTCAAAAAAAAAGAAAAGAAAAGAAAAGAAAAG"
"chr1","26585352","26585380","chr12","8241499","8241528","12","18343853","CCCAAAACAAAACAAAACAAAAAAGGAAA","AATAAGTTAAAAATTAAAAAAAAAAAAAAA"
"chr1","26585431","26585706","chr2A","32493889","32494163","42","5908458","GCTGGGTGCGGTGGCTCACGCCTGTAATCCCAGCACTTTGGGAGGCCAAGGTGGGCAGATTGCCCAAGCTCAGGAGTTCTAAACCAGCATGGGCAACAGGGTGAAAACCCATCTCTAATAAAAAATACAAAAAATTAGCCGGGCGTGGTGGCATGCGCCTGTGGTCCTAGCTACTCAGGAGGCTGAGGCAGGAAAATTTGCTTGAATCTGGGAGGTGGAGGTTGCAGTGAGCCGAGATCACGCCACTGGGCGACAGAGCAAGACTCTGTCTCCAAA","GGCCGGGCGCGGTGGCTCACGCCTGTAATCCTAGCACGTTGGGAGGCCGAGGCGGACAGATTGCCTGAGCTCAGGAGTTCGCAACCAGCCTGGGCAACACGGTGAAACCCCGTCTGTAAGAAAATACAAAAAATTAGCCGGGTGTGGTGGCTTGCGCCTGTAGTCCTAACTACTCGGGAGGCTGAGGCAGGAGAATTGCTTAAACCTGGGAGGCAGAGGTTGCAGTGAGCCACTGCACTCCAGCCTGGGCGACAGAGCGAGACTCCGTCTAAAAA"
"chr1","26656542","26656842","chr1","26336280","26336579","1","320262","GCTAGGCGCAGTGGCTCATGCCTGTAATCCCAGCACTCTGGGAGGCCGAAGTGGGCAGATCACAAGTCAGGCGTTCGAGACCAACCTGGCCAATTACAGTGAAACCTCGTCTCTACTAAAAATACAAAAAATTAGCCGGGTGTGGTGGCAGGCACCTGTAATCCCAGCTACTTGGGAGTCTGACGCAGGAGAATTGCTTGAACCCAGGGGGCAGAGGTTGCAGTGAGCCGAGATCACACCATTGCACTTCAGCCCAGGTGACAGTGCGAGATTCCGTCTCAAAAAAACAAAACAAAAAAAA","GCTAGGCGCAGTGGCTCATGCCTGTAATCCCAGCACTCTGGGAGGCCGAAGTGGGCAGATCACAAGTCAGGCGTTCGAGACCAACCTGGCCAATTACAGTGAAACCTCGTCTCTACTAAAAATACAAAAAATTAGCCGGGTGTGGTGGCAGGCACCTGTAATCCCAGCTACTTGGGAGTCTGACGCAGGAGAATTGCTTGAACCCAGGGGGCAGAGGTTGCAGTGAGCCGAGATCACACCATTGCACTTCAGCCCAGGTGACAGTGCGAGATTCCGTCTCAAAAAACAAAACAAAAAAAA"
"chr1","26712391","26712675","chr1","26391486","26391770","2","320905","GGCCGGGTGCGGTGGCTCACCCCTGTAATCCTAGCACTTTGGGAGGCCAAGGCAGGTGGATCACGAGATCAGGAGTTCGAGACCAGCCTGGCCAACACAGTGAAACCCCGTCTCTGCTAAACATACAAAAAATTAGCTGGGTGTGGTGGCATGTGCCTGTAATACCAGCTACTTGGGAGGCTGAGGCAGGAGAATTGCTTGAACCCAGGAGGCAGAGGTTGCAGTGAGCTGAGATTGCATCACTGCACTGGGCAACAGAGATTCTGTCTTGAAAAAAAAGAAAAA","GGCCGGGTGCGGTGGCTCACCCCTGTAATCCTAGCACTTTGGGAGGCCAAGGCAGGTGGATCACGAGGTCAGGAGTTCGAGACCAGCCTGGCCAACACGGTGAAACCCCGTCTCTGCTAAACATACAAAAAATTAGCTGGGTGTGGTGGCATGTGCCTGTAATACCAGCTACTTGGGAGGCTGAGGCAGGAGAATTGCTTGAACCCAGGAGGCAGAGGTTGCAGTGAGCTGAGATTGCATCACTGCACTGGGCAACAGAGATTCTGTCTTGAAAAAAAAGAAAAA"
"chr1","26728438","26728535","chr14","100673591","100673682","20","73945153","TGAACCCGGGAGGTGGAGGTTGCCGTGAGCCGAGATCACACCATTGCACTCCAGCCTGGGTGACAGAGCAAGACGCTATCTCAAAAAAAAAAAAAGAA","CCTGGGAGGCAGAGGTTGCAGTGAGCCAAGATCACACCACCGCACTCCAGCCTGAGCAACAGAGAGAGACTCCATCTCAAAAAAAAAAAAAA"
"chr1","26729570","26729654","chr14","100673591","100673682","25","73944021","GGGGGTAAAGGTTGCAGTGAGCTGAGATGGCGCCACTGCACTCCAGCCTGGGTGACAAAGACAGACCCTGTCTCAAATAAATAAA","CCTGGGAGGCAGAGGTTGCAGTGAGCCAAGATCACACCACCGCACTCCAGCCTGAGCAACAGAGAGAGACTCCATCTCAAAAAAAAAAAAAA"
"chr1","26752862","26752955","chr1","160944586","160944680","19","134191724","GAGGTTGCAGTGAGCCAAGATGGCGCCTTTGCACTCCAGCCTGGGCAACACAGCAAGACTTCGTCTCAAAAATAAATAAATAAATAAAATAAAA","GTGGAGGTTGCAGTGAGCCGAGATTGCGCCACTGCATCCAGCCTGAGCAACAGAGTAAGACTCCGTCTCAAAAAAAAAAAAAAAAAGAGAGAAAA"
"chr1","26783953","26784127","chr19","59940840","59941010","34","33156887","AAAAATAAATTAGCTGAGCATGGTGTTGCACACCTGTGGTCCTAGCTACTTGGGAAGCTGAGGTAGGAGGATTGCTTGAGCATGGAAGGTGGAAGTTGCAGTGAGCTGAGATCACACCACTGCACTCCAGTCTGGGCAACAGAGGGAGACCCTGTCTGGAAAAAAATAAAATATG","ATACAAAATTAACTGGGCATGGTGGTGCATGCCTGTAGTCCCAGCTACTCGGGAGGCTGAGGCAGGAGAATCGCTTGAACCCAGGAGGTGGAGGTTGCAGTGAGCTGGGATCACGCCACTGCACTCCAGCCTGGGCAACAGAGTGAGACTCTGTTTCCCAAAAAAAAAAAA"
"chr1","26840537","26840835","chr2A","27802322","27802614","35","961785","GGCCAGGCATGGTGGCTCACACCTGTAATCCCAGCACTTTGGGAGGCTGAGGCGGGCAGATCACGAGATCTAGTTGTTCGAGACCAGCCTGGCCAACATGGCAAAACCCCGTCTCTACTAAAAATACAAAAAATTAGCTGAGCTGGGTGTGGTGGCACGCCCTTGTAGTCCCAGTTACTCAGGAGGCTGAGGCAGGAGAATTGCTTGAACCTGGGAGGCAGAGGTTGCAGTGAGCCGAGATCGTACCACTGCACTCCAGCCTGGGCGACAGAGTGAGACTCTGTCTCAAAAAACAAAAA","GGCCAGGCGCAGTGGCTCACGCCTGTAATCCCAGCACTTTGGGAGGCCTAGGCGGGCGGATCACGAGGTCAGGAGTTCGAGACCAGCCTGGCCAACATGGCGAAACCCTGTCTCTACTAAAAATACAAAAAATTAGCCGGGCATGGTGGCGCACACTTGTAATCCCAGCTACTCAGGAGGCTGAGGCGGGAGAATTGCTTAAACCTGAGAGGCGGAGGTTGCAGTGAGCCAAGATCGTGCCACTGCACTCCAGCCTGGGTGACAGAGCGAGACTCTGCCTCAAAAAAAAAAAA"
"chr1","26867322","26867613","chr1","26551874","26552165","2","315448","GCCGGACACAGTGCCTCACGCCTGTAATCCCAGCACTTTGGGAGGCCAAGGCGGGCAGGTCACCTGAGCTCAGGAGTTTGAGACCACCCTGGGCAACATGATGAAACCCTGTCGCTACTAAAATACAAAAAATTAGCCAGGCATTGTGGAGTGTGCCTGTAGTCCCAGCTACTCGGGAGGCTGAGGTACGAGAATCACTTAAGCCCAGGAGACGGAGGTTGCAGTGAGCTGAGATCTCACCACTGCACTCCAGCCTGGGCAGCAGAGTGAGACTCCCTCTCAAAGAAAAAAA","GCCGGACACAGTGCCTCACGCCTGTAATCCCAGCACTTTGGGAGGCCGAGGCGGGCAGATCACCTGAGCTCAGGAGTTTGAGACCACCCTGGGCAACATGATGAAACCCTGTCGCTACTAAAATACAAAAAATTAGCCAGGCATTGTGGAGTGTGCCTGTAGTCCCAGCTACTCGGGAGGCTGAGGTACGAGAATCACTTAAGCCCAGGAGACGGAGGTTGCAGTGAGCTGAGATCTCACCACTGCACTCCAGCCTGGGCAGCAGAGTGAGACTCCCTCTCAAAGAAAAAAA"
"chr1","26948060","26948187","chr2B","207026815","207026935","28","180078755","GTAGGAGAATTGCTTGAACCTGGGAGATGGAGGTTGCAGTGAGCCGAGATCACGCCACTGCACTCCAGCCTGGGCGACAGGGCAAGTCTCCATCTCAAAAAAAAAGAAAAAAAAATTAAATAAAGAAA","AGGAGAATTACTGAACCTGAGAGGCAGAGGTTGCAGTGAGCGCTGAAATCCTACCATTGCACTCCAGCCTGGGTGACAGAGTGAGACTCCATCTCTGAAAAAAAAAAAAAAAAAAAAAGAA"
"chr1","26959287","26959597","chr1","26645685","26645995","3","313602","GGCTGGGCGCAGTGGCTCACACCTGTAATCCCAGCACTTTGGGAGGCCGAGGCGGGCGAATCACAAGGTTAAGAGTTCGAGACAAGCCTGGCCAACATGGTGAAACCTCGTCTCTACTAAAAATACAAAAAATTAGCTGGGCGTAGTGGCAGGCGCCTGTAATCCCAGCTACTTGGGAGACTGAGGCAGAAGAATTGCTTGAACCCAGGAGGAGGAGATTGCAGTAAGCTGAGATTGTGCCACTGGACTCCAGCCTGGGCGACAGAGTGAGACTGTGTCTCAAAAAATACAAAAAACAAAAAACAAAAAAA","GGCTGGGCGCAGTGGCTCACACCTGTAATCCCAGCACTTTGGGAGGCTGAGGCAGGCGAATCACAAGGTTAAGAGTTCGAGACAAGCCTGGCCAACATGGTGAAACCTCGTCTCTACTAAAAATACAAAAAATTAGCTGGGCGTAGTGGCAGGCGCCTGTAATCCCAGCTACTTGGGAGACTGAGGCAGGAGAATTGCTTGAACCCAGGAGGAGGAGATTGCAGTAAGCTGAGATTGTGCCACTGGACTCCAGCCTGGGCGACAGAGTGAGACTGTGTCTCAAAAAATACAAAAAACAAAAAACAAAAAAA"
"chr1","26963886","26963983","chr1","26647515","26647606","6","316371","GGCCTGGCGTGGTGGCTCACTCCTGTAATCCCAACACTTTGGGAGGCTGAGGCAGGCAGATCATGATGTCAGGAGTTTGAGACCAGCCTGGCCAAGAT","GGCCTGGCGTGGTGGCTCACTCCTGTAATCCCAACACTTTGGGAGGCTGAGGCAGGCAGATCATGATGTCAGGAGTTTGAGACCAGCCTGGC"
"chr1","26973015","26973121","chr8","26723757","26723867","20","249258","GGGTGCGGTGGCTCACGCTTGTAATCATAGCACTTTGGGAGGCCAAAGCAGGTGGATCACGAGGTCAGGAATTCAAGACTAACCTGGCCAACACAGTGAAACCCCAT","GGCTGGGCCTTGTGGCTCACGCCTGTAATCCTAGCACTTTGGGAGGCCGAAGCAGGAGGATCATGAGGTCAGGAGTTCGAGAAGAGCCTGACCAACGTGGTGAAACCCCAT"
"chr1","27005275","27005451","chr9","84762150","84762328","29","57756875","AAAAATTAAGCTAGGCATGGTGGAGCACACCTGTAGTCCCAGCTACTCAGGAGGCTGAGGCAGGAGAATAGCTTGAACCTGGGAGGTGGAGTTTGCAGTGAGCTGAGATCAGGCCATTGCACTCCAGCCTCGGTGACAAAGCAGGACTCTGTCTACAAAAAAAAAAAAAAGGAAGAA","AAAAATTAGCCAGGCATGGTGGTGTGCGCCCGTAGTCCCAGCTATTTGGGAGGCTGAAGCAGGAGAATTGCTTGAACCTGGGAGGTGGAGGTTGTAGTGAGCTGAGATCACACCACTGCACTCCAGCCTTGGCGATGGAGCAAGACTCTGTCTCATAAAAAGAAAAAAAAAAGAAAAAA"
"chr1","27030454","27030745","chr1","26715792","26716094","11","314662","GGCTGGGTGCGGTGGCTCGCACCTGTAATCCCAGCACTTTGGGAGGCCGAGGCGGGTGGATCACAAGGTCAGGAGTTCAGGACCTGACCAACACAGTGAAACCCCATCTCTACTAAAAATACAAAAAATTACCTGGGCGTGGTGGCGGGCACCTGTAATCCCAGCTACTCAGGAGGCTGAGGCAGAAGAATCACTTGAACCCAGGAGGCAGAGGTTACAGTGAGCCGAGATCACGCCACTGCAATCCAGCCTGGGCGACAGTGCAAGACTCCGTCTCAAAAAAAAAAAAAAA","GGCTGGGTGCGGTGGCTCGCACCTGTAATCCCAGCACTTTGGGAGGCCGAGGCGGGTGGATCACAAGGTCAGGAGTTCAGGACCAGCCTGACCAACACAGTGAAACCCCATCTCTACTAAAAATACAAAAAATTACCTGGGCGTGGTGGCGGGCACCTGTAATCCCAGCTACTCAGGAGGCTGAGGCAGAAGAATCACTTGAACCCAGGAGGCAGAGGTTACAGTGAGCCGAGATCACGCCACTGCAATCCAGCCTGGGCGACAGTGCAAGACTCCGTCTCAAAAAAAAAAAAAAAAAAAAAA"
"chr1","27058084","27058380","chr6","44144038","44144338","28","17085954","GCTGGGCGCGGTGGCTCACACCTGTAATCCCAGCACTTTGGGAGGCCGAGGCTGGCGGATCACAAGGTCAGGAGTTCGAGACCAGCCTGGCCAATATGGTGAAACCCTGTCTCTACTAAAAAATACAAAATTAGCTGGGCGTGGTGGCGGGCACCTGTAGTCCCAGCTACTCAGGAGGCTGAGGCAGGAGAATTGCTTGAACCCGGGAGGCGGAGATTGCAGTGAGCCAAGATTGTGCCACTGCATTCCAGCCTGAGTGACAGAGAGAGACTCTGTCTCAGAAAAAAAAAAAAAGAA","GGCTGGGCGTGGTGGCTCACGCCTGTAATCCCAGCACTTTGGGAGGCCGAGGCAGGCAGATCACAAGGTCAGGAGTTTGAGGCCAGCCTGGCCAATATGGTGAAACCCTGTCTCTACGAAAAATACAAAAAATTAGCTGGGCATGGTGGCGGGCGCCTGTAGTCCCAGCTACTCAGGAGGCTGAGGCAGGAGAATTGCTTGAACCCGGGAAGCGGAGGTTGCAGTGAACCAAGATCGTGCCACTGCACTCCAGCCTGGGTGACAGAGTGCGACTCCATCTCAAAACAAAACAAAACAAAGA"
"chr1","27064427","27064727","chr1","53118077","53118382","39","26053650","GGCCAGGCACGGTGGCTCACACCTGTAATCCCAGCACTGTGGGAGGCTGAGGCGGGTGGATCGTGAGGTCAGGAGTTCGAGAGCAGCCTGACCAATATGGTGAAACCCCATCTCTACTAAAAATATAAAAATTTAGCTGGGCGTGGTGGCATGCACCTGTGATCCCAGCTACTCAGGAAGCTGAGGCGGGAGAATCCCTTGAACCCGAGAGGCGGAGGTTGCAGTGGGCTGAGGTCGCGCCACTGCACTCCAGCCTACGTGACAGAGCGAGACTCTGTCTCAAAAAAAGAAATATAAAAAA","GGCCAGGCGCGGTGGCTCATGCCTGTAATCCCAGCACTTTGGGAGGCCAAGGCGGGTGGATCACGAGGTCAGGAGTTCAAGACCAGCCTGACCAACATGGTGAAACCCCGTCTCTACTAAAAATACAAAAAAAAATTAGCTGGGTGTGGTGGCGCGCACCTGTAATCCCAGCTACTCAGGAGGCTGAGGCAGGAGAATCACTTGAACCCTGGAGGCAGAGGTTGCAGTGAGCTGAGATCGCGCCACTGCACTCCAGCCTGGGCAACAGAGCAAGACTCTGTCTCACAAAAAAAAAAAAACAAAAAA"
"chr1","27065294","27065515","chr1","26752515","26752736","2","312779","GGCTGGGCACGGTGGCTCACACCTACAGTCCCAGCACTTTGGGAGGCTGAGGCGGGTCATCATGAGGTCAAGAGTTCAAGACCAGCCTGGACAACGTGGCTAAACCCTGTCTCTACTAAAAATACAAAAATAGGCAGGTGTGGTGGCAGGGGCCTGTAGTCCCAGCTACTCGGGAGTCTGAGGCAAGAGAATCGCTTGAACCCGGGAGGCAGAGGATGCAGT","GGCTGGGCACGGTGGCTCACACCTACAGTCCCAGCACTTTGGGAGGCTGAGGTGGGTCATCATGAGGTCAAGAGTTCAAGACCAGCCTGGACAACGTGGCGAAACCCTGTCTCTACTAAAAATACAAAAATAGGCAGGTGTGGTGGCAGGGGCCTGTAGTCCCAGCTACTCGGGAGTCTGAGGCAAGAGAATCGCTTGAACCCGGGAGGCAGAGGATGCAGT"
"chr1","27158212","27158508","chr3","15176094","15176391","30","11982118","GGCCAGGCGCGGTGGCTCACGCCTGTAATCCCAGCACTTTGGGAGGCCAAGGTGGGTGGATCATGAGGTCAGGAGTTCAAGACCAGCCTGGCCAACATAGTGAAACCCTGTCTCTACTAACAATACAAAAAATTAGCCAGGCATGGTTGCGGGCACCTGTAATCCCAGCTACCCAGGAGGCTGAGGCAGAGAATTGCTTGGACCTGCAAGGTGGAGGTTGCAGTGAGCCAAGATCGCGCCACTGCACTCCAGCCTGGGCAACAGAGTGAGACTCCATCTACAAAAAAAAAAAAAGAA","GGCCAGGCGTGGTGGCTCACCCCTGTAATCCCAGCACTTTGGGAGGCCAAGGCAGGCGGATCATGAGGTCAGGAGTTCAAGACCAGCCTGGCCAACATAGTGAAACCCCGTCTCTACTAACAATACAAAAAATTAGCTGGGCGTGGTGGCAGGCGCCTGTAATCCCAGCTACTCGGGAGGCTGAGGCAGGAGAATCACTTGAACCCGGGAGGTGGAGGTTGCAGTGAACCAAGATCACGCCACTGCACTCCAGCCTGGGCGACAGTGCGAGACTTCATCTCAAAAAAAAAAAAAAAAA"
"chr1","27190245","27190540","chr7","24739193","24739485","30","2451052","GGCCAGGCATGGTGGCTCACGCCTGTAATCCTAGCACTTTGGGAGTCCGAGGTAGGCGAGTTGCCTGAGCTCAGGAGTTCTAGACCAGCCTGGGCAACACGGTGAAACCCCATCTCTACTAAAATACAAAAAATTAGCCGGGCGTGATGGCATGTGCCTGTAGTCCCAGCTACTCGGGAGGCTGAGGCAGGAGAATTGCTTGAACCCAGGAGGCAGAGGTTGCAGTGAGCCAAGATTGTCTCACTGCACTTCAGCCTGGGTGACAGAGCAAGACTCCGTCTCCAAAAAAAAAGAAA","GCCCGGCGCAGTGGCTCACGCCTGTAATCCTAGCACTTTGGGAGGCTGAGGCGGGTGGATTGCCTGAGCTCAGGAGTTCGAGACTAGCCTGGGCAACACGGTGAAACCCCGTCTCTACTAAAATACAAAAAATTAGCTGGGTGTGGTGGCATGTGCCTGTAGTCCCAGCTACTCTGGAGGCTGAGGCAGGAGAATTGCTTGAACCCGGGAGGTAGAGGTTGCAGTAAGCCAAGATTGCACCACTGCACTCCAGCCTGGGTGACAGAGCGAGACTCCGTCTCGAAAAAAAAAAA"
"chr1","27190553","27190690","chr7","156274717","156274856","20","129084164","TCCCAGCTACTTGGGAGGCTGAGACAGGAGAATCACTCAAACCCAGGAGGCAGAGGTTGCAGTGAGCCGAGATGGCACCACTGAACTCCAGCCTGGGCAACAGAGCGAGACTCCGTCTGTAAAAAAAAAAAAAAAAAA","TAGTCCCAGCTACTCAGGAGGCTGAGGCAGGAGAATCGCTTGAACCCAGGAGGCAGAAGTTACAGTGAGCCGAGATCGTGCCACTGGACTCCAGCCTGGGCGACAGAGCAAGACTCTGTCTCAAAAAAAAAAAAAAAAAA"
"chr1","27192565","27192665","chr14","100673591","100673682","27","73481026","TGAATCTGGGAGGCAGAGGTTGCAGTGAGCTGAGATAGATAGCATCACAGCACTCCAGCCTGGGTGACACAGCACAACTTGGCCTAAAAAAAAAAAAAAAA","CCTGGGAGGCAGAGGTTGCAGTGAGCCAAGATCACACCACCGCACTCCAGCCTGAGCAACAGAGAGAGACTCCATCTCAAAAAAAAAAAAAA"
"chr1","27258290","27258516","chr1","26943725","26943957","9","314565","TTGGAGACTAGTCTGGCCAACATGGTGAAACCCCGTCTCCACTAACATAACAAAAAATTAGCCAGGCGCGGTGGCGTGCGCCTGTAATCCCAGCTACTCAGGAGGCTGAGGCAGGGGAATTGCTTGAACTAGGGAGGTGGAGGTTGCAGTGAGCCGAGATCAGGCCACTGCACTCCAGCATGGGTGACAAAGCGAGACTCTGTCTCAAAAAAACCAAAACAAAAAAA","AGGAATTGGAGACTAGTCTGGCCAACATGGTGAAACCCCGTCTCCACTAACAATACAAAAAAATTAGCCAGGCGCGGTGGCGTGCACCTGTAATCCCAGCTACTCAGGAGGCTGAGGCAGGGGAATTGCTTGAACTAGGGAGGTGGAGGTTGCAGTGAGCCGAGATCAGGCCACTGCACTCCAGCATGGGTGACAAAGCGAGACTCTGTCTCAAAAAAACCAAAACAAAAAAA"
"chr1","27262120","27262315","chr19","54449281","54449473","23","27187161","GGCTGGGCGTGGTAGCTCATGCCTGTAATCCTAGCGCTTTGGGAGGCTGAGGTGGGCAGATCACGAGGTCAGGAGTTTGAGACCAGCCTGGCCAAGATGGCAAACCCCATCTCTAATAAAAATACAAAAAATTAGCTGGGCATGGTGGTGGGCGCCTGTAATCCCAGCTACTTGGGAGTCTGAGGCAGGAGAATCG","GGCTGGGCGCAGTGGTTCACACCTGTAATCCCAGCGCTTTGGGAGGCCGAGGCGGGCAGATCATGAGGTCAGGAGATCGAGACCAGCCTGGCCAAGATGGTGAAACCCCATCTCTACTAAAAATACAAAAAATTAGCTGGGCGTGGTGGCAGGCGCCTGTAATCCCAGCTACTGGGAGGCTAGGCAGGAGAAT"
"chr1","27275266","27275395","chr6","107657505","107657632","29","80382239","AGCCAGGCGTGGCACGCGCCTGTAGTCCCAGCCACTCAGGAGGCTGAGGCAGGAGAATCGCTTGCACCCGGGAGGCAGAGGTTGCAGTGAGCCAAGACCACGCCACTGCACTCCACTCCAGCCTGGGCAA","GGTGTAGTGTTGCGTGCCTGTAGTCCCAGCTACTCAGGAGGCTGAGGCAGGAGGATTGCTTGAACACGGGAGGCAGAGGTTACAGTGAGCCGAGATCATGCCACTGCACTCCATCCTGGGCAACAGAG"
"chr1","27278543","27278849","chr1","26963679","26963985","0","314864","GGCCGGGCGCAGTGGCTCATGCCTGTAATCCCAGCACTTTGGGAGGCCGAGGCGGGAGGATCACGAGGTGGGAGTTTGAGACCAGCCTGGCCAACATAGTGAAACCCAGTCTCTACTAAAAATACAAAAAATTAGGCTGGCGTGGTAGCAAGTGCCTGTAATCCCAGCTACTCGGGAGGCTGAGGCAGGAGAATGGCTTGAACCCAGCAGGCAGAGGTTGCAGTGAGCCGAGATCGCGCCATTGCACTCCAGCCTGGGCGACAGAGCGAGACTCTGTCTCAAATAAACAAAACAAACAAACAAACAA","GGCCGGGCGCAGTGGCTCATGCCTGTAATCCCAGCACTTTGGGAGGCCGAGGCGGGAGGATCACGAGGTGGGAGTTTGAGACCAGCCTGGCCAACATAGTGAAACCCAGTCTCTACTAAAAATACAAAAAATTAGGCTGGCGTGGTAGCAAGTGCCTGTAATCCCAGCTACTCGGGAGGCTGAGGCAGGAGAATGGCTTGAACCCAGCAGGCAGAGGTTGCAGTGAGCCGAGATCGCGCCATTGCACTCCAGCCTGGGCGACAGAGCGAGACTCTGTCTCAAATAAACAAAACAAACAAACAAACAA"
