"chr1","1320814","1321109","chr2A","39691151","39691451","40","38370337","GGCATGGTGGCTCACGGCTCTAATCCCAGAACTTTGGGAGGCCGAGGTGGGTGGCTCACGAGGTCAGCAGTTCGAGACTAGCCTGGCCAACACGGTGAAACCCCATCTGTACTAAAAATACAAAAATTTGCCGGGTGTGGTGGCGGGCACCTGTAATCCCAGCTACTCGGGAGGCTGAGACAGGAGAATAGCTTGAAACTGGAAGGCAGAGGTTGCGGTGATTCTGAGATTGCACCACTGCTCTCCATCCTGAGCAAAAGAACAAAACTCTGTCTACAAAAAAAAAAAAAGAAAAA","GGCCGGGCGCAGTGGCTCACGCCTGTAATCCCAGCACTTTGGGAGAGCAAGGTGGGCGGATCACGAGGTCAGGAATTCAAGACCAGCCTGGCCAACGTGGTGAAACCCCATCTCTACTAAAAAATACAAAAATTAGCCTGGCGTGGTGGTGGGCACCTGTAATCCCAGCTACTCGGGAGGCTGAGGCAGGAGAATAGCTTGAAACCGGAAGACGGAGGTTGCGGTGAGCTGAGATTGCACCACTGCACTCCAACCTGGGCAACAAGAGCAAAACTCTGTCTCAAAAAAAAAAAAAAAAAAA"
"chr1","2639640","2639779","chr1","2612441","2612580","1","27199","GCCTGTAATCCCAGCTACTCTGGAGGCTGAGGCAGGAGAATTTCTTGAAACCGGAAGGCAGAGGTTGCAGTGAGCTGAGATCATGCCACTGCACTCCAGCCTGGGCAACAAAAGCAAAACTGTCTCAAAAAAAAAAAAAA","GCCTGTAATCCCAGCTACTCTGGAGGCAGAGGCAGGAGAATTTCTTGAAACCGGAAGGCAGAGGTTGCAGTGAGCTGAGATCATGCCACTGCACTCCAGCCTGGGCAACAAAAGCAAAACTGTCTCAAAAAAAAAAAAAA"
"chr1","4371393","4371689","chr1","4457123","4457420","3","85730","GGCCAGGTGTGGTGGCTCACACCTATAATCCCAGCACTTTGAGAGGCTGAGGTGGGCAGATCACAAGGAGTTCGAGACCAGCCTGGCCAACATGGTAAAATCCCATCTCTACTAAAAATACAAAAATTAGCTGGGCATGGTAGCAGGTGCCTGTAATCCCAGCTACTTGGGAGGCTGAGGCAGGAGAATCACTTGAAACCGGAAGGCAGAGGTTGCAGTGAGCCAAGATTTCGCCACTGCACTCCAGCCTGGGTGAAAGAGCAATACTCTGTCTACAAAAAAAAAAAAAAAAAAAAA","GGCCAGGTGTGGTGGCTCACACCTATAATCCCAGCACTTTGAGAGGCTGAGGTGGGCAGATCACAAGGAGTTCGAGACCAGCCTGGCCAACATGGTAAAATCCCATCTCTACTAAAAATACAAAAATTAGCTGGGCATGGTAGCAGGTGCCTGTAATCCCAGCTACTTGGGAGGCTGAGGCAGGAGAATCACTTGAAACCGGAAGGCAGAGGTTGCAGTGAGCCAAGATTTCGCCACTGCACTCCAGCCTGGGCGAAAGAGCAATACTCTGTCTCAAAAAAAAAAAAAAAAAAAAAAA"
"chr1","6473449","6473517","chrX","131167794","131167857","13","124694345","GAGGCAGGAAAAATCACTTGAAAACTGGGAGGTGGAGGTTGCAGTGAGCCGAGATCGTGCCACTGCACT","GAGACGGGAGAATCTCTTGAAACCTGGGAGCAGAGGTTGCTGTGAGCCGAGATCGTGCCACTGC"
"chr1","8876906","8877184","chr9","130199403","130199681","43","121322497","GGCTGGGCGAGGAGGCTCATGCCTGTAATCCCATCACTTTGGGAGGCCGAGGCAGGTGGATCACGAGGTCAGGAGTTTGAGACCAGCCTGGCCAACACGGTAAAACCCTGCCTCTACTAAAAATACAAAAAAATTGGCCGGGCATGGTAGTGGGTGTCTGTAATCCCAGCTACTCAGGAGGCTGAGGCAGGAGGATCGCTTGAATCCAGCAGGCAGAGGTTGCAGTGAGCCGAGATCGCACCAGTGCACTCCAGCCTGGGCAAAAAAAAATGAGACTCC","GGCCAGGCGTGGTGGCTCACGCCTGTAATCCCAGCACTTTGGGAGGCCGAGGTGGGTGGATCACGAAGTCAGGAGTTGGAGACCATCCTGGCCAACATGGTAAAACCCCGCCTCTACTAAAAATACAAAAATTAGCTGGGGGTGGTGGCATGCGCCTATAATCCCAGCTACTCAGGAGGCTGAGGCAGGAGAATCGCTTGAAACCAGAAGGCAGAGGTTGCAATGAGCCAAGATCGTGCCACTGCACTCCAGCCTGGGCAACAAGAGCGAAACTCCGTC"
"chr1","8987245","8987533","chr1","9021794","9022081","2","34549","GGCCAGGCACGGTGGCCTACTCCTGTAATCCCAGCACTTTGGGATGCCAAGGTGGGCAGATCACAAGGTCAGGAGTTCGAGACCAGCCTGGCCAACATGGTGAAACCTTGTCTCTACTAAAAATACAAAAATTAGCCAGGCACGGTGGCAGGTGCCTGTAATCCCAGCTACTCGGGAGGCTGAGGCAGGAGAATCGCTTGAAACCGGAAGGCGGAGGTTGCAGTGAGCTGAGATTGTGCCACTGCACTCCAGCATGGGCAAAAAGAGTGAAAGTCTGTCTCAAAAAAAA","GGCCAGGCACGGTGGCCTACTCCTGTAATCCCAGCACTTTGGGATGCCAAGGTGGGCAGATCACAAGGTCAGGAGTTCGAGACCAGCCTGGCCAACATGGTGAAACCTTGTCTCTACTAAAAATACAAAAATTAGCCAGGCACGGTGGCAGGTGCCTGTAATCCCAGCTACTCGGGAGGCTGAGGCAGGAGAATTGCTTGAAACCGGAAGGCGGAGGTTGCAGTGAGCTGAGATTGTGCCACTGCACTCCAGCATGGGCAAAAAGAGTGAAAGTCTGTCTCAAAAAAA"
"chr1","9750550","9750846","chr1","9866572","9866869","2","116022","GGCCGGGTGCGGTGGCTCACGCCTGTAATCCTAGCACTTTGGGAGGCCGAGGCAGGTGAATGATGGGGTCAGGAGTTTGATACCAGCCTGGCCAACATGGTGAAACCCGTCTCTACTAAAAATACAAAAATTAGCCAGGCGTGGTGGCAGGCACCTGTAATCCCAGCTACTCGGGAGGCTGAGGCAGGAAAATCGCTTGAAACCGGAAGGCGGAGGTTCCAATGAGCCAAGATCATGCCACTACACTCCAGCTTGGGTGAAACAGCGAAACTCCATCTCAAAAACAAAACACAAAAA","GGCCGGGTGCGGTGGCTCACGCCTGTAATCCTAGCACTTTGGGAGGCCGAGGCAGGTGAATGATGGGGTCAGGAGTTTGATACCAGCCTGGCCAACATGGTGAAACCCGTCTCTACTAAAAATACAAAAAATTAGCCAGGCGTGGTGGCAGGCACCTGTAATCCCAGCTACTCGGGAGGCTGAGGCAGGAAAATCGCTTGAAACCGGAAGGCGGAGGTTCCAATGAGCCAAGATCGTGCCACTACACTCCAGCTTGGGTGAAACAGCGAAACTCCATCTCAAAAACAAAACACAAAAA"
"chr1","10076380","10076678","chr1","10199750","10200053","5","123370","GGCCGGGCGCGGCAGCTCACACCTGTAATCCCAACACTTTGGGAGGCTGAGGCGGGAGGATCATGAGGTCAGGAGTTCGAGACCAGCCTGGCCAACGTGGTGAAACCCAGTCTATACTAAAAATACAAAAATTAGCCAGGCGTGGTGGCAGGCGCCTGTAATCCCAGCTAATCGGGAGGCTGAGGTAGGAGAATAGCTTGAAACCAGAAGGTGGAGGTTACAGAGAGTCGAGATCGTGCCATTGCACTCCAGCCTGGGTGACAAGAGCGAAACTCCATCTCAAAAAAAAAAAAAAAAAA","GGCCGGGCGCGGCAGCTCACACCTGTAATCCCAACACTTTGGGAGGCTGAGGCGGGAGGATCATGAGGTCAGGAGTTCGAGACCAGCCTGGCCAACGTGGTGAAACCCAGTCTATACTAAAAATACAAAAATTAGCCAGGCGTGGTGGCAGGCGCCTGTAATCCCAGCTAATCGGGAGGCTGAGGTAGGAGAATAGCTTGAAACCAGAAGGTGGAGGTTACAGAGAGTCGAGATCGTGCCATTGCACTCCAGCCTGGGTGACAAGAGCGAAACTCCATCTCAAAAAAAAAAAAAAAAAAAAAAA"
"chr1","10358890","10359011","chr11","94154778","94154888","29","83795888","GAGGCAGGAGAATCACTTGAAACTGGAAGGTGGAGGTTGCAGTGAGCCAAGATTGCGCCACTAGACTCTGGCCTGGGCAACGAGAGCAAAACTCCATCTCAAAAGTAAATAAATAAATAAAA","GAGGCAGGGAAACCGGAATGTAGAGGTTGCAGTGAGCCAAGCTTGCGCCACTGCACTCCAGCCTGGGGAAAAAAGCGAAACTCCATCTCAGGAAAAAAAAAAAAAAAAAAA"
"chr1","12198498","12198801","chr1","12373339","12373643","2","174841","GGCCAGGCGCGGTGGCTCATGCCTGTAATCCCAGTACTTTGGGAAGCTAAGTCAGGCGGATCACGAGGTCAGGAGTTTGAGACCAGCCTGGCCAACATGGTGAAACCTGTCTCTACTAAAAATACAAAAATTAGCTGGGTGTGGTGGCGGGTGCCTGTAATCCCACTACTCGGGAGGCTGAGGCAGGAGAATCGCTTGAAACCAGAAGGCGGAGGTTGCAGTGAGCCGAGGTCACACCACTGCACTCCAGCCTGGGCAACAAGAGTGAAACTCCATCGCAAAAAATAAAATTAAAAAAAAAAAA","GGCCAGGCGCGGTGGCTCATGCCTGTAATCCCAGTACTTTGGGAAGCTAAGGCAGGCGGATCACGAGGTCAGGAGTTTGAGACCAGCCTGGCCAACATGGTGAAACCTGTCTCTACTAAAAATACAAAAATTAGCTGGGTGTGGTGGCGGGTGCCTGTAATCCCACTACTCGGGAGGCTGAGGCAGGAGAATCGCTTGAAACCAGAAGGCGGAGGTTGCAGTGAGCCGAGGTCACACCACTGCACTCCAGCCTGGGCAACAAGAGTGAAACTCCATCGCAAAAAATAAAAATTAAAAAAAAAAAA"
"chr1","17418043","17418316","chr1","17318299","17318600","28","99744","GCCGGGCACGGTGGCTCACACCTGTAATCCCAGCACTTTGGGAGGCCGAGGCAGGTGGATCACGAGGTCAGGAGTTTGAGACCAGCCTGGCCAACATGGTGAAACCCCATCTCTACTAAAAATACAAAATTAGCCAGGAATGGTGGCAGGTGCCTCTAATCCCAGCTACTCAGGAGGCTGAGGCAGGAGAATAGCTTGAAACAGGAAGACAGAGGTTGCAGTGAGTTGAGATCTCAACACTGCATTCCAGCCTGGGTGAAAAAGTGAAACTCCG","GCCGGGCACGGTGGCTCACACCTGTAATCCCAGCACTTTGGGAGGCCGAGGCAGGTGGATCACGAGGTCAGGAGTTTGAGACCAGCCTGGCCAACATGGTGAAACCCCATCTCTACTAAAAATACAAAATTAGCCAGGAATGGTGGCAGGTGCCTCTAATCCCAGCTACTCAGGAGGCTGAGGCAGGAGAATAGCTTGAAACAGGAAGACAGAGGTTGCAGTGAGTTGAGATCTCAACACTGCATTCCAGCCTGGGTGAAAAAGTGAAACTCCGCCTCAAATAAAAAAAAAAAAAAAAAAGA"
"chr1","17455464","17455624","chr19","4456933","4457093","27","12998531","GGCCAGGCGCTGTGGCTCATGCCTGTAATCCCAGCACTTTGGGAGGCCAAGGTGGGCGGATCACAAGGTCAGGAGTTCGAGACCAGACTGACCAACATGCTGAATCCCTGTCTCTACTAAAAATACAATTAGCCGGGGGTGGTGGTGGGCACCTGTAATTC","GGCCAGGTGCAGTGGCTCATGCCTGTAATCCCAGCACTTTGGGAGGCTGATGTGGGCGAATCCTGAGGTCAGGAGTTCGAGACCAGCCTGGCCAACATGGTGAAACCCCTGTCTGTACTAAAAATACAAAAGATTAGCTGGGCGTAGTGGTGGGCACCTGT"
"chr1","19849407","19849710","chr1","19820717","19821026","9","28690","GCCGGGCACGGTGGGTCACACCTGTAATCCCAGCACTTTGGGAGGCCAAGGCTGGTGGATCACGAGATCAGCCGTTCGAGACCAGCCTGACCAACGTGATGAAACCCCGTCTCTACTAAAAATACAAAAAAATTAGCTGGGCGTGGTGGCAGGCACCTGTAATCCCAGCAACTTGGGAGGCTGAGGCAGGAGAATCGCTTGAAACCAGAAGGTGGAGTTTGCAGTGAGCCAAGATTGCACCACTGCACTCTAGCTGGGCAAGAGCAAAACTCCATCTCACCAAAAAAAAAAAAAAAAAAGGAAA","GCCGGGCGCGGTGGGTCACACCTGTAATCCCAGCACTTTGGGAGGCCAAGGCTGGTGGATCACGAGATCAGCCGTTCGAGACCAGCCTGACCAACGTGATGAAACCCCGTCTCTACTAAAAATACAAAAAAATTAGCTGGGCGTGGTGGCAGGCACCTGTAATCCCAGCAACTTGGGAGGCTGAGGCAGGAGAATCGCTTGAAACCAGAAGGTGGAGTTTGCAGTGAGCCAAGATTGCACCACTGCACTCTAGCTGGGCAAGAGCAAAACTCCATCTCACCAAAAAAAAAAAAAAAAAAAAAAAAAAAAA"
"chr1","21116884","21117182","chr6","102280242","102280539","37","81163358","GGCCGGGCGGGGTAGCTCATGCCCGTAATCCCAGAATTTTGGGAGGCCAAGGCGGGTGGATCACAAGGTCAGGTGTTCAAGACCAGCCTGGCCAACATGGTGAAACCCCATCTCTACTAAAAATACAAAAAAATTAGCCAGGCGTGGTGGCGGGTGCCTGTAATCCCAGCTACTCCAGAGGCTGAGGCAGGAGAATCACTTGAACCTGGGAGGCGGAGGTTGCGGTAAGCCTAGATTGCACCACTGCACTCCAGCCTGGGCAACAAGAGCAAAACTCTATCTCAAAAAAAAAAAAAAAA","GGCCGGGCGAGGTGGCTCATGCTTGTAATCCCAGCACTTTGGGAGGCCAAGGCGGGTGGATCATGAGGTCAGGAGTTCCAGACCAGCCTGGCCAACATGGTGAAACCCCATCTCTACTAAAACTACAAAAATTAGCCAGGCGTGGTGGAGGGCACCTGTAATCCCAATTACTTGGGAGGCTGAGGCAGGCGAATCACTTGAAATCAGGAGGCAGAGGTTGCAGTGAGCCGAGATTCCACCACTGCACTCCAGCCTGGGCGACAAGAGCAAAACTCCATCTCAAAACAAACAACAAGAA"
"chr1","21874560","21874860","chr3","158917814","158918103","65","137043254","GTCAGGCATGGTGGCTCACGCCTGTAATCCCAACACTTTTGGGAGGTCACGAGTTCAAGACCAGCCTGGCCAACATGGTGAAACCCTGTCTCTTCTAAACATACAAAATTAGCTGGGTGTGGTGGTGTGCACCTGTAATCCCAGCTACTCGGGAGGCTGAGGCAGGAGAGCCGCTTGAAACCAGGAGGCAGAGGTTGCAGTGAGGCGGAGATTGCAGGGAGCCGAGACTGCGTCACTGCACTCCAGCCTGAGCAAAAAGAGCAAAACTCCATCTCAAATAAATAAATAAATAAAATAAAAA","GGCTGGGCAGAGTGGCTCACACCTGTAATCCCAGAACTTTGGGATCACGAGGTCAGGAGTTCAAGACCAGTCTGGCCAACATGGTGAAACCCTGCCTCTACTAAAAATACAAAAATTAGCCAGGTGTGATGGTAGGTGCCTGTAATCCCAGCTACTCGGGAGGCTGAGGCAGGAGAATTGCTTGAAACTGGAAGGCGGAGGTTGTAGTGAGCCGAGATCATGCCACTGCACTCCAGCCTGGGGGAAAGAGCAAATCTCCGTCTCAAAAAAAAAAAAAAAAAGAAAAAAAA"
"chr1","23139054","23139347","chr1","9021794","9022081","49","14117260","GGCCAGGCACCATGGCTCACACCTGTAATCTCAGCATTTTGGGAGGCCCAGGCAGGCAGCCACCATGAGACCAGGAGTTCGAGACCAGCCCGGCCAACATGGTGAAACCTCATCTCTACTAAAAATACAAAAATTAGCCAGGTGTGGTGGCGGGCACCTGTAATGCCAGCTATTCAGGAGGCTGAGGCGGGAGAATCGCTTCAAACCGGAAGGCAGAGGTTGCAGGGAGCCAAGATTGCGCCACGCACTCCAGCCTGGATGACAAAGCAAGACTCCAACTCTGTCTCAAAAAAA","GGCCAGGCACGGTGGCCTACTCCTGTAATCCCAGCACTTTGGGATGCCAAGGTGGGCAGATCACAAGGTCAGGAGTTCGAGACCAGCCTGGCCAACATGGTGAAACCTTGTCTCTACTAAAAATACAAAAATTAGCCAGGCACGGTGGCAGGTGCCTGTAATCCCAGCTACTCGGGAGGCTGAGGCAGGAGAATTGCTTGAAACCGGAAGGCGGAGGTTGCAGTGAGCTGAGATTGTGCCACTGCACTCCAGCATGGGCAAAAAGAGTGAAAGTCTGTCTCAAAAAAA"
"chr1","24888140","24888261","chr4","4263057","4263177","19","20625083","CAGGAGGCTGAGGCAGGAGAATAGCTTGAAACCAGAAGGTGGAGGTTGCAATGTGCCAAGATTGCACCACTGCACTCCAGCCTAGGCAAAAGAGCGAAACTCCATCTTAAAAAAAAAGAGAA","GGGAGGCTGAGGCAGGAGAATCCCTTGAATCTGGAAGGTGGAGGTTGCAGTGGGCAGAGCTTGCACCATTGCACTCCAGCCTGGCCAACAAGAGCGAAACTCCATCTCAAAAAAAAAAAAA"
"chr1","25000003","25000197","chr15","61495271","61495458","34","36495268","TAAAAATACAAAAAATTAGCTGGGCGTGGTGACGGGCGCCTGTAATCCCAGCGACTTGGGAGGCTGAGGCAGGAAAATCGCTTGAAACCGGAAGGCAGAGGTTGCAGTGAGCGGAGATTGCGCCACTGTACTCTAGCCTGGACAATAAGAGCAAAACTCTGTCTCAAAAAAAAAAAAAAAGAGACATACAAAAAA","AAATACAAAAATTACCCAGGCGTGGTGCCGGGCGCCTGTAATCCCAGCTACTTAGGAGACTGAGGCAGGAGAATCACTTGAAACCAGAAGGCAGAGGTTGCAGTGAGCCGAGATCCCGCCATTGCATTCCAACCTGGGCAACAGAGCAAAAACTCCGTCTCAAAAACAAAAACAAACAAACAAAAAAA"
"chr1","25297096","25297285","chr17","7159736","7159920","26","18137360","GGCCGGGTGTGGTGGCTCACGCCTGTAATCCCAGCACTTTGGGAGGCCGAGGTGGGTGGATCACGAGGTCAGGAGTTCGAGACCAGCCTGGCCAACATAGTGAAACCCCGTCTCTACTAAAAATACAAAAATTAGGCCAGGAGCGGTGGCTGATGCCTGTAATCCCAGCACTTTGGGAGGCTGAGGTGGG","GGCCGGGTGCAGTGGCTCACGCCTGTAATCCCAGCACTTTGGGAGGCCGAGGTGGGCGGATCATGAAGTCAGGAGTTCGAGACCAGCCTGGCCAAAATGGTGAAACCCTGTCTGTACTAAACATACAAAAATTAGCCGGGCATGGTGGCGGGTGCCTGTAATCCCAGCTACTCAGGAGGCTGAAG"
"chr1","25330932","25331202","chr11","48198367","48198629","70","22867435","CTGGGCGAAGTGGCTCATGCCTGTAATCCCAACACTTTGAGAGGTCAAGGTGGGCAGATCATGAAGTCAGGAGTTCGAGGCCAGCCTGGTCAACACAGTGAAACCCCATCTCTACTAAAAATACAAAAAATTAGCCAGGCATGGTGATGGGTGCCTATAATCCCAGCTACTCGGGAAGCCGAGGCAGGAGAATCANNNNNNNNNNNNNNNNNNNNCCATTGCACTCCAGCCTGGGCAACAAGAGCAAAATTCCATCTCAAAAAAAGAAAAA","GGCCAGGCACGGTGGCTCACACCTGTAATCCCAGCACTTTGGGAGGCTAAGGCAGGCGGATCACGAGGTCAGGAGATGGAGACCATCCTGGCTAACACAGTGAAACCCTATGTCTACTAAAAATACAAAAATTAGCTGGGCATGGTGGCGGGCGCCTGTAATCCCAGCTACTTGGGAGGCAGAGGTTGCGGTGAGCCAAGATCGCACTATTGCACTCCAGCCTGGGCAATAAGAGCGAAACTCCGTCTCAAAAAAAAAAAAAA"
"chr1","25841735","25842033","chr6","152618192","152618486","28","126776457","GGCCGGGCGTGGTGGCTCACGCCTGTAATCCCAGCACTTTGAGAGGCCAAGGTGGGCAGATCACGAGGTCAGGAGTTCGAGACCAGCCTAGCCAACATGGTGAAACCCTGTCTCCACTAAAAATATAAAAATTAGCTGGGCATGGTGGTGGGTGCCTGTAATCCCAGATACTCGGGAGGCTGAGGCAGGAGAATCGCTTGAAACCAGGAGGCAGAGAGGTTGCAGTGAGCCAAGATCACGCCACTGCACTCCAGCCTGGGCAACAAGAGGAAGACTCTGTCTACAAAAAAAAAAAAAAA","GCTGGGCGTGGTGGCCCACGCCTGTAATCCCAGCACTTTGGGAGGCCGAGGTGGGTGGATCATGAGGTCAGGAGTTCGAGACCAGCCTGGCCAACATGGTAAAACCCTGTCTCTACTAAAAATACAAAAATTAGCCGGGCATGGTGGCGGGCGCCTGTAATCCCAGATGCTCAGGAGGCTGAGGCAGGACAATCGCTTGAAACCAGAAGGCAGAGGTTGCAGTGAGCCAAGATCACACCATTGCACTCCAGCCTGGGCAACAAGAGCAAAACTCCGTCTCAAAAAAAAAAAAGAA"
"chr1","27250278","27250471","chr3","164324522","164324716","29","137074244","GACCAAGCGTGGTGGCTCACACCTATAATCCCAACATTTTAGGAGGCCAAGATGGGCGGATCACAAGGTCAAGAGTTCGAGACCAGCCTGGCCAATGTTACTGAAACCCTGTCTCTACTAAAAATACAAAAATTAGCCAGGCGTGGTGGTGGGCACCTGTAGTCCCAGCTACTTGGGAGGCTGAGGCAGGAGAA","GGCCGGGCGAGGTGGCTCACACCTGTAATCCCAGCACTTTGGGAGGCCGAGGTGGGCGGATCGTGAGGTCAGAAGTTTGAGACCAGCCTGGCCAACATACTGAAACCCCGTCTCTACTAAAAATACAAAAATTAGCCCAGCATGGTTGTGGGCACCTGTAATTCCAGCTACTCGGGAGGCTGAGGCAGGAGAATC"
"chr1","27751607","27751903","chr16","49104494","49104787","33","21352887","GGCCAGGCGCGGTGGCTCACGCCTATAATCCCAGGACTTTGAGAGGCTGAGGTGGGCAGATCACAAGGTCAGGAGTTCGAGACCAGCCTGGCCAACATGGTGAAACGCCGTCTCTACTAAAAATACAAAAATTAGCCAGGTGTGGTGGTGGGTGCCTGTAATCCCAGCTACTCATGAGGCTGAGGCAGGAGAATCACTTGAACCCAGAAGGTGGAGGTTGCAGTGAGCTGAGATCACCCACCCTGCACTCCAGCCGGGGCAAAAGAGCAAAACTCCGTCTCTAAATAAATAAATAAA","GGCCAGGTGCGGTGGCTCACGCCTGTAATCCCAGCACTTTGGGAGGCCGAGGCGGGCAGATCATGAGGTCAGGAGTTCGAGACCAGCCTGGCCAACATGGTGAAACCTCGTCTCTACTAACAATACAAAAATTAGCCAGGCATGGTGGTGGATACCTGTAATCCCAGCTACTCAGGAGGCTGAGGCAGGAGAATCACTTGAAACCGGAAGGCAGAGGTTGCAGTGAGCTGAGATCGCACCACTGCACTTCAGCCTGGGCAACAAGAGCAAAACTCTGTCTAAAAAAAAAAAAAA"
"chr1","28247627","28247793","chr7","153741375","153741543","23","125493748","GGCTGGGGGCGGTGACTCACGCCTGTAATCCCAGCACTTGGGGAGGCCGAGGCAGGCGGATCATAAGGTCAGGAGTTCGAGACCGGCCAGGCCAATATGGTGAAACCCTGTCTCTACTAAAAATACAAAAATTAGCCAGGCGTGGTAGGGGGCACCAGTGAGCCAAG","GGCCGGGCGCAGTGGCTCACGCCTGTAATCCCAGCACTTTGGGAGGCCGAGGCAGGCAGATGATAAGGTCAGGAGTTCGAGACCAGTCTGGCCAGCATGGTGAAACCGCGTCTCTACTAAAAATACAAAAATTAGCCAGGCGTGGTGTTGGGCACCTGTAATCCCAGCT"
"chr1","28852208","28852311","chr12","93507818","93507914","26","64655610","GCCAGGCGTGGTGGCTCACGCCTGTAATCCCAGCACTTTGGGAGGCCAACGGTGGGGGAGTACGAATCGAGGTTCAGGACGTTACGTAGACCCAAAGCCTGGCC","GGTCGGGCGCAGTGGCTCACGCCTGTAATCCCAGCACTTTGGGAGACCGAGGCGGGCAGAGAGTGAGGTCAGGAGTTCAAGACCCACCCTGGACCAA"
"chr1","28962754","28963013","chr20","2791322","2791566","73","26171432","GCTGGGCATGGTGGCTCACACCTGTAATCTCAGCACTTTGTGAGGCCAAGGCAGCAGATCACATGAGGTAAGGAGTTTGAAACCAGCCTGACAACATGGCAAAACGCTGTCTCTACAAAATAAAAAAAAAAATTGGGCCAGGGACAGTGGCTCAGGCCTGTAATCCCAGCACCTTGGGAGGTCAAGGCAGGTGGATCACCTGAGGTCAGGAGTTTGAGACCAGCCTGGCCAACATGGCGAAACCTGGTCTCTACTAAAAA","GGGCGCGGCACTCACGACTGTAATCCCAGCACTTTGGGAGGCTGAGGAGGGCGATCATGAGGTCAGGAGATCCAACAGGTGAAACCCTGTCTCTACTAAAAATACAAAAATTAGCCAGGCGTGGTGGCATATGCCTGTAATCCCAGCACTTTGGGAGGCCGAGGCAGGCGGATCACTTGAGGCCAGAAGTTTGAGACCAGCTTGGCCAACAAGGTGAAACCCTGTCTCTACTAAAAATACAAAAA"
"chr1","29019295","29019599","chr11","111930602","111930899","34","82911307","GCCGGGCGTGGTGGCTCACGCCTGTAATCCCAGCACTTTGGGAGGCCGAGGCGGGTGGATCACGAGGTCAGGAGTTTGAGACCAGCCTGGCCAACATGGTGAAACCCCGTATCTACTAAAAATACAAAAAAAAAATTAAGCCGGGTGTGGTGGTGGGAGCCTGTAATCCCAGCTATTCAGGAGGCCAAGGCAGGAGAATCGCTTGAACCTGGGAAGGCAGAGAGGTTGCAGTGAGCCAAGATCGCACCACTGCACTCCAGCCTGGGCAACAAGAGCGAGACTCCATCTCAAAAAAAAAAAAAAAA","GGCTGGGCACGGTGGCTCACGCCTGTAATCCCAGCACTTTGGGAGGCCGAGGTGAGCAGATCACGAGGTCAGGAGTTTGAGACCAGCCTGGCCAACATGGTGAAACCCCGTTTCTACTAAAAATACAAAAAATTAGCCTGGCGTGGTGGTGGGTGCCTGTAATCCCAGCTACTCGGGAGGCTGAGGCAGGAGAATCGCTTGAAACCTGAAGGCGGAGGTTGCAGTGAGCTGAGATCGCACCATTGCACTCCAGCCTGGGCAACAAGACTGAAACTCTGTCTCAAAAAAAAAAAAAAAA"
"chr1","29259006","29259116","chr1","226740878","226740970","28","197481872","CTGGAGGGCGAGAGGTTGGTCAGTGAGCCGAGATAGTGCCACCTGCACTCCCAGCCTGGGCGAACAAAGAAGCAAAACCCTACGTCTCACAAAAAAAAAAAAAAAAAAAAA","GAAGGCAGAGGTTGCAGTGAGCCAAAATCATGCCATTGCACTCCAGCCTGGGCAACAAGAGCGAAACTCCATCTCAAAGAAAAAAAAAAAAAA"
"chr1","29909845","29910166","chr1","29678294","29678599","18","231551","GGCCAGGCGCGGTGGCTCACGCCTGTAATCCCAGCACTTTGGGAGGCCAAGGCGGGCAGATCATGAGGTCAGGAGTTTGAGACCAGCCTGGCTAACATGGTGAAACCTCGTCCCTACTAAAAATACAAAATTTAGCTGGGTGTGGTGGCAGGCGCCTGTAATCCCAACTGCTCGGGAGGCTGAGGCAGGAGAATCTCTTGAAACTGGAAGGGCGGAGGTTGCAGTGAGCCAAGATCATGCCACTGCATTCCAGCCCAGGCAACAAGAGCAAAACTCCATCTCTAAATAAATAAATAAATAAATAAATAAATAAATAAATAAA","GGCCAGGCGCGGTGGCTCACGCCTGTAATCCCAGCACTTTGGGAGGCCAAGGCGGGCAGATCATGAGGTCAGGAGTTTGAGACCAGCCTGGCCAACATGGTGAAACCTCGTCCCTACTAAAAATACAAAATTTAGCTGGGTGTGGTGGCAGGCGCCTGTAATCCCAACTGCTCAGGAGGCTGAGGCAGGAGAATCTCTTGAAACTGGAAGGGCGGAGGTTGCAGTGAGCCAAGATCATGCCACTGCATTCCAGCCCAGGCAACAAGAGCAAAACTCCATCTCTAAATAAATAAATAAATAAATAAA"
"chr1","32615793","32616095","chr1","32460019","32460320","4","155774","GGCTGGGCACGGTGGCTTATGCTTGTAATCCCAGCACTTTGGGAGGCCGAGGCGGGCGGATCACAGGGTCAGGAGTTCGAGACCAGCCTGGCCAACATGGTGAAACCCCGTCTCTGCTAAGAATGCGGAAATCAGCCAGGTGTGGTGGCGGGTACCTGTAATCCCAGCTACTCGGGAGGCTGAGGCAGGAGAATGGCTTGAAACTGGAGGGCGGCAGCGATTACAGTGAGCCAAGATCACTTCACTATACTCCAGCCTGGGCAACAAGAGCAAAACTCCGTCTCACAAAAAAAAACAGACAAA","GGCTGGGCACGGTGGCTTATGCCTGTAATCCCAGCACTTTGGGAGGCCGAGGCGGGCGGATCACAGGGTCAGGAGTTCGAGACCAGCCTGGCCAACATGGTGAAACCCCGTCTCTGCTAAGAATGCGGAAATCAGCCAGGTGTGGTGGCGGGTACCTGTAATCCCAGCTACTCGGGAGGCTGAGGCAGGAGAATGGCTTGAAACTGGAGGGCGGCGGAGATTACAGTGAGCCAAGATCACTTCACTATACTCCAGCCTGGGCAACAAGAGCAAAACTCCGTCTCAAAAAAAAAACAGACAAA"
"chr1","33061253","33061554","chr7","72551487","72551785","33","39490234","GGCTGGGCGCTGTGGCTCATGCCTATAATCCCAATACTTTGGGAGGCCAAGGCAGGCGGATCACAAGGTCAGGAGTTTGAAACCAGCCTGGCCAACATGGTGAAACCTCGTCTCTACTAAAAAATACAAAATTAGCCGGGCATGGTGGCGGGTGCCTATAATCCCAGCTACTCGGGAGGCTGAGGCAGGAGAATCGATTGAACCTGGAAGGCAGAAGTTGCAGTGAGCCGAGATCACACCGTTGCACTCCAGCCTGGGCAACAAGAGCGAAACTCCGTCTCACAAAAAAAAAGGAAAACAAA","GGCCTGGTGCTGTGGCTCACGCCTGTAATTCCAGCACTTTGGGAGGCCGAAGTAGGCAGATCACGAGGTCAGGAGTTCGAGACCAGCCTGGCCAACATGGTGAAACCCCGTCTCTACTAAAAATAAAAAATTAGCTGGGCATGGTGGCGGGTGCCTCTAATCCCAGCTACTCGGGAGGCTGAGGCAGGAGAATCGCTTGAAACTGGAAGGCGGAGGTTGCAGTGAGCCAAGATCACGCCATTGCACTCCAGCCTGGGCAACAAGAGTGAAACTCCGTCTCAGAAAAAAAAAAAAAAGAA"
"chr1","33174336","33174625","chr1","32898585","32898876","12","275751","CCGGGCGCGGTGGCTCACACCTGTAATCCCAGCACTTTGGGAGGCCGAGGCAGGCGGATCACAAGGTCAGGAGTTCGAGACCAGCCTGACCAACATGGTGAAACCCTGTCTCTACTAAAAATACAAAAGTTAGCCAGGCGTGGTGGCGGGCACCTGTAATTCCAGCTACTCAGGAGGCTGAGGCAGGAGAATCGCTTGAAACCGGAAGACGGAGGTTGCAGTGAGCCGAGATTGCACCACTGCACTCTAGCCTGGGCAAAAGAGTGAAAGTCCGTCTCGAGGACAAAAAA","GGCTGGGCACGGTGGCTCATGCCTGTCATCCCAGCACTTTGGGAGGCTGAGGCGGGTGGATCACAAGGTCAGGAGTTCAAGACCAGCCTGGCCAACATGGTGAAACCCTGTCTCTACTAAAAATACAAAAGTTAGCCAGGCGTGGTGGCGGGCACCTGTAATTCCAGCTACTCAGGAGGCTGAGGCAGGAGAATCGCTTGAAACCGGAAGACGGAGGTTGCAGTGAGCCGAGATTGCACCACTGCACTCTAGCCTGGGCAAAAGAGTGAAAGTCCGTCTCGAGGACAAAAAA"
"chr1","33207115","33207413","chr5","19750532","19750829","34","13456583","GGCCGGGCGCTGTGGCTCATGCCTGTAATCCCAGCACTTTGGAAGGCTGAGGCGGGCAGATCACAAGGTCAGCAGTTTAAGACCAGCCTGGCCAACATGGTGAAACCCTGTCTCTACTAAAAATACAAAAATTTGCTGGGCATGGTGGCAGGCGCCTATAATCCCAGCTACTCAGGAGGCTGAGGCAGGAGAATCACTTGAACCCAGGAGGTAGAGGTTGCGGTGAGCAGAGATCGCACCACTGCACTCCAGCCTGGGAAACAAGAGCGAAACTCTGTCTCAAAAAATAAAAATGAAAA","GGCCATGCTTAGTGGCTCATGCCTGTAATCCCAGCACTTTGGGAGGCTGAGGTGGGCAGATCACAAGGTCAGGAGTTTGAGACCAGCCTGGCCAACATGGTGAAACCCCATCTCTACTAAAAACACAAAAATTAGCTGGACATGGTGGCAGGCGCCTGTAATCCCAGCTACTCAGGAGGCTGAGGCAGGAGAATCACTTGAAACTGTTAGGGAGAGGTTGCAGTGAGCCGAAATCGCACCACTGCACTCCAGCCTGGGTGAAAAAGCGAAACTCCATCACAAAAAAAAAAAAAAAAAA"
"chr1","33324718","33325016","chr1","33033617","33033913","2","291101","GGTGCTGCAGCTCACACCTGTAATCCCAGCACTTTGGGAGGCCAGGGTGGGTGGATCATGAAGTCAGGAGTTCGAGACCAGCCTCGCCAAGATGGTGAAACCCCATCTCTACTAAAAATACAAAAATTAGCCGAGTATGGTGGCGGGCACCTGTAATCCCAGCTACTCGGGAGGCTGAGGCAGGAGAATTGCTTGAAACCGGAAGGCAGTTTGCAGTGAGCCAATATCGAGTCACTGCACTCCAGCCTGGGCAAAAGAGCGAAACTCCGTCTCCAAAAAAAAAATAAAGAAAAAAGAAA","GGTGCTGCAGCTCACACCTGTAATCCCAGCACTTTGGGAGGCCAGGGTGGGTGGATCATGAAGTCAGGAGTTCGAGACCAGCCTCGCCAAGATGGTGAAACCCCATCTCTACTAAAAATACAAAAATTAGCCGAGTATGGTGGCGGGCACCTGTAATCCCAGCTACTCGGGAGGCTGAGGCAGGAGAATTGCTTGAAACCGGAAGGCAGTTTGCAGTGAGCCAATATCGAGTCACTGCACTCCAGCCTGGGCAAAAGAGCGAAACTCCGTCTCAAAAAAAAATAAAGAAAAAAGAAA"
"chr1","35576277","35576432","chr1","35325683","35325839","2","250594","GCTGGGTGCATTGGCTCACACCTGTAATCCCAGCAGGAGAATCTCTTGAAACTGGAAGGTGGAGGTTGCAGTGAGCCGAGATTGTGCCACTGCACTCTAGCCTGGGCAATAAGAGCAAAACTTCGCCTCAAAAACGAAAAACAAAAAACAAAAAAA","GCTGGGTGCATTGGCTCACACCCGTAATCCCAGCAGGAGAATCTCTTGAAACTGGAAGGTGGAGGTTGCAGTGAGCCGAGATTGTGCCACTGCACTCTAGCCTGGGCAATAAGAGCAAAACTTCGCCTCAAAAACGAAAAACAAAAAACAAAAAAAA"
"chr1","35871262","35871543","chr11","48198367","48198629","68","12327105","GGCCGGCCACGGTGGCTCACACCTGTAATCCCAGCACATTGGGGAGACCGAGGCAGGCGGATCACGAGGTCAAGAGTTCGAGACCAGCCTGACCAACATGGTGAAACTCCATCTTAACTAAAAATACAAAAATTAGCCGGGCGTGGTGGCAGGCGTCCTGTAGTCCCAGCTACTCGAGGCTGAGGCAGGAGAATGGCGTNNNNNNNNNNNNNNNNNNNNCCACTGCACTCCAGCCTGGGAGACAGAGAGCGAGACTCTGTCTCAAAGAAAAAAACAAAAAAA","GGCCAGGCACGGTGGCTCACACCTGTAATCCCAGCACTTTGGGAGGCTAAGGCAGGCGGATCACGAGGTCAGGAGATGGAGACCATCCTGGCTAACACAGTGAAACCCTATGTCTACTAAAAATACAAAAATTAGCTGGGCATGGTGGCGGGCGCCTGTAATCCCAGCTACTTGGGAGGCAGAGGTTGCGGTGAGCCAAGATCGCACTATTGCACTCCAGCCTGGGCAATAAGAGCGAAACTCCGTCTCAAAAAAAAAAAAAA"
"chr1","36258061","36258369","chr1","36014417","36014725","3","243644","GGCCAGGTGCGGTGGCTCACGCCTGTAATCCCAGCACTTTGGGAGGCTGAGGCAGGTGGATCACGAGGTCAGGAGTTCTAGACCAGCCTGGCCAATGTGGTGAAACCCTGTCTCTACTAAAAATACAAAAATTAGCCAGGCCTGGTGGCAGGCTCCTGTAATCCCAGCTACTGGAGAGGCTGAGGCAGGAGAATCGCTTGGAACTGGAAGGCAGAGGTTGCAGTGAGCCAAGATCAAGCCACTGCACTCCACCCTGGGTGAAAGAGCGAAACTCTGTCTCTAAAAAAAAAAAAAAAAGAAAGAAAGAAA","GGCCAGGTGCGGTGGCTCACGCCTGTAATCCCAGCACTTTGGGAGGCTGAGGCAGGTGGATCACAAGGTCAGGAGTTCTAGACCAGCCTGGCCAATGTGGTGAAACCCTGTCTCTACTAAAAATACAAAAATTAGCCAGGCCTGGTGGCAGGCTCCTGTAATCCCAGCTACTGGAGAGGCTGAGGCAGGAGAATCGCTTGGAACTGGAAGGCAGAGGTTGCAGTGAGCCAAGATCAAGCCACTGCACTCCACCCTGGGTGAAAGAGCGAAACTCTGTCTCAAAAAAAAAAAAAGAAAGAAAGAAAGAAA"
"chr1","39592460","39592635","chr2B","155601921","155602093","28","116009461","GGCCGGGTACGGTGGCTCACGCCTGTAACCCCAACACTTTGGGAGGCCGAGGCAGGTGGATCACAAGTTCAGGAGTTGGAGACCAGCCTGGCCAATATGGTGAAACCCCAGCTCTACTAAAAAAAGTAGAAAAATTATCTGGGTATGGTGGCAGGCGCCTGTAATCCCAGCTACTC","GGCCGGGCGCAGTGGCTTACGCCTGTAATCCCAGCACTTTGGGAGGCTGAGGCAGGCGGATCAGAATCTCAGGAGTTTGAGACCAGCCTGGCCAACATGGTGAAACTCTGTATCTACTAAAAATACAAAAATTAGCCAGGCGTGGTGGCAGGCGCCTGTGATCCCAGCTACTC"
"chr1","40630189","40630479","chr1","40304691","40304984","3","325498","GGCCGGGCGTGGTGGCTCACGCCTGTAATCCCAGCACTTTGGGAGGCTGAGGTGGGCAGATCACAATTTCAGGAGTTTGAGACCAGCCTGGCCAACAGAGTAAAACCCCATCTTTACTAAAAATACAAAAATTAGCTGGGCATGGTGGCAGGCGCCTGTAATCCCAGCTACTCAGGAGGCCAAGGCAGGAGAATTGCTTGAAACTGAAAGGCAGAGGTTGCAGTGAGCTGAGATCATGCCACTGCACTCCAGCCTGGGCAAAAGAGTGAAACTCCGTCTCAAAAAAAAAAA","GGCCGGGCGTGGTGGCTCACGCCTGTAATCCCAGCACTTTGGGAGGCTGAGGTGGGCAGATCACAATTTCAGGAGTTTGAGACCAGCCTGGCCAACAGAGTAAAACCCCATCTTTACTAAAAATACAAAAATTAGCTGGGCATGGTGGCAGGCGCCTGTAATCCCAGCTACTCAGGAGGCCAAGGCAGGAGAATTGCTTGAAACTGAAAGGCAGAGGTTGCAGTGAGCTGAGATCATGCCACTGCACTCCAGCCTGGGCAAAAGAGTGAAACTCCGTCTCAAAAAAAAAAAAAA"
"chr1","40957008","40957170","chr1","40639893","40640055","0","317115","AATTAACCGGGTGTGGTGGCGGGCGCCTGTAATCCCAGCTACTCGGGAGGCTGAGGCAGAAGAATCGCTTGAAACCGGAAGGCAGAGGTTGCAGTGAGCAGAGATTGCGACACTGCACTCCAGCCTGGGCGAAAGAGCGAAACTACATCTCAAACAAACAAAA","AATTAACCGGGTGTGGTGGCGGGCGCCTGTAATCCCAGCTACTCGGGAGGCTGAGGCAGAAGAATCGCTTGAAACCGGAAGGCAGAGGTTGCAGTGAGCAGAGATTGCGACACTGCACTCCAGCCTGGGCGAAAGAGCGAAACTACATCTCAAACAAACAAAA"
"chr1","41816714","41816998","chr12","6329364","6329655","39","35487350","GGCTGGGCACGTTGGCTCATGCCTGTAATCCCAGCACTTTGAGAGGCCAAGGCAGGCAGATCACAAGGTCAGGAGTTTGAGACCAGCCTGGCCAACATGGTGAAACCCCGTCTCTACTAAAAATACGAAAATTAGCCGGGCGTGGTCATGGGCACCTGTAATCCCAGCTACTCGGGAGGCTAAGACAGGAGAATCACTTGAACCCAGGATCTTGCAGTGAGCCAAGATCGCACCACTGCACTCCAGCCTGGCCAACAAGAGTGACTCTGTCTCAAAAATAAAAAA","GGCCGGGCGCGGTGGATCACGCCTGTAATCCCAGCACTTTGGGAGGCCAAGGCAGGCAGATCACGAGGCCAGGAGTTCAAGACCAACCTGGCCAACATGATGAAACCCTGTCTCTACTAAAAATACAAAAATTAGCCGGGCGTGATGGTGGGCACCTGTAATCCCAGCTACTCAGGAGGCTGAGGCAGGAGAATCGCTTGAAACCGGAAGGCAGAGGTTGCAGTGAGCCGAGATTGCGCCACTGCACTCCAGCCTGGTCAATAAGAGTGAAACTGTCTCAAAAACAAACAAA"
"chr1","43208617","43208889","chr1","42846414","42846710","25","362203","GCGGTGGCTCACGCCTGTAATCCCAGTACTTTGGGAAGCCAAGGTGGGCGGATCATAAGGTCAGGAGTTCGAGACCAACCTGGCCAACATGGTGAAAATACAAAAATACTAAAAATACAAAAATTAGCTGGGCGTGGTGGCGGGCGCCTGTAATCCTAGCTACTTGGGGGGCTGAGGCAGGAGAATAGCTTGAAACCAGAAGACAGAGGTTGCAGTGAGCTGAGATCATGCCACTGCACTCCAGTCTGGGTGAAAGAGCAAAACTCCATCTCA","GCGGTGGCTCACGCCTGTAATCCCAGTACTTTGGGAAGCCAAGGTGGGCAGATCATAAGGTCAGGAGTTCGAGACCAACCTGGCCAACATGGTGAAAATACAAAAATACTAAAAATACAAAAATTAGCTGGGCGTGGTGGCGGGCGCCTGTAATCCTAGCTACTTGGGGGGCTGAGGCAGGAGAATAGCTTGAAACCAGAAGACAGAGGTTGCAGTGAGCTGAGATCATGCCACTGCACTCCAGTCTGGGTGAAAGAGCAAAACTCCATCTCAAAATAAATAAATAAATAAATAAAT"
"chr1","43222225","43222415","chr17","7159736","7159920","29","36062489","GGCCAGTCATGGTGGCTCACACCTGTAATCCCAGCACTTTGGGAGGCTGAGGTGGGCAGATCATGAGGTCAGGAGTTCAAGACCAGCCTGGCCAACATAGTGAAATCCCGTCTCTACTAAAAATACAAAAATTAGCTGGGCGTGGTGGCAGGTGCCTGTAGTCCCAGCTACTCGGAAGGAATAAGGCAAGA","GGCCGGGTGCAGTGGCTCACGCCTGTAATCCCAGCACTTTGGGAGGCCGAGGTGGGCGGATCATGAAGTCAGGAGTTCGAGACCAGCCTGGCCAAAATGGTGAAACCCTGTCTGTACTAAACATACAAAAATTAGCCGGGCATGGTGGCGGGTGCCTGTAATCCCAGCTACTCAGGAGGCTGAAG"
"chr1","46030623","46030927","chr1","105437929","105438243","42","59407306","GGCTGAGTGCAGTGGCTCACGCCTGTAATCTCAGCACTTTGGGAGGCCAAGGCAGGTGGATCACGAGGTCAAGAGTTCAAGACCAGCCTGGCCAACATTGTGAAACCCCGTCTCTACTAAAAACACAACAAAATTAGCTGGGCATGGTGGCGGGCACCTGTAATCCCAGGAGGCTGAGGCAGGAGAATCACTTGAAACCAGAAGGTGGAGGTTGCAGTTAGCCAAGATTGCACCACTGCACTCCAGCCTGGGCAACAAAAGTGAAACTCCATCTCTAAATAAATAAATAAATAAAAGGAAAGAAA","GGCCGGGCGCAGTGGCTCACCCCTGTAATCTCAGCACTTTGCGAGGCCAAGGCAGGTGGATCATGAGGTCAGGGGTTCGAGACCAGCCTGGCCAATATCGTGAAACCCCATCTCTACTAAAAAAATACAAAAAATTAGCAGAGCATGGTGTGGCAGGCACCTGTAATCCCAGCTACTCAGGAGGCTGAGGCAGGAGAATCACTTGAAACCAGAAGGTGGAGGTTGCAGTGAGCCGAGATCGTGCCATTGCACTCCAGCCTGGCAACAAGAGCGAAACTCCATCTCAAAATAAATAAATAAATAAAGAAAAGAAAA"
"chr1","46898183","46898382","chr3","164324522","164324716","31","117426339","GGCCTGGCACAGAGGCTCACACCTGTAATCCCAGCACTTTGGGAGGCTGAGGCGGGTGGATCACGAGGTCAGGAGTTCGAGACTAGCCTGGCCAACATGGTGAAGCCCTGTCTCTACTAAAAATACAAAAATCAGCTAGATATGGTGGTGGGCACCTGTAATCCCAGCTACTTGGGAGGCTGAGGCAGGAGAATTGTTTG","GGCCGGGCGAGGTGGCTCACACCTGTAATCCCAGCACTTTGGGAGGCCGAGGTGGGCGGATCGTGAGGTCAGAAGTTTGAGACCAGCCTGGCCAACATACTGAAACCCCGTCTCTACTAAAAATACAAAAATTAGCCCAGCATGGTTGTGGGCACCTGTAATTCCAGCTACTCGGGAGGCTGAGGCAGGAGAATC"
"chr1","48033963","48034251","chr1","47586923","47587211","0","447040","GGCCAGGTACGGTGGCTCACACCTGTAATCCCAGCACTTTGGGAGGCTAAGTCAGGCAGATCACGAGGTCAGGAGTTCAAGACCAGCCTGGCTAACATGGTGAAACCCCGACTCTAATAAAAATACAAAAATTAGCTGAGTGTGGTGGCGGGCACCTGAAGCTACTTGGGAGGCTGGGGCAGGAGAACTGCTTGAAACTGGAAGGCAGAGGTTGCAGTGAGCTGACATCGCACCACTGCACTCCAGCCGGGGGAAAAGAGCAAAACTCTGTCTCAAATAAATAAATAAA","GGCCAGGTACGGTGGCTCACACCTGTAATCCCAGCACTTTGGGAGGCTAAGTCAGGCAGATCACGAGGTCAGGAGTTCAAGACCAGCCTGGCTAACATGGTGAAACCCCGACTCTAATAAAAATACAAAAATTAGCTGAGTGTGGTGGCGGGCACCTGAAGCTACTTGGGAGGCTGGGGCAGGAGAACTGCTTGAAACTGGAAGGCAGAGGTTGCAGTGAGCTGACATCGCACCACTGCACTCCAGCCGGGGGAAAAGAGCAAAACTCTGTCTCAAATAAATAAATAAA"
"chr1","48157715","48158015","chr12","96548084","96548383","36","48390369","GCCAGGCGCTGTGGCTCACTCCTGTAATCCCAGCACTTTGGGAGGCCGAGGCTGGCGGATCACGAGGTCAGGAGTTCGAGACCAGCCTGGCTAACATGGAGAAACGTTGTCTTTACTAAAAATACAAAAATTAGCCTGGCGTGGTGGCGGGCGCCTGTAATCCCAGCTACTCCGAAGGCTGAGGCAGGAGAATCGCTTGAAACCGGAAGGCGGAGGTTGTGGTGAGCCCAAATCGCGCCACTGCACACTAGCCTGGGCGAAAGAGTGAACTCCATACTAAAAACAAAAAAAAAAAAAAAAA","GCCGGGCGCGGTGGCTCACGCCTGTAATCCCAGCATTTTGGGAGGCCGAGGCGGGTGAATCACGAGGTCAGGAGTTCGAGACCAGCCTGGCCAACATGGTGAAACCCCGTCTGTACTGAAAACACAAAAATTAGCTGGGCGTGGTGGCGGGCGCCTGTAATCCCAGCTACTCGGGAGGCTGAGTCAGGAGAATCGCTTGGAACCGGAAGGTGGAGGTTACAGCAAGCCAAGATCGTGCCACTGCACTCTAGCCTGGGCGAAAGAATGAAACTCCATCTCAAAAAAAAAAAAAAAAAAAAA"
"chr1","48834333","48834620","chr1","48402575","48402864","2","431758","GGCCAGGCGCGGTGGCTCACGCCTCTAATCCCAGCACTTTGGGAGGCCAAGGCAGGGGGATCACGATGTCAGGAGTTCGAGACCAGCCTGGCCAACATGGTGAAACCCTGTCTCTACTAAAAATACAAAAATTAGCCGGGTGTGGTGGCGGGTGCCTGTAATCCCAGCTACTTGGGAGGCTGAGGCAGAAGAATCGCCTGAAACTGGAAGGTGGAGGTTGCAGTGAACCGAGATCGCACTGCACTCCAGCCTGGGTCACAAGAGTGAAATTCCATCTTAAAAAAAAAA","GGCCAGGCGCGGTGGCTCACGCCTCTAATCCCAGCACTTTGGGAGGCCAAGGCAGGGGGATCACGATGTCAGGAGTTCGAGACCAGCCTGGCCAACATGGTGAAACCCTGTCTCTACTAAAAATACAAAAATTAGCCGGGTGTGGTGGCGGGTGCCTGTAATCCCAGCTACTTGGGAGGCTGAGGCAGAAGAATCGCCTGAAACTGGAAGGTGGAGGTTGCAGTGAACCGAGATCGCACTGCACTCCAGCCTGGGTCACAAGAGTGAAATTCCATCTTAAAAAAAAAAAA"
"chr1","53569222","53569437","chr1","53127739","53127954","0","441483","CGGATCATGAGGTCAGGAGTTCGAGACCAGCCTGGCCGATATGGTGAAACCCCATCTCTACTAAAAATACAAAAATTAGGCGGGCATTGTGGTGGGCGCCTGTAATCCCAGCTACTCGGGAGGCTGAGGCAGGAGAATTGCTTGAAACTGTAAGGCGGAGGTTGCAGTGAGCCAAAATCGTGCCACTGCACTCTAGCCTGGATGAAAGAGCAAAAC","CGGATCATGAGGTCAGGAGTTCGAGACCAGCCTGGCCGATATGGTGAAACCCCATCTCTACTAAAAATACAAAAATTAGGCGGGCATTGTGGTGGGCGCCTGTAATCCCAGCTACTCGGGAGGCTGAGGCAGGAGAATTGCTTGAAACTGTAAGGCGGAGGTTGCAGTGAGCCAAAATCGTGCCACTGCACTCTAGCCTGGATGAAAGAGCAAAAC"
"chr1","53588389","53588685","chr1","53148107","53148405","3","440282","GCTGGGCACGGTGGCTCATGCCTGTAATCCCAGCACTTTGGGAGGCTGAGGTGGGCACATCATGAGGTCAGGAGTTCGAGACCACCCTGGCCAACATGGCAAAACCCCGTCTCTACTAAAAATACAAAAATTAGCCGGGCATGGTGGTAATCCCAGCTACTCCAGAGGCTGAGGCAGGAGAATCCCTTGAAACCGGGAGGCGGAGGTTGCAGTGAGCCAAGATTGCGCCTGTACTCCAGCCTGGGCAAAAGAGGGAAACTCCGTCTCAATAAATAAATAAATAAGTACAAAACAAAA","GCTGGGCACGGTGGCTCATGCCTGTAATCCCAGCACTTTGGGAGGTTGAGGTGGGCACATCATGAGGTCAGGAGTTCGAGACCACCCTGGCCAACATGGCAAAACCCCGTCTCTACTAAAAATACAAAAATTAGCCGGGCATGGTGGTAATCCCAGCTACTCCAGAGGCTGAGGCAGGAGAATCCCTTGAAACCGGGAGGCGGAGGTTGCAGTGAGCCAAGATTGCGCCGCTGTACTCCAGCCTGGGCAAAAGAGGGAAACTCCGTCTCAATAAATAAATAAATAAGTACAAAACAAAA"
"chr1","54809457","54809745","chr1","54402574","54402862","5","406883","GCCGGGCACGGTGGCTCACACCTGTAATCCCAGCACTTTGGGAGGCTGAGGTGGGTGGATCACAAGGTCAGAAGTTTGAGACCAGCCAGGCCAACATGGTGAAACCCCGTCTCTACTAAAAATACAAAAATTAGCCGGGCGTGGTGGCTGTTGCCTGTAATCCCAGCTACTCAGGAGGCTGAGGCAGGAGAATTGCTTGAAACCGAAAGGCAGAGGTTGCAGTGAGCCAAGATCGCACCATTGCACTCCAGCCTGGGCAACAAGAGTTGAGACTCCATCTCAAAAAAAA","GCCGGGCGCGGTGGCTCACACCTGTAATCCCAGCACTTTGGGAGGCTGAGGTGGGTGGATCACAGGGTCAGGAGTTTGAGACCAGCCAGGCCAACATGGTGAAACCCCGTCTCTACTAAAAATACAAAAATTAGCCGGGCGTGGTGGCTGTTGCCTGTAATCCCAGCTACTCAGGAGGCTGAGGCAGGAGAATTGCTTGAAACCGAAAGGCAGAGGTTGCAGTGAGCCAAGATCGCACCATTGCACTCCAGCCTGGGCAACAAGAGTGAGACTCCATCTCAAAAAAAAA"
"chr1","54917573","54917875","chr19","7755139","7755434","52","47162434","GCCGGGCGCGGTGGCTCACTCCTGTAATTCCCAGCATTGGAGCTGCGAGGGCGACACCAACGGGGTATAAGGGCAGGNGTTCAAGACCAGCCTGGCCAAACTATGGTGAAACCCTGTCTCTACTAAAAAATCAAATATTTAGCCAGGCGTGGTGGCGGGCGCCTGTAATCCCAGCTACTCAGGAGGCTGAGGCAGGAGAAGCGCCTGAACCCGGGAGACAGAGGTTGCAGTGAGCCCGCGCCACCGCACTCCAGCCTGGGCGACAAGAGGGAAACTCTGCATCAAAAAAAAAAAAGAAAGAAA","GGCCGGGCGCGGTGGCTCACGCCTGTAATCCCAGCACTTTGGGAGGCCGAGGCGGGCGGATCACGAGGTCAGGAGTTCAAGACCAGTCTAGCCAACATGGTGAAACCCTGTATCTACTAAAAATACAAAAATTAGCCGGGCGTGGTGGTGGGCGCCTGTAATCCCAGCTACTCGGGAGGCTGAGGCAGGAGAATCGCTTGAAACCGGAAGGCAGAGGTTGCAGTGAGCCATCATGCCACTGCACTCCAGCCTGGGCAACAAGAGTGAAACCCTGTCTCAAAAAAAAAAAAAAAAAA"
"chr1","56079329","56079634","chr1","55701159","55701464","3","378170","GCTGGGCACGGTGGTTCACGGCTGTAATCCCAGCACTCTGGGAGGCCGAGGCAGGCGGATCACGAGGTCAGGAGTTCGAGACCAGCCTGGCCAACATGGTGAAACCCCATTTCTACTAAAAAATACAAAAATTAGCAGAGCGTGGTGGCAGGCGCCTGTAATCCCAGCTACTTGGGAGGCTGAGGCAGAAGAATCGCTTGAAACTGGAAGGCGGACATTGCAGTGAGCCAAGATCACACCACTGCACTCCAGCCTGGGCGAAAGAGCAAAACTCCATCTTAAAAACAAAAACAAAAAACAAAAAAA","GCTGGGCACGGTGGTTCACGGCTGTAATCCCAGCACTCTGGGAGGCCGAGGCAGGCGGATCACGAGGTCAGGAGTTCGAGACCAGCCTGGCCAACATGGTGAAACCCCATTTCTACTAAAAATACAAAAATTAGCAGAGCGTGGTGGCAGGCGCCTGTAATCCCAGCTACTTGGGAGGCTGAGGCAGAAGAATCACTTGAAACTGGAAGGCGGACATTGCAGTGAGCCAAGATCACACCACTGCACTCCAGCCTGGGCGAAAGAGCAAAACTCCATCTTAAAAACAAAAAACAAAAAACAAAAAAA"
"chr1","60476646","60476966","chr3","192736621","192736929","53","132259975","GGCCGGGCGTGGTTGCTCATGCCTGTAATCCCCAGCACTTTGGGAGGCCGAGGCAGGCAGATCACAAAGTCAGGAGTTTGAGACCAGCCTGGCCAACATGATGAAACCCCGTCTCTACTAAAAATCAAAAAAAAAAAAATAAAATTAAGCCAAGCATGGTTGCAGTTGCCTGTAATCCCAGCTGCTTGGGAGGCTGAGGCAGGAGAATCGCTTGAACCCAGGAAGGCAGAGGTTGCAGTAAGCCAAGATTGCACCACTGCACTCCATCCTGGGCAACAAGAATGAGACTCCGTCTCAAAAAAATAAATAAATAAAAAAGAA","GGCCGGGAGAGGTGGCTCATGCCTGTAATCCCAGCACTTTGGGAGGCTGAGGCAGGCAGATCACGAGGTCAGGAGTTTGAGACCAGCCTGGCCAGCATGGTGAAACTCCAACTCTACTAAAAAAAAAAATACAAAAATTAGCCTGGTGTGGTGACAGGTGCCTGTAATCCCAGCTCCTCGGGAGGCTGAGGCAGGAGAATCACTTAAAACTGGAAGGTGGAGGTTGCGGTGAGCCGAGATTGCACCGCTGCACTCCAGCCTGGGCAACAAGAGCAAAACTCCATCTCAAAAAAAAAAGAAGAAGAAGAA"
"chr1","61180334","61180634","chr1","60768869","60769159","19","411465","GGCCACGCGTGGTGGCTCATGCCTGTAATCCTAGCACTTTGGGAGGCTGAGGCGGGTGGATCATGAGGTCAGGAGCTTGAGACAAGCCTGGCCAACATGGTGAAACCCCGTCTCTACTAAAAATACACACACAAAAAAAATTATCCGGGCATGGTGGCGGGCACCTGTAATCCCAACTACTCGGGAGGCTGAGGCAGGAGAATCACTTGAAACCGGAAGACAGAGGTTGTAGTGGGCCAACACTGTGCCACTGCACTCCAGCCTGGGCAAGAAGAGCAAAACTCCATCTAAAAAAAAAAAA","GGCTCATGCCTGTAATCCTAGCACTTTGGGAGGCCGAGGCGGGTGGATCATGAGGTCAGGAGCTTGAGACAAGCCTGGCCAACATGGTGAAACCCCGTCTCTACTAAAAATACACACACAAAAAAAATTATCCGGGCATGGTGGTGGGCACCTGTAATCCCAACTACTCGGGAGGCTGAGGCAGGAGAATCACTTGAAACCGGAAGACAGAGGTTGTAGTGGGCCAAGACTGTGCCACTGCACTCCAGCCTGGGCAAGAAGAGCAAAACTCCATCTAAAAAAAAAAAAAAA"
"chr1","61947066","61947364","chr1","61419898","61420188","10","527168","GGCCGGGCGCGATGGCTCACGCCTGTAATCCCAGCACTTGGGGAGGCCGAGGCGGGCGGATCACGAGGTCAGGAGTTACAGACCAGCCTGAGCAACATGGTGAAACCCCGTCTCTACTAAAAACACAAAAATTAGCCCAGCGTGGTGGCGGGCGCCTGTAATCCCAGCTACTCGGAAGGCTGAGGCAGGAGAATCGCTTGAAACTAGAAGGCGGAGGTTGCAGTGAGCTGAGATAGTGCCACTGCACCCCAGCCTGGGAGAAAGAGCGAAACTCCATCTCAAAAAGAAAAAAAGAAAAA","GGCCGGGCGCGATGGCTCACGCCTGTAATCCCAGCACTTGGGGAGGCCGAGGCGGGCGGATCACGAGGTCAGGAGTTACAGACCAGCCCGAGCAACATGGTGAAACCCCGTCTCTACTAAAAACACAAAAATTAGCCCAGCGTGGTGGCGGGCGCCTGTAATCCCAGCCACTCGGAAGGCTGAGGCAGGAGAATCGCTTGAAACTAGAAGGCGGAGGTTGCAGTGAGCTGAGATAGTGCCACTGCACCCCAGCCTGGGAGAAAGAGCGAAACTCCATCTCAAAAAGAAAAA"
"chr1","62399575","62399769","chr4","40720908","40721122","46","21678667","GGCCGGGCACTGTGGCTCACACCTGTAATCCCAGCACTTTGGGTAGATCACAAGGTCAGGAGTTCAAGACCAGCTTGGCCAACATAGTAAAACCCGTCTCTACTGAAAATATAAAAACTAGTTGGGCATGGTGGCGAGCGCCTGTAATCCCAGCTACTCAGGAGCCTGAGGCAGGAGAATCCTGAGACCCGGAAG","GGCTGGGCACGGTGGCTCACGCCTGTAATCCCAGCACTTTGGGAGGCCAAGACGGGCAGATCACAAGGTCAGGAGTTTGAGACCAGCCTGGCCAACATGGTGAAACCCTGTCTCTACTAAAAATACAAACAAAAATTAGCCAGGAGTGGTGGCAGGTGCCTGTAATCCCAGCTACTCTGGAGGCTGAGGCAGGAGAATCGCTTGAAACCAGAAGG"
"chr1","62780299","62780471","chr2B","155601921","155602093","20","92821622","GGCCTGGCGCGGTGGTTCACCCCTCTAATACCAGCACTTTTGGAGGCTGAGGTGGGCGGATCACGAGGTCAGGAGTTAGAGACCAGCCTGGCCAACATGGTGAAACCCCGTCTCTACTAAAAATACAAAAATTAGCTAGGCGTGGTGGCAGGCGCCTGTAATCCCAGCTACTC","GGCCGGGCGCAGTGGCTTACGCCTGTAATCCCAGCACTTTGGGAGGCTGAGGCAGGCGGATCAGAATCTCAGGAGTTTGAGACCAGCCTGGCCAACATGGTGAAACTCTGTATCTACTAAAAATACAAAAATTAGCCAGGCGTGGTGGCAGGCGCCTGTGATCCCAGCTACTC"
"chr1","68489579","68489858","chr1","68068104","68068408","27","421475","GACCAGGTGCAGTGGCTCACGCCTGTAATCCCAGTACTTTGGGAGGCAGAGGCAGGTGGATCATAAGGTCAGGAGTTCGAGACCAGCCTAGCCAACATGGTGAAACCCAGTCTCTATGAAAAATACAAAAATTCGCCAGCCGTGGTGGTGGACGCCTGTAATCCCAGCTACTCCGGAGACTGAGGCAGGAGAATCGCTTGAAACCAGAAGGCGGAGGTTGCAGTGAACCGAGATCGCACCACTGCACTCCAGCCTGGGTGAAAATGCGAAACTCCGTCTC","GGCCAGGTGCAGTGGCTCACGCCTGTAATCCCAGTACTTTGGGAGGCAGAGGCAGGTGGATCATAAGGTCAGGAGTTCGAGACCAGCCTAGACAACATGGTGAAACCCAGTCTCTATGAAAAATACAAAAATTCGCCAGCCGTGGTGGTGGACGCCTGTAATCCCAGCTACTCCGGAGACTGAGGCAGGAGAATCGCTTGAAACCAGAAGGCGGAGGTTGCAGTGAACCGAGATCGCACCACTGCACTCCAGCCTGGGTGAAAATGCGAAACTCCGTCTCGAAATAAATAAATAAATAAATAAAT"
"chr1","68910335","68910636","chr1","68338914","68339216","1","571421","GGCCAGGCACGGTGGCTCACGCCTGTAATCCCAACACTTTGAGAGGGTGAGGCGGGTGGATCACGAGGTCAGGAGTTCAAGACCAGCCTGGCCAACATGGTGAAACCCCGTCTCTACTAAAAATACAAAAATTAGCCAGGTGTGGTGGCGGGTGCCTGTAATCCCAGCTACTCGGGAGGCTAAGGCAGGAGAACCGCTTGAAATAGGTGGAGGCTGCAGTGAGCCGAGATCGCGCCACTGCACTCCAGCCTGGGCGACAAGAGTGAAACTCCATCTCAAAAACAAACAAACAAACAAAAAAA","GGCCAGGCACGGTGGCTCACGCCTGTAATCCCAACACTTTGAGAGGGTGAGGCGGGTGGATCACGAGGTCAGGAGTTCAAGACCAGCCTGGCCAACATGGTGAAACCCCGTCTCTACTAAAAATACAAAAATTAGCCAGGTGTGGTGGCGGGTGCCTGTAATCCCAGCTACTCGGGAGGCTAAGGCAGGAGAACCGCTTGAAATAGGTGGAGGCTGCAGTGAGCCGAGATCGCGCCACTGCACTCCAGCCTGGGCGACAAGAGTGAAACTCCATCTCAAAAACAAACAAACAAACAAAAAAAA"
"chr1","70200240","70200511","chr1","146195212","146195486","50","75994972","CCTGTAATCCCAGCACTTTGTGGGGTCGAGGTGGGTGGATCATGAGGTCATGAGTTCAAGACCAGCCTGGCCAACATGGTGAAACTCCATCTCCTCTAAAACTATACAAATTAGCGGGACATGGTGGTGGGCGCTTGTAGTCCCAGCTACTCGGGAGGCTGAGGCAGGAGAAATGCTTGAACCTGGAGGCAAAGGTTGCAGTGAGCTGAGATTGTGCTACTGCATTCCAGCTTGGGCAACAACAGTGAAACTCTGTCTCAAAAGACAAAAAA","TGTAATCCCAGCACTTTGGGAGGCTGAGGTGGGTGGATCACGAGGTCAGGAGTTCGAGACCAGCCTGGCCAACATGGTGAAACCCCATCTCTACTAAAAATACAAAAATTAGCTGGGCATGGTGGCGGGCGCCTGTAATCCCAGCTACTTGGGAGGCTGAGGCAGGAGAATCGCTTGAAACCAGAAGGCAGAGGTTGTGGTGAGCCAATATCGCACCACTGCACTCCAGCCTGGGCAAAAGAGCGAAACTCCATCTCAAAAAAAAAAAAAAAAAA"
"chr1","78654575","78654875","chr1","78023034","78023339","8","631541","GGCCGGGCATGGTGGCTCACACCTTTAATTCCAGCACTTTGGGAGGCCAAGGTGGGCGGATGACAAGGTCAGGAATTCGAGACCAGCCTGCCCAACATGGTGAAACCCAGTCTCTACTAAAAATACAAAAATTAGCCGGGCATGGTGGTAGGCACCTGTAATCCCAGCTACTTCGGAGGCTGAGGCAGGAGAATTGCTTGAAACCAGAAGGCAGAGGTTGCAGTGAGCCGAGATTGCGCCACTGCACTCCAGCCTGGGCAACAAGAGCGAAACTCCATCTCAAGAAGAAAAAAAAAAAGAA","GGCCGGGCATGGTGGCTCACACCTTTAATTCCAGCACTTTGGGAGGCCAAGGTGGGCGGATCACAAGGTCAGGAATTCGAGACCAGCCTGCCCAACATGGTGAAACCCAGTCTCTACTAAAAATACAAAAATTAGCCGGGCATGGTGGTAGGCACCTGTAATCCCAGCTACTTCGGAGGCTGAGGCAGGAGAATTGCTTGAAACCGGAAGGCAGAGGTTGCAGTGAGCCGAGATTGCGCCACTGCACTCCAGCCTGGGCAACAAGAGCGAAACTCCATCTCAAGAAAAAAAAAAAAAAAAAAAGAA"
"chr1","78794910","78795208","chr17","45366522","45366820","31","33428388","GGCTGAGCACGGTGACTCATGCCTGTAATCCCAGCACTTTGGGAGGCCTAGGCCGGTGGATCACGAGGTCAGGAGTTCGAGACCAGCCTGGCCAACATGGTGAAACCCCGTCTCTACTAAAAACACAATAATTAGCCGGGCGCCATGGCAGGCGCCTGTAATCCCACCTACTCGGGAGGCTGAGGCAGGAGAATCACTTGAAAACAGAAGGCGGAGGTTGCAGTGAGCCGAGATAGCACCACTGCACTCCAGCCTGGGAGAAAGAGCAAAACTCCATCTACAAAAAAAAAAAAAAAAAA","GGCCAAGCACGGTGACTCACGCCCGTAATCCCAGCACTTTGGGAGGCTGAGGTGGGCAGATCATGAGGTCAGGAGTTCGAGACCAGCCTGGCCAACATGGTGACACCCCGTCTCTACTAAAAATACAAAAATTAGCCGGGCGTGGTGGCAGGCGCCTGTAATCCCAGCTACTCGGGAGGCTGAGGCAGGAGAATCACCTGAAACCAGAAGGCGGAGGTTGCAGTGAGCCAAGATCACCCCACTGCACTCCAGCCTGGGCAACAAGAGTGAAACTCCGTCTCAAAAAAAAAAAAAAAAAA"
"chr1","79213355","79213652","chr1","78593615","78593919","14","619740","GACCTGGCACGGTGGCTCACGCCTGTAATCCCAGCGCTTTGGGAGGCCTAGGTGGGTGGATCACAAGGTCAGGAGTTCGAGACCAGCCTAGCCAACATGGTGAAACCCCATCTCTACTAAAAATAGAAAAATTAGCTGGGTGTGGTGGTGGGAGCCTGTAATCCCACCTACTCAGGAGGCTGAGGCAGGAGAATCGCTTGAAACTGGAAGGCAGAGGTTGCAGTGAGCCGAGATCGTGCCACTGCACTCCAGCCTGGGCAACAAGAGCGAAACTACGTCTACAAAAAAAAAAAGAAAA","GACCTGGCACGGTGGCTCACGCCTGTAATCCCAGCGCTTTGGGAGGCCTAGGTGGGTGGATCACAAGGTCAGGAGTTCGAGACCAGCCTAGCCAACATGGTGAAACCCCATCTCTACTAAAAATACAAAAATTAGCTGGGTGTGGTGGTGGGAGCCTGTAATCCCACCTACTCAGGAGGCTGAGGCAGGAGAATCGCTTGAAACTGGAAGGCAGATGTTGCAATGACCCGAGATCGTGCCACTGCACTCCACCCTGGGCAACAAGAGCGAAACTACCTCTCAAAAAAAAAAAAAAAAGAAAAAAA"
"chr1","82519984","82520280","chr1","81881334","81881630","3","638650","GGCTGGGCGCCGTGGCTCACACCTGTAATCCCAGCATTTTGGGAGGCCTAGGCAGGCAGATCACGAGGTCAGGAGTTAGAGACCAGTCTGGCCAACATGGTGAAATCCCGTCTCTACTAAAAATACAAAAGTTAGCCGGGCATGATGGCAGGCGCCTGTAATCCCAGCTACTCAGGAGACTGAGGCAGGAGAATCTCTTGAAACCAGAAGGTGGAGGTTGCAGTGAGCCGAGATCGTGCCACTGTACTGCAGCCTGGGCGAAAGAGTGAAACTCCGTCTCATCAAAGGAAAAAAAAA","GGCTGGGCGCCGTGGCTCACACCTGTAATCCCAGCATTTTGGGAGGCCTAGGCAGGCAGATCACGAGGTCAGGAGTTAGAGACCAGCCTGGCCAACATGGTGAAATCCCGTCTCTACTAAAAATACAAAAATTAGCCGGGCATGATGGCAGGCGCCTGTAATCCCAGCTACTCAGGAGGCTGAGGCAGGAGAATCTCTTGAAACCAGAAGGTGGAGGTTGCAGTGAGCCGAGATCGTGCCACTGTACTGCAGCCTGGGCGAAAGAGTGAAACTCCGTCTCATCAAAGGAAAAAAAAA"
"chr1","86871399","86871679","chr1","86200728","86201008","1","670671","GGCTGGGTGTGGTGGCTCACGCCTGTAATCCCAGCACTTTGGGAGGCCAAGGTGGGCGGATCATGAGGTCAGGAGTTCAAAACCAGCCTGGCCAACATGGTGAAACCCCCATCTCCACTAAAAATACAAAAATTAGCTGGGCGTGCTGGCAGGCGCCTGTAGTCCCAGCTACTCGGGAGGCTGAGGCAGGACACTCACTCGAAACGAGAAGGCAGAGGTTGCAGTGAGCCAAGATCACGCCACAGCACTCCAGCCTGGGCAACAAGAGCGAAACTCCGTCT","GGCTGGGTGTGGTGGCTCATGCCTGTAATCCCAGCACTTTGGGAGGCCAAGGTGGGCGGATCATGAGGTCAGGAGTTCAAAACCAGCCTGGCCAACATGGTGAAACCCCCATCTCCACTAAAAATACAAAAATTAGCTGGGCGTGCTGGCAGGCGCCTGTAGTCCCAGCTACTCGGGAGGCTGAGGCAGGACACTCACTCGAAACGAGAAGGCAGAGGTTGCAGTGAGCCAAGATCACGCCACAGCACTCCAGCCTGGGCAACAAGAGCGAAACTCCGTCT"
"chr1","87156290","87156618","chr7","78485810","78486135","54","8670480","GGCCGGGCACGGTGGCTCACGCCTGTAATCCCAGCACTTTGGGAGGCCGAGACGGGCAGATCACGAGGTCAGCAGTTTGAGACCAGCCTGGCCAAGACGGTGAAACCCTGTACTCTTCTAAAATACAAAAAAAAAAAAAAAAAAAAGAATTAGCTGGGCATGGTGGCTGGCGCCTATAATCCCAGCTACTTGGGAGGCTGAGGCTGTAGAATCGCTTGAACCTGGAAGGTGGAGGTTGCAGTGAGCCGAGATCCAGCCACTGCACTCCAGCCTAGGCACAGGGGTGAAACTACTGCCTCAAAAAAAAAAGAAAAGAAAAGAAAAGGAAA","GGCCAGGCATGGTGGCTCACGCCTGTAATCCTAGCACTGAGAGGCCGAGGTGGGCGGATCACAAGGTCAGGAGTTTGAGACCAGCCTGGCCAACATGGTGAAACCCAGTCTCTACTAAAAAAAAAAAAAAAAAAAAAAAAAAAAAATTAGCTGGGTGTGGTGCCGGGCGCCTGTAATCCCAGCTACTCGGGAGGCTGAGACAGGAGAATCACTTGAAACCAGAAGGCAGAGGTTGCCATGATCCGAGATCATGCCATTGCACTCCAGCCTGGGCAACCACAGTGAAACTCTCTGTCTCAAAAAAAAAAAAAAGAAAGAAAGAAAAA"
"chr1","90863633","90863941","chr10","101381645","101381953","37","10518012","GGCCAGGCGTGGTGGCTCACGCCTGAAATCCCAGCACTTTGGAAGGCCAAGGCTGGTGGATCATGAGATCAGGAGTTCGAGACCAGCCTGGCCTACATGGTGAAACCTTATCTCTACTAAAAATACAAAAATTAGCTAGGTGTGGTAGCAGGTGCCTGTAATCCCAGCTACTCCAGAGGCTGAGGCGGGAGAATCGCTTGAAACTGGAAGGTGGAGGTTGCAGTGAGCCAAGATTGTGCCACTGCACTCTAGCCTGGGCAACAAGAGTGAAACTCTGTCTCAAACAAACAAACAAACAAAAAAACAAAA","GGCCCGGTGTGGTGGCTCACGCCTGTAATCCCAGCACTTTGGGAGGCCGAGGCAGGCAGATCACGAGGTCAGGAGTTCGAGACCAGCCTGGTCAACATAGTGAAACCTCGTCTCTACTAAAAATACAAAAAATTAGCCAGGTGTGGTGGCAGGCGCCTGTAATCCCAGCTACTCGGGAGACTGAGACAGGAGAATCGCTTGAAACCGGAAGGCGGAGGTTGCAGTGAGCCAAGATCGTGCCGCTGCACTCCAGCCTGGGCAACAAAGTGAAACTCTGTCTCAAAAAAAAAAAAAAAAAAAAAGTAAGAA"
"chr1","92937622","92937921","chr1","92295184","92295480","3","642438","GGCCGGACACGGTGGCTCACGCCTGTAATCCCAGCACTTTGGGAGGCCGAGGTGGGCGGATCACGAGGTCAGGAGTTCGAGAAAACCTGGCCAATATGGTGAAACCCCGTCTCTACTAAAAATACAAAAATTAGCCGGGCGTGGTGGCAGGCGCCTGTAATCCCAGCTACTTGGGAAAGTGAGGCAGGAGAATCGCTTGAAATCGGAAGGCAGAGGTTGCAGTGAGCCGAGATCACGCCACTGCATTCCAGCCTGAGTAACATGAGCAAAACTCCGTCTAACAAAAAAAAAAAAAAAGAA","GGCCGGACACGGTGGCTCACGCCTGTAATCCCAGCACTTTGGGAGGCCGAGGTGGGCGGATCACGAGGTCAGGAGTTCGAGAAAACCTGGCCAATATGGTGAAACCCCGTCTCTACTAAAAATACAAAAATTAGCCGGGCGTGGTGGCAGGCGCCTGTAATCCCAGCTACTTGGGAAAGTGAGGCAGGAGAATCGCTTGAAATCGGAAGGCAGAGGTTGCAGTGAGCCGAGATCACGCCACTGCATTCCAGCCTGAGTAACATGAGCAAAACTCCGTCTCAAAAAAAAAAAAAAAAA"
"chr1","93336671","93336968","chr1","92699587","92699885","4","637084","GGCAGGGCGCGGTGGCTCACAACTATAATCCCAGCACTTTGGAGGCTGAGGCGGGCGGATCACGAGGTCAGGAGTTCAAGACCAGCCTGGTCAACATGGTGAAATCCCATCTCTACTAAAAATACAAAAATTAGCCAGGCGTGGTGGCAGGCGCCTGTAGTCCCAGCTACTCAGGAGGCTGAGGCAGGACAATCTCTTGAAAACTGGAAGGCAGAGGTTGCAGTGAGCTGAGATCGAGCCATTGCACTCCAGCCTGGGTGAAAGAGCGAAACTCCATCTAAACAAAAAAAAANAAAAA","GGCAGGGCGCGGTGGCTCACAACTATAATCCCAGCACTTTGGAGGCTGAGGCGGGCGGATCACGAGGTCAGGAGTTCAAGACCAGCCTGGTCAACATGGTGAAATCCCATCTCTACTAAAAATATAAAAATTAGCCAGGCGTGGTGGCAGGCGCCTGTAGTCCCAGCTACTCAGGAGGCTGAGGCAGGACAATCTCTTGAAAACTGGAAGGCAGAGGTTGCAGTGAGCTGAGATCGAGCCATTGCACTCCAGCCTGGGTGAAAGAGCGAAACTCCATCTCAAAAAAAAAAAAAAAAAAA"
"chr1","94915870","94916054","chr1","94290749","94290933","1","625121","GGCTGGGCACGATGGCTCACGCTTGTGATCCCAGCGCTTTGGGAGGCCAAGGTGAGGTCAGGAGTTTGAGATCTGCCTGACTGACATGGTGAAACCCCGTCTCCGCTAAAAATACAAAAAAAATTAGCTGGGCGTGGTGGTGGGCACCTGTAATCCCAGCTACTAGGGAGGCTGAGGCAGGAGAA","GGCTGGGCACGATGGCTCACGCTTGTGATCCCAGCGCTTTGGGAGGCCAAGGTGAGGTCAGGAGTTTGAGATCTGCCTGACTGACATGGTGAAACCCCGTCTCTGCTAAAAATACAAAAAAAATTAGCTGGGCGTGGTGGTGGGCACCTGTAATCCCAGCTACTAGGGAGGCTGAGGCAGGAGAA"
"chr1","95946133","95946413","chr1","86200728","86201008","44","9745405","GGCCCGGTGCGGTGGCTCACGCTTGTAATTCTCAGCACTTTGGGAGGCCAAGGGGGGTGGATCATGAGGTCAGGAGTTCAAGACCAGCCTGGCCAACACGGTGAAACCCTGTCTCTACTAAAAATAGAAAAATCAGCGGGGCTTGGTGGTGCGTGCCTGTAATCCCAGCTACTCGGGAGACAGAGGCATGAGAATCACTTGAAGCCAGGAGGCAGAGGTTGCAGTGAGCTGAGATCATACCATTGTACTATAGCCTGGGCAACAAGAGCGAAACTCTGTCT","GGCTGGGTGTGGTGGCTCATGCCTGTAATCCCAGCACTTTGGGAGGCCAAGGTGGGCGGATCATGAGGTCAGGAGTTCAAAACCAGCCTGGCCAACATGGTGAAACCCCCATCTCCACTAAAAATACAAAAATTAGCTGGGCGTGCTGGCAGGCGCCTGTAGTCCCAGCTACTCGGGAGGCTGAGGCAGGACACTCACTCGAAACGAGAAGGCAGAGGTTGCAGTGAGCCAAGATCACGCCACAGCACTCCAGCCTGGGCAACAAGAGCGAAACTCCGTCT"
"chr1","101533823","101534117","chr1","100989606","100989902","4","544217","GGCTGGGTGCGGTGGCTTACACGTGTAATCCCAACACTTTGGGAGGCTGAGGCTGGTGGATCACAAGGTGAGGAGTTCGAGACCAGCCTGGCCAACACGGTGAAAACCTGTTTCTACTAAAAATACAAAAAATTAGCTGGGTGTGGTGGCGGACGCCTGTAATCCTGGCTACTCGGGAGTCTGAGGCAGGAGAATCACTTGAAACTGGAAGGCGGAGGTTGCAGTGGGCCGAGATCAGGCCACTGCACTCCAGCCTGGGCAAAAGAGCGAAACTCTCTCTCTCAAAAAAAAAAAA","GGCTGGGCGCGGTGGCTTACACGTGTAATCCCAACACTTTGGGAGGCTGAGGCTGGTGGATCACAAGGTGAGGAGTTCGAGACCAGCCTGGCCAACACGGTGAAAACCTGTTTCTACTAAAAATACAAAAAATTAGCCGGGTGTGGTGGCGGACGCCTGTAATCCTGGCTACTCGGGAGTCTGAGGCAGGAGAATCACTTGAAACTGGAAGGCGGAGGTTGCAGTGGGCCGAGATCAGGCCACTGCACTCCAGCCTGGGCAAAAGAGCGAAACTCTCTCTCTCAAAAAAAAAAAAAA"
"chr1","102864659","102864956","chr1","102337824","102338125","6","526835","GGCTGGGGGCAGTGGCTCACACCTGTAATCCCAGCACTTTGGGAGGCTGAGGCAGGTGGATCACGAGGTCAGCAGTTCGAAACCAGCCTGACCAACATGGTTAAACCCCAACTCTACTAAAAATACAAAAAGAAAAATTAGCTGGGCGTGGTGGCGGGCACCTGTAATCCCAGCGACTTGGGCGGCTGAGTCAGGAGAATTGCTTGAAACCAAAATGCAGAGGTTGCAGTGAGCCAAGATTGCACCACTGCACTCTAGCCTGGGCAATAAGAGCAAAACTCAGTATCAAAAAAAAAAA","GGCTGGGGGCAGTGGCTCACACCTGTAATCCCAGCACTTTGGGAGGCTAAGGCAGGTGGATCACGAGGTCAGCAGTTCGAAACCAGCCTGACCAACATGGTTAAACCCCAACTCTACTAAAAATACAAAAAGAAAAAATTAGCTGGGCGTGGTGGTGGGCACCTGTAATCCCAGCGACTTGGGCGGCTGAGTCAGGAGAATTGCTTGAAACCAAAATGCAGAGGTTGCAGTGAGCCAAGATTGCACCACTGCACTCTAGCCTGGGCAATAAGAGCAAAACTCAGTATCAAAAAAAAAAAAAA"
"chr1","106229894","106230208","chr1","105437929","105438243","2","791965","GGCCGGGCGCAGTGGCTCACCCCTGTAATCTCAGCACTTTGCGAGGCCAAGGCAGGTGGTTCATGAGGTCAGGGGTTCGAGACCAGCCTGGCCAATATCGTGAAACCCCATCTCTACTAAAAAAATACAAAAAATTAGCAGAGCATGGTGTGGCAGGCACCTGTAATCCCAGCTACTCAGGAGGCTGAGGCAGGAGAATCACTTGAAACCAGAAGGTGGAGGTTGCAGTGAGCCGAGATCGTGCCATTGCACTCCAGCCTGGCAACAAGAGCGAAACTCCATCTCAAAATAAATAAATAAAGAAAGAAAAGAAAA","GGCCGGGCGCAGTGGCTCACCCCTGTAATCTCAGCACTTTGCGAGGCCAAGGCAGGTGGATCATGAGGTCAGGGGTTCGAGACCAGCCTGGCCAATATCGTGAAACCCCATCTCTACTAAAAAAATACAAAAAATTAGCAGAGCATGGTGTGGCAGGCACCTGTAATCCCAGCTACTCAGGAGGCTGAGGCAGGAGAATCACTTGAAACCAGAAGGTGGAGGTTGCAGTGAGCCGAGATCGTGCCATTGCACTCCAGCCTGGCAACAAGAGCGAAACTCCATCTCAAAATAAATAAATAAATAAAGAAAAGAAAA"
"chr1","113724082","113724298","chr1","112873023","112873240","3","851059","GAGATCCAACCTGGCCAACATGGTGAAACCCTCGTCTCTACTAAAAATACAAAACTTAGCCAGGCGTGGTGGCAGGCGCCTGTAATCCCAGCTACTCGGGAGACTGAGGCAGGAGAATCACTTGAAACTGTAAGGCAGAGGATGCAGTGAGCCGAGATCGTGCCACTGCACTCCAGCCTGGGTGAAAGAGGGAAACTCCGTTTAAAAAAAAAAAAAA","GAGATCCAACCTGGCCAACATGGTGAAACCCTCGTCTCTACTAAAAATACAAAACTTAGCCAGGCGTGGTGGCAGGCGCCTGTAATCCCAGCTACTCGGGAGGCTGAGGCAGGAGAATCACTTGAAACTGTAAGGCAGAGGATGCAGTGAGCCGAGATCGTGCCACTGCACTCCAGCCTGGGTGAAAGAGGGAAACTCCGTTAAAAAAAAAAAAAAAA"
"chr1","121386910","121387171","chr1","120514612","120514907","36","872298","GCTGGGCGCAGTGGCTCACGCCTGTAATCCCAGCACTTTGGGAGGCCGAGGTGAGCGTATCATGAGGTCAGGAGTTTGAGACCAACCTGGTCAGCATGGTGAAACCCCGTCTCTACTAAAAATACAAAAATTAGCCAGGTGTGGTGGCGGGTACCTGTAATCTCAGCTACTTGGGAGGCTGAGGCAGGAGAATAGCTTGAAACTGGAAGGTGGAGGTTGCAGTGAGCCAAGATTGCACCACTGCATTCCAGCCTGGGCAACA","GCTGGGCGCAGTGGCTCACGCCTGTAATCCCAGCACTTTGGGAGGCCAAGGTGAGCGTATCATGAGGTCAGGAGTTTGAGACCAACCTGGTCAGCATGGTGAAACCCCGTCTCTACTAAAAATACAAAAATTAGCCAGGTGTGGTGGCGGGTACCTGTCATCTCAGCTACTTGGGAGGCTGAGGCAGGAGAATAGCTTGAAACTGGAAGGTGGAGGTTGCAGTGAGCCAAGATTGCACCACTGCATTCCAGCCTGGGCAACAAGAGCAAAACTCTGTCAAAAAAAAAAAAAAAAAA"
"chr1","123049197","123049367","chr9","29164858","29165029","22","93884339","GGCCGGGCACAGTGGCTCACGCCTGTAATCCCAGCACTTTGGGAGGCCAAGGCAGGTGGATCACGATGTCAGAAGTTCAAGACCAGCCTGGCCAACACGGTGAAACCCCATCTCTACTAAAAATACAAAAATTAGCTGGGCATGGTGGCCAGCACCTGTAATCCCAGCTAC","GGCTGGGCGTGGTGGCTCACGCCTGTAATCCCAGCACTTTGGGAGGCCGAGGCAGACGGATCATGAGGTCAGGAGTTCGAGACCAGCCTGGCCAACACAGTGAAACCCTGTCTGTACTAAAAATACAACAAAATTAGCCGGGCATGGTGGCAGGCACCTGTAATTCCAGCTA"
"chr1","125035196","125035485","chr2A","54819012","54819306","40","70216184","GGCCGAGCGCAGTGGCTCATGACTGTAATCCCAGTACTTTTGGGAGACCGAGGTGGGTGGATCACAAGGTCAGGAGTTCGAGACCAGCCTGGCCAACATGGTGAAACCTCGTCTCTACTAAAAATACAAAAGTTAGCTGGGCGTGGTTGCGGGTGCCTGTAATCCCAGCTACCTGGGAGTCTGAGGCAGGAGAATCACTTAAAGCGGGGAATCGGAGGTTGCAGTGAGCCAAGATCGTGCCATTGCACTCCAGCCTGGGCGACAAGAACAAGACTCTGTCTCAAAAAAAA","GGCCGGGCGCAGTGGCTCACGCCTGTAATCCCAGCACTTTGGGAGGCCGAGGCGGGCGGATCACGAGGTCAGGAGTTCGAGACCAGTCTGGCCAACATGGTGAAACCCCGTCTCTACTAAAAATACAAAAAAGTTAGCCGGGCGTGGTGGCGGACGCCTGTAATCCCAACTACTCGGGAGGCTGAGGCAGGAGAATCGCTTGAAACCGGAAGGCGGAGGTTGCAGTGAGCCAAGATCGCGCCAGGGCACTCCAGCCTGGGCAACAAGAGCGAAACTCCGTCTCAAAAAATAAAAA"
"chr1","125799952","125800244","chr1","124931506","124931799","1","868446","GCTGGGTACGGTGGCTCACGCCTGTAATCCCAGCACTTTGGGAGGCCGAGGCAGGTGGATCACGAGGTCAGGAGTTCGAGACGAGCCTGGCCAACATGGTGAAACCCCGTCTCTACTAAAAATATAAAAATTAGCTGGGCATGGTGGCAGGCGCCTGTAATCCCAGCTACTCAGGAGGCTGAGGCAGGAGAATCACTTGAAACCAGAAGGCGGAGGTTGCAGTGAGCCAAAATCACGCCACTGTACTCCAGCCTGGGTGACAAGAGTGAAACTCTGTCTAAAAAAAAAAAAAA","GCTGGGTACGGTGGCTCACGCCTGTAATCCCAGCACTTTGGGAGGCCGAGGCAGGTGGATCACGAGGTCAGGAGTTCGAGACGAGCCTGGCCAACATGGTGAAACCCCGTCTCTACTAAAAATATAAAAATTAGCTGGGCATGGTGGCAGGCGCCTGTAATCCCAGCTACTCAGGAGGCTGAGGCAGGAGAATCACTTGAAACCAGAAGGCGGAGGTTGCAGTGAGCCAAAATCACGCCACTGTACTCCAGCCTGGGTGACAAGAGTGAAACTCTGTCTAAAAAAAAAAAAAAA"
"chr1","129225841","129226144","chr1","128387644","128387953","6","838197","GGCCGGGGCGTGGTGGCTCACGCTGGTAATCCCAGCACTTTAGGAGGCTGAGGCAGGTGGATCACGAGGTCAGCAGTTCGAGACCAGCCTGACCAACATGGTGAAACCTCGTCTCTACTAAAAGTACAAAAAAATTAGCTGGGAGTGGTGGCGGGCACCTGTAATCCCAGCAACTTGGGAGGCTGAGGCAGGAGAATTGCTTGAAACCAGAAGGCAGAGGTTGCAGTGAGCCGAGATTGTGCCACTGCACTCTAGCCTGGGCAATAAGAGCAAAACTCCCTCTCAACATAAAAAAAAAAAAAAA","GGCCGGGGCGTGGTGGCTCACGCTGGTAATCCCAGCACTTTAGGAGGCTGAGGCAGGTGGATCACGAGGTCAGCAGTTCGAGACCAGCCTGACCAACATGGTGAAACCTCGTCTCTACTAAAAGTACAAAAAAATTAGCTGGGAGTGGTGGCGGGCACCTGTAATCCCAGCAACTTGGGAGGCTGAGGCAGGAGAATTGCTTGAAACCAGAAGGCAGAGGTTGCAGTGAGCCGAGATTGTGCCACTGCACTCTAGCCTGGGCAATAAGAGCAAAACTCCCTCTCAACATAAAAAAAAAAAAAAAAAAAAA"
"chr1","129331757","129332041","chr1","128499439","128499723","0","832318","GCTGGACAAGATGGCTCAAGCCTGTAATCCCAGCGCTTTGGGAGGCCGAGGTGGGTGGATCACGAGGTCAGGAGTTCAAGACCAGCCTGCCCAACATGCTGAAGCCCCGTCTCTACTAAAAGTACAAAAATTAACCGAGCGTGGTGGTGGGTGCCTGTAATCCTAGCTACTTGGGAGGCTGAGTCAGGAGAATCACTTGAAACTGGAAGGCAGAGGTTGCAGTGAGCCGAGATCGCACCACTGCACTCCAGCATGGGCAAAAGAGCGAAACTCCGTCTCAAAAAA","GCTGGACAAGATGGCTCAAGCCTGTAATCCCAGCGCTTTGGGAGGCCGAGGTGGGTGGATCACGAGGTCAGGAGTTCAAGACCAGCCTGCCCAACATGCTGAAGCCCCGTCTCTACTAAAAGTACAAAAATTAACCGAGCGTGGTGGTGGGTGCCTGTAATCCTAGCTACTTGGGAGGCTGAGTCAGGAGAATCACTTGAAACTGGAAGGCAGAGGTTGCAGTGAGCCGAGATCGCACCACTGCACTCCAGCATGGGCAAAAGAGCGAAACTCCGTCTCAAAAAA"
"chr1","130310726","130310984","chr20","2791322","2791566","66","127519404","GGCCAGGCACAGTGGCTGTAATCCCAGCACTCTGGGAGGCCGAGGCGGGTGGATTACAAAATCAGGAGTTCAAGATCAGCCTGGCCAAGATGGTGAAACCGTCTCTACTAAAAAATACAAAAATTATGGCCGGGCGCAGGTGGTTCACGCCTGTAATCCCAGCACTTGGAGGCCAAGGCGGGTGGAATCACAAGGTCAGGAGAGTCGAGACCATCCTGGCAACGACGGTGAAACCCTGTCTCCACTAAAAATCAAAAAA","GGGCGCGGCACTCACGACTGTAATCCCAGCACTTTGGGAGGCTGAGGAGGGCGATCATGAGGTCAGGAGATCCAACAGGTGAAACCCTGTCTCTACTAAAAATACAAAAATTAGCCAGGCGTGGTGGCATATGCCTGTAATCCCAGCACTTTGGGAGGCCGAGGCAGGCGGATCACTTGAGGCCAGAAGTTTGAGACCAGCTTGGCCAACAAGGTGAAACCCTGTCTCTACTAAAAATACAAAAA"
"chr1","130423290","130423583","chr1","129613135","129613446","19","810155","GGCTGGGCACGGTGGCTCATGCCTGTAATCCTAGCACTTTGGGAAGCTAAGGTGGGTGGATCACGAGGTCAGGAGTTTGAGACCAGCCTGGCTAACATGCTGAAACCCCATCTCTACTAAAAATACAAAAAAATTAGCCGGGCATGGTAGTGGGCGCCTGTAATCCCAGCTACTTGGGAAGCTGAGGCAGGAGAATCGCTTGAAACCAGAAGGTGGAGGTTGTAGTGAGCCGAGATTGTGCCACTGTACTCCAGCATGGGTGAAAGAATGAAGCTCTGTCTCAAAAAAAAAAAA","GGCTGGGCACGGTGGCTCATGCCTGTAATCCTAGCACTTTGGGAAGCTAAGGTGGGTGGATCACGAGGTCAGGAGTTTGAGACCAGCCTGGCTAACATGCTGAAACCCCGTCTCTACTAAAAATACAAAAAAATTAGCCGGGCATGGTAGTGGGCGCCTGTAATCCCAGCTACTTGGGAAGCTGAGGCAGGAGAATCGCTTGAAACCAGAAGGTGGAGGTTGTAGTGAGCCGAGATTGTGCCACTGTACTCCAGCATGGGTGAAAGAATGAAGCTCTGTCTCAAAAAAAAAAAAAAAAAAGAAAAAAAAGAA"
"chr1","130632774","130633062","chr1","129825886","129826175","2","806888","CCAGGTGCGGTGGCTCATGCCTGTAATCCCAGCACTTTGGGAGGCTGAGGTGAGCAGATCACAAGGTCAGGAGTTCAAGACCAGCCTGGCCAACATGGTGAAACCCCGTCTCTACTAAAAATACAAAAATTAGCCGGGCGTGGTGGCGCATGCCTGTAATCCCAGCTACTTGGAAGGCTGAGGCAGGAGAATCACTTGAAACTGGAAGGCAGACATTGCAGTGAGCCGAGATCGCACCACTGCACTCCAGCCTGGGCAACAAGAGCAAAACTCCATCTACAAAAAAAAA","CCAGGTGCGGTGGCTCATGCCTGTAATCCCAGCACTTTGGGAGGCTGAGGTGAGCAGATCACAAGGTCAGGAGTTCAAGACCAGCCTGGCCAACATGGTGAAACCCCGTCTCTACTAAAAATACAAAAATTAGCCGGGCGTGGTGGCGCATGCCTGTAATCCCAGCTACTTGGAAGGCTGAGGCAGGAGAATCACTTGAAACTGGAAGGCAGACATTGCAGTGAGCCGAGATCGCACCACTGCACTCCAGCCTGGGCAACAAGAGCAAAACTCCATCTCAAAAAAAAAAA"
"chr1","130742718","130743026","chr1","129938649","129938964","9","804069","GGCCAGGCGCAGTGGCTCATGCCTGTAACCCCAGCACTTTGGGAGGCTGAGGCGGGGCGGATCGCAAGGTCAGGAGTTTCAGACCAGCCTGGCCAACACGGTGAAACCCCGTCTTTACTAAAAATACAAAAATTAGCCGGGCATGATGGCAGGCATGTGCCTGTAATCCCAGCTACTCAGGAGGTTGAAGCAGGAGAATCGCTTGAAACCGGAAGGTGGAGTTTTCAGTGAGCTGAGATCACACCACTGCACTCCAGCCTGGGCAACAAGAGTGACACTCTGTCTTAAAAAAAAAAAAAAAAAAAAGAA","GGCCAGGCGCAGTGGCTCATGCCTGTAATCCCAGCACTTTGGGAGGCTGAGGCGGGGCGGATCGCAAGGTCAGGAGTTTCAGACCAGCCTGGCCAACACGGTGAAACCCCGTCTTTACTAAAAATACAAAAATTAGCCAGGCATGATGGCAGGCATGTGCCTGTAATCCCAGCTACTCAGGAGGTTGAAGCAGGAGAATCGCTTGAAACCGGAAGGTGGAGTTTTCAGTGAGCTGAGATCACACCACTGCACTCCAGCCTGGGCAACAAGAGTGACACTCTGTCTTAAAAAAAAAAAAAAAAAAAAAAAAAAAGAA"
"chr1","132888998","132889277","chr1","132151314","132151618","28","737684","GCCAGGCCCGGTGGCTCACGCCTGTAATCCCAGCACTTCGGGAAGGTAAGGCGGGCGGATCACGAGGTCAGGAGTTCGAGACCAGTCTGGCCAACATGAAGAAACTTCAGTCTCTACTAAAAATACAAATATTAGCCGGGCGTGGTGGCAGGCATCTGTAATCGCAGCTACTTGGAAGGCTGACACAGGAAAATCATTTGAAACTGGAAGACAGAGGGTTCAGTGAGCCAAGATTACGCCACTACACTCCAGCCTGGGTGAAACACTGAAACTCCATCTC","GCCAGGCCCGGTGGCTCACGCCTGTAATCCCAGCACTTCGGGAAGGTAAGGCGGGCGGATCACGAGGTCAGGAGTTCGAGACCAGTCTGGCCAACATGAAGAAACCTCAGTCTCTACTAAAAATACAAATATTAGCCGGACGTGGTGGCAGGCATCTGTAATCGCAGCTACTTGGAAGGCTGACGCAGGAAAATCATTTGAAACTGGAAGACAGAGGGTTCAGTGAGCCAAGATTACGCCACTACACTCCAGCCTGGGTGAAACACTGAAACTCCATCTCAAATAAATAAATAAATAAATAAATA"
"chr1","132995843","132996112","chr3","47882028","47882305","42","85113815","GGCCGGGCGCGGTGGCTCACGCCTGTAATCCCAGCACTTTGGGAGGCTAAGGCGGGCGGATCACGAGGTCAGGAGATCGAGACCATCCTGGCTAACACGGTGAAACCCCTTCTCTACTAAAAATACAAAAATTAGCCGGGCGAGGTGGCGGGCGCCTGTAATCCCAGCTATTTAGGAGGCTGAGGCAGGAGAATCAATTGAAATAGAAGGAGGAGGTTATAGTGAGCCAAGATCATGCCATTGCACTCCAGCCTGGNGAAAGAGCAAAAC","GGCTGGGCGCGATGGCTTACACCTGTAATCCCAGCACCTTAGGGAGCTGAGGCGGGCGGATCACGAGGTCAGGAGTTCGAGACCAGCCTGGCCAACATGGTGAAACCCCATCTATACTAAAAATACAAAAATTAGCCGGGTGTGGTGGCGGGCACCTGTAATCCCAGCTACTCGGGAGGCTGAGGCAGGAGAATCACTTGAAACTGGAAGGCAGGGGTTGCAGTGAGCTGAGATGGCGCCACTGCACTCCAGCCTGGGTGAATGAGCAAAATTCCTTC"
"chr1","133307832","133308142","chr1","132595170","132595482","4","712662","GACTGGGCACAGTGGCTCACACCTGTAATCCCAGCACTTTGGGAAGCCAAGGTGGGCGGATAACGAGGTCAGGAATTCGAGACCAGCCTGGCCAACATGTTGAAACCCCATCTCTACTAAAAATACAAAAATTAGCCAGGTGTGGTGGTGGTTGCCTGTAATCCCAGCTACTTGGGAGGCTAAGGTAGGAGAATCGCTTGAAACCGGAAGGTGGAGGTAGCAGTGAGCCAAGATCACGCCACTGCACTCTAGCCTGGGCAACAAGAGCGAAACTCTGTCTCGAAAAACAACGAAACAAACAAACAAACAAA","GACTGGGCACGGTGGCTCACACCTGTAATCCCAGCACTTTGGGAAGCCAAGGTGGGCGGATAACGAGGTCAGGAATTCGAGACCAGCCTGGCCAACATGTTGAAACCCCATCTCTACTAAAAATACAAAAATTAGCCAGGTGTGGTGGTGGTTGCCTGTAATCCCAGCTACTTGGGAGGCTAAGGTAGGAGAATCGCTTGAAACCGGAAGGTGGAGGTAGCAGTGAGCCAAGATCACGCCACTGCACTCTAGCCTGGGCAACAAGAGCGAAACTCTGTCTCAAAAAACAACGAAACAAACAAACAAACAAAAA"
"chr1","133336798","133337053","chr1","132623856","132624111","4","712942","GGCCAGGCGCGGTGGCTCATGCCTGTAATCCCAGCACTTTGGGAGGCTGAGGCGGGCGAATCGTGAGGTCAGGAGTTCGAGACCAGCCTGGCAAATATGGTGAAACCCTGTCTCCATCTCTACCAAAAATACAATTCTCCTGCCTCAGACTCCTGAGTAGGCGGAGGCAGGGTTGCAGTGAGCCGAGATTGCGCCATTGCACTCCAGCCTGGGAAACAACCGTAAAACTCCATCTCAAAAAAAACAAAAACAAAAA","GGCCAGGCGCGGTGGCTCATGCCTGTAATCCCAGCACTTTGGGAGGCTGAGGCGGGCGAATCGTGAGGTCAGGAGTTCGAGACCAGCCTGGCAAATATGGTGAAACCCTGTCTCCGTCTCTACCAAAAATACAATTCTCCTGCCTCAGACTCCTGAGTAGGCGGAGGCAGGGTTGCAGTGAGCCGAGATTGTGCCATTGCACTCCAGCCTGGGAAACAACCGTAAAACTCCATCTCAAAAAAAACAAAAAACAAAA"
"chr1","133344354","133344551","chrX","124931070","124931259","31","8413284","GGCTGGGTACGGTGGCTCACAACTGTAATCCCAGTACTTTGGGAGGCCAAGGCGGCTGGATCACGAGGTCAGGAGTTCAATTGAGAGCAGCCTGGCCAACATGGTGAAACCCCGTCTCTACTAAAAATACAAAAATTAGCCGGGTGTGGTGGTGAGTGCCTGTAATCCCAGCTACTTGGGAGGTTGAGGCAGGAGAAT","GGCCGGGCACGGTGGCTCACACCTGTAATCCCAGGACTTTGGGAGGCTGAGGCAGGTGGATCACTGGGTCACTTCAAGACCAGCCTGGCCAACATGGTGAAACCCCGTCTCTACTAAAAATACAAAAATTAACCGGGCATGGTGGCGGGTGCCTATAATCCCACCTACTCAGGAGGCTGAGGAAGGAGAA"
"chr1","133386856","133387137","chr1","132671938","132672226","9","714918","GGCCGGGTGAAGTGGCTCACGCCTGTAATCCCAGCACTTTGGGAGACAGAGAAGGTTGGATCACAAGGTCAGGAGTTTGAGATCAGCTTGGCCAACATGGTGAAATCCTGTCTCTACTAAAAATACAAAAATTAGCCGGGTATGGTGGCGGTGCCTGTAATCCCAGCTACTTGGGAGGCTGAGGCAGGAGAATCGCTTGAAACCAGAAGGTTGCAGTGAGCTGAGATCATGCCACTGCACTCCAGCTGGGTCAACAAGAGTGAAACTCCATCTCAAAAAAAA","GGCCGGGTGAAGTGGCTCACGCCTGTAATCCCAGCACTTTGGGAGACAGAGAAGGTTGGATCACAAGGTCAGGAGTTTGAGATCAGCTTGGCCAACATGGTGAAATCCTGTCTCTACTAAAAATACAAAAATTAGCCGGGTATGGTGGCGGGTGCCTGTAATCCCAGCTACTTGGGAGGCTGAGGCAGGAGAATCGCTTGAAACCAGAAGGTTGCAGTGAGCTGAGATCATGCCACTGCACTCCAGCCGGGGCAACAAGAGTGAAACTCCATCTCAAAAAAAAAAAAAA"
"chr1","139461169","139461419","chrX","48502699","48502954","39","90958470","GGCCAGGCATGGTGGCTCACACCTATAATCCCAGCACTCTGGGAGGTCGAGGCAGGCGGATCACAAGGTCTGGAGTTCGAGACCATCCTGACCAACACGGTGAAACCCCGCCTCTACTAAAAATACAAAAATTAGCCGGGCATGGTGGAAGGCGCCTGTAGTCCCAGCTACTCAGGAGGCTGAGGCAGGAGAATCACTTGAACCTGGAAGGCAGAGTTTGCAGTGAGCCGAGATCAAGCCACTGCACTCCA","GGCCTGGTGGGGTGGCTCACGCCTGTAATCCCAGTACTTTGGGAGGCCGAGGCAGGTGGATCACCAGGTCAGGAGTTTGAGACCAGCCTGACCAACATGGTGAAACTCTGACTCTACTAAAAATACAAAAATTAGCCGGGCGTGGTGTCGGGCGCCTGTAATCCCAGCTACTTCGGAGGCTGAGGCATGAGAATCTCTTGAAACTGGAAGGTGGAGGTTGCAGTGAGCGGAGATCGTGCCACTGCACTCCAACCTG"
"chr1","140476572","140476787","chr4","40720908","40721122","37","99755664","GCCGGGCGCGTGGCTCACGCCTGTATTCCCAGCACTTTGGGAGTCCGAGGCGTGTGGATCACGAGGTCAGGAGTTCAAGACCAGCCTGGCCAACATGGTGAAAGCCCGTCTCTACTAAAAATACAAAAAATTAGCTGGGCGTGGTGGCGGGCGCCTGTAATCCCAGCTACTCCGGAGGCTGAGGCAGAGAATTGCTTAAAACCTGGAGGGGCGGAG","GGCTGGGCACGGTGGCTCACGCCTGTAATCCCAGCACTTTGGGAGGCCAAGACGGGCAGATCACAAGGTCAGGAGTTTGAGACCAGCCTGGCCAACATGGTGAAACCCTGTCTCTACTAAAAATACAAACAAAAATTAGCCAGGAGTGGTGGCAGGTGCCTGTAATCCCAGCTACTCTGGAGGCTGAGGCAGGAGAATCGCTTGAAACCAGAAGG"
"chr1","141711841","141712139","chr12","129951986","129952280","32","11759855","GGCCAGGTGCGGTGGCTCATGCCTGTAATCCCAGCACTTGGGGAGGCCCAGGCGGGTGCATCATGAGGTCAGGAGTTTGAGACCAGCCTGGCCAACATGGTGAAACTCCGTGTCTACTAAAAATACAAAAATTAGCCGGGTACGGTGGCTGGCGCCTGTAATCCCAGCTACTCAGGAGGCTGAGGCAGGAGAATTGGTTGAAACCGGAAGGTGGAGGTTGCAGTGAGCTGAGATTGCACCACTGCACTCCAGCCTGGGTGAAAGAGTGAAACTCCATCTCAAAAAGAAAAAAAAAAAAA","GGCAAGGCGTGGTGGCTCACGCCTGTAATCCCAGCACTTTGCGAGGCCTAGGTGGGCAGATCACGAGGTCAGGAGTTTGAGACCAGCCTGGCCAATATGGTGAAACCCCGTCTCTACTAAAAATACAAAAATTAGCCGGGTGTGGTAGCAGGTGCCTGTAATCCCAGCTACTCAGGAGGCTGAGGCAGGAGAATCACTTGAAACTGGAAGGTGGAGGTTGCAGTGAGCTGAGATTGCACCACTACACTCCAGCCTGGGTGACAGAGAGAAACTCCGTCTCAAAAAAAAAAAAAAA"
"chr1","143642986","143643282","chr1","142739361","142739658","12","903625","GGCCTGGCACAGTGGATCAGGCCTGTAATCCCAGCACTTTGGGAGGCCAAGTTGAGTGGGTCATGAGGTCAGGAGTTTGAGATCAACCTGGCCAACAAGGTGAAACCCCATCTCTACTAAAAATACAAAAATTAGCCAGGCGTGGGGGCGGGTGCCTGTAATCCTAGCTACTTGGGAGGCTGAGGCAGGAGAATTGCTTGAAACCAGAAGGCGGAGGTTGCAGTGAGCTGAGATTTCACCACTGCACTCCAGACTGGGTGAAAGAGCGAAATTGTCTACAAAAAAAAAAAAAAAAAA","GGCCTGGCACAGTGGATCAGGCCTGTAATCCCAGCACTTTGGGAGCCCGAGGCGAATGGATCATGAGGTCAGGAGTTTGAGGTCAACCTGGCCAACATGGTGAAACCCCATCTCTACTAAAAATACAAAAATTAGCCAGGCGTGGGGGCGGGTGCCTGTAATCCTAGCTACTTGGGAGGCTGAGGCAGGAGAATCGCTTGAAACCAGAAGGCGGAGGTTGCAGTGAGCTGAGATTGCACCACTGCACTCCAGACTGGGTGAAAGAGCGAAATTGTCTCAAAAAAAAAAAAAAAAAAAA"
"chr1","145303961","145304251","chr1","144442308","144442599","1","861653","GGCTGGGCACGGTGGCTCTTGCTTGTAATCCTAGCATGTTGGGGGCCCGAGGCAGGTGGATCACAAGGTCAGGAGTTCAAGACCAGCCTGGACAACATGGTGAAACCCCGTCTCTACCAAAAATACAAAAATTAGCCGGCATGGTGGTGGGCGCCTGTAATCCCAGCTACTTGGGAGGCTGAGGCAGGAGAATCGCTTGAAACTGGAAGGCAGAGGCTGCAGTGAGCCGAGATCGTGCCATTGCACTCCAGCCTGGGTGAAAGAGTGAAACTCCGTCTAAAAAAAAAAAAA","GGCTGGGCACGGTGGCTCTTGCTTGTAATCCTAGCATGTTGGGGGCCCGAGGCAGGTGGATCACAAGGTCAGGAGTTCAAGACCAGCCTGGACAACATGGTGAAACCCCGTCTCTACCAAAAATACAAAAATTAGCCGGCATGGTGGTGGGCGCCTGTAATCCCAGCTACTTGGGAGGCTGAGGCAGGAGAATCGCTTGAAACTGGAAGGCAGAGGCTGCAGTGAGCCGAGATCGTGCCATTGCACTCCAGCCTGGGTGAAAGAGTGAAACTCCGTCTAAAAAAAAAAAAAA"
"chr1","146543966","146544268","chr1","145694153","145694456","1","849813","GGCTGGGCATGGTGGCTCACGCCTGTAATCCCAGCACTTTGGGAGGCCAAGGTGGGCGAATCACGAGGTCAGGAGTTCGAGACCAGCCTGGCCAACATGGTGAAACCCGTCTCTACTAAAAATACAAAAATTAGCCTGACATGGTGGCAGGCGCCTGTAATCCCAGCTACTTGGGAGACTGAGGCAGGAGAATCGCTTGAAACCAGAAGGCAGAGGTTGCAGCAAGCTGAGATTGTGCCACTGCACTCCAGCATGGGCAAAAGAGCAAACTGCATCTCAAAAAAACAAAAACAAAAACAAAAA","GGCTGGGCATGGTGGCTCACGCCTGTAATCCCAGCACTTTGGGAGGCCAAGGTGGGCGAATCACGAGGTCAGGAGTTCGAGACCAGCCTGGCCAACATGGTGAAACCCGTCTCTACTAAAAATACAAAAATTAGCCTGACATGGTGGCAGGCGCCTGTAATCCCAGCTACTTGGGAGACTGAGGCAGGAGAATCGCTTGAAACCAGAAGGCAGAGGTTGCAGCAAGCTGAGATTGTGCCACTGCACTCCAGCATGGGCAAAAGAGCAAACTGCATCTCAAAAAAAACAAAAACAAAAACAAAAA"
"chr1","147037139","147037405","chr1","146195212","146195486","11","841927","TGTAATCCCAGCACTTTGGGAGGCTGAGGTGGGTGGATCATGAGGTCAGGAGTTCGAGACCAGCCTGGCCAACATGGTGAAACCCCATCTCTACTAAAAATACAAAAATTAGCTGGGCATGGTGGCGGGCGCCTGTAATCCCAGCTACCTGGGAGGCTGAGGCAGGAGAATCGCTTGAAACCAGAAGGCAGAGGTTGTGGTGAGCCAATATCGCACCACTGCACTCCAGCCTGGGCAAAAGAGCGAAACTCCATCCCAAAAAAAAAA","TGTAATCCCAGCACTTTGGGAGGCTGAGGTGGGTGGATCACGAGGTCAGGAGTTCGAGACCAGCCTGGCCAACATGGTGAAACCCCATCTCTACTAAAAATACAAAAATTAGCTGGGCATGGTGGCGGGCGCCTGTAATCCCAGCTACTTGGGAGGCTGAGGCAGGAGAATCGCTTGAAACCAGAAGGCAGAGGTTGTGGTGAGCCAATATCGCACCACTGCACTCCAGCCTGGGCAAAAGAGCGAAACTCCATCTCAAAAAAAAAAAAAAAAAA"
"chr1","147518097","147518394","chr14","44788338","44788635","33","102729759","GGCCGGGAGCGGTGGCTCATGCCTGTAATCCCAGCACTTTGGGAGGCTGAGGCGGGCGGATCACAAGATCAGGAGTTCGAGAGTAGCCTGGCCAACATGGCGAAACCCCTTCTCTACTAAAAATACAAAAACTAGCCAGGTGTGGTGGTTGGCGCCTGTAATCCCAGCTACTTGGGAGGCTGAGGCAGGAGAATTGCTTGAATCCGGGAGGCAGAGGCTGCAATGAGCCAAGATTGTGCCACTGCACTCTAGCCTGGGCAACAAGAGCAAGACGCCGTCTCAAAAAAAAAAAAAAAAA","GGCCGGGTGCGGTGGCTCACGCCTGTAATCCCAGCACTTTGGGAGGCCGAGGCGGGCAGATCACAAGGTCAGGAGTTCCAGACTAGCCTGGCCAACATGGTGAAATCCTGTCTCTACTAAAAAATACAAAAATTAGCCAAGCGTGGTGGTGGGCGCCTGTAGTCCCAGCTACTTGGGAGGCTGAGGCAGGAGAATTGCTTGATACCAGAAGGCAGAGTTTGCAGTGAGCCGAGATCACGCCACTGCACTCCAGCCTGGGCAACAAGAGCAAAACTGCGTCTCAAAAAAAAAAAAAAAA"
"chr1","150629089","150629233","chr1","149857707","149857851","2","771382","GTTACTCGGGAGGCTGAGGCAGGAGAATCGCTTGAAACTGGAAGGCAGAGGTTGCAGTGAGCCAAGATCACGCCACTGCACTCCAGACTGAGCAACAAGAGTGAAACTCCATCTCAAAAAATAAAAAGAAATAATAATAATAAAA","GTTACTCGGGAGGCTGAGGCAGGAGAATCGCTTGAAACTGGAAGGCAGAGGTTGCAGTGAGCCAAGATCACGCCACTGCACTCCAGACTGAGCAACAAGAGTGAAACTCCATCTCAAAAAATAAAAAATAATAATAATAATAAAA"
"chr1","152293692","152294001","chr1","151545016","151545327","5","748676","GGCTGGGTGCAGTGGCTCACGCCTGTAATCCCAGCACTTTGGGAGGCCGAGGCAGGTGGATCATGAGGTCAGCAGTTCAAGACCAACCTGACCAACATGGTGAAACCCTGTCTCTACTAAAAATACAAAAAAAAAAAAAATAATTAGCTGGGCATGGTGGTGGGCGCCTGTAATCCCAGCGACTTGGGAGGCTGAGGCAGGAGAATCACTTGAAACCAGAAAGCGGAGGTTGCAGTGAGCCGAGATTGCGCCACTGCACTTTAGCCTGGGCAAGAAGAGCAAAACTCCATCTCAAAAAAAAAAAAATAAA","GGCTGGGTGCAGTGGCTCACGCCTGTAATCCCAGCACTTTGGGAGGCCGAGGCAGGTGGATCATGAGGTCAGCAGTTCAAGACCAACCTGACCAACATGGTGAAACCCTGTCTCTACTAAAAATACAAAAAAAAAAATAATAATTAGCTGGGCATGGTGGTGGGCGCCTGTAATCCCAGCGACTTGGGAGGCTGAGGCAGGAGAATCACTTGAAACCAGAAGGCGGAGGTTGCAGTGAGCCGAGATTGCGCCACTGCACTTTAGCCTGGGCAAGAAGAGCAAAACTCCATCTCAAAAAAAAAAAAAAAAAAA"
"chr1","154089078","154089366","chr1","54402574","54402862","38","99686504","GGCTGCGCACCGTGGCTCACGCCTGTAATCCCAGCACTTTGGGAGGCCGAGGCGGGTGGATCACAAGATCAAGAGCTTGAGCCCACCCTGGCCAACATGGTGAAACTCTGTCTCTACTAAAATACAAAAATAGCCAGGCGTGTTGGCAGGTGCCTGTAGTCCCAGCTACTCAGGAGGCTGAGGCAGGAGAATCGCTTGAACCTGAGAAGGCGGAGGTTGCAGTGAGCCGAAATCGTGTCACTGCACTCCAGCTTGGGCAACAAGAGGGAGACTCCATGTCAAAAAAAAA","GCCGGGCGCGGTGGCTCACACCTGTAATCCCAGCACTTTGGGAGGCTGAGGTGGGTGGATCACAGGGTCAGGAGTTTGAGACCAGCCAGGCCAACATGGTGAAACCCCGTCTCTACTAAAAATACAAAAATTAGCCGGGCGTGGTGGCTGTTGCCTGTAATCCCAGCTACTCAGGAGGCTGAGGCAGGAGAATTGCTTGAAACCGAAAGGCAGAGGTTGCAGTGAGCCAAGATCGCACCATTGCACTCCAGCCTGGGCAACAAGAGTGAGACTCCATCTCAAAAAAAAA"
"chr1","156361911","156362194","chrY","21472708","21472987","40","134889203","GGCTGGGCTCAGTGGCTCACGCCTGTAATCCCAGGACTTTGGGAGGCCAAGGCGGGCAGATCACAAGGTCCAGATATCGAGACCATCCTGGCCCACATGGTAAAACCCCATCTCTACTAAAAATACAAAAAATTAGCCGGACGTGGTGGCAGGCACCCGTAATCCCAGCTACTCGGGAGGCTGAGGCAGGAGAATCGCTTGAACCTGGAAGGCGGAGGTTGCAGTGAAATGAGGTCGTGCCATTGCACTCCAGCCTGGGCAAAAAGAGCAAAACTCCATCTCAA","GCTGGGGACGGTGGCTCACGCCTGTAATCCCAGCACTTTGGAAGGCCGAGGCAGGCAGATCACTAGGTCAGGAGTTTGAGACCAGCCTGGCCAACATGGTGAAACCCCCTCTCTACTAAAAATACAAAAATTAGCCGGGCGTGGTGGCAGGCGCCTGTAATCCCAGCTACTCGGGAGGCTGAGGCCAGAGAATCTCTTGAAACCGGAAGGCGGATGTTTCAGTGAGCTGAGATCACGCCACTGCACTCCAGCCTGGGCAACAAGAGCAAAACTCCGTCCC"
"chr1","157601437","157601616","chr15","39903810","39903983","34","117697627","GGTCGGGCACGGTGGCTCACGCCTGTAACCCCATCATTTTGGGAGGATGAAGCAGGCAGATCACCAGGTCAGGAGTTCTAGACCAGCCCGTCCAACATACCAAAACCCCATCTCTACTAAAAAATACAAAAAAATTGGCCGGGCATGGTGGTGGGCGCCTGTAATCCCAGCTACTCGGGA","GGCTGGGTGCGGTGGCTCATGCCTGTAATCCCAGCACTTTGGGAGGCTGAGGCAGGCAGATCATGAGGTCAGGAGTTTTGAGACAAGCCTGACCAACATGGTGAAACCCCGTCTCGACCAAAAACACAAAAATTGGCCGGGCGTGGTGGTGGGTGCCTGTAATCCCAGCTACTC"
"chr1","157896889","157897200","chr3","11933891","11934198","37","145962998","GGCCGGGCATGGTGGCTCACACCTGTAATCCCAGCACTTTGGGAGGTCGAGGCGGGCTGATCACGAGGTCAGGAGTTTGAGACCAGCCTGGCCAACATGGTGAAACCCCATCTCTACTAAAAATACAAAAAAGTTAGCCAGGTGTGGTGGCAGGTGCCTGTAATCTCAGCTACTCAGGAGGCTGAGGCAGGAGAATCACTTGAACCTGGGAAGGCGGAGGTTGCAATGAGCCGAGATCGCGCCACTGTACTCCAGCCTGGGCAACAAGGGTGAGACGCCGTCTCAAAAAAAGGAAAAAAAAAGAAAAAAAAA","GGCAGGGTGCAGTGGCTCACACCTGTAATCCCAGCACTTTGGGAGGCCGAGGCAGGCAGATCACGAGGTCAGAAGTTCAAGACCAGCTTGGCCAACATGGTGAAGCCCCATATCTAATAAAAATACAAAAATTAGCCAGGTGTGGTGGCGGGTGCCTGTAATCCCAGCTACTCGGGAGGCTGAGGCAGGAGACTCACTTGAAACCGGAAGGTGGAAGTTGCAGTGAGCCGAGATCGCGCCACTGCACTCCAGCCTGGGCAACAAGAGTGAAACTCTGTCTCAAAAAAAAAAAAAAAAAAGCACAAAAA"
"chr1","159558531","159558812","chr1","158915790","158916100","32","642741","GGCTGGGCGTGGTGGCTCACGCCTGTAATCCCAGCACTTTGGGAGGCCAAGGCAGGCGGATCACAAGGTCAGGAGTTCGAGACCAGCCTGGCCAGCATGGTGAAACCCCATCTCTACTAAAAAGAAATACAAAAATTAGCTGGGCATGGTGGCGGGTCCCTGTAATCCCAGCTATTTGGGAGGCTGAGGCAGAACTGCTTGAAACTGGAAGGCGGAGGTTGCAGTAAGCAGAGATCCCGCCACTGCACTCCAGCCTCGGCAAAAGAGCAAAACTCTGTCTCA","GGCTGGGCGTGGTGGCTCACACCTGTAATCCCAGCACTTTGGGGGGCCAAGGCAGGCGGATCACAAGGTCAGGAGTTCGAGACCAGCCTGGCCAGCATGGTGAAACCCCATCTCTACTAAAAAGAAATACAAAAATTAGCTGGGCATGGTGGCGGGTCCCTGTAATCCCAGCTATTTGGGAGGCTGAGGCAGAACTGCTTGAAACTGGAAGGCGGAGGTTGCAGTAAGCAGAGATCCCGCCACTGCACTCCAGGCTCGGCAAAAGAGCAAAACTCTGTCTCAAAATAAATAAATAAATAAATAAAAAATAA"
"chr1","162757774","162758075","chr1","161659981","161660282","2","1097793","GGCCGGGCGCGGTGGCTGACGCCTATAATCCCAGCACTTTTGGGAGGCCGATGCAGGCGGATCACGTGGTCAGGGGTTCAAGACCAGCCTGGCCAAGATAGTGAAATCCCATCTCTACTAAGAATATAAAAATTAGCCGGGCGTGGTGGCGGGCACCTGTAGTCCCAGCTACTTGGGAGGCTGAGGCAGAAGAACCGTTTGAAACCAGAAGATGGAGGTTGCAGCGAGCCGAGATCGCGCCAGCGCACTCCACCCTGGGCAACAAGAGCAAAACTCCGTCTCAAAAAAATAAATAAATAAAA","GGCCGGGCGCGGTGGCTGACGCCTATAATCCCAGCACTTTTGGGAGGCCGATGCAGGCGGATCACGTGGTCAGGGGTTCAAGACCAGCCTGGCCAAGACAGTGAAATCCCATCTCTACTAAGAATATAAAAATTAGCCGGGCGTGGTGGCGGGCACCTGTAGTCCCAGCTACTTGGGAGGCTGAGGCAGAAGAACCGTTTGAAACCAGAAGATGGAGGTTGCAGCGAGCCGAGATCGCGCCAGCGCACTCCACCCTGGGCAACAAGAGCAAAACTCCATCTCAAAAAAATAAATAAATAAAA"
"chr1","164882882","164883159","chr1","163825000","163825280","4","1057882","CGGTAGCTCATGCCTGTAATCCTATCTCTTTGGGAGGCCGACGTGGGCGTATCACAAGGTCAGGAGTTCGAGACCAGCCTGGCCAACATGGTGAAACCCCATAGCTACTAAAAATGCAAAAATTAGCTGGGCCTGGTGGCAGACACCTGTATTCCCAGCTACTTGGGAGGTTGAGACAGGAGAATAGCTTGAAACCGGAAGGAGGAGGTTGCAGTGAGCCGAGATCACGCGACTGCACTCCAGCCAAACTCCATCTCAAAAAAAAAGAGAAGAAAAAA","GCTCGGTAGCTCATGCCTGTAATCCTATCTCTTTGGGAGGCCGACGTGGGCGTATCACAAGGTCAGGAGTTCAAGACCAGCCTGGCCAACATGGTGAAACCCCATAGCTACTAAAAATGCAAAAATTAGCTGGGCCTGGTGGCAGACACCTGTATTCCCAGCTACTTGGGAGGTTGAGACAGGAGAATAGCTTGAAACCGGAAGGAGGAGGTTGCAGTGAGCCGAGATCACGCGACTGCACTCCAGCCAAACTCCATCTCAAAAAAAAAGAGAAGAAAAAA"
"chr1","171395657","171395826","chr4","1803064","1803245","41","169592593","CGGTGGCTCACGCTTGTAATCCCAGCACTTTGGGAGGCTGAGGTGGGTGGTTCACAAGGTCAGGAGTTTGAGATCAGCCTGGCCAACATGGTGTACTAAAAATACAAAACTTAGCCGGGCATGGTGGCAGGTGCCTGTAATGCCAGCTACTTGGGAGGCTGAGGCAGGAG","GGCTTATGCCTGTAATCCCAGCACTTTGGGAGGCCGAGGCGGGAGGATCATGAGGTCAGGAGTTCAAGACCATTCTGGCCAACATGGTGAAACCCTTTCTGTACTAAAAATACAAAAATTAGCTGGGCATGGTGGCAGGCACCTGTAGCCCCAGCTACTTGGGAGGCTGAGGCAGGAGAATC"
"chr1","172494851","172495142","chr1","171374125","171374420","4","1120726","GCCAGGCATGGTGGCTCACGCCTGTAATCCCAGCACTTTGGGAGGCTGAGGTGGGCAGATCACGAGGTCAGGGATTCGAGACCAGCCTGGCCAACATCGTGAAACCCCGCCTCTATAAAAATACAAAAATTAGCCAGGCATGGTGGCGGGCCTTTAGTTTCAGCTACTCAGGAGGCTGAGGCAGGAGAATTGCTTGAAACTGGAAGGTGGAGGTTGTAGTGAGCGGAGATCGCACCACTGCACTCCAGCCTGGGCGAAAGAGTGAAATTCCGTCTCAGAAAAGAAAAAAAAA","GCCAGGCATGGTGGCTCACGCCTGTAATCCCAGCACTTTGGGAGGCTGAGGTGGGCAGATCACGAGGTCAGGGATTCGAGACCAGCCTGGCCAACATCGTGAAACCCCGCCTCTATAAAAATACAAAAATTAGCCAGGCATGGTGGCGGGCCTTTAGTTTCAGCTACTCAGGAGGCTGAGGCAGGAGAATTGCTTGAAACTGGAAGGTGGAGGTTGTAGTGAGCGGAGATCGCACCACTGCACTCCAGCCTGGGCGAAAGAGTGAAATTCCGTCTCAGAAAAGAAAAAAAAAAAAA"
"chr1","172892264","172892554","chr1","171774000","171774293","3","1118264","GCTAGGCGCGGTGGCTCACGCCTGTAATCCCAGCACTTTGGGAGGCCAAGGCGGGCAGATCACGAGTTCAGGAGTTTGAGACCAGCCTGGCCAACATGGTGAAAACATCATCTCTACTAAAAGTATAAAAATTAGCCCGGCGTGGTGGCAGGCGCCTGTAATCCCAGCTACTCGGGAAGCTGAGGCAGGAGAATCGCTTGAAACCAGAAGACAGAGGTTGCAGTGAGCCAAGATCGCACCACTGCACTCTAGCCTGGGTGAAAAAGTGAAACTCCGTTTCCAAAAAAAAAA","GCTAGGCGCGGTGGCTCACGCCTGTAATCCCAGCACTTTGGGAGGCCAAGGCGGGCAGATCACGAGTTCAGGAGTTTGAGACCAGCCTGGCCAACATGGTGAAAACATCATCTCTACTAAAAGTATAAAAATTAGCCCGGCGTGGTGGCAGGCGCCTGTAATCCCAGCTACTCGGGAAGCTGAGGCAGGAGAATCGCTTGAAACCAGAAGACAGAGGTTGCAGTGAGCCAAGATCGCACCACTGCACTCTAGCCTGGGTGAAAAAGTGAAACTCCGTTTCCAAAAAAAAAAAAA"
"chr1","172983819","172984111","chr1","171866461","171866755","4","1117358","GACCGGGCGTGGTGGCTCATGCCTGTAATCCCAGCACTTTGGGAGGCCGAGGTGGGTGGATCACAAGGTCAGCAGTTCGAGACCAGCCTGACCAACATGGTGAAACCCCGTCTCTACTAAAAATACAAAAAAATTAGCTGGGCGTGGTGGCGGGCACCTGTAATCCCAGCAACTTGGGAGGCTGAGGCAGGAGAATCGCTTGAAACTGGAAGGTGGAGGTTGCAGCGAGCCAAGATTGCACCACTGCACTCTAGCCTGGGCAATAAGAAAAAACTGTGTCTCAAAAAAAAAAA","GACCGGGCGTGGTGGCTCATGCCTGTAATCTCAGCACTTTGGGAGGCCGAGGCGGGTGGATCACAAGGTCAGCAGTTCGAGACCAGCCTGACCAACATGGTGAAACCCCGTCTCTACTAAAAATACAAAAAAATTAGCTGGGCGTGGTGGCGGGCACCTGTAATCCCAGCAACTTGGGAGGCTGAGGCAGGAGAATCGCTTGAAACTGGAAGGTGGAGGTTGCAGCGAGCCAAGATTGCACCACTGCACTCTAGCCTGGGCAATAAGAAAAAACTGTGTCTCAAAAAAAAAAAAA"
"chr1","174336095","174336373","chr1","173249503","173249813","34","1086592","GGCCGAATGTAGTGGTTCACACCTGTTATCCCAGCACTTTGGGAGGCCTAGGCGGGCGGATCACGAGGCCAAAAGTTCGAGACCAGCCTGGCCAACATGGTGAAACCTCATCTCTACTAAAAATACAAAAATTAGTAGGGTGTGATGGTGGGTGCCTGTAATCCCAGCTACTCAGGAGGCTGAGGCAGGAGAATAGCTTGAAACCAGAAGGTGGAAGTTGCAGTGAGCTGAGATTATGCCACTGCACCCCAGCCTGGGCAACAAGAGCAAAACTCCGTC","GGCTGAATGTAGTGGTTCACACCTGTTATCCCAGCACTTTGGGAGGCCTAGGCGGGCGGATCACGAGGCCAAAAGTTCGAGACCAGCCTGGCCAACATGGTGAAACCTCATCTCTACTAAAAATACAAAAATTAGTAGGGTGTGATGGTGGGTGCCTGTAATCCCAGCTACTCAGGAGGCTGAGGCAGGAGAATAGCTTGAAACCAGAAGGCGGAAGTTGCAGTGAGCTGAGATTATGCCACTGCACCCCAGCCTGGGCAACAAGAGCAAAACTCCGTCAAAAAAAACAAAAACAAAAACAAAAACAAAAA"
"chr1","177714108","177714420","chr1","176516666","176516976","5","1197442","GGCAGGGCGCAGTGGCTCACGCCTGTAATCCCAGCACTTTGGGAGGCCGAGGCAGACGGATCACGAGGTCAGGAGTTCAAGAACAGCCTGGCCAACATGGTGAAACCCTGTCTCTACTAAAAATACAAAAATTAGCCAGGCATGGTGGCAGGCGCCTGTAAATCCCAGCTACCGGGGAGGCTGAGGCAGGAGAATCGCTTGAAGCCAGAAGGCGGAGGTTGCAGTGAGCTGAGATTGTGCCACTGCAGTCCAGCCTGGCCAACAAGAGGGGAACTTAGTCAACAAAAAAAAAAAAAAGGAAAGAAAGAAAAAA","GGCAGGGCGCAGTGGCTCACGCCTGTAATCCCAGCACTTTGGGAGGCCGAGGCAGACGGATCACGAGGTCAGGAGTTCAAGAACAGCCTGGCCAACATGGTGAAACCCTGTCTCTACTAAAAATACAAAAATTAGCCAGGCATGGTGGCAGGCGCCTGTAATCCCAGCTACCGGGGAGGCTGAGGCAGGAGAATCGCTTGAAGCCAGAAGGCGGAGGTTGCAGTGAGCTGAGATTGTGCCACTGCAGTCCAGCCTGGCCAACAAGAGGGGAACTTAGTCTCAAAAAAAAAAAAAAAGGAAAGAAAGAAAAA"
"chr1","180495927","180496224","chr1","179332608","179332903","5","1163319","GGCCGGGTGCGGTGGCTCATGCCTATAATCCCAGCACTTTGGGAGGCCAACGTGGGAGAATCATGAGGTCAAGAGTTCAAGACCAGCTTGGCCAACATGGTGAAACCCCGTCTCTACTAAAAATACAAAAAAAATTAGCTGGGCATAGTGGCAGACACCTGTAATCCCAGCTACTCCGGAGGCTGAGGCAGCAGAATCGCTGGAAGGCGGAGGTTGCAGTGAGCCCAGATCATGCCACTGCACTCCAGTCTGGGCAACAAGAATGAAACTCTGTCTCAAAACAAAACAAAACAAAAAA","GGCCGGGTGCGGTGGCTCATGCCTATAATCCCAGCACTTTGGGAGGCCAACGTGGGAGAATCATGAGGTCAAGAGTTCAAGACCAGCTTGGCCAACATGGTGAAACCCCGTCTCTACTAAAAATACAAAAAAAATTAGCCGGGCATAGTGGCAGACACCTGTAATCCCAGCTACTCGGGAGGCTGAGGCAGCAGAATCGCTGGAAGGCGGAGGTTGCAGTGAGCCCAGATCACGCCACTGCACTCCAGTCTGGGCAACAAGAATGAAACTCTGTCTCAAAACAAAACAAAACAAAA"
"chr1","181426509","181426814","chr1","180294340","180294640","6","1132169","GGCCAGGTGCAATGGCTCATGCCTGTAATCCCAGCACTTTGGGAGGCTGAAGCAGGCAGATCACAAGGTCAGGAGTTCGAACCAGCCTGGCCAACAAGGTGAAATCCCATCTCTACTAAATATACAAAAATTAGCCAGGCGTGGTGGTGGGCACCTGTAATCCCAGCTACTTGGGAGGCTGAGGCAGGAGAATCTCTTGAAACCGGAAGGCAGAGGTTGCAGTGAGCCGAGATTACGCCATTGCACTCCAGCCTGGGCAACAGAGTGAAATTCTGTCTCAAAGAAAAATAAAATAAAATAAATAAA","GGCCAGGTGCAATGGCTCATGCCTGTAATCCCAGCACTTTGGGAGGCTGAAGCAGGCAGATCACAAGGTCAGGAGTTCGAACCAGCCTGGCCAACAAGGTGAAATCCCATCTCTACTAAATATACAAAAATTAGCCAGGCGTGGTGGTGGGCACCTGTAATCCCAGCTACTTGGGAGGCTGAGGCAGGAGAATCTCTTGAAACCGGAAGGCAGAGGTTGCAGTGAGCCAAGATTACGCCATTGCACTCCAGCCTGGGCAACAGAGTGAAATTCTGTCTCAAAGAAAAATAAAATAAAATAA"
"chr1","182437133","182437431","chr15","75070840","75071138","48","107366293","GACTGGGCGCAGTGGCTCACACCTGTAATCCCAGCACTTTGGGAGGCTGAAGCCTCATGGACCACGAGGTCAGGAGTTCGAGACCAGCCTGGCCAACATTGTGAAACCCCATCTCTACTAAAATTATAAAAACTTAGCTCGGCATGGTGGCGGACACCTGTTAAGCTTTTCGGGAGGCTGAAGCAGGAGAATCGATTGAACCCGGAAGGCGGGGGTTGCAGTGAGCCAAGATTGCACCGTTGCACTCCAGCCTGGGCAACAAGAGCGAAACTCCGTCTATAAATAAACAAACAAACAAA","GGCTGGGCGTGGTGGCTCATGCCTGTAATCCCAGCACTTTGGGAGGCCGAGGCTGGTGGATCACAAGGTCAGGAGTTCGAGACCAGCCTGGCCAACATGGTGAAACCCTGTCTCTACTAAAAATACAAAAATTAGCTGGGCATGGTGGCGTGCACCTGTAATCCCAGCTACTCGGGAGGCTGAGGCAGGAGAATCGCTTGAAACTGGAAGGCGGAGTTTGCAGTGAGCCGAGATCGTGCCACTGCACTCCAGGCTGGGCAACAAGAGCAAAACTCCGTCTCAAAAAAAAAAAAAAAAAA"
"chr1","182608735","182609024","chr1","181504369","181504659","1","1104366","GCTGGGCAAAGTGGCTCACGCCTATAATTCCAGCCCTTTGGGAGGCTGAGGCGGGCAGATCGCGAGGCCAGGAGTTTGAGACCATCCTGGCCAACATGGTGAAACCCCACCTCTACTAAAAATACAAAAATTAGCCAGGTGTGGTGGTGGGTGCCTGTAATCCCAGCTACTCAGGAGGCTGAGGCAGGAGAATCGCTTGAAACCAGAAGGCGGAGGTTGCAGTGAGCCAAGATCATGCCACTGTACTCCAGCCTGGGCAACAAGAATGAAACTCCGTCTCAAAAAAAAAA","GCTGGGCAAAGTGGCTCACGCCTATAATTCCAGCCCTTTGGGAGGCTGAGGCGGGCAGATCGCGAGGCCAGGAGTTTGAGACCATCCTGGCCAACATGGTGAAACCCCACCTCTACTAAAAATACAAAAATTAGCCAGGTGTGGTGGTGGGTGCCTGTAATCCCAGCTACTCAGGAGGCTGAGGCAGGAGAATCGCTTGAAACCAGAAGGCGGAGGTTGCAGTGAGCCAAGATCATGCCACTGTACTCCAGCCTGGGCAACAAGAATGAAACTCCGTCTCAAAAAAAAAAA"
"chr1","183870457","183870654","chr22","37181857","37182051","34","146688600","CCAGGTGCGGTGGCTCACGCCTGTAATGCCAACACTTTGGGAGGCCAAGGTGGGCAGATCACAAAGTCAGGAGTTCGAGACCAGCCTGGCCAACATGGTGAAACCCCATTTCTACTAAAAATACAAAAATTAGCAGGGCATGGTTGCAGGAGCCTGTAATCCCAGCTACTTAGCGCGCTGAGGCAGGAGAATCATTTG","GGCTAGGCACACTGGCTCACGCCTGTAATCCCAACACTTTGGGAGGCTGAGGTGGGCAGATCATGAGGTCAGGAGTTCGAGACCAGCCTGACCAACAAGGTGAAACCCCATCTCTACTAAAAATACAATAATTAGCCGGGCATGGTGGCTGGCACCTGTAGTCCCAGCTACTCAGGAGGCTGAGGCAACAGAATC"
"chr1","184293060","184293344","chr6","158035567","158035859","38","26257493","GCCAGGCACGGTGGCTCACGCCTGTAATCCCAGCACTTTGGGAGGCCAAGGCAGGTGGGTCACGAGGTCAGGAGATCGAGACCAACCTGGCCAACATGATGAAACCCCTTATCTACTAAAAATACAAAATTTAGCCGGGCATGGTGGCAGGTGCCTGTGATCCCAGCTACTCAGGAGGCTGAGGCAGGAGAATCGCTTGAAACCGGAAGGTGGAGGTTGCAGTGAGCTGAGATCGTGCCACTTCAATGCAGCCTGGGTGACAGAGGCTCCGTCTCAAAAAAAAAA","GCCAGGCACAGTGCCTCATGCCTGTAATCCCAGCACTTTGGGAGGCCGAGGTGGGTGGATCATGAGGTCAGGAGTTCAAGACCAGACTGGCCAACATGGTGAAACCCTGTCTCTACTAAAAATACAAAACTTAGCCGGGCATGGTGGCGGGTGCCTGTAATCCCAGCTACTCAGGAGGCTAAGGCAGGAGAATCACTTGAAACTGGAAGGCGGAGGTTGCAGTGAGCTGAGATTGTGCCACTACACTCCAGCCTGGGTGAAAGAGCAAAACTCCATCTCAAAAAAAAAAAAAA"
"chr1","184608659","184608791","chr1","183558300","183558435","4","1050359","TCGGGAGGCTGAGGCAGGAGAATGTCTTGAAACCAGAAGGTGGAGGTTGCAGTGAGCCAAGATCGCGCCACTGCACTCCAGCCTGGGCAACAGGAGCAAAACTCTGTCTCAAAAAACAAACAAACAAACAAAA","TCGGGAGGCTGAGGCAGGAGAATGTCTTGAAACCAGAAGGTGGAGGTTGCAGTGAGCCAAGATCACGCCACTGCACTCCAGCCTGGGCAACAGGAGCAAAACTCTGTCTCAAAAAACAAACAAACAAACAAACAAA"
"chr1","186061562","186061816","chr1","185272132","185272389","6","789430","GAGGCCAAGGCGGGTGGATCACGAGGTCAGGAGTTCAAGACAAGCCTGGCCAACATGGTGAAACCCCATCTCTACTGAAAACACAAAAATTAGTCGGGCATGGTGGCAGGAGCCTGTAATCCCAGCTACTCGGGAGGCTGAGTCAGAAGAATCGCTTGAAACTGGAAGGTGGAGGTTGCAGTGAGCTGAGATCGTACCACTGCACTCTAGCCTAGGCAACAAGAGTGAAACTCCATCTCAAAAAAAAGAAAAGAA","GAGGCCAAGGCGGGTGGATCACGAGGTCAGGAGTTCAAGACAAGCCTGGCCAACATGGTGAAACCCCATCTCTACTGAAAACACAAAAATTAGTCGGGCGTGGTGGCAGGAGCCTGTAATCCCAGCTACTCGGGAGGCTGAGTCAGAAGAATCGCTTGAAACTGGAAGGTGGAGGTTACAGTGAGCTGAGATCGTACCACTGCACTCTAGCCTAGGCAACAAGAGTGAAACTCCATCTCAAAAAAAAATAAAAAAGAA"
"chr1","186947639","186947930","chr1","54402574","54402862","35","132545065","GGCTGGACGTGGTGGCTCATGCCTGTAATCCTAGCACTTTGGGAAGCCAAGGTGGGTAGATCAGGAGATCAGGAGTTTGAGAACAGCCTGGCCAACATGGTGAATCCCCATCTCTACTAAAAATACAAAAATTAGCCAGGCGTGGTGGCGGGTGCCTGTAATCCCAGCTACTCAGGAGGCTGAGGCAGGAGAATTGCTTGAACCCAGGAAGGGGGAGGTTGCAGTGAGCCGAGATCGTGCCACTGCACTCCAGCCTGGGCAACAAGAGCGAGAGACTCCATCTCAAAAAAAA","GCCGGGCGCGGTGGCTCACACCTGTAATCCCAGCACTTTGGGAGGCTGAGGTGGGTGGATCACAGGGTCAGGAGTTTGAGACCAGCCAGGCCAACATGGTGAAACCCCGTCTCTACTAAAAATACAAAAATTAGCCGGGCGTGGTGGCTGTTGCCTGTAATCCCAGCTACTCAGGAGGCTGAGGCAGGAGAATTGCTTGAAACCGAAAGGCAGAGGTTGCAGTGAGCCAAGATCGCACCATTGCACTCCAGCCTGGGCAACAAGAGTGAGACTCCATCTCAAAAAAAAA"
"chr1","187278154","187278453","chr1","186501609","186501909","2","776545","GGCCGGGTGCGGTGGCTCACGCCCGTAATCCCAGCACTTTGGGAGGCTGAGGCGAGTGGATCACGAGGTCAGCAGTTCGAGACCAGCCTGACCAACATGGTGAAACCCTGTCTCTACTAAAAATACTAAAAAATAGCTGGGCGTGGTGGCGGGCACCTGTAATCCCAGCTACTTGGGAGGCTGAGGCAGGAGAATCGCTTGAAACCGGAAGGCGGAGGTTGCAGTGAGCCGAGATTGCACCACTGAACTCTAGCCTGGGCAACAAGAGCAAAACTCTGTCTCAGATTAAAAAAAAAAGAA","GGCCGGGTGCGGTGGCTCACGCCCGTAATCCCAGCACTTTGGGAGGCTGAGGCGAGTGGATCACGAGGTCAGCAGTTCGAGACCAGTCTGACCAACATGGTGAAACCCTGTCTCTACTAAAAATACTAAAAAATAGCTGGGCGTGGTGGCGGGCACCTGTAATCCCAGCTACTTGGGAGGCTGAGGCAGGAGAATCGCTTGAAACCGGAAGGCGGAGGTTGCAGTGAGCCGAGATTGCACCACTGAACTCTAGCCTGGGCAACAAGAGCAAAACTCTGTCTCAGATTAAAAAAAAAAAGAA"
"chr1","191857644","191857909","chr11","48198367","48198629","46","143659277","GCTGGGCACGGTGGCTCACACCTGTAATCCCAGCACTTTGAGAGGCTGAGGTGGGCAGATCACAAGGTCAGGAGTTCGAGACCAGCGTGGCCAACATGGGGAAATCCTGTCTCTACTAAAAATACAAAAATCGGCCTGGCGTGGTGGCGGGTGCCTGTAATCCCAGCTGTGCAGGAGGCTGAGGTTGCAGTGAGCCAAGATCGTGCCATTGCACTCCAGCCTGGGTGACAAGAGCAAGACTCCATCTCAAAACAAACAAACAAAAA","GGCCAGGCACGGTGGCTCACACCTGTAATCCCAGCACTTTGGGAGGCTAAGGCAGGCGGATCACGAGGTCAGGAGATGGAGACCATCCTGGCTAACACAGTGAAACCCTATGTCTACTAAAAATACAAAAATTAGCTGGGCATGGTGGCGGGCGCCTGTAATCCCAGCTACTTGGGAGGCAGAGGTTGCGGTGAGCCAAGATCGCACTATTGCACTCCAGCCTGGGCAATAAGAGCGAAACTCCGTCTCAAAAAAAAAAAAAA"
"chr1","192186237","192186527","chr1","190875761","190876053","2","1310476","GCCAGGTGCGGTGGCTCACACCTGTAATCCCAGGACTTTGGGAGGCTGAGGTGGGCAGATCACGAGGTCAGGAGCTCGAGACCAGCCTGGCCAACATGGTGAAACCTCGTCTCTACTAAAAATACAAAAATTAGCCAGATGTGGTGGCAGGTGCCTGTAATCCTAGCTACTCGGGAGGCTGAGGCAGAAGAATAGCTTGAAACTGGAAGGCGGAGGTTGCAGTGAGCCGAGATCGTACCACTGTACTCCAGCCTGGGCAACAAGAGTAAAATTCTGTCTCAAAAAAAAAAA","GCCAGGTGCGGTGGCTCACACCTGTAATCCCAGGACTTTGGGAGGCTGAGGTGGGCAGATCACGAGGTCAGGAGCTCGAGACCAGCCTGGCCAACATGGTGAAACCTCGTCTCTACTAAAAATACAAAAATTAGCCAGATGTGGTGGCAGGTGCCTGTAATCCTAGCTACTCGGGAGGCTGAGGCAGAAGAATAGCTTGAAACTGGAAGGCGGAGGTTGCAGTGAGCCGAGATCGTACCACTGTACTCCAGCCTGGGCAACAAGAGTAAAATTCTGTCTCAAAAAAAAAAAAA"
"chr1","192575743","192576053","chr1","191264260","191264569","3","1311483","GGCCGGGCATGGTGGCTCACGCCTGTAATCCCAACACTTTGGGAGGCTGAGGCAGATGGATCACAAGGTCAGGAGTTTGAGACCAGCCTGGCTAACATGGTGAAACCCTGTCTCTACTAAAAATACAAAAACCAGCCGGGTGTGGTGGCAGGCTCCTGTAATCCCAGCTACTTGGGAGGCTGAGGCAGGAGAATCTCTTGAAACAGGAAGGTGGAAGTTGCAGTGAGCTGAGATCGCGCCATTGCACTCCAGCCTGGGCAACAAGAGCAAAACTCCATCTCAAAAAACAAAAACAAAAACAAAAACAAAAA","GGCCGGGCATGGTGGCTCACGCCTGTAATCCCAACACTTTGGGAGGCTGAGGCAGATGGATCACAAGGTCAGGAGTTTGAGACCAGCCTGGCCAACATGGTGAAACCCTGTCTCTACTAAAAATACAAAAACCAGCCGGGTGTGGTGGCAGGCTCCTGTAATCCCAGCTACTTGGGAGGCTGAGGCAGGAGACTCTCTTGAAACAGGAAGGTGGAAGTTGCAGTGAGCTGAGATCGCGCCATTGCACTCCAGCCTGGGCAACAAGAGCAAAACTCCATCTCAAAAAACAAAAACAAAAACAAAAACAAAA"
"chr1","199262331","199262609","chr15","87002141","87002432","44","112260190","GGTCGGGCTCGGTGGCTCATGCCTGTAATCCCGCCGAGGTGGGCGGATCACAAGGTTAGGAGTTCGAGACCAGCCTGGCCAACATGGTGAAACCCCATCTCCACTAAAAATACAAAAATTAGCTAGGCGTGGTGGCAGGCGCCTGTAGTCCCAGCTACTCGGGAGGCTGAGGCTGGAGAATCACTTGAATCCGGGAGGCAGAGGTTACAGTGAGCTGAGATCACACCACTGCACTCCAGCCTGGGCAACAAGAGCAAAACTCTGTCTCAAACAAACAAA","GGTTAGGTGCGGTGGCTCATGCCTGTAATCCCAGCACTTTGGGAGGCTGAGGCCGGCGGATCACGAGGTCAGGAGTTTGAGACCAGCCTGGCCAACATGGTGAAACACCGTCTCTACTAAAAATACAAAAATTAGCTGGGCATGGTGGCAGACGCCTATAATCCCAGCTACTCAGGAGGCTGAGGCAGGAGAAGCGCTTGAAACCGGAAGGTGGAGGTTGCAGTGAGCCGAGATCACGCCACTGCCCTCCAGCTTGGGCAACAAGAGCAAAACTCCGTCTCAAAAAAAAAAA"
"chr1","204044378","204044529","chr1","202678414","202678563","3","1365964","AGCTACTCGGGAGGCTGAGGCAGGAGAATTGCTTGAGATCAGGAGGCAGAAGCTGCAGCGAGCCGAGATCGTGGCACTGCACTCCAGCCTGGGCAACAAGAGTGAAACGTTGTCTACAAGAAAAAAAAAAAAAGAAAGTAGCAAAAAGAAAA","AGCTACTCGGGAGGCTGAGGCAGGAGAATTGCTTGAGATCAGGAGGCAGAAGCTGCAGCAAGCCGAGATCGTGGCACTGCACTCCAGCCTGGGCAACAAGAGTGAAACGTTGTCTCAAGAAAAAAAAAAAAGAAAGTAGCAAAAAGAAAA"
"chr1","204903376","204903682","chr1","203598159","203598465","6","1305217","CCGGGCGTGGTGGCTCACACCTGTAATCCCAGCACTTTGGGAGGCTGAGGCGGGTGGATCACGAGATCAGCAGTTCGAGACCAGCCTGACAAACATGGTGAAACCCTGTCTCTACTAAAAAAAAAATACAAAAAAATTAGCTGGGTGTGGCGGCGGGTGCCTGTAATCCCAGCTACTTCAGAGGCTGAGGCAGGAGAATCGATTGAAACTGGAAGGCGGAGGTTGCAGTGAGCTGAGATTGTGCCACTGCACTCTAGCCTGGGCAACGAGAGCAAAAACTCTGTCTACAAAAAAAAAAAAAAAAAAA","CCGGGCGTGGTGGCTCACACCTGTAATCCCAGCACTTTGGGAGGCTGAGGCGGGTGGATCACGAGATCAGCAGTTCGAGACCAGCCTGACAAACATGGTGAAACCCTGTCTCTACTAAAAAAAAAATACAAAAAAATTAGCTGGGTGTGGCGGCGGGTGCCTGTAGTCCCAGCTACTTCGGAGGCTGAGGCAGGAGAATCGATTGAAACTGGAAGGCGGAGGTTGCAGTGAGCCGAGATTGTGCCACTGCACTCTAGCCTGGGCAACGAGAGCAAAACTCTGTCTCAAAAAAAAAAAAAAAAAAAAA"
"chr1","206331347","206331658","chr2B","206850402","206850711","35","519055","GGCTGGCTGCGGTGGCTGACGCCTGTAATCCCAACACTTTGGGAGGCTGAGGCAGGCAGATCACGAGGTCAGGAGTTCAAGACCAGCCTGGCCAACATGGTGAAACTCCGTCTCTACTAAAAATACAAAAATTAGCCAGGCTTGGTGGCGGGTGACCTAGTAATCCCAGCTACTCGGGAGGCTGAGGCAGGAGAATCGCTTGAAACCGGAAGGCGGAGGTTGCAGTGAGCCAAGATCACCCCACTGCAACTCCAGCCTGAGTGAAAGAGCAAAAACTGTCTCAAAGAAAAACAAAAAAAAAAAAAAAGAAAA","GGCCAGGCGCAGTGGCTCACGCCTGTAATCCCAGCACTTTGGGAGGCCGAGGCAGGCAGATCACGAGGTCAGGAGTTCGAGACCAGCCTGGCCAACATGGTGAAACCCCATCTCTACTAAAAATACAAAAATTAGCCAGATGTAGTGTTGGGTATCTGTAATCCCAGCTACTCGGGAGGCTGAGGCAGGAGAATCACTTGAAACCAGAAGGCAGATGTTGCAGTGAGCCAAGATCACACCACTGCACTCCAGCCTGGGTGAAAGACCGAAACTCTGTCTCAAAAAAAAAAAAAAAAAAGAAAGAAAGAAA"
"chr1","207170393","207170699","chr12","56532774","56533071","53","150637619","GGCTGGGCGTGGTGGCTCACGCCTGTAATCCCCAACACTTTGGGAGGCCGAGGCAGGCGGATCACAAGGTCAGAAATTCAAGACCAGCCTGGCCAACATAGTGAAACCTCGTCTCTACTAAAAATACAAAAATTAGCCAGGTGTGGTGGTGGGCACCTGTAGTCCCAGCTACTTGGGAGGCTGAGGCAGGAGAATCACTTGAAACCAGGAGGCGGAGCTTGCAGTGAGCCGAGATCGCACCACTGCACTCCAGCCTGAGCGAAGAGNNNNNNNNNNNNNNNNNNNNAAAAAAAAAAAAGAGAGAAAA","GGCTGGGTGTGGTGGCTCACGCCTGTAATCCCAGCACTTTGTGAGGCCGAGGTGGGTGGATCACAAGGTCAGGAGTTTGAGACCAGCCTGACCAACATGGTGAAACCCCGTCTCTACTAAAAATACAAAAATTAACCAAGCGTGGTGGTGGGCATCTGTAATCCCAGCTACTCAGGAGGCTGAGGCAGGAGAATCTCTTGAAATCAGAAGGCGGAGGTTGCAGTGAGCCGAGATCACACCACTGCACTCCAGCCTGGGCAACAAGAGCAAAACTGTCTCAAAAAAAAAAAAAAAAAAA"
"chr1","209269025","209269230","chr9","124034099","124034298","39","85234926","GCACGGAGGCTCACGCCTGTAATCCCAGCACTTTGGGAGGCCGAGGAGGTCAGATCATGAGGTCAAGAGTTTGAGACCAGCCTGCCCAATATGGTGAAACCGCATCTCTACTAAAAGTAAAAAATTAGCCAGGCTATGTGGTGGGCGCCTGTAATCCCAGCTGCTCGGGAGACTGAGGCAGAAGAATCGCTTGAAACTCGAGAGGC","GCCGGGCACCATGGCTCACGCCTGTAATCCCAGCACTTTGGGAGGCCGAAGCGGGCAGATCATGAGGTCAGGAGTTTGAGACCAGCCTGGCCAACATGCTGAAACCCCATCTCTACTAAAATACAAAAATTAGCCGGGCATGGTGGTGGGCACCTGTCATCTCAGCTACTCAGGAGGCTGAGGCAGGAGAACTGCTTGAA"
"chr1","211371026","211371316","chr1","209912403","209912694","1","1458623","GGCCAGGTGTGGTGGCTCACACCTGTAATGCTAGCACTTTGGGAGGCCTAGGTGGGTGGATCATGAGGTCAGGAGTTTGAGATCAGCCTGGCCAACATGATGAAACCCCGCCTCTACTAAAAATACAAAAATTAACCAGTTGTGGTTGCAGGCGCCTGTAGTCCCAGCTACTCAGGAGGCTGCAGCAGGAGAATCACTTGAAATCAGAAGGCAGAAGTTGCACTGAGCCGAGATTGCACCACTGCACTCCAGCCTGGGCAACAAGAGTGAAACTCCATCTCAAAAAAAAAA","GGCCAGGTGTGGTGGCTCACACCTGTAATGCTAGCACTTTGGGAGGCCTAGGTGGGTGGATCATGAGGTCAGGAGTTTGAGATCAGCCTGGCCAACATGATGAAACCCCGCCTCTACTAAAAATACAAAAATTAACCAGTTGTGGTTGCAGGCGCCTGTAGTCCCAGCTACTCAGGAGGCTGCAGCAGGAGAATCACTTGAAATCAGAAGGCAGAAGTTGCACTGAGCCGAGATTGCACCACTGCACTCCAGCCTGGGCAACAAGAGTGAAACTCCATCTCAAAAAAAAAAA"
"chr1","211897223","211897528","chr1","210445793","210446103","8","1451430","GGCCGGGTGCAGTGGCTCATGCCTGTAATCCAAACACTTTTGGAGGCCGAGGCAGGCGGATCACAAGGTCAGGAGTTCCAGACTAGCCTGGCCAACATGGTGAAACCCTGTTTCTACCAAAAAATACAAAAATTAGCTGGGCGGGGTGGCGGGCACCTGTAATCCCAGCTACTCAGAAGGCTGAGGCAAGAGAATTGCTTGAAACTGGAAGGTGGAGGTCATAGTCAGCCGAGATCACACCACTGCACTCCAGCCTGGGCAAAAAAGGGAACTCCGTCTCAAAAAAAAAAAAAAAAAAAAAAAAAA","GGCCGGGTGCAGTGGCTCATTCCTGTAATCCAAACACTTTTGGAGGCCGAGGCAGGCGGATCACAAGGTCAGGAGTTCCAGACTAGCCTGGCCAACATGGTGAAACCCTGTTTCTACTAAAAAATACAAAAATTAGCTGGGCGGGGTGGCGGGCACCTGTAATCCCAGCTACTCAGAAGGCTGAGGCAAGAGAATTGCTTGAAACTGGAAGGTGGAGGTCATAGTCAGCCGAGATCACACCACTGCACTCCAGCCTGGGCAAAAAAGGGAAACTCCGTTTCAAAAAAAAAAAAAAAAAAAAAAAAAAAAAA"
"chr1","212391541","212391852","chr1","210951786","210952093","5","1439755","GGCTGGGCGCGGTGGCTCACGCCTGTAATCCCAGCACTTTGGAAGGCTGAGGTGGGTGGATCACAAGGTCAGGAGTTTGAGAACAGCCTGGCCAACATGGTGAAACCCCGGCTCTAATAAAAAATACAAAAATTAACTGGGCGTGGTGGTGGGCACTTGTAATCCTAGCTACTTGGGAGGCTGAGGCAGGAGAATAGTTTGAAACTGGAAGGCGGAGGTTGCAGTGAGCTGAGATCGCACCACTGCACTCCAGCCTGGGCAACAAGAACAAAACTCTGTCTCACAAAAAAGAAAGAAAGAAAGAAAGAAAAA","GGCTGGGCGCGGTGGCTCACGCCTGTAATCCCAGCACTTTGGAAGGCTGAGGTGGGTGGATCACGAGGTCAGGAGTTTGAGAACAGCCTGGCCAACATGGTGAAACCCCGGCTCTAATAAAAAATACAAAAATTAACTGGGCGTGGTGGTGGGCACTTGTAATCCTAGCTACTTGGGAGGCTGAGGCAGGAGAATAGTTTGAAACTGGAAGGCGGAGGTTGCAGTGAGCTGAGATCGCACCACTGCACTCCAGCCTGGGCAACAAGAACAAAACTCTGTCTCAAAAAAGAAAGAAAGAAAGAAAGAAA"
"chr1","220102234","220102531","chr1","218880378","218880677","5","1221856","GGCCAGGCGTGGTGGCTCACGCCCATAATCCCAGCGCTTTGGGAGGCCAAGGCAGGTAGATCATGAGGTCAGGAGTTTGACACCAGCCTTGTCAACATAGTGAAACCCCATCTCTACTAAAAATACAAAAATTAGCTGGGCGTGTTGGCTGACGCCAGTAATCCCAGCTACTGGGGAGGCTGAGGCAGGAGAATCACTTGAAACTGGAAGGTGGAGGTTACAGTGAGCTGAGGTCGCGCCACTGCACTCCAGCCTGGGCAAAAGAGTGAAACTCTGTCTCCAAAAAAAAAAAAAAAAA","GGCCAGGCGTGGTGGCTCACGCCCATAATCCCAGCTCTTTGGGAGGCCAAGGCAGGTAGATCATGAGGTCAGGAGTTCGACACCAGCCTTGTCAACATAGTGAAACCCCATCTCTACTAAAAATACAAAAATTAACTGGGCGTGTTGGCTGACGCCAGTAATCCCAGCTACTGGGGAGGCTGAGGCAGGAGAATCACTTGAAACTGGAAGGTGGAGGTTACAGTGAGCTGAGGTCGCGCCACTGCACTCCAGCCTGGGCAAAAGAGTGAAACTCTGTCTCCAAAAAAAAAAAAAAAAAAA"
"chr1","221806776","221807083","chr1","220613181","220613488","2","1193595","GCCAGGCGTGGTGATTCATGCCTGTAATTCCAGCACTTTGGGAGGCCGAGGCGGGTGGATCACGAGGTCAGGAGTTCGAGAGCAGCCTGGTCAACATGGTGAAACGCCGTCTCTACTAAAAATACAAAAATTAGCCAGGCATGGTGGAGGACACCTGTAATCCCAGCTACTCTGGAGGCTAGGGCAAGAGAATCCCTTCAAACCAGAAGGCTGAGGTTGCAGTGAGCCGAGATCACACCACTGCACTCCAGCCTGGGCGAAAGAGCAAAACTCTTTCTCAAAACAAAACAAACAAACAAAAACAAAAA","GCCAGGCGTGGTGATTCATGCCTGTAATTCCAGCACTTTGGGAGGCCGAGGCGGGTGGATCACGAGGTCAGGAGTTCGAGAGCAGCCTGGCCAACATGGTGAAATGCCGTCTCTACTAAAAATACAAAAATTAGCCAGGCATGGTGGAGGACACCTGTAATCCCAGCTACTCTGGAGGCTAGGGCAAGAGAATCCCTTCAAACCAGAAGGCTGAGGTTGCAGTGAGCCGAGATCACACCACTGCACTCCAGCCTGGGCGAAAGAGCAAAACTCTTTCTCAAAACAAAACAAACAAACAAAAACAAAAA"
"chr1","223630458","223630757","chr1","222031334","222031633","0","1599124","GGCCGGGCGTGTGGCTCACACCTGTAATCCCAGCACTTTGGGAGGCCGAGACGGGTGGATCACAAGGTCAGGAGTTCGAGACCAGCCTGGCCAACAAGGTGAAACCCCATTCCTACTAAAAATACAAAAATTAGCAGGACATGGTGGTGGGTCCCTGTAATCCCAGCTACTCGGGAGGCTGAGGCAGAAGAATCACTTGAAACCTGAAGGCAGAGGTTGCAGTGAGCCGAGATTGGGCCATTGCACTCCAGCCTGGGCAACAAGAATGAAACTCTGTCTCAAACAAACAAATAAACAAAA","GGCCGGGCGTGTGGCTCACACCTGTAATCCCAGCACTTTGGGAGGCCGAGACGGGTGGATCACAAGGTCAGGAGTTCGAGACCAGCCTGGCCAACAAGGTGAAACCCCATTCCTACTAAAAATACAAAAATTAGCAGGACATGGTGGTGGGTCCCTGTAATCCCAGCTACTCGGGAGGCTGAGGCAGAAGAATCACTTGAAACCTGAAGGCAGAGGTTGCAGTGAGCCGAGATTGGGCCATTGCACTCCAGCCTGGGCAACAAGAATGAAACTCTGTCTCAAACAAACAAATAAACAAAA"
"chr1","223824596","223824893","chr1","222237745","222238044","4","1586851","GGGCATGGTGGTTCATGCCTGTAATCCCAGCACTTTGGGAGGCCTAGGTAGGTGGATCATGAGGTCAGGAGTTCAAGACCAGCCTGGCCGACATGGTGAAGCCCCGTCTATATTAAGAATCCAAAAACATTAGCCAGGCATGGTGGCATGCGCCTGTAATCCCAGCTACTTGGGAGGCTGAGGCAGAAGAATCACTTGGAATCAGAAGGTGGAAGTTGCAGTGAGCCGAGATCGTGGCACTGCACTCCAGCCTGGGTGACAAGAGCGAAACTCCACCTCAAAAAAAAAAAAAAAAAAA","GGGCATGGTGGTTCATGCCTGTAATCCCAGCACTTTGGGAGGCCTAGGTAGGTGGATCATGAGGTCAGGAGTTCAAGACCAGCCTGGCTGACATGGTGAAGCCCCGTCTATATTAAGAATCCAAAAAAATTAGCCAGGCATGGTGGCATGCGCCTGTAATCCCAGCTACTTGGGAGGCTGAGGCAGAAGAATCACTTGGAATCAGAAGGTGGAAGTTGCAGTGAGCCGAGATCGTGGCACTGCACTCCAGCCTGGGTGACAAGAGCGAAACTCCACCTCAAAAAAAAAAAAAAAAAAAAA"
"chr1","225811381","225811658","chr1","224250652","224250929","0","1560729","GCCGGGCGCGGAGGCTCACGCCTGTAATCCCAACACTTCGGGAGGCTGAGGCGGGCGGATCACGAGGTCAGGAGTTCGGGACCAGCCTGGTCAACATGGTGAAACCTCGTCTCTACTAAAAATACAAAAATTAGCCTGGCGTGGTGGGGGGCGCCTGTAATCCCAGCTACTCGGCAGCCTGAGGAAGGAGAATAGCTTGAAAACGGAAGGCGGAGGTTGCAGGGAGCCGAGATCGTGCCACTGTACTCCAGCCTGGGAGAAAGAGCGAAACTCCGTCT","GCCGGGCGCGGAGGCTCACGCCTGTAATCCCAACACTTCGGGAGGCTGAGGCGGGCGGATCACGAGGTCAGGAGTTCGGGACCAGCCTGGTCAACATGGTGAAACCTCGTCTCTACTAAAAATACAAAAATTAGCCTGGCGTGGTGGGGGGCGCCTGTAATCCCAGCTACTCGGCAGCCTGAGGAAGGAGAATAGCTTGAAAACGGAAGGCGGAGGTTGCAGGGAGCCGAGATCGTGCCACTGTACTCCAGCCTGGGAGAAAGAGCGAAACTCCGTCT"
"chr1","227953161","227953436","chr9","130199403","130199681","39","97753758","GGCCAGGCGCGGAGGCTCATGCCTGTAATCCCAGCACTCTGGGAGGCTGAGGCAGGCAGATCACGAGGTCAGGAGTTCGAGACCAGCCTGGCCAACATGGTGAAACCCCGCCTCTAATAATACAAAAATTGGCTGGGCATGGTGGCACGTGCCTGTAATCCCAGCTACTCAGGAGGCTGAGGCAGGAGAATCACTGGAAGCTGGGAGGCAGAGGTTGCAGTGAGCCGAGATCACACCACTGCACTCCAGTCCTGGGGCAACAAGAGCGAAACTCTG","GGCCAGGCGTGGTGGCTCACGCCTGTAATCCCAGCACTTTGGGAGGCCGAGGTGGGTGGATCACGAAGTCAGGAGTTGGAGACCATCCTGGCCAACATGGTAAAACCCCGCCTCTACTAAAAATACAAAAATTAGCTGGGGGTGGTGGCATGCGCCTATAATCCCAGCTACTCAGGAGGCTGAGGCAGGAGAATCGCTTGAAACCAGAAGGCAGAGGTTGCAATGAGCCAAGATCGTGCCACTGCACTCCAGCCTGGGCAACAAGAGCGAAACTCCGTC"
"chr1","228178938","228179233","chr1","226573364","226573666","13","1605574","GCTGGGTGCGGTGGCTCACGCCTGTAATCCCAGCACTTTGGGAGGCCGAGGCGGGTGGATCACGAGGTCAGCAGTTTGAGACCAACTGGTGAAACCCCATCTCTACTAAAAATACAAAAAAATTAGCTGGGCATGGTGGCGGCTGCCTGTAATCCCAGCTACTCCGGAGGCTGAGGCAGGAGAATCTCTTGAAACTGGAAGGCGGAGGTTGCAACGAGCTGAGATTGCACCACTACACTCTAGCCTGGGCAACGAGAGCAAAACTCTGTCTCAAAAAAAAAAAAAAAAGAAGGAAA","GCTGGGCGCGGTGGCTCACGCCTGTAATCCCAGCACTTTGGGAGGCCGAGGCGGGTGGATCACGAGGTCAGCAGTTTGAGACCAACTGGTGAAACCCCATCTCTACTAAAAATACAAAAAAAATTAGCTGGGCATGGTGGCGGCTGCCTGTAATCCCAGCTACTCCGGAGGCTGAGGCCGGAGAATCTCTTGAAACTGGAAGGCGGAGGTTGCAACGAGCTGAGATTGCACCACTACACTCTAGCCTGGGCAACGAGAGCAAAACTCCGTCTCAAAAAAAAAAAAAAAAAAAAAAAAAAAGAA"
"chr1","228213261","228213556","chr1","226608896","226609182","19","1604365","GGCTGGGTGCGGTGACGCCTTTAATCCCAGCACTTTGGGAGGCCGAGGCGGGCCGATCAGGAGGTCAGGAGTTTGAGATCAGCCTGGCCAATGTGGTGAAACCCCGTCTCTACTAAAAATGCAAAATTTAGCCGGGTGTGATGGCAGACGCCTGTAATCCCAGCTACTCAGGAGGCTGAGGCAGGAGAATCACTTGAAACGGGAAGGTAGAGGTTGCAGTCAGTGGAGATCGCACCATTGCACTCCAGCCTGGGGAAAGAGCGAAACTCCGCCTCAAAAAAAAAAAAAGACAAAAA","ACGCCTTTAATCCCAGCACTTTGGGAGGCCGAGGCGGGCCGATCAGGAGGTCAGGAGTTTGAGATCAGCCTGGCCAATGTGGTGAAACCCCGTCTCTACTAAAAATGCAAAATTTAGCCGGGTGTGATGGCAGACGCCTGTAATCCCAGCTACTCAGGAGGCTGAGGCAGGAGAATCACTTGAAACGGGAAGGTAGAGGTTGCAGTCAGTGGAGATCGCACCATTGCACTCCAGCCTGGGGAAAGAGCGAAACTCCGCCTCAAAAAAAAAAAAAAAAAAGACAAAAA"
"chr1","228566235","228566533","chr19","7755139","7755434","30","220811096","GCCGGGTGCGGTGGCTCACGCCTGTAATCCCAGCACTTTGGAAGGCCGAGGTGGGCCGATCACGAGGTCAGGAGTTCAAGACCAGCCTGGCCAACATGGTGAAACCCCGTCTTTACTAAAAATACAAAAATTAGCCGGGCGTGGTGGTGAGCGCCTGTAGTCCCAGCTACTCGGGAGGCTGAGGCAGGAGAATCGCTTGAACCCAGAATGCAGAGGTTGCGGTGAGCCAGGATCAGGCCACTGCACTCCAGTCTGGGGGACAGGAGTGAAACTCCGTCTCAATAAATAAATAAATAAAA","GGCCGGGCGCGGTGGCTCACGCCTGTAATCCCAGCACTTTGGGAGGCCGAGGCGGGCGGATCACGAGGTCAGGAGTTCAAGACCAGTCTAGCCAACATGGTGAAACCCTGTATCTACTAAAAATACAAAAATTAGCCGGGCGTGGTGGTGGGCGCCTGTAATCCCAGCTACTCGGGAGGCTGAGGCAGGAGAATCGCTTGAAACCGGAAGGCAGAGGTTGCAGTGAGCCATCATGCCACTGCACTCCAGCCTGGGCAACAAGAGTGAAACCCTGTCTCAAAAAAAAAAAAAAAAAA"
"chr3","236496","236776","chr18","32707337","32707617","39","32470841","GGCCAGGCGGGGTGGCTCACACCTGTAATCCCAGAACTTTGGGAGGCTGAAGCAGGCAGATCACAAGGTCAGGTGTTTAAGACCAGCCTGGCCAGTATGGTGAAACCCTGTCTCTACTAACAATACAAAAATTAGCTGGGTGTGGTGGTGGGCACCTGTAATCCCAGCTACTTGGGAGACTGAGGCAGGAGAATTGCTTGAACCCAGTAGGCAGAGGTTGCAGTGAGCCGAGATCGTGCCATTGCACTCCAGCCTGGGCAACAAGAGTGAAACTCTGTCCC","GGCCGGGAGTGGTGGCTCATGCCTGTAATCCCAGCACTTTGGGAGGCTGAGGTGGGGGGATCACAAGGTCAGGAGTTCAAGACCAGCTTGGCCAACATGGTGAAATCCCATCTCTACTAAAAATACAAACATTAGCCAGGTGCAGTGGCGGGTGCCTGTAATCCCAGCTACTCGGGAGGCTGAGGCAGGAGAATTGCTTGAAACCAGAAGGCAGAGGTTGCAGTGAGCCGAGATCACGCCACTGCACTCCAGCCTGGGCAAAAGAGGGAAACTCTGTCTCA"
"chr3","3172930","3173235","chr3","3198186","3198490","3","25256","GGCCCGGCGCAGTGGCCGAATCCCGGCAAAAGTAATCCCGGCACTTTTGGGGGCCGAGGCCTGTGGAACACGAGGTCAGGAGTTCGAGACCAGCTTGGCCAACACGGCAAAACCCTGTCTCTACTAAAAATTAGCTGGGCGTGGTGGCAGACACCTGTAATCCCAGCTACTCGGGAGGCTGAGGCAGCAGAATCGCTTGAAACCGGAAGGCGGAGGTTGCAGTGAGCCCAGATCACGCCGCTGCACTCCAGCCTGGGCAACAAGAGCGAAACTCCGTCTCAAAAACAAAACAAAACAAAACAAAAA","GGCCCGGCGCAGTGGCCGAATCCCGGCAAAAGTAATCCCGGCACTTTTGGGGGCCGAGGCCTGTGGAACACGAGGTCAGGAGTTCGAGACCAGCTTGGCCAACACGGCAAAACCCTGTCTCTACTAAAAATTAGCTGGGCGTGGTGGCAGACACCTGTAATCCCAGCTACTCGGGAGGCTGAGGCAGCAGAATCGCTTGAAACCGGAAGGCGGAGGTTGCAGTGAGCCCAGATCACGCCGCTGCACTCCAGCCTGGGCAACAGGAGCGAAACTCCGTCTCAAAAACAAGACAAAACAAAACAAAA"
"chr3","3317490","3317745","chr3","3343502","3343757","4","26012","GAGGTGGGTGGATCACGAGGTCAGGAGTTTGAGACCAGCCTAGCCAACGTGGTGAAACCCTGTCTCTATTAAAAATACGAAAATTAGCCGAGTGTGGTGGCAGGTGCCTGTAATCCCAGCTCCTCAGGAGGCTGAGGCAGGAGAATCGCTTGAAACTGGAAGGTGGAGGTTGCAGTGAGCTGAGATCGTGCCACTGTACTCCTCAACAAGAGTGAAACTCTGTCTCAAAAGAAAAAAAAGGAAAAAAAAAAGAAAA","GAGGTGGGTGGATCACGAGGTCAGGAGTTTGAGACCAGCCTAGCCAACGTGGTGAAACCCTGTCTCTATTAAAAATACGAAAATTAGCCGAGTGTGGTGGCAGGTGCCTGTAATCCCAGCTCCTCAGGAGGCTGAGGCAGGAGAATCGCTTGAAACTGGAAGGTGGAGGTTGCAGTGAGCTGAGATCGTGCCACTGTACTCCTCAACAAGAGTGAAACTCTGTCTCAAAAGAAAAAAAAAAGGAAAAAAAAAAAAA"
"chr3","11994782","11995088","chr3","11933891","11934198","3","60891","GGCAGGGTGCAGTGGCTCACACCTGTAATCCCAGCACTTTGGGAGGCCGAGGCAGGCAGATCACGAGGTCAGAAGTTCAAGACCAGCTTGGCCAACATGGTGAAGCCCCATATCTACTAAAAATACAAAAATTAGCCAGGTGTGGTGGCGGGTGCCTGTAATCCCAGCTACTCGGGAGGCTGAGGCAGGAGAATCACTTGAAACCGGAAGGTGGAAGTTGCAGTGAGCCGAGATCGCGCCACTGCACTCCAGCCTGGGCAACAAGAGTGAAACTCTGTCTCAAAAAAAAAAAAAAAAAGCACAAAAA","GGCAGGGTGCAGTGGCTCACACCTGTAATCCCAGCACTTTGGGAGGCCGAGGCAGGCAGATCACGAGGTCAGAAGTTCAAGACCAGCTTGGCCAACATGGTGAAGCCCCATATCTAATAAAAATACAAAAATTAGCCAGGTGTGGTGGCGGGTGCCTGTAATCCCAGCTACTCGGGAGGCTGAGGCAGGAGACTCACTTGAAACCGGAAGGTGGAAGTTGCAGTGAGCCGAGATCGCGCCACTGCACTCCAGCCTGGGCAACAAGAGTGAAACTCTGTCTCAAAAAAAAAAAAAAAAAAGCACAAAAA"
"chr3","19497920","19498217","chr3","19523725","19524024","2","25805","GGCTGGGTGTGGTGGCTCAGGCCTGTAATTACAGCACTTTGGGAGGCCAAGGTGGGTGGATCACAAGGTCAGGAGTTCAAAACCAGCCTGGCCAATATGGTGAAACCCCATCTCTACTGAAAATACAAAAATTAGCCCGGCATGGTGGTGGGCCCCTGTAATCCCAGCTACTCAGGAGGCTGAGACAGGAGAATCACTTGAAACTAGAAGGCAAAGGTTGCAGTGAGTCAAGATCGCGCCACTGCACTCCAGCCTGGGCAACAAGAGCGAAACTCCGTCTCAAAAAGAAAAAAAAAAA","GGCTGGGTGTGGTGGCTCAGGCCTGTAATTACAGCACTTTGGGAGGCCAAGGTGGGTGGATCACAAGGTCAGGAGTTCAAAACCAGCCTGGCCAATATGGTGAAACCCCATCTCTACTGAAAATACAAAAATTAGCCCGGCATGGTGGTGGGCCCCTGTAATCCCAGCTACTCAGGAGGCTGAGACAGGAGAATCACTTGAAACTAGAAGGCAAAGGTTGCAGTGAGTCAAGATCGCGCCACTGCACTCCAGCCTGGGCAACAAGAGCGAAACTCCGTCTCAAAAAGAAAAAAAAAAAAA"
"chr3","20519838","20519972","chr14","103494107","103494239","18","82974269","GGCTGGGCATGGTGGCTCACACCTGTAATCCCAGCACTTTGGGAGGCTGAGGTGGGCGGATCATGGGGTCAGGAGTTCCACACTAGCCTGGCTAACATGGTGAAACCCCGTCTCTACTAAAAAATACAAAAATTA","GCTGGGCAGGGTGGCTCACACCTGTAATCCAGCACTTTGGGAGGCCAAGGAGGGTGGATCAGTGAAGTCAGGAGCTTGAGACCAGCCTGGCCAGCATGGTGAAACCCCGTCTCTACTAAAAATACAAAAATTA"
"chr3","20520232","20520361","chr15","88289954","88290073","39","67769722","NNNNNNNNNNNNNNNNNNNNTTGAAACCAGAAGGCGGAGGTTGCAGTGAGCCAAGATCGGGCCACTGCACTCCAGACTGGGCGAAAGAGCGAAACTCCGTCTCAAAAAAAAAAAAAAAAAAAAAATAAAA","CAAGAGAATCGCTTCAAATCGGAAGGTGGAGGTTGCAGCGAGCGGAGATTGCACCACTGCACTCCAGCCTGGGCAAAAGAGTGAAACTCCGTCTCAAAACAAAAAAACAAAAAAAAGGAA"
"chr3","25978882","25979109","chr3","26159916","26160144","2","181034","AGACCAGCTTGGCCAACATGGTGAAACCCCGTCTGTACTAAAAATACAAAAATTAGCCAGGCTAATTTGCAGTTGCAGATGCCCATAATCCCAGCTACTCGGGAGTCTGAGGCAGGAGAATCGCTTGAAACCGGAAGGCAGAGGTTGCAGTGAGTAGAGATTGCACCACTGCACTGCAGCCTGGGCAAAAGAGCGAAACTCCGTCTCAAAAAATAAAAATAAAAAAAA","AGACCAGCTTGGCCAACATGGTGAAACCCCGTCTGTACTAAAAATACAAAAATTAGCCAGGCTAATTTGCAGTTGCAGATGCCCATAATCCCAGCTACTCGGGAGTCTGAGGCAGGAGAATCGCTTGAAACCGGAAGGCAGAGGTTGCAGTGAGTAGAGATTGCACCGCTGCACTGCAGCCTGGGCAAAAGAGCGAAACTCCGTCTCAAAAAATAAAAAATAAAAAAAA"
"chr3","28216047","28216353","chr3","28438131","28438438","5","222084","CCAGTCCCAGTGGCTCATGTCTGTAATCCTGGCACTTTGGGAGGCTGAGGTGGGCGGGTCACAAGGTCAGGAGTTTGAGACCATCCTCGCCAATATGGTGAAACCCTCTCTCTACTAAAAATACAAAAATTAGCCAGGCGTGCTGGTGGGTGCCTGTAATCCCAGCTACTTGGGAGGCTGAGGCAGGAGAATTGCTTGAAACTGGAAGGCAGAGGTTGCAGTGAGCCGAGATCATGCCACTGCACTCCAGCCTGGGTGAAAGAGCAAAACTCTGTCTCAAAAAAAAAAGAAAAAAAAGGAAGAAAAA","CCAGTCCCAGTGGCTCATGTCTGTAATCCTGGCACTTTGGGAGGCTGAGGTGGGCGGGTCACAAGGTCAGGAGTTTGAGACCATCCTCGCCAATATGGTGAAACCCTCTCTCTACTAAAAATACAAAAATTAGCCAGGCGTGCTGGTGGGTGCCTGTAATCCCAGCTACTTGGGAGGATGAGGCAGGAGAATTGCTTGAAACTGGAAGGCAGAGGTTGCAGTGAGCCGAGATCATGCCACTGCACTCCAGCCTGGGTGAAAGAGCAAAACTCTGTCTCAAAAAAAAAAAGAAAAAAAAAAGAAGAAAA"
"chr3","28617522","28617831","chr3","28846139","28846442","7","228617","GGCCGGGTGGGGTGACTCATGTCTATAATCCCAGCACTTTGGGAGGCTGAGGCAGGCAGATCACAAGGTCAGGAGTTAGAGACCAGCCTGGCCAACACAGTGAAACGCCGTCTCTACTAAAAATACAAAAATTAGCCAGGCATGGTGGTGGGTGCCTGTAATCCTGGCTACTCGGGAGGCTGAGGCAGGAGAATCACTTGAAACTGGAAGGCAGAGGTTGCAGTGAGCCAAGATTGCACCACTGCACTCCAGCCTAGGCAACAAGAGTGAAACTCTGTCTCAAAAAAACAAACAAACAAAAACAAACAAA","GGCCGGGTGGGGTGACTCATGTCTATTATCCCAGCACTTTGGGAGGCTGAGGCAGGCAGATCACAAGGTCAGGAGTTAGAGACCAGCCTGGCCAACACAGTGAAACGCCGTCTCTACTAAAAATACAAAAATTAGCCAGGCATGGTGGTGGGTGCCTGTAATCCTGGCTACTCGGGAGGCTGAGGCAGGAGAATCACTTGAAACTGGAAGGCAGAGGTTGCAGTGAGCCAAGATTGCACCACTGCACTCCAGCCTAGGCAACAAGAGTGAAACTCTGTCTCAAACAAACAAACAAACAAACAAA"
"chr3","29625919","29626199","chr3","29866647","29866925","3","240728","GCCAGGAGCAGTGGCTCACACCTGTAATCCCAGCACTTTGGGAGCCCAAGGCAGGCAGATCACTAGGTCAGGAATTCGAGACCTGCCTGGCCAACATGGTGAAACCCTGTCTCTATTTAAAATACAAAAAATTAGCTGGATGTGGTGGTGTGCACCTGTAATCCCAGTTACTCAGGAGGCTGAGGCAGGAGAATCGCTTGAAACCAGATGCAGAGGTTGCAGTGAGCTGAGATCGTGCCACTGCACTCCGGCCTCGGCAAAGAGAGTGAAACTCCATCTCA","GCCAGGCGCAGTGGCTCACACCTGTAATCCCAGCACTTTGGGAGCCCAAGGCAGGCAGATCACTAGGTCAGGAATTCGAGACCTGCCTGGCCAACATGGTGAAACCCTGTCTCTATTTAAAATACAAAAAATTAGCTGGATGTGGTGGTGTGCACCTGTAATCCCAGTTACTCAGGAGGCTGAGGCAGGAGAATCGCTTGAAACCAGATGCAGAGGTTGCAGTGAGCTGAGATCGTGCCACTGCACTCCGGCCTCGGCAAAGAGAGTGAAACTCCATCT"
"chr3","32332270","32332565","chr6","152618192","152618486","28","120285922","GGCTGGGCGCATGGCTCACGCCTGTAATCCCAACACTTTGGGAGGCCGAGGTAGGTGGATCACAAGGTCAGGAGTTCGAGACCAGCCTGGCCAACATGGTGAAACGCCATCTCTACTAAAAATACAAAAATTAGCCTGGCATGGTGGCGGGTGCCTGTAATCCCAGCTACTCGGGAGGCTGAAGCAGGAGAATCACTTGAAACCAGAAGGCAGAGGTTGCAGTGAGCCAAGATCACGCCACTGCACTCCAGCCTGGACAACAAGAGCAAAACTCTGTCTCAATTAAAAAAAAAAAA","GCTGGGCGTGGTGGCCCACGCCTGTAATCCCAGCACTTTGGGAGGCCGAGGTGGGTGGATCATGAGGTCAGGAGTTCGAGACCAGCCTGGCCAACATGGTAAAACCCTGTCTCTACTAAAAATACAAAAATTAGCCGGGCATGGTGGCGGGCGCCTGTAATCCCAGATGCTCAGGAGGCTGAGGCAGGACAATCGCTTGAAACCAGAAGGCAGAGGTTGCAGTGAGCCAAGATCACACCATTGCACTCCAGCCTGGGCAACAAGAGCAAAACTCCGTCTCAAAAAAAAAAAAGAA"
"chr3","32538896","32539193","chr3","32828729","32829028","2","289833","GGCCAGGCAAAGTATCTCATGCCTGTAATCCCAACACTTTGGGAGGCCGAGGTAGGTGGATCACGAGGACAGGAGTTTGAGACCAGCCTGGCCAACATGGTGAAATCCCGTCTCTACTAAAAATACAAAAATTAGCTGGGCATGGTTGTGGATGCCTGTAATCCCAGCTACTCGGGAGGCTGAGGCAAGAGAATCACTTGAAACCGGAAGGTAGAGGTTTTCAGTGAGCTGAGATCGCACCACTGCACTCCAGCCTGGCCGACAAGAGCGAAACTCCATCTTAAAAAAAAAAAGAGAA","GGCCAGGCAAAGTATCTCATGCCTGTAATCCCAACACTTTGGGAGGCCGAGGTAGGTGGATCACGAGGACAGGAGTTTGAGACCAGCCTGGCCAACATGGTGAAATCCCGTCTCTACTAAAAATACAAAAATTAGCTGGGCATGGTTGTGGATGCCTGTAATCCCAGCTACTCGGGAGGCTGAGGCAAGAGAATCACTTGAAACCGGAAGGTAGAGGTTTTCAGTGAGCTGAGATCGCACCACTGCACTCCAGCCTGGCCGACAAGAGCGAAACTCCATCTTAAAAAAAAAAAAAGAGAA"
"chr3","32549496","32549797","chr3","32839745","32840037","9","290249","GGCCAGGTGTGGTTGGCTAATGCCTGTAATCCCAACACTTTGGAAAGCAGAGGCGGGTGGATCATGAGGTCAGGAGTTCAAGACCAGCCTGGCCAACATGGTGAAACCCCGTCTCTATTAAAAATATAAAAAATTAGCCGGGCATGGTTGTAGGCACCTGTAATTCCAGCTACTTGGGAGGCTGGGTCAGGAGAATCGCTTGAAACCAGAAGACAGAGGTTGCAGTGAGCCCAGGTCACGCCACTGCACTCCAGCCTGGGCAACAAGAACGAAACTCTGTCTCAAAAAAAAAAAAAAAAGAA","GGCCAGGTGTGGTTGGCTAATGCCTGTAATCCCAACACTTTGGAAAGCAGAGGCGGGTGGATCATGAGGTCAGGAGTTCAAGACCAGCCTGGCCAACATGGTGAAACCCCGTCTCTATTAAAAATATAAAAAATTAGCCGGGCATGGTTGTAGGCACCTGTAATTCCAGCTACTTGGGAGGCTGGGTCAGGAGAATCGCTTGAAACCAGAAGACAGAGGTTGCAGTGAGCCCAGGTCACGCCACTGCACTCCAGCCTGGGCAACAAGAACGAAACTCTGTCTCAAAAAAAGAA"
"chr3","37119179","37119465","chr3","185727501","185727801","45","148608322","GGCCGGGCACAGTGGCTCACGCCTGTAATCCCAGCACTTTGGGAGGCCGAGGTGGGTGGATCACAAGGTCAGGAGTTGGAGACCAGCCTGGCCAATGTGGTGGAACCCTGTCTGTACCAAAAAATACAAAAATTGGGCGTCTGTAATCCCAGCTACTCAGGAGGCTGAGGCAGGAGAATCACTTGAAACCAGAAGGTGGAGGTTGCAGTGAGCCGAGATCATGCCACTGCACTGTAGCCTGGGTGAAAAAAGTGAAACTCCATCTCAAAAACAAAATAACAAAAAAA","CCAAGCGCGGTGGCTCACGCCTGTAATCCCAGCACTTTGGGAGGCCAAGGCGGGTGGATCACGAGGTCAGGAGTTCAAGATCAGCCTGGCCAATGTGGTGAAACCCCGTCTCTACTAAAAAATAAAAAAATTAGCCAGGCGTGTTGGTGGGCACCTGTAATCCCAGCTACTCAGGAGGCTGAGGCAGAAGAATCACTTGAAACCAGAAGGCGGAGGTTGCAGTGAGCCGAGATCGTGCCACTGCACTGTAGCCTGGGTGAAAAAGCAAAACTCCGCCTCAAAAAAAAAAAACAAAAAAAAA"
"chr3","37156945","37157135","chr3","37531833","37532023","2","374888","AAAATTACAAAAATTAGCCAGGCTTGGTGGCGGGCACCTGCAATCCCAGCTACTCTGGAGGCTGAGGCAGGAGAATCGCTTGAAACCGGAAGGAGGAGGTTGCACTAGTCGAGATCATGCCACTGCACTCCAGCCTGGGCGAAAGAGTGAAACTCTGTCTCAAAAAAAAGAAAAAAGAAAAAGAAAAAAAA","AAAATTACAAAAATTAGCCAGGCTTGGTGGCGGGCACCTGCAATCCCAGCTACTCTGGAGGCTGAGGCAGGAGAATCGCTTGAAACCGGAAGGAGGAGGTTGCACTAGTCGAGATCATGCCACTGCACTCCAGCCTGGGCGAAAGAGTGAAACTCTGTCTCAAAAAAAAAAAAAAGAAAAAGAAAAAAAAA"
"chr3","39496613","39496881","chr3","39920556","39920828","4","423943","CTTTGGGAGGCCGAGGTGGGTGGATCATGAGGTCAGGAGTTTGAGACTAGCCTGGTCAACATGGTGAAACCCCGTGTCTACTAAAAATACAAAAATTAGCCAGGTGTGGTGGTGGGTGCCTGTAATCCCAGCTACTCAGGAGGCTGAGGCAGGAGAATCACTTGAAAACAGGAAAGCAGAAATTGCAGTGAGCCAGGATCACACACCACTGCACTCCAGCCTGGGCTAAAGAGCAAAACTCTTGTCTCAAAAAAAAAAAAAAAAAAAAA","CTTTGGGAGGCCGAGGTGGGTGGATCATGAGGTCAGGAGTTTGAGACTAGCCTGGTCAACATGGTGAAACCCCGTGTCTACTAAAAATACAAAAATTAGCCAGGTGTGGTGGTGGGTGCCTGTAATCCCAGCTACTCAGGAGGCTGAGGCAGGAGAATCACTTGAAAACAGGAAAGCAGAAATTGCAGTGAGCCAGGATCACACACCACTGCACTCCAGCCTGGGCTAAAGAGCAAAACTCTTGTCTCAAAAAAAAAAAATAAAAAAAAAAAA"
"chr3","39725288","39725436","chr3","139937892","139938024","34","100212604","GCCAGGCACAGTGGCTCACGCCTGTAATCCCAGCACTTTGGGAGGCCAAGGCAGGTGGATCACAAGGTCAGGAGTTTGAGACCAGCCTGGCCAACATGGGGAAACCCTGTCTCTACAGGTGTAGTGGTGGATGCCTGTAATCCCAGCTA","GCCAGGTGCGGTGCCTCACACCTGTAATCCCAGCACTTTGGGAGGCCGAGGCGGGTGGATCACAGAGGTCAGGAGTTTGAGACCAGCCTGGCCAACATGGTGAAACCCTGTTTCTATTAAAAATATAAAAATT"
"chr3","41961536","41961843","chr3","42443728","42444037","3","482192","GGTCGGGCGCAGTGGCTCACGCCTGCAATCCCAGCACTCAGGGAGGCTGATGCACGCGGATCACAAGGTCAGGAGTTTCAGGCCAGCCTGGCCAAGAAGGTAAAACCCCATCTCTACTAAAAATACAAAAATTAGCCGCACCTGCTGGCGGGTGCCAGTAATCCCAGCTATGCCAGAGGCTGAGGCAGGAGAATTACTTGAAACCAGAAGGCGGAGGTTGCAATGAGCCAAGATCATGTCACTGCATTCCAGCCCGGGCAACAAGAGTGAAACTCCATCTCAAAAAAAAAACCACAACAACAAAAAAA","GGTCGGGCGCAGTGGCTCACGCCTGCAATCCCAGCACTCAGGGAGGCTGATGCAGGCGGATCACAAGGTCAGGAGTTTCAGGCCAGCCTGGCCAAGAAGGTAAAACCCCATCTCTACTAAAAATACAAAAATTAGCCGCACCTGCTGGCGGGTGCCAGTAATCCCAGCTATGCCAGAGGCTGAGGCAGGAGAATTACTTGAAACCAGAAGGCGGAGGTTGCAATGAGCCAAGATCATGTCACTGCATTCCAGCCCGGGCAACAAGAGTGAAACTCCATCTCAAAAAAAAAAACCAACAACAACAAAAAAA"
"chr3","43555866","43556143","chr3","183203955","183204231","50","139648089","GGCCAGGTGTGGTGGCTCACACCTATAATCCCAGCACTTTGGGAGGCCAAGGTGGGTGGATCACGAGGTCAGGGACCAGCCTGTCCAACATGGCAAAACCCCGTCTCTATTGAAAAATTACAAAAATTAGCCGGGCGTGATGGTGGACATCTGTGATCCCAGCTACTTGGGAGGCTGAGGCAGGAGAATCACTTGAACCTGAAAGGAGGAGGCTGCAGTAAGCCGAGATCGCACCATTGCACTCCAGCCTGACCTACAAGAGCGAAACTCCATCTCAA","GGCCAGGAGCCGTGGCTCACGCCTGTAATCCCAGCACTTTGGGAGGCCAAGGTGGGAGGATCACGAGGTCAGGAGTTCAAGACCAGCCTGGCCAATGCGGTGAAACCCCATCTCTACTAAAAATACAAAAAATTAGCTGGGCGTGATGGTGCGCACCTGTAATCCCAGCTACTCAGGAGGCTGAGGCAGGAGAATCGCTTGAAACGAGAAGGCGGAGGTTGCAGTGAGCCGAGATTGCACCACTCCAGCCTGGGCAACAAGAGCGAAACTCCATCCC"
"chr3","46816099","46816378","chr3","46501372","46501651","0","314727","GGCCAGGCGTGGTGGCTCGCACCTGTAATCCCAGCACTTTGGGAGGCCAAGGCGGGTGGATCACGAGGTCAGGAGTTTGAGACCAGCCTGGCCAACACAATGAAACCCTGTGTTTACTAAAAATACAAAAATTAGCCAGGTGTGGTGGCACGCACCTGTAATCCCAGCTACTCAGGAGGCTGAGGCAGGAGAATTGCTTGAAACCAGAAGGCAGAGGTTGCAGTGAGCCATTGCACTCCAGGTTGGGCAACAAGAGCAAAACTCCGTCTCAAAAAGAAAA","GGCCAGGCGTGGTGGCTCGCACCTGTAATCCCAGCACTTTGGGAGGCCAAGGCGGGTGGATCACGAGGTCAGGAGTTTGAGACCAGCCTGGCCAACACAATGAAACCCTGTGTTTACTAAAAATACAAAAATTAGCCAGGTGTGGTGGCACGCACCTGTAATCCCAGCTACTCAGGAGGCTGAGGCAGGAGAATTGCTTGAAACCAGAAGGCAGAGGTTGCAGTGAGCCATTGCACTCCAGGTTGGGCAACAAGAGCAAAACTCCGTCTCAAAAAGAAAA"
"chr3","47956641","47956934","chr3","47654915","47655210","3","301726","GCCGGGCACGGTGGCTCACGCCTGGTAATCTCAGCACTCTGGGAGGCCGAGGCGGGCAGATCACAAGGTTAGGAGTTCAAGACCAGCCTGGCCAACATGGTGAAACCCCGTCTCTACTAAAAATACAAAAATTAGCTGGGCATGGTGGCGGGCACCTGTAGTCCCAGCTACTCAGGAGGCTGAGCAGGAGAATTGCTTGAAACCAGAAGGAGGAGGTTGCAGTGAGCCAAGACTGCACCACTGCACTCCAGCCTGGGCAAAAGAGCGAAACTCCGTCTAGAAAAAAAAAAAAAA","GCCGGGCACGGTGGCTCACGCCTGGTAATCTCAGCACTCTGGGAGGCCGAGGCGGGCAGATCACAAGGTTAGGAGTTCAAGACCAGCCTGGCCAACATGGTGAAACCCCGTCTCTACTAAAAATACAAAAATTAGCTGGGCATGGTGGCGGGCACCTGTAGTCCCAGCTACTCAGGAGGCTGAGCAGGAGAATTGCTTGAAACCAGAAGGAGGAGGTTGCAGTGAGCCAAGACTGCACCACTGCACTCCAGCCTGGGCAAAAGAGCGAAACTCCGTCTGAAAAAAAAAAAAAAAAA"
"chr3","48178679","48178823","chr1","40639893","40640055","30","7538786","AGCCGGGTGTGGTGGCGGGCACCTGTAATCCCAGCTACTCGGGAGGCTGAGGCAGGAGAATCACTTGAAACTGGAAGGCAGGGGTTGCAGTGAGCTGAGATGGCGCCACTGCACTCCAGCCTGGGTGAATGAGCAAAACTCCATC","AATTAACCGGGTGTGGTGGCGGGCGCCTGTAATCCCAGCTACTCGGGAGGCTGAGGCAGAAGAATCGCTTGAAACCGGAAGGCAGAGGTTGCAGTGAGCAGAGATTGCGACACTGCACTCCAGCCTGGGCGAAAGAGCGAAACTACATCTCAAACAAACAAAA"
"chr3","48530016","48530316","chr7","72551487","72551785","35","24021471","GCCCGGTGCGGTGTCTCACGCCTGTAATCCCAGCACTTTAGGAGGCCGAGGCGGGCAGATCACGAAGTCAGGAGTTTGAGACCAGCCTGCCCAACATGGTGAAACCCCATCTCTACTAAAAATACAAAAATTAGCTGGGCATGGTGGCGCGTGCCTGTAATCCCAGCTACTCAGGAGGCTGAGGCAGGAGAACTGCTTGAACTGGGACCCGGAAGGTGGAGGTTGCAGTGAGCCGAGATTGCACCATTGCACTCCAGCCTGGGCAACAAGAGTGAAACTCCGTCTAAAAAAAAAAAAAGAA","GGCCTGGTGCTGTGGCTCACGCCTGTAATTCCAGCACTTTGGGAGGCCGAAGTAGGCAGATCACGAGGTCAGGAGTTCGAGACCAGCCTGGCCAACATGGTGAAACCCCGTCTCTACTAAAAATAAAAAATTAGCTGGGCATGGTGGCGGGTGCCTCTAATCCCAGCTACTCGGGAGGCTGAGGCAGGAGAATCGCTTGAAACTGGAAGGCGGAGGTTGCAGTGAGCCAAGATCACGCCATTGCACTCCAGCCTGGGCAACAAGAGTGAAACTCCGTCTCAGAAAAAAAAAAAAAAGAA"
"chr3","48791923","48792214","chr3","48512201","48512494","8","279722","GGCCGGGTGTAGTGGCTCACGCCTGTAATCCCAGCACTTTGGGAGGCTGAGACAGGCGGATCATGAGGTCAGGAGTTCGAGACCAGCCTGGCCAACCTGGTGAAACTCCATCTCTACTAAAAATACAAAAATTAGCCGGGTGTGGTGGCAGGCATCTGTAATCCCAGCTACTTGGGAGGCTAAGGCAAGAGAATGGCTTGAAACCGGAAGGTGGATGTTGCAGTAAGCCAAGATCTCGCCACTGCACGCCAGCCTGGGTGGACGAACGAAACTCCATCTCAAAAAAAAGAAA","GGCCGGGTGCAGTGGCTCACCCCTGTAATCCCAGCACTTTGGGAGGCAGAGACAGGCATATCATGAGGTCAGGAGTTCGAGACCAGCCTGGCCAACCTGGTGAAACTCCATCTCTACTAAAAATACAAAAATTAGCCGGGTGTGGTGGCAGGCATCTGTAATCCCAGCTACTTGGGAGGCTAAGGCAAGAGAATGGCTTGAAACCGGAAGGTGGATGTTGCAGTAAGCCAAGATCTCGCCACTGCACGCCAGCCTGGGTGGACGAACAAAACTCCATCTCAAAAAAAAAAGAAA"
"chr3","48815926","48816215","chr13","50204940","50205223","38","1389014","GGCCGGTCGTGGTGGCTGATGCCCGTAATCCCAGCACTTTGGGAGGCTGAGGCGGGCGGATCACAAGGTCAGGAGTTCGAGTCCAGCCTGGCCAACATGGTGAAACACTGTCTCTACCAAAAATACAAAAATTAGCCAGGCGTGGTGGCGGGTGCCTGTAATCCCAGCTACTAGGGAGACTGAGACAGGAGAATCATTTGAATCCGGGAGGTGGAGGTTGTAGTGAGCAGAGATCATGCCATTGCACTCCAGCCTGGGCAACAAGAGCAAGACTCTGTCTCAAAACAAAA","GGCCAGCGCGGTGGCTCACGCCTGTAATCCCAGCACTTTAGGAGGCTGAGGTGGTCGGATCACGAGGTCAGGAGCTCGAGACCAGCCTGAACAACACGGTGAAACCCTGTCTCTACTAAAAATACAAAAATTAGCCAGGCGTGGTGGCGGGTGCCTGTAATCCCAGCTACTCAGGAGGCTGAGGCAGGAGAATTGCTTGAAACCAGAAGGCAGAGGTTGCAGTGAGCCAAGATCATGCCATTGCACTCCAGCCTGGGCAAAAGAGCAAAACTCTGTCTCAAAAA"
"chr3","49053769","49054081","chr19","42324529","42324827","42","6729240","GGCCAGGCACGGTGGCTCACGCCTGTAATCCCAGCACTTTGGGAGGCCAAGGTGGGTGGATCATGAGGTCAGTAGTTCAAGACCAGCCTGGCCAACATAGTGAAACCCCGTCTCTACCAAAAATACAATAAAGTAGCTAGGATTACTGGCCATGGTGGCGGGCTCCTGTAATCCCAGCTACTCAGGAGGCTGAGACACGAGAATCACTTGAAACCTGAAAGCAGAGGTTGCAGTGAGCCAAGATCATACCACTGCACTCCAGCCTGGGCGACAAAGCAAGACTCTGTCTCCAAAAAAAAAAAAGAAAAGAAAA","GGCCAGGCGCAGTGGCTCACACCTGTAATCCCAGCACTTTGGGAGGCCAAGGCGGGTGGATCACGAGGTCAGGAGTTCGAGACCAGCCTGGCCAACATGGTGAAACCCCATCTCTACTAAAAATACAAAAATAAGCTGGGCGTGGTGGCGGGCGCCTGTAATCCCAGTACTCAGGAGGCTGAAGCAGAAGAATCGCTTGAAACCGGAAAGCAGAGGTTGCAGTGAGCCGAGATCTGCCACTGCACTCCAGCCTGGGCGAAAGAGCAAAACTTCATCTCAAAAAAAAAAAAAGAAAGAAA"
"chr3","49479495","49479789","chr7","4420760","4421054","35","45058735","GGTCGGGCACAGTGGCTCAGCCTGTAATCCCAGCATTTTGGGAGGCTGAGGCGGGCAGATCACAAGGTCAGGAGCTCGAGACCAGTCTGGCCAACATGGTGAAACCCCATCTCTACTAAAAATACAAAAATTAGCCGGGCATGGTGGCCGGCACCTGTAATCCCAGCTACTCAGGAAGCTGAGGCAGGAGAATTGCTTGAACCCAGGAGGCGGAGGTTGCAGTGAGCAGAGATTGTGCCACTGCACTCCAGCCTGGGCAACAGGAGAGAAACTCCATCTACAAAAAAAAGTAAAA","GGCCGGGCATAGTGGCTCACGCCTATAATCCCAGCACTTTGGGAGGCTGAGGGGGGCGGATCACAAGGTCAGGAGTTCAAGACCAGCCTGGCCAAGATGGTTAAACCCATCTCTACTAAAAATACAAAAATCAGCCAGGCGTGGTGGCGGGCGCCTGTAATCCCAGCTACTCGGGAGGCTGAGGCAGGAGAATTGCTTGAAACCAGAAGGCGGAGGTTGCAGTGAGCCGAGATCGCGCCACTGCACTCCAGTCTGGGCAAAAGAGCAAAACTCCATCTCAAAAAAATAAAAAAAA"
"chr3","49866367","49866568","chr9","124034099","124034298","25","74167732","GGCTGGGCATAGTGGCTCATGCCTTTAATCCCAGCACTTTGGGAGGCTGAGGCGGGCGGATCACGAGGTCAGGAGTTTGAGACCAGCCTGACCAACATGGTGAAACCCCGTCTCTACTAAAAATATAAAAGTTAGCCAGGCGTGGTGGCGGGCACCTGTAATCCCAGCTACTCAGGAGGCTGAGGCAAGAGAATGGCTTGAA","GCCGGGCACCATGGCTCACGCCTGTAATCCCAGCACTTTGGGAGGCCGAAGCGGGCAGATCATGAGGTCAGGAGTTTGAGACCAGCCTGGCCAACATGCTGAAACCCCATCTCTACTAAAATACAAAAATTAGCCGGGCATGGTGGTGGGCACCTGTCATCTCAGCTACTCAGGAGGCTGAGGCAGGAGAACTGCTTGAA"
"chr3","50061742","50061910","chr7","153741375","153741543","24","103679633","GGCCGGGCGAGGTGGTGCACTTCTGTAATCCCAGCACTTTGGGAGGCCAAGGCAGGCGGATCACAAGGTCAGGAGTTTGAGACCAGCCTGGCCAATATGATGAAACCACGTCTCTACTAAAAATACAAAATTAGCTGGGCATGGTGGCGGGTACCTGTAATCCCAGCTA","GGCCGGGCGCAGTGGCTCACGCCTGTAATCCCAGCACTTTGGGAGGCCGAGGCAGGCAGATGATAAGGTCAGGAGTTCGAGACCAGTCTGGCCAGCATGGTGAAACCGCGTCTCTACTAAAAATACAAAAATTAGCCAGGCGTGGTGTTGGGCACCTGTAATCCCAGCT"
"chr3","50080613","50080811","chr3","49839980","49840178","0","240633","GGCCGGGTGCGGTGGCTCATGCCTGTAATCCCAGCACTTTGGGATAAGGAGGCAGGTGGATCATGATGAGGTCAGGAGTTCAAGACCAGCCTGGCCAACATAGTGAAACCCCGTCTCTATTAAAAGCATAAAAAATTAGCCGAGTGTGTTGGCAGGCACCTGGAATCCCAGCTACTCAGGAGGCTGGGGCAGGAGAATC","GGCCGGGTGCGGTGGCTCATGCCTGTAATCCCAGCACTTTGGGATAAGGAGGCAGGTGGATCATGATGAGGTCAGGAGTTCAAGACCAGCCTGGCCAACATAGTGAAACCCCGTCTCTATTAAAAGCATAAAAAATTAGCCGAGTGTGTTGGCAGGCACCTGGAATCCCAGCTACTCAGGAGGCTGGGGCAGGAGAATC"
"chr3","50577482","50577599","chr21","29359263","29359383","20","21218219","GGCCAGGCGCAGTGGCTCACACCCGTAATCCCAGTACTTTGGGAAGCCAAGGCAGGTGGATCACAAGGTCAGGAGTTCAAGCCAGCCTGGCCAACAAAGTGAAACCCCGTNTCTAGTA","GGCTGGGCGCAGTGGCTCATGCCTGTAATCCCAGCACTTTGGGAGGCCGAGGTGGGTGGATCCCTGAGGTCAGGAGTTCGAGACCAGCCTGGCCAACATAGTGAAACCCCGTCTCAAAATA"
"chr3","50577647","50577865","chr19","57209118","57209341","64","6631471","ACAANNNNNNNNNNNNNNNNNNNNCTCAAAAAAAAAAAAAAAAAAAAAATTGCTGGGCATGGTGACATGCCTGTAAATCCCAACTAATCGGGAGGCTGAGGCAGGGGAATCACTTGAATCCGGGAGGTGGAGGTTGCAGTGAGCTGGGATCACGCCATTGCACTCCAGCCTGGGCAACAAGAGCAAAAACTCATCTCAAAAAATAAATAAATAAAATAA","CCACCCTGGCCAACATTGTGAAACCTCGTCTCTACTAAAAATACAAAAATTAGCTGGGCGTGGTGGCACACACCTATAATCCCAGCTACTTGGGAGGCTGAGGCAGGAGAAATGCTTGAAACTGGGAGATGGATGTTGCAGTGAGCTGAGATCACGCCATTGCACTCCAGCCTGGGCAACAAGAGTGAAACTCCGTCTCAAAACAAAACAAAAGAAAAAAAAAA"
"chr3","52260686","52260961","chr3","51909182","51909457","0","351504","GGCCAGGCACGGTGGCTCACGCCTGTAATCCCAACATTTTGGGAGGCCAAGGCAGGCAGATCACGAGGTCAGGAGTTCAAGATTAGCCTGGCAAACATGGTGAAACCCCATTTCTAATAAAAATACAAAAATTAGCTGGGCATGGTGGTGGGCACCTGTAATCCCAGCTGCTCGGGAGGCTGAGGCAGGAGAACAGCTTGAAACCGGAAGGCGGAGGTTACAGTGAGCTGAGATCGCATCACTGCACTCCAGTCTGGGCGAAAGAGCAAAACTCCG","GGCCAGGCACGGTGGCTCACGCCTGTAATCCCAACATTTTGGGAGGCCAAGGCAGGCAGATCACGAGGTCAGGAGTTCAAGATTAGCCTGGCAAACATGGTGAAACCCCATTTCTAATAAAAATACAAAAATTAGCTGGGCATGGTGGTGGGCACCTGTAATCCCAGCTGCTCGGGAGGCTGAGGCAGGAGAACAGCTTGAAACCGGAAGGCGGAGGTTACAGTGAGCTGAGATCGCATCACTGCACTCCAGTCTGGGCGAAAGAGCAAAACTCCG"
"chr3","52719089","52719363","chr3","52371028","52371303","3","348061","CACGCCTGTAATCTCAACACTTTGGGAGGCTGAGGTGGGTGGATCACGAGGTCAGGAGTTTGAGACCAGCCTGATCAACGTGGTGAAACCCTGTCTCTATTAAATATACAAAAATTAGCCAGGCATGGTGGCGGGCGCCTGTAATGCCAGCTACTTGGAAGGCTGAGGCAGGAGAATCGCTTGAAACCAGAAAGTGGAGGTTGCAGTGAGCCGAGATTGCGCCACTGCACTTCAGCCTGGGTAACAAGAGGGAAACTCCATCTCAAAAAAAAGAA","CACGCCTGTAATCTCAACACTTTGGGAGGCTGAGGTGGGTGGATCACGAGGTCAGGAGTTTGAGACCAGCCTGATCAACGTGGTGAAACCCTGTCTCTATTAAATATACAAAAATTAGCCGGGCATGGTGGCGGGCGCCTGTAATGCTAGCTACTTGGAAGGCTGAGGCAGGAGAATCGCTTGAAACCAGAAAGTGGAGGTTGCAGTGAGCCGAGATTGCGCCACTGCACTTCAGCCTGGGTAACAAGAGGGAAACTCCATCTCAAAAAAAAAGAA"
"chr3","53165684","53165822","chr3","52833416","52833551","5","332268","AGCTACTCGGGAGGCTGAGGCAAGAGACTCGCTTGAAACCGGAAGGCGGAGGTTGCAGTGGGCGGAGATTGTGCCACTGCCCTCCAGCCTCGGTGGAAGAGCGAAACTCCGTCTCAAACAAAAAAAAAAAGAAAAAGAA","CTACTCGGGAGGCTGAGGCAAGAGAATCGCTTGAAACCGGAAGGCGGAGGTTGCAGTGGGCAGAGATTGTGCCACTGCCCTCCAGCCTCGGTGGAAGAGCGAAACTCCGTCTCAAAAAAAAAAAAAAGAAAAAGAA"
"chr3","53805976","53806280","chr3","53485109","53485419","8","320867","GGCTGGGCACGGTGGCTCATGCCTGTAATCCCAGCACTTTGGGAGGCCAAGGCGGGCAAATCATGAGGTCAGTAGTTCAAGACCAGCCTGGCCAACATGATGAAACCCTGTCTCTACTAAAAATAAAAAAAATTAGCCGGGTGTGGTGGCAGGTGACTGTAATCCCAGCTACTCGGGAGGCTGAGGCAGGAGAATCACTTGAAACCAGAAGGCGGAGATTGTAGTAAGCAGGGATTACACCACTGTACTCCAGCCTGGGCAAAAGAGTGAAACTCTGTCTCACAAAAAAAAAAAAAAAAAAAAAA","GGCTGGGCACGGTGGCTCATGCCTGTAATCCCAGCACTTTGGGAGGCCAAGGCGGGCAAATCATGAGGTCAGTAGTTCAAGACCAGCCTGGCCAACATGATGAAACCCTGTCTCTACTAAAAATAAAAAAAAATTAGCCGGGTGTGGTGGCAGGTGACTGTAATCCCAGCTACTCGGGAGGCTGAGGCAGGAGAATCACTTGAAACCAGAAGGCGGAGATTGTAGTAAGCAGGGATTACACCACTGTACTCCAGCCTGGGCAAAAGAGTGAAACTTTGTCTCCAAAAAAAAAAAAAAAAAAAAAAAAAGAA"
"chr3","58248183","58248371","chr3","57984777","57984968","4","263406","GTGAAACCCGGTCTCTTCTAAAAATACAAAAATTAGCTGGGCGTGGTGGCGGGCGCCTGTAATCCCAGCTACTCGGGAGGCTGAGGCAGGAGCATCACTTGAAACTGGAAGGTGGAGGTTGCAGTGAGCCGAAATTGCACCACTGCACTCCAGCCTGGGCGAAAGAGTGAAACTCCATCTCAAAAAAAA","GTGAAACCCGGTCTCTTCTAAAAATACAAAAATTAGCTGGGCGTGGTGGCGGGCGCCTGTAATCCCAGCTACTCGGGAGGCTGAGGCAGGAGCATCACTTGAAACTGGAAGGTGGAGGTTGCAGTGAGCCGAAATTGCACCACTGCACTCCAGCCTGGGCGAAAGAGTGAAACTCCCTCTCAAAAAAAAAAA"
"chr3","58258224","58258519","chr3","57995193","57995477","21","263031","GCTGGGCGCAGTGGCTCACGCCTGTAATCCCAGCACTTTTGGAGGCTGAGGCGGGCGGATCACGAGGTCAGGAGTTTGAGACCAGCCTGGCCAACATGGTGAAACCCCATCTCTACTAAAAATACAAAAATCAGCTGGGTGTGGTGGCGGGCACTTATAATCCCAGCTACTCGGGCAGCTGAGGCAGGAGAATCGCTTGAAACTGGAAGGCGGAAGTTGCAGTGAGCCGAGATCGTACCATTGCACTCCAGCCTGGGTGAAAGAGCGAAACTATGTCTACACAAAAAAAAAAAAAA","CAGTGGCTCACCCCTGTAGTTCCAAAACTTTTGGAGTCTTAAGCGGGCGGATCACGAGGTCAGGAGTTTGAGACCAGCCTGGCCAACATGGTGAAACCCCATCTCTACTAAAAATACAAAAATTAGCTGGGTGTGGTGGCGGGCACTTATAATCCCAGCTACTCGGGCAGCTGAGGCAGGAGAATCGCTTGAAACTGGAAGGCGGAAGTTGCAATGAGCCGAGATCGTACCATTGCACTCCAGCCTGGGTGAAAGAGCGAAACTATGTCTCAAAAAAAAAAAAAA"
"chr3","63507219","63507536","chr15","31941885","31942188","50","31565334","GGCTGAGTGCAGTGGCTCACACCTGTTGTCCCAGCACTTTGGGAGGCTGAGGTGGGTAGATCACGAGATCAGTTGGAGACCAGCCTGGCCAACATGGTGAAACCCCGTCTCTACTAAAAAAAAAACAAAAATTAGCTGGGCGTGGTGGTGCGTGCCTGTAATCCCAGCTACTCCCAGCTACTTGGGAGACTGAAGCAGGAGAATCGCTTGAACCTGGAAGGCGGAGGTTGCAGTGAGCCGAGATCATGCCACTGCACTCCAGGCTGGGCAACAAGAGTAAAACTCCGTCTCGAAAAAATGAAAATATAATAAAATAAA","GGCCGGGTGCGGTGGCTCACACCTGTAATCCCAGCACTTTTGGAGGCCGAGGTGGGCGGATCACGAGGTCAGGAGTTTAGAGACCAGCCTGGCCAACATGGTGAAACCCCGTCTCTACTACAAATACAAAAAAAATTAGCCAGGCGTGGTGGCGGGTGCCTGTAATCCCAGCTACTCGGGAGGCTGAGGCAGAAGAATCGCTTGAAACTGGAAGGCAGAGGTTGCAGTGAGCCGAGATCATGCCACTGCACTCCAGCCTGGGCAATAAGAGCAAAACTCCGTCTCAAAAGAAAAGAAAAAAAAA"
"chr3","63871803","63872098","chr3","63498222","63498521","5","373581","GGCTGGGTGCAGTGGCTCACGCCTGTAATCCCAGCACTTTGGGAGGCTGAGGCAGGCAGATTATGAGGTCAGGAGTTTGAGACCAGCCTGGCCAACATAGTGAAACCCCCTCTCTACTAAAAATACAAAAATTAGCTGGACGTGGCGGCAGACTCCTGTAATCCCAGCTACTCCGGAGGCTGAGGCAGGAGAATTGCTGGAAATGGGAAGGCAGAGGTTGCAGTGAGCTGAGATCGCACCACTGCACTCCAGCCTGGGAGAAAGAGCGAAACTCCATCTACAAAAAAAAAAAAAAA","GGCTGGGTGCAGTGGCTCACGCCTGTAATCCCAGCACTTTGGGAGGCTGAGGCAGGCAGATTATGAGGTCAGGAGTTTGAGACCAGCCTGGCCAACATAGTGAAACCCCCTCTCTACTAAAAATACAAAAATTAGCTGGACGTGGCGGCAGACTCCTGTAATCCCAGCTACTCCGGAGGCTGAGGCAGGAGAATTGCTGGAAATGGGAAGGCAGAGGTTGCAGTGAGCTGAGATCGCACCACTGCACTCCAGCCTGGGAGAAAGAGCGAAACTCCATCTCAAAAAAAAAAAAAAAAAAAA"
"chr3","70544271","70544576","chr19","7755139","7755434","39","62789132","GACCGGGCTCGTTGCTCACACCTGTAATCTGTAATCCCAGCACTTTGGGAGGCCGAGGATGGTGGATCATGAGGTCAGGAGTTCAACACCAGCCTGGCCAACATGGTGAAACCCCGTCTCTACTAAAAAATACAAAAATTAGCCGGGCGTGGTGGTGGGCACATGTAATCCCAGTTACTCGGGAGGCTGAGGCAGGAGAATTGCTTGAACCCAGATAGCAGAGGGTGCAGTGAGCCGAGATCGCACTACTGCACTCCAGCCTGGGCAACGAGAGTGAAACTCTGTCTCAAAAAAAAAAAAAAAAAA","GGCCGGGCGCGGTGGCTCACGCCTGTAATCCCAGCACTTTGGGAGGCCGAGGCGGGCGGATCACGAGGTCAGGAGTTCAAGACCAGTCTAGCCAACATGGTGAAACCCTGTATCTACTAAAAATACAAAAATTAGCCGGGCGTGGTGGTGGGCGCCTGTAATCCCAGCTACTCGGGAGGCTGAGGCAGGAGAATCGCTTGAAACCGGAAGGCAGAGGTTGCAGTGAGCCATCATGCCACTGCACTCCAGCCTGGGCAACAAGAGTGAAACCCTGTCTCAAAAAAAAAAAAAAAAAA"
"chr3","72182144","72182416","chr3","72164426","72164698","0","17718","GGCCGGGCGCTGTGGCTCACAACTGTAATCTCAGCACTTTGGGAGGCCCAGAAGGGTTGATCACAAGGTCAGGAGTTCAAGACCAGCCTGGCCAACATGGTGAAACCCCCATCTCTACTAAAAATACAAAACTTAGCTGGGCGTGGTGGCAGGCGCCTGTAATCCCAGCTATTCAGGAGGCTGAGGCAGGAGAATCGCTTGAAACTGGAAGGCTGAGGTTGCAGTGAGCTGAGATGGTGCCACGGCACTCCAGCCTGGGCAACAAGAGTGAAA","GGCCGGGCGCTGTGGCTCACAACTGTAATCTCAGCACTTTGGGAGGCCCAGAAGGGTTGATCACAAGGTCAGGAGTTCAAGACCAGCCTGGCCAACATGGTGAAACCCCCATCTCTACTAAAAATACAAAACTTAGCTGGGCGTGGTGGCAGGCGCCTGTAATCCCAGCTATTCAGGAGGCTGAGGCAGGAGAATCGCTTGAAACTGGAAGGCTGAGGTTGCAGTGAGCTGAGATGGTGCCACGGCACTCCAGCCTGGGCAACAAGAGTGAAA"
"chr3","78712274","78712475","chr3","78120642","78120843","1","591632","GGCCAGGTGCGGTGGTTCACGCCTGTAATCCTAGCACTTTGGGAGGCTGAGGAGGGCAGATCATGAGGTCAGGAGTTCGATATCAGCCTGGCCAATATTGCGAAACCCCGTCTCTACTAAAAATACAAAAATTAGCCAGGCGTGGTGGCAGGCACCTGTAATCCCAGCTACTTGGGAGACTGAGGCAGAAGAATGGCGTGAA","GGCCAGGTGCGGTGGTTCACGCCTGTAATCCTAGCACTTTGGGAGGCTGAGGAGGGCAGATCATGAGGTCAGGAGTTCGATATCAGCCTGGCCAACATTGCGAAACCCCGTCTCTACTAAAAATACAAAAATTAGCCAGGCGTGGTGGCAGGCACCTGTAATCCCAGCTACTTGGGAGACTGAGGCAGAAGAATGGCGTGAA"
"chr3","86810509","86810815","chr3","86124886","86125192","3","685623","GGCCCGGCGCGGTGGCTCATGCCTGTAATCCCAGCCCTTTGGGAGGCCGAGGCGGGTGGATCACGAGGTCAGGAGATTGAGACCATCCAGGCTAACACGATGAAACCCCGTCTCTACTTAAAATACAAACATTAGCTAGGCGTGGTGGCGGGTGCCTTTAGTCCTAGCTACTTGGGAGGCTGAGGCAGAAGAATCGTTTGAAACCAGAAGGCGGAGGTTGCAGTGAGCTGAGATACTGCGGCTGCATTCCAGCCTGGGCAACAAGAGCGAAACTCCCATCTCAAAGAAAAAAAATAAATAAATAAAA","GGCCTGGCGCGGTGGCTCATGCCTGTAATCCCAGCCCTTTGGGAGGCCGAGGCGGGTGGATCACGAGGTCAGGAGATTGAGACCATCCAGGCTAACACGGTGAAACCCCGTCTCTACTTAAAATACAAACATTAGCTAGGCGTGGTGGCGGGTGCCTTTAGTCCTAGCTACTTGGGAGGCTGAGGCAGGAGAATCGTTTGAAACCAGAAGGCGGAGGTTGCAGTGAGCTGAGATACTGCGGCTGCATTCCAGCCTGGGCAACAAGAGCGAAACTCCCATCTCAAAGAAAAAAAATAAATAAATAAAA"
"chr3","90295036","90295326","chr3","89659819","89660110","2","635217","GGCTGGGCACAGTGGCTCATGCCTGTAATCCCAGCACTTTGGGAGGCTGAAGTGGGCAGATCATGAGGTCAGGAGTTGTAGACCAGCCTGGCCAACATGGTGAAACCCCATCTCTACTAAAAATACAAAAATTAGCCAGGTGTGGTGGTAGGCGCCTGTAATCCCAGCTACTTGGGAGGCTGAGGCAAGAGAATTGCTTAAAACCGAAGGCGGAGTTTGCAGTGAGCCGAGATCATGCCACTGCACTCCAGCCTGGGTGGAAGGGTGAAACTCTGTCTCAAAAAAAAAAAA","GGCTGGGCACAGTGGCTCATGCCTGTAATCCCAGCACTTTGGGAGGCTGAAGTGGGCAGATCACGAGGTCAGGAGTTGTAGACCAGCCTGGCCAACATGGTGAAACCCCATCTCTACTAAAAATACAAAAATTAGCCAGGTGTGGTGGTAGGCGCCTGTAATCCCAGCTACTTGGGAGGCTGAGGCAAGAGAATTGCTTAAAACCGAAGGCGGAGTTTGCAGTGAGCCGAGATCATGCCACTGCACTCCAGCCTGGGTGGAAGGGTGAAACTCTGTCTCAAAAAAAAAAAAA"
"chr3","99178887","99179175","chr3","98467751","98468039","3","711136","GGCTGGATGCGGTGGCTCACACCTGTAATCCCAGCACTTTGGGAGGCTGAGGCAGGTGGATCACCAGGTCAGGAGTTCGAGACCAGCCTCCCCTGAAACCCTGTCTCTACTAAAAATACAAAAATTGGCAGGACATGGTGTTGAGTGCCTATAATCCCAGCTACTCAGGAGGCTGAGGAAAGAGAAGTACTTGAAACCATAAGGCGGAGGTTGCAGTGAGCCAAGATCATGCCACTGCACTCCAGCCTGGTCAACAAAAGCAAAACTCTGTTTACAAAAAAAAAAAAAA","GGCTGGATGCGGTGGCTCACACCTGTAATCCCAGCACTTTGGGAGGCTGAGGCAGGTGGATCACCAGGTCAGGAGTTCGAGACCAGCCTCCCCTGAAACCCTGTCTCTACTAAAAATACAAAAATTGGCAGGACATGGTGTTGAGTGCCTATAATCCCAGCTACTCGGGAGGCTGAGGAAAGAGAAGTACTTGAAACCATAAGGCGGAGGTTGCAGTGAGCCAAGATCATGCCACTGCACTCCAGCCTGGTCAACAAAAGCAAAACTCTGTTTCAAAAAAAAAAAAAAA"
"chr3","99673986","99674283","chr6","90061121","90061419","39","9612865","GGCGAGGCGCGGTGGCTCATGCCTTTAATTCCAGCACTTTGGGAAGCTGAGGCAGGCGGTTCGTGAGGCCAGGAGTTTGAGACCAACCTGGCCAACATGGTAAAACCCCGTCTCTACTAAAAATACAAAAAAATTAGCTGGGCATAGTGGCGGGCTCCTGTAATCCCAGCTACTCAGGAGGCTGAGGCAGGAGAATTGCTTGAACCTGGGAAGATGGAGGTTGCAGTGAGCTGAGATTGCGCCACTGCATTCCAGCCTGGGCAATAAGAGCGATACTCCATCTCAAAAAAGAAAAAAA","GGCTGGGCGCGGTGGCTCACGCCTGTAATCCCAGCACTTTGGGAGGCTGAGGCAGGTGGATCACAAGGTCAGCAGTTTGAGATCAGCCTGACCAACATGGTGAAACTCCGTCTCTACTAAAAATACAAAAAAATTAGCTGGGCGTGGTGGCAGGCACCTGTAATCCCAGCTACTTGGGAGGCTGAGGCAGGAGAATTGCTTGAAACCAGAAGGTGGAGGTTGCAGTGAGCCGAGATTGCACCACTGCACTCTAGCCTGGGCAATAAAAGCAAAACTCCATCTCAAAAAATAAAAAGAAA"
"chr3","102606141","102606442","chr3","101959196","101959497","0","646945","GGCTGGGCACGGTGGGTCACGCCTGTAATCCCAGCACTTTCGGTGGCCGAGGCGGGTGGATCACGAGGTCAGGAGTTCGAGACCAGCCTGGCCAACATGGTGAAACCCCGCCTCTACTAAAAATACAAAAGTTAGCCAGGCGTGGTGCCACACACCTGTAATCCCAGCTACTTGGGAGGCTGAGACTGGAGAATCGCTTGAAACCAGAATGCAGAGGTTGCAGTGAGCCGAGATCACGCCACTGCACTCCAGCCTGGGCAATGAGAGCGAAACTCTGTCTCAAACAAAACAAAACAAAAAAA","GGCTGGGCACGGTGGGTCACGCCTGTAATCCCAGCACTTTCGGTGGCCGAGGCGGGTGGATCACGAGGTCAGGAGTTCGAGACCAGCCTGGCCAACATGGTGAAACCCCGCCTCTACTAAAAATACAAAAGTTAGCCAGGCGTGGTGCCACACACCTGTAATCCCAGCTACTTGGGAGGCTGAGACTGGAGAATCGCTTGAAACCAGAATGCAGAGGTTGCAGTGAGCCGAGATCACGCCACTGCACTCCAGCCTGGGCAATGAGAGCGAAACTCTGTCTCAAACAAAACAAAACAAAAAAA"
"chr3","110805251","110805534","chr3","110006866","110007147","8","798385","GGCCAGGCGCGGTGGCTTTCACCTGTGGTCCCAGCACTTTGGGAGGCCGAGGCGGGCAGATCACAATGTCAGGAGTTCAATACCAGCCTGGCCAACATGGTGAAAACCCATCTCTACTAAAAATACAAAAATTAGCCAGGCATGGTGGCCGGGGCCTGTATTCCCAGCTACTCGGGAGGCTGAGGTGGAGAATCGCTTGAAACTGGAAGGCGGAGGTTGCAGTGAGCCAAGATCGCGCCATTGCACTCCAGCCTGGGCAACAAAAGAAAAACTCTGTCTCAAAA","GGCCAGGCACGGTGGCTTTCACCTGTGGTCCCAGCACTTTGGGAGGCCGAGGCGGGCAGATCACAATGTCAGGAGTTCAATACCAGCCTGGCCAACATGGTGAAAACCCATCTCTACTAAAAATACAAAAATTAGCTGGGCATGGTGGCTGGGGCCTGTATTCCCAGCTACTCGGGAGGCTGAGGTGGAGAATCGCTTGAAACTGGAAGGCGGAGGTTGCAGTGAGCCAAGATCGCGCCACTGCACTCCAGCCTGGGCAACAAAAGCAAAACTCTGTCTCAA"
"chr3","110876234","110876537","chr14","36790752","36791055","36","74085482","GGCCGGGCACGGTGGCTCGCGCCTGTAATCCCAACACTTTGGGAGGCCAAGGTGGGCAGATCACAAGATCAGGAGTTCAAGACCAGCCTGGCCAACACGGTGAAACCCCGTCTCTACTAAAAATACAAAAATTAGCCAGGTGTGGTGGTGTGTGCCTGTAATCCCAGCTACTCGGGAGGCTCAGGCAGGAGAATTGCTTGCACCTGGAAGGTGGGGGTTGCAGTGAGCTGACATTATGCCACTGCTCTCTAGCCTGGGCAACAAGAGTGAAACTCCATCTCAAAAAAAAAAGAAAAAAAGAAAA","GGCCGGGCACGGTGGCTCACGCCTGTAATCACAGCACTTTGGGAGGCTGAGGTGGGTGGATCACGAGGTCAGGAGTTCCAGACCAGCCTGGCCAACATGGTGACACCCCGTCTCTACTGAAAATACAAAAATTAGCCAAGCGTGGTGGCAGGCCCCTGTAGTCCCAGCTACTCGGGAGGCTAAGACAGGAGAATCGCTTGAAACTGGAAGGCGGAGGTTGCAGTGAGCTGAGATCATGCCACTGCACTCCAGCCTGGGCAACAAAAGCGAAACTCCATCTCAAAAAAAAAAAAAAAAAAAAAAA"
"chr3","112359666","112359959","chr3","111587100","111587396","10","772566","GGCCAGGCGTGGTGGCTCACGGCTGTAATCTCAGTAATTTGGGAGGCCGAGGCGGGTGGATCACGAGGTAAGGAGTTCGAGACCAGCCTGGCCAACATGGTGAAACCCCATCTCTACTAAAAATACAAAAATTAGCCGGGCCTGGTGGCAGGCGCCTGTAATCCCAGCTACTCAGGAGGCTGAGGCAGGAGAATCACTTGAAACAAGAAGACGGAGGTTGCAGTCAGCCAAGATCACACCACTGCACTTCAGTCTGGGCAATAAGAGTGAAACTCTGTCTCAAAAAAAAAAAAA","GGCCAGGCGTGGTGGCTCATGGCTGTAATCTCAGTAATTTGGGAGGCCGAGGCGGGTGGATCATGAGGTAAGGAGTTCGAGACCAGCCTGGCCAACATGGTGAAACCCCATCTCTACTAAAAATACAAAAATTAGCCGGGTCTGATGGCAGGTGCCTGTAATCCCAGCTACTCGGGAGGCTGAGGCAGGAGAATCACTTGAAACAAGAAGACGGAGGTTGCAGTCAGCCAAGATCACGCCACTGCACTTCAGTCTGGGCAATAAGAGTGAAACTCTGTCTCAAAAAAAAAAAAAAAA"
"chr3","113063959","113064127","chr3","112301571","112301739","2","762388","CCAGGCGTGGTGGTGGGCACCTGTAATCTCAGCTGTTCTAGAGACTGAGGTAGGATAATTGCTTGAAACTGGAAGGTGGAGGTTGCAGTGAGCCAAGATCACACCACTGCATTCCAGCCTGGGTGAAAGAGCGAAACTCCATCTCAAAAAAAAATAAAATAAAAAGAAA","CCAGGCGTGGTGGTGGGCACCTGTAATCTCAGCTGTTCTAGAGACTGAGGTAGGATAATTGCTTGAAACTGGAAGGTGGAGGTTGCAGTGAGCCAAGATCACACCACTGCATTCCAGCCTGGGTGAAAGAGCGAAACTCCATCTCAAAAAAAATAAAAATAAAAAGAAA"
"chr3","113348621","113348920","chr7","144736012","144736310","42","31387391","GCTGGGCGCGGCGGCTCATGCCTGTAATCTCAGCACTTTGGGAAGCCAAGGTGGGTGGATCACGAGGTCAGGAGTTCAAGAGCAGCCTGGCCAATACGGTGAAACCCTGTCTCTACTAAAAATACAAAATTAGTCAGGCATGGTGGCGGGTGCCTGTAATCCCAGCTACTTAAGAGGCTGAGGCCGGAGAATCGCTTGAAGCCAGGAGGTGGAGGTTGCTGTGAGCCGAGATTGCACCACTGTACTCCACCCTGGACAACAAGAGCGAAACTCCATCTCAAAACAAACAAAAAACAAAAA","GGCCAGGCGCCGTGGCTCACGCCTGTAATCCCAGCACTTTGGGAGGCTGAGGCGGGTGGATCACGAGGTCAGGGGTTCAAGACCAGCCTGGCCAACATGGTGAAACCCTGTCTCTACTAAAAATACAAAAATTAGCCGGGCGTGGTGGTGGGTGCCTGTAATCCCAGCTACTCAGGAGGCTGAGGCAGGAGAATCGCTTGAAACCAGAAGGCAGAGGTTGCAGTGAGCGAAGATCACACCACTGCACTCCAGCCTAGGCAAAAGAGCAAAACTCCATCTCAGAAAAAAAAAAAAAAAAA"
"chr3","116918264","116918574","chr22","45653279","45653586","35","71264985","GGCCGGGCGCGGTGGCTCACGCCTGTAATCCCAGCACTTTGGGAGGCTGAGGGGGGTGGATCACAAGGTCAGGAGTTCAAGACCAGCCTGGCCAGTATGATAAAACCCTGACTCTACTAATAATATAAAAATTAGCCAGGTGTGGTGGCGGGTGCCTGTAATCCCAGCTACTCAGGAGGCTGAGGCAGGAGAATCTCTTGAACCCAGGAGGCAGAGGTTGCAGTGAGCCAAGATGGCACCACTGCACTCCAGCCTGGGCAATAAGAGCTAAACTCCGTCTCAAAAATAAATAAGTAAATAAATAAATAAAA","GGCCGGGCGCGGTGGCTCACGCCTGTAATCCCAGCACTTTGAGAGGCTGAGGTGCGTGGATCACGAGGTCAGGAGTTCGAGACAAGCCTGGCCAACATGGTGAAACCCTGTCTCTACTAAAAATATAAAAAGCTGGGTGTGGTGGCGGGCACCTGTAATCCCAGCTACTCAGGAGGCTGAGGCAGGAGAATCGCTTGAAACAGAAAGGCGGAGGTTGCAGTGAGCCGAGATCGCGCCACTGCACTCCAGCCTGGGCAACAAGAGCGAAACTCCGTCTCAAAAAAGAAAAATAAATAAAATAAATAAAA"
"chr3","117524761","117525053","chr3","116784893","116785189","5","739868","GCCAGGTGCGGTGGCTCACGCCTGTAATCCCAACACTTTGGGAGGCCAAGGCAGGCAGATCATGAAGTCAGGAGTTCGAGACCAGGCTGGCCAACATGGTGAAACCCCGTCTCTACTAAAAACACAAAAATCAGCCAGGTGTGGTGGCAGGCGCCTATAATCCCAGCTACTCAGCAGGCTGAGGCAGGAGAATCGCTTGAAACTGGAAGGCGGAGGTTGCAGTAAGCCGAGAGGGCGCCACCACACTCCAGCCTGGGTGACAGAGCGAAACTCCATCCCAAAAAGAAAAAAAA","GCCAGGTGCGGTGGCTCACGCCTGTAATCCCAACACTTTGGGAGGCCAAGGCAGGCAGATCATGAAGTCAGGAGTTCGAGACCAGGCTGGCCAACATGGTGAAACCCCGTCTCTACTAAAAACACAAAAATCAGCCAGGTGTGGTGGCAGGCGCCTATAATCCCAGCTACTCAGCAGGCTGAGGCAGGAGAATCGCTTGAAACTGGAAGGCGGAGGTTGCAGTAAGCCGAGAGGGCGCCACCACACTCCAGCCTGGGTGACAGAGCGAAACTCCATCTCAAAAAGAAAAAAAAAAAA"
"chr3","119627499","119627807","chr3","118921645","118921950","3","705854","GGCTGGGCACAGTGGCTCATGCCTGTAATCCCAACACTTTGGGAGGCTGAGGTGGGTGGATCATGAGGTCAGGAGTTGGAGACCAGCCTGGCCAACATGGTAAAACCCTGTCTCTACTAAAAATACAAAAATTAGCCGGGCGTGGTGTCAGGTGCCTGTAATCCCAGCTACTCGGGAGGCTGAGGCAGGAGAATCAGTTGAAACCGGAAGGTGGAGGTTGCAGTGAGCCGAGGTCACGCCACTGCACTCCAGCCTGGGTGAAAGAGTGAAACTCTGTCTCAAAAAACAAGCAAACAAACAAACAAAAAA","GGCTGGGCACAGTGGCTCATGCCTGTAATCCCAACACTTTGGGAGGCTGAGGTGGGTGGATCATGAGGTCAGGAGTTGGAGACCAGCCTGGCCAACATGGTAAAACCCTGTCTCTACTAAAAATACAAAAATTAGCCGGGCGTGGTGTCAGGTGCCTGTAATCCCAGCTACTCGGGAGGCTGAGGCAGGAGAATCAGTTGAAACCGGAAGGTGGAGGTTGCAGTGAGCCGAGGTCACGCCACTGCACTCCAGCCTGGGTGAAAGAGTGAAACTCTGTCTCAAAAAACAAGCAAACAAACAAACAAA"
"chr3","120531126","120531405","chr3","119829490","119829769","1","701636","GCCGGGTGTGGTGGCTTACACCTGTAATCCCAGCACTTTGAGAGGCCGAGGCAGGCGGACCATGAGGTCAGGAGTTCAAGACCAGCCTGGCCAACATGGTGAAACCCCATCTCTACTGAAAATACAAAAATTAGCTGGATGTGGTGGTAAGTGCCTGTAGTCTCAGCTACTCAGGAGGCTGAGGCAGGATAATCACTTGAAACTGGAAAGGTGGAGGTTGCAGTGAGCTGAGATTATACCATTGCACTCCAGCCTGGGCAACAAGAGCAAAACTCCATCT","GCCGGGTGTGGTGGCTTACACCTGTAATCCCAGCACTTTGAGAGGCCGAGGCAGGCGGATCATGAGGTCAGGAGTTCAAGACCAGCCTGGCCAACATGGTGAAACCCCATCTCTACTGAAAATACAAAAATTAGCTGGATGTGGTGGTAAGTGCCTGTAGTCTCAGCTACTCAGGAGGCTGAGGCAGGATAATCACTTGAAACTGGAAAGGTGGAGGTTGCAGTGAGCTGAGATTATACCATTGCACTCCAGCCTGGGCAACAAGAGCAAAACTCCATCT"
"chr3","122037044","122037328","chr3","121361621","121361914","11","675423","GGTGTGGTGGCTCATGCCTGTAATCCCAGCACTTTGGGAGGCTGAGGCTGGCAGATCACGAGGTCCGGAGTTCAAGACCAGCCTGGTCAATATGGTGAAACTCCATCTCTACTAAAAACACACAAATTAGCTGGGTGTGGTGGCAGGCACCTGTAATCCCAGTTACTCAGGAAGCTCAGGCAGGAGAACCGCTTGAAACCAGAAGGTGGAGCTTGCAGTAAGCTGAGATCATGCCACTACACTCCAGCCTGGGCAACAAGAGTGAAACTCCATCTCAAAAAAAAA","GGTGTGGTGCCTCATGCCTGTAATCCCAGCACTTTGGGAGGCTGAGGCTGGCAGATCACGAGGTCCGGAGTTCAAGACCAGCCTGGTCAATATGGTGAAACTCCATCTCTACTAAAAACACACAAATTAGCTGGGTGTGGTGGCAGGCACCTGTAATCCCAGTTACTCAGGAAGCTCAGGCAGGACAACCGCTTGAAACCAGAAGGTGGAGCTTGCAGTAAGCTGAGATCATGCCACTACACTCCAGCCTGGGCAACAAGAGTGAAACTCCATCTCAAAAAAAAAAAAAAAAAA"
"chr3","124156471","124156774","chr5","13282747","13283051","38","110873724","GGCCTGGCGTGGTGGCTCATGCTTGTAATCACGGCACTTTGGAAAGCCAAGGTGGGTGGATCACGAGGTCAGGAGTTTGAGACCAGCCTGGCCAACATGGTGAAACCCCGTCTCTACTAAAAATACAAAAATTAGCCAGGCATGGTGGCGGGTGCCTGTAATCCCAGCTAGTCGGGGAGGCTGAGGCAGGAGAATCGCTTGAAACCGGAAGGCAGAGGTTGCAGTGAGCCGGGATTGTGCCACTGCATTCCAGCCTGGGCAACGAGTGAACCTCTGTCTCAAAAAAATAAAAAATAAAAAAAAA","GGCCAGGCATGGTGGCTCACACCTGTAATCCCACCACTTTGGGAGGCCGAGGTGGGTGGATCATGAGGTCAGGAGTTCGAGACCAGCCTGGCCAAAATGGTGAAAACCCATCTCTACTAAAAATGTAAAAATTAGTCTGGAGTGGTGGTGGGTGCCTGCAGTCCCAGCTACTCAGGAGGCTGAGGCAGGAGAATCGCTTGAAACCGGAAGGCAGAGGTTGCAGTGAGCCGAGATTGTGCCACTGCACTCCAGCCTGGGCAACAAGAGCAAAACTCTGTCTCAAAAAAAAAAAAACAAAAAAAAAA"
"chr3","124223784","124224078","chr3","123562263","123562560","6","661521","GGCTGGGTGTGGTGGCTCACGCCTGTAATCCCAGCACTTTGGGAGGCCAAGGCAGGTGGATCACGAGGTCAGGAGTTCGAGACCAGCCTGGTCAACATGATGAAACCCCATCTCTACTAAAAATACAAAAATTAGCTGGGTATGCTGGTGGGTGCCTGTAATCCCAGCTACTTGGGAGGCTGAGGCAGGAGAATTGCTGGAAACCAGAAGGCAGAGGTTGCAGTGAGCCAAGATCACACCACTGCACTCCAGCCTGGGCGAAAGAATGAAACTCTGTCTCAGAAAAAAAAAAAAA","GGCTGGGTGTGGTGGCTCACGCCTGTAATCCCAGCACTTTGGGAGGCCAAGGCAGGTGGATCACGAGGTCAGGAGTTCGAGACCAGCCTGGTCAACATGATGAAACCCCATCTCTACTAAAAATACAAAAATTAGCCGGGTATGCTGGTGGGTGCCTGTAATTCCAGCTACTTGGGAGGCTGAGGCAGGAGAATTGCTGGAAACCAGAAGGCAGAGGTTGCAGTGAGCCAAGATCACACCACTGCACTCCGGCCTGGGCGAAAGAATGAAACTCTGTCTCAGAAAAAAAAAAAAAAAA"
"chr3","125673199","125673485","chr3","125032654","125032961","24","640545","GCTGGGCACGGTGGCTCACACCTCTAATCCCAGCACTTTGGGAGGCTGAGGCGGGTGGATCACAAGGTGAGGAGTTTTGAGACCAGACTGGCCAACAGAGTGAAACTCCACCTCTACTAAAAGTGCAAAGATTAGCCGGGCATGGTGGCAGGTGCCTGTAATCCCAGCTACTTGGGAGACTGAGGCAGGAGAATCGCTTGAAACTGGAAGGCGGAAGGTGCAGTGAGTTGAGATTGTGCCACTGCACTCCAGCCTGAGCGAAAGAGTGAAACTCGGTCTCAAAAAAA","GCTGGGCACGGTGGCTCACACCTCTAATCCCAGCACTTTGGGAGGCTGAGGCGGGTGGATCACAAGGTCAGGAGTTTTGAGACCAGACTGGCCAACACAGTGAAACTCCACCTCTACTAAAAGTGCAAAGATTAGCCGGGCATGGTGGCAGGTGCCTGTAATCCCAGCTACTTGGGAGACTGAGGCAGGAGAATTGCTTGAAACTGGAAGGCGGAAGGTGCAGTGAGTTGAGATTGTGCCACTGCACTCCAGCCTGAGCGAAAGAGTGAAACTCGGTCTCAAAAAAAACCCAACAAAACAAAACAAAA"
"chr3","126325695","126325864","chr7","153741375","153741543","21","27415680","GGCTGGGCTCAGTGGCTCATGCCTGTAATCCCAGCACTTTGGGAGGCTGAGGCGGGTGGATCACAAGGTCAGCAGTTCGAGACCAGCCTGGCCAACATGGTGAAACCCCATCTCTACTAAAAATACAAAAATTAGCCGGGCATGGTGGTGGGTGCCTGTAATCCCAACTA","GGCCGGGCGCAGTGGCTCACGCCTGTAATCCCAGCACTTTGGGAGGCCGAGGCAGGCAGATGATAAGGTCAGGAGTTCGAGACCAGTCTGGCCAGCATGGTGAAACCGCGTCTCTACTAAAAATACAAAAATTAGCCAGGCGTGGTGTTGGGCACCTGTAATCCCAGCT"
"chr3","128288462","128288692","chr3","127695926","127696156","0","592536","GGCAGGGTGCAGTGGTTCATGCCTGTAATCCCAGCACTTTGGGAGGCCAAGGCAGACAGATGACAAGGTCAGGAGTTTCAGACCAGCCTGGCCAACACAGCAAAACCCCGTCTCTACTAAAAAGACAAAAATATAGCCAGGCGTTGTGGTAGGCGCCTGTAATTCCAGCTACTAGCTACTTGGGAGGCTGAGGTGGGAGAATCGCTTGAAACCAGAAGGCGGAGTTTGCAG","GGCAGGGTGCAGTGGTTCATGCCTGTAATCCCAGCACTTTGGGAGGCCAAGGCAGACAGATGACAAGGTCAGGAGTTTCAGACCAGCCTGGCCAACACAGCAAAACCCCGTCTCTACTAAAAAGACAAAAATATAGCCAGGCGTTGTGGTAGGCGCCTGTAATTCCAGCTACTAGCTACTTGGGAGGCTGAGGTGGGAGAATCGCTTGAAACCAGAAGGCGGAGTTTGCAG"
"chr3","128722649","128722944","chr3","128131645","128131940","4","591004","GCCGGGCGCGGCGGCTCAGGCCTGTGATCCCAGCACTTTGGGAGGCCGAGGCGGGTGGATCACAAGGTCAGCAGTTCGAGACCAGCCTGACTAACATGGTGAAACCCTGTCTCCACTAAAAATACAAAAAAATTATCTGGGCGTAGTGGCGGGCACTCGTAATCCCAGCGACTTGGGAGGCTGAGGCAGGAGAATCGCTTGAAACTGGAAGGCGGAGGTTGCCGTGAGCCGAGATTACACCACTGCACTCTAGCCTGGGCAATAAGAGCAAAATTCTGTCTCGAAAAAAAAGGAAA","GCCAGGCGCGGCGGCTCACGCCTGTGATCCCAGCACTTTGGGAGGCCGAGGCGGGTGGATCACAAGGTCAGCAGTTCGAGACCAGCCTGACTAACATGGTGAAACCCTGTCTCCACTAAAAATACAAAAAAATTATCTGGGCGTAGTGGCGGGCACTCGTAATCCCAGCGACTTGGGAGGCTGAGGCAGGAGAATCGCTTGAAACTGGAAGGCGGAGGTTGCCGTGAGCCGAGATTGCACCACTGCACTCTAGCCTGGGCAATAAGAGCAAAATTCTGTCTCAAAAAAAAAGGAAA"
"chr3","129516336","129516657","chr19","56758284","56758609","45","72758052","GGCCAGGCGCGGTGGCTCACGCCTGTAATCCCAGCACTTTGGTAGGCCGAGGCGAGCGGATCACAAGGTCAGGAGTTGCAGACCAGGCTGGCCAAAATGGTGAAACCCCGTCTCTACTAAAAATACAAAATAAATAAATAAATAAATAAAAATTAGCCGGGCGTGGTGGCGGGCGCCTGTAATCCCAGCTACTCCGGAGGCTGAGACAGGAGGATCGCTTGAACCCGGGAGACGGAGGTTGCGGTGACCTGAGATCGCGCCACTGCACGCCAGCCTGGGCAACAAGAGGGAAACTCCGTCTCAAGAAGAAAAAAAAAAAAAA","GGCCAGGCGCGGTGGCTCACACCTGTAATCCCAGCACTTTGGGAGGCTGAGGTGGGCGGATCACAAGGTCAGGAGTTTGAGACCAGACTGGCCAACATGGTGAAACCCCGTCTCTACTAAAAATACAAAAAAAAAAAAAAAAAAAAAAATTAGCCGGGTGTGGTGGCAGGCGCCTGTAATCCCAGCTACTCAGGAAGCTGAGACAGGACAATCACTTGAAACCGGAAGGTGGAGGTTGCAGTGACCCACGATTACGCCACTGCACTCCAGCCTGGGCAAAAGAGTGAAACTCCATCTCAAATAAACAAAAAACAAAAACAAACAAA"
"chr3","138089237","138089533","chr3","137048504","137048805","6","1040733","GGCCGGGCACAGTGGCTCACGCCTGTAATCCCAGCACTTTGGGAGGCCAAGGCGGGCAGATCACGAGGTCAGGAGTTCGAGATCAGCATAGCCAACATGGTGAAACCCCGTCTCTACTAAAAATACAAAAATTAGCTGGGCGTGGTGGCGGGTGCCTATAGTCCTAACTGCTTGGGAGGCTGAGGCAGAAGAATTGCTTGAAACTGGAAGGCGGAGGTTGCAGTGAGCCAAGATCATGCCACTGCACTCCAGCCTGGGCGAAAGAGCGAAACTCCATCTAAAAAAAAAAAAAAAAAA","GGCCGGGCACAGTGGCTCACGCCTGTAATCCCAGCACTTTGGGAGGCCAAGGCGGGCAGATCACGAGGTCAGGAGTTCGAGACCAGCATAGCCAACATGGTGAAACCCCGTCTCTACTAAAAATACAAAAATTAGCTGGGCGTGGTGGCGGGTGCCTATAGTCCTAACTGCTTGGGAGGCTGAGGCAGAAGAATTGCTTGAAACTGGAAGGCGGAGGTTGCAGTGAGCCAAGATCATGCCACTGCACTCCAGCCTGGGCGAAAGAGCGAAACTCCATCTAAAAAAAAAAAAAAAAAAAAAAA"
"chr3","138109125","138109330","chr22","37181857","37182051","39","100927268","GGCTGGGTGCAGTGGCTCACGTCTGTAATCCCAGCCCTTTGGGAGGGGGAGGCAGGAGGATCACGAGGTCAGGAGTTCGAGACCAGCCTGACTAACATGGTGAAACCCCATATCTACTAAAAATACAAAAAAAGAAAAAAATTTAGGCCAGGCATGGTGGCAGGCACCTGTAATCACAGCTATTCGGGAGGCTGAGGCAGAAGAAT","GGCTAGGCACACTGGCTCACGCCTGTAATCCCAACACTTTGGGAGGCTGAGGTGGGCAGATCATGAGGTCAGGAGTTCGAGACCAGCCTGACCAACAAGGTGAAACCCCATCTCTACTAAAAATACAATAATTAGCCGGGCATGGTGGCTGGCACCTGTAGTCCCAGCTACTCAGGAGGCTGAGGCAACAGAATC"
"chr3","138119271","138119570","chr3","137085479","137085784","10","1033792","GGCCAGGCGCCGTGGCTCACGCCCGTAATCCCAGCACTTTGGGAGGCTGAGGCGGGCGGATCACGAGGTCAGGAGTTCAAAACCAGCCTGACCAACATGATGAAACTCCGTCTCTACTAAAAATCCAAGAATTAGCCAGGTGTGGTGGCGGGCGCCTGTAATCCCAGCTACTCGGGAGGCTGAGGCAGAAGAATCGCTTGAAACCAGAAGGCAGAGGTTGCAGTGAGCCGAGATTTCGCCACTGCACTCCAGCCTGGGCAACAAGAGGGAAACTTCGTCTCCAAAAAAAAAAAAAAAAAA","GGCCAGGCGCCGTGGCTCACGCCTGTAATCCCAGCACTTTGGGAGGCTGAGGCAGGCGGATCACGAGGTCAGGAGTTCAAAACCAGCCTGACCAACATGATGAAACTCCGTCTCTACTAAAAATACAAGAATTAGCCAGGTGTGGTGGCGGGCGCCTGTAATCCCAGCTACTCGGGAGGCTGAGGCAGAAGAATCGCTTGAAACCAGAAGGCATAGGTTGCAGTGAGCCGAGATTTCGCCACTGCACTCCAGCCTGGGCAACAAGAGGGAAACTTCGTCTCCAAAAAAAAAAAAAAAAAAAAAAAA"
"chr3","141490787","141491072","chr4","54651167","54651457","43","86839620","GGCCAGGTGCAGTGGCTCACACCTATAATCCCAACACTTTGAGAAGCCAAGGTGGGTGGATCATGAGGTCAGGAGTTTGAGACAAGCCTGGCCAACATGGTGAAACTCCTGTCTCTATTAAAAATACAAAAATTAGATGGGTGTGGTGGCAGGCATCTGTAATCCCAGTTACTCAGGAGGCAGGAGAATTGCTTGAACTCAGAAGGCGGAGGTTGCAGTGAGCCAAGATTGCGACACTGCACTCCAGCCTGGGCGACAATAGCGAAACTCCGTCTCAAAAAAAAAA","GGCCAGGCGCAGTGGCTGACACCTGTAATCCCAGCACTTTGGGAAGCCAAGGCGGGTGGATCATGAGGTCAGCAGTTCGAGACCAGCCTGACCAACATGGTGAAACCCTGTCTCTACTAAAAATACAAAAAATTAGCTGGGTGTGGTGGCAAGCGCCTGTAATCCCAGCTACTTGGGAGGCTGAGGCAGGAGAATCGCTTGGAACCAGAATGTGGAGGTTGCAGTGAGCCGAGATTGTGCCACTGCACTCTAGCCTGATCAATAAAAGCAAAACTCCATCAAAAAAAAAAA"
"chr3","143987139","143987444","chr3","142878658","142878964","3","1108481","GGCCAGGCGTGGTGGCTCACGCCTGTAATCCCAGCACTTTGGGAGTCGGATTGTGGGGGTGGGGGGGTGCGAATCCCGAGGTCAGGAGTTCAAGACCAGCCTGGCCAACATGGTGAAACCCCGTCTCTACTAAAAATACAAAAATTAGCCAAGCATGGTGGCGGGCGCCTGTAATCCCAGCTACTCATGAGGCTGAGGCAGAAGAATCACTTGAAACCAGAAGGTGGAGGTTGCAGTGAGCTGAGATCCTGCCACTGCACTTCAGCCTGGGCAAAAGGAGCGAAACTCCATTTCAAAAAAAAAAAA","GGCCAGGCGTGGTGGCTCACGCCTGTAATCCCAGCACTTTGGGAGTCGGATTGTGGGGGTGGGGGGGTGCGAATCCCGAGGTCAGGAGTTCAAGACCAGCCTGGCCAACATGGTGAAACCCCGTCTCTACTAAAAATACAAAAATTAGCCAAGCGTGGTGGCGGGCGCCTGTAATCCCAGCTACTCATGAGGCTGAGGCAGAAGAATCACTTGAAACCAGAAGGTGGAGGTTGCAGTGAGCTGAGATCCCGCCACTGCACTTCAGCCTGGGCAAAAGGAGCGAAACTCCATTTCAAAAAAAAAAAAA"
"chr3","147255435","147255730","chr3","146210831","146211131","7","1044604","GGTGCAGTGGCTCATGCCTGTAATCCCAGCACTTTGGGAGGCCGAGATGGGCAGATCATGATGTCAGGAGTTCGAGACCAGCCTGGCCAACATGGTGAAACTCCATCTCTACTAAAAATACAAAAAATTAGCCGGTCATGGTGGTGAGTGTCTGTAATCCCAGCTACTCAGGAGGCTGAGGTGGGAGAATTGCTTGAAACCAGAAGGTGGAGGTTGCAGTGAGCCAAGATCATGCCACTGCTCTCCAGCCTGGGCAACAACAGCAAAACTCTGTCTCAAAAAAGAAAAAAAGAAAA","GGCTGGGTGCAGTGGCTCATGCCTGTAATCCCAGCACTTTGGGAGGCCGAGATGGGCAGATCATGATGTCAGGAGTTCGAGACCAGCCTGGCCAACATGGTGAAACTCCATCTCTACTAAAAATACAAAAATTAGCCGGTCATGGTGGTGAGTGTCTGTAATCCCAGCTACTCAGGAGGCTGAGGTGGGAGAATTGCTTGAAACCAGAAGGTGGAGGTTGCAGTGAGCCAAGATCATGCCACTGCTCTCCAGCCTGGGCAACAACAGCAAAACTCTGTCTCAAAAAAGAAAAAAAAGAAAA"
"chr3","148365395","148365692","chr3","147336271","147336573","5","1029124","GGCCGGGCAGGGTGGCTTACGCCTGCAATCCCAGCACTTTGGGAGGCTGAGGTGGGCGGATCATGAGGTCAGGAGTTTGAGACCAGCCTGGCCAACATGGTGAAACCCCGTCTCTACTAAAAATACAAAAACCACCTGGGTGTGGTGGCAGGTGCCTGTAATCCCAGCTACTTGGGAGGCTGAGGCAGGAGAATTGCTTGCTACTGGAAGGTGGGGGTTGCAGTGAGCTGAGGTTGCACCTCTGCACCCCAGCCTGGGCAACAAGAGTGAAACTCCATCTCAAAAAAAAAAAAAAAAA","GGCCGGGCAGGGTGGCTTACGCCTGCAATCCCAGCACTTTGGGAGGCTGAGGTGGGCGGATCATGAGGTCAGGAGTTTGAGACCAGCCTGGCCAACATGGTGAAACCCCGTCTCTACTAAAAATACAAAAACCACCTGGGTGTGGTGGCAGGTGCCTGTAATCCCAGCTACTTGGGAGGCTGAGGCAGGAGAATTGCTTGCTACTGGAAGGTGGGGGTTGCAGTGAGCTGAGGTTGCACCTCTGCACCCCAGCCTGGGCAACAAGAGTGAAACTCCATCTCAAAAAAAAAAAAAAAAAAAAAA"
"chr3","153492586","153492893","chr3","152532181","152532483","6","960405","GGCCAGGCCTGGTGGCTCACTTTTGTAATCCTAGCACTTTGGGAGGCTGAGGAGGGCGGATCACAAGGTGAGGAGTTTGAGACCAGTCTGGCCAACATGGTGAAACCCCATCTCTACTAAAAATACAAAAATTAGCTGGGCGTAATGGTGGGCACCTGTAATCCCAGCTACTCAGAAGGCTGAGGCAGGAGAATCACTTGAAACCAGAAGGCGGAGGTTGCAGTGAGCCAAGATCACACCACTGCACTTCAGCCTGGGTGAAAGAGCAAAACTCCATCTCAAAAAAAAAAAAAAAAAAAAGAAAGAAA","GGCCAGGCCTGGTGGCTCACTTTTGTAATCCTAGCACTTTGGGAGGCTGAGGAGGGCGGATCACAAGGTGAGGAGTTTGAGACCAGTCTGGCCAACATGGTGAAACCCCATCTCTACTAAAAATACAAAAATTAGCTGGGCGTAATGGTGGGCACTTGTAATCCCAGCTACTCAGAAGGCTGAGGCAGGAGAATCACTTGAAACCAGAAGGCGGAGGTTGCAGTGAGCCAAGATCACACCACTGCACTTCAGCCTGGGTGAAAGAGCAAAACTCCATCTCAAAAAAAAAAAAAAAAAAAAGAA"
"chr3","157702931","157703095","chr20","30959776","30959938","42","126743155","AGCTGGGCGTGGTGGCGGGCGCCTGTAATCCCAGCTACTAGGGAGGCTGAGGCAGGAGAATCGCTTGAAACCAGAAGGTGGAGGTTGCAGTGAGCCGAGATAGCGCCACTGCACTCCAGNNNNNNNNNNNNNNNNNNNNAAGAAAGAAAGAAAAGAAAAGAAAAA","TTAGCTGGGTGTGGTGGTGGGTGCCTGTATTCCCAGCTACTGGGAGGCTGAGGCAGGAGAATTGCTTGAAATCAGAAGGTGGAGGTTGCAGTGAGCTGAGATCGCGCCACTGCACTCCAGCCTGGGCAACAACAGCAAAACTCCATTTTCAAAAAAAAAAAAA"
"chr3","160295040","160295333","chr3","158917814","158918103","5","1377226","GGCTGGGCAGAGTGGCTCACACCTGTAATCCCAGAACTTTGGGATCACGAGGTCAGGAGTTCAAGACCAGTCTGGCCAACATGGTGAAACCCTGCCTCTACTAAAAATACAAAAATTAGCCAGGTGTGATGGTAGGTGCCTGTAATCCCAGCTACTCGGGAGGCTGAGGCAGGAGAATTGCTTGAAACTGGAAGGCGGAGGTTGTAGTGAGCCGAGATCATGCCACTGCACTCCAGCCTGGGGGAAAGAGCAAATCTCCGTCTCAAAAAAAAAAAAAAGAAAAAAAGGAAAGAA","GGCTGGGCAGAGTGGCTCACACCTGTAATCCCAGAACTTTGGGATCACGAGGTCAGGAGTTCAAGACCAGTCTGGCCAACATGGTGAAACCCTGCCTCTACTAAAAATACAAAAATTAGCCAGGTGTGATGGTAGGTGCCTGTAATCCCAGCTACTCGGGAGGCTGAGGCAGGAGAATTGCTTGAAACTGGAAGGCGGAGGTTGTAGTGAGCCGAGATCATGCCACTGCACTCCAGCCTGGGGGAAAGAGCAAATCTCCGTCTCAAAAAAAAAAAAAAAAAGAAAAAAAA"
"chr3","165604474","165604668","chr3","164324522","164324716","0","1279952","GGCCGGGCGAGGTGGCTCACACCTGTAATCCCAGCACTTTGGGAGGCCGAGGTGGGCGGATCGTGAGGTCAGAAGTTTGAGACCAGCCTGGCCAACATACTGAAACCCCGTCTCTACTAAAAATACAAAAATTAGCCCAGCATGGTTGTGGGCACCTGTAATTCCAGCTACTCGGGAGGCTGAGGCAGGAGAATC","GGCCGGGCGAGGTGGCTCACACCTGTAATCCCAGCACTTTGGGAGGCCGAGGTGGGCGGATCGTGAGGTCAGAAGTTTGAGACCAGCCTGGCCAACATACTGAAACCCCGTCTCTACTAAAAATACAAAAATTAGCCCAGCATGGTTGTGGGCACCTGTAATTCCAGCTACTCGGGAGGCTGAGGCAGGAGAATC"
"chr3","166006546","166006806","chr14","75004392","75004649","34","91002154","GGCCAGGCACAGTGGCTCATGCCTGTAATCCCAGCACTTTGGGAGGCCGAGGTGGGTGGATCACGAGGTTAGGAGTTTGAGACCAGCCTGGCTAACATGGTGAAACCCCATCTCCACTAAAAATACAAAAAATATTAGCCGGGCGTGGTGGTGGGCACCTGTAATCCCAGCTACTCGGGAGGCTGAGGCAGGAGAATCGCTTGAACCTGGAAGGCGGAGGTTGCAGTGAGTCGAGATTGTGCCACTGCACTCCAGCCTGGG","GGCCGGGTGTGGTGGCTCATGCCTGTAATCCCAGCACTCTGGGAGGCTGAGGCGGGCAGATCACGAGGTCAGGAGTTTGAGACCACCCTGGCCAACATGGTGAAACCCCGTCTCTACTAAAAATACAAAAATTAGCTGGGCGTGGTGGCAGGCACCTGTAATCCCAGCTACTCAGGAGGCTGAGGCAGGAGAATCGCTTGAAACCGGAAGGTGGAGGTTGAAATGAGCTGAGACCGCACCACTGCCCTCCAGCCTGGG"
"chr3","172060346","172060609","chr3","170801426","170801689","1","1258920","GGCCAGGCGCCGTGGTTCACGCCTGTAATCCCAGCACTTTGGGAGGCTGAGGCGGGTGGATCACAAGGTCAGGAATCCAAGACCAGCCCGGCCAACATGGCGAAACCCCGTCTCTACTAAAGACACAAAAATTTAGCCAGGGTTACTAACAGGTGCCTGTAATCCCGGCAACTCCGGAGGCTGAGGCAGGAGAATCGCCTGGGCAGAGATTGCAGTGAGCCGAGATCACACCATTGCACTTCAGCCTGGGCAACAAGAGCAAAA","GGCCAGGCGCCGTGGTTCACGCCTGTAATCCCAGCACTTTGGGAGGCTGAGGCGGGTGGATCACAAGGTCAGGAATCCAAGACCAGCCCGGCCAACATGGCGAAACCCCGTCTCTACTAAAGACACAAAAATTTAGCCAGGGTTACTAACAGGTGCCTGTAATCCCGGCAACTCCGGAGGCTGAGGCAGGAGAATCGCCTGGGCAGAGATTGCGGTGAGCCGAGATCACACCATTGCACTTCAGCCTGGGCAACAAGAGCAAAA"
"chr3","173402443","173402739","chr3","172145151","172145451","7","1257292","GGCTGGGTGCAGTAGCTCACACCTGTAATCCCAGCACTTTGGGAGGCAGAGGCGGGTGGATCATGAGGTCAGGAGTTCGAGACCAGCCTGACCAATGTGGTAAAACCCCGTCTTTACTAAAAATACAAAAATTAGCCAGACGCGGTGGCGGGCGCCTGTAATCCCAGCTACTAAGGAGGCTGAGGCAGGAGAATCGCTTGGAACTGGAAGGCAGGGGTTGCAGTGAGCCGAAATCGTGCCACTGCACTCCATCATGGGTAACAAGAGCGAAACTCCATCTACAAAAAAAAAAAAAAA","GGCTGGGTGCAGTAGCTCACACCTGTAATCCCAGCACTTTGGGAGGCAGAGGCGGGTGGATCATGAGGTCAGGAATTCGAGACCAGCCTGACCAATGTGGTAAAACCCCGTCTTTACTAAAAATACAAAAATTAGCCAGACGCGGTGGCGGGCGCCTGTAATCCCAGCTACTAAGGAGGCTGAGGCAGGAGAATCGCTTGGAACTGGAAGGCAGGGGTTGCAGTGAGCCGAAATCATGCCACTGCACTCCATCATGGGTAACAAGAGCGAAACTCCATCTCAAAAAAAAAAAAAAAAAAAA"
"chr3","177799125","177799204","chr14","93357178","93357248","17","84441947","TGAAACAGAAAGGTGGAGGTTGCAGTGAGCCGAGATCACGCCATTGCACTCCAGCCTGGGCAAAAAGAGCAAAACTCCAT","CAGAGGGCGGAGGTTGCAGTGAGCCAAGATTGCGCCATTGCACTCCAGCCTGGGCAATAAGAGCGTAACTC"
"chr3","179987337","179987630","chr14","48956321","48956614","33","131031016","GGCCGAGCACAGTGGCTCATGCCTGTAATCCCAGCACTTTGGGAGGCAGAGGTGGGCAGATCACAAGGTCAGGAGTTTGAGACCAGCCTGGCCAACATGGCAAAACCCCATGTCTACTGAAAATACAAAAATTAGCTGGGTGTGGTGGCAGGTGCCTGTTATCCCAGCTACTCGGGAGGCTGAGGCAGGAGAATCACTTGAACCTGGAAGTTGGAGGTTGCAGGGAGCCAAGATAATGCCGTTGCACTCCAGCCTGGGCAACAAGAGCAAGACTCCATCTCAAAAAAAAAAAAA","GGCTGGGTGCAGTGGCTCACACCTGTAATCCCAGCACTTTGGGAGGCTGAGATGGGCAGATCACGAGGTCAGGAGTTTGAGACCAGCATGGCCAACATGGTGAAACCCCGTCTCTACTAAAAATACAAAAATTAGCTGGGCGTGGTGGCAGATGCCTGTAATCCCAGCTACTTGGGAGGCTGAGGCAGGAGAATCGCTTGAAACCAGAAGGTGGAGGTTGCAGTGAGCCGAGATCGTGCCACTGCACTCCAGCCTGGGCAACAAGAGCAAAACTCTGTCTCAAAAAAAAAAAAA"
"chr3","182600005","182600240","chr7","101523089","101523309","55","81076916","GGGCACGGTGGCTCACGCCTGTAATCTCAGCACTTTGGGAGGCTGAGGTGAGCAGATCACGAGGTCAGGAGTTCAAGACTAGCCTGGCCAACATGGTGAAACCCCGTCTCTACTAAAAATACAAAAANNNNNNNNNNNNNNNNNNNNGGAGGTTGCAGTGAGCCAAGATTGTGCCACTGCACTCTAGCCTGGGCAACAACAGCAAGACTCTGTCTCAAAACAAACAAAAAAAAAAA","GCCGGGCACAGTGGCTCACGCCTGTAATCCCAGCATTGGGAGGCTGAGGTGGGCAGATCACGAGGTCAGGAGTTTGAGACCAGCCTGACCAACATGGTGAAACCCCGTCTCTACTAAAAATACAAAAATTAGCTGGGCATGGTGGTGGAAGGTAATCGCCATTGCACACCAGGCTGGGCAACAAGAGTGAAACTCTGTCTCAAGAAAAAAAAAAAAAAAAA"
"chr3","183780606","183780908","chr3","182524608","182524911","2","1255998","GGCCGGGCGAGGTGGCTTACACCTGTAATCCCAGCGCTTTGGGAGGCCGAGGTGGGTGGATCACGAGGTCAGCAGTTCAAGACCACTCTGACCAACTTGGTGAAACCCCATCTCTACTAAAAATACAAAAAATTAGCTGGGCGTGGTGGCAGGCGCCTGTAATCCCAGCTACTTGGGAGGCTGAGGCAGGAGAATTGCTTGAAACCGGAAGGTGGAGGTTGCAGCAAGCCAAGATTGTGCCATTGCACTCTAGCCTGGTCAATAAGAGCAAAACTCCATCTCAGAAAAACAACAACAAAAAAA","GGCCGGGCGAGGTGGCTTACACCTGTAATCCCAGCGCTTTGGGAGGCCGAGGTGGGTGGATCACGAGGTCAGCAGTTCAAGACCACTCTGACCAACTTGGTGAAACCCCATCTCTACTAAAAATACAAAAAAATTAGCTGGGCGTGGTGGCAGGCGCCTGTAATCCCAGCTACTTGGGAGGCTGAGGCAGGAGAATTGCTTGAAACCGGAAGGCGGAGGTTGCAGCAAGCCAAGATTGTGCCATTGCACTCTAGCCTGGTCAATAAGAGCAAAACTCCATCTCAGAAAAACAACAACAAAAAAA"
"chr3","184451575","184451849","chr3","183203955","183204231","2","1247620","GGCCAGGAGCCGTGGCTCACGCCTGTAATCCCAGCACTTTGGGAGGCCAAGGTGGGAGGATCACGAGGTCAGGAGTTCAAGACCAGCCTGGCCAATGCGGTGAAACCCCATCTCTACTAAAAATACAAAAAATTAGCTGGGCGTGATGGTGCGCACCTGTAATCCCAGCTACTCAGGAGGCTGAGGCAGGAGAATCGCTTGAAACGAGAAGGCGGAGGTTGCAGTGAGCCGAGATTGCACCACTCCAGCCTGGGCAACAAGAGCGAAACTCCATC","GGCCAGGAGCCGTGGCTCACGCCTGTAATCCCAGCACTTTGGGAGGCCAAGGTGGGAGGATCACGAGGTCAGGAGTTCAAGACCAGCCTGGCCAATGCGGTGAAACCCCATCTCTACTAAAAATACAAAAAATTAGCTGGGCGTGATGGTGCGCACCTGTAATCCCAGCTACTCAGGAGGCTGAGGCAGGAGAATCGCTTGAAACGAGAAGGCGGAGGTTGCAGTGAGCCGAGATTGCACCACTCCAGCCTGGGCAACAAGAGCGAAACTCCATCCC"
"chr3","184581659","184581968","chr3","183335337","183335631","22","1246322","GGCTGGTTGCGGTGGCTCCGGCCTATAATCCCAGCACTTTGGGAGGCTGAGGCGGATGGATCACGAGGTCAGGAGTTCGAGACCAGCCTGACCAACATGGTGAAACCCTGTCTACTAAAAATACAAAAAAAAAATTAGCCGGTGGCAGGCGCCTGTAATACCAGCTACTCGGGAGGCTGAGGCGGGAGAATCACTTGAAACCGGAAGGCAGAAGTGGCAGTAAGCCAAGATCACACCACTGCACTCCAACCTGGGCAACAAGAGCAAAAACTCTATCTACAAAAAAANNNNNNNNNNNNNNNNNNNNAAA","GGCTGGTTGCGGTGGCTCCGGCCTATAATCCCAGCACTTTGGGAGGCTGAGGCGGATGGATCACGAGGTCAGGAGTTCGAGACCAGCCTGACCAACATGGTGAAACCCTGTCTACTAAAAATACAAAAAAAAAATTAGCCGGTGGCAGGCGCCTGTAATACCAGCTACTCGGGAGGCTGAGGCGGGAGAATCACTTGAAACCGGAAGGCAGAAGTGGCAGTAAGCCAAGATCACACCACTGCACTCCAACCTGGGCAACAAGAGCAAAACTCTATCTCAAAAAAAAAAAAAAAAA"
"chr3","186944036","186944335","chr3","185727501","185727801","2","1216535","CCAAGCGCGGTGGCTCACGCCTGTAATCCCAGCACTTTGGGAGGCCAAGGCGGGTGGATCACGAGGTCAGGAGTTCAAGATCAGCCTGGCCAATGTGGTGAAACCCCGTCTCTACTAAAAAATAAAAAAATTAGCCAGGCGTGTTGGTGGGCACCTGTAATCCCAGCTACTCAGGAGGCTGAGGCAGAAGAATCACTTGAAACCAGAAGGCGGAGGTTGCAGTGAGCCGAGATCGTGCCACTGCACTGTAGCCTGGGTGAAAAAGCAAAACTCCGCCTCAAAAAAAAAACACAAAAAAAA","CCAAGCGCGGTGGCTCACGCCTGTAATCCCAGCACTTTGGGAGGCCAAGGCGGGTGGATCACGAGGTCAGGAGTTCAAGATCAGCCTGGCCAATGTGGTGAAACCCCGTCTCTACTAAAAAATAAAAAAATTAGCCAGGCGTGTTGGTGGGCACCTGTAATCCCAGCTACTCAGGAGGCTGAGGCAGAAGAATCACTTGAAACCAGAAGGCGGAGGTTGCAGTGAGCCGAGATCGTGCCACTGCACTGTAGCCTGGGTGAAAAAGCAAAACTCCGCCTCAAAAAAAAAAAACAAAAAAAAA"
"chr3","187468070","187468285","chr3","78120642","78120843","41","109347428","GGCTGGGAGCGGTGGCTCCCGCCTGTAATCATAGCATTTTGGGAGGCTGAGGCAGGCAGATCACGAGGTCAGGAGTTCGAGACCAGCCTGGCCGACATAGTGAAACCCCGTGTCTACTAAAAATACAAAAATTAGCCAGGCATGGTGGTGGGCTCCCATAGTCCCAGCTACTTGGCTGACTGATGCAGGAGAATTGGAGATTGCAGTGAGCCAAAA","GGCCAGGTGCGGTGGTTCACGCCTGTAATCCTAGCACTTTGGGAGGCTGAGGAGGGCAGATCATGAGGTCAGGAGTTCGATATCAGCCTGGCCAACATTGCGAAACCCCGTCTCTACTAAAAATACAAAAATTAGCCAGGCGTGGTGGCAGGCACCTGTAATCCCAGCTACTTGGGAGACTGAGGCAGAAGAATGGCGTGAA"
"chr3","188150869","188151106","chr7","97687407","97687651","38","90463462","GCCAGGCGGGGTGGCTCACACCTGTAATCCCAGCATTTTGGGAGGTTGAGTCGGGCAGATCACAAGGTAAGGAGTTCAAGATCAGCCTGGCCAACATGGTGAAACCCCGTCGCTACTAAAAACACAAAAATTAGCTGGGCATAGTGGCGGGCACCTGTAATCCCAGCTACTCGGGAGGCTGAGACTAGAGAATCGCTTGAAACCGGAGGCGGAGGTTGCACTGAGCCAAGATCACACC","GGCCAGGCGCAGTGGCTCACGCCTGTTATCCTAGCACGTTGGGAGGCCAAGGCAGGCAGATCACAAGGTCAGGAGTTCAAGACCAGCCTGGCCAATAGGGCGAAACCCTGTCTCTACTAAAAACACAAAAATTAGCTGGGCATGGTGGCGGGTGCCTGTAATCCCAGCTACTTGGGAGGCTGAGGCAGGAGAATCACTTGAAACCGGAAGGCTGAGGTTGCAGTGAGCCGAGATTTCACTGCACT"
"chr3","188492540","188492825","chr3","187308946","187309237","8","1183594","GGCCGGGCGCGGTGGTTCACGCCTGTAATCCCAGCACTTTGGGAGGCCGAGGTGGGAAGATCACGAGACCAGTCTGGCTAGCATGGTGAAACCTTGTCTCTACTAAAAATACAAAAATTAGATGGGCGTGGTGGCAGATGCCTGTAATCCCAGCTACTCAGGAGGCTGAGGCAGGAAAATCGCTTGAAACTGGAAGGTGAAGGTTACAGTGAGCAGAGACTGTGCCACTGTACTCCAGCCTGGGCAACAGAGCGAAACTACGTCTACAAAAAAAAAAAAAAAAAAA","GGCCGGGCGCGGTGGTTCACGCCTATAATCCCAGCACTTTGGGAGGCCGAGGTGGGAAGATCACGAGACCAGTCTGGCTAGCATGGTGAAACCTTGTCTCTACTAAAAATACAAAAATTAGATGGGCGTGGTGGCAGATGCCTGTAATCCCAGCTACTCAGGAGGCTGAGGCAGGAAAATCGCTTGAAACTGGAAGGTGAAGGTTACAGTGAGCAGAGACTGTGCCACTGTACTCCAGCCTGGGCAACAGAGCGAAACTACGTCTCAAAAAAAAAAAAAAAAAAAAAAAAAA"
"chr3","188509660","188509948","chr18","27855946","27856234","36","160653714","GGCCGGGCGCAGTGGGTCACGTCTGTAATCCTAGCACTTTGGGAAGCCAAGGCCAGCGGATCACAAGGTCAGGAGTTAGAGACCAGCCTGACCAACATGGTGAAACCCCGTCTCTACTAAAAATACAAAAATTAGCCGGGTGTGGTGGAGGGTACCTGTAGTCCCAGCTACTCGGGAGGCTGAGACAGGAGAATCGCTTGAACCCAGGAGGCGGAGGTTGCAGTGAGCCGAGATTGTGCCACTGCACTCCAGCCTGAGCGGCAAGAGTGAAACTCCGTCTCAAAAAAAA","GGCCGGGCACAGTGGCTCACACCTGTAATCCCAGCACTTTGGGAGGCTGAGGCGGGCGGATCACAAGGTCAGGAGTTCAAGATCAGCCTAGCCAACATGGTGAAACCCCGTCTCTACTAAAAATACAAAAATTAGCCGGGTGTGGTGACGGGCGCCTGTAATCCCAACTACTCGGGAGGCTGAGGCATGAGAATCGCTTGAAACCGGAAGGCGGAGGTTGCAGTGAGCTAAGATCATGCCACTGCACTCCAGCCTGGGCAACAAGAGCGAAACTCAGTCTGAAAAAAAA"
"chr3","189119084","189119388","chr3","187947314","187947618","2","1171770","GGCCGGGCGTGGTAGCTCACACCTGTAACCCAGCACTTTGGGAAGCCAAGGTGGGCAGATCAAGAGATCAGGAGTTCGAGACCAGCCTGGCCAACATGGTGAAACCCTGTCTCTACTGAAAATACAAAAATACAAAAATTAGCCAGGCGTGGTGGCAGGCACCTGTAATCCCAGCTACGTGGGAGGCTGAGGCAGGAGAACCACTTGAAACCGGAAAATAGAGGTTGCAGTGAGCGGATTGCGCCACTGCACTCCAGCCTGGGCAACAAGAGTGAAACTCTGTCTCAAAAAAAAAAAAAAAAAAA","GGCCAGGCGTGGTGGCTCACACCTGTAACCCAGCACTTTGGGAAGCCAAGGTGGGCAGATCAAGAGATCAGGAGTTCGAGACCAGCCTGGCCAACATGGTGAAACCCTGTCTCTACTGAAAATACAAAAATACAAAAATTAGCCAGGCGTGGTGGCAGGCACCTGTAATCCCAGCTACGTGGGAGGCTGAGGCAGGAGAACCACTTGAAACCGGAAAATAGAGGTTGCAGTGAGCGGATTGCGCCACTGCACTCCAGCCTGGGCAACAAGAGTGAAACTCTGTCTCAAAAAAAAAAAAAAAAAAA"
"chr3","190307945","190308244","chr3","188837200","188837488","18","1470745","GGCCGGGCGCAGTGGCTCATGCCTGAAATCTCAGCACTTTGGGAGGCCGAGGCAGGTGGATCACCAGGTCAGCAGTTTGAGACCAGTCTGGTCAACATGGTGAAACCCCGTCTCTACTAAAAATACAAAAAAATAGCTGGGCGTGGTGGCGGGCGCCTGTAATCCCAGTGACTTGGGCGGCCGAGGCAGGAGAATCGCTTGAAACCGGAAGGTGGAGGTTGCAGTGAGCTGAGATTGCGCCACTGCACTCTAGCCTGGGCAATAAGAACAAAACTCCGTCTCAAAAAATAATAATAATAA","GGCCGGGCGCAGTGGCTCATGCCTGAAATCCCAGCACTTTGGGAGGCCGAGGCTGGTGGATCACCAGGTCAGCAGTTTGAGACCAGCCTGGTCAACATGGTGAAACCCCGTCTCTACTAAAAATACAAAAAAAATAGCTGGGCGTGGTGGCGGGTGCCTGTAATCCCAGTGACTTGGGCGGCCGAGGCAGGAGAATCGCTTGAAACCGGAAGGTGGAGGTTGCAGTGAGCTGAGATTGCGCCACTGCACTCTAGCCTGGGCAATAAGAGCAAAACTCCGTCTCAAAAAA"
"chr3","191082515","191082699","chr9","29164858","29165029","43","161917657","GGCTGGGCGCGGTGGCTCATGCCTGTAATCCCAGCACTCTGGGAGGCCGAGGCGGGTGGATCACGAGGTCAGGNGTTCGAGACCAGTCTGGCCAACATAGTGGAAACCCTCGTCTACTAACTAAAAATAACACAAAGTTACGCGAGNGGTGTAGNGGTCGCCNCGTATTCCGCCACTCACGAGGC","GGCTGGGCGTGGTGGCTCACGCCTGTAATCCCAGCACTTTGGGAGGCCGAGGCAGACGGATCATGAGGTCAGGAGTTCGAGACCAGCCTGGCCAACACAGTGAAACCCTGTCTGTACTAAAAATACAACAAAATTAGCCGGGCATGGTGGCAGGCACCTGTAATTCCAGCTA"
"chr3","194249995","194250300","chr3","192736621","192736929","6","1513374","GGCCGGAAGAGGTGGCTCATGCCTGTAATCCCAGCACTTTGGGAGGCTGAGGCAGGCAGATCACGAGGTCAGGAGTTTGAGACCAGCCTGGCCAGCATGGTGAAACTCCAACTCTACTAAAAAAAAATACAAAAATTAGCCTGGTGTGGTGACAGGTGCCTGTAATCCCAGCTCCTCGGGAGGCTGAGGCAGGAGAATCGCTTAAAACTGGAAGGTGGAGGTTGCAGTGAGCCGAGATTGCACCGCTGCACTCCAGCCTGGGCAACAAGAGCAAAACTCCATCTCAAAAAAAAAGAAGAAGAAGAA","GGCCGGGAGAGGTGGCTCATGCCTGTAATCCCAGCACTTTGGGAGGCTGAGGCAGGCAGATCACGAGGTCAGGAGTTTGAGACCAGCCTGGCCAGCATGGTGAAACTCCAACTCTACTAAAAAAAAAAATACAAAAATTAGCCTGGTGTGGTGACAGGTGCCTGTAATCCCAGCTCCTCGGGAGGCTGAGGCAGGAGAATCACTTAAAACTGGAAGGTGGAGGTTGCGGTGAGCCGAGATTGCACCGCTGCACTCCAGCCTGGGCAACAAGAGCAAAACTCCATCTCAAAAAAAAAAGAAGAAGAAGAA"
"chr3","196339307","196339363","chr3","194849283","194849339","0","1490024","CTGTAATCCCAGCTACTTGGGAGGCTGAGGAAGGAGAATCGCTTGAAACCGGGAGGC","CTGTAATCCCAGCTACTTGGGAGGCTGAGGAAGGAGAATCGCTTGAAACCGGGAGGC"
"chr3","199966986","199967146","chr2B","132000001","132000178","49","67966985","GGGAGGCCGAGACAGGTGGATCACAAGGTCAGGAGTTCGAGACCAGCCTGGCCAACACAGTGAAACCCCGTCTCTACTAAAAATACAAAAATTAGCTGGGTTGTGGTGGCAGGCGCCTATAATAGCAGCTACTCTGGAGGTTGAGGCAGGAGAATTGCTTG","GGCCAGGGTGGTGGCTCACGCCTGTAATCCCAGCACTTTGGGAGGTCAAGAGTTTGAGACCAGCCTAGCCAACATGGCAAAACCGAGTCTCTACTATAAATACAAAAATTAGCCAGGCATGGTGGCTGGTGCCTGTAATCCCAGCTACTTGGGAGGCTGAGGCAGGAGAATCGCTTGA"
"chr3","202896225","202896505","chr3","199428523","199428810","7","3467702","GGCCAGGCGCGGTGGCTCAAATCCCAGCACTTTAGGAGGCCGAGGTTGGTGGATCACAAGGTCAGGAGTTCGAGACCAGCCTGGCCAATGTGGTGAAACCCCATCCCTACTAAAAACACAAAAATTAGCTGGGCGTGGTGGTGGGCACCTGTAATCCCAGCTACTCGGGAGGCTGAGGCAGGAGAATCACTTGAAACTGGAAGGCGGAGGTTGCAGTGAGCCAAGATCGTACCGCTGCACTCCAGCCTGGGCAGTAAGAGTGAAACTCCATCTCAAAAAAA","GGCCAGGCGCGGTGGCTCAAATCCCAGCACTTTAGGAGGCCGAGGTTGGTGGATCACAAGGTCAGGAGTTCGAGACCAGCCTGGCCAATGTGGTGAAACCCCATCCCTACTAAAAACACAAAAATTAGCTGGGCGTGGTGGTGGGCACCTGTAATCCCAGCTACTCGGGAGGCTGAGGCAGGAGAATCACTTGAAACTGGAAGGCGGAGGTTGCAGTGAGCCAAGATCGTACCGCTGCACTCCAGCCTGGGCAGTAAGAGTGAAACTCCATCTCAAAAAAAAAAAAAA"
"chr3","203352812","203353116","chr3","200081030","200081338","9","3271782","GGCCGGGAGTGGTGGCTCACGCCTGTAATCCCAACACCTTGCAAGGCTGAGACAGGGGGATCACGAGCTCAGGAGTTCGAGACCAGCCTGGCCAACATGGTGAAACCCTGTCTCTACCAAAAATACAAAAATTAACTGGGCGCAGTGGCTGGCGCCTGTATTCCCAGCTATTTGGGAAGCTGAGGCAGGAGAATCGCTTAAAACCATAAGGCAGAGGTTGCAGTGAGCCGAAATTGCGCCACTGCACTCCAGCCTGGCGAAAGAGCCAAAACTCCCTCTCAAAAAAAAAAAAAAAAGTAAACAAA","GGCCGGGAGTGGTGGCTCACGCCTGTAATCCCAACACCTTGCAAGGCTGAGACAGGGGGATCACGAGCTCAGGAGTTCGAGACCAGCCTGGCCAACATGGTGAAACCCTGTCTCTACCAAAAATACAAAAATTAACTGGGCGCAGTGGCTGGCGCCTGTATTCCCAGCTATTTGGGAAGCTGAGGCAGGAGAATCGCTTAAAACTATAAGGCAGAGGTTGCAGTGAGCCGAAATTGCGCCACCGCACTCCAGCCTGGACGAAAGAGCAAAACTCCCTCTCAAAAAAAAAAAAAAAAAAAGAATAACAAA"
"chr3","204987729","204988023","chr3","201745914","201746209","2","3241815","GGCCTGGCGTGGTGGCTCACTCCTGTAATTCCAGCACGTTGGGAGGCCGAGGCAGGCAGATGACGAGGTCACGAGTTTGAGACCAGCCTGGCCAACATGGTGAAACCCTGTCTTTACTAAAAATACAAAAATTAGCCAGGTGTGGTGGCAGCTGCCTGTAGTCCCAGCTACTTGGGAGGCTGAGGCAGGAGAATTGCTTGAAACCGAAGGCAGAGGTTGCAGTGAGCTGAGATTGCGCCATTGCACTCCAGCCTGGGCAACAAGAGCGAAACTCCGTCTCAGAAAAAATACAAAA","GGCCTGGCGTGGTGGCTCACTCCTGTAATTCCAGCACGTTGGGAGGCCGAGGCAGGCAGATGACGAGGTCACGAGTTTGAGACCAGCCTGGCCAACATGGTGAAACCCTGTCTTTACTAAAAATACAAAAATTAGCCAGGTGTGGTGGCAGCTGCCTGTAGTCCCAGCTACTTGGGAGGCTGAGGCAGGAGAATTGCTTGAAACCGGAAGGCAGAGGTTGCAGTGAGCTGAGATTGCGCCATTGCACTCCAGCCTGGGCAACAAGAGCGAAACTCCGTCTCAAAAAAAATACAAAA"
"chr3","205060156","205060312","chr19","4456933","4457093","28","200603223","GGCCAGGTGCGATGGCTCACGCCTGTAATCCCAGCACTTTGGGAGGCCGAGACAGGCAGATCACAAGGTCAGGAGTTCGAGAGCAGCCTGGCCAATATGGTGAAAGCTTGTCTCTACTATAAATATAAAAATTAGCCGGGCATGGTGGCGGGCACCT","GGCCAGGTGCAGTGGCTCATGCCTGTAATCCCAGCACTTTGGGAGGCTGATGTGGGCGAATCCTGAGGTCAGGAGTTCGAGACCAGCCTGGCCAACATGGTGAAACCCCTGTCTGTACTAAAAATACAAAAGATTAGCTGGGCGTAGTGGTGGGCACCTGT"
"chr4","2595817","2596017","chr3","78120642","78120843","28","75524825","GGCCAGGTGCGGTGGCTCACGCCTGTTATCCCAGCACTTTGGGAGGCTGAGGCGGGCGGATTACGAGGTCAGGAGTTTGAGACCAGCCTGACCAACATGGTGAAATCGTGTCTCTACTAAAAATACAAAAATTAGCCGGGTGTGGTAGCAGGCGCCTGTAATCATAGCTACTCGGGAGGCTGAGGCAGGAGAATTGCTTGA","GGCCAGGTGCGGTGGTTCACGCCTGTAATCCTAGCACTTTGGGAGGCTGAGGAGGGCAGATCATGAGGTCAGGAGTTCGATATCAGCCTGGCCAACATTGCGAAACCCCGTCTCTACTAAAAATACAAAAATTAGCCAGGCGTGGTGGCAGGCACCTGTAATCCCAGCTACTTGGGAGACTGAGGCAGAAGAATGGCGTGAA"
"chr4","2610756","2610938","chr17","7159736","7159920","21","4548980","GGCCAGGCGCAGTGGCTCACGCCTGTAATCCCAGCACTTTGGGAGGCAGAGGCGGGCGGATCACGAGGTCAGGAGTTCGAGACCAGCCTGGCCAACATGGCGCAACCTCATCTCTACTAAAAATACAAAAATTAGCTGGGCATGGTGGCAGGTGCCTGTAATCCCAGTTACTTGGGAGGCTGA","GGCCGGGTGCAGTGGCTCACGCCTGTAATCCCAGCACTTTGGGAGGCCGAGGTGGGCGGATCATGAAGTCAGGAGTTCGAGACCAGCCTGGCCAAAATGGTGAAACCCTGTCTGTACTAAACATACAAAAATTAGCCGGGCATGGTGGCGGGTGCCTGTAATCCCAGCTACTCAGGAGGCTGAAG"
"chr4","3243109","3243400","chr4","3272670","3272962","1","29561","GGCCAGGCACGGTGGCTCACGCCTTAATCCCAGCACTTTGGGAGGCTGAGGCGGGTGGATCACGAGCTCAGGAGTTCAAGACCAGCCTGGCCAACATGGTGAAACCCCCTCTATACTAAAAATACAAATATTAGCTGGGCGTGGTGGCAGGCGCCTGTAATCCTAGCTACTTGGGAGGCTGAGGCAGGAGAACAGCTTGAAACTGGAAGGTGGAGTTTGCAGTGAGCCGAGATTGCGCCACTGCACTCCAACCTGGGCAACAAGAGCGAAACTCTATCTCAAAAAAAAAAAA","GGCCAGGCACGGTGGCTCACGCCTTAATCCCAGCACTTTGGGAGGCTGAGGCGGGTGGATCACGAGCTCAGGAGTTCAAGACCAGCCTGGCCAACATGGTGAAACCCCCTCTATACTAAAAATACAAATATTAGCTGGGCGTGGTGGCAGGCGCCTGTAATCCTAGCTACTTGGGAGGCTGAGGCAGGAGAACAGCTTGAAACTGGAAGGTGGAGTTTGCAGTGAGCCGAGATTGCGCCACTGCACTCCAACCTGGGCAACAAGAGCGAAACTCTATCTCAAAAAAAAAAAAA"
"chr4","5360525","5360822","chr4","5349290","5349596","10","11235","GGCCGGGCGCGGTGGCTCATGCCTGTAATCCCAGCACTTTGGGAGGCCGAGGTGGGCAGAACACGAGGTCAGGAGTTAGAGGCCAGCCTGGCCAACATGGTGAAACCCCGTCTCTACTAAAAATACAAAAATTAGCCTGGCGTGGTGGCTGACGCCTGTAATCTCAGCTACTCGGGAGGCTGAGGCAGGAGAATCGTTTGAAACTGGAAGGCAGAGGTTGCAGTGAGCCGAGATCGCGTCACTGCACTCCAGCCTTGGTGAAAGAGCGAAACTCCATCTCAAAAAAAAAAAAAAAAAA","GGCCAGGCGCGGTGGCTCATGCCTGTAATCCCAGCACTTTGGGAGGCCGAGGTGGGCAGAACACGAGGTCAGGAGTTAGAGGCCAGCCTGGCCAACATGGTGAAACCCCGTCTCTACTAAAAATACAAAAATTAGCCTGGCGTGGTGGCTGACGCCTGTAATCTCAGCTACTCGGGAGGCTGAGGCAGGAGAATCGTTTGAAACTGGAAGGCAGAGGTTGCAGTGAGCCGAGATCGCGTCACTGCACTCCAGCCTTGGTGAAAGAGCGAAACTCCATCTCAAAAAAAAAAAAAAAAAAAAAAAAAAA"
"chr4","11013358","11013663","chr4","11008674","11008981","3","4684","CGGGCGTGGTGGCTCACGCCTGTAATCCCAGCACTTTGGGAAGCTGAGGTGGGCGGATCACAAGGTGAGGAGTTCGAGACCAGCCTGGCCAAGATGGTGAAACCCTGTCTCTACTAAAAACAATGAAAAAAATTAGCCAGGCGCGGTGGCAGGTGCTTGTAATCCCAACTACTCAGGTGGCTAAAGCAGGAGAATCGCTTGAAACCCGAAGGCAGAGGTTGCGGGGAGCCGAGATTGCGTCACTGCACTTCAGCTTGGGCAAAACAGACAAATTCTGTCAAATAAAAAAAGAAGGAAAGAAAGAAA","CGGGCGTGGTGGCTCACGCCTGTAATCCCAGCACTTTGGGAAGCTGAGGTGGGCGGATCACAAGGTGAGGAGTTCGAGACCAGCCTGGCCAAGATGGTGAAACCCTGTCTCTACTAAAAACAATGAAAAAAAATTAGCCAGGCGTGGTGGCAGGTGCTTGTAATCCCAACTACTCAGGTGGCTAAAGCAGGAGAATCGCTTGAAACCCGAAGGCAGAGGTTGCGGGGAGCCGAGATTGCGTCACTGCACTTCAGCTTGGGCAAAACAGACAAATTCTGTCAAATAAAAAAAAGAAGGAAAGAAAGAAA"
"chr4","14149250","14149546","chr14","44788338","44788635","40","30639088","GGCCGGGTGCGGTGCCTCATGCCTGTAATCCCAGCACTTTGGGAGGCCAAGGCAGGTGGATCACAAGGTCAGGAGTTTCGGACCTGCCTGGCCAATATGGTGAAACCCCATCTCTACTAAAAATATAAAGATTAGCGGGCGTGATGGCGGGCGGCTGTAGTCCCAGCTACTTGGGAGGCTGAGGCAGGAGAATAGCTTGTACCAGGGAGGCGGAAGTTGCAGTGAGCCGAGATGGCGCCACTGCACTCCAGCCTGGGCAACAAGAGTTGAAACTCTGTCTCAAAACAAACAAACAAA","GGCCGGGTGCGGTGGCTCACGCCTGTAATCCCAGCACTTTGGGAGGCCGAGGCGGGCAGATCACAAGGTCAGGAGTTCCAGACTAGCCTGGCCAACATGGTGAAATCCTGTCTCTACTAAAAAATACAAAAATTAGCCAAGCGTGGTGGTGGGCGCCTGTAGTCCCAGCTACTTGGGAGGCTGAGGCAGGAGAATTGCTTGATACCAGAAGGCAGAGTTTGCAGTGAGCCGAGATCACGCCACTGCACTCCAGCCTGGGCAACAAGAGCAAAACTGCGTCTCAAAAAAAAAAAAAAAA"
"chr4","15468747","15469024","chr7","64394232","64394530","49","48925485","GGTCGAGTGCAGTGGCTCGTACCTGTAATCCCAGCACTTTGGAAGGCCGAGGCGGGCGGATAACAAGGTCAGGAGTTCGAGACCAGCCTGGCCAACATTGTGAAACCCCATCTCTACTAAAAATACAAAAATTAGCCACGCGTGGTGACTGGTGCCTGTAATCCCAGCTACTCGGGAGGCTGAGGCAGGAGAATCACTTGAGGCGGAGGTTGCAGTGAGCCAGGGTGACAACAGCCTGGGTGACAAGAGCAAGACTCCGTCTCAAAAAAAAAAAAAAA","GGTTGGGTGCGGTGGCTTGCACCTGTAATCCCAGCACTTTGGGAGGCCGAGGCGGGCAGATTACGAGGTCAGGAGGTCGAGACCAGCCTGGCCAACATGGTGAAACCCCATCTCTATTAAAAATACAAAAATTAGCCGGGTTTGGTGGCAGGTGCCTGTAATCCCAGCTACTCGGGAGCCTGAGGCAGGAGAATCACTTGAAACTGGAAGGCAGAGGTTGCAGTGAGCCGAGATCCCGCCACTGCACTCCAGCCTGGGTGAAAGAGTGAAACTCCGTCTCAAAAAACAAACAAAAAAAA"
"chr4","17305850","17306025","chr10","14999292","14999462","29","2306558","GCCAGGCGTGGTGGCTCACACCTGTAACCCAGCACTTCGGGAGGCCAAGGTGGGTGGATCACGAGATCAGGAGTTTGAGATGAGCCTGGCCAACATGGTGAAACCCCATCTCTACCAAAATAGAAAAAAATTAGCCAGGCGTGGTGGCAGATGCCTGTAATCCCAGCTACTCGGGA","GGCCTGGCGCGGTGGCTCACACCTGTAATCCCAGCACTTAGGGAGGCCAAGGCGGGTGGATCATGAGGTCAGGAATTCGAGATCAGGCTGGCCAACATGGTGAAAACCCATCTCTACTAAAAATACAAAAATTAGCCAGGTGTGATGGCTGGCACCTGTATCCCAGCTACT"
"chr4","20026676","20026942","chr4","20185549","20185822","9","158873","GGCCAGGTGCGGTGGCTCACGCCTGTAATCCTAGCACTTGAGGTCAGGAGTTCGAGACCAGCCTGGCTAATGTCGTGAAACCCCATCTCTACTAAATACAGAAAAATTAGCTGGGTGTTATGGCAGGCACCTATAATTCCACCTATTTGGGAGACTGAGGTGGGAGAATTGCTTGAAACCTGAGTTGCAGTGAGCCAATGTTGCGCCACTGCATTCCAGCCTGGGCAACAAAGTGAGACTCCTTCTCAAAACAAAAACAAAAACAAA","GGCCAGGTGCGGTGGCTTACGCCTGTAATCCTAGCACTTGAGGTCAGGAGTTCGAGACCAGCCTGGCTAATGTCATGAAACCCCATCTCTACTAAATACAGAAAAATTAGCTGGGTGTTATGGCAGGCACCTATAATTCCACCTATTTGGGAGACTGAGGTGGGAGAATTGCTTGAAACCTGAGTTGCAGTGAGCCAATGTTGCGCCACTGCATTCCAGCCTGGGCAACAAAGTGAGACTCCTTCTCAAAAAAAAACAAAAACAAAAACAAAAA"
"chr4","21519512","21519796","chr4","21697422","21697709","4","177910","GCTCACGCCTGTAATCCCAGGACTTTGGGAGGCCGAAGAGGGTGGATCATGAGCTCAGGAGTTCGAGACCAGCCTGGCCAACATGGTGAAACCCCCGTCTCTACTAAAACTACAAAAATTAGCTGGGCATGGTGGTGGGCACCTGTAATCCTAGCTATTCAGAAGGCTGAGGCAAGAGAATCTCTTGAAACCGGAAGGCAGAGATTGCAATGAGCCAAGATCTTGCCACTGCGCTCCAGCCTGGGTGAAAAAGTGAAACTTCATCTCAAAAAAAAAAAAAGAAAA","GCTCACGCCTGTAATCCCAGGACTTTGGGAGGCCGAAGAGGGTGGATCATGAGCTCAGGAGTTCGAGACCAGCCTGGCCAACATGGTGAAACCCCCGTCTCTACTAAAACTACAAAAATTAGCTGGGCATGGTGGTGGGCACCTGTAATCCTAGCTATTCAGAAGGCTGAGGCAAGAGAATCTCTTGAAACCGGAAGGCAGAGATTGCAATGAGCCAAGATCTTGCCACTGTGCTCCAGCCTGGGTGAAAAAGTGAAACTTCATCTCAAAAAAAAAAAAAAAAGAAAA"
"chr4","25196964","25197173","chr9","132418285","132418491","81","107221321","GACTAGCCTGGCAACATGGCAAAACACCGTCTCTATAAAATAAAAATTAAAAAAAAATTAAATGTCTTAGCCTGATGTTCAGAGCACTGCATAACCCAGATTTATAATCAGTCGGTAGAGGAACTAGAGGCACAGGTGGCTACTGAGCACTTGAAATGGGGCTAATGTGGACAGAGTGAAAGTCCGTCTCAAAAAAAAAAAAGAAAGAAA","GACCAGCCTGGCCAACATGGTGAAACCCCATCTCTACTAAAAATACAAAAATTAGCCGGGCATGGTGTCAGGTGCCTATAATCCCAGCTACACGGAAGGCTGAGGCCGGAGACTCGCTTGAAACCAGGAGGCAGAAGTTGCAATGAGCCGAGATCGCGCCACTGCATTCCAGCCTGGAACTCCGTCAAAAAAAAAAAGGAAGAAGAA"
"chr4","27383725","27384014","chr4","27693751","27694051","11","310026","GGTCGGGCGCAGTGGCTCACACCTGTAATCCCAGCACTTTGGGAGGCCTAGTGGGCAGATCATGAGGTCAGGAGTTCGAGACCATCCTGGCCAAGATGGTGAAACCCCATCTCTACTAAAAATACAAAAATTATCAGGGCGTGGTGGTGGGTGCCTGTAATCCCAGCTACTCGAGAGGCTGAGGCTGAAGAAGCTCTTGAAATGGAAGGTGGAGGTTGCAGTAAGCCAAGATCATGCCACCACACTCCAGCCTGGGCAACAACAGTGAAACTCCATCCAAAAAAAAAAAA","GGTCGGGCGCAGTGGCTCACACCTGTAATCCCAGCACTTTGGGAGGCCTAGTGGGCAGATCATGAGGTCAGGAGTTCGAGACCATCCTGGCCAAGATGGTGAAACCCCATCTCTACTAAAAATACAAAAATTATCAGGGCGTGGTGGTGGGTGCCTGTAATCCCAGCTACTCGAGAGGCTGAGGCTGAAGAAGCTCTTGAAATGGAAGGTGGAGGTTGCAGTAAGCCAAGATCATGCCACCACACTCCAGCCTGGGCAACAACAGTGAAACTCCATCCAAAAAAAAAAAAAAAAAAAAAAA"
"chr4","28012504","28012659","chr19","4456933","4457093","24","23555571","GGCCGGGCACGTTGGCTCACGCCTATAATCCCAGCACTTTGGGAGGCTGCGGTGGGTGAATCACGAGGTCAGGAGTTCAAGACCAGCCTGGCCAACATGTGAAACCCCGTCACTACTAAAAATACAAAAACTTAGCTGGGCATAGTGGTGGGTGCC","GGCCAGGTGCAGTGGCTCATGCCTGTAATCCCAGCACTTTGGGAGGCTGATGTGGGCGAATCCTGAGGTCAGGAGTTCGAGACCAGCCTGGCCAACATGGTGAAACCCCTGTCTGTACTAAAAATACAAAAGATTAGCTGGGCGTAGTGGTGGGCACCTGT"
"chr4","30458637","30458923","chr4","30788091","30788371","9","329454","GGGCGCGGTAGCTCACGCCTGTAATCCCGGCACTTTGGGAGGCCGAGGCTGGCAGATCACGAGGTCAGGAGTTCGAGACCAGCCTGGCCAACATGGTCAAACCCCATCTCTACTAAAAATGCAAAAATTTGCCGGGTGTGGTGGCAGGCGCCTGTAATCTCAGCTACTCAGGATGCTGAGGCAAGAAAATTGCTTGAAACCAGAAGGTGGAGGTTGCAGTGAGCAGAGACCGTGCCACTGCACTCTAGCCTGGACAAAAAGAGTAAAACTCCATCTCAAAAGATAAA","GGGCGCGGTAGCTCACGCCTGTAATCCCGGCACTTTGGGAGGCCGAGGCTGGCAGATCACGAGGTCAGGAGTTCGAGACCAGCCTGGCCAACATGGTCAAACCCCATCTCTATTAAAAATGCAAAAATTTGCCGGGTGTGGTGGCAGGCGCCTGTAATCTCAGCTACTCAGGATGCTGAGGCAAGAAAATTGCTTGAAACCAGAAGGTGGAGGTTGCAGTGAGCAGAGACCGTGCCACTGCACTCTAGCGTGGAAAAAAAGAGTAAAACTCCATCTCAAAA"
"chr4","37522273","37522588","chr12","38281137","38281448","39","758864","GGCTGGGCACCATGGCTCACGCCTGTAATCCTAACACTCTGGGAGGCCAAGGCGGGTGGATCACGAGGTCAGAAGTTTGAGACCAGCCTGGCCAACATGGTGAAACCCCGTCTCTACTAAAAATACAAAAATTAGCCAAGCGTGCTGGTGGGCACCTGTAATCCCAGCTACTCGGGAGGCTGAGGCAGGAGAATCGCTTGAAACTGGAAGGCAGAGGTTGCAGTGGGCCGAGATCGAGATCGCACCACTGCGCTCCAGCCTGGGCGAAAGAGTGAAACTCCATCTCAAAAACAGAAAAAACAAAAAAAAACAAGAA","GGCCCAGCACGGTGGCTCATGCCTGTCATCCCAGCACTTTGGGAGGCCAAGGCGGGTGGATCACGAGGTCAGAAGTTCGAGACCAGCCTGGCCAACATGGTGAAGCCCTGTCTCTCCTAAAAATACAAAAATTAGACAGGCGTGGTGGTGGGCACCTGTAATCCCAGCTTCTTGGGAGGCTGAGGCAGGAGAATCACTTGAAACCAGAAGGCAGAGGTTGCAGTGAGCTGAGATAGTGCCACTGCACTCCAGCCTGGGCGAAAGAGTGAAACTCTGTCTCAAAAAACAAAACAAAACAAAACAAATACAAAA"
"chr4","37953903","37954190","chr4","37759492","37759775","6","194411","GGCTGGGCGTAGTGGCTCACACCTGTAATCCCAGCACTTTGGGAGGCCGAGGCAGGCGGATCACGAGGTCAGGAGATCAAGACCAGCCTGGCCAACATGGTGAAACCCCCATCTCTACAAAAAATACAAAAATTAGCCGGGCCTGGTGCCGGGCCCCTGTAATCCCAGCTACTTGGGAGGTGGAGGCAGGAGAATCACTTGAAACCGGAAGGCGGAGGTTGCAGTGAGCCAAGATTGCAGCATTGCACTCCAGCCTGGGCAACAAGAGTGAAACTCCATCTCAAAAAA","GGGCGTGGTGGCTCACACCTGTAATCCCAGCACTTTGGGAGGCCGAGACAGGCGGATCACGAGGTCAGGAGATCAAGACCAGCCTGGCCAACATGGTGAAACCCCCATCTCTACAAAAAATACAAAAATTAGCCGGGCCTGGTGCCGGGCCCCTGTAATCCCAGCTACTTGGGAGGTGGAGGCAGGAGAATCACTTGAAACCGGAAGGCGGAGGTTGCAGTGAGCCAAGATTGCAGCATTGCACTCCAGCCTGGGCAACAAGAGTGAAACTCCATCTCAAAAAA"
"chr4","39230047","39230344","chr4","39064807","39065102","6","165240","CCAGGCGCGGTGGTTCACGCCTGTAATCCCAGCACTTTGGGAGGCTGAGGCAGGTGGATCATGGGGTCAGGAGTTGGAGATCAGGCTGGTCAATATGATGAAACCCCGTCTCTACTACAAATACAAAAATTAGCCAGGCATGGTGGTGGGCGCCTGTAATCCCACCTACTCGGGAGGCTGAGACAGGAGAATCACTTGAAACTGGAAGGCAGAAGTTGCAGTGAGCTGAGATCATGCCATTGAACTCCAGCCTGGGCAACAAGAGTGAAACTTCATCTCCAAAAAAAAAAAAAAAAAA","CCAGGCGCGGTGGTTCACGCCTGTAATCCCAGCACTGGGAGGCTGAGGCAGGTGGATCATGAGGTCAGGAGTTGGAGATCAGGCTGGTCAACATGATGAAACCCCGTCTCTACTACAAATACAAAAATTAGCCAGGCATGGTGGTGGGCGCCTGTAATCCCACCTACTCGGGAGGCTGAGGCAGGAGAATCACTTGAAACTGGAAGGTAGAAGTTGCAGTGAGCTGAGATCATGCCATTGAACTCCAGCCTGGGCAACAAGAGTGAAACTTCATCTCCAAAAAAAAAAAAAAAAAA"
"chr4","39341729","39341900","chr7","153741375","153741543","24","114399646","GGCCAGGCGCGGTGGCTCATGCCTGTAATCCCAGCACTTTGGGAGCCCGAGGTGAGTGGATCACGAGGTCAGGAGTTCGAGACCAGCCTGGCCAACATGGTGAAACCCCGTCTTTATTAAAAATACAAAAATTAGCCAGGCGTAGTGGTGGGTGCCTGTAATCCCAGCTACT","GGCCGGGCGCAGTGGCTCACGCCTGTAATCCCAGCACTTTGGGAGGCCGAGGCAGGCAGATGATAAGGTCAGGAGTTCGAGACCAGTCTGGCCAGCATGGTGAAACCGCGTCTCTACTAAAAATACAAAAATTAGCCAGGCGTGGTGTTGGGCACCTGTAATCCCAGCT"
"chr4","39442137","39442428","chr4","39285304","39285592","8","156833","GGCTGGGCGCAGTGGCTCACACCTGTAATCCCAGCACTTTGGGAGGCTGATGTGGGCAGATCACGAGGTCAGGAGTTCGAGACCAGCCTGGCCAACATGGTGAAACCCTGTCTCTACTAAAAATACAAAAATTAGCTGGGCAAGGTGGCAGGCACTGGTAATCCCAGCTACTTGGGAGGCTGAGACAGAAGAATCGCTTGAAACTGGAAGGCAGAGGTTGCAGTGAGCCGAGATTGCACCACTGCACTCCAGCCTGGGCAAAAGAGCGAAACTCTGTCTCAAAAAAAAAGAA","GGGCGCAGTGGCTCACACCTGTAATCCCAGCACTTTGGGAGGCTGATGTGGGCAGATCACGAGGTCAGGAGTTCGAGACCAGCCTGGCCAACATGGTGAAACCCCGTTTCTACTAAAAATACAAAAATTAGCTGGGCAAGGTGGCAGGCACCGGTAATCCCAGCTACTTGGGAGGCTGAGACAGAAGAATCGCTTGAAACTGGAAGGCAGAGGTTGCAGTGAGCCGAGATTGCACCACTGCACTCCAGCCTGGGCAAAAGAGCGAAACTCTGTCTCAAAAAAAAAAGAA"
"chr4","40840557","40840771","chr4","40720908","40721122","1","119649","GGCTGGGCACGGTGGCTCACGCCTGTAATCCCAGCACTTTGGGAGGCCAAGACGGGCAGATCACAAGGTCAGGAGTTTGAGACCAGCCTGGCCAACATGGTGAAACCCTGTCTCTACTAAAAATACAAACAAAAATTAGCCAGGAGTGGTGGCAGGTACCTGTAATCCCAGCTACTCTGGAGGCTGAGGCAGGAGAATCGCTTGAAACCAGAAGG","GGCTGGGCACGGTGGCTCACGCCTGTAATCCCAGCACTTTGGGAGGCCAAGACGGGCAGATCACAAGGTCAGGAGTTTGAGACCAGCCTGGCCAACATGGTGAAACCCTGTCTCTACTAAAAATACAAACAAAAATTAGCCAGGAGTGGTGGCAGGTGCCTGTAATCCCAGCTACTCTGGAGGCTGAGGCAGGAGAATCGCTTGAAACCAGAAGG"
"chr4","42362604","42362894","chr4","73419052","73419362","49","31056448","GGCTGGGCGCAGTGGCTCACACCTGTAATCCCAGCACTTTGGGAAGCCAAGGCGGGTGGATCACAAGGTCAGGAGTTCCAGACCAGCCTAGCCAATGTGATGAAACCCCGTCTCTACTAAAACTACAAAAATTAGCCGGGCGTGGTGGTGCACGCCTGTAATCTCAGCCAATCAGGAGGCTGAAACCAGAAGGCGGAGATTGCAGTGAGCCAAGATTGTGCCATTGCACTCCAGCCTGGGCAACAAGAGCGAAACTCCATCTCAAAAAATAAATAAATAAAAATAAATAAA","GGCTGGGCACAGTGGCTCATGCCTGTAATCCCAGCACTTTGGGAGGCCAAGGCAGGTGGATCACGAGGTCAGGAGTTCAAGACCAGCCTGGCCAACATGGTGAAACCCCGTTTCTACTAAAAATACAAAAATTAGCCAGGCGTGGTGGTGGGCACCTGTAATCCCAGCTACTTGGGAGGCTGAGGCAAGAGAATTGCTTGAATCCGGAAGGCAGAGGTTGCAGTGAGCCAAGATTGTGCCACTGCACTCCAGCCTGGGCAACAAGAGCAAAACTCCATCTCAAATAAATAAATAAGTAAATAAATAAATAA"
"chr4","43657822","43658091","chr4","43571199","43571468","1","86623","GTAATCCCAGCACTTTGGGAGGCCAAGGTGGGCGGATCATGAGGTCAGTAGTTCGAGACCAGCCTGGCCAACATGGTGAAACCCAGTCTCTACTAAAAATTAGCTGGATGTGATGGCAGGTGCCTGTAATCCCAGCTACTTGGGAGGCTGAGGCAGGAGAATACCTTGAAACTGGAAGGTGGAGGTTGCAGTGAGCTGAGATCATGCCACTGCATTCCAGCCTGGACAAAAAAGCGAAACTTCATTCTCAAAAGAAAAAATAAAAAAAAA","GTAATCCCAGCACTTTGGGAGGCCAAGGTGGGCGGATCATGAGGTCAGTAGTTCGAGACCAGCCTGGCCAACATGGTGAAACCCAGTCTCTACTAAAAATTAGCTGGATGTGATGGCAGGTGCCTGTAATCCCAGCTACTTGGGAGGCTGAGGCAGGAGAATACCTTGAAACTGGAAGGTGGAGGTTGCAGTGAGCTGAGATCATGCCACTGCATTCCAGCCTGGACAAAAAAGTGAAACTTCATTCTCAAAAGAAAAAATAAAAAAAAA"
"chr4","44755479","44755769","chr4","44683072","44683363","2","72407","CAGGTGCAGTGGCTCACGCCTGTAATCCCAGCACTTTGGGAGGCCAAGGCGGGTGGATCATGAGGTCAGGAGTTCAAGACCAGCCTGGCCAACATGATGAAACCCTGTCTCTACTAAAAATACAAAAATTGGCTGAGTGTGGTGGCAGGTGCCTGTAATCCCAGCCACTTGGGAGGCTGAGTCAGGAGAATTGCTTGCAACTGGAAGGCACAGGTTGAATGAGCTGAGATGGCACCACTGTACTCCAGCCTGGGTGAAACAGCAAAACTCTGTCTCAAGAAAAAAAAAAAA","CAGGTGCAGTGGCTCACGCCTGTAATCCCAGCACTTTGGGAGGCCAAGGCGGGTGGATCATGAGGTCAGGAGTTCAAGACCAGCCTGGCCAACATGATGAAACCCTGTCTCTACTAAAAATACAAAAATTGGCTGAGTGTGGTGGCAGGTGCCTGTAATCCCAGCCACTTGGGAGGCTGAGTCAGGAGAATTGCTCGCAACTGGAAGGCACAGGTTGCAATGAGCTGAGATGGCACCACTGTACTCCAGCCTGGGTGAAACAGCAAAACTCTGTCTCAAGAAAAAAAAAAAA"
"chr4","45927825","45928122","chr4","45859737","45860030","6","68088","GCAGGGCACAGTGGCTCACGCCTGTAATCCCAGCACTTTGGGAGGCCGAGGCGGGAGGATCACGAGGTCAGCAGTTCGAGACCAGCCTGACCAACATGGTGAAACACCATCTCTACTAAAAATACAAAAAAATTAGCTGGGCATGGTGGCAGGTGCCTGTAATCACAGCTACTTGGGAGGCTGAGGCAGGAGAATGGCTTGAAACTGGAAGGCGGAGGTTACAGTGAGCCAAGATTGCACCATTGCACTCTAGCCTGGGCAACAAGAGCAAAACTCCATCTACAAAAAAAAAAAAAAA","GCAGGGCACAGTGGCTCACGCCTGTAATCCCAGCACTTTGGGAGGCCGAGGCGGGAGGATCACGAGGTCAGCAGTTCGAGACCAGCCTGACCAACATGGTGAAACACCATCTCTACTAAAAATACAAAAAAATTAGCTGGGCATGGTGGCAGGTGCCTGTAATCACAGCTACTAGGGAGGCTGAGGCAGGAGAATGGCTTGAAACTGGAAGGCGGAGGTTACAGTGAGCCAAGATTGCACCATTGCACTCTAGCCTGGGCAACAAGAGCCAAACTCCATCTCAAAAAAAAAAAA"
"chr4","47651218","47651417","chr3","164324522","164324716","33","116673304","GGCTGGGCACAGTGGCTCACACTTGTAGTCCCAGTACTTTGGGAGGCAGAGGCAGGCAGATCACAAGGTCAGGAGTTTGAGACCAGCCTGACCAACACAATGAAACCCCGTCTGTACTAAAAATACAAAAATTAGCTGGGTGTGGTAGCGGGCACCTGTAATCCCAGCTACTTGGGAGGCTGAGGCAGGAGAATCGCTTG","GGCCGGGCGAGGTGGCTCACACCTGTAATCCCAGCACTTTGGGAGGCCGAGGTGGGCGGATCGTGAGGTCAGAAGTTTGAGACCAGCCTGGCCAACATACTGAAACCCCGTCTCTACTAAAAATACAAAAATTAGCCCAGCATGGTTGTGGGCACCTGTAATTCCAGCTACTCGGGAGGCTGAGGCAGGAGAATC"
"chr4","49711501","49711667","chr4","1803064","1803245","38","47908437","TCCCAGCACTTTGGGAGGCCGAGGTGGGTGGATCACGAGGTCAGGAGTTCAAGACCAGACTGGCCAACATGGTGAAATTCCATCTCTACTAAAATTACAAAAATTAGCTAGGCGTGATGGTGGGCGCCTGTAATCCCAGCTACTCAGGAAGCTGAGGCAGAAGAATC","GGCTTATGCCTGTAATCCCAGCACTTTGGGAGGCCGAGGCGGGAGGATCATGAGGTCAGGAGTTCAAGACCATTCTGGCCAACATGGTGAAACCCTTTCTGTACTAAAAATACAAAAATTAGCTGGGCATGGTGGCAGGCACCTGTAGCCCCAGCTACTTGGGAGGCTGAGGCAGGAGAATC"
"chr4","51132115","51132395","chr4","51132690","51132975","10","575","GGCTGGGTGCGGTGGCTCACCCCTGTAATCCCAGCACTTTGGGAGGCCAAGGCGGGTGGATCACGAGGTCAGGAGTTTGAGACCAGCCTGGCCAACATGGTGAAACCCCATCTCTACTAAAAATAGAAAAATTAGCCAGGCATGTTGGCAGGTGCCAGCTGAGCCAGGAGAATCACTTGAAACTGGAAGACAGAGGTTGCAGTGAGCCAAGATCGCACCACTGCACTCCAGTCTGGGCGAAAGAGCGAAACTCTGTCTACAAAAAAAAAAAAAAAAAGAAA","GGCTGGGTGCGGTGGCTCACCCCTGTAATCCCAGCACTTTGGGAGGCCAAGGCGGGTGGATCACGAGGTCAGGAGTTTGAGACCAGCCTGGCCAACATGGTGAAACCCCATCTCTACTAAAAATAGAAAAATTAGCCAGGCATGTTGGCAGGTGCCAGCTGAGCCAGGAGAATCGCTTGAAACTGGAAGACAGAGGTTGCAGTGAGCCAAGATCGCACCACTGCACTCCAGTCTGGGCGAAAGAGCGAAATTCTGTTTCAAAAAAAAAAAAAAAAAAAAAAAAAAA"
"chr4","53548380","53548676","chr4","53571955","53572251","0","23575","GGCTGGGTGTGGTGGCTCATGCCTATAATCCCAACATTTTGGGAGGCCAAGGTGGGCGGATCACAAGGTCAGGAGTTCGAGACCAGCCTGGCCAACATGGTGAAAGCCTGTCTCTACTAAAAATACAAAAATTAGCCGGGCATGGTGGTGGCCACCTGTAATCCCAGCTACTCAGGAGACTGAGGCAGGAGAATCGCTTGAAACCGGAAGGCAGAGGTTGCAGTGAGCTGAGATTATGCCACTGCACTCCAGCTTGGGCAACAAGAGCGAAACTCCATCTCAAAATAAATAAATAAA","GGCTGGGTGTGGTGGCTCATGCCTATAATCCCAACATTTTGGGAGGCCAAGGTGGGCGGATCACAAGGTCAGGAGTTCGAGACCAGCCTGGCCAACATGGTGAAAGCCTGTCTCTACTAAAAATACAAAAATTAGCCGGGCATGGTGGTGGCCACCTGTAATCCCAGCTACTCAGGAGACTGAGGCAGGAGAATCGCTTGAAACCGGAAGGCAGAGGTTGCAGTGAGCTGAGATTATGCCACTGCACTCCAGCTTGGGCAACAAGAGCGAAACTCCATCTCAAAATAAATAAATAAA"
"chr4","53963441","53963745","chr4","53992429","53992733","1","28988","GGCCGGGTGCAGTGGCTCATGTCTGTAATCCCAGCACTCTGGGAGGCCGAGGCGGGCAGATCATGAGGTCAGGAGTTCAAGACCAGCCTGGCTAACATGATGAAACCCCATCTCTACTAAAAATACAAAAATTAGCTGAGCGTAGTGGCAGGCACCTGTAATCCCAGCTACTTAGGAAGCTGAGGCAGGAGAATCGCTTGAAACCAGAAGGCGGAGGTTGCAGGGAGCGGAGACTGCACCACGGCACTCCAGCCTGGGCAAAAGAGCAAAACTCCATCTCAAAAAATAAAAAATAAATTAAAAAA","GGCCGGGTGCAGTGGCTCATGTCTGTAATCCCAGCACTCTGGGAGGCCGAGGCGGGCAGATCATGAGGTCACGAGTTCAAGACCAGCCTGGCTAACATGATGAAACCCCATCTCTACTAAAAATACAAAAATTAGCTGAGCGTAGTGGCAGGCACCTGTAATCCCAGCTACTTAGGAAGCTGAGGCAGGAGAATCGCTTGAAACCAGAAGGCGGAGGTTGCAGGGAGCGGAGACTGCACCACGGCACTCCAGCCTGGGCAAAAGAGCAAAACTCCATCTCAAAAAATAAAAAATAAATTAAAAAA"
"chr4","54551479","54551778","chr5","13282747","13283051","36","41268732","GCCAGGCAAGGTGGCTCACACCTATAATCCCAGCACTTTGGGAGACCGAGGCGGGTGGATCACGAGGTCAGGAGTTCGAGACCAGCCTGGCCAACATGGCGAAACACCGACTCTACTAAAAATACAAGAATTAGCCAGGCGTGGTGGCGGGCACCTGTAATCCCAGCTACTCGGGAGGCTGAGGCAGGAGAATCGCTTGAACCCTGAAGGCAGAGGTTGCAGTGAGCCAAGATTGTGCCACTGCACTCCAGCCTGCACAACAAGAGCAAGACTCTGTCTAAAACAAACAAACAAAAAAAA","GGCCAGGCATGGTGGCTCACACCTGTAATCCCACCACTTTGGGAGGCCGAGGTGGGTGGATCATGAGGTCAGGAGTTCGAGACCAGCCTGGCCAAAATGGTGAAAACCCATCTCTACTAAAAATGTAAAAATTAGTCTGGAGTGGTGGTGGGTGCCTGCAGTCCCAGCTACTCAGGAGGCTGAGGCAGGAGAATCGCTTGAAACCGGAAGGCAGAGGTTGCAGTGAGCCGAGATTGTGCCACTGCACTCCAGCCTGGGCAACAAGAGCAAAACTCTGTCTCAAAAAAAAAAAAACAAAAAAAAAA"
"chr4","54604790","54605081","chr4","54651167","54651457","3","46377","GGCCAGGCGCAGTGGCTGACACCTGTAATCCCAGCACTTTGGGAAGCCGAGGCGGGTGGATCATGAGGTCAGCAGTTCGAGACCAGCCTGACCAACATGGTGAAACCCTGTCTCTACTAAAAATACAAAAAATTAGCTGGGTGTGGTGGCAAGCGCCTGTAATCCCAGCTACTTGGGAGGCTGAGGCAGGAGAATCGCTTGGAACCGGAATGTGGAGGTTGCAGTGAGCCGAGATTGTGCCACTGCACTCTAGCCTGATCAATAAAAGCAAAACTCCATCAAAAAAAAAAAA","GGCCAGGCGCAGTGGCTGACACCTGTAATCCCAGCACTTTGGGAAGCCAAGGCGGGTGGATCATGAGGTCAGCAGTTCGAGACCAGCCTGACCAACATGGTGAAACCCTGTCTCTACTAAAAATACAAAAAATTAGCTGGGTGTGGTGGCAAGCGCCTGTAATCCCAGCTACTTGGGAGGCTGAGGCAGGAGAATCGCTTGGAACCAGAATGTGGAGGTTGCAGTGAGCCGAGATTGTGCCACTGCACTCTAGCCTGATCAATAAAAGCAAAACTCCATCAAAAAAAAAAA"
"chr4","59864413","59864703","chr4","59449320","59449612","2","415093","GGCCGGGTGCGGTGGCTCATGCCTGTAATCCCAGCACTTTGGGAGGCTGAAGCGGGTGGATCACGAGGTCAGCAGTTCGAGACCAGCCTGACCAAAAAGGGGAAACCCCGTCTCTACTTAAAATACAAAAAAAATTAGCTGGGCGTGGTGGCGAGTGCCTGTAATCCCAGCTACTTGGGAGACTGAGGCAGGAGAATCGCTTGAAACCAGAAGGCAGAGGTTGCAGTGAGCCGAGATTGCACCACTGCACTTTAGCCTGGGCAATAAGAGCAAAACTTCGTCTCAAATAAA","GGCCGGGTGCGGTGGCTCATGCCTGTAATCCCAGCACTTTGGGAGGCTGAAGCGGGTGGATCACGAGGTCAGCAGTTCGAGACCAGCCTGACCAAAAAGGGGAAACCCCGTCTCTACTTAAAATACAAAAAAAAAATTAGCTGGGCGTGGTGGCGAGTGCCTGTAATCCCAGCTACTTGGGAGACTGAGGCAGGAGAATCGCTTGAAACCAGAAGGCAGAGGTTGCAGTGAGCCGAGATTGCACCACTGCACTTTAGCCTGGGCAATAAGAGCAAAACTTCGTCTCAAATAAA"
"chr4","61821732","61822035","chr15","75070840","75071138","41","13249108","GGCCAGGCACGGTGGCTCACACCTGTAATCCCAGAACATTGGGAGGCCGAGGCAGGTGGATCACAAGCTCAGGCGTTTGAGACCAGCCTGGCTAACATAGTGAAACTCTATCTCTACTAAAAAAAGTACAAAAAATTAGCTGAGCATGGTGGTGGGCACCTACAATCCCAGCTACTTGGGAGGCTGAGGCAGGAGAATCGTTTGAACCTGGGAGGCGGAGGTTGCAGTGATCCGAGATCACGCCACTGCACCTCAGCCTGGGCAATAAGAACAAAACTCCATCTCAAAAAAAAAAAATACAAAA","GGCTGGGCGTGGTGGCTCATGCCTGTAATCCCAGCACTTTGGGAGGCCGAGGCTGGTGGATCACAAGGTCAGGAGTTCGAGACCAGCCTGGCCAACATGGTGAAACCCTGTCTCTACTAAAAATACAAAAATTAGCTGGGCATGGTGGCGTGCACCTGTAATCCCAGCTACTCGGGAGGCTGAGGCAGGAGAATCGCTTGAAACTGGAAGGCGGAGTTTGCAGTGAGCCGAGATCGTGCCACTGCACTCCAGGCTGGGCAACAAGAGCAAAACTCCGTCTCAAAAAAAAAAAAAAAAAA"
"chr4","62303029","62303269","chr4","61780136","61780376","0","522893","GACTGGGTGTGGTGGCTCACACCTGTAATCCCAGTGCTTTGGGAGGCCGACACAGGTGGATGATGAGGTCAGGAGTTCAAGACCAGCCTGGCCAACATGGTAAAACTCCATCACTACTAAAAATACAAAAATTAGCCGGGTGTGATGGCGGGCACCTATAATCCCAGCTACTTGGGAGGCTGAGGCAGGAGAATCACTTGAAACCAGAAGGCAGAGGTTGCAGTGAGCCGAGATCATGCCA","GACTGGGTGTGGTGGCTCACACCTGTAATCCCAGTGCTTTGGGAGGCCGACACAGGTGGATGATGAGGTCAGGAGTTCAAGACCAGCCTGGCCAACATGGTAAAACTCCATCACTACTAAAAATACAAAAATTAGCCGGGTGTGATGGCGGGCACCTATAATCCCAGCTACTTGGGAGGCTGAGGCAGGAGAATCACTTGAAACCAGAAGGCAGAGGTTGCAGTGAGCCGAGATCATGCCA"
"chr4","63573183","63573361","chr2A","69717435","69717600","41","6144252","TAGTCAGGTGTGGTGGCGAAGCGCCTGTAATCCCAGCCACTCGGGAGGCTAAGGCAGGAGAATCACTTGAACCGGGAGGCAGATGTTGCAGTGAGCCGAGATCGCGCCACTGCACTCCAGCCTAGACAACAAGAGCAAGACTNNNNNNNNNNNNNNNNNNNNAAAAAAAAAAAAAAAAA","TAGCCGGGCGTGGTGGCGGACGGCTGTAATCCCAGCTACTCGGGAGGTTAAGGCAGGAGAATCGCTTGAAACCGGAAGGCGGAGATTGCAGTGAGCTGAGATCGCGCCACTGCACTCCAGCCTGGGCGAAAGAGCGAAACTCTATCTCAAAAAAAAAAAAAAAAAA"
"chr4","63573400","63573514","chr2A","63883844","63883961","16","310444","GGCCGGGCACGGTGGCTCATGCCTGTAATCACAGCACTTTGGGAGGCTGAGGCGGGTGGATCATAAGGTCAGTAGTTTGAGACCAGCCTGGCCAACATGGTGAAACCCCCTCTCT","GGCCGGGGACGGTGGCTCATGCCTGTAATCCCAGCACTTTGGGAGGCCGAGGCAGGCAGGTCACTGAAGGTTGGGAGTTCAAGACCAGCCTGGCCAACATGGTGAAACCCCATCTCTA"
"chr4","63659924","63660216","chr4","63141903","63142195","2","518021","GGCCAGGCGGGGTGGCTCACGCCTATAATCTCAGCATTTTGGGAGGACGAGGCGGGCAGATCACGAGGTCAGGAGTTCGAGACCAGCCTGGCCAACATGGCGAAACCCCATCTCTATCGAAAATAGAAATATTAGCCAGTCATGGTGGCGGGCGCCTGTAATCCCAGCTACTCGGGAGCCTGAGGCAGGAGAATCACTTGAAACCAGAAGGCGGAGGTTGCAGTGAGCGGAGATCCCACCACTGCACTCCAGCCTAAGCGAAAGAGTGAAACTCTGTCTAAAACAAGAAAAAA","GGCCAGGCGGGGTGGCTCACGCCTATAATCTCAGCATTTTGGGAGGACGAGGCGGGCAGATCACGAGGTCAGGAGTTCGAGACCAGCCTGGCCAACATGGCGAAACCCCATCTCTATCGAAAATAGAAATATTAGCCAGTCATGGTGGCGGGCGCCTGTAATCCCAGCTACTCGGGAGCCTGAGGCAGGAGAATCACTTGAAACCAGAAGGCGGAGGTTGCAGTGAGCGGAGATCCCACCACTGCACTCCAGCCTAAGCGAAAGAGTGAAACTCCATCTAAAACAAGAAAAAA"
"chr4","64181248","64181414","chr4","63669761","63669928","2","511487","TAGTCAGCCATCTTGGCTGGGCCCCTGTGTGTCCCAGCTACTCCGGAGGCTGAGGCAGAAGAAACTCTTGAAACCGGAAGGCAGAGGTTGCAGTGAGCCGAGATAGCACCACTGCACTCCAGCCTGGGCAACAAGAGCAAAACTCCGTCTCAAAAAAAATAAATAAA","TAGTCAGCCATCTTGGCTGGGCCCCTGTGTGTCCCAGCTACTCCGGAGGCTGAGGCAGAAGAAACTCTTGAAACCGGAAGGCAGAGGTTGCAGTGAGCCGAGATAGCACCACTGCACTCCAGCCTGGGCAACAAGAGCAAAACTCCGTCTCAAAAAAAAAAAAATAAA"
"chr4","67847859","67848137","chr4","67367570","67367842","8","480289","GGCCAGGCGCGGTGGCTCACGCCTGTAATCCCAGCACTTTGGGAGGCTGAGACGGGTAGATCGCAAGGTCAGGAGTTTGAGGCCAGCCTGTCCAATATGGTGAAACCCCGTCTCTCCTAAAAATACAAAAATTAGCAGGGCGTGGTGGCGGGTGCTTGTAATCCCAGGTACTCAGGAGGCTGAGGTGGGAGAATTGCTTGAAACCGCTGAGATCATGCCACTGCATTCCAGCCTGGGCAAAAAAGAGAAACTCCGTCTACAAAAAAAAAAAAAAAAAAA","GGCCAGGCGCGGTGGCTCACGCCTGTAATCCCAGCACTTTGGGAGGCTGAGACGGGTAGATCGCAAGGTCAGGAGTTTGAGGCCAGCCTGGCCAATATGGTGAAACCCCGTCTCTCCTAAAAATACAAAAATTAGCAGGGCGTGGTGGCGGGTGCTTGTAATCCCAGGTACTCAGGAGGCTGAGGTGGGAGAATTGCTTGAAACCGCTGAGATCATGCCACTGCACTCCAGCCTGGGCAAAAAAGAGAAACTCCGTCTCAAAAAAAAAAAAAA"
"chr4","73925345","73925625","chr21","32352970","32353251","29","41572375","GGCTGGGCACAGTGGCTCATGCCTGTAATCCCAGCACTTTGGGAGGCCAAGGCAGGTGGATCACGAGGTCAGGAGTTCAAGACCAGCCTGGCCAACATGGTGAAACCCCGTTTCTACTAAAAATACAAAAATTAGCCAGGCGTGGTGGTGGGCACCTGTAATCCCAGCTACTTGGGAGGCTGAGGCAAGAGAATTGCTTGAATCCGGAAGGCAGAGGTTGCAGTGAGCCAAGATTGTGCCACTGCACTCCAGCCTGGGCAACAAGAGCAAAACTCCATCTC","GGCCAGGCGCGGTGGCTCATGCCTGTAATCCCAGCACTTAGGGAGGCTGAGGCAGGCAGATCACGAGGTCAGGAGGTCGAGACAACCTGGCCAACATGGTGTAAACCCCGTCTCTACTAAAAATACAAAAAATTAGCCAGGCGTCGTGGTAGGCGCCTGTAATCCCAGCTACTCGGGAGGCTGAGGCAGGAGAATTGCTTGAAATCGGAAGGCAGAGGTTGCAGTGACCCAAGATTGCGCCACAGCACTCCAGCCTGGGCAACAAGAGCAAAACCTCCGTCT"
"chr4","74743733","74743899","chr8","19760821","19760989","25","54982912","CCGGGCACGGTGGCTCACGCCTGTAATCCCAGCACTTTGGGAGGCCAAGGCAGGTGGATCACAAGGTCAGGAGTTCAAGACCCACCTGGCCAACATGGTGAAACCCTGTCTCTACAAAAAATACAAAAAAATTAGCCGGGTGTGGTAGCGGGCACCTGTAATCCCAG","GGCCGGCTGCAGTGGCTCACGCCTGTAATCCCAACACTTTGGGAGGCCGAGGCAGGTGGATCACTGAGGTCAGGAGTTTGAAACCAGCCTGGCCAACATGGTGAAACCCTGTCACTACTAACAACACAAAAAAATTAGCTGGGTGTGGTCACGGGTGCCTGTAATCCCA"
"chr4","84420707","84421001","chr4","83582850","83583145","3","837857","GGCCTGGCGCAGTGTCTTACACCTGTAATCCCAACACTTTGGGAGGCCAAGGCAGGAGGATCATGAGGTCAGGAGTTCAAGATCAGCCTAGCCAACATGGCGAAACCCCGTCTATACTAAAAATACAAAAATTAGCTGAGTGTGGTGGCGGGCACCTATAATCTGAGCTACTTGGGAGGCTGAGGCAGGAGAATTGCTTGAAACCAGAAGATGGAGGTTGCAGTGAGCTGAGATGACACCACTGCACTCCAGCCTGGGCAACAAGAGCGAAACTCCATCTCAAAAAAAAAAAAAA","GGCCTGGCACAGTGTCTCACACCTGTAATCCCAACACTTTGGGAGGCCAAGGCAGGAGGATCATGAGGTCAGGAGTTCAAGATCAGCCTAGCCAACATGGCGAAACCCCGTCTATACTAAAAATACAAAAATTAGCTGAGTGTGGTGGCGGGCACCTATAATCTGAGCTACTTGGGAGGCTGAGGCAGGAGAATTGCTTGAAACCAGAAGATGGAGGTTGCAGTGAGCTGAGATGACACCACTGCACTCCAGCCTGGGCAACAAGAGCGAAACTCCATCTCAAAAAAAAAAAAAAA"
"chr4","84519121","84519411","chr4","51132690","51132975","53","33386431","GGCTGGGTGTAGTGGCTCACGCCTGTAATCCCAGCACTTCAGGAGGCTGAGGCAGGCGGATCACGAGGTCAGGAATTAGAGACCAGCCTGGCCAACATGGCGAAACCTCACCTCTACTAAAAACACAAAAATCAGCCAGGTATGGTGGCAGTCGCCTGTAATCCCTGCAGGAGAATCGCTTGAAATCGGGAGGCGGAGGTTGCAGTGAGCTGATATGGTGCCACAGCACTCCAGCCTGGGTGACAAGAGCAAGACTCCTTCTCAAAAAAAAAAAAAAACAAGAAAAGAAAA","GGCTGGGTGCGGTGGCTCACCCCTGTAATCCCAGCACTTTGGGAGGCCAAGGCGGGTGGATCACGAGGTCAGGAGTTTGAGACCAGCCTGGCCAACATGGTGAAACCCCATCTCTACTAAAAATAGAAAAATTAGCCAGGCATGTTGGCAGGTGCCAGCTGAGCCAGGAGAATCGCTTGAAACTGGAAGACAGAGGTTGCAGTGAGCCAAGATCGCACCACTGCACTCCAGTCTGGGCGAAAGAGCGAAATTCTGTTTCAAAAAAAAAAAAAAAAAAAAAAAAAAA"
"chr4","84555006","84555256","chr4","83712976","83713226","1","842030","GGCCGGGTGCGGTGGCTCACGCCTGTAATCCCAGCACTTTGGGAAGCCAAGGTAGGAAGATCACAAGGTCAGGAGTTTGAGACCAGCCTGGCCAACATAGTGAAACCCCCGTCTCTACTAAAAATACAAAAATTAGTTGGGCGTGGTGGCACACACCTGTAATTCTAGGGAGGCTGAGGTTTCAGTAAGCGGAGATCGTGCCACTGCACTCTAGCCTGGGCAACAAGAGCAAAACATCGCAAAAAAAAAAA","GGCCGGGTGCGGTGGCTCACGCCTGTAATCCCAGCACTTTGGGAAGCCAAGGTAGGAAGATCACAAGGTCAGGAGTTTGAGACCAGCCTGGCCAACATAGTGAAACCCCCGTCTCTACTAAAAATACAAAAATTAGTTGGGCGTGGTGGCACACACCTGTAATTCTAGGGAGGCTGAGGTTTCAGTAAGCTGAGATCGTGCCACTGCACTCTAGCCTGGGCAACAAGAGCAAAACATCGCAAAAAAAAAAA"
"chr4","88505960","88506255","chr4","87717940","87718244","19","788020","GGCTGGGCGCGGTGGCTTACACCTGTAATCCCAGCACTTCGGGAGGCCAAGGTGGACAGATCACGAGGTCAGGAGTTTGAGACCAGCCTAGTCAATATGGTGAAACCCCATCTCTACTAAAAATACAAAAATTAGCCGGGTGTGGTGGCGGACACCTGTAATCCCAGCTACTCAGGAGGCTGAGGCAGGAGAATCACTTGAAACCAGAAGGCGGAGGTTGCAGTGAGACGAGATCATGCCACTACACTCCAGCCTAGGCAACAAGAGCGAGCGAAACTCCATCTACAAAAAAAAAA","GGCTGGGCGCGGTGGCTTACACCTGTAATCCCAGCACTTCGGGAGGCCAAGGTGGACAGATCACGAGGTCAGGAGTTTGAGACCAGCCTAGTCAATATGGTGAAACCCCATCTCTACTAAAAATACAAAAATTAGCCGGGTGTGGTGGCGGACACCTGTAATCCCAGCTACTCAGGAGGCTGAGGCAGGAGAATCACTTGAAACCAGAAGGCGGAGGTTGCAGTGAGACGAGATCATGCCACTACACTCCAGCCTAGGCAACAAGAGTGAAACTCCATCTCAAAAAAAAAAAAGAAAGAAAGAAA"
"chr4","89778374","89778639","chr4","89000804","89001070","1","777570","TTGGGAGGCCGAGGCGGGCAGATCACGAAGGTCAGGAGTTTGAGACCAGCCTGGCCAACATAGTGAAACCCCGTCTCTACTAAAAATACAAAAATTAGCTGGGCGTGGTGGCGGGTGCCTGTAATCCCCTACTCTGGAGGCTGAGGCAGGAAAATCGCTTGAAACCAGAAGGCGAATGTTGCAGTGAGCCAAGATTGCACCCAAACAAGATTTTGACAAGAGCGAAACTCCGTCTCAAATAAAAAAACAAAACAAAACAAAACAAA","TTGGGAGGCCGAGGCGGGCAGATCACGAAGGTCAGGAGTTTGAGACCAGCCTGGCCAACATAGTGAAACCCCGTCTCTACTAAAAATACAAAAATTAGCTGGGCGTGGTGGCGGGTGCCTGTAATCCCCTACTCTGGAGGCTGAGGCAGGAAAATCGCTTGAAACCAGAAGGCGAATGTTGCAGTGAGCCAAGATTGCACCCAAACAAGATTTTGACAAGAGCGAAACTCCGTCTCAAATAAAAAAACAAAACAAAACAAAACAAAA"
"chr4","93808143","93808448","chr4","93085628","93085937","11","722515","GGCTGGGTGCGGTGGCTCACACCTGTAATCCCAGCACTTTGGGAGGCAGAGGGTGGGCTGATCACAAGGTCAGGAGTTCGAGACCAGCCTGGCCAACATGGTGAAACCCCGTCTCTACTAAAAATACAACTTAGCTAGGCATGGTTGCGGGCACCTGTAATCCCAACTACTCGGGAGACTGAGGAAGAAGAATCGCTTGAAACCAGAAAGCAGAGGTTGCAGTGAGCTGAGATTGCGCCACTGCACTGCAGCATGGGCAACAAGGGCAAAACTCTGTCTCAAAAAAAAAAAAAGAAAACAAAGAAA","GGCTGGGTGCGGTGGCTCACACCTGTAATCCCAGCACTTTGGGAGGCAGAGGGTGGGCTGATCACAAGGTCAGGAGTTCGAGACCAGCCTGGCCAACATGGTGAAACCCCGTCTCTACTAAAAATACAACTTAGCTAGGCGTGGTTGCGGGCACCTGTAATCCCAACTACTCGGGAGACTGAGGCAGAAGAATCGCTTGAAACCAGAAAGCAGAGGTTGCAGTGAGCCGAGATCGCGCCACTGCCCTGCAGCATGGGCAACAAGGGCAAAACTCTGTCTCAAAAAAAAAAAAAAAAAAGAAAACAAAGAA"
"chr4","94787451","94787678","chr4","94066984","94067212","3","720467","GCTGGGAACGGTGGCTCATGCCTGTAATCCCAGCACTTTGGGAGGCTGAGGCGGTGGATCACGAGGTCAGGAGATTGAGACAAGCCTGGCCAGCATGGTGAAACCCCGTTTCTACTGAAAATACAAAAATGAGCTGGGCATGGTGGTGGGCACCTGTAATCCCAGGTACTCGGGCCATTGCACTCCAGCCTGGGCAACAAGAGCAAAACTCCATCTCAAAAAAAAAAA","GCTGGGAACGGTGGCTCATGCCTGTAATCCCAGCACTTTGGGAGGCTGAGGCGGTGGATCACGAGGTCAGGAGATTGAGACCAGCCTGGCCAGCATGGTGAAACCCCGTTTCTACTGAAAATACAAAAATGAGCTGGGCATGGTGGTGGGCACCTGTAATCCCAGGTACTCAGGCCATTGCACTCCAGCCTGGGCAACAAGAGCAAAACTCCATCTCAAAAAAAAAAAA"
"chr4","95405055","95405255","chr7","88863909","88864111","28","6541146","GGCCGGGCACAGTGGCTCAAGCCTGTAATCCCAACACTTTGGGAGGCTGAGGCGGGCAGATCACGAAGTCAGGAGTTCAAGACCAGCCTGGCCAACATAGCAAAACCCCATCTCTACTAAAAATACAAAAACTAGCCAGGTGTGGTGGTGGGCGCCTGTAGACCCAGCTACTCAGGGAGGCTGAGGCAGAAGAATTGCTTG","GGCCAGGCACAGTGGCTTAGGCCTGTAATCCCAGCACTTTGGGAGGCTGAGGTGGGCGGATCACTAAAGGTCAGGAGTTCGAGACCAACCTGGCCAACATTGTGAAACCCCATCTCTACTAAAAACACAAAAATTAGCCAGGCGTGGTGATAGGTGCCTATAGTCACAGCTACTCAGGAGGCTGAGGCATGAGAATCGCTTGA"
"chr4","98572204","98572498","chr4","97917644","97917938","5","654560","GATGGCTCACGCCTGTAATCCTAGCAATTTGGGAGACCAAGGTGGGTGGATCACGAGATCAGCAGTTCGAGACCAGCCTGACCAACATGGTAAAACCCCGTCTCTACTAAAAATACAAAAAAAATTAGCTGGGCATGGTGGCGGGCATCTGTATTGCCAGCGACTTGGGAGGCTGAGGCAGAATTGCTTGAAACCGGAAGGCAGAGGTTGCAGTGAGCCGAGATTGCACCACTGCACTCTAGCCAGGGCAATAAGAGCAAAACTCCGTCTCAAAAAAAAGAAAAAAAAAGAAAAA","GATGGCTCACGCCTGTAATCCTAGCAATTTGGGAGACCAAGGTGGGTGGATCACGAGATCAGCAGTTCGAGAGCAGCCTGACCAACATGGTAAAACCCCGTCTCTACTAAAAATACAAAAAAAAATTAGCTGGGCATGGTGGCGGGCATCTGTAATGCCAGCGACTTGGGAGGCTGAGGCAGAAGTGCTTGAAACCGGAAGGCAGAGGTTGCAGTGAGCCGAGATTGCACCACTGCACTCTAGCCAGGGCAATAAGAGCAAAACTCCGTCTCAAAAAAAGAAAAAAAAAGAAAAA"
"chr4","102102693","102102995","chr5","58882731","58883030","31","43219962","GGCCAGGTGTGGTGGCTCACGCCTGTAATCCCAGCATTTTGGGAGGCCAAGGTGGGCAGATCACGAGGTCAGGAGTTCGAGACCAGCCTGGGCAACATGGTGAAACCCCATCTCTACTAAAAATACAAAAATTAGCCAGGTGTGGTGGCGGGCACCTGTAATCCCAGCTACTCGGGAGGCTGAGGCAGGAGAATTGCTTGAAAACAGAAGGTGGAGGTTGCAGTGAGCAGAGATCACGCCACTGCACTCCAGCCTGGGCGACAGAGTGAAACTCCGTCTCAAAAAAAAGTTAAAAAAAAAAAA","GGCAGGGCGTGGCAGCTCACGCCTGTAATCCCAGCACTTTGGGAGGCCGAGGCAGGCAGATCACGAGGTCAGGAGTTCAAGACCAGCCTGGGCAACATGGTGAAACCCCATCTGTACTAAAAATACAAAAATTAGCCAGGCGTGGTGGCAGGTGCCTGTAATCCCAGCTACTCGGGAGGCTGAGGCAGGAGGATCGCTTGAAACCAGAAGGCAGAGATTGCAGTGAACCGAGAGCACACCACTGCACTCCAGCCTGGGTGAAAGAGTGAAACTCCATCTCAAAAAAAAAAAAAAAAAAAA"
"chr4","110044347","110044512","chr1","149857707","149857851","45","39813360","GCTACTCAGGAGGCTGAGGTAGGGGAATCGCTTGAAACTGGGAGGCAGAGGGTGCAGTGAGCGAAGATCAAGCCACTTCACTCCAACCTGGGCAATAGGAACGAAACTGCGTCTCAAAACCAAACCAAACCAAAACAAAACAAAACAAAACAAAACAAAACAAAAC","GTTACTCGGGAGGCTGAGGCAGGAGAATCGCTTGAAACTGGAAGGCAGAGGTTGCAGTGAGCCAAGATCACGCCACTGCACTCCAGACTGAGCAACAAGAGTGAAACTCCATCTCAAAAAATAAAAAATAATAATAATAATAAAA"
"chr4","112574980","112575236","chr1","185272132","185272389","53","72697152","GGGNNNNNNNNNNNNNNNNNNNNTGAGGTCAGGAGTTCAAGACCAGCCTGGCCAACATGGTGAAACCCCATCTCTCTAAAAATTGAAAAATTAGCTGGGTGTGGTGTGGCGGGCGCCTGTAATCCCAGCTACTCGGGAGGCTGAGGCAGGAGAATCGCTTGAAACCGGAAGGCAGAGGTTGCAGTGAGCCGAGATCGAGCCATTGCACTCCAGCCAGGCAACCAGAGTGAAACTCTAACTCAAAAAAAAAAAAAAAA","GAGGCCAAGGCGGGTGGATCACGAGGTCAGGAGTTCAAGACAAGCCTGGCCAACATGGTGAAACCCCATCTCTACTGAAAACACAAAAATTAGTCGGGCGTGGTGGCAGGAGCCTGTAATCCCAGCTACTCGGGAGGCTGAGTCAGAAGAATCGCTTGAAACTGGAAGGTGGAGGTTACAGTGAGCTGAGATCGTACCACTGCACTCTAGCCTAGGCAACAAGAGTGAAACTCCATCTCAAAAAAAAATAAAAAAGAA"
"chr4","115697596","115697902","chr14","51367329","51367629","65","64330267","GCCAGGCGCGGCGGCTCATGTCTGTAATCCTAGCACTTTGGGAGGTGGAGGCGGGCAGATCACCAGGACAGCAATTCGAGACAAACCTGGCAAACATGGTGAAACCCCGTCTCCTACTACAAATACAAAAATTAGCCGGGCATGATGGCATGTGCCTGTAGTCCCAGCTACTTGGGAGACTGAGGCAGGAGAATNNNNNNNNNNNNNNNNNNNNGAGGTTGCAGTCAGCCAAGTTCACGCCACTGCACTCCAGCCTGCACAACAAGAGGGAAAACTAGGTCTCAAAAAAAAAAAAAAAAAAAAAGAA","GCCAGGCGCGGTGGCTCATTCCTATAATCCCAGCACTTTGGGAGGCTGAGGCGGGCAGATCACGAGGTCAAGAATTCAAGACCAGCCTGGCCAACATGGTGAAACCCCATCTCTACTAAAAATACAAAAATTAGCTGGGCATGGTGGCAGGTGCCTGTAATCCCAGCTACTCAGGAGGCTGAGGCAGGAGAATCACTTGAAATCAGAAGGCGAAGGTTGCAGTGAGCCAAGACTGTGCCACTGCACTCCAGCCTGGGTGAAAGAGCAGAACTCCATCTCAAAAAAAAAAAAAAAAAAAAAA"
"chr4","122922971","122923263","chr6","20388964","20389256","30","102534007","GGCCGGGTGCGGTGGCTCACGCCTGTAATCCCAGCAATTTGGGAGGCCGAGGTGGGCAGATCACAAGGTCAGGAGTTTGAGACCTGCCTGGCCAACATAGTGAAACCCCATCTCTACTAAAAATACAAAAAATTAGCCAGGTGTGGTGGTGGGCACCTGTAATTCCAGCTATTCGGGAGGCTGAGGCAGGAGAATCGCTTGAACCCGGGAGGTGGGGGTTGCAGTGAGCTGAGATCATGCCACTGCACTCCAGCCTGGGCAACAAGAGTGAAACTCTGTCTCAAAAAAAAAAA","GGCCAGGTGCGGTGGCTCACGCCTGTAATCCCAGCACTTTGGGAGGCTGAAGTAGGCAGATCACAAGGTCAGGAGTTTGAGACCAGCCTGGCCAACATGGTGAAACCCTGTCTCTACTAAAAATACAAAAATTAGCCAGGTGTGGTGGCGGGCACCTATAATCCCAGCTACTTGGGAGGCTGAGGCAGGAGAATCGCTTGAAACCAGAGGGCGGAGGTTGCAGTGGGCCAAGATCGTGCCACTGCACTCCAGCCTGGGCAACAGGGTGAGACTCTGTCTCAAAAAAAATAAAA"
"chr4","129028785","129029005","chr4","128197585","128197796","12","831200","GCCAACATGGTGAAACCCCCTCTCTACTAAAAATACAAAAATTAGCCTGGTGTGGCGGCAGGCGCCTGTAGTCCCAGCTACTCAGGAGGCTGAGGCAGGAGAATCGCTTGAAACTGGAAGGCGGAGGTTGCAGTGAGCAGAGATCGGGCTACTGCACTCCACCTTGGGCAACAAGAGCAAAACTCTGTCTCAAAAAAAAAATAAAAATAAAAATAAAAAAA","GCCAACATGGTGAAACCCCCTCTCTACTAAAAATACAAAAATTAGCCTGGTGTGGCGGCAGGTAGTCCCAGCTACTCAGGAGGCTGAGGCAGGAGAATCGCTTGAAACTGGAAGGCGGAGGTTGCAGTGAGCAGAGATCGGGCTACTGCACTCCACCTTGGGCAACAAGAGCAAAACTCTGTCTCAAAAAAAAAAAATAAAATAAAAATAAA"
"chr4","135046702","135047005","chr4","134038232","134038534","4","1008470","GGCCAGGCGCTGTGGCTCACACCTGTAATCCCAGCACTTTGGGAGGCCGGAGCAGGCAGATCACGAGGAGTTTGAGACCAGCCTGGCCAACATGATGAAATTTTGTCTCTACTAAAAATACAAAAATTAGCAGGGTGGGTGGCAGGCGCCTGTAATCCCAGCTACTCAGAAGGCTGAGGCAGGAGAATCGCTTGAAACTGGAAGGTCGAGTTTGAGTGAGCCGAGATCCCACCACTGCACTGCAGCCTGGGCAATAAGAGCAAGACTCTGTCTCAAAAAAAAAAAAAGAAAGAAAGAAAACAAA","GGCCAGGCGCTGTGGCTCACACCTGTAATCCCAGCACTTTGGGAGGCCGGAGCAGGCAGATCACGAGGAGTTTGAGACCAGCCTGGCCAACATGATGAAATTTTGTCTCTACTAAAAATACAAAAATTAGCAGGGTGGGTGGCAGGCGCCTGTAATCCCAGCTACTCAGAAGGCTGAGGCAGGAGAATCGCTTGAAACTGGAAGGTCGAGTTTGAGTGAGCCGAGATCCCACCACTGCACTGCAGCCTGGGCAATAAGAGCAAGACTCTGTCTCAAAAAAAAAAAAAAAAAAAAGAAAGAAAA"
"chr4","138970868","138971148","chr4","138035097","138035377","2","935771","GGCCGAGCATAGTGGCTCACCTCTGTAATCCCAGCACTTTGGGAGGCCAAGGCGGGCAGTTCACAAGGTCAGGTGTTTGAGACCAGCCTGACCAACATGCTGAAACCCCCATCTCTACTAAAAATACAAAAATTAGCCAGATGTGGTGGCAGGCGCCTGTAATCCCAGCTACTCGAGAGGCTGAGGCAGGAGAATCTCTTGCAACCAGAAGGCAGAGGTTGTGGTGAGCTGAGATCATGCCACTGCCATGCAGCCTGGGCAACAAGAGCTAAACTCTGTCT","GGCCGAGCATAGTGGCTCACCCCTGTAATCCCAGCACTTTGGGAGGCCAAGGCGGGCAGTTCACAAGGTCAGGTGTTCGAGACCAGCCTGACCAACATGCTGAAACCCCCATCTCTACTAAAAATACAAAAATTAGCCAGATGTGGTGGCAGGCGCCTGTAATCCCAGCTACTCGAGAGGCTGAGGCAGGAGAATCTCTTGCAACCAGAAGGCAGAGGTTGTGGTGAGCTGAGATCATGCCACTGCCATGCAGCCTGGGCAACAAGAGCTAAACTCTGTCT"
"chr4","139562190","139562359","chr9","29164858","29165029","21","110397332","GGCCAGGCATGGTGGCTCATGCCTCTAATCCCAGCACTTTGGGAGGCTGAGGCGGGCGGATCACGAGGTCAGGAGTTTGAGACCAGCCTGACCAATATGATGAAACCCCGTCTCTACTACAAATACAAAAATTAGCCGGGCATGGTGGCAGGCACCTGTAATCCCAGCTA","GGCTGGGCGTGGTGGCTCACGCCTGTAATCCCAGCACTTTGGGAGGCCGAGGCAGACGGATCATGAGGTCAGGAGTTCGAGACCAGCCTGGCCAACACAGTGAAACCCTGTCTGTACTAAAAATACAACAAAATTAGCCGGGCATGGTGGCAGGCACCTGTAATTCCAGCTA"
"chr4","140394403","140394691","chr4","139407371","139407657","12","987032","TGGCTCACACCTGTAATCCCAGCACTTTAGGAGGCCGAGGCAGGTGGATCACGAGGTCAGGAGTTCAAGACCAGCCTCGCCAACATGATGAAACTCCTTCTCTAATAAAATATAAAAATTAGCCAGGTGTGGTGGTGGGCACCTGTAATCCCACCTACTTGGGAGGCTGAGGCTGAAGAATTGCTTGAAACCAGAAGGTGGAGGTTGCAGTGAGCCGAGATGGAGCCACTGCACTCCAGCCTGGGCAACAAAAGTGAAACTCCATCTCAAAAAAAAAAAAAAAAAAAAA","TGGCTCACACCTGTAGTCCCAGCACTTTAGGAGGCCGAGGCAGGCCGATCACGAGGTCAGTAGTTCAAGACCAGCCTCGCCAACATGATGAAGCTCCTTCTCTAATAAAATATAAAAATTAGCCAGGTGTGGTGGTGGGCACCTGTAATCCCAGCTACTTGGGAGGCTGAGGCTGAAGAATCACTTGAAACCAGAAGGTGGAGGTCGCAGTGAGCCGAGATGGAGCCACTGCACTCCAGCCTGGGCAACAAAAGTGAAACTCCATCTCAAAAAAAAAACAAAAAAAA"
"chr4","145361572","145361854","chr6","90613671","90613954","44","54747901","GGCTGGGCGCAGTGGCTCACGTCTATAATCCCAGCATTTTGAGAGGTTGAGACGGGCAGATTACAAGGTCAGGTGTTCGAGACCAGCCTGGCCAACATGGCGAAACCCCGTCTCTGCTAAAAATACAAAAATTAGCCAGGCATGGTGGTGGGCACCTATAATCCCAGCTACTCAGGAGGCTGAGGGAGGAGAATCGCTTGAGCCCCATAGGCAGTGGTTGCAGTAAGCCGAGATCATGCCATTGCACTCCAGCCTGGGCAACAAGAGCAAGAGTTCATCTCAA","GGCTGGGTGCAGTGGCTCAAGCCTGTAATCCCAGCACCTTGGCAGGGTGAGGTGGGCAGATCACGAGGTCAGGAGTTCGAGACCAGCCTGGCTAACATGGTGAAACCCGTCTCTATTAAAAATACAAAAAAATTAGCTGGGCATGGTGGCGGGCACCTGTAATCTCAGCTACTCGGGAGTCTGAGGCAGGAGAATCGCTTGAAACCGGAAGGCAGAGGTTGCAGTGAGCTGAGATTGTGCCACTGCACTCCAGCCTGGGCAACAAGAGCGAAATTCCATCTCAA"
"chr4","146232207","146232511","chr4","145331291","145331600","9","900916","GGCTGGGAGCGGTGGCTCACACCTGTAATCCCAGCACTTTGGGAGGCCGAGGTGGGCAGATCACGAGGTCAGGAGATTGAGACCAGCCTGGCCAACATGCTGAAACTCTGTCTCTACTAAAAATATAAAAATTAGCTGAGCATGGTGGCCAGCGCCTGTAATCCCAGCTACTCTGGAGGGTGAGGCAGGAGAATTGTTTGAATCCTGAAGGAGGAGGTTGCAGTGAGCCGATATTGCCCACTGCACTGCAGCCTGGGCAACAAGGGTGAAACTCCATCTACAAAAAAAAAAAAGAAAAAGAAAAA","GGCTGGGAGCGGTGGCTCACACCTGTAATCCCAGCACTTTGGGAGGCCGAGGTGGGCAGATCACGAGGTCAGGAGATTGAGACCAGCCTGGCCAACATGCTGAAACTCTGTCTCTACTAAAAATATAAAAATTAGCTGAGCATGGTGGCCGGCGCCTGTAATCCCAGCTACTCTGGAGGGTGAGGCAGGAGAATTGTTTGAATCCTGAAGGAGGAGGTTGCAGTGAGCCGATATTGCCCACTGCACTGCAGCCTGGGCAACAAGGGTGAAACTCCATCTCAAAAAAAAAAAAAAAAAAAGAAAAAGAAAA"
"chr4","151768707","151769008","chr4","150780903","150781206","4","987804","GGCCGGTGCGGTGGCTCACGCCTGTAATCCCAGCACTTTGGGGGGCCGAGGCGAGTGGATCACGAGGTCAGGAGTTCAAGACCAGCCTGGCCAACATGGTGAAACCTCGTCTCTACTAAAAATACAAAAATTAGCCAGGCGTGGTGGCGAGAGCCTGTAATCCCAGCTACTCAGAAGTAGAGTACTCCTGAGGCAGTAGAATCACTTGAAACTGGAAGGCAGAGGTTGCAGGGAGCCCAGATCATGCCACTGCACTCCAACCTGGACAAAAGGGCAAAACTCTGTCTCAAAAAAAAAAAAAA","GGCCGGTGCGGTGGCTCACGCCTGTAATCCCAGCACTTTGGGGGGCCGAGGCGAGTGGATCACGAGGTCAGGAGTTCAAGACCAGCCTGGCCAACATGGTGAAACCCCGTCTCTACTAAAAATACAAAAATTAGCCAGGCGTGGTGGCAAGAGCCTGTAATCCCAGCTACTCAGAAGTAGAGTACTCCTGAGGCAGTAGAATCACTTGAAACTGGAAGGCAGAGGTTGCAGGGAGCCCAGATCATGCCACTGCACTCCAACCTGGACAAAAGGGCAAAACTCTGTCTCAAAAAAAAAAAAAAAA"
"chr4","155394115","155394394","chr4","154426292","154426598","29","967823","GGCCAGGCATGGTGGCTCATGCCTGTAATCCCAGCGCTTTGGGAGGCCGAGGCAGGCGGATCACAAGGTCAGGAGTTTAAGACCAGCCTGGTCAACATGGTGAAACCCCATCTCTACTAAAAATACAACAATTAGCTGGGCATGATGGTGGGCGCCTGCAATCCCAGCTACTCGGGAGGCTGAGGCAGGAGAATCACTTGAAACTGGAAGGCGGAGGTTGCAGTGAGCCGAGATTGCACCACTGCACTCTAGCCTGGACCAAAGAGTGAAACTCCGTCTC","GGCCAGGCATGGTGGCTCATGCCTCTAATCCCAGCGCTTTGGGAGGCCGAGGCAGGCGGATCACAAGGTCAGGAGTTTAAGACCAGCCTGGTCAACATGGTGAAACCCCATCTCTACTAAAAATACAACAATTAGCTGGGCATGATGGTGGGCGCCTGCAATCCCAGCTACTCGGGAGGCTGAGGCAGGAGAATCACTTGAAACTAGAAGGCGGAGGTTGCAGTGAGCCGAGATTGCACCACTGCACTCTAGCCTGGACCAAAGAGTGAAACTCCGTCTCAAACAAAACAAAACAAAACAAAAAGAA"
"chr4","157165086","157165375","chr4","156217552","156217835","7","947534","GGCCGGGCTCGGTGGCTCAGGCCTGTAATCCCAGCACGTTGGGAAGCCGAGGCGGGTGGATCACGAGGTCAGCAGTTCGAGACCAGCCTGACCAACATGGTGAAACCCCGTCTCTACTAAAAATACAAAAAAAAATTAGCTGGGCATTGTGGCAGACGCCTGTAATTCCAGTGACTTGGGAGGCTGAGGCAGGAGAATCGCTTGAAACCGGAAGGCGGAGGTTGCTGTGAGCCGAGATTGCACCACTGCACCCTAGCCTGGGCAATAAGAGCAAATGTCTGTCTCAAAAA","GGCCGGGCTCGGTGGCTCAGGCCTGTAATCCCAGCACGTTGGGAAGCCGAGGCGGGTGGATCACGAGGTCAGCAGTTCGAGACCAGCCTGACCAACATGGTGAAACCCCGTCTCTACTAAAAATACAAAAAAAAATTAGCTGGGCATTGTGGCAGACGCCTGTAATTCCAGTGACTTGGGAGGCTGAGGCAGGAGAATCGCTTGAAACCGGAAGGCGGAGGTTGCAGTGAGCCGAGATTGCACCACTGCACCCTAGCCTGGGCAATAAGAGCAAATGTCTGTCT"
"chr4","160361557","160361855","chr4","159284083","159284379","7","1077474","CCAGGCACGGTGGCTCACGCCTGTAATCCCAGCACTTTGGAATGCCAAGGTGGGCAGATCACGAGGTCAGAAGTTCAAGACCTGCCTGGCCAACATAGTGAAACCCCATCTCTACTAAAAATAAAAAATTAGCCAGGCATGGTGGTAGGTGCCTGTAATCCCAGCTACTCGGGAGGCTGAGGCAGAAGAATCTCTTGAGGCAGGGGTTGCAGTGAGCCGAGATTGCACCACTGCCCTCCAGCCTGGGTAACAAGAGTGAAAACTCCATCTCAAACAAACAAACAACAAACAAACAAGAA","CCAGGCACGGTGGCTCACGCCTGTAATCCCAGCACTTTGGAATGCCAAGGTGGGCAGATCACGAGGTCAGAAGTTCAAGACCAGCCTGGCCAACATAGTGAAACCCCATCTCTACTAAAAATAAAAAAATTAGCCAGGCATGGTGGTAGGTGCCTGTAATCCCAGCTACTCAGGAGGCTGAGGCAGGAGAATCTCTTGAGGCAGGGGTTGCAGTGAGCCGAGATTGCACCACTGCCCTCCAGCCTGGGTAACAAGAGTGAAAACTCCATCTCAAACAAACAAACAACAAACAAACAA"
"chr4","160879071","160879240","chr4","159805526","159805700","5","1073545","AAATTAGCCCAGTGTGGTGGCAGGTGCCTGTAATCCCAGCTATTCGGGAGGCTGAGGCAGGAGAATCGCTCAAAATGGGAAGGCAGAGGTTGCAGTGAGCCAAGATCATGCCACTGCACTCCAGCCTGGGCAATAAGAGAGAAACTCTGCCTCAAAAAAAAAAAAAAAAA","AAATTAGCCCAGTGTGGTGGCAGGTGCCTGTAATCCCAGCTATTCGGGAGGCTGAGGCAGGAGAATCGCTCAAAATGGGAAGGCAGAGGTTGCAGTGAGCCAAGATCATGCCACTGCACTCCAGCCTGGGCAATAAGAGAGAAACTCTGCCTCAAAAAAAAAAAAAAAAAAAAAA"
"chr4","165184604","165184907","chr4","164200419","164200723","1","984185","GGCCGGGCACGGTGGCTCACGCCTGTAATCCAAGCACTTTGGGAGGCCGAGGTGGGCAGATCACGAGGTCAGGAGTTTGAGACCAGACTGGCCAACATGGTGAAACCCCGTATCTACTAAAAATACAAAAATTAGCCAGCATGGTGGCGGGCACCTGTAATCCCAGCCACTCGGGAGACAGGCAGGAGAATCGCTTGAAACTGGAAGGTGGAGGTTGCAGTGAACCAAGATCCCACCATTGCACTCCAGCGGGGCAACAAGAGTGAAACTCTGTCTCAAAAATAAAATAAAATAAAAAAATAAA","GGCCGGGCACGGTGGCTCACGCCTGTAATCCAAGCACTTTGGGAGGCCGAGGTGGGCAGATCACGAGGTCAGGAGTTTGAGACCAGACTGGCCAACATGGTGAAACCCCGTATCTACTAAAAATACAAAAATTAGCCAGCATGGTGGCGGGCACCTGTAATCCCAGCCACTCGGGAGACAGGCAGGAGAATCGCTTGAAACTGGAAGGTGGAGGTTGCAGTGAACCAAGATCCCCACCATTGCACTCCAGCGGGGCAACAAGAGTGAAACTCTGTCTCAAAAATAAAATAAAATAAAAAAATAAA"
"chr4","168061257","168061443","chr17","7159736","7159920","24","160901521","GGCCGGGCACAGTGGCTCACTCCTGTAATCCCAGCACTTTGGGAGGCCGAGGCTGGCGGATCACGAGGTCAAGAGTTCGAGACCAGCCTGGCTAACATGGAGAAACGTTGTCTTTACTAAAAATACAAAATTAGCCTGGCGTGGTGGCGGGCGCCTGTAATCCCAGCTACTCCGAAGGCTGAGGCAG","GGCCGGGTGCAGTGGCTCACGCCTGTAATCCCAGCACTTTGGGAGGCCGAGGTGGGCGGATCATGAAGTCAGGAGTTCGAGACCAGCCTGGCCAAAATGGTGAAACCCTGTCTGTACTAAACATACAAAAATTAGCCGGGCATGGTGGCGGGTGCCTGTAATCCCAGCTACTCAGGAGGCTGAAG"
"chr4","170141285","170141445","chr4","168927740","168927900","2","1213545","GAGCATGGTGGCAGGTGCCGGTAATTCCAGCTACTTGGGAGGCTGAGGCAGGAGAATCTGTTGAAACCAGAAGGCGGAGGTTGCGGTGAGCCGAGATTGCGTCACTGCACTCCAGGGTGAAAGAGTGAAACTCCGTTTCAAAAAAATAAAATAAAATAAAA","GAGCATGGTGGCAGGTGCCGGTAATTCCAGCTACTTGGGAGGCTGAGGCAGGAGAATCTGTTGAAACCAGAAGGCGGCGGTTGCGGTGAGCCGAGATTGCGTCACTGCACTCCAGGGTGAAAGAGTGAAACTCCATTTCAAAAAAATAAAATAAAATAAAA"
"chr4","171494808","171495103","chr4","170350489","170350789","12","1144319","GGCTGGGTGCCATGGCTCCTGCCTGTAATCCCAGCACTTTGGGAGGCCGAGGCGGGTGGATCATGAGGTCAGGAGTTCAAGACCAGTCCTGGCCAACATGGTGAAACCCTGGCTCTACAAAAAATACAAAAAATAGCCAGGCATGGTGCTAGGCACCTATAATCCCAGGTACTCAGGAAACTGAGGCAGGAAATTCTCTTGCAACTGGAAGGCGGAGGTTGCTGTGAGCCGAGATCACATCATTGTACTCCAGCCTGGGCAACAAGAGTGAAAGAAACTCTGTTTCAAAAAAAAAA","GGCTGGGCGCCATGGCTCCTGCCTGTAATCCCAGCACTGTGGGAGGCCGAGGCGGGTGGATCATGAGGTCAGGAGTTCAAGACCAGTCCTGGCCAACATGGTGAAACCCCGGCTCTACAAAAAATACAAAAAGTAGCCAGGCATGGTGCTAGGCGCCTATAATCCCAGGTACTCAGGAGACTGAGGCAGGAAATTCTCTTGCAACTGGAAAGCGGAGGTTGCTGTGAGCCGAGATCACATCATTGTACTCCAGCCTGGGCAACAAGAGTGAAAGAAACTCTGTTTCAAAAAAAAAAAAAAA"
"chr4","174647827","174648124","chr4","173553950","173554248","4","1093877","GGCTGGGCGTGGTGGCTCACGCCTGTAATCCCAGCACTTTGGGAGGCCAAGGCGGGTGGATCACGAGGTCAGGAGTTCGAGACCAGCCTGGCCAACATAGTGAAACCCCGTCTCTACTAAAAACTGGGCATGGTGGCGGGTGCCTGTAATCCCAGCTACTCAGGAGGCTGAGGCAGGAGAATCACTTGAAACTGGAAGGTGGCAGTTGCAGTGAGCTGAGATCGTGCCACTGCACTCTAGCCTAGGCAACAAGAGCAAAACTCTGTACAAAAAAAAAAAGAAAAAAGAAAAAAAAGAA","GGCTGGGCGTGGTGGCTCACGCCTGTAATCCCAGCACTTTGGGAGGCCAAGGCGGGTGGATCACGAGGTCAGGAGTTCGAGACCAGCCTGGCCAACATAGTGAAACCCCGTCTCTACTAAAAACTGGGCATGGTGGCGGGTGCCTGTAATCCCAGCTACTCAGGAGGCTGAGGCAGGAGAATCACTTGAAACTGGAAGGTGGCAGTTGCAGTGAGCTGAGATCGTGCCACTGCACTCTAGCCTAGGCAACAAGAGCAAAACTCTGTCAAAAAAAAAAGAAAAAAAAGAAAAAAAAGAAA"
"chr4","181638492","181638790","chr4","180448919","180449219","6","1189573","GGCCGGGCACGGTGGCTCACGCCTGTAATCCCAGCACTTTGGGAAGCTGAAGCGAGCAGATCACGAGGTCAGGAGTTTGAGACCAGCCTGGCCAACATGGTGAAACCCCGTCTCTACTAAAAATACAAAAATTAGCTGGGTGTGGTGGCAGGCACCTGTAATCCCAGCTACTCTGGAGGCTGATGCAGGAGAATTGCTTGAAACCAGAATTCAGAGGTTGCAGTGAGCTGAGATGGCACCTCTGCACTCCAGCCTGGGCAACAAGAGCAAAACTCTGTCTCGAAAAAATAAAATAAAAA","GGCCGGGCACGGTGGCTCACGCCTGTAATCCCAGCACTTTGGGAAGCTGAAGCGAGCAGATCACGAGGTCAGGAGTTTGAGACCAGCCTGGCCAACATGGTAAAACCCCGTCTCTACTAAAAATACAAAAATTAGCTGGGCGTGGTGGCAGGCACCTGTAATCCCAGCTACTCTGGAGGCTGATGCAGGAGAATTGCTTGAAACCAGAATTCAGAGGTTGCAGCGAGCTGAGATGGCACCTCTGCACTCCAGCCTGGGCAACAAGAGCAAAACTCTGTCTCAAAAAAATAAAAATAAAAAA"
"chr4","187399902","187400196","chr4","186315741","186316043","20","1084161","GGCCAGGCACAGTGGCTCATACCTGTAATCCAGCATTTTGGATGGCTGAGGTGGGCAGATCACGAGGTCAGGAGTTCGAGACCAGCATGGCCAACATGGTGAAACATCATCTCTACTAAAAATAAAAAAATTAGCTGGGCGTGGTGGCGGGTACCTGTAATTCCAGCTACTCAGGAGGCGGAGGCAGGAGAACTGCTTGAAACCGGAAGGCAGAGGTTGCAGTGAGCCGAGATTGTGCCACTGCACTCCAGCCTGGGCAAAAAGNGTGAAACTCTGCCTACAAAAAAAAAAAAAA","GGCCAGGCACAGTGGCTCATACCTGTAATCCAGCATTTTGGGTGGCTGAGGTGGGCAGATCACGAGGTCAGGAGTTCGAGACCAGCATGACCAACATGGTGAAATATCATCTCTACTAAAAATAAAAAAATTAGCTGGGTGTGGTGGCGGGTACCTGTAATCCCAGCTACTCAGGAGGCTGAGGCAGGAGAACTGCTTGAAACCGGAAGGCAGAGGTTGCAGTGAGCCGAGATCGCGCCACTGCACTCCAGCCTGGGCAAAAAGAGTGAAACTCCACCTCAAAAAAAAAAAAAAAAAAAAGAA"
"chr4","189032696","189033000","chr4","187973776","187974070","12","1058920","GGCCGGGCACGGTAGCTCACGCCTGTAATCCCAGCACTTTGGGAGGCCAAGGCGGGCAGATCACGAGGTTAGGAGTTCGAGACCAGCCTGGCCAACATGGTGAAACCCCGTCTCTACTAAAAATACAAAAATTAGCCTGGCATGGTGGCGTGCGCCTGTAATCCCAACTACTCAGGAGGCTGAGGCAGGAGAATCGCTTGAAACCTAAAGGCGGAGGTTGCAGTGAGCCGAGACCGCGCCACTGCACTCCAGCCTGAGCAACGAGCGAAATTCCATCTCAAAACAAAAAAAAAACAAAAAAAAAA","GGCCGGGCACGGTAGCTCACGCCTGTAATCCCAGCACTTTGGGAGGCCAAGGCGGGCAGATCACGAGGTTAGGAGTTCGAGACCAGCCTGGCCAACATGGTGAAACCCCGTCTCTACTAAAAATACAAAAATTAGCCTGGCATGGTGGCAGGCGCCTGTAATCCCAACTACTCAGGAGGCTGAGGCAGGAGAATCGCTTGAAACCTAAAGGCGGAGGTTGCAGTGAGCCGAGACCGCGCCACTGCACTCCAGCCTGAGCAACGAGCGAAATTCCATCTCAAAACAAAAAAAAAAA"
"chr4","190333901","190334193","chr14","48956321","48956614","45","141377580","GGCTGGGTGCAGTGGCTCACACCTGTAATCCCAGCACTTTGGGAGGCTGAGGCAGGCGGATCACGAGGTCAGGAGTTCGAGACAAGACTGATCAACATGGCAAAACCCCAACTCTACTAAAAGTACAAAAATTAGCAGGATGTGGAGGCAGGTGCCTGTAATCCCAGCTACTCAGGAGGCTGAGGCAGGAGAATTGCTTGAACCAGATAAGTGGCAGTGAGCAGAGACCTTGCCATTGCATTCCAGCCTGGCCAACAAGAGTAAAACTCCATCTCAAAAACAAACAGAAAAAA","GGCTGGGTGCAGTGGCTCACACCTGTAATCCCAGCACTTTGGGAGGCTGAGATGGGCAGATCACGAGGTCAGGAGTTTGAGACCAGCATGGCCAACATGGTGAAACCCCGTCTCTACTAAAAATACAAAAATTAGCTGGGCGTGGTGGCAGATGCCTGTAATCCCAGCTACTTGGGAGGCTGAGGCAGGAGAATCGCTTGAAACCAGAAGGTGGAGGTTGCAGTGAGCCGAGATCGTGCCACTGCACTCCAGCCTGGGCAACAAGAGCAAAACTCTGTCTCAAAAAAAAAAAAA"
"chr4","192056171","192056393","chr6","99816809","99817031","33","92239362","GGCCAGTCACAGTGGCTCACACCTGTAATCCCAGCACTTTGGGAGGCCAAGGTGGGCAGATCACGAGGTCAGGAGTTTGAGACCATACTGGCCAACATGGTGAAACCCCGTCTCTACTAAAAATACAAAAAATTAGCCAGGCATGGTGGCAGGTATCTGTAGTCTCAGCTACTCAGGAGGTTGAGGCAGGAGAATTGTTTGAAACCAGAAGCTGGAGGTTGCA","GGCCTGGCATGGTGGCTCACGCCTGTAATCCCAGCACTTTGGGAGGCTGAGGGGGGCGGATAACAAGGTCAAGCGTTTGAGACCAGCCTGGCCAACATGGTGAAACCCCGTCTCTACTAAAAATACAAAAATTAGCCAGGCGTGGTGGCGGGCACCTGTAATTCCAGCTATTCGGGAGGCTGAGGCGGGAGAATCACTTGAAACCAGAAGGCGGAGGTTGCAG"
"chr4","192928261","192928572","chr4","191945561","191945870","2","982700","GGCCAGGCACGGTGGCTCGCATCTGCAATCTCAGCACTTTGGGAGGCTGAGGTGGGTAGATCACGAGGTCAGGAGTTTGAAACCAGCCTGGCCAACATGGTGAAACCCCGTCTCTACTAAAAATACAAAAGTTAGCCGGGCGTGGTGGCGGGCGCCTGTAATCCCAGCTACTCGGGAGGCTGAGGCAGGAGAACAGCTTGAAACCAGAAGGCAGAGGTTGCAGTGAGCCGAGATTGTGCCACTGCACTCCAGCCTGGGCAAAAGAGCGAAACTCTGTCACAAAAAATAAATAAGTAAATAAACAAATAAAAA","GGCCAGGCACGGTGGCTCGCATCTGCAATCTCAGCACTTTGGGAGGCTGAGGTGGGTAGATCACGAGGTCAGGAGTTTGAAACCAGCCTGGCCAACATGGTGAAACCCCGTCTCTACTAAAAATACAAAAGTTAGCCGGGCGTGGTGGCGGGCGCCTGTAATCCCAGCTACTCGGGAGGCTGAGGCAGGAGAACAGCTTGAAACCAGAAGGCAGAGGTTGCAGTGAGCCGAGATTGTGCCACTGCACTCCAGCCTGGGCAAAAGAGCGAAACTCTGTCACAAAAAATAAATAAGTAAATAAACAAATAAA"
"chr5","10909092","10909384","chr5","10861680","10861973","1","47412","GGCCGGGCGCAGTGGCTCATGCCTGTAATCCCAGCACTTTGGCAGGCTAAGACGGGCCAATCACAAGGTCAGGAGTTCAAGACCAGCCTAGCCAACATGGTGAAACCCCGTCTCTACTAAAAAAATTAGCCAGACATGGTGGCAGGTGCCTGTAATCCCAGCTACTCGGGAGGCTGAGGCAGGAGAATCACTTGAAACCGGAAGACAGAGGTTGCAGTGAGCTGAGATCATACCACTGCACTCCAGCATGGGCAACAAGAGTGAAACTCCATCTCAAAAACAAAACAAAAAAA","GGCCGGGCGCAGTGGCTCATGCCTGTAATCCCAGCACTTTGGCAGGCTAAGACGGGCCAATCACAAGGTCAGGAGTTCAAGACCAGCCTAGCCAACATGGTGAAACCCCGTCTCTACTAAAAAAATTAGCCAGACATGGTGGCAGGTGCCTGTAATCCCAGCTACTCGGGAGGCTGAGGCAGGAGAATCACTTGAAACCGGAAGACAGAGGTTGCAGTGAGCTGAGATCATACCACTGCACTCCAGCATGGGCAACAAGAGTGAAACTCCATCTCAAAAACAAAAACAAAAAAA"
"chr5","11166007","11166290","chr5","11118724","11119017","10","47283","GGCTGAGCGCAGTGGCTCACGCCTGTAATCCCAGCACTTTGGGAGGCCAAGGCGGGCAGATCATGAGGTCAGGAGTTTGAGACCAGCCTGACCAACAGGGTGAAACCCCGTCTCTACTAAATTAGCTGGGCGTCGTGGTGGGTGCCTGTAATCCCAGCTATTCAGGAGGCTGAGGCAGGAGAATCGCTTGAAACCGTAAGGCAGAGGTTGCAGTGAGCCGAGATTGTGCCACTGCACTCCAGCCTGGGTGAAAGAATGAAACTCTGTCTCAAAAAAGAAAAAAA","GGCTGAGCGCAGTGGCTCACGCCTGTAATCCCAGCACTTTGGGAGGCCAAGGCGGGCAGATCATGAGGTCAGGAGTTTGAGACCAGCCTGACCAACAGGGTGAAACCCCGTCTCTACTAAAAACACAAAAATTAGCTGGGCGTCGTGGTGGGTGCCTGTAATCCCAGCTATTCAGGAGGCTGAGGCAGGAGAATCGCTTGAAACCGTAAGGCAGAGGTTGCAGTGAGCCGAGATTGTGCCACTGCACTCCAGCCTGGGTGAAAGAATGAAACTCTGTCTCAAAAAAGAAAAAAA"
"chr5","12739080","12739339","chr19","53493615","53493871","45","40754535","GAGAGGCTGAGGAGGCCGGATCACGAGGTCAGGAGTTAGAGACCAGCCTGGCCAATATAGTGAAACCCTGTCTCTACTAAAAATACAAAAATGAGACAGGTGTGGTGGTGGGCACCTGTAATCCCAGCTACTCAGGAGGCTGAGGCAGGCGAATCACTTGAAACTGGAAGGTTAAGTTTGCAATGAACTGAGACTGTGCCACTGCATTCCAGTCTGGGCAACTGAGCAAGACTCCATCTCAAAATAATAATAATAAAAAA","TGGGAGGCCGAGAGGGGCGGATCACGAGGTCAGGAGTTCGAGACCAGCCTGGCCAACATGGTAAAACCCCATCTCTACTGAAAATACAAAAATCAGCCGGGCGTGGTGGTGGGCACCTGTAATCCCGTCTACTAGGGAGGCTGAGGCAGGAGAATCACTTGAAACTAGAAGGCAGAGGTTGCAGTGAGCCAAGATCGCACACTGCACTCCAGCCTGGGCAAAAGAGCGAGACTCCGTCTCAAAAAAAAAAAAAAAAA"
"chr5","13291520","13291823","chr5","13282747","13283051","3","8773","GGCCAGGCATGGTGGCTCACACCTGTAATCCCACCACTTTGGGAGGCCGAGGTGGGTGGATCATGAGGTCAGGAGTTCGAGACCAGCCTGGCCAAAATGGTGAAAACCCATCTCTACTAAAAATGTAAAAATTAGTCTGGAGTGGTGGTGGGTGCCTGCAGTCCCAGCTACTCAGGAGGCTGAGGCAGGAGAATCGCTTGAAACCGGAAGGCAGAGGTTGCAGTGAGCCGAGATTGTGCCACTGCACTCCAGCCTGGGCAACAAGAGCAAAACTCTGTCTCAAAAAAAAAAAACAACAACAAAA","GGCCAGGCATGGTGGCTCACACCTGTAATCCCACCACTTTGGGAGGCCGAGGTGGGTGGATCATGAGGTCAGGAGTTCGAGACCAGCCTGGCCAAAATGGTGAAAACCCATCTCTACTAAAAATGTAAAAATTAGTCTGGAGTGGTGGTGGGTGCCTGCAGTCCCAGCTACTCAGGAGGCTGAGGCAGGAGAATCGCTTGAAACCGGAAGGCAGAGGTTGCAGTGAGCCGAGATTGTGCCACTGCACTCCAGCCTGGGCAACAAGAGCAAAACTCTGTCTCAAAAAAAAAAAAACAAAAAAAAAA"
"chr5","14179111","14179294","chrUn_GL394872","7516","7697","30","14171595","GGCCAGGCGTGGTGGCTCACACTTGTAATCCCAGCACTTTGGGAGGCCAAGGTGGGTGGATCACGAGGTAAGGAGTTCAAGACCAGCCTGATCAATGTGGTGAAACCCCGTCTTTACTAAAAATACAAAAATTAGCTGGGCGTGGTTGTGGACACCTGCAATCTCAGCTACTTGGGAGGCTGAG","GGCCAGGCACGGTGGCTCACGGCTGTAATCCCAGCACTTTAGGAGGCTGAGGTGGGTGCATCACGAGGTCAAGAGATCGAGACCATCCTGGGCAACATGGTGAAACCCCATCTCTACTAAAAATACAAAAATTAGCCGGGCGTGCTGGTGTACACCTGTAGTCCCAGCTACTCGGGAGGCTG"
"chr5","14199751","14200052","chr5","14209041","14209339","10","9290","GGCCAGGTGTGGCTTACGCCTGTAATCCCAGCACTTTGGGAGGCTGAGGTGGGCAGATCACGAGGTCAGGAGTTTGAGACCAGCCTGGCCAACATGGTGAAACCTTGTCTCTACTAAAAATACAAAAAAATTAGCTGGGCATGGTGGTGGGTGCCTGTAATCCCAGTTACTCAGGAGGCTGAGGCAGGAGAATCACTTGAAACCGGAAGGCGGAGGTTGTAGTGAGCCGTGATCATGCCACAGCACTCCAGCCTCAGCAACAAGAGCGAAACTCCGTCTCAAAAAAAAAAAAAGAGGGAAAA","GGCCAGGTGTGGCTTACGCCTGTAATCCCAGCACTTTGGGAGGCTGAGGTGGGCAGATCACGAGGTCAGGAGTTTGAGACCAGCCTGGCCAACATGGTGAAACCCCGTCTCTACTAAAAATACAAAAAAAATTAGCCGGGCATGGTGGTGGGTGCCTGTAATCCCAGTTACTCAGGAGGCTGAGGCAGGAGAATCACTTGAAACCGGAAGGCGGAGGTTGTAGTGAGCCGTGATCATGCCACAGCACTCCAGCCTCAGCAACAAGAGCGAAACTACGTCTCAAAAAAAAGAAGGGAAAA"
"chr5","14436180","14436448","chr5","14450168","14450471","35","13988","GGCCGGGCGCGGTGGCTCATGCCTGTAATCCCAGCACTTTGGAAGGCCGAGGCGGGCGGATCACAAGGTCAGGAGTTCGAGACAACCTGGCCAACATGGTGAAACTCCATCTCTACTAAAAATACAAAAATTAGCTGAGCGTGGTGTAAGTCACCTGTAATCCCAGCTACTCGGGAGGCTGAGGCAGGAGAATCACTTGAAATCGGAAGGTGTAGGTTGCAGTGAGCTGAGGTTGCACCACTGCACTGCAGCATGGGCAACAAGAGCAA","GGCCGGGCGCGGTGGCTCATGCCTGTAATCCCAGCACTTTGGAAGGCCGAGGCGGGCGGATCACAAGGTCAGGAGTTCGAGACAACCTGGCCAACATGGTGAAACTCCATCTCTACTAAAAATACAAAAATTAGCTGAGCGTGGTGTAAGTCACCTGTAATCCCAGCTACTCGGGAGGCTGAGGCAGGAGAATCACTTGAAATCGGAAGGTGTAGGTTGCAGTGAGCTGAGGTTGCACCACTGCACTGCAGCATGGGCAACAAGAGCAAAACCCTGTCTCAAAAAAAAAAAAAAAAAAAAAAAA"
"chr5","18483650","18483958","chr1","12373339","12373643","35","6110311","GCCAGGTGCAGTGGCTCACACCTGTAATCCCAGCACTTTGGGAGGCTGAGGTGGGTGAATCACGAGGTCAGGAGTTTGAGACCAGCCTGGCCAACATGGCAAAACCTTGTTTCTACTAAAAATACAAAGATTAGCCAGGTGTGGTGGTGGGTGCCTGTAATCCCAACTACTCGGGTGGCTGAGGCAGGAGAATCGCTTGAACCCAGAAGACGGAGGTTGCAGTGAGCCAAGATCACACCATTGCACTCCAGCCTGGGCAACAAGAGCAAAACTCCATCTCAAAAATTAAAAATAAATAAAAATAAAAAA","GGCCAGGCGCGGTGGCTCATGCCTGTAATCCCAGTACTTTGGGAAGCTAAGGCAGGCGGATCACGAGGTCAGGAGTTTGAGACCAGCCTGGCCAACATGGTGAAACCTGTCTCTACTAAAAATACAAAAATTAGCTGGGTGTGGTGGCGGGTGCCTGTAATCCCACTACTCGGGAGGCTGAGGCAGGAGAATCGCTTGAAACCAGAAGGCGGAGGTTGCAGTGAGCCGAGGTCACACCACTGCACTCCAGCCTGGGCAACAAGAGTGAAACTCCATCGCAAAAAATAAAAATTAAAAAAAAAAAA"
"chr5","19203242","19203546","chr5","19039208","19039511","3","164034","GGCCAGGCGCGGTGACTCATGCCTGTAATCCCAGCACTTTGGGAGGCTGAGGCAGGCAGATCACAAGGTCAGGAGTTCAAGACCAGCCTGACAAACATGGTAAAGCCCATCTCTACTAAAAATACAAAAATTAGCCAGGGCATGGTGGTGGGTGCCTGTAATCCCAGCTACTCGGGAGGCTGAGACAGGAGAATCACTTGAAACGGAAGGCGGAGGTTGCAGTGAGCTCAGATCGTGCCACTGCACTCCAGTCTGGGCAAAAAGAGTGAAACTCTGTCTCAAAACAAACAAACAAACAAACAAAA","GGCCAGGCGCGGTGACTCATGCCTGTAATCCCAGCACTTTGGGAGGCTGAGGCAGGCAGATCACAAGGTCAGGAGTTCAAGACCAGCCTGACAAACATGGTAAAGCCCATCTCTACTAAAAATACAAAAATTAGCCAGGGCGTGGTGGTGGGTGCCTGTAATCCCAGCTACTCGGGAGGCTGAGACAGGAGAATCACTTGAAACGGAAGGCGGAGGTTGCAGTGAGCTGAGATCGTGCCACTGCACTCCAGTCTGGGCAAAAAGAGTGAAACTCTGTCTCAAAACAAACAAACAAACAAACAAA"
"chr5","19901536","19901837","chr5","19750532","19750829","5","151004","GGCCATGCTTAGTGGCTCATGCCTGTAATCCCAGCACTTTGGGAGGCTGAGGTGGGCAGATCACAAGGTCAGGAGTTTGAGACCAGCCTGGCCAACATGGTGAAACCCCATCTCTACTAAAAACACAAAAATTAGCTGGACATGGTGGCAGGCACCTGTAATCCCAGCTACTCAGGAGGCTGAGGCAGGAGAATCACTTGAAACTGTTAGGGAGAGGTTGCAGTGAGCCGAAATCGCACCACTGCACTCCAGCCTGGGTGAAAAAGCGAAACTCCATCAACAAAAAAAAAAAAAAAAAAAAA","GGCCATGCTTAGTGGCTCATGCCTGTAATCCCAGCACTTTGGGAGGCTGAGGTGGGCAGATCACAAGGTCAGGAGTTTGAGACCAGCCTGGCCAACATGGTGAAACCCCATCTCTACTAAAAACACAAAAATTAGCTGGACATGGTGGCAGGCGCCTGTAATCCCAGCTACTCAGGAGGCTGAGGCAGGAGAATCACTTGAAACTGTTAGGGAGAGGTTGCAGTGAGCCGAAATCGCACCACTGCACTCCAGCCTGGGTGAAAAAGCGAAACTCCATCACAAAAAAAAAAAAAAAAAA"
"chr5","27330815","27331120","chr5","27269446","27269752","3","61369","GGCTGGGTGTGGTGACTCATGTCTGTAATCCCAGCACTTTGGGAGGCCGAGGTGGGTGGATCATGAGGTCAGCAGTTCAAGACCAGCCTGACCAACATGGTGAAACCTCGTCTCTACTAAAAATATAAAAAAATTAGCTGGGCGTGGTGGCGGGCGCCTGTAATCCTAGCAACTTGGGAGGCTGAGGCAGGAGAATTGCTTGAAACTGGAAGGCGGAGGTTGCAGTGAGCCGAGATTATGCCACTGCACTCTAGCCTGGGCAATAAGAGCAAAACTCTGGCTAAAAAAAGAAAAAGAAAAAAGAAA","GGCTGGGTGTGGTGACTCATGCCTGTAATCCCAGCACTTTGGGAGGCCGAGGTGGGTGGATCATGAGGTCAGCAGTTCAAGACCAGCCTGACCAACATGGTGAAACCTCGTCTCTACTAAAAATATAAAAAAATTAGCTGGGCGTGGTGGCGGGCGCCTGTAATCCTAGCAACTTGGGAGGCTGAGGCAGGAGAATTGCTTGAAACTGGAAGGCGGAGGTTGCAGTGAGCCGAGATTATGCCACTGCACTCTAGCCTGGGCAATAAGAGCAAAACTCTGGCTAAAAAAAAAAAAAAGAAAAAAGAAA"
"chr5","32398763","32399059","chr5","32208577","32208868","5","190186","GGCCAGGTGCGGTGGCTCACGCCTGTAATCCCAGAACTTTGGGAGGCTGAGGCGGATGGATCACGAGCTCAGGAGTTCGAGACCAGTCTGACCAACATGGTGAAACCCTGTCTCTACTAAAAGTACAAAAATTAGCCAGGCATGGTGGCAGGTGCCTGTAATCTCAGCTACTCGGGAGGCTGAGGCAGGCGAATCGCTTGAAACCAGAAGGCAGAGGTTGTAGTGAGTGGAGATCGTGCCACTGCCCTCCAGCCTGGGCAACAAGAGCGAAAGTCTGTCTCAAAAAAAAAAAAAAAA","GGCCAGGTGCGGTGGCTCACGCCTGTAATCCCAGAACTTTGGGAGGCTGAGGCGGATGGATCACGAGCTCAGGAGTTCGAGACCAGTCTGACCAACATGGTGAAACCCTGTCTCTACTAAAAGTACAAAAATTAGCCAGGCATGGTGGCAGGTGCCTGTAATCTCAGCTACTCGGGAGGCTGAGGCAGGCGAATCGCTTGAAACCAGAAGGCAGAGGTTGTAGTGAGTGGAGATCGTGCCACTGCCCTCCAGCCTGGGCAACAAGAGCGAAAGTCTGTCTCAAAAAAAAAAA"
"chr5","36744546","36744837","chr5","36473259","36473551","5","271287","TTGGGAGGCCAAGGTGGGCAGATCATGAGGTCAAGAGTTCGAGACCAGCCTGGCCAACATGGTGAAACCCCGTCTCTATTAAAAATACAAATGGTGAAACCCCGTCTCTATTAAAAATACAAAAATTAGCTGGGCGTGGTGGCGGGCACCTGTAATCCCAGCTACTCGGGAGGCTGAGGCAGCAGAATTGCTTGAAACTAAAAGGCGGAGCTTGCAGTGAGCCAAGATCACGCCTCTGCACTCCAGTCGTGGACAAAGAGCAAAACTCCATCTCAATAAATAAATAATAAAA","TTGGGAGGCCAAGGTGGGCAGATCATGAGGTCAAGAGTTCGAGACCAGCCTGGCCAACATGGTGAAACCCCGTCTCTATTAAAAATACAAATGGTGAAACCCCGTCTCTATTAAAAATACAAAAATTAGCTGGGCGTGGTGGCGGGCACCTGTAATCCCAGCTACTCGGGAGGCTGAGGCAGCAGAATTGCTTGAAACTAAAAGGCGGAGCTTGCAGTGAGCCAAGATCACGCCTCTGCACTCCAGCCTGGGCAAAAGAGCAAAACTCCATCTCAATAAATAAATAAATAAAA"
"chr5","37951237","37951546","chr5","37660679","37660988","2","290558","GGCCAGGCTCAGTGGCTCACATCTGTAATCCCAGCACCTTGGGAGGGCGAGGTGGGCAGATCATGAGGTCAGGAGTTTGAGACCAGCCTGGGCAACGTGGTGAAACCCCGTCTCTACTAAACATACAAAAATTAGCAGGGTGTGGTGGCAGGCGCCTGTAATCCCAGCTACTTGGGAGGCTGAGGCAGGAGAATCACTTGAAACTGGAAGGCAGAGGTTGCAGTGAGCCGAGATTGCACCACTGCACTCTAGCCTGGGCAACAAGAGCAAAACTTCTTCTCAAAAGAAAAAAAAGAAAAGAAAAGAGAAA","GGCCAGGCTCAGTGGCTCACATCTGTAATCCCAGCACCTTGGGAGGGCGAGGTGGGCAGATCATGAGGTCAGGAGTTTGAGACCAGCCTGGGCAACGTGGTGAAACCCCGTCTCTACTAAACATACAAAAATTAGCAGGGTGTGGTGGCAGGCGCCTGTAATCCCAGCTACTTGGGAGGCTGAGGCAGGAGAATCACTTGAAACTGGAAGGCAGAGGTTGCAGTGAGCCGAGATTGCACCACTGCACTCTAGCCTGGGCAACAGGAGCAAAACTTCTTCTCAAAAGAAAAAAAAGAAAAGAAAAGAAAAA"
"chr5","39045440","39045680","chr4","61780136","61780376","47","22734696","GGCCTGGCTTGGTGGCTCGAGCCTGTAATCCCAGCACTTTGGGAGGCTGAGGTGGGTGGATCATGAGGTCAGGAGTTCAAGACCAGCCTGGCCAACATGGTGAAACTAAAAATATAAAAATACAAAAAATACAAAATTAGCCAGGCATGGTGGCAGGTGCCTATAATCCTAGCTACTCGGGAGTCTGAGGCAGGAGAATCACTTGAATCCCCGGAGGTTGCAGTGAGCCGAGATCGTGCCA","GACTGGGTGTGGTGGCTCACACCTGTAATCCCAGTGCTTTGGGAGGCCGACACAGGTGGATGATGAGGTCAGGAGTTCAAGACCAGCCTGGCCAACATGGTAAAACTCCATCACTACTAAAAATACAAAAATTAGCCGGGTGTGATGGCGGGCACCTATAATCCCAGCTACTTGGGAGGCTGAGGCAGGAGAATCACTTGAAACCAGAAGGCAGAGGTTGCAGTGAGCCGAGATCATGCCA"
"chr5","41233709","41234020","chr5","40891631","40891939","7","342078","GGCCAGGTGCGGCGGCTCACGCCTGAAATCCCAGCACTTTGGAAGGCGAAGGAGGGCGGATCACAAGTTCAGGAGTTCGAGACCAGCCTGGCCACCAAAGTGAAACCCCGTCTCTATTAAAAATACAAAAATTAGTCGGGCGTGGTGGCGGGCGCCTGTAATCCCAGCTACTCAGGAGCCTGAGGCAGGAGAATCGCTTGAAACCGGAAGGTGGAAGTTTTAGTGAGCGGAGATCACACCTCTGCACTCCAGCCTGGGCAACAAGAACAAGACTCCATCTACAAAAAAAAAAAAAAAAAAAAAGAAAAGAAA","GGCCAGGTGCGGCGGCTCACGCCTGAAATCCCAGCACTTTGGAAGGCGAAGGAGGGCGGATCACAAGTTCAGGAGTTCGAGACCAGCCTGGCCACCAAAGTGAAACCCCGTCTCTATTAAAAATACAAAAATTAGTCGGGCGTGGTGGCGGGCGCCTGTAATCCCAGCTACTCAGGAGCCTGAGGCAGGAGAATCGCTTGAAACCGGAAGGTGGAAGTTTTAGTGAGCCGAGATCACACCTCTGCAACAGCCTGGGCAACAAGAACAAGACTCCATCTCAAAAAAAAAAAAAAAAAAAAAAAAAAAAAA"
"chr5","42482508","42482794","chr17","45366522","45366820","39","2884014","GGCCGGGCACAGTGGCTCACGCCTGTAATCCCAGCACTTTGGGAGGCTGAGGTGGGCAGATCACGAGGTCAGGAGTTCGAGACCAGCCTGGCCAACACAGTGAAGCCCCATCTGTACTAAAAATACAAAAAATTAGCCGGGCATGGTGGCAGGTGCCTGTAATTCCAGCTACTCGGGAGGCTGAGGCAGGATGGAGGCGGAGGTTGCAGTGAGCCGAGATCACACTATTGTACTCCAGCCTGGGCAACAAGAGTGAAACTCTGTCTCAAAAATAAAAAATAAAAAAA","GGCCAAGCACGGTGACTCACGCCCGTAATCCCAGCACTTTGGGAGGCTGAGGTGGGCAGATCATGAGGTCAGGAGTTCGAGACCAGCCTGGCCAACATGGTGACACCCCGTCTCTACTAAAAATACAAAAATTAGCCGGGCGTGGTGGCAGGCGCCTGTAATCCCAGCTACTCGGGAGGCTGAGGCAGGAGAATCACCTGAAACCAGAAGGCGGAGGTTGCAGTGAGCCAAGATCACCCCACTGCACTCCAGCCTGGGCAACAAGAGTGAAACTCCGTCTCAAAAAAAAAAAAAAAAAA"
"chr5","42551630","42551932","chr5","42238471","42238773","7","313159","GCTGGGCGCGGTGGCTCAGGCCTGTAATCCCAGCACTTTGGGAGGCTGAGGCGGGCGGATCACAAGGTCAGGAGTTTGAGACTAGCCTGGCCAACATGGTGAAATCCCATCTCTACTAAAAATACAAAAATTAGCTGGGCGTGGTGGCAGGTGCCTGTAATACCCAGCTACTCAGGAGGCTGAGGCAGGAGAATCTCTTGAAACCGGAAGGTGGAGGTTGCAGTGAGCCGAGATCATGCCACCGCGCTCCAGCCTGGGCAACAAGAGCGAAACTCCATCTCAAAAAAAAAGAGAAAGAAGAAA","GCTGGGCACGGTGGCTCAGGCCTGTAATCCCAGCACTTTGGGAGGCTGAGGCGGGCGGATCACAAGGTCAGGAGTTTGAGACTAGCCTGGCCAACATGGTGAAATCCCATCTCTACTAAAAATACAAAAATCAGCTGGGCGTGGTGGCAGGTGCCTGTAATCCCAGCTACTCAGGAGGCTGAGGCAGGAGAATCTCTTGAAACCGGAAGGTGGAGGTTGCAGTGAGCCGAGATCATGCCACCGCACTCCAGCCTGGGCAACAAGAGCGAAACTCCATCTCAAAAAAAAAAGAAGAAGAAGAAA"
"chr5","44426886","44427170","chr5","44083978","44084268","29","342908","GGCCAGGCACGGTGGCTCACACCTGTAATCCTAGCACTTTGGGAGGTTGAGGTGGGCGAATCACGAGGTCAGGAGTTCAAGACCAGCCTGGCCAACATGGTGAAACCCCATCTCTACTAAAAATACAAAAATTAGCTGGGCGTGGTTTGGCGCCTGTAATCCCAGCTACTCANNNNNNNNNNNNNNNNNNNNAGAAACCAGAAGGCAATGGTTGTGGTGAGCCAAGATCACACCACTGCACTCCAGCCTGGGCGAAAGAGCGAAGCTCTGTCTCAAAAAACAAAA","GGCCAGGCACGGTGGCTCACACCTGTAATCCTAGCACTTTGGGAGGTTGAGGTGGGCGAATCACGAGGTCAGGAGTTCGAGACCAGCCTGGCCAACATGGTGAAACCCCATCTCTACTAAAAATACAAAAATTAGCTGGGCGTGGTGGTGGGCGCCTGTAATCCCAGCTACTCAGGAGGCTGAGGCAGGAGAATCGCTTGAAACCAGAAGGCAATGGTTGTGGTGAGCCAAGATCACACCACTGCACTCCAGCCTGGGCGAAAGAGCGAAGCTCTGTCTCAAAAAACAAAA"
"chr5","45874380","45874544","chr7","153741375","153741543","26","107866995","GGCCAGGTGTGGTGGCTCACACCTGTAATCCCAGCACTTTGGGAGGCCGAGGCGGTCGGATTACAAGGTCAGGAGTTCAAGACCAGCCTGGCCAACATAGTGAAACCCCATCTTTACTAAAAATACAAAAATTAGCTGGGTGTGGTGGTGGGCGCCTGTAATCCC","GGCCGGGCGCAGTGGCTCACGCCTGTAATCCCAGCACTTTGGGAGGCCGAGGCAGGCAGATGATAAGGTCAGGAGTTCGAGACCAGTCTGGCCAGCATGGTGAAACCGCGTCTCTACTAAAAATACAAAAATTAGCCAGGCGTGGTGTTGGGCACCTGTAATCCCAGCT"
"chr5","46245906","46246199","chr5","45902728","45903025","5","343178","GGCTGGGCACAGTGGCTCACGTCTGTAATCCCAGCACTTTGGAAGGTCGAGGTGGGCAGATCACGAGGTCAAGAGTTCAGGACCAGCCTGGCCAACATAGTGAAACCTCATCTCTACTAAAAATACAAAAATTAGCCAGGTGTGGTGGCAGGTGCCTGTAATCCTAGCTATTTGGGAGGCTGAGGCAGGAGAATCACTTGAAACCAGAAGGTGGATGTTGCGGTGAGCCAAGATCGTGCCACTGCACTCCAACCTGGGTGAAAAAGCGAAACCCTCTGTCTACAAAAAAAAAAA","GGCTGGGCACAGTGGCTCACGTCTGTAATCCCAGCACTTTGGAAGGTCGAGGTGGGCAGATCACGAGGTCAAGAGTTCAGGACCAGCCTGGCCAACATAGTGAAACCTCATCTCTACTAAAAATACAAAAATTAGCCAGGTGTGGTGGCAGGTGCCTGTAATCCTAGCTATTTGGGAGGCTGAGGCAGGAGAATCACTTGAAACCAGAAGGTGGATGTTGCGGTGAGCCAAGATCGTGCCACTGCACTCCAACCTGGGTGAAAAAGCGAAACCCTCTGTCTCAAAAAAAAAAAAAAAA"
"chr5","46413266","46413442","chr2B","155601921","155602093","29","109188655","GGCCGGGCACGGTGGCTCACAGCTGTAATACCAGCGCTTTGGGAGGCTGAGGCGGGCAGATCACAAGGTCAGGAGTTCGACACCAGCCTCGTCAACATAGTGAAACCCTATCTCTACTAAAAATACAAAAAAAATTAGCTGGGCGTGGTGGTGGGCGCCTGTAATCCCAGCTACTCG","GGCCGGGCGCAGTGGCTTACGCCTGTAATCCCAGCACTTTGGGAGGCTGAGGCAGGCGGATCAGAATCTCAGGAGTTTGAGACCAGCCTGGCCAACATGGTGAAACTCTGTATCTACTAAAAATACAAAAATTAGCCAGGCGTGGTGGCAGGCGCCTGTGATCCCAGCTACTC"
"chr5","50016926","50017019","chr5","49645024","49645117","0","371902","AATTGGCCAGGCATTGTGGCAGTTTCCTGTAATCCCAGCTACTCGGGAGGCTGAGGCAGGAGAATCACTTGAAACCAGGAGGTGGAGGTTGCAG","AATTGGCCAGGCATTGTGGCAGTTTCCTGTAATCCCAGCTACTCGGGAGGCTGAGGCAGGAGAATCACTTGAAACCAGGAGGTGGAGGTTGCAG"
"chr5","50406614","50406807","chr22","37181857","37182051","26","13224757","GCCAGGCACAATGGCTCATGCCTGTAATCCCAGCACTTTGGGAGGCCAAGGCGGGTGGATCATGAGGTCAGGAGTTCAAGACCAGCCTGGCCAACATGGTGAGACACCATCTCTACTAAAAAATACAAAAAAATTAGCCGGGCATGGTTGCGGGCGCCTGTAATCCCAGCTACTCAGGAGGCTGAGGCAACAGA","GGCTAGGCACACTGGCTCACGCCTGTAATCCCAACACTTTGGGAGGCTGAGGTGGGCAGATCATGAGGTCAGGAGTTCGAGACCAGCCTGACCAACAAGGTGAAACCCCATCTCTACTAAAAATACAATAATTAGCCGGGCATGGTGGCTGGCACCTGTAGTCCCAGCTACTCAGGAGGCTGAGGCAACAGAATC"
"chr5","59123675","59123972","chr5","58882731","58883030","3","240944","GGCAGGGCGTGGCAGCTCACGCCTGTAATCCCAGCACTTTGGGAGGCCGAGGCAGGCAGATCACGAGGTCAGGAGTTCAAGACCAGCCTGGGCAACATGGTGAAACCCCATCTGTACTAAAAATACAAAAATTAGCCGGGCGTGGTGGCAGGTGCCTGTAATCCCAGCTACTCGGGAGGCTGAGGCAGGAGGATCGCTTGAAACCAGAAGGCAGAGATTGCAGTGAACCGAGAGCACACCACTGCACTCCAGCCTGGGTGAAAGAGTGAAACTCCATCTCAAAAAAAAAAAAAAAAAA","GGCAGGGCGTGGCAGCTCACGCCTGTAATCCCAGCACTTTGGGAGGCCGAGGCAGGCAGATCACGAGGTCAGGAGTTCAAGACCAGCCTGGGCAACATGGTGAAACCCCATCTGTACTAAAAATACAAAAATTAGCCAGGCGTGGTGGCAGGTGCCTGTAATCCCAGCTACTCGGGAGGCTGAGGCAGGAGGATCGCTTGAAACCAGAAGGCAGAGATTGCAGTGAACCGAGAGCACACCACTGCACTCCAGCCTGGGTGAAAGAGTGAAACTCCATCTCAAAAAAAAAAAAAAAAAAAA"
"chr5","64755570","64755874","chr5","64663906","64664209","1","91664","CCGGGTGCGGTGGCTCACGCCTGTAATCCCTGCACTTTGGGAGGCCAAGGCAGGTGGATCACGAGGTCAGGAGTTTGAGACCAGCCTGGCCAACATGACGAAACCCCGTCTCTACTAAAAATACAAAAATTAGCCAGATGTGGTGGCAGGCACCTGTAGCTCCAGCTACTCAGGATGCTGAGGCAGGAGAGTCACTTAAAACCAGAAGGCGGAGGTTGCAGTGAGCCAAAATTGTACCACTGCACTCCAGCCTGTGCAACAAGAATGAAACTCTGTCTCAAAAACAAACAAACAAACAAACAAAA","CCGGGTGCGGTGGCTCACGCCTGTAATCCCTGCACTTTGGGAGGCCAAGGCAGGTGGATCACGAGGTCAGGAGTTTGAGACCAGCCTGGCCAACATGACGAAACCCCGTCTCTACTAAAAATACAAAAATTAGCCAGATGTGGTGGCAGGCACCTGTAGCTCCAGCTACTCAGGATGCTGAGGCAGGAGAGTCACTTAAAACCAGAAGGCGGAGGTTGCAGTGAGCCAAAATTGTACCACTGCACTCCAGCCTGTGCAACAAGAATGAAACTCTGTCTCAAAAACAAACAAACAAACAAACAAA"
"chr5","73913271","73913575","chr5","73581239","73581542","2","332032","GGCCGGGCCCAGTAGCTCACACCTATAATCCCAGCATTTTGGGAGCCCGAGGTGGGCAGATCATGAGGTCAGGAGTTCAAGACCAGCCTGGCCAACATGGTGAAACCCTGTCTCTACTAAAAATACAAAAAAATTATCCAGGCGTAGTGGCGGGTGCCTGTAATCCCAGCTCCTGGGGAGGCTGAGGCAGGAGAATCACTTGAAACCAGAAGGTGGAGGTTGCAGTGAGCTGAGATCGCACCACTGCACTCCAGCCTGGGCAACAAGAGCGGAACTCCACCTCAAAACAAACAACAAAAAAAGAA","GGCCAGGCCCAGTAGCTCACACCTATAATCCCAGCATTTTGGGAGCCCGAGGTGGGCAGATCATGAGGTCAGGAGTTCAAGACCAGCCTGGCCAACATGGTGAAACCCTGTCTCTACTAAAAATACAAAAAATTATCCAGGCGTAGTGGCGGGTGCCTGTAATCCCAGCTCCTGGGGAGGCTGAGGCAGGAGAATCACTTGAAACCAGAAGGTGGAGGTTGCAGTGAGCTGAGATCGCACCACTGCACTCCAGCCTGGGCAACAAGAGCGGAACTCCACCTCAAAACAAACAACAAAAAAAGAA"
"chr5","82197965","82198264","chr5","81662133","81662434","7","535832","GGCCAGGCATGGTGGCTCACGCCTGTAATCCCAGCACTTTGGGAGGCTGAGGTGGGCGGATCATGAGGTCAGGAATTCGAGACTAGCCTGGCCAACATGGTGAAACCCCGTCTCTACTAAAAATACAAAAAGTAGCTGGGCGTGGTCGTGGGCGCCTGTAATCCCAGCTACTCAGGAGGCTGAGGCAGAAGAATCGCTTGAAACCGGAAGGTGGAGGTTGCAGTGAGCCGAGATCGTGCCATTGCACTCCAGCCTGGGCAACAAGAGTGAAACTTCGTCTCAAAAACAGAAGAAAAAAAA","GGCCGGGCATGGTGGCTCACGCCTGTAATCCCAGCACTTTGGGAGGCTGAGGTGGGCGGATCATGAGGTCAGGAATTCGAGACTAGCCTGGCCAACATGGTGAAACCCCGTCTCTACTAAAAATACAAAAAGTAGCTGGGCGTGGTGGTGGGCGCCTGTAATCCCAGCTACTCAGGAGGCTGAGGCAGGAGAATCGCTTGAAACCAGAAGGTGGAGGTTGCAGTGAGCCGAGATCGTGCCATTGCACTCCAGCCTGGGCAACAAGAGTGAAACTTCATCTCAAAAACAGAAGAAAAAAAAAA"
"chr5","83244937","83245228","chr5","82722421","82722712","1","522516","GCCAGATGCGGTGGCTCACACCTGTAATCCCAGCACTTTGGGAGGCCTAGGCAGGAGGATCACAAGGTCAGGAGGTTGAGACCATCCTGGCCAACATGGTGAAACCCTGTCTCTACTAAAAATACAAAAATCAGCCAGGCGTGGTGGCGGGCCCCTGTAGTCCCAGCTACTCAGGAGACTGAGGCAGGAGAATCACTTGAAACTGGAAGGCGGAAGTTGCAGTGACCCCAGATTGTCCACTCCAGCCTGGACAAAAGAGCAAAACTCCACCTCAAAAAAATAAATAAATAAA","GCCAGATGCGGTGGCTCACACCTGTAATCCCAGCACTTTGGGAGGCCTAGGCAGGAGGATCACAAGGTCAGGAGGTTGAGACCATCCTGGCCAACATGGTGAAACCCTGTCTCTACTAAAAATACAAAAATCAGCCAGGCGTGGTGGTGGGCCCCTGTAGTCCCAGCTACTCAGGAGACTGAGGCAGGAGAATCACTTGAAACTGGAAGGCGGAAGTTGCAGTGACCCCAGATTGTCCACTCCAGCCTGGACAAAAGAGCAAAACTCCACCTCAAAAAAATAAATAAATAAA"
"chr5","83841358","83841668","chr2A","39691151","39691451","38","44150207","GGCCGGGCGCAGTTGCTCACGCCTGTAATCCCAAGCACTTTGGGAGGCCAAGGTGGGTGGATCACGAGGTCAGGAGTTCAAGGCCAGCTTGGCCAACATGGTGAAACCCCATCTCTACTAAAAAAATATCAAAAAGTAGCCAGGCGTGGTGGTGGTGGTGGGCGCCTGTCATCCCAGCTACTTGGGAGGCTGAGGCAGAAGAATTGCTTGAACCTGGAAGGCGGAGGTTGTGGTGAGCTGAGATCGTGCCATTGCACTCCAGCCTGGGCAACAAGAGCAAGAATCCGTACTTAAAAAAAAAAAAAAAAAAA","GGCCGGGCGCAGTGGCTCACGCCTGTAATCCCAGCACTTTGGGAGAGCAAGGTGGGCGGATCACGAGGTCAGGAATTCAAGACCAGCCTGGCCAACGTGGTGAAACCCCATCTCTACTAAAAAATACAAAAATTAGCCTGGCGTGGTGGTGGGCACCTGTAATCCCAGCTACTCGGGAGGCTGAGGCAGGAGAATAGCTTGAAACCGGAAGACGGAGGTTGCGGTGAGCTGAGATTGCACCACTGCACTCCAACCTGGGCAACAAGAGCAAAACTCTGTCTCAAAAAAAAAAAAAAAAAAA"
"chr5","83923033","83923199","chr7","153741375","153741543","24","69818342","GGCTGGGCGCGGTGGCTCACACCTGTAATCCCAGCACTTTGGGAGGGTGAGGCGGGAGGATCGCAAGGTCAGGAGTTCGAGACCAGTCTGGCCAACATGATGAAACCCCATCTCTACTAAAAATACAAAAATTAGCTCGGTGTGGTGGCAGGCACCCGTAATCCCAG","GGCCGGGCGCAGTGGCTCACGCCTGTAATCCCAGCACTTTGGGAGGCCGAGGCAGGCAGATGATAAGGTCAGGAGTTCGAGACCAGTCTGGCCAGCATGGTGAAACCGCGTCTCTACTAAAAATACAAAAATTAGCCAGGCGTGGTGTTGGGCACCTGTAATCCCAGCT"
"chr5","83930575","83930861","chr12","129951986","129952280","41","46021411","GGCTGGGCGTGGTGGCTCATGCCTATAACGCCAGCACTTTGGGAGGCCGAGGCATCCGAGTCAGGAGTTTGAGACCAGCCTGGCCAACGTGGTGAAACCCCGTCTCTACTAAAAATACAAAACTAGCCGGGTGTGGTGGCGGGCGCCTGTAATCCCAGCTGCTTGGGAGGCTGAGGCAAGAAAATCACTTGAACCTGGAAGGTGGAGGTTGCAGTGAGCTGAGATTGCACCACAGCATTCCAGCGTGGGCAACAAGAGCGAAACTCCTTCTCCAAACAACAAAAAAA","GGCAAGGCGTGGTGGCTCACGCCTGTAATCCCAGCACTTTGCGAGGCCTAGGTGGGCAGATCACGAGGTCAGGAGTTTGAGACCAGCCTGGCCAATATGGTGAAACCCCGTCTCTACTAAAAATACAAAAATTAGCCGGGTGTGGTAGCAGGTGCCTGTAATCCCAGCTACTCAGGAGGCTGAGGCAGGAGAATCACTTGAAACTGGAAGGTGGAGGTTGCAGTGAGCTGAGATTGCACCACTACACTCCAGCCTGGGTGACAGAGAGAAACTCCGTCTCAAAAAAAAAAAAAAA"
"chr5","85573833","85574121","chr5","85114994","85115285","4","458839","GCTGGGCGCGGTGGCTCACGCCTGTAATCCCAGCACTTTGGGAGGCCGAAGTGGGTATCACGAGGTCAGGAGTTCGAGACCAGCCTAGTCAACATGGTGAAACTTTGCCTCTACTAAAAATACAAAAATTGGCCAGGTATGGTGGTGGGTGCCTGTAATCTCAGTTACTCAGGAGGCTGAGGCAGGAGACTCACTTGAAACTGGAAGGTGGAGGCTGCAGTGAGCCGAGATTGCAGCCACTTCACTCTAGCCTGGGCAACAAGAGTGAAACTCCGTCTTAAAAAAAAAA","GCTGGGCGCAGTGGCTCACGCCTGTAATCCCAGCACTTTGGGAGGCCGAAGTGGGTATCACGAGGTCAGGAGTTCGAGACCAGCCTAGTCAACATGGTGAAACTTTGCCTCTACTAAAAATACAAAAATTGGCCAGGTATGGTGGTGGGTGCCTGTAATCTCAGTTACTCAGGAGGCTGAGGCAGGAGACTCACTTGAAACTGGAAGGTGGAGGCTGCAGTGAGCCGAGATTGCAGCCACTTCACTCTAGCCTGGGCAACAAGAGTGAAACTCCGTCTTAAAAAAAAAAAAA"
"chr5","92842004","92842305","chr17","73439096","73439400","41","19402908","GGCCGGGTTCTGTGGCTCACGCCTGTAATCCTAGCACTTTGGGAGGCCGAGGCAGGTGGATCATGAGGTCAAGAGTTCCAGACCAGCCTGCCCAACATGACAAAACCCCGTCTCTACTAAAAATACAAAAAATTAACCAGGCATAGTTGTAGGCATCTGTAATCCCAGCTACTTGGGAGGCTGAGGCAGAAGAATCGCTTGAACCCAGAAGGCGGAGGTTTCAGTGAGTCAAGATTGCGCCACTGCACTCTAGCCTGGGCACCAAGAGCGAAATTCCGTACAAAAAAAAAAAAAGAAAGAAA","GGCGGGGTGCGGTGGCTCATGCCTGTAATCCCAGCACTTTGGGAGGCCGAGGCAGATGGATCACGAGGTCATCAGTTCAAGATCAGCCTGACCAACATGGTGAAACCCCGTCTCCACTAAAAATACAAAAAAATTAACTGGGCATGGTGGCGGGCACCTGTAATCCCAGCAACTTGGGAGGCTGAGGCAGGAGAATCGCTTGAAACCAGAAGGCGGAGGTTGCAGTGAGCCGAGATTGCACCACTGCACTCTAGCCTGGGCAATAAGAGCAAAACTCTGTCTCAAAAAAAAAAAAAAAAAAAAAA"
"chr5","93634886","93635194","chr5","93069099","93069406","2","565787","GGCCGGGCCTGGTGGCTCACGCCTGTAATCCCAGCATTTTGGAGGCCGAGGCAGGTAGATCACGAGGTCAGGAGTTCAAGACTAGCCTGGCCAACATGGTGAAACCCTATCTCTACTAAATACACAAAAAATTAGCTGGGCTTCGTAGTGGCAGGCACCTGTAATCCCAGCTACTTTGGAGGCTGAAGCAGGACAATCGCTTGAAACCAGAAGGTGGAGGATGCAGTGAGCCGAGATTGCACTAATGCACTCCATCCTGGTCAACAAGAGCAAAACTCTGTCTCAAAATAAATAAATAAATAAATAAAA","GGCCGGGCCTGGTGGCTCACGCCTGTAATCCCAGCATTTTGGAGGCTGAGGCAGGTAGATCACGAGGTCAGGAGTTCAAGACTAGCCTGGCCAACATGGTGAAACCCTATCTCTACTAAATACACAAAAAATTAGCTGGGCTTCGTAGTGGCAGGCACCTGTAATCCCAGCTACTTTGGAGGCTGAAGCAGGACAATCGCTTGAAACCAGAAGGTGGAGGATGCAGTGAGCCGAGATTGCACTAATGCACTCCATCCTGGTCAACAAGAGCAAAACTCTGTCTCAAAATAAATAAATAAATAAATAAA"
"chr5","94286472","94286755","chr5","93638255","93638538","1","648217","GGCCAGGTGCGGTGGCTCACACCTGTAATCCCAGCACTTTGGGAGGCCGAGGCAGGCAGATCACAGGGTCAGGAGTTTGAGACCAGCCTGGCCAACATGGTGAAACCCTGTCTCTACGAAAAAAATACAAAAATTACCCAGGCGTGGTGGCACGTGCCTGTAATCCCAGCTACTTGGGAGGCTGAGGCAGGATAATCACTTGAAACTGGAAGGCGGAGATTGCAGTGAGCCAAAATCATGCCACCTCACTCCAACATGGGCAAAAGAGCAAAACTCCATCTCAA","GGCCAGGTGCGGTGGCTCACACCTGTAATCCCAGCACTTTGGGAGGCCGAGGTAGGCAGATCACAGGGTCAGGAGTTTGAGACCAGCCTGGCCAACATGGTGAAACCCTGTCTCTACGAAAAAAATACAAAAATTACCCAGGCGTGGTGGCACGTGCCTGTAATCCCAGCTACTTGGGAGGCTGAGGCAGGATAATCACTTGAAACTGGAAGGCGGAGATTGCAGTGAGCCAAAATCATGCCACCTCACTCCAACATGGGCAAAAGAGCAAAACTCCATCTCAA"
"chr5","94828127","94828432","chr5","94163092","94163401","7","665035","GGCCAAGCTTGATGGCTCACGCCTGTAATCCCAGCACCTTGGGAGGCTGAGGTGGGTGGATCACGAGGTCAGGAGTTTGAGACCAGCCTGGCCAACATGATGAAACCCTGTCTCTACTAAAAATTCAAAAATTAGCCAGGCATGATAGTGGGCACCCGTAATACCCAGCTACTTGGGAGGCTGAGGCAGGAGAATCACTTGAAACTGGAAGGTGCAGGTTGCAGTGAGCTGAGATCGAGCCACTGCACTCCAACCTGGGTGAAAGAGTGAAACTCCATCTCAAAAAAAAAAAAAAAAGAAAAAGAA","GGCCAAGCTTGATGGCTCACGCCTGTAATCCCAGCACCTTGGGAGGCTGAGGTGGGTGGATCACGAGGTCAGGAGTTTGAGACCAGCCTGGCCAACATGATGAAACCCTGTCTCTACTAAAAATTCAAAAATTAGCCAGGCATGATAGTGGGCACCCGTAATCCCAGCTACTTGGGAGGCTGAGGCAGGAGAATCACTTGAAACTGGAAGGTGCAGGTTGCAGTGAGCTGAGATCGAGCCACTGCACTCCAACCTGGGTGAAAGAGTGAAACTCCATCTCAAAAAAAAAAAAAAAAAAAAAGAAGAAGAA"
"chr5","97300202","97300502","chr5","96687673","96687973","1","612529","GGCCGGGCGCGGTGGCTCACGCCTGTAATCCCAGCACTTTGGGAGGCTGAGGCCGGTGGATCACGAGGTTAGGAGTTCGATACCAGCCTGGCCATCATGGTGAAACCCTGTCTCTACTAAAAATACAAAAATTAGTAGGGTGTGGTGGCAAGCGCCTGTAATCCAGCTACTCAGGAGGCTGAGGCAGGAGAATTGCTTGAAACTGGAAGGCGGAGGTTTCAGTGAGCGGAGATTGCTCCACCGCATTCCAGCCTGGGCAACAAGAGTGAAACTCTGTCTCAAACAAACAAACAAAAAAGAA","GGCCGGGCGCGGTGGCTCACGCCTGTAATCCCAGCACTTTGGGAGGCTGAGGCCGGTGGATCACGAGGTTAGGAGTTCGATACCAGCCTGGCCATCATGGTGAAACCCTGTCTCTACTAAAAATACAAAAATTAGTAGGGTGTGGTGGCAAGCGCCTGTAATCCAGCTACTCAGGAGGCTGAGGCAGGAGAATTGCTTGAAACTGGAAGGCGGAGGTTTCAGTGAGCGGAGATTGCTCCACTGCATTCCAGCCTGGGCAACAAGAGTGAAACTCTGTCTCAAACAAACAAACAAAAAAGAA"
"chr5","99214729","99214795","chr9","124887914","124887978","20","25673185","GCTAAGCACAGTGGCATGAGACTGCAGTTCTAGCGACTTGGAAGGTTGAAACAAGAAGATCACTTGA","GCCAGGCACAGTGGCTCATGCCTGTAATTCCAGCACTTTGGGAGGCCGAAGCAGGCAGAACACTG"
"chr5","99870361","99870633","chr5","99291239","99291539","28","579122","CCGGGCGCGGTGGCTCACGCCTGTAATCCCAGCACTTTGGGAGGCCAAGGCGAGCGGATTACAAGGCCAGGAGTTCAAGACCAGCCTGGCCAACATGGTGAAACCTGTCTCTACTAAAAATACAAAAATTAGCTGGGCATGGTGGCAGGCACCTGTAATCCTAGCTACTCAGGAGGCTGAGGCAGGAGAATTGCTGGAAACCGGAAGGTGGAGGTTGCAGTGAGCCCAGATCATGCCACTGTACTCCAGCCTGGGCAACAAGAGCAAAACTCC","CCGGGCGCGGTGGCTCACGCCTGTAATCCCAGCACTTTGGGAGGCCAAGGCGAGCGGATTACAAGGCCAGGAGTTCAAGACCAGCCTGGCCAACATGGTGAAACCTGTCTCTACTAAAAATACAAAAATTAGCTGGGCATGGTGGCAGGCACCTGTAATCCTAGCTACTCAGGAGGCTGAGGCAGGAGAATTGCTGGAAACCGGAAGGTGGAGGTTGCAGTGAGCCCAGATCATGCCACTGTACTCCAGCCTGGGCAACAAGAGCAAAACTCCAACTCGAAAAATAAAATAAAATAAAAAA"
"chr5","104263590","104263884","chr5","103561356","103561665","16","702234","GGCCGGGCATGATGGCTCATGCCTGTAATTCCAGCACTTTGGGAGGCTGAGGCAGGCAGATCATGAGGTCAGGAGTTCGAGACCAGCCTGGCCAACATGGTGAAACCCAGTCTCTACTAAAAATGCAAAAATTAGCCAGGCGTGGTGGCAGGCGCCTGTAATCCCAGCTACTCTGGAGGCTGAGGGAGGAGAATCGTTTGAAACTGGAAGGCAGAGGTTGCAGTGAGCTGAGATCATGCCACTGCACTCCAGCCTAGGCAACAAGAGTAAAACTCCATCTACAAAAAAAAAGAAA","GGCCGGGCATGATGGCTCATGCCTGTAATTCCAGCACTTTGGGAGGCTGAGGCAGGCAGATCATGAGGTCAGGAGTTCGAGACCAGCCTGGCCAACATGGTGAAACCCAGTCTCTACTAAAAATGCAAAAATTAGCCAGGCGTGGTGGCAGGCGCCTGTAATCCCAGCTACTCTGGAGGCTGAGGGAGGAGAATCGTTTGAAACTGGAAGGCAGAGGTTGCAGTGAGCTGAGATCATGCCACTGCACTCCAGCCTAGGCAACAAGAGTAAAACTCCATCTCAAAAAAAAAAAAAAAAAGAAAAAGAAAAA"
"chr5","106095176","106095417","chr7","67027689","67027916","36","39067487","AGGCCAAGGCAGGCAGATCACGAGGTCAGGTGTTCAAGACCAGCCTGGCCAAGATGGTGAAACCCCATCTCTACTAAAAATACAAAAATTAGCCAGGTGTGGTGGTGGGTGCCTGTAATCCCAGCTACTTGGGAGGCTGAGGCAGGAGAATCGCTTGAACCTAGAAGGCAGAGGTTGCAGTGAGCCAAGATCATGCCACTGCACTCCAGCCTGGGCAACAAGAGTGAAACTCCATCTCAAAA","CTGAGGTGGATGGATCAAGAGGTCAGAAGTTAGAGACCAGCCTGTCCAACATGGTGAAAACCCATCTCTACTAAAAATACAAAAATTAGCCAGACATGGTGATGGGTGCCTGTAATCCCAGCTACTCAGGAGGCTGAGGCAGGAGAATCGCTTGAAACTAGAAGGCAGGTTGCAGTGAGCCAAGATCATGCCACTGCACTCCAGCCTGGGCAACAAGAGTGAAACTTC"
"chr5","109525179","109525483","chr5","108768803","108769107","2","756376","CCAGGCGCAGTGGCTCACGCCTGTAATCCCAGCACTTTGGGAAGCTGAGGCGGGCGGATCATGAGGTCAGGAGTTCGAGACCAGCCTGGCCAACATAGTGAAACTCCGTGTCTACTAAAAATACAAAAATTAGCTGGGAGTCATGGCGAGTGCCTGTAGTCCCAGCTACTCGGGAGGCTGAGGCAGGAGAATCGCTTGAAACCAGAAGGTGGAGTTTGCAGTGAGCCGAGATCACACCACTGCACTCCAGCCTGGGCGAAAGAGCGAAACTCCGTCTCAAAAAACAAAACAACAACAAAAAAGAA","CCAGGCGCAGTGGCTCACGCCTGTAATCCCAGCACTTTGGGAAGCTGAGGCGGGCGGATCATGAGGTCAGGAGTTCGAGACCAGCCTGGCCAACATAGTGAAACTCCGTGTCTACTAAAAATACAAAAATTAGCTGGGAGTCATGGCGGGTGCCTGTAGTCCCAGCTACTCGGGAGGCTGAGGCAGGAGAATCGCTTGAAACCAGAAGGTGGAGTTTGCAGTGAGCCAAGATCACACCACTGCACTCCAGCCTGGGCGAAAGAGCGAAACTCCGTCTCAAAAAACAAAACAACAACAAAAAAGAA"
"chr5","111515867","111516019","chr5","110791998","110792152","5","723869","GGGTGTGGTGGCAGGTGCCTGTAATCCCAGCTACCTGGGAGGCTGAGGCAAGAGAACCGCTTGAAACCTGAAGGCAAGGTGGCAATGAGCCGAGACTATGCCACTGCACTCCAGCCTGGGCAACAAGAGCGAAACTCCGTCTCAAAAAAAAAA","GGGTGTGGTGGCAGGTGCCTGTAATCCCAGCTACCTGGGAGGCTGAGGCAAGAGAACTGCTTGAAACCTGAAGGCAGGGTGGCAATGAGCCGAGATTATGCCACTGCACTCCAGCCTGGGCAACAAGAGCGAAACTCCGTCTCAAAAAAAAAAAA"
"chr5","116803668","116803978","chr5","116148425","116148736","5","655243","GGCTGGGCGTGGTGGCTCACGCCTGTAATCCCAGCACTTTGGGAGGCGGAGGTGGGTGGATCACGAGGTCAGGAGTTCGAGACCAGCCTGGCCAACATGGTGAAATCCTATCTCTACTAAAAATACATAAATTAGCCAGGCATGGTGGTGGGCGCCTGTAGTCTCAGCTACTCCAGAGGCTGAGGCAGGAGAATCACTTGAAACTGGAAGGCAGAGGTTGCAGTAAGCCAAGATTACATCACTGCACTCTAGTCCTGGGCAACAAGAGCAAAACTCCTTCTCCAAAAAAAAAACAAAAACAAAAACAAAAA","GGCTGGGCATGGTGGCTCACGCCTGTAATCCCAGCACTTTGGGAGGCGGAGGTGGGTGGATCACGAGGTCAGGAGTTCGAGACCAGCCTGGCCAACATGGTGAAATCCTGTCTCTACTAAAAATACATAAATTAGCCAGGCATGGTGGCGGGCGCCTGTAGTCTCAGCTACTCCAGAGGCTGAGGCAGGAGAATCACTTGAAACTGGAAGGCAGAGGTTGCAGTAAGCCAAGATTACATCACTGCACTCTAGTCCTGGGCAACAAGAGCAAAACTCCTTCTCCAAAACAAAAACAAAAACAAAAACAAAAAA"
"chr5","118130167","118130453","chr5","117497355","117497645","4","632812","GTGATGGCTCACACCTGTAATCCCAGCATTTTGGGAGGCCAAGGTGGGCGGACCATGAGGTCAGGAGTTTGTGACCAGCCTGGCCAACATGGTGAAACCCCGTCTCTACTAAAAATACAAAAATCAGCTGGGCATGGTGGCAGGCACCTGTAATCCCAGCTACTTGGGAGGTTGAGGCAGAAGAATCGCTTGAAACCGGAAGCTGGAGGTTGCAGTGAGCCAAGATCGTGCCACTGCACTCCAGCTTGGGCAACAAGACTGAAACTCTATCTTAAAAAAAAAAAAAA","GTGATGGCTCACACCTGTAATCCCAGCATTTTGGGAGGCCAAGGTGGGCGGACCATGAGGTCAGGAGTTTGTGACCAGCCTGGCCAACATGGTGAAACCCCGTCTCTACTAAAAATACAAAAATCAGCTGGGCATGGTGGCAGGCACCTGTAATCCCAGCTACTTGGGAGGTTGAGGCAGAAGAATCGCTTGAAACCGGAAGCTGGAGGTTGCAGTGAGCCAAGATCGTGCCACTGCACTCCAGCTTGGGCAACAAGACTGAAACTCTATCTTAAAAAAAAAAAAAAAAAA"
"chr5","123072138","123072439","chr5","122488741","122489035","8","583397","GGCCGTGCGTGGTGGCTCACACCTGTAACCCCAGCACTTTGGGAGGATGAGGTGGGTGGATCACGAGGAGTTAGAGACCAGCCTGGCCAACGTGGTGAAACCCTGTCTCTACTAAAAATACAAAAATTAGCCAGGCGTGGTGGCGGGCATCTGTAATCCTAGCTACTCAGGAGGCTGAGGCAGGAGAATAGCTTGAAACCAAAAGGCAGAGGTTGCAGTGAGCCGAGATCGCCCACTGTGCTCCAGCCTGGGCAAAAGAGCTAAACTCTGTCTCAAAAACAAAAACAAACAACAACAAAAAA","GGCCGTGAGTGGTGGCTCACACCTGTAACCCCAGCACTTTGGGAGGATGAGGTGGGTGGATCACGAGGAGTTAGAGACCAGCCTGGCCAACGTGGTGAAACCCTGTCTCTACTAAAAATACAAAAATTAGCCAGGCGTGGTGGCGGGCATCTGTAATCCTAGCTACTCAGGAGGCTGAGGCAGGAGAATAGCTTGAAACCAAAAGGCAGAGGTTGCAGTGAGCCGAGATCGCCCACTGTGCTCCAGCCTGGGCAAAAGAGCTAAACTCTGTCTCAAAAACAAAAACAAAAACAAA"
"chr5","130867583","130867894","chr5","130337092","130337403","6","530491","GGCCAGGCACGGTGGCTCATGCCTGTAATCCCAGCAGTTTGGGAGGCTGAGGCAGGTGAATCACGAGGTCAGCAGTTTGAGACCAGCCTGACCAACATGGTGAAACCCAGTCTCCACTAAAAATACAAAAAAATTAGCTGGATGTGGTGGTGGGCGCCTGTAATCCTAGCTACTTGGGAGGCTGAGGCAGGAGAATCACTTGAAACTGCAAGGTGGAGGTTGCAGTGAGCTGAGATTGTGCCACTGCACTCTAGCCTGGGCAATAAGAGCCAAACTCCATCTCAAAAAGAAAAAAAGTAAAAACAGAACAAA","GGCCAGGCACGGTGGCTCATGCCTGTAATCCCAGCAGTTTGGGAGGCTGAGGCAGGTGAATCACGAGGTCAGCAGTTTGAGACCAGCCTGACCAACATGGTGAAACCCAGTCTTACTAAAAATACAAAAAAATTAGCTGGGTGTGGTGGTGGGCACCTGCAATCCTAGCTACTTGGGAGGCTGAGGCAGGAGAATCACTTGAAACTGCAAGGTGGAGGTTGCAGTGAGCTGAGATTGTGCCACTGCACTCTAGCCTGGGCAATAAGAGCCAAACTCCATCTCAAAAAGAAAAAAAAGTAAAAACAGAACAAA"
"chr5","133218584","133218856","chr12","71505712","71505995","41","61712872","GGGTGCAGTGGCTCACACCTGTAATCCCAGCACTTTGGGAGGCCGAGGCGGGCGGATCATGAGGTCAGCAGTTCGAGACCAGCCTGGCCAACATGGTGTAACTCTGTCTCTACTAAAAATACAAAAATCAGCCAGGCGTGGTAGCAGGCATCTGTAATCCCAGCTACTTGGGATGCTGAGGCAGGAGAATCCCGGGAGGCAGAGGTTGCGGTGAGCTGAGATTGTGCCACTGCACTCCAGCCTGGGAGACAAGAGAGAAACTCCGTCTCAAAA","GGCCGGGCGCAGTGGCTCATGCCTGTAATCCCAGCACTTTGGGAGGCCAAGGCAGGAGGATCCTGAGGTCAGGAGTTCGAGACCCAGCCTGGCCAACATGATGAAACCCTGTCTCTACTACAAATACAAAAACTAGCCAGGCATGGTGGCAGGCACCTGTAATCCCAGCTACTTGGGAGGCTGAGGCAGGAGAAACCAGAAGGCAGAGGTTGCAGTGAGCTGAGATCGTGCCACTGTACTCCAGCCTGGGCAAAAAGAGCGAAACTCCGTCTCAGAAAAATAAA"
"chr5","134458906","134459204","chr5","133544461","133544766","8","914445","GGCCGGACATGGTGGCTCACACCTGTAATCCCAGCACTTTGGGAGGCTGAGATGGGCACATCACGAGGTCAGCAGTTCAAGACCAGCCTGGTCCACATGGTGAAACCCCATCTCTACTAAAAATACAAAAATTAGCCGGGCATGGTGGCGGGCACCTGTAATCCCAGCTACTCAGGAGGCTGAGCAGGAGAATCGCTTGAAACCGGAAGGTGGAAGCTGCAGTGAGTCGAGATCGTGCCACTGTGCTCCAGCCTGGGCAACAAAAGCGAAACTCCATCTAACAAAAAAAAAAAAAAAAA","GGCCGGACATGGTGGCTCACACCTGTAATCCCAGCACTTTGGGAGGCTGAGATGGGCACATCACGAGGTCAGCAGTTCAAGACCAGCCTGGTCCACATGGTGAAACCCCATCTCTACTAAAAATACAAAAATTAGCCGGGCATGGTGGCGGGCACCTGTAATCCCAGCTACTCAGGAGGCTGAGCAGGAGAATCGCTTGAAACCGGAAGGTGGAAGCTGCAGTGAGTCGAGATCGTGCCACTGTGCTCCAGCCTGGGCAACAAAAGCGAAACTCCATCTCAAAAAAAAAAAAAAAAAAAAAAAAAA"
"chr5","134556977","134557268","chr5","133644376","133644667","1","912601","GGCCAGGAGCAGTGGCTCATGCCTGTAATCCCAGCACTTTGGGAAGCCGAGGTGGGCAGATCACGAGGTCAGGAGATCGAAACCATCCTGGACAACACGGTGAAACCCCCTCTCTACTAAAAATACAAAAATTAGCTGAGTGTGGCAGCGCATGCCTGTAATCCCAGCTACTCTGGAGGCTGAGGCAGGAGAATCGCTTGAAACCGGGAGGCGGAGATTGCAGTAAACTGAGATCCCGCCATTGTACTCCAGTCTGGGCAACAAAAGCGAAACTCCATTTCAAATAAATAAA","GGCCAGGAGCAGTGGCTCATGCCTGTAATCCCAGCACTTTGGGAAGCCGAGGTGGGCAGATCACGAGGTCAGGAGATCGAAACCATCCTGGACAACACGGTGAAACCCCCTCTCTACTAAAAATACAAAAATTAGCTGAGTGTGGCAGCGCATGTCTGTAATCCCAGCTACTCTGGAGGCTGAGGCAGGAGAATCGCTTGAAACCGGGAGGCGGAGATTGCAGTAAACTGAGATCCCGCCATTGTACTCCAGTCTGGGCAACAAAAGCGAAACTCCATTTCAAATAAATAAA"
"chr5","136369171","136369466","chr5","135512787","135513083","8","856384","GGCCGGGCGCGGTGGCTCACGCCTGTAATCCCAGCACTTTGGGAGGCCGAAGCGGGCGGATCACAAGGTCAAGAGTTTGAGACCAGCCTGGCCAACATAGTGAAACCCCGTCTCTACTAAATACAAAAATTAGCTGGGCATGGTGGCGGGAGCCTGTATCCCAGCTACTCGAGAGGCTGAGTACCTTGGAACCAGAAGGTAGAGGTTGCAGTGAGCTGAGATGGCGCCACTGCACTCCAGCCTGGGCAAAACAGCAAAACTCTGTCTCAACAAAAAAAGAAGAAAAGAAAAGAAAA","GGCCGGGCACGGTGGCTCACGCCTGTAATCCCAGCACTTTGGGAGGCCGAAGCGGGCGGATCACAAGGCCAAGAGTTTGAGACCAGCCTGGCCAACATAGTGAAACCCCGTCTCTACTAAATACAAAAATTAGCTGGGCATGGTGGCGGGAGCCTGTATCCCAGCTACTCGAGAGGCTGAGTACCTTGGAACCAGAAGGTAGAGGTTGCAGTGAGCTGAGATGGCGCCACTGCACTCCAGCCTGGGCAAAAACAGCAAAACTCTGTCTCAAAAAAAGGAAAGAAAAGAAAAGAAAAA"
"chr5","140926759","140927004","chr1","10255402","10255659","43","130671357","GCAGGTGGATCACAAGGCCAGGAGTTCAAGACCAGCCTGGCTAACATGGTGAAACCCCATCTCTACTAAAAATACAAAAATTAGCTGGGCATGATGGTGGGCGCCTGTAATCCCAGCTACTTGGGAGGCTGAGGCAGGACAATTGCTTGAACCTGGGAGGTGGAGGTTGCAGTGAGCCAAGATCGTGCCACTGCACTCCAGCTTGGGCGACAAGAGCAAAACTCCATCTACAAAAAAAAAACAAAA","GGCCAAGGCAGGTGGATCATGAGGTCAGCAGTTTGAGACCAGCCTGACCAACATGGTGAAACCCCATCTCTACTAAAATACAAAAAAAATCAGCTGGGCATGGTGGCGGGTGCCTGTAATCCCAGCGACTTGGGAGGCTGAGGCAGGAGAATGGCTTGAAACCGGGAGGCGGAGGTTGCACTGAGCCGAGATGTGCCACTGCACTTTAGCCTGGGCAATAAGAGCAAAACTCCGTCTCAAAAAAAAAAACAACAAAAA"
"chr5","141190260","141190474","chr4","40720908","40721122","35","100469352","GGCCAGGCACAGTGGCTCACGCTTGTAATCCCAGCACTTTGAGAGGCCGAGGCAGGTAGATCACAAGGTCAGGAGTTCGAGACCAGCCTGGCCAACATTGTGAAACCCTGTCTCTACTAAAACTACAAAAAACTAGTTGGGTATGGTGGCAGGCGCCTGTAATCCCAGCTACTTGGGAGGCTGAGGCAGAATTGCTTGAAACTGGGAGGCAGAGG","GGCTGGGCACGGTGGCTCACGCCTGTAATCCCAGCACTTTGGGAGGCCAAGACGGGCAGATCACAAGGTCAGGAGTTTGAGACCAGCCTGGCCAACATGGTGAAACCCTGTCTCTACTAAAAATACAAACAAAAATTAGCCAGGAGTGGTGGCAGGTGCCTGTAATCCCAGCTACTCTGGAGGCTGAGGCAGGAGAATCGCTTGAAACCAGAAGG"
"chr5","141647676","141647985","chr5","140882851","140883163","5","764825","GCCAGGCGCGGTGGCTCACGCCTGTAATCCCAGCACTTTGGGAGGCCGAGGTGGGTGGATCACGAGGTCAGCAGTTCGAGACCAGCCTGACCAACATGGTGAAACCCCGTCTCTACTAAAAATACAAAAACAATTAGCTGGGCATGGTGGCAGACACCTGTAATCCCAGTGACTTGGGAGGCTAAGGCAGGAGAACTGCTTGAAACCGGAAGGCAGAGGTTGCAGTGAGCCGAGATTGTGCCACTGCACTCTAGCCTGGGCAATAAGAGCAAAACTCCATCTACAAAAAAAAAAAGAAAGAAAGAAGAAA","GCCAGGCGCGGTGGCTCACGCCTGTAATCCCAGCACTTTGGGAGGCCGAGGTGGGTGGATCACGAGGTCAGCAGTTCGAGACCAGCCTGACCAACATGGTGAAACCCCGTCTCTACTAAAAATACAAAAACAATTAGCTGGGCATGGTGGCAGACACCTGTAATCCCAGTGACTTGGGAGGCTAAGGCAGGAGAATTGCTTGAAACCGGAAGGCAGAGGTTGCAGTGAGCCGAGATTGTGCCACTGCACTCTAGCCTGGGCAATAAGAGCAAAACTCCATCTCAAAAAAAAAAAAAAAGAAAGAAAGAAGAAA"
"chr5","142549094","142549371","chr5","141807222","141807528","29","741872","GGCTGGGCACAGTGGCTCATGCCTTTAATCCCAGCACTTTGGGAGGCTGAGGCGGGCAGATCATGAGGTCAGGAGTTCGAGACCAGCCTGGCCAACATGGTGAAACCCCATCTCTACTAAAAGTACAAAAATTAGCTGAGCATGGTGGTGCGCGCCTGTAATCCCAGCTACTCAGGAGGCTGAGGCAGGAAAATCACTTGAAACCAGAAGGCAGAGGTTGTAGTGAGCTGAGATGGCGCCATTGCACTCCAGCCTGGTTAACAAGAGTGAAACTCTGT","GGCTGGGCACAGTGGCTCATGCCTTTAATCCCAGCACTTTGGGAGGCTGAGGCGGGCAGATCATGAGGTCAGGAGTTCGAGACCAGCCTGGCCAACATGGTGAAACCCCATCTCTACTAAAAGTACAAAAATTAGCTGAGCATGGTGGTGCGCGCCTGTAATCCCAGCTACTCAGGAGGCTGAGGCAGGAAAATCACTTGAAACCAGAAGGCAGAGGTTGTAGTGAGCTGAGATGGCGCCATTGCACTCCAGCCTGGTTAACAAGAGTGAAACTCTGTCTCTCAAAAAAAAAAAAAAAAAAAAAAAA"
"chr5","143677059","143677363","chr13","87170284","87170589","41","56506775","GGCTGGGCGCGGTGGCTTACGCCTGTAATCCCAGCACTTTGGGAGGCCAAGGCAGGCGGATAACAAGGTCAGGAGTTCCAGACCAGCCTGGCCAATATGGTGAAACCCCGTCTCTACTAAAAAATACAAAATTAGCCGGGTGTGGTGGCAGGTGCCTGTAATCCCAGCTACTCGGAAGGGTGAAGCAGGAGAATCACTTGAACCTGGAGGTGGAGGTTGCAGTGAGCCGAGATTGCATCATTACACTCCAGCCTGGGCAATAAGAGCAAAACTCTGTTTCAAAAAGAAAAGAAAACAAAACAAAA","GGCCGGGCACGGTGGCTCACTCCTGTAATCTCAGCACTTTGGGAGGCCAAGGCAGGCGGATCACGAGGTCAGGATTTGAGACCAGCTTGGCCAACATGGTGAAACCCCGTCTCTACTAAAAACATAAAAATTAGCTGGGCGTGGTGGCAGGCACCTGTAATCCCAGCTACTCGGGAGGCTGAGGCAGGAGAATCGCTTGAAACTGGAAGGCAGAGGTTGCAGTGAGCTGAGATTGCGCCATTGCACTCCAGTCTGGGCAAAAGAGCGAAACTCCGTCTCAAAAAAAAAGAAAAGAAAGAAAGAAAA"
"chr5","145242534","145242828","chr5","144544636","144544932","7","697898","GGCCGGGTACGGTGGCTCACGCCTGTAATCCCAGCACTTTGGGAGGCCAAGGCGGGCAGATCACGAGGTCAGGAGTTCGAGACCAGCTTGGCCAACATGGTGAAACCCTGTCTCTACTAAAAATACAAAATTAGCCAGGCATGCTTGGTGGGCGCCTGTAATCCCAGCTACTTGGGAGGCTGAGGCAGGAGAATCACTTGAAACCGGAGGGCAGAGGTTACAGTGAGCCGAGATCACACCACTGCACTCCAGCCTGGGCAACCAAGAGTGAAACTCCATACTAAAAAAAAAAAAA","GGCCGGGTACGGTGGCTCACGCCTGTAATCCCAGCACTTTGGGAGGCCAAGGCGGGCAGATCACGAGGTCAGGAGTTCGAGACCAGCTTGGCCAACATGGTGAAACCCTGTCTCTACTAAAAATACAAAAATTAGCCAGGCATGGTTGGTGGGCACCTGTAATCCCAGCTACTTGGGAGGCTGAGGCAGGAGAATCACTTGAAACCGGAGGGCAGAGGTTGCAGTGAGCCGAGATCACACCACTGCACTCCAGCCTGGGCAACCAAGAGTGAAACTCCATCTAAAAAAAAAAAAAAA"
"chr5","158393935","158394233","chr5","157882709","157883011","8","511226","GGCCAGGCGTGGTGGCTCACACCTGTAATCCCAGCACTTTGGGAGGCCAAGGCAGGTGGATCACGAGGTCAGCAGTTTGAGACCAGCCTGACCAACGTGGTGAAACCCCATCTCTACTAAAAATATAAAAAAAATAGCTGGGTGTGGTGGCAGGCACCTGTAATCCCAGCTACTTGGGAGGCTGAGGCAGGAGAATTGCTTGAAACTGGAAGGCAGAGGTTGCAGTGAGCCAAAATTGTGCCACTGTACTCTAGTCTGGGCAATGAGAGCAAAACTCCATTCTCAAAAAAAAAAAAAAA","GGCCAGGCATGGTGGCTCACACCTGTAATCCCAGCACTTTGGGAGGCCAAGGCAGGTGGATCACAAGGTCAGCAGTTTGAGACCAGCCTGACCAACATGGTGAAACCCCATCTCTACTAAAAATATTTAAAAAAATAGCTGGGTGTGGTGGCAGGCACCTGTAATCCCAGCTACTTGGGAGGCTGAGGCAGGAGAATTGCTTGAAACTGGAAGGCAGAGGTTGCAGTGAGCCAAAATTGTGCCACTGTACTCTAGTCTGGGCAATGAGAGCAAAACTCCATTCTCAAAAAAAAAAAAACAAAA"
"chr5","160009439","160009605","chr5","158886887","158887045","24","1122552","AAAATACCCAGCTGGGCCGGGTGTGGTGGCTCACGCCTGTAATTCCCGCACTTTGGGAGGCCGAAACCGGAAGGCAGAGGTTGCAGTGATCTGAGGTTGTGCCACTGCACTCTAGCCTGGGCAATGAGAGCAAAACTCTGTCTCAAAAAAAAAAAAAAGAAAGAAAA","GCTGGGTGTGGTGGCTCACGCCTGTAATTCCCGCACTTTGGGAGGCCGAAACCGGAAGGCAGAGGTTGCAGTGATCTGAGGTTGTGCCACTGCACTCTAGCCTGGGCAATGAGAGCAAAACTCTGTCTCAAAAAAAAAAAAAAAAAAAAAAAAAAGAAA"
"chr5","160966216","160966505","chr19","59076998","59077292","31","101889218","GGCCGGGCGCAGTGGCTCACGCCTGTAATCCCAGCACTTTGGGAGGCCGAGGAGGGTGGATCACGAGGTCAGGAGTTCAAGACCAGCCTGGCCAACATGGTGAAACCCCATCTCTACTAAAAATACAAAAATCAGCTGGGAGTGGTGGCGGGCACCTGTAATCCCAGCTACTTGGGAGTCTGAGGCAAGAGAATCGCTTGAATCCGGGAGGCAGGGGTTGTAGTGAGCCGAGATTGCACCACTGCACTCCAGAATGGGCAACAAGAGCGAAACTCTGTCTAAAAAAAAAA","GGCCGGGCGCGGTGGCTCACGCCTGTAATCCCAGCACTTTGGGAGGCCGAGGCGGGTGGATCACGAGGTCAGCAGTTCAAGACCAGCCTGACCAACATGGTGAAACCCCGTCTCTACTAAAAATACAAAAAAGTTAGCTGGGCGTGGTGGCGGGCGCCTGTAATCCCAGCAACTTGGGAGGCTGAGGCAGGAGAATCGCTTGAAACCGGAAGGCGGAGGTCGCAGTGAGCCGAGATTGCGCCACTATACTCTAGCCTGGGCAATAAGAGCAAAACTCCGTCTCAAAAAAAAAAGA"
"chr5","163730036","163730316","chr7","114238952","114239231","39","49491084","GGCTGGGCACGGTGGCTCACACCTGTAATCCCAGCACTTTGGGAGGCTGAGGCTGGCAGATTACAAGGTCAGGAGATGGAGAACATCTTGGCCAACATGGTGAAACCCCATCTCTACTAAAAAGACAAAAATTAGTTGGGTGTGGTGGTGTGTGTCTGTAATCCCAGCTACTCGGGAGGCTGAGGCAGGAGAATCACTTGAACCTGGAAGGCGGAGGTTGCAGTGAGCTGAGATCGCATCTTTGCACTCCAGCCTGGGCAACAAAAGTGAAACTCCGTCTC","GGCTGGGCCCGGTGGCTCACTCCTGCAATCCTAGCACTTTGGGAGACTGAGGCGGGCAGATCACGATGTCAGGAGTTTGAGACCAGCCTGACCAACCTGGTGAAACCTCGTCTCTACTAAAAATACAAAAATTAGCTGGGCGTGGTGGTGGGCACCTGTAATCCCAGCTACTCAGGAGGCTGAGGCAGGACAATCGCTTGAAATTGGAAGGCGAAGGTTGCAGTGAGCTGAGATTGTGCTACTGCACTCCAGCCTGGGCAACAAGAGTGAAACTCCGTCT"
"chr5","168115614","168115935","chr5","166964027","166964348","4","1151587","GGCTGGGCACAGTGGCTCATGCCTGTAATCCCACCACTTTGAGAGACCAAGGCAGGTGGATCACGAAGGCAGGTGGATCACGAAGTCAGGAGTTCGAGACCAGCCTGGCCAACACGATGAAACCCCATCTCTACTAAAAATACAAAAATTAGCTAGGCGTGGTGGTGGGCGCCTGTAGTTCCAGATACTCAGGAGGCTGAGCCAGGAGAATTGCTTGAAACCAGAAGGCAGAGGTTGCAGTGAGCTGAGATTATGTCACTGCACTCCAGTGTGGGCAACAAGAGTGAAACTCCGTATCCAAAAAAAAGAAAAGAAAAGAAAA","GGCTGGGCACGGTGGCTCATGCCTGTAATCCCACCACTTAGAGAGACCAAGGCAGGTGGATCACGAAGGCAGGCGGATCACGAAGTCAGGAGTTCGAGACCAGCCTGGCCAACACGATGAAACCCCATCTCTACTAAAAATACAAAAATTAGCTAGGCGTGGTGGTGGGCGCCTGTAGTTCCAGATACTCAGGAGGCTGAGCCAGGAGAATTGCTTGAAACCAGAAGGCAGAGGTTGCAGTGAGCTGAGATTATGCCACTGCACTCCAGTGTGGGCAACAAGAGTGAAACTCCGTATCCAAAAAAAAGAAAAGAAAAGAAAA"
"chr5","169882480","169882775","chr5","168750930","168751229","5","1131550","GCTGGGAACGGTGGCTCATGCCTGTAATTTCAGCACTTTGGGAGGCCGAGGCAGGCAGATCATGAGGTCAGGAGTTCAAGACCAGCCTGGCCAACTTGATGAAACCCTGCCTCTACTAAAAATACAAAAATCAGCTGGGTGTGGTGGTGGGCGCCTATAATCCCAGCTACTCAGGAGGCTGAGGCAGGAGAATCGCTTGAAACCGGAAGGCAGAGGTTGCAGTGAGCCAAGATCATGCCACTGCACTCCAGCCTGGGTGAAAGAGCTAAACCCCATCTACAAAAAAAAAAAAAAAA","GCTGGGAACGGTGGCTCATGCCTGTAATTTCAGCACTTTGGGAGGCCGAGGCAGGCAGATCATGAGGTCAGGAGTTCAAGACCAGCCTGGCCAACTTGATGAAACCCTGCCTCTACTAAAAAATACAAAAATCAGCTGGGTGTGGTGGTGGGCGCCTATAATCCCAGCTACTCAGGAGGCTGAGGCAGGAGAATCGCTTGAAACCGGAAGGCAGAGGTTGCAGTGAGCCAAGATCATGCCACTGCACTCCAGCCTGGGTGAAAGAGCTAAACCCCATCTCAAAAAAAAAAAAAAAAAAAA"
"chr5","173239986","173240281","chr5","172139018","172139314","5","1100968","GCCGGGCGCGGTGGCTCAAGCCTGTAATCCCAGCACTTTGGGAGGCTGAGGTGGGTGGATCATAAGGTCAGGAGTTCGAGACCAGCCTGGCCAAAAAGGTGAAACCCTGTCTCTACTAAAAATACAAAAATTAGCCAAGCGTGATGGCGGGCCCCTGTAGTCCCAGCTACTCGGGAGGCTGAGGCAGAAGAATCACTTGAAACCAGAAGGCAGAGGTTGCAATGAGCTGAGATCGCGCCACTGCACTCCAGCCTGGGCAACAAGAGCGAAACTCCGTCTCAAAAAAAAAAGACAAA","GCCGGGCGCAGTGGCTCAAGCCTGTAATCCCAGCACTTTGGGAGGCTGAGGTGGGTGGATCACAAGGTCAGGAGTTCGAGACCAGCCTGGCGAAAAAGGTGAAACCCTGTCTCTACTAAAAATACAAAAATTAGCCAAGCGTGATGGCGGGCCCCTGTAGTCCCAGCTACTCGGGAGGCTGAGGCAGAAGAATCACTTGAAACCAGAAGGCGGAGGTTGCAATGAGCTGAGATCGCGCCACTGCACTCCAGCCTGGGCAACAAGAGCGAAACTCCGTCTCAAAAAAAAAAAGACAAA"
"chr5","174449301","174449596","chr5","173201089","173201386","2","1248212","GGCCGGGCGCGGTGGCTCACACCTGTAATCTCAGCACTTTGGGAGGCTGAGTTGGGTGGATCACGAGGTCAGGAGTTCAAGACCAGCCTGGACAACATGGTGAAACCCCGTCTCTACTGAAAATACAAAAATTAGCCAGGCATGGTGGTGGGTGCCTGTAATCCCAGCTGCTCTGGAGGCTGAGGCAAGAGAATCGCTTGAAATTGGAAGGTGGAGGTTGCAATGAGCCGAGATTGTGCCACTGCAAACCAGCCTGGGTGAAAGAGCGAAAACTCCGTCTCAAAAAAAAAAAAAAA","GGCCGGGCGCGGTGGCTCACACCTGTAATCTCAGCACTTTGGGAGGCTGAGTTGGGTGGATCACGAGGTCAGGAGTTCAAGACCAGCCTGGACAACATGGTGAAACCCCGTCTCTACTGAAAATACAAAAATTAGCCAGGCATGGTGGTGGGTGCCTGTAATCCCAGCTGCTCTGGAGGCTGAGGCAAGAGAATCGCTTGAAATTGGAAGGTGGAGGTTGCAATGAGCCGAGATTGTGCCACTGCAAACCAGCCTGGGTGAAAGAGCGAAAACTCCGTCTCAAAAAAAAAAAAAAAAA"
"chr5","175261781","175262067","chr5","174028928","174029213","4","1232853","GGCCGGGCGTGTTGGCTTATGCCTGTATTCCCAGCACTTTGGGAGGCTGAGGCAGGCGGATCACAAGGTCAGGAGTTCGAAACTCCTGGCCAACATGGTGAAACCCCATCTCTACTAATAATACAAAATTAGCCCCATGTGGTGGCGGGCACCTATAATCCCAGCTACTAAGGAGGCTGAGGCAGGAGAATCACTTGAAACTGGGAAGCAGAGGTTGCAGTGAGCCGAGATTGTGCCACTGCACTCCAGCCTGGACAACAAGTCTCCATCTCAGGAGGGAAAAAAAA","GGCCGGGCGTGTTGGCTTATGCCTGTATTCCCAGCACTTTGGGAGGCTGAGGCAGGCGGATCACAAGGTCAGGAGTTCGAAACTCCTGGCCAACACGGTGAAACCCCATCTCTACTAATAATACAAAATTAGCCCCATGTGGTGGCGGGCACCTATAATCCCAGCTACTAAGGAGGCTGAGGCAGGAGAATCACTTGAAACTGGGAGGCAGAGGTTGCAGTGAGCCGAGATTGTGCCATTGCACTCCAGCCTGGACAACAAGTCTCCATCTCAGGAGGGAAAAAAA"
"chr5","176874674","176874834","chr19","4456933","4457093","21","172417741","GGCCAGGTGCGGTGGCTCATGCCTGTAATCCCAGCACTTTGGCAGGCGAAGGTGGGTGGATCCCAAGGTCAGGAGTTCGAGACCAGCCTGGCCAACATAGTGAAACCCCATCTCTACTAAAAAATACAAAAATTAGCCGGTCATGGTGGTGGGCGCCTGTA","GGCCAGGTGCAGTGGCTCATGCCTGTAATCCCAGCACTTTGGGAGGCTGATGTGGGCGAATCCTGAGGTCAGGAGTTCGAGACCAGCCTGGCCAACATGGTGAAACCCCTGTCTGTACTAAAAATACAAAAGATTAGCTGGGCGTAGTGGTGGGCACCTGT"
"chr5","179422174","179422475","chr5","178122067","178122377","9","1300107","CAGGCACGGGGGCTCACGCCTGTAATCCCAGCACTTTGGGAGGCTGAGCTGTGTGGATCACAAGGTCAGGAGTTCAAGACCAGCCTGGCCAACATGGTGAAACCCTGTCTCTACAAAAAATAAAAAAAAATTAGCCGGGCATGGTGGTGGGCACCTGTAATCCCAGCTACACGGGAGGCTGAGGCAGGAGAATTGCTTGAAACTGGAAGGCGGAGGTTCCAGTGAGCTGAGATGGCACTGCTGCACTCCAGCCTGGGCAACAAGAGCGAAAGTCCATCTCAAAAAAACAAAAGAAAAAAAAA","CAGGCACGGGGGCTCACGCCTGTAATCCCAGCACTTTGGGAGGCTGAGCTGTGTGGATCACAAGGTCAGGAGTTCAAGACCAGCCTGGCCAACATGGTGAAACCCTGTCTCTACAAAAAATAAAAAAAAAATTAGCCGGGCATGGTGGTGGGCACCTGTAATCCCAGCTACACGGGAGGCTGAGGCAGGAGAATTGCTTGAAACTGGAAGGCGGAGGTTCCAGTGAGCTGAGATGGCACTGCTGCACTCCAGCCTGGGCAACAAGAGCGAAAGTCCATCTCAAAAAAACAAAAGAAAAAATAAATAAATAA"
"chr5","179583104","179583368","chr7","150343832","150344092","43","29239272","CACTTTGGGAGGCCGAGGTGGGCAGATCACAAGGTCAAGAGTTCGAGACTAGCCTGACCAACATGGTGAAACCCCGTCTCCACTAAAAATACAAAAAAATTAGCCGGGCGTGGTGTCAGGCGCCTGTAATCCCATCTACTCAGGAGCCTGAGGCAGGAGAATGGCTTGAACGAGGGAGGTGGAGGTTGCAGTGAGCCGAGATCGCGCCACTGCACTCCATCATGGACATCAAGAACGAAACTCTGTCTCAAAAAAAAAAAAAGAA","TTTGGGAGGCCAAGGTGGGCAGATCACGAGGTCAGGAGTTCGAGACTAGCCTGGCCAACATGATGAAACCCCATCTCTACTAAAAATACAAAAATTAGCTGGGCGTGGTGGTGAGGGCCTGTAATCCGAGCTACTCAGGAGGCTGAGGCAGGAGAATTGCTTGAAACCAGAAGGCGGAGGTTGCAGTGAGCCGAGATTGTGCCACTGTACTCCAGCCTAGGCAATAAGAGCTAAACTCCGACTCAGGAAAAAATTAAAAAA"
"chr5","181024082","181024391","chr5","179728518","179728828","1","1295564","GGCCAGGCGCGGTGGCTCATGCCTGTAATCCCAGCACTTTGGGAGGCCGAGGCGGGTGGATCACCAGGTCGGCAGTTCGAGACCAGTCTGACCAACATGGTGAAACGCCGTCTCTACTAAAAATACAAAAAATTAGCTGGGCGTGGTGGCAGGCGCCTGTAATCCCAGTGACTTGGGAGGCTGAGGCAGGAGAATGGCTTGAAACCGGAAGGCAGAGGTTGCAGTAAGCTGAGATTGCGCCACTGCACTCTAGCCTGGGCAATAAAAGCAAAACTCCATCTCAAAAAAATAAATAAACAAATAACAAAAA","GGCCAGGCGCGGTGGCTCATGCCTGTAATCCCAGCACTTTGGGAGGCCGAGGCGGGTGGATCACCAGGTCGGCAGTTCGAGACCAGTCTGACCAACATGGTGAAACGCCGTCTCTACTAAAAATACAAAAAAATTAGCTGGGCGTGGTGGCAGGCGCCTGTAATCCCAGTGACTTGGGAGGCTGAGGCAGGAGAATGGCTTGAAACCGGAAGGCAGAGGTTGCAGTAAGCTGAGATTGCGCCACTGCACTCTAGCCTGGGCAATAAAAGCAAAACTCCATCTCAAAAAAATAAATAAACAAATAACAAAAA"
"chr5","181117549","181117734","chr17","7159736","7159920","27","173957813","GGCCAGGCACAGTGGCTCACATCTGTAATCCCAGCACTTTGGGAGGCTGAGGCGGACAGATCACGAGGTCAGGAGTTCGAGACCAGCCTGGCCAATATGGTGAAACCCCATCTCTACTAAAAAATACAAAAATTAGCCGGGCGTGGTCGCAAGCACCTGTAATCCCAGCTACTCGGGAGCTGAGGC","GGCCGGGTGCAGTGGCTCACGCCTGTAATCCCAGCACTTTGGGAGGCCGAGGTGGGCGGATCATGAAGTCAGGAGTTCGAGACCAGCCTGGCCAAAATGGTGAAACCCTGTCTGTACTAAACATACAAAAATTAGCCGGGCATGGTGGCGGGTGCCTGTAATCCCAGCTACTCAGGAGGCTGAAG"
"chr5","181368649","181368949","chr7","133208540","133208840","40","48160109","GGCCGGGTGCAGTGGCTCATGCCTGTAATCCCAGCACTTTGGGAGGCCGAGGTGGGCAGATCACAAGGTCAGGAGATCGAGAGCATCTTGGCCAACATGGTAAAATCCCATCTCTACTAAAAATACAAAAATTAGCCGGGCGTGGTGGCAGGCACCGGTAGTCCCAGCTCTTCTGGAGGCTGAGGCAGGAGAATCGCTTGAACCCGGTAGGCAGGGTTGTAGTGAGCCGAGATCACGCCACTGCACTCCAGCCTGGACGACAAGAGCGAAACTCTTGTCTCAAAAAAAAAAAAGAAAGAAA","GGCTGGGCGCAGCGGCTTACGCCTCTAATCCCAGCACTTTGGGAGGCCGAGGCTGGCAGATCATGAGGTCAGGAGTTCGAGACCAGCCTGGCCAACATGGTGAAACCCCGTCTCTATCAAAAATACAAAAATTAGCCAGTCGTGGTGGCAGGCACCTGTAATTCCAGCTACTCAGGAGGCTGATGCAGGAGAATCGCTTGAAACTAGAAGGCAGAGGTTGCAGTGAGCTGAGATCACGCCACTGCACTCCAGCCTGGTCAACAAGAGTGAAACTCTGTCTCAAAAAAAAAAAAGAAATAAA"
"chr5","181423550","181423707","chr2B","132000001","132000178","41","49423549","GGCCAAGGCAAGTGGATCACGAGGTCAGGAGTTCAAGACCAGCCTGACCAACATGGTGAAACCCCGTCTCTACTAAAAATACAAAAATTAGCCGGGCGTGGTGGTGGGCACCTGTAATCCCAGCTACTTGGGAGGCTGAGGCAGGAGAATCGCTTGAA","GGCCAGGGTGGTGGCTCACGCCTGTAATCCCAGCACTTTGGGAGGTCAAGAGTTTGAGACCAGCCTAGCCAACATGGCAAAACCGAGTCTCTACTATAAATACAAAAATTAGCCAGGCATGGTGGCTGGTGCCTGTAATCCCAGCTACTTGGGAGGCTGAGGCAGGAGAATCGCTTGA"
"chr5","182188175","182188471","chr5","180859394","180859690","1","1328781","GACCAGATGCAGTGGCTCACGCCTGTAATCCCAGCACTTTAGGAGGTTGAGGTGGGCGGATCGCGAGGTCAGGAGTTCGAGACCAGCCTGGCCAACATGGTGAAACACCATCTCTGCTAAAAATATAAAAATTAGCCAGGCGTGGTGGCAGGCACCTGTAATCCCAGCTACTCGGGAGTCTGAGGCAAGAGAATCGCTTGAAACCGGAAGGCAGAGGTTGCAGTGAGGCGAGATCACACCACTGCCCTCCAGCCTGGGTAGAAGAGCGAAACTCCATCTCAAAAATAAATAAATAAA","GACCAGATGCAGTGGCTCACGCCTGTAATCCCAGCACTTTAGGAGGTTGAGGTGGGCGGATCGCGAGGTCAGGAGTTCAAGACCAGCCTGGCCAACATGGTGAAACACCATCTCTGCTAAAAATATAAAAATTAGCCAGGCGTGGTGGCAGGCACCTGTAATCCCAGCTACTCGGGAGTCTGAGGCAAGAGAATCGCTTGAAACCGGAAGGCAGAGGTTGCAGTGAGGCGAGATCACACCACTGCCCTCCAGCCTGGGTAGAAGAGCGAAACTCCATCTCAAAAATAAATAAATAAA"
"chr5","182527012","182527166","chr19","4456933","4457093","27","178070079","GGCCGGGCGCGGTGGCTCACGCTTGTAATCCCAGCACTTTGGGAGGCCGAAGTGGACAGATCATGGGGTCATGAGTTCGAGACCAGCCTGACCAACACAGTGAAACCCCATCTCTACTAAAAATACAAAAATTAGCTGGGCATGGTGGTGGGTGC","GGCCAGGTGCAGTGGCTCATGCCTGTAATCCCAGCACTTTGGGAGGCTGATGTGGGCGAATCCTGAGGTCAGGAGTTCGAGACCAGCCTGGCCAACATGGTGAAACCCCTGTCTGTACTAAAAATACAAAAGATTAGCTGGGCGTAGTGGTGGGCACCTGT"
"chr5","182773294","182773461","chr3","176404519","176404679","35","6368775","GGCTGGGCGCAGTGGCTCACACCTGTAATCCCAGCACTTTGGGAGGCTGAGGCAGGCAGATCATGAGGTCAGCAGTTCGAGACCAGCCTGGCCAACATGGTGAAATCCCGTCTCTACTAAAAAAAAAAAAANAAAAAATTAGCCAAATTTGGTGGCAGGTGCCTGTAA","GACTGGGTGCAGTGGCTCATGCCTGTAATCCCAGCACTTTGGGAGGCTGAGGTGGGCAAATCAATGAGGTCAGGAGTTCAGACCAGCCTGACCAACAGGTGAAACCCCCATCTCTACTAGAAATATAAAAATTAGCTGGGCATGGGGGCGCATGCCTGTAA"
"chr5","183025167","183025423","chr5","181697419","181697673","2","1327748","CCGTAATCCCAGCACTTTGGGAGGCCAAGGCGGGTGGATCATGAGGTCAGGAGTTCGAGACCAGCCTGGCCAACATGGTGAAACCCCGTCTCTACTAAAAATACAAAAATCAGCCACATGTGTTGGGGGGCGCCTGTAATCCCATCTACTTGGGAGGCTGAGGCAGGAGAATTGCTTGAAGCTGGAAGGCAGAGGTTGCGGTGAGCCGAGATAGCGCCACTGCACTCCAGCCTAGGCGAAAGAGCGAAACTCCATCT","GTAATCCCAGCACTTTGGGAGGCCAAGGCGGGTGGATCATGAGGTCAGGAGTTCGAGACCAGCCTGGCCAACATGGTGAAACCCCGTCTCTACTAAAAATACAAAAATCAGCCACATGTGTTGGGGGGCGCCTGTAATCCCATCTACTTGGGAGGCTGAGGCAGGAGAATTGCTTGAAGCTGGAAGGCAGAGGTTGCGGTGAGCCGAGATAGCGCCACTGCACTCCAGCCTAGGCGAAAGAGCGAAACTCCATCT"
"chr5","183113832","183114103","chr5","181787288","181787560","1","1326544","GGCCGGGCGCGGTGGCTCAGGCCTGTAATTCCAGCACTTTTGGGAGGCTGAGGCCGGGAGTTCCAGCCCAGCCTGGCCAACATGGTGAAACCCCATCTCTACTAAAAATACAAAAATTAGCTGGGCGTGGTGGCAGGTGCCTGTAATCCCAGCTACTCAGGAGGCTGAGGCAGAAGAATTGCTTGAAACCGGAAGACGGAGGTTTCAGTGAGCTGAGATCGCGCCACTGAACTCCAGCCTGGGGGAAGGAGCAAAACTGTCTCAAAAAAAAA","GGCCGGGCGCGGTGGCTCAGGCCTGTAATTCCAGCACTTTTGGGAGGCTGAGGCCGGGAGTTCCAGCCCAGCCTGGCCAACATGGTGAAACCCCATCTCTACTAAAAATACAAAAATTAGCTGGGCGTGGTGGCAGGTGCCTGTAATCCCAGCTACTCAGGAGGCTGAGGCAGAAGAATTGCTTGAAACCGGAAGACGGAGGTTTCAGTGAGCTGAGATCGCGCCACTGAACTCCAGCCTGGGGGAAGGAGCAAAACTGTCTCAAAAAAAAAA"
"chr6","7928159","7928455","chr6","7867618","7867917","4","60541","GGCCGGGCGCGGGGGCTCAGGCCTGTGATCCCAGCACTTTGGGAGGCCAAGGTGGGCGGATCACTAGGTCAGGAGATCGAGACCAGTCTGGCCAACATGGTGAAACCCCATCTCTACTAAAAATGCAAAAATCAGCCGGGTGTGGTGGCCTGTGGTCCCAGCTACTCTGGAGGCTGAGGCAGGAGAATCACTTGAAACTGGAAGGTGGAGGTTCCAATAAGCAGAGAGTGCGTCACTGCACTCCAGCCTGGGCAACAAGAGCAAAAATCTGTCTCAAACAAACAAACAAACAAAAAA","GGCCGGGCGTGGGGGCTCAGGCCTGTGATCCCAGCACTTTGGGAGGCCAAGGTGGGCGGATCACTAGGTCAGGAGATCGAGACCAGTCTGGCCAACATGGTGAAACCCCATCTCTACTAAAAATGCAAAAATCAGCCGGGTGTGGTGGCCTGTGGTCCCAGCTACTCTGGAGGCTGAGGCAGGAGAATCACTTGAAACTGGAAGGTGGAGGTTCCAATAAGCAGAGAGTGCGTCACTGCACTCCAGCCTGGGCAACAAGAGCAAAAATCTGTCTCAAACAAACAAACAAACAAAAAACAA"
"chr6","9985597","9985906","chr6","9950185","9950494","3","35412","GCCAGGCGCAGTGTCTCACACCTGTAATCCCAGCACTTTGGGAGGCTGAGGTGGGTGGATCATGAGGTCAGGTGTTTGAGACCAGCCTGGCCAACATAGTGAAACCCCATTTCTACTAAAAATACAAAAATTAGCTGGGCGTGGTGGCGGGCACCTGTAATCCCAGCTACTCTAGAGGCTGAGGCAGGAGAATCGCTTGAAACCGCAAGGCAGAGGTTGCAGTGAGCTGAGATCCTGCCACTGAGCTTCAGCCTGGGCAACAAGAGTGATACTCCATCTCAAAAAAAAAAAAGAGAAGAAAAAGAAAAAA","GCCAGGCGCAGTGTCTCACACCTGTAATCCCAGCACTTTGGGAGGCTGAGGTGGGTGGATCATGAGGTCAGGTGTTTGAGACCAGCCTGGCCAACATAGTGAAACCCCATTTCTACTAAAAATACAAAAATTAGCTGGGCGTGGTGGCGGACACCTGTAATCCCAGCTACTCTAGAGGCTGAGGCAGGAGAATCGCTTGAAACCGCAAGGCAGAGGTTGCAGTGAGCTGAGATCCTGCCACTGAGCTTCAGCCTGGGCAACAAGAGTGATACTCCATCTCAAAAAAAAAAAAAGAAAGAAAAAGAAAAAA"
"chr6","13986574","13986873","chr6","13876212","13876518","16","110362","GGCCGGGCGTGGTGGCTCATGCCTGTAATCCCAGCACTTTGGGAGGCCGAGGTGGGTGGATCACGAGGTCAGGAGTTCGAGACCAGCCTGGCCAACATGGTGAAACCCCGTCTCTACTAAAAATACAAAAATTAGCCAGGCGTGGTGGCAGGCTCCTGTAGTCCTAGCTAGTTGGGAGGCTAAGGCAGGAGAATCGCTTGAAACCGGAAGGCAGACGTTGCAGTGAACAGAGATCGCGCCACTGCACTCCAGCGTAGGCGAAAGAGCGAAACTCTGTCTCAAAAAAAGAAATAAAAAGAA","GGCCGGGCGTGGTGGCTCATGCCTGTAATCACAGCACTTTGGGAGGCCGAGGGGGGCAGATCACGAGGTCAGGAGTTCGAGACCAGCCTGGCCAACATGGTGAAACCCCGTCTCTACTAAAAATACAAAAATTAGCCAGGCGTGCTGGCAGGCTCCTGTAGTCCTAGCTAGTTGGGAGGCTAAGGCAGGAGAATCGCTTGAAACCGGAAGGCAGACGTTGCAGTGAGCAGAGATCACGCCACTGCACTCTAGCGTAGGCGAAAGAGCGAAACTCCGTCTCAAAAAAAGAAAATAAAAAGAATGAAAA"
"chr6","16284668","16284958","chr6","16233044","16233334","3","51624","GGTGGCTCATGCTTGTAATCCCAGCACTTTGGGGGGCTGAGGCGGGTGGATCATGAGGCCAGGAGTTCAAGACTAGCCTGGTCAACACGGTGAAACCCCATCTCTACTAAAAATACAGAAATTAGCTGGGCTTGGTGGTGGGTGCCTGTAATCCCAGCTACTTGGGAGGCTGAGGCAAGAGAATCGCTTGAAACTGGAAGGTGAAGGTTGCAGTGAGCCGAGATCGCCCCACTGCACTCCAGCCTGGGTGAAAGAGCGAAACTCTGTCTCAAAAAAAATAAAAAATAAAAA","GGTGGCTCATGCCTGTAATCCCAGCACTTTGGGGGGCTGAGGCGGGTGGATCATGAGGCCAGGAGTTCAATACTAGCCTGGTCAACACGGTGAAACCCCATCTCTACTAAAAATACAGAAATTAGCTGGGCTTGGTGGTGGGTGCCTGTAATCCCAGCTACTTGGGAGGCTGAGGCAAGAGAATCGCTTGAAACTGGAAGGTGAAGGTTGCAGTGAGCCGAGATCGCCCCACTGCACTCCAGCCTGGGTGAAAGAGCGAAACTCCGTCTCAAAAAAAATAAAAAATAAAAA"
"chr6","16878290","16878598","chr6","16833084","16833393","4","45206","GGCTGGGTGTGGTGGCTCACATCTGTAATCCCAGCACTTTGGGAGGCCAAAGCGGGTGAATCACGAGGTCAGGAGTTCAAGACCAGCCTGGCCAACATAGTGAAATCCCGTCTCTACTAAAAATACAAAAATTAGCTGGGTGTGGTGGTGGGCACCTATAATCCTAGCTACTTGGGAGCCTGAGGCAGGAGAATTGCTTGAAACCAGAAGGCAGAGGTTGCAGTGAGCTGAGATCGCTCCACTGCACTCCAGCCTGGGTGAAAGAGCGAAACTCTGTCTCAAAAAAAAAAAAAAGACAAAAAACAAAAA","GGCCGGGTGTGGTGGCTCACATCTGTAATCCCAGCACTTTGGGAGGCCAAAGCGGGTGAATCACGAGGTCAGGAGTTCAAGACCAGCCTGGCCAACATAGTGAAATCCCGTCTCTACTAAAAATACAAAAATTAGCTGGGTGTGGTGGTGGGCACCTATAATCCTAGCTACTTGGGAGCCTGAGGCAGGAGAATTGCTTGAAACCAGAAGGCAGAGGTTGCAGTGAGCTGAGATCGCTCCACTGCACTCCAGCCTGGGTGAAAGAGCGAAACTCTGTCTCAAAAAAAAAAAAAAAAGACAAAAAACAAAA"
"chr6","17797324","17797597","chr6","17771304","17771577","2","26020","GGCCAGGCGTGGTGGCTCAAATCCCAGCACTTTGTGAGGCCAAGGCGGGCGGATCACGAGGTCAGGAGTTCGAGACCATCCTGGCCAACATGGTGAAACCCGTCTCTACTAAAAATGCAAAAATTAGCCAGACGTGGCAGGCGCCTGTGATCCCAGCTACTTGGGAGGCTGAGGCAGGAGAATCGCTTGAAACTGGAAGGCAGCGGTTGCAGTGAGCAGAGGTTGTGCCACTGCACTTCAGCCTGGGCAACAAGAGTGAAACTCTGCCTCAAAA","GGCCAGGCGTGGTGGCTCAAATCCCAGCACTTTGTGAGGCCAAGGCGGGCGGATCACGAGGTCAGGAGTTCGAGACCATCCTGGCCAACATGGTGAAACCCGTCTTTACTAAAAATACAAAAATTAGCCAGACGTGGCAGGCGCCTGTGATCCCAGCTACTTGGGAGGCTGAGGCAGGAGAATCGCTTGAAACTGGAAGGCAGCGGTTGCAGTGAGCAGAGGTTGTGCCACTGCACTTCAGCCTGGGCAACAAGAGTGAAACTCTGCCTCAAAA"
"chr6","17864917","17865224","chr6","17839428","17839743","11","25489","GCTGGGCGCGGTGGTTCATGCCTGTAATCCCAGCACTTTCGGAGGCCGAGGTGGGCGGATCATGAGGTCAGGAATTCGAGACCAGCCTGGCCAACATGGTGAAACCCTGTCTGTACTAAAAATACAAAAATTAGCTGGGCGTAGTGGCAGGCGCCTGTAGTCCCAGATACTTGGGAGGCTGAGGCAGGAGAATCGGTTGAAACCAGAAGGCGGAGGTTGCAGTGAGCCAAGATCGCACCACTGCAGTCCGGCCCGGGCAACAAGATCGAAACTCCGTCTCAAAAAAAAAAACAAAACAAACAAACAAA","GCTGGGCGCTGTGGTTCATGCCTGTAATCCCAGCACTTTCGGAGGCCGAGGTGGGCGGATCACGAGGTCAGGAATTCGAGACCAGCCTGGCCAACATGGTGAAACCCTGTCTGTACTAAAAATACAAAAATTAGCTGGGCGTAGTGGCAGGCGCCTGTAGTCCCAGATACTTGGGAGGCTGAGGCAGGAGAATCGGTTGAAACCAGAAGGCGGAGGTTGCAGTGAGCCAAGATCGCACCACTGCAGTCTGGCCCGGGCAACAAGATCGAAACTCCGTCTCAAAAAAAACAAACAAACAAACAAACAAACAAACAAA"
"chr6","20373974","20374266","chr6","20388964","20389256","0","14990","GGCCAGGTGCGGTGGCTCACGCCTGTAATCCCAGCACTTTGGGAGGCTGAAGTAGGCAGATCACAAGGTCAGGAGTTTGAGACCAGCCTGGCCAACATGGTGAAACCCTGTCTCTACTAAAAATACAAAAATTAGCCAGGTGTGGTGGCGGGCACCTATAATCCCAGCTACTTGGGAGGCTGAGGCAGGAGAATCGCTTGAAACCAGAGGGCGGAGGTTGCAGTGGGCCAAGATCGTGCCACTGCACTCCAGCCTGGGCAACAGGGTGAGACTCTGTCTCAAAAAAAATAAAA","GGCCAGGTGCGGTGGCTCACGCCTGTAATCCCAGCACTTTGGGAGGCTGAAGTAGGCAGATCACAAGGTCAGGAGTTTGAGACCAGCCTGGCCAACATGGTGAAACCCTGTCTCTACTAAAAATACAAAAATTAGCCAGGTGTGGTGGCGGGCACCTATAATCCCAGCTACTTGGGAGGCTGAGGCAGGAGAATCGCTTGAAACCAGAGGGCGGAGGTTGCAGTGGGCCAAGATCGTGCCACTGCACTCCAGCCTGGGCAACAGGGTGAGACTCTGTCTCAAAAAAAATAAAA"
"chr6","21817987","21818292","chr6","21854875","21855180","0","36888","GGCCAGGTGCGGTGGCTCACACCTGTAATCCCAGCACTTTTGGAGGCCGAGGCAGGCAGATCACGAGGTCAGGAGATCGAGACCATCCTGGCCAACAAAGTGAAACCCCATATCGCCTAAAAATACAAAAATTAGCTGGGCGTGGTGGCGGGCACCTGTAATCCCAGCTACTTGGGAGGCTGAGGCAGGAATATTGCTTGAAACTGGAAGGTGGAGGTTGCAGTGAGCCAAGATGGCGCCACTGCACTCCAACCTGGGCGAAAGAGTGAAATTCCATCTAAAAAAAAATAGGAAGAGAAATGAAAA","GGCCAGGTGCGGTGGCTCACACCTGTAATCCCAGCACTTTTGGAGGCCGAGGCAGGCAGATCACGAGGTCAGGAGATCGAGACCATCCTGGCCAACAAAGTGAAACCCCATATCGCCTAAAAATACAAAAATTAGCTGGGCGTGGTGGCGGGCACCTGTAATCCCAGCTACTTGGGAGGCTGAGGCAGGAATATTGCTTGAAACTGGAAGGTGGAGGTTGCAGTGAGCCAAGATGGCGCCACTGCACTCCAACCTGGGCGAAAGAGTGAAATTCCATCTAAAAAAAAATAGGAAGAGAAATGAAAA"
"chr6","21878607","21878912","chr6","21915572","21915877","3","36965","GGCCAGGAACAGTGGCTTACGCCTGTAATCCCAGCACTTTGGGAGGCTGAGGTGGGCGCATCACAACGTCAGGAGTTCGAGACCAGCTTGGCCAACACAGTGAAACCCCATCTCTACTAAAAATACAAAAAGTAGCTGGGTGTGGTGGTACGCACCTGTAATCCCAGCTACTCGGGAGGCTGAGGAAGAAGAATCACTTGAAACCGGAAGGTGGAGGTTACAGTGAGGAGAGATAGAGCCACTGCACTCCAGCCTGGGCAACAAGAGCAAAACTCCATCTCAAAAAAAACAAAAAAGAAAAAGAAA","GGCCAGGAACAGTGGCTTACGCCTGTAATCCCAGCACTTTGGGAGGCTGAGGTGGGCGGATCACAAGGTCAGGAGTTCGAGACCAGCTTGGCCAACACAGTGAAACCCCATCTCTACTAAAAATACAAAAAGTAGCTGGGTGTGGTGGTGCGCACCTGTAATCCCAGCTACTCGGGAGGCTGAGGAAGAAGAATCACTTGAAACCGGAAGGTGGAGGTTACAGTGAGGAGAGATAGAGCCACTGCACTCCAGCCTGGGCAACAAGAGCAAAACTCCATCTCAAAAAAAACAAAAAAGAAAAAGAAA"
"chr6","23192013","23192295","chr6","23252399","23252685","11","60386","GGCTGGGCGCGGTGGCTCATGCCTGTGATCCCAGCACTTTGGGAGGCTGAGGTGGGCAGATCATGAGGTCAGGAGTTTGAGACCAGCCTGGCCAACATGGTGAAAGCCCATCTCTACTAAAAATACAAAAATTAGTCAGGTGTGGTGGTGGGAACCTGTAATCCCAGCTACTCGGGCGGCTGAGGCAGGAGAATTGCTTGAAACTAGAAGTTAGAGGTTGCAGTGAGCCGAGATCACGCCATTGCCCTCCAGCCTGGGCAACAAGAGTGAAACTTTGTGTCAA","GGTTGGGCGCGGTGGCTCACGCCTGTGATCCCAGCACTTTGGGAGGCTGAGGTGGGCAGATCATGAGGTCAGGAGTTTGAGACCAGCCTGGCCAACATGGTGAAAGCCCATCTCTACTAAAAATACAAAAATTAGTCAGGTGTGGTGGTGGGAACCTGTAATCCCAGCTACTCAGGCGGCTGAGGCAGGAGAATTGCTTGAAACCAGAAGTTAGAGGTTGCAGTGAGCTGAGATCACACCATTGCCCTCCAGCCTGGGCAACAAGAGTGAAACTTTGTATCAACAAA"
"chr6","23688781","23689087","chr6","23757374","23757686","9","68593","GGCAGGGTGTGGGGGCTTACACCTATAATCCCAGCACTTTGGGAGGCCGAGGCAGGCAGATCACAAGGTCAGGAGTTCGAGACCAGCCTGGCCAACATGGTGAAACCACGTCTTTACTGAAAATACAAAAATTACCCGGGCGTGGTGGTGGTAGGCGCCTGTAATCCCAGCTACTCGGGAGGCTGAGGCAGAAGAATCACTTGAAACCAGAAGGCAGAGGTTGGCAGTGAGCTGAGATCATGCCACTGCACTCCAGCATGGGTGAAAGAGCAAAACTCTGTCTAACAAAAAAAAAAAAAAAAAAAAA","GGCAGGGTGTGGGGGCTTACACCTATAATCCCAGCACTTTGGGAGGCCGAGGCAGGCAGATCACAAGGTCAGGAGTTCGAGACCAGCCTGGCCAACATGGTGAAACCACGTCTTTACTGAAAATACAAAAATTACCCGGGCGTGGTGGTGGTAGGCGCCTGTAATCCCAGCTACTCGGGAGGCTGAGGCAGAAGAATCACTTGAAACCAGAAGGCAGAGGTTGCAGTGAGCTGAGATCATGCCACTGCACTCCAGCATGGGTGAAAGAGCAAAACTCTGTCTCAAAAAAAAAAAAAAAAAAAAAAAAAAAAAA"
"chr6","24172170","24172478","chr6","24241614","24241925","3","69444","GGTCGAGCACAGTGGCTCACACCTGTAATCCCAGCACTTTGGTTGGCCGAGGCAGGCAGATCACGAGGTCAGGAGTTTGAGACCAGCCTGGCCAACATGGTGAAACCCCGTCTCTACTAAAAATACAAAAATTAGCTGGGCGTGATGGCAGGCACCTGTAATCCCAGCTACTTGGGAGGTTGAGGCAGGAGAATTGCTTGAAACTGGGAGGCGGAGGTTGCACTGAGCCGAGATCACATCACTGCACTCCAGCCTGGGTAAAAGAGTGAAACTCTGTCTCAAAAAAAATAAAAATAAAAACCAAAAAAA","GGTCGAGCACAGTGGCTCACACCTGTAATCCCAGCACTTTGGTTGGCCGAGGCAGGCAGATCACGAGGTCAGGAGTTTGAGACCAGCCTGGCCAACATGGTGAAACCCCGTCTCTACTAAAAATACAAAAATTAGCTGGGCGTGATGGCAGGCACCTGTAATCCCAGCTACTTGGGAGGTTGAGGCAGGAGAATTGCTTGAAACTGGGAGGCGGAGGTTGCACTGAGCCGAGATCACATCACTGCACTCCAGCCTGGGTAAAAGAGTGAAACTCTGTCTCAAAAAAAATAAAAAATAAAAAACCAAAAAAAA"
"chr6","26777492","26777773","chr6","26550428","26550709","2","227064","GGCCGGGCGCAGTGCCTCATGCCTGTAATCCCAACACTTTTGGGAGGTCGAGGCGGGTGGATCACGAGATCAGGAGTTCGAGACCAGCCTGGCCAACATGGTGAAACCCCATCTCTACTAAAAACACAAAAATTAGGCGGGCGGCTGTAATACCAGCTATTCAGGAGGCTGAGGCAGGAGAATCGCTTGAAACCGTAAGGCGGAGGTTGCGGTGAGCTGAAATCGCGCCACTGCACTCCAGCCTGGATGAAAGAGCAAAACTCCGTCTCAACAACAACAAAA","GGCCGGGCGCAGTGCCTCATGCCTGTAATCCCAACACTTTTGGGAGGTCGAGGCGGGTGGATCACGAGATCAGGAGTTCGAGACCAGCCTGGCCAACATGGTGAAACCCCATCTCTACTAAAAACACAAAAATTAGGCGGGCGGCTGTAATACCAGCTATTCAGGAGGCTGAGGCAGGAGAATCGCTTGAAACTGTAAGGCGGAGGTTGCGGTGAGCCGAAATCGCGCCACTGCACTCCAGCCTGGATGAAAGAGCAAAACTCCGTCTCAACAACAACAAAA"
"chr6","27060243","27060551","chr6","26838662","26838969","14","221581","GGCCAGGCGTGATGGTTCCCGTCTGTAATCCGAGCACTTTGGGAGGCCGAGGCTGGCTGATCACGAGGTCAGGAGTTCGAGACCAGCCTGGCCAACATGGTGAACCCCGTCTTTACTAAAAACACAAAATTGGCCCGACGTGGTTGCTCATGCCTGTAATCCCAGCTACTCCGGAGGCTGAGGCAGGAGAATGGCTTGAAACCGGAAGGCGGAGGTTGCAGTGAACCGAGATCGGGCCACTGCACTCCAGCCTGGGCAACAAGAGCGAAACTCCGTCTCGAAAAAATAAATAAAACATATAAAAATAAA","GGCCAGGCGTGGTGGTTCCCGTCTGTAATCCGAGCACTTTGGGAGGCCGAGGCAGGCTGATCACGAGGTCAGGAGTTCGAGACCAGCCTGGCCAACATGGTGAAACCCCGTCTTTACTGAAAACACAAAAATTGGCCCGACGTGGTTGCTCATGCCTGTAATCCCAGCTACTCCGGAGGCTGAGGCAGGAGAATGGCTGAAACCGGAAGGCGGAGGTTGCAGTGAACCGAGATCGGGCCACTGGAATCCCAGCCTGGGCAACAAGAGCGAAACTCCGTCTCGAAAAAAATAAATAAAACATATAAAAA"
"chr6","29282476","29282760","chr19","59076998","59077292","26","29794522","GGCCGGGCGCGGTGGCTCACGCCTGTAATCCCAGCACTTTGGGAGGCCGAGGCGGGTGGCTCGCGAGGTCGGCAGTTCAAGACCAGCCTGACTAACATGGTGAAACCCCGTCTCTACTAAAAATACAAAAAAATTAGCTGGGCGTGGTGGCGGGCGCCTGTAATCCCAGCTACTTGGGAGGCTGAGGCAGGAGAATCTCTTGAAACCGGAAGGCGGAGGTTGCAGTGAGCCGAGGTGGTGCGACTGCACTCTAGCCTGGGCAACGAGAGCAAAACTCCGTCTCAA","GGCCGGGCGCGGTGGCTCACGCCTGTAATCCCAGCACTTTGGGAGGCCGAGGCGGGTGGATCACGAGGTCAGCAGTTCAAGACCAGCCTGACCAACATGGTGAAACCCCGTCTCTACTAAAAATACAAAAAAGTTAGCTGGGCGTGGTGGCGGGCGCCTGTAATCCCAGCAACTTGGGAGGCTGAGGCAGGAGAATCGCTTGAAACCGGAAGGCGGAGGTCGCAGTGAGCCGAGATTGCGCCACTATACTCTAGCCTGGGCAATAAGAGCAAAACTCCGTCTCAAAAAAAAAAGA"
"chr6","29914564","29914860","chr6","29700202","29700499","1","214362","GGCTGGGCACAGTGGCTCACGCCTGTAATCCCAGCTCTTTGGGAGGCCAAGGCAGGTGGATCATGAGGTCAGAAGTTCAAGACCAGCCTGGCCAACATGGTGAAACCCCGTCTCTACTAAAAATACATAAATTAGCTGGGCATGGTGGTAGGCTCCTGTAATCCCAGCTACTCAGGAGGCTGAGGCAGGAGAATCGCTTGAAACCAGAAGGCAGAGGTTGCAGTGAGCCGAGATCGTGCCACTGCACTCTAGCCTGGGCAACAAGAGTAAAATCCTGTCAAAAAAAGAAAGAAAGAA","GGCTGGGCACAGTGGCTCACGCCTGTAATCCCAGCTCTTTGGGAGGCCAAGGCAGGTGGATCATGAGGTCAGAAGTTCAAGACCAGCCTGGCCAACATGGTGAAACCCCGTCTCTACTAAAAATACATAAATTAGCTGGGCATGGTGGTAGGCTCCTGTAATCCCAGCTACTCAGGAGGCTGAGGCAGGAGAATCGCTTGAAACCAGAAGGCAGAGGTTGCAGTGAGCCGAGATCGTGCCACTGCACTCTAGCCTGGGCAACAAGAGTAAAATCCTGTCAAAAAAAAGAAAGAAAGAA"
"chr6","30554721","30555028","chr6","30483508","30483815","1","71213","GGCTGGACGTGGTGGCTCACGCCTGTAATCCCAGCACTGTGGGAGGCTGAGGTGGGTGGATCACAAGTCAGCAGTTCGAGACCAGCTTGACCAACACGGTGAAACCCCATCTCTACTAAAAATACAAAAAACTAGCTGGGCGTGGTGGTGTGCGCCTGTAACACCAGCGACTTGGGAAGCTGAGGCAGGAGAATCGCTTGAAACCAGAAGGCGGAGGTTGCAGTGAGCCGAGATTGCGCCACTGCACTCTATCCTGGGCAATAAGAGCAAAACTCCGTCAAAAATAAATAAATAAATAAACAAATAAA","GGCTGGACGTGGTGGCTCACGCCTGTAATCCCAGCACTGTGGGAGGCTGAGGTGGGTGGATCACAAGTCAGCAGTTCGAGACCAGCTTGACCAACACGGTGAAACCCCATCTCTACTAAAAATACAAAAAACTAGCTGGGCGTGGTGGTGTGCGCCTGTAACACCAGCGACTTGGGAAGCTGAGGCAGGAGAATCGCTTGAAACCAGAAGGCGGAGGTTGCAGTGAGCCGAGATTGCGCCACTGCACTCTATCCTGGGCAATAAGAGCAAAACTCCGTCAAAAATAAATAAATAAACAAACAAATAAA"
"chr6","31130707","31131013","chrX","42632705","42633009","43","11501998","GACCAGGCACGGTGGCTCACGCCTGTAATCCCAGCACTTTGGGAGGCTGAGGTGGGCAGATCACGAGCTCAGGAGTTTGAGACCACCCTGGCCAACATGGCAAAACCTTGTCTCTACTAAAAGTACAAAAATTAGCTGGGCATGGTGGTGGGTGCTTGTATTGCCAGCTACTCAGGAGGCTGAGGCAGGAGAATCACTTGCATCTGGGAGGCAGAGGTTGCAGTGAACCCAGATCGCGCCACTGCACTGTAGCCTGGGCAACAAGAGTGCAACTTCGTCTCAAAAAAATAAATAAAGAAAAATAAAA","GGCCAGGCGCGGTGGCTCATGCCTGTAATCCCAACACTTTGGGAGGCTGAGGCAGGCAGATCATGAGGTCAAGAGTTTGAGACCAGCCTGGCCAACATGGTGAAACCCCGTCTCTACTAAAAATACAAAAATTAGCTGGGCGTGATGGTGGGCACCTGTAATCCCAGCTACTCAGGAGGCTGAGGCAGGAGAATCACTTGAAACTGGAAGGCAGAGGTGGCAGTGAGCCAAGATGGTGCCACTGCACTCCAGCCTGGGCGAAAGAGTGAAATTCTGACTCAAAAAAAAAAAAAAAAAAGACAAAA"
"chr6","31268408","31268699","chr6","31001586","31001872","6","266822","GCCAGGCACAGTGGCTCACACCTGTAATCCCAACACTTTGGGAGGCCGTGGCAGGCGGATCATGAGGTCAGGAGTAAGAGATCAGCCTGGCCAACATGGTGAAACCCAGTCTCTACTAAAAATACAAAATTAGCTGGGCGTGGTGGTGGGCACCTGTAATCCCAGCTACACTGGAGGCTGAGGCAGGGGAATCACTTGAAACTGGAAGGCGGAGGTTGCATGAGCTGAGATCGTGCCACTGCACTCCAGCCTGGGCTACAACAGCACGGAACTCTCTCAAAAAAAAAGAAAA","GCCAGGCACAGTGGCTCACACCTGTAATCCCAACACTTTGGGAGGCCGTGGCAGGCGGATCATGAGGTCAGGAGTAAGAGATCAGCCTGGCCAACATGGTGAAACCCAGTCTTTACTAAAAATACAAAATTAGCTGGGCGTGGTGGTGGGCACCTGTAATCCCAGCTACACTGGAGGCTGAGGCAGGGGAATCACTTGAAACTGGAAGGCGGAGGTTGCATGAGCTGAGATCGTGCCACTGCACTCCAGCCTGGGCTACAACAGCACGGAACTCAAAAAAAAGAAAA"
"chr6","31786148","31786450","chr5","42238471","42238773","38","10452323","CCGGGCACAGTGGCTCACGCCTGTAATCCCAGCACTTTGGGAGGCTGAGACGGGCAGATCACAAGGTCAGGAGATGGAGACAAGGCTGGCCAACATGGTGAAACCCCGTCTCTACTAAAAATACAAAAATTAGCCAGGCGTGGTGGCCGGTGCCTGTAATCCCAGCTACTTGGGAGGTTAAGGCAGGAGAATTGCTTGAACCGGGAGGTGGAGGTTGCAGTGAGCCAAGATCACACCATTGCACTCCAGCCTGGGCAACAAGAGTGAAATGAAACTCCATCTCAAAAAAAAAAAAAAGAGAAA","GCTGGGCACGGTGGCTCAGGCCTGTAATCCCAGCACTTTGGGAGGCTGAGGCGGGCGGATCACAAGGTCAGGAGTTTGAGACTAGCCTGGCCAACATGGTGAAATCCCATCTCTACTAAAAATACAAAAATCAGCTGGGCGTGGTGGCAGGTGCCTGTAATCCCAGCTACTCAGGAGGCTGAGGCAGGAGAATCTCTTGAAACCGGAAGGTGGAGGTTGCAGTGAGCCGAGATCATGCCACCGCACTCCAGCCTGGGCAACAAGAGCGAAACTCCATCTCAAAAAAAAAAGAAGAAGAAGAAA"
"chr6","34240122","34240432","chr13","87170284","87170589","39","52930162","GGCCGGGCGCGGTGGCTAACGCCTGTAATCCCAACACTTTGGGAGGCCAAGGCGGGTGGATCACGAGGTCACAAGTTGAAGACCAGCCTGGCCAAGATGGTGAAACCCCATCTCTACTAAAAATAAAAAAATTAGCTGGGCGCAGTGGCAGGCGCCTGTAATCCCAGCTACTCGGGAGGCTGAGGCAGGAGAATTGCTTGAAACCAGAAAGTGGAGGTTGCAGTGAGCTCAGATTGCTGCCACTGCACTCCAGCCTGGGCAACACAAGAGAAACTCTGCCTCAAAAAAAAGAAAAGAAAGAAAGAAAGAAA","GGCCGGGCACGGTGGCTCACTCCTGTAATCTCAGCACTTTGGGAGGCCAAGGCAGGCGGATCACGAGGTCAGGATTTGAGACCAGCTTGGCCAACATGGTGAAACCCCGTCTCTACTAAAAACATAAAAATTAGCTGGGCGTGGTGGCAGGCACCTGTAATCCCAGCTACTCGGGAGGCTGAGGCAGGAGAATCGCTTGAAACTGGAAGGCAGAGGTTGCAGTGAGCTGAGATTGCGCCATTGCACTCCAGTCTGGGCAAAAGAGCGAAACTCCGTCTCAAAAAAAAAGAAAAGAAAGAAAGAAAA"
"chr6","35598562","35598843","chr8","97411994","97412282","38","61813432","TGGCTCACACTTATAATCCCAGCACTTTGGGAGGCCAAGGCAGGCGGATCACAAGGTCAGGAGTTCGAGACCAGCCTAGCCAACATGATGAAACCCCATCTCTACTAAAAATACAAAAATTAGCTGGGCGTGGTGGCAGGCGCCTGTAATCCCAGCTACTTGGGAGGCTGAGGCGGGAGAATCGCTTGAACTCAGCAGGCGGAGGTTGCAGTGAGCTGAGATCATGCCATTGCACTCCAGCCTGGGCAACGAGGATGAAACTCTGTCTCAAAAAAAAAAAAA","GGTGGCTCATGCCTGTAATCCCAGCACTTTGGAAGGTTGAGGCGGGCAGACCATGAGGTCAGGAGTTCGAGACCAGCCTGGCCAACATGGTGAAACCCCTTCTCTACTAAAAATACAAAAATTAGCCGGGGGTGGTGGCAGGCGCCTGTAATCCCAGCTACTTGGGAGGCTGAGGCAGGAGAATCACTTGAAACCGGAAGGTGGAGGTTGCAGTGAGCTGAGATCATACCACTGCACTCCAGCCTGGGCAATAAGAATGAAGCTCTGTCTCAAAAAAAAAAAAAAAAAA"
"chr6","36035558","36035863","chr6","35821711","35822019","4","213847","GCCAGGCGCGGTGGCTCACGCCTGTAATCCCAGCACTTTGGGAGGCTAAGGTGGGCAGATCACAAGGTCAGGAGTTCGAGACTAGCCTGGGCAACACGGTGAAACCCCATCTCTACTAAAAATACAAAAATTAGCCGAGCGTGGTGGCGGATGTCTGTAACCCCAGCTACTCGGGAGGCTGAGGCAGGAGAATCGCCTAAAACCAGGAGGCATAGGTTGCAGTGAGCAGAGATTGAGCCATTGCACTCCAGCCTGGGCAACAAGAGTGAGACTCTATCTCAAAAAAGAAAAAAAAAAGAAAGAAAA","GCCAGGCGCGGTGGCTCACGCCTGTAATCCCAGCACTTTGGGAGGCTAAGGTGGGCAGATCACAAGGTCAGGAGTTCGAGACTAGCCTGGGCAACACGGTGAAACCCCATCTCTACTAAAAATACAAAAATTAGCCGAGCGTGGTGGCGGATGTCTGTAACCCCAGCTACTCGGGAGGCTGAGGCAGGAGAATCGCCTGAAACCAGGAGGCATAGGTTGCAGTGAGCAGAGATTGAGCCATTGCACTCCAGCCTGGGCAACAAGAGTGAGACTCTATCTCAAAAAAGAAAAAAAAAAAAAGAAAGAAAA"
"chr6","38088300","38088608","chr20","113657","113969","40","37974643","GGGCGGACGCAGTGGCTCATGCCTGTAATCCCAGCACTTTGGGAGGCCGAGGCAGGTGGATCAAAAGGTCAGGAGTTTGAGACCAGCCGAGCCAACATAGTGAAACCCTGTCTCTACTAAAAATACAAAAAAAATTAGCCAGGTGTGGTGGTGGGCACCTGTAATCCCAGCTACTCACAAGGCTGAGGCAGGAGAATCACTTGAACCCGGGAAGGTGGAGGTTGCAGTGAGCCGAGTTCACACTATTGCACTCCAGCCTGGGCAACAAGAGCGAGACTCCGTCTCTAAATAAATAAACAAATAAATAAA","GGCCAGGCGCAGTGGCTCACGCCTGTAATCCCAGCACTTTGGGAGGCTGAGGCAGGTGGATCACAAGGTCAGGAGTTCGAGACCAGCCTGACCAACATGGTGAAACCCTGTCTCTACTAAAAATACAAAAAAAATTAGCCGGGTGTGGTGGTGGGCCCCTGTAATCCCAGCTACTCGAGAGGCTGAGGCAGGAGACTCACTTGAAACTAGAAGGCGGAGGTTGCAGTGAGCCGAGGTCGTGCCACCACACTACACCCTGGGCAACAAGAGCAAAACTCCGTCTCAAAAAAATAAAATAAATAAAATAAATAAA"
"chr6","38258242","38258508","chr6","38001493","38001760","1","256749","AATCCCAGCACTTTGGGAGGCTGGGCAGATCACGAGGTCAGTAATTTGAGACCAGCCTGGCCAACGTGGTGAAAGCCCGTCTCTACGAAAAATACAAAAATTAGCTGGGCGTGGTGGTGGGCGCCTGTAAACCCAACTACTCGGGAGGCTGAAGCAGGAGAATCACTTGAAACTGGAAGGCGGAGGTTGCAGTGAGCCGAGATCGTGCCACTGCACTCCAGCATGGGTGAAAAGCGAAACTCCATCTCAAAAAATAAACAAAAACAA","AATCCCAGCACTTTGGGAGGCTGGGCAGATCACGAGGTCAGTAATTTGAGACCAGCCTGGCCAACGTGGTGAAAGCCCGTCTCTACGAAAAATACAAAAATTAGCTGGGCGTGGTGGTGGGCGCCTGTAAACCCAACTACTCGGGAGGCTGAAGCAGGAGAATCACTTGAAACTGGAAGGCGGAGGTTGCAGTGAGCCGAGATCGTGCCACTGCACTCCAGCATGGGTGAAAAGCGAAACTCCATCTCAAAAAAATAAACAAAAACAA"
"chr6","42645441","42645629","chr17","7159736","7159920","26","35485705","GGCTGGATGCGGTGGCTCACGCCTGTAATCCCAACACTTTGGGAGGCTGAGGTGGGCGTATCACAAGGTCAGGAGTTCGAGACAAGCCTGGCCAACATGGTGAAACCCCGTCTCTATTAAGAATACAAAAATTAGCAGGGCGCGGTGGTGGGTGCCTGTAATCCCAGCTACTTGGGAGGCTGAGGCAGG","GGCCGGGTGCAGTGGCTCACGCCTGTAATCCCAGCACTTTGGGAGGCCGAGGTGGGCGGATCATGAAGTCAGGAGTTCGAGACCAGCCTGGCCAAAATGGTGAAACCCTGTCTGTACTAAACATACAAAAATTAGCCGGGCATGGTGGCGGGTGCCTGTAATCCCAGCTACTCAGGAGGCTGAAG"
"chr6","43537421","43537573","chr8","93052303","93052451","28","49514882","GGCCAGACACATTGGCTCACGCCTGTAATCCCAGCACTTTGGGAGGCTGAGGTGGGCAGATCACAAGCTCAGGAGTTCAAGACCAGCCTGGCCAACATAGTGAAACCCCATCTCTACTAAAAATATAAAAATTAACCAGGTGTGGTGGTGGGC","GGCTGGGCATGCTGGCTCACGCCTATAATCCCAGCACTTTGGGAGTCCGAGGCGGGCAGATCATGGAGNTCCAGGAGTTCGAGACCAGCCTGGACAACATAGTGAGACCCCATCTCTACAAGAATGTAAAATTAGCCAGGTGTGGTAGC"
"chr6","45491853","45492150","chr6","45277610","45277921","21","214243","CTGGGCACGGTGGCTCACGCCTGTAATCCCAGTACTTTAGGAGGCTGAGGTGGGCAGATCATGAGGTCAGGAGCTCGAGACCAGCCTGGCCAACGTGGTGAAACCCCGTCTCTACTGAAAATACGAAAATTAGCTGGGCATGGTGGCGGATGCCTGTAATCCCAGCTACTCGGGAGGCCAAGGCAGGAGAATCGCTTGAAACCAGAAGGTGGAGGTTGCAGTGAGCCAAGATCTCGCCACTGCACTCCAGCCTGGGCAAAAGAGCAAAACTCTGTCTACAAAAAAAAAAAAAAAAAAA","GGCCGGGCACAGTGGCTCACGCCTGTAATCCCAGTACTTTAGGAGGCTGAGGTGGGCAGATCATGAGGTCAGGAGCTAGAGACCAGCCTGGCCAACATGGTGAAACCCCGTCTCTACTGAAAATACAAAAATTAGCTGGGCATGGTGGCGGATGCCTGTAATCCCAGCTACTCAGGAGGCCAAGGCAGGAGAATCGCTTGAAACCAGAAGGTGGAGGTTGCAGTGAGCCAAGATCTCGCCACTGCACTCCAGCCTGGGCAAAAGAGCAAAACTCTGTCTCTCTTAAAAAAAAAAAAAAAAAAAAAAAAAAAA"
"chr6","45987919","45988200","chr9","130199403","130199681","33","84211484","GGCTAGGTGCGGTGGCTCACGCCTGTAATCCCAGCACTTTGGGAGGCTGAGGTGGGTGGATCATGAGGTCAGGAGTTCGAGACCAGCCTGGCCAACATGGTGAAACCCCGTCTCTACTAAAAAAACACAAAAATTAGCTGGGCGTGGTGGCGGGTGCCTGTAATCCCAGCTACTCAGGAGACTGAGGCAGGAGAATTGTTTGAAGCTGGGAGGCGGAGATTGCAGTGAGCCAAGATCATGCCACCGCACTCCAGCCTAGGCAACAAGAGCGAAACTTCGTCT","GGCCAGGCGTGGTGGCTCACGCCTGTAATCCCAGCACTTTGGGAGGCCGAGGTGGGTGGATCACGAAGTCAGGAGTTGGAGACCATCCTGGCCAACATGGTAAAACCCCGCCTCTACTAAAAATACAAAAATTAGCTGGGGGTGGTGGCATGCGCCTATAATCCCAGCTACTCAGGAGGCTGAGGCAGGAGAATCGCTTGAAACCAGAAGGCAGAGGTTGCAATGAGCCAAGATCGTGCCACTGCACTCCAGCCTGGGCAACAAGAGCGAAACTCCGTC"
"chr6","47924579","47924868","chr6","47734948","47735238","2","189631","GGCCAGGCGTGGTGGCTCACGCCTGTAATCCCAGCACTTTGGGAGGCTGAGGCGGGTGGATCACGAGGTTAGGAGTTCAAGACCAACCTAGCCAACATGGTGAAACCTAATCTGTACCAAAAATACAAAAATTAGCTGGGCGTGGTGGTGAGTGCCTGTAATCCCAGCTACTCGGGAGGCTGAGGCAGGAGAATCGCTTGATACTGGAAGGCGGAGGTTGCAGTGAGCCGAGATCGCACCACTGCACTCCAGCCTGGGCAACAGAGCAAAGCTCTATCTCAAAAAAAAAA","GGCCAGGCGTGGTGGCTCACGCCTGTAATCCCAGCACTTTGGGAGGCTGAGGCGGGTGGATCACGAGGTTAGGAGTTCAAGACCAACCTAGCCAACATGGTGAAACCTAATCTGTACCAAAAATACAAAAATTAGCTGGGCGTGGTGGTGAGTGCCTGTAATCCCAGCTACTCGGGAGGCTGAGGCAGGAGAATCGCTTGATACTGGAAGGCGGAGGTTGCAGTGAGCCGAGATCCCACCACTGCACTCCAGCCTGGGCAACAGAGCAAAGCTCTATCTCAAAAAAAAAAA"
"chr6","49068354","49068459","chr6","48908843","48908953","7","159511","GAATCGCTTGAAACCGGAAGGTGGAGGTTGCAGCAAGCCGGGATCGCACCACTGCACTCCAACGTGGGCAACAAGAGCAAAATTCCGTCTCAAAAAAAAAAGAGAA","GAATCGCTTGAAACTGGAAGGTGGAGGTTGCAGCAAGCCGGGATCGCACCACTGCACTCCAACGTGGGCAACAAGAGCAAAATTCCGTCTCAAAAAAAAAAAAAAAAAGAA"
"chr6","51248308","51248486","chr20","29845882","29846072","36","21402426","TACTAAAATACACAAAATTAGCCGGGTGTGGTGGGGGCACCTGTAATCCCAGCTACTCAGGAGGCTGAGGCAGGAGAATCCCTTGAAACCGGGAGGCGGAGGTTGCGGTGAGCCGAGATCACACCACTGCATGCCAGCCTGGGCGACAAGAGCAAAACTCTGTCTCAAAAAAAAAAAAA","TAAACATACAACAATACGCCAGGTGTGGTGGTGGGCACCTGTAATCCCAGCTACTCGGGAGGCTGAGGCAGGAGAATCGCTTGAAACGGGGAGGAGGAGGTTGCAGTGAGCCGAGATCGCACCATTGCACTCCAGCCTGGGCAACAAGAGCGAAACTCCATCTCAAATAAAATAAAATAAAATAAAATAAA"
"chr6","52609042","52609335","chr6","52488538","52488832","1","120504","GGCTGGGCATGGTGGCTCATGCCTATAATCCCAGCACTTTGGGAGGCCAAGGCAGGCGGATCACGAGGTCAGGAGTTCAAGACTAGCCTGGCCAACATGGTGAAACCCTGTCTCTAATAAAACTACAAAAATTAGCCAGGCATGGTGGCAAGCAGCTATAATCCCAGCTACTTGGGAGGCTGAGGCAGGAGAATTACTTAAAACTGGAAGGCAGAGGTTGCAATGAGCTGAGATGGTGCCACTGCACTCCAGCCTGGGCAATAAGAGCAAAACTCCATCTCAAGAAAAAAAAAA","GGCTGGGCATGGTGGCTCATGCCTATAATCCCAGCACTTTGGGAGGCCAAGGCAGGCGGATCACGAGGTCAGGAGTTCAAGACTAGCCTGGCCAACATGGTGAAACCCTGTCTCTAATAAAACTACAAAAATTAGCCAGGCATGGTGGCAAGCAGCTATAATCCCAGCTACTTGGGAGGCTGAGGCAGGAGAATTACTTAAAACTGGAAGGCAGAGGTTGCAATGAGCTGAGATGGTGCCACTGCACTCCAGCCTGGGCAATAAGAGCAAAACTCCATCTCAAGAAAAAAAAAAA"
"chr6","54417759","54418060","chr7","64915461","64915764","26","10497702","GCCAGGCGCGGTGGCTCATGCCTGTAATCCCAGCACTTTGGGAGGCTGAGGTAGGTGGGTCACGAGGTCAACAGTTCGAGACCAGCCTGACCAACGTGGTGAAACCTCGTCTCTACTAAAAATACAAAAAAATTAGCTGGGCATGGTGGCAGGCACCTGTAACCCCAGTGACTTGGGAGGCTGAGGTGGGAGAATCACTTGAAACCGGAAGGCAGAGGTTGCAGTGAGCCAAGATTGCGCCACTGCACTCTAGCCTGGGCAATAAGAGCAAAACTCCGTCTCAAAAAAAAAAAAAAAAAAAA","GGCCAAGCGCTGTGGCTTACACCTGTAATCCCAGCACTTTGGGAGGCCGAGGTGTGTGGATCACGAGGTCAGCAGTTCGAGACCAGCCTGACCAACATGGTGAAACCCCGTCTCTACTAAAAATACAAAAAAATTAGCTGGGCATGGTGGCGGGCACCTGTAATCCCAGCGACTTGGGAAGCTGAGGCAGGAGAATCGCTTCAAACTGGAAGGCAGAGGTTGCAGTGAGCCAAGATTGCACCACTGCACTCTAGCCTGGGCAATAAGAGCAAAACTTTGTCTCAAAAAAAAAAAGAAAAAAAAA"
"chr6","56442288","56442581","chr6","56018819","56019112","0","423469","GCTGCGTGTGGTGGCTCAAGCCTGTAATCCCAGCACTTTGGGAGGCCGAGATGGGCGGATCATGAGGTCAGGAGTTGGAGACCAGCCTGGCCAACATGGTGAAACCCCGTCTCTACTGAAAACACAAAAATTAGCTGGGCATGGTGGTGGGCGCCTGTAATTCCAGCTACTCGGGAAGCTGAGGCAGGACAATCGCTTGAAACCGAAAGGCGGAGGTTGCAGTGAGCCGAGATCATGGCACTGCACTCCAGCCTGGGCAAAAGAGCGAGACACCATCTTCAAAAAGAAAGAAAA","GCTGCGTGTGGTGGCTCAAGCCTGTAATCCCAGCACTTTGGGAGGCCGAGATGGGCGGATCATGAGGTCAGGAGTTGGAGACCAGCCTGGCCAACATGGTGAAACCCCGTCTCTACTGAAAACACAAAAATTAGCTGGGCATGGTGGTGGGCGCCTGTAATTCCAGCTACTCGGGAAGCTGAGGCAGGACAATCGCTTGAAACCGAAAGGCGGAGGTTGCAGTGAGCCGAGATCATGGCACTGCACTCCAGCCTGGGCAAAAGAGCGAGACACCATCTTCAAAAAGAAAGAAAA"
"chr6","68805482","68805747","chr20","38322986","38323237","50","30482496","AGCAATTTGGGAGGCCAAGACGGGTGGATCACAAGGTCAGGCATTTGAGACCAGCCTGGTCAGCATAGTGAAAACCTGTATCTACTAAAAAGACAGAAAAAATAGCCGGGCATGGTGGTGGGCACTTGTAATCCCAGCTACTCAGGAGGCTGAGGCAGGAGAATCACTTGAATCCGGGAGGCAGAGGTTGCGGTGAGCCGAGATCGTGCCATTACACTCCAGCCTGGGCAACAAAAGCGAAGCTCTGTCTCAAAAAAAAAAAAAAA","TTGGGCGGCCAAGGCGGGCGGATCACAAGGAGTTCGAGACCAACCTGGCCAACATAGTGAAACCCCGTCTCTACTAAAAATAAAAAAATTAGCCGGGCGTGGTGGCAGGCGCCTGTAATCCCAGCTACTCAGGAGGCTGAGGCAGGAGAATCGCTTGAAACCGGAAGGCAGAGGTTGCAGTGAGCCGAGATCACGCCACTGCACACCAACCTGGGTGGAAGAGCGAAACTCCATCTCAAAAATAAAATAAAA"
"chr6","74626938","74627113","chr2A","59317576","59317749","41","15309362","GGCCAGGTGGTGGCTCACGCCTGTAATTCCACCATTTTGGGAGGCTGAGGTGGGGAGATCACAAGGTCAGGAGTTCAGACCAGCCTTGCTAATATGCTGAAACCCCATCTCTACTGAAAATACAAAATTAGCTGGGTGTGGTGGCAGGTGCCTATAGTTAGGAGGCTGAGCCAAGA","GGCTGGGAGTGGTGGTTCATGCCTGTAATCCCAGCACTTTGGGAGGCTGAGGTGGGCAGATCACTGAAGGTCAGGAGTTTGAGACTAGCCTGGCCAACGTGGTGAAACCCCGTCTCTACTAAAAATACAAAATTAGCCGGTTGTGGTGGCGGGCACGTGTAATCCCAGCTACTC"
"chr6","78497115","78497393","chr6","77782550","77782828","0","714565","GGCCTGGCACAGTGGCTCACGCCTGTAATCCCAGTACTTTGGGAGGCCGAGGCAGGTGGATCACGAGGTCAAGAGATTGAAACCATTCTGACCAACATGATGAAACCCCGTCTCTACTAAAAATACAAAAATTAGCTGGGCGTGGTGGCACATGCCTGTAGTCCCAGCTACTTGGGAGGCTGAGGCAGGAGAATCGCTTGAAACCGGAAGGTGGAGGTTGCAGTGAGCCAAGATCGTGCCACTGCACTCCAGCCTGGGCAGTAAGAGCGAAACTCCATC","GGCCTGGCACAGTGGCTCACGCCTGTAATCCCAGTACTTTGGGAGGCCGAGGCAGGTGGATCACGAGGTCAAGAGATTGAAACCATTCTGACCAACATGATGAAACCCCGTCTCTACTAAAAATACAAAAATTAGCTGGGCGTGGTGGCACATGCCTGTAGTCCCAGCTACTTGGGAGGCTGAGGCAGGAGAATCGCTTGAAACCGGAAGGTGGAGGTTGCAGTGAGCCAAGATCGTGCCACTGCACTCCAGCCTGGGCAGTAAGAGCGAAACTCCATC"
"chr6","79374356","79374642","chr6","78681876","78682162","1","692480","GCCGGGCGTGGTGGCTCATGCCTGTAATCCCAGCACTTTGGGAGGCCGAGGCAGGTGGATCACAAGGTCAGGAGTTCGTAACCAGCCCGGCCAACATGGTGAAACCCTGTCTCTACTAAAAATACAAAAATTAGCTGGGCATGTCGGCGGGCGCCTGTAGTCCCAGCTACTCAGAGGTGAGGCAGGAGAATCACTTGAAACTGGAAGGCAGAGGTTGCAGTGACCCCAGATCGTGCCACTGCACTCCAGCATGAGCAAAAGAGCAAAAATCCTCTAAAAAAAAAAAA","GCCGGGCGTGGTGGCTCATGCCTGTAATCCCAGCACTTTGGGAGGCCGAGGCAGGTGGATCACAAGGTCAGGAGTTCGTAACCAGCCCGGCCAACATGGTGAAACCCTGTCTCTACTAAAAATACAAAAATTAGCTGGGCATGTCGGCGGGCGCCTGTAGTCCCAGCTACTCAGAGGTGAGGCAGGAAAATCACTTGAAACTGGAAGGCAGAGGTTGCAGTGACCCCAGATCGTGCCACTGCACTCCAGCATGAGCAAAAGAGCAAAAATCCTCTAAAAAAAAAAAA"
"chr6","81391392","81391591","chr3","78120642","78120843","32","3270750","GCCAGGTGCGGTGGCTCACACCTGTAATCCCAGCACTTTGGGAGGCCAAGGCGGGTGGATCACAAGGTGAGGGGTTCGAGACCATCCTGACCAACATGGTGAAACCCTGTCTCTACTAAAAATACAAAAAGTAGCCAGGCATGGTCGTGGGCACCTGTAATCCCAGCTACTTGGGAAGGCTGAGGCAGGAGATTGCTTGA","GGCCAGGTGCGGTGGTTCACGCCTGTAATCCTAGCACTTTGGGAGGCTGAGGAGGGCAGATCATGAGGTCAGGAGTTCGATATCAGCCTGGCCAACATTGCGAAACCCCGTCTCTACTAAAAATACAAAAATTAGCCAGGCGTGGTGGCAGGCACCTGTAATCCCAGCTACTTGGGAGACTGAGGCAGAAGAATGGCGTGAA"
"chr6","88827057","88827358","chr7","65019976","65020297","26","23807081","GGCCGGATGTGGTAGCTCATGCCTATAATCCCAGCACTTTGGGAGGCCGAGGCGGGCAGATCACGAGATCAGGAGTTCGAGACCGGCCTGCCCAACATGGTGAAACCCCGTCTCTACTAAAAATACAAAAAAATTAGCTGGGCATGATGGCGGATGCCTGTAATCCCAGCTACTTGGGAGGCTGAGGCAGGAGAATCGCTTGAAACCGGAAGTCGGAGGTTGCAGTGAGCCGAGATCATGCCGTTGCACTCCAGCCTGGGCAACAAGAGTGAAACTCCGTCTCAGAAAAAAAAAAAAAGAAA","GGCCGGACGTGGTAGCTCATGCCTATAATCCCAGCACTTTGGGAGGCCGAGGCGGGCAGATCACGAGATCAGGAGTTCGAGACCGGCCTGCCCAACATGGTGAAACCCCGTCTCTACTAAAAATACAAAAAAATTAGCTGGGCATGATGGCGGATGCCTGTAATCCCAGCTACTCGGGAGGCTGAGGCAGGAGAATTGCTTGAAACTGGAAGTCGGAAGTTGCAGTGAGCCGAGATCATGCCGTTGCACTCCAGCCTGGGCAACAAGAGTGAAACTCCGTCTCAAAACCACAAAGCAAAAAAAAAAAAAAAAAAAAAAAAAA"
"chr6","91123814","91124099","chr6","90613671","90613954","4","510143","GGCTGGGTGCAGTGGCTCAAGCCTGTAATCCCAGCACCTTGGCAGGGTGAGGTGGGCAGATCACGAGGTCAGGAGTTCGAGACCAGCCTGGCTAACATGGTGAAACCCGTCTCTACTAAAAATACAAAAAAATTAGCTGGGCATGGTGGCGGGCACCTGTAATCTCAGCTACTCGGGAGGCTGAGGCAGGAGAATCGCTTGAAACCGGAAGGCAGAGGTTGCAGTGAGCTGAGATTGTGCCACTGCACTCCAGCCTGGGCAACAAGAGCGAAATTCCATCTCAAAA","GGCTGGGTGCAGTGGCTCAAGCCTGTAATCCCAGCACCTTGGCAGGGTGAGGTGGGCAGATCACGAGGTCAGGAGTTCGAGACCAGCCTGGCTAACATGGTGAAACCCGTCTCTATTAAAAATACAAAAAAATTAGCTGGGCATGGTGGCGGGCACCTGTAATCTCAGCTACTCGGGAGTCTGAGGCAGGAGAATCGCTTGAAACCGGAAGGCAGAGGTTGCAGTGAGCTGAGATTGTGCCACTGCACTCCAGCCTGGGCAACAAGAGCGAAATTCCATCTCAA"
"chr6","100648405","100648627","chr6","99816809","99817031","0","831596","GGCCTGGCATGGTGGCTCACGCCTGTAATCCCAGCACTTTGGGAGGCTGAGGGGGGCGGATAACAAGGTCAAGCGTTTGAGACCAGCCTGGCCAACATGGTGAAACCCCGTCTCTACTAAAAATACAAAAATTAGCCAGGCGTGGTGGCGGGCACCTGTAATTCCAGCTATTCGGGAGGCTGAGGCGGGAGAATCACTTGAAACCAGAAGGCGGAGGTTGCAG","GGCCTGGCATGGTGGCTCACGCCTGTAATCCCAGCACTTTGGGAGGCTGAGGGGGGCGGATAACAAGGTCAAGCGTTTGAGACCAGCCTGGCCAACATGGTGAAACCCCGTCTCTACTAAAAATACAAAAATTAGCCAGGCGTGGTGGCGGGCACCTGTAATTCCAGCTATTCGGGAGGCTGAGGCGGGAGAATCACTTGAAACCAGAAGGCGGAGGTTGCAG"
"chr6","101179777","101179856","chr5","109200674","109200757","40","8020897","GAAAGTAGAGAGTAGAATGANNNNNNNNNNNNNNNNNNNNACTCCAGCCTGGGCAACAGAGCAAGACNCTGTACTCGAAA","AAGTGGAGGTTGCAGTGAGTCAAATTCACGCCCACTGCACTCCAGCCCGAGCAACAAGAGCAAAACTCCGTCTCAAAAAAGAAA"
"chr6","103063265","103063562","chr6","102280242","102280539","1","783023","GGCCGGGCGAGGTGGCTCATGCTTGTAATCCCAGCACTTTGGGAGGCCAAGGCGGGTGGATCATGAGGTCAGGAGTTCCAGACCAGCCTGGCCAACATGGTGAAACCCCATCTCTACTAAAACTACAAAAATTAGCCAGGCGTGGTGGTGGGCACCTGTAATCCCAATTACTTGGGAGGCTGAGGCAGGCGAATCACTTGAAATCAGGAGGCAGAGGTTGCAGTGAGCCGAGATTCCACCACTGCACTCCAGCCTGGGCGACAAGAGCAAAACTCCATCTCAAAACAAACAACAAGAA","GGCCGGGCGAGGTGGCTCATGCTTGTAATCCCAGCACTTTGGGAGGCCAAGGCGGGTGGATCATGAGGTCAGGAGTTCCAGACCAGCCTGGCCAACATGGTGAAACCCCATCTCTACTAAAACTACAAAAATTAGCCAGGCGTGGTGGAGGGCACCTGTAATCCCAATTACTTGGGAGGCTGAGGCAGGCGAATCACTTGAAATCAGGAGGCAGAGGTTGCAGTGAGCCGAGATTCCACCACTGCACTCCAGCCTGGGCGACAAGAGCAAAACTCCATCTCAAAACAAACAACAAGAA"
"chr6","103765029","103765322","chr15","75070840","75071138","42","28694189","CCCAGCACGGTGGCTCAGGCCTGTAATCCCAGCACTTTGGGAGGCCAAGGCGGGTGGATCACGAGGTCAAGAGATTGAGACCATCCTGGCCAACGCGATGAAACCCCGTCTCCACTAAAAATACAAAAATTAGCTGGGCGTAGGGTGCCTGTAATCCTAGCTGCTCGGGAGGCTGAGGTAGGAGAATCACTTGAAACTGGGAGGCGGAGGTTGCAGTGAGCCAAGATGGCACCACTGCACTCCAGCGCCTGGGCGACAAGAGCAAAACTCGGTCTAAAAAAAAAAAAAAAAAAA","GGCTGGGCGTGGTGGCTCATGCCTGTAATCCCAGCACTTTGGGAGGCCGAGGCTGGTGGATCACAAGGTCAGGAGTTCGAGACCAGCCTGGCCAACATGGTGAAACCCTGTCTCTACTAAAAATACAAAAATTAGCTGGGCATGGTGGCGTGCACCTGTAATCCCAGCTACTCGGGAGGCTGAGGCAGGAGAATCGCTTGAAACTGGAAGGCGGAGTTTGCAGTGAGCCGAGATCGTGCCACTGCACTCCAGGCTGGGCAACAAGAGCAAAACTCCGTCTCAAAAAAAAAAAAAAAAAA"
"chr6","103858875","103859052","chr6","103087848","103088025","3","771027","TAGCCAGGTGTGGTGGCAGGTGCCTGTAATCCCAGCTACTGGGGAGGCTGAGGCAGGAGAACCGCTTGAAACTGGAGGCAGAGTTTGCAGTGAGCTGAGATCACACCATTGCACTCCAGCCTGGACAACAAGAGCAAAACTCCACCTCGAAAAGAAAAAAAAAGTAATAAAAAGAAAA","TAGCCAGGTGTGGTGGCAGGTGCCTGTAATCCCAGCTACTGGGGAGGCTGAGGCAGGAGAACCGCTTGAAACTGGAGGCAGAGTTTGCAGTGAGCTGAGATCACACCATTGCACTCCAGCCTGGACAACAAGAGCAAAACTCCACCTCAAAAAGAAAAAAAAAAGTAATAAAAAGAAA"
"chr6","110606058","110606340","chr6","109814287","109814571","3","791771","CTGTAATCCCAGCACTTTGGGAGGCCGAGGCGGGTGGATAATGAGGTCAGGAGTTCGAGACCAGCCTGGCTAACATGGTGAAACCCCGTCTCTACTATAAAAACCATACAAAAATTAGCTGGGCATGGTGGCAGGCACCTAAAATCCCAGCTGCTCGGGAGGCTGAGGCAGGAGAATCGCTTGAAACCAGAAGGTGGAGGTTGTGGTGAGCCAAGATCATGCCACTGCACTCCATCCTGGGCAACAAGAGCAAAACTCCGTCTACAAAAAAAAAAAAAGAAAA","CTGTAATCCCAGCACTTTGGGAGGCCGAGGCGGGTGGATAATGAGGTCAGGAGTTCGAGACCAGCCTGGCTAACATGGTGAAACCCCGTCTCTACTATAAAAACCATACAAAAATTAGCTGGGCATGGTGGCAGGCACCTAAAATCCCAGCTGCTCGGGAGGCTGAGGCAGGAGAATCGCTTGAAACCAGAAGGTGGAGGTTGTGGTGAGCCAAGATCATGCCACTGCACTCCATCCTGGGCAACAAGAGCAAAACTCCGTCTCAAAAAAAAAAAAAAAAGAAAA"
"chr6","112798590","112798762","chr1","94290749","94290933","41","18507841","GGCAAGGCATGGTGGCTCACGCGTGTAATCCCTACACTTTGGGAGTCTGAGGTCAGGAGTTTGAGATCAGCCTGGCCAACATGATGAAACTCCATCTCTACTAAAAATACAAAAATTAGCCAGGCATGGTGTGGGTGTCTATAATTTCAGTTACTTGGGAGGCTGAGGCAGGA","GGCTGGGCACGATGGCTCACGCTTGTGATCCCAGCGCTTTGGGAGGCCAAGGTGAGGTCAGGAGTTTGAGATCTGCCTGACTGACATGGTGAAACCCCGTCTCTGCTAAAAATACAAAAAAAATTAGCTGGGCGTGGTGGTGGGCACCTGTAATCCCAGCTACTAGGGAGGCTGAGGCAGGAGAA"
"chr6","114472319","114472612","chr6","113713093","113713390","6","759226","GGCCAGGTGCAGTGGCTCATGCCACTAATCCCAGCACTTTGGAAGGCCGAGGTGGAGAGATCATGAGATCAGGAGTTCAAGAACAGCCTGGCCAACGTGGCAAAAACCCATCTCTATGAAAAATACAAAAATTAGCTGGGTGTGGTGGCGGGTGCCTGTAATCCCAGCTACTCAGGAGGCTGAGGCATGAGAATTGCTTGAAACCGGGAGGCAGAGGTTGCAGTGAACCGCGATCATGCCACTGCACTACAGCCTGGGCAACAAAAGCAAGACTTCATTAAAAAAAAAAAAAAA","GGCCAGGTGCAGTGGCTCATGCCACTAATCCCAGCACTTTGGAAGGCCGAGGTGGAGAGATCATGAGATCAGGAGTTCAAGAACAGCCTGGCCAACGTGGCAAAAACCCATCTCTATGAAAAATACAAAAATTAGCTGGGTGTGGTGGCGGGTGCCTGTAATCCCAGCTACTCAGGAGGCTGAGGCACGAGAATTGCTTGAAACCGGGAGGCAGAGGTTGCAATGAACCGCGATCATGCCACTGCACTACAGCCTGGGCAACAAAAGCAAGACTTCATTAAAAAAAAAAAAAAAAAAA"
"chr6","123347353","123347509","chr15","80365422","80365567","26","42981931","GGAGGCGGAGGCCTGTAATCCCAGCCACCCAGGAGGCTGAGGCAGGAGAATCACTTGAAGCCGGAAGGCGGAGGTTGCGGTGAGCAGAGATCGCGCCACTGCACTCTAGTTTGGGCAACAAGAGCGAAACTCCGTCTCAGAAAAGAAAAAAAAAAAA","GCGGATGCCTGTAATCCCAGCTACTTGGGAGGCTGAGTCAGGAGAATCACTTGAAACCAGAAGGCGGAGGTTGAGTGAGCAGAGATCGCGCCACTGCACTCCAGCCTGGGCAACAAGCGCAAAACTCCATCTCAAAAAAAAAAAAA"
"chr6","127924338","127924616","chr6","127278094","127278376","6","646244","CTGGACGCGGTGGCTCACGCCTGTAATCCCAACACTTTGGGAGGCCAAGACAGGCAGATCAAGAGGTCAGGAGTTCAAGACCAGCCTGGCCAACATGGTAAAACCCCGTCTCTATTAAAAATACAAAAAAAAAATCAGCCAGGCATAGTGGCAGGCACCTGTAATCCCAGCTACTCAGGAGGCTGAGGCAGGAGAATCACTTGAAACCAGAAGGTGGAGGTTGCAGTGAGCCGAGATTGCCTGGGTGAAAGAGGGAAACTCTGTCTCAAAAAAAAAAAA","CTGGACGCGGTGGCTCATGCCTGTAATCCCAACACTTTGGGAGACCAAGACAGGCAGATCAAGAGGTCAGGAGTTCAAGACCAGCCTGGCCAACATGGTAAAACCCCGTCTCTATTAAAAATACAAAAAAAAAAATCAGCCAGGCATAGTGGCAGGCACCTGTAATCCCAGCTACTCAGGAGGCTGAGGCAGGAGAATCACTTGAAACCAGAAGGTGGAGGTTGCAGTGAGCCGAGATTGCCTGGGTGAAAGAGGGAAACTCTGTCTCAAAAAAAAAAAAAAA"
"chr6","130984560","130984819","chr6","130386358","130386618","8","598202","GGCCGGGCACGGTGGCTCACGCCTGTAATCCCAGCACTTTGGGAGGCTGGGGCAGGCGGATCACGATGTCAGGAGTTCGAGACCAGCCTGGCCAATATGGTGAAACTCCGTCTCTACTAAAAAAATACAAAAAAAAAAAATTAAGTCGGGGGTGGTGGTGGGCGCCTGTAATCCCAGCTACTCCGGAAGCTGAGGCAGGAGAATCGCTTGAAAATCAGAAGGCAGAGGTTGCAGTGAGCTGAGATCGCACCACTGCACTC","GGCCGGGCACGGTGGCTCACGCCTGTAATCCCAGCACTTTGGGAGGCTGGGGCAGGCGGATCACGATGTCAGGAGTTCGAGACCAGCCTGGCCAATATGGTGAAACTCCGTCTCTACTAAAAAATACAAAAAAAAAAAAAAATTAGTCGGGGGTGGTGGTGGGCGCCTGTAATCCCAGCTACTCCGGAAGCTGAGGCAGGAGAATCGCTTGAAAATCGGAAGGCGGAGGTTGCAGTGAGCCGAGATCGCACCACTGCACTC"
"chr6","131765480","131765770","chrX","45323782","45324072","41","86441698","GGCCAGGTGTGGTGGCTCATGCCTGTAGTCCTCGCACTTTGGGAGTCAGAGGCAGACGGATCACAAGGTCAGGATTTCGAGACCAGCCTGGCCAACATAGTGAAACCCCGTCTTTACTAAAAATACAAAAAATTAGCTGGGCATGGTGGCGGGCACCTGTAATCCCAGCTACTCAGGAGGCTTAGGCAGGAGAATCGTTTAAACCAGAAGGCAGAGGTTGCAGCGAGCCGAGATCGCGCCATTTCACTCCAGTCCTGGCAACAATGGGGGAATCCGTCTCAAAAAAAAAAA","GGCCAGGCGCAGTGGCTCACGCCTGTAATCTCAGCAATTTGGGAGGCCGAGGCAGGCAGATCACGAGGTCAGGAGTTTGAGACTAGCCTGGCCAACATAGTGAAACCCCATCTCTACTGAAAATACAAAAATTAGCTGGGCATGGTGGCAGGTGCCTGTAATCCCAGCTACTCTGGAGGCTGAGGCAGGAGAATTGATTGAAACAAGAAGGCAGAGGTTGCAGTGAGCCTACATCACACCATTGCACTCCAGCCTAGGCAACAGAGGGAGACTCCGTCTCAAAAAAAAAAA"
"chr6","135988619","135988909","chr6","135437821","135438113","3","550798","GGCTGGGTGCAGTGGCTAACACCTGTAATCCCAGCACTTCGGGAGGTTAAGGTGGGTGGATCACAAGGTCAGGAGTTCGAGACCAGCCTGGCCAACATGGTGAAACCCCATTTCTACTAAAAATACAAATATTAGCCAGGCATGGTGGCAGGCTCCTGTAATCCCAGCTGCTCGGGAGGCTGAGGCAGGAGAATCACTTGAAACCGGAAAGTGGAGGTTGCAGTGAGCTGAGATCATGCCACTGCACTCCAGCCTGGGCAACAAGAGTGAAACTCCGTCTCAAAAAAAAAA","GGCTGGGTGCAGTGGCTAACACCTGTAATCCCAGCACTTCGGGAGGTTAAGGTGGGTGGATCACAAGGTCAGGAGTTCGAGACCAGCCTGGCCAACATGGTGAAACCCGATTTCTACTAAAAATACAAATATTAGCCAGGCATGGTGGCAGGCTCCTGTAATCCCAGCTGCTCGGGAGGCTGAGGCAGGAGAATCACTTGAAACCGGAAAGTGGAGGTTGCAGTGAGCTGAGATCATGCCACTGCACTCCAGCCTGGGCAACAAGAGTGAAACTCCGTCTCAAAAAAAAAAAA"
"chr6","136363559","136363870","chr6","135823981","135824293","8","539578","GGCCGGGCATGGTGGCTCATGCCTGTAATCCCAGCACTTTGGGAGGCCAAGGCAGGTGGATCATGAGGTCAGCAGTTTGAGACCAGACTGACCAACTTGGTGAAACCCCGTCTCTACTAAAAATACAAAAAAAATTAGCTGGGCGTGGTGGCCGGCACCTGTAATCCCAGCAACTTGGGAGGCTGAGGCAGGAGAATCACTTGAAACTGGAAGGCAGAGGTTGCAGTGAGCTGAGATTGCGCCACTGCACTCTAGCCTGGGCAATAAGAGCAAAACTCCATCTCAAAAAAAGAAAAAGAAAGAAAAAGAAAA","GGCCGGGCACGGTGGCTCATGCCTGTAATCCCAGCACTTTGGGAGGCCAAGGCAGGTGGATCACGAGGTCAGCAGTTTGAGACCAGACTGACCAACTTGGTGAAACCCCGTCTCTACTAAAAATACAAAAAAAATTAGCTGGGCGTGGTGGCCGGCACCTGTAATCCCAGCAACTTGGGAGGCTGAGGCAGGAGAATCACTTGAAACTGGAAGGCGGAGGTTGCAGTGAGCTGAGATTGCGCCACTGCACTCTAGCCTGGGCAATAAGAGCAAAACTCCATCTCAAAAAAAAAAAAAAAGAAAAAGAAAAAAA"
"chr6","139516775","139517067","chr6","139036761","139037054","1","480014","GGCCGAGTGTGGTGGCTCATGCCTGTAATCCCAGCACTTTAGGAGGCTGAGGTGGGCAGATCACAAGGTCAGGAGTTCGAGACCAGCCTGGCCAAAGTGGTGAAACCCCGTCTCTACTAAAAAATACAAAAATTAGCTGGGTGTGGTGGTAAGCGCCTGTAATCCCAGCTATTCAGGAGGCTGAGGCAGGAGAATCACTTGAAACCAGAAGGTGGAGGTTGAAGTGAGCCAAGATCATGCCAGTGCACTCTAGCCTGGGGGAAAAAATGAAACTCCTTCTCAAAAACAAAAAA","GGCCGAGTGTGGTGGCTCATGCCTGTAATCCCAGCACTTTAGGAGGCTGAGGTGGGCAGATCACAAGGTCAGGAGTTCGAGACCAGCCTGGCCAAAGTGGTGAAACCCCGTCTCTACTAAAAAATACAAAAATTAGCTGGGTGTGGTGGTAAGCGCCTGTAATCCCAGCTATTCAGGAGGCTGAGGCAGGAGAATCACTTGAAACCAGAAGGTGGAGGTTGAAGTGAGCCAAGATCATGCCAGTGCACTCTAGCCTGGGGGAAAAAATGAAACTCCTTCTCAAAAACAAAAAAA"
"chr6","140980326","140980633","chr6","140518315","140518620","2","462011","GGCTGGGCGTGGTGACTCACGCCTGTAATCTCAGCACTTTGGGAGGCCGAGACGGGCGGGATCACGAGGTCAGGAGTTCGAGACCAGCCTGACCAATATGGTGAAACCCTGTCTCTACTAAAAATAACAAAAATTAGCCGAGCGTGGTGGTGGGCGCCTGTAATCTCAGCTACTCGGGAGGCTGAGGCAAGGAGAATCGCTTCAGACCGGAAGACGGTGGTTGCAGTGAGCCGAGATTGCGCCACTACGTTCCAGCCTGGGCGAAATTGCAAACTCCGTCTAAAAACAAAACAAAACAAAACAAAAAA","GGCTGGGCGTGGTGACTCACGCCTGTAATCTCAGCACTTTGGGAGGCCGAGACGGGCGGGATCACGAGGTCAGGAGTTCGAGACCAGCCTGACCAATATGGTGAAACCCTGTCTCTACTAAAAATAACAAAAATTAGCCGAGCGTGGTGGTGGGCGCCTGTAATCTCAGCTACTCGGGAGGCTGAGGCAAGGAGAATCGCTTCAGACCGGAAGACGGTGGTTGCAGTGAGCCGAGATTGCGCCACTACGTTCCAGCCTGGGCGAAATTGCAAACTCCGTCTAAAAACAAAACAAAACAAAACAAAA"
"chr6","146869297","146869599","chr6","145848450","145848752","0","1020847","GGCGGGGTGCAGTGGCTCAAGGCTGTAATCCCAGCACTTCAGAAGGCCAAGGCAGGCGGATCATGAGGTCAGGAGTTTGATACCGGCCTGGCCAACATGGTGAAACCCCATCTATACTAAAAATACAAAAATCAGCCAGGCGTGGTGGCGGGTGCCTGTAATCCCAGCTACTCGGAAGGCTTAGGCATGAGAATCACTTGAAACCAGAAGGCAGAGGTTGGAGTGAGCCGAGATCGCACCACTGCACTCCAGCCTGGGCAAAAGAGTGAAACTCCATCTCAAAAAAAGAGAAAGAAACAGAAA","GGCGGGGTGCAGTGGCTCAAGGCTGTAATCCCAGCACTTCAGAAGGCCAAGGCAGGCGGATCATGAGGTCAGGAGTTTGATACCGGCCTGGCCAACATGGTGAAACCCCATCTATACTAAAAATACAAAAATCAGCCAGGCGTGGTGGCGGGTGCCTGTAATCCCAGCTACTCGGAAGGCTTAGGCATGAGAATCACTTGAAACCAGAAGGCAGAGGTTGGAGTGAGCCGAGATCGCACCACTGCACTCCAGCCTGGGCAAAAGAGTGAAACTCCATCTCAAAAAAAGAGAAAGAAACAGAAA"
"chr6","150582184","150582487","chr6","149641256","149641563","6","940928","GGCCAGGTGCAGTGGCTCATGCCTGTAATCCCAGCACTTTGGGAGGCTGAGGTGGGCAGATCATGAGGTCAGGAGTTGGAGACCAGCCTGACCAACATGGTGAAACCCCATCTCTACTAAAAAAAAAATACAAAAATTAGCCAGGCATGGTGGCGGGCACCTGTAATCCCAGCTACTCAGGAGGCTGAGTCAGGAGAATCACTTGAAACCAGAAGGTGGAGGTTGCAGTGAGCCGAGATCTTGCCATGGCACTCCAGCCTGGGCAACAAGAGCAAAACTCTGTCTCAAAAAAAAAAAAAAAAAA","GGCCAGGTGCAGTGGCTCATGCCTGTAATCCCAGCACTTTGGGAGGCTGAGGTGGGCAGATCATGAGGTCAGGAGTTGGAGACCAGCCTGACCAACATGGTGAAACCCCATCTCTACTAAAAAAAAATACAAAAATTAGCCAGGCATGGTGGCGGGCACCTGTAATCCCAGCTACTCAGGAGGCTGAGTCAGGAGAATCACTTGAAACCAGAAGGTGGAGGTTGCAGTGAGCCGAGATCTTGCCATGGCACTCCAGCCTGGGCAACAAGAGCAAAACTCTGTCTCAAAAAAAAAAAAAAAAAAAAAAA"
"chr6","150910338","150910641","chr6","149970132","149970437","6","940206","GGCCGGGTGCGGTGGCTCACGCCTGTAATCCCAGCACTTTGGGAGGCAGGTGGATCATGAGGTCAGCAGTTCGAGACCAGCCTGACCAACATGGTGAAACCCCGTCTCTACTAAAAATACAAAAAAATTAGCTGGGCATGCTGGTGGGTGCCTGTAGTCCCAGCTACTTTGGAGCCTGAGGCAGGAGAATTGCTTGAAACCAGAAGGCGGAGGCTGCAGTGAGCCGAGATTGCACCACTGCACTCTAGCCTGGGCAACGAGAGCAAAAATTACACCTCAAAAAAAAAAAAAGAAAAGAAAGAAA","GGCCGGGTGCGGTGGCTCACGCCTGTAATCCCAGCACTTTGGGAGGCAGGTGGATCATGAGGTCAGCAGTTCGAGACCAGCCTGACCAACATGGTGAAACCCCGTCTCTACTAAAAATACAAAAAAATAAGCTGGGCATGCTGGTGGGTGCCTGTAGTCCCAGCTACTTTGGAGCCTGAGGCAGGAGAATTGCTTGAAACCAGAAGGCGGAGGCTGCAGTGAGCCGAGATTGCGCCACTGCACTCTAGCCTGGGCAACGAGAGCAAAATTACACCTCAAAAAAAAAAAAAAAAGAAAAGAAAGAAA"
"chr6","153483763","153484055","chr6","152618192","152618486","3","865571","GCTGGGCGTGGTGGCCCACGCCTGTAATCCCAGCACTTTGGGAGGCCGAGGTGGGTGGATCATGAGGTCAGGAGTTCGAGACCAGCCTGGCCAACATGGTAAAACCCTGTCTCTACTAAAAATACAAAAATTAGCCGGGCATGGTGGTGGGCGCCTGTAATCCCAGATGCTCAGGAGGCTGAGGCAGGACAATCGCTTGAAACCAGAAGGCAGAGGTTGCAGTGAGCCAAGATCACACCATTGCACTCCAGCCTGGGCAACAAGAGCAAAACTCCGTCTCAAAAAAAAAAGAA","GCTGGGCGTGGTGGCCCACGCCTGTAATCCCAGCACTTTGGGAGGCCGAGGTGGGTGGATCATGAGGTCAGGAGTTCGAGACCAGCCTGGCCAACATGGTAAAACCCTGTCTCTACTAAAAATACAAAAATTAGCCGGGCATGGTGGCGGGCGCCTGTAATCCCAGATGCTCAGGAGGCTGAGGCAGGACAATCGCTTGAAACCAGAAGGCAGAGGTTGCAGTGAGCCAAGATCACACCATTGCACTCCAGCCTGGGCAACAAGAGCAAAACTCCGTCTCAAAAAAAAAAAAGAA"
"chr6","154409404","154409690","chr6","153585133","153585418","8","824271","GGCCGGGCACTGTGGCTCACGCCTGTAATCCCAACACTTTGAGAGTCCTTTGAGAGGCCAAGGCGGGTGGATCACGAGGTCAGGAGTTCAAGACCAGCCTGGCCAACATAGCGAAACCCTATCTCTACTAAAAATACAAAAATTAGCTGGGTGTGGTGGCAGGTGCCTGTAATCCTAGCGACTCAGGGAGCTGAGGCAGGAGAATCACTGGAAACCAGACAGTGGAAGTTGCAGTGCCACTGCACTCCAGCCTCGGCAACAAGAGCAAAACTCCATCTCAAAAAAAA","GGCCAGGTGCTGTGGCTCACGCCTGTAATCCCAACACTTTGAGAGTCCTTTGAGAGGCCAAGGCGGGTGGATCATGAGGTCAGGAGTTCAAGACCAGCCTGGCCAACATAGCGAAACCCTATCTCTACTAAAAATACAAAAATTAGCTGGGTGTGGTGGCAGGTGCCTGTAATCCTAGTGACTCAGGGAGCTGAGGCAGGAGAATCACTGAAAACCAGACAGTGGAAGTTGCAGTGCCACTGCACTCTAGCCTCGGCAACAAGAGCAAAACTCCATCTCAAAAAAA"
"chr6","158632455","158632734","chr6","156580972","156581251","0","2051483","GGCCGGGCGCAGTGGCTCACGCCTGTAATCCAACACTTTGGGAGGCCAAGGTGGGTAGATCACGAGGTCAGGAGTTCAAGACCAGCCTGGCCAACATGGTGAAACCCCATCTCTACTAAAAATACAAAAATTAGCTGGGCATGGTGGCATGCGCCTGTAATCCCAGCTACTTGGGAGGCTGAGGCAGGAGAATCGTTTGAAACTGGAAGGCGAAGGTTGCAGTGAGCCAAGATCATGCCACTGCACTCTAGCCTGGGCAACAAGAGTGAAATTCCGTCCC","GGCCGGGCGCAGTGGCTCACGCCTGTAATCCAACACTTTGGGAGGCCAAGGTGGGTAGATCACGAGGTCAGGAGTTCAAGACCAGCCTGGCCAACATGGTGAAACCCCATCTCTACTAAAAATACAAAAATTAGCTGGGCATGGTGGCATGCGCCTGTAATCCCAGCTACTTGGGAGGCTGAGGCAGGAGAATCGTTTGAAACTGGAAGGCGAAGGTTGCAGTGAGCCAAGATCATGCCACTGCACTCTAGCCTGGGCAACAAGAGTGAAATTCCGTCCC"
"chr6","159957122","159957427","chr7","70873003","70873306","43","89084119","GGCTGGATGTGGTGGCTCACACCTGTAATCCCAAACTTTGGGAGGCTGAGGTGGGCAGATCACCTAAGATCAGAAGTTCAAGACCAGCCTGGCCAACATAGTGAAACCCCGTCTCTACTAGAAATACAAAATTAGCCAGGCGTGGTGGCGTGCACCTATAATCCCAGCTACTTGAGAGGCTGAGGCAGGAGAATAACTTGAAACTGCATGGTGGGGAGTTTGCAGTGAGCTGAGATCGCGCCACTGCACTCCAGCCTAGGCGACAAGAGTGAAACTCTGTCTACAAAAAAAAAAAAAAAAAAAAAA","GGCTGGGTGCGGTGGCTCACGCCTGTAATCCCAGCACTTTGGGAGGCTGAGTCAGGCGGATCACGAGGTCAGGAGTTCAAGACCAGCCTGGCCAACATGGTGAAACCCCGTTTCTACTAAAAATACAAAAATTAGCCAGGTGTGGTGGCAGGCGCCTGTAATCCCAGCTACTTGGGAGGCTGAGGCAGGAGAATTGCTTGAAACTGGAAGGCCGAGGTTGCTGTGAGCAGAGATCCAGCCACTGCACTCCAGCCTGGGCGAAAGAGTGAAACTCTGTCTCAAAACAAAAATAATAAAAAAAAAA"
"chr6","160069000","160069290","chr6","158035567","158035859","2","2033433","GCCAGGCACAGTGCCTCATGCCTGTAATCCCAGCACTTTGGGAGGCCGAGGTGGGTGGATCATGAGGTCAGGAGTTCAAGACCAGACTGGCCAACATGGTGAAACCCTGTCTCTACTAAAAATACAAAACTTAGCCGGGCATGGTGGCGGGTGCCTGTAATCCCAGCTACTCAGGAGGCTAAGGCAGGAGAATCACTTGAAACTGGAAGGCGGAGGTTGCAGTGAGCTGAGATTGTGCCACTACACTCCAGCCTGGGTGAAAGAGCAAAACTCCATCTCAAAAAAAAAAAA","GCCAGGCACAGTGCCTCATGCCTGTAATCCCAGCACTTTGGGAGGCCGAGGTGGGTGGATCATGAGGTCAGGAGTTCAAGACCAGACTGGCCAACATGGTGAAACCCTGTCTCTACTAAAAATACAAAACTTAGCCGGGCATGGTGGCGGGTGCCTGTAATCCCAGCTACTCAGGAGGCTAAGGCAGGAGAATCACTTGAAACTGGAAGGCGGAGGTTGCAGTGAGCTGAGATTGTGCCACTACACTCCAGCCTGGGTGAAAGAGCAAAACTCCATCTCAAAAAAAAAAAAAA"
"chr6","161225679","161225901","chr6","160063831","160064056","4","1161848","CAGGAGTTCGAGACCAGCCTGGCCAACATGGTGAAACCCTGTCTCTACTAAAAATACAAAAATTACCTGAGCATGGTGGTGGGCACCTGTAATCCCAACTACTCAGGAGGCTGAGGCAGAAGAATTGCTTGAAACCGGAAGGCAGAGGTTGCGGTGAGCCAAGATCGCACCACTGCACTCCAGCCTGGGCGAAAGAGAAAAACTCCGTCTCAAAAAAAAAAAA","CAGGAGTTCGAGACCAGCCTGGCCAACATGGTGAAACCCTGTCTCTACTAAAAATACAAAAGTTACCTGAGCATGGTGGTGGGCACCTGTAATCCCAACTACTCAGGAGGCTGAGGCAGAAGAATTGCTTGAAACCGGAAGGCAGAGGTTGCGGTGAGCCAAGATCGCACCACTGCACTCCAGCCTGGGCGAAAGAGAAAAACTCCGTCTCAAAAAAAAAAAAAAA"
"chr6","161803555","161803771","chr6","99816809","99817031","33","61986746","GGCCAGGCATGGGGGCTCACGCCTGTAATCCCAGCACTTTGGGAGGCCGAGGCAGGCAGATCTCGAGGTCAGGAGTTCGAGACCAGCCTGGACAACATGGTGAAACCGCATCTCTACTAAAAATACAAAAAGTAGCCAGGTATGGTGGCGGGCACCTGTAATCCTAGTTACTCAGGAGGCTGAGGCAGGAGAATCATTTGAACCCAGAAGGCAGAAG","GGCCTGGCATGGTGGCTCACGCCTGTAATCCCAGCACTTTGGGAGGCTGAGGGGGGCGGATAACAAGGTCAAGCGTTTGAGACCAGCCTGGCCAACATGGTGAAACCCCGTCTCTACTAAAAATACAAAAATTAGCCAGGCGTGGTGGCGGGCACCTGTAATTCCAGCTATTCGGGAGGCTGAGGCGGGAGAATCACTTGAAACCAGAAGGCGGAGGTTGCAG"
"chr6","162366610","162366918","chr6","161222023","161222331","1","1144587","GGCCAGGCGCGGTGGCTCACGCCTGTAATCCCAGCACTTTGGGAGGCCGAAGTGGGTGGATCACGGGGTCAGGAGTTCGAGACCAGCCTGGCCAACATGGTGAAGCCCTGTCTCTACTAAAAACACAAAAAGTAGCCAGGCGTGGTGGTGGAAGCCTGTAATCCCAGCTACTCGGGAGACTGAGGCAGGAGAATCACTTGAAACCGTAAGGCGGAGGTTGCAGTGAGTCGAGATCGTGCCACTGCACTCCAGCCTGGGCGAAAGAGCAAAACTCCCTCTCAAATAAATAAATAAATAAAGTAAAATAAA","GGCCAGGCGCGGTGGCTCACGCCTGTAATCCCAGCACTTTGGGAGGCCGAAGTGGGTGGATCACGGGGTCAGGAGTTCGAGACCAGCCTGGCCAACATGGTGAAGCCCTGTCTCTACTAAAAACACAAAAAGTAGCCAGGTGTGGTGGTGGAAGCCTGTAATCCCAGCTACTCGGGAGACTGAGGCAGGAGAATCACTTGAAACCGTAAGGCGGAGGTTGCAGTGAGTCGAGATCGTGCCACTGCACTCCAGCCTGGGCGAAAGAGCAAAACTCCCTCTCAAATAAATAAATAAATAAAGTAAAATAAA"
"chr6","162975533","162975825","chr6","161849407","161849700","4","1126126","GCTGGGTGCGGTGGCTCTTGCCTGTAATCCCAGCACTCTGGGAGGCCGAGGTGGGTGGATCATGAGGTCAGCAGTTGGAGACCAGCCTGACCAACATGATGAAATCCCATCTCTACCAAAAATACAAAAAAATTAGCTGGGTGAGGTGGCGGGCCCCTGTAATCCCAGCTACTTGGGAGGCTGAGGCAGGAGAATCACTTGAAACCAGAAGGTGGAGCTTGCAGTGAGCCAAGACTGCACCACTGCACTCTAGCCTGGGCAACAAGAGCAAAACTTCATCTCAAAAAAAAAAA","GCTGGGCGCGGTGGCTCTTGCCTGTAATCCCAGCACTCTGGGAGGCCGAGGTGGGTGGATCATGAGGTCAGCAGTTGGAGACCAGCCTGACCAACATGGTGAAATCCCATCTCTACCAAAAATACAAAAAAATTAGCTGGGTGAGGTGGCGGGCCCCTGTAATCCCAGCTACTTGGGAGGCTGAGGCAGGAGAATCACTTGAAACCAGAAGGTGGAGCTTGCAGTGAGCCACGACTGCACCACTGCACTCTAGCCTGGGCAACAAGAGCAAAACTTCATCTCAAAAAAAAAAAA"
"chr6","164195950","164196112","chr19","4456933","4457093","25","159739017","GGCCAGGTGCGGCGGCTCACACCTGTAATCCCAGCACTTTGGGAAGCTGAGGTGGGTGGATCACGAGGTCAGGAGTTTGAGACCAGCCTGGCCAACATGGTGAAACCCCCATCTCTACTAAAATACAAAATTTAGCTGGGCGTGGTGGCAGGCACCTCTAATC","GGCCAGGTGCAGTGGCTCATGCCTGTAATCCCAGCACTTTGGGAGGCTGATGTGGGCGAATCCTGAGGTCAGGAGTTCGAGACCAGCCTGGCCAACATGGTGAAACCCCTGTCTGTACTAAAAATACAAAAGATTAGCTGGGCGTAGTGGTGGGCACCTGT"
"chr6","170801666","170801851","chr6","169704863","169705041","10","1096803","ACGTGGAGAAACCCCATCTCTACTAAAAATACAAAATTAGCCAGGCATGGGGGCGGGAGCCTGTAATCCCAGCTATTCGGGAGGCTGAGGCAGGAGAATCACTTGAAACCAGGAGGTGGAGCTTGCAGTGAGCCAAGATTGCGCCACTGCACTCCAGCCTGGGCCACAAGAGTGAGACTGTCTCAA","ACGTGGAGAAACCCCATCTCTACTAAAAATACAAAATTAGCCGGGCATGGGGGCGGGAGCCTGTAATCCCAGCTATTCGGGAGGCTGAGGCAGGAGAATCGCTTGAAACCGGGAGGTGGAGCTTGCAGTGAGCCAAGATTGCGCCACTGCACTCCAGCCTGGGCCACAAGAGTGAGACT"
"chr6","170954874","170954990","chr9","97627424","97627530","34","73327450","GGCCGGGCGCGGTGGTTCAAACACCTGTAATCCCAGCACTTTGGGAGGTCGAGGCGGACGGATCACAAGGTCAGGAGTTCGAGCTTGCATGGATGGTGCATGTCATTAAATATTCAA","GGCCAGGTGCGGTGGCTCACGCCTGTAATCCCAGCACTTTGGGAGGCTGAGGTGGGTGGATCACTGAGGTTAGGAGTTCGAGACCAGCCTGGCCAACATCGTGAAAC"
"chr6","172446422","172446671","chr6","171373532","171373782","4","1072890","AGGCCGAGACAGGCAGATCACGAGGAGTTTGAGACCATCCTCGCCAACATGGTGAAACCCCATCTCTACTAAAAATACAAAAATTAGCCAGGCATGGTGGTGGGTGCCTGTAATCCCAGCTACTTGGGAGGCTGAGGCAGGAACATCGCTTGAAACCAGAAGGTGGAGGTTGCAGTGAGCTGAGATCACGCCACTGCACTCCAGCCTGGGCAAAAAAGTGAAACTCCATTTCAAAAAAAAAACAAACAAA","AGGCCGAGACAGGCGGATCACGAGGAGTTTGAGACCATCCTCGCCAACATGGTGAAACCCCATCTCTACTAAAAATACAAAAATTAGCCAGGCATGGTGGTGGGTGCCTGTAATCCCAGCTACTTGGGAGGCTGAGGCAGGAACATCGCTTGAAACCAGAAGGTGGAGGTTGCAGTGAGCTGAGATCGCGCCACTGCACTCCAGCCTGGGCAAAAAAGTGAAACTCCATTTCAAAAAAAAAAAAAAACAAA"
"chr6","172881329","172881519","chr19","57847275","57847465","26","115034054","GGCAGGGCACAGCGGCTCATGCCTGTAATCCCAGCACTTTGGGAGGCCGAGGCGGGTGGATCACAAGGTCAGGAGTTCAAGACCAGTCTGGCCAACATGATGAAACCCCGTCTCTACTAAAAATAGAAAAAAATTAGACTGGGCGTGGTGGCGGGCGCCTGTAATCCCAGCTACTCGGGAGGCTGAGGCAG","GGCCGGGCACGGTGGCTCACACCTGTAATCCCAGCATTTTGGGAGGCCGAGGCTGGCGGATTATGAGGTCAGGAGTTTGAGACCAGCCTGGCCAACATGGGGAAACCCCATCTCTACTAAAAACACACAAAAAATCAGCTGGGCATGGTGGTGGGCACCTGTAATCCCAGCTACTTGGGAGGCTGAGGCAG"
"chr7","780811","781118","chr19","7755139","7755434","44","6974328","GGCCGGGCGCGGTGGCTCACGCCTATAATCCCTGCACTTTGGAAGGCCGAGGCAGGCGGATCACGAGGTCAGGAGTTTGAGATCAGCTCAGCCAACATGGTGAAACCCTGTCTCTACTAAAAATACATAAACTTAGCTGGGTGTGGTGGCGCGTACCTGTAATCCCAGCTGCTCTGGAGGCTGAGGCAGGAGAATTGCTTGAACCGGGACCCACAAGGCAGAGGTTGCACCGCTGAGCCGAGATTGCTCCATTGCACTCCAGCCTGGGCAACAAGAGTGAAACTCTGTCTCAAAAATAAATAAATAAA","GGCCGGGCGCGGTGGCTCACGCCTGTAATCCCAGCACTTTGGGAGGCCGAGGCGGGCGGATCACGAGGTCAGGAGTTCAAGACCAGTCTAGCCAACATGGTGAAACCCTGTATCTACTAAAAATACAAAAATTAGCCGGGCGTGGTGGTGGGCGCCTGTAATCCCAGCTACTCGGGAGGCTGAGGCAGGAGAATCGCTTGAAACCGGAAGGCAGAGGTTGCAGTGAGCCATCATGCCACTGCACTCCAGCCTGGGCAACAAGAGTGAAACCCTGTCTCAAAAAAAAAAAAAAAAAA"
"chr7","1322143","1322194","chr3","173718113","173718157","17","172395970","CCTGAAACTGGGAGTTGGAGGTTGCAGTGAGCAAAGATCGTGCCACTGCACT","CCAGAAGGCAGAGCTTGCAGTGAGGTGAGATTGCACCACTGTACT"
"chr7","3072602","3072896","chr7","1419297","1419594","5","1653305","GGCTGGGCACGGTGGCTGACACCTGTAATCCTAGCACTTTGGGAGGCTAAGGTGGGTGGATCACGAGGTCAGGAGTTTGAGACCAGCCTGGCCAAGGTGGTGAAACCCCATTTCTACTAAAAATACAAAAATTAGCCGGGCATGGTGTGGCAGGCACCTGTAATCCCATCTACGTGGGAGGCTGAGGCAGGAGAATTGCTTGAAACTGGAAGGCAGAGGTTGCAGCGAGCCGAGATCACACCATTGCACTCCAGCCTGGGCAAAAAGAGCGAAACTCCATCTCAAAAAAAAAAAA","GGCTGGGCACGGTGGCTGACACCTGTAATCCTAGCACTTTGGGAGGCTAAGGTGGGTGGATCACGAGGTCAGGAGTTTGAGACCAGCCTGGCCAAGGTGGTGAAACCCCATTTCTACTAAAAATACAAAAATTAGCCGGGCATGGTGTGGCAGGCACCTGTAATCCCATCTACGTGGGAGGCTGAGGCAGGAGAATTGCTTGAAACTGGAAGGCAGAGGTTGCAGCGAGCCGAGATCACACCATTGCACTCCAGCCTGGGCAACAAGAGTGAAACTCCATCTCAAAAAAAAAAAAAAA"
"chr7","5724139","5724440","chr15","75070840","75071138","35","69346701","GGCTGGGCACCGTGGCTCACACCAGTAATCCCAGCACTTTGGGAGGCGGAGGCAGGTGGATCATGAGGTCAGGAGTTCGAGACCAGCCTGGCCAACACGGTGAAACCCCATCTTTAATAGTAATACAAAAATTAGCCAGGCGTGGTGGCAGGCACCTGTAATCCCAGCTACTCATGAGGCTGAGGCAGGAGAATCGCTTGAACCTGGAAGGCAGAGGTTGCAGTGAGCCGAGATTGTGCCACTGCACTCCAGCCTGGGCAAAACAGCAAAACTCCGTCTCAAAAAATAAATAAATAAATAAA","GGCTGGGCGTGGTGGCTCATGCCTGTAATCCCAGCACTTTGGGAGGCCGAGGCTGGTGGATCACAAGGTCAGGAGTTCGAGACCAGCCTGGCCAACATGGTGAAACCCTGTCTCTACTAAAAATACAAAAATTAGCTGGGCATGGTGGCGTGCACCTGTAATCCCAGCTACTCGGGAGGCTGAGGCAGGAGAATCGCTTGAAACTGGAAGGCGGAGTTTGCAGTGAGCCGAGATCGTGCCACTGCACTCCAGGCTGGGCAACAAGAGCAAAACTCCGTCTCAAAAAAAAAAAAAAAAAA"
"chr7","5942096","5942392","chr7","4339517","4339825","13","1602579","GCCGGGCACGGTGGCTCACGCCTGTAATCCCAGTACTTTGGGAGGCCAAGGCGGGTGGATCAAGAGGTCAGCAGTTCGAGACCAGCCTGACCAACATGGTGAAACACCGTCTCTACTAAAAATACAAAAAAATCAGCTGGGCGCGGTGGCGGGCACCTGTAATCCCAGCTATTTGGAAGGCTGAGGCAGGAGAATCTCTTCAAACTGGAAGGCGGAGGTTGCAGTGAGCCGAGATTGCGCCACTGCACTCTAGCCTGGGCAAAGAGACCAAAACTCCGTCTCAAAAAAAAAAAAAAA","GCCGGGCACGGTGGCTCACGCCTGTAATCCCAGTACTTTGGGAGGCCAAGGCGGGTGGATCAAGAGGTCAGCAGTTCGAGACCAGCCTGACCAACATGGTGAAACACCGTCTCTACTAAAAATACAAAAAAATCAGCTGGGCGCGGTGGCGGGCACCTGTAATCCCAGCTATTTGGAAGGCTGAGGCAGGAGAATCTCTTCAAACTGGAAGGCGGAGGTTGCAGTGAGCTGAGATTGCGCCACTGCACTCTAGCCTGGGCAAAGAGACCAAAACTCCGTCTCAAAAAAAAAAAAAAAAAAAAAAAAAAA"
"chr7","6023239","6023533","chr7","4420760","4421054","2","1602479","GGCCGGGCATAGTGGCTCACGCCTATAATCCCAGCACTTTGGGAGGCTGAGGGGGGCGGATCACAAGGTCAGGAGTTCAAGACCAGCCTGGCCAAGATGGTTAAACCCATCTCTACTAAAAATACAAAAATCAGCCAGGCGTGGTGGCGGGCGCCTGTAATCCCAGCTACTCGGGAGGCTGAGGCAGGAGAATTGCTTGAAACCAGAAGGCGGAGGTTGCAGTGAGCCGAGATCGCGCCACTGCACTCCAGTCTGGGCAAAAGAGCGAAACTCCATCTCAAAAAAATTAAAAAAA","GGCCGGGCATAGTGGCTCACGCCTATAATCCCAGCACTTTGGGAGGCTGAGGGGGGCGGATCACAAGGTCAGGAGTTCAAGACCAGCCTGGCCAAGATGGTTAAACCCATCTCTACTAAAAATACAAAAATCAGCCAGGCGTGGTGGCGGGCGCCTGTAATCCCAGCTACTCGGGAGGCTGAGGCAGGAGAATTGCTTGAAACCAGAAGGCGGAGGTTGCAGTGAGCCGAGATCGCGCCACTGCACTCCAGTCTGGGCAAAAGAGCAAAACTCCATCTCAAAAAAATAAAAAAAA"
"chr7","6259448","6259745","chr13","51113664","51113970","37","44854216","GGCCGGGCACAGTGGCTCACGCCTGTAATCCCAGCATTTTGGGAGGCCGAGGCAGGAGGATCACAAGGTCAAGAGATCAAGACCATCCTGACTAACACGGTGAAACCTCATTTCTACCAAAAATACAAAAATTAGCTGGGCATGGTAGTGGGCGCCTGTAATCCCAGCTACTTGGGAGGCTGAGGCAGGACAATTGCTTGAACCCGGGTGGCGGAGGTTGCAGTGAGCCGAGATTGTGTCACCGCACTCCAGCCTGGGCAACAAGAGCGAAACTCCATCTACAAAAAAAAAAAAAAAA","GGCCGGGCGCAGTGGCTCACGCCTGTAATCCCAGCACTTTGGGAGGCCGAGGCGGGTGGATCATGAGGTCAGGAGATCAAGACCAGCCTGGCGAACATGGTGAAACCCCGTTTCTACTAAAAATACAAAAATTAGCTGGGCGTGGTGGCGGGCGCCTGTAATCCCAGCTACTTGGGAGGCTGAGGCAGGAGAATCGCTTGAAACCGGAAGGCAGAGGTTGCAATGAGCCGAGATTGTGCCACCGCACTCCATCCAGCCTGGGCAACAAGAGCGAAACACCGTCTCCAAAAAAAAAAACAAAAAAAAA"
"chr7","6950753","6950959","chr4","40720908","40721122","32","33770155","GACTGGGGGCGGTGGCTCACGCCTGTAATCCCAGCACTTTGGGAGGCCAAGGTGGGCAGATCACAAGGTCAGGAGGTCGAGACCAGCCTGGCCAACATAGTGAAACCTGTCTCTACTAAAAATACAAAAAAAACTTAGCTGGGCGTGGTGGCGGGACGCCTGTAATCCCAGGTACTTGGGAGGCCGAGGCAAGGAGAATTGCTTGAA","GGCTGGGCACGGTGGCTCACGCCTGTAATCCCAGCACTTTGGGAGGCCAAGACGGGCAGATCACAAGGTCAGGAGTTTGAGACCAGCCTGGCCAACATGGTGAAACCCTGTCTCTACTAAAAATACAAACAAAAATTAGCCAGGAGTGGTGGCAGGTGCCTGTAATCCCAGCTACTCTGGAGGCTGAGGCAGGAGAATCGCTTGAAACCAGAAGG"
"chr7","10072588","10072899","chr5","27269446","27269752","27","17196858","GGCCTGGTGGGGTGACTCACGCCTGTAATCCCAGCACTTTGGGAGGCCGAGGTGGGTGGATCATGAGGTCAGCAGTTTGAGACCAGCCTGACCAACTTGGTGAAACCTCGTCTCTACTAAAAATACAAAAAAATTAGCTGGGCATGGTGGTGGGCGCCTGTAATCCCAGCTACTTGGGAGGCTGAGGCAGGAGAATTGCTTGAAACCGGAAGGCAGAGGTTGCAGTGAGCCGAGATTGCACCACTGCACTCTAGCCTGGGCAATAAGAGCAAAACTCTGTCTCAAAACAACAACAACAACAACAACAAAAAA","GGCTGGGTGTGGTGACTCATGCCTGTAATCCCAGCACTTTGGGAGGCCGAGGTGGGTGGATCATGAGGTCAGCAGTTCAAGACCAGCCTGACCAACATGGTGAAACCTCGTCTCTACTAAAAATATAAAAAAATTAGCTGGGCGTGGTGGCGGGCGCCTGTAATCCTAGCAACTTGGGAGGCTGAGGCAGGAGAATTGCTTGAAACTGGAAGGCGGAGGTTGCAGTGAGCCGAGATTATGCCACTGCACTCTAGCCTGGGCAATAAGAGCAAAACTCTGGCTAAAAAAAAAAAAAAGAAAAAAGAAA"
"chr7","10884903","10885167","chr20","2791322","2791566","65","8093581","GGCTGGCCACGGTGGCTCACGCCTGTAATTCCAGCATTTTGGGAGGCTAAGGTGGTTGGATCACCTGAGGTCAGGAGTTTGAGACCACCTGGCCAACATGGTAAAACCCCATCTCCATTAAAAAAAAAAAGGACTAGGACATGGTGGCTCACACCTGTAATCCCAGCACTTTGGGAGGCTGAGGTGGGAGGATTATCTGAGGTCAGGGGTTCAAGACCAGGTTGGCCAACATGGTGAAACCCCATCTCTACTAAAAATACAAAAA","GGGCGCGGCACTCACGACTGTAATCCCAGCACTTTGGGAGGCTGAGGAGGGCGATCATGAGGTCAGGAGATCCAACAGGTGAAACCCTGTCTCTACTAAAAATACAAAAATTAGCCAGGCGTGGTGGCATATGCCTGTAATCCCAGCACTTTGGGAGGCCGAGGCAGGCGGATCACTTGAGGCCAGAAGTTTGAGACCAGCTTGGCCAACAAGGTGAAACCCTGTCTCTACTAAAAATACAAAAA"
"chr7","12529834","12530163","chr7","11096037","11096365","9","1433797","GGCCAGGTGCGGTGGCTCACGCCTGTAATCCCAGCCCTTTGGAAGGCTGAGGCGGGAGGATCATGAGGTCAGCAGTTCGAGACCAGCCTGAACAACATGATGAAACCCCGTCTTTACTAAAAATAACAAAAAAAAAAAAAAAAAAAAAAAAAACTTAAGCTGGTCGCGGTGGCGGGCGCCTGTAATCCCAGCGACTTGGGAGGCCGAGGCAGGAGAATTGCTTGAAACCAGAAGTCAGAGGTTGCAGTGAGCCAAGATTGTGCCACTGCACTCTAGCCTGGGCAATAAGAGCAAAACTCCATCTCAAAAAAAAAAAAAGAAAGAAAGAAA","GGCCAGGTGCGGTGGCTCACGCCTGTAATCCCAGCCCTTTGGAAGGCTGAGGCGGGAGGATCATGAGGTCAGCAGTTCGAGACCAGCCTGAACAACATGATGAAACCCCGTCTTTACTAAAAATACAAAAAAAAAAAAAAAAAAAAAAAAATTAGCTGGTCGCGGTGGCGGGCGCCTGTAATCCCAGCGACTTGGGAGGCCGAGGCAGGAGAATTGCTTGAAACCAGAAGTCAGAGGTTGCAGTGAGCCGAGATTGTGCCACTGCACTCTAGCCTGGGCAATAAGAGCAAAATTCCATCTCAAAAAAAAGAAAGAAAGAAAGAAAGAAA"
"chr7","14194880","14194994","chr17","73911319","73911470","52","59716439","GGGCAGATCACGAGGTCAGTAGTTTGAAACCAGCCTGACCAACATGGTGAAACCCCATCTCTACTAAAAACACAAAAATTAGCCAGGATGTGTTGGTGGGTGCCTGTAATCCCAG","CCGGGTGTGGTGGCTTATGCTTGTAATCCCAGCACTTTGGGAGGCCTGAGATCAGGAGTTCAAGACCAGCCTGGCCGACATGGTGAGACCCCGTCTCTACTAAAAATACAAAAAATTAGCCGGGCGTGGTAGTGGGTGCCTGTAATCCCGGC"
"chr7","16618250","16618540","chr7","15218689","15218983","8","1399561","GGCTGAGCGTCGTGGCTCATGCCTATAATCCCAGCACTTTGGGAGGCCAAGGCAGGAGGATCATGAGGTCAGGGTTCGAGCTCAGCCAGGTGAACATAGTGAAACCCCGTCTCTACTAAAAAATAGAAAAATTACTCAGGAGTGGTGGTGGGTGCCTGTAATCCCAGCTACTTGGGCGGCTGAGGCAGGAGAATCACCTGAAACAAGAAGGCGGAGGTTGCAGTGAGCCAAAATTGTGCCACTGCACTCCAGCCTGGGCGAAAGAGCAACACTCCATCTCAAAAAAAAAAA","GGCTGAGCGTGGTGGCTCATGCCTATAATCCCAGCACTTTGGGAGGCCAAGGCAGGAGGATCATGAGGTCAGGGTTCGAGCTCAGCCAGGTGAACATAGTGAAACCCCGTCTCTACTAAAAATAGAAAAATTACTCAGGAGTGGTGGTGGGTGCCTGTAATCCCAGCTACTTGGGCGGCTGAGGCAGGAGAATCACTTGAAACAAGAAGGCGGAGGTTGCAGTGAGCCAAAATTGTGCCACTGCACTCCAGCCTGGGCGAAAGAGCAACACTCCATCTCAAAAAAAAAAAAAAAA"
"chr7","21796095","21796389","chr2B","204818038","204818333","34","183021943","GGCCGGGTGCGGTGGGTCATGCCTGTAATCCCAGCACTTTGGGAGGCTGAGGCAGGCAGATCACGAGGTCAGGAGTTCAAGACCAGCCTGGCCAACATGGCGAAACCTTGTCTCTACGAAAAATACAAAAATTAGCCGGGCGTGGTGGCGGGTGCCTGTAATCCCAGCTACTCGGGAGGCTGAGGCAGGAGAATTGCTTGAACCTGGAAGGCAGAATTTGCAGTGAATGGAGATCATGCCATTGCACTCCAGTCTGGGAAACAAGAGCAAGACTCCGTCTTAAAAAAAAAAGAAA","GGCCAGGTGCGGTGGCTCATGCCTATAATCCCAGCACTTTGGGAGGCCGAGGCGGGCAGATCACGAGGTCAGGAGTTCAAGACTAGCCTGGCCATCATGGTGAAACCCTGTCCCTACTAAAAATACAAAAATTAGCCGGGCGTGGTGGCAGGCGCCTGTAATCCCAGCTACTCAGGAAGCTGAGGCAGGAGAGTTGCTTGAAACCTGAAGGCAGAGGTTGTAGTGAGCCAAGATCGTGCCACTGCACTCCAGCCTGGGCAACAAGAGCGAAACTCTGTCTCAAAAAAAAAAGAGAA"
"chr7","21955506","21955807","chr7","20580302","20580602","34","1375204","GGCTGGGTGCTGTGGCTCATGCCTGTAATCCCAGCACTTTGGGAGGCCGGGGCAGGCAGATCACAAGGTCAGGAGTTCGAGACCGGCCTGACCAACATGGTGAAACCCCATCTCTACTAAAAATACAAAAATCAGCCGGGCATGGTGGCGGGTGCCTGTAATCCCAGACTACTTGGGAGGCTGAAGCAGAAGAATCACTTGAAACCAGAAAGCGGAGGTTGCAGTGAGCCGAGATCGTGCCAATGCACTCCAGTCTGGGCGAANNNNNNNNNNNNNNNNNNNNCTCAAAAAAAGAGAGAAAA","GGCTGGGTGCTGTGGCTCATGCCTCTAATCCCAGCGCTTTGGGAGGCCGAGGCAGGCAGATCACAAGGTCAGGAATTCGAGACTGGCCTGACCAACATGGTGAAACCCCATCTCTACTAAAAATACAAAAATCAGCCGGGCATGGTGGCGGGTGCCTGTAATCCCAGCTACTTGGGAGGCTGAAGCAGAAGAATCACTTGAAACCAGAAAGCGGAGGTTGCAGTGAGCCGAGATCGTGCCAATGCACTCCAGTCTGGGCGAAAGAGTGAAACTCCATCTCAAAAAAATAATAAAAAAAAAA"
"chr7","22260765","22260960","chr10","67392679","67392872","45","45131914","CCAACATGGTGAAACCCCGTCTACTAAAAATACAAAAATTACCCAGGTGTGGTGGCAGGTGCCTGTAATCCCAGCTACTTGGGAGGCTGAGGCAGGAGAATCGCTTGAAATCGGAAGGCAGAGGTTGCAGTGAGTGGAGATCGTGCCACTGCACTCACTTCAGCCTGGGCAACAAGAGCAAAAACTCCGCCTCAAA","GACCAACATGGTGAGACCCCGTCTCTACTAAAAAAGTAGCCGGGTGTGGTGGTGGGCACCTGTAATCCTAGCTACTTGGAAGGCTGAGGCCAGAGAATCACTGGAAACCGGGAGGCAGAGGTTGCAGTGACCCGAGACTGTGCCACTGCACTCCAGCCTGGGCAACAGAGCAAAATTCCATCTCAAAAAAAAAA"
"chr7","25394467","25394766","chr7","23728579","23728878","2","1665888","GGCCAGACGTGGTGACTCACACCTGTAATCCTAGAACTTTGGGAGGCCAAGGTGGGTGGATCACGAGGTCAGGAGTCCAAGACCAGTCTGGCCAACATGGTGAAACGCCATCTCCACCAAAAATACAAAAACTAGCCAGGCTGGTGGCGGGTGCCTGTAATCCCAGCTACTCAGGAGGCTGAGGCAGGAGAATCATTTGCAACTGGAAGGCGGAGGTTGCAGTGAGATTGCACCACTGTACTCAGCCTGGGCGAAAAGGGCGAAACTCCGTCTCAGAAAAAATAAAAGAAATGAGAAAAA","GGCCAGACGTGGTGACTCACACCTGTAATCCTAGAACTTTGGGAGGCCAAGGTGGGTGGATCACGAGGTCAGGAGTCCAAGACCAGTCTGGCCAACATGGTGAAACGCCATCTCCACCAAAAATACAAAAATTAACCAGGCTGGTGGCGGGTGCCTGTAATCCCAGCTACTCAGGAGGCTGAGGCAGGAGAATCATTTGCAACTGGAAGGCGGAGGTTGCAGTGAGATTGCACCACTGTACTCAGCCTGGGCGAAAAGGGCGAAACTCCGTCTCAGAAAAAATAAAAGAAATGAGAAAAA"
"chr7","26261420","26261665","chr7","24602940","24603185","4","1658480","GGACAGGCGTGGTGGCTCACATCTGTAATCCCAGCCCTTTGGGAGGCCGAGGCAAGTGAATCACTGGAGTTCAAGACCAGCCTGGCCAACATGGTGAAACCCCATCTCTACTAAAAATACAAAAATTAGCGAAGTGTGGTGGCAAGCACCTCTAGTCCCAGCTACTCAGGAGGCTGAGGCAGGAGAATCACTTAAACCGGAAGGCAGGGGTTGCAGTGAGCCAAGACCACACCATTGCACTCCAGC","GGACAGGCGTGGTGGCTCACATCTGTAATCCCAGCCCTTTGGGAGGCCAAGGCAAGAGAATCACTGGAGTTCAAGACCAGCCTGGCCAACATGGTGAAACCCCATCTCTACTAAAAACACAAAAATTAGCGAAGTGTGGTGGCAAGCACCTCTAGTCCCAGCTACTCAGGAGGCTGAGGCAGGAGAATCACTTAAACCAGAAGGCAGGGGTTGCAGTGAGCCAAGACCACACCATTGCACTCCAGC"
"chr7","27283158","27283318","chr19","4456933","4457093","27","22826225","GGGCAGGCATGGTGGCTCACGCTTGTAATCCCAGCACTTTGAGAGGGCAAGGAGGGCGGATCATGAGGTCAGGAGTTCCAGACCAGCCTGGCCAACACAGTGAAAACCCGTCTCTACTAAAAATACAAAAATTAGCTGGGCATGGTGGCGGGCACCTGTAA","GGCCAGGTGCAGTGGCTCATGCCTGTAATCCCAGCACTTTGGGAGGCTGATGTGGGCGAATCCTGAGGTCAGGAGTTCGAGACCAGCCTGGCCAACATGGTGAAACCCCTGTCTGTACTAAAAATACAAAAGATTAGCTGGGCGTAGTGGTGGGCACCTGT"
"chr7","31086803","31087077","chr3","47882028","47882305","46","16795225","GGCTGGGTGCGATGGCTAATGCCTGTAATCCCAACACTCTGGGAGCCTGAGGCGGAAGGATCACAAGGTCAGGAGTTCAAGACCAGCCTGGCCAACACGGTGAAACCCTGCCTCTACTAAAAATACAAAAATTAGCCAGGCGTAGTGGTGGGCACCTGTAATCCCAGCTACTTGGAAGGCTGGGGCAGGATAATTGCTTGAACCTGGGATGCGGAGGTTGCAGTGAAGTGAGATGGCGCCACTGCACTCCAGCCTGGGCAACAAGAATGAAACTC","GGCTGGGCGCGATGGCTTACACCTGTAATCCCAGCACCTTAGGGAGCTGAGGCGGGCGGATCACGAGGTCAGGAGTTCGAGACCAGCCTGGCCAACATGGTGAAACCCCATCTATACTAAAAATACAAAAATTAGCCGGGTGTGGTGGCGGGCACCTGTAATCCCAGCTACTCGGGAGGCTGAGGCAGGAGAATCACTTGAAACTGGAAGGCAGGGGTTGCAGTGAGCTGAGATGGCGCCACTGCACTCCAGCCTGGGTGAATGAGCAAAATTCCTTC"
"chr7","33916669","33916975","chr7","31466345","31466648","5","2450324","GGCAGGGCGCAGTGGCTCACACCTGTAATCCCAGCACTTTGGGAGGCTGAGGCAGGTGGATCACGAGGTCAGCAGTTCGAGACCAGCCTGACCAACATGGTGAAACCCCGTCTCTACTAAAAACACAAAAATAAGCCAGCTGTGGTGGTGGGCACCTATAATCCCCACTACTTGCGAGGCTGAGGCAGGAGAATTGCTTGAAACCAAAAGGCGGATGCTGCAGTGAGCCGAGAGCACACCACTGCACTCTAGCCTGGGCAACAAGAGAGAAACTCTGTCTCAAAATAAAATAAAATAAAATAAAAAA","GGCAGGGCGCAGTGGCTCACACCTGTAATCCCAGCACTTTGGGAGGCTGAGGCAGGTGAATCACGAGGTCAGCAGTTCGAGACCAGCCTGACCAACATGGTGAAACCCCGTCTCTACTAAAAACACAAAAATTAGCCAGCTGTGGTGGTGGGCACCTATAATCCCCACTACTTGCGAGGCTGAGGCAGGAGAATTGCTGAAACCAAAAGGCGGATGCTGCAGTGAGCCGAGAGCACACCACTGCACTCTAGCCTGGGCAACAAGAGAGAAACTCTGTCTCAAAATAAAATAAAATAAAATAAAA"
"chr7","37417582","37417881","chr7","35122965","35123263","5","2294617","GGCCAGACGCGGTGGCTCACACCTGTAATCCCAGCACTTTGGGAGGCCAAGGCAGGCAGATCACGAAGTCAGGAGTTTGAGACCAACCTGGCCAACATGGTGAAACCCCATCTCTACTAAAAATACAAAAATTAGCCGGGCGTGGTGGCAGGCGCCTGTAATCCCAGCTACTCAGGAGGCTGAGGCAGGAGAATCACTTGAAACCCGAAGGCGGAGGTTGCAGTGAGCCGAGATCGTGCCACTGCACTCCAGCCCGTGCAATAAGAGTGAAACTCCGTCTCAAAAAAAAAAAAAAAAAAA","GGCCAGACGCGGCGGCTCACACCTGTAATCCCAGCACTTTGGGAGGCCAAGGCAGGCAGATCATGAAGTCAGGAGTTTGAGACCAACCTGGCCAACATGGTGAAACCCCATCTCTACTAAAAATACAAAAATTAGCCGGGCGTGGTGGCAGGCGCCTGTAATCCCAGCTACTCAGGAGGCTGAGGCAGGAGAATCACTTGAAACCCGAAGGCGGAGGTTGCAGTGAGCCGAGATCGTGCCACTGCACTCCAGCCTGTGCAATAAGAGTGAAACTCCATCTCAAAAAAAAAAAAAAAAAA"
"chr7","37622591","37622910","chr7","35333114","35333405","30","2289477","GGCCAGGTGTGGTCGCTCACATCTGTAATCCTAGCACTTTGGGGGGTGCCAAAGTGGGTAGATCACGAGGTCAGGAGTTTGAGACCAGCCTGGCCAACATGGTGAAACCCTGTCTCTTAACTAAAAAAATAATAATAATACAAAATTAGCCGGGCTGGTGGTGCGCACCTGTAATCCCAGCTACTTAGGAAGTTGAGGCAGGAGAATCACTTGAAATCGGGAGGTGGAGGTTGCAGTGAGCCGAGACTGCGCCATTCCACTCCAGCCTGGGCAAAAAGAGCAAAACTCCGTCAAAAAAACAAAAACAAAACAAAACAAAA","GGCCAGGTGTGGTCGCTCACATCTGTAATCCTAGCACTTTGGGGGGTGCCAAAGTGGGTAGATCACGAGGTCAGGAGTTTGAGACCAGCCTGGCCAACATGGTGAAACCCTGTCTCTTACTAAAAAAAATAATAATAATACAAAATTAGCCGGGCTGGTGGTGCGCACCTGTAATCCCAGCTACTTAGGAAGTTGAGGCAGGAGAATCACTTGAAATCGGGAGGTGGAGGTTGCAGTGAGCCGAGACTGCGCCATTCCACTCCAGCCTGGGCAAAAAGAGCAAAACTCCGTC"
"chr7","38145407","38145711","chr7","35854475","35854779","1","2290932","GGCCAGGCGCGGTGGCTCACGCCTGTAATCCCAGCACTTTGGGAGGCCCAGGCGGGTGGGTCACGAGGTCAGGAGCTCGAGAGCAGCCTGGGCAACATGGTGAAACCCGGTCTCTAATAAAAACACAAAAAAATTAGCCAGGCGTGGTGGCGGGCGCCTGTAATCCCAGCTACTCAGGAGGCTGAGCAGGAGAATCGCTTGAAACTGGAAGGTGGAGGTTGCAGTGAGCCGAGATCGCGCCACTGCACTCCAGCCTGGGCAACAACAGCGAAACTCCGTTTCAAAAACAAACAAACAAACAAAAA","GGCCAGGCGCGGTGGCTCACGCCTGTAATCCCAGCACTTTGGGAGGCCCAGGCGGGTGGGTCACGAGGTCAGGAGCTCGAGAGCAGCCTGGGCAACATGGTGAAACCCGGTCTCTAATAAAAACACAAAAAAATTAGCCAAGCGTGGTGGCGGGCGCCTGTAATCCCAGCTACTCAGGAGGCTGAGCAGGAGAATCGCTTGAAACTGGAAGGTGGAGGTTGCAGTGAGCCGAGATCGCGCCACTGCACTCCAGCCTGGGCAACAACAGCGAAACTCCGTTTCAAAAACAAACAAACAAACAAAAA"
"chr7","38269372","38269672","chr7","35978460","35978764","5","2290912","GGTCTGGCGCGGTGGCTCACGCCTGTAATCCCAGCACTTTGGGAGGCCGAGGTGGGCAGATCACGAGGTCAGGAGTTCAAGACCAGCCCGTCCAACATGCTGAAACCCCGTCTCTACTAAAAATACAAAAATTAGCCGGGCGTGATGGTGGGTGCCTGTAATCCCAGCTACACAGGAGGCTGAGGCAGGAGAATCACTTGAAACCAGAAGGCGGAGGTTGCAGTGAGCTGAGACTGCACCACTGCATTCCAGCCTGGGCGAAAGAGTGAAACTCCATCTACAAAAAAAAAAAAAAAAAGAA","GGTCTGGCGCGGTGGCTCACGCCTGTAATCCCAGCACTTTGGGAGGCCGAGGTGGGCAGATCACGAGGTCAGGAGTTCAAGACCAGCCCGTCCAACATGCTGAAACCCCGTCTCTACTAAAAATACAAAAATTAGCCGGGCGTGATGGTGGGTGCCTGTAATCCCAGCTACACAGGAGGCTGAGGCAGGAGAATCACTTGAAACCAGAAGGCGGAGGTTGCAGTGAGCTGAGACTGCACCACTGCATTCCAGCCTGGGCGAAAGAGTGAAACTCCATCTCAAAAAAAAAAAAAAAAAAAAAAGAA"
"chr7","39387662","39387955","chr7","37091365","37091658","2","2296297","GCCAGGCGTGGTGGCTCACGCCTGTAATCCAGCATTTTGGGAGGCCGAGACAGGCAGATCACAAGGTTAGGAGTTCGAGACCAGCCTGGCCAACATAGTGAAACCCCCATCTTTACTAAAAATACAAAAATTAGCCGGGCGTAGTGGTGGGCGCCTGTAATCCCAGCTACTCGGGAGGCTGAGGCAGGAGAATCACTTGAAACCAGAAGGCAGAGGTTGCAGTGAGTGGCGATCGCACCTCTGCACTCCAGCCTGGGCAACAAGAGTGAAACTCTGTCTAAAAAAAGAAGAAAA","GCCAGGCGTGGTGGCTCACGCCTGTAATCCAGCATTTTGGGAGGCCGAGACAGGCAGATCACAAGGTTAGGAGTTCGAGACCAGCCTGGCCAACATAGTGAAACCCCCATCTTTACTAAAAATACAAAAATTAGCCGGGCGTAGTGGTGGGCGCCTGTAATCCCAGCTACTCGGGAGGCTGAGGCAGGAGAATCGCTTGAAACCAGAAGGCAGAGGTTGCAGTGAGTGGCGATCGCACCTCTGCACTCCAGCCTGGGCAACAAGAGTGAAACTCTGTCTAAAAAAAAAAGAAAA"
"chr7","45286438","45286754","chr4","5349290","5349596","44","39937148","GGCCGGGCACGGTGGCTCAAGTCTGAAATCCCAGCACTTTGGGAGGCCGAGGTGGGAAGATCACAAGGTCAGGAGTTTGAGACCAGCCTGGCCAATATGGTGAAACCCTGTCTCTACTAAAAATACAAAAATTCGCCGGGTGTGGTGGCAGGCGCCTGTAGTCCCAGCTACTCGGATGGCCGAGGTAGGAGAGGAGATTCACTTGAATCTGGGAGGCAGAGATTGCAGTGAGCCGAGATCACGCCATTGCACTCCAGCCTGGGCAACAAGAGCGAAACTCCATCTACAAAAAAAAAAAAAAAGAAAAAGAAGAAAAA","GGCCAGGCGCGGTGGCTCATGCCTGTAATCCCAGCACTTTGGGAGGCCGAGGTGGGCAGAACACGAGGTCAGGAGTTAGAGGCCAGCCTGGCCAACATGGTGAAACCCCGTCTCTACTAAAAATACAAAAATTAGCCTGGCGTGGTGGCTGACGCCTGTAATCTCAGCTACTCGGGAGGCTGAGGCAGGAGAATCGTTTGAAACTGGAAGGCAGAGGTTGCAGTGAGCCGAGATCGCGTCACTGCACTCCAGCCTTGGTGAAAGAGCGAAACTCCATCTCAAAAAAAAAAAAAAAAAAAAAAAAAAA"
"chr7","45445662","45445957","chr7","43328894","43329191","3","2116768","GCCAGGCGCGGTGGCTCACGCCTGTAATCCCAGCACTTTGGGAGGCCAAGGCAGGTAGATCATGAGGTCAGTTCAAGACCAGCCTGGCCAACATGGTGAAACCCTGCCTCTACTAAAAATACAAAAAAATTATCTGGGTGTGGTGGCAGGCACCTATAATCCCACCTACTCAGGAGGCTGAGGCAGGAGAATCGCTTGAACCGGAAGGCAGAGGTTGCAGTGCGCCAAGATCACGCCCCTGCACCACTCTAGCCTGGGTGAAAGAGCGGAACTCCGTCTCAAAAAAAACCCAAAAA","GCCAGGCGCGGTGGCTCACGCCTGTAATCCCAGCACTTTGGGAGGCCAAGGCAGGTAGATCATGAGGTCAGTTCAAGACCAGCCTGGCCAACATGGTGAAACCCTGCCTCTACTAAAAATACAAAAAAATTATCTGGGTGTGATGGCAGGCACCTATAATCCCACCTACTCAGGAGGCTGAGGCAGGAGAATCGCTTGAACCGGAAGGCAGAGGTTGCAGTGCGCCAAGATCACGCCCCTGCACCACTCTAGCCTGGGTGAAAGAGCGGAACTCCGTCTCAAAAAAAAACCCAAAAAA"
"chr7","50824007","50824332","chr7","48585213","48585498","43","2238794","GGCCGAGCGCGGTGGCTCACGCCTGTAATCCCAGCTCTTTGGGAGGCAGAGGCTGGCAGATCACAAGGTCAGGAGTTCGAGACCAGTCTGGCCAACATGGTGAAACCCCATCTCTACTAAAAATACAAAAATTAGCCGGGTGTGGTGGTGTGTGCCTGTAGTCCCAGCTATTCGGGAGGCTGAGGCAGGAGAATCGCTTGAAACCGGAAAGCGGAGTGTGCAGTGAGCTGAGATCATGCCACTGCACTCCAGGTTGGCAACAAGAGTGAAACTCCATCTCAAAAAATAATAATAATATTAATAATAAATAAATAAATTGAAATAAA","GGCCGAGCGCGGTGGCTCACGCCTGTAATCCCAGCTCTTTGGGAGGCAGAGGCTGGCAGATCACAAGGTCAGGAGTTCGAGACCAGTCTGGCCAACATGGTGAAACCCCATCTCTACTAAAAATACAAAAATTAGCCGGGCATGGTGGTGTGTGCCTGTAGTCCCAGCTATTCGGGAGGCTGAGGCAGGAGAATCGCTTGAAACCGGAAAGCGGAGTGTGCAGTGAGCTGAGATCATGCCACTGCACTCCAGGTTGGCAACAAGAGCGAAACTCCATCTCAAAAAA"
"chr7","52009804","52010108","chr7","49819468","49819774","6","2190336","CCGGGCATGGTGGCTCATGCCTGTAATCCCAGCACTTTGGGAGGCCAAGGTGGGCAGATCACAAGGTCAGGAGTTTGAGATAAGCCCAGCCAACATGGTGAAACCCCATCCCTACTAAAAATACAAAAATTAGCTGGGCATGGTGGCGGATGCCTGTAATCCCAGCTGCTTGGGAGGCTGAGGCGGGAGAATCACTTGAAACTGGAAGGTGGGGGTTGCAGTGAGCCGAGATCGTGCCGCTGCACTCTAGCCTGGGCGAAAGAGTGAAACTCCATTTCAAGAAAAAAAAAAAAAAAGAAGAAGAA","CCGGGCATGGTGGCTCATGCCTGTAATCCCAGCACTTTGGGAGGCCAAGGTGGGCAGATCACAAGGTCAGGAGTTTGAGATAAGCCCAGCCAACATGGTGAAACCCCATCCCTACTAAAAATACAAAAATTAGCTGGGCATGGTGGCGGATGCCTGTAATCCCAGCTGCTTGGGAGGCTGAGGCGGGAGAATCACTTGAAACTGGAAGGTGGGGGTTGCAGTGAGCCGAGATCATGCCGCTGCACTCTAGCCTGGGCGAAAGAGTGAAACTCCATTTCAGAAAAAAAAAAAAAAAAAAAAAAAAGAA"
"chr7","55293275","55293467","chr22","37181857","37182051","30","18111418","GACCGGGTGCGGTGGCTCATGCCTGTAATCCCAGCACTTTGGGAGGCTGAGGTGGACAGATCAGGAGGTCAGGAGATGGAGACCATCCTGGCCAACTTGGTGAAACCCCATCTCTACTAAAAATACAAAAATTAGCTGGGAGTGGCTGCAGGCACCTGTAATCTCAGCTACTCAGGAGGCTGAGGCAGGAGAA","GGCTAGGCACACTGGCTCACGCCTGTAATCCCAACACTTTGGGAGGCTGAGGTGGGCAGATCATGAGGTCAGGAGTTCGAGACCAGCCTGACCAACAAGGTGAAACCCCATCTCTACTAAAAATACAATAATTAGCCGGGCATGGTGGCTGGCACCTGTAGTCCCAGCTACTCAGGAGGCTGAGGCAACAGAATC"
"chr7","56200296","56200594","chr5","103561356","103561665","44","47361060","GGGCCGGGTGGCTCATGCCTGTAATCCAGCACTTTGGGATGCCGAGGCAGGCAGATCACGAGATCAAGAGTTTGAGACGAACCCGGCCAATATGGTGAAACCCAGTCTCTACTAAAAGTACAAAAATTAGCCGGGTATGGTGGCAGGTGCCTGTAATCCCAGCTACTCGGGAGGCTGAGGCAGGAGAATCACTTGAACCCGGAAGGCAGAGGCTGCAGTTAGCTGAGATCATTCCACTGCACTCCAGCCTGGGCAAAAGAGCAAAACTCCGGAAAAAAAAAAGAAAAAAAAAAACAAAA","GGCCGGGCATGATGGCTCATGCCTGTAATTCCAGCACTTTGGGAGGCTGAGGCAGGCAGATCATGAGGTCAGGAGTTCGAGACCAGCCTGGCCAACATGGTGAAACCCAGTCTCTACTAAAAATGCAAAAATTAGCCAGGCGTGGTGGCAGGCGCCTGTAATCCCAGCTACTCTGGAGGCTGAGGGAGGAGAATCGTTTGAAACTGGAAGGCAGAGGTTGCAGTGAGCTGAGATCATGCCACTGCACTCCAGCCTAGGCAACAAGAGTAAAACTCCATCTCAAAAAAAAAAAAAAAAAGAAAAAGAAAAA"
"chr7","58784813","58784833","chr1","152489761","152489794","18","93704948","GCCAGGCTTGGTGGTGGGTGC","CCAGAGGGCGGAGGTTGCAGTGAGCCAAGATCAC"
"chr7","58785140","58785273","chr19","7877792","7877921","17","50907348","GCAGGGCGCGGTTGCTGATGCCTGTAATTCCAGCACTTTGGGAGGCCGAGGTGGGTGGATCACGAGGTCAGGAGTTCAAGACCAGCCTGGCCAGCATGGTGAAACCCCGTCTCTACTGAAAATACAAAAATTAA","GCCAGGCGCGGTGGCTCACGCCTGTAATCCCAGCACTTTGGGAGGCCAAGGTGGGTGGATCACTGAGGTCAGGAGTTCAAGACCAGCCTGGCCAGCATGGCAAAACCCCGTCTCTACCAAAAATACAAAA"
"chr7","59649490","59649787","chr15","75070840","75071138","36","15421350","GCCTGGTGCGGTGGCTCACACCTTTAATCCCAGCACTTTGGGAGGCTGAAGAGGGTGGATCATGAGGTCAGGAGTTCGAGACCAGCCCGGCCAACATGGTAAACTCTGTCTCTACTAAAAATACAAGAATTATCCAGGCGTGGTAGTGGGCACCTGTAATCCCAGCTAATTGGGAGGCTGAGGCAGGAAAATCACTTGAACCTGGAAGGCGGAGGTTGCAGTGAGCCGAGATCGTGCCACTGCACTCCAGCCTGGTCAAGAAGAGCAAAACTCTGTCTCAAAAAAAAAAATTAAAAAA","GGCTGGGCGTGGTGGCTCATGCCTGTAATCCCAGCACTTTGGGAGGCCGAGGCTGGTGGATCACAAGGTCAGGAGTTCGAGACCAGCCTGGCCAACATGGTGAAACCCTGTCTCTACTAAAAATACAAAAATTAGCTGGGCATGGTGGCGTGCACCTGTAATCCCAGCTACTCGGGAGGCTGAGGCAGGAGAATCGCTTGAAACTGGAAGGCGGAGTTTGCAGTGAGCCGAGATCGTGCCACTGCACTCCAGGCTGGGCAACAAGAGCAAAACTCCGTCTCAAAAAAAAAAAAAAAAAA"
"chr7","62896179","62896489","chr7","55957481","55957791","4","6938698","GGCCGGGCACAGTGGCTCATGCCTTTAATCCCAGCACTTTGGGAGGCCGAGGTGGGCGGATCACAAGGTCAGGAGTTCCAGGCCAGCCTGGCCAACATGGTGAAACCCCGTCTGTACTAAAAACACAAAAATTAACCGGGTCTGGTGGTGGGCTCCTGTAATCCCCGCTATTCGGGAGGCTGAGGCAAAAGAATCGCTTTAATCTGGAAGGCAGAGGTTGCAGTGAGCCAAGATCGTGCCACTGTACTCCAGTCTGGACGAAAAGAGTGACACTCCATGTCAGAAAAAAAAAAAAAAAAAAAAGAAAGAAA","GGCCGGGCACAGTGGCTCATGCCTTTAATCCCAGCACTTTGGGAGGCCGAGGTGGGCGGATCACAAGGTCAGGAGTTCCAGGCCAGCCTGGCCAACATGGTGAAACCCCGTCTGTACTAAAAACACAAAAATTAACCGGGTCTGGTGGTGGGCTCCTGTAATCCCCGCTATTCGGGAGGCTGAGGCAAAAGAATCGCTTTAATCTGGAAGGCAGAGGTTGCAGTGAGCCAAGATCGTGCCACTGTACTCCAGTCTGGACGAAAAGAGTGACACTCCATGTCAGAAAAAAAAAAAAAAAAAAGAAAGAAAAA"
"chr7","63798153","63798462","chr1","68338914","68339216","52","4540761","GGCCCGGCACGGGGGCTAACGCCTGTAATCCCAGCACTTTGGGAGGCTGAGGCAGGTGGATCACAAGATCAGAAGTTCAAAACCAGCCTGGCCAAGATGGTAAAACCCCACCTCTACAAAAAATACAAAAATTAGGCAGATATGGTGGCAGGTGCCTGTAATTCCATCTACTCGGCAGGCTGAGGAAGGAGAATCGCTTGATCCCACAAGGCAGAGGTCGCAGTGAGCTGAGATCTAGCTACTGCATTCCAGCCTGGGCAGCAAGAGTGAAACTCTGTCTCAAAAACTCCCCCAAAAAAACAAAACAAAA","GGCCAGGCACGGTGGCTCACGCCTGTAATCCCAACACTTTGAGAGGGTGAGGCGGGTGGATCACGAGGTCAGGAGTTCAAGACCAGCCTGGCCAACATGGTGAAACCCCGTCTCTACTAAAAATACAAAAATTAGCCAGGTGTGGTGGCGGGTGCCTGTAATCCCAGCTACTCGGGAGGCTAAGGCAGGAGAACCGCTTGAAATAGGTGGAGGCTGCAGTGAGCCGAGATCGCGCCACTGCACTCCAGCCTGGGCGACAAGAGTGAAACTCCATCTCAAAAACAAACAAACAAACAAAAAAAA"
"chr7","63929958","63930253","chr7","62506747","62507045","5","1423211","GGCCAGGCACAGTGGCTCACGACTATAATCCCAGCACTTTGGGAGGCCAAGACGGGCGGATCATGATGTCAGGAGTTCAAGACCAGCCTGGCTAACATGGTGAAATCCTGTCTCTACTAGAAATACAAATATTAGCTGGGCATGGTGGCGGGTGCCTGCAATCCCACCTACTCAGGAGGCTGAGACAGGAGAATTGCTTGAAACCAGAAGGCGGAGTTTGCAGTGAGCTGAGATCATGCCACTGCACTCCAGCCTGGGCGAAAGAGTGAAACTCTGTCTACAAAAAAAAAAAAAAA","GGCCAGGCACAGTGGCTCACGACTATAATCCCAGCACTTTGGGAGGCCAAGACGGGCGGATCATGATGTCAGGAGTTCAAGACCAGCCTGGCTAACATGGTGAAATCCCGTCTCTACTAGAAATACAAATATTAGCTGGGCATGGTGGCGGGTGCCTGCAATCCCACCTACTCAGGAGGCTGAGACAGGAGAATTGCTTGAAACCAGAAGGCGGAGTTTGCAGTGAGCTGAGATCATGCCACTGCACTCCAGCCTGGGCGAAAGAGTGAAACTCTGTCTCAAAAAAAAAAAAAAAAAAA"
"chr7","64645288","64645587","chr7","64394232","64394530","4","251056","GGTTGGGTGTGGTGGCTTGCACCTGTAATCCCAGCACTTTGGGAGGCTGAGGCGGGCAGATTACGAGGTCAGGAGGTCGAGACCAGCCTGGCCAACATGGTGAAACCCCATCTCTATTTAAAAATACAAAAATTAGCCGGGTTTGGTGGCAGGTGCCTGTAATCCCAGCTACTCGGGAGCCTGAGGCAGGAGAATCACTTGAAACTGGAAGGCAGAGGTTGCAGTGAGCCGGGATCCCGCCACTGCACTCCAGCCTGGGTGAAAGAGTGAAACTCCGTCTCAAAAAACAAACAAAAAAAA","GGTTGGGTGCGGTGGCTTGCACCTGTAATCCCAGCACTTTGGGAGGCCGAGGCGGGCAGATTACGAGGTCAGGAGGTCGAGACCAGCCTGGCCAACATGGTGAAACCCCATCTCTATTAAAAATACAAAAATTAGCCGGGTTTGGTGGCAGGTGCCTGTAATCCCAGCTACTCGGGAGCCTGAGGCAGGAGAATCACTTGAAACTGGAAGGCAGAGGTTGCAGTGAGCCGAGATCCCGCCACTGCACTCCAGCCTGGGTGAAAGAGTGAAACTCCGTCTCAAAAAACAAACAAAAAAAA"
"chr7","64910051","64910353","chr7","63539857","63540159","1","1370194","GCCAGGTGCGGTGGCTCACGCCTGTAATCCCAGCACTTTGGGAGGCCGAGGCGGGTGGATCACAAGGTTAGGAGTTCAAGACCAGACTGGCCAAGATGGTGAAATCCCATCTCTACTAAAAATACAAAAATTAGTCTGGCGTGGTGGCACGCGCCTGTAATCCTAGCTACTCGGGAGGCTAAGGCAGAAGAATTGCTTGAAACCGGGAAGCGGAGGTTGCAGTGAGCCGAGATCGCACCATTGCACTCCAGCCTGGGCAATAAGAGAGAAACTCCGTCTTAAAAGAAAAGAAAAGAAAAGAAA","GCCAGGTGCGGTGGCTCACGCCTGTAATCCCAGCACTTTGGGAGGCCGAGGCGGGTGGATCACAAGGTTAGGAGTTCAAGACCAGACTGGCCAAGATGGTGAAATCCCATCTCTACTAAAAATACAAAAATTAGTCTGGCGTGGTGGCACGTGCCTGTAATCCTAGCTACTCGGGAGGCTAAGGCAGAAGAATTGCTTGAAACCGGGAAGCGGAGGTTGCAGTGAGCCGAGATCGCACCATTGCACTCCAGCCTGGGCAATAAGAGAGAAACTCCGTCTTAAAAGAAAAGAAAAGAAAAGAAA"
