"chr1","1320814","1321109","chr1","227145106","227145406","44","225824292","GGCATGGTGGCTCACGGCTCTAATCCCAGAACTTTGGGAGGCCGAGGTGGGTGGCTCACGAGGTCAGCAGTTCGAGACTAGCCTGGCCAACACGGTGAAACCCCATCTGTACTAAAAATACAAAAATTTGCCGGGTGTGGTGGCGGGCACCTGTAATCCCAGCTACTCGGGAGGCTGAGACAGGAGAATAGCTTGAAACTGGAAGGCAGAGGTTGCGGTGATTCTGAGATTGCACCACTGCTCTCCATCCTGAGCAAAAGAACAAAACTCTGTCTACAAAAAAAAAAAAAGAAAAA","GCCAGGCATGGTGGCTCACGCCTGTAATCCCAGCACTTTGGGAGGCCGAGGCGGGTGGATCACGAGGTCAGCAGTTTGAGACCAGCCTGACCAACATGGTGAAACCCCATCTCTACTAAAAATACAAAAAATATTAGCTGGGCGTGGTGGCGGCTGCCTGTAATCCCAGCTACTCCGGAGGCTGAGGCAGGAGAATCTCTTGAAACTGGAAGGCGGAGGTTGCAACGAGCTGAGATTGCACCACTACACTCTAGCCTGGGCAACGAGAGCAAAACTCTGTCTCAAAAAAAAAAGAAGGAAA"
"chr1","2639640","2639779","chr1","2544621","2544764","7","95019","GCCTGTAATCCCAGCTACTCTGGAGGCTGAGGCAGGAGAATTTCTTGAAACCGGAAGGCAGAGGTTGCAGTGAGCTGAGATCATGCCACTGCACTCCAGCCTGGGCAACAAAAGCAAAACTGTCTCAAAAAAAAAAAAAA","GCCTGTAATCCCAGCTACTCTGGAGGCTGAGGCAGGAGAATTGCTTGAAATCGGAAGGCAGAGGTTGCAGTGAGCCGAGATCATGCCACTGCACTCCAGCCTGGGCAACAAAAGCAAAACTGTCTCAAAAAAAAAAAAAAAAAA"
"chr1","4371393","4371689","chr1","4263881","4264184","22","107512","GGCCAGGTGTGGTGGCTCACACCTATAATCCCAGCACTTTGAGAGGCTGAGGTGGGCAGATCACAAGGAGTTCGAGACCAGCCTGGCCAACATGGTAAAATCCCATCTCTACTAAAAATACAAAAATTAGCTGGGCATGGTAGCAGGTGCCTGTAATCCCAGCTACTTGGGAGGCTGAGGCAGGAGAATCACTTGAAACCGGAAGGCAGAGGTTGCAGTGAGCCAAGATTTCGCCACTGCACTCCAGCCTGGGTGAAAGAGCAATACTCTGTCTACAAAAAAAAAAAAAAAAAAAAA","GGCTGGGTGCAGTGGCTCACACCTATAATCCCAGCACTTCGAGAGGCTGAGGTGGGCAGATCACAAGGAGTTCGAGACCAGCCTGGCCAACATGGTAAAACCCCGTCTCTACTAAAAATACAGAAATTAGCTGGGCATGGTGGCAGGTGACTGTAATCCCAGCTACTTGGGAGGCTGAGGCAGGAGAATCACTTGAAACCGGAAGGCGGAGGTTGCAGCGAGCCAAGATTGCGCCACTGCACTCCAGCCTGAGTGAAAGAGCAATACTCTGTCTCAAAAAAAAAAAAAAAAAAAAAAAAAAAAA"
"chr1","6473449","6473517","chr7","882777","882828","20","5590672","GAGGCAGGAAAAATCACTTGAAAACTGGGAGGTGGAGGTTGCAGTGAGCCGAGATCGTGCCACTGCACT","CCTGAAACTGGGAGTTGGAGGTTGCAGTGAGCAAAGATCGTGCCACTGCACT"
"chr1","8876906","8877184","chr1","8562113","8562412","26","314793","GGCTGGGCGAGGAGGCTCATGCCTGTAATCCCATCACTTTGGGAGGCCGAGGCAGGTGGATCACGAGGTCAGGAGTTTGAGACCAGCCTGGCCAACACGGTAAAACCCTGCCTCTACTAAAAATACAAAAAAATTGGCCGGGCATGGTAGTGGGTGTCTGTAATCCCAGCTACTCAGGAGGCTGAGGCAGGAGGATCGCTTGAATCCAGCAGGCAGAGGTTGCAGTGAGCCGAGATCGCACCAGTGCACTCCAGCCTGGGCAAAAAAAAATGAGACTCC","GGCTGGGCGAGGTGGCTCATGCCTGTAATCCCATCACTTTGGGAGGCCGAGGCAGGTGGATCACGAGGTCAGGAGTTTGAGACCAGCCTGGCCAACATGGTAAAACCCTGCCTCTACTAAAAATACAAAAAAAATTGGCCGGGCATGGTAGTGGGTGCCTGTAATCCCAGCTACTCAGGAGGCTGAGGCAGGAGGATCGCTTGAATCCAGCAGGCAGAGGTTGCAGTGAGCCGAGATCGCACCAGTGCACTCCAGCCTGGGCAAAAAAAATGAGACTCCTTCTAAAAAAAAAAAAAAAAA"
"chr1","8987245","8987533","chr1","8671534","8671823","4","315711","GGCCAGGCACGGTGGCCTACTCCTGTAATCCCAGCACTTTGGGATGCCAAGGTGGGCAGATCACAAGGTCAGGAGTTCGAGACCAGCCTGGCCAACATGGTGAAACCTTGTCTCTACTAAAAATACAAAAATTAGCCAGGCACGGTGGCAGGTGCCTGTAATCCCAGCTACTCGGGAGGCTGAGGCAGGAGAATCGCTTGAAACCGGAAGGCGGAGGTTGCAGTGAGCTGAGATTGTGCCACTGCACTCCAGCATGGGCAAAAAGAGTGAAAGTCTGTCTCAAAAAAAA","GGCCAGGCGCGGTGGCCTACTCCTGTAATCCCAGCACTTTGGGATGCCAAGGTGGGCAGATCACAAGGTCAGGAGTTCGAGACCAGCCTGGCCAACATGGTGAAACCTTGTCTCTACTAAAAATACAAAAATTAGCCAGGCACGGTGGCAGGTGCCTGTAATCCCAGCTACTCGGGAGGCTGAGGCAGGAGAATCGCTTGAAACCGGAAGGCGGAGGTTGCAGTGAGCTGAGATTGTGCCACTGCACTCCAGCCTGGGCAAAAAGAGTGAAAGCCTGTCTCAAAAAAAAA"
"chr1","9750550","9750846","chr1","9447992","9448288","6","302558","GGCCGGGTGCGGTGGCTCACGCCTGTAATCCTAGCACTTTGGGAGGCCGAGGCAGGTGAATGATGGGGTCAGGAGTTTGATACCAGCCTGGCCAACATGGTGAAACCCGTCTCTACTAAAAATACAAAAATTAGCCAGGCGTGGTGGCAGGCACCTGTAATCCCAGCTACTCGGGAGGCTGAGGCAGGAAAATCGCTTGAAACCGGAAGGCGGAGGTTCCAATGAGCCAAGATCATGCCACTACACTCCAGCTTGGGTGAAACAGCGAAACTCCATCTCAAAAACAAAACACAAAAA","GGCCAGGTGCGGTGGCTCACGCCTGTAATCCTAGGACTTTGGGAGGCCGAGGCAGGTGAATGATGGGGTCAGGAGTTTGATACCAGCCTGGCCAACATGGCGAAACCCGTCTCTACTAAAAATACAAAAATTAGCCAGGCGTGGTGGCAGGCACCTGTAATCCCAGCTACTCGGGAGGCTGAGGCAGGAAAATCGCTTGAAACCGGAAGGCGGAGGTTCCAATGAGCCATGATTGTGCCACTACACTCCAGCTTGGGTGAAACAGCGAAACTCCATCTCAAAAACAAAACACAAAAA"
"chr1","10076380","10076678","chr1","9779559","9779862","13","296821","GGCCGGGCGCGGCAGCTCACACCTGTAATCCCAACACTTTGGGAGGCTGAGGCGGGAGGATCATGAGGTCAGGAGTTCGAGACCAGCCTGGCCAACGTGGTGAAACCCAGTCTATACTAAAAATACAAAAATTAGCCAGGCGTGGTGGCAGGCGCCTGTAATCCCAGCTAATCGGGAGGCTGAGGTAGGAGAATAGCTTGAAACCAGAAGGTGGAGGTTACAGAGAGTCGAGATCGTGCCATTGCACTCCAGCCTGGGTGACAAGAGCGAAACTCCATCTCAAAAAAAAAAAAAAAAAA","GGCTGTGCGCGGTGGCTCACACCTGTAATCCCAACACTTTGGGAGGCTGAGGCGGGAGGATCATGAGGTCAGGAGTTCGAGACCAGCCTGGCCAACATGGTGAAACCCAGTCTATACTAAAAATACAAAAATTAGCCAGGCGTGGTGGCAGGCGCCTGTAATCCCAGCTAATTGGGAGGCTGAGGCAGGAGAATAGCTTGAAACCAGAAGGCGGAGGTTACAGAGAGTCGAGATCGTGCCATTGCACTCCAGCCTGGGTGACAAGAGCGAAACTCCATCTCAAAAAAAAAAAAAAAAAAAAAAA"
"chr1","10358890","10359011","chr1","184538590","184538721","31","174179700","GAGGCAGGAGAATCACTTGAAACTGGAAGGTGGAGGTTGCAGTGAGCCAAGATTGCGCCACTAGACTCTGGCCTGGGCAACGAGAGCAAAACTCCATCTCAAAAGTAAATAAATAAATAAAA","TCGGGAGGCTGAGGCAGGAGAATGTCTTGAAACCAGAAGGTGGAGGTTGCAGTGAGCCAAAATCGTGCCACTGCACTCTAGCCTGGGCAACAGGAGCAAAACTCTGTCTCAACAAACAAACAAACAAAAGAA"
"chr1","12198498","12198801","chr1","11997118","11997422","8","201380","GGCCAGGCGCGGTGGCTCATGCCTGTAATCCCAGTACTTTGGGAAGCTAAGTCAGGCGGATCACGAGGTCAGGAGTTTGAGACCAGCCTGGCCAACATGGTGAAACCTGTCTCTACTAAAAATACAAAAATTAGCTGGGTGTGGTGGCGGGTGCCTGTAATCCCACTACTCGGGAGGCTGAGGCAGGAGAATCGCTTGAAACCAGAAGGCGGAGGTTGCAGTGAGCCGAGGTCACACCACTGCACTCCAGCCTGGGCAACAAGAGTGAAACTCCATCGCAAAAAATAAAATTAAAAAAAAAAAA","GGCCAGGCGCGGTGGCTCATGCCTGTAATCCCAGTACTTTGGGAAGCTAAGGCAGGCGGATCACGAGGTCAGGAGTTTGAGACCAGCCTGGCCAACATGGTGAAACCTGTCTCTACTAAAAATACAAAAATTAGCTGGGTGTGGTGGCGGGTGCCTGTAATCCCACTACTCGGGAGGCTGAGGCAGGAGAATCGCTTGAAACCGGAAGGTGGAGGTTGCAGTGAGCCGAGGTCACACCACTGCACTCCAGCCTGGGCAACAAGAGTGAAACTCCATCGCAAAAAAAAAAAAAAATTAAAAAAAAA"
"chr1","17418043","17418316","chr1","17267961","17268262","32","150082","GCCGGGCACGGTGGCTCACACCTGTAATCCCAGCACTTTGGGAGGCCGAGGCAGGTGGATCACGAGGTCAGGAGTTTGAGACCAGCCTGGCCAACATGGTGAAACCCCATCTCTACTAAAAATACAAAATTAGCCAGGAATGGTGGCAGGTGCCTCTAATCCCAGCTACTCAGGAGGCTGAGGCAGGAGAATAGCTTGAAACAGGAAGACAGAGGTTGCAGTGAGTTGAGATCTCAACACTGCATTCCAGCCTGGGTGAAAAAGTGAAACTCCG","GCCGGGCACGGTGGCTCACACCTGTAATCCCAGCACTTTGGGAGGCCGAGGCAGGTGGATCACGAGGTCAGGAGTTTGAGACCAGCCTGGCCAACATGGTGAAACCCCATCCCTACTAAAAATACAAAATTAGCCAGGAATGGTGGCAGGTGCCTCTAATCCCAGCTACTCAGGAAGCTGAGGCAGGAGAATAGCTTGAAACAGGAAGACAGAGGTTGCAGTGAGTTGAGATCCCACCACTGCATTCCAGCCTGGGTGAAAAAGTGAAACTCCGCCTCAAATAAAAAAAATAAAAAAAAAGA"
"chr1","17455464","17455624","chr2B","22683512","22683671","26","5228048","GGCCAGGCGCTGTGGCTCATGCCTGTAATCCCAGCACTTTGGGAGGCCAAGGTGGGCGGATCACAAGGTCAGGAGTTCGAGACCAGACTGACCAACATGCTGAATCCCTGTCTCTACTAAAAATACAATTAGCCGGGGGTGGTGGTGGGCACCTGTAATTC","GGCTGGGAGCAGTGGCTCAAGCCTGTAATCCCAGCACTTTGGGAGGCCGAGGTGGGCAGATCACAAGGTCAAGAGATCGAGACCAGCCTAGCCAACATGGTGAAACCCCGTCTCTACTAAAAATACAAAAATTAGCCGGGTGTGGTGGCGGGTGCCTGTA"
"chr1","19849407","19849710","chr1","19741418","19741724","17","107989","GCCGGGCACGGTGGGTCACACCTGTAATCCCAGCACTTTGGGAGGCCAAGGCTGGTGGATCACGAGATCAGCCGTTCGAGACCAGCCTGACCAACGTGATGAAACCCCGTCTCTACTAAAAATACAAAAAAATTAGCTGGGCGTGGTGGCAGGCACCTGTAATCCCAGCAACTTGGGAGGCTGAGGCAGGAGAATCGCTTGAAACCAGAAGGTGGAGTTTGCAGTGAGCCAAGATTGCACCACTGCACTCTAGCTGGGCAAGAGCAAAACTCCATCTCACCAAAAAAAAAAAAAAAAAAGGAAA","GCCGGGTGCGGTGGCTCACGCCTGTAATCCCAGCACTTTGGGAGGCCGAGGCTGGTGGATCATGAGATCAGCAGTTCGAGACCAGCCTGACCAACGTGATGAAACCCCGTCTCTACTAAAAATACAAAAAAATTAGCTGGGCGTGGTGGCAGGCACCTGTAATCCCAGCAACTTGGGAGGCTGAGGCAGGAGAATCGCTTGAAACCAGAAGGTGGAGGTTGCAGAGAGCCGAGATTGCGCCACTGCACTCTAGCTGGGCAATAAGAGCAAAACTCCATCTCACAAAAAAAAAAAAAAAAAAAAAAAA"
"chr1","21116884","21117182","chr1","21025895","21026194","6","90989","GGCCGGGCGGGGTAGCTCATGCCCGTAATCCCAGAATTTTGGGAGGCCAAGGCGGGTGGATCACAAGGTCAGGTGTTCAAGACCAGCCTGGCCAACATGGTGAAACCCCATCTCTACTAAAAATACAAAAAAATTAGCCAGGCGTGGTGGCGGGTGCCTGTAATCCCAGCTACTCCAGAGGCTGAGGCAGGAGAATCACTTGAACCTGGGAGGCGGAGGTTGCGGTAAGCCTAGATTGCACCACTGCACTCCAGCCTGGGCAACAAGAGCAAAACTCTATCTCAAAAAAAAAAAAAAAA","GGCCGGGCGGGGTAGCTCATGCCCGTAATCCCAGAATTTTGGGAGGCCGAGGCAGGTGGATCACAAGGTCAGGCGTTCAAGACCAGCCTGGCCAACATGGTGAAACCCCATCTCTACTAAAAATACAAAAAAATTAGCCAGGCGTGGTGGCGGGTGCCTGTAATCCCAGCTACTCCAGAGGCTGAGGCAGGAGAATCACTTGAACCTGGGAGGCGGAGGTTGCGGTAAGCCTAGATTGCACCACTGCACTCCAGCCTGGGCAACAAGAGTGAAACTCTATCTCAAAAAAAAAAAAAAAAA"
"chr1","21874560","21874860","chr5","164674025","164674313","66","142799465","GTCAGGCATGGTGGCTCACGCCTGTAATCCCAACACTTTTGGGAGGTCACGAGTTCAAGACCAGCCTGGCCAACATGGTGAAACCCTGTCTCTTCTAAACATACAAAATTAGCTGGGTGTGGTGGTGTGCACCTGTAATCCCAGCTACTCGGGAGGCTGAGGCAGGAGAGCCGCTTGAAACCAGGAGGCAGAGGTTGCAGTGAGGCGGAGATTGCAGGGAGCCGAGACTGCGTCACTGCACTCCAGCCTGAGCAAAAAGAGCAAAACTCCATCTCAAATAAATAAATAAATAAAATAAAAA","GGCCAGGCGCGGTGGCTCACGCCTGTAATTCCAGCACTTTTGGGAGGCTGAGGCCGGGAGTTCGAGCCCAGCCTGGCCAACATGGTGAAACCCCGTCTCTACTAAAAATACAAAAATTAGCTGGGCATGGTGGCAGGTGCCTGTAATCCCAGCTACTCAGGAGGCTGAGGCAGAAGAATTGCTTGAAACCGGAAGACGGAGGTTCCAGTGAGCCGAGATCGCGCCACTGAACTCCAGCCTGGGGGAAAGAGCAAAACTGTCTCAAAAAAAAAAAAAAAAAAAAAAAAAA"
"chr1","23139054","23139347","chr1","23001640","23001933","2","137414","GGCCAGGCACCATGGCTCACACCTGTAATCTCAGCATTTTGGGAGGCCCAGGCAGGCAGCCACCATGAGACCAGGAGTTCGAGACCAGCCCGGCCAACATGGTGAAACCTCATCTCTACTAAAAATACAAAAATTAGCCAGGTGTGGTGGCGGGCACCTGTAATGCCAGCTATTCAGGAGGCTGAGGCGGGAGAATCGCTTCAAACCGGAAGGCAGAGGTTGCAGGGAGCCAAGATTGCGCCACGCACTCCAGCCTGGATGACAAAGCAAGACTCCAACTCTGTCTCAAAAAAA","GGCCAGGCACCATGGCTCACACCTGTAATCTCAGCATTTTGGGAGGCCCAGGCAGGCAGCCACCATGAGACCAGGAGTTTGAGACCAGCCCGGCCAACATGGTGAAACCTCATCTCTACTAAAAATACAAAAATTAGCCAGGTGTGGTGGCGGGCACCTGTAATGCCAGCTATTCAGGAGGCTGAGGCGGGAGAATTGCTTCAAACCGGAAGGCAGAGGTTGCAGGGAGCCAAGATTGCGCCACGCACTCCAGCCTGGATGACAAAGCAAGACTCCAACTCTGTCTCAAAAAAA"
"chr1","24888140","24888261","chr10","115828273","115828400","23","90940133","CAGGAGGCTGAGGCAGGAGAATAGCTTGAAACCAGAAGGTGGAGGTTGCAATGTGCCAAGATTGCACCACTGCACTCCAGCCTAGGCAAAAGAGCGAAACTCCATCTTAAAAAAAAAGAGAA","CTCCTCAGGAGGCTGAGGCAGGAGAATCACTTGAAACCGGAAGGGGGAGATTGCAGTGAGCCGAGATCATGCCACTGCACTCCAGCCTGGGCAAAAGAGCGAAACTCCGTCTAAAAAAAAAAAAAAAA"
"chr1","25000003","25000197","chr19","21026285","21026474","34","3973718","TAAAAATACAAAAAATTAGCTGGGCGTGGTGACGGGCGCCTGTAATCCCAGCGACTTGGGAGGCTGAGGCAGGAAAATCGCTTGAAACCGGAAGGCAGAGGTTGCAGTGAGCGGAGATTGCGCCACTGTACTCTAGCCTGGACAATAAGAGCAAAACTCTGTCTCAAAAAAAAAAAAAAAGAGACATACAAAAAA","AAATACAAAAATTAGCTGGGCATGGTGGCCGGCACCTGTTATCCCAGCTACTTGGGATGCTGAGGCAGGAGAGTCGCTTGAAACCAGAAGGCAGAGGTTGTAGTGAGCTGAGATCATGCCAGTGCACTCCAGCCTGGGCAAAAGAGTGAAACTCAGTCTCAAAAAACAAACAAACAAACAAACAAAAGAA"
"chr1","25297096","25297285","chr19","14701273","14701459","22","10595823","GGCCGGGTGTGGTGGCTCACGCCTGTAATCCCAGCACTTTGGGAGGCCGAGGTGGGTGGATCACGAGGTCAGGAGTTCGAGACCAGCCTGGCCAACATAGTGAAACCCCGTCTCTACTAAAAATACAAAAATTAGGCCAGGAGCGGTGGCTGATGCCTGTAATCCCAGCACTTTGGGAGGCTGAGGTGGG","GGCTGGGTGCAGTGGCTCATGCCTGTAATCCTAGCACTTTGGGAGGCCAAGGTGGGTGGATCACAAGGTCAGGAGTTCGAGACCTGCCTGGCCAACATGGTGAAACCCCGTCTCTACTAAAAATACAAAACTTAGCCAGGTGTGGTGGCGGGTGCCTGTAGTCCCCGCTACTTGGGAGGCTGAGGTA"
"chr1","25330932","25331202","chr10","66678061","66678321","67","41347129","CTGGGCGAAGTGGCTCATGCCTGTAATCCCAACACTTTGAGAGGTCAAGGTGGGCAGATCATGAAGTCAGGAGTTCGAGGCCAGCCTGGTCAACACAGTGAAACCCCATCTCTACTAAAAATACAAAAAATTAGCCAGGCATGGTGATGGGTGCCTATAATCCCAGCTACTCGGGAAGCCGAGGCAGGAGAATCANNNNNNNNNNNNNNNNNNNNCCATTGCACTCCAGCCTGGGCAACAAGAGCAAAATTCCATCTCAAAAAAAGAAAAA","GGCCGGGTGCGGTGGCTCACGCCTGTAATCCCAGCACTTTGGGAGGCTGAGGCAGGTGGATCATGAGGTCAGGAGTTCAAGACCAGCCTGGCCAAGATGGTGAAACCCTGTCTCTACAAAAAATACAAAAATTATCCTGGTGTGGTGGCAGGCGCCTGTAATCCCAGCTAATCGAGAAGCTGAGGCAGAGAATTGCTGAGATCACAACACTGCACTCCAGCCTGGGCAACAAGAGCAAAACTCCGTCTCAAAAAAAAAAAA"
"chr1","25841735","25842033","chr1","25574128","25574419","13","267607","GGCCGGGCGTGGTGGCTCACGCCTGTAATCCCAGCACTTTGAGAGGCCAAGGTGGGCAGATCACGAGGTCAGGAGTTCGAGACCAGCCTAGCCAACATGGTGAAACCCTGTCTCCACTAAAAATATAAAAATTAGCTGGGCATGGTGGTGGGTGCCTGTAATCCCAGATACTCGGGAGGCTGAGGCAGGAGAATCGCTTGAAACCAGGAGGCAGAGAGGTTGCAGTGAGCCAAGATCACGCCACTGCACTCCAGCCTGGGCAACAAGAGGAAGACTCTGTCTACAAAAAAAAAAAAAAA","GGCCGGGTGTGGTGGCTCACACCTGTAATCCCAGCACTTTGAGAGGCCAAGGTGGGCAGATCACGAGGTCAGGAGTTCGAGACCAGCCTAGCCAACATGGTGAAACCCTGTCTCCACTAAAAATATAAAAATTAGCTGGGCATGGTGGTGGGTGCCTGTAATCCCAGATACTCGGGAGGCTGAGGCAGGAGAATCACTTGAAACCAGGAGGCAGAGAGGTTGCAGTGAGCCAAGATCACGCCACTGCACTCCAGCCAAGAGGAAGACTCTGTCTCCAAAAAAAAAAAAAAAA"
"chr1","27250278","27250471","chr16","19931476","19931668","27","7318802","GACCAAGCGTGGTGGCTCACACCTATAATCCCAACATTTTAGGAGGCCAAGATGGGCGGATCACAAGGTCAAGAGTTCGAGACCAGCCTGGCCAATGTTACTGAAACCCTGTCTCTACTAAAAATACAAAAATTAGCCAGGCGTGGTGGTGGGCACCTGTAGTCCCAGCTACTTGGGAGGCTGAGGCAGGAGAA","GGCCAGGCGCGGTGGCTCATGCCTGTAATCCCAGCACTTTGGGAGACCAAGGTGGGTGGATCACAAGGTCAGGAGTTTAAGACCAGCCTGGCCAATATGGTGAAACCTCGTCTCTACTAAAAATACAAAAATTAGCCGGCCATGGTGGTGGGCACCTGTAGTCCCAGCTACTCAGGAAGCTGAGGCAGGAGAA"
"chr1","27751607","27751903","chr1","27567583","27567880","7","184024","GGCCAGGCGCGGTGGCTCACGCCTATAATCCCAGGACTTTGAGAGGCTGAGGTGGGCAGATCACAAGGTCAGGAGTTCGAGACCAGCCTGGCCAACATGGTGAAACGCCGTCTCTACTAAAAATACAAAAATTAGCCAGGTGTGGTGGTGGGTGCCTGTAATCCCAGCTACTCATGAGGCTGAGGCAGGAGAATCACTTGAACCCAGAAGGTGGAGGTTGCAGTGAGCTGAGATCACCCACCCTGCACTCCAGCCGGGGCAAAAGAGCAAAACTCCGTCTCTAAATAAATAAATAAA","GGCCAGGCGCGGTGGCTCACGCCTGTAATCCCAGGACTTTGAGAGGCTGAGGCGGGCAGATCACAAGGTCAGGAGTTCGAGACCAGCCTGGCCAATATGGTGAAACGCCGTCTCTACTAAAAATACAAAAATTAGCCAGGTGTGGTAGTGGGTGCCTGTAATCCCAGCTACTCATGAGGCTGAGGCAGGAGAATCACTTGAACCCAGAAGGTGGAGGTTGCAGTGAGCTGAGATCGCCCCCCCTGCACTCCAGCCGGGGGCAAAAGAGCAAAACTCCGTCTCTAAATAAATAAATAAA"
"chr1","28247627","28247793","chr1","28079916","28080082","3","167711","GGCTGGGGGCGGTGACTCACGCCTGTAATCCCAGCACTTGGGGAGGCCGAGGCAGGCGGATCATAAGGTCAGGAGTTCGAGACCGGCCAGGCCAATATGGTGAAACCCTGTCTCTACTAAAAATACAAAAATTAGCCAGGCGTGGTAGGGGGCACCAGTGAGCCAAG","GGCCGGGGGCGGTGACTCACGCCTGTAATCCCAGCACTTGGGGAGGCCGAGGCAGGCGGATCATAAGGTCAGGAGTTCGAGACCGGCCAGGCCAATATGGTGAAACCCTGTCTCTACTAAAAATACAAAAATTAGCCAGGCATGGTAGGGGGCACCAGTGAGCCGAG"
"chr1","28852208","28852311","chr16","14045419","14045515","30","14806789","GCCAGGCGTGGTGGCTCACGCCTGTAATCCCAGCACTTTGGGAGGCCAACGGTGGGGGAGTACGAATCGAGGTTCAGGACGTTACGTAGACCCAAAGCCTGGCC","GGCCGGGCGCTGTGGCTCACGCCTGTAACCCCAGCACTTTGGGAGGCCAAGGCGGGCAGATCGTGAGGTCAGAAGGACACTAACTCAACATAATAAA"
"chr1","28962754","28963013","chr4","39519338","39519604","51","10556584","GCTGGGCATGGTGGCTCACACCTGTAATCTCAGCACTTTGTGAGGCCAAGGCAGCAGATCACATGAGGTAAGGAGTTTGAAACCAGCCTGACAACATGGCAAAACGCTGTCTCTACAAAATAAAAAAAAAAATTGGGCCAGGGACAGTGGCTCAGGCCTGTAATCCCAGCACCTTGGGAGGTCAAGGCAGGTGGATCACCTGAGGTCAGGAGTTTGAGACCAGCCTGGCCAACATGGCGAAACCTGGTCTCTACTAAAAA","GGCTGGGTGTGGTGGCTCAAGCCTGTAATCCCAGCACTTTAGGGAGCCCAGGCAGGAGAATTACCTGAGGTCAGAAGTTCGAGACCAGCCTGGCCACCATGGTGAAACCCTGTCTCTACAAAAAATACAAAATCAGGCCAGGCACAGTGGCTCACACCTGTAATTGCAGCACTTTGGGAGGTCCAGGCAAGAGGATCACCTGAGGTCAGGAGTTTGAGACCAGCCTGGCCAACATGGTGAAACCCCGTATCTACTAAAAATATAAAA"
"chr1","29019295","29019599","chr1","28839153","28839468","20","180142","GCCGGGCGTGGTGGCTCACGCCTGTAATCCCAGCACTTTGGGAGGCCGAGGCGGGTGGATCACGAGGTCAGGAGTTTGAGACCAGCCTGGCCAACATGGTGAAACCCCGTATCTACTAAAAATACAAAAAAAAAATTAAGCCGGGTGTGGTGGTGGGAGCCTGTAATCCCAGCTATTCAGGAGGCCAAGGCAGGAGAATCGCTTGAACCTGGGAAGGCAGAGAGGTTGCAGTGAGCCAAGATCGCACCACTGCACTCCAGCCTGGGCAACAAGAGCGAGACTCCATCTCAAAAAAAAAAAAAAAA","GCCGGGCGTGGTGGCTCACGCCTGTAATCCCAGCACTTTGGGAGGCCGAGGCGGGTGGATCACGAGGTCAGGAGTTTGAGACCAGCCTGGCCAACATGGTGAAACCCCGTATCTACTAAAAATACAAAAAAAAAATTAGCCGGGTGTGGTGGCGGGAGCCTGTAATCCCAGCTATTCGGGAGGCCAAGGCAGGAGAATCGCTTGAACCTGGGAAGGCAGAGGTTGCAGTGAGCCAAGATCGCACCACTGCACTCCAGCCTGGGCAACAAAAGCGAGACTCCATCTCAAAAAAAAAAAAAAAAAAAAAAAAAAAAAA"
"chr1","29259006","29259116","chr7","127926820","127926916","36","98667814","CTGGAGGGCGAGAGGTTGGTCAGTGAGCCGAGATAGTGCCACCTGCACTCCCAGCCTGGGCGAACAAAGAAGCAAAACCCTACGTCTCACAAAAAAAAAAAAAAAAAAAAA","TTGAAACTGGAAGGTGGAGGTTGCGGTGAACCAAGATCGCACCACTGCACTCCAGCCTGGGCAACAAAAGCGAAACTCCGTCTCAAAAAAAAAAAAA"
"chr1","29909845","29910166","chr1","29746720","29747026","23","163125","GGCCAGGCGCGGTGGCTCACGCCTGTAATCCCAGCACTTTGGGAGGCCAAGGCGGGCAGATCATGAGGTCAGGAGTTTGAGACCAGCCTGGCTAACATGGTGAAACCTCGTCCCTACTAAAAATACAAAATTTAGCTGGGTGTGGTGGCAGGCGCCTGTAATCCCAACTGCTCGGGAGGCTGAGGCAGGAGAATCTCTTGAAACTGGAAGGGCGGAGGTTGCAGTGAGCCAAGATCATGCCACTGCATTCCAGCCCAGGCAACAAGAGCAAAACTCCATCTCTAAATAAATAAATAAATAAATAAATAAATAAATAAATAAA","GGCCAGGCGCGGTGGCTCACGCCTGTAATCCCAGCACTTTGGGAGGCCAAGGTGGGCAGATCATAAGGTCAGGAGTTTGAGACCAGCCTGGCCAACATGGTGAAACCTCGTCCCTACTAAAAATACAAAATTTAGCTGGGCGTGGTGGCGGGCGCCTGTAATCCCAACTGCTCGGGAGGCTGAGGCAGGAGAATCTCTTGAAACTGGAAGGGCGGAGGTTGCAGTGAGCCAAGATCATGCCACTGCATTCCAGCCTGGGCAACAAGAGCAAAACTCCATCTCTAAATAAATAAATAAATAAAAGAAA"
"chr1","32615793","32616095","chr1","32496857","32497148","17","118936","GGCTGGGCACGGTGGCTTATGCTTGTAATCCCAGCACTTTGGGAGGCCGAGGCGGGCGGATCACAGGGTCAGGAGTTCGAGACCAGCCTGGCCAACATGGTGAAACCCCGTCTCTGCTAAGAATGCGGAAATCAGCCAGGTGTGGTGGCGGGTACCTGTAATCCCAGCTACTCGGGAGGCTGAGGCAGGAGAATGGCTTGAAACTGGAGGGCGGCAGCGATTACAGTGAGCCAAGATCACTTCACTATACTCCAGCCTGGGCAACAAGAGCAAAACTCCGTCTCACAAAAAAAAACAGACAAA","GGCTGGGCACGGTGGCTTATGCCTGTAATCCTAGCACTTTGGGAGGCCGAGATGGGCAGATCACAGGGTCAGGAGTTCGAGACCAGCCTGGCCAACATGGTGAAACCCCGTCTCTACTAAGAATGCGGAAATCAGCCAGGTGTGGTGGCGGGTACCTGTAATCCCAGCTACTCGGGAGGCTGAGGCAGGAGAATGGCTTGAAACTGGAGGGCGGAGATTACAGTGAGCCAAGATCACTTCACTATACTCCAGCCTGGGCAACAAGAGCAAAACTCCGTCTCAAAAAAAAAAA"
"chr1","33061253","33061554","chr1","32774490","32774789","6","286763","GGCTGGGCGCTGTGGCTCATGCCTATAATCCCAATACTTTGGGAGGCCAAGGCAGGCGGATCACAAGGTCAGGAGTTTGAAACCAGCCTGGCCAACATGGTGAAACCTCGTCTCTACTAAAAAATACAAAATTAGCCGGGCATGGTGGCGGGTGCCTATAATCCCAGCTACTCGGGAGGCTGAGGCAGGAGAATCGATTGAACCTGGAAGGCAGAAGTTGCAGTGAGCCGAGATCACACCGTTGCACTCCAGCCTGGGCAACAAGAGCGAAACTCCGTCTCACAAAAAAAAAGGAAAACAAA","GGCTGGGCGCTGTGGCTCATGCCTATAATCCCAATACTTTGGGAGGCCAAGGCAGGCGGATCACAAGGTCAGGAGTTTGAAACCAGCCTGGCCAACATGGTGAAACCTCGTCTCTACTAAAAAATACAAAATTAGCCGGGCATGGTGGCAGGTGCCTATAATCCCAGCTACTCGGGAGGCTGAGGCAGGAGAATCGATTGAACCTGGAAGGCAGAAGTTGCAGTGAGCCAAGATCACACCATTGCACTCCAGCCTGGGCAACAAGAGCGAAACTCCGTCTCAAAGAAAAAGGAAAACAAA"
"chr1","33174336","33174625","chr1","32889338","32889630","17","284998","CCGGGCGCGGTGGCTCACACCTGTAATCCCAGCACTTTGGGAGGCCGAGGCAGGCGGATCACAAGGTCAGGAGTTCGAGACCAGCCTGACCAACATGGTGAAACCCTGTCTCTACTAAAAATACAAAAGTTAGCCAGGCGTGGTGGCGGGCACCTGTAATTCCAGCTACTCAGGAGGCTGAGGCAGGAGAATCGCTTGAAACCGGAAGACGGAGGTTGCAGTGAGCCGAGATTGCACCACTGCACTCTAGCCTGGGCAAAAGAGTGAAAGTCCGTCTCGAGGACAAAAAA","GGCTGGGCGCGGTGGCTCATGCCTGTCATCCCAGCACTTTGGGAGGCTGAGGCGGGTGGATCACAAGGTCAGGAGTTCAAGACCAGCCTGGCCAACATGGTGAAACCCTGTCTCTACTAAAAATACAAAAGTTAGCCACGCGTGGTGGCGGGCACCTGTAATCCCAGCTACTCAGGAGGCTGAGGCAGGAGAATCGCTTGAAACCGGAAGACGGAGGTTGCAGTGAGCCGAGATTGCACCATTGCACTCTAGCCTGGGCAAAAGAGTGAAACTCCGTCTCGAAGACAAAAAAA"
"chr1","33207115","33207413","chr1","32924716","32925014","5","282399","GGCCGGGCGCTGTGGCTCATGCCTGTAATCCCAGCACTTTGGAAGGCTGAGGCGGGCAGATCACAAGGTCAGCAGTTTAAGACCAGCCTGGCCAACATGGTGAAACCCTGTCTCTACTAAAAATACAAAAATTTGCTGGGCATGGTGGCAGGCGCCTATAATCCCAGCTACTCAGGAGGCTGAGGCAGGAGAATCACTTGAACCCAGGAGGTAGAGGTTGCGGTGAGCAGAGATCGCACCACTGCACTCCAGCCTGGGAAACAAGAGCGAAACTCTGTCTCAAAAAATAAAAATGAAAA","GGCCGGGCGCTGTGACTCATGCCTGTAATCCCAGCACTTTGGAAGGCTGAGGCGGGCAGATCACAAGGTCAGCAGTTTAAGACCAGCCTGGCCAACATGGTGAAACCCCGTCTCTACTAAAAATACAAAAATTTGCTGGGCATGGTGGCAGGCGCCTATAATCCCAGCTACTCGGGAGGCTGAGGCAGGAGAATCACTTGAACCCAGGAGGTGGAGGTTGCGGTGAGCAGAGATCGCACCACTGCACTCCAGCCTGGGAAACAAGAGCGAAACTCTGTCTCAAAATATAAAAATGAAAA"
"chr1","33324718","33325016","chr1","33022269","33022569","13","302449","GGTGCTGCAGCTCACACCTGTAATCCCAGCACTTTGGGAGGCCAGGGTGGGTGGATCATGAAGTCAGGAGTTCGAGACCAGCCTCGCCAAGATGGTGAAACCCCATCTCTACTAAAAATACAAAAATTAGCCGAGTATGGTGGCGGGCACCTGTAATCCCAGCTACTCGGGAGGCTGAGGCAGGAGAATTGCTTGAAACCGGAAGGCAGTTTGCAGTGAGCCAATATCGAGTCACTGCACTCCAGCCTGGGCAAAAGAGCGAAACTCCGTCTCCAAAAAAAAAATAAAGAAAAAAGAAA","CCAGGTGCTGCAGCTCACACCTGTAATCCCAGCACTTTGGGAGGCCAAGGTGGGTGGATCATGAAGTCAGGAGTTCGAGACTAGCCTCGCCAAGATGGTGAAACCCCATCTCTACTAAAAATACAAAAATTAGCCGAGTATGGTGGCGGGCACCTGTAATCCCAGCTACTCAGGAGGCTGAGGCAGGAGAATTGCTTGAAACCGGAAGGCAGAGTTTGCAGTGAGCCAATATTGAGTCACTGCACTCCAGCCTGGGCAAAAGAGCGAAACTCCGTCTCAAAAAAAAGAAAGAAAAAAGAAA"
"chr1","35576277","35576432","chr1","35427071","35427227","4","149206","GCTGGGTGCATTGGCTCACACCTGTAATCCCAGCAGGAGAATCTCTTGAAACTGGAAGGTGGAGGTTGCAGTGAGCCGAGATTGTGCCACTGCACTCTAGCCTGGGCAATAAGAGCAAAACTTCGCCTCAAAAACGAAAAACAAAAAACAAAAAAA","GCTGGGTGCATTGGCTCACACCTGTAATCCCAGCAGGAGAATCGCTTGAAACTGGAAGGTGGAGGTTGCAGTGAGCCGAGATTGTGCCACTGCACTCTAGCCTGGGCAATAAGAGCAAAACTTCACCTCAAAAACAAAAAACAAAAAACAAAAAAAA"
"chr1","35871262","35871543","chr10","66678061","66678321","65","30806799","GGCCGGCCACGGTGGCTCACACCTGTAATCCCAGCACATTGGGGAGACCGAGGCAGGCGGATCACGAGGTCAAGAGTTCGAGACCAGCCTGACCAACATGGTGAAACTCCATCTTAACTAAAAATACAAAAATTAGCCGGGCGTGGTGGCAGGCGTCCTGTAGTCCCAGCTACTCGAGGCTGAGGCAGGAGAATGGCGTNNNNNNNNNNNNNNNNNNNNCCACTGCACTCCAGCCTGGGAGACAGAGAGCGAGACTCTGTCTCAAAGAAAAAAACAAAAAAA","GGCCGGGTGCGGTGGCTCACGCCTGTAATCCCAGCACTTTGGGAGGCTGAGGCAGGTGGATCATGAGGTCAGGAGTTCAAGACCAGCCTGGCCAAGATGGTGAAACCCTGTCTCTACAAAAAATACAAAAATTATCCTGGTGTGGTGGCAGGCGCCTGTAATCCCAGCTAATCGAGAAGCTGAGGCAGAGAATTGCTGAGATCACAACACTGCACTCCAGCCTGGGCAACAAGAGCAAAACTCCGTCTCAAAAAAAAAAAA"
"chr1","36258061","36258369","chr1","36121580","36121889","12","136481","GGCCAGGTGCGGTGGCTCACGCCTGTAATCCCAGCACTTTGGGAGGCTGAGGCAGGTGGATCACGAGGTCAGGAGTTCTAGACCAGCCTGGCCAATGTGGTGAAACCCTGTCTCTACTAAAAATACAAAAATTAGCCAGGCCTGGTGGCAGGCTCCTGTAATCCCAGCTACTGGAGAGGCTGAGGCAGGAGAATCGCTTGGAACTGGAAGGCAGAGGTTGCAGTGAGCCAAGATCAAGCCACTGCACTCCACCCTGGGTGAAAGAGCGAAACTCTGTCTCTAAAAAAAAAAAAAAAAGAAAGAAAGAAA","GGCCAGTTGCGATGGCTCACGCCTGTAATCCCAGCACTTTGGGAGTCCGAGGCAGGTGGATCACGAGGTCAGGAGTTCTAGACCAGCCTGGCCAATGTGGTGAAACCTTGTCTCTACTAAAAATACAAAAATTAGCCAGGCCTGGTGGCAGCCTCCTATAATCCCAGCTACTGGAGAGGCTGAGGCAGGAGAATCGCTTGGAACTGGAAGGCAGAGGTTGCAGTGAGCCAAGATCAAGCCACTGCACTCCACCCTGGGTGAAAGAGTGAAACTCTGTCTCAAAAAAAAAAAAAAAGAAAGAAAGAAAGAA"
"chr1","39592460","39592635","chr10","84027091","84027263","21","44434631","GGCCGGGTACGGTGGCTCACGCCTGTAACCCCAACACTTTGGGAGGCCGAGGCAGGTGGATCACAAGTTCAGGAGTTGGAGACCAGCCTGGCCAATATGGTGAAACCCCAGCTCTACTAAAAAAAGTAGAAAAATTATCTGGGTATGGTGGCAGGCGCCTGTAATCCCAGCTACTC","GGCCAGGTGCGGTGGCTCACGTCTGTAATCCCAGCACTTTGGGAGACCGAGGCTGGTGGATCACAAGGTCAGGAGTTTGAGACCAGCCTAGCCAATATGGTGAAACCCCCTCTCTCCTAAAAATACAAAAATTAACTGGGTGTGGTGGCAGGCATCTGTAATCCCAGCTACTC"
"chr1","40630189","40630479","chr1","40385185","40385478","7","245004","GGCCGGGCGTGGTGGCTCACGCCTGTAATCCCAGCACTTTGGGAGGCTGAGGTGGGCAGATCACAATTTCAGGAGTTTGAGACCAGCCTGGCCAACAGAGTAAAACCCCATCTTTACTAAAAATACAAAAATTAGCTGGGCATGGTGGCAGGCGCCTGTAATCCCAGCTACTCAGGAGGCCAAGGCAGGAGAATTGCTTGAAACTGAAAGGCAGAGGTTGCAGTGAGCTGAGATCATGCCACTGCACTCCAGCCTGGGCAAAAGAGTGAAACTCCGTCTCAAAAAAAAAAA","GGCCAGGCGTGGTGGCTCACGCCTGTAATCCCAGCACTTTGGGAGGCTGAGGTGGGCAGATCACAATTTCAGGAGTTTGAGACCAGCCTGGCCAACAGAGTAAAACCCCATCTTTACTAAAAATACAAAAATTAGCTGGGCATGGTGGCAGGCGCCTGGAATCCCAGCTACTCAGGAGGCCAAGGCAGGAGAATTGCTTGAAACTGAAAGGCAGAGGTTGCAGTGAGCTGAGATCACGCCACTGCACTCCAGCCTGGGCAAAAGAGTGAAACTCCATCTCAAAAAAAAAAAAAA"
"chr1","40957008","40957170","chr1","40707488","40707654","7","249520","AATTAACCGGGTGTGGTGGCGGGCGCCTGTAATCCCAGCTACTCGGGAGGCTGAGGCAGAAGAATCGCTTGAAACCGGAAGGCAGAGGTTGCAGTGAGCAGAGATTGCGACACTGCACTCCAGCCTGGGCGAAAGAGCGAAACTACATCTCAAACAAACAAAA","AATTAACCGGATGTGGTGGCGGGCGCCTCTAATCCCAGCTACTCCGGAGGCTGAGGCAGAAGAATCGCTTGAAACCGGAAGGCAGAGGTTGCAGTGAGCAGAGATTGCGACACTGCACTCCAGCCTGGGCGAAAGAGCGAAACTACATCTCAAACAAACAAACAAAA"
"chr1","41816714","41816998","chr1","41694634","41694920","6","122080","GGCTGGGCACGTTGGCTCATGCCTGTAATCCCAGCACTTTGAGAGGCCAAGGCAGGCAGATCACAAGGTCAGGAGTTTGAGACCAGCCTGGCCAACATGGTGAAACCCCGTCTCTACTAAAAATACGAAAATTAGCCGGGCGTGGTCATGGGCACCTGTAATCCCAGCTACTCGGGAGGCTAAGACAGGAGAATCACTTGAACCCAGGATCTTGCAGTGAGCCAAGATCGCACCACTGCACTCCAGCCTGGCCAACAAGAGTGACTCTGTCTCAAAAATAAAAAA","GGCTGGGCACGTTGGCTCATGCCTGTAATCCCAGCACTTTGGGAGGCCAAGGCAGGCAGATCACAAGGTCACGAGTTTGAGACCAGCCTGGCCAACATGGTGAAACCCCGTCTCTACTAAAAATATGAAAATTAGCCGGGCGTGGTCGTGGGCACCTGTAATCCCAGCTACTCGGGAGGCTAAGACAGGAGAATCACTTGAACCCAGGATCTTGCAGTGAGCCAAGATCGCACCACTGCACTCCAGCCTGGCCAACAAGAGTGACTCTGTCTCAAAAATAAAAAAAA"
"chr1","43208617","43208889","chr1","43034730","43035021","20","173887","GCGGTGGCTCACGCCTGTAATCCCAGTACTTTGGGAAGCCAAGGTGGGCGGATCATAAGGTCAGGAGTTCGAGACCAACCTGGCCAACATGGTGAAAATACAAAAATACTAAAAATACAAAAATTAGCTGGGCGTGGTGGCGGGCGCCTGTAATCCTAGCTACTTGGGGGGCTGAGGCAGGAGAATAGCTTGAAACCAGAAGACAGAGGTTGCAGTGAGCTGAGATCATGCCACTGCACTCCAGTCTGGGTGAAAGAGCAAAACTCCATCTCA","GCGGTGGCTCACGCCTGTAATCCCAGTACTTTGGGAAGCCAAGGTGGGCGGATCATAAGGTCAGGAATTCGAGACCAACCTGGCCAACATGGTGAAAATACAAAAATACTAAAAATACAAAAATTAGCTGGGCGTGGTGGCGGGCGCCTGTAATCCTAGCTACTTGGGGGGCTGAGGCAGGAGAATAGCTTGAAACCAGAAGACAGAGGTTGCAGTGAGCTGAGATCATGCCACTGCACTCCAGTCTGGGTGAAAGAGCAAAACTCCATCTCAAAATAAATAAATAAATAAA"
"chr1","43222225","43222415","chr11","126036905","126037089","26","82814680","GGCCAGTCATGGTGGCTCACACCTGTAATCCCAGCACTTTGGGAGGCTGAGGTGGGCAGATCATGAGGTCAGGAGTTCAAGACCAGCCTGGCCAACATAGTGAAATCCCGTCTCTACTAAAAATACAAAAATTAGCTGGGCGTGGTGGCAGGTGCCTGTAGTCCCAGCTACTCGGAAGGAATAAGGCAAGA","GGCTGGGCGTGGTGGCTCACACCTGTAATCCCAGCACTTTGGGAGGCCAAGGCGGGCAGATCACAAGGTCAGGAGTTCGAGAACAGCCTGGCCAATATGGTGAAACCCCATCTCTACTAAAAATACAAAAATTAGCCAGGCGTGGTGGCAGGTGCCTGTAATCCCAGCTACTTGGAAGGCTGAAG"
"chr1","46030623","46030927","chr1","45945511","45945815","3","85112","GGCTGAGTGCAGTGGCTCACGCCTGTAATCTCAGCACTTTGGGAGGCCAAGGCAGGTGGATCACGAGGTCAAGAGTTCAAGACCAGCCTGGCCAACATTGTGAAACCCCGTCTCTACTAAAAACACAACAAAATTAGCTGGGCATGGTGGCGGGCACCTGTAATCCCAGGAGGCTGAGGCAGGAGAATCACTTGAAACCAGAAGGTGGAGGTTGCAGTTAGCCAAGATTGCACCACTGCACTCCAGCCTGGGCAACAAAAGTGAAACTCCATCTCTAAATAAATAAATAAATAAAAGGAAAGAAA","GGCTGAGTGCAGTGGCTCACGCCTGTAATCTCAGCACTTTGGGAGGCCAAGGCAGGTGGATCACGAGGTCAAGAGTTCGAGACCAGCCTGGCCAACATTGTGAAACCCCGTCTCTACTAAAAATACAACAAAATTAGCTGGGCATGGTGGCGGGCACCTGTAATCCCAGGAGGCTGAGGCAGGAGAATCACTTGAAACCAGAAGGTGGAGGTTGCAGTTAGCCGAGATTGCACCACTGCACTCCAGCCTGGGCAACAAAAGTGAAACTCCATCTCTAAATAAATAAATAAATAAAAGGAAAGAAA"
"chr1","46898183","46898382","chr18","56418609","56418802","25","9520426","GGCCTGGCACAGAGGCTCACACCTGTAATCCCAGCACTTTGGGAGGCTGAGGCGGGTGGATCACGAGGTCAGGAGTTCGAGACTAGCCTGGCCAACATGGTGAAGCCCTGTCTCTACTAAAAATACAAAAATCAGCTAGATATGGTGGTGGGCACCTGTAATCCCAGCTACTTGGGAGGCTGAGGCAGGAGAATTGTTTG","GGCTGGGCACCGTGGCTCACGCTTGTAATCCCAGCACTTTGGGAGGCCGAGGCGGGTGGATCATGAGGTCAGGAGTTCGAGACCAGCCTGGCCAACATGGTGAAACTCTGTCTCTACTAAAAATGCAAAAATTAGCTAGGTGTGGTGGTAGGTGCCTGTAATCCCAGCTGCTTGGGAGGCTGAGGCAGGAGAAT"
"chr1","48033963","48034251","chr1","47799683","47799971","6","234280","GGCCAGGTACGGTGGCTCACACCTGTAATCCCAGCACTTTGGGAGGCTAAGTCAGGCAGATCACGAGGTCAGGAGTTCAAGACCAGCCTGGCTAACATGGTGAAACCCCGACTCTAATAAAAATACAAAAATTAGCTGAGTGTGGTGGCGGGCACCTGAAGCTACTTGGGAGGCTGGGGCAGGAGAACTGCTTGAAACTGGAAGGCAGAGGTTGCAGTGAGCTGACATCGCACCACTGCACTCCAGCCGGGGGAAAAGAGCAAAACTCTGTCTCAAATAAATAAATAAA","GGCCAGGTACAGTGGCTCACATCTGTAATCCCAGCACTTTGGGAGGCTAAGTCAGGCAGATCACGAGGTCAGGAGTTCGAGACCAGCCTGGCCAACATGGTGAAACCCCGACTCTAATAAAAATACAAAAATTAGCTGAGTGTGGTGGCAGGCACCTGAAGCTACTTGGGAGGCTGGGGCAGGAGAACTGCTTGAAACTGGAAGGCAGAGGTTGCAGTGAGCTGACATCACACCACTGCACTCCAGCCGGGGGAAAAGAGCAAAACTCTGTCTCAAATAAATAAATAAA"
"chr1","48157715","48158015","chr5","15255661","15255963","35","32902054","GCCAGGCGCTGTGGCTCACTCCTGTAATCCCAGCACTTTGGGAGGCCGAGGCTGGCGGATCACGAGGTCAGGAGTTCGAGACCAGCCTGGCTAACATGGAGAAACGTTGTCTTTACTAAAAATACAAAAATTAGCCTGGCGTGGTGGCGGGCGCCTGTAATCCCAGCTACTCCGAAGGCTGAGGCAGGAGAATCGCTTGAAACCGGAAGGCGGAGGTTGTGGTGAGCCCAAATCGCGCCACTGCACACTAGCCTGGGCGAAAGAGTGAACTCCATACTAAAAACAAAAAAAAAAAAAAAAA","GCCGGGCGCGGTGGCTCACGCCTCTAATCCCAGCACTTTGGGAGGCTGAGGCGGGTGGATCACGAGGTCAGGAGTTCAAGACCAGCCTGGCCAACATGGTGAAACCCCGTCTCTACTAAAAATACAAAAATTAGCCAGGCGTGGTGGTGGGCACCTGTAATCCCAGCTATTTGGGAGGCTGAGGCAGGAGAATCGCTTGAAACAGGAAGGCAGAGGTTGTGGTGAGCCGAGATCGCACCACTGTACTCCAGCCTGGGCGAAAGACTGAAACTCCATCTCAAAAAGAAAAAAAAAAAAAAGAAA"
"chr1","48834333","48834620","chr1","48625766","48626052","6","208567","GGCCAGGCGCGGTGGCTCACGCCTCTAATCCCAGCACTTTGGGAGGCCAAGGCAGGGGGATCACGATGTCAGGAGTTCGAGACCAGCCTGGCCAACATGGTGAAACCCTGTCTCTACTAAAAATACAAAAATTAGCCGGGTGTGGTGGCGGGTGCCTGTAATCCCAGCTACTTGGGAGGCTGAGGCAGAAGAATCGCCTGAAACTGGAAGGTGGAGGTTGCAGTGAACCGAGATCGCACTGCACTCCAGCCTGGGTCACAAGAGTGAAATTCCATCTTAAAAAAAAAA","GGCCAGGCACGGTGGCTCACGCCTCTAATCCCAGCACTTTGGGAGGCCAAGGCAGGGGGATCACGAAGTCAGGAGTTTGAGACCAGCCTGGCCAACATGGTGAAACCCTGTCTCTACTAAAAATACAAAAATTAGCCGGGTGTGGTGGCGGGTGCCTGTAATCCCAGTTACTTGGGAGGCTGAGGCAGAAGAATCGCCTGAAACTGGAAGGTGGAGGTTGCAGTGAACCGAGATCGCACTGCACTCCAGCCTGGGTGACAAGAGTGAAATTCCATCTTAAAAAAAAA"
"chr1","53569222","53569437","chr1","53302817","53303032","8","266405","CGGATCATGAGGTCAGGAGTTCGAGACCAGCCTGGCCGATATGGTGAAACCCCATCTCTACTAAAAATACAAAAATTAGGCGGGCATTGTGGTGGGCGCCTGTAATCCCAGCTACTCGGGAGGCTGAGGCAGGAGAATTGCTTGAAACTGTAAGGCGGAGGTTGCAGTGAGCCAAAATCGTGCCACTGCACTCTAGCCTGGATGAAAGAGCAAAAC","CGGATCACGAGGTCAGGAGTTCGAGACCAGCCTGGCTGATATGGTGAAACCCCATCTCTACTAAAAATACAAAAATTAGGCGGGCATTGTGGTGGGCGCCTGTAATCCCAGCTATTCGGGAGGCTGAGGCAGGAGAATTGCTTGAAACCGTAAGGCAGAGGTTGTGGTGAGCCAAAATCGCGCCACTGCACTCTAGCCTGGATGAAAGAGCAAAAC"
"chr1","53588389","53588685","chr1","53322363","53322665","10","266026","GCTGGGCACGGTGGCTCATGCCTGTAATCCCAGCACTTTGGGAGGCTGAGGTGGGCACATCATGAGGTCAGGAGTTCGAGACCACCCTGGCCAACATGGCAAAACCCCGTCTCTACTAAAAATACAAAAATTAGCCGGGCATGGTGGTAATCCCAGCTACTCCAGAGGCTGAGGCAGGAGAATCCCTTGAAACCGGGAGGCGGAGGTTGCAGTGAGCCAAGATTGCGCCTGTACTCCAGCCTGGGCAAAAGAGGGAAACTCCGTCTCAATAAATAAATAAATAAGTACAAAACAAAA","GCTGGGCACGGTGGCTCATGCCTGTAATCCCAGCACTTTGGGAGGCTGAGGTGGGCACATCATGAGGTCAGGAGTTCGAGACCACACTGGCCAACATGGCAAAACCCCGTCTCTACTAAAAATACAAAAATTAGCCGGGCATGGTGGTAATCCCAGCTACTCCAGAGGCTGAGGCAGGAGAATCCCTTGAAACCGGGAGGCGGAAGTTGCAGTGAGCCAAGATTGCGCCACTGTACTCCATCCAGCCTAGGCAAAAGAGGGAAACTCCATCTCAATAAATAAATAAATAAGTACAAAACAAAA"
"chr1","54809457","54809745","chr1","54581278","54581565","9","228179","GCCGGGCACGGTGGCTCACACCTGTAATCCCAGCACTTTGGGAGGCTGAGGTGGGTGGATCACAAGGTCAGAAGTTTGAGACCAGCCAGGCCAACATGGTGAAACCCCGTCTCTACTAAAAATACAAAAATTAGCCGGGCGTGGTGGCTGTTGCCTGTAATCCCAGCTACTCAGGAGGCTGAGGCAGGAGAATTGCTTGAAACCGAAAGGCAGAGGTTGCAGTGAGCCAAGATCGCACCATTGCACTCCAGCCTGGGCAACAAGAGTTGAGACTCCATCTCAAAAAAAA","CCGGGCGCGGTGGCTCACACCTGTAATCCCAGCACTTTGGGAGGCTGAGGTGGGTGGATCACAAGGTCAGGAGTTTGAGACCAGCCAGGCCAACATGGTGAAACCCCGTCTCTACTAAAAATACAAAAATTAGCTGGGCGTGGTCGCTGTTCCTTGTAATCCCAGCTACTCAGGAGGCTGAGGCAGGAGAATTGCTTGAAACCGAAAGGCAGAGGTTGCAGTGAGCCAAGATCGCACCATTGCACTCCAGCCTGGGCAACAAGAGTGAGACTCCATCTCAAAAAAAAA"
"chr1","54917573","54917875","chr19","7470476","7470769","54","47447097","GCCGGGCGCGGTGGCTCACTCCTGTAATTCCCAGCATTGGAGCTGCGAGGGCGACACCAACGGGGTATAAGGGCAGGNGTTCAAGACCAGCCTGGCCAAACTATGGTGAAACCCTGTCTCTACTAAAAAATCAAATATTTAGCCAGGCGTGGTGGCGGGCGCCTGTAATCCCAGCTACTCAGGAGGCTGAGGCAGGAGAAGCGCCTGAACCCGGGAGACAGAGGTTGCAGTGAGCCCGCGCCACCGCACTCCAGCCTGGGCGACAAGAGGGAAACTCTGCATCAAAAAAAAAAAAGAAAGAAA","GGCCGGGCGCGGTGGCTCACGCCTGTAATCCCAGCACTTTGGGAGGCCGATGCGGGCGGATCACGAAGTCAGGAGTTCAAGACCAGTCTAGCCAACATGGTGAAACCCTGTCTCTACTAAAAATACAAAAATTAGCCGGGCGTGGTGGTGGGCGCCTGTAATCCCAGCTACTCGGGAGGCTGAGGCAGGAGAATCGCTTGAAACCGGAAGGCAGAGGTTGCAGTGAGCCATCATGCCACTGCACTCCAGCCTGGGCAACAAGAGCGAAACCCTGTCTCAAAAAAAAAAAAAAAA"
"chr1","56079329","56079634","chr1","55825913","55826219","12","253416","GCTGGGCACGGTGGTTCACGGCTGTAATCCCAGCACTCTGGGAGGCCGAGGCAGGCGGATCACGAGGTCAGGAGTTCGAGACCAGCCTGGCCAACATGGTGAAACCCCATTTCTACTAAAAAATACAAAAATTAGCAGAGCGTGGTGGCAGGCGCCTGTAATCCCAGCTACTTGGGAGGCTGAGGCAGAAGAATCGCTTGAAACTGGAAGGCGGACATTGCAGTGAGCCAAGATCACACCACTGCACTCCAGCCTGGGCGAAAGAGCAAAACTCCATCTTAAAAACAAAAACAAAAAACAAAAAAA","GCTGGGCACGATGGTTCACGGCTGTAATCCCAGCACTTTGGGAGGCCGAGGCAGGCGGATCACGAGGTCAGGAGTTCGAGACCAGCCTGGCCAACATGGTGAAACCCCATTTCTACTAAAAATACAAAAATTAGCAGAGCGTGGTGGCAGGCGCCTGTAATCCCAGCTACTTGGGAGGCTGAGGCAGAAGAATCACTTGAAACTGGAAGGCGGACGTTGCAGTGAGCCAAGATCATACCACTGCACTCCAGCCTGGGCGAAAGAGCAAAACTCCATCTCAAAAAAAAAAAAAAAAAAAAAAAAAAAA"
"chr1","60476646","60476966","chr1","60307907","60308221","14","168739","GGCCGGGCGTGGTTGCTCATGCCTGTAATCCCCAGCACTTTGGGAGGCCGAGGCAGGCAGATCACAAAGTCAGGAGTTTGAGACCAGCCTGGCCAACATGATGAAACCCCGTCTCTACTAAAAATCAAAAAAAAAAAAATAAAATTAAGCCAAGCATGGTTGCAGTTGCCTGTAATCCCAGCTGCTTGGGAGGCTGAGGCAGGAGAATCGCTTGAACCCAGGAAGGCAGAGGTTGCAGTAAGCCAAGATTGCACCACTGCACTCCATCCTGGGCAACAAGAATGAGACTCCGTCTCAAAAAAATAAATAAATAAAAAAGAA","GGCCGGGCGTGGTTGCTCATGCCTGTAATCCCCAGCACTTTGGGAGGCTGAGGCAGGCAGATCACAAAGTCAGGAGTTTGAGACCAGCCTGGCCAACATGGTGAAACCCCGTCTCTACTAAAAATACAAAAAAAAAAATTAGCCAAGCATGGTTGCAGTTGCCTGTAATCCCAGCTGCTTGGGAGGCTGAGGCAGGAGAATCGCTTGAACCCAGGAAGGCGGAGGTTGCAGTAAGCCGAGATTGCGCCACTGCACTCCATCCTGGGCAACAAGAATGAGACTCCGTCTCAAAAAAAATAAATAAATAAAAAAGAA"
"chr1","61180334","61180634","chr1","60988096","60988400","16","192238","GGCCACGCGTGGTGGCTCATGCCTGTAATCCTAGCACTTTGGGAGGCTGAGGCGGGTGGATCATGAGGTCAGGAGCTTGAGACAAGCCTGGCCAACATGGTGAAACCCCGTCTCTACTAAAAATACACACACAAAAAAAATTATCCGGGCATGGTGGCGGGCACCTGTAATCCCAACTACTCGGGAGGCTGAGGCAGGAGAATCACTTGAAACCGGAAGACAGAGGTTGTAGTGGGCCAACACTGTGCCACTGCACTCCAGCCTGGGCAAGAAGAGCAAAACTCCATCTAAAAAAAAAAAA","GGCCAGGCGCGGTGGCTCTTGCCTGTAATCCTAGCACTTTGGGAGGCCGAGGCAGGTGGATCATGAGGTCAGGAGCTTGAGACAAGCCTGGCCAACATGGTGAAACCCTGTCTCTACTAAAAATACACACACAAAAAAAATTATCCAGGCATGGTGGCAGGCACCTGTAATCCCAACTACTCGGGAGGCTGAGGCAGGAGAATCACTTGAAACTGGAAGACAGAGGTTGTAGTGGGCCAAGATGGTGCCACTGCACTCCAGCCTGGGCAAGAAGAGCAAAACTCCATCTAAAAAAAAAAAAAAAA"
"chr1","61947066","61947364","chr1","61646985","61647275","9","300081","GGCCGGGCGCGATGGCTCACGCCTGTAATCCCAGCACTTGGGGAGGCCGAGGCGGGCGGATCACGAGGTCAGGAGTTACAGACCAGCCTGAGCAACATGGTGAAACCCCGTCTCTACTAAAAACACAAAAATTAGCCCAGCGTGGTGGCGGGCGCCTGTAATCCCAGCTACTCGGAAGGCTGAGGCAGGAGAATCGCTTGAAACTAGAAGGCGGAGGTTGCAGTGAGCTGAGATAGTGCCACTGCACCCCAGCCTGGGAGAAAGAGCGAAACTCCATCTCAAAAAGAAAAAAAGAAAAA","GGCCGGGCGCGATGGCTCACGCCTGTAATCCCAGCACTTGGGGAGGCCGAGGCGGGCGGATCACGAGGTCGGGAGTTACAGACCAGCCTGAGCAACATGGTGAAACCCCGTCTCTACTAAAAACACAAAAATTAGCCCAGCGTGGTGGCGGGCGCCTGTAATCCCAGCTACTCGGAAGGCTGAGGCAGGAGAATCGCTTGAAACTAGAAGGCGGAGGTTGCAGTGAGCTGAGATAGTGCCACTGCACCCCAGCCTGGGAGAAAGAGCGAAACTCCATCTCAAAAAGAAAAA"
"chr1","62399575","62399769","chr1","62113406","62113577","30","286169","GGCCGGGCACTGTGGCTCACACCTGTAATCCCAGCACTTTGGGTAGATCACAAGGTCAGGAGTTCAAGACCAGCTTGGCCAACATAGTAAAACCCGTCTCTACTGAAAATATAAAAACTAGTTGGGCATGGTGGCGAGCGCCTGTAATCCCAGCTACTCAGGAGCCTGAGGCAGGAGAATCCTGAGACCCGGAAG","GGCAGGGCACTGTGGCTCACACCTGTAATCCCAGCACTTTGGGTAGATCACAAGCTCAGGAGTTCAAGACCAGCTTGGCCAACATAGTGAAACCCGTCTCTACTGAAAATACAAAAACTAGTTGGGCATGGTGGCAAGTGCCTGTAATCCCAGCTACTCAGGAGGCTGAGGC"
"chr1","62780299","62780471","chr20","48553774","48553944","20","14226525","GGCCTGGCGCGGTGGTTCACCCCTCTAATACCAGCACTTTTGGAGGCTGAGGTGGGCGGATCACGAGGTCAGGAGTTAGAGACCAGCCTGGCCAACATGGTGAAACCCCGTCTCTACTAAAAATACAAAAATTAGCTAGGCGTGGTGGCAGGCGCCTGTAATCCCAGCTACTC","GCTGGGCGCGGTGGCTCATGCCTGTAATCCCAGCACTTTGAGAGGCTGAGGCGGGCGGATCATAAGGTCAGTAGTTCGAGACCAGCCTGGCCAACATGGTGAAACCCTGTCTCTACTAAAAATACAAAAATTAGCCGGGTGTGGTGGCAGGCGCCTGTAATCCCAGCTACT"
"chr1","68489579","68489858","chr1","68293454","68293734","14","196125","GACCAGGTGCAGTGGCTCACGCCTGTAATCCCAGTACTTTGGGAGGCAGAGGCAGGTGGATCATAAGGTCAGGAGTTCGAGACCAGCCTAGCCAACATGGTGAAACCCAGTCTCTATGAAAAATACAAAAATTCGCCAGCCGTGGTGGTGGACGCCTGTAATCCCAGCTACTCCGGAGACTGAGGCAGGAGAATCGCTTGAAACCAGAAGGCGGAGGTTGCAGTGAACCGAGATCGCACCACTGCACTCCAGCCTGGGTGAAAATGCGAAACTCCGTCTC","GGCCAGGTGCGGTGGCTCATGCCTGTAATCCCAGCACTTTGGGAGGCAGAGGCAGGTGGATCATAAGGTCAGGAGTTCGAGACCAGCCTAGCCAACATGGTGAAACCCAGTCTCTACTAAAAATACAAAAATTCACCAGCTGTGGTGGTGGACGCCTGCAATCCCAGCTACTCTGGAGACTGAGGCAGGAGAATCACTTGAAACCAGAAGGCGGAGGTTGCAGTGAACAGAGATCGCGCCACTGCACTCCAGCCTGGGTGAAAATGCGAAACTCCGTCTCA"
"chr1","68910335","68910636","chr1","68557976","68558281","6","352359","GGCCAGGCACGGTGGCTCACGCCTGTAATCCCAACACTTTGAGAGGGTGAGGCGGGTGGATCACGAGGTCAGGAGTTCAAGACCAGCCTGGCCAACATGGTGAAACCCCGTCTCTACTAAAAATACAAAAATTAGCCAGGTGTGGTGGCGGGTGCCTGTAATCCCAGCTACTCGGGAGGCTAAGGCAGGAGAACCGCTTGAAATAGGTGGAGGCTGCAGTGAGCCGAGATCGCGCCACTGCACTCCAGCCTGGGCGACAAGAGTGAAACTCCATCTCAAAAACAAACAAACAAACAAAAAAA","GGCCAGGCACGGTGGCTCACGCCTGTAATCCCAACACTTTGAGAGGGTGAGGCGGGTGTATCACGAAGTCAGGAGTTCAAGACCAGCCTGGCCAACATGGTGAAACCCCGTCTCTACTAAAAATACAAAAATTAGCCAGGTGTGGTGGCGGGTGCCTGTAATCCCAGCTACTCGGGAGGCTAAGGCAGGAGAACCGCTTGAAATAGGTGGAGGCTGCAGTGAGCCGAGATCGCGCCACTGCACTCCAGCCTGGGCGACAAGAGTGAAACTCCATCTCAAAAACAAACAAACAAACAAACAAACAAA"
"chr1","70200240","70200511","chr1","69860150","69860421","5","340090","CCTGTAATCCCAGCACTTTGTGGGGTCGAGGTGGGTGGATCATGAGGTCATGAGTTCAAGACCAGCCTGGCCAACATGGTGAAACTCCATCTCCTCTAAAACTATACAAATTAGCGGGACATGGTGGTGGGCGCTTGTAGTCCCAGCTACTCGGGAGGCTGAGGCAGGAGAAATGCTTGAACCTGGAGGCAAAGGTTGCAGTGAGCTGAGATTGTGCTACTGCATTCCAGCTTGGGCAACAACAGTGAAACTCTGTCTCAAAAGACAAAAAA","CCTGTAATCCCAGCACTTTGCAGGGTCGAGGTGGGTGGATCATGAGGTCATGAGTTCAAGACCAGCCTGGCCAACATGGTGAAACTCCATCTCCTCTAAAACTATACAAATTAGCGGGACATGGTGGTGGGCGCTTGTAGTCCCAGCTACTTGGGAGGCTGAGGCAGGAGAAATGCTTGAACCTGGAGGCAAAGTTTGCAGTGAGCTGAGATTGTGCTACTGCATTCCAGCCTGGGCAACAACAGTGAAACTCTGTCTCAAAAGACAAAAAA"
"chr1","78654575","78654875","chr1","78331382","78331682","11","323193","GGCCGGGCATGGTGGCTCACACCTTTAATTCCAGCACTTTGGGAGGCCAAGGTGGGCGGATGACAAGGTCAGGAATTCGAGACCAGCCTGCCCAACATGGTGAAACCCAGTCTCTACTAAAAATACAAAAATTAGCCGGGCATGGTGGTAGGCACCTGTAATCCCAGCTACTTCGGAGGCTGAGGCAGGAGAATTGCTTGAAACCAGAAGGCAGAGGTTGCAGTGAGCCGAGATTGCGCCACTGCACTCCAGCCTGGGCAACAAGAGCGAAACTCCATCTCAAGAAGAAAAAAAAAAAGAA","GGCCGGGCATGGTGGCTCACACCTTTAATTCCAGCACTTTGGGAGGCCAAGGTGGGCGGATCACAAGGTCAGGAGTTCGAGACCAGCCTGGCCAACATGGTGAAACCCAGTCTCTACTAAAAATACAAAAATTAGCCAGTCATGGTGGCAGGCACCTGTAATCCCAGCTACTTGGGAGGCTGAGGCAGGAGAATTGCTTGAAACTGGAAGGCAGAGGTTGCAGTGAGCCGAGATTGCGCCACTGCACTCCAGCCTGGGCAACAAGAGCGAAACTCCATCTCAAGAAAAAAAAAAAAAAAAA"
"chr1","78794910","78795208","chr1","78472074","78472377","18","322836","GGCTGAGCACGGTGACTCATGCCTGTAATCCCAGCACTTTGGGAGGCCTAGGCCGGTGGATCACGAGGTCAGGAGTTCGAGACCAGCCTGGCCAACATGGTGAAACCCCGTCTCTACTAAAAACACAATAATTAGCCGGGCGCCATGGCAGGCGCCTGTAATCCCACCTACTCGGGAGGCTGAGGCAGGAGAATCACTTGAAAACAGAAGGCGGAGGTTGCAGTGAGCCGAGATAGCACCACTGCACTCCAGCCTGGGAGAAAGAGCAAAACTCCATCTACAAAAAAAAAAAAAAAAAA","GGCTGAGCATGGTGACTCATGCCTGTAATCCCAGCACTTTGGGAGGCCAAGGCGGGTGGATCACGAGGTCAGGAGTTCGAGACCAGCATGGCCAACATGGTGAAACCCCGTCTCTACTAAAAACACAAAAATTAGCCAGGCACGATGGCAGGCGCCTGTAATCCCAGCTACTCGGGAGGCTGAGGCAGGAGAATCACTTGAAAACAGATGGCGGAGGTTGCAGTGAGCTGAGATAGCACCACTGCACTCCAGCCTGTGAGAAAGAGCAAAACTCCATCTCAAAAAAAAAAAAAAAAAAAAAAAA"
"chr1","79213355","79213652","chr1","78891528","78891822","20","321827","GACCTGGCACGGTGGCTCACGCCTGTAATCCCAGCGCTTTGGGAGGCCTAGGTGGGTGGATCACAAGGTCAGGAGTTCGAGACCAGCCTAGCCAACATGGTGAAACCCCATCTCTACTAAAAATAGAAAAATTAGCTGGGTGTGGTGGTGGGAGCCTGTAATCCCACCTACTCAGGAGGCTGAGGCAGGAGAATCGCTTGAAACTGGAAGGCAGAGGTTGCAGTGAGCCGAGATCGTGCCACTGCACTCCAGCCTGGGCAACAAGAGCGAAACTACGTCTACAAAAAAAAAAAGAAAA","GGCCCGGCACGGTGGCTCACGCCTGTAATCCCAGCACTTTGGGAGGCCTAGGTGGGTGGATCACAAGGTCAGGAGTTCGAGACCAGCCTAGCCAACATGGTGAAACCCCATCTCTACTAAAAATACAAAAATTAGCTAGGTGTGGTGGTGGGAGCCTGTAATCCCAGCTACTCAGGAGGCTGAGAATCGCTTGAAACTGGAAGGCGGCGGTTGCAGTGAGCCGAGATCGTGCCACTGCACTCCAGCCTGGGCAACAAGAGCGAAACTACGTCTCAAAAAAAAAAAAAAAAGAAAA"
"chr1","82519984","82520280","chr1","82128083","82128380","15","391901","GGCTGGGCGCCGTGGCTCACACCTGTAATCCCAGCATTTTGGGAGGCCTAGGCAGGCAGATCACGAGGTCAGGAGTTAGAGACCAGTCTGGCCAACATGGTGAAATCCCGTCTCTACTAAAAATACAAAAGTTAGCCGGGCATGATGGCAGGCGCCTGTAATCCCAGCTACTCAGGAGACTGAGGCAGGAGAATCTCTTGAAACCAGAAGGTGGAGGTTGCAGTGAGCCGAGATCGTGCCACTGTACTGCAGCCTGGGCGAAAGAGTGAAACTCCGTCTCATCAAAGGAAAAAAAAA","GGCTGGGTGCCGTGGCTCACACCTGTAATCCCAGCACTTTGGGAGGCCTAGGCAGGCTGATCACAAGGTCAGGAGTTAGAGACCAGCCTGGCCAACATGGTGAAATCCCGTCTACTAAAAATACAAAAATTAGCCGGGCATGATGGCAGGCGCCTGTAATCCCAGCTACTCAGGAGGCTGAGGCAGGAGAATCTCTTGAAACCAGAAGGTGGAGGTTGCAGTGAGCCGAGATTGTGCCACTGCACTCCAGCCTGGGCGAAAGAGTGAAACTCCGTCTCATCAAAGGAAAAAGAAAAAA"
"chr1","86871399","86871679","chr9","114345197","114345475","33","27473798","GGCTGGGTGTGGTGGCTCACGCCTGTAATCCCAGCACTTTGGGAGGCCAAGGTGGGCGGATCATGAGGTCAGGAGTTCAAAACCAGCCTGGCCAACATGGTGAAACCCCCATCTCCACTAAAAATACAAAAATTAGCTGGGCGTGCTGGCAGGCGCCTGTAGTCCCAGCTACTCGGGAGGCTGAGGCAGGACACTCACTCGAAACGAGAAGGCAGAGGTTGCAGTGAGCCAAGATCACGCCACAGCACTCCAGCCTGGGCAACAAGAGCGAAACTCCGTCT","GGCCAGACGTGGTGGCTCACGCCTGTAATCCCAGCACTTTGGGAAGCCGAGGTGGGTGGATCACGAAGTCAGGAGTTGGAGACCATCCTGGCCAACATGGTAAAACCCCGCCTCTACTAAAAATACAAAAATTAGCTGGGGGTGGTGGCATGCGCCTATAATCCCAGCTACTCAGGAGGCTGAGGCAGGAGAATCGCTTGAAACCAGAAGGCAGAGGTTGCAGTGAGCCAAGATCGTGCCACTGCACTCCAGCCTGGGCAACAAGAGCGAAACTCCGTC"
"chr1","87156290","87156618","chr7","100421300","100421622","48","13265010","GGCCGGGCACGGTGGCTCACGCCTGTAATCCCAGCACTTTGGGAGGCCGAGACGGGCAGATCACGAGGTCAGCAGTTTGAGACCAGCCTGGCCAAGACGGTGAAACCCTGTACTCTTCTAAAATACAAAAAAAAAAAAAAAAAAAAGAATTAGCTGGGCATGGTGGCTGGCGCCTATAATCCCAGCTACTTGGGAGGCTGAGGCTGTAGAATCGCTTGAACCTGGAAGGTGGAGGTTGCAGTGAGCCGAGATCCAGCCACTGCACTCCAGCCTAGGCACAGGGGTGAAACTACTGCCTCAAAAAAAAAAGAAAAGAAAAGAAAAGGAAA","GGCCAGGCATGGTGGCTCACGCCTGTAATCCTAGCACTGAGAGGCCGAGGCGGGCGGATCACAAGGTCAGGAGTTTGAGACCAGCCTGGCCAACATGGTGAAACCCAGCTTCTACTAAAAAAAAAAAAAAAAAAAAAAAAAAATTAGCTGGGTGTGGTGGCGAGCGCCTATAATCCCAGCTACTTGGGAGGCTGAGACAGGAGAATCACTTGAAACCAGAAGGCAGAGGTTGCAGTGAGCCGAGATCATGCCATTGCACTCCAGCCTGGGCAACCACAGTGAAACTCTCTGTCTCAAAAAAAAAAAAAAAAAAGAAAAGAAAA"
"chr1","90863633","90863941","chr1","90523877","90524174","20","339756","GGCCAGGCGTGGTGGCTCACGCCTGAAATCCCAGCACTTTGGAAGGCCAAGGCTGGTGGATCATGAGATCAGGAGTTCGAGACCAGCCTGGCCTACATGGTGAAACCTTATCTCTACTAAAAATACAAAAATTAGCTAGGTGTGGTAGCAGGTGCCTGTAATCCCAGCTACTCCAGAGGCTGAGGCGGGAGAATCGCTTGAAACTGGAAGGTGGAGGTTGCAGTGAGCCAAGATTGTGCCACTGCACTCTAGCCTGGGCAACAAGAGTGAAACTCTGTCTCAAACAAACAAACAAACAAAAAAACAAAA","GGCCAGGCGTGGTGGCTCATGCCTGAAATCCCAGCACTTTGGAAGGCCAAGGCTGTTGGATCACGAGGTCAGGAGTTCGAGACCAGCTTGGCCAACATGGTGAAACCTTATCTCTACTAAAAATACAAAAATTAGCTAGGTGTGGTGGCAGGTGCCTGTAATCCCAGCTACTCCAGAGGCTGAGGCGGGAGAATCGCTTGAAACTGGAAGGTGGAGGTTGCAGTGAGCCAAGATTGCACCACTGCACTCTAGCCTGGGCAACAAGAGTGAAACTCTGTCTCAAAAAAACAAAACAAAA"
"chr1","92937622","92937921","chr17","10788822","10789119","32","82148800","GGCCGGACACGGTGGCTCACGCCTGTAATCCCAGCACTTTGGGAGGCCGAGGTGGGCGGATCACGAGGTCAGGAGTTCGAGAAAACCTGGCCAATATGGTGAAACCCCGTCTCTACTAAAAATACAAAAATTAGCCGGGCGTGGTGGCAGGCGCCTGTAATCCCAGCTACTTGGGAAAGTGAGGCAGGAGAATCGCTTGAAATCGGAAGGCAGAGGTTGCAGTGAGCCGAGATCACGCCACTGCATTCCAGCCTGAGTAACATGAGCAAAACTCCGTCTAACAAAAAAAAAAAAAAAGAA","GGCCAAGCACGGTGACTCACGCCCGTAATCCCAGCACTTTGGGAGGCTGAGGTGGGCAGATCATGAGGTCAGGAGTTCGAGACCAGCCTGGCCAACATGGTGAAACCCCGTCTCTACTAAAAATACAAAAATTAGCCGGGCGTGGTGGCAGGCGCCTGTAATCCCAGCTACTCGGGAGGCTGAGGCAGGAGAATCACCTGAAACCAGAAGGCGGAGGTTGCAGTGAGCCAAGATCACCCCACTGCACTCCAGCCTGGGCAACAAGAGTGAAACTCCGTCTCAAAAAAAAAAAAAAAAA"
"chr1","93336671","93336968","chr1","93010089","93010378","19","326582","GGCAGGGCGCGGTGGCTCACAACTATAATCCCAGCACTTTGGAGGCTGAGGCGGGCGGATCACGAGGTCAGGAGTTCAAGACCAGCCTGGTCAACATGGTGAAATCCCATCTCTACTAAAAATACAAAAATTAGCCAGGCGTGGTGGCAGGCGCCTGTAGTCCCAGCTACTCAGGAGGCTGAGGCAGGACAATCTCTTGAAAACTGGAAGGCAGAGGTTGCAGTGAGCTGAGATCGAGCCATTGCACTCCAGCCTGGGTGAAAGAGCGAAACTCCATCTAAACAAAAAAAAANAAAAA","GCAGGGCGCGGTGGCTCACAACTATAATCCCAGCACTTTGGAGGCTGAGGCGGATTGATCACGAGGTCAGGAGTTCAAGACCAGCCTGGCCAACACGGTGAAACCCCGTCTCTACTAAAAATACAAAAATTAGCCAGGCGTGGTGGCAGGCGCCTGTAGTCCCAGCTACTCAGGAGGCTGAGGCAGGACAATCTCTTGAAAACTGGAAGGCAGAGGTTGCAGTGAGCTGAGATCAAGCCATTGCGCCCCAGCCTGGGTGAAAGAGCGAAACTCCATTTCAAAAAAAAAAA"
"chr1","94915870","94916054","chr1","94679598","94679783","6","236272","GGCTGGGCACGATGGCTCACGCTTGTGATCCCAGCGCTTTGGGAGGCCAAGGTGAGGTCAGGAGTTTGAGATCTGCCTGACTGACATGGTGAAACCCCGTCTCCGCTAAAAATACAAAAAAAATTAGCTGGGCGTGGTGGTGGGCACCTGTAATCCCAGCTACTAGGGAGGCTGAGGCAGGAGAA","GGCTGGGCACGATGGCTCACGCTTGTGATCCCAGCACTTTGGGAGGCCAAGGTGAGCTCAGGAGTTTGAGATCAGCCTGACCGACATGGTGAAACCCCGTCTCCGCTAAAAATACAAAAAAAAATTAGCTGGGCGTGGTGGCGGGCACCTGTAATCCCAGCTACTAGGGAGGCTGAGGCAGGAGAA"
"chr1","95946133","95946413","chr1","95772490","95772770","10","173643","GGCCCGGTGCGGTGGCTCACGCTTGTAATTCTCAGCACTTTGGGAGGCCAAGGGGGGTGGATCATGAGGTCAGGAGTTCAAGACCAGCCTGGCCAACACGGTGAAACCCTGTCTCTACTAAAAATAGAAAAATCAGCGGGGCTTGGTGGTGCGTGCCTGTAATCCCAGCTACTCGGGAGACAGAGGCATGAGAATCACTTGAAGCCAGGAGGCAGAGGTTGCAGTGAGCTGAGATCATACCATTGTACTATAGCCTGGGCAACAAGAGCGAAACTCTGTCT","GGCCCGGCGCGGTGGCTCACACTTGTAATTCTCAGCACTTTGGGAGGCAAAGGGGGGCGGATCATGAGGTCAGGAGTTCAAGACCAGCCTGGCCAACATGGTGAAACCCTGTCTCTACTAAAAATAGAAAAATCAGCGAGGCTTGGTGATGTGTGCCTGTAATCCCAGCTACTCGGGAGACAGAGGCATGAGAATCACTTGAAGCCAAGAGGCAGAGGTTGCAGTGAGCTGAGATCATACCATTGTACTATAGCCTGGGCAACAAGAGTGAAACTCTGTCT"
"chr1","101533823","101534117","chr15","56223449","56223745","36","45310374","GGCTGGGTGCGGTGGCTTACACGTGTAATCCCAACACTTTGGGAGGCTGAGGCTGGTGGATCACAAGGTGAGGAGTTCGAGACCAGCCTGGCCAACACGGTGAAAACCTGTTTCTACTAAAAATACAAAAAATTAGCTGGGTGTGGTGGCGGACGCCTGTAATCCTGGCTACTCGGGAGTCTGAGGCAGGAGAATCACTTGAAACTGGAAGGCGGAGGTTGCAGTGGGCCGAGATCAGGCCACTGCACTCCAGCCTGGGCAAAAGAGCGAAACTCTCTCTCTCAAAAAAAAAAAA","GGCTGGGCGTGGTGGCTCATGCCTGTAATCCCAGCACTTTGGGAGGCCTAGGCTGGTGGATCACAAGGTCAGGAGTTCAAGACCAGCCTGGCCAACATGGTGAAACCCTGTCTCTACTAAAAATACAAAAATTAGCTGGGCATGGTGGCGTGCACCTGTAATCCCAGCTACTCGGGAGGCTGAGGCAGGAGAATCACTTGAAACTGGAAGGTGGAGTTTGCAGTGAGCCGAGATCATGCCACTGCACTCCAGGCTGGGCAACAAGAGCAAAACTCCGTCTCAAAAAAAAAAAAAAAA"
"chr1","102864659","102864956","chr1","102891801","102892099","11","27142","GGCTGGGGGCAGTGGCTCACACCTGTAATCCCAGCACTTTGGGAGGCTGAGGCAGGTGGATCACGAGGTCAGCAGTTCGAAACCAGCCTGACCAACATGGTTAAACCCCAACTCTACTAAAAATACAAAAAGAAAAATTAGCTGGGCGTGGTGGCGGGCACCTGTAATCCCAGCGACTTGGGCGGCTGAGTCAGGAGAATTGCTTGAAACCAAAATGCAGAGGTTGCAGTGAGCCAAGATTGCACCACTGCACTCTAGCCTGGGCAATAAGAGCAAAACTCAGTATCAAAAAAAAAAA","CCAGGGGCGGTGGCTCACACCTGTAATCCCAGCACTTTGGGAGGCTGAGGCAGGTGGATCACGAGGTCAGCAGTTCGAAACCAGCCTGACCAACATGGTTAAACCCCAACTCTACTAAAAATACAAAAAGAAAAAATTAGCTGGGCATGGTGGCGGGCACCTGTAATCCCAGCAACTTGGGCGGCTGAGTCAGGAGAATTGCTTGAAACCAAAATGCAGAGGTTGCAGTGAGCCGAGATTGCACCACTGCACTCTAGCCTGGGCAATAAGAGCAAAACTCAGTATCAAAAAAAAAAAAA"
"chr1","106229894","106230208","chr7","36985780","36986090","36","69244114","GGCCGGGCGCAGTGGCTCACCCCTGTAATCTCAGCACTTTGCGAGGCCAAGGCAGGTGGTTCATGAGGTCAGGGGTTCGAGACCAGCCTGGCCAATATCGTGAAACCCCATCTCTACTAAAAAAATACAAAAAATTAGCAGAGCATGGTGTGGCAGGCACCTGTAATCCCAGCTACTCAGGAGGCTGAGGCAGGAGAATCACTTGAAACCAGAAGGTGGAGGTTGCAGTGAGCCGAGATCGTGCCATTGCACTCCAGCCTGGCAACAAGAGCGAAACTCCATCTCAAAATAAATAAATAAAGAAAGAAAAGAAAA","GGCCAGACGCAGTGGCTCACACCTGTAATCCCAGCACTTTGGGAGGCCAAGGCAGGCAGATCACGAAGTCAGGAGTTCGAAACCAACCTGGCCAACATGGTGAAACCCCATCTCTACTAAAAATACAAAAATTAGCCAGGCGTGGTGGCAGGCGCCTGTAATCCCAGCTACTCAGGAGGCTGAGGCAGGAGAATCACTTGAAACCAGAAGGCGGAGGTTGCAGTGAGCCGAGATCGTGCCACTGCACTCCACCCTGTGCAACAAGAGTGAAACTCCGTCTCAAAAAAAAAAAAAAAAAAAAAAAAAAAAAA"
"chr1","113724082","113724298","chr1","125663926","125664141","10","11939844","GAGATCCAACCTGGCCAACATGGTGAAACCCTCGTCTCTACTAAAAATACAAAACTTAGCCAGGCGTGGTGGCAGGCGCCTGTAATCCCAGCTACTCGGGAGACTGAGGCAGGAGAATCACTTGAAACTGTAAGGCAGAGGATGCAGTGAGCCGAGATCGTGCCACTGCACTCCAGCCTGGGTGAAAGAGGGAAACTCCGTTTAAAAAAAAAAAAAA","GAGATCCAACCTGGCCAACACGGTGAAACCCCCATCTCTACTAAAAATACAAAAATTAGCCAGGCGTGGTGGCAGGCACCTGTAATCCCAGCTACTCGGGAGGCTGAGGCAGGAGAATCACTTAAAACTGTAAGGCAGAGGATGCAGTGAGCCGAGATCGTGCCACCGCACTCCAGCCTGGGTGAAAGACGGAAACTCCGTTTAAAAAAAAAAAAA"
"chr1","121386910","121387171","chr1","117734134","117734406","12","3652776","GCTGGGCGCAGTGGCTCACGCCTGTAATCCCAGCACTTTGGGAGGCCGAGGTGAGCGTATCATGAGGTCAGGAGTTTGAGACCAACCTGGTCAGCATGGTGAAACCCCGTCTCTACTAAAAATACAAAAATTAGCCAGGTGTGGTGGCGGGTACCTGTAATCTCAGCTACTTGGGAGGCTGAGGCAGGAGAATAGCTTGAAACTGGAAGGTGGAGGTTGCAGTGAGCCAAGATTGCACCACTGCATTCCAGCCTGGGCAACA","GCTGGGCGCAGTGGCTCACGCCTGTAATCCCAGCACTTTGGGAGGCCGAGGTGAGCGGATCATGAGGTCAGGAGTTTGAGACCAACCTGGTCAGCATGGTGAAACCCCGTCTCTACTAAAAATACAAAAATTAGCCAGGTGTGGTGGCGGGTACCTGTAATCTCAGCTACTTGGGAGGCTGAGGCAGGAGAATAGCTTGAAACTGGAAGGTGGAGGTTGCAGTGAGCCAAGATTGCACCACTGCATTCCAGCCTGGGCAACAAGAGTGGAACT"
"chr1","123049197","123049367","chr16","76972112","76972280","19","46077085","GGCCGGGCACAGTGGCTCACGCCTGTAATCCCAGCACTTTGGGAGGCCAAGGCAGGTGGATCACGATGTCAGAAGTTCAAGACCAGCCTGGCCAACACGGTGAAACCCCATCTCTACTAAAAATACAAAAATTAGCTGGGCATGGTGGCCAGCACCTGTAATCCCAGCTAC","GGCCGGGCACGGTGGCTCATGCCTGTAATCCCAGGACTTTGGGAGGCCAAGGCGGGTGGATCACAAAGTCAGGAGTTCGAGACCAGCCTGGCCAATATGGTGAAACCCCGTCTCTACTAAAAATATAAAAATTAGCTGGGTGTGGTGGCAGGCGCCTGTAATCCCAGCT"
"chr1","125035196","125035485","chr1","114068843","114069132","7","10966353","GGCCGAGCGCAGTGGCTCATGACTGTAATCCCAGTACTTTTGGGAGACCGAGGTGGGTGGATCACAAGGTCAGGAGTTCGAGACCAGCCTGGCCAACATGGTGAAACCTCGTCTCTACTAAAAATACAAAAGTTAGCTGGGCGTGGTTGCGGGTGCCTGTAATCCCAGCTACCTGGGAGTCTGAGGCAGGAGAATCACTTAAAGCGGGGAATCGGAGGTTGCAGTGAGCCAAGATCGTGCCATTGCACTCCAGCCTGGGCGACAAGAACAAGACTCTGTCTCAAAAAAAA","GGCCGAGCGCAGTGGCTCATGACTGTAATCCCAGTACTTTTGGGAGACCGAGGTGGGTGGATCACAAGGTCAGGAGTTCGAGACCAGCCTGGCCAACATGGTGAAACCTCGTCTCTACTAAAAATACAAAAGTTAGCCGGGCGTGGTTGCGGGTGCCTGTAATCCCAGCTACTTGGGAGTCTGAGGCAGGAGAATCACTTAAAGCGGGGAAATGGAGGTTGCGGTGAGCCGAGATCATGCCATTGCACTCCAGCCTGGGCGACAAGAACAAGACTCTGTCTCAAAAAAAA"
"chr1","125799952","125800244","chr6","3148097","3148387","27","122651855","GCTGGGTACGGTGGCTCACGCCTGTAATCCCAGCACTTTGGGAGGCCGAGGCAGGTGGATCACGAGGTCAGGAGTTCGAGACGAGCCTGGCCAACATGGTGAAACCCCGTCTCTACTAAAAATATAAAAATTAGCTGGGCATGGTGGCAGGCGCCTGTAATCCCAGCTACTCAGGAGGCTGAGGCAGGAGAATCACTTGAAACCAGAAGGCGGAGGTTGCAGTGAGCCAAAATCACGCCACTGTACTCCAGCCTGGGTGACAAGAGTGAAACTCTGTCTAAAAAAAAAAAAAA","GGCCGGGCACGGTGGCTCATGCCTGTAATCCCAGCACTTTGGGAGGCCAATGCGGGTGGATCACGAGTTCAGGAGTTCGAGACCAGCCTGGCCAACATGGTGAAACCCCGTCTCTACTAAAAATACAAAAATCAGCCAGGCATGATGGGAGCGCCTGTAGTCCCAGCTACTCGGGAGGCTGAGGCAGGAGAATCACTTGAAACAAGAAGACGGAGGTTGCAGTGAGCCAAGATCACGCCACTGCACTCTAGCCTGGGTGAAAGAGCGAACTCTGTCTCAAAAAAAAAAAAA"
"chr1","129225841","129226144","chr1","129228127","129228430","5","2286","GGCCGGGGCGTGGTGGCTCACGCTGGTAATCCCAGCACTTTAGGAGGCTGAGGCAGGTGGATCACGAGGTCAGCAGTTCGAGACCAGCCTGACCAACATGGTGAAACCTCGTCTCTACTAAAAGTACAAAAAAATTAGCTGGGAGTGGTGGCGGGCACCTGTAATCCCAGCAACTTGGGAGGCTGAGGCAGGAGAATTGCTTGAAACCAGAAGGCAGAGGTTGCAGTGAGCCGAGATTGTGCCACTGCACTCTAGCCTGGGCAATAAGAGCAAAACTCCCTCTCAACATAAAAAAAAAAAAAAA","GGCCGGGGCGTGGTGGCTCACGCTGGTAATCCCAGCACTTTAGGAGGCTGAGGCAGGTGGATCACGAGGTCAGCAGTTCGAGACCAGCCTGACCAACATGGTGAAACCTCGTCTCTACTAAAAATACAAAAAAATTAGCTGGGAGTGGTGGCGGGCACCTGTAATCCCAGCAACTTGGGAGGCTGAGGCAGGAGAATTGCTTGAAACCAGAAGGCGGAGGTTGCAGTGAGCCGAGATTGCGCCACTGCACTCTAGCCTGGGCAATAAGAGCAAAACTCCGCCTCAACATAAAAAAAAAAAAAAA"
"chr1","129331757","129332041","chr1","129327671","129327952","10","4086","GCTGGACAAGATGGCTCAAGCCTGTAATCCCAGCGCTTTGGGAGGCCGAGGTGGGTGGATCACGAGGTCAGGAGTTCAAGACCAGCCTGCCCAACATGCTGAAGCCCCGTCTCTACTAAAAGTACAAAAATTAACCGAGCGTGGTGGTGGGTGCCTGTAATCCTAGCTACTTGGGAGGCTGAGTCAGGAGAATCACTTGAAACTGGAAGGCAGAGGTTGCAGTGAGCCGAGATCGCACCACTGCACTCCAGCATGGGCAAAAGAGCGAAACTCCGTCTCAAAAAA","GCTGGACAAGATGGCTCAAGCCTGTAATCCCAGCACTTTGGGAGGCCAAGGTGGATGGATCACGGGGTCAGGAGTTCAAGACCAGCCTGCCCAACATGGTGAAACCCCGTCTCTACTAAAAGTACAAAAATTAACCGAGCGTGGTGGGTGCCTGTAATCCTAGCTACTTGGGAGGCTGAGTCAGGAGAATCACTTGAAACTGGAAGGCAGAGGTTGCAGTGAGTCGAGATCGCACCACTGCACTCCAGCATGGGCAAAAGAGCGAAACTCCGTCTCAAAAAA"
"chr1","130310726","130310984","chr4","39519338","39519604","66","90791388","GGCCAGGCACAGTGGCTGTAATCCCAGCACTCTGGGAGGCCGAGGCGGGTGGATTACAAAATCAGGAGTTCAAGATCAGCCTGGCCAAGATGGTGAAACCGTCTCTACTAAAAAATACAAAAATTATGGCCGGGCGCAGGTGGTTCACGCCTGTAATCCCAGCACTTGGAGGCCAAGGCGGGTGGAATCACAAGGTCAGGAGAGTCGAGACCATCCTGGCAACGACGGTGAAACCCTGTCTCCACTAAAAATCAAAAAA","GGCTGGGTGTGGTGGCTCAAGCCTGTAATCCCAGCACTTTAGGGAGCCCAGGCAGGAGAATTACCTGAGGTCAGAAGTTCGAGACCAGCCTGGCCACCATGGTGAAACCCTGTCTCTACAAAAAATACAAAATCAGGCCAGGCACAGTGGCTCACACCTGTAATTGCAGCACTTTGGGAGGTCCAGGCAAGAGGATCACCTGAGGTCAGGAGTTTGAGACCAGCCTGGCCAACATGGTGAAACCCCGTATCTACTAAAAATATAAAA"
"chr1","130423290","130423583","chr1","130436494","130436805","23","13204","GGCTGGGCACGGTGGCTCATGCCTGTAATCCTAGCACTTTGGGAAGCTAAGGTGGGTGGATCACGAGGTCAGGAGTTTGAGACCAGCCTGGCTAACATGCTGAAACCCCATCTCTACTAAAAATACAAAAAAATTAGCCGGGCATGGTAGTGGGCGCCTGTAATCCCAGCTACTTGGGAAGCTGAGGCAGGAGAATCGCTTGAAACCAGAAGGTGGAGGTTGTAGTGAGCCGAGATTGTGCCACTGTACTCCAGCATGGGTGAAAGAATGAAGCTCTGTCTCAAAAAAAAAAAA","GGCTGGGCACGGTGGCTCATGCCTGTAATCCTAGCACTTTGGGAAGCTAAGGTGGGTGGATCACGAGGTCTGGAGTTTGAGACCAGCCTGGCTAACATGCTGAAACCCCGTCTCTACTAAAAATACAAAAAAATTAGCCGGGCATGGTGGTGGGCGCCTGTAATCCCAGCTACTTGGGAAGCTGAGACAGGAGAATCGCTTGAAACCAGAAGGCGGAGGTTGTAGTGAGCCGAGATTGTGCCACTGTACTCCAGCATGGGTGAAAGAATGAAGCTCTGTCTCAAAAAAAAAAAAAAAAAGAAAAAAAGAAAA"
"chr1","130632774","130633062","chr1","130650340","130650633","9","17566","CCAGGTGCGGTGGCTCATGCCTGTAATCCCAGCACTTTGGGAGGCTGAGGTGAGCAGATCACAAGGTCAGGAGTTCAAGACCAGCCTGGCCAACATGGTGAAACCCCGTCTCTACTAAAAATACAAAAATTAGCCGGGCGTGGTGGCGCATGCCTGTAATCCCAGCTACTTGGAAGGCTGAGGCAGGAGAATCACTTGAAACTGGAAGGCAGACATTGCAGTGAGCCGAGATCGCACCACTGCACTCCAGCCTGGGCAACAAGAGCAAAACTCCATCTACAAAAAAAAA","GGCCAGGTGCGGTGGCTCATGCCTGTAATCCCAGCACTTTGGGAGGCTGAGGTGAGCAGATCACAAGGGCAGGAGTTCAAGACCAGCCTGGCCAACATGGTGAAACCCCGTCTCTACTAAAAATACAAAAATTAGCCGGGCGTGGTGGTGCATGCCTGTAATCCCAGCTACTTGGAAGGCTAAGGCAGGAGAATCACTTGAAACTGGAAGGCAGACATTGCAGTGAGCCGAGATCGCACCACTGCACTCCAGCCTGGGCAACAAGAGCAAAACTCCATCTCAAAAAAAAAAAAA"
"chr1","130742718","130743026","chr1","130777149","130777459","5","34431","GGCCAGGCGCAGTGGCTCATGCCTGTAACCCCAGCACTTTGGGAGGCTGAGGCGGGGCGGATCGCAAGGTCAGGAGTTTCAGACCAGCCTGGCCAACACGGTGAAACCCCGTCTTTACTAAAAATACAAAAATTAGCCGGGCATGATGGCAGGCATGTGCCTGTAATCCCAGCTACTCAGGAGGTTGAAGCAGGAGAATCGCTTGAAACCGGAAGGTGGAGTTTTCAGTGAGCTGAGATCACACCACTGCACTCCAGCCTGGGCAACAAGAGTGACACTCTGTCTTAAAAAAAAAAAAAAAAAAAAGAA","GGCCAGGCGCAGTGGCTCATGCCTGTAATCCCAGCACTTTGGGAGGCTGAGGCGGGGCGGATCGCAAGGTCAGGAGTTTGAGACCAGCCTGGCCAACACGGTGAAACCCCGTCTTTACTAAAAATACAAAAATTAGCCGGGCATGATGGCAGGCATGTGCCTGTAATCCCAGCTACTCAGGAGGTTGAAGCAGGAGAATCGCTTGAAACCGGAAGGTGGAGTTTTCAGTGAGCTGAGATCACACCACTGCACTCCAACCTGGGCAACAAGAGTGACACTCTGTCTTAAAAAAAAAAAAAAAAAAAAAAGAA"
"chr1","132888998","132889277","chr3","48119309","48119586","47","84769689","GCCAGGCCCGGTGGCTCACGCCTGTAATCCCAGCACTTCGGGAAGGTAAGGCGGGCGGATCACGAGGTCAGGAGTTCGAGACCAGTCTGGCCAACATGAAGAAACTTCAGTCTCTACTAAAAATACAAATATTAGCCGGGCGTGGTGGCAGGCATCTGTAATCGCAGCTACTTGGAAGGCTGACACAGGAAAATCATTTGAAACTGGAAGACAGAGGGTTCAGTGAGCCAAGATTACGCCACTACACTCCAGCCTGGGTGAAACACTGAAACTCCATCTC","GGCTGGGCGCGGTGGCTTACACCTGTAATCCCAGCACCTTAGGGAGCGGAGGCAGGCGGATCACGAGGTCAGGAGTTAGAGACCAGCCTGGCCAACATGGTGAAACCCCATCTATACTAAAAATACAAAAATTAGCCGGGCGTGGTGGCGGGCACCTGTAATCCCAGCTACTCCGGAGGCTGAGGCAGGAGAATCACTTGAAACTGGAAGGCAGGGGTTGCAGTGAGCTGAGATGGCACCACTGCACTCCAGCCTGGGTGAAAGAACAAAACTCCATC"
"chr1","132995843","132996112","chr6","157648299","157648578","42","24652456","GGCCGGGCGCGGTGGCTCACGCCTGTAATCCCAGCACTTTGGGAGGCTAAGGCGGGCGGATCACGAGGTCAGGAGATCGAGACCATCCTGGCTAACACGGTGAAACCCCTTCTCTACTAAAAATACAAAAATTAGCCGGGCGAGGTGGCGGGCGCCTGTAATCCCAGCTATTTAGGAGGCTGAGGCAGGAGAATCAATTGAAATAGAAGGAGGAGGTTATAGTGAGCCAAGATCATGCCATTGCACTCCAGCCTGGNGAAAGAGCAAAAC","GGCCGGGCGCAGTGGCTCACGCCTGTAATCCAACACTTTGGGAGGCCAAGGTGGGCAGATCACGAGGTCAGGAGTTCGAGACCAGCCTGGCCAACATGGTGAAAACCCATCTCTACTAAAAATACAAAAATTAGCTGGGCATGGTGGCATGCGCCTGTAATCCCAGCTACTTGGGAGGCTGAGGCAGGAGAATCGTTTGAAACTGGAAGGTGAAGGTTGCAGTGAGCCAAGATCATGCCACTGCACTCTAGCCTGGGCAACAAGAGCGAAATTCCGTCCC"
"chr1","133307832","133308142","chr1","133419627","133419935","12","111795","GACTGGGCACAGTGGCTCACACCTGTAATCCCAGCACTTTGGGAAGCCAAGGTGGGCGGATAACGAGGTCAGGAATTCGAGACCAGCCTGGCCAACATGTTGAAACCCCATCTCTACTAAAAATACAAAAATTAGCCAGGTGTGGTGGTGGTTGCCTGTAATCCCAGCTACTTGGGAGGCTAAGGTAGGAGAATCGCTTGAAACCGGAAGGTGGAGGTAGCAGTGAGCCAAGATCACGCCACTGCACTCTAGCCTGGGCAACAAGAGCGAAACTCTGTCTCGAAAAACAACGAAACAAACAAACAAACAAA","GACTGGGCACGGTGGCTCACACCTGTAATCCCAGCACTTTGGGAAGCCAAGGTGGGCGGATAACGAGGTCCGGAATTCGAGACCAGCCTGGCCAACATGTTGAAACCCCATCTCTACTAAAAATACAAAAATTAGCCAGGTGTGGTGGCGGTTGCCTGTAATCCCAGCTACTCGGGAGGCTAAGGTAGGAGAATCGCTTGAAACCAGAAGGTGGAGGTAGCAGTGAGCCAAGATCACGCCACTGCACTCTAGCCTGGGCAACAAGAGCGAAACTCTGTCTCAAAAAACAAAACAAAAAAAACAAATAAA"
"chr1","133336798","133337053","chr4","102918608","102918845","62","30418190","GGCCAGGCGCGGTGGCTCATGCCTGTAATCCCAGCACTTTGGGAGGCTGAGGCGGGCGAATCGTGAGGTCAGGAGTTCGAGACCAGCCTGGCAAATATGGTGAAACCCTGTCTCCATCTCTACCAAAAATACAATTCTCCTGCCTCAGACTCCTGAGTAGGCGGAGGCAGGGTTGCAGTGAGCCGAGATTGCGCCATTGCACTCCAGCCTGGGAAACAACCGTAAAACTCCATCTCAAAAAAAACAAAAACAAAAA","GCTGGGCACGGTGGCTCATGCCTGTAATCCCAGCACTTTGGGAGGCTGAGGCGAGTGGATCACGAGGTCAGGAGATTGAGACCAGCCTGGCCAGCATGGTGAAACCCCGTTTCTACTGAAAATACAAAAATTAGCTGGGCATGGTGGTGGGCACCTGTAATCCCAGGTACTCGGGCCATTGCACTCCAGCCTGGGCAACAAGAGCAAAACTCCATCTCAAAAAAAAAAAAAAAAAAAA"
"chr1","133344354","133344551","chr18","56418609","56418802","23","76925745","GGCTGGGTACGGTGGCTCACAACTGTAATCCCAGTACTTTGGGAGGCCAAGGCGGCTGGATCACGAGGTCAGGAGTTCAATTGAGAGCAGCCTGGCCAACATGGTGAAACCCCGTCTCTACTAAAAATACAAAAATTAGCCGGGTGTGGTGGTGAGTGCCTGTAATCCCAGCTACTTGGGAGGTTGAGGCAGGAGAAT","GGCTGGGCACCGTGGCTCACGCTTGTAATCCCAGCACTTTGGGAGGCCGAGGCGGGTGGATCATGAGGTCAGGAGTTCGAGACCAGCCTGGCCAACATGGTGAAACTCTGTCTCTACTAAAAATGCAAAAATTAGCTAGGTGTGGTGGTAGGTGCCTGTAATCCCAGCTGCTTGGGAGGCTGAGGCAGGAGAAT"
"chr1","133386856","133387137","chr1","133496261","133496550","14","109405","GGCCGGGTGAAGTGGCTCACGCCTGTAATCCCAGCACTTTGGGAGACAGAGAAGGTTGGATCACAAGGTCAGGAGTTTGAGATCAGCTTGGCCAACATGGTGAAATCCTGTCTCTACTAAAAATACAAAAATTAGCCGGGTATGGTGGCGGTGCCTGTAATCCCAGCTACTTGGGAGGCTGAGGCAGGAGAATCGCTTGAAACCAGAAGGTTGCAGTGAGCTGAGATCATGCCACTGCACTCCAGCTGGGTCAACAAGAGTGAAACTCCATCTCAAAAAAAA","GGCTGGGTGAAGTGGCTCACGCCTGTAATCCCAGCACTTTGGGAGACAGAGAAGGTCGGATCACAAGGTCAGGAGTTTGAGATCAGCTTGGCCAACATGGTGAAATCCTGTCTCTACTAAAAATACAAAAATTAGCCGGGTATGGTGGTGGGTGCCTGTAATCCCAGCTACTTGGGAGGCTGAGGCAGAAGAATCGCTTGAAACCAGAAGGTTGCAGTGAGCTGAGATCATGCCACTGCACTCCAGCCTGGGCAACAAGAGTGAAACTCCATCTCAAAAAAAAAAAAAAA"
"chr1","139461169","139461419","chr14","40514826","40515073","35","98946343","GGCCAGGCATGGTGGCTCACACCTATAATCCCAGCACTCTGGGAGGTCGAGGCAGGCGGATCACAAGGTCTGGAGTTCGAGACCATCCTGACCAACACGGTGAAACCCCGCCTCTACTAAAAATACAAAAATTAGCCGGGCATGGTGGAAGGCGCCTGTAGTCCCAGCTACTCAGGAGGCTGAGGCAGGAGAATCACTTGAACCTGGAAGGCAGAGTTTGCAGTGAGCCGAGATCAAGCCACTGCACTCCA","GGCCAGGCACAGTGGCTCACGCTTGTAATCCCAGCACTTTGGGAGGCCGAGGCAGGTCGATCATGAGGTCAGGAGTTCGAGACCAGCCTGGCCAACACAGTGAAAGCCCATCTCTACTAAAAATAAAAAAATTAGCCGGGCATGGTGGCAGGCACCTATAATCCCAGCTACCCAGGAGGCTGAGGCAGGAGAATCGCTTGAAACCAGAGGCAGAGGTTACAGTGAGCTGAGATCACGCCACTGCACTC"
"chr1","140476572","140476787","chr9","105217160","105217370","29","35259412","GCCGGGCGCGTGGCTCACGCCTGTATTCCCAGCACTTTGGGAGTCCGAGGCGTGTGGATCACGAGGTCAGGAGTTCAAGACCAGCCTGGCCAACATGGTGAAAGCCCGTCTCTACTAAAAATACAAAAAATTAGCTGGGCGTGGTGGCGGGCGCCTGTAATCCCAGCTACTCCGGAGGCTGAGGCAGAGAATTGCTTAAAACCTGGAGGGGCGGAG","GGCCAGGCACAGCGGCTCACACCTATAATCCCAGCACTTTGGGGGGCCGAGGCAGGTGGATCACGAGGTCAGGGGTTCAAGACCAGCCTGATCAACATGGTGAAATCCTGTCTCTACTAAAAATACAAAAATTAGCTGGGCGTGGTGGCGGGCGCCTGTAATCCCAGCTACTCAGGAGGCTGAGGCAGGAGAATTGCTTGAACCAGGAGGC"
"chr1","141711841","141712139","chr1","141422953","141423251","5","288888","GGCCAGGTGCGGTGGCTCATGCCTGTAATCCCAGCACTTGGGGAGGCCCAGGCGGGTGCATCATGAGGTCAGGAGTTTGAGACCAGCCTGGCCAACATGGTGAAACTCCGTGTCTACTAAAAATACAAAAATTAGCCGGGTACGGTGGCTGGCGCCTGTAATCCCAGCTACTCAGGAGGCTGAGGCAGGAGAATTGGTTGAAACCGGAAGGTGGAGGTTGCAGTGAGCTGAGATTGCACCACTGCACTCCAGCCTGGGTGAAAGAGTGAAACTCCATCTCAAAAAGAAAAAAAAAAAAA","GGCCAGGTGCGGCGGCTCATGCCTGTAATCCCAGCACTTGGGGAGGCCCAGGCGGGTGCATCATGAGGTCAGGAGTTTGAGACCAGCCTGGCCAACATGGTGAAACTCCGTGTCTACTAAAAATACAAAAATTAGCCGGGTACGGTGGCTGGCACCTGTAATCCCAGCTACTCAGGAGGCTGAGGCAGGAGAATTGGTTGAAACCGGAAGGTGGAGGTTGCAGTGAGCTGAGATTGCGCCACTGCACTCCAGCCTGGGTGAAAGAGTGAAACTCCATCTCAAAAGAAAAAAAAAAAGAA"
"chr1","143642986","143643282","chr1","143386146","143386444","14","256840","GGCCTGGCACAGTGGATCAGGCCTGTAATCCCAGCACTTTGGGAGGCCAAGTTGAGTGGGTCATGAGGTCAGGAGTTTGAGATCAACCTGGCCAACAAGGTGAAACCCCATCTCTACTAAAAATACAAAAATTAGCCAGGCGTGGGGGCGGGTGCCTGTAATCCTAGCTACTTGGGAGGCTGAGGCAGGAGAATTGCTTGAAACCAGAAGGCGGAGGTTGCAGTGAGCTGAGATTTCACCACTGCACTCCAGACTGGGTGAAAGAGCGAAATTGTCTACAAAAAAAAAAAAAAAAAA","GGCCTGGCACAGTGGATCAGGCCTGTAATCCCAGCACTTTGGGAGGCCGAGGCGAGTGGATCATGAGGTCAGGAGTTTGAGATCAACCTGGCCAACATGGTGAAACCCCATCTCTACTAAAACTACAAAAATTAGCCAGGCATAGGGGCGGGTGCCTGTAATCCTAGCTACTTGGGAGGCTGAGGCAGGAGAATCGCTTGAAACCAGAAGGCGGAGGTTGCAGTAAGCTGAGATTGCACCACTGCACTCCAGACTGGGTGAAAGAGCGAAATTGTCTCAAAAAAAAAAAAAAAAAAAAA"
"chr1","145303961","145304251","chr1","145067638","145067933","16","236323","GGCTGGGCACGGTGGCTCTTGCTTGTAATCCTAGCATGTTGGGGGCCCGAGGCAGGTGGATCACAAGGTCAGGAGTTCAAGACCAGCCTGGACAACATGGTGAAACCCCGTCTCTACCAAAAATACAAAAATTAGCCGGCATGGTGGTGGGCGCCTGTAATCCCAGCTACTTGGGAGGCTGAGGCAGGAGAATCGCTTGAAACTGGAAGGCAGAGGCTGCAGTGAGCCGAGATCGTGCCATTGCACTCCAGCCTGGGTGAAAGAGTGAAACTCCGTCTAAAAAAAAAAAAA","GGCTGGGCACGGTGGCTCTTGCTTGTAATCCTAGCATTTTGGGGGGCCAAGGCAGGTGGATCACAAGGTCAGGAGTTCAAGACCAGCCTGGACAACATGGTGAAACCCCGTCTGTACTAAAAATACAAAAATTAGCTGGCGTGGTGGTGGGCGCCTGTAATCCCAGCTACTTGGGAGGCTGAGTCAGGAGAATCGCTTGAAACTGGAAGGCAGAGGCGCAGTGAGCCGAGATCGTGCCATTGCACTCCAGCCTGGGTGAAAGAGTGAAACTCCATCTAAAAAAAAAAAAAAAAAAA"
"chr1","146543966","146544268","chr1","146311742","146312043","10","232224","GGCTGGGCATGGTGGCTCACGCCTGTAATCCCAGCACTTTGGGAGGCCAAGGTGGGCGAATCACGAGGTCAGGAGTTCGAGACCAGCCTGGCCAACATGGTGAAACCCGTCTCTACTAAAAATACAAAAATTAGCCTGACATGGTGGCAGGCGCCTGTAATCCCAGCTACTTGGGAGACTGAGGCAGGAGAATCGCTTGAAACCAGAAGGCAGAGGTTGCAGCAAGCTGAGATTGTGCCACTGCACTCCAGCATGGGCAAAAGAGCAAACTGCATCTCAAAAAAACAAAAACAAAAACAAAAA","GGCTGGGCATGGTGGCTCACGCCTGTAATCCCAGCACTTTGGGAGGCCAAGGTGGGTGAATCACGAGGTCAGGAGTTCGAGACCAGCCTGGCCAACGTGGTGAAACCCGTCTCTACTAAAAATACAAAAATTAGCCTGACTTGGTGGCAGGCACCTGTAATCCCAGCTACTCGGGAGGCTGAGGCAGGAGAATCGGTTGAAACCAGAAGGCAGAGGTTGCAGCAAGCTGAGATTGTGCCACTGCACTCCAGCATGGGCAAAAGAGCAAACTCCATCTCAAAAAAAAAAAAACAAAAAAAAAA"
"chr1","147037139","147037405","chr1","146841203","146841480","18","195936","TGTAATCCCAGCACTTTGGGAGGCTGAGGTGGGTGGATCATGAGGTCAGGAGTTCGAGACCAGCCTGGCCAACATGGTGAAACCCCATCTCTACTAAAAATACAAAAATTAGCTGGGCATGGTGGCGGGCGCCTGTAATCCCAGCTACCTGGGAGGCTGAGGCAGGAGAATCGCTTGAAACCAGAAGGCAGAGGTTGTGGTGAGCCAATATCGCACCACTGCACTCCAGCCTGGGCAAAAGAGCGAAACTCCATCCCAAAAAAAAAA","TGTAATCCCAGCACTTTGGGAGGCTGAGGTAGGTGGATCACGAGGTCAGGAGTTCGAGACCAACCTGGCCAACATGGTGAAACCCCATCTCTACTAAAAATACAAAAATTAGCTGGGCATGGTGGCGGGCGCCTGTAATCCCAGCTACTTGGGAGGCTGAGGCAGGAGAATCGCTTGAAACCAGAAGGCGGAGGTTGCGGTGAGCCAATATCGCACCACTGCACTCCAGCCTGGGCAAAAGAGCGAAACTCCATCTCAAAAAAAAAAAAAAAAAAAAA"
"chr1","147518097","147518394","chr1","147339694","147339996","10","178403","GGCCGGGAGCGGTGGCTCATGCCTGTAATCCCAGCACTTTGGGAGGCTGAGGCGGGCGGATCACAAGATCAGGAGTTCGAGAGTAGCCTGGCCAACATGGCGAAACCCCTTCTCTACTAAAAATACAAAAACTAGCCAGGTGTGGTGGTTGGCGCCTGTAATCCCAGCTACTTGGGAGGCTGAGGCAGGAGAATTGCTTGAATCCGGGAGGCAGAGGCTGCAATGAGCCAAGATTGTGCCACTGCACTCTAGCCTGGGCAACAAGAGCAAGACGCCGTCTCAAAAAAAAAAAAAAAAA","GGCCGGGAGCGGTGGCTCACGCCTGTAATCCCAGCACTTTGGGAGGCTGAGGCGGGTGGATCACAAGATCAGGAGTTCGAGAGTAGCCTGGCCAACATGGCGAAACCCCGTCTCTACTAAAAATACAAAAACTAGCCAGGTGTGGTGGTTGGCGCCTGTAATCCCAGCTACTTGGGAGGCTGAGGCAGGAGAATTGCTTGAATCTGGGAGGCAGAGGCTGCAGTGAGCCAAGATTGTGCCACTGCACTCTAGCCTGGGCAACAAGAGCAAGACGCCGTCTCAAAAAAAAAAAAAAAAAAAAAA"
"chr1","150629089","150629233","chr1","150422661","150422805","3","206428","GTTACTCGGGAGGCTGAGGCAGGAGAATCGCTTGAAACTGGAAGGCAGAGGTTGCAGTGAGCCAAGATCACGCCACTGCACTCCAGACTGAGCAACAAGAGTGAAACTCCATCTCAAAAAATAAAAAGAAATAATAATAATAAAA","GTTACTCAGGAGGCTGAGGCAGGAGAATCGCTTGAAACTGGAAGGCAGAGGTTGCAGTGAGCCAAGATCACGCCACTGCACTCCAGACTGAGCAACAAGAGTGAAACTCCATCTCAAAAAATAAAAAATAATAATAATAATAAAA"
"chr1","152293692","152294001","chr1","152150403","152150710","8","143289","GGCTGGGTGCAGTGGCTCACGCCTGTAATCCCAGCACTTTGGGAGGCCGAGGCAGGTGGATCATGAGGTCAGCAGTTCAAGACCAACCTGACCAACATGGTGAAACCCTGTCTCTACTAAAAATACAAAAAAAAAAAAAATAATTAGCTGGGCATGGTGGTGGGCGCCTGTAATCCCAGCGACTTGGGAGGCTGAGGCAGGAGAATCACTTGAAACCAGAAAGCGGAGGTTGCAGTGAGCCGAGATTGCGCCACTGCACTTTAGCCTGGGCAAGAAGAGCAAAACTCCATCTCAAAAAAAAAAAAATAAA","GGCTGGGTGCAGTGGCTCACGCCTGTAATCCCAGCACTTTGGGAGGCCGAGGCAGGTGGATCATGAGGTCAGCAGTTCAAGACCAACCTGACCAACATGGTGAAACCCTGTCTCTACTAAAAATACAAAAAAAAAATAATAATAATTAGCTGGGCATGGTGGTGGGCGCCTGTAATCCCAGCGACTTGGGAGGCTGAGGCAGGAGAATCACTTAAAACCAGAAGGCGGAGGTTGCAGTGAGCCGAGATTGCGCCACTGCACTTTAGCCTGGGCAAGAAGAGCAAAACTCCATCTCAAAAAAAAAAAAA"
"chr1","154089078","154089366","chr1","186843903","186844195","39","32754825","GGCTGCGCACCGTGGCTCACGCCTGTAATCCCAGCACTTTGGGAGGCCGAGGCGGGTGGATCACAAGATCAAGAGCTTGAGCCCACCCTGGCCAACATGGTGAAACTCTGTCTCTACTAAAATACAAAAATAGCCAGGCGTGTTGGCAGGTGCCTGTAGTCCCAGCTACTCAGGAGGCTGAGGCAGGAGAATCGCTTGAACCTGAGAAGGCGGAGGTTGCAGTGAGCCGAAATCGTGTCACTGCACTCCAGCTTGGGCAACAAGAGGGAGACTCCATGTCAAAAAAAAA","GGCTGGACGCGGTGGCTCATGCCTATAATCCTAGCACTTTGGGAGGCCAAGGTGGGTAGATCAGGAGATCAGGAGTTTGAGAACAGCCTGGCCAACATGGTGAAACCCCATCTCTACTAAAAATACAAAAATTAGCCGGGCCTGGTGGCGGGTGCCTGTAATCCCAGCTACTCAGGAGGCTGAGGCAGGAGAATTGCTTGAACCCCGGAAGGGGGAGGTTGCAGTGAGCCGAGATCGTGCCACTGCACTCCAACCTGGGCAACAAGAGCGAGAGACTCCATCTCAAAAAAAAA"
"chr1","156361911","156362194","chr1","156244088","156244399","35","117823","GGCTGGGCTCAGTGGCTCACGCCTGTAATCCCAGGACTTTGGGAGGCCAAGGCGGGCAGATCACAAGGTCCAGATATCGAGACCATCCTGGCCCACATGGTAAAACCCCATCTCTACTAAAAATACAAAAAATTAGCCGGACGTGGTGGCAGGCACCCGTAATCCCAGCTACTCGGGAGGCTGAGGCAGGAGAATCGCTTGAACCTGGAAGGCGGAGGTTGCAGTGAAATGAGGTCGTGCCATTGCACTCCAGCCTGGGCAAAAAGAGCAAAACTCCATCTCAA","GGCTGGGCTCAGTGGCTCACACCTGTAATCCCAGGACTTTGGGAGGCCAAGGCGGGCAGATCACGAGGTCCAGATATCGAGACCATCCTGGCCCACATGGTAAAACCCCATCTCTACTAAAAATACAAAAAATTAGCCAGACGTGGTGGCAGGCACCCGTAATCCCAGCTACTCGGGAGGCTGAGGCAGGAGAATCGCTTGAACCTGGAAGGCGGAGGTTGCAGTGAGCTGAGATCGTGCCATTGCACTCCAGCCTGGGCAAAAAGAGCGAAACTCCATCTCAAAAACAAACAAACAAACAAACAGAAAAAA"
"chr1","157601437","157601616","chr5","158646080","158646259","33","1044643","GGTCGGGCACGGTGGCTCACGCCTGTAACCCCATCATTTTGGGAGGATGAAGCAGGCAGATCACCAGGTCAGGAGTTCTAGACCAGCCCGTCCAACATACCAAAACCCCATCTCTACTAAAAAATACAAAAAAATTGGCCGGGCATGGTGGTGGGCGCCTGTAATCCCAGCTACTCGGGA","GGCCAGGCGTGGTGGCTCACGCCTGTAATCCCAGCACTTTGGGAGGCCAAGGTGGGCAGATCACGAGGTCAGGAGTTCGAGACCAGCCTAACCAACATGGTGAAACCCCGTCTCTACTAAAAAAAAAAAAAAAATTAGCTGGGCATGGAGGCAGATGCCTGTAATCCCAGCTACTTGGGA"
"chr1","157896889","157897200","chr1","157861032","157861338","12","35857","GGCCGGGCATGGTGGCTCACACCTGTAATCCCAGCACTTTGGGAGGTCGAGGCGGGCTGATCACGAGGTCAGGAGTTTGAGACCAGCCTGGCCAACATGGTGAAACCCCATCTCTACTAAAAATACAAAAAAGTTAGCCAGGTGTGGTGGCAGGTGCCTGTAATCTCAGCTACTCAGGAGGCTGAGGCAGGAGAATCACTTGAACCTGGGAAGGCGGAGGTTGCAATGAGCCGAGATCGCGCCACTGTACTCCAGCCTGGGCAACAAGGGTGAGACGCCGTCTCAAAAAAAGGAAAAAAAAAGAAAAAAAAA","GGCCGGGCATGGTGGCTCACGCCTGTAATCCCAGCACTTTGGGAGGCCGAGGCGGGCTGATCACGAGGTCAGGAGTTTGAGACCAGCCTGGCCAACATGGTGAAACCCCATCTCTACTAAAAATACAAAAAAGTTAGCCAGGTGTGGTGGCAGGTGCCTGTAATCTCAGCTACTCAGGAGGCTGAGGCAGGAGAATCACTTGGACCTGGGAAGGCGGAGGTTGCAATGAGCCGAGATACCGCCACTGCACTCCAGCCTGGGCAACAAGGGCGAGACGCCGTCTCAAAAAAGGAAAAAAAAGAAAAAA"
"chr1","159558531","159558812","chr1","159596386","159596667","6","37855","GGCTGGGCGTGGTGGCTCACGCCTGTAATCCCAGCACTTTGGGAGGCCAAGGCAGGCGGATCACAAGGTCAGGAGTTCGAGACCAGCCTGGCCAGCATGGTGAAACCCCATCTCTACTAAAAAGAAATACAAAAATTAGCTGGGCATGGTGGCGGGTCCCTGTAATCCCAGCTATTTGGGAGGCTGAGGCAGAACTGCTTGAAACTGGAAGGCGGAGGTTGCAGTAAGCAGAGATCCCGCCACTGCACTCCAGCCTCGGCAAAAGAGCAAAACTCTGTCTCA","GGCTCAGCGTGGTGGTTCACGCCTGTAATCCCAGCACTTTGGGAGGCCAAGGCAGGCGGATCACAAGGTCAGGAGTTCGAGACCAGCCTGGCCAGCATGGTGAAACCCCATCTCTACTAAAAAGAAATACAAAAATTAGCTGGGCATGGTGGTGGGTCCCTGTAATCCCAGCTATTTGGGAGGCTGAGGCAGAACTGCTTGAAACCGGAAGGCGGAGGTTGCAGTAAGCGGAGATCCCGCCACTGCACTCCAGCCTCGGCAAAAGAGCAAAACTCTGTCTCA"
"chr1","162757774","162758075","chr1","162321625","162321926","7","436149","GGCCGGGCGCGGTGGCTGACGCCTATAATCCCAGCACTTTTGGGAGGCCGATGCAGGCGGATCACGTGGTCAGGGGTTCAAGACCAGCCTGGCCAAGATAGTGAAATCCCATCTCTACTAAGAATATAAAAATTAGCCGGGCGTGGTGGCGGGCACCTGTAGTCCCAGCTACTTGGGAGGCTGAGGCAGAAGAACCGTTTGAAACCAGAAGATGGAGGTTGCAGCGAGCCGAGATCGCGCCAGCGCACTCCACCCTGGGCAACAAGAGCAAAACTCCGTCTCAAAAAAATAAATAAATAAAA","GGCCAGGTGCGGTGGCTCACGCCTATAATCCCAGCACTTTTGGGAGGTCGATGCAGGCGGATCACGTGGTCAGGGGTTCAAGACCAGCCTGGCCAAGATAGTGAAACCCCATCTCTACTAAGAATATAAAAATTAGCCGGGCGTGGTGGCGGGCACCTGTAGTCCCAGCTACTTGGGAGGCTGAGGCAGAAGAACCGTTTGAAACCAGAAGATGGAGGTTGCAGCTAGCCGAGATCGCGCCAGCACACTCCACCCTGGGCAACAAGAGCAAAACTCCGTCTCAAAAAAATAAATAAATAAAA"
"chr1","164882882","164883159","chr1","164487168","164487445","7","395714","CGGTAGCTCATGCCTGTAATCCTATCTCTTTGGGAGGCCGACGTGGGCGTATCACAAGGTCAGGAGTTCGAGACCAGCCTGGCCAACATGGTGAAACCCCATAGCTACTAAAAATGCAAAAATTAGCTGGGCCTGGTGGCAGACACCTGTATTCCCAGCTACTTGGGAGGTTGAGACAGGAGAATAGCTTGAAACCGGAAGGAGGAGGTTGCAGTGAGCCGAGATCACGCGACTGCACTCCAGCCAAACTCCATCTCAAAAAAAAAGAGAAGAAAAAA","CGGTGGCTCACGCCTGTAATCCTATCTCTTTGGGAGGCCGACGTGGGCATATCACAAGGTCAGGAGTTCGAGACCAGCCTGGCCAACATGGTGAAACCCCACAGCTACTAAAAATGCAAAGATTAGCTGGGCCTGGTGGCAGACACCTGTATTCCCAGCTACTTGGGAGGTTGAGACAGGAGAATAGCTTGAAACCGGAAGGAGGAGGTTGCAGTGAGCTGAGATCACACGACTGCACTCCAGCCAAACTCCATCTCAAAAAAAAAGAGAAGAAAAAA"
"chr1","171395657","171395826","chr1","171055779","171055947","4","339878","CGGTGGCTCACGCTTGTAATCCCAGCACTTTGGGAGGCTGAGGTGGGTGGTTCACAAGGTCAGGAGTTTGAGATCAGCCTGGCCAACATGGTGTACTAAAAATACAAAACTTAGCCGGGCATGGTGGCAGGTGCCTGTAATGCCAGCTACTTGGGAGGCTGAGGCAGGAG","GGTGGCTCACGCTTGTAATCCCATCACTTTGGGAGGCTGAGGTGGGTGGTTCACAAGGTCAGGAGTTTGAGATCAGCCTGGCCAACATGGTGTACTAAAAATACAAAACTTAGCCGGGCATGGTGGCAGATGACTGTAATGCCAGCTACTTGGGAGGCTGAGGCAGGAG"
"chr1","172494851","172495142","chr1","172136042","172136340","12","358809","GCCAGGCATGGTGGCTCACGCCTGTAATCCCAGCACTTTGGGAGGCTGAGGTGGGCAGATCACGAGGTCAGGGATTCGAGACCAGCCTGGCCAACATCGTGAAACCCCGCCTCTATAAAAATACAAAAATTAGCCAGGCATGGTGGCGGGCCTTTAGTTTCAGCTACTCAGGAGGCTGAGGCAGGAGAATTGCTTGAAACTGGAAGGTGGAGGTTGTAGTGAGCGGAGATCGCACCACTGCACTCCAGCCTGGGCGAAAGAGTGAAATTCCGTCTCAGAAAAGAAAAAAAAA","GCCAGGCATGGTGGCTCACGCCTGTAATACCAGCACTTTGGGAGGCTGAGGTGGGCAGATCACGAGGTCAGGGATTCGAGACCAGCCTGGCCAACATGGTGAAACCCCACCTCTACTAAAAATACAAAAATTAGCCAGGCATGGTGGCGGGACTTTAGTTTCAGCTACTCAGGAGGCTGAGGCAGGAGAATTGCTTGAAACTGGAAGGTGGAGGTTGTAGTGAGCTGAGATCGCACCACTGCACTCCAGCCTGGGCGAAAGAGTGAAATTCCGTCTCAGAAAAGAAAAAAAAAAAAAAA"
"chr1","172892264","172892554","chr5","141928392","141928680","35","30963872","GCTAGGCGCGGTGGCTCACGCCTGTAATCCCAGCACTTTGGGAGGCCAAGGCGGGCAGATCACGAGTTCAGGAGTTTGAGACCAGCCTGGCCAACATGGTGAAAACATCATCTCTACTAAAAGTATAAAAATTAGCCCGGCGTGGTGGCAGGCGCCTGTAATCCCAGCTACTCGGGAAGCTGAGGCAGGAGAATCGCTTGAAACCAGAAGACAGAGGTTGCAGTGAGCCAAGATCGCACCACTGCACTCTAGCCTGGGTGAAAAAGTGAAACTCCGTTTCCAAAAAAAAAA","GGCTGGGCGCGGTGGCTCACGCCTGTAATCCCAGCACTTTGGGAGGCCAAGGTGGGAGGATCATGTGGTCAGGAGTTTGAGACCAGCCTAGCCAACATGGTGAAACCCCGTCTCTACTAAAAATACAAAAATTAGCCAGGCGTGGTGGCAGGCGCCTGTAATCCCACCTACTCGGGAGGCTGAGGCAGGAGAATCACTTAACCCAGAAGGTGGAGGTTGCAGTGAGCTGAGATCGCACCACTGCACTCCAGCCTGAGCGAAAAGGTGAAATTCCATCTCAAAAAATAAA"
"chr1","172983819","172984111","chr1","172658353","172658642","13","325466","GACCGGGCGTGGTGGCTCATGCCTGTAATCCCAGCACTTTGGGAGGCCGAGGTGGGTGGATCACAAGGTCAGCAGTTCGAGACCAGCCTGACCAACATGGTGAAACCCCGTCTCTACTAAAAATACAAAAAAATTAGCTGGGCGTGGTGGCGGGCACCTGTAATCCCAGCAACTTGGGAGGCTGAGGCAGGAGAATCGCTTGAAACTGGAAGGTGGAGGTTGCAGCGAGCCAAGATTGCACCACTGCACTCTAGCCTGGGCAATAAGAAAAAACTGTGTCTCAAAAAAAAAAA","GACCGGGTGTGGTGGCTCATGCCTGTAATCCCAGCACTTTGGGAGGCCGAGGCGGGTGGATCACAAGGTCAGCAGTTCGAGACCAGCCTGACCAACATGGTGAAACCCCGTCTCTACTAAAAATACAAAAAAATTAGCTGGGCGTGGTGGCGGGCACCTGTAATTCCAGCAACTTGGGAGGCTGAGACAGGAGAATCGCTTGAAACCGGAAGGTGGAGGTTGCAGTGAGCCAAGATTGCGCCACTGCACTCTAGCCTGGGCAATAAGAAAAAAACTCTGTCTCAAAAAAA"
"chr1","174336095","174336373","chr1","174024675","174024967","21","311420","GGCCGAATGTAGTGGTTCACACCTGTTATCCCAGCACTTTGGGAGGCCTAGGCGGGCGGATCACGAGGCCAAAAGTTCGAGACCAGCCTGGCCAACATGGTGAAACCTCATCTCTACTAAAAATACAAAAATTAGTAGGGTGTGATGGTGGGTGCCTGTAATCCCAGCTACTCAGGAGGCTGAGGCAGGAGAATAGCTTGAAACCAGAAGGTGGAAGTTGCAGTGAGCTGAGATTATGCCACTGCACCCCAGCCTGGGCAACAAGAGCAAAACTCCGTC","GGCCGAATGCAGTGGTTCACGCCTGTAATCCCAGCACTTTGGGAGGCCGAGGCGGGCGGATCACGAGGCCAAAAGTTCGAGACCAGCCTGGCCAACATGGTGAAACCCCATCTCTACTAAAAATACAAAAATTAGTAGGGTGTGATGGTGGGTGCCTGTAATCCCAGCTACTCAGGAGGCTGAGGCAGGAGAATAGCTTGAAACCAGAAGGCGGAAGTTGCAGTGAGCTGAGATTATGCCACTGCACTCCAGCCTGGGCAACAAGAGCAAAACTCCGTCAAAAAAAAAAAAAA"
"chr1","177714108","177714420","chr1","177352825","177353131","14","361283","GGCAGGGCGCAGTGGCTCACGCCTGTAATCCCAGCACTTTGGGAGGCCGAGGCAGACGGATCACGAGGTCAGGAGTTCAAGAACAGCCTGGCCAACATGGTGAAACCCTGTCTCTACTAAAAATACAAAAATTAGCCAGGCATGGTGGCAGGCGCCTGTAAATCCCAGCTACCGGGGAGGCTGAGGCAGGAGAATCGCTTGAAGCCAGAAGGCGGAGGTTGCAGTGAGCTGAGATTGTGCCACTGCAGTCCAGCCTGGCCAACAAGAGGGGAACTTAGTCAACAAAAAAAAAAAAAAGGAAAGAAAGAAAAAA","GCAGGGCGCAGTGGCTCACGCCTGTAATCCCAGCACTTTGGGAGGCCGAGGCAGACGGATCACGAGGTCAGGAGTTCAAGAACAGCCTGGCCAACATGGTGAAACCCTGTCTCTACTAAAAATACAAAAATTAGCCAGGCATGGTGGCAGGCGCCTGTAATCCCAGCTACTGGGGAGGCTGAGGCAGGAGAATCGCTTGAAGCCAGAAGGCGGAGGTTGCAGTGAGCTGAGATTGTGCCACCAGTCCAGCCTGGCCAACAAGAGGGGAGCTTAGTCTCAAAAAAAAGGAAAGAAAGAAAAAAGAAAA"
"chr1","180495927","180496224","chr1","180210539","180210836","13","285388","GGCCGGGTGCGGTGGCTCATGCCTATAATCCCAGCACTTTGGGAGGCCAACGTGGGAGAATCATGAGGTCAAGAGTTCAAGACCAGCTTGGCCAACATGGTGAAACCCCGTCTCTACTAAAAATACAAAAAAAATTAGCTGGGCATAGTGGCAGACACCTGTAATCCCAGCTACTCCGGAGGCTGAGGCAGCAGAATCGCTGGAAGGCGGAGGTTGCAGTGAGCCCAGATCATGCCACTGCACTCCAGTCTGGGCAACAAGAATGAAACTCTGTCTCAAAACAAAACAAAACAAAAAA","GGCTGGGTGCAGTGGCTCATGCCTATAATCCCAGCACTTTGGGAGGCCAAGGTGGGAGAATCATGAGGTCAAGAGTTCAAGACCAGCTTGGCCAACATGGTGAAACCCCGTCTCTACTAAAAATACAAAAACAATTAGCCGGGCGTAGTGGCAAACACCTGTAATCCCAGCTACTCGGGAGGCTGAGGCAGGAGAATCGCTGGAAGGCGGAGGTTGCAGTGAGCCCAGATCACGCCGCTGCACTCCAGCCTGGGCAACAAGAATGAAACTCCGTCTCAAAACAAAACAAAACAAAAAA"
"chr1","181426509","181426814","chr1","181195999","181196304","3","230510","GGCCAGGTGCAATGGCTCATGCCTGTAATCCCAGCACTTTGGGAGGCTGAAGCAGGCAGATCACAAGGTCAGGAGTTCGAACCAGCCTGGCCAACAAGGTGAAATCCCATCTCTACTAAATATACAAAAATTAGCCAGGCGTGGTGGTGGGCACCTGTAATCCCAGCTACTTGGGAGGCTGAGGCAGGAGAATCTCTTGAAACCGGAAGGCAGAGGTTGCAGTGAGCCGAGATTACGCCATTGCACTCCAGCCTGGGCAACAGAGTGAAATTCTGTCTCAAAGAAAAATAAAATAAAATAAATAAA","GGCCAGGTGCAATGGCTCATGCCTGTAATCCCAGCACTTTGGGAGGCTGAAGCAGGCAGATCACAAGGTCAGGAGTTCTAACCAGCCTGGCCAACAAGGTGAAATCCCATCTCTACTAAATATACAAAAATTAGCCAGGCGTGGTGGTGGGCACCTGTAATCCCAGCTACTTGGGAGGCTGAGGCAGGAGAATCGCTTGAAACCGGAAGGCAGAGGTTGCAGGGAGCCGAGATTACGCCATTGCACTCCAGCCTGGGCAACAGAGTGAAATTCTGTCTCAAAGAAAAATAAAATAAAATAAATAAA"
"chr1","182437133","182437431","chr1","182322859","182323157","8","114274","GACTGGGCGCAGTGGCTCACACCTGTAATCCCAGCACTTTGGGAGGCTGAAGCCTCATGGACCACGAGGTCAGGAGTTCGAGACCAGCCTGGCCAACATTGTGAAACCCCATCTCTACTAAAATTATAAAAACTTAGCTCGGCATGGTGGCGGACACCTGTTAAGCTTTTCGGGAGGCTGAAGCAGGAGAATCGATTGAACCCGGAAGGCGGGGGTTGCAGTGAGCCAAGATTGCACCGTTGCACTCCAGCCTGGGCAACAAGAGCGAAACTCCGTCTATAAATAAACAAACAAACAAA","GGCTGGGCGCAGTGGCTCACACCTGTAATCCCAGCACTTTGGGAGGCTGAAGCCTCTTGGACCATGAGGTCAGGAGTTCGAGACCAGCCTGGCCAACATAGTGAAACCCCATCTCTACTAAAATTACAAAAACTTAGCTTGGCATGGTGGCGGGCACCTGTTAAGCTTTTCGGGAGGCTGAAGCAGGAGAATCGATTGAACCCGGAAGGCGGGGGTTGCAGTGAGCCAAGATTGCACCATTGCACTCCAGCCTGGGCAACAAGAGCGAAACTCCGTCTATAAATAAACAAACAAACAAA"
"chr1","182608735","182609024","chr1","182500791","182501100","27","107944","GCTGGGCAAAGTGGCTCACGCCTATAATTCCAGCCCTTTGGGAGGCTGAGGCGGGCAGATCGCGAGGCCAGGAGTTTGAGACCATCCTGGCCAACATGGTGAAACCCCACCTCTACTAAAAATACAAAAATTAGCCAGGTGTGGTGGTGGGTGCCTGTAATCCCAGCTACTCAGGAGGCTGAGGCAGGAGAATCGCTTGAAACCAGAAGGCGGAGGTTGCAGTGAGCCAAGATCATGCCACTGTACTCCAGCCTGGGCAACAAGAATGAAACTCCGTCTCAAAAAAAAAA","GCTGGGCAAAGTGGCTCACGCCTATAAGTCCAGCCCTTTGGGAGGCTGAGGTGGGCAGATCGCGAGGCCAGGAGTTTGAGACCATCCTGGCCAACATGGTGAAACCCCACCTCTACTAAAAATACAAAAATTAGCCAGGTGTGGTGGTGGGTGCCTGTAATCCCAGCTACTCAGGAGGCTGAGTCAGGAGAATCGCTTGAAACCAGAAGGCAGAGGTTGCAGTGAGCCGAGATCATGCCACTGTACTCCAGCCTGGGCAACAAGAGTGAAACTCCATCTCAAAAAAAAAAAAAAAAAAAAAAAAAAAAAA"
"chr1","183870457","183870654","chr1","183797609","183797806","4","72848","CCAGGTGCGGTGGCTCACGCCTGTAATGCCAACACTTTGGGAGGCCAAGGTGGGCAGATCACAAAGTCAGGAGTTCGAGACCAGCCTGGCCAACATGGTGAAACCCCATTTCTACTAAAAATACAAAAATTAGCAGGGCATGGTTGCAGGAGCCTGTAATCCCAGCTACTTAGCGCGCTGAGGCAGGAGAATCATTTG","CCAGGTGCGGTGGCTCACGCCTGTAATGCCAACACTTTGGGAGGCCAAGGTGGGCAGATCACAGAGTCAGGAGTTTGAGACCAGCCTGGCCAACATGGTGAAACCCCATTTCTACTAAAAATACAAAAATTAGCAGGGCATGGTTGCAGGAGCCTATAATCCCAGCTACTTAGCACGCTGAGGCAGGAGAATCATTTG"
"chr1","184293060","184293344","chr1","184217831","184218114","7","75229","GCCAGGCACGGTGGCTCACGCCTGTAATCCCAGCACTTTGGGAGGCCAAGGCAGGTGGGTCACGAGGTCAGGAGATCGAGACCAACCTGGCCAACATGATGAAACCCCTTATCTACTAAAAATACAAAATTTAGCCGGGCATGGTGGCAGGTGCCTGTGATCCCAGCTACTCAGGAGGCTGAGGCAGGAGAATCGCTTGAAACCGGAAGGTGGAGGTTGCAGTGAGCTGAGATCGTGCCACTTCAATGCAGCCTGGGTGACAGAGGCTCCGTCTCAAAAAAAAAA","GCCATGCACGGTGGCTCACGCCTGTAATCCCAGCACTTTGGGAGGCCGAGGCAGGCGGGTCACGAGGTCAGGAGATCGAGACCAACCTGGCCAACATGATGAAACCCCATCTCTACTAAAAATACAAAATTTAGCCGGGCATGGTGGCAGGTGCCTGTGATCCCAGCTACTCGGGAGGCTGAGGCAGGAGAATCGCTTGAAACCGGAAGGTGGAGGTTGCAGTGAGCTGAGATCGTGCCACTTCAATGCAGCCTGGGTGACAGAGGCTCCGTCTCAAAAAAAAA"
"chr1","184608659","184608791","chr1","184538590","184538721","6","70069","TCGGGAGGCTGAGGCAGGAGAATGTCTTGAAACCAGAAGGTGGAGGTTGCAGTGAGCCAAGATCGCGCCACTGCACTCCAGCCTGGGCAACAGGAGCAAAACTCTGTCTCAAAAAACAAACAAACAAACAAAA","TCGGGAGGCTGAGGCAGGAGAATGTCTTGAAACCAGAAGGTGGAGGTTGCAGTGAGCCAAAATCGTGCCACTGCACTCTAGCCTGGGCAACAGGAGCAAAACTCTGTCTCAACAAACAAACAAACAAAAGAA"
"chr1","186061562","186061816","chr1","185936530","185936785","8","125032","GAGGCCAAGGCGGGTGGATCACGAGGTCAGGAGTTCAAGACAAGCCTGGCCAACATGGTGAAACCCCATCTCTACTGAAAACACAAAAATTAGTCGGGCATGGTGGCAGGAGCCTGTAATCCCAGCTACTCGGGAGGCTGAGTCAGAAGAATCGCTTGAAACTGGAAGGTGGAGGTTGCAGTGAGCTGAGATCGTACCACTGCACTCTAGCCTAGGCAACAAGAGTGAAACTCCATCTCAAAAAAAAGAAAAGAA","GAGGCCAAGGCGGGCGGATCACGAGGTCAGGAGTTCAAGACAAGCCTGGCCAACATGGTGAAACCCCATCTCTACTGAAAATACAAAAATTAGTCGGGTATGGTGGCAGGAGCCTGTAATCCCAGCTACTCGGGAGGCTGAGTCAGAAGAATCGCTTGAAACTGGAAGGTGGAGGTTACAGTGAGCTGAGATCGTACCACTGCACTCTAGCCTGGGCAACAAGAGTGAAACTCCGTCTCAAAAAAAAAAAAAAGAA"
"chr1","186947639","186947930","chr1","186843903","186844195","9","103736","GGCTGGACGTGGTGGCTCATGCCTGTAATCCTAGCACTTTGGGAAGCCAAGGTGGGTAGATCAGGAGATCAGGAGTTTGAGAACAGCCTGGCCAACATGGTGAATCCCCATCTCTACTAAAAATACAAAAATTAGCCAGGCGTGGTGGCGGGTGCCTGTAATCCCAGCTACTCAGGAGGCTGAGGCAGGAGAATTGCTTGAACCCAGGAAGGGGGAGGTTGCAGTGAGCCGAGATCGTGCCACTGCACTCCAGCCTGGGCAACAAGAGCGAGAGACTCCATCTCAAAAAAAA","GGCTGGACGCGGTGGCTCATGCCTATAATCCTAGCACTTTGGGAGGCCAAGGTGGGTAGATCAGGAGATCAGGAGTTTGAGAACAGCCTGGCCAACATGGTGAAACCCCATCTCTACTAAAAATACAAAAATTAGCCGGGCCTGGTGGCGGGTGCCTGTAATCCCAGCTACTCAGGAGGCTGAGGCAGGAGAATTGCTTGAACCCCGGAAGGGGGAGGTTGCAGTGAGCCGAGATCGTGCCACTGCACTCCAACCTGGGCAACAAGAGCGAGAGACTCCATCTCAAAAAAAAA"
"chr1","187278154","187278453","chr1","187179858","187180164","10","98296","GGCCGGGTGCGGTGGCTCACGCCCGTAATCCCAGCACTTTGGGAGGCTGAGGCGAGTGGATCACGAGGTCAGCAGTTCGAGACCAGCCTGACCAACATGGTGAAACCCTGTCTCTACTAAAAATACTAAAAAATAGCTGGGCGTGGTGGCGGGCACCTGTAATCCCAGCTACTTGGGAGGCTGAGGCAGGAGAATCGCTTGAAACCGGAAGGCGGAGGTTGCAGTGAGCCGAGATTGCACCACTGAACTCTAGCCTGGGCAACAAGAGCAAAACTCTGTCTCAGATTAAAAAAAAAAGAA","GGCCGGGTGCGGTGGCTCACGCCCGTAATCCCAGCACTTTGGGAGGCTGAGGCGAGTGGATCACGAGGTCAGCAGTTCGAGACCAGCCTGACCAACATGGTGAAACCCTGTCTCTACTAACAATACAAAAAAATAGCTGGGCGTGGTGGCGGGCACCTGTAATCCCAGCTACTTGGGAGGCTGAGGCAGGAGAATCGCTTGAAACCGGAAGGCGGAGGTTGCAGTGAGCCGAGATTGCACCACTGAACTCTAGCCTGGGCAACAAGAGCAAAACTCCGTCTCAGATTAAAAAAAAAAAAAAAAAGAA"
"chr1","191857644","191857909","chr11","48319214","48319479","44","143538430","GCTGGGCACGGTGGCTCACACCTGTAATCCCAGCACTTTGAGAGGCTGAGGTGGGCAGATCACAAGGTCAGGAGTTCGAGACCAGCGTGGCCAACATGGGGAAATCCTGTCTCTACTAAAAATACAAAAATCGGCCTGGCGTGGTGGCGGGTGCCTGTAATCCCAGCTGTGCAGGAGGCTGAGGTTGCAGTGAGCCAAGATCGTGCCATTGCACTCCAGCCTGGGTGACAAGAGCAAGACTCCATCTCAAAACAAACAAACAAAAA","GGCCAGGCACGGTGGCTCACACCTGTAATCCCAGCACTTTGGGAGGCTAAGGCAGGCGGATCACGAGGTCAGGAGATGGAGACCATCCTGGCTAACACAGTGAAACCCTATGTCTACTAAAAATACAAAAATTAGCTGGGCATGGTGGCGGGCGCCTGTAATCCCAGCTACTTGGGAGGCAGAGGTCGCGGTGAGCCAAGATCGCACCATTGCACTCCAGCCTGGGCAATAAGAGCGAAACTCCATCTCAAAAAAAAAAAAAAAAA"
"chr1","192186237","192186527","chr1","191534378","191534667","4","651859","GCCAGGTGCGGTGGCTCACACCTGTAATCCCAGGACTTTGGGAGGCTGAGGTGGGCAGATCACGAGGTCAGGAGCTCGAGACCAGCCTGGCCAACATGGTGAAACCTCGTCTCTACTAAAAATACAAAAATTAGCCAGATGTGGTGGCAGGTGCCTGTAATCCTAGCTACTCGGGAGGCTGAGGCAGAAGAATAGCTTGAAACTGGAAGGCGGAGGTTGCAGTGAGCCGAGATCGTACCACTGTACTCCAGCCTGGGCAACAAGAGTAAAATTCTGTCTCAAAAAAAAAAA","GGCCAGGTGCGGTGGCTCACACCTGTAATCCCAGGACTTTGGGAGGCTGAGGTGGGCAGATCACGAGGTCAGGAGCTCGAGACCAGCCTGGCCAACATGGTGAAACCTCGTCTCTACTAAAAATACAAAAAATAGCCAGATGTGGTGGCAGGTGCCTGTAATCCTAGCTACTCGGGAGGCTGAGGCAGAAGAATAGCTTGAAACTGGAAGGCGGAGGTTGCAGTGAGCCGAGATCGTACCACTGTACTCCAGCCTGGGCAACAAGAGTAAAATTGTCTCAAAAAAAAAAA"
"chr1","192575743","192576053","chr1","191926311","191926621","6","649432","GGCCGGGCATGGTGGCTCACGCCTGTAATCCCAACACTTTGGGAGGCTGAGGCAGATGGATCACAAGGTCAGGAGTTTGAGACCAGCCTGGCTAACATGGTGAAACCCTGTCTCTACTAAAAATACAAAAACCAGCCGGGTGTGGTGGCAGGCTCCTGTAATCCCAGCTACTTGGGAGGCTGAGGCAGGAGAATCTCTTGAAACAGGAAGGTGGAAGTTGCAGTGAGCTGAGATCGCGCCATTGCACTCCAGCCTGGGCAACAAGAGCAAAACTCCATCTCAAAAAACAAAAACAAAAACAAAAACAAAAA","GGCCGGGCATGGTGGCTCACGCCTGTAATCCCAACACTTTGGGAGGCTGAGGCAGACGGATCACAAGGTCAGGAGTTTGAGACCAGCCTGGCCAACATGGTGAAACCCTGTCTCTACTAAAAATACAAAAACCAGCCGGGTGTGGTGGCAGGCTCCTGTAATCCCAGCTACTTGGGAGGCTGAGGCAGGAGAATCGCTTGAAACAGGAAGGTGGAAGTTGCAGTGAGCTGAGATCGTGCCATTGCACTCCAGCCTGGGCAACAAGAGCAAAACTCCATCTCAAAAAACAAAAACAAAAACAAACAAAAAAA"
"chr1","199262331","199262609","chr5","11322709","11322998","44","187939622","GGTCGGGCTCGGTGGCTCATGCCTGTAATCCCGCCGAGGTGGGCGGATCACAAGGTTAGGAGTTCGAGACCAGCCTGGCCAACATGGTGAAACCCCATCTCCACTAAAAATACAAAAATTAGCTAGGCGTGGTGGCAGGCGCCTGTAGTCCCAGCTACTCGGGAGGCTGAGGCTGGAGAATCACTTGAATCCGGGAGGCAGAGGTTACAGTGAGCTGAGATCACACCACTGCACTCCAGCCTGGGCAACAAGAGCAAAACTCTGTCTCAAACAAACAAA","GGCCAGGCGCGATGGCTCACGCCTGTAATCCCAGCATCTTGGGAGGCTGAAGCAGGCGGATCACAAGGTCAGGAGTTCAAGACCAGCCTGGCCAGCATGGTGAAACCCCATCTCTACTAAAAATACAAAAATTAGCTGGGTGTGGTGGCAGGCGCCTGTAATCCCTGCTACTCAGGAGGCTGAGGCAGGAGAATCGCTTGAACCTGGGAGGCGGAGGTTGCAGTGAGCCGAGATTGTACCACTGCACTACAGCCTGGGCAACAAGAGCAAAACTTCATCTCAAAAAGAAA"
"chr1","204044378","204044529","chr1","203493866","203494011","9","550512","AGCTACTCGGGAGGCTGAGGCAGGAGAATTGCTTGAGATCAGGAGGCAGAAGCTGCAGCGAGCCGAGATCGTGGCACTGCACTCCAGCCTGGGCAACAAGAGTGAAACGTTGTCTACAAGAAAAAAAAAAAAAGAAAGTAGCAAAAAGAAAA","AGCTACTCGGGAGGCTGAGGCAGGAGAATTGCTTGAGATCAGGAGGCAGAAGCTGCAGCGAGCCGAGATCGTGGCACTGCACTCCAGCCTGGGCAACAAGAGTGAAACGCTGTCTCAAGAAAAAAAAAAAGAAAGAAAGAAAGAAA"
"chr1","204903376","204903682","chr1","204448705","204449014","12","454671","CCGGGCGTGGTGGCTCACACCTGTAATCCCAGCACTTTGGGAGGCTGAGGCGGGTGGATCACGAGATCAGCAGTTCGAGACCAGCCTGACAAACATGGTGAAACCCTGTCTCTACTAAAAAAAAAATACAAAAAAATTAGCTGGGTGTGGCGGCGGGTGCCTGTAATCCCAGCTACTTCAGAGGCTGAGGCAGGAGAATCGATTGAAACTGGAAGGCGGAGGTTGCAGTGAGCTGAGATTGTGCCACTGCACTCTAGCCTGGGCAACGAGAGCAAAAACTCTGTCTACAAAAAAAAAAAAAAAAAAA","CCTGGCGTGGTGGCTCACACCTGTAATCCCAGCACTTTGGGAGGCGGAGGCGGGTGGATCACGAGGTCAGCAGTTCGAGACCAGCCTGACAAACATGGTGAAACCCCGTCTCTACTAAAAAAAAAAATACAAAAAAATTAGCTGGGTGTGGCGGCGGGTGCCTGTAATCCCAGCTACTTCGGAGGCTGAGGCAGGAGAATCGATTGAAACTGGAAGGCGGAGGTTGCAGTGAGCCGAGATTGTGCCACTGCACTCTAGCCTGGGCAACGAGAGCAAAACTCTGTCTCAAAAAAAAAAAAAAAAAAAAAAA"
"chr1","206331347","206331658","chr1","205581853","205582157","14","749494","GGCTGGCTGCGGTGGCTGACGCCTGTAATCCCAACACTTTGGGAGGCTGAGGCAGGCAGATCACGAGGTCAGGAGTTCAAGACCAGCCTGGCCAACATGGTGAAACTCCGTCTCTACTAAAAATACAAAAATTAGCCAGGCTTGGTGGCGGGTGACCTAGTAATCCCAGCTACTCGGGAGGCTGAGGCAGGAGAATCGCTTGAAACCGGAAGGCGGAGGTTGCAGTGAGCCAAGATCACCCCACTGCAACTCCAGCCTGAGTGAAAGAGCAAAAACTGTCTCAAAGAAAAACAAAAAAAAAAAAAAAGAAAA","GGCCGGCTGCGGTGGCTGACGCCTGTAATCCCAACGCTTTGGGAGGCTGAGGCAGGCAGATCACGAGGTCAGGAGTTCAAGACCAGCCTGGCCAACATGGTGAAACTCCGTCTGTACTAAAAATACAAAAATTAGCCAGGCTTGGTGGCGGGTGCCTGTAATCCCAGCTACTCGGGAGGCTGAGGCAGGAGAATTGCTTGAAACCGGAAGGCGGAGGTTGCAGTGAGCCAAGATCACCCCACTGTACTCCAGCCTGAGTGAAAGAGCAAAACTGTCTCAAAAAAAAAAAAAGAAAAGAAAAGAAA"
"chr1","207170393","207170699","chr5","15255661","15255963","51","191914732","GGCTGGGCGTGGTGGCTCACGCCTGTAATCCCCAACACTTTGGGAGGCCGAGGCAGGCGGATCACAAGGTCAGAAATTCAAGACCAGCCTGGCCAACATAGTGAAACCTCGTCTCTACTAAAAATACAAAAATTAGCCAGGTGTGGTGGTGGGCACCTGTAGTCCCAGCTACTTGGGAGGCTGAGGCAGGAGAATCACTTGAAACCAGGAGGCGGAGCTTGCAGTGAGCCGAGATCGCACCACTGCACTCCAGCCTGAGCGAAGAGNNNNNNNNNNNNNNNNNNNNAAAAAAAAAAAAGAGAGAAAA","GCCGGGCGCGGTGGCTCACGCCTCTAATCCCAGCACTTTGGGAGGCTGAGGCGGGTGGATCACGAGGTCAGGAGTTCAAGACCAGCCTGGCCAACATGGTGAAACCCCGTCTCTACTAAAAATACAAAAATTAGCCAGGCGTGGTGGTGGGCACCTGTAATCCCAGCTATTTGGGAGGCTGAGGCAGGAGAATCGCTTGAAACAGGAAGGCAGAGGTTGTGGTGAGCCGAGATCGCACCACTGTACTCCAGCCTGGGCGAAAGACTGAAACTCCATCTCAAAAAGAAAAAAAAAAAAAAGAAA"
"chr1","209269025","209269230","chrX","54691581","54691795","39","154577444","GCACGGAGGCTCACGCCTGTAATCCCAGCACTTTGGGAGGCCGAGGAGGTCAGATCATGAGGTCAAGAGTTTGAGACCAGCCTGCCCAATATGGTGAAACCGCATCTCTACTAAAAGTAAAAAATTAGCCAGGCTATGTGGTGGGCGCCTGTAATCCCAGCTGCTCGGGAGACTGAGGCAGAAGAATCGCTTGAAACTCGAGAGGC","GGCCGGGCACAGTGGCTCACGCGTGTAATCCCAGCACTTTGGGAGGCTGAGGTGGGCGGATCATGAGGTCAGGAGTTCGAGACCAGCCTGGCCAACATGGTGAAACCCCGTCTCTACTAAAAACACACAAAAAATTAGCTGGGTGTGGTGGTGGGTGCCTGTAATCCCAGCTACTCGGGAGGCTGAGGAAGGAGAATCACTTGAAACAAGAAGGC"
"chr1","211371026","211371316","chr1","210501582","210501873","9","869444","GGCCAGGTGTGGTGGCTCACACCTGTAATGCTAGCACTTTGGGAGGCCTAGGTGGGTGGATCATGAGGTCAGGAGTTTGAGATCAGCCTGGCCAACATGATGAAACCCCGCCTCTACTAAAAATACAAAAATTAACCAGTTGTGGTTGCAGGCGCCTGTAGTCCCAGCTACTCAGGAGGCTGCAGCAGGAGAATCACTTGAAATCAGAAGGCAGAAGTTGCACTGAGCCGAGATTGCACCACTGCACTCCAGCCTGGGCAACAAGAGTGAAACTCCATCTCAAAAAAAAAA","GGCCAGGTGTGGTGGCTCACACCTGTAATGCTAGCACTTTGGGAGGCCTAGGTGGGTGGATCATGAGGTCAGGAGTTTGAGACCAGCCTGGCCAACATGATGAAACCCCACCTCTACTAAAAATACAAAAATTAACTAGGTGTGGTGGCAGGCGCCTGTAGTCCCAGCTACTCAGGAGGCTGCGGCAGGAGAATCACTTGAAATCAGAAGGCAGAAGTTGCAGTGAGCCGAGATTGCACCACTGCACTCCAGCCTGGGCAACAAGAGTGAAACTCCGTCTCAAAAAAAAAAA"
"chr1","211897223","211897528","chr1","211032280","211032580","22","864943","GGCCGGGTGCAGTGGCTCATGCCTGTAATCCAAACACTTTTGGAGGCCGAGGCAGGCGGATCACAAGGTCAGGAGTTCCAGACTAGCCTGGCCAACATGGTGAAACCCTGTTTCTACCAAAAAATACAAAAATTAGCTGGGCGGGGTGGCGGGCACCTGTAATCCCAGCTACTCAGAAGGCTGAGGCAAGAGAATTGCTTGAAACTGGAAGGTGGAGGTCATAGTCAGCCGAGATCACACCACTGCACTCCAGCCTGGGCAAAAAAGGGAACTCCGTCTCAAAAAAAAAAAAAAAAAAAAAAAAAA","GGCCGGGTGCAGTGGCTCATGCCTGTAATCCTAACACTTGGGGAGGCCGAGGCAGGCGGATCACAGGGTCAGGAGCTCCAGACTAGCCTGGCCAACATGGTGAAACGCTGTTTCTACTAAAAAATACAAAAATTAGCCGGGCGGGGTGGTGGGCACCTGTAATCCCAGCTACTCAGGAGGCTGAGGCAGGAGAATTGCTTGAAACTGGAAGGTGGAGGTCACAGTCAGCCGAGATCACACCACTGCACTCCAACCTGGGCAAAAGAGGGAAACTCCGTCTCAAAAAAAAAAAAAAAAGAAA"
"chr1","212391541","212391852","chr1","211533092","211533401","12","858449","GGCTGGGCGCGGTGGCTCACGCCTGTAATCCCAGCACTTTGGAAGGCTGAGGTGGGTGGATCACAAGGTCAGGAGTTTGAGAACAGCCTGGCCAACATGGTGAAACCCCGGCTCTAATAAAAAATACAAAAATTAACTGGGCGTGGTGGTGGGCACTTGTAATCCTAGCTACTTGGGAGGCTGAGGCAGGAGAATAGTTTGAAACTGGAAGGCGGAGGTTGCAGTGAGCTGAGATCGCACCACTGCACTCCAGCCTGGGCAACAAGAACAAAACTCTGTCTCACAAAAAAGAAAGAAAGAAAGAAAGAAAAA","GGCTGGGCGCGGTGGCTCACGCCTATAATCCCAGCACTTTGGAAGGCTGAGGTGGGTGGATCACGAGGTCAGGAGTTTGAGAACAGCCTGGCCAACATGGTGAAATCCCGTCTCTACTAAAAAACACAAAAATTAACTGGGCGTGGTGGTGGGCACTTGTAATCCTAGCTACTTGGGAGGCTGAGGCAGGAGAATCGTTTGAAACTGGAAGGCGGAGGTTGCAGTGAGCCGAGATCATACCACTGCACTCCAGCCTGGGCAACAAGAACAAAACTCTGTCTCAAAAAAAAAAGAAAGAAAGAAAGAAAAA"
"chr1","220102234","220102531","chr1","219346983","219347287","16","755251","GGCCAGGCGTGGTGGCTCACGCCCATAATCCCAGCGCTTTGGGAGGCCAAGGCAGGTAGATCATGAGGTCAGGAGTTTGACACCAGCCTTGTCAACATAGTGAAACCCCATCTCTACTAAAAATACAAAAATTAGCTGGGCGTGTTGGCTGACGCCAGTAATCCCAGCTACTGGGGAGGCTGAGGCAGGAGAATCACTTGAAACTGGAAGGTGGAGGTTACAGTGAGCTGAGGTCGCGCCACTGCACTCCAGCCTGGGCAAAAGAGTGAAACTCTGTCTCCAAAAAAAAAAAAAAAAA","GGCCAGGCGTGGTGGCTCATGCCCATAATCCCAGCGCTTTGGGAGGCCAAGGCAGGTAGATCATAAGGTCAGGAGTTCGACACCAGCCTTGTCAACATAGTGAAACCCCATCTCTACTAAAAATGCAAAAATTAGCTGGGCGTGGTGGCTGATGCCAGTAATCCCAGCTACTGGGGAGGCTGAGGCAGGAGAATCACTTGAAACTGGAAGGTGGAGGTTACAGTGAGCCGAGGTCGCACCACTGCACTCCAGCCTGGGCAAAAGAGTGAAACTCTGTCTCAAAAAAAAAAAAAAAAAAAAAAAAA"
"chr1","221806776","221807083","chr1","221065885","221066192","5","740891","GCCAGGCGTGGTGATTCATGCCTGTAATTCCAGCACTTTGGGAGGCCGAGGCGGGTGGATCACGAGGTCAGGAGTTCGAGAGCAGCCTGGTCAACATGGTGAAACGCCGTCTCTACTAAAAATACAAAAATTAGCCAGGCATGGTGGAGGACACCTGTAATCCCAGCTACTCTGGAGGCTAGGGCAAGAGAATCCCTTCAAACCAGAAGGCTGAGGTTGCAGTGAGCCGAGATCACACCACTGCACTCCAGCCTGGGCGAAAGAGCAAAACTCTTTCTCAAAACAAAACAAACAAACAAAAACAAAAA","GCCAGGCGTGGTGATTCATGCCTGTAATTCCAGCACTTTGGGAGGCTGAGGCGGGTGGATCACGAGGTCAGGAGTTCGAGAGCAGCCTGGCCAACATGGTGAAACGCCGTCTCTACTAAAAATACAAAAATCAGCCAGGCATGGTGGTGGACACCTGTAATCCCAGCTACTCTGGAGGCTAGGGCAAGAGAATCCCTTCAAACCAGAAGGCTGAGGTTGCAGTGAGCCGAGATCACACCACTGCACTCCAGCCTGGGCGAAAGAGCAAAACTCTGTCTCAAAACAAAACAAACAAACAAAAACAAAAA"
"chr1","223630458","223630757","chr1","222567827","222568124","7","1062631","GGCCGGGCGTGTGGCTCACACCTGTAATCCCAGCACTTTGGGAGGCCGAGACGGGTGGATCACAAGGTCAGGAGTTCGAGACCAGCCTGGCCAACAAGGTGAAACCCCATTCCTACTAAAAATACAAAAATTAGCAGGACATGGTGGTGGGTCCCTGTAATCCCAGCTACTCGGGAGGCTGAGGCAGAAGAATCACTTGAAACCTGAAGGCAGAGGTTGCAGTGAGCCGAGATTGGGCCATTGCACTCCAGCCTGGGCAACAAGAATGAAACTCTGTCTCAAACAAACAAATAAACAAAA","GGCCGGGCATGTGGCTCACACCTGTAATCCCAGCACTTTGGGAGGCCAAGACGGGTGGATCACAAGGTCAGGAGTTCGAGACCAGCCTGGCCAACAAGGTGAAACCCCATCCCTACTAAAAATACAAAAATTAGCAGGACGTGGTGGTGGGTCCCTGTAATCCCAGCTACTCGGGAGGCTGAGGCAGAAGAATCACTTGAAACCGGAAGGCAGAGGTTGCAGTGAGCCGAGATTGGGCCATTGCACTCCAGCCTGGGCAACAAGAATGAAACTGTCTCAAACAAACAAATAAACAAAA"
"chr1","223824596","223824893","chr1","222772004","222772297","13","1052592","GGGCATGGTGGTTCATGCCTGTAATCCCAGCACTTTGGGAGGCCTAGGTAGGTGGATCATGAGGTCAGGAGTTCAAGACCAGCCTGGCCGACATGGTGAAGCCCCGTCTATATTAAGAATCCAAAAACATTAGCCAGGCATGGTGGCATGCGCCTGTAATCCCAGCTACTTGGGAGGCTGAGGCAGAAGAATCACTTGGAATCAGAAGGTGGAAGTTGCAGTGAGCCGAGATCGTGGCACTGCACTCCAGCCTGGGTGACAAGAGCGAAACTCCACCTCAAAAAAAAAAAAAAAAAAA","GGGCATGGTGGTTCATGCCTGTAATCCCAGCACTTTGGGAGGCCTAGGTGGGTGGATCACGAGGTCAGGAGTTCGAGACCAGCCTGGGCGACATGGTGAAGCCCCATCTATATTAAGAATCCAAAAAAATTAGCCAGGCATGGTGGCATGCGCCTGTAATCCCAGCTACTTGGGAGGCTGAGGCAGATGAACCACTTGGAATCAGAAGGTGGAAGTTGCAGTGAGCCAAGATCGTGGCACTGCACTCCAGCCTGGGTGACAAGAGCGAAACTCCACCTCAAAAAAAAAAAAAAA"
"chr1","225811381","225811658","chr1","224785157","224785432","5","1026224","GCCGGGCGCGGAGGCTCACGCCTGTAATCCCAACACTTCGGGAGGCTGAGGCGGGCGGATCACGAGGTCAGGAGTTCGGGACCAGCCTGGTCAACATGGTGAAACCTCGTCTCTACTAAAAATACAAAAATTAGCCTGGCGTGGTGGGGGGCGCCTGTAATCCCAGCTACTCGGCAGCCTGAGGAAGGAGAATAGCTTGAAAACGGAAGGCGGAGGTTGCAGGGAGCCGAGATCGTGCCACTGTACTCCAGCCTGGGAGAAAGAGCGAAACTCCGTCT","GCCGGGCGTGGAGGCTCACGCCTGTAATCCCAACACTTTGGGAGGCTGAGGCGGGCGGATCACGAGGTCAGGAGTTCGGGACCAGCCTGGTCAACATGGTGAAACCTCGTCTCTACTAAAAATACAAAAATTAGCCTGGGGTGGTGGGGGGCGCCTGTAATCCCAGCTACTCGGCAGCCTGAGGAAGGAGAATAGCTTGAAAACGGAAGGCGGAGGTTGCAGGGAGCCGAGATCGTGCCACTGTACTCCAGCCTGGGAGAAAGCGAAACTCCGTCT"
"chr1","227953161","227953436","chr10","82567324","82567601","37","145385837","GGCCAGGCGCGGAGGCTCATGCCTGTAATCCCAGCACTCTGGGAGGCTGAGGCAGGCAGATCACGAGGTCAGGAGTTCGAGACCAGCCTGGCCAACATGGTGAAACCCCGCCTCTAATAATACAAAAATTGGCTGGGCATGGTGGCACGTGCCTGTAATCCCAGCTACTCAGGAGGCTGAGGCAGGAGAATCACTGGAAGCTGGGAGGCAGAGGTTGCAGTGAGCCGAGATCACACCACTGCACTCCAGTCCTGGGGCAACAAGAGCGAAACTCTG","GGCCAGGTGCGGTGGCTCATGCCTGTAATCCCAGCACTTTGGTAGGCCAAGGCAGGAGGATCACAAGGTCAGGAGTTCAAGACCAGCATGGCTAACATGGTGAAACCCTGTCTCTACTAAAAATACAAAAATTAGCCAGACATGGTGGCAGGCGCCTGTAATCCCAGCTACTCGGGAGGCTGAGACAGGAGAATCACTTGAACCTGGGAGGCGGAGGGTGCAGTGAGCCAAGATCACACCACTGTACTGCAGCCTGGGCAAAAAGAGTGAAACTCTGT"
"chr1","228178938","228179233","chr1","227145106","227145406","23","1033832","GCTGGGTGCGGTGGCTCACGCCTGTAATCCCAGCACTTTGGGAGGCCGAGGCGGGTGGATCACGAGGTCAGCAGTTTGAGACCAACTGGTGAAACCCCATCTCTACTAAAAATACAAAAAAATTAGCTGGGCATGGTGGCGGCTGCCTGTAATCCCAGCTACTCCGGAGGCTGAGGCAGGAGAATCTCTTGAAACTGGAAGGCGGAGGTTGCAACGAGCTGAGATTGCACCACTACACTCTAGCCTGGGCAACGAGAGCAAAACTCTGTCTCAAAAAAAAAAAAAAAAGAAGGAAA","GCCAGGCATGGTGGCTCACGCCTGTAATCCCAGCACTTTGGGAGGCCGAGGCGGGTGGATCACGAGGTCAGCAGTTTGAGACCAGCCTGACCAACATGGTGAAACCCCATCTCTACTAAAAATACAAAAAATATTAGCTGGGCGTGGTGGCGGCTGCCTGTAATCCCAGCTACTCCGGAGGCTGAGGCAGGAGAATCTCTTGAAACTGGAAGGCGGAGGTTGCAACGAGCTGAGATTGCACCACTACACTCTAGCCTGGGCAACGAGAGCAAAACTCTGTCTCAAAAAAAAAAGAAGGAAA"
"chr1","228213261","228213556","chr1","227180980","227181283","21","1032281","GGCTGGGTGCGGTGACGCCTTTAATCCCAGCACTTTGGGAGGCCGAGGCGGGCCGATCAGGAGGTCAGGAGTTTGAGATCAGCCTGGCCAATGTGGTGAAACCCCGTCTCTACTAAAAATGCAAAATTTAGCCGGGTGTGATGGCAGACGCCTGTAATCCCAGCTACTCAGGAGGCTGAGGCAGGAGAATCACTTGAAACGGGAAGGTAGAGGTTGCAGTCAGTGGAGATCGCACCATTGCACTCCAGCCTGGGGAAAGAGCGAAACTCCGCCTCAAAAAAAAAAAAAGACAAAAA","GGCTGGGTGCGGTGGCGCATTTAATCCCAGCACTTTGGGAGGCCAAGGCGGGCCGATCACGAGGTCAGGAGTTCGAGACCAGCCTGGCCAATGTGGTGAAACCCCGTCTCTACTAAAAATGCAAAATTTAGCCGGGTGTGATGGCAGACGCCTGTAATCCCAGCTACTCAGGAGGCTGAGGCAGGAGAATCCCTTGAAACAGGAAGGCAGAGGTTGCAGTCAGTGGAGATCGCACCATTGCACTCCAGCCTGGGCGAAAGAGGAAACTCCGCCTCACAAAAAAAAAAAAAAAAAAAAAAAAAAA"
"chr1","228566235","228566533","chr1","227554526","227554820","9","1011709","GCCGGGTGCGGTGGCTCACGCCTGTAATCCCAGCACTTTGGAAGGCCGAGGTGGGCCGATCACGAGGTCAGGAGTTCAAGACCAGCCTGGCCAACATGGTGAAACCCCGTCTTTACTAAAAATACAAAAATTAGCCGGGCGTGGTGGTGAGCGCCTGTAGTCCCAGCTACTCGGGAGGCTGAGGCAGGAGAATCGCTTGAACCCAGAATGCAGAGGTTGCGGTGAGCCAGGATCAGGCCACTGCACTCCAGTCTGGGGGACAGGAGTGAAACTCCGTCTCAATAAATAAATAAATAAAA","GGCCGGGTGCGGTGGCTCACGCCTGTAATCCCAGCACTTTGGAAGGCCGAGGTGGGCCGATCACGAGGTCAAGAGTTCAAGACCAGCCTGGCCAACATGGTGAAACCCCGTCTTTACTAAAAATACAAAAATTAGCCGGGCGTGGTGGTGAGCGCCTGTAGTCCCAGCTACTCGGGAGGCTGAGGCAGGAGAATCGCATGAACCCAGAATGCAGAGGTTGCGGTGAGCCAGGATCAGGCCACTGCACTCCAGTCTGGGGGCCAGGAGTGAAACTCCGTCTCAATAAATAAATAAA"
"chr3","236496","236776","chr15","11817338","11817619","34","11580842","GGCCAGGCGGGGTGGCTCACACCTGTAATCCCAGAACTTTGGGAGGCTGAAGCAGGCAGATCACAAGGTCAGGTGTTTAAGACCAGCCTGGCCAGTATGGTGAAACCCTGTCTCTACTAACAATACAAAAATTAGCTGGGTGTGGTGGTGGGCACCTGTAATCCCAGCTACTTGGGAGACTGAGGCAGGAGAATTGCTTGAACCCAGTAGGCAGAGGTTGCAGTGAGCCGAGATCGTGCCATTGCACTCCAGCCTGGGCAACAAGAGTGAAACTCTGTCCC","GGCTGGGCGTGGTGGCTCACGCCTGTAATCCCAGCACTTTGGGAGGCTGAAGCGGGCAAATCACGAGGTCAGGAGTTCGAGACCAGCCTGGCCAACATGGTGAAACCCCGTCTCTACTAAAAATACAAAAAATTACCCAGGCATAATGGTGGGCACCTGTAATCCCAGCTTCTCGGGAGGCTGAGACAGGAGAATTGCTTGAACTCAGAAGGCAGAGGTTGCAGTGAGCCGAGATTGCGCCATTGCATTCCAGCCTCGGCAACAAGAGTGAAACTCTGCCCC"
"chr3","3172930","3173235","chr3","3212409","3212708","13","39479","GGCCCGGCGCAGTGGCCGAATCCCGGCAAAAGTAATCCCGGCACTTTTGGGGGCCGAGGCCTGTGGAACACGAGGTCAGGAGTTCGAGACCAGCTTGGCCAACACGGCAAAACCCTGTCTCTACTAAAAATTAGCTGGGCGTGGTGGCAGACACCTGTAATCCCAGCTACTCGGGAGGCTGAGGCAGCAGAATCGCTTGAAACCGGAAGGCGGAGGTTGCAGTGAGCCCAGATCACGCCGCTGCACTCCAGCCTGGGCAACAAGAGCGAAACTCCGTCTCAAAAACAAAACAAAACAAAACAAAAA","GGCCGGGCGCAGTGGCCGCATCCCGGCAAAAGTAATCCCGGCACTTTTGGGGGCCGAGGCCTGTGGAACACGAGGTCAGGAGTTCGAGACCAGCTTGGCCAACACGGCAAAACCCTGTCTCTACTAAAAATTAGCTGGGCGTGGTGGCAGACACCTGTAGTCCCAGCTACTCGGGAGGCTGAGGCAGGAGAATCGCTTGAAACCGGAAGGCGGAGCTTGCAGTGAGCCCAGATCACGCCACTGCCCTCCAGCCTGGGCAACAAGAGCGAAACTCCGTCTCAAAACAAAACAAAACAAAAA"
"chr3","3317490","3317745","chr3","3365662","3365912","13","48172","GAGGTGGGTGGATCACGAGGTCAGGAGTTTGAGACCAGCCTAGCCAACGTGGTGAAACCCTGTCTCTATTAAAAATACGAAAATTAGCCGAGTGTGGTGGCAGGTGCCTGTAATCCCAGCTCCTCAGGAGGCTGAGGCAGGAGAATCGCTTGAAACTGGAAGGTGGAGGTTGCAGTGAGCTGAGATCGTGCCACTGTACTCCTCAACAAGAGTGAAACTCTGTCTCAAAAGAAAAAAAAGGAAAAAAAAAAGAAAA","GAGGTGGGTGGATCACGAGGTCAGGAGTTCGAGACCAGCCTAGCCAACATGGTGAAACCCTGTCTCTATTAAAAATACGAAAATTAGCCGAGTGTGGTGGCAGGTGCCTGTAATCCCAGCTCCTCAGGAGGCTGAGGCAGGAGAATCGCTTGAAACCGGAAGGTGGAGGTTGCAGTGAGCTGAGATCGTGCCACTGTACTCAACAAGAGTGAAACTGTCTCAAAAAAAAAAAAAAAGGAAAAAAAAAAAAA"
"chr3","11994782","11995088","chr3","11969908","11970213","10","24874","GGCAGGGTGCAGTGGCTCACACCTGTAATCCCAGCACTTTGGGAGGCCGAGGCAGGCAGATCACGAGGTCAGAAGTTCAAGACCAGCTTGGCCAACATGGTGAAGCCCCATATCTACTAAAAATACAAAAATTAGCCAGGTGTGGTGGCGGGTGCCTGTAATCCCAGCTACTCGGGAGGCTGAGGCAGGAGAATCACTTGAAACCGGAAGGTGGAAGTTGCAGTGAGCCGAGATCGCGCCACTGCACTCCAGCCTGGGCAACAAGAGTGAAACTCTGTCTCAAAAAAAAAAAAAAAAAGCACAAAAA","GCAGGGTGCGGTGGCTCACACCTGTAATCCCAGCACTTTGGGAGGCCGAGGCAGGCAGATCACAAAGTCAAGAGTTCAAGACCAGCTTGGCCAACATGGTGAAGCCCCGTATCTACTAAAAATACAAAAATTACCCAGGTGTGGTGGCGGGTGCCTGTAATCCCAGCTACTCGGGAGGCTGAGGCAGGAGAATCACTTGAAACCGGAAGATGGAAGTTGCAGTGAGCCGAGATCGCACCACTGCACTCCAGCCTGGGCAACAAGAGTGAAACTCTGTCTCAAAAAAAAAAAAAAAAAGCACAAAAA"
"chr3","19497920","19498217","chr3","19675408","19675705","6","177488","GGCTGGGTGTGGTGGCTCAGGCCTGTAATTACAGCACTTTGGGAGGCCAAGGTGGGTGGATCACAAGGTCAGGAGTTCAAAACCAGCCTGGCCAATATGGTGAAACCCCATCTCTACTGAAAATACAAAAATTAGCCCGGCATGGTGGTGGGCCCCTGTAATCCCAGCTACTCAGGAGGCTGAGACAGGAGAATCACTTGAAACTAGAAGGCAAAGGTTGCAGTGAGTCAAGATCGCGCCACTGCACTCCAGCCTGGGCAACAAGAGCGAAACTCCGTCTCAAAAAGAAAAAAAAAAA","GGCTGGGTGTGGTGGCTCAGGCCTATAATTACAGCACTTTGGGAGGCCAAGGTGGGTGGATCACAAGGTCAGGAGTTCAAAACCAGCCTGGCCAATATGGTGAAACCCCATCCCTACTGAAAATACAAAAATTAGCCCGGCATGGTGGTGGGCCCCTGTAATCCCAGCTACTCAGGAGGCTGAGACAGGAGAATCACTGAAAACTAGAAGGCGAAGGTTGCAGTGTGTCAAGATCGCGCCACTGCACTCCAGCCTGGGCAACAAGAGCGAAACTCCGTCTCAAAAAGAAAAAAAAAAA"
"chr3","20519838","20519972","chr3","20699599","20699732","3","179761","GGCTGGGCATGGTGGCTCACACCTGTAATCCCAGCACTTTGGGAGGCTGAGGTGGGCGGATCATGGGGTCAGGAGTTCCACACTAGCCTGGCTAACATGGTGAAACCCCGTCTCTACTAAAAAATACAAAAATTA","GGCTGGGCATGGTGGCTCACACCTGTAATCCCAGCACTTTGGGAGGCTGAGGTGGGCGGATCGTGGGGTCAGGAGTTCCACACTAGCCTGGCTAACGTGGTGAAACCCCGTCTCTACTAAAAATACAAAAATTA"
"chr3","20520232","20520361","chr1","92601078","92601204","38","72080846","NNNNNNNNNNNNNNNNNNNNTTGAAACCAGAAGGCGGAGGTTGCAGTGAGCCAAGATCGGGCCACTGCACTCCAGACTGGGCGAAAGAGCGAAACTCCGTCTCAAAAAAAAAAAAAAAAAAAAAATAAAA","GCAGGAGAATCGCTTGAAATCGGAAGGCAGAGGTTGCAGTGAGCCGAGATCACGCCACTGCATTCCAGCCTGAGTAACATGAGCAAAACTCCGTCTCAAAAAAAAAAAAAAAAAAAAAAAAAAAAAA"
"chr3","25978882","25979109","chr3","26301173","26301401","3","322291","AGACCAGCTTGGCCAACATGGTGAAACCCCGTCTGTACTAAAAATACAAAAATTAGCCAGGCTAATTTGCAGTTGCAGATGCCCATAATCCCAGCTACTCGGGAGTCTGAGGCAGGAGAATCGCTTGAAACCGGAAGGCAGAGGTTGCAGTGAGTAGAGATTGCACCACTGCACTGCAGCCTGGGCAAAAGAGCGAAACTCCGTCTCAAAAAATAAAAATAAAAAAAA","AGACCAGCTTGGCCAACATGGTGAAACCCCGTCTGTACTAAAAATACAAAAATTAGCCGGGCTAATTTGCAGTTGCAGATGCCCATAATCCCAGCTACTCGGGAGTCTGAGGCAGGAGAATCGCTTGAAACCGGAAGGCGGAGGTTGCAGTGAGTAGAGATTGCACCACTGCACTGCAGCCTGGGCAAAAGAGCGAAACTCCGTCTCAAAAAATAAAAAATAAAAAAAA"
"chr3","28216047","28216353","chr3","28527968","28528275","10","311921","CCAGTCCCAGTGGCTCATGTCTGTAATCCTGGCACTTTGGGAGGCTGAGGTGGGCGGGTCACAAGGTCAGGAGTTTGAGACCATCCTCGCCAATATGGTGAAACCCTCTCTCTACTAAAAATACAAAAATTAGCCAGGCGTGCTGGTGGGTGCCTGTAATCCCAGCTACTTGGGAGGCTGAGGCAGGAGAATTGCTTGAAACTGGAAGGCAGAGGTTGCAGTGAGCCGAGATCATGCCACTGCACTCCAGCCTGGGTGAAAGAGCAAAACTCTGTCTCAAAAAAAAAAGAAAAAAAAGGAAGAAAAA","CCAGTCCCAGTGGCTCTAGTCTGTAATCCTGGCACTTTGGGAGGCTGAGGTGGGCGGGTCACAAGGTCAGGAGTTTGAGACCATCCTCGCCAATATGGTGAAACCCTGTCTCTACTAAAAATACAAAAATTAGCCAGGCGTGGTGGTGGGTGCCTGTAATCCCAGCTACTCGGGAGACTGAGGCAGGAGAATTGCTTGAAACTGGAAGGCAGAGGTTGCAGTGAGCCGAGATCATGCCACTGCACTCCAGCCTGGGTGAAAGAGCAAAACTTTGTCTCAAAAAAAAAGAAAAAAAAAAAGAAGAAAAA"
"chr3","28617522","28617831","chr3","11969908","11970213","39","16647614","GGCCGGGTGGGGTGACTCATGTCTATAATCCCAGCACTTTGGGAGGCTGAGGCAGGCAGATCACAAGGTCAGGAGTTAGAGACCAGCCTGGCCAACACAGTGAAACGCCGTCTCTACTAAAAATACAAAAATTAGCCAGGCATGGTGGTGGGTGCCTGTAATCCTGGCTACTCGGGAGGCTGAGGCAGGAGAATCACTTGAAACTGGAAGGCAGAGGTTGCAGTGAGCCAAGATTGCACCACTGCACTCCAGCCTAGGCAACAAGAGTGAAACTCTGTCTCAAAAAAACAAACAAACAAAAACAAACAAA","GCAGGGTGCGGTGGCTCACACCTGTAATCCCAGCACTTTGGGAGGCCGAGGCAGGCAGATCACAAAGTCAAGAGTTCAAGACCAGCTTGGCCAACATGGTGAAGCCCCGTATCTACTAAAAATACAAAAATTACCCAGGTGTGGTGGCGGGTGCCTGTAATCCCAGCTACTCGGGAGGCTGAGGCAGGAGAATCACTTGAAACCGGAAGATGGAAGTTGCAGTGAGCCGAGATCGCACCACTGCACTCCAGCCTGGGCAACAAGAGTGAAACTCTGTCTCAAAAAAAAAAAAAAAAAGCACAAAAA"
"chr3","29625919","29626199","chr3","29912474","29912754","6","286555","GCCAGGAGCAGTGGCTCACACCTGTAATCCCAGCACTTTGGGAGCCCAAGGCAGGCAGATCACTAGGTCAGGAATTCGAGACCTGCCTGGCCAACATGGTGAAACCCTGTCTCTATTTAAAATACAAAAAATTAGCTGGATGTGGTGGTGTGCACCTGTAATCCCAGTTACTCAGGAGGCTGAGGCAGGAGAATCGCTTGAAACCAGATGCAGAGGTTGCAGTGAGCTGAGATCGTGCCACTGCACTCCGGCCTCGGCAAAGAGAGTGAAACTCCATCTCA","GCCAGGCGCGGTGGCTCACACCTGTAATCCCAGCACTTTGGGAGCCCAAGGCAGGCAGATCACTAGGTCAGGAATTCGAGACCAGCCTGGCCAACATGGTGAAACCCTGTCTCTATTAAAAATACGAAAAATTAGCTGGATGTGGTGGTGTGCACCTGTAATCCCAGTTACTCAGGAGGCTGAGGCAGGAGAATCGCTTGAAACCAGATGCAGAGGTTGCAGTGAGCTGAGATCGTGCCACTGCACTCCGGCCTGGGCAAAGAGAGTGAAACTCCATCTCA"
"chr3","32332270","32332565","chr3","32624429","32624727","9","292159","GGCTGGGCGCATGGCTCACGCCTGTAATCCCAACACTTTGGGAGGCCGAGGTAGGTGGATCACAAGGTCAGGAGTTCGAGACCAGCCTGGCCAACATGGTGAAACGCCATCTCTACTAAAAATACAAAAATTAGCCTGGCATGGTGGCGGGTGCCTGTAATCCCAGCTACTCGGGAGGCTGAAGCAGGAGAATCACTTGAAACCAGAAGGCAGAGGTTGCAGTGAGCCAAGATCACGCCACTGCACTCCAGCCTGGACAACAAGAGCAAAACTCTGTCTCAATTAAAAAAAAAAAA","GGCTGGGCGCATGGCTCACGCCTGTAATCCCAACACTTTGGGAGGCCGAGGTAGGCGGATCACAAGGTCAGGAGTTCGAGACCAGGCTGGCCAACATGGTGAAACGCCATCTCTACTAAAAATACAAAAATTAGCCTGGCATGGTGGCAGGTGCCTGTAATCCCAGCTACTCGGGAGGCTGAAGTAGGAGAATCACTTGAAACCAGAAGGCAGAGGTTGCAGTGAGCCAAGATCACGCCACTGCACTCCAGCCTGGACAACAAGAGCAAAACTCTGTCTCAAAAAAAAAAAAAAAAAAA"
"chr3","32538896","32539193","chr3","32842600","32842907","16","303704","GGCCAGGCAAAGTATCTCATGCCTGTAATCCCAACACTTTGGGAGGCCGAGGTAGGTGGATCACGAGGACAGGAGTTTGAGACCAGCCTGGCCAACATGGTGAAATCCCGTCTCTACTAAAAATACAAAAATTAGCTGGGCATGGTTGTGGATGCCTGTAATCCCAGCTACTCGGGAGGCTGAGGCAAGAGAATCACTTGAAACCGGAAGGTAGAGGTTTTCAGTGAGCTGAGATCGCACCACTGCACTCCAGCCTGGCCGACAAGAGCGAAACTCCATCTTAAAAAAAAAAAGAGAA","GGCCAGGCACAGTGTCTCACGCCTGTAATCCCAACACTTTGGGAGGCCGAGGTAGGTGGATCACGAGGACAGGAGTTTGAGACCAGCCTGGCCAACATGGTGAAATCCTGTCTCTACTAAAAATACAAAAATTAGCTGGGCATGGATGTGGATGCCTGTAATCCCAGCTACTCGGGAGGCTGAGGCAAGAGAATCACTTGGAACCGGAAGGTAGAGGTTTTCAGTGAGCTGAGATCGCACCACTGCACTCCAGCCTGGCCGACAAGAGCGAAACTCCATCTTAAAAAAAAAAAAAAAAAAAAAGAGAA"
"chr3","32549496","32549797","chr3","32853497","32853797","6","304001","GGCCAGGTGTGGTTGGCTAATGCCTGTAATCCCAACACTTTGGAAAGCAGAGGCGGGTGGATCATGAGGTCAGGAGTTCAAGACCAGCCTGGCCAACATGGTGAAACCCCGTCTCTATTAAAAATATAAAAAATTAGCCGGGCATGGTTGTAGGCACCTGTAATTCCAGCTACTTGGGAGGCTGGGTCAGGAGAATCGCTTGAAACCAGAAGACAGAGGTTGCAGTGAGCCCAGGTCACGCCACTGCACTCCAGCCTGGGCAACAAGAACGAAACTCTGTCTCAAAAAAAAAAAAAAAAGAA","GACCAGGTGTGGTTGGCTAATGCCTGTAATCCCAACATTTTGGAAAGCAGAGGCGGGCGGATCATGAGGTCAGGAGTTCAAGACCAGCCTGGCCAACATGGTGAAACCCCGTCTCTATTAAAAATATAAAAAATTAGCCGGGCATGGTTGTAGGCACCTGTAATTCCAGCTACTTGGGAGGCTGGGTCAGGAGAATCGCTTGAAACCAGAAAACAGAGGTTGCAGTGAGCCCAGGTCACGCCACTACACTCCAGCCTGGGCAACAAGAACGAAACTCTGTCTCAAAAAAAAAAAAAAAGAA"
"chr3","37119179","37119465","chr3","37582128","37582430","25","462949","GGCCGGGCACAGTGGCTCACGCCTGTAATCCCAGCACTTTGGGAGGCCGAGGTGGGTGGATCACAAGGTCAGGAGTTGGAGACCAGCCTGGCCAATGTGGTGGAACCCTGTCTGTACCAAAAAATACAAAAATTGGGCGTCTGTAATCCCAGCTACTCAGGAGGCTGAGGCAGGAGAATCACTTGAAACCAGAAGGTGGAGGTTGCAGTGAGCCGAGATCATGCCACTGCACTGTAGCCTGGGTGAAAAAAGTGAAACTCCATCTCAAAAACAAAATAACAAAAAAA","GGCCGGGCGCAGTGGCTCACGCCTGTAATCCCAGCACTTTGGGAGGCCGAGGTGGGTGGATCACAAGGTAGGGAGTTGGAGACCAGCCTGGCCAATATGGTGGAACCCTGTCTGTACCAAAAAATACAAAAATTAGCCAGGTGTGGTGGTGGGCGTCTGTAATCCCAGCTACTCAGAAGGCTGAGGCAGGAGAATCACTTGAAACCAGAAGGTGGAGGTTGCAGTGAGCCGAGATCATGCCACTGCACTGTAGCCTGGGTGAAAAAGTGAAACTCCATCTCAAAAAACAAAAATACAAAAAAA"
"chr3","37156945","37157135","chr3","37624183","37624369","8","467238","AAAATTACAAAAATTAGCCAGGCTTGGTGGCGGGCACCTGCAATCCCAGCTACTCTGGAGGCTGAGGCAGGAGAATCGCTTGAAACCGGAAGGAGGAGGTTGCACTAGTCGAGATCATGCCACTGCACTCCAGCCTGGGCGAAAGAGTGAAACTCTGTCTCAAAAAAAAGAAAAAAGAAAAAGAAAAAAAA","AAAATTACAAAAATTAGCCAGGCTTGGTGGCGGGCACCTGCAATCCCAGCTACTCTGGAGGCTGAGGCAGGAGAATCGCTTGAAACCGGAAGGAGGAGGTTGCACTAGTCGAGATCATGCCACTGCACTCCAGCCTGGGCGAAAGAGTGAAACTCCATCTCAAAAAAAAAAAAAAAAGAAAAGAAAA"
"chr3","39496613","39496881","chr3","40093118","40093376","14","596505","CTTTGGGAGGCCGAGGTGGGTGGATCATGAGGTCAGGAGTTTGAGACTAGCCTGGTCAACATGGTGAAACCCCGTGTCTACTAAAAATACAAAAATTAGCCAGGTGTGGTGGTGGGTGCCTGTAATCCCAGCTACTCAGGAGGCTGAGGCAGGAGAATCACTTGAAAACAGGAAAGCAGAAATTGCAGTGAGCCAGGATCACACACCACTGCACTCCAGCCTGGGCTAAAGAGCAAAACTCTTGTCTCAAAAAAAAAAAAAAAAAAAAA","CTTTGGGAGGCCGAGGTGGGTGGATCATGAGGTCAGGAGTTTGAGACCAGCCTGGCCAACATGGTGAAACCCCGTGTCTACTAAAAATACAAAAATTAGCCAGGTGTGGTGGTGGGTGCCTGTAATCCCAGACACTCAGGAGGCTGAGGCAGGAGAATCACTTGAAAACAGGAAAGCAGAAATTGCAGTGAGCCAGGATCACACACCACTGCACTCCAGCCTGGGCTAAAGAGCAAAACTCTAAAAAAAAAAAAAAAAA"
"chr3","39725288","39725436","chr3","40313035","40313183","5","587747","GCCAGGCACAGTGGCTCACGCCTGTAATCCCAGCACTTTGGGAGGCCAAGGCAGGTGGATCACAAGGTCAGGAGTTTGAGACCAGCCTGGCCAACATGGGGAAACCCTGTCTCTACAGGTGTAGTGGTGGATGCCTGTAATCCCAGCTA","GCCAGGCACAGCGGCTCACGCCTGTAATCCCAGCACTTTGGGAGGCCAAGGCAGGTAGATCACAAGGTCAGGAGTTTGAGACCAGCCTGGCCAACATGGGGAAACCCTGTCTCTACAGGTGTAGTGGCAGGTGCCTGTAATCCCAGCTA"
"chr3","41961536","41961843","chr3","42544894","42545187","21","583358","GGTCGGGCGCAGTGGCTCACGCCTGCAATCCCAGCACTCAGGGAGGCTGATGCACGCGGATCACAAGGTCAGGAGTTTCAGGCCAGCCTGGCCAAGAAGGTAAAACCCCATCTCTACTAAAAATACAAAAATTAGCCGCACCTGCTGGCGGGTGCCAGTAATCCCAGCTATGCCAGAGGCTGAGGCAGGAGAATTACTTGAAACCAGAAGGCGGAGGTTGCAATGAGCCAAGATCATGTCACTGCATTCCAGCCCGGGCAACAAGAGTGAAACTCCATCTCAAAAAAAAAACCACAACAACAAAAAAA","GGTCGGGCGCAGTGGCTCACGCCTGCAATCCCAGCACTCAGGGAGGCTGATGCAGGCGGATCACAAGGTCAGGAGTTTCAGGCCAGCCTGGCCAAGAAGGTAAAACCCCATCTCTACTAAAAATACAAAAATTAGCCGCACCTGCTGGCGGGTGCCTGTAATCCCAGCTATGTGGGAGGCTGAGGCAGGAGAATTACTTGAAACCAGAAGGCGGAGGTTGCAATGAGCCAAGATCATGCCACTGCATTCCAGCCCAGGCAACAAGAGTGAAACTCCATCTCAAAAAAAAAAAAA"
"chr3","43555866","43556143","chr18","59979019","59979298","49","16423153","GGCCAGGTGTGGTGGCTCACACCTATAATCCCAGCACTTTGGGAGGCCAAGGTGGGTGGATCACGAGGTCAGGGACCAGCCTGTCCAACATGGCAAAACCCCGTCTCTATTGAAAAATTACAAAAATTAGCCGGGCGTGATGGTGGACATCTGTGATCCCAGCTACTTGGGAGGCTGAGGCAGGAGAATCACTTGAACCTGAAAGGAGGAGGCTGCAGTAAGCCGAGATCGCACCATTGCACTCCAGCCTGACCTACAAGAGCGAAACTCCATCTCAA","GGCCGGATGTGGTGGCTCACGCCTGTAATCCCAGCACTTTGGGAGGCCGAGGCGGGCGGATCACGAGGTCAGGAGTTTCAGACCAGACTGGCCAACATGGTAAAACCCCGTCTCTACTAAAAATACAAAAATTAGCTGGGCGTGGTGGCGGGCGCCTCTAGTCCCAGCTACTCGGGAGGCTGAGGCAGGAAAATCCCTTGAAACTGGAAGGCAGAGGTTGCGGTGAGCCGAGATCGCACCACTGCACTCCAACCTGGGCGAAAAAGCGAAACTCCATCCC"
"chr3","46816099","46816378","chr3","46667397","46667676","4","148702","GGCCAGGCGTGGTGGCTCGCACCTGTAATCCCAGCACTTTGGGAGGCCAAGGCGGGTGGATCACGAGGTCAGGAGTTTGAGACCAGCCTGGCCAACACAATGAAACCCTGTGTTTACTAAAAATACAAAAATTAGCCAGGTGTGGTGGCACGCACCTGTAATCCCAGCTACTCAGGAGGCTGAGGCAGGAGAATTGCTTGAAACCAGAAGGCAGAGGTTGCAGTGAGCCATTGCACTCCAGGTTGGGCAACAAGAGCAAAACTCCGTCTCAAAAAGAAAA","GGCCGGGCGTGGTAGCTCGCACCTGTAATCCCAGCACTTTGGGAGGCCAAGGCGGGTGGATCACGAGGTCAGGAGTTTGAGACCAGCCTGGCCAACACAATGAAACCCTGTATTTACTAAAAATACAAAAATTAGCCAGGTGTGGTGGCACGCACCTGTAATCCCAGCTACTCAGGAGGCTGAGGCAGGAGAATTGCTTGAAACCAGAAAGCAGAGGTTGCAGTGAGCCATTGCACTCCAGGTTGGGCAACAAGAGCAAAACTCCGTCTCAAAAAGAAAA"
"chr3","47956641","47956934","chr3","47891710","47892005","8","64931","GCCGGGCACGGTGGCTCACGCCTGGTAATCTCAGCACTCTGGGAGGCCGAGGCGGGCAGATCACAAGGTTAGGAGTTCAAGACCAGCCTGGCCAACATGGTGAAACCCCGTCTCTACTAAAAATACAAAAATTAGCTGGGCATGGTGGCGGGCACCTGTAGTCCCAGCTACTCAGGAGGCTGAGCAGGAGAATTGCTTGAAACCAGAAGGAGGAGGTTGCAGTGAGCCAAGACTGCACCACTGCACTCCAGCCTGGGCAAAAGAGCGAAACTCCGTCTAGAAAAAAAAAAAAAA","GCCGGGCACGGTGGCTCACGCCTGGTAATCCCAGCACTCTGGGAGGCTGAGGCGGGCAGATCACAAGGTTAGGAGTTCAAGACCAGCCTGGCCAACATGGTGAAACCCCGCCTCTACTAAAAATACAAAAATTAGCTGGGCATGGTGGCGGGCACCTGTAGTCCCAGCTACTCAGGAGGCTGAGCAGGAGAATCGCTTGAAACCAGAAGGAGGAGGTTGCAGTTGAGCCAAGACTGCGCCACTGCACTCCAGCCTGGGCAAAAGAGCGAAACTCCGTCTGAAAAAAAAAAAAAAAA"
"chr3","48178679","48178823","chr12","129420003","129420157","32","81241324","AGCCGGGTGTGGTGGCGGGCACCTGTAATCCCAGCTACTCGGGAGGCTGAGGCAGGAGAATCACTTGAAACTGGAAGGCAGGGGTTGCAGTGAGCTGAGATGGCGCCACTGCACTCCAGCCTGGGTGAATGAGCAAAACTCCATC","TTAGCCGGGCGTGGTGGCAGGTGCCTGTAGTCCCAGCTACTCAGGAGGCTGAGGCAGGAGAATCGCTTGAAACTGGAAAGCAAAGGTTGCAGTGAGCTGAGATCACACCACCACACTCCAGCCTGGGCAACAAGAGTGAAACTCTGTCTCAAAAA"
"chr3","48530016","48530316","chr3","48475825","48476131","10","54191","GCCCGGTGCGGTGTCTCACGCCTGTAATCCCAGCACTTTAGGAGGCCGAGGCGGGCAGATCACGAAGTCAGGAGTTTGAGACCAGCCTGCCCAACATGGTGAAACCCCATCTCTACTAAAAATACAAAAATTAGCTGGGCATGGTGGCGCGTGCCTGTAATCCCAGCTACTCAGGAGGCTGAGGCAGGAGAACTGCTTGAACTGGGACCCGGAAGGTGGAGGTTGCAGTGAGCCGAGATTGCACCATTGCACTCCAGCCTGGGCAACAAGAGTGAAACTCCGTCTAAAAAAAAAAAAAGAA","GCCCGGTGCAGTGTCTCACGCCTGTAATCCCAGCACTTTAGGAGGCCGAGGCGGGAGGATCACGAAGTCAGGAGTTTGAGACCAGCCTGCCCAACATGGTGAAACCCCATCTCTACTAAAAATACAAAAATTAGCTGGGCATGGTGGCGCGTGCCTGTAATCCCAGCTACTCAGGAGGCTGAGGCAGGAGAACTGCTTGAACTGGAACCCGGAAGGTGGAGGTTGCAGTGAGCCGAGATTGCACCATTGCACTCCAGCCTGGGCAACAAGAGTGAAACTCCGTCTGAAAAAAAAAAAAAAAAAAGAA"
"chr3","48791923","48792214","chr3","48724364","48724657","7","67559","GGCCGGGTGTAGTGGCTCACGCCTGTAATCCCAGCACTTTGGGAGGCTGAGACAGGCGGATCATGAGGTCAGGAGTTCGAGACCAGCCTGGCCAACCTGGTGAAACTCCATCTCTACTAAAAATACAAAAATTAGCCGGGTGTGGTGGCAGGCATCTGTAATCCCAGCTACTTGGGAGGCTAAGGCAAGAGAATGGCTTGAAACCGGAAGGTGGATGTTGCAGTAAGCCAAGATCTCGCCACTGCACGCCAGCCTGGGTGGACGAACGAAACTCCATCTCAAAAAAAAGAAA","GGCCAGGTGTAATGGCTCACGCCTGTAATCCCAGCACTTTGGGAGGCTGAGACAGGCGGATCATGAGGTCAGGAGTTCGAGACCAGCCTGGCCAACCTGGTGAAACTCCATCTCTACTAAAAATACAAAAATTAGCCGGGTGTGGTGGCAGGCACCTGTAATCCCAGCTACTTGGGAGGCTAAGGCAAGAGAATGGCTTGAAACCGGAAGGTGGATGTTGCAGTAAGCCAAGATCTCGCCACTACACGCCAGCCTGGGTGGATGAACGAAACTCCATCTCAAAAAAAAAAGAAA"
"chr3","48815926","48816215","chr3","48761968","48762262","9","53958","GGCCGGTCGTGGTGGCTGATGCCCGTAATCCCAGCACTTTGGGAGGCTGAGGCGGGCGGATCACAAGGTCAGGAGTTCGAGTCCAGCCTGGCCAACATGGTGAAACACTGTCTCTACCAAAAATACAAAAATTAGCCAGGCGTGGTGGCGGGTGCCTGTAATCCCAGCTACTAGGGAGACTGAGACAGGAGAATCATTTGAATCCGGGAGGTGGAGGTTGTAGTGAGCAGAGATCATGCCATTGCACTCCAGCCTGGGCAACAAGAGCAAGACTCTGTCTCAAAACAAAA","GGCCGGTCGGGGTGGCTGATGCCTGTAATCCCAGCACTTTGGGAGGCTGAGGCGGGCGGATCACAAGGTCAGGAGTTCGAGTCCAGCCTGGCCAACATGGTGAAACACTGTCTCTACCAAAAATACAAAAATTAGCCAGGCGTGGTGGCGGGTGCCTGTAATCCCAGCTACTAGGGAGACTGAGACAGGAGAATCATTTGAATCCAGGAGGTGGAGGTTGTAGTGAGCAGAGATCATGCTATTGCACTCCAGCCTGGGCAACAAGAGCAAGACTCTGTCTCAAAACAAAACAAAA"
"chr3","49053769","49054081","chrX","79875759","79876064","44","30821990","GGCCAGGCACGGTGGCTCACGCCTGTAATCCCAGCACTTTGGGAGGCCAAGGTGGGTGGATCATGAGGTCAGTAGTTCAAGACCAGCCTGGCCAACATAGTGAAACCCCGTCTCTACCAAAAATACAATAAAGTAGCTAGGATTACTGGCCATGGTGGCGGGCTCCTGTAATCCCAGCTACTCAGGAGGCTGAGACACGAGAATCACTTGAAACCTGAAAGCAGAGGTTGCAGTGAGCCAAGATCATACCACTGCACTCCAGCCTGGGCGACAAAGCAAGACTCTGTCTCCAAAAAAAAAAAAGAAAAGAAAA","GGCCGGGCGCGGTGGCTCACGCCTGTAATCTCAGCACTTTGGGAGGCCAAGGCAGGTGGACCATGAGGTCTGGAGTTCGTGACCAGCCTGGCCAACATGGTGAAACCCTGTCTCTACTAAAAATACAAAAAGAATTAGCCAGGCGTGGTGGCGGGCACCTGTAATCCCAGCTACTTAGGAGGCTGAGGCAGGATAATCGCTTAAAACCGGAAGGCAGAGGTTGCAGTGAGCCACGATCATGCCACAGCACTCCAGCCTGGGCAACAAGAGAAAAACTCCGTCTCCAAAAAAAAAAAAAAAAAAAAA"
"chr3","49479495","49479789","chr3","49442755","49443053","15","36740","GGTCGGGCACAGTGGCTCAGCCTGTAATCCCAGCATTTTGGGAGGCTGAGGCGGGCAGATCACAAGGTCAGGAGCTCGAGACCAGTCTGGCCAACATGGTGAAACCCCATCTCTACTAAAAATACAAAAATTAGCCGGGCATGGTGGCCGGCACCTGTAATCCCAGCTACTCAGGAAGCTGAGGCAGGAGAATTGCTTGAACCCAGGAGGCGGAGGTTGCAGTGAGCAGAGATTGTGCCACTGCACTCCAGCCTGGGCAACAGGAGAGAAACTCCATCTACAAAAAAAAGTAAAA","GGTTGGGCGCAGTGGCTCATGCCCGTAATCCCAGCATTTTGGATGGCTGAGGCGGGCAGATCACAAGGTCAGGAGCTCGAGACCAGCCTGGCCAGCATGGTGAAACCCCATCTCTACCAAAAATACAAAAATTAGCCGGGCATGGTGGCCGGCACCTGTAATCCCAGCTACTCAGGAAGCTGAGGCAGGAGAATTGCTTGAACCCAGGAGGCGGAGGTTGCAGTGAGCAGAGATTGTGCCACTGCACTCCAGCCTGGGCAACAGGAGAGAAACTCCATCTCAAAAAAAAAAAAAAAAAA"
"chr3","49866367","49866568","chr19","52927849","52928049","22","3061482","GGCTGGGCATAGTGGCTCATGCCTTTAATCCCAGCACTTTGGGAGGCTGAGGCGGGCGGATCACGAGGTCAGGAGTTTGAGACCAGCCTGACCAACATGGTGAAACCCCGTCTCTACTAAAAATATAAAAGTTAGCCAGGCGTGGTGGCGGGCACCTGTAATCCCAGCTACTCAGGAGGCTGAGGCAAGAGAATGGCTTGAA","GCCAGGCAAGGTGGCTCACGCCTGTAATCCCAGTACTTTGGGAGGCCGAGGCGGGTGGATCACGAGGTCAGGAGTTGGGGACCAGCCTGACCAACATGGTGAAACCTCGTCTCTACTAAAAATACAAAAATTAGCCAGGCGTGGTAGCAGGCGCCTGTAATCCCAGCTACTTGGGAGGCTGAGGCAGGAGAATCGCTTGAA"
"chr3","50061742","50061910","chr16","76972112","76972280","22","26910370","GGCCGGGCGAGGTGGTGCACTTCTGTAATCCCAGCACTTTGGGAGGCCAAGGCAGGCGGATCACAAGGTCAGGAGTTTGAGACCAGCCTGGCCAATATGATGAAACCACGTCTCTACTAAAAATACAAAATTAGCTGGGCATGGTGGCGGGTACCTGTAATCCCAGCTA","GGCCGGGCACGGTGGCTCATGCCTGTAATCCCAGGACTTTGGGAGGCCAAGGCGGGTGGATCACAAAGTCAGGAGTTCGAGACCAGCCTGGCCAATATGGTGAAACCCCGTCTCTACTAAAAATATAAAAATTAGCTGGGTGTGGTGGCAGGCGCCTGTAATCCCAGCT"
"chr3","50080613","50080811","chr3","50049483","50049678","9","31130","GGCCGGGTGCGGTGGCTCATGCCTGTAATCCCAGCACTTTGGGATAAGGAGGCAGGTGGATCATGATGAGGTCAGGAGTTCAAGACCAGCCTGGCCAACATAGTGAAACCCCGTCTCTATTAAAAGCATAAAAAATTAGCCGAGTGTGTTGGCAGGCACCTGGAATCCCAGCTACTCAGGAGGCTGGGGCAGGAGAATC","GGCCGGGTGCGGTGGCTCATGCCTGTAATCCCAGCACTTTGGGATGAGGAGGCAGGCGGATCACGAGGTCAGGAGTTCAAGACCAGCCTGGCCAACATAGTGAAACCCCGTCTCTATTAAAAGTATAAAAAGTTAGCCAAGTGTGTTGGCAGGCACCTGGAATCCCAGCTACTCAGGAGGCTGGGGCAGGAGAATC"
"chr3","50577482","50577599","chr4","61786568","61786682","24","11209086","GGCCAGGCGCAGTGGCTCACACCCGTAATCCCAGTACTTTGGGAAGCCAAGGCAGGTGGATCACAAGGTCAGGAGTTCAAGCCAGCCTGGCCAACAAAGTGAAACCCCGTNTCTAGTA","GGCCGGGCACGGTGGCTCATGCCTGTAATCACAGCACTTTGGGAGGCTGAGGCGGGTGGATCATAAGGTCAGGAGTTTGAGACCAGCCTGGCCAACATGGTGAAACCCCCTCTCT"
"chr3","50577647","50577865","chr5","58752170","58752381","62","8174523","ACAANNNNNNNNNNNNNNNNNNNNCTCAAAAAAAAAAAAAAAAAAAAAATTGCTGGGCATGGTGACATGCCTGTAAATCCCAACTAATCGGGAGGCTGAGGCAGGGGAATCACTTGAATCCGGGAGGTGGAGGTTGCAGTGAGCTGGGATCACGCCATTGCACTCCAGCCTGGGCAACAAGAGCAAAAACTCATCTCAAAAAATAAATAAATAAAATAA","AACATGGTGAAACCCCGTATCTACTAAAAATACAAAAAAATTAGCTGGGTGTGGTGGCGGGCACCTGTAATCCCAGCTACTTGGGAGGCTGAGGCAGCAGAATCGCTTGAAACCAGAAGGCGGAGGTTGCAGTGAGCTGAGATTGCGCCACCGCACTCCAGCCTGGGCAATAAGAGCAAAACTCCGTCTCAAAAAATAAAAAATAAAAAAAA"
"chr3","52260686","52260961","chr3","52127415","52127690","5","133271","GGCCAGGCACGGTGGCTCACGCCTGTAATCCCAACATTTTGGGAGGCCAAGGCAGGCAGATCACGAGGTCAGGAGTTCAAGATTAGCCTGGCAAACATGGTGAAACCCCATTTCTAATAAAAATACAAAAATTAGCTGGGCATGGTGGTGGGCACCTGTAATCCCAGCTGCTCGGGAGGCTGAGGCAGGAGAACAGCTTGAAACCGGAAGGCGGAGGTTACAGTGAGCTGAGATCGCATCACTGCACTCCAGTCTGGGCGAAAGAGCAAAACTCCG","GGCCAGGCACGGTGGCTCACGCCTGTAATCCCAACATTTTGGGAGGCCAAGGCAGGCAGATCGTGAGGTCAGGAGTTCAAGATTAGCCTGGCAAACATGGTGAAACCCCATTTCTAATAAAAATACAAAAATTAGCTGGGCATGGTGGTGGGCACCTGTAATCCCAGCTGCTTGGGAGGCAGAGGCAGGAGAACAGCTTGAAACCGGAAGGCGGAGGTTACAGTGAGCTGAGATCGCATCACTGCACTCCAGTCTGGGCAAAAGAGCAAAACTCCG"
"chr3","52719089","52719363","chr3","52585515","52585790","4","133574","CACGCCTGTAATCTCAACACTTTGGGAGGCTGAGGTGGGTGGATCACGAGGTCAGGAGTTTGAGACCAGCCTGATCAACGTGGTGAAACCCTGTCTCTATTAAATATACAAAAATTAGCCAGGCATGGTGGCGGGCGCCTGTAATGCCAGCTACTTGGAAGGCTGAGGCAGGAGAATCGCTTGAAACCAGAAAGTGGAGGTTGCAGTGAGCCGAGATTGCGCCACTGCACTTCAGCCTGGGTAACAAGAGGGAAACTCCATCTCAAAAAAAAGAA","CACGCCTGTAATCTCAACACTTTGGGAGGCTGAGGTGGGTAGATCACGAGGTCAGGAGTTTGAGACCAGCCTGACCAACGTGGTGAAACCCTGTCTCTATTAAATATACAAAAATTAGCCAGGCATGGTGGCGGGCGCCTGTAATGCTAGCTACTTGGAAGGCTGAGGCAGGAGAATCGCTTGAAACCAGAAAGTGGAGGTTGCAGTGAGCCGAGATTGCGCCACTGCACTTCAGCCTGGGTAACAAGAGGGAAACTCCATCTCAAAAAAAAAGAA"
"chr3","53165684","53165822","chr14","57584255","57584397","26","4418571","AGCTACTCGGGAGGCTGAGGCAAGAGACTCGCTTGAAACCGGAAGGCGGAGGTTGCAGTGGGCGGAGATTGTGCCACTGCCCTCCAGCCTCGGTGGAAGAGCGAAACTCCGTCTCAAACAAAAAAAAAAAGAAAAAGAA","GCTGCTTGGGAGGCTGAGGCAGGAGAATCGCTTGAAACTGGAAGGGGGAGGTTGCAGTGAGCTGAGATCGCGCCACTGCACTCCAGCCTGGGCAACAAGAGCGAAACTCGATATCTCAAAAAAAAAAAAAAAAAAAAAAAAAA"
"chr3","53805976","53806280","chr14","73238388","73238687","38","19432412","GGCTGGGCACGGTGGCTCATGCCTGTAATCCCAGCACTTTGGGAGGCCAAGGCGGGCAAATCATGAGGTCAGTAGTTCAAGACCAGCCTGGCCAACATGATGAAACCCTGTCTCTACTAAAAATAAAAAAAATTAGCCGGGTGTGGTGGCAGGTGACTGTAATCCCAGCTACTCGGGAGGCTGAGGCAGGAGAATCACTTGAAACCAGAAGGCGGAGATTGTAGTAAGCAGGGATTACACCACTGTACTCCAGCCTGGGCAAAAGAGTGAAACTCTGTCTCACAAAAAAAAAAAAAAAAAAAAAA","GGCTGGGCACGGTGGCTCATGCCTGTAATCCCAGCACTTTGGGAGGCGAGGCGGGTGGATCACGAGGTCAGGAGTTCGAGACCAGCCTGGCCAACATGGTGAAACCCCGTCTCTACTAAGAATACAAAAATTAGATGGGTGTGGTGGCGGACGCCTGTAATCCCAGCTACTTGGGAGGCTGAGGCAGGAGAATCGCTTGAAACCAGAAGGCGGAGGTTGCAGTGAGCTGAGATTGCGCCACTGCACTCCAGCCTGGGCAACAGGAGTGAAACTCCATCTCAAAAAAAAAAAAAAAACAAA"
"chr3","58248183","58248371","chr3","58204849","58205041","6","43334","GTGAAACCCGGTCTCTTCTAAAAATACAAAAATTAGCTGGGCGTGGTGGCGGGCGCCTGTAATCCCAGCTACTCGGGAGGCTGAGGCAGGAGCATCACTTGAAACTGGAAGGTGGAGGTTGCAGTGAGCCGAAATTGCACCACTGCACTCCAGCCTGGGCGAAAGAGTGAAACTCCATCTCAAAAAAAA","GTGAAACCCCGTCTCTTCTAAAAATACAAAAATTAGCTGGGCGTGGTGGCGGGCGCCTGTAATCCCAGCTACTCGGGAGGCTGAGGCAGGAGCATCACTTGAAACTGGAAGGTGGAGGTTGCAGTGAGCCGAAATTGCACCACTGCACTCCAGCCTGGGCGAAAGAGTGAAACTCCCTCTCAAAAAAAAAAAA"
"chr3","58258224","58258519","chr3","58215463","58215758","9","42761","GCTGGGCGCAGTGGCTCACGCCTGTAATCCCAGCACTTTTGGAGGCTGAGGCGGGCGGATCACGAGGTCAGGAGTTTGAGACCAGCCTGGCCAACATGGTGAAACCCCATCTCTACTAAAAATACAAAAATCAGCTGGGTGTGGTGGCGGGCACTTATAATCCCAGCTACTCGGGCAGCTGAGGCAGGAGAATCGCTTGAAACTGGAAGGCGGAAGTTGCAGTGAGCCGAGATCGTACCATTGCACTCCAGCCTGGGTGAAAGAGCGAAACTATGTCTACACAAAAAAAAAAAAAA","GCTGGGCGCAGTGGCTCACGCCTGTAATCCCAGCACTTTTGGAGGCCGAGGCGGGCGGATCACGAGGTCAGGAGTTTGAGACCAGCCTGGCCAACATGGTGAAACCCCATCTCTACTAAAAATACAAAAATTAGCTTGGTGTGGTGGCGGGCACTTATAATCCCAGCTACTCGGGCAGCTGAGGCAGGAGAATCGCTTGAAACTGGAATGTGGAAGTTGCAGTGAGCCGAGATCGTACCATTGCACTCCAGCCTGGGTGAAAGAGCGAAACTACGTCTCAAAAAAAAAAAAAAAAA"
"chr3","63507219","63507536","chr3","63252201","63252517","6","255018","GGCTGAGTGCAGTGGCTCACACCTGTTGTCCCAGCACTTTGGGAGGCTGAGGTGGGTAGATCACGAGATCAGTTGGAGACCAGCCTGGCCAACATGGTGAAACCCCGTCTCTACTAAAAAAAAAACAAAAATTAGCTGGGCGTGGTGGTGCGTGCCTGTAATCCCAGCTACTCCCAGCTACTTGGGAGACTGAAGCAGGAGAATCGCTTGAACCTGGAAGGCGGAGGTTGCAGTGAGCCGAGATCATGCCACTGCACTCCAGGCTGGGCAACAAGAGTAAAACTCCGTCTCGAAAAAATGAAAATATAATAAAATAAA","GGCTGAGTGCGGTGGCTCACACCTGTTATCCCAGCACTTTGGGAGGCTGAGGTGGGTAGATCACGAGATCAGTTCGAGACCAGCCTGGCCAACATGGTGAAACCCCGTCTCTACTAAAAAAAAACAAAAATTAGCTGGGCGTGGTGGTGCGTGCCTGTAATCCCAGCTACTCCCAGCTACTTGGGAGACTGAAGCAGGAGAATCGCTTGAACCTGGAAGGCAGAGGTTGCAGTGAGCCAAGATCATGCCACTGCACTCCAGGCTGGGCAACAAGAGTAAAACTCCGTCTCGAAAAAATGAAAATATAATAAAATAAA"
"chr3","63871803","63872098","chr3","63631448","63631756","21","240355","GGCTGGGTGCAGTGGCTCACGCCTGTAATCCCAGCACTTTGGGAGGCTGAGGCAGGCAGATTATGAGGTCAGGAGTTTGAGACCAGCCTGGCCAACATAGTGAAACCCCCTCTCTACTAAAAATACAAAAATTAGCTGGACGTGGCGGCAGACTCCTGTAATCCCAGCTACTCCGGAGGCTGAGGCAGGAGAATTGCTGGAAATGGGAAGGCAGAGGTTGCAGTGAGCTGAGATCGCACCACTGCACTCCAGCCTGGGAGAAAGAGCGAAACTCCATCTACAAAAAAAAAAAAAAA","GGCTGGGCGCAGTGGCTCACGCCTATAATCCCAGCACTTTGGGAGGCTGAGGTGGGCAGATTATGAGGTCAGGAGTTTGAGACCAGCCTGGCCAACATGGTGAAACCCCCTCTCTACTAAAAACACAAAAATTCGCTGGACGTGGCGGCAGACTCCTGTAATCCCAGCTACTCCGGAGGCTGAGGCAGGAGAATTGCTGGAAATGGGAAGGCAGAGGTTGCAGTGAGCTGAGATCGCACCACTGCACTCCAGCCTGGGAGAAAGAGCGAAACTCCATCTCAAAAAAAAAAAAAAAAAAAAAAAAAAAAA"
"chr3","70544271","70544576","chr3","70292959","70293270","16","251312","GACCGGGCTCGTTGCTCACACCTGTAATCTGTAATCCCAGCACTTTGGGAGGCCGAGGATGGTGGATCATGAGGTCAGGAGTTCAACACCAGCCTGGCCAACATGGTGAAACCCCGTCTCTACTAAAAAATACAAAAATTAGCCGGGCGTGGTGGTGGGCACATGTAATCCCAGTTACTCGGGAGGCTGAGGCAGGAGAATTGCTTGAACCCAGATAGCAGAGGGTGCAGTGAGCCGAGATCGCACTACTGCACTCCAGCCTGGGCAACGAGAGTGAAACTCTGTCTCAAAAAAAAAAAAAAAAAA","GGCCGGGCTTGTTGCTCACACCTGTAATCTGTAATCCCAGCACTTTGGGAGGCCGAGGATGGTGGATCATGAGGTCACGAGTTCAACACCAGCCTGGCCAACATGGTGAAACCCCGTCTCTACTAAAAAATACAAAAATTAGCTGGGCGTGGTGGCAGGCACATGTAATCCCAGTTACTCGGGAGGCTGAGGCAGGAGAATCGCTTCAACCCAGAGAGCAGAGGTTGCAGTGAGCCGAGATCGCACTACTGCACTCCAGCCTGGGCAACGAGAGTGAAACTCTGTCTCAAAAAAAAAAAAAAAAAAAAAGAA"
"chr3","72182144","72182416","chr3","71934688","71934960","4","247456","GGCCGGGCGCTGTGGCTCACAACTGTAATCTCAGCACTTTGGGAGGCCCAGAAGGGTTGATCACAAGGTCAGGAGTTCAAGACCAGCCTGGCCAACATGGTGAAACCCCCATCTCTACTAAAAATACAAAACTTAGCTGGGCGTGGTGGCAGGCGCCTGTAATCCCAGCTATTCAGGAGGCTGAGGCAGGAGAATCGCTTGAAACTGGAAGGCTGAGGTTGCAGTGAGCTGAGATGGTGCCACGGCACTCCAGCCTGGGCAACAAGAGTGAAA","GGCCGGGCGCTGTGGCTCACAACTGTAATCTCAGCACTTTGGGAGGCCCAGAAGGGTTGATCACAAGGTCAGGAGTTCAAGACCAGCCTGGCCAACATGGTGAAACCCCCATCTCTACTAAAAATACAAAACTTAGCTGGGCGTGGTGGCAGGCGCCTGTAATCCCAGCTATTCAGGAGGTCGAGGCAGGAGAATCGCTTGAAACTGGAAGGCTGAGGTTGCAGTGAGCCGAGATGGTGCCACGGCACTCCAGCCTGGACAACAAGAGTGAAA"
"chr3","78712274","78712475","chr3","78181944","78182145","4","530330","GGCCAGGTGCGGTGGTTCACGCCTGTAATCCTAGCACTTTGGGAGGCTGAGGAGGGCAGATCATGAGGTCAGGAGTTCGATATCAGCCTGGCCAATATTGCGAAACCCCGTCTCTACTAAAAATACAAAAATTAGCCAGGCGTGGTGGCAGGCACCTGTAATCCCAGCTACTTGGGAGACTGAGGCAGAAGAATGGCGTGAA","GGCCAGGTGCGGTGGTTCACGCCTGTAATCCTAGCACTTTGGGAGGCTGAGGAGGGCGGTTCATGAGGTCAGGAGTTCGATATCAGCCTGGCCAACATTGCGAAACCTCGTCTCTACTAAAAATACAAAAATTAGCCAGGCGTGGTGGCAGGCACCTGTAATCCCAGCTACTTGGGAGACTGAGGCAGAAGAATGGCGTGAA"
"chr3","86810509","86810815","chr3","86138743","86139049","9","671766","GGCCCGGCGCGGTGGCTCATGCCTGTAATCCCAGCCCTTTGGGAGGCCGAGGCGGGTGGATCACGAGGTCAGGAGATTGAGACCATCCAGGCTAACACGATGAAACCCCGTCTCTACTTAAAATACAAACATTAGCTAGGCGTGGTGGCGGGTGCCTTTAGTCCTAGCTACTTGGGAGGCTGAGGCAGAAGAATCGTTTGAAACCAGAAGGCGGAGGTTGCAGTGAGCTGAGATACTGCGGCTGCATTCCAGCCTGGGCAACAAGAGCGAAACTCCCATCTCAAAGAAAAAAAATAAATAAATAAAA","GGCCGGGCGCGGTGGCTCATGACTGTAATCCCAGCCCTTTGGGAGGCCGAGGCAGGTGGATCACGAGGTCAGGAGATCGAGACCATCCAGGCTAACACGGTGAAACCCCGTCTCTACTAAAAATACAAACATTAGCTAGGCGTGGTTGCGGGTGCCTTTAGTTCTAGCTACTTGGGAGGCTGAGGCAGGAGAATCGTTTGAAACCAGAAGGCGGAGGTTGCAGTGAGCTGAGATACTGCGGCTGCATTCCAGCCTGGGCAACAAGAGCGAAACTCCCATCTCAAAGAAAAAAAATAAATAAATAAAA"
"chr3","90295036","90295326","chr3","89675563","89675856","8","619473","GGCTGGGCACAGTGGCTCATGCCTGTAATCCCAGCACTTTGGGAGGCTGAAGTGGGCAGATCATGAGGTCAGGAGTTGTAGACCAGCCTGGCCAACATGGTGAAACCCCATCTCTACTAAAAATACAAAAATTAGCCAGGTGTGGTGGTAGGCGCCTGTAATCCCAGCTACTTGGGAGGCTGAGGCAAGAGAATTGCTTAAAACCGAAGGCGGAGTTTGCAGTGAGCCGAGATCATGCCACTGCACTCCAGCCTGGGTGGAAGGGTGAAACTCTGTCTCAAAAAAAAAAAA","GGCTGGGCACAGTGGCTCATGCCTGTAATCCCAGCACTTTGGGAGGCTGAAGTGGGCAGATCACAAGGTCAGGAGTTGTAGACCAGCCTGGCCAACATGGTGAAACCCCATCTCTACTAAAAATACAAAAATTAGCCGGGTGTGGTGGTAGGCGCCTGTAATCCCAGCTACTTGGGAGGCTGAGGCAAGAGAATCGCTTAAAACCAAAGGCGGAGTTTGCAGTGAGCCGAGATCATGCCACTGCACTCCAGCCTGGGTGGAAGGGTGAAACTCTGTCTCAAAAAAAAAAAAAAA"
"chr3","99178887","99179175","chr3","96632064","96632351","7","2546823","GGCTGGATGCGGTGGCTCACACCTGTAATCCCAGCACTTTGGGAGGCTGAGGCAGGTGGATCACCAGGTCAGGAGTTCGAGACCAGCCTCCCCTGAAACCCTGTCTCTACTAAAAATACAAAAATTGGCAGGACATGGTGTTGAGTGCCTATAATCCCAGCTACTCAGGAGGCTGAGGAAAGAGAAGTACTTGAAACCATAAGGCGGAGGTTGCAGTGAGCCAAGATCATGCCACTGCACTCCAGCCTGGTCAACAAAAGCAAAACTCTGTTTACAAAAAAAAAAAAAA","GGCCGGATGCGGTGGCTCACACCTGTAATCCCAGCACTTTGGGAGGATGAGGCAGGTGGATCACCAGGTCAGGAGTTCGAGACCAGCCTCCCCTGAAACCCTGTCTCTACTAAAAATACAAAAATTGGCAGGACATGGTGTTGAGTGCCTATAATCCCAGCTACTCGGGAGGCTGAGGAAAGAGAATCACTTGAAACCATAAGGCGGAGGTTGCAGTGAGCCAAGATCATGCCACTGCACTCCAGCCTGGTCAACAAAAGCAAAACTCTGTCTCAAAAAAAAAAAAAA"
"chr3","99673986","99674283","chr3","97117050","97117347","11","2556936","GGCGAGGCGCGGTGGCTCATGCCTTTAATTCCAGCACTTTGGGAAGCTGAGGCAGGCGGTTCGTGAGGCCAGGAGTTTGAGACCAACCTGGCCAACATGGTAAAACCCCGTCTCTACTAAAAATACAAAAAAATTAGCTGGGCATAGTGGCGGGCTCCTGTAATCCCAGCTACTCAGGAGGCTGAGGCAGGAGAATTGCTTGAACCTGGGAAGATGGAGGTTGCAGTGAGCTGAGATTGCGCCACTGCATTCCAGCCTGGGCAATAAGAGCGATACTCCATCTCAAAAAAGAAAAAAA","GGCGGGGCGCGGTGGCTCATGGCTTTAATTCCAGCACTTTGGGAGGCTGAGGCGGGCGGATAGTGAGGCCAGGAGTTTGAGACCAACCTGGCCAACATGGTAAAACCCCGTCTCTACTAAAAATACAAAAAAAATTAGCTGGGCATAGTGGCGGGCTCCTGTAATCCCAGCTACTCAGGAGGCTGAGGCAGGAGAATTGCTTGAACCTGGGAAGATGGAGGTTGCAGTGAGCTGAGATTGTGCCACTGATTCCAGCCTGGGCAATAGGAGCGATAGTCCATCTCAAAAAAGAAAAAAA"
"chr3","102606141","102606442","chr3","100073367","100073670","6","2532774","GGCTGGGCACGGTGGGTCACGCCTGTAATCCCAGCACTTTCGGTGGCCGAGGCGGGTGGATCACGAGGTCAGGAGTTCGAGACCAGCCTGGCCAACATGGTGAAACCCCGCCTCTACTAAAAATACAAAAGTTAGCCAGGCGTGGTGCCACACACCTGTAATCCCAGCTACTTGGGAGGCTGAGACTGGAGAATCGCTTGAAACCAGAATGCAGAGGTTGCAGTGAGCCGAGATCACGCCACTGCACTCCAGCCTGGGCAATGAGAGCGAAACTCTGTCTCAAACAAAACAAAACAAAAAAA","GGCTGGGCACGGTGGGTCACGCCTGTAATCCCAGTACTTTCGGTGGCCGAGGTGGGTGGATCACGAGGTCAGGAGTTCGAGACCAGCCTGGCCAACATGGTGAAACCCCGCCTCTACTAAAAATACAAAAGTTAGCCAGGCGTGGTGCCACACACCTGTAATCCCAGCTACTTGGGAGGCTGAGACCGGAGAATCGCTTGAAACAAGAATGCAGAGGTTGCAGTGAGCCGAGATCACGCCACTGCACTCCAGCCTGGGCAATGAGAGCGAAACTCTGTCTCAAACAAAACAAAACAAAACAAAA"
"chr3","110805251","110805534","chr12","131995458","131995740","37","21190207","GGCCAGGCGCGGTGGCTTTCACCTGTGGTCCCAGCACTTTGGGAGGCCGAGGCGGGCAGATCACAATGTCAGGAGTTCAATACCAGCCTGGCCAACATGGTGAAAACCCATCTCTACTAAAAATACAAAAATTAGCCAGGCATGGTGGCCGGGGCCTGTATTCCCAGCTACTCGGGAGGCTGAGGTGGAGAATCGCTTGAAACTGGAAGGCGGAGGTTGCAGTGAGCCAAGATCGCGCCATTGCACTCCAGCCTGGGCAACAAAAGAAAAACTCTGTCTCAAAA","GGCCAGACACGGTGGCTCACGCTTGTAATCCCAGCACTTTGGGAGGCCGAGGGGGGCAGATCACAAAGTCAGGATTTCGAGACCAGCCTGGTCAACATGGTGAAACCCCGTCTCTACTAAAAATACAAAAATCAGCCAGGTGTGATGGCGGGCACCTGTAATCCCAGCTAATCGGGAGGCTGAGGCAGGAGAATCGCTTGAAACTGGAAGGTGGAGGTTGCAGTGAGCCTAGATCGCGCCACTGCACTCCAGCCTGGGCGAAAGAGCGAAACTCCGTCTCAAA"
"chr3","110876234","110876537","chr1","78331382","78331682","37","32544852","GGCCGGGCACGGTGGCTCGCGCCTGTAATCCCAACACTTTGGGAGGCCAAGGTGGGCAGATCACAAGATCAGGAGTTCAAGACCAGCCTGGCCAACACGGTGAAACCCCGTCTCTACTAAAAATACAAAAATTAGCCAGGTGTGGTGGTGTGTGCCTGTAATCCCAGCTACTCGGGAGGCTCAGGCAGGAGAATTGCTTGCACCTGGAAGGTGGGGGTTGCAGTGAGCTGACATTATGCCACTGCTCTCTAGCCTGGGCAACAAGAGTGAAACTCCATCTCAAAAAAAAAAGAAAAAAAGAAAA","GGCCGGGCATGGTGGCTCACACCTTTAATTCCAGCACTTTGGGAGGCCAAGGTGGGCGGATCACAAGGTCAGGAGTTCGAGACCAGCCTGGCCAACATGGTGAAACCCAGTCTCTACTAAAAATACAAAAATTAGCCAGTCATGGTGGCAGGCACCTGTAATCCCAGCTACTTGGGAGGCTGAGGCAGGAGAATTGCTTGAAACTGGAAGGCAGAGGTTGCAGTGAGCCGAGATTGCGCCACTGCACTCCAGCCTGGGCAACAAGAGCGAAACTCCATCTCAAGAAAAAAAAAAAAAAAAA"
"chr3","112359666","112359959","chr3","109689038","109689332","10","2670628","GGCCAGGCGTGGTGGCTCACGGCTGTAATCTCAGTAATTTGGGAGGCCGAGGCGGGTGGATCACGAGGTAAGGAGTTCGAGACCAGCCTGGCCAACATGGTGAAACCCCATCTCTACTAAAAATACAAAAATTAGCCGGGCCTGGTGGCAGGCGCCTGTAATCCCAGCTACTCAGGAGGCTGAGGCAGGAGAATCACTTGAAACAAGAAGACGGAGGTTGCAGTCAGCCAAGATCACACCACTGCACTTCAGTCTGGGCAATAAGAGTGAAACTCTGTCTCAAAAAAAAAAAAA","GGCCGGGCGTGGTGGCTCACGGTTGTAATCCCAGTAATTTGGGAGGCCGAGGCGGGTGGATCATGAGGTAAGGAGTTCGAGACTAGCCTGGCCAACATGGTGAAACCCCATCTCTACTAAAAATACAAAAATTAGCCGGGCCTGGTGGCAGGCTCCTGTAATCCCAGCTACTCGGGAGGCTGAGGCAGGAGAATCACTTGAAACAAGAAGACGGAGGTTGCAGTCAGCCAAGATCACGCCACTACACTTCAGTCTGGGCAATAAGAGTGAAACTCTGTCTCAAAAAAAAAAAAAA"
"chr3","113063959","113064127","chr3","110433832","110434000","8","2630127","CCAGGCGTGGTGGTGGGCACCTGTAATCTCAGCTGTTCTAGAGACTGAGGTAGGATAATTGCTTGAAACTGGAAGGTGGAGGTTGCAGTGAGCCAAGATCACACCACTGCATTCCAGCCTGGGTGAAAGAGCGAAACTCCATCTCAAAAAAAAATAAAATAAAAAGAAA","CCAGGCGTGGTGGTGGGCACCTGTAATCTCAGCTGTTCTGGAGACTGAGGTAGGATAATTGCTTGAAACTGGAAGGTGGAGGTTGCAGTGAGCCAAGATCACACCACTGCCCTCCAGCCTGGGTGAAAGAGCGAAATTCCATCTCAGAAAAAATAAAAAGAAAAAGAAA"
"chr3","113348621","113348920","chr3","110738582","110738884","12","2610039","GCTGGGCGCGGCGGCTCATGCCTGTAATCTCAGCACTTTGGGAAGCCAAGGTGGGTGGATCACGAGGTCAGGAGTTCAAGAGCAGCCTGGCCAATACGGTGAAACCCTGTCTCTACTAAAAATACAAAATTAGTCAGGCATGGTGGCGGGTGCCTGTAATCCCAGCTACTTAAGAGGCTGAGGCCGGAGAATCGCTTGAAGCCAGGAGGTGGAGGTTGCTGTGAGCCGAGATTGCACCACTGTACTCCACCCTGGACAACAAGAGCGAAACTCCATCTCAAAACAAACAAAAAACAAAAA","GCTGGGCGCGGCAGCTCATGCCTGTAATCTCAGCACTTTGGGAAGCAGAGGTGGGTGGATCACGAGGTCAGGAGTTCAAGAGCAGCCTAGCCAATACGGTGAAACCCTGTCTCTACTAAAAATACAAAATTAGTCGGGCATGGTGGCGGGTGCCTGTAATCCCAGCTACTTAAGAGGCTGAGGCCAGAGAATCGCTTGAAGCCAGGAGGTGGAGGTTGCTGTGAGCCAAGATTGCACCATTGTACTCCAGCCTGGACAACAAGAGCGAAACTCCATCTCAAAACAAACAAAAAAACAAAAAAA"
"chr3","116918264","116918574","chr3","114348875","114349185","5","2569389","GGCCGGGCGCGGTGGCTCACGCCTGTAATCCCAGCACTTTGGGAGGCTGAGGGGGGTGGATCACAAGGTCAGGAGTTCAAGACCAGCCTGGCCAGTATGATAAAACCCTGACTCTACTAATAATATAAAAATTAGCCAGGTGTGGTGGCGGGTGCCTGTAATCCCAGCTACTCAGGAGGCTGAGGCAGGAGAATCTCTTGAACCCAGGAGGCAGAGGTTGCAGTGAGCCAAGATGGCACCACTGCACTCCAGCCTGGGCAATAAGAGCTAAACTCCGTCTCAAAAATAAATAAGTAAATAAATAAATAAAA","GGCCGGGCGCGGTGGCTCACGCCTGTAATCCCAGCACTTTGGGAGGCTGAGGGGGGTGGATCACAAGGTCAGGAGTTCAAGACCAGCCTGGCCAGTATGGTAAAACCCTGACTCTACTAATAATACAAAAATTAGCCAGGTGTGGTGGCGGGTGCCTGTAATCCCAGCTACTCAGGAGGCTGAGGCAGGAGAATCTCTAGAACCCAGGAGGCAGAGGTTGCAGTGAGCCAAGATGGCACCACTGCACTCCAGCCTAGGCAATAAGAGCTAAACTCCATCTCAAAAATAAATAAGTAAATAAATAAATAAAA"
"chr3","117524761","117525053","chr3","114982463","114982765","16","2542298","GCCAGGTGCGGTGGCTCACGCCTGTAATCCCAACACTTTGGGAGGCCAAGGCAGGCAGATCATGAAGTCAGGAGTTCGAGACCAGGCTGGCCAACATGGTGAAACCCCGTCTCTACTAAAAACACAAAAATCAGCCAGGTGTGGTGGCAGGCGCCTATAATCCCAGCTACTCAGCAGGCTGAGGCAGGAGAATCGCTTGAAACTGGAAGGCGGAGGTTGCAGTAAGCCGAGAGGGCGCCACCACACTCCAGCCTGGGTGACAGAGCGAAACTCCATCCCAAAAAGAAAAAAAA","GCCAGGTGCGGTGGCTCACGCCTGTAATCCCAACACTTTGGGAGGCCGAGGCAGGCGGATCATGAAGTCAGGAGTTCGAGACCAGGCTGGCCAACATGGTGAAACCCCGTCTCTACTAAAAACACAAAAATCAGCCAGGTGTGGTGGCAGGCGCCTATAATCCCAGCTACTCAGTAGGCTGAGGCAGGAGAATCGCTTGAAACTGGAAGGCGGAGGTTGCAGTAAGCCGACAGGGCGCCACTACACTCCAGCCTGGGTGACAGAGCGAAACTCCATCTCAAAAAGAAAAAAAAAAAAAAAAAA"
"chr3","119627499","119627807","chr3","117203728","117204036","9","2423771","GGCTGGGCACAGTGGCTCATGCCTGTAATCCCAACACTTTGGGAGGCTGAGGTGGGTGGATCATGAGGTCAGGAGTTGGAGACCAGCCTGGCCAACATGGTAAAACCCTGTCTCTACTAAAAATACAAAAATTAGCCGGGCGTGGTGTCAGGTGCCTGTAATCCCAGCTACTCGGGAGGCTGAGGCAGGAGAATCAGTTGAAACCGGAAGGTGGAGGTTGCAGTGAGCCGAGGTCACGCCACTGCACTCCAGCCTGGGTGAAAGAGTGAAACTCTGTCTCAAAAAACAAGCAAACAAACAAACAAAAAA","GGCTGGGTGCAGTGGCTCATGCCTGTAATCCCAACACTTTGGGAGGCTGAAGTGGGTGGGTCATGAGGTCAGGAGTTGGAGACCAGCCTGGCCAACATGGTAAAACCCTGTCTCTACTAAAAATACAAAAATTAGCCAGGCGTGGTGTCAGGTGCCTGTAATCCCAGCTACTCGGGAGGCTGAGGCAGGAGAATCAGTTGAAACCAGAAGGTGGAGGTTGCAGTGAACCGAGGTCACGCCACTGCACTCTAGCCTGGGTGAAAGAGTGAAACTCTGTCTCAAAAAACAAACAAACAAACAAACAAAAAA"
"chr3","120531126","120531405","chr3","118123428","118123703","13","2407698","GCCGGGTGTGGTGGCTTACACCTGTAATCCCAGCACTTTGAGAGGCCGAGGCAGGCGGACCATGAGGTCAGGAGTTCAAGACCAGCCTGGCCAACATGGTGAAACCCCATCTCTACTGAAAATACAAAAATTAGCTGGATGTGGTGGTAAGTGCCTGTAGTCTCAGCTACTCAGGAGGCTGAGGCAGGATAATCACTTGAAACTGGAAAGGTGGAGGTTGCAGTGAGCTGAGATTATACCATTGCACTCCAGCCTGGGCAACAAGAGCAAAACTCCATCT","GCCGGGTGTGGTGGCTTACACCTGTAATCCCAGCACTTTGAGAGGCTGAGACAGGCAGATCATGAGGTCAGGAGTTCGAGACCAGCCTGGCCAACATGGTGAAACCCCGTCTCTACTGAAAATACAAGAATTAGCTGGGTGTGGTGGTAAGTGCCTGTAGTCTCAGCTACTCAGGAGGCTGAGGCAGGATAATCACTTGAAACTGGAAAGAGGTTGCAGTGAGCTGAGATTATACCATTGCACTCCAGCCTGGGCAACAAGAGCAAAAATCCATCT"
"chr3","122037044","122037328","chr3","119675613","119675905","17","2361431","GGTGTGGTGGCTCATGCCTGTAATCCCAGCACTTTGGGAGGCTGAGGCTGGCAGATCACGAGGTCCGGAGTTCAAGACCAGCCTGGTCAATATGGTGAAACTCCATCTCTACTAAAAACACACAAATTAGCTGGGTGTGGTGGCAGGCACCTGTAATCCCAGTTACTCAGGAAGCTCAGGCAGGAGAACCGCTTGAAACCAGAAGGTGGAGCTTGCAGTAAGCTGAGATCATGCCACTACACTCCAGCCTGGGCAACAAGAGTGAAACTCCATCTCAAAAAAAAA","GCGGTGGCTCATGCCTGTAATCCCAGCACTTTGGGAGGCTGAGGCTGGCAGATCACGAGGTCCGGAGTTCAAGACCAGCCTGGTCAATATGGTGAAACTCCATCTCTACTAAAAACACACAAATTAGCTGGGTGTGGTGGCAGGTGCCTGTAATCCCAGTTACTCAGGAAGCTCAGGCAGGAGAACCGCTTGAAACCAGAAGGTGGAGCTTGCAGTAAGCTGAGATCATGCCACTACACTCCAGCCTGGGCAACAAGAGTGAAACTCCATCTCAAAAAAAAAAAAAAAAAAAA"
"chr3","124156471","124156774","chr3","121844500","121844806","9","2311971","GGCCTGGCGTGGTGGCTCATGCTTGTAATCACGGCACTTTGGAAAGCCAAGGTGGGTGGATCACGAGGTCAGGAGTTTGAGACCAGCCTGGCCAACATGGTGAAACCCCGTCTCTACTAAAAATACAAAAATTAGCCAGGCATGGTGGCGGGTGCCTGTAATCCCAGCTAGTCGGGGAGGCTGAGGCAGGAGAATCGCTTGAAACCGGAAGGCAGAGGTTGCAGTGAGCCGGGATTGTGCCACTGCATTCCAGCCTGGGCAACGAGTGAACCTCTGTCTCAAAAAAATAAAAAATAAAAAAAAA","GGCCTGGCGCGGTGGCTCATGATTGTAATCACGGCACTTTGGAAGGCCAAGGTGGGTGGATCACGAGGTCAGGAGTTTGAGACCAGCCTGGCCAACATGGTGAAACCCCGTCTCTACTAAAAATACAAAAATTAGCCAGGCGTGGTGGCGGGTGCCTGTAATCCCAGCTAGTCGGGGAGGCTGAGGCAGGAGAATCGCTTGAAACCAGAAGGCAGAGGTTGCAGTGAGCCGGGATTGTGCCACTGCACTCCAGCCTGGGCAACGAGTGAACCTCTGTCTCAAAAAAATAAATAAATAAAAATAAAAA"
"chr3","124223784","124224078","chr3","121908246","121908540","9","2315538","GGCTGGGTGTGGTGGCTCACGCCTGTAATCCCAGCACTTTGGGAGGCCAAGGCAGGTGGATCACGAGGTCAGGAGTTCGAGACCAGCCTGGTCAACATGATGAAACCCCATCTCTACTAAAAATACAAAAATTAGCTGGGTATGCTGGTGGGTGCCTGTAATCCCAGCTACTTGGGAGGCTGAGGCAGGAGAATTGCTGGAAACCAGAAGGCAGAGGTTGCAGTGAGCCAAGATCACACCACTGCACTCCAGCCTGGGCGAAAGAATGAAACTCTGTCTCAGAAAAAAAAAAAAA","GGCTGGGCGTGGTGGCTCACACCTGTAATCCCAGCACTTTGGGAGGCCAAGGCAGGCGGATCACAAGGTCAGAAGTTCGAGACCAGCCTGGTCAACATGATGAAACCCCATCTCTACTAAAAATACAAAAATTAGCCGGGTGTGCTGGTGGGTGCCTGTAATCCCAGCTACTTAGGAGGCTGAGGCAGGAGAATTGCTGGAAACCAGAAGGCAGAGGTTGCAGTGAGCCAAGATCACACCACTGCACTCCGGCCTGGGCGAAAGAATGAAACTCTGTCTCAGAAAAAAAAAAAAA"
"chr3","125673199","125673485","chr3","123354110","123354421","34","2319089","GCTGGGCACGGTGGCTCACACCTCTAATCCCAGCACTTTGGGAGGCTGAGGCGGGTGGATCACAAGGTGAGGAGTTTTGAGACCAGACTGGCCAACAGAGTGAAACTCCACCTCTACTAAAAGTGCAAAGATTAGCCGGGCATGGTGGCAGGTGCCTGTAATCCCAGCTACTTGGGAGACTGAGGCAGGAGAATCGCTTGAAACTGGAAGGCGGAAGGTGCAGTGAGTTGAGATTGTGCCACTGCACTCCAGCCTGAGCGAAAGAGTGAAACTCGGTCTCAAAAAAA","GCTGGGCACGGTGGCTCACACCTCTAATCCCAGCACTTCGGGAGGCTGAGGCGGGTGGATCACAAGGTCAGGAGTTTGAGACCAGACTGGCCAACACAGTGAAACTCCATCTCTACTAAAAGTGCAAAGATTAGCCGGGCATGGTGGCAGGTGCCTGTAATCCCAGCTACTTGGGAGACTGAGGCAGGAGAATCGCTTGAAACTGGAAGGCGGAGGTTGCAGTGAGTTGAGATTGTGCCACTGCACTCCAGCCTGAGTGAAAGAGTGAAACTCGGTCTCAAAAAAAACCCAACAAAACAAAACAAAACAAAA"
"chr3","126325695","126325864","chr20","48553774","48553944","17","77771921","GGCTGGGCTCAGTGGCTCATGCCTGTAATCCCAGCACTTTGGGAGGCTGAGGCGGGTGGATCACAAGGTCAGCAGTTCGAGACCAGCCTGGCCAACATGGTGAAACCCCATCTCTACTAAAAATACAAAAATTAGCCGGGCATGGTGGTGGGTGCCTGTAATCCCAACTA","GCTGGGCGCGGTGGCTCATGCCTGTAATCCCAGCACTTTGAGAGGCTGAGGCGGGCGGATCATAAGGTCAGTAGTTCGAGACCAGCCTGGCCAACATGGTGAAACCCTGTCTCTACTAAAAATACAAAAATTAGCCGGGTGTGGTGGCAGGCGCCTGTAATCCCAGCTACT"
"chr3","128288462","128288692","chr3","126027445","126027675","6","2261017","GGCAGGGTGCAGTGGTTCATGCCTGTAATCCCAGCACTTTGGGAGGCCAAGGCAGACAGATGACAAGGTCAGGAGTTTCAGACCAGCCTGGCCAACACAGCAAAACCCCGTCTCTACTAAAAAGACAAAAATATAGCCAGGCGTTGTGGTAGGCGCCTGTAATTCCAGCTACTAGCTACTTGGGAGGCTGAGGTGGGAGAATCGCTTGAAACCAGAAGGCGGAGTTTGCAG","GGCAGGGTGCAGTGGTTCATGCCTGTAATCCCAGCACTTTGGGAGGCCAAGGCAGACAGATCACGAGGTCAGGAGTTTCAGACCAGCCTGGCCAACACAGTAAAACCCCGTCTCTACTAAAAAGACAAAAATATAGCCAGGCGTGGTGGCAGGCGCCTGTAATTCCAGCTACTAGCTACTGGGGAGGCTGAGGTGGGAGAATCGCTTGAAACCAGAAGGCGGAGTTTGCAG"
"chr3","128722649","128722944","chr3","126463759","126464051","15","2258890","GCCGGGCGCGGCGGCTCAGGCCTGTGATCCCAGCACTTTGGGAGGCCGAGGCGGGTGGATCACAAGGTCAGCAGTTCGAGACCAGCCTGACTAACATGGTGAAACCCTGTCTCCACTAAAAATACAAAAAAATTATCTGGGCGTAGTGGCGGGCACTCGTAATCCCAGCGACTTGGGAGGCTGAGGCAGGAGAATCGCTTGAAACTGGAAGGCGGAGGTTGCCGTGAGCCGAGATTACACCACTGCACTCTAGCCTGGGCAATAAGAGCAAAATTCTGTCTCGAAAAAAAAGGAAA","GGATGTGTTGGCTCACGCCTGTAATCCCAGCACTTTGGGAGGCCAAGGCGGGTGGATCACAAGGTCAGCAGTTCGAGACCAGCCTGACTAACATGGTGAAACCCTGTCTCCACTAAAAATACAAAAAAATTATCTGGGCGTAGTGGCGGGCACTCGTAATCCCAGCGATTTGGGAGGCTGAGGCAGGAGAATCGCTTGAAACCGGAAGGCGGAGGTTGCCGTGAGCCGAGATTGCACCACTGCACTCTAGCCTGGGCAATAAGAGCAAAAATCTGTCTCGAAAAAAAAGGAAA"
"chr3","129516336","129516657","chr3","127260502","127260821","9","2255834","GGCCAGGCGCGGTGGCTCACGCCTGTAATCCCAGCACTTTGGTAGGCCGAGGCGAGCGGATCACAAGGTCAGGAGTTGCAGACCAGGCTGGCCAAAATGGTGAAACCCCGTCTCTACTAAAAATACAAAATAAATAAATAAATAAATAAAAATTAGCCGGGCGTGGTGGCGGGCGCCTGTAATCCCAGCTACTCCGGAGGCTGAGACAGGAGGATCGCTTGAACCCGGGAGACGGAGGTTGCGGTGACCTGAGATCGCGCCACTGCACGCCAGCCTGGGCAACAAGAGGGAAACTCCGTCTCAAGAAGAAAAAAAAAAAAAA","GGCCAGGCGCGGTGGCTCACGCCTGTAATCCCAGCACTTTGGGAGGCCGAGGCGAGCGGATCACAAGGTCAGGAGTTGCAGACCAGGCTGGCCAAAATGGTGAAACCCCATCTCTACTAAAAATACAAAATAAATAAATAAATAAATAAAAATTAGCCGGGCATGGTGGCGGGCGCCTGTAATCCCAGCTACTCCGGAGGCTGAGACAGGAGGATCGCTTGAACCCGGGGGAAGGAGGTTGCGGTGACCTGAGATCGCGCCTCTCACGCCAGCCTGGGCAACAAGAGGGAAACTCCGTCTCAAAAAGAAAAAAAAAAAAA"
"chr3","138089237","138089533","chr8","22840045","22840341","30","115249192","GGCCGGGCACAGTGGCTCACGCCTGTAATCCCAGCACTTTGGGAGGCCAAGGCGGGCAGATCACGAGGTCAGGAGTTCGAGATCAGCATAGCCAACATGGTGAAACCCCGTCTCTACTAAAAATACAAAAATTAGCTGGGCGTGGTGGCGGGTGCCTATAGTCCTAACTGCTTGGGAGGCTGAGGCAGAAGAATTGCTTGAAACTGGAAGGCGGAGGTTGCAGTGAGCCAAGATCATGCCACTGCACTCCAGCCTGGGCGAAAGAGCGAAACTCCATCTAAAAAAAAAAAAAAAAAA","GGCCGGGCACGGTGGCTCACACCTGTAATCCCAGCACTTTGGGAGGCCGAGGCGGGTAGATCACGAGGTTAGGAGTTCGAGACTAGCCTGGCCAACATGGTGAAACCCGGTCTCTACTAAAAACACAAAAATTAGCCGGGCGTGGTGGCGGGCACCTGTAATCCCAGCTACTCGGGAGGCTGAGGCAGGAGAATTGCTTGAAACCGAAAAGGCGGAGGTTGCAGTGAGCCGAGATCATGCCACTGCACTCCAGCCTGGGCAAAAGAGCGAAACTCCGTCTCCAAAAAAAAAAAAAAA"
"chr3","138109125","138109330","chr1","28623801","28623994","37","109485324","GGCTGGGTGCAGTGGCTCACGTCTGTAATCCCAGCCCTTTGGGAGGGGGAGGCAGGAGGATCACGAGGTCAGGAGTTCGAGACCAGCCTGACTAACATGGTGAAACCCCATATCTACTAAAAATACAAAAAAAGAAAAAAATTTAGGCCAGGCATGGTGGCAGGCACCTGTAATCACAGCTATTCGGGAGGCTGAGGCAGAAGAAT","GGTCGGGCGCAGTGGCTCAAGCCTGTAATCCCAGCACTTTGGGAGGCCGAGGCAGGTGGATCATGAGGTCAGGGGTTCAAGACCAGCCTGACCAACATGCTGAAACCTCGTCTCTACTAAAAATACAAAAATTAGCTGGGCATGGTGGCGGGCGCCTGTAATCCCAGCTACTCAGGAGGCTGAGGCAGGAGAAT"
"chr3","138119271","138119570","chr3","135637514","135637802","17","2481757","GGCCAGGCGCCGTGGCTCACGCCCGTAATCCCAGCACTTTGGGAGGCTGAGGCGGGCGGATCACGAGGTCAGGAGTTCAAAACCAGCCTGACCAACATGATGAAACTCCGTCTCTACTAAAAATCCAAGAATTAGCCAGGTGTGGTGGCGGGCGCCTGTAATCCCAGCTACTCGGGAGGCTGAGGCAGAAGAATCGCTTGAAACCAGAAGGCAGAGGTTGCAGTGAGCCGAGATTTCGCCACTGCACTCCAGCCTGGGCAACAAGAGGGAAACTTCGTCTCCAAAAAAAAAAAAAAAAAA","GGGCAGGCGCCGTGGCTCACGCCTGTAATCCCAGCACTTTGGGAGGCTGAGGCGGGCGGATCACGAGGTCAGGAGTTCAAAACCAGCCTCACCAACATGATGAAACTCTGTCTCTACTAAAAATACAAGAATTAGCCAGGTGTGGTGGCGGGCGCCTGTAATCCCAGCTACTCGGGAGGCTGAGGCAGAAGAATCACTTGAAACCAGAAGGCAGAGGTTGCAGTGAGCCGAGATTTCGCCACTGCACTCCAGCCTGGGCAACAAGAGGGAAACTTCGTCTCAAAAAAAA"
"chr3","141490787","141491072","chr3","139054817","139055120","23","2435970","GGCCAGGTGCAGTGGCTCACACCTATAATCCCAACACTTTGAGAAGCCAAGGTGGGTGGATCATGAGGTCAGGAGTTTGAGACAAGCCTGGCCAACATGGTGAAACTCCTGTCTCTATTAAAAATACAAAAATTAGATGGGTGTGGTGGCAGGCATCTGTAATCCCAGTTACTCAGGAGGCAGGAGAATTGCTTGAACTCAGAAGGCGGAGGTTGCAGTGAGCCAAGATTGCGACACTGCACTCCAGCCTGGGCGACAATAGCGAAACTCCGTCTCAAAAAAAAAA","GGCCAGGTGCAGTGGCTCACACCTATAATCCCAACACTTTGAGAAGCCAAGGTGGGTGGATCATGAGGTCAGGAGTTTGAGACAAGCCTGGCCAACATGGTGAAACTCCTGTCTCTATTAAAAATACAAAAATTAGATGGGTGTGGTGGCAGGCGTCTGTAATCCCAGTTACTCAGGAGGCAGGAGAATTGCTTGAACTCAGAAGGCGGAGGTTGCAGTGAGCCAAGATTGTGCCACTGCACTCCAGCCTGGGCGACAACAGCGAAACTCTGTCTCGAAAAAAAAAGAGAGAGAGAGAGAGAAA"
"chr3","143987139","143987444","chr3","141439501","141439807","6","2547638","GGCCAGGCGTGGTGGCTCACGCCTGTAATCCCAGCACTTTGGGAGTCGGATTGTGGGGGTGGGGGGGTGCGAATCCCGAGGTCAGGAGTTCAAGACCAGCCTGGCCAACATGGTGAAACCCCGTCTCTACTAAAAATACAAAAATTAGCCAAGCATGGTGGCGGGCGCCTGTAATCCCAGCTACTCATGAGGCTGAGGCAGAAGAATCACTTGAAACCAGAAGGTGGAGGTTGCAGTGAGCTGAGATCCTGCCACTGCACTTCAGCCTGGGCAAAAGGAGCGAAACTCCATTTCAAAAAAAAAAAA","GGCCAGGCGTGGTGGCTCACGCCTGTAATCCCAGCACTTTGGGAGTCGGATTGGGGGGGGGGGGGGTGCGAATCCCGAGGTCAGGAGTTCAAGACCAGCCTGGCCAACATGGTGAAACCCCGTCTCTACTAAAAATACAAAAATTAGCCAAGCGTGGTGGCGGGCGCCTGTAATCCCAGCTACTCATGAGGCTGAGGCAGAAGAATCACTTGAAACCAGAAGGTGGAGGTTGCAGTGAGCTGAGATCCCGCCACTGCACTTCAGCCTGGGCAAAAGGAGCGAAACTCCATTTCAAAAAAAAAAAAAA"
"chr3","147255435","147255730","chr14","33351396","33351697","35","113904039","GGTGCAGTGGCTCATGCCTGTAATCCCAGCACTTTGGGAGGCCGAGATGGGCAGATCATGATGTCAGGAGTTCGAGACCAGCCTGGCCAACATGGTGAAACTCCATCTCTACTAAAAATACAAAAAATTAGCCGGTCATGGTGGTGAGTGTCTGTAATCCCAGCTACTCAGGAGGCTGAGGTGGGAGAATTGCTTGAAACCAGAAGGTGGAGGTTGCAGTGAGCCAAGATCATGCCACTGCTCTCCAGCCTGGGCAACAACAGCAAAACTCTGTCTCAAAAAAGAAAAAAAGAAAA","GGCCGGGTGCAGTGGCTCACACCTGTAATCCCAGCACTTTGGGAGGCTGAGATGGGCAGATCACGAGGTCAGGAGTTTGAGACCAGCATGGCCAACATGGTGAAACCCCGTCTCTACTAAAAATACAAAAATTAGCTGGGCGTGGTGGCAGATGCCTGTAATCCCAGCTACTTGGGAGGCTGAGGCAGGAGAATCGCTTGAAACCAGAAGGTGGAGGTTGCAGTGAGCCGAGATCGTGCCACTGCACTCCAGCCTGGGCAACAAGAGCAAAACTCTGTCTCAAAAAAAAAAAAAAAAAAAAA"
"chr3","148365395","148365692","chr3","145915402","145915704","16","2449993","GGCCGGGCAGGGTGGCTTACGCCTGCAATCCCAGCACTTTGGGAGGCTGAGGTGGGCGGATCATGAGGTCAGGAGTTTGAGACCAGCCTGGCCAACATGGTGAAACCCCGTCTCTACTAAAAATACAAAAACCACCTGGGTGTGGTGGCAGGTGCCTGTAATCCCAGCTACTTGGGAGGCTGAGGCAGGAGAATTGCTTGCTACTGGAAGGTGGGGGTTGCAGTGAGCTGAGGTTGCACCTCTGCACCCCAGCCTGGGCAACAAGAGTGAAACTCCATCTCAAAAAAAAAAAAAAAAA","GGCAGGGCACGGTGGCTCACGTCTGCAATCCCAGCACTTTGGGAGGCTGAGGTGGGCGGATCATGAGGTCAGGAGTTTGAGACCAGCCTGGCCAACATGGTGAAACCCCATCTCTACTAAAAATACAAAAACCACCTGGGTGTGGTGGCAGGTGCCTGTAATCCCAGCTACTTGAGAGGCTGAGGCAGAAGAATCGCTTGCTACTGGAAGGCGGGGGTTGCAGTGAGCTGAGGTTGCACCACTGCACTCCAGCCTGGGCAACAAGAGTGAAACTCCATCTCAAAAAAAAAAAAAAAAAAAAAA"
"chr3","153492586","153492893","chr3","151154719","151155022","9","2337867","GGCCAGGCCTGGTGGCTCACTTTTGTAATCCTAGCACTTTGGGAGGCTGAGGAGGGCGGATCACAAGGTGAGGAGTTTGAGACCAGTCTGGCCAACATGGTGAAACCCCATCTCTACTAAAAATACAAAAATTAGCTGGGCGTAATGGTGGGCACCTGTAATCCCAGCTACTCAGAAGGCTGAGGCAGGAGAATCACTTGAAACCAGAAGGCGGAGGTTGCAGTGAGCCAAGATCACACCACTGCACTTCAGCCTGGGTGAAAGAGCAAAACTCCATCTCAAAAAAAAAAAAAAAAAAAAGAAAGAAA","GGCCAGGCCTGGTGGCTCACTTTTGTAATCCTAGCACTTTGGGAGGCTGAGGAGGGCGGATCACAAGGTCAGGAGTTTGAGACCAGTCTGGCCAACATGGTGAAACCCCATCTCTACTAAAAATACAAAAATTAGCTGGGCGTAATGGTAGGCACCTGTAATTCCAGCTACTCAGAAGGCTGAGGCAGGAGAATCACTTGAAACCAGAAGGCGGAGGTTGCAGTGAGCCAAGATCACGCCACTGCACTCCAGCCTGGGTGAAAGAGCAAAACTCCATCTCAAAAAAAAAAAAAAAAAAAAAGAA"
"chr3","157702931","157703095","chr5","20442835","20442996","42","137260096","AGCTGGGCGTGGTGGCGGGCGCCTGTAATCCCAGCTACTAGGGAGGCTGAGGCAGGAGAATCGCTTGAAACCAGAAGGTGGAGGTTGCAGTGAGCCGAGATAGCGCCACTGCACTCCAGNNNNNNNNNNNNNNNNNNNNAAGAAAGAAAGAAAAGAAAAGAAAAA","TAGCTGGGCATGGTGGCAGGCGCCTGTAATCCCAGCTACTCTGGAGGCTGAGGCAGGAGAATCGCTTGAAACCAGAAGGCAGAGGTTGCAATGAGCCGAGATCACGCCATGCACTCCAGCCTGGGCAACAAGAGCGAAACTCTGTCTCAAAAAAACAAAAAA"
"chr3","160295040","160295333","chr5","164674025","164674313","42","4378985","GGCTGGGCAGAGTGGCTCACACCTGTAATCCCAGAACTTTGGGATCACGAGGTCAGGAGTTCAAGACCAGTCTGGCCAACATGGTGAAACCCTGCCTCTACTAAAAATACAAAAATTAGCCAGGTGTGATGGTAGGTGCCTGTAATCCCAGCTACTCGGGAGGCTGAGGCAGGAGAATTGCTTGAAACTGGAAGGCGGAGGTTGTAGTGAGCCGAGATCATGCCACTGCACTCCAGCCTGGGGGAAAGAGCAAATCTCCGTCTCAAAAAAAAAAAAAAGAAAAAAAGGAAAGAA","GGCCAGGCGCGGTGGCTCACGCCTGTAATTCCAGCACTTTTGGGAGGCTGAGGCCGGGAGTTCGAGCCCAGCCTGGCCAACATGGTGAAACCCCGTCTCTACTAAAAATACAAAAATTAGCTGGGCATGGTGGCAGGTGCCTGTAATCCCAGCTACTCAGGAGGCTGAGGCAGAAGAATTGCTTGAAACCGGAAGACGGAGGTTCCAGTGAGCCGAGATCGCGCCACTGAACTCCAGCCTGGGGGAAAGAGCAAAACTGTCTCAAAAAAAAAAAAAAAAAAAAAAAAAA"
"chr3","165604474","165604668","chr3","163117251","163117445","3","2487223","GGCCGGGCGAGGTGGCTCACACCTGTAATCCCAGCACTTTGGGAGGCCGAGGTGGGCGGATCGTGAGGTCAGAAGTTTGAGACCAGCCTGGCCAACATACTGAAACCCCGTCTCTACTAAAAATACAAAAATTAGCCCAGCATGGTTGTGGGCACCTGTAATTCCAGCTACTCGGGAGGCTGAGGCAGGAGAATC","GGCCGGGCAAGGTGGCTCACACCTGTAATCCCAGCACTTTGGGAGGCCGAGGTGGGCGGATCATGAGGTCAGAAGTTTGAGACCAGCCTGGCCAACATACTGAAACCCCGTCTCTACTAAAAATACAAAAATTAGCCCAGCATGGTGGTGGGCACCTGTAATTCCAGCTACTCGGGAGGCTGAGGCAGGAGAATC"
"chr3","166006546","166006806","chr3","163526766","163527026","4","2479780","GGCCAGGCACAGTGGCTCATGCCTGTAATCCCAGCACTTTGGGAGGCCGAGGTGGGTGGATCACGAGGTTAGGAGTTTGAGACCAGCCTGGCTAACATGGTGAAACCCCATCTCCACTAAAAATACAAAAAATATTAGCCGGGCGTGGTGGTGGGCACCTGTAATCCCAGCTACTCGGGAGGCTGAGGCAGGAGAATCGCTTGAACCTGGAAGGCGGAGGTTGCAGTGAGTCGAGATTGTGCCACTGCACTCCAGCCTGGG","GGCCAGGCACAGTGGCTCATGCCTGTAATCCCAGCACTTTGGGAGGCCGAGGTGGGTGGATCACGAGGTCAGGAGTTTGAGACCAGCTTGGCCAACATGGTGAAACCCCATCTCCACTAAAAATACAAAAAATATTAGCCGGGCGTGGTGGTGGGCACCTGTAATCCCAGCTACTTGGGAGGCTGAGGCAGGAGAATCGCTTGAACCTGGAAGGCGGAGGTTGCAGTGAGTCGAGATTGTGCCACTGCACTCCAGCCTGGG"
"chr3","172060346","172060609","chr3","169643408","169643662","19","2416938","GGCCAGGCGCCGTGGTTCACGCCTGTAATCCCAGCACTTTGGGAGGCTGAGGCGGGTGGATCACAAGGTCAGGAATCCAAGACCAGCCCGGCCAACATGGCGAAACCCCGTCTCTACTAAAGACACAAAAATTTAGCCAGGGTTACTAACAGGTGCCTGTAATCCCGGCAACTCCGGAGGCTGAGGCAGGAGAATCGCCTGGGCAGAGATTGCAGTGAGCCGAGATCACACCATTGCACTTCAGCCTGGGCAACAAGAGCAAAA","GGCCGGGCGCGGTGGCTCACGCCTGTAATCCCAGCACTTTGGGAGGCCGAGGCGGGTGGATCACAAAGTCAGGAATCCAAGACCAGCCTGGCCAACATGGCGAAACCCCGTCTCTACTAAAGACACAAAAATTTAGCCAGGCTTACTGACAGGTGCCTGTAATCCCGGCAACTCCGGAGGCTGAGGCAGGAGAATCGCCTGGGCAGAGATTGCGATGAGCCGAGATCACACCATTGCACTTCAGCCTGGGCAACA"
"chr3","173402443","173402739","chr3","171059021","171059311","9","2343422","GGCTGGGTGCAGTAGCTCACACCTGTAATCCCAGCACTTTGGGAGGCAGAGGCGGGTGGATCATGAGGTCAGGAGTTCGAGACCAGCCTGACCAATGTGGTAAAACCCCGTCTTTACTAAAAATACAAAAATTAGCCAGACGCGGTGGCGGGCGCCTGTAATCCCAGCTACTAAGGAGGCTGAGGCAGGAGAATCGCTTGGAACTGGAAGGCAGGGGTTGCAGTGAGCCGAAATCGTGCCACTGCACTCCATCATGGGTAACAAGAGCGAAACTCCATCTACAAAAAAAAAAAAAAA","GGCTGGGTGCAGTAGCTCACACCTGTAATCCCAGCACTTTGGGAGGCAGAGGCGGGCGGATCATGAGGTCAGGAGTTCGAGACCAGCCTGACCAACGTGGTAAAACCCCGTCTTTACTAAAAATACAAAAATTAGCCAGACGCGGTGGCGGGCGCCTGTAATCCCAGCTACTAAGGAGGCTGAGGCAGGAGAATCGCTTGGAACTGGAAGGCAGGGGTTGCAGTGAGCCGAAATTGTGCCACTGCACTCCATCATGGGTAACAAGAGCGAAACTCCATCTCAAAAAAAAAA"
"chr3","177799125","177799204","chr14","48184077","48184156","24","129615048","TGAAACAGAAAGGTGGAGGTTGCAGTGAGCCGAGATCACGCCATTGCACTCCAGCCTGGGCAAAAAGAGCAAAACTCCAT","CCAGAAGGCAGAGGTTGCAGTGAGCCAAGATAGTGCCACTGCAGTCCAGCATGAGCAACAAGAGTGAAACTCCATCTCAA"
"chr3","179987337","179987630","chr3","177676451","177676748","8","2310886","GGCCGAGCACAGTGGCTCATGCCTGTAATCCCAGCACTTTGGGAGGCAGAGGTGGGCAGATCACAAGGTCAGGAGTTTGAGACCAGCCTGGCCAACATGGCAAAACCCCATGTCTACTGAAAATACAAAAATTAGCTGGGTGTGGTGGCAGGTGCCTGTTATCCCAGCTACTCGGGAGGCTGAGGCAGGAGAATCACTTGAACCTGGAAGTTGGAGGTTGCAGGGAGCCAAGATAATGCCGTTGCACTCCAGCCTGGGCAACAAGAGCAAGACTCCATCTCAAAAAAAAAAAAA","GGCCGAGCACAGTGGCTCATGCCTGTAATCCCAGCACTTTGGGAGGCAGAGGCGGGCAGATCACAAGGTCAGGAGTTCGAGACCAGCCTGGCCAACATGGCGAAACCCCATGTCTACTGAAAATACAAAAATTAGCTGGGTGTGGTGGCAGGTGCCTGTAATCCCAGCTACTCGGGAGGCTGAGGCAGGAGAATCACTTGAACCTGGAAGTTGGAGGTTGCAGGGAGCCAAGATAATGCCGTTGCACTCCAGCCTGGGCAACAAGAGCAAGACTCCATCTCAAAAAAAAAAAAAAAAA"
"chr3","182600005","182600240","chr4","102918608","102918845","57","79681397","GGGCACGGTGGCTCACGCCTGTAATCTCAGCACTTTGGGAGGCTGAGGTGAGCAGATCACGAGGTCAGGAGTTCAAGACTAGCCTGGCCAACATGGTGAAACCCCGTCTCTACTAAAAATACAAAAANNNNNNNNNNNNNNNNNNNNGGAGGTTGCAGTGAGCCAAGATTGTGCCACTGCACTCTAGCCTGGGCAACAACAGCAAGACTCTGTCTCAAAACAAACAAAAAAAAAAA","GCTGGGCACGGTGGCTCATGCCTGTAATCCCAGCACTTTGGGAGGCTGAGGCGAGTGGATCACGAGGTCAGGAGATTGAGACCAGCCTGGCCAGCATGGTGAAACCCCGTTTCTACTGAAAATACAAAAATTAGCTGGGCATGGTGGTGGGCACCTGTAATCCCAGGTACTCGGGCCATTGCACTCCAGCCTGGGCAACAAGAGCAAAACTCCATCTCAAAAAAAAAAAAAAAAAAAA"
"chr3","183780606","183780908","chr3","181597563","181597867","6","2183043","GGCCGGGCGAGGTGGCTTACACCTGTAATCCCAGCGCTTTGGGAGGCCGAGGTGGGTGGATCACGAGGTCAGCAGTTCAAGACCACTCTGACCAACTTGGTGAAACCCCATCTCTACTAAAAATACAAAAAATTAGCTGGGCGTGGTGGCAGGCGCCTGTAATCCCAGCTACTTGGGAGGCTGAGGCAGGAGAATTGCTTGAAACCGGAAGGTGGAGGTTGCAGCAAGCCAAGATTGTGCCATTGCACTCTAGCCTGGTCAATAAGAGCAAAACTCCATCTCAGAAAAACAACAACAAAAAAA","GGCCGGGCGAGGTGGCTTACACCTGTAATCCCAGCGCTTTGGGAGGCCGAGGTGGGTGGATCACGAGGTCAGCAGTTCAAGACCACTCTGACCAACATGGTGAAACCCCATCTCTACTAAAAATACAAAAAAATTAGCTGGGCGTGGTGGCAGGCGCCTGTAATCCCAGCTACTTGGGAGGCTGAGGCAGGAGAATTGCTTGAAACTGGAAGGCGGAGGTTGCAGCAAGCCAAGATTGTGCCAATTGCACTCTAGCCTGGTCAATAAGAGCAAAACTCCATCTCAAAAAAACAACAACAAAAAAA"
"chr3","184451575","184451849","chr3","182280810","182281086","7","2170765","GGCCAGGAGCCGTGGCTCACGCCTGTAATCCCAGCACTTTGGGAGGCCAAGGTGGGAGGATCACGAGGTCAGGAGTTCAAGACCAGCCTGGCCAATGCGGTGAAACCCCATCTCTACTAAAAATACAAAAAATTAGCTGGGCGTGATGGTGCGCACCTGTAATCCCAGCTACTCAGGAGGCTGAGGCAGGAGAATCGCTTGAAACGAGAAGGCGGAGGTTGCAGTGAGCCGAGATTGCACCACTCCAGCCTGGGCAACAAGAGCGAAACTCCATC","GGCCAGGAGCCGTGGCTCACGCCTGTAATCCCAGCACTTTGGGAGGCCAAGGTGGGAGGATCACGAGGTCAGGAGTTCAAGACCAGCCTGGCCAACGCGGTGAAACCCCATCTCTACTAAAAATACAAAAAATTAGCTGGGCGTGATGGTGCGCACCTGTAATCCCAGCTACTCAGGAGGCTGAGGCAGGAGAATCACTTGAAACCAGAAGGCGGAGGTTGCAGTGAGCTGAGATTGTACCACTCCAGCCTGGGCAACAAGAGCGAAACTCCATCCC"
"chr3","184581659","184581968","chr3","182412059","182412352","30","2169600","GGCTGGTTGCGGTGGCTCCGGCCTATAATCCCAGCACTTTGGGAGGCTGAGGCGGATGGATCACGAGGTCAGGAGTTCGAGACCAGCCTGACCAACATGGTGAAACCCTGTCTACTAAAAATACAAAAAAAAAATTAGCCGGTGGCAGGCGCCTGTAATACCAGCTACTCGGGAGGCTGAGGCGGGAGAATCACTTGAAACCGGAAGGCAGAAGTGGCAGTAAGCCAAGATCACACCACTGCACTCCAACCTGGGCAACAAGAGCAAAAACTCTATCTACAAAAAAANNNNNNNNNNNNNNNNNNNNAAA","GGCTGGTTGCGGTGGCTCCCGCCTATAATCCCAGCACTTTGGGAGGCTGAGGCGGACGGATCACGAGCTCAGGAGTTCGAGACCAGCCTGACCAACATGGTGAAACCCTGTCTACTAAAAATACAAAAAAAAAATTAGCCGGTGGCAGGCGCCTGTAATACCAGCTACTCGGGAGGCTGAGGCGGGAGAATTGCTTGAAACCGGAATGCAGAAGTTGCAGTGAGCCAAGATCACACCACTGCACTCCAACCTGGGCAACAAGAGCAAAACTCTATCTCAAAAAAAAATAAAAAA"
"chr3","186944036","186944335","chr3","184800931","184801232","6","2143105","CCAAGCGCGGTGGCTCACGCCTGTAATCCCAGCACTTTGGGAGGCCAAGGCGGGTGGATCACGAGGTCAGGAGTTCAAGATCAGCCTGGCCAATGTGGTGAAACCCCGTCTCTACTAAAAAATAAAAAAATTAGCCAGGCGTGTTGGTGGGCACCTGTAATCCCAGCTACTCAGGAGGCTGAGGCAGAAGAATCACTTGAAACCAGAAGGCGGAGGTTGCAGTGAGCCGAGATCGTGCCACTGCACTGTAGCCTGGGTGAAAAAGCAAAACTCCGCCTCAAAAAAAAAACACAAAAAAAA","CCAAGCGCGGTGGCTCACGCCTGTAATCCCAGCACTTTGGGAGGCCAAGGCGGGTGGATCACGAGGTCAGGAGTTCAAGATCAGCCTGGCCAATGTGGTGAAACCCCGTCTCTACTAAAAAATAAAAAAATTAGCCGGGCGTGTTGGTGGGCGCCTGTAATCCCAACTACTCAGGAGGCTGAGGCAGAAGAATCACTTGAAACCAGAAGGCGGAGGTTGCAGTGAGCCGAGATCGTGCCACTGCACTGTAGCCTGGGTGAAAAAGCAAAACTCCGCCTCAAAAAAAAAAAACAAAAAAAAAA"
"chr3","187468070","187468285","chr19","36922315","36922521","41","150545755","GGCTGGGAGCGGTGGCTCCCGCCTGTAATCATAGCATTTTGGGAGGCTGAGGCAGGCAGATCACGAGGTCAGGAGTTCGAGACCAGCCTGGCCGACATAGTGAAACCCCGTGTCTACTAAAAATACAAAAATTAGCCAGGCATGGTGGTGGGCTCCCATAGTCCCAGCTACTTGGCTGACTGATGCAGGAGAATTGGAGATTGCAGTGAGCCAAAA","GGCCAGGCGCGGTGGCTCACGCCTGTAATCCCAGCACTTTAGGAGGCCGAGGCGGGCGGATCACGAGGTCAAGAGTTTGAGACCAGCATGGCCAACATGCTGAAACCCCGTCTCTACTAAGAATACAAAAATTAGCCGGGCGTGGTGGCGGGCGCCTGTAGTCCCAGCTACTTGGGAGGCTGAGGCAGGAGAATGGCGTGAAACCAG"
"chr3","188150869","188151106","chr4","60472082","60472322","43","127678787","GCCAGGCGGGGTGGCTCACACCTGTAATCCCAGCATTTTGGGAGGTTGAGTCGGGCAGATCACAAGGTAAGGAGTTCAAGATCAGCCTGGCCAACATGGTGAAACCCCGTCGCTACTAAAAACACAAAAATTAGCTGGGCATAGTGGCGGGCACCTGTAATCCCAGCTACTCGGGAGGCTGAGACTAGAGAATCGCTTGAAACCGGAGGCGGAGGTTGCACTGAGCCAAGATCACACC","GGCTGGCTGTGGTGGCTCACACCTGTAATCCCAGTGCTTCGGGAGGCCGAGGCAGGTGGATGATGAGGTCAGGAGTTCAAGACCAGCCTGGCCAACATGGTAAAACTCCATCACTACTAAAAATACAAAAATTAGCCAGGTGTGATGGCGGGCACCTATAATCCCAGCTACTCGGGAGGCTGAGGCAGGAGAATTGCTTGAAACCAGAAGGCAGAGGTTGCAGTGAGCCGAGGTCATACCA"
"chr3","188492540","188492825","chr3","186374001","186374291","26","2118539","GGCCGGGCGCGGTGGTTCACGCCTGTAATCCCAGCACTTTGGGAGGCCGAGGTGGGAAGATCACGAGACCAGTCTGGCTAGCATGGTGAAACCTTGTCTCTACTAAAAATACAAAAATTAGATGGGCGTGGTGGCAGATGCCTGTAATCCCAGCTACTCAGGAGGCTGAGGCAGGAAAATCGCTTGAAACTGGAAGGTGAAGGTTACAGTGAGCAGAGACTGTGCCACTGTACTCCAGCCTGGGCAACAGAGCGAAACTACGTCTACAAAAAAAAAAAAAAAAAAA","GGCCGGGCGCGGTGGTTCACGCCTGTAGTCCCAGCACTTTGGGAGGCCGAGGTGGGAAGATCATGAGGTCAGGAGTTTGAGACCAGTCTGGCTAGCATGGTGAAACCTTGTCTCTACTAAAAATACAAAAATTAGATGGGCGTGGTGGCGGATGCCTGTAATCCCAGCTACTCAGGAGGCTGAGGCAGGAAAATCGCTTGAAACTGGAAGGTGGAGGTTACAGTGAGCAGAGACTGTGCCACTGTACTCCAGCCTGGGCAACAGAGCGAAACTACGTCTCAAAAAAAAAAA"
"chr3","188509660","188509948","chr12","6254409","6254699","37","182255251","GGCCGGGCGCAGTGGGTCACGTCTGTAATCCTAGCACTTTGGGAAGCCAAGGCCAGCGGATCACAAGGTCAGGAGTTAGAGACCAGCCTGACCAACATGGTGAAACCCCGTCTCTACTAAAAATACAAAAATTAGCCGGGTGTGGTGGAGGGTACCTGTAGTCCCAGCTACTCGGGAGGCTGAGACAGGAGAATCGCTTGAACCCAGGAGGCGGAGGTTGCAGTGAGCCGAGATTGTGCCACTGCACTCCAGCCTGAGCGGCAAGAGTGAAACTCCGTCTCAAAAAAAA","GGCCAGGCGCGGTGGATCACGCCTGTAATCCCAGCACTTTGGGACGCCAAGGCAGGCAGATCACGAGGCCAGGAGTTCAAGACCAACCTGGCCAACATGATGAAACCCTGTCTCTACTAAAAATACAAAAATTAGCCGGGCGTGATGGTGGGCACCTGTAATCCCAGCTACTCAGGAGGCTGAGGCAGGAGAATCGCTTGAAACCGGAAGGCAGAGGTTGCAGTGAGCCGAGATTGCGCCACTGCACTCCAGCCTGGTCAATAAGAGTGAAACTCTGTCTCAAAAAACAAA"
"chr3","189119084","189119388","chr1","78331382","78331682","35","110787702","GGCCGGGCGTGGTAGCTCACACCTGTAACCCAGCACTTTGGGAAGCCAAGGTGGGCAGATCAAGAGATCAGGAGTTCGAGACCAGCCTGGCCAACATGGTGAAACCCTGTCTCTACTGAAAATACAAAAATACAAAAATTAGCCAGGCGTGGTGGCAGGCACCTGTAATCCCAGCTACGTGGGAGGCTGAGGCAGGAGAACCACTTGAAACCGGAAAATAGAGGTTGCAGTGAGCGGATTGCGCCACTGCACTCCAGCCTGGGCAACAAGAGTGAAACTCTGTCTCAAAAAAAAAAAAAAAAAAA","GGCCGGGCATGGTGGCTCACACCTTTAATTCCAGCACTTTGGGAGGCCAAGGTGGGCGGATCACAAGGTCAGGAGTTCGAGACCAGCCTGGCCAACATGGTGAAACCCAGTCTCTACTAAAAATACAAAAATTAGCCAGTCATGGTGGCAGGCACCTGTAATCCCAGCTACTTGGGAGGCTGAGGCAGGAGAATTGCTTGAAACTGGAAGGCAGAGGTTGCAGTGAGCCGAGATTGCGCCACTGCACTCCAGCCTGGGCAACAAGAGCGAAACTCCATCTCAAGAAAAAAAAAAAAAAAAA"
"chr3","190307945","190308244","chr3","187906958","187907249","22","2400987","GGCCGGGCGCAGTGGCTCATGCCTGAAATCTCAGCACTTTGGGAGGCCGAGGCAGGTGGATCACCAGGTCAGCAGTTTGAGACCAGTCTGGTCAACATGGTGAAACCCCGTCTCTACTAAAAATACAAAAAAATAGCTGGGCGTGGTGGCGGGCGCCTGTAATCCCAGTGACTTGGGCGGCCGAGGCAGGAGAATCGCTTGAAACCGGAAGGTGGAGGTTGCAGTGAGCTGAGATTGCGCCACTGCACTCTAGCCTGGGCAATAAGAACAAAACTCCGTCTCAAAAAATAATAATAATAA","GGCTGGGCGCAGTGGCTCACGCCTGAAATCCCAGCACTTTGGGAGGCCGAGGCAGGTGGATCACGAGGTCAGCAGTTTGAGACCAGCCTGACCAACATGGTGAAACCCCGTCTCTACTAAAAATACAAAAAAAATAGCTGGGCGTGGTGGCGGACGCCTGTAATCCCAGTGACTTGGGAGGCCGAGGCAGGAGAATCGCTTGAAACCGGAAGGTGGAGGTTGCAGTGAGCCGAGATTGCGCCACTGCACTCTAGCCTGGGCAATAAGAGCAAAACTCCGTCTCAAAAAACAA"
"chr3","191082515","191082699","chr15","6654353","6654531","37","184428162","GGCTGGGCGCGGTGGCTCATGCCTGTAATCCCAGCACTCTGGGAGGCCGAGGCGGGTGGATCACGAGGTCAGGNGTTCGAGACCAGTCTGGCCAACATAGTGGAAACCCTCGTCTACTAACTAAAAATAACACAAAGTTACGCGAGNGGTGTAGNGGTCGCCNCGTATTCCGCCACTCACGAGGC","CGGGCGTGGTGGCTCACGCCTGTAATCCCAGCACTTTGGGAGGCCGAGGCGGGTGGATCACGAGGTCAGGGGTTTGAGACCAGCCTGACCAACATGGTGAAACCCCGTCTCTACTAAAAATACAAAAATTAGCTTGGCGTAGTGGCGGGTGCTTGTAATCCCAGCCACTCAGGAGGCTG"
"chr3","194249995","194250300","chr3","191933916","191934220","9","2316079","GGCCGGAAGAGGTGGCTCATGCCTGTAATCCCAGCACTTTGGGAGGCTGAGGCAGGCAGATCACGAGGTCAGGAGTTTGAGACCAGCCTGGCCAGCATGGTGAAACTCCAACTCTACTAAAAAAAAATACAAAAATTAGCCTGGTGTGGTGACAGGTGCCTGTAATCCCAGCTCCTCGGGAGGCTGAGGCAGGAGAATCGCTTAAAACTGGAAGGTGGAGGTTGCAGTGAGCCGAGATTGCACCGCTGCACTCCAGCCTGGGCAACAAGAGCAAAACTCCATCTCAAAAAAAAAGAAGAAGAAGAA","GGCCGGGCGAGGTGGCTCATGCCTGTAATCCCAGCACTTTGGGAGGCTGAGGCAGGCAGATCACGAGGCCAGGAGTTTGAGACCAGCCTGGCCAGCATGGTGAAACCCCAATTCTACTAAAAAAAAATACAAAAATTAGCCTGGTGTGGTGACAGGTGCCTGTAATCCCAGCTCCTCGGGAGGCTGAGGCAGGAGAATTGCTTAAAACTGGAAGGTGGAGGTTGCAGTGAGCCGAGATTGCACCACTTCACTCCAGCCTGGGCAACAAGAGCAAAACTCCATCTCAAAAAAAAAAAGAAGAAGAA"
"chr3","196339307","196339363","chr3","194061130","194061186","0","2278177","CTGTAATCCCAGCTACTTGGGAGGCTGAGGAAGGAGAATCGCTTGAAACCGGGAGGC","CTGTAATCCCAGCTACTTGGGAGGCTGAGGAAGGAGAATCGCTTGAAACCGGGAGGC"
"chr3","199966986","199967146","chr3","195627254","195627414","2","4339732","GGGAGGCCGAGACAGGTGGATCACAAGGTCAGGAGTTCGAGACCAGCCTGGCCAACACAGTGAAACCCCGTCTCTACTAAAAATACAAAAATTAGCTGGGTTGTGGTGGCAGGCGCCTATAATAGCAGCTACTCTGGAGGTTGAGGCAGGAGAATTGCTTG","GGGAGGCCGAGACAGGTGGATCACAAGGTCAGGAGTTCGAGACCAGCCTGGCCAACACAGTGAAACCCCGTCTCTACTAAAAATACAAAAATTAGCTGGGTTGTGGTGGCAGGAGCCTATAATAGCAGCTACTCTGGAGGCTGAGGCAGGAGAATTGCTTG"
"chr3","202896225","202896505","chr18","70842698","70842984","38","132053527","GGCCAGGCGCGGTGGCTCAAATCCCAGCACTTTAGGAGGCCGAGGTTGGTGGATCACAAGGTCAGGAGTTCGAGACCAGCCTGGCCAATGTGGTGAAACCCCATCCCTACTAAAAACACAAAAATTAGCTGGGCGTGGTGGTGGGCACCTGTAATCCCAGCTACTCGGGAGGCTGAGGCAGGAGAATCACTTGAAACTGGAAGGCGGAGGTTGCAGTGAGCCAAGATCGTACCGCTGCACTCCAGCCTGGGCAGTAAGAGTGAAACTCCATCTCAAAAAAA","GCCAGGCACGGTGGCTCATTTCTGTAATCCCAGCACTTTGGGAGGCTGAGGCAGGTGGATCACAAGGTCGGGAGTTTGAGACCAGCCTGGCCAACATGGTGAAACTCCATCTCTACTAAAAATACAAAAATTAGCCGGGTGTAGTGGTGGGTGCCTGTAATCCCAGCTACTCAGGAGGGTGAGGCAGGAGAAACACTTGAAACTGGAAGGCGGAGGTTGCAGTGAGCCAAGATCACATCACTGCACTCTAGCCTCAGTAACAAGAGTGAAACTCCATCTCAAAAAAA"
"chr3","203352812","203353116","chr3","199388198","199388503","11","3964614","GGCCGGGAGTGGTGGCTCACGCCTGTAATCCCAACACCTTGCAAGGCTGAGACAGGGGGATCACGAGCTCAGGAGTTCGAGACCAGCCTGGCCAACATGGTGAAACCCTGTCTCTACCAAAAATACAAAAATTAACTGGGCGCAGTGGCTGGCGCCTGTATTCCCAGCTATTTGGGAAGCTGAGGCAGGAGAATCGCTTAAAACCATAAGGCAGAGGTTGCAGTGAGCCGAAATTGCGCCACTGCACTCCAGCCTGGCGAAAGAGCCAAAACTCCCTCTCAAAAAAAAAAAAAAAAGTAAACAAA","GGCCGGGAGTGGTGGCTCACGCCTGTAATCCCAACACCTTGCAAGGCTGAGGCAGGGGGATCACGAGGTCAGGAGTTCGAGACCAGCCTGGCCAACATGGTGAAACCCTGTCTCTACTAAAAATACAAAAATTAACTGGGTGCAGTGGCTGGCGCCTGTATTCCCAGCTATTTGGGAAGCTGAGGCAGGAGAATCGCTTGAAACCATAAGGCAGAGGTTGCAGTGAGCCGAAATTGCGCCACTGCACTCCAGCCTGGACGAAAGAGCAAAACTCCCTCTCAAAAAAAAAAAAAAAAAAAAAAAGAA"
"chr3","204987729","204988023","chr3","200972560","200972855","6","4015169","GGCCTGGCGTGGTGGCTCACTCCTGTAATTCCAGCACGTTGGGAGGCCGAGGCAGGCAGATGACGAGGTCACGAGTTTGAGACCAGCCTGGCCAACATGGTGAAACCCTGTCTTTACTAAAAATACAAAAATTAGCCAGGTGTGGTGGCAGCTGCCTGTAGTCCCAGCTACTTGGGAGGCTGAGGCAGGAGAATTGCTTGAAACCGAAGGCAGAGGTTGCAGTGAGCTGAGATTGCGCCATTGCACTCCAGCCTGGGCAACAAGAGCGAAACTCCGTCTCAGAAAAAATACAAAA","GGCCTGGCGTGGTGGCTCACTCCTGTAATTCCAGCATGTTGGGAGGCCGAGGCAGGCAGATGACGAGGTCACGAGTTTGAGACCAGCCTGGCCAACATGGTGAAACCCTGTCTTTACTAAAAATACAAAAATTAGCCAGGTGTGGTGGCAGCTGCCTATAGTCCCAGCTACTTGGGAGGCTGAGGCAGGAGAATTGCTTGAAACCGGAAGGCAGAGGTTGCAGTGAGCCGAGATTGCGCCATTGCACTCCAGCCTGGGCAACAAGAGCAAAACTCCGTCTCAAAAAAAATACAAAA"
"chr3","205060156","205060312","chr5","46533153","46533308","22","158527003","GGCCAGGTGCGATGGCTCACGCCTGTAATCCCAGCACTTTGGGAGGCCGAGACAGGCAGATCACAAGGTCAGGAGTTCGAGAGCAGCCTGGCCAATATGGTGAAAGCTTGTCTCTACTATAAATATAAAAATTAGCCGGGCATGGTGGCGGGCACCT","GGCCAGGTGCGGTGGCTCACACCTGTAATCCCAGCACTTTGGGAGACTGAGGCGGATGGATCACGAGGTCAGGAGTTCGAGACCAGCCTGGCCAACATGGTGAAACCCTGTTTCTACTAAAAATACAAAAATTAGCCGGGCATAGTGGTGGGTGCC"
"chr4","2595817","2596017","chr6","43636622","43636822","21","41040805","GGCCAGGTGCGGTGGCTCACGCCTGTTATCCCAGCACTTTGGGAGGCTGAGGCGGGCGGATTACGAGGTCAGGAGTTTGAGACCAGCCTGACCAACATGGTGAAATCGTGTCTCTACTAAAAATACAAAAATTAGCCGGGTGTGGTAGCAGGCGCCTGTAATCATAGCTACTCGGGAGGCTGAGGCAGGAGAATTGCTTGA","GGCCAGGCACGGTGACTCACACCTGTAATCCCAGCACTTTGGGAGGCCGAGGCAGGTGGATCATGAAGTCAGGAGTTTGAGACCATCCTGACCAACATGGTGAAACCCTGTCTCTACTAAAAATACAAAAATTAGCCGGGTGTGGTGGCGGGCACCTGTAATCCTAGCTACTCGGGAGGCTGAGGCAGAAAATTGCTTGAA"
"chr4","2610756","2610938","chr11","126036905","126037089","21","123426149","GGCCAGGCGCAGTGGCTCACGCCTGTAATCCCAGCACTTTGGGAGGCAGAGGCGGGCGGATCACGAGGTCAGGAGTTCGAGACCAGCCTGGCCAACATGGCGCAACCTCATCTCTACTAAAAATACAAAAATTAGCTGGGCATGGTGGCAGGTGCCTGTAATCCCAGTTACTTGGGAGGCTGA","GGCTGGGCGTGGTGGCTCACACCTGTAATCCCAGCACTTTGGGAGGCCAAGGCGGGCAGATCACAAGGTCAGGAGTTCGAGAACAGCCTGGCCAATATGGTGAAACCCCATCTCTACTAAAAATACAAAAATTAGCCAGGCGTGGTGGCAGGTGCCTGTAATCCCAGCTACTTGGAAGGCTGAAG"
"chr4","3243109","3243400","chr4","3169747","3170045","11","73362","GGCCAGGCACGGTGGCTCACGCCTTAATCCCAGCACTTTGGGAGGCTGAGGCGGGTGGATCACGAGCTCAGGAGTTCAAGACCAGCCTGGCCAACATGGTGAAACCCCCTCTATACTAAAAATACAAATATTAGCTGGGCGTGGTGGCAGGCGCCTGTAATCCTAGCTACTTGGGAGGCTGAGGCAGGAGAACAGCTTGAAACTGGAAGGTGGAGTTTGCAGTGAGCCGAGATTGCGCCACTGCACTCCAACCTGGGCAACAAGAGCGAAACTCTATCTCAAAAAAAAAAAA","GGCCAGGCACGGTGGCTCATGCCTTAATCCCAGCACTTTGGGAGGCTGAGGCGGGTGGATCACGAGCTCAGGAGTTCAAGACCAGCCTGGCCAACATGGTGAAACCCCCTCTATACTAAAAATACAAATATTAGCTGGGCGTGGTGGCAGGCGCCTGTAATCCTAGCTACTTGGGAGGCTGAGGCAGGAGAACAGCTTGAAACCGGAAAGTGGAGTTTGCAGTGAGCCGAGATTGCACCACTGCACTCCAACCTGGGCAACAAGAGCGAAACTCTATCTCAAAAAAAAAAAAAAAAAAA"
"chr4","5360525","5360822","chr4","5412191","5412485","8","51666","GGCCGGGCGCGGTGGCTCATGCCTGTAATCCCAGCACTTTGGGAGGCCGAGGTGGGCAGAACACGAGGTCAGGAGTTAGAGGCCAGCCTGGCCAACATGGTGAAACCCCGTCTCTACTAAAAATACAAAAATTAGCCTGGCGTGGTGGCTGACGCCTGTAATCTCAGCTACTCGGGAGGCTGAGGCAGGAGAATCGTTTGAAACTGGAAGGCAGAGGTTGCAGTGAGCCGAGATCGCGTCACTGCACTCCAGCCTTGGTGAAAGAGCGAAACTCCATCTCAAAAAAAAAAAAAAAAAA","GGCCGGGCGCGGTGGCTCATGCCTGTAATCCCAGCACTTTGGGAGGCCGAGGTGGGCGGAACATGAGGTCAGGAGTTAGAGGCTAGCCTGGCCAACATGGTGAAACCCCGTCTCTACTAAAAATACAAAAATTAGCCTGGCGTGGTGGCTGACGCCTATAATCTCAGCTACTCGGGAGGCTGAGGCAGGAGAATCGTTTGAAACTGGAAGGCAGAGGTTGCAGTGAGCCGAGATCGCGTCACTGCACTCCAGCCTTGATGAAAGAGCGAAACTCCATCTCAAAAAAAAAAAAAAA"
"chr4","11013358","11013663","chr9","45643452","45643760","52","34630094","CGGGCGTGGTGGCTCACGCCTGTAATCCCAGCACTTTGGGAAGCTGAGGTGGGCGGATCACAAGGTGAGGAGTTCGAGACCAGCCTGGCCAAGATGGTGAAACCCTGTCTCTACTAAAAACAATGAAAAAAATTAGCCAGGCGCGGTGGCAGGTGCTTGTAATCCCAACTACTCAGGTGGCTAAAGCAGGAGAATCGCTTGAAACCCGAAGGCAGAGGTTGCGGGGAGCCGAGATTGCGTCACTGCACTTCAGCTTGGGCAAAACAGACAAATTCTGTCAAATAAAAAAAGAAGGAAAGAAAGAAA","GGCCGGGCACAGTGGCTCATGCCTGTAATCCCAGCACTTTGGGAGGCTGAGGCCGGCGGATCATAAGGTCAGAAGTTCAAGACCAGCCCGGCCAACATGGTGAAACCCTGTCTCTACTAAAAATACAAAAATTAGCCAGGCGTGGTGGCATGTGCCTGTAATCCCAGCTACTCAGGAGGCTGAGGCAGGAGAATAGCTTGAAACCGGAAGGCAGAGTTTGCAGTGAGCTGAGATTGTGCCATTGCACTCCAGCCTAGGCAACAAGAGCAAAACTCTGTCTCAAAAAAAAAAAGAAAGAAGAAGAAGAAA"
"chr4","14149250","14149546","chr9","66316060","66316358","38","52166810","GGCCGGGTGCGGTGCCTCATGCCTGTAATCCCAGCACTTTGGGAGGCCAAGGCAGGTGGATCACAAGGTCAGGAGTTTCGGACCTGCCTGGCCAATATGGTGAAACCCCATCTCTACTAAAAATATAAAGATTAGCGGGCGTGATGGCGGGCGGCTGTAGTCCCAGCTACTTGGGAGGCTGAGGCAGGAGAATAGCTTGTACCAGGGAGGCGGAAGTTGCAGTGAGCCGAGATGGCGCCACTGCACTCCAGCCTGGGCAACAAGAGTTGAAACTCTGTCTCAAAACAAACAAACAAA","GGCCAGGTGCGGTGGCTCATGCCTGTAATCCCAGCACTTTGGGAGGCCAAGGCAAGTGGATCACAAGGTCAGGAGTTCGAGACCAGCCTGGCCACCATGGTGAAACCCCATCTCTACTAAAAATACAAAAAATTAGCCAGGCATGGTGGCAGGCGCCTGTAATCCCAGCTACTCGGGAGGCTGAGGCAGGAGAATCGCTTGAATCTGGGAGGCGGAGGTTGCAGTGAGCCAAGATCACCCCACTGCACTCCAACCTGGGCAACAAGAGTGAAACTGTCTCAAAAAAAAAAAAAAAAAAA"
"chr4","15468747","15469024","chr4","15242822","15243118","37","225925","GGTCGAGTGCAGTGGCTCGTACCTGTAATCCCAGCACTTTGGAAGGCCGAGGCGGGCGGATAACAAGGTCAGGAGTTCGAGACCAGCCTGGCCAACATTGTGAAACCCCATCTCTACTAAAAATACAAAAATTAGCCACGCGTGGTGACTGGTGCCTGTAATCCCAGCTACTCGGGAGGCTGAGGCAGGAGAATCACTTGAGGCGGAGGTTGCAGTGAGCCAGGGTGACAACAGCCTGGGTGACAAGAGCAAGACTCCGTCTCAAAAAAAAAAAAAAA","GGCCGAGTGCAGTGGCTCATACCTGTAATCCCAGCACTTTGGAAGGCCGAGGCGGGCGGATAACAAGGTCAGGAGTTCGAGACCAGCCTGGCCAACATGGTGAAACCCCGTCTCTACTAAAAATACAAAAATTAGCCACGCGTGGTGACTGGTGCCTGTAATCCCAGCGACTCGGGAGGCTGAGGCAGGAGAATCACTTGAACCCAGTAGGCAGAGGTTGCAGTGAGCCGAGATTGCACCAGTGCACTCCAGCCCGGTCAACAAGTGTGAAACTCCATCTCAAAAAATAAAATAAAA"
"chr4","17305850","17306025","chr1","215775008","215775184","23","198469158","GCCAGGCGTGGTGGCTCACACCTGTAACCCAGCACTTCGGGAGGCCAAGGTGGGTGGATCACGAGATCAGGAGTTTGAGATGAGCCTGGCCAACATGGTGAAACCCCATCTCTACCAAAATAGAAAAAAATTAGCCAGGCGTGGTGGCAGATGCCTGTAATCCCAGCTACTCGGGA","GGCCAGGCGCGGTGGCTCACACCTGTAATCCCAGCACTTTGGGAGGCCGAGGTGGATGGACCATGAGGTCAGGAGTTTGAGACCAGCCTGGCCAACATGGTGAAGCCCCGTCTCTACTAAAATGCAAAAATTAGCCAAGCGTGGTGGCAGGTGTCTGTAGTCCCAGCTACTTGGGAG"
"chr4","20026676","20026942","chr4","19868568","19868839","12","158108","GGCCAGGTGCGGTGGCTCACGCCTGTAATCCTAGCACTTGAGGTCAGGAGTTCGAGACCAGCCTGGCTAATGTCGTGAAACCCCATCTCTACTAAATACAGAAAAATTAGCTGGGTGTTATGGCAGGCACCTATAATTCCACCTATTTGGGAGACTGAGGTGGGAGAATTGCTTGAAACCTGAGTTGCAGTGAGCCAATGTTGCGCCACTGCATTCCAGCCTGGGCAACAAAGTGAGACTCCTTCTCAAAACAAAAACAAAAACAAA","GGCCAGGTGCGGTGGCTCACGCCTGCAATCCTAGCACTTGAGGTCAGGAGTTCGAGACCAGCCTGGCTAATGTGGTGAAACCCCATCTCTACTAAATACAGAAAAATTAGCTGGGTGTTATGGCAGGCACCTGTAATTCCACCTATTTGGAAGACTGAGGAGGGAGAATTGCTTGAAACCTGAGTTGCAGTGAGCCAATGTTGTGCCACTGCACTCCAGCCTGGGCAACAAAGTGAGACTCCTTCTCAAAAAAAAACAAAAACAAAAACAAA"
"chr4","21519512","21519796","chr4","21392781","21393066","9","126731","GCTCACGCCTGTAATCCCAGGACTTTGGGAGGCCGAAGAGGGTGGATCATGAGCTCAGGAGTTCGAGACCAGCCTGGCCAACATGGTGAAACCCCCGTCTCTACTAAAACTACAAAAATTAGCTGGGCATGGTGGTGGGCACCTGTAATCCTAGCTATTCAGAAGGCTGAGGCAAGAGAATCTCTTGAAACCGGAAGGCAGAGATTGCAATGAGCCAAGATCTTGCCACTGCGCTCCAGCCTGGGTGAAAAAGTGAAACTTCATCTCAAAAAAAAAAAAAGAAAA","GCTCACACCTGTAATCCCAGGACTTTGGGAGGCCGAAGAAGGTGGATCATGAGCTCAGGAGTTCGAGACCAGCCTGGCCAACATGGTGAAACCCCCGTCTCTACTAAAACTACAAAAATTAGCTGGGCATGGTGGTGGGCACCTGTAATCCTAGCTACTCAGAAGGCTGAGGCAAGAGAATCTCTTGAAACCGGAAGGCAGAGGTTGCAGTGAGCCAAGATCGCGCCACTGCGCTCCAGCCTGGGTGAAAAAGTGAAACTCCATCTCAAAAAAAAAAAAAAGAAAA"
"chr4","25196964","25197173","chr9","116455771","116455985","85","91258807","GACTAGCCTGGCAACATGGCAAAACACCGTCTCTATAAAATAAAAATTAAAAAAAAATTAAATGTCTTAGCCTGATGTTCAGAGCACTGCATAACCCAGATTTATAATCAGTCGGTAGAGGAACTAGAGGCACAGGTGGCTACTGAGCACTTGAAATGGGGCTAATGTGGACAGAGTGAAAGTCCGTCTCAAAAAAAAAAAAGAAAGAAA","GACCAGCCTGGCCAGCATGGCGAAACCCCATCTCTACTAAAAATACAAAAATTAGCAGGGCATGGTGTCAGGTGCCTATAATCCCAGCTACACGGAAGGCTGAGGCCGGAGACTCGCTTGAAACCAGGAGGCAGAAGTTGCAATGAGCTGAGATCGCACCACTGCACTCCAGCCTGGAACTCCGTCAAAAAAAAAAAAAAAAAAAAAAGGAAGAA"
"chr4","27383725","27384014","chr4","27350513","27350804","11","33212","GGTCGGGCGCAGTGGCTCACACCTGTAATCCCAGCACTTTGGGAGGCCTAGTGGGCAGATCATGAGGTCAGGAGTTCGAGACCATCCTGGCCAAGATGGTGAAACCCCATCTCTACTAAAAATACAAAAATTATCAGGGCGTGGTGGTGGGTGCCTGTAATCCCAGCTACTCGAGAGGCTGAGGCTGAAGAAGCTCTTGAAATGGAAGGTGGAGGTTGCAGTAAGCCAAGATCATGCCACCACACTCCAGCCTGGGCAACAACAGTGAAACTCCATCCAAAAAAAAAAAA","GGTCAGGCGCAGTGGCTCACATCTGTAATCCCAGCACTTTGGGAGGCCTAGTGGGCAGATCATGAGGTCAGGAGTTCGAGACCATCCTGGCCAAGATGGTGAAACCCCATCTCTACTAAAAATACAAAAATTATCAGGGCGTGTTGGTGGGTGCCTGTAATCCCAGCTACTCGAGAGGCTGAGGCAGAAGAAGCTCTTGAAACGGAAGGCAGAGGTTGCAGTAAGCCAAGATCTTGCCACCACACTCCAGCCTGGGCAACAACAGTGAAACTCCATCAAAAAAAAAAAAAAA"
"chr4","28012504","28012659","chr4","27992901","27993056","1","19603","GGCCGGGCACGTTGGCTCACGCCTATAATCCCAGCACTTTGGGAGGCTGCGGTGGGTGAATCACGAGGTCAGGAGTTCAAGACCAGCCTGGCCAACATGTGAAACCCCGTCACTACTAAAAATACAAAAACTTAGCTGGGCATAGTGGTGGGTGCC","GGCCGGGCACGTTGGCTCACGCCTGTAATCCCAGCACTTTGGGAGGCTGCGGTGGGTGAATCACGAGGTCAGGAGTTCAAGACCAGCCTGGCCAACATGTGAAACCCCGTCACTACTAAAAATACAAAAACTTAGCTGGGCATAGTGGTGGGTGCC"
"chr4","30458637","30458923","chr4","30462084","30462370","5","3447","GGGCGCGGTAGCTCACGCCTGTAATCCCGGCACTTTGGGAGGCCGAGGCTGGCAGATCACGAGGTCAGGAGTTCGAGACCAGCCTGGCCAACATGGTCAAACCCCATCTCTACTAAAAATGCAAAAATTTGCCGGGTGTGGTGGCAGGCGCCTGTAATCTCAGCTACTCAGGATGCTGAGGCAAGAAAATTGCTTGAAACCAGAAGGTGGAGGTTGCAGTGAGCAGAGACCGTGCCACTGCACTCTAGCCTGGACAAAAAGAGTAAAACTCCATCTCAAAAGATAAA","GGGCGCAGTAGCTCATGCCTGTAATCCCAGCACTTTGGGAGGCCGAGGCTGGCAGATCACGAGGTCAGGAGTTCGAGACCAGCCTGGCCAACATGGTCAAACCCCATCTCTACTAAAAATGCAAAAATTTGCCGGGTGTGGTGGCAGGCGCCTGTAATCTCAGCTACTCAGGATGCTGAGGCAAGAAAATTGCTTGAAACCAGAAGGCGGAGGTTGCAGTGAGCAGAGACCGTGCCACTGCACTCTAGCCTGGACAAAAAGAGTGAAACTCCATCTCAAAAGATAAA"
"chr4","37522273","37522588","chr4","37061087","37061399","16","461186","GGCTGGGCACCATGGCTCACGCCTGTAATCCTAACACTCTGGGAGGCCAAGGCGGGTGGATCACGAGGTCAGAAGTTTGAGACCAGCCTGGCCAACATGGTGAAACCCCGTCTCTACTAAAAATACAAAAATTAGCCAAGCGTGCTGGTGGGCACCTGTAATCCCAGCTACTCGGGAGGCTGAGGCAGGAGAATCGCTTGAAACTGGAAGGCAGAGGTTGCAGTGGGCCGAGATCGAGATCGCACCACTGCGCTCCAGCCTGGGCGAAAGAGTGAAACTCCATCTCAAAAACAGAAAAAACAAAAAAAAACAAGAA","GGCTGGGCGCCATGGCTCACGCCTGTAATCCTAACACTCTGGGAGGCCAAGGCGGGTGGATCACAAGGTCAGAAGTTCGAGACCAGCCCGGCCAACATGGTGAAACTCCGTCTGTACTAAAAATTCAAAAATTAGCCAGGCGTGCTGGTGGGCACCTGTAATCCCAGCTACTCGGGAGGCTGAGGCAGGAGAATCGCTTGAAACTGGAAGGCGGAGGTTGCAGTGGGCCGAGATCGAGATCGCACCACTGCACTCCAGCCTGGGCAAAAGAGTGAAACTCCATCTCAAAGAAAGAAAAAAAAAAAAAAAAGAA"
"chr4","37953903","37954190","chr4","37495779","37496066","6","458124","GGCTGGGCGTAGTGGCTCACACCTGTAATCCCAGCACTTTGGGAGGCCGAGGCAGGCGGATCACGAGGTCAGGAGATCAAGACCAGCCTGGCCAACATGGTGAAACCCCCATCTCTACAAAAAATACAAAAATTAGCCGGGCCTGGTGCCGGGCCCCTGTAATCCCAGCTACTTGGGAGGTGGAGGCAGGAGAATCACTTGAAACCGGAAGGCGGAGGTTGCAGTGAGCCAAGATTGCAGCATTGCACTCCAGCCTGGGCAACAAGAGTGAAACTCCATCTCAAAAAA","GGCTGGGCGTGATGGCTCACACCTGTAATCCCAGCACTTTGGGAGGCTGAGGCAGGCGGATCACGAGGTCAGGAGATCAAGACCAGCCTGGCCAACATGGTGAAACCCCCATCTCTACAAAAAATACAAAAATTAGCCAGGCCTGGTGCCGGGCCCCTGTAATCCCAGCTACTTGGGAGGTGGAGGCAGGAGAATCGCTTGAAACCGGAAGGCAGAGGTTGCAGTGAGCCAAGATTGCAGCATTGCACTCCAGCCTGGGCAACAAGAGTGAAACTCCATCTCAAAAAA"
"chr4","39230047","39230344","chr4","38793102","38793408","14","436945","CCAGGCGCGGTGGTTCACGCCTGTAATCCCAGCACTTTGGGAGGCTGAGGCAGGTGGATCATGGGGTCAGGAGTTGGAGATCAGGCTGGTCAATATGATGAAACCCCGTCTCTACTACAAATACAAAAATTAGCCAGGCATGGTGGTGGGCGCCTGTAATCCCACCTACTCGGGAGGCTGAGACAGGAGAATCACTTGAAACTGGAAGGCAGAAGTTGCAGTGAGCTGAGATCATGCCATTGAACTCCAGCCTGGGCAACAAGAGTGAAACTTCATCTCCAAAAAAAAAAAAAAAAAA","CCAGGCGCGGTGGTTCACGCCTGTAATCCCAGCACTTTGGGAGGCTGAGGCAGGTGGATCATGAGGTCAGGAGTTGGAGATCAGGCTGGTCAACATGATGAAACCCCATCTCTACTACAAATACAAAAATTAGCCAGGCATGGTGGTGGGCGCCTGTAATCCCACCTACTCGGGAGGCTGAGGCAGGAGAATCACTTGAAATTGGAAGGCAGAAGTTGCAGTGAGCTGAGATCATGCCATTGAACTCCAGCCTGGGCAACAAGAGTGAAACTTCATCTCCAAAAAAAAAAAAAAAAAAAAAAAAAAA"
"chr4","39341729","39341900","chr15","63546490","63546662","17","24204761","GGCCAGGCGCGGTGGCTCATGCCTGTAATCCCAGCACTTTGGGAGCCCGAGGTGAGTGGATCACGAGGTCAGGAGTTCGAGACCAGCCTGGCCAACATGGTGAAACCCCGTCTTTATTAAAAATACAAAAATTAGCCAGGCGTAGTGGTGGGTGCCTGTAATCCCAGCTACT","GGCCGGGCACGGTGGCTCACGCCTGTAATCCCAGCACTTGGGGAGGCCGAGGTGGGTGGATCCCGAGGTCAGGAGTTTGAGACCAGCCTGGCCAACATGGCGAAACCCTGTCTCTACCAAAAATACAAAAATTAGCCAGGCATGGTGTTGGGTGCCTGTAATCCCAGCTACTC"
"chr4","39442137","39442428","chr4","39015931","39016223","11","426206","GGCTGGGCGCAGTGGCTCACACCTGTAATCCCAGCACTTTGGGAGGCTGATGTGGGCAGATCACGAGGTCAGGAGTTCGAGACCAGCCTGGCCAACATGGTGAAACCCTGTCTCTACTAAAAATACAAAAATTAGCTGGGCAAGGTGGCAGGCACTGGTAATCCCAGCTACTTGGGAGGCTGAGACAGAAGAATCGCTTGAAACTGGAAGGCAGAGGTTGCAGTGAGCCGAGATTGCACCACTGCACTCCAGCCTGGGCAAAAGAGCGAAACTCTGTCTCAAAAAAAAAGAA","GGCTGGGCGCAGTGGCTCACGCCTGTAATCCCAGCACTTTGGGAGGCTGACGTGGGCAGATCACAAGGTCAGGAATTCGAGACCAGCCTGGCCAACATGGTGAAACCCCATCTCTACTAAAAATACAAAAATTAGCTGGGCAAGGTGGCAGGCACCGGTAATCCCAGCTACTTGGGAGGCTGAGACAGAAGAATCGCTTGAAACTGGAAGGCGGAAGTTGCAGTGAGCCGAGATTGCACCACTGCACTCTAGCCTGGGCAAAAGAGCGAAACTCTGTCTCAAAAAAAAAAGAA"
"chr4","40840557","40840771","chrX","54691581","54691795","26","13851024","GGCTGGGCACGGTGGCTCACGCCTGTAATCCCAGCACTTTGGGAGGCCAAGACGGGCAGATCACAAGGTCAGGAGTTTGAGACCAGCCTGGCCAACATGGTGAAACCCTGTCTCTACTAAAAATACAAACAAAAATTAGCCAGGAGTGGTGGCAGGTACCTGTAATCCCAGCTACTCTGGAGGCTGAGGCAGGAGAATCGCTTGAAACCAGAAGG","GGCCGGGCACAGTGGCTCACGCGTGTAATCCCAGCACTTTGGGAGGCTGAGGTGGGCGGATCATGAGGTCAGGAGTTCGAGACCAGCCTGGCCAACATGGTGAAACCCCGTCTCTACTAAAAACACACAAAAAATTAGCTGGGTGTGGTGGTGGGTGCCTGTAATCCCAGCTACTCGGGAGGCTGAGGAAGGAGAATCACTTGAAACAAGAAGGC"
"chr4","42362604","42362894","chr4","42066227","42066517","4","296377","GGCTGGGCGCAGTGGCTCACACCTGTAATCCCAGCACTTTGGGAAGCCAAGGCGGGTGGATCACAAGGTCAGGAGTTCCAGACCAGCCTAGCCAATGTGATGAAACCCCGTCTCTACTAAAACTACAAAAATTAGCCGGGCGTGGTGGTGCACGCCTGTAATCTCAGCCAATCAGGAGGCTGAAACCAGAAGGCGGAGATTGCAGTGAGCCAAGATTGTGCCATTGCACTCCAGCCTGGGCAACAAGAGCGAAACTCCATCTCAAAAAATAAATAAATAAAAATAAATAAA","GGCTGGGCACAGTGGCTCACACCTGTAATCCCAGCACTTTGGGAAGCCAAGGAGGGTGGATCACAAGGTTAGGAGTTCCAGACCAGCCTAGCCAATGTGATGAAACCCCGTCTCTACTAAAACTACAAAAATTAGCCGGGCGTGGTGGTGCATGCCTGTAATCTCAGCCAATCAGGAGGCTGAAACCAGAAGGCGGAGATTGCAGTGAGCCAAGATTGTGCCATTGCACTCCAGCCTGGGCAACAAGAGCGAAACTCCATCTCAAAAAATAAATAAATAAAAATAAATAAA"
"chr4","43657822","43658091","chr1","146841203","146841480","43","103183381","GTAATCCCAGCACTTTGGGAGGCCAAGGTGGGCGGATCATGAGGTCAGTAGTTCGAGACCAGCCTGGCCAACATGGTGAAACCCAGTCTCTACTAAAAATTAGCTGGATGTGATGGCAGGTGCCTGTAATCCCAGCTACTTGGGAGGCTGAGGCAGGAGAATACCTTGAAACTGGAAGGTGGAGGTTGCAGTGAGCTGAGATCATGCCACTGCATTCCAGCCTGGACAAAAAAGCGAAACTTCATTCTCAAAAGAAAAAATAAAAAAAAA","TGTAATCCCAGCACTTTGGGAGGCTGAGGTAGGTGGATCACGAGGTCAGGAGTTCGAGACCAACCTGGCCAACATGGTGAAACCCCATCTCTACTAAAAATACAAAAATTAGCTGGGCATGGTGGCGGGCGCCTGTAATCCCAGCTACTTGGGAGGCTGAGGCAGGAGAATCGCTTGAAACCAGAAGGCGGAGGTTGCGGTGAGCCAATATCGCACCACTGCACTCCAGCCTGGGCAAAAGAGCGAAACTCCATCTCAAAAAAAAAAAAAAAAAAAAA"
"chr4","44755479","44755769","chr4","44402776","44403068","7","352703","CAGGTGCAGTGGCTCACGCCTGTAATCCCAGCACTTTGGGAGGCCAAGGCGGGTGGATCATGAGGTCAGGAGTTCAAGACCAGCCTGGCCAACATGATGAAACCCTGTCTCTACTAAAAATACAAAAATTGGCTGAGTGTGGTGGCAGGTGCCTGTAATCCCAGCCACTTGGGAGGCTGAGTCAGGAGAATTGCTTGCAACTGGAAGGCACAGGTTGAATGAGCTGAGATGGCACCACTGTACTCCAGCCTGGGTGAAACAGCAAAACTCTGTCTCAAGAAAAAAAAAAAA","CAGGTGCAGTGGCTCACACCTGTAATCCCAGCACTTTGGGAGGCCAAGGTGGGTGGATCATGAGGTCAGGAGTTCAAGACCAGCCTGGCCAACATGATGAAACCCCGTCTCTACTAAAAATACAAAAATTAGCTGAGTGTGGTGGCAGGTGCCTGTAATCCCAGCTACTTGGGAGGCTGAGTCAGGAGAATTGCTTGCAACTGGAAGGCACAGGTTGCAATGAGCTGAGATGGCACCACTGTACTCCAGCCTGGGTGAAACAGCAAAACTCTGTCTCAAGAAAAAAAAAAAAA"
"chr4","45927825","45928122","chr4","95132302","95132596","9","49204477","GCAGGGCACAGTGGCTCACGCCTGTAATCCCAGCACTTTGGGAGGCCGAGGCGGGAGGATCACGAGGTCAGCAGTTCGAGACCAGCCTGACCAACATGGTGAAACACCATCTCTACTAAAAATACAAAAAAATTAGCTGGGCATGGTGGCAGGTGCCTGTAATCACAGCTACTTGGGAGGCTGAGGCAGGAGAATGGCTTGAAACTGGAAGGCGGAGGTTACAGTGAGCCAAGATTGCACCATTGCACTCTAGCCTGGGCAACAAGAGCAAAACTCCATCTACAAAAAAAAAAAAAAA","GCAGGGCATGGTGGCTCACGCCTGTAATCCCAGCACTTTGGGAGGCCGAGGCGGGAGGATCACGAGGTCAGCAGTTCGAGACCAGCCTGACCAACATGGTGAAACCCCATCTCTACTAAAAATACAAAAAAATTAGCTGGGCATGGTGGCGGGTGCCTGTAATCACAGCTACTTGGGAGGCTGAGGCAGGAGAATGGCTTAAAACTGGAAGGCGGAGGTTGCAGTGAGCCAAGATTGCACCATTGCACTCTAGCCTGGGCAACAAGAGCAAAACTCCATCTCAAAAAAAAAAAAA"
"chr4","47651218","47651417","chr6","110332874","110333074","23","62681656","GGCTGGGCACAGTGGCTCACACTTGTAGTCCCAGTACTTTGGGAGGCAGAGGCAGGCAGATCACAAGGTCAGGAGTTTGAGACCAGCCTGACCAACACAATGAAACCCCGTCTGTACTAAAAATACAAAAATTAGCTGGGTGTGGTAGCGGGCACCTGTAATCCCAGCTACTTGGGAGGCTGAGGCAGGAGAATCGCTTG","GCCGGGCATGGTGGCTCACACCTGTAATCCCAGCACTTTGGGAGGTCAAGGCAGGCAGATCACAAGTTCAGGAGTTCGAGACCTGCCTGGCCAACACAGTGAAACCCCATCTCTACTGAAAATACAAAAATTAGCTGGGCGTGGTGGCAGGCACCTGTAATCCCAGCTACTTGGGAGGCTGAGGCAGGAGAATCACTTGAA"
"chr4","49711501","49711667","chr4","91294473","91294639","3","41582972","TCCCAGCACTTTGGGAGGCCGAGGTGGGTGGATCACGAGGTCAGGAGTTCAAGACCAGACTGGCCAACATGGTGAAATTCCATCTCTACTAAAATTACAAAAATTAGCTAGGCGTGATGGTGGGCGCCTGTAATCCCAGCTACTCAGGAAGCTGAGGCAGAAGAATC","TTCCAGCACTTTGGGAGGCCGAGGTGGGTGGATCACGAGGTCAGGAGTTCAAGACCAGACTGGCCAACATGGTGAAATTCCGTCTCTACTAAAATTACAAAAATTAGCTAGGCATGATGGTGGGCGCCTGTAATCCCAGCTACTCAGGAAGCTGAGGCAGAAGAATC"
"chr4","51132115","51132395","chr4","89891999","89892280","7","38759884","GGCTGGGTGCGGTGGCTCACCCCTGTAATCCCAGCACTTTGGGAGGCCAAGGCGGGTGGATCACGAGGTCAGGAGTTTGAGACCAGCCTGGCCAACATGGTGAAACCCCATCTCTACTAAAAATAGAAAAATTAGCCAGGCATGTTGGCAGGTGCCAGCTGAGCCAGGAGAATCACTTGAAACTGGAAGACAGAGGTTGCAGTGAGCCAAGATCGCACCACTGCACTCCAGTCTGGGCGAAAGAGCGAAACTCTGTCTACAAAAAAAAAAAAAAAAAGAAA","GGCTGGGTGCGGTGGCTCACCCCTGTAATCCCAGCACTTCGGGAGGCCAAGGCGGGTGGATCACGAGGTCAGGAGTTTGAGACCAGCCTGGCCAACATGGTGAAACCCCATCTCTACTAAAAATAGAAAAATTAGCCAGGCATGTTGGCAGGTGCCAGCTGAGCCAGGAGAATCACTTGAAACTGGAAGACAGAGGTTGCAATGAGCCAAGATCGCACCACTGCACTCCAGTCTGGGCGAAAGAGCGAAACTCTGTCTCAAAAAAATAAATAAATAAATAAA"
"chr4","53548380","53548676","chr15","56223449","56223745","30","2675069","GGCTGGGTGTGGTGGCTCATGCCTATAATCCCAACATTTTGGGAGGCCAAGGTGGGCGGATCACAAGGTCAGGAGTTCGAGACCAGCCTGGCCAACATGGTGAAAGCCTGTCTCTACTAAAAATACAAAAATTAGCCGGGCATGGTGGTGGCCACCTGTAATCCCAGCTACTCAGGAGACTGAGGCAGGAGAATCGCTTGAAACCGGAAGGCAGAGGTTGCAGTGAGCTGAGATTATGCCACTGCACTCCAGCTTGGGCAACAAGAGCGAAACTCCATCTCAAAATAAATAAATAAA","GGCTGGGCGTGGTGGCTCATGCCTGTAATCCCAGCACTTTGGGAGGCCTAGGCTGGTGGATCACAAGGTCAGGAGTTCAAGACCAGCCTGGCCAACATGGTGAAACCCTGTCTCTACTAAAAATACAAAAATTAGCTGGGCATGGTGGCGTGCACCTGTAATCCCAGCTACTCGGGAGGCTGAGGCAGGAGAATCACTTGAAACTGGAAGGTGGAGTTTGCAGTGAGCCGAGATCATGCCACTGCACTCCAGGCTGGGCAACAAGAGCAAAACTCCGTCTCAAAAAAAAAAAAAAAA"
"chr4","53963441","53963745","chr4","87011387","87011691","3","33047946","GGCCGGGTGCAGTGGCTCATGTCTGTAATCCCAGCACTCTGGGAGGCCGAGGCGGGCAGATCATGAGGTCAGGAGTTCAAGACCAGCCTGGCTAACATGATGAAACCCCATCTCTACTAAAAATACAAAAATTAGCTGAGCGTAGTGGCAGGCACCTGTAATCCCAGCTACTTAGGAAGCTGAGGCAGGAGAATCGCTTGAAACCAGAAGGCGGAGGTTGCAGGGAGCGGAGACTGCACCACGGCACTCCAGCCTGGGCAAAAGAGCAAAACTCCATCTCAAAAAATAAAAAATAAATTAAAAAA","GGCCGGGTGCAGTGGCTCATGTCTGTAATCCCAGCACTCTGGGAGGCTGAGGCGGGCAGATCATGAGGTCAGGAGTTCAAGACCAGCCTGGCTAACATGATGAAACCCCATCTCTACTAAAAATACAAAAACTAGCTGAGCGTAGTGGCAGGCGCCTGTAATCCCAGCTACTTAGGAAGCTGAGGCAGGAGAATCGCTTGAAACCAGAAGGCGGAGGTTGCAGGGAGCGGAGACTGCACCACGGCACTCCAGCCTGGGCAAAAGAGCAAAACTCCATCTCAAAAAATAAAAAATAAATTAAAAAA"
"chr4","54551479","54551778","chr19","38346378","38346679","35","16205101","GCCAGGCAAGGTGGCTCACACCTATAATCCCAGCACTTTGGGAGACCGAGGCGGGTGGATCACGAGGTCAGGAGTTCGAGACCAGCCTGGCCAACATGGCGAAACACCGACTCTACTAAAAATACAAGAATTAGCCAGGCGTGGTGGCGGGCACCTGTAATCCCAGCTACTCGGGAGGCTGAGGCAGGAGAATCGCTTGAACCCTGAAGGCAGAGGTTGCAGTGAGCCAAGATTGTGCCACTGCACTCCAGCCTGCACAACAAGAGCAAGACTCTGTCTAAAACAAACAAACAAAAAAAA","GGCCGGGCACGGTGGCTCACGCCTGTAATCCCAGCACTTTGGGAGGCCGAGGCGTGTGGATCACAAGGTCAGGAGTTTGAGACTAGCCTGGCCAACATGGCAAAACCCCGTCTCTACTAAAAATACAAAAATTAGCCGGGCGTGGTGGTGGGCGCCTGTAATCCCAGCTACTCGGGAGGCTGAGGTAGGAGAATCGCTTGAACCGGGAGGCGGAGGTTGCATTGAGCCGAGATCCTGCCACTGCACTCCAGCCTGGGCGACAAGAGCAAGACTCTGTCTGAAATAAAAAAAAAATAAAAAGA"
"chr4","54604790","54605081","chr4","86381098","86381395","14","31776308","GGCCAGGCGCAGTGGCTGACACCTGTAATCCCAGCACTTTGGGAAGCCGAGGCGGGTGGATCATGAGGTCAGCAGTTCGAGACCAGCCTGACCAACATGGTGAAACCCTGTCTCTACTAAAAATACAAAAAATTAGCTGGGTGTGGTGGCAAGCGCCTGTAATCCCAGCTACTTGGGAGGCTGAGGCAGGAGAATCGCTTGGAACCGGAATGTGGAGGTTGCAGTGAGCCGAGATTGTGCCACTGCACTCTAGCCTGATCAATAAAAGCAAAACTCCATCAAAAAAAAAAAA","GGCCAGGCGCAGTGGCTCACACCTGTAATCCCAGCACTTTCGGAAGCCGAGGTGGGTGGATCACGAGGTCAGCAGTTCGAGACCAGCCTGACCAACATGGTGAAACCCTGTCTCTACTAAAAATACAAAAAAATTAGCTGGGTGCGGTGGCAAGCGCCTGTAATCCCAGCTACTTGGGAGGCTGAGGCAGGAGAATCGCTTGGAACAGGAATGTGGAGGTTGCAGTGAGCCGAGATTGTGCCACTGCACTCTAGCCTGGGCAATAAAAGCAAAACTCCATCACAAAAAAAAAAAAAAA"
"chr4","59864413","59864703","chr4","81491005","81491294","3","21626592","GGCCGGGTGCGGTGGCTCATGCCTGTAATCCCAGCACTTTGGGAGGCTGAAGCGGGTGGATCACGAGGTCAGCAGTTCGAGACCAGCCTGACCAAAAAGGGGAAACCCCGTCTCTACTTAAAATACAAAAAAAATTAGCTGGGCGTGGTGGCGAGTGCCTGTAATCCCAGCTACTTGGGAGACTGAGGCAGGAGAATCGCTTGAAACCAGAAGGCAGAGGTTGCAGTGAGCCGAGATTGCACCACTGCACTTTAGCCTGGGCAATAAGAGCAAAACTTCGTCTCAAATAAA","GGCCGGGTGCGGTGGCTCACGCCTGTAATCCCAGCACTTTGGGAGGCTGAAGCGGGTGGATCACGAGGTCAGCAGTTCGAGACCAGCCTGACCAACAAGGGGAAACCCCGTCTCTACTTAAAATACAAAAAAATTAGCTGGGCGTGGTGGCGAGTGCCTGTAATCCCAGCTACTTGGGAGACTGAGGCAGGAGAATCGCTTGAAACCAGAAGGCAGAGGTTGCAGTGAGCCGAGATTGCACCACTGCACTTTAGCCTGGGCAATAAGAGCAAAACTTCGTCTCAAATAAA"
"chr4","61821732","61822035","chr4","59700342","59700643","5","2121390","GGCCAGGCACGGTGGCTCACACCTGTAATCCCAGAACATTGGGAGGCCGAGGCAGGTGGATCACAAGCTCAGGCGTTTGAGACCAGCCTGGCTAACATAGTGAAACTCTATCTCTACTAAAAAAAGTACAAAAAATTAGCTGAGCATGGTGGTGGGCACCTACAATCCCAGCTACTTGGGAGGCTGAGGCAGGAGAATCGTTTGAACCTGGGAGGCGGAGGTTGCAGTGATCCGAGATCACGCCACTGCACCTCAGCCTGGGCAATAAGAACAAAACTCCATCTCAAAAAAAAAAAATACAAAA","GGCCAGGCACGGTGGCTCACACCTGTAATCCCAGAACATTGGGAGGCCGAGGCAGGTGGATCACGAGCTCAGGCGTTTGAGACCAGCCTGGCTAACATAGTGAAACTCTATCTCTACTAAAAAAAGTACAAAAAATTAGCTGAGCATGGTGGTGGGCACCTACAATCCCAGCTACTTGGGAGGCTGAGGCAGGAGAATCATTTGAATCTGGGAGGCGGAGGTTGCAGTGATCCGAGATCACGCCACTGCACCTCAGCCTGGGCAATAAGAACAAAACTCCATCTCAAAAAAAAAAAAAAAAA"
"chr4","62303029","62303269","chr4","60472082","60472322","11","1830947","GACTGGGTGTGGTGGCTCACACCTGTAATCCCAGTGCTTTGGGAGGCCGACACAGGTGGATGATGAGGTCAGGAGTTCAAGACCAGCCTGGCCAACATGGTAAAACTCCATCACTACTAAAAATACAAAAATTAGCCGGGTGTGATGGCGGGCACCTATAATCCCAGCTACTTGGGAGGCTGAGGCAGGAGAATCACTTGAAACCAGAAGGCAGAGGTTGCAGTGAGCCGAGATCATGCCA","GGCTGGCTGTGGTGGCTCACACCTGTAATCCCAGTGCTTCGGGAGGCCGAGGCAGGTGGATGATGAGGTCAGGAGTTCAAGACCAGCCTGGCCAACATGGTAAAACTCCATCACTACTAAAAATACAAAAATTAGCCAGGTGTGATGGCGGGCACCTATAATCCCAGCTACTCGGGAGGCTGAGGCAGGAGAATTGCTTGAAACCAGAAGGCAGAGGTTGCAGTGAGCCGAGGTCATACCA"
"chr4","63573183","63573361","chr4","61786365","61786529","23","1786818","TAGTCAGGTGTGGTGGCGAAGCGCCTGTAATCCCAGCCACTCGGGAGGCTAAGGCAGGAGAATCACTTGAACCGGGAGGCAGATGTTGCAGTGAGCCGAGATCGCGCCACTGCACTCCAGCCTAGACAACAAGAGCAAGACTNNNNNNNNNNNNNNNNNNNNAAAAAAAAAAAAAAAAA","TAGTCAGGTGTGGTGGCGAGCGCCTGTAATCCCAGCCACTCGGGAGGCTAAGGCAGGAGAATCACTTGAACCGGGAGGCAGATGTTGCAGTGAGCCGAGATCGCGCCACTGCACTCCAGCCTAGACAACAAGAGCAAGACTCAAAAAAAAAAAGAAAAAGAAAAA"
"chr4","63573400","63573514","chr4","61786568","61786682","1","1786832","GGCCGGGCACGGTGGCTCATGCCTGTAATCACAGCACTTTGGGAGGCTGAGGCGGGTGGATCATAAGGTCAGTAGTTTGAGACCAGCCTGGCCAACATGGTGAAACCCCCTCTCT","GGCCGGGCACGGTGGCTCATGCCTGTAATCACAGCACTTTGGGAGGCTGAGGCGGGTGGATCATAAGGTCAGGAGTTTGAGACCAGCCTGGCCAACATGGTGAAACCCCCTCTCT"
"chr4","63659924","63660216","chr4","61872349","61872640","14","1787575","GGCCAGGCGGGGTGGCTCACGCCTATAATCTCAGCATTTTGGGAGGACGAGGCGGGCAGATCACGAGGTCAGGAGTTCGAGACCAGCCTGGCCAACATGGCGAAACCCCATCTCTATCGAAAATAGAAATATTAGCCAGTCATGGTGGCGGGCGCCTGTAATCCCAGCTACTCGGGAGCCTGAGGCAGGAGAATCACTTGAAACCAGAAGGCGGAGGTTGCAGTGAGCGGAGATCCCACCACTGCACTCCAGCCTAAGCGAAAGAGTGAAACTCTGTCTAAAACAAGAAAAAA","GGCCAGGCGGGGTGGCTCACGCCTATAATCACAGCATTTTGGGAGGACAAGGCAGGTGGATCACGAGGTCAGGAGTTCGAGACCAGCCTGGCCAACATGGCGAAACCCCATCTCTATCGAAAATAGAAATATTAGCCAGACACGGTGGGGGGCGCCTGTAATCCCAGCTACTCGGGAGCCTGAGGCAGGAGAATCACTTGAAACCGGAAGGCGGAGGTTGCAGTGAGCAGAGATCCCGCCACTGCACTCCAGCCTAGGCGAAAGAGTGAAACTCCGTCTAAAACAAAAAAAA"
"chr4","64181248","64181414","chr4","62403969","62404135","4","1777279","TAGTCAGCCATCTTGGCTGGGCCCCTGTGTGTCCCAGCTACTCCGGAGGCTGAGGCAGAAGAAACTCTTGAAACCGGAAGGCAGAGGTTGCAGTGAGCCGAGATAGCACCACTGCACTCCAGCCTGGGCAACAAGAGCAAAACTCCGTCTCAAAAAAAATAAATAAA","TAGTCGGCCATCTTGGCTGGGCCCCTGTGTGTCCCAGCTACTCCGGAGGCTGAGGCAGAAGAAACTCTTGAAACCGGAAGGCAGAGGTTGCAGTGAGCCGAGATCGCACCACTGCACTCCAGCCTGGGCAACAAGAGCAAAACTCCGTCTCAAAAAAAAAAAAAAAA"
"chr4","67847859","67848137","chr4","66206014","66206278","23","1641845","GGCCAGGCGCGGTGGCTCACGCCTGTAATCCCAGCACTTTGGGAGGCTGAGACGGGTAGATCGCAAGGTCAGGAGTTTGAGGCCAGCCTGTCCAATATGGTGAAACCCCGTCTCTCCTAAAAATACAAAAATTAGCAGGGCGTGGTGGCGGGTGCTTGTAATCCCAGGTACTCAGGAGGCTGAGGTGGGAGAATTGCTTGAAACCGCTGAGATCATGCCACTGCATTCCAGCCTGGGCAAAAAAGAGAAACTCCGTCTACAAAAAAAAAAAAAAAAAAA","GGCCAGGCGCGGTGGCTCACGCCTGTAATCCCAGCACTTTGGGAGGCTGAGACGGGTGGATCGCAAGGTCAGGAGTTTGAGGCCAGCCTGGTCAATATGGTGAAACCCCGTCTCTACTAAAAATACAAAAATTAGCAGGGCGTGGTGGCGGGTGCTTGTAATCCCAGGTACTCAGGAGGCTGGGGCAGGAGAATTGCTTGAAACCGCTGAGATCGTGCCACTGCACTCCAGCCTGGGCAAAAAAGAGAAACTCCGTCTCAAAAAA"
"chr4","73925345","73925625","chr4","72211184","72211464","2","1714161","GGCTGGGCACAGTGGCTCATGCCTGTAATCCCAGCACTTTGGGAGGCCAAGGCAGGTGGATCACGAGGTCAGGAGTTCAAGACCAGCCTGGCCAACATGGTGAAACCCCGTTTCTACTAAAAATACAAAAATTAGCCAGGCGTGGTGGTGGGCACCTGTAATCCCAGCTACTTGGGAGGCTGAGGCAAGAGAATTGCTTGAATCCGGAAGGCAGAGGTTGCAGTGAGCCAAGATTGTGCCACTGCACTCCAGCCTGGGCAACAAGAGCAAAACTCCATCTC","GGCTGGGCACAGTGGCTCATGCCTGTAATCCCAGCACTTTGGGAGGCCAAGGCAGGTGGATCACGAGGTCAGGAGTTCAAGACCAGCCTGGCCAACATGTTGAAACCCTGTTTCTACTAAAAATACAAAAATTAGCCAGGCGTGGTGGTGGGCACCTGTAATCCCAGCTACTTGGGAGGCTGAGGCAAGAGAATTGCTTGAATCCGGAAGGCAGAGGTTGCAGTGAGCCAAGATTGTGCCACTGCACTCCAGCCTGGGCAACAAGAGCAAAACTCCATCTC"
"chr4","74743733","74743899","chr16","76972112","76972280","21","2228379","CCGGGCACGGTGGCTCACGCCTGTAATCCCAGCACTTTGGGAGGCCAAGGCAGGTGGATCACAAGGTCAGGAGTTCAAGACCCACCTGGCCAACATGGTGAAACCCTGTCTCTACAAAAAATACAAAAAAATTAGCCGGGTGTGGTAGCGGGCACCTGTAATCCCAG","GGCCGGGCACGGTGGCTCATGCCTGTAATCCCAGGACTTTGGGAGGCCAAGGCGGGTGGATCACAAAGTCAGGAGTTCGAGACCAGCCTGGCCAATATGGTGAAACCCCGTCTCTACTAAAAATATAAAAATTAGCTGGGTGTGGTGGCAGGCGCCTGTAATCCCAGCT"
"chr4","84420707","84421001","chr4","48339990","48340288","12","36080717","GGCCTGGCGCAGTGTCTTACACCTGTAATCCCAACACTTTGGGAGGCCAAGGCAGGAGGATCATGAGGTCAGGAGTTCAAGATCAGCCTAGCCAACATGGCGAAACCCCGTCTATACTAAAAATACAAAAATTAGCTGAGTGTGGTGGCGGGCACCTATAATCTGAGCTACTTGGGAGGCTGAGGCAGGAGAATTGCTTGAAACCAGAAGATGGAGGTTGCAGTGAGCTGAGATGACACCACTGCACTCCAGCCTGGGCAACAAGAGCGAAACTCCATCTCAAAAAAAAAAAAAA","GGCCTGGCGCAGTGTCTCACACCTGTAATCCCAACACTTTGGGAGGCCAAGGCAGGCGGATCATGAGGTCAGGAGTTCAAGACCAGCCTAGCCAACATGGCGAAACCCCGTCTATACTAAAAATACAAAAATTAGCTGAGTGTGGTGGCGGGCACCTATAATCTGAGCTACTTGGGAGGCTGAGGCAGGAGAATTGCTTGAAACCAGAAGATGGAGGTTGCAGTGAGCTGAGATGACACCACTGCACTCCAGCCTGGGCAACAACAACAAAAAAAACTCATCTCAAAAAAAAAAAAAAA"
"chr4","84519121","84519411","chr4","48239608","48239907","16","36279513","GGCTGGGTGTAGTGGCTCACGCCTGTAATCCCAGCACTTCAGGAGGCTGAGGCAGGCGGATCACGAGGTCAGGAATTAGAGACCAGCCTGGCCAACATGGCGAAACCTCACCTCTACTAAAAACACAAAAATCAGCCAGGTATGGTGGCAGTCGCCTGTAATCCCTGCAGGAGAATCGCTTGAAATCGGGAGGCGGAGGTTGCAGTGAGCTGATATGGTGCCACAGCACTCCAGCCTGGGTGACAAGAGCAAGACTCCTTCTCAAAAAAAAAAAAAAACAAGAAAAGAAAA","GGCTGGGTGTAGTGGCTCACGCCTGTAATCCCAGCACTTCAGGAGGCTGAGGCAGGCGGATCACGAGGTCAGGAATTAGAGACCAGCCTGGCCAACATGGCGAAACCCCACCTCTACTAAAAACACAAAAATCAGCCAGGTATGGTGGCAGTCGCCTGTAATCCCTGCAGGAGAATCGCCTGAAATCAGGAGGCGGAGGTTGCAGTGAGCTGATATGGTGCCACTGCACTCCAGCCTGGGTGACAAGAGCAAGACTCCTTCTCAAAAAAAAAAAAAAAAAAAACCCCCACAAAAAAAAAA"
"chr4","84555006","84555256","chr10","66678061","66678321","52","17876945","GGCCGGGTGCGGTGGCTCACGCCTGTAATCCCAGCACTTTGGGAAGCCAAGGTAGGAAGATCACAAGGTCAGGAGTTTGAGACCAGCCTGGCCAACATAGTGAAACCCCCGTCTCTACTAAAAATACAAAAATTAGTTGGGCGTGGTGGCACACACCTGTAATTCTAGGGAGGCTGAGGTTTCAGTAAGCGGAGATCGTGCCACTGCACTCTAGCCTGGGCAACAAGAGCAAAACATCGCAAAAAAAAAAA","GGCCGGGTGCGGTGGCTCACGCCTGTAATCCCAGCACTTTGGGAGGCTGAGGCAGGTGGATCATGAGGTCAGGAGTTCAAGACCAGCCTGGCCAAGATGGTGAAACCCTGTCTCTACAAAAAATACAAAAATTATCCTGGTGTGGTGGCAGGCGCCTGTAATCCCAGCTAATCGAGAAGCTGAGGCAGAGAATTGCTGAGATCACAACACTGCACTCCAGCCTGGGCAACAAGAGCAAAACTCCGTCTCAAAAAAAAAAAA"
"chr4","88505960","88506255","chr4","96535138","96535445","27","8029178","GGCTGGGCGCGGTGGCTTACACCTGTAATCCCAGCACTTCGGGAGGCCAAGGTGGACAGATCACGAGGTCAGGAGTTTGAGACCAGCCTAGTCAATATGGTGAAACCCCATCTCTACTAAAAATACAAAAATTAGCCGGGTGTGGTGGCGGACACCTGTAATCCCAGCTACTCAGGAGGCTGAGGCAGGAGAATCACTTGAAACCAGAAGGCGGAGGTTGCAGTGAGACGAGATCATGCCACTACACTCCAGCCTAGGCAACAAGAGCGAGCGAAACTCCATCTACAAAAAAAAAA","GGCTGGGCACGGTGGCTTACACCTGTAATCCCAGCACTTTGGGAGGCCGAGGTGGACAGATCACGAGGTCAGGAGTTTGAGACCAGCCTAGTCAACATGGTGAAACCCCATCTCTACTAAAAATACAAAAATTAGCCGGGTATGGTGGCGGACACCTGTAATCCCAGCTACTCAGGAGGCTGAGGCAGGAGAATCACTTGAAACCAGAAGGTAGAGGTTGCAGTGAGACGAGATCATGCCACTACACTCCAGCCTAGGCAACAAGAGCGAAACTCCATCTCAAAAAAAAAACAAAACAAAGAAAGAAA"
"chr4","89778374","89778639","chr4","97839804","97840054","18","8061430","TTGGGAGGCCGAGGCGGGCAGATCACGAAGGTCAGGAGTTTGAGACCAGCCTGGCCAACATAGTGAAACCCCGTCTCTACTAAAAATACAAAAATTAGCTGGGCGTGGTGGCGGGTGCCTGTAATCCCCTACTCTGGAGGCTGAGGCAGGAAAATCGCTTGAAACCAGAAGGCGAATGTTGCAGTGAGCCAAGATTGCACCCAAACAAGATTTTGACAAGAGCGAAACTCCGTCTCAAATAAAAAAACAAAACAAAACAAAACAAA","TTGGGAGGCCGAGGCGGGCAGATCACGAAGGTCAGGAGTTTGAGACCAGCCTGGCCAACATAGTGAAACCCCGTCTCTACTAAAAATACAAAAATTAGCTGGGCATGGTGGCGGGTGCCTGTAATCCCCTTCTCTGGAGGCTGAGGCAGGAAAATCGCTTGAAACCAGAAGGCGAATGTTGCAGTGAGCCAAGATTGCACCCAAACAAGATTTTGACAAGAGCGAAACTCCGTCTCAAAGAAAAAAAAAAA"
"chr4","93808143","93808448","chr4","101963745","101964051","12","8155602","GGCTGGGTGCGGTGGCTCACACCTGTAATCCCAGCACTTTGGGAGGCAGAGGGTGGGCTGATCACAAGGTCAGGAGTTCGAGACCAGCCTGGCCAACATGGTGAAACCCCGTCTCTACTAAAAATACAACTTAGCTAGGCATGGTTGCGGGCACCTGTAATCCCAACTACTCGGGAGACTGAGGAAGAAGAATCGCTTGAAACCAGAAAGCAGAGGTTGCAGTGAGCTGAGATTGCGCCACTGCACTGCAGCATGGGCAACAAGGGCAAAACTCTGTCTCAAAAAAAAAAAAAGAAAACAAAGAAA","GGCTGGGTGTGGTGGCTCACACCTGTAATCCCAGCACTTTGGGAGGCAGAAGGTGGGCTGATCACAAGGTCAGGAGTTCGAGACCAGCCTGGCCACATGGTGAAACCCCGTCTCTACTAAAAATACAACTTAGCTAGGCGTGGTGGCGGGCGCCTGTAATCCCAACTACTCGGGAGACTGAGGCAGAAGAATCGCTTGAAACCAGAAAGCAGAGGTTGCAGTGAGCCGAGATCGCGCCACTGCACTGCAGCATGGGAAACAAGGGCAAAACTCTGTCTCAAAAAAAAAAAAAAAGAAAACAAAGAAA"
"chr4","94787451","94787678","chr4","102918608","102918845","13","8131157","GCTGGGAACGGTGGCTCATGCCTGTAATCCCAGCACTTTGGGAGGCTGAGGCGGTGGATCACGAGGTCAGGAGATTGAGACAAGCCTGGCCAGCATGGTGAAACCCCGTTTCTACTGAAAATACAAAAATGAGCTGGGCATGGTGGTGGGCACCTGTAATCCCAGGTACTCGGGCCATTGCACTCCAGCCTGGGCAACAAGAGCAAAACTCCATCTCAAAAAAAAAAA","GCTGGGCACGGTGGCTCATGCCTGTAATCCCAGCACTTTGGGAGGCTGAGGCGAGTGGATCACGAGGTCAGGAGATTGAGACCAGCCTGGCCAGCATGGTGAAACCCCGTTTCTACTGAAAATACAAAAATTAGCTGGGCATGGTGGTGGGCACCTGTAATCCCAGGTACTCGGGCCATTGCACTCCAGCCTGGGCAACAAGAGCAAAACTCCATCTCAAAAAAAAAAAAAAAAAAAA"
"chr4","95405055","95405255","chr4","103570202","103570402","4","8165147","GGCCGGGCACAGTGGCTCAAGCCTGTAATCCCAACACTTTGGGAGGCTGAGGCGGGCAGATCACGAAGTCAGGAGTTCAAGACCAGCCTGGCCAACATAGCAAAACCCCATCTCTACTAAAAATACAAAAACTAGCCAGGTGTGGTGGTGGGCGCCTGTAGACCCAGCTACTCAGGGAGGCTGAGGCAGAAGAATTGCTTG","GGCCGGGCACAGTGGCTCAAGCCTGTAATCCCAACACTTTGGGAGGCTGAGGCAGGCAGATCATGAGGTCAGGAGTTCAAGACCAGCCTGGCCAACATAGCAAAACCCCATCTCTACTAAAAATACAAAAACTAGCCAGGCGTGGTGGTGGGCGCCTGTAGACCCAGCTACTCAGGGAGGCTGAGGCAGAAGAATTGCTTG"
"chr4","98572204","98572498","chr4","106773395","106773692","12","8201191","GATGGCTCACGCCTGTAATCCTAGCAATTTGGGAGACCAAGGTGGGTGGATCACGAGATCAGCAGTTCGAGACCAGCCTGACCAACATGGTAAAACCCCGTCTCTACTAAAAATACAAAAAAAATTAGCTGGGCATGGTGGCGGGCATCTGTATTGCCAGCGACTTGGGAGGCTGAGGCAGAATTGCTTGAAACCGGAAGGCAGAGGTTGCAGTGAGCCGAGATTGCACCACTGCACTCTAGCCAGGGCAATAAGAGCAAAACTCCGTCTCAAAAAAAAGAAAAAAAAAGAAAAA","GTGATAGCTCACGCCTGTAATCCTAGCAATTTGGGAGACCAAGGTGGGTGGATCACGAGATCAGCAGTTCGAGACCAGCCTGACCAACATGGTAAAACCCCGTCTCTACTAAAAATACAAAAAAAAATTAGCTGGGCATGGTGGGGGGCGTCTGTAATGCCAGCGACTTAGGAGGCTGAGGCAGACTTGCTTGAAACCGGAAGGCACAGGTTGCAGTGAGCCGAGATTGCACCACTGCACTCTAGCCAGGGCAATAAGAGCAAAACTCCGTCTCAAAAAAAGAAAAAAAAAAGAAAAA"
"chr4","102102693","102102995","chr4","110324037","110324323","22","8221344","GGCCAGGTGTGGTGGCTCACGCCTGTAATCCCAGCATTTTGGGAGGCCAAGGTGGGCAGATCACGAGGTCAGGAGTTCGAGACCAGCCTGGGCAACATGGTGAAACCCCATCTCTACTAAAAATACAAAAATTAGCCAGGTGTGGTGGCGGGCACCTGTAATCCCAGCTACTCGGGAGGCTGAGGCAGGAGAATTGCTTGAAAACAGAAGGTGGAGGTTGCAGTGAGCAGAGATCACGCCACTGCACTCCAGCCTGGGCGACAGAGTGAAACTCCGTCTCAAAAAAAAGTTAAAAAAAAAAAA","GGCCAGGTGTGGTGGCTCATGCCTGTAATCCCAGCATTTTGGGAGGCCAAGGTGGGCAGATCACGAGGTCAGGAGTTCGAGACCAGCCTGGGCAACATGGTGAAACCCCATCTCTACTACAAATACAAAAATTAGCCAGGTGTGGTGGCGGGCACCTGTAATCCCAGCTACTCAGGAGGCTGAGGCAGGAGAATCGCTTGAAAACAGAAGGTGGAGGTTGCAGCAAGCAGAGATCACGCCACTGCACTCCAGCCTGGGCGACAGAGTGAAACTCCGTCTCAAAAAAA"
"chr4","110044347","110044512","chr4","118410394","118410543","19","8366047","GCTACTCAGGAGGCTGAGGTAGGGGAATCGCTTGAAACTGGGAGGCAGAGGGTGCAGTGAGCGAAGATCAAGCCACTTCACTCCAACCTGGGCAATAGGAACGAAACTGCGTCTCAAAACCAAACCAAACCAAAACAAAACAAAACAAAACAAAACAAAACAAAAC","GCTACTCAGGAGGCTGAGGTAGGGGAATCGCTTGAAACCGGGAGGCAGAGGGTGCAGTGAGCCAAGATCAAGCCACTTCACTCCAGCCTGGGCAATAGGAACGAAACTGCGTCTCAAAACAAAACAAAACAAAACAAAACAAAACAAAAC"
"chr4","112574980","112575236","chr1","185936530","185936785","52","73361550","GGGNNNNNNNNNNNNNNNNNNNNTGAGGTCAGGAGTTCAAGACCAGCCTGGCCAACATGGTGAAACCCCATCTCTCTAAAAATTGAAAAATTAGCTGGGTGTGGTGTGGCGGGCGCCTGTAATCCCAGCTACTCGGGAGGCTGAGGCAGGAGAATCGCTTGAAACCGGAAGGCAGAGGTTGCAGTGAGCCGAGATCGAGCCATTGCACTCCAGCCAGGCAACCAGAGTGAAACTCTAACTCAAAAAAAAAAAAAAAA","GAGGCCAAGGCGGGCGGATCACGAGGTCAGGAGTTCAAGACAAGCCTGGCCAACATGGTGAAACCCCATCTCTACTGAAAATACAAAAATTAGTCGGGTATGGTGGCAGGAGCCTGTAATCCCAGCTACTCGGGAGGCTGAGTCAGAAGAATCGCTTGAAACTGGAAGGTGGAGGTTACAGTGAGCTGAGATCGTACCACTGCACTCTAGCCTGGGCAACAAGAGTGAAACTCCGTCTCAAAAAAAAAAAAAAGAA"
"chr4","115697596","115697902","chr22","8016422","8016724","63","107681174","GCCAGGCGCGGCGGCTCATGTCTGTAATCCTAGCACTTTGGGAGGTGGAGGCGGGCAGATCACCAGGACAGCAATTCGAGACAAACCTGGCAAACATGGTGAAACCCCGTCTCCTACTACAAATACAAAAATTAGCCGGGCATGATGGCATGTGCCTGTAGTCCCAGCTACTTGGGAGACTGAGGCAGGAGAATNNNNNNNNNNNNNNNNNNNNGAGGTTGCAGTCAGCCAAGTTCACGCCACTGCACTCCAGCCTGCACAACAAGAGGGAAAACTAGGTCTCAAAAAAAAAAAAAAAAAAAAAGAA","GCCGAGCGCAATGGCTCATGCCTGTAATCCCAGCACTTTGGGAAGCCAAGGCGGGCAGATCACAAGGTCAGGAGTTCAAGACCGGCCTGGCTAATATGGTGAAACCCTGTCTCTACTAAAAATACAAAAATTAGCCAGGCATGATAGCAGTCTCCTGTAGTCCCAGCTACTCGGGATCCTGAGGCAGGAGAATGCCTTGAACCTGGTGGGGCAGAGGTTGCAGTGAGCCAAGATCATGCCACTGCACTCCAGCCTGGGCAACAAGAGCAAAACTCTGTCTCAAAAAAAAAAAAAAAAAAAAAA"
"chr4","122922971","122923263","chr4","110324037","110324323","32","12598934","GGCCGGGTGCGGTGGCTCACGCCTGTAATCCCAGCAATTTGGGAGGCCGAGGTGGGCAGATCACAAGGTCAGGAGTTTGAGACCTGCCTGGCCAACATAGTGAAACCCCATCTCTACTAAAAATACAAAAAATTAGCCAGGTGTGGTGGTGGGCACCTGTAATTCCAGCTATTCGGGAGGCTGAGGCAGGAGAATCGCTTGAACCCGGGAGGTGGGGGTTGCAGTGAGCTGAGATCATGCCACTGCACTCCAGCCTGGGCAACAAGAGTGAAACTCTGTCTCAAAAAAAAAAA","GGCCAGGTGTGGTGGCTCATGCCTGTAATCCCAGCATTTTGGGAGGCCAAGGTGGGCAGATCACGAGGTCAGGAGTTCGAGACCAGCCTGGGCAACATGGTGAAACCCCATCTCTACTACAAATACAAAAATTAGCCAGGTGTGGTGGCGGGCACCTGTAATCCCAGCTACTCAGGAGGCTGAGGCAGGAGAATCGCTTGAAAACAGAAGGTGGAGGTTGCAGCAAGCAGAGATCACGCCACTGCACTCCAGCCTGGGCGACAGAGTGAAACTCCGTCTCAAAAAAA"
"chr4","129028785","129029005","chr4","137733748","137733954","16","8704963","GCCAACATGGTGAAACCCCCTCTCTACTAAAAATACAAAAATTAGCCTGGTGTGGCGGCAGGCGCCTGTAGTCCCAGCTACTCAGGAGGCTGAGGCAGGAGAATCGCTTGAAACTGGAAGGCGGAGGTTGCAGTGAGCAGAGATCGGGCTACTGCACTCCACCTTGGGCAACAAGAGCAAAACTCTGTCTCAAAAAAAAAATAAAAATAAAAATAAAAAAA","GCCAACATGGTGAAACCCCCTCTCTACTAAAAATACAAAAATTAGCCTGGTGTGGCGGCAGGCGCCTGTAGTCCCAGCTACTCAGGAGGCTGAGGCAGGAGAATCGCTTGAAACTGGAAGGCGGAGGTTGCAGTGAGCAGAGATCGGGCCACTGCACTCCACCTTGGGCAACAAGAGCGAAACTCTGTCTCAAAAAAAAAAAAAAAA"
"chr4","135046702","135047005","chr4","143545796","143546103","13","8499094","GGCCAGGCGCTGTGGCTCACACCTGTAATCCCAGCACTTTGGGAGGCCGGAGCAGGCAGATCACGAGGAGTTTGAGACCAGCCTGGCCAACATGATGAAATTTTGTCTCTACTAAAAATACAAAAATTAGCAGGGTGGGTGGCAGGCGCCTGTAATCCCAGCTACTCAGAAGGCTGAGGCAGGAGAATCGCTTGAAACTGGAAGGTCGAGTTTGAGTGAGCCGAGATCCCACCACTGCACTGCAGCCTGGGCAATAAGAGCAAGACTCTGTCTCAAAAAAAAAAAAAGAAAGAAAGAAAACAAA","GGCCAGGCACGGTGGCTCACACCTGTAATCCCAGCACTTTGGGAGGCCGAAGCAGGCAGATCACGAGGAGTTTGAGACCAGCCTGGCCAACATGATGAAATTTTGTCTCTACTAAAAATACAAAAATTAGCAGGGTGGGTGGCAGGCGCCTGTAATCCCAGCTACTCAGAAGGCTGAAGCAGGAGGATCGCTTGAAACTGGAAGGTGGAGTTTGAGTGAGCTGAGATCCCACCACTGCACTGCAGCCTGGGCAATAAGAGCAAGACTCTGTCTCAAAAAAAAAAAAAAAAAAAAAAAGAAAACAAAAA"
"chr4","138970868","138971148","chr4","147481599","147481878","12","8510731","GGCCGAGCATAGTGGCTCACCTCTGTAATCCCAGCACTTTGGGAGGCCAAGGCGGGCAGTTCACAAGGTCAGGTGTTTGAGACCAGCCTGACCAACATGCTGAAACCCCCATCTCTACTAAAAATACAAAAATTAGCCAGATGTGGTGGCAGGCGCCTGTAATCCCAGCTACTCGAGAGGCTGAGGCAGGAGAATCTCTTGCAACCAGAAGGCAGAGGTTGTGGTGAGCTGAGATCATGCCACTGCCATGCAGCCTGGGCAACAAGAGCTAAACTCTGTCT","GGCCGAGCACAGTGGCTCACCCCTGTAATCCCAGCACTTTGGGAGGCCAAGGCGGGCAGTTCACGAGGTCAGGTGTTCGAGACCAGCCTGACCAACATGCTGAAACCCCATCTCTACTAAAAATACAAAAATTAGCCAGGTGTGGTGGCGGGCGCCTGTAATCCCAGCTACTCGGGAGGCTGTGGCAGGAGAATCTCTTGCAACCAGAAGGCAGAGGTTGTGGTGAGCTGAGATCATGCCACTGCAATCCAGCCTGGGCAACAAAAGCTAAACTCTGTCT"
"chr4","139562190","139562359","chr16","76972112","76972280","19","62590078","GGCCAGGCATGGTGGCTCATGCCTCTAATCCCAGCACTTTGGGAGGCTGAGGCGGGCGGATCACGAGGTCAGGAGTTTGAGACCAGCCTGACCAATATGATGAAACCCCGTCTCTACTACAAATACAAAAATTAGCCGGGCATGGTGGCAGGCACCTGTAATCCCAGCTA","GGCCGGGCACGGTGGCTCATGCCTGTAATCCCAGGACTTTGGGAGGCCAAGGCGGGTGGATCACAAAGTCAGGAGTTCGAGACCAGCCTGGCCAATATGGTGAAACCCCGTCTCTACTAAAAATATAAAAATTAGCTGGGTGTGGTGGCAGGCGCCTGTAATCCCAGCT"
"chr4","140394403","140394691","chr4","148866813","148867100","7","8472410","TGGCTCACACCTGTAATCCCAGCACTTTAGGAGGCCGAGGCAGGTGGATCACGAGGTCAGGAGTTCAAGACCAGCCTCGCCAACATGATGAAACTCCTTCTCTAATAAAATATAAAAATTAGCCAGGTGTGGTGGTGGGCACCTGTAATCCCACCTACTTGGGAGGCTGAGGCTGAAGAATTGCTTGAAACCAGAAGGTGGAGGTTGCAGTGAGCCGAGATGGAGCCACTGCACTCCAGCCTGGGCAACAAAAGTGAAACTCCATCTCAAAAAAAAAAAAAAAAAAAAA","TGGCTCACACCTGTAATCCCAGCACTTTAGGAGGCCGAGGCAGGCAGATCACGAGGTCAGGAGTTCAAGACCAGCCTCGCCAACATGATGAAACTCCTTCTCTAATAAAATATAAAAATTAGCCGGGTGTGGTGGTGGGCACCTGTAATCCCAGCTACTTGGGAGGCTGAGGCTGAAGAATTGCTTGAAACCAGAAGGTGGAGGTCGCAGTGAGCCAAGATGGAGCCACTGCACTCCAGCCTGGGCAACAAAAGTGAAACTCCATCTCAAAAAAAAAAAAAAAAAAAA"
"chr4","145361572","145361854","chr4","153848124","153848406","4","8486552","GGCTGGGCGCAGTGGCTCACGTCTATAATCCCAGCATTTTGAGAGGTTGAGACGGGCAGATTACAAGGTCAGGTGTTCGAGACCAGCCTGGCCAACATGGCGAAACCCCGTCTCTGCTAAAAATACAAAAATTAGCCAGGCATGGTGGTGGGCACCTATAATCCCAGCTACTCAGGAGGCTGAGGGAGGAGAATCGCTTGAGCCCCATAGGCAGTGGTTGCAGTAAGCCGAGATCATGCCATTGCACTCCAGCCTGGGCAACAAGAGCAAGAGTTCATCTCAA","GGCTGGGCGCAGTGGCTCACGTCTATAATCCCAGCACTTTGAGAGGTCGAGACGGGCAGATTACAAGGTCAGGTGTTCGAGACCAGCCTGGCCAACATGGCGAAACCCCGTCTCTGCTAAAAATACAAAAATTAGCCAGGCATGGTGGTGGGCACCTGTAATCCCAGCTACTCAGGAGGCTGAGGGAGGAGAATCGCTTGAGCCCCATAGGCAGTGGTTGCAGTAAGCCGAGATCATGCCATTGCACTCCAGCCTGGGCAATAAGAGCAAGAGTTCATCTCAA"
"chr4","146232207","146232511","chr4","154711174","154711483","19","8478967","GGCTGGGAGCGGTGGCTCACACCTGTAATCCCAGCACTTTGGGAGGCCGAGGTGGGCAGATCACGAGGTCAGGAGATTGAGACCAGCCTGGCCAACATGCTGAAACTCTGTCTCTACTAAAAATATAAAAATTAGCTGAGCATGGTGGCCAGCGCCTGTAATCCCAGCTACTCTGGAGGGTGAGGCAGGAGAATTGTTTGAATCCTGAAGGAGGAGGTTGCAGTGAGCCGATATTGCCCACTGCACTGCAGCCTGGGCAACAAGGGTGAAACTCCATCTACAAAAAAAAAAAAGAAAAAGAAAAA","GGCTGGGAGTGGTGGCTCACACCTGTAATCCCAGCACTTTGGGAGGCCGAGGTGGGCAGATCACGAGGTCAGGAGATTGAGACCAGCCTGGCCAACATGCTGAAACCGTGTCTCTACTAAAAATACAAAAATTAGCTGGGCATGGTGGCGGGCACCTATAATCCCAGCTACTCTGGAGGGTGAGGCAGGAGAATTGTTTGAATCCTGAAGGAGGAGGTTTCAGTGAGCCGATATTGCCCACTGCACTCCAGCCTGGGCAACAAGAGTGAAACTCCATCTCAAAAAAAAAAAAAAAAAAAGAGAAAGAAAA"
"chr4","151768707","151769008","chr4","160118948","160119242","23","8350241","GGCCGGTGCGGTGGCTCACGCCTGTAATCCCAGCACTTTGGGGGGCCGAGGCGAGTGGATCACGAGGTCAGGAGTTCAAGACCAGCCTGGCCAACATGGTGAAACCTCGTCTCTACTAAAAATACAAAAATTAGCCAGGCGTGGTGGCGAGAGCCTGTAATCCCAGCTACTCAGAAGTAGAGTACTCCTGAGGCAGTAGAATCACTTGAAACTGGAAGGCAGAGGTTGCAGGGAGCCCAGATCATGCCACTGCACTCCAACCTGGACAAAAGGGCAAAACTCTGTCTCAAAAAAAAAAAAAA","GGCCAGGTGCGGTGGCTCACGCCTGTAATCCCAGCACTTTGGGGGGCCAACGCAAGCGGATCACGAGGTCAGGAGTTCAAGACCAGGCTGGGCAACATGGTGAAACCCCGTCTCTACTAAAAATACAAAAATTAGCCAGGCATGGTGGTGAGAGCCTGTAATCCCAGCTACTCAGAAGTAGAGTACTCCTGAGGCAGTAGAATCACTTGAAACTGGAAGGCAGAGGTTGCAGTGAGCCGAGATCATGCCACTGCACTCCAACTTGGACAAAAGGGCGAAACTCCGTCTCAAAAAA"
"chr4","155394115","155394394","chr11","123470004","123470281","33","31924111","GGCCAGGCATGGTGGCTCATGCCTGTAATCCCAGCGCTTTGGGAGGCCGAGGCAGGCGGATCACAAGGTCAGGAGTTTAAGACCAGCCTGGTCAACATGGTGAAACCCCATCTCTACTAAAAATACAACAATTAGCTGGGCATGATGGTGGGCGCCTGCAATCCCAGCTACTCGGGAGGCTGAGGCAGGAGAATCACTTGAAACTGGAAGGCGGAGGTTGCAGTGAGCCGAGATTGCACCACTGCACTCTAGCCTGGACCAAAGAGTGAAACTCCGTCTC","GCCAGGCGCAGTGGCTCACGCCTGTAATCCCAGCACTTTGGGAGGCTGAGGTGGGTGGATCACAAGGTCAGGAGTTCGAGACCAGCCTGGCCAACATGCTGAAACCCCATCTCTAGTAAAAATACAAAAAATTAGCTGAGCATGGTGGTGGGCGCCTGTAATCCCAGCTACTCGGGAGGCTGAGGCAGGAGAATCACTTGAAACCGGAAGGCAGAGGTTGCAGTGAGCCGAGATTGCACCACTGCACTCCAGTCTGCGCAATAAGAGCGAAACTCCAT"
"chr4","157165086","157165375","chr4","165638689","165638979","17","8473603","GGCCGGGCTCGGTGGCTCAGGCCTGTAATCCCAGCACGTTGGGAAGCCGAGGCGGGTGGATCACGAGGTCAGCAGTTCGAGACCAGCCTGACCAACATGGTGAAACCCCGTCTCTACTAAAAATACAAAAAAAAATTAGCTGGGCATTGTGGCAGACGCCTGTAATTCCAGTGACTTGGGAGGCTGAGGCAGGAGAATCGCTTGAAACCGGAAGGCGGAGGTTGCTGTGAGCCGAGATTGCACCACTGCACCCTAGCCTGGGCAATAAGAGCAAATGTCTGTCTCAAAAA","GGCCGGGCTCGGTGGCTCAGGCCTGTAATCCCAGCACGTTGGGAAGCCGAGGCGGGTGGATCACGAGGTCAGCAGTTCGAGACCAGCCTGACCAATATGGTGAAACCCCGTCTCTACTAAAAATACAAAAAAAATTAGCTGGGCATTGTGGCAGACGCCTGTAATTCCAGTGACTTGGGAGGCTGAGGCAGGAGAATCGCTTGAAACCGGAAGGCAGAAGGCGGAGGTTGCAGCGAGCCGAGATTGCACCACTGCACCCTAGCCTGGGCAATAAGAGCAAAACTGTCTCAA"
"chr4","160361557","160361855","chr4","168734737","168735036","12","8373180","CCAGGCACGGTGGCTCACGCCTGTAATCCCAGCACTTTGGAATGCCAAGGTGGGCAGATCACGAGGTCAGAAGTTCAAGACCTGCCTGGCCAACATAGTGAAACCCCATCTCTACTAAAAATAAAAAATTAGCCAGGCATGGTGGTAGGTGCCTGTAATCCCAGCTACTCGGGAGGCTGAGGCAGAAGAATCTCTTGAGGCAGGGGTTGCAGTGAGCCGAGATTGCACCACTGCCCTCCAGCCTGGGTAACAAGAGTGAAAACTCCATCTCAAACAAACAAACAACAAACAAACAAGAA","CCAGGCACGGTGACTCATGCCTGTAATCCCAGCACTTTGGGATGCCGAGGTGGGCAGATCACGAGGTCAGAAGTTCAAGACCAGCCTGGCCAACATAGTGAAACCCCACCTCTACTAAAAATAAAAAAATTAGCCGGGCATGGTGGTAGGTGCCTGTAATCCCAGCTACTCGGGAGGCTGAGGCAGGAGAATCTCTTGAGGCAGGGGTTGCAGTGAGCTGAGATTGCGCCACTGCCCTCCAGCCTGGGTAACAAGAGCGAAAACTCCATCTCAAACAAACAAACAACAAACAAACAAGAA"
"chr4","160879071","160879240","chr4","169258311","169258487","13","8379240","AAATTAGCCCAGTGTGGTGGCAGGTGCCTGTAATCCCAGCTATTCGGGAGGCTGAGGCAGGAGAATCGCTCAAAATGGGAAGGCAGAGGTTGCAGTGAGCCAAGATCATGCCACTGCACTCCAGCCTGGGCAATAAGAGAGAAACTCTGCCTCAAAAAAAAAAAAAAAAA","AAATTAGCCTGGTTTGGTGGCAGGTGCCTGTAATCCCAGCTATTTGGGAGGCTGAGGCAGGAGAATCGCTCGAAATGGGAAGGCAGAGGTTGCAGTGAGCCAAGATCATGCCACTGCACTCCAGCCTGGGCAATAAGAGAGAAACTCTGTCTCAAAAAAAAAAAAAAGAAAAGAAAA"
"chr4","165184604","165184907","chr4","173789494","173789798","7","8604890","GGCCGGGCACGGTGGCTCACGCCTGTAATCCAAGCACTTTGGGAGGCCGAGGTGGGCAGATCACGAGGTCAGGAGTTTGAGACCAGACTGGCCAACATGGTGAAACCCCGTATCTACTAAAAATACAAAAATTAGCCAGCATGGTGGCGGGCACCTGTAATCCCAGCCACTCGGGAGACAGGCAGGAGAATCGCTTGAAACTGGAAGGTGGAGGTTGCAGTGAACCAAGATCCCACCATTGCACTCCAGCGGGGCAACAAGAGTGAAACTCTGTCTCAAAAATAAAATAAAATAAAAAAATAAA","GGCCGGGCACGGTGGCTCACGCCTGTAATCCAAGCACTTTGGGAGGCCGAGGTGGGCAGATCACGAGGTCAGGAGTTCGAGACCAGACTGACCAACATGGTGAAACCCCGTATCTACTAAAAATACAAAAATTAGCCAGCATGGTGGCAGGCACCTGTAATCACAGCCACTCGGGAGACAGGCAGGAGAATCGCTTGAAACTGGAAGGTGGAGGTTGCAGTGAACCCGAGATCCCGCCATTGCACTCCAGCGGGGCAACAAGAGTGAAACTCTGTCTCAAAAATAAAATAAAATAAAAAAATAAA"
"chr4","168061257","168061443","chr5","44737050","44737238","26","123324207","GGCCGGGCACAGTGGCTCACTCCTGTAATCCCAGCACTTTGGGAGGCCGAGGCTGGCGGATCACGAGGTCAAGAGTTCGAGACCAGCCTGGCTAACATGGAGAAACGTTGTCTTTACTAAAAATACAAAATTAGCCTGGCGTGGTGGCGGGCGCCTGTAATCCCAGCTACTCCGAAGGCTGAGGCAG","GGCTGGGCGCAGTGGTTCATGCTTGTAATCCCAGCACTTTGGGAGGCCGAGGTGGGCGGATCATGAGGTCATGAGTTTGAGACCAGCCTGGCCAACATGATGAAACCTTGTCTCTACTAAAAATTAAAAAATTAGCCAGGCGCAGTGGCAGGCGCCTATAATCCCAGCTACTCAGGAGGCTGAGGCAGG"
"chr4","170141285","170141445","chr4","178584127","178584287","0","8442842","GAGCATGGTGGCAGGTGCCGGTAATTCCAGCTACTTGGGAGGCTGAGGCAGGAGAATCTGTTGAAACCAGAAGGCGGAGGTTGCGGTGAGCCGAGATTGCGTCACTGCACTCCAGGGTGAAAGAGTGAAACTCCGTTTCAAAAAAATAAAATAAAATAAAA","GAGCATGGTGGCAGGTGCCGGTAATTCCAGCTACTTGGGAGGCTGAGGCAGGAGAATCTGTTGAAACCAGAAGGCGGAGGTTGCGGTGAGCCGAGATTGCGTCACTGCACTCCAGGGTGAAAGAGTGAAACTCCGTTTCAAAAAAATAAAATAAAATAAAA"
"chr4","171494808","171495103","chr4","179954271","179954568","15","8459463","GGCTGGGTGCCATGGCTCCTGCCTGTAATCCCAGCACTTTGGGAGGCCGAGGCGGGTGGATCATGAGGTCAGGAGTTCAAGACCAGTCCTGGCCAACATGGTGAAACCCTGGCTCTACAAAAAATACAAAAAATAGCCAGGCATGGTGCTAGGCACCTATAATCCCAGGTACTCAGGAAACTGAGGCAGGAAATTCTCTTGCAACTGGAAGGCGGAGGTTGCTGTGAGCCGAGATCACATCATTGTACTCCAGCCTGGGCAACAAGAGTGAAAGAAACTCTGTTTCAAAAAAAAAA","GGCTGGGCGCCGTGGCTCCCGCCTGTAATCCCAGCACTTTAGGAGGCCGAGGTGGGTGGATCATGAGGTCAGGAGTTCAAGACCAGTCCTGGCCAACATGGTGAAACCCCGGCTCTACAAAAAATACAAAAAGTAGCCAGGCATGGTGCTGGGCGCCTGTAATCCCAGGTACTCAGGAGACTGAGGCAGGAAATTCTCTTGCAACTGGAAGGCGGAGGTTGCTGTGAGCCGAGATCACACCATTGTACTCCAGCTTGGGCAACAAGAGTGAAAGAAACTCTGTTTCAAAAAAAAAAAA"
"chr4","174647827","174648124","chr4","183140262","183140558","6","8492435","GGCTGGGCGTGGTGGCTCACGCCTGTAATCCCAGCACTTTGGGAGGCCAAGGCGGGTGGATCACGAGGTCAGGAGTTCGAGACCAGCCTGGCCAACATAGTGAAACCCCGTCTCTACTAAAAACTGGGCATGGTGGCGGGTGCCTGTAATCCCAGCTACTCAGGAGGCTGAGGCAGGAGAATCACTTGAAACTGGAAGGTGGCAGTTGCAGTGAGCTGAGATCGTGCCACTGCACTCTAGCCTAGGCAACAAGAGCAAAACTCTGTACAAAAAAAAAAAGAAAAAAGAAAAAAAAGAA","GGCTGGGCGTGGTGGCTCACGCCTGTAATCCCAGCACTTTGGGAGGCCAAGGCGGGTGGATCACGAGGTCAGGAGTTCGAGACCAGCCTGGCCAACATAGTGAAACCCCGTCTCTACTAAAAACTGGGCATGGTGGCAGGTGCCTGTAATCCCAGCTACTCAGGAGGCTGAGGCAGGAGAATCACTTGAAACTGGAAGGTGGCAGTTGCAGTGAGCTGAGATCGTGCCACTGCACTCTAGCCTAGGCAACAAGAGCAAAACTCTGTCAAAAAAAAAAAAAAAAAAGAAAGAAAGAAA"
"chr4","181638492","181638790","chr4","190072185","190072485","9","8433693","GGCCGGGCACGGTGGCTCACGCCTGTAATCCCAGCACTTTGGGAAGCTGAAGCGAGCAGATCACGAGGTCAGGAGTTTGAGACCAGCCTGGCCAACATGGTGAAACCCCGTCTCTACTAAAAATACAAAAATTAGCTGGGTGTGGTGGCAGGCACCTGTAATCCCAGCTACTCTGGAGGCTGATGCAGGAGAATTGCTTGAAACCAGAATTCAGAGGTTGCAGTGAGCTGAGATGGCACCTCTGCACTCCAGCCTGGGCAACAAGAGCAAAACTCTGTCTCGAAAAAATAAAATAAAAA","GGCCGGGTGCGGTGGCTCACGCCTGTAATCCCAGCACTTTGGGAAGCTGAAGCGAGCAGATCACGAGGTCACGAGTTTGAGACCAGCCTGGCCAACATGGTGAAACCCCGTCTCTACTAAAAATACAAAAATTAGCTGGGCGTGGTGGCAGGCACCTGTAATCCCAGCTACTCTGGAGGCTGAGGCAGGAGAATTGCTTGAAACCAGAATTCAGAGGTTGCAGCGAGCTGAGATGGCACCTCTGCACTCCAGCCTGGGCAACAAGAGCAAAACTCTGTCTCAAAAAAATAAAAATAAAAAA"
"chr4","187399902","187400196","chr8","22840045","22840341","37","164559857","GGCCAGGCACAGTGGCTCATACCTGTAATCCAGCATTTTGGATGGCTGAGGTGGGCAGATCACGAGGTCAGGAGTTCGAGACCAGCATGGCCAACATGGTGAAACATCATCTCTACTAAAAATAAAAAAATTAGCTGGGCGTGGTGGCGGGTACCTGTAATTCCAGCTACTCAGGAGGCGGAGGCAGGAGAACTGCTTGAAACCGGAAGGCAGAGGTTGCAGTGAGCCGAGATTGTGCCACTGCACTCCAGCCTGGGCAAAAAGNGTGAAACTCTGCCTACAAAAAAAAAAAAAA","GGCCGGGCACGGTGGCTCACACCTGTAATCCCAGCACTTTGGGAGGCCGAGGCGGGTAGATCACGAGGTTAGGAGTTCGAGACTAGCCTGGCCAACATGGTGAAACCCGGTCTCTACTAAAAACACAAAAATTAGCCGGGCGTGGTGGCGGGCACCTGTAATCCCAGCTACTCGGGAGGCTGAGGCAGGAGAATTGCTTGAAACCGAAAAGGCGGAGGTTGCAGTGAGCCGAGATCATGCCACTGCACTCCAGCCTGGGCAAAAGAGCGAAACTCCGTCTCCAAAAAAAAAAAAAAA"
"chr4","189032696","189033000","chr4","197510201","197510505","8","8477505","GGCCGGGCACGGTAGCTCACGCCTGTAATCCCAGCACTTTGGGAGGCCAAGGCGGGCAGATCACGAGGTTAGGAGTTCGAGACCAGCCTGGCCAACATGGTGAAACCCCGTCTCTACTAAAAATACAAAAATTAGCCTGGCATGGTGGCGTGCGCCTGTAATCCCAACTACTCAGGAGGCTGAGGCAGGAGAATCGCTTGAAACCTAAAGGCGGAGGTTGCAGTGAGCCGAGACCGCGCCACTGCACTCCAGCCTGAGCAACGAGCGAAATTCCATCTCAAAACAAAAAAAAAACAAAAAAAAAA","GGCCGGGCGCGGTGTCTCACGCCTGTAATCCCAGCACTTTGGGAGGCCAAGGCGGGCAGATCACGAGGTTAGGAGTTCGAGACCAGCCTGGCCAACATGGTGAAACCCCGTCTCTACTAAAAATACAAAAATTAGCCTGGCATGGTGGCATGCGCCTGTAATCCCAGCTACTCAGGAGGCTGAGGCAGGAGAATCGCTTGAAACCTAAAGGCGGAGGTTGCAGTGAGCCGAGACCGCGCCACTGCACTCCAGCCTGAGCAACGAGCGAAATTCCATCTCAAAACAAAAAAGAACAAAAAAAAAAA"
"chr4","190333901","190334193","chr4","198839292","198839591","12","8505391","GGCTGGGTGCAGTGGCTCACACCTGTAATCCCAGCACTTTGGGAGGCTGAGGCAGGCGGATCACGAGGTCAGGAGTTCGAGACAAGACTGATCAACATGGCAAAACCCCAACTCTACTAAAAGTACAAAAATTAGCAGGATGTGGAGGCAGGTGCCTGTAATCCCAGCTACTCAGGAGGCTGAGGCAGGAGAATTGCTTGAACCAGATAAGTGGCAGTGAGCAGAGACCTTGCCATTGCATTCCAGCCTGGCCAACAAGAGTAAAACTCCATCTCAAAAACAAACAGAAAAAA","GGCTGGGTGCAGTGGCTCACACCTGTAATCCCAGCACTTTGGGAGGCTGAGGCAGGCGGATCACGAGGTCAGGAGTTCGAGACAAGACTGGTCAACATGGCAAAACCCCAACTCTACTAAAAGTACAAAAATTTGCAGGACGTGGAGGCAGGTGCCTGTAATCCCAGCTACTCAGGAGGCTGAGGCAGGAGAATCGCTTGAACCAGATAAGTGGCAGTGAGCAGAGACCTTGCCATTGCATTCCAGCCTGGCCAACAAGAGTAAAACTCCATCTCAAAAACAAACAAACAAACAAAAAAA"
"chr4","192056171","192056393","chr4","114782067","114782289","35","77274104","GGCCAGTCACAGTGGCTCACACCTGTAATCCCAGCACTTTGGGAGGCCAAGGTGGGCAGATCACGAGGTCAGGAGTTTGAGACCATACTGGCCAACATGGTGAAACCCCGTCTCTACTAAAAATACAAAAAATTAGCCAGGCATGGTGGCAGGTATCTGTAGTCTCAGCTACTCAGGAGGTTGAGGCAGGAGAATTGTTTGAAACCAGAAGCTGGAGGTTGCA","GGCCTGGCATGGTGGCTGACGCCTGTAATCCCAGCACTTTGGGAGGCCGAGGGGGGTGGATAACAAGATCAAGCGTTTGAGACCAGCCTGGCCAACATGGTGAAACCCCGTCTCTACTAAAAATACAAAAATTAGCCAGGCGTGGTGGCGGGCACCTGTAATTCCAGCTATTCGGGAGGCTGAGGCGGGAGAATCACTTGAAACCAGAAGGCGGAGGTTGCAG"
"chr4","192928261","192928572","chr4","201507094","201507405","5","8578833","GGCCAGGCACGGTGGCTCGCATCTGCAATCTCAGCACTTTGGGAGGCTGAGGTGGGTAGATCACGAGGTCAGGAGTTTGAAACCAGCCTGGCCAACATGGTGAAACCCCGTCTCTACTAAAAATACAAAAGTTAGCCGGGCGTGGTGGCGGGCGCCTGTAATCCCAGCTACTCGGGAGGCTGAGGCAGGAGAACAGCTTGAAACCAGAAGGCAGAGGTTGCAGTGAGCCGAGATTGTGCCACTGCACTCCAGCCTGGGCAAAAGAGCGAAACTCTGTCACAAAAAATAAATAAGTAAATAAACAAATAAAAA","GGCCAGGCACGGTGGCTCGCATCTGCAATCTCAGCATTTTGGGAGGCTGAGGTGGGTAGATCACAAGGTCAGGAGTTTGAAACCAGCCTGGCCAACATGGTGAAACCCCGTCTCTACCAAAAATACAAAAGTTAGCCGGGCGTGGTGGTGGGCGCCTGTAATCCCAGCCACTCGGGAGGCTGAGGCAGGAGAACAGCTTGAAACCAGAAGGCAGAGGTTGCAGTGAGCCGAGATTGTGCCACTGCACTCCAGCCTGGGCAAAAGAGCGAAACTCTGTCACAAAAAATAAATAAGTAAATAAACAAATAAAAA"
"chr5","10909092","10909384","chr17","84920892","84921185","7","74011800","GGCCGGGCGCAGTGGCTCATGCCTGTAATCCCAGCACTTTGGCAGGCTAAGACGGGCCAATCACAAGGTCAGGAGTTCAAGACCAGCCTAGCCAACATGGTGAAACCCCGTCTCTACTAAAAAAATTAGCCAGACATGGTGGCAGGTGCCTGTAATCCCAGCTACTCGGGAGGCTGAGGCAGGAGAATCACTTGAAACCGGAAGACAGAGGTTGCAGTGAGCTGAGATCATACCACTGCACTCCAGCATGGGCAACAAGAGTGAAACTCCATCTCAAAAACAAAACAAAAAAA","GGCCAGGTGCGGTGGCTCATGCCTGTAATCCCAGCACTTTGGCAGACTAAGACGGGCCAATCACAAGGTCAGGAGTTCAAGACCAGCCTAGCCAACATGGTGAAACCCCGTCTCTACTAAAAAAATTAGCCAGACGTGGTGGCAGGTGCCTGTAATCCCAGCTACTCGGGAGGCTGAAGCAGGAGAATCACTTGAAACCGGAAGACAGAGGTTGCAGTGAGCTGAGATCATACCACTGCACTCCAGCATGGGCAACAAGAGTGAAACTCCATCTCAAAAACAAAAACAAAAAAA"
"chr5","11166007","11166290","chr17","84663075","84663365","20","73497068","GGCTGAGCGCAGTGGCTCACGCCTGTAATCCCAGCACTTTGGGAGGCCAAGGCGGGCAGATCATGAGGTCAGGAGTTTGAGACCAGCCTGACCAACAGGGTGAAACCCCGTCTCTACTAAATTAGCTGGGCGTCGTGGTGGGTGCCTGTAATCCCAGCTATTCAGGAGGCTGAGGCAGGAGAATCGCTTGAAACCGTAAGGCAGAGGTTGCAGTGAGCCGAGATTGTGCCACTGCACTCCAGCCTGGGTGAAAGAATGAAACTCTGTCTCAAAAAAGAAAAAAA","GGCTGAGCGCAGTGGCTCACGCCTGGAATCCCAGCACTTTGGGAGGCCGAGGCGGGCAGATCATGAGGTCAGGAGTTTGAGACCAGCCTGACCAACAGGGTGAAACCCCGTCTCTACTAAAAACACAAAAATTAGCTGGGCGTCATGGTGGGTGCCTGTAATCCCAGCTACTCGGGAGGCTAAGGCAGGAGAATCGCTTGAAACCGGAAGGCAGAGGTTGCAGTGAGCCGAGATTGTACTGCACTCCAGCCTGGGTGAAAGAATGAAACTCTGTCTCAAAAAAGAAAAAAA"
"chr5","12739080","12739339","chr9","100886238","100886501","49","88147158","GAGAGGCTGAGGAGGCCGGATCACGAGGTCAGGAGTTAGAGACCAGCCTGGCCAATATAGTGAAACCCTGTCTCTACTAAAAATACAAAAATGAGACAGGTGTGGTGGTGGGCACCTGTAATCCCAGCTACTCAGGAGGCTGAGGCAGGCGAATCACTTGAAACTGGAAGGTTAAGTTTGCAATGAACTGAGACTGTGCCACTGCATTCCAGTCTGGGCAACTGAGCAAGACTCCATCTCAAAATAATAATAATAAAAAA","GTACTTTGGGAGGCCAAGGCGGGTGGATCACGATGTCAGGAGTTCGAGACCAGCCTGGCTAACATGGTGAAACCCCGTCTCTACTAAAAATACAAAAATTAGTTGGGTGTGATGGTGGGCGCCTGTAATCCCAGCTACTCAGGAGGCTGAGGCAGGAGAATCGCTTGAAACCAGAAGGCGGAGTTTGCAGTGATCCGAGATCGGGCCTCTGCACTCCAGCCTGGGCAACAAGAGCAAAGCTCAATCTCAAAAAAAAAAAAAAAA"
"chr5","13291520","13291823","chr17","82481343","82481651","16","69189823","GGCCAGGCATGGTGGCTCACACCTGTAATCCCACCACTTTGGGAGGCCGAGGTGGGTGGATCATGAGGTCAGGAGTTCGAGACCAGCCTGGCCAAAATGGTGAAAACCCATCTCTACTAAAAATGTAAAAATTAGTCTGGAGTGGTGGTGGGTGCCTGCAGTCCCAGCTACTCAGGAGGCTGAGGCAGGAGAATCGCTTGAAACCGGAAGGCAGAGGTTGCAGTGAGCCGAGATTGTGCCACTGCACTCCAGCCTGGGCAACAAGAGCAAAACTCTGTCTCAAAAAAAAAAAACAACAACAAAA","GGCCAAGCATGGTGGCTCACACCTGTAATCCCAGCACTTTGGGAGGCCAAGGTGGGTGGATCATGAGGTCAGGAGTTCGAGACCAGCCTGGCCAAAATGGTGAAAACCCATCTCTACTAAAAATGTAAAACTTAGCCTGGAGTGGTGGTGGGTGCCTGTAGTCCCAGCTACTCAGGAGGCTGAGGCAGGAGAATCACTTGAAACCGGAAGGCGGAGGTTGCAGTGAGCCAAGATTGTGCCACTGCACTCCAGCCTGGGCAACAAGAGCAAAACTCTGTCTCAAAAAAAAAAAAAAAACAGAAAAAAAAA"
"chr5","14179111","14179294","chr17","81566243","81566426","6","67387132","GGCCAGGCGTGGTGGCTCACACTTGTAATCCCAGCACTTTGGGAGGCCAAGGTGGGTGGATCACGAGGTAAGGAGTTCAAGACCAGCCTGATCAATGTGGTGAAACCCCGTCTTTACTAAAAATACAAAAATTAGCTGGGCGTGGTTGTGGACACCTGCAATCTCAGCTACTTGGGAGGCTGAG","GGCCAGGCATGGTGGCTCACACCTGTAATCCCAGCACTTTGGGAGGCCAAGGTGGGTGGGTCACGAGGTAAGGAGTTCAAGACCAGCCTGATCAATGTGGTGAAACCCCGTCTTTACTAAAAATACAAAAATTAGCTGGGTGTGGTGGTGGACACCTGTAATCTCAGCTACTTGGGAGGCTGAG"
"chr5","14199751","14200052","chr17","81545266","81545567","16","67345515","GGCCAGGTGTGGCTTACGCCTGTAATCCCAGCACTTTGGGAGGCTGAGGTGGGCAGATCACGAGGTCAGGAGTTTGAGACCAGCCTGGCCAACATGGTGAAACCTTGTCTCTACTAAAAATACAAAAAAATTAGCTGGGCATGGTGGTGGGTGCCTGTAATCCCAGTTACTCAGGAGGCTGAGGCAGGAGAATCACTTGAAACCGGAAGGCGGAGGTTGTAGTGAGCCGTGATCATGCCACAGCACTCCAGCCTCAGCAACAAGAGCGAAACTCCGTCTCAAAAAAAAAAAAAGAGGGAAAA","GGCCAGGTGTGGCTTACGCCTGTAATCCAAGCACTTTGGGAGGCTGAGGTGGGCAGATCACAAGGTCAGGAGTTTGAGACCAGCCTGGCCAACATGGTGAAACCCCGTCTCTACTAAAAATACAAAAACATTAGCCGGGCATGGTGGCGGGTTCCTGTAATCCCAGTTACTGAGGAGGCTGAGGCAGGAGAATCACTTGAAACTGGAAGGCGGAGGTTGTAGTGAGCCGTGATCATGCCACAGCACTCCAGCCTCAGCAACAAGAGCGAAACTGTCTCAAAAAAAAAAAAAAAAAAGGAAAA"
"chr5","14436180","14436448","chr17","81316102","81316400","33","66879922","GGCCGGGCGCGGTGGCTCATGCCTGTAATCCCAGCACTTTGGAAGGCCGAGGCGGGCGGATCACAAGGTCAGGAGTTCGAGACAACCTGGCCAACATGGTGAAACTCCATCTCTACTAAAAATACAAAAATTAGCTGAGCGTGGTGTAAGTCACCTGTAATCCCAGCTACTCGGGAGGCTGAGGCAGGAGAATCACTTGAAATCGGAAGGTGTAGGTTGCAGTGAGCTGAGGTTGCACCACTGCACTGCAGCATGGGCAACAAGAGCAA","GGCCGGGCACGGTGGCTCATGCCTGTAATCCCAGCACTTTGGAAGGCCGAGGCGGGCGGATCACAAGGTCAGGAGTTCGAGACAATCTGGCCAACATGGTGAAACTCCATCTCTACTAAAAATACAAAAATTAGCTGAGCGTGGTGTAAGTCACCTGTAATCCCAGCTACTCGGGAGGCTGAGGCAGGAGAATCACTTGAAATCGGAAAGTGTAGGTTGCAGTGAGCTGAGGTTGCACCACTGCACTGCAGCATGGGCAACAAGAGCAAAACCCTGTCTCAAAAAAAAAAAAAAAAAAA"
"chr5","18483650","18483958","chr1","11997118","11997422","38","6486532","GCCAGGTGCAGTGGCTCACACCTGTAATCCCAGCACTTTGGGAGGCTGAGGTGGGTGAATCACGAGGTCAGGAGTTTGAGACCAGCCTGGCCAACATGGCAAAACCTTGTTTCTACTAAAAATACAAAGATTAGCCAGGTGTGGTGGTGGGTGCCTGTAATCCCAACTACTCGGGTGGCTGAGGCAGGAGAATCGCTTGAACCCAGAAGACGGAGGTTGCAGTGAGCCAAGATCACACCATTGCACTCCAGCCTGGGCAACAAGAGCAAAACTCCATCTCAAAAATTAAAAATAAATAAAAATAAAAAA","GGCCAGGCGCGGTGGCTCATGCCTGTAATCCCAGTACTTTGGGAAGCTAAGGCAGGCGGATCACGAGGTCAGGAGTTTGAGACCAGCCTGGCCAACATGGTGAAACCTGTCTCTACTAAAAATACAAAAATTAGCTGGGTGTGGTGGCGGGTGCCTGTAATCCCACTACTCGGGAGGCTGAGGCAGGAGAATCGCTTGAAACCGGAAGGTGGAGGTTGCAGTGAGCCGAGGTCACACCACTGCACTCCAGCCTGGGCAACAAGAGTGAAACTCCATCGCAAAAAAAAAAAAAAATTAAAAAAAAA"
"chr5","19203242","19203546","chr5","79232098","79232398","11","60028856","GGCCAGGCGCGGTGACTCATGCCTGTAATCCCAGCACTTTGGGAGGCTGAGGCAGGCAGATCACAAGGTCAGGAGTTCAAGACCAGCCTGACAAACATGGTAAAGCCCATCTCTACTAAAAATACAAAAATTAGCCAGGGCATGGTGGTGGGTGCCTGTAATCCCAGCTACTCGGGAGGCTGAGACAGGAGAATCACTTGAAACGGAAGGCGGAGGTTGCAGTGAGCTCAGATCGTGCCACTGCACTCCAGTCTGGGCAAAAAGAGTGAAACTCTGTCTCAAAACAAACAAACAAACAAACAAAA","GGCCAGGCGCGGTGGCTCATGCCTGTAATCCCAGCACTTTGGGAGGCTGAGGCAGGCAGATCACAAGGTCAGGAGTTCAAGACCAGCCTGACAAACATGGTAAAGCCCATCTCTACTAAAAATACAAAAATTAGCTGGGGCGTGGTGGTGGGTGCCTGTAATCCCAGCTACTCGGGAGGCTGAGACAGGAGAATCACTTGAAACGGAAGGCAGAGGTTGCAGTGAGCTGAGATCGTGCCACTGCACTCCAGTCTGGGAAAAAAGAGTGAAACTCTGTCTCAAAACAAACAAACAAACAAAA"
"chr5","19901536","19901837","chr12","7078172","7078469","33","12823364","GGCCATGCTTAGTGGCTCATGCCTGTAATCCCAGCACTTTGGGAGGCTGAGGTGGGCAGATCACAAGGTCAGGAGTTTGAGACCAGCCTGGCCAACATGGTGAAACCCCATCTCTACTAAAAACACAAAAATTAGCTGGACATGGTGGCAGGCACCTGTAATCCCAGCTACTCAGGAGGCTGAGGCAGGAGAATCACTTGAAACTGTTAGGGAGAGGTTGCAGTGAGCCGAAATCGCACCACTGCACTCCAGCCTGGGTGAAAAAGCGAAACTCCATCAACAAAAAAAAAAAAAAAAAAAAA","GGCCGGGCGCAGTGGCTAACGCCTGTAATCCCAGCACTTTGGGAGGCTGAGGTGGGTGGATCACAAGGTCAGGAGTTCAAGACCAGCCTGGCCAACATGGTGAAACCCCATCTCTACTAAAAATACAAAAGTTAGCTGGGCGTGGTGGCGGGCGCCTGTAATCCCAGCTACTCAGGAGGCTGAGGCAGGAGAATCACTTGAAACCGGAAGGCAGAGGTTGCAGTGAGCTGAGATGGCACCACTGCACTCCAGCCTGGGCAAAAGAGTGAAACTCCATCTCAAAAAAAGAAAAAAAAAA"
"chr5","27330815","27331120","chr5","70935715","70936016","14","43604900","GGCTGGGTGTGGTGACTCATGTCTGTAATCCCAGCACTTTGGGAGGCCGAGGTGGGTGGATCATGAGGTCAGCAGTTCAAGACCAGCCTGACCAACATGGTGAAACCTCGTCTCTACTAAAAATATAAAAAAATTAGCTGGGCGTGGTGGCGGGCGCCTGTAATCCTAGCAACTTGGGAGGCTGAGGCAGGAGAATTGCTTGAAACTGGAAGGCGGAGGTTGCAGTGAGCCGAGATTATGCCACTGCACTCTAGCCTGGGCAATAAGAGCAAAACTCTGGCTAAAAAAAGAAAAAGAAAAAAGAAA","GGCTGGGTGTGGTGACTCATGCCTGTAATCCCAGCATTTTGGGAGGCCGAGGTGGGTGGACCATGAGGTCAGCAGTTCAACACCAGCCTGACCAACATTGTGAAACCTCGTCTCTACTAAAAATATAAAAAAATTAGCTGAGCGTGGTGGCAGGCACCTGTAATCCCAGCAACTTGGGAGGCTGAGGCAGGAGAATTGCTTGAAACTGGAAGGTGGAGGTTGCAGTGAGCCGAGATTATGCCACTGCACTCTAGCCTGGGCAATAAGAGCAAAACTCTGGCTAAAAAAAAAGAAAAAAGAAA"
"chr5","32398763","32399059","chr5","65777034","65777331","8","33378271","GGCCAGGTGCGGTGGCTCACGCCTGTAATCCCAGAACTTTGGGAGGCTGAGGCGGATGGATCACGAGCTCAGGAGTTCGAGACCAGTCTGACCAACATGGTGAAACCCTGTCTCTACTAAAAGTACAAAAATTAGCCAGGCATGGTGGCAGGTGCCTGTAATCTCAGCTACTCGGGAGGCTGAGGCAGGCGAATCGCTTGAAACCAGAAGGCAGAGGTTGTAGTGAGTGGAGATCGTGCCACTGCCCTCCAGCCTGGGCAACAAGAGCGAAAGTCTGTCTCAAAAAAAAAAAAAAAA","GGCCAGGTGCAGTGGCTCACGCCTGTAATCCCAGAACTTTGGGAGGCTGAGGCGGGTGGATCATGAGCTCAGGAGTTCGAGACCAGTCTGACCAACATGGTGAAACCCTGTCTCTACTAAAAGTACAAAAATTAGCCAGGCATGGTGGCAGGTGCCTGTAATCTCAGCTACTCGGGAGGCTGAGGCAGGCGAATCGCTTGAAACCAGAAGGCAGAGGTTGCAGTGAGCGGAGATCGTGCCACTGCCCTCCAGCCTGGGCAACAAAAGTGAAAGTCTGTCTCAAAAAAAAAAAAAGAAA"
"chr5","36744546","36744837","chr17","17412838","17413130","9","19331708","TTGGGAGGCCAAGGTGGGCAGATCATGAGGTCAAGAGTTCGAGACCAGCCTGGCCAACATGGTGAAACCCCGTCTCTATTAAAAATACAAATGGTGAAACCCCGTCTCTATTAAAAATACAAAAATTAGCTGGGCGTGGTGGCGGGCACCTGTAATCCCAGCTACTCGGGAGGCTGAGGCAGCAGAATTGCTTGAAACTAAAAGGCGGAGCTTGCAGTGAGCCAAGATCACGCCTCTGCACTCCAGTCGTGGACAAAGAGCAAAACTCCATCTCAATAAATAAATAATAAAA","TTGGGAGGCCAAGGTGGGAAGATCATGAGGTCAGGAGTTCGAGACCAGCCTGGCCAACATGGTGAAACCCCGTCTCTATTAAAAATACAAATGGTGAAACCCCATCTCTATTAAAAATACAAAAATTAGCTGGGCGTGGTGGCGGGCGCCTGTAATCCCAGCTACTCGGGAGGCTGAGGCAGCAGAATTGCTTGAAACTAAAAGGCGGAGCTTGCAGTGAGCCAAGATCACGCCTCTGCACTCCAGCCTGGGCAAAAGAGCAAAACTCCATCTCAATAAATAAATAAATAAAA"
"chr5","37951237","37951546","chr17","18608093","18608373","34","19343144","GGCCAGGCTCAGTGGCTCACATCTGTAATCCCAGCACCTTGGGAGGGCGAGGTGGGCAGATCATGAGGTCAGGAGTTTGAGACCAGCCTGGGCAACGTGGTGAAACCCCGTCTCTACTAAACATACAAAAATTAGCAGGGTGTGGTGGCAGGCGCCTGTAATCCCAGCTACTTGGGAGGCTGAGGCAGGAGAATCACTTGAAACTGGAAGGCAGAGGTTGCAGTGAGCCGAGATTGCACCACTGCACTCTAGCCTGGGCAACAAGAGCAAAACTTCTTCTCAAAAGAAAAAAAAGAAAAGAAAAGAGAAA","GGCCAGGCGCAGTGGCTCACATCTGTAATCCCAGCACCTTGGGAGGGCGAGGTGGGCAGATCATGAGGTCAGGAGTTTGAGACCAGCCTGGGCAACACGGTGAAACCCCGTCTCTACTAAACATACAAAAATTAGCAGGGTGTGGTGGCAGGTGCCTGTAATCCCAGCTACTTGGGAGGCTGAGGCAGGAGAATCACTTGAAACTGGAAGGCAGAGGTTGCAGTGAGCCGAGATTGCACCACTGCACTCTAGTCTGGGCAACAAGAGCAAAACTTCTTCTC"
"chr5","39045440","39045680","chr4","60472082","60472322","46","21426642","GGCCTGGCTTGGTGGCTCGAGCCTGTAATCCCAGCACTTTGGGAGGCTGAGGTGGGTGGATCATGAGGTCAGGAGTTCAAGACCAGCCTGGCCAACATGGTGAAACTAAAAATATAAAAATACAAAAAATACAAAATTAGCCAGGCATGGTGGCAGGTGCCTATAATCCTAGCTACTCGGGAGTCTGAGGCAGGAGAATCACTTGAATCCCCGGAGGTTGCAGTGAGCCGAGATCGTGCCA","GGCTGGCTGTGGTGGCTCACACCTGTAATCCCAGTGCTTCGGGAGGCCGAGGCAGGTGGATGATGAGGTCAGGAGTTCAAGACCAGCCTGGCCAACATGGTAAAACTCCATCACTACTAAAAATACAAAAATTAGCCAGGTGTGATGGCGGGCACCTATAATCCCAGCTACTCGGGAGGCTGAGGCAGGAGAATTGCTTGAAACCAGAAGGCAGAGGTTGCAGTGAGCCGAGGTCATACCA"
"chr5","41233709","41234020","chr17","21871737","21872048","7","19361972","GGCCAGGTGCGGCGGCTCACGCCTGAAATCCCAGCACTTTGGAAGGCGAAGGAGGGCGGATCACAAGTTCAGGAGTTCGAGACCAGCCTGGCCACCAAAGTGAAACCCCGTCTCTATTAAAAATACAAAAATTAGTCGGGCGTGGTGGCGGGCGCCTGTAATCCCAGCTACTCAGGAGCCTGAGGCAGGAGAATCGCTTGAAACCGGAAGGTGGAAGTTTTAGTGAGCGGAGATCACACCTCTGCACTCCAGCCTGGGCAACAAGAACAAGACTCCATCTACAAAAAAAAAAAAAAAAAAAAAGAAAAGAAA","GGCCAGGTGCGGCGGCTCACGCCTGAAATCCCAGCACTTTGGAAGGCGAAGGAGGGCGGATCACAAGTTCAGGAGTTCGAGACCAGCCTGGCCACCAAAGTGAAACCCCCGTCTCTATTAAAAATACAAAAATTAGTCGGGCGTGGTGGCGGGCGCCTGTAATCTCAGCTACTCAGGAGCCTGAGGCAGGAGAATCGCTTGAAACCAGAAGGTGGAAGTTTTAGTGAGCCGAGATCACACCTCTGCACTCCAGCCTGGGCAACAAGAACAAGACTCCATCTCAAAAAAAAAAAAAAAAAGAAAAGAAAAGAA"
"chr5","42482508","42482794","chr17","23202520","23202810","12","19279988","GGCCGGGCACAGTGGCTCACGCCTGTAATCCCAGCACTTTGGGAGGCTGAGGTGGGCAGATCACGAGGTCAGGAGTTCGAGACCAGCCTGGCCAACACAGTGAAGCCCCATCTGTACTAAAAATACAAAAAATTAGCCGGGCATGGTGGCAGGTGCCTGTAATTCCAGCTACTCGGGAGGCTGAGGCAGGATGGAGGCGGAGGTTGCAGTGAGCCGAGATCACACTATTGTACTCCAGCCTGGGCAACAAGAGTGAAACTCTGTCTCAAAAATAAAAAATAAAAAAA","GGCCGGGCACAGTGGCTCACGCCTGCAATCCCAGCACTTTGGGAGGCTGAGGTGGGCAGATCACGAGGTCAGGAGTTCGTTCGAGACCAGCCTGGCCAACATAGTGAAGCCCCATCTGTACTAAAAATACAAAAAATTAGCCAGGCGTCATGGCAGGTGCCTGTAATTCCAGCTACTCGGGAGGCTGAGGCAGGATGGAGGCGGAGGTTGCAGTGAGCCGAGATCACACCATCGTACTCCAGCCTGGGCAACAAGAGTGAAACTCTGTCTCAAAAATAAAAAATAAAAAAA"
"chr5","42551630","42551932","chr17","23271544","23271846","12","19280086","GCTGGGCGCGGTGGCTCAGGCCTGTAATCCCAGCACTTTGGGAGGCTGAGGCGGGCGGATCACAAGGTCAGGAGTTTGAGACTAGCCTGGCCAACATGGTGAAATCCCATCTCTACTAAAAATACAAAAATTAGCTGGGCGTGGTGGCAGGTGCCTGTAATACCCAGCTACTCAGGAGGCTGAGGCAGGAGAATCTCTTGAAACCGGAAGGTGGAGGTTGCAGTGAGCCGAGATCATGCCACCGCGCTCCAGCCTGGGCAACAAGAGCGAAACTCCATCTCAAAAAAAAAGAGAAAGAAGAAA","GCTGGACGCGGTGGCTCAGGCCTGTAATCCCAGCACTTTGGGAGGCTGAGGCGGGCAGATCACAAGGTCAGGAGTTTGAGACTAGCCTGGCCCACATGGTGAAATCCCATCTCCACTAAAAATACAAAAATTAGCTGGGCGTGGTGGCAGGTGCCTGTAATTCCAGCTACTCAGGAGGCTGAGGCAGGAGAATCTCTTGAAACCGGAAGGTGGAGGTTGCAGTGAGCTGAGATCATGCCACCACACTCCAGCCTGGGCAACAAGAGCGAAACTCCATCTCAAAAAAAAAAGAAGAAGAAGAAA"
"chr5","44426886","44427170","chr5","2528643","2528934","56","41898243","GGCCAGGCACGGTGGCTCACACCTGTAATCCTAGCACTTTGGGAGGTTGAGGTGGGCGAATCACGAGGTCAGGAGTTCAAGACCAGCCTGGCCAACATGGTGAAACCCCATCTCTACTAAAAATACAAAAATTAGCTGGGCGTGGTTTGGCGCCTGTAATCCCAGCTACTCANNNNNNNNNNNNNNNNNNNNAGAAACCAGAAGGCAATGGTTGTGGTGAGCCAAGATCACACCACTGCACTCCAGCCTGGGCGAAAGAGCGAAGCTCTGTCTCAAAAAACAAAA","GGCCGGGTGCGGTGGCTCACGCCTGTAATCCCAGCACTTTGGGAGGCCAAGGTGGGTGGATCAAGAGGTCAGGAGTTCGAGACCAGCCTGGCCAACATGGTGAAACCCCGTCTCTACTAAAAATACAAAAATTAGCTGGGTGTGGTGGTGGGCGCCTGTAATCCCAGCTACTCGGGAGGCTGAGGCAAGAGAATTGCTTGAAACCAAAAGGCGGAGGTTGTAGTGAGCCAAGATCGCACCACTGCACTCCAGCCTGGGCAAAAAAGCGAAACTCCATCTAAAAAAAAAAAAA"
"chr5","45874380","45874544","chr21","1090784","1090946","20","44783596","GGCCAGGTGTGGTGGCTCACACCTGTAATCCCAGCACTTTGGGAGGCCGAGGCGGTCGGATTACAAGGTCAGGAGTTCAAGACCAGCCTGGCCAACATAGTGAAACCCCATCTTTACTAAAAATACAAAAATTAGCTGGGTGTGGTGGTGGGCGCCTGTAATCCC","GGCCGGGTGCGGTGGCTCACGCCTGTAATCCCAGCACTTTGGGAGGCCGAGGCGGGAAGATCACGAGGTCAGGAGTTTGAGACCAGCCTGGCCAATACAGTGAAACCCCATGTCTACTAAAAATACAAAAATTAGTTGGGCGTGGTGGCGGGTGCCTGTAATC"
"chr5","46245906","46246199","chr17","26338518","26338823","20","19907388","GGCTGGGCACAGTGGCTCACGTCTGTAATCCCAGCACTTTGGAAGGTCGAGGTGGGCAGATCACGAGGTCAAGAGTTCAGGACCAGCCTGGCCAACATAGTGAAACCTCATCTCTACTAAAAATACAAAAATTAGCCAGGTGTGGTGGCAGGTGCCTGTAATCCTAGCTATTTGGGAGGCTGAGGCAGGAGAATCACTTGAAACCAGAAGGTGGATGTTGCGGTGAGCCAAGATCGTGCCACTGCACTCCAACCTGGGTGAAAAAGCGAAACCCTCTGTCTACAAAAAAAAAAA","GGCTGGGCACAGTGGCTCACGTCTGTAATCCCAGCACTTTGGAAGGTCGAGGTGGGCGGATCACGAGGTCAGGAGTTCAGGATCAGCCTGGCCAACATAGTGAAACCTCATCTCTACTAAAAATACAAAAATTAGCCAGGTGTGGTGGCAGGCGCCTGTAATCCTAGCTATTCGGGAGGCTGAGGCAGGAGAATCACTTGAAACCAGAAGGTGGATGTTGCGGTGAGCCAAGATCGTGCCACTGCACTCCAACTTGGGTGAAAAAGTGAAACCCTCTGTCTTAAAAAAAAAAAAAAAAAAAAAAAA"
"chr5","46413266","46413442","chr1","6162805","6162979","25","40250461","GGCCGGGCACGGTGGCTCACAGCTGTAATACCAGCGCTTTGGGAGGCTGAGGCGGGCAGATCACAAGGTCAGGAGTTCGACACCAGCCTCGTCAACATAGTGAAACCCTATCTCTACTAAAAATACAAAAAAAATTAGCTGGGCGTGGTGGTGGGCGCCTGTAATCCCAGCTACTCG","GGCCGGGCACGGTGGCTCACGCCTGTAATCCCAGCACTTTGGGAGGCCAAGGTGGACGGATCACAAGGTCAGGAGCTCGAGACCAGCCTAGCCAACATAGTAAAACCCCATCTCTACTAGAAATACAAAAAAAATTAGCTAGTTTAGTGGCGGGCGCCTGTAATCCCGGATACTC"
"chr5","50016926","50017019","chr17","30118533","30118626","0","19898393","AATTGGCCAGGCATTGTGGCAGTTTCCTGTAATCCCAGCTACTCGGGAGGCTGAGGCAGGAGAATCACTTGAAACCAGGAGGTGGAGGTTGCAG","AATTGGCCAGGCATTGTGGCAGTTTCCTGTAATCCCAGCTACTCGGGAGGCTGAGGCAGGAGAATCACTTGAAACCAGGAGGTGGAGGTTGCAG"
"chr5","50406614","50406807","chr1","28623801","28623994","24","21782813","GCCAGGCACAATGGCTCATGCCTGTAATCCCAGCACTTTGGGAGGCCAAGGCGGGTGGATCATGAGGTCAGGAGTTCAAGACCAGCCTGGCCAACATGGTGAGACACCATCTCTACTAAAAAATACAAAAAAATTAGCCGGGCATGGTTGCGGGCGCCTGTAATCCCAGCTACTCAGGAGGCTGAGGCAACAGA","GGTCGGGCGCAGTGGCTCAAGCCTGTAATCCCAGCACTTTGGGAGGCCGAGGCAGGTGGATCATGAGGTCAGGGGTTCAAGACCAGCCTGACCAACATGCTGAAACCTCGTCTCTACTAAAAATACAAAAATTAGCTGGGCATGGTGGCGGGCGCCTGTAATCCCAGCTACTCAGGAGGCTGAGGCAGGAGAAT"
"chr5","59123675","59123972","chr7","64765308","64765606","29","5641633","GGCAGGGCGTGGCAGCTCACGCCTGTAATCCCAGCACTTTGGGAGGCCGAGGCAGGCAGATCACGAGGTCAGGAGTTCAAGACCAGCCTGGGCAACATGGTGAAACCCCATCTGTACTAAAAATACAAAAATTAGCCGGGCGTGGTGGCAGGTGCCTGTAATCCCAGCTACTCGGGAGGCTGAGGCAGGAGGATCGCTTGAAACCAGAAGGCAGAGATTGCAGTGAACCGAGAGCACACCACTGCACTCCAGCCTGGGTGAAAGAGTGAAACTCCATCTCAAAAAAAAAAAAAAAAAA","GGCTGGGTATGGTGGCTTGCACCTGTAATCCCAGCACTTTGGGAGGCCGAGGCGGGCAGATTACGAGGTCAGGAGGTCGAGACCAGCCTGGCCAACATGGTGAAACCCCATCTCTATTAAAAATACAAAAATTAGCCGGGTTTGGTGGCAGGTGCCTGTAATCCCAGCTACTCGGGAGCCTGAGGCAGGAGAATCACTTGAAACTGGAAGGCAGAGGTTGCAGTGAGCCGAGATCCCGCCACTGCACTCCAGCCTGGGTGAAAGAGTGAAACTCCATCTCAAAAAACAAACAAAAAAAA"
"chr5","64755570","64755874","chr17","45164743","45165054","13","19590827","CCGGGTGCGGTGGCTCACGCCTGTAATCCCTGCACTTTGGGAGGCCAAGGCAGGTGGATCACGAGGTCAGGAGTTTGAGACCAGCCTGGCCAACATGACGAAACCCCGTCTCTACTAAAAATACAAAAATTAGCCAGATGTGGTGGCAGGCACCTGTAGCTCCAGCTACTCAGGATGCTGAGGCAGGAGAGTCACTTAAAACCAGAAGGCGGAGGTTGCAGTGAGCCAAAATTGTACCACTGCACTCCAGCCTGTGCAACAAGAATGAAACTCTGTCTCAAAAACAAACAAACAAACAAACAAAA","CCGGGTGCGGTGGCTCATGCCTATAATCCCTGCACTTTGGGAGGCCAAGGCAGGTGGATCACGAGGTCAGAAGTTTGAGACCAGCCTGGCCAACATGACGAAACCCCGTCTCTACTAAAAATACAAAAATTAGCCAGGTGTGGTGGCAGGCACCTGTAGTTCCAGCTACTCAGGATGCTGAGGCAGGAGAGTCACTTAAAACCAGAAGGCGGAGGTTGCAGTGAGCCAAAATTGCACCACTGCACTCCAGCCTGTGCAACAAGAATGAAACTCTGTCTCAAAAACAAACAAACAAACAAACAAACAAACAAA"
"chr5","73913271","73913575","chr17","53800293","53800596","6","20112978","GGCCGGGCCCAGTAGCTCACACCTATAATCCCAGCATTTTGGGAGCCCGAGGTGGGCAGATCATGAGGTCAGGAGTTCAAGACCAGCCTGGCCAACATGGTGAAACCCTGTCTCTACTAAAAATACAAAAAAATTATCCAGGCGTAGTGGCGGGTGCCTGTAATCCCAGCTCCTGGGGAGGCTGAGGCAGGAGAATCACTTGAAACCAGAAGGTGGAGGTTGCAGTGAGCTGAGATCGCACCACTGCACTCCAGCCTGGGCAACAAGAGCGGAACTCCACCTCAAAACAAACAACAAAAAAAGAA","GGCCGGGCCCAGTAGCTCACACCTATAATCTCAGCATTTTGGGAGCCCGAGGTGGGCAGATCATGAGGTCAGGAGTTCAAGACCAGCCTGGCCAACATGGTGAAACCCTGTCTCTACTAAAAATACAAAAAATTATCCAAGCGTAGTGGCGGGTGCCTGTAATCCCAGCTCCTGGGGAGGCTGAGGCACGAGAATCACTTGAAACCAGAAGGTGGAGGTTGCAGTGAGCTGAGATCGCACCACTGCACTCCAGCCTGGGCAACAAGAGTGGAACTCCGCCTCAAAACAAACAACAAAAAAAGAA"
"chr5","82197965","82198264","chr17","61764319","61764619","7","20433646","GGCCAGGCATGGTGGCTCACGCCTGTAATCCCAGCACTTTGGGAGGCTGAGGTGGGCGGATCATGAGGTCAGGAATTCGAGACTAGCCTGGCCAACATGGTGAAACCCCGTCTCTACTAAAAATACAAAAAGTAGCTGGGCGTGGTCGTGGGCGCCTGTAATCCCAGCTACTCAGGAGGCTGAGGCAGAAGAATCGCTTGAAACCGGAAGGTGGAGGTTGCAGTGAGCCGAGATCGTGCCATTGCACTCCAGCCTGGGCAACAAGAGTGAAACTTCGTCTCAAAAACAGAAGAAAAAAAA","GGCCGGGCATGGTGGCTCATGCCTGTAATCCCAGCACTTTGGGAGGCTGAGGTGGGCGGATCATGAGGTCAGGAATTCGAGACTAGCCTGGCCAACATGGTGAAACCCCGTCTCTACTAAAAATACAAAAAGTAGCTGGGCGTGGTGGCGGGCGCCTGTAATCCCAGCTACTCAGGAGGCTGAGGCAGGAGAATCGCTTGAAACCGGAAGGTGGAGGTTGCAGTGAGCCGAGATCGTGCCATTGCACTCCAGCCTGGGCAACAAGAGTGAAACTTCGTCTCAAAAAAAGAAGAAAAAAAAA"
"chr5","83244937","83245228","chr17","62892691","62892981","8","20352246","GCCAGATGCGGTGGCTCACACCTGTAATCCCAGCACTTTGGGAGGCCTAGGCAGGAGGATCACAAGGTCAGGAGGTTGAGACCATCCTGGCCAACATGGTGAAACCCTGTCTCTACTAAAAATACAAAAATCAGCCAGGCGTGGTGGCGGGCCCCTGTAGTCCCAGCTACTCAGGAGACTGAGGCAGGAGAATCACTTGAAACTGGAAGGCGGAAGTTGCAGTGACCCCAGATTGTCCACTCCAGCCTGGACAAAAGAGCAAAACTCCACCTCAAAAAAATAAATAAATAAA","GCCAGATGCGGTGGCTCACACCTGTAATCCCAGCACTTTGAGAGGCCTAGGCGGGAGGATCACGAGGTCAGGAGGTTGAGACCATCCTGGCCAACATGGTGAAACCCTGTCTCTACTAAAAATACAAAAATCAGCCAGGCGTGGTGGCGGGCCCCTGTAGTCCCAGCTACTCGGGAGACTGAGGCAGGAGAATCATTGAAACTGGAAGGCAAAAGTTGCAGTGACCCCAGATTGTCCACTCCAGCCTGGACAAAAGAGCAAAACTCCACCTCAAATAAATAAATAAATAAA"
"chr5","83841358","83841668","chr15","12954150","12954452","45","70887208","GGCCGGGCGCAGTTGCTCACGCCTGTAATCCCAAGCACTTTGGGAGGCCAAGGTGGGTGGATCACGAGGTCAGGAGTTCAAGGCCAGCTTGGCCAACATGGTGAAACCCCATCTCTACTAAAAAAATATCAAAAAGTAGCCAGGCGTGGTGGTGGTGGTGGGCGCCTGTCATCCCAGCTACTTGGGAGGCTGAGGCAGAAGAATTGCTTGAACCTGGAAGGCGGAGGTTGTGGTGAGCTGAGATCGTGCCATTGCACTCCAGCCTGGGCAACAAGAGCAAGAATCCGTACTTAAAAAAAAAAAAAAAAAAA","GGTCGGGTGCGGTGGCTCACACCTGTAATCCCAGCACTTTTGGAGGCCGAGGTGGGCGGATCACGAGGTCAGGAGTTTAGAGACCAGCCTGGCCAACATGGTGAAACCCCGTCTCTACTACAAATACAAAAAAAATTAGCCAGGCGTGGTGGCGGGTGCCTGTAATCCCAGCTACTCGGGAGGCTGAGGCAGAAGAATCGCTTGAAACTGGAAGGCAGAGGTTGCAGTGAGCCGAGATCACGCCACTGCACTCCAGCCTGGGCAATAAGAGCAAAACTCCGTCTCAAAAGAAAAAAAAAAAAA"
"chr5","83923033","83923199","chr17","63589082","63589248","6","20333951","GGCTGGGCGCGGTGGCTCACACCTGTAATCCCAGCACTTTGGGAGGGTGAGGCGGGAGGATCGCAAGGTCAGGAGTTCGAGACCAGTCTGGCCAACATGATGAAACCCCATCTCTACTAAAAATACAAAAATTAGCTCGGTGTGGTGGCAGGCACCCGTAATCCCAG","GGCTGGGGGCGGTGGCTCACACCTGTAATACCAGCACTTTGGGAGGGTGAGGCGGGAGGATCGCAAGGTCAGGAGTTCGAGACCAGTCTGGCCAACATGGTGAAACCCCATCTCTACTAAAAATACAAAAATTAGCTCGGTGTGGTGGCAGGTGCCCATAATCCCAG"
"chr5","83930575","83930861","chr12","129228568","129228862","42","45297993","GGCTGGGCGTGGTGGCTCATGCCTATAACGCCAGCACTTTGGGAGGCCGAGGCATCCGAGTCAGGAGTTTGAGACCAGCCTGGCCAACGTGGTGAAACCCCGTCTCTACTAAAAATACAAAACTAGCCGGGTGTGGTGGCGGGCGCCTGTAATCCCAGCTGCTTGGGAGGCTGAGGCAAGAAAATCACTTGAACCTGGAAGGTGGAGGTTGCAGTGAGCTGAGATTGCACCACAGCATTCCAGCGTGGGCAACAAGAGCGAAACTCCTTCTCCAAACAACAAAAAAA","GGCGAGGCGTGGTGGCTCACGCCTGTAATCCCAGCACTTTGCGAGGCCTAGGTGGGCAGATCACGAGGTCAGGAGTTTGAGACCAGCCTGGCCAATATGGTGAAACCCCGTCTCTACTAAAAATACAAAAATTATCCGGGTGTGGTAGCAGGTGCCTGTAATCCCAGCTACTCAGGAGGCTGAGGCAGGAGAATCACTTGAAACCGGAAGGTGGAGGTTGCAGTGAGCTGAGATTGCGCCACTACACTCCAGCGTGGGTGACAGAGCGAAACTCCGTCTCAAAAAAAAAAAAAAA"
"chr5","85573833","85574121","chr17","65289358","65289646","8","20284475","GCTGGGCGCGGTGGCTCACGCCTGTAATCCCAGCACTTTGGGAGGCCGAAGTGGGTATCACGAGGTCAGGAGTTCGAGACCAGCCTAGTCAACATGGTGAAACTTTGCCTCTACTAAAAATACAAAAATTGGCCAGGTATGGTGGTGGGTGCCTGTAATCTCAGTTACTCAGGAGGCTGAGGCAGGAGACTCACTTGAAACTGGAAGGTGGAGGCTGCAGTGAGCCGAGATTGCAGCCACTTCACTCTAGCCTGGGCAACAAGAGTGAAACTCCGTCTTAAAAAAAAAA","GCTGGGTGCGGTGGCTCACGCCTGTAATCCCAGCACTTTGGGAGGCCGAAGTGGGTGGATAACGAGTCAGGAGTTCGAGACCAGCCTAGTCAACATGGTGAAATTTTGCCTCTACTAAAAATACAAAAATTGGCCAGGTATGGTGGTGGGTGCCTGTAATCTCAGCTACTCAGGAGGCTGAGGCAGGAGACTCACTTGAAACTGGAAGGTGGAGGCTGCAGTGAGCCGAGATTGCAGCCACTTCACTCTAGCCTGGGCAACAAGAGTGAAACTCCGTCTTAAAAAAAAA"
"chr5","92842004","92842305","chr17","72490506","72490805","10","20351498","GGCCGGGTTCTGTGGCTCACGCCTGTAATCCTAGCACTTTGGGAGGCCGAGGCAGGTGGATCATGAGGTCAAGAGTTCCAGACCAGCCTGCCCAACATGACAAAACCCCGTCTCTACTAAAAATACAAAAAATTAACCAGGCATAGTTGTAGGCATCTGTAATCCCAGCTACTTGGGAGGCTGAGGCAGAAGAATCGCTTGAACCCAGAAGGCGGAGGTTTCAGTGAGTCAAGATTGCGCCACTGCACTCTAGCCTGGGCACCAAGAGCGAAATTCCGTACAAAAAAAAAAAAAGAAAGAAA","GGCCGGGCGCTGTGGCTCACGCCTGTAATCCTAGCACTTTGGGAGGCCGAGGCAGGTGGATCATGAGGTCAAGAGTTCCAGACCAGCCTGCCCAACATGACAAAACCCCGTCTCTACTAAAAATACAAAAAATTAACCAGGCATGGTGGTAGGCACCTGTAATCCCAGCTACTTGGGAGACTGAGGCAGAAGAATCGCTTGAACCCAGAAGGCGGAGGTTTCAGTGAGTCAAGATTGCGCCACTGCACTCTAGCCTGGGCACCAAGAGTGAAATTCCATAAAAAAAAAAAAAAAAAGAAA"
"chr5","93634886","93635194","chr17","73286373","73286657","29","20348513","GGCCGGGCCTGGTGGCTCACGCCTGTAATCCCAGCATTTTGGAGGCCGAGGCAGGTAGATCACGAGGTCAGGAGTTCAAGACTAGCCTGGCCAACATGGTGAAACCCTATCTCTACTAAATACACAAAAAATTAGCTGGGCTTCGTAGTGGCAGGCACCTGTAATCCCAGCTACTTTGGAGGCTGAAGCAGGACAATCGCTTGAAACCAGAAGGTGGAGGATGCAGTGAGCCGAGATTGCACTAATGCACTCCATCCTGGTCAACAAGAGCAAAACTCTGTCTCAAAATAAATAAATAAATAAATAAAA","GGCCGGGCGTGGTGGCTCACGCCTGTAATCCCAGCATTTTGGAGGCCGAGGCAGGTAGATCACGAAGTCAGGAGTTCAAGACTAGCCTGGCCAACATGGTGAAACCCTATCTCTACTAAATACACAAAAAATTAGCTGGGCTTCATAGTGGCAGGCACCTGTAATCCCGGCTACTTTGGAGGCTGAAGCAGGAGAATCGCTTGAAACCAGAAGGTGGAGGATGCAGTGAGCCGAGATTGCACTAATGCACTCCATCCTGGTCAACAAGAGCAAAACTCTGTCTCA"
"chr5","94286472","94286755","chr17","73828109","73828392","7","20458363","GGCCAGGTGCGGTGGCTCACACCTGTAATCCCAGCACTTTGGGAGGCCGAGGCAGGCAGATCACAGGGTCAGGAGTTTGAGACCAGCCTGGCCAACATGGTGAAACCCTGTCTCTACGAAAAAAATACAAAAATTACCCAGGCGTGGTGGCACGTGCCTGTAATCCCAGCTACTTGGGAGGCTGAGGCAGGATAATCACTTGAAACTGGAAGGCGGAGATTGCAGTGAGCCAAAATCATGCCACCTCACTCCAACATGGGCAAAAGAGCAAAACTCCATCTCAA","GGCCAGGTGCGGTGGCTCACACCTGTAATCCCAGAACTTTGGGAGGCCGAGGCAGGCAGATCACAGGGTCAGGAGTTTGAGACCAGCCTGGCCAACATGGTGAAACCCTGTCTCTACAAAAAAAATACAAAAATTATCCAGGCGTGGTGGCACGCACCTGTAATCCCAGCTACTTGGGAGGCTGAGGCAGGATAATCACTTGAAACTGGAAGGCGGAGATTGCAGTGAGCCAAAATCATGCCACCGCACTCCAACATGGGCAAAAGAGCAAAGCTCCATCTCAA"
"chr5","94828127","94828432","chr17","74216622","74216920","17","20611505","GGCCAAGCTTGATGGCTCACGCCTGTAATCCCAGCACCTTGGGAGGCTGAGGTGGGTGGATCACGAGGTCAGGAGTTTGAGACCAGCCTGGCCAACATGATGAAACCCTGTCTCTACTAAAAATTCAAAAATTAGCCAGGCATGATAGTGGGCACCCGTAATACCCAGCTACTTGGGAGGCTGAGGCAGGAGAATCACTTGAAACTGGAAGGTGCAGGTTGCAGTGAGCTGAGATCGAGCCACTGCACTCCAACCTGGGTGAAAGAGTGAAACTCCATCTCAAAAAAAAAAAAAAAAGAAAAAGAA","GGCCAGGCTTGATGGCTCACGCCTGTAATCCCAGCACTTTGGGAGGCTGAAGTGGGTGGACCACGAGGTCAGGAGTTTGAGACCAGCCTGGCCAACATGATGAAACCCTGTCTCTACTAAAAATACAAAAATTAGCCAGGCATGATGGTGGGCACCTGTAATCCCAGCTACTTGGGAGGCTGAGGCAGGAGAATCACTTGGAACTGGAAGGTGGAGGTTGCAGTGAGCTGAGATCGAGCCACTGCACTCCAACTTGGGTGAAAGAGTGAAACTCCATAAAAAAAAAAAAAAAAGAAGAA"
"chr5","97300202","97300502","chr17","76850816","76851116","11","20449386","GGCCGGGCGCGGTGGCTCACGCCTGTAATCCCAGCACTTTGGGAGGCTGAGGCCGGTGGATCACGAGGTTAGGAGTTCGATACCAGCCTGGCCATCATGGTGAAACCCTGTCTCTACTAAAAATACAAAAATTAGTAGGGTGTGGTGGCAAGCGCCTGTAATCCAGCTACTCAGGAGGCTGAGGCAGGAGAATTGCTTGAAACTGGAAGGCGGAGGTTTCAGTGAGCGGAGATTGCTCCACCGCATTCCAGCCTGGGCAACAAGAGTGAAACTCTGTCTCAAACAAACAAACAAAAAAGAA","GGCCGGGAGCGGTGGCTCACGCCTGTAATCCCAGCACTTTGGGAGGCTGAGGCCGGTGGATCACGAGGTTAGGAGTTCGAGACCAGCCTGGCCATCATGGTGAAACCCCGTCTCTACTAAAAATACAAAAATTAGTAGGGTGTGGTGGCAGGCGCCTGTAATCCAGCTACTAGGGAGGCTGAGGCAGGAGAATTGCTTGAAACCGGAAGGCGGAGGTTTCAGTGAGCGGAGATTGCTCCACTGCATTCCAGCCTGGGCAACAAGAGTGAAACTCTGTCTCAAAAAAAAAAAAAAAAAAGAA"
"chr5","99214729","99214795","chr5","81322816","81322882","1","17891913","GCTAAGCACAGTGGCATGAGACTGCAGTTCTAGCGACTTGGAAGGTTGAAACAAGAAGATCACTTGA","GCTAAGCACAGTGGCATGAGACTGCAGTTCTAGTGACTTGGAAGGTTGAAACAAGAAGATCACTTGA"
"chr5","99870361","99870633","chr6","157648299","157648578","34","57777938","CCGGGCGCGGTGGCTCACGCCTGTAATCCCAGCACTTTGGGAGGCCAAGGCGAGCGGATTACAAGGCCAGGAGTTCAAGACCAGCCTGGCCAACATGGTGAAACCTGTCTCTACTAAAAATACAAAAATTAGCTGGGCATGGTGGCAGGCACCTGTAATCCTAGCTACTCAGGAGGCTGAGGCAGGAGAATTGCTGGAAACCGGAAGGTGGAGGTTGCAGTGAGCCCAGATCATGCCACTGTACTCCAGCCTGGGCAACAAGAGCAAAACTCC","GGCCGGGCGCAGTGGCTCACGCCTGTAATCCAACACTTTGGGAGGCCAAGGTGGGCAGATCACGAGGTCAGGAGTTCGAGACCAGCCTGGCCAACATGGTGAAAACCCATCTCTACTAAAAATACAAAAATTAGCTGGGCATGGTGGCATGCGCCTGTAATCCCAGCTACTTGGGAGGCTGAGGCAGGAGAATCGTTTGAAACTGGAAGGTGAAGGTTGCAGTGAGCCAAGATCATGCCACTGCACTCTAGCCTGGGCAACAAGAGCGAAATTCCGTCCC"
"chr5","104263590","104263884","chr5","86092958","86093262","16","18170632","GGCCGGGCATGATGGCTCATGCCTGTAATTCCAGCACTTTGGGAGGCTGAGGCAGGCAGATCATGAGGTCAGGAGTTCGAGACCAGCCTGGCCAACATGGTGAAACCCAGTCTCTACTAAAAATGCAAAAATTAGCCAGGCGTGGTGGCAGGCGCCTGTAATCCCAGCTACTCTGGAGGCTGAGGGAGGAGAATCGTTTGAAACTGGAAGGCAGAGGTTGCAGTGAGCTGAGATCATGCCACTGCACTCCAGCCTAGGCAACAAGAGTAAAACTCCATCTACAAAAAAAAAGAAA","GGCCGGGCATGATGGCTCATGCCTGTAATTCCAGCACTTTGGGAGGCTGAGGCAGGCAGATCATGAGGTCAGGAGTTCGAGACCAGCCTGACCAACGTGGTGAAACCCAGTCTCTACTAAAAATGCAAAAATTAGCCAGGCGTGGTGGCGGGTGCCTGTAATCCCAGCTACTCTGGAGGCTGAGGGAGGAGAATCGTTTGAAACTGGAAGGCGGAGGTTGCAGTGAGCTGAGATCATGCCACTGCACTCCAGCCTAGGCAACAAGAGTAAAACTCCATCTCAAAAAAAAAAAAAGAAAAAGAAAA"
"chr5","106095176","106095417","chr5","87927685","87927933","12","18167491","AGGCCAAGGCAGGCAGATCACGAGGTCAGGTGTTCAAGACCAGCCTGGCCAAGATGGTGAAACCCCATCTCTACTAAAAATACAAAAATTAGCCAGGTGTGGTGGTGGGTGCCTGTAATCCCAGCTACTTGGGAGGCTGAGGCAGGAGAATCGCTTGAACCTAGAAGGCAGAGGTTGCAGTGAGCCAAGATCATGCCACTGCACTCCAGCCTGGGCAACAAGAGTGAAACTCCATCTCAAAA","AGGCCAAGGCAGGCAGATCACGAGGTCAGGTGTTCAAGACCAGCCTGGCCAAGATGGTGAAACCCCATCTCTACTAAAAATACAAAAATGAGCCAGGTGTGGTGGTGGGTGCCTGTAATTCCAGCTACTTGGGAGGCTGAGGCAGGAGAATCGCTTGAACCCAGAAGGCAGAGGTTGCAGTGAGCCAAGATCACGCCACTGCACTCCAGCCTGGGCAACAAGAGTGAAACTCCGTCTCAAAAAAAAAAA"
"chr5","109525179","109525483","chr5","91335891","91336185","16","18189288","CCAGGCGCAGTGGCTCACGCCTGTAATCCCAGCACTTTGGGAAGCTGAGGCGGGCGGATCATGAGGTCAGGAGTTCGAGACCAGCCTGGCCAACATAGTGAAACTCCGTGTCTACTAAAAATACAAAAATTAGCTGGGAGTCATGGCGAGTGCCTGTAGTCCCAGCTACTCGGGAGGCTGAGGCAGGAGAATCGCTTGAAACCAGAAGGTGGAGTTTGCAGTGAGCCGAGATCACACCACTGCACTCCAGCCTGGGCGAAAGAGCGAAACTCCGTCTCAAAAAACAAAACAACAACAAAAAAGAA","CCAGGCGCAGTGGCTCATGCCTGTAATCCCAGCACTTTGGGAGGCTGAGGCGGGCGGATCGTGAGGTCAGGAGTTCGAGACCAGCCTGGCCAACATAGTGAAACTCCGTGTCTACTAAAAATACAAAAATTAGCTGGGAGTCATGGCGGGTGCCTGTATTCCCAGCTACTCGGGAGGCTGAGGCAGGAGAATCGCTTGAAACCAGAAGGTGGAGTTTGCAGTGAGCCGAGATCACACCACTGCACTCCAGCCTGGGCGAAAGAGTGAAACTCCGTCTCAAAAAACAAAAACAAAA"
"chr5","111515867","111516019","chr5","93422592","93422745","6","18093275","GGGTGTGGTGGCAGGTGCCTGTAATCCCAGCTACCTGGGAGGCTGAGGCAAGAGAACCGCTTGAAACCTGAAGGCAAGGTGGCAATGAGCCGAGACTATGCCACTGCACTCCAGCCTGGGCAACAAGAGCGAAACTCCGTCTCAAAAAAAAAA","GGGTGTGGTGGCAGGCGCCTGTAATCCCAGCTACTTGGGAGGCTGAGGCAAGAGAACCGCTTGAAACCTGAAGGCAAGGTGGCAGTGAGCCGAGATTATGCCACTGCACTCCAGCCTGGGCAACAAGAGTGAAACTCCGTCTCAAAAAAAAAAA"
"chr5","116803668","116803978","chr5","98807843","98808148","10","17995825","GGCTGGGCGTGGTGGCTCACGCCTGTAATCCCAGCACTTTGGGAGGCGGAGGTGGGTGGATCACGAGGTCAGGAGTTCGAGACCAGCCTGGCCAACATGGTGAAATCCTATCTCTACTAAAAATACATAAATTAGCCAGGCATGGTGGTGGGCGCCTGTAGTCTCAGCTACTCCAGAGGCTGAGGCAGGAGAATCACTTGAAACTGGAAGGCAGAGGTTGCAGTAAGCCAAGATTACATCACTGCACTCTAGTCCTGGGCAACAAGAGCAAAACTCCTTCTCCAAAAAAAAAACAAAAACAAAAACAAAAA","GGCTGGGCGTGGTGGCTCACGCCTGTAATGCCAGCACTTTGGGAGGCGGAGGTGGGTGGATCATGAGGTCAGGAGTTCGAGACCAGCCTGGCCAACATGGTGAAATCCTATCTCTACTAAAAATACATAAATTAGCCAGGCATGGTGGTGGGCGCCTGTAGTCTCAGCTACTCCAGAGGCTGAGGCAGGAGAATCACTTGAAACTGGAAGGCAGAGGTTGCAGTAAGCCAAGATCACATCACTGCACTCTAGTCCTGGGCAACAAGAGCAAAACTCCTTCTCCAAAAAAAAAAACAAAACAAAAAA"
"chr5","118130167","118130453","chr5","100161057","100161339","11","17969110","GTGATGGCTCACACCTGTAATCCCAGCATTTTGGGAGGCCAAGGTGGGCGGACCATGAGGTCAGGAGTTTGTGACCAGCCTGGCCAACATGGTGAAACCCCGTCTCTACTAAAAATACAAAAATCAGCTGGGCATGGTGGCAGGCACCTGTAATCCCAGCTACTTGGGAGGTTGAGGCAGAAGAATCGCTTGAAACCGGAAGCTGGAGGTTGCAGTGAGCCAAGATCGTGCCACTGCACTCCAGCTTGGGCAACAAGACTGAAACTCTATCTTAAAAAAAAAAAAAA","GTGATGGCTCACACCTGTAATCCCAGCATTTTGGGAGGCCAAGGTGGGCGGACCATGAGGTCAGGAGTTCGTGACCAGCCTGGCCAACATGGTGAAACCCCGTCTCTACTAAAAATACAAAAATCAGCTGGGCATGGTGGCAAACACCTGTAATCCCAGCTACTTGGGAGGTTGAGGCAGAAGAATCGCTTGAAACCAGAAGGTGGAGGTTGCAGTGAGCCAAGATCGTGCCACTGCACTCCAGTTGGGCAACAACACTGAAACTCCATCTTAAAAAAAAAAA"
"chr5","123072138","123072439","chr5","105131487","105131787","5","17940651","GGCCGTGCGTGGTGGCTCACACCTGTAACCCCAGCACTTTGGGAGGATGAGGTGGGTGGATCACGAGGAGTTAGAGACCAGCCTGGCCAACGTGGTGAAACCCTGTCTCTACTAAAAATACAAAAATTAGCCAGGCGTGGTGGCGGGCATCTGTAATCCTAGCTACTCAGGAGGCTGAGGCAGGAGAATAGCTTGAAACCAAAAGGCAGAGGTTGCAGTGAGCCGAGATCGCCCACTGTGCTCCAGCCTGGGCAAAAGAGCTAAACTCTGTCTCAAAAACAAAAACAAACAACAACAAAAAA","GGCCGTGCGTGGTGGCTCACACCTGTAACCCCAGCACTTTGGGAGGATGAGGTGGGTGGATCACGAGGAGTTAGAGACCAGCCTGGCCAACGTGGTGAAACCCTGTCTCTACTAAAAATACAAAAATTAGCCAGGCGTGGTGGCGGGCATCTGTAATCCTAGCTACTCGGGAGGCTGAGGCAGGAGAATAGCTTGAAACCAAAAGGCAGAGGTTGCAGTGAGCCGAGATCGCCCACTGCGCTCCAGCCTGGGCAAAAGAGCTAAACTCTGTCTCAAAAACAAAAACAAAAACAAAAACAAA"
"chr5","130867583","130867894","chr5","113116090","113116396","15","17751493","GGCCAGGCACGGTGGCTCATGCCTGTAATCCCAGCAGTTTGGGAGGCTGAGGCAGGTGAATCACGAGGTCAGCAGTTTGAGACCAGCCTGACCAACATGGTGAAACCCAGTCTCCACTAAAAATACAAAAAAATTAGCTGGATGTGGTGGTGGGCGCCTGTAATCCTAGCTACTTGGGAGGCTGAGGCAGGAGAATCACTTGAAACTGCAAGGTGGAGGTTGCAGTGAGCTGAGATTGTGCCACTGCACTCTAGCCTGGGCAATAAGAGCCAAACTCCATCTCAAAAAGAAAAAAAGTAAAAACAGAACAAA","GGCCAGGCACGGTGGCTTATGCCTGTAATCCCAGCAGTTTGGGAGGCTGAGGCAGGTGAATCACGAGGTCAGCAGTTTGAGACCAGCCTGACCAACATGGTGAAACCCAGTCTCTACTAAAAATACAAAAAAATTAGCTGGGTGTGGTGGCGGGCGCCTGTAATCCCAGCTACTTGGGAGGCTGAGGCAGGAGAATCACTTGAAACCGCAAGGTGGAGGTTGCAGTGAGCTGAGATTGTGCCACTGCACTGTAGCCTGGGCAATAAGAACCAAACTCCATCTCAAAAAAAAAAAAAAAAAGTAAAAA"
"chr5","133218584","133218856","chr12","70862934","70863217","41","62355650","GGGTGCAGTGGCTCACACCTGTAATCCCAGCACTTTGGGAGGCCGAGGCGGGCGGATCATGAGGTCAGCAGTTCGAGACCAGCCTGGCCAACATGGTGTAACTCTGTCTCTACTAAAAATACAAAAATCAGCCAGGCGTGGTAGCAGGCATCTGTAATCCCAGCTACTTGGGATGCTGAGGCAGGAGAATCCCGGGAGGCAGAGGTTGCGGTGAGCTGAGATTGTGCCACTGCACTCCAGCCTGGGAGACAAGAGAGAAACTCCGTCTCAAAA","GGCCGGGCGCAGTGGCTCATGCCTGTAATCCCAGCACTTTGGGAGGCCAAGGCAGGAGGATCCTGAGGTCAGGAGTTCGAGACCCAGCCTGGCCAACATGATGAAACCCTGTCTCTACTACAAATACAAAAATTAGCCAGGCATGGTGGCAGGCACCTGTAATCCCAGCTACTTGGGAGGCTGAGGCAGGAGAAACCAGAAGGCAGAGGTTGCAGTGAGCTGAGATCGTGCCACTGTACTCCAGCCTGGGCAAAAGGAGAGAAACTCCATCTCAGAAAAATAAA"
"chr5","134458906","134459204","chr5","116341597","116341895","5","18117309","GGCCGGACATGGTGGCTCACACCTGTAATCCCAGCACTTTGGGAGGCTGAGATGGGCACATCACGAGGTCAGCAGTTCAAGACCAGCCTGGTCCACATGGTGAAACCCCATCTCTACTAAAAATACAAAAATTAGCCGGGCATGGTGGCGGGCACCTGTAATCCCAGCTACTCAGGAGGCTGAGCAGGAGAATCGCTTGAAACCGGAAGGTGGAAGCTGCAGTGAGTCGAGATCGTGCCACTGTGCTCCAGCCTGGGCAACAAAAGCGAAACTCCATCTAACAAAAAAAAAAAAAAAAA","GGCCGGACGTGGTGGCTCACACCTGTAATCCCAGCACTTTGGGAGGCTGAGATGGGCAGATCACGAGGTCAGCAGTTCAAGACCAGCCTGGTCCACATGGTGAAACCCCATCTCTACTAAAAATACAAAAATTAGCCGGGCATGGTGGCGGGCACCTGTAATCCCAGCTACTCAGGAGGCTGAGCAGGAGAATCGCTTGAAACCAGAAGGTGGAAGCTGCAGTGAGTCGAGATCGTGCCACTGTGCTCCAGCCTGGGCAACAAAAGCGAAACTCCATCTCAAAAAAAAAAAAAAAAAAA"
"chr5","134556977","134557268","chr5","116447710","116447993","15","18109267","GGCCAGGAGCAGTGGCTCATGCCTGTAATCCCAGCACTTTGGGAAGCCGAGGTGGGCAGATCACGAGGTCAGGAGATCGAAACCATCCTGGACAACACGGTGAAACCCCCTCTCTACTAAAAATACAAAAATTAGCTGAGTGTGGCAGCGCATGCCTGTAATCCCAGCTACTCTGGAGGCTGAGGCAGGAGAATCGCTTGAAACCGGGAGGCGGAGATTGCAGTAAACTGAGATCCCGCCATTGTACTCCAGTCTGGGCAACAAAAGCGAAACTCCATTTCAAATAAATAAA","GGCCAGGAGCGGTGGTTCATGCCTGTAATCCCAGCACTTTGGGAAGCCGAGGTGGGCGGATCACGAGGTCAGGAGATCGAAACCATCCTGGACAACACGGTGAAACCCCCTCTCTACTAAAAATACAAAAATTAGCTGAGCGTGGCAGCGCATGCCTGTAATCCCAGCTACTCCGGAGGCTGAGGCAGGAGAATCGCTTGAAACCGGGAGGCGGAGGTTGCAGTAAGCTGAGATCCCGCCATTGTACTCCAGTCTGGGCAACAAAAGCGAAACTCCATTTCAAA"
"chr5","136369171","136369466","chr5","118296843","118297139","8","18072328","GGCCGGGCGCGGTGGCTCACGCCTGTAATCCCAGCACTTTGGGAGGCCGAAGCGGGCGGATCACAAGGTCAAGAGTTTGAGACCAGCCTGGCCAACATAGTGAAACCCCGTCTCTACTAAATACAAAAATTAGCTGGGCATGGTGGCGGGAGCCTGTATCCCAGCTACTCGAGAGGCTGAGTACCTTGGAACCAGAAGGTAGAGGTTGCAGTGAGCTGAGATGGCGCCACTGCACTCCAGCCTGGGCAAAACAGCAAAACTCTGTCTCAACAAAAAAAGAAGAAAAGAAAAGAAAA","GGCCGGGCGCGGTGGCTCATGCCTGTAATCCCAGCACTTTGGGAGGCCAAAGCGGGCGGATCACAAGGTCAAGAGTTTGAGACCAGCCTGGCAAACATAGTGAAACCCCGTCTCTACTAAATACAAAAATTAGCTGGGCATGGTGGCGGGAGCCTGTATCCCAGCTACTGGAGAGGCTGAGTACCTTGGAACCAGAAGGTAGAGGTTGCAGTGAGCTGAGATGGCGCCACTGCACTCCAGCCTGGGCAAAAACAGCAAAACTCTGTCTCAAAAAAAAAAAAGAAAAGAAAAGAAAAA"
"chr5","140926759","140927004","chr19","37140299","37140540","39","103786460","GCAGGTGGATCACAAGGCCAGGAGTTCAAGACCAGCCTGGCTAACATGGTGAAACCCCATCTCTACTAAAAATACAAAAATTAGCTGGGCATGATGGTGGGCGCCTGTAATCCCAGCTACTTGGGAGGCTGAGGCAGGACAATTGCTTGAACCTGGGAGGTGGAGGTTGCAGTGAGCCAAGATCGTGCCACTGCACTCCAGCTTGGGCGACAAGAGCAAAACTCCATCTACAAAAAAAAAACAAAA","GTGGATCACAAGTTCAGGAGTTCAAGACCAGCCTGGCCAACATGGTGAAACCCCGTCTCTACTAAAAATACAAAAATTAGCCGGGTGTGGTGGCAGGCACCTGTAATCCCAGCTACTCAGGAAGATGAGGCAGGAGAATTGCTTGAAACCAGAAGGCAGAGGTTGCAGTGAGCTAAGATCGCACCACTGCACTCCAGCCTGGGTGAAAGAGCAAAATGCTGTCTCAAAAAAAAAAAAAAAAA"
"chr5","141190260","141190474","chr9","105217160","105217370","34","35973100","GGCCAGGCACAGTGGCTCACGCTTGTAATCCCAGCACTTTGAGAGGCCGAGGCAGGTAGATCACAAGGTCAGGAGTTCGAGACCAGCCTGGCCAACATTGTGAAACCCTGTCTCTACTAAAACTACAAAAAACTAGTTGGGTATGGTGGCAGGCGCCTGTAATCCCAGCTACTTGGGAGGCTGAGGCAGAATTGCTTGAAACTGGGAGGCAGAGG","GGCCAGGCACAGCGGCTCACACCTATAATCCCAGCACTTTGGGGGGCCGAGGCAGGTGGATCACGAGGTCAGGGGTTCAAGACCAGCCTGATCAACATGGTGAAATCCTGTCTCTACTAAAAATACAAAAATTAGCTGGGCGTGGTGGCGGGCGCCTGTAATCCCAGCTACTCAGGAGGCTGAGGCAGGAGAATTGCTTGAACCAGGAGGC"
"chr5","141647676","141647985","chr5","123688973","123689279","10","17958703","GCCAGGCGCGGTGGCTCACGCCTGTAATCCCAGCACTTTGGGAGGCCGAGGTGGGTGGATCACGAGGTCAGCAGTTCGAGACCAGCCTGACCAACATGGTGAAACCCCGTCTCTACTAAAAATACAAAAACAATTAGCTGGGCATGGTGGCAGACACCTGTAATCCCAGTGACTTGGGAGGCTAAGGCAGGAGAACTGCTTGAAACCGGAAGGCAGAGGTTGCAGTGAGCCGAGATTGTGCCACTGCACTCTAGCCTGGGCAATAAGAGCAAAACTCCATCTACAAAAAAAAAAAGAAAGAAAGAAGAAA","GCCAGGCACGGTGGCTCACACCTGTAATCCCAGCACTTTGGGAGGCCGAGGTGGGTGGATCATGAGGTCAGCAGTTCGAGACCAGCCTGACCAACATGGTGAAACCCCGTCTCTACTAAAAATACAAAAACAATTAGCTGGGCATGGTGGCAGGCGCCTGTAGTCCCAGTGACTTGGGAGGCTAAGGCAGGAGAATTGCTTGAAACCGGAAGGCAGAGGTTGCAGTGAGCCGAGATTGTGCCACTGCACTCTAGCCTGGGCAATAAGAGCAAAACTCCATCTCAAAAAAAAAAAAAAGAAGAAGAAA"
"chr5","142549094","142549371","chr5","124608060","124608365","30","17941034","GGCTGGGCACAGTGGCTCATGCCTTTAATCCCAGCACTTTGGGAGGCTGAGGCGGGCAGATCATGAGGTCAGGAGTTCGAGACCAGCCTGGCCAACATGGTGAAACCCCATCTCTACTAAAAGTACAAAAATTAGCTGAGCATGGTGGTGCGCGCCTGTAATCCCAGCTACTCAGGAGGCTGAGGCAGGAAAATCACTTGAAACCAGAAGGCAGAGGTTGTAGTGAGCTGAGATGGCGCCATTGCACTCCAGCCTGGTTAACAAGAGTGAAACTCTGT","GGCTGGGCACAGTGGCTCATGCCTTTAATCCCAGCACTTTGGGAGGCTGAGGCGGGCAGATCATGAGGTCAGGAGTTCGAGACCAGCCTGGCCAACATGGTGAAACCCCATCTCTACTAAAAGTACAAAAATTAGCTGAGCATGGTGGTGCGTGCCTGTAATCCCAGCTACTCAGGAGGCTGAGGTAGGAAAATCACTTGAAACCAGAAGGCAGAGGTTGTAGTGAGCTGAGATGGCGCCATTGCACTCCAGCCTGGTTAACAAGAGTGAAACTCTGTCTCTCAAAAAAAAAAAAAAAAAAAAAAA"
"chr5","143677059","143677363","chr5","125792781","125793087","5","17884278","GGCTGGGCGCGGTGGCTTACGCCTGTAATCCCAGCACTTTGGGAGGCCAAGGCAGGCGGATAACAAGGTCAGGAGTTCCAGACCAGCCTGGCCAATATGGTGAAACCCCGTCTCTACTAAAAAATACAAAATTAGCCGGGTGTGGTGGCAGGTGCCTGTAATCCCAGCTACTCGGAAGGGTGAAGCAGGAGAATCACTTGAACCTGGAGGTGGAGGTTGCAGTGAGCCGAGATTGCATCATTACACTCCAGCCTGGGCAATAAGAGCAAAACTCTGTTTCAAAAAGAAAAGAAAACAAAACAAAA","GGCTGGGCGCGGTGGCTTACGCCTGTAATCCCAGCACTTTGGGAGGCCAAGGCAGGCGGATAACAAGGTCAGGAGTTCCAGACCAGCCTGGCCAATATGGTGAAACCCCGCCTCTACTTAAAAAATACAAAAATTAGCCAGGTGTGGTGGCAGGTGCCTGTAATCCCAGCTACTCGGAAGGGTGAAGCAGGAGAATCACTTGAACCTGGAGGTGGAGGTTGCAGTGAGCTGAGATTGCATCATTACACTCCAGCCTGGGCAATAAGAGCAAAACTCTGTTTCAAAAAGAAAAGAAAACAAAACAAAA"
"chr5","145242534","145242828","chr5","127372003","127372310","23","17870531","GGCCGGGTACGGTGGCTCACGCCTGTAATCCCAGCACTTTGGGAGGCCAAGGCGGGCAGATCACGAGGTCAGGAGTTCGAGACCAGCTTGGCCAACATGGTGAAACCCTGTCTCTACTAAAAATACAAAATTAGCCAGGCATGCTTGGTGGGCGCCTGTAATCCCAGCTACTTGGGAGGCTGAGGCAGGAGAATCACTTGAAACCGGAGGGCAGAGGTTACAGTGAGCCGAGATCACACCACTGCACTCCAGCCTGGGCAACCAAGAGTGAAACTCCATACTAAAAAAAAAAAAA","GGCTGGGTACGGTGGCTCACGCCTGTAATCCCAGCACTTTGGGAGGCCAAGGCGGGCAGATCATGAGGTCAGGAGTTCGAGACCAGCTTGGCCAACATGGTGAAACCCCATCTCTACTAAAAATACAAAAATTGGCCAGGCATGGTTGGTGGGCGCCTGTAATCCCAGCTATTTGGGAGGCTGAGGCAGGAGAATCACTTGAAACCAGAGGGCAGAGGTTGCAGTGAGCCGAGATCACACCACTGCACTCCAGCCTGGGCAACCAAGAGTGAAACTCCATCTAAAAAATAAATAAATAAATAAATAAA"
"chr5","158393935","158394233","chr5","140841444","140841736","15","17552491","GGCCAGGCGTGGTGGCTCACACCTGTAATCCCAGCACTTTGGGAGGCCAAGGCAGGTGGATCACGAGGTCAGCAGTTTGAGACCAGCCTGACCAACGTGGTGAAACCCCATCTCTACTAAAAATATAAAAAAAATAGCTGGGTGTGGTGGCAGGCACCTGTAATCCCAGCTACTTGGGAGGCTGAGGCAGGAGAATTGCTTGAAACTGGAAGGCAGAGGTTGCAGTGAGCCAAAATTGTGCCACTGTACTCTAGTCTGGGCAATGAGAGCAAAACTCCATTCTCAAAAAAAAAAAAAAA","GGCCAGGCATGGTGGCTCACACCTGTAATCCCAGCACTTTGGGAGGCCAAGGTGGGTGGATCACGAGGTCAGCAGTTTGAGACCAGCCTGACCAACATGGTGAAACCCCGTCTCTACTAAAAATATTAAAAAAAATAGCTGGGTGTGGTGGCAGGCACCTGTAATCCCAGCTACTTGGGAGGCTGAGGCAGGAGAATCGCTTGAAGGCAGAGGTTGCAGTGAGCCAAAATTGTGCCACTGTACTCTAGCCTGGGCAATGAGAGCAAAACTCCATTCTCAAAAAAAAAAAAAAA"
"chr5","160009439","160009605","chr5","141839012","141839170","27","18170427","AAAATACCCAGCTGGGCCGGGTGTGGTGGCTCACGCCTGTAATTCCCGCACTTTGGGAGGCCGAAACCGGAAGGCAGAGGTTGCAGTGATCTGAGGTTGTGCCACTGCACTCTAGCCTGGGCAATGAGAGCAAAACTCTGTCTCAAAAAAAAAAAAAAGAAAGAAAA","GCCGGGTGTGGTGGCTCACGCCTGTAATTCCAGCACTTTGCGAGGCTGAAACCGGAAGGCAGAGGTTGCAGTGATCTGAGGTTGTGCCACTGCACTCTAGCCTGGGCAATGAGAGCAAAACTCTGTCTCAAAAAAAAAAAAACAAAACAAAAAAACAAA"
"chr5","160966216","160966505","chr5","142805937","142806237","20","18160279","GGCCGGGCGCAGTGGCTCACGCCTGTAATCCCAGCACTTTGGGAGGCCGAGGAGGGTGGATCACGAGGTCAGGAGTTCAAGACCAGCCTGGCCAACATGGTGAAACCCCATCTCTACTAAAAATACAAAAATCAGCTGGGAGTGGTGGCGGGCACCTGTAATCCCAGCTACTTGGGAGTCTGAGGCAAGAGAATCGCTTGAATCCGGGAGGCAGGGGTTGTAGTGAGCCGAGATTGCACCACTGCACTCCAGAATGGGCAACAAGAGCGAAACTCTGTCTAAAAAAAAAA","GGCCGGGCGCAGTGGGTCACGCCTGTAATCCCAGCACTTTGGGAGGCCGAGGAAGGCGGATCACGAGGTCAGGAGTTCAAGACCAGCCTGTCCAACATGGTGAAACCCCATCTCTACTAAAAATACAAAAATCAGCCGGGAGTGGTGGCGGGCACCTGTAATCCCAGCTACTTGGGAGTCTGAGGCAAGAGAATTGCTTGAATCCAGGAGGCAGGGGTTATAGTGAGCCGAGATTGCACCACTGCACTCCAGAATGGGCAACAAGAGCGAAACTCCGTCTAAAAAAAAGAGAGAGAGAGAA"
"chr5","163730036","163730316","chr5","145539870","145540177","34","18190166","GGCTGGGCACGGTGGCTCACACCTGTAATCCCAGCACTTTGGGAGGCTGAGGCTGGCAGATTACAAGGTCAGGAGATGGAGAACATCTTGGCCAACATGGTGAAACCCCATCTCTACTAAAAAGACAAAAATTAGTTGGGTGTGGTGGTGTGTGTCTGTAATCCCAGCTACTCGGGAGGCTGAGGCAGGAGAATCACTTGAACCTGGAAGGCGGAGGTTGCAGTGAGCTGAGATCGCATCTTTGCACTCCAGCCTGGGCAACAAAAGTGAAACTCCGTCTC","GGCCGGGCACGGTGGCTCACACCTGTAATCCCAGCACTTTGGGAGGCTGAGGCTGGCAGATGACAAGGTCAGGAGATGGAGAACATCTTGGCCAAAGTGGTGAAACCCCATCTCTACTAAAAAGACAAAAATTAGCTGGGTGTGGTGGTGCGTGTCTGTAATCCCAGCTACTCGGGAGGCTGAGGCAGGAGAATCACTTGAACCTGGAAGGCGGAGGTTACAGTGAGCTGAGATCGCATCTTTGCACTCCAGCCTGGGCAACAAAAGTGAAACTCCGTCTCAAAACAAAAAACAAAAACAAAAACAAA"
"chr5","168115614","168115935","chr5","149888600","149888923","12","18227014","GGCTGGGCACAGTGGCTCATGCCTGTAATCCCACCACTTTGAGAGACCAAGGCAGGTGGATCACGAAGGCAGGTGGATCACGAAGTCAGGAGTTCGAGACCAGCCTGGCCAACACGATGAAACCCCATCTCTACTAAAAATACAAAAATTAGCTAGGCGTGGTGGTGGGCGCCTGTAGTTCCAGATACTCAGGAGGCTGAGCCAGGAGAATTGCTTGAAACCAGAAGGCAGAGGTTGCAGTGAGCTGAGATTATGTCACTGCACTCCAGTGTGGGCAACAAGAGTGAAACTCCGTATCCAAAAAAAAGAAAAGAAAAGAAAA","GGCTGGGCACGGTGGCTCATGCCTGTAATCCCACCACTTTGAGAGGCCAACGCAGGTGGATCATGAAGGCAGGTGGATCATGAAGTCAGGAGTTCGAGACCAGCCTGGCCAACACGATGAAACCCAATCTCTACTAAAAATACAACAATTAGCTAGGCGTGGTGGTGGGCGCCCGTAGTCCCAGATACTCAGGAGGCTGAGCCAGGAGAATTGCTTGAAACCAGAAGGCAGAGGTTGCAGTGAGCTGAGATTATGCCACTGCACTCCAGTGTGGGCAACAAGAGTGAAACTCCGTATCCAAAAAAAAAAGAAAAGAAAAGAAAA"
"chr5","169882480","169882775","chr5","151730388","151730683","9","18152092","GCTGGGAACGGTGGCTCATGCCTGTAATTTCAGCACTTTGGGAGGCCGAGGCAGGCAGATCATGAGGTCAGGAGTTCAAGACCAGCCTGGCCAACTTGATGAAACCCTGCCTCTACTAAAAATACAAAAATCAGCTGGGTGTGGTGGTGGGCGCCTATAATCCCAGCTACTCAGGAGGCTGAGGCAGGAGAATCGCTTGAAACCGGAAGGCAGAGGTTGCAGTGAGCCAAGATCATGCCACTGCACTCCAGCCTGGGTGAAAGAGCTAAACCCCATCTACAAAAAAAAAAAAAAAA","GCTGGGAACGGCGGCTCATGCCTGTAATTTCAGCACTTTGGGAGGCCGAGGCGGGCAGATCATGAGGTCAGGAGTTCAAGACCAGCCTGGCCAACTTGATGAAACCCTGCCTCTACTAAAAATACAAAAATCAGCCAGGTGTGGTGGTGGGCGCCTATAATCCCAGCTACTCAGGAGGCTGAGGCAGGAGAATCGCTTGAAACCAGAAGGCAGAGGTTGCGGTGAGCCAAGATCATGCCACTGCACTCCAGCCTGGGTGAAAGAGCTAAACCCCACCTCAAAAAAAAAAAAAAAAA"
"chr5","173239986","173240281","chr5","155208136","155208431","6","18031850","GCCGGGCGCGGTGGCTCAAGCCTGTAATCCCAGCACTTTGGGAGGCTGAGGTGGGTGGATCATAAGGTCAGGAGTTCGAGACCAGCCTGGCCAAAAAGGTGAAACCCTGTCTCTACTAAAAATACAAAAATTAGCCAAGCGTGATGGCGGGCCCCTGTAGTCCCAGCTACTCGGGAGGCTGAGGCAGAAGAATCACTTGAAACCAGAAGGCAGAGGTTGCAATGAGCTGAGATCGCGCCACTGCACTCCAGCCTGGGCAACAAGAGCGAAACTCCGTCTCAAAAAAAAAAGACAAA","GCCGGGCGTGGTGGCTCAAGCCTGTAATCCCAGCACTTTGGGAGGCTGAGGTGGGTGGATCACAAGGTCAGGAGTTCGAGACCAGCCTGGCCAAAAAGGTGAAACCCTGTCTCTACTAAAAATACAAAAATTAGCCAAGCGTGATGGCGGGCCCCTGTAGTCCCAGCTACTTGGGAGGCTGAGGCAGAAGAATCACTTGAAACCAGAAGGCGGAGGTTGCAGTGAGCTGAGATCGCACCACTGCACTCCAGCCTGGGCAACAAGAGCGAAACTCCGTCTCAAAAAAAAAAGACAAA"
"chr5","174449301","174449596","chr5","156298246","156298540","8","18151055","GGCCGGGCGCGGTGGCTCACACCTGTAATCTCAGCACTTTGGGAGGCTGAGTTGGGTGGATCACGAGGTCAGGAGTTCAAGACCAGCCTGGACAACATGGTGAAACCCCGTCTCTACTGAAAATACAAAAATTAGCCAGGCATGGTGGTGGGTGCCTGTAATCCCAGCTGCTCTGGAGGCTGAGGCAAGAGAATCGCTTGAAATTGGAAGGTGGAGGTTGCAATGAGCCGAGATTGTGCCACTGCAAACCAGCCTGGGTGAAAGAGCGAAAACTCCGTCTCAAAAAAAAAAAAAAA","GGCCGGGCGCGTGGCTCACACCTGTAATCTCAGCACTTTGAGAGGCTGAGTTGGGTGGATCACGAGGTCAGGAGTTCAAGACCAGCCTGGACAACATGGTGAAACCCCGTCTCTACTGAAAATACAAAAATTAGCCAGGCGTGGTGGTGGGCGCCTGTAATCCCAGCTGCTCTGGAGGCTGAGCCAAGAGAATCGCTTGAAATTGGAAGGTGGAGTTTGCAATGAGCCGAGATTGTGCCACTGCAAACCAGCCTGGGTGAAAGAGTGAAAACTCCGTCTCCAAAAAAAAAAAAAA"
"chr5","175261781","175262067","chr5","157130311","157130597","6","18131470","GGCCGGGCGTGTTGGCTTATGCCTGTATTCCCAGCACTTTGGGAGGCTGAGGCAGGCGGATCACAAGGTCAGGAGTTCGAAACTCCTGGCCAACATGGTGAAACCCCATCTCTACTAATAATACAAAATTAGCCCCATGTGGTGGCGGGCACCTATAATCCCAGCTACTAAGGAGGCTGAGGCAGGAGAATCACTTGAAACTGGGAAGCAGAGGTTGCAGTGAGCCGAGATTGTGCCACTGCACTCCAGCCTGGACAACAAGTCTCCATCTCAGGAGGGAAAAAAAA","GGCCGGGCGTGTTGGCTTATGCCTGTATTCCCAGCACTTTGGGAGGCTGAGGCAGGCGGATCACAAGGTCAGGAGTTCGAAACTCCTGGCCAACACGGTGAAACCCCATCTCTAATAATAATACAAAATTTGCCCCATGTGGTGGCGGGCACCTATAATCCCAGCTACTAAGGAGGCTGAGGCAGGAGAATCACTTGAAACTGGGAGGCAGAGGTTGCAGTGAGCCGAGATTGTGCCATTGCACTCCAGCCTGGACAACAAGTCTCCATCTCGGGAGGGAAAAAAAA"
"chr5","176874674","176874834","chr19","4197281","4197440","20","172677393","GGCCAGGTGCGGTGGCTCATGCCTGTAATCCCAGCACTTTGGCAGGCGAAGGTGGGTGGATCCCAAGGTCAGGAGTTCGAGACCAGCCTGGCCAACATAGTGAAACCCCATCTCTACTAAAAAATACAAAAATTAGCCGGTCATGGTGGTGGGCGCCTGTA","GGCCAGGTGCGGTGGCTCATGCCTGTAATCCCAGCACTTTGGGAGGCTGACGTGGGCGAATCCTGAGGTCAGGAGTTCGAGACCAGCCTGGCCAACATGGTGAAACCCCGTCTGTACTAAAAATACAAAAGATTAGCTGGGCGTAGTGGCGGGCACCTGT"
"chr5","179422174","179422475","chr5","161153142","161153427","27","18269032","CAGGCACGGGGGCTCACGCCTGTAATCCCAGCACTTTGGGAGGCTGAGCTGTGTGGATCACAAGGTCAGGAGTTCAAGACCAGCCTGGCCAACATGGTGAAACCCTGTCTCTACAAAAAATAAAAAAAAATTAGCCGGGCATGGTGGTGGGCACCTGTAATCCCAGCTACACGGGAGGCTGAGGCAGGAGAATTGCTTGAAACTGGAAGGCGGAGGTTCCAGTGAGCTGAGATGGCACTGCTGCACTCCAGCCTGGGCAACAAGAGCGAAAGTCCATCTCAAAAAAACAAAAGAAAAAAAAA","GGCCAGGCACGGGGGCTCACGCCTGTAATCCCAGCACTTTGGGAGGCTGAGCTGTGTGGATCACAAGGTCAGGAGTTCAAGACCAGCCTGGCCAACATGGTGAAACCCTGTCTCTACTAAAAATAAAAAAAATTAGCCGGGCATGGTCGTGGGCACCTGTAATCCCAGCTACACGGGAGGCTGAGTCAGGAGAATTGCTTGAAACTGGAAGGCGGAAGTTCCAGTGAGCTGAGATGGCACTGCTGCACTTCAGCCTGGGCAACAAGAGCGAAAGTCCATCTCAAAA"
"chr5","179583104","179583368","chr5","161313373","161313643","12","18269731","CACTTTGGGAGGCCGAGGTGGGCAGATCACAAGGTCAAGAGTTCGAGACTAGCCTGACCAACATGGTGAAACCCCGTCTCCACTAAAAATACAAAAAAATTAGCCGGGCGTGGTGTCAGGCGCCTGTAATCCCATCTACTCAGGAGCCTGAGGCAGGAGAATGGCTTGAACGAGGGAGGTGGAGGTTGCAGTGAGCCGAGATCGCGCCACTGCACTCCATCATGGACATCAAGAACGAAACTCTGTCTCAAAAAAAAAAAAAGAA","CACTTTGGGAGGCCGAGGTGGGCAGATCACAAGGTCAAGAGTTTGAGACTAGCCTGACCAACATGGTGAAACCCCGTCTCCACTAAAAATACAAAAAAATTAGCCGGATGTGGTGTCAGGCGCCTGTAATCCCATCTACTCAGGAGCCTGAGGCAGGAGAATGGCTTGAACGAGGGAGGTGGAGGTTGCAGTGAGCCGAGATCACGCCACTGCACTCCATCATGGACACCAAGAATGAAACTCTGTCTCAAAAAAAAAAAAAAAAAAAGAA"
"chr5","181024082","181024391","chr5","162690350","162690660","7","18333732","GGCCAGGCGCGGTGGCTCATGCCTGTAATCCCAGCACTTTGGGAGGCCGAGGCGGGTGGATCACCAGGTCGGCAGTTCGAGACCAGTCTGACCAACATGGTGAAACGCCGTCTCTACTAAAAATACAAAAAATTAGCTGGGCGTGGTGGCAGGCGCCTGTAATCCCAGTGACTTGGGAGGCTGAGGCAGGAGAATGGCTTGAAACCGGAAGGCAGAGGTTGCAGTAAGCTGAGATTGCGCCACTGCACTCTAGCCTGGGCAATAAAAGCAAAACTCCATCTCAAAAAAATAAATAAACAAATAACAAAAA","GGCCAGGCGCGGTGGCTCATGCCTGTAATCCCAGCACTTTGGGAGGCCGAGGCGGGTGGATCACCAGGTCGGCAGTTCGAGACCAGTCTGACCAACATGGTGAAACCCCGTCTCTACTAAAAATACAAAAAAATTAGCTGGGCATGGTGGCAGGCGCCTGTAATCCCAGCGACTTGGGAGGCTGAGGCAGGAGAACGGCTTGAAACCAGAAGGCAGAGGTTGCAGTAAGCTGAGATTGCGCCACTGCACTCTAGCCTGGGCAATAAAAGCAAAACTCCATCTCAAAAAAATAAACAAACAAATAACAAAAA"
"chr5","181117549","181117734","chr6","43831654","43831840","22","137285895","GGCCAGGCACAGTGGCTCACATCTGTAATCCCAGCACTTTGGGAGGCTGAGGCGGACAGATCACGAGGTCAGGAGTTCGAGACCAGCCTGGCCAATATGGTGAAACCCCATCTCTACTAAAAAATACAAAAATTAGCCGGGCGTGGTCGCAAGCACCTGTAATCCCAGCTACTCGGGAGCTGAGGC","GGCCGGGTGCAGTGGCTCACGCCTGCAATCCCAGCACTTTGGGAGGCTGAGGCGGGTGGATCACGAGGTCAGGAGTTCAAGAACAACCTGGCCAATATGGTGAAACCCCATCTCTACTAAAAATACAAAAATTAGCCGGGTGTGGTAGCGGCTGCCAGTAATCCCAGCTACTCGGGATGCTGAGGCA"
"chr5","181368649","181368949","chr5","163001779","163002079","12","18366870","GGCCGGGTGCAGTGGCTCATGCCTGTAATCCCAGCACTTTGGGAGGCCGAGGTGGGCAGATCACAAGGTCAGGAGATCGAGAGCATCTTGGCCAACATGGTAAAATCCCATCTCTACTAAAAATACAAAAATTAGCCGGGCGTGGTGGCAGGCACCGGTAGTCCCAGCTCTTCTGGAGGCTGAGGCAGGAGAATCGCTTGAACCCGGTAGGCAGGGTTGTAGTGAGCCGAGATCACGCCACTGCACTCCAGCCTGGACGACAAGAGCGAAACTCTTGTCTCAAAAAAAAAAAAGAAAGAAA","GGCCGGGTGCAGTGGCTCATGCCTGTAATCCTAGCACTTTTGGAGGCCGAGGTGGGCGGATCACAAGGTCAGGAGATCCAGAGCATCTTGGCCAACATGGTGAAACCCCATCTCTACTAAAAATACAAAAATTAGCCGGGCGTGGTGGCAGGCGCCGGTAGTCCCAGCTCTTCTGGAGGCTGAGGCAGGAGAATCGCTTGAACCCGGTAGGCAGAGGTTGTAGTGAGCCGAGATCACGCCACTGCACTCCAGCCTGGGCGACAAGAGCGAAACTCTTGTCTCAAAAAGAGAAAGAAAGAAA"
"chr5","181423550","181423707","chr5","163021194","163021351","2","18402356","GGCCAAGGCAAGTGGATCACGAGGTCAGGAGTTCAAGACCAGCCTGACCAACATGGTGAAACCCCGTCTCTACTAAAAATACAAAAATTAGCCGGGCGTGGTGGTGGGCACCTGTAATCCCAGCTACTTGGGAGGCTGAGGCAGGAGAATCGCTTGAA","GGCCGAGGCAAGTGGATCACGAGGTCAGGAGTTCAAGACCAGCCTGACCAACATGGTGAAACCCCGTCTCTACTAAAAATACAAAAATTAGCCGGGCGTGATGGTGGGCACCTGTAATCCCAGCTACTTGGGAGGCTGAGGCAGGAGAATCGCTTGAA"
"chr5","182188175","182188471","chr5","163775200","163775511","17","18412975","GACCAGATGCAGTGGCTCACGCCTGTAATCCCAGCACTTTAGGAGGTTGAGGTGGGCGGATCGCGAGGTCAGGAGTTCGAGACCAGCCTGGCCAACATGGTGAAACACCATCTCTGCTAAAAATATAAAAATTAGCCAGGCGTGGTGGCAGGCACCTGTAATCCCAGCTACTCGGGAGTCTGAGGCAAGAGAATCGCTTGAAACCGGAAGGCAGAGGTTGCAGTGAGGCGAGATCACACCACTGCCCTCCAGCCTGGGTAGAAGAGCGAAACTCCATCTCAAAAATAAATAAATAAA","GACCAGATGCAGTGGCTCACGCCTGTAATCCCAGCACTTTAGGAGGTTGAGGTGGGCGGATCGCGAGGTCAGGAGTTCGAGACTAGCCTGGCCAACATGGTGAAACACCATCTCTGCTAAAAATATAAAAATTAGCCAGGCGTGGTGGTAGGCACCTGTAATCCCAGCTACTCGGGAGTCTGAGGCAAGAGAATCGCTTGAAACCGGAAGGCAGAGGTTGCAGTGAGGCGAGATCACACCACTGCCCTCCAGCCTGGGTAGAAGAGCGAAAACTCCATCTCAAAAATAAATAAATAAATAAAATTAAAGAAA"
"chr5","182527012","182527166","chr4","27992901","27993056","22","154534111","GGCCGGGCGCGGTGGCTCACGCTTGTAATCCCAGCACTTTGGGAGGCCGAAGTGGACAGATCATGGGGTCATGAGTTCGAGACCAGCCTGACCAACACAGTGAAACCCCATCTCTACTAAAAATACAAAAATTAGCTGGGCATGGTGGTGGGTGC","GGCCGGGCACGTTGGCTCACGCCTGTAATCCCAGCACTTTGGGAGGCTGCGGTGGGTGAATCACGAGGTCAGGAGTTCAAGACCAGCCTGGCCAACATGTGAAACCCCGTCACTACTAAAAATACAAAAACTTAGCTGGGCATAGTGGTGGGTGCC"
"chr5","182773294","182773461","chr2B","22683512","22683671","28","160089782","GGCTGGGCGCAGTGGCTCACACCTGTAATCCCAGCACTTTGGGAGGCTGAGGCAGGCAGATCATGAGGTCAGCAGTTCGAGACCAGCCTGGCCAACATGGTGAAATCCCGTCTCTACTAAAAAAAAAAAAANAAAAAATTAGCCAAATTTGGTGGCAGGTGCCTGTAA","GGCTGGGAGCAGTGGCTCAAGCCTGTAATCCCAGCACTTTGGGAGGCCGAGGTGGGCAGATCACAAGGTCAAGAGATCGAGACCAGCCTAGCCAACATGGTGAAACCCCGTCTCTACTAAAAATACAAAAATTAGCCGGGTGTGGTGGCGGGTGCCTGTA"
"chr5","183025167","183025423","chr5","164584794","164585039","14","18440373","CCGTAATCCCAGCACTTTGGGAGGCCAAGGCGGGTGGATCATGAGGTCAGGAGTTCGAGACCAGCCTGGCCAACATGGTGAAACCCCGTCTCTACTAAAAATACAAAAATCAGCCACATGTGTTGGGGGGCGCCTGTAATCCCATCTACTTGGGAGGCTGAGGCAGGAGAATTGCTTGAAGCTGGAAGGCAGAGGTTGCGGTGAGCCGAGATAGCGCCACTGCACTCCAGCCTAGGCGAAAGAGCGAAACTCCATCT","GCACTTTGGGAGGCCAAGGCGGGTGGATCATGAGGTCAGGAGTTCGAGACCAGCCTGGCCAACATGGTGAAACCCCGTCTCTACTAAAAATACAAAAATCAGCCACATGTGTTGGGGGGTGCCTGTAATCCCATCTACTCGGGAGGCTGAGGCAGGAGAATTGCTTGAAGCTGGAAGGCAGAGGTTGCAGTGAGCCGAGATAGCGCCACTGCACTCCAGCCTAGGCGAAAGAGCGAAACTCCATCT"
"chr5","183113832","183114103","chr5","164674025","164674313","25","18439807","GGCCGGGCGCGGTGGCTCAGGCCTGTAATTCCAGCACTTTTGGGAGGCTGAGGCCGGGAGTTCCAGCCCAGCCTGGCCAACATGGTGAAACCCCATCTCTACTAAAAATACAAAAATTAGCTGGGCGTGGTGGCAGGTGCCTGTAATCCCAGCTACTCAGGAGGCTGAGGCAGAAGAATTGCTTGAAACCGGAAGACGGAGGTTTCAGTGAGCTGAGATCGCGCCACTGAACTCCAGCCTGGGGGAAGGAGCAAAACTGTCTCAAAAAAAAA","GGCCAGGCGCGGTGGCTCACGCCTGTAATTCCAGCACTTTTGGGAGGCTGAGGCCGGGAGTTCGAGCCCAGCCTGGCCAACATGGTGAAACCCCGTCTCTACTAAAAATACAAAAATTAGCTGGGCATGGTGGCAGGTGCCTGTAATCCCAGCTACTCAGGAGGCTGAGGCAGAAGAATTGCTTGAAACCGGAAGACGGAGGTTCCAGTGAGCCGAGATCGCGCCACTGAACTCCAGCCTGGGGGAAAGAGCAAAACTGTCTCAAAAAAAAAAAAAAAAAAAAAAAAAA"
"chr6","7928159","7928455","chr6","7909787","7910060","25","18372","GGCCGGGCGCGGGGGCTCAGGCCTGTGATCCCAGCACTTTGGGAGGCCAAGGTGGGCGGATCACTAGGTCAGGAGATCGAGACCAGTCTGGCCAACATGGTGAAACCCCATCTCTACTAAAAATGCAAAAATCAGCCGGGTGTGGTGGCCTGTGGTCCCAGCTACTCTGGAGGCTGAGGCAGGAGAATCACTTGAAACTGGAAGGTGGAGGTTCCAATAAGCAGAGAGTGCGTCACTGCACTCCAGCCTGGGCAACAAGAGCAAAAATCTGTCTCAAACAAACAAACAAACAAAAAA","GGCCGGGCACGGGGGCTCAGGCCTGTGATCCCAGCACTTTGGGAGGCCAAGGTGGGCAGATCACTAGGTCAGGAGATCGAGACCAGTCTGGCCAACATGGTGAAACCCCATCTCTACTAAAAATGCAAAAATCAGCCGGGTGTGGTGGCCTGTGGTCCCAGCTACTCTGGAGGCTGAGGCAGGAGAATCACTTGAAACTGGAAGGTGGAGGTTCCAATAAGCAGAGAGTGCGTCACTGCACTCCAGCCTGGGCAACAAGAGCAAAAATCTGTCT"
"chr6","9985597","9985906","chr6","10139705","10140013","7","154108","GCCAGGCGCAGTGTCTCACACCTGTAATCCCAGCACTTTGGGAGGCTGAGGTGGGTGGATCATGAGGTCAGGTGTTTGAGACCAGCCTGGCCAACATAGTGAAACCCCATTTCTACTAAAAATACAAAAATTAGCTGGGCGTGGTGGCGGGCACCTGTAATCCCAGCTACTCTAGAGGCTGAGGCAGGAGAATCGCTTGAAACCGCAAGGCAGAGGTTGCAGTGAGCTGAGATCCTGCCACTGAGCTTCAGCCTGGGCAACAAGAGTGATACTCCATCTCAAAAAAAAAAAAGAGAAGAAAAAGAAAAAA","GCCAGGCGTGGTGTCTCACACCTGTAATCCCAGCACTTTGGGGGGCTGAGGTGGGTGGATCATGAGGTCAGGTGTTTGAGACCAGCCTGGCCAACATAATGAAACCCCATTTCTACTAAAAATACAAAAATTAGCTGGGCGTGGTGGCGGGCACCTGTAATCCCAGCTACTCTAGAGGCTGAGGCAGGAGAATCGCTTGAAACCGCAAGACAGAGGTTGCAGTGAGCTGAGATCCTGCCACTGAGCTTCAGCCTGGGCAACAAGAGTGATACTCCATCTCAAAAAAAAAAAAAAAAGAAAAAGAAAAAA"
"chr6","13986574","13986873","chr12","45734149","45734450","11","31747575","GGCCGGGCGTGGTGGCTCATGCCTGTAATCCCAGCACTTTGGGAGGCCGAGGTGGGTGGATCACGAGGTCAGGAGTTCGAGACCAGCCTGGCCAACATGGTGAAACCCCGTCTCTACTAAAAATACAAAAATTAGCCAGGCGTGGTGGCAGGCTCCTGTAGTCCTAGCTAGTTGGGAGGCTAAGGCAGGAGAATCGCTTGAAACCGGAAGGCAGACGTTGCAGTGAACAGAGATCGCGCCACTGCACTCCAGCGTAGGCGAAAGAGCGAAACTCTGTCTCAAAAAAAGAAATAAAAAGAA","GGCCGGGCGTGGTGGCTCATGCCTGTAATCCCAGCACTTTGGGAGGCCAAGGCGGGCGAATCACGAGGTCAGGAGTTCGAGACCAGCCTGGCCAACATGGTGAAACCCCGTCTCTACTAAAAATACAAAAATTAGCCAAGCGTGGTGGCAGGCTCCTGTAGTCCTAGCTAGTTGGGAGGCTAAGGCAGGAGAATCGCTTGAAACCGGAAGGCAGACATTGCAGTGAGCAGAGATCACGCCACTGCACTCTAGCGTAGGCGAAAGAGCGAAACTCTGTCTCAAAAAAAAGAAAATAAAAAGAA"
"chr6","16284668","16284958","chr6","16540959","16541249","4","256291","GGTGGCTCATGCTTGTAATCCCAGCACTTTGGGGGGCTGAGGCGGGTGGATCATGAGGCCAGGAGTTCAAGACTAGCCTGGTCAACACGGTGAAACCCCATCTCTACTAAAAATACAGAAATTAGCTGGGCTTGGTGGTGGGTGCCTGTAATCCCAGCTACTTGGGAGGCTGAGGCAAGAGAATCGCTTGAAACTGGAAGGTGAAGGTTGCAGTGAGCCGAGATCGCCCCACTGCACTCCAGCCTGGGTGAAAGAGCGAAACTCTGTCTCAAAAAAAATAAAAAATAAAAA","GGTGGCTCATGCCTGTAATCCCAGCACTTTGGGAGGCTGAGGCGGGTGGATCATGAGGTCAGGAGTTCAAGACTAGCCTGGTCAACACGGTGAAACCCCATCTCTACTAAAAATACAGAAATTAGCTGGGCTTGGTGGTGGGTGCCTGTAATCCCAGCTACTTGGGAGGCTGAGGCAAGAGAATCGCTTGAAACTGGAAGGTGAAGGTTGCAGTGAGCCGAGATCGCCCCACTGCACTCCAGCCTGGGTGAAAGAGCGAAACTCCGTCTCAAAAAAAATAAAAAATAAAAA"
"chr6","16878290","16878598","chr6","17151461","17151768","10","273171","GGCTGGGTGTGGTGGCTCACATCTGTAATCCCAGCACTTTGGGAGGCCAAAGCGGGTGAATCACGAGGTCAGGAGTTCAAGACCAGCCTGGCCAACATAGTGAAATCCCGTCTCTACTAAAAATACAAAAATTAGCTGGGTGTGGTGGTGGGCACCTATAATCCTAGCTACTTGGGAGCCTGAGGCAGGAGAATTGCTTGAAACCAGAAGGCAGAGGTTGCAGTGAGCTGAGATCGCTCCACTGCACTCCAGCCTGGGTGAAAGAGCGAAACTCTGTCTCAAAAAAAAAAAAAAGACAAAAAACAAAAA","GGCCGGGTGCGGTGGCTCACATCTGTAATCCCAGCACTTTGGGAGGCCAAAGCGGGTGAATCACGAGGTCAGGAGTTCAAGTCCAGCCTGGCCAACATAGTGAAATCCCGTGTCTACTAAAAATACAAAAATTAGCTGGGTGTAGTGGTGGGCACCTATAATCCTAGCTACTTGGGAGCCTGAGGCAGGAGAATTGCTTGAAACCAGAAGGCAGAGGTTGCAGTGAGCTGAGATTGCTCCACTGCACTCCAGCCTGGGTGAAAGAGTGAAACTCTGTCTCAAAAAAAAAAAAAAAACACAAAACAAAA"
"chr6","17797324","17797597","chr6","18103976","18104256","10","306652","GGCCAGGCGTGGTGGCTCAAATCCCAGCACTTTGTGAGGCCAAGGCGGGCGGATCACGAGGTCAGGAGTTCGAGACCATCCTGGCCAACATGGTGAAACCCGTCTCTACTAAAAATGCAAAAATTAGCCAGACGTGGCAGGCGCCTGTGATCCCAGCTACTTGGGAGGCTGAGGCAGGAGAATCGCTTGAAACTGGAAGGCAGCGGTTGCAGTGAGCAGAGGTTGTGCCACTGCACTTCAGCCTGGGCAACAAGAGTGAAACTCTGCCTCAAAA","GGCCAGGCGTGGTGGCTCACGCCTGTAATCCCAGCACTTTGTGAGGCCAAGGCGGGCGGATCACGAGGTCAGGAGTTCGAGACCATCCTGGCCAACATGGTGAAACCCGTCTCTACTAAAAATACAAAAATTAGCCAGACGTGGCAGGCGCCTGTAATCCCAGCTACTTGGGAGGCTGAGGCAGGAGAATCGCTTGAAACTGGAAGGCAGCGGTTGCAGTGAGCAGAGGTTGTGCCACTGCACTTCAGCCTGGGCAACAAGAGTGAAACTCCGCCTCAAAA"
"chr6","17864917","17865224","chr6","18175049","18175347","12","310132","GCTGGGCGCGGTGGTTCATGCCTGTAATCCCAGCACTTTCGGAGGCCGAGGTGGGCGGATCATGAGGTCAGGAATTCGAGACCAGCCTGGCCAACATGGTGAAACCCTGTCTGTACTAAAAATACAAAAATTAGCTGGGCGTAGTGGCAGGCGCCTGTAGTCCCAGATACTTGGGAGGCTGAGGCAGGAGAATCGGTTGAAACCAGAAGGCGGAGGTTGCAGTGAGCCAAGATCGCACCACTGCAGTCCGGCCCGGGCAACAAGATCGAAACTCCGTCTCAAAAAAAAAAACAAAACAAACAAACAAA","GCTGGGCGCGGTGGTTCATGCCTGTAATCCCAGCACTTTCGGAGGCCGAGGTGGGCGGATCACGAGGTCAGGAATTCGAGACCAGCCTGGCCAACATGGTGAAACCCTGTCTGTACTAAAAATACAAAAATTAGCTGGGCGTAGTGGCAGGCGCCTGTAGTCCCAGATACTTGGGAGGCTGAGGCAGGAGAATCGGTTGAAATCAGAAGGCGGAGGTTGCAGTGAGCCAAGATCGCACCGCTGCAGTCCGGCCCGGGCAACAAGATCGAAACTCCGTCTCAAAAAAAAAAAAAAAAAAA"
"chr6","20373974","20374266","chr6","20747339","20747631","7","373365","GGCCAGGTGCGGTGGCTCACGCCTGTAATCCCAGCACTTTGGGAGGCTGAAGTAGGCAGATCACAAGGTCAGGAGTTTGAGACCAGCCTGGCCAACATGGTGAAACCCTGTCTCTACTAAAAATACAAAAATTAGCCAGGTGTGGTGGCGGGCACCTATAATCCCAGCTACTTGGGAGGCTGAGGCAGGAGAATCGCTTGAAACCAGAGGGCGGAGGTTGCAGTGGGCCAAGATCGTGCCACTGCACTCCAGCCTGGGCAACAGGGTGAGACTCTGTCTCAAAAAAAATAAAA","GGCCAGGTGCGGTGGCTCACGCCCATAATCCCAGCACTTTGGGAGGCTGAAGTAGGCAGATCACAAGGTCAGGAGTTTGAGACCAGCCTGGCCAACATGGTGAAACCCTGTCTCTACTAAAAATACAAAAATTAGCCAGGTGTGGTGGCGGGCACCTATAATCCCAGCTACTTGGGAGGCTGAGGCAGGAGAATCGCTTAAAACCAGAGGGCAGAGGTTGCAGTGAGCCAAGATCGTGCCACTGCACTCCAGCCTGGGCAACAGGGTAAGACTCTGCCTCAAAAAAAATAAAA"
"chr6","21817987","21818292","chr6","22201651","22201956","9","383664","GGCCAGGTGCGGTGGCTCACACCTGTAATCCCAGCACTTTTGGAGGCCGAGGCAGGCAGATCACGAGGTCAGGAGATCGAGACCATCCTGGCCAACAAAGTGAAACCCCATATCGCCTAAAAATACAAAAATTAGCTGGGCGTGGTGGCGGGCACCTGTAATCCCAGCTACTTGGGAGGCTGAGGCAGGAATATTGCTTGAAACTGGAAGGTGGAGGTTGCAGTGAGCCAAGATGGCGCCACTGCACTCCAACCTGGGCGAAAGAGTGAAATTCCATCTAAAAAAAAATAGGAAGAGAAATGAAAA","GGCCAGGTGCGGTGGCTCACGCCTGTAATCCCAGCACTTTTGGAGGCCGAGGCAGGCAGATCACGAGGTCAGGAGATCGAGACCATTCTGGCCAACAAAGTGAAACCCCATATCTACTAAAAATACAAAAATTAGCTGGGCGTGGTGGCGGGCACCTGTAATCCCAGCTACTTGGGAGGCTGAGGCAGGAATATCGCTTGAAACTGGACGGCGGAGGTTTCAGTGAGCCAAGATGGCGCCACTGCACTCCAACCTGGGCGAAAGAGCGAAATTCCATCTAAAAAAAAATAGGAAGAGAAATGAAAA"
"chr6","21878607","21878912","chr6","22264941","22265247","10","386334","GGCCAGGAACAGTGGCTTACGCCTGTAATCCCAGCACTTTGGGAGGCTGAGGTGGGCGCATCACAACGTCAGGAGTTCGAGACCAGCTTGGCCAACACAGTGAAACCCCATCTCTACTAAAAATACAAAAAGTAGCTGGGTGTGGTGGTACGCACCTGTAATCCCAGCTACTCGGGAGGCTGAGGAAGAAGAATCACTTGAAACCGGAAGGTGGAGGTTACAGTGAGGAGAGATAGAGCCACTGCACTCCAGCCTGGGCAACAAGAGCAAAACTCCATCTCAAAAAAAACAAAAAAGAAAAAGAAA","GGCCAGGAACAGTGGCTTACGCCTGTAATCCCAGCACTTTGGGAGGCTGAGGTGGGCGGATCACAAGGTCAGGAGTTCGAGACCAGCTTGGCCAACACAGTGAAACCCCATCTCTACCAAAAATACAAAAAGTAGCTGGGTGTGGTGGTGTGCACCTGTAATCCCAGCTACTTGGGAGGCTGAGGAAGAAGAATCACTTGAAACTGGAAGGTGGAGGTTATAGTGAGGAGAGATCGAGCCACTGCACTCCAGCCTGGGCAACAAGAGCAAAACTCCATCTCAAAAAAAAACAAAAAAGAAAAAGAAA"
"chr6","23192013","23192295","chr6","23644719","23645001","8","452706","GGCTGGGCGCGGTGGCTCATGCCTGTGATCCCAGCACTTTGGGAGGCTGAGGTGGGCAGATCATGAGGTCAGGAGTTTGAGACCAGCCTGGCCAACATGGTGAAAGCCCATCTCTACTAAAAATACAAAAATTAGTCAGGTGTGGTGGTGGGAACCTGTAATCCCAGCTACTCGGGCGGCTGAGGCAGGAGAATTGCTTGAAACTAGAAGTTAGAGGTTGCAGTGAGCCGAGATCACGCCATTGCCCTCCAGCCTGGGCAACAAGAGTGAAACTTTGTGTCAA","GGCTGGGCACGGTGGCTCACGCCTGTGATCCCAGCAGTTTGGGAGGCTGAAGTGGGCAGATCATGACGTCAGGAGTTTGAGACCAGCCTGGCCAACATGGTGAAAGCCCATCTCTACTAAAAATACAAAAATTAGTCAGGTGTGGTGGTGGGCACCTGTAATCCCAGCTACTCGGGCGGCTGAGGCAGGAGAATTGCTTGAAACCAGAAGTTAGAGGTTGCAGTGAGCCGAGATCACGCCATTGCCCTCCAGCCTGGGCAACAAGAGTGAAACTCTGTGTCAA"
"chr6","23688781","23689087","chr6","24165127","24165425","14","476346","GGCAGGGTGTGGGGGCTTACACCTATAATCCCAGCACTTTGGGAGGCCGAGGCAGGCAGATCACAAGGTCAGGAGTTCGAGACCAGCCTGGCCAACATGGTGAAACCACGTCTTTACTGAAAATACAAAAATTACCCGGGCGTGGTGGTGGTAGGCGCCTGTAATCCCAGCTACTCGGGAGGCTGAGGCAGAAGAATCACTTGAAACCAGAAGGCAGAGGTTGGCAGTGAGCTGAGATCATGCCACTGCACTCCAGCATGGGTGAAAGAGCAAAACTCTGTCTAACAAAAAAAAAAAAAAAAAAAAA","GGCAGGGTGTGGGGGCTCACACGTATAATCCCAGCACTTTGGGAGGCCGAGGCAGGCAGATCACAAGGTCAGGAGTTAGAGACCAGCCTGGCCAACATGGTGAAACCACGTCTTTACTGAAAATACAAAAATTACCCGGGCGTGGTGGTAGGCGCCTGTAATCCCAGCTACTCTGGAGGCTGAGGCAGAAGAATCACTTGAAACCAGAAGGCAGAGGTTGCAGTGAGCTGAGATCATGCCACTGCACTCCAGCATGGGCGAAAGAGCAAAACTCTGTCTTAAAAAAAAAAAAAAAAAAA"
"chr6","24172170","24172478","chr6","24656893","24657204","7","484723","GGTCGAGCACAGTGGCTCACACCTGTAATCCCAGCACTTTGGTTGGCCGAGGCAGGCAGATCACGAGGTCAGGAGTTTGAGACCAGCCTGGCCAACATGGTGAAACCCCGTCTCTACTAAAAATACAAAAATTAGCTGGGCGTGATGGCAGGCACCTGTAATCCCAGCTACTTGGGAGGTTGAGGCAGGAGAATTGCTTGAAACTGGGAGGCGGAGGTTGCACTGAGCCGAGATCACATCACTGCACTCCAGCCTGGGTAAAAGAGTGAAACTCTGTCTCAAAAAAAATAAAAATAAAAACCAAAAAAA","GGTCGAGCACAGTGGCTCACACCTGTAATCCCAGCACTTTGGTTGGCCGAGGCGGGCAGATCACGAGGTCAGGAGTTTGACACCAGCCTGGCCAACATGGTGAAACCCCGTCTCTACTAAAAATACAAAAATTATCTGGGCGTGATGGCAGGCACCTGTAATCCCAGCTACTTGGGAGGTTGAGGCAGGAGAATTGCTTGAAACTGGGAGGCGGAGGTTGCACTGAGCCGAGATCACATCACTGCACTCCAGCCTGGGTAAAAGAGTGAAACTCCGTCTCAAAAAAAATAAAAAATAAAAAACCAAAAAAAA"
"chr6","26777492","26777773","chr20","50515241","50515510","44","23737749","GGCCGGGCGCAGTGCCTCATGCCTGTAATCCCAACACTTTTGGGAGGTCGAGGCGGGTGGATCACGAGATCAGGAGTTCGAGACCAGCCTGGCCAACATGGTGAAACCCCATCTCTACTAAAAACACAAAAATTAGGCGGGCGGCTGTAATACCAGCTATTCAGGAGGCTGAGGCAGGAGAATCGCTTGAAACCGTAAGGCGGAGGTTGCGGTGAGCTGAAATCGCGCCACTGCACTCCAGCCTGGATGAAAGAGCAAAACTCCGTCTCAACAACAACAAAA","GCCAGTCGCGGTGGCTTATGCCTGTAATCCCAACACTTTGGGACGCCGAGGTGGGCGGATCACGAGGTCAGGAGTTTGAGACCAGCCTGGCCACCATGGTGAAACCCCCGCCTCTACTAAAAATACTAAAATTAGGCGGGCGCCTGTAATCCGTTATTCGAGAGGCTGAGGCCAGAGAATCGCTTGAAACCATAAGGCGGAGGTTGCAGTGAGCCAAAATCGCGCCACTGCACTCCAGCCTGGACAAAAGAGCAAAACTCCATCTCAGAA"
"chr6","27060243","27060551","chr6","27177522","27177834","15","117279","GGCCAGGCGTGATGGTTCCCGTCTGTAATCCGAGCACTTTGGGAGGCCGAGGCTGGCTGATCACGAGGTCAGGAGTTCGAGACCAGCCTGGCCAACATGGTGAACCCCGTCTTTACTAAAAACACAAAATTGGCCCGACGTGGTTGCTCATGCCTGTAATCCCAGCTACTCCGGAGGCTGAGGCAGGAGAATGGCTTGAAACCGGAAGGCGGAGGTTGCAGTGAACCGAGATCGGGCCACTGCACTCCAGCCTGGGCAACAAGAGCGAAACTCCGTCTCGAAAAAATAAATAAAACATATAAAAATAAA","GGCCAGGCGTGGTGGTTCCCGTCTGTAATCCGAGCACTTTGGGAGGCCGAGGGAGGCTGATCACGAGGTCAGGAGTTCGAGACCAGCCTGGCCAACATGGTGAAACCCCATCTTTACTAAAAACACAAAAATTGGCCCGACGTGGTTGCGCATGCCTGTAATTCCAGCTACGCCGGAGGCTGAGGCAGGGGAATGGCTTGAAACCGGAAGGCGGAGGTTGCAGTGAGCCGAGATCGGGCCACTGCACTCCAGCCTGGGCAACAAGAGCGAAACTCTGTCTCGAAAAAAATTAATAAAACATATAAAAATAAAA"
"chr6","29282476","29282760","chr6","29431443","29431727","7","148967","GGCCGGGCGCGGTGGCTCACGCCTGTAATCCCAGCACTTTGGGAGGCCGAGGCGGGTGGCTCGCGAGGTCGGCAGTTCAAGACCAGCCTGACTAACATGGTGAAACCCCGTCTCTACTAAAAATACAAAAAAATTAGCTGGGCGTGGTGGCGGGCGCCTGTAATCCCAGCTACTTGGGAGGCTGAGGCAGGAGAATCTCTTGAAACCGGAAGGCGGAGGTTGCAGTGAGCCGAGGTGGTGCGACTGCACTCTAGCCTGGGCAACGAGAGCAAAACTCCGTCTCAA","GGCCGGGCGCGGTGGCTCACGCCTGTAATCCCAGCACTTTGGGAGGCCGAGGCGGGTGGATCACGAGGTCGGCAGTTCAAGACCAGCCTGACCAACATGGTGAAACCCCGTCTCTACTAAAAATACAAAAAAATTAGCTGGGCGAGGTGGTGGGCGCCTGTAATCCCAGCTACTTGGGAGGCTGAGGCAGGAGAATTGCTTGAAACCGGAAGGCGGAGGTTGCAGTGAGCCGAGGTGGTGCGACTGCACTCTAGCCTGGGCAACGAGAGCAAAACTCCGTCTCAA"
"chr6","29914564","29914860","chr6","30067180","30067477","7","152616","GGCTGGGCACAGTGGCTCACGCCTGTAATCCCAGCTCTTTGGGAGGCCAAGGCAGGTGGATCATGAGGTCAGAAGTTCAAGACCAGCCTGGCCAACATGGTGAAACCCCGTCTCTACTAAAAATACATAAATTAGCTGGGCATGGTGGTAGGCTCCTGTAATCCCAGCTACTCAGGAGGCTGAGGCAGGAGAATCGCTTGAAACCAGAAGGCAGAGGTTGCAGTGAGCCGAGATCGTGCCACTGCACTCTAGCCTGGGCAACAAGAGTAAAATCCTGTCAAAAAAAGAAAGAAAGAA","GGCCGGGCACAGTGGCTCATGCCTGTAATCCCAGCTCTTTGGGAGGCCAAGGCAGGTGGATCATGAGGTCAGAAGTTCGAGACCAGCCTGGCCAACATGGTGAAACCCTGTCTCTACTAAAAATACATAAATTAGCTGGGCATGGTGGTAGGCTCCTGTAATCCCAGCTACTCAGGAGGCTGAGGCAGGAGAATTGCTTGAAACCAGAAGGCAGAGGTTGCAGTGAGCTGAGATCGTGCCACTGCACTCTAGCCTGGGCAACAAGAGTAAAATCCTGTCAAAAATAAGAAAGAAAGAA"
"chr6","30554721","30555028","chr6","30797224","30797502","34","242503","GGCTGGACGTGGTGGCTCACGCCTGTAATCCCAGCACTGTGGGAGGCTGAGGTGGGTGGATCACAAGTCAGCAGTTCGAGACCAGCTTGACCAACACGGTGAAACCCCATCTCTACTAAAAATACAAAAAACTAGCTGGGCGTGGTGGTGTGCGCCTGTAACACCAGCGACTTGGGAAGCTGAGGCAGGAGAATCGCTTGAAACCAGAAGGCGGAGGTTGCAGTGAGCCGAGATTGCGCCACTGCACTCTATCCTGGGCAATAAGAGCAAAACTCCGTCAAAAATAAATAAATAAATAAACAAATAAA","GGCTGGATGTGGTGGCTCACGCCTGTAATCCCAGCACTTTGGGAGGCTGAGGCGGGTGGATCACAAGTCAGCAGTTCGAGACCAGCTTGACCAACACGGTGAAACCCCGTCTCTACTAAAAATACAAAAAACTAGCTGGGCGTGGTGGTGTGCGCCTGTAACCCCAGCGACTTGGGAAGCTGAGGCAGGAGAATCGCTTGAAACCAGAAGGCGGAGGTTGCAGTGAGCCGAGATTGCGCCACTGCACTCTATCCTGGGCAATAAGAGCAAAACTCCGTC"
"chr6","31130707","31131013","chr6","31179947","31180253","2","49240","GACCAGGCACGGTGGCTCACGCCTGTAATCCCAGCACTTTGGGAGGCTGAGGTGGGCAGATCACGAGCTCAGGAGTTTGAGACCACCCTGGCCAACATGGCAAAACCTTGTCTCTACTAAAAGTACAAAAATTAGCTGGGCATGGTGGTGGGTGCTTGTATTGCCAGCTACTCAGGAGGCTGAGGCAGGAGAATCACTTGCATCTGGGAGGCAGAGGTTGCAGTGAACCCAGATCGCGCCACTGCACTGTAGCCTGGGCAACAAGAGTGCAACTTCGTCTCAAAAAAATAAATAAAGAAAAATAAAA","GACCAGGCACGGTGGCTCACGCCTGTAATCCCAGCACTTTGGGAGGCTGAGGTGGGCAGATCACGAGCTCAGGAGTTTGAGACCACCCTGGCCAACATGGCAAAACCTTGTCTCTACTAAAAGTACAAAAATTAGCTGGGCATGGTGGTGGGTGCTTGTATTCCCAGCTACTCAGGAGGCTGAGGCAGGAGAATCACTTGCATCTGGGAGGCAGAGGTTGCAGTGAACCCAGATCGCGCCACTGCACTCTAGCCTGGGCAACAAGAGTGCAACTTCGTCTCAAAAAAATAAATAAAGAAAAATAAAA"
"chr6","31268408","31268699","chr6","31316360","31316650","5","47952","GCCAGGCACAGTGGCTCACACCTGTAATCCCAACACTTTGGGAGGCCGTGGCAGGCGGATCATGAGGTCAGGAGTAAGAGATCAGCCTGGCCAACATGGTGAAACCCAGTCTCTACTAAAAATACAAAATTAGCTGGGCGTGGTGGTGGGCACCTGTAATCCCAGCTACACTGGAGGCTGAGGCAGGGGAATCACTTGAAACTGGAAGGCGGAGGTTGCATGAGCTGAGATCGTGCCACTGCACTCCAGCCTGGGCTACAACAGCACGGAACTCTCTCAAAAAAAAAGAAAA","GCCAGGCACAGTGGCTCACACCTGTAATCCCAACACTTTGGGAGGCCGTGGCAGGCGGATCATGAGGTCAGGAGTTCGAGATCAGCCTGGCCAACATGGTGAAACCCAGTCTCTACTAAAAATACAAAATTAGCTGGGCGTGGTGGTGGGCACCTGTAATCCCAGCTACACTGGAGGCTGAGGCAGGGGAATCACTTGAAACCGGAAGGCGGAGGTTGCATGAGCTGAGATCATGCCACTGCACTCCAGCCTGGGCTACAACAGCACGGAACTCTCTCAAAAAAAAGAAAA"
"chr6","31786148","31786450","chr6","31837472","31837780","12","51324","CCGGGCACAGTGGCTCACGCCTGTAATCCCAGCACTTTGGGAGGCTGAGACGGGCAGATCACAAGGTCAGGAGATGGAGACAAGGCTGGCCAACATGGTGAAACCCCGTCTCTACTAAAAATACAAAAATTAGCCAGGCGTGGTGGCCGGTGCCTGTAATCCCAGCTACTTGGGAGGTTAAGGCAGGAGAATTGCTTGAACCGGGAGGTGGAGGTTGCAGTGAGCCAAGATCACACCATTGCACTCCAGCCTGGGCAACAAGAGTGAAATGAAACTCCATCTCAAAAAAAAAAAAAAGAGAAA","CCGGGCACAGTGGCTCACGCCTGTAATCCCAGCACTTTGGGAGGCTGAGACGGGCAGATCACAAGGTCAGGAGATGGAGACGAGGCTGGCCAACATGGTGAAACCCTGTCTCTACTAAAAATACAAAAATTAGCCAGGCGTGGTGGCCGGTGCCTGTAATGCCAGCTACTTGGGAGGTTAAGGCAGGAGAATTGCTTGAACCGGGAGGCGGAGGTTGCAGTGAGCCAAGATCACACCACTGCACTCCAGCCTGGGCAACAAGAGTGAAACGAAACTCCATCTCAAAAAAAAAAAAAAAAAAAAGAGAAA"
"chr6","34240122","34240432","chr14","33372998","33373305","40","867124","GGCCGGGCGCGGTGGCTAACGCCTGTAATCCCAACACTTTGGGAGGCCAAGGCGGGTGGATCACGAGGTCACAAGTTGAAGACCAGCCTGGCCAAGATGGTGAAACCCCATCTCTACTAAAAATAAAAAAATTAGCTGGGCGCAGTGGCAGGCGCCTGTAATCCCAGCTACTCGGGAGGCTGAGGCAGGAGAATTGCTTGAAACCAGAAAGTGGAGGTTGCAGTGAGCTCAGATTGCTGCCACTGCACTCCAGCCTGGGCAACACAAGAGAAACTCTGCCTCAAAAAAAAGAAAAGAAAGAAAGAAAGAAA","GGCTGGGCGCTGTGGCTCATGCCTATAATCCCAGCACTTTGGGAGGCCAAGGCAGGTGGATCACGAGGTCAGGAGTTCAAGACCAGCCTGGCCAACATGAAACCCCATCTCTACTAAAAATACAAAAAATTAGCCAGGCGTGGTGGCAGGCACCTGTAATCCCAGCTACTTGGGAGGCTGAGGCAGGAGAATCGCTTGAAACCAGAAGGCGGAGGTTGCAGTGAGCCAAGATCGCGCCACTGCACTCCAGCCTGGTCAATAAGATTGAAACTCTGTCTAAAAAAAAAGGAAAAAAAAAAGAAAAGAAA"
"chr6","35598562","35598843","chr6","35594662","35594943","5","3900","TGGCTCACACTTATAATCCCAGCACTTTGGGAGGCCAAGGCAGGCGGATCACAAGGTCAGGAGTTCGAGACCAGCCTAGCCAACATGATGAAACCCCATCTCTACTAAAAATACAAAAATTAGCTGGGCGTGGTGGCAGGCGCCTGTAATCCCAGCTACTTGGGAGGCTGAGGCGGGAGAATCGCTTGAACTCAGCAGGCGGAGGTTGCAGTGAGCTGAGATCATGCCATTGCACTCCAGCCTGGGCAACGAGGATGAAACTCTGTCTCAAAAAAAAAAAAA","TGGCTCACACTTATAATCCCAGCACTTTGGGAGGCCAAGGCAGGCGGATCACAAGGTCAGGAGTTCGAGACCAGCCTAGCCAACATGATGAAACCCCATCTCTACTAAAAATACAAAAATTAGCTGGGCGTGGTGGCGGGTGCCTGTAATCCCAGCTACTTGGGAGGCTGAGGCAGGAGAATCGCTTGAACTCAGCAGGCGGAGGGTGCAGTGAGCTGAGATCATGCCATTGCACTCCAGCCTGGGCAATGAGGATGAAACTCTGTCTCAAAAAAAAAAAAA"
"chr6","36035558","36035863","chr6","36044845","36045152","7","9287","GCCAGGCGCGGTGGCTCACGCCTGTAATCCCAGCACTTTGGGAGGCTAAGGTGGGCAGATCACAAGGTCAGGAGTTCGAGACTAGCCTGGGCAACACGGTGAAACCCCATCTCTACTAAAAATACAAAAATTAGCCGAGCGTGGTGGCGGATGTCTGTAACCCCAGCTACTCGGGAGGCTGAGGCAGGAGAATCGCCTAAAACCAGGAGGCATAGGTTGCAGTGAGCAGAGATTGAGCCATTGCACTCCAGCCTGGGCAACAAGAGTGAGACTCTATCTCAAAAAAGAAAAAAAAAAGAAAGAAAA","GCCAGGCGCGGTGGCTCACGCCTGTAATCCCAGCACTTTGGGAGGCTAAGGTGGGCAGATCACAAGGTCAGGAGTTCGAGACTAGCCTGGGCAACACGGTGAAACCCCATCTCTACTAAAAATACAAAAATTAGCCGAGTGTGGTGGCGGATGTCTGTAACCCCAGCTACTCGGGAGGCTGAGGCAGGAGAATCGCTTGAAACCAGGAGGCATAGGTTGCAGTGAGCAGAGATTGAGACACTGCACTCCAGCCTGGGCAACAAGAGTGAGACTCTATCTCAAAAAAGAAAAAAAAAAAAGAAAGAAAA"
"chr6","38088300","38088608","chr6","37988555","37988859","8","99745","GGGCGGACGCAGTGGCTCATGCCTGTAATCCCAGCACTTTGGGAGGCCGAGGCAGGTGGATCAAAAGGTCAGGAGTTTGAGACCAGCCGAGCCAACATAGTGAAACCCTGTCTCTACTAAAAATACAAAAAAAATTAGCCAGGTGTGGTGGTGGGCACCTGTAATCCCAGCTACTCACAAGGCTGAGGCAGGAGAATCACTTGAACCCGGGAAGGTGGAGGTTGCAGTGAGCCGAGTTCACACTATTGCACTCCAGCCTGGGCAACAAGAGCGAGACTCCGTCTCTAAATAAATAAACAAATAAATAAA","GGGCGGACGCAGTGGCTCATGCCTGTAATCCCAGCACTTTGGGAGGCCGAGGCAGGTGGATCACAAGGTCAGGAGTTTGAGACCAGCCGAGCCAACATAGTGAAACCCTGTCTCTACTAAAAATACAAAAAAAATTAGCCAGGCGTGGTGGTGGGCACCTGTAATCCCAGCTACTCACAAGGCTGAGGCAGGAGAATCACTTGAACCCGGGAAGGTGGAGGTTGCAGTGAGCCGAGATCACACTATTGCACTCCAGCCTGGGCAACAAGAGCGAGACTCCATCTCTAAATAAACAAATAAATAAA"
"chr6","38258242","38258508","chr6","38159173","38159441","4","99069","AATCCCAGCACTTTGGGAGGCTGGGCAGATCACGAGGTCAGTAATTTGAGACCAGCCTGGCCAACGTGGTGAAAGCCCGTCTCTACGAAAAATACAAAAATTAGCTGGGCGTGGTGGTGGGCGCCTGTAAACCCAACTACTCGGGAGGCTGAAGCAGGAGAATCACTTGAAACTGGAAGGCGGAGGTTGCAGTGAGCCGAGATCGTGCCACTGCACTCCAGCATGGGTGAAAAGCGAAACTCCATCTCAAAAAATAAACAAAAACAA","AATCCCAGCACTTTGGGAGGCTGGGCAGATCACGAGGTCAGGAATTTGAGACCAGCCTGGCCAACGTGGTGAAAGCCCGTCTCTACTAAAAATACAAAAATTAGCTGGGCGTGGTGGTGGGCGCCTGTAAACCCAACTACTCGGGAGGCTGAAGCAGGAGAATCACTTGAAACTGGAAGGCGGAGGTTGCAGTGAGCCGAGATCGTGCCACTGCACTCCAGCATGGGTGAAATAGCGAAACTCCATCTCAAAAAAATAAACAAAAACAA"
"chr6","42645441","42645629","chr19","14701273","14701459","24","27944168","GGCTGGATGCGGTGGCTCACGCCTGTAATCCCAACACTTTGGGAGGCTGAGGTGGGCGTATCACAAGGTCAGGAGTTCGAGACAAGCCTGGCCAACATGGTGAAACCCCGTCTCTATTAAGAATACAAAAATTAGCAGGGCGCGGTGGTGGGTGCCTGTAATCCCAGCTACTTGGGAGGCTGAGGCAGG","GGCTGGGTGCAGTGGCTCATGCCTGTAATCCTAGCACTTTGGGAGGCCAAGGTGGGTGGATCACAAGGTCAGGAGTTCGAGACCTGCCTGGCCAACATGGTGAAACCCCGTCTCTACTAAAAATACAAAACTTAGCCAGGTGTGGTGGCGGGTGCCTGTAGTCCCCGCTACTTGGGAGGCTGAGGTA"
"chr6","43537421","43537573","chr6","43426837","43426989","3","110584","GGCCAGACACATTGGCTCACGCCTGTAATCCCAGCACTTTGGGAGGCTGAGGTGGGCAGATCACAAGCTCAGGAGTTCAAGACCAGCCTGGCCAACATAGTGAAACCCCATCTCTACTAAAAATATAAAAATTAACCAGGTGTGGTGGTGGGC","GGCCAGACACATTGGCTCATGCCTGTAATCCCAGCACTTTGGGAGGCTGAGGTGGGCAGATCACAAGGTCAGGAGTTGAAGACCAGCCTGGCCAACATAGTGAAACCCCATCTCTACTAAAAATATAAAAATTAACCAGGTGTGGTGGTGGGC"
"chr6","45491853","45492150","chr6","45447579","45447882","16","44274","CTGGGCACGGTGGCTCACGCCTGTAATCCCAGTACTTTAGGAGGCTGAGGTGGGCAGATCATGAGGTCAGGAGCTCGAGACCAGCCTGGCCAACGTGGTGAAACCCCGTCTCTACTGAAAATACGAAAATTAGCTGGGCATGGTGGCGGATGCCTGTAATCCCAGCTACTCGGGAGGCCAAGGCAGGAGAATCGCTTGAAACCAGAAGGTGGAGGTTGCAGTGAGCCAAGATCTCGCCACTGCACTCCAGCCTGGGCAAAAGAGCAAAACTCTGTCTACAAAAAAAAAAAAAAAAAAA","GGCTGGGCGCGGTGGCTCACGCCTGTAATCCCAGTACTTTAGGAGGCTGAGGTGGGCAGATCATGCAGTCAGGAGCTCGAGACCAGCCTGGCCAACATGGTGAAACCCCATCTCTACTAAAAATACAAAAATTAGCTGGGCATGGTGGCGGATGCCTGTAATCCCAGCTACTCGGGAGGCCAAGGCAGGAGAATCGCTTGAAACCAGAAGGTGGAGGTTGCAGTGAGCCAAGATCTCGCCACTGCACTCCAGCCTGGGCAAAAGAGCGAATCTCTGTCTCAAAAAAAAAAAAAAAAAAAAAAAA"
"chr6","45987919","45988200","chr6","45994910","45995191","3","6991","GGCTAGGTGCGGTGGCTCACGCCTGTAATCCCAGCACTTTGGGAGGCTGAGGTGGGTGGATCATGAGGTCAGGAGTTCGAGACCAGCCTGGCCAACATGGTGAAACCCCGTCTCTACTAAAAAAACACAAAAATTAGCTGGGCGTGGTGGCGGGTGCCTGTAATCCCAGCTACTCAGGAGACTGAGGCAGGAGAATTGTTTGAAGCTGGGAGGCGGAGATTGCAGTGAGCCAAGATCATGCCACCGCACTCCAGCCTAGGCAACAAGAGCGAAACTTCGTCT","GGCTAGGTGCGGTGGTTCACGCCTGTAATCCCAGCACTTTGGGAGGCTGAGGTGGGTGGATCATGAGGTCAGGAGTTCGAGACCAGCCTGGCCAACATGGTGAAACCCCGTCTCTACTAAAAAAACACAAAAATTAGCTGGGCGTGGTGGCGGGTGCCTGTAATCCCAGCTACTCAGGAGACTGAGGCAGGAGAATTGTTTGAAGCTGGGAGGCGGAGATTGCAGTGAGCCAAGATCATGCCACTGCACTCCAGCCTAGGCAACAATAGCGAAACTTCGTCT"
"chr6","47924579","47924868","chr6","48080834","48081129","9","156255","GGCCAGGCGTGGTGGCTCACGCCTGTAATCCCAGCACTTTGGGAGGCTGAGGCGGGTGGATCACGAGGTTAGGAGTTCAAGACCAACCTAGCCAACATGGTGAAACCTAATCTGTACCAAAAATACAAAAATTAGCTGGGCGTGGTGGTGAGTGCCTGTAATCCCAGCTACTCGGGAGGCTGAGGCAGGAGAATCGCTTGATACTGGAAGGCGGAGGTTGCAGTGAGCCGAGATCGCACCACTGCACTCCAGCCTGGGCAACAGAGCAAAGCTCTATCTCAAAAAAAAAA","GGCCGGGTGTGGTGGCTCACGCCTGTAATCCCAGCACTTTGGGAGGCTGAGGCGGGTGGATCACGAGGTTAGGAGTTCAAGACCAACCTAGCCAACATGGTGAAACCTAATCTGTACTAAAAATACAAAAATTAGCTGGGCGTGGTGGTGAGTGCCTGTAATCCCAGCTACTCGGGAGGCTGAGGCAGGAGAATCGCTTGATACTGGAAGGCGGAGGTTGCAGTGAGCCGAGATCGCACCACTGCACTCCAGCCTGGGCAACAGAGCAAAGCTCTATCTCAAAAAAAAAAAAAAAA"
"chr6","49068354","49068459","chr6","49284209","49284319","12","215855","GAATCGCTTGAAACCGGAAGGTGGAGGTTGCAGCAAGCCGGGATCGCACCACTGCACTCCAACGTGGGCAACAAGAGCAAAATTCCGTCTCAAAAAAAAAAGAGAA","GAATCGCTTGAAACTGGAAGGTGGAGGTTGCAGCAAGCCGGGATCGCACCACTGCACTCCAATGTGGGCAACAAGAGCAAAATTCCCAAACAAAAAAAAAAAAAAAAAGAA"
"chr6","51248308","51248486","chr1","79118026","79118200","29","27869718","TACTAAAATACACAAAATTAGCCGGGTGTGGTGGGGGCACCTGTAATCCCAGCTACTCAGGAGGCTGAGGCAGGAGAATCCCTTGAAACCGGGAGGCGGAGGTTGCGGTGAGCCGAGATCACACCACTGCATGCCAGCCTGGGCGACAAGAGCAAAACTCTGTCTCAAAAAAAAAAAAA","AAATATAATTAATTAGCCAGGCATGGTGGGAGGTGCCTGTAATCCCAGCTACTCGGGAGGCTGAGGCAGGAGAATTGCTTGAAACCCGGAGGCGGAGGTTGCAGTGAGCCAAGAAGGCACCACTGCACTCCAGCCTGGGCAACAAGAGTGAAACTCCGTCTCAAAAAAAAAAAAA"
"chr6","52609042","52609335","chr6","52788854","52789149","8","179812","GGCTGGGCATGGTGGCTCATGCCTATAATCCCAGCACTTTGGGAGGCCAAGGCAGGCGGATCACGAGGTCAGGAGTTCAAGACTAGCCTGGCCAACATGGTGAAACCCTGTCTCTAATAAAACTACAAAAATTAGCCAGGCATGGTGGCAAGCAGCTATAATCCCAGCTACTTGGGAGGCTGAGGCAGGAGAATTACTTAAAACTGGAAGGCAGAGGTTGCAATGAGCTGAGATGGTGCCACTGCACTCCAGCCTGGGCAATAAGAGCAAAACTCCATCTCAAGAAAAAAAAAA","GGCTGGGCATGGTGGCTCATGCCTATAATCCCAGCACTTTGGGAGCCCAAGGCAGGCGGATCACAAGGTCAGGAGTTCAAGACCAGCCTGGTCAACATGGTGAAACCCTGTCTCTAATAAAACTACAAAAATTAGCCAGGCATGGTGGCGAGCAGCTATAATCCCAGCTACTTGGGAGGCTGAGGCAGGAGAATTACTTAAAACTGGAAGGCAGAGGTTGCAACGAGCTGAGATGGTGCCACTGCACTCCAGCCTGGGCAATAAGAGCAAAACTCCATCTCAAGAAAAAAAAAAAA"
"chr6","54417759","54418060","chr6","54207457","54207756","12","210302","GCCAGGCGCGGTGGCTCATGCCTGTAATCCCAGCACTTTGGGAGGCTGAGGTAGGTGGGTCACGAGGTCAACAGTTCGAGACCAGCCTGACCAACGTGGTGAAACCTCGTCTCTACTAAAAATACAAAAAAATTAGCTGGGCATGGTGGCAGGCACCTGTAACCCCAGTGACTTGGGAGGCTGAGGTGGGAGAATCACTTGAAACCGGAAGGCAGAGGTTGCAGTGAGCCAAGATTGCGCCACTGCACTCTAGCCTGGGCAATAAGAGCAAAACTCCGTCTCAAAAAAAAAAAAAAAAAAAA","GCCAGGCGCGGTGGCTCATGCCTGTAATCCCAGCACTTTGGGAGGCTGAGGTAGGTGGATCACAAGGCCAGCAGTTCGAGACCAGCCTGACCAACGTGGTGAAACCTCGTCTCTACTAAAAATACAAAAAAATTAGCTGGGCGTGGTTGGCAGGCACCTGTAACCCCAGTGACTTGGGGGGCTGAGGCGGGAGAATCACTTGAAACTGGAAGGCAGAGGTTGCAGTGAGCCAAGATTGCGCCACTGCACTCTAGCCTGGGCAATAAGAGCAAAACTCCGTCTCAAAAAAAAAAAAAAAAA"
"chr6","56442288","56442581","chr6","56273980","56274271","8","168308","GCTGCGTGTGGTGGCTCAAGCCTGTAATCCCAGCACTTTGGGAGGCCGAGATGGGCGGATCATGAGGTCAGGAGTTGGAGACCAGCCTGGCCAACATGGTGAAACCCCGTCTCTACTGAAAACACAAAAATTAGCTGGGCATGGTGGTGGGCGCCTGTAATTCCAGCTACTCGGGAAGCTGAGGCAGGACAATCGCTTGAAACCGAAAGGCGGAGGTTGCAGTGAGCCGAGATCATGGCACTGCACTCCAGCCTGGGCAAAAGAGCGAGACACCATCTTCAAAAAGAAAGAAAA","GCTGGGTGTGGTGGCTCAAGCCTGTAATCCCAGCACTTTGGGAGGCCGAGATGGGCGGATCACGAGGTCAGGAGTTGGAGACCAGCCTGGCCAACATGGTGAAACCCCGTCTCTACTGAAAACAAAAATTAGCTGGGCATGGTGGTGGGCGCCTGTAATTCCAGCTACTTGAGAAGCTGAGGCAGGACAATCGCTTGAAACCGAAAGGCGGAGGTCGCAGTGAGCCGAGATCACGGCACTGCACTCCAGCCTGGGCAAAAGAGCGAGACACCATCTTCAAAAAGAAAGAAAA"
"chr6","68805482","68805747","chr6","69538274","69538533","13","732792","AGCAATTTGGGAGGCCAAGACGGGTGGATCACAAGGTCAGGCATTTGAGACCAGCCTGGTCAGCATAGTGAAAACCTGTATCTACTAAAAAGACAGAAAAAATAGCCGGGCATGGTGGTGGGCACTTGTAATCCCAGCTACTCAGGAGGCTGAGGCAGGAGAATCACTTGAATCCGGGAGGCAGAGGTTGCGGTGAGCCGAGATCGTGCCATTACACTCCAGCCTGGGCAACAAAAGCGAAGCTCTGTCTCAAAAAAAAAAAAAAA","AGCAATTTGGGAGGCCAAGACGGGTGGATCACAAGGTCAGGCATTCGAGAACAGCCTGGTCAGCATAGTGAAACCCTGTATCTACTAAAAAGACAAAAAAAATAGCCGGGCATGGTGGTGGGCACTTGTAATCCCAGCTACTCAGAAGGCTGAGGCAGGAGAATCACTTGAATCCGGGAGGCAGAGGTTGCGGTGAGCCGAGATCATGCCATTACACTCCAGCCTGGGCAACAAAAGCGAAGTTCTGTCTCAAAAAAAAA"
"chr6","74626938","74627113","chr10","84027091","84027263","37","9400153","GGCCAGGTGGTGGCTCACGCCTGTAATTCCACCATTTTGGGAGGCTGAGGTGGGGAGATCACAAGGTCAGGAGTTCAGACCAGCCTTGCTAATATGCTGAAACCCCATCTCTACTGAAAATACAAAATTAGCTGGGTGTGGTGGCAGGTGCCTATAGTTAGGAGGCTGAGCCAAGA","GGCCAGGTGCGGTGGCTCACGTCTGTAATCCCAGCACTTTGGGAGACCGAGGCTGGTGGATCACAAGGTCAGGAGTTTGAGACCAGCCTAGCCAATATGGTGAAACCCCCTCTCTCCTAAAAATACAAAAATTAACTGGGTGTGGTGGCAGGCATCTGTAATCCCAGCTACTC"
"chr6","78497115","78497393","chr9","114345197","114345475","33","35848082","GGCCTGGCACAGTGGCTCACGCCTGTAATCCCAGTACTTTGGGAGGCCGAGGCAGGTGGATCACGAGGTCAAGAGATTGAAACCATTCTGACCAACATGATGAAACCCCGTCTCTACTAAAAATACAAAAATTAGCTGGGCGTGGTGGCACATGCCTGTAGTCCCAGCTACTTGGGAGGCTGAGGCAGGAGAATCGCTTGAAACCGGAAGGTGGAGGTTGCAGTGAGCCAAGATCGTGCCACTGCACTCCAGCCTGGGCAGTAAGAGCGAAACTCCATC","GGCCAGACGTGGTGGCTCACGCCTGTAATCCCAGCACTTTGGGAAGCCGAGGTGGGTGGATCACGAAGTCAGGAGTTGGAGACCATCCTGGCCAACATGGTAAAACCCCGCCTCTACTAAAAATACAAAAATTAGCTGGGGGTGGTGGCATGCGCCTATAATCCCAGCTACTCAGGAGGCTGAGGCAGGAGAATCGCTTGAAACCAGAAGGCAGAGGTTGCAGTGAGCCAAGATCGTGCCACTGCACTCCAGCCTGGGCAACAAGAGCGAAACTCCGTC"
"chr6","79374356","79374642","chr6","80367298","80367586","8","992942","GCCGGGCGTGGTGGCTCATGCCTGTAATCCCAGCACTTTGGGAGGCCGAGGCAGGTGGATCACAAGGTCAGGAGTTCGTAACCAGCCCGGCCAACATGGTGAAACCCTGTCTCTACTAAAAATACAAAAATTAGCTGGGCATGTCGGCGGGCGCCTGTAGTCCCAGCTACTCAGAGGTGAGGCAGGAGAATCACTTGAAACTGGAAGGCAGAGGTTGCAGTGACCCCAGATCGTGCCACTGCACTCCAGCATGAGCAAAAGAGCAAAAATCCTCTAAAAAAAAAAAA","GCCGGGCATGGTGGCTCATGCCTGTAATCCCAGCACTTTGGGAGGCCGAGGCAGGTGGATCACAAGGTCAGGAGTTCGAAACCAGCCCGGCCAACATGGTGAAACCCTGTCTCTACTAAAAATACAAAAATTAGCTGGGCATGTCGGCGGGCGCCTGTAGCCCCAGCTACTCAGAGGTGAGGCAGGAGAATCACTTGAAACTAGAAGGCAGAGGTTGCAGTGACCCCAGATCATGCCACTGCACTCCAGCATGAGCAAAAGAGCAAAATTCCTCTAAAAAAAAAAAAAA"
"chr6","81391392","81391591","chr6","43636622","43636822","24","37754770","GCCAGGTGCGGTGGCTCACACCTGTAATCCCAGCACTTTGGGAGGCCAAGGCGGGTGGATCACAAGGTGAGGGGTTCGAGACCATCCTGACCAACATGGTGAAACCCTGTCTCTACTAAAAATACAAAAAGTAGCCAGGCATGGTCGTGGGCACCTGTAATCCCAGCTACTTGGGAAGGCTGAGGCAGGAGATTGCTTGA","GGCCAGGCACGGTGACTCACACCTGTAATCCCAGCACTTTGGGAGGCCGAGGCAGGTGGATCATGAAGTCAGGAGTTTGAGACCATCCTGACCAACATGGTGAAACCCTGTCTCTACTAAAAATACAAAAATTAGCCGGGTGTGGTGGCGGGCACCTGTAATCCTAGCTACTCGGGAGGCTGAGGCAGAAAATTGCTTGAA"
"chr6","88827057","88827358","chr7","65427060","65427373","19","23399997","GGCCGGATGTGGTAGCTCATGCCTATAATCCCAGCACTTTGGGAGGCCGAGGCGGGCAGATCACGAGATCAGGAGTTCGAGACCGGCCTGCCCAACATGGTGAAACCCCGTCTCTACTAAAAATACAAAAAAATTAGCTGGGCATGATGGCGGATGCCTGTAATCCCAGCTACTTGGGAGGCTGAGGCAGGAGAATCGCTTGAAACCGGAAGTCGGAGGTTGCAGTGAGCCGAGATCATGCCGTTGCACTCCAGCCTGGGCAACAAGAGTGAAACTCCGTCTCAGAAAAAAAAAAAAAGAAA","GGCCAGACGTGGTAGCTCATGCCTATAATCCCAGCACTTTGGGAGGCCGAGGCGGGCAGATCACGAGATCAGGAGTTCGAGACCGGCCTGCCCAACATGGTGAAACCCCGTCTCTACTAAAAATACAAAAAAATTAGCTGGGCATGATGGCGGATGCCTGTAATCCCAGCTACTCGGGAGGCTGAGGCAGGAGAATCACTTGAAACTGGAAGTCGGAGGTTGCAGTGAGCCGAGATCATGCCGTTGCACTCTAGCCTGGGCAACAAGAGTGAAACTCCGTCTCAAATCCACAAAGCAAAAAAAAAAAAAAAGAA"
"chr6","91123814","91124099","chr6","92268139","92268422","11","1144325","GGCTGGGTGCAGTGGCTCAAGCCTGTAATCCCAGCACCTTGGCAGGGTGAGGTGGGCAGATCACGAGGTCAGGAGTTCGAGACCAGCCTGGCTAACATGGTGAAACCCGTCTCTACTAAAAATACAAAAAAATTAGCTGGGCATGGTGGCGGGCACCTGTAATCTCAGCTACTCGGGAGGCTGAGGCAGGAGAATCGCTTGAAACCGGAAGGCAGAGGTTGCAGTGAGCTGAGATTGTGCCACTGCACTCCAGCCTGGGCAACAAGAGCGAAATTCCATCTCAAAA","GGCCGGGCGCAGTGACTCAAGCCTGTAATCCCAGCACTTTGGCAGGGTGAGGTGGGCAGATCACGAGGTCAGGAGTTCGAGACCAGCCTGGCTAACATGGTGAAACCCGTCTCTACTAAAAATACAAAAAAATTAGCTGGGCATGGCGGTGGGCACCTGTAATCTCAGCTACTCGGGAGTCTGAGGCAGGAGAATCGCTTGAAACCGGAAGGCAGAGGTTGCAGTGAGCTGAGATTGTGCCACTGCACTCCAGCCTGAGCAACAAGAGTGAAATTCCATCTCAA"
"chr6","100648405","100648627","chr4","114782067","114782289","4","14133662","GGCCTGGCATGGTGGCTCACGCCTGTAATCCCAGCACTTTGGGAGGCTGAGGGGGGCGGATAACAAGGTCAAGCGTTTGAGACCAGCCTGGCCAACATGGTGAAACCCCGTCTCTACTAAAAATACAAAAATTAGCCAGGCGTGGTGGCGGGCACCTGTAATTCCAGCTATTCGGGAGGCTGAGGCGGGAGAATCACTTGAAACCAGAAGGCGGAGGTTGCAG","GGCCTGGCATGGTGGCTGACGCCTGTAATCCCAGCACTTTGGGAGGCCGAGGGGGGTGGATAACAAGATCAAGCGTTTGAGACCAGCCTGGCCAACATGGTGAAACCCCGTCTCTACTAAAAATACAAAAATTAGCCAGGCGTGGTGGCGGGCACCTGTAATTCCAGCTATTCGGGAGGCTGAGGCGGGAGAATCACTTGAAACCAGAAGGCGGAGGTTGCAG"
"chr6","101179777","101179856","chr14","48184077","48184156","42","52995700","GAAAGTAGAGAGTAGAATGANNNNNNNNNNNNNNNNNNNNACTCCAGCCTGGGCAACAGAGCAAGACNCTGTACTCGAAA","CCAGAAGGCAGAGGTTGCAGTGAGCCAAGATAGTGCCACTGCAGTCCAGCATGAGCAACAAGAGTGAAACTCCATCTCAA"
"chr6","103063265","103063562","chr6","103447271","103447568","10","384006","GGCCGGGCGAGGTGGCTCATGCTTGTAATCCCAGCACTTTGGGAGGCCAAGGCGGGTGGATCATGAGGTCAGGAGTTCCAGACCAGCCTGGCCAACATGGTGAAACCCCATCTCTACTAAAACTACAAAAATTAGCCAGGCGTGGTGGTGGGCACCTGTAATCCCAATTACTTGGGAGGCTGAGGCAGGCGAATCACTTGAAATCAGGAGGCAGAGGTTGCAGTGAGCCGAGATTCCACCACTGCACTCCAGCCTGGGCGACAAGAGCAAAACTCCATCTCAAAACAAACAACAAGAA","GGCCAGGCGAGGTGGCTCATGCTTGTAATCCCAGCACTTTGGGAGGCCAAGGTGGGTGGATCATGAGGTCAGGAGTTCCAGACTAGCCTGGCCAACATGGTGAAACCCCATCTCTACTAAACCTACAAAAATTAGCCAGGCGTGGTGGTGGGAACCTGTAATCCCAATTACTTGGGAGGCTGAGGCAGGCAAATCACTTGAAACCAGGAGGCAGAGGTTGCAGTGAGCCGAGATCGCACCACTGCACTCCAGCCTGGGCGACAAGAGCAAAACTCCGTCTCAAAACAAACAACAAGAA"
"chr6","103765029","103765322","chr6","104164563","104164867","23","399534","CCCAGCACGGTGGCTCAGGCCTGTAATCCCAGCACTTTGGGAGGCCAAGGCGGGTGGATCACGAGGTCAAGAGATTGAGACCATCCTGGCCAACGCGATGAAACCCCGTCTCCACTAAAAATACAAAAATTAGCTGGGCGTAGGGTGCCTGTAATCCTAGCTGCTCGGGAGGCTGAGGTAGGAGAATCACTTGAAACTGGGAGGCGGAGGTTGCAGTGAGCCAAGATGGCACCACTGCACTCCAGCGCCTGGGCGACAAGAGCAAAACTCGGTCTAAAAAAAAAAAAAAAAAAA","CCCAGCACGGTGGCTCAGGCCTGTAATCCCAGCACTTTGGGAGGCCAAGGCGGGTGGATCACGAGGTCAAGAGATTGAGACCATCCTGGCCAACACGATGAAACCCCGTCTCTACTAAAAATACAAAAATTAGCTGGGCGTAGGGTGCCTGTAATCCCAGCTACTCGGGAGACTGAGGTAGGAGAAGCGCTTGAAACTGGGAGGCGGAGGTTGCAGTGAGCCAAGATGGCACCACTGCACTCCAGCCTGGGCGACAAGAGCAAAACTTGGTCTAAAAAAAAAAAAAAAAAAAAAACCAAAAAAAA"
"chr6","103858875","103859052","chr6","104256647","104256821","8","397772","TAGCCAGGTGTGGTGGCAGGTGCCTGTAATCCCAGCTACTGGGGAGGCTGAGGCAGGAGAACCGCTTGAAACTGGAGGCAGAGTTTGCAGTGAGCTGAGATCACACCATTGCACTCCAGCCTGGACAACAAGAGCAAAACTCCACCTCGAAAAGAAAAAAAAAGTAATAAAAAGAAAA","TAGCCAGGTGTGGTGGCAGGTGTGTGTAATCCCAGCTACTGGGGAGGCTGAGGCAGGAGAACTGCTTGAAACTGGAGGCAGAGTTTGCAGTGAGCTGAGATCGCACCATTGCACTCCAGCCTGGAAAACAAGAGCAAAACTCCACCTCAAAAAAAAAAAAGTAATAAAAAGAAAA"
"chr6","110606058","110606340","chr6","110929487","110929768","7","323429","CTGTAATCCCAGCACTTTGGGAGGCCGAGGCGGGTGGATAATGAGGTCAGGAGTTCGAGACCAGCCTGGCTAACATGGTGAAACCCCGTCTCTACTATAAAAACCATACAAAAATTAGCTGGGCATGGTGGCAGGCACCTAAAATCCCAGCTGCTCGGGAGGCTGAGGCAGGAGAATCGCTTGAAACCAGAAGGTGGAGGTTGTGGTGAGCCAAGATCATGCCACTGCACTCCATCCTGGGCAACAAGAGCAAAACTCCGTCTACAAAAAAAAAAAAAGAAAA","CTGTAATCCCAGCACTTTGGGAGGCCGAGGCGGGTGGACAATGAGGTCAGGAGTTCGAGACCAGCCTGGCTAACATGGTGAAACCCCGTCTCTACTATAAAAACAATACAAAAATTAGCTGGGCATGGTGGCAGGCGCCTAAAATCCCAGCTGCTCGGGAGGCTGAGGCAGGAGAATCGCTTGAAACCAGAAGGTGGAGGTTGTGGTGAGCCAAGATCGTGCCACTGCACTCCATCCTGGGCAACAAGAGCGAAACTCTGTCTCAAAAAAAAAAAAAGAAAA"
"chr6","112798590","112798762","chr12","79555209","79555379","35","33243381","GGCAAGGCATGGTGGCTCACGCGTGTAATCCCTACACTTTGGGAGTCTGAGGTCAGGAGTTTGAGATCAGCCTGGCCAACATGATGAAACTCCATCTCTACTAAAAATACAAAAATTAGCCAGGCATGGTGTGGGTGTCTATAATTTCAGTTACTTGGGAGGCTGAGGCAGGA","GGCCGGGCACGGTGGCTCATACCTGTAATCTCAGCACTTTGGGAGACTTGAGGTCGGGAGTTCAAGACCAGCCTGGCCAACATGGTGAAACCCTGTCTCTACTAAAATGCAAAAATTAGCCAGGCATGGTGGTAGGCGCCTGTAGTCCCAGCTACTCGGGAGGCTGGGCCA"
"chr6","114472319","114472612","chr6","114842502","114842803","16","370183","GGCCAGGTGCAGTGGCTCATGCCACTAATCCCAGCACTTTGGAAGGCCGAGGTGGAGAGATCATGAGATCAGGAGTTCAAGAACAGCCTGGCCAACGTGGCAAAAACCCATCTCTATGAAAAATACAAAAATTAGCTGGGTGTGGTGGCGGGTGCCTGTAATCCCAGCTACTCAGGAGGCTGAGGCATGAGAATTGCTTGAAACCGGGAGGCAGAGGTTGCAGTGAACCGCGATCATGCCACTGCACTACAGCCTGGGCAACAAAAGCAAGACTTCATTAAAAAAAAAAAAAAA","GGCCAGGTGCAGTGGCTCATGCCAGTAATCCCAGCACTTTGGAAGGCCGAGGTGGAGAGATCATGAGATCATGAGTTCAAGAACAGCCTGGCCAACATAGAGATGGGGCAAAACCCCATCTCTATGAAAAATACAAAAATTAGCTGGGTGTGGTGGCGGGTGCCTGTAATCCCAGCTACTCGGGAGGCTGAGGCACGAGAATTGCTTGAAACCAGGAGGCAGAGGTTGCAGTGAACCGAGATCATGCCACTGCACTCCAGCCTGGGCAACAAAAGCAAGACTTCATTAAAAAAAAAAAAAAA"
"chr6","123347353","123347509","chr6","123717713","123717868","3","370360","GGAGGCGGAGGCCTGTAATCCCAGCCACCCAGGAGGCTGAGGCAGGAGAATCACTTGAAGCCGGAAGGCGGAGGTTGCGGTGAGCAGAGATCGCGCCACTGCACTCTAGTTTGGGCAACAAGAGCGAAACTCCGTCTCAGAAAAGAAAAAAAAAAAA","GGTGGCGGAGGCCTGTAATCCCAGCCACCCGGGAGGCTGAGGCAGGAGAATCACTTGAAGCCGGAAGGCGGAGGTTGCGGTGAGCAGAGATCGCGCCACTGCACTCTAGTTTGGGCAACAAGAGCGAAACTCCGTCTCAGAAAAGAAAAAAAAAAA"
"chr6","127924338","127924616","chr6","128410179","128410469","15","485841","CTGGACGCGGTGGCTCACGCCTGTAATCCCAACACTTTGGGAGGCCAAGACAGGCAGATCAAGAGGTCAGGAGTTCAAGACCAGCCTGGCCAACATGGTAAAACCCCGTCTCTATTAAAAATACAAAAAAAAAATCAGCCAGGCATAGTGGCAGGCACCTGTAATCCCAGCTACTCAGGAGGCTGAGGCAGGAGAATCACTTGAAACCAGAAGGTGGAGGTTGCAGTGAGCCGAGATTGCCTGGGTGAAAGAGGGAAACTCTGTCTCAAAAAAAAAAAA","CTGGACGCGGTGGCTCACGCCTGTAATCTCAACACTTTGGGAGGCCAAGACAGGCAGATCAAGAGGTCAGGAGTTCAAGACCAGCCTGGCCAACATGGTAAAACCCCGTCTCTATTAAAAATACAAAAAAAAAAAATCAGCCAGGCATAGTGGCAGGCGCCTGTAATCCCAGCTACTCAGGAGGCTGAGGCAGGAGAATCACTTGAAACCAGAAGGTGGAGGTTGCAGTGAGCCGAGATTGCCTGGGTGAAAGAGGGAAACTCCGTCTCAAAAAAAAAAAAAACAAAAAAA"
"chr6","130984560","130984819","chr6","131508761","131509036","31","524201","GGCCGGGCACGGTGGCTCACGCCTGTAATCCCAGCACTTTGGGAGGCTGGGGCAGGCGGATCACGATGTCAGGAGTTCGAGACCAGCCTGGCCAATATGGTGAAACTCCGTCTCTACTAAAAAAATACAAAAAAAAAAAATTAAGTCGGGGGTGGTGGTGGGCGCCTGTAATCCCAGCTACTCCGGAAGCTGAGGCAGGAGAATCGCTTGAAAATCAGAAGGCAGAGGTTGCAGTGAGCTGAGATCGCACCACTGCACTC","GGCCGGGCACGGTGGCTCACGCCTGTAATCCCAGCACTTTGGGAGGCTGGGGCAGGCGGATCACGAGGTCAGGACTTCGAGACCAGCCTGGCCAATATGGTGAAACTCCGTCTCTGCTAAAAAATACAAAAAACAAAATTAGTCGGGGGTGGTGTTGGGCGCCTGTAATCCCAGCTACTCCGGAAGCTGAGGCAGGAGAATCGCTTGAAAACCGGAAGGCGGAGGTTGCAGTGAGCCGAGATCGCACCACTGCACTCCAGCCTGGGCAACAAGAGC"
"chr6","131765480","131765770","chr6","132322811","132323101","11","557331","GGCCAGGTGTGGTGGCTCATGCCTGTAGTCCTCGCACTTTGGGAGTCAGAGGCAGACGGATCACAAGGTCAGGATTTCGAGACCAGCCTGGCCAACATAGTGAAACCCCGTCTTTACTAAAAATACAAAAAATTAGCTGGGCATGGTGGCGGGCACCTGTAATCCCAGCTACTCAGGAGGCTTAGGCAGGAGAATCGTTTAAACCAGAAGGCAGAGGTTGCAGCGAGCCGAGATCGCGCCATTTCACTCCAGTCCTGGCAACAATGGGGGAATCCGTCTCAAAAAAAAAAA","GGCCAGGTGTGGTGGCTCATGCCTGTAATCCTCGCACTTTGGGAGTCTGAGGCAGACGGATCACAAGGTCAGGATTTCGAGACCAGCCTGGCCAACATAGTGAAACCCCGTCTTTACTAAAAATACAAAAAATTAGCTGGGCATGGTGGCGGGCACCTGTAATCCCAGCTACTCAGGAGGCTTAGGCAGGAGAATCATTTACACCAGAAGGCAGAGGTTGCAGCGAGCTGAGATTGTGCCATTGCACTCCAGCCCTGGCAACAATGAGGGATTCCGTCTCAAAAAAAAAAA"
"chr6","135988619","135988909","chr6","136600033","136600323","6","611414","GGCTGGGTGCAGTGGCTAACACCTGTAATCCCAGCACTTCGGGAGGTTAAGGTGGGTGGATCACAAGGTCAGGAGTTCGAGACCAGCCTGGCCAACATGGTGAAACCCCATTTCTACTAAAAATACAAATATTAGCCAGGCATGGTGGCAGGCTCCTGTAATCCCAGCTGCTCGGGAGGCTGAGGCAGGAGAATCACTTGAAACCGGAAAGTGGAGGTTGCAGTGAGCTGAGATCATGCCACTGCACTCCAGCCTGGGCAACAAGAGTGAAACTCCGTCTCAAAAAAAAAA","GGCTGGGTGCAGTGGCTAACACCTGTAATCCCAGCACTTTGGGAGGCTAAGGTGGGTGGATCATGAGGTCAGGAGTTCGAGACCAGCCTGGCCAACATGGTGAAACCCCATTTCTACTAAAAATACAAATATTAGCCAGGCATGGTGGCAGCCTCCTGTAATCCCAGCTGCTCGGGAGGCTGAGGCAGGAGAATCACTTGAAACTGGAAAGTGGAGGTTGCAGTGAGCTGAGATCATGCCACTGCACTCCAGCCTGGGCAACAAGAGTGAAACTCCGTCTCAAAAAAAAAA"
"chr6","136363559","136363870","chr6","137000715","137001027","14","637156","GGCCGGGCATGGTGGCTCATGCCTGTAATCCCAGCACTTTGGGAGGCCAAGGCAGGTGGATCATGAGGTCAGCAGTTTGAGACCAGACTGACCAACTTGGTGAAACCCCGTCTCTACTAAAAATACAAAAAAAATTAGCTGGGCGTGGTGGCCGGCACCTGTAATCCCAGCAACTTGGGAGGCTGAGGCAGGAGAATCACTTGAAACTGGAAGGCAGAGGTTGCAGTGAGCTGAGATTGCGCCACTGCACTCTAGCCTGGGCAATAAGAGCAAAACTCCATCTCAAAAAAAGAAAAAGAAAGAAAAAGAAAA","GGCCGGGCACGGTGGCTCATGCCTGTAATCCCAGCACTTTGGGAGGCCAAGGCAGGTGGATCACGAGGTCAGCAGTTTGAGACCAGACTGACCAACTTGGTGAAACCCCATCTCTACTAAAAATACAAAAAAAATTAGCTGGGCATGGTGGCGGGCACCTGTAATCCCAGCAACTTGGGACGCTGAGGCAGAAGAATCACTTGAAACTGGAAGGCGGAGGTTGCAGTGAGCTGAGATTGCGCCACTGCACCCTAGCCTGGGCAATAAGAGCAAAACTCCGTCTCAAAAAAAAAAAAAAGAAAAGAAAAGAAAA"
"chr6","139516775","139517067","chr6","140206000","140206293","6","689225","GGCCGAGTGTGGTGGCTCATGCCTGTAATCCCAGCACTTTAGGAGGCTGAGGTGGGCAGATCACAAGGTCAGGAGTTCGAGACCAGCCTGGCCAAAGTGGTGAAACCCCGTCTCTACTAAAAAATACAAAAATTAGCTGGGTGTGGTGGTAAGCGCCTGTAATCCCAGCTATTCAGGAGGCTGAGGCAGGAGAATCACTTGAAACCAGAAGGTGGAGGTTGAAGTGAGCCAAGATCATGCCAGTGCACTCTAGCCTGGGGGAAAAAATGAAACTCCTTCTCAAAAACAAAAAA","GGCCAAGTGTGGTGGCTCATGCCTGTAATCCCAGCACTTTGGGAGGCTGAGGTGGGCAGATCACAAGGTCAGGAGTTCGAGACCAGCCTGGCCAAAGGGGTGAAACCCCGTCTCTACTAAAAAATACAAAAAATTAGCTGGGTGTGGTGGTAAGCGCCTGTAATCCCAGCTATTCAGGAGGCTGAGGCAGGAGAATCACTTGAAACCAGAAGGTGGAGGTTGAAGTGAGCCAAGATCGTGCCAGTGCACTGTAGCCTGGGGGAAAAAATGAAACTCCTTCTCAAAAACAAAAAA"
"chr6","140980326","140980633","chr6","141698596","141698897","14","718270","GGCTGGGCGTGGTGACTCACGCCTGTAATCTCAGCACTTTGGGAGGCCGAGACGGGCGGGATCACGAGGTCAGGAGTTCGAGACCAGCCTGACCAATATGGTGAAACCCTGTCTCTACTAAAAATAACAAAAATTAGCCGAGCGTGGTGGTGGGCGCCTGTAATCTCAGCTACTCGGGAGGCTGAGGCAAGGAGAATCGCTTCAGACCGGAAGACGGTGGTTGCAGTGAGCCGAGATTGCGCCACTACGTTCCAGCCTGGGCGAAATTGCAAACTCCGTCTAAAAACAAAACAAAACAAAACAAAAAA","GGCTGGGCGTGGTGACTCACGCCTATAATCTCAGCACTTTGGGAGGCCGAGACGGGCGGATCACGAGGTCAGGAGTTCGAGACCAGCCTGACCAATATGGTGAAACCCTGTCTCTACTAAAAATAACAAAAATTAGCCGGGCGTGGTGGCGGGCGCCTGTAATCCCAGCTACTCGGGAGGCTGAGGCAGGAGAATCGCTTCAGACCGGAAGACGGTGGTTGCAGTGAGCCGTGATTGCGCCACTGCACTCCAGCCTGGGCGAAATTGCAAACTCCGTCTAAAAAAAAAAACAAAACAAAAAA"
"chr6","146869297","146869599","chr6","147126975","147127277","4","257678","GGCGGGGTGCAGTGGCTCAAGGCTGTAATCCCAGCACTTCAGAAGGCCAAGGCAGGCGGATCATGAGGTCAGGAGTTTGATACCGGCCTGGCCAACATGGTGAAACCCCATCTATACTAAAAATACAAAAATCAGCCAGGCGTGGTGGCGGGTGCCTGTAATCCCAGCTACTCGGAAGGCTTAGGCATGAGAATCACTTGAAACCAGAAGGCAGAGGTTGGAGTGAGCCGAGATCGCACCACTGCACTCCAGCCTGGGCAAAAGAGTGAAACTCCATCTCAAAAAAAGAGAAAGAAACAGAAA","GGCGGGGTGCAGTGGCTCACGGCTGTAATCCCAGCAGTTCAGAAGGCCAAGGCAGGCGGATCATGAGGTCAGGAGTTTGATACCGGCCTGGCCAACATGGTGAAACCCCATCTATACTAAAAATACAAAAATCAGCCAGGCGTGGTGGCGGGTGCCTGTAATCCCAGCTACTCGGAAGGCTGAGGCATGAGAATCACTTGAAACCAAAAGGCAGAGGTTGGAGTGAGCCGAGATCGCACCACTGCACTCCAGCCTGGGCAAAAGAGTGAAACTCCATCTCAAAAAAAGAGAAAGAAACAGAAA"
"chr6","150582184","150582487","chr6","150831441","150831753","16","249257","GGCCAGGTGCAGTGGCTCATGCCTGTAATCCCAGCACTTTGGGAGGCTGAGGTGGGCAGATCATGAGGTCAGGAGTTGGAGACCAGCCTGACCAACATGGTGAAACCCCATCTCTACTAAAAAAAAAATACAAAAATTAGCCAGGCATGGTGGCGGGCACCTGTAATCCCAGCTACTCAGGAGGCTGAGTCAGGAGAATCACTTGAAACCAGAAGGTGGAGGTTGCAGTGAGCCGAGATCTTGCCATGGCACTCCAGCCTGGGCAACAAGAGCAAAACTCTGTCTCAAAAAAAAAAAAAAAAAA","GGCCAGGTGCAGTGGCTCATGCCTGTAATCCCAGCACTTTGGGAGGCTGAGGTGAGCAGATCATGAGGTCAGGAGTTGGAGACCAGCCTGACCAACATGGTGAAACCCCATCTCTACTAAAAAAAAATACAAAAATTAGCCAGGCATGGTGGTGGGCACCTGTAATCCCAGCTACTCAGGAGGCCGAGGCAGGAGAATCACTTGAAACCAGAAGGTGGAGGTTGCAGTGAGCCGAGATCGTGCCATGGCACTCCAGCCTGGGCAACAAGAGCAAAACTCTTGTCTCAAAAAAAAAAAAAAAAAAAAAAAAAAA"
"chr6","150910338","150910641","chr1","187179858","187180164","35","36269520","GGCCGGGTGCGGTGGCTCACGCCTGTAATCCCAGCACTTTGGGAGGCAGGTGGATCATGAGGTCAGCAGTTCGAGACCAGCCTGACCAACATGGTGAAACCCCGTCTCTACTAAAAATACAAAAAAATTAGCTGGGCATGCTGGTGGGTGCCTGTAGTCCCAGCTACTTTGGAGCCTGAGGCAGGAGAATTGCTTGAAACCAGAAGGCGGAGGCTGCAGTGAGCCGAGATTGCACCACTGCACTCTAGCCTGGGCAACGAGAGCAAAAATTACACCTCAAAAAAAAAAAAAGAAAAGAAAGAAA","GGCCGGGTGCGGTGGCTCACGCCCGTAATCCCAGCACTTTGGGAGGCTGAGGCGAGTGGATCACGAGGTCAGCAGTTCGAGACCAGCCTGACCAACATGGTGAAACCCTGTCTCTACTAACAATACAAAAAAATAGCTGGGCGTGGTGGCGGGCACCTGTAATCCCAGCTACTTGGGAGGCTGAGGCAGGAGAATCGCTTGAAACCGGAAGGCGGAGGTTGCAGTGAGCCGAGATTGCACCACTGAACTCTAGCCTGGGCAACAAGAGCAAAACTCCGTCTCAGATTAAAAAAAAAAAAAAAAAGAA"
"chr6","153483763","153484055","chr6","153712051","153712348","13","228288","GCTGGGCGTGGTGGCCCACGCCTGTAATCCCAGCACTTTGGGAGGCCGAGGTGGGTGGATCATGAGGTCAGGAGTTCGAGACCAGCCTGGCCAACATGGTAAAACCCTGTCTCTACTAAAAATACAAAAATTAGCCGGGCATGGTGGTGGGCGCCTGTAATCCCAGATGCTCAGGAGGCTGAGGCAGGACAATCGCTTGAAACCAGAAGGCAGAGGTTGCAGTGAGCCAAGATCACACCATTGCACTCCAGCCTGGGCAACAAGAGCAAAACTCCGTCTCAAAAAAAAAAGAA","GCTGGGTGTGGTGGCCCATGCCTGTAATCCCAGCACTTTGGGAGGCCAAGGTGGTTGGATCATGAGGTCAGGAGTTCGAGACCAGCCTGGCCAACATGGTAAAACCCTGTCTCTACTAAAAATACAAAAATTAGCCGGGCATGGTGGTGGGCGCCTGTAATCCCAGATGCTCAGGAGGCTGAGGCAGGAGAATCACTTGAAACCGGAAGGCAGAGGTTGCAGTGAGCCAAGATCACACCATTGCACTCCAGCCTGGGCAACAAGAGCAAAACTCTGTCTCAAAAAAAAAAAAAAAGAA"
"chr6","154409404","154409690","chr6","154632655","154632940","8","223251","GGCCGGGCACTGTGGCTCACGCCTGTAATCCCAACACTTTGAGAGTCCTTTGAGAGGCCAAGGCGGGTGGATCACGAGGTCAGGAGTTCAAGACCAGCCTGGCCAACATAGCGAAACCCTATCTCTACTAAAAATACAAAAATTAGCTGGGTGTGGTGGCAGGTGCCTGTAATCCTAGCGACTCAGGGAGCTGAGGCAGGAGAATCACTGGAAACCAGACAGTGGAAGTTGCAGTGCCACTGCACTCCAGCCTCGGCAACAAGAGCAAAACTCCATCTCAAAAAAAA","GGCCGGGCACTGTGGCTCACGCCTGTAATCCCAACACTTTGAGAGTCCTTTGAGAAGCCAAGGCGGGTGGATCATGAGGTCAGGAGTTCAAGACCAGCCTGGCCAACATAGCGAAACCCTATCTCTACTAAAAATACAAAAATTAGCTGGGTGTGGTGGCAGGTGCCTGTAATCCTAGCGACTCAGGGTGCTGAGGCAGGAGAATCGCTGGAAACCAGAAAGTGGAAGTTGCAGTGCCACTGCACTCCAGCCTGGGCAACGAGAGCAAAACTCCATCTCAAAAAAA"
"chr6","158632455","158632734","chr6","157648299","157648578","5","984156","GGCCGGGCGCAGTGGCTCACGCCTGTAATCCAACACTTTGGGAGGCCAAGGTGGGTAGATCACGAGGTCAGGAGTTCAAGACCAGCCTGGCCAACATGGTGAAACCCCATCTCTACTAAAAATACAAAAATTAGCTGGGCATGGTGGCATGCGCCTGTAATCCCAGCTACTTGGGAGGCTGAGGCAGGAGAATCGTTTGAAACTGGAAGGCGAAGGTTGCAGTGAGCCAAGATCATGCCACTGCACTCTAGCCTGGGCAACAAGAGTGAAATTCCGTCCC","GGCCGGGCGCAGTGGCTCACGCCTGTAATCCAACACTTTGGGAGGCCAAGGTGGGCAGATCACGAGGTCAGGAGTTCGAGACCAGCCTGGCCAACATGGTGAAAACCCATCTCTACTAAAAATACAAAAATTAGCTGGGCATGGTGGCATGCGCCTGTAATCCCAGCTACTTGGGAGGCTGAGGCAGGAGAATCGTTTGAAACTGGAAGGTGAAGGTTGCAGTGAGCCAAGATCATGCCACTGCACTCTAGCCTGGGCAACAAGAGCGAAATTCCGTCCC"
"chr6","159957122","159957427","chr14","33351396","33351697","43","126605726","GGCTGGATGTGGTGGCTCACACCTGTAATCCCAAACTTTGGGAGGCTGAGGTGGGCAGATCACCTAAGATCAGAAGTTCAAGACCAGCCTGGCCAACATAGTGAAACCCCGTCTCTACTAGAAATACAAAATTAGCCAGGCGTGGTGGCGTGCACCTATAATCCCAGCTACTTGAGAGGCTGAGGCAGGAGAATAACTTGAAACTGCATGGTGGGGAGTTTGCAGTGAGCTGAGATCGCGCCACTGCACTCCAGCCTAGGCGACAAGAGTGAAACTCTGTCTACAAAAAAAAAAAAAAAAAAAAAA","GGCCGGGTGCAGTGGCTCACACCTGTAATCCCAGCACTTTGGGAGGCTGAGATGGGCAGATCACGAGGTCAGGAGTTTGAGACCAGCATGGCCAACATGGTGAAACCCCGTCTCTACTAAAAATACAAAAATTAGCTGGGCGTGGTGGCAGATGCCTGTAATCCCAGCTACTTGGGAGGCTGAGGCAGGAGAATCGCTTGAAACCAGAAGGTGGAGGTTGCAGTGAGCCGAGATCGTGCCACTGCACTCCAGCCTGGGCAACAAGAGCAAAACTCTGTCTCAAAAAAAAAAAAAAAAAAAAA"
"chr6","160069000","160069290","chr6","159115138","159115443","18","953862","GCCAGGCACAGTGCCTCATGCCTGTAATCCCAGCACTTTGGGAGGCCGAGGTGGGTGGATCATGAGGTCAGGAGTTCAAGACCAGACTGGCCAACATGGTGAAACCCTGTCTCTACTAAAAATACAAAACTTAGCCGGGCATGGTGGCGGGTGCCTGTAATCCCAGCTACTCAGGAGGCTAAGGCAGGAGAATCACTTGAAACTGGAAGGCGGAGGTTGCAGTGAGCTGAGATTGTGCCACTACACTCCAGCCTGGGTGAAAGAGCAAAACTCCATCTCAAAAAAAAAAAA","GCCAGGCACAGTGGCTCATGCCTGTAATCCCAGCACTTTGGGAGGCCGAGGTGGGTGGATCATGAGGTCAGGAGTTCAAGACCAGACTGGCCAACATGGTGAAACCCTGTCTCTACTAAAAATACAAAAATTAGCCGGGCATGGTGGCGGGTGCCTGTAATCCCAGCTACTCAGGAGGCTAAGGCAGGAGAATCACTTGAAACTGGAAGGCAGAGGTTGCAGTGAGCTGAGATTGTGCCACTACACTCCAGCCTGGGTGAAAGAGCAAAACTCCATCTCAAAAAAAAAAAAAAAAAAAAAAAAAAA"
"chr6","161225679","161225901","chr6","161135113","161135335","2","90566","CAGGAGTTCGAGACCAGCCTGGCCAACATGGTGAAACCCTGTCTCTACTAAAAATACAAAAATTACCTGAGCATGGTGGTGGGCACCTGTAATCCCAACTACTCAGGAGGCTGAGGCAGAAGAATTGCTTGAAACCGGAAGGCAGAGGTTGCGGTGAGCCAAGATCGCACCACTGCACTCCAGCCTGGGCGAAAGAGAAAAACTCCGTCTCAAAAAAAAAAAA","CAGGAGTTCGAGACCAGCCTGGCCAACATGGTGAAACCCTGTCTCTACTAAAAATACAAAAATTACCTGAGCATGGTGGTGGGCACCTGTAATCCCAACTACTCAAGAGGCTGAGGCAGAAGAATTGCTTGAAACCGGAAGGCAGAGGTTGCAGTGAGCCAAGATCGCACCACTGCACTCCAGCCTGGGCGAAAGAGAAAAACTCCGTCTCAAAAAAAAAAAA"
"chr6","161803555","161803771","chr4","114782067","114782289","35","47021488","GGCCAGGCATGGGGGCTCACGCCTGTAATCCCAGCACTTTGGGAGGCCGAGGCAGGCAGATCTCGAGGTCAGGAGTTCGAGACCAGCCTGGACAACATGGTGAAACCGCATCTCTACTAAAAATACAAAAAGTAGCCAGGTATGGTGGCGGGCACCTGTAATCCTAGTTACTCAGGAGGCTGAGGCAGGAGAATCATTTGAACCCAGAAGGCAGAAG","GGCCTGGCATGGTGGCTGACGCCTGTAATCCCAGCACTTTGGGAGGCCGAGGGGGGTGGATAACAAGATCAAGCGTTTGAGACCAGCCTGGCCAACATGGTGAAACCCCGTCTCTACTAAAAATACAAAAATTAGCCAGGCGTGGTGGCGGGCACCTGTAATTCCAGCTATTCGGGAGGCTGAGGCGGGAGAATCACTTGAAACCAGAAGGCGGAGGTTGCAG"
"chr6","162366610","162366918","chr6","162318039","162318347","9","48571","GGCCAGGCGCGGTGGCTCACGCCTGTAATCCCAGCACTTTGGGAGGCCGAAGTGGGTGGATCACGGGGTCAGGAGTTCGAGACCAGCCTGGCCAACATGGTGAAGCCCTGTCTCTACTAAAAACACAAAAAGTAGCCAGGCGTGGTGGTGGAAGCCTGTAATCCCAGCTACTCGGGAGACTGAGGCAGGAGAATCACTTGAAACCGTAAGGCGGAGGTTGCAGTGAGTCGAGATCGTGCCACTGCACTCCAGCCTGGGCGAAAGAGCAAAACTCCCTCTCAAATAAATAAATAAATAAAGTAAAATAAA","GGCCAGGTGCGGTGGCTCACGCCTGTAATCCTAGCACTTTGGGAGGCCGAAGTGGGTGGATCACGAGGTCAGGAGTTCGAGACCAGCCTGGCCAACATGGTGAAGCCCTCTCTCTACTAAAAATACAAAAAGTAGCCAGGCGTGGTGGTGGAAGCCTGTAATCCCAGCTACTCGGGAGACTGAGGCAGGAGAATCACTTGAAACCGTAAGGCGGAGGTTGCAGTGAGTCGAGATCGTGCCACTGCACTCCAGCCTGGGCGAAAGAGCAAAACTCCCTCTCAAATAAATACATAAATAAATAAAGTAAAA"
"chr6","162975533","162975825","chr6","162938810","162939105","5","36723","GCTGGGTGCGGTGGCTCTTGCCTGTAATCCCAGCACTCTGGGAGGCCGAGGTGGGTGGATCATGAGGTCAGCAGTTGGAGACCAGCCTGACCAACATGATGAAATCCCATCTCTACCAAAAATACAAAAAAATTAGCTGGGTGAGGTGGCGGGCCCCTGTAATCCCAGCTACTTGGGAGGCTGAGGCAGGAGAATCACTTGAAACCAGAAGGTGGAGCTTGCAGTGAGCCAAGACTGCACCACTGCACTCTAGCCTGGGCAACAAGAGCAAAACTTCATCTCAAAAAAAAAAA","GCTGGGTGCGGTGGCTCTTGCCTGTAATCCCAGCACTCTGGGAGGCCGAGGTGGGTGGATCATGAGGTCAGCAGTTGGAGACCAGCCTGACCAACATGGTGAAATCCCATCTCTACCAAAAATACAAAAAAATTAGCTGGGTGAGGTGGCGGGCCCCTGTAATCCCAGCTACTTGGGAGGCTGAGGCAGGAGAATCACTTGAAACCAGAAGGTGGAGCTTGCAGTGAGCCAAGACTGCACCACTGCACTCTAGCCTGGGCAACAAGAGCAAAACTCCATCTCAAAAAAAAAAAAAA"
"chr6","164195950","164196112","chr21","1090784","1090946","20","163105166","GGCCAGGTGCGGCGGCTCACACCTGTAATCCCAGCACTTTGGGAAGCTGAGGTGGGTGGATCACGAGGTCAGGAGTTTGAGACCAGCCTGGCCAACATGGTGAAACCCCCATCTCTACTAAAATACAAAATTTAGCTGGGCGTGGTGGCAGGCACCTCTAATC","GGCCGGGTGCGGTGGCTCACGCCTGTAATCCCAGCACTTTGGGAGGCCGAGGCGGGAAGATCACGAGGTCAGGAGTTTGAGACCAGCCTGGCCAATACAGTGAAACCCCATGTCTACTAAAAATACAAAAATTAGTTGGGCGTGGTGGCGGGTGCCTGTAATC"
"chr6","170801666","170801851","chr6","170629584","170629769","4","172082","ACGTGGAGAAACCCCATCTCTACTAAAAATACAAAATTAGCCAGGCATGGGGGCGGGAGCCTGTAATCCCAGCTATTCGGGAGGCTGAGGCAGGAGAATCACTTGAAACCAGGAGGTGGAGCTTGCAGTGAGCCAAGATTGCGCCACTGCACTCCAGCCTGGGCCACAAGAGTGAGACTGTCTCAA","ACGTGGAGAAACCCCATCTCTACTAAAAATACAAAATTAGCCGGGCATGGGGGCGGGAGCCTGTAATCCCAGCTATTCGGGAGGCTGAGGCAGGAGAATCGCTTGAAACCGGGAGGTGGAGCTTGCAGTGAGCCAAGATTGCGCCACTGCACTCCAGCCTGGGCAACAAGAGTGAGACTGTCTCAA"
"chr6","170954874","170954990","chr4","61786568","61786682","35","109168306","GGCCGGGCGCGGTGGTTCAAACACCTGTAATCCCAGCACTTTGGGAGGTCGAGGCGGACGGATCACAAGGTCAGGAGTTCGAGCTTGCATGGATGGTGCATGTCATTAAATATTCAA","GGCCGGGCACGGTGGCTCATGCCTGTAATCACAGCACTTTGGGAGGCTGAGGCGGGTGGATCATAAGGTCAGGAGTTTGAGACCAGCCTGGCCAACATGGTGAAACCCCCTCTCT"
"chr6","172446422","172446671","chr6","172300065","172300319","11","146357","AGGCCGAGACAGGCAGATCACGAGGAGTTTGAGACCATCCTCGCCAACATGGTGAAACCCCATCTCTACTAAAAATACAAAAATTAGCCAGGCATGGTGGTGGGTGCCTGTAATCCCAGCTACTTGGGAGGCTGAGGCAGGAACATCGCTTGAAACCAGAAGGTGGAGGTTGCAGTGAGCTGAGATCACGCCACTGCACTCCAGCCTGGGCAAAAAAGTGAAACTCCATTTCAAAAAAAAAACAAACAAA","AGGCCGAGACGGGCGGATCACGAGGTCAGGAGTTTGAGACCATCCTCGCCAACATGGTGAAACCCCATCTCTACTAAAAAGACAAAAATTAGCCAGGCATGGTGGTGGGTGCCTGTAATCCCAGCTACTTGGGAGGCTGAGGCAGGAAAATCGCTTGAAACCAGAAGGTGGAGGTTGCAGTGAGCTGAGATCGCGCCACTGCACTCCAGCCTGGGCAAAAAAGTGAAACTCCATTTCAAAAAAAAAAAAAACAAA"
"chr6","172881329","172881519","chr10","91136197","91136386","17","81745132","GGCAGGGCACAGCGGCTCATGCCTGTAATCCCAGCACTTTGGGAGGCCGAGGCGGGTGGATCACAAGGTCAGGAGTTCAAGACCAGTCTGGCCAACATGATGAAACCCCGTCTCTACTAAAAATAGAAAAAAATTAGACTGGGCGTGGTGGCGGGCGCCTGTAATCCCAGCTACTCGGGAGGCTGAGGCAG","GGCTGGGCATGGTGGCTCACGCCTGTAAACCCAGCACTTTGGGAGGCCGAGGCGGGTGGATCACAAGGTCAGGAGTTCAAGACCAGCCTGGCCAACATGGTGAAACCCGTCTCTACTAAAAATACAAAAAAAATTAGCTGGGCATGGTGGTGGGCGCCTGTAATCCCAGCATCTAGGGAGGCTGAGGCAG"
"chr7","780811","781118","chr13","66946747","66947038","42","66165936","GGCCGGGCGCGGTGGCTCACGCCTATAATCCCTGCACTTTGGAAGGCCGAGGCAGGCGGATCACGAGGTCAGGAGTTTGAGATCAGCTCAGCCAACATGGTGAAACCCTGTCTCTACTAAAAATACATAAACTTAGCTGGGTGTGGTGGCGCGTACCTGTAATCCCAGCTGCTCTGGAGGCTGAGGCAGGAGAATTGCTTGAACCGGGACCCACAAGGCAGAGGTTGCACCGCTGAGCCGAGATTGCTCCATTGCACTCCAGCCTGGGCAACAAGAGTGAAACTCTGTCTCAAAAATAAATAAATAAA","GGCCGGGCGGGGTGGCTCACACCTGTAATCCAGCACTTTGGGAGGCCGAGGCAGGAGAATCACGAGGTCAGGAGTTCGAGACCAGCCTGGCCAACATGGTGAAACTCTGTCTCTACTAAAAATACAAAAATTAGCTGGCTGTGTTGGTGGGCACCTGTAATCCCAGCTACTCGGGAGGCTGAGGCAGGAGAATTGCTTGAACCAGAAGGCAGAGGTTGCAGTGAGCCGAGATCGCGCCATTGCACTCCAGCCTGGGCAACAAGAGTGAAACTCCATCTCAAAAAAAAAAAAA"
"chr7","1322143","1322194","chr7","882777","882828","0","439366","CCTGAAACTGGGAGTTGGAGGTTGCAGTGAGCAAAGATCGTGCCACTGCACT","CCTGAAACTGGGAGTTGGAGGTTGCAGTGAGCAAAGATCGTGCCACTGCACT"
"chr7","3072602","3072896","chr7","2640697","2641005","21","431905","GGCTGGGCACGGTGGCTGACACCTGTAATCCTAGCACTTTGGGAGGCTAAGGTGGGTGGATCACGAGGTCAGGAGTTTGAGACCAGCCTGGCCAAGGTGGTGAAACCCCATTTCTACTAAAAATACAAAAATTAGCCGGGCATGGTGTGGCAGGCACCTGTAATCCCATCTACGTGGGAGGCTGAGGCAGGAGAATTGCTTGAAACTGGAAGGCAGAGGTTGCAGCGAGCCGAGATCACACCATTGCACTCCAGCCTGGGCAAAAAGAGCGAAACTCCATCTCAAAAAAAAAAAA","GGCTGGGCACGGTGGCTGACGCCTGTAATCCTAGCACTTTGGGAGGCCAAGGCGGGTGGATCACGAGGTCAGGAGTTTGAGACCAGCCTGGCCAAGGTGGTGAAACCCCATTTCTACTAAAAATACAAAAATTAGCCGGGCATGGTGTGGCAGGCACCTGTAATCCCATGTACGTGGGAGGCTGAGGCAGGAGAATCGCTTGAAACTGGAAGGCAGAGGTTGCAGTGAGCCGAGATCACACCATTGCACTCCAGCCTGGGCAACAAGAGCGAAACTCCATCTCAAAAAAAAAAAAAAAAAAAAAAAAAA"
"chr7","5724139","5724440","chr7","5348591","5348900","16","375548","GGCTGGGCACCGTGGCTCACACCAGTAATCCCAGCACTTTGGGAGGCGGAGGCAGGTGGATCATGAGGTCAGGAGTTCGAGACCAGCCTGGCCAACACGGTGAAACCCCATCTTTAATAGTAATACAAAAATTAGCCAGGCGTGGTGGCAGGCACCTGTAATCCCAGCTACTCATGAGGCTGAGGCAGGAGAATCGCTTGAACCTGGAAGGCAGAGGTTGCAGTGAGCCGAGATTGTGCCACTGCACTCCAGCCTGGGCAAAACAGCAAAACTCCGTCTCAAAAAATAAATAAATAAATAAA","GGCTGGGCACCGTGGCTCACACCAGTAATCCCAGCACTTTGGGAGGCGGAGGCAGGTGGATCATGAGGTCAGGAGTTCGAGACCAGCCTGGCCAACACGGTGAAAGCCCATCTTTAATAGTAATACAAAAATTAGCCAGGTGTGGTGGCAGGCACCTGTAATCCCAGCTACTCAGGAGGCTGAGGCAGGAGAATCGCTTGAACCTGGAAGGCAGAGGTTGCAGTGAGCCGAGATTGTGCCACTGCACTCCAGCCTGGGCAAAAGAGCAAAACTCCGTCTCAAAAAAAAAAAAAAAAAAAAAAAAAAAAAA"
"chr7","5942096","5942392","chrX","150786537","150786837","24","144844441","GCCGGGCACGGTGGCTCACGCCTGTAATCCCAGTACTTTGGGAGGCCAAGGCGGGTGGATCAAGAGGTCAGCAGTTCGAGACCAGCCTGACCAACATGGTGAAACACCGTCTCTACTAAAAATACAAAAAAATCAGCTGGGCGCGGTGGCGGGCACCTGTAATCCCAGCTATTTGGAAGGCTGAGGCAGGAGAATCTCTTCAAACTGGAAGGCGGAGGTTGCAGTGAGCCGAGATTGCGCCACTGCACTCTAGCCTGGGCAAAGAGACCAAAACTCCGTCTCAAAAAAAAAAAAAAA","GCCGGGCACGGTGGCTCACGCCTGTAATCCCAGCACTTTGGGAGGCCGAGGTGGGTGGATCAAGAGGTCAGCAGTTCAAGACCAGCCTGACCAACATGGTGAAACCCCGTCTCTACTAAAAATACAAAAAAATTAGCTGGGCGTGGTGGCGGGCATCTGTAATCCCAGCTACTTGGGAGGCTGAGGCAGGAGAATCTCTTGAAACTGGAAGGTGGAGATTGCAGTGAGCCGAGATTGCACCACTACACTCTAGCCTGGGCAACGAAACGAGAGCAAAACTCCGTCTCAATAAAAAAAAGAA"
"chr7","6023239","6023533","chr7","5596650","5596944","8","426589","GGCCGGGCATAGTGGCTCACGCCTATAATCCCAGCACTTTGGGAGGCTGAGGGGGGCGGATCACAAGGTCAGGAGTTCAAGACCAGCCTGGCCAAGATGGTTAAACCCATCTCTACTAAAAATACAAAAATCAGCCAGGCGTGGTGGCGGGCGCCTGTAATCCCAGCTACTCGGGAGGCTGAGGCAGGAGAATTGCTTGAAACCAGAAGGCGGAGGTTGCAGTGAGCCGAGATCGCGCCACTGCACTCCAGTCTGGGCAAAAGAGCGAAACTCCATCTCAAAAAAATTAAAAAAA","GGCCGGGCATAGTGGCTCACGCCTATAATCCCAGCACTTTGGGAGGCTGAGGGGGGCGGATCACGAGGTCAGGAGTTCAAGACCAGCCTGGCCAAGATGGTTAAACCCATCTCTACTAAAAATACAAAAATTAGCCAGGCGTGGTGGTGGGTGCCTGTAATCACAGCTACTCGGGAGGCTGAGACAGGAGAATTGCTTGAAACCACAAGGCGGAGGTTGCAGTGAGCCGAGATCGCGCCACTGCACTCCAGTCTGGGCAAAAGAGCGAAACTCCATCTCAAAAAAATAAAAAAAA"
"chr7","6259448","6259745","chr13","33334828","33335129","36","27075380","GGCCGGGCACAGTGGCTCACGCCTGTAATCCCAGCATTTTGGGAGGCCGAGGCAGGAGGATCACAAGGTCAAGAGATCAAGACCATCCTGACTAACACGGTGAAACCTCATTTCTACCAAAAATACAAAAATTAGCTGGGCATGGTAGTGGGCGCCTGTAATCCCAGCTACTTGGGAGGCTGAGGCAGGACAATTGCTTGAACCCGGGTGGCGGAGGTTGCAGTGAGCCGAGATTGTGTCACCGCACTCCAGCCTGGGCAACAAGAGCGAAACTCCATCTACAAAAAAAAAAAAAAAA","GGCCGGGCGCAGTGGCTCACGCCTGTAATCCCAGCACTTTGGGAGGCCGAGGCGGGTGGATCATGAGGTCAGGAGATCAAGACCAGCCTGGCCAACATGGTGAAACCCCGTTTCTACTAAAAATACAAAAATTAGCTGGGCGTGGTGGCGGGCGCCTGTAATCCCAGCTACTCGGGAGGCTGAGGCAGGAGAATCGCTTGAAACCAGAAGGCAGAGGTTGCAATGAGCCGAGATTGTGCCACTGCACTCCATCCAGCCTGGGCAACAAGAGCGAAACACCGTCTCCAAAAAAAAACAAAAAA"
"chr7","6950753","6950959","chr7","5741924","5742127","6","1208829","GACTGGGGGCGGTGGCTCACGCCTGTAATCCCAGCACTTTGGGAGGCCAAGGTGGGCAGATCACAAGGTCAGGAGGTCGAGACCAGCCTGGCCAACATAGTGAAACCTGTCTCTACTAAAAATACAAAAAAAACTTAGCTGGGCGTGGTGGCGGGACGCCTGTAATCCCAGGTACTTGGGAGGCCGAGGCAAGGAGAATTGCTTGAA","GACTGGGGGCGGTGGCTCACGCCTGTAATCCCAGCACTTTAGGAGGCCAAGGTGGGCAGATCACAAGGTCAGGAGTTCGAGACCAGCCTGGCCAACATAGTGAAACCTGTCTCTACTAAAAATACAAAAAAATTAGCTGGGCGTGGTGGCAGGCGCCTGTAATCCCAGGTACTTGGGAGGCCGAGGCAAGGAGAATTGCTTGAA"
"chr7","10072588","10072899","chr7","9919990","9920297","9","152598","GGCCTGGTGGGGTGACTCACGCCTGTAATCCCAGCACTTTGGGAGGCCGAGGTGGGTGGATCATGAGGTCAGCAGTTTGAGACCAGCCTGACCAACTTGGTGAAACCTCGTCTCTACTAAAAATACAAAAAAATTAGCTGGGCATGGTGGTGGGCGCCTGTAATCCCAGCTACTTGGGAGGCTGAGGCAGGAGAATTGCTTGAAACCGGAAGGCAGAGGTTGCAGTGAGCCGAGATTGCACCACTGCACTCTAGCCTGGGCAATAAGAGCAAAACTCTGTCTCAAAACAACAACAACAACAACAACAAAAAA","GGCTGGGTGGGGTGACTCACGCCTGTAATCCCAGCACTTTGGGAGGCCGAGGTGGGTGGATCACGAGGTCAGCAGTTTGAGACCAGCCTGACCAACTTGGTGAAACCTCGTCTCTACTAAAAATACAAAAAAATTAGCTGGGCATGGTGGTGGGCGCCTGTAATCCCAGCTGCTTGGGAGGCTGAGGCAGGAGAATTGCTTGAAACCGGAAGGCAGAGGTTGCAGTGAGCCGAGATTGCACCACTGCACTCTAGCCTGGGCAATAAGAGCAAAACTCTCTCTCAAAAAACAAAACAAAACAAAAAAAA"
"chr7","10884903","10885167","chr4","39519338","39519604","55","28634435","GGCTGGCCACGGTGGCTCACGCCTGTAATTCCAGCATTTTGGGAGGCTAAGGTGGTTGGATCACCTGAGGTCAGGAGTTTGAGACCACCTGGCCAACATGGTAAAACCCCATCTCCATTAAAAAAAAAAAGGACTAGGACATGGTGGCTCACACCTGTAATCCCAGCACTTTGGGAGGCTGAGGTGGGAGGATTATCTGAGGTCAGGGGTTCAAGACCAGGTTGGCCAACATGGTGAAACCCCATCTCTACTAAAAATACAAAAA","GGCTGGGTGTGGTGGCTCAAGCCTGTAATCCCAGCACTTTAGGGAGCCCAGGCAGGAGAATTACCTGAGGTCAGAAGTTCGAGACCAGCCTGGCCACCATGGTGAAACCCTGTCTCTACAAAAAATACAAAATCAGGCCAGGCACAGTGGCTCACACCTGTAATTGCAGCACTTTGGGAGGTCCAGGCAAGAGGATCACCTGAGGTCAGGAGTTTGAGACCAGCCTGGCCAACATGGTGAAACCCCGTATCTACTAAAAATATAAAA"
"chr7","12529834","12530163","chr7","12427691","12428013","19","102143","GGCCAGGTGCGGTGGCTCACGCCTGTAATCCCAGCCCTTTGGAAGGCTGAGGCGGGAGGATCATGAGGTCAGCAGTTCGAGACCAGCCTGAACAACATGATGAAACCCCGTCTTTACTAAAAATAACAAAAAAAAAAAAAAAAAAAAAAAAAACTTAAGCTGGTCGCGGTGGCGGGCGCCTGTAATCCCAGCGACTTGGGAGGCCGAGGCAGGAGAATTGCTTGAAACCAGAAGTCAGAGGTTGCAGTGAGCCAAGATTGTGCCACTGCACTCTAGCCTGGGCAATAAGAGCAAAACTCCATCTCAAAAAAAAAAAAAGAAAGAAAGAAA","GGCCAGGTGCGGTGGCTCACGCCTGTAATCCCAACCCTTTGGAAGGCTGAGGCGGGAGGATCATGAGGTCAGCAGTTCGAGACCAGCCTGAACAACATGATGAAACCCTGTCTTTACTAAAAATACAAAAAAAAAAAAAAAAAAAAATTAGCTGGTCGTGGTGGCGGGGGCATGTAGTCCCAGCGACTTGGGAGGCTGAGGCAGGAGAATTGCTTGAAACCAGAAGGCAGAGGTTGCAGTGAGCCGAGATTGTGCCACTGCACTCTAGCCTGGGCAATAAGAGCAAAACTCCGTCTCAGAAAAAAAAAAAAGAAAGAAAGAAA"
"chr7","14194880","14194994","chr3","49831829","49831941","15","35636949","GGGCAGATCACGAGGTCAGTAGTTTGAAACCAGCCTGACCAACATGGTGAAACCCCATCTCTACTAAAAACACAAAAATTAGCCAGGATGTGTTGGTGGGTGCCTGTAATCCCAG","CAGATCACGAGGTCAGGAGTTTGAGACCAGCCTGACCAACATGGTGAAACCCCCATCTCTACTAAAAATACAAAAATTAGCCAGGCGTGGTGGCGGACACCTGTAATCCCAGC"
"chr7","16618250","16618540","chr7","16585914","16586218","20","32336","GGCTGAGCGTCGTGGCTCATGCCTATAATCCCAGCACTTTGGGAGGCCAAGGCAGGAGGATCATGAGGTCAGGGTTCGAGCTCAGCCAGGTGAACATAGTGAAACCCCGTCTCTACTAAAAAATAGAAAAATTACTCAGGAGTGGTGGTGGGTGCCTGTAATCCCAGCTACTTGGGCGGCTGAGGCAGGAGAATCACCTGAAACAAGAAGGCGGAGGTTGCAGTGAGCCAAAATTGTGCCACTGCACTCCAGCCTGGGCGAAAGAGCAACACTCCATCTCAAAAAAAAAAA","GGCTGAGCATGGTGGCTCATGCCTATAATCCCAGCACTTTGGGAGGCCAAGGCAGGAGGATCATGAGGTCAGGGTTCGAGCTCAGCCAGGTGAACATAGTGAAACCCCGTCTCTACTAAAAATAGAAAAATTACTCAGGAGTGATGGTGGGTGCCTGTAATCCCAGCTACTTGGGCGGCTGAGGCAGGAGAATCACTTGAAACAAGAAGGCGGAGGTTGCAGTGAGCCAAAATTGTGCCACTGCACTCCAGCCTGGGCGAAAGAGCAACACTCCATCTCAAAAAAAAAAAAAAAAAAAAAAAAAA"
"chr7","21796095","21796389","chr7","21815631","21815932","18","19536","GGCCGGGTGCGGTGGGTCATGCCTGTAATCCCAGCACTTTGGGAGGCTGAGGCAGGCAGATCACGAGGTCAGGAGTTCAAGACCAGCCTGGCCAACATGGCGAAACCTTGTCTCTACGAAAAATACAAAAATTAGCCGGGCGTGGTGGCGGGTGCCTGTAATCCCAGCTACTCGGGAGGCTGAGGCAGGAGAATTGCTTGAACCTGGAAGGCAGAATTTGCAGTGAATGGAGATCATGCCATTGCACTCCAGTCTGGGAAACAAGAGCAAGACTCCGTCTTAAAAAAAAAAGAAA","GGCCGGATGCGGTGGGTCATGCCTGTAATCTCAGCACTTTGGGAGGCTGAGGCAGGCAGATCACAAGGTCAGGAGTTCAAGACCAGCCTGGCCAACATGGCGAAACCTTGTCTCTACTAAAAATACAAAAATTAGCCGGGCGTCGTGGCGGGTGCCTGTAATCCCAGCTACTCGGGAGGCTGAGGCAGGAGAACTGCTTGAACCTGGAAGGCAGAAGCTGTAGTGAACGGAGATCATGCCATTGCACTCCAGCCTGGGAAACAAGAGCAAGACTCCGTCTTAAAAAAAAAAAAAAAAAGAAA"
"chr7","21955506","21955807","chr7","21973915","21974214","34","18409","GGCTGGGTGCTGTGGCTCATGCCTGTAATCCCAGCACTTTGGGAGGCCGGGGCAGGCAGATCACAAGGTCAGGAGTTCGAGACCGGCCTGACCAACATGGTGAAACCCCATCTCTACTAAAAATACAAAAATCAGCCGGGCATGGTGGCGGGTGCCTGTAATCCCAGACTACTTGGGAGGCTGAAGCAGAAGAATCACTTGAAACCAGAAAGCGGAGGTTGCAGTGAGCCGAGATCGTGCCAATGCACTCCAGTCTGGGCGAANNNNNNNNNNNNNNNNNNNNCTCAAAAAAAGAGAGAAAA","GGCTGAGTGCTGTGGCTTATGCCTGTAATCCCAGCACTTTGGGAGGCCGAGGCAGGCAGATCACAAGGTCAGGAGTTCGAGACCGGCCTGACCAACATGGTGAAACCCCATCTCTACTAAAAATACAAAAATCAGCCGGGCGTGGTGGCAGGTGCCTGTAATCCCAGCTACTTGGGAGGCTGAAGCAGAAGAATCACTTGAAACCAGAAAGCAGAGGTTGCAGTGAGCCGAGATCGTGCCAATGCACTCCAGTCTGGGCGAAAGAGCGAAACTCCATCTCAAAAAATAATTAAAAAAAAA"
"chr7","22260765","22260960","chr7","22269023","22269240","26","8258","CCAACATGGTGAAACCCCGTCTACTAAAAATACAAAAATTACCCAGGTGTGGTGGCAGGTGCCTGTAATCCCAGCTACTTGGGAGGCTGAGGCAGGAGAATCGCTTGAAATCGGAAGGCAGAGGTTGCAGTGAGTGGAGATCGTGCCACTGCACTCACTTCAGCCTGGGCAACAAGAGCAAAAACTCCGCCTCAAA","ACCACGCCCGGCCCAACATGGTGAAACCCCGTCTACTAAAAATACAAAAATTACCCGGGTGTGGTGGCAGGTGCCTGTAATCCCAGCTACTTGGGAGGCTGAGGCAGGAGAATCACTTGAAATCGGAAGGTAGAGGTTGCAGTGAGTGGAGATCGTGCCACTGCACTCACTTCAGCCTGGGCAACAAGAGCAAAAACTCCGTCTCAAAAAAAAAAAAA"
"chr7","25394467","25394766","chr7","25117174","25117469","13","277293","GGCCAGACGTGGTGACTCACACCTGTAATCCTAGAACTTTGGGAGGCCAAGGTGGGTGGATCACGAGGTCAGGAGTCCAAGACCAGTCTGGCCAACATGGTGAAACGCCATCTCCACCAAAAATACAAAAACTAGCCAGGCTGGTGGCGGGTGCCTGTAATCCCAGCTACTCAGGAGGCTGAGGCAGGAGAATCATTTGCAACTGGAAGGCGGAGGTTGCAGTGAGATTGCACCACTGTACTCAGCCTGGGCGAAAAGGGCGAAACTCCGTCTCAGAAAAAATAAAAGAAATGAGAAAAA","GGCCGGACGTGGTGGCTCACAACTGTAATCCTAGAACTTTGGGAGGCCAAGGTGGGTGGATCACGAGGTCAGGAGTCCAAGACCAGTCTGGCCAACATGGTGAAACGCCATCTCCACTAAAAATACAAAAATTAGCCAGGCGTGGTGGCGGGTGCCTGTAATCCCAGCTACTCAGGAGGCTGAGGCAGGAGAATCACTTGCAACTGGAAGGCGGAGGTTGCAGTGAGATTGCACCACTGTACTCAGCCTGGGCGAAAACGGCGAAACTCCGTCTCAGAAAAAATAAATGAGAAAAA"
"chr7","26261420","26261665","chr18","67967951","67968202","41","41706531","GGACAGGCGTGGTGGCTCACATCTGTAATCCCAGCCCTTTGGGAGGCCGAGGCAAGTGAATCACTGGAGTTCAAGACCAGCCTGGCCAACATGGTGAAACCCCATCTCTACTAAAAATACAAAAATTAGCGAAGTGTGGTGGCAAGCACCTCTAGTCCCAGCTACTCAGGAGGCTGAGGCAGGAGAATCACTTAAACCGGAAGGCAGGGGTTGCAGTGAGCCAAGACCACACCATTGCACTCCAGC","GCCGGGTATGGTGGCTCATGTCTGTAATCCCAGCACTTTGGGAGGCTGAGGCAGGTGGATCACAAGGTCAGGAGTTTGAGACCAGCCTGGTCAACGTGGCGAAACCCCGTCTCTACTAAAAATACAAAAATTAGCTGGATGTGGTGGCGGACACCTGTAATTCCAGCTACTCGGGAGGCTGAGGCAGGAGAATCACTTGAAACCAGAAGGCGGAGGTTGCAGTGAGCTGAGATCACACCACTGCACTCCAGC"
"chr7","27283158","27283318","chr19","4197281","4197440","24","23085877","GGGCAGGCATGGTGGCTCACGCTTGTAATCCCAGCACTTTGAGAGGGCAAGGAGGGCGGATCATGAGGTCAGGAGTTCCAGACCAGCCTGGCCAACACAGTGAAAACCCGTCTCTACTAAAAATACAAAAATTAGCTGGGCATGGTGGCGGGCACCTGTAA","GGCCAGGTGCGGTGGCTCATGCCTGTAATCCCAGCACTTTGGGAGGCTGACGTGGGCGAATCCTGAGGTCAGGAGTTCGAGACCAGCCTGGCCAACATGGTGAAACCCCGTCTGTACTAAAAATACAAAAGATTAGCTGGGCGTAGTGGCGGGCACCTGT"
"chr7","31086803","31087077","chr7","30453150","30453453","34","633653","GGCTGGGTGCGATGGCTAATGCCTGTAATCCCAACACTCTGGGAGCCTGAGGCGGAAGGATCACAAGGTCAGGAGTTCAAGACCAGCCTGGCCAACACGGTGAAACCCTGCCTCTACTAAAAATACAAAAATTAGCCAGGCGTAGTGGTGGGCACCTGTAATCCCAGCTACTTGGAAGGCTGGGGCAGGATAATTGCTTGAACCTGGGATGCGGAGGTTGCAGTGAAGTGAGATGGCGCCACTGCACTCCAGCCTGGGCAACAAGAATGAAACTC","GGCTGGGTGCGATGGCTAATGCCTGTAATCCCAACACTTTGGGAGCCTGAGGCGGAAGGATCACAAGGTCAGGAGTACAAGACCAGCCTGGCCAACACGGTGAAACCCTGTCTCTACTAAAAATACAAAAATTAGCCAGGCATAGTGGTGGGCACCTGTAATCCCAGCTACTTGGAAGGCTGGGGCAGGATAATTGCTTGAACCTGGGATGCGGAGGTTGCAGTGAAGTGAGATGGCGTCACTGCACTCCAGCCTGGGCAACAAGAATGAAACTCTGTCTCAGGGAGAAAAAAAAAGAGAAAAA"
"chr7","33916669","33916975","chr7","33148402","33148707","12","768267","GGCAGGGCGCAGTGGCTCACACCTGTAATCCCAGCACTTTGGGAGGCTGAGGCAGGTGGATCACGAGGTCAGCAGTTCGAGACCAGCCTGACCAACATGGTGAAACCCCGTCTCTACTAAAAACACAAAAATAAGCCAGCTGTGGTGGTGGGCACCTATAATCCCCACTACTTGCGAGGCTGAGGCAGGAGAATTGCTTGAAACCAAAAGGCGGATGCTGCAGTGAGCCGAGAGCACACCACTGCACTCTAGCCTGGGCAACAAGAGAGAAACTCTGTCTCAAAATAAAATAAAATAAAATAAAAAA","GGCTAGGCGCAGTGGCTCACACCTGTAATCCCAGCACTTTGGGAGGCCGAGGCAGGTGGATCACGAGGTCAGCAGTTTGAGACCAGCCTGACCAACATGGTGAAACCCTGTCTCTACTAAAAACACTAAAATTAGCCAGGTGTGGTGGTGGGCACCTAAATCCCCGCTACTTGGGAGGCTGAGGCAGGAGAATTGCTTGAAACCAAAAGGCGGATGCTGCAGTGAGCCGAGATCACACCACTGCACTCTAGCCTGGGCAACAAGAGAGAAACTCTGTCTCAAAATAAAATAAAATAAAATAAAAAA"
"chr7","37417582","37417881","chr7","36985780","36986090","19","431802","GGCCAGACGCGGTGGCTCACACCTGTAATCCCAGCACTTTGGGAGGCCAAGGCAGGCAGATCACGAAGTCAGGAGTTTGAGACCAACCTGGCCAACATGGTGAAACCCCATCTCTACTAAAAATACAAAAATTAGCCGGGCGTGGTGGCAGGCGCCTGTAATCCCAGCTACTCAGGAGGCTGAGGCAGGAGAATCACTTGAAACCCGAAGGCGGAGGTTGCAGTGAGCCGAGATCGTGCCACTGCACTCCAGCCCGTGCAATAAGAGTGAAACTCCGTCTCAAAAAAAAAAAAAAAAAAA","GGCCAGACGCAGTGGCTCACACCTGTAATCCCAGCACTTTGGGAGGCCAAGGCAGGCAGATCACGAAGTCAGGAGTTCGAAACCAACCTGGCCAACATGGTGAAACCCCATCTCTACTAAAAATACAAAAATTAGCCAGGCGTGGTGGCAGGCGCCTGTAATCCCAGCTACTCAGGAGGCTGAGGCAGGAGAATCACTTGAAACCAGAAGGCGGAGGTTGCAGTGAGCCGAGATCGTGCCACTGCACTCCACCCTGTGCAACAAGAGTGAAACTCCGTCTCAAAAAAAAAAAAAAAAAAAAAAAAAAAAAA"
"chr7","37622591","37622910","chr7","37188304","37188627","9","434287","GGCCAGGTGTGGTCGCTCACATCTGTAATCCTAGCACTTTGGGGGGTGCCAAAGTGGGTAGATCACGAGGTCAGGAGTTTGAGACCAGCCTGGCCAACATGGTGAAACCCTGTCTCTTAACTAAAAAAATAATAATAATACAAAATTAGCCGGGCTGGTGGTGCGCACCTGTAATCCCAGCTACTTAGGAAGTTGAGGCAGGAGAATCACTTGAAATCGGGAGGTGGAGGTTGCAGTGAGCCGAGACTGCGCCATTCCACTCCAGCCTGGGCAAAAAGAGCAAAACTCCGTCAAAAAAACAAAAACAAAACAAAACAAAA","GGCCAGGTGTGGTCGCTCACATCTGTAATCCTAGCACTTTGGGGGGTGCCAAAGTGGGTAGATCACGAGGTCAGGAGTTTGAGACCAGCCTGGCCAACATGGTGAAACCCTGTCTCTTACTAAAAAAAAAAATAATAATACAAAATTAGCTGGGCTGGTGGTGCGCACCTGTAATCCCAGCTACTTAGGAAGTTGAGGCAGGAGAATCACTTGAAATCGGGAGGTGGAGGTTGCAGTGAGCCGAGACTGGGCCATTCCACTCCAGCCTGGGCAAAAAGAGCAAAACTCCGTCAAAAAAACAAAAACAAACAAAACAAAACAAAA"
"chr7","38145407","38145711","chr7","37714429","37714712","28","430978","GGCCAGGCGCGGTGGCTCACGCCTGTAATCCCAGCACTTTGGGAGGCCCAGGCGGGTGGGTCACGAGGTCAGGAGCTCGAGAGCAGCCTGGGCAACATGGTGAAACCCGGTCTCTAATAAAAACACAAAAAAATTAGCCAGGCGTGGTGGCGGGCGCCTGTAATCCCAGCTACTCAGGAGGCTGAGCAGGAGAATCGCTTGAAACTGGAAGGTGGAGGTTGCAGTGAGCCGAGATCGCGCCACTGCACTCCAGCCTGGGCAACAACAGCGAAACTCCGTTTCAAAAACAAACAAACAAACAAAAA","GGCCAGGCGCGGTGGCTCACACCTGTAATCCCAGCACTTTGGGAGGCCCAGGAGGGTGGGTCAGAGGTCAGGAGTTCGAGAGCAGCCTGGGCAACATGGTGAAACCCGGTCTCTAATAAAAACACAAAAAAATTAGCCAGGCGTGGTGGCGGGAGCCTGTAATCCCAGCTACTCAGGAGGCTGAGGCTGGAGAATCGCTTGAAACTGGAAGGTGGAGGTTGCAGTGAGCCGAGATCGCGCCACTGCACTCCAGCCTGGGCAACAACAGCGAAACTCCGTTTCAA"
"chr7","38269372","38269672","chr7","37850340","37850639","4","419032","GGTCTGGCGCGGTGGCTCACGCCTGTAATCCCAGCACTTTGGGAGGCCGAGGTGGGCAGATCACGAGGTCAGGAGTTCAAGACCAGCCCGTCCAACATGCTGAAACCCCGTCTCTACTAAAAATACAAAAATTAGCCGGGCGTGATGGTGGGTGCCTGTAATCCCAGCTACACAGGAGGCTGAGGCAGGAGAATCACTTGAAACCAGAAGGCGGAGGTTGCAGTGAGCTGAGACTGCACCACTGCATTCCAGCCTGGGCGAAAGAGTGAAACTCCATCTACAAAAAAAAAAAAAAAAAGAA","GGTCTGGCGCGGTGGCTCACGCCTGTAATCCCAGCACTTTGGGAGGCCGAGGTGGGCAGATCACGAGGTCAGGAGTTCAAGACCAGCCCGTCCAACATGCTGAAACCCCGTCTCTACTAAAAATACAAAAATTAGCCGGGCGTGATGGTGGGTGCCTGTAATCCCAGCTACACAGGAGGCTGAGGCAGGAGAATCACTTGAAATCGGAAGGCAGAGGTTGCAGTGAGCTGAGACTGCACCACTGCATTCCAGCCTGGGCGAAAGAGTGAAACTCCATCTCAAAAAAAAAAAAAAAAAGAA"
"chr7","39387662","39387955","chr13","66946747","66947038","36","27559085","GCCAGGCGTGGTGGCTCACGCCTGTAATCCAGCATTTTGGGAGGCCGAGACAGGCAGATCACAAGGTTAGGAGTTCGAGACCAGCCTGGCCAACATAGTGAAACCCCCATCTTTACTAAAAATACAAAAATTAGCCGGGCGTAGTGGTGGGCGCCTGTAATCCCAGCTACTCGGGAGGCTGAGGCAGGAGAATCACTTGAAACCAGAAGGCAGAGGTTGCAGTGAGTGGCGATCGCACCTCTGCACTCCAGCCTGGGCAACAAGAGTGAAACTCTGTCTAAAAAAAGAAGAAAA","GGCCGGGCGGGGTGGCTCACACCTGTAATCCAGCACTTTGGGAGGCCGAGGCAGGAGAATCACGAGGTCAGGAGTTCGAGACCAGCCTGGCCAACATGGTGAAACTCTGTCTCTACTAAAAATACAAAAATTAGCTGGCTGTGTTGGTGGGCACCTGTAATCCCAGCTACTCGGGAGGCTGAGGCAGGAGAATTGCTTGAACCAGAAGGCAGAGGTTGCAGTGAGCCGAGATCGCGCCATTGCACTCCAGCCTGGGCAACAAGAGTGAAACTCCATCTCAAAAAAAAAAAAA"
"chr7","45286438","45286754","chr7","45142299","45142584","39","144139","GGCCGGGCACGGTGGCTCAAGTCTGAAATCCCAGCACTTTGGGAGGCCGAGGTGGGAAGATCACAAGGTCAGGAGTTTGAGACCAGCCTGGCCAATATGGTGAAACCCTGTCTCTACTAAAAATACAAAAATTCGCCGGGTGTGGTGGCAGGCGCCTGTAGTCCCAGCTACTCGGATGGCCGAGGTAGGAGAGGAGATTCACTTGAATCTGGGAGGCAGAGATTGCAGTGAGCCGAGATCACGCCATTGCACTCCAGCCTGGGCAACAAGAGCGAAACTCCATCTACAAAAAAAAAAAAAAAGAAAAAGAAGAAAAA","GGCCGGGCACGGTGGCTCAAGTCTGAAATCCTAGCACTTTGGGAGGCCGAGGTGGGCAGATCACAAGGTCAGGAGTTTGAGACCAGCCTGGCCAATATGGTGAAACCCTGTCTCTACTAAAAATACAAAAATTCGCCGGGTGTGGTGGCAGGCGCCTGTAGTCCCAGCTAATTGGATGGCTGAGGTAGGAGAGGAGAGTCACTTGAATCTGGGAGGCAGAGGTTGCAGTGAGCCAAGATCACGCCATTGCACTCCAGCCTGGGCAACAAGAGCGAAACTCCATCTC"
"chr7","45445662","45445957","chr7","45282630","45282927","13","163032","GCCAGGCGCGGTGGCTCACGCCTGTAATCCCAGCACTTTGGGAGGCCAAGGCAGGTAGATCATGAGGTCAGTTCAAGACCAGCCTGGCCAACATGGTGAAACCCTGCCTCTACTAAAAATACAAAAAAATTATCTGGGTGTGGTGGCAGGCACCTATAATCCCACCTACTCAGGAGGCTGAGGCAGGAGAATCGCTTGAACCGGAAGGCAGAGGTTGCAGTGCGCCAAGATCACGCCCCTGCACCACTCTAGCCTGGGTGAAAGAGCGGAACTCCGTCTCAAAAAAAACCCAAAAA","GCCAGGCGCGGTGGCTCACACCTGTAATCCCAGCACTTTGGGAGGCCAAGGCAGGTAGATCATGAGGTCAGTTCAAGACCAGCCTGGCCAACATGGTGGAACCCCGCCTCTACTAAAAATACAAAAAAATTATCTGGGTGTGGTAGCAGGCACCTATAATCCCAGCTACTCGGGAGGCTGAGGCAGGAGAATCGCTTGAACCAGAAGGCAGAGGTTGCAGTGAGCCAAGATCATGCCCCTGCACCACTCTAGCCTGGGTGAAAGAGCAAAACTCCGTCTCAAAAAAAAACCCAAAAAA"
"chr7","50824007","50824332","chr11","111847512","111847835","49","61023505","GGCCGAGCGCGGTGGCTCACGCCTGTAATCCCAGCTCTTTGGGAGGCAGAGGCTGGCAGATCACAAGGTCAGGAGTTCGAGACCAGTCTGGCCAACATGGTGAAACCCCATCTCTACTAAAAATACAAAAATTAGCCGGGTGTGGTGGTGTGTGCCTGTAGTCCCAGCTATTCGGGAGGCTGAGGCAGGAGAATCGCTTGAAACCGGAAAGCGGAGTGTGCAGTGAGCTGAGATCATGCCACTGCACTCCAGGTTGGCAACAAGAGTGAAACTCCATCTCAAAAAATAATAATAATATTAATAATAAATAAATAAATTGAAATAAA","GGCTAGGCACGGTGGCTCACACCTGTAATCCCAGCACTTTGGGAGGCCAAGGCGGGCGGATCATGAGGTCAGGAGTTTGAGACCAGTCTGGCCAACATGGTGAAACCCCATCTCTACTAAAAATACAAAAATTAGCCAGGCGTGGTGGCAGGTGCCTGTAATCCCAGCTACTTGGGAGGCTGAGGCAGGAGAATCCCTTGAAACCAGAAGGCGGAGGTTGCAGTGAGCTGAGATTGCATCACTGCACTCCAGACTGGGCAAGAAAAGTGAAACTCCATCTCAAAAAAAAAAAAAAAAAAAAAAAAAAAAAAAAAAAAAAAAAAA"
"chr7","52009804","52010108","chr7","51832034","51832341","10","177770","CCGGGCATGGTGGCTCATGCCTGTAATCCCAGCACTTTGGGAGGCCAAGGTGGGCAGATCACAAGGTCAGGAGTTTGAGATAAGCCCAGCCAACATGGTGAAACCCCATCCCTACTAAAAATACAAAAATTAGCTGGGCATGGTGGCGGATGCCTGTAATCCCAGCTGCTTGGGAGGCTGAGGCGGGAGAATCACTTGAAACTGGAAGGTGGGGGTTGCAGTGAGCCGAGATCGTGCCGCTGCACTCTAGCCTGGGCGAAAGAGTGAAACTCCATTTCAAGAAAAAAAAAAAAAAAGAAGAAGAA","CCGGGCGTGGTGGCTCATGCCTGTAATCCCAGCACTTTGGGAGGCCAAGGTGGGCAGATCACAAGGTCAGGAGTTTGAGATAAGCCCAGCCAACGTGGTGAAACCCCATCCCTACTAAAAATACAAAAATTAGCTGGGCATGGTGGCAGATGCCTGTAATCCCAGCTGCTTGGGAGGCTGAGGCGGGAGAATCACTTGAAACTGGAAGGTGGGGGTTGCAATGAGCCGAGATCGTGCCACTGCACTCTAGCCTGGGCGAAAGAATGAAACTCCATTTCAGAAAAAAAAAAAAAAAAGAAGAAGAAGAA"
"chr7","55293275","55293467","chr7","55063642","55063834","4","229633","GACCGGGTGCGGTGGCTCATGCCTGTAATCCCAGCACTTTGGGAGGCTGAGGTGGACAGATCAGGAGGTCAGGAGATGGAGACCATCCTGGCCAACTTGGTGAAACCCCATCTCTACTAAAAATACAAAAATTAGCTGGGAGTGGCTGCAGGCACCTGTAATCTCAGCTACTCAGGAGGCTGAGGCAGGAGAA","GGCCAGGCGCGGTGGCTCATGCCTGTAATCCCAGCACTTTGGGAGGCTGAGGTGGACAGATCAGGAGGTCAGGAGATGGAGACCATCCTGGCCAACTTGGTGAAACCCCATCTCTACTAAAAATACAAAAATTAGCTGGGAGTGGCTGCAGGCACCTGTAATCCCAGCTACTCAGGAGGCTGAGGCAGGAGAA"
"chr7","56200296","56200594","chr7","56022530","56022819","20","177766","GGGCCGGGTGGCTCATGCCTGTAATCCAGCACTTTGGGATGCCGAGGCAGGCAGATCACGAGATCAAGAGTTTGAGACGAACCCGGCCAATATGGTGAAACCCAGTCTCTACTAAAAGTACAAAAATTAGCCGGGTATGGTGGCAGGTGCCTGTAATCCCAGCTACTCGGGAGGCTGAGGCAGGAGAATCACTTGAACCCGGAAGGCAGAGGCTGCAGTTAGCTGAGATCATTCCACTGCACTCCAGCCTGGGCAAAAGAGCAAAACTCCGGAAAAAAAAAAGAAAAAAAAAAACAAAA","GGGCCGGGTGGCTCATGCCTGTAATCCAGCACTTTGGGATGCCGAGGCAGGCAGATCATGAGATCAAGAGTTTGAGACCAACCCGGTCAATATGGTGAAACCCAGTCTCTATTAAAAGTACAAAAATTAGCCGGGTGTGGTGGCAGGCGCCTGTAATCCCAGCTACTCGGGAGGCTGAGGCAGGAGAATCACTTGAACCCGGAAGGCAGAGGTTGCAGTTAGCTGAGATCATGCCACTGCACTCCAGCCTGGGCAAAAGAGCAAAACTCCGGGGAAAAAAAAAACAAAAA"
"chr7","58784813","58784833","chr7","62367886","62367909","3","3583073","GCCAGGCTTGGTGGTGGGTGC","AAAGCCAGGCTTGGTGGTGGGTGC"
"chr7","58785140","58785273","chr7","62367442","62367575","4","3582302","GCAGGGCGCGGTTGCTGATGCCTGTAATTCCAGCACTTTGGGAGGCCGAGGTGGGTGGATCACGAGGTCAGGAGTTCAAGACCAGCCTGGCCAGCATGGTGAAACCCCGTCTCTACTGAAAATACAAAAATTAA","GCAGGGCGCAGTTGCTGATGCCTGTAATTCCAGCACTTTGGGAGGCCGAGGTGGGTGGATCACAAGGTCAGGAGTTCAAGACCAGCCTGGCCAGCATGGTGAAATCCCGTCTCTACTGAAAATATAAAAATTAA"
"chr7","59649490","59649787","chr19","23793472","23793759","16","35856018","GCCTGGTGCGGTGGCTCACACCTTTAATCCCAGCACTTTGGGAGGCTGAAGAGGGTGGATCATGAGGTCAGGAGTTCGAGACCAGCCCGGCCAACATGGTAAACTCTGTCTCTACTAAAAATACAAGAATTATCCAGGCGTGGTAGTGGGCACCTGTAATCCCAGCTAATTGGGAGGCTGAGGCAGGAAAATCACTTGAACCTGGAAGGCGGAGGTTGCAGTGAGCCGAGATCGTGCCACTGCACTCCAGCCTGGTCAAGAAGAGCAAAACTCTGTCTCAAAAAAAAAAATTAAAAAA","GCCTGGTGCGGTGGCTCACACCTGTAATCCCAGCACTTTGGGAGGCCGAAGAGGGTGGATCATGAGGTCAGGAGTTCGAGACCAGCCCGGCCAGCATGGTAAACTCTGTCTCTACTAAAAATACAAGAATTATCCAGGCGTGGTAGTGGGCGCCTGTAATCCCAGCTAATTGGGAGGCTGAGGCAGGAAAATCACTTGAACCTGGAAGGCAGAGGTTGCAGTGAGCCGAGATCGTGACACTGCACTCCAGCCTGGTCAAGAAGAGCAAAACTCTGTCTCAAAAAAAAA"
"chr7","62896179","62896489","chr5","15255661","15255963","43","47640518","GGCCGGGCACAGTGGCTCATGCCTTTAATCCCAGCACTTTGGGAGGCCGAGGTGGGCGGATCACAAGGTCAGGAGTTCCAGGCCAGCCTGGCCAACATGGTGAAACCCCGTCTGTACTAAAAACACAAAAATTAACCGGGTCTGGTGGTGGGCTCCTGTAATCCCCGCTATTCGGGAGGCTGAGGCAAAAGAATCGCTTTAATCTGGAAGGCAGAGGTTGCAGTGAGCCAAGATCGTGCCACTGTACTCCAGTCTGGACGAAAAGAGTGACACTCCATGTCAGAAAAAAAAAAAAAAAAAAAAGAAAGAAA","GCCGGGCGCGGTGGCTCACGCCTCTAATCCCAGCACTTTGGGAGGCTGAGGCGGGTGGATCACGAGGTCAGGAGTTCAAGACCAGCCTGGCCAACATGGTGAAACCCCGTCTCTACTAAAAATACAAAAATTAGCCAGGCGTGGTGGTGGGCACCTGTAATCCCAGCTATTTGGGAGGCTGAGGCAGGAGAATCGCTTGAAACAGGAAGGCAGAGGTTGTGGTGAGCCGAGATCGCACCACTGTACTCCAGCCTGGGCGAAAGACTGAAACTCCATCTCAAAAAGAAAAAAAAAAAAAAGAAA"
"chr7","63798153","63798462","chr7","63269092","63269402","5","529061","GGCCCGGCACGGGGGCTAACGCCTGTAATCCCAGCACTTTGGGAGGCTGAGGCAGGTGGATCACAAGATCAGAAGTTCAAAACCAGCCTGGCCAAGATGGTAAAACCCCACCTCTACAAAAAATACAAAAATTAGGCAGATATGGTGGCAGGTGCCTGTAATTCCATCTACTCGGCAGGCTGAGGAAGGAGAATCGCTTGATCCCACAAGGCAGAGGTCGCAGTGAGCTGAGATCTAGCTACTGCATTCCAGCCTGGGCAGCAAGAGTGAAACTCTGTCTCAAAAACTCCCCCAAAAAAACAAAACAAAA","GGCCCGGCATGGGGGCTAACGCCTGTAATCCCAGCACTTTGGGAGGCTGAGGCAGGTGGATCACGAGGTCAGAAGTTCAAAACCAGCCTGGCCAAGATGGTAAAACCCCACCTCTACAAAAAATACAAAAATTAGGCAGATATGGTGGCAGGTGCCTGTAATTCCATCTACTCGGCAGGCTGAGGAAGGAGAATCGCTTGATCCCACAAGGCAGAGGTCGCAGTGAGCCGAGATCTAGCTACTGCATTCCAGCCTGGGCAGCAAGAGTGAAACTCTGTCTCAAAAACTCCCCCCAAAAAAACAAAACAAAA"
"chr7","63929958","63930253","chr7","63415942","63416235","11","514016","GGCCAGGCACAGTGGCTCACGACTATAATCCCAGCACTTTGGGAGGCCAAGACGGGCGGATCATGATGTCAGGAGTTCAAGACCAGCCTGGCTAACATGGTGAAATCCTGTCTCTACTAGAAATACAAATATTAGCTGGGCATGGTGGCGGGTGCCTGCAATCCCACCTACTCAGGAGGCTGAGACAGGAGAATTGCTTGAAACCAGAAGGCGGAGTTTGCAGTGAGCTGAGATCATGCCACTGCACTCCAGCCTGGGCGAAAGAGTGAAACTCTGTCTACAAAAAAAAAAAAAAA","GGCCAGGCACAGTGGCTCACGACTATAATCCCAGCACTTTGGGAGGCCAAGACGGGCGGATCATGATGTCAGGAGTTCAAGACCAGCCTGGCTAACATGGTGAAATCCCGTCTCTACTAGAAATACAAATATTAGCTGGGCATGGTGGCGGGTGCCTGCAATCCCACCTACTCAGGAGGCTGAGACAGGAGAATTGCTTGAAACCAGAAGGCGGAGTTTGCAGTGAGCTGAGATCATGCCACTGCACTCCAGCCTGGGCAACAGAGCTAAAACTCCATCTGAAAAAAAAAAAAA"
"chr7","64645288","64645587","chr7","64765308","64765606","6","120020","GGTTGGGTGTGGTGGCTTGCACCTGTAATCCCAGCACTTTGGGAGGCTGAGGCGGGCAGATTACGAGGTCAGGAGGTCGAGACCAGCCTGGCCAACATGGTGAAACCCCATCTCTATTTAAAAATACAAAAATTAGCCGGGTTTGGTGGCAGGTGCCTGTAATCCCAGCTACTCGGGAGCCTGAGGCAGGAGAATCACTTGAAACTGGAAGGCAGAGGTTGCAGTGAGCCGGGATCCCGCCACTGCACTCCAGCCTGGGTGAAAGAGTGAAACTCCGTCTCAAAAAACAAACAAAAAAAA","GGCTGGGTATGGTGGCTTGCACCTGTAATCCCAGCACTTTGGGAGGCCGAGGCGGGCAGATTACGAGGTCAGGAGGTCGAGACCAGCCTGGCCAACATGGTGAAACCCCATCTCTATTAAAAATACAAAAATTAGCCGGGTTTGGTGGCAGGTGCCTGTAATCCCAGCTACTCGGGAGCCTGAGGCAGGAGAATCACTTGAAACTGGAAGGCAGAGGTTGCAGTGAGCCGAGATCCCGCCACTGCACTCCAGCCTGGGTGAAAGAGTGAAACTCCATCTCAAAAAACAAACAAAAAAAA"
"chr7","64910051","64910353","chr7","64227122","64227430","14","682929","GCCAGGTGCGGTGGCTCACGCCTGTAATCCCAGCACTTTGGGAGGCCGAGGCGGGTGGATCACAAGGTTAGGAGTTCAAGACCAGACTGGCCAAGATGGTGAAATCCCATCTCTACTAAAAATACAAAAATTAGTCTGGCGTGGTGGCACGCGCCTGTAATCCTAGCTACTCGGGAGGCTAAGGCAGAAGAATTGCTTGAAACCGGGAAGCGGAGGTTGCAGTGAGCCGAGATCGCACCATTGCACTCCAGCCTGGGCAATAAGAGAGAAACTCCGTCTTAAAAGAAAAGAAAAGAAAAGAAA","GCCAGGCGCGGTGGCTCACGCCTGTAATCCCAGCACTTTGGGAGGCTGAGGTGGGTGGATCACAAGGTTAGGAGTTCAAGACCAGCCTGGCCAAGATGGTGAAATCCCGTCTCTACTAAAAATACAAAAATTAGTCTGGCGTGGTGGCAAGCGCCTGTAATCCTAGCTACTAGGGAGGCTAAGGCAGAAGAATTGCTTGAAACCGGGAAGCGGAGGTTGCAGTGAGCCGAGATCGCACCATTGCACTCCAGCCTGGGCAATAAGAGAGAAACTCCGTCTTTAAAAAAAAAAAAAAGAAAAGAAAAGAAA"
"chr7","73476455","73476590","chr7","65306221","65306356","1","8170234","TACAAAAATTAGCTGAGCATTGTAGCAGGTGCCTGTAATCCTAGCTCCTCAGGAGGCTGAGGCAGGAGAATTGCTTGAAACGGGAGGTTGGGTTGCAGTGAGCCAAGATTGCACCATATCAACTGCATACCAACTT","TACAAAAATTAGCTGAGCATTGTAGCAGGTGCCTGTAATCCTAGCTCCTCAGGAGGCTGAGGCAGGAGAATTGCTTGAAATGGGAGGTTGGGTTGCAGTGAGCCAAGATTGCACCATATCAACTGCATACCAACTT"
"chr7","73479666","73479967","chr7","65309449","65309756","7","8170217","GGCCAAGCGCTGTGGCTTACACCTGTAATCCCAGCACTTTGGGAGGCCGAGGTGTGTGGATCACGAGGTCAGCAGTTCGAGACCAGCCTGACCAACATGGTGAAACCCCGTCTCTACTAAAAATACAAAAAAATTAGCTGGGCATGGTGGCGGGCACCTGTAATCCCAGCGACTTGGGAAGCTGAGGCAGGAGAATCGCTTCAAACTGGAAGGCAGAGGTTGCAGTGAGCCAAGATTGCACCACTGCACTCTAGCCTGGGCAATAAGAGCAAAACTTTGTCTCAAAAAAAAAGAAAAAAAAA","GGCCAAGCGCTGTGGCTTACACCTGTAATCCCAGCACTTTGGGAGGCCGAGGTGTGTGGATCACGAGGTCAGCAGTTCGAGACCAGCCTGACCAACATGGTGAAACCCCGTTTCTACTAAAAATACAAAAAAATTAGCTGGGCATGGTGGCGGGCACCTGTAATCCCAGCGACTTGGGAAGCTGAGGCAGGAGAATCGCTTCAAACTGGAAGGCAGAGGTTGCAGTGAGCCAAGATTGCACCACTGCACACTCTAGCCTGGGCAATAAGAGCAAAACTTTGTCTCAAAAAAAAAAAAGAAAAAAAAAA"
"chr7","73548198","73548382","chr14","83060606","83060790","27","9512408","GGCCGGACGCGGTGGCTCACGCCTGTAATCCCAGCACTTTGGGAGGCCGAGACAGGTGGATCACGAGGTCGGGAATTCAAGACCATCCTGGCCAGCATGGTGAATCCCGTCTCTACTAAAAATGCAAAAATTAGCCGGGCGTGGTGGCGGGCACATGTAATACCAGCTATTCGGGAGGTTGAGGC","GGCCAGGTGCGATGGCTCATGCCTGTAACCCCAGCACTTTGGGAGGCCGAGGTGGGTGGATCACAAGGTCAGGAGTTCAAGACCACCCTGGCCAATATGGTGAAGCCCCGTCTCTACTAAAAACAAAAAAATTAGCCGGGCATGGTGGCGGGCACCTGTAATCCCAGCTACTCAGGAGGCTGAGG"
"chr7","73647171","73647409","chr2B","89507487","89507761","67","15860316","GTAATCCCAGCACTTTGGAAGTCCGAGGCGGGCCAATCACAAGGTCAGGAGTTCGAGCCCAGCCTGGCCAACCTGGTGAAACCCTGTTGTGGTGGTGGGCACCTGTAATCCCAGCTACTGGGAGACTGAGGCAGGAGAATCACTTGAAACCGGAAGGTGGAGTTTGCAGTGAGCCGAGATCGCGCCACTGCACTCTAGCCTGTGGAAGAAGAGTGAAACTCTGTCTACAAAAAAAAAAA","GTAATCCCAGCACTTTGGGAAGCCGAGGCAGGCGGATCACGAAGTCAGGAGTTTGAGACCATCCTGGCTAACATGGTGAAACCCCGTCTCTACTAAACATACAAAAATTAGCCGGGCATGGTGGCAGGCGCCTGTAGTCCCAGCTACTCGGGAGGCTGAGGCAGGAGAATCGCTTGAAACCAGAAGGCCGAGGTTGCAGTGAGCCGAGATCCTGCCACTGCACTCCAGCCTGGGCAACAAGAGCGAAACTCCGTCTCAAAAAAAAAAAAAAAGAA"
"chr7","73786888","73787127","chr4","102918608","102918845","72","29131720","GGCTGGGTGAGGTGGCTCACGCCTGTAATCTCAGCGCTTTGGGAGTCCGAGGTGGACGGATCACAACAAGGTCAGGAGTTCGAGCCCAGCCTGGCCAACATGGTGAAACCCTGTCTCTACTAAAAATACAAAAATTAGCCAGGCNNNNNNNNNNNNNNNNNNNNTTGCAGTGAGCCGAGATCATGCCACTGCACTCCAGCCTGGGGAACAAGAGTGAAACTCTGTCTAAAAAAAAAAAAA","GCTGGGCACGGTGGCTCATGCCTGTAATCCCAGCACTTTGGGAGGCTGAGGCGAGTGGATCACGAGGTCAGGAGATTGAGACCAGCCTGGCCAGCATGGTGAAACCCCGTTTCTACTGAAAATACAAAAATTAGCTGGGCATGGTGGTGGGCACCTGTAATCCCAGGTACTCGGGCCATTGCACTCCAGCCTGGGCAACAAGAGCAAAACTCCATCTCAAAAAAAAAAAAAAAAAAAA"
"chr7","74979966","74980242","chr7","66484625","66484932","39","8495341","GGCCAGGCACGGTGGCTCACACCTGTAATCCCAGAACTTTGGGAGGCTGATGTGGGCAGATCACGAGGTCAGGAGTTCGAGACCAGCCTGGTCAACATGGTGAAACCCAATCTCTACTAAAAATACAAAAATTAGCTGGGCTTGATGGCAGGCACCTATAACACGCTGCTCGGGAGGCTGAGGCAGGAGAATTGCTTGAAACCAAAAGGCAGAGGTCGCAGCGAGCCAAGATCGCACCACTACACTCCAGCCTGGGTGAAAGAACGAAACTCCGTCT","GGCCAGGCACGGTGGCTCACGCCTGTAATCCCAGAACTTTGGGAGGCCGATGTGGGCGGATCATGAGGTCAGGAGTTTGAGACCAGCCTGGTCAACATGGTGAAACCCAATCTTTACTAAAAATACAAAAATTAGCTGGGCTTGATGGCAGGCACCTATAACGCGCTGCTCGGGAGGCTGAGGCAGGAGAATTGCTTGAAACCAAAAGGCAGAGGTCGCAGTGAGCCAAGATCGCACCACTACACTCCAGCCTGGGTGAAAGAACGAAACTCCGTCTCAAAAAAAAAAAAAAAAAAAAAAAAAAAAAA"
"chr7","76116249","76116553","chr7","67099454","67099760","9","9016795","GGCCCGGCATGGTGGCTCACGCCTGTAATCCCAGCACTTTGGGAGGCTGAGGTGGGCAGATCAAGAGGTCAGGAGTTTGAGACCAGCCTGGCCAACATGGTGAAATCCCGCCTCTACTAAAAACACAAAAATTAGCTGGGCATGTTGGTGGATGCCTATAATCCCAGCCACTCAGGAGGCTGAGGCAGGAGAATCGCTTGAAGCTGGAAGGTGGAGGTTGCAGTGAGCCAAGATTGTGCCACTGTGCTCCAGCCTGGACAACAACAGCGAAACTCCATCTAAAAAAAATAAAGTAAAATAAAAAA","GGCCCAGCATGGTGGCTCACGCCTGTAATCCCAGCACTTTGGGAGGCTGAGGTGGGCAGATCAAGAGGTCAGGAGTCTGAGACCAGCCTGGCCAACATGGTGAAATCCCGTCTCTACTAAAAACACAAAAATTAGCCAGGCATGTTGGTGGATGCCTATAATCCCAGCCACTCAGGAGGCTGAGGCAGGAGAATCGCTTGAAGCTGGAAGGTGGAGGTTGCAGTGAGCCAAGATTGTGCCATTGCGCTCCAGCCTGGACAACAACAGCGAAACTCCATCTAAAAAAAAATAAAGTAAAATAAAAAAA"
"chr7","76401411","76401638","chr1","53302817","53303032","46","23098594","CTGAGGTGGATGGATCAAGAGGTCAGAAGTTCGAGACCAGCCTGTCCAACATGGTGAAAACCCATCTCTACTAAAAATACAAAAATTAGCCAGACATGGTGATGGGTGCCTGTAATCCCAGCTACTCAGGAGGCTGAGGCAGGAGAATCGCTTGAAACTAGAAGGCAGGTTGCAGTGAGCCAAGATCATGCCACTGCACTCCAGCCTGGGCAACAAGAGTGAAACTTC","CGGATCACGAGGTCAGGAGTTCGAGACCAGCCTGGCTGATATGGTGAAACCCCATCTCTACTAAAAATACAAAAATTAGGCGGGCATTGTGGTGGGCGCCTGTAATCCCAGCTATTCGGGAGGCTGAGGCAGGAGAATTGCTTGAAACCGTAAGGCAGAGGTTGTGGTGAGCCAAAATCGCGCCACTGCACTCTAGCCTGGATGAAAGAGCAAAAC"
"chr7","79814547","79814847","chr7","70867824","70868125","17","8946723","GGCCGGGCACGGTGGCTCATGCCTGTAATCCCAGCATTTTGGGAGGCTGAGGTGGGCAGATCACGAGGTCAGGAGTTCGAGACCAGCCTGGCCAACATGGTGAAACCCCGTCTCTACTAAAAATACAAAAATTAGCTGGGCGTGGTGGCAGGAACCTATAGTCACAGCTACTCGGGAGCCTGAGGCAGGAGAATCACTTGAAACTGGAAGGCAGAGGTTGCAGTGAGCCAAGATGGCGCCACTCCAGCCTGGGCGATAGAACGAAACTGTGTCTCAAAAAACAAACAAATGAACAAAAAAA","GGCCAGGCACGGTGGCTCATGCTTGTAATCCCAGTACTCTGGGAGGCCGAGGCGGGCAGATCACGAGATCAGGAGTTCGAGACCAGCCTGACCAACATGGTGAAACCCCGTCTCTACTAAAAATACAAAAATTAGCTGGGCGTGGTGGCGGGCACCTATAATCCCAGCTACTTGGGAGCCTGAGGCAGGAGAATCACTTGAAACTGGAAGGCAGAGGTTGCAGTGAGCCGAGATGGCGCCACTCCAGCCTGGGCGATAGAACGAAACTCTGTCTCAAAAAAACAAACAAATGAACAAAAAAA"
"chr7","80391970","80392262","chr7","71461090","71461380","17","8930880","GGCCGGGTGCAGTGGCTCACGCCTGTAATCCCAGCACCTTGGGAGGCCGAGGCAGGTGGATCACGAGGTCAGGAGTTCGAGACCAGCCTGGCCAACATGGTGAAACCCTGTCTCTACTAAAAATACAAAAATTAGCTGGGCATGTTGGTGGGCACCTGTAATCCCAGCTACTCGGCAGGAGGATCACTTGAAACCAGAAGGTGGAGGTTGCAGTGAGCTGAGATGGCGCCACTACACTCTAGGCTGAGGTAAAGAGCAGAGCTCTGTCTAAAAAAAAGAAAGAAAGAAAACAA","GGCCGGGTGCGGTGGCTCACGCCTGTAATCCCAGCACCTTGGGAGGCCGAGGCAGGCGGATCACGAGGTCAGGAGTTCGAGACCAGCCTGGCCAACATGGTGAAACCCCGTCTCTACTAAAAATACAAAAATTAGCTGGGCATGTTGGTGCGCACCTGTAATCTCAGCTACTTGGCAGGAGGATCACTTGAAACCAGAAGGTGGAGGTTGCAGTGAGCTGAGATGGCGCCACTACACTCCAGGCTGAGGTAAAGAGCTTTGTTCTAAAAAAAAAAGAAAGAAAGAAAGAAA"
"chr7","80420892","80421176","chr4","114450961","114451254","37","34030069","GGCCAGGCGCGGTGGCTCATGCCTGTAATCCCAGCATTTTGGGAGGCTGAGGCGGGCAGATCATGAGGTCAGGAGTTTGAGACCAGCCTGGCCAACATGGAGAAACCCCGTCTCTACTAAAAGTACAAAAATTAGTGGTGGGCGCCTGTGATCGCAGCTACTCAGGAGTCTGAGGCAGGAGAATCACTTGAACCTGGAAGGCAGAGGTTACAGTGAACCAAGATCATGCCACTGCACTCCAGCCTGGGCAAAAGAGTGAAACTCCGTCTACAAAAAAAAAAAAAA","GGCCAGGTGCGGTGGCTCACGCCTGTAATCCCAGCACTTTGGGAGGCCAAGGCGGGCAGATCATGAGGTCAGGAGTTTGAGACCAGCCTGGCCAACATGGTGAAACCCCGTCTCTACTAAAAATAGAAAAATTAGCTGGGCATGGTGGCCGGCACCTTTAATCCCAGCTACTCAGGAGGCTGAGGCAGGAGAATAGCTTGAAACCGGAAGGCGGAGGTTGCAGTGAGCTGAGATCTCGCCACTGCACTCCAGCCTGGGCAAAAGAGCGAAACTCCACCTCAAAAAAAAAAAAAA"
"chr7","80557682","80557986","chr2A","20557789","20558089","33","59999893","GGCTGGGTGCGGTGGCTCACGCCTGTAATCCCAGCACTTTGGGAGGCTGAGTCAGGCGGATCACGAGGTCAGGAGTTCAAGACCAGCCTGGCCAACACGGTGAAACCCCGTCTCTACTAAAAATACAAAAATTAGCCAGGTGTGGTGGCAGGCGCCTGTAATCCCAGCTACTTGGGAGGCTGAGGCAGGAGAATTGCTTGAAACTGGAAGGCCGAGGTTGCTGTGAGCAGAGATCCAGCCACTGCACTCCAGCCTGGGCGAAAGAGCGAAACTCTGTCTCAAAACAAAAATAATTTTAAAAAAAA","GGCCGGGCACGGTGGCTCACGCCTGTAATCCCAGCACTTTGGGAGGCCGCGGCGGGCGGATCACAAGGTCAGGAGTTCGAGACCAGCCTGGCCAACATGATGAAACCCCGTCTCTACTAAAAATACAAAAAGTAGCCGGATGCGGTGGCAAGCGCCTGTAATCTCAGCTACTTGGGAGGCTGAGGCAGGAGAATCGCTTGAAACCGGAAGGCGGAGGTTGCAGTGAGCAGAGATCGTGCCACTGAACTCCAGTCTGGGCGAAAGAGCGAAACTCCATCTCAAAAAAAAAAAAAAAAAAAAA"
"chr7","80873953","80874257","chr1","9779559","9779862","51","71094394","GGCTGGGCGCGGTGGCTCACGCCTATAATCCCAGCACTTTGGGAGGCCAAGGCGGGAGAATCAAGAGGTCAAGAGTTTGAGACCAGCCTGCTCAACATGGCAAAACCCTGTCTCTACTAAAAAATACAAAAAATTAGCCGGGCGTGGTGGTGGGCACCTGTAATCCCAGCTACTTGGGAGGATGAGGCAGGAGAATCGCTTGAACCCAGAAGGCGGAGCTGAGATAGCGCCACTGCACTCCAGCCTGGGCGACAAGAGTGAAACTCCATCTCATAAATAAATAAACAAACAAACAAACATAAAAA","GGCTGTGCGCGGTGGCTCACACCTGTAATCCCAACACTTTGGGAGGCTGAGGCGGGAGGATCATGAGGTCAGGAGTTCGAGACCAGCCTGGCCAACATGGTGAAACCCAGTCTATACTAAAAATACAAAAATTAGCCAGGCGTGGTGGCAGGCGCCTGTAATCCCAGCTAATTGGGAGGCTGAGGCAGGAGAATAGCTTGAAACCAGAAGGCGGAGGTTACAGAGAGTCGAGATCGTGCCATTGCACTCCAGCCTGGGTGACAAGAGCGAAACTCCATCTCAAAAAAAAAAAAAAAAAAAAAAA"
"chr7","81415751","81415954","chr7","72872595","72872798","4","8543156","GGCCAGGCACGGTGGCTCATGCCGGTAATCCCAGCACTTTGGGAGGCCAAGGTGGGTGGATCACAAGGTCAGGAGTTCAAGACCGGCCTGACCAACATGGTGAAAACCCCGTCTCTCACTAAAAACACAAAAATTAGCTGGGCATGGTCGCGGGCGCCTGTAATCCCAGCTACTTAGAAGGCTGAGGCAGGAGAAACGCTTGAA","GGCCAGGCACGGTGGCTCATGCCTGTAATCCCAGCACTTTGGGAGGCCAAGGTGGGTGGATCACAAGGTCAGGAGTTCAAGACCAGCCTGACCAACATAGTGAAAACCCCGTCTCTCACTAAAAACACAAAAATTAGCTGGGCATGGTCGCGGGCGCCTGTAATCCCAGCTACTTAGAAGGCCGAGGCAGGAGAAACGCTTGAA"
"chr7","81708855","81709151","chr17","10788822","10789119","28","70920033","GGCCTGGTGCTGTGGCTCACGCCTGTAATTCCAGCACTTTGGGAGGCCGAAGTAGGCAGATCACGAGGTCAGGAGTTCGAGACCAGCCTGTCCAACATGGTGAAACCCCGTCTCTACTAAAAATAAAAAATTAGCTGGGCATGGTGGCGGGTGCCTCTAATCCCAGCTACTCGGGAGGCTGAGGCAGGAGAATCGCTTGAAACTGGAAGGCGGAGGTTGCAGTGAGCCAAGATCACGCCGTTGCACTCCAGCCTGGGCAACAAGAGTGAAACTCCGTCTCAGAAAAAAAAAAAAGAA","GGCCAAGCACGGTGACTCACGCCCGTAATCCCAGCACTTTGGGAGGCTGAGGTGGGCAGATCATGAGGTCAGGAGTTCGAGACCAGCCTGGCCAACATGGTGAAACCCCGTCTCTACTAAAAATACAAAAATTAGCCGGGCGTGGTGGCAGGCGCCTGTAATCCCAGCTACTCGGGAGGCTGAGGCAGGAGAATCACCTGAAACCAGAAGGCGGAGGTTGCAGTGAGCCAAGATCACCCCACTGCACTCCAGCCTGGGCAACAAGAGTGAAACTCCGTCTCAAAAAAAAAAAAAAAAA"
"chr7","83557428","83557559","chr10","115828273","115828400","24","32270845","TACTTAGGAGGCTGAGGCAGGAGAATCTCTTCAAACTGGAAGGTGGAAGTTGCAGTGAGCCAAGATTGCACTACTGTACTCTAGTCTGGGCAATGAGAGCAAAACTCCGTCTCAAAAAAAAAAAAAAAAAAA","CTCCTCAGGAGGCTGAGGCAGGAGAATCACTTGAAACCGGAAGGGGGAGATTGCAGTGAGCCGAGATCATGCCACTGCACTCCAGCCTGGGCAAAAGAGCGAAACTCCGTCTAAAAAAAAAAAAAAAA"
"chr7","83719168","83719310","chr19","44795094","44795233","19","38924074","TACTCGGGAGGCTGAGACAGGAGAATCACTTGAAACCAGAAGGCAGAGGTTGCAATGAGCCGAGATCATGCCATTGCACTCCAGCCTGGGCAACCACAGTGAAACTCTCTGTCTCAAAAAAAAAAAAGAAAGAAAAAGAAAAA","ACTCGGGAGGCTGAGGCAGGAGAATCGCTTGAAACCGGAGGGCAGAGGTTGCAGTGAGCCGAGATCGCGCCACTGCACTCCAGCCTGGGCAACAAGAGCGAAACTCCATCTCAAAAAAAGAAAATAAAATAAAAGAAAAA"
"chr7","86643244","86643572","chr7","97332703","97333031","9","10689459","GGCCGGGCACGGTGGCTCACACCAGTGGTCCCAGCAGTTTCGGAGGCCAAGGCGAGTGGATCACGAGGTCAGCAGTTCTAGACCAGCCTGACCAACATGGTCAGGCTGACCATGAGACAGGAGTGAAACCCCGTCTCTACTAAAAATACAAAAAAAAATAACTGGGCATGGTGGCGGGCACCTGTAATCCCAGCGATTTAGGAGGCTGAGGCAGGAGAATCACTTGAAACCAGAAGGCGGAGGTTGCAGTGAGCCGAGATTGCACCACTGCACTCTAGCCTGGGCAATAAGAGCAAAACTCCATCTCAAAACAAAACAAAACAAAAAAA","GGCCGGGCACGGTGGCTCACGCCGGTGGTCCCAGCACTTTGGGAGGCCAAGGCGGGTGGATCACGAGGTCAGCAGTTCTAGACCAGCCTGACCAACATGGTCAGGCTGACCATGAGACAGGAGTGAAACCCCGTCTCTACTAAAAATACAAAAAAAATTAGCTAGGCATGGTGGCGGGCACCTGTAATCCCAGCGATTTAGGAGGCTGAGGCAGGAGAATCACTTGAAACCGGAAGGCGGAGGTTGCAGTGAGCCGAGATTGCACCACTGCACTCTAGCCTGGGCAATAAGAGCAAAACTCCATCTCAAAACAAAACAAAACAAAAAAA"
"chr7","87605131","87605426","chr7","96361576","96361876","12","8756445","GGCTGGGCACAGTGGCTCGCGCCCATAATCCCAGCACTTTGGGAGGCTGAGGCAGGCAGATCACGAGGTCAAGAGTTTCAGGCCAGCCTGGCCAAGATAGTGAAACCTCGTCTCTACTAAAAATACAAAAAATTAGCCAGGCATGGTGGTGGGCACCTGTAATCCCAGCTACTTGGGAGGCTGAGGCAGGTGAATCGCTTGAACCCAGAAGGTGGAGGTTGCAGCGAGCAGAGATCATGCCATTACACTCCAGCCTCAGAAACAAAAGCGAGACTCTATCTCAAAAAAAAAAAAAA","GGCTGGGCACAGTGGCTCACGCCCATAATCCCAGCACTTTGGGAGGCTGAGGCAGGCAGATCACGAGGTCGAGAGTTTGAGGCCAGCGTGGCCAAGATAGTGAAACCTCGTCTCTACTAAAAATACAAGAAATTAGCCAGGCATGGTGGTGGGCACCTGTAATCCCAGCTACTTGGGAGGCTGAGGCAGGTGAATCGCTTGAACCCAGAAGGTGGAGGTTGCAGCGAGCAGAGATCATGCCATTACACTCCAGCCTGAGAAACAAAAGCGAGACTCCATCTCAAAAAAAAAAAAAAAAAAA"
"chr7","95340941","95341182","chr5","164584794","164585039","49","69243853","CTTTGGGAGGCCGAGGCAGGAGGATCACAAGATCAGGAGTTCAAGACCAGCCTGGCTAACATGGTGAAACCCCATCTCTACTAAAAATAATAATAATAAAAAAATAGCCAGGTGTGGTGGAAGGCCCAGCTACTTGGGAGGCTGAGGCAGGAAAATCACTTGAAACTGGAAAGTGGAGGTTGCAGTGAGCTGAGATCGCACCTTTGCACTCCAGCCTAGGCGAAAGAGCGAAACTCTGTCTC","GCACTTTGGGAGGCCAAGGCGGGTGGATCATGAGGTCAGGAGTTCGAGACCAGCCTGGCCAACATGGTGAAACCCCGTCTCTACTAAAAATACAAAAATCAGCCACATGTGTTGGGGGGTGCCTGTAATCCCATCTACTCGGGAGGCTGAGGCAGGAGAATTGCTTGAAGCTGGAAGGCAGAGGTTGCAGTGAGCCGAGATAGCGCCACTGCACTCCAGCCTAGGCGAAAGAGCGAAACTCCATCT"
"chr7","97698597","97698782","chr11","126036905","126037089","23","28338308","GGCCAGGCGTGGTGCCTCATGCCTGTAATCCCAGCACTTTGGGAGGCCAAGGCAGGCGAATCACAAGGTCAGGAGATCGAGACCAGCCTGGCCAACATGGTGAAACCCTATCTCTACTAAAAAAACAAAAATTAGCTGGGCGTAGTGGCAGGCACCTGTAGTCCCAGCTACTTGGGAGTCTGAGGC","GGCTGGGCGTGGTGGCTCACACCTGTAATCCCAGCACTTTGGGAGGCCAAGGCGGGCAGATCACAAGGTCAGGAGTTCGAGAACAGCCTGGCCAATATGGTGAAACCCCATCTCTACTAAAAATACAAAAATTAGCCAGGCGTGGTGGCAGGTGCCTGTAATCCCAGCTACTTGGAAGGCTGAAG"
"chr7","97707986","97708149","chrX","3272734","3272899","19","94435252","GGCCAGGTGCGGTGGCTCATGCCTGTAATCCCAGCACTTTGGGAGGCCAAGGCGGGTGGATCACGAGGTCAGGAGTTCAAGACCAGCCTAGCCAACATAGTGAAACCCCGTCTCTACTAAAATACAAAAATTAGCCAGGCATGGTGGCAGGTGCCTGTAATCCC","GGCCGGGTGCGGTGGCTCAAGCCCATAATCCCAGCACTTTGGGAGGCCGAGGCGGACAGATCACGAGGTCAGGAGTTTGAGACCAGCCTGACCAACATAGTGAAACCCCGTCTCTACAAAAAATACAAAAATTAGCCAGGCGTGGTGGCGGGCACCTGTAATCCCA"
"chr7","97739593","97739887","chr7","86010760","86011057","11","11728833","GGCTAGGCATGGTGGCTCACACCTGTAATCCCAGCACTTTGGGAGGCCCAGGCGGGCAGATCACAAGGTCAGGAGATGGAGACCATCCTGCCCAACATGGTGAAACCCCGTATCTACTAAAAATACAAAAATTAGCCCGGCGTGGTGCTGGGCGCCTGTAGTCCCAGCTACTCAGGAGGCTGAGGCAGAAGCATCACTTGAACCCAGAAGGCAGAAGTTGCAGTGAGCCAAGATCACACCACTGCACTCCAGCCTGGGCAACAAGAGCAAAAACTTCATCTCAAAAAAAAAAAAA","GGCTAGGCATGGTGGCTCACACCTGTAATCCCAGCACTTTGGGAGGCCCAGGCGGGCAGATCACAAAGTCAGGAGATGGAGACCATCCTGCCCAACATGGTGAAGCCCCGTCTCTACTAAAAATACAAAAATTAGCCCGGCGTGGTGGTGGGCGCCTGTAGTCCCAGCTACTCAGGAGGCTGAGGCAGAAGCATCACTTGAACCCAGAAGGCAGAGGTTACAGTGAGCCAAGATCACACCACTGCACTCCAGGCTGGGCAACAAGAGCAAAAACTCCATCTCAAAAAAAAAAAAAAAA"
"chr7","100875778","100876073","chr7","82818957","82819254","8","18056821","GGCCAGGCACGGTGGCTCACGCCTGTAATCCCAGCACTTTGGGAGGCTAAGGCGGGTGGATCACGAGGTCAGGAGTTAGAGACCAGCCTGGCCAACATGGTGAAACCCCATCTCTACTAAAAATACAAAAATTAGCTGGGCGTGGTGGTGGGCGCCTGTAATCTCAGCTACTCGGGAGGCTGAGGCCAGAGAATCGCCTGAAACCAGAAGGCAGAGGTTGCACTGAGCCGAGATCGTGCCACTGCACTCCAGCCTGTGCAACAAGAGCGAAACTCCATCTCAAAAAAAAAAAAAAA","GGCCAGGCGTGGTGGCTCACGCCTGTAATCCCAGCACTTTGGGAGGCTAAGGTGGGTGGATCACGAGGTCAGGAGTTAGAGACCAGCCTGGCCAACATGGTGAAACCCCATCTCTACTAAAAATACAAAAATTAGCTGGGCGTGGTGGTGGGCGCCTGTAATCTCAGCTACTCGGGAGGCTGAGGCCAGAGAATCGCCTGAAACCAGAAGGCAGAGGTTGCACTGAGCTGAGATCGTGCCACTGTACTCCAGCCTGTGCAAGAAGAGCGAAACTCCATCTCAAAAAAAAAAAAAAAAA"
"chr7","102698448","102698692","chr1","27658112","27658351","35","75040336","GGCCAGGCGCAGTGGCTCACGCCTGTTATCCTAGCACGTTGGGAGGCCAAGGCAGGCAGATCACAAGGTCAGGAGTTCAAGACCAGCCTGGCCAATAGGGCGAAACCCTGTCTCTACTAAAAACACAAAAATTAGCTGGGCATGGTGGCGGGTGCCTGTAATCCCAGCTACTTGGGAGGCTGAGGCAGGAGAATCACTTGAAACCGGAAGGCTGAGGTTGCAGTGAGCCGAGATTTCACTGCACT","GGCCAGGTGCAGTGGCTCACGCCTGTAATCCCAGCACTTTGGGAGGCCAAGGTGGGCGGATCACGAGGTCAGGAGTTCAAGACCAGCCTGGCCAACATGGTGAAACCCTGTCTCTACTAAAAACACAAAAATTAGCTGGGCGTGCGGGCACCTGTAATCCCAGCTACTTGGGAGGCTGAAGCAGGAGAATTGCTGCAACTGCGGAGGTTGCAGTGAGCCGAGATTGCGCCACTGCACTCC"
"chr7","103724456","103724754","chr7","79824634","79824935","12","23899822","GGCTGGGTGCGGTGCCTCACACCTGTAATCCCAGCACTTTGGGAGGCCGAGGCCGGCAGATCACAAGGTCAGGAGTTTGAGACCAGTCTGGCCCACATGGTGAAAACCTGTCTCTATTAAAAATCAAAAATTATCAAGGTGTGGTTGTGTGCGCCTGTAATCTCAGCTACTCGGGAGGCTGAAGCAGGAGAATCGCTTAGAAACTGGAAGGCGGAGTTTGCAGTGAGCCAAGATCATGCCACCACGCTACAGGCTGGGCAACGAGAGCAAAACTCCATCTCAAAAAAAAAACAAAAAAA","GGCTGGGTGCGGTGCCTCACGCCTGTAATCCCAGCACTTTGGGAGGCCGAGGCCGGCAGATCACAAGGTCAGGAGTTTGAGACCAGTCTGGCCCACATGGTGAAACCCTGTCTCTATTAAAAATACAAAAATTATCAAGGCGTGGTTGTGTGCGCCTGTAATCTCAGCTACTCGGGAGGCTGAAGCAGGAGAATCGCTTGAAACTGGAAGGCGGAGTTTGCAGTGAGCCAAGATCATACCACCACACTCCAGGCTGGGCAACGAGAGCAAAACTCCATCTCAAAAAAAAAAAAACGAAAAAA"
"chr7","104036805","104037116","chr7","79504972","79505281","12","24531833","GGCTGGGTGCGGTGGCTCACGCCTGTAATCCCTGCACTTTGGGAGGCTGAGGTGGGCAGATCATGAGGTCAGGAGGTCGAGACCAGCCTGGCCAACATGGTGAAATGCTGTCTCTACTAAAAATACAAAAATTAGCCGGGAGTGGTGGTGGGCACCTGTAATCCCAGCTACTTGGGAGGCTGAGGCAGGAGAATTGCTTGAAACCGGAAGGTGGAGGTCACAGTGAGCCGAGATCATGCCATTGCATTCCAGCCTGGGCGAAAGAGCGAAACCCGGTCTACCAAAAAAAAAAAAAAGAAAGAAAGAAAGAAA","GGCTGGGCGCGGTGGCTCACGCCTGTAATCCCTGCACTTTGGGAGGCTGAGGTGGGCAGATCATGAGGTCAGGAGGTCAAGACCAGCCTGGCCAACATGGTGAAACCCTGTCTCTACTAAAAATACAAAAATTAGCCGGGAGTGGTGGTGGGCACCTGTAATCCCAGCTACTTGGGAGGCTGAGGCAGGAGAATTGCTTGAAACCGGTAGGTGGAGGTCACAGTGAGCCGAGATCACGCCATTGCATTCCAGCCTGGGCGAAAGAGCGAAACTCGGTCTCCAAAAAAAAAAAGAAAAGAAAAGAAAGAAA"
"chr7","105528518","105528797","chr7","78018213","78018492","7","27510305","GGCTGGGCGCAGTGGCTCACGCCTGTAATCCCAGCACTTTGGGAGGCCAAGGAGGGCGGATCATGAGGTCAGGAGTTCGAGACCAGTCTGGCCAACATGGTGAAACCCTGTCTCTACCAAAAATACAAAAATTAGCCGAGCATGGTAGCAGAAGCCTATAATCCCAGCTACTCGGGAGGCTGAGGCAGGAGAATCACTTGAAACTGGAATGCGGAGGTTGCAGTGAGCCGATATAGCACCACTGCACTCCAGCCTGGGCAACAAGACCGAAACTCTGTTT","GGCTGGGCGCGGTGGCTCACGCCTGTAATCCCAGCACTTTGGGAGGCCGAGGAGGGCAGATCATGAGGTCAGGAGTTCGAGACCAGTCTGGCCAACATGGTGAAACCCTGTCTCTACCAAAAATACAAAAATTAGCCGAGCATGGTAGCAGAAGCCTATAATCCCAGCTACTCGGGAGGCTGAGGCAGGAGAATCACTTGAAACTGGAATGCGGAGGTTGCAGTGAGCTGATATAGCGCCACCGCACTCCAGCCTGGGCAACAAGACCGAAAATCTGTTT"
"chr7","105958971","105959284","chr7","77560661","77560974","11","28398310","GGCAGGGCACAGTGGCTCACGCCTGTAATCCCAGCACTTTGGGAGGCTGAGGCGGGTGGATCACGAGGTCAGGAGTTTGAGACCAGGCTGACCAACATGGTGAAACCTCATCTCTACTAAAAATACAAAATTAGCTGGGTGTGGTGGCGGGTGCCTGTAATCCCAGCTACTTGGGAGGCTGAGGCAGGAGAATCACTTGAACCCCAAAGGTGGATGTTGCAGAGAGCAGAGATCGTGCCATTGAACGCCAGCCTGGGCAACAAGACCAAAACTCCATCTCAAAAAAATTTTTTTAAAATAAATAAATAAATAAA","GGCAGGGCACAGTGGTTCACGCCTGTAATCCCAGCACTTTGGGAGGCTGAGGCGGGTGGATCACGAGGTTAGGAGTTTGAGACCAGGCTGACCAACATGGTGAAACCTGGTCTCTACTAAAAATACAAAATTAGCTGGGTGTGGTGGCGGGTGCCTGTAATCCCAGCTACTTGGGAGGCTGAGGCAGGAGAATCACTTGAACCCCAAAGGTGGATGTTGCAGGAGAGCAGAGATCGTGCCATTGAACGCCAGCCTGGGCAACAAGACCAAAACTCCATCTCAAAAAAAATTTTTAAAAATAAAATAAAATAAAA"
"chr7","106480707","106480898","chr14","88990171","88990362","27","17490536","GGCAAGGTACGGTGGCTCACGCCTGTAATCCCAGCACTTTGGGAGGACAAGGCAGGCAGATCACAAGGTCAGGAGCTGGAGACCAGCCTGGCTAATATGGTGAAATCTTGTCTCTACTAAAAATACAAAAATTAGCAGGGGATGGTGGTGGGTGCCTGTAATCTCAGCTACTCGGGAGGCTGAGGCAGGGGA","GGCCGGGTGCGGTGGCTCACAATTGTAATCCCAGCACTTTGGGAGGCCAAGGCAGGTGGATCACGAGATCAGGAGTTTGAAACCAGCCTGGCCAACATGGGGAAACCTCATCTCTACTAAAAATACAAAAATTAGCTGGGCATGGTGGCAGGTGCCTGTAATCCCAGCTACTCAGGAGGCTGAGGCAGGAGA"
"chr7","108130915","108131211","chr7","102194503","102194784","23","5936412","GCCGGGCACGGTGGCAGACTCCTGTAATCCCAGCACTTTAGGAGGCTGAGGCTGGCGGATCACAAGGTCAGGAGTTCCAGACCAGCCTGGCAAACATGGTGAAACCCCATCTCTAGTAAAAATACAAAAATTAGCCGGGCATGGTGGTGGGTGCCTGTAATCCCACTATTGGAAGGCCGAGTAGGAGAATTGCTTGAAACCAGAAGGCGGAGGTTGCAGTGAGCCAAGATCATGCCATGGCATTCTAGCCTGGGCAACAAGAGCGAAACACCATCTACAAAAAAAAAAAAAAAAAAA","GGCCGGGCACGGTGGCAGACTCCTGTAATCCCAGCACTTTAGGAGGCTGAGGCGGGCGGATCACAAGGTCAGGAGTTCCAGACCAGCCTGGCAAACATGGTGAAACCACATCTCTAGTAAAAATACAAAAATTAGCCGGGCATGGTGGCGGGTGCCTGTAATCCCACTATTGGAAGGCCGAGCAGGAGAATCGCTTGAAACCAGAAGGCGGAGGTTGCAGTGAGCCAAGATCACGCCATGGCATTCTAGCCTGGGCAACAAGAGCGAAACACCATCTCAAAA"
"chr7","110054956","110055093","chr7","104132041","104132210","33","5922915","TTAGGTGGGCGCCTTTAATTCCAGCTACTTGGGAGGCTGAGGCAGGAGAATGACTTGAAACCGGAAGGCGGAGGTTGCAGTGAGCTGAGATCGCGCCACTGCACTCCAGCCTGGGCAACAAGAGCGAAACTCTGTCTC","TTAGGTGGGCGCCTTTAATCCCAGCTACTTGGGAGGCTGAGGCAGGAGAATGACTTGAAACCGGAAGGCGGAGGTTGCAGTGAGCTGAGATCGCGCCACTGCACTCCAGCCTGGGCAACAAGAGCGAAACTCTGTCTCAAAAAAACAAAACAAACCAAAACAAAAACAAA"
"chr7","110055392","110055533","chr7","104132511","104132653","4","5922881","GGCTAGGCGCAGTGGCTCATGCCTGTAATCCCAGCACTTTGGGAGGCTAAGGCGGGTGGATCATGAGGTCGGAGTTCGAGACCAGCCTGGCCAACATGGTGAAACCCCGACTCTACTAAAATACAAAAATTAGCCAGGCGTT","GGCTAGGCGCAGTGGCTCATGCCTGTAATCCCAGCACTTTGGGAGGCTAAGGCGGGTGGATCATGAGGTCGGAGTTTGAGACCAGCCTGGCCAACATGGTGAAACCCCAACTCTACTAAAAATACAAAAATTAGCCAGGCATT"
"chr7","110399748","110399902","chr7","104483069","104483239","19","5916679","GGCTGGGCACGGTTGCTCACGCCTGTAATCCCAGCACTTTGGGAGGCTGAGGCGGGTGGATCACGAGGTCAGGAGTTCGAGACCAGCCTGGCCAATACGTTGAAACCCCATCTCCACTAAAAATACAAACATTAGCTGGGTGTGGTGGTGGGCAC","GGCTGGGCACGGTTGCTCACACCTGTAATCCCAGCACTTTGGGAGGCTGAGGCGGGTGGATCACGAGGTCAGAAGTTCGAGACCAGCCTGGCCAATACGTTGAAACCCCATCTCTACTAAAAATACAAACATTAGCTGGGTGTGGTGGTGGGCACTAATGACTCCAGTCAC"
"chr7","112708691","112708983","chr7","106886757","106887044","12","5821934","GGCCAGGCACGGTGGCTCATGCCTGTAAGGGGTGTGAGGCGGGTGGATCACGAGGTCAGGAGCTCGAGACCAGTCTGTCCAATATGGTGAAACCCGTCTCTACTAAAAATACAAAAATTAGGTGTGGTGTCAGGCGCCTGTAATCTCAGCTACTTGGGAGGCTGAGGCAGGAGAATTGCTTGAAACCGGGAGGTGGAGATTGCAGTGAGCCAAGATTGAGCCATTGCACTCCAGCCTGGCCAAAAAGAGCAAGACTTCGTCTCCAAAAAAAAAAAAAAAAAAAAAAAAAAAAA","GGCCAGGCACGGTGGCCCATGCCTGTAAGGGGTGTGAGGCGGGTGGATCACGAGGTCAGGAGCTCGAGACCAGTCTGTCCAATATGGTGAAACCCGTCTCTACTAAAAAGACAAAAATTAGGTGTGGTGGCAGGCGCCTGTAATCTCAGCTACTTGGGAGGCTGAGGCAGGAGAATTGCTTGAAACCGGGAGGTGGAGATTAAAGTGAGCCAAGATTGAGCCATTGCACTCCAACCTGGCCAAAAAGAGCAAGACTTCATCTCCAAAAAAAAAAAAAAAAAAAAAAAA"
"chr7","116034820","116035113","chr10","113833920","113834214","34","2200900","GGCCAGGTGTGGTGGCTCACGCCTATAATCCCAGCATTTTGGGAGGCTGAGGCAGGTGGATCATGAGGTCAGGAGTTCGAGACCAGCCTGGCCAACATGGTGAAATCCCCTCTCTACTAAAAATACAAAAATCAGCCTGGCATGGTGGCGTGCACGTGTAATCCCAGCTACTTGGGAGGGTGAGGCAGGAGAATCCCTTGAAAGCAGAAGATGGAGGTTGCAGTGAGCTGAGATCGCGCCACTGCACTCCAGTCTAGGCAATAAGAGCTAAACTCCGTCTCAAAAAAAAAAAAA","GGCCAGGTGTGGTGACTCATGCCTGTAATCCTAGCATTTTGGGAGGCTGAGGCAGGCAGATCATGAGGTCAGGAGTTCGAGACTAGCCTGGCCAACATGGTGAAACCCTGTCTCTACTAAAAAATACAAAAATTAGCCAGGCATGGTGGCGGGTGCCTGTAATCCCAGCTACTCAGGAGACTGAGGCAGGAGAATCACTTGAAACCAGAAGGTGGAGGTCACAGTGAGCTGAGATCATGCCACTGCACTCCAGCCTGGGCAAAAGAGCAAAACTCCATCTCAAAAAAAAAAAAAA"
"chr7","117413234","117413513","chr7","111716124","111716403","10","5697110","GGCTGGGCCCGGTGGCTCACTCCTGCAATCCTAGCACTTTGGGAGACTGAGGCGGGCAGATCACGATGTCAGGAGTTTGAGACCAGCCTGACCAACCTGGTGAAACCTCGTCTCTACTAAAAATACAAAAATTAGCTGGGCGTGGTGGTGGGCACCTGTAATCCCAGCTACTCAGGAGGCTGAGGCAGGACAATCGCTTGAAATCGGAAGGCGAAGGTTGCAGTGAGCTGAGATTGTGCTACTGCACTCCAGCCTGGGCAACAAGAGTGAAACTCCGTCT","GGCCGGGCCCAGTGGCTCACACCTGCAATCCCAGCACTTTGGGAGGCTGAGGTGGGCAGATCACGAGGTCAGGAGTTCGAGACCAGCCTGACCAACATGGTGAAACCTCGTCTCTACTAAAAATACAAAAATTAGCTGGGCGTGGTGGTGGCCACCTGTAATCCCAGCTACTCAGGAGGCTGAGGCAGGACAATCGCTTGAAATCGGAAGGCGAAGGTTGCAGTGAGCTGAGATTGTGCTACTGCACTCCAGCCTGGGCAACAAGAGTGAAACTCCGTCT"
"chr7","121058089","121058394","chr7","115504972","115505277","1","5553117","GGCCTGGCATGGTGGCTCACACCTGTAATCCCAGCACTTTGGGAGGCCGAGGCGGGCGGATCAGAGGTCAGGAGTTTGAGACAACCTGGTCAACATGGTGAAATCCCGTCTCTACTAAAAAGACAAAAATTAGCCAGGCGTGGTGGCAGGTGCCTGTAATACCAGCTACTTGGGAGGCTGAGGCAGGAGAATCTCTTGAAATCAGAAGGTGGAGGTTGCAGTGAGCCAGGATCACTCCACTGCACTCACTCCAGCCTGGGCAACAAGAGCAAAAGTCTGTCTCAAAAATAAATAAATAAATAAAAA","GGCCTGGCATGGTGGCTCACACCTGTAATCCCAGCACTTTGGGAGGCTGAGGCGGGCGGATCAGAGGTCAGGAGTTTGAGACAACCTGGTCAACATGGTGAAATCCCGTCTCTACTAAAAAGACAAAAATTAGCCAGGCGTGGTGGCAGGTGCCTGTAATACCAGCTACTTGGGAGGCTGAGGCAGGAGAATCTCTTGAAATCAGAAGGTGGAGGTTGCAGTGAGCCAGGATCACTCCACTGCACTCACTCCAGCCTGGGCAACAAGAGCAAAAGTCTGTCTCAAAAATAAATAAATAAATAAAAA"
"chr7","121704872","121705125","chr20","16759795","16760045","32","104945077","GGCTGGGCGCAGTGGCTCACGCCTGTAATCCCAGCACTTTGGGAGGCAGAGGTGGGTGGATCACGATGTCAGGAGTTCAAGACCAGCCTGGCCAACATGGTGAAGCCCCCTCTCAACTAAAAATACAAAAGTTAGCCAGGCTTGGTGGCAGACGCCTGTAATCCCAGCTGTTTGGGAGGCTGAGGCAGGAGAATTGCTTGAAACTGGAAGGCAGAGGTTGCAGTGAGCCGAGATCGCAGCCACTGCACTCCAGC","GCCGGGCTTGGTGGCTCACGCCTGTAATCCCAGCACCTTGGGAGGCAGAGGTGGGTGGATCACGAGGTCAGGAGTTCGAGATCAGCCTGTCCAACATGGTGAAACCCCCATCTCTACTAAAAATACAAAAATTAGCCGGGCTTGGTGGTGGGCACCTGTAATCCCAGCTACTCAGGAGGCTGAGGCAGGAGAATCGCTTGAAACCGGAAGGTGGAGGTTGCAGTGAGCCGAGATCGTGCCATTGCACTCCA"
"chr7","129762595","129762868","chr7","124399330","124399614","16","5363265","TGTAATCCCTGCACTTTGGGAGGCTGAGGAGGGTGGATCACTAGGTCAGCAGCTCGAGACCAGCCAGACCAACATGGTGAAACCCCGTCTCTACTAAAAATACAAAAAAAATTAGCTAGGCGTGGTAGCGGGCACCTGTAATCTCAGTAACTTCGGAGGCTGAGGCAGGAAAATAGCTTGAAACCGGAAGGCAGAGATTGCAGTGAGCCGAGATTGTGCCACTGCACTCTAGCCTGGGCAATAAGAGCAAAACTCCATCTCAAAAAAAAAAAAA","TGTAATCCCTGCACTTTGGGAGGCTGAGGCAGGTGGATCACTAGGTCAGCAGCTCGAGACCAGCCAGACCAACATGGTGAAACCCTGTCTCTACTAAAAATACAAAAAAAATTAGCTAGGCGTGGTAGCGGGCACCTGTAATCTCAGTAACTTGGGAGGCTGAGGCAGGAAAATAGCTTGAAACCAGAAGGCAGAGATTGCAGTGAGCCGAGATTGTGCCACTGCACTCTAGCCTGGGCAATAAGAGCAAAACTCCATCTCAAAAAAAAAAAAAAAAAAAAAAAA"
