"chr1","9305861","9306180","chr1","9404988","9405307","3","99127","GGCCGGGCGCGGTGGCTCACGCCTGTAATCCCAGCACTTTGGGAGGCTGAGGCGGGTGGATCACTCAAGGTTTGGAGTTCAAGACCAGCCTGACCAACATGATGAAACTCTGTCTCTACTAAAAAAAATACAAAAAATTAGCCAGACATGGTGCCGGGCACCTATAATCCCAGCTACTTAGGAGGCTGAGGCAGGAAAATCGCTTGGACCCGGGAGGCAGAGGCTGCAGTGAGCCAAGATTGCACCACTGCACTCCAGCCTGGGCAACAAGAGTGAAACACCGTCTCTAAAATAAAATGAAATAAAATAAAATAAAATAA","GGCCGGGCGCGGTGGCTCACGCCTGTAATCCCAGCACTTTGGGAGGCTGAGGCGGGTGGATCACTCAAGGTTTGGAGTTCGAGACCAGCCTGACCAACATGATGAAACCCTGTCTCTACTAAAAAAAATACAAAAAATTAGCCAGACGTGGTGCCGGGCACCTATAATCCCAGCTACTTAGGAGGCTGAGGCAGGAAAATCGCTTGGACCCGGGAGGCAGAGGCTGCAGTGAGCCAAGATTGCACCACTGCACTCCAGCCTGGGCAACAAGAGTGAAACACCGTCTCTAAAATAAAATGAAATAAAATAAAATAAAATAA"
"chr1","170786725","170787007","chr1","169632535","169632817","3","1154190","GGGTGCGGTGTTTCACGCTTGTAATCCTAGTACTTTGGAGGCCGAGGCAGGTGGATCTCCTGAGGTCAGGAGTTTCATACCAACCTGGCCAACATGGCAAAACCCTGTATTTACTAAAAATACAAAAAACTTAGCCAGGCGTGGTGGCGGGTGCTTGTAATGCCAGCTACTGTGGAGGCTGAAGCAGGAGAATCGCGTGAACCCGGGAGGCGGAGGTTGCAATGAGTTATGATCGCATCACTGCACTCCCAGCCTAGGCAACAAGAGCAAAACTCCATCTCAA","GGGTGCGGTGTTTCACGCTTGTAATCCTAGTACTTTGGATGCCGAGGCAGGTGGATCTCCTGAGGTCAGGAGTTTCATACCAACCTGGCCAACATGGCAAAACCCTGTATTTACTAAAAATACAAAAAACTTAGCCAGGTGTGGTGGCGGGTGCTTGTAATGCCAGCTACTGTGGAGGCTGAAGCAGGAGAATCACGTGAACCCGGGAGGCGGAGGTTGCAATGAGTTATGATCGCATCACTGCACTCCCAGCCTAGGCAACAAGAGCAAAACTCCATCTCAA"
"chr1","886174","886477","chr1","898693","898996","4","12519","GGTGCAGTGGCTCAGGCCTGTAATCCCAGCACTTTGGGAGGCCGAGTTGGGTGGATCACCTCAGGTCAGGAGTTCGAGACCAGCCTGGCCAACATGGTGAAACCCCGTTTCTACTAAAAATACAAAAAATTAGCCAGAGGGCGTGGTGGCATGTGCCTGTAATCCCAGCTTCTGAGGAGGCTGAGGCAGGAGAATTGCTTGAACCTGGGAGGCGGAGGTTGCTGTGAGCTGAGATCATGCCACTGCACTCCAGCTTGGGCAACAAGAGTCAAACTCTCACAAAAAAAAAAAAAAAAAAAAAGAA","GGTGCAGTGGCTCAGGCCTGTAATCCCAGCACTTTGGGAGGCCGAGTTGGGTGGATCACCTCAGGTCAGGAGTTCGAGACCAGCCTGGCCAACATGGTGAAACCCCGTTTCCACTAAAAATACAAAAAATTAGCCAGAGGGCGTGGTGGCACGTGCCTGTAATCCCAGCTTCTGAGGAGGCTGAGGCAGGAGAATTGCTTGAACCTGGGAGGCGGAGGTTGCTGTGAGCTGAGATCGTGCCACTGCACTCCAGCTTGGGCAACAAGAGTCAAACTCTCAAAAAAAAAAAAAAAAAAAAAAAGAA"
"chr1","973497","973797","chr1","967502","967803","2","5995","GGCCGGGTGCGATGGCTCATGCCTGAAATCCCAGCACTTTGGGAGGCCGAGGCAGGCGCATCACCTGAGGTCAGGAGTTTGAGACCAGCCTGACCAACATGGTGAAACCCCGTCTCTACTAAAAACACAAAATTATCCGGGTGTGGTCATGGGCACCTGTAATCCCAGCTACACGGGAGGCTGAGGCAGGAGAATCCCTTGAACCCGGGAGGCGGAGGTTGCGGTGAGCCGAGATCGCGCCACTGCACTCCAGCCTGGGCAACAAGAGAAAAACTCAGTATCAAAAAATAAAAAAAATAAA","GGCCGGGTGCGATGGCTCATGCCTGAAATCCCAGCACTTTGGGAGGCCGAGGCAGGCGCATCACCTGAGGTCAGGAGTTTGAGACCAGCCTGACCAACATGGTGAAACCCCGTCTCTACTAAAAACACAAAATTATCCGGGTGTGGTCATGGGCACCTGTAATCCCAGCTACACGGGAGGCTGAGGCAGGAGAATCGCTTGAACCCGGGAGGCGGAGGTTGCGGTGAGCCGAGATCGCGCCACTGCACTCCAGCCTGGGCAACAAGAGAAAAACTCAGTATCAAAAAATAAAAAAAAATAAA"
"chr1","1015082","1015373","chr1","1008556","1008834","16","6526","GGCTGCACATGGGGGCTCAAGCTTGTAATCCAGGCACTTTGGGAGCCCGAGTCGGGGGGATCACCTGAGGTCAGGAGTTCAGGACCGACCTGGCCAACATGGCGAAACCCCATCTATACTAAAAATACAAAAATTCGCTGGATGTGGTGGCGGGCAGCTGTAATCCCAGCTACTCGGGAGGCTGAGGCAGGGGAATGGTGTGAACCCAAAAGACGGAGTGACCCGAGATCGTGCCACTGCACCCCAGCCTGGGCAAGAAGAGCAAAACTCTTCTCAAAAACAAAAAGAAAAA","GGGTCAAGCTTGTCATCCAGGCACTTTGGGAGCCCGAGTCGGGGGGATCACCTGAGGTCAGGAGTTCAGGACCGACCTGGCCAACATGGCGAAACCCCATCTATACTAAAAATACAAAAATTCGCTGGACGTGGTGGCGGGCAGCTGTAATCCCAGCTACTCGGGAGGCTGAGGCAGGAGAATGGTGTGAACCCAAAAGACGGAGTGACCCGAGATCGTGCCACTGCACCCCAGCCTGGGCAAGAAGAGCAAAACTCTTCTCAAAAACAAAAAGAAAAA"
"chr1","1150254","1150547","chr1","1113100","1113393","4","37154","GCCAGGCGTGGTGGCTCATGCCTGTAATCCCAGCACCCTGGGAAGCTGAGGCGGGTAGATCACCTGAGGTCAGCAGTTTGAGACCAGCCTGGCCAACATAGTGAAACCCCGTCTCTACTAAAAAATCAAAAAATTAGCCGGGTGTGGTGGCATGCGCCTGTAATCCCAGCTACTAGGGAGGCTGAGGCAGGAGAATTGCTTGAATCCGGGAGGCGGGGGCTGCAGTGAGCCGAGATCACGCCACTGCACTTCAGCCTGGCCAACAAGAGCGAAACTCCGTTTCAAAAAAAAAAA","GCCAGGCGTGGTGGCTCACGCCTGTAATCCCAGCACCCTGGGAAGCTGAGGCGGGTAGATCACCTGAGGTCAGCAGTTTGAGACCAGCCTGGCCAACATAGTGAAACCCCGTCTCTACTAAAAATACAAAAAATTAGCCGGGTGTGGTGGCATGCGCCTGTAATCCCAGCTACTAGGGAGGCTGAGGCAGGAGAATTGCTTGAATCCGGGAGGCGGGGGCGGCAGTGAGCCGAGATCACGCCACTGCACTTCAGCCTGGCCAACAAGAGCGAAACTCCGTTTCAAAAAAAAAAA"
"chr1","1225008","1225290","chr1","1180705","1181012","27","44303","GGCCGGGCATGGCGGCTCACACCTGTAATCCCAGCACTTTGGGAGGCTCAGGCGGGCGGATCACCTGAGGTCAGGAGTTCGAGACCAGCCTGGTCAACATGGTGAAACCCTGTCTCTACTAAAAATACAAAAATTAGCTGGGCATGATGGCGCACACCTGTAGTCCCAGCTACTCGGGAAGCCGAGGCAGGAGAATCGCTTGAACCTGGGAGGCGGAGCTTGCAGTGAGCTGAGATCACACCACTGCACTCCAACCTGGGCAACAAGAGCGAAACTCTGTCTC","GGCCGGGCATGGCGGCTCACACCTGTAATCCCAGCACTTTGGGAGGCTCAGGCGGGCGGATCACCTGAGGTCAGGAGTTCGAGACCAGCCTGGTCAACATGGTGAAACCCTGTCTCTACTAAAAATACAAAAATTAGCTGGGCATGATGGCGCACACCTGTAGTCCCAGCTACTCGGGAAGCCGAGGCAGGAGAATCGCTTGAACCCGGGAGGCGGAGCTTGCAGTGAGCTGAGATCACACCACTGCACTCCAACCTGGGCAACACGAGCGAAACTCTGTCTCAAAATAAAATAAAATAAAATAGAAT"
"chr1","1360387","1360474","chr9","130293791","130293868","34","128933404","GGCCAGGCATGGTGGCTCACGCCTGTAATCCCAACACTTTGGAAGGGCTGAGGCGGACAGNNNNNNNNNNNNNNNNNNNNCAAAATTA","GGCCAGGCACGGTGGCTCACGCCTGTAATCCCGGCACTTTGGGAGGCCGAGGCAGGCGGATCAAGAGGTCAGGAGCTC"
"chr1","1616487","1616657","chrY","25030911","25031072","68","23414424","GGCCCAGCACGGTGATGGCCACCTGCAGACCCAGCTACTCGGGAGGCTGAGGCCAGAGAGCCCTGAGTTTGAGCCCACCCTGGGCAAAGTGGCGAGATCCCCCATCTCAAAAATAAAATAAAATGCATGGTTCCTCATGAAATGTAAGGCTTTGCTATAAAAACTTTGAGA","TAGCCAGGCATGGTGATGGGTGCCTGTAATCCCAGCTACTTGGGAGGCTGAGGCAAGAGAGTTGCTTGAACCCAAGAGGCAGAGGTTGCAGTTAGCCAAGATCATGCCACTGCACTCCAGCATGGGCAACAAGAGAAAGACTCCATCTCAAAAAACAAAAAA"
"chr1","1656729","1656837","chr22","39711394","39711469","45","38054665","ACATGATGACTGGTCTCTACTAAAAATACAAAAATTAAGCGTGGTGGCGGGCACCTGTAATCCCAGCTACTCAGGAGGGTGAGGCAGGAGAATCATTTGAACCCGGCAG","TTATCCAGGTGTGGTGGCATGTGCCTGTAATCCCAGCTACTCAGGAGGCTGAGGCAGTAGAATTGCTTGAGCCCAG"
"chr1","1661354","1661556","chr1","1660364","1660566","0","990","AGTCTGGGTGACATAGGGAGACCCGCCTCTACAAAAAATACAAAAACTAGTTGGATGTGGTGGCATGCACTTGTAGTCCCAGCTACTCGGGAGCCTGAGGCAGGAGAATCACTTGAACCCAGCAGGCAAGGTTGCAGTGAGCTGAGATCGCTCCACTACACTCCAGCCTGGGCAACAAGAGCGAAACTCCGTCTCCAAAAAAA","AGTCTGGGTGACATAGGGAGACCCGCCTCTACAAAAAATACAAAAACTAGTTGGATGTGGTGGCATGCACTTGTAGTCCCAGCTACTCGGGAGCCTGAGGCAGGAGAATCACTTGAACCCAGCAGGCAAGGTTGCAGTGAGCTGAGATCGCTCCACTACACTCCAGCCTGGGCAACAAGAGCGAAACTCCGTCTCCAAAAAAA"
"chr1","1668722","1669014","chr1","1667009","1667302","4","1713","GGCTGGGCGCCGTGGCTCACACCTGTAATTCCAGCATTTTGGGAGGCTGAAGCAGGTAGATCACCTGAGGTCAGGAGTTTGAGACCAGCCTAGCCAACATGGTGAAACCTCATCTCTACTAAAAATACAAAAAATTAGCCAGGAGTGGTGGCAGGCGCCTGTAATCCCAGCTACTCAGGAGGCTGAAGCAGGAGAACTGCTTGAGCCCAGGAGGCAGAGGTTGCAGTGAGCCTAGATCACGCCACTGCACTCAAACCTGGGCAACAAGAGCGAAACTCCATCTCGAAAAAAAA","GGCTGGGCGCCGTGGCTCACACCTGTAATTCCAGCATTTTGGGAGGCTGAAGCAGGTGGATCACCTGAGGTCAGGAGTTTGAGACCAGCCTAGCCAACATGGTGAAACCTCGTCTCTACTAAAAATACAAAAAATTAGCCAGGAGTGGTGGCAGGCGCCTGTAATCCCAGCTACTGAGGAGGCTGAAGCAGGAGAACTGCTTGAGCCCAGGAGGCAGAGGTTGCAGTGAGCCTAGATCACGCCACTGCACTCAAACCTGGGCAACAAGAGCGAAACTCCATCTCGAAAAAAAAA"
"chr1","1692801","1693071","chr1","1692746","1693046","31","55","CCCAGCACTTTGGGAGGCCGAGGTGGGCGGATCACCTGAGGTCAGGAGTTCAAGACCAGCCTGGCCAACATGATGAAACCCTGTCTCTACTAAAAATACAAAAAATTAGCCGGGTGTGGTGGCATGTGCCTGTAATCCCAGCTACTCAGGAGGCTGAGGCAAAAGAATCGCTTGAAATCGGGAGGCGGAGGTTGCCGTGAGCCAGCACTGTGCCACTGCACTCTAGTCTCAGCAACAAGAGCAAAACTCCATCTCAAAAAAAAAAGAAAAA","GGCCGGGCGCAGTGGCTCACACCTGTAATCCCAGCACTTTGGGAGGCCGAGGTGGGCGGATCACCTGAGGTCAGGAGTTCAAGACCAGCCTGGCCAACATGATGAAACCCTGTCTCTACTAAAAATACAAAAAATTAGCCAGGTGTGGTGGCATGTGCCTGTAATCCCAGCTACTCAGGAGGCTGAGGCAAAAGAATCGCTTGAAATCGGGAGGCGGAGGTTGCCGTGAGCCAGCACTGTGCCACTGCACTCTAGTCTCAGCAACAAGAGCAAAACTCCATCTCAAAAAAAAAAGAAAAAA"
"chr1","1727529","1727819","chr1","1730336","1730621","24","2807","GGCCGGGCGCGGTGGCTCACGCCTGTNNNNNNNNNNNNNNNNNNNNGGAGGCTGAGGTGGGCAGGTCGCCTGAGGTCAGGAGTTCGAGACCAGCCTGGCCAACATGGCGAAACCCCATCTCTATTAAAAATACAAAAATTAGCCAAGCGTGGTGGTAGGCGCCTATAATCCCAGCTACTCGGGAGGCTGAGGCAGGAGAATTGCTTGAACCTGGGAGGCGGAGGTTGCAGTGAGCCAAGATCAGGCCACTTCACCCCAGCCTGGCAAGAGCGAAACTCCACCAAAAAACAA","GGCTGGGTGCAGTGGCTCACGCCTATAATCCCAGCACTTTGGGAGGCTGAGGTGGGCAGGTCGCCTGAGGTCAGGAGTTCGAGACCAGCCTGGCCAACATGGCGAAACCCCATCTCTATTAAAAATACAAAAATTAGCCAAGCGTGGTGGTAGGCGCCTATAATCCCAGCTACTCGGGAGGCTGAGGCAGGAGAATTGCTTGAACCTGGGAGGCGGAGGTTGCAGTGAGCCAAGATCAGGCCACTTCACCCCAGCCTGGCAAGAGCGAAACTCCACCAAAAAACAA"
"chr1","1751608","1751906","chr1","1755802","1756099","1","4194","GGCTGGGCGCGGTGGCTCACGCTCGTAATCCCAGCACTTTGGGAGATCAAGGCGGGTGAATCACCTGAGGTCTGGAGTTGGAGACCAGCTTGGCCAACATGGTGAAACCCTATCTCTACTAAAAATACAAAAAATTAGCCGGGTGTGGTGGTGGTAGCTGTAATCCCAGCTACTCTGGAGGCTGAGGCAAGAGAATCACTTGAACCCGCGGGGGGCGGAGGTTGCAATGAGCCGAGATCGCGCCACTGCACTCCAGCCTGGGCAACGAGAGCGAAACTCCATCTCAAAAAATAAAGAAA","GGCTGGGCGCGGTGGCTCACGCTCGTAATCCCAGCACTTTGGGAGATCAAGGCGGGTGAATCACCTGAGGTCTGGAGTTGGAGACCAGCTTGGCCAACATGGTGAAACCCTATCTCTACTAAAAATACAAAAAATTAGCCGGGTGTGGTGGTGGTAGCTGTAATCCCAGCTACTCTGGAGGCTGAGGCAAGAGAATCACTTGAACCCGGGGGGGCGGAGGTTGCAATGAGCCGAGATCGCGCCACTGCACTCCAGCCTGGGCAACGAGAGCGAAACTCCATCTCAAAAAATAAAGAAA"
"chr1","1763785","1763955","chr17","7691308","7691475","23","5927523","TACAAAAATTAGCCAGGCATAGTGGCGCGTGCCTGTAGTACCAGCTACTCAGGAGGCTGAGGCAGGAGAATCGCTTGAACCTGGGAGGTGAAGGTTGCAGTGAGCTGAGATCATGCCGCTGCACTCCAGCCTGGGCAACAAGAGTGAAACTCAGTCTCAAAAAAAAAAAAA","AAAATTAGCTAGGCGTGGTGGCAGGCGCCTGTAATCCCAGCTACTCAGGAGGCTGAGGCAGGAGAATCGCTTGAACCTGGGAGATGGAGGTTGCAGTGAGTCAAGATCATGCCACTGCACTCCAGCCTGGGCAACAAGAGCAAAACTCCATCTCCAAAAAAAAAAAAA"
"chr1","1764263","1764397","chr18","15829353","15829486","21","14065090","GCGGGGCATGCTAGCTCACACCTATAATCCCAGCACTTTGGGAGGCCGAGGTGGGTGAATTACTTGAGGTCAGGAGTTCGAGACCAGCTTGGCCAATGTGGTGAAACCCCGTCTCTACTAAAAATACAAAAATTT","GGCCGGGCATGGTGGCTCATGCCTATAATTCCAGCACTTTGCGAGGCTGAGGCGGGTGGATCACCTGAGGTCAGGAGTCTGAGACCAGCCTGGCCAACATGGTGAAACCCCGTCTCTACTGAAAATACAAAAAT"
"chr1","1827167","1827477","chr1","1832763","1833073","2","5596","GGCTGGGTGCTGTGGCTCACGCCTGTAATCCCAGCATTTTGGGAGGCCGAGGTGGGCCTCGGATCACCTGAGGTCAGGAGTTCATGACCAGCCTGGCCAACATGGTGAAACCCCGTCTCTACTAAAATACAAAAAATTAACCGGACATGGTGGCGGGCGCCTGTTATCCGAGCTACTCAGGAGGCTGAGGCAGAAGAATCGCTTGAACCCAGGAGGCAGAGGTTGCAGTGAGCCGAGATTGTGCCACTATACTCCAGCCTGGGCAACAAGACTGAAACTCCATCTCAAAAAAAATAAAAATAAAAAAATAA","GGCTGGGTGCTGTGGCTCACGCCTGTAATCCCAGCATTTTGGGAGGCCGAGGTGGGCCTCGGATCACCTGAGGTCAGGAGTTCATGACCAGCCTGGCCAACATGGTGAAACCCCGTCTCTACTAAAATACAAAAAATTAACCGGACGTGGTGGCGGGCGCCTGTTATCCAAGCTACTCAGGAGGCTGAGGCAGAAGAATCGCTTGAACCCAGGAGGCAGAGGTTGCAGTGAGCCGAGATTGTGCCACTATACTCCAGCCTGGGCAACAAGACTGAAACTCCATCTCAAAAAAAATAAAAATAAAAAAATAA"
"chr1","1856299","1856716","chrX","77706308","77706640","124","75850009","GGCCGGGCGCGGTGGCTCACGCCTGTAATCCCAGCACTTCGGGAGGCCGAGGCAGGTGGATCACCTGAGGTCAGGAGTTCCAGACCAGCCTGGCCAACGTGGTGAGGCTACAGTGAGCTGTGATGGCACCACTGCACTCCAGCCTGGGCAACAGAGTGAGACCCTGTCACAAAAGAAAAAAGAAACTGCCCAACAGTATCCCCGAGTATCACTTTACACTCCCACCAGCAAATACCAAATTAAATAATGAAATACAACATTAGCTGGGTGTGGTGGCAAGTGCCTATAATCCCAGCTACTCAGGAGGCTGAGGCAGGAGAATTGCTTGAACCCGGGAGGCAGAGGTTGCAGTGAGCCGAGATAGTGCCACTGCACTCCAGCCTGGGGACAAGAGCGAGACTCCATCTCAAGAAAAAAA","GGCTGGGCGTGGTGGCTCATGCCTGTAATCCCAGCACTTCGGGAGGCCGAGGCGAGTGGATCACCTGAGGTCAGGAGTTCAAGACCAGCCTGGCCAACATGGTGAAACTCCGTCTCTACTAAAAATACAAAAAAAAAAAAAGAAAAAAAAAAACCCCAAAAAACAAAAAAACTAGCGAGGCGTGGTGGTGGGCGCCTGTAATCCCAGCTACTCAGGAGGCTGAGGCAGGAGAATCACTTGAACCTGGAAGGCAGAGGATGCAGTGAGCCGAGATTGCACCACTGCACTCCAGCCTGGGTAGTAAGAGCAAAACTCTGTCTCAAAAAAAAAAAA"
"chr1","1880818","1881130","chr1","1884461","1884773","3","3643","GACCGGGTGCGGTGGCTCACGCCTGTAATCCCAGCACTTTGGGAGGCCGATGTGGGCCGATCACTTGAGGTCAGGAGTTCGAGACCAGCCTGGCCAACATGGTGAAACCCCGTCTCTACTAAAAATACAAAAATTAGCTGGGCATGGTCGCAGGCGCCTGTAATCCCAGCCACTTGGGAGGCTGAGGCAGGAGAATTGCTTGAACCCAGGAGGTGGAGGTTGCAATGAGCTGAGATAGTGCCACTGCCCTCCAGCCTAGGCAACAAGAGCGAAACTCCATCTCAAAAACAAAAAAGAAAGAAAGAAAGAAAGA","GGCCGGGTGCGGTGGCTCACGCCTGTAATCCCAGCACTTTGGGAGGCCGATGTGGGCCGATCACTTGAGGTCAGGAGTTCGAGACCAGCCTGGCCAACATGGTGAAACCCCGTCTCTACTAAAAATACAAAAATTAGCTGGGCATGGTCGCAGGCGCCTGTAATCCCAGCCACTTGGGAGGCTGAGGCAGGAGAATTGCTTGAACCCAGGAGGTGGAGGTTGCAATGAGCTGAGATAGTGCCACTGCCCTCCAGCCTAGGCAACAAGAGCGAAACTCCATTTCAAAAACAAAAAAGAAAGAAAGAAAGAAAAA"
"chr1","1955650","1955954","chr1","1959639","1959943","0","3989","GGCCAGGCGCGGTGGCTCACTTCTATAACCCCAGCACTTTGGGAGGCCAAGACGGGCAGATCACCTGAGGTCAGGAGTTCGAGACCAGCCTGGCCAACGTGGTAAAACCCCAACCCGTCTCTACTAAAAATACAAAAATTAGCCGGGCATGGTGGCAAGCGCCTGTGATCCCAGCTACTTGGGAAGCTGAGGCAGGAGCACTGCTTGAACCCAGGAGGCGGAGGTCGCAGTGAACCGAGATTGCACCACTGCACTCCAGCCTGGGCAACAAGAGTGAGACTCCAGCTCAAAAAAACAAACAAGAA","GGCCAGGCGCGGTGGCTCACTTCTATAACCCCAGCACTTTGGGAGGCCAAGACGGGCAGATCACCTGAGGTCAGGAGTTCGAGACCAGCCTGGCCAACGTGGTAAAACCCCAACCCGTCTCTACTAAAAATACAAAAATTAGCCGGGCATGGTGGCAAGCGCCTGTGATCCCAGCTACTTGGGAAGCTGAGGCAGGAGCACTGCTTGAACCCAGGAGGCGGAGGTCGCAGTGAACCGAGATTGCACCACTGCACTCCAGCCTGGGCAACAAGAGTGAGACTCCAGCTCAAAAAAACAAACAAGAA"
"chr1","2073036","2073192","chr7","141314255","141314406","18","139241219","CCTGTAATCCCAGCTACTTGGGAGGCTGAGGCAGGAGAATCACTTGAACCTGAGCGGCAGAGGTTGCAGTGAGCCGAGATCGCGCCACTGCACTCCAACCAGGGCAACAAGAGCGAAACTCTGTCTCAAAAAAAAAAGAAAGAAAAAGAAAAGAAAA","GTAGTCCCAGCTACTTGGGAGGCTGAGGCAGGAGAATCACTTGAACCCGGGAGGCGGAGGTTGCAATGAGCCGAGATCACACCACTGCACTCCAGCCTGGGCAACAAGAGTGAAACTCTGTCTCAAAAAAAAAAAAAAAAAAAAAAAAAAAA"
"chr1","3674444","3674748","chr1","3698337","3698648","12","23893","GGCCGGGCACGGCGGCTCACGCCTGTCATCCCAACACTTTGGGAGGCCGAGGCGGGCGGATCACTTGAGGTTGGGAGTTCAAGACCAGCTTGGCCAACATAGTGAAACCCCGTCTCTACTAAAAATACAAAAAATTGGCTGGGCTTGGTGGTGGGTACCTGTTATCCCAGCTACTTGGGAGGCTGAGGCAGGAGAATCACTTGAACCCTGGAGGTGGAGGTTGCAGTGAGCCAAGATCACGCCACCGCACTCCAGCCTAGGCAACAAAAGCAAAACACCATCTACAAAAAAAAAAAAAAAAGAGA","GGCCGGGCACGGCGGCTCACGCCTGTCATCCCAACACTTTGGGAGGCCAAGGCGGGCGGATCACTTGAGGTTGGGAGTTCAAGACCAGCTTGGCCAACATAGTGAAACCCTGTCTCTACTAAAAATACAAAAAATTGGCTGGGCTTGGTGGTGGGTACCTGTTATCCCAGCTACTTGGGAGGCTGAGGCAGGAGAATCACTTGAACCCTGGAGGTGGAGGTTGCAGTGAGCCAAGATCACGCCACCACACTCCAGCCTAGGCAACAAAAGCAAAACACCATCTCAAAAAAAAAAAAAAAAAAAAAAAAAAGA"
"chr1","3675398","3675450","chr12","95882066","95882124","14","92206668","CCGAGATCGCGCCACTACACTCCAGCCTGGGCAACAAAAGTGAAACTCCATCT","CTGGGATCGCGCCACTTCACTCTAGCCTGGGCAAAAGAGTGAAACTCCGTCTCAAAAAA"
"chr1","4361830","4362135","chr1","4447552","4447855","5","85722","GGCTGGGCGCGGTGGCTCACGCTTGTAATCCCAGCACTTTGGGAGGCCGAGGTGGGCGCATCACCTGAGGTCAGGAGTTCAAGAACAGCCTGGCCAGCATGGTGAAACCTTGTTTCTACTGAAAATACAAAAAAATTAGCCAGGCGTTGTGGCAGGCGCCTGTAACCCCAGCTACTCTGGAGGCTGAGGCAGGAGAATCACTTGAACCCTGGAGGCAGAGGTTGCAGTGAGCCGAGATCGTGTCACTGCACTCCAGCTTGGGCAACAAGAGCGAAACTCTCTACAAAAAAAAAAAAAAAAAAAGAA","GGCTGGGCGTGGTGGCTCACGCTTGTAATCCCAGCACTTTGGGAGGCCGAGGTGGGCGCATCACCTGAGGTCAGGAGTTCAAGAACAGCCTGGCCAGCATGGTGAAACCTTGTTTCTACTGAAAATACAAAAAAATTAGCCAGGCGTTGTGGCAGGCACCTGTAACCCCAGCTACTCTGGAGGCTGAGGCAGGAGAATCACTTGAACCCTGGAGGCAGAGGTTGCAGTGAGCCGAGATCGTGTCACTGCACTCCAGCTTGGGCAACAAGAGTGAAACTCTCTCAAAAAAAAAAAAAAAAAAAAA"
"chr1","4622349","4622629","chr1","4714617","4714897","0","92268","GGCTGGATGTGGGGCTCATGCCTGTAATCCCAGCACTTTGGGAAGCAAAGGCAGGTGGATCACTTGAGGTCAGGAGTTCAATACCAGCCTAACTGACATGGTGAAACCCCATCTTTACCAAAAGTACAAAAATTAGCTGGGCGTGGTAGTGGGCACCTATAATGCCAAATACTCGGGAGGCTGAGGCAGGAGAATTGCTTGAGCTCAGGGGGCGGAGGTTGCAGTAAACCGAGATCACATCACTGTACTCCAGCCTGGGCAACAAGAGTGAAACTCCATCT","GGCTGGATGTGGGGCTCATGCCTGTAATCCCAGCACTTTGGGAAGCAAAGGCAGGTGGATCACTTGAGGTCAGGAGTTCAATACCAGCCTAACTGACATGGTGAAACCCCATCTTTACCAAAAGTACAAAAATTAGCTGGGCGTGGTAGTGGGCACCTATAATGCCAAATACTCGGGAGGCTGAGGCAGGAGAATTGCTTGAGCTCAGGGGGCGGAGGTTGCAGTAAACCGAGATCACATCACTGTACTCCAGCCTGGGCAACAAGAGTGAAACTCCATCT"
"chr1","6108899","6109198","chr1","6074686","6074985","1","34213","GGTTGGGCGTGGTGGCCCATGCCTGTAATCCCAGCACTCTGGGGGGCCAAGGCAGGCGCATCACTTGAGGGCAGGAGTTTGAGACCAGCCTGGCCAACATAGTGAAACCCTGTGTCTACTAAAAATACAAAAAAAATTAACCAGATGTGGTGGTGGGCACCTGTAATCCCAGCTACTCAGGAGGCTGAGGCAGGAGAATTGCTTGAACCCAGGAGGTGGAGGTTGCAGTGAGCCAAGATCGTGCCGCTGCACTCCAGCCTGGGCAACAAGAGCAAAACTCCATCTCAAAAACAAAAACAA","GGTTGGGCGTGGTGGCCCATGCCTGTAATCCCAGCACTCTGGGGGGCCAAGGCAGGCGCATCACTTGAGGGCAGGAGTTTGAGACCAGCCTGGCCAACATAGTGAAACCCTGTGTCTACTAAAAATACAAAAAAAATTAACCGGATGTGGTGGTGGGCACCTGTAATCCCAGCTACTCAGGAGGCTGAGGCAGGAGAATTGCTTGAACCCAGGAGGTGGAGGTTGCAGTGAGCCAAGATCGTGCCGCTGCACTCCAGCCTGGGCAACAAGAGCAAAACTCCATCTCAAAAACAAAAACAA"
"chr1","6140333","6140626","chr1","6103590","6103883","26","36743","GGTCGGGCATGGTAGCTCACACCTGTAATCCCAGAACTTTGGGAGGCTGAGGTGGGNNNNNNNNNNNNNNNNNNNNCGTTTGAGACCAGCCTAGCCAACATGGTGAAACCCTGTCTCTACTAAAAATACAAAAATCAGCTGGGCGTGGTGGTGGGCACCAGTAATCCCAGCTACTCAGGAGGCTGAGGCAGGAGAATCACTTGAACCCAGGAGGCAGAGGTCGCAGTGAGCCGAGATGGCACCACTGCACTCCAGCCTGGGCAACAAGATCGAAATTCTGTCTCAAAAAAAAAA","GGTCGGGCATGGTAGCTCACACCTGTAATCCCAGAACTTTGGGAGGCTGAGGTGGGTGGATCACCTGAGGTCAGGAGTTTGAGACCAGCCTGGCCAACATGGTGAAACCCCGTCTCTACTAAAAATACAAAAATCAGCTGGGCGTGGTGGTGGGCACCAGTAATCCCAGCTACTTGGGAGGCTGAGGCAGGAGAATCACTTGAACCCAGGAGGCAGAGGTCGCAGTGAGCCGAGATGGCACCACTGCACTCCAGCCTGGGCAACAAGATCGAAATTCTGTCTCAAAAAAAAAAA"
"chr1","6662801","6663096","chr1","6642674","6642974","7","20127","GGCTGGGCACAGTGGCTCACGCCTATAATCCCAGCACTTTGGGAGGCTGAGGCGGGTGGATCACCTGGGGGCAGGAATTCGAGACCAGTCTGGCCAACATGGTGAAACCCCATCTCTACTAAAAATACAAAATATTAACCGGACATGGTGGTGGGCGCCTGTAGTCCCAGCTACTCAGGAAGCTGAGGCAGGAGAATCACTTGAATCCAGGAGGCGGAGGTTGCAGTGAGCTGAGAAGATCACGCTACTGCACTCCAGCCTGGACGAGCGAAACTCCGTCAAAAAAAAAAAAATAA","GGCTGGGCACAGTGGCTCACGCCTATAATCCCAGCACTTTGGGAGGCTGAGGCGGGTGGATCACCTGGGGGCAGGAATTCGAGACCAGTCTGGCCAACATGGTGAAACCCCATCTCTACTAAAAATACAAAATATTAACCGGACATGGTGGTGGGTGCCTGTAGTCCCAGCTACTCAGGAAGCTGAGGCAGGAGAATCACTTGAATCCAGGAGGCGGAGGTTGCAGTGAGCTGAGAAGATCACGCTACTGCACTCCAGCCTGGACGAGCGAAACTCCGTCAAAAAAAAAAAAAAAAAAAGA"
"chr1","6674744","6675035","chr1","6655466","6655755","5","19278","GGCTGGGCATGGTGGCTCACACCCGTAATCACGGTGCTCTGGGAGGCCGCGGCGGGTGGATCACCTGAAGTCAGGAGTTTGAGACCAGCCTGGCCAATATAGTAAAACCTCGTCTCTACTAAAAACACAAAAACATGAGCCGGGCATGGTGGCATGCACCTGTAGTCCCAGCTACTCAGAGGCTGAGGCAGGAGAATCGCTTGAATCCAGGAGATGGAGGTTACATTGAGCCAGGACAGTGCCACTGCACTCCAGCCAGGGCAACAAGAGTGAAACTCTGTCTCAAAAACAA","GGCTGGGCATGGGCTCACACCCGTAATCACAGCGCTCTGGGAGGCCGCGGCGGGTGGATCACCTGAAGTCAGGAGTTTGAGACCAGCCTGGCCAATATAGTAAAACCTCGTCTCTACTAAAAACACAAAAACATGAGCCGGGCATGGTGGCATGCACCTGTAGTCCCAGCTACTCGGAGGCTGAGGCAGGAGAATCGCTTGAATCCAGGAGATGGAGGTTACATTGAGCCAGGACAGTGCCACTGCACTCCAGCCAGGGCAACAAGAGTGAAACTCTGTCTCAAAAACAA"
"chr1","7015408","7015716","chr1","6994837","6995147","4","20571","GGCTGGGCACGGTGGCTCACACCTGTAATCCCAGCACACTGGGAGGCCAAGGAGGGCGGGATCACCTGAGGTCAGGAGTTCAAGACCAGCCTGGCCATGGTGAAACCCCGTCCCTACTAAAAATACAAAAAACTAGCCAGGCGTGGTGGTGCACGCCTGTAATCCCAGCTACTCCGGAGGCTAAGGCAGGAGAATCGCTTTAACCCGGGAGGCGGAGGTTGCAGTGAGCCAAGATCGAGCCACTGCACTCCAGCCTGGGCAACAAAAGCGAAACTCTGTCTCAAAAAAAAGAAAAGAAAAGAAAAGAAA","GGCTGGGCACGGTGGCTCACACCTGTAATCCCAGCACACTGGGAGGCCAAGGAGGGCGGGATCACCTGAGGTCAGGAGTTCAAGACCAGCCTGGCCATGGTGAAACCCCGTCCCTACTAAAAATACAAAAAACTAGCCAGGCGTGGTGGTGCACGCCTGTAATCCCAGCTACTCCAGAGGCTAAGGCAGGAGAATCGCTTTAACCCGGGAGGCGGAGGTTGCAGTGAGCCAAGATCGAGCCACTGCACTCCAGCCTGGGCAACAAAAGCGAAACTCTGTCTCAAAAAAAAAAAAAAAGAAAAGAAAAGAAA"
"chr1","7149641","7149941","chr1","7127955","7128255","1","21686","GGCCAAGTGCAGTGGCTCATATCTCTAATCCCAGCACTTTGGGAGGCCGGCGCAGGCGGATCACCTGAGGTCAGGAGTTTGAGACCAGCCCAGCCATCATGGTGAAACTAAAAATACAAAAATTAGCCAAGCGGGGTGGTGGGTGTCTGTAATCCCAGCTACTTAGGAGGCTGAGGCAGGAGAATTGCTTGAACCTGGGAGGCAGAGGTTGCAGTGAGTTGAGATTGCGCCACTGCACTCCAGCCTGGGCAACAAGAGAGAAACTCCATCTCAAAATAAATAAATAAAATAAAAAGTAAAA","GGCCAAGTGCAGTGGCTCATATCTCTAATCCCAGCACTTTGGGAGGCCGGCGCAGGCGGATCACCTGAGGTCAGGAGTTTGAGACCAGCCCGGCCATCATGGTGAAACTAAAAATACAAAAATTAGCCAAGCGGGGTGGTGGGTGTCTGTAATCCCAGCTACTTAGGAGGCTGAGGCAGGAGAATTGCTTGAACCTGGGAGGCAGAGGTTGCAGTGAGTTGAGATTGCGCCACTGCACTCCAGCCTGGGCAACAAGAGAGAAACTCCATCTCAAAATAAATAAATAAAATAAAAAGTAAAA"
"chr1","7314857","7315154","chr1","7297134","7297432","1","17723","GGCCAGGCGCAGTGGCTCACGCCTGTAATCCCCATACTTTGGGAGGCCAAGGCAGGCGGATAACCTGAGGTCAGGAGTTCGAGACCAGCCTGGCCAACATGGTGAAACCCCGTCTCTACTAAAAATACAAAAATTAGTCAGGCCTGGTGGTAGGCATCTGTAACCCCAGCTATTCGGGAGGCTGAGGTAGGAGAATCATTTGAACCCGGGAGGCAGAGGTTGCAGTGAGCCAAGATGGTGCCACTGCACTCCAGCCTGGGCAACAAAGAGCAAAACTCTGTCTCAAAAAAAAAAAAAA","GGCCAGGCGCAGTGGCTCACGCCTGTAATCCCCATACTTTGGGAGGCCAAGGCAGGCGGATAACCTGAGGTCAGGAGTTCGAGACCAGCCTGGCCAACATGGTGAAACCCCGTCTCTACTAAAAATACAAAAATTAGTCAGGCCTGGTGGTAGGCATCTGTAACCCCAGCTATTCGGGAGGCTGAGGTAGGAGAATCATTTGAACCCGGGAGGCAGAGGTTGCAGTGAGCCAAGATGGTGCCACTGCACTCCAGCCTGGGCAACAAAGAGCAAAACTCTGTCTCAAAAAAAAAAAAAAA"
"chr1","7416805","7417103","chr1","7404036","7404334","3","12769","CCAGGCGCGGTGGCTCACGCCTATAATCCCAGCACCTTGGGAGGCCTAGGTGGGGGGATCAACTGAGGTCAGGAGTTCGAGACCAGCCTGCCCAACATGGCGAAACCCCGTCTCTACTAAAAATACAAAAAATTAGCCGGGCGTGATGACGGGTGCCTGTAATCCCAGCTACTCGAGAGGCTGAGACAGGAGAATCGCTTGAACCCAGGAGGCGGAGGTTGCAGTGAACCAGGATCATACCACTGCACTCCAGCCTGGGCAACAAGAATGAAACTCCATCTCAAAAAAAAGAAAGAAAA","CCAGGCGCGGTGGCTCACGCCTATAATCCCAGCACCTTGGGAGGCCTAGGTGGGGGGATCAACTGAGGTCAGGAGTTCGAGACCAGCCTGCCCAACATGGCAAAACCCCGTCTCTACTAAAAATACAAAAAATTAGCCAGGCGTGATGACGGGTGCCTGTAATCCCAGCTACTCGAGAGGCTGAGACAGGAGAATCGCTTGAACCCAGGAGGCGGAGGTTGCAGTGAACCAGGATCGTACCACTGCACTCCAGCCTGGGCAACAAGAATGAAACTCCATCTCAAAAAAAAGAAAGAAAA"
"chr1","7433020","7433342","chr1","7419460","7419782","4","13560","GGCTGGGCATGGTGGCTCACGCCTGTAATCCCAGCACTTTGGGAGGCCGGGGTGGGCAGATCACTTGAGGTCAGAAGTTCGAGACCAGCCTGGCCAACATGATGAAACTCTATCTCTACTAAAAATACTAAAAATACAAAAAATTAGCCAGGAATGGTGGCAGATGCCTGTAATCCCAGCTACTTGGGAGGCTGAGGCAGAAGAATCACTTAAATCCAGGAGGGGGAGGTTGCAGTGAGCTGAGATCGTGCCCCTGCACTCCAGCCTGGGCAACAAGAGCAAAACTTCGTCTCAAATAAATACATAAATAAAAATAAAAAGAA","GGCTGGGCATGGTGGCTCACGCCTGTAATCCCAGCACTTTGGGAGGCCGGGGTGGGCAGATCACTTGAGGTCAGAAGTTCGAGACCAGCCTGGCCAACATGATGAAACTCTATCTCTACTAAAAATACCAAAAATAGAAAAAATTAGCCAGGAATGGTGGCAGATGCCTGTAATCCCAGCTACTTGGGAGGCTGAGGCAGAAGAATCACTTAAACCCAGGAGGGGGAGGTTGCAGTGAGCCGAGATCGTGCCCCTGCACTCCAGCCTGGGCAACAAGAGCAAAACTTCGTCTCAAATAAATACATAAATAAAAATAAAAAGAA"
"chr1","7435028","7435341","chr1","7421467","7421779","3","13561","GGCTGGGCATAGTGGCTCACACCTATAATCCCAGTACTTTAGGAGGCCAGGACGGGCGGATGAGCTGAGGTCAGGAGTTCAAGACCATCCCGGCCAACATGGCAAGACCCCGTCTCTACTAAAAATTACAAAAATTAGCTGGGTGTGGCGGCGGGCGCCTGTAATCCCAGCTACTCGGGAGGCTGAGGCAGGAGAATTGCTTGAATCCAGGAGGTGGAGGTTGCAGTGAGCTGAGATCATGCCACTGCACTCCAGCCTGGGCAACAAGAGTGAGACTCCAACTCAAAAAAAAAAAAAAAAGAAAGAAAGAAAAA","GGCTGGGCATAGTGGCTCACACCTATAATCCCAGTACTTTAGGAGGCCAGGACGGGCGGATGAGCTGAGGTCAGGAGTTCAAGACCATCCCGGCCAACATGGCAAGACCCCGTCTCTACTAAAAATTACAAAAATTAGCTGGGTGTGGCGGCGGGCGCCTGTAATCCCAGCTACTCGGGAGGCTGAGGCAGGAGAATTGCTTGAATCCAGGAGGTGGAGGTTGCAGTGAGCTGAGATCATGCCACTGCACTCCAGCCTGGGCAACAAGAGTGAGACTCCAACTCAAAAAAAAAAAAAAGAAAGAAAGAAAAAA"
"chr1","7535759","7536060","chr1","7526043","7526345","6","9716","GGCCGGACACGGTGGCTCACGCCTGTAATCCCAGAACTTTGGGAGGCCAAGGCGGGCAGATTACCTGAGGTCGGGAGTTTGAGACCAGCCTGGCCAACATGGTGAAACCCCATCTCTACTAAAAATACAAAAATTAGCTGGGCGTGGTGGCGCATGCTTGTAATTCTAGCTACTCAGAAGGCCGAGGCAGGAGAATCACTTGAATCCAGGATGCAGAGGTTGCAGTGAGCTGAGATTGTGCCACTGCACTCCAGCCTGGGCAACAAGAGCGAAGCTCCTGTCTCAAAAAACCAAAAAAGAGA","GGCCGGACACGGTGGCTCACGCCTGTAATCCCAGAACTTTGGGAGGCCAAGGCGGGCAGATTACCTGAGGTCAGGAGTTTGAGACCAGCCTGGCCAACATGGTGAAACCCCATCTCTACTAAAAATACAAAAATTAGCTGGGCGTGGTGGCGCATGCTTGTAATTCTAGCTACTCAGAAGGCCGAGGCAGGAGAATCACTTGAATCCAGGATGCAGAGGTTGCAGTGAGCCGAGACTGCACCACTGCACTCCAGCCTGGGCAACAAGAGCGAAGCTCCTGTCTCAAAAAACCAAAAAAAGAGA"
"chr1","7699583","7699877","chr1","7693601","7693896","2","5982","GGGCACAGTGGCTCACGCCTGTAATCCCAGCACTTTGGGAGGCCGAGTTGGGCGTATCGCCTGAGGTCAGGAGTTCAAGACCAGCCTGACCAACATGGTGAAACCCCGTCTCTACTAGAAATACAAAAATTAGCCAGGCGTGGTGGCAGGCACCTGTAATCCCAGCTACTCGGGAGGCTGAGACAGGAGAATCACTTGAACCCGGGAAGCAGAGGTTGCGGTGAGTCAAGATTGCGCCACTGCACTCCAGCCTAGGCAACAAGAGCGAAACTCCATCTCAAAATAAGAAGAAAGA","GGGCACAGTGGCTCACGCCTGTAATCCCAGCACTTTGGGAGGCCGAGTTGGGCGTATCGCCTGAGGTCAGGAGTTCAAGACCAGCCTGACCAACATGGTGAAACCCCGTCTCTACTAGAAATACAAAAAATTAGCCGGGCGTGGTGGCAGGCACCTGTAATCCCAGCTACTCGGGAGGCTGAGACAGGAGAATCACTTGAACCCGGGAAGCAGAGGTTGCGGTGAGTCAAGATTGCGCCACTGCACTCCAGCCTAGGCAACAAGAGCGAAACTCCATCTCAAAATAAGAAGAAAGA"
"chr1","7982926","7983221","chr1","7981427","7981726","5","1499","GGCTGGGTGCGGTGGCTCACGCCTGTAATCCTAGCACTTTGGGAGGCCAAGGTGGGCGGATCACGAGATCAGGAGTTCGAGACCAGCCTGGCTAACATGGTGAAACCCCGTCTCTACCAAAAATACAAAAATTAGCTGGGCATGGTGGCAGGTGCCTGTAATTCTAGCTACTCGGGAGCTGAGGCAGGAGAATCGCTTGAACCTGGGAGGTGGAGGTTGCAGTGAGCCGAAATTGCACCACTGCACTCCAGCTTGGGCAACAAGAGCAAAGCTCCCATTTCAAAAAAAAAAAAGAA","GGCTGGGTGCGGTGGCTCACGCCTGTAATCCTAGCACTTTGGGAGGCTAAGGTGGGCGGATCACGAGATCAGGAGTTCGAGACCAGCCTGGCTAACATGGTGAAACCCCGTCTCTACCAAAAATACAAAAATTAGCTGGGCATGGTGGCAGGTGCCTGTAATTCTAGCTACTCGGGAGCTGAGGCAGGAGAATCGCTTGAACCTGGGAGGTGGAGGTTGCAGTGAGCCGAAATTGCACCACTGCACTCCAGCTTGGGCAACAAGAGCAAAGCTCCCATTTCAAAAAAAAAAAAAAAAGAA"
"chr1","8040033","8040322","chr1","8039016","8039305","1","1017","GGCTGGGCAGGGTGGCTCACGCCTGTAATCCCAGGACTTTGGGAGGCCGAGGCAGGTGGATCACCTGAGGTAAGGAGTTCAAGACCAGCCTGACCAACATGGCGAAACCCCATCTCTACTAAAAATACAAAGTTAGCTGGGAATGGTGGTGGGCGCCTGTAATCCCAGCTACTCGGGAGACTGAGGCAGGAGACTCACTTGAACCCGGGAGGCGGAGGTTGCAGTGAGCTGAGATCGCGCCACTGCACTCTAACCTGGGCAACAAGAGCGAAACTCCATCTAAAAAAAAA","GGCTGGGCAGGGTGGCTCACGCCTGTAATCCCAGGACTTTGGGAGGCCGAGGCAGGTGGATCACCTGAGGTAAGGAGTTCAAGACCAGCCTGACCAACATGGCGAAACCCCATCTCTACTAAAAATACAAAGTTAGCTGGGAATGGTGGTGGGCGCCTGTAATCCCAGCTACTCGGGAGACTGAGGCAGGAGAATCACTTGAACCCGGGAGGCGGAGGTTGCAGTGAGCTGAGATCGCGCCACTGCACTCTAACCTGGGCAACAAGAGCGAAACTCCATCTAAAAAAAAA"
"chr1","8180446","8180753","chr1","8181112","8181419","2","666","GGCCAGGCGCAGTGGCTTATACCTGTAATCCCAGCACTTTGGGAGGCTGAGGCGAGCAGATCACCTGAGGGTCAGGAGTTGGAGACCAACCTGGCCAACATGGTGAAACCCCGTCTCTACTAAAAATACAAAATTAGCTGGGCGTGGTGGCTAACACCTGTAATCCCAGCTACTCGGGAGGCTGAGACAGGAGAATCTCTTGAATCTGGTAGGTGGAGGTCACGGTGAGCCAAGATCGCACTGCTGCACTCCAGCTTGGGCAAAAAGAGTGAAACTCCATCTCAAAAAATAAATAAATAAATAATAAA","GGCCAGGCGCAGTGGCTTACACCTGTAATCCCAGCACTTTGGGAGGCTGAGGCGAGCAGATCACCTGAGGGTCAGGAGTTGGAGACCAACCTGGCCAACATGGTGAAACCCCGTCTCTACTAAAAATACAAAATTAGCTGGGCGTGGTGTCTAACACCTGTAATCCCAGCTACTCGGGAGGCTGAGACAGGAGAATCTCTTGAATCTGGTAGGTGGAGGTCACGGTGAGCCAAGATCGCACTGCTGCACTCCAGCTTGGGCAAAAAGAGTGAAACTCCATCTCAAAAAATAAATAAATAAATAATAAA"
"chr1","8268233","8268541","chr1","8282813","8283121","0","14580","GGCCGGGCGCGGTGGCTCACACCTGTAATCCCCACACTTTGGAAGGCCAAGGCGGGTGGATCACCTGAGGTCAGTAGTTCCAGACCAGCTTGGCCAACATGGTGAAACCCCATCTCTACTAAAAATACAAAAATTACCTGGGCGTGGTGGTGAGCACCTGTAATCTCAGCTACTCGGGAGGCTGAGGCAGGAGAATCACTTGAACACAGGAGGCAGAGGTTGCAGTGAGCCAAGATCACGCCACTGCACTCCAGCCTGGGCAACAAGAGAGAGATTCTGTCTCAAAAAAGAAAAGAAAAGAAAAGAAAA","GGCCGGGCGCGGTGGCTCACACCTGTAATCCCCACACTTTGGAAGGCCAAGGCGGGTGGATCACCTGAGGTCAGTAGTTCCAGACCAGCTTGGCCAACATGGTGAAACCCCATCTCTACTAAAAATACAAAAATTACCTGGGCGTGGTGGTGAGCACCTGTAATCTCAGCTACTCGGGAGGCTGAGGCAGGAGAATCACTTGAACACAGGAGGCAGAGGTTGCAGTGAGCCAAGATCACGCCACTGCACTCCAGCCTGGGCAACAAGAGAGAGATTCTGTCTCAAAAAAGAAAAGAAAAGAAAAGAAAA"
"chr1","8292048","8292208","chr1","8307161","8307331","11","15113","GGGCTTGATGGCGGGCACCTGTAATCCCAGCTACTTGGGAGACTGAGGCAGGAGAATCGCTTGAACCCAGGAAGCAGAGGTTGCAGTGAGCCAAGACAGTGCCACTGCACTCCAGCCTGGGCAACAAGAGTAGGACTCTGTCTAAAAAAAAAAAAAGAAAA","GGGCTTGATGGCGGGCACCTGTAATCCCAGCTACTTGGGAGACTGAGGCAGGAGAATCGCTTGAACCCAGGAAGCAGAGGTTGCAGTGAGCCAAGACAGTGCCACTGCACTCCAGCCTGGGCAACAAGAGTAGGACTCTGTCTAAAAAAAAAAAAAAAAAAAAAAAAGAAA"
"chr1","8294870","8295168","chr1","8309996","8310294","4","15126","GGCGCGGTGGCTCACGCCTGCAATCCCAGCACTTTGGGAGGCTGAGGTGGGTGGATCGCCTGAGGTCAGGAGTTTAAGACCAGCTTGGCCAACATAGTGAAACCCCGTCTCTACTAAAAATACAAAAATTAGCCGGGTGTGGTGGCAGGCACCTGTAATCCTAGCTACTTGGGAAGCTGAGGCAGGAGAATCGCTTGAACCTGGAAGGCAGAGGTTTTAGTGAGCCGAGGTTGTGCCACTGTACTCCAGCCTGGAAAACAAGATAGAGACTCCGTCTCAAAACAAAAACAAAAACAAAA","GGCGCGGTGGCTCACGCCTGCAATCCCAGCACTTTGGGAGGCTGAGGTGGGTGGATCGCCTGAGGTCAGGAGTTCAAGACCAGCTTGGCCAACATAGTGAAACCCCGTCTCTACTAAAAATACAAAAATTAGCCGGGTGTGGTGGCAGGCACCTGTAATCCCAGCTACTTGGGAAGCTGAGGCAGGAGAATCGCTTGAACCTGGAAGGTGGAGGTTTTAGTGAGCCGAGGTTGTGCCACTGTACTCCAGCCTGGAAAACAAGATAGAGACTCCGTCTCAAAACAAAAACAAAAACAAAA"
"chr1","8325281","8325590","chr1","8340820","8341129","2","15539","GGCCGGGCATGGTGGCTCATGCATGTACTCCCAGCACTTTGGGAGACCAAGGCAGGCGGATCACCTGAGGTCAGGAGTTCAAGACCAGCTTGGCCAACATGGTGAAACCCCATCTCTACTAAACATACAAAAATTAGCCGGGCGTGGTGGTGAGCGCCTGTAATCCCAGCTACTCGGGAGGCTGAGGCAGGAGAATCACTTGAGCCCAGGAGGAGGAGGTGGCAGTGAGCCGAGATGGTGCCGCTGCACTCCAGCCTGGGCAACAAGAGTGAAACTCCATCTCAAAGAAAAATAATAAATAAAAAATAAA","GGCCGGGCGTGGTGGCTCATGCATGTACTCCCAGCACTTTGGGAGACCAAGGCAGGCGGATCACCTGAGGTCAGGAGTTCAAGACCAGCTTGGCCAACATGGTGAAACCCCATCTCTACTAAACATACAAAAATTAGCCGGGCGTGGTGGTGAGCGCCTGTAATCCCAGCTACTCGGGAGGCTGAGGCAGGAGAATCACTTGAGCCCAGGAGGAGGAGGTGGCAGTGAGCCGAGATGGTGCCGCTGCACTCCAGCCTGGGCAACAAGAGTGAAACTCCATTTCAAAGAAAAATAATAAATAAAAAATAAA"
"chr1","8575077","8575247","chr1","8600428","8600594","4","25351","AAAATTAGCTGGGTGTGGTGGTGGGCACCTGTAATGCCAGCTACTGGGGAGGCTGAAGCAGGAGAATTGTTGAACCTGGGAGGCAGAAGTTGCAGTGAGCTGAGACTGTGCCACTGCACTCCAGCCTGGGCAACAAGAGCGAAACTCCATCTCAAAAACAAACAAACAAAA","AAAATTAGCTGGGTGTGGTGGTGGGCACCTGTAATGCCAGCTACTGGGGAGGCTGAAGCAGGAGAATTGTTGAACCTGGGAGGCAGAAGTTGCAGTGAGCTGAGACTGTGCCACTGCACTCCAGCCTGGGCAACAAGAGCGAAACTCCATCTCAAAAACAAACAAAA"
"chr1","8668240","8668584","chr19","57994817","57995136","91","49326577","GGCCCAGAATGGTGGCTTATGCCTGTAATCCCAAACACTTTGGGAGGCCAAGGTTGGCAGATTGCTTAAGCCCAGGAGTTCAAGATCAAGCTGGGCAACGTCGCAAAACCCCATCTCTACAAAAAAAAAATAATAATACAAAAATTAGACAGGCGTGGTGGCAAGCACCTGTGGTTCCAGCTACTCGGGAGGATTAGCCAGGTGTGTTGGTGGGCACCTGTAATCCCAGCTACTTGGGAAGCTGAGGAAGGAGAATCACTTGAACCTGGGAGGCAGAGGTTGCAGTGAACTGAGATCACACCACTGCACTCCAGCCTGGGCACAAGAGCGAAACTCCAACTCAAA","GGCTGGGCACAGTGGCTCATGCCTATAATCCCAGCACTTTGGGAGGCCAAGGCAGGCGGATCACCTGAGGCCAGGAGTTTGAGACCAGCCTGGCCAACATGGCGAAACCCTATCTCTACTAAAAATACAAAAAATTAGCCAGGTGTGGTGGCANNNNNNNNNNAAAATTAGCCAGGTGTGGTGGCAGGCGCCTGTAATCCCAGCTACTCAGGAGGCTGAGGCAGGAGAATCGCTTGAACCCAGGAGGCGGAGGCTGCAGTGAGCCGAGATCACGCTACTGCACTCCAGCCTGGGCAACAAGAGTGAAACTCTCTCAAAAA"
"chr1","8706548","8706835","chr1","8732516","8732803","1","25968","GGCCAGGCACAGTGGCTCACATCTATAATCCTAGCACTTTGGGAGGCTGAGGCGGGCGGATCACCTGAGGTCAGGAGTTCGAGACCAGCCTCGCCAACATGGTGAAACCCCATCTCTACTAAAAATATAAAAATTAGCTGGGCGTGATGGCAGGCACCTGTAGTCCCAGCTACTTGGGAGGCTGAGGCAGAAGAACCACTTGAACCCGGGAGGCAGAGCCTGTAGGGAGCCGAGATTGTACCACTGCACTCCAGCCTGGGCAACAAGAGCAAAACTCCATCTCAAAAA","GGCCAGGCACAGTGGCTCACATCTATAATCCTAGCACTTTGGGAGGCTGAGGTGGGCGGATCACCTGAGGTCAGGAGTTCGAGACCAGCCTCGCCAACATGGTGAAACCCCATCTCTACTAAAAATATAAAAATTAGCTGGGCGTGATGGCAGGCACCTGTAGTCCCAGCTACTTGGGAGGCTGAGGCAGAAGAACCACTTGAACCCGGGAGGCAGAGCCTGTAGGGAGCCGAGATTGTACCACTGCACTCCAGCCTGGGCAACAAGAGCAAAACTCCATCTCAAAAA"
"chr1","8753702","8754004","chr1","8780861","8781161","4","27159","GGCTGGGCGCAGTGGCTTACGCCTCTAATCCCTGCACTTTGGGAGGCCGAGGCGGGCGGATCACCTGAGGTCGGGAGTTCAAGACCAGTCTGGCCAACATGATGAAACCCCGTCTCTACTAAAAATACAAAAAATTAGCTGGGCGCGGTGGCGGGCACCTGTAATCCCAGCTACTCAGGAGGCTGAGGCAGGAGAATTGCTTGAACCCGGGAGGCAGAGGTTGCAGTGAGCTGAGATTACGCCACTGCACTCTCCAGCCTGGGCAACAAGAGTGAAACTCCATCTCAAAAAAACAAAACAAAA","GGCTGGGCGCAGTGGCTTACGCCTCTAATCCCTGCACTTTGGGAGGCCGAGGCGGGCGGATCACCTGAGGTCGGGAGTTCAAGACCAGTCTGACCAACATGATGAAACCCCGTCTCTACTAAAAATACAAAAAATTAGCTGGGCGCGGTGGCGGGCACCTGTAATCCCAGCTACTCAGGAGGCTGAGGCAGGAGAATTGCTTGAACCCGGGAGGCAGAGGTTGCAGTGAGCTGAGATTACGCCACTGCACTCTAGCCTGGGCAACAAGAGTGAAACTCTATCTCAAAAAAACAAAACAAAA"
"chr1","8911904","8912214","chr1","8941544","8941854","1","29640","GGCCGGACATGGTGGCTCATGCCTGTAATCCCAGCACTTTGGGAGGCCGAGGCAGGTGGATCACCTGAGGTCAGGAGTTCGAGACCAGCCTGACCAACATGGTGAAACCCCATCTCTACTAAAAATACAAAATTAGCCAGGCATGGTGGCACGTGCTTGTAATCCCAGCTACTCAGGAGGCTGAGACCAGAGAATTGTTTGAACACGGGAGGTGAAGTTTGCAGTGAGCCGAAATTGTGCCACTGCACTCCAGCCTGGGCATCAAGAGCGAAACTCCTCAAAAAAAAAAATAAATAAATAAAATTAAAAAA","GGCCGGACATGGTGGCTCATGCCTGTAATCCCAGCACTTTGGGAGGCCGAGGCGGGTGGATCACCTGAGGTCAGGAGTTCGAGACCAGCCTGACCAACATGGTGAAACCCCATCTCTACTAAAAATACAAAATTAGCCAGGCATGGTGGCACGTGCTTGTAATCCCAGCTACTCAGGAGGCTGAGACCAGAGAATTGTTTGAACACGGGAGGTGAAGTTTGCAGTGAGCCGAAATTGTGCCACTGCACTCCAGCCTGGGCATCAAGAGCGAAACTCCTCAAAAAAAAAAATAAATAAATAAAATTAAAAAA"
"chr1","8950246","8950545","chr1","8979490","8979789","0","29244","CCAGGCACAGTGGCTCATGCCTGTAATCCCAGCACTTTGGGAGGCCGAGGCGGGTGGATCACTTGAGGTCAGGAGTTTGAGACCAGCCTGGCCAACATGGCGAAACCCCGTCTCTACTAAAAGTACAAAAATTAGCCGGCCATGGTGGCAGGTGCCTGTAATCCCAGCTTCTCGGGTGGCTGAGGCAGGAGAATCATTCGAACCCAGGGAACGGAGGTTGCAGTGAGCCAAGATCATGCCACTTCACTCCAGCCTGGGCAAAAGAGCAAAACTCTGTCTCAAGAAACAAAAAAAAGAAAA","CCAGGCACAGTGGCTCATGCCTGTAATCCCAGCACTTTGGGAGGCCGAGGCGGGTGGATCACTTGAGGTCAGGAGTTTGAGACCAGCCTGGCCAACATGGCGAAACCCCGTCTCTACTAAAAGTACAAAAATTAGCCGGCCATGGTGGCAGGTGCCTGTAATCCCAGCTTCTCGGGTGGCTGAGGCAGGAGAATCATTCGAACCCAGGGAACGGAGGTTGCAGTGAGCCAAGATCATGCCACTTCACTCCAGCCTGGGCAAAAGAGCAAAACTCTGTCTCAAGAAACAAAAAAAAGAAAA"
"chr1","9001952","9002258","chr1","9036686","9036990","7","34734","GGCACGGTGGCTTACGCCTGTAATCCCAGCACTTTGGGAGGCCGAGGCAGGAGGATCACTTGAGGCCAGGAGTTCGAGACCAGCCTGGCCAACATGGTGAAACCTCGTCTCTACGAGAAATACAAAACTGAGCCGCGCATGGTGGCAGGTGCCTGTAATCCCAGCTACTTGGGAGCTGAGGTAGGAGAATCACTTGAACCTGGGAGGCAGAGGTTGCAGTGAGCTGTGATCGCACCACTGCACTCCTGCCTGGGCAGCAAGAGCAAAACTCTGTTTAAAAAAAAAGAAAGAAAGACAAAAGAAAGAA","GGCACGGTGGCTCACGCCTGTAATCCCAGCACTTTGGGAGGCCGAGGCAGGAGGATCACTTGAGGCCAGGAGTTCGAGACCAGCCTGGCCAACATGGTGAAACCTCGTCTCTACGAGAAATACAAAACTGAGCCGCGCATGGTGCCAGGTGCCTGTAATCCCAGCTACTTGGGAGCTGAGGTAGGAGAATCACTTGAACCTGGGAGGCAGAGGTTGCAGTGAGCTGTGATCGCACCACTGCACTCCAGCCTGGGCAGCAAGAGCAAAACTCTGTTTAAAAAAAAAAGAAAGAAAGACAAAAGAAA"
"chr1","9066873","9067171","chr10","83957242","83957544","34","74890369","GGCTTGGCATGGTGGCTCATGCCTATAATCCCAGCACTTTGGGAGGCTGAGGCAAGTGGATCACGAGGTCAGGAGTTCTAGACCAGCCTGGCCAACATGGTGAAACCCTATCTCTACTAAAAATACAAAATTAGCCATGCGTGGTGGCAGGCGCCTGTAATCCCAGCTACTAGGGAGGCTGAGGCAGAAGAATCGCTTGAACCTGGGAGACGGAGGTTGCAGTGAGCCGAGATCATGCCACTGCATTTCAGTCTGGGCAACAAGAGTGAGACTGCATCTCAAAAACAAAACAAAAAAAA","GGCCGGGCACAGTGGCTCATGCCTATAATCCCAGCACTTTGGGAGGCCAAGGCAGGTGGATCATCTGAGGTCAGGAGTTCAAGACCAGCCTGACCAACATGGTGAAACCCTGTCTCTACTAAAAATACAAAAATTAGCCAGGTGTGGTGGCACATGCCTGTAATACCAGCTACTTGGGAGGCTGAGGCAGGAGAATCGCTTGAACCTGGGAGGCGGAGGTTGCAGTGAGCCGAGATCACGCCACTGCACTCCAGCCTGGGTAACAAGAGTGAAACTATGTCTCAAAAAAAAAAGAAAAGAAAA"
"chr1","9126916","9127216","chr1","9163107","9163411","4","36191","GGCCAGGTGCAGTGACTCACACCTGTAATCCCAGCACTTTGGGAGGCCGAGGCGGGTGGATGGCTTGAGGTCAGGCATTCAAGACCAGCCTGGCCAACATGGTAAAACCACATCTCTACTAAAAATACAAAGATTAGCTGGACATGGTGGTGTGTGCCTGTAATCCCAACTATTCAGGAGGCTGAGACAGGAGGATAGCTTGACCCTAGGAGGTGGAGGTTGCAGTGAGCTGAGATCCTGCCACAGCATTCCAGCCTGGGGTACAAGAGCAAAATTCCTCTCAGAAAAAAAAAAAAGAAAA","GGCCAGGTGCAGTGACTCACACCTGTAATCCCAGCACTTTGGGAGGCCGAGGCGGGTGGATGGCTTGAGGTCAGGCATTCAAGACCAGCCTGGCCAACATGGTAAAACCACATCTCTACTAAAAATACAAAGATTAGCTGGACATGGTGGTGTGTGCCTGTAATCCCAACTATTCAGGAGGCTGAGACAGGAGGATAGCTTGACCCTAGGAGGTGGAGGTTGCAGTGAGCTGAGATCCTGCCACAGCATTCCAGCCTGGGGTACAAGAGCAAAATTCCTCTCAGAAAAAAAAAAAAAAAAGAAAA"
"chr1","9322920","9323201","chr1","9422080","9422361","0","99160","GGCTGGGCACAGTGGCTCACGCCTGTAATCCCAGCACTTTGGGAGACTGAGGCGGGTGGATCACCTGAGGTCAGGAGTTTAAGACCAGCCTGGGCAACACGGTGAAACCCCGTCTCTACTAAAAATACAAAATACAAAATTAGTCGGGCGTGGTGGTGCATCTCTACTACTCAGGAGGCTGAGGCAGGAGAATCGCTTGAACCCGGGAGGCGGAGGTTGCAGTGAGCCAAGATTGTGTCACTGCGCTCCAGCCTGGGCAACAAGAGCTAAATTCTGTCTCAA","GGCTGGGCACAGTGGCTCACGCCTGTAATCCCAGCACTTTGGGAGACTGAGGCGGGTGGATCACCTGAGGTCAGGAGTTTAAGACCAGCCTGGGCAACACGGTGAAACCCCGTCTCTACTAAAAATACAAAATACAAAATTAGTCGGGCGTGGTGGTGCATCTCTACTACTCAGGAGGCTGAGGCAGGAGAATCGCTTGAACCCGGGAGGCGGAGGTTGCAGTGAGCCAAGATTGTGTCACTGCGCTCCAGCCTGGGCAACAAGAGCTAAATTCTGTCTCAA"
"chr1","9324057","9324368","chr1","9423227","9423533","7","99170","GGCTGGGCACGGTGACTCACGCCTGTAATCCCAGCAGTTTGGGAGGCTAAGGCAGTGGATCAACTGAGGTCAGGAGTTCAAGACCAGCCTGGCCAACATGATGAAACCCCGTTTCTACTAAAAATACAAAAAATTAGTCGGGCATGGTGGCGCATGCCTGTAATCCCAGCTACTCAGGAGGCAGAGGCAGGAGAATCGCTTGAACCCAGGAGGCAGAGGTTACAGTGAGCCAAGATCGTACCACTGTACTTCAGCCTGGGCAACAAGAGTGAAACTCCACCTCAAAAAAAACAAAAAAACAAAAAAACAAGA","GGCTGGGCACGGTGACTCACGCCTGTAATCCCAGCAGTTTGGGAGGCTAAGGCAGTGGATCAACTGAGGTCAGGAGTTCAAGACCAGCCTGGCCAACATGATGAAACCCCGTTTCTACTAAAAATACAAAAAATTAGTCGGGCATGGTGGCGCATGCCTGTAATCCCAGCTACTCAGGAGGCAGAGGCAGGAGAATCGCTTGAGCCCAGGAGGCAGAGGTTACAGTGAGCCAAGATCGTACCACTGTACTTCAGCCTGGGCAACAAGAGTGAAACTCCACCTCAAAAAAAAAACAAAAAAAACAAGA"
"chr1","9483299","9483614","chr7","73585378","73585690","42","64102079","GGCTGGGCTCGGTGGCTCATACCTGTAATCTCAGCACTTTGGGAGGCCGAGGCAGGCAGATCACTTGAGGTCAAGAGTTCGAGACCAGCCTGGCCAACATGGCGAAATCCCATCTCTACTAAAAATACAAAAATCAGTTAGGTGTGGTGACGTGCGCCTATAATCCCAGCTACTCGGGAGGCTGAGGCAGGAGAATCACCTGAGCCTAGGAGGTGGAGGTTGCAGTGAGCCAAGATTGCACCACTGCACTCCAGCCTGGGCAACAAGAGCAAAACTCTGTCTCAATTTAAAGTAAAAAGAAGGAGAAGGAGAAGAA","GGCTGGGTGCGGTGGCTCATGCCTGTAATCCCAGCACTTTGGGAGGCCGAGGCAGGTGGATCACTTGAGGTCAAGAGTTCGAGACCAGCCTGGCCAACATGGTGCAATACTGTCTCTACTAAAAATACAAAAATTAGCCAGGGGTGGCGGCAGGAGCCTGTAATCCCAGCTACTTGGGATGCTGAGGCAGGAGAATCGCTTGAGCCCAGGAGGTGGAGGTTGCAGTGAGCCAAGATTGCACCACTGCACTCCAGTCTGGGCAACAAGAGCAAGACTCCGTCTCAAAAAAAAAAAAAAAAAAAAGATACAAAAA"
"chr1","9536241","9536549","chr1","9636882","9637189","2","100641","GACTGGGCCCAGTGGCTCACACCTGTAATCCCAACACTTTGGGAGGCTGAGGTGGGCGGATCACCTGAGGGCAGGAGTTCGAGACCAGCCTGTCCAACATGGTGAAACCCTGTCTCTACTAAAAATACAAAAATTAGCCGGGCGTGGTGGCGTGAGCCTTTAATCCCAGCTACTCAGGAGGCTGAGGCAAGAGAATCACTTGAACCCAGGAGGTAGAGGCTGCAGTGAGCTGAGATTGCACCACTGCACTCCAGCCTGGGCAACAAGAGTGAAACTCCGTATCAAAAATAAATAAATGAATAAATAAAA","GACTGGGCCCAGTGGCTCACACCTGTAATCCCAACACTTTGGGAGGCTGAGGTGGGCGGATCACCTGAGGGCAGGAGTTCGAGACCAGCCTGTCCAACATGGTGAAACCCTGTCTCTACTAAAAATACAAAAATTAGCCGGGCGTGGTGGCGTGAGCCTTTAATCCCAGCTACTCAGGAGGCTGAGGCAAGAGAATCACTTGAACCCAGGAGGTAGAGGCTGCAGTGAGCTGAGATTGCACCACTGCACTCCAGCCTGGGCAACAAGAGTGAAACTCCGTATCAAAAATAAATAAATAAATAAATAAA"
"chr1","9947716","9948011","chr12","107745775","107746073","31","97798059","GGCCAGACACAGTGGCTGACGCCTGTAATCCCAGCATTTTGGGAGGCCAGGTGGGTGAATCACCTGAGGTCAGGAGTTCGAGACCAGCCTGGCCAACATGGTGAAACCCCGTCTCTACTAAAAATACAAAAAATTAGCCAGGCATGGTGGCGGGTGCCTGTACCAGCTACTTAGGAGGCTGAGGCAGGAGAATCACATGAACCCAGGAGGCGGAGGTTGCAGTGAGCTGAGATGGGGCCACTGCACTCCAGCCTAGGCAACAAGAGTAAAACTCTGTCTCAAAAAAAAAAAAAAAA","GGCCAGGCACAGTGGCTCACGCCTGTAATCCCAGCAATTTGGGAGGCTGAGGCGGGTGGATCACCTGAGGTCAGGAGTTCGAGACCAGCCTGGGCAACATGGTGAAACCCTGTCTCTACTAAAAATACAAAAATTAGCTGGGCGTGGTGGCAGGTGCCTGTAATCCCAGCTACTCAGGAGGCCGAGGCAGGAGAATCACTTGAACCCAGGAGGTGGAGGTTGCAGTGAGCCAAGATCACGCCACTGCACTCCAGCTTGGGCAACAAGAGCGAAACTCTGTCTCAAAAAAAAAAAAAGAA"
"chr1","10132823","10133126","chr1","10257900","10258203","2","125077","GGCCGGGCGTGGTGGCTCATGCCTGTAATCCCAGCACTTTGGGAGGGTGAGACGGGCGTATCACCTGAGGTCAGGAGTTCGAGACCAGCCTGGCCAATATGGTGAAACCTCATCTCTACTAAAAATACAAAAAATTTGCCGGACGTGATGGCGGGTGCCTGTAATCCCAGCTATTCGGGAGGCTGAGGCAGGAGAATCACTTGAACCCGGGAGGCGGAGGTTGTAGTGAGCGAGGATCGCGCCACTGCATTCTAGCCTGGGCAACAAGAGTGGAACTCCATCTCAAAAAAAGAAAAGAAAAGAA","GGCCGGGCGTGGTGGCTCATGCCTGTAATCCCAGCACTTTGGGAGGGTGAGACGGGCGTATCACCTGAGGTCAGGAGTTCGAGACCAGCCTGGCCAATATGGTGAAACCTCATCTCTACTAAAAATACAAAAAATTTGCCGGGCGTGATGGCGGGTGCCTGTAATCCCAGCTACTCGGGAGGCTGAGGCAGGAGAATCACTTGAACCCGGGAGGCGGAGGTTGTAGTGAGCGAGGATCGCGCCACTGCATTCTAGCCTGGGCAACAAGAGTGGAACTCCATCTCAAAAAAAGAAAAGAAAAGAA"
"chr1","10159082","10159252","chr5","140064568","140064737","30","129905486","CTAGCCAGGTGTGGTGGCAGGCGCCTGTAATCCCAGCTATTCGGAAGGCTGAGGCGCGAAAATCGCTTCAACCGGAGAAGCGGGGATTGCAGTGAGAAGAGATCGCACCACTGTACTCCTGCATGGGCAACAAGAGTGAAACTCTGTCTCAAAAAAAAAAGAAAAGAAAAA","TTAGCCAGGTGTGGTGGCGGGCGCCTGTAATCCCAGCTACTCTGGAGGCTGAGGCAGGAGAATTGCTTGAACCCTGGAGGCAGAGACTGCAGTGAGCTGAGATCGCGCCACTGCACTCCAGCCTGGGCAGCAAAGGCGAGACTCTGTCTCAAAAAAAAAAAAAAAAAAAA"
"chr1","10159558","10159692","chrX","153514418","153514551","23","143354860","CTGGGCGCGGTGACTCACGCCTGTAGTCCCAGCACTTTGGGAGGCTGAGGCGGATGGATCACCTGAGGTCAGGAGTCCAAGACGGGCCTGGCCAACATGGTGAAACCCCATCACTACTAAAAATAGAAAAATTGT","GGCCGGGCATGGTGGCTGACGCCTGTAATCCCAGCACTTTGGGAGGCTGAGGTGGGCGGATCACCTGAGGTCAGGAGTTCAAGACCAGCCAGGCCAACATGTTGAAACCCCATCTCTACTAAAAGAAAAAAAAT"
"chr1","10361975","10362290","chr1","10496365","10496675","8","134390","GCCAGATGTGGTGGCTCACGCTTGTAATCCCAGCACTTTGGGAGGCCAAGGAGGGTGGATCACCTGAGGTCAGGAGTTCAAGACCAGCCTGGCCAACATGGTGAAACCCCATCTCTACTAAAAATACAAAAAAAAAATTAAGCTGGGTGTGGTGGCGGGCACCTGTAATCCTACTCAGGAGACTGAGGCAGGAGAATGGCTTGAACCTGGGAGGTGGAGGTTGCGGTGAGCCGATATCATGCCACTGCACTCCAGCCTGGGCCACACAAGAGCAAAACTCCATCTACAAAAAAAAAAAAAACAAGAAAAGAAAAAA","GCCAGATGTGGTGGCTCACGCTTGTAATCCCAGCACTTTGGGAGGCCGAGGAGGGTGGATCACCTGAGGTCAGGAGTTCAAGACCAGCCTGGCCAACATGGTGAAACCCCATCTCTACTAAAAATACAAAAAAAAAAATTAGCTGGGTGTGGTGGCGGGCACCTGTAATCCTACTCAGGAGACTGAGGCAGGAGAATGGCTTGAACCTGGGAGGTGGAGGTTGCGGTGAGCCGATATCATGCCACTGCACTCCAGCCTGGGCCACACAAGAGCAAAACTCCATCTCAAAAAAAAAAAAAAAAAAAAAAAAA"
"chr1","10370461","10370714","chr1","10504593","10504858","12","134132","AGCACTTTGGGAGGCCGAGGCGGGCAGATCACCTGAGGTCAGGAGTTTGAGGCCAGCCTGGCCAACATGGTGAAACCCCGTCTCTACTAAAAATACAAAAATTAGCGGGGCGTGGTGGCGGGCGCCTGTAATCCCAGCTATTTGGGAGGCTGAGACAGGAGAACCGCTTGGACCCAGGAGGCAGAGGTTGCAGTGATCTGAGATCACGCCACCGCACTCCAGCCTGAGCAACAGAGAGCGAAACTGTCTCAAAA","AGCACTTTGGGAGGCCGAGGCGGGCAGATCACCTGAGGTCAGGAGTTTGAGGCCAGCCTGGCCAACATGGTGAAACCCCGTCTCTACTAAAAATACAAAAATTAGCGGGGCGTGGTGGCGGGCGCCTGTAATCCCAGCTATTTGGGAGGCTGAGACAGGAGAACCGCTTGGACCCAGGAGGCAGAGGTTGCAGTGATCTGAGATCACGCCACCGCACTCCAGCCTGAGCAACAGAGAGCGAAACTGTCTCAAAATAATAATAATAA"
"chr1","10375479","10375750","chr1","10509620","10509892","2","134141","GGCTCACACCTGTAATTCCAGCACTTTGTGAGGCCGAGGCGGGTGGATCACCTGAGGTCAAGAGTTTGAGACCACCAACATGGCAAAACCCCGTCTCTACTAAAAATACAAAAAATTAGCCAGGCGTGTTGGTGGGCGCCTGTAATCCCAGCTACTCGGGAGGCTGAGGCAGGAGAATCACTTGAACCCAGGAGGCAGAGGTTGCAGTGAGCCGAGATCACGCAACTACACTCCAGCCTGGACCACAAGAGTGAAACTCGTCTCAAAAAAAA","GGCTCACACCTGTAATTCCAGCACTTTGTGAGGCCGAGGCGGGTGGATCACCTGAGGTCAAGAGTTTGAGACCACCAACATGGCAAAACCCCGTCTCTACTAAAAATACAAAAAATTAGCCAGGCGTGTTGGTGGGCGCCTGTAATCCCAGCTACTCGGGAGGCTGAGGTAGGAGAATCACTTGAACCCAGGAGGCAGAGGTTGCAGTGAGCCGAGATCACGCAACTACACTCCAGCCTGGACCACAAGAGTGAAACTCGTCTCAAAAAAAAA"
"chr1","10383790","10384086","chr1","10511988","10512296","14","128198","GGCTGGGTGTGGTGGCTCACGCTGTAATCCCAGCACTCTGGGAGGCAGAGGCGGGTGGATCACCTGAGGTCAGGAGTTCAAGACCAGCCTGGCCAACATGGTGAAACCCCGTCTCTACTAAAAATACAAAGAATTAGCCAGGCATGGTGGCGGGTGCCTGTAATCCCAGCTACTTGGGAGGCTGAGGTAGGAGAATCGCTTGAACCCAGGAGGCAGAGGTTGCAGTGAGCCAAGATCCCACCACTGCACACCAGCCTGGGGAGCAAGAGCGAAATTCTGTCTACAAAAAAAGAAAAA","GGCTGGGTGTGGTGGCTCACGCTGTAATCCCAGCACTCTGGGAGGCAGAGGCGGGTGGATCACCTGAGGTCAGGAGTTCAAGACCAGCCTGGCCAACATGGTGAAACCCCGTCTCTACTAAAAATACAAAGAATTAGCCAGGCATGGTGGCGGGTGCCTGTAATCCCAGCTACTTGGGAGGCTGAGGTAGGAGAATCGCTTGAACCCAGGAGGCAGAGGTTGCAGTGAGCCAAGATCCCACCACTGCACACCAGCCTGGGGAGCAAGAGCGAAATTCTGTCTCAAAAAAAAAAAAAAAAAAAAAAAAAA"
"chr1","10417632","10417906","chr1","10552721","10553030","35","135089","GGCCGGGCACAGTGGTTCACACCTGTAATCTCAGCACTTTAGGAGGCCAAGGCGGGCAGATCACTTGAGGTCAGGAGTTCAAAACCAGCCTGGCCAACATGGTGAAACTGTCTCTACTAAACATACAAAATTGGCTGGGCGTGGTGGCAGGGGCCTGTAATCCCAGCTGCTCAGGAGGCTGAGGCAGGAGAATCTCCTGAACCTGGGAGGTGGAGGTTGCAATGAGCCGAGATGGAGCCACTGCACTCCAGCCTGGACAACAAGAGTGAAACTCC","GGCCGGGCACAGTGGTTCACACCTGTAATCTCAGCACTTTAGGAGGCCAAGGCGGGCAGATCACTTGAGGTCAGGAGTTCAAAACCAGCCTGGCCAACATGGTGAAACTGTCTCTACTAAACATACAAAATTGGCTGGGCGTGGTGGCAGGGGCCTGTAATCCCAGCTGCTCAGGAGGCTGAGGCAGGAGAATCTCCTGAACCTGGGAGGTGGAGGTTGCAATGAGCCGAGATGGAGCCACTGCACTCCAGCCTGGACAACAAGAGTGAAACTCCGTTTCAAAAAAAACAAAAACCAACCACAAAAAAAA"
"chr1","10583798","10584092","chr1","10726150","10726444","0","142352","GGCCGGGCACGTTGGCTCACGCCTCTAATCCCTGCACTTTGGGAGGCTGAGGCGGGTGGATCACCTGAGGTCAGGAGTTCGAGACCAGCCTGGCCAACATGATGAAACCCTGTCTCTACTAAAAATACAAAAAATTAGCCAGATGTGGTGGCAGGCGCCTGTAATCCCTGCTACTCAGGAGGCTGAGGAAGGAGAATTGCTTGAACCCGGGAGGTGGAGGTTGCAGTGAGCCGAGATCGTGCCACTGCACTCCAGACTGGGCAACAAGAGCGAAACTCTGCCTCAAAAAAACAAA","GGCCGGGCACGTTGGCTCACGCCTCTAATCCCTGCACTTTGGGAGGCTGAGGCGGGTGGATCACCTGAGGTCAGGAGTTCGAGACCAGCCTGGCCAACATGATGAAACCCTGTCTCTACTAAAAATACAAAAAATTAGCCAGATGTGGTGGCAGGCGCCTGTAATCCCTGCTACTCAGGAGGCTGAGGAAGGAGAATTGCTTGAACCCGGGAGGTGGAGGTTGCAGTGAGCCGAGATCGTGCCACTGCACTCCAGACTGGGCAACAAGAGCGAAACTCTGCCTCAAAAAAACAAA"
"chr1","10938647","10938953","chr1","11089043","11089353","5","150396","GGCCAGGCACAGTGGTCCACGCCTGTAATCCCAGCACTTTGGGAGGCCGAGGTGGGTGGATTACCTCAGGTCAGGATTTCAAAACCAGCCTGGCCTACATGGTGAAACCCCATCTCTACTAAAAACACAAAAAATTAGCCAGGCGTGGTAGCGGGTACCTGTAATCCCAGCTACTTGGAAGGCTGAGGCAGGAGAATCGCTTGAACCCTGGAGATGGAGGTTGCAATGAGCCGAGATCGCACCACTGCACTCCCACCTGGGCAACAAGAGTGAAACTCCATCTCAAAAAAAAAAAAGAAGAAAGAAA","GGCCAGGCACAGTGGTCCACGCCTGTAATCCCAGCACTTTGGGAGGCCGAGGTGGGTGGATTACCTCAGGTCAGGATTTCAAAACCAGCCTGGCCTACATGGTGAAACCCCATCTCTACTAAAAACACAAAAAATTAGCCAGGCGTGGTGGCGGGTACCTGTAATCCCAGCTACTTGGAAGGCTGAGGCAGGAGAATCGCTTGAACCCTGGAGATGGAGGTTGCAATGAGCCGAGATCGCACCACTGCACTCCCACCTGGGCAACAAGAGTGAAACTCCATCTCAAAAAAAAAAAAAAAGAAAGAAAGAAA"
"chr1","10972899","10973213","chr1","11124174","11124487","4","151275","GGCCAGGTGCAGTGGCTTACACCTGTAATCCCAGCATTTTGGGAGGCCGAGGTGGGTGGATCATCTGAGGTCAGGAGTTCGAGACCAGCCTGGCCAACATGGTGAAACCCCGTCTCTACTAAAAATCCAAAAAAAATTAGCCGGGTGTGGTGGCAGGTGCCTGTAGTCCCAGCTACTTGGGAGGGTGAGGCAGGAGAATCACTTGAACCCAGCAGGTGGAGGTTGCAGCAAGCCAAGATCGTGCCACTGTATTCCAGCCTGGGCAACAAGAGTGAAACTCTGTCTCAAAAATAGATAAATAAATAAATAAAAAAA","GGCCAGGTGCAGTGGCTTACACCTGTAATCCCAGCATTTTGGGAGGCCGAGGTGGGTGGATCATCTGAGGTCAGGAGTTTGAGACCAGCCTGGCCAACATGGTGAAACCCCGTCTCTACTAAAAATCCAAAAAAATTAGCCGGGTGTGGTGGCAGGTGCCTGTAGTCCCAGCTACTTGGGAGGGTGAGGCAGGAGAATCACTTGAACCCAGCAGGTGGAGGTTGCAGCAAGCCAAGATCATGCCACTGTATTCCAGCCTGGGCAACAAGAGTGAAACTCTGTCTCAAAAATAGATAAATAAATAAATAAATAAA"
"chr1","11011179","11011470","chr1","11160303","11160593","4","149124","GGCCGGGTGCAGTGTCACACCTGTAATCCCAGCACTTTGGGAGGCTGAGATGGGTGGATCACCTGAGGTCAGGAGTTTGAGACCAGCCTGGCCAACATGGTGAGACCCTGTCTCTACTACATACACAAAAATTAGCCGGGCATGGTGATGGGCACCTGTAATCCCAGCTACTCGGGAGGCTGAGGCAGGAGAATTGCTTGAACCTGGGAGGCAGAGGTTGCAGTGAGCCAAGTCACACCACTGCACTCTAGCCTGGTCTATAAGCAAAACTCCATCTCAAAAAAAAAGAAGA","GGCCGGGTGCAGTGTCACACCTGTAATCCCAGCACTTTGGGAGGCTGAGATGGGTGGATCACCTGAGGTCAGGAGTTTGAGACCAGCCTGGCCAACATGGTGAGACCCTGTCTCTACTACATACACAAAAACTAGCCGGGCATGGTGATGGGCACCTGTAATCCCAGCTACTCGGGAGGCTGAGGCAGGAGAATTGCTTGAACCTGGGAGGCAGAGGTTGCAGTGAGCCAAGTCACACCACTGCACTCTAGCCTGGTCTATAAGCAAAACTCCATCTCAAAAAAAAAAGAA"
"chr1","11059606","11059919","chr1","11208144","11208458","6","148538","GCCGGGTGTGGTGGCTCATGCCTGTAATCCCAGCACTTTGGGAGGCTTAGGTGGGTGGATCGCCTGAGGTCAGGCATTCAAGACCAGCCTGGCCAACACAGTGAAACCCCATCTCTATTAAAAATATAAAATATTAGCTAAGTATGGTGGCGGGCGCCTGCAATCCCAGCTACTAGGGAAGCTGAGGCAGGAGAATCTCTTGAACCTGGGAGGTGGAGGTTGCAGTGAGCCGAGATGATGCCGCTGCACTCCAGCCTGTGCAACAAGAGCGAAACTGCATCTCAAAAAACCAAACAAAACAAACAACAAAAAAA","GCCGGGTGTGGTGGCTCATGCCTGTAATCCCAGCACTTTGGGAGGCTTAGGTGGGTGGATCGCCTGAGGTCAGGCATTCGAGACCAGCCTGGCCAACACAGTGAAACCCCATCTCTATTAAAAATATAAAATATTAGCTAAGTATGGTGGCGGGCGCCTGCAATCCCAGCTACTAGGGAAGCTGAGGCAGGAGAATCGCTTGAACCTGGGAGGTGGAGGTTGCAGTGAGCCGAGATGATGCCACTGCACTCCAGCCTGTGCAACAAGAGCGAAACTGCATCTCAAAAAACCAAACCAAACAAACAAACAAGAAAA"
"chr1","11095906","11096144","chr1","11244320","11244559","2","148414","GGTGGGTGGATCACTTGAGGTCAGGAGTTTGAGACCAGCCTGCCCAACATGGTGAAACCCCATCTCTACTAAAAACACAAAAAATTAGCTGGGCGTGCACCTGTAATCCCAGCTACTTGGGAGGCTGAGGCAGGAGAATTGCTTGAACCTGGGAGGCAGAGGTTGCAGTGAGCCAAGATGGAGCCACTGAACTCCAGACTGGGCAATAAGAGCAAAACTGTCTCAAACAAACAAAAAAA","GGTGGGTGGATCACTTGAGGTCAGGAGTTTGAGACCAGCCTGCCCAACATGGTGAAACCCCATCTCTACTAAAAACACAAAAAATTAGCTGGGCGTGCACCTGTAATCCCAGCTACTCGGGAGGCTGAGGCAGGAGAATTGCTTGAACCTGGGAGGCAGAGGTTGCAGTGAGCCAAGATGGAGCCACTGAACTCCAGACTGGGCAATAAGAGCAAAACTGTCTCAAACAAACAAAAAAAA"
"chr1","11105099","11105401","chr1","11253757","11254059","3","148658","GGCTGGGCACGGTGGCTCATGCCTGTAATCCCAGCACTTTGGGAGGCCGAGGTGGGTGGATCACCTGAGATCAGGAGTTTGATACCAGCCTGACCAACATGGTGAAATCCCGTTTCTACTAAAAATGCAAAAATTAGCCGGGTGTGGTGGTGCGTGCCTGTAATCCCAGCTACTCAGGAGGCTGAGGCAGGAGAATCACTGAACCCAGGAGGCAGAGGTTGCAGTGAGCCAAAATCATGCCACTGCACTCCAGCCTGGGCAACAAGAGCGAAACTCTCTCTCAAAAAATAAAAATAAAAAAAA","GGCTGGGCACGGTGGCTCATGCCTGTAATCCCAGCACTTTGGGAGGCCGAGGTGGGTGGATCACCTGAGATCAGGAGTTTGATACCAGCCTGACCAACATGGTGAAATCCCGTTTCTACTAAAAATGCAAAAATTAGCCGGGTGTGGTGGTGCGTGCCTGTAATCCCAGCTACTCAGGAGGCTGAGGCAGGAGAATCACTGAACCCAGGAGGCAGAGGTTGCAGTGAGCCAAAATTATGCCACTGCACTCCAGCCTGGGCAACAAGAGCGAAACTCTCTCTCAAAAAATAAAATAAAAAAAAA"
"chr1","11158971","11159258","chr1","11308695","11308983","1","149724","GGCCAGGCACGGCGGCTCATGCCTGTAATTCCAGAGCTTTGGGAGGCCAAGGTAGGAGGATAACCTGAAGTCAGTAGTTTGAGACCAGGCTGGCCAACATGGTGAAACCCCATCTCTACTAAAAATACAAAAATTAGCCAGGTGTTGTGGCACATGCTTGTAATCCCAGCTACTCGGAAGGCTGAGGCAGGAGAATCACTTGAACCTGGGAAGGTTGCAGTGAGCCAAGATTGTGCCACTGCACTCCAGCCTGGGCAACAAGAGCAAAACTCCATCTCAAAAAAAAAA","GGCCAGGCACGGCGGCTCATGCCTGTAATTCCAGAGCTTTGGGAGGCCAAGGTAGGAGGATAACCTGAAGTCAGTAGTTTGAGACCAGGCTGGCCAACATGGTGAAACCCCATCTCTACTAAAAATACAAAAATTAGCCAGGTGTTGTGGCACATGCTTGTAATCCCAGCTACTCGGAAGGCTGAGGCAGGAGAATCACTTGAACCTGGGAAGGTTGCAGTGAGCCAAGATTGTGCCACTGCACTCCAGCCTGGGCAACAAGAGCAAAACTCCATCTCAAAAAAAAAAA"
"chr1","11180102","11180391","chr1","11329969","11330259","1","149867","CCAGGCATGGTGGCTCACACCTGTAATCCCAAGTTTTTTGGGAGGTGAGGTGGGCGGAACAATCACCTGAGGTCAGGACTTTGAGACCAGCCTGGCCAACATGCTGAAACCCAGTCTCTACTAAAAATACAAAAATTAGCCCGGTGTGGTGACAGGCACTCTGGTCCCAGCTACTAGGGAGGCAGGAGAATCACTGAAACTCAGGAGGTGGAGGTTGCAGTGAGCCGAGATTGCACCACTGTACTCTAGCCTGGGCAACAAGAGTGAAATTCTGCCTCAAAAAAAAAAAA","CCAGGCATGGTGGCTCACACCTGTAATCCCAAGTTTTTTGGGAGGTGAGGTGGGCGGAACAATCACCTGAGGTCAGGACTTTGAGACCAGCCTGGCCAACATGCTGAAACCCAGTCTCTACTAAAAATACAAAAATTAGCCCGGTGTGGTGACAGGCACTCTGGTCCCAGCTACTAGGGAGGCAGGAGAATCACTGAAACTCAGGAGGTGGAGGTTGCAGTGAGCCGAGATTGCACCACTGTACTCTAGCCTGGGCAACAAGAGTGAAATTCTGCCTCAAAAAAAAAAAAA"
"chr1","11471596","11471902","chr1","11635700","11636007","1","164104","GGCCGGTCACGGTGGCTCACGCCTGTAATCCCAGCACTTTGGGAGGCCAACACAGGCAGATCACCCGAGGTCAGGAGTTTGAGATCAGCCTGGCCAACATGGTGAAACCCCGTTTCTACTAAAAATACAAAAAATTAGCCAGGCATGGTGGCAGGTGCCTGTAATCCCAGCTACTTGGGAGGCCGAGGCAGGAGAATTGCTTGTACCCAGGAGGCAGAGGTTGCAGTGAGCCAAGATCATGCCACTGCACTCTAGCCTGGGCAACAAGAGCGAAACATCATCCCAAAAACAAAAACAAAACAAAAAA","GGCCGGTCACGGTGGCTCACGCCTGTAATCCCAGCACTTTGGGAGGCCAACACAGGCAGATCACCCGAGGTCAGGAGTTTGAGATCAGCCTGGCCAACATGGTGAAACCCCGTTTCTACTAAAAATACAAAAAATTAGCCAGGCATGGTGGCAGGTGCCTGTAATCCCAGCTACTTGGGAGGCCGAGGCAGGAGAATTGCTTGTACCCAGGAGGCAGAGGTTGCAGTGAGCCAAGATCATGCCACTGCACTCTAGCCTGGGCAACAAGAGCGAAACATCATCCCAAAAACAAAAACAAAAACAAAAAA"
"chr1","11703002","11703307","chr1","11870745","11871048","5","167743","GGCCAGGCATGCTGGCTCATGCCTGTAATCCCAGCACTTTGGGAGGCTGAGACGGGTGGATCACCTGAGGTCAGGAGTTTGAGACCAGCCTGGCCAACATGGTGAAACCCCATCTCTACTAAAAATACAAACAGTAACTGGGCGTGGTGATGCTTGCCTATAATCCCAGGTACTCGAGAGGCTGAGGCGGGAGAATCACTTGTACCCAGGAGGCAGAGGTCGCAGTGAGCCGAGATCGCGCCACTGCACTCCAGCCTGGGCAACAAGAGTGAAACTCTGTCTCAAAAGAAAAAAAAAAAAAAAGAA","GGCCAGGCATGCTGGCTCATGCCTGTAATCCCAGCACTTTGGGAGGCTGAGACGGGTGGATCACCTGAGGTCAGGAGTTTGAGACCAGCCTGGCCAACATGGTGAAACCCCATCTCTACTAAAAATACAAACAGTAACTGGGCGTGGTGGTGCTTGCCTGTAATGCCAGGTACTCGAGAGGCTGAGGCGGGAGAATCACTTGTACCCAGGAGGCAGAGGTCGCAGTGAGCCGAGATCGCGCCACTGCACTCCAGCCTGGGCAACAAGAGTGAAACTCTGTCTCAAAAGAAAAAAAAAAAAAGAA"
"chr1","12076173","12076473","chr1","12248313","12248614","3","172140","GGTTGGGCGCGGTGGCTCACGCCTGTAATCCCAGCACTTTGGGAGGCCGAGGTGGGCGGATCACCTGAGGTCGGGAGTTCGAGACCAGCCTGACCAACATGGTGAAATCCCATCTCTACTAAAAATACAAAGTTAGCCAGGCGTGGTGGTGGGCACCTGTAATCCCAGCTACTCAGGAGGCTGAGGCAGGAGAATCGCTTGAACCCAGGAGGTGGAGGTTGCAGTGAGCCGAGATTGCACTACTGCACTCCAGCCTGGGCAACATGAGCGAAACTCCGTCTCAAAAAAAAGAAAAGAAAAA","GGTTGGGCGCGGTGGCTCACGCCTGTAATCCCAGCACTTTGGGAGGCCGAGGTGGGCGGATCACCTGAGGTCGGGAGTTCGAGACCAGCCTGACCAACATGGTGAAATCCCATCTCTACTAAAAATACAAAGTTAGCCAGGCGTGGTGGTGGGCACCTGTAATCCCAGCTACTCAGGAGGCTGAGGCAGGAGAATCGCTTGAACCCAGGAGGTGGAGGTTGCAGTGAGCCGAGATTGCACTACTGCACTCCGACCTGGGCAACATGAGCGAAACTCCGTCTCAAAAAAAAGAAAAAGAAAAA"
"chr1","12169058","12169367","chr7","151932381","151932690","41","139763323","GACCAGGCAGGGTGGCTCACGCCTGTAATCCCAGCACTTTGGGAGGCCAAGGCAGGTGGATCGCCTGAGGTCCAGAGTTTGAGACCAGCCTGGCCAACATGGTGAAACTCTGTCTCTACTCAAAATACAAAAAAAAAAAAATTAGCCGGGTATGGTGGCAGGTGCCTATAATCCCAGCTACTCGGGAGGCTGAGGCAGAAGAATAGCTTGAACCCAGGGTACGGAGGTTGCAGTGAGCTGAAATCACGCCACTTCACTCCAGCCTGGGCAAAAGAGCCAAACTCCATCTCAAAAACAAGCAAAAACAAAA","GGCCGGGCTCAGTGGCTCACGCCTGTAATCCCAGCACTTTGGGAGGCCAAGACAGGCAGATCACCTGAGGCCAGGAGTTCAAGACCAGCCTGGCCAACATGGCGAAACACTGTCTCCACTAAAAATACAAAAAAAAAAAAATTAGCCAGGTGTGGTGGCAGGCGCCTATAATCCCAGTTTCTCAGGAGACTGAGGCAGGAGAATCGCTTGAACCCAGGAGGCGGAGGTTGCAGTGAGCTGAGATCACACCAGTACACTCCAGCCTGGGCAACAAGAGCAAAACTGCGTCTCAAAAAAAAAAAAAAAAAAA"
"chr1","12641899","12642210","chr1","12823144","12823458","6","181245","GGCCAGGGGCAGTGGCTCATGCCTGTAATCCCTGCACTTTGGGAGGTGGAGGCAGGTGGATCACCTGAGGTAAGGAGTTCAAGACCAGCTTGGCTAACATGATGAAACCCTGTCTCTACTAAAAATGCAAAAAAGTAGCCGGGTGTGGTAGCGGGCACCTGTAATCCCAGCTACTCAGGAGGCTGAGGCAGGAAAATCACTTGGACTCAGGAGGCGGAGGTTGCAGTGAGCCGAGATCACGCCGCTGCACTCCAGCCTGGGCAACAAGAGCAAAACTCCATCTCAAAGCAACAACAACAACCAAAAAAAAAA","GGCCAGGGGCAGTGGCTCATGCCTGTAATCCCTGCACTTTGGGAGGTCGAGGCAGGTGGATCACCTGAGGTAAGGAGTTCAAGACCAGCTTGGCTAACATGATGAAACCCTGTCTCTACTAAAAATGCAAAAAAGTAGCCAGGTGTGGTAGCGGGCACCTGTAATCCCAGCTACTCAGGAGGCTGAGGCAGGAAAATCACTTGGACTCAGGAGGCGGAGGTTGCAGTGAGCCGAGATCACGCCGCTGCACTCCAGCCTGGGCAACAAGAGCAAAACTCCATCTCAAAGCAACAACAATAACCAAAAAAAAAAAAA"
"chr1","12800365","12800705","chr1","12984586","12984875","51","184221","GGCCGGGCATGGAGGTTCATGCCTGAAATCCCAGCACTTTCAGAGGCTGAGGTGGGAGGATCACCTGAGGTCAGGACTTCCAGACCAGCCTGGCTAACATGGTGAAACTCTCTGTCTTCTAAAAATACAAAAATTAGCTGTGCATGGTGGCTTGCACCTGTAATTCCAGCTAACTGAGAGGTTGAGGCAGGAGAATCACTTGAACCGGGAGGCTGAGGTTGTAGTGAGCCAAGATTGCACCACTGCACTCCAGCTTGGAAAACAAGAATGAAACTCCATCTAAAAAATTAATAAATAAATACATTATAAATAAATAAATGCTTTAAAGAAAAAGAAATAAA","GGCCGGGCATGGAGGTTCATGCCTGAAATCCCAGCACTTTCAGAGGCTGAGGTGGGAGGATCACCTGAGGTCAGGACTTCCAGACCAGCCTGGCTAACATGGTGAAACTCTCTGTCTTCTAAAAATACAAAAATTAGCTGTGCATGGTGGCTTGCACCTGTAATTCCAGCTAACTGAGAGGTTGAGGCAGGAGAATCACTTGAACCGGGAGGCTGAGGTTGTAGTGAGCCAAGATTGCACCACTGCACTCCAGCTTGGAAAACAAGAATGAAACTCCATCTAAAAAAAAA"
"chr1","13766874","13767185","chr1","13701293","13701604","3","65581","GGCCGGGCGCAATGGTTCGCGCTTGTAATCCCAGCACTTTGGGAGGCTGAGGCGGGTGGATCACCTGAGGTCAGGAGTTCAAGACCAGCCTGGCCAACATGGTGAAACCCCATCTCTACTAAAAACACAAAATTAGCCGGGCCTGGTGGCGTATACCTGTAATCCCAGCTACTCAGGAGACTGAGGCATGAGAATTGCTTGAACCCGGGAGGCGGAGGTTGCAATGAGCCGAGATTGCTCCACTGCACTCCAGCCTGGGCAAAAAGAGTGAAACTCTGTCTCAAAAAAAGAAAGAAAAAAGAAAAAAGAAAA","GGCCGGGCGCAATGGTTCGCGCTTGTAATCCCAGCACTTTGGGAGGCTGAGGCGGGTGGATCACCTGAGGTCAGGAGTTCAAGACCAGCCTGGCCAACATGGTGAAACCCCATCTCTACTAAAAACACAAAATTAGCCGGGCCTGGTGGCGTATACCTGTAATCCCAGCTACTCAGGAGACTGAGGCATGAGAATTGCTTGAACCCGGGAGGCGGAGGTTGCAATGAGCCGAGATTGCTCCACTGCACTCCAGCCTGGGCAAAAAGAGTGAAACTCTGTCTCAAAAAAAAAAAAGAAAAAAGAAAAAAGAAA"
"chr1","14346833","14347125","chr1","14294371","14294683","22","52462","GGCCAGGCATGGTGGCTCACACTTGTAATCCTAGCACTTTGGGAGGCCGAGGTGGGCGGATCACCTGAGGTCAGGAGTTCGAGACCAGCCTGGCCAACATGGCAAAACTCCATCTCTACCAAAAATACAAAAATTAGCTGGGTATGGTGCCACGTGCCTGTAATCCCAGCTACTTGAGAGGCTGAGGCAGGAGAATCACTTGAACCCGAGAGGCAGAAGTTGCAGTTAGCTGAGATTACACCACTGCCCTCCAGCCTGGGCAACAAGAGTGAAACTCCATCTACAAAAAAAAA","GGCCAGGCATGGTGGCTCACACTTGTAATCCTAGCACTTTGGGAGGCCGAGGTGGGCGGATCACCTGAGGTCAGGAGTTCGAGACCAGCCTGGCCAACATGGCAAAACTCCATCTCTACCAAAAATACAAAAATTAGCTGGGTATGGTGCCACGTGCCTGTAATCCCAGCTACTTGAGAGGCTGAGGCAGGAGAATCACTTGAACCCGAGAGGCAGAAGTTGCAGTGAGCTGAGATTACACCACTGCCCTCCAGCCTGGGCAACAAGAGTGAAACTCCATCTCAAAAAAAAAAAAAGAAAGAAAGAAAGAAAA"
"chr1","14416445","14416602","chr1","14366325","14366477","6","50120","TGGCAGGTGCCTATAATCCCAGCTACTCAGGAGGCTGAGGCAGGAGAATCGCCTGAATCTGGGAGGCGGAGGTTGCTGTGAGTCAAGATCGCGCCACTGCCCTCCAGCCTGGGCAACAAGAGTGAAACTCTGTCTCAAAAAAAAAAAAAAGACANANA","TGGCAGGTGCCTATAATCCCAGCTACTCAGGAGGCTGAGGCAGGAGAATTGCCTGAATCTGGGAGGCGGAGGTTGCTGTGAGTCAAGATCGCGCCACTGCCCTCCAGCCTGGGCAACAAGAGTGAAACTCTGTCTCAAAAAAAAAAAAAAAAA"
"chr1","14784814","14785114","chr1","14744611","14744910","11","40203","CGGGCGTGGTGGCTCATGCCTGTAATCCCAGCATTTTGGGAGGCTGAGGCAGGTGGATCACCTCAGGTCAGGAGTTCAAGACCAGCCTGGCCAACATGGTGAAACCCCATCTCTAATAAAAATACAAAAAGTAGCTGAGCGTGGTAGGCGGGCACCTGTAAAAATCCCAGCTACTTGGAGGCTGAGATGGGAGAATTGCTTGAACCCGAGAGGTGGAGGTTGCAGTGAGACGGAGATTGCGCCACTGCACTCCAGCCAGGGCAACAAAGAGCAAAACTCCATCTACAAAAAAAAAAAAAAA","CGGGCGTGGTGGCTCATGCCTGTAATCCCAGCATTTTGGGAGGCTGAGGCAGGTGGATCACCTCAGGTCAGGAGTTCAAGACCAGCCTGGCCAACATGGTGAAACCCCATCTCTAATAAAAATACAAAAAGTAGCTGGGCGTGGTGGCGGGCACCTGTAATCCCAGCTACTTGGGAGGCTGAGATGGGAGAATTGCTTGAACCCGAGAGGTGGAGGTTGCAGTGAGCGGAGATTGCGCCACTGCACTCCAGCCAGGGCAACAAAGAGCAAAACTCCATCTCAAAAAAAAAAAAAAAAAAA"
"chr1","14868520","14868817","chr1","14829089","14829388","8","39431","GGCCGGGCGCGGTGCCTCACGCCTGTAATCCCAGCACTTTGGGAGGCCGAGACGGGCGGATCATCTGAGGTCAGGAGTTCGAGACCAGCCTGGCCAACACGGTGAAACCTCGTCTCTACTAAAAATACAAAAATTAGCTGGGTATGGTTGTGTGCACCTGTAATCCCAGCTACTCGGGAGGCTGAGGCAGGAGAATTGCTTGAACTTGGGAGGCGGAGGTTGCAGTGAGCCGAGATTGTGCCACTGCACTGTAGCCTGGGCAGCAAGAGTGAAACACCGTAATTTTAAAAAAAAAAAA","GGCCGGGCGCGGTGCCTCACGCCTGTAATCCCAGCACTTTGGGAGGCCGAGACGGGCGGATCATCTGAGGTCAGGAGTTTGAGACCAGCCTGGCCAACACGGTGAAACCTCGTCTCTACTAAAAATACAAAAATTAGCTGGGTATGGTTGTGTGCACCTGTAATCCCAGCTACTCGGGAGGCTGAGGCAGGAGAATTGCTTGAACTTGGGAGGCGGAGGTTGCAGTGAGCCGAGATTGTGCCACTGCACTCTAGCCTGGGCAGCAAGAGTGAAACACCGTATTAAAAAAAAAAAAAAAAA"
"chr1","15075491","15075616","chr1","15041186","15041312","1","34305","AGACAGGAGAATTTCTTGAACCCGGGAGGCGGAGGTTGCAGAGAGCCAAGATTGCGCCACCGCACTCCAGCCTTGTCAACAAGAGTGAAACTCTGTCTCAAAAAGAAAGAAAGAAAAAAAAAAGAA","AGACAGGAGAATTTCTTGAACCCGGGAGGCGGAGGTTGCAGAGAGCCAAGATTGCGCCACCGCACTCCAGCCTTGTCAACAAGAGTGAAACTCTGTCTCAAAAAGAAAGAAAGAAAAAAAAAAAGAA"
"chr1","15078487","15078785","chr1","15044183","15044481","3","34304","GGCCGGATGCGGTGGCTCACGCCTGTAATCCCAACACTTTGGGAGGCCAAGGCAGGCGAATCACCTGAGTTCAGGAGTTCGAGACCAGCCTAGCCAAAATGGAGAAACCCCATCTCTACTAAAACTACAAAAATTGGCCAGGCGTGGTGGTGGACACCTGTAATCCTAGCTACTTGGGAGGCTGAGGCAGGAGAATCACTGGAACCCGGGAGACAGAGGTTGCAGTGAACCAAGATCGCGCCACTGCACTCCAGCCTGGGCAACAAGAGGGAAACTCCATCTACAAAAAAAAAAAAAAA","GGCCGGATGCGGTGGCTCACGCCTGTAATCCCAACACTTTGGGAGGCCAAGGCAGGCGGATCACCTGAGTTCAGGAGTTCGAGACCAGCCTAGCCAAAATGGAGAAACCCCATCTCTACTAAAACTACAAAAATTGGCCAGGCGTGGTGGTGGACACCTGTAATCCTAGCTACTTGGGAGGCTGAGGCAGGAGAATCACTGGAACCCGGGAGACAGAGGTTGCAGTGAACCAAGATCGCGCCACTGCACTCCAGCCTGGGCAACAAGAGGGAAACTCCATCTCAAAAAAAAAAAAAAAA"
"chr1","15306324","15306620","chr1","15281685","15281977","5","24639","GGCTGGGTGCAGTGGCTCACACCTATAATCCTAGCACTTTGGGAGGCCGAGGCGGGTTGATCATCTGAGGTCAGGAGTTCAAGACCAGCCTGGCCAACATGGCAAAACCCCATCTCTACTAAAAATACAAAAATTAGCTGGACGTTGTGGCGAGTGCCTGTAATCCCAGCTATTCGGGAGGCTGAGGAAGGAGAATAGCTTGAACCTGGAAGGCAGAGGTTGCAGTGAGCCGAGACCATACCACTGTACTCCAGTCTGGGCAATAAGAGCGAAACTCCATCTCAACAAATAAATAAA","GGCTGGGTGCAGTGGCTCACACCTATAATCCTAGCACTTTGGGAGGCCGAGGCGGGTGGATCATCTGAGGTCAGGAGTTCAAGACCAGCCTGGCCAACATGGCAAAACCCCATCTCTACTAAAAATACAAAAATTAGCTGGACGTTGTGGCGAGTGCCTGTAATCCCAGCTATTCGGGAGGCTGAGGAAGGAGAATAGCTTGAACCTGGAAGGCAGAGGTTGCAGTGAGCCGAGACCATACCACTGTACTCCAGTCTGGGCAATAAGAGCGAAACTCCATCTCAACAAATAAA"
"chr1","15585691","15585981","chr1","15565561","15565849","2","20130","CCGGGTGCAGTGGCTCACGCCTTTAATCCCAGCACTTTGGGAGACTAAGGTGGGTGGATGACCTGAGGTCAGAAGTTCGAGACCAGCCTGGCCAACATGATGAAACCCCGTCTCTACTAAAAAAATAAAAAATTAGCTGGGTGTGGTAGTGGGTGTCTGTAATCCCAGCTACTCGGGAGGCTGAGGCAGGAGAATCGCTTGAACCAGGGAGGTGGAGGTTGCAGTGAGCCGAGATCGTGCCACTGCACTCCAGCCTGGGCAACAAGAGCGAAACTCCATCTCAAAAAAAGA","CCGGGTGCAGTGGCTCACGCCTTTAATCCCAGCACTTTGGGAGACTAAGGTGGGTGGATGACCTGAGGTCAGAAGTTCGAGACCAGCCTGGCCAACATGATGAAACCCCGTCTCTACTAAAAAAATAAAAAATTAGCTGGGTGTGGTAGTGGGTGTCTGTAATCCCAGCTACTCGGGAGGCTGAGGCAGGAGAATCGCTTGAACCAGGGAGGTGGAGGTTGCAGTGAGCCGAGATCGTGCCACTGCACTCCAGCCTGGGCAACAAGAGCGAAACTCCATCTCAAAAAAA"
"chr1","15685461","15685769","chr1","15665692","15666004","5","19769","GCCAGGTGCGGTGACTCACGTCTGTAATCCCAGCACTTTGGGAGGCCGAGATGGGTGGATCATCTGAGGTCAGGAGTTCGAGACCAGCCTGGCCAACATGGTGAAACCCCATCTCTACCAAAAATACAAAAATTAGCTGGGCGTGGTGGAGTGTGCCTAGATCCCAGCTATTCAGGAGGCTGAGGCAGGAGAATCGCTTGAACCCGGGAGGCGGAGGTTGCAGTGAGCTGAGATCACACCACTGCACTCTAGCCTGGGCAACAAGAGTGAAACTCCATCTCAAAAAAAACAAAACAAAACAAAACAAAA","GCCAGGTGCGGTGACTCACGTCTGTAATCCCAGCACTTTGGGAGGCCGAGATGGGTGGATCATCTGAGGTCAGGAGTTCGAGACCAGCCTGGCCAACATGGTGAAACCCCATCTCTACCAAAAATACAAAAATTAGCTGGGCGTGGTGGAGTGTGCCTACATCCCAGCTATTCAGGAGGCTGAGGCAGGAGAATCGCTTGAACCCGGGAGGCGGAGGTTGCAGTGAGCTGAGATCACACCACTGCACTCTAGCCTGGGCAACAAGAGTGAAACTCCATCTCAAAAAAACAAAACAAAACAAAACAAAACAAAA"
"chr1","15830844","15831152","chr1","15816285","15816593","0","14559","CCAGGCGCGGTGGCTCATGCCTGTAATCCCAACACTTTGGGAGGCCGAGGCGGGCGGATCACCTGAGGTCAGGAGTTCGAGACCAGCCTGACCAATATGATGAAACCCCGTCTCTACTAAAAATACAAAAATTAGCCGGGCGTGGTGGCGGGCGCCTATAATCCCAGCTACTTGGGAGGCTGAGACAGAAGAATTGCTTGAACCCAGGAGGCGGAGGTTGCAGTGAGCCAAGATTGTGCCACTGTATTCCAAGCCTGGGCAAGAAGAGCAAAACTCCGTCTCAAAACAAAACAAAACAATAAAAACAAA","CCAGGCGCGGTGGCTCATGCCTGTAATCCCAACACTTTGGGAGGCCGAGGCGGGCGGATCACCTGAGGTCAGGAGTTCGAGACCAGCCTGACCAATATGATGAAACCCCGTCTCTACTAAAAATACAAAAATTAGCCGGGCGTGGTGGCGGGCGCCTATAATCCCAGCTACTTGGGAGGCTGAGACAGAAGAATTGCTTGAACCCAGGAGGCGGAGGTTGCAGTGAGCCAAGATTGTGCCACTGTATTCCAAGCCTGGGCAAGAAGAGCAAAACTCCGTCTCAAAACAAAACAAAACAATAAAAACAAA"
"chr1","16218154","16218448","chr14","35290491","35290787","49","19072337","CTGTAATCCCAGCACTTTGGGAGACCGAGGTGGGTGGGTCACCTGAGGCCAGGAGTTTGAGACCAGCCTGGCCAACGTAGTGAAACCCTGTCTCTACGAAAAATACAAAAAAAAAAAAACTAGCCAGGCCTGGTGTCCGGTGCCAGTAATCACAGCTACTCAGGAGGCTGAGGCAGGAGAATCACTTGAACCTGGGAGGTAGAGGCTGCAGTGAGCTGAGATCGTGCCACTGCACTCCAGCCTGGGCAACAAGAATGAGACTCCATCTCAAAAGAAAAAAAAAAAAGAAACAAAA","CTCACATCTGTAATCCCAGCACTTTGGGAGGCCAAGGCAGGTGGATCACCTGAGGTCAGGAGTTTGAGACCAGCCTGGCCAACATGGTGAAACCCTGTCTCTACTAAAAATACAAAAAAAAAAAAATTAGCTGGGCTTGGTGGTGGGTGCCTGTAAGCCCAGCTACTCAGGAGGCTGAGGCAGGAGAATTGCCTGAACCCGGGAGGTGGAGGTTACAGTGAGCCGAGATCACGCCACTGTACTCTAGCCTGGGCAACAAGTGCAAAACTCCATTTCAAAAAAAAAAAAAAGAAAAAA"
"chr1","16431587","16431811","chr6","160036702","160036919","44","143605115","CTAGCCTCGGCGACAGAGTGAGACTCCGTCTCAAAAATAAATAAAATAAAAATATAAACAATTAGCCAGGTATGGTGGCAGGCACCTGTAATCCCAGCTACTCAGGAGGCTGAGGCAGGAGAATCACTTGAACCCGGGAGGCGGAGGTTGCAGTGAGTCAAGATCTTGCCACTGTACTCCAGCCTAGGCAACAAGAGCGAAACTCTGTCTCAAAAAAAACAAAAA","GACCAGCTGGCCAACATAGTGAAACCCCATCTCTACTAAAAATACAAAAAATTAGCCAGGCATGGTGGTAGGCGCCTGTAATCCCAGCTACTCGGGAGGCCGAGGCAGGAGAATTGCTTGAACCCAGGAGGCGGAGGTTGCAGTGAGCAGAGATCGTGCCACTGCACTCCAGCCTGGGCAACAAGAGCAAAACTCCGTCTCAACAACAACAAAAAAAA"
"chr1","16958128","16958439","chr1","16853605","16853918","2","104523","CCAGGCATCGTGGCTCATGCCTGTAATCCCAGCACTTTGGGAGGCCAAGGTGGGTGGATCACCTGACATCAGGAGTTCGAGACCAGCCTGGCCCACATGGTGAAACCCTGTCTCTACTAAAAATACAAAAAAATTAGCCAGGTGTGGTGGCGGGCATCTGTAATCCCAGCTACTTGGGAGGCTGAGTCAGGAGAATTACTTGAACCCGGGAGGCGGAGGTTGCAGTGAGCCGAGATTGCGCCACTGCACTCCAGCCTGGGCAACAAGAGTGAAACTCCATCTCAAAAAGTAAATAAATAAATAAAATAAAAA","GGCCAGGCATCGTGGCTCATGCCTGTAATCCCAGCACTTTGGGAGGCCAAGGTGGGTGGATCACCTGACATCAGGAGTTCGAGACCAGCCTGGCCCACATGGTGAAACCCTGTCTCTACTAAAAATACAAAAAAATTAGCCAGGTGTGGTGGCGGGCATCTGTAATCCCAGCTACTTGGGAGGCTGAGTCAGGAGAATTACTTGAACCCGGGAGGCGGAGGTTGCAGTGAGCCGAGATTGCGCCACTGCACTCCAGCCTGGGCAACAAGAGTGAAACTCCATCTCAAAAAGTAAATAAATAAATAAAATAAAAA"
"chr1","17376006","17376295","chr1","17277262","17277551","2","98744","GGCCAGGTGTGGTGGCTCACGCCTGTAATCCCAGCACTTTGGAAGGCTGAGACGGGCAGATCACCTGAGGTCGGGAGTTTGAGACCAGCCTGGCCAACATGGTGAAACGCTGTCTCTACTAAAAATACAAAAATTAGCCAGGTGTGGTGGCAGGTGCCTGTAATCTCAGGTTCTCAGGAGGCTGAGGCTGGAGAATCGCTTGAACCCAGGTGGTGGAGGTTGTAGTAAGCTGAGATTGTCCCACTGCATTACAGCCTGGGCAACAAGAACAAAACTCCATTGCAAAAAAA","GGCCAGGTGTGGTGGCTCACGCCTGTAATCCCAGCACTTTGGAAGGCTGAGACGGGCAGATCACCTGAGGTCGGGAGTTTGAGACCAGCCTGGCCAACATGGTGAAACGCTGTCTCTACTAAAAATACAAAAATTAGCTAGGTGTGGTGGCAGGTGCCTGTAATCTCAGGTTCTCAGGAGGCTGAGGCTGGAGAATCGCTTGAACCCAGGAGGTGGAGGTTGTAGTAAGCTGAGATTGTCCCACTGCATTACAGCCTGGGCAACAAGAACAAAACTCCATTGCAAAAAAA"
"chr1","17465719","17466018","chr1","17366981","17367281","5","98738","GGCCAGGTGCGGTGGCTCACGCCTGTCATCCCAGCACTTTGGGAAGCCAAGGTGGGTGGATCACCCGAGGTCAGGAGTGCAAGACTAGCTTGGCCAACATGGTGAAACCCTGTCTCTACTAAAAATACAAAAATTAGCTGGGGATGGTGGTGTGCCCCTGTAATCCCAGCTACTTGGGAGGCTGAGGCAGGAGAATCGCTTGAACCTGGGAGGTGGAGGTTACAGTGAGCTGAGATCACAACACTGCACTCAAAAATGGGCAACAAGAGCGAAACTCCATCTCAAAAAAAAAAAAGAGAA","GGCCAGGTGCGGTGGCTCACGCCTGTCATCCCAGCACTTTGGGAAGCCAAGGTGGGTGGATCACCCGAGGTCAGGAGTGCAAGACCAGCTTGGCCAACATGGTGAAACGCTGTCTCTACTAAAAATACAAAAATTAGCTGAGGATGGTGGTGTGCCCCTGTAATCCCAGCTACTTGGGAGGCTGAGGCAGGAGAATCGCTTGAACCTGGGAGGTGGAGGTTACAGTGAGCTGAGATCACAACACTGCACTCAAAAATGGGCAACAAGAGCAAAACTCCATCTCAGAAAAAAAAAAAGAGAA"
"chr1","17530650","17530947","chr1","17437691","17437995","8","92959","GGCCAGGTGCGGTGGCTCACATCTGTAATCTCAGCACTTTGGAATGCCGAAGTGAGTGGATCACCTGAGGTCAGGAGTTCAAGACCAGCCTGGCCAACATGGTGAAACCCCATCTCTACTAAAAATACAAAAATTAGCCGAGCATGGTGGCAGGCGCCTGTAATCCCAGCTACTCGGGAGCCTGAGGCAGGAGAATTGCTTGAACCTGGGAGGTGGAGGTCACAGTGAGCCAAGATCGTCACACTGCACTCCAGCCTAGGCAACAAGAGCAAGATTGCGTCTCAAAAAAAAAAAAAGA","GGCCAGGTGCGGTGGCTCACATCTGTAATCTCAGCACTTTGGAATGCCGAAGTGAGTGGATCACCTGAGGTCAGGAGTTCAAGACCAGCCTGGCCAACATGGTGAAACCCCATCTCTACTAAAAATACAAAAATTAGCCGGGCATGGTGGCAGGCGCCTGTAATCCCAGCTACTCGGGAGCCTGAGGCAGGAGAATTGCTTGAACCTGGGAGGTGGAGGTCACAGTGAGCCAAGATCGTCACACTGCACTCCAGCCTAGGCAACAAGAGCAAGATTGCGTCTCAAAAAAAAAAAAAAAAAAAAGA"
"chr1","17591363","17591662","chr1","17500967","17501267","7","90396","GGCCGGGCGCGGTGCCTCACGCCTATAATCCCTGCACTTTGGGAGGCCGAGGTGGGTGGATCACCTGAGGTTAGGAGCTCAAGACCAGCCTGGCCAACATGATGAAACCCCATCTCTACTAAAAATACAAAAAATTAGCTCGGTGTGGTGGCACACACCTGTAATCCCAGCTACTCAGGAGGCTAGGCAGGAGAATCACTTGAACCCAGGAGGCAAAGGTTGCAGTGAGCCGAGATGGCGCCACCGCAACTCCAGCCTGGGCAACAAGAGCAAAACTGTCTCAGAAAAAAAAAAAAAAAA","GGCCGGGCGCGGTGGCTCACGCCTATAATCCCTGCACTTTGGGAGGCCGAGGTGGGTGGATCACCTGAGGTCAGGAGCTCAAGACCAGCCTGGCCAACATGATGAAACCCCATCTCTACTAAAAATACAAAAAATTAGCTCGGTGTGGTGGCACACACCTGTAATCCCAGCTACTCAAGAGGCTAGGCAGGAGAATCACTTGAACCCAGGAGGCAAAGGTTGCAGTGAGCTGAGATGGCGCCACCGCACTCCAGCCTGGGCAACAAGAGCAAAACTGTCTCAGAAAAAAAAAAAAAAAAAA"
"chr1","18083352","18083655","chr2B","244131420","244131716","37","226048068","GGCTGGGCACAGTGACTCACGCCTGTAATCCCAGCACTTTGGGAGGCCGAGGCGGGTGGATCACCTGAGGTCAGGAGTTTGAGACCAGCCTGGCCAACATGGTGAAACCTGGTCTCTACTAAAAAAAATACAAGAATTAGCTGGGCATGGTAGCAGGCACCTGTAATCCCAGCTACTCAGGAGGCTGAGGCAGGAGAATCGCTTGAACTCGGGAGGCAGAGGTTGCAGTGAGCCGAAATCGTGCCACTGCACTCTAGCCTGCCAACAAGGACAAGACGCTGTCTTAACAACAACAACAACAAAA","GGTTGGGCACAGTGGCTCACGCCTGTAATCTCAGCACTTTGGGAGGCTGAGGCGGGTGGATCACCTGAGGTCAGGAGTTCAAGACCAGCCTGGCCAACATGGTGAAACCTCATCTCTACTAAAAATACAAAAATAAGCTGGGCATGGTGGCAGGCACCTGTAAACCCAGCTACTCGGGAGGCTGAGTCAGGAGAATCGCTTGAACCTGGGAGGCAGAGGTTGAAGTGAGCCGAGATTGCGCCACTGCACTCCAGCCTGGGCAACAAGAGCGACACTCTGTCTCAAAAAAAAAAAAAA"
"chr1","18609605","18609904","chr1","18538771","18539072","5","70834","GGCTGGGCGTGGTGGCTCACGCCTGTAATCCCAGCACCTTGGGAGGCTGAGGCGGGCAGATCACCTGAGGTCAGGAGTTAGAGAACAGCCTAGCCAACATGGTAAAACCCAAACTCTACTAAAAATACAAAACTAGCCGGGCGTGGGGGCGCATGCCTGTAATCCCAGCTACTTGGGAGGCTGAGGCATGAGAATTGCTTGAACCTGGGAGGCAGAGGTTGCAGTGAGCCGAGATCATGCCACTGCACTCCAACCTGGGCAACAAGAACAAAACCCAGTCTCACAAAAGAAAAAAAAAAA","GGCTGGGCGTGGTGGCTCACGCCTGTAATCCCAGCACCTTGGGAGGCTGAGGCAGGCAGATCACCTGAGGTCAGGAGTTCGAGAGCAGCCTAGCCAACATGGTAAAACCCAAACTCTACTAAAAATACAAAACTAGCCGGGCGTGGGGGCGCATGCCTGTAATCCCAGCTACTTGGGAGGCTGAGGCATGAGAATTGCTTGAACCTGGGAGGCAGAGGTTGCAGTGAGCCGAGATCATGCCACTGCACTCCAACCTGGGCAACAAGAACAAAACCCAGTCTCACAAAAGAAAAAAAAAAAAA"
"chr1","19301521","19301823","chr1","19247414","19247716","2","54107","GGCCAGGTGCGGTGGCACACGCCTGTAATCCCAACACTTTGGGAGGCTGAGGTGGGCAGATCACCTGAGGTCAGAAGTTCAAGACCAGCCTGGCCAACACGTTGAAATGGTGTCTCTACTAAAAATAACAAAAATTAGCTGGGTGTAGTGGCAGGCGTCTGTAATCCCAGCTACTCAGGAGGCTGAGGCAGGAGAATCTGTTGAACTTGGGAGGCGGAGGTTGCAGTGAGCCGAGATTACACCACTGCACTCCAGCCTGGGAAATAGGAGTGAAACTCCATCTCAAAAAAGAAAAAAAAAAAA","GGCCAGGTGCGGTGGCACACGCCTGTAATCCCAACACTTTGGGAGGCTGAGGTGGGCAGATCACCTGAGGTCAGAAGTTCAAGACCAGCCTGGCCAACACGTTGAAATGGTGTCTCTACTAAAAATACAAAAATTAGCTGGGTGTAGTGGCAGGCGTCTGTAATCCCAGCTACTCAGGAGGCTGAGGCAGGAGAATCTGTTGAACTTGGGAGGCGGAGGTTGCAGTGAGCCGAGATTACACCACTGCACTCCAGCCTGGGAAATAGGAGTGAAACTCCATCTCAAAAAAGAAAAAAAAAAAAA"
"chr1","19370831","19371142","chr1","19319123","19319434","1","51708","GGCCGGGTGCGGTGGCTCATGCCTATAATCCCGGCACTTTGGGAGGCCGAGGCCGGCAGATCACCTGAGGTCAGGAGTTCGAGACCAGTCTGGCCAGCATGATGAATCCCATTTCTACTAAAAATACAAAAATTAGCCAGGCATGGTGGCAGGTGCTTGTAATCCCAGTTACTCAGGAGGCTGAGACAGGAGAATTGCTTGAACCCGGGAGGCAGAGGTTATAGTGCATTGAGATGGCGCCACTGCACTCCAGCCTGGGCAAAAAGAGCGAGACTCCATCTCAAAAGAAACAACAACAACAAACAAACAGAA","GGCCGGGTGCGGTGGCTCATGCCTATAATCCCGGCACTTTGGGAGGCCGAGGCCGGCAGATCACCTGAGGTCAGGAGTTCGAGACCAGTCTGGCCAGCATGGTGAATCCCATTTCTACTAAAAATACAAAAATTAGCCAGGCATGGTGGCAGGTGCTTGTAATCCCAGTTACTCAGGAGGCTGAGACAGGAGAATTGCTTGAACCCGGGAGGCAGAGGTTATAGTGCATTGAGATGGCGCCACTGCACTCCAGCCTGGGCAAAAAGAGCGAGACTCCATCTCAAAAGAAACAACAACAACAAACAAACAGAA"
"chr1","19462607","19462918","chr1","19411938","19412249","0","50669","GGCTGGGCGTGGTGGCTCACGCCTGTAATCCCAGCACTTTGGGAGGCTGAGGCGAGCGGATCACCTGAGGTCAGGAGTTAAAGACCAGCCTGCCCAACATGGCGAAACCCCGTCTCTACTAAAAGTACAAAAAATTAGCCAGGCTTGGTGGCAGGCACCTGTAATCCCAGCTACTTGGGAGGCTGAGGCAGGAGAATCACTTGAACCCGGGAGGTGGAGGTTGCAGTGAGCTGAGATCACACCACTGCACTCCAGCCTGGGCAACAAGAGTGAAACTCCGTCTCAAAATTAAGCAAACAAACCAAAACAAAA","GGCTGGGCGTGGTGGCTCACGCCTGTAATCCCAGCACTTTGGGAGGCTGAGGCGAGCGGATCACCTGAGGTCAGGAGTTAAAGACCAGCCTGCCCAACATGGCGAAACCCCGTCTCTACTAAAAGTACAAAAAATTAGCCAGGCTTGGTGGCAGGCACCTGTAATCCCAGCTACTTGGGAGGCTGAGGCAGGAGAATCACTTGAACCCGGGAGGTGGAGGTTGCAGTGAGCTGAGATCACACCACTGCACTCCAGCCTGGGCAACAAGAGTGAAACTCCGTCTCAAAATTAAGCAAACAAACCAAAACAAAA"
"chr1","19697064","19697078","chr2A","86562381","86562407","17","66865317","GAAAAAGATAAGGAA","AGTTCAAGACCAGCCTGGCCAACATGG"
"chr1","19697135","19697246","chr7","139525399","139525511","15","119828264","GGGAGGCTGAGGCAGGACAATCGCTTGAACCTGGGAGGCGGAGGTTGCAGTGAGCTAAGATCGCACCACTGTACTCCAGCCTGGGCAACAAGAGCAAGACTCCATCTCAAAA","GGAGGCTGAGACAGGAGAATCACTTGAACACGGCAGGCGGAAGTTGCAGTGAGCTGAGATTGCGCCACTGCACTCCAGCCTGGGCAACAAGAGCAAAACTCCATCTCAAAAAA"
"chr1","19771480","19771783","chr1","19741010","19741314","4","30470","GGTTGGGCACGGTGTCTCACGCTTGTAATCCCAGCACTTTGGGAGGCCGGGGCGGGTGGATCACCTGAGGTCAGGAGTTCAAGACCAGCCTGGCCAACATGGTGAAATCCTGTCTCTACTAAAAATACAAAAAATAGCCGGGCGTGGTCGTGGGCACCTATAGTCCCAGCTACTCAGGAGGCTGAGGCAGGAGAATCACTTGAACCCGGGAGGCAGAGGTTGGGGTGAGCCAAGATTGCACGACTGAACTCCAGCCTGGGCAACAAGAGCGAAACTCCATCTCAAAACAAAAACAAAAACAAAA","GGCTGGGCACGGTGTCTCACGCTTGTAATCCCTGCACTTTGGGAGGCCGGGGCGGGTGGATCACCTGAGGTCAGGAGTTCAAGACCAGCCTGGCCAACATGGTGAAATCCTGTCTCTACTAAAAATACAAAAAATAGCCGGGCGTGGTCGTGGGCACCTATAGTCCCAGCTACTCAGGAGGCTGAGGCAGGAGAATCACTTGAACCCGGGAGGCAGAGGTTGGGATGAGCCAAGATTGCACGACTGAACTCCAGCCTGGGCAACAAGAGCGAAACTCCATCTCAAAACAAAAACAAAAAACAAAA"
"chr1","20146155","20146458","chr1","20119473","20119777","4","26682","GCCGGGCGCAGTGGCTTACGCCTGTAATCCCAGCACTTTGGGAGGCCAAGACAGGTGGATCACCTGAGGTCAGGAGTTTGAGACCAGCCTGGCCAACATGATGAAACCCCATCTCTACTAAAAATACAAAAAATTAGCCAGGCATGGTGGTGGACGCCTGTAATCCCAGCTACTTGGGAGACTGAGGCAGGAGAATTGCTTGAACCCTGGAGGAGGAGGTGGCAGTGAGCCGAGATTATGCCACTGCACTCCAGCCTGGGCAACAAGAGCGAAACTTCATCTTAAAATTAAAAAAAGAAGAAGA","GCCGGGCGCAGTGGCTTACGCCTGTAATCCCAGCACTTTGGGAGGCCAAGACAGGTGGATCACCTGAGGTCAGGAGATTGAGACCAGCCTGGCCAACATGATGAAACCCCATCTCTACTAAAAATACAAAAAATTAGCCAGGCATGGTGGTGGACGCCTGTAATCCCAGCTACTTGGGAGACTGAGGCAGGAGAATTGCTTGAACCCTGGAGGAGGAGGTGGCAGTGAGCCGAGATTATGCCACTGCACTCCAGCCTGGGAAACAAGAGCGAAACTTCATCTTAAAATAAAAAAAAAGAAGAAGA"
"chr1","20362383","20362681","chr1","20337223","20337524","4","25160","GGCCAGCTGCAGTGGCTCACGCCTATAATCCCAACACTTTGGGAGGCCAAGGCAGGTGGATCACCTGAGGTCAGGAGTTCGAGACCAGCCTGGTCAACATGGTGAAATCCCATCTCTACTAAAAATACAAGAAATTAACCAGGCATGGTGACAGACACCTGTAATCCCAGCTACTTGGGAGGCTAAGGCAGGAGAATCACTTAAACTGGGGAGGCGGAGGTTGCAGTGAGCCGAGATCATGCCACTACGGTCCAACCTGGGCAACAAGAGCAAAACTCCATCTAAAAAAAAATAATAAA","GGCCAGCTGCAGTGGCTCACGCCTATAATCCCAACACTTTGGGAGGCCAAGGCAGGTGGATCACCTGAGGTCAGGAGTTCGAGACCAGCCTGGTCAACATGGTGAAATCCCATCTCTACTAAAAATACAAGAAATTAACCAGGCATGGTGACAGACACCTGTAATCCCAGCTACTTGGGAGGCTGAGGCAGGAGAATCACTTAAACTGGGGAGGCGGAGGTTGCAGTGAGCCGAGATCATGCCACTACGGTCCAACCTGGGCAACAAGAGCAAAACTCCATCTAAAAAAAAATAATAATAAA"
"chr1","20615025","20615336","chr1","20596574","20596882","14","18451","GGCCACACACAGTGGCTCACACCTATAATCCTAGCACTTTGGGAGGCCGAGGCAGGTAGATCACTCCTGACTTGAGGTCAGGAATTCGAGACCAGCCTCTCCAACATAGCAAAACCCTGTCCCTACTAAAAATACAAAAAATCAGCCAGGCGTGGTGGTGCGTGCCTGTAATCCCAGCTACTCAGGAGGTTGAGGCAGGAGAATCGCTTGAACCCAGGAGGCAGAGGTTGCAGGTGAGCTGAGATTACGCCACTGCACTCCAGCCTGGGCAACAAAAGTGAAGCTCCATCACAAAAAATAAAATAAAATAAA","GGCCACGCACAGTGGCTCACACCTATAATCCTAGCACTTTGGGAGGCCGAGGCAGGTAGATCACTCCTGACTTGAGGTCAGGAATTCGAGACCAGCCTCTCCAACATAGCAAAACCCTGTCCCTACTAAAAATACAAAAAATCAGCCAGGCGTGGTGGTGCGTGCCTGTAATCCCAGCTACTCAGGAGGCTGAGGCAGGAGAATTGCTTGAACCCAGGAGGCAGAGGTTGCAGTGAGCTGAGATTATGCCACTGCACTCCAGCCTGGGCAACAAAAGTGAAACTCCATCGCCTAAAAATGAAAATAAAA"
"chr1","20727954","20728257","chr1","20712730","20713036","4","15224","GGCCGGGTGCGGTGGCTCACACCTGTATTCCCATCACTTGGGAGGCCAAGGCAGGCAGATCACCTGAGGTCAGGAGTTCGAGACTAGCTTGGCCAACATGGTGAAACCCTGTCTCTACTAAAAATACAAAAATTAGCTGGGCGTGGTGGTGGGCGCCTGTAATCCCAGCTACTTGAGAGGCTGAGGCAGGAGAATCGCTTAAACCCAGGAGGTGGAGATTGCAGTGAGCTGAGATCCCATCACTGCACTCCAGCCTGGGCAACAAGAGCAAGACTCCGTCTACAAAAAAAAAAAAAAAAAAAAA","GGCCGGGTGCGGTGGCTCACACCTGTATTCCCATCACTTGGGAGGCCAAGGCAGGCAGATCACCTGAGGTCAGGAGTTCGAGACTAGCTTGGCCAACATGGTGAAACCCTGTCTCTACTAAAAATACAAAAATTAGCTGGGCGTGGTGGTGGGCGCCTGTAATCCCAGCTACTTGAGAGGCTGAGGCAGGAGAATCGCTTAAACCCAGGAGGTGGAGATTGCAGTGAGCTGAGATCCCATCACTGCACTCCAGCCTGGGCAACAAGAGCAAGACTCCGTCTCAAAAAAAAAAAAAAAAAAAAAAAAA"
"chr1","20803028","20803275","chr1","20795454","20795703","2","7574","AGACCGAGGCATGCAGATCACCCGAGGTCAGGAGTTTGAGACCAGCCTGGCCAACATGGTGAAACCCCGTCTCTACTAAAACTACAAAATTAGCTGGGCGTGGTGGCGCACGCCTGTAATCCCAGCTACTTGGGAGGCTGAGGCAGGAGAATCACTTGAACCCATGAGGCGGTGGTTGCAATGAGCCGAGATCATGCCACTGCACTCCAGCCTGGGCAAAAAGAGCAAAACTCCATTTAAAAAAAAAA","AGACCGAGGCATGCAGATCACCCGAGGTCAGGAGTTTGAGACCAGCCTGGCCAACATGGTGAAACCCCGTCTCTACTAAAACTACAAAATTAGCTGGGCGTGGTGGCGCACGCCTGTAATCCCAGCTACTTGGGAGGCTGAGGCAGGAGAATCACTTGAACCCATGAGGCGGTGGTTGCAATGAGCCGAGATCATGCCACTGCACTCCAGCCTGGGCAAAAAGAGCAAAACTCCATTTAAAAAAAAAAAA"
"chr1","20945048","20945356","chr1","20938013","20938321","0","7035","GGCCAGGTGTTATGGCTCATGCCTGTAATCCCAGCACTCTGGGAGGCCAAGGCAGACAGATCACCAGAGGTCAAGAGTTCGAGACCAGCCTGGCCAACATGATGAAACCCCGTCTCTACCAAAAATACAAAAATTAGCCAGGAGTGGTGGCAGGTGCCTGTTAATTCCAGCTATTCGGGAGGCTGAGGCAGGAGAATTGCTTGAACCCAGGAGGTGGAGGTTGCAGTGAGCCGAGGTCGCGCCACTGCACTCCAGCCTAGGCAACAAGAGCAAGGCTCCGTCTCAAAAACAAGCAAACAAAGAAACAAA","GGCCAGGTGTTATGGCTCATGCCTGTAATCCCAGCACTCTGGGAGGCCAAGGCAGACAGATCACCAGAGGTCAAGAGTTCGAGACCAGCCTGGCCAACATGATGAAACCCCGTCTCTACCAAAAATACAAAAATTAGCCAGGAGTGGTGGCAGGTGCCTGTTAATTCCAGCTATTCGGGAGGCTGAGGCAGGAGAATTGCTTGAACCCAGGAGGTGGAGGTTGCAGTGAGCCGAGGTCGCGCCACTGCACTCCAGCCTAGGCAACAAGAGCAAGGCTCCGTCTCAAAAACAAGCAAACAAAGAAACAAA"
"chr1","21218162","21218450","chr1","21216970","21217266","11","1192","GGCCGGGTGTGATTGCTTACGCCTGTAATCCCAGCACTTTGGGAGGCCGAGGCGGGTGGATCACCTGAGTTCGCCAACATGGTGAAACCCCATCTCTACTAAAAATACAAAAAATTGCCAGACATGGTGGCAGGCACCTGTAAGCTCAGCTACTTGGGAGGCTGAGGCAGGAGAATCGCTTGAACCCAGGAGGTGGAGGTTGCAATGAGCCAAGATCATGCCACTACACTCCAGCCTGGGCAACAAGAATGAAACTCTGTCTCAATAAATAAATAAATAAATAAATAAA","GGCCGGGTGTGATTGCTTACGCCTGTAATCCCAGCACTTTGGGAGACCGAGGCGGGTGGATCACCTGAGTTCGCCAACATGGTGAAACCCCATCTCTACTAAAAATACAAAAAATTGCCAGACATGGTGGCAGGCGCCTGTAAGCTCAGCTACTTGGGAGGCTGAGGCAGGAGAATCGCTTGAACCCAGGAGGTGGAGGTTGCAATGAGCCAAGATCACGCCACTACACTCCAGCCTGGGCAACAAGAATGAAACTCTGTCTCAATAAATAAATAAATAAATAAATAAATAAATAAA"
"chr1","21314854","21315159","chr1","21315578","21315891","9","724","GGCCAGGTGCAGTGGCTCACGCCTGTAATCCCAGCACTTTGGGAGGCCGAGGTGGGTGGATCACCTGAGGTCAGGAGTTCCAGACCAGCCTGGCCAACATGGTGAAACCATGTCTCTACTAAGAATACAAAAAATTAGCCGGGCATGGTGGCGGGCGCCTGTGATCCCAGCTACTCAGGAGGTTGAGGCAGGAGAATCGCTTGAACCTGGGAGATGGAGGTTGCAGTGAGCTGAGGTCACTCCACTGCACTCCAGCCTGAGCAACAAGAGCGAACCTCCAACTCGAAAAAAAAAAAAAAGAAAGAA","GGCCAGGTGCAGTGGCTCACGCCTGTAATCCCAGCACTTTGGGAGGCCGAGGTGGGTGGATCACCTGAGGTCAGGAGTTCCAGACCAGCCTGGCCAACATGGTGAAACCATGTCTCTACTAAGAATACAAAAAATTAGCCGGGCATGGTGGCGGGCGCCTGTGATCCCAGCTACTCAGGAGGTTGAGGCAGGAGAATCGCTTGAACCTGGGAGATGGAGGTTGCAGTGAGCTGAGGTCACTCCACTGCACTCCAGCCTGAGCAACAAGAGCGAACCTCCAACTCGAAAAAAAAAAAAAAAAAAAAAAAAGAAGA"
"chr1","21352639","21352934","chr1","7111237","7111530","34","14241402","GGCCGGGCGTGGTGGCTCACACCTGTCATCCCAGCACTTTGGGAGTCCGAGGCGGGTGGATCACCTGAGGCCAGGAGTTCGAGACTAGCCTGGCCAACGTGGGGAAACCCCATCTCTACTAAAAATACAAAAATTAGCTGGACGTGGTGGTGGGCACCTATAATCCCAGCTACTTGGGAAGCTGAGGAAGGAGAATCGCTAGAACCTGGGAGGCGGAGGTTGTGGTGAGCTGAGATTGCGCCACTGCACTCCAGCCTGGGCAACAAGGGCAAAACTCTGTCTCAAAAAAAAAAAAA","GGCCAGGTGTGGTGGCTCACACCTGTAATCCCAGCACTTTGGGAGGCCGAGGCGGGCGGATCACCTGAGGTCAGGAGTTCAAGACGAGCCTGGCCAACATGGCGAAACCCCATCTGTACTAAAAATACAAAAATTAGCTGGGTGTGGTGGCGGGCGCCTGTAATCCCAGCTACTTGGGAGGCTGAGGCAGGAGGAGATCACTTGAACCTGGGAGGTGGAGGATGCAGTGAGCCGAGACTGTGCCACTGCACTCCAGCCTGGGCAACAAGAGCAAAACTCTGTCAAAAAAAAAAA"
"chr1","22024824","22025126","chr1","21862755","21863057","1","162069","GGCTGGGTGCGGTGGCTCATGCCTATAATCGCAGCACTTTGGGAGACTGGGGCAGACAGAACACCTGAGGACAGGAGTTTGAGACCAGCCTGGCCAACATGGGGAAACCCTGTCTCTACTAAAAATACAAAAACTAGCCGGGTGTGTTGGCAGGCACCTGTAATCCCACTGCTTGGGAGGCTGAAGGGGGAGAATCACTTGAACCTGGGAGGCAGAGATTACAGTGAGCTGAGATTGCACCACTGTACTCCAGCTGGGCAACAAGAGTGAAACTCCATCTCAAAAAACAAACAAAAAAAAGAA","GGCTGGGTGCGGTGGCTCATGCCTATAATCGCAGCACTTTGGGAGACTGGGGCAGACAGAACACCTGAGGACAGGAGTTTGAGACCAGCCTGGCCAACATGGGGAAACCCTGTCTCTACTAAAAATACAAAAACTAGCCAGGTGTGTTGGCAGGCACCTGTAATCCCACTGCTTGGGAGGCTGAAGGGGGAGAATCACTTGAACCTGGGAGGCAGAGATTACAGTGAGCTGAGATTGCACCACTGTACTCCAGCTGGGCAACAAGAGTGAAACTCCATCTCAAAAAACAAACAAAAAAAAGAA"
"chr1","22034589","22034888","chr1","21872527","21872827","3","162062","GGCCGGGCGCAGTGGCTCACGCCTGTAATCCCAGCACTTTGGGAGGCTGAGGTGGGTGGATCACTTGAGGTCAGGAGTTCAAGACCAGCTTGGCCAACCTGGTGAAACCCCATCTCTACTAAAAATACGAAAATTAGCCAGGCGTGGTGGCGGGCGCCTATAATCCCAGCTACTCAGGAGGCTGAGGCAGGAGAATCACTTGAACCTGGGAAGCAGGGTTGCAGTGAGCTGAGACCGCACCACTGTACTCCATTGTGGGCAACAAGACTGAAACTCCGTCTCAAAAAAAAAAAAAAAAAA","GGCCGGGCGCAGTGGCTCACGCCTGTAATCCCAGCACTTTGGGAGGCTGAGGTGGGTGGATCACTTGAGGTCAGGAGTTCAAGACCAGCCTGGCCAACATGGTGAAACCCCATCTCTACTAAAAATACGAAAATTAGCCAGGCGTGGTGGCGGGCGCCTATAATCCCAGCTACTCAGGAGGCTGAGGCAGGAGAATCACTTGAACCTGGGAAGCAGGGTTGCAGTGAGCTGAGACCGCACCACTGTACTCCATTGTGGGCAACAAGACTGAAACTCCGTCTCAAAAAAAAAAAAAAAAAAA"
"chr1","22060416","22060727","chr1","184071818","184072130","32","162011402","GGCCGGGCACGGTGGCTCACGCCTGTAGTCCCTGCACTTTGGGAGGCAGAGGCAGGCGGATCACCTGAGGTCAGGAGTTTGAGACTAGCCTGGCCAACATGGTGAAACCCCATCTCTACCAAAAATACAAAAATTATCTGGGCGTGGTGGCGTGCGCCTGTAATCCCAGCTACCCTGGAGGCTGAGGCAGGAGAATCGCTTGAACCCAGAAGGCAGAGGTTGCAGTGAGCCAAGATTGCGACACTGCACTCCAGCCTGGGCAACAAGAGCAAAACTCCATCTCAAAAAATAAATAAATAAATAAAATAAAAA","GGCTGGGCACAGTGGCTCATGCTTGTAATCCCTGCACTTTGGGAGGCCGAGGTGGGTGGATCACCTGAGGTCAGGAGTTTGAGACCAGCCTGGCCAACATGATGAAACCCCATCTCTACTAAAAATACAAAAAATTAGCTGGGCGTGGTGGCGTGTGTCTGTAATCCCAGCTACTCAGGAGGCTGAGGCAGGAGAATTGCTTGAACCCAGGAGGCGGAGGTTGCAGTGAGCTGAGATCGTGCCACTGCACTCCAGCCTGGGCAACAAGAGCAAAACTCCATCTCAAAAAAAAAAATTAATAATAATAATAAAA"
"chr1","22141267","22141560","chr1","22000319","22000613","4","140948","GGCTGGGCGCGGTGGCTCACGCCTGTAATCCCAGCACTTCGGGAGGCCGAGGTGGGCAGATCACCTGAGGTGAGGAGCTCGAGACCAGCCTGGCCAACATGGTGAAACTCCGTGTCTACTAAAAATACAAAATTAGCCAGGCACGATGGCAGGTGCCTGTAATCCCAGTTACTCTGGAGACTGAGGTAGGAGAATCGCTTGAACCCGGGAGGCGGAGGTTGAAGTGAGCTGAGATTGCCACCACTGCACTCCAGCCTGGGCAAAAAGAGCAAAACTCCATCTCAAAAAAAAAAA","GGCTGGGCGCGGTGGCTCATGCCTGTAATCCCAGCACTTCGGGAGGCTGAGGTGGGCAGATCACCTGAGGTGAGGAGCTCGAGACCAGCCTGGCCAACATGGTGAAACTCCGTGTCTACTAAAAATACAAAATTAGCCAGGCACGATGGCAGGTGCCTGTAATCCCAGTTACTCTGGAGACTGAGGTAGGAGAATCGCTTGAACCCGGGAGGCGGAGGTTGAAGTGAGCTGAGATTGCCACCACTGCACTCCAGCCTGGGTAAAAAGAGCAAAACTCCATCTCAAAAAAAAAAAA"
"chr1","22582834","22583106","chr1","22447853","22448124","1","134981","AGCATTTTGGGAGGCCGAGGCAGGCGGATCACCTGAGGTCAGGAGTTCGAGACCAGCCTGGCCAACATGGTGAAACCCCCGTCTCTACTAAAAATAGAAAAATTACCTGGGCATGGTGGCAGGTGCCTGTAATCCCAGTTACTCAGGATGCTGAGGCAGGAGAATCGCTTGAACCTGGGAGGCGGAGGTTGGAGTGAGCTGAGATCACGCCACTGCACTCCAGCCTGGGCAACAAGAGCGAGACTCCGTCTCAAAAAAAAAAAAAAAGAGAAA","AGCATTTTGGGAGGCCGAGGCAGGCGGATCACCTGAGGTCAGGAGTTCGAGACCAGCCTGGCCAACATGGTGAAACCCCCGTCTCTACTAAAAATAGAAAAATTACCTGGGCATGGTGGCAGGTGCCTGTAATCCCAGTTACTCAGGATGCTGAGGCAGGAGAATCGCTTGAACCTGGGAGGCGGAGGTTGGAGTGAGCTGAGATCACGCCACTGCACTCCAGCCTGGGCAACAAGAGCGAGACTCCGTCTCAAAAAAAAAAAAAAGAGAAA"
"chr1","22584288","22584559","chr1","22449306","22449582","6","134982","TGGGAGGCCGAGGCAGGTGGATCATCTGGGATCAGGAGTTCGGGACCAGCCTGGCCAACATGGTGACATCCTGTATCTACTAAAAATAGAAGAGAAAAAAAATTAGCAGGGCGTGGTGGCGCGCGCCTGTAATCCCAGCTACTTGGGAGGCTGAGGCAGGAGAATCGCTTGAACCTGGGAGGCGGAGGCTGCAGTGGGGCGAGATCGCGCCGCTACACTCCAGCCTGGGAAACAAGAGCGAATCTCCCATCTCAAAAAAAAAAAAGAAAAAA","TGGGAGGCCGAGGCAGGTGGATCATCTGGGATCAGGAGTTCGGGACCAGCCTGGCCAACATGGTGACATCCTGTATCTACTAAAAATAGAAGAGAAAAAAAAAATTAGCAGGGCGTGGTGGCGCGCGCCTGTAATCCCAGCTACTTGGGAGGCTGAGGCAGGAGAATCGCTTGAACCTGGGAGGCGGAGGCTGCAGTGGGGCGAGATCGCGCCGCTACACTTCAGCCTGGGAAACAAGAGCGAATCTCCCATCTCAAAAAAAAAAAAAAGAAAAAAA"
"chr1","22851871","22852168","chr1","22725475","22725783","13","126396","GCTGGGCGCGGTGGCTCACACCTGTAATCCCAGCACTTTGGGAGGCCGAGGCAGGTGGATCGCCTGAGGTCAGAGTTTGAGACCAGCCTGACCAACATAGTGAAACCCCATCTCTACTAAAATATACAAAAATTAGCCGGGCATGGTGGCAGGCATCTGTAATCCCAGCTACTCAGGGAGGCTGAGGCAGGAAAATCTCTTGAACCCGGGAGGCAGAGGTTGCAGTGAGCCGAGATTGCACCACTGCAGTCCAGCCTGGGCAACAAGAGCAATACTCTGTCTACAAAAAAAAAAGAAA","GCTGGGCGCGGTGGCTCACACCTGTAATCCCAGCACTTTGGGAGGCCGAGGCAGGTGGATCGCCTGAGGTCAGAGTTTGAGACCAGCCTGACCAACATAGTGAAACCCCATCTCTACTAAAATATACAAAAAATTAGCCGGGCATGGTGGCAGGCATCTGTAATCCCAGCTACTCAGGGAGGCTGAGGCAGGAAAATCTCTTGAACCCGGGAGGCAGAGGTTGCAGTGAGCCGAGATTGCACCACTGCAGTCCAGCCTGGGCAACAAGAGCAATACTCTGTCTCAAAAAAAAAAAAAAAAAAAAAAGAA"
"chr1","23093701","23094011","chr1","22967515","22967827","5","126186","GGCCGGGCATGGTGGCTCATGCCTGTAATCTTAGCACTTTGGGAAGCCAAGGCGGGCGGATCACCTGAGGTCAGGAGTTCAAGACCAGCCTGGCCAACATGGTGAAACCCTGTCTCTACTAAAAATACAAAAATTAGCTGGGCATGGTGGCGGGCACCTGTAATCCCAGCTACTTGGGAGGCTGAGGCAGGAGAATCACTTGAACCCAGGAGGCGGAAGTTGCAGTGAGCCAAGATCTCGCCACTGTACTCCAGCCCAGGCAACAAGAGCGAAACTCCGTCTCAAAAAAACAAAAAAACAACAAAAAAAAA","GGCCGGGCATGGTGGCTCATGCCTGTAATCTTAGCACTTTGGGAAGCCAAGGCGGGTGGATCACCTGAGGTCAGGAGTTCGAGACCAGCCTGGCCAACATGGTGAAACCCTGTCTCTACTAAAAATACAAAAAATTAGCTGGGCATGGTGGCGGGCACCTGTAATCCCAGCTACTTGGGAGGCTGAGGCAGGAGAATCACTTGAACCCAGGAGGCGGAGGTTGCAGTGAGCCAAGATCTCGCCACTGTACTCCAGCCCAGGCAACAAGAGCGAAACTCCGTCTCAAAAAAACAAAAAAACAACAAAAAAAAAA"
"chr1","23154979","23155278","chr1","10726150","10726444","32","12428829","GGCTGGGCACAGTGGCTCACTCCTGTAATCCCTGCACTTTGGGAGGCCAAGGCGGGTGGATCACCTGAGGTCAGGAGTTCGAGACCAGCCTGGCCAACATGATAAAACCCCCGTTTCTACTAAAAATACAAAAAATTAGCCGGGCGTGGTGGCGGGCGCCTGTAATCCCAGCTACTCAGGAGGCTGAGTTAGGGAGAATTGCTTGAACCCGGGAGGCAGAGGTTGCAGTGAGCCGAGATCGTGCCACTGCACTTCAGCCTGGGCAACAAGAGCGAAACTGTCTAAAAGCAAACAAAAAAA","GGCCGGGCACGTTGGCTCACGCCTCTAATCCCTGCACTTTGGGAGGCTGAGGCGGGTGGATCACCTGAGGTCAGGAGTTCGAGACCAGCCTGGCCAACATGATGAAACCCTGTCTCTACTAAAAATACAAAAAATTAGCCAGATGTGGTGGCAGGCGCCTGTAATCCCTGCTACTCAGGAGGCTGAGGAAGGAGAATTGCTTGAACCCGGGAGGTGGAGGTTGCAGTGAGCCGAGATCGTGCCACTGCACTCCAGACTGGGCAACAAGAGCGAAACTCTGCCTCAAAAAAACAAA"
"chr1","23182710","23182977","chr1","23053759","23054028","9","128951","TTTGGGAGGTTGAGGCAGGTGGATCACCTGAGGTCAGGAGTTCGAGACAAGCCTGGCCAACATGGTGGAAACCCCGTCTCTACTAAAAATACAAAAAATTAGCCAGGCATGGGAGCGGGTGCCTGTAATCCCAGCTACTCGGGAGGCTGAGGCAGGAGAATCGCTTGAACCCAGGAGGTAGAGGTTGCAGTGAGCCGAGATCGCACCACTACACTCCAGCCTGGGCAATAAGAGCGAAACTTCGTCTCAAAAAAAAAAAAGAAAAGAA","TTTGGGAGGTTGAGGCAGGTGGATCTTTTGAGGTCAGGAGTTCGAGACAAGCCTGGCCAACATGGTGAAACCCCGTCTCTACTAAAAATACAAAAAATTAGCCAGGCATGGGAGCGGGTGCCTGTAATCCCAGCTACTCGGGAGGCTGAGGCAGGAGAATCGCTTGAACCCAGGAGGCAGAGGTTGCAGTGAGCCGAGATTGCACCACTACACTCCAGCCTGGGCAATAAGAGCGAAACTTCGTCTCAAAAAAAAAAAAAAAGAAAAGAA"
"chr1","23209736","23209974","chr1","20795454","20795703","35","2414282","GGCGGATCACCTCAGGTCAGGAGTTCGAGACCAGCCTGGCCAACAATGGTGAAACCCCATCTCTACTAAAAATACAAAATTAGCCTGGCGTGGTGGCGCATGCCTGTAGTCTCAGCTGCTTGGGAGACTGAGGCAAGAGAATCGCTTGAACCCAGGAGGCGGAGGTTGCAGTGAGCCGAGATCACGCCACTGCACTGCAGCCTGGGCAACAAGAGCAAAACTCCATCTCAAAAAAAAAA","AGACCGAGGCATGCAGATCACCCGAGGTCAGGAGTTTGAGACCAGCCTGGCCAACATGGTGAAACCCCGTCTCTACTAAAACTACAAAATTAGCTGGGCGTGGTGGCGCACGCCTGTAATCCCAGCTACTTGGGAGGCTGAGGCAGGAGAATCACTTGAACCCATGAGGCGGTGGTTGCAATGAGCCGAGATCATGCCACTGCACTCCAGCCTGGGCAAAAAGAGCAAAACTCCATTTAAAAAAAAAAAA"
"chr1","23331061","23331359","chr1","23159227","23159525","0","171834","GGCCAGGAACGGTGGCCCACACTTGTAATCCTAGCACTTTGGGAGGTCGAGGCGGGTGGATCACCTGAGGCTAGGAGTTCGAGACCAGCCTGGCCAACGTGGCAAAACCCTGTCTCTACTAAAAATACAAAAAGTAGCCGGGCATGGTGGTGGGCGCCTGTAATCCCAGCTACTCGGTAGGCTGAAGCAGGAGAATCACTTGAACCCAGGGGGCAGAGGTTGCAGTGAGCCCAGATTGTGTCACTCCACTCCAGCCTGGACAAGAGTGAAACTGTGTCTCAAAAAAATAAAGAAAGAAA","GGCCAGGAACGGTGGCCCACACTTGTAATCCTAGCACTTTGGGAGGTCGAGGCGGGTGGATCACCTGAGGCTAGGAGTTCGAGACCAGCCTGGCCAACGTGGCAAAACCCTGTCTCTACTAAAAATACAAAAAGTAGCCGGGCATGGTGGTGGGCGCCTGTAATCCCAGCTACTCGGTAGGCTGAAGCAGGAGAATCACTTGAACCCAGGGGGCAGAGGTTGCAGTGAGCCCAGATTGTGTCACTCCACTCCAGCCTGGACAAGAGTGAAACTGTGTCTCAAAAAAATAAAGAAAGAAA"
"chr1","23337905","23338209","chr1","23166782","23167086","1","171123","GCCAGACGCAGTGGCTCATGCCTGTAATCCCAACACTTTGGGAAGCCAAGGCAGGCGGATTACTTGAGGTCAGGAGTTCGAGACCAGCCTGGCCAACATGGTGAAACCCCTGTCTCTACTAAAAATACAAAAATTAGCTGGGCATGGTGGCATGCGCCTGTAGTTCCAGCTACTCGGGAGGCTGAGACAGAAGAATCGCTTGAACCCAAGAGGTGGAGGTTGCAGTGAGCCAAGATCAAGCCACTGCACTCCAGCATGGGCAACAAGGGTAAAATTCCGTCTCAAAAAACAAAAACAAAAACAAA","GCCAGACGCGGTGGCTCATGCCTGTAATCCCAACACTTTGGGAAGCCAAGGCAGGCGGATTACTTGAGGTCAGGAGTTCGAGACCAGCCTGGCCAACATGGTGAAACCCCTGTCTCTACTAAAAATACAAAAATTAGCTGGGCATGGTGGCATGCGCCTGTAGTTCCAGCTACTCGGGAGGCTGAGACAGAAGAATCGCTTGAACCCAAGAGGTGGAGGTTGCAGTGAGCCAAGATCAAGCCACTGCACTCCAGCATGGGCAACAAGGGTAAAATTCCGTCTCAAAAAACAAAAACAAAAACAAA"
"chr1","23513499","23513788","chr1","157703339","157703582","82","134189840","CAGGAGTTCATGACCCGCCTGGCCAACTTGGCACAACCCCGTCTCCACTACAAATAGAAAAATTAGCCAGGCGTGGTGGCAGGCATCTGTAGTCCCAGCTACTNNNNNNNNNNNNNNNNNNNNAGTTACTTGGGAGGCTGAGGCAGAAGAATCGCCTGAACTTAGGAGGTGGAGGTTGCAGTGAGCCGAGATTGCACCACTGCACTCCAGCCTAGGCAACAAGAGCAAAAATTTCCATCTACAAAAAAACAAAAACAAACCAAAAAAACAAAAACAAAAACAAAAAACTT","CAGGAGTTCCAGGACCAGCCTGGCCAATATGGCGAAACCCCATCTATACTAGAAATACAAAAACTAGCCGGGTGTGGTGGCAGGTGCCTGTAATCCCAGCTACTCGGGAGGCTGAGGCAGGAGAATCGCTTGAACCCAGGAGGTAGAGGTTGCAGTGAGCCAAGATCGGCACCACTGCACTCCAGCCTGGGCAACAAGAGTGAAACTCAGTCTTAAAAAACAAACAAACAAAAACAAAAACAAA"
"chr1","23513934","23514242","chr1","23349391","23349700","3","164543","GCCGGGTGTGGAGGCTAACGCCTGTAATCCCAGCACTTTGGGAGGCCAAGGTGGGTGGATAACTTGAGGTCAGGAGTTCGAGACCAGCCTGACCAACATGGTGAAACCCCGTCTCTACTAAAATACAAAATTAGCCAGGTGTGGTGGCACGCACCTGTAATCCCAGCTACTTGGGAGGCTGAGGCAGGAGAATCACTTGAACCCAGGAGGCCGAGGTTGCAGTTTGCTGAGACCGTGTCACTGCACTCCAGCCTGGACAACAAGAGCGAAACTCCATCTCAGGGGAGGGGAAAAAAAAGACAGAATAAA","GCCGGGTGTGGAGGCTAATGCCTGTAATCCCAGCACTTTGGGAGGCCAAGGTGGGTGGATAACTTGAGGTCAGGAGTTCGAGACCAGCCTGACCAACATGGTGAAACCCCGTCTCTACTAAAATACAAAATTAGCCAGGTGTGGTGGCACGCACCTGTAATCCCAGCTACTCGGGAGGCTGAGGCAGGAGAATCACTTGAACCCAGGAGGCCGAGGTTGCAGTTTGCTGAGACCGTGTCACTGCACTCCAGCCTGGACAACAAGAGCGAAACTCCATCTCAGGGGAGGGGAAAAAAAAAGACAGAATAAA"
"chr1","23526074","23526368","chr1","23362177","23362472","1","163897","GGCGGGAAGCGGTAGCTCATGCCTGTAATCCCAGCACTTTGGGAGGCCGAGGCGGGTGTATCGGTCAGAAGTTCGAGACCAGCCTGATCAACATGGTGAAACCCTGCCTCTACTAAAAATACAAAAATTAGCCCCGTGTGGTGGCACGTGCCTGTAAACCCACCTACTCCGGAGGCTGAGGCAGAAAAATCGCTTGAACCCGGGAGGCGGAGGTTGCAGTGAGCCAATATCGCACCACTGCACTCCACCCTAGGCAACAACAGCGAAACTCCGTCTTAAAAAAAAAAGAAAGAAA","GGCGGGAAGCGGTAGCTCATGCCTGTAATCCCAGCACTTTGGGAGGCCGAGGCGGGTGTATCGGTCAGAAGTTCGAGACCAGCCTGATCAACATGGTGAAACCCTGCCTCTACTAAAAATACAAAAATTAGCCCCGTGTGGTGGCACGTGCCTGTAAACCCACCTACTCCGGAGGCTGAGGCAGAAAAATCGCTTGAACCCGGGAGGCGGAGGTTGCAGTGAGCCAATATCGCACCACTGCACTCCACCCTAGGCAACAACAGCGAAACTCCGTCTTAAAAAAAAAAAGAAAGAAA"
"chr1","23621492","23621642","chr18","19573294","19573443","37","4048198","GATTAGCTGGGCATGGAGGTGGGCACCTGTAATCCCAGCTACTCAGGAGGCTGAGGCATGAGAATGGCTTGAACCTGGGAGGTGGAGGTTGCAGTGAGCTGAGATCGCACCACTGACAACTTAAAAAAAAGAAAAAGAAAGAAAAAGAAAA","ATTAGCTGGGCATGGTGGCAGGTGCCTGTAATCCCAGCTACTCAGGAGACTGAGGCAGGAGAATTGCTTGAACCCTGGAGGCAGAGGTTGCACTGAGCCGAGATCGTGCCACTGCACTGCAACCTGGGCAACAAGAACAAAACTCGGTCT"
"chr1","23621969","23622110","chr21","4047173","4047316","32","19574796","GGGCGTGGTGGCTCATGCCTGTAATTTCAGCACTTTCAGAGGCTGAGGTGGACAGATCACTTGAGGCCCGAGTTCAAAGACCAGCCTGGCCAACATGGTGAAACTCCATCTCTACTAAAAATACAAAAGTTAGCTGGGTGTC","CGGGCTGCGGTGGCTCATGCCTGTAATCCTAGCACTTTGGGAGGCCAAGGCGGGTGCATCACCTGCGGTTAGCAGTTCGAGACCAGCCTGGCCTACATGGTGAAACCTTGTCTCTGCTAAAAATACAAAAATTAGCTGGGCGTG"
"chr1","23635453","23635737","chr1","23475571","23475855","1","159882","CCGGGCACGGTGGCTAATGCCTGTAATCCCAGCACCTTGGGAGGCCGAAGCGGGTGGATCACTTGAGGTCAGGAGTTTGAGACCAACCTGGCCAACACAATGAAACCCCGTCTCTACTAAAAATACAAAAAATTAGCCAGGTGGTGGGCACCTGTAATCCCAGCTAGTCAGAAGGCTGAGGCAGGAGAATTGCTTGAACCTGGCAGGCAGAGGTTGCAGTGAGCCAAGATTGTGCAACTGCACTCCAGCCTGAGCAACAAGAGCAAAACTTGGTCTCAAAAAAAA","CCGGGCACGGTGGCTCATGCCTGTAATCCCAGCACCTTGGGAGGCCGAAGCGGGTGGATCACTTGAGGTCAGGAGTTTGAGACCAACCTGGCCAACACAATGAAACCCCGTCTCTACTAAAAATACAAAAAATTAGCCAGGTGGTGGGCACCTGTAATCCCAGCTAGTCAGAAGGCTGAGGCAGGAGAATTGCTTGAACCTGGCAGGCAGAGGTTGCAGTGAGCCAAGATTGTGCAACTGCACTCCAGCCTGAGCAACAAGAGCAAAACTTGGTCTCAAAAAAAA"
"chr1","23688797","23689110","chr1","23529670","23529998","22","159127","GGCCTGGCGCGGTGGCTCATGCCTATAATACCAGCACTTTGGGAGGGCGAGGCAGGCAGATCACCTGAGGACAGGAGTTCGAGACCAGCCTGGCCAACATGGTGAAACACCGTCTCTACTAAAAATACAGAAATTCGCTGGGTATGGTGGCAGGCATCTGTAATCCCAGCTAATAGGGAGGCTGAGGAAGGAGAATCATTTGAACCCAGGAGGTGGAGGTTGTAGTGAGGCAAGATCATGCCACTGCACTCTAGCCTGGGCAACAAGAGCGAGACTCGTGTCTCAAAATAAAAATAAATAAATAAACAAACAAA","GGCCTGGCGCGGTGGCTCATGCCTATAATACCAGCACTTTGGGAGGGCGAGGCAGGCAGATCACCTGAGGTCAGGAGTTCGAAACCAGCCTGGCCAACATGGTGAAACACCGTCTCTACTAAAAATACAGAAATTCGCTGGGTATGGTGGCAGGCATCTGTAATCACAGCTAATAGGGAGGCTGAGGAAGGAGAATCATTTGAACTCAGGAGGTGGAGGTTGTAGTGAGGCAAGATCACGCCACTGCACTCCAGCCTGGGCAACAAGAGCAAGACTCGTGTCTCAAAATAAAAATAAATAAATAAACAAACAAACAAATAAATAAATAA"
"chr1","23772848","23773151","chr1","23614928","23615234","7","157920","GGCCAGGCGCAGTGGCTCACGCCTGTAATCCCAGCACTTTGGGAGGCCAAGACGGGTGGATCACCTGAGGTCAGGAGTTCGAGACCAGCCCGGCCAAAATGATGAAACCCCCATCTCTGCTAAAAATACAAAAAATTAGCTGGGCGTGATGGCGGGCACCTGTGATTCCAGCTACTCAGGAGACCAAGGGAGGAGAATCGCTTGAACCCAGGAGGCAGAGGTTGCACTGAGCTGAGATCATGCCACTGTACTCCAGCCTGGGCAACAAGAGTGAAACTCCCTCTCAAAAAAAAAAAAAAAAAAA","GGCCAGGCGCAGTGGCTCACGCCTGTAATCCCAGCACTTTGGGAGGCCAAGACGGGTGGATCACCTGAGGTCAGGAGTTCGAGACCAGCCCGGCCAAAATGATGAAACTCCCATCTCTGCTAAAAATACAAAAAATTAGCTGGGCATGATGGCGGGCACCTGTGATTCCGGCTACTCAGGAGACCAAGGGAGGAGAATCACTTGAACCCAGGAGGCAGAGGTTGCACTGAGCTGAGATCATGCCACTGTACTCCAGCCTGGGCAACAAGAGTGAAACTCCCTCTCAAAAAAAAAAAAAAAAAAAAAA"
"chr1","23864611","23864673","chr13","82924616","82924678","9","59060005","CCNCTGCACTCCAGCCTGGACAACAAGAGCAAGAATCCATCTCAAAAAAAGAAAAAAACAGAA","CCACTGCACTCCAGCCTGGGCAACAAGAGCAAAACTCAGTCTCAAAAAAAAAAAAAAAAAAAA"
"chr1","23910584","23910872","chr14","45087054","45087344","41","21176470","GGCCAGGTGTGGTGGCTTATGCCTGTTCGGAGCACTCTGGGAGGCTGAGATGGGTGGATCACCTGAGGTCCGGAGTTCAAGACCAGACTGGCCAATATGGTGAAACCCTGTCTCTACTAAAATTACAAAAATTAGCCAGGTGTGGTGGCACATGCCTGTAATCCCAGCTGCTTGAGAGGCTGAGGCATGAGAATCGCTTGAAACTAAGAGGCAGGGGTTGCAATGAGCTGAGATCGCGCCACTGCACTCCAGCCTGGGCAACAAGAGTGAAACTGTCAAAAAAAAAAAA","GGCTAGGCATAGTGGCTCATGCCAGTAATCTCAGCGCTCTGGGAGGCCGAGGCGGGCGGACCACCTGAGGTCAGGAGTTTGAGACCAGCATGGCCAATATGGTGAAACCCCATCTCTACTAAAAATACAAAATTAGCCGGGCGTGGTGGCACATGCCTGTAATCCCAGCTACTTGAGAGGCTGAGGCAGGAGAATTGCTTGAACCCAGGAGGCAGAGGTTGCAGTGAGCTGAGATCGCTGCCACTGCACTCAAGCCTGGGCAACAAGAGAGAAACAAACAAAAAAAAAAAA"
"chr1","24009284","24009579","chr1","23853988","23854289","7","155296","GGCCGGACCCAGTGGCTCACACCTGTAATCCCAACACTTTTGGAGGCTGCTGGAGCACCTGAGGTTAGGAGTTCAAGACCAGCCTGGCCAACATGGTGAAACCCCGTCTCTATTAAAAAAAAATGCAAAAATTAGCCAGGCGTGGTGTTGGGTGCCTGTAGTCCCAGCTACTCGGGAGGCTGAGGCGGGAGAATCGCTTGACCCGTGGAGGTTGCAGTGAGCCAAGATCGCGCCCCTGCACTCCAGCCTGGGCAACAAGAGCAAAACTCTATCTTAAAAAAAAAAAAAAAAAAAAA","GGCCGGACCCAGTGGCTCACGCCTGTAATCCCAACACTTTTGGAGGCTGCTGGAGCACCTGAGGTTAGGAGTTCAAGACCAGCCTGGCCAACATGGTGAAACCCCGTCTCTATTAAAAAAAAATGCAAAAATTAGCCAGGCGTGGTGTTGGGTGCCTGTAGTCCCAGCTACTCGGGAGGCTGAGGCGGGAGAATCGCTTGACCCGTGGAGGTTGCAGTGAGCCAAGATCGCGCCCCTGCACTCCAGCCTGGGCAACAAGAGCAAAACTCTATCTTAAAAAAAAAAAAAAAAAAAAAAAAAAA"
"chr1","24024459","24024763","chr1","23867681","23867985","3","156778","GGCCCAGCACGGTGACTCACGCCTGTAATCCGAACACTTTGGGAGGCCGAGGCGGGTGGATCACCTGAGGTCAGGAGTTCGAGACCAGTCTGGCCAACATGGCGAAACCCCGTCTTTACTAAAAATACAAAAATTAGCAGGGTATGGTGGCAGGCACCTGTAATCCCAGTTACTCAGGAGCCTGAGGCAGGAGAATTGCTTGAACCTGGGAAGTGGAGGTTGTAGTGAGCCAAGATCACGCCACTGCACTCCACCCTGGACAACAAGAGCCTGGACAACAAGGCTTCATCTCAAAAAAAAATAAA","GGCCCGGCACGGTGACTCACGCCTGTAATCCGAACACTTTGGGAGGCCGAGGCGGGTGGATCACCTGAGGTCAGGAGTTCGAGACCAGTCTGGCCAACATGGCGAAACCCCGTCTTTACTAAAAATACAAAAATTAGCAGGGTATGGTGGCAGGCACCTGTAATCCCAGTTACTCAGGAGCCTGAGGCAGGAGAATTGCTTGAACCTGGGAAGTGGAGGTTGTAGTGAGCCAAGATCACGCCACTGCACTCCATCCTGGACAACAAGAGCCTGGACAACAAGGCTTCGTCTCAAAAAAAAATAAA"
"chr1","24067199","24067261","chr9","69377507","69377571","6","45310308","CGCGCCACTGCACTCCAGCCTGGGCAACAAGAGTGAGACTCTGTCTCAAAAAAAAAAAAGAAA","GCGCCACTACACTCCAGCCTGGGCAACAAGAGGGAGACTCTGTCTCCAAAAAAAAGAAAAGAAAA"
"chr1","24106833","24107133","chr1","23952807","23953108","2","154026","GGCCAGGCGCAGTGGCTCATACCCGTAATCCCAGCACTTTGGGAGGCTGAGGCAGGTGGATCACCTGAGGTCAGGAGTTCGAGACCAGCCTGGCCAACATGGTGAAACCCCATCTCTACTAAAAATACAAAATATTAGCTGGGGCTGGTGGCGGATGCCTGTAATCCCAGCTACTCAGGAGGCTGAGGCTGGGGAATCACTTGAACCTGGAAGGCGGAGGTTGCAGTGAGCTGAGGTTGCGCCACTGCACTCCAGCCTAGGCAACAAGAGCGAAACTCTGTCTCAAAAAATAAAAAAAGAA","GGCCAGGCGCAGTGGCTCATACCCGTAATCCCAGCACTTTGGGAGGCTGAGGCAGGTGGATCACCTGAGGTCAGGAGTTCGAGACCAGCCTGGCCAACATGGTGAAACCCCATCTCTATTAAAAATACAAAATATTAGCTGGGGCTGGTGGCGGATGCCTGTAATCCCAGCTACTCAGGAGGCTGAGGCTGGGGAATCACTTGAACCTGGAAGGCGGAGGTTGCAGTGAGCTGAGGTTGCGCCACTGCACTCCAGCCTAGGCAACAAGAGCGAAACTCTGTCTCAAAAAATAAAAAAAAGAA"
"chr1","24112864","24113150","chr1","23958861","23959147","3","154003","GGCCAGGCACAGTGGCTCACGCCTGTAATCCCAGCACTTTGGGAGGCCGAGGCAGGTGGGTCACCTGAGGTCAGGAGTTTGAGACCAGCCTGGCCAACATAATGAAACCCTGTCTCTACTAAAAATACAAAAATTAGCTGGGCATGGTGTTGGGCGCCTGTAATCCCAGCTACTCAGGAGGCTGAGGCAGGAGAATCACTTGAACTCGGGAGGCAGAGGTTGCAGTGAGCCAAAATGGCACCACTGCACTCCAGCCTGGGCAACAAGACTGAAACTCCTTCTGAAAA","GGCCAGGCACAGTGGCTCACGCCTGTAATCCCAGCACTTTGGGAGGCCGAGGCAGGTGGGTCACCTGAGGTCAGGAGTTTGAGACCAGCCTGGCCCACATAATGAAACCCTGTTTCTACTAAAAATACAAAAATTAGCTGGGCATGGTGTTGGGCGCCTGTAATCCCAGCTACTCAGGAGGCTGAGGCAAGAGAATCACTTGAACTCGGGAGGCAGAGGTTGCAGTGAGCCAAAATGGCACCACTGCACTCCAGCCTGGGCAACAAGACTGAAACTCCTTCTGAAAA"
"chr1","24180532","24180829","chr14","73355581","73355879","35","49175049","GGCGGGGGGGGGCTCACGGCTGTAATCCCACCACTTTGGGAGGCCGAGATGGGTGGATTACCTGAGTTCAGGAGTTAGTGACCACCCTGGCCAACGTGGTGAAACCCCATCTCTACTAAAAATACAAACATTAGCCGGGCGTGGTGGCGGGTGCCTGTAATCCCAGCTACTCAGGAGGCTGAGGCAGGAGAATCGCTTGAACCCAGGAGGCAGAGGTTGCAGTAAGCTGAGATCGCACCACCGCACTCCAGCCTGGGCAACAAAAGCGAAACTCCATCTCAAAAAACAAAAAACAAAA","GCGGGGCGTGGTGGCTCACGCCTGTAATCCCAGCACTCTGGGAGGCCGAGGTGGGTGGATCACTGGAGGTCAGGAGTTTGAGACCAGCCTGGCCAACATGGTGAAACCCCATCTCTACTAAAACTACAAAAATTAGCTGGACGTGGTGGGGGATGCCTGTAATTCCAGCTACTCGGGAGGCTGAGGCAGGAGAATCGCTTGAACCCAGGAGGCGGAAGTTGCAGTGAGCCGAGATCGCACCACTGCACTCCAGCCTGGGCAACAAAAGCGAGAATCCGTCTGAAAAAAAAAAAAAAAAA"
"chr1","24214477","24214537","chr1","24066526","24066587","1","147951","GTGCCACTGAACTCCAGCCTGGGCAACAAGAGCAAAACTCCGTCTCAAAAAAAAAAAAAGA","GTGCCACTGAACTCCAGCCTGGGCAACAAGAGCAAAACTCCGTCTCAAAAAAAAAAAAAAGA"
"chr1","24335707","24336013","chr1","24190740","24191046","3","144967","GGCTGGGCGCGGTGGCTCACGCCTGTAATCCCAGCACTTTGGGAGGCCGAGGCGGGCGGATCACCTGAGGTCAGGAGTTCGAGACCAGCCTGGCCAACATGGTGAAACCCCGTCTCTACTAAAAATACAAAAAATTAGCCAGATGTGGTGGCGGGTGCCTGTAATCCCAGCTACTTGGGAGGCTGAGGCAGGAGAATCACTTGAACCCGGGAGGTGGAGGTTGCAGTGAGCCGAGATCGCACCACTGCACTCCAGCCTAGGCAACAAGAACAAAACTCCGACTCAAAAAAACAAAACAAAACAAAAA","GGCTGGGCGCGGTGGCTCACGCCTGTAATCCCAGCACTTTGGGAGGCCGAGGCGGGCGGATCACCTGAGGTCAGGAGTTCGAGACCAGCCTGGCCAACATGGTGAAACCCGTCTCTACTAAAAATACAAAAAAATTAGCCAGGTGTGGTGGCGGGTGCCTGTAATCCCAGCTACTTGGGAGGCTGAGGCAGGAGAATCACTTGAACCCGGGAGGTGGAGGTTGCAGTGAGCCGAGATCGCACCACTGCACTCCAGCCTAGGCAACAAGAACAAAACTCCGACTCAAAAAAACAAAACAAAACAAAAA"
"chr1","24373168","24373478","chr1","24230096","24230409","3","143072","GGCTGGGCACGGTGGCTTACGCCTGTAATCCCAACAGTTTGGGAGGCTGAGGTGGGTGGATCTCCTAAGGTCAGAAGTTCAAGACCAGACTGGCCAACGTGGTGAAACCCCATCTTTACTAAAAATACAAAAATTAGCTGGGCGTGGTGGCATGTGCCTGTAATCCCAGCTACTCGGGAGGCTGAGGCAGGAGAATCGCTTGAACCTGGGAGGTGGAGGTTGCAGTGAGCCAAGATCGTGCCACTGGACTGCAGCCTGGGCAATGACAGCAAAACTCTGTCTCAAAATAATAAAATAAAATAAAATAATAA","GGCTGGGCACGGTGGCTTACGCCTGTAATCCCAACAGTTTGGGAGGCTGAGGTGGGTGGATCTCCTAAGGTCAGAAGTTCAAGACCAGACTGGCCAACGTGGTGAAACCCCATCTTTACTAAAAATACAAAAATTAGCTGGGCGTGGTGGCATGTGCCTGTAATCCCAGCTACTCGGGAGGCTGAGGCAGGAGAATCGCTTGAACCTGGGAGGTGGAGGTTGCAGTGAGCCAAGATCGTGCCACTGGACTGCAGCCTGGGCAATGACAGCAAAACTCTGTCTCAAAATAATAAAATAAAATAAAATAATAATAA"
"chr1","24486492","24486797","chr1","24342159","24342468","5","144333","GGCATGGTGGCTCACGCCTGTAATCCCAGCACTTTGGAAGGCTGAGGTGGGCTGATCACCTGAGATCAGGAGTTTGAGACCAGCCTGACCAACATGGTGAAACCCCGTCTCTACTAAAATACAAAAATTAGCCGGGCGTAGTGGCGGGCGCTTGTAATCTCAGCTACTTGGGAGGCTGAGGCAGGAGACTCACTTGAAACCAGGAGGCAGAGGTTGCAGTGAGCTGAGATCACGCCACTGCACTGCAGCCTGGGCAACAAGAGGGAGACTCCGTCTCAAAAAAATAAATAAAAATAAAAATAAAAA","GCCAGGCGTGGTGGCTCACGCCTGTAATCCCAGCACTTTGGAAGGCTGAGGTGGGCTGATCACCTGAGATCAGGAGTTTGAGACCAGCCTGACCAACATGGTGAAACCCCGTCTCTACTAAAATACAAAAATTAGCCGGGCGTAGTGGCGGGCGCTTGTAATCTCAGCTACTTGGGAGGCTGAGGCAGGAGACTCACTTGAAACCAGGAGGCAGAGGTTGCAGTGAGCTGAGATCACGCCACTGCACTGCAGCCTGGGCAACAAGAGGGAGACTCCGTCTCAAAAAAATAAATAAAAATAAAAATAAAAA"
"chr1","24780689","24780997","chr19","44295667","44295979","36","19514978","GGCCGGGTGTGGTGGCTCATGCCTACAATCCCAGCACTTTGGGAGGCTGAGGGGGGCAGATCACTTGAGGTCAGCAGTTCAAGACCAGCCTGGCCAACATGGTAAAACCCCGTCTCTATTAAAAATGCTAAAATTAGCCAGGTGTAATGGCAGGCACCTGTAATCCCAGCTACTCTGGAGACTGAGGCAGGAGAATCGATTGAACCCGGGAGGCAGAGGATGCAGTGAGCTGAGATCGTGCCACTGCACTCCAGCCTGGGCAACAAGAGTGAAACTCCCTCTCAAAAAAAAAAAAAAACAAGAAAGAAA","GGCTGGGCGTGGTGGCTCATGCCTGTAATCCCAGCACTTTGGGAGGCTGAGGCGGGCGGATCACCTGAGGTCAGGAGTTTGAAACCAGCTTGGCCAACATGGTGAAACCCCATCTCTACTAAAAATGCAAAAATTAGCCTGATGTGATGGTGGGCACCTGTAATCCCAGCTACTCGGGAGGCTGAGGCAGGAGAATCGCTTGAACCCGGGAGGCAGAGGTTGCAGTGAGCCGAGATCGCGCCATTGCACTCCAGCCTGGGCAACAAGAAAGAAACTCCATCTCAAAAAAAAAAAAAAAAGAAAAGAAAAGAAA"
"chr1","24799123","24799503","chr1","44529891","44530194","114","19730768","GGCCAGAGGCAGTGGCTCGTGGCTGTAATCCCAGCATTGTGGGAGGCCAAGGCAGGAGGATTTGCCTGACACCAAGAGTCCAAGACCAGCCTGGGCAACTTAGGAAGACCTTGTCTCTAGCAAAAAAAAAAAAANAAAAAAANNNNNNNNNNNNNNNNNNNNNNNNNNNNNNNNNNNNNNNNNNNNNNNNNNNNNNNNNNNNNNNNNNNNNNNNNNNNNNNNNNNNNNNNNNNNNNNNNNNNNNNNNNNNNNNNNNNNNNNNNNNNNNNNNNNNNNNNNNNNNNNTGGGAGGTGGAGGTTGCAGTGAGCCAAGATCGTGCCACTGCACTCCAGCCTGGGCAACAGGAGCGAAACTCCAACTCAAAAAAAAAAAAAAAAAAA","GGCTGGGCGTGGTGGCTCACACCTATAATCCCAGCACTTTGGGAGGCTGAGGCGGGTGGATCACCTGAGGTTGGAGTTCGAGACCAGCCTNNNNNNNNNNNNNNNNNNNNNNNNNNNNNNNNNNNNNNNNNNNNNNNNNNNNNNNNNNNNNNNNNNNNNNNNNNNNNNNNNNNNNNNNNNNNNNNNNNNNNNNNNNNNNNNNNNNNNNNNNNNNNNNNNNNNNNNNNNNCTGTGATTTCCAGACTGCACATCCCTCCAGACTCGGCAACAAGAAAAAAAATCCGTTTTAAAAAAAAAAAAAAAA"
"chr1","24911486","24911792","chr1","24775356","24775659","13","136130","GGTCAGGGTGGTGGCTCACACCTGTAATCCCAGCACTTTGGGAGGCCGAGGCCGGCGGATCACTTGAGGTCAGAAGTTCAAGACCAGCCTGGCCTACATAGTGAAAACCTGTCTCTACTAAAAATACAAAAAAATTATCCGGGCATGGTGGTGGGTGCCTGTAATCTCAGCTACTCAGGAGGCAGAGGCAGGAGAATCACTTGAACCCAGGAGGCAGAGGTTACGGTGAGCCGAGATGGCACCACTGCACTCCAGCCTGGGCAACAAAAGCGAGACTCTGTCTCAAAAAAAAAGAAAGAAAAAGAAA","GTGGTGGCTCACACCTGTAATCCCAGCACTTTGGGAGGCCGAGGCCGGCGGATCACTTGAGGTCAGAAGTTCAAGACCAGCCTGGCCTACATAGTGAAAACCTGTCTCTACTAAAAATACAAAAAAATTATCCGGGCATGGTGGTGGGTGCCTGTAATCTCAGCTACTCAGGAGGCTGAGGCAGGAGAATCACTTGAACCCAGGAGGCAGAGGTTACGGTGAGCCGAGATGGCACCACTGCACTCCAGCCTGGGCAACAAAAGCGAGACTCTGTCTCAAAAAAAAAAAAAAAAGAAAAAAGAAA"
"chr1","25780822","25781108","chr1","10726150","10726444","36","15054672","GGCCGGGCGCAGTGGCTCACGCCTATAATCCCAGCACTTTGGGAGGCTGAGGCGGGTGGATGACCTGAAGTCAGGAGTTCGAGACCAGCCTGGCCAACATGGTGAAACCCCGTCTCTACTAAAAATACAAAAAAATTAGCCAGGCAGATGCCTGTAATCCCAGCTACTCTGGAGGCTGAAGCAGGAGAATCGCTTGAACCCAGGAGGTGGAGGTTACAGTGAGCCGAGATCATACCACTGAGCTCCAGTCTGGGCAACAAGAGCAAAACTCCGTCTCAAAAAAAAAA","GGCCGGGCACGTTGGCTCACGCCTCTAATCCCTGCACTTTGGGAGGCTGAGGCGGGTGGATCACCTGAGGTCAGGAGTTCGAGACCAGCCTGGCCAACATGATGAAACCCTGTCTCTACTAAAAATACAAAAAATTAGCCAGATGTGGTGGCAGGCGCCTGTAATCCCTGCTACTCAGGAGGCTGAGGAAGGAGAATTGCTTGAACCCGGGAGGTGGAGGTTGCAGTGAGCCGAGATCGTGCCACTGCACTCCAGACTGGGCAACAAGAGCGAAACTCTGCCTCAAAAAAACAAA"
"chr1","26183721","26184003","chr1","25849857","25850163","25","333864","GCCTGTAATCTCAGCACTTTGGGAGGCCGAGACGGGCGGATCACTTGAGGTCAGGAGTTCAAGACCAGCCTGGCCAACATAGTGAAACCCTGTCTCTACTAAAAATACAAAAATCAGCCGAGCGTAGTGGCGGGCACCTGTAGTCCCAGCTACTCGGGAGGCTGAGGCGGAAGAATCGCTTGAACCCGGGAGGCGGAGGTTGCAGTGAGCTTAGATCGCGCCACTGCACTCCAGCACGAGCAACAAGAGTGAAACTCCATCTCAAAAATAACAATAATAATAA","GGCCGGGCACGGTAGCTCACGCCTGTAATCTCAGCACTTTGGGAGGCCGAGACGGGCGGATCACTTGAGGTCAGGAGTTCAAGACCAGCCTGGCCAACATAGTGAAACCCTGTCTCTACTAAAAATACAAAAATCAGCCGAGCGTAGTGGCGGGCGCCTGTAGTCCCAGCTACTCGGGAGGCTGAGGCGGAAGAATCGCTTGAACCCGGGAGGCGGAGGTTGCAGTGAGCTTAGATCGCGCCACTGCACTCCATCCAGCACGAGCAACAAGAGTGAAACTCCATCTCAAAAATAACAATAATAATAA"
"chr1","26263976","26264262","chr1","25933791","25934082","5","330185","GGCTGGGCGCAGTGGCTCATGCCTGTAATCCCAGCGCTTCGGGAAGCTGAGGTAGGTGGATCACCTGAGGTCAGGAGTTCAAGACCAGCCTGGTCAACATGGTGAAATCCCGTCTTTACAAAAATGCAAAAATTAGCTGGGCATGGTGGTGGGCACCTGTAATCCCAGCTACTCTGGAGGCTGAAGCAGGAGGATTGCTTGAACCTGGGAAGCAGAAGTTGCAGTGAGCCAAGATGGTGCCACTGCACTCCAGCTGGGCAACAAGAGACTCCATGTCAAAAAAAAAA","GGCTGGGCGCAGTGGCTCATGCCTGTAATCCCAGCGCTTCGGGAAGCTGAGGTAGGTGGATCACCTGAGGTCAGGAGTTCAAGACCAGCCTGGTCAACATGGTGAAATCCCGTCTTTACAAAAATGCAAAAATTAGCTGGGCATGGTGGTGGGCACCTGTAATCCCAGCTACTCTGGAGGCTGAAGCAGGAGGATTGCTTGAACCTGGGAAGCAGAAGTTGCAGTGAGCCAAGATGGTGCCACTGCACTCCAGCTGGGCAACAAGAGACTCCATGTCAAAAAAAAAAAAAAA"
"chr1","26377100","26377407","chr1","26052223","26052530","1","324877","GGCATGGTGGCTCACGCCTGTAATCCTAGCACTTTGGGAGGCCGAGGCAGGCGGATCACCTGAGGTCAGGAGTTTGACACCATCCTGGCCAACATGGTGAAACCCCGTCTCTACTAAAAATACAAAAATTAGCCAGGTGTGGTGACGGGCACCTGTAATCCCAGCTACTTGGGAGGCTGAGGCAGGAGAATCGCTAGAACCCCAGGGGGACGGAGCTTGCAGTGAGCCGAGATCACGCCACTTCACTCCAGCCTGGGCAAAAGAGTGAAACTCCGTCTCAAAAAAAAACAAAGAAAAGAAAAGAAAAA","GGCATGGTGGCTCACGCCTGTAATCCTAGCACTTTGGGAGGCCGAGGCAGGCGGATCACCTGAGGTCAGGAGTTTGACACCATCCTGGCCAACATGGTGAAACCCCGTCTCTACTAAAAATACAAAAATTAGCCAGGCGTGGTGACGGGCACCTGTAATCCCAGCTACTTGGGAGGCTGAGGCAGGAGAATCGCTAGAACCCCAGGGGGACGGAGCTTGCAGTGAGCCGAGATCACGCCACTTCACTCCAGCCTGGGCAAAAGAGTGAAACTCCGTCTCAAAAAAAAACAAAGAAAAGAAAAGAAAAA"
"chr1","26464492","26464796","chr1","26139482","26139778","20","325010","GGCCAGATGCGGTGGCTCACACCTGTAATCCCAACACTTTGTGAGGCCGAGGCGGGTGGATCACCCGAGGTCAGGAGTTTGAGACCAGCTTGGCCAATATGATGAAACCCCAACGCTACTAAAAATACAAAAAATTAGCCGGGCATGGTGGCAGGTGCCTGTAATCCCAGCTACTCAGGAGGCTGAGGCAGGAGAATTGCTTGAACCTGGGAGGCAGAGGTTGCAGTGAGCCAAGATCCCGCTACTGCACTCCAGCCTGGGCAACAAGAGCGAAACTCTGNNNNNNNNNNNNNNNNNNNNAAAAA","GGCCAGATGCGGTGGCTCACACCTGTAATCCCAACACTTTGTGAGGCCGAGGCGGGTGGATCACCCGAGGTCAGGAGTTTGAGACCAGCTTGGCCAATATGATGAAACCCCAACGCTACTAAAAATACAAAAAATTAGCCGGGCATGGTGGCAGGTGCCTGTAATCCCAGCTACTCAGGAGGCTGAGGCAGGAGAATTGCTTGAACCTGGGAGGCAGAGGTTGCAGTGAGCCAAGATCCCGCTACTGCACTCCAGCCTGGGCAACAAGAGCGAAACTCTGTTTCCAAAAAACAAAAA"
"chr1","26479422","26479725","chr1","26154026","26154331","5","325396","CGGTGTCTCACGCCTGTAATCCCAGCACTTTGGGAGGCTGAGGTGGGCGGATCACCTGAGGTCAGGAGTTGGAGACCAGCCTGGCCAACATGGTGAAACCCCGTCTCTACTAAAAATACAAAAATTAGCTAGGCGTGGTGGTGGGCACCTGTAATCCCAGCTACTCTGGAGGCTGAGGCAGGAGCATCACTTGAACCCAGGAGACAGAAGTTGCAGTGAGCTGAGATCACGCCACTGCACTCCAGCCTGGGCAACAAGAGCGAAACTCCATCTACAAAAAAAAAAGTAAATAAATAAACAAAAA","CGGTGTCTCACGCCTGTAATCCCAGCACTTTGGGAGGCTGAGGTGGGCGGATCACCTGAGGTCAGGAGTTGGAGACCAGCCTGGCCAACATGGTGAAACCCCGTCTCTACTAAAAATACAAAAATTAGCTAGGCGTGGTGGTGGGCACCTGTAATCCCAGCTACTCTGGAGGCTGAGGCAGGAGCATCACTTGAACCCAGGAGACAGAAGTTGCAGTGAGCTGAGATCACGCCACTGCACTCCAGCCTGGGCAACAAGAGCGAAACTCCATCTCAAAAAAAAAAAAAAGTAAATAAATAAACAAAA"
"chr1","26502553","26502849","chr1","26178331","26178629","2","324222","GGCCGGGCGCGGTGGCTCATGCCTGTAATCCCAGCACTTTGGGAGGCCAAGGCGGGTGGATCATCTGAGGTCAGGAGTTCGAGATCAGCCTGGCCAACATAGAGAAACCCCGTCTCTACTAAAAATCCAAAAAATTAGCCGGTCGTGGTGGCGGGTGCCTATAATCCCAGCAACTCGGAAGGCTGAGACAGGAGAATTGCTTGAACCCGGAGGCAGAGGTTGCAGTGAGCCGAGATTGCGCCACTGCACTCCAACCTGGGCAACAAGAGCAAAACTCGGTCTCAAAAAAAAAAAAAA","GGCCGGGCGCGGTGGCTCATGCCTGTAATCCCAGCACTTTGGGAGGCCAAGGCGGGTGGATCATCTGAGGTCAGGAGTTCGAGATCAGCCTGGCCAACATAGAGAAACCCCGTCTCTACTAAAAATCCAAAAAATTAGCCGGTCGTGGTGGCGGGTGCCTATAATCCCAGCAACTCGGAAGGCTGAGACAGGAGAATTGCTTGAACCCGGAGGCAGAGGTTGCAGTGAGCCGAGATTGCGCCACTGCACTCCAACCTGGGCAACAAGAGCAAAACTCGGTCTCAAAAAAAAAAAAAAAA"
"chr1","26571667","26571756","chr1","26249212","26249298","3","322455","GAGGTTGCAGTGAGCAAAGATTGCGCCACTGCACTCCAGCCTAGGCAACAAGAGCGAAACCCCATCTCAGAAAAAAAAAGAAAAAGAAAA","GAGGTTGCAGTGAGCAAAGATTGCGCCACTGCACTCCAGCCTAGGCAACAAGAGCGAAACCCCATCTCAGAAAAAAAAAAAAGAAAA"
"chr1","26594986","26595278","chr1","26272339","26272631","1","322647","GCCAGGCTCGGTGGCTCACGCCTGTAATCCCAGCACTTTGGGAGGCCGAGGTGGGTGGATCACCTAAGGTCAGGAGTTCAAGATCAGCGTGGCCAACATGGTGAAACACCGTCTCTACCAATAATACAAAAAATTAGCTGGGCGTGGTGGTGGACGCCTGTAACCCCAGCTCCTCGGGAGGCTGAGACAGGAGAATCGCTTGAACCCGGGAGGTGGAGGTTGCAGTGAGCTGAGATCACACCACTGCACTCCAGCCTGGGCAACAAGAATGAAACTCCATCTAAAAAAAAAAA","GCCAGGCTCGGTGGCTCACGCCTGTAATCCCAGCACTTTGGGAGGCCGAGGTGGGTGGATCACCTAAGGTCAGGAGTTCAAGATCAGCGTGGCCAACATGGTGAAACACCGTCTCTACCAATAATACAAAAAATTAGCTGGGCGTGGTGGTGGACGCCTGTAACCCCAGCTCCTCGGGAGGCTGAGACAGGAGAATCGCTTGAACCTGGGAGGTGGAGGTTGCAGTGAGCTGAGATCACACCACTGCACTCCAGCCTGGGCAACAAGAATGAAACTCCATCTAAAAAAAAAAA"
"chr1","26648381","26648525","chr6","12153945","12154094","21","14494436","GACCGGGCACGGTGGCTCACACCTGTAATCCCAGCACTTTGGGAGGCCGAGGCAGGCAGATCACCTGAGGTCAGGAGTTCAAGACCAGCCTGGCCAACATGACAAAATCCCGTCTCTACTAAAAATACAAAAATTAGCTAGGTGA","GGCTGGGCGCAGTGGCTCACGCCTGTAATTCCAGCACTTTGGGAGGCCGAGGCAGGTGGATCACTTGAGGTCAGGAGTTGGAGACCAGCCTGGCCAACATGGCAAAACCCCATCTCTTCTAAAAATACAAAAATTAGCTAGGTACAGTGG"
"chr1","26648833","26648969","chr6","139293270","139293413","32","112644437","TTGCTGGGCGTGATGGCGGCTGCCTATAATCCCAGCTACTCGGGAGGTTGAGGGGTGGAGGTTGCAGCGACCCGAGATCATGCCACTTCACTCCAGCCTGGGCAAAAGAGCGAAACTCTATCTCAAAAAAACAGAAA","GCTGGGCATGGTGGCTCACGCCTATAATCACAGCACTTTGGGATCGCTTGAACTGAGGAGATGGAGGTTGCAGTGAGCTGAGATTGCGCCACTGCACTCCAGCCTGGGCAACAAGAGCGAAACTCCATCTCAAAAAAAAAAAAA"
"chr1","26669784","26670082","chr1","26349179","26349476","14","320605","GGCTGGACGCGGTGGCTCACACCTGTAATCCCAACACTTTGGGAGGCTGAGGCAGGTGGATCACCTGAGGTCAGGAATTCAAGACCAGCCTGGCCAACCTGATGAAACCCTGTCTCTACTAAAAAAAATACAAAAAATTAGCCGGGCATGGTGGCGGGTGCCTGTAATCCCAGCTACTTGGGAGGCTGAGGCAGGAGAATCGCTTGAACCCGGGAGGCAGAGGTTTCGGTGAGCCAAGATCACACCACTGCAATCCAGCCTGGGCAACAAGAGCAAAACTCCATCTCAAAAACCAAAAA","GGCCAGGCGCAGTGGCTCACGCCTATAATCCCAGCACTTTGGGAGGCCAAGTTGGGGGATCACCTGAGGTCAGGAATTCAAGACCAGCCTGGCCAACTTGATGAAACCCTGTCTCTACTAAAAAAAATACAAAAAATTAGCCGGGCATGGTGGCGGGTGCCTGTAATCCCAGCTACTTGGGAGGCTGAGGCAGGAGAATCGCTTGAACCCGGGAGGCAGAGGTTTCGGTGAGCCAAGATCACACCACTGCAATCCAGCCTGGGCAACAAGAGCAAAACTCCATCTCAAAAACCAAAAA"
"chr1","26735927","26736246","chr8","22376857","22377169","39","4359070","GGCCGGGAGCGGTGACTCACGCCTGTAATCCCAACACTTTGGGAGGCCGAGGTGGGTGGATCACCTGAGGTCAGGAGTTCGATATCAGCCTGGCTAACATGGTAAAACCCTGTCTCTACTAAAAATACAAAAATTAGCCAGGCATGGTGGTGGGCACCTGTAATCCCAGCTACTCAGGAGGCTGAGACAGGAGAATCACTTGAACCCAGGAGGCAGAGGTTGCAGCGAGCCAAGATCGCACCACTGCACTCCAGCCTGGGCAGTAGAAGTAGAAGAACTACTAATACTACAAAAAAAAAAAAGAAAAAAAGAAAAAAAAA","GGCCAGGCACAGTGACTCACGCCTGTAATCCCAGCACTTTGGGAAGCCGAGGTGGGTGGATCACCTGAGGTCAGGAGTTCGAGACCAGCCTGGCCAACATGGTAAAACCCCGTCTCTACTAAAAATACAAAACTTAGCCAGGTGTGGTGGCTGGCGCCTGTAATCCCAGCTACTCGGGAGGCTGAGGCAGGAGAATCACTTGAACCCAGGAGGCAGAGGTTGCAGTGAGCCAAGATTATGCCACTGCACTCCAGCCTGGGTGACAAGAGCAAAACTCTATCTCAAAAAAAACAAAAACAAAAACAAAAACAAA"
"chr1","26759673","26759973","chr1","26443471","26443774","5","316202","GGCCAGGCGCGGTGGCTCACGCCTGTAATCCCAGCACTTTGGGGGGCCGAGGCGAACGGATCACCTGAGGTCAGGAGTTTGAGACCAGCCTGACCAACATCGTGAAACCCCGTCTGTACTAAAAATACAAAAAATGAGCCGGGCGTGTTGGCGGGCGCCTGTTTTCCCAGTTACTCGGGAGGGTGAGGCAAGAGAATCGCTTGAACCCGGGAGGCGGAGGTTGCGGTGAGCCAAGATCAGGCCACTGCACTCCAGCCTGGGCAACAGGAGCGAAACTCTGTCTCAAAAAAGAAAAAAAAAA","GGCCAGGCGCGGTGGCTCACGCCTGTAATCCCAGCACTTTGGGGGGCCGAGGCGAACGGATCACCTGAGGTCAGGAGTTTGAGACCAGCCTGACCAACATCGTGAAACCCCGTCTGTACTAAAAATACAAAAAATGAGGCGGGCGTGTTGGCGGGCGCCTGTTATCCCAGTTACTCGGGAGGGTGAGGCAAGAGAATCGCTTGAACCCGGGAGGCGGAGGTTGCGGTGAGCCAAGATCAGGCCACTGCACTCCAGCCTGGGCAACAGGAGCGAAACTCTGTCTCAAAAAAGAAAAAAAAAAAAA"
"chr1","26788612","26788906","chr1","26473611","26473905","4","315001","CTCACGCCTGTAATCCCAGCACTTTGGGAGGCCAAGGTGGGCAGATCACCTGAGGTCAGGAGTTCAAGACCAGCCTGGCCAACATGGTGAAACACAATCTCTACTGAAAATACAAAAATTAGCCAGGCATGGTGGCGTGTGCCTGTAATCCCAGCTAGTTGGGAGGCTGAGACAGGAGAATCATTCAAACCCAGGAGGGGGAGGTTGCAGTGAGCCCAGATCGCACCACTGCACTCCGGCCTGGGCAACAAGAGCAAAATCCCATCTCAAAATAAATAAATAAATAAAGATAAAA","CTCATGCCTGTAATCCCAGCACTTTGGGAGGCCAAGGTGGGCGGATCACCTGAGGTCAGGAGTTCAAGACCAGCCTGGCCAACATGGTGAAACACAGTCTCTACTGAAAATACAAAAATTAGCCAGGCATGGTGGCGTGTGCCTGTAATCCCAGCTAGTTGGGAGGCTGAGACAGGAGAATCATTCAAACCCAGGAGGGGGAGGTTGCAGTGAGCCCAGATCGCACCACTGCACTCCGGCCTGGGCAACAAGAGCAAAACCCCATCTCAAAATAAATAAATAAATAAAGATAAAA"
"chr1","27226769","27227062","chr1","26910045","26910339","3","316724","GGCCAGGTGCGGTGGCTCATGCCTGTAATCCCAGCACTTTGGAAGGCCAAGGCAGGTGGATCACCTGAGGTCAGGAGTTTGAGACTAGCCTGGCCAACATCGTGAAACTCTGTCTCTACTAAAAATACAAAAATTAGCCAGGCGTGGTGGTGGGTGCCTGTAATCCCAGCTACTCGGGAGGCTGAAGCAAGGGAATTGCTTGAACCCGGGAGGCGGAGGTTGCAGTGAGCCGAGATGGCGCCACTGCACTCCAGCCTGGGCAGCAAGAGTGAAACTCCATCTGAAAAAAAAAAA","GGCCAGGTGCGGTGGCTCATGCCTGTAATCCCAGCACTTTGGAAGGCCAAGGCAGGTGGATCACCTGAGGTCAGGAGTTTGAGACTAGCCTGGCCAACATCGTGAAACTCTATCTCTACTAAAAATACAAAAATTAGCCAGGCGTGGTGGTGGGTGCCTGTAATCCCAGCTACTCGGGAGGCTGAAGCAAGGGAATTGCTTGAACCCGGGAGGCGGAGGTTGCAGTGAGCCGAGATGGCGCCACTGCACTCCAGCCTGGGCAGCAAGAGTGAAACTCCATCTAAAAAAAAAAAAA"
"chr1","27248355","27248660","chr1","26932764","26933045","25","315591","GGCCGGGCACAGTGGCTCATACCTGTAATCCCAGCACTTTGGGAAGCTGAGGTGGGTAGATCACCTGAGGTCAGGAGTTAGAGACCAGCCTGGCCAATATGGTGAAACCGTGTCCCTACTAAAAATACAAAAATTAGCTGGGCATGGTGGTAGGCGCCTGTAATCCCAGCTACTCGGGAGGCTGAGGCAGGAGAATCACTTGAACCCAGGAGGCGGAGGTTGCAGTGAGTCAAGATCGCACCACTGTACTCTACCCTGGGCAACAAGAGTGAAACTCCGTCTCAAAAACAAAAACAACAACAACAA","GGCCGGGCACAGTGGCTCATACCTGTAATCCCAGCACTATGGGAAGCTGAGGTGGGTAGATCACCTGAGGTCAGGAGTTAGAGACCAGCCTGGCCAATATGGTGAAACCGTGTCCCTACTAAAAATACAAAAATTAGCTGGGCATGGTGGTAGGCGCCTGTAATCCCAGCTACTCGGGAGGCTGAGGCAGGAGAATCACTTGAACCCAGGAGGCGGAGGTTGCAGTGAGTCAAGATCGCACCACTGTACTCTACCCTGGGCAACAAGAGTGAAACTCCGTCT"
"chr1","27439313","27439615","chr1","27125429","27125695","36","313884","GGCCAGGTGCGGTGGCTCACGCCTGTAATCTCAGCACTTTGGGAGGCTAAGGTGGGTGGATCACCTGAGGTCAGGAGTTTGAGACCAGCCTGGCCAACATGGTGAAACCCCTCCTCTATTAAAAATACAAAAATTAGCCAGGCGCCATGGTGGGTGCCTGTAATCCCAGCCCCTGGAGAGGTTAAGGCAGGAGAATCACTTGAACCCGGGAGGCAGACGCTGTAGTGAGCCGAAATCGCGCCACTGTACAACAAGAGTGAGACTCCGCCCCCCCAAAAAACAAAACAAAACAAAACAAAAAAA","GGCCAGGTGCGGTGGCTCACGCCTGTAATCTCAGCACTTTGGGAGGCTAAGGTGGGTGGATCACCTGAGGTCAGGAGTTTGAGACCAGCCTGGCCAACATGGTGAAACCCCTCCTCTATTAAAAATACAAAAATTAGCCAGGCGCCATGGTGGGTGCCTGTAATCCCAGCCCCTGGAGAGGTTAAGGCAGGAGAATCACTTGAACCCGGGAGGCAGACGCTGTAGTGAGCCGAAATCGCGCCACTGTACAACAAGAGTGAGACTCCG"
"chr1","27475867","27476173","chr1","27162455","27162762","1","313412","GGCTGGGGGTTGTGGCTTACCCCTGTAATCCCAGCACTTTGGGAGGCCGAGGCGGGTGGATCACCTGAGGTCAGGAGTTCGAGACCAGCCTGACCAACATGGTGAAACCCCATCTCTACTAAAAATACAAAAATTAGCTGGACGTGGTGGTGGGTGCCAGTAATCCCAGCTACTCTGGAGGCTGAGGCAGGAGAATCGCTTGAATCCAGGAGGCAGAGGTTGCATTGAGCTGAGATGGCGCCACCGCACTCCAGCCTGGGCAACAAGAGCCAGACTCTATCTCAAAAAAAATAAAAATAAAAATAAA","GGCTGGGGGTTGTGGCTTACCCCTGTAATCCCAGCACTTTGGGAGGCCGAGGCGGGTGGATCACCTGAGGTCAGGAGTTCGAGACCAGCCTGACCAACATGGTGAAACCCCATCTCTACTAAAAATACAAAAATTAGCTGGACGTGGTGGTGGGTGCCAGTAATCCCAGCTACTCTGGAGGCTGAGGCAGGAGAATCGCTTGAATCCAGGAGGCAGAGGTTGCATTGAGCTGAGATGGCGCCACCGCACTCCAGCCTGGGCAACAAGAGCCAGACTCTATCTCAAAAAAAAATAAAAATAAAAATAAA"
"chr1","27570334","27570633","chr1","27260616","27260925","10","309718","GGCTGGGCATGGTGGCTTATGCCTGTAATCCCAGTACTTTGGGAGGCCAAGGAAGGCCAAGGAACCTGAGGTCAGGAGTTCAAGACCAGCCTGGCCAACATGGTATAACCCCATCTCTACTAAAAATACAAAATTAGCCAGGCATGGTGGCACGTGCCTGTAATCCCAGCTACTCGGGAGGCTGAGGCAGGAGAATCACTCGAACCTGGGAGGTGGAGGTTGCAATGAGCCAAGATCATGCCACTGCACTCCAGCCTGGGCAACAAGAGCAAAACTCTGTCTCAAAAAATAAAAATAAAA","GGCTGGGCATGGTGGCTTATGCCTGTAATCCCAGTACTTTGGGAGGCCAAGGAAGGCCAAGGAACCTGAGGTCAGGAGTTCAAGACCAGCCTGGCCAACATGGTATAACCCCATCTCTACTAAAAATACAAAATTAGCCAGGCATGGTGGCACGTGCCTGTAATCCCAGCTACTCGGGAGGCTGAGGCAGGAGAATCACTCGAACCTGGGAGGTGGAGGTTGCAATGAGCCAAGATCATGCCACTGCACTCCAGCCTGGGCAACAAGAGCAAAACTCTGTCTCAAAAAATAAAAATAAAAATAAGATAAA"
"chr1","27696764","27697061","chr4","39827804","39828101","38","12131040","GGCTGGGCATGGTGGCTCACGCCCATAATTCCTGCACTTTGGGAGGCCGAGGTGGGTGGATCACCTGAGGTCAGGCGTTCGAGACCAGCCTGGCGAACGTGATGAAACCCTGTCTCTACCACAAATGCAAAAAAGTAGCCAGGCATAGTGGCAGGCACCTGTAATCCCAGCTACTCAGGAGGCTGAGGCAGGAGAATCACTTGAATCTGGGAGGCGGAGGTTGCAGTGAGCCGAGATCACCACTGCACTCCAGTCTGGGCAGCAAGAGCGAAACTCCGTCTCAACAAACAAACAAAAA","GGCCGGGCACAGTGGCTCATGCCTGTAATCCCAGCACTTTGGGAGGCCGAGGCGGGTGGATCACCTGAGGTCTGGAGTTCGAGACCAGCCTGACCAACATGGTGAAACCCTCGTCTCTACTAAAAATACAAAAAATTAGCCTGGCGTGGTGGCAGGCACCTGTAATCCCAGCTACTCGGAAGGCTGAGGCAGGAGAATCACTTGAACCTGGAAGGCGGAGGTTGCAGTGAGCAGAGATCATGCCACTGCACTCCAGTTTGGGCAACAAGAGCAAAACTCTATCTCAAAAAAAAAAAAA"
"chr1","27698470","27698794","chr1","27394450","27394769","25","304020","GCTGGGTGCGGTGGTTCATACCTGTAATCCCAGCACTTTGGGAGGCTGAGCAGGGTGGATCACCTGAGGTCAGGAGTTCAAGACCATCCTGACCAATATGGTGAAACCCTGTCTCTACTAACAATACAAAAAAAAAAAAAAAAGACGTAGGGACGATAGGTGGCGGGCGACCTAGTAATACCCACGCTTACCTTAGGGTAGGGCTGAGGCAGGAGAATCGCTTGAACCCAGAAGGCAGAGGTTGCAGTGAGCCGAGACTGCACCACTGCACTCCAGCCTGGGCAACAAGAATAAAACTGTCTCGGAAAAAAGGAAAGAAAAGAAA","GCTGGGTGCGGTGGTTCATACCTGTAATCCCAGCACTTTGGGAGGCTGAGCAGGGTGGATCACCTGAGGTCAGGAGTTCAAGACCATCCTGACCAATATGGTGAAACCCTGTCTCTACTAACAATACAAAAAAAAAAAAAAAAAAGCTGGGCATGGTGGCGGGCACCTGTAATCCCAGCTACTTGGGAGGCTGAGGCAGGAGAATCGCTTGAACCCAGAAGGCAGAGGTTGCAGTGAGCCAAGACTGCACCACTGCACTCCAGCCTGGGCAACAAGAATAAAACTGTCTCGGAAAAAAAAAAAAAAGGAAAGAAAAGAAA"
"chr1","27946825","27947113","chr1","27647093","27647393","14","299732","GCTGGGTGTGGTGGCTCATGCCTGTAATCCCAGCACTCTGGGAGGCTGAGGCGGGTGGATCACCTGAAGTCAGGAGTTCAAGATCAGCCTGGCCAACATGGTGAAACCCTGTCTCTACTAAAAATACAAAAAATTAGCCGGGAATGGTGGTGGGCGCCTGTAATCCCAGCTACTCCAGAGGCTGAGGCAGAAGAATTGCTTGAATCTGGGAGGCAGAGGTTGCAGTGAGCCGAGATTGAGGAACTGCACTCCAGTCTGGGCAACAAGAGCAAAACTCCATCTCAAAAAA","GCTGGGTGTGGTGGCTCATGCCTGTAATCCCAGCACTCTGGGAGGCTGAGGCGGGTGGATCACCTGAAGTCAGGAGTTCAAGATCAGCCTGGCCAACATGGTGAAACCCTGTCTCTACTAAAAATACAAAAAGTTAGCCGGGAATGGTGGTGGGCGCCTGTAATCCCAGCTACTCCAGAGGCTGAGGCAGAAGAATTGCTTGAATCTGGGAGGCAGAGGTTGCAGTGAGCTGAGATTGAGGAACTGCACTCCAGTCTGGGCAACAAGAGCAAAACTCCATCTCAAAAAAAAAAAAAAAAAA"
"chr1","27947139","27947408","chr1","27647394","27647700","38","299745","TGGGAGGTTGCAGTGGGCAGATCAACCAGAAGTCAGGAGTTCGAGACCAGCCTGGCCAACATGGCGAAACCACGTCTCTACTAAAAGTACAAAAATTAGCCAGGTGTGGTGGCGGGCGCCCAAAATCCCAGCTACTCAGGAGGCTGAGGCAGGAGAATCACTTGAACCTGGAAGGCGGAGGTTGCCATGAGTCGAGATTGTACCACTGCACTCCAGCCTGGGCAACAAGAGCAAAACTCTGTCTCATAAAGAAAAAGAAAACAAGAAAAA","CCGGGCGTGGTGGCTTATGCCTGTAATCCCTGCACTTTGGGAGGTTGCAGTGGGCAGATCAACCAGAAGTCAGGAGTTCGAGACCAGCCTGGCCAACATGGCGAAACCACGTCTCTACTAAAAGTACAAAAATTAGCCAGGTGTGGTGGCGGGCGCCCAAAATCCCAGCTACTCAGGAGGCTGAGGCAGGAGAATCACTTGAACCTGGAAGGCGGAGGTTGCCGTGAGTCGAGATTGTACCACTGCACTCCAGCCTGGGCAACAAGAGCAAAACTCTGTCTCATAAAGAAAAAGAAAACAAGAAAAA"
"chr1","28036017","28036306","chr1","27738853","27739142","1","297164","GGCTGGGCGTGGTGGCTCACGCCTATAATCCCAGCACTTTGGGAGGCTGAGGGGGGTGGATCACCTGAGGTCAGGAGTCCGAGACCAGCCTGGCCAACATGGTGAAACTCCATCTCTACTAAAAATACAAAAATTAGCCAGGTGTGGTGGCGCATGCCTGTAATCTCAGCTACTTGGGAGGCTGAGACAAGAGAATCACTTGAACCCGGGAGGCGGAGGTTGCAGTAAGCCGAGACCTCACCACTGCACTCCAGCCTGGGCAACAAAAGCAAAACTCCGTCTCAAAAAAA","GGCTGGGCGTGGTGGCTCACGCCTATAATCCCAGCACTTTGGGAGGCTGAGGGGGGTGGATCACCTGAGGTCAGGAGTCCGAGACCAGCCTGGCCAACATGGTGAAACTCCATCTCTACTAAAAATACAAAAATTAGCCAGGCGTGGTGGCGCATGCCTGTAATCTCAGCTACTTGGGAGGCTGAGACAAGAGAATCACTTGAACCCGGGAGGCGGAGGTTGCAGTAAGCCGAGACCTCACCACTGCACTCCAGCCTGGGCAACAAAAGCAAAACTCCGTCTCAAAAAAA"
"chr1","28227133","28227425","chr1","27936625","27936917","2","290508","GGCCGGGCGTGGTGGCTCATGCCTGTAATCCCAGCACTTTGGGAGGCCGAGGTGGGTGGATCACCTGAGGTCTGGAGTTCAAGACCAGCTTGGCTAACATGGTGAAACCTTTTCTCTACTAAGAATACAAAATTAGCCAGGCGTGGCGGCACATGCCTGTAATCCCAGCTACTTGGGAGGCTGAGGCAGGAGAATCACTTGAATCCGGGAGGTGGAGGTTGCAGTGAGCCGAGATCATGCCACTGCACTCCAGCCTGGGCAATAAGAGCGAAACTCTGTCTCAAAAAAAAGAA","GGCCGGGCGTGGTGGCTCATGCCTGTAATCCCAGCACTTTGGGAGGCCGAGGTGGGTGGATCACCTGAGGTCTGGAGTTCAAGACCAGCTTGGCTAACATGGTGAAACCTTTTCTCTACTAAGAATACAAAATTAGCCAGGCGTGGTGGCACATGCCTGTAATCCCAGCTACTTGGGAGGCTGAGGCAGGAGAATCACTTGAATCCGGGAGGTGGAAGTTGCAGTGAGCCGAGATCATGCCACTGCACTCCAGCCTGGGCAATAAGAGCGAAACTCTGTCTCAAAAAAAAGAA"
"chr1","28366772","28367052","chr1","28082734","28083015","8","284038","TTATGCCTGTAATCCCAGCACTTTGGGAGGCTGAGGCAGGTGGATCACCTGAGGTCAGGAGTTCGAGACCAGCCTGGCCTACATGGTGAAACTCCGTCTCTACTAAAAAATAAAAAAATTAAGCGTGGTGGTAGGCACCTGTAATCCCAGCTACTTGGGAGGCTGAGGCAGGAGAATCGCTTGAACCCAGGAGGTGGAGATTGCAGTGAGCCAAGATCGCACCACCGCACTCCAGCCTGGGCAACAAGAGTTAAGACTCCCATCTACAAAAAAAAAAAAAA","TTATGCCTGTAATCCCAGCACTTTGGGAGGCTGAGGCAGGTGGATCACCTGAGGTCGGGAGTTCGAGACCAGCCTGGCCTACATGGTGAAACTCCGTCTCTACTAAAAATAAAAAAAATTAGCGTGGTGGTAGGCACCTGTAATCCCAGCTACTTGGGAGGCTGAGGCAGGAGAATCGCTTGAACCCGGGAGGTGGAGATTGCAGTGAGCCAAGATCGCACCACCGCACTCCAGCCTGGGCAACAAGAGTTAAGACTCCCATCTCAAAAAAAAAAAAAAAAA"
"chr1","28431350","28431653","chr1","28149827","28150131","2","281523","GGCCAGGAACGGTGGCTCACACCTGTAATCCCAGCACTTTGGGAGGCCGAGGTAGGTGGATCACCTGAGGTCAGGAGTTCGAGAGCAGCCTGGCCAACATGGTGAAACCTCGTCTCTACTAGAAATACAAAAAATTAGCCAGGCGTGGTGGTGGGTGCCTGTAATCCCAGCTACTCGGGAAGCTGAGGCAGGAGAATCACTTGAACTCGGGAGGCGTAGGTTGCAGTGAACCAAGATTGCGCCACTGCACTCCAGCCTGGTCAACAAGAGCGAAACTCCGTCTCAAAAAAAAAAAAAAAAAGAA","GGCCAGGCACGGTGGCTCACACCTGTAATCCCAGCACTTTGGGAGGCCGAGGTAGGTGGATCACCTGAGGTCAGGAGTTCGAGAGCAGCCTGGCCAACATGGTGAAACCTCGTCTCTACTAGAAATACAAAAAATTAGCCAGGCGTGGTGGTGGGTGCCTGTAATCCCAGCTACTCGGGAAGCTGAGGCAGGAGAATCACTTGAACTCGGGAGGCGTAGGTTGCAGTGAACCAAGATTGCGCCACTGCACTCCAGCCTGGTCAACAAGAGCGAAACTCCGTCTCAAAAAAAAAAAAAAAAAAGAA"
"chr1","28450298","28450612","chr1","28167251","28167565","2","283047","GCTGGGTGTGGTGTTGTATGCCTGTAGTCCCAGCTACTCAGGAGGCTGGGCTGAGGTGGGTGGATCTCCTGAGGTCAGGAGTTCGAGACCAGCCTGGCCAACATTATGAAACCCTGTCTCTACCGAAAACACAAAAATTAGCTGGGCGTGGTGGCAGGTGCCTGTAATCCCAGCTACTTGGGAGGCTGAGGCAGGAGAATCACTTGAACCCGGGAGGTGGAGGTTGCAGTGAGCCGAGATCAAGCCACTGCACCCCAGTCTGGGCAGGAAGAGCAAGACTCTGTCTCGAAAAAATAAATAAGTAATAAATAATAA","GCTGGGTGTGGTGTTGTATGCCTGTAGTCCCAGCTACTCAGGAGGCTGGGCTGAGGTGGGTGGATTTCCTGAGGTCAGGAGTTCGAGACCAGCCTGGCCAACATTATGAAACCCTGTCTCTACCGAAAACACAAAAATTAGCTGGGCGTGGTGGCAGGTGCCTGTAATCCCAGCTACTTTGGAGGCTGAGGCAGGAGAATCACTTGAACCCGGGAGGTGGAGGTTGCAGTGAGCCGAGATCAAGCCACTGCACCCCAGTCTGGGCAGGAAGAGCAAGACTCTGTCTCGAAAAAATAAATAAGTAATAAATAATAA"
"chr1","28457414","28457696","chr1","28174323","28174606","5","283091","GCCGGGCACAGTGGCTCACTCCTATAATCCCAGCACTTTGGGAGGCCGAGGCAGGATGATCACTTGAGGTCAGGAGTTCCAGACCAGCCTGGCCAATATGGTGAAATCCCATCTCTACTAAAAATACAAAAATTAGCCAGATGCCTATAATCTCAACTACTGGGGAGGCTGAGGCAGGAGAATCGCTTGAACCCAGGAGGTAGAGGTTGCAGTGAGCCGAGATAGCACTACTGCACTCCAGCCTGAGCAAGGAGAACGAAACTCCGTCTCAAAAAAAAAAGAA","GCCGGGCACAGTGGCTCACTCCTATAATCCCAGCACTTTGGGAGGCCGAGGCAGGACGATCACTTGAAGTCAGGAGTTCCAGACCAGCCTGGCCAATATGGTGAAATCCCATCTCTACTAAAAATACAAAAATTAGCCAGACGCCTATAATCTCAACTACTGGGGAGGCTGAGGCAGGAGAATCGCTTGAACCCAGGAGGTAGAGGTTGCAGTGAGCCGAGATAGCACCACTGCACTCCAGCCTGAGCAAGGAGAACGAAACTCCGTCTCAAAAAAAAAAAGAA"
"chr1","28485982","28486275","chr1","28205836","28206129","1","280146","GGCTGGGTACAGTGGCTCATGCCTGTATCCTAGCACTTTGGGAGGCCAAGGCAGGAGGATCACCTGAGGTCAGGAATTCGAGACCAGCACGGCCAACGTGGTGAAACCCCGTCTCTACTAAAAATACAAAAAATTAGCTGGGTGACAGGCCCCTATAATCCCAGCTATTCAGCAGGCTGAGGCAGGAGAATCCCTTGAATCCTAGAGGTGGAGGAACCCGGGAGATCGCACCACTGCACTCCAGCCTGGGCAACAAGAGTGAAACTCCATCTAAAAAAAAACAAAAACCAAAAA","GGCTGGGTACAGTGGCTCATGCCTGTATCCTAGCACTTTGGGAGGCCAAGGCAGGAGGATCACCTGAGGTCAGGAATTCGAGACCAGCACGGCCAACGTGGTGAAACCCTGTCTCTACTAAAAATACAAAAAATTAGCTGGGTGACAGGCCCCTATAATCCCAGCTATTCAGCAGGCTGAGGCAGGAGAATCCCTTGAATCCTAGAGGTGGAGGAACCCGGGAGATCGCACCACTGCACTCCAGCCTGGGCAACAAGAGTGAAACTCCATCTAAAAAAAAACAAAAACCAAAAA"
"chr1","28594066","28594370","chr1","28316807","28317111","3","277259","GCTGGGCATAGTGGCTCACGCCTGTAATCCCAGCACTTTGGGAGGCCGAGGTGGGCAGATTACCTGACGTCAGGAGCTCAAGGCCAGCCTGGTCAACATGGCAAAACTCCATCTCTACTAAAAACACAAAAATTAGCTGGGCATGGTGGCGTGTGCCTGTAATCCCAGCTACTCTGGAGGCTGAGGCAGGAGAATTGCTTGAACCCAGGAGGCAGAGGTTGCAGTGAGCCAAGATCATGCCACTGCACTCTAGCCTAGGCAACAATAACAAAACTTCATCTCAAAAAATAATAAAATAAAAATAA","GCTGGGCATGGTGGCTCACGCCTGTAATCCCAGCACTTTGGGAGGCCGAGGTGGGCAGATCACCTGACGTCAGGAGCTCAAGGCCAGCCCGGTCAACATGGCAAAACTCCATCTCTACTAAAAACACAAAAATTAGCTGGGCATGGTGGCGTGTGCCTGTAATCCCAGCTACTCTGGAGGCTGAGGCAGGAGAATTGCTTGAACCCAGGAGGCAGAGGTTGCAGTGAGCCAAGATCATGCCACTGCACTCTAGCCTAGGCAACAATAACAAAACTTCATCTCAAAAAATAATAAAATAAAAATAA"
"chr1","28608015","28608300","chr1","28332408","28332721","30","275607","GGCTGGGTGCGGTGGCTCACGCCTGTAATCCCAGCATTTTGGGAGTCTGAGGCAGGCGGATCACCTGACATCAAGAGTTCAAGACCAGCCTGGTCAACATAGTGAAACCCTGTCTCTACTAAAAAAATACCAAAACTTAGCCAGGCGTAGTGGCGAGCGCCTGTAATCCCAGCTACTCGGGAGGCTGACAGGAGAATCGCTTGAACCCAGGAGGCGGAGGTTGCAGTGAGCCGAGATCACACCACCGCACTCCAGCCTGGGCAACAAGAGTGAAACTCCGTCTCAA","GGCTGGGTGCGGTGGCTCACGCCTGTAATCCCAGCATTTTGGGAGTCTGAGGCAGGTGGATCACCTGACATCAAGAGTTCAAGACCAGCCTGGTCAACATAGTGAAACCCTGTCTCTACTAAAAAAATACCAAAACTTAGACAGGCGTAGTGGCGAGCGCCTGTAATCCCAGCTACTCGGGAGGCTGACAGGAGAATCGCTTGAACCCAGGAGGCGGAGGTTGCAGTGAGCCGAGATCACACCACCGCACTCCAGCCTGGGCAACAAGAGTGAAACTCCGTCTCAAAAAAAAAAAAAAAAGAAAAGAAAAGAAA"
"chr1","28642433","28642734","chr1","28368564","28368856","15","273869","GGCTGGGCGTGGTGGCTCAGGCCTGTAATCCCAGCACTTTTTGGGAGGCCGAAGCGGGCGGATCACCTGAGGTAGGAGTTGAAGACCAGCCTCGCCAACGTGGTGAAACCTGGTCTCTACTAAAAATACAGAAAAATTAGCTGGGCGTGGTGGCAGGCACCTGTAATCCAAGCTACTCAGGAGGCTGAGGCAAGAGAATTACTTGAACCCGGGACGTGGAGATTGCAGGGAGCCGAGATCACGCCACTGCCCTTCAGCCTGGGCAACAAAAGCGAAACTGCATCTAAAAAACACAAAAAAAA","GTGGCTCAAGCGCTGTAATCCCAGCACTTTTTGGGAGGCCGAAGCGGGCGGATCACCTGAGGTAGGAGTTGAAGACCAGCCTCGCCAACGTGGTGAAACCTGGTCTCTACTAAAAATACAGAAAAATTAGCTGGGCGTGGTGGCAGGCACCTGTAATCCAAGCTACTCAGGAGGCTGAGGCAAGAGAATTACTTGAACCCGGGACGTGGAGATTGCAGGGAGCCGAGATCACGCCACTGCCCTTCAGCCTGGGCAACAAAAGCGAAACTGCATCTAAAAAAACAAAAAAAAAA"
"chr1","28665634","28665936","chr1","28392824","28393127","6","272810","GGCTGGGCGCAGTGGCTCGCGCCTGTAATCCCAGCACTTTGGGAGGCCGAGGCAGGTGGATCACCTGAGGTCAGAAGTTTGAGGCCAGCCTGGCCAACATGGTGGAACCCCGTCTCTACTAAAAACTACAAAAAAAATTAGCTGGGTGTAGTGGCAGGCACCTGTAATTACAGCTACTCAGGAGGCTGAGGCAGGAGAATCACTTGAACCCGGGAGGCAGAGGTTGCAGTGAGCAGAGATCACGCCACTGCACTCCAGCCTGGGCAACAAGGGTGAGATTCCGTCTCAAAAAAAAAAAAAGAA","GGCTGGGCGCAGTGGCTCGCGCCTGTAATCCCAGCACTTTGGGAGGCCGAGGCAGGTGGATCACCTGAGGTCAGAAGTTTGAGGCCAGCCTGGCCAACATGGTGGAACCCCGTCTCTACTAAAACTACAAAAAAATTAGCTGGGTGTAGTGGCAGGCACCTGTAATTACAGCTACTCAGGAGGCTGAGGCAGGAGAATCACTTGAACCCGGGAGGCGGAGGTTGCAGTGAGCAGAGATCACGCCACTGCACTCCAGCCTGGGCAACAAGGGTGAGATTCCGTCTCAAAAAAAAAAAAAAAAGAA"
"chr1","28695315","28695618","chr1","28423482","28423789","5","271833","GCCGGGCCCGGTGGCTCATGGCTGTATCCCAGCACTTTAGGAGGCCAAGGCAGGCAGATCACCTGAGGTCAGGAGTTTGAGACCAGCCTGGCCAACATGGCGAAACCCCATCTCTACTAAAAGTACAAAAATTAGCCGGGGTGGTGGTGGGCGCCTGTAATCCCAGCTACTCAGGAGACTGAGGCAGGAGAATCGCTTGAACCCGGAAGGCAGAGATTGCAGTGAGCTGAGATCATGCCACTGTACTCCAGCCTGGTCAACAAGAACAAGACTTCATCTCAGAAAAAAAAAAGAAAGAAAAAAA","GCCGGGCCCGGTGGCTCATGGCTGTATCCCAGCACTTTAGGAGGCCAAGGCAGGCAGATCACCTGAGGTCAGGAGTTTGAGACCAGCCTGGCCAACATGGCGAAACCCCATCTCTACTAAAAGTACAAAAATTAGCCAGGGTGGTGGTGGGCGCCTGTAATCCCAGCTACTCAGGAGACTGAGGCAGGAGAATCGCTTGAACCCGGAAGGCAGAGATTGCAGTGAGCTGAGATCATGCCACTGTACTCCAGCCTGGTCAACAAGAACAAGACTTCATCTCAGAAAAAAAAAAAAAGAAAGAAAAAAAA"
"chr1","28771848","28772145","chr1","28499299","28499600","5","272549","GGCCGGGCGCGGTGGCTCATGCCTGTAATCCCAGCACTTTGGGAGGCAGAGGCGGGTGGATCACTTGAGGTCAGGAGTTCAAGACCAGCCTGGCCAACATGGTGAAACGCCATCTCTACTAAAAATACAAAAATTAGCCGGGCATGGTGGCAGGCACCTGTAATCCCAGCTACTCGGGAGGCTGAAGCAGGAGAATTGCTTGCACGTGGGAAGCAGACGTTGCAGTGAGCTGAGATTGTGCCACTGCATTGCAGCCTGGGCAACAAGAGCAAAACTCCATCTCAAAAAAAAAAGAAAA","GGCCGGGCGCGGTGGCTCATGCCTGTAATCCCAGCACTTTGGGAGGCAGAGGCGGGTGGATCACCTGAGGTCAGGAGTTCAAGACCAGCCTGGCCAACATGGTGAAACGCCATCTCTACTAAAAATACAAAAAATTAGCCGGGCATGGTGGCAGGCACCTGTAATCCCAGCTACTCGGGAGGCTGAAGCAGGAGAATTGCTTGCACGTGGGAAGCAGACGTTGCAGTGAGCTGAGATTGTGCCACTGCATTGCAGCCTGGGCAACAAGAGCAAAACTCCATCTCAAAAAAAAAAAAGAAAAA"
"chr1","28850777","28851085","chr1","28581413","28581719","2","269364","GGCCGGGAGCAGTGGCTCACACCTGTAATCCCAGCACTTTGGGAGGCCCAAACAGGTGGTTCACCTGAGGTCAAGAGTTCAAGACCAGCCTGGCCAACATGGTGAAACCCCATCTCTACTAAAAATACAAAAATTAGCTGGGCGTGGTGGCGCCAGCCTGTAATCCTAGCTACTTGGGAGGCTGAGGCAGGAGGATCGCTTGAACCCAGGAGGCAAAGGTTGCAGTGACCAGGATAGCACCACTGCACACCAGCCTGGGCAACAGGAGCAAAACTTCGTCTCAAAAATAAATAAATAAATAAATAAAAA","GGCCGGGAGCAGTGGCTCACACCTGTAATCCCAGCACTTTGGGAGGCCCAAACAGGTGGTTCACCTGAGGTCAAGAGTTCAAGACCAGCCTGGCCAACATGGTGAAACCCCATCTCTACTAAAAATACAAAAATTAGCTGGGCGTGGTGGCGCCAGCCTGTAATCCTAGCTACTTGGGAGGCTGAGGCAGGAGGATCGCTTGAACCCAGGAGGCAAAGGTTGCAGTGACCAGGATAGCACCACTGCACACCAGCCTGGGCAACAGGAGCAAAACTTCGTCTCAAAAATAAATAAATAAATAAATAAA"
"chr1","28855669","28855969","chr1","28586263","28586564","2","269406","GCCAGGCGTTGTGACTCACGCCTGTAATCCCAGCACTTTGGGAGGCTGAGGTGGGTGGATCACCTGAGGTCAGGAGTTTGAGACCAGCCTGGCCAACATGGTGAAACCCCGTCTCTACTAAAAATACAAAAATTAGCCGGGTGTGGTGGCAGGCACCTGTAACCCCAGCTACTCGGGAGGCTGAGGCATGAGAATCACTTGAACCCGGGAGGCGGAGGTTGCAGTGAGCTGAGATCGTGCCACTGTACTTTAGCCTGGACAACAAGAGCAAAACAATGTCTCAAAAACAAAAACAAAAAAA","GCCAGGCGTTGTGACTCACGCCTGTAATCCCAGCACTTTGGGAGGCTGAGGTGGGTGGATCACCTGAGGTCAGGAGTTTGAGACCAGCCTGGCCAACATGGTGAAACCCCGTCTCTACTAAAAATACAAAAATTAGCCGGGTGTGGTAGCAGGCACCTGTAACCCCAGCTACTCGGGAGGCTGAGGCATGAGAATCACTTGAACCCGGGAGGCGGAGGTTGCAGTGAGCTGAGATCGTGCCACTGTACTTTAGCCTGGACAACAAGAGCAAAACAATGTCTCAAAAACAAAAAACAAAAAAA"
"chr1","28873050","28873347","chr1","28605079","28605378","3","267971","GGCTGGGCGCGGTGGCTCACGCCTGTAATCCCAACACTTTGAGAGGCGAAGGCAGGTGGGTCACCTGAGGTCAGGAGTTCCAAGACTAGCCTGGACAACATGGCGAAACCCCATCTCTACTAAAAATACAAAAAATTAGCTGGGTGGGATGGCGCGCCCGCAATCCCAGCTGCTTGTGAGGCTGAGGCAGGAGAATCGCTTGAACCTGGGAGACAGAGGTTGCAATGAGCCTAGATTGTGCCACTGGACTCCAGTCTGGGCAATAAAAGTGAAACTCTGTTTCAAAAAAAAAAAGAAA","GGCTGGGCGCGGTGGCTCACGCCTGTAATCCCAACACTTTGAGAGGCGAAGGCAGGTGGGTCACCTGAGGTCAGGAGTTCCAAGACTAGCCTGGACAACACGGCGAAACCCCATCTCTACTAAAAATACAAAAAATTAGCTGGGTGGGATGGCGCGCCCGCAATCCCAGCTGCTTGTGAGGCTGAGGCAGGAGAATCGCTTGAACCTGGGAGACAGAGGTTGCAATGAGCCTAGATTGTGCCACTGGACTCCAGTCTGGGCAATAAAAGTGAAACTCTGTTTCAAAAAAAAAAAAGAAAA"
"chr1","28931674","28931983","chr1","28665021","28665332","2","266653","GGCTGGGCACAGTGGCTCACGCCTGTAATCCCAGCACTTTAGGAGGCCAAGGCAGGTGGATCACCTGAGGTCAGGAGTTCGAGACCAGCCTGGCCAACATGATGAAACCCCATCTCTACTAAAAATACAAAAAATTAGCCAGACTTGGTGGCAGGCACCTGTAGTCCCAGCTACTTGGGAGGCTGAGGCAGGAGAATTGCTTGAACTCAGGAGGTGGAGGTTGCAGTGGGCCGAGATCATGCCACTGCACTCCAGCCCGTGCAACAAGAGTGAAACTCTGTCTCAAAAAAAAAAAAAAGCAAATAAATAA","GGCTGGGCACAGTGGCTCACGCCTGTAATCCCAGCACTTTAGGAGGCCAAGGCAGGTGGATCACCTGAGGTCAGGAGTTCGAGACCAGCCTGGCCAACATGATGAAACCCCATCTCTACTAAAAATACAAAAAATTAGCCAGACTTGGTGGCAGGCACCTGTAGTCCCAGCTACTTGGGAGGCTGAGGCAGGAGAATTGCTTGAACTCAGGAGGTGGAGGTTGCAGTGGGCCGAGATCATGCCACTGCACTCCAGCCCGTGCAACAAGAGTGAAACTCTGTCTCAAAAAAAAAAAAAAAAGCAAATAAATAA"
"chr1","28961525","28961825","chr1","28696192","28696492","1","265333","GGCCAGGCACAGTGGTTCACACCTGTAAGTCCAGCACTTTGGGAGGCTGAGGCGGGCAGATCATCTGAGGTCAGGAGTTCAAGACCAGCCTGGCCAACATGATGAAACCTTGTCTCTACTAAAAATACAAAAAATTAGCCAGGCATGGTGGCAGTTGCCTGTAATCCCAGCTACTCGGGAGGCTGAGGCAGGAGAACCACTTGATTCCGGGAGGCGGAGGTTGCAGTGAGGTGAGACTCCATCACTGCACTCCAGCCTGGGCAACAAGAGCAAAAGTCCGTCTCAAAACAAAACAAAACAA","GGCCAGGCACAGTGGTTCACACCTGTAAGTCCAGCACTTTGGGAGGCTGAGGCGGGCAGATCATCTGAGGTCAGGAGTTCAAGACCAGCCTGGCCAACATGATGAAACCTTGTCTCTACTAAAAATACAAAAAATTAGCCAGGCGTGGTGGCAGTTGCCTGTAATCCCAGCTACTCGGGAGGCTGAGGCAGGAGAACCACTTGATTCCGGGAGGCGGAGGTTGCAGTGAGGTGAGACTCCATCACTGCACTCCAGCCTGGGCAACAAGAGCAAAAGTCCGTCTCAAAACAAAACAAAACAA"
"chr1","28981555","28981865","chr9","112428754","112429063","38","83447199","GGCCGGGCATGGTGGCTCACGCTTGTAATCTCAGCACTTTGGGAGGCCAAGGCAGGCGGATCACCTGAGGTCAGGAGTTTGAGACCAGCCTGGCCAACATGGTGAACTCCCGTCTCTACTAAAAATACAAAAATTAGCCGGGTGTGTTGGCAGGTCCCTGTAATCCCAGCTACTCGGGAGGCTGAGGCAGGAGAATTGCTTGAACCCGGGAGGTGGAGGTTGCAGTGAGCCTAGATCACACCACACCACTGCACTCCAGCCTGGGGTATAAGAGTGAGACTTCGTCTCAAAAAAAAAAAGAAATAAAGAAA","GACCGGGCGCGGTGGCTCACACCTGTAATCCCAGCACTTTGGGAGGCCGAGACGGGTGGATCACCTGAGGTCAGGAGTTTGAGACCAGCCTGGCCAACATGGTGAAACCCCATCTCTACTAAAAATACAAAAATTAGCCAGGCGTGGTGGCAGATGCCTATAATCCCAGCTACTCAGGAGGCTGAGGCAGGAGAATTGCTTGAACCCGGGAGGTGGAGGTTGCAGCGAGCCAAGATCACAACACTGCACTCCAGCCTGGGCAACCAGAGTGAGACTCCGTCTCAAAAGAAAAAAAAAAGAGAGAGAGAAA"
"chr1","29044686","29044935","chr1","28787766","28788015","2","256920","GGCCGGACGCGGTGGCTCACACCTGTAATCCCTACACTTTGGGAGGTGGAGGCGGGTGGATCACCTGAGGTCAGGAGCTCGAGACCAACCTGGCCAACACGATGAAACCCTGTCTACTTGGGAGGCCTGAGGCAGGAGAATCACTTGAACCCAGGAGGCGGAGGTTGCAGTGAGCTTAGATCGCACCACTGCACTCCAGCCTGTGGGCAACAAGAGTGAAACTCCATCTCCAAGGGGAAAAAAAAAAAAA","GGCCGGACGCGGTGGCTCACACCTGTAATCCCTACACTTTGGGAGGTGGAGGCGGGTGGATCACCTGAGGTCAGGAGCTCGAGACCAACCTGGCCAACACGATGAAACCCTGTCTACTTGGGAGGCCTGAGGCAGGAGAATCACTTGAACCCAGGAGGCGGAGGTTGCAGTGAGCTTAGATCGCACCACTGCACTCCAGCCTGTGGGCAACAAGAGTGAAACTCCATCTCCAGGGGAAAAAAAAAAAAAA"
"chr1","29064683","29064839","chr1","28808892","28809048","0","255791","TAGCCAGCCCTGGTGTCAGGCACCTATAATCCCAGCTACTCAGGAGGCTGAGGCAGGAGAATTGTTTGAACCCAGGGGGCAGAGGTTGCAGCGAGCCAAGGTCATGCCACTTCACTCCAGCCTGGGCAAAAGAGCAAAACTCTGTCTCAAATAAAAA","TAGCCAGCCCTGGTGTCAGGCACCTATAATCCCAGCTACTCAGGAGGCTGAGGCAGGAGAATTGTTTGAACCCAGGGGGCAGAGGTTGCAGCGAGCCAAGGTCATGCCACTTCACTCCAGCCTGGGCAAAAGAGCAAAACTCTGTCTCAAATAAAAA"
"chr1","29082923","29083206","chr1","28828897","28829191","15","254026","CTCACGCCTGTAATCCCAGCATTTTGGGAGGCCAAGGTGGGTGGATCACTTGAGCTCAGGAGTTCGATACCAGCCTGGCCAACATGGTGAAACCCTGTCTCTAACTAAAAATAACAAAAAATTAGCTGGGCGTGGTGGCGGGCGCCTGTAATCTCAGCTACTCGGGAGGCTGAGGCAGGAGAATGATGAACTCAGGAGGCGGAGGTTGCAGTGAGCCAAGATGGCGCCACTGCACTCCAGCCTGGGCTACAAGAGCGAAACTCCGTCTCAAAAAAAAAGAAAAA","CCAGGCATGGTGGCTCACGCCTGTAATCCCAGCATTTTGGGAGGCCAAGGTGGGTGGATCACTTGAGCTCAGGAGTTCGATACCAGCCTGGCCAACATGGTGAAACCCTGTCTCTACTAAAAATACAAAAAATTAGCTGGGCGTGGTGGCGGGCGCCTGTAATCTCAGCTACTCGGGAGGCTGAGGCAGGAGAATGATGAACTCAGGAGGCGGAGGTTGCAGTGAGCCAAGATGGCGCCACTGCACTCCAGCCTGGGCTACAAGAGCGAAACTCCGTCTCAAAAAAAAAGAAAAA"
"chr1","29147591","29147895","chr3","198078071","198078370","40","168930480","GGCTGGGCGCGGTAGCTCACGGCTGTAATCCCAGCACTTTGGGAGGCCAAGGCAGGCAGATCACCTGAAGTCAGGAGTTTAAGACCAGCCTGGCCAACATGGCGAAACCCCATCTCTATTAAAAATATAAAAATTAGCTGGGCATGGTGGCGGGCACCCGTAATCCCAGCTACTCAGGAGGCTGAAGTAGGAGAATTGGTTGAACCCGGGAGGCAGAGGTTGCAGTGAGCTGAGATCGCGCCACTGAACTCCAGCCTGGGCCACAAGAGCCAAACTCCATCGGAAAGAAGGGAAGAAGGGAAGAA","GGCTGGGCGTGGTGGCTCACGCCTGTAATCCCAGCACTTTGGGAGGCCGAGGAGGGTGGATCACCTGAGGTCAGGAGTTTGAGACCAGCCTGGCCAACATGGTGAAACCCCATCTCTACTAAAAATACAAAAATCAGCTGGGTGTGATGGCAGGCACCTGTAATCCCAGTTACTCAGGAGGCTGAGGCAGGAGAATTGCTTGAACCCGGGAGGCAGAGGTTGCAGTGAGCCAAGATCGTGCCACTGCACTCCAGCCTGGGAAACAAGAGCAAAACTCCATCTAAAGGAAAAAAAAAAGAA"
"chr1","29190915","29191223","chr1","28944528","28944844","10","246387","GGCCGGGCATGGTGGCTCACACCTGTAATCCCAGCATTTTGGGAGGCCAAGGTGGGCGGGTCACCTGAGATCAGGAGTTCGACACAGCCTGGCTAACACGGTGAAACCCCGTCTCTACTAAAAATACAAAAAATTAGCTGGGCATGGTTGGTGGCAGGCGTCTATAATCCCAGCTACTCGGGATGCTGAGGCAGGAGAATCACTTGAACCGAGGAGGCGGAGGTTGCAGTGAGCCAAGATCGTGCCACTGCACTCCAGCCTGGGCAATAAGAACAAGACTCCATCTCAAAAAAAAAAAAAAAAGAATAA","GGCCGGGCATGGTGGCTCACACCTGTAATCCCAGCATTTTGGGAGGCCAAGGTGGGCGGGTCACCTGAGATCAGGAGTTCGACACAGCCTGGCTAACACGGTGAAACCCCGTCTCTACTAAAAATACAAAAAATTAGCTGGGCATGGTTGGTGGCAGGCGTCTATAATCCCAGCTACTCGGGATGCTGAGGCAGGAGAATCACTTGAACCGAGGAGGCGGAGGTTGCAGTGAGCCAAGATCGTGCCACTGCACTCCAGCCTGGGCAATAAGAACAAGACTCCATCTCAAAAAAAAAAAAAAAAAAAAAAAAAAAGAA"
"chr1","29237150","29237441","chr18","21193039","21193344","40","8044111","GGCCAGGTGCGATGGCTCACGCCTGTAATCCCAGCACTTTGAGAGGCTGAGGTGGGCGGATCACCTGAGATCAGGAGTTCTAGACTACCCTGGCCAACATGGTGAAACCCCGTCTCTACTAAAAATACAAAGTTAGCCAGGCGTGGTGTCAAGTGCCTGTAATCCCAGCTACTCGGGAGGCTGAGCCAGGAGAATCGCTTGAACCCGGAAGAAGGTCATTGCAGTGAGCCAAGATCGCACCACTGCACTCCAGCCTGGGCAGCTGAGACTCCGTCTCAAAAAAATAAATAAA","GGCCAGGTGCGGTGGCTCACGCCTGTAATCCCAGCACTTTGGGAGGCTGAGGTGGGCGGATCACCTGAGGTCAGGAGTTCGAGACCAGCCTGGCCAACATGGTGAAACCCCGTCTCTACTAAAAATACAAAAATTAGCTGGCCGTGGTGGCACATGCCTGTAATCCCAGCTACTCAGGAGGCTGAGACAGGAGAATCGCTTGAACCCGGGAGGCGGAGGTTGCAGTGAGCCGAGATCGCACCACTGCACTCCAGCGTGGGCAACAAAGAGCGAAACTCCATCTCCAAAAAAATAAATAAATAAAAA"
"chr1","29260123","29260424","chr1","29015124","29015425","0","244999","GGCCGGGAGCGGTGGCTCACGTCTATAATAATCCCAGCATTTTGGGAGGCTGAGGCAGGCGGATCACCTGAGGTCAAGAGTTCAAGATCAGCCTGGCCAACGTGGTGAAACCCCGTCTCTACTAAAAGTACAAAAATTAGCTGGGCATGATGGCAGGCCCCTGTAATCCCAGCTACTCAGGGGCCTGAGGCAGGAGAATCGCTTGAACCTGGGACGCGGAGGTTGTAGTGAGCCGAGATAGCGCCACTGCACTCCAGCCTGGGCAACAAGGGCGAGACTCCATCTCAAAAAAAAAAGTAAAA","GGCCGGGAGCGGTGGCTCACGTCTATAATAATCCCAGCATTTTGGGAGGCTGAGGCAGGCGGATCACCTGAGGTCAAGAGTTCAAGATCAGCCTGGCCAACGTGGTGAAACCCCGTCTCTACTAAAAGTACAAAAATTAGCTGGGCATGATGGCAGGCCCCTGTAATCCCAGCTACTCAGGGGCCTGAGGCAGGAGAATCGCTTGAACCTGGGACGCGGAGGTTGTAGTGAGCCGAGATAGCGCCACTGCACTCCAGCCTGGGCAACAAGGGCGAGACTCCATCTCAAAAAAAAAAGTAAAA"
"chr1","29333991","29334289","chr1","29090054","29090361","10","243937","CCGGGCACGGTGGTTCACGCCTGTAATCCCAGCACATTGGGAGGCCAAGGCAAGTGGATCACCTGAGGTCAGGAGTTTGAGACCACCCTGACCAACATAGTGAAAGCGTGTCTCTATTAAAAATACAAAAAATTAGCTGGGCATGATGGCGGGTGCCTGTAATCCCAGCTACTTAGGAGGCTGAGGCAGGAGAATCACTTGAACCCGGGAGGCGGAGGTTGCAGTGAGCCGAGATCGCGCCACTGCACTCCAGCCTGGGCAACAAGAGCGAAACTCCGTCTACAAAAAAAAAAAAAAAA","CCGGGCACGGTGGTTCACGCCTGTAATCCCAGCACATTGGGAGGCCAAGGCAAGTGGATCACCTGAGGTCAGGAGTTTGAGACCACCCTGACCAACATAGTGAAAGCGTGTCTCTATTAAAAATACAAAAAATTAGCTGGGCATGATGGCGGGTGCCTGTAATCCCAGCTACTTAGGAGGCTGAGGCAGGAGAATCACTTGAACCCGGGAGGCGGAGGTTGCAGTGAGCCGAGATCGCGCCACTGCACTCCAGCCTGGGCAACAAGAGCGAAACTCCGTCTCAAAAAAAAAAAAAAAAAAAAAAAAAA"
"chr1","29402889","29403000","chr1","29162515","29162627","9","240374","ACTTGGGAGGCTGAGAGGTTGCAGTGAGTTGAGATTGCGCCACTGCACTCCAGCCTGGGCAACAAGAGTGAAACTCCATCTCAAAAAATAAATAAATAAATAAAATAAAAAA","GGGAGGCTGAGAGGTTGCAGTGAGTTGAGATTGCGCCACTGCACTCCAGCCTGGGCAACAAGAGTGAAACTCCATCTCAAAAAAATAAATAAATAAATAAAATAAAAAATAAA"
"chr1","29414555","29414852","chr1","29174558","29174855","0","239997","GGCCGGGCGTGGTGGCTCACACCTGTAATCCCAGCACTTTGGGAGGCCAAGGTGGGTGGATCACCTGAGGTCAGGAGTTCGAGACCAGCCTGGCTAACAAGGTGAAATCCCGTTTCTACTAAAAATACAAAAAATTTGCTGGGCGTGGTGGTGTGCGCCTGTCATCCCAGCTACTTGGGAGGCTGAGGCAAGAGAACTGCTTGAACCCAGGAGGCGGAGGTTGCAGTGAGCCGAGATCGCGCCACTGCACTCCAGCTTGGGCAACAAGAGCGAAACTCCGTCTCAAAAAAACAAAAAA","GGCCGGGCGTGGTGGCTCACACCTGTAATCCCAGCACTTTGGGAGGCCAAGGTGGGTGGATCACCTGAGGTCAGGAGTTCGAGACCAGCCTGGCTAACAAGGTGAAATCCCGTTTCTACTAAAAATACAAAAAATTTGCTGGGCGTGGTGGTGTGCGCCTGTCATCCCAGCTACTTGGGAGGCTGAGGCAAGAGAACTGCTTGAACCCAGGAGGCGGAGGTTGCAGTGAGCCGAGATCGCGCCACTGCACTCCAGCTTGGGCAACAAGAGCGAAACTCCGTCTCAAAAAAACAAAAAA"
"chr1","29584146","29584434","chr1","29348316","29348607","12","235830","CTGGGCATGGTGGCTCAGGTAGGCCTATAATCCCTGCACTTTGGGAGGCCGAGGCAGGTGCATCACCTGAGGTCGGGAGTTCGAGACCAGCCTGGCCAACATGATGATACCCTGTCTCTACTAAAAATACAAAAAATTAGCCGAGTGTGGTGGTGGGCGCCTGTAATCCCAGCTACTCAGGAGGCTGAGGCAGGAGAATCACTTGAACCCAGGAGGCAGAGGTTGCAGTGAGCCAAGACTGCATCACTGCACTCCACGCCGTGGACGAACAAGAGCTAAACTCTCGTCT","CTGGGCATGGTGGCTCAGGTAGGCCTATAATCCCTGCACTTTGGGAGGCCGAGGCAGGTGCATCACCTGAGGTCGGGAGTTCGAGACCAGCCTGGCCAACATGATGATACCCTGTCTCTACTAAAAATACAAAAAATTAGCCGAGTGTGGTGGTGGGCGCCTGTAATCCCAGCTACTCAGGAGGCTGAGGCAGGAGAATCACTTGAACCCAGGAGGCAGAGGTTGCAGTGAGCCAAGACTGCATCACTGCACTCCAGCCTGGACAACAAGAGCAAAACTCTGTCTCAAAAAA"
"chr1","29976985","29977299","chr1","29746385","29746701","5","230600","GGCCAGGCATGGTGGCTCATGCCTGTAATCCCAGCAATTTGTTGGGAGGCCGAGGCGAGTGGATCACCTGAGGTCAGGAGTTTGAGACCAGCCTAGCCAACATGGTGAAACCCCATCTCTACTCAAAATACAAAAAATCAGCCAGGCGTGGTGGTGGGAACCTGTAGTCCCAGCTACTGGAGAGGCTGAGGCAGGAGTATCGCTTGAACCCGGGAGGCGGAGGTTGCAGTGAGCCGAGATTGTGCCACTGCACTCCAGCCTTGGCAACAAGAGCAAAACTCCGTCTCAAAAAAAAAAAAAAAAAAAAGAAAAAAA","GGCCAGGCATGGTGGCTCATGCCTGTAATCCCAGCAATTTGTTGGGAGGCCGAGGCGAGTGGATCACCTGAGGTTCAGGAGTTTGAGATCAGCCTAGCCAACATGGTGAAACCCCATCTCTACTCAAAATACAAAAAATCAGCCAGGCGTGGTGGTGGGAACCTGTAGTCCCAGCTACTGGAGAGGCTGAGGCAGGAGTATCGCTTGAACCCGGGAGGCGGAGGTTGCAGTGAGCCGAGATTGTGCCACTGCACTCCAGCCTTGGCAACAAGAGCAAAACTCCGTTTCAAAAAAAAAAAAAAAAAAAAAAAGAAAAA"
"chr1","30366149","30366464","chr1","30137849","30138156","12","228300","GGCCTGGCATGGTGGCGCACACCTGTAATCCCAGCACTTTGGGAGGCTGAGGCAGACAGATCACTTCAGGTCAGGAGTTCGAGACCAGCCTGGCCAACATGGTGAAACCTCATCTCTACTAAAAATATAAAAATTAGCTGGGTGTGGTGGCAGGTGCCTGTAATCCCAGCTACTCAGGAGGCTGAGGCAGGAGAATCATTTGAGCCTAGGAGGCAGAGATTGCAGTGAGCCGAGATCACGCCACTGCACTCCAGCCTGGGCAACAAGAGCAAAACTCCATCTACAAAAAAAAAAAAGTAAAAGTAAAGAAAAGAAA","GGCATGGTGGCGCACACCTGTAATCCCAGCACTTTGGGAGGCTGAGGCAGACAGATCACTTCAGGTCAGGAGTTCAAGACCAGCCTGGCCAACATGGTGAAACCTCATCTCTACTAAAAATATAAAAATTAGCTGGGTGTGGTGGCAGGTGCCTGTAATCCCAGCTACTCAGGAGGCTGAGGCAGGAGAATCATTTGAGCCTAGGAGGCAGAGATTGCAGTGAGCCGAGATCACGCCACTGCACTCCAGCCTGGGCAACAAGAGCAAAACTCCATCTCAAAAAAAAAAAAAAAGTAAAAGTAAAGAAA"
"chr1","30518924","30519238","chr1","30290099","30290410","5","228825","GGCTGGGCACGGTGGCTCACACCTGTAATCCCAGCACTTTGGGAGGCTGAAGCGGGCAGATCACCTGAGGTCAGGAGTGCAAGACCAGCCTGGCCAACATGGTGAAACCCCATCTTTACTAAAATTACAAAAAATTAGCTGGGCTTGATGGTGCGTGCCTGTAATCCCAGCTACTCGGGAGGCTGAGTCAGGAGAATCATTTGAACCCGGGAGGCAGAGGTTGCAGTGAGCTAAGATTGTGCCACTGCACTCTAGCCTGGGCAACAAGAGCAAAACTCTGTGTACAAAAAAAAAAAAAAGAAAGAAAGAAAGAAA","GGCTGGGCACGGTGGCTCACGCCTGTAATCCCAGCACTTTGGGAGGCTGAAGCGGGCAGATCACCTGAGGTCAGGAGTGCAAGACCAGCCTGGCCAACATGGTGAAACCCCATCTTTACTAAAATTACAAAAAATTAGCTGGGCTTGATGGTGCGTGCCTGTAATCCCAGCTACTCGGGAGGCTGAGTCAGGAGAATCATTTGAACCCGGGAGGCAGAGGTTGCAGTGAGCTAAGATTGTGCCACTGCACTCTAGCCTGGGCAACAAGAGCAAAACTCTGTGTCAAAAAAGAAAAAGAAAGAAAGAAAGAAA"
"chr1","30647875","30648187","chr1","30423221","30423533","8","224654","GGCTGGGCACGGTGGCTCATGCCTGCATGCCTGTAATTCCAACATTTTGGGAGGCCGAAGTGGGTGGATCACCTGAGGTCGGGAGTTCGAGACCAGCCTGGCCAACATGATGAAACCCTGTCTCTATTAAAAATACAAAAAATTAGCCAGACATGGTGGTGGACACCTGTAATCCCAGCTACTTGGGAGGCTGAGGAAGGAGAATCTCTTGAACCTGGGAGGCAGAGGTTGCCGTGAGCCAAGATCATGCCACTGAACTCCAGTCTAGGCAACGAGAGTGAAACTCCATTTCAAAAATAAATAAATAAATAAA","GGCTGGGCACGGTGGCTCATGCCTGCATGCCTGTAATTCCAACATTTTGGGAGGCCGAAGTGGGTGGATCACCTGAGGTCAGGAGTTGGAGACCAGCCTGGCCAACATGATGAAACCCTGTCTCTACTAAAAATACAAAAAATTAGCCAGACATGGTGGTGGACACCTGTAATCCCAGCTACTTGGGAGGCTGAGGAAGGAGAATCTCTTGAACCCGGGAGGCAGAGGTTGCAGTGAGCCAAGATCACGCCACTGAACTCCGGCCTAGGCAACGAGAGTGAAACTCCATTTCAAAAATAAATAAATAAATAAA"
"chr1","31267494","31267811","chr1","31069071","31069388","1","198423","GGCCAGGCGTGGTGGCTCACGCCTGTAATCCTAGCACTTTGGGAGGCCGAGGCAGGTGGATTATCAGAGGTCAGGAGTTCGAGACCAGCCTGGCCAACATGGCAAAACCCCGTCTCTACTAAAACTACAAAAATTAGCCAGGCGTGGCAGCGGGCGCCTATAATCCCAGCTACGAGAGAGGATGAGGCAGGAGAATCACTTGAACCTGGGAGGCGGAGGTTGCAGTGAGCTGAGATCGAGCCACTTCGCTCCAGCCTGGGGAAAAGAGCAAAACTCCATTTCAAAACACACACACAAAAAAAAGAAGAAGAAAAAAAA","GGCCAGGCGTGGTGGCTCACGCCTGTAATCCTAGCACTTTGGGAGGCCGAGGCAGGTGGATTATCAGAGGTCAGGAGTTCGAGACCAGCCTGGCCAACATGGCAAAACCCCGTCTCTACTAAAACTACAAAAATTAGCCAGGCGTGGCAGCGGGCGCCTATAATCCCAGCTACAAGAGAGGATGAGGCAGGAGAATCACTTGAACCTGGGAGGCGGAGGTTGCAGTGAGCTGAGATCGAGCCACTTCGCTCCAGCCTGGGGAAAAGAGCAAAACTCCATTTCAAAACACACACACAAAAAAAAGAAGAAGAAAAAAAA"
"chr1","31287588","31287901","chr5","150568275","150568587","37","119280687","GGCCGGGCGCAGTGGCTCATGCCTGTAATCTCAGCACTTTGGGAGGCCAAGGCGGGCAGATCACCTGAGGTCAGGAGTTCGAAACCAGCCTGGCCAATAAGGCGAAACCCCATCTCTACCAAAACTACAAAAATTAGCCAGGCACAGTGGTGGGTGTCTGTAGTCCCAGCTACTTGGGAGGCTGAGGCAGGAGAATCGCTTGAACCCAGGAGGCGGAAGTTGCAGTGAGCCAAGATTGTACCACTGCACTCCAGCCTGGGGCAAAAAGAGTGAGACTCCGTCTCAAGAAAAAAAAAAAAAAAAAAAAAAAAGAA","GGCCGGGCGCGGTGGCTCATGCCTGTAATCTCAGCACTTTGGGAGGCCAAGGGGGGTGGATTGTCTGAGGTCAGGAGTTCGAGACCAACCTGGCCAACATAGTGAAACCCCGTCTCTACTGAAAATATAAAAAGTTAGCTGGGCATGGTGGCGGGCGCCTGTAATCCCAGCTACTAGGGAGGCTGAGGCAGGAGAATTGCTTGAACCCAGGAGGCGGAGGTTGCAGTGAGCCCAGATTGTGCCACTGCACTCCAGCCTGGGCAACAAGAGTGAAACTCCGTCTCAAAAAAAAAAAAAAAAAAAAAAAAAAAAA"
"chr1","31380415","31380712","chr1","31187076","31187378","7","193339","GGCTGGGCGTGGTGGCTCACGCCTGTAATCCCAGCACTTAAAGGGAGGCCGAGGCAGGTGGATCACCTGAGGTCAGGAGTTCAAGACCAGCCTGGCAAACATGGTGAAACCCCATCTCTAATAAAAATACCAAAAAAAAAAAAATTAGACCAGGTATGGTGGCAGGCACCTGGCTACTCAGGAGGCTGAGGCAGGAGAATCACTTAAACCTGGGAGGCAGAGGTTGCAGTGAGCCAAGATTGCGCCACTGCACTCCAGCCTGGGCAACAAAAGTGAAACTCCGTCTCAAAAAATAAAA","GGCTGGGCGTGGTGGCTCACGCCTGTAATCCCAGCACTTAAAGGGAGGCCGAGGCAGGTGGATCACCTGAGGTCAGGAGTTCAAGACCAGCCTGGCAAACATGGTGAAACCCCATCTCTAATAAAAATACCAAAAAAAAAAAAAAAAAAATTAGCCAGGTATGGTGGCAGGCACCTGGCTACTCAGGAGGCTGAGGCAGGAGAATCACTTAAACCTGGGAGGCAGAGGTTGCAGTGAGCCAAGATTGCGCCACTGCACTCCAGCCTGGGCAACAAAAGTGAAACTCCGTCTCAAAAAATAAAA"
"chr1","31429994","31430303","chr1","31236478","31236783","9","193516","GCCGGGTGCGGTGGCTCACGCCTGTAATCCTAGCACTTTGGGAGGCTGAGGCAGGTGGATTACCTGAGGTCAGGAGTTCGAGACCAGCCTGGCCAACATGGTGAAATCTCATCTCTACAGAAAATACAAAATTAGCCAGGCATGGTGGCGCATGCCTGTAATCCCAGCTACTTGGGGGGCTGAGGCAGGAGAATCACTTGAACCGAGGAGGCGGAGGTTGCAGTGAGCCAAGATCATGCCACTGCACTCCAGCCTAGACAACAAGAGTGAAACTTTGTCTCAAAAACAAAACAAAACAAAAACAAAAAAA","GCCGGGTGCGGTGGCTCATGCCTGTAATCCTAGCACTTTGGGAGTCTGAGGCAGGTGGATTACCTGAGGTCAGGAGTTCGAGACCAGCCTGGCCAACATGGTGAAATCTCATCTCTACAGAAAATACAAAATTAGCCAGGCATGGTGGTGCATGCCTGTAATCCCAGCTACTTGGGGGGCTGAGGCAGGAGAATCACTTGAACCGAGGAGGTGGAGGTTGCAGTGAGCCAAGATCGTGCCACTGCACTCCAGCCTAGACAACAAGAGTGAAACTTTGTCTCAAAAACAAAACAAAACAAAACAAAA"
"chr1","31449567","31449881","chr1","31258201","31258516","4","191366","GGCCAGGCGTGGCAGCTCACGCCAGTAATCCCAGCACTTTGGGAGGCTGAGGCAGGTGGATCACCTGAGCTCAGGAGTTCAAGACCAGCCTGGCCAACATGGTGAAACCCCATCTCTACTAAAAATACAAAAAATTAGTTGGGCGTGGTGGCGGACGCCTGTAATTCCAGCTACTTGGGAGGTTACAGCAGGAGAATCACTTGAACCCGGGAGGCAGAGTTTGCAATGAGCTGAGATCGTGCTACTGCACTCCAGCCTGGGCAACAAGAGCAAAACCCTGTTTACAAAAAAAAAAAAAACAAAGAAAAATGAAAA","GGCCAGGCGTGGCAGCTCACGCCAGTAATCCCAGCACTTTGGGAGGCTGAGGCAGGTGGATCACCTGAGCTCAGGAGTTCAAGACCAGCCTGGCCAACATGGTGAAACCCCATCTCTACTAAAAATACAAAAAATTAGTTGGGCGTGGTGGCGGACGCCTGTAATTCCAGCTACTTGGGAGGTTACAGCAGGAGAATCACTTGAACCCGGGAGGCAGAGTTTGCAATGAGCTGAGATCGTGCTACTGCACTCCAGCCTGGGCAACAAGAGCAAAACCCTGTTTCAAAAAAAAAAAAAAGAAAAGAAAAATGAAAAA"
"chr1","31468685","31468986","chr1","31277337","31277638","3","191348","CTGGGCACGGTGGCTCACACCTGTAATCCCAGCACTTTGGGAGGCCGAGGTGGGCAGATCACCTGAGGGCAGGAGTTCGAGGCCAGCCTGGCCAACATGGTGAAACCCTGTCTCTACTAACAACACAAAAATTAGCTGGGTGTGGTGGCAGGTGCCTATAATCCCAGCTACTCAGGAGGCTGAGGCAGAAGAACCTCTTGAACTTGAGAGGCGGAGGTTGCAGTGAGCCGAGATTGCGCCACTGCATTCCAGCCTGGGCAACAAGAGCGAAACTCCGTTTTGGAAAACAAAACAAAACAAAA","CTGGGCACGGTGGCTCACACCTGTAATCCCAGCACTTTGGGAGGCCGAGGTGGGCAGATCACCTGATGGCAGGAGTTCGAGGCCAGCCTGGCCAACATGGTGAAACCCTGTCTCTACTAACAACACAAAAATTAGCTGGGTGTGGTGGCAGGTGCCTATAATCCCAGCTACTCAGGAGGCTGAGGCAGAAGAACCTCTTGAACCTGGGAGGCGGAGGTTGCAGTGAGCCGAGATTGCGCCACTGCATTCCAGCCTGGGCAACAAGAGCGAAACTCCGTTTTGGAAAACAAAACAAAACAAAA"
"chr1","31508953","31509238","chr5","82729504","82729788","30","51220551","GGCCAGGTGCAGTGGCTTACATCTGTAATCCCAGCACTTTGGGAGGCTGAGGTGGGTGGATCACCTGAGGTCAGGAGTTCGAGACCAGCCTGACCAATATGATGAAACCCCCGTCTCTACTAAAAATACAAAAATTAGCTGGGCATGGTGGTGGGCACCTGTAATCCCAGCTACTTGGGAGGCTGAGGCAGGAGAATCGCTTGAACCCGGGATGAGGAGGTTGCAGTGAGCTAAGATCCCACCACTGCACTCCAGCCTGGGCAACAAGAGCAAAACTCCATCTCAA","GGCCGGGTGCTGCGGCTTACACCTGTAATCCCAGCACCTTGGGAGGACGAGGTGGGTGGATCACCTGAGGTCAGGAGTTCGAGACCAGCCTGGTCAACATGGCGAAACCCCATCTCTATTAAAAATACAGAAAATTAGCTAGGTATGGTGGTGGGTTCCTGTAATCCCAGCTACTTGGGAGGCTGAGGCAGGAGAATCGCTTGAACCCGGGATGTGGAGGTTGCAGTGAGCCGAGATTGCACCACTGCATTCCAGCCTGGGCAACAAGAGCGAAACTCTGTCTCA"
"chr1","31533238","31533537","chr1","31343611","31343907","3","189627","GGTGCAGTGGCTTCCACCTGTAATCCCAGCACTCTGGGAGGCCGAGGCGGGTGGATCACTTGAGGTCAGGAGTTTGAGACCAGCCTGGCCAACGTGGTGAAACCCCATTTGTACTAAAAATACAAAAAATTAGCTGGGCATGGTGGCGGGCACCTGTAATCCCAGCTACTCAGGAGGCTAACACAGGAGAATCACTTGAACCTGGGAGGCGGAGGTTGCAGTGAGCCAAGATCGTGCCACTACACTCCAGCCTGGGCAACAAGAGCAAAACTCCGTCTCAAAAAATAAAAATAAAAATAA","GGTGCAGTGGCTTCCACCTGTAATCCCAGCACTCTGGGAGGCCGAGGCGGGTGGATCACTTGAGGTCAGGAGTTTGAGACCAGCCTGGCCAACGTGGTGAAACCCCATTTGTACTAAAAATACAAAAAATTAGCTGGGCATGGTGGCGGGCACCTGTAATCCCAGCTACTCAGGAGGCTAACACAGGAGAATCACTTGAACCTGGGAGGCGGAGGTTGCAGTGAGCCAAGATCGTGCCACTACACTCCAGCCTGGGCAACAAGAGCAAAACTCCGTCTCAAAAAATAAAAATAAAAA"
"chr1","31569943","31570183","chr1","31382634","31382865","9","187309","GGCTGGGCAGGGTAGATCACCTGAGGTCAGGAGTTTGAGACCAGCCTGGCCAATGTGGTGAAACCCCATCTCTACTAAAAATACAAAAATTAGCCAGGTGTGGTGGTGGGCACCTGTAATCCCAGCTACTTGGGAGGCTGAGGCAGGAGAATCACTTGAATCTGGGAGGCGGAGGTTGCAGTGAGCCGAGATCGCGCCACTGCACTCCAGGCTGAGCAACAAGAGCGAAACTCCATCTCAA","GGGTAGATCACCTGAGGTCAGGAGTTTGAGACCAGCCTGGCCAATGTGGTGAAACCCCATCTCTACTAAAAATACAAAAATTAGCCAGGTGTGGTGGTGGGCACCTGTAATCCCAGCTACTTGGGAGGCTGAGGCAGGAGAATCACTTGAATCTGGGAGGCGGAGGTTGCAGTGAGCCGAGATCGCGCCACTGCACTCCAGGCTGAGCAACAAGAGCGAAACTCCATCTCAA"
"chr1","31573406","31573686","chr1","31386089","31386368","5","187317","GATGGCTCACTCCTGTAATCCCAGCACTTTGGGAGGCCAAGGTGGTTGGATCACCTGAGGTCAGGAGTTCAAGACCAGCCTGGCCATGGTGAAACCCCGTCTCTACTAAAAATACAAAAAATTAGCCGGGCATGGTGCTGCACACCTGTAATCCCAGCTACTCGGGAGGCTGAGGCAGAAGAATCACTTGAACCTGGGAGGTGGAGGCTGCAGTGAGCCGAGATCACACAACTGCATTCCAGCCTGGGCAACAAGAACAAAACTCTGTCTCAAAAAAAAAA","TGGCTCACTCCTGTAATCCCAGCACTTTGGGAGGCCAAGGTGGTTGGATCACCTGAGGTCAGGAGTTCAAGACCAGCCTGGCCATGGTGAAACCCTGTCTCTACTAAAAATACAAAAAATTAGCCGGGCATGGTGCTGCACACCTGTAATCCCAGCTACTCGGGAGGCTGAGGCAGAAGAATCACTTGAACCCGGGAGGTGGAGGCTGCAGTGAGCCGAGATCACACAACTGCATTCCAGCCTGGGCAACAAGAACAAAACTCTGTCTCAAAAAAAAAAA"
"chr1","31689386","31689697","chr7","74810288","74810596","34","43120902","GGCCGGGCGCGATGGTTCATGCCTGTAATCCCAGCACTTTGGGAAGCCGAGGAGGGTGGATCGCCTGAGGTCAGGAGTTCGAGACCAGCCTGGCCAACATAGTGAAACCCTGTCTCTACTAAAAATACAAAAAATTACCTGGGTGTGGTGGCGGGTGCCTGTAATTCCAGCTATTCTGGAGGCTGAGGCAGGAGAATCGCTTGAACCGGAGAGGCAGAGGTTGCGGTGAGCCAAGATCGCGCCACTGCACTCCAGCCTGGGCAACAAGAGCAAAACTCTGCCTCAAAAAACAAACAAACAAACAAACAAAAA","GGCCAGGCGCGGTGGCTCATGCCTGTAATCCCAGCACTTTGGGAGGCCAAGGCGGGCAAATCACCTGACGTCAAGAGTTCAAGACCAGCCTGGCCAACATGGTGAAACCCCGTCTCTACTAAAAATACAAAAAATTAGCTGGGCATGGTGGCAGGTGCCTGTAATCCCAGCTACTCGGGAGGCTGAGACAGGAGAATCGCTTGAACCTGGGAGGCAGAGGTTGAAGTGAGCTGAGATCGTGCCACTGCACTCCAGCCTGGGCAACAAGAGCGAAACTCTGCCTCAAAAACAAACAAACAAACAAACAAA"
"chr1","31828508","31828804","chr1","31645658","31645955","3","182850","GGCCGGGCGCGGTGGCTCACGCCTGTAATCCCAGCACTTTGGGAGGCAGAGTCGGGCAGATCACGAGGTCAGGAGTTTGAGACCAGCCTGGCCAACATGGAGAAATTCTGTCGCTCCTAAAAATACAAAAATTAGCTGGCCGTGGTGGTGGGCGTCTGTAATCTCAGTTACTCAGGAGGCCGAGGCAGGAGAATCACTTGAACCCAGGAGGCAGAGGTTGCAGTGAGCCAAGATCATGCCACTGCACTCCAGCCTGGGCAACAAGAATGAAACTCTGTCTCAAAAAAAAAAGAAAAA","GGCCGGGCGCGGTGGCTCACGCCTGTAATCCCAGCACTTTGGGAGGCAGAGGCGGGCAGATCACGAGGTCAGGAGTTTGAGACCAGCCTGGCCAACATGGAGAAATTCTGTCGCTCCTAAAAATACAAAAATTAGCTGGCCGTGGTGGTGGGCGTCTGTAATCTCAGTTACTCAGGAGGCTGAGGCAGGAGAATCACTTGAACCCAGGAGGCAGAGGTTGCAGTGAGCCAAGATCATGCCACTGCACTCCAGCCTGGGCAACAAGAATGAAACTCTGTCTCAAAAAAAAAAGAAAAAA"
"chr1","32120359","32120655","chr1","31945908","31946206","5","174451","GGCCAGGTGTGGTGGTTCACGCACTTTGGGAGGCCGAGGCAGGTGGATCACCTGAGGTCAGGAGTTTGAGACCAGCCTGGCCAACATGGTGAATCTCTACTAATCTCTACTAATAATACAAAAAATCAGCCGGGCATGGTGGTGGATACCTGTAATCCCAGCTACTTGGGAGGTTGAGGCAGGGGAATCGTTTGAACCCAGGAGGCGAAGGTTGCAGTGAACCAAGATCCTGCTACTGCACTCCAGCCTGGGCAACGAGAGAGAAACTCCATCTCAAAAAAAAAAAAAGGAAGGAAA","GGCCAGGTGTGGTGGTTCACGCACTTTGGGAGGCCGAGGCAGGTGGATCACCTGAGGTCAGGAGTTTGAGACCAGCCTGGCCAACATGGTGAATCTCTACTAATCTCTACTAATAATACAAAAAATCAGCCGGGCATGGTGGTGGATACCTGTAATCCCAGCTACTTGGGAGGTTGAGGCAGGGGAATCATTTGAACCCAGGAGGCGAAGGTTGCAGTGAACCAAGATCCTGCTACTGCACTCCAGCCTGGGCAACGAGAGAGAAACTCCATCTCAAAAAAAAAAAAAAAAAAAGGAAA"
"chr1","32234680","32234983","chr1","32062195","32062498","0","172485","GCGCGGTGGCTCATGCCTGTAATCCCTGCACTTTGGGAGGCCGAGGCAGGTAGATCACCTCAAGTCAGGAGTTCAAGACCAGCCTGGCCAACATTATGAAACCTCATCTCCACTAAAAATACAAAAAATTAGCTGGGCATGGTGGCGTGTGCCGGTAATCCAGCTACTCAGGAGGCTGAGGCAGGAGAATCGCTTGAACCCAGGAGGCACAGGCTGCAGTGAGCCAAGATTGCACCACTGCACTCCAGCCTGGGCAACAAGGGCAAAACTCCGTCTTAAAAAAAACCAAAACAAACAAAAAAAA","GCGCGGTGGCTCATGCCTGTAATCCCTGCACTTTGGGAGGCCGAGGCAGGTAGATCACCTCAAGTCAGGAGTTCAAGACCAGCCTGGCCAACATTATGAAACCTCATCTCCACTAAAAATACAAAAAATTAGCTGGGCATGGTGGCGTGTGCCGGTAATCCAGCTACTCAGGAGGCTGAGGCAGGAGAATCGCTTGAACCCAGGAGGCACAGGCTGCAGTGAGCCAAGATTGCACCACTGCACTCCAGCCTGGGCAACAAGGGCAAAACTCCGTCTTAAAAAAAACCAAAACAAACAAAAAAAA"
"chr1","32241490","32241792","chr1","32069425","32069727","3","172065","GGCCCGGCACAGTGGCTCATGCCTGTAATCCCAACACTTTGGGAGGTCGAGGCGGGTGGATCACCTGAGGTCAGGAGTTTGACACCAGCCTGGCCAACATGGTGAAACCCTATCTCTACTAAAAATACAAAAATTAGCCGAGAGTGGTGGTAGGCATCTATAATCCCAGGTACTCAGGAGGCTAAGGCAGGAGAATCACTTGAACCCAGAAGGCGGAGGTTGCAGTAAGCCAAGATCGCGCCACTTCACTCTAGCCTGGGCAACAAGAGCAAAACTCCATCTCAAAATAAATAAATAATAAAA","GGCCCGGCACAGTGGCTCATGCCTGTAATCCCAACACTTTGGGAGGTCAAGGCGGGTGGATCACCTGAGGTCAGGAGTTTGACACCAGCCTGGCCAACATGGTGAAACCCTATCTCTACTAAAAATACAAAAATTAGCCGAGAGTGGTGGTAGGCATCTATAATCCCAGGTACTCAGGAGGCTAAGGCAGGAGAATCACTTGAACCCAGAAGGCGGAGGTTGCAGTAAGCCAAGATCGCGCCACTTCACTCTAGTCTGGGCAACAAGAACAAAACTCCATCTCAAAATAAATAAATAATAAAA"
"chr1","32318288","32318577","chr1","32150101","32150391","4","168187","GGCTGGGCACAGTTTCTCACGCCTGTAATCCCAGCATTTTGGGAGGCCGAGGCGGGTGGATTACCTGAGGTCAGAAGTTTAAGACCAGCCTGACCAACATGGTGAAACCCTGTCTTTACTAAAAATACAAAAATTAGTTGGGCGTGGTGGCAGGTGCCTGTAATGCCGGCTACTTGGAAGGCTGAGGCAGGAGAATTGCTGAAACCCGGGAGACAGAGGTTGCAGTGAGCTGAGATCTAGCCAACAAGTGAAACTCAATCTCAAAAAAAAAACAAAAAGAAAGAAAGAAA","GGCTGGGCACAGTTTCTCACGCCTGTAATCCCAGCATTTTGGGAGGCCGAGGCGGGTGGATTACCTGAGGTCAGAAGTTTAAGACCAGCCTGACCAACATGGTGAAACCCTGTCTTTACTAAAAATACAAAAATTAGTTGGGCGTGGTGGCAGGTGCCTGTAATGCCGGCTACTTGGAAGGCTGAGGCAGGAGAATTGCTGAAACCCGGGAGACAGAGGTTGCAGTGAGCTGAGATCTAGCCAACAAGTGAAACTCAATCTCAAAAAAAAGCAAAAAGAAAGAAAGAAAAA"
"chr1","32356295","32356589","chr1","32189627","32189922","3","166668","GGCTGGGTGCGGTGGCTCACACCTGTAATCCCAGCACTTTGGGAGGCCGAGGCGGGCGGATCACCTGAGGTCAGGAGTTCAAGACCAGCCTGGCCAACATGGTGAAACCCCACCTCTACCAAAAAAACAAAAAATTAGCTGAGTGTGGTGGCGGGCGCCTGTAATCCCAGCTACTTAGGAGGCTGAGGCAGGAAGATTGCTTGAACCCAGGAGGCGGAGGTAGCAGTGAGCCGAGATCGCACCACCGTACTCCAGACTGGGCAATAAGAGTGAAACTGTCTCAAAAAAAAAAAAA","GGCTGGGTGCGGTGGCTCACACCTGTAATCCCAGCACTTTGGGAGGCCGAGGCGGGCGGATCACCTGAGGTCAGGAGTTCAAGACCAGCCTGGCCAACATGGTGAAACCCCACCTCTACCAAAAAAACAAAAAATTAGCTGAGTGTGGTGGCGGGCGCCTGTAATCCCAGCTACTTAAGAGGCTGAGGCAGGAAGATTGCTTGAACCTAGGAGGCGGAGGTAGCAGTGAGCCGAGATCGCACCACCGTACTCCAGACTGGGCAATAAGAGTGAAACTGTCTCAAAAAAAAAAAAAA"
"chr1","32540313","32540614","chr1","32381378","32381679","0","158935","GACACGGTGGCTCACGCCTGTAATCCCAACATTTTGGGAGGCTGAGGCGGGCAGATCACCTGAGGTCAGGAGTTTAAGACCAGCCTGGCCAACATGGTGAAACCCTATCTCTACTAAAAATACAAAATGAGCTGGGCGTGGTGGTGCATGCCTGTAATCCCAGCTACCCAGGAGGATGAGGCAGGAGAATCACTGGAGCCTGGAGGCGGAGGTTGCAGTGAGCCAAGATCACACCACTGCACTCTAGCCTGGGCAAAAAGAGCGAAACTCCATCTCAAAAAATAAGTAAATAAGTAAATAAA","GACACGGTGGCTCACGCCTGTAATCCCAACATTTTGGGAGGCTGAGGCGGGCAGATCACCTGAGGTCAGGAGTTTAAGACCAGCCTGGCCAACATGGTGAAACCCTATCTCTACTAAAAATACAAAATGAGCTGGGCGTGGTGGTGCATGCCTGTAATCCCAGCTACCCAGGAGGATGAGGCAGGAGAATCACTGGAGCCTGGAGGCGGAGGTTGCAGTGAGCCAAGATCACACCACTGCACTCTAGCCTGGGCAAAAAGAGCGAAACTCCATCTCAAAAAATAAGTAAATAAGTAAATAAA"
"chr1","32638651","32638947","chr1","32486064","32486360","1","152587","GGCCAGGCACGGTGGCTGACGCCTATAATCCCAGCACTTTGCGAGACTGAGGCAGGCAGATCGCCTGAGGTCAGGAGTTTGAGACCAGACTGGCCAATATGGCAAAACCCTGTCTTTACTAAAAATACAAAAATTAGTGGTGTTGGGCACCTGTAATCCCAGCTACTTGGGAGGCTGAGGCAGAATCACTTGAACCCAGGAGGCGGAGGTTGCAGTGAGCCGAGATCACACTACTGCAATCCAGCCTGGGCAACAAGAGCAAAACTCTGTCAAAACAAAACAAAAGAAACAAAAAAA","GGCCAGGCACGGTGGCTGACGCCTATAATCCCAGCAGTTTGCGAGACTGAGGCAGGCAGATCGCCTGAGGTCAGGAGTTTGAGACCAGACTGGCCAATATGGCAAAACCCTGTCTTTACTAAAAATACAAAAATTAGTGGTGTTGGGCACCTGTAATCCCAGCTACTTGGGAGGCTGAGGCAGAATCACTTGAACCCAGGAGGCGGAGGTTGCAGTGAGCCGAGATCACACTACTGCAATCCAGCCTGGGCAACAAGAGCAAAACTCTGTCAAAACAAAACAAAAGAAACAAAAAAA"
"chr1","32695081","32695380","chr1","32543401","32543700","1","151680","GGCCGGGCATGCTGGCTCATGCCTGTAATCCCAGCACTTTGGGAGGCCGAGGCAGGTGGATCACCTGAGGTCAGGAGTTCAAGACCAGCCTGATCAACATGGTGAAACTCTGTCTCTACTAAAAATACAAAAAAATTAGCCAGGCATGGTGGCACGCACCTGTAAGCCCAGCTACTCGGGAGGGGGAGGCAAAAGAATCGCTTGAACCCGGGAGGCAGAGGTTGCAGTGAACCGAGATAGTGCCACTGCCCTCCAGCCTGGGCAACAAAAGTGAAACTCCGTCTCAAAAAAAAAAAAAAA","GGCCGGGCATGCTGGCTCATGCCTGTAATCCCAGCACTTTGGGAGGCCGAGGCAGGTGGATCACCTGAGGTCAGGAGTTCAAGACCAGCCTGATCAACATGGTGAAACTCTGTCTCTACTAAAAATACAAAAAAATTAGCCAGGCATGGTGGCACGCACCTGTAAGCCCAGCTACTTGGGAGGGGGAGGCAAAAGAATCGCTTGAACCCGGGAGGCAGAGGTTGCAGTGAACCGAGATAGTGCCACTGCCCTCCAGCCTGGGCAACAAAAGTGAAACTCCGTCTCAAAAAAAAAAAAAAA"
"chr1","32707040","32707350","chr1","32555393","32555704","2","151647","GGCCAGGTACAGTGGCTCATGCCTGTAATCCCAGTACTTTGGCGGGTCGAAGTGGGCGGATCACCTGAGGTCAGGAGTTTGAGACCAGCCTGGCCAACATGGTGAAACCCCATCTCTACTAAAAATACAAAATATCAGCTGGACGTGGTGGTGCATGCCTGTAATCCTAGCCACTCAGGAGGTTGAGACAGAAGAATCGCTTGAACCCAGGAGGCAGAGGTTGCAGTGAGCTGAGATCACGCCACTTCACTCCAGCCTGGGCAACAAGAGTGAAACTCAATCTCAAAAAAAAAAATAACAAATAATAAAAA","GGCCAGGTACAGTGGCTCATGCCTGTAATCCCAGTACTTTGGTGGGTCGAAGTGGGCGGATCACCTGAGGTCAGGAGTTTGAGACCAGCCTGGCCAACATGGTGAAACCCCATCTCTACTAAAAATACAAAATATCAGCTGGACGTGGTGGTGCATGCCTGTAATCCTAGCCACTCAGGAGGTTGAGACAGAAGAATCGCTTGAACCCAGGAGGCAGAGGTTGCAGTGAGCTGAGATCACGCCACTTCACTCCAGCCTGGGCAACAAGAGTGAAACTCAATCTCAAAAAAAATAAATAACAAATAATAAAAA"
"chr1","32747454","32747727","chr1","32623261","32623562","31","124193","CGGGTGCAGTGGCTCACGCCTGTAATCCCAACACTCTGGGAGGCTGAGGCGGACAGATCATCTGAGGTCAGAAGTTCAAGACAAGCCTGGCCAACATGGTGAAATCCTGTCTCTACTAAACATACAAAAATTAGCCGGGCGTGGCAGGACATGGACATGCTACACAGGAGGCTGAGGCAGGAGAATCGCCTGAACCCAGGAGGCGGAAGTTGTGGTGAGCCGAGATCGCGCCACTGCACTCCAGCCTGGGCAACAAGAGTGAAACTCCATCTCA","CGGGTGCAGTGGCTCACGCCTGTAATCCCAACATTCTGGGAGGCTGAGGCGGACAGATCATCTGAGGTCAGAAGTTCAAGACAAGCCTGGCCAACATGGTGAAATCCTGTCTCTACTAAACATACAAAAATTAGCCGGGCGTGGCAGGACATGGACATGCTACACAGGAGGCTGAGGCAGGAGAATCGCTTGAACCCAGGAGGCGGAAGTTGTGGCGAGCCGAGATCGCGCCACTGCACTCCAGCCTGGGCAACAAGAGTGAAACTCCATCTCACAAAATAAATAAATAAATAAATAAATAA"
"chr1","32951280","32951575","chr1","32666505","32666801","2","284775","GGCCGGACGCAGTGACTCACGCCTGTAATCCCAGCACTTTGGGAGGCAGAGGCGGATTGCCTGAGGTCAGGCCGAGATCAGCCTGACCAACATGGTGAAACCCTATCTCTACTAAAAATACAAAAATTAGCCGGGCGTGGTGGCGGGCGCCTGTAATCCCAGCTACTCAGGAGGCTGAGACAGGAGAATCGCTTCAATCCAGGAGGTGGAGGTTGTGGTGAGCCAAGATTGCGCCACTGCACTCCAGCCTGGCAACAAGAGCGAAACTCCATCTTTTAAAAAAAAAAAAAAAAAAA","GGCCGGACGCAGTGACTCACGCCTGTAATCCCAGCACTTTGGGAGGCAGAGGCGGATTGCCTGAGGTCAGGCCGAGATCAGCCTGACCAACATGGTGAAACCCTATCTCTACTAAAAATACAAAAATTAGCCGGGTGTGGTGGCGGGCGCCTGTAATCCCAGCTACTCAGGAGGCTGAGACAGGAGAATCGCTTCAATCCAGGAGGTGGAGGTTGTGGTGAGCCAAGATTGCGCCACTGCACTCCAGCCTGGCAACAAGAGCGAAACTCCATCTTTTAAAAAAAAAAAAAAAAAAAA"
"chr1","32952898","32953188","chr1","32668333","32668625","2","284565","GCCAGGCATGGGGGCTTACGCCTGTAATCCCAGCATTTTGGGAGGCTAAGGCGGGTGGATCCCTTGAGGTCAGGAGTTTGAGACCAGCCTGACCAACATGGTGAAACCCCATCTCTACTAAAAATATACAAAATTAGCCTGTAATTCCAGCTACTTGGGAAGCTGAGGAAGGAGAATTGCTTGAGCCCAGGAGGCGGAGGTTGCAGTGAGCTGAGATCACACCACTGCACTTCAGCCTGGGCAACGAGAGCAAAACTCCATCTCAAAAAAAAAAAAAAAAGAAAAAAGAAA","GCCAGGCATGGGGGCTTACGCCTGTAATCCCAGCATTTTGGGAGGCTAAGGCGGGTGGATCCCTTGAGGTCAGGAGTTTGAGACCAGCCTGACCAACATGGTGAAACCCCATCTCTACTAAAAATATACAAAATTAGCCTGTAATTCCAGCTACTTGGGAAGCTGAGGAAGGAGAATTGCTTGAGCCCAGGAGGCGGAGGTTGCAGTGAGCTGAGATCACACCACTGCACTTCAGCCTGGGCAACGAGAGCAAAACTCCATCTCAAAAAAAAAAAAAAAAAGAAAAAAAGAAA"
"chr1","33044828","33045111","chr1","32765248","32765513","20","279580","GGTCAGGTGCGGTGGCTCACGCCTGTAATCCCAGCACTTTGGGAGGCCAAGGCGGGCGGTTGAGGTCAGGAGTTCGAGACCAGCCTGGCCAACATGGCAAAATCCGTCACTACTAAAAATACAAAAATTAGCTGGGCGTGGTGGCAGGCGCCTGTAATCCCAGCCACTCGGGAGGCTGAGGTAGGAGAATCGCTTGAACTCTGGAGGCGGAGGTTTCAGTGAGCCGAGATCACACCACTGCACTCCAACCTGGGCAACAAGAGTGAAACTCCATCTCAGATAAA","GGTCAGGTGCGGTGGCTCACGCCTGTAATCCCAGCACTTTGGGAGGCCAAGGCGGGCGGTTGAGGTCAGGAGTTCGAGACCAGCCTGGCCAACATGGCAAAATCCGTCTCTACTAAAAATACAAAAATTAGCTGGGCGTGGTGGCAGGCGCCTGTAATCCCAGCCACTCGGGAGGCTGAGGTAGGAGAATCGCTTGAACTCTGGAGGCGGAGGTTTCAGTGAGCCGAGATCACACCACTGCACTCCAACCTGCGCAACAAGAGCGA"
"chr1","33185926","33186199","chrX","41793338","41793609","38","8607412","GGCCGGGCACAGTGGCTCATGCCTGTAACCCCAGCACTTTGGGAGGTTGAGGCCGGCAGATCACCTGAAGTCAGGAGTTCAAGAACAGCCTGGCCAACATGGTGAAACCTCTGTCTTTACTAAAAAAATACAAAAATTAGCTGGGTGTGGTGGTGGGCACCTGTAATCCCAGCTACTCGGGAGGCTTAAGCAGGATAATTGCTTGAACCCAGGAGGCGGAGGTTGCAGTGAGCCGAGATCATGCCACTGCACTCAACCTGGGCAACAAGAGCAA","GGCCAGGTGCAGTGGCTCATGCCTGTAATCCCAGCACTTTGGGAGGCCAAGGCGGGCGGATCACCTGAGGTCAGGAGTTCAAGACCAGCCTGGCCAACATGGCGAAACCTTGTCTCCACTAAAAATACAAAACTTAGCTGGGCATGCTGGTGGACACTTGTAATCCCAGCTACTCAGGAGGCTGAGGCAGGAGAATCACTTGAACCTGGGAGGCAGAGGTTGCAGTGAGCCAAGATCGTGCCACTGCACTCCAGTCTGGGCAACAAGAGCGA"
"chr1","33225277","33225512","chr2A","39719968","39720212","59","6494691","GGCTGGGCGAGGTGGCTTACACTTGTAACCCCAGCACTTTGGGACGCTGAGGTGGGCGGATCACTTGAGGTCAGGATTTCGAGACCAGCCTGGCCAAAGTGGTGGGAGGGTACCTATAATCCCAGCTGCTTGAGAGGCTGAGGCAGGATAATCGCTTGAACTTGGGAGGCGGAGGTTGCGGTGAGCCAAGATTTCGCTACTGCACTCCAGCCTGAGCTGGATTTGTCTCAAAAAAA","GGCTGGGCATGGTGGCTCACATCTGTAATCCTAGCACTTTGGGAGGCTGAGGTGGGCGGATCACTTGAGGCCAGGAGTTCGAGATCCCAGGCGTGGTGGCACGTGCCTGTAATCCCAGCTGCTCGGGAGGCTGAGGCAGGAGAATGGCGTGAACCCGGGAGGCGGAGCTTGAAGTAAGCCGAGATCGCGCCACTGCACTCCAGCCTGGGCAACAAGAGCGAAATTCCATCTTAAAAATAAATAAA"
"chr1","33350561","33350862","chr1","33059679","33059980","3","290882","GGCCGGGCGCGGTGGCTCACGCCTGTAATCCCAGCACTTTAGAAGGCTGAGGTGGGTGGATCACCTGAGATCAGGAGTTCGAGACCAGCCTGGCCAACATGATGAAACCCCGTCTCTACTAAAAATAAAAAAATTAGCCGGGCATGGTGGTGGGCACCTGTAGTCCCAGCTACTCAGGAGGCTGAGGCAGGACAATCACTTGAACCTGGGAAACAGAGATTGCAGCAAGCCAAGATCACGCCACTGCATTCCAGCCTGGGCAAAAGAATGAAACTCCGTCTCAAAATAAAATAAAATAATAA","GGCCGGGCGCGGTGGCTCACGCCTGTAATCCCAGCACTTTAGAAGGCTGAGGTGGGTGGATCACCTGAGATCAGGAGTTCGAGACAAGCCTGGCCAACATGATGAAACCCCGTCTCTACTAAAAATAAAAAAATTAGCCGGGCATGGTGGTGGGCACCTGTAGTCCCAGCTACTCAGGAGGCTGAGGCAGGACAATCACTTGAACCTGGGAAGCAGAGATTGCAGCAAGCCAAGATCACGCCACTGCATTCCAGCCTGGGCAAAAGAATGAAACTCCTTCTCAAAATAAAATAAAATAATAA"
"chr1","33631916","33632225","chr1","33348766","33349077","4","283150","GGCCAGGCACAGTGGCTCACGCCTGTAATCCTAGCACTTTGGGAGGCTGAGGCAGGCAGATCACCTGAGGTCAGGAGTTCAAGACCAGCCTGGCCAATATGGTGAAACCCCGTCTCTACTAAAAATACAAAAACTAGCTGGGCATGTTGGTGGGTGCCTGTAATCCCAGCTACTCAAGAGGCTGAGGCAGGAGAATTGCTTGAACCCAGGAGGTGGAGGTTGTAGTGAGCCAATATCGAGCCACTGCACCCCAGCCTGGGCAACAAGAGCGAGACTCCATCTCAAAAAAATAAAAAACAACAAAACAAAA","GGCCAGGCACAGTGGCTCACGCCTGTAATCCTAGCACTTTGGGAGGCTGAGGCAGGCGGATCACCTGAGGTCAGGAGTTCAAGACCAGCCTGGCCAATATGGTGAAACCCTGTCTCTACTAAAAATACAAAAACTAGCTGGGCATGTTGGTGGGTGCCTGTAATCCCAGCTACTCAAGAGGCTGAGGCAGGAGAATTGCTTGAACCCAGGAGGTGGAGGTTGTAGTGAGCCAATATCGAGCCACTGCACCCCAGCCTGGGCAACAAGAGCGAGACTCCATCTCAAAAAAATAAAAAACAACAAAAACAAAAA"
"chr1","33694204","33694505","chr1","33413072","33413379","7","281132","GGCTGGCCATGGTGGCTCACGCCTGTAATCCCAGCACTTTGGAAGGCTGAGGCGGGTGAATCACCTGCGGTCAGGAGTTCAAGATCAGCCTGGGCAACATGGTGAAACCCTGTCTCTACTAAAAATACAAAAATTAGCTGGACATCGTGGCATGCATCTGTAGTTCCAGCTACTTGGGAGGCTGAGATGGGAGAATTGCTTGAACCAGGGAGGTGGAGGCTGCAGTGAGCCAAGATCACGTCACTACACTCCAGCCTGGGCAAAAAGAGTGAAACTCCGTCTCAAAAAAAAAAAAAGAAAAA","GGCTGGCCATGGTGGCTCACGCCTGTAATCCCAGCACTTTGGGAGGCTGAGGCGGGTGAATCACCTGCGGTCAGGAGTTCAAGATCAGCCTGGGCAACATGGTGAAACCCTGTCTCTACTAAAAATACAAAAATTAGCTGGACATCGTGGCATGCATCTGTAGTTCCAGCTACTTGGGAGGCTGAGATGGGAGAATTGCTTGAACCAGGGAGGTGGAGGCTGCAGTGAGCCAAGATCACGTCACTACACTCCAGCCTGGGCAAAAAGAGTGAAACTCCGTCTCAAAAAAAAAAAAAAAAAAGAAAAAA"
"chr1","33724735","33725033","chr1","33441903","33442194","11","282832","GGCCGGGTGCAATGGCTTATGCCTGTAATTCCAGCACTTTGGGAGGCCGAGGCGGGAGGATCACCAGGTCAGACTTTAAGACCAGCCTGACCAACGTGGTGAAACCCCATCTCTACTAAAAATACAAAAATTAGCCAGGCGTGGCACGTGCCTGTAGTCCCAGCTACTCAGAAGTCTGAGGCAGAAGAATGGCTTGAACTCCAGAGGTGGAAGTTGCAGTGAGCCGAGATTGGGCCACTGCACTCCAGCCTGGGCAACAAGAGTGAAACTCTGTCTCAAAAAAAAAAACAGACAAAAGA","GGCCGGGTGCAATGGCTTATGCCTGTAATTCCAGCACTTTGGGAGGCCGAGGCGGGAGGATCACCAGGTCAGACTTTAAGACCAGCCTGACCAACGTGGTGAAACCCCATCTCTACTAAAAATACAAAAATTAGCCAGGCGTGGCACGTGCCTGTAGTCCCAGCTACTCAGGAGTTTGAGGCAGAAGAATGGCTTGAACTCCAGAGGTGGAAGTTGCAGTGAGCCGAGATTGGGCCACTGCACTCCAGCCTGGGCAACAAGAGTGAAAGTCTGTTTCAAAAAAAAAAAAAAA"
"chr1","35557291","35557592","chr1","35306444","35306748","3","250847","GGCCAGGTGCAGTGGCTCATGCATGTAATCCCAGCACTTTGGGAGGCCAAAGCAGGCAGATCACCTGAGGTCAGGAGTTCGAGACCAGCCTGGCCAACATAGTGAAATCCCGTCTCTACTAAAAATACAAAAAATTAGCTAGGTGTAGTGGCGAGCGCCTGTAATCACAGTTACTCAGGAGGCTGAGGCAGGAGAATCACTTGAACCTGGGTGGCAGAGGTTGCAGTGAGCTGAGATTGTGACACTGCACTCCAGCCTGGGCAACAAGAGTGAAACTCCTTTTCAAGGAAAAAAAAAAAAAA","GGCCAGGTGCAGTGGCTCATGCATGTAATCCCAGCACTTTGGGAGGCCAAAGCAGGCAGATCACCTGAGGTCAGGAGTTCGAGACCAGCCTGGCCAACATAGTGAAATCCCGTCTCTACTAAAAATACAAAAAATTAGCTAGGTGTAGTGGCGAGCGCCTGTAATCACAGTTACTCAGGAGGCTGAGGCAGGAGAATCACTTGAACCTGGGTGGCAGAGGTTGCAGTGAGCTGAGATTGTGACACTGCACTCCAGCCTGGGCAACAAGAGTGAAACTCCTTTTCAAGGGAAAAAAAAAAAAAAAA"
"chr1","35638156","35638454","chr1","35387181","35387484","5","250975","GGCCACGCGCGGTGGCTCACCCCTGTAATCCCTGCACTTTGGGAGGCCAAGGCAGGTGGATCACCTGAGGTCATGAGTTTAAGACCCATCTGGCCAACATGATGAAACCCCATCTCCACTAAAGATACAAAAAATTAGCTGGGCATGGTGGCAGGCACCTGTAATCCCAGCTATTCTGGAGCCCTGAGGCAGGAGAATCACTTGAACCCGGGAGGCAAAGATTGCAGTGAGCTGAGATCACACCACTGCACTCCAGCCTGGGAAACAACAGCGAAACTCCAGCTCAAAAAAAAAAAAAA","GGCCACGCGCGGTGGCTCACCCCTGTAATCCCTGCACTTTGGGAGGCCAAGGCAGGTGGATCACCTGAGGTCATGAGTTTAAGACCCATCTGGCCAACATGATGAAACCCCATCTCCACTAAAGATACAAAAAATTAGCTGGGCATGGTGGCAGGCACCTGTAATCCCAGCTATTCTGGAGCCCTGAGGCAGGAGAATCACTTGAACCCGGGAGGCAAAGATTGCAGTGAGCTGAGATCACACCACTGCACTCCAGCCTGGGAAACAACAGCGAAACTCCAGCTCAAAAAAAAAAAAAAAAAAA"
"chr1","35667956","35668269","chr1","35417440","35417752","5","250516","GGCAGGGCGTGGTGGCTCACGCTTGTAATCCCAACACTTTGGGAGGGCGAGGTGGGTGGATCACCTGAGGTCAGGAGTTTGAGACCAGCCTGGCCAACATGGTGAAGCCTCGTCTCTACTAAAAATACAAAAATTAGCCGGGCGTGGTAGTGGCCACCTGTAATCCCAGCTACTCTGGAGGCCGAGGCAGGAGAATTGCTTGAACCCAGGAAGTGGAGGTTGCAGTGAGCTGAGATTGCACCACTGCACTCCAGCCTGGGCAACAAGAGTGAAATTCTGTCTACAAAAAAAAAAAAGAAAAAAAGAAAAGAAAA","GGCCGGGCGTGGTGGCTCACGCTTGTAATCCCAACACTTTGGGAGGGCGAGGTGGGTGGATCACCTGAGGTCAGGAGTTTGAGACCAGCCTGGCCAACATGGTGAAGCCTCGTCTCTACTAAAAATACAAAAATTAGCCGGGCGTGGTAGTGGCCACCTGTAATCCCAGCTACTCTGGAGGCCGAGGCAGGAGAATTGCTTGAACCCAGGAAGTGGAGGTTGCAGTGAGCTGAGATTGCACCACTGCACTCCAGCCTGGGCAACAAGAGTGAAATTCTGTCTCAAAAAAAAAAAAAAAAAGAAAAAAAGAAAA"
"chr1","35673968","35674154","chr5","58238455","58238619","57","22564487","ACTTTGGGAGGCCAAGGCAGTCAGGATCACCTGAGGTCAGGAGTTCGAGAACAGCCTGGCCAACATGGTCGAAACCTCCATACTAACTAACAACAATATAAATGTCGAGNGGTGGTGGGCGNTCGCGTGTAACTTCCCAGGTACCTTCGGAGGACGTGAGGCGAGGAAATACGAAACTTGGAACCCG","AGGCTGAGGCAGGAGGATCACCTGAGGTCATGAGTTCGAGACCAGCCTGGCCAACTTGGTGAAATCCCGTGTTTACTAAAAATACAAAAACTAGCTGGGCATGGTGGTGTGCGCCTGTAATCCCAGCTACTCGGGAGGCTGAGGTGGGAGAATCACTTGAACCTG"
"chr1","35757856","35758164","chr10","70319932","70320244","39","34562076","GGCCGAACGCGGTGGCTCACACCTGTAATCCTAGCACTTTGGGAGGCCGAGGCAGACAGATCACCTGAGGTCAGGAGCTCGAGACCAACCTGGCCAACATGGTAAAACCTTGTCTCTACTAAAAATACAAAATTAGCTGCGCGTGATGGTGCATGCCTGTAATCCCAGCTACTCGGGAGGCTGAAGCAGGAGAATCACTTGAATCTGGGAGGTAGAGGTTGCAGTGAGCTGAGATTGTGACACTGTACTCCAGCCTGGGCAATAAGAGCAAAACTCCATCTACAAAAAAAAAAGAAAGAAAAGAAAAAA","GGCCAGGCGTGGTGGCTCACACCTGTAATCCCAGCACTTTGGGAGGCCGAGGCGAGTGGATCACCTGAGGTCAGGAGTTTGCGACCAGCCTGGCCAACAGGGTGAAACCCCGTCTCTACTAAAAATACAAAAATTAGCTGGGTGTGGTGGTGGGCGCCTGTAATCCCAGCTACTCGGGAGGCTGAGGCAGGAGAATCACTTGAACCTGGGAGGCTGAGGTTGCAGTGAGCCGAGATTGTGCCATTGCACTCCAGCCTGGGCAACAAGAGCGAAACTCCATCTTAAAAAAAAAAAAAGAAAAGAAAAGAAAAGA"
"chr1","35870958","35871240","chr1","35624634","35624940","26","246324","GGCGGGGTGTGGTGGCTCCCGCCTGTAATCCCAGCACTTTGGGAGGCTGAGGCAGGAGGATTACCTGAGGTCAGGAGTTTGAGACCAGCCTGGCCGACATGGTTAAACCCGTCTGTACTAAACATACAAAATTAGCCAGGCATGGTGGCACATGCCTGTAGTCCCAGCTACTTGAAAGGCTGAGGCAGGAGAATCGCTTGAACCCGAGAGATGGAGGTTGCAGTGAGCGGAGATCGCGCCACTGCACTCCAGCCTGGGCAACAAGAGCGAAACTCCATCTCAA","GGCGGGGTGTGGTGGCTCCCGCCTGTAATCCCAGCACTTTGGGAGGCTGAGGCAGGAGGATTACCTGAGGTCAGGAGTTTGAGACCAGCCTGGCCGACATGGTTAAACCCGTCTGTACTAAACATACAAAATTAGCCAGGCATGGTGGCACATGCCTGTAGTCCCAGCTACTTGAAAGGCTGAGGCAGGAGCATCGCTTGAACCCGAGAGATGGAGGTTGCAGTGAGCAGAGATCGCGCCACTGCACTCCAGCCTGGGCAACAAGAGCGAAACTCCATCTCAAAACAAAACAAAAACAAAAACAAAA"
"chr1","35942921","35943222","chr1","35698482","35698785","3","244439","GGCTGGGCGCAGTGGCTCACGCCTGTAATCCCAGCACTTTGGGAGGCCAAGGCAGGTGGATCACCTGAGGTCAGGAGTTCGAGACCAGCCTGGCCAACGTGATGAAACCCTGTCTCTACAGAAATACAAAAAATTAGCTGGGTATGATGATGGGTGCCTGTAATCCCAGCTACTCGGGAGGCTGAGGCAGGAGAATCACTGGAACCCAGGAGACGGAGGTTGAAGTGAGTCGAGATTGCACCACTACACTCCAGCCTGGGAAATAAGTGTGAAACTCCCATCTCGGGAAAAAAAAAAAGAAA","GGCTGGGCGCAGTGGCTCACGCCTGTAATCCCAGCACTTTGGGAGGCCAAGGCAGGTGGATCACCTGAGGTCAGGAGTTCGAGACCAGCCTGGCCAACGTGATGAAACCCTGTCTCTACAGAAATACAAAAAATTAGCTGGGTATGATGATGGGTGCCTGTAATCCCAGCTACTCGGGAGGCTGAGGCAGGAGAATCACTGGAACCCAGGAGACGGAGGTTGAAGTGAGCCGAGATTGCACCACTACACTCCAGCCTGGGAAATAAGTGTGAAACTCCCATCTCGGGAAAAAAAAAAAAAGAAA"
"chr1","36037076","36037375","chr1","35792469","35792768","0","244607","GGCCGGGAGTGGTGGTTCACGCCTGTAATTCCAGAACTTTGGGAGGCCAAGGCGGGTGGATCACCTGAGGCCAGGAGTTCGAGACCAGCCTGGCCAACATGGTGAAACCCCGTCTCTACTTAAAATACCAAAAATTAGCTGGGCCTGTGGCAGGCGCCTGTGATCCCAGCTACTCGGGAGGCTGAGGCAGGAGAATTGCTTGAAGCCAGGAGGTGGAGGTTGCAGTGAGCTGAGATCGCGCCACTGCACTCCAGTCTGGGAAACAAGAGCGAAACTCCATCTCAAAAAACAAAAACAAAA","GGCCGGGAGTGGTGGTTCACGCCTGTAATTCCAGAACTTTGGGAGGCCAAGGCGGGTGGATCACCTGAGGCCAGGAGTTCGAGACCAGCCTGGCCAACATGGTGAAACCCCGTCTCTACTTAAAATACCAAAAATTAGCTGGGCCTGTGGCAGGCGCCTGTGATCCCAGCTACTCGGGAGGCTGAGGCAGGAGAATTGCTTGAAGCCAGGAGGTGGAGGTTGCAGTGAGCTGAGATCGCGCCACTGCACTCCAGTCTGGGAAACAAGAGCGAAACTCCATCTCAAAAAACAAAAACAAAA"
"chr1","36049877","36050174","chr1","35806277","35806574","2","243600","GGACGGGCATGGTGGCTCATGCCTGTAATCCCAGCACTTTGGGAGGCCGAGGCAGGCGGATCACCTGAGGTAAGGAGTTCAAGACCAGCCTGGCCAACATGGTGAAACCCTGTCTCTACTAAAAATACAAAAAACTAGCCAGGCATGGTGGTGGGCACCTGTAATCCCAGCTACTCAGGAGGCTAAGGCAAGAGAATTGCTTGAACCCAGAGGCGGAGGTTGCAGTGAGCTGAAATCGTGCCACTGCACTCCAGCCTGGGCAACAAAAGCGAAACTCCGTCTCAAATAAAAAAATAAA","GGACGGGCATGGTGGCTCATGCCTGTAATCCCAGCACTTTGGGAGGCCGAGGCAGGCGGATCACCTGAGGTCAGGAGTTCAAGACCAGCCTGGCCAACATGGTGAAACCCTGTCTCTACTAAAAATACAAAAAACTAGCCAGGCATGGTGGTGGGCACCTGTAATCCCAGCTACTCAGGAGGCTAAGGCAAGAGAATTGCTTGAACCCAGAGGCGGAGGTTGCAGTGAGCTGAAATCGTGCCACTGCACTCCAGTCTGGGCAACAAAAGCGAAACTCCGTCTCAAATAAAAAAATAAA"
"chr1","36091969","36092234","chr1","35845571","35845866","33","246398","CATCACTTTGGGAGGCCAAGGTAGGTGGATCACGTGAGGTTGAGGAGTTCGAGACCAGCCTGACCAACATGGTGAAACCCGGTCTCTACTAAATACAAAAAATTAGCCGGGCGAGGGGGCAGGCGTCTGTAATCCCAGCCACTCAAGAGGCTGAGGCAGGAGAATCGCTTGAACCTGGGAGGCGGAGGTTACAGTGAGCTGAGATCGTGCCACTGCACTCCAGTCTGGGCAACAAGGGCAAAACTCTGTCTCAAAAAAAAAAAAAA","GGCCGGGTGTGGTGGCTCATGCCTGTAATCCCATCACTTTGGGAGGCCAAGGTAGGTGGATCACGTGAGGTGAGGAGTTCGAGACCAGCCTGACCAACATGGTGAAACCCGGTCTCTACTAAATACAAAAAATTAGCCGGGCAAGGGGGCAGGCGTCTGTAATCCCAGCCACTCAAGAGGCTGAGGCAGGAGAATCGCTTGAACCTGGGAGGCGGAGGTTACAGTGAGCTGAGATCGTGCCACTGCACTCCAGTCTGGGCAACAAGGGCAAAACTCTGTCTCAAAAAAAAAAAAAA"
"chr1","36130904","36131205","chr1","35884183","35884491","8","246721","GGCCAGGTGTGGTGGCTCAGGCCTGTTATCCCAGCACTTTCAGAGGCCAAGGCAGGTGGATCACCTGAGGTCAGGAGTTTGAGACCAGCCTGGCCAACATGATGAAACCCTGTCTCTACTAAAAATACAAAATTAGCCAGGCGTGGTGGCAGGTGCCTGTAATCCCAGCTACTCGGGAGGCTGAGGCGGGAGAATCACTTGAACCTGGGTGGTGGAGGTTGCAGTAAGCCAAGATCATGCCACTGCACTCCAGCCTGGGCAACAAGAGACAGACTTCATCTACAAAAAAAAAAAAAAAAAAA","GGCCAGGTGTGGTGGCTCAGGCCTGTTATCCCAGCACTTTCAGAGGCCAAGGCAGGTGGATCACCTGAGGTCAGGAGTTTGAGACCAGCCTGGCCAACATGATGAAACCCTGTCTCTACTAAAAATACAAAATTAGCCAGGCGTGGTGGCAGGTGCCTGTAATCCCAGCTACTCGGGAGGCTGAGGCGGGAGAATCACTTGAACCTGGGTGGTGGAGGTTGCAGTAAGCCAAGATCATGCCACTGCACTCCAGCCTGGGCAACAAGAGACAGACTTCATCTCAAAAAAAAACAAAAAAAAAACAAAAAA"
"chr1","36144180","36144465","chr1","35895270","35895569","16","248910","GGCCAGGCTTGGTGGCTCACACCTGTAATCCCAGCACTATTGGGAGGCTGAGGTGGGTGGATCACCTGAGGTCAGGCATTCGAGACCAGCCTGGCCAACATGGTGAAACCCCGTCTCCACTAAAAATACAAAAATTAGCTGCGCTTGGTGGCATGCACCTGTAATCTCAGCTACTCAGGAGGCTGAGGCAGAAGTATCGCTTGAACCCGGGAGGCAGAGGTTGCAGTGAGCCGAGATTGCACCACTGCACTCCAGCCTGGGCAACAAGAGTGAAATTCCATCTCAA","GGCCAGGCTTGGTGGCTCACACCTGTAATCCCAGCACTATTGGGAGGCTGAGGTGGGTGGATCACCTGAGGTCAGGCATTCGAGACCAGCCTGGCCAACATGGTGAAACCCTGTCTCCACTAAAAATACAAAAATTAGCTGCGCTTGGTGGCATGCACCTGTAATCTCAGCTACTCAGGAGGCTGAGGCAGAAGTATCGCTTGAACCCGGGAGGCAGAGTTTGCAGTGAGCCGAGATTGCACCACTGCACTCCAGCCTGGGCAACAAGAGTGAAATTCCATCTCAAAAAAAAAAAAAAAA"
"chr1","36160992","36161296","chr1","35914610","35914916","2","246382","GGCAGGGCATGGTGGCTCACACCTGTAATCCTAGCACTTTGGGAGGCTGAGATGGGTGGATCACCTGAGGTCAGGAGTTCAAGACCAGCCTGGCCAACATGGTGCCTGTCTCTACTAAAAATACAAAAATTAGCCAGACGTGGGGACGGGTGCCTGTAATCCCAGCTACTCAGTAGGCTGAGGCAGGAGAGTCGCTTGAACCTGGGAGGCAGAGGTTGCAGTGGGCAGAGATCGTGCCACTGCATTCCAGTCCGGGCAACAAGAGGGAAACTCCATCTCAAAAAACCAATAAAACAAAAATAAAA","GGCAGGGCATGGTGGCTCACACCTGTAATCCTAGCACTTTGGGAGGCTGAGATGGGTGGATCACCTGAGGTCAGGAGTTCAAGACCAGCCTGGCCAACATGGTGCCTGTCTCTACTAAAAATACAAAAATTAGCCAGACGTGGGGACGGGTGCCTGTAATCCCAGCTACTCAGTAGGCTGAGGCAGGAGAGTCGCTTGAACCTGGGAGGCAGAGGTTGCAGTGGGCAGAGATCGTGCCACTGCATTCCAGTCCGGGCAACAAGAGGGAAACTCCATCTCAAAAAACCAAATAAAACAAAAAATAAAA"
"chr1","36310224","36310507","chr1","36067950","36068234","1","242274","GGCCGGGCGCAGTGGCTCTCGCCTGTAATCCCAACACTTTGGGAGGCGGAGGCAGGTGGATCACCCGAGGTCAGGAGTTGGAGGCCAGCCTGACAAACATGGCGAAACCCTGTCTCTAGTAAAAATACAAAATTAGCCGGGCGTGGTGGCAGACACCTGTAGTCCCAGCTACTCGGGAGACTGAGGCAGGAGAATCGCTTGAACCCGGGAGGCGGAGGTTGCAGTGAGCCGAGATCGCACCACTACACTCCAGTCTGGGCAACAAGAGTGAAACTAAAAAAAAA","GGCCGGGCGCAGTGGCTCTCGCCTGTAATCCCAACACTTTGGGAGGCGGAGGCAGGTGGATCACCCGAGGTCAGGAGTTGGAGGCCAGCCTGACAAACATGGCGAAACCCTGTCTCTAGTAAAAATACAAAATTAGCCGGGCGTGGTGGCAGACACCTGTAGTCCCAGCTACTCGGGAGACTGAGGCAGGAGAATCGCTTGAACCCGGGAGGCGGAGGTTGCAGTGAGCCGAGATCGCACCACTACACTCCAGTCTGGGCAACAAGAGTGAAACTAAAAAAAAAA"
"chr1","36510478","36510787","chr1","36274143","36274452","1","236335","GACTGGGTGCGGTGGCTCATGCCTGTAATCCCAGCACTTTGGGAGGCCGAGGTAGGTGGATCACTTGAGGTCAGGAGTTCGAGACCAGCCTGGCCAACATGGCGAAACCCCGTCTCTACTAAAGATACAAAAATTAGCTGGGCACGATGGAGGGTGCCTGTAATCCCAGCTACTCGGGAGGCTAAGGTGGGAGAATTGCTTGGACCCAGGTGGCAGAGGTTGCAGTGAGCCAAGATTGTGCCACTGCACTCCAGCCTGGGCAACAAGGCGAAGCTCTGTCTCAATTAAAAAAATAATAATAATAATAAAA","GACTGGGTGCGGTGGCTCATGCCTGTAATCCCAGCACTTTGGGAGGCCGAGGTAGGTGGATCACTTGAGGTCAGGAGTTCGAGACCAGCCTGGCCAACATGGCGAAACCCCGTCTCTACTAAAGATACAAAAATTAGCTGGGCACGATGGAGGGTGCCTGTAATCCCAGCTACTCGGGAGGCTAAGGTGGGAGAATTGCTTGGACCCAGGTGGCAGAGGTTGCAGTGAGCCAAGATTGTGCCACTGCACTCCAGCCTGGGCAACAAGGCGAAGCTCTGTCTCAATAAAAAAAATAATAATAATAATAAAA"
"chr1","36906112","36906418","chr1","36687940","36688247","4","218172","GCCGGGCACGTTGGCTCACGCCTGTATTCCCAGCACTTTGGGAGGCCGAGGCAGGCGGATCACCTGAGGTCAGGAGTTCATGATCAGCCTGGCCAACAAGGCGAAACCCCGCCTCTACTAAAAATACAAAAAAATTAGCCAGGCATAGTGGCGGGTGCCTGTAATCCCAGCTACTCGGGGGGCTGAGGCAGGAGAACTGCTCGAACCCAGGACGCGGAGGTTGCAATGAGCTGAGATCACGCCACTGCACTCCAGCCTGGGCAACAAAAGCGAAACTTGGTCTCAAAAAAAAGAAGAAAAAAAAAAA","GCCGGGCACGTTGGCTCACGCCTGTATTCCCAGCACTTTGGGAGGCCGAGGCAGGCGGATCACCTGAGGTCAGGAGTTCATGATCAGCCTGGCCAACAAGGCAAAACCCCGCATCTACTAAAAATACAAAAAAATTAGCCAGGCATAGTGGCGGGTGCCTGTAATCCCAGCTACTCGGGGGGCTGAGGCAGGAGAACTGCTCGAACCCAGGAAGCGGAGGTTGCAATGAGCTGAGATCACGCCACTGCACTCCAGCCTGGGCAACAAAAGCGAAACTTGGTCTCAAAAAAAAGAAGAAAAAAAAAAAA"
"chr1","36918448","36918760","chr1","36700872","36701183","5","217576","GGCCCGGTGCGGTGGCTCATGCCTATAATCCCAACACTTTGGGAGGCCGAGCAGGCGGATTGCCTAAGGTCAGGAGTTCGAGACCAGCCTGGCCACCATGGTGAAACCCTTTCTCTACTAAATATACAAAAATTAGCCAGGTATGGTGGCAGGCGCCTGTAATCCCAGCTACTTGGGAGGCTAAGACAGGAGAATCGCATGAACCTGGGAGGAGGAGGTTGCAGTGAGCCAACATCGCGCCACTGCACTCCAGCCTGGGCAAGAAGAATGAAACTCTGTCTACAAAAAAAAAAAAGAAAAGAAAAGAAAAAAA","GGCCCGGTGCGGTGGCTCATGCCTATAATCCCAACACTTTGGGAGGCCGAGCAGGCGGATTGCCTAAGGTCAGGAGTTCGAGACCAGCCTGGCCACCATGGTGAAACCCTTTCTCTACTAAATATACAAAAATTAGCCAGGTATGGTGGCAGGCGCCTGTAATCCCAGCTACTTGGGAGGCTAAGACAGGAGAATCGCATGAACCTGGGAGGAAGAGGTTGCAGTGAGCCAACATCGCGCCACTGCACTCCAGCCTGGGCAAGAAGAATGAAACTCTGTCTCAAAAAAAAAAAAAGAAAAGAAAAAGAAAAA"
"chr1","37276423","37276716","chr1","36870836","36871129","2","405587","GGCTGGGCATAGTGGCTCATGCCTATAATCCCAGCACTTTGGGAGGCCGAGGCGGGTGGAACACCTGAGGTCAGGAGTTCCAGATCAGCCTGGCCAACATGGTGAAACTCTGTCTCTACTAAAAATACAAAAATTAGCCAGGAATGGTGGCAAGTGCCTGTAATCCCAGCTACTTGGGAGGCTGAGGTAGGAGAATTTCTCGAATCCGGGAGGCAGAGGTTGCAGTGAGCTGAGATTGCACCACTGCACTCCAGCTTACGCAACAAGAGCGAAACTCCATCTTAAAAAAAAAAA","GGCTGGGCATAGTGGCTCATGCCTATAATCCCAGCACTTTGGGAGGCCGAGGCGGGTGGAACACCTGAGGTCAGGAGTTCCAGATCAGCCTGGCCAACATGGTGAAACTCTGTCTCTACTAAAAATACAAAAATTAGCCAGGAATGGTGGCAAGTGCCTGTAATCCCAGCTACTTGGGAGGCTGAGGTAGGAGAATTTCTCGAATCCAGGAGGCAGAGGTTGCAGTGAGCTGAGATTGCACCACTGCACTCCAGCTTACGCAACAAGAGCAAAACTCCATCTTAAAAAAAAAAA"
"chr1","38123259","38123560","chr1","37730679","37730982","2","392580","GGCCGAGCACAGTGGCTCATGTCTGTAATCCCAGCACTCTGGAAAGCCGACACAAGTGGATCATCTGAGGTCAGGAGTCGGAGACCAGCCTGGCCAACATGGTAAAACCCCACCTCTACTAAAAATACAAAAAATTAGCCGGGCATGGTGGTGAGCGCCTGTAATCCCAGCTACTTGGGAGGCTGAGACAGAAGAATCACTTGAACCCAGGAGGTGGAGGTTGCAGTGAGCCAAGATGGCGCCACTGCACTCCAGCCTGGGCAACAAGAGCAAGACTCCGTCTCAAAAAAAAAAAAAAAAAA","GGCCGAGCACAGTGGCTCATGTCTGTAATCCCAGCACTCTGGAAAGCCGACACAAGTGGATCATCTGAGGTCAGGAGTCGGAGACCAGCCTGGCCAACATGGTAAAACCCCACCTCTACTAAAAATACAAAAAATTAGCCGGGCATGGTGGTGAGCGCCTGTAATCCCAGCTACTTGGGAGGCTGAGACAGAAGAATCACTTGAACCCAGGAGGTGGAGGTTGCAGTGAGCCAAGATGGCGCCACTGCACTCCAGCCTGGGCAACAAGAGCAAGACTCCGTCTCAAAAAAAAAAAAAAAAAAAA"
"chr1","38152460","38152764","chr1","37760019","37760323","1","392441","TGGCTCACACCTGTAATCTCAGCACTTTGGGAGGCTGAAGTGGGTGGATCACCTGAGGTTAGGAGTTTGAGACCAGCCTGGCCAATTTGGTGAAACCCTGTGTCTACTAAAAATACAAAAATTAGCTGGTCATGGTGGCGGGTGCCTGTAATCTCAGCTACTTGGGAGGCTGAGGCAGGAGAATCGCTTGAACCTGGGAGGCGTAGGTTGCAATGAGCTGAGATCATGCCACTGCACTCCAGCCTGGGCAAGAAGAGCGAAACTCCGTCTCAAACAAACAAACAAACAAACAAACAAAAAACAAA","TGGCTCACACCTGTAATCTCAGCACTTTGGGAGGCTGAAGTGGGTGGATCACCTGAGGTTAGGAGTTTGAGACCAGCCTGGCCAATTTGGTGAAACCCTGTGTCTACTAAAAATACAAAAATTAGCTGGTCATGGTGGCGGGTGCCTGTAATCTCAGCTACTTGGGAGGCTGAGGCAGGAGAATCGCTTGAACCTGGGAGGCGTAGGTTGCAGTGAGCTGAGATCATGCCACTGCACTCCAGCCTGGGCAAGAAGAGCGAAACTCCGTCTCAAACAAACAAACAAACAAACAAACAAAAAACAAA"
"chr1","38332432","38332712","chr1","37943189","37943467","5","389243","GGCCGGGCACGGTGGCTCATACCTGTAATCCCAGCACTTTGGGAGGTGGAGGTGGGTGGATCACCTGAGGTCAGGAGACTAGCCTGGCCAACATGGCGAAACCCTGTCTCCACTAAAAGTACAAAACTTAGCCAGGCGTGGTGGCGTGCGCCTGTAATCTCAGCTACTTGGGAGGCTGAGGCAGGAGAATTGCTTGAACCTGAGGTGGAGGTTGCAGTGAGCCGAGATCTCACCACTGCACTCTAGCCTGGGCAATAAAAGTGAAACTCTGTCTCAAAAAA","GGCCGGGCACGGTGGCTCATACCTGTAATCCCAGCACTTTGGGAGGTGGAGGTGGGTGGATCACCTGAGGTCAGGAGACCAGCCTGGCCAACATGGCGAAACCCTGTCTCCACTAAAAGTACAAAACTTAGCCAGGCGTGGTGGCGTGCGCCTGTAATCTCAGCTACTTGGGAGGCTGAGGCAGGAGAATTGCTTGAACCTGAGGTGCAGGTTGCAGTGAGCCGAGATCTCACCACTGCACTCTAGCCTGGGCAATAAAAGCGAAACTCTGTCTCAAAA"
"chr1","38476756","38477057","chr1","38091454","38091756","1","385302","GGCTGGACATGGTGGCTCACGCCTGTAATCCCAACACTTTGGGAGGCCAAGGCTGGTGGATCACCTGAGGTCAGGAGTTCGAGACTAGCCTGGCCAACACAATGAAACCCTGTCTCTATTAAAAATACAAAAAATTAGCCGGGCGTGGTGGCAGACGCCTGTAATCCCAGCTACTCTGGAGACTGAGACAGGGGAATTGCTTGAACCCGGGAGGTGGAGGTTGCAATGAGCCAAGATGGTGCCACTGCACTCCAGCCTGGGCAACAAGAGCAAAACTCCATCTCAAAAAATAAAAATAAAAA","GGCTGGACATGGTGGCTCACGCCTGTAATCCCAACACTTTGGGAGGCCAAGGCTGGTGGATCACCTGAGGTCAGGAGTTCGAGACTAGCCTGGCCAACACAATGAAACCCTGTCTCTATTAAAAATACAAAAAATTAGCCGGGCGTGGTGGCAGACGCCTGTAATCCCAGCTACTCTGGAGACTGAGACAGGGGAATTGCTTGAACCCGGGAGGTGGAGGTTGCAATGAGCCAAGATGGTGCCACTGCACTCCAGCCTGGGCAACAAGAGCAAAACTCCATCTCAAAAAATAAAAAATAAAAA"
"chr1","38478424","38478717","chr1","38093274","38093548","21","385150","GGCCGGGCATGGTGGTTCATGCCTGTAATCCCAGCACTTTGGAAGGCCAAGGCAGGTGGATCACCTGAGGTCAAGAGTTCGAGACCAGCCTGGCTAACATGGTGAAACCTCATTTCTACTAAAAATTCAAAAAATTAGCTGGGCATGGTGGCGCGTGCCTGTAATCCCAGCTACTCAGGAGGCTGAGGCAGGAGAATTGCTAGAACCCAGGAGGCAGAGGTTGCAGTGAGCCAAGATCACACCACTGCACTCCAGCTCAGGCAACAAGAGTGAAACTCCATCTCAAAAAAAAAA","GCCTGTAATCCCAGCACTTTGGAAGGCCAAGGCAGGTGGATCACCTGAGGTCAAGAGTTCGAGACCAGCCTGGCTAACATGGTGAAACCTCATTTCTACTAAAAATTCAAAAAATTAGCTGGGCATGGTGGCGCGTGCCTGTAATCCCAGCTACTCAGGAGGCTGAGGCAGGAGAATTGCTAGAACCCAGGAGGCAGAGGTTGCAGTGAGCCAAGATCACACCACTGCACTCCAGCTCAGGCAACAAGAGTGAAACTCCATCTCAAAAAAAAAAA"
"chr1","38800519","38800789","chr1","38415111","38415381","1","385408","CGTGGTGGCTCACGCCTATAATCCCAGCCAAGGTGGGTAGATCATTTGAGATCAGGAGTATGAGACCAGCCTGGCCAACATGGTGAAACCCTGTCTCTACTAAAAATACAAAAATTAGCCAGGCATGGTAGTGTGTGCCTGTAATCCCAGCTACCTGGGAGGCTGAGGCAAGAGAATCGCTTGACCCCGGGAGGTGGATGTTGCAGTGAGTCTAGATCGCACCACTGCATTCCAGACTGGACAAAAAGAGTGAAATTCTATCTCAAAAAAA","CGTGGTGGCTCACGCCTATAATCCCAGCCAAGGTGGGTAGATCATTTGAGATCAGGAGTATGAGACCAGCCTGGCCAACATGGTGAAACCCTGTCTCTACTAAAAATACAAAAATTAGCCAGGCATGGTAGTGTGTGCCTGTAATCCCAGCTACCTGGGAGGCTGAGGCAAGAGAATCGCTTGACCCCAGGAGGTGGATGTTGCAGTGAGTCTAGATCGCACCACTGCATTCCAGACTGGACAAAAAGAGTGAAATTCTATCTCAAAAAAA"
"chr1","39325660","39325962","chr1","38941736","38942039","1","383924","GGCCAGGCGCAGTGGCTCGTGCCTGTAATCCCAGCACTTTGGGAGGCTGAGGCGGGTGGATCACCTGAGGTCGAGAGTTCAAGACCAGCCTGGCTAACATGGTGAAACCCGGTTGCTAAAAATACAAAAAAATTAGCTGGGTGTGGTGGTGCATGCCTGTAATCCCAGCTACTCGGGAGGTTGAGGCAGGAGAATCGCTTGAACCCAAGAGACGGAGGTTGCAGTGAGCCGAGATCATGCCACTGTACTCCAGCTTGGGCAACAAGAGCAAAACTCTGTCTCAAGAAAAAAAAAAAAAGAAAA","GGCCAGGCGCAGTGGCTCGTGCCTGTAATCCCAGCACTTTGGGAGGCTGAGGCGGGTGGATCACCTGAGGTCGAGAGTTCAAGACCAGCCTGGCTAACATGGTGAAACCCGGTTGCTAAAAATACAAAAAAATTAGCTGGGTGTGGTGGTGCATGCCTGTAATCCCAGCTACTCGGGAGGTTGAGGCAGGAGAATCGCTTGAACCCAAGAGACGGAGGTTGCAGTGAGCCGAGATCATGCCACTGTACTCCAGCTTGGGCAACAAGAGCAAAACTCTGTCTCAAGAAAAAAAAAAAAAGAAAAA"
"chr1","39363627","39363927","chr1","38980107","38980407","2","383520","GGCTGTGCATGGTGGCTCACACCTGTAATCCCAGAACTGTAGGAGGCCAAGGCAGGTGGATCACCTGAGGTCATGAGTTCAAGACCAGCCTGGCCAACATGGTGAAACCCTATCTCTACTAAAAATATAAAAAACTAGCTGGGCGTGGTGGCGGCCGCCTGTAATCCCAGCTACCTGGGAGGCTGAGGCAGGAGAATCTCTTGGACTCAGGAGGCAGACGTTGCAGTGAGCCGAGATTGCGCCACTGGACTCCAGCCTGGGCAACAAGAGTGAAACTCCGTCTAAAAACAAGAAAAAAAAA","GGCTGTGCATGGTGGCTCACACCTGTAATCCCAGAACTGTAGGAGGCCAAGGCAGGTGGATCACCTGAGGTCATGAGTTCAAGACCAGCCTGGCCAACATGGTGAAACCCTATCTCTACTAAAAATATAAAAAACTAGCTGGGTGTGGTGGCGGCCGCCTGTAATCCCAGCTACCTGGGAGGCTGAGGCAGGAGAATCTCTTGGACTCAGGAGGCAGACGTTGCAGTGAGCCAAGATTGCGCCACTGGACTCCAGCCTGGGCAACAAGAGTGAAACTCCGTCTAAAAACAAGAAAAAAAAA"
"chr1","39386220","39386526","chr1","39002717","39003024","9","383503","GGCCGGGCACGGTGGTTCACACCTGTAATCCCAGCACTTTGGGAGGCCGAGGCGGGCGGATCACCCGAGGTCAGGAGTTCGACACCAGCCTTGCCAATCTGGTGAAACTCCGTTTCTACTAAAAATACAAAAATTAGCTGGGCATGGTGGCGGGCGCCTGTGCTCCCAGCTACTCCGGAGGCTGAGGCAGAAGAATCGCTTGAACCTGTGAGGCGGAGGTTGCAGTGAGCTGAGATCCCACCGCTGAACTCCAGCCTGGGCAACAAGAGTGAAACTTGGTATCGAAACAATAAAAATAAAAAAAAAA","GGCCGGGCACGGTGGTTCACACCTGTAATCCCAGCACTTTGGGAGGCCGAGGCGGGCGGATCACCCGAGGTCAGGAGTTCGACACCAGCCTTGCCAATCTGGTGAAACTCCGTTTTTACTAAAAATACAAAAATTAGCTGGGCATGGTGGCGGGCGCCTGTGCTCCCAGCTACTCCAGAGGTTGAGGCAGAAGAATCGCTTGAACCTGTGAGGTGGAGGGTGCAGTGAGCTGAGATCCCACCAGTGAACTCCAGCCTGGGCAACAAGAGTGAAACTTGGTATGGAAACAATAAAAATAAAAAAAAAAA"
"chr1","39514855","39515154","chr1","39133975","39134280","7","380880","GGCCGGGCACGGTGGCTCACGCCTGTAATCCCAGCACTTTGGGAGGCCATGGCAGGTGGATCAGCTGAGCTCAGGAGTTCCAGACCAGCCTGGGCAATATGGTGAAACCCCATCTCCACTAAAAATACAAAAATTAGCCGGGCATGGTGGCAGACACCTGTAATCCCAGCTATTGGAGCTGAGGCAGGAGAATAGCTTGAACCCTGGAGGTGGAGGTTGCAGTGAGCTGAGATGGCGCCACTGCACTCCAGCCTGGCAACAAGAGTGAGACTCTGTCTCAAAAAATTGAAAAAAGTAAAA","GGCCGGGCACGGTGGCTCACGCCTGTAATCCCAGCACTTTGGGAGGCCATGGCAGGTGGATCAGCTGAGCTCAGGAGTTCCAGACCAGCCTGGGCAATATGGTGAAACCCCATCTCCACTAAAAATACAAAAATTAGCCGGGCATGGTGGCAGACACCTGTAATCCCAGCTATTTGGGAGGCTGAGGCAGGAGAATAGCTTGAACCCTGGAGGTGGAGGTTGCAGTGAGCTGAGATGGCGCCACTGCACTCCAGCCTGGGCAACAAGAGTGAGACTCTGTCTCAAAAAAATTGAAAAAAAATAAAA"
"chr1","39638660","39638958","chr1","39266182","39266486","7","372478","GGCCGGGCGGGGTGGCTCGTGCCTGTAATCCCAGTACTTTGGGAGGCCAAGGTGGGTGGATCACTTGAAGTCAGGAGTTCCAGACCAGCTTGGCTAATATGGAGAAGCCCCATCTCTGCTAAAAATACAAAAAATTAGCTGGGTGTGGTGGCGGGTGCCTGTAATCCCAGCTATTTGGGAGGCTGAGGCAGGGAGAATCGCTTAAACCTGGGATGCGGAGGTTGCAGTAAGCCGAGACCGTACCACTGCCTCCAGCCTGGAGTTTTTTCTTGAAACTCCATCTCAAGAAAAAAAAAAAA","GGCCGGGCGGGGTGGCTCGTGCCTGTAATCCCAGTACTTTGGGAGGCCAAGGTGGGTGGATCACTTGAAGTCAGGAGTTCCAGACCAGCTTGGCTAATATGGAGAAGCCCCATCTCTGCTAAAAATACAAAAAATTAGCTGGGTGTGGTGGCGGGTGCCTGTAATCCCAGCTATTTGGGAGGCTGAGGCAGGGAGAATCGCTTAAACCTGGGAGGCGGAGGTTGCAGTAAGCCGAGACCGTACCACTGCCTCCAGCCTGGAGTTTTTTCTTGAAACTCCATCTCAAGAAAAAAAAAAAAAAAAAA"
"chr1","39656876","39657156","chr1","39283963","39284243","0","372913","ACTTTGGGAGGCTGAGGCGGTGGATTACCTGAGGTGAGGAGTTCAAGACCAGCCTGACCAACATGGTGAAACCCCCTCTCTACTAAAAATACAAAAAATTAGCTGGGTGTGGTGAGGGGGTGCCTGTAATCCCAGCTACTCAGGAGGCTGAGGCAGGAGAATCGCTTGAACCCGAGAGGCAGAGGTTGTAGTGAGCTGAGATCGCACCACTGCACTCCATCCAGCCTGAGCAACAAGAGTGAAACTCTGTGTCAAAAAAACAAACAAATGAACAAACAAAA","ACTTTGGGAGGCTGAGGCGGTGGATTACCTGAGGTGAGGAGTTCAAGACCAGCCTGACCAACATGGTGAAACCCCCTCTCTACTAAAAATACAAAAAATTAGCTGGGTGTGGTGAGGGGGTGCCTGTAATCCCAGCTACTCAGGAGGCTGAGGCAGGAGAATCGCTTGAACCCGAGAGGCAGAGGTTGTAGTGAGCTGAGATCGCACCACTGCACTCCATCCAGCCTGAGCAACAAGAGTGAAACTCTGTGTCAAAAAAACAAACAAATGAACAAACAAAA"
"chr1","39661320","39661617","chr1","39289168","39289466","1","372152","GGCCAGGTGTAGTGGCTAACGCTTATAATCCCAGCACTTTGGGAGGCCGAGGAGGGTGGATCACTTGAGGTTAGGAGTTGTAGGCCAGCCTGGGCAACATGATGAAACCATGTGTCTACTAAAAATGCAAAAATTAGCCATGTGTGGTGGCAGGTGCCTGTAATCCCAGCTACTCAGGAGGCTGAGACAGTAGAATCACTTGAACCTGGGAGGCAGAGGTTGCAGCAACCCGAGATGGTGCCACTGCGCTCCAGCCTGGACAACAAGAGCGAAACTCCATCTCAAGAGAAAAAAAAAA","GGCCAGGTGTAGTGGCTAACGCTTATAATCCCAGCACTTTGGGAGGCCGAGGAGGGTGGATCACTTGAGGTTAGGAGTTGTAGGCCAGCCTGGGCAACATGATGAAACCATGTGTCTACTAAAAATGCAAAAATTAGCCATGTGTGGTGGCAGGTGCCTGTAATCCCAGCTACTCAGGAGGCTGAGACAGTAGAATCACTTGAACCTGGGAGGCAGAGGTTGCAGCAACCCGAGATGGTGCCACTGCGCTCCAGCCTGGACAACAAGAGCGAAACTCCATCTCAAGAAGAAAAAAAAAA"
"chr1","39781928","39782203","chr1","39429800","39430075","2","352128","GGCCAGGCACAGCTCATGCCTGTAATCCCAGCACTCTGGGAGGCCAAGGCGGATGGATCACCTGAGGTCAGGAGTTTGAGACTAGCCTGGGCAACATGGTGAAACCCCGTCTCTACTAAAAATACAAAAAATCAGCCAGGTATGGTGGCGGGCAAATCCCAGCTACTCAGGAGGCTGAGGCAGGAGAATCGCTTGAACCCAGGAGGCGGAGGTTGCAGTGAGCCAAGATCGCACCACTGCACTCCAGCCTGGGCAATAAGAGCGAAATTCCGTCTC","GGCCAGGCACAGCTCATGCCTGTAATCCCAGCACTCTGGGAGGCCAAGGCGGATGGATCACCTGAGGTCAGGAGTTTGAGAGTAGCCTGGGCAACATGGTGAAACCCCGTCTCTACTAAAAATACAAAAAATCAGCCAGGTGTGGTGGCGGGCAAATCCCAGCTACTCAGGAGGCTGAGGCAGGAGAATCGCTTGAACCCAGGAGGCGGAGGTTGCAGTGAGCCAAGATCGCACCACTGCACTCCAGCCTGGGCAATAAGAGCGAAATTCCGTCTC"
"chr1","39975599","39975915","chr22","49362539","49362844","41","9386940","GGCCAGGTGTGGTGGCTCATGCCTCTAATCCCAGCACTGTGGGAGGCCGAGGCGGGCAGATCACTTGAGGTCAGGAGTTTGAGATCAGCCTGGCCAACATGGTGAAACCCCATCTCTACTAAAAATACAAAAAAACTACCCAGGCATCGTGGCAGGCACCTATAATCCCAGCTTCTTGGGAGGCTGAGGCAGGAGAATCACTTGAACCCAAGTGGAGGTTGAGGTTACAGTGAGCCAAGATCGTGCCACTGCACTTCAGCCTGGGCAACAGAGCGCAGAGTAAGACTCTGTCTCAAAAAAAAAAAGAAAGAAAGAAA","GGCCAGGTGTGGTGGCTCATGCCTGTAATCCCAACACTTTGGGAGGCCGAGGAGGGTGGATCACCTGAGGTCAGGAGTTCAAGACCAGCCTGGCCAACATGGTGAAACCCCATTTCTACTAAAAATACAAAAATTAGCCAGGCATGGTGGCACACGCCTGTAATCCCAGCTACTTGGGAGGCTGAGGCAGGAGAATCGCCTGAGCCCAGGAGGTGGAGGTTGCAGTGAGCCAAGATCATGCCACTGCACTCCAGCCTGGGCAACAAGAGCAAAACTCTGTCTCAAAAAAAAAAAAAAAAAAAAAAA"
"chr1","40235573","40235893","chr18","44899342","44899656","47","4663769","GACCGGGTGCAGTGGCTCACACCTGTAATCCCAGCACTTTGGGAGGCTGAGGTGGGTGGATCACTTGAGGTCAGGAGTTCGAGACTAGCCTGGCCAACATGGTAAAACCCTATATCTACTAAAAATACAAAAAATTAGCCGGGTGTGGTGGTGGGCACCTGTGATCCCAGCTACTCGGGAGGCTGAAGCAGGAGAATCTCTTGAAGGCGGAGGTTGCAGTGAGCCAAGATCACACCACTGCACTCCAGCCTGGGCAACAAGAGCGAAACTCCATCACACACACACACACACACAAAAAAAAAAAAAGAAAGAAAGAAAAAA","GGCCGGGTGCGGTGGTTCACGCCTGTAATCCCAGCACTTCGGGAGGCTGAGGCAGGCGGATCACTTGAGGTCAGGAGTTTTGAGACCAGCCTGGCCAACACGGTGAAACCCCATTTCTACTAAAAATACAAACATTAGCTGGGCGTGGTGGCGGGCACCTGTAACCCCAGCTACTCAGGAGGCTGAGGCAGGAGAATCACTTGAAAGCAGAGGTTGCAGTGAGCCAAGATTGCACCACTGCACTCCAGCCTGGGCAACAAGAGCGAAACTCCGTCTCAATAAATAAATAAATAAACAAATAAATAAATAAATAAA"
"chr1","40284103","40284242","chr1","39947932","39948088","19","336171","TCTCAGCTACTTGGGAGGCTGAGGCAGGACAATTGCTCGAACCTGAGAGGTGGTGGTTGCAGTGAGCCGAGATCACACCACTGCACTCCAGCCTGGGCAACAAGAGTGAAACTCCATCTCAGAAAAAAAAAAAAAAAGAA","GGTGGCGGGTACCTATAGTCCCAGCTACTTGGGAGGCTGAGGCAGGACAATTGCTCGAACCTGAGAGGTGGTGGTTGCAGTGAGCCGAGATCACACCACTGCACTCCAGCCTGGGCAACAAGAGTGAAACTCCATCTCAGAAAAAAAAAAAAAAAAA"
"chr1","40496708","40496939","chr11","15432110","15432329","39","25064598","CCTGGCCAACATGGCGAAACTCCGTCTCTACTAAAATACAAAACTTAGCTGGGTGTGGGACAGGTGCCTGTCCCTCACCCTAATCCCAGCTACTTGGGAGGCTGAGGCAGGAGAATCCTTGAACCCAGGAGGCAGAGGTTGCAGTGAGTCAAGATCGCGCCACTGCACTCCAGCCTGGGCAACAAGAGCGAAACCCTGTCTACCAAAAAAAAAAAAAAAAAGAAGAAAGAAA","GGCCAATATGATGAAACCCCGTCTCTACTAAAAATACAAAAATTAGCCGGGCGTGGTGGCATGCACCTGTAATCCCAGCTACTCGGAAGGCTGAGACAGGAGAATCGCTTGAACCCAGGAAGCAGAGGTTGCAGTGAGCTGAGATCGCACCACTGCACTCCAGTCTGGGCAACAAGAGCGAAACTCCGTCTCCAAAAAAAAAAAAAAAAAAAGAAAGAAA"
"chr1","40615412","40615726","chr1","40289786","40290098","4","325626","GACTGGGCACAGTGGCTTACGTCTGTAATCCCAACACCTGGGGAGGCCAAGGCGGGTGGATCGCCTGAGGTCACGAGTTTGAGACCAGCCTGGCCAATATGGCGAAACCCCTTCTCTACTAAAAATACAAAAATTAGCCGGATGTGGTGGCAGATGCCTGTAATCTCAGCTACTTGGGAGGCTGAGGCAGGAGAGTTGGTTGAACCTGGGAGATGGAGGTTGTGGTGAGCTGAGATGGCGCCACTGCACTCCAGCCTGGGCTACAAGAGTGAGACTCCACCTAACAAAAAAAAAAAAAAAGAAAGAAAGAAAGAA","GACTGGGCACAGTGGCTTACGTCTGTAATCCCAACACCTGGGGAGGCCAAGGCGGGTGGATCGCCTGAGGTCACGAGTTTGAGACCAGCCTGGCCAATATGGCGAAACCCCTTCTCTACTAAAAATACAAAAATTAGCCGGATGTGGTGGCAGATGCCTGTAATCTCAGCTACTTGGGAGGCTGAGGCAGGAGAGTTGGTTGAACCTGGGAGATGGAGGTTGTGGTGAGCTGAGATGGCGCCACTGCACTCCAGCCTGGGCTACAAGAGTGAGACTCCACCTCAAAAAAAAAAAAAAAAAAGAAAGAAAGAAA"
"chr1","40702687","40702995","chr1","40376924","40377235","3","325763","GCCGGGCATGGTGGCTCACACCTGTAATCTTAGCACTTTGGGAGGCTGAGGTGGGTGGAGTACCTGAGGTCAGGAGTTCGAGACCAGCCTAGACAACATGGTAAAACCCCATCTCTACTAAAAATACAAAAAATTAGCTAGGTGTGGTGGTGAGCACCTATAGTCCCAGCTACTCGGGAGGCTGAGGCAGGAGAATCACTTGAACCTGGGACGTGGAGGTTGCAGTGAGCTGAGATCGCGCCACTGCACTCCAGCCTGGGCAACAAGAGAGAAATTCTGTCTCAAAAAAAAAAAAAAAAAAGAAAGAAA","GCCGGGCATGGTGGCTCACACCTGTAATCTTAGCACTTTGGGAGGCTGAGGTGGGTGGAGTACCTGAGGTCAGGAGTTCGAGACCAGCCTAGACAACATGGTAAAACCCCATCTCTACTAAAAATACAAAAAATTAGCTAGGTGTGGTGGTGAGCACCTATAGTCCCAGCTACTCGGGAGGCTGAGGCAGGAGAATCACTTGAACCTGGGACGTGGAGGTTGCAGTGAGCTGAGATCGCGCCACTGCACTCCAGCCTGGGCAACAAGAGAGAAATTCTGTCTCAAAAAAAAAAAAAAAAAAAAGAAAAGAAA"
"chr1","40710069","40710331","chr1","40384287","40384550","2","325782","GCACTTTGGGAGGCTGAGGCAGGTGGATCACCTGAGGTTGGGAGTTCGAGACCAGCCTGGCCAACATGATGAAACCCCATCTCTACTAAAAATACAAAAAATTAGCCGGGCGTGGTGGTGGGTGCCTGTAATCCCAGCTACTCAGGAGGCTGAGACAGGAGAATCACTTGAACCCAGGAGGCAGAGGGTGCAGTGAGCCAAGATTGAGCTACTGCACTCCAGCCTGGGCAACAAGAGTGAAACTCTGTCTCAAAGAAAAAAAA","GCACTTTGGGAGGCTGAGGCAGGTGGATCACCTGAGGTTGGGAGTTCGAGACCAGCCTGGCCAACATGATGAAACCCCATCTCTACTAAAAATACAAAAAATTAGCCGGGCGTGGTGGTGGGTGCCTGTAATCCCAGCTACTCAGGAGGCTGAGACAGGAGAATCACTTGAACCCAGGAGGCAGAGGGTGCAGTGAGCCAAGACTGAGCTACTGCACTCCAGCCTGGGCAACAAGAGTGAAACTCTGTCTCAAAGAAAAAAAAA"
"chr1","40715619","40715705","chr9","130293791","130293868","30","89578172","GGCTGGGCGCAGTGACTCACGCCTGTAATCCCAGCACTTTGGGAGGCCGAGGCGGGCGGATCACNNNNNNNNNNNNNNNNNNNNCCA","GGCCAGGCACGGTGGCTCACGCCTGTAATCCCGGCACTTTGGGAGGCCGAGGCAGGCGGATCAAGAGGTCAGGAGCTC"
"chr1","40781599","40781887","chr1","40457459","40457757","11","324140","GGCCACGTGTGGTGGCTCACGCCTGTAATCCCAGCACTTTGGGAGGGTGAGGTGGGTGGATCACCTGAGGTCAGGAGTTCGAGACCAGCCTGGCCAACATGATGAAACCCCATCTCTACTAAAAATACAAATAGCCGGGTGTGGTGGCGAGCACCTGTAATCCCAGCTACTTGGGAGGCTGAGGCAGGAGAATCACTTGAACCCGGGAGGCGGAGGTTGCAGTGAGCCGAGATCACGTCACTGCACTCCAGCCTGGGCAACAAAAGCGAAACTTCATCTCAAAAAAAAA","GGCCACGTGCGGTGGCTCACGCCTGTAATCCCAGCACTTTGGGAGGGTGAGGTGGGTGGATCACCTGAGGTCAGGAGTTCGAGACCAGCCTGGCCAACATGATGAAACCCCATCTCTACTAAAAATACAAATAGCCGGGTGTGGTGGCGAGCACCTGTAATCCCAGCTACTTGGGAGGCTGAGGCAGGAGAATCACTTGAACCCGGGAGGCGGAGGTTGCAGTGAGCCGAGATCACGTCACTGCACTCCAGCCTGGGCAACAAAAGCGAAACTTCATCTCAAAAAAAAAAAAAAAAAAA"
"chr1","40864400","40864704","chr1","40542931","40543235","1","321469","GGCCGGGTGCAGTGGCTCATGCCTGTAATCCCAGCACTTCAGCAGCCCAAGGCGGGTGGATCACCTGAGGTCCGGAGTTCCAGACCAGCCGGGCCAACATGGTGAAACCCCATCTCTACTAAAAATACAAAAAGTTAGCCAGGCATGGTGGCGGGCGCCTATAATCCCACCTACTTGGGAGGCTGAGGCAGCAGAATCGCTTGAACCTGGGAGGCAGAGGTTGCGGTGAGCTGAGATTACGCCACTGCACTCCAGCCTGGGCAACAAGAGCGAAACTCTGTCTCAAAAAGTAATAAAAATAAAAA","GGCCGGGTGCAGTGGCTCATGCCTGTAATCCCAGCACTTCAGCAGCCCAAGGCGGGTGGAACACCTGAGGTCCGGAGTTCCAGACCAGCCGGGCCAACATGGTGAAACCCCATCTCTACTAAAAATACAAAAAGTTAGCCAGGCATGGTGGCGGGCGCCTATAATCCCACCTACTTGGGAGGCTGAGGCAGCAGAATCGCTTGAACCTGGGAGGCAGAGGTTGCGGTGAGCTGAGATTACGCCACTGCACTCCAGCCTGGGCAACAAGAGCGAAACTCTGTCTCAAAAAGTAATAAAAATAAAAA"
"chr1","41080213","41080512","chr1","40766795","40767097","3","313418","GGCCAGGCACAGTGGCTCACGCCTGTAATCCCAACACTTTGGGAGGCCTAGGGGAGTGCATCAACTGAGGTCAGGAGTTCGAGACCAGCCTGGCCAACATGGCGAAACCCTGTCTCTACTAAAAGTACAAAAAAATTAGCCAGGCCTGGTGGTGGGTGCCTGTAATCCCAGCTACTCAGGAGGCTGAGGCAGGAGAATTGCTTGAATCTGGGAGGCAGAAGTTTCAGTGAACCGAGATCGCACCACTGCACTCCAGCCTGGGCAACAAGAGCAAGACTCCATCTCAAAAAGAAAAAAAAA","GGCCAGGCACAGTGGCTCACGCCTGTAATCCCAACACTTTGGGAGGCCTAGGGGAGTGCATCAACTGAGGTCAGGAGTTCGAGACCAGCCTGGCCAACATGGCGAAACCCTGTCTCTACTAAAAGTACAAAAAAAATTAGCCAGGCCTGGTGGTGGGTGCCTGTAATCCCAGCTACTCAGGAGGCTGAGGCAGGAGAATTGCTTGAATCTGGGAGGCAGAAGTTTCAGTGAACCGAGATCGCACCACTGCACTCCAGCCTGGGCAACAAGAGCAAGACTCCATCTCAAAAAGAAAAAAAAAAA"
"chr1","41135054","41135337","chr3","121529613","121529896","38","80394559","GGCTGGGCACGGTGGCTCACACCTGTTATCTCAGCACTTTGGGAGGCCGAGGTGGGTGGATCACCTGAGGTCAGGAGTTCGAGACATGCCTGGCCAACATGGTGAAACCCTATCTTTACTAAAAATACAAAATTAGCTGGGCGTGGTGACACGTGCCTGTAATCCCAGCTGCTCAGGAGGCTGAGGCAGAAGAATCACTTGAACTGGGGAGGCAGAGGTTGCAGTGAGCTGGGACTGCACTCCAGCCTGGGCAACAGGAGCGAAACTCCATCTCAAAAAAAAAA","GCCAGGTGCAGTGGCTCATGCCTGTAATCCCAGCACTTTGGGAGGCCAAGGCAGGCAGATCAACTGAGGTCAAGAGTTCAAGACCAGCCTGGCTAACATGGTGAAACCCGATCTCTACTAAAAATACTAAAATTAGCCAGGCATGATGGCAGGTGCCTGTAATCCCAGCTACTCAGCAGGCTGAGGCAGGAGAATCACTTGAACTCAGGAGGCAGAGGTTGCAGTGAGCTGACACTGCACTCCAGCTTGGGCAACAAGAGCGAAACTCCATCTCAAAAAAAAAA"
"chr1","41184962","41185286","chr1","40872872","40873183","15","312090","CCAGGCATGGTGGCTTACACCTGTAATCCCAGCACTTTGGGAGGCTGAGGTGGGGGGGGGATCACCTGAGGTCAGGAGTTTGAGACCAGCCTGGCTAACATGGTGAAACCCCGTCTCTACTGAAAATACAAAAAATTAGCCAGGTGCGGTGGCGGGTGCCTGTAATCCTAGCTACTCAAGAGGCTGAGGCAGGAGAATTGCTTGAACACAGGAGGCAGAAGTTGCGGTGAGCTGAGATCTTGCCACTGCACTCCAGCCTGGGCAACCAAGAGGCGAAAAACTACCCAAGTACGTCTAAAAATAAAAAAAAAAGAAAAGAAAGAAA","CCAGGCATGGTGGCTTACACCTGTAATCCCAGCACTTTGGGAGGCTGAGGTGGGGGGGGATCACCTGAGGTCAGGAGTTTGAGACCAGCCTGGCTAACATGGTGAAACCCCGTCTCTACTGAAAATACAAAAAATTAGCCAGGTGCGGTGGCGGGTGCCTGTAATCCTAGCTACTCAAGAGGCTGAGGCAGGAGAATTGCTTGAACACAGGAGGCAGAAGTTGCGGTGAGCTGAGATCTTGCCACTGCACTCCAGCCTGGGCAACAAGAGCAAAACTCCATCTCAAAAAAAAAAAAAAGAAAAGAAAGAAAA"
"chr1","41338453","41338740","chr1","41032144","41032432","3","306309","GGCCAGATGCGGTGGCTCACGCCTGTAATCCCAGCACTTTGGGAGACTGAGGTGGGTGGATCACCTGAGGTCAGGAGTTCGAAACCAGCCTGGCCAACATGGTGAAACCCCGTCTCTACTAAAAATACAAAAATTGCTGGGCATGGTGGTGCGGGCCTGCAATCCCAGCTACTTGGGAAGCTGAGGCAGCAGAATCGCTTGAGTCCCAGGAGGCGGAGGTTGCAGTGAGCTGAGATGGCGCCACTGCACTCCAGCCTGAGCAACAGGAGCGAAACTCCATCTCAAAAA","GGCCAGATGCGGTGGCTCACGCCTGTAATCCCAGCACTTTGGGAGACTGAGGTGGGTGGATCACCTGAGGTCAGGAGTTCGAAACCAGCCTGGCCAACATGGTGAAACCCCGTCTCTACTAAAAATACAAAAATTAGCTGGGCATGGTGGTGCGGGCCTGCAATCCCAGCTACTTGGGAAGCTGAGGCAGCAGAATCGCTTGAGCCCAGGAGGCGGAGGTTGCAGTGAGCTGAGATGGCGCCACTGCACTCCAGCCTGAGCAACAGGAGCGAAACTCCATCTCAAAAAA"
"chr1","41349117","41349418","chr1","41042837","41043140","4","306280","GGCTGGGCGCGGTGGCTCACGCCTGTAATCCCAGCACTTTGGGAGGACGAGGCAGGTGGATCATCTGAGGTCAGGAGTTTGAGGCAGCCTGGCCAACATGGCGAAACCCCATCTTTACTAAAAATATAAAAATTAGCTAGGCGTGGTGGCAGATGCCTGTAATCCCAGCTACTCAGGAGGCTGAGGCAGGAGAATCACATGAACCTGGGAGGCAGAGGTTGCAGTGAGCTGAAATTGCACCACTGCACTCCAGTCTGGGCAACAGGAGCGAAACTCTGTCTCAAAAAAAAAAAAAAAAAAAA","GGCTGGGCGCGGTGGCTCACGCCTGTAATCCCAGCACTTTGGGAGGACGAGGCAGGTGGATCATCTGAGGTCAGGAGTTTGAGGCAGCCTGGCCAACATGGCGAAACCCCATCTTTACTAAAAATATAAAAAATTAGCTAGGCGTGGTGGCAGATGCCTGTAATCCCAGCTACTCAGGAGGCTGAGGCAGGAGAATCACATGAACCTGGGAGGCAGAGGTTGCAGTGAGCTGAAATTGCACCACTGCACTCCAGGCTGGGCAACAAGAGCGAAACTCTGTCTCAAAAAAAAAAAAAAAAAAAAA"
"chr1","41525341","41525645","chr1","41222619","41222923","2","302722","GGCCAGGCATGGTGGCTAACACCTGTAATCCCAACACTTTGGGAGGCCAAGGCGGGCGAATCACTTGAGGTCAGGAGTTTGAGACCAGCCTGGCTAACATGGTGAAACCCCGTCTCTACTAAAAATAAAAAAATCAGCTGGGCGTGGTGGCGGACACCTGTAATCCCAGCTACTTAGGAGGCTGAGGCAGAAGAATCACTTGAGGTGGAGGTTGCAGTGAGCTGAGATCGCACCACTGCGCTCCAGCCTTGGCAACAAGAGCAAAACTCTGTTTCAAAAATAATAACAATAATAAAAGAAAGAAA","GGCCAGGCATGGTGGCTAACACCTGTAATCCCAACACTTTGGGAGGCCAAGGCGGGCGAATCACTTGAGGTCAGGAGTTTGAGACCAGCCTGGCTAACATGGTGAAACCCCGTCTCTACTAAAAATAAAAAAATCAGCTGGGCGTGGTGGCGGACACCTGTAATCCCAGCTACTTAGGAGGCTGAGGCAGAAGAATCACTTGAGGTGGAGGTTGCAGTGAGCCGAGATCGCACCACTGCGCTCCAGCCTTGGCAACAAGAGCAAAACTCTGTTTCAAAAATAATAATAATAATAAAAGAAAGAAA"
"chr1","41576783","41577079","chr1","41275259","41275557","5","301524","GGCCGGGCATGGTGTCTCACACCTGTAATCCCTGCACTTTGGGAGGCTGAGGCGGGAAGATCACCTGAGGTCAGGAGTTTGAGACCAGCCTGGCCAACATGATGAAACCCTGCCTCTACTAAAAATAGAAAAAATTAGTGGGGCATGGCAGGCACCTGTAATCCCACCTACTCGGGAGGCTGAGGCAGAAGAATCACTTGAACCTGGGAGGCGGAGGTTGCAGTGTGCTGAGACTGTGCCACTGCACTCCAACCTGGACAACAACAGAGAAACTCTGTCTAACAAAAAAAAAAAAAA","GGCCGGGCATGGTGTCTCACGCCTGTAATCCCTGCACTTTGGGAGGCTGAGGCGGGAAGATCACCTGAGGTCAGGAGTTTGAGACCAGCCTGGCCAACATGATGAAACCCTGTCTCTACTAAAAATAGAAAAAATTAGTGGGGCATGGCAGGCACCTGTAATCCCACCTACTCGGGAGGCTGAGGCAGAAGAATCACTTGAACCTGGGAGGCGGAGGTTGCAGTGTGCTGAGACTGTGCCACTGCACTCCAACCTGGACAACAACAGAGAAACTCTGTCTCAAAAAAAAAAAAAAAAAA"
"chr1","41803847","41804161","chr1","41504615","41504929","0","299232","GGCTGGGCGCGGTGGCTCGTGCCTTGTAATCCCAGCACTTTGGGAGGCCGAGGCGGGTGGATCACCTGAGGTCAGGAGTTCAAGACCAACCTGGCCAACATGATGAAACCCTGTCTCTACTAAAAATACAAAAAATTAGCCAGGCTTGGTGGCAGGCACCTCTAATCCCAGCTACTCAGGAGGCTGAGGCAGGAGAATCGCTGGAACCCGCGAGGCAGAGGTTGCAGTGAGCCAACATCATGCCACTGCACTCCAGCCTGAGCAACCAGAGTGAAACTCCGTCTCAAAACAAAGTAACAACAACAATAAAAAAAA","GGCTGGGCGCGGTGGCTCGTGCCTTGTAATCCCAGCACTTTGGGAGGCCGAGGCGGGTGGATCACCTGAGGTCAGGAGTTCAAGACCAACCTGGCCAACATGATGAAACCCTGTCTCTACTAAAAATACAAAAAATTAGCCAGGCTTGGTGGCAGGCACCTCTAATCCCAGCTACTCAGGAGGCTGAGGCAGGAGAATCGCTGGAACCCGCGAGGCAGAGGTTGCAGTGAGCCAACATCATGCCACTGCACTCCAGCCTGAGCAACCAGAGTGAAACTCCGTCTCAAAACAAAGTAACAACAACAATAAAAAAAA"
"chr1","41883499","41883791","chr1","41585409","41585706","6","298090","GGCTGGGCGTGGTGGCTCATGCCTGTAATCCCAGCACTTTGGGAGGCTGAGGTGGGCAGATCATCTGAGGTCAGGAGTTTGAAACCAGCCTGGCCAACATGGTGAAACCCCGTCTCTACTAAAAATACAAAATTAGCTGGGCGTGGCGGTGGGTGCCTGTAATCCCAGCTACTTGGGAGGCTGAGGCAGGAGAATCGCTTGAACCCAGGAAGCGGAGGTTGCAGTGAGCTGAGACTGCGTCACTGCACTCCTGCCTGGGCAACAAGAGTAAAACTCTGTCTCAAAAAAAAAAA","GGCTGGGCGTGGTGGCTCATGCCTGTAATCCCAGCACTTTGGGAGGCTGAGGTGGGCAGATCATCTGAGGTCAGGAGTTTGAAACCAGCCTGGCCAACATGGTGAAACCCCGTCTCTACTAAAAATACAAAAATTAGCTGGGCGTGGTGGTGGGTGCCTGTAATCCCAGCTACTTGGGAGGCTGAGGCAGGAGAATCGCTTGAACCCAGGAAGCGGAGGTTGCAGTGAGCTGAGACTGCGTCACTGCACTCCTGCCTGGGCAACAAGAGTAAAACTCTGTCTCAAAAAAAAAAAAAAA"
"chr1","41902741","41902978","chr1","41604356","41604595","2","298385","ATCACCTGAGGCCTGGAATTTGAGACCAGCCTGGCCAACATGGTGAAACCCTGTCTTTACTAAAAATATAAAAATTAGCTGGGCGTGGTGGCGGGCACCTGTAATCCCAGCTACTAGGGAGACTGAGGCAGAAGAATCACTTGAACCCAGGAGGTAGAGGTTGCAGTGAGCCAAGATCACGCCACTGCACTCCAGCCTGGGCAACAGGAGCAAAACTTCATCTCAAAAAAAAAAAAAA","ATCACCTGAGGCCTGGAATTTGAGACCAGCCTGGCCAACATGGTGAAACCCTGTCTTTACTAAAAATATAAAAATTAGCTGGGCGTGGTGGCGGGCACCTGTAATCCCAGCTACTAGGGAGACTGAGGCAGAAGAATCACTTGAACCCAGGAGGTAGAGGTTGCAGTGAGCCAAGATCACGCCACTGCACTCCAGCCTGGGCAACAGGAGCAAAACTTCATCTCAAAAAAAAAAAAAAAA"
"chr1","42163389","42163683","chr1","41861352","41861648","2","302037","GGCTGGGCACAGTGGTGCACACCTGTAATCCCAGCACTTTGGGAGGCTGAGGTGGGGTGGATCACCTGAGGTCAGGAGTTCGAGACCAGCCCGGCCAACATGGTAAAACCCGGTCTTTACTAAAAATACAAAAAATTGGCCAGCATGGTGGCACACACCTGTAATACCAGCTACCCAGGAGGCTGAGGCAGGAGAATCACTTGAACCTGGGAGGTGGAGGTTGCAGTGAGCCGATATCAGGCCACTATACTCCAGCCTGGGCAACAAGAGCAAAACTCGGTCTCAAAAAAAAAAA","GGCTGGGCACAGTGGTGCACACCTGTAATCCCAGCACTTTGGGAGGCTGAGGTGGGGTGGATCACCTGAGGTCAGGAGTTCGAGACCAGCCCGGCCAACATGGTAAAACCCGGTCTTTACTAAAAATACAAAAAATTGGCCAGCATGGTGGCACACACCTGTAATACCAGCTACCCAGGAGGCTGAGGCAGGAGAATCACTTGAACCTGGGAGGTGGAGGTTGCAGTGAGCCGATATCAGGCCACTATACTCCAGCCTGGGCAACAAGAGCAAAACTCGGTCTCAAAAAAAAAAAAA"
"chr1","43046577","43046886","chr1","42680487","42680796","7","366090","GGCCAGTCATGGTGGCCCATGCCTATAATCCCAGCACTTTGGGAGGCCGAGGCGGGCAGATCACCTGAGGCCAGGAGTTTGAGACCAGCCTGGCCAACGCGGCAAACCCCGTCTCTACTAAAATATAAAAATTAGCCGGGCATGGTGGCAGGCACCTGTAATTCCAGCTACTTGGGAGGCTGAGGCAGGAGAATTGCTTGAGCCTGGGAGGTAGAGGCTGCAGTGAGCTGGATCATGCCACTGCACTCCAGCCTGGGCAACAAGAGCGAAACTCCATGTCAAAAACAAAACAAAAAACAAAAATAGAAAA","GGCCAGTCATGGTGGCCCATGCCTATAATCCCAGCACTTTGGGAGGCCGAGGCGGGCAGATCACCTGAGGCCAGGAGTTCGAGACCAGCCTGGCCAACGCGGCAAACCCCGTCTCTACTAAAATATAAAAATTAGCTGGGCATGGTGGCAGGCACCTGTAATTCCAGCTACTTGGGAGGCTGAGGCAGGAGAATTGCTTGAGCCTGGGAGGCGGAGGCTGCAGTGAGCTGGATCGTGCCACTGCACTCCAGCCTGGGCAACAAGAGCGAAACTCCATGTCAAAAACAAAACAAAAAAACAAAAATAGAAA"
"chr1","43053259","43053544","chr1","42687849","42688134","1","365410","GGCTGGGTGCAGTGGCTCATGCCTGTAATCCCTGCACTTTGAGAGGCTGAGGCTGGTGGATCACCTGAGGTCAGGAGTTCAAGACCAGCCTGGCCAACATGATGGAAACCCATCTCTACTGAAAATACAAAAAATTAGCTGAGTGTGGTGGTGCGTGCCTGTAGTCCCAGCTACTTGGGAAGCTGAGGCAGGAGAATCACTTGAACCCGGGAGGTGGAGGTTGCAGTGAGCTGAGATCGTGCCACTGCACTCCAGCCTGGGCAACAAGAGCAAAACTCCATTTCAA","GGCTGGGTGCAGTGGCTCATGCCTGTAATCCCTGCACTTTGAGAGGCTGAGGCTGGTGGATCACCTGAGGTCAGGAGTTCAAGACCAGCCTGGCCAACATGATGGAAACCCATCTCTACTGAAAATACAAAAAATTAGCTGAGTGTGGTGGTGCGTGCCTGTAGTCCCAGCTACTTGGGAAGCTGAGGCAGGAGAATCACTTGAACCCGGGAGGTGGAGGTTGCAGTGAGCTGAGATCGTGCCACTACACTCCAGCCTGGGCAACAAGAGCAAAACTCCATTTCAA"
"chr1","43342924","43343229","chr1","42985561","42985866","1","357363","GGTACGCTGGCTCACGCCTGTAATCCCAGCACTTTGGGAGGCTGAGGCAGGTGGATAACCTGAGGTCAGCAGTTCGAGACCAGCCTGGCCAACATGGTGAAACCCCATCTCTACTAAAAATACAAAAAATTAGCCAGGTGTGGTGGTGGGTGCTTGTAATCCCATCTACTCGGGAGGCTGAGGCAGGAGAATCGCTTGAACCCAGGACAGGGAAGTTGCAGTGAGCTGAGATTGCGCCACTGCACTCCAGCCTGGGCAACAAGAGCGAAACTCCATCTTAAAACAAAGAAAAGAAAGAAAAGAAAA","GGTACGCTGGCTCACGCCTGTAATCCCAGCACTTTGGGAGGCTGAGGCAGGTGGATAACCTGAGGTCAGCAGTTCGAGACCAGCCTGGCCAACATGGTGAAACCCCATCTCTACTAAAAATACAAAAAATTAGCCAGGTGTGGTGGTGGGTGCTTGTAATCCCATCTACTCGGGAGGCTGAGGCAGGAGAATCGCTTGAACCCAGGACGGGGAAGTTGCAGTGAGCTGAGATTGCGCCACTGCACTCCAGCCTGGGCAACAAGAGCGAAACTCCATCTTAAAACAAAGAAAAGAAAGAAAAGAAAA"
"chr1","43405780","43406092","chr1","43049577","43049871","19","356203","GGCCGGGCGTGGTGGCTCAGGCCTGTAATCCCAGCATTTTGGGAGGCCAAGGTGGGTGGATCACCTGAAGTCAGGAGTCTGAGACCAGCCTGGCCAACATGGTGAAACCTCATCTCTACTAAAAATACAAAATTGGCTGGGCATGGCGGCACATGTCTGTAATTCCAGTTACTTGGGAGGCCGAGGCAGGAGAATTGCTTGAAGCCGGGAGGTGGAGGTTGCGGTGAGCCGAGATTGCGCCACTCCATTCCAGCCTGAGCAACAAGAACGAAACTCAGTCTCAAAGAAAAAAAAAGGATTAAAAGTTAAAAAA","GGCCGGGCGTGGTGGCTCAGGCCTGTAATCCCAGCATTTTGGGAGGCCAAGGTGGGTGGATCACCTGAAGTCAGGAGTCTGAGACCAGCCTGGCCAACATGGTGAAACCTCGTCTCTACTAAAAATACAAAATTGGCTGGGCATGGCGGCACATGTCTGTAATTCCAGTTACTTGGGAGGCCGAGGCAGGAGAATTGCTTGAAGCCGGGAGGTGGAGGTTGCGGTGAGCCGAGATTGCGCCACTCCATTCCAGCCTGAGCAACAAGAACGAAACTCAGTCTCAAAGAAAAAAAAA"
"chr1","43449878","43450147","chr1","43093594","43093861","3","356284","GGGAGGCTGAGGCAGGCAGATCACCTGAGGTCAGGAGTTCAAGACAGGCCTGGCCAACATGGCAAAACCCCATCTCTACTAAAAATACAAAAGTTAGCAGGGTGTGGTGGCGGGCACCTGTAATCCCAGCTACTTGGGAGGCTGAGACAGGAGAATCGCTTGAACCCGGGAGGCAGAGGCTGCAGTGAGCTGAGACCATGCCACTGCACTCCAGCCTGGGCAACAAGAGCAAATCTCTGTCTCAAAAACAAACAAACAGACAAACAAAAA","GGGAGGCTGAGGGAGGCAGATCACCTGAGGTCAGGAGTTCAAGACAGGCCTGGCCAACATGGCAAAACCCCATCTCTACTAAAAATACAAAAGTTAGCAGGGTGTGGTGGCGGGCACCTGTAATCCCAGCTACTTGGGAGGCTGAGACAGGAGAATCGCTTGAACCCGGGAGGCAGAGGCTGCAGTGAGCTGAGACCATGCCACTGCACTCCAGCCTGGGCAACAAGAGCAAATCTCTGTCTCAAAAACAAACAAACAGACAAACAAA"
"chr1","43685972","43686264","chr1","43332382","43332677","3","353590","GGCCAGGTGTGGTGGCTCACCCCTGTAGTCCCAGCACTTTGGGAGGCCAAGGCATGTGGATCACCTGAGATCAGGAGTTTGAGACCAGCCTGACCAACATGGTGAAACCCCATCTCTACTAAAAACACAAAATTAGCTGGGCGTGTTGGCGGGCACCTGTAATCCCAGCTACTTGGGAGGCTGAGGCAGGAGAATTGGACCTGGGAGGCGGAGGCTGCAGTGAGCTGCCATCGCACTACTGCACTCCAGACTGGGCAATGAGAGTGAAACTCATCTCAAAAAAAAAAAGAAAA","GGCCAGGTGTGGTGGCTCACCCCTGTAGTCCCAGCACTTTGGGAGGCCAAGGCATGTGGATCACCTGAGATCAGGAGTTTGAGACCAGCCTGACCAACATGGTGAAACCCCATCTCTACTAAAAACACAAAATTAGCTGGGCGTGTTGGCGGGCACCTGTAATCCCAGCTACTTGGGAGGCTGAGGCAGGAGAATTGGACCTGGGAGGCGGAGGCTGCAGTGAGCTGCCATCGCACTACTGCACTCCAGACTGGGCAATGAGAGTGAAACTCATCTCAAAAAAAAAAAAAAGAAAA"
"chr1","43741622","43741799","chr7","93436018","93436191","27","49694396","TACTAAAAAGTACAAAATTAGCTGGGCATGGTGGCAGGTGCCTGTAATCCCAGCTACTCAGGAGGCTGAGGCAGAAGAATAACTTGAACCCGGGAGGTGGAGGTTGCAGTGAGCTGAGATAGCGCCACTGCACTCCAGCCTGGGCAATAAGAACGAGACTCCGTCTCCAAAAAAAAAA","TAAAAATTGTAAAAACAAGCCGGGCATGGTGGCACATGCCTGTAATCCCAGCTACTTGGGAGGCTGAGGCAGGAGAATTGCTTGAACCTGGGAGGTGGACGTTGCAGTGAGCCGAGATTGCGCCACTGCACTCCAGCCTGGGCAACAAGAGAAAAACTCCATCCAAAAAAAAAA"
"chr1","43755549","43755837","chr1","43405082","43405370","1","350467","GGCCAGGTACAGTGGCTCACGCCTGTAATCCCAGCACTTTGGGAGGCCGAGGTGGGTGGATTACCTGAGGTCAGGAGTTCAAGATTAGCCTGACCAGCATGGCAAAACCCTGTCTCTACTGAAAATACAAAATTAGCCAGGCGTGGTGGTGGGCGCCTATAATCCCAGCTACTTGGGAGGCTGAAGTAAGAGAATCGCTTGAACCCGGGGAGGTGGAGGTTGCAGTGAGCTGAGATCATGCCACTGCACTCCAGTATGGGCAACGAGAGAGAAACTCCATCTCAGAAAA","GGCCAGGTACAGTGGCTCACACCTGTAATCCCAGCACTTTGGGAGGCCGAGGTGGGTGGATTACCTGAGGTCAGGAGTTCAAGATTAGCCTGACCAGCATGGCAAAACCCTGTCTCTACTGAAAATACAAAATTAGCCAGGCGTGGTGGTGGGCGCCTATAATCCCAGCTACTTGGGAGGCTGAAGTAAGAGAATCGCTTGAACCCGGGGAGGTGGAGGTTGCAGTGAGCTGAGATCATGCCACTGCACTCCAGTATGGGCAACGAGAGAGAAACTCCATCTCAGAAAA"
"chr1","43789265","43789555","chr1","43434244","43434539","5","355021","GGCTGGACGTGGTGGCTCACACCTGTAATCCCAGCACTTTGGGAGGCCAAGGCAGGCAGATCACCTGAGGTCAAGAGTCCAAGACCAGCCTGGCCAACATGGTGAAACCTTGTCTCTACCAAAAATAAAAAAGTTAGCTGGGGATGGTGACAGGGGCCTGTAATCTCAACTACTTGGGAGGCTGAGACAGGAGAATGGCTTGAACCCAGGAGGTGGAGGTTGCAGTGAGCCGAGATTATGCCACTGCACTCCATCTCGAAAAAAAGCAAAACTCCATCTCAAAAAAAAAAA","GGCTGGACGTGGTGGCTCACACCTGTAATCCCAGCACTTTGGGAGGCCAAGGCAGGCAGATCACCTGAGGTCAAGAGTCCAAGACCAGCCTGGCCAACATGGTGAAACCTTGTCTCTACCAAAAATAAAAAAGTTAGCTGGGGATGGTGACAGGGGCCTGTAATCTCAACTACTTGGGAGGCTGAGACAGGAGAATGGCTTGAACCCAGGAGGTGGAGGTTGCAGTGAGCCGAGATTATGCCACTGCACTCCATCTCGAAAAAAAAGCAAAACTCCATCTCAAAAAAAAAAAAAAA"
"chr1","44015917","44016220","chr1","43658500","43658806","6","357417","GCCGGGTGTGGTGGCTCACACCCATAATCCCAGCACTTTGGGAGGCCAAGGCAGGTGGATCACCTGAGGTCAGGAGTTCGAGACCAGCCTGGCCAACATGGCGAAACCCCGCCTCTACTAAAAATACAAATACAAATACACGCCAGGCGTGACAGCAGGTGCTCGTAATCCCAGCTACTCGGGAGGCTGAGGCAAGAGAATTGCTTGAACCTGGGAGGCAGAGGTTGCAGTGAGCTGAGATTGCACCACTGCACTCCAGCCTGGGCAACAAGAGCAAAACTCCGTCTAAAAAGAAAAAAAAAAA","GCCGGGTGTGGTGGCTCACACCCGTAATCCCAGCACTTTGGGAGGCCAAGGCAGGTGGATCACCTGAGGTCAGGAGTTCGAGACCAGCCTGGCCAACATGGCGAAACCCCGCCTCTACTAAAAATACAAATACAAATACACGCCAGGCGTGATGGCAGGTGCTCGTAATCCCAGCTACTCGGGAGGCTGAGGCAAGAGAATTGCTTGAACCTGGGAGGCAGAGGTTGCAGTGAGCTGAGATTGCACCACTGCACTCCAGCCTGGGCAACAAGAGCAAAACTCCGTCTAAAAAGAAAAAAAAAAAAAA"
"chr1","44079267","44079559","chr1","43715859","43716153","2","363408","GGCCAGGCGTGGTGGCTCACGCCTGTAATCCCAGCACCTCGGAAGGCCAAGGCGGGTGAATCACCCAAGGTCAGGAGTTCCAGACCAGCCTGGCCAACATGATGAAACCCAGTCTCTACTAAAAATACAAAAATTAGCCGGGCTTGGTGGCGGGTGCCTGTAATCCCAGCTACTTGGGAGGCTTAGGCAGGAGAATCACTTGAACCCAGGAGGCGGAGGTTGCAGTGAGCCAAGATCGTGCCACTGCACTCCAGCCTGGGCAACAAAAGCAAAACTCCGTCTCAAAAAAAAAA","GGCCAGGCGTGGTGGCTCACGCCTGTAATCCCAGCACCTCGGAAGGCCAAGGCGGGTGAATCACCCAAGGTCAGGAGTTCCAGACCAGCCTGGCCAACATGATGAAACCCAGTCTCTACTAAAAATACAAAAATTAGCCGGGCTTGGTGGCGGGTGCCTGTAATCCCAGCTACTTGGGAGGCTTAGGCAGGAGAATCACTTGAACCCAGGAGGCGGAGGTTGCAGTGAGCCAAGATCGTGCCACTGCACTCCAGCCTGGGCAACAAAAGCAAAACTCCGTCTCAAAAAAAAAAAA"
"chr1","44350749","44351067","chr1","43993439","43993758","3","357310","GGCCGGGTGCCGTGGTGCATGCCTGTAATCCTAGCAGTTTGGGAGGCTGAGGCGGGTGGATCACCTGAGGTCAGGAGTTTGAGACCAGCTTGTCCAACATGGCGAAACCCCATCTCTACTGAAAATAGAAAAATTAGCCGGGTGTGGTGGCGGGTGCCTATAATCCCAGCTGCTTGGGAGGCTGAGGCAGGAAAGCGCTTAAACCCTGGGGTGGTGGGGGGTGGAGGTTGCAGTGAGCTGAGATCACACCACTGCACTCCAGTCTGGGCAAAAGAGTGAAACTTTACTTCAAAAAGATAAAAAAAAAGCAAGAAAGAAA","GGCCAGGTGCCGTGGTGCATGCCTGTAATCCTAGCAGTTTGGGAGGCTGAGGCGGGTGGATCACCTGAGGTCAGGAGTTTGAGACCAGCTTGTCCAACATGGCGAAACCCCATCTCTACTGAAAATAGAAAAATTAGCCGGGTGTGGTGGCGGGTGCCTATAATCCCAGCTGCTTGGGAGGCTGAGGCAGGAAAGCGCTTAAACCCTGGGGTGGTGGGGGGCGGAGGTTGCAGTGAGCTGAGATCACACCACTGCACTCCAGTCTGGGCAAAAGAGTGAAACTTTACTTCAAAAAGATAAAAAAAAAAGCAAGAAAGAAA"
"chr1","45289872","45290172","chr1","44959103","44959410","9","330769","GGTCTGGTGCAGTGGCTCACGCCTGTAATCCCAGCACTTTGTGAGGCCGAGGCTGGTGGATCACCTGAGGTCAGGAGTTCGAGACCAGCCTGGCCAACATGGCAAAACCCCGTCTCTACTAAAAATACAAAAATTAGCTGGGCGTGGTGGCAGGCGCCTGTAATCCCAGCTACTCGGGAGGCTGAGGCAGGAGAATCGCTTGAATCCAGGAGGGAGAAGTTGGAGTGAGCCGAGATTGCGCCACTGTACTCCAGCCTGGGCAACAAGAGTGAGACTTTGTCTACAAAAAAAAAAAAAAAGA","GGTCTGGTGCAGTGGCTCACGCCTGTAATCCCAGCACTTTGTGAGGCCGAGGCTGGTGGATCACCTGAGGTCAGGAGTTCGAGACCAGCCTGGCCAACATGGCAAAACCCCGTCTCTACTAAAAATACAAAAATTAGCTGGGCGTGGTGGCAGGTGCCTGTAATCCCAGCTACTCGGGAGGCTGAGGCAGGAGAATCGCTTGAATCCAGGAGGGAGAAGTTGGAGTGAGCCGAGATTGCGCCACTGTACTCCAGCCTGGGCAACAAGAGTGAGACTTTGTCTCAAAAAAAAAAAAAAAAAAAAAAAGA"
"chr1","45380234","45380512","chr1","45052449","45052727","0","327785","GGCTGGGCGCAGGGGCTCTCACCTGTAATCCCAGAACTTTGGGAAGCCAAGGTGGGCGGATCACCTGAGGCCAGGAGTTCGAGACCAGCCTGGGCAACAAGGTGAAATCCTCTCTCTACTAAAAATACAAAAATTATCTGGATATGTGGCAGGAGCCTGTAATCCCAGCTACTTGGGAGGCTGAGGTAGGAGAATCACTTGAACCTGGGAGGCAGAGGTTGCAGTGAGCCAAGATCGTGCCACAGCACTCCAGAGTGGGCAACAAGAGCGAAACTCCAT","GGCTGGGCGCAGGGGCTCTCACCTGTAATCCCAGAACTTTGGGAAGCCAAGGTGGGCGGATCACCTGAGGCCAGGAGTTCGAGACCAGCCTGGGCAACAAGGTGAAATCCTCTCTCTACTAAAAATACAAAAATTATCTGGATATGTGGCAGGAGCCTGTAATCCCAGCTACTTGGGAGGCTGAGGTAGGAGAATCACTTGAACCTGGGAGGCAGAGGTTGCAGTGAGCCAAGATCGTGCCACAGCACTCCAGAGTGGGCAACAAGAGCGAAACTCCAT"
"chr1","45403089","45403376","chr1","45074996","45075283","0","328093","GGCTAGGCATGGTGGCTCATGCCTGTAATCCCAGCACTTTGGAAGGCTGAGGAGGGCAGATCACTTGATCTGGCCAACATGGTAAAATCCCATCTCTATTAAAAATACAAAAATTAGCCGGGTGTGGTGGCGGGCGCCTGTAATCCCAGCTACTCAGGAGGGAGGCTGAGGCAGGAGAATTGCTTGAACCCGGGAGGCGGAGATTGAAGTGAGCCAAGACTGCACCACTGCACTCCAGCCTGAGCAACAAGAGCCAAACCCCATCTCAAAAAAAGAAAAAAGAAATAA","GGCTAGGCATGGTGGCTCATGCCTGTAATCCCAGCACTTTGGAAGGCTGAGGAGGGCAGATCACTTGATCTGGCCAACATGGTAAAATCCCATCTCTATTAAAAATACAAAAATTAGCCGGGTGTGGTGGCGGGCGCCTGTAATCCCAGCTACTCAGGAGGGAGGCTGAGGCAGGAGAATTGCTTGAACCCGGGAGGCGGAGATTGAAGTGAGCCAAGACTGCACCACTGCACTCCAGCCTGAGCAACAAGAGCCAAACCCCATCTCAAAAAAAGAAAAAAGAAATAA"
"chr1","45426244","45426339","chr2A","44034260","44034356","13","1391984","GGAGGCAGAGGTTGCAGTGAGCCGAGATTGTGCCCCTGCATTCCAGTCTGGGCAACAAGAGCAAAACTCCGTCTCAAAAAAAAAAAAAAAAAAAAA","CGGGAGGCGGAGGTTGCAGTTAGCAGAGATCATGCCACCGCACTCCAGCCTGGGCAACAAGAGCGAAACTCCGTCTCAAAAAAAAAAAAAAAAAAAA"
"chr1","45517319","45517612","chr1","45190431","45190724","1","326888","GCCAGGCGCGGTGGCTCACGCCTGTAATCCCTGCACTTTGGGAGGCCAAGGTGGGTGGATCACCTGAGGTCAGGAGTTCAAGACCAGCCTGGCCAACATGATGAAACCCCATCCCTACTAAAAATACAAAAAGTTAGCCCGACGTGGTGGCGGGCGCCTGTAATCCCAGCTATTCAGGAGGCTGAGGCAGGAGAATCGCTTGAACCCAGGAGGTGAAGGTTACAGTTAGCCAAGATCGCACCACTGCACTCCAGCCTGAGCAACAAGAGCAAAACTCCATCTCAAACAAACAAA","GCCAGGCGCGGTGGCTCACGCCTGCAATCCCTGCACTTTGGGAGGCCAAGGTGGGTGGATCACCTGAGGTCAGGAGTTCAAGACCAGCCTGGCCAACATGATGAAACCCCATCCCTACTAAAAATACAAAAAGTTAGCCCGACGTGGTGGCGGGCGCCTGTAATCCCAGCTATTCAGGAGGCTGAGGCAGGAGAATCGCTTGAACCCAGGAGGTGAAGGTTACAGTTAGCCAAGATCGCACCACTGCACTCCAGCCTGAGCAACAAGAGCAAAACTCCATCTCAAACAAACAAA"
"chr1","45604402","45604705","chr1","45278603","45278906","0","325799","GGCCAGGCGTGTGGCACACACCTATAATCCCAGCACTTTGGGAGGCTGAGGTGGGTGGATCACCTGAGGTCGGGAATTCAAGACCAGTCTGGCCAACATGGTGAAACCCTGTCTCTACTAAAAATACAAAAATTAGCTGGGCGTGGTGGCGGGTGCCTGTAATCCCAGCTACTCGGGAGGCTAAGGCAGGAGAATTGCTTGAACCTGGGAGGCGGAGGTTGTAGTGAGCTGGGATCACCACTGCACTCCAGCCTGGGCAACAAGAACAAAATTCCTTCTCAAAAAATAAAAATAAAATAAAAAA","GGCCAGGCGTGTGGCACACACCTATAATCCCAGCACTTTGGGAGGCTGAGGTGGGTGGATCACCTGAGGTCGGGAATTCAAGACCAGTCTGGCCAACATGGTGAAACCCTGTCTCTACTAAAAATACAAAAATTAGCTGGGCGTGGTGGCGGGTGCCTGTAATCCCAGCTACTCGGGAGGCTAAGGCAGGAGAATTGCTTGAACCTGGGAGGCGGAGGTTGTAGTGAGCTGGGATCACCACTGCACTCCAGCCTGGGCAACAAGAACAAAATTCCTTCTCAAAAAATAAAAATAAAATAAAAAA"
"chr1","45664416","45664721","chr1","45344758","45345066","4","319658","GGCTGGGCGTGGTGGCTCATGCCTGTAATCCCAGCATTTTGGGAGGCTGAGCCGGGTGGATCACTTGAGGTCAGGAGCTAGAGACCAGCCTGGTCAACATGGTGAAACCCCATCTCTAGTAAAATACAAAAATTAGCCAGGCATGGTGGTGGGCACCTGTAATCCCAGCTACTTGGGAGGCCGAGGGAGGAGAATCGCTTGAACCTGTAAGGAGGTTGCAGTGAGCCAAGATCGCACCACTGCACTCCAGCCTGGGCAACAAGAGCGAAATTCTGCCTCAAAAAGAAATAAAATTAAAAATAAAAA","GGCTGGGCGTGGTGGCTCATGCCTGTAATCCCAGCATTTTGGGAGGCTGAGCCGGGTGGATCACTTGAGGTCAGGAGCTCGAGACCAGCCTGGTCAACATGGTGAAACCCCATCTCTAGTAAAATACAAAAATTAGCCAGGCATGGTGGTGGGCACCTGTAATCCCAGCTACTTGGGAGGCCGAGGGAGGAGAATCGCTTGAACCTGTAAGGAGGTTGCAGTGAGCCAAGATCGCACCACTGCACTCCAGCCTGGGCAACAAGAGCGAAATTCTGCCTCAAAAAGAAATAAAATTAAAAATAAAAATAA"
"chr1","45871968","45872285","chr1","45555273","45555582","22","316695","GACTGGACACAGTGGCTTACACCTGTAATCCCAATACTTTGGGAGGCTGAGGTGGGTGGATCACCCAAGGTCTGGAGTTCAAGACCAGCCTGGCCAACATGGTGAAACCCTGTCTCTACTAAAAATACAAAAATTAGCCAGGCATGGTGGCGGGCACCTGTAATCCCAGCTACTCAGGAGGCTGAGGCAGGAGAATTGCTTGAACTCAAGGGGTGGGGTTGCAGTGAGCTGAAATTGCATCACTGCACTCCAGCCTGGGCAACAATAACGAAACTCTGTATANNNNNNNNNNNNNNNNNNNNAAAAAAAAAAAAAAAA","GACTGGACACAGTGGCTTACACCTGTAATCCCAATACTTTGGGAGGCTGAGGTGGGTGGATCACCCAAGGTCTGGAGTTCAAGACCAGCCTGGCCAACATGGTGAAACCCTGTCTCTACTAAAAATACAAAAATTAGCCAGGCATGGTGGCGGGCACCTGTAATCCCAGCTACTCAGGAGGCTGAGGCAGGAGAATTGCTTGAACTCAAGGGGTGGGGGTTGCAGTGAGCTGAAATTGCATCACTGCACTCCAGCCTGGGCAACAATAACGAAACTCTGTATCAAAAAAAAAAAAAAAAAAAAAAAAAAA"
"chr1","45917906","45918202","chr1","45602715","45603011","2","315191","GGCTGGGTACAGTGGCTCACACTTGTAATCCCAGCACTTCGGGAGGCTGAGGTGGGTGGGTCACCTGAGGTCAGGAGTTTGAGACCAGCCTAGCCAACATGGTAAAACTCCATCTCTACTAAAAACACAAAATTAGCCGGTTGTGGTGGCGCATACCTATAATCCCAGCTACTTGGGAGGCTGAGGCAGGAGAATCTCTTGAACCAGGGAGGCGGAGGTTGCAGTGAGCCGAGACTGTGCCACAGGACTACAGCCTGGACAACAAGAGCAAAATTCCATCTCAAAAAAGAAAAGAAA","GGCTGGGTACAGTGGCTCACACTTGTAATCCCAGCACTTCGGGAGGCTGAGGTGGGTGGATCACCTGAGGTCAGGAGTTTGAGACCAGCCTAGCCAACATGGTAAAACTCCATCTCTACTAAAAACACAAAATTAGCCGGTTGTGGTGGCACATACCTATAATCCCAGCTACTTGGGAGGCTGAGGCAGGAGAATCTCTTGAACCAGGGAGGCGGAGGTTGCAGTGAGCCGAGACTGTGCCACAGGACTACAGCCTGGACAACAAGAGCAAAATTCCATCTCAAAAAAGAAAAGAAA"
"chr1","45939192","45939492","chr1","45624030","45624331","7","315162","GCCAAGCATGGTGGCTCATGCCTGTAATCTTAACACTTTGGGAGGCTGAGGTGGGCAGATCACCTGAGGTCAGGAGTTCGAGACCAGCCTAGCCAATATGGTGAAACCCCATCTCTACTAAAAATACAAAAATTAGCTGGCTGTAGTAGCAGATGCCTATAATCCCAGCTACTTGGGAGGCTGAGACAGGAGAATCGCTTGAACCTGGGGGGCAGAGGTTACAGCAAGCTGAGATCATGCCCCTTCACTCCAGCCTGGGCAAAAGAGCAAAACTACATCTCAAAACAAACAAACAAACAAA","GCCAAGCATGGTGGCTCATGCCTGTAATCTTAACACTTTGGGAGGCTGAGGTGGGCAGATCACCTGAGGTCAGGAGTTCGAGACCAGCCTAGCCAATATGGTGAAACCCCATCTCTACTAAAAATACAAAAATTAGCTGGCTGTAGTAGCGGGTGCCTATTATCCCAGCTACTTGGGAGGCTGAGACAGGAGAATCGCTTGCACCTGGGGGGCAGAGGTTACAGCAAGCTGAGATCATGCCCCTTCACTCCAGCCTGGGCAAAAGAGCAAAACTATGTCTCAAAACAAACAAACAAACAAAC"
"chr1","46164440","46164735","chr1","45859130","45859425","0","305310","GGCCGGGCACGAAGACTCAAGCCTGTAATCCCAGCACTTTAGGGAGGCGGAGGCGGGTGGATCATCTGAGGTCAGGAGTTCAAGACCAGCCTCGCCAACATGATGAAACCCCATCTCAACTAAAAATACAGAAAATGAGCCAGGTTTGCTGGCAGGCACCTGTAATCCCAGCTCCTCGGGAGGCTGAGGCAGAAGAATCACTTGAACCCAGGAGGCAGAGGTTGCAGTGAGCCAAGATCGCGCCACAAACTCCAGCCTGGGGAACAAGAGCAAAATTCCATCTCAAAAAAAAGAAA","GGCCGGGCACGAAGACTCAAGCCTGTAATCCCAGCACTTTAGGGAGGCGGAGGCGGGTGGATCATCTGAGGTCAGGAGTTCAAGACCAGCCTCGCCAACATGATGAAACCCCATCTCAACTAAAAATACAGAAAATGAGCCAGGTTTGCTGGCAGGCACCTGTAATCCCAGCTCCTCGGGAGGCTGAGGCAGAAGAATCACTTGAACCCAGGAGGCAGAGGTTGCAGTGAGCCAAGATCGCGCCACAAACTCCAGCCTGGGGAACAAGAGCAAAATTCCATCTCAAAAAAAAGAAA"
"chr1","46501268","46501558","chr1","46204537","46204827","0","296731","GCTGGGCGCAGTGGCTCACACCTATAATCTCAGCACCTTGGGAAGCCGAGGCAGGTGGATCACTTGAGGCCAGGAGTTTGGGACCAGCCTGGCCAACATGGTGAAACACCATCTCTACTAAAAATACAAAAAATTAGCTGGGCATGGTGGCAGGCACCTGTAATCCCAGCTACTCAGGAAACTGAAGCAGAAGAATCACTTGAACCTGGGAGTCGGAGGTTGCAGTGAGTCACTGCACTTCAGCCTGGGCAGCAAGAGTGAAACTCCGTCTCAAAAAATAAATAAATAAAA","GCTGGGCGCAGTGGCTCACACCTATAATCTCAGCACCTTGGGAAGCCGAGGCAGGTGGATCACTTGAGGCCAGGAGTTTGGGACCAGCCTGGCCAACATGGTGAAACACCATCTCTACTAAAAATACAAAAAATTAGCTGGGCATGGTGGCAGGCACCTGTAATCCCAGCTACTCAGGAAACTGAAGCAGAAGAATCACTTGAACCTGGGAGTCGGAGGTTGCAGTGAGTCACTGCACTTCAGCCTGGGCAGCAAGAGTGAAACTCCGTCTCAAAAAATAAATAAATAAAA"
"chr1","46598537","46598827","chr1","46301827","46302145","29","296710","GGCCGGGCATGGTGACTCATGCCTTTAATCCTAGCACTTTGGGAGGCCGAGGCGGGTGGATCACCTGAAGTCAGGAGTTCGAGACCAGCCTGGCCAACACGGCAAAACCCCGTGTCTACTAAAAATACAAAAATTAGCCAGGCATGGCAGTGGGCACCTATAATCCCAGCTACTCGGGAGGCTGAGGCAGGAGAATCACTTGAACCCGGGGTGGGGGTGGTGTGGAGGCTGCAGTGAGCCGAAATTGTGCCACAGCACTCCAGCCTGGGCAAAAGAGCGAAACTCCATCTC","GGCCGGGCATGGTGACTCATGCCTTTAATCCTAGCACTTTGGGAGGCCGAGGCGGGTGGATCACCTGAAGTCAGGAGTTCGAGACCAGCCTGGCCAACACGGCAAAACCCCGTGTCTACTAAAAATACAAAAATTAGCCAGGCATGGCAGTGGGCACCTATAATCCCAGCTACTCGGGAGGCTGAGGCAGGAGAATCACTGGAACCCGGGGTGGGGGTGGTGTGGAGGCTGCAGTGAGCCGAAATTGTGCCACAGCACTCCAGCCTGGGCAAAAGAGCGAAACTCCATCTCAAAAAAAAAATAAAAATAAAAATAAAAA"
"chr1","46646034","46646366","chr1","46349900","46350232","2","296134","GGCTGGGTGCAGTGGCTCACGCCTGTAATCCCAGCACTTTGGGAAGCCAAGGCGGATGGATCACCTGAGGTCAGGAGTTCAAGACTAGCCTGCCCAACATGGTGAAACCTGGTCTCTACTAAAAAAAAAACACACACACACACACAAAAATTAGCAGGATGTAGTGGCAGGAGCCTGTAATCCCAGCTTCTCAGGAGGTTGAGGTTGAGGTTTCATTCAAATGAATGAAAATCATTTGAACCCGGGAGGTGGAGGTTGCAATGAGCTGAGATCACGCCACTGCACTTCAGCCTGGGCAACAAGAGTGAAACTCCGTCTCAAAAAAAAGAGAAA","GGCTGGGTGCGGTGGCTCACGCCTGTAATCCCAGCACTTTGGGAAGCCAAGGCGGATGGATCACCTGAGGTCAGGAGTTCAAGACTAGCCTGCCCAACATGGTGAAACCTGGTCTCTACTAAAAAAAAAACACACACACACACACAAAAATTAGCAGGATGTAGTGGCAGGAGCCTGTAATCCCAGCTTCTCAGGAGCTTGAGGTTGAGGTTTCATTCAAATGAATGAAAATCATTTGAACCCGGGAGGTGGAGGTTGCAATGAGCTGAGATCACGCCACTGCACTTCAGCCTGGGCAACAAGAGTGAAACTCCGTCTCAAAAAAAAGAGAAA"
"chr1","46757865","46758161","chr14","104815575","104815872","25","58057710","GGCTGGGCGTGGTGGCTCATACCTGTAATCCCAGCACTTTGGGAGGCCGAGGCGGGTGGATCACCTGAGGTCAGGAGTTCAAGACCAGCCTGGCCAACATGGTGAAACCCCGTCTTTACTAAAAATACAAAAAATCAGCCAGGTGTGGTGGTGGGTGCCTGTAATCCCAGCTACTCAGGAGGCTGAGGCAGGAGAATCACTTGAACCCAGGAGGGGGAGGTTGCAGTGAGCCGAGATCACACCACTGCACTCCAGCCAGGGCAACAAGAGGGAAACTCCATCTCAAAAAAAAAAAAA","GGCTGGGCGTGGTGGCTCACACCTGTAATCCCAGCACTTTGGGAGGCCGAGGCGGGCGGATCACCTGAGGTCAGGAGTTCAAGACCAGCCTGACCAATATGGCGAAACCCCTTCTCTACTAAAAATACAAAAAATTAGCCGGGCATGGTGGCGGGCGCCTGCTAATCCCAGCTACTCGGGAGGCTGAGGCAGGAGAATCACTTGAACCCGGGAGGCAGAGGTTGCAGTGAGCCGAGATCGCACCCCTGCACTCCAGCCTGGGCAACGAGAGAGAAACTCCGCCTCAAAAAAAAAAAAA"
"chr1","46763234","46763513","chr1","46470721","46471000","1","292513","GGCCAGGCACGGTGGCTCACGCCTGTAATCTTAGCACTTTGTGAAGGCAGACTGCCTGAGCTCCGGAGTTGGAGACCAGCCTGGGAAACATGGTGAAACCCCGTCTTTACTAAAATACAAAAAATTGGCCAGGCACAGTGGCAGGTGCCTGTAATCCCAGCTACTCAGGAGGCTGAGGCACGAGAATTGTTTGAACCCGGGAGGCGGAGGTTGCATGAGCCAAGACCGTGCTACTGCACTCTAGCCTGGGCAACAAGAGCGAGACTCCGCCTCAAAAGAA","GGCCAGGCACGGTGGCTCACGCCTGTAATCTTAGCACTTTGTGAAGGCAGACTGCCTGAGCTCCGGAGTTGGAGACCAGCCTGGGAAACATGGTGAAACCCCGTCTTTACTAAAATACAAAAAATTGGCCAGGCACAGTGGCAGGTGCCTGTAATCCCAGCTACTCAGGAGGCTGAGGCACGAGAATTGTTTGAACCCGGGAGGTGGAGGTTGCATGAGCCAAGACCGTGCTACTGCACTCTAGCCTGGGCAACAAGAGCGAGACTCCGCCTCAAAAGAA"
"chr1","46765459","46765771","chr1","46473186","46473497","2","292273","CAGTGGCTCATGCCTATAATCCTAGCACTTTGGAAGGCCGAGGCAGGTGGATCACCTGAGGTCAGAAGTTCGAGACCAGTCTAGCCTGGCCAACACAGCGAAACCCCATCTCTACTAAAGATAGAAAAATCAGTAGGGTGTGGTCACGGGTACCTACAATCCCAGCTACTCAGAAGGCTAAGGCAGGAGAATCGCTTGAACCCCGGGGCTGGGGTAGAAGGGGGAGGTGGGGACAGAGGTTGCAGTGAGCCAAGATTGCGCCACTTCACTCCAGCCTAGCCAAAAGAGCAAAACTCCGCCTCAAAAAAATAAA","CAGTGGCTCATGCCTATAATCCTAGCACTTTGGAAGGCCGAGGCAGGTGGATCACCTGAGGTCAGAAGTTCGAGACCAGTCTAGCCTGGCCAACACAGCGAAACCCCATCTCTACTAAAGATAGAAAAATCAGTAGGGTGTGGTCACGGGTACCTACAATCCCAGCTACTCAGAAGGCTAAGGCAGGAGAATCGCTTGAACCCCGGGGCTGGGGTGGAAGGGGGAGGTGGGGACAGAGGTTGCAGTGAGCCAAGATTGCGCCACTTCACTCCAGCCTAGCCAAAAGAGCAAAACTCCGCCTCAAAAAAAAAA"
"chr1","48016257","48016439","chr1","47570780","47570962","1","445477","AATTAGCTGGGCATGGTGGCGGTGGCCTGTAATCCCAGCTACTCAGGAGGCTGAGGTAGGAGAATCACTTGAACCCAGGAGGCGGAGGTTGCAGTGAGCTGAGATTGTGCCACTGCACTTCAGCCTGGACAACGAGAGCAAAAACTCCGTCTCGAAGAAAACAAACAAACAAAAAACAAAAAA","AATTAGCTGGGCATGGTGGCGGTGGCCTGTAATCCCAGCTACTCAGGAGGCTGAGGTAGGAGAACCACTTGAACCCAGGAGGCGGAGGTTGCAGTGAGCTGAGATTGTGCCACTGCACTTCAGCCTGGACAACGAGAGCAAAAACTCCGTCTCGAAGAAAACAAACAAACAAAAAACAAAAAA"
"chr1","48111210","48111503","chr1","47666444","47666725","15","444766","GGCCAGGCGTGGCGGCTCACACCTCCAATCCCAGCACTTTGGGAGGCCGAGGTGGGCGGATCACCTGAGGTCAGGAGTTTGAGACCAGCCTGGCCAACATGGTGAAACTCTGTCACTACTAAAAATACAAAAATTAGCCAGGCATAGTGCTGGGTGCCTGTAATCCTAGCTACTTGGGAGACTGAGGCAGGAGAATCGCTTGAACCTGGGAGGTAGAGGTTGCAGTGAACTGAGATCATGCCGCTGCACTCTAGCCTGGGCAACAAGAAGGAAATTCTGTCTCAAAAAAAAAAA","GGCTCACACCTCCAATCCCAGCACTTTGGGAGGCCGAGGTGGGCGGATCACCTGAGGTCAGGAGTTTGAGACCAGCCTGGCCAACATGGTGAAACTCTGTCTCTACTAAAAATACAAAAATTAGCCAGGCATAGTGCTGGGTGCCTGTAATCCTAGCTACTTGGGAGACTGAGGCAGGAGAATCGCTTGAACCTGGGAGGTAGAGGTTGCAGTGAACTGAGATCATGCCGCTGCACTCTAGCCTGGGCAACAAGAAGGAAATTCTGTCTCAAAAAAAAAAAA"
"chr1","48808195","48808489","chr1","48376108","48376402","4","432087","GGCCAGGCGCTGTGGCTCATGCCTGTAATCTCAGTACTTTGGGAGGCCAAAGCAGGCAGATCACCTGAGGTCATGAGTTCGAGACCAGCCTGGCCAACATGGTGAACCCCATCTCTACTAAAAATACAAAAACTTAGCTGGGCGTGGTGGCAGGCACCTGTAATCCCAGCTACTCAGGAGGCTGAGGCAGGAGAATTGCTTGAACCTGGGAGGCGTAGGTTGCAGTGAGCCGAGATTGCGCCACTGCACTCCAGCCTGAGCAACAAGAGGGAAACTCCATCTCGAAAAAAAAGAA","GGCCAGGCGCTGTGGCTCATGCCTGTAATCTCAGTACTTTGGGAGGCCAAAGCAGGCAGATCACCTGAGGTCATGAGTTGGAGACCAGCCTGGCCAACATGGTGAACCCCATCTCTACTAAAAATACGAAAACTTAGCTGGGCGTGGTGGCAGGCACCTGCAATCCCAGCTACTCAGGAGGCTGAGGCAGGAGAATTGCTTGAACCTGGGAGGCGTAGGTTGCAGTGAGCCGAGATTGCGCCACTGCACTCCAGCCTGAGCAACAAGAGGGAAACTCCATCTCAAAAAAAAAGAA"
"chr1","51421662","51421942","chr9","37063469","37063751","33","14358193","GGCTGGGCGCTGTGGCTCACGCCTGTAATCCCAGTGCTTTGGGAGGCCAAGCGGGCAGATCACCTGAGGTCAGGAGTTTGAGACCAGCCTGGCCAACATGGCGAAACCCTGTCTCTACTAAAAATACAAAAATTAGCCAGGTATGGTGGTGGGCACTTGTAATCCCTGCTACTTGGGAGGCTGAGACAGGAGAATTGGTTGAACCCAGGAGACGGAGGTTGCAGTGAGCCAAGATCGCGCCACTGCACTCCAGCCTGGGCAACAAAGAGCGAAACTGCATC","GGCCGGGCGCAGTGGCTCACACCTGTAATCCCAGCACTTTGGGAGGCCAAGGCGGGCAGATCACCTGAGGTCGGGAGCTTGAGACCAGCCTGACCAACATGGTGAAACCCCGTCTCTACTAAAAATACAAAATTAGCCAGGTGTGGTGCCACATGCCTGTAATCCCAGCTACTCGGGAGGCTGAGGCAGGAGAATTGCTTGAACCCAGGAGACGGAGGTTGCAGTGAGCCAGGATCGTGCCACTGCACTCCAGCCTGGGCAACAAGAGCGAAATTCCATCTCA"
"chr1","51685098","51685406","chr17","81322997","81323301","52","29637899","GGCACGGTGGCTCATGCCTGTAATCTCAACAGTTTGGGAGGCTGAGATGGGTGGATCACTTGAGATCAGGAGTCCCAGACCGGCCTGGCCAACATGGTAAAAACCCCATCTCTACCAAAAAAGAAAATACAAAATTAGCTGGGCGTGGTGGCTGGCACCTGTAGTCTCAGCTACTCGGGAGGCTGAGACACGAGAATCACTTGAACCCAGGAGGCGGAGGTTGCAGTCAGCTGAGATCACACCACTGCACTCCAGCCTGGGCAACAAGAGTGAACGTGAGCCCTTAGTAACTCAAAAANAAAAAAAAAA","GGCCACAGTGGCTCAGGCCTGTAAGCCCAGCATTTTGGGAGGCCAAGATGGGTGGATCGCTTGAGACCAGGAGTTCGAGACCAGCCTGGCCAACATGGTAAAACCCCATCTCTACTAAAAATACAAAAATAAGCTGGGCATGGTGGCGGGCACCTGTAATCCCAGGTACTTGGGAGGCTGAGGCAGGAGAATCACTTGGACCCAGGAGGCGGAGGTTGCGGTGAGCCGAGATCGCACCACTGCACTCCAGCCTGGGCAACAAGAGCGAAACTCTGTCTCGAAAAAAAAAAAAAAAAAAAAAAAAA"
"chr1","51696822","51697111","chr1","51323034","51323346","27","373788","CCTGTAATCCCAGTACTTTGGGAAGCCACAGTGGGTGGATCAACTGAGGTCAGGAGTTTGGGACCAGCCTGGCCAAGATGGCGAAAACCCCCATCTCTACTAAAAGTCAAAAATTAGCCAGGCGTAGTTGGTTCTCGCCTGTAATCCCAGCTACTTGGGAGGCTGAGGGAGGAGAATCGCTTGAACCCAGGAGGCAGAGGTTGCAGTGAGCCAAGATCACGCCACTGCACTACAGCCTGGGCAACAAAAGCGAAACTCTGTCTCAAACAAAAAAAAGAAAGAAAAGAAAA","GGCCAGACGCGGTGGCTCACAGCGCCTGTAATCCCAGTACTTTGGGAAGCCACAGTGGGTGGATCAACTGAGGTCAGGAGTTTGGGACCAGCCTGGCCAAGATGGCAAAACCCCATCTCTACTAAAAGTACAAAAATTAGCCAGGCGTAGTTGGTTCTCGCCTGTAATCCCAGCTACTTGGGAGGCTGAGGGAGGAGAATCGCTTGAACCCAGGAGGCAGAGGTTGCAGTGAGCCAAGATCACGCCACTGCACTACAGCCTGGGCAACAAAAGCGAAACTCTGTCTCAAACAAAAAAAAGAAAGAAAAGAAAA"
"chr1","51759843","51760106","chr1","51386909","51387172","1","372934","GAAGGCTGAGGTGGGTAGATCACCTGAGATCAGGAGTTCAAGACCAGCCTGGCCAACATGGTGAAACCCCGTCTCTACTAAAAATACAAAAAATTAGCTGGGCGTGGTGGCGGACACCTGTTATCCCAGCTACTCGGGAGGCTGAGGCAGAGAATTGCTTGAACCCAGGAGGCACAGGTTGCAGTGAGCCAAGATCGTGCCACCACACTCCACCCTGGGCAATAAGAGTGAAACTTCGCCTTAAACAAACAAACAAACAAAAAA","GAAGGCTGAGGGGGGTAGATCACCTGAGATCAGGAGTTCAAGACCAGCCTGGCCAACATGGTGAAACCCCGTCTCTACTAAAAATACAAAAAATTAGCTGGGCGTGGTGGCGGACACCTGTTATCCCAGCTACTCGGGAGGCTGAGGCAGAGAATTGCTTGAACCCAGGAGGCACAGGTTGCAGTGAGCCAAGATCGTGCCACCACACTCCACCCTGGGCAATAAGAGTGAAACTTCGCCTTAAACAAACAAACAAACAAAAAA"
"chr1","51923817","51924131","chr1","51552855","51553158","11","370962","GCTGGGCATGGTGGCTCATGCCTGTAATCCCAGCATTTTGGGAGGCAAAGGTGGGCAGATCACCTGAGGTCAGGAGTTCGAGACCAGCCTGGCCAACATCGTGAAACCCCATCTCTACTAAAAATACAAAAATTAGCAGGGCGTGGTGGTGGGTGCCTGTAATCCCAGCTACTTGGGGGGCTGAGGCAGGAGAATCGCTTGAACCCGAGAGGCAGGCAGAGGTTGCAGGGAACCAAGATCACACCACTGCACTCCAGCAGCCTGGGCAACAAAAGTGAGACTCCATCTCAAAAAAAAAAAAAACAAAAACAAAAA","GCTGGGCATGGTGGCTCATGCCTGTAATCCCAGCATTTTGGGAGGCAAAGGTGGGCAGATCACCTGAGGTCAGGAGTTCGAGACCAGCCTGGCCAACATCGTGAAACCCCATCTCTACTAAAAATACAAAAATTAGCAGGGCGTGGTGGTGGGTGCCTGTAATCCCAGCTACTTGGGGGGCTGAGGCAGGAGAATCGCTTGAACCCGAGAGGCAGGCAGAGGTTGCAGGGAACCAAGATCACACCACTGCACTCCAGCAGCCTGGGCAACAAAAGTGAGACTCCATCTCAAAAAAAAAAAAAAA"
"chr1","51936825","51937122","chr1","51566021","51566321","5","370804","GGCCAGGCACAGTGGCTCACACCTGTAATCCCAGCACTTTGGGAGGGTGAGGCAGGTGGATCACTTGAGGTCAGGAGTTCGAGACCAGCCTGGACAACATGGTGAAACCTCGTCTATACTAAAATATAAAAATGAGCCAGATGCGGGGCAGGCGCCTGTAATCCCCACTACTTGGGAGGCTGAGGCAGGGGAATCGTTTGAACCCGGGAGGCAGTGGTTGCAGTGAGCCAAGATCACGCCACTGCACTCCAGCCTGGGCAACAAAAGCAAAACTCCATCTCGAAAAGAAAGAAAAAAA","GGCCAGGCACAGTGGCTCACACCTGTAATCCCAGCACTTTGGGAGGGTGAGGCAGGAGGATCACTTGAGGTCAGGAGTTCGAGACCAGCCTGGACAACATGGTGAAACCTCGTCTATACTAAAAATATAAAAATGAGCCAGGTGCGGGGCAGGCGCCTGTAATCCCCACTACTTGGGAGGCTGAGGCAGGGGAATCGTTTGAACCCGGGAGGCAGTGGTTGCAGTGAGCCAAGATCACGCCACTGCACTCCAGCCTGGGCAACAAAAGCAAAACTCCATCTCGAAAAGAAAAGAAAAAAAA"
"chr1","51991844","51991912","chr1","51623169","51623235","4","368675","TCGTGACACTGCACTCCAACCTGAGCAACAAGAGCGAAGCTCCATCTACAAAAAAAAAAAAGAAGAAGA","TCGTGACACTGCACTCCAACCTGAGCAACAAGAGCGAAGCTCCATCTCAAAAAAAAAAAAAGAAGAA"
"chr1","52122911","52123055","chr6","12153945","12154094","22","39968966","GGCTGGGAGTGGTGGCTCATGCCTGTAATCCCAGCACTTTCGGAGGCCAAGGTGGGTGGATCACGTAAGGTCAGGAGTTTGAGACCAGCCTGGCCAACATGGTGAAACCCCATCTCTACTAAAAATACAAAAATTAGTGAGGCAT","GGCTGGGCGCAGTGGCTCACGCCTGTAATTCCAGCACTTTGGGAGGCCGAGGCAGGTGGATCACTTGAGGTCAGGAGTTGGAGACCAGCCTGGCCAACATGGCAAAACCCCATCTCTTCTAAAAATACAAAAATTAGCTAGGTACAGTGG"
"chr1","52123353","52123528","chr13","18719427","18719603","26","33403926","TTAAGTCGGGCATGGTGGTAGATGCCTGTAATCCCAGCAACTAGCGAGGCTGAAGCAGGAGAATCGCCTGAACCCAGGAGGCAGACGTTGCAGTGAGCCGAGACTGCGTCACTGCACTCCAGCCTGGGCAACAAGAGCAAAACTCTGCCTCAAAAAAAAAAAGGAAAAAAAAGAAA","TTAGCCAGGCATGGTAGTGCATGCCTGTAATCCTAGCTACTTGGGAGGCTGAGGCAGGAGAATCGCTTGAACCCGGGAGGCGGAGGTTGCAGTGAGCCGAGATCGCACCACTGCACTCCAGCCTGGGCAACAAGAGCAAAACTCCGTCTCAAAAAAAAAAAAAAAAAAAAAAAAAAA"
"chr1","52148222","52148517","chr1","51781911","51782208","4","366311","GGCTGGGCATGGTGGCTCACGCCTGCAATCCCTGCACTTTGGGAGGCCGAGGCAGGTGGGTCACTTGAGGTCAGGAGTTCGAAACCAGCCTGGCCAACATGATGAAACCCCATCTCTACTAAAAATACAAAAAATTAGCTGAGTGTGGTGGCACGCGACTGTAATCCCAGCCACTCAGGAGGCTGAGGCAGGAGAATTGCTTGAACCCGGGAGACGGAGGTTGCAGTAAGCCAAGATCGCGCCACTGCACTCCAGCCTGGGCAACAAGAGCAAAACTCCATCTCCAAAAAAAAAAA","GGCTGGGCATGGTGGCTCACGCCTGCAATCCCTGCACTTTGGGAGGCCGAGGCAGGTGGGTCACTTGAGGTCAGGAGTTCGAAACCAGCCTGGCCAACATGATGAAACCCCATCTCTACTAAAAATACAAAAAATTAGCTGAGTGTGGTGGCACGCGACTATAATCCCAGCTACTCAGGAGGCTGAGGCAGGAGAATTGCTTGAACCCGGGAGACGGAGGTTGCAGTAAGCCAAGATCGCGCCACTGCACTCCAGCCTGGGCAACAAGAGCAAAACTCCATCTCCAAAAAAAAAAAAA"
"chr1","52156941","52157247","chr1","51790643","51790948","14","366298","GGCAAAGTGGCTCATGCCTGTAATCCCAGCACTTTGGGAGGCTGAGACGGGTGGATGACCTGAGGTCAGGAGTTCCAGACCAGCCTGGCCAACATAGTAAAACCCCATCTCTACTAAAAATACAAAAAATCAGCTGGGCGTGGTAGTGGCCGCCTGTTAATTCCCGCTACTAGGGAGACTGAGGCAGGAGAATCACTTGAACCCAGGAGGCAGAAGTTGCAGCAGTGAGCCAAGATGGCACCACTGCACTCCAGCCTGGGCAACAAGAGTGAAACTCCATCTCAAAAAAAAAAAGAAAAAAAGAAAA","TGGCTCATGCCTGTAATCCCAGCACTTTGGGAGGCTGAGACGGGTGGATGACCTGAGGTCAGGAGTTCCAGACCAGCCTGGCCAACATAGTAAAACCCCATCTCTACTAAAAATACAAAAAATCAGCTGGGCGTGGTAGTGGCCGCCTGTTAATTCCCGCTACTAGGGAGACTGAGGCAGGAGAATCACTTGAACCCAGGAGGCAGAAGTTGCAGCAGTGAGCCAAGATGGCACCACTGCACTCCAGCCTGGGCAACAAGAGTGAAACTCCATCTCAAAAAAAAAAAAAAAGAAAAGAAAAAAGAA"
"chr1","52890289","52890585","chr1","52432510","52432806","1","457779","GGCCCGGCATGGTGGCTCGCGCCTGTAATCCCAGCACTTTGGGAGGCAGAGGGTAGATCACCTGAGGTCAGGAGCTCGAGACCAGCCTGGCCAACATGGTGAAACCCTGTCTCTACTAAAAATACTTTTTAAAAAATTAGTCGGGTGGGGTGGCGTGTGCCTGTAATCCCATTACTGAGGAGGCTGAGGCAGGAGAATTGCTTGAACCCGGGATGCGGAGGTTGCAGTGAGCCTAGATCGCACCACTGCACTCCAGCCTGGGCAATAAGAGCGAAACTCTGTCTCAAACAAAAAAAA","GGCCCGGCATGGTGGCTCGCGCCTGTAATCCCAGCACTTTGGGAGGCAGAGGGTAGATCACCTGAGGTCAGGAGCTCGAGACCAGCCTGGCCAACATGGTGAAACCCTGTCTCTACTAAAAATACTTTTAAAAAAATTAGTCGGGTGGGGTGGCGTGTGCCTGTAATCCCATTACTGAGGAGGCTGAGGCAGGAGAATTGCTTGAACCCGGGATGCGGAGGTTGCAGTGAGCCTAGATCGCACCACTGCACTCCAGCCTGGGCAATAAGAGCGAAACTCTGTCTCAAACAAAAAAAA"
"chr1","52959454","52959746","chr12","4252086","4252382","40","48707368","GTGGCTCACACCTGTAATCCCTGCACTTTCGGAGGCTGAGGCGGGTGGATCACCTGAGGTCAGGAGTTCGAGGCCAGCCTGGCCAACATGGTGAACCCCCCCCCCCCGTCTCTACTAAAAATACAAAACATTAGCTGGGAGTGGTGGTGCACGCCTGTAATCCCAGCTACTCAGGAGGCTGAGGCAGGATAATCACTTGAACCCAGGAGGCGGAGGTTGCAGTGAGCCGAGATCGTGCCACTGCACTTCAGCCTGGGCAACAAGAGCAAAACTCCGTCTAAAAAAAAAAAGAA","GGCCGGGTGCAATGGCTCACGCCTGTAATCCCAGCACTTTGGGAGGCTGAGGCGGGTGGATCACCTGAGGTCAGGAGTTCAAGACCAGCCTGACCAACATGGTGAAACCCCGTCTCTACTAAAAATACAAAAAATTAGCTGGGCATGGTGGTGCACACCTATAATCCCAGCTACTCAGGAGGCTGAGGCAGGAGAATCACTTGAACCCAGGAGGCGGAGGTTGCAGTGAGCAGAGATCGTGCCACTGCACTCCAGCCTGGGCAACAAGAGTGAAACTCCATCCCAAAAAAAAGAAAA"
"chr1","53051751","53052059","chr1","52597474","52597779","3","454277","GGCCGGGTGTGGTGGCTCATGCCTGTAATCCCAGCACTTTGGGAGGCCAAGGCAGGTGGATCACCTGAGGTCAGGAGATCAAGACCAGCCTGGCCAACATGGTGAAACCCCGTCTCTACTAAAAATACAAAAATTAGCTGGGCATGGTTGCAGGCGCCTGTAATCCTAGCCACTCAGGAGGTTGAGGCAGGAGAATTGCTTGAACCGGGAAGAAGGAGGTTGCAGTGAGCCGAGATCGCGCCACTACACTCAAGCCTGGGCAACAAGAGACAAAACTCTGTCTACAAAAAAAAANAAAAAAAAAAAAAA","GGCCGGGTGTGGTGGCTCATGCCTGTAATCCCAGCACTTTGGGAGGCCAAGGCAGGTGGATCACCTGAGGTCAGGAGATCAAGACCAGCCTGGCCAACATGGTGAAACCCCGTCTCTACTAAAAATACAAAAATTAGCTGGGCATGGTTGCAGGCGCCTGTAATCCTAGCCACTCAGGAGGTTGAGGCAGGAGAATTGCTTGAACCGGGAAGAAGGAGGTTGCAGTGAGCCGAGATCGCGCCACTACACTCAAGCCTGGGCAACAAGAGCAAAACTCTGTCTCAAAAAAAAAAAAAAAAAAAAAAA"
"chr1","53088949","53089245","chr1","52636233","52636529","1","452716","GGCCAGGCGTCGTGGCTCATGCCTGTAATTCCAGCACTTTGCAAGGCCAACGTGGGTAGATCACCTGAGGTCAGGAGTTTGAGACCAGCCTGGCCAACGTGGTGAAACCTCATCTCTAGTAAAAATACACAAAAAATTAGGCAGGAGTGGTAGCGTGTGCCTGTAGTCCCAGCTACTCAGGAGGCTGAGGAGGGAGAATCACTTGAACCCGGGAGGTGGAGGTTGCAGTGAGCCGAGATTGCACCACTGCACTCCAGCCTGGGCAGCAAGTGTGAAGCTCCATCTCAAAAAAAGAAA","GGCCAGGCGTCGTGGCTCATGCCTGTAATTCCAGCACTTTGCAAGGCCAACGTGGGTAGATCACCTGAGGTCAGGAGTTTGAGACCAGCCTGGCCAACGTGGTGAAACCTCGTCTCTAGTAAAAATACACAAAAAATTAGGCAGGAGTGGTAGCGTGTGCCTGTAGTCCCAGCTACTCAGGAGGCTGAGGAGGGAGAATCACTTGAACCCGGGAGGTGGAGGTTGCAGTGAGCCGAGATTGCACCACTGCACTCCAGCCTGGGCAGCAAGTGTGAAGCTCCATCTCAAAAAAAGAAA"
"chr1","53103941","53104245","chr1","52651237","52651541","5","452704","GGCCGGGCACAGCGGCTCACACCTGTAATCCCAACACTTTGGAAGGCAAAGGTGGGTGGATCACCTGAGGTCAGGAGCTCGAGACCAGCCTGGCCAACATGATGAAACCCCGTCGCTACTAAAAATAAAAAATTAGTCGGGTGTGGTGGCAGGTGCCTGTAATCCCTGCTACTTAGGAGGCTGAGGCAGGAGAATCGCTTGAACCCAGGAGGCAGAGGTTGCAGTGAACCAAGATCTTGCTACTGCACTCCAGCCTGGGCAAGCAACAAGAGTGAACTCCATCTACTAAAAAAAAAAAAAAAAAA","GGCCGGGCACAGCGGCTCACACCTGTAATCCCAACACTTTGGAAGGCAAAGGTGGGTGGATCACCTGAGGTCAGGAGCTCGAGACCAGCCTGGCCAACATGATGAAACCCCGTCTCTACTAAAAATAAAAAAATTAGTCGGGTGTGGTGGCAGGTGCCTGTAATCCCTGCTACTTAGGAGGCTGAGGCAGGAGAATCGCTTGAACCCAGGAGGCAGAGGTTGCAGTGAACCAAGATCTTGCTACTGCACTCCAGCCTGGGCAAGCAACAAGAGTGAAACTCCATCTCAAAAAAAAAAAAAAAAAA"
"chr1","53128579","53128889","chr1","52676325","52676635","2","452254","GGCTGGACATGGTGGCTCATGCCTGTAATCCCAGCACTTTGAGAGGCCAAGGAGGGGAGATCGCCTGAGGCCAAGAGTTCAAGACCAGCCTTGCCAACATGGTGAAACCGTCTCTTACTAAAAATACAAAATTTGCCAGGTGCGGTGGTGGGCGCCTGTAATCCCAGCTACTCAGGAGGCTGAGGCAGGAGAATCACTCAAGCCCAGGAGGCAGAGGTTGCAGTGAGCTGAGATCATGCCACTGCACTCCAGCCTGGACAACAAGAGCAAAACTCTGACTCAAACAAAGAATAAAATAAAATAAAATAAAA","GGCTGGACATGGTGGCTCATGCCTGTAATCCCAGCACTTTGAGAGGCCAAGGAGGGGAGATCGCCTGAGGCCAAGAGTTCAAGACCAGCCTTGCCAACATGGTGAAACCGTCTCTTACTAAAAATACAAAATTTGCCAGGTGTGGTGGTGGGCGCCTGTAATCCCAGCTACCCAGGAGGCTGAGGCAGGAGAATCACTCAAGCCCAGGAGGCAGAGGTTGCAGTGAGCTGAGATCATGCCACTGCACTCCAGCCTGGACAACAAGAGCAAAACTCTGACTCAAACAAAGAATAAAATAAAATAAAATAAAA"
"chr1","53242582","53242830","chr1","52784333","52784578","4","458249","GGCTGGGCGCAGTGGGTCACACCTGTAATCCCAGCACTTTGGGAGGGTGAAACCCCATCTCTACTAAAAATACAAAAAATTAGCCAGGTGTGGTGGCAGATGCCTTTAATCTCAGCTATTCGGGAGGCTGAGGCAGGAGAATCGCTTGAACCCCACAGGTGGAGGTTGCAGTAAGCTGAGATCACACCACTGCACTCCAGCCTGGGCATCAAGAGTGAAACTCTGTCTCAAAAATAAATAAATAAATAA","GGCTGGGCGCAGTGGGTCACACCTGTAATCCCAGCACTTTGGGAGGGTGAAACCGCATCTCTACTAAAAATACAAAAAATTAGCCAGGTGTGGTGGCAGATGCCTTTAATCTCAGCTATTCGGGAGGCTGAGGCAGGAGAATCGCTTGAACCCCACAGGTGGAGGTTGCAGTAAGCTGAGATCACACCACTGCACTCCAGCCTGGGCATCAAGAGTGAAACTCTGTCTCAAAAATAAATAAATAAA"
"chr1","53389060","53389129","chr1","24066526","24066587","11","29322534","GATTGCACCACTGCACTCCAGTCTGGGCGAACAAGAAGCGAAACTACCGTCTCAAAAAAAAAAAAAAGAA","GTGCCACTGAACTCCAGCCTGGGCAACAAGAGCAAAACTCCGTCTCAAAAAAAAAAAAAAGA"
"chr1","53406124","53406407","chr1","52949298","52949582","3","456826","GGCCAGGCGTGGTGGCTCACGCCTGTAATCCCAGCACTTTGGGAGGCCGAGGTAGGTGGATTACCTGAGATCAGGAGTTCACAACCAGCCTGGAGAACATGGTGAAACCCTGTCTCTACTAAAAATACGAAAAATAAGAGGGCGTGGTGGTGGGTGCTTGTAATCCCAGCTACTTGGGAGGCTGAGGCAGGAGAATCACTTGAACCCAGGAGGTGGAGGTTGCAGTGAGCCGAGACCGAGCCACTGCACTCCAGCCTGGGCAACAAGAGTTTCGTCTCAAAAAA","GGCCAGGCGTGGTGGCTCACGCCTGTAATCCCAGCACTTTGGGAGGCCGAGGTAGGTGGATTACCTGAGATCAGGAGTTCACAACCAGCCTGGAGAACATGGTGAAACCCTGTCTCTACTAAAAATACGAAAAAATAAGAGGGCGTGGTCGTGGGTGCTTGTAATCCCAGCTACTTGGGAGGCTGAGGCAGGAGAATCACTTGAACCCAGGAGGTGGAGGTTGCAGTGAGCCGAGACCAAGCCACTGCACTCCAGCCTGGGCAACAAGAGTTTCGTCTCAAAAAA"
"chr1","53407176","53407483","chr1","52950351","52950658","1","456825","GGCTGGGCGCGGTGGCTCATGCCTGTAATCTCAGCACTTCGAGAGGCCAGGGCAGGTGGATCACCTGAGGTCAGGAGCTCAAGACCAGCCTGGCCAACATGGCGAAATCCCATCTCTACTAAAAATACAAAAATTAGCCAGGCATGGTGGCACGTGCCTGTAATCCCAGCTACTCAGGAGGCTGAAGCAGGAAGATCGCTTGAACCGAGAAGGCAGTTTTCTGTGAGCTGAGATCGGGCCACTGCACTCCAGCCTGGGCAACAAGAGCGAAACTGTCTCAAAAATGAATAAATAAATAAATAAACAAA","GGCTGGGCGCGGTGGCTCATGCCTGTAATCTCAGCACTTCGAGAGGCCAGGGCAGGTGGATCACCTGAGGTCAGGAGCTCAAGACCAGCCTGGCCAACATGGCGAAATCCCATCTCTACTAAAAATACAAAAATTAGCCAGGCATGGTGGCACGTGCCTGTAATCCCAGCTACTCAGGAGGCTGAAGCAGGAAGATCGCTTGAACCGAGAAGGCAGTTTGCTGTGAGCTGAGATCGGGCCACTGCACTCCAGCCTGGGCAACAAGAGCGAAACTGTCTCAAAAATGAATAAATAAATAAATAAACAAA"
"chr1","53592897","53593210","chr1","53152883","53153195","2","440014","GGCCGGGCGCAGCGGCTCACGCCTGTAATCCCAGCACTTTGGAAGGCCAAGGCAAGCGGATCACCTGAGGTCAGGAGTTCGAGACCAGCCTGGCCAACATGGTGAAGCCACGTCTCTACTAAAAATACAAAAATTAGCCGGGTGTGGTGCCGGGTGTTTGTAATCCCAGCTACTCGGGAGGCTAAGGCAGGAGAATCACTTGAACCCGGGAGGTGGAGGTTGCAGTGAGCCGAGATCGCACCACTGCACTCCAGCCTGGGCAACAAGAGCGAAACTCCATCTACACAAAAAAAAAAAAAAAAAAAAAAAAAAAA","GGCCGGGCGCAGCGGCTCACGCCTGTAATCCCAGCACTTTGGAAGGCCAAGGCAAGCGGATCACCTGAGGTCAGGAGTTCGAGACCAGCCTGGCCAACATGGTGAAGCCACGTCTCTACTAAAAATACAAAAATTAGCCGGGTGTGGTGCCGGGTGTTTGTAATCCCAGCTACTCGGGAGGCTAAGGCAGGAGAATCACTTGAACCCGGGAGGTGGAGGTTGCAGTGAGCCGAGATCGCACCACTGCACTCCAGCCTGGGCAACAAGAGCGAAACTCCATCTCAAAAAAAAAAAAAAAAAAAAAAAAAAAAAA"
"chr1","53659418","53659700","chr1","53225912","53226194","0","433506","GGCCAGGCGCAGTGGCTCATGGAGAATGTAATCCCAGCACTTTGGGAGGCCAAGACAAGTGGATCACTTGAGGTCAGGAGTTCTAGAGCAGCCTGGCCAACATGGTGAAACGCTGTCTCTACTAAAAATACAAAAAATTAGCCAGGTGTGGTGGCGGCTCCTAGCTACTTAGGAGGCTGAGGCAGGAGAATCCTGGAGGCAGAGGTTGAGGGAGCCAAGATTGTGCCACTGCACCCCAGCTTGGGCAACAAGAGTGAAACTCCGTCTCAAAAACAAACAAAAA","GGCCAGGCGCAGTGGCTCATGGAGAATGTAATCCCAGCACTTTGGGAGGCCAAGACAAGTGGATCACTTGAGGTCAGGAGTTCTAGAGCAGCCTGGCCAACATGGTGAAACGCTGTCTCTACTAAAAATACAAAAAATTAGCCAGGTGTGGTGGCGGCTCCTAGCTACTTAGGAGGCTGAGGCAGGAGAATCCTGGAGGCAGAGGTTGAGGGAGCCAAGATTGTGCCACTGCACCCCAGCTTGGGCAACAAGAGTGAAACTCCGTCTCAAAAACAAACAAAAA"
"chr1","53682990","53683306","chr1","53249257","53249577","7","433733","GGCCGGGCACAGTGGCTTATGCCTGTAATCCCAGCACTTTGGGAGGCTTAGGTGGGCGGATCACCTGAGGTCAGGAGTTTGAGACCAGCCTGGCCAACATGGTGAAACCCCGTCTCTACTAAAAAAAAATAATAATAATACAAAAATTAGCCGGGCATGGTGGCAGGTGCCTGATATCTCAGCTACTCGGGAGGCTGAGGCAGGAGAATCGCTTGAACCCAGGAGGCAGAGGTTCCAGTGAGCCGAGATCGCGCCACTGTACTCCAGCCTGGGGAACAAGAGCGAGACTTCGTCTCAAAAAAAAAAAAAAAAAAGAA","GGCCGGGCACAGTGGCTTATGCCTGTAATCCCAGCACTTTGGGAGGCTTAGGCGGGCGGATCACCTGAGGTCAGGAGTTTGAGACCAGCCTGGCCAACATGGTGAAACCCCGTCTCTACTAAAAAAAAAAAATAATAATACAAAAATTAGCCGGGCATGGTGGCAGGTGCCTGATATCTCAGCTACTTGGGAGGCTGAGGCAGGAGAATCGCTTGAACCCAGGAGGCAGAGGTTCCAGTGAGCCGAGATCGCGCCACTGTACTCCAGCCTGGGGAACAAGAGCGAGACTTCGTCTCAAAAAAAAAAAAAAAAAAAAAAGAA"
"chr1","53760894","53761176","chrX","109052172","109052452","29","55291278","GGCTGGGTACGGTGGCTCACACCTATAATCCCAGCACTTTGGGAGGCTGAGGTGGGTGGATCACCTGAGGTCAGGAGTTTGAGACCAGCCTGTCCAACATGGTGAAATCCCTTCTCTACTAAAAATACAAAAACTTAGACGGGCATAGTGGTGGGCCTCTGTAATCCCAGCTACTCGGGAGGCTGAGGCAGGAGAGTCACTTGAACCCAGGAGGCAGAGGTTGCAGTGAGCTGAGATCATGCCACTGCACTCCAGCCTGGGCAACAAGAGCAAAACTCTGTCT","GACTGGGCATGGTGGCTCACACCTGTAATCCCAGCACTTTGCGAGGCCGAGGTGGGCGGATCACCTGAGGTCAGGAGTTCGAGACCAGCCTGGCCAACATGGTGAAACCCTGTCTCTACTAAAAACACAAAAATTAGCCGGGCATGGTGGTGGGCGCCTGTAATCCCAGCTACTCGGGAGGCTGAGGCAGGAGAATCACTTGAACCCGGGAGGCGGAGGTTGCAGTGAGCCGAGATTGCACCACTGCACTCCACCCTGGGCAACAAGAGCAAAACTCCATC"
"chr1","53792829","53792982","chr1","53364805","53364943","15","428024","GCTGGGCGTGGTGGCGGGCGCCTGTAATCCCAGCTACTTGGGAGGCTGAGGCAGGAGAATCACTTGAACTCGGAAGGCACAGGTTCAGTGAGCCGAGATCGCGCCACTGCACTCCAGGCTGGGCAATGAGCGAAACTGCGTCCCCAAAAAAAAA","GGGCGTGGTGGCGGGCGCCTGTAATCCCAGCTACTTGGGAGGCTGAGGCAGGAGAATCACTTGAACTCGGAAGGCACAGGTTCAGTGAGCCGAGATCGCGCCACTGCACTCCAGGCTGGGCAATGAGCGAAACTGCGTC"
"chr1","54698362","54698688","chr1","54289209","54289518","18","409153","GGCCAGGCATGGTGGCTCATGCCTGTAATCCCAACACTTTGGGAGGCCAAGGTGGGTGGATCACCTGAGGTCAGGAGTTTGAGACCAGCCTGACCAACATGGTGAAACCCCATCTCTACTAAAAATACAAAAACTAGCCAGGCATGGTGGCAGGCACCCGTAATCCCAGCTACTTGGGAGGCTGAGGCAGGAGAATCGCTTGAATCCAGGAGGCAGAGGTTGCAGTGAGCCAAGATTGCGCCACTGCACTCCAGCCTGGGCAACAAGAGCGAAACTCCGTCTCAAAAATAAATAAAATAAAATAAAATAAATAAATAAATAAATAAA","CATGCCTGTAATCCCAACACTTTGGGAGGCCAAGGTGGGTGGATCACCTGAGGTCAGGACTTTGAGACCAGCCTGACCAACATGGTGAAACCCCATCTCTACTAAAAATACAAAAACTAGCCAGGCATGGTGGCAGGCACCCGTAATCCCAGCTACTTGGGAGGCTGAGGCAGGAGAATCGCTTGAATCCAGGAGGCAGAGGTTGCAGTGAGCCAAGATTGCGCCACTGCACTCCAGCCTGGGCAACAAGAGCGAAACTCCGTCTCAAAAATAAATAAAATAAAATAAAATAAATAAATAAATAAATAAA"
"chr1","54786142","54786442","chr1","54378012","54378313","1","408130","GGTCAGGCGCAGTGGCTAACACCTGTAATCCCAGCACTTTGGGAGGCTGAGGCAGGCAGATCACCTGAGGTCAGGAGTTTGAGACTAACCTGGCCACCATGGTGAGACCCCCAACTCTACTAAAAATACAAAAATTGGCCAGGTGTGGTGGCAGGTGCCTGTAATCCCAGCTACTCAGGAGGCTGAGGCAGGATAATTACTTGAACCCAGGAGGCACAGGTTGCAGTGAGCTGAGATTGTACGACTGCACTCCAGCCTGGGCAACAAGAGAGAAACTCCGTCTCAAAAAAGAAAAAAAAAA","GGTCAGGCGCAGTGGCTAACACCTGTAATCCCAGCACTTTGGGAGGCTGAGGCAGGCAGATCACCTGAGGTCAGGAGTTTGAGACTAACCTGGCCACCATGGTGAGACCCCCAACTCTACTAAAAATACAAAAATTGGCCAGGTGTGGTGGCAGGTGCCTGTAATCCCAGCTACTCAGGAGGCTGAGGCAGGATAATTACTTGAACCCAGGAGGCACAGGTTGCAGTGAGCTGAGATTGTACGACTGCACTCCAGCCTGGGCAACAAGAGAGAAACTCCGTCTCAAAAAAGAAAAAAAAAAA"
"chr1","54826803","54827051","chr14","29570994","29571242","41","25255809","CCAAGGTGGGTGGATCACCTGAGGTCAGAAGTTTGAGACCAGCCTGGCCAACATGGCAAAACCCCCATCTCTACTAAAAGTACAAAAATTAGCCGGCGTGGTGGGGGGCGCCTATAATCCCAGCTATCAGGAGGCTGAGGCAGGAGAATAGCTTGAACCTGGAGGTGGAGGTTGCAGTGAGCCAAGATCACGCCACTGCACTCCAGCCTGGACAACAAGAGCAAGACTCCGTCTAAAGAAATAAATAAA","AGGCCAAGGTGGGAAGATCACCTGAGGTCAGGAGTTTGAGACCAGCCTGGCCAACATGGTGAAACCCCATCTCTACTAAAAATACAAAAATTAGCTGGGCGTGGTGGTGCACATCTGTAATCTCAGCTACTCGGGAGGCTGAGGCAGGAGAATGCCTTGAACCTGGGAGGCAGAGGTTGCAGTGAGCCAAGATTGCTCCACTGCACTCCAGGCTGGACAAGAGTGGAACTCCATCTCAAAAAAAAAAAA"
"chr1","54845121","54845382","chr14","49809535","49809793","31","5035586","GTGGGTGGATCACCTGAGGTCAGGNGTTTGAGACCAGCCTGGCCAACATGGTGAAACCCCGTCTCTATTAAAAGTACAAAAAAATTTAGCCAGGCATGGTGGTGAGTGCCTGTAACCCCAGCTACTTGGGAGGCTGAGGCAGGAGAATTGCTTGAACCCGGGAGGCAGAGGTTGCAGTGAGCTGAGATTGCGCCACTGCACTCCAGCCTGAGCAATAAGAGCAAAACTCTGTCTCAAAAAAACAGAAAAAAATTAAAAAGAA","GGGCGGATCACCTGAGGTCAGGAGTTTGAGACCAGCCTGGCCAACATGGTGAAACCCTGTCTCTACTAAAAATACAAAAATTAGCCAGGCATGGTGGTGGGTGCCTGTAATGCCAGCTACTTGGGAGGCTCAGGCAGGAGAATTGCTTGAACCCGGGAGGCAGAGGTTGCAGTGAGCTGAGAACATGCCATTGCACTCCAGCCTGGGCAACAAGAGCAGAACTCTGTCCAAAAAAAAAAAACAAAGAAAAAGAAAAAAA"
"chr1","54867386","54867657","chr8","19728571","19728823","47","35138815","GGGTGGATCACCTGAGGTCAGGTCAGGACTTCGAGACCAGCCTGCCAGCCTGGCCAACATGGTGAAACCTTATCTCTACTAAAAATACAAAAATTAGCTGGGCACAGTGGCGGGTACCTGTAATCCCAGCTGCTTGGGAGGTGGAGACAGGAGAATCGCTTGAATCCAGAAGGCAAAGGTTGCAGTGAGCTGAGATTGCACCACTACACTCCAGCCTGGGCAACAAGAGTGAAACTCCATCTACAAAAAAAAAAAAAAAAAAGGAAAAGAAA","CGGATCACGAGGTCAGGAGTTCGAGACCAGCCTGACCAACATGGTGAAACCCCATCTCTACTAAAAATACAAAAATTAGCCAGGCATGGTGGCACGTGCCTGTAGTCCCAGCTGCTCGGGAGGCTGAGGCAGAAGAATTGCTTGAACCCGGGAGGCAGAGGTTGCAGTGAGCCGAGATCACATCACTGCACTCCAGCCTGGGCAACAAGAGTGAAACTCCATCTCAAAAAAAAAAAAAAAAAAGAAAAGGAAA"
"chr1","55064359","55064584","chr7","148341109","148341333","37","93276750","CAGCCTGGCCAACATGGTGAAACCCCATCTGTACTAAAAACGTAAAATTAGTCAGGTGTGGTGGCACATGCCTGTAATCCCAGCTACTTGGAAGGCTGAGGCAGGAGAATCGCTTGAACCTGGGAGGCGGAGGTTGCAGTGAACCAAGATAGCGCCACTGCACCCCAGCCTGGGCAACAAGAGCAAAACTCCATCTCAAAAAAAAAGAAAGGAAAAGAAAAGATAA","AGACAAGTTGGCCAACATGGTGAAACCCCGTCTCTGCTAAAAATACAAAAAATTAGCCAGGCATGGTGGCATGCACCTGTAATCCCAGCTACTCAGGAGGCTGAGGCAGGAGAATCACTTGAACCTGGGAGGTGGAGGTTGCAGTGAGCCAAGATCGCACCACTGCACTCCAGCCTGGACAACAAGAGCGAAACTCCATCTCAAAAAAAAAAAGGAAAAGAAAAA"
"chr1","55111491","55111859","chr1","54724404","54724714","98","387087","GGCTGGGCACAGTGGCTCACGCCTGTAATCCCGATACTTTCGGAGGCTGAAGTGGGAGGATCACTTGAGCCCAGGAGTTCGAGACCAGCCTGGGCAATGAAGTGAGACCCCATCTCTACAAAAAATTNNNNNNNNNNNNNNNNNNNNNNNNNNNNNNNNNNNNNNNNATGGTGAAACCCCGTCTCTACTAAAAATACAAATACCAGCCCGACATGGTCGTGGGCGCCTATAATCCCAGCTACTTGGGAGGCTGAGTAATAAGAATCGCTTGAACCTGGGAGGTGGAGGTTGCAGTGAACCGAGATCATGCCACTGCTCTCCTGCCTGGGCAACAAGAGTGAGACTTCATCTCCAAAAAAAAAAAAAAAA","GGCTGGGTGCGGTGGCTCACACCTGTAATCCCAGCACTTTGGGAGGCTGAGGTGGGTGGATCCTGAGGTAAGGAGTTCGAGACCAGCCTGGCCAACATGGTGAAACCCCGTCTTTACTAAAAATACAAATACCAGCCCGACATGGTCGTGGGCGCCTATAATCCCAGCTACTTGGGAGGCTGAGTAATAAGAATCGCTTGAACCTGGGAGGTGGAGGTTGCAGTGAACCGAGATCATGCCACTGCTCTCCTGCCTGGGCAACAAGAGTGAGACTTCATCTCCAAAAAAAAAAAAAAAAAAAAAAAAAAAAA"
"chr1","55206941","55207248","chr1","54822116","54822423","0","384825","GCCGGGCATGGTGGCTCACACCTATAATCCTAGCACTTTGGGAGGCTGAGGCAGGTAGTTCACCTGAGGTCAGGAGTTCGAGACCAGCCTGGCCAAGATGGCGAAACCCCATCTCTACTAAAAATACAAAAATTAGCCAGGCATGTTGGCGGGCGCCTGTAATTCCAGCTACTTGGGAGGCTGAGGGTAGGAGAATTGCTTGAACCAAAGGGGCGGAGGTTGCAGTGAGCTGAGATCGTGCCACTTCACTCCAGCATGGGCAAAAAAGCAAAACTCCATCAAAGAAAGAAAGAAAAGAAAGAACGAAA","GCCGGGCATGGTGGCTCACACCTATAATCCTAGCACTTTGGGAGGCTGAGGCAGGTAGTTCACCTGAGGTCAGGAGTTCGAGACCAGCCTGGCCAAGATGGCGAAACCCCATCTCTACTAAAAATACAAAAATTAGCCAGGCATGTTGGCGGGCGCCTGTAATTCCAGCTACTTGGGAGGCTGAGGGTAGGAGAATTGCTTGAACCAAAGGGGCGGAGGTTGCAGTGAGCTGAGATCGTGCCACTTCACTCCAGCATGGGCAAAAAAGCAAAACTCCATCAAAGAAAGAAAGAAAAGAAAGAACGAAA"
"chr1","55510349","55510661","chr1","55135283","55135595","0","375066","GACCAGGCACAGTGGCTCACACCTGTAATCCCAGCATTCTGGGAGGCCGAGCTGGGTGGATCACCTGAGGTCAGGAGTTCGAGACCAGCCTGGCCAACATGGCGAAATCCTGTCTTTACTAAAATACAAAAAATTAGCCATGCATGGTGGCACCCGTCTGTAATCCCAGCTACTTGGGAGGCTGAGGCAGGAGAGTCGCTTGAACCTGGGAGGCAGAGGTTGCAGTGAGCCGAGATTGCGCCACTGCACTCCAGCCTGGGCAACAGGAGCGAAACTCCGTCTCAAAAAATAAATAAATAAATAAATAAATAAA","GACCAGGCACAGTGGCTCACACCTGTAATCCCAGCATTCTGGGAGGCCGAGCTGGGTGGATCACCTGAGGTCAGGAGTTCGAGACCAGCCTGGCCAACATGGCGAAATCCTGTCTTTACTAAAATACAAAAAATTAGCCATGCATGGTGGCACCCGTCTGTAATCCCAGCTACTTGGGAGGCTGAGGCAGGAGAGTCGCTTGAACCTGGGAGGCAGAGGTTGCAGTGAGCCGAGATTGCGCCACTGCACTCCAGCCTGGGCAACAGGAGCGAAACTCCGTCTCAAAAAATAAATAAATAAATAAATAAATAAA"
"chr1","55527055","55527366","chr1","55152823","55153141","12","374232","GGCCAGGGGTGGTGGCTCACACCTGTAATATCAGCACTTTGGGAGACCCAGGCAGGTGGGTCATCTGAGGTCAGGAGTTTGAGACCAGCCTAGCCAATGTGGTGAAACTCCATCTCTACTAAAAATAACAAAAATTAGCTGGGCATGATGGCGGGCGCCTGTAATCCCAGCTACTCAACAGGCTGAGGCAGGAAAATCACTTGAACCCAGGAGGCAGAGGTTATAGTGAGCCAAGATTGCTCCACTGCACTCCAGCCTGGGCAACAAGAGTGAAACTCTGTCTCAAAATAAATAAATAAATAAACAAACAAA","GGCCGGGGGCGGTGGCTCACACCTGTAATATCAGCACTTTGGGAGACCCAGGCAGGTGGGTCATCTGAGGTCAGGAGTTTGAGACCAGCCTAGCCAATGTGGTGAAACTCCGTCTCTACTAAAAATAACAAAAATTAGCTGGGCATGGTGGCGGGCGCCTGTAATCCCAGCTACTCAACAGGCTGAGGCAGGAAAATCACTTGAACCCAGGAGGCAGAGGTTATAGTGAGCCAAGATTGCTCCACTGCACTCCAGCCTGGGCAACAAGAGCGAAACTCTGTCTCAAAATAAATAAATAAATAAACAAACAAATAAATAA"
"chr1","55743251","55743551","chr1","55371725","55372042","25","371526","GGCTAGGCATGGTGGCTCATGCCTATAATCCCAGCTCTTTTGGGAGGCCAAGGCAGGTGGACCACCTGAGGTCAGGAGTTTGAGACCAGCCTGGCCAACATGGTGAAACCCCGCCCTCTGCTAAAAAAAAAATACAAAAGATTAGTTGGGCGTGGTGGTGGGTGCCTGTAATCCCAGTTACTCAGGAAGCTGAGGCAGGAGAATCGCTTGAATCTGGGAGGCGGAGGTTGCAGTGAGCCGAGATTGCGCCACTGCACTCCAGCCTGGGCAACAAGAGTGAAACTCTGTCTCAAAAAAAAAA","GGCTAGGCATGGTGGCTCATGCCTATAATCCCAGCTCTTTGGGAGGCCAAGGCAGGTGGACCACCTGAGGTCAGGAGTTTGAGACCAGCCTGGCCAACATGGTGAAACCCCGCCTCTACTAAAAAAAAAAATACAAAAAATTAGTTGGGCGTGGTGGTGGGTGCCTGTAATCCCAGTTACTCAGGAAGCTGAGGCAGGAGAATCGCTTGAATCCGGGAGGCGGAGGTTGCAGTGAGCCGAGATTGCGCCACTGCACTCCAGCCTGGCCAACAAGAGTGAAACTCTGTCTCAAAAAAAAAAAAAAAAAAAAAAAGATAA"
"chr1","55802982","55803285","chr1","55427060","55427361","4","375922","GGCCAGGCGTGGTGGCTCACGCCTGTAATCCCAGCACTTTGGGAGGCTGAGGCATGCGGATTACCTGAGGTCAGGAGTTTGAGACCAGCCTGGCCAACATGGTGGAACCCCATCTCTACTAAAAATACAAAAATTAGCCAGGGGTAGTAGCAGGCGCCTGTAATCCCAATTACTTGGGAGGCTGAGACAGGAGAATCGCTTGAACCCAGGAGGCTGAGGTCGCAGTGAGCCGAGATTGTGCTACTGCACTCCAGCCTGGGCAACAAAGAGTGAAATTCTGTCTCAAAAAAAAAAAAAAAAAAAA","GGCCAGGCGTGGTGGCTCACGCCTGTAATCCCAGCACTTTGGGAGGCTGAGGCATGCGGATTACCTGAGGTCAGGAGTTTGAGACCAGCCTGGGCAACATGGTGGAACCCCATCTCTACTAAAAATACAAAAATTAGCCAGGGGTAGTAGCAGGCGCCTGTAATCCCAATTACTTGGGAGGCTGAGACAGAAGAATCGCTTGAACCCAGGAGGCTGAGGTCGCAGTGAGCCGAGATTGTGCTACTGCACTCCAGCCTGGGCAACAAAGAGTGAAATTCTGTCTCAAAAAAAAAAAAAAAAAA"
"chr1","55836103","55836410","chr1","55460940","55461247","0","375163","GGCTGGGTGCAGTGGCTCAAGCCTGTAATCCCTGCACTTTGGGAGGCCAGGGTGGGTCGATCACCTGAGGTCAGGAGTTTGAGACAAACCTGGTCAACATGGTGAAACCCCATCTCTACTAAAATTACTAAAATTACAAAAATTAGCCAGGTGTGGTGGCGGGCAGCTTGTAATCCCAGCTACTCGGGAGGCTGAGGCATGAGAATTGCTTGAACCTGGGAGGTGGAGGTTGCAGTGAGCCAAGATCCTGCCACTGTACTCCAGCCTGGGGAAGAAGAGCGAAACTCGGTCTCAAAAAAAAGAAAAAA","GGCTGGGTGCAGTGGCTCAAGCCTGTAATCCCTGCACTTTGGGAGGCCAGGGTGGGTCGATCACCTGAGGTCAGGAGTTTGAGACAAACCTGGTCAACATGGTGAAACCCCATCTCTACTAAAATTACTAAAATTACAAAAATTAGCCAGGTGTGGTGGCGGGCAGCTTGTAATCCCAGCTACTCGGGAGGCTGAGGCATGAGAATTGCTTGAACCTGGGAGGTGGAGGTTGCAGTGAGCCAAGATCCTGCCACTGTACTCCAGCCTGGGGAAGAAGAGCGAAACTCGGTCTCAAAAAAAAGAAAAAA"
"chr1","55841104","55841429","chr1","55465946","55466271","8","375158","GGCCAGGCGTGGTGGCTCATGCCTGTAATCCCAGCACTTTGGGAGGCCAAGGCGGGTGGATCACCTGAGGTCAGGAGTTCAAGACCAGCCTGGCCAACATGGAGAAACCCTATCTCTACTAAAAGTACAAAAATTAGCCGGGCGTGGTGGCGGGCGCCTATAATCCCAGCTACTCAGGAGGCTGAGGCAAAAGAATCGCTTGAACCGGGGGCGGGGAGGGGTGGGAGGGCGGGGGTTGCAGTGAGCCAAAATCACACTGCTTCACTCCAGCCTAGCAAAGAGTGAAACTCTGTCTCAAACAAAAAAAAAAAAAGAAAAAGAAAAAA","GGCCAGGTGTGGTGGCTCATGCCTGTAATCCCAGCACTTTGGGAGGCCAAGGCGGGTGGATCACCTGAGGTCAGGAGTTCAAGACCAGCCTGGCCAACATGGAGAAACCCTATCTCTACTAAAAGTACAAAAATTAGCCGGGCGTGGTGGCGGGCGCCTATAATCCCAGCTACTCAGGAGGCTGAGGCAAAAGAATCGCTTGAACCGGGGGCGGGGAGGGACGGGAGGGCGGGGGTTGCAGTGAGCCAAAATCACACTGCTTCACTCCAGCCTAGCAAAGAGTGAAACTCTGTCTCAACAAAAAAAAAAAAAAAAAGAAAAAAGAA"
"chr1","56150749","56151038","chr1","55774325","55774613","4","376424","GGCCAGGCACAGTGGCTCATGCCTGTAATCCCAGCACTTCGGGAGGCAGAGGCAGGTGGATCACCTGAGGTCAGGAGTTCGAGACCAACATGACAAAACCCTATCTCTACTAAAAATGCAAAAAAAAAAAAAATAGCAGGGCACTGTGGCGCACCTGTAATCCCAGCTATTCAGGAAGCTGAGGCAGGAGAATTGCTTGAACTGGAGAGGAGGAGGTTGCAGTGAGCTGAGATCACGCCACTGCACGCCAGCCTGTGACAAAAGAGCAAAACTGCCTCCAAAAAAAAAAA","GGCCAGGCACAGTGGCTCATGCCTGTAATCCCAGCACTTCGGGAGGCAGAGGCAGGTGGATCACCTGAGGTCAGGAGTTCGAGACCAACATGACAAAACCCTATCTCTACTAAAAATGCAAAAAAAAAAAAAAATAGCAGGGCACTGTGGCACACCTGTAATCCCAGCTATTCAGGAAGCTGAGGCAGGAGAATTGCTTGAACTGGAGAGGAGGAGGTTGCAGTGAGCTGAGATCACGCCACTGCACGCCAGCCTGTGCAAAAGAGCAAAACTGCCTCAAAAAAAAAAA"
"chr1","56201645","56201955","chr1","55827510","55827824","4","374135","GGCTGGGCGCAGTAGTTCACGCCTGTAATCCCAGCACTTTGGGAGGCCGAGGTGGGTGGATCACCTGAGGTCAGGAGTTCAAGTCTGGCCAACATGGTGAAACCCCGTCTTTACTAAAAATACAAAATTAGCTGGGTGTGGTGGTGCACACCTGTACCCCCAGCTACCTGGGAGGCTGAGGCAGGAGAATTGATTGAACCCAGGAGATGGAGGTTGCAGGGAGCCAAGATCACATCACTGCACTCCCTCCAGCCTGGGCAACAAGAGAGAAACTCCATCTAAAAAAAAAACCAAAACCAAAAACCAAAAAA","GGCTGGGCGCAGTAGTTCACGCCTGTAATCCCAGCACTTTGGGAGGCCGAGGTGGGTGGATCACCTGAGGTCAGGAGTTCAAGTCTGGCCAACATGGTGAAACCCCGTCTTTACTAAAAATACAAAATTAGCTGGGTGTGGTGGTGCACACCTGTACCCCCAGCTACCTGGGAGGCTGAGGCAGGAGAATTGATTGAACCCAGGAGATGGAGGTTGCAGGGAGCCAAGATCACATCACTGCACTCCCTCCAGCCTGGGCAACAAGAGAGAAACTCCATCTAAAAAAAAAAAAACCAAAAACCAAAAACCAAAAAA"
"chr1","56358506","56358800","chr1","55989602","55989896","0","368904","GCCAGGCACTGTGGCTCATGCCTGTAATCCCAGCACTTTGGGAGGCCAACGTGGGTGGATCACTTGAGGTCAGGAGTTTGACACCAGCCTGACCAACATGGTGAAACCCCCTCTCTACTAAAAATACAAAAAATGAGCCAGGCATGGTGGCAGGTGCCTATAATCCCAGCTTCTTGAGAGGCTGAGGCAGGAGAATGGCTAGAACCTGGGAGACGAAGGTTGCAGTGAGCCAAGATCAGACCACTGCACTCCAGCCTGGGCAACAAGGGTGAAACTCTGTCTCAAAAAAAAAAAA","GCCAGGCACTGTGGCTCATGCCTGTAATCCCAGCACTTTGGGAGGCCAACGTGGGTGGATCACTTGAGGTCAGGAGTTTGACACCAGCCTGACCAACATGGTGAAACCCCCTCTCTACTAAAAATACAAAAAATGAGCCAGGCATGGTGGCAGGTGCCTATAATCCCAGCTTCTTGAGAGGCTGAGGCAGGAGAATGGCTAGAACCTGGGAGACGAAGGTTGCAGTGAGCCAAGATCAGACCACTGCACTCCAGCCTGGGCAACAAGGGTGAAACTCTGTCTCAAAAAAAAAAAA"
"chr1","57367905","57368212","chr1","56888127","56888437","4","479778","GGCCAGGCGCAGTGGCTCACGCCTGTAATCCCAGCACTTTGGGAGGCCGAGGCGGGTGGATCACCCGAGGTCTAGAGTTCGAGACCAGCCTGACCAACATGGTGAAATCCCATCTCTACTAGAAATACAAATTAGCCGGGTGTGTTCGTGGGCACTTGTAATCCCAGCTACTCGGGAGGCTGAGGCAGGAGAATCTCTTGAACCCAGGGGACGGAGGTTGCAGTGAGCCAAGATCACACCACTGCACTCCAGCCTGGGCAACAAGAGCAAAACTCCATCTCAAAACAGAAAAAAAAAAAAGATAAAAA","GGCCAGGCGCAGTGGCTCACGCCTGTAATCCCAGCACTTTGGGAGGCCGAGGCGGGTGGATCACCCGAGGTCTGGAGTTCGAGACCAGCCTGACCAACATGGTGAAATCCCATCTCTACTAGAAATACAAATTAGCCGGGTGTGTTCGTGGGCACTTGTAATCCCAGCTACTCGGGAGGCTGAGGCAGGAGAATCTCTTGAACCCAGGGGACGGAGGTTGCAGTGAGCCAAGATCACACCACTGCACTCCAGCCTGGGCAACAAGAGCAAAACTCCATCTCAAAACAGAAAAAAAAAAAAAAAGATAAAAA"
"chr1","58688865","58689162","chr1","58235330","58235627","3","453535","GCCGGGAGCGGTGGCTCACACCTGTAATCCCAGCACTTGGGGAGGCAGAGTGAGTGGATCACCTGAGGTCAGGAGTTCGAGACCAGCCTGACCAACATAGTGAAACCCCTGTCTCTACTGAAAATACAAAAATTAGTCAGCTGTGATGGCAGGCACCTGTAATCCCAGCTACTTGGGAGGCTGAGGCAGGGGAATCAGTTGAACCTAGGAGGTGGAGGTTGCAGTGAGCTGAGATGGTGCCACTGCACTCCAGCCTGGGCAACAAGAGTGAGATTCCGTCTCAAACAAAACAAAAAAA","GCCGGGAGCAGTGGCTCACACCTGTAATCCCAGCACTTGGGGAGGCAGAGTGAGTGGATCACCTGAGGTCAGGAGTTCGAGACCAGCCTGACCAACATAGTGAAACCCCTGTCTCTACTGAAAATACAAAAATTAGTCAGGTGTGATGGCGGGCACCTGTAATCCCAGCTACTTGGGAGGCTGAGGCAGGGGAATCAGTTGAACCTAGGAGGTGGAGGTTGCAGTGAGCTGAGATGGTGCCACTGCACTCCAGCCTGGGCAACAAGAGTGAGATTCCGTCTCAAACAAAACAAAAAAA"
"chr1","58700006","58700315","chr1","58247098","58247407","2","452908","GGCCGGGCGCGGTGGCTCACACCTGTAATCCCAGCACTTTGGGAGGCTGAGGTGGGCGCATCACCTGAGGTCAGGAGTTCGAGACCAGACTGCCCAACATGGTGAAACCCCGTCTCTACTAAAAATACAAAAAATTAGCCGGGCGTGGTGGCAGGCACCTGTAATTGCAGCTATTCAGGTGGCTGAAGCTGGAGAATCGCTTGAACCCGGGAAGTGGAGGTTGCAGTGAGCCGAGATCATGCCACTGTCCTCTAGCCTGGGCAACAAGAGTGAAACTCCATCTCAAAAACAAACAAACAAACAAGCAAAA","GGCCGGGCGCGGTGGCTCACACCTGTAATCCCAGCATTTTGGGAGGCTGAGGTGGGCGCATCACCTGAGGTCAGGAGTTCGAGACCAGACTGCCCAACATGGTGAAACCCCGTCTCTACTAAAAATACAAAAAATTAGCCGGGCGTGGTGGCAGGCACCTGTAATTGCAGCTATTCAGGTGGCTGAAGCTGGAGAATCGCTTGAACCCGGGAAGTGGAGGTTGCAGTGAGCCGAGATCATGCCACTGTCCTCTAGCCTGGGCAACAAGAGTGAAACTCCATCTCAAAAACAAACAAACAAACAAGCAAAC"
"chr1","59672179","59672467","chr9","98068880","98069173","54","38396701","GGCCGGGCAAGGTGGCTTATGCCTGTAATCCTAGCACTTTGGGAGTCTGAGGTGGGCGGATCACCTGAGGTCAGGAGTTCAAGACCAGCCTGGCCAACACAGTGAAACCCCATCTCTACTAAAAAATAGAAAACTTAGCTGGGTGTGGTGGCAGGCACCTATAATCCCAGCTACTCGGGAGGCTGAGGTAGGAGAATCGCTTGAACCTCGGAATCAGAGGTTGCAGTGAGCCAAGATCACGCCACTGCACTNNNNNNNNNNNNNNNNNNNNAAAAAAAAAAAAAAAAAA","GCCGGGCACGGTGGCTCATGCCTGTAATCCCAGCACTTTGGGAGGCTGAGGCGGGCGGATCACCTGAGGTCAGGAGTTCCAGACCAGCCTGGCCAACATGGTGAAACCCCGTCTCTACTAAAAATACAAAAAATTAGCCGGGTGTGGTTGCAGGCACCTGTAATCCCAGCTACTCTGGAGGCTGAGGCAGGAGAATCGCTTGAACCCAGGAAGCAGAGGTTGCAGTGAGCCAAGATCGTGCCACTGCACTCTGGCCTGGGCAACAAGAGTGAAACTCCATCTCAAAAACAAAAA"
"chr1","60956755","60957043","chr1","60542273","60542560","2","414482","GAGTGCAGTGGCTCACGCCTGTAATCCCAGCACTTTGGGAGGCCAAGGCAGGTGGATCACCTGAGGTCAGGAGTTCGAGACCAGCCTGGCCAACATGGTGAAACCCCGTTTCTACTAAAAATACAAAAATGAGCCGGCCGTGGTGGCAGGCGCCTGTAGTCCCAGCTACTTGGGAGGCTGAGGCAGGAAAATCACTTGAACCCAGAAAGTGGAGGTTGCAGTGAACCGGGATCATGCCACTGCACTCCAGCCTGGGCAACAAGAGCGAAACTCCATCTCAAAAAAAAAA","GAGTGCAGTGGCTCACGCCTGTAATCCCAGCACTTTGGGAGGCCAAGGCAGGTGGATCACCTGAGGTCAGGAGTTCGAGACCAGCCTGGCCAACATGGTGAAACCCCGTTTCTACTAAAAATACAAAAATGAGCCGGCCGTGGTGGCAGGCGCCTGTAGTCCCAGCTACCTGGGAGGCTGAGGCAGGAAAATCACTTGAACCCAGAAAGTGGAGGTTGCAGTGAACCGGGATCATGCCACTGCACTCCAGCCTGGGCAACAAGAGCGAAACTCCATCTCAAAAAAAAA"
"chr1","61169588","61169893","chr1","60756345","60756659","10","413243","GGCTGGGCGCAGTGGCTCACACCTGTAATCCCAGCACTTTGGGAGGCCGAGGTGGGCGGATCACCTGAGGTCAGGAGTTCAAGACCATCCTGGCAAGCATGGTGAAAACCTGTGTCTACCAAAAAATACAAAAAATATCTGGGCGTGGTGGCGGGTTCCTGTAGTCCCAGCTACTCAGGAGGGTGAGGCAGGAGAATCGCTTGAACCCAGGAGCTGGAGGTTGCAGTGAGCCAAGATCACGCCACTGCACTCTAGCCTAGACAAAATGAGTGAAACTCTGTCTCAATAAATAAATAAATAAATAAA","GGCTGGGCGCAGTGGCTCACACCTGTAATCCCAGCACTTTGGGAGGCCGAGGTGGGCGGATCACCTGAGGTCAGGAGTTCAAGACCATCCTGGCAAGCATGGTGAAAACCTGTGTCTACCAAAAAATACAAAAAATATCTGGGCGTGGTGGCGGGTTCCTGTAGTCCCAGCTACTCAGGAGGGTGAGGCAGGAGAATCGCTTGAACCCAGGAGCTGGAGGTTGCAGTGAGCCAAGATCACGCCACTGCACTCTAGCCTAGACAAAAAGAGTGAAACTCTGTCTCAATAAATAAATAAATAAATAAATAAATAAAT"
"chr1","61559501","61559792","chr1","61030009","61030302","4","529492","CTGGGTGCGGTGGCTCACGCCTGTAATCCCCACACTTTGGGAGGCTGTGGCGGGTGGATCACCTGAGGTCAGGAGTTCAAGACCTGCCTGGCCAACATGATGAAACCCTATCTCTACTAAAAATACAAAAAATTAGCTGGGCATGGTGGTGGGTGCCTATAATCCCAGCTACTCAGGAGGCTGAGACAAGAGAATTGCTTGAACCTGGGAGGTGGAGTTTGCAGTGAGCTGAGATTGTGCCACTGCACTCCAGCCTGGGCAACAAGAGTCAAATTCTTAAAAAAAAAAAAAA","CTGGGTGCGGTGGCTCACGCCTGTAATCCCCACACTTTGGGAGGCTGTGGCGGGTGGATCACCTGAGGTCAGGAGTTCAAGACCTGCCTGGCCAACATGATGAAACCCTATCTCTACTAAAAATACAAAAAATTAGCTGGGCATGGTGGTGGGTGCCTATAATCCCAGCTACTCAGGAGGCTGAGACAAGAGAATCGCTTGAACCTGGGAGGTGGAGGTTGCAGTGAGCTGAGATTGTGCCACTGCACTCCAGCCTGGGCAACAAGAGTCAAATTCTTAAAAAAAAAAAAAAAA"
"chr1","61859599","61859880","chr1","61331898","61332198","19","527701","GCCGGGCATGGTGGCCCACGCCTGTAATCCCAACACTTTGGGAGGCTGAGCAGGCGGATCACCTGAAGTCAGGAGTTCAAGGTCAGCCTGGCCAACATGGCAAAACCCTGTCTCTACCAAAAATACAAAAATTAGCCGGGCGTGGTGGTGGGCACCTGTAATCCCAACTACACAGGAGGCTGAGGCAGAGGAATTGCTTGAACCCGGGAGGCGGAGGTTGCAGTGAGCCGAGATTGTGCCACTGTACTCCAGCCTGGGCAACAAGAGCGAGAACCTGTCTCA","GCCGGGCATGGTGGCCCACGCCTGTAATCCCAACACTTTGGGAGGCTGAGCAGGCGGATCACCTGAAGTCAGGAGTTCAAGGTCAGCCTGGCCAACATGGCAAAACCCTGTCTCTACCAAAAATACAAAAATTAGCCGGGCGTGGTGGTGGGCACCTGTAATCCCAACTACACAGGAGGCTGAGGCAGAGGAATTGCTTGAACCCGGGAGGCGGAGGTTGCAGTGAGCCGAGATTGTGCCACTGTACTCCAGCCTGGGCAACAAGAGCGAGAACCTGTCTCAAAAATAAAATAAAATAAAA"
"chr1","62578743","62579024","chr14","34868007","34868289","30","27710736","GGCCGGGTGCGGTGGTTCACACCTGTAATCCCAGCAGTTTGGGAGGCCAAGGCGGGTGGATCACCTGAGGTCAGGAGTTCAAGACCAGCCTGGCCAACATGGTAAAACCCCGTCTCTACTAATAATACAAAAATTAGCTGGGCATGGTGGCGGGCACCTGTAATCCGGCTACTCCGAAGGCTGAGGCAGGAGAATCGCTTGAACCTGGGAGGCAGAGGATCACACCACTGCACTCCAGCCTGGGCAACAAGAGCAAAACTCTGTCTAAAAGAAAAAAAAAAA","GGCCAGGTACAGCGGCTCACACCTGTAATCCCAGCACTTTGGGAGGCCAAGGCAGGTGGATCACCCGAGGTCAGGAGTTCAAGACTAGCCTGGCCAACATGGTGAAACCCCATCTCTACTAAAAATACAAAAAACTAGCCAGGCATGGTGGTGGGCACCTGTAATTCCAGCTACTCGGGAGGCTGAGGCAGGAGAATCGCTTGAACCCGGGAGGCGGAGGTCACAGCACTGCACTCCAGCCTGGACAACAAGAGCGAAACTCCGTCTCAAAAAAAAAAAAAAA"
"chr1","62665675","62665980","chr1","62155433","62155738","2","510242","GGTCAGGCGCGGTGGCTCACGCCTGTAATCCTAGCACTTTGGGAGGCTGAGGCGGGTGGATCACCTCAGGTCAGGAGTTCAAGACCAGCCTGGCCAACATGGCGAAACCCCGTCTCTACTAAAAATACAAAAAGCAGCTGGGCATGGCAGCAGGCATCTATAATTCCAGCAACTTGGGAGGCTGAGGCAGGAGAATTGCTTGAACCTGGTGGGTGGAGGTTGCAGTGAGCTGACATCTTGCCGCTTCACTCCAGCCTGGGCAAAAGAGCGAAACTCCATCTCAAAAAAGAAAGAAAGAAAAAAAAA","GGTCAGGCGCGGTGGCTCACGCCTGTAATCCTAGCACTTTGGGAGGCTGAGGCGGGTGGATCACCTCAGGTCAGGAGTTCAAGACCAGCCTGGCCAACATGGCGAAACCCCGTCTCTACTAAAAATGCAAAAAGCAGCTGGGCATGGCAGCAGGCATCTATAATTCCAGCAACTTGGGAGGCTGAGGCAGGAGAATTGCTTGAACCTGGTGGGTGGAGGTTGCAGTGAGCTGACATCTTGCTGCTTCACTCCAGCCTGGGCAAAAGAGCGAAACTCCATCTCAAAAAAGAAAGAAAGAAAAAAAAA"
"chr1","62825342","62825627","chr1","62316303","62316587","4","509039","GGCCAGGTGCGGTGGCTCACGCCTGCAATCCCAGCAGTTTGGAAGGCCAAGGTGGGTGGATCACCTGAGGTCAGGAGTTCGAGACCAACATGGAGAAACCCCGTCTCTACTAAAAATACAAAAATTAGCTTGGTGTGGTGGCAGGTGCCTGTAATCCCAGCTACTTGGGAGGCTGAGGCAGGAAAATCGCTTGAACCCAGGAGGCAGAGATTGCAGTGAGCCGAGATCACGCCACTGCGCTCCAGCATGGGCAACAGAAACTCCGTCTAAAAATAAAAAATAAAAA","GGCCAGGTGCGGTGGCTCACGCCTGCAATCCCAGCAGTTTGGAAGGCCGAGGTGGGTGGATCACCTGAGGTCAGGAGTTCGAGACCAACATGGAGAAACCCCGTCTCTACTAAAAATACAAAAATTAGCTTGGTGTGGTGGCAGGTGCCTGTAATCCCAGCTACTTGGGAGGCTGAGGCAGGAGAATCGCTTGAACCCAGGAGGCAGAGATTGCGGTGAGCCGAGATCACGCCACTGCGCTCCAGCATGGGCAACAGAAACTCCGTCTAAAAATAAAAATAAAAA"
"chr1","62841079","62841381","chr1","62333327","62333633","5","507752","GGCCAGGCACAGTGGCTCATGCCTATAATCCTAGCACTTTGAGAGGCCAAGGCAGGTGGATCACCTGAGGGCAGGAGTTCGAGACCAGCCTGGCCAAAATGATGAAACCCCGTCTCTACTAAAAATACAAAAGAAATAGCCGAGTGTGATGGTGGGCGCCTGTAGTCCCAGCTACTCGGGAGGCTGAGGCAGGAGAATCACTTGATTCCAGGAGGTGGAGGTTGCAGTGAGCCAAGATCTGGCCACTGCACTCCAGCCTGGGCAACAAGAGCGAAACTCCATCTCAAAAAAAAAGAAAAGAAA","GGCCAGGCACAGTGGCTCATGCCTGTAATCCTAGCACTTTGAGAGGCCAAGGCAGGTGGATCACCTGAGGGCAGGAGTTCGAGACCAGCCTGGCCAAAATGATGAAACCCCGTCTCTACTAAAAATACAAAAGAAATAGCCGAGTGTGATGGTGGGCGCCTGTAGTCCCAGCTACTCGGGAGGCTGAGGCAGGAGAATCACTTGATTCCAGGAGGTGGAGGTTGCAGTGAGCCAAGATCTGGCCACTGCACTCCAGCCTGGGCAACAAGAGCGAAACTCCATCTCAAAAAAAAAAAAAGAAAAGAAA"
"chr1","62871075","62871357","chr1","62364382","62364664","2","506693","GGCTGGGCACGGTGGCTCACGCCTATAATCCCAACACTTTGGGAGGCCCAGGTGGGCAGATCACTTGAAGCCAGGAGTTTGAGACCAGCCTGGCCAACATGGTGAAACCCATCTCTACTAAAAATACAAAAATTAGCCCAGTGTGGTGGCATGCACCTGTAATTCCAGCTACTCGGGAGGCTGAGGCAGGAGAATCACTTGAACCCAGGAGGTGGAGGTTGCAGTAAGCTGAGATCATGCCACCGCACTCCAGCCCGGGCATCAAGAATGAAACTCCATCTCA","GGCTGGGCACGGTGGCTCACGCCTATAATCCCAACACTTTGGGAGGCCCAGGTGGGCAGATCACTTGAAGCCAGGAGTTTGAGACCAGCCTGGCCAACATGGTGAAACCTATCTCTACTAAAAATACAAAAATTAGCCCAGTGTGGTGGCATGCACCTGTAATTCCAGCTACTCGGGAGGCTGAGGCAGGAGAATCACTTGAACCCAGGAGGTGGAGGTTGCAGTAAGCTGAGATCATGCCACCGCACTCCAGCCTGGGCATCAAGAATGAAACTCCATCTCA"
"chr1","63219137","63219435","chr1","62719723","62720027","7","499414","GGCCAGGCTCAGTGGCTCATGCCTGTAATCCCTGCGTTTTGGGAGGCCGAGACGGGTGGATCGCCTGAGGTCAGGAGTTCGAGACCAGCCTGGCCAACATGATGAAACCCTGTCTCTATTAAAAATACAAAAAATTAGCCAGGTGTAGTAGCGGGCACCTGTAATCCCAGCTACTTGGGAGGCTGAGGCAGGAGAATTGCTTGAACCCGGGAGGTGGAAGTTGCAGTGAGCCAAGATTGCACTACTGCACTCCAGCCTGGGCAACAAGAAGGAAACTCCATCTCAAAAAAAAAAAAAAA","GGCCAGGCTCAGTGGCTCATGCCTGTAATCCCTGCGTTTTGGGAGGCCGAGACGGGTGGATCGCCTGAGGTCAGGAGTTCGAGACCAGCCGGGCCAACATGATGAAACCCTGTCTCTATTAAAAATACAAAAAATTAGCCAGGTGTAGTAGCGGGCACCTGTAATCCCAGCTACTTGGGAGGCTGAGGCAGGAGAATTGCTTGAACCCGGGAGGTGGAAGTTGCAGTGAGCCAAGATTGCACTACTGCACTCCAGCCTGGGCAACAAGAAGGAAACTCCATCTCAAAAAAAAAAAAAAAAAAAAA"
"chr1","63666327","63666629","chr1","63174249","63174551","2","492078","GCTGGGCATGGTGGCTCACGCTTGTAATCCCAGCACTCTGGGAGGCCAAGGTAGGCAAATCACCTGAGGTCAGGAGTTCGAGACCAGTCTGGCCAACATGGTGAAACCCTGTCTCTACTAAAAATACAAAAATTAGCCAGGCTTGGTTGGGGGTGCCTGTAATTCCAGATACTCGGGAAGCTGAGACAGGAGAATCGCTTGAACCCAGGAGGGGGAAGTTGCAGTGAGCTGAGATCACGACACTGCACTCCAGCCTGGGCAACAAAGAGCAAAACTCCGTCTCAAAAATAAATAAATAAAAAA","GCTGGGCATGGTGGCTCACGCTTGTAATCCCAGCACTCTGGGAGGCCAAGGTAGGCAAATCACCTGAGGTCAGGAGTTCGAGACCAGTCTGGCCAACATGGTGAAACCCCGTCTCTACTAAAAACACAAAAATTAGCCAGGCTTGGTTGGGGGTGCCTGTAATTCCAGATACTCGGGAAGCTGAGACAGGAGAATCGCTTGAACCCAGGAGGGGGAAGTTGCAGTGAGCTGAGATCACGACACTGCACTCCAGCCTGGGCAACAAAGAGCAAAACTCCGTCTCAAAAATAAATAAATAAAAAA"
"chr1","63822158","63822448","chr1","63333182","63333475","4","488976","GGCTGGGCATGGTGGCTCACACCTGTAATCCCAGCACTTTGGGATGCTGAGGCAAGCAGGAGTTTGAGGTCAGGAGTTTGAGACCAGCCTGGCCAACATGGCAAAACTAGTCTCTACTAAAAACACAAAAATTAGCTGGGCATGGTGGTGGGCACCTGTAATCCCAGCTACTCGGGAGGCTGAGGCTGGAGAATCACCTGAACCCGGGAGGGAGAGGTTGCAGTGAGCTGAGATCGTGCCACTTTACTCCAGCCTGGGCAACAAAAGTGAAACTCCATCTGAAAAAAAAAA","GGCTGGGCATGGTGGCTCACACCTGTAATCCCAGCACTTTGGGATGCTGAGGCAAGCAGGAGTTTGAGGTCAGGAGTTTGAGACCAGCCTGGCCAACATGGCAAAACTAGTCTCTACTAAAAACACAAAAATTAGCTGGGCATGGTGGTGGGCACCTGTAATCCCAGCTACTCGGGAGGCTGAGGCTGGAGAATCACCTGAACCCAGGAGGGAGAGGTTGCAGTGAGCTGAGATCGTGCCACTTTACTCCAGCCTGGGCAACAAAAGTGAAACTCCATCTGAAAAAAAAAAAAA"
"chr1","63825114","63825428","chr1","63336676","63336984","8","488438","GGCTGGGTGCAGTAGCTCTAGCCTATAGTCCCAGCACTTTGGGAGGCCAAGGTGGGTAGATCATTGAGGTCAGGAGTTCGAGACCAGCCTCGCCAACGTGGTGACACCCTGTCTCTACTAAAAATACAAATAGAATTTAACCAGGCATGGTGGCGGATGCCTGTAATCCCAGCTACTCGGGAGCCTGAGGCAGGAGAATCACTTGAACCCAGGAGGCGGAGGTTGTAGTGAGCCGAGATCACGTCACTGCATTCCAGCCTGGGCAGCAAGAGCGAAACTCCATCTCAGAAAAAACAAAACAAAACAAAACAAAAA","GGGTGCAGTAGCTCTAGCCTATAGTCCCAGCACTTTGGGAGGCCAAGGCGGGTAGATCATTGAGGTCAGGAGTTCGAGACCAGCCTCGCCAACGTGGTGACACCCTGTCTCTACTAAAAATACAAATAGAATTTAACCAGGCATGGTGGCGGATGCCTGTAATCCCAGCTACTCGGGAGCCTGAGGCAGGAGAATCACTTGAACCCAGGAGGCGGGGTTGTAGTGAGCCGAGATCATGTCACTGCATTCCAGCCTGGGCAGCAAGAGCGAAACTCCATCTCAGAAAAAACAAAACAAAACAAAACAAAA"
"chr1","64111936","64112241","chr1","63627356","63627661","3","484580","CCAGGCACGGTGGCTCACACCTGTAATCCCAACACTTTGGGAGGCTGAGGCGGGTGGATCACCTGAGGTCAGGAGTTCGAGACCAGCCTAGCCAACATGGCAAAACCCCGTCTCTACTAAAAATACAAAAAATAGCCGGGTGTGGTGGGGAGCACTTGTAATCCCAGCTACTCAGGAGGATGAAGCAAGAGAATCGCTTGAACTCGGGAGGTGGAAGTTGAAGTGAGCCGAGATCGCGCCACTGCACTCCAGCCTGGGCAATAAGAGTGAAACTCAGTCTCAAATAAATAAATAAATAAAATAAAA","CCGGGCACGGTGGCTCACACCTGTAATCCCAACACTTTGGGAGGCTGAGGTGGGTGGATCACCTGAGGTCAGGAGTTCGAGACCAGCCTAGCCAAAATGGCAAAACCCCGTCTCTACTAAAAATACAAAAAATAGCCGGGTGTGGTGGGGAGCACTTGTAATCCCAGCTACTCAGGAGGATGAAGCAAGAGAATCGCTTGAACTCGGGAGGTGGAAGTTGAAGTGAGCCGAGATCGCGCCACTGCACTCCAGCCTGGGCAATAAGAGTGAAACTCAGTCTCAAATAAATAAATAAATAAAATAAAA"
"chr1","64132714","64133005","chr1","63647827","63648118","4","484887","GCCCAGTGTGGTGGCTCATGCCTGTAATCTCAGCACTTTGGGAGGCCAAGGCATGTGGATCATGAAGTCAGGAGATTGAGACCAGCCTGGCCAACATGGTGAAACCCCATCTCTACTAAAAATACAAAAATTAGCCGGGCATGGTGGTGGGTGCTGTAATCCCAGCTACTTGAGAGGCTGAGGCAGGAGAATTGCTTGAACCTGGGAGGCGGAGGTTGCGGTGAGCTGAAACCATGCCACTGCACTCCAGCCTGGGCAACAAGAGCAAAACTCTGTCTAAAAAAGAGAAAAA","GCCCAGTGTGGTGGCTCATGCCTGTAATCTCAGCACTTTGGGAGGCCAAGGCATGTGGATCATGAAGTCAGGAGATTGAGACCAGCCTGGCCAACATGGTGAAACCCCATCTCTACTAAAAATACAAAAATTAGCTGGGCATGGTGGTGGGTGCTGTAATCCCAGCTACTTGGGAGGCTGAGGCAGGAGAATCGCTTGAACCTGGGAGGCGGAGGTTGAGGTGAGCTGAAACCATGCCACTGCACTCCAGCCTGGGCAACAAGAGCAAAACTCTGTCTAAAAAAGAGAAAAA"
"chr1","65407673","65407957","chr1","64857946","64858233","4","549727","GGCGAGGCGCGATGGCTCACGCCTGTAATCCCAACACTTTGGGAGGCCAAGGTGGGTGGATCACCTGAGGTCAGGAGTTTGAGACCAGCCTGGCCAACATGGTAAAACCCCATCCCTACTAAAAAAAAAATTAGCTGGGCATGGTGGTGAATGCCTGTAGTCCCAGTTACTTGGGAGGCTGAGGTGAGAGAATCACTTGATCCCAGGAGGCAGAGGTTGCAGTGAGCTGAAAGCACACCACCGCACTCCAGCCTGGACAATGGGAGTGAAACCCTGCCTCAAAAA","GGCGAGGCGCGATGGCTCACGCCTGTAATCCCAACACTTTGGGAGGCCAAGGTGGGTGGATCACCTGAGGTCAGGAGTTTGAGACCAGCCTGGCCAACATGGTAAAACCCCATCCCTACTTAAAAAAAAAATTAGCTGGGCATGGTGGTGAATGCCTGTAGTCCCAGTTACTTGGGAGGCTGAGGTGAGAGAATCACTTGATCCCAGGAGGCAGAGGTTGCAGTGAGCTGAAAGCACGCCACCGCACTCCAGCCTGGACAATGGGAGTGAAACCCTGCCTCAAAAAAA"
"chr1","66178357","66178675","chr1","65631357","65631675","3","547000","GGCCGGGCACGGTGGCTCACGCCTGTAATCCCAGCACTTTGGGAGGCCAAGGTGGGTGGATCACCTGAGTTCAGGAGTTCTAGACCAGCCTGGCCAACATGGTAAAACCCTGTCTCTAGCAAAAATACAAAAAATTAGGCAGGCATGTTTGCAGATGCCTATAATCCCAGCTACTACTTGGGAAGCTGAGGGAGGAGAATCACTTGAATCCAGGAGGCGGAGGTTGCAGTGAGCAGAGATCTCACCACTGCACTCCAGCCTGGGCAAGAAGAGCAAAACTCTGTCTCAAAACAAAACAAAAAAATCTGGAAAAGAAAAA","GGCCGGGCACGGTGGCTCACGCCTGTAATCCCAGCACTTTGGGAGGCCGAGGTGGGTGGATCACCTGAGTTCAGGAGTTCTAGACCAGCCTGGCCAACATGGTAAAACCCTGTCTCTAGCAAAAATACAAAAAATTAGGCAGGCATGTTGGCAGATGCCTATAATCCCAGCTACTACTTGGGAAGCTGAGGGAGGAGAATCACTTGAATCCAGGAGGCGGAGGTTGCAATGAGCAGAGATCTCACCACTGCACTCCAGCCTGGGCAAGAAGAGCAAAACTCTGTCTCAAAACAAAACAAAAAAATCTGGAAAAGAAAAA"
"chr1","66224778","66225073","chr1","65680328","65680633","11","544450","CTGGGCACGGTGGCTCACACCTGTAATCCCAGCACTTTGGGAGGCCAAGGTGAGTGGATCCCCTGAGGTCAGGAGTTTGAGACAAGCCTGGCCAACATGGTGAAACCCCGTCTCTACTAAAAATACAAAAAATTAGCCGGGCGTGGTGGTGGGTGCCTGCAATCCCAGCTACTTGGGAGGCTGAGGCAGGAGAATTGCTTAAACCCAGGAGGCAGAGGTTGCAGTGAGCCGAGATCGTACCACTACACTCCAGCCTGGGCAACAAGAGCAAAACTCCCTCTCAAAAAAAAAAAAAA","CTGGGCACGGTGGCTCACGCCTGTAATCCCAGCACTTTGGGAGGCCAAGGTGAGTGGATCCCCTGAGGTCAGGAGTTTGAGACAAGCCTGGCCAACATGGTGAAACCCCGTCTCTACTAAAAATACAAAAAATTAGCCGGGCGTGGTGGTGGGTGCCTGCAATCCCAGCTACTTGGGAGGCTGAGGCAGGAGAATTGCTTAAACCCAGGAGGCAGAGGTTGCAGTGAGCCGAGATCGTACCACTACACTCCAGCCTGGGCAACAAGAGCAAAACTCCCTCTCAAAAAAAAAAAAAAAAAAAAAAAA"
"chr1","66238992","66239294","chr1","65694869","65695173","3","544123","GGCCGGGCATGGTGGCTCACACCTGTAATCCTAACACTTTGGGAGGTCAAGGTGGGTGGATCACCTGAGGTCAGGAGTTCAAGACCAGCCTGGCCAACATGGTGAAACCCCGTCTCTACTAAAAATACAAAAATTAGCCAGGCACGGTGGTGGGTGCCTGTAATCCCAGCTACTTGGGAGGCTGAGACAGGAGAATTGCTTGAACCTGGGAGGCAGAGGTTGCAGTGAGCTGAGATTATGCCACTGCATTCCAGCCTGGGCAAAAGAGCAAAACTCTGACTACAAAAAAAAAAAAAAAAAAAA","GGCCGGGCATGGTGGCTCACACCTGTAATCCTAACACTTTGGGAGGTCAAGGTGGGTGGATCACCTGAGGTCAGGAGTTCAAGACCAGCCTGGCCAACATGGTGAAACCCCGTCTCTACTAAAAATACAAAAATTAGCCAGGCACGGTGGTGGGTGCCTGTAATCCCAGCTACTTGGGAGGCTGAGACAGGAGAATTGCTTGAACCTGGGAGGCAGAGGTTGCAGTGAGCTGAGATTATGCCACTGCATTCCAGCCTGGGCAAAAGAGCAAAACTCTGACTCAAAAAAAAAAAAAAAAAAAAAAA"
"chr1","66434997","66435295","chr1","65892677","65892976","2","542320","CCAGGCACGGTGGCTCATGCCTGTAATCCCAGCACTTTGGGAGGCCGAGGTAGGCGGATCACCTGAGGTCAAGAGTTTGAGACCAGCCTGGCCAACATGCTGAAACCCCGTCTCTACTAAAAACACAAAAGAATTAGCCGGGCATGGTGGTGTGTGCTTGTAATCCCAGCCACTTGGGAGGCTGAGGCAGGAGAATTGCTTGAACCCGGGAGGTGAGTCAAGATTGCGCCACTGCACTCCACCCTGGGCAACAAGAGTGTGAAAACTCCATCTCAAAAAAAAAAGAAAAAAGAAAAAAA","CCAGGCACGGTGGCTCATGCCTGTAATCCCAGCACTTTGGGAGGCCGAGGTAGGCGGATCACCTGAGGTCAAGAGTTTGAGACCAGCCTGGCCAACATGCTGAAACCCCGTCTCTACTAAAAACACAAAAGAATTAGCCGGGCATGGTGGTGTGTGCTTGTAATCCCAGCCACTTGGGAGGCTGAGGCAGGAGAATTGCTTGAACCCGGGAGGTGAGTCAAGATTGCGCCACTGCACTCCAGCCTGGGCAACAAGAGTGTGAAAACTCCATCTCAAAAAAAAAAGAAAAAAAGAAAAAAA"
"chr1","66486886","66487179","chr1","65946719","65947010","4","540167","GGCCGGGTGCAGTGGCCGACACCTGTAATCCCAGCACTTTGGGAAGCTGAGGTGGGTGGATCACCTGAAGTCAGGAGTTCAAGACCAGCCTGGCCAACATGGTGAAACCCCGTCTCTACTAAAAACACAAAAAATTAGCCGGGCATGGTGGTGGACGCCTGTAATCCCAGCTACCTGGGAGGCTGAAGCAGGAGAATTGCTTGAACCTGAAGGCAGAGGTTGCATTGAGCCGAGATCGCGCCACTGCACTCCAGCCTGGGCAACAAGAGCGAAACTCCATCTTAAGAAAAAAAA","GGCCGGGTGCAGTGGCCGACACCTGTAATCCCAGCACTTTGGGAAGCTGAGGCGGGTGGATCACCTGAAGTCAGGAGTTCAAGACCAGCCTGGCCAACATGGTGAAACCCCGTCTCTACTAAAAACACAAAAAATTAGCCGGGCATGGTGGTGGACGCCTGTAATCCCAGCTACCTGGGAGGCTGAAGCAGGAGAATTGCTTGAACCTGAAGGCAGAGGTTGCATTGAGCCGAGATTGCGCCACTGCACTCCAGCCTGGGCAACAAGAGCGAAACTCCATCTTAAGAAAAAA"
"chr1","66697809","66698118","chr1","66160426","66160725","11","537383","GGCTGGGTGCAGTGGCTCATGCCTGTAATCACAGCACTTTGGGAGGCCAAGGTGGGCGGATCACCTGAGGTCAGGAGTTCGAGACCAGCCTGGCCAACATGGCAAAACCCCGTCTCTACTAAAAGTACAAAAATTAACCGGGTGTGGTGGCAGGTGCCTGTAATCCCAGCTACTCAGGAGGCTGAGGCAGGAGAATTGCTTGAACCCGGGAAGCAGAGGTTGCAGTGAGTCGAGATCATGCCACTGCACTCCAGCCTGAGCAACAAGAGCGAAGCTCCATACTTAAAAAAAACAAAAACAAAAAACAAAA","GGCTGGGTGCAGTGGCTCATGCCTGTAATCACAGCACTTTGGGAGGCCAAGGTGGGCGGATCACCTGAGGTCAGGAGTTCGAGACCAGCCTGGCCAACATGGCAAAACCCCGTCTCTACTAAAAGTACAAAAATTAACCGGGTGTGGTGGCAGGTGCCTGTAATCCCAGCTACTCAGGAGGCTGAGGCAGGAGAATTGCTTGAACCCGGGAAGCAGAGGTTGCAGTGAGTCGAGATCATGCCACTGCACTCCAGCCTGAGCACCAAGAGCGAAGCTCCATCTTAAAAAAAAAAAAAAAAA"
"chr1","66855977","66856263","chr1","66320099","66320384","1","535878","GGCCAGGCATGGTGGCTCACGCCTGTAATCCTAGCACTTTGGGAGGCCAAGGCGGGTAGATCACCTGAGGTCAGGAGCTCGAGACTAGCCTGGCCAACATGGTGAAACCCCATCTCTACTAAAAATACAAAAAATTAGCTGGGTGTGGTGGCGGGCACCTGTAATCCCAGCTACTTGGGAGGCTAAGGCAAGAGAATCACTTGAACCTGGGAGGCTGAGATTGCATCACTGCCCTCCAGCCTGAGCAACAAGAGTGAAACTCTGTCTCAAAAAAAAAAAAAACAAAA","GGCCAGGCATGGTGGCTCACGCCTGTAATCCTAGCACTTTGGGAGGCCAAGGCGGGTAGATCACCTGAGGTCAGGAGCTCGAGACTAGCCTGGCCAACATGGTGAAACCCCATCTCTACTAAAAATACAAAAAATTAGCTGGGTGTGGTGGCGGGCACCTGTAATCCCAGCTACTTGGGAGGCTAAGGCAAGAGAATCACTTGAACCTGGGAGGCTGAGATTGCATCACTGCCCTCCAGCCTGAGCAACAAGAGTGAAACTCTGTCTCAAAAAAAAAAAAACAAAA"
"chr1","67255348","67255660","chr4","131139322","131139633","38","63883974","GGCCAGGCATGGTGGCTCACATCTGTAATCCCAGCACTTTGGGAGGCTGAGGCAGACAGATCCCCTGAGGTCAGGAGTTCAAGACGAGCCTGGCCAACGCGGTGAAACCCCATCTCTACTAAAAATATAAAAATTAGCCAGGCGTGGTGGCAGGCACCTGTAATACCCAGCTACTTGGGAGGCTGAGGCAAGAGAATCACTTGAATCCAGGAAGCAGAGGTTGCAGTGAGCCGAGATCTCACCACTGTACTCCAGCCTGGGCAACAGGAGGAAAACTCTGTCTCAAAAAAAAAAAAGAAGAAAAAAAGAAAAA","GGCCAGGCATGGTGGCTCACACCTGTAATCCCAGCACTTTGGGAGGCCAAGGCGGGCGGATCACCTGAGGTCGGAGTTCAAGACCAGACTGGCCAACATGGTGAAACCCCATCTCTACTAAAAATACAAGAATTAGCCAGGTGTGGTGGTGGGCACCTGTAGTCCCAGCTACTTGGGAGGCTGATGCAAGAGAATTGCTTGAACCCTGGAGGCAGAGGTTGCAGTGAGCTGAGATTTCACCATTGCACTCCAACTTGGGCAACAAGAGCGAAACTCTGTCTCAAAAAAAAAAAAAAAAAAAAAAAAGAGAAA"
"chr1","68026642","68026942","chr1","67510881","67511182","1","515761","GGTGGCTCATGCCTGTAATCCCAGCATGTTGGGAGGCCTAGGCAGGTGGATCACCTGAGGTCAGGAGTTCGAGATCAGTCTGGCTAACATGGTGACACCCCGTCTCTATTAAAAATACAAAAAATTAGCCAGGTGTAGTGGGGGGGGCGCCTGTAATCCCAGCTACTCGGGAGGCTGAGGCAGGAGAATTGCTTGAACCTGGGAGGTGGAGGTTGCAGTGAGCCAAGATGGCACCACTGCACTCCAGCCTGGGCAACAGGAGTGAAACTTGTCTCAAAAAAGAAAGAAAGAAAGAAAGAAA","GGTGGCTCATGCCTGTAATCCCAGCATGTTGGGAGGCCTAGGCAGGTGGATCACCTGAGGTCAGGAGTTCGAGATCAGTCTGGCTAACATGGTGACACCCCGTCTCTATTAAAAATACAAAAAATTAGCCAGGTGTAGTGGGGGGGGGCGCCTGTAATCCCAGCTACTCGGGAGGCTGAGGCAGGAGAATTGCTTGAACCTGGGAGGTGGAGGTTGCAGTGAGCCAAGATGGCACCACTGCACTCCAGCCTGGGCAACAGGAGTGAAACTTGTCTCAAAAAAGAAAGAAAGAAAGAAAGAAA"
"chr1","68272414","68272691","chr1","67759978","67760255","0","512436","GGTGGCTCACACCTATAATCCCAACACTTTGGGAGGCCAAGGCAGGTGGATCACCTGAGGTCAGGGAGTTCAAGAACAGCCTGGCCAACATGCTGAAACCCCATTTCTACTTAAAATACAAAAAATTAGCCAGGCTTGGTGGTGGGCACCTGTAATTCCAGCTACTCAGGAGGCTGAGGCAGGAGGATCACTTGAACCCAGAAGACGGAGGTTGCAGTGAGCCCAAATTGCGCCACTGCCCTCCAGCCTGGGCAACAAGAGCAAAACCCTGTCTCAAA","GGTGGCTCACACCTATAATCCCAACACTTTGGGAGGCCAAGGCAGGTGGATCACCTGAGGTCAGGGAGTTCAAGAACAGCCTGGCCAACATGCTGAAACCCCATTTCTACTTAAAATACAAAAAATTAGCCAGGCTTGGTGGTGGGCACCTGTAATTCCAGCTACTCAGGAGGCTGAGGCAGGAGGATCACTTGAACCCAGAAGACGGAGGTTGCAGTGAGCCCAAATTGCGCCACTGCCCTCCAGCCTGGGCAACAAGAGCAAAACCCTGTCTCAAA"
"chr1","68386534","68386843","chr1","67875345","67875655","3","511189","GGCCAGGCGTGGTGGCTCATGCTTGTAATCCCAGCACTTTGGTAGGCTGAGGTAGGTGGATCACCTGAGGTCAGGAGTTCGAGTCCAGCCTGGCCAATATGCTGAAACCCTGTCTCTACTAAAATTACAAAAATTAGCCGGCCATGGTGGCAGGTGCTTGTCATCCCAGCTACTTGGGAGGCTGAGGCAGGAGAATCACTTGAACCAGGAAGGCAGAGGTTGCACTCAGCTGAGATTGTGCCACTGCACTCCAGCCTGGGCAACAAGAGCAAAACTCTGTCTAGGAAAAAAAAAAAAAAAAAAAAAAGAA","GGCCAGGCGTGGTGGCTCATGCTTGTAATCCCAGCACTTTGGTAGGCTGAGGTAGGTGGATCACCTGAGGTCAGGAGTTCGAGTCCAGCCTGGCCAATATGCTGAAACCCTGTCTCTACTAAAATTACAAAAATTAGCCGGCCATGGTGGCAGGTGCTTGTCATCCCAGCTACTTGGGAGGCTGAGGCAGGAGAATCACTTGAACCAGGAAGGCAGAGGTTGCACTCAGCTGAGATTGTGCCACTGCACTCCAGCCTGGGCAACAAGAGCAAAACTCTGTCTGGAAAAAAAAAAAAAAAAAAAAAAAAGAA"
"chr1","68467331","68467634","chr1","68090592","68090895","6","376739","GGCCGGGTGCGGTGGCTCACGCCTGTAATCCTAGCACTTTGGGAAGCTGAGGCAGGCGGATCACTTGAGTCCAGGAGTTCAAGACCAGCCTGGCCAACATGGCGAAACCCCATCTCTAATAAAAATACAAAAAATTAGCTGGGAATGGTGGCAGGTGCCTATAATCCCAGCTACTCGGGAGGCTGAGGCAGGAGAATTGCTTGAACACGGGGGACGGAGGTTGCAGTGAGCTGAGATTATGCCACTTCACTCCAGCATGAGCAAAAGAGCAAAACTCCATCTAAAAAACAAAGAAAGAAAGAAA","GGCCGGGTGCGGTGGCTCACGCCTGTAATCCTAGCACTTTGGGAGGCTGAGGCGGGCGGATCACTTGGGTCCAGGAGTTCAAGACCAGCCTGGCCAACATGGTGAAACCCCATCTCTAATAAAAATACAAAAAATTAGCTGGGAATGGTGGCAGGTGCCTATAATCCCAGCTACTCGGGAGGCTGAGGCAGGAGAATTGCTTGAACACGGGGGACGGAGGTTGCAGTGAGCTGAGATTATGCCACTTCACTCCAGCATGAGCAAAAGAGTGAAACTCCATCTAAAAAACAAAGAAAGAAAGAAA"
"chr1","68580777","68581068","chr1","67973489","67973779","5","607288","GGCTGGGCACGGTGGCTCACGCCTGTAATCCCAGCACTTTGGGAGGTCAAGGCAGGCAGATCACCTGAGGTCAGGAGTTTGAGACCAGCTTGGCCAACCTGGTGAAACCCTGTCTCTACTAAAAATACAAAAATTAGCTGGGGATGGTGGTGTGGGCCTGTAATCCCAGCTACTTTGGAGGCTGAGGCAGGAGAATCGCCTGAAGCCAGGAGACACATGTTGCAGTGAGCCAAGATTGTGCCACTGCACTCCAGCCTGGGCAACAAGAGTGAAACTCCATCTCAAAAAAAAA","GGCTGGGCACGGTGGCTCACGCCTGTAATCCCAGCACTTTGGGAGGTCAAGGCAGGCAGATCACCTGAGGTCAGGAGTTTGAGACCAGCTTGGCCAACCTGGTGAAACCCTGTCTCTGCTAAAAATACAAAAATTAGCTGGGGATGGTGGTGTGGGCCTGTAATCCCAGCTACTTTGGAGGCTGAGGCAGGAGAATCGCTTGAAGCCAGGAGACACATGTTGCACTGAGCCAAGATTGTGCCACTGCACTCCAGCCTGGGCAACAAGAGTGAAACTCCATGTCAAAAAAAA"
"chr1","68715243","68715551","chr1","68142079","68142387","3","573164","GGCCGGGCATGGTGGCTCACACCCAGCACTTTGGGAGGCCGAGGCAGGTGGATCACGTGAGGTCAGGAGTTCAAGACCAGCCCTGCCAACATGGTGAAACTCTGTCTCCACTAAAAACACAAAAATTAGCTGGGCACCTTGGCAGGCACGTGTAATCCCAGCTACTTGGGAGGCTGAGGCAGGAGAAGTGCTTGAACCTGGGGGTGGAGGTTGCAGTGATGCAGTGAGCCAGGATAGCACCACTGCACTCCAGCCTGGGCAAGAGTGAAATTCTGTCTCAAACAAAAACAAACGAAAAGAAACCAAAAA","GGCTGGGCATGGTGGCTCACACCCAGCACTTTGGGAGGCCGAGGCAGGTGGATCACGTGAGGTCAGGAGTTCAAGACCAGCCCTGCCAACATGGTGAAACTCTGTCTCCACTAAAAACACAAAAATTAGCTGGGCACCTTGGCAGGCACGTGTAATCCCAGCTACTTGGGAGGCTGAGGCAGGAGAAGTGCTTGAACCTGGGGGTGGAGGTTGCAGTGATGCAGTAAGCCAGGATAGCACCACTGCACTCCAGCCTGGGCAAGAGTGAAATTCTGTCTCAAACAAAAACAAACAAAAAGAAACCAAAAA"
"chr1","68836921","68837215","chr1","68264813","68265107","6","572108","GGCCAGGTTCGGTAGCTGACACCTGTAATCCCAGCACTTTTTGAAAGGCCAAGGCAGGTGGATCACCTGAGGTCGGGAGTTCGTGACCAGCCTGGCCAACATGGTGAAACCCCATTTCTACGAAAAATACAAAAAATTAGTCAAGCGTGGTGGCGGACACCTGTAATCCCAGCTACTCAGGAGGCTGAGGTAGGAGAATCACTTGAACCTGGGAGGTGGAGGTTGCAGTGAGCCAAGATTGCACCACTGCACTCCAGTCCAGGCAACAAGAGTGAAACTCTGTCTCAAAAAAAAA","GGCCAGGTTCGGTGGCTGACACCTGTAATCCCAGCACTTTTTGAAAGGCCAAGGCAGGTGGATCACCTGAGGTCGGGAGTTTGTGACCAGCCTGGCCAACATGGTGAAACCCCATTTCTACGAAAAATACAAAAAATTAGCCAAGCGTGGTGGCAGACACCTGTAATCCCAGCTACTCAGGAGGCTGAGGTAGGAGAATCACTTGAACCTGGGAGGTGGAGGTTGCAGTGAGCCAAGATTGCGCCACTGCACTCCAGCCCAGGCAACAAGAGTGAAACTCTGTCTCAAAAAAAAA"
"chr1","68908267","68908437","chr14","33201090","33201257","24","35707177","GGCCAGGCGTGGTGGCTCATGCCTGTAATCCCAGCACTTTGGGAGGCCAAGGCAGGCGGATCACCAGAGGTCAGGAGTTCGAGACCAGCCTGGTCAGCGTGGTAAAACCCTCTCTCTACTAAAAATACAAAAATTAGCCAGGCTTGGTGGCAGGTGCCTGACTCCATCTAC","GGCTGGGCCCGGTGGCTCATGCCTGTAATCCCAGCACTTTGGGAGGCCAAGGCGGGTGGATCACCTGAGGTCAGGAGTTCGAGACCAGCCTGGCCAACATGGCGAAACCCTGTCTCTACTGAAAATACAAAAATTAGCCAGGCGTGGTGGTGGGTGCCTGTAATTCCA"
"chr1","69385958","69386231","chr1","68819078","68819374","25","566880","GTAATCCCAGCACTTTGGGAGGCCAAGGTGGGTGGATCACCTGAGATCAGGAGTTCAAGAGCAGCCTGGCCAACATGGTAAAACCCCCATCTCCACTAAAAATACAAAAAAAAAAAAAAAAAATTTGCTGGGCATGGTGGTGGGTGCCTGTAATCCCAGCTACGTGGGAGGCTGAGGCAGGAGAATCACTTGAACCTGGAGATTGTGCCACTGCACTCCAGCCTGGGCAACAAGAGCGAAACTCTGTCTCAAAAAAAAAGAAAAGAAAAAGAAA","GGCCAGGCACAGTGGCTCACACCTGTAATCCCAGCACTTTGGGAGGCCAAGGTGGGTGGATCACCTGAGATCAGGAGTTCAAGAGCAGCCTGGCCAACATGGTAAAACCCCATCTCCACTAAAAATACAAAAAAAAAAAAAAAAAATTTGCTGGGCATGGTGGTGGGTGCCTGTAATCCCAGCTACGTGGGAGGCTGAGGCAGGAGAATCACTTGAACCTGGAGATTGTGCCACTGCACTCCAGCCTGGGCAACAAGAGCGAAACTCTGTCTCAAAAAAAAAGAAAAGAAAAAGAAA"
"chr1","70993469","70993781","chr1","70408065","70408377","1","585404","GGCCAGGCACGGTGGCTCACACCTGCAATCCCAGCACTTTGGGATGCCGAGGATGGCAGATCACCTGAAGTCAAGAGATCAAGACCAGCCTGGCCAACATGATGAAACCCCATCTCTCCTAAAAATACAAAAAATTAGCCAGGCATGATGGCGGTGCCTGCAATGCCAGCTACTCAGGAGGCTGAGGCAGGAGAATCGCTTGAACCCGGGAGGTGGAGGCTGCAGTGAGCTGAAATTGCGCCACTGCATTCCAGCCTGGGCAACAAGAGTGAAACTCCGTCTCTAAATAAATAAATAAGAAAAAAGAAAGAAA","GGCCAGGCACGGTGGCTCACACCTGCAATCCCAGCACTTTGGGATGCCGAGGATGGCAGATCACCTGAAGTCAAGAGATCAAGACCAGCCTGGCCAACATGATGAAACCCCATCTCTCCTAAAAATACAAAAAATTAGCCAGGCATGATGGCGGTGCCTGCAATGCCAGCTACTCAGGAGGCTGAGGCAGGAGAATCGCTTGAACCCGGGAGGTGGAGGCTGCAGTGAGCTGAAATCGCGCCACTGCATTCCAGCCTGGGCAACAAGAGTGAAACTCCGTCTCTAAATAAATAAATAAGAAAAAAGAAAGAAA"
"chr1","71374230","71374523","chr1","70793062","70793355","1","581168","GGCTGGGCACGGTGGCTCACACCTATAATCTCAGCACTTTAGGAGGCTGAGGCAGGTGGATTACTTGAGGTCAGGAGTTCAAGACCAGCTTGGCCAACATGGTGAAACTCCGCCTCTACTAAAAACACAAAAAATTAGCCAGGCATGGTGGCAGGCACCTGTAATCCCAGCTACTCGGGAGGCTGAGGCAAGAGAATTGCTTGAGCCTGGGAGGCGGAGGTTGTAGTGAACTGAGATCACGCCACTGCACTCCAGCCTGGGCAACAAGAGCAAAACTCTGTCTCAAAAAAAAAA","GGCTGGGCACGGTGGCTCACACCTATAATCTCAGCACTTTAGGAGGCTGAGGCAGGTGGATTACTTGAGGTCAGGAGTTCAAGACCAGCTTGGCCAACATGGTGAAACTCCGCCTCTACTAAAAACACAAAAAATTAGCCAGGCATGGTGGCAGGCACCTGTAATCCCAGCTACTCGGGAGGCTGAGGCAAGAGAATTGCTTGAGCCTGGGAGGCGGAGGTTGTAGTGAACTGAGATCACGCCACTGCACTCCAGCCTGGGCAACAAGAGCAAAACTCTGTCCCAAAAAAAAAA"
"chr1","71541188","71541382","chr4","141921295","141921484","37","70380107","GCCGGGCATGGTGGCTCACGCCTGTAATCCCAGCACTTTGGGAGGCCGAGGCAAGTAGATTACCTGAGGTCAGGAGTTCGAGACCAGCCTGGCCAACATGGTGAAACCCCATCTCTACTAAAAATACAAAAATTAATTGGGCACTGTGGCAGGTGCCTGTAGTCCCAGCTACTCAGGAGAACCGCTTGAACTCGG","GGCCAGGCACAGTGGCTCACGCCTGTAATCCCAGCACTTTGGGAGGCTGAGGTGGGCAGATCGCCTAAGATCAGGAGTTTGAGACCAGCCTGGCCAACATGGTGAAACCCTGTCTCTACTAAAAATATAAAAAATTAGCTGGGCGTGGTGGTGGGTGCCTGTAATCCCAGCTACTCGGGAGGCTGAGGCA"
"chr1","71593245","71593556","chr9","94471199","94471510","31","22877954","GGCCGGGTGCAGTGGCTCACACCTTTAATCCCACCACTTTGGGAGGCTGAGGTGGATGGATCACCTGAGGTCAGGAGTTTGAGACCAGCCTGGCCAACATGGTGAAACCCCGTCTCTACTAAAAATACAAAAAATTAGCAGGCATGGAGGCGGGTGCCTATAATCCCAGCTACTTGGGAGGCTGAGGCAAGAGAATCGCTTGAACCCAGGAGGCGGAAGTTGCACTGAGCTGAGGTCGCGCCACTGCACTCCAGCCTGGGCAACAAGAGCAAGACTCCGTCTCAAAAAAAAAAAAGAAAAAGAAAAGAAAAA","GGCCAGGTGTGTGGTGGCTCACACTGTAATCCCAGCACTTTGGGAGGCTGAGATGGGTGGATCACCTGAGGTCAGGAGTTCAAGACCAGCCTGGCCAACATGGTGAAACCCCATCTCTACTAAAAATACAAAAAATAGCCGGGCATGGTGGTGGGTGCCTATAATCCCAGCTACTTGGGAGGCTGAGGCAGGAGAATCGCTTGAACCAGGGAGGCGGACGTTGCAGTGAACTGAGATAACGCCACTGCACTCCAGCCTGGGCAACCAGAGCGAGACTCCGTCTCAAAAAAAAAAAAAAAAAAAAAAAAAAAA"
"chr1","71603754","71604048","chr1","71023509","71023804","6","580245","GACCAGGCACACTGGCTCACGCCTGTAATCGCAGCACTTTGGAAGGCTGAGGCAGACAGATCATCTAAGGTCAGGAGTTCGAGACCAGCCCGGCCAACATGGCGAAACCCCGTCTCTACTAAAAATACAAAAATTAACCGGATATGGTGGCAGGTACCTGCAATCCCAGCTACTTGGGAGGCTGAAACAGGAGAATCACTTGAACTCAGGAGGCGGAGGTTTCAGTGAGTCAAGATCACACCACTGCACTCCAACCTGGGCAACAAGAGCAAAACTCCATCTGGAAAAAAAAAAA","GACCAGGCACACTGGGTCACGCCTGTAATCGCAGCACTTTGGGAGGCTGAGGCAGACAGATCATCTAAGGTCAGGAGTTCGAGACCAGCCCGGCCAACATGGCGAAACCCCGTCTCTACTAAAAATACAAAAATTAACCGGATATGGTGGCAGGTACCTGCAATCCCAACTACTTGGGAGGCTGAAACAGGAGAATCACTTGAACTCAGGAGGCGGAGGTTTCAGTGAGTCAAGATCACACCACTGCACTCCAACCTGGGCAAACAGAGCAAAACTCCATCTGGAAAAAAAAAAAA"
"chr1","71610732","71611022","chr1","71030530","71030820","2","580202","CACCTGTAATCCCAGCACTTTGGGAGGCCAAGTGGGTGGATCATCTGAGGTCAGGAGTTCAAGACAAACCTGGCCAACATAATGAAACCCCATCTCTACTAAACATACAAAAAATTAGCCAGGTGTGGTGGTGTGGGCCTGTAATCCCAGCTACTCCAGAGGCTGAGGCAGGAGAATTGCTTGAACCCAGGAGGCGGAGGTTGCAGTGAGCCGAGATCACACCACCGCACTGTGGCCTGGGCAACAAGAGTGAAACTCCATCTAAAAAAAAACAAAAACAAAAACAAAAAA","CACCTGTAATCCCAGCACTTTGGGAGGCCAAGTGGGTGGATCATCTGAGGTCAGGAGTTCAAGACAAACCTGGCCAACATAATGAAACCCCATCTCTACTAAACATACAAAAAATTAGCCAGGTGTGGTGGTGTGGGCCTGTAATCCTAGCTACTCCAGAGGCTGAGGCAGGAAAATTGCTTGAACCCAGGAGGCGGAGGTTGCAGTGAGCCGAGATCACACCACCGCACTGTGGCCTGGGCAACAAGAGTGAAACTCCATCTAAAAAAAAACAAAAACAAAAACAAAAAA"
"chr1","71765180","71765488","chr1","71183091","71183401","2","582089","GGCCGGGCACAGTGGCTCACACCTGTAATCCCAACACTGGGAGGCCAAGGTGGGCGGATCACCTGAGGTCAGGAGTTCAAGACCAGCCTGGCCAACATGTGAGACCCCATCTCTACCAAAAATACAAAAATTAGCTAGGCGTGGTGGCAGGTGCCTGTAACCCCAGCTACTCGGAAGGCTGAGGAAGGAGAGTCACTTGAACCCGGGAGCAGAGGTTGCAGTGAGCCGAGATCACACCACTGCACTCCAGCCTGGGCAACAAGAGGGAAACTCCATCTCAAAAAAACGAAAAAACAAACAACAAAAAAA","GGCCGGGCACAGTGGCTCACACCTGTAATCCCAACACTGGGAGGCCAAGGTGGGCGGATCACCTGAGGTCAGGAGTTCAAGACCAGCCTGGCCAACATGTGAGACCCCATCTCTACCAAAAATACAAAAATTAGCTAGGCGTGGTGGCAGGTGCCTGTAACCCCAGCTACTCGGAAGGCTGAGGAAGGAGAGTCACTTGAACCCGGGAGCAGAGGTTGCAGTGAGCCGAGATCACACCACTGCACTCCAGCCTGGGCAACAAGAGGGAAACTCCATCTCAAAAAAACGAAAAAAACAAACAACAAAAAAAA"
"chr1","72658355","72658634","chr1","72082827","72083112","7","575528","CATGCCTGTAATCATAGCACTTTGGGAGGCTGAGGTGGGGGGATCACCTGAGGTTAGGAGTTTGAGACCAGCCTGGCCAACGTGGTGAAACCCTGTCTCTACTAAAAATACAAAAAAATTATCTGGGCGTGGTGGCGGGCACCTGTAATCCCAGCTACTCGGGAGGCTGAGGCAGGAGAATCACTTGAACCCAGGAGGCAGAGGTTGCAGTGAGCCGAGATTGTGCCACTACACTCCAGTCTGGGCAACAAGAGCAAAACTTTGACTCCAAAAAAAAAAA","CATGCCTGTAATCATAGCACTTTGGGAGGCTGAGGTGGGGGGATCACCTGAGGTTAGGAGTTTGAGACCAGCCTGGCCAACGTGGTGAAACCCTGTCTCTACTAAAAATACAAAAAAATTATCTGGGCGTGGTGGCGGGCACCTGTAATCCCAGCTACTCGGGAGGCTGAGGCAGGAGAATCACTTGAACCCAGGAGGCAGAGGTTGCAGTGAGCCGAGATTGTGCCACTACACTCCAGTCTGGGCAACAAGAGCAAAACTTTGACTCAAAAAAAAAAAAAAAAAA"
"chr1","73539156","73539461","chr1","72973570","72973874","4","565586","GGCTGGGCATGGTAGCTCACATCTGTAATCCCAAAACTTTGGGAGGCTAAGGTGGGCAGATCACCTGAGGTCAGCAGTTTAAGACCAGCCTGGCCAACATGGTAAAACCCTGTCTCTACTAAAAATACAAAAAAATTAGCCAGGCGTGGTGGTGGCTGCGTATAATCCCAGCTACTCCAGAGGCTGAGGTAGGAGAATCGCTTGAACCCAGGAAGCCGAGGTTGCAGTGAGCCGAGGTCATGTCACTGCACTCCAGCCTGGACAACAAGAGTGGAACTCTGTCTACAAAAAAAAAAAAAAAAAAAA","GGCTGGGCATGGTAGCTCACATCTGTAATCCCAAAACTTTGGGAGGCTAAGGTGGGCAGATCACCTGAGGTCAGCAGTTTAAGACCAGCCTGGCCAACATGGTGAAACCCTGTCTCTACTAAAAATACAAAAAAATTAGCCAGGCGTGGTGGTGGCTGCATATAATCCCAACTACTCCAGAGGCTGAGGTAGGAGAATCGCTTGAACCCAGGAAGCCGAGGTTGCAGTGAGCCGAGGTCATGTCACTGCACTCCAGCCTGGACAACAAGAGTGGAACTCTGTCTCAAAAAAAAAAAAAAAAAAAA"
"chr1","73833422","73833728","chr1","73273560","73273871","16","559862","GGCCGGTTGTGGTGGCTCACGCCTGTAATCCCAGCACTTTGGGAAGCCAAGGCAGGCAGATCACCTGAAGTCAGGAGTTTGAAACCAGCCTGGCCAACATGGCAAAACCCTGTCTCTCCTAAATATAGAAAAATTAGCCAGGCGTGGTGGCGGGCACCTGTAATCCCAGCTACTTGGGAAGCTGAAGCAGGAGAATCGCTTGAACCCTGGACGTGGAGGTTGCAGTGAGCTGAGATCGCCCCACTGCACTCTAGCCTGGGCATGAAGAGTGAGACTCTGTCTACAAAAAAAAAAAGAAAAGATAAAA","GGCCGGGTGTGGTGGTTCACGCCTGTAATCCCAGCACTTTGGGAAGCCAAGGCAGGCAGATCACCTGAAGTCAGGAGTTTGAAACCAGCCTGGCCAACATGGCAAAACCCTGCCTCTCCTAAATATAGAAAAATTAGCCAGGCGTAGTGGCGGGCACCTGTAATCCCAGCTACTTGGGAAGCTGAAGCAGGAGAATCACTTGAACCCTGGACGTGGAGGTTGCAGTGAGCTGAGATCGCACCACTGCACTCTAGCCTGGGCACGAAGAGTGAGATTCTGTCTCAAAAAAAAAAAAAAAAAGAAAAAAGAAAA"
"chr1","74427985","74428287","chr1","73877278","73877583","4","550707","GGCCAGGCGTGGTGGCTCACACCTGTGATCCCAGCACTTTGGGAGGCCAAGGCAGATGGATCACCTGGGGTCAGGAGTTCAAGCCTGGCCAACATGGTGAAACCTCATCTCTATTAAAAATACAAAAATTATCTGGGCGTGGTGGCACCTGTAATCTCAGCTTCTCAGGAGGCTGAAAGGCAGGAGAATCACTTGAACCCAGGGGATGGAATTTGCAGTGAACGGAGATCACACCACTGCACTCCAAACTGCGCCACAAGAGCAAAACTCCATCTCAAAAACAAAAACAAAAAACAAACAAAA","GGCCAGGCGTGGTGGCTCACACCTGTGATCCCAGCACTTTGGGAGGCCAAGGCAGATGGATCACCTGGGGTCAGGAGTTCAAGCCTGGCCAACATGGTGAAACCCCATCTCTATTAAAAATACAAAAATTATCTGGGCGTGGTGGCACCTGTAATCTCAGCTTCTCAGGAGGCTGAAAGGCAGGAGAATCACTTGAACCCAGGGGATGGAATTTGCAGTGAACGGAGATCACACCACTGCACTCCAAACTGCGCCACAAGAGCAAAACTCCATCTCAAAAACAAAAACAAAAAACAAACAAACAAA"
"chr1","74935612","74935922","chr1","74395281","74395597","6","540331","GGCCAGGCGCGGTGGCTCATTCCTGTAATCCCAGCACTCTGGGAGGCCAAGGCAGGCAGATCATCTGGGGTCAGGAGTTCAAGACAAGCCTGGCCAACATGGTGAAACCCCGTCTCTACTAAAAATACAAAAATTAGCCAGATGTGGTGGCACAGTGGCGTGTGCCTGTAGTCCCAGCTACTCAGGAAGCTGAGGCAGAAGAATCCCTTGAAGCTGGGAGGCAAAGGTGGCAGTGAGCCAAGATCATGCCACTGCACTCCAGCCTGGGCAACAAGAGTGAAACTCTGTCTCAAAAAAAAAAAAAAAAAAAA","GGCCAGGCGCGGTGGCTCATTCCTGTAATCCCAGCACTCTGGGAGGCCAAGGCAGGCAGATCATCTGGGGTCAGGAGTTCAAGACAAGCCTGGCCAACATGGTGAAACCCCGTCTCTACTAAAAATACAAAAATTAGCCAGATGTGGTGGCACAGTGGCGTGTGCCTGTAGTCCCAGCTACTCAGGAAGCTGAGGCAGAAGAATCCCTTGAAGCTGGGAGGCAAAGGTGGCAGTGAGCCAAGATCATGCCACTGCACTCCAGCCTGGGCAACAAGAGTGAAACTCTGTCTCAAAAAAAAAAAAAAAAAAAAAAGAAA"
"chr1","75508280","75508535","chr1","74973089","74973344","0","535191","GGCTGAGCACAGTGGCTCATGCCTGTAATTCCAGCACTTTGGGAGACCAAGGCGGGCAGATCACATGAGGTCAGGAGTTAGAGACCAGCCTGGCCAACATAGCGAAACCCTGTCTCTACTAAAAATAGAAAAAAAATATCTGGGCATGGTGGCAGGTGGCAGGAGAATCACTTGAACCTGGGGTGGAGGTTGCAGTGAGCCAAGATCATGCCACTTCACTCCAGCCTGGGCAGAAGAGTGAAACTCCATATCAAAA","GGCTGAGCACAGTGGCTCATGCCTGTAATTCCAGCACTTTGGGAGACCAAGGCGGGCAGATCACATGAGGTCAGGAGTTAGAGACCAGCCTGGCCAACATAGCGAAACCCTGTCTCTACTAAAAATAGAAAAAAAATATCTGGGCATGGTGGCAGGTGGCAGGAGAATCACTTGAACCTGGGGTGGAGGTTGCAGTGAGCCAAGATCATGCCACTTCACTCCAGCCTGGGCAGAAGAGTGAAACTCCATATCAAAA"
"chr1","76712168","76712434","chr1","226309349","226309617","43","149597181","GGCTGGGGATGGTGGCTCACGCCTGTAATCCCAACACTTTGGGAGGCCGAGGCGGGTGGATCAACTGAGGTCAGGAGTTCAAGACTGGCCTGGCCAACATGGCAAAACTCCATCTCTATTAAAAATACAAAAAAAAAAAATTAGCTGGGTGTGGTGTTAGGTGCCTGTAATCCCAGCTACTGGGGAGGCTGAGGCAGGAGAATGGCTTGAACGTGGGAGGTGGAGGTTGCAGTGGGCTGAGATCACACAACTGCACTCCAGCCTGGG","GGCCGGGTGCAGTGGCTCACGCCTGTAATCCCAGCACTTTGGGAGGCCAAGGTGGGTGGACCACCTGAGGTCAGGGGTTCGAGACCAGCCTGGCCAACATGGTGAAACCCTGTCTCTATTAAAAATACAAACAAAAAAATTAGCCGGGCATGGTGGAGGGCGCCTGTAATCCCAGCTACTTGGGAGGCTGAAGCAGGAGAATCGCTTGAACCTGGGAGGTGGAGGTTGCAGTGAGCTGAGATTGTGCCACAGCACTCTAGCCTGGGCAA"
"chr1","77083511","77083619","chr1","76558735","76558845","2","524776","GCTTGAACCTGTGAGGTGGAAGTTGCAGTGAGCTGAGATCATGCCACTGCACTCCAGCCTGGGCAACAAGAGTAAAACTCCATCTCAAAAAAAAATTAAAAAAAGAAAA","GCTTGAACCTGTGAGGTGGAAGTTGCAGTGAGCTGAGATCATGCCACTGCACTCCAGCCTGGGCAACAAGAGTAAAACTCCATCTCAAAAAAAAATTAAAAAAAAAGAAAA"
"chr1","78876935","78877237","chr1","78248429","78248734","4","628506","GACCGGGCACTGTGGCTCACACCTGTAATCCCAGCACTTTGGGAGGCTGAGGTGGGCAGATCACCTGAGGTCAGGAGTTCAAGACCAGCCTGGCCAACATGGTAAAACCTCATCTCTACTTAAAAAAAAAAAATTAGCTGGGCATGGTGGTGCATGCCTGTAATCTCAGCTACTCAGGAGGCTGAGGCAGGATAATTGCCTGAACCCGGGAGGCGGAGGTTGCCAGGAGCTGGGATTGTGCCACTGCACTCCAGCCTGGGCAACAAGGGCAAAACTCCATCTCCAAAAAAATAAATTAAAAAA","GACCGGGCACTGTGGCTCACACCTGTAATCCCAGCACTTTGGGAGGGTGAGGTGGGCAGATCACCTGAGGTCAGGAGTTCAAGACCAGCCTGGCCAACATGGTAAAACCTCATCTCTACTTAAAAAAAAAAAAAAATTAGCTGGGCATGGTGGTGCATGCCTGTAATCTCAGCTACTCAGGAGGCTGAGGCAGGATAATTGCCTGAACCCGGGAGGCGGAGGTTGCCAGGAGCTGGGATTGTGCCACTGCACTCCAGCCTGGGCAACAAGGGCAAAACTCCATCTCCAAAAAAATAAATTAAAAAA"
"chr1","79067937","79068232","chr1","78445872","78446167","1","622065","GGCCGGGCCCAGTGGCTCACGTCTGTAATCCCAGCACTTTGGAAGGCCGAGTTGGGCGGATCACCTGAGATCAGGAGTTCAAGACCAGCCTGGCCAACATGATGAAACCCCATCTCTATCAAAAATACAAAAATTAGCTGGGTGTGGTGCAGGTACCTATAATCCCAGCTACTCGGGATGCTGAGGCAGGAGAATCGCTTGAACCCGGGAGGCGGAGGTTGCAGTGAGCTGAGATGGCACCACTGCATTCCAGCCTGGGCAACAAGAGCAAAACTCTGTCTCAAAATAAAATAAAA","GGCCGGGCCCAGTGGCTCACGTCTGTAATCCCAGCACTTTGGAAGGCCGAGTTGGGCGGATCACCTGAGATCAGGAGTTCAAGACCAGCCTGGCCAACATGATGAAACCCCATCTCTATCAAAAATACAAAAATTAGCTGGGTGTGGTGCAGGTACCTATAATCCCAGCTACTCGGGAGGCTGAGGCAGGAGAATCGCTTGAACCCGGGAGGCGGAGGTTGCAGTGAGCTGAGATGGCACCACTGCATTCCAGCCTGGGCAACAAGAGCAAAACTCTGTCTCAAAATAAAATAAAA"
"chr1","79094991","79095286","chr1","78473491","78473790","4","621500","GGCCAGGCACAGTGGCTCACACCTGTAATCCCAGCACTTTGGGAGGCTGAGGCGGGTGGATAACTTGAGGTCAGGAGTTTGGGACGAACCTGGCCAACATGGTGAAACCCCATCTCTACTAAAAATACAAAAGATTAGCCGGGCATGATGGTGGGCACCTGTAATCTCAGCTACTCAGGGGGCTGAGGCAGGAGAATCGCTTGAACCTGGGAGGTGGAGGTTGCAAGTGAGCCAAGATCGCACCACTGCACTCCTGCCTGGGCAACAGGAGCAAAACTCTGTCTCAAAAAAAAAAA","GGCCAGGCACAGTGGCTCACACCTGTAATCCCAGCACTTTGGGAGGCTGAGGCGGGTGGATAACTTGAGGTCAGGAGTTTGGGACGAACCTGGCCAACATGGTGAAACCCCATCTCTACTAAAAATACAAAAGATTAGCCGGGCATGATGGTGGGCACCTGTAATCTCAGCTACTCAGGGGGCTGAGGCAGGAGAATCGCTTGAACCTGGGAGGTGGAGGTTGCAAGTGAGCCAAGATCGCACCACTGCACTCCTGCCTGGGCAACAGGAGCAAAACTCTGTCTCAAAAAAAAAAAAAAA"
"chr1","79165700","79165989","chr1","78545762","78546051","0","619938","GGCCAGGCGCGGTCGCTCACACCTGTAATCTCAGCACTTTGGGAGGCTGAGGCAGGTGGATCATTTGAGGTCAGGAGTTCGAGACCAGCCTGGCCAACATGGTGAAAGGCTGTCTCTTTTAAAAATACAAAAATTAGCTGGGTATGGTGGTGGGCACCTGTAATCCCAGCTACTCGGGAGGCTGAGGTGTAATAATCGCTTGAACCCAGGAGGCAGAGGTTGCAGTAAGCCGAGATCATGCCGCTGCACTCCAGCCTGGACAACAAGAGTGCAACTCTATCTCAAAAAAA","GGCCAGGCGCGGTCGCTCACACCTGTAATCTCAGCACTTTGGGAGGCTGAGGCAGGTGGATCATTTGAGGTCAGGAGTTCGAGACCAGCCTGGCCAACATGGTGAAAGGCTGTCTCTTTTAAAAATACAAAAATTAGCTGGGTATGGTGGTGGGCACCTGTAATCCCAGCTACTCGGGAGGCTGAGGTGTAATAATCGCTTGAACCCAGGAGGCAGAGGTTGCAGTAAGCCGAGATCATGCCGCTGCACTCCAGCCTGGACAACAAGAGTGCAACTCTATCTCAAAAAAA"
"chr1","79439074","79439233","chr1","78827572","78827731","6","611502","TGGTGGGAGGTGCCTGTAATCCCAGCTGCTCGGGAGGCTGAGGCAGGAGAACTGCTTGAACCCTGGAGGCGGAGGTTGCAGTGAGCCAAGAAGGCACCACTGCACTCCAGCCTGGGCAACAAGAGTGAAACTCCATCTACAAAAAAAAAAAAAAAAAAAA","TGGTGGGAGGGGCCTGTAATCCCAGCTGCTCGGGAGGCTGAGGCAGGAGAACTGCTTGAACCCTGGAGGGGGAGGTTGCAGTGATCCAAGAAGGCACCACTGCACTCCAGCCTGGGCAACAAGAGTGAAACTCCATTTCAAAAAAAAAAAAAAAAAAAAA"
"chr1","79808881","79809178","chr1","79202505","79202802","1","606376","GGCCAGGCGTGGTGGCTCATGCCTGTAATCCCAGCACTTTGGGAGGCCGAGGTGGGTGGATCACCTGAGGTCAGGAGTTTGAGACCAGCCTTGCCAACGTGGTGAAACCTCATCTCTACTAAAAATACAAAAATTAGGCAGGTGTGGTGGTGGGTGCCTGTAATCCCAGCTACTCAGGAGGCTGAGGCAGGAGAATCACTTGAACCTGGGAAGTGGAGGTTGCAGTGAGCCAAGGTCACATCACTGCACTCCAGCCTGGACAACAAGAGCAACACTCCATCTCAAAAAAAAAAAAAAA","GGCCAGGCGTGGTGGCTCACGCCTGTAATCCCAGCACTTTGGGAGGCCGAGGTGGGTGGATCACCTGAGGTCAGGAGTTTGAGACCAGCCTTGCCAACGTGGTGAAACCTCATCTCTACTAAAAATACAAAAATTAGGCAGGTGTGGTGGTGGGTGCCTGTAATCCCAGCTACTCAGGAGGCTGAGGCAGGAGAATCACTTGAACCTGGGAAGTGGAGGTTGCAGTGAGCCAAGGTCACATCACTGCACTCCAGCCTGGACAACAAGAGCAACACTCCATCTCAAAAAAAAAAAAAAA"
"chr1","83220615","83220903","chr1","82600448","82600736","5","620167","GGTCTGGGGCGGTGGATCACGCCTGTAATCCCAGCACTTTGGGAGGCCGAGGCAGGTGGATCACCTGAGGTCAGGAGTTTGAGACCAGCCTGGCCAACATGGTGAAACCCCATCTCTACTAAAAATACAAAAAAATTAGCTAGGTGTGGGCGCCTATAATCCCAGTTACTCAGGAGGCTGAGGCAGGAGAAATGCTTGAACCCAGGTGGCGGAGGTTGTAGTGAGCCGAGATTGCACCACTGCACTCCAGCCTGGGCAACAAGAGTGCAACTCCATCTCAAAAAAAAAA","GGTCTGGGGCAGTGGATCATGCCTGTAATCCCAGCACTTTGGGAGGCCAAGGCAGGTGGATCACCTGAGGTCAGGAGTTTGAGACCAGCCTGGCCAACATGGTGAAACCCCATCTCTACTAAAAATACAAAAAAATTAGCTAGGTGTGGGCGCCTATAATCCCAGTTACTCAGGAGGCTGAGGCAGGAGAAATGCTTGAACCCAGGTGGCGGAGGTTGTAGTGAGCCGAGATTGCACCACTCCACTCCAGCCTGGGCAACAAGAGTGAAACTCCATCTCAAAAAAAAAA"
"chr1","83230248","83230552","chr1","82610091","82610389","7","620157","GGTCTGGCGCTGTGGTTCATGCCTGTAATCCCAGCACTTTGGGAGGCTGAGGCGGGTGGATCACCTGACGTCAGGGGATTCAGGACCAGCCTGGCTAACACGGTGAAACCCCATCTCTACTAGAAATACAAAACTAGCCGGGTGTGGTGGCACATGCCTGTAATCCCAGTTACTAGGGAGGCTGGGGCAGGAGAATCATTTGAACCTGGGAGGCGGGGGTTGCAGTGAGCCAAGATCGCACCACTGCACTCTAGCTTGGGCAAAAAGAGCCAAACTCCCATCTCAAAAAAAAAAAAAAAAAAAAA","GGTCTGGCGCTGTGGTTCATGCCTGTAATCCCAGCACTTTGGGAGGCTGAGGCGGGTGGATCACCTGACGTCAGGGGATTCAGGACCAGCCTGGCTAACACGGTGAAACCCCATCTCTACTAGAAATACAAAACTAGCCGGGTGTGGTGGCGCATGCCTGTAATCCCAGTTACTAGGGAGGCTGGGGCAGGAGAATCATTTGAACCTGGGAGGCGGGGGTTGCAGTGAGCCAAGATCGCACCACTGCACTCTAGCTTGGGCAAAAAGAGCCAAACTCCCATCTCAAAAAAAAAAAAAAA"
"chr1","84933575","84933883","chr1","84232087","84232398","5","701488","GGCTGGACACAGTGGCTCACGCCTGTAATCCCAATACTTTGGGAGGCCGAGGTGGGTGGATCACCTGAGGTCAGGAGTTTGAGACCTGCCTGGCCAACATGGTGAAACCCCGTCTCTACTAAAAATAAAAAATTTGCTAGGCATGGTGGCACGCGTCCATAATTCCAGCTACTTGGGAGGCTGAGGCAGGAGAATCACTTGAACCTGGGAGGTGGAGGTTGCAGTGAGCCAAGATTGTGCCACTGCACTCCAGCGTGAGGCACAAGAGCAAAACTTTGTTTCCAAAAAAATAAATAAATAAAAAAAGAA","GGCTGGACACAGTGGCTCACGCCTGTAATCCCAATACTTTGGGAGGCCGAGGTGGGTGGATCACCTGAGGTCAGGAGTTTGAGACCTGCCTGGCCAACATGGTGAAACCCCGTCTCTACTAAAAATAAAAAATTTGCTAGGCATGGTGGCATGCGTCCATAATTCCAGCTACTTGGGAGGCTGAGGCAGGAGAATCACTTGAACCTGGGAGGTGGAGGTTGCAGTGAGCCAAGATTGTGCCACTGCACTCCAGCGTGAGGCACAAGAGCAAAACTTTGTTTCCAAAAAAAAAAAAATAAATAAAAAAAAGAA"
"chr1","85003430","85003713","chr1","84305542","84305827","3","697888","GGCCGGGCGCAGTGGCTTACACCTGTAATCCCAGCACTTTTGGAGGCTGAGGCAGGCAGATCACTTGAGGTCAGGAGTTCGAGACCAGCCTGGCCAACAAGGTGAAACCCTGTGTCTACCAAAACTACAAAAATTAGCCAGGCGTGGTGGCGGGCACCTGTAATCCCAGCTACTCAGGAGGCTGAGGCAGGAGAATTGCTTGAACCCAGGAGGCAGAGGTGCAGATCACACCACTGCACTCCAGCCTGGGCAACAAGAGTGAGACTGTCTCAAAAAAAAAAAAA","GGCCGGGCGCAGTGGCTTACACCTGTAATCCCAGCACTTTTGGAGGCTGAGGCAGGCAGATCACTTGAGGTCAGGAGTTCGAGACCAGCCTGGCCAACAAGGTGAAACCCTGTGTCTACCAAAACTACAAAAATTAGCCAGGCGTGGTGGCGGGCACCTGTAATCCCAGCTACTCAGGAGGCTGAGGCAGGAGAATTGCTTGAACCCAGGAGGCAGAGGTGCAGATCACACCACTGCACTCCAGCCTGGGCAACAAGAGTGAGACTATCTCAAAAAAAAAAAAAAA"
"chr1","86879678","86879986","chr1","86209237","86209545","1","670441","GGCAGGGCGTGGTAGCTCACGCCTGTAATCCCAGCACTTTGGGAGGTGGAGGCGGGTGGATCACCTGAGGTCAGGAGTTCGAGACCAGCCTAGCCAACATGGTGAAAACCTGTCTCTGCTAAAAATACAAATTAGCCGCGAGTGGTGGCGTGCACCTGTAGTCCCAGCTACTCAGGAGGCTGAGGCAGGAGAATTGCTTGAACTGGGGAGGCAGCAGTTGAAGTAAGCCGAGATCGTGCCACTGCACTCCAGCCTGGGCAACAAGAGTGAAACTCCGTCAAAACAAAACAACAACAAAAAACAAAAAAA","GGCAGGGTGTGGTAGCTCACGCCTGTAATCCCAGCACTTTGGGAGGTGGAGGCGGGTGGATCACCTGAGGTCAGGAGTTCGAGACCAGCCTAGCCAACATGGTGAAAACCTGTCTCTGCTAAAAATACAAATTAGCCGCGAGTGGTGGCGTGCACCTGTAGTCCCAGCTACTCAGGAGGCTGAGGCAGGAGAATTGCTTGAACTGGGGAGGCAGCAGTTGAAGTAAGCCGAGATCGTGCCACTGCACTCCAGCCTGGGCAACAAGAGTGAAACTCCGTCAAAACAAAACAACAACAAAAAACAAAAAAA"
"chr1","87053873","87054162","chr1","86388573","86388857","17","665300","GGCCGGGTTCAGTGGCTCACGCCTGTAATCCCAGCACTTTGGCAGGCCGAAGCAGGTAGATCACCTGAGATCAGCCTGGCCAGCATAGTGAAACCCTGTCTCTACTAAAAATACAAAAAATTAGCTGGGCGTGGTGGTGGGTGCCTGTAATCCCAGCTACTTGGAGGCTGAGACAGGAGAATTGCTTGAACTCAGGAGGCAGAGGTTGCAATGAGCCAAGATTGTGCCACTGCACTCCAGCCTAGGCAACAAGAGCTAAACTCCATCTCAAAAAAAAAAAAATACAAAAA","GGCCAGGTTCAGTGGCTCACGCCTGTAATCCCAGCACTTTGGCAGGCCGAAGCAGGTAGATCACCTGAGATCAGCCTGGCCAACATAGTGAAACCCTGTCTCTACTAAAAATACAAAAAATTAGCTGGGCGTGGTGGTGGGTGCCTGTAATCCCAGCTACTTGGAGGCTGAGACAAGAGAATTGCTTGAACTCAGGAGGCAATGAGCCAAGATTGTGCCACGGCACTCCAGCCTAGGCAACAAGAGCTAAACTCCATCTCAAAAAAAAAAAAAAAAATACAAAAA"
"chr1","87480892","87481197","chr1","86820808","86821114","1","660084","GGCTGGGCGCGGTGGCCCACGCCTGTAATCCTAGCACTTTGGGAGGCCGAGACAGGTGGACTGCTTGAGGCCAGGAGTTCAAAACCAGCCTGGCCAACATGGTGAAACCCGTCTCTATTAAAAATACAAAAAACTAGCCGGGCATGGTGTCGGGCACCTGTAATTCCACCTACTCAGGAGGCTGAGGCAGGAAAATCACTTGAACCCGGGAGGCAGAGGTTGCAGTGAGCCAAGATCTCGCCACTGCACTCCAGCCTCGGCAACAAGAGTGAAACTCTCTCTCTGTCTCAGACAAAAAGAAAAAAA","GGCTGGGCGCGGTGGCCCACGCCTGTAATCCTAGCACTTTGGGAGGCCGAGACAGGTGGACTGCTTGAGGCCAGGAGTTCAAAACCAGCCTGGCCAACATGGTGAAACCCGTCTCTATTAAAAATACAAAAAACTAGCCGGGCATGGTGTCGGGCACCTGTAATTCCACCTACTCAGGAGGCTGAGGCAGGAAAATCACTTGAACCCGGGAGGCAGAGGTTGCAGTGAGCCAAGATCTCGCCACTGCACTCCAGCCTCGGCAACAAGAGTGAAACTCTCTCTCTGTCTCAGACAAAAAGAAAAAAAA"
"chr1","88057545","88057874","chr17","15175854","15176173","44","72881691","GGCCTGGTGCGGTGGCTCACGCCTGTAATCCCAACACTTTGGGAGCCCAAGGTGGACAGATCACTTGAGGTCAGGAGTTCGAGACCAGCCGGGCCAACATGGTGAAACCCCGTCTCTACTAAAAATACAAAAATTAGCTGGACGTGGTGGCAGGTGCCTGTAATCCCAACTACTCGGAAGGCTGAGACAGGAGAATCGCTTGAACCTGGGAAGCAGAGGTTGCAGTGAGCTGCAATCGTGCAGGTTGCAGTGAGCTGAGATTACACCACTGCACTCCAGCCTGGGCAACAAAGAGCAAAACTCCATCTCAAAAAAAAAAAAAAGAAAGAA","GGCCTGGTGCGGTGGCTCACACCTGTAATCCCAGCACTTTAAGAGGCCGAGGTGGGCAGATCACCTGAGGTCAGGAGTTCAAGACCAGCCTGGCCAACATGGTGAAACCCTGTCTCTACTAAAAATACAAAAAATTAGCCAGGCGTGGTGGCAGGCACCTGTAATCCCAGCCACTAGAGAGCCTGAGGCAGGAGAATCCCTTGAACCTGGGAGGCAGAGATTGCAGTGAGCCGAGATTGCAGTGAGCTGAGATCACGCCACTGCACTCCAGCCTGGGCAACAAGAGCAAAACTCCGTCACAAAAAAAAAAAAAAAAAAAA"
"chr1","88496378","88496683","chr1","87866218","87866523","1","630160","GGCTGGGCGTGGTGGCTCATGCCTGTAATCCCAGCACTTTGGGAGGCCGAGCTAGGCGGATCATGAGGTCAGGAGTTCGAGAGCAGCCTGGCCAACATGGTGAAATGCCGTCTCTACTGAAAATACAAAAATTAGCAGGGTGTGGTGGTGGGCACCTGTAATCCCAGCTACTCAGGAGGCTGAGGCAGGAGAATCGCTTGAACCTGGGGGGCAGAGGTTGCAGTGAGCTGAGATTATGCCACTGCACTCCAGCCTGGGCAACAAGAGCAAAACTCTGCCTCAAAAAAATAATAATAATAAAATAAA","GGCTGGGCGTGGTGGCTCATGCCTGTAATCCCAGCACTTTGGGAGGCCGAGCTAGGCGGATCATGAGGTCAGGAGTTCGAGAGCAGCCTGGCCAACATGGTGAAATGCCGTCTCTACTGAAAATACAAAAATTAGCAGGGTGTGGTGGTGGGCACCTGTAATCCCAGCTACTCGGGAGGCTGAGGCAGGAGAATCGCTTGAACCTGGGGGGCAGAGGTTGCAGTGAGCTGAGATTATGCCACTGCACTCCAGCCTGGGCAACAAGAGCAAAACTCTGCCTCAAAAAAATAATAATAATAAAATAAA"
"chr1","89888981","89889283","chr1","89215137","89215443","4","673844","GGCCAGGCGCAGTGGCTCACTCCTGTAATCCCAGCACTTTGGGAGGCCAAGGAGGGTGGATCACCTGAGGTCAGGAGTTCAAGACCAGCCTGGCCAACATGGCGAAACCCCATCTCTACTAAAAATACAAAAATTAGCTGGGCGTGGTGGCATGTGCCTGTAATCCCAGCTACTTGAGAGGCTGAGGCAGGAGAATTGTTTGAACCCAGGAGGCGGGGGTTGCAGTGAGCCGAGATTGCACCACTGCACTCCAGCCTAGGCAAGAAGAGTGAAACTCCGTCTCAGAAAAAAAAAAAAAAAAAA","GGCCAGGCGCAGTGGCTCACTCCTGTAATCCCAGCACTTTGGGAGGCCAAGGAGGGTGGATCACCTGAGGTCAGGAGTTCAAGACCAGCCTGGCCAACATGGCGAAACCCCATCTCTACTAAAAATACAAAAATTAGCTGGGCGTGGTGGCATGTGCCTGTAATCCCAGCTACTTGAGAGGCTGAGGCAGGAGAATTGTTTGAACCCAGGAGGCGGGGGTTGCAGTGAGCCGAGATTGCACCACTGCACTCCAGCCTAGGCAAGAAGAGTGAAACTCCGTCTCAGAAAAAAAAAAAAAAAAAAAAAA"
"chr1","90352332","90352636","chr1","89679646","89679951","3","672686","GGCCAGGCATGGTGGCTTACACCTGTAATCCCAGCACTTTGGGAGGCCGAGGCTGGTGGATCACCTGAGATCAGGAGTTCAAGACCAGCCTGGCCAACATGCTGAAACCCTGTCTCTACTAAAAATACAAAAAGTTAGCCGGGTGTAGTAGTGGGTCCCTGTAATCCCAGCTATTCGGGAGGCTGAGGCAGGAGAATCACTTGAAACTGGAAGGCAGAGGTTGCAGTGAGCTGGGATCACACCACGGCACTCCAGCCTGGGCAACAAAAGGGCAACAAGAGCGAAACTCCGTATCAAAAAAGAAA","GGCCAGGCATGGTGGCTTACACCTGTAATCCCAGCACTTTGGGAGGCCGAGGCTGGTGGATCACCTGAGATCAGGAGTTCAAGACCAGCCTGGCCAACATGCTGAAACCCTGTCTCTACTAAAAATACAAAAAGTTAGCCGGGTGTAGTAGTGGGTCCCTGTAATCCCAGCTATTCAGGAGGCTGAGGCAGGAGAATCACTTGAAACTGGAAGGCAGAGGTTGCAGTGAGCTGGGATCACACCACGGCACTCCAGCCTGGGCAACAAAAGGGCAACAAGAGCGAAACTCCGTATCAAAAAAAAAAA"
"chr1","90418522","90418829","chr1","89747506","89747816","6","671016","CCAGGCACAATGGCTCACGCCTATAATCCCAACACTTTGGGAGGCCAAGGTGGGCGGATCACCTGAGGCCAGGAGTTCGAGACCAGCGTGGCCAACATGGCAAAACCCCGTCTCTACTAAAAGTACAAAAATTAGCTGGGCATGGTGGCAGGCGCCTGTAATCCCAGCTACTCAGGAGGCTGAGGCAGGAGAATTGCCTGAATCCAGGAGACAGAGGTTGCAGTGAGCTGAGATCGTGTCACTACACTCCAGCCTGGGCAACAAGAGCACGACTTCGTCTCAAAAAAAAAAAAAGGAAAGAAAAAAAA","CCAGGCACAATGGCTCACGCCTATAATCCCAACACTTTGGGAGGCCAAGGTGGGCGGATCACCTGAGGCCAGGAGTTCGAGACCAGCGTGGCCAACATGGCAAAACCCCGTCTCTACTAAAAGTACAAAAATTAGCTGGGCATGGTGGCAGGCGCCTGTAATCCCAGCTACTCAGGAGGCTGAGGCAGGAGAATTGCCTGAATCCAGGAGACAGAGGTTGCAGTGAGCTGAGATCGTGTCACTACACTCCAGCCTGGGCAACAAGAGCACGACTTCATCTCAAAAAAAAAAAAAAAAAGGAAAGAAAAAAA"
"chr1","91289297","91289600","chr1","90629528","90629834","4","659769","GGCCATGTGCAGTGTCTCACGCCTGTAATCCCAGCACTTTGGGAGGCTGAGGCGGGTGGATCACCTGAGGTTAGGAGTTCGAGACCAGCCTGGCCAACATGGTGAAACCCTGTCTCTACTAAAAATACAAAAATTTAGCCAGGCATGGTAGTGGGCACCTGTAATCCCAGCTACTTGGGAGGCTGAGGCAGGAGAATCACTTGAACCCAGGAGGCAGAGATTGCAGTGAGCTGAGGTCGCGCCACTGCACTCTAGCCTGGGCAACAAGAGCGAAAATCCGTCTCCAAAAAAAAAAAAAAAAAAA","GGCCATGTGCAGTGTCTCACGCCTGTAATCCCAGCACTTTGGGAGGCTGAGGCGGGTGGATCACCTGAGGTTAGGAGTTCGAGACCAGCCTGGCCAACATGGTGAAACCCTGTCTCTACTAAAAATACAAAAATTTAGCCAGGCATGGTAGTGGGCACCTGTAATCCCAGCTACTTGGGAGGCTGAGGCAGGAGAATCACTTGAACCCAGGAGGCAGAGATTGCAGTGAGCTGAGGTCGCGCCACTGCACTCTAGCCTGGGCAACAAGAGCGAAAATCCGTCTCAAAAAAAAAAAAAAAAAAAAAAA"
"chr1","92264442","92264741","chr1","91614935","91615236","5","649507","GGCGGGGCGTGGTGGCTCACACCTGTAATCCCAGCACTTTGTGGGGCCCAGGCAGGCAGATCACCTGAGGTCAGGAGGTTGAGACCAGCTTGGCCAACATGGTGAAACGGGGTCTCTACAAAAAATATAAAAAATTAGCCGGGTGTGGCGGTGGGCACCTGTAATCCCAGCTACTCGGGAGGCTGAGGCAGGAGAATCACTTGAACCCAAGAAGTGGAGGTTGCAGTGAACCGAGATCACACCACTGCACTCCAGCCTGGGCAACTAGAGCAAAACTCCATCTAAAAAAAAAAAAGAAAA","GGCGGGGCGTGGTGGCTCACACCTGTAATCCCAGCACTTTGTGGGGCCCAGGCAGGCAGATCACCTGAGGTCAGGAGGTTGAGACCAGCTTGGCCAACATGGTGAAACGGGGTCTCTACAAAAAATATAAAAAATTAGCCGGGTGTGGCGGTGGGCACCTGTAATCCCAGCTACTCGGGAGGCTGAGGCAGGAGAATCACTTGAACCCAAGAGGTGGAGGTTGCAGTGAGCCGAGATCACACCACTGCACTCCAGCCTGGGCAACTAGAGCAAAATTCCATCTAAAAAAAAAAAAAGAAAAA"
"chr1","92272199","92272487","chr1","91622718","91623006","1","649481","GGCTGGGCACGGTGGCTCACACCTGAAATCACAGCACTTTGGGAGGCCAAGGTGGGTGGATCACCTGAGGTCAGGAGTTTGAAACCAGCCTGGAGAACATGGTGAAACCCTGTCTCTACTAAAAATGAAAAAATTAGCCCGGTGTGGTGGTGGGTGCCTGTAATCCCAGCTACTGGGGAGGCTGAGGCAGGAGAATCACTTGAACCCAGGAGGCAGAGGTTGCAGTGAGCCAAGATAGAGCCACTGTACTCCAGCCTGGGCAACAAGAGCAAGACTCCATCTCAAAAAA","GGCTGGGCACGGTGGCTCACACCTGAAATCACAGCACTTTGGGAGGCCAAGGTGGGTGGATCACCTGAGGTCAGGAGTTTGAAACCAGCCTGGAGAACATGGTGAAACCCTGTCTCTACTAAAAATGAAAAAATTAGCCCGGTGTGGTGGTGGGTGCCTGTAATCCCAGCTACTGGGGAGGCTGAGGCAGGAGAATCGCTTGAACCCAGGAGGCAGAGGTTGCAGTGAGCCAAGATAGAGCCACTGTACTCCAGCCTGGGCAACAAGAGCAAGACTCCATCTCAAAAAA"
"chr1","92276065","92276361","chr1","91626586","91626882","3","649479","GCTGGGTGCAGTGGCTCACTCCTGTAGTCCCAGCACTTTGGGAGGCCGAGGCGGGTGGATCACCTGAGGTCAGGAGTTCGGGACCAGTCTGGCCAACATGGTGAAACCCGTCTCTACTAAAAATACAAAAATTAGCTGGGCATGGTGGCAGGCACCTGTAATCCCAGTTACTTGGGAGGCTGAGGCAGGAGAATCATTTGAACCCGGGAGGCAGAGGTTGCAGTGAGCTGAGATCGCGCTACTGCACTCCAGCCTGGGCAACAAGAATGAAACGCCGCCTCAAAGAAAAGAAAAAAA","GCTAGGTGCAGTGGCTCACTCCTGTAGTCCCAGCACTTTGGGAGGCCGAGGCGGGTGGATCACCTGAGGTCAGGAGTTCGGGACCAGTCTGGCCAACATGGTGAAACCCGTCTCTACTAAAAATACAAAAATTAGCTGGGCATGGTGGCAGGCACCTGTAATCCCAGTTACTTGGGAGGCTGAGGCAGGAGAATCATTTGAACCCGGGAGGCAGAGGTTGCAGTGAGCCGAGATCGCGCTACTGCACTCCAGCCTGGGCAACAAGAATGAAACACCGCCTCAAAGAAAAGAAAAAAA"
"chr1","92286946","92287242","chr1","10726150","10726444","35","81560796","GGCCGGGTGCAGTGGCTCACACCTGTAATCCCAGCAATTTGGAAGGCCAAGGTGGGTGGATCACCTGAGGTCAGGAGTTTGAAACAAGCCTGGCCAACATGGAGAAACCCTGTCTCTACTAAAAATGCAAAAATTAGCCAGCTGTGGTGGCAGGCGCTTGTAATCCCAGCTACTCAGGAGGCTGAGGAAGGGGAATTGCTTGAACCCGGGAGGCAGTGGAGGTTGCAGTGATCTGAGATTGTGCCACTGCACTCCAGCCTGGGCAACAAGGGTGAAACTCTGTCTAAAACAAACAAA","GGCCGGGCACGTTGGCTCACGCCTCTAATCCCTGCACTTTGGGAGGCTGAGGCGGGTGGATCACCTGAGGTCAGGAGTTCGAGACCAGCCTGGCCAACATGATGAAACCCTGTCTCTACTAAAAATACAAAAAATTAGCCAGATGTGGTGGCAGGCGCCTGTAATCCCTGCTACTCAGGAGGCTGAGGAAGGAGAATTGCTTGAACCCGGGAGGTGGAGGTTGCAGTGAGCCGAGATCGTGCCACTGCACTCCAGACTGGGCAACAAGAGCGAAACTCTGCCTCAAAAAAACAAA"
"chr1","92371240","92371537","chr1","91723321","91723618","0","647919","GGCCAGGCGCGGTGGCTCATGCCTATAAGCCAGGCACTTTGGGAGGCCGAGGTGGGTGGATCACCTGAGGTCAGGAGTTAGAGACCAGCCTGGCCAACATGGTGAAACCCCGTCTCTACTAAAAATACAAAAAATTAGCTGGGCGTGGTGGCTGGCGCCTGTAATCCCAGATACTTGGGAGGTTGAAGCAGGAGAATCGCTTGAACCCAGGAGGTGAAGGTATCAGTGAGCCGAGATCATGCCACTGCATTCCAGCCTGGGCAACAAGAGCGAAACTCCATCTCAAAAAAAAGAGAAA","GGCCAGGCGCGGTGGCTCATGCCTATAAGCCAGGCACTTTGGGAGGCCGAGGTGGGTGGATCACCTGAGGTCAGGAGTTAGAGACCAGCCTGGCCAACATGGTGAAACCCCGTCTCTACTAAAAATACAAAAAATTAGCTGGGCGTGGTGGCTGGCGCCTGTAATCCCAGATACTTGGGAGGTTGAAGCAGGAGAATCGCTTGAACCCAGGAGGTGAAGGTATCAGTGAGCCGAGATCATGCCACTGCATTCCAGCCTGGGCAACAAGAGCGAAACTCCATCTCAAAAAAAAGAGAAA"
"chr1","92692995","92693307","chr1","92050876","92051191","3","642119","GCTAGGTACAGTGGCTCACACCTGTAATCTCAACAATTTGGGAGGCCGAAGGCAGGCAGATCACCTGAGGTCAGGAGTTCCAGACCAGCCTGGCCAATGTGGTGAAACCCCATCTCTACTAAAAATACAAAAATTAGCTGGGCATGGTGGCAGGCACCTGTAATCCCATGTAATACGAGCTACTCGGGAGGCTGAGGCAGGTGAATCACTTGAGCCTTGGGTGGAGGTTGCAGTGAGCTGAGATTGCACCACTGCACTCCAGCCTGGGCAACAAAGGCAAAACTCTATCTCAAAAAATAAATAAATAAATAAA","GCTAGGTACAGTGGCTCACACCTGTAATCTCAACAATTTGGGAGGCCGAAGGCAGGCAGATCACCTGAGGTCAGGAGTTCCAGACCAGCCTGGCCAATGTGGTGAAACCCCATCTCTACTAAAAATACAAAAATTAGCTGGGCATGGTGGCAGGCACCTGTAATCCCATGTAATACGAGCTACTCGGGAGGCTGAGGCAGGTGAATCACTTGAGCCTTGGGTGGAGGTTGCAGTGAGCTGAGATTGCACCACTGCACTCCAGCCTGGGCAACAAAGGCAAAACTCTATCTCAAAAAATAAATAAATAAATAAATAA"
"chr1","92829670","92829962","chr1","92189563","92189857","5","640107","GGTTGGGCTCGGTGACTCATGCCTGTAATCCCAACACTGGGAGGCCGAGGTAGGAGGATCACTTGAGGTCAGGAGTTCAAGACCAGCCTGGCCAACATGGTGAAACCCTGTCTCTACTAAAAATACAAAAATTAGCCAGGCATGGTCGTGGGCACCTGTAATCTCAGCTACTCAGGAGGCTGAGGCAGGAGAATCGCTCGAACCTGAGAGGTGGAGGTTGCAGTGAGCGCGATCGAGCCACTGCACTCTAGCCTGAGCAACAAGAGCAAAACTCTGTCTCAAAAGAAAAAAAA","GGTTGGGCTCGGTGACTCACGCCTGTAATCCCAACACTGGGAGGCCGAGGCAGGAGGATCACTTGAGGTCAGGAGTTCAAGACCAGCCTGGCCAACATGGTGAAACCCTGTCTCTACTAAAAATACAAAAATTAGCCAGGCATGGTCGTGGGCACCTGTAATCTCAGCTACTCAGGAGGCTGAGGCAGGAGAATCGCTCGAACCTGAGAGGTGGAGGTTGCAGTGAGCGCGATCGAGCCACTGCACTCTAGCCTGAGCAACAAGAGCAAAACTCTGTCTCAAAAAAAAAAAAAAA"
"chr1","92831934","92832232","chr1","92191836","92192135","1","640098","CCGGGCACAATGGCTCACGCCTGTAATCCTAGCACTTTGGGAGGCTGAGGCAGGCGGATCACTTGAGGTCAGGAGTTTGAAACCAGCCCGGCCAACATGGTGAAACCCCGTCTCTACTAAAAAAAAAATACAAAAAAATTAGCCAGGCATGGTGGCGGGTGCCTGTAATCCCAGCTACTCGGGAAGCTGAGGCAGGAGAATTGCTTGAACTCGGGAGGCGGAGGTTGCAGTGAGCCGGGTTCCTGCCACTGTACTCCAGCCTGGGCAACAAGAGTGAAACTCTGTCTCAAATAAATAAA","CCGGGCACAATGGCTCACGCCTGTAATCCTAGCACTTTGGGAGGCTGAGGCAGGCGGATCACTTGAGGTCAGGAGTTTGAAACCAGCCCGGCCAACATGGTGAAACCCCGTCTCTACTAAAAAAAAAATACAAAAAAAATTAGCCAGGCATGGTGGCGGGTGCCTGTAATCCCAGCTACTCGGGAAGCTGAGGCAGGAGAATTGCTTGAACTCGGGAGGCGGAGGTTGCAGTGAGCCGGGTTCCTGCCACTGTACTCCAGCCTGGGCAACAAGAGTGAAACTCTGTCTCAAATAAATAAA"
"chr1","92989477","92989787","chr1","92349320","92349630","2","640157","GGCTGGGTGCGGTGGCTCACACCTGTAATCCCAGCACTTTGGGAGGCCAAGGCGGGCGGATCACCTGAGGTCAGGAGTTCGAGACCAGCCTGCCCAACATGGCGAAACCCCATCTCTGCTGAAAATACAAAATATTAGTCAGGCTTGGTGGTGGGCACCTGTAATCCCAGCTACCCAGGAGGCTGAGGCAGGAGAATCGCTTGAACCCGGCAGGTGGAGGTTGCAGTGAGCCAAGATTGTGCCACTGCACTCCAGCCCGGGCAACAAGAGCAAAACTCTGTCTCAAAAAAAAATAAATAAATAAAATAAAA","GGCTGGGTGCGGTGGCTCACACCTGTAATCCCAGCACTTTGGGAGGCCAAGGCGGGCGGATCACCTGAGGTCAGGAGTTCGAGACCAGCCTGCCCAACATGGCGAAACCCCATCTCTGCTGAAAATACAAAATATTAGTCAGGCTTGGTGGTGGGCACCTGTAATCCCAGCTACCCAGGAGGCTGAGGCAGTAGAATCGCTTGAACCCGGCAGGTGGAGGTTGCAGTGAGCCACGATTGTGCCACTGCACTCCAGCCCGGGCAACAAGAGCAAAACTCTGTCTCAAAAAAAAATAAATAAATAAAATAAAA"
"chr1","93014622","93014914","chr1","92374465","92374769","17","640157","GTGGCTCACACCTGTAATCCCAGCACTTTGGGAGGCCAAGGCAGGAGGATCACTTGAGGTCAGGAGTTTGAGATGAGCCTGGCCAACGTGGTGAAACAACATCTCTACCAAAAATACAAAAAAATTAGCCCAGTATGGTGGCATGCACCTGTAGTCCCAGGTACTCAGAAGGCTGAGGCAGAAGAATCACTTGAACCCATGAGGCGGAGGTTGCAATGAGCCAAGATGGCACCACTGCACTCCAGCCCGGGCAACAAGAGTGAAACTCCATTTCCAAAGGAAAAAAAAAGAAA","GGCCAGACACGGTGGCTCACACCTGTAATCCCAGCACTTTGGGAGGCCAAGGCAGGAGGATCACTTGAGGTCAGGAGTTTGAGACGAGCCTGGCCAAGGTGGTGAAACAACATCTCTACCAAAATACAAAAAAATTAGCCCAGTATGGTGGCATGCACCTGTAGTCCCAGGTACTCAGAAGGCTGAGGCAGAAGAATCACTTGAACCCATGAGGCGGAGGTTGCAATGAGCCAAGATGGCACCACTGCACTCCAGCCCGGGCAACAAGAGTGAAACTCCATTTCCAAAGAAAAAAAAAAAAGAAA"
"chr1","93033197","93033492","chr1","92393481","92393777","2","639716","GGCCGGGCACGATGGCTCACACCTGTAATCCTAGCACTTTGGGAGGCCAAGACGGGTGGATAGTTTGAAGCCAGGAGTTCAAAACCAGCCTGGCCAACATGGTGAAACCCGGTCTCTACTGAAAATACAAAAAATTAGCCAGGCATGGTGGTGGGCACCTGTAATTCCAGCTACTCGGGAGGCTGAGGTAGGAGAATCACTTGAACCCAGGAGGCAGAAGTTGCAGTGAGTCAAGATCACGTCACTGCACTCCAGCTTGGGCAAGAAGAGGGAAATTTTGTCTCAAAAAAAGAAAA","GGCCGGGCACGATGGCTCACACCTGTAATCCTAGCACTTTGGGAGGCCAAGACGGGTGGATAGTTTGAAGCCAGGAGTTCAAAACCAGCCTGGCCAACATGGTGAAACCCGGTCTCTACTGAAAATACAAAAAATTAGCCAGGCATGGTGGTGGGCACCTGTAATTCCAGCTACTCGGGAGGCTGAGGTAGGAGAATCACTTGAACCCAGGAGGCAGAAGTTGCAGTGAGTCAAGATCACGTCACTGCACTCCAGCTTGGGCAAGAAGAGGGAAACTTTGTCTCAAAAAAAAGAAAA"
"chr1","93251888","93252044","chr1","92610897","92611053","1","640991","GGCATGGTGGTGGCTGCCTGTAATCCCAGCTACTTGAGAGGCTGAGGCAGGAGAACCACTTGAACCTGGGAGGCGGAGGTTGCGGTGAGCCGAGATGGCGCCACTGCACTCCAGCCTGGGCAACAAGAGCAAAACTAGGTCTCAAAAATAAAAGAAA","GGCATGGTGGTGGCTGCCTGTAATCCCAGCTACTCGAGAGGCTGAGGCAGGAGAACCACTTGAACCTGGGAGGCGGAGGTTGCGGTGAGCCGAGATGGCGCCACTGCACTCCAGCCTGGGCAACAAGAGCAAAACTAGGTCTCAAAAATAAAAGAAA"
"chr1","93289053","93289347","chr1","92651004","92651300","2","638049","CTGGGCACAGCGGCTCACGCCTGTAATCCCAACACTTTGGGAGGCCAAGGTGGGTGGATCACTTGAGGTCAGGAGTTATGGCAAAACCCTGTCTCTACTGAAAATACAAATATCAACCAGGCATGGTGGTGGGTGCTGGTAATCCCAGCTACTTGAGAGGCTGAGGCATGAGAATCACTTGAACCCGGGAGGTGGGGGTGGGGGTTGCAGTGAGCTGAGATCGCGCTGCTGCACTCTAGTCTGGGCAACAAGAGGGAAACTCCGTCTCAAAAAAAAAAAAAAGAAAGAAAGAAAA","CTGGGCACAGCGGCTCACGCCTGTAATCCCAACACTTTGGGAGGCCAAGGTGGGTGGATCACTTGAGGTCAGGAGTTATGGCAAAACCCTGTCTCTACTGAAAATACAAATATCAACCAGGCATGGTGGTGGGTGCTGGTAATCCCAGCTACTTGAGAGGCTGAGGCATGAGAATCACTTGAACCCGGGAGGTGGGGGTGGGGGTTGCAGTGAGCTGAGATCGCGCTGCTGCACTCTAGTCTGGGCAACAAGAGGGAAACTCCGTCTCAAAAAAAAAAAAAAAAGAAAGAAAGAAAA"
"chr1","93321729","93322016","chr1","92684154","92684442","2","637575","GGCTGGGCGTGGTGGCTCATGCCTGTAATCCCAGCACTTTGGGAGGCCAAGGCGGGTGGATCACGACGTCAGTAGTTCCAGACCAGCCTAGCCAACATGGTGAAACCCCGTCTCTACTAAAAATACAAAAATTAGCTGGTTGTGGTGGCTAGGGGCTGTAATCCCAGCTATTCAGGAGGCTGAGGCAGGATCACTTGAACCCAGGAGGTGGAGGTTCCAGTGAGCCGAGATTTTGCCACCGCACTGTAGCCTGGGCAACAATAGCGAAACTCCATCTCAAAAAAAAAA","GGCTGGGCGTGGTGGCTCATGCCTGTAATCCCAGCACTTTGGGAGGCCAAGGAGGGTGGATCACGACGTCAGTAGTTCCAGACCAGCCTAGCCAACATGGTGAAACCCCGTCTCTACTAAAAATACAAAAATTAGCTGGTTGTGGTGGCTAGGGGCTGTAATCCCAGCTATTCAGGAGGCTGAGGCAGGATCACTTGAACCCAGGAGGTGGAGGTTCCAGTGAGCCGAGATTTTGCCACCGCACTGTAGCCTGGGCAACAATAGCGAAACTCCATCTCAAAAAAAAAAA"
"chr1","93331248","93331545","chr1","92694141","92694437","2","637107","GGCCTGGCACCGTGGCTCACACCTATAGGTTGAGGCAGGTGGATCACCTGAGGTCAGGAGTTCGAGACTGGCCTGGCCAACATGGTGAAACCCCTGTCTCTACTAATAATACAAAAAAATTAGCTGGGCGTGGTGGCGCATGCCTGTAATCTCAGCTACTTGGGAGGCTGAGGCAGGAGAATCGCTTGAACCTGGGAGGCGGAGGTTGCAGTGAGCTAAGATTGTGCCACTGCACTCCAGCCTGGGCAACAAGAGTGAAACTCCGTCTCAAAAAAACAAACAAACAAATAAAACAAAA","GGCCTGGCACCGTGGCTCACACCTATAGGCTGAGGCAGGTGGATCACCTGAGGTCAGGAGTTCGAGACTGGCCTGGCCAACATGGTGAAACCCCTGTCTCTACTAATAATACAAAAAAATTAGCTGGGCGTGGTGGCGCATGCCTGTAATCTCAGCTACTTGGGAGGCTGAGGCAGGAGAATCGCTTGAACCTGGGAGGCGGAGGTTGCAGTGAGCTAAGATTGTGCCACTGCACTCCAGCCTGGGCAACAAGAGTGAAACTCCGTCTCAAAAAACAAACAAACAAATAAAACAAAA"
"chr1","93405761","93406072","chr1","92771072","92771354","29","634689","GGCTGGGCATGGTGGCTCACATCTGTAATCCCAGCACTTTGGGAGGCCGAGGCAGGCGATCGCCTAAGGTCAGGAGTTTGAGACCAGCCTGCCTAACATGGTGAAACCCCATTTCTATTAAAAATACAAAACATTAGCCAGGCATGGTGGCGTGCGCCTGTAATGCCAGCTACTGGGGACGCTGAGGCAGAAGAATCGCTTGAACCCAGGAGGTGGAGGTTGCAGTGAGCCGAGATCACACCACTGCACTCCAGCTTGGGCAACAAAAGCGAAACTTCATCTCGATAAAAACAAACAAACAAACAAACAAAA","GGCTGGGCATGGTGGCTCACATCTGTAATCCCAGCACTTTGGGAGGCCGAGGCAGGCGATCGCCTAAGGTCAGGAGTTTGAGACCAGCCTGCCTAACATGGTGAAACCCCATTTCTATTAAAAATACAAAACATTAGCCAGGCATGGTGGCGTGCGCCTGTAATGCCAGCTACTGGGGACGCTGAGGCAGAAGAATCGCTTGAACCCAGGAGGTGGAGGTTGCAGTGAGCCGAGATCACACCACTGCACTCCAGCTTGGGCAACAAAAGCGAAACTTCATCTC"
"chr1","93440253","93440559","chr1","92806268","92806573","1","633985","GGCTGGGCGCAGTGGCTCACGCCTGTAATCCTAGCACTTTGGAAGGCCAAAGTGGGCGGATGGCTTGAGGTTAGGAATTTGAGACCAGCCTGGCCAACATGGTGAAACCACGTCTCCACTAAAAATACAAAAATTAGCCAGGCGTGGTGGCGGACACCTGTAATCCCAGCTACTAGGGAGGCTGAGGCAGGAGAATCGCTTGAACCCAGGAGATGGAGGTTGCAGTGAGCCGAGATCGAGTCACCGCACTCCAGCCTGGGCAACAAGAGGGAAACTCTGTCTCAAATAAATAAATAAATAAAATAAA","GGCTGGGCGCAGTGGCTCACGCCTGTAATCCTAGCACTTTGGAAGGCCAAAGTGGGCGGATGGCTTGAGGTTAGGAATTTGAGACCAGCCTGGCCAACATGGTGAAACCACGTCTCCACTAAAAATACAAAAATTAGCCAGGCGTGGTGGCGGACACCTGTAATCCCAGCTACTAGGGAGGCTGAGGCAGGAGAATCGCTTGAACCCAGGAGATGGAGGTTGCAGTGAGCCGAGATCGAGTCACCGCACTCCAGCCTGGGCAACAAGAGGGAAACTCTGTCTCAAATAAATAAATAAATAAATAAA"
"chr1","93467805","93468077","chr17","45758521","45758795","29","47709284","GGCTGGGTGTGGTGGCTCATGCTTGTAATTCCAGCACTTTGGGAGGCTGAGGTGGGTGGATCACCTGAGGTCAGGAGTTCGAGTCCAGCCTGGCCAACATGGTGAAACCTCATCTCTACCAAAAATAAAAAATTAGCCGGGGATGGTGGCAAATGCCTGTAATCCCAGCTACTTGGGAGGCTGAGGCAGGAGAATTGCTTGAACCTGGGAGGCAGAGGTTGCAGTGAGCCAAGATTGCACCACTGCATTCCAGCCTGGGCAACAAGAGCAAAA","GGCCAGGCACAGTGGCTCATGCCTGTAATCCCAGCACTTTGGGAGGCTGAGGTGGGTGGATCACCTGAGGCCAGGAGTTCAAGACCAGCCTGGCCAACATGGTGAAACCCCAACTCTACCAAAAATACAAAAATTAGCCAGGCCTGGTGGCGTGTGCCTGTAATCCCAGCTACTTGGGAGGCTGAGGCAGGAGAATTGCTTGAACCTGGGAGGTAGAGGTTGCAGTGAGCTGAGATGGCACCACTGCAACCCAGCCTGGGGAACAAGAGCGAAAC"
"chr1","93531625","93531794","chr19","9024578","9024748","21","84507047","GGTGTGGTGGCCGGGTGCCTGTAATCCCAACTACTCGGGAGGCTGAGGCAGGAGAATGGCTGAACCCAGGAGGTGGAGGTTGCAGTGAGCCAAGATCGCACCACCGCACTCCAGCCTGGGCAACAAGAGCGAAACTCCGTCTCAAAAAAAATAAAAAAATAAATAAAAAA","GGGCACGGTGGCTCATACCTGTAATCCCAGCTACTCGGGAGGCTGAGGCAGGAGAATCGCTTGAACCCAGGAGGCGGAGGTTGCAGTGAGCCGAGATCGCGCCACTGCACTCCAGCCTGGGCAACTAGAGTGAAACTCCGTCTCAAAAAAAAAAAAAAAAAAAAAAAAAAA"
"chr1","93546884","93547205","chr5","181634705","181635025","36","88087821","GGCTAGGCACAGTGGCTCATGCCTGTAATCCCAGCACTCTGGGAGGGCGAGGTGGGTGGATCACCTGAGGTCAGGAGTTCAAGACCAGCCTGACCAACATGGTGAAACCCCGTCTCTACTAAAAATACAAAAAATTAGCTGGGCATGGTGGCACGCTCCTGTACTCCCAGCTACTCGGGAAGCTGAGGCAAGAAAATCGCTTGAACCTGGGAGGCAGAGGTTGCAGTGAGCAGAGATCGTACCACTGCACTCCAGCCTAGGCAACAAGAGCAAAACTCTGTCTCAATAAATAAATAAATACATACGTAAATAAATAAATAAA","GGCCGGGTGCAGTGGCTCACGCCTGTAATCCCAGCACTTTGGGACGCCAAGTTGGGTGGATCACCTGAGGTCAGGAGTTTGAGACCAGCCTGGCCAACATGGTGAAACCCCCGTCTCTACTAAAAATACAAAAAATTAGCTGGGCGTGGTGGTGCACGCCTGTAATCCCAGCTGCTCAGGAGGCTGAGGCAAGAGAATCACTTGAACCTGGGAGGCGGGGTTGCAGTGAGCCGAGATCACACCACTGCACTCCAGCCTGGGCAACAAGAGCAAAACTCAGTCTCAAAAATAAATAAATAAATAAATAAATAAATAAATAAA"
"chr1","94102093","94102389","chr1","93473900","93474205","10","628193","CTGGGCACAGTGGCTCGTGCCTATAATCCCAGCACTTTGGGAGGCAGAGGCAGGCGGATCACCTGAGGTCAGGAGTTCGAGATCAGCCTGGCCAACATAGTGAAACCCTGTCTCTACTAAAAATACAAAAATTAGCTGGGCGTAGTGGCGGGCGCATGTAATCCCAGCTACTAGGGAGGCTGAGGCAGGAGAATTGCTTGAACCTGGGAGGTGGAGGTTGCAGTGAGCCGAGATCACACCACTGCACTCCAGCCTGGGCAAAAAGAGTGCAACTCCATCTCAAAAAAAAAAAAAAAA","CTGGGCACAGTGGCTCGTGCCTATAATCCCAGCACTTTGGGAGGCAGAGGCAGGCGGATCACCTGAGGTCAGGAGTTCGAGATCAGCCTGGCCAACATAGTGAAACCCTGTCTCTACTAAAAACACAAAAATTAGCTGGGCGTAGTGGCGGGCGCATGTAATCCCAGCTACTAGGGAGGCTGAGGCAGGAGAATTGCTTGAACCTGGGAGGTGGAGGTTGCAGTGAGCCGAGATCACACCACTGCACTCCAGCCTGGGCAAAAAGAGTGCAACTCCATCTCAAAAAAAAAAAAAAAAAAAAAAAAA"
"chr1","95230155","95230444","chr13","24886103","24886404","44","70344052","GCCAGGCGTGGTGGCTCACGCCTGTAATCCCAGCACTTTGGGAGGCCGAGGCAGGTGGATCACCTGAGCTCAGGAGTTTGAGACCAGCCTGGTGAAACCCCATCTCTACTAAAAATATAAAATTAGCTGGGCGTGGTGGCATGTGCCTGTAATCCCAGCTGCTCAGGAGGCTGAGGTGGGAGAATCGCTTGAATCGTGGAGGTTGCAGTGAGCCGAGATTGTGCCACCACTGCACTCCAGCCTGGGCAAAAAGAGTGAAACTCAGTCTAAAAAAAAGAAAAAGAAAAAAA","GCCAGGCGTGGTGGCTCACGCCTGTAATCCCAGCACTTTGGGAGGCTGAGGCAGGCGGATCACCTGAGGTCAGGAGTTTGAGACCAGCCTGACATGGTGAAACCCCATCTCTACGAAAAATACAAAAATTAGCTGGGCATAGTGGCGGGTACCTATAATCCCAGCTACTCGGGAGGCTGAGGCATGAGAATCACTTGAAGCCGGGAGGTGGAGGTTGCAGTGAGCCGAGATCGCACCACTGCACTCCAGCCTGGGCAACAAGAGCAAAACTCCGTCTCAAAAAAGATGAAAATAAAATAAAA"
"chr1","95633786","95634074","chr1","95005365","95005653","0","628421","GCCAGGCGCGGTGGCTCACGCCTGTAATCCCAGCACTTTGGGAGGCCGAGGCGGGCGGATCACCTGAGGTCAGGAGTTTGAGACCAGCTTGGCTAATATGGTGAAACCCCATTTCTACTAAAAATACAAAAAATTAGCCGGGCGTGGTGGCGTGCACATGTAATCCCAGCTACTCGGGAGGCTAAGGCAGTAGAATCGCTTGAACCTGGGAGGTAGAGGTTGCAGTGAGCCAAGATCACACCACTGCACTCCAGCTTGGGCAACAAGAGCAAAACTCCGTCTCAAAAAA","GCCAGGCGCGGTGGCTCACGCCTGTAATCCCAGCACTTTGGGAGGCCGAGGCGGGCGGATCACCTGAGGTCAGGAGTTTGAGACCAGCTTGGCTAATATGGTGAAACCCCATTTCTACTAAAAATACAAAAAATTAGCCGGGCGTGGTGGCGTGCACATGTAATCCCAGCTACTCGGGAGGCTAAGGCAGTAGAATCGCTTGAACCTGGGAGGTAGAGGTTGCAGTGAGCCAAGATCACACCACTGCACTCCAGCTTGGGCAACAAGAGCAAAACTCCGTCTCAAAAAA"
"chr1","96259792","96260081","chr1","95644651","95644940","1","615141","GGTGGCTCATGCCTGTAATCTCTGCAGTTTGGGAGGCCAAGGCCGGTAAATCACCTGAGGTCAGGAGTTCGAGACCAGCCTGGCCAACATGGTGAAATGCCGTTTCTACTAAAAACACAAAAACTTAGCATGTGGTGGCATGTGCCTCTAGTCCCAGCTACTCCAGAGGATAAGGCAGGAGAATCACTTGAACCCGGGAGGCAGAGGTTGCAGTGAGCCGAGATTGTGCCACTGCACTCCAGCCTGGGCAACAGGAGCAAACAAAAGAAAACAAAAACGAAAACAAAAAA","GGTGGCTCATGCCTGTAATCTCTGCAGTTTGGGAGGCCAAGGCCGGTAAATCACCTGAGGTCAGGAGTTCGAGACCAGCCTGGCCAACATGGTGAAATGCCGTTTCTACTAAAAACACAAAAACTTAGCATGTGGTGTCATGTGCCTCTAGTCCCAGCTACTCCAGAGGATAAGGCAGGAGAATCACTTGAACCCGGGAGGCAGAGGTTGCAGTGAGCCGAGATTGTGCCACTGCACTCCAGCCTGGGCAACAGGAGCAAACAAAAGAAAACAAAAACGAAAACAAAAAA"
"chr1","96426350","96426493","chr5","155751924","155752056","30","59325574","GACCAGGTGCGGTGGTTCACACCTGTAATCCCAGCACTTTGGGAGGCCAAGATACGTGGATCGCCTGAAGGTCAAGAGTTTGAAACCAGCTTGGCCAACATGGTGAAACCCTGTCTCTACTAAAAATACAAAAAATTGGCTACA","GGCCAGGCGTGATGGCTCACACTTGTAATCCCAGCACTTTGGGAGGCCGAGGCAGGTGGATCACCTGAGGTCAGAAGTTCAAGACCAGCCTGGCCAATATGGTGAAACCCTGTCTCTACTAAAAATCTAAAAA"
"chr1","96426804","96426984","chr7","41449075","41449254","33","54977729","CCCCAAAAACAAATTAGCCAGGTGTGGTCATGGGCACTTGTAATCCCAGCTACCTGGGAGGCTGAGGCAAAATAATTGTTTGAACCTGGGAGGTGGAGGTTGCAGTGAGCCAAGATTGCACCACTGCACTCCAGCCTGGGCAACAAGAACAAAACTTCACCTAAAAAAAAAAAAACAAAAA","ATATAAAAATTAGCCAGGGGTGGTGGCGGGCACCTGTAATCCCAGCTACTTGGGAGGCTGAGGCAGGAGAATTGCTATAACCCAGGAGGTGGAGGTTGCAGTGAGCCAAGATGGTGCCACTGCACTCTGGCCTGGGCAACAAGAGTAAAACTCCATCTCAAAAAAAAACAAAACAAAAAA"
"chr1","98310103","98310463","chr1","97724691","97724991","66","585412","GGCCGGGCGTGGTGGCTCATGCCTGTAATCTCTGCACTTTGGGACGCCGAGGCAGGTGGATCACCTGGGGCCAGGAGTTCGAGACAAGCCTGGCCAACATGATGAAACCCCGTCTCCACTAAAAATAAAAAAAATTAGCTGGACANNNNNNNNNNNNNNNNNNNNACGAACCCGTCCNCCAACTAAAATAAAAAAAATTAGCTGGACATGGTGTCACATGTCTATAATCCCAGCTACTCAGGATGCTGAGGCAGGAGAATTGCTTGAACCCTGGAGGCAGAGGTTGCAGTGAGACGAGATCGTGCCACTGCACTCCAGCCTGGGCAACAAGAGCAAAACTCCGACCTAAAAAAAAAAAAAA","GGCCGGGCGTGGTGGCTCATGCCTGTAATCTCTGCACTTTGGGACGCCGAGGCAGGTGGATCACCTGGGGCCAGGAGTTCGAGACAAGCCTGGCCAACATGATGAAACCCCGTCTCCACTAAAAATAAAAAAAAATTAGCTGGACATGGTGTCACATGTCTATAATCCCAGCTACTCAGGATGCTGAGGCAGGAGAATTGCTTGAACCCTGGAGGCAGAGGTTGCAGTGAGACGAGATCGTGCCACTGCACTCCAGCCTGGGCAACAAGAGCAAAACTCCACCTAAAAAAAAAAAAAAAAA"
"chr1","98823261","98823560","chr1","98244512","98244811","0","578749","GGCTGGGTGTGGTGGCTCATGCCTGTAATCCCAGCACTTTGGGAGGCCAAAGCAGGCAGATCACTTGAGGTCAGGAGTTTGTGACCAGCCTGACCAACATGGTGAAACCCCGTCTCTACTAAAAATACAAAAAATTAGTCAGGCATGGTGGCAGGTGCCTGTAATCCCAGCTACTCAGGAGGCTGAGGCAGGAGAACTGCTTGAACCCAGGAGGCAGAGGTTGCAGTGAGCCGAGATTATGCCACTGCACTCCAGCCTGGGCCACAGGAGTGAAACTCAATCTCCAAAAAAAAAAAAAAA","GGCTGGGTGTGGTGGCTCATGCCTGTAATCCCAGCACTTTGGGAGGCCAAAGCAGGCAGATCACTTGAGGTCAGGAGTTTGTGACCAGCCTGACCAACATGGTGAAACCCCGTCTCTACTAAAAATACAAAAAATTAGTCAGGCATGGTGGCAGGTGCCTGTAATCCCAGCTACTCAGGAGGCTGAGGCAGGAGAACTGCTTGAACCCAGGAGGCAGAGGTTGCAGTGAGCCGAGATTATGCCACTGCACTCCAGCCTGGGCCACAGGAGTGAAACTCAATCTCCAAAAAAAAAAAAAAA"
"chr1","98848249","98848543","chr1","98269438","98269736","4","578811","GGCCAGGCACAGTGGCTCATGCCTATAATCCCAACACTTTGGGAGGCCAAGACAGGCAGATCACCTGAGGTCAGGAGTTCGAGACCAGCCTGGCCAACATAGCGAAACCCCATCAAGTACAAAAATTAGCAGGGCGTGGTGGTGGGAACCTGTAATCCCAGCTACTCAGGAGGCTGAGGCAGGAGAATGGCTTGAACCCAGGAGGCAGAGATTGTAGTGAGCTGAGATCGCATCACTGCACTCCAGCCTGGGCAACAAGAGCAAGACTTCATCTAAAAAAAAAAAAAAAAAAAAA","GGCCAGGCACAGTGGCTCATGCCTATAATCCCAACACTTTGGGAGGCCAAGACAGGCAGATCACCTGAGGTCAGGAGTTCGAGACCAGCCTGGCCAACATAGCGAAACCCCATCAAGTACAAAAATTAGCAGGGCGTGGTGGTGGGAACCTGTAATCCCAGCTACTCAGGAGGCTGAGGCAGGAGAATGGCTTGAACCCAGGAGGCAGAGATTGTAGTGAGCTGAGATCGCATCACTGCACTCCAGCCTGGGCAACAAGAGCAAGACTTCATCTAAAAAAAAAAAAAAAAAAAAAAAAA"
"chr1","99267913","99268222","chr1","98693300","98693609","1","574613","GGCCAGGCATGATGGCTCCCGCCTGTAATCCCAACACTTTGGGAGTCCAAGGCAGGTGGATCACCAAGGTCAGGAGTTCAAGACCAGCCTGGCCAACATGGTGAAACCCTGTCTCTACTAAAAATACAAAAATTAGCCAGGCATGGTCGTGGGTGCCTGTAATCCCAGCTACTCAGAAGGCTGAGGCAGGAGAATCACTTGAACTCCAGAGGTGGAGGTTACAATGAGCCGAGATCACGCCACTGCACTCCAGCCTAGGCAACAAGAGTGAAACTCTGTCTCAAAATAAATAGATAAATAAAAATGAAAA","GGCCAGGCATGATGGCTCCCGCCTGTAATCCCAACACTTTGGGAGTCCAAGGCAGGTGGATCACCAAGGTCAGGAGTTCAAGACCAGCCTGGCCAACATGGTGAAACCCTGTCTCTACTAAAAATACAAAAATTAGCCAGGCATGGTCGTGGGTGCCTGTAATCCAAGCTACTCAGAAGGCTGAGGCAGGAGAATCACTTGAACTCCAGAGGTGGAGGTTACAATGAGCCGAGATCACGCCACTGCACTCCAGCCTAGGCAACAAGAGTGAAACTCTGTCTCAAAATAAATAGATAAATAAAAATGAAAA"
"chr1","99475297","99475604","chr1","98903607","98903914","0","571690","GCCGGGCATGGTGGCTCATGCTTGTAATTCCAGCACTTTGGGAGGCCAAGGTGGGTGGATCAACTAAGGTCAGGAGTTTGAGGCCAGCCTGGCCAATATGATGAAACCCTGTCTCTACTAAAAATACAAAAAATTAGCCAGGCATGGTGGTGGGTGCCTGTAATCCCAGCTACTCGGGAGGCTGAGGCAGGAGGATCACTTGAACCCGGGAGGCAGAGGTTGCAGTGAGCCGAGATTGTGCCACTGCATTCCAGCCTGGGAAACAAGAGTGAAACCATCTCACAGAAAAGAAAAAACAAAAACAAAAA","GCCGGGCATGGTGGCTCATGCTTGTAATTCCAGCACTTTGGGAGGCCAAGGTGGGTGGATCAACTAAGGTCAGGAGTTTGAGGCCAGCCTGGCCAATATGATGAAACCCTGTCTCTACTAAAAATACAAAAAATTAGCCAGGCATGGTGGTGGGTGCCTGTAATCCCAGCTACTCGGGAGGCTGAGGCAGGAGGATCACTTGAACCCGGGAGGCAGAGGTTGCAGTGAGCCGAGATTGTGCCACTGCATTCCAGCCTGGGAAACAAGAGTGAAACCATCTCACAGAAAAGAAAAAACAAAAACAAAAA"
"chr1","99820063","99820338","chr1","99250591","99250870","7","569472","GCTGGGCGCAGTGGCTCATGCCTGTAATCCCAGCACTTTTGGAGGCTGAGGTGGGTGGATCACCTGAGGTCGGGAGTTCAATACCAGTCTCTACTAAAAATACAAAAATTAGCTGGGGGTGGTGGCAGGCACTTGTAATCCTAGCTACTCAGGAGGCTGAGGCAGGAGAATCGCTTTGGAGGCGGAGGCTGCGGTGAGCCGAGGTTGCACTACTGCACTCCAGCTTGGGCAATAAGAGCAAAACTCTGTCTACAAAAAAAAAAAAAAGAAAAGAAA","GCTGGGTGCAGTGGCTCATGCCTGTAATCCCAGCACTTTTGGAGGCTGAGGTGGGTGGATCACCTGAGGTCGGGAGTTCAATACCAGTCTCTACTAAAAATACAAAAATTAGCTGGGGGTGGTGGCAGGCACTTGTAATCCTAGCTACTCAGGAGGCTGAGGCAGGAGAATCGCTTTGGAGGCGGAGGCTGCGGTGAGCCGAGGTTGCACTACTGCACTCCAGCTTGGGCAATAAGAGCAAAACTCTGTCTCAAAAAAAAAAAAAAAGAAAAGAAAAGAA"
"chr1","99885352","99885634","chr1","99316557","99316812","29","568795","GCAGTGGCTGACACCTGTAATCCCAGCACTTTGGGAGGCTGATATGGGCAATCACTTGAAGCCAGGAGTTTGAGACCAGCCTGGCCAACATAGTGAAACACTGTGTCTACTAAAAATACAAAAATTAGCCAGGTGTGTAATCCCAGCTACGTGTAATCCCAGCTACTCAGGTGGCTGAGGCAGGACAGTTGCTTGAATTTAGGAGGCAGAGGTTGCAGTGAGCCAAGACTGTGCTACTGCATTCTAGCCTGGGCAAAAAAAAAAGAAAAAAGAAAAAGAAAAA","GCAGTGGCTGACACCTGTAATCCCAGCACTTTGGGAGGCTGATATGGGCAATCACTTGAAGCCAGGAGTTTGAGACCAGCCTGGCCAACATAGTGAAACACTGTGTCTACTAAAAATACAAAAATTAGCCAGGTGTGTAATCCCAGCTACCTGTAATCCCAGCTACTCAGGTGGGTGAGGCAGGACAGTTGCTTGAATTTAGGAGGCAGAGGTTGCAGTGAGCCAAGACTGTGCTACTGCATTCTAGCCTGGGCAA"
"chr1","100157654","100157951","chr1","99591844","99592143","4","565810","GACTGGGCGTGGTGGCTCATGCCTGTAATACCAGCACTTTGAGAGGCCAAGCTAGGCGGGAGTTTGAGACCTGGGGTCAGGAGTTCGAGACCACCCTGGCCAACATGCTGACAACCCATATTTACTAAAAATATAAAAATTAGCCAGGTGTGGTGGCTCACACCTGTAATCCCAGCTACTTGGGAGGCTGAGGTGGGAGAATCGTTTGAACCCAGGAGGCGGAGGTTGCTGTGAGCTGAGATCGTGCCACTGCATTCCAGCCTGGGCTACAAGAGCAAAATTCCATTTCAAAAAAAAA","GACTGGGCGTGGTGGCTCATGCCTGTAATACCAGCACTTTGAGAGGCCAAGCTAGGCGGGAGTTTGAGACCTGGGGTCAGGAGTTCGAGACCACCCTGGCCAACATGCTGACACCCCATATTTACTAAAAATATAAAAATTGGCCAGGTGTGGTGGCTCACACCTGTAATCCCAGCTACTTGGGAGGCTGAGGTGGGAGAATCGTTTGAACCCAGGAGGCGGAGGTTGCTGTGAGCTGAGATCGTGCCACTGCATTCCAGCCTGGGCTACAAGAGCAAAATTCCATTTCAAAAAAAAAAA"
"chr1","101328741","101329047","chr1","100782088","100782397","8","546653","GGCCGGGCTCGGTGGCTCACGCCTGTAATCCCAGCACTTTGGGAGGCCGAGGCAGGAGGATCACCTGAGGTCAAGAGTTCAAGACCATCCTGGTCAACATGGTGAAACCCTGTCTCTACTAAAAATACAAAAAATTAGCCAGGTGTGGTGGCACGCACCTGTGGTCCCAGCTATTGGGAAGGCTGAGGCAGGAGAATCACTTGAACCCAGGAGACAGAGGTTGCAGTGAGCCGAGATTGTGCCACTGCACTCCAGCCTGGGCTACAAGCGCGAACTCTATCTACGAAAAAAAAAAAAAAGAAAGAAA","GGCCGGGCTCAGTGGCTCACGCCTGTAATCCCAGCACTTTGGGAGGCCGAGGCAGGAGGATCACCTGAGGTCAAGAGTTCAAGACCATCCTGGTCAACATGGTGAAACCCTGTCTCTACTAAAAATACAAAAAATTAGCCAGGTGTGGTGGCACGCACCTGTGGTCCCAGCTATTGGGAAGGCTGAGGCAGGAGAATCACTTGAACCCAGGAGAAAGATGTTGCAGTGAGCCGAGATTGTGCCACTGCACTCCAGCCTGGGCTACAAGCGCGAACTCTATCTCGAAAAAAAAAAAGAAAGAAAGAAAGAA"
"chr1","101333683","101333993","chr1","100787052","100787361","2","546631","GGCCTGGCGCAGTGGCTCACATCTGTAATCCTAGCACTTTGGGAGGCTGAGGTGGGTGGATTATCTGAGGTCAGGAGTTCAAGACCAGCCTGGTCAACATGGTGAAACCCCGTCTCTACTAAAAATACAAAAAATTAGCTGGGTGTGGTGATGTGCGCCTATAATCCCAGCTACTGGGAAGGCTGAGGCAGGAGAATAGCTTGAACCCGGGAGGCAGACATTGCATTGAGCTGAGATTACGCCACTGCACTCCAGCCTAGGCAACAAGGGCAAAACTCTGTCTACAAAAAAATAAAATAAAAATAAATAAA","GGCCTGGCGCAGTGGCTCACATCTGTAATCCTAGCACTTTGGGAGGCTGAGGTGGGTGGATTATCTGAGGTCAGGAGTTCAAGACCAGCCTGGTCAACATGGTGAAACCCCGTCTCTACTAAAAATACAAAAAATTAGCTGGGTGTGGTGATGTGCGCCTATAATCCCAGCTACTGGGAAGGCTGAGGCAGGAGAATAGCTTGAACCCGGGAGGCAGACATTGCATTGAGCCGAGATTACGCCACTGCACTCCAGCCTAGGCAACAAGGGCAAAACTCTGTCTCAAAAAAATAAAATAAAAATAAATAAA"
"chr1","101448339","101448625","chr1","100903636","100903922","0","544703","GGCCGGGCACGGTGGCCCACACCTATAACCTTAGCACTTTGGGAGGCCAAGGTGGGTGAATCACCTGAGGTCAGGAGTTCGAGACCAGCCTGGCCAACATGGTGAAACCTCATCTCTACTAAAAATGCAAAAAAAATTTAGCTGGGCATGGTGGCACGTGCCTGTAATCCCAGCTACTCGGGAGGCTGAGGCAGGAGAATCACTTGAACCTGGGAGGTGGAGGTTGCAGTGAGCCAGCATTGCGCCACAGCACTCCAGCCTGGGCAACAAGAGTGAAACTCCATCTC","GGCCGGGCACGGTGGCCCACACCTATAACCTTAGCACTTTGGGAGGCCAAGGTGGGTGAATCACCTGAGGTCAGGAGTTCGAGACCAGCCTGGCCAACATGGTGAAACCTCATCTCTACTAAAAATGCAAAAAAAATTTAGCTGGGCATGGTGGCACGTGCCTGTAATCCCAGCTACTCGGGAGGCTGAGGCAGGAGAATCACTTGAACCTGGGAGGTGGAGGTTGCAGTGAGCCAGCATTGCGCCACAGCACTCCAGCCTGGGCAACAAGAGTGAAACTCCATCTC"
"chr1","101453621","101453906","chr1","100908931","100909217","2","544690","GGCCGGGCGCAGTGGCTCATGCCTGTAATCTCAGTGCTTTGGGAGGCCAAGGCTGGTGGATCACCTAAGGTCAGGAGTTCGAGATCAGCCTGGCCAACATGGTGAAACCCTGTCTCTACTAAAAAAATCAGCCAGGCGTGGTGGTGCACACCTGTAATCCCAGCTACTCGGGAGGCTGAGGCAGGAGAATCACTTGAACCCTGGAAGCGGAGTTTGCAGTGAGCCGAGATCGTGCCACTGCACTCCAGCCTGGGCAACAAGAGTGAAACTCCGTCTCAAAAAAAAA","GGCCGGGCGCAGTGGCTCATGCCTGTAATCTCAGTGCTTTGGGAGGCCAAGGCTGGTGGATCACCTAAGGTCAGGAGTTCGAGATCAGCCTGGCCAACATGGTGAAACCCTGTCTCTACTAAAAAAATCAGCCAGGCGTGGTGGTGCACACCTGTAATCCCAGCTACTCGGGAGGCTGAAGCAGGAGAATCACTTGAACCCTGGAAGCGGAGTTTGCAGTGAGCCGAGATCGTGCCACTGCACTCCAGCCTGGGCAACAAGAGTGAAACTCCGTCTCAAAAAAAAAA"
"chr1","101587623","101587936","chr1","101044067","101044374","7","543556","GGCCAGGCGCAGTGGCTCATGCCTGTAATCCCTGCACTTTGGGAGGCTGAGGAGGGTGGATCACCTGAGGTCAGGAGTTTGAGACCAGCCTGGCCAACATGATGAAACCCTGTCTCTACTAAAAATACAAAAAATTAGCTGAGCATGGTGGTGTGCACCTGTAATCCCAGATACTCAGGAGGCTGAGGCAGGAGAATTGCTTGAACCTGGGAGGCAGAGGCTGCAGTGAGCCAAGATCGTGCCACTGCACTACAGTCTGGACAACAAGAACAAAACTCCATCTCAAAAAAAAAGAAAAGAAAAGAAAAGAAAAA","GGCCAGGCGCAGTGGCTCATGCCTGTAATCCCTGCACTTTGGGAGGCTGAGGAGGGTGGATCACCTGAGGTCAGGAGTTTGAGACCAGCCTGGCCAACATGATGAAACCCTGTCTCTACTAAAAATACAAAAAATTAGCTGAGCATGGTGGTGTGCACCTGTAATCCCAGATACTCAGGAGGCTGAGGCAGGAGAATTGCTTGAACCTGGGAGGCGGAGGCTGCAGTGAGCCAAGATCGTGCCACTGCACTACAGTCTGGACAACAAGAACAAAACTCCATCTCAAAAAAAAAGAAAAGAAAAGAAAA"
"chr1","102929962","102930257","chr1","102407312","102407607","1","522650","GCTGAGCAAGGTGGCTCACACCTGTAATCCCTGCACTTTGGGAGGCCAAGGTGGGAGGATCACCTGAGGTCAGGGGTTTGAGATCAACCTGGCCAACATGGTGAAACCTTGTCTCTACTAAAAATAAAAAATTAGCCAGACGTGGTAGTGGGTGCCTGTAATCCCAGCTACTCGGGTGGCTGAGGCAGGAGAATTGCTTGAACCAGGGAGGTGGAGGTTGCACTGAGCAGAGATTGTGCCACTGCACTCCAGCCTGGGCAACAGGAGCAAAACTGTGTCTCAAAGAAAAAAAAAAA","GCTGAGCAAGGTGGCTCACACCTGTAATCCCTGCACTTTGGGAGGCCAAGGTGGGAGGATCACCTGAGGTCAGGGGTTTGAGATCAACCTGGCCAACATGGTGAAACCTTGTCTCTACTAAAAATAAAAAATTAGCCAGACGTGGTGGTGGGTGCCTGTAATCCCAGCTACTCGGGTGGCTGAGGCAGGAGAATTGCTTGAACCAGGGAGGTGGAGGTTGCACTGAGCAGAGATTGTGCCACTGCACTCCAGCCTGGGCAACAGGAGCAAAACTGTGTCTCAAAGAAAAAAAAAAA"
"chr1","103658300","103658640","chr1","103142693","103143033","0","515607","GGCTGGGTGCAGTAGCCCATGCCTGTAATCCCAGCACTTTGGGAGGCTGAGGTGGGTAGATCACTGGAGTTCAGGAGTTCAAGGAGGTGGGTAGATCACTGGAGTTCAGGAGTTCAAGACCAGCCTGGCCAACATAGTGAAATCCCATCTCTACCAAAAATACAAAAGTTAGCCAGGTGTGGTGGGGGGCACCTGTAATCCCAGCTACTTGGGAGTCTAAGGAGGAGAATTGCCTGAACTGGGAGGCAGAGGCTTCAGTGAGCCAAGATTCTGCCACTGCACTCTAGCCCAGGCAACAAGAGCGAGATTCCATCTCAACAATAAAAAATAATAAAAACAAA","GGCTGGGTGCAGTAGCCCATGCCTGTAATCCCAGCACTTTGGGAGGCTGAGGTGGGTAGATCACTGGAGTTCAGGAGTTCAAGGAGGTGGGTAGATCACTGGAGTTCAGGAGTTCAAGACCAGCCTGGCCAACATAGTGAAATCCCATCTCTACCAAAAATACAAAAGTTAGCCAGGTGTGGTGGGGGGCACCTGTAATCCCAGCTACTTGGGAGTCTAAGGAGGAGAATTGCCTGAACTGGGAGGCAGAGGCTTCAGTGAGCCAAGATTCTGCCACTGCACTCTAGCCCAGGCAACAAGAGCGAGATTCCATCTCAACAATAAAAAATAATAAAAACAAA"
"chr1","104729761","104730064","chr1","104240643","104240946","1","489118","GGCCAGGTGCGGTGGCTTATGCCTGTAACCCCAGCACTTTGAGAGGCCAAGGCTGGTGGATCACCTGAGGGCAGGAGTTCAAGACCAGCCTGGCCAACATGGTGAAACCTTGGCTCTACTAAAAATACAAAAATTTGCTGGGTGTGGTGGCATGCACCTGTAATCAAAGATACTCAGGAGGCTGAGGCAGGAGAATAGCTTGAACCCCGGAGGAGGAGTTTGCAGTGAGTAGAGATTGTGAGATCGTGTCGCTGCATTCCAGCTTGGGCAACAAGAGCGAAATTCTGTCTCAAAAAAAAATAAA","GGCCAGGTGCGGTGGCTTATGCCTGTAACCCCAGCACTTTGAGAGGCCAAGGCTGGTGGATCACCTGAGGGCAGGAGTTCAAGACCAGCCTGGCCAACATGGTGAAACCTTGGCTCTACTAAAAATACAAAAATTTGCTGGGTGTGGTGGCATGCACCTGTAATCAAAGATACTCAGGAGGCTGAGGCAGGAGAATAGCTTGAACCCCGGAGGAGGAGTTTGCAGTGAGTAGAGATTGTGAGATCGTGTCGCTGCATTCCAGCTTGGGCAACAAGAGTGAAATTCTGTCTCAAAAAAAAATAAA"
"chr1","105359418","105359624","chr1","104573544","104573750","1","785874","TTTGAGACCAGCCTGGCCAACATACTAAAAGTACAAAAATTAGCTGGGCATGGTATCTGGCACCTGTAATCCCAACTACTTAGGAGGCAGAGGCAGGAGAATTGCTTGAACCCAGGAGGTGGAGGTTGCAGTGAGCCGAGACTGCGCCACTGCACTCCAGCCTGGGCAACAAGAATGAGACTCCGTCTCAAAACAAACACAAAAAAA","TTTGAGACCAGCCTGGCCAACATACTAAAAGTACAAAAATTAGCTGGGCATGGTATCTGGCACCTGTAATCCCAGCTACTTAGGAGGCAGAGGCAGGAGAATTGCTTGAACCCAGGAGGTGGAGGTTGCAGTGAGCCGAGACTGCGCCACTGCACTCCAGCCTGGGCAACAAGAATGAGACTCCGTCTCAAAACAAACACAAAAAAA"
"chr1","106225272","106225416","chr9","17247771","17247921","45","88977501","GCATGATGGCTCCCTGCAATCCCAGCACTTTGGGAGGCTGAGGCAGGAGGATCACTTAAGGCCAGGAGTTAGAGGTTGCAGTAAATCCTGATGTGGCCACCTCACTCCTGTTTGGACATCCACAAAAAAAAAAAAAAAAAAAGAA","GTGGGAGCGCCTGTAATCCCAGCTACTCGGGAGGCCTGAGGCAGGAGAATCACTTGATCCCAAGAGGCAGAGGTTGCAGTGAGCTGAGATGGCACCACTCCACTCCAGGTTGGGCAATAAGAGCAAAACTCCATTTCAAAAAAAAAAAGAA"
"chr1","107340383","107340647","chr1","106549245","106549509","4","791138","GGGAGGTCGAGGTGGGTGGATCACCTGAGATCAGAAGTTCAAGACCAGCCTGGTCAACATGGTGAAAACCCGTCTCTACTAAATATACAAAAAACTAGCTGGGCGTGGTGGTGGGTGCCTGTAATCCCAGCTACTCAGGAGGCTGAGGCAGGAGAATTTCTTGAACCCGGGAGGTGAAGGTTGCGGTGAGCCAAGATCGCTCCACTGCACTCCAGCCTGGGCAACAAGAACGAAACTTCGTCTAAAAAACAAACAAAAAACAAAA","GGGAGGTCGAGGCGGGTGGATCGCCTGAGGTCAGAAGTTCAAGACCAGCCTGGTCAACATGGTGAAAACCCGTCTCTACTAAATATACAAAAAACTAGCTGGGCGTGGTGGTGGGTGCCTGTAATCCCAGCTACTCAGGAGGCTGAGGCAGGAGAATTTCTTGAACCCGGGAGGTGAAGGTTGCGGTGAGCCAAGATCGCTCCACTGCACTCCAGCCTGGGCAACAAGAGCGAAACTTCGTCTAAAAAACAAACAAAAAACAAAA"
"chr1","107650317","107650618","chr1","106855142","106855430","17","795175","GGCCAGGCATGGTGGCTCACGCCTGTAATCACAGCACTTTGGGAAGCTGAGGCAGGTGGATCACCTGAGGTCAGGAGTTCGAGACCAGCCTGGCCAACACAGTGAAACCCCGTCTCTACTAAAAATACAAAAAAGTAGCAGGGCCTGGTGATGGATGCCTGTAATCCCAGCTACTCAGGAGGCTGAAGCAGGAGAATCCCTTGAACCAGAGAGGCAGAGGCTGCAGTGAGCTGAGATCACACCACTGCACTCCAGCCTGGGCAACAAGAGTGAAACTCCATCTCAAAAAATAAATAAATAAA","GGCCAGGCATGGTGGCTCACGCCTGTAATCACAGCAGTTTGGGAAGCTGAGGCAGGTGGATCACCTGACGTCAGGAGTTCGAGACCAGCCTGGCCAACACAGTGAAACCCCGTCTCTACTAAAAATACAAAAAAGCAGCAGGGCCTGGTGATGGATGCCTGTAATCCCAGTTACTCAGGAGGCTGAAGCAGGAGAATCCCTTGAACCAGAGAGGCAGAGGCTGCAGTGAGCTGAGATCACACCACTGCACTCCAGCCTGGGCAACAAGAGTGAAACTCCATCTCAAAAA"
"chr1","109243680","109243992","chr1","24190740","24191046","36","85052940","GCCAGGCATGGTGGTTCATGCCTGTAATCCCAGCACTTTGAGAGGCTGAGGCAGGCGGATCACCTGAGGCCAGGAGTTCGAGACCAACCTGGCCAACATGGTGAAACCCTGTCTCTACCAAAAATACAAAAAAGTTAGCCAGGTGTGGTGGCAGGTGCCTGTGATTCCAGCTACTTGGGAGGCTGAGGCAGGAGAATCACTTGAACCTGGGAGGTGGAGGTTGCAGTGAGCCGAGACTTTGCCACTGTACTCCAGCCTGGGCAACGAGAACGAAACTCTGTCTCAAAACAAAACAAAACAAAACACCAAAAAA","GGCTGGGCGCGGTGGCTCACGCCTGTAATCCCAGCACTTTGGGAGGCCGAGGCGGGCGGATCACCTGAGGTCAGGAGTTCGAGACCAGCCTGGCCAACATGGTGAAACCCGTCTCTACTAAAAATACAAAAAAATTAGCCAGGTGTGGTGGCGGGTGCCTGTAATCCCAGCTACTTGGGAGGCTGAGGCAGGAGAATCACTTGAACCCGGGAGGTGGAGGTTGCAGTGAGCCGAGATCGCACCACTGCACTCCAGCCTAGGCAACAAGAACAAAACTCCGACTCAAAAAAACAAAACAAAACAAAAA"
"chr1","109554770","109555078","chr1","108786949","108787260","8","767821","GGCTGGACAGGGTGGTTCACCCCTGTAATCCCAGCACTTTGGGAGGCCGAGGCGGGTGGATCACCTGAGGTCAGGAGTTCGAGATCAGCCTGGCCAACATGGTGAAACCCCGTCTCTACTAAAAATACAAAAATTAGCCACGCATGGTGGCATGCACCTGTAATCCCAGCTACTCGGGAGGCTGAGGCAGGAGAATCGCTTGAACCCAGGAGGCGGAGGTTGCAGTTAGCCAAGATTGTGCCACTGCACTCTGGCCTTGGCTACAAGAACAAAACTCCATCTCAAAAAAAAAACAAAAAACAAAAAAAA","GGCTGGACAGGGTGGTTCACGCCTGTAATCCCAGCACTTTGGGAGGCCGAGGCGGGTGGATCACCTGAGGTCAGGAGTTCGAGATCAGCCTGGCCAACATAGTGAAACCCCGTCTCTACTAAAAATACAAAAATTAGCCACGCATGGTGGCATGCACCTGTAATCCCAGCTATTCGGGAGGCTGAGGCAGGAGAATCGCTTGAACCCAGGAGGCAGAGGTTGCAGTTAGCCAAGATTGTGCCACTGCACTCTGGCCTTGGCTACAAGAACAAAACTCCAACTCAAAAAAAAAAACAAAAAACAAAAAAAAAA"
"chr1","109722127","109722420","chr5","14252117","14252415","27","95470010","GCCAGGTGTGGTGGCTCACGCCTATAATCCCAGCTCTTTGGGAGGCTGAGGCAGGTGGACTACCTGAGGTCAGGAGTTCGAGACCAGCCTGGCCAACATGGTGAAACCCCATGACTACCAAAAATACAAAAAATTAGCCAGGTGTGGTGGCGGGCACCTGTAATCCCAGCTACTCAGGAGGCTGAGGCAGGAGAATCACTTGAACCTGGGAGGCAGAGGTTTCAGTGAGCCAAGATCGCACCACTGCACTCTGCCTGGGCAACAAGAGTGAAACTCCGTCTCAAAAAAAAAAAA","GGCCGGGTGCGGTGGCTCACGCCTATAATCCCAGCACTTTGGGAGGCTGAGGCAGGTGGATCACCTGAGGTCAGGAGTTCAAGACCAGCCTGGCCAACATGATGAAACCCCATCTCTACTAAAAATACAAAAAATTAGCCGGGTGTGGTAGCGAGCACCTGTAATCCCAGCTACTTGGGAGACTGAGGCAGGAGAATCACTTGAACCCAGGAGGCAGAGGTTGCAGTGAGCCAAGATCACGCCACTGCACTCCAGCCTGGGCAACAAGAGTGAAACTCCGTCTCAAAAAAAAAAAAAAA"
"chr1","109958733","109959028","chr1","109137952","109138251","4","820781","GCTGGGCATGATGGCTCACACCTGTAATCCCAGCACTTTGGAAGGCTGAGGCGGGCGGATCACCTGAGGTCAGGAGGATGAGACCAGCCTGGCCAATATGATGAAGGCCCATCTCTACTGAAAATACAAAAGAATTAGCCAGGCATGGTGGTGGGAGCCTGTAATCCTAGCTATTCGGGAGGCTGAAGCAGGAGAATCGCTTGAACCCGGAAAGTGGAGGTGCAGTGAGCCAAGATTGCACCACTGCACTCCAGCCTGGGCAACAAGAGCAAAACTCCACCAAAAAAAAAAAAAAA","GCTGGGCATGATGGCTCACACCTGTAATCCCAGCACTTTGGAAGGCTGAGGCGGGCGGATCACCTGAGGTCAGGAGGATGAGACCAGCCTGGCCAATATGATGAAGGCCCATCTCTACTGAAAATACAAAAGAATTAGCCAGGCATGGTGGTGGGAGCCTGTAATCCTAGCTATTCGGGAGGCTGAAGCAGGAGAATCGCTTGAACCCGGAAAGTGGAGGTGCAGTGAGCCAAGATTGCACCACTGCACTCCAGCCTGGGCAACAAGAGCAAAACTCCACCAAAAAAAAAAAAAAAAAAA"
"chr1","110506896","110507193","chr1","109697615","109697913","4","809281","GCCAGGCGCAGTGGCTCATGCGTGTAATCCCAGCACTTTGGGAGGTCGAGGTGGGTGGATCACGAGGTCAGGAGTTCGAGACCAGTCTGGTCAACATAGTGAAACCCCATCTCTACTAAAAATACAAAAATTAGCCAGGCATGGTGGCAAACGCCTGTAGTCACAGCTACTCAAGAGGCTGAGGCAGGAGAATCGCTTGAACCCGGGAGGCAGAGGTTGTGGTGAGCCGAGATCGTACCACTGCACTCCAGCCTGGGCAACAAGAGTGAAACGCCATCTACAAAAAAAAAAAAAAAAA","GCCAGGCGCAGTGGCTCATGCGTGTAATCCCAGCACTTTGGGAGGTCGAGGTGGGTGGATCACGAGGTCAGGAGTTCGAGACCAGCCTGGTCAACATAGTGAAACCCCATCTCTACTAAAAATACAAAAATTAGCCAGGCATGGTGGCAAACGCCTGTAGTCACAGCTACTCAAGAGGCTGAGGCAGGAGAATCGCTTGAACCCGGGAGGCAGAGGTTGTGGTGAGCCGAGATCGTACCACTGCACTCCAGCCTGGGCAACAAGAGTGAAACTCCATCTCAAAAAAAAAAAAAAAAAAA"
"chr1","110541014","110541289","chr1","109731847","109732124","6","809167","GCCTGTAATCCCAGCACTTTGGGAGGCCAAGGCAGGTGGATCACCTGAGGTCAGGAGTTCGAGACCAGCCTGACCAACATGGTGAAAGCCTGTCTCTCTAAAAATACAAAAAATTAGGCTGGGCATAAGTGGCAGTGCCTGTAATTCCAGCACTTGGGAGGGCTGAGGCAGGAGAATCACTTAAACCTGGGAGGCAGAGGTTTCAGTGAGCTGAGATCGCGCCACTGCACTCCAGCCTGGGCAACAAGAGCAAGACTCTGTCCCAAAAAAAAAAAA","GCCTGTAATCCCAGCACTTTGGGAGGCCAAGGCAGGTGGATCACCTGAGGTCAGGAGTTCGAGACCAGCCTGACCAACATGGTGAAAGCCTGTCTCTACTAAAAATACAAAAAATTAGCTGGGCATAAGTGGCAGTGCCTGTAATTCCAGCTACTTGGGAGGCTGAGGCAGGAGAATCACTTAAACCTGGGAGGCAGAGGTTTCAGTGAGCTGAGATCGCGCCACTGCACTCCAGCCTGGGCAACAAGAGCAAGACTCTGTCCCCCAAAAAAAAAAAA"
"chr1","110559917","110560209","chr1","109751228","109751520","2","808689","GCCAGGTGTGGTGGCTCACACCTGTAATCCCAGCACTTTGGGAGGCCAAGGTGGGCAGATCACCTGAGGTCAGGAGTTTGAGACCACCCTGGCCAACATGGCGAAACCCCGTCTCTACTAAAAGTACGAAAATTAGCTGGCCGTGGTGGCGGGCGCCTGTAATCTCAGCTACTCAGGAGGCTAAGGCAGGAGAAGCTTGAACCTGGGCGGCAGAGGTTGCAGTGAGCCAAGATCACGCCACTGCACTCTAGCCTGGGCAACAAAAGAGAGACTCTGTCTACAAAAAAAAAAAA","GCCAGGTGTGGTGGCTCACACCTGTAATCCCAGCACTTTGGGAGGCCAAGGTGGGCAGATCACCTGAGGTCAGGAGTTTGAGACCACCCTGGCCAACATGGCGAAACCCCGTCTCTACTAAAAGTACGAAAATTAGCTGGCCGTGGTGGCGGGCGCCTGTAATCTCAGCTACTCAGGAGGCTAAGGCAGGAGAAGCTTGAACCTGGGCGGCAGAGGTTGCAGTGAGCCAAGATCACGCCACTGCACTCTAGCCTGGGCAACAAAAGAGAGACTCTGTCTCAAAAAAAAAAAAA"
"chr1","110643264","110643376","chrX","130184859","130184969","22","19541595","CTTTAACCCCANGGGGAGGTTGCAGTGAGCTGAGATGGGGCCACTGCACTCCAGACTGGTCAACAGGAGCGAAACTCTGTCTAAAAAAAAAAAAAAGTAAAGTAAAAAAAGAA","GAACCCGGGAGGCAGAGGTTGCAGTGAGCCGAGATCGCGCCACTGCACTCCAGCCTGGGCAACAGGAGCGAAATTCTGTCTCAAAAAAAAAAAAAAGAGAAAAAAAAAAAA"
"chr1","110649912","110650199","chr1","109841146","109841434","4","808766","GCTGGGTGCAGTGTCTCACCCCTGTAATCCCAGCACTTTGGGAGGCTGAGGCGGGCGGATCACCTGAGGTCAGGAGTTTGAGACCAGCCTGACCAACATGATGAAACTCCATCTCTACTAAAATACAAAAATTAGCTGGGGGTAGTGGTGGGCGCCTGTAATCTCAGCTACTTGGGAGGCTGAGGAGGGAGAATCGCTTGAACCCAGGAGGTGGAGGTTGCAGTGAGCCGAGATCGCGCCACTGCACTCCAGCCTGGGCAACAAGAGTGGGACTCTGTCTCAAAAAAA","GCTGGGTGCAGTGTCTCACCCCTGTAATCCCAGCACTTTGGGAGGCTGAGGCGGGCAGATCACCTGAGGTCAGGAGTTTGAGACCAGCCTGACCAACATGATGAAACTCCATCTCTACTAAAATACAAAAATTAGCTGGGGGTAGTGGTGGGCGCCTGTAATCTCAGCTACTTGGGAGGCTGAGGAGGGAGAATCGCTTGAACCCAGGAGGTGGAGGTTGCAGTGAGCCGAGATCACGCCACTGCACTCCAGCCTGGGCAATAAGAGTGGGACTCTGTCTCAAAAAAAA"
"chr1","110661801","110662089","chr1","109853098","109853386","1","808703","GCTAGGCACAGTGGCTCACGCACTTTGGGAGGCTGAGGGGGGTGGATCACCCGAGGTCAAGAGTTCGAGACCAGTGTAGCCAACATGGTGAAACACCATCTCTACGAAAAATACAAAAATTAGCCGGGAGTGATGGCAGACGCCTGTAATCCCAGCTACTTGGGAGGCTGAGGCAGGAGAATCCCTTGAACCTGGGAGGCGGAGGTTGCAGTGAGCCGAGATCACGCCACTGGACTCCAGCCTGGACAACAAGAAGGAAACTCCATCTCAAAAAAAAATTGAAAAAAAA","GCTAGGCACAGTGGCTCACGCACTTTGGGAGGCTGAGGGGGGTGGATCACCCGAGGTCAAGAGTTCGAGACCAGTGTAGCCAACATGGTGAAACACCATCTCTACGAAAAATACAAAAATTAGCCGGGAGTGATGGCAGACGCCTGTAATCCCAGCTACTTGGGAGGCTGAGGCAGGAGAATCCCTTGAACCTGGGAGGCGGAGGTTGCAGTGAGCTGAGATCACGCCACTGGACTCCAGCCTGGACAACAAGAAGGAAACTCCATCTCAAAAAAAAATTGAAAAAAAA"
"chr1","110743757","110744051","chr1","109931619","109931911","2","812138","GGCGGGGTGTGGTGGCTCATGCCTGTAATCCCAGCACTTGGGAGGCCAAGGCAGGTGGATCACCTGAGGTTAGGAGTTCAAGACCAGCCTGACCAACATGGTGAGACCCTGTCTCTACCGAAAATACAAAAATTAGCCAGGCATGGTGGCAGGCGCCTATAATCGCAACTACCTGGGAGGCTGAGGAAGGAGAATCGCTTGAACCCGGGAGCAGAGGTTGCAGTAAGCCAAGATCATGCCACTGCACTCCAGCCTGGGCAACAAGAGCGAAACTCTGTCTCAAAAAAAAAAAAAA","GGCGGGGTGTGGTGGCTCATGCCTGTAATCCCAGCACTTGGGAGGCCAAGGCAGGTGGATCACCTGAGGTTAGGAGTTCAAGACCAGCCTGACCAACATGGTGAGACCCTGTCTCTACCGAAAATACAAAAATTAGCCAGGCATGGTGGCAGGCGCCTATAATCGCAACTACCTGGGAGGCTGAGGAAGGAGAATCGCTTGAACCCGGGAGCAGAGGTTGCAGTAAGCCAAGATCATGCCACTGCACTCCAGCCTGGGCAACAAGAGCGAAACTCTGTCTCAAAAAAAAAAAA"
"chr1","112232985","112233264","chr1","111384869","111385148","0","848116","GGCTGGGAGCGGTGGCTCATGCCTCTAATCCCAGCACTTTGGGAGGCTGAGATGGGTGGATCACCTGAGGTCAGGAGTTTGAGACCAGCCTGGACAACATGGTGAAACTGCATCTCTGCTAAAAATACAAAAATTAGCCAGGTGTGATGGTGCGTGCCTGTAATCCCAGCTACTCAGGAGGCTGAGGTAAGAGAATCACTTGAACCCTAGAGGCAGAGGTTGCAGTGAGTCAAGATCACGCCACTGCACTCCAGCCTGGGCAACAAGAGCAAAACTCCGT","GGCTGGGAGCGGTGGCTCATGCCTCTAATCCCAGCACTTTGGGAGGCTGAGATGGGTGGATCACCTGAGGTCAGGAGTTTGAGACCAGCCTGGACAACATGGTGAAACTGCATCTCTGCTAAAAATACAAAAATTAGCCAGGTGTGATGGTGCGTGCCTGTAATCCCAGCTACTCAGGAGGCTGAGGTAAGAGAATCACTTGAACCCTAGAGGCAGAGGTTGCAGTGAGTCAAGATCACGCCACTGCACTCCAGCCTGGGCAACAAGAGCAAAACTCCGT"
"chr1","112606096","112606379","chr1","111762878","111763161","0","843218","GGTCAGGCGCAGTGGCCTGTAATCCCAGAACTTTGGGAGGCCAAGGCGGGCAGGATCACCTGACATCAGGAGTTTGAGACCAGCCTGGCCAACATAGGGAAATCCCATCTCTACTAAAAATATAAAAGTTAGCCAGGTGTGGTGGTGGGCACCTGTAATCCCAGATACTTGGGAGGCTGAGACAGGAGAATTGTTTGAACCTAGGAGGCAGAGGTTGCAGTGAGCCAAGATTGTACCACTGCACTTCAGCCTGGGCAACAAGAGTGAGACTCTGTCTTGAAAAA","GGTCAGGCGCAGTGGCCTGTAATCCCAGAACTTTGGGAGGCCAAGGCGGGCAGGATCACCTGACATCAGGAGTTTGAGACCAGCCTGGCCAACATAGGGAAATCCCATCTCTACTAAAAATATAAAAGTTAGCCAGGTGTGGTGGTGGGCACCTGTAATCCCAGATACTTGGGAGGCTGAGACAGGAGAATTGTTTGAACCTAGGAGGCAGAGGTTGCAGTGAGCCAAGATTGTACCACTGCACTTCAGCCTGGGCAACAAGAGTGAGACTCTGTCTTGAAAAA"
"chr1","113611812","113612112","chr1","112759910","112760192","22","851902","GGCTGGGCATGATGGCTCACGCCTGTAATCCCAGCACTTTGGGAGGCTGAGGAGGGTGGATCACTTGAGGTCAGGAGTTTGAGACCAGCCTGGCCAACATAGTGAAACCCCATCTCTACTAAAAATACAAAAAGTAGCCGGGCGTGGTGGCGGGTGCCTGCAATCCCAGCTTCTTGGGAGGCTGAGGCAGAAGAATTGCTTGAATCCAGGTGGCAGAGGTTGCAGTGAGCCGAGATCGCACCACTGCACTCTAGCCTGGACCACAAGAGCAAGATTCCATCCCTCCCGGCCAAAAAAAAAA","GGCTGGGCATGATGGCTCACGCCTGTAATCCCAGCACTTTGGGAGGCTGAGGAGGGTGGATCACTTAAGGTCAGGAGTTTGAGACCAGCCTGGCCAACATAGTGAAACCCCATCTCTACTAAAAATACAAAAAGTAGCTGGGCGTGGTGGCGGGTGCCTGCAATCCCAGCTTCTCAGGAGGCTGAGGCAGAAGAATTGCTTGAATCCAGGTGGCAGAGGTTGCAGTGAGCCGAGATCGCACCACTGCACTCTAGCCTGGACCACAAGAGCAAGATTCCATCCC"
"chr1","113620743","113621054","chr1","112768888","112769203","7","851855","GCTGGGCGCGGTGGCTCACACCTGTAATCCCTGCACGGTGGGAGGCCGAGGCAGGTGGATCACTTGAGGTCAGGAGTTCGAGACCAGCCTGGCCAACATGGTGAAACCCCGTCTCTACTAAAAATACAAAAAATGGGCTGGGCGTGGTGGTGGGCACCTGTAGTCCCAGCTACTTGGGAGGCTGAGGCAGGAGAATCACTTGAACCCAGGAGGCAGAGGTTGCAGTAAGCCGAGGTTGCGCCACTGCACTCCAGCCTGGGCAACAGAGTGAAAGAGCGAAACTCTGTTTACAAAAAAAAAAAAGAAAAAGAA","GCTGGGCGCGGTGGCTCACACCTGTAATCCCTGCACTGTGGGAGGCCGAGGCAGGTGGATCACTTGAGGTCAGGAGTTCGAGACCAGCCTGGCCAACATGGTGAAACCCCGTCTCTACTAAAAATACAAAAAATGGGCTGGGCGTGGTGGTGGGCACCTGTAGTCCCAGCTACTTGGGAGGCTGAGGCAGGAGAATCACTTGAACCCAGGAGGCAGAGGTTGCAGTAAGCCGAGGTTGCGCCACTGCACTCCAGCCTGGGCAACAGAGTGAAAGAGCGAAACTTTGTTTCAAAAAAAAAAAAAAAAAGAAAAAGAA"
"chr1","113691668","113691981","chr1","112842086","112842399","4","849582","GGCTGGGCGTGGTGGCTTACGCTTGTAATCCCAGCACTTTGGGAGGCCGAGGCAGGTGGATCACGGGAGGTTGGGAGTTCAAGACCAGCCTGGCCAACATGGTGAAACCCCATCTCTACTAAAAAATACAAAAAATTAGCCAGGCATGGTGGTGGGCGCCTGTAATTCCAGCTACTTGGGAGGCTGAGGCAGGAGAATTGCTTGAACCTAGAAGGCGGAGGTTGCAGTGAGCGGAGATTGCACCACTGGACTCCAGCCTGGGCAATAAGAGTGAAACTCTTATCTCCAAAAAAAAAAAAAAAAAAAAGGAAAAA","GGCTGGGCGTGGTGGCTTACGCTTGTAATCCCAGCACTTTGGGAGGCCGAGGCAGGTGGATCATGGGAGGTTGGGAGTTCAAGACCAGCCTGGCCAACATGGTGAAACCCCATCTCTACTAAAAAATACAAAAAATTAGCCAGGCATGGTGGTGGGCGCCTGTAATTCCAGCTACTTGGGAGGCTGAGGCAGGAGAATTGCTTGAACCTAGAAGGCGGAGGTTGCAGTGAGCGGAGATTGCACCACTGGACTCCAGCCTGGGCAATAAGAGCGAAACTCTTATCTCCAAAAAAAAAAAAAAAAAAAAAAAAAAA"
"chr1","117697697","117697983","chr1","116850225","116850511","1","847472","GGCTGGGTGCGGTGGCTCATGCCTGTAATCCCAGCACTTTGGGAGGCCAAGGCAGGTGGATCACCTGAGGTAAGGACTTCGAGACCAGCCTGGCCAACATGGTGAAACCCCATCTCTACTAAAAATACAAATATCAGCCAGACACGATCATGGGCGCCTGTAATCCCAGCTACTTGGGAGGTTCATTAACGAGAATCACTTGAACCCGGGAGGCGGACATTGCAGTGAGCAGAGATCGCGCCACTGCATTCCTGCCTGGGCAACAAGAGGGAGACTCCATCTCAAAA","GGCTGGGTGCGGTGGCTCATGCCTGTAATCCCAGCACTTTGGGAGGCCAAGGCAGGTGGATCACCTGAGGTAAGGACTTCGAGACCAGCCTGGCCAACATGGTGAAACCCCATCTCTACTAAAAATACAAATATCAGCCAGACACGATCATGGGCACCTGTAATCCCAGCTACTTGGGAGGTTCATTAACGAGAATCACTTGAACCCGGGAGGCGGACATTGCAGTGAGCAGAGATCGCGCCACTGCATTCCTGCCTGGGCAACAAGAGGGAGACTCCATCTCAAAA"
"chr1","117853874","117854180","chr1","117011867","117012177","6","842007","GGCCGGGAATGGTGGCTCACGCCTGTAATCCCAGCACCTTGGGAAGCCGTGGCGGGCAGATCACCTGAGGTCAGGAGTTGGAGACCAGCCTAGCCAACATGGTAAAACCCTGTCTCTACTAAAAATACAAAAAATTAGCCGGGCTTGGTGGTGGGCGCCTGTAATCCCAGCTACTCAGGAGGCTGAGGCTGGAGAATTGCTTGAACCTGGGAGGCGGAGGTTGCAGTGAGCCAAGATCGTGCCACTGCACTCCAGCCTGGGCAAGAAGAGCAGAACTCTGTCTCAAAAAAAAAAAAGAAAAAAGAAA","GGCCGGGAATGGCGGCTCACGCCTGTAATCCCAGCACCTTGGGAAGCCGTGGCGGGCAGATCACCTGAGGTCAGGAGTTGGAGACCAGCCTAGCCAACATGGTAAAACCCTGTCTCTACTAAAAATACAAAAAATTAGCCGGGCTTGGTGGTGGGCGCCTGTAATCCCAGCTACTCAGGAGGCTGAGGCTGGAGAATTGCTTGAACCTGGGAGGCGGAGGTTGCAGTGAGCCAAGATCGTGCCACTGCTCTCCAGCCTGGGCAAGAAGAGCAGAACTCTGTCTCAAAAAAAAAAAAAAAGAAAAAAAGAAA"
"chr1","118398112","118398406","chr1","117564886","117565181","2","833226","GGCTGGGCGCAGTGGCTCACACCTGTAATCCCAGCACTTTGGAAAGCCGAGGTGGGCGGATCACCTGAGGTCGGGAGTTTGAGACCAGCCTGGCCAACATGGTGAAACCCCATCTACTAAAAATACAAAAATGAGCCAGGCATGGTGCTAGGCACCTGTAATCCCAGCTACTCGGGAGGCTGAGGCAGGAGAATCGCTCAAAACTGGAAGGCGGCAGTTGCAGTGAGCCAGGATTGTGCCACTGCACTCCAGCCTGGGCAACAAGGGCGAAACTCATCTCAAAAAAAAAAAAGAA","GGCTGGGCGCAGTGGCTCACACCTGTAATCCCAGCACTTTGGAAAGCCGAGGTGGGCGGATCACCTGAGGTCGGGAGTTTGAGACCAGCCTGGCCAACATGGTGAAACCCCATCTACTAAAAATACAAAAATGAGCCAGGCATGGTGCTAGGCACCTGTAATCCCAGCTACTCGGGAGGCTGAGGCAGGAGAATCGCTCGAAACTGGAAGGCGGCAGTTGCAGTGAGCCAGGATTGTGCCACTGCACTCCAGCCTGGGCAACAAGGGCGAAACTCATCTCAAAAAAAAAAAAGAAA"
"chr1","119599092","119599148","chr1","118789449","118789506","1","809643","ATTGTGTCACTGCACTCCAGCCTGGGCAACAAGAGCAAAACTCTGTCTAAAAAAAAA","ATTGTGTCACTGCACTCCAGCCTGGGCAACAAGAGCAAAACTCTGTCTAAAAAAAAAA"
"chr1","120716275","120716584","chr1","119933660","119933967","3","782615","GGCCGGGCGTGGTGGCTCATGCCTGTAATCCCAGCACTTTGGGAGGCTGAGGCAGGCAGATCACCTGAGGTCGGAAGTTTGAGACGAGCCTGGCCAACATGGCGAAACCCTGTCTCTACTAAAAATACAAAAAATTACCCGGGCGTGGTGGTTGGTGCCTGTAATCCCAGATACTCGGGAGGCTGAGGCAGAATCACTTGAACCCGGGAGGCAGAGGTTGCAGTGAGCTGAGATCATGTGACTGCACTCCAGCCTGGGCAACAAGAATGAGACACCATAACTAAAAAAAAAAAAAAACAAAAAAAAAAAA","GGCCGGGCGTGGTGGCTCATGCCTGTAATCCCAGCACTTTGGGAGGCTGAGGCAGGCAGATCACCTGAGGTCGGAAGTTTGAGACGAGCCTGGCCAACATGGCGAAACCCTGTCTCTACTAAAAATACAAAAAATTACCCGGGCGTGGTGGTTGGTGCCTGTAATCCCAGATACTCGGGAGGCTGAGGCAGAATCACTTGAACCCGGGAGGCAGAGGTTGCAGTGAGCTGAGATCATGTGACTGCACTCCAGCCTGGGCAACAAGAATGAGACACCATCTAAAAAAAAAAAAAAAAAAAAAAAAAAAA"
"chr1","121677657","121677868","chr1","120809132","120809343","0","868525","CAGCCTGGCCAACATGGCAAAACCCCGTCTCCACTAAAAGTACAAAAATTAGCCCACCATGGTGGTGGGCACCTGTAATCCCAGCTACTCAGGGGGCTGATGCAGGAGAATTGCTTGAACCTGGGAGGTGGAGGTTGCAGTGAGCTGAGATTGCACCACTGCACTCCAGCCTGGGCAACAAGAGTGAGACTCCATCTCAAAAGAAAAAAAAA","CAGCCTGGCCAACATGGCAAAACCCCGTCTCCACTAAAAGTACAAAAATTAGCCCACCATGGTGGTGGGCACCTGTAATCCCAGCTACTCAGGGGGCTGATGCAGGAGAATTGCTTGAACCTGGGAGGTGGAGGTTGCAGTGAGCTGAGATTGCACCACTGCACTCCAGCCTGGGCAACAAGAGTGAGACTCCATCTCAAAAGAAAAAAAAA"
"chr1","121702273","121702574","chr1","120833796","120834100","5","868477","GGCTGGGCATGGAGGCTCACAACTGTAATCCCAGGACTTTGGGAGGCCGAGGCCAGTGGATCACCTGAGGTTAGGTGTTCAAGACCAGCCTGGCCAACATGGTGAAACCCCCGTCTCTACTAAAGATACAAAAAATTAGTTGGGCATGGTGGTGGGTACCTGTAATCCCAGCTCCTTGGGAAGCTGAGGCAGGAGAATTGCTTGAACCTGGGAGGCAGAGGTTTCAGTGAGCCGAGATCACACCACTGCACTCAAGCCTGGGCTACAACAGTGAAACTCTGGTTCAAAAAAAAAAAAAAAAA","GGCTGGGCGTGGAGGCTCACGACTGTAATCCCAGGACTTTGGGAGGCCGAGGCCAGTGGATCACCTGAGGTTAGGTGTTCAAGACCAGCCTGGCCAACATGGTGAAACCCCCGTCTCTACTAAAGATACAAAAAATTAGTTGGGCATGGTGGTGGGTACCTGTAATCCCAGCTCCTTGGGAAGCTGAGGCAGGAGAATTGCTTGAACCTGGGAGGCAGAGGTTTCAGTGAGCCGAGATCACACCACTGCACTCAAGCCTGGGCTACAACAGTGAAACTCTGGTTCAAAAAAAAAAAAAAAAAAAA"
"chr1","121987364","121987678","chr1","121124081","121124412","18","863283","GCTGGGCAGGGTGGCTCACGCTTGTAATCCCAGCACTTTGGGAGGCCAAGGAGGGTGGATCACCTGAGGTCAGGAATTTGAGACCAGCCTGGCCAACACAGTAAAACCCCATCTCTACTAAAAATACAAAAAATTAACTGGATGTGTTGGTGGGCATCTGTAATCCCAGCTACTCAGGAGGCTGAGGCAGGAGAATCACTTGAACCTGGGATGTGGAGGTTGCAGTGAGCCAAGAACATGCCACTGCACTCCAGCCTTGGCAACAAGAGCAAAACTGCATCTCAAAAACAAACCAAAATAAAAAAAGAAAGAAAA","GCTGGGCAGGGTGGCTCACGCTTGTAATCCCAGCACTTTGGGAGGCCAAGGAGGGTGGATCACCTGAGGTCAGGAATTTGAGACCAGCCTGGCCAACACAGTAAAACCCCATCTCTACTAAAAATACAAAAAATTAACTGGATGTGTTGGTGGGCACCTGTAATCCCAGCTACTCAGGAGGCTGAGGCAGGAGAATCACTTGAACCTGGGATGTGGAGGTTGCAGTGAGCCAAGAACATGCCACTGCACTCCAGCCTTGGCAACAAGAGCAAAACTGCATCTCAAAAACAAACCAAAATAAAAAAAGAAAGAAAAGAAGAAAGAAATCTGAT"
"chr1","122896230","122896546","chr1","122046720","122047033","3","849510","GGCCGGGCACGGTGGTTCACACCTGTAATCCCAGCCCTCTGGGAGGCCGAGGCGGGTGGATCACCTGAGGTCAGGAGTTTGAAACCAGCCCGGCCAACATGGTGAAACCCCATGTCTACTAAAAATACAAAAAAAATTAGTCGGGCATGGTGGTGGACGCCTGTAATTCCAGCTACTCGGGAAGCTGAGGCAGGAGAATCTCTCGAACCCGGGAGGCGGAGGTTGCAGTGAGCCGCGATCGCACCACCGTACTCCATCCAGCTTGGGCAACCAGAGCGAAACTCAGTCTCAAAAAAACAAAAAAAACAAAAAAAAAA","GGCCGGGCACGGTGGTTCACACCTGTAATCCCAGCCCTCTGGGAGGCCGAGGCGGGTGGATCACCTGAGGTCAGGAGTTTGAAACCAGCCCGGCCAACATGGTGAAACCCCATGTCTACTAAAAATACAAAAAAAATTAGTCGGGCATGGTGGTGGACGCCTGTAATTCCAGCTACTCGGGAAGCTGAGGCAGGAGAATCTCTCGAACCCGGGAGGCGGAGGTTGCAGTGAGCCGCGATCGCACCACCGTACTCCATCCAGCTTGGGCAACCAGAGCGAAACTCAGTCTCAAAAAAAAAAAAAAAAAAAAAAAA"
"chr1","122957767","122958068","chr1","122108523","122108822","4","849244","GCCGGGTGCAATGGCTCACACCTGTAATCCCAGCATTTTGGGAGGCCAAGGCGGGCTGATTACTTGAGGTCAGGAGTTTGAGATCAGCCTGGTCAACATGGTGAAACCCTGTCTCTACTAAAAATACAAAAATTAGTCAGGCATGGTGGCAGGCGCCTGTAATCCCAGCTACTCGGGAGGCTGAGGCAGGAGAATCATTTGAACCTGGGAGGTGGATGTTGCAGCGAGCCAAGATCACGTCACTGCACTCTAGCCTGGGCAACAAGAGTGAGACTCTGTCTCAAAAAAAAAAAAAAAAGAAA","GCCGGGTGCAATGGTTCACACCTGTAATCCCAGCATTTTGGGAGGCCAAGGCGGGCTGATTACTTGAGGTCAGGAGTTTGAGATCAGCCTGGTCAACATGGTGAAACCCTGTCTCTACTAAAAATACAAAAATTAGTCAGGCATGGTGGCAGGCGCCTGTAATCCCAGCTACTCGGGAGGCTGAGGCAGGAGAATCATTTGAACCTGGGAGGTGGATGTTGCAGTGAGCCAAGATCACGTCACTGCACTCTAGCCTGGGCAACAAGAGTGAGACTCTGTCTCAAAAAAAAAAAAAAAAAA"
"chr1","123219758","123220054","chr1","122375590","122375880","7","844168","GGCCAGGCACAGTGGCTCACACCTGTAATTCCAGCACTTTGGGAGGCCAAGGCGGGCGGATCAACTGAGGTCAGGAGTTCGAGGCCAGCCTGGCCAAGATGGCGAAACCTCATCTCTACTAAAAGTACAAAATTTAGCCAGGCGTAGTGGTGCTTGCTTGTAATCCTGGCTACTTGGGAGGCTAAAGCAGGAGAATCGCTTGAACCCAGGAGGCAGAAGTTGCAGTGAGCCGAAATTGCGCCACTGCACTCCAGGAGCCGTGGGACAAACAAGAGACAAAACTCCATCTCAAAAAAA","GGCCAGGCACAGTGGCTCACACCTGTAATTCCAGCACTTTGGGAGGCCAAGGCGGGCGGATCAACTGAGGTCAGGAGTTCGAGGCCAGCCTGGCCAAGATGGCGAAACCTCATCTCTACTAAAAGTACAAAATTTAGCCAGGCGTAGTGGTGCTTGCTTGTAATCCTGGCTACTTGGGAGGCTAAAGCAGGAGAATCGCTTGAACCCAGGAGGCAGAAATTGCAGTGAGCCGAAATTGCGCCACTGCACTCCAGAGCCTGGGCAACAAGAGCAAAACTCCATCTCAAAAAA"
"chr1","123663080","123663371","chr1","122820763","122821051","9","842317","GGCCAGGCACAGTGGCTCATGCCTGTAATCCCAGCACTTTGGAGGCCAAGGTGGGCAGACTACCTGAGGTCAGGAGTTCGAGACCAGCCTGGCCAACATGGTAAAACCCCATCTCTACTAAAAATCAAAAAGTAGCTGGGTGTGGTGGCAGGCACCTGTAATCCCAGCTACTCGGGAGGCTGAGGCAGGAGAATCCTGGGAGGCAGAGGCTGCAGTGAGCCGAGATCGCACCACTGCACTCCAGCCTAGGCAACAAGAGTGAAACTCCATCTCACAAAAAAAAAAAAAAAAA","GGCCAGGCACAGTGGCTCATGCCTGTAATCCCAGCACTTTGGGAGGCCAAGGTGGGCAGATCACCTGAGGTCAGGAGTTCGAGACCAGCCTGGCCAACATGGTAAAACCCCATCTCTACTAAAAATACAAAAAGTAGCTGGGTGTGGTGGCAGGCACCTGTAATCCCAGCTACTCGGGAGGCTGAGGCAGGAGAATCCTGGGAGGCAGAGGCTGCAGTGAGCCGAGATCGCACCACTGCACTCCAGCCTAGGCAACAAGAGTGAAACTCCATCTCAAAAAAAAAAAAAA"
"chr1","124763672","124763949","chr1","123859845","123860122","1","903827","GCTGGGTGCGGTGGCTCATGCTTGTAATCCCAGCACTTTGGGAGGCCAAGGTGGGCGGATCACCTGAGGTCAGGAGTTCGAGACCAGCTTGGCCAACATGGTGAAACCCCATCTCTACTAAAAATACAAAAAATTAGCCAGGCGTGGTGGTATGCGCCTATAATCCCAGCTACTTGGGAGGCTAAGGCAAGAGAACCGCTTGAACCCAGGAGGCGGAGGTTGCAAGTGAGCCAACATCACGCCACTGTATTCCAGTTTGGGCAATGAGAGCGAAACTC","GCTGGGTGCGGTGGCTCACGCTTGTAATCCCAGCACTTTGGGAGGCCAAGGTGGGCGGATCACCTGAGGTCAGGAGTTCGAGACCAGCTTGGCCAACATGGTGAAACCCCATCTCTACTAAAAATACAAAAAATTAGCCAGGCGTGGTGGTATGCGCCTATAATCCCAGCTACTTGGGAGGCTAAGGCAAGAGAACCGCTTGAACCCAGGAGGCGGAGGTTGCAAGTGAGCCAACATCACGCCACTGTATTCCAGTTTGGGCAATGAGAGCGAAACTC"
"chr1","124861204","124861512","chr1","123966214","123966527","9","894990","GGCCAGGTGCCGCACTTCACAACTATAATCCTAGCACTTTGGGAGGCCGAGGAGGCTGAATCACCTGAGGTCAGGAGCTCGAGACCAGCCTGGCTAACATGGTGAAACCCCATCTCTACTAAAACTACAAAAATTAGCTGAGTGTGGTGGCAGGCACTTGTAATCCCAGCTACTCGGGAGCCTGAGGCAGGAGAATTACTTGAACCCGGGAGGCGGAGGTTGAGGTGAGCCAAGATCGCGCCACTGCACTGCAGCCTGGGCAATAAGAGCGAAACTCTGTACTAAAAAAAAAGAAAAGAAAAACAGAAA","GGCCAGGTGCCGCACTTCACAACTATAATCCTAGCACTTTGGGAGGCCGAGGAGGCTGAATCACCTGAGGTCAGGAGCTCGAGACCAGCCTGGCTAACATGGTGAAACCCCATCTCTACTAAAACTACAAAAAATTAGCTGAGTGTGGTGGCAGGCACTTGTAATCCCAGCTACTCGGGAGCCTGAGGCAGGAGAATTACTTGAACCCGGGAGGCGGAGGTTGAGGTGAGCCAAGATCGCGCCACTGCACCGCAGCCTGGGCAATAAGAGCGAAACTCTGTCTAAAAAAAAAAAAAAAGAAAGAAAAACAGAAA"
"chr1","125042204","125042501","chr1","124157288","124157585","2","884916","GGCTGGGTACAATGGCTCACGCCTGTAACTCCAGCACTTTGAGAGGCTGTGGCAGGGGGATTACCTGAGGTCAGGAGTTCAAGACCAGCCTGGCCAACATGGTGAAACCCCATCTCTACTAAAAATACAAAAATTAGCCAGGTGTGGTGGTGGGCACCTGTAATCCCAACTACTAGAGAGGCTGAGGCAGGAAAATCGCTTGAACCTGAGAGGCGGAGGTTGCAGTGAGCTGAGATCATGCCACTGTACGCCAGCCTGGGCAAAAAGAGCAAAACTCCATCTACTAAAAAAAAAAAAA","GGCTGGGTACAATGGCTCACGCCTGTAACTCCAGCACTTTGAGAGGCTGTGGCAGGGGGATTACCTGAGGTCAGGAGTTCAAGACCAGCCTGGCCAACATGGTGAAACCCCATCTCTACTAAAAATACAAAAATTAGCCAGGTGTGGTGGTGGGCACCTGTAATCCCAACTACTAGAGAGGCTGAGGCAGGAAAATCGCTTGAACCTGAGAGGCGGAGGTTGCAGTGAGCTGAGATCATGCCACTGTACGCCAGCCTGGGCAAAAAGAGCAAAACTCCATCTCTAAAAAAAAAAAAAA"
"chr1","125304121","125304432","chr1","124428742","124429048","5","875379","GGACGAGTGCAGTGGCTCACTCCTGTAATCCTAGCACTTTGGGAGGCTGAGGTGGGTGGATCACCTGAGGTCAGGAGTTCTAGACCAGCCTGGCCAACATGGTGAAACCCCGTCTCTACTAACAATACAAAAATTAGCTGGGCATGGTGGCGGGTGCCTGTAATCCCAGCTACTCGGAAGACTGAGGCAGGAGAATCGCTTGAACCCAGGAGGTGGAGGTTGCAGTGAGCCGAGATCGTGCCACTGCACTCCACCCTGGGCAACAAAGAGCGAAACTCTGTCTCAAAAAAACAAACAAACAAACAAACAAAA","GGACGAGTGCAGTGGCTCACTCCTGTAATCCTAGCACTTTGGGAGGCTGAGGTGGGTGGATCACCTGAGGTCAGGAGTTCTAGACCAGCCTGGCCAACATGGTGAAACCCCGTCTCTACTAACAATACAAAAATTAGCTGGGCATGGTGGCGGGTGCCTGTAATCCCAGCTACTCGGAAGACTGAGGCAGGAGAATCGCTTGAACCCAGGAGGTGGAGGTTGCAGTGAGCCGAGATCGTGCCACTGCACTCCACCCTGGGCAACAAAGAGCGAAACTCTGTCTCAAAAAAACAAACAAACAAACAAA"
"chr1","125982975","125983267","chr1","125116905","125117196","2","866070","GGTCAGGGGCAATGACTCACACCTGTAATACCAACACTTTGGAAGGCCAAGGCAGGTGTATCACCCCAGGTCAGGAGTTCAAGACTAGCCTGGCCAACACAGTGAAACCCTGCCTCTACTAAAAATACAAAATTAGCCGGACGCAGTGGTGCACACCTGTAGTCCCAGCTACTTGGTGGAAGGAGAATCACTTGAACCCGGGAGGTGGAGGTTGCAGTGAGCCAACATCGCACCACTGCACTCAAGCCTGGGCAACAAGAGTGAAACTCTGTCTCGGAAAAAAAAAAAAAAAA","GGTCAGGGGCAATGACTCACACCTGTAATACCAACACTTTGGAAGGCCAAGGCAGGTGTATCACCCCAGGTCAGGAGTTCAAGACTAGCCTGGCCAACACAGTGAAACCCTGCCTCTACTAAAAATACAAAATTAGCCGGACGTAGTGGTGCACACCTGTAGTCCCAGCTACTTGGTGGAAGGAGAATCACTTGAACCCGGGAGGTGGAGGTTGCAGTGAGCCAACATCGCACCACTGCACTCAAGCCTGGGCAACAAGAGTGAAACTCTGTCTCGGAAAAAAAAAAAAAAA"
"chr1","126246149","126246447","chr1","125382798","125383098","3","863351","GGTCGGGCACGGTGGCTCATGCCTGTAATCTCAGCACTTTGGGAGGCCAAGGTGGGCAGATCACCTGAGGTCAGGAGTTCGAGACCAGCCTGGCTAACAGGGTGAAACCCTGTCTCTACTAAACACACAAAAATTAGCTGGGCATGGTGGTGGGCGCCTGTAATCCCAGCTACTCAAGAGGCTGAGACAGGAGAATTGCTTGAACCCAGGAGGCGAAGGTTGCAGTGAGCCAAGATCATGCCACTGCACACTAGCCTGGGCAGCAAGAGTGAAACTCCATCTCAACAAAGAAAAAAAAA","GGTCGGGCACGGTGGCTCATGCCTGTAATCTCAGCACTTTGGGAGGCCAAGGCGGGCAGATCACCTGAGGTCAGGAGTTCGAGACCAGCCTGGCTAACAGGGTGAAACCCTGTCTCTACTAAACACACAAAAATTAGCTGGGCATGGTGGTGGGCGCCTGTAATCCCAGCTACTCAAGAGGCTGAGACAGGAGAATTGCTTGAACCCAGGAGGCGAAGGTTGCAGTGAGCCAAGATCATGCCACTGCACACTAGCCTGGGCAGCAAGAGTGAAACTCCATCTCAACAAAAGAAAAAAAAAA"
"chr1","126372435","126372725","chr1","125509863","125510154","5","862572","GACTGGGTGTGGTGGCTCACACCTGTAATCTCAGCACTTTGGGAGGCTGAGGTGGGCCAATCACCTGAGGTCAGGAGTTCAAGACCAGCCTGGCCTATGTGGTGAAACCCTGTCTCTACTAAAAATACAAAATTAGCCAGGCATGGTGGTGCATGCCTGTAGTCCCAGCTACTCAGGAGGCTGAGGCAGGAGAATCACTTGAACCTGGGAGGTGGGGGTTGCAGTGAACCGAGATTGTGCCACTGCATTCCAGGCTGGGCAACAAGAGCAAAACTCCATCTCAAAAAAAAA","GACTGGGTGTGGTGGCTCACACCTGTAATCTCAGCACTTTGGGAGGCTGAGGTGGGCCAATCACCTGAGGTCAGGAGTTCAAGACCAGCCTGGCCTATGTGGTGAAACCCTGTCTCTACTAAAAATACAAAATTAGCCAGGCATGGTGGTGGATGCCTGTAGTCCCAGCTACTCAGGAGACTGAGGCAGGAGAATCACTTGAACCTGGGAAGTGGAGGTTGCAGTGAACCGAGATTGTGCCACTGCATTCCAGGCTGGGCAACAAGAGCAAAACTCCATCTCAAAAAAAAAA"
"chr1","127796391","127796661","chr1","126948875","126949149","7","847516","GGGTGAGGTGGCTCATGCCTGTAAACCCAGAGCTTTGGGAGTCCGAGGCAGGTGGATCACCTGAGGTCAGGAGTTCAAGACCAGCCTGGCCAACATTGTGAAACCCCATCTCTACTAAAGGTACAAAAATTAGCTGGGCGTGGTGGCTAATGCCTGTAGTCCCAGCAATTCAGGAGGCTGAGGCAGGAGAATTGCTTGAACCCAAGAGGCGGAGGTTGCAGTGAGCTGAGATTGTGCCACTGCATGCGAAACTCCATCTCAAAAAAAAGAA","GTCGGGTGAGGTGGCTCATGCCTGTAAACCCAGAGCTTTGGGAGTCCGAGGCAGGTGGATCACCTGAGGTCAGGAGTTCAAGACCAGCCTGGCCAACATTGTGAAACCCCATCTCTACTAAAGGTACAAAAATTAGCTGGGTGTGGTGGCTAATGCCTGTAGTCCCAGCAATTCAGGAGGCTGAGGCAGGAGAATTGCTTGAACCCAAGAGGCGGAGGTTGCAGTGAGCTGAGGTCGTGCCACTGCATGCGAAACTCCATCTCAAAAAAAAGAAA"
"chr1","127816569","127816862","chr1","126969062","126969361","6","847507","GGCCGGGCATGGTGGCTCACACCTGTAATCCCAACACTTGGGAGGCCGAGGTGGGTGGATCACCTGAGGCCAGGAGTTCAAGACCAGCCTGGCCAATATGATGAAACCCTGTCTCTACTTAAAAATACAAAAAGTTAGCCAGGCATGGTGGTGGGTGCCTGTAATCCCAGCTACTTGGGAGGCTGAGGCAGGAGAATGGCTTGAACCCGGGAGACAGAGGTTGCAGTGAGCCAAGATTGCTCCACTGCACTCCAGCCTGGGCAACAAGAGCAAAACTCCATCTAAAAAAAAAAA","GGCCGGGCATGGTGGCTCACACCTGTAATCCCAACACTTGGGAGGCCGAGGTGGGTGGATCACCTGAGGCCAGGAGTTCAAGACCAGCCTGGCCAATATGATGAAACCCTGTCTCTACTTAAAAATACAAAAAGTTAGCCAGGCATGGTGGTGGGTGCCTGTAATCCCAGCTACTTGGGAGGCTGAGGCAGGAGAATGGCTTGAACCCGGGAGACAGAGGTTGCAGTGAGCCAAGATTGCTCCACTGCACTCCAGCCTGGGCAACAAGAGCAAAACTCCATCTAAAAAAAAAAAAAAAAA"
"chr1","127892130","127892443","chr1","127046194","127046494","14","845936","GGCCAGGCATGGTGGCTCACACCTATAATCCCAGCACTTTGGGAGGCCAAGGCGGGCGGATAACCTGAGGTCAGGAGTTCAAGACCAGCCTGGCCAACATGGTGAAACCCCATCTCTACTAAAAATACAAAAATTAGCTGGGCATGGTGGTGCGTACCTGTAATCCCAGCTACTCAGGAGGCTGAGACAGGAGAATCACTTGAACCTGGGAGGCGGAGGTTGCAGTGAGCCGAGATCGTGCCACTGCACTCCAGCCTGGGCAACAAAGAGAAAAACTCCGTCTCAAAAAAGAAAAAAAAAAAAAAAAAAAAAGA","GGCCAGGCATGGTGGCTCACACCTATAATCCCAGCACTTTGGGAGGCCAAGGCGGGCGGATAACCTGAGGTCAGGAGTTCAAGACCAGCCTGGCCAACATGGTGAAACCCCATCTCTACTAAAAATACAAAAATTAGCTGGGCATGGTGGTGCGTACCTGTAATCCCAGCTACTCAGGAGGCTGAGACAGGAGAATCACTTGAACCTGGGAGGCGGAGGTTGCAGTGAGCTGAGATCGTGCCACTGCACTCCAGCCTGGGCAACAAAGAGAAAAACTCCGTCTCAAAAAAGAAAAAAAAAA"
"chr1","128400359","128400638","chr1","127543884","127544176","18","856475","GTAGCTCATGCCTGTAATCTCAGCTCTTTGGGAGGCCGAGGCGGTGGATCACCTGAGGTCAAGAGTTTGAGACCAGCCTGGCCACCATGGTGGAACCCCATCTCTACTAAAAATCACAAAAAATTAGCTGAGTGTGGTGGTGGGCACCTGTAATCCCAGCTACTCAGGAGGCTGTGGCAGGAGAATCGCTTGAACCCAGGAGGCAGAGGTTGCAGTGAGCCGAGATCGCACCGCTGCCCTCCAGCCTGGGCAACAAGAGCAAAACTCTGTCTCAAAAAAA","GGCCAGGCGCTGTAGCTCATGCCTGTAATCTCAGCTCTTTGGGAGGCCGAGGCGGGTGGATCACCTGAGGTCAAGAGTTTGAGACCAGCCTGGCCACCATGGTGGAACCCCATCTCTACTAAAAATACAAAAAAAATTAGCTGAGTGTGGTGGTGGGCACCTGTAATCCCAGCTACTCAGGAGGCTGTGGCAGGAGAATCGCTTGAACCCAGGAGGCAGAGGTTGCAGTGAGCTGAGATCACGCCGCTGCCCTCCAGCCTGGGCAACAAGAGCAAAACTCTGTCTCAAGAAAA"
"chr1","129205220","129205444","chr1","128366960","128367184","0","838260","CAGGAGCTCAAGACCAGCCTGGCCAACATGGTGAAACCCCATCTCTACTAAAAATACAAAAATTAGCCAGGCGTGGTGGTGGGCGCCTGTAATCCCAGCTACTCGGGAGGCTGAGGCAGAAGAGTCACTTGAACCCGGGAGGCAGAGGTTGCAGTGACCAGAGATCGCACCACTGCACTCCAGCCTAGGCAACAAGAGTGAATTCCGTCTCAATAAATAAATAAA","CAGGAGCTCAAGACCAGCCTGGCCAACATGGTGAAACCCCATCTCTACTAAAAATACAAAAATTAGCCAGGCGTGGTGGTGGGCGCCTGTAATCCCAGCTACTCGGGAGGCTGAGGCAGAAGAGTCACTTGAACCCGGGAGGCAGAGGTTGCAGTGACCAGAGATCGCACCACTGCACTCCAGCCTAGGCAACAAGAGTGAATTCCGTCTCAATAAATAAATAAA"
"chr1","129379402","129379695","chr17","66722688","66722958","60","62656714","GGCTGGGTGCAGTGGCTCACGCCTGTAATCCCAGCACTTTGGGAGGCCGAGGCAGGTGGGTCACCTGGGGTCAGGAGTTCAAGACCAGCCTGGCCAACAGGGTGAAACCTGGTCTCTACTAAACACACACACACACACACANNNNNNNNNNNNNNNNNNNNGCCAGGCGTGGTGGCAGGCGCCTGTAATCCCAACTACTTGGAGGCCGAGGCAGGAGAACTGCTTGAACCCAGGAGGCGGAGGTGGCAGTGAGCAGAGATCGTGCCACTGCACTCCAGCCTGGGCAACAAGAGC","GGCTGGGCGTGGTGGCTCACGCCTGTAATCCCAGCACTTTGGGAGGCTGAGACAGGCAGATCGCCTGAGGTCAGGAGTTTGAGACCAGCCTGACCAACACAGTAAAACCCCGTCTGTACTAAAAATACAAAAAATTATTCAGGCGTGGTGGCAGGCGCCTGTAGTCCCAGCTACTTGGGAGGCTGAGGCAGGAGAATCGCTTGAACCTGGGAGGCAGAGGTTGCAGTGAGCCGAGATCGTGCCACTGCACTCCAGCCTGGGCAACAAGAGC"
"chr1","129446694","129446987","chr1","128618196","128618490","8","828498","CAGTGGCTCACGCCTGTAATCTCAGCACTTTGGGAGGCAGAGGCAGGCGGATCACCTGAGGTCAGGAGTTTTTGAGACCAGCCTGGCCAACATGGTGAAACCCCATCACTGTTAAAAATATAAAATTAGCCAGGCGTGGTGGCGAATGCCTGTAATCCCAGCTACTTGGGAGGCTGAGGTAGGAGAATTGCTTAAACCTGGGAGGCGGAGGTTGCAGTGAGCCGAGATCGTGCCACTGCACTCCAGCCTGAGCAACAAGAGTGGAAAGTTCGTCTCAAAAAAAAAAAAGGAAAA","CAGTGGCTCACACCTGTAATCTCAGCACTTTGGGAGGCAGAGGCAGGCGGATCACCTGAGGTCAGGAGTTTGAGACCAGCCTGGCCAACATGGTGAAACCCCATCACTGTTAAAAATATAAAATTAGCCAGGCGTGGTGGCGAATGCCTGTAATCCCAGCTACTTGGGAGGCTGAGGTAGGAGAATTGCTTAAACCTGGGAGGCGGAGGTTGCAGTGAGCCGAGATCGTGCCACTGCACTCCAGCCTGAGCAACAAGAGTGGAAAGTTCGTCTCAAAAAAAAAAAAAAAAAAAAA"
"chr1","129594640","129594762","chr10","23138244","23138376","34","106456396","GGTGTGGTGGCGGGTGCCTGTAATCTCAGCTACCAGGGAGGCTGAGGCAGGTTAATTGCTTGAACCTGGGAGGCAGAGGTTGCAGGAAGCTGAGATCGTGCCGCTGTACTACTCCAGCCTGGG","ATTAGCTGGGTGTCGTGGCGGGTGCCTGTAATCCCAGCTACTTGGGAGGCTGAGGCAGGAGAATTGCTTGAACCCAGGTGGTGGAGGCTGCAGTGAGCTGAGATTGCACCACTGCACTCCAGCCTGGGCAACA"
"chr1","129603557","129603840","chr1","128781147","128781429","4","822410","GGCCAGGGTAAGGTGGCTGACGCCTGTAATCCCAGCACTTTGGGAAGCTGAGGCGGGCAGGTCACCTGAGGTTAGGAGTTCGAGACTAGCCTGGCTAACATGGTGAAACCCCGTCTCTACTAAAAATACAAAAAAATTAGCCAGGCGCGGTGACGGGTGCCCGTAGTCCCAGCTACTCAGGAGGCTGAGGCAGGAGAATCGCTTGAACCCGGGAGGTGGACGTTGCAGTGAGCTGAGATCGCACCACTGCACTCCAGCCTGGGCAGGGGGAGCAAAACTCCATC","GGCCAGGTGAGGTGGCTGACGCCTGTAATCCCAGCACTTTGGGAAGCTGAGGCGGGCAGGTCACCTGAGGTTAGGAGTTCGAGACTAGCCTGGCTAACATGGTGAAACCCCGTCTCTACTAAAAATACAAAAAAATTAGCCAGGCGCGGTGACGGGTGCCCGTAGTCCCAGCTACTCAGGAGGCTGAGGCAGGAGAATCGCTTGAACCCTGGAGGTGGAGGTTGCAGTGAGCTGAGATCGCACCACTGCACTCCAGCCTGGGCAGGGGGAGCAAAACTCCATC"
"chr1","129616488","129616704","chr10","97120785","97121004","31","32495703","CGAGACCAGCCTGGCCAACATGGTGAAACCCCCGTCTCTACTAAAAATACAAAAATTAGCCAGGCCTGGTGGCAGGTGCCTGTAATCCCAGCTACTCCGCAAGCTAAGGCAGGAGAATCGCTTGAACCCAGGAGGCGGAGGTTTCAGTGAGCCGAGATCAAGCTACAGCACTTTAGCCTGGGCAATAAGAGTGAAACTTCATCTTGAAAAAATAAAA","CGAGACCAGCCTGGGCAACATGGTGAAACCCCGTCTCTACTAAAAATACAAAAATTAGCCGGGCTTGGTGGCACATGCCTGTAATCCCAGCTACTCGGGAGGCTGAGGCAGGAGAATTGCTTGAACCCGGGAGGAGGAGGTTGCAGTGAGCAGAGATTGTGCCACTGCACTCCAGCCTGGGCAACAAGAGCGAAACTCCATCTGAAAAAATAATAATAAA"
"chr1","129617392","129617506","chrX","135522113","135522226","27","5904721","GGCCTGGCATGGTGGCTCACACCTGTACTTTCAGCACTTTGGGAGGCCGAGGCAGGTGGATCCCCTGAGGTCAGAAGTTCGAGACCATGGCTGGGCGTGGTGGCTCACGCCTCTA","GGCCGAGCATGGTGGCTCACACCTGTAATCCCAACACTTTTGGAGGCCAAGGCAGGCAGATCACCTAAGGTCAGGAGTTCGAGACCAGCCTGGCCAACATGGTGAAACCCTGTC"
"chr1","129634729","129635018","chr1","128811663","128811952","2","823066","GGCTTGGCATGGTGGCTCACGCCCGTAATCCCAGCACTTTGGGAGGCCGAAGCAGGTGGATCACCTGAGGTCAGGGGTTCAAAACCAGCCTGGCCAACATGGTGAAACCCCGGCTCTACTAGAAATACAAAATTAGCCAGGCATGGTGGATGCCTGTAATCCCAGCTGCTTGGGAGGCTGAGGCAGGAGAATCGCCTGAACCTGGGAGGCGGAGGTTGCAGTGAGCTGAGATCACGCCACTGCACTGCAGCCTGGGCAACAACAGCGAAACTCCGTCTCAAAAAAAAAAA","GGCTTGGCATGGTGGCTCACGCCCATAATCCCAGCACTTTGGGAGGCCGAAGCAGGTGGATCACCTGAGGTCAGGGGTTCAAAACCAGCCTGGCCAACATGGTGAAACCCCGGCTCTACTAGAAATACAAAATTAGCCAGGCATGGTGGATGCCTGTAATCCCAGCTGCTTGGGAGGCTGAGGCAGGAGAATCGCTTGAACCTGGGAGGCGGAGGTTGCAGTGAGCTGAGATCACGCCACTGCACTGCAGCCTGGGCAACAACAGCGAAACTCCGTCTCAAAAAAAAAAA"
"chr1","129675918","129676210","chr1","128852760","128853052","1","823158","GGCCGGGCGCGGTGGCTCACACCTGCAATCCCTGCACTTTGGGAGGTCAAGGCGGGTGGATCACCTGAGGTCAGGAGTTCGAGACCAGCCTGGCCAACATGATGAAACCCTGTCTCTACTAAAAATACAAAAATTAGCTGGGTGTGGTGGCACGTGCCTGTAATCCCAGCTACTCAGGAGGCTGAGGCAGGATAATCACTTGAACCTGAGAGGTGGAGGTTGCAGTTAGCTGAGATCACACCACTGCACTCCATCCTGGGCAACAAGAGCAAAACTCCGTCTCAAAAAAAAAA","GGCCGGGCGCGGTGGCTCACACCTGCAATCCCTGCACTTTGGGAGGTCAAGGCGGGTGGATCACCTGAGGTCAGGAGTTCGAGACCAGCCTGGCCAACATGATGAAACCCTGTCTCTACTAAAAATACAAAAATTAGCTGGGTGTGGTGGCACGTGCCTGTAATCCCAGCTACTCAGGAGGCTGAGGCAGGATAATCACTTGAACCTGAGAGGTGGAGGTTGCAGTTAGCTGAGATCACACCACTGCACTCCATCCTGGGCAACGAGAGCAAAACTCCGTCTCAAAAAAAAAA"
"chr1","129840358","129840441","chr12","32607934","32608012","30","97232424","GGCCGGGCGCAGTGGCTCATGCTTGTAACCCTAGCACTTTGGGAGGCCAAGGCAGGCAGANNNNNNNNNNNNNNNNNNNNGAGA","GGCCAGGCACAGTGGCTCATACCTGTAATCCCAACACTTTGGGAGGCCAAGACAGGCAGATCACCTGAGGCTAGGAGTT"
"chr1","129862105","129862401","chr1","129044471","129044767","2","817634","GACCAGGCACAGTGGCTCACGCCTGTAATCCCAACACTTTGGGAGGCCGAGGTGGGTGGATCACCTAAGGTCAGGAGTTCAAGACCAGCCTGACCAACATGGTGAAACCCCGTCTCTACTAAAAATATAAAAAATTACCAGGCGCCTGTAATCCCAGCTACTCAGGAGGCTGAGATAGGAGAACTGCTTGAACCCAGGAGGCAGAGGTTGCAGTGAGCCAATCGAGCCACTGAACTCCAGCCTGGGCAACAAGAGCAAAACTCCGTCTCAAAAAAAAAAAGTAAAGAAGAAGAAAAA","GACCAGGCACAGTGGCTCACGCCTGTAATCCCAACACTTTGGGAGGCCGAGGTGGGTGGATCACCTAAGGTCAGGAGTTCGAGACCAGCCTGACCAACATGGTGAAACCCCGTCTCTACTAAAAATATAAAAAATTACCAGGCGCCTGTAATCCCAGCTACTCAGGAGGCTGAGATAGGAGAACTGCTTGAACCCAGGAGGCAGAGGTTGCAGTGAACCAATCGAGCCACTGAACTCCAGCCTGGGCAACAAGAGCAAAACTCCGTCTCAAAAAAAAAAAGTAAAGAAGAAGAAAAA"
"chr1","129986592","129986894","chr3","8716097","8716392","40","121270495","GGCTGGGCGCAGTGGCTCACGCCTGTAATCCTAGCACTTCGGGAGGCCGAGACAGGTTGATGACCTGAGGTCAGGAGTTTGAGACCAGCCTGACCAACATGGTGAAACCGCATCTGCTAAAAATACAAAAAATTAGGATAATGTGGTGGCAGGCGCCTGTAATCCCAGCTATTTGGGAGGCTGAGGCAGGAAAATCGCTTAAATCCAGGAGGCGGAGGTTGCCATGAGCCGAGATTGTGCCACTGCACTCCAGCCTCCAGCCTGGGCAACAAGAGTGAAACTCCATCTCAAAAAAAAAAAAAA","GGCCAGGTGCAGTGGCTCGCGCCTGTAATCCTAGCACTTTGGGAGGCCGAGGCGGGTGGATCACCTGAGGTCAGGAGTTTGAGACCAGCCTGACCAACATGGTGAAACCCCTCTCTACTAAAAATACAAAAATTAGCCGGGTGTGGTAGCAGGCGCCTGTAATCCCAGCTACTTGGGAGGCTGAGGGTGGATAATCGCTTGAACCCGGGAGGCGGAGGTTGCAGTGAGCCGAGATTGTGCCACTGCACTCCAGCCTGGGCAACAAGAGCAAAACTCCATCTCAGAAAAAAGAAAAA"
"chr1","129991471","129991748","chr15","98931133","98931415","29","31060338","GCCAGGCACAGTGGCTCATGCCTGTAATCCCAGCACTTTGGGAGGACAAGGCGCGTGGATCATCTGAGGTCAGGAGTTCGAGACCAGCCTGACCAAAATGGTGAAACCCTGTCTCTACTAAAAATACAAAAATAAGCCGGGCATGGTGGTGGGTGCCTGCAATCCCAGCTACTTGGGAGGCTGAGGCAGGAGAATTGCTTGAACCCAGGAGGCGGAGGTTGCAGTGAGCCGAGATCGCGCCACTGCACTCCAGCCTGGGCAAGAAGAGCAAAACTCCG","GGCCAGGCACGGTGGCTCACGTCTGTAATCCCAGCACTTTGGGAGGCCAAGGCGGGTGGATCACCTGAGGTCAAGAGTTTGAGACCAGCCTGGCCAACATGGTGAAACCCTGTCTCTACTAAAAATACAAAAAAATTACCTGGGCATGGTGGTGGGTGCCTGTAATCCCAGCTACTCGGGAGGCCGAGGCAGGAGGATGGCTTGAACCCAGGAGGCAGAGGTTGCAGTGAGCCGGGATCATGCCACTGCACTCCAGCCTGGGCAACAAGAGCAAAACTCGGTC"
"chr1","130387614","130387916","chr1","129577031","129577333","1","810583","GCTGGGCACAGTGGCTCATGTCTATAATCCCAGCACTTTAGGAGGCCGAGGCGGGTGGATCACCTGAGGTCAGGAGTCCAAGACCAGCCTGGCCAACATGGTGAAACCCCACCTTTACTAAAAACACAAAAAATTAGCCAGGTGTGGTGGCACGAGCCTGTAATCCCAGCTACTTGGGAGGCTGATGCAGGAGAATCGCTTGAACCTGGGAGGCGGAAGTTGCAGTGAGCCAAGATCACGCCACTGCACCCCAGCCTAGGCAACAAGAGCGAAACTCAAAAAACAAAACAAAAAAACACAAAA","GCTGGGCACAGTGGCTCATGCCTATAATCCCAGCACTTTAGGAGGCCGAGGCGGGTGGATCACCTGAGGTCAGGAGTCCAAGACCAGCCTGGCCAACATGGTGAAACCCCACCTTTACTAAAAACACAAAAAATTAGCCAGGTGTGGTGGCACGAGCCTGTAATCCCAGCTACTTGGGAGGCTGATGCAGGAGAATCGCTTGAACCTGGGAGGCGGAAGTTGCAGTGAGCCAAGATCACGCCACTGCACCCCAGCCTAGGCAACAAGAGCGAAACTCAAAAAACAAAACAAAAAAACACAAAA"
"chr1","130484251","130484543","chr1","129673883","129674177","2","810368","GGCCAGGCGCGGTGGCTCATGCCTGTAATCCCAGCACTTTGGGAGGCCAAGGCAGGTGGATCACTTGAGGTCAGGAGTTCAAGACCAGCCTGGCCAACATGGTGAAACCCCGGCTCTACTAAAAATACAAAATTAGCCGGGCATGGTGGTGTGCGCCTATAGTACCAGGTACTCAGGAGGCTGAGGCAGGAGAATCGCTTTGAACCCAGGAGACGCAGGTTGCAGTGAGCCAAGATCACGCCACTGTACTCCAGCCTGGGCAACAATATCAAAACTTCGCCTCAAAAAAAAAA","GGCCAGGCGCGGTGGCTCATGCCTGTAATCCCAGCACTTTGGGAGGCCAAGGCAGGTGGATCACTTGAGGTCAGGAGTTCAAGACCAGCCTGGCCAACATGGTGAAACCCCGGCTCTACTAAAAATACAAAATTAGCCGGGCATGGTGGTGTGCGCCTATAGTACCAGGTACTCAGGAGGCTGAGGCAGGAGAATCGCTTTGAACCCAGGAGACGCAGGTTGCAGTGAGCCAAGATCACGCCACTGTACTCCAGCCTGGGCAACAATATCAAAACTTCGCCTCAAAAAAAAAAAA"
"chr1","130519996","130520290","chr1","143898399","143898693","32","13378403","GGCCGGGCATGGTGGCTCATGCCTGTAATCCCAGCATTTTCGGAGGCCAAGGCGTGTGGATCACCTGAGGTCAGGAGTTTGAGACCAGCCTGACCAACATGGTGAAACCCTGTCTCTACTAAAAATACAAAATCAGCCGGGCGTGGTAGCGGGGGCCTGTAATCTCAGCTGCTCGGGAGGCTGAGGCAGGAGAATCGCTTGAACCTGGGAGACGGAGGTTACAGTGACCCAAGATCACGCCACTGCACTCCAGCCTGGGCAACAAGAGTGAAACTCTATCTCAAAAAAAAAAAAA","GGCCAGGTGTGGTGGCTCACGCCTGTAATCCCAGCACTTTGGGAGGCCAAGGCAGGAGGATCACCTGAGGTCAGGAGTTCGAGACCAGCCTGGCCAACATGGTGAAACCCCATCTCTACTAAAAATATAAAAATTAGCTGGGCGTGGTGGCGCGTGCCTGTAATCTCAGCTACTCAGGAGGCTGAGGCAGGAGAACCACTTGAACCTGGGAGGCAGAGGTTGCAGTGAGCCAAGATCATGCCACTACACTCCAGCCTGGGCAACAAGAGTGAAACTCTGTCTCAAAAAAAAAAAA"
"chr1","130552798","130553027","chr8","26615512","26615720","45","103937286","GGCCAGGCACAGTGGCTCACGCCTATAATCCCAGCACTTTGGGAGGCCAAGGCAGGTGGATCACCAGAGGTCAGGAGTTCAAGGCCAGCCTGGCCAACATGGTGAAACCCCGTCTCTACTAAAAATACAAAACACTGGCCAGGTGTGGTGGTGGGCACCTGTAATCCCAGTTGCCTGGGAGGCTGAGGCAGGAGAATCGCTTGAACCTGGGAGGCAGAGGCCCCAGGGAG","GGCCAGGCGCGGTGGCTCATGCCTGTAATCCTAGCACTTTGGAAGGCCGAGGCAGGTGGATCACCTGAGATCAAGAGTTCAAGACCAGCCTGACCAATATGGTGAAACCTTGTCTCTACTAAAAATACAAAAATTAGCCAGGCATGGCGGTGGGCACCTGTAATCCCAGCTACTCGGGAGGCTGAGGCAGGAGAATCGCTTGAACCCAG"
"chr1","130960217","130960513","chr1","130161141","130161440","3","799076","GGCCGGGCACGGTGGCACACACCTGTAATCCCAGCACTTTGGGAGGCCGAGGCAGGTAGATCACCTGAGGTCAGGCGTTCGAGACCAGCCTGCCCAACACGGTGAAACCCCGTCTCTACTAAAAATACAAAAAATTAGCTGGGTGTAGTGGTGGGCACCTTTAATCCCAGCTACTCGGGGGGCTGAGGCAGGAGAATTGCTTAAGCCTGGGAGGCAGAGGTTGCAGTGAGCCAAGATCGTGCCACTGCACTCCAGCCTGGGCAACAAGAGCAAAATTCCATCTCAAAAAAAAAAAAA","GGCCGGGCACGGTGGCACACACCTGTAATCCCAGCACTTTGGGAGGCCGAGGCAGGTAGATCACCTGAGGTCAGGCGTTCGAGACCAGCCTGCCCAACACGGTGAAACCCCGTCTCTACTAAAAATACAAAAAATTAGCTGGGTGTAGTGGTGGGCACCTTTAATCCCAGCTACTCGGGGGGCTGAGGCAGGAGAATTGCTTAAGCCTGGGAGGCAGAGGTTGCAGTGAGCCAAGATCGTGCCACTGCACTCCAGCCTGGGCAACAAGAGCAAAATTCCATCTCAAAAAAAAAAAAAAAA"
"chr1","130989456","130989761","chr1","130190828","130191140","8","798628","GGCCGGGCGCAGTGGCCTGTAATCCCAGCACTTTGGGAGGCCGAGGTGGGCAGATCACCTGAAGTCAGGAGTTTGAGACCAGCCTGCTCAACATGGCAAAACCCCGCCTCTACTAAAAATACAAAAAATTAGCCGGACATGGTGGCGGACGCCTGTAATCCCAGCTACCCGGGAGGCTGAGGCAGGAGAATCAGGAGAATAGCTTGAACCAGGGAGGCAGAGGTTGCAGTGAGCCAAGATCGCAACACTGCACTCCAGCCTGGGCAACAAGAGCAAAGCTCCGTCTCAAAAAAAAAAAAAAAAAAA","GGCCGGGCGCAGTGGCCTGTAATCCCAGCACTTTGGGAGGCCGAGGTGGGCAGATCACCTGAAGTCAGGAGTTTGAGACCAGCCTGCTCAACATGGCAAAACCCCGCCTCTACTAAAAATACAAAAAATTAGCCGGACATGGTGGCGGAAGCCTGTAATCCCAGCTACCCGGGAGGCTGAGGCAGGAGAATCAGGAGAATAGCTTGAACCAGGGAGGCAGAGGTTGCAGTGAGCCAAGATCGCAACACTGCACTCCAGCCTGGGCAACAAGAGCAAAGCTCCGTCTCAAAAAAAAAAAAAAAAAAAAAAAAAA"
"chr1","131543773","131544085","chr1","130785592","130785899","5","758181","GTCTGTAATCCCAGCACTTTGGGAGGCTGAGGCAAGTGAATTACCTGAGGTCAGGAGTTTGAGACTGCCTGACCAACATGATGAAACCACGTTATATGATTAGTCTCTACTAAAAATACAAAAAAAAAAAATAGCTTGGCATAGTGGCAGATGCCTGTAATCCCAGCTACTCAGGAGGCTGAGGCAGGAGAATTGCTTGAACCTGGGAGGCAGAGGTTGCAGTGAGCCTGTTGTGCCACTGCACTCCAGCCTGGGCAACAAGAGTGAAACTCCATCTCAAAAAGAAAAGAAAGAAAAGAAAAGAAAAAGAAAA","GTCTGTAATCCCAGCACTTTGGGAGGCTGAGGCAAGTGAATTACCTGAGGTCAGGAGTTTGAGACTGCCTGACCAACATGATGAAACCACGTTATATGATTAGTCTCTACTAAAAATACAAAAAAAAAAAATAGCTTGGCATAGTGGCAGATGCCTGTAATCCCAGCTACTCAGGAGGCTGAGGCAGGAGAATTGCTTGAACCTGGGAGGCAGAGGTTGCAGTGAGCCTGTTGTGCCACTGCACTCCAGCCTGGGCAACAAGAGTGAAACTCCATCTCAAAAAGAAAAGAAAGAAAAGAAAAGAAAAA"
"chr1","131789560","131789859","chr1","131039113","131039412","2","750447","CTGGGCACAGTAGCTCACACCTGTAATCCTAGCACTTTGGGAGGCTGAGGTGGGTGGATCACCTGAGGTCAGGAGTTCGAGACCCGCCTGGCCAACATGGTGAAACCCCATCCCTACTAAAAATACAAAAATTAGCAGGGCATGGTGGCAGGTACCTGTAATGCCAGCCACTTGGGACGCTGAGGCAGGAGAATCGCTTGAACCCAGGGGGCTGAGGTTGCAGTGAGCCGAGATTGTGCCACTTCACTCCAGCCTGGGCAAAAGAGTGAAACTCCATTTAAAACAAGCAAACAAAAAAAA","CTGGGCACAGTAGCTCACACCTGTAATCCTAGCACTTTGGGAGGCTGAGGTGGGTGGATCACCTGAGGTCAGGAGTTCGAGACCCGCCTGGCCAACATGGTGAAACCCCATCCCTACTAAAAATACAAAAATTAGCAGGGCATGGTGGCGGGTACCTGTAATGCCAGCCACTTGGGACGCTGAGGCAGGAGAATCGCTTGAACCCAGGGGGCTGAGGTTGCAGTGAGCCGAGATTGTGCCACTTCACTCCAGCCTGGGCAAAAGAGTGAAACTCCATTTAAAACAAGCAAACAAACAAAA"
"chr1","132395501","132395817","chr1","131652713","131653028","5","742788","GCCAGGTGCAGTGGCTCACAACTGTAATCCCAGCACTTTGGGAGGCCGAGATGAGTGGATCGCTTGAGGTCAGGAGTTCGAGACCAGCCCGGCCAACATGATGAAACCCCATTTATATTAAAAATACAAAAATTAGCTGGACATAGTGGCAGGCACCTATAATCCCAGCTACTCAGAAGGCCGAGGCAGGAGAATCGCTTGAACCTAGGAGGAGGAGATTGCAGTGAGCCAAGATGACACCACTGCACTCTAACCTGGGCTGCAAGAGCAAAAGTGTGTCTCATGTAAAAAAAAAATTAAAAAAAACAAGAAAGAAA","GCCAGGTGCAGTGGCTCACAACTGTAATCCCAGCACTTTGGGAGGCCGAGATGAGTGGATCGCTTGAGGTCAGGAGTTCGAGACCAGCCCGGCCAACATGATGAAACCCCATTTCTATTAAAAATACAAAAATTAGCTGGACATAGTGGCAGGCACCTATAATCCCAGCTACTCAGAAGGCCGAGGCAGGAGAATCGCTTGAACCTAGGAGGAGGAGATTGCAGTGAGCCAAGATGACACCACTGCACTCTAACCTGGGCTGCAAGAGCAAAAGTGTGTCTCATGTAAAAAAAAAAATTAAAAAAAAAACAAGAAA"
"chr1","132640274","132640569","chr1","131901211","131901510","7","739063","GCTGGGCACGGTGGCTTACGCCTGTAATCCCATCACTTTGGGAGGCCAAGGCGGGTGGATCACCTGAGGTCAGGAGTTTGAGACCAGCCTGGCCAACATGGTGAAACTCCGTCTCTACTAAAAATACAAAAATTAGCCAGGCGTGGTGGCAGGCGCCTGTAAGCCCAGCTACTCAGGAGGCTGAGGCAGGAGAATTGCTTGAACTCGGGAGGCAGAGGTTGCAGTGAGCCGAGATCGCGAGACTGCACTCCAGCCTGGGCAACAAGAGTGAAACTCCAATCTAAAAAAAAAAAAAA","GCTGGGCACGGTGGCTTACGCCTGTAATCCCATCACTTTGGGAGGCCAAGGCGGGTGGATCACCTGAGGTCAGGAGTTTGAGACCAGCCTGGCCAACATGGTGAAACTCCGTCTCTACTAAAAATACAAAAATTAGCCAGGCGTGGTGGCAGGCGCCTGTAAGCCCAGCTACTCAGGAGGCTGAGGCAGGAGAATTGCTTGAACTCGGGAGGCAGAGGTTGCAGTGAGCCGAGATCGCGCGACTGCACTCCAGCCTGGGCAACAAGAGTGAAACTCCATCTAAAAAAAAAAAAAAAAAAA"
"chr1","132795410","132795731","chr1","132058650","132058952","24","736760","GGCTGGGCGTGGTGGCTCATGCCTATAATCCCAGCACTTTGGGAGGCCAAAGCGAGTGGATTACCTGAGGTCAGGAGTTCAAGACCACCCTGGCCAACATGATTGAAACCCCATCTCTACTGNNNNNNNNNNNNNNNNNNNNAAATCAAAAATTAGCCCGGCGTGGTGGCCGGTGCCTGTAATCCCAGCTACTCGGGAGGCTGAGGCAGGAGAATCGCTTGAACTTGGGAGGGTGGGGCTTGCAGTGAGCTGAGATTGTGCCACTGCACCTCCAGCCTGGGCAACGAGCGAAATTCTGTCTCAGATAAATAAGCAAACAAAA","GGCTGGGCGTGGTGGCTCATGCCTATAATCCCAGCACTTTGGGAGGCCAAAGCGAGTGGATTACCTGAGGTCAGGAGTTCAAGACCACCCTGGCCAACATGATGAAACCCCATCTCTACTGAAAATACAAAAAATTAGCCCGGCGTGGTGGCCGGTGCCTGTAATCCCAGCTACTCGGGAGGCTGAGGCAGGAGAATCGCTTGAACTTGGGAGGTGGGGCTTGCAGTGAGCTGAGATTGTGCCACTGCACCTCCAGCCTGGGCAACGAGCGAAATTCTGTCTCAGATAAATAAGCAAACAAAA"
"chr1","132871197","132871524","chr1","132139812","132140122","23","731385","GCCGGGAGTGGTGGTTCATGCCAGTAATCCCAGCATTTTGGGAGGCCAAGGTGGGTGGGTCACCTGAGGTCAGCAGTTCAAGACCAGCCTGGCCAGCATGGTGAAACCCCATCCCTACTCAAAATATAAAAAATTAGCTAGGTGTGGTGGCGGGCGCCTGTAATCCCAGCTACTTGGGAGGTTGAGGCAGGAGAACTGCTTGAGCCCAGGAGGCAGAGTTTGTAGTGAGCTGAGATCGTGCCACTGCACTCCAGCCTGGGCAACAAAAGTGAAACTCTGTCTCATNNNNNNNNNNNNNNNNNNNNAAAANAAAANAAAAANAAAAAAA","GCCGGGAGTGGTGGTTCATGCCAGTAATCCCAGCATTTTGGGAGGCCAAGGTGGGTGGGTCACCTGAGGTCAGCAGTTCAAGACCAGCCTGGCCAGCATGGTGAAACCCCATCCCTACTCAAAATATAAAAAATTAGCTAGGTGTGGTGGCGGGCGCCTGTAATCCCAGCTACTTGGGAGGTTGAGGCAGGAGAACTGCTTGAGCCCAGGAGGCAGAGTTTGTAGTGAGCTGAGATCGTGCCACTGCACTCCAGCCTGGGCAACAAAAGTGAAACTCTGTCTCATTAAAAAAAAAAAAAAAAAAAAAAAAA"
"chr1","132903351","132903663","chr1","132166751","132167063","3","736600","GGCCGGGCACAATGGCTCCATGCCTGTAATCCCAGCACTTTGGGAGGCTGAGGTGGGCAGATCACCTGAGGTCAGGAGTTCGAGACCAGCCTGGCCAACATGGTGAAACCCTGTCTCTACTAAAAATACAAAAATTAGCCAAGCATGGTGACAGGTGACTGTAATCCCAGCTACTTGGGAGGTTGAGGCAGGAGAATCGCTTGAACCCAGGAGGCAGAGGTTGCACTGAGCTGAGATCACACCACTGCACTCCAGCCTGGGCAACAAGAGCAAAACTCCATCTCAAAAAATATAAAAATAAAATAAAATAAAA","GGCCGGGCACAATGGCTCCATGCCTGTAATCCCAGCACTTTGGGAAGCTGAGGTGGGCAGATCACCTGAGGTCAGGAGTTCGAGACCAGCCTGGCCAACATGGTGAAACCCTGTCTCTACTAAAAATACAAAAATTAGCCAAGCATGGTGACAGGTGACTGTAATCCCAGCTACTTGGGAGGTTGAGGCAGGAGAATCGCTTGAACCCAGGAGGCAGAGGTTGCACTGAGCTGAGATCACACCACTGCACTCCAGCCTGGGCAACAAGAGCAAAACTCCATCTCAAAAAATATAAAATAAAATAAAATAAAAT"
"chr1","132957152","132957451","chr7","99762076","99762371","32","33195076","GGCCGGGCACAGTGGCTCACGCCTGTAATCCCAGCACTTTAGGAGGCCAAGGTGGGCAGATCACCTGAGGTCAGAAGTTCAAGACCAGCCTGGCCAACATGGCAAAACCCAATGTCTATTTAAAAAAAATACAAAAAATTAGCGGGGCGTGGTGGTGGGTGCTTGTAATCCCAGCTACTTGGGAGGCTGAGGCAGGAGAATCGCTTGAACCCGGGAGGTGGAGGTTGCAGTGAGCCGAGATTGCACCACTGCACTCCAGCCTGGGCAACAAGAGCGAAACTCCATCTCAAAGAAAAAAAA","GGTCAGGCATGGTGGCTCACACCTGTAATCCCAGCACTTTGGGAGGCCAAGGTGGGCAGATCACCTGAGGTCAGGAGTTCAAGACCAGCCTGGCCAACATGGCAAAACTCCGTCTCTACTAAAAATACAAAAAATTAGCTGGGCGTGGTGGCAGGTACCTGTAATCCCACCTAATTGGGAGGCTGAGGCAGGAGAATCACTTGAACCCAGGAGGCAGAGGCTGCAGTGAGCCGAGATGGCACCACTACACTCCAGCCTGGGCAACAAGAGCGAAACTCCATCTCAAAAATAAAAAA"
"chr1","133075317","133075626","chr1","132354688","132354997","2","720629","GGCTGGGCGCAGTGGCTCACGCCTGTAATCCCAGCACTTTGGGAGGCTGAGGCGGGCAGATCACCTGAGGCCAGGAGTTCAAGACCAGCCTGGCCAACATGGCAAAACCCTATATTTACTAAAAATACAAAAATTAGCTGGGCATGGTGGTGGACATCTGTAATCCCAGGTACTTGGGAGGCTGAGGCAGGAAAATCGCTTGAACCCGGGAGGTGGAGGTTGCAGTGAGCCGAGATCGTGCCACTGCACTCCAGCCTGGGCAACAAAAGCGAGACACTGTCTCAGAAAACAAAAACAAACAAACAAAAAA","GGCTGGGCGCAGTGGCTCACGCCTGTAATCCCAGCACTTTGGGAGGCTGAGGCGGGCAGATCACCTGAGGTCAGGAGTTCAAGACCAGCCTGGCCAACATGGCAAAACCCTATATTTACTAAAAATACAAAAATTAGCCGGGCATGGTGGTGGACATCTGTAATCCCAGGTACTTGGGAGGCTGAGGCAGGAAAATCGCTTGAACCCGGGAGGTGGAGGTTGCAGTGAGCCGAGATCGTGCCACTGCACTCCAGCCTGGGCAACAAAAGCGAGACACTGTCTCAGAAAACAAAAACAAACAAACAAAAAA"
"chr1","133081846","133082161","chr1","132361225","132361521","22","720621","GGCCAGGTGCGGTGTTTCACACCTGTAATCCCTGCACTTTGGGAGGCTGAGGCAGGTGGATCACCTGAGGTCAGGAGTTTCAGACCAGCCTGGCCAACATGATGAAACCCCATCTCTAATAAAAATACAAAAAATTAGCAGGGCATGGAAACGTGCACCTGTAATCCCAGCTACTCAGGAGGCTGAGGCAGGAGAATCACTTGAACCCAGGAAGCACAGGTTGCAGTGAGCCAAGATCACGCCACTGCACTCCAGCCTGGGAAACAAGAGCAAAACTCTGTCTCAAAAAAAAAAAGGTAGAAAAACTTGAAAAAAA","GGCCAGGTGCGGTGGCTCACACCTGTAATCCCTGCACTTTGGGAGGCTGAGGCAGGTGGATCACCTGAGGTCAGGAGTTTCAGACCAGCCTGGCCAACATGATGAAACCCCATCTCTAATAAAAATACAAAAAATTAGCAGGGCATGGAAACGTGCACCTGTAATCCCAGCTACTCAGGAGGCTGAGGCAGGAGAATCACTTGAACCCAGGAAGCACAGGTTGCAGTGAGCCAAGATCACGCCACTGCACTCCAGCCTGGGAAACAAGAGCAAAACTCTGTCTCATATAAAAAAAAA"
"chr1","133092309","133092617","chr1","132371330","132371637","4","720979","GGCTGGGAGAGGTGGCTCATGTCTATAATCCCAGCACTTTGGGAGGACGAGGTGGGTGGATCACCTGAGGTCAGGAGTTCAAAACCAGCCTGGCCAACATGGTGAAACCCCATCTCTACTAAAAATACAAAAAATCAGCTGAGCGTGTGGTGCATGCCTGTAGCTCCAGCTACTTGGGAGGCTGAGACAGGAGAATTGCTTGAACTTGGGAGGCGGAGGTTGCAGTAAGCTGAGATCACGCCACTGCACTCCAGCCTGGGCAACAATAGGGAAACCTGGTCTACAAAAAACAAACAAACAAACAAAAAA","GGCTGGGAGAGGTGGCTCATGTCTATAATCCCAGCACTTTGGGAGGACGAGGTGGGTGGATCACCTGAGGTCAGGAGTTCAAAACCAGCCTGGCCAACATGGTGAAACCCCATCTCTACTAAAAATACAAAAAATCAGCTGAGCGTGTGGTGCATGCCTGTAACTCCAGCTACTTGGGAGGCTGAGACAGGAGAATTGCTTGAACTTGGGAGGCGGAGGTTGCAGTAAGCTGAGATCATGCCACTGCACTCCAGCCTGGGCAACAATAGGGAAACCTGGTCTCAAAAAACAAACAAACGAACAAAAAA"
"chr1","133104691","133104977","chr1","132385765","132386051","2","718926","GGCCAGGCACAGTGGCTCATGCCTGTAATCCCAGCACTGTGGAAGGCCGAAGTGGGTGGATCATCTGAGGTCAGGAGTTCAAGACCAGCCTGGCCAACATGGTGAAACCCCGTCACTACTAAAAATACAAAAATTAGCCGGGCATGGTGGCGCACACCTGTAATCCCAGCTGCTTAGGAGGCCGAGGCAGGAGAATAACTCGAACCCGGGAGGCGGAGGTGGGAGTGAGCAGAAATTGCGCCACTGCACTCCAGCTTGGGCAACAAGAGCAAAACTCCACCTCAAAA","GGCCAGGCACAGTGGCTCATGCCTGTAATCCCAGCACTGTGGAAGGCCGAAGTGGGTGGATCATCTGAGGTCAGGAGTTCAAGACCAGCCTGGCCAACATGGTGAAACCCCGTCACTACTAAAAATACAAAAATTAGCCGGGCATGGTGGCGCACACCTGTAATCCCAGCTGCTTAGGAGGCCGAGGCAGGAGAATAACTCGAACCCGGGAGGCGGAGGTGGGAGTGAGCAGAAATCGTGCCACTGCACTCCAGCTTGGGCAACAAGAGCAAAACTCCACCTCAAAA"
"chr1","133170560","133170873","chr1","132453874","132454187","3","716686","GGCCAGGTGTGGTGGCTCGCACCTATAATCCCAGCACTCTGGGAAGCCGAGGCAGGTGGATCACCTGAGGTCAGGAGTTCGAGACCAGCCTGACCAACATGGTGAAACCCTATCTCTACTAAAAATACAAAAAATTAGCTGGGCATGGTGCCAGGCACCTGTAATCCCAGCTACTTGGGAAGCTAAGGCAGGAGAATCACTTGAACCTGGGAGGCAGAGGTTGCAGTGAGCCAAGATTGCGCCACTGTACACCAGCCTGGGCAACAAGAGTGAAACTCTGTCTCAAAAAAAAAAGAAAAGAAGAAAAAGAAAAA","GGCCAGGTGTGGTGGCTCACACCTATAATCCCAGCACTCTGGGAAGCCGAGGCAGGTGGATCACCTGAGGTCAGGAGTTCGAGACCAGCCTGACCAACATGGTGAAACCCTATCTCTACTAAAAATACAAAAAATTAGCTGGGCATGGTGCCAGGCACCTGTAATCCCAGCTACTTGGGAAGCTAAGGCAGGAGAATCACTTGAACCTGGGAGGCAGAGGTTGCAGTGAGCCAAGATTGCGCCACTGTACACCAGCCTGGGCAACAAGAGTGAAACTCTGTCTCAAAAAAAAAAAGAAAAGAAGAAAAAGAAAA"
"chr1","133173338","133173636","chr1","132456982","132457305","27","716356","GGCCGGGCGTGGTGGCTCACGCCTATAATTCCAGCACTTTGGGAGGCCAAGGCAGGCCGATTACTTGAGGTCAGGGGTTTGAGAACAGCCTGGCCAACATGGCGAAACCCCAACATGGTGAAACTCCAACTCTACTGAAAATACAAAAATTAGCCAGGTGTGGTGGCGGGCACCTGTAATCCCAACTACTCAGGAGGCTGAGGCAGGAGAATTGCTTAGACCCAGGAGGCGGAGGTTGCAGCGAGCTGAGATCGTGCTACTGCACTCCAGCATGGGCAACAAGAGCGAAACTCCATCTC","GGCCGGGCGTGGTGGTGGCTCACGCCTATAATTCCAGCACTTTGGGAGGCCAAGGCAGGCCGATTACTTGAGGTCAGGGGTTTGAGAACAGCCTGGCCAACATGGCGAAACCCCAACATGGTGAAACTCCGACTCTACTGAAAATACAAAAATTAGCCAGGTGTGGTGGCGGGCACCTGTAATCCCAACTACTCAGGAGGCTGAGGCAGGAGAACTGCTTAGACCCAGGAGGCGGAGGTTGCAGCGAGCTGAGATCGTGCTACTGCACTCCAGCATGGGCAACAAGAGCGAAACTCCATCTCAATAAATAAATAAATAAATAAA"
"chr1","133273953","133274244","chr1","132559276","132559570","4","714677","GGCTGGGCGCAGTGGCTCATGCCTGTAATCCTTGCACTTTGGGAGGCCGAGGTGGGTGGATCACTTGAGGTCAGGAGTTCGAGACCAGCCTGGCCAGCATGATGAAACCCCATCTCTACCAAAAATACAAAAAATTAGCTGTGTACGGTGGCGCGCACCTGTAATCCCACCGACTCAGGAGGCTGAGGCAGGAGAATCACTTGAACCCAGGAGGTGGAGATTGCAGTGTGCCAAGTTCACGCCACTGCACTCCAGCCTGGGCAACAAGAGCAAAACTCCATCTAAAAAAAAA","GGCTGGGCGCAGTGGCTCATGCCTGTAATCCTTGCACTTTGGGAGGCCGAGGTGGGTGGACCACTTGAGGTCAGGAGTTCGAGACCAGCCTGGCCAGCATGATGAAACCCCATCTCTACCAAAAATACAAAAAATTAGCTGTGTACGGTGGCGCGCACCTGTAATCCCACCGACTCAGGAGGCTGAGGCAGGAGAATCACTTGAACCCAGGAGGTGGAGATTGCAGTGTGCCAAGTTCACGCCACTGCACTCCAGCCTGGGCAACAAGAGCAAAACTCCATCTAAAAAAAAAAAA"
