"chr1","9305861","9306180","KN295236v1","1883860","1884167","41","7422001","GGCCGGGCGCGGTGGCTCACGCCTGTAATCCCAGCACTTTGGGAGGCTGAGGCGGGTGGATCACTCAAGGTTTGGAGTTCAAGACCAGCCTGACCAACATGATGAAACTCTGTCTCTACTAAAAAAAATACAAAAAATTAGCCAGACATGGTGCCGGGCACCTATAATCCCAGCTACTTAGGAGGCTGAGGCAGGAAAATCGCTTGGACCCGGGAGGCAGAGGCTGCAGTGAGCCAAGATTGCACCACTGCACTCCAGCCTGGGCAACAAGAGTGAAACACCGTCTCTAAAATAAAATGAAATAAAATAAAATAAAATAA","GGCCAGGTGCAGTGGCTCATGCCTGTAATCCTAACACTTTGGGAGGCTGAGGCAGGTGGATCACTTGAAGTCAGGAGTTCGAGACCAGCCTGGCCAACATGGTGAAACCATGTCTCTACTAAAACTACAAAAATTAGCCAGAGGTGGTGACGGGCACCTGTAATCCCAGCTACTTAGGAGGCTGAGACAGGAGAATTGCTTGAACCCGGGAGGCAGAGGTTGCAGTGAGCCAAGATTGCGCCACTGCACTCCAGCCTGGGCAACAAGAGTGAAACTCCGTCTCAAAAAAAAAAAAAAAAAAAAAAAAA"
"chr1","170786725","170787007","KN296316v1","304722","304999","49","170482003","GGGTGCGGTGTTTCACGCTTGTAATCCTAGTACTTTGGAGGCCGAGGCAGGTGGATCTCCTGAGGTCAGGAGTTTCATACCAACCTGGCCAACATGGCAAAACCCTGTATTTACTAAAAATACAAAAAACTTAGCCAGGCGTGGTGGCGGGTGCTTGTAATGCCAGCTACTGTGGAGGCTGAAGCAGGAGAATCGCGTGAACCCGGGAGGCGGAGGTTGCAATGAGTTATGATCGCATCACTGCACTCCCAGCCTAGGCAACAAGAGCAAAACTCCATCTCAA","GGGCATGGTGGCTCACACCTGTAATCCCAGTACTTTGGGAGGCCGAGGCAGGTGGATCACCTGAGGTTAGGAGTTTGAGACCAGGCTGGCCAACATTGCGAAACTCCGTCTCTACTAAAAATATAAAAAAGCCAAGCGTGGTAGCGGGTGCCTGTAATCCCAGATACTCGGGAGGCTGAGGCAGGAGAATCGCTTGAACCCGGGAGACAGAGGTTGCAGTGAGCCAAGATCGCACCACTGCGCTCCATCCTGGACAACAAGAGCAACACTCCATCTCA"
"chr1","886174","886477","KN295708v1","975967","976273","41","89793","GGTGCAGTGGCTCAGGCCTGTAATCCCAGCACTTTGGGAGGCCGAGTTGGGTGGATCACCTCAGGTCAGGAGTTCGAGACCAGCCTGGCCAACATGGTGAAACCCCGTTTCTACTAAAAATACAAAAAATTAGCCAGAGGGCGTGGTGGCATGTGCCTGTAATCCCAGCTTCTGAGGAGGCTGAGGCAGGAGAATTGCTTGAACCTGGGAGGCGGAGGTTGCTGTGAGCTGAGATCATGCCACTGCACTCCAGCTTGGGCAACAAGAGTCAAACTCTCACAAAAAAAAAAAAAAAAAAAAAGAA","GCCGGGTGCGGTGGCTCAAGCCTGTAATCCCAGCACTTTGGGAGGCCGAAGTGGGTGGATCACCTGAGGTCAGGAGTTCAAGACCAGCCTGGCCAACATGGTGAAACCCTGTCTCTACTAAAAATACAAAAAATTAGCCGGGCTTGGTGGCAGGCGCCTGTGATCCCAGCTACTCAGGAGGCTGAGGCAGGAGAATGGCGTGTACCTGGGAGGCAGAGGTTGCAGTGAGCTGACGTCACTCCACTGCACTCCAGCCTGGGCAACAAGAGTGAAACTCCATCTCAAACAAACAAACAATCAAAAAAGA"
"chr1","973497","973797","KN294172v1","4261970","4262272","33","3288473","GGCCGGGTGCGATGGCTCATGCCTGAAATCCCAGCACTTTGGGAGGCCGAGGCAGGCGCATCACCTGAGGTCAGGAGTTTGAGACCAGCCTGACCAACATGGTGAAACCCCGTCTCTACTAAAAACACAAAATTATCCGGGTGTGGTCATGGGCACCTGTAATCCCAGCTACACGGGAGGCTGAGGCAGGAGAATCCCTTGAACCCGGGAGGCGGAGGTTGCGGTGAGCCGAGATCGCGCCACTGCACTCCAGCCTGGGCAACAAGAGAAAAACTCAGTATCAAAAAATAAAAAAAATAAA","GGCCGGGCGCGGTGGCTCACGCCTGTAATCCCAGCACTTTGGGAGGCCGAGGCAGGTGCATCACCTGAGGTTGGGAGTTCCAGACCAGCCTGACCTACATGGTGAAACCCCATCTCTACTAAAAATACAAAAATTAGCCAGGCGTGGTGGTGGGCACCTGTAATCCCAGCTACTCGGGAGGCTGAGGCAGGAGAATTGCTTGAACCCAGGAGGCGGAGGTTGCAGTGAGCCGAGATTGCACCACTGCACTCCAGCTTGGGCAACAAGAGTGAAACTCCGTCTCAAAAAAATAATAATAATAAA"
"chr1","1015082","1015373","KN297197v1","1630263","1630561","53","615181","GGCTGCACATGGGGGCTCAAGCTTGTAATCCAGGCACTTTGGGAGCCCGAGTCGGGGGGATCACCTGAGGTCAGGAGTTCAGGACCGACCTGGCCAACATGGCGAAACCCCATCTATACTAAAAATACAAAAATTCGCTGGATGTGGTGGCGGGCAGCTGTAATCCCAGCTACTCGGGAGGCTGAGGCAGGGGAATGGTGTGAACCCAAAAGACGGAGTGACCCGAGATCGTGCCACTGCACCCCAGCCTGGGCAAGAAGAGCAAAACTCTTCTCAAAAACAAAAAGAAAAA","GGCTGGGCGCGGTGGCTCACTCCTGTAATCCCTGCACTCTGGGAGGCCGAGGCGAGTGGATCACCTGAGGTGAGGAGTTTGAGACCAGCCTGGCCAACATGATGAAACCCCATCTCTACTAAAAATACAAAAAATTAGCAGGACGTGGTGGCGGGCACCTGTAATCCCAGCTACTCAGGAGGCTGAGGCAGGAGAATTGCTTGAACCCGGAAGGCGGAGATTGCAGTGAGCCAGGATCGCGCCACTGCACTCCAGCCTGGGCAACAAGAGCAAAACTCTGTCTCAAAAAAAAAAAAAAA"
"chr1","1150254","1150547","KN294439v1","300738","301034","38","849516","GCCAGGCGTGGTGGCTCATGCCTGTAATCCCAGCACCCTGGGAAGCTGAGGCGGGTAGATCACCTGAGGTCAGCAGTTTGAGACCAGCCTGGCCAACATAGTGAAACCCCGTCTCTACTAAAAAATCAAAAAATTAGCCGGGTGTGGTGGCATGCGCCTGTAATCCCAGCTACTAGGGAGGCTGAGGCAGGAGAATTGCTTGAATCCGGGAGGCGGGGGCTGCAGTGAGCCGAGATCACGCCACTGCACTTCAGCCTGGCCAACAAGAGCGAAACTCCGTTTCAAAAAAAAAAA","GGCCGGGTGCGGTGACTCACGCCTGTAATCCCAGCACTTTGGGAGGCCAAAGCGGGTGGATCACCTGAGGTCAGGAGTTTGTGACCAGCCTGGCCAACATGGTGAAACCCCGTCTCTACTAAAAATACAAAAAATTAGCCAGGCATGGTGGCAGGCGCCTGTAATCCCAGCTACTCGGGCAGCTGAGGCAGCAGAATCGCTTGAACCCGGGAGGTGGAGGTTGCAGTGAGCCAAGATCACGCCACTGCACTCCAGCCTGGGCAACAAGAGCGAAACTCTGTCTCAAAAAAAAAAAAA"
"chr1","1225008","1225290","KN294777v1","658614","658896","32","566394","GGCCGGGCATGGCGGCTCACACCTGTAATCCCAGCACTTTGGGAGGCTCAGGCGGGCGGATCACCTGAGGTCAGGAGTTCGAGACCAGCCTGGTCAACATGGTGAAACCCTGTCTCTACTAAAAATACAAAAATTAGCTGGGCATGATGGCGCACACCTGTAGTCCCAGCTACTCGGGAAGCCGAGGCAGGAGAATCGCTTGAACCTGGGAGGCGGAGCTTGCAGTGAGCTGAGATCACACCACTGCACTCCAACCTGGGCAACAAGAGCGAAACTCTGTCTC","GGCTGGGCACTGTGGCTCACACCTGTAATCCCAGCACTTTGGGAGGCTGAGCGGGCAGATCACCTGAGGTCAGGAGTTCGAGACCAGCCTGGTCAACATGGCAAAACCCTGTCTCTACTAAAAATACAAAAATTAGCCAGGCATGGTGGTGGACACTTGTAATCCCAGCTACTTGGGAGGCTGAGACAGGAGAATTGGTTGAACCTGGGAGGCGGAGGTTGCAGTGAGCCGACATCGCGCCACTGTACTCCAGCCTGGGCAACAAAGAGAGAAACTGTGTCTC"
"chr1","1360387","1360474","KN296305v1","942682","942759","31","417705","GGCCAGGCATGGTGGCTCACGCCTGTAATCCCAACACTTTGGAAGGGCTGAGGCGGACAGNNNNNNNNNNNNNNNNNNNNCAAAATTA","GGCCAGGTGTGGTGGCTCACGCCTGTAGTCCCAGCACTTTGAAGGCTGAGGTAGACAGATCACCTGAGTTGAGAAATT"
"chr1","1616487","1616657","KN294879v1","295776","295949","69","1320711","GGCCCAGCACGGTGATGGCCACCTGCAGACCCAGCTACTCGGGAGGCTGAGGCCAGAGAGCCCTGAGTTTGAGCCCACCCTGGGCAAAGTGGCGAGATCCCCCATCTCAAAAATAAAATAAAATGCATGGTTCCTCATGAAATGTAAGGCTTTGCTATAAAAACTTTGAGA","GGCCGGGTGCAGTAACTCACACCTGTAATCCCAACACTTTGGGAAGCCAAGGCAGGCAGATTACCTAGAGTTTGAGACCCAGCCTGGCCAACATGGTGAAACCCCATCTCTACTAAAAATACAAAAATTAGCCAGGCCTGGTGGCGGGTGCCTATAATCCCAGCTACTTGGGAG"
"chr1","1656729","1656837","KN295520v1","1","108","30","1656728","ACATGATGACTGGTCTCTACTAAAAATACAAAAATTAAGCGTGGTGGCGGGCACCTGTAATCCCAGCTACTCAGGAGGGTGAGGCAGGAGAATCATTTGAACCCGGCAG","CAACATGGTGAAACCCTCTCTCTACTAAAGATACAAAAATTAGCCAGGTGTGGTGGTGGCACCTGTAATCCCAGCTACTCAGGAGGCTGAGGCATGAGAATTGCTTGA"
"chr1","1661354","1661556","KN295586v1","5219415","5219623","42","3558061","AGTCTGGGTGACATAGGGAGACCCGCCTCTACAAAAAATACAAAAACTAGTTGGATGTGGTGGCATGCACTTGTAGTCCCAGCTACTCGGGAGCCTGAGGCAGGAGAATCACTTGAACCCAGCAGGCAAGGTTGCAGTGAGCTGAGATCGCTCCACTACACTCCAGCCTGGGCAACAAGAGCGAAACTCCGTCTCCAAAAAAA","GCGTGGCCAACATGGTGAAACCCCATCTCTACTAAAACTACAAAAAATTAGCTGGGCATGGTGGCGGGCACCTGTAATCCCAGCTACTCGGGAGGCTGAGGCAGGAAAATCGCTTGAGCCCAGGAGGCGGAGGTTGCGGTGAGCTGAGTTCGCGCCACTGCACTCCAGCCTGGGCAACAAGAGAGAAACTCTGTCTCAAAAAAAAAAAA"
"chr1","1668722","1669014","KN294911v1","4551473","4551760","32","2882751","GGCTGGGCGCCGTGGCTCACACCTGTAATTCCAGCATTTTGGGAGGCTGAAGCAGGTAGATCACCTGAGGTCAGGAGTTTGAGACCAGCCTAGCCAACATGGTGAAACCTCATCTCTACTAAAAATACAAAAAATTAGCCAGGAGTGGTGGCAGGCGCCTGTAATCCCAGCTACTCAGGAGGCTGAAGCAGGAGAACTGCTTGAGCCCAGGAGGCAGAGGTTGCAGTGAGCCTAGATCACGCCACTGCACTCAAACCTGGGCAACAAGAGCGAAACTCCATCTCGAAAAAAAA","GACTGGGCACAGTGGCTCACACTTGTAATCCCAGCACTTTGGGAGGCAGAGGCAGGTGGATCACCTGAGGTCAGGAGTTTGAGACCAGCCTGGCCAACATAGTGAAACCTCATCTCTACTAAAAATACAAAAAATTAGCTGGGCGTGGTGGCAGTCACATGTAATCCCAGCTACTCAAGACGCTGAGGCAGAAGAACTGCTTGAACCCAGGAGGCAGAGGTTGCAGTGAGCTGAGATCACACCACTGCACTCCAGCCTGGGCAACAAGAGCGAAACTCCATCTCAAAA"
"chr1","1692801","1693071","KN294187v1","242848","243117","40","1449953","CCCAGCACTTTGGGAGGCCGAGGTGGGCGGATCACCTGAGGTCAGGAGTTCAAGACCAGCCTGGCCAACATGATGAAACCCTGTCTCTACTAAAAATACAAAAAATTAGCCGGGTGTGGTGGCATGTGCCTGTAATCCCAGCTACTCAGGAGGCTGAGGCAAAAGAATCGCTTGAAATCGGGAGGCGGAGGTTGCCGTGAGCCAGCACTGTGCCACTGCACTCTAGTCTCAGCAACAAGAGCAAAACTCCATCTCAAAAAAAAAAGAAAAA","TCCCAGCACTTTGGGAGGCCAAGGTGGGCAGATTGCTTGAGCTCAGGAGTTCGAGACCAGCCTGGGCAACATGGTGAAACCCCGTCTTTACTAAAAATACAAAAATTAGCCAGGCATGGTGGCAGGTGCCTGTAATCCCAGCTACTCAAGAGGCTGAGGCAGAAGAATTGCTTAAACCGAGAAGGTGGAGGTTGCAGTGCACAGAGATCGTGCCACTGCACTCCAGCCTAGGCAACAAGAGCAAAACTCGGTCTCAAAAAAAAAAAAAAA"
"chr1","1727529","1727819","KN296770v1","78926","79217","56","1648603","GGCCGGGCGCGGTGGCTCACGCCTGTNNNNNNNNNNNNNNNNNNNNGGAGGCTGAGGTGGGCAGGTCGCCTGAGGTCAGGAGTTCGAGACCAGCCTGGCCAACATGGCGAAACCCCATCTCTATTAAAAATACAAAAATTAGCCAAGCGTGGTGGTAGGCGCCTATAATCCCAGCTACTCGGGAGGCTGAGGCAGGAGAATTGCTTGAACCTGGGAGGCGGAGGTTGCAGTGAGCCAAGATCAGGCCACTTCACCCCAGCCTGGCAAGAGCGAAACTCCACCAAAAAACAA","GGCTGGGCGTGGTGGCTCACGCCTGTAATCCCAGCACTTTGGGAGGCTAAGGCGGGTGGATCACCTGAGGTCAGGAGTTCGAGACCAGCCTGGCCAACATGGCGAAACCCCATCTCTACTAAAAATACAAAAATTAGCTGGGCATGGTGGCTGGTGTCTGTAATCCCAGCTACTCGGGAGGGTGAGGCAGGAGAATCGTTTGAACCCAGGAGGCGGAGGTTGCAGTGAGCCAAGATCATGCCACTACACTCCGGCCTTGGTAACAAGAGCGAAACTCCGTCTCAAAAATAAA"
"chr1","1751608","1751906","KN296404v1","2965711","2966008","40","1214103","GGCTGGGCGCGGTGGCTCACGCTCGTAATCCCAGCACTTTGGGAGATCAAGGCGGGTGAATCACCTGAGGTCTGGAGTTGGAGACCAGCTTGGCCAACATGGTGAAACCCTATCTCTACTAAAAATACAAAAAATTAGCCGGGTGTGGTGGTGGTAGCTGTAATCCCAGCTACTCTGGAGGCTGAGGCAAGAGAATCACTTGAACCCGCGGGGGGCGGAGGTTGCAATGAGCCGAGATCGCGCCACTGCACTCCAGCCTGGGCAACGAGAGCGAAACTCCATCTCAAAAAATAAAGAAA","GGTCGGGCGTGGTGGCTCACACTTGTAATCCCAGCACTTTGGGAGGCCGAGGCGGGTGGATCACCTGAGGTCAGGAGTTCAAGACCAGCCTGGCCAACATGGTGAAACCCCATCTCTACTAAAAATACAAAAATCAACCAGGTGTGGTAGTGGGTGCCTGTAATCCCAGCTACTCGGGAGGCTGAGACAGGAGAATCACTTGAACCCAGGAGGTGGAGGTTGCAGTGAGCCGAGATCGCGCCACTGTACTCCAGCCTGGGCAATAAAGAGTGAAACTCTGTCTCAAAAAAAAAAAAAA"
"chr1","1763785","1763955","KN296847v1","896438","896603","26","867347","TACAAAAATTAGCCAGGCATAGTGGCGCGTGCCTGTAGTACCAGCTACTCAGGAGGCTGAGGCAGGAGAATCGCTTGAACCTGGGAGGTGAAGGTTGCAGTGAGCTGAGATCATGCCGCTGCACTCCAGCCTGGGCAACAAGAGTGAAACTCAGTCTCAAAAAAAAAAAAA","AAAATTAGCCAGGCACGGTGGCAGGCACCTGTAATCCCAGCTACTCAGGAGGCTGAGACAGGAGAAACGCTTGAACCCGGGAGGTGGAGGTTGTAGTGAGCCGAGATCACGCCACTGCACTCCAGCCTGGGGAACAAGAGCGAAGCTATGTCTCAAAAAAAAAAAA"
"chr1","1764263","1764397","KN296635v1","2256493","2256628","16","492230","GCGGGGCATGCTAGCTCACACCTATAATCCCAGCACTTTGGGAGGCCGAGGTGGGTGAATTACTTGAGGTCAGGAGTTCGAGACCAGCTTGGCCAATGTGGTGAAACCCCGTCTCTACTAAAAATACAAAAATTT","GGCTGGGCATGGTGGCTCACGCCTATAATCCCAGCACTTTGGGAGGCCAAGGTGGGCGGATCACCTGAGGTCAGGAGTTTGAGACCAGCCTGGCCAACATGGTGAAACCCCGTCTCTACTAAAAATATAAAAATTA"
"chr1","1827167","1827477","KN295090v1","2881719","2882025","37","1054552","GGCTGGGTGCTGTGGCTCACGCCTGTAATCCCAGCATTTTGGGAGGCCGAGGTGGGCCTCGGATCACCTGAGGTCAGGAGTTCATGACCAGCCTGGCCAACATGGTGAAACCCCGTCTCTACTAAAATACAAAAAATTAACCGGACATGGTGGCGGGCGCCTGTTATCCGAGCTACTCAGGAGGCTGAGGCAGAAGAATCGCTTGAACCCAGGAGGCAGAGGTTGCAGTGAGCCGAGATTGTGCCACTATACTCCAGCCTGGGCAACAAGACTGAAACTCCATCTCAAAAAAAATAAAAATAAAAAAATAA","GGCTGGGCGCTGTGGCTCACACCTGTAATCCCAGCACTTTGGGAGGCCAAGGTGGGCAGATCACCTGAGGTCAGGAGTTCAAGACCAGCCTGGACAACATGGTGAAACCCCGTCTCTACTAAAAGCACAAAAATTAGCCGGGCGTGGTGGTGGGTGCCTGTAATCCCAGCTAGTCAGGAGGCTGAGGCAGGAGAATCGCTTGAACCCAGGAGGCGGAGGTTGCAGTGAGCCGAGATCGTGCCACTGCACTCCAGCCTGGGCAATAAGAGCAAGACTCCATCTCAAAAAAAAAAAGAAAAAGAAAAGA"
"chr1","1856299","1856716","KN296977v1","16188","16534","122","1840111","GGCCGGGCGCGGTGGCTCACGCCTGTAATCCCAGCACTTCGGGAGGCCGAGGCAGGTGGATCACCTGAGGTCAGGAGTTCCAGACCAGCCTGGCCAACGTGGTGAGGCTACAGTGAGCTGTGATGGCACCACTGCACTCCAGCCTGGGCAACAGAGTGAGACCCTGTCACAAAAGAAAAAAGAAACTGCCCAACAGTATCCCCGAGTATCACTTTACACTCCCACCAGCAAATACCAAATTAAATAATGAAATACAACATTAGCTGGGTGTGGTGGCAAGTGCCTATAATCCCAGCTACTCAGGAGGCTGAGGCAGGAGAATTGCTTGAACCCGGGAGGCAGAGGTTGCAGTGAGCCGAGATAGTGCCACTGCACTCCAGCCTGGGGACAAGAGCGAGACTCCATCTCAAGAAAAAAA","GGCTGGGCGTGGTGGCTCATGCCTGTAATCCCAGCACTTCGGGAGGCTGAGGTGAGTGGATCACCTGAGGTCGGGAGTTCAAGACCAGCCTGGCCAACACGGTGAAACACCATCTCTACGAAAAATACAAAAAAAAAAAACAAAAAAACAAAAAAAACACAAAACCAAAAACCAAAAAAAACTAGCTGGGCGTGGTGGTTGGCGCCTGTAATCCCAGCTACTCAGGAGGCTGAGGCAGGAGAATCTCTTGAACCTGGGAGGCAGAGGACGCAGTGAGCCGAGATCGCACCACTGCACTCCAGCCTGGGTAATAAGAGCGAAACTCCATCTCAAAAAAAAAAAAAAAA"
"chr1","1880818","1881130","KN296743v1","245342","245652","32","1635476","GACCGGGTGCGGTGGCTCACGCCTGTAATCCCAGCACTTTGGGAGGCCGATGTGGGCCGATCACTTGAGGTCAGGAGTTCGAGACCAGCCTGGCCAACATGGTGAAACCCCGTCTCTACTAAAAATACAAAAATTAGCTGGGCATGGTCGCAGGCGCCTGTAATCCCAGCCACTTGGGAGGCTGAGGCAGGAGAATTGCTTGAACCCAGGAGGTGGAGGTTGCAATGAGCTGAGATAGTGCCACTGCCCTCCAGCCTAGGCAACAAGAGCGAAACTCCATCTCAAAAACAAAAAAGAAAGAAAGAAAGAAAGA","GGCCGGGCGCAGTGGCTCACGCCTGTAATCCCAGCACTTTGGGAGGCCGAGGCAGGCGGATCACCTGAAGTCAGGAGTTCAAGACTAGCCTGGCCAACATGGTGAAACCCTGTCTCTACTAAAAATACAAAAATTAGCTGGGCGTGGTGGCAGGCGCCTGTAATCCCAGCCACTTGGGAGGCTGAGGCAGGAGAATCACTTGAACCCTGGAGGCGGAGGTTGCAGTGAGCCGAGATCGTACCACTGCACTCCAGCCTGGGCAATAAGAGCAAAACTCCATCTCAAAAAAAAAAGAAAAAAAAGAAACAAAA"
"chr1","1955650","1955954","KN297197v1","4305535","4305831","43","2349885","GGCCAGGCGCGGTGGCTCACTTCTATAACCCCAGCACTTTGGGAGGCCAAGACGGGCAGATCACCTGAGGTCAGGAGTTCGAGACCAGCCTGGCCAACGTGGTAAAACCCCAACCCGTCTCTACTAAAAATACAAAAATTAGCCGGGCATGGTGGCAAGCGCCTGTGATCCCAGCTACTTGGGAAGCTGAGGCAGGAGCACTGCTTGAACCCAGGAGGCGGAGGTCGCAGTGAACCGAGATTGCACCACTGCACTCCAGCCTGGGCAACAAGAGTGAGACTCCAGCTCAAAAAAACAAACAAGAA","GGCCAGGCATGGTGGCTCACACCTGTAATCCCAGCACTTTGGGAGGCCAAGGCGGGCAGATCGCCTGAGGTTAGGAGTTCGAGACCACCTTGGCCAACATGGTGAAACCCCATCTCTACTAAAAATGCAAAAATTAGCTGGGTGTGGTGGCAGGCACCTGTAATCCCAGCTACTTGGGAGGCTGAGGCAGGAGAATTGCTTGAACCCAGGAGGCGGAGGTTGCAGTGAGCTGAGATCGTGCCACTGCACTCCAGCCTGGACGACAAGAGCCAAACTCCATCTCAAAAAAAAAAAAAA"
"chr1","2073036","2073192","KN297203v1","866961","867115","19","1206075","CCTGTAATCCCAGCTACTTGGGAGGCTGAGGCAGGAGAATCACTTGAACCTGAGCGGCAGAGGTTGCAGTGAGCCGAGATCGCGCCACTGCACTCCAACCAGGGCAACAAGAGCGAAACTCTGTCTCAAAAAAAAAAGAAAGAAAAAGAAAAGAAAA","GCCTGTAATCCCAGCTACTTAGGAGGCTGAGGTGGGAGAATCGCTTGAACCCAGGAAGAGGTTGCAGTGAGCCAAGATCACGCCACTGCACTCCAGCCTGGGCAACAAAAGCGAAACTCTGTCTCAAAAAAAAAAGAAAAAGATAAAAAAGAAAA"
"chr1","3674444","3674748","KN294873v1","312181","312477","39","3362263","GGCCGGGCACGGCGGCTCACGCCTGTCATCCCAACACTTTGGGAGGCCGAGGCGGGCGGATCACTTGAGGTTGGGAGTTCAAGACCAGCTTGGCCAACATAGTGAAACCCCGTCTCTACTAAAAATACAAAAAATTGGCTGGGCTTGGTGGTGGGTACCTGTTATCCCAGCTACTTGGGAGGCTGAGGCAGGAGAATCACTTGAACCCTGGAGGTGGAGGTTGCAGTGAGCCAAGATCACGCCACCGCACTCCAGCCTAGGCAACAAAAGCAAAACACCATCTACAAAAAAAAAAAAAAAAGAGA","GGCTGGGCACAGAGGCTCACGCCTGTAATCTCAGCACTTTGGGAAGCCGAGGTGGGTGGATCACCAGAGGTTAGGAGTTCAAGACCAGCCTGGTCAATATGGTGAAACCCTGTCTCTACTAAAAATACAAAAAATTAGGCGTGGTGGTGGGTGCCTGTAATCCCAGCTACTCAGGAGGCTGAGGCAGGAGAATCACTTGAACCCAGGAGGTGGAGGTTACAGTGAGCTAAGATCACGCCACTGTACTCCAGCCTAGGCAACAAGAGCAAAACTCCACCTCAAAAAAAAAAAAAAAAA"
"chr1","3675398","3675450","KN295022v1","781880","781932","13","2893518","CCGAGATCGCGCCACTACACTCCAGCCTGGGCAACAAAAGTGAAACTCCATCT","GAGTTTGTGCCACGGCACTCCAGCCTGGGCGACAAGAGCAAAACTCCATCTCA"
"chr1","4361830","4362135","KN295523v1","2221436","2221738","37","2140394","GGCTGGGCGCGGTGGCTCACGCTTGTAATCCCAGCACTTTGGGAGGCCGAGGTGGGCGCATCACCTGAGGTCAGGAGTTCAAGAACAGCCTGGCCAGCATGGTGAAACCTTGTTTCTACTGAAAATACAAAAAAATTAGCCAGGCGTTGTGGCAGGCGCCTGTAACCCCAGCTACTCTGGAGGCTGAGGCAGGAGAATCACTTGAACCCTGGAGGCAGAGGTTGCAGTGAGCCGAGATCGTGTCACTGCACTCCAGCTTGGGCAACAAGAGCGAAACTCTCTACAAAAAAAAAAAAAAAAAAAGAA","GGCTGGATGCAGTGGCTCACGCCTGTAATCCCAGCACTTTGGGAGGCCGAGGCGGGCGGATCACCTGAGGTCAGGAGTTCAAGACCAGACTGGCCAACATGATGAAACTGTCTCTACTAAAAATACAAAAAGTAGCCAGGCATGGTGGCAGGCACCTGTAATCCCAGCTACTTGGGAGGCTGAGGCAGGAGAATCACTTGAACCCGGGAGGCGGAGGTTGCAGTGAGCTGAGATCATGCCACTGCACTCCAGCCTGGGCAAGAAGAGCAAAACTCTGTCTTAAAAAAAAAAAGAAAAAAAAAA"
"chr1","4622349","4622629","KN296732v1","1792478","1792756","47","2829871","GGCTGGATGTGGGGCTCATGCCTGTAATCCCAGCACTTTGGGAAGCAAAGGCAGGTGGATCACTTGAGGTCAGGAGTTCAATACCAGCCTAACTGACATGGTGAAACCCCATCTTTACCAAAAGTACAAAAATTAGCTGGGCGTGGTAGTGGGCACCTATAATGCCAAATACTCGGGAGGCTGAGGCAGGAGAATTGCTTGAGCTCAGGGGGCGGAGGTTGCAGTAAACCGAGATCACATCACTGTACTCCAGCCTGGGCAACAAGAGTGAAACTCCATCT","GCTGGGCACGGTGGCTAACGCCTATAATCCCAGCACTTTGGGAGGTCGAGGCAGGTGGATCACTTGAGGTCAGGAATTCGAGACCAACCTGGCAAACATGGTGAAACACTGTCTCTACTAAAAATACAAAAATTAGCTGGGCGTGGTGGTGGGCACCTATAATCCCAGCTACTCAGGAGGCTGAGGCAGGAGAATCACTTGAACCCGGGAGGCGGAGGTTGCAGTGAGCCAAGATCGCACCACTGCACTCCAGCCTGGGCAACAAGAGCGAAACTCCAT"
"chr1","6108899","6109198","KN296635v1","126740","127032","37","5982159","GGTTGGGCGTGGTGGCCCATGCCTGTAATCCCAGCACTCTGGGGGGCCAAGGCAGGCGCATCACTTGAGGGCAGGAGTTTGAGACCAGCCTGGCCAACATAGTGAAACCCTGTGTCTACTAAAAATACAAAAAAAATTAACCAGATGTGGTGGTGGGCACCTGTAATCCCAGCTACTCAGGAGGCTGAGGCAGGAGAATTGCTTGAACCCAGGAGGTGGAGGTTGCAGTGAGCCAAGATCGTGCCGCTGCACTCCAGCCTGGGCAACAAGAGCAAAACTCCATCTCAAAAACAAAAACAA","GGTTGGGTACAGTGGCTCACGCCTGTAATCCCAGCACTTTGGGAGGCCAAGGTGGGTGGATCACCTGAGGTCAGGAGTTCGAGACCAGCCTGGCCAACATGGTGAAACCCCTGTCTCTACTAAAAATACAATGAGCCAGGCGTGGTGGTGGGCACCTGTAATCCCAGCTACTCAGGAGGCTGAGGCAGGAAAATCGCTTGAACCCAGGAGGTGGAGGTTGCAGTGAGCCAGGATCATGCCACTGCACTCCAGCTTGGGCAACAAGAGCGAAACTCCATCTCAAAAAAAAAAAA"
"chr1","6140333","6140626","KN296096v1","1838666","1838962","54","4301667","GGTCGGGCATGGTAGCTCACACCTGTAATCCCAGAACTTTGGGAGGCTGAGGTGGGNNNNNNNNNNNNNNNNNNNNCGTTTGAGACCAGCCTAGCCAACATGGTGAAACCCTGTCTCTACTAAAAATACAAAAATCAGCTGGGCGTGGTGGTGGGCACCAGTAATCCCAGCTACTCAGGAGGCTGAGGCAGGAGAATCACTTGAACCCAGGAGGCAGAGGTCGCAGTGAGCCGAGATGGCACCACTGCACTCCAGCCTGGGCAACAAGATCGAAATTCTGTCTCAAAAAAAAAA","GGCTGGGCATGGTGGCTCACGCCTGTAATCCCAGCACTTTGGGAGGCTGAGGTGGGTGGATCACCTGAGGTCAGGAGTTTGAGACCAGCCTGGCCAACATGGTGAAACCCTGACTCTACTAAAAGTACAAAAATTAGCCAGGCGTGGTGGTGGGCACCTGTCATCCCAGCTACTCAGGAGACTGAGGCATGAGAATCACTGAACCTGGGAGGTGGAGGTTGCAGTGAGCCGAGATCGCACCACTGCACTCCAGCCTGGGCAGCAAGAGCAAAATTCCATTTCAAAAATAAAAACAAA"
"chr1","6662801","6663096","KN294964v1","1405362","1405660","42","5257439","GGCTGGGCACAGTGGCTCACGCCTATAATCCCAGCACTTTGGGAGGCTGAGGCGGGTGGATCACCTGGGGGCAGGAATTCGAGACCAGTCTGGCCAACATGGTGAAACCCCATCTCTACTAAAAATACAAAATATTAACCGGACATGGTGGTGGGCGCCTGTAGTCCCAGCTACTCAGGAAGCTGAGGCAGGAGAATCACTTGAATCCAGGAGGCGGAGGTTGCAGTGAGCTGAGAAGATCACGCTACTGCACTCCAGCCTGGACGAGCGAAACTCCGTCAAAAAAAAAAAAATAA","GGCTGGGCACAGTGACTCACACCTGTAATCCCAGCAGTTTGGGAGGCTGAGGCAGGCAGATCACCTGAGGTCAGGAGTTCGAGACCAACCTGACCAACATGGTGAAACCCTGTCTCTACTAAAAATACAAAAATTAACCGGACATTGTGGTGCGTGCCTGTAGTCCCAGCTACTCAGGAGGCTGAGGCAGGAGAATTGCTTGAACCTGAGAGGTGGAGGTTGCAGTGAGTCGAGATCGTGCTACTGCATTCCAGCCTGGGCAACATGAGCGAAACTCCTTCTCAAAAAAAAAAAAAAAA"
"chr1","6674744","6675035","KN295303v1","16080","16371","49","6658664","GGCTGGGCATGGTGGCTCACACCCGTAATCACGGTGCTCTGGGAGGCCGCGGCGGGTGGATCACCTGAAGTCAGGAGTTTGAGACCAGCCTGGCCAATATAGTAAAACCTCGTCTCTACTAAAAACACAAAAACATGAGCCGGGCATGGTGGCATGCACCTGTAGTCCCAGCTACTCAGAGGCTGAGGCAGGAGAATCGCTTGAATCCAGGAGATGGAGGTTACATTGAGCCAGGACAGTGCCACTGCACTCCAGCCAGGGCAACAAGAGTGAAACTCTGTCTCAAAAACAA","GGCCGAGCACAGTGGCTCACTCTTGTAATTCCCGGACTTCGGGAGGCTGAGGCGGGTGGATCACCTGAGGTCAGGAGTTTGAAACCAGCCTGGCCAATATGATGAAACCCCGTCTCTACTAAAAATACAAAAAATTAGCCAGGCGTGGTGGCAGGCGCCTGTAATCCCAGCTACTCAGGAGGCTGAGGCAGGAGAATCGCTTGAACCTGGGGGTGCAGAGGTTGCAGTGAGCTGAGATCATGCCACTGCACTCCAGCCTGGCCACAAGAGCAAAACTCTGTCTCAAAAATAA"
"chr1","7015408","7015716","KN295090v1","2881719","2882025","37","4133689","GGCTGGGCACGGTGGCTCACACCTGTAATCCCAGCACACTGGGAGGCCAAGGAGGGCGGGATCACCTGAGGTCAGGAGTTCAAGACCAGCCTGGCCATGGTGAAACCCCGTCCCTACTAAAAATACAAAAAACTAGCCAGGCGTGGTGGTGCACGCCTGTAATCCCAGCTACTCCGGAGGCTAAGGCAGGAGAATCGCTTTAACCCGGGAGGCGGAGGTTGCAGTGAGCCAAGATCGAGCCACTGCACTCCAGCCTGGGCAACAAAAGCGAAACTCTGTCTCAAAAAAAAGAAAAGAAAAGAAAAGAAA","GGCTGGGCGCTGTGGCTCACACCTGTAATCCCAGCACTTTGGGAGGCCAAGGTGGGCAGATCACCTGAGGTCAGGAGTTCAAGACCAGCCTGGACAACATGGTGAAACCCCGTCTCTACTAAAAGCACAAAAATTAGCCGGGCGTGGTGGTGGGTGCCTGTAATCCCAGCTAGTCAGGAGGCTGAGGCAGGAGAATCGCTTGAACCCAGGAGGCGGAGGTTGCAGTGAGCCGAGATCGTGCCACTGCACTCCAGCCTGGGCAATAAGAGCAAGACTCCATCTCAAAAAAAAAAAGAAAAAGAAAAGA"
"chr1","7149641","7149941","KN295236v1","1883860","1884167","48","5265781","GGCCAAGTGCAGTGGCTCATATCTCTAATCCCAGCACTTTGGGAGGCCGGCGCAGGCGGATCACCTGAGGTCAGGAGTTTGAGACCAGCCCAGCCATCATGGTGAAACTAAAAATACAAAAATTAGCCAAGCGGGGTGGTGGGTGTCTGTAATCCCAGCTACTTAGGAGGCTGAGGCAGGAGAATTGCTTGAACCTGGGAGGCAGAGGTTGCAGTGAGTTGAGATTGCGCCACTGCACTCCAGCCTGGGCAACAAGAGAGAAACTCCATCTCAAAATAAATAAATAAAATAAAAAGTAAAA","GGCCAGGTGCAGTGGCTCATGCCTGTAATCCTAACACTTTGGGAGGCTGAGGCAGGTGGATCACTTGAAGTCAGGAGTTCGAGACCAGCCTGGCCAACATGGTGAAACCATGTCTCTACTAAAACTACAAAAATTAGCCAGAGGTGGTGACGGGCACCTGTAATCCCAGCTACTTAGGAGGCTGAGACAGGAGAATTGCTTGAACCCGGGAGGCAGAGGTTGCAGTGAGCCAAGATTGCGCCACTGCACTCCAGCCTGGGCAACAAGAGTGAAACTCCGTCTCAAAAAAAAAAAAAAAAAAAAAAAAA"
"chr1","7314857","7315154","KN295244v1","318312","318607","34","6996545","GGCCAGGCGCAGTGGCTCACGCCTGTAATCCCCATACTTTGGGAGGCCAAGGCAGGCGGATAACCTGAGGTCAGGAGTTCGAGACCAGCCTGGCCAACATGGTGAAACCCCGTCTCTACTAAAAATACAAAAATTAGTCAGGCCTGGTGGTAGGCATCTGTAACCCCAGCTATTCGGGAGGCTGAGGTAGGAGAATCATTTGAACCCGGGAGGCAGAGGTTGCAGTGAGCCAAGATGGTGCCACTGCACTCCAGCCTGGGCAACAAAGAGCAAAACTCTGTCTCAAAAAAAAAAAAAA","GGCTGGGCACGGTGGCTCATGCCTGTAATCCCAACACTTTGGGAGGCCAAGGTGGGTGGATCACCTGAGTTCAGGAGTTCGAGACCAGCCTGGCCAACATGGTGAAACCCTGTCTCTATTAAAAATACAAAAATTAGCCAAGCATGGTGGCAGGCGCCTGTAATCCCAGCTACTCAGGAGGCTGAGGTAGGAGAATTGCTTGAACCTGGGAGGCAGAGGTTGCAGTGAGCCGAGATCATGCCTCTGCACTCCAGCCTGGGCAACAAGAGCAAGACTCTGTCTCAAAAAAAAAAAAA"
"chr1","7416805","7417103","KN294372v1","2580401","2580700","37","4836404","CCAGGCGCGGTGGCTCACGCCTATAATCCCAGCACCTTGGGAGGCCTAGGTGGGGGGATCAACTGAGGTCAGGAGTTCGAGACCAGCCTGCCCAACATGGCGAAACCCCGTCTCTACTAAAAATACAAAAAATTAGCCGGGCGTGATGACGGGTGCCTGTAATCCCAGCTACTCGAGAGGCTGAGACAGGAGAATCGCTTGAACCCAGGAGGCGGAGGTTGCAGTGAACCAGGATCATACCACTGCACTCCAGCCTGGGCAACAAGAATGAAACTCCATCTCAAAAAAAAGAAAGAAAA","GGCCAGGCGCAGTGGCTCACGCCTGTAATCCCAACACTTTGGGAGGCCAAGGCAGCTGGATCATCTGAGGTCAGGAGTTCGAGACCAGCCTGCCCAACGTGGCAAAACCCCGTCTCTACTAAAAATACAAAAAATTAGCCGGGTGTGGTGGCGGGCGCCTCTAATCCCAGCTACTCCGGAAGCTGAGGCAGGAGAATCACTTGAACCCGGGAGGCAGAGGTTGCAGTGAGTTGAGGTCGTGCCACTGCACTCCAGCCTGGGCAACAAAAGTGAAACTCCATCTCAAAAAAAAAAAAAAAA"
"chr1","7433020","7433342","KN295405v1","2031379","2031690","49","5401641","GGCTGGGCATGGTGGCTCACGCCTGTAATCCCAGCACTTTGGGAGGCCGGGGTGGGCAGATCACTTGAGGTCAGAAGTTCGAGACCAGCCTGGCCAACATGATGAAACTCTATCTCTACTAAAAATACTAAAAATACAAAAAATTAGCCAGGAATGGTGGCAGATGCCTGTAATCCCAGCTACTTGGGAGGCTGAGGCAGAAGAATCACTTAAATCCAGGAGGGGGAGGTTGCAGTGAGCTGAGATCGTGCCCCTGCACTCCAGCCTGGGCAACAAGAGCAAAACTTCGTCTCAAATAAATACATAAATAAAAATAAAAAGAA","GGCCAGGCACGGTGGCTCACACCTGTAATCCCAGCACTTTGCGAGGCTGAGGCGGGGAGATCACCTGAGGTCAGGAGTTCAAGACCAGCCTGGCCAATGTGGCGAAATCCTGTCTCTACTAAAAAAAAAAATAGAAAAATTAGCCGGGCATGGTGGCGGTCACCTGTAATCCCAGCTACTTGGGAGGCTGAGGCAGAAGAATCACTTGAACCCAGTGGGTGAAGGCTGCAGTGAGCTGAGATCGTGCCACTGCACTCCAGCCTGGGCAAAAGAGCAAAACTCTTATCTCAAAAAAAAAAAAAAAAAAAAAAA"
"chr1","7435028","7435341","KN295294v1","849337","849645","41","6585691","GGCTGGGCATAGTGGCTCACACCTATAATCCCAGTACTTTAGGAGGCCAGGACGGGCGGATGAGCTGAGGTCAGGAGTTCAAGACCATCCCGGCCAACATGGCAAGACCCCGTCTCTACTAAAAATTACAAAAATTAGCTGGGTGTGGCGGCGGGCGCCTGTAATCCCAGCTACTCGGGAGGCTGAGGCAGGAGAATTGCTTGAATCCAGGAGGTGGAGGTTGCAGTGAGCTGAGATCATGCCACTGCACTCCAGCCTGGGCAACAAGAGTGAGACTCCAACTCAAAAAAAAAAAAAAAAGAAAGAAAGAAAAA","GGCCGGGCACTGTGGCTCACGCCTGTAATTCCAGCACTTTGGGAGGCCAAGGCAGGTGGATCACCTGAGGTCAGGAGTTCGAGACCAGCCTGACCAACATAGTGAAACCCCATCTCTACTAAAAATACAAAAATTAGCTGGGCATGGTGGTGGGCGCCTGTAATCCCAGCTACTCCAGAGGCTGAGGCAGGAGAATTGCTTGAACCCAGGAGGCGGAGGTTGCAGTGAGCCGAGATCACGCCACTGCACTCCAGCCTGGGCAACAAGAGTGAAACTCCATCTCCAAAAAAAAAAAAAAAAAAAAGAAAA"
"chr1","7535759","7536060","KN296062v1","1571490","1571788","39","5964269","GGCCGGACACGGTGGCTCACGCCTGTAATCCCAGAACTTTGGGAGGCCAAGGCGGGCAGATTACCTGAGGTCGGGAGTTTGAGACCAGCCTGGCCAACATGGTGAAACCCCATCTCTACTAAAAATACAAAAATTAGCTGGGCGTGGTGGCGCATGCTTGTAATTCTAGCTACTCAGAAGGCCGAGGCAGGAGAATCACTTGAATCCAGGATGCAGAGGTTGCAGTGAGCTGAGATTGTGCCACTGCACTCCAGCCTGGGCAACAAGAGCGAAGCTCCTGTCTCAAAAAACCAAAAAAGAGA","GGCCAGGCACAGTGGCTCACGCCTGTAATCCCAGCACTTTGGGAGGCCGAGGCAGGTGGATCACCTGAGGTCAGGAGTTTGAGACCAGCCCGGCCAACATGGTGAAACCCCATCTCTACTAAAAATATAAAAATTAGCCGGGTGTGGTGGCACATGCCTGTAATCCCAGCTACTTGGGAGGCTGAGGAAGGAGAATCACTTGAACCCACAAGGCAGAGGTTGCAGTGAGCTGAGATCGCACCACTGCACTCCAGCCAGGGCAACAAGAGTGAAACTCGGTCTCAAAAAAAGAAAAAAGA"
"chr1","7699583","7699877","KN297094v1","86545","86834","36","7613038","GGGCACAGTGGCTCACGCCTGTAATCCCAGCACTTTGGGAGGCCGAGTTGGGCGTATCGCCTGAGGTCAGGAGTTCAAGACCAGCCTGACCAACATGGTGAAACCCCGTCTCTACTAGAAATACAAAAATTAGCCAGGCGTGGTGGCAGGCACCTGTAATCCCAGCTACTCGGGAGGCTGAGACAGGAGAATCACTTGAACCCGGGAAGCAGAGGTTGCGGTGAGTCAAGATTGCGCCACTGCACTCCAGCCTAGGCAACAAGAGCGAAACTCCATCTCAAAATAAGAAGAAAGA","GGGCACAGTGGCTCACACCTGTAATGCCAACACTTTGGGAGGCCGAGGTGGGCGGATCATCTGAGGTCAGGAGTTCGAGACCAGCCTGGCCAACATGGTGAAAGCCCGTCTCTACTAAAAATACAAAAATCAGCCAGGTGTGGTGGTGGGCACCTGTAATCCCAGCTACTTGGGAGGCTGAGGCAGGAGAATCGCTTGAACCGGGGAGGCGAAGGTTGCAGTGAGTCGAGATTGTGCTGCTGCACTCCAGCCTGGGCAACAAGAGAGAAACTGCATCTCAAAAAACAAAA"
"chr1","7982926","7983221","KN294439v1","300738","301034","36","7682188","GGCTGGGTGCGGTGGCTCACGCCTGTAATCCTAGCACTTTGGGAGGCCAAGGTGGGCGGATCACGAGATCAGGAGTTCGAGACCAGCCTGGCTAACATGGTGAAACCCCGTCTCTACCAAAAATACAAAAATTAGCTGGGCATGGTGGCAGGTGCCTGTAATTCTAGCTACTCGGGAGCTGAGGCAGGAGAATCGCTTGAACCTGGGAGGTGGAGGTTGCAGTGAGCCGAAATTGCACCACTGCACTCCAGCTTGGGCAACAAGAGCAAAGCTCCCATTTCAAAAAAAAAAAAGAA","GGCCGGGTGCGGTGACTCACGCCTGTAATCCCAGCACTTTGGGAGGCCAAAGCGGGTGGATCACCTGAGGTCAGGAGTTTGTGACCAGCCTGGCCAACATGGTGAAACCCCGTCTCTACTAAAAATACAAAAAATTAGCCAGGCATGGTGGCAGGCGCCTGTAATCCCAGCTACTCGGGCAGCTGAGGCAGCAGAATCGCTTGAACCCGGGAGGTGGAGGTTGCAGTGAGCCAAGATCACGCCACTGCACTCCAGCCTGGGCAACAAGAGCGAAACTCTGTCTCAAAAAAAAAAAAA"
"chr1","8040033","8040322","KN295706v1","150980","151270","30","7889053","GGCTGGGCAGGGTGGCTCACGCCTGTAATCCCAGGACTTTGGGAGGCCGAGGCAGGTGGATCACCTGAGGTAAGGAGTTCAAGACCAGCCTGACCAACATGGCGAAACCCCATCTCTACTAAAAATACAAAGTTAGCTGGGAATGGTGGTGGGCGCCTGTAATCCCAGCTACTCGGGAGACTGAGGCAGGAGACTCACTTGAACCCGGGAGGCGGAGGTTGCAGTGAGCTGAGATCGCGCCACTGCACTCTAACCTGGGCAACAAGAGCGAAACTCCATCTAAAAAAAAA","GGCTGGGCACGGTGGCTCACGCCTGTAATCCCAGCACTTTGTGAGGCCATGGCAGGTGGATCACCTGAGGTCAGGAGTTCAAGACCAGCCTGGCCAACATGGTGAAATCCCATCTCTACTAAAAATACAAAAATTAGCTGGGCGAGGTGGCGGGCGCCTATAATCCCAGCTCCTCAGGAGGCTGAGGCAGGAGAATCACTTGAACCCGGGAGGCAGAGGTTGCAGTGAGCCGAGATTGTGCCACTGCACTCCAGCCTGGGCGACAAGAGCAAAACTCCGTCTCAAAAAAAA"
"chr1","8180446","8180753","KN295637v1","380266","380573","41","7800180","GGCCAGGCGCAGTGGCTTATACCTGTAATCCCAGCACTTTGGGAGGCTGAGGCGAGCAGATCACCTGAGGGTCAGGAGTTGGAGACCAACCTGGCCAACATGGTGAAACCCCGTCTCTACTAAAAATACAAAATTAGCTGGGCGTGGTGGCTAACACCTGTAATCCCAGCTACTCGGGAGGCTGAGACAGGAGAATCTCTTGAATCTGGTAGGTGGAGGTCACGGTGAGCCAAGATCGCACTGCTGCACTCCAGCTTGGGCAAAAAGAGTGAAACTCCATCTCAAAAAATAAATAAATAAATAATAAA","GGCCGGGCACGGTGACTCATGCCTATAATCCCAGCACTTTGGGAGGCCGAGGCGGGCAGATCACTTGAGGTCAGGAGTTCAAGACTAGCCTGGCCAACATGGTGAAACCCTGGCTCTACTAAAAATACAAAAATTAGCTGTGCGTAGTGGCAGGCGCCTGTAATCCCAGCTACTCGGGAGGCTGAGGCAGGAGAATCACTTGAATTTGGGAGGTGGAGGTTGCAGTGAGCTGAGATTGCACCACTGCACTCCAGCTTGGGCAACAAGAGTGAAACTCCATCTCAAAAAAATAAATAAAAATAAATAAA"
"chr1","8268233","8268541","KN296749v1","264936","265241","32","8003297","GGCCGGGCGCGGTGGCTCACACCTGTAATCCCCACACTTTGGAAGGCCAAGGCGGGTGGATCACCTGAGGTCAGTAGTTCCAGACCAGCTTGGCCAACATGGTGAAACCCCATCTCTACTAAAAATACAAAAATTACCTGGGCGTGGTGGTGAGCACCTGTAATCTCAGCTACTCGGGAGGCTGAGGCAGGAGAATCACTTGAACACAGGAGGCAGAGGTTGCAGTGAGCCAAGATCACGCCACTGCACTCCAGCCTGGGCAACAAGAGAGAGATTCTGTCTCAAAAAAGAAAAGAAAAGAAAAGAAAA","GGCCAGGTGTGGTGGCTCATACCTGTAATCCCAGCACCTTGGGAGGCCAAGGTGGGTGGATCACCTGAGGTCAGGAGTTCAAGACCAGCCTGGCCAACATGGTGAAACCCCATCTCTACTAAAAATACAAAAAATTAGCTGGGCAGGGTGGTGGGCACTGTGATCCCAGCTACTTGGGAGGCTGAGGCAGGAGAATCACTTGAACCCAGGAGGCAGAGGTTACAGTGAGCCAAGATCCCGCCACTGCACTCCAGCCTGGGCAACAAGAGTGAGACTTTATCTCAAAAAGGAAAAAAAAAAAAAAAA"
"chr1","8292048","8292208","KN295667v1","2474569","2474732","18","5817479","GGGCTTGATGGCGGGCACCTGTAATCCCAGCTACTTGGGAGACTGAGGCAGGAGAATCGCTTGAACCCAGGAAGCAGAGGTTGCAGTGAGCCAAGACAGTGCCACTGCACTCCAGCCTGGGCAACAAGAGTAGGACTCTGTCTAAAAAAAAAAAAAGAAAA","GAGTGTGATGGGGGGCACCTCTAATCCCAGCTACTTGGGAGGCTGAGGCAGGAGAAATGCTTGAACCCAGGAGGCAGAGGTTGCAGCGAGCCAAGACAGTGCTACTGCATTCCAGCCTGGGCAACAAGAGTGGGACTCCGTCTCAAAAAAAAGAAAAAAAAAAA"
"chr1","8294870","8295168","KN295667v1","2471597","2471899","34","5823273","GGCGCGGTGGCTCACGCCTGCAATCCCAGCACTTTGGGAGGCTGAGGTGGGTGGATCGCCTGAGGTCAGGAGTTTAAGACCAGCTTGGCCAACATAGTGAAACCCCGTCTCTACTAAAAATACAAAAATTAGCCGGGTGTGGTGGCAGGCACCTGTAATCCTAGCTACTTGGGAAGCTGAGGCAGGAGAATCGCTTGAACCTGGAAGGCAGAGGTTTTAGTGAGCCGAGGTTGTGCCACTGTACTCCAGCCTGGAAAACAAGATAGAGACTCCGTCTCAAAACAAAAACAAAAACAAAA","GCAGGGTGCGGTGGCTCACGCTTGTAATCCCAGCACTTTGGGAGGCTGAGGCGGGTGGATCGCCTGAGGTCAGGAGTTCAGGACCAGCCTGGCCAACATAGTGAAACCCTGTCTCTACTAAAAATACAAAAATTAGCCGGGCAAGGTGGCAGGTGCCTGTAATCCTAGCTACTCAGGAGGCTGAGGCAGGAGAATCACTTGAACCCAGGAGGCGGAGGTTTTGGTGAGCCAAGGTTGCACCGCTGTACTCCAGCCTGGGCAACAAGAGAGAGACTCTGTCTCAAAACAAAAACAAAAACAAAA"
"chr1","8325281","8325590","KN295294v1","849337","849645","34","7475944","GGCCGGGCATGGTGGCTCATGCATGTACTCCCAGCACTTTGGGAGACCAAGGCAGGCGGATCACCTGAGGTCAGGAGTTCAAGACCAGCTTGGCCAACATGGTGAAACCCCATCTCTACTAAACATACAAAAATTAGCCGGGCGTGGTGGTGAGCGCCTGTAATCCCAGCTACTCGGGAGGCTGAGGCAGGAGAATCACTTGAGCCCAGGAGGAGGAGGTGGCAGTGAGCCGAGATGGTGCCGCTGCACTCCAGCCTGGGCAACAAGAGTGAAACTCCATCTCAAAGAAAAATAATAAATAAAAAATAAA","GGCCGGGCACTGTGGCTCACGCCTGTAATTCCAGCACTTTGGGAGGCCAAGGCAGGTGGATCACCTGAGGTCAGGAGTTCGAGACCAGCCTGACCAACATAGTGAAACCCCATCTCTACTAAAAATACAAAAATTAGCTGGGCATGGTGGTGGGCGCCTGTAATCCCAGCTACTCCAGAGGCTGAGGCAGGAGAATTGCTTGAACCCAGGAGGCGGAGGTTGCAGTGAGCCGAGATCACGCCACTGCACTCCAGCCTGGGCAACAAGAGTGAAACTCCATCTCCAAAAAAAAAAAAAAAAAAAAGAAAA"
"chr1","8575077","8575247","KN296498v1","397835","398002","24","8177242","AAAATTAGCTGGGTGTGGTGGTGGGCACCTGTAATGCCAGCTACTGGGGAGGCTGAAGCAGGAGAATTGTTGAACCTGGGAGGCAGAAGTTGCAGTGAGCTGAGACTGTGCCACTGCACTCCAGCCTGGGCAACAAGAGCGAAACTCCATCTCAAAAACAAACAAACAAAA","TTAGCCATGTGTGGTGGCAGGCACCTGTAATCCCAGCTCCTCGGGAGGCTGAGGCAGGAGAATCGTTTGAACCTGGGAGGCAGAGGTTGCAGTGAGCCGAGATCGTGCCACTGCACTCCAGCCTGGGCAACAAGAACGAGACTCCATCTCAAAAAAAAAAAACAAAAA"
"chr1","8668240","8668584","KN295594v1","103351","103682","85","8564889","GGCCCAGAATGGTGGCTTATGCCTGTAATCCCAAACACTTTGGGAGGCCAAGGTTGGCAGATTGCTTAAGCCCAGGAGTTCAAGATCAAGCTGGGCAACGTCGCAAAACCCCATCTCTACAAAAAAAAAATAATAATACAAAAATTAGACAGGCGTGGTGGCAAGCACCTGTGGTTCCAGCTACTCGGGAGGATTAGCCAGGTGTGTTGGTGGGCACCTGTAATCCCAGCTACTTGGGAAGCTGAGGAAGGAGAATCACTTGAACCTGGGAGGCAGAGGTTGCAGTGAACTGAGATCACACCACTGCACTCCAGCCTGGGCACAAGAGCGAAACTCCAACTCAAA","GGCCAGGCACGGTGGCTCACGCCTATAATCCCAGCATTTTGGGAGGCCAAGGCAGGCAGATCACCTGAGGTCAGGAGTTCAAGACCAGCCTGGGCAACACGGTGAAACCCCGTCTCTACCAAAAATACAAAAATTAGCCAGGCGTGGTGTGTCTCTACTAAAAATACAAAAAAAATTAGCCAGGCGTGGTGGCAGGCACCCGTAATCCCAGCTACTTGGGAGGCTGAGGCAGGAGAATCACTTGAACTCAGGAGGCAGAGGTTGCAGTGAGCCAAGATCACGCCACTGCACTCCAGCCTGGGCAAAAAGAGCAGAACTCCATCCCAAAATAA"
"chr1","8706548","8706835","KN294456v1","1570309","1570590","36","7136239","GGCCAGGCACAGTGGCTCACATCTATAATCCTAGCACTTTGGGAGGCTGAGGCGGGCGGATCACCTGAGGTCAGGAGTTCGAGACCAGCCTCGCCAACATGGTGAAACCCCATCTCTACTAAAAATATAAAAATTAGCTGGGCGTGATGGCAGGCACCTGTAGTCCCAGCTACTTGGGAGGCTGAGGCAGAAGAACCACTTGAACCCGGGAGGCAGAGCCTGTAGGGAGCCGAGATTGTACCACTGCACTCCAGCCTGGGCAACAAGAGCAAAACTCCATCTCAAAAA","GGCCAGGCGCGGTGGCTCACACCTGTAATCCCAGCACTTTGGGAGGCCGAGGCGGGCAGATCACCTGAGGTCAGGAGTTCAAGACCAGCCTGCCCAACATGGTGAAACCCCACCTCTACTAAAAATACAAAATTAGCCGGGCGTGATAGCAGGCACCTGTAATCCCAGCTACTCGGGAGGCTGACAGGAGAATCGCTTGAACCCGGAAGGCAGAGGTTGCAGTGAGCCAAGATTGTGCCACTGCACCCCAGCCTGGGCAACAAAGAGTAAAACTCCATCTCA"
"chr1","8753702","8754004","KN297197v1","1630263","1630561","32","7123439","GGCTGGGCGCAGTGGCTTACGCCTCTAATCCCTGCACTTTGGGAGGCCGAGGCGGGCGGATCACCTGAGGTCGGGAGTTCAAGACCAGTCTGGCCAACATGATGAAACCCCGTCTCTACTAAAAATACAAAAAATTAGCTGGGCGCGGTGGCGGGCACCTGTAATCCCAGCTACTCAGGAGGCTGAGGCAGGAGAATTGCTTGAACCCGGGAGGCAGAGGTTGCAGTGAGCTGAGATTACGCCACTGCACTCTCCAGCCTGGGCAACAAGAGTGAAACTCCATCTCAAAAAAACAAAACAAAA","GGCTGGGCGCGGTGGCTCACTCCTGTAATCCCTGCACTCTGGGAGGCCGAGGCGAGTGGATCACCTGAGGTGAGGAGTTTGAGACCAGCCTGGCCAACATGATGAAACCCCATCTCTACTAAAAATACAAAAAATTAGCAGGACGTGGTGGCGGGCACCTGTAATCCCAGCTACTCAGGAGGCTGAGGCAGGAGAATTGCTTGAACCCGGAAGGCGGAGATTGCAGTGAGCCAGGATCGCGCCACTGCACTCCAGCCTGGGCAACAAGAGCAAAACTCTGTCTCAAAAAAAAAAAAAAA"
"chr1","8911904","8912214","KN294208v1","594903","595207","38","8317001","GGCCGGACATGGTGGCTCATGCCTGTAATCCCAGCACTTTGGGAGGCCGAGGCAGGTGGATCACCTGAGGTCAGGAGTTCGAGACCAGCCTGACCAACATGGTGAAACCCCATCTCTACTAAAAATACAAAATTAGCCAGGCATGGTGGCACGTGCTTGTAATCCCAGCTACTCAGGAGGCTGAGACCAGAGAATTGTTTGAACACGGGAGGTGAAGTTTGCAGTGAGCCGAAATTGTGCCACTGCACTCCAGCCTGGGCATCAAGAGCGAAACTCCTCAAAAAAAAAAATAAATAAATAAAATTAAAAAA","GGCCAGGCACGGTGGCTCATGCTTGTAATCCCAGCACTTTGGGAGGCCGAGGCAGGTGGATCACCTGAGGTCAGGAGTTCGAGACCAGCCTGACTAACATGGTGAAACCTATCTCTACTAAAAATACAAAAATTAGCCAGGCATGGTGGTGCGTGCCAGTAATCCCGGCTACTCAGGAGGCTGAGGCAGGAGAATTGCTTGAACCCGGGAAGTGGAGGTTGCAGTGAGCTGACATTGTGCCACTGTACTCCAGCCTGGGCAACAAGAGCAAAACTCCATCTCAAAGTAAATAAATAAAAAGAAAA"
"chr1","8950246","8950545","KN295667v1","1786657","1786955","23","7163589","CCAGGCACAGTGGCTCATGCCTGTAATCCCAGCACTTTGGGAGGCCGAGGCGGGTGGATCACTTGAGGTCAGGAGTTTGAGACCAGCCTGGCCAACATGGCGAAACCCCGTCTCTACTAAAAGTACAAAAATTAGCCGGCCATGGTGGCAGGTGCCTGTAATCCCAGCTTCTCGGGTGGCTGAGGCAGGAGAATCATTCGAACCCAGGGAACGGAGGTTGCAGTGAGCCAAGATCATGCCACTTCACTCCAGCCTGGGCAAAAGAGCAAAACTCTGTCTCAAGAAACAAAAAAAAGAAAA","CCAGACGCAGAGGCTCATGCCTGTAATCCCAGCACTTTGGGAGGCTGAGGCGGGTGGAACACTTGAGGTCAGGAGTTTGAGACCAGCTTGGCCAATATGGCGAAATCCCGTCTTTACTAAAAATACAAAAATTAGCTGGCTATGGTGGCAGGTGCCTGTAATCCCAGCTTCTCGGGTGGCTGAGGCAGGAGAATCACTTGAACCCAGGGGATGGAGGTTGCAGTGAGCCAAGATCACACCACTTCACTCTAGCCTGGGCAAAGGAGCAAAACTCCGTCTCAAAAAACAAAAAAAGAAAA"
"chr1","9001952","9002258","KN295531v1","74200","74508","44","8927752","GGCACGGTGGCTTACGCCTGTAATCCCAGCACTTTGGGAGGCCGAGGCAGGAGGATCACTTGAGGCCAGGAGTTCGAGACCAGCCTGGCCAACATGGTGAAACCTCGTCTCTACGAGAAATACAAAACTGAGCCGCGCATGGTGGCAGGTGCCTGTAATCCCAGCTACTTGGGAGCTGAGGTAGGAGAATCACTTGAACCTGGGAGGCAGAGGTTGCAGTGAGCTGTGATCGCACCACTGCACTCCTGCCTGGGCAGCAAGAGCAAAACTCTGTTTAAAAAAAAAGAAAGAAAGACAAAAGAAAGAA","GGCTGGGCGCAGTGGCTCACACCTGTAATCCCAGCACTTTGGGAGGCTGAGGCAGTTGGATCACCTGAGGTCAGGAGTTCGAGACCAGCCTGGCCAACATGGTGAAACCCCGTTTCTACTAAAAATACAAAAAATTAGCTGGGCATGGTGGCGGATGCCTGAAATCCCAGCTACTCAGGAGGCTGAGGCAGGAGAATCACTTGAACCTGGGAGGCAGAGGTTGTAGTGAGCTGAGATGGCACCACTGTACTCCAGCATGGGCAGCAAGAGCGAAACTCTGTCTCAAAAAAAAGAAAAAGAAAAAAGAAA"
"chr1","9066873","9067171","KN295667v1","1666677","1666971","31","7400196","GGCTTGGCATGGTGGCTCATGCCTATAATCCCAGCACTTTGGGAGGCTGAGGCAAGTGGATCACGAGGTCAGGAGTTCTAGACCAGCCTGGCCAACATGGTGAAACCCTATCTCTACTAAAAATACAAAATTAGCCATGCGTGGTGGCAGGCGCCTGTAATCCCAGCTACTAGGGAGGCTGAGGCAGAAGAATCGCTTGAACCTGGGAGACGGAGGTTGCAGTGAGCCGAGATCATGCCACTGCATTTCAGTCTGGGCAACAAGAGTGAGACTGCATCTCAAAAACAAAACAAAAAAAA","GGCTGCGCATAGTGGCTCACGCCTATAATCCCAGCACTTTGGGAGACCGAGGCGAGCAGATCACGAGGTCAGGAGTTCAAGACCAGCCTGGCCAACATGGTGAAACCCTATCTTTAGTAAAAATACAAAATTAGCCAGGCGTGGTGACAGGCGCCTATAATCCCAGCTACTAGGAAGGCTGAGGCAGGAGAACTGCTTAAACCCAGGAGACGGAGGTTGTGGTGAGCCGAGATCATGCCACTGCATTCTAGTCTGGGCAACAAGAGTGAGACTCCATCTCAAAAAAAAAAAAAAA"
"chr1","9126916","9127216","KN295017v1","163423","163725","43","8963493","GGCCAGGTGCAGTGACTCACACCTGTAATCCCAGCACTTTGGGAGGCCGAGGCGGGTGGATGGCTTGAGGTCAGGCATTCAAGACCAGCCTGGCCAACATGGTAAAACCACATCTCTACTAAAAATACAAAGATTAGCTGGACATGGTGGTGTGTGCCTGTAATCCCAACTATTCAGGAGGCTGAGACAGGAGGATAGCTTGACCCTAGGAGGTGGAGGTTGCAGTGAGCTGAGATCCTGCCACAGCATTCCAGCCTGGGGTACAAGAGCAAAATTCCTCTCAGAAAAAAAAAAAAGAAAA","GGCCAGGTGCAGTGGCTCACACCTGTAATCCCAGCACTTTGGGAGGCCGAGGCGGGTGGATCACCTTGAGGTCAGGAGTTTGAGACCAGCCTGGCCAACGTGCTGAAACCGTGTCTGTACTAAAAATATAAAAATTAGCCAGACGTGGTGGTGTGTGCCTGTAATCCCAGCTACTCAGGAGGCTGAGGCAGGAGAATGGCTTGAAGCCAGGAGGCGGAGGCTGCAGTGAACTGAGATCCCACCACTGCACTCCAGCCTGGGCAACAAGAGCAAAACTCCATCTCAAAAAAACAGAAAAAGAAA"
"chr1","9322920","9323201","KN294911v1","3417560","3417842","44","5905360","GGCTGGGCACAGTGGCTCACGCCTGTAATCCCAGCACTTTGGGAGACTGAGGCGGGTGGATCACCTGAGGTCAGGAGTTTAAGACCAGCCTGGGCAACACGGTGAAACCCCGTCTCTACTAAAAATACAAAATACAAAATTAGTCGGGCGTGGTGGTGCATCTCTACTACTCAGGAGGCTGAGGCAGGAGAATCGCTTGAACCCGGGAGGCGGAGGTTGCAGTGAGCCAAGATTGTGTCACTGCGCTCCAGCCTGGGCAACAAGAGCTAAATTCTGTCTCAA","GACCCGGCACGGTGGCTCACGCCTGTAATCGCAACACTTTGGGATGCTGAGGCAGGCGGATCACCTGAGGTCAGGAGTTTGAGACCAGCCTGGCCAACATGGTGAAACCCGTCTCTACTAAAAATACAAAACTTAGCCAAGAGTAGTGGCACACGCCTGTAATCCCAGCTACTCAGGAGGCTGAGGCAGGAGAATCGCTTGAACCCGGGAGGCGGAGGTTGCAGTGAGTCAATATTGCACCACTGCACTCCAGCCTGGGGAACAAGAGTGAAACTCTGTCTCA"
"chr1","9324057","9324368","KN295667v1","1413818","1414125","25","7910239","GGCTGGGCACGGTGACTCACGCCTGTAATCCCAGCAGTTTGGGAGGCTAAGGCAGTGGATCAACTGAGGTCAGGAGTTCAAGACCAGCCTGGCCAACATGATGAAACCCCGTTTCTACTAAAAATACAAAAAATTAGTCGGGCATGGTGGCGCATGCCTGTAATCCCAGCTACTCAGGAGGCAGAGGCAGGAGAATCGCTTGAACCCAGGAGGCAGAGGTTACAGTGAGCCAAGATCGTACCACTGTACTTCAGCCTGGGCAACAAGAGTGAAACTCCACCTCAAAAAAAACAAAAAAACAAAAAAACAAGA","GGCTGGCCACGGTAACTCATGCCTGTAATCCCAGCAGTTTGGGAGGCCAAGGCAGTGGATCACCTGAGGTCAGGAGTTCGAGACCAGCCTGGCCAACATGATGAAACCCCGTTTCTACTAAAAATACAAAAAATTAGCCAGGCATGGTGGCGCATGCCTGTAATCCCAGCTATTCAGGAGACAGAGGCCAGAGAATCACTTGAACCCGGGAGGCAGAGGTTGCAGTGAGCCGAGATCGCACCACTGTACTCCAGCCTGGGCAACAAGAGTGAAACTCCATCTCAAACAAAAACAAAAACAAAAAAAAA"
"chr1","9483299","9483614","KN295092v1","17292","17602","44","9466007","GGCTGGGCTCGGTGGCTCATACCTGTAATCTCAGCACTTTGGGAGGCCGAGGCAGGCAGATCACTTGAGGTCAAGAGTTCGAGACCAGCCTGGCCAACATGGCGAAATCCCATCTCTACTAAAAATACAAAAATCAGTTAGGTGTGGTGACGTGCGCCTATAATCCCAGCTACTCGGGAGGCTGAGGCAGGAGAATCACCTGAGCCTAGGAGGTGGAGGTTGCAGTGAGCCAAGATTGCACCACTGCACTCCAGCCTGGGCAACAAGAGCAAAACTCTGTCTCAATTTAAAGTAAAAAGAAGGAGAAGGAGAAGAA","GGCTGAGCACGGTGGCTCATGCCTGTAATCCCAGCATTTTGGGAGGCCAAGGCAACCGGATCACCTAAGGTCAGTAGTTCAAGACCAGCCTGGCCAACATGGTGAAACCCTATCTCTACTAAAAATACAAAAACTAGCCAGGTGTGGTGGCAGGCACCTGAAATCCCAGCTACTCCGGAGGCTGAGGCAGGAGAATCACTTGAGCCCAGGAGGTGGAGGTTACAGTGAGCCAAGATCGCACCACTGCACTCCAACCTGGGCGACAAGAGCAAAACTCCATCTCAAAAAGAAAAACAGAAGAAGAAGAAGAA"
"chr1","9536241","9536549","KN297165v1","1212451","1212758","37","8323790","GACTGGGCCCAGTGGCTCACACCTGTAATCCCAACACTTTGGGAGGCTGAGGTGGGCGGATCACCTGAGGGCAGGAGTTCGAGACCAGCCTGTCCAACATGGTGAAACCCTGTCTCTACTAAAAATACAAAAATTAGCCGGGCGTGGTGGCGTGAGCCTTTAATCCCAGCTACTCAGGAGGCTGAGGCAAGAGAATCACTTGAACCCAGGAGGTAGAGGCTGCAGTGAGCTGAGATTGCACCACTGCACTCCAGCCTGGGCAACAAGAGTGAAACTCCGTATCAAAAATAAATAAATGAATAAATAAAA","GCCCGGCGCAGTAGCTCATGCCTGTAATCCCAGCACTTTGGGAGGCTGAGGTGGGCGGATCACTTGAGGTCAGGAGTTCAAGACCAGCCTGGCCAATATGGTGAAACCCCGTCTCTACTAAAAATACAAAAATTAGCTGGGCGTGGTGGCAGGCGCCTGTAATCCCAGCTACTCAGGAGGCTGAGGCGAAAGAATCTCTTAAACCCAGGAGGTGGAGGTTGCAGTGAGCCGAGATTGGGCCACTGCACTCCAGCCTGGGTAACAAGAGTGAAACTCTGTCTCAAAAAAAAAAAAAAAAAAAAAAAAAA"
"chr1","9947716","9948011","KN296594v1","636925","637224","33","9310791","GGCCAGACACAGTGGCTGACGCCTGTAATCCCAGCATTTTGGGAGGCCAGGTGGGTGAATCACCTGAGGTCAGGAGTTCGAGACCAGCCTGGCCAACATGGTGAAACCCCGTCTCTACTAAAAATACAAAAAATTAGCCAGGCATGGTGGCGGGTGCCTGTACCAGCTACTTAGGAGGCTGAGGCAGGAGAATCACATGAACCCAGGAGGCGGAGGTTGCAGTGAGCTGAGATGGGGCCACTGCACTCCAGCCTAGGCAACAAGAGTAAAACTCTGTCTCAAAAAAAAAAAAAAAA","GGCCAGGCGCAGTGGCTCACGCCTGTAAACCCAGCACTTTGGGAGGCTGAGGTGGGTGGATCACCTGAGGTCAGGAGTTTGAGACCAGCCTGACCAACATGGTGAAACCCCATCTCTACTAAAAATACAAAAAATTAGCCTGGCGTGGTGGCAGGTGCCTGTAATCCCAGCTACTCGGGAGGCTGAGGCAAGAGAATCGCCTGAACCCAGGAGGTGGAGGTTGCAGTGAGCCAAGATTGCACCACTGCACTCCAGCCTGGGCAACGAGAGCAAAACTTTGTCTAAAAAAAAAAAAAAAAA"
"chr1","10132823","10133126","KN297293v1","497776","498076","37","9635047","GGCCGGGCGTGGTGGCTCATGCCTGTAATCCCAGCACTTTGGGAGGGTGAGACGGGCGTATCACCTGAGGTCAGGAGTTCGAGACCAGCCTGGCCAATATGGTGAAACCTCATCTCTACTAAAAATACAAAAAATTTGCCGGACGTGATGGCGGGTGCCTGTAATCCCAGCTATTCGGGAGGCTGAGGCAGGAGAATCACTTGAACCCGGGAGGCGGAGGTTGTAGTGAGCGAGGATCGCGCCACTGCATTCTAGCCTGGGCAACAAGAGTGGAACTCCATCTCAAAAAAAGAAAAGAAAAGAA","GGCTGGGTGCGGTGGCTCACGCCTGTAATCCCAGCACTTTTGGAAGCTGAGGCAGGTGGATCACCTGAAGTCAGGAATTCGAGACCAGCCTGGCCAATATGGCGAAACCCCATCTCTACTAAAAATACAAAAATTAGCTGGGCGTGGTGGTGGGTGCCTGTAATCCCAGCTACTCAGGAGACTGAGGCAGAAAAATCACTTGAACCCGGGAGGCGGAAGTTGCAGTGAGCTGAGATCGCGCCACTGCACTCTAACCTGGGCGACAAGAGTGAAACTCCATCTCAAAAAAAAAAAAAAAAAA"
"chr1","10159082","10159252","KN296290v1","593470","593637","31","9565612","CTAGCCAGGTGTGGTGGCAGGCGCCTGTAATCCCAGCTATTCGGAAGGCTGAGGCGCGAAAATCGCTTCAACCGGAGAAGCGGGGATTGCAGTGAGAAGAGATCGCACCACTGTACTCCTGCATGGGCAACAAGAGTGAAACTCTGTCTCAAAAAAAAAAGAAAAGAAAAA","AGCCAGGCGTGGTGGCAGGCACCTGTAATCCCAGCTACTTGGGAGGCTGAGGCAAGAGAATCGCTTGAACCCAGGAGTTGGAGGTTGCAGTGAGCTGAGATCGTGCCACTGCACTCCAGCCTGGGCAACAAGAGCAAAACTCTGTCTCAAAAAAAAAAAAAGAGAGAA"
"chr1","10159558","10159692","KN295667v1","566495","566629","16","9593063","CTGGGCGCGGTGACTCACGCCTGTAGTCCCAGCACTTTGGGAGGCTGAGGCGGATGGATCACCTGAGGTCAGGAGTCCAAGACGGGCCTGGCCAACATGGTGAAACCCCATCACTACTAAAAATAGAAAAATTGT","GGCTGGGCACAGTGACTCATGCCTGTAGTCCTAGCACTTTGGGAGGCTGAGGCGGATGGATCACCTGAGGTTAGGAGTTCAAGACCGGCCTGGCCAACATGATGAAACCCCGTCTCTACTAAAAATACAAAAGTT"
"chr1","10361975","10362290","KN296883v1","926230","926542","41","9435745","GCCAGATGTGGTGGCTCACGCTTGTAATCCCAGCACTTTGGGAGGCCAAGGAGGGTGGATCACCTGAGGTCAGGAGTTCAAGACCAGCCTGGCCAACATGGTGAAACCCCATCTCTACTAAAAATACAAAAAAAAAATTAAGCTGGGTGTGGTGGCGGGCACCTGTAATCCTACTCAGGAGACTGAGGCAGGAGAATGGCTTGAACCTGGGAGGTGGAGGTTGCGGTGAGCCGATATCATGCCACTGCACTCCAGCCTGGGCCACACAAGAGCAAAACTCCATCTACAAAAAAAAAAAAAACAAGAAAAGAAAAAA","GGCCAGGTGTGGTGGCTCACACCTGTAATCCCAGCACTTTGGGAGGCCAAGGTGGGTGGATCACCTGAGGTCAGGAGTTCGAGACCAGCCTGGCCAACATGGTGAAACCCCATCTCTACTAAAAATATAAAAATCAGCTGGGTGTGGTGGCGGGCACTTGTCATCCCAGCTACTTGGGAGGCTGAGGCAGGAGAATCACTTGAACCTAGGAGGTGGAGGTCGCAGTGAGCCGAGATCACGCTACTGCACTTCAGCCTGGGGGACAAAAGCAAAACTCCATCTCAAAAAAAAAAAAAAAAAAAAAAAAAAAAAA"
"chr1","10370461","10370714","KN295667v1","330237","330497","32","10040224","AGCACTTTGGGAGGCCGAGGCGGGCAGATCACCTGAGGTCAGGAGTTTGAGGCCAGCCTGGCCAACATGGTGAAACCCCGTCTCTACTAAAAATACAAAAATTAGCGGGGCGTGGTGGCGGGCGCCTGTAATCCCAGCTATTTGGGAGGCTGAGACAGGAGAACCGCTTGGACCCAGGAGGCAGAGGTTGCAGTGATCTGAGATCACGCCACCGCACTCCAGCCTGAGCAACAGAGAGCGAAACTGTCTCAAAA","AGCATTTTGGGAGGCCGAGGCGGGCAGACCACCTGAGGTCAGGGATTTGAGACCAGCCTGGCCAACATGGTGAAACCTTGTCTCTACTAAAAATACAGAATTAACTGGGCGTGGTGGCGGGCGCCTGTAATCCCAGCTATTTGGGAGGCCGAGACAGGAGAACCACTTGGACGCAGGAGGTGGAGGTAGCAGCGAGCTGAGGTCATGCCACTGCACTCCAGCCTGGGCAACAAAGAGCGAAACTCCGTCTCAAAAAAAAAA"
"chr1","10375479","10375750","KN295371v1","312819","313104","43","10062660","GGCTCACACCTGTAATTCCAGCACTTTGTGAGGCCGAGGCGGGTGGATCACCTGAGGTCAAGAGTTTGAGACCACCAACATGGCAAAACCCCGTCTCTACTAAAAATACAAAAAATTAGCCAGGCGTGTTGGTGGGCGCCTGTAATCCCAGCTACTCGGGAGGCTGAGGCAGGAGAATCACTTGAACCCAGGAGGCAGAGGTTGCAGTGAGCCGAGATCACGCAACTACACTCCAGCCTGGACCACAAGAGTGAAACTCGTCTCAAAAAAAA","GCGTGGTGGCTCATGCCTGTAATCCCAACACTTTGGGAGGCTGAGGTGGGTGGATCACCTGAGGTCAGGAGTTTGAGACCAGCCTGGCCAACATGGTGAAACCCCCATCTCTACTAAAAATACAAAAAATTAACTGGGCGTGGTGGTGGGTGCCTGTAATCCCAGCTACTCGGGAGGCTGAGACAGGAGAAATGCTTGAACCCAGGAGGCAGAGGTTGCAGTGAGCTGAGACCATGCCACTGCACTCCAGCCTGGGCAACAAGAGTGAAACTTCGTCTCAAAAAAA"
"chr1","10383790","10384086","KN294439v1","300738","301034","30","10083052","GGCTGGGTGTGGTGGCTCACGCTGTAATCCCAGCACTCTGGGAGGCAGAGGCGGGTGGATCACCTGAGGTCAGGAGTTCAAGACCAGCCTGGCCAACATGGTGAAACCCCGTCTCTACTAAAAATACAAAGAATTAGCCAGGCATGGTGGCGGGTGCCTGTAATCCCAGCTACTTGGGAGGCTGAGGTAGGAGAATCGCTTGAACCCAGGAGGCAGAGGTTGCAGTGAGCCAAGATCCCACCACTGCACACCAGCCTGGGGAGCAAGAGCGAAATTCTGTCTACAAAAAAAGAAAAA","GGCCGGGTGCGGTGACTCACGCCTGTAATCCCAGCACTTTGGGAGGCCAAAGCGGGTGGATCACCTGAGGTCAGGAGTTTGTGACCAGCCTGGCCAACATGGTGAAACCCCGTCTCTACTAAAAATACAAAAAATTAGCCAGGCATGGTGGCAGGCGCCTGTAATCCCAGCTACTCGGGCAGCTGAGGCAGCAGAATCGCTTGAACCCGGGAGGTGGAGGTTGCAGTGAGCCAAGATCACGCCACTGCACTCCAGCCTGGGCAACAAGAGCGAAACTCTGTCTCAAAAAAAAAAAAA"
"chr1","10417632","10417906","KN297133v1","1618181","1618455","37","8799451","GGCCGGGCACAGTGGTTCACACCTGTAATCTCAGCACTTTAGGAGGCCAAGGCGGGCAGATCACTTGAGGTCAGGAGTTCAAAACCAGCCTGGCCAACATGGTGAAACTGTCTCTACTAAACATACAAAATTGGCTGGGCGTGGTGGCAGGGGCCTGTAATCCCAGCTGCTCAGGAGGCTGAGGCAGGAGAATCTCCTGAACCTGGGAGGTGGAGGTTGCAATGAGCCGAGATGGAGCCACTGCACTCCAGCCTGGACAACAAGAGTGAAACTCC","GTCGGGCACAGTGGCTCACTCCTGTAATCCCAGCACTTTGGGAAGCCGAGGCTGGCGGATCACCTGAGGTCAGGAGTTCGAGACCAGCCTGGACAACAGGGTGAAACCCTGTCTCTACTAAAAATACGAAAATTAGCCGGGCGTGGTGGCAGGCGCCTGTAATCCCAGCTGCTCAGGAGGCTGAGGCAGGAGAATCACTTGAACCTGGGAGGCGGAGGTTGCAGTGAGCTGTGATCTCGCCACTGCACTCCAGCCTGGGGAATAAGAGTGAGACT"
"chr1","10583798","10584092","KN295708v1","2600644","2600942","29","7983154","GGCCGGGCACGTTGGCTCACGCCTCTAATCCCTGCACTTTGGGAGGCTGAGGCGGGTGGATCACCTGAGGTCAGGAGTTCGAGACCAGCCTGGCCAACATGATGAAACCCTGTCTCTACTAAAAATACAAAAAATTAGCCAGATGTGGTGGCAGGCGCCTGTAATCCCTGCTACTCAGGAGGCTGAGGAAGGAGAATTGCTTGAACCCGGGAGGTGGAGGTTGCAGTGAGCCGAGATCGTGCCACTGCACTCCAGACTGGGCAACAAGAGCGAAACTCTGCCTCAAAAAAACAAA","GGCCGGGCACAGTGGCTCACTCCTGTAATCCCTGCACTTTGGGAGGCTGAGGTCGGTGGATCACCTGAGGTCAGGAGTTCGAGACCATCCTGTCCAACGTAATGAAATCCCCGACTCTACTAAAAATACAAAAAATTAGCCAGACGTGGTGGCGGACGCCTGTAATCCCAGCTACTCAGGAGGCTGAGTTAGGAGAATTGCTTGAATCCAGGAGGTGGAGGTTGCAGTGAGCCTAGATCGTGCCACTGCACTTCAGCCTGGGCAACAAGAGCGAAACTCTGTCTAAAAACAAACAAAAA"
"chr1","10938647","10938953","KN297144v1","369276","369583","38","10569371","GGCCAGGCACAGTGGTCCACGCCTGTAATCCCAGCACTTTGGGAGGCCGAGGTGGGTGGATTACCTCAGGTCAGGATTTCAAAACCAGCCTGGCCTACATGGTGAAACCCCATCTCTACTAAAAACACAAAAAATTAGCCAGGCGTGGTAGCGGGTACCTGTAATCCCAGCTACTTGGAAGGCTGAGGCAGGAGAATCGCTTGAACCCTGGAGATGGAGGTTGCAATGAGCCGAGATCGCACCACTGCACTCCCACCTGGGCAACAAGAGTGAAACTCCATCTCAAAAAAAAAAAAGAAGAAAGAAA","GGCCCGGCACAGTGGCTCACATCTGTAATCCCAGCACTTTGGGAGGCCGAGGTGGGTGGATCACCTGAAGGTCAGGACTTCAAGACCAGCCTGGCCAACATAGTGAAACCCGTCTCTACTAAAAATACAAAAAATTAGCCGGGCGTGGTGGGGGGCACCTGTAATCCCAGCTACTTGGAAGGCTGAGGCAGGAGAATCACTTGAACCCGGGAGGCAGAGGCTGCAGTGAGCTGAGATCACAGCTCTGCAGCTCAGCCTGGGCAACAAGAGTGAAACTCCATCTAAAAAAAAAAAAAGAAAAGAAAAAA"
"chr1","10972899","10973213","KN295077v1","564405","564717","38","10408494","GGCCAGGTGCAGTGGCTTACACCTGTAATCCCAGCATTTTGGGAGGCCGAGGTGGGTGGATCATCTGAGGTCAGGAGTTCGAGACCAGCCTGGCCAACATGGTGAAACCCCGTCTCTACTAAAAATCCAAAAAAAATTAGCCGGGTGTGGTGGCAGGTGCCTGTAGTCCCAGCTACTTGGGAGGGTGAGGCAGGAGAATCACTTGAACCCAGCAGGTGGAGGTTGCAGCAAGCCAAGATCGTGCCACTGTATTCCAGCCTGGGCAACAAGAGTGAAACTCTGTCTCAAAAATAGATAAATAAATAAATAAAAAAA","GGCCAGGTGCCGTGGCTCACGCCTGTAATCCCAGCACTTTGGGAGGCTGAGGTGGATGGATCACCTGAGGTCAGGAGTTCAAGACCAGCCTGGCCAACATGGTGAAACCCTGTCTCTACTAAAAATACAAAAATTAGCCGAGTGTGGTGGCGGGCGTCTGTAATCCCAGCTACTTAGGAGGCTGAGGCAGGAGAATCACTTGAACCCAGGAGGCGGAGGCTGCAGTGAGCCAAGATTGTGCCACTGCATTCCAGCCTGGACAACAAGAGCAAAACTCTGTCTCAAAAAAAAAAAGAAAAAGACAAAAAAAAAA"
"chr1","11011179","11011470","KN294182v1","193047","193344","40","10818132","GGCCGGGTGCAGTGTCACACCTGTAATCCCAGCACTTTGGGAGGCTGAGATGGGTGGATCACCTGAGGTCAGGAGTTTGAGACCAGCCTGGCCAACATGGTGAGACCCTGTCTCTACTACATACACAAAAATTAGCCGGGCATGGTGATGGGCACCTGTAATCCCAGCTACTCGGGAGGCTGAGGCAGGAGAATTGCTTGAACCTGGGAGGCAGAGGTTGCAGTGAGCCAAGTCACACCACTGCACTCTAGCCTGGTCTATAAGCAAAACTCCATCTCAAAAAAAAAGAAGA","GGCTGGGCGCGGTGGCTCACACCTGTAATCCCAGAACTTTGGGAGGCTGAGGCAGGTGGATCACCTGAGGTCAGGAGTTGGAGACCAGCCTGGTCAACATGGTGAAACTCCATCTCTACTAAATATGCAAAAATTAGCCAGGCATGGTGGCAGTCGCCTGTAATCCCAGCTACTCGGGAGGCTGAGACAGGAGAATTGCTTGAACCTGGGTGGCAGAGGTTGCAGTGAGCCAAGATCGTGCCACTGCACTCCAGCCTGGGCAACAAGAGCGAAACTTCATCTCAAAAAAAAAAAAGAA"
"chr1","11059606","11059919","KN296883v1","926230","926542","44","10133376","GCCGGGTGTGGTGGCTCATGCCTGTAATCCCAGCACTTTGGGAGGCTTAGGTGGGTGGATCGCCTGAGGTCAGGCATTCAAGACCAGCCTGGCCAACACAGTGAAACCCCATCTCTATTAAAAATATAAAATATTAGCTAAGTATGGTGGCGGGCGCCTGCAATCCCAGCTACTAGGGAAGCTGAGGCAGGAGAATCTCTTGAACCTGGGAGGTGGAGGTTGCAGTGAGCCGAGATGATGCCGCTGCACTCCAGCCTGTGCAACAAGAGCGAAACTGCATCTCAAAAAACCAAACAAAACAAACAACAAAAAAA","GGCCAGGTGTGGTGGCTCACACCTGTAATCCCAGCACTTTGGGAGGCCAAGGTGGGTGGATCACCTGAGGTCAGGAGTTCGAGACCAGCCTGGCCAACATGGTGAAACCCCATCTCTACTAAAAATATAAAAATCAGCTGGGTGTGGTGGCGGGCACTTGTCATCCCAGCTACTTGGGAGGCTGAGGCAGGAGAATCACTTGAACCTAGGAGGTGGAGGTCGCAGTGAGCCGAGATCACGCTACTGCACTTCAGCCTGGGGGACAAAAGCAAAACTCCATCTCAAAAAAAAAAAAAAAAAAAAAAAAAAAAAA"
"chr1","11095906","11096144","KN294372v1","1341247","1341494","34","9754659","GGTGGGTGGATCACTTGAGGTCAGGAGTTTGAGACCAGCCTGCCCAACATGGTGAAACCCCATCTCTACTAAAAACACAAAAAATTAGCTGGGCGTGCACCTGTAATCCCAGCTACTTGGGAGGCTGAGGCAGGAGAATTGCTTGAACCTGGGAGGCAGAGGTTGCAGTGAGCCAAGATGGAGCCACTGAACTCCAGACTGGGCAATAAGAGCAAAACTGTCTCAAACAAACAAAAAAA","AGGCGGGTGGATCACTTGAAATCAGGAGTTCAAGACCAGCCTGGCCAACATGGCGAAACTCCATCTCTACTAAAAATACAAAAAATTAGCTGGGCGTGGTGGCTGAGGGCTGTAATCCCAGCTACTTGGGAGGCTGAGTCAGGAGAATTGCTTGAACCTGGGAGGCGGAGGTTGCAGTGAGCCAAGATCACACCACTGCACTCCAGCCTGGGCAGCAAGAGCAAAATTTTGTCTCAAAAAAAAAAAAA"
"chr1","11105099","11105401","KN296486v1","163955","164261","34","10941144","GGCTGGGCACGGTGGCTCATGCCTGTAATCCCAGCACTTTGGGAGGCCGAGGTGGGTGGATCACCTGAGATCAGGAGTTTGATACCAGCCTGACCAACATGGTGAAATCCCGTTTCTACTAAAAATGCAAAAATTAGCCGGGTGTGGTGGTGCGTGCCTGTAATCCCAGCTACTCAGGAGGCTGAGGCAGGAGAATCACTGAACCCAGGAGGCAGAGGTTGCAGTGAGCCAAAATCATGCCACTGCACTCCAGCCTGGGCAACAAGAGCGAAACTCTCTCTCAAAAAATAAAAATAAAAAAAA","GGCAGGGCGCGGTGGCTCACGCCTGTAATGCCAGCACTTTGAGAGGCCGCGGTGGGAGGATCACCTGAGGTCAGGAGTTCAAGACCAGCCTGACCAACATGGTGAAACCCCCGTCTCTACTAAAAATACAAAAATTAGCCAGGTGTGGTGGCGGGTGCCTGTAATTCCAGCTACTCAGGAGGCTGAGGCAGGAGAATCGCTTGGACCCAGGAGGCAGAGGTTGCAGTGAGCCAAGATTGTGCCACTGCACTCCAGCCTGGGCAACAAGAGCAAAACTCCGTCTCAAAAAAAAAGGAAAGAGAAGAAA"
"chr1","11158971","11159258","KN294245v1","98484","98770","39","11060487","GGCCAGGCACGGCGGCTCATGCCTGTAATTCCAGAGCTTTGGGAGGCCAAGGTAGGAGGATAACCTGAAGTCAGTAGTTTGAGACCAGGCTGGCCAACATGGTGAAACCCCATCTCTACTAAAAATACAAAAATTAGCCAGGTGTTGTGGCACATGCTTGTAATCCCAGCTACTCGGAAGGCTGAGGCAGGAGAATCACTTGAACCTGGGAAGGTTGCAGTGAGCCAAGATTGTGCCACTGCACTCCAGCCTGGGCAACAAGAGCAAAACTCCATCTCAAAAAAAAAA","GTCGGGCGCGGTGGCTCATGCCTGTAACCCCAGGACTTTAGGAGGCCAAGGCAGGTGGATCACCTGAGGTCAGGAGTTCGAGACTAGTCTGGCCAACATGGTGAAATCCTATCTCTACTAAAAATACAAAATTAGCTGGGTGTGGTGGCACATGCCTGTAATCCCAGTTACTTGGAAGGCTGAGGCAGGAGAATCGCTTGAACCTGGGAGGCAGAGGTTGCAGTGAGCCAAGATGGAGCCACTGCACTCCAGCCTGGGCAACAAGAGCAAAACTCCATTAAAAAAAA"
"chr1","11180102","11180391","KN296096v1","1838666","1838962","52","9341436","CCAGGCATGGTGGCTCACACCTGTAATCCCAAGTTTTTTGGGAGGTGAGGTGGGCGGAACAATCACCTGAGGTCAGGACTTTGAGACCAGCCTGGCCAACATGCTGAAACCCAGTCTCTACTAAAAATACAAAAATTAGCCCGGTGTGGTGACAGGCACTCTGGTCCCAGCTACTAGGGAGGCAGGAGAATCACTGAAACTCAGGAGGTGGAGGTTGCAGTGAGCCGAGATTGCACCACTGTACTCTAGCCTGGGCAACAAGAGTGAAATTCTGCCTCAAAAAAAAAAAA","GGCTGGGCATGGTGGCTCACGCCTGTAATCCCAGCACTTTGGGAGGCTGAGGTGGGTGGATCACCTGAGGTCAGGAGTTTGAGACCAGCCTGGCCAACATGGTGAAACCCTGACTCTACTAAAAGTACAAAAATTAGCCAGGCGTGGTGGTGGGCACCTGTCATCCCAGCTACTCAGGAGACTGAGGCATGAGAATCACTGAACCTGGGAGGTGGAGGTTGCAGTGAGCCGAGATCGCACCACTGCACTCCAGCCTGGGCAGCAAGAGCAAAATTCCATTTCAAAAATAAAAACAAA"
"chr1","11471596","11471902","KN295294v1","849337","849645","38","10622259","GGCCGGTCACGGTGGCTCACGCCTGTAATCCCAGCACTTTGGGAGGCCAACACAGGCAGATCACCCGAGGTCAGGAGTTTGAGATCAGCCTGGCCAACATGGTGAAACCCCGTTTCTACTAAAAATACAAAAAATTAGCCAGGCATGGTGGCAGGTGCCTGTAATCCCAGCTACTTGGGAGGCCGAGGCAGGAGAATTGCTTGTACCCAGGAGGCAGAGGTTGCAGTGAGCCAAGATCATGCCACTGCACTCTAGCCTGGGCAACAAGAGCGAAACATCATCCCAAAAACAAAAACAAAACAAAAAA","GGCCGGGCACTGTGGCTCACGCCTGTAATTCCAGCACTTTGGGAGGCCAAGGCAGGTGGATCACCTGAGGTCAGGAGTTCGAGACCAGCCTGACCAACATAGTGAAACCCCATCTCTACTAAAAATACAAAAATTAGCTGGGCATGGTGGTGGGCGCCTGTAATCCCAGCTACTCCAGAGGCTGAGGCAGGAGAATTGCTTGAACCCAGGAGGCGGAGGTTGCAGTGAGCCGAGATCACGCCACTGCACTCCAGCCTGGGCAACAAGAGTGAAACTCCATCTCCAAAAAAAAAAAAAAAAAAAAGAAAA"
"chr1","11703002","11703307","KN295294v1","849337","849645","36","10853665","GGCCAGGCATGCTGGCTCATGCCTGTAATCCCAGCACTTTGGGAGGCTGAGACGGGTGGATCACCTGAGGTCAGGAGTTTGAGACCAGCCTGGCCAACATGGTGAAACCCCATCTCTACTAAAAATACAAACAGTAACTGGGCGTGGTGATGCTTGCCTATAATCCCAGGTACTCGAGAGGCTGAGGCGGGAGAATCACTTGTACCCAGGAGGCAGAGGTCGCAGTGAGCCGAGATCGCGCCACTGCACTCCAGCCTGGGCAACAAGAGTGAAACTCTGTCTCAAAAGAAAAAAAAAAAAAAAGAA","GGCCGGGCACTGTGGCTCACGCCTGTAATTCCAGCACTTTGGGAGGCCAAGGCAGGTGGATCACCTGAGGTCAGGAGTTCGAGACCAGCCTGACCAACATAGTGAAACCCCATCTCTACTAAAAATACAAAAATTAGCTGGGCATGGTGGTGGGCGCCTGTAATCCCAGCTACTCCAGAGGCTGAGGCAGGAGAATTGCTTGAACCCAGGAGGCGGAGGTTGCAGTGAGCCGAGATCACGCCACTGCACTCCAGCCTGGGCAACAAGAGTGAAACTCCATCTCCAAAAAAAAAAAAAAAAAAAAGAAAA"
"chr1","12076173","12076473","KN294172v1","4261970","4262272","24","7814203","GGTTGGGCGCGGTGGCTCACGCCTGTAATCCCAGCACTTTGGGAGGCCGAGGTGGGCGGATCACCTGAGGTCGGGAGTTCGAGACCAGCCTGACCAACATGGTGAAATCCCATCTCTACTAAAAATACAAAGTTAGCCAGGCGTGGTGGTGGGCACCTGTAATCCCAGCTACTCAGGAGGCTGAGGCAGGAGAATCGCTTGAACCCAGGAGGTGGAGGTTGCAGTGAGCCGAGATTGCACTACTGCACTCCAGCCTGGGCAACATGAGCGAAACTCCGTCTCAAAAAAAAGAAAAGAAAAA","GGCCGGGCGCGGTGGCTCACGCCTGTAATCCCAGCACTTTGGGAGGCCGAGGCAGGTGCATCACCTGAGGTTGGGAGTTCCAGACCAGCCTGACCTACATGGTGAAACCCCATCTCTACTAAAAATACAAAAATTAGCCAGGCGTGGTGGTGGGCACCTGTAATCCCAGCTACTCGGGAGGCTGAGGCAGGAGAATTGCTTGAACCCAGGAGGCGGAGGTTGCAGTGAGCCGAGATTGCACCACTGCACTCCAGCTTGGGCAACAAGAGTGAAACTCCGTCTCAAAAAAATAATAATAATAAA"
"chr1","12169058","12169367","KN297320v1","2011211","2011528","47","10157847","GACCAGGCAGGGTGGCTCACGCCTGTAATCCCAGCACTTTGGGAGGCCAAGGCAGGTGGATCGCCTGAGGTCCAGAGTTTGAGACCAGCCTGGCCAACATGGTGAAACTCTGTCTCTACTCAAAATACAAAAAAAAAAAAATTAGCCGGGTATGGTGGCAGGTGCCTATAATCCCAGCTACTCGGGAGGCTGAGGCAGAAGAATAGCTTGAACCCAGGGTACGGAGGTTGCAGTGAGCTGAAATCACGCCACTTCACTCCAGCCTGGGCAAAAGAGCCAAACTCCATCTCAAAAACAAGCAAAAACAAAA","GGCTGGGCACGGTGGCTCACGCCTGTAATCCCAGCACTTTGGGAGGCCAAGGCGGGTGGATCACCTGAGGTCAGGAGTTCAAGACAAGCCTGGCCAACATGGCGAAACCCCGTCTCTACTAAAAATACAAAAAATACAAAAAACTAGCTTGGCATGGTGGCGGGTGCCTGTAATCCCAGCTACTTGGGAGGCTGAGGCAGGAGAATCGCTTGAACCCAGGAGGCGGAGGTTGCAGTGAGCCGAGATTGCACCACTACACTCTAGCCTGGCAATAAGAGCGAAACTCCATCTCAAAGCAAAAAACAAACAAACAAAAAA"
"chr1","12641899","12642210","KN296849v1","270527","270842","31","12371372","GGCCAGGGGCAGTGGCTCATGCCTGTAATCCCTGCACTTTGGGAGGTGGAGGCAGGTGGATCACCTGAGGTAAGGAGTTCAAGACCAGCTTGGCTAACATGATGAAACCCTGTCTCTACTAAAAATGCAAAAAAGTAGCCGGGTGTGGTAGCGGGCACCTGTAATCCCAGCTACTCAGGAGGCTGAGGCAGGAAAATCACTTGGACTCAGGAGGCGGAGGTTGCAGTGAGCCGAGATCACGCCGCTGCACTCCAGCCTGGGCAACAAGAGCAAAACTCCATCTCAAAGCAACAACAACAACCAAAAAAAAAA","GGCCAGGGGCAGTGGCTCATGCCTGTAATCCCCACACTTTGGGAGGCCGAGGCAAGTGGATCACCTGAGGTCGGGAGTTCAAGACCAGCCTGGCTAATATGATGAAACCCCATCTCTACTAAAAATACAAAAAAGTAGCTGGGCGTGGTGGCGGGCACCTGTAATCCCAGTAACTTGGGAGGCTGAGGCAGAAGAATGACTTGAACCCAGGAGGCGGAGGTTGCAGTGAGCCTAGATCACGCCACTGCACTCCAGCCTGGGCAACAAGAGCAAAACTCCATCTCAAAACAACAACAACAACCAAAAAAAAAAAAAA"
"chr1","12800365","12800705","KN294957v1","64569","64891","67","12735796","GGCCGGGCATGGAGGTTCATGCCTGAAATCCCAGCACTTTCAGAGGCTGAGGTGGGAGGATCACCTGAGGTCAGGACTTCCAGACCAGCCTGGCTAACATGGTGAAACTCTCTGTCTTCTAAAAATACAAAAATTAGCTGTGCATGGTGGCTTGCACCTGTAATTCCAGCTAACTGAGAGGTTGAGGCAGGAGAATCACTTGAACCGGGAGGCTGAGGTTGTAGTGAGCCAAGATTGCACCACTGCACTCCAGCTTGGAAAACAAGAATGAAACTCCATCTAAAAAATTAATAAATAAATACATTATAAATAAATAAATGCTTTAAAGAAAAAGAAATAAA","GGCTGGGTGCGGTGGTTCACGCCTGTAATCCCAGCACTTTGGGAGGCCAAGGTGGGCAGATCACCTAAGGTCAGGAGTTTAACCAGCCTGGCCAACGCGGTGAAACCCCATTTCTACTAAAAATACAAAAATTAGCTGGGCGTGGTGGCAGGCACCTGTAATCCCAGCTACTCAGGAGGCTAAGGCAGGAGAATTGCTTGAACGCGGGAGGCAGAGGTTGCAGTGAGCCAAGATTGCGCCACTGCACTCCAGCCTGGGCAACAAGAGGGAAACTCCATCTCAATAAATAAATAAATAAATAAATAAATAAATAAATAAATAAA"
"chr1","13766874","13767185","KN295480v1","2450587","2450900","38","11316287","GGCCGGGCGCAATGGTTCGCGCTTGTAATCCCAGCACTTTGGGAGGCTGAGGCGGGTGGATCACCTGAGGTCAGGAGTTCAAGACCAGCCTGGCCAACATGGTGAAACCCCATCTCTACTAAAAACACAAAATTAGCCGGGCCTGGTGGCGTATACCTGTAATCCCAGCTACTCAGGAGACTGAGGCATGAGAATTGCTTGAACCCGGGAGGCGGAGGTTGCAATGAGCCGAGATTGCTCCACTGCACTCCAGCCTGGGCAAAAAGAGTGAAACTCTGTCTCAAAAAAAGAAAGAAAAAAGAAAAAAGAAAA","GGCCAGGCGCAGTGGCTCACGCCCGTAATCCCAGCACTTTGGGAGGCTGAAGCAGGTGGATCACCTGAAGTCAGGAATTCAAGACCAGCCTGGCCAACATGGTGAAACCCCGTCTCTAGTAAAAATACAAAAAATTAGCCAGGCCTGGTGGTTCACGCCTGTAATCCCAGCTACTCAGGAGGCTGAGGCAGGAGAATTGCTTGAACCCGGGAGGCGGAGGTTACAGTGAGCCAAGATCCTGCCACTGCACTCCAGCTTGGGCAACAAGAGCGAAACTCCATCTCAAAAAAAAGAAGGAAAAGAAAAAAAGAAAA"
"chr1","14346833","14347125","KN296508v1","1861452","1861744","37","12485381","GGCCAGGCATGGTGGCTCACACTTGTAATCCTAGCACTTTGGGAGGCCGAGGTGGGCGGATCACCTGAGGTCAGGAGTTCGAGACCAGCCTGGCCAACATGGCAAAACTCCATCTCTACCAAAAATACAAAAATTAGCTGGGTATGGTGCCACGTGCCTGTAATCCCAGCTACTTGAGAGGCTGAGGCAGGAGAATCACTTGAACCCGAGAGGCAGAAGTTGCAGTTAGCTGAGATTACACCACTGCCCTCCAGCCTGGGCAACAAGAGTGAAACTCCATCTACAAAAAAAAA","GGCCAGGCGCGGTGGTTCATGCCTGTAATCCCAGCACTTTGGGAGGCCGAGGTGGGTGGATCACCTGAGGTAAGGAGTTCGAGACCAGCCTGGCTAACATGGTGAAACCCCATTTCTACTAAAAATACAAAAAATTAGCTGGGCATGGTGGCACACGCCTGTAATCCCAGCTACTTGGGAGGCTGAGGCAGGAGAATGGCTTGAACCCAGGAGGCAGAGGTTGCAGTGAGCTGAGATCATGCCACTGCACTGCAGCTTGGGCAACAAGAGCAAAACTCCGTCTCAAAAAAAAA"
"chr1","14416445","14416602","KN296516v1","50755","50899","30","14365690","TGGCAGGTGCCTATAATCCCAGCTACTCAGGAGGCTGAGGCAGGAGAATCGCCTGAATCTGGGAGGCGGAGGTTGCTGTGAGTCAAGATCGCGCCACTGCCCTCCAGCCTGGGCAACAAGAGTGAAACTCTGTCTCAAAAAAAAAAAAAAGACANANA","GTGCCTGTAATCCCAGCTACTCTGGGGGCTGAGGTAGGAGAATCACCTGAACCCAGGAGGCAGAGGCTGCAGTGAGCCAAGATCTCACCACTGCACTCCAGCCTGGGCAACAAGAGTGAAACTCAGTCTCAAAACAAAAAGAAAA"
"chr1","14784814","14785114","KN295470v1","49643","49945","43","14735171","CGGGCGTGGTGGCTCATGCCTGTAATCCCAGCATTTTGGGAGGCTGAGGCAGGTGGATCACCTCAGGTCAGGAGTTCAAGACCAGCCTGGCCAACATGGTGAAACCCCATCTCTAATAAAAATACAAAAAGTAGCTGAGCGTGGTAGGCGGGCACCTGTAAAAATCCCAGCTACTTGGAGGCTGAGATGGGAGAATTGCTTGAACCCGAGAGGTGGAGGTTGCAGTGAGACGGAGATTGCGCCACTGCACTCCAGCCAGGGCAACAAAGAGCAAAACTCCATCTACAAAAAAAAAAAAAAA","GACTGGGCACGGTGGCTCATGCCTGTAATCCCAGCACTCTGGGAGGCTGAGGCAGGTGGATTACCTGAGGTCAGGAGTTCGAGACCAGCCTGGCCAACATGGTGAAACCCTGTCTCTACAAAAAATACAAAAATTAGCTGGGCATGGTGGTGGGCGCCTGTAATCCCAGCTGCTCGGGAGGCTGAGACCAGAGAATGACTTGAACCCGGGAGGTGGAGGTTGCAGTGAGCTGAGATCACACCACTGCACTCCAGTCTGGGCAACAAAGAGCAAAACTCCATCTCAAAAAAAAAAAAAAAAAAA"
"chr1","14868520","14868817","KN295666v1","599906","600199","32","14268614","GGCCGGGCGCGGTGCCTCACGCCTGTAATCCCAGCACTTTGGGAGGCCGAGACGGGCGGATCATCTGAGGTCAGGAGTTCGAGACCAGCCTGGCCAACACGGTGAAACCTCGTCTCTACTAAAAATACAAAAATTAGCTGGGTATGGTTGTGTGCACCTGTAATCCCAGCTACTCGGGAGGCTGAGGCAGGAGAATTGCTTGAACTTGGGAGGCGGAGGTTGCAGTGAGCCGAGATTGTGCCACTGCACTGTAGCCTGGGCAGCAAGAGTGAAACACCGTAATTTTAAAAAAAAAAAA","GGCCGGGCGCGGTGGCTCACGCCTGTAATCCCAGCACTTTGGGAGGCCGAGGCGGGCAGATCACCTGAGGTCAGGAGTTCGAGACCAGCCTGGCCAACATGGTGAAACCCCATCTCAACCAAAAATACAAAAATTAGCTGGGTGTGGTGGTGGGTGCCTGTAATCCCAGCTACTAAGGAAGCTGAGGCAGGAGAATTGCTTGAACCCGGAAGATGGAGGTTGCAGTGAGCCGAGATTGTGCCACTGCACTCTAGCCTGGGCAACAAGAGCGAAACTCCGTCTGAAAAAAAAAAA"
"chr1","15075491","15075616","KN294229v1","305428","305560","23","14770063","AGACAGGAGAATTTCTTGAACCCGGGAGGCGGAGGTTGCAGAGAGCCAAGATTGCGCCACCGCACTCCAGCCTTGTCAACAAGAGTGAAACTCTGTCTCAAAAAGAAAGAAAGAAAAAAAAAAGAA","AGGCTGAAGCACGAGAATTGCTTGAACCTGGGAGGCAGAGGTTGCAGTAAGCCAAGATAGTGCCACTGCCCTCCAGCCTGGGCAACAAGAGTTAAACTCTGTCTCAAAAAAAAAAAAAGAAAAAAAAGAAAAA"
"chr1","15078487","15078785","KN295596v1","1653699","1653998","38","13424788","GGCCGGATGCGGTGGCTCACGCCTGTAATCCCAACACTTTGGGAGGCCAAGGCAGGCGAATCACCTGAGTTCAGGAGTTCGAGACCAGCCTAGCCAAAATGGAGAAACCCCATCTCTACTAAAACTACAAAAATTGGCCAGGCGTGGTGGTGGACACCTGTAATCCTAGCTACTTGGGAGGCTGAGGCAGGAGAATCACTGGAACCCGGGAGACAGAGGTTGCAGTGAACCAAGATCGCGCCACTGCACTCCAGCCTGGGCAACAAGAGGGAAACTCCATCTACAAAAAAAAAAAAAAA","GGCCAGACGCAGAGGCTCACGCCTGTAATCCCAGCACTTTGGGAGGCTGAGGCAGGTGGATCAACTGAGGTCAGGAGTTCAAGACCAGCCTGGTCAAGATGGCAAAACCCCATCTCTACTAAAAGTACAAAAATTAGCCAGGCGTAGTGGTGTTCGCCTGTAATCCCAGCTACTTGGGAGGCTGAGGCAGGAGAATTGCTTGAACGCAGGAGGCAGAGGTTGCAGTGAGCCGAGATTGCACCACTGCACTCCAGCCTGGGCAACAAGAGCAAAACTCCATCTCAAAAAAAAAAAAAAAAA"
"chr1","15306324","15306620","KN296518v1","311574","311873","36","14994750","GGCTGGGTGCAGTGGCTCACACCTATAATCCTAGCACTTTGGGAGGCCGAGGCGGGTTGATCATCTGAGGTCAGGAGTTCAAGACCAGCCTGGCCAACATGGCAAAACCCCATCTCTACTAAAAATACAAAAATTAGCTGGACGTTGTGGCGAGTGCCTGTAATCCCAGCTATTCGGGAGGCTGAGGAAGGAGAATAGCTTGAACCTGGAAGGCAGAGGTTGCAGTGAGCCGAGACCATACCACTGTACTCCAGTCTGGGCAATAAGAGCGAAACTCCATCTCAACAAATAAATAAA","GGCCGGGCGCAGTGGCTCACGCCTGTAATCCTAGCGCTTTGAGAGACCAAGGCGGGTGGATCATCTGAGGTCAGGAGTTCAAGACCAGTCTGGCCAACGTGGCAAAACCCCATCTCTACTAAAAATACAAAAATTAGCTGGATGTGGTGGCGGGCACCTGTAATCCCATTTATTTAGGAGGCTGAGGCGGGAGAATCACTTGAACCTGGGAGGCAGAGGTTGCAGTGAACCGAGACCACACCACTGCACTCCAGTCTGGACAATAAGAGTGAAACTCCATCTCAATAAACAAACAAACAA"
"chr1","15585691","15585981","KN294457v1","1018677","1018971","33","14567014","CCGGGTGCAGTGGCTCACGCCTTTAATCCCAGCACTTTGGGAGACTAAGGTGGGTGGATGACCTGAGGTCAGAAGTTCGAGACCAGCCTGGCCAACATGATGAAACCCCGTCTCTACTAAAAAAATAAAAAATTAGCTGGGTGTGGTAGTGGGTGTCTGTAATCCCAGCTACTCGGGAGGCTGAGGCAGGAGAATCGCTTGAACCAGGGAGGTGGAGGTTGCAGTGAGCCGAGATCGTGCCACTGCACTCCAGCCTGGGCAACAAGAGCGAAACTCCATCTCAAAAAAAGA","GGCCAGGTGCAGTGGCTCACGCCTGTAATCCCAGCACTTTGGGACGCTGAGGTGGGTGGATCACCTGAGGTCAGGAGTTCAAGACCAGCCTGGCCAACATGGTGAAACCCTGTCTCTACTAAAAATACAAAAATTAGCTGGCCGCGGTGGTGGGCGCCTGTGATCCCAGCTACTTGGGAGGCTGAGGCAAGAGAATCGCTTGAACCTGGGAGGCAGAGGTTGCAGTGAGCCGAGATCGTGCCACTGTACTCCAGCCTGGGCAACAAGAGTGAAACTCCATCTCAAACAAAACAAA"
"chr1","15685461","15685769","KN295294v1","849337","849645","36","14836124","GCCAGGTGCGGTGACTCACGTCTGTAATCCCAGCACTTTGGGAGGCCGAGATGGGTGGATCATCTGAGGTCAGGAGTTCGAGACCAGCCTGGCCAACATGGTGAAACCCCATCTCTACCAAAAATACAAAAATTAGCTGGGCGTGGTGGAGTGTGCCTAGATCCCAGCTATTCAGGAGGCTGAGGCAGGAGAATCGCTTGAACCCGGGAGGCGGAGGTTGCAGTGAGCTGAGATCACACCACTGCACTCTAGCCTGGGCAACAAGAGTGAAACTCCATCTCAAAAAAAACAAAACAAAACAAAACAAAA","GGCCGGGCACTGTGGCTCACGCCTGTAATTCCAGCACTTTGGGAGGCCAAGGCAGGTGGATCACCTGAGGTCAGGAGTTCGAGACCAGCCTGACCAACATAGTGAAACCCCATCTCTACTAAAAATACAAAAATTAGCTGGGCATGGTGGTGGGCGCCTGTAATCCCAGCTACTCCAGAGGCTGAGGCAGGAGAATTGCTTGAACCCAGGAGGCGGAGGTTGCAGTGAGCCGAGATCACGCCACTGCACTCCAGCCTGGGCAACAAGAGTGAAACTCCATCTCCAAAAAAAAAAAAAAAAAAAAGAAAA"
"chr1","15830844","15831152","KN294181v1","1418383","1418694","34","14412461","CCAGGCGCGGTGGCTCATGCCTGTAATCCCAACACTTTGGGAGGCCGAGGCGGGCGGATCACCTGAGGTCAGGAGTTCGAGACCAGCCTGACCAATATGATGAAACCCCGTCTCTACTAAAAATACAAAAATTAGCCGGGCGTGGTGGCGGGCGCCTATAATCCCAGCTACTTGGGAGGCTGAGACAGAAGAATTGCTTGAACCCAGGAGGCGGAGGTTGCAGTGAGCCAAGATTGTGCCACTGTATTCCAAGCCTGGGCAAGAAGAGCAAAACTCCGTCTCAAAACAAAACAAAACAATAAAAACAAA","GCCAGGCGCGGTGGCTCATGCCTGCAATCCCAGCACTTTGGGAGGCCAAGACGGGCGGATCACCTGAGGTCAGGAGTTCGAGACCAGCCTGACCAATATAATGAAACCCCGTCTCTACTAAAAATACAAAAGTTAGCCAGGTGTGGTGGCATGCGCCTGTAGTCTCAGCTACTCGGGAGGCTGAGACAGAAGAATTGCTTAAACCCGGGAGGCAGAGGTTGCAGTGAGCCAAGATCGCACCACTGCACTCCGGCCTGGGCAACAAGAGCAAAACTCTGTCTCAAAAAAAAAAAAAAAAAAAAACAACCAAAA"
"chr1","16218154","16218448","KN296732v1","139891","140190","49","16078263","CTGTAATCCCAGCACTTTGGGAGACCGAGGTGGGTGGGTCACCTGAGGCCAGGAGTTTGAGACCAGCCTGGCCAACGTAGTGAAACCCTGTCTCTACGAAAAATACAAAAAAAAAAAAACTAGCCAGGCCTGGTGTCCGGTGCCAGTAATCACAGCTACTCAGGAGGCTGAGGCAGGAGAATCACTTGAACCTGGGAGGTAGAGGCTGCAGTGAGCTGAGATCGTGCCACTGCACTCCAGCCTGGGCAACAAGAATGAGACTCCATCTCAAAAGAAAAAAAAAAAAGAAACAAAA","CCTGTAATCCCAGCACTTTGGGAGACCAAGCTGGGCGGATCACTTGAGGTCAGGAGTTCGAAACCAGCCTGGTCAACATGGTGAAACCCTGTCTCTACTAAAAATGCAAAAATGCAAAAAATTAGCCAGGCACGGCTAATTAGCGGGGGCCTGCAGTCCCAGCTACTCAGGAGGCTGAGGCAGGAGAATTGCTTGAGCCTGGGAGGCAGAAGTTGCAATGAGCCAAGGTCATGCCACTGCACTCCAGCCTGGGCAACAAGAGCAAGACTCCATCTCAAAAAAAAAAAAAAAAAAAAAAAA"
"chr1","16431587","16431811","KN295523v1","3140974","3141195","47","13290613","CTAGCCTCGGCGACAGAGTGAGACTCCGTCTCAAAAATAAATAAAATAAAAATATAAACAATTAGCCAGGTATGGTGGCAGGCACCTGTAATCCCAGCTACTCAGGAGGCTGAGGCAGGAGAATCACTTGAACCCGGGAGGCGGAGGTTGCAGTGAGTCAAGATCTTGCCACTGTACTCCAGCCTAGGCAACAAGAGCGAAACTCTGTCTCAAAAAAAACAAAAA","TCGAGACCAGCCTGGCCAACATGGTGAAACCCCATCTCTACTAAAAATCCAAAAAAATTAGCCGGGTGCAGTGGCAGGTGCCTGTAATCCCAGCTACTGAGGAGGCTGAGGCAGGAGAATCGCTTAAAGCCGGGAGGCGGAGGTTGCAGTGAGCCAATATCGTGCCACTGCACTCCAGCTTAGGCAACAAGAGCGAAACTCCGTCTTAAAAAAAAAAAAGAA"
"chr1","16958128","16958439","KN294416v1","5965","6274","34","16952163","CCAGGCATCGTGGCTCATGCCTGTAATCCCAGCACTTTGGGAGGCCAAGGTGGGTGGATCACCTGACATCAGGAGTTCGAGACCAGCCTGGCCCACATGGTGAAACCCTGTCTCTACTAAAAATACAAAAAAATTAGCCAGGTGTGGTGGCGGGCATCTGTAATCCCAGCTACTTGGGAGGCTGAGTCAGGAGAATTACTTGAACCCGGGAGGCGGAGGTTGCAGTGAGCCGAGATTGCGCCACTGCACTCCAGCCTGGGCAACAAGAGTGAAACTCCATCTCAAAAAGTAAATAAATAAATAAAATAAAAA","CCGGGCATAGTGGCTCATGCCTGTAAATCCCAGCACTTTGGGAGGCCGAGGCAGGTGGATCACTTGAGGTCAGGAGTTCAAGACCAGCCTGGCCAACATGGTGAAACCCTGTCTCTACTAAAAATACAAAAATTAGCCTGATGTGGTGGCGGGCGCCTGTAATCCCAGCTACTTGGGAGGCTGAGGCAGGAGACTTGCTTGATCCTGGGAGGTGGAGGTTGCAGTGAGCAGAGATCATGCCACTGCACTCCAGCCTGGGGAAAAGAGTGAAATTCCATCTCAAAAATGAATAAATAAATAAAAACAAAAA"
"chr1","17376006","17376295","KN297044v1","447248","447534","20","16928758","GGCCAGGTGTGGTGGCTCACGCCTGTAATCCCAGCACTTTGGAAGGCTGAGACGGGCAGATCACCTGAGGTCGGGAGTTTGAGACCAGCCTGGCCAACATGGTGAAACGCTGTCTCTACTAAAAATACAAAAATTAGCCAGGTGTGGTGGCAGGTGCCTGTAATCTCAGGTTCTCAGGAGGCTGAGGCTGGAGAATCGCTTGAACCCAGGTGGTGGAGGTTGTAGTAAGCTGAGATTGTCCCACTGCATTACAGCCTGGGCAACAAGAACAAAACTCCATTGCAAAAAAA","GGCCGGGTGTGGTGGCTCACGCCTGTAATCCCAGCACTTTGGAAGCCTGAGATGGGCAGATCACCTGAGGTCGGGAGTTCGAGACCAGCCTGGCCAACGTGGCAAAACTCTGTCTTTACTAAAAATACAAAAATTAGCCGGGTGTGGTGGCAGGTGCCTGCGATCTCAGGTTCTCAGGAGGCTGAGGCTGGAGAATCGCTTGAACCCAGGAGGTGGAGGTTGTAAGCTGAGATTGTCCTACTGCATTCCGGCCTGGGCAACAAGAACAAAACTCCATTGCAAAGAAA"
"chr1","17465719","17466018","KN294457v1","1018677","1018971","38","16447042","GGCCAGGTGCGGTGGCTCACGCCTGTCATCCCAGCACTTTGGGAAGCCAAGGTGGGTGGATCACCCGAGGTCAGGAGTGCAAGACTAGCTTGGCCAACATGGTGAAACCCTGTCTCTACTAAAAATACAAAAATTAGCTGGGGATGGTGGTGTGCCCCTGTAATCCCAGCTACTTGGGAGGCTGAGGCAGGAGAATCGCTTGAACCTGGGAGGTGGAGGTTACAGTGAGCTGAGATCACAACACTGCACTCAAAAATGGGCAACAAGAGCGAAACTCCATCTCAAAAAAAAAAAAGAGAA","GGCCAGGTGCAGTGGCTCACGCCTGTAATCCCAGCACTTTGGGACGCTGAGGTGGGTGGATCACCTGAGGTCAGGAGTTCAAGACCAGCCTGGCCAACATGGTGAAACCCTGTCTCTACTAAAAATACAAAAATTAGCTGGCCGCGGTGGTGGGCGCCTGTGATCCCAGCTACTTGGGAGGCTGAGGCAAGAGAATCGCTTGAACCTGGGAGGCAGAGGTTGCAGTGAGCCGAGATCGTGCCACTGTACTCCAGCCTGGGCAACAAGAGTGAAACTCCATCTCAAACAAAACAAA"
"chr1","17530650","17530947","KN297044v1","607727","608033","33","16922923","GGCCAGGTGCGGTGGCTCACATCTGTAATCTCAGCACTTTGGAATGCCGAAGTGAGTGGATCACCTGAGGTCAGGAGTTCAAGACCAGCCTGGCCAACATGGTGAAACCCCATCTCTACTAAAAATACAAAAATTAGCCGAGCATGGTGGCAGGCGCCTGTAATCCCAGCTACTCGGGAGCCTGAGGCAGGAGAATTGCTTGAACCTGGGAGGTGGAGGTCACAGTGAGCCAAGATCGTCACACTGCACTCCAGCCTAGGCAACAAGAGCAAGATTGCGTCTCAAAAAAAAAAAAAGA","GACCAAGTGCGGTGGCTCACATCTGTAATCCCAGCATTTTGGAAGGCCGAGGCGGGTGGATCACCTGAGGTCAGGAGTTCAAGACCAGCCTGGCCAACATGGTGAAACCCCATCTCTACTAAAAATACGAAAATTAGCTGGGCGTGGTGGCAGGTGCCTGTAGTCCCAGCTACTCAGGAGGCTGAGGCAGAGAATCGCTTGAACCTGGGAGGCAGAGGTCACAGTGAGCCGAGATCGTCCCACTGCACTCCAGCCTAGGCAACAAGAGCAAGATTGCGTCTCAGAAAAAAAAAAAAAAAAAAAAAAA"
"chr1","17591363","17591662","KN295102v1","291073","291373","34","17300290","GGCCGGGCGCGGTGCCTCACGCCTATAATCCCTGCACTTTGGGAGGCCGAGGTGGGTGGATCACCTGAGGTTAGGAGCTCAAGACCAGCCTGGCCAACATGATGAAACCCCATCTCTACTAAAAATACAAAAAATTAGCTCGGTGTGGTGGCACACACCTGTAATCCCAGCTACTCAGGAGGCTAGGCAGGAGAATCACTTGAACCCAGGAGGCAAAGGTTGCAGTGAGCCGAGATGGCGCCACCGCAACTCCAGCCTGGGCAACAAGAGCAAAACTGTCTCAGAAAAAAAAAAAAAAAA","GGCCAGTCGTAGTAGCACATGCCTATAATCCCTGCACTTTGGGAGGCTGAGGTGGGTGGATCACCTGAGGTCAGGAGTTCAAGACCAGCCTGGCCAACATGATGAAACCCCATCTCTACTAAAAATACAAAAAATTAGCTGGGCGTGGTGGCACATGCCTGTAATCCCAGCTACTCAGGAGGCTGAGGCAGGAGAATCGCTTGGAACCCGGCAGGCGGAGTTTGCAGTGAGCCAAGATCGCGCCACTGCACTTCAGCCTGGGCAACAATAGCAAAACTCCATCTCAAAAAAAAAAAAAAAA"
"chr1","18083352","18083655","KN295244v1","318312","318607","40","17765040","GGCTGGGCACAGTGACTCACGCCTGTAATCCCAGCACTTTGGGAGGCCGAGGCGGGTGGATCACCTGAGGTCAGGAGTTTGAGACCAGCCTGGCCAACATGGTGAAACCTGGTCTCTACTAAAAAAAATACAAGAATTAGCTGGGCATGGTAGCAGGCACCTGTAATCCCAGCTACTCAGGAGGCTGAGGCAGGAGAATCGCTTGAACTCGGGAGGCAGAGGTTGCAGTGAGCCGAAATCGTGCCACTGCACTCTAGCCTGCCAACAAGGACAAGACGCTGTCTTAACAACAACAACAACAAAA","GGCTGGGCACGGTGGCTCATGCCTGTAATCCCAACACTTTGGGAGGCCAAGGTGGGTGGATCACCTGAGTTCAGGAGTTCGAGACCAGCCTGGCCAACATGGTGAAACCCTGTCTCTATTAAAAATACAAAAATTAGCCAAGCATGGTGGCAGGCGCCTGTAATCCCAGCTACTCAGGAGGCTGAGGTAGGAGAATTGCTTGAACCTGGGAGGCAGAGGTTGCAGTGAGCCGAGATCATGCCTCTGCACTCCAGCCTGGGCAACAAGAGCAAGACTCTGTCTCAAAAAAAAAAAAA"
"chr1","18609605","18609904","KN294292v1","269090","269388","38","18340515","GGCTGGGCGTGGTGGCTCACGCCTGTAATCCCAGCACCTTGGGAGGCTGAGGCGGGCAGATCACCTGAGGTCAGGAGTTAGAGAACAGCCTAGCCAACATGGTAAAACCCAAACTCTACTAAAAATACAAAACTAGCCGGGCGTGGGGGCGCATGCCTGTAATCCCAGCTACTTGGGAGGCTGAGGCATGAGAATTGCTTGAACCTGGGAGGCAGAGGTTGCAGTGAGCCGAGATCATGCCACTGCACTCCAACCTGGGCAACAAGAACAAAACCCAGTCTCACAAAAGAAAAAAAAAAA","GGTTGGGCACAGTGGCTCACACCTGTAATCCCAGCACTTTGGGAGGCTGAGGCAGGTGGGTCACCTGAGGTCAGGAGTTCGAGATCAGCCTGGCCAACATGGTGAAACCCTATCTCTACCAAAAATACAAAATTATTCAGGCGTGGTGGCCCATGCCTGTAATCCCAGCTACTTGGGAGGCTGAGGCAGGAGAATCGCTTGAACCCAGGAGGCAGAGGTTGCAGTGAGCCAAGATCACGCCACTGCACTCCAGCCTAGGCAACAAGAACAAAACTCTGCCGCAAGAAAAAAAAAAAAAA"
"chr1","19301521","19301823","KN294821v1","89447","89748","39","19212074","GGCCAGGTGCGGTGGCACACGCCTGTAATCCCAACACTTTGGGAGGCTGAGGTGGGCAGATCACCTGAGGTCAGAAGTTCAAGACCAGCCTGGCCAACACGTTGAAATGGTGTCTCTACTAAAAATAACAAAAATTAGCTGGGTGTAGTGGCAGGCGTCTGTAATCCCAGCTACTCAGGAGGCTGAGGCAGGAGAATCTGTTGAACTTGGGAGGCGGAGGTTGCAGTGAGCCGAGATTACACCACTGCACTCCAGCCTGGGAAATAGGAGTGAAACTCCATCTCAAAAAAGAAAAAAAAAAAA","GACCGGGTGTGGTGGCTCACACCTGTAATCCCAGCACTTTGGGAGGCTGAGGCGGGCAGATCACCTGAGGTCAGGAGTTCAAGACCAGCCTGGCCAACATGGTGAAACCACATCTCTACTAAAAGCACAAAAATTAGCTGGGTGTAGTGGCAGGCGCCTGTAATCCCAGCTACTCAGGAGGCTGAGGAAGGAGAATTGCGTGAACCCGGGAGGTGGAGGTTGCAGTGAGCAGAGATCGCACCACTGCAATCCAGCCTGGGCAACAAGAGAGAGACTCCGTCTCAAAAAAAAATAAGAAAAAA"
"chr1","19370831","19371142","KN295573v1","1295388","1295699","45","18075443","GGCCGGGTGCGGTGGCTCATGCCTATAATCCCGGCACTTTGGGAGGCCGAGGCCGGCAGATCACCTGAGGTCAGGAGTTCGAGACCAGTCTGGCCAGCATGATGAATCCCATTTCTACTAAAAATACAAAAATTAGCCAGGCATGGTGGCAGGTGCTTGTAATCCCAGTTACTCAGGAGGCTGAGACAGGAGAATTGCTTGAACCCGGGAGGCAGAGGTTATAGTGCATTGAGATGGCGCCACTGCACTCCAGCCTGGGCAAAAAGAGCGAGACTCCATCTCAAAAGAAACAACAACAACAAACAAACAGAA","GCCGGGTGTGGTGGCTCACGCCTGTAACCCCAGCACTTTGGGAGGTCAAGGCGGGTAGATCACCTGAGGCCAGGAGTTTGAGACCAGCCTGGACAACATGGTGAAACCCTGTCTCTACTAAAAATACAAAAATTAGCCAGGCGTGGTGGTGGGTGCCTGTAATCCCAGCTACTCAGGAGGCTGAGGCAGGAGAATCGCTTGAACCTGGGAGGCAGAGGTTGCAGTGAGCTGAGATGGCGCCACCGCACTCCAGCCTGGGCAAATAGAGCGAAACTCTGTCTCAAAAAGAAAAACAGAACAAAACAAAACAAA"
"chr1","19462607","19462918","KN294443v1","739291","739598","35","18723316","GGCTGGGCGTGGTGGCTCACGCCTGTAATCCCAGCACTTTGGGAGGCTGAGGCGAGCGGATCACCTGAGGTCAGGAGTTAAAGACCAGCCTGCCCAACATGGCGAAACCCCGTCTCTACTAAAAGTACAAAAAATTAGCCAGGCTTGGTGGCAGGCACCTGTAATCCCAGCTACTTGGGAGGCTGAGGCAGGAGAATCACTTGAACCCGGGAGGTGGAGGTTGCAGTGAGCTGAGATCACACCACTGCACTCCAGCCTGGGCAACAAGAGTGAAACTCCGTCTCAAAATTAAGCAAACAAACCAAAACAAAA","GGCCGGGCGAGGTGGCTCACGCCTGTAATCCCAGCACTTTGGGAGGCCGAGGCGGGTGGATCACCTGAGGTCAGGAATTCAAGACAAGCCTTGCCAACATGGCGAAACCCCGTCTCTACTAAAAATACAAAAATTAGCCGAGCGTGGTGGCGGGCGCTTGTAATTCCAGCTACTCGGGAGGCTGAGGCAGGAGAATCGCTTGAACCCGGGAGGCGGGGGTTGCAGTGAGCAGAGATGGCACCACTGCACTCCAGCCTGGGCAACAAGAGCGAAACTCCGTCTCAAAAAAAAAAAAAAAAAAAAAAAAA"
"chr1","19697064","19697078","KN294970v1","643129","643145","5","19053935","GAAAAAGATAAGGAA","AAAACAAGTATAAAAAA"
"chr1","19697135","19697246","KN295294v1","2522966","2523073","19","17174169","GGGAGGCTGAGGCAGGACAATCGCTTGAACCTGGGAGGCGGAGGTTGCAGTGAGCTAAGATCGCACCACTGTACTCCAGCCTGGGCAACAAGAGCAAGACTCCATCTCAAAA","GGGAGGCTGAGGCAGGAGAATCACTTGAACCCAGGAGGCAGAGGTTGCGGTGAGCCAAGATCATGCCACTGCACTCCAGACTGGGCAACAAGAGCAAAACTCTGTCTC"
"chr1","19771480","19771783","KN295667v1","2471597","2471899","35","17299883","GGTTGGGCACGGTGTCTCACGCTTGTAATCCCAGCACTTTGGGAGGCCGGGGCGGGTGGATCACCTGAGGTCAGGAGTTCAAGACCAGCCTGGCCAACATGGTGAAATCCTGTCTCTACTAAAAATACAAAAAATAGCCGGGCGTGGTCGTGGGCACCTATAGTCCCAGCTACTCAGGAGGCTGAGGCAGGAGAATCACTTGAACCCGGGAGGCAGAGGTTGGGGTGAGCCAAGATTGCACGACTGAACTCCAGCCTGGGCAACAAGAGCGAAACTCCATCTCAAAACAAAAACAAAAACAAAA","GCAGGGTGCGGTGGCTCACGCTTGTAATCCCAGCACTTTGGGAGGCTGAGGCGGGTGGATCGCCTGAGGTCAGGAGTTCAGGACCAGCCTGGCCAACATAGTGAAACCCTGTCTCTACTAAAAATACAAAAATTAGCCGGGCAAGGTGGCAGGTGCCTGTAATCCTAGCTACTCAGGAGGCTGAGGCAGGAGAATCACTTGAACCCAGGAGGCGGAGGTTTTGGTGAGCCAAGGTTGCACCGCTGTACTCCAGCCTGGGCAACAAGAGAGAGACTCTGTCTCAAAACAAAAACAAAAACAAAA"
"chr1","20146155","20146458","KN297227v1","1013431","1013731","33","19132724","GCCGGGCGCAGTGGCTTACGCCTGTAATCCCAGCACTTTGGGAGGCCAAGACAGGTGGATCACCTGAGGTCAGGAGTTTGAGACCAGCCTGGCCAACATGATGAAACCCCATCTCTACTAAAAATACAAAAAATTAGCCAGGCATGGTGGTGGACGCCTGTAATCCCAGCTACTTGGGAGACTGAGGCAGGAGAATTGCTTGAACCCTGGAGGAGGAGGTGGCAGTGAGCCGAGATTATGCCACTGCACTCCAGCCTGGGCAACAAGAGCGAAACTTCATCTTAAAATTAAAAAAAGAAGAAGA","GGCCAGGCACAGTGGCTCACGCCTATAATCCCAGCACTTCGGGAGGCCAAGGCAGGTGGATCATTTGAGGTCATGAGTTGGAGACCAGCCTGGCCAACATGGTGAAACCCCATCTCTACTAAAAATACAAAAATTAGCCGGGCGTGGTGGTGGGTGCCTGTATTTCCAGCTACTTGGGAGGCTGAGGCAGGAGAATTGCTTGAACCCAGGAGGTGGAGGTTGCAGTGAGCCGAGATTGAGCCACTGCACTCCAGCCTGGGCAACAAGAGCAAAACTCCATCTAAAAAAAAAAAAAAAAAAA"
"chr1","20362383","20362681","KN297159v1","3458145","3458443","37","16904238","GGCCAGCTGCAGTGGCTCACGCCTATAATCCCAACACTTTGGGAGGCCAAGGCAGGTGGATCACCTGAGGTCAGGAGTTCGAGACCAGCCTGGTCAACATGGTGAAATCCCATCTCTACTAAAAATACAAGAAATTAACCAGGCATGGTGACAGACACCTGTAATCCCAGCTACTTGGGAGGCTAAGGCAGGAGAATCACTTAAACTGGGGAGGCGGAGGTTGCAGTGAGCCGAGATCATGCCACTACGGTCCAACCTGGGCAACAAGAGCAAAACTCCATCTAAAAAAAAATAATAAA","GGCCAGGCGCAGTGGCTCATGCCTATAATCTCAACACTCTGGGAGGCCGAGCCAGGTGGATAACCTGAGGTCAGGAATTCGAGACCAGCCTGGCCAACATGGTGAAACCCCATCTCTACTAAAAATATAAAAATTAGCCGGGCATGGTGGCACACACCTGTAATCCCAGTTACTCGGGAGGCTAAGGCAGGAGAATTGCTTGAATCAGGGAGGCGGAGGTTGCAGTGAGCCAAGATCGCGCCACTGCACTCCAGCCTAGGCAACAAGAGCAAAACTCCATCTCCAAAAAAAAAGAAAAA"
"chr1","20615025","20615336","KN294172v1","2441614","2441913","46","18173411","GGCCACACACAGTGGCTCACACCTATAATCCTAGCACTTTGGGAGGCCGAGGCAGGTAGATCACTCCTGACTTGAGGTCAGGAATTCGAGACCAGCCTCTCCAACATAGCAAAACCCTGTCCCTACTAAAAATACAAAAAATCAGCCAGGCGTGGTGGTGCGTGCCTGTAATCCCAGCTACTCAGGAGGTTGAGGCAGGAGAATCGCTTGAACCCAGGAGGCAGAGGTTGCAGGTGAGCTGAGATTACGCCACTGCACTCCAGCCTGGGCAACAAAAGTGAAGCTCCATCACAAAAAATAAAATAAAATAAA","GGCCGAGCACAGTGGCTCACACCTGTAATCCCAGCACTTTGGGAGGCCAAGGCGGGTGGATCACCTGAGGTCAGGAGTTCGAGACCAGCCTGGCCAACATGATAAAATCCTGTCTCTACTAAAATTACAAAAATATTAGCCAGGCATGGTGGTGTGTGCCTGTAATCCCAGCTACTCAGGAGGCTGAGGCAGGAGAATCATTTGAACCCCAGAGGCAGAGGTTGCAGTGAGCTGAGATCATGCCACTGCACTCCAGCTGGGCAACAAGAGGGAAACTCCATCTCAGAAAAAAAAAAAAAA"
"chr1","20727954","20728257","KN296743v1","245342","245652","34","20482612","GGCCGGGTGCGGTGGCTCACACCTGTATTCCCATCACTTGGGAGGCCAAGGCAGGCAGATCACCTGAGGTCAGGAGTTCGAGACTAGCTTGGCCAACATGGTGAAACCCTGTCTCTACTAAAAATACAAAAATTAGCTGGGCGTGGTGGTGGGCGCCTGTAATCCCAGCTACTTGAGAGGCTGAGGCAGGAGAATCGCTTAAACCCAGGAGGTGGAGATTGCAGTGAGCTGAGATCCCATCACTGCACTCCAGCCTGGGCAACAAGAGCAAGACTCCGTCTACAAAAAAAAAAAAAAAAAAAAA","GGCCGGGCGCAGTGGCTCACGCCTGTAATCCCAGCACTTTGGGAGGCCGAGGCAGGCGGATCACCTGAAGTCAGGAGTTCAAGACTAGCCTGGCCAACATGGTGAAACCCTGTCTCTACTAAAAATACAAAAATTAGCTGGGCGTGGTGGCAGGCGCCTGTAATCCCAGCCACTTGGGAGGCTGAGGCAGGAGAATCACTTGAACCCTGGAGGCGGAGGTTGCAGTGAGCCGAGATCGTACCACTGCACTCCAGCCTGGGCAATAAGAGCAAAACTCCATCTCAAAAAAAAAAGAAAAAAAAGAAACAAAA"
"chr1","20803028","20803275","KN297416v1","71048","71290","34","20731980","AGACCGAGGCATGCAGATCACCCGAGGTCAGGAGTTTGAGACCAGCCTGGCCAACATGGTGAAACCCCGTCTCTACTAAAACTACAAAATTAGCTGGGCGTGGTGGCGCACGCCTGTAATCCCAGCTACTTGGGAGGCTGAGGCAGGAGAATCACTTGAACCCATGAGGCGGTGGTTGCAATGAGCCGAGATCATGCCACTGCACTCCAGCCTGGGCAAAAAGAGCAAAACTCCATTTAAAAAAAAAA","AGGCAGACGGATCACCTGAGGTCAGGAGTTTGAGACCAGCCTGGCCAACATGGTGAAACCCCATCTCTACTAAAAATACAAAAATTAGCCAGGCATGGTGGCAGGAGCCTGTAGTGCCAGCTACTTGGGAGGCTGAGGCAGGAGAATCACTTGAACCCGGAAGGCGGAGGTTGCAGTGAGCCGAGATCGTGCCACTACACTCCAGTCTGGGCAACAAGAGAGAAATTCCATCTCAAAAAAAAA"
"chr1","20945048","20945356","KN296673v1","14244","14552","39","20930804","GGCCAGGTGTTATGGCTCATGCCTGTAATCCCAGCACTCTGGGAGGCCAAGGCAGACAGATCACCAGAGGTCAAGAGTTCGAGACCAGCCTGGCCAACATGATGAAACCCCGTCTCTACCAAAAATACAAAAATTAGCCAGGAGTGGTGGCAGGTGCCTGTTAATTCCAGCTATTCGGGAGGCTGAGGCAGGAGAATTGCTTGAACCCAGGAGGTGGAGGTTGCAGTGAGCCGAGGTCGCGCCACTGCACTCCAGCCTAGGCAACAAGAGCAAGGCTCCGTCTCAAAAACAAGCAAACAAAGAAACAAA","GGCCGGTCACAGTGGCTCACGCCTGTAATCCCAGCACTTTGTGAGGCTGAGGCAGGGGGATCACCTGAGGGCAGGAGTTCGAGACCAGCCTGGCCAACATGATGAAACCCTTTCTCTACTAAAAATACGAAAATGAGCCGGGTGTGGTGGCAGGTGCCTATAATCCCAGCTACTCGGGAGGCTGAGGCAGGAGAATTGCTTGAACCCAGGAGGCGGAGGTTGCAGTGAGCCGAGATGGCACCACTGCACTCCAGCCTGAGGAACAAGAGCGAGACTCCGTCTCAAAAATCAAACAAACAAACAAAAAAA"
"chr1","21218162","21218450","KN294592v1","1365380","1365673","46","19852782","GGCCGGGTGTGATTGCTTACGCCTGTAATCCCAGCACTTTGGGAGGCCGAGGCGGGTGGATCACCTGAGTTCGCCAACATGGTGAAACCCCATCTCTACTAAAAATACAAAAAATTGCCAGACATGGTGGCAGGCACCTGTAAGCTCAGCTACTTGGGAGGCTGAGGCAGGAGAATCGCTTGAACCCAGGAGGTGGAGGTTGCAATGAGCCAAGATCATGCCACTACACTCCAGCCTGGGCAACAAGAATGAAACTCTGTCTCAATAAATAAATAAATAAATAAATAAA","GGCCGGGCACAGTGGCCCACGCCTGTAATCCCAGCACTTTGGGAGGCTGAGGCGGGCGGATCACCTGAGCAGCTTGGCCAACATGGTGAAACCCCATGCCCACTAAAACTACAAAAAAATTAGCCAGGTGTGGTGGCGGGCACCTGTAATCCCAGATACTTGGGAGGCTGAGGCAGGAGAATAGCTTGAACCGGGGAGGCAGAGGTGGCAGTGAGCCAAGATCCCGCCACTGCACTCCAGCCTGGGCGACAAGAGTGAAACTCCGTCTCAAAAAATAAAATAAAAATAAAAAAA"
"chr1","21314854","21315159","KN295708v1","975967","976273","30","20338887","GGCCAGGTGCAGTGGCTCACGCCTGTAATCCCAGCACTTTGGGAGGCCGAGGTGGGTGGATCACCTGAGGTCAGGAGTTCCAGACCAGCCTGGCCAACATGGTGAAACCATGTCTCTACTAAGAATACAAAAAATTAGCCGGGCATGGTGGCGGGCGCCTGTGATCCCAGCTACTCAGGAGGTTGAGGCAGGAGAATCGCTTGAACCTGGGAGATGGAGGTTGCAGTGAGCTGAGGTCACTCCACTGCACTCCAGCCTGAGCAACAAGAGCGAACCTCCAACTCGAAAAAAAAAAAAAAGAAAGAA","GCCGGGTGCGGTGGCTCAAGCCTGTAATCCCAGCACTTTGGGAGGCCGAAGTGGGTGGATCACCTGAGGTCAGGAGTTCAAGACCAGCCTGGCCAACATGGTGAAACCCTGTCTCTACTAAAAATACAAAAAATTAGCCGGGCTTGGTGGCAGGCGCCTGTGATCCCAGCTACTCAGGAGGCTGAGGCAGGAGAATGGCGTGTACCTGGGAGGCAGAGGTTGCAGTGAGCTGACGTCACTCCACTGCACTCCAGCCTGGGCAACAAGAGTGAAACTCCATCTCAAACAAACAAACAATCAAAAAAGA"
"chr1","21352639","21352934","KN297133v1","262973","263267","35","21089666","GGCCGGGCGTGGTGGCTCACACCTGTCATCCCAGCACTTTGGGAGTCCGAGGCGGGTGGATCACCTGAGGCCAGGAGTTCGAGACTAGCCTGGCCAACGTGGGGAAACCCCATCTCTACTAAAAATACAAAAATTAGCTGGACGTGGTGGTGGGCACCTATAATCCCAGCTACTTGGGAAGCTGAGGAAGGAGAATCGCTAGAACCTGGGAGGCGGAGGTTGTGGTGAGCTGAGATTGCGCCACTGCACTCCAGCCTGGGCAACAAGGGCAAAACTCTGTCTCAAAAAAAAAAAAA","GCCGGGCGCGGTGGCTCATGCCTGTAATCCCAGCACTTTGGGAAGCCAAGGCGGGTGGATCACCTGAGGTCAGGAGTTCGAGACCAGCCTGGCCAAAGTGGTGAAACCCCGTCTCTACTAAAAATACAAAAATTAGCTGGGTGTAGTAGTGGGCGCCTGTAGTCCCAGCTACTCGGGAGGCTGAGGCAGGAGAATCCCTTGAACCCGGGAGGCAGAGGTTGTGGTGAGCCGAGATGGTGCTACTGCACTCCAGCCTGGGCGACAAGAGGGAAACTCTGTCTCAAAAAAAAAAAAA"
"chr1","22024824","22025126","KN295708v1","1461378","1461681","35","20563446","GGCTGGGTGCGGTGGCTCATGCCTATAATCGCAGCACTTTGGGAGACTGGGGCAGACAGAACACCTGAGGACAGGAGTTTGAGACCAGCCTGGCCAACATGGGGAAACCCTGTCTCTACTAAAAATACAAAAACTAGCCGGGTGTGTTGGCAGGCACCTGTAATCCCACTGCTTGGGAGGCTGAAGGGGGAGAATCACTTGAACCTGGGAGGCAGAGATTACAGTGAGCTGAGATTGCACCACTGTACTCCAGCTGGGCAACAAGAGTGAAACTCCATCTCAAAAAACAAACAAAAAAAAGAA","GGCTGGGTGCGGTGGCTCATGCCTATAATCGCAGCACTTTGGGAGACTGAGGCAGGTGGATCATCTGAGGTCAAGAGTTTGAGACCAGCTTGGCCAACGTGGTGAAACCCTGTCTCTGCTAAAAATACAAAAACTAGCCGGGCGTGGTGGCGGGTGCCTGTAATCTCACTACTTGGGAGGCTGAAGTGGGAGAATTGCTTGAACCCGGGAAGTGGAGGTTACAGTGAGCTGAGATTGCGCCGCTGTACTCCAGCCTGGGCAACAACAGTGAAACTCCATCTTAACAAACAAACAAACAAAACAA"
"chr1","22034589","22034888","KN295708v1","1471221","1471525","30","20563368","GGCCGGGCGCAGTGGCTCACGCCTGTAATCCCAGCACTTTGGGAGGCTGAGGTGGGTGGATCACTTGAGGTCAGGAGTTCAAGACCAGCTTGGCCAACCTGGTGAAACCCCATCTCTACTAAAAATACGAAAATTAGCCAGGCGTGGTGGCGGGCGCCTATAATCCCAGCTACTCAGGAGGCTGAGGCAGGAGAATCACTTGAACCTGGGAAGCAGGGTTGCAGTGAGCTGAGACCGCACCACTGTACTCCATTGTGGGCAACAAGACTGAAACTCCGTCTCAAAAAAAAAAAAAAAAAA","GGCGGGGCGCAGTGGCTCACGCCTGTAATCCCAGCACTTTGGGAGGCTAAGGTGGGTGGATCACTTGAGGTCAGGAGTTCAAGACCAGCCTGACCAACATGGTGAAACCCCATCTCTACTAAAAATACAAAAATTAGCCGGTCGTGGTGGCGGGCGCCTATAATCCCAGCTACTCAGGGGGCTGAGGCAGGAGAATCACTTGAACCTGGGAAGCAGAGGTTGCAGTGAGCCAGGATTGTGCCACTGCACTACAGCCTGGGCAGCAAGAGCGAAACTCTGTCTCAAAAAAAAAGAAAAGAAAAGAA"
"chr1","22060416","22060727","KN296096v1","2223591","2223902","33","19836825","GGCCGGGCACGGTGGCTCACGCCTGTAGTCCCTGCACTTTGGGAGGCAGAGGCAGGCGGATCACCTGAGGTCAGGAGTTTGAGACTAGCCTGGCCAACATGGTGAAACCCCATCTCTACCAAAAATACAAAAATTATCTGGGCGTGGTGGCGTGCGCCTGTAATCCCAGCTACCCTGGAGGCTGAGGCAGGAGAATCGCTTGAACCCAGAAGGCAGAGGTTGCAGTGAGCCAAGATTGCGACACTGCACTCCAGCCTGGGCAACAAGAGCAAAACTCCATCTCAAAAAATAAATAAATAAATAAAATAAAAA","GGCCGGGCATGGTGGCTCACACCTGTAATCCCAGCACTTTGGGAGGCCGAGGCAGGTGGATCACCTGAGGTCAGGAGTTGGAGACCAGCCTGGCCAACATGGTGAAACCTCATCCCCACTAAAAATACAAAAAATTAGCTGGGCGTGGTGGCAGGCGCCTGTAATCCCAGCTACTCGGGAGGCGGAGGCAGGAGAATCGCTTGAAGCCGGAAGGCGGAGGTCGCAGTGAGCCAAGATCGTGCCACTGCACTCCAGCCTGGGCAACAAAAGCAAAACTCCATCTCAAAAAAAAAAAAGAAAGAAAAAAAGAAA"
"chr1","22141267","22141560","KN297159v1","2958759","2959053","36","19182508","GGCTGGGCGCGGTGGCTCACGCCTGTAATCCCAGCACTTCGGGAGGCCGAGGTGGGCAGATCACCTGAGGTGAGGAGCTCGAGACCAGCCTGGCCAACATGGTGAAACTCCGTGTCTACTAAAAATACAAAATTAGCCAGGCACGATGGCAGGTGCCTGTAATCCCAGTTACTCTGGAGACTGAGGTAGGAGAATCGCTTGAACCCGGGAGGCGGAGGTTGAAGTGAGCTGAGATTGCCACCACTGCACTCCAGCCTGGGCAAAAAGAGCAAAACTCCATCTCAAAAAAAAAAA","GGCTGGGAGCAGTGGCCCACGCCTGTAATCCCAACACTTTGGGAGGCCGAGGCAGGCAGATCACCTGAGGCCAGGAGTTTGAGACCAGCCTGGCCAACATGGTGAAACTCCGTCTCTACTAAAAATACAAAAATTAGCCAGGCGTAGTGGTGGGCACCTGAAATCCCAGCTACTTGGGAGGCTGAGGCAGGAGAATCGCTTGAACCCGGGAGGCGGAGGTTGTGGTGAGCTGAGATCGCGCCACTGCACTCCAGCCTGGACAATAAGAGCAGAACTCCATCTCAAAAAAAAAAGA"
"chr1","22582834","22583106","KN294761v1","1769883","1770150","35","20812951","AGCATTTTGGGAGGCCGAGGCAGGCGGATCACCTGAGGTCAGGAGTTCGAGACCAGCCTGGCCAACATGGTGAAACCCCCGTCTCTACTAAAAATAGAAAAATTACCTGGGCATGGTGGCAGGTGCCTGTAATCCCAGTTACTCAGGATGCTGAGGCAGGAGAATCGCTTGAACCTGGGAGGCGGAGGTTGGAGTGAGCTGAGATCACGCCACTGCACTCCAGCCTGGGCAACAAGAGCGAGACTCCGTCTCAAAAAAAAAAAAAAAGAGAAA","CTTTGGGAGGCCAAGGCAGGTGGATCACCTGAGGTCAGGAGTTCGAGACCAGGCCTGACCAATATGATGAAATCCCATCTCTACTAAAAATACAAAAATTAGCCAGGCATGGTGGCATGTGCCTGTAATCCCAGCTACTCGGGAGGCTGAGACAGGAGAATCGCTTGAACCTGGAAGGCGGAGGTTGCAGTGAGCCAAGATCATGCCACTGCACTCCAGCCTGGGCAACAAGAGCAAAACTCTGTCTCAGAAAAATAAATAAATAAAA"
"chr1","22584288","22584559","KN297403v1","3928","4192","49","22580360","TGGGAGGCCGAGGCAGGTGGATCATCTGGGATCAGGAGTTCGGGACCAGCCTGGCCAACATGGTGACATCCTGTATCTACTAAAAATAGAAGAGAAAAAAAATTAGCAGGGCGTGGTGGCGCGCGCCTGTAATCCCAGCTACTTGGGAGGCTGAGGCAGGAGAATCGCTTGAACCTGGGAGGCGGAGGCTGCAGTGGGGCGAGATCGCGCCGCTACACTCCAGCCTGGGAAACAAGAGCGAATCTCCCATCTCAAAAAAAAAAAAGAAAAAA","TGGGAGGCCGAGGCGGGTGGATCACCTGAGGTCAGGAGTTCGACACCAGCCTGGCCAACATGGCAAAACCCCATCTCTACTAAAAATATACAAAATTAGCTGGGTGTGGTGGTGGGTGCCTGTAATCCCAGCTACTCAGGAGGCTGAGGCAGGAGAATCGCTTGAAACAGGGAGGCAGAGGTTGCAGTAATCCGAGACTGTGCCACTGCACTCCAACCTGGGCAACAAGAGTGAAACTCCATCTCAAAAAAAAAAAAAAAAAAAA"
"chr1","22851871","22852168","KN294662v1","177705","178001","32","22674166","GCTGGGCGCGGTGGCTCACACCTGTAATCCCAGCACTTTGGGAGGCCGAGGCAGGTGGATCGCCTGAGGTCAGAGTTTGAGACCAGCCTGACCAACATAGTGAAACCCCATCTCTACTAAAATATACAAAAATTAGCCGGGCATGGTGGCAGGCATCTGTAATCCCAGCTACTCAGGGAGGCTGAGGCAGGAAAATCTCTTGAACCCGGGAGGCAGAGGTTGCAGTGAGCCGAGATTGCACCACTGCAGTCCAGCCTGGGCAACAAGAGCAATACTCTGTCTACAAAAAAAAAAGAAA","GGCTGGGCACGGTGGCTCATGCCTGTAATCCCAGCACTTTGGGAGGCCGAGACAGGTGGATCACCTGAGGTCAGGAGTTGGAAACCAGCCTGGCCAACATGGTGAAACCCATCTCTACTAAAAATACAAAAAATTAGCCGGGCATGGTGACATGCACCTGTAATCCTAGCTGCTGGGGAGGCTGAGGCAGGAGAATCACTTGACTCTGGAGGCAGAGGTTGCAGTGAGCCGAGATTGCACCACTGCACTCCAGCCTGGGAAACAAGAGCAAAACTCTGTCTCAAAAAAAAAAAAAAA"
"chr1","23093701","23094011","KN294266v1","416253","416561","32","22677448","GGCCGGGCATGGTGGCTCATGCCTGTAATCTTAGCACTTTGGGAAGCCAAGGCGGGCGGATCACCTGAGGTCAGGAGTTCAAGACCAGCCTGGCCAACATGGTGAAACCCTGTCTCTACTAAAAATACAAAAATTAGCTGGGCATGGTGGCGGGCACCTGTAATCCCAGCTACTTGGGAGGCTGAGGCAGGAGAATCACTTGAACCCAGGAGGCGGAAGTTGCAGTGAGCCAAGATCTCGCCACTGTACTCCAGCCCAGGCAACAAGAGCGAAACTCCGTCTCAAAAAAACAAAAAAACAACAAAAAAAAA","GGCTGGGCACGGTGGCTCATGCCTGTAATCTCAGCACTTTGGGAGGCCGAGGCAGGTGGAACACCTGAGGTCAGGAGTTCAAGACCAGCCTGGCCAACATGGTGAAACCCTATCTACTAAAAATACAAAAATTAGCTGGGCGTGGTGGTGGGCACCTGTAATCCCAACTACTTGGGTGGCTGAGGCAGGAGAATCACTTGAACCCAGCAGGCAGAGGTTGCAGTGAGCCGAGACTGCACCACTGCACTCCAGCCTGGGCAACAAGAGCAAAACTCTATCTCAAATAAACAAACAACAACAACAAAAAAA"
"chr1","23154979","23155278","KN295708v1","2600644","2600942","27","20554335","GGCTGGGCACAGTGGCTCACTCCTGTAATCCCTGCACTTTGGGAGGCCAAGGCGGGTGGATCACCTGAGGTCAGGAGTTCGAGACCAGCCTGGCCAACATGATAAAACCCCCGTTTCTACTAAAAATACAAAAAATTAGCCGGGCGTGGTGGCGGGCGCCTGTAATCCCAGCTACTCAGGAGGCTGAGTTAGGGAGAATTGCTTGAACCCGGGAGGCAGAGGTTGCAGTGAGCCGAGATCGTGCCACTGCACTTCAGCCTGGGCAACAAGAGCGAAACTGTCTAAAAGCAAACAAAAAAA","GGCCGGGCACAGTGGCTCACTCCTGTAATCCCTGCACTTTGGGAGGCTGAGGTCGGTGGATCACCTGAGGTCAGGAGTTCGAGACCATCCTGTCCAACGTAATGAAATCCCCGACTCTACTAAAAATACAAAAAATTAGCCAGACGTGGTGGCGGACGCCTGTAATCCCAGCTACTCAGGAGGCTGAGTTAGGAGAATTGCTTGAATCCAGGAGGTGGAGGTTGCAGTGAGCCTAGATCGTGCCACTGCACTTCAGCCTGGGCAACAAGAGCGAAACTCTGTCTAAAAACAAACAAAAA"
"chr1","23182710","23182977","KN295708v1","2629360","2629621","27","20553350","TTTGGGAGGTTGAGGCAGGTGGATCACCTGAGGTCAGGAGTTCGAGACAAGCCTGGCCAACATGGTGGAAACCCCGTCTCTACTAAAAATACAAAAAATTAGCCAGGCATGGGAGCGGGTGCCTGTAATCCCAGCTACTCGGGAGGCTGAGGCAGGAGAATCGCTTGAACCCAGGAGGTAGAGGTTGCAGTGAGCCGAGATCGCACCACTACACTCCAGCCTGGGCAATAAGAGCGAAACTTCGTCTCAAAAAAAAAAAAGAAAAGAA","TTTGGGAGGTTGAGGCGGGTGGATCACCTGAGGTCAGGAGTTCGAGTCAAACCTGACCAGCGATGGTGAAACCCTGTCTGTACTAAAAATACAAAAAATTAGCCAGGCATGGTGGCATGTGCCTGTAATCCCAGCTACTTGGGAGGCTGAGGCAGGAGAATCGCTTGAACCCAGGAGGCGGAGGTTGCAGTGAGCCAAGATCTCACCACTACACTCCAGCCTGGGCAATAAGAGCAAAACTTCGTTTCAAAAAGAAAGAAAA"
"chr1","23209736","23209974","KN297416v1","71048","71290","31","23138688","GGCGGATCACCTCAGGTCAGGAGTTCGAGACCAGCCTGGCCAACAATGGTGAAACCCCATCTCTACTAAAAATACAAAATTAGCCTGGCGTGGTGGCGCATGCCTGTAGTCTCAGCTGCTTGGGAGACTGAGGCAAGAGAATCGCTTGAACCCAGGAGGCGGAGGTTGCAGTGAGCCGAGATCACGCCACTGCACTGCAGCCTGGGCAACAAGAGCAAAACTCCATCTCAAAAAAAAAA","AGGCAGACGGATCACCTGAGGTCAGGAGTTTGAGACCAGCCTGGCCAACATGGTGAAACCCCATCTCTACTAAAAATACAAAAATTAGCCAGGCATGGTGGCAGGAGCCTGTAGTGCCAGCTACTTGGGAGGCTGAGGCAGGAGAATCACTTGAACCCGGAAGGCGGAGGTTGCAGTGAGCCGAGATCGTGCCACTACACTCCAGTCTGGGCAACAAGAGAGAAATTCCATCTCAAAAAAAAA"
"chr1","23331061","23331359","KN295708v1","2738759","2739048","38","20592302","GGCCAGGAACGGTGGCCCACACTTGTAATCCTAGCACTTTGGGAGGTCGAGGCGGGTGGATCACCTGAGGCTAGGAGTTCGAGACCAGCCTGGCCAACGTGGCAAAACCCTGTCTCTACTAAAAATACAAAAAGTAGCCGGGCATGGTGGTGGGCGCCTGTAATCCCAGCTACTCGGTAGGCTGAAGCAGGAGAATCACTTGAACCCAGGGGGCAGAGGTTGCAGTGAGCCCAGATTGTGTCACTCCACTCCAGCCTGGACAAGAGTGAAACTGTGTCTCAAAAAAATAAAGAAAGAAA","GGCCAGGCACGGTGGCCCACGCTTGTAATCCTAGCACTTTGGGAGGTCGAGGCGGGTGGATCACCTGAGGCTAGGAGTTCAAGACCAGTCTGGCCAACATGGCAAAACCCTGTCTCTACTACTAAAAATACAAAAAATTAGCTGGGCATGGTGGTGGGCGCCTGTAATCCCAGCTACTCGGGAGGCTGAAGCAGGCGATTCGCTTGAACCCAGGGGGCAGAGGTTGCTGTGATCCGAGATTGCGTCACTCCACTCCAGCGTGGGCAGGAGCGAAACTCCGTCTCAAAAAA"
"chr1","23337905","23338209","KN295523v1","556214","556518","38","22781691","GCCAGACGCAGTGGCTCATGCCTGTAATCCCAACACTTTGGGAAGCCAAGGCAGGCGGATTACTTGAGGTCAGGAGTTCGAGACCAGCCTGGCCAACATGGTGAAACCCCTGTCTCTACTAAAAATACAAAAATTAGCTGGGCATGGTGGCATGCGCCTGTAGTTCCAGCTACTCGGGAGGCTGAGACAGAAGAATCGCTTGAACCCAAGAGGTGGAGGTTGCAGTGAGCCAAGATCAAGCCACTGCACTCCAGCATGGGCAACAAGGGTAAAATTCCGTCTCAAAAAACAAAAACAAAAACAAA","GGCCAGGTGCAGTGGCTCATGCCTGTAATCCCAGCACTTTGGGAGGCCGAGGCAGGTGGATCACCTGAGGCCAGGAGTTTGAGACCAGCCTGGCCAACATGGTGAAACCCCGTCTCTACTAAAAATACAAAAATTAGCTGGGCATGGTGGCAGGTGCCTGTAATCCCAACTACTTGGGAGGCTGAGGCAGGAGAATCACTTGAACCTGGGAGGTGGAGGTTGCAGTGAGCCGAGATCACGCCACTGCCCTCCAGCCTGGGAGACAAGAGTGAAAGTCCATCTCAAAAAAACAAACAAACAAAAAA"
"chr1","23513499","23513788","KN295977v1","1257123","1257362","85","22256376","CAGGAGTTCATGACCCGCCTGGCCAACTTGGCACAACCCCGTCTCCACTACAAATAGAAAAATTAGCCAGGCGTGGTGGCAGGCATCTGTAGTCCCAGCTACTNNNNNNNNNNNNNNNNNNNNAGTTACTTGGGAGGCTGAGGCAGAAGAATCGCCTGAACTTAGGAGGTGGAGGTTGCAGTGAGCCGAGATTGCACCACTGCACTCCAGCCTAGGCAACAAGAGCAAAAATTTCCATCTACAAAAAAACAAAAACAAACCAAAAAAACAAAAACAAAAACAAAAAACTT","TCAGGAGTTCAAGGCCAGCCTGGCCAACATGGTGAAACCCTGTCTCTACTAAAAATACAAAAAATTAGCTGGGTGGTGGCGGGCACCTGTAATCCCAGCTACTCGGGAGGCTGAGGCAGGAGAATCCCTTGAACCTGGGAGGTGGAAGTTGCAGTGAGCCGAGATCGCACCACTGGACTCAAGTCTGGGCAACAAGAGCGAAACTCATCTCAAAAAAAGAAAAAGGAAAAAAAAAAAAAA"
"chr1","23513934","23514242","KN296528v1","1485437","1485734","45","22028497","GCCGGGTGTGGAGGCTAACGCCTGTAATCCCAGCACTTTGGGAGGCCAAGGTGGGTGGATAACTTGAGGTCAGGAGTTCGAGACCAGCCTGACCAACATGGTGAAACCCCGTCTCTACTAAAATACAAAATTAGCCAGGTGTGGTGGCACGCACCTGTAATCCCAGCTACTTGGGAGGCTGAGGCAGGAGAATCACTTGAACCCAGGAGGCCGAGGTTGCAGTTTGCTGAGACCGTGTCACTGCACTCCAGCCTGGACAACAAGAGCGAAACTCCATCTCAGGGGAGGGGAAAAAAAAGACAGAATAAA","GCCGGGCGCGGTGGCTCATGCCTGTAATCCCAGCACTTTGGGAAGCTAAGGTGGGTGGATCACCTGAAGTCAGGAGTTCAAGACTAGCCTGACCAACATGGTGAAACCCCATCTCCACTAAAAATACAAAATTAGCTGGGTGTGGTGGCAGATGCCTGTAATCCCAGCTACTTGCGAGGCTAAGGCAGGAGAATAACTTAAACCCAGGAGGCGGAGGTTGCAGTGAGCCAAGATCGTGCCACTGCACTCCAGCCTGGGCAACAAGAGCGAAACTCCATCTCAAAAAAAAAAAAAAAAA"
"chr1","23526074","23526368","KN295077v1","388250","388549","45","23137824","GGCGGGAAGCGGTAGCTCATGCCTGTAATCCCAGCACTTTGGGAGGCCGAGGCGGGTGTATCGGTCAGAAGTTCGAGACCAGCCTGATCAACATGGTGAAACCCTGCCTCTACTAAAAATACAAAAATTAGCCCCGTGTGGTGGCACGTGCCTGTAAACCCACCTACTCCGGAGGCTGAGGCAGAAAAATCGCTTGAACCCGGGAGGCGGAGGTTGCAGTGAGCCAATATCGCACCACTGCACTCCACCCTAGGCAACAACAGCGAAACTCCGTCTTAAAAAAAAAAGAAAGAAA","GGCCTGGCGCGGTGGCTCACGCCTGTAATCCCAGCACTTTGGGAGGCCAAGGCGGGTGGATCACCTGAGGTCAGAAGTTCAAGACCAGCCTGGCCAACATGATGAAACTCTGTCTCCACTAAAAATACAAAAAATTAGCCAGGTGTGGCGGCAGGCGCCTGTAATCCCAGCTACTTGGGAGGCTGAGGCAGGAGAATCGCTTGAACCCAGGAGGCAGAGGTTGCAGTGAGCCAAGATCACGCCACTGCACTCCAACCTAGGCAACAAAAGCAAAACTTTGTCTTAAAAAAAAAAAAAAAA"
"chr1","23621492","23621642","KN294540v1","553911","554067","33","23067581","GATTAGCTGGGCATGGAGGTGGGCACCTGTAATCCCAGCTACTCAGGAGGCTGAGGCATGAGAATGGCTTGAACCTGGGAGGTGGAGGTTGCAGTGAGCTGAGATCGCACCACTGACAACTTAAAAAAAAGAAAAAGAAAGAAAAAGAAAA","TTAGCCAGGCATGGTGGCGGGCACCTGTAATTCCAGCTACTCAGGAGACTGAGGCAGGAGAATTGCTTGAACCCGGGAGGTGGAGGTTGCAGTGAGCTGAGATCGTGCCACTGCACTCCAGCCTGGAGATAAGTGCAAAACTCTGGAAAAAAAAAAA"
"chr1","23621969","23622110","KN296406v1","63290","63430","20","23558679","GGGCGTGGTGGCTCATGCCTGTAATTTCAGCACTTTCAGAGGCTGAGGTGGACAGATCACTTGAGGCCCGAGTTCAAAGACCAGCCTGGCCAACATGGTGAAACTCCATCTCTACTAAAAATACAAAAGTTAGCTGGGTGTC","GGTCGGGAGTGGCTCACGCCTGTAATCTCAGCACTTTGGGAGGCTGAGGTGGGCAGATCACCTGAGGTCAGGAGTTCAAAACCAGCCTGGCCAACATGGTGAAACCCATCTCTACTAAAAGTACAAAAATTAACTGGGCAT"
"chr1","23635453","23635737","KN295441v1","58834","59125","42","23576619","CCGGGCACGGTGGCTAATGCCTGTAATCCCAGCACCTTGGGAGGCCGAAGCGGGTGGATCACTTGAGGTCAGGAGTTTGAGACCAACCTGGCCAACACAATGAAACCCCGTCTCTACTAAAAATACAAAAAATTAGCCAGGTGGTGGGCACCTGTAATCCCAGCTAGTCAGAAGGCTGAGGCAGGAGAATTGCTTGAACCTGGCAGGCAGAGGTTGCAGTGAGCCAAGATTGTGCAACTGCACTCCAGCCTGAGCAACAAGAGCAAAACTTGGTCTCAAAAAAAA","GGCTGGGCGCAGTAGCTCACACCTGTAATCCCAGCACTTTGGGAGGCCTAGGTGGGTGGATCATCTGAGGTCAGGTGTTCGAGACCAGCCTGGCCAACACAGTGAAACCACGTCTCTACTAAAAATACAAAATTAGCCGGGCATGGTGGCGCATGCCTGTAATCCCAGCTACTCAGGAAGGCTGAGGCAGGAGAAATGTTTGAACACGGGAGGCAGAGGTTGCAGTGAGCCGAGATCGTGCCACCGCACTCCAGCCTGGGCAACAAGAGCGAAACTTGGTCTCAAAAAAAAA"
"chr1","23688797","23689110","KN295548v1","1203912","1204221","44","22484885","GGCCTGGCGCGGTGGCTCATGCCTATAATACCAGCACTTTGGGAGGGCGAGGCAGGCAGATCACCTGAGGACAGGAGTTCGAGACCAGCCTGGCCAACATGGTGAAACACCGTCTCTACTAAAAATACAGAAATTCGCTGGGTATGGTGGCAGGCATCTGTAATCCCAGCTAATAGGGAGGCTGAGGAAGGAGAATCATTTGAACCCAGGAGGTGGAGGTTGTAGTGAGGCAAGATCATGCCACTGCACTCTAGCCTGGGCAACAAGAGCGAGACTCGTGTCTCAAAATAAAAATAAATAAATAAACAAACAAA","GGCCGGGCACGGTGGCTCAAGCCTGTAATCCCAGCACTTTGTGAGGCCGAGGCGGGCGGATCATGAGGTCAGGAGTTCAAGACCAGCCTGGCCAACATGGTGAAACCCCGTCTCTACTAAAAACACAAAAATTAGCTGGGTGTAGTGGCAGGCACCTGTAATCCCAGCTACTTGGGAGGCTGAGGCAGGAGAATCGCTTGAACCCGGGAGGTGGAGGTTGTAGTGAGCAGAGATCCTGCCACTGCACTCCAGCCTGAGAAACAAGAGCAAGACTCCATCTCAGAATAGATAAATAAAAATAATAAAAAAA"
"chr1","23772848","23773151","KN294378v1","472867","473166","37","23299981","GGCCAGGCGCAGTGGCTCACGCCTGTAATCCCAGCACTTTGGGAGGCCAAGACGGGTGGATCACCTGAGGTCAGGAGTTCGAGACCAGCCCGGCCAAAATGATGAAACCCCCATCTCTGCTAAAAATACAAAAAATTAGCTGGGCGTGATGGCGGGCACCTGTGATTCCAGCTACTCAGGAGACCAAGGGAGGAGAATCGCTTGAACCCAGGAGGCAGAGGTTGCACTGAGCTGAGATCATGCCACTGTACTCCAGCCTGGGCAACAAGAGTGAAACTCCCTCTCAAAAAAAAAAAAAAAAAAA","GGCCAGGCACGGTGGCTCACTCCTGTAATCCCAGCACTTTGGGAGGCAGAGGTGGATGGATCACCTGAGGTCAGGAGTTCAAGACCAGCCTGGCCAACATGGTGAAACCCCCTCTCTACTAAAAATACAAAAAATTAGCTGGGCGTAGTGGCGGGCACCTGTAATTCCAGCTATTCAGGAGACTGAGGCAGGAGAATCACTTGAACTCGGGAGGTGGAGGTTGCAGTGGGCTGAAATCGTACCACTGCACTCCAGCCTGGGCAACAAGAGTGAAACTCCGTCTCAAAAAAGAAAAAAAAA"
"chr1","23864611","23864673","KN297094v1","75794","75851","11","23788817","CCNCTGCACTCCAGCCTGGACAACAAGAGCAAGAATCCATCTCAAAAAAAGAAAAAAACAGAA","CTGCTATCCAGCCTGGGCAACAAGAGCAAAACTCCATCTCAAAAAAAAAAAAAAAAAA"
"chr1","23910584","23910872","KN295984v1","2500308","2500598","43","21410276","GGCCAGGTGTGGTGGCTTATGCCTGTTCGGAGCACTCTGGGAGGCTGAGATGGGTGGATCACCTGAGGTCCGGAGTTCAAGACCAGACTGGCCAATATGGTGAAACCCTGTCTCTACTAAAATTACAAAAATTAGCCAGGTGTGGTGGCACATGCCTGTAATCCCAGCTGCTTGAGAGGCTGAGGCATGAGAATCGCTTGAAACTAAGAGGCAGGGGTTGCAATGAGCTGAGATCGCGCCACTGCACTCCAGCCTGGGCAACAAGAGTGAAACTGTCAAAAAAAAAAAA","CCAGGTGTGGTGGCTCACGCCTGTAATCCCAGCACTTTGGGAGGCTGAGGCAGGTGGATCACCTGAGGTCAGGAGTTCAAGACTGGCCTGGCCAACATGGTGAAACCCTGTCTCTACTACGAAATACAAAAATTAGCCTGGTGTGGTGGCAGATACCTGTAATCCCAGCTACTCGGGAGGCTGAGACAGGAGAATCACTTGAACCCAGGAGGCGGAGGTTGCAGTGAGCTGAGATGCGCTACTGCATTCCAGCCTGGGCAACAAGAGCGAAACTCTGTCTCAAAAAAAAAA"
"chr1","24009284","24009579","KN295090v1","2881719","2882025","46","21127565","GGCCGGACCCAGTGGCTCACACCTGTAATCCCAACACTTTTGGAGGCTGCTGGAGCACCTGAGGTTAGGAGTTCAAGACCAGCCTGGCCAACATGGTGAAACCCCGTCTCTATTAAAAAAAAATGCAAAAATTAGCCAGGCGTGGTGTTGGGTGCCTGTAGTCCCAGCTACTCGGGAGGCTGAGGCGGGAGAATCGCTTGACCCGTGGAGGTTGCAGTGAGCCAAGATCGCGCCCCTGCACTCCAGCCTGGGCAACAAGAGCAAAACTCTATCTTAAAAAAAAAAAAAAAAAAAAA","GGCTGGGCGCTGTGGCTCACACCTGTAATCCCAGCACTTTGGGAGGCCAAGGTGGGCAGATCACCTGAGGTCAGGAGTTCAAGACCAGCCTGGACAACATGGTGAAACCCCGTCTCTACTAAAAGCACAAAAATTAGCCGGGCGTGGTGGTGGGTGCCTGTAATCCCAGCTAGTCAGGAGGCTGAGGCAGGAGAATCGCTTGAACCCAGGAGGCGGAGGTTGCAGTGAGCCGAGATCGTGCCACTGCACTCCAGCCTGGGCAATAAGAGCAAGACTCCATCTCAAAAAAAAAAAGAAAAAGAAAAGA"
"chr1","24024459","24024763","KN294439v1","300738","301034","41","23723721","GGCCCAGCACGGTGACTCACGCCTGTAATCCGAACACTTTGGGAGGCCGAGGCGGGTGGATCACCTGAGGTCAGGAGTTCGAGACCAGTCTGGCCAACATGGCGAAACCCCGTCTTTACTAAAAATACAAAAATTAGCAGGGTATGGTGGCAGGCACCTGTAATCCCAGTTACTCAGGAGCCTGAGGCAGGAGAATTGCTTGAACCTGGGAAGTGGAGGTTGTAGTGAGCCAAGATCACGCCACTGCACTCCACCCTGGACAACAAGAGCCTGGACAACAAGGCTTCATCTCAAAAAAAAATAAA","GGCCGGGTGCGGTGACTCACGCCTGTAATCCCAGCACTTTGGGAGGCCAAAGCGGGTGGATCACCTGAGGTCAGGAGTTTGTGACCAGCCTGGCCAACATGGTGAAACCCCGTCTCTACTAAAAATACAAAAAATTAGCCAGGCATGGTGGCAGGCGCCTGTAATCCCAGCTACTCGGGCAGCTGAGGCAGCAGAATCGCTTGAACCCGGGAGGTGGAGGTTGCAGTGAGCCAAGATCACGCCACTGCACTCCAGCCTGGGCAACAAGAGCGAAACTCTGTCTCAAAAAAAAAAAAA"
"chr1","24067199","24067261","KN294407v1","726854","726914","10","23340345","CGCGCCACTGCACTCCAGCCTGGGCAACAAGAGTGAGACTCTGTCTCAAAAAAAAAAAAGAAA","TTGCACCACTGCACTCCAGCCTGGGCAACAAGAGTAAACCTCCGTCCAAAAAAAAAAAAAA"
"chr1","24106833","24107133","KN295531v1","74200","74508","32","24032633","GGCCAGGCGCAGTGGCTCATACCCGTAATCCCAGCACTTTGGGAGGCTGAGGCAGGTGGATCACCTGAGGTCAGGAGTTCGAGACCAGCCTGGCCAACATGGTGAAACCCCATCTCTACTAAAAATACAAAATATTAGCTGGGGCTGGTGGCGGATGCCTGTAATCCCAGCTACTCAGGAGGCTGAGGCTGGGGAATCACTTGAACCTGGAAGGCGGAGGTTGCAGTGAGCTGAGGTTGCGCCACTGCACTCCAGCCTAGGCAACAAGAGCGAAACTCTGTCTCAAAAAATAAAAAAAGAA","GGCTGGGCGCAGTGGCTCACACCTGTAATCCCAGCACTTTGGGAGGCTGAGGCAGTTGGATCACCTGAGGTCAGGAGTTCGAGACCAGCCTGGCCAACATGGTGAAACCCCGTTTCTACTAAAAATACAAAAAATTAGCTGGGCATGGTGGCGGATGCCTGAAATCCCAGCTACTCAGGAGGCTGAGGCAGGAGAATCACTTGAACCTGGGAGGCAGAGGTTGTAGTGAGCTGAGATGGCACCACTGTACTCCAGCATGGGCAGCAAGAGCGAAACTCTGTCTCAAAAAAAAGAAAAAGAAAAAAGAAA"
"chr1","24112864","24113150","KN295554v1","79219","79506","32","24033645","GGCCAGGCACAGTGGCTCACGCCTGTAATCCCAGCACTTTGGGAGGCCGAGGCAGGTGGGTCACCTGAGGTCAGGAGTTTGAGACCAGCCTGGCCAACATAATGAAACCCTGTCTCTACTAAAAATACAAAAATTAGCTGGGCATGGTGTTGGGCGCCTGTAATCCCAGCTACTCAGGAGGCTGAGGCAGGAGAATCACTTGAACTCGGGAGGCAGAGGTTGCAGTGAGCCAAAATGGCACCACTGCACTCCAGCCTGGGCAACAAGACTGAAACTCCTTCTGAAAA","GGCCAGGTGCAGTGGCTCATGCCTGTAATCCCAGCATTTTGGGAGGCCGAGGCAGGTGGATCATCTGAGGTCAGGAGTTTGAGACCAGCCTGGCCAACATGGTGAAACCTCGTCTCTACTAAAACTACAAAAATTAGCTGGGCATGGTGGCAGGCGCCTGCATTCCCAGCTACTGGGGAGGCTGAGAAGGAGAATCTCTTGAACCCAGGAGGCAGAGGTTGCAGTGAGCCAAGATAGCACCACTGCACTCCAGCCTGGGCACCAAGAGTGAAACTTCGTCTCAAAAAA"
"chr1","24180532","24180829","KN295633v1","161032","161323","37","24019500","GGCGGGGGGGGGCTCACGGCTGTAATCCCACCACTTTGGGAGGCCGAGATGGGTGGATTACCTGAGTTCAGGAGTTAGTGACCACCCTGGCCAACGTGGTGAAACCCCATCTCTACTAAAAATACAAACATTAGCCGGGCGTGGTGGCGGGTGCCTGTAATCCCAGCTACTCAGGAGGCTGAGGCAGGAGAATCGCTTGAACCCAGGAGGCAGAGGTTGCAGTAAGCTGAGATCGCACCACCGCACTCCAGCCTGGGCAACAAAAGCGAAACTCCATCTCAAAAAACAAAAAACAAAA","GGGTGTGGTGGCTCACGCCTGTAATCCCAGCACTTTGGGAGGCCGAGGTGGGTGGATTACCTGAGGTCAGGAGGTCGAGGCCAGCCTGGCCAACATGGTGAAACCCCATCTCTACTAAAAATACAAAAATTAGCCAGGTGTGGTGGTGGACACCTGCAATCTCAGCTACTTGGGAGGGTGAGGCAGGAGAATCGCTTGAACCCAGGAGGCAGAGGTTGCAGTGAGCCGAGCTGGCACCACTGCACTCCAGCCTGGGCAACAAGAGCGAAACTCCATCTCAAAAAAAAAAAAA"
"chr1","24214477","24214537","KN294385v1","2588","2649","5","24211889","GTGCCACTGAACTCCAGCCTGGGCAACAAGAGCAAAACTCCGTCTCAAAAAAAAAAAAAGA","GTGCCACTGCATTCCAGCCTGGGCGACAAGAGCAAAACTCGGTCTCAAAAACAAAAAAAAGA"
"chr1","24335707","24336013","KN297141v1","152542","152844","26","24183165","GGCTGGGCGCGGTGGCTCACGCCTGTAATCCCAGCACTTTGGGAGGCCGAGGCGGGCGGATCACCTGAGGTCAGGAGTTCGAGACCAGCCTGGCCAACATGGTGAAACCCCGTCTCTACTAAAAATACAAAAAATTAGCCAGATGTGGTGGCGGGTGCCTGTAATCCCAGCTACTTGGGAGGCTGAGGCAGGAGAATCACTTGAACCCGGGAGGTGGAGGTTGCAGTGAGCCGAGATCGCACCACTGCACTCCAGCCTAGGCAACAAGAACAAAACTCCGACTCAAAAAAACAAAACAAAACAAAAA","GGCTGGGTGCGGTGGCTCATGCCTGTAATCCCAGCACTTTGGGAGGCTGAGGCGGGTGGATCACCTGAGGTCAGGAGTTTGTGACCAGCCTGGCCAACATGGTGAAACCCCATCTCTACTAAAAATACAAAAAATTAGCCAGGCGTGGTGGTGGGTGCCTGTAATCCCAGCTACTTGGGAGGTTGAGGCAGGAGAATCACTTGAACCCGGGAGGTGGAGGTTGCAATGAGCCGACACTGCGCCACTGCCCTCCACCCTGGGCAACAAGAGCAAAACTCTGTCTCAAAAAAAAAAAAAAAAAAA"
"chr1","24373168","24373478","KN294193v1","198069","198376","42","24175099","GGCTGGGCACGGTGGCTTACGCCTGTAATCCCAACAGTTTGGGAGGCTGAGGTGGGTGGATCTCCTAAGGTCAGAAGTTCAAGACCAGACTGGCCAACGTGGTGAAACCCCATCTTTACTAAAAATACAAAAATTAGCTGGGCGTGGTGGCATGTGCCTGTAATCCCAGCTACTCGGGAGGCTGAGGCAGGAGAATCGCTTGAACCTGGGAGGTGGAGGTTGCAGTGAGCCAAGATCGTGCCACTGGACTGCAGCCTGGGCAATGACAGCAAAACTCTGTCTCAAAATAATAAAATAAAATAAAATAATAA","GGCTAGGCTCAGTGGCTCACGCCCGTAATCCCAGCACTTTGGGAGGCTGAGGTGGGTTGATCACCTGAGGTCAGGAGTTCGAACCAGCCTGGCCAACATGGTGAAAATCCATCTCTACTAAAAATACAAAAGTTAGCCGGTCATGGTGGCAGGCGCCTGTAATCCCAGCTACTCGGGAGGTTGAGACAGGAGAATCACTTGAACCCAGGAGGTGGAGGTTGCAGTGAGCCAAGTTCGCGCCACTGTACTCCAGCCTGGGCAACAAGAGCAAAACTCTGTCTCAAAAAAAAAAAAAAAAAAAAAAAAAA"
"chr1","24486492","24486797","KN295236v1","753928","754234","41","23732564","GGCATGGTGGCTCACGCCTGTAATCCCAGCACTTTGGAAGGCTGAGGTGGGCTGATCACCTGAGATCAGGAGTTTGAGACCAGCCTGACCAACATGGTGAAACCCCGTCTCTACTAAAATACAAAAATTAGCCGGGCGTAGTGGCGGGCGCTTGTAATCTCAGCTACTTGGGAGGCTGAGGCAGGAGACTCACTTGAAACCAGGAGGCAGAGGTTGCAGTGAGCTGAGATCACGCCACTGCACTGCAGCCTGGGCAACAAGAGGGAGACTCCGTCTCAAAAAAATAAATAAAAATAAAAATAAAAA","GCTGGGCACGGTGGCTCACGCCTGTAATCCCACCACTTTGGGAGGCTGAGGCAGGCGGATCACCTGAGGTCAGGAGTTCGAGACCAGCCTAGCCAACATGGCGAAAACCCATCTCTACTAAAACTACAAAACATTAGCTGGGCATGGTGGTGGGCACCTGTAATCCCAGCTACTTGGGAGGCTGAGGCAGGAGAATTGCTTGAACCCAGGAGGCAGAGGTTGCAGTGAGCTGAGACCGCACCACTGCACTACAGCCTGGGCAACAAGAGCGAGACTCCATCTCAAAAAAAAAAAAAAAAAAAAAAAA"
"chr1","24780689","24780997","KN295142v1","809109","809420","40","23971580","GGCCGGGTGTGGTGGCTCATGCCTACAATCCCAGCACTTTGGGAGGCTGAGGGGGGCAGATCACTTGAGGTCAGCAGTTCAAGACCAGCCTGGCCAACATGGTAAAACCCCGTCTCTATTAAAAATGCTAAAATTAGCCAGGTGTAATGGCAGGCACCTGTAATCCCAGCTACTCTGGAGACTGAGGCAGGAGAATCGATTGAACCCGGGAGGCAGAGGATGCAGTGAGCTGAGATCGTGCCACTGCACTCCAGCCTGGGCAACAAGAGTGAAACTCCCTCTCAAAAAAAAAAAAAAACAAGAAAGAAA","GGCCGGGCGCGGTGGCTCATGCCTGTAATCCCAGCACTTTGGGAGGCTGAGGCGGGCAGATCACCTGAGGTCAGGTGTTCAAGACCAGCCTGGCCAACGTGGTGAAACCCCGTCTCTACTAAAAATACAAAAATTAGCCTGGTTTGATGGTGGGTGCCTGTAATCCCAGCTATTCGGGAGGCTAAGGCAGGAGAATCACTTGAATCTGGGAGGCGGAGGTTGCAATGAGCCGAGATCGCGCCACTGCACTCCAGCCTGGGCAACAGGAGTGAAACTCTGTCTCAAAAAAAAAAAAAAAAAAAAAGAAAGAAA"
"chr1","24799123","24799503","KN296079v1","673289","673603","107","24125834","GGCCAGAGGCAGTGGCTCGTGGCTGTAATCCCAGCATTGTGGGAGGCCAAGGCAGGAGGATTTGCCTGACACCAAGAGTCCAAGACCAGCCTGGGCAACTTAGGAAGACCTTGTCTCTAGCAAAAAAAAAAAAANAAAAAAANNNNNNNNNNNNNNNNNNNNNNNNNNNNNNNNNNNNNNNNNNNNNNNNNNNNNNNNNNNNNNNNNNNNNNNNNNNNNNNNNNNNNNNNNNNNNNNNNNNNNNNNNNNNNNNNNNNNNNNNNNNNNNNNNNNNNNNNNNNNNNNTGGGAGGTGGAGGTTGCAGTGAGCCAAGATCGTGCCACTGCACTCCAGCCTGGGCAACAGGAGCGAAACTCCAACTCAAAAAAAAAAAAAAAAAAA","GGCCGGGTGCAGTGGCTCACACCTGTAATCCCAGCAGTTTGGAGGCTGAGGTGGGCAGATCACCTGAGATCAGGAGTTCGAGACCAGCCTGGCTAACATGGCAAAACCCTGTCTCTACTAAAAAAAAAAAAAAAANNNNNNNNNNNNNNNNNNNNNNNNNNNNNNNNNNNNNNNNNNNNNNNNNNNNNNNNNNNNNNNNNNNNNNNNNNNNNNNNNNNNNNNNNNNNNNNNNNNNNNNNGAGCCGAGATGGTGCCACTGCACTCTAGCCGGGGCAACGAGAGCGAAACTCCACCTCAAAAAGAAAAAAAGAGAGA"
"chr1","24911486","24911792","KN295531v1","74200","74508","39","24837286","GGTCAGGGTGGTGGCTCACACCTGTAATCCCAGCACTTTGGGAGGCCGAGGCCGGCGGATCACTTGAGGTCAGAAGTTCAAGACCAGCCTGGCCTACATAGTGAAAACCTGTCTCTACTAAAAATACAAAAAAATTATCCGGGCATGGTGGTGGGTGCCTGTAATCTCAGCTACTCAGGAGGCAGAGGCAGGAGAATCACTTGAACCCAGGAGGCAGAGGTTACGGTGAGCCGAGATGGCACCACTGCACTCCAGCCTGGGCAACAAAAGCGAGACTCTGTCTCAAAAAAAAAGAAAGAAAAAGAAA","GGCTGGGCGCAGTGGCTCACACCTGTAATCCCAGCACTTTGGGAGGCTGAGGCAGTTGGATCACCTGAGGTCAGGAGTTCGAGACCAGCCTGGCCAACATGGTGAAACCCCGTTTCTACTAAAAATACAAAAAATTAGCTGGGCATGGTGGCGGATGCCTGAAATCCCAGCTACTCAGGAGGCTGAGGCAGGAGAATCACTTGAACCTGGGAGGCAGAGGTTGTAGTGAGCTGAGATGGCACCACTGTACTCCAGCATGGGCAGCAAGAGCGAAACTCTGTCTCAAAAAAAAGAAAAAGAAAAAAGAAA"
"chr1","25780822","25781108","KN294470v1","2983090","2983380","37","22797732","GGCCGGGCGCAGTGGCTCACGCCTATAATCCCAGCACTTTGGGAGGCTGAGGCGGGTGGATGACCTGAAGTCAGGAGTTCGAGACCAGCCTGGCCAACATGGTGAAACCCCGTCTCTACTAAAAATACAAAAAAATTAGCCAGGCAGATGCCTGTAATCCCAGCTACTCTGGAGGCTGAAGCAGGAGAATCGCTTGAACCCAGGAGGTGGAGGTTACAGTGAGCCGAGATCATACCACTGAGCTCCAGTCTGGGCAACAAGAGCAAAACTCCGTCTCAAAAAAAAAA","GGCCGGGCACCATGGCTCACGCCTGTAATCCCAGCACTTTGGAGGAGGCCGAGGTGGGCGGATCACCTGAGGTCAGGAGTTTGAGACCAGCCTGGCCAACATGGTGAAACCCCATCTCTACTAAAAATATAAAAAATTAGGCGTGGTGGCACACGCCTGTAGTTCCAGCTACTCAGGAGGCTGAGGCAGGAGAACTGCTTGAACCCAAGAGGTGGAGGTTGCAGTGAGCTGAGATCACACCACTGCACTCCAGCCTGGGCAACAAGAGCAAAACTCCGTCTCAAAAAAAAA"
"chr1","26183721","26184003","KN296498v1","381298","381573","43","25802423","GCCTGTAATCTCAGCACTTTGGGAGGCCGAGACGGGCGGATCACTTGAGGTCAGGAGTTCAAGACCAGCCTGGCCAACATAGTGAAACCCTGTCTCTACTAAAAATACAAAAATCAGCCGAGCGTAGTGGCGGGCACCTGTAGTCCCAGCTACTCGGGAGGCTGAGGCGGAAGAATCGCTTGAACCCGGGAGGCGGAGGTTGCAGTGAGCTTAGATCGCGCCACTGCACTCCAGCACGAGCAACAAGAGTGAAACTCCATCTCAAAAATAACAATAATAATAA","CTATAATCCCAGCACTTTGGGAGGCCGAGACGGGTGGATTGCCTGAGTTCAGGAGTTCGAGACCAGCCTGGCCAACATGGTGAAACCCTGTCTCTACTAAAAACACAAAAATTAGCCGGGTATGGTGGCGGGCGCCTGTAATCCCACCTATTCGGGAGGCTGAGGCAGGAGAATCGCTTGAAACCGGAAGGCGGATGTTACAGTGAGCTGAGATCACGCCACTGCACCTCAGCCTGGGCAAAAGAGCAAAACTCCATCTCAAAAAAAAAAGAAAAA"
"chr1","26263976","26264262","KN294457v1","1018677","1018971","38","25245299","GGCTGGGCGCAGTGGCTCATGCCTGTAATCCCAGCGCTTCGGGAAGCTGAGGTAGGTGGATCACCTGAGGTCAGGAGTTCAAGACCAGCCTGGTCAACATGGTGAAATCCCGTCTTTACAAAAATGCAAAAATTAGCTGGGCATGGTGGTGGGCACCTGTAATCCCAGCTACTCTGGAGGCTGAAGCAGGAGGATTGCTTGAACCTGGGAAGCAGAAGTTGCAGTGAGCCAAGATGGTGCCACTGCACTCCAGCTGGGCAACAAGAGACTCCATGTCAAAAAAAAAA","GGCCAGGTGCAGTGGCTCACGCCTGTAATCCCAGCACTTTGGGACGCTGAGGTGGGTGGATCACCTGAGGTCAGGAGTTCAAGACCAGCCTGGCCAACATGGTGAAACCCTGTCTCTACTAAAAATACAAAAATTAGCTGGCCGCGGTGGTGGGCGCCTGTGATCCCAGCTACTTGGGAGGCTGAGGCAAGAGAATCGCTTGAACCTGGGAGGCAGAGGTTGCAGTGAGCCGAGATCGTGCCACTGTACTCCAGCCTGGGCAACAAGAGTGAAACTCCATCTCAAACAAAACAAA"
"chr1","26377100","26377407","KN297047v1","2103989","2104301","37","24273111","GGCATGGTGGCTCACGCCTGTAATCCTAGCACTTTGGGAGGCCGAGGCAGGCGGATCACCTGAGGTCAGGAGTTTGACACCATCCTGGCCAACATGGTGAAACCCCGTCTCTACTAAAAATACAAAAATTAGCCAGGTGTGGTGACGGGCACCTGTAATCCCAGCTACTTGGGAGGCTGAGGCAGGAGAATCGCTAGAACCCCAGGGGGACGGAGCTTGCAGTGAGCCGAGATCACGCCACTTCACTCCAGCCTGGGCAAAAGAGTGAAACTCCGTCTCAAAAAAAAACAAAGAAAAGAAAAGAAAAA","GGCCAGGCGCAGTGGCTCACGCCTGTAATCCCAGCACTTTGGGAGGCTGAGGCAGGTGGATCACCTGAGGTCAGGAGTTCGAGACCAGCCTGGCCAACATGGTGAAACCCCGTCTCTACTAAAAATACAAAAATTAGCTGGGTGTGGTGGCTCAGGCCTGTAATCTCAGCTACTTGGGAGGCTGAGGCAGGAGAATCGCTTGAACCCAGGAGGCGAAGGTTGCAGTGAGCCGAGATCACGCCACTGCACTCCAGCCTGGGCAACAAGAGTGAAACTCTGCTTGAAAAAAAAAGAAAAAAAAGAAGAAGAAGAA"
"chr1","26464492","26464796","KN294439v1","300738","301034","48","26163754","GGCCAGATGCGGTGGCTCACACCTGTAATCCCAACACTTTGTGAGGCCGAGGCGGGTGGATCACCCGAGGTCAGGAGTTTGAGACCAGCTTGGCCAATATGATGAAACCCCAACGCTACTAAAAATACAAAAAATTAGCCGGGCATGGTGGCAGGTGCCTGTAATCCCAGCTACTCAGGAGGCTGAGGCAGGAGAATTGCTTGAACCTGGGAGGCAGAGGTTGCAGTGAGCCAAGATCCCGCTACTGCACTCCAGCCTGGGCAACAAGAGCGAAACTCTGNNNNNNNNNNNNNNNNNNNNAAAAA","GGCCGGGTGCGGTGACTCACGCCTGTAATCCCAGCACTTTGGGAGGCCAAAGCGGGTGGATCACCTGAGGTCAGGAGTTTGTGACCAGCCTGGCCAACATGGTGAAACCCCGTCTCTACTAAAAATACAAAAAATTAGCCAGGCATGGTGGCAGGCGCCTGTAATCCCAGCTACTCGGGCAGCTGAGGCAGCAGAATCGCTTGAACCCGGGAGGTGGAGGTTGCAGTGAGCCAAGATCACGCCACTGCACTCCAGCCTGGGCAACAAGAGCGAAACTCTGTCTCAAAAAAAAAAAAA"
"chr1","26479422","26479725","KN295601v1","1054911","1055206","36","25424511","CGGTGTCTCACGCCTGTAATCCCAGCACTTTGGGAGGCTGAGGTGGGCGGATCACCTGAGGTCAGGAGTTGGAGACCAGCCTGGCCAACATGGTGAAACCCCGTCTCTACTAAAAATACAAAAATTAGCTAGGCGTGGTGGTGGGCACCTGTAATCCCAGCTACTCTGGAGGCTGAGGCAGGAGCATCACTTGAACCCAGGAGACAGAAGTTGCAGTGAGCTGAGATCACGCCACTGCACTCCAGCCTGGGCAACAAGAGCGAAACTCCATCTACAAAAAAAAAAGTAAATAAATAAACAAAAA","CGGTGGCTCACTCCTGTAATCCCAGCACTTTGGGAAGCCGAGGCAGGTGGATCACCTGAGGTCAGGAGTTCGAGACCAGCCTGGCCAACATGGTGAAACCCCGTCTCTACTAAAAATACAAAAATTAGCCAGGTGTGGTGGTGCATAGCTGTAATCCCAGCTACTCAGAAAGCTGAGGCAGGAGAGCTGCTTGAACCTGGAGACAGAGGTTGCAGTGAGCTGAGATCGCGCCACTGCACTCCAGCCTGGGCAATAAGAGCAAAACTCCATCTCAAAAAAATAATAATAAAATAAAA"
"chr1","26502553","26502849","KN297197v1","1630263","1630561","33","24872290","GGCCGGGCGCGGTGGCTCATGCCTGTAATCCCAGCACTTTGGGAGGCCAAGGCGGGTGGATCATCTGAGGTCAGGAGTTCGAGATCAGCCTGGCCAACATAGAGAAACCCCGTCTCTACTAAAAATCCAAAAAATTAGCCGGTCGTGGTGGCGGGTGCCTATAATCCCAGCAACTCGGAAGGCTGAGACAGGAGAATTGCTTGAACCCGGAGGCAGAGGTTGCAGTGAGCCGAGATTGCGCCACTGCACTCCAACCTGGGCAACAAGAGCAAAACTCGGTCTCAAAAAAAAAAAAAA","GGCTGGGCGCGGTGGCTCACTCCTGTAATCCCTGCACTCTGGGAGGCCGAGGCGAGTGGATCACCTGAGGTGAGGAGTTTGAGACCAGCCTGGCCAACATGATGAAACCCCATCTCTACTAAAAATACAAAAAATTAGCAGGACGTGGTGGCGGGCACCTGTAATCCCAGCTACTCAGGAGGCTGAGGCAGGAGAATTGCTTGAACCCGGAAGGCGGAGATTGCAGTGAGCCAGGATCGCGCCACTGCACTCCAGCCTGGGCAACAAGAGCAAAACTCTGTCTCAAAAAAAAAAAAAAA"
"chr1","26571667","26571756","KN295705v1","657665","657751","11","25914002","GAGGTTGCAGTGAGCAAAGATTGCGCCACTGCACTCCAGCCTAGGCAACAAGAGCGAAACCCCATCTCAGAAAAAAAAAGAAAAAGAAAA","AGGTTGCAGTGAGCTGAGATTGTGCCACTGTACTCCAGCCTAGGCAACAAGAGTGAAACTCCGTCTCAAAAAAAAAAAAAAAAAAAA"
"chr1","26594986","26595278","KN296422v1","129610","129905","30","26465376","GCCAGGCTCGGTGGCTCACGCCTGTAATCCCAGCACTTTGGGAGGCCGAGGTGGGTGGATCACCTAAGGTCAGGAGTTCAAGATCAGCGTGGCCAACATGGTGAAACACCGTCTCTACCAATAATACAAAAAATTAGCTGGGCGTGGTGGTGGACGCCTGTAACCCCAGCTCCTCGGGAGGCTGAGACAGGAGAATCGCTTGAACCCGGGAGGTGGAGGTTGCAGTGAGCTGAGATCACACCACTGCACTCCAGCCTGGGCAACAAGAATGAAACTCCATCTAAAAAAAAAAA","GACCAGGCACAGTGGCTCACGCCTGTAATCCCAACACTTTGGGAGGTAGAGGCAGGTGGATCACCTGAGGTCAGGAGTTCAAGATCAGCGTGGCCAACATGGTGAAACCGCATCTCTACTAAAAATACAAAAAATTAGCTGGGCGTGGTGGCAGGCGCCTATAATCCCGGCTACTTGGGAGGCTGAGGCAGGAGAATCACTTGAACCCTGGAGGTGGAGGTTACAGTGAGCCGAGATCGCACCACTGCACTCCAGCCTGGGCAACAAGAATGAAACTCCATCTCAAAAAAAAAAAA"
"chr1","26648381","26648525","KN294187v1","392846","392992","16","26255535","GACCGGGCACGGTGGCTCACACCTGTAATCCCAGCACTTTGGGAGGCCGAGGCAGGCAGATCACCTGAGGTCAGGAGTTCAAGACCAGCCTGGCCAACATGACAAAATCCCGTCTCTACTAAAAATACAAAAATTAGCTAGGTGA","GGCCAGGCACAGTGGCTCAAACCTGTAATCCCAGCACTTTGGGAGGCCAAGGCAGGCAGATCACCTGAGGTCAGGAGTTTAAGACCAGCCTGGCCAACATGGTAAAACCACATCTCTACAAAAATACAAAAATTAGCTGAGCGTGGT"
"chr1","26648833","26648969","KN294874v1","26624","26752","39","26622209","TTGCTGGGCGTGATGGCGGCTGCCTATAATCCCAGCTACTCGGGAGGTTGAGGGGTGGAGGTTGCAGCGACCCGAGATCATGCCACTTCACTCCAGCCTGGGCAAAAGAGCGAAACTCTATCTCAAAAAAACAGAAA","TATCCAGGTGGAGTGGTGCACACCTGTAGTCCCAGCTACTCGAGAGGCTGAGGTTGCAGTGAGCCAAGATCATGCCACTGCACTACAGGTGGCCAACAAGAGTGAAACCCCGTCTCACAAAAAAAAGAA"
"chr1","26669784","26670082","KN297056v1","14090","14388","28","26655694","GGCTGGACGCGGTGGCTCACACCTGTAATCCCAACACTTTGGGAGGCTGAGGCAGGTGGATCACCTGAGGTCAGGAATTCAAGACCAGCCTGGCCAACCTGATGAAACCCTGTCTCTACTAAAAAAAATACAAAAAATTAGCCGGGCATGGTGGCGGGTGCCTGTAATCCCAGCTACTTGGGAGGCTGAGGCAGGAGAATCGCTTGAACCCGGGAGGCAGAGGTTTCGGTGAGCCAAGATCACACCACTGCAATCCAGCCTGGGCAACAAGAGCAAAACTCCATCTCAAAAACCAAAAA","GGCTGGGCGTGGTGGCTCATGCCTGTAATCCCAACACTTTGGGAGGCTGAGGCAGATGGGTCACCTGAGATCAGGAATTCAAGACCAGCCTGGCCAACATGATGAAACTCTGTCTTTACTAAAAAAAATACAAAAAATTAGCCTGCCGTGGTGGCGGGCACCTGTAATCCCAGCTACTTGGGAGGCTGAGGCAGGAGAATCGCTTGAACCCAGGAGGCAGAGGTTTCGGTGAGCCAAGATCATGCCACTGCACTCCAGCCTGGGCAACAACAGCGAAACTGTCTCAAAAAAGAAACAAA"
"chr1","26735927","26736246","KN296430v1","736322","736630","42","25999605","GGCCGGGAGCGGTGACTCACGCCTGTAATCCCAACACTTTGGGAGGCCGAGGTGGGTGGATCACCTGAGGTCAGGAGTTCGATATCAGCCTGGCTAACATGGTAAAACCCTGTCTCTACTAAAAATACAAAAATTAGCCAGGCATGGTGGTGGGCACCTGTAATCCCAGCTACTCAGGAGGCTGAGACAGGAGAATCACTTGAACCCAGGAGGCAGAGGTTGCAGCGAGCCAAGATCGCACCACTGCACTCCAGCCTGGGCAGTAGAAGTAGAAGAACTACTAATACTACAAAAAAAAAAAAGAAAAAAAGAAAAAAAAA","GGTCGGGTGTGGTGGTTCACGCCTGTAATCCCAACACTTTGGGAGGCCGAGGTGGGTGGATCACCTGAGGTCAGGAGTTCGAGACCAGCCTGGCCAACATGGCAAAACCCCATCTCTACTAAAAGTACAAAATTAGCCGGCCCGGTGGCGGGCGCCTGTAATCCCAGCTACTAAGCAGGCTGAGGCAGGATAATTACTTGAACCCAGCAGGCAGAGATTGCAGTGAGCCAAGATCGCACCACTGCCCACCAGCCTGGGCGACAAAAGCAAGACTCCATCTCAAAAAAAAAAAAAAAAAAAAAAAAAAAA"
"chr1","26759673","26759973","KN294439v1","300738","301034","34","26458935","GGCCAGGCGCGGTGGCTCACGCCTGTAATCCCAGCACTTTGGGGGGCCGAGGCGAACGGATCACCTGAGGTCAGGAGTTTGAGACCAGCCTGACCAACATCGTGAAACCCCGTCTGTACTAAAAATACAAAAAATGAGCCGGGCGTGTTGGCGGGCGCCTGTTTTCCCAGTTACTCGGGAGGGTGAGGCAAGAGAATCGCTTGAACCCGGGAGGCGGAGGTTGCGGTGAGCCAAGATCAGGCCACTGCACTCCAGCCTGGGCAACAGGAGCGAAACTCTGTCTCAAAAAAGAAAAAAAAAA","GGCCGGGTGCGGTGACTCACGCCTGTAATCCCAGCACTTTGGGAGGCCAAAGCGGGTGGATCACCTGAGGTCAGGAGTTTGTGACCAGCCTGGCCAACATGGTGAAACCCCGTCTCTACTAAAAATACAAAAAATTAGCCAGGCATGGTGGCAGGCGCCTGTAATCCCAGCTACTCGGGCAGCTGAGGCAGCAGAATCGCTTGAACCCGGGAGGTGGAGGTTGCAGTGAGCCAAGATCACGCCACTGCACTCCAGCCTGGGCAACAAGAGCGAAACTCTGTCTCAAAAAAAAAAAAA"
"chr1","26788612","26788906","KN295705v1","318789","319084","41","26469823","CTCACGCCTGTAATCCCAGCACTTTGGGAGGCCAAGGTGGGCAGATCACCTGAGGTCAGGAGTTCAAGACCAGCCTGGCCAACATGGTGAAACACAATCTCTACTGAAAATACAAAAATTAGCCAGGCATGGTGGCGTGTGCCTGTAATCCCAGCTAGTTGGGAGGCTGAGACAGGAGAATCATTCAAACCCAGGAGGGGGAGGTTGCAGTGAGCCCAGATCGCACCACTGCACTCCGGCCTGGGCAACAAGAGCAAAATCCCATCTCAAAATAAATAAATAAATAAAGATAAAA","GTAGCTCACACCTGTAATCCCAGCACTTTGGGAGGCCAAGGCGGGTGGATCACTTGAGGTCAGGAGTTCAAGACCAGCCTAGCCAACATGGTGAAACCCCGTCTCTACTAAAAATACAAAAATTAGCCAGGCATGGTGGCAGGCGCCTGTAACTCCAGCTATTCGGGAGGCTGAGACAAGAGAATCGCTTGAACCCGGGAGGCGGAGGTTGCAGTGAGCCAAGATCGCGCCACTGGGCTCCAGCCTGGGCAACAAGAGTGAAACTCCACCTCAAAATAAATAAATAAATAATAAAA"
"chr1","27226769","27227062","KN294457v1","1018677","1018971","32","26208092","GGCCAGGTGCGGTGGCTCATGCCTGTAATCCCAGCACTTTGGAAGGCCAAGGCAGGTGGATCACCTGAGGTCAGGAGTTTGAGACTAGCCTGGCCAACATCGTGAAACTCTGTCTCTACTAAAAATACAAAAATTAGCCAGGCGTGGTGGTGGGTGCCTGTAATCCCAGCTACTCGGGAGGCTGAAGCAAGGGAATTGCTTGAACCCGGGAGGCGGAGGTTGCAGTGAGCCGAGATGGCGCCACTGCACTCCAGCCTGGGCAGCAAGAGTGAAACTCCATCTGAAAAAAAAAAA","GGCCAGGTGCAGTGGCTCACGCCTGTAATCCCAGCACTTTGGGACGCTGAGGTGGGTGGATCACCTGAGGTCAGGAGTTCAAGACCAGCCTGGCCAACATGGTGAAACCCTGTCTCTACTAAAAATACAAAAATTAGCTGGCCGCGGTGGTGGGCGCCTGTGATCCCAGCTACTTGGGAGGCTGAGGCAAGAGAATCGCTTGAACCTGGGAGGCAGAGGTTGCAGTGAGCCGAGATCGTGCCACTGTACTCCAGCCTGGGCAACAAGAGTGAAACTCCATCTCAAACAAAACAAA"
"chr1","27248355","27248660","KN294161v1","267117","267425","38","26981238","GGCCGGGCACAGTGGCTCATACCTGTAATCCCAGCACTTTGGGAAGCTGAGGTGGGTAGATCACCTGAGGTCAGGAGTTAGAGACCAGCCTGGCCAATATGGTGAAACCGTGTCCCTACTAAAAATACAAAAATTAGCTGGGCATGGTGGTAGGCGCCTGTAATCCCAGCTACTCGGGAGGCTGAGGCAGGAGAATCACTTGAACCCAGGAGGCGGAGGTTGCAGTGAGTCAAGATCGCACCACTGTACTCTACCCTGGGCAACAAGAGTGAAACTCCGTCTCAAAAACAAAAACAACAACAACAA","GGCCGGGTGCAGTGGCTCACACCTGTAATCCCAGCACTTTGTAAGGCCGAGGCGGGTGGATCATCTGAGGTCAGAAGTCTGAGACCAGCGTGGCCAATATGGTGAAACCCTGTCTCTACTAAAAATACAAAAATTAGCCAGGCATGGTGGTAGACGCCTATAATCCCAGCCACTCAGGAGGCTGAGGCAGGAGAATTGCTTGAACCCAGGAGGCGGAGGTTGCAGTGAGCCAAGATGGCGCCACTGCACTCCAGCCTGGGCAACAAGAGTGAAACTCCATCTCATAAAGAAAACACACAAACACAAAAA"
"chr1","27439313","27439615","KN297184v1","163657","163968","56","27275656","GGCCAGGTGCGGTGGCTCACGCCTGTAATCTCAGCACTTTGGGAGGCTAAGGTGGGTGGATCACCTGAGGTCAGGAGTTTGAGACCAGCCTGGCCAACATGGTGAAACCCCTCCTCTATTAAAAATACAAAAATTAGCCAGGCGCCATGGTGGGTGCCTGTAATCCCAGCCCCTGGAGAGGTTAAGGCAGGAGAATCACTTGAACCCGGGAGGCAGACGCTGTAGTGAGCCGAAATCGCGCCACTGTACAACAAGAGTGAGACTCCGCCCCCCCAAAAAACAAAACAAAACAAAACAAAAAAA","GGCCAGGTGCGGTGGCTCAAGCCTGTAATCCCAGTACTTTGGGAGGCCACGGTGGGTGGATCACCTGAGGTCAAGAGTTGGTAGACCAACCTGGCCAACATGGCGAAAGCCCTTCTCTACTAAAAATACACAAATTAGCCGGGCGTGGTGGTGGGCGCCTCTAATCCCAGCCAGTGGGGAGGCTGAGGCAGGAGAATTGGTTGAACCCGGGAGGCAGAGGCTGCAGTGAGGCGAAATCGCACCACTGTACTCCAGCCTGGGCAACAAGAGCGAGACTCCCATCTCAAACAAACAAACAAACAAATAAATAAA"
"chr1","27475867","27476173","KN295294v1","849337","849645","33","26626530","GGCTGGGGGTTGTGGCTTACCCCTGTAATCCCAGCACTTTGGGAGGCCGAGGCGGGTGGATCACCTGAGGTCAGGAGTTCGAGACCAGCCTGACCAACATGGTGAAACCCCATCTCTACTAAAAATACAAAAATTAGCTGGACGTGGTGGTGGGTGCCAGTAATCCCAGCTACTCTGGAGGCTGAGGCAGGAGAATCGCTTGAATCCAGGAGGCAGAGGTTGCATTGAGCTGAGATGGCGCCACCGCACTCCAGCCTGGGCAACAAGAGCCAGACTCTATCTCAAAAAAAATAAAAATAAAAATAAA","GGCCGGGCACTGTGGCTCACGCCTGTAATTCCAGCACTTTGGGAGGCCAAGGCAGGTGGATCACCTGAGGTCAGGAGTTCGAGACCAGCCTGACCAACATAGTGAAACCCCATCTCTACTAAAAATACAAAAATTAGCTGGGCATGGTGGTGGGCGCCTGTAATCCCAGCTACTCCAGAGGCTGAGGCAGGAGAATTGCTTGAACCCAGGAGGCGGAGGTTGCAGTGAGCCGAGATCACGCCACTGCACTCCAGCCTGGGCAACAAGAGTGAAACTCCATCTCCAAAAAAAAAAAAAAAAAAAAGAAAA"
"chr1","27570334","27570633","KN295244v1","318312","318607","38","27252022","GGCTGGGCATGGTGGCTTATGCCTGTAATCCCAGTACTTTGGGAGGCCAAGGAAGGCCAAGGAACCTGAGGTCAGGAGTTCAAGACCAGCCTGGCCAACATGGTATAACCCCATCTCTACTAAAAATACAAAATTAGCCAGGCATGGTGGCACGTGCCTGTAATCCCAGCTACTCGGGAGGCTGAGGCAGGAGAATCACTCGAACCTGGGAGGTGGAGGTTGCAATGAGCCAAGATCATGCCACTGCACTCCAGCCTGGGCAACAAGAGCAAAACTCTGTCTCAAAAAATAAAAATAAAA","GGCTGGGCACGGTGGCTCATGCCTGTAATCCCAACACTTTGGGAGGCCAAGGTGGGTGGATCACCTGAGTTCAGGAGTTCGAGACCAGCCTGGCCAACATGGTGAAACCCTGTCTCTATTAAAAATACAAAAATTAGCCAAGCATGGTGGCAGGCGCCTGTAATCCCAGCTACTCAGGAGGCTGAGGTAGGAGAATTGCTTGAACCTGGGAGGCAGAGGTTGCAGTGAGCCGAGATCATGCCTCTGCACTCCAGCCTGGGCAACAAGAGCAAGACTCTGTCTCAAAAAAAAAAAAA"
"chr1","27696764","27697061","KN295244v1","318312","318607","38","27378452","GGCTGGGCATGGTGGCTCACGCCCATAATTCCTGCACTTTGGGAGGCCGAGGTGGGTGGATCACCTGAGGTCAGGCGTTCGAGACCAGCCTGGCGAACGTGATGAAACCCTGTCTCTACCACAAATGCAAAAAAGTAGCCAGGCATAGTGGCAGGCACCTGTAATCCCAGCTACTCAGGAGGCTGAGGCAGGAGAATCACTTGAATCTGGGAGGCGGAGGTTGCAGTGAGCCGAGATCACCACTGCACTCCAGTCTGGGCAGCAAGAGCGAAACTCCGTCTCAACAAACAAACAAAAA","GGCTGGGCACGGTGGCTCATGCCTGTAATCCCAACACTTTGGGAGGCCAAGGTGGGTGGATCACCTGAGTTCAGGAGTTCGAGACCAGCCTGGCCAACATGGTGAAACCCTGTCTCTATTAAAAATACAAAAATTAGCCAAGCATGGTGGCAGGCGCCTGTAATCCCAGCTACTCAGGAGGCTGAGGTAGGAGAATTGCTTGAACCTGGGAGGCAGAGGTTGCAGTGAGCCGAGATCATGCCTCTGCACTCCAGCCTGGGCAACAAGAGCAAGACTCTGTCTCAAAAAAAAAAAAA"
"chr1","27698470","27698794","KN294856v1","400185","400505","59","27298285","GCTGGGTGCGGTGGTTCATACCTGTAATCCCAGCACTTTGGGAGGCTGAGCAGGGTGGATCACCTGAGGTCAGGAGTTCAAGACCATCCTGACCAATATGGTGAAACCCTGTCTCTACTAACAATACAAAAAAAAAAAAAAAAGACGTAGGGACGATAGGTGGCGGGCGACCTAGTAATACCCACGCTTACCTTAGGGTAGGGCTGAGGCAGGAGAATCGCTTGAACCCAGAAGGCAGAGGTTGCAGTGAGCCGAGACTGCACCACTGCACTCCAGCCTGGGCAACAAGAATAAAACTGTCTCGGAAAAAAGGAAAGAAAAGAAA","GGCTGGGCACAGTGGCTTGCACCTGTAATCCCAGCACTTTGGGAGGCTGAGGCAGGTGGATCGCCTAAGGTCAGGAGTTTGAGACCAGCCTGACCAACATGGTGAAACCCCGTCTCTACTAAAAATACAAAAACAACAACAACAAAAACTAGCCGGGCATGGTGGCGGGCGCCTGTAATCCCAGCTACTCAGGAGGCTGAGGCAGGAGACTCGCTTGAACCTGGGAGGCAGAGGTTGCAGTGAGCCGAGATCACGCCACTGCACTCCAGCCTAGGCAACAAGAGTGAAACTCCGTCTCAAAAAAAAAAAAACAAAACAAAA"
"chr1","27946825","27947113","KN296588v1","13289","13578","31","27933536","GCTGGGTGTGGTGGCTCATGCCTGTAATCCCAGCACTCTGGGAGGCTGAGGCGGGTGGATCACCTGAAGTCAGGAGTTCAAGATCAGCCTGGCCAACATGGTGAAACCCTGTCTCTACTAAAAATACAAAAAATTAGCCGGGAATGGTGGTGGGCGCCTGTAATCCCAGCTACTCCAGAGGCTGAGGCAGAAGAATTGCTTGAATCTGGGAGGCAGAGGTTGCAGTGAGCCGAGATTGAGGAACTGCACTCCAGTCTGGGCAACAAGAGCAAAACTCCATCTCAAAAAA","GGCCGGGTGTGGTGGCTCATGCCTGTAATCCCAGCACTTTAGGAGACCAAGGTGGGTGGATCACCTGAGGTCAGGAGTTCAAGACCAGCCTGGCCAACATGGTGAAACCCTGTCTCTACTAAAAATACAAAAAAAATTGGCTGGGCATGGTGGCGGGCGCCTGTAATCCCAGCTACTCGGGAGGCTGAGGCAGGAGAATCGCTTGAACCTGGGAGGCAGAGGTTGCAGTGAGCTGAGATCGTGCCACTGCACTCCAGCCTGGGCAACAAGAACGAAACTCCATCTCAAAA"
"chr1","27947139","27947408","KN295907v1","1929142","1929405","46","26017997","TGGGAGGTTGCAGTGGGCAGATCAACCAGAAGTCAGGAGTTCGAGACCAGCCTGGCCAACATGGCGAAACCACGTCTCTACTAAAAGTACAAAAATTAGCCAGGTGTGGTGGCGGGCGCCCAAAATCCCAGCTACTCAGGAGGCTGAGGCAGGAGAATCACTTGAACCTGGAAGGCGGAGGTTGCCATGAGTCGAGATTGTACCACTGCACTCCAGCCTGGGCAACAAGAGCAAAACTCTGTCTCATAAAGAAAAAGAAAACAAGAAAAA","TGGGAGGCCGAGGTGGGTGGATCACCTGAGGTCAGGAGTTCGAGACCAGCCTGGCCAACGTGGCGGAACCCTGTCTCTACTAAAAATACAAAAATTAGCTGGGTGTGGTGGTGTGCGCCTGAAATCCCAGCTATTTGGGAAGTTGAGGCAGTAGAATCGCTTGAACCTGGGAGGTAGAGGTTGCAGTGAGCTAGGATCATGCCACTGCATTCCAGCCTGGGCAACAAGAGCAAAACTCTGTCTCAAAAACAAACAAACAAAAAA"
"chr1","28036017","28036306","KN296606v1","198929","199206","35","27837088","GGCTGGGCGTGGTGGCTCACGCCTATAATCCCAGCACTTTGGGAGGCTGAGGGGGGTGGATCACCTGAGGTCAGGAGTCCGAGACCAGCCTGGCCAACATGGTGAAACTCCATCTCTACTAAAAATACAAAAATTAGCCAGGTGTGGTGGCGCATGCCTGTAATCTCAGCTACTTGGGAGGCTGAGACAAGAGAATCACTTGAACCCGGGAGGCGGAGGTTGCAGTAAGCCGAGACCTCACCACTGCACTCCAGCCTGGGCAACAAAAGCAAAACTCCGTCTCAAAAAAA","GGGCGTGGTGGCTCATGCTTGTAATCCCAGCACTTTGGGAGGCTGAGGCGGGTGGATCACCTGAGGTCAGGAGTTCAAGACCAGCCTGGCCAACATGGTGAAACCCCATCTCTACTAAAAATATAAAAATTAGCCAGGTGTGGTAGCGGGTGCCTGTAATCCCAGCTACTTGGGAGGCTGAGACAGGAGAATCACTTGAACCCAGGAGGTGGAGGTTGCAGAGCTGAGATCGCACCACTGTACTCCAGCCTGGGCAACAAAGAGTGAAACTCCGTCTC"
"chr1","28227133","28227425","KN296508v1","1861452","1861744","33","26365681","GGCCGGGCGTGGTGGCTCATGCCTGTAATCCCAGCACTTTGGGAGGCCGAGGTGGGTGGATCACCTGAGGTCTGGAGTTCAAGACCAGCTTGGCTAACATGGTGAAACCTTTTCTCTACTAAGAATACAAAATTAGCCAGGCGTGGCGGCACATGCCTGTAATCCCAGCTACTTGGGAGGCTGAGGCAGGAGAATCACTTGAATCCGGGAGGTGGAGGTTGCAGTGAGCCGAGATCATGCCACTGCACTCCAGCCTGGGCAATAAGAGCGAAACTCTGTCTCAAAAAAAAGAA","GGCCAGGCGCGGTGGTTCATGCCTGTAATCCCAGCACTTTGGGAGGCCGAGGTGGGTGGATCACCTGAGGTAAGGAGTTCGAGACCAGCCTGGCTAACATGGTGAAACCCCATTTCTACTAAAAATACAAAAAATTAGCTGGGCATGGTGGCACACGCCTGTAATCCCAGCTACTTGGGAGGCTGAGGCAGGAGAATGGCTTGAACCCAGGAGGCAGAGGTTGCAGTGAGCTGAGATCATGCCACTGCACTGCAGCTTGGGCAACAAGAGCAAAACTCCGTCTCAAAAAAAAA"
"chr1","28366772","28367052","KN297133v1","667003","667284","41","27699769","TTATGCCTGTAATCCCAGCACTTTGGGAGGCTGAGGCAGGTGGATCACCTGAGGTCAGGAGTTCGAGACCAGCCTGGCCTACATGGTGAAACTCCGTCTCTACTAAAAAATAAAAAAATTAAGCGTGGTGGTAGGCACCTGTAATCCCAGCTACTTGGGAGGCTGAGGCAGGAGAATCGCTTGAACCCAGGAGGTGGAGATTGCAGTGAGCCAAGATCGCACCACCGCACTCCAGCCTGGGCAACAAGAGTTAAGACTCCCATCTACAAAAAAAAAAAAAA","TCATGCCAGTAATCCCAGCACTTTGGGAGGCCGAGGTGGATGGATCACCTGAGGTCAGGAGTTCGAGACCAGCCTGGCCAACATAGTGAAACCCCGTCTCTGCTAAATATACAAAAATTAGCCAGGTGTGGTGGTGTGCACCTGTAATCCCAGGTACTCAGGAGGCTGAGGCAGGAGAATCGCTTGAATCCGGGAGGCGGAAGTTGCAATGAGCTGAGATCACGCCACTGCACTCCAGCCTGGGCAACAAGAGCTAAACTCCATAAAAAAAAAAAAAAAGAA"
"chr1","28431350","28431653","KN296682v1","4003280","4003585","32","24428070","GGCCAGGAACGGTGGCTCACACCTGTAATCCCAGCACTTTGGGAGGCCGAGGTAGGTGGATCACCTGAGGTCAGGAGTTCGAGAGCAGCCTGGCCAACATGGTGAAACCTCGTCTCTACTAGAAATACAAAAAATTAGCCAGGCGTGGTGGTGGGTGCCTGTAATCCCAGCTACTCGGGAAGCTGAGGCAGGAGAATCACTTGAACTCGGGAGGCGTAGGTTGCAGTGAACCAAGATTGCGCCACTGCACTCCAGCCTGGTCAACAAGAGCGAAACTCCGTCTCAAAAAAAAAAAAAAAAAGAA","GGCCAGGCACGGTGGCTCACGCCTGTAATCCCAGCACTTTGGGAGGTCAAGGCAGGTGGATCACCTGAGGTCAGGAGTTCGAGACCAGCCTGCCCAACATGGCGAAACCCTGTCTCTACTAAAAATACAAAAAATTAGCCAGACGTGGTGGCGGGCGCCTGTAATCCCAGCTACTTGGGAAGCTGAGGCAGGAGAATCGCCTGAACCTGGGAGGCGGAGGTTGCAGTGAGCCAATATTGCGCCACTGTGCTCCAGCCTGGGCGACAAGAGCAAAACTCCGTCTCAAAAGAAAAAAAAGATTAAAAA"
"chr1","28450298","28450612","KN295523v1","2221436","2221738","51","26228862","GCTGGGTGTGGTGTTGTATGCCTGTAGTCCCAGCTACTCAGGAGGCTGGGCTGAGGTGGGTGGATCTCCTGAGGTCAGGAGTTCGAGACCAGCCTGGCCAACATTATGAAACCCTGTCTCTACCGAAAACACAAAAATTAGCTGGGCGTGGTGGCAGGTGCCTGTAATCCCAGCTACTTGGGAGGCTGAGGCAGGAGAATCACTTGAACCCGGGAGGTGGAGGTTGCAGTGAGCCGAGATCAAGCCACTGCACCCCAGTCTGGGCAGGAAGAGCAAGACTCTGTCTCGAAAAAATAAATAAGTAATAAATAATAA","GGCTGGATGCAGTGGCTCACGCCTGTAATCCCAGCACTTTGGGAGGCCGAGGCGGGCGGATCACCTGAGGTCAGGAGTTCAAGACCAGACTGGCCAACATGATGAAACTGTCTCTACTAAAAATACAAAAAGTAGCCAGGCATGGTGGCAGGCACCTGTAATCCCAGCTACTTGGGAGGCTGAGGCAGGAGAATCACTTGAACCCGGGAGGCGGAGGTTGCAGTGAGCTGAGATCATGCCACTGCACTCCAGCCTGGGCAAGAAGAGCAAAACTCTGTCTTAAAAAAAAAAAGAAAAAAAAAA"
"chr1","28457414","28457696","KN295596v1","1924896","1925180","43","26532518","GCCGGGCACAGTGGCTCACTCCTATAATCCCAGCACTTTGGGAGGCCGAGGCAGGATGATCACTTGAGGTCAGGAGTTCCAGACCAGCCTGGCCAATATGGTGAAATCCCATCTCTACTAAAAATACAAAAATTAGCCAGATGCCTATAATCTCAACTACTGGGGAGGCTGAGGCAGGAGAATCGCTTGAACCCAGGAGGTAGAGGTTGCAGTGAGCCGAGATAGCACTACTGCACTCCAGCCTGAGCAAGGAGAACGAAACTCCGTCTCAAAAAAAAAAGAA","GGCTGGTCATGGTGGCTCATGCCTGTATTCCCAGCACTTTGGGAGGCCAAGGCGGGAGGATCACCTAAGGTCAGGAGTTCGAGACCAGGCTGGCCAACATGGTGAAACCCCATCTCTACTAAAAATACAAAAAAATTAGCCAGGTGCCTGTAATCCCAGCTACTCGGAAGGCTGAGGCAGAAGAATCACTTGTACCCAGGAGGCGGAGGTTGCAGTGAGCCGAGATTGTACCACTGCACTCCAGCCTGGGCAAGAAGGGCAAAACTCTGAGTCAAAAAAAAAGAA"
"chr1","28485982","28486275","KN295523v1","556214","556518","52","27929768","GGCTGGGTACAGTGGCTCATGCCTGTATCCTAGCACTTTGGGAGGCCAAGGCAGGAGGATCACCTGAGGTCAGGAATTCGAGACCAGCACGGCCAACGTGGTGAAACCCCGTCTCTACTAAAAATACAAAAAATTAGCTGGGTGACAGGCCCCTATAATCCCAGCTATTCAGCAGGCTGAGGCAGGAGAATCCCTTGAATCCTAGAGGTGGAGGAACCCGGGAGATCGCACCACTGCACTCCAGCCTGGGCAACAAGAGTGAAACTCCATCTAAAAAAAAACAAAAACCAAAAA","GGCCAGGTGCAGTGGCTCATGCCTGTAATCCCAGCACTTTGGGAGGCCGAGGCAGGTGGATCACCTGAGGCCAGGAGTTTGAGACCAGCCTGGCCAACATGGTGAAACCCCGTCTCTACTAAAAATACAAAAATTAGCTGGGCATGGTGGCAGGTGCCTGTAATCCCAACTACTTGGGAGGCTGAGGCAGGAGAATCACTTGAACCTGGGAGGTGGAGGTTGCAGTGAGCCGAGATCACGCCACTGCCCTCCAGCCTGGGAGACAAGAGTGAAAGTCCATCTCAAAAAAACAAACAAACAAAAAA"
"chr1","28594066","28594370","KN295090v1","2881719","2882025","40","25712347","GCTGGGCATAGTGGCTCACGCCTGTAATCCCAGCACTTTGGGAGGCCGAGGTGGGCAGATTACCTGACGTCAGGAGCTCAAGGCCAGCCTGGTCAACATGGCAAAACTCCATCTCTACTAAAAACACAAAAATTAGCTGGGCATGGTGGCGTGTGCCTGTAATCCCAGCTACTCTGGAGGCTGAGGCAGGAGAATTGCTTGAACCCAGGAGGCAGAGGTTGCAGTGAGCCAAGATCATGCCACTGCACTCTAGCCTAGGCAACAATAACAAAACTTCATCTCAAAAAATAATAAAATAAAAATAA","GGCTGGGCGCTGTGGCTCACACCTGTAATCCCAGCACTTTGGGAGGCCAAGGTGGGCAGATCACCTGAGGTCAGGAGTTCAAGACCAGCCTGGACAACATGGTGAAACCCCGTCTCTACTAAAAGCACAAAAATTAGCCGGGCGTGGTGGTGGGTGCCTGTAATCCCAGCTAGTCAGGAGGCTGAGGCAGGAGAATCGCTTGAACCCAGGAGGCGGAGGTTGCAGTGAGCCGAGATCGTGCCACTGCACTCCAGCCTGGGCAATAAGAGCAAGACTCCATCTCAAAAAAAAAAAGAAAAAGAAAAGA"
"chr1","28608015","28608300","KN294911v1","3417560","3417842","39","25190455","GGCTGGGTGCGGTGGCTCACGCCTGTAATCCCAGCATTTTGGGAGTCTGAGGCAGGCGGATCACCTGACATCAAGAGTTCAAGACCAGCCTGGTCAACATAGTGAAACCCTGTCTCTACTAAAAAAATACCAAAACTTAGCCAGGCGTAGTGGCGAGCGCCTGTAATCCCAGCTACTCGGGAGGCTGACAGGAGAATCGCTTGAACCCAGGAGGCGGAGGTTGCAGTGAGCCGAGATCACACCACCGCACTCCAGCCTGGGCAACAAGAGTGAAACTCCGTCTCAA","GACCCGGCACGGTGGCTCACGCCTGTAATCGCAACACTTTGGGATGCTGAGGCAGGCGGATCACCTGAGGTCAGGAGTTTGAGACCAGCCTGGCCAACATGGTGAAACCCGTCTCTACTAAAAATACAAAACTTAGCCAAGAGTAGTGGCACACGCCTGTAATCCCAGCTACTCAGGAGGCTGAGGCAGGAGAATCGCTTGAACCCGGGAGGCGGAGGTTGCAGTGAGTCAATATTGCACCACTGCACTCCAGCCTGGGGAACAAGAGTGAAACTCTGTCTCA"
"chr1","28642433","28642734","KN297197v1","1630263","1630561","43","27012170","GGCTGGGCGTGGTGGCTCAGGCCTGTAATCCCAGCACTTTTTGGGAGGCCGAAGCGGGCGGATCACCTGAGGTAGGAGTTGAAGACCAGCCTCGCCAACGTGGTGAAACCTGGTCTCTACTAAAAATACAGAAAAATTAGCTGGGCGTGGTGGCAGGCACCTGTAATCCAAGCTACTCAGGAGGCTGAGGCAAGAGAATTACTTGAACCCGGGACGTGGAGATTGCAGGGAGCCGAGATCACGCCACTGCCCTTCAGCCTGGGCAACAAAAGCGAAACTGCATCTAAAAAACACAAAAAAAA","GGCTGGGCGCGGTGGCTCACTCCTGTAATCCCTGCACTCTGGGAGGCCGAGGCGAGTGGATCACCTGAGGTGAGGAGTTTGAGACCAGCCTGGCCAACATGATGAAACCCCATCTCTACTAAAAATACAAAAAATTAGCAGGACGTGGTGGCGGGCACCTGTAATCCCAGCTACTCAGGAGGCTGAGGCAGGAGAATTGCTTGAACCCGGAAGGCGGAGATTGCAGTGAGCCAGGATCGCGCCACTGCACTCCAGCCTGGGCAACAAGAGCAAAACTCTGTCTCAAAAAAAAAAAAAAA"
"chr1","28665634","28665936","KN295705v1","2422724","2423022","35","26242910","GGCTGGGCGCAGTGGCTCGCGCCTGTAATCCCAGCACTTTGGGAGGCCGAGGCAGGTGGATCACCTGAGGTCAGAAGTTTGAGGCCAGCCTGGCCAACATGGTGGAACCCCGTCTCTACTAAAAACTACAAAAAAAATTAGCTGGGTGTAGTGGCAGGCACCTGTAATTACAGCTACTCAGGAGGCTGAGGCAGGAGAATCACTTGAACCCGGGAGGCAGAGGTTGCAGTGAGCAGAGATCACGCCACTGCACTCCAGCCTGGGCAACAAGGGTGAGATTCCGTCTCAAAAAAAAAAAAAGAA","GGCTGGGGGTGGTGGCTCACGCCTGTAATCCCAGCACTTTGGGAGGCCAAGGCAGATGGATCACCTGAGGTCAGGAGTTTGAGACCAGCTTGGCCAACATGGTGAAACCCTGTCTCTACTAAAAATACAAAAATTCACTGGGTGTAGCGGAGTGCACCTGTAATCCCAGCTACTCAGGAGGCTAAGACAGGAGAATCACTTGAACCCGGGAGGCAGAGGTTGCAGTGAGCTGAGACCTCGCCACTGCACTCCAGCCAGGGCAAAAACAGTGAAACTCTGTCTCAAAAAAAAAAAAAAAA"
"chr1","28695315","28695618","KN295090v1","2881719","2882025","36","25813596","GCCGGGCCCGGTGGCTCATGGCTGTATCCCAGCACTTTAGGAGGCCAAGGCAGGCAGATCACCTGAGGTCAGGAGTTTGAGACCAGCCTGGCCAACATGGCGAAACCCCATCTCTACTAAAAGTACAAAAATTAGCCGGGGTGGTGGTGGGCGCCTGTAATCCCAGCTACTCAGGAGACTGAGGCAGGAGAATCGCTTGAACCCGGAAGGCAGAGATTGCAGTGAGCTGAGATCATGCCACTGTACTCCAGCCTGGTCAACAAGAACAAGACTTCATCTCAGAAAAAAAAAAGAAAGAAAAAAA","GGCTGGGCGCTGTGGCTCACACCTGTAATCCCAGCACTTTGGGAGGCCAAGGTGGGCAGATCACCTGAGGTCAGGAGTTCAAGACCAGCCTGGACAACATGGTGAAACCCCGTCTCTACTAAAAGCACAAAAATTAGCCGGGCGTGGTGGTGGGTGCCTGTAATCCCAGCTAGTCAGGAGGCTGAGGCAGGAGAATCGCTTGAACCCAGGAGGCGGAGGTTGCAGTGAGCCGAGATCGTGCCACTGCACTCCAGCCTGGGCAATAAGAGCAAGACTCCATCTCAAAAAAAAAAAGAAAAAGAAAAGA"
"chr1","28771848","28772145","KN294182v1","193047","193344","32","28578801","GGCCGGGCGCGGTGGCTCATGCCTGTAATCCCAGCACTTTGGGAGGCAGAGGCGGGTGGATCACTTGAGGTCAGGAGTTCAAGACCAGCCTGGCCAACATGGTGAAACGCCATCTCTACTAAAAATACAAAAATTAGCCGGGCATGGTGGCAGGCACCTGTAATCCCAGCTACTCGGGAGGCTGAAGCAGGAGAATTGCTTGCACGTGGGAAGCAGACGTTGCAGTGAGCTGAGATTGTGCCACTGCATTGCAGCCTGGGCAACAAGAGCAAAACTCCATCTCAAAAAAAAAAGAAAA","GGCTGGGCGCGGTGGCTCACACCTGTAATCCCAGAACTTTGGGAGGCTGAGGCAGGTGGATCACCTGAGGTCAGGAGTTGGAGACCAGCCTGGTCAACATGGTGAAACTCCATCTCTACTAAATATGCAAAAATTAGCCAGGCATGGTGGCAGTCGCCTGTAATCCCAGCTACTCGGGAGGCTGAGACAGGAGAATTGCTTGAACCTGGGTGGCAGAGGTTGCAGTGAGCCAAGATCGTGCCACTGCACTCCAGCCTGGGCAACAAGAGCGAAACTTCATCTCAAAAAAAAAAAAGAA"
"chr1","28850777","28851085","KN296743v1","245342","245652","40","28605435","GGCCGGGAGCAGTGGCTCACACCTGTAATCCCAGCACTTTGGGAGGCCCAAACAGGTGGTTCACCTGAGGTCAAGAGTTCAAGACCAGCCTGGCCAACATGGTGAAACCCCATCTCTACTAAAAATACAAAAATTAGCTGGGCGTGGTGGCGCCAGCCTGTAATCCTAGCTACTTGGGAGGCTGAGGCAGGAGGATCGCTTGAACCCAGGAGGCAAAGGTTGCAGTGACCAGGATAGCACCACTGCACACCAGCCTGGGCAACAGGAGCAAAACTTCGTCTCAAAAATAAATAAATAAATAAATAAAAA","GGCCGGGCGCAGTGGCTCACGCCTGTAATCCCAGCACTTTGGGAGGCCGAGGCAGGCGGATCACCTGAAGTCAGGAGTTCAAGACTAGCCTGGCCAACATGGTGAAACCCTGTCTCTACTAAAAATACAAAAATTAGCTGGGCGTGGTGGCAGGCGCCTGTAATCCCAGCCACTTGGGAGGCTGAGGCAGGAGAATCACTTGAACCCTGGAGGCGGAGGTTGCAGTGAGCCGAGATCGTACCACTGCACTCCAGCCTGGGCAATAAGAGCAAAACTCCATCTCAAAAAAAAAAGAAAAAAAAGAAACAAAA"
"chr1","28855669","28855969","KN295814v1","769523","769821","31","28086146","GCCAGGCGTTGTGACTCACGCCTGTAATCCCAGCACTTTGGGAGGCTGAGGTGGGTGGATCACCTGAGGTCAGGAGTTTGAGACCAGCCTGGCCAACATGGTGAAACCCCGTCTCTACTAAAAATACAAAAATTAGCCGGGTGTGGTGGCAGGCACCTGTAACCCCAGCTACTCGGGAGGCTGAGGCATGAGAATCACTTGAACCCGGGAGGCGGAGGTTGCAGTGAGCTGAGATCGTGCCACTGTACTTTAGCCTGGACAACAAGAGCAAAACAATGTCTCAAAAACAAAAACAAAAAAA","GCCAGGTGCAGTGGCTCACGCCTGTAATCCCAGCACTTTGGGAGGCCGAGGCAGGCGGATCATTTGAGGTCAGGAGTTTGAAACCAGCATGGCCAACATGGTGAAACCCCATCTCTACTAAAAATACAAAAATTAGCCAGGCATGGTGGCGGGCACCTGTAAGCCCAGCTACTCGGGAGGCTGAGGCATGAGCATCACTTGAACCCGGGAGGCAGAGGTTGCAGTGAGCTGGGATCGTGCCACTGTACTCCAGCCTGGGCAACAAGAGTGACACTCTGTCTCAAAAAAAAAAAAAAAAA"
"chr1","28873050","28873347","KN297176v1","238646","238944","43","28634404","GGCTGGGCGCGGTGGCTCACGCCTGTAATCCCAACACTTTGAGAGGCGAAGGCAGGTGGGTCACCTGAGGTCAGGAGTTCCAAGACTAGCCTGGACAACATGGCGAAACCCCATCTCTACTAAAAATACAAAAAATTAGCTGGGTGGGATGGCGCGCCCGCAATCCCAGCTGCTTGTGAGGCTGAGGCAGGAGAATCGCTTGAACCTGGGAGACAGAGGTTGCAATGAGCCTAGATTGTGCCACTGGACTCCAGTCTGGGCAATAAAAGTGAAACTCTGTTTCAAAAAAAAAAAGAAA","GGCCGGGCACGGTGGCTCACGCCTCTAATCCCAGCACTTTGGGAGGCCAAGGCGGGCGGATCACCTGAGGTCAGGAGTTCAAGACCAGCCTGGCCAACATGGCGAAACTCCGTCTTTACTAAAAATACAAAAAATTAGCCGGCCATGGTGGCGTGCTTGTAGTCCCAGCTACTTGGGAGGCTGAGGCAGGAGAATTGCTTGAACCTGGTAGGCAGAGGTTGCAATGAGCCAAGATCGTGCCACTGCACTCCAGACTGGGCAACAACAGCGAAACTCCATCTCAAAAGAAAAAAAAGAAA"
"chr1","28931674","28931983","KN295294v1","849337","849645","33","28082337","GGCTGGGCACAGTGGCTCACGCCTGTAATCCCAGCACTTTAGGAGGCCAAGGCAGGTGGATCACCTGAGGTCAGGAGTTCGAGACCAGCCTGGCCAACATGATGAAACCCCATCTCTACTAAAAATACAAAAAATTAGCCAGACTTGGTGGCAGGCACCTGTAGTCCCAGCTACTTGGGAGGCTGAGGCAGGAGAATTGCTTGAACTCAGGAGGTGGAGGTTGCAGTGGGCCGAGATCATGCCACTGCACTCCAGCCCGTGCAACAAGAGTGAAACTCTGTCTCAAAAAAAAAAAAAAGCAAATAAATAA","GGCCGGGCACTGTGGCTCACGCCTGTAATTCCAGCACTTTGGGAGGCCAAGGCAGGTGGATCACCTGAGGTCAGGAGTTCGAGACCAGCCTGACCAACATAGTGAAACCCCATCTCTACTAAAAATACAAAAATTAGCTGGGCATGGTGGTGGGCGCCTGTAATCCCAGCTACTCCAGAGGCTGAGGCAGGAGAATTGCTTGAACCCAGGAGGCGGAGGTTGCAGTGAGCCGAGATCACGCCACTGCACTCCAGCCTGGGCAACAAGAGTGAAACTCCATCTCCAAAAAAAAAAAAAAAAAAAAGAAAA"
"chr1","28961525","28961825","KN296381v1","355929","356232","37","28605596","GGCCAGGCACAGTGGTTCACACCTGTAAGTCCAGCACTTTGGGAGGCTGAGGCGGGCAGATCATCTGAGGTCAGGAGTTCAAGACCAGCCTGGCCAACATGATGAAACCTTGTCTCTACTAAAAATACAAAAAATTAGCCAGGCATGGTGGCAGTTGCCTGTAATCCCAGCTACTCGGGAGGCTGAGGCAGGAGAACCACTTGATTCCGGGAGGCGGAGGTTGCAGTGAGGTGAGACTCCATCACTGCACTCCAGCCTGGGCAACAAGAGCAAAAGTCCGTCTCAAAACAAAACAAAACAA","GGCCGGGCACGGTGGCTCACACCTGTAATCCCTGCACTATGGGAGGCTGAGGCGGGTGGATTACCTGAGGTCAGGAGTTGGAGACCAACCTGGCCAACATGATGAAACCCTGTCTCTACTAAAAATACAAAAATAATTAGCCAGGCGTGGTGGCAGGCGCCTGTAATCCCAGTTACTCAAGAGGCCTGAGGCAGGAGAACCACTTGAATCCGGGAGGCGGAGGTTGCAGTGAGCTGAGATTGTACCACTGCACTCCAGCCTGGGCAACAAGAGCAAAACTCTATCTCAACAACAACAACAACAA"
"chr1","28981555","28981865","KN295304v1","46058","46359","39","28935497","GGCCGGGCATGGTGGCTCACGCTTGTAATCTCAGCACTTTGGGAGGCCAAGGCAGGCGGATCACCTGAGGTCAGGAGTTTGAGACCAGCCTGGCCAACATGGTGAACTCCCGTCTCTACTAAAAATACAAAAATTAGCCGGGTGTGTTGGCAGGTCCCTGTAATCCCAGCTACTCGGGAGGCTGAGGCAGGAGAATTGCTTGAACCCGGGAGGTGGAGGTTGCAGTGAGCCTAGATCACACCACACCACTGCACTCCAGCCTGGGGTATAAGAGTGAGACTTCGTCTCAAAAAAAAAAAGAAATAAAGAAA","GGCCAGGCGTGGTGGCTCACGCCTGTAATCCCAGCACTTTGGGAGGCCAAGGCGGGCAGATCACCTGAGGTCAGGAATTCGAGACCAGCCTGGCCAACATGGTGAAACCCCGTCTCTACTAAAAATACAAAAATTAGCCGGGCATGGTGGTAGGCATCTGTAATCCCAGCTTCTCGGGAGGCTGAGGCAGGAGAATCGCTTGAACCCGGGAGGCGGAGGTTGTAGTGAACGAAGATCGCGCCACTGCACTCCAGCCTGGGGGACAAGAGCGAGACTTCGTCCAAAAAAAAAAAACAAAAAAA"
"chr1","29044686","29044935","KN295382v1","229095","229345","51","28815591","GGCCGGACGCGGTGGCTCACACCTGTAATCCCTACACTTTGGGAGGTGGAGGCGGGTGGATCACCTGAGGTCAGGAGCTCGAGACCAACCTGGCCAACACGATGAAACCCTGTCTACTTGGGAGGCCTGAGGCAGGAGAATCACTTGAACCCAGGAGGCGGAGGTTGCAGTGAGCTTAGATCGCACCACTGCACTCCAGCCTGTGGGCAACAAGAGTGAAACTCCATCTCCAAGGGGAAAAAAAAAAAAA","GCCGGACTGCGGTGGCTCACGCCTATAATCCCAGCACTTTAGGAGGCCGCGGTGGGTGGATCACCTGAGGTCAGGAATTCGCGACCACCCTGGCTAACATGGTGAAACCCCGTTTCTACTACAAATACAAAAAGCGCAGGAGAATCGCTTGAACACGGGAGGCGGAGGTTGCAGTGAGCCGAGATCGCGTCACTGCACTCCAGCTTGGGCAACAAGAATGAAACTCCGTCTCAAAAAAACAAAAATAACAA"
"chr1","29064683","29064839","KN296726v1","834547","834705","26","28230136","TAGCCAGCCCTGGTGTCAGGCACCTATAATCCCAGCTACTCAGGAGGCTGAGGCAGGAGAATTGTTTGAACCCAGGGGGCAGAGGTTGCAGCGAGCCAAGGTCATGCCACTTCACTCCAGCCTGGGCAAAAGAGCAAAACTCTGTCTCAAATAAAAA","TAGCCAGGCATGGTGGTGGGCACCTGTAATCCCAGCTACTCAGGAGGCTGAGGCAGGAGAATCGCTTGAACCCAGGAGGCGGAGGCTGCAGTGAGCCAAGATCGCGCCACTGCACTCCAGCCTGGGCAACAAGCGGAACTCCATCTCTAAAAAAATAAA"
"chr1","29082923","29083206","KN296883v1","3124205","3124494","38","25958718","CTCACGCCTGTAATCCCAGCATTTTGGGAGGCCAAGGTGGGTGGATCACTTGAGCTCAGGAGTTCGATACCAGCCTGGCCAACATGGTGAAACCCTGTCTCTAACTAAAAATAACAAAAAATTAGCTGGGCGTGGTGGCGGGCGCCTGTAATCTCAGCTACTCGGGAGGCTGAGGCAGGAGAATGATGAACTCAGGAGGCGGAGGTTGCAGTGAGCCAAGATGGCGCCACTGCACTCCAGCCTGGGCTACAAGAGCGAAACTCCGTCTCAAAAAAAAAGAAAAA","GTGGTGTTCACGCCTGTAATCCCAGCACTTTGGGAGGCCGAGGTGGGTGGATCACCTGAGGTCAGGAGTTCAAGACCAGCCTGGCCAACTTGGTGAAACCCTGTCTCTACTAAAAATACAAAAAAATTAGCTGAGCGTGGTGGAGTGTGCCTGTAGTCCCAGTTACTCGGGAGGCTGAGGCAGGAGAATTGCTTGAACCCAGGAGGTGGAGGTTGCAGTGAGCCCAGATCGCACCACTGCCCTCCAGCCTGGGCAACAACAGCAAAACTCTGTCTCAAAAAAAAAAAAAA"
"chr1","29147591","29147895","KN296322v1","2331544","2331850","42","26816047","GGCTGGGCGCGGTAGCTCACGGCTGTAATCCCAGCACTTTGGGAGGCCAAGGCAGGCAGATCACCTGAAGTCAGGAGTTTAAGACCAGCCTGGCCAACATGGCGAAACCCCATCTCTATTAAAAATATAAAAATTAGCTGGGCATGGTGGCGGGCACCCGTAATCCCAGCTACTCAGGAGGCTGAAGTAGGAGAATTGGTTGAACCCGGGAGGCAGAGGTTGCAGTGAGCTGAGATCGCGCCACTGAACTCCAGCCTGGGCCACAAGAGCCAAACTCCATCGGAAAGAAGGGAAGAAGGGAAGAA","GGCTGGGCGTGGTGGCTCATGCCTGTAATCCCAACACTTTGGGAGGCCGAGGTGGGCAGATCACCTGAAGTCAGGAGTTTGAGACCAGCCTGGCCAACATGGTGAAACCCTGTCTCTACCAAAAATACAAAAATTAGCTGGGCATGGTGGTGGGCGCCTGTAATCGCAGGTACTCAGGAGGCTGAGGCAGGAGAATTGCTTGAACCCGGGAGGCGGAGGTTGCAGGGAGCTGAGATTGCACCACTGCACTCGAGCCTGGGCAACAAGAGCGAAACTCCATCTCAAAGAAAAAAAAAAAAAAAAGAAA"
"chr1","29190915","29191223","KN295090v1","2881719","2882025","36","26309196","GGCCGGGCATGGTGGCTCACACCTGTAATCCCAGCATTTTGGGAGGCCAAGGTGGGCGGGTCACCTGAGATCAGGAGTTCGACACAGCCTGGCTAACACGGTGAAACCCCGTCTCTACTAAAAATACAAAAAATTAGCTGGGCATGGTTGGTGGCAGGCGTCTATAATCCCAGCTACTCGGGATGCTGAGGCAGGAGAATCACTTGAACCGAGGAGGCGGAGGTTGCAGTGAGCCAAGATCGTGCCACTGCACTCCAGCCTGGGCAATAAGAACAAGACTCCATCTCAAAAAAAAAAAAAAAAGAATAA","GGCTGGGCGCTGTGGCTCACACCTGTAATCCCAGCACTTTGGGAGGCCAAGGTGGGCAGATCACCTGAGGTCAGGAGTTCAAGACCAGCCTGGACAACATGGTGAAACCCCGTCTCTACTAAAAGCACAAAAATTAGCCGGGCGTGGTGGTGGGTGCCTGTAATCCCAGCTAGTCAGGAGGCTGAGGCAGGAGAATCGCTTGAACCCAGGAGGCGGAGGTTGCAGTGAGCCGAGATCGTGCCACTGCACTCCAGCCTGGGCAATAAGAGCAAGACTCCATCTCAAAAAAAAAAAGAAAAAGAAAAGA"
"chr1","29237150","29237441","KN296594v1","636925","637224","43","28600225","GGCCAGGTGCGATGGCTCACGCCTGTAATCCCAGCACTTTGAGAGGCTGAGGTGGGCGGATCACCTGAGATCAGGAGTTCTAGACTACCCTGGCCAACATGGTGAAACCCCGTCTCTACTAAAAATACAAAGTTAGCCAGGCGTGGTGTCAAGTGCCTGTAATCCCAGCTACTCGGGAGGCTGAGCCAGGAGAATCGCTTGAACCCGGAAGAAGGTCATTGCAGTGAGCCAAGATCGCACCACTGCACTCCAGCCTGGGCAGCTGAGACTCCGTCTCAAAAAAATAAATAAA","GGCCAGGCGCAGTGGCTCACGCCTGTAAACCCAGCACTTTGGGAGGCTGAGGTGGGTGGATCACCTGAGGTCAGGAGTTTGAGACCAGCCTGACCAACATGGTGAAACCCCATCTCTACTAAAAATACAAAAAATTAGCCTGGCGTGGTGGCAGGTGCCTGTAATCCCAGCTACTCGGGAGGCTGAGGCAAGAGAATCGCCTGAACCCAGGAGGTGGAGGTTGCAGTGAGCCAAGATTGCACCACTGCACTCCAGCCTGGGCAACGAGAGCAAAACTTTGTCTAAAAAAAAAAAAAAAAA"
"chr1","29260123","29260424","KN294821v1","89447","89748","43","29170676","GGCCGGGAGCGGTGGCTCACGTCTATAATAATCCCAGCATTTTGGGAGGCTGAGGCAGGCGGATCACCTGAGGTCAAGAGTTCAAGATCAGCCTGGCCAACGTGGTGAAACCCCGTCTCTACTAAAAGTACAAAAATTAGCTGGGCATGATGGCAGGCCCCTGTAATCCCAGCTACTCAGGGGCCTGAGGCAGGAGAATCGCTTGAACCTGGGACGCGGAGGTTGTAGTGAGCCGAGATAGCGCCACTGCACTCCAGCCTGGGCAACAAGGGCGAGACTCCATCTCAAAAAAAAAAGTAAAA","GACCGGGTGTGGTGGCTCACACCTGTAATCCCAGCACTTTGGGAGGCTGAGGCGGGCAGATCACCTGAGGTCAGGAGTTCAAGACCAGCCTGGCCAACATGGTGAAACCACATCTCTACTAAAAGCACAAAAATTAGCTGGGTGTAGTGGCAGGCGCCTGTAATCCCAGCTACTCAGGAGGCTGAGGAAGGAGAATTGCGTGAACCCGGGAGGTGGAGGTTGCAGTGAGCAGAGATCGCACCACTGCAATCCAGCCTGGGCAACAAGAGAGAGACTCCGTCTCAAAAAAAAATAAGAAAAAA"
"chr1","29333991","29334289","KN294372v1","1816578","1816877","37","27517413","CCGGGCACGGTGGTTCACGCCTGTAATCCCAGCACATTGGGAGGCCAAGGCAAGTGGATCACCTGAGGTCAGGAGTTTGAGACCACCCTGACCAACATAGTGAAAGCGTGTCTCTATTAAAAATACAAAAAATTAGCTGGGCATGATGGCGGGTGCCTGTAATCCCAGCTACTTAGGAGGCTGAGGCAGGAGAATCACTTGAACCCGGGAGGCGGAGGTTGCAGTGAGCCGAGATCGCGCCACTGCACTCCAGCCTGGGCAACAAGAGCGAAACTCCGTCTACAAAAAAAAAAAAAAAA","GGCCGGGCGCTCACGCCTGTAATCCCAGCACACTTTGGGAGACCGAGGCAGGTGGATCACCTGAGGTCAGGAGTTCGAGACCAGCCTGGCCAACATCGTGAAACCCCGTCTCTACTAAAAATACAAAAAATTAGCTGGGCATGGTGGCGGGTGCCTGTAATCCCAGCTACTCCGGAGGCTGAGGCAGGTGAATTGCTTGAACCCAGGAGGCAGAGGTTGCAGTGAGCCAAGATTGCGCCACTGCACTCCAGCCTGGGCAACAAGAGGGAAACTACATCTCAAAAAAAAAAGAGAAAAAAA"
"chr1","29402889","29403000","KN295077v1","540029","540136","21","28862860","ACTTGGGAGGCTGAGAGGTTGCAGTGAGTTGAGATTGCGCCACTGCACTCCAGCCTGGGCAACAAGAGTGAAACTCCATCTCAAAAAATAAATAAATAAATAAAATAAAAAA","CTTGAACCCCAGAGGCAGAGGTTGCAGTGAGCTGAGATCGAGCCACTGCACTCTAGCCTGGGCAACAAGAGTGAAACTCCATCTCAAAAAAAAAAAAAAAAAAAAAAA"
"chr1","29414555","29414852","KN296508v1","1861452","1861744","31","27553103","GGCCGGGCGTGGTGGCTCACACCTGTAATCCCAGCACTTTGGGAGGCCAAGGTGGGTGGATCACCTGAGGTCAGGAGTTCGAGACCAGCCTGGCTAACAAGGTGAAATCCCGTTTCTACTAAAAATACAAAAAATTTGCTGGGCGTGGTGGTGTGCGCCTGTCATCCCAGCTACTTGGGAGGCTGAGGCAAGAGAACTGCTTGAACCCAGGAGGCGGAGGTTGCAGTGAGCCGAGATCGCGCCACTGCACTCCAGCTTGGGCAACAAGAGCGAAACTCCGTCTCAAAAAAACAAAAAA","GGCCAGGCGCGGTGGTTCATGCCTGTAATCCCAGCACTTTGGGAGGCCGAGGTGGGTGGATCACCTGAGGTAAGGAGTTCGAGACCAGCCTGGCTAACATGGTGAAACCCCATTTCTACTAAAAATACAAAAAATTAGCTGGGCATGGTGGCACACGCCTGTAATCCCAGCTACTTGGGAGGCTGAGGCAGGAGAATGGCTTGAACCCAGGAGGCAGAGGTTGCAGTGAGCTGAGATCATGCCACTGCACTGCAGCTTGGGCAACAAGAGCAAAACTCCGTCTCAAAAAAAAA"
"chr1","29584146","29584434","KN296732v1","1792478","1792756","38","27791668","CTGGGCATGGTGGCTCAGGTAGGCCTATAATCCCTGCACTTTGGGAGGCCGAGGCAGGTGCATCACCTGAGGTCGGGAGTTCGAGACCAGCCTGGCCAACATGATGATACCCTGTCTCTACTAAAAATACAAAAAATTAGCCGAGTGTGGTGGTGGGCGCCTGTAATCCCAGCTACTCAGGAGGCTGAGGCAGGAGAATCACTTGAACCCAGGAGGCAGAGGTTGCAGTGAGCCAAGACTGCATCACTGCACTCCACGCCGTGGACGAACAAGAGCTAAACTCTCGTCT","GCTGGGCACGGTGGCTAACGCCTATAATCCCAGCACTTTGGGAGGTCGAGGCAGGTGGATCACTTGAGGTCAGGAATTCGAGACCAACCTGGCAAACATGGTGAAACACTGTCTCTACTAAAAATACAAAAATTAGCTGGGCGTGGTGGTGGGCACCTATAATCCCAGCTACTCAGGAGGCTGAGGCAGGAGAATCACTTGAACCCGGGAGGCGGAGGTTGCAGTGAGCCAAGATCGCACCACTGCACTCCAGCCTGGGCAACAAGAGCGAAACTCCAT"
"chr1","29976985","29977299","KN296062v1","1513349","1513658","33","28463636","GGCCAGGCATGGTGGCTCATGCCTGTAATCCCAGCAATTTGTTGGGAGGCCGAGGCGAGTGGATCACCTGAGGTCAGGAGTTTGAGACCAGCCTAGCCAACATGGTGAAACCCCATCTCTACTCAAAATACAAAAAATCAGCCAGGCGTGGTGGTGGGAACCTGTAGTCCCAGCTACTGGAGAGGCTGAGGCAGGAGTATCGCTTGAACCCGGGAGGCGGAGGTTGCAGTGAGCCGAGATTGTGCCACTGCACTCCAGCCTTGGCAACAAGAGCAAAACTCCGTCTCAAAAAAAAAAAAAAAAAAAAGAAAAAAA","GGCCGGGCACGGTGGCTCACGTCTGTAATCCCAGCACTTTGGGAGGCCGAGGTGGACAGATCACCTGAGGTCAGGAGTTCGAGACCAGCTGGCCAACATGGTGAAACCCCATCTCTACTGAAAATACAAAAAATCAGCCAGGCATGGTGGTGCGCACCTGTAGTCCCAGCTACTCAGGAGGCTGAGGCAGGAGAATCGCTTGAACCTGAGAGGCAGAGGTTGCAGTGAGCCGAGATCATGCCACTGTACTCCAGCCTGGGCAACAAGAGCAAAACTCCATCTCAAAAAAAAAAAAAAAAAAAAAAAAAAA"
"chr1","30366149","30366464","KN296096v1","2223591","2223902","35","28142558","GGCCTGGCATGGTGGCGCACACCTGTAATCCCAGCACTTTGGGAGGCTGAGGCAGACAGATCACTTCAGGTCAGGAGTTCGAGACCAGCCTGGCCAACATGGTGAAACCTCATCTCTACTAAAAATATAAAAATTAGCTGGGTGTGGTGGCAGGTGCCTGTAATCCCAGCTACTCAGGAGGCTGAGGCAGGAGAATCATTTGAGCCTAGGAGGCAGAGATTGCAGTGAGCCGAGATCACGCCACTGCACTCCAGCCTGGGCAACAAGAGCAAAACTCCATCTACAAAAAAAAAAAAGTAAAAGTAAAGAAAAGAAA","GGCCGGGCATGGTGGCTCACACCTGTAATCCCAGCACTTTGGGAGGCCGAGGCAGGTGGATCACCTGAGGTCAGGAGTTGGAGACCAGCCTGGCCAACATGGTGAAACCTCATCCCCACTAAAAATACAAAAAATTAGCTGGGCGTGGTGGCAGGCGCCTGTAATCCCAGCTACTCGGGAGGCGGAGGCAGGAGAATCGCTTGAAGCCGGAAGGCGGAGGTCGCAGTGAGCCAAGATCGTGCCACTGCACTCCAGCCTGGGCAACAAAAGCAAAACTCCATCTCAAAAAAAAAAAAGAAAGAAAAAAAGAAA"
"chr1","30518924","30519238","KN295074v1","341643","341951","35","30177281","GGCTGGGCACGGTGGCTCACACCTGTAATCCCAGCACTTTGGGAGGCTGAAGCGGGCAGATCACCTGAGGTCAGGAGTGCAAGACCAGCCTGGCCAACATGGTGAAACCCCATCTTTACTAAAATTACAAAAAATTAGCTGGGCTTGATGGTGCGTGCCTGTAATCCCAGCTACTCGGGAGGCTGAGTCAGGAGAATCATTTGAACCCGGGAGGCAGAGGTTGCAGTGAGCTAAGATTGTGCCACTGCACTCTAGCCTGGGCAACAAGAGCAAAACTCTGTGTACAAAAAAAAAAAAAAGAAAGAAAGAAAGAAA","GGCTGGGCACAGTGGCTCACGCTTGTAATCCCAGCACTTTGGGAGGCCGAGGCAGGCAGATCACCTGAGGTCAGGAGTTCGAGACCAGCCTGGCCAACACGGTGAAACCTCATCTCTACTAAAAATACAAAAATTAGCTGGGCATGGTGGTGGGCGCCTATAATCCCAGCTGCTAGGGAGGCTGAGTCAGGAGAATTGCTTGAACCCGGGAGGCAGAGGTTGAAATGAGCCAAGATTGCGCCACTGCACTCCAGCCTGGGCAACAAGAGCAACACTCTGTCTCAAAAAAAAAAAAAAAAAAAAAAAAAA"
"chr1","30647875","30648187","KN295708v1","2854723","2855026","45","27793152","GGCTGGGCACGGTGGCTCATGCCTGCATGCCTGTAATTCCAACATTTTGGGAGGCCGAAGTGGGTGGATCACCTGAGGTCGGGAGTTCGAGACCAGCCTGGCCAACATGATGAAACCCTGTCTCTATTAAAAATACAAAAAATTAGCCAGACATGGTGGTGGACACCTGTAATCCCAGCTACTTGGGAGGCTGAGGAAGGAGAATCTCTTGAACCTGGGAGGCAGAGGTTGCCGTGAGCCAAGATCATGCCACTGAACTCCAGTCTAGGCAACGAGAGTGAAACTCCATTTCAAAAATAAATAAATAAATAAA","GGCTGGGCACGGTGGCTCACGCCTGTAATTCCATCACTTTGGGAGGCCCAGGTGGGTGGATCACTTGAGGTCAGGAGTTCCAGACCAGCCTGGCCAACATGGTGAAACCCTGTCTCTACTAAAAATACAAAAAGTAGCCAGGCATGGTGGTGGACACCTGTAATCCCAGCTACTCGGGAGGCTGAGGCACGAGAATCACTTGAACCCAGGTGGCAGAGGTTGCAGTGACCTGAGATAGGGCCACTGCCCTCTAGCCTGGGCAACAAGAGCGAAACTCCATCTCAAAAAAATAATAATAAATAAA"
"chr1","31267494","31267811","KN295459v1","634986","635295","42","30632508","GGCCAGGCGTGGTGGCTCACGCCTGTAATCCTAGCACTTTGGGAGGCCGAGGCAGGTGGATTATCAGAGGTCAGGAGTTCGAGACCAGCCTGGCCAACATGGCAAAACCCCGTCTCTACTAAAACTACAAAAATTAGCCAGGCGTGGCAGCGGGCGCCTATAATCCCAGCTACGAGAGAGGATGAGGCAGGAGAATCACTTGAACCTGGGAGGCGGAGGTTGCAGTGAGCTGAGATCGAGCCACTTCGCTCCAGCCTGGGGAAAAGAGCAAAACTCCATTTCAAAACACACACACAAAAAAAAGAAGAAGAAAAAAAA","GGCCGGGCGCGGTGGTTCACGCTTGTAATCATAGCACTTTGGGAGGCGAGGCGGGTGGATCACATGAGGTCAGGAGTTCGAGACCAGCCTGGACAACATGGCGAAACCCCGTCTCTACTAAAAATACAAAAAATTAGCCGGGCAAGGTGGCGGGCGCCTGTAATCCCAGCTACTGGGGAGGCTGAGGCAGGAGAATTACTTGAACCTGGGGGGCGGAGGTTGCAGTGAGCCGAGATCGTGCCACTTCACTCCAGCCTGGGCAAAAGAGCTAAACTCCGTCTCAAAAAAAAAAAAAAAAAAAAAAAGAAAA"
"chr1","31287588","31287901","KN294181v1","656558","656864","41","30631030","GGCCGGGCGCAGTGGCTCATGCCTGTAATCTCAGCACTTTGGGAGGCCAAGGCGGGCAGATCACCTGAGGTCAGGAGTTCGAAACCAGCCTGGCCAATAAGGCGAAACCCCATCTCTACCAAAACTACAAAAATTAGCCAGGCACAGTGGTGGGTGTCTGTAGTCCCAGCTACTTGGGAGGCTGAGGCAGGAGAATCGCTTGAACCCAGGAGGCGGAAGTTGCAGTGAGCCAAGATTGTACCACTGCACTCCAGCCTGGGGCAAAAAGAGTGAGACTCCGTCTCAAGAAAAAAAAAAAAAAAAAAAAAAAAGAA","GGCCAGGCACAGTGGCTTACACCTGTAACCCCAGCGCTTTGGGAGGCCAAGGCGGGCATATCACCTGAGGTCAGGAGTTCGAGACCAGCCTGGCCAACATGGTGAAACCCCATCTCTACCAAAAGTACAAAAACTAGCTGGGCATGGTGGTGGGTGCCTGTAATCCTAGCTACTTGGGAGGCTGAGGCGGGAGAATCACTTGAACCCAGGAGGCAGAGGTTGCAGTGAGCCAAGATCGTACCACTGCACTCCAGTCTGGGCGACAAGAGCTAGACTCCATCTCAAAAAAAAAGAAAAAAAAAAAGAA"
"chr1","31380415","31380712","KN297094v1","83549","83833","44","31296866","GGCTGGGCGTGGTGGCTCACGCCTGTAATCCCAGCACTTAAAGGGAGGCCGAGGCAGGTGGATCACCTGAGGTCAGGAGTTCAAGACCAGCCTGGCAAACATGGTGAAACCCCATCTCTAATAAAAATACCAAAAAAAAAAAAATTAGACCAGGTATGGTGGCAGGCACCTGGCTACTCAGGAGGCTGAGGCAGGAGAATCACTTAAACCTGGGAGGCAGAGGTTGCAGTGAGCCAAGATTGCGCCACTGCACTCCAGCCTGGGCAACAAAAGTGAAACTCCGTCTCAAAAAATAAAA","GGCTAGGGGTGGTGGCTCACTCCTGTAATCCCAGTACTTTGGGAGGCCAAAGCAGGTGGATCACCTGAGGTCAGGAGTTCGAGACCAGCCTTGGGCAACATGGTGAAACCCCATCTCTGCTAAAAATACAAAAAAATTAGCCAAGCATCTGTAATCCCTGCTACTTGGGAGGCCGAGGCAGGAGAATCACTTAAACCCGGGAGGCGGAGGTTGCAGTGAGCCGAGATTGCGTCACTGCACTCCAGCCTGGGCAACAAGTGTGAAACTCCCTCTCAAAAAAAAAAA"
"chr1","31429994","31430303","KN294705v1","217192","217491","26","31212802","GCCGGGTGCGGTGGCTCACGCCTGTAATCCTAGCACTTTGGGAGGCTGAGGCAGGTGGATTACCTGAGGTCAGGAGTTCGAGACCAGCCTGGCCAACATGGTGAAATCTCATCTCTACAGAAAATACAAAATTAGCCAGGCATGGTGGCGCATGCCTGTAATCCCAGCTACTTGGGGGGCTGAGGCAGGAGAATCACTTGAACCGAGGAGGCGGAGGTTGCAGTGAGCCAAGATCATGCCACTGCACTCCAGCCTAGACAACAAGAGTGAAACTTTGTCTCAAAAACAAAACAAAACAAAAACAAAAAAA","GCCGGATCCGGTGGCTCACGCCTGTAATCCTAGCACTTTGGGAGGCCGAGGCAGGTGGATCACCTGAGGTCAGGAGTTCGAGACCAGCCTGGCCAACATAGTGAACCCTCATCTCTACTGAAAATACAAAATTAGCCAGGCATGGTGGTGCATGCCTGTAATCCCAGCTACTTGGGGGGCTGAGGCAGGAGAATCACTTGAACCTGGGAGGCAGAGGTTGCAATGAGCCAAGATGGTGCCACTGCACTCCAGCCTGGACAACAAGAGTGAAACTTTGTCTCAAAAACAAAACAAAACAAA"
"chr1","31449567","31449881","KN294705v1","235051","235362","36","31214516","GGCCAGGCGTGGCAGCTCACGCCAGTAATCCCAGCACTTTGGGAGGCTGAGGCAGGTGGATCACCTGAGCTCAGGAGTTCAAGACCAGCCTGGCCAACATGGTGAAACCCCATCTCTACTAAAAATACAAAAAATTAGTTGGGCGTGGTGGCGGACGCCTGTAATTCCAGCTACTTGGGAGGTTACAGCAGGAGAATCACTTGAACCCGGGAGGCAGAGTTTGCAATGAGCTGAGATCGTGCTACTGCACTCCAGCCTGGGCAACAAGAGCAAAACCCTGTTTACAAAAAAAAAAAAAACAAAGAAAAATGAAAA","GGCCAGGGGTGGTGGCTCACACCTGTAATCCTAGCACTTTGGGAGGCTGAGGCAGGTGGATCACCTGAGGTCAGGAGTTCAAGACCAACCGGGCCAACATAGTGAAACCCCATCTCTACTAACAATACAAAAAATTAGTTGGGTGTGGTGGCAGACACCTGTAATCCCAGCTATTCGGGAGGCTGAGGCCGGAGAATCACTTGAACCTGGGAGGCGGAGGTTGCAGTGAGCTGAGATCACGCCACTGCACTCCAGCCTGGGCAACAAGAGCAAAACCTCGTTTCAAAAAAAAAAAAAGAAAAGAAAAGAAAA"
"chr1","31468685","31468986","KN295814v1","1558400","1558704","40","29910285","CTGGGCACGGTGGCTCACACCTGTAATCCCAGCACTTTGGGAGGCCGAGGTGGGCAGATCACCTGAGGGCAGGAGTTCGAGGCCAGCCTGGCCAACATGGTGAAACCCTGTCTCTACTAACAACACAAAAATTAGCTGGGTGTGGTGGCAGGTGCCTATAATCCCAGCTACTCAGGAGGCTGAGGCAGAAGAACCTCTTGAACTTGAGAGGCGGAGGTTGCAGTGAGCCGAGATTGCGCCACTGCATTCCAGCCTGGGCAACAAGAGCGAAACTCCGTTTTGGAAAACAAAACAAAACAAAA","GCTGGGCACGGTGGCTCACGCCTGTAATCCCAGCACTTTGGGAGGCCGACGCAGGTGGATCACCTGAGGTCAGGAGTTTGAGACCAGCCTGGCCAACATGGTGAAACCCCGTCTCTACTAAAAATACACAAATCAGCCAGGCGTGGTGGCAGGCGCCTGTAAGCCCAGCTACTCAGGAGGCTGAGGCAGGAGAATTGCTTGAACTCGGGAGGCAGAGGTTGCAGTGAGGCGAGATTGCGCCACAGCACTCCAGCCTGGGCAACAAGACTGAAACTCCGTCTGGAAGAAAAAAAAAAAAAAGAAAA"
"chr1","31508953","31509238","KN295260v1","414258","414542","26","31094695","GGCCAGGTGCAGTGGCTTACATCTGTAATCCCAGCACTTTGGGAGGCTGAGGTGGGTGGATCACCTGAGGTCAGGAGTTCGAGACCAGCCTGACCAATATGATGAAACCCCCGTCTCTACTAAAAATACAAAAATTAGCTGGGCATGGTGGTGGGCACCTGTAATCCCAGCTACTTGGGAGGCTGAGGCAGGAGAATCGCTTGAACCCGGGATGAGGAGGTTGCAGTGAGCTAAGATCCCACCACTGCACTCCAGCCTGGGCAACAAGAGCAAAACTCCATCTCAA","GGCCAGGTGCGATGGCTCACGCCTGTAATCCCAGCACTTTGGGAGGCTGAGGCAGGTGGATCACCTGAGGTCAGGAGTTCAAGACCAGCCTGACCAATATGATGAAATCCCGTCTCTACTAAAAATACAGAAATTAGCTGGGCGTGGTGGCGGGCTCCTGTAATCCCAACTACTCCGGAGGCTGAGACAGGAGAATTGCTTGAACCCGGGAAGCGGAGGTTGCAGTGAGCCAAGATCGCGCCACTGCACTCCAGCCTGGGCAACAAGAGCAAAACTCCGCCTCAA"
"chr1","31533238","31533537","KN294705v1","314085","314398","38","31219153","GGTGCAGTGGCTTCCACCTGTAATCCCAGCACTCTGGGAGGCCGAGGCGGGTGGATCACTTGAGGTCAGGAGTTTGAGACCAGCCTGGCCAACGTGGTGAAACCCCATTTGTACTAAAAATACAAAAAATTAGCTGGGCATGGTGGCGGGCACCTGTAATCCCAGCTACTCAGGAGGCTAACACAGGAGAATCACTTGAACCTGGGAGGCGGAGGTTGCAGTGAGCCAAGATCGTGCCACTACACTCCAGCCTGGGCAACAAGAGCAAAACTCCGTCTCAAAAAATAAAAATAAAAATAA","GGACGGGCACAGTGGCTCACACCTGTAATCCCAGCACTCTGGGAGGCCGAGGTGGGTGGATCACTTGAGGTCAGGAGTTTGAGACCAGCCTGGCCAACATGGTGAAACCCCATCCCTACTAAAAATACAAAAAATTAGCTGGGCATGGTGGCAGGCACCTGTAATCCCAGCTATTCAAGAGGCTGAGACAGGAGAATCATTGGAACCCAGGAGGCAGAGGTGGCAGTGAGCCAAGATCGTACCACTATACTCCAGCCTGGGCAACAAGAACAAAACTCTGTCCCAAAAAAATAATAATAATAAATAAATAAAAA"
"chr1","31569943","31570183","KN294705v1","353065","353305","11","31216878","GGCTGGGCAGGGTAGATCACCTGAGGTCAGGAGTTTGAGACCAGCCTGGCCAATGTGGTGAAACCCCATCTCTACTAAAAATACAAAAATTAGCCAGGTGTGGTGGTGGGCACCTGTAATCCCAGCTACTTGGGAGGCTGAGGCAGGAGAATCACTTGAATCTGGGAGGCGGAGGTTGCAGTGAGCCGAGATCGCGCCACTGCACTCCAGGCTGAGCAACAAGAGCGAAACTCCATCTCAA","GGCTGGGCGGGGTAGATCACTTGAGGTCAGGAGTTCGAGACCAGCCTGGCCAACGTGGTGAAACCCCGTCTCTACTAAAAATACAAAAGTTAGCCAGGTGTGGTGGTGGGCACCTGTAATCCCAGCTACTTGGGAGGCTGAGGCAGGAGAATCACTTGAATCCAGGAGGCGGAGGTTACAGTGAGCCGAGATTGCGCCACTGCACTCCAGGCTGAGCAAGAAGAGCGAAACTCCATCTCAA"
"chr1","31573406","31573686","KN296883v1","3124205","3124494","40","28449201","GATGGCTCACTCCTGTAATCCCAGCACTTTGGGAGGCCAAGGTGGTTGGATCACCTGAGGTCAGGAGTTCAAGACCAGCCTGGCCATGGTGAAACCCCGTCTCTACTAAAAATACAAAAAATTAGCCGGGCATGGTGCTGCACACCTGTAATCCCAGCTACTCGGGAGGCTGAGGCAGAAGAATCACTTGAACCTGGGAGGTGGAGGCTGCAGTGAGCCGAGATCACACAACTGCATTCCAGCCTGGGCAACAAGAACAAAACTCTGTCTCAAAAAAAAAA","GTGGTGTTCACGCCTGTAATCCCAGCACTTTGGGAGGCCGAGGTGGGTGGATCACCTGAGGTCAGGAGTTCAAGACCAGCCTGGCCAACTTGGTGAAACCCTGTCTCTACTAAAAATACAAAAAAATTAGCTGAGCGTGGTGGAGTGTGCCTGTAGTCCCAGTTACTCGGGAGGCTGAGGCAGGAGAATTGCTTGAACCCAGGAGGTGGAGGTTGCAGTGAGCCCAGATCGCACCACTGCCCTCCAGCCTGGGCAACAACAGCAAAACTCTGTCTCAAAAAAAAAAAAAA"
"chr1","31689386","31689697","KN294705v1","477749","478050","35","31211637","GGCCGGGCGCGATGGTTCATGCCTGTAATCCCAGCACTTTGGGAAGCCGAGGAGGGTGGATCGCCTGAGGTCAGGAGTTCGAGACCAGCCTGGCCAACATAGTGAAACCCTGTCTCTACTAAAAATACAAAAAATTACCTGGGTGTGGTGGCGGGTGCCTGTAATTCCAGCTATTCTGGAGGCTGAGGCAGGAGAATCGCTTGAACCGGAGAGGCAGAGGTTGCGGTGAGCCAAGATCGCGCCACTGCACTCCAGCCTGGGCAACAAGAGCAAAACTCTGCCTCAAAAAACAAACAAACAAACAAACAAAAA","GGCCGGGCACGATGGTTCACGCCTGTAATCCCAGCACTTTGGGAAGCCAAGGAGGGTGGATCACATGAGGTCAGGAGTTCGAGACCAGCCTGGCCAACATAATGAAACCCTGTCTCTACTAAAAATACAAAAAATTAGCCAGGCATAGTGGTAGGCACCTGTAATTCCAGCTATTCTGGAGGCTGAGGAAGGAGAATCGCTTGAACCTGAGAGACGGAGGTTGCAGTGAGCCGAGATCGTGCCACTGCACTCCAGCCTGGGCAACAAGAGCAAAACTCTGTCTGAAAAAAAAAAAAAAAAAA"
"chr1","31828508","31828804","KN296296v1","192849","193147","36","31635659","GGCCGGGCGCGGTGGCTCACGCCTGTAATCCCAGCACTTTGGGAGGCAGAGTCGGGCAGATCACGAGGTCAGGAGTTTGAGACCAGCCTGGCCAACATGGAGAAATTCTGTCGCTCCTAAAAATACAAAAATTAGCTGGCCGTGGTGGTGGGCGTCTGTAATCTCAGTTACTCAGGAGGCCGAGGCAGGAGAATCACTTGAACCCAGGAGGCAGAGGTTGCAGTGAGCCAAGATCATGCCACTGCACTCCAGCCTGGGCAACAAGAATGAAACTCTGTCTCAAAAAAAAAAGAAAAA","GGCCAGGCGCGGTGGCTCGCGCCTGTAATCCCAGCACTTTGGGAGGCCAAGCTAGACAGATCACCTGAGGTCAGGAGTTAGAGACCAGCCTGGCCAACATGGTGAAATCCTGTTTTTACTAAGAATACAAAAATTAGCCGGGCGCGGTGGTGGGCGCCTGTAATCTCAGCTACTCTGGAGGCTGACACAGGAGATTCACTTGAACCCGTGAGGCGGAGGTTGCAGTGAGCCGAGATCATGCCACTGCACTCCAGCCTGGGCAACAAGAATAAGCCTCTGTCTCAAAAAAAAAAAAAAAA"
"chr1","32120359","32120655","KN294705v1","881212","881521","46","31239147","GGCCAGGTGTGGTGGTTCACGCACTTTGGGAGGCCGAGGCAGGTGGATCACCTGAGGTCAGGAGTTTGAGACCAGCCTGGCCAACATGGTGAATCTCTACTAATCTCTACTAATAATACAAAAAATCAGCCGGGCATGGTGGTGGATACCTGTAATCCCAGCTACTTGGGAGGTTGAGGCAGGGGAATCGTTTGAACCCAGGAGGCGAAGGTTGCAGTGAACCAAGATCCTGCTACTGCACTCCAGCCTGGGCAACGAGAGAGAAACTCCATCTCAAAAAAAAAAAAAGGAAGGAAA","GGCCAGGTGTGGTGGTTCACACCCGTAATCCCAGCATTTTGGAAGGCCGAGGCAGGTGAATCACCTGAGGTCAGGAGTTTGAGACCAGCCTGGCCAACATGGTGAAACCTCATCTCTACTAATAATACAAAAATTAGCTGGGCGTGGTGGTGGACACCTGTAATCCCAGCTACTTGGGAGGTTGAGGCAGGGGAATAATTTGAACCCAGGAGGCAAAAGTTGCAGTGAACCAAGATCCCACCACTGCACGCTAGCCTGGGCAATGAGAGCAAAACTCCATTTAAAAAAGAAAAAAAAGCCAAGAAATAAA"
"chr1","32234680","32234983","KN294372v1","1816578","1816877","42","30418102","GCGCGGTGGCTCATGCCTGTAATCCCTGCACTTTGGGAGGCCGAGGCAGGTAGATCACCTCAAGTCAGGAGTTCAAGACCAGCCTGGCCAACATTATGAAACCTCATCTCCACTAAAAATACAAAAAATTAGCTGGGCATGGTGGCGTGTGCCGGTAATCCAGCTACTCAGGAGGCTGAGGCAGGAGAATCGCTTGAACCCAGGAGGCACAGGCTGCAGTGAGCCAAGATTGCACCACTGCACTCCAGCCTGGGCAACAAGGGCAAAACTCCGTCTTAAAAAAAACCAAAACAAACAAAAAAAA","GGCCGGGCGCTCACGCCTGTAATCCCAGCACACTTTGGGAGACCGAGGCAGGTGGATCACCTGAGGTCAGGAGTTCGAGACCAGCCTGGCCAACATCGTGAAACCCCGTCTCTACTAAAAATACAAAAAATTAGCTGGGCATGGTGGCGGGTGCCTGTAATCCCAGCTACTCCGGAGGCTGAGGCAGGTGAATTGCTTGAACCCAGGAGGCAGAGGTTGCAGTGAGCCAAGATTGCGCCACTGCACTCCAGCCTGGGCAACAAGAGGGAAACTACATCTCAAAAAAAAAAGAGAAAAAAA"
"chr1","32241490","32241792","KN294705v1","1001708","1002005","24","31239782","GGCCCGGCACAGTGGCTCATGCCTGTAATCCCAACACTTTGGGAGGTCGAGGCGGGTGGATCACCTGAGGTCAGGAGTTTGACACCAGCCTGGCCAACATGGTGAAACCCTATCTCTACTAAAAATACAAAAATTAGCCGAGAGTGGTGGTAGGCATCTATAATCCCAGGTACTCAGGAGGCTAAGGCAGGAGAATCACTTGAACCCAGAAGGCGGAGGTTGCAGTAAGCCAAGATCGCGCCACTTCACTCTAGCCTGGGCAACAAGAGCAAAACTCCATCTCAAAATAAATAAATAATAAAA","GGCCCAGCACAGTGGCTCATGCCTGTAATCCCAACACTTTGGGAGGCCGAGGCAGGTGGATCACCTGAGGTCAGGAGTTTGAGACCACCAGCCTGGCCAACATGGTGAAACCCCATCTCTACTAAAAATACAAAAATTAGCCAAGGGTCGTGGTAGGCGTCTATAATCCCAGGTACTCAGGAGGCTGAGGCAGGAGAATCACTTGAACCCAGAAGGCGGAGGTTGCAGTGAGCTGAGATCACGCCACTTCACTCTAGCCTGGGCAACAAGAGCAAAACTCCATCTCAAAATAAATAAA"
"chr1","32318288","32318577","KN294705v1","1079452","1079734","32","31238836","GGCTGGGCACAGTTTCTCACGCCTGTAATCCCAGCATTTTGGGAGGCCGAGGCGGGTGGATTACCTGAGGTCAGAAGTTTAAGACCAGCCTGACCAACATGGTGAAACCCTGTCTTTACTAAAAATACAAAAATTAGTTGGGCGTGGTGGCAGGTGCCTGTAATGCCGGCTACTTGGAAGGCTGAGGCAGGAGAATTGCTGAAACCCGGGAGACAGAGGTTGCAGTGAGCTGAGATCTAGCCAACAAGTGAAACTCAATCTCAAAAAAAAAACAAAAAGAAAGAAAGAAA","GGCTGGGCAGAGTTTCTCATGCCTGTAATCCCAGCATTTTGGGAGGCCTAGGCGTGTGGATTACCTGAGGTCAGGAGTTCGAGACCAGCCTGACCAACATGGTGAAACCCTGTCTTTACAAAAAATACAAAAATTAGCTGGGTGTGGTGGCAGGTGCCTATAATCCTGGCTACTTGGGAGTCTGAGGCAGGAGAATCGCTGGAGGCAGAGGTTGCAGTGAGCTGAGGTCTAGCCAACAAGTGAAACTCAATCTCAAGAAAAAAGAAAAGAAAAAGAAAAGAAA"
"chr1","32356295","32356589","KN296404v1","2965711","2966008","34","29390584","GGCTGGGTGCGGTGGCTCACACCTGTAATCCCAGCACTTTGGGAGGCCGAGGCGGGCGGATCACCTGAGGTCAGGAGTTCAAGACCAGCCTGGCCAACATGGTGAAACCCCACCTCTACCAAAAAAACAAAAAATTAGCTGAGTGTGGTGGCGGGCGCCTGTAATCCCAGCTACTTAGGAGGCTGAGGCAGGAAGATTGCTTGAACCCAGGAGGCGGAGGTAGCAGTGAGCCGAGATCGCACCACCGTACTCCAGACTGGGCAATAAGAGTGAAACTGTCTCAAAAAAAAAAAAA","GGTCGGGCGTGGTGGCTCACACTTGTAATCCCAGCACTTTGGGAGGCCGAGGCGGGTGGATCACCTGAGGTCAGGAGTTCAAGACCAGCCTGGCCAACATGGTGAAACCCCATCTCTACTAAAAATACAAAAATCAACCAGGTGTGGTAGTGGGTGCCTGTAATCCCAGCTACTCGGGAGGCTGAGACAGGAGAATCACTTGAACCCAGGAGGTGGAGGTTGCAGTGAGCCGAGATCGCGCCACTGTACTCCAGCCTGGGCAATAAAGAGTGAAACTCTGTCTCAAAAAAAAAAAAAA"
"chr1","32540313","32540614","KN296731v1","1520595","1520896","40","31019718","GACACGGTGGCTCACGCCTGTAATCCCAACATTTTGGGAGGCTGAGGCGGGCAGATCACCTGAGGTCAGGAGTTTAAGACCAGCCTGGCCAACATGGTGAAACCCTATCTCTACTAAAAATACAAAATGAGCTGGGCGTGGTGGTGCATGCCTGTAATCCCAGCTACCCAGGAGGATGAGGCAGGAGAATCACTGGAGCCTGGAGGCGGAGGTTGCAGTGAGCCAAGATCACACCACTGCACTCTAGCCTGGGCAAAAAGAGCGAAACTCCATCTCAAAAAATAAGTAAATAAGTAAATAAA","GCCAGGCGCGGTGGCTCACGCCTGTAATTCCAGTACTTTGGGAGGCTGAGGTGGGTGGGTCACCTGAGGTCAGGAGTTCAAGACCAGCCTGGTCAACATGGTGAAACCCTGTCTCTACTAAAAATACAAAACTAGCTGGGCCTGGTGGTGCATGCCTGTAATCCCAGCTACTCGGGAGGCTGAGGCAGGAGAATTACTTGAACCTGGGAGGCAGAGGTTGCGGTGACCGAGATTGCACCACTGCACTCTGGCCTGGGCAACAAGAGCGAAACTCCATCTCAAAAAACAAAAAAATTAAAAAA"
"chr1","32638651","32638947","KN294705v1","1414649","1414956","39","31224002","GGCCAGGCACGGTGGCTGACGCCTATAATCCCAGCACTTTGCGAGACTGAGGCAGGCAGATCGCCTGAGGTCAGGAGTTTGAGACCAGACTGGCCAATATGGCAAAACCCTGTCTTTACTAAAAATACAAAAATTAGTGGTGTTGGGCACCTGTAATCCCAGCTACTTGGGAGGCTGAGGCAGAATCACTTGAACCCAGGAGGCGGAGGTTGCAGTGAGCCGAGATCACACTACTGCAATCCAGCCTGGGCAACAAGAGCAAAACTCTGTCAAAACAAAACAAAAGAAACAAAAAAA","GGTCGGACACGGTGGCTCATGCCTATGATCCCAGTACTTTGGGAGGCCGAGGCAGGCAGATGGCCTGAGGTCAGGAGTTTGAGACCAGTCTGGCCAACATGGCAAAACTCTGTCTTTACTAAAAGTACAAAAATTAGCTGGGTGTGGTGTCGGGCACCTGTAATCCCAGCTGCTTGGGAGGTTGAGGCAGAATCACTTGAACCCAGGAGGCAGAGGTTGCGGTGAGCTGAGATCACGCCACCTCAATCCAGCCTGGGCAACAAGAGCAAAAGTCCATCAAAACAAAACAAAACAAACAAACAAACAAA"
"chr1","32695081","32695380","KN294705v1","1477713","1478004","34","31217368","GGCCGGGCATGCTGGCTCATGCCTGTAATCCCAGCACTTTGGGAGGCCGAGGCAGGTGGATCACCTGAGGTCAGGAGTTCAAGACCAGCCTGATCAACATGGTGAAACTCTGTCTCTACTAAAAATACAAAAAAATTAGCCAGGCATGGTGGCACGCACCTGTAAGCCCAGCTACTCGGGAGGGGGAGGCAAAAGAATCGCTTGAACCCGGGAGGCAGAGGTTGCAGTGAACCGAGATAGTGCCACTGCCCTCCAGCCTGGGCAACAAAAGTGAAACTCCGTCTCAAAAAAAAAAAAAAA","GGCGTGGTGGCTCATGCCTGTAATCCCAGCACTTTGGGAGGCTGAGGCGGGTGGATCACTTGGGGTCAGGAGTTCAAGACCAGCCTGACCAACATGGTGAAACTCCATCTCTACTAAAAATACAAAAAATTAGCCAGGCATGGTGGTGTGTGCCTGTAACCCCATCTACTTGGGAGGTGGAGGAAAAGAATCACTTGAACCCAGGAAGCAGAGGTTGCAGTGAAACGAGATACTGCCGCTGCACTCCAGCCTGGGCAACAAAAGTGAAACTCTGTCTCAAAAACAAAAAAAA"
"chr1","32707040","32707350","KN295294v1","849337","849645","42","31857703","GGCCAGGTACAGTGGCTCATGCCTGTAATCCCAGTACTTTGGCGGGTCGAAGTGGGCGGATCACCTGAGGTCAGGAGTTTGAGACCAGCCTGGCCAACATGGTGAAACCCCATCTCTACTAAAAATACAAAATATCAGCTGGACGTGGTGGTGCATGCCTGTAATCCTAGCCACTCAGGAGGTTGAGACAGAAGAATCGCTTGAACCCAGGAGGCAGAGGTTGCAGTGAGCTGAGATCACGCCACTTCACTCCAGCCTGGGCAACAAGAGTGAAACTCAATCTCAAAAAAAAAAATAACAAATAATAAAAA","GGCCGGGCACTGTGGCTCACGCCTGTAATTCCAGCACTTTGGGAGGCCAAGGCAGGTGGATCACCTGAGGTCAGGAGTTCGAGACCAGCCTGACCAACATAGTGAAACCCCATCTCTACTAAAAATACAAAAATTAGCTGGGCATGGTGGTGGGCGCCTGTAATCCCAGCTACTCCAGAGGCTGAGGCAGGAGAATTGCTTGAACCCAGGAGGCGGAGGTTGCAGTGAGCCGAGATCACGCCACTGCACTCCAGCCTGGGCAACAAGAGTGAAACTCCATCTCCAAAAAAAAAAAAAAAAAAAAGAAAA"
"chr1","32747454","32747727","KN294705v1","88883","89167","44","32658571","CGGGTGCAGTGGCTCACGCCTGTAATCCCAACACTCTGGGAGGCTGAGGCGGACAGATCATCTGAGGTCAGAAGTTCAAGACAAGCCTGGCCAACATGGTGAAATCCTGTCTCTACTAAACATACAAAAATTAGCCGGGCGTGGCAGGACATGGACATGCTACACAGGAGGCTGAGGCAGGAGAATCGCCTGAACCCAGGAGGCGGAAGTTGTGGTGAGCCGAGATCGCGCCACTGCACTCCAGCCTGGGCAACAAGAGTGAAACTCCATCTCA","GGCCGGGTGCAGTGGCTCATGCCTGTAATCCCAGCACTCTGGGAGGCTGAGGTGGGAAGATCACCTGAGGTCAGGAGTTTGAGACCAGCCTGGCCAACATGGTGAAACCCTGTCTCTACTAAAAATACAAAAATTAGCTGGGCATGGTGGCAGGCACCTGTAATCCCAGCTACTCAGGAGGCTAACGCAGGAGAATCGCTTGAACCCTGGAAGTGGAGGTTGCAATGAGCCAAGATCATGCCACTGCACTCCAGCCTGGGCAACGAGAGTGAAACTCCATGTCAA"
"chr1","32951280","32951575","KN294705v1","1552100","1552398","32","31399180","GGCCGGACGCAGTGACTCACGCCTGTAATCCCAGCACTTTGGGAGGCAGAGGCGGATTGCCTGAGGTCAGGCCGAGATCAGCCTGACCAACATGGTGAAACCCTATCTCTACTAAAAATACAAAAATTAGCCGGGCGTGGTGGCGGGCGCCTGTAATCCCAGCTACTCAGGAGGCTGAGACAGGAGAATCGCTTCAATCCAGGAGGTGGAGGTTGTGGTGAGCCAAGATTGCGCCACTGCACTCCAGCCTGGCAACAAGAGCGAAACTCCATCTTTTAAAAAAAAAAAAAAAAAAA","GGCCAGGCGTGGTGGCTCACGCCTGTAATCTCAGCACTTTGGGAGGCCGAGGCAGGCAGATTGCCTGAGGTCAGGCCAAGATCAGCCTGACCAACATGGTGAAACCCCGTCTCTACTAAAAAAACAAAAATTAGCTGGGCGTGGTGGTGGGTGCCTGTAATCCCAGCTACTTGGGAGGCTGAGACAGGAGAACTGCTTGAACCCGGGAGGCAGAGGTTGTGGTGAGCCAAGATCACACCACTGCACTCCAGCCTGGCAACAAGAGCGAAACTCCATCTTAAAAAAAAAAAAAAAAAAAA"
"chr1","32952898","32953188","KN294705v1","1553728","1554021","29","31399170","GCCAGGCATGGGGGCTTACGCCTGTAATCCCAGCATTTTGGGAGGCTAAGGCGGGTGGATCCCTTGAGGTCAGGAGTTTGAGACCAGCCTGACCAACATGGTGAAACCCCATCTCTACTAAAAATATACAAAATTAGCCTGTAATTCCAGCTACTTGGGAAGCTGAGGAAGGAGAATTGCTTGAGCCCAGGAGGCGGAGGTTGCAGTGAGCTGAGATCACACCACTGCACTTCAGCCTGGGCAACGAGAGCAAAACTCCATCTCAAAAAAAAAAAAAAAAGAAAAAAGAAA","GCCAGGCACAGTGGCTCACACCTGTTATCCTAGCACTTTGGGAGGCTAAGGCGGGTGGATCACTTGAGGTCAGGAGTTTGAGACCAGCCTGACCAACATGGTGAAACCCCGTCTCTACTAAAAATATACAAAATTATCCTGTAATTCCAGCTACTTGGGAGGCTGAGGCAGGAGAATTGCTTAAACCCGGGAGACAGAGGTTGCAGTGAGCCAAGATCACGCCACTGCACTTCAGCCTGGGCAACAAGAGCGAAACTCCATCTCAAAAAAAGATAAAAAACGAAAAGAAAAGAA"
"chr1","33044828","33045111","KN295923v1","639205","639493","39","32405623","GGTCAGGTGCGGTGGCTCACGCCTGTAATCCCAGCACTTTGGGAGGCCAAGGCGGGCGGTTGAGGTCAGGAGTTCGAGACCAGCCTGGCCAACATGGCAAAATCCGTCACTACTAAAAATACAAAAATTAGCTGGGCGTGGTGGCAGGCGCCTGTAATCCCAGCCACTCGGGAGGCTGAGGTAGGAGAATCGCTTGAACTCTGGAGGCGGAGGTTTCAGTGAGCCGAGATCACACCACTGCACTCCAACCTGGGCAACAAGAGTGAAACTCCATCTCAGATAAA","GGCCGGGCATGGTGGCTCATGCCTGTAATCCCAACACTTTGGGAGGCAGAGGCGGATGGATCACCTGAGGTCAGGAGTTCAAGACCAGTCTGGCCAACATGGCAAAACTCCATCTCTACTAAAAATGCAAAAATTAGCTGGGCGTGGTGGCAGGTGCCTGTAATCCCAGCTACTCAGGAGGCTGAGGCAGGAGAATCACCTGAACCTGGGAGGCAGAGGTTGCAGTGAGCCAAGATCATGCCACTGCACTCCAGCCTGGGCGACAAGAGTGAAACTCCATCTCAAATAA"
"chr1","33185926","33186199","KN297046v1","2855852","2856127","38","30330074","GGCCGGGCACAGTGGCTCATGCCTGTAACCCCAGCACTTTGGGAGGTTGAGGCCGGCAGATCACCTGAAGTCAGGAGTTCAAGAACAGCCTGGCCAACATGGTGAAACCTCTGTCTTTACTAAAAAAATACAAAAATTAGCTGGGTGTGGTGGTGGGCACCTGTAATCCCAGCTACTCGGGAGGCTTAAGCAGGATAATTGCTTGAACCCAGGAGGCGGAGGTTGCAGTGAGCCGAGATCATGCCACTGCACTCAACCTGGGCAACAAGAGCAA","GGCCGGGCATGGTGGCTCATGCCTGCAATCCCAGCACTTTGGGAGCCCGAGGCGGGCAGATCACCTGAGGTCAGGAGTTCGAGACCAGCCTGGCCAACATCGTGAAACCCCATCTCTACTAAAAATACAAAAATTAGCTGGGCGTGGTGGCATGCACCTGTAATCCCAGCTACTAGGGAGACTGAGGCAGGAAAATCACTTGAACCCAGGAGGCAGAGGTTGCAGTGAGCCAAGATCATGCCACTGCACTCCAGCCTGGGCGACAAGAGCAAAACT"
"chr1","33225277","33225512","KN294470v1","2654293","2654537","61","30570984","GGCTGGGCGAGGTGGCTTACACTTGTAACCCCAGCACTTTGGGACGCTGAGGTGGGCGGATCACTTGAGGTCAGGATTTCGAGACCAGCCTGGCCAAAGTGGTGGGAGGGTACCTATAATCCCAGCTGCTTGAGAGGCTGAGGCAGGATAATCGCTTGAACTTGGGAGGCGGAGGTTGCGGTGAGCCAAGATTTCGCTACTGCACTCCAGCCTGAGCTGGATTTGTCTCAAAAAAA","GGCTGGGCACAGTTGCTCATGCCTGTAATCCCAGCCCTTTGGGAGGCCAAGGTGAGTGGATCACCTGACGTCAGGAGCGAGACCAGCCTGGCGTGGTAGCAGGCACCTGTAATCCCAGCTACTTGAGAGGCTGAGGCAGGAGATTCGCTTGAACCTGGGAGATGGAGGTTGCAGTGAGGGGAGATTGCGCTGCTGCACTCCAGCCTTTGAGACAAGAGCAAGACTCCATCTCAAAAAAAGAAAAA"
"chr1","33350561","33350862","KN296865v1","1933794","1934101","38","31416767","GGCCGGGCGCGGTGGCTCACGCCTGTAATCCCAGCACTTTAGAAGGCTGAGGTGGGTGGATCACCTGAGATCAGGAGTTCGAGACCAGCCTGGCCAACATGATGAAACCCCGTCTCTACTAAAAATAAAAAAATTAGCCGGGCATGGTGGTGGGCACCTGTAGTCCCAGCTACTCAGGAGGCTGAGGCAGGACAATCACTTGAACCTGGGAAACAGAGATTGCAGCAAGCCAAGATCACGCCACTGCATTCCAGCCTGGGCAAAAGAATGAAACTCCGTCTCAAAATAAAATAAAATAATAA","GGCCAGATGCGGTGGCTCACGCCTGTAATCCCTGCACTTTAGAAGGCTGAGGCAGGTGGATCACCTGAGGTCAGGAGTTCGAGACCAGCCTGGCCAACATGATGAAACCCTGTCTCTACTAAAAATACAAAAAATTAGCTGGGTGTGGTGGTGCACGCCTATAATCCCAGCTACTCAGGAGGCTGAGGCAGGAGAATAGCTTGAACCTGGGAGGCAGAGGTTGCAGTGAGCCAAGATCACGCCACTGCACTCCAGCCTGGGCAACAAGAGTAAAACTCCATCTCAAAAAAAAAAAAAAAAAAAAAAAA"
"chr1","33631916","33632225","KN295294v1","849337","849645","31","32782579","GGCCAGGCACAGTGGCTCACGCCTGTAATCCTAGCACTTTGGGAGGCTGAGGCAGGCAGATCACCTGAGGTCAGGAGTTCAAGACCAGCCTGGCCAATATGGTGAAACCCCGTCTCTACTAAAAATACAAAAACTAGCTGGGCATGTTGGTGGGTGCCTGTAATCCCAGCTACTCAAGAGGCTGAGGCAGGAGAATTGCTTGAACCCAGGAGGTGGAGGTTGTAGTGAGCCAATATCGAGCCACTGCACCCCAGCCTGGGCAACAAGAGCGAGACTCCATCTCAAAAAAATAAAAAACAACAAAACAAAA","GGCCGGGCACTGTGGCTCACGCCTGTAATTCCAGCACTTTGGGAGGCCAAGGCAGGTGGATCACCTGAGGTCAGGAGTTCGAGACCAGCCTGACCAACATAGTGAAACCCCATCTCTACTAAAAATACAAAAATTAGCTGGGCATGGTGGTGGGCGCCTGTAATCCCAGCTACTCCAGAGGCTGAGGCAGGAGAATTGCTTGAACCCAGGAGGCGGAGGTTGCAGTGAGCCGAGATCACGCCACTGCACTCCAGCCTGGGCAACAAGAGTGAAACTCCATCTCCAAAAAAAAAAAAAAAAAAAAGAAAA"
"chr1","33694204","33694505","KN294416v1","327416","327717","41","33366788","GGCTGGCCATGGTGGCTCACGCCTGTAATCCCAGCACTTTGGAAGGCTGAGGCGGGTGAATCACCTGCGGTCAGGAGTTCAAGATCAGCCTGGGCAACATGGTGAAACCCTGTCTCTACTAAAAATACAAAAATTAGCTGGACATCGTGGCATGCATCTGTAGTTCCAGCTACTTGGGAGGCTGAGATGGGAGAATTGCTTGAACCAGGGAGGTGGAGGCTGCAGTGAGCCAAGATCACGTCACTACACTCCAGCCTGGGCAAAAAGAGTGAAACTCCGTCTCAAAAAAAAAAAAAGAAAAA","GGCCAGGCACAGTGGCTCACGCCTGTAATCCCAGCACTTTGGGAGGCCAAGGTGGGTGAATCACCTGACGTCAGGAGTTCGAGACCAGCCTGGCCAACATGGTGAAACCCTGTTTCTACTAAAAATACAAAAATTAGCCTGATATGGTGGCATGCACCTGTAATTCCAGCTACTCAGGAGGCTGAGGCAGGAGAATTGCTGGAACCCTGGAGGTGGAGGTTGCAGTGAGCCAAGATCGTGCCACTGTGCTCCACCCTGGGCAACAAGAGAGAAACTCGGTCTCAAAAAAAAAAAAAAAAAAA"
"chr1","33724735","33725033","KN294879v1","599455","599756","45","33125280","GGCCGGGTGCAATGGCTTATGCCTGTAATTCCAGCACTTTGGGAGGCCGAGGCGGGAGGATCACCAGGTCAGACTTTAAGACCAGCCTGACCAACGTGGTGAAACCCCATCTCTACTAAAAATACAAAAATTAGCCAGGCGTGGCACGTGCCTGTAGTCCCAGCTACTCAGAAGTCTGAGGCAGAAGAATGGCTTGAACTCCAGAGGTGGAAGTTGCAGTGAGCCGAGATTGGGCCACTGCACTCCAGCCTGGGCAACAAGAGTGAAACTCTGTCTCAAAAAAAAAAACAGACAAAAGA","GGCTGGGTGCAGTGGCTCATGCCTGTAATCCCAGCACTTTGGGAGGCCGAGGCGGGTGGATCACTTGAGGTCAGAAGTTGAAGACCAGCCTGGTCAACATGGTGAAACCCCGTCTCTACTAAAAATATAGAAATTAGCCAGGCATGGTGATGAGCGCCTGTAATCCCAGCTACTCCAGAAGCTAAGGCAGGAGAATCGCTTGAACCCAGGAGGCGGAGTTGCAGTGAGCTGATATTGCGCCACTGCACTCCAGCCTGGACAATAAGAGTGAAACTTCGTCTCAAAAAAAAAAAAAAAAAGAA"
"chr1","35557291","35557592","KN294372v1","2580401","2580700","35","32976890","GGCCAGGTGCAGTGGCTCATGCATGTAATCCCAGCACTTTGGGAGGCCAAAGCAGGCAGATCACCTGAGGTCAGGAGTTCGAGACCAGCCTGGCCAACATAGTGAAATCCCGTCTCTACTAAAAATACAAAAAATTAGCTAGGTGTAGTGGCGAGCGCCTGTAATCACAGTTACTCAGGAGGCTGAGGCAGGAGAATCACTTGAACCTGGGTGGCAGAGGTTGCAGTGAGCTGAGATTGTGACACTGCACTCCAGCCTGGGCAACAAGAGTGAAACTCCTTTTCAAGGAAAAAAAAAAAAAA","GGCCAGGCGCAGTGGCTCACGCCTGTAATCCCAACACTTTGGGAGGCCAAGGCAGCTGGATCATCTGAGGTCAGGAGTTCGAGACCAGCCTGCCCAACGTGGCAAAACCCCGTCTCTACTAAAAATACAAAAAATTAGCCGGGTGTGGTGGCGGGCGCCTCTAATCCCAGCTACTCCGGAAGCTGAGGCAGGAGAATCACTTGAACCCGGGAGGCAGAGGTTGCAGTGAGTTGAGGTCGTGCCACTGCACTCCAGCCTGGGCAACAAAAGTGAAACTCCATCTCAAAAAAAAAAAAAAAA"
"chr1","35638156","35638454","KN294378v1","472867","473166","41","35165289","GGCCACGCGCGGTGGCTCACCCCTGTAATCCCTGCACTTTGGGAGGCCAAGGCAGGTGGATCACCTGAGGTCATGAGTTTAAGACCCATCTGGCCAACATGATGAAACCCCATCTCCACTAAAGATACAAAAAATTAGCTGGGCATGGTGGCAGGCACCTGTAATCCCAGCTATTCTGGAGCCCTGAGGCAGGAGAATCACTTGAACCCGGGAGGCAAAGATTGCAGTGAGCTGAGATCACACCACTGCACTCCAGCCTGGGAAACAACAGCGAAACTCCAGCTCAAAAAAAAAAAAAA","GGCCAGGCACGGTGGCTCACTCCTGTAATCCCAGCACTTTGGGAGGCAGAGGTGGATGGATCACCTGAGGTCAGGAGTTCAAGACCAGCCTGGCCAACATGGTGAAACCCCCTCTCTACTAAAAATACAAAAAATTAGCTGGGCGTAGTGGCGGGCACCTGTAATTCCAGCTATTCAGGAGACTGAGGCAGGAGAATCACTTGAACTCGGGAGGTGGAGGTTGCAGTGGGCTGAAATCGTACCACTGCACTCCAGCCTGGGCAACAAGAGTGAAACTCCGTCTCAAAAAAGAAAAAAAAA"
"chr1","35667956","35668269","KN297205v1","435353","435667","29","35232603","GGCAGGGCGTGGTGGCTCACGCTTGTAATCCCAACACTTTGGGAGGGCGAGGTGGGTGGATCACCTGAGGTCAGGAGTTTGAGACCAGCCTGGCCAACATGGTGAAGCCTCGTCTCTACTAAAAATACAAAAATTAGCCGGGCGTGGTAGTGGCCACCTGTAATCCCAGCTACTCTGGAGGCCGAGGCAGGAGAATTGCTTGAACCCAGGAAGTGGAGGTTGCAGTGAGCTGAGATTGCACCACTGCACTCCAGCCTGGGCAACAAGAGTGAAATTCTGTCTACAAAAAAAAAAAAGAAAAAAAGAAAAGAAAA","GGCTGGGCGTGGTGGCTCATGCCTGTAATGCCAGCACTTTGGGAGGCCAAGGCGGGTGGATCACCTGAGGTAAGGAGTTTGAGACCAGCCTGGCCAACATGGTGAAACCCCGTCTCTACTAAAAAATACAAAAAATTAGCCAGGCATGGTGGTGGGCACCTGTAATTCCAGCTACTCAGGAGGCTGAGGCAGGAGAATTGCTTGAACCCAGGAGGTGGAGGTTGCAGTGAGCGGAGATTGCACCACTGCACTCCAGCCTGGGCAATAAGAGCGAAACTCTGTCTCCAAAAAAAAAAAAAAAAAAAAAAAAAAAAA"
"chr1","35673968","35674154","KN294665v1","64456","64624","54","35609512","ACTTTGGGAGGCCAAGGCAGTCAGGATCACCTGAGGTCAGGAGTTCGAGAACAGCCTGGCCAACATGGTCGAAACCTCCATACTAACTAACAACAATATAAATGTCGAGNGGTGGTGGGCGNTCGCGTGTAACTTCCCAGGTACCTTCGGAGGACGTGAGGCGAGGAAATACGAAACTTGGAACCCG","GGGTGGCTGAGGCGGGCGGATCACCTGAGGTCAGGAGTTCGAGACCAGTCTGGTCAACATGGCGAAACCCTATCTCTGCTAAAAATACAAAAAATTAGCTGGGCGTGGTGGCGGGCACCTGTAATCCCAGCTACTCGGGGGACTGAGGCAGGAGAATGGCCTGAACCTG"
"chr1","35757856","35758164","KN296153v1","2939571","2939879","36","32818285","GGCCGAACGCGGTGGCTCACACCTGTAATCCTAGCACTTTGGGAGGCCGAGGCAGACAGATCACCTGAGGTCAGGAGCTCGAGACCAACCTGGCCAACATGGTAAAACCTTGTCTCTACTAAAAATACAAAATTAGCTGCGCGTGATGGTGCATGCCTGTAATCCCAGCTACTCGGGAGGCTGAAGCAGGAGAATCACTTGAATCTGGGAGGTAGAGGTTGCAGTGAGCTGAGATTGTGACACTGTACTCCAGCCTGGGCAATAAGAGCAAAACTCCATCTACAAAAAAAAAAGAAAGAAAAGAAAAAA","GGCCGAGCGCAGTGGCTCACGCCTATAATCCCAGCACTTTGGGAGGACAAGGCGGGCAGATCACCTGAGGTCAGGAGTTCGAGACCAACCTGGCCAACATGGTGAAACCATGTCTCTACTAAAAACACAAAAATTAGCTGGGCCTGGTGGTACGTGCCTGTAATCCCAGCTACTCGGGAGGCTGAGACACGAGAATCGCTTGAACCCGGGAGGCAGAGGTTGCAGTGAGCAGAGATCGCGCCACTGCACTCCAGCCTGGGCAACAAGAGCAAAACTCCATTTCAAAAAAAAAAGAAAGAAAAAAAAGAA"
"chr1","35870958","35871240","KN294987v1","346285","346567","37","35524673","GGCGGGGTGTGGTGGCTCCCGCCTGTAATCCCAGCACTTTGGGAGGCTGAGGCAGGAGGATTACCTGAGGTCAGGAGTTTGAGACCAGCCTGGCCGACATGGTTAAACCCGTCTGTACTAAACATACAAAATTAGCCAGGCATGGTGGCACATGCCTGTAGTCCCAGCTACTTGAAAGGCTGAGGCAGGAGAATCGCTTGAACCCGAGAGATGGAGGTTGCAGTGAGCGGAGATCGCGCCACTGCACTCCAGCCTGGGCAACAAGAGCGAAACTCCATCTCAA","GGCCAGGTTAGGTGGCTCATGCCTGTAATCCCAGCACTTTGGGAGGCCGAGGCAGGTGGATCACCTGGGGTCAGGAGTTCGAGACCAGCCTGGCCAACATGATGAAACCCTGTCTCTACTAAAAATACAAAATTAGCCGGGTGTGGTGGCAGGTGCCTGTAATCCCAGCTACTCGGGAGGCTGAGGCAGGAGAATCGCTTAAACCTGGGAGGTGGAGGTTGCGGTGAGCTGAGATCGTGCCACTGCACTCCAGCCTGGGCAACAAGAGAGAAACTTCGTCTCA"
"chr1","35942921","35943222","KN294987v1","152903","153215","35","35790018","GGCTGGGCGCAGTGGCTCACGCCTGTAATCCCAGCACTTTGGGAGGCCAAGGCAGGTGGATCACCTGAGGTCAGGAGTTCGAGACCAGCCTGGCCAACGTGATGAAACCCTGTCTCTACAGAAATACAAAAAATTAGCTGGGTATGATGATGGGTGCCTGTAATCCCAGCTACTCGGGAGGCTGAGGCAGGAGAATCACTGGAACCCAGGAGACGGAGGTTGAAGTGAGTCGAGATTGCACCACTACACTCCAGCCTGGGAAATAAGTGTGAAACTCCCATCTCGGGAAAAAAAAAAAGAAA","GGCTGGGCGTTGGTGGCTCACGCCTGTAATCCCAGCACTTTGGGAGGCCAAGGCGGGTGGATCACCTGCGGTCAGGAGTTCGAGACCAGCCTGGTCAACATGATGAAACCCTGTATCTACAAAAATACAAAAAATTAGCTGGGTATGATGGCGGGTGCCTGTAATCCCAGCTACTCGGGAGGCCGAGGCAGGAGAATCACTGGAACCCAGGAGGCAGAGGTTGCAGTGAGCCGAGATTGCACCACTGCACTCCAGCCTGGGCAATAAGAGCGAAACTCCATCTCTAAAAAATAAAATAAAATAAAAAAAGAAA"
"chr1","36037076","36037375","KN294439v1","300738","301034","34","35736338","GGCCGGGAGTGGTGGTTCACGCCTGTAATTCCAGAACTTTGGGAGGCCAAGGCGGGTGGATCACCTGAGGCCAGGAGTTCGAGACCAGCCTGGCCAACATGGTGAAACCCCGTCTCTACTTAAAATACCAAAAATTAGCTGGGCCTGTGGCAGGCGCCTGTGATCCCAGCTACTCGGGAGGCTGAGGCAGGAGAATTGCTTGAAGCCAGGAGGTGGAGGTTGCAGTGAGCTGAGATCGCGCCACTGCACTCCAGTCTGGGAAACAAGAGCGAAACTCCATCTCAAAAAACAAAAACAAAA","GGCCGGGTGCGGTGACTCACGCCTGTAATCCCAGCACTTTGGGAGGCCAAAGCGGGTGGATCACCTGAGGTCAGGAGTTTGTGACCAGCCTGGCCAACATGGTGAAACCCCGTCTCTACTAAAAATACAAAAAATTAGCCAGGCATGGTGGCAGGCGCCTGTAATCCCAGCTACTCGGGCAGCTGAGGCAGCAGAATCGCTTGAACCCGGGAGGTGGAGGTTGCAGTGAGCCAAGATCACGCCACTGCACTCCAGCCTGGGCAACAAGAGCGAAACTCTGTCTCAAAAAAAAAAAAA"
"chr1","36049877","36050174","KN294458v1","909867","910169","32","35140010","GGACGGGCATGGTGGCTCATGCCTGTAATCCCAGCACTTTGGGAGGCCGAGGCAGGCGGATCACCTGAGGTAAGGAGTTCAAGACCAGCCTGGCCAACATGGTGAAACCCTGTCTCTACTAAAAATACAAAAAACTAGCCAGGCATGGTGGTGGGCACCTGTAATCCCAGCTACTCAGGAGGCTAAGGCAAGAGAATTGCTTGAACCCAGAGGCGGAGGTTGCAGTGAGCTGAAATCGTGCCACTGCACTCCAGCCTGGGCAACAAAAGCGAAACTCCGTCTCAAATAAAAAAATAAA","GACTGGGCATGGTGGCTCATGCCTGTAATGCCAGCACTTCGGGAGGCCAAGGCAGTCGGATCACCTGAGGTCAGGAGTTTGAGACCAGCCTGGCCAACATGGTGAAACCCTGTCTGTACTAAAAATACCAAAAATTAGCTGGGCATGGTGGTGGGCACCCGTAATCCCAGCTACTCAGGAGGCTGAGACAGGAGAATTGCTTGAACCAGGGAGCCGGAGGTTGCAGTGAGCTGAGATCATGCCACTGCACTCCAGCCTGGGCAACAAGAGCGAAACTCTGTCTCCAGAAAAAAAAAAAGAAAA"
"chr1","36091969","36092234","KN297442v1","822414","822676","38","35269555","CATCACTTTGGGAGGCCAAGGTAGGTGGATCACGTGAGGTTGAGGAGTTCGAGACCAGCCTGACCAACATGGTGAAACCCGGTCTCTACTAAATACAAAAAATTAGCCGGGCGAGGGGGCAGGCGTCTGTAATCCCAGCCACTCAAGAGGCTGAGGCAGGAGAATCGCTTGAACCTGGGAGGCGGAGGTTACAGTGAGCTGAGATCGTGCCACTGCACTCCAGTCTGGGCAACAAGGGCAAAACTCTGTCTCAAAAAAAAAAAAAA","CACTTTTGGAGGTCAAGGCAGGTGGATCACCTGAGGTCAGGAGGTCGAGACCAGCCTGGCCAACATGGTGAAACCCCATCTCTACTAAAAGTACAAAAATTAGCCGGGTGTGGTGGCGGGTGCCTGTAATCCCAGCTACTCCAGAGGCTGAGGCAGGAGAATCACTTGAATCTGGGAGGCGGAGGTTGCAGTGAGCTGAGATCACGCCACTGCACTCCAGCCTGAGCGACAAGAGTGAGACTCTATCTCAAAAAAACAAAAAA"
"chr1","36130904","36131205","KN295523v1","556214","556518","33","35574690","GGCCAGGTGTGGTGGCTCAGGCCTGTTATCCCAGCACTTTCAGAGGCCAAGGCAGGTGGATCACCTGAGGTCAGGAGTTTGAGACCAGCCTGGCCAACATGATGAAACCCTGTCTCTACTAAAAATACAAAATTAGCCAGGCGTGGTGGCAGGTGCCTGTAATCCCAGCTACTCGGGAGGCTGAGGCGGGAGAATCACTTGAACCTGGGTGGTGGAGGTTGCAGTAAGCCAAGATCATGCCACTGCACTCCAGCCTGGGCAACAAGAGACAGACTTCATCTACAAAAAAAAAAAAAAAAAAA","GGCCAGGTGCAGTGGCTCATGCCTGTAATCCCAGCACTTTGGGAGGCCGAGGCAGGTGGATCACCTGAGGCCAGGAGTTTGAGACCAGCCTGGCCAACATGGTGAAACCCCGTCTCTACTAAAAATACAAAAATTAGCTGGGCATGGTGGCAGGTGCCTGTAATCCCAACTACTTGGGAGGCTGAGGCAGGAGAATCACTTGAACCTGGGAGGTGGAGGTTGCAGTGAGCCGAGATCACGCCACTGCCCTCCAGCCTGGGAGACAAGAGTGAAAGTCCATCTCAAAAAAACAAACAAACAAAAAA"
"chr1","36144180","36144465","KN296311v1","5447519","5447807","34","30696661","GGCCAGGCTTGGTGGCTCACACCTGTAATCCCAGCACTATTGGGAGGCTGAGGTGGGTGGATCACCTGAGGTCAGGCATTCGAGACCAGCCTGGCCAACATGGTGAAACCCCGTCTCCACTAAAAATACAAAAATTAGCTGCGCTTGGTGGCATGCACCTGTAATCTCAGCTACTCAGGAGGCTGAGGCAGAAGTATCGCTTGAACCCGGGAGGCAGAGGTTGCAGTGAGCCGAGATTGCACCACTGCACTCCAGCCTGGGCAACAAGAGTGAAATTCCATCTCAA","GGCCGGGAGCGGTGGCTCACGCCTGTAATCCCAGCACTTTGGGAGGCTGAGGCGTGTGGATCACCTGAGGTCCGGGGTTGGAGACCGGCCTGGTTAACATGGTGAAACCCCGTTTCTACTAAAAATACAAAAAATTAGCTGACCATGGTGGCACGCACCTGTAATCCCAGCTACTCGGGAGACTGAGGCAGGAGAATCGCTTGAACCCAGGAGGCAAAGGTTGCAGTGAGCTGAGATTGCACACCACTGCACTCCAGCCTGGGCAACAAGAGTGAAACTCCATCTCAAA"
"chr1","36160992","36161296","KN294987v1","384726","385022","37","35776266","GGCAGGGCATGGTGGCTCACACCTGTAATCCTAGCACTTTGGGAGGCTGAGATGGGTGGATCACCTGAGGTCAGGAGTTCAAGACCAGCCTGGCCAACATGGTGCCTGTCTCTACTAAAAATACAAAAATTAGCCAGACGTGGGGACGGGTGCCTGTAATCCCAGCTACTCAGTAGGCTGAGGCAGGAGAGTCGCTTGAACCTGGGAGGCAGAGGTTGCAGTGGGCAGAGATCGTGCCACTGCATTCCAGTCCGGGCAACAAGAGGGAAACTCCATCTCAAAAAACCAATAAAACAAAAATAAAA","GGCAGGGCACGGTGGCTTACACCTGAAATCGCAGCACTTTGGGAGGCTGAGACGGGTGGATCACCTGAGGTCAGGAGTTCAAGACCAGCCTGGCCAACATGGTGAAACCCCGTCTCTACTAGAAATACAAAAATTAGCCAGGTGTGGGGGCGGGTGCCTATAATCCCAGCTACTCAGTAGACTGAGGCAGGAGAGTCGCTTGAACCCGGGAGGCGGAGGTTGCAGTGGGCAGAGATCATGCCACTGCATTCCAGCTTGGCGACAAGAGGGGAAACTCCATCTCAAAAAAACAAAAAA"
"chr1","36310224","36310507","KN295573v1","1209164","1209448","38","35101060","GGCCGGGCGCAGTGGCTCTCGCCTGTAATCCCAACACTTTGGGAGGCGGAGGCAGGTGGATCACCCGAGGTCAGGAGTTGGAGGCCAGCCTGACAAACATGGCGAAACCCTGTCTCTAGTAAAAATACAAAATTAGCCGGGCGTGGTGGCAGACACCTGTAGTCCCAGCTACTCGGGAGACTGAGGCAGGAGAATCGCTTGAACCCGGGAGGCGGAGGTTGCAGTGAGCCGAGATCGCACCACTACACTCCAGTCTGGGCAACAAGAGTGAAACTAAAAAAAAA","GGCCAGGCGCGGTGGCTCACGCCTGTAATCCCAACACTTTGGGAGGCCGAGGCGGGTGGATCACCCGAGGTCAGGAGTTCAAGACCAGCCTGGCCAACGTGGCCAGACCCTGTCTCTACTAAAAATACAAAAATTAGCTGGGCCTGGTGGCGGGCGCCTGTAATCCCAGCTACTCTGGAAGCTGAGGCAGGAGAATCGCTTGAACCAGGGAGGCGGAGGTTGCGGTGAGCCGAGATCGCACCACTGCACTCCAGCCTGGACAGCAAGAGCGAAACTCTGTCTCAA"
"chr1","36510478","36510787","KN295241v1","154718","155028","39","36355760","GACTGGGTGCGGTGGCTCATGCCTGTAATCCCAGCACTTTGGGAGGCCGAGGTAGGTGGATCACTTGAGGTCAGGAGTTCGAGACCAGCCTGGCCAACATGGCGAAACCCCGTCTCTACTAAAGATACAAAAATTAGCTGGGCACGATGGAGGGTGCCTGTAATCCCAGCTACTCGGGAGGCTAAGGTGGGAGAATTGCTTGGACCCAGGTGGCAGAGGTTGCAGTGAGCCAAGATTGTGCCACTGCACTCCAGCCTGGGCAACAAGGCGAAGCTCTGTCTCAATTAAAAAAATAATAATAATAATAAAA","GGCTGGGCACGGTGGCTCACACCTGTAATCCCAGCACTTTGGGAGGCCGAGGGAAGTGGATCACTTGAGGTCAGGAGTTTGAGACCAGCCTGGCCAACATGGCAAAACCCAGTCTCTACTAAAAATACAAAAATTAGCCGGGCATGGTGGCAGGTGCCTGTAATCCCAGATCCTTGGTAGGCTGAGGTGGGAGAATTGCTTGAACCCAGGAGGTGGAGGTTGCAGTGAGCTAAGATCGTGCCACTGCACTCCAGCCTGGGCGACAAGAGCAAGACTCTGTCTTAAAAAAAAAAAAAAAAAAAAAAAAAAAA"
"chr1","36906112","36906418","KN295236v1","753928","754234","41","36152184","GCCGGGCACGTTGGCTCACGCCTGTATTCCCAGCACTTTGGGAGGCCGAGGCAGGCGGATCACCTGAGGTCAGGAGTTCATGATCAGCCTGGCCAACAAGGCGAAACCCCGCCTCTACTAAAAATACAAAAAAATTAGCCAGGCATAGTGGCGGGTGCCTGTAATCCCAGCTACTCGGGGGGCTGAGGCAGGAGAACTGCTCGAACCCAGGACGCGGAGGTTGCAATGAGCTGAGATCACGCCACTGCACTCCAGCCTGGGCAACAAAAGCGAAACTTGGTCTCAAAAAAAAGAAGAAAAAAAAAAA","GCTGGGCACGGTGGCTCACGCCTGTAATCCCACCACTTTGGGAGGCTGAGGCAGGCGGATCACCTGAGGTCAGGAGTTCGAGACCAGCCTAGCCAACATGGCGAAAACCCATCTCTACTAAAACTACAAAACATTAGCTGGGCATGGTGGTGGGCACCTGTAATCCCAGCTACTTGGGAGGCTGAGGCAGGAGAATTGCTTGAACCCAGGAGGCAGAGGTTGCAGTGAGCTGAGACCGCACCACTGCACTACAGCCTGGGCAACAAGAGCGAGACTCCATCTCAAAAAAAAAAAAAAAAAAAAAAAA"
"chr1","36918448","36918760","KN295142v1","809109","809420","41","36109339","GGCCCGGTGCGGTGGCTCATGCCTATAATCCCAACACTTTGGGAGGCCGAGCAGGCGGATTGCCTAAGGTCAGGAGTTCGAGACCAGCCTGGCCACCATGGTGAAACCCTTTCTCTACTAAATATACAAAAATTAGCCAGGTATGGTGGCAGGCGCCTGTAATCCCAGCTACTTGGGAGGCTAAGACAGGAGAATCGCATGAACCTGGGAGGAGGAGGTTGCAGTGAGCCAACATCGCGCCACTGCACTCCAGCCTGGGCAAGAAGAATGAAACTCTGTCTACAAAAAAAAAAAAGAAAAGAAAAGAAAAAAA","GGCCGGGCGCGGTGGCTCATGCCTGTAATCCCAGCACTTTGGGAGGCTGAGGCGGGCAGATCACCTGAGGTCAGGTGTTCAAGACCAGCCTGGCCAACGTGGTGAAACCCCGTCTCTACTAAAAATACAAAAATTAGCCTGGTTTGATGGTGGGTGCCTGTAATCCCAGCTATTCGGGAGGCTAAGGCAGGAGAATCACTTGAATCTGGGAGGCGGAGGTTGCAATGAGCCGAGATCGCGCCACTGCACTCCAGCCTGGGCAACAGGAGTGAAACTCTGTCTCAAAAAAAAAAAAAAAAAAAAAGAAAGAAA"
"chr1","37276423","37276716","KN296311v1","3176858","3177154","37","34099565","GGCTGGGCATAGTGGCTCATGCCTATAATCCCAGCACTTTGGGAGGCCGAGGCGGGTGGAACACCTGAGGTCAGGAGTTCCAGATCAGCCTGGCCAACATGGTGAAACTCTGTCTCTACTAAAAATACAAAAATTAGCCAGGAATGGTGGCAAGTGCCTGTAATCCCAGCTACTTGGGAGGCTGAGGTAGGAGAATTTCTCGAATCCGGGAGGCAGAGGTTGCAGTGAGCTGAGATTGCACCACTGCACTCCAGCTTACGCAACAAGAGCGAAACTCCATCTTAAAAAAAAAAA","GGCTGGACGCGGTGGCTCACGCCTGTAATCCCAGCACTTTGGGAGGCCGAGGAGGGTGGATCACCTGAGGTCAGGAGTTCGAGACCAGCCTGGACAACATGGCAAAACCCTGTCTCTACTAAAAATACAAAAATTAACCAGGTGTGGTGGTGAGCGCCTGTAATCCCAGCTACTTGGGAGGCTGAGGTAGGAGAATTGCTTGAACCTGGGAGGCAGAGGTTGCAGTGAGCCGAGATTACATCACTGCACTCCAGCCTGGGCGACAAGAGCAAAACTCCGTCTCACAAAAAACAAAAA"
"chr1","38123259","38123560","KN297227v1","1013431","1013731","34","37109828","GGCCGAGCACAGTGGCTCATGTCTGTAATCCCAGCACTCTGGAAAGCCGACACAAGTGGATCATCTGAGGTCAGGAGTCGGAGACCAGCCTGGCCAACATGGTAAAACCCCACCTCTACTAAAAATACAAAAAATTAGCCGGGCATGGTGGTGAGCGCCTGTAATCCCAGCTACTTGGGAGGCTGAGACAGAAGAATCACTTGAACCCAGGAGGTGGAGGTTGCAGTGAGCCAAGATGGCGCCACTGCACTCCAGCCTGGGCAACAAGAGCAAGACTCCGTCTCAAAAAAAAAAAAAAAAAA","GGCCAGGCACAGTGGCTCACGCCTATAATCCCAGCACTTCGGGAGGCCAAGGCAGGTGGATCATTTGAGGTCATGAGTTGGAGACCAGCCTGGCCAACATGGTGAAACCCCATCTCTACTAAAAATACAAAAATTAGCCGGGCGTGGTGGTGGGTGCCTGTATTTCCAGCTACTTGGGAGGCTGAGGCAGGAGAATTGCTTGAACCCAGGAGGTGGAGGTTGCAGTGAGCCGAGATTGAGCCACTGCACTCCAGCCTGGGCAACAAGAGCAAAACTCCATCTAAAAAAAAAAAAAAAAAAA"
"chr1","38152460","38152764","KN297157v1","244479","244781","35","37907981","TGGCTCACACCTGTAATCTCAGCACTTTGGGAGGCTGAAGTGGGTGGATCACCTGAGGTTAGGAGTTTGAGACCAGCCTGGCCAATTTGGTGAAACCCTGTGTCTACTAAAAATACAAAAATTAGCTGGTCATGGTGGCGGGTGCCTGTAATCTCAGCTACTTGGGAGGCTGAGGCAGGAGAATCGCTTGAACCTGGGAGGCGTAGGTTGCAATGAGCTGAGATCATGCCACTGCACTCCAGCCTGGGCAAGAAGAGCGAAACTCCGTCTCAAACAAACAAACAAACAAACAAACAAAAAACAAA","GGTGGCTCACACCTGTAATCCCAGCACTTTGGGAGGCCAAGGAGGGCGGATCACCTGAGGCTGGGAGTTTGAGACCAGCCTGGCCAAAATGGTGAAGCCCCATCTCTACTAAAAACACAAAAATTAGCTGGACATGGTGGCGGGTGCCTGTAATCCCAGCTACTCAGGAGGCTGAGGCAGGAGAATCGCTTGAACCTGGGAGGCAGAGGTTGCAGTGAGCTGATATCATGCCACTGCACTCCAGCCTGGGCAAGAAGAGGAAAACTCCATCTCAAAAAAAACAAAAACAAAAACAAAAACAAA"
"chr1","38332432","38332712","KN294592v1","1407123","1407409","41","36925309","GGCCGGGCACGGTGGCTCATACCTGTAATCCCAGCACTTTGGGAGGTGGAGGTGGGTGGATCACCTGAGGTCAGGAGACTAGCCTGGCCAACATGGCGAAACCCTGTCTCCACTAAAAGTACAAAACTTAGCCAGGCGTGGTGGCGTGCGCCTGTAATCTCAGCTACTTGGGAGGCTGAGGCAGGAGAATTGCTTGAACCTGAGGTGGAGGTTGCAGTGAGCCGAGATCTCACCACTGCACTCTAGCCTGGGCAATAAAAGTGAAACTCTGTCTCAAAAAA","GGCTGGGCACAGGGGCTTGCCTGTAATCCCAACACTTTGGGAGGCTGAGGTGGGTGGATCACCTCAGGTCAGGAGTTTGAGAACAGACTGGCCAACATGGTGAAACCCCGTCTCTACCAAAAATACAAAATTTAGCCAGGCATGGTGGCGGGCGCCTGTAGTCCCAGCTACTCGGGAGGCTGAGGCAGGAGAACAGCTTGAACCCAGGAGGCGGAGGTTGCAGTGAGCCGAGATCACACCACTGCACTCCAGCCTGGGCAACAAGAGTGAAACCCCGTCTCAAAAAA"
"chr1","38476756","38477057","KN295244v1","318312","318607","36","38158444","GGCTGGACATGGTGGCTCACGCCTGTAATCCCAACACTTTGGGAGGCCAAGGCTGGTGGATCACCTGAGGTCAGGAGTTCGAGACTAGCCTGGCCAACACAATGAAACCCTGTCTCTATTAAAAATACAAAAAATTAGCCGGGCGTGGTGGCAGACGCCTGTAATCCCAGCTACTCTGGAGACTGAGACAGGGGAATTGCTTGAACCCGGGAGGTGGAGGTTGCAATGAGCCAAGATGGTGCCACTGCACTCCAGCCTGGGCAACAAGAGCAAAACTCCATCTCAAAAAATAAAAATAAAAA","GGCTGGGCACGGTGGCTCATGCCTGTAATCCCAACACTTTGGGAGGCCAAGGTGGGTGGATCACCTGAGTTCAGGAGTTCGAGACCAGCCTGGCCAACATGGTGAAACCCTGTCTCTATTAAAAATACAAAAATTAGCCAAGCATGGTGGCAGGCGCCTGTAATCCCAGCTACTCAGGAGGCTGAGGTAGGAGAATTGCTTGAACCTGGGAGGCAGAGGTTGCAGTGAGCCGAGATCATGCCTCTGCACTCCAGCCTGGGCAACAAGAGCAAGACTCTGTCTCAAAAAAAAAAAAA"
"chr1","38478424","38478717","KN296508v1","1861452","1861744","29","36616972","GGCCGGGCATGGTGGTTCATGCCTGTAATCCCAGCACTTTGGAAGGCCAAGGCAGGTGGATCACCTGAGGTCAAGAGTTCGAGACCAGCCTGGCTAACATGGTGAAACCTCATTTCTACTAAAAATTCAAAAAATTAGCTGGGCATGGTGGCGCGTGCCTGTAATCCCAGCTACTCAGGAGGCTGAGGCAGGAGAATTGCTAGAACCCAGGAGGCAGAGGTTGCAGTGAGCCAAGATCACACCACTGCACTCCAGCTCAGGCAACAAGAGTGAAACTCCATCTCAAAAAAAAAA","GGCCAGGCGCGGTGGTTCATGCCTGTAATCCCAGCACTTTGGGAGGCCGAGGTGGGTGGATCACCTGAGGTAAGGAGTTCGAGACCAGCCTGGCTAACATGGTGAAACCCCATTTCTACTAAAAATACAAAAAATTAGCTGGGCATGGTGGCACACGCCTGTAATCCCAGCTACTTGGGAGGCTGAGGCAGGAGAATGGCTTGAACCCAGGAGGCAGAGGTTGCAGTGAGCTGAGATCATGCCACTGCACTGCAGCTTGGGCAACAAGAGCAAAACTCCGTCTCAAAAAAAAA"
"chr1","38800519","38800789","KN296884v1","1152939","1153223","53","37647580","CGTGGTGGCTCACGCCTATAATCCCAGCCAAGGTGGGTAGATCATTTGAGATCAGGAGTATGAGACCAGCCTGGCCAACATGGTGAAACCCTGTCTCTACTAAAAATACAAAAATTAGCCAGGCATGGTAGTGTGTGCCTGTAATCCCAGCTACCTGGGAGGCTGAGGCAAGAGAATCGCTTGACCCCGGGAGGTGGATGTTGCAGTGAGTCTAGATCGCACCACTGCATTCCAGACTGGACAAAAAGAGTGAAATTCTATCTCAAAAAAA","CGCAGTGGCTCACGCCTATAATCCCAGCACTTTGAGAGGCTGAGGCGGGCAGATCACCTGAGGCCAGGAGTTCGACACCAGCCTAGCCAACATGGTGAAACCCTGTCTCTACTAAAAATACAAAAAATTAGCCAGGCATGGTGGCGGACGCCTGTAACTCCAGCTACTCGGGAGGCTGAGGCAGGAGAATCCCTTGAACCTGGGAGGTGGAGGCTGCAGTGACCTGAGATCGCACCACTGCACTTTAGCCTGGGAAACAAGAGGGAAACTCTGTCTCGAAAAAAA"
"chr1","39325660","39325962","KN295923v1","2418053","2418351","40","36907607","GGCCAGGCGCAGTGGCTCGTGCCTGTAATCCCAGCACTTTGGGAGGCTGAGGCGGGTGGATCACCTGAGGTCGAGAGTTCAAGACCAGCCTGGCTAACATGGTGAAACCCGGTTGCTAAAAATACAAAAAAATTAGCTGGGTGTGGTGGTGCATGCCTGTAATCCCAGCTACTCGGGAGGTTGAGGCAGGAGAATCGCTTGAACCCAAGAGACGGAGGTTGCAGTGAGCCGAGATCATGCCACTGTACTCCAGCTTGGGCAACAAGAGCAAAACTCTGTCTCAAGAAAAAAAAAAAAAGAAAA","GGCCAGGTGCAGTGGCTCACGCCAGTAATCCCAGCAGTTTGGGAGGCTGAGGCGGGCAAATCACTTGAGGTCAGGAGTTTGAAACCAGCCTGGCCAACACGGTGAAACCTTGTCTCTACTAAAAATACAAAAAATTAGCCGGGTGTGGTGGTGGATGCCTATAATCCCAGCTACTCTGGAGGCTGAGGCAGGAGAATCACTTGAACCCAGGAGGCGGAAGTTGCAGTGAGCCGAGATCATGCCACTGCACTCCAGCCTGGCAACAAGAGCAAAACTCTGTCTCAAAAAAAAAAAAAAAA"
"chr1","39363627","39363927","KN296948v1","914496","914793","38","38449131","GGCTGTGCATGGTGGCTCACACCTGTAATCCCAGAACTGTAGGAGGCCAAGGCAGGTGGATCACCTGAGGTCATGAGTTCAAGACCAGCCTGGCCAACATGGTGAAACCCTATCTCTACTAAAAATATAAAAAACTAGCTGGGCGTGGTGGCGGCCGCCTGTAATCCCAGCTACCTGGGAGGCTGAGGCAGGAGAATCTCTTGGACTCAGGAGGCAGACGTTGCAGTGAGCCGAGATTGCGCCACTGGACTCCAGCCTGGGCAACAAGAGTGAAACTCCGTCTAAAAACAAGAAAAAAAAA","GGCTGGGTGTTGTGGCTCACACCTGTAATCCCAGCACTTTGGGAGGCAGAGGCAGGCGGATCACCTGAGGTCAGGAGTTCAAGACCAGCCTGGCCAACATGGTGAAACCCCATCTCTACTAAAAATACAAAAAAATTAGCTGGGCGTGGTGGTGGGTGCCTATAATCCCAGCTACTCGGAAGGCTGAGGCAGGAGAATCACTTGGGCCCAGGAGGCAGAGGTTGCAGTGAGCTGAGATTGCGCCACTGCACCCCAGCCTGGATAACAAGAGTGAAACTCTGTCTCCAAAAAAAAAAAA"
"chr1","39386220","39386526","KN296934v1","523491","523793","40","38862729","GGCCGGGCACGGTGGTTCACACCTGTAATCCCAGCACTTTGGGAGGCCGAGGCGGGCGGATCACCCGAGGTCAGGAGTTCGACACCAGCCTTGCCAATCTGGTGAAACTCCGTTTCTACTAAAAATACAAAAATTAGCTGGGCATGGTGGCGGGCGCCTGTGCTCCCAGCTACTCCGGAGGCTGAGGCAGAAGAATCGCTTGAACCTGTGAGGCGGAGGTTGCAGTGAGCTGAGATCCCACCGCTGAACTCCAGCCTGGGCAACAAGAGTGAAACTTGGTATCGAAACAATAAAAATAAAAAAAAAA","CCAGGTATGGTGGCTCACATCTGCAATCCCAGCGCTTCGGCAGGCCGAGGCAGGCGGATCACCTGAGGTCAGGAGTTGGAGACCAGCCTGGCCAATGTGGTGAAACCCCGTTTCTACTAAAAATACAAAAATTAGCTGGGCATGGTGGCAGACGCCTGTAATCCCAGCTACTCGGGAGGCTGAGGCAGGAGAATCGCATGAACCTGGGAGGCGGAGGTTGCAGTGAGCCGAGTTCGCACCACTGCACTCCAGCCTGGGTGCAACAAGAGTGAAACTGCATCTAAAAAAAAAAAAAAAAAAAAA"
"chr1","39514855","39515154","KN294949v1","669778","670078","35","38845077","GGCCGGGCACGGTGGCTCACGCCTGTAATCCCAGCACTTTGGGAGGCCATGGCAGGTGGATCAGCTGAGCTCAGGAGTTCCAGACCAGCCTGGGCAATATGGTGAAACCCCATCTCCACTAAAAATACAAAAATTAGCCGGGCATGGTGGCAGACACCTGTAATCCCAGCTATTGGAGCTGAGGCAGGAGAATAGCTTGAACCCTGGAGGTGGAGGTTGCAGTGAGCTGAGATGGCGCCACTGCACTCCAGCCTGGCAACAAGAGTGAGACTCTGTCTCAAAAAATTGAAAAAAGTAAAA","GCCGGGTACGGTGGCTCACGCCTGTAATCCCAGCACTTTGGGAGGCCGAGGCAGGTGGATCACCCGAGGTCAGGAGTTCGAGACCAGCCTGACTAACATGGTGAAACCCCATCTCTACTAAAAATACAAAAATTAGCCGGGCATGGTGGCAGGCGCCTATAATCCCAGCTACTCAGGAGGCTGAGGCACGAGAATCGCTTGAACCCAGGAGGTGGAGGTTGCAGTGAGCTGAGATCGCACCACTGCACTCCAGCCTGGGCAATAAGAGCAGAACTCTGTCTTCAAAAAAATGAAAATAAAA"
"chr1","39638660","39638958","KN296528v1","1485437","1485734","49","38153223","GGCCGGGCGGGGTGGCTCGTGCCTGTAATCCCAGTACTTTGGGAGGCCAAGGTGGGTGGATCACTTGAAGTCAGGAGTTCCAGACCAGCTTGGCTAATATGGAGAAGCCCCATCTCTGCTAAAAATACAAAAAATTAGCTGGGTGTGGTGGCGGGTGCCTGTAATCCCAGCTATTTGGGAGGCTGAGGCAGGGAGAATCGCTTAAACCTGGGATGCGGAGGTTGCAGTAAGCCGAGACCGTACCACTGCCTCCAGCCTGGAGTTTTTTCTTGAAACTCCATCTCAAGAAAAAAAAAAAA","GCCGGGCGCGGTGGCTCATGCCTGTAATCCCAGCACTTTGGGAAGCTAAGGTGGGTGGATCACCTGAAGTCAGGAGTTCAAGACTAGCCTGACCAACATGGTGAAACCCCATCTCCACTAAAAATACAAAATTAGCTGGGTGTGGTGGCAGATGCCTGTAATCCCAGCTACTTGCGAGGCTAAGGCAGGAGAATAACTTAAACCCAGGAGGCGGAGGTTGCAGTGAGCCAAGATCGTGCCACTGCACTCCAGCCTGGGCAACAAGAGCGAAACTCCATCTCAAAAAAAAAAAAAAAAA"
"chr1","39656876","39657156","KN294456v1","711541","711812","45","38945335","ACTTTGGGAGGCTGAGGCGGTGGATTACCTGAGGTGAGGAGTTCAAGACCAGCCTGACCAACATGGTGAAACCCCCTCTCTACTAAAAATACAAAAAATTAGCTGGGTGTGGTGAGGGGGTGCCTGTAATCCCAGCTACTCAGGAGGCTGAGGCAGGAGAATCGCTTGAACCCGAGAGGCAGAGGTTGTAGTGAGCTGAGATCGCACCACTGCACTCCATCCAGCCTGAGCAACAAGAGTGAAACTCTGTGTCAAAAAAACAAACAAATGAACAAACAAAA","TTGGGAGATTGAGGCCGGTTGATTGCTTGAGGTCAGGAGTTCGAGACCAGCCTGGCCAACATAGTAAAACCCTGTCTCTACTAAAAATACAAAAAATTAGCTGGGCGTGGTGGTAGGCGCCTGTCATCCCAGCTACTAGGGAGGCTGAGGCAGGAGAATCGCTTGAACCCGGGAGGAGGAGGTTACAGTGAGCTGAGATTGCACCACTGCACTCCAGCCTGGGCAGCAAGAGTGAAACTCTGTTTCAAAAAAATAAAATAAAATAAAATAAA"
"chr1","39661320","39661617","KN295096v1","472728","473024","43","39188592","GGCCAGGTGTAGTGGCTAACGCTTATAATCCCAGCACTTTGGGAGGCCGAGGAGGGTGGATCACTTGAGGTTAGGAGTTGTAGGCCAGCCTGGGCAACATGATGAAACCATGTGTCTACTAAAAATGCAAAAATTAGCCATGTGTGGTGGCAGGTGCCTGTAATCCCAGCTACTCAGGAGGCTGAGACAGTAGAATCACTTGAACCTGGGAGGCAGAGGTTGCAGCAACCCGAGATGGTGCCACTGCGCTCCAGCCTGGACAACAAGAGCGAAACTCCATCTCAAGAGAAAAAAAAAA","GGCCAGGAGCAGTGGCTCATGCCTATAATCCCAGCACTTTGGGAGGCTGAGGTGGGTCGATTACTGGAGGTCAGGAGTTCAAGACCAGCCTGGCCAACATGGTGGAAACCCTGTCTCTACTAAAAATACAAAATTAGCTGGGCATGGTGGCGTGCGCCTGTAATCCCAGCTACTCAGGAGGCTGAGGCAGGAGAATCACTTGAACCTGGGAGGCAGAGGTTGCAGTAAGCTGAGATGGTGCCACTGCACTCCAGCCTGGGCAAAAAGAGCGAAACTCCATCACACACACAAAAAGAA"
"chr1","39781928","39782203","KN297165v1","693062","693346","34","39088866","GGCCAGGCACAGCTCATGCCTGTAATCCCAGCACTCTGGGAGGCCAAGGCGGATGGATCACCTGAGGTCAGGAGTTTGAGACTAGCCTGGGCAACATGGTGAAACCCCGTCTCTACTAAAAATACAAAAAATCAGCCAGGTATGGTGGCGGGCAAATCCCAGCTACTCAGGAGGCTGAGGCAGGAGAATCGCTTGAACCCAGGAGGCGGAGGTTGCAGTGAGCCAAGATCGCACCACTGCACTCCAGCCTGGGCAATAAGAGCGAAATTCCGTCTC","GGCCAGGTGCGGTGGCTCATGCCTGTAATCCCAGCACTTTGGGAGGCCAAAGCGGGTGGATCACCTGAGGTCAGGAGTTCGAGACCAGCCTGGCCAACACGGTGAAACCCTGTCTCTACTAAAAATACAAAAAAATTAGCCGGGCATGGTGGCAGGTGCCTATAATCCCAGCTTCTCAGGAGGCTGAGGCAGGAGAATCGCTTGTACCCAGGAGGCAGAGGTTGCCGTGAGCGGAGATTGCACCCCTGTACTCCAGCCTGGGCAAGAAGAGCGAAACTCCGTCTC"
"chr1","39975599","39975915","KN296404v1","1840967","1841270","46","38134632","GGCCAGGTGTGGTGGCTCATGCCTCTAATCCCAGCACTGTGGGAGGCCGAGGCGGGCAGATCACTTGAGGTCAGGAGTTTGAGATCAGCCTGGCCAACATGGTGAAACCCCATCTCTACTAAAAATACAAAAAAACTACCCAGGCATCGTGGCAGGCACCTATAATCCCAGCTTCTTGGGAGGCTGAGGCAGGAGAATCACTTGAACCCAAGTGGAGGTTGAGGTTACAGTGAGCCAAGATCGTGCCACTGCACTTCAGCCTGGGCAACAGAGCGCAGAGTAAGACTCTGTCTCAAAAAAAAAAAGAAAGAAAGAAA","CCAGGCATGGTGGCTCATACCTGTAATCCCAGCACTTTGGGAGGCCAAGGCAGGTAGATCACCTGAGGTCAGGAGTTTGAGACCAGCCTGGCCAGCATGGTGGAATCCCATCTCTACTAAAAATACAAAAAATTAGTTGGGCGTGGTGGCAGGCACCTGTAATCCCAGCTACTTGGGAGGCTGAGGCAGGAGAATCGCTTGAACCCGGGAGGTGGAGGTTGCAGTGAGCCAAGATTGTGCCACTGTACTCCAGCCTGGGCAACAAGAGCGAAACACCATCTCAAAAAAAAAAAAAAAAAAAAAA"
"chr1","40235573","40235893","KN296649v1","267832","268145","51","39967741","GACCGGGTGCAGTGGCTCACACCTGTAATCCCAGCACTTTGGGAGGCTGAGGTGGGTGGATCACTTGAGGTCAGGAGTTCGAGACTAGCCTGGCCAACATGGTAAAACCCTATATCTACTAAAAATACAAAAAATTAGCCGGGTGTGGTGGTGGGCACCTGTGATCCCAGCTACTCGGGAGGCTGAAGCAGGAGAATCTCTTGAAGGCGGAGGTTGCAGTGAGCCAAGATCACACCACTGCACTCCAGCCTGGGCAACAAGAGCGAAACTCCATCACACACACACACACACACAAAAAAAAAAAAAGAAAGAAAGAAAAAA","GGCCGGGCGCAGTGACTCACGCCTATAATCCCAGCACTTTGGGAGACCAAGACGGGTGGATCACCTGAGGCCAGGAGTTCGAGACCAGCCTGGCCAGCATGGTGAAACCCTGTCTCTACTAAAAATACAAAATTAGCTGAGTGTGGTGGCACACACCTGTAATCCCAGCTACTCAGGAGGCTGAGGCAGGAGAATCACTGGGAGGCGGAGGTTGCAGTGAACTGAAATCACACCACTGCACTCCAGCCTAAGCAACAAGAGTGAAACTCTGTCTCAAAAAAAAAAAAAAAAAAAAAAAAAAAAGAAAGGAAAAA"
"chr1","40284103","40284242","KN295096v1","1927679","1927823","18","38356424","TCTCAGCTACTTGGGAGGCTGAGGCAGGACAATTGCTCGAACCTGAGAGGTGGTGGTTGCAGTGAGCCGAGATCACACCACTGCACTCCAGCCTGGGCAACAAGAGTGAAACTCCATCTCAGAAAAAAAAAAAAAAAGAA","CTCAGCTACTCGGGAGGCTGAGGTAGGAGAATTGCTTGAACCTGGGAGGTGGAGGTTTCAGTGAGCTTAGATCGCACCACTGCACTCCAGCCTGGGCAACAAGAGTGAAACTCCATCTCAGAAAAATAAAAAATATAAAATAAAA"
"chr1","40496708","40496939","KN297096v1","9914","10132","46","40486794","CCTGGCCAACATGGCGAAACTCCGTCTCTACTAAAATACAAAACTTAGCTGGGTGTGGGACAGGTGCCTGTCCCTCACCCTAATCCCAGCTACTTGGGAGGCTGAGGCAGGAGAATCCTTGAACCCAGGAGGCAGAGGTTGCAGTGAGTCAAGATCGCGCCACTGCACTCCAGCCTGGGCAACAAGAGCGAAACCCTGTCTACCAAAAAAAAAAAAAAAAAGAAGAAAGAAA","GCGTAGCCAACCTGCTGAAACCCCGTCTCTACTAAAAATACAAAACTTAGCTGGGTGTGGTGGCATGCGCCTATAATCCCAGCTACTCAGGAGGCTGAGGCAGGAGAATCACTTGAACCCGGGAGGTGGAGATTGCAGTTAGCCGAGATCACGCCACTGTACTCCAGCCTGGGCAACAAGAGCAAAACTCTGTCTCAAACAAACAAACAACAACAGAAA"
"chr1","40615412","40615726","KN297047v1","2103989","2104301","47","38511423","GACTGGGCACAGTGGCTTACGTCTGTAATCCCAACACCTGGGGAGGCCAAGGCGGGTGGATCGCCTGAGGTCACGAGTTTGAGACCAGCCTGGCCAATATGGCGAAACCCCTTCTCTACTAAAAATACAAAAATTAGCCGGATGTGGTGGCAGATGCCTGTAATCTCAGCTACTTGGGAGGCTGAGGCAGGAGAGTTGGTTGAACCTGGGAGATGGAGGTTGTGGTGAGCTGAGATGGCGCCACTGCACTCCAGCCTGGGCTACAAGAGTGAGACTCCACCTAACAAAAAAAAAAAAAAAGAAAGAAAGAAAGAA","GGCCAGGCGCAGTGGCTCACGCCTGTAATCCCAGCACTTTGGGAGGCTGAGGCAGGTGGATCACCTGAGGTCAGGAGTTCGAGACCAGCCTGGCCAACATGGTGAAACCCCGTCTCTACTAAAAATACAAAAATTAGCTGGGTGTGGTGGCTCAGGCCTGTAATCTCAGCTACTTGGGAGGCTGAGGCAGGAGAATCGCTTGAACCCAGGAGGCGAAGGTTGCAGTGAGCCGAGATCACGCCACTGCACTCCAGCCTGGGCAACAAGAGTGAAACTCTGCTTGAAAAAAAAAGAAAAAAAAGAAGAAGAAGAA"
"chr1","40702687","40702995","KN294705v1","235051","235362","38","40467636","GCCGGGCATGGTGGCTCACACCTGTAATCTTAGCACTTTGGGAGGCTGAGGTGGGTGGAGTACCTGAGGTCAGGAGTTCGAGACCAGCCTAGACAACATGGTAAAACCCCATCTCTACTAAAAATACAAAAAATTAGCTAGGTGTGGTGGTGAGCACCTATAGTCCCAGCTACTCGGGAGGCTGAGGCAGGAGAATCACTTGAACCTGGGACGTGGAGGTTGCAGTGAGCTGAGATCGCGCCACTGCACTCCAGCCTGGGCAACAAGAGAGAAATTCTGTCTCAAAAAAAAAAAAAAAAAAGAAAGAAA","GGCCAGGGGTGGTGGCTCACACCTGTAATCCTAGCACTTTGGGAGGCTGAGGCAGGTGGATCACCTGAGGTCAGGAGTTCAAGACCAACCGGGCCAACATAGTGAAACCCCATCTCTACTAACAATACAAAAAATTAGTTGGGTGTGGTGGCAGACACCTGTAATCCCAGCTATTCGGGAGGCTGAGGCCGGAGAATCACTTGAACCTGGGAGGCGGAGGTTGCAGTGAGCTGAGATCACGCCACTGCACTCCAGCCTGGGCAACAAGAGCAAAACCTCGTTTCAAAAAAAAAAAAAGAAAAGAAAAGAAAA"
"chr1","40710069","40710331","KN297442v1","822414","822676","34","39887655","GCACTTTGGGAGGCTGAGGCAGGTGGATCACCTGAGGTTGGGAGTTCGAGACCAGCCTGGCCAACATGATGAAACCCCATCTCTACTAAAAATACAAAAAATTAGCCGGGCGTGGTGGTGGGTGCCTGTAATCCCAGCTACTCAGGAGGCTGAGACAGGAGAATCACTTGAACCCAGGAGGCAGAGGGTGCAGTGAGCCAAGATTGAGCTACTGCACTCCAGCCTGGGCAACAAGAGTGAAACTCTGTCTCAAAGAAAAAAAA","CACTTTTGGAGGTCAAGGCAGGTGGATCACCTGAGGTCAGGAGGTCGAGACCAGCCTGGCCAACATGGTGAAACCCCATCTCTACTAAAAGTACAAAAATTAGCCGGGTGTGGTGGCGGGTGCCTGTAATCCCAGCTACTCCAGAGGCTGAGGCAGGAGAATCACTTGAATCTGGGAGGCGGAGGTTGCAGTGAGCTGAGATCACGCCACTGCACTCCAGCCTGAGCGACAAGAGTGAGACTCTATCTCAAAAAAACAAAAAA"
"chr1","40715619","40715705","KN296726v1","233564","233629","27","40482055","GGCTGGGCGCAGTGACTCACGCCTGTAATCCCAGCACTTTGGGAGGCCGAGGCGGGCGGATCACNNNNNNNNNNNNNNNNNNNNCCA","GACTGGGCTCAGTGGCTCACGCCTGTAATCCCAGCACTTTGGGAGGCCGAGGTGGGCAGATCACCT"
"chr1","40781599","40781887","KN294457v1","1018677","1018971","34","39762922","GGCCACGTGTGGTGGCTCACGCCTGTAATCCCAGCACTTTGGGAGGGTGAGGTGGGTGGATCACCTGAGGTCAGGAGTTCGAGACCAGCCTGGCCAACATGATGAAACCCCATCTCTACTAAAAATACAAATAGCCGGGTGTGGTGGCGAGCACCTGTAATCCCAGCTACTTGGGAGGCTGAGGCAGGAGAATCACTTGAACCCGGGAGGCGGAGGTTGCAGTGAGCCGAGATCACGTCACTGCACTCCAGCCTGGGCAACAAAAGCGAAACTTCATCTCAAAAAAAAA","GGCCAGGTGCAGTGGCTCACGCCTGTAATCCCAGCACTTTGGGACGCTGAGGTGGGTGGATCACCTGAGGTCAGGAGTTCAAGACCAGCCTGGCCAACATGGTGAAACCCTGTCTCTACTAAAAATACAAAAATTAGCTGGCCGCGGTGGTGGGCGCCTGTGATCCCAGCTACTTGGGAGGCTGAGGCAAGAGAATCGCTTGAACCTGGGAGGCAGAGGTTGCAGTGAGCCGAGATCGTGCCACTGTACTCCAGCCTGGGCAACAAGAGTGAAACTCCATCTCAAACAAAACAAA"
"chr1","40864400","40864704","KN294439v1","300738","301034","36","40563662","GGCCGGGTGCAGTGGCTCATGCCTGTAATCCCAGCACTTCAGCAGCCCAAGGCGGGTGGATCACCTGAGGTCCGGAGTTCCAGACCAGCCGGGCCAACATGGTGAAACCCCATCTCTACTAAAAATACAAAAAGTTAGCCAGGCATGGTGGCGGGCGCCTATAATCCCACCTACTTGGGAGGCTGAGGCAGCAGAATCGCTTGAACCTGGGAGGCAGAGGTTGCGGTGAGCTGAGATTACGCCACTGCACTCCAGCCTGGGCAACAAGAGCGAAACTCTGTCTCAAAAAGTAATAAAAATAAAAA","GGCCGGGTGCGGTGACTCACGCCTGTAATCCCAGCACTTTGGGAGGCCAAAGCGGGTGGATCACCTGAGGTCAGGAGTTTGTGACCAGCCTGGCCAACATGGTGAAACCCCGTCTCTACTAAAAATACAAAAAATTAGCCAGGCATGGTGGCAGGCGCCTGTAATCCCAGCTACTCGGGCAGCTGAGGCAGCAGAATCGCTTGAACCCGGGAGGTGGAGGTTGCAGTGAGCCAAGATCACGCCACTGCACTCCAGCCTGGGCAACAAGAGCGAAACTCTGTCTCAAAAAAAAAAAAA"
"chr1","41080213","41080512","KN295244v1","318312","318607","33","40761901","GGCCAGGCACAGTGGCTCACGCCTGTAATCCCAACACTTTGGGAGGCCTAGGGGAGTGCATCAACTGAGGTCAGGAGTTCGAGACCAGCCTGGCCAACATGGCGAAACCCTGTCTCTACTAAAAGTACAAAAAAATTAGCCAGGCCTGGTGGTGGGTGCCTGTAATCCCAGCTACTCAGGAGGCTGAGGCAGGAGAATTGCTTGAATCTGGGAGGCAGAAGTTTCAGTGAACCGAGATCGCACCACTGCACTCCAGCCTGGGCAACAAGAGCAAGACTCCATCTCAAAAAGAAAAAAAAA","GGCTGGGCACGGTGGCTCATGCCTGTAATCCCAACACTTTGGGAGGCCAAGGTGGGTGGATCACCTGAGTTCAGGAGTTCGAGACCAGCCTGGCCAACATGGTGAAACCCTGTCTCTATTAAAAATACAAAAATTAGCCAAGCATGGTGGCAGGCGCCTGTAATCCCAGCTACTCAGGAGGCTGAGGTAGGAGAATTGCTTGAACCTGGGAGGCAGAGGTTGCAGTGAGCCGAGATCATGCCTCTGCACTCCAGCCTGGGCAACAAGAGCAAGACTCTGTCTCAAAAAAAAAAAAA"
"chr1","41135054","41135337","KN295236v1","3645629","3645922","40","37489425","GGCTGGGCACGGTGGCTCACACCTGTTATCTCAGCACTTTGGGAGGCCGAGGTGGGTGGATCACCTGAGGTCAGGAGTTCGAGACATGCCTGGCCAACATGGTGAAACCCTATCTTTACTAAAAATACAAAATTAGCTGGGCGTGGTGACACGTGCCTGTAATCCCAGCTGCTCAGGAGGCTGAGGCAGAAGAATCACTTGAACTGGGGAGGCAGAGGTTGCAGTGAGCTGGGACTGCACTCCAGCCTGGGCAACAGGAGCGAAACTCCATCTCAAAAAAAAAA","GGCTGGGCGCGGTGGCTCACACCTGTAATCTCAGCACTTTGGGAGGCTGAGGTGGATGGATCACCTGAGGTCAGGAGTTCGAGACTAACATGGCCAACATGGTGAAACCCCATCTCTACTAAAAACAAAAAATTAGCCAGCTGTGGTGGCTGGCGCCTGTAATCCCAGCTACTCGGGAGGCTGAGGCAGGAGAATCACTTGAATCTGGGAGGCAGAAGTTGCAGTGAGCCGAGATCATGCCACTGCACTCCAGCCTGGGCAACAAGAGCGAAACTCCGCCTCAAAAAAAAAAAA"
"chr1","41184962","41185286","KN297158v1","609393","609708","51","40575569","CCAGGCATGGTGGCTTACACCTGTAATCCCAGCACTTTGGGAGGCTGAGGTGGGGGGGGGATCACCTGAGGTCAGGAGTTTGAGACCAGCCTGGCTAACATGGTGAAACCCCGTCTCTACTGAAAATACAAAAAATTAGCCAGGTGCGGTGGCGGGTGCCTGTAATCCTAGCTACTCAAGAGGCTGAGGCAGGAGAATTGCTTGAACACAGGAGGCAGAAGTTGCGGTGAGCTGAGATCTTGCCACTGCACTCCAGCCTGGGCAACCAAGAGGCGAAAAACTACCCAAGTACGTCTAAAAATAAAAAAAAAAGAAAAGAAAGAAA","GCCAGGTGTGGTGGCTCACACCTGTAATCCCAGCACTTTGGGAGGCTGAGGTGGGTGGATCACCTGGCTGAGGCCAGGAGTTCAAGATCAGTCTGGCCAACATGGTGAAACCCCGTCTCTACTAAAAATACAAAAATTAGCCGGGTGTGGTGGCGGGCACCTGTAATCCCAGCTACTCGGGAGGCTGAGGCAGGAGAATTGCTTGAACCTGAGAGGCAAAGATTGCAGTGAGCTGAGATCACGCCACTGCACTCCAGCCTGGGCAACAAGAGTGAAACTCCGTCTCAAAAAAAAAAGAAAAGAAAAGAAAAGAAAA"
"chr1","41338453","41338740","KN296588v1","13289","13578","32","41325164","GGCCAGATGCGGTGGCTCACGCCTGTAATCCCAGCACTTTGGGAGACTGAGGTGGGTGGATCACCTGAGGTCAGGAGTTCGAAACCAGCCTGGCCAACATGGTGAAACCCCGTCTCTACTAAAAATACAAAAATTGCTGGGCATGGTGGTGCGGGCCTGCAATCCCAGCTACTTGGGAAGCTGAGGCAGCAGAATCGCTTGAGTCCCAGGAGGCGGAGGTTGCAGTGAGCTGAGATGGCGCCACTGCACTCCAGCCTGAGCAACAGGAGCGAAACTCCATCTCAAAAA","GGCCGGGTGTGGTGGCTCATGCCTGTAATCCCAGCACTTTAGGAGACCAAGGTGGGTGGATCACCTGAGGTCAGGAGTTCAAGACCAGCCTGGCCAACATGGTGAAACCCTGTCTCTACTAAAAATACAAAAAAAATTGGCTGGGCATGGTGGCGGGCGCCTGTAATCCCAGCTACTCGGGAGGCTGAGGCAGGAGAATCGCTTGAACCTGGGAGGCAGAGGTTGCAGTGAGCTGAGATCGTGCCACTGCACTCCAGCCTGGGCAACAAGAACGAAACTCCATCTCAAAA"
"chr1","41349117","41349418","KN295531v1","74200","74508","33","41274917","GGCTGGGCGCGGTGGCTCACGCCTGTAATCCCAGCACTTTGGGAGGACGAGGCAGGTGGATCATCTGAGGTCAGGAGTTTGAGGCAGCCTGGCCAACATGGCGAAACCCCATCTTTACTAAAAATATAAAAATTAGCTAGGCGTGGTGGCAGATGCCTGTAATCCCAGCTACTCAGGAGGCTGAGGCAGGAGAATCACATGAACCTGGGAGGCAGAGGTTGCAGTGAGCTGAAATTGCACCACTGCACTCCAGTCTGGGCAACAGGAGCGAAACTCTGTCTCAAAAAAAAAAAAAAAAAAAA","GGCTGGGCGCAGTGGCTCACACCTGTAATCCCAGCACTTTGGGAGGCTGAGGCAGTTGGATCACCTGAGGTCAGGAGTTCGAGACCAGCCTGGCCAACATGGTGAAACCCCGTTTCTACTAAAAATACAAAAAATTAGCTGGGCATGGTGGCGGATGCCTGAAATCCCAGCTACTCAGGAGGCTGAGGCAGGAGAATCACTTGAACCTGGGAGGCAGAGGTTGTAGTGAGCTGAGATGGCACCACTGTACTCCAGCATGGGCAGCAAGAGCGAAACTCTGTCTCAAAAAAAAGAAAAAGAAAAAAGAAA"
"chr1","41525341","41525645","KN294172v1","346409","346717","46","41178932","GGCCAGGCATGGTGGCTAACACCTGTAATCCCAACACTTTGGGAGGCCAAGGCGGGCGAATCACTTGAGGTCAGGAGTTTGAGACCAGCCTGGCTAACATGGTGAAACCCCGTCTCTACTAAAAATAAAAAAATCAGCTGGGCGTGGTGGCGGACACCTGTAATCCCAGCTACTTAGGAGGCTGAGGCAGAAGAATCACTTGAGGTGGAGGTTGCAGTGAGCTGAGATCGCACCACTGCGCTCCAGCCTTGGCAACAAGAGCAAAACTCTGTTTCAAAAATAATAACAATAATAAAAGAAAGAAA","GGCAGGGCGTGGTGGCTCATGCCTGTAATCCCAGCACTTTGGGAGGTCCAGGCGGGCAGATCACCTGAGGTCAGGAGTTTGAGACCAGCCTGGCCACCATGGTGAAACCCTGTCTCTACTAAAAATATAAAAATTAGCCGGGTGTGGTGGCGGGCGCCTGTAATCCCAGCTACTTGGGAGGCTGAGGCAGGAGAATTGCTTGAACCTGGGAGGTGGAGGTTGCAGTGAGCTGAGACCTCGCCACTGCACTCCAGCTTTGGCAACAAGAGCAAAACTCTTGTCTCAAAAAAATAAAAATAAATAAATAAA"
"chr1","41576783","41577079","KN296424v1","369709","370011","40","41207074","GGCCGGGCATGGTGTCTCACACCTGTAATCCCTGCACTTTGGGAGGCTGAGGCGGGAAGATCACCTGAGGTCAGGAGTTTGAGACCAGCCTGGCCAACATGATGAAACCCTGCCTCTACTAAAAATAGAAAAAATTAGTGGGGCATGGCAGGCACCTGTAATCCCACCTACTCGGGAGGCTGAGGCAGAAGAATCACTTGAACCTGGGAGGCGGAGGTTGCAGTGTGCTGAGACTGTGCCACTGCACTCCAACCTGGACAACAACAGAGAAACTCTGTCTAACAAAAAAAAAAAAAA","GGACGGGTGCGATGGCTCACGCCTGTAATCCCTGCACTTTGGGAGGCTGAGGCGGGACGATCACCCGAGGTCAGGAGTTTGACCAGCCTGGCCAACATGATGAAACCCAGTCTCTACTAAAAATACAAAAAATTAGTCGGGCGTGGTGGTGGGCGCCTGTAATACCAGCTACTTGGGAGGCTGAGGCGGAGGAATCACTTGAACCTGGTAGGCGGAGGTTGCAGTGAGCTGAGATTGTGCCACTGCACTCCAACCTGGGCAACAAGAGGAAAGCTCTGTCTCAAAAAAACAAAAACCAAAAAA"
"chr1","41803847","41804161","KN295708v1","975967","976273","37","40827880","GGCTGGGCGCGGTGGCTCGTGCCTTGTAATCCCAGCACTTTGGGAGGCCGAGGCGGGTGGATCACCTGAGGTCAGGAGTTCAAGACCAACCTGGCCAACATGATGAAACCCTGTCTCTACTAAAAATACAAAAAATTAGCCAGGCTTGGTGGCAGGCACCTCTAATCCCAGCTACTCAGGAGGCTGAGGCAGGAGAATCGCTGGAACCCGCGAGGCAGAGGTTGCAGTGAGCCAACATCATGCCACTGCACTCCAGCCTGAGCAACCAGAGTGAAACTCCGTCTCAAAACAAAGTAACAACAACAATAAAAAAAA","GCCGGGTGCGGTGGCTCAAGCCTGTAATCCCAGCACTTTGGGAGGCCGAAGTGGGTGGATCACCTGAGGTCAGGAGTTCAAGACCAGCCTGGCCAACATGGTGAAACCCTGTCTCTACTAAAAATACAAAAAATTAGCCGGGCTTGGTGGCAGGCGCCTGTGATCCCAGCTACTCAGGAGGCTGAGGCAGGAGAATGGCGTGTACCTGGGAGGCAGAGGTTGCAGTGAGCTGACGTCACTCCACTGCACTCCAGCCTGGGCAACAAGAGTGAAACTCCATCTCAAACAAACAAACAATCAAAAAAGA"
"chr1","41883499","41883791","KN295666v1","599906","600199","31","41283593","GGCTGGGCGTGGTGGCTCATGCCTGTAATCCCAGCACTTTGGGAGGCTGAGGTGGGCAGATCATCTGAGGTCAGGAGTTTGAAACCAGCCTGGCCAACATGGTGAAACCCCGTCTCTACTAAAAATACAAAATTAGCTGGGCGTGGCGGTGGGTGCCTGTAATCCCAGCTACTTGGGAGGCTGAGGCAGGAGAATCGCTTGAACCCAGGAAGCGGAGGTTGCAGTGAGCTGAGACTGCGTCACTGCACTCCTGCCTGGGCAACAAGAGTAAAACTCTGTCTCAAAAAAAAAAA","GGCCGGGCGCGGTGGCTCACGCCTGTAATCCCAGCACTTTGGGAGGCCGAGGCGGGCAGATCACCTGAGGTCAGGAGTTCGAGACCAGCCTGGCCAACATGGTGAAACCCCATCTCAACCAAAAATACAAAAATTAGCTGGGTGTGGTGGTGGGTGCCTGTAATCCCAGCTACTAAGGAAGCTGAGGCAGGAGAATTGCTTGAACCCGGAAGATGGAGGTTGCAGTGAGCCGAGATTGTGCCACTGCACTCTAGCCTGGGCAACAAGAGCGAAACTCCGTCTGAAAAAAAAAAA"
"chr1","41902741","41902978","KN296311v1","6934502","6934740","34","34968239","ATCACCTGAGGCCTGGAATTTGAGACCAGCCTGGCCAACATGGTGAAACCCTGTCTTTACTAAAAATATAAAAATTAGCTGGGCGTGGTGGCGGGCACCTGTAATCCCAGCTACTAGGGAGACTGAGGCAGAAGAATCACTTGAACCCAGGAGGTAGAGGTTGCAGTGAGCCAAGATCACGCCACTGCACTCCAGCCTGGGCAACAGGAGCAAAACTTCATCTCAAAAAAAAAAAAAA","CACCTGAGGTCAGGAGTTCAAGACCAGCCTGGCCAACATGGTGAAACCCCGTCTACTAAAAATACAAAAATTAGCCGGGCACGGTGGTGGGCACCTGTAATCCCAGCTATTCGGGAGGCTGAGGCAGGAGAATCGCTTGAACCCAGGAGGTGGAGGTTGCAGTGAGCCGAGATCGCGCCACTGCACTCCAGCCTGGGCGACAAGAGCAAGACTCTGTCTCAAAACAATAAAAATAAAAA"
"chr1","42163389","42163683","KN295244v1","318312","318607","37","41845077","GGCTGGGCACAGTGGTGCACACCTGTAATCCCAGCACTTTGGGAGGCTGAGGTGGGGTGGATCACCTGAGGTCAGGAGTTCGAGACCAGCCCGGCCAACATGGTAAAACCCGGTCTTTACTAAAAATACAAAAAATTGGCCAGCATGGTGGCACACACCTGTAATACCAGCTACCCAGGAGGCTGAGGCAGGAGAATCACTTGAACCTGGGAGGTGGAGGTTGCAGTGAGCCGATATCAGGCCACTATACTCCAGCCTGGGCAACAAGAGCAAAACTCGGTCTCAAAAAAAAAAA","GGCTGGGCACGGTGGCTCATGCCTGTAATCCCAACACTTTGGGAGGCCAAGGTGGGTGGATCACCTGAGTTCAGGAGTTCGAGACCAGCCTGGCCAACATGGTGAAACCCTGTCTCTATTAAAAATACAAAAATTAGCCAAGCATGGTGGCAGGCGCCTGTAATCCCAGCTACTCAGGAGGCTGAGGTAGGAGAATTGCTTGAACCTGGGAGGCAGAGGTTGCAGTGAGCCGAGATCATGCCTCTGCACTCCAGCCTGGGCAACAAGAGCAAGACTCTGTCTCAAAAAAAAAAAAA"
"chr1","43046577","43046886","KN294181v1","1655832","1656144","40","41390745","GGCCAGTCATGGTGGCCCATGCCTATAATCCCAGCACTTTGGGAGGCCGAGGCGGGCAGATCACCTGAGGCCAGGAGTTTGAGACCAGCCTGGCCAACGCGGCAAACCCCGTCTCTACTAAAATATAAAAATTAGCCGGGCATGGTGGCAGGCACCTGTAATTCCAGCTACTTGGGAGGCTGAGGCAGGAGAATTGCTTGAGCCTGGGAGGTAGAGGCTGCAGTGAGCTGGATCATGCCACTGCACTCCAGCCTGGGCAACAAGAGCGAAACTCCATGTCAAAAACAAAACAAAAAACAAAAATAGAAAA","GGCCAGGTGCGGTGGCTCACACCTGTAATCCCAGCACTTTGGGATTCCGAGGCGGGCAGATCACCTGAGGTCAGGAGTTCGAGACCAGCCTGGCCAACATGATGAAACCCCATCTCTACTAAAAATACAAAAATTAGCTGGGCATGCTGGCAGGCGCCTGTAATCCTAGCTACTTGGGAGGCTGAGGCAGGAGAATCACTTGAACCTGGGAGGCAGAGGTTGCAGTGAGCTGAGATCATGCCACTGCACTCCAGCCTGGGCAACAGGAATGAAACTCCATCTCAAAAAAAAAAAAAAAAAAAAAGAAAGAAAA"
"chr1","43053259","43053544","KN296864v1","789875","790161","24","42263384","GGCTGGGTGCAGTGGCTCATGCCTGTAATCCCTGCACTTTGAGAGGCTGAGGCTGGTGGATCACCTGAGGTCAGGAGTTCAAGACCAGCCTGGCCAACATGATGGAAACCCATCTCTACTGAAAATACAAAAAATTAGCTGAGTGTGGTGGTGCGTGCCTGTAGTCCCAGCTACTTGGGAAGCTGAGGCAGGAGAATCACTTGAACCCGGGAGGTGGAGGTTGCAGTGAGCTGAGATCGTGCCACTGCACTCCAGCCTGGGCAACAAGAGCAAAACTCCATTTCAA","GGCCGGGTGCAGTGGCTCATGCCTGTAATCCCTGCACTTTGAGAGGCCGAGGCTGGTGGATCACCTGAGGTCAGGAGTTCGAGACCAGCCTGGCCAATGTGATGAAAACCCATCTCTACTAAAAATAAAAAAAAAATTAGCTGGGCGTGGTGGTGCGCACCTGTAATCCCAGCTACATGGGAAGCTGAGGCAGGAGAGTCATTTGAACCTGGGAGGTGGAGGTTGCAGTGAGCTGAGATCGTGCCACTACACTCCATCCTGCGCAACAAGAGCAAAACTTCATTTCA"
"chr1","43342924","43343229","KN297047v1","2103989","2104301","37","41238935","GGTACGCTGGCTCACGCCTGTAATCCCAGCACTTTGGGAGGCTGAGGCAGGTGGATAACCTGAGGTCAGCAGTTCGAGACCAGCCTGGCCAACATGGTGAAACCCCATCTCTACTAAAAATACAAAAAATTAGCCAGGTGTGGTGGTGGGTGCTTGTAATCCCATCTACTCGGGAGGCTGAGGCAGGAGAATCGCTTGAACCCAGGACAGGGAAGTTGCAGTGAGCTGAGATTGCGCCACTGCACTCCAGCCTGGGCAACAAGAGCGAAACTCCATCTTAAAACAAAGAAAAGAAAGAAAAGAAAA","GGCCAGGCGCAGTGGCTCACGCCTGTAATCCCAGCACTTTGGGAGGCTGAGGCAGGTGGATCACCTGAGGTCAGGAGTTCGAGACCAGCCTGGCCAACATGGTGAAACCCCGTCTCTACTAAAAATACAAAAATTAGCTGGGTGTGGTGGCTCAGGCCTGTAATCTCAGCTACTTGGGAGGCTGAGGCAGGAGAATCGCTTGAACCCAGGAGGCGAAGGTTGCAGTGAGCCGAGATCACGCCACTGCACTCCAGCCTGGGCAACAAGAGTGAAACTCTGCTTGAAAAAAAAAGAAAAAAAAGAAGAAGAAGAA"
"chr1","43405780","43406092","KN295368v1","1059789","1060099","47","42345991","GGCCGGGCGTGGTGGCTCAGGCCTGTAATCCCAGCATTTTGGGAGGCCAAGGTGGGTGGATCACCTGAAGTCAGGAGTCTGAGACCAGCCTGGCCAACATGGTGAAACCTCATCTCTACTAAAAATACAAAATTGGCTGGGCATGGCGGCACATGTCTGTAATTCCAGTTACTTGGGAGGCCGAGGCAGGAGAATTGCTTGAAGCCGGGAGGTGGAGGTTGCGGTGAGCCGAGATTGCGCCACTCCATTCCAGCCTGAGCAACAAGAACGAAACTCAGTCTCAAAGAAAAAAAAAGGATTAAAAGTTAAAAAA","GGCCGGGTGTGGTGGCTCACACCTGTAATCTCAGCACTCTGGGAGGACAAGGAGGGTGGATCACCTGAGGTCAGGAGTTTGAGACCAGCCTGACCAACATGGTGAAACCCCATCTCTACTAAAAATATAAAAATTAGCCGGGCATGGTGGTGGATGCCTATAATCCCAGCTACTTGGGAGGCTGAGGCAGGAGAATCGCTTGAACCCATGAGGCGGAGGTTGCAGTGAGCCGAGATTGTGCCACTGCATTCCAGCCTGGGCAACAAGAGTGAAACTCTGTCTCACACACAAAAAAAAAAAAGAAAAGAAAA"
"chr1","43449878","43450147","KN296864v1","1194223","1194487","30","42255655","GGGAGGCTGAGGCAGGCAGATCACCTGAGGTCAGGAGTTCAAGACAGGCCTGGCCAACATGGCAAAACCCCATCTCTACTAAAAATACAAAAGTTAGCAGGGTGTGGTGGCGGGCACCTGTAATCCCAGCTACTTGGGAGGCTGAGACAGGAGAATCGCTTGAACCCGGGAGGCAGAGGCTGCAGTGAGCTGAGACCATGCCACTGCACTCCAGCCTGGGCAACAAGAGCAAATCTCTGTCTCAAAAACAAACAAACAGACAAACAAAAA","GGGAGGCCGAGGCAGGTGGATCACCTGAGGTCAGGAGTTCAAGACAGGCCTGGCCAACATGGCGAAACTCCATCTCTGCTAAAAATATAAAAGTTAGCAGGGTGTGGTGGTGGACACCTGTAATCCCAGCTACTTGGGAGGCTGAGACAGAAGAATCATTTGAACCTGGGAGGAGGCGGAGGCTGAAGTAAGCTGAGACCACGCCACTACACTCCAGCCTGGGCAACAAGAGCAAAACTCTGTCTCAAAAACAAACAAACAAAAA"
"chr1","43685972","43686264","KN294181v1","895820","896118","42","42790152","GGCCAGGTGTGGTGGCTCACCCCTGTAGTCCCAGCACTTTGGGAGGCCAAGGCATGTGGATCACCTGAGATCAGGAGTTTGAGACCAGCCTGACCAACATGGTGAAACCCCATCTCTACTAAAAACACAAAATTAGCTGGGCGTGTTGGCGGGCACCTGTAATCCCAGCTACTTGGGAGGCTGAGGCAGGAGAATTGGACCTGGGAGGCGGAGGCTGCAGTGAGCTGCCATCGCACTACTGCACTCCAGACTGGGCAATGAGAGTGAAACTCATCTCAAAAAAAAAAAGAAAA","GGCCAGGCGTGGTGTGCCACGCCTGTAATCCTAGCACTTTGGGAGGCCAAGGCAGGTGGATTGTCTGAGATCAGGAGCTCGAGACCAGCCTGGCCAACATAGTGAAACCCCGTCTCTACTAAAAAATACAAAAAATTAGCTGGGCGTGGTGGCAGGCACCTGTAATCCCAGCGACTCAGGAGGCTGAGGCAGGAGAACCGCTTGAACCTGGGAGGCAGAGGTTGCAGTGAGCCGAGATCACACTACTACACTCCAGCCTGGGCAATGAGAGTGAAACCCTGTCTCAAAAAAAAAAAAAA"
"chr1","43741622","43741799","KN296932v1","69753","69926","28","43671869","TACTAAAAAGTACAAAATTAGCTGGGCATGGTGGCAGGTGCCTGTAATCCCAGCTACTCAGGAGGCTGAGGCAGAAGAATAACTTGAACCCGGGAGGTGGAGGTTGCAGTGAGCTGAGATAGCGCCACTGCACTCCAGCCTGGGCAATAAGAACGAGACTCCGTCTCCAAAAAAAAAA","AAAAATACAAAAAATTAGCTGGACGTGGTGGCAGGTGCCTGTAATCCCAGCTACTCTGGAGGCTGATGCAGGAGAATTGCTTGAACCCAGGAGGCAGAGGTTGCAGTGAGCCAGGATCGCACCACTGCACTTCAGCCTGGGCAACAAGAGCGAAACTCCATCTCAAAAAAAAAA"
"chr1","43755549","43755837","KN294457v1","1018677","1018971","38","42736872","GGCCAGGTACAGTGGCTCACGCCTGTAATCCCAGCACTTTGGGAGGCCGAGGTGGGTGGATTACCTGAGGTCAGGAGTTCAAGATTAGCCTGACCAGCATGGCAAAACCCTGTCTCTACTGAAAATACAAAATTAGCCAGGCGTGGTGGTGGGCGCCTATAATCCCAGCTACTTGGGAGGCTGAAGTAAGAGAATCGCTTGAACCCGGGGAGGTGGAGGTTGCAGTGAGCTGAGATCATGCCACTGCACTCCAGTATGGGCAACGAGAGAGAAACTCCATCTCAGAAAA","GGCCAGGTGCAGTGGCTCACGCCTGTAATCCCAGCACTTTGGGACGCTGAGGTGGGTGGATCACCTGAGGTCAGGAGTTCAAGACCAGCCTGGCCAACATGGTGAAACCCTGTCTCTACTAAAAATACAAAAATTAGCTGGCCGCGGTGGTGGGCGCCTGTGATCCCAGCTACTTGGGAGGCTGAGGCAAGAGAATCGCTTGAACCTGGGAGGCAGAGGTTGCAGTGAGCCGAGATCGTGCCACTGTACTCCAGCCTGGGCAACAAGAGTGAAACTCCATCTCAAACAAAACAAA"
"chr1","43789265","43789555","KN296821v1","487660","487949","42","43301605","GGCTGGACGTGGTGGCTCACACCTGTAATCCCAGCACTTTGGGAGGCCAAGGCAGGCAGATCACCTGAGGTCAAGAGTCCAAGACCAGCCTGGCCAACATGGTGAAACCTTGTCTCTACCAAAAATAAAAAAGTTAGCTGGGGATGGTGACAGGGGCCTGTAATCTCAACTACTTGGGAGGCTGAGACAGGAGAATGGCTTGAACCCAGGAGGTGGAGGTTGCAGTGAGCCGAGATTATGCCACTGCACTCCATCTCGAAAAAAAGCAAAACTCCATCTCAAAAAAAAAAA","GCTGGGTGCGGTGGCTCACGCCTGTAATCCCAGCACTTTGGGAGGCCAAGGTAGGCGGATCACCTGAGGTCAGGAGTTTGAGACCAGCCTGGCCAACATGGTAACACCTCGTCTCTACCAAAAATACAAAAATTAGTCAGTGGTGGTGGGCGCCTGTAATCCCAGCTACTTGGGAGGCTGAGGCAGGAGAATTGCTTGAACCCAGGAGGCAGAGGTTGCAGTGAGCGGAGATTGTGCCACTGCACTCCAGCCTGGGCGACAAAAGCGAAACTCCATCTCAAGAAAAAGAA"
"chr1","44015917","44016220","KN294613v1","721443","721745","40","43294474","GCCGGGTGTGGTGGCTCACACCCATAATCCCAGCACTTTGGGAGGCCAAGGCAGGTGGATCACCTGAGGTCAGGAGTTCGAGACCAGCCTGGCCAACATGGCGAAACCCCGCCTCTACTAAAAATACAAATACAAATACACGCCAGGCGTGACAGCAGGTGCTCGTAATCCCAGCTACTCGGGAGGCTGAGGCAAGAGAATTGCTTGAACCTGGGAGGCAGAGGTTGCAGTGAGCTGAGATTGCACCACTGCACTCCAGCCTGGGCAACAAGAGCAAAACTCCGTCTAAAAAGAAAAAAAAAAA","GGCCGGGTGTGGTGACTCACACCTGTAATCCCAGCACTTTGGGAGGGCAAGGCAGGTGGATCACCTGAGGTCAGGAGTTTGAGACCAGCCTGGCCAATATGGTAAAAGCCCATCTCTACTAAAAATACAAAAAAATTAGCCGGGTATGGTGGCACAGGTCTGTAATCCCAGCTGCTTGGGAGGCTGAGGCAGGAGAATGGCTTGAACCTGGGAGGCGGAGGTTACAGTGAGCTGAGATCGCACCAATGCACTACAGCTTGGGCAACAAGAGCAAAACTCCGTCTCAAAAAACAAAAACAAAAA"
"chr1","44079267","44079559","KN296770v1","78926","79217","32","44000341","GGCCAGGCGTGGTGGCTCACGCCTGTAATCCCAGCACCTCGGAAGGCCAAGGCGGGTGAATCACCCAAGGTCAGGAGTTCCAGACCAGCCTGGCCAACATGATGAAACCCAGTCTCTACTAAAAATACAAAAATTAGCCGGGCTTGGTGGCGGGTGCCTGTAATCCCAGCTACTTGGGAGGCTTAGGCAGGAGAATCACTTGAACCCAGGAGGCGGAGGTTGCAGTGAGCCAAGATCGTGCCACTGCACTCCAGCCTGGGCAACAAAAGCAAAACTCCGTCTCAAAAAAAAAA","GGCTGGGCGTGGTGGCTCACGCCTGTAATCCCAGCACTTTGGGAGGCTAAGGCGGGTGGATCACCTGAGGTCAGGAGTTCGAGACCAGCCTGGCCAACATGGCGAAACCCCATCTCTACTAAAAATACAAAAATTAGCTGGGCATGGTGGCTGGTGTCTGTAATCCCAGCTACTCGGGAGGGTGAGGCAGGAGAATCGTTTGAACCCAGGAGGCGGAGGTTGCAGTGAGCCAAGATCATGCCACTACACTCCGGCCTTGGTAACAAGAGCGAAACTCCGTCTCAAAAATAAA"
"chr1","44350749","44351067","KN297047v1","2103989","2104301","54","42246760","GGCCGGGTGCCGTGGTGCATGCCTGTAATCCTAGCAGTTTGGGAGGCTGAGGCGGGTGGATCACCTGAGGTCAGGAGTTTGAGACCAGCTTGTCCAACATGGCGAAACCCCATCTCTACTGAAAATAGAAAAATTAGCCGGGTGTGGTGGCGGGTGCCTATAATCCCAGCTGCTTGGGAGGCTGAGGCAGGAAAGCGCTTAAACCCTGGGGTGGTGGGGGGTGGAGGTTGCAGTGAGCTGAGATCACACCACTGCACTCCAGTCTGGGCAAAAGAGTGAAACTTTACTTCAAAAAGATAAAAAAAAAGCAAGAAAGAAA","GGCCAGGCGCAGTGGCTCACGCCTGTAATCCCAGCACTTTGGGAGGCTGAGGCAGGTGGATCACCTGAGGTCAGGAGTTCGAGACCAGCCTGGCCAACATGGTGAAACCCCGTCTCTACTAAAAATACAAAAATTAGCTGGGTGTGGTGGCTCAGGCCTGTAATCTCAGCTACTTGGGAGGCTGAGGCAGGAGAATCGCTTGAACCCAGGAGGCGAAGGTTGCAGTGAGCCGAGATCACGCCACTGCACTCCAGCCTGGGCAACAAGAGTGAAACTCTGCTTGAAAAAAAAAGAAAAAAAAGAAGAAGAAGAA"
"chr1","45289872","45290172","KN296864v1","3200205","3200492","31","42089667","GGTCTGGTGCAGTGGCTCACGCCTGTAATCCCAGCACTTTGTGAGGCCGAGGCTGGTGGATCACCTGAGGTCAGGAGTTCGAGACCAGCCTGGCCAACATGGCAAAACCCCGTCTCTACTAAAAATACAAAAATTAGCTGGGCGTGGTGGCAGGCGCCTGTAATCCCAGCTACTCGGGAGGCTGAGGCAGGAGAATCGCTTGAATCCAGGAGGGAGAAGTTGGAGTGAGCCGAGATTGCGCCACTGTACTCCAGCCTGGGCAACAAGAGTGAGACTTTGTCTACAAAAAAAAAAAAAAAGA","GGTCCGGCGCGGTGGCTCATGCCTGTAATCCCAGCACTTTGTGAGACCGAGGCTGGTGGATCGCCTGAGGTCAGGAGTTTGAGACCAGCCTGGCCACCATGGTGAAACCCTGTCTCTACTAAAAATACAAAAATCAGCTGTGCGTGGTGGCAGGTGCCTGTAATCCCAGTTACTTGGGAGGCTGAGTCAGGAGAATCGCTTGAATCCAGGAGGGAGAAGTTGGAGTGAGCCGTTGCGTCACTGTACTCCAGCCTGGGCAACAAGAGTGAGACTTTGTCTCAAAAAAAA"
"chr1","45380234","45380512","KN296864v1","3296529","3296805","34","42083705","GGCTGGGCGCAGGGGCTCTCACCTGTAATCCCAGAACTTTGGGAAGCCAAGGTGGGCGGATCACCTGAGGCCAGGAGTTCGAGACCAGCCTGGGCAACAAGGTGAAATCCTCTCTCTACTAAAAATACAAAAATTATCTGGATATGTGGCAGGAGCCTGTAATCCCAGCTACTTGGGAGGCTGAGGTAGGAGAATCACTTGAACCTGGGAGGCAGAGGTTGCAGTGAGCCAAGATCGTGCCACAGCACTCCAGAGTGGGCAACAAGAGCGAAACTCCAT","GGCTGGGCACAGGGGCTCACACCTGTAATCCCAAAGGCAGAACTTTGGGAAGCCACGGTGGGCAGTTCACCTGAGGCCAGGAGTTCGAGACCAGCCCGGCCAACATAGTGAAATCCTCTCTCTATTAAAAATACAAAACGTATCTGGACATGTGGCAGGAGCCTGTAATTCCAGCTACTTGGGAGGCTGAGGCAGGAGAATCGCTTGAGGCAGAGGTTGCAGTGAGCCAAGATCGTGCCACAGCACTTCAGTGTAGGCAACAAGAGTGAAACTCCAT"
"chr1","45403089","45403376","KN296311v1","5007248","5007529","45","40395841","GGCTAGGCATGGTGGCTCATGCCTGTAATCCCAGCACTTTGGAAGGCTGAGGAGGGCAGATCACTTGATCTGGCCAACATGGTAAAATCCCATCTCTATTAAAAATACAAAAATTAGCCGGGTGTGGTGGCGGGCGCCTGTAATCCCAGCTACTCAGGAGGGAGGCTGAGGCAGGAGAATTGCTTGAACCCGGGAGGCGGAGATTGAAGTGAGCCAAGACTGCACCACTGCACTCCAGCCTGAGCAACAAGAGCCAAACCCCATCTCAAAAAAAGAAAAAAGAAATAA","GGCCAGGCACGGTGGCTCACACCTGTAATCCCAGCATTTTGGGAGGCCGAGGTGGGCAGACCATCCTGACCAACATGGTGAAACCCTGTCTCTACTAAAAATACAAAAATTAGCCGGGCGTGGTGGCAGGTGCCTATAATCCCAGCTCCTCAGGAGGCTGAGGCAGGAGAATCGCTTGAACCTGGGAGGCGGAGGTTGCAGTGAGCCGAGATCGCACCACTGCACTCCAACCTGGGCAACAAGAACGAAACCCCATCTCAAAAAAAAAAAAAAAAAAAAAAA"
"chr1","45426244","45426339","KN295705v1","657665","657751","17","44768579","GGAGGCAGAGGTTGCAGTGAGCCGAGATTGTGCCCCTGCATTCCAGTCTGGGCAACAAGAGCAAAACTCCGTCTCAAAAAAAAAAAAAAAAAAAAA","AGGTTGCAGTGAGCTGAGATTGTGCCACTGTACTCCAGCCTAGGCAACAAGAGTGAAACTCCGTCTCAAAAAAAAAAAAAAAAAAAA"
"chr1","45517319","45517612","KN294539v1","1216306","1216596","34","44301013","GCCAGGCGCGGTGGCTCACGCCTGTAATCCCTGCACTTTGGGAGGCCAAGGTGGGTGGATCACCTGAGGTCAGGAGTTCAAGACCAGCCTGGCCAACATGATGAAACCCCATCCCTACTAAAAATACAAAAAGTTAGCCCGACGTGGTGGCGGGCGCCTGTAATCCCAGCTATTCAGGAGGCTGAGGCAGGAGAATCGCTTGAACCCAGGAGGTGAAGGTTACAGTTAGCCAAGATCGCACCACTGCACTCCAGCCTGAGCAACAAGAGCAAAACTCCATCTCAAACAAACAAA","GGCTGGGCACAGTGGCTCACGCCTGTAATCCCAGCACTTTGGGAGGCCGAGGTGGGTGGATCACCTGAGGTCAGGAGTTCAAGACCAGCCTGGCCAACATGATGAAACCCCATCTCTACTGAAAATACAAAAATTAGCCAGGTGTCATGGTGGGTGCCTGTAATCTCAGCTACTCGGGAGGCTGAGGCAGGAGAATCGCTTGAACCCAGGAGGAGGAGGTTGCAGCGAACCAAGATCGCACACTGCACTGCAGCCTAGGCGACAAGAGCAAAACTCCATCTTAAAAAAAAA"
"chr1","45604402","45604705","KN294443v1","739291","739598","36","44865111","GGCCAGGCGTGTGGCACACACCTATAATCCCAGCACTTTGGGAGGCTGAGGTGGGTGGATCACCTGAGGTCGGGAATTCAAGACCAGTCTGGCCAACATGGTGAAACCCTGTCTCTACTAAAAATACAAAAATTAGCTGGGCGTGGTGGCGGGTGCCTGTAATCCCAGCTACTCGGGAGGCTAAGGCAGGAGAATTGCTTGAACCTGGGAGGCGGAGGTTGTAGTGAGCTGGGATCACCACTGCACTCCAGCCTGGGCAACAAGAACAAAATTCCTTCTCAAAAAATAAAAATAAAATAAAAAA","GGCCGGGCGAGGTGGCTCACGCCTGTAATCCCAGCACTTTGGGAGGCCGAGGCGGGTGGATCACCTGAGGTCAGGAATTCAAGACAAGCCTTGCCAACATGGCGAAACCCCGTCTCTACTAAAAATACAAAAATTAGCCGAGCGTGGTGGCGGGCGCTTGTAATTCCAGCTACTCGGGAGGCTGAGGCAGGAGAATCGCTTGAACCCGGGAGGCGGGGGTTGCAGTGAGCAGAGATGGCACCACTGCACTCCAGCCTGGGCAACAAGAGCGAAACTCCGTCTCAAAAAAAAAAAAAAAAAAAAAAAAA"
"chr1","45664416","45664721","KN297205v1","435353","435667","41","45229063","GGCTGGGCGTGGTGGCTCATGCCTGTAATCCCAGCATTTTGGGAGGCTGAGCCGGGTGGATCACTTGAGGTCAGGAGCTAGAGACCAGCCTGGTCAACATGGTGAAACCCCATCTCTAGTAAAATACAAAAATTAGCCAGGCATGGTGGTGGGCACCTGTAATCCCAGCTACTTGGGAGGCCGAGGGAGGAGAATCGCTTGAACCTGTAAGGAGGTTGCAGTGAGCCAAGATCGCACCACTGCACTCCAGCCTGGGCAACAAGAGCGAAATTCTGCCTCAAAAAGAAATAAAATTAAAAATAAAAA","GGCTGGGCGTGGTGGCTCATGCCTGTAATGCCAGCACTTTGGGAGGCCAAGGCGGGTGGATCACCTGAGGTAAGGAGTTTGAGACCAGCCTGGCCAACATGGTGAAACCCCGTCTCTACTAAAAAATACAAAAAATTAGCCAGGCATGGTGGTGGGCACCTGTAATTCCAGCTACTCAGGAGGCTGAGGCAGGAGAATTGCTTGAACCCAGGAGGTGGAGGTTGCAGTGAGCGGAGATTGCACCACTGCACTCCAGCCTGGGCAATAAGAGCGAAACTCTGTCTCCAAAAAAAAAAAAAAAAAAAAAAAAAAAAA"
"chr1","45871968","45872285","KN295371v1","551008","551309","56","45320960","GACTGGACACAGTGGCTTACACCTGTAATCCCAATACTTTGGGAGGCTGAGGTGGGTGGATCACCCAAGGTCTGGAGTTCAAGACCAGCCTGGCCAACATGGTGAAACCCTGTCTCTACTAAAAATACAAAAATTAGCCAGGCATGGTGGCGGGCACCTGTAATCCCAGCTACTCAGGAGGCTGAGGCAGGAGAATTGCTTGAACTCAAGGGGTGGGGTTGCAGTGAGCTGAAATTGCATCACTGCACTCCAGCCTGGGCAACAATAACGAAACTCTGTATANNNNNNNNNNNNNNNNNNNNAAAAAAAAAAAAAAAA","GGCACGGTGGCTCACGCCTGTAATCCCAGCACTTTGGGAGGCTGAGGTGGGTGGATCACCTGAGGTCAGGAGTTCAAGACCAGCCTGACCAACATGGTGAAACCCCGTCTCTATTAAAAATACAAAAATTAGCCAGGCATGGTGGCAGTCACCTGTAATCCCAGCTACTCAGGTGGCTGAGGCAGGAGAATTGCTTGAACCCAAGAGGTGGAGGTTGTAGTGAGCTGAGATTTCACCACTGCACTGTAGCCTGGGCGACAAGAGCAAAACTCCATCTGAAAAAAAAAAAAAAAAAAAAAAAA"
"chr1","45917906","45918202","KN295441v1","1795450","1795742","29","44122456","GGCTGGGTACAGTGGCTCACACTTGTAATCCCAGCACTTCGGGAGGCTGAGGTGGGTGGGTCACCTGAGGTCAGGAGTTTGAGACCAGCCTAGCCAACATGGTAAAACTCCATCTCTACTAAAAACACAAAATTAGCCGGTTGTGGTGGCGCATACCTATAATCCCAGCTACTTGGGAGGCTGAGGCAGGAGAATCTCTTGAACCAGGGAGGCGGAGGTTGCAGTGAGCCGAGACTGTGCCACAGGACTACAGCCTGGACAACAAGAGCAAAATTCCATCTCAAAAAAGAAAAGAAA","CTGGGCACAGTGGCTCACACCTGTAATCCCAGCACTTTGGAAGGCTGAGGTGGGTGGATCACCTGAGGTCAGGAATTTGAGACCAGCCTAGCCAACATGGTAAAACCCCATCTCTACCAAAAATACAAAGTTAGCCGGGTGTGGTGGTGCATGCCTGTAATCCCAGCTACTTGGGAGGCCGAGGCAGGAGAATTTCTTGAACCTGGGAGGCAGAGGTTGCAGTGAGCCGAGACTGTGCCACTGCACTCCAGCCTGGGCAACAAGAGCAAAACTCTGTCTCAAAAAGAAAAGAA"
"chr1","45939192","45939492","KN295441v1","1772208","1772509","20","44166984","GCCAAGCATGGTGGCTCATGCCTGTAATCTTAACACTTTGGGAGGCTGAGGTGGGCAGATCACCTGAGGTCAGGAGTTCGAGACCAGCCTAGCCAATATGGTGAAACCCCATCTCTACTAAAAATACAAAAATTAGCTGGCTGTAGTAGCAGATGCCTATAATCCCAGCTACTTGGGAGGCTGAGACAGGAGAATCGCTTGAACCTGGGGGGCAGAGGTTACAGCAAGCTGAGATCATGCCCCTTCACTCCAGCCTGGGCAAAAGAGCAAAACTACATCTCAAAACAAACAAACAAACAAA","GCCAAGTGTGGTGGCTCATGCCTGTAATCTTAACACTTTCGGAGGCTGAGGTGGGCAGATCACCTGAGGTCAGGAGTTCGAGACCAGCGTGGCCAACATGGTGAAACCCCATCTCTACTAAAAATACAAAAATTAGCTGGGTATGGTAGCAGATGCCTATAATCCCAGCTACTCGAGAGGCTGAGACAGGAGAATCACTTGAACCTGTGGGGCAGAGGTTGCAGCAAGCTCAAATCATGCCCCTTCACTCCAGCCTGGGAAAAAGAACAAAACTCCATCTCAAAACAAACAAACAAACAAAA"
"chr1","46164440","46164735","KN296311v1","5551109","5551405","41","40613331","GGCCGGGCACGAAGACTCAAGCCTGTAATCCCAGCACTTTAGGGAGGCGGAGGCGGGTGGATCATCTGAGGTCAGGAGTTCAAGACCAGCCTCGCCAACATGATGAAACCCCATCTCAACTAAAAATACAGAAAATGAGCCAGGTTTGCTGGCAGGCACCTGTAATCCCAGCTCCTCGGGAGGCTGAGGCAGAAGAATCACTTGAACCCAGGAGGCAGAGGTTGCAGTGAGCCAAGATCGCGCCACAAACTCCAGCCTGGGGAACAAGAGCAAAATTCCATCTCAAAAAAAAGAAA","GGCCGGGCATGGTGGCTTATGCCTGTAATCCCAGCACTTTGGGAGGCTGAGGTGGCTGGATCACCTGAGGTCAGGAGTTCAAGACCAGCCTGGCCAACATGGTGAAACCCTGTCTCTACTAAAAATACAAAAAATTAGTTGGACGTGGTGGCGGGCGCCTGTAATCCCAGCTACTCGGGAGGCTGAGGCAGGAGAATCACTTGAACCCAGGAGGCCGAGATTGCAGTGAGCCAAGATGGCGCCACTGCACTCCACCCTGGGCAACAAGAGCAAAACTCCATCTGAAAAAAAAAAAAA"
"chr1","46501268","46501558","KN296460v1","130610","130915","47","46370658","GCTGGGCGCAGTGGCTCACACCTATAATCTCAGCACCTTGGGAAGCCGAGGCAGGTGGATCACTTGAGGCCAGGAGTTTGGGACCAGCCTGGCCAACATGGTGAAACACCATCTCTACTAAAAATACAAAAAATTAGCTGGGCATGGTGGCAGGCACCTGTAATCCCAGCTACTCAGGAAACTGAAGCAGAAGAATCACTTGAACCTGGGAGTCGGAGGTTGCAGTGAGTCACTGCACTTCAGCCTGGGCAGCAAGAGTGAAACTCCGTCTCAAAAAATAAATAAATAAAA","GGCCAGGTGCAGTGGCTCACACCTGTAATCCCAGCACATTGGGAAGCTGAGGCAGGTGGATCACCTGAGGTCAGGAGTTTGGGACCAGCCTGGCCAACATGGTGAAACCCTGTCTCTACTAAAAATACAAAAAATTAGCCAGGCGTGGTAGTGGACACCTGTAATCCCAGCTACTCGGGAGGCTGAGGCAGGAGAATCACTTGAACCTGGGAGGAAGAGGTTGCAGTGAGCTGAGACTGCACCACTGCACTCCAGCCTGGGCAACAAGAGTGAAACTCCGTCTCAAAAAAGAAAAAAAGCAAAAAA"
"chr1","46598537","46598827","KN295077v1","61551","61831","43","46536986","GGCCGGGCATGGTGACTCATGCCTTTAATCCTAGCACTTTGGGAGGCCGAGGCGGGTGGATCACCTGAAGTCAGGAGTTCGAGACCAGCCTGGCCAACACGGCAAAACCCCGTGTCTACTAAAAATACAAAAATTAGCCAGGCATGGCAGTGGGCACCTATAATCCCAGCTACTCGGGAGGCTGAGGCAGGAGAATCACTTGAACCCGGGGTGGGGGTGGTGTGGAGGCTGCAGTGAGCCGAAATTGTGCCACAGCACTCCAGCCTGGGCAAAAGAGCGAAACTCCATCTC","GGCTGGGCACGGTAGCTCATACCTGTAATCCTAGCACTTTGGGAGGCTGAGGTGGGTGGATCACCTGAGGTCAGGAGTTCAAGACCAGCCTGGCCAACACGGCGAAAGCCTGTCTCTACTAAAAATACAAAAATTAGCCGGGCATGGTGGCGGGGGCCTCTAATCCCAGCTACTCACGAGGCTGAGGCAGGAGAATCGCTTGAACCTGACGGGTGGAGGTTGCAGTGAGCCGAGATTTTGCCACTTTACTCCAGCCTGGGCATAAGAGCGAAACTCCATCT"
"chr1","46646034","46646366","KN295441v1","1012675","1012992","58","45633359","GGCTGGGTGCAGTGGCTCACGCCTGTAATCCCAGCACTTTGGGAAGCCAAGGCGGATGGATCACCTGAGGTCAGGAGTTCAAGACTAGCCTGCCCAACATGGTGAAACCTGGTCTCTACTAAAAAAAAAACACACACACACACACAAAAATTAGCAGGATGTAGTGGCAGGAGCCTGTAATCCCAGCTTCTCAGGAGGTTGAGGTTGAGGTTTCATTCAAATGAATGAAAATCATTTGAACCCGGGAGGTGGAGGTTGCAATGAGCTGAGATCACGCCACTGCACTTCAGCCTGGGCAACAAGAGTGAAACTCCGTCTCAAAAAAAAGAGAAA","GGGCACAGTGGCTCACGCCTGTAATCCCAGCACTTTGGGAGGCCAAGGCAGATGGATCACCTGAGGTCAGGAGTTCGAGACTAGCCTGCCCAACATGGTGAAACCCCATCTCTACTAAAAAAAAAAAAAAGAAGAAGAAGAAAAAAATACAAAAATTAGCTGGATGTGGTGGCGGGAGCCTATAATCCCAGCTTCTCAGGAGGTTGAGGCAGGAGAATCATTTGAACCTGGAGGTGGAGGTTGCAATGAGCTGAGATCACACCACTGCACTCCAGCCTGGGCAACAAGAGTGAAACTCTATCTCAAAAAAAAGAGAAA"
"chr1","46757865","46758161","KN296404v1","2965711","2966008","22","43792154","GGCTGGGCGTGGTGGCTCATACCTGTAATCCCAGCACTTTGGGAGGCCGAGGCGGGTGGATCACCTGAGGTCAGGAGTTCAAGACCAGCCTGGCCAACATGGTGAAACCCCGTCTTTACTAAAAATACAAAAAATCAGCCAGGTGTGGTGGTGGGTGCCTGTAATCCCAGCTACTCAGGAGGCTGAGGCAGGAGAATCACTTGAACCCAGGAGGGGGAGGTTGCAGTGAGCCGAGATCACACCACTGCACTCCAGCCAGGGCAACAAGAGGGAAACTCCATCTCAAAAAAAAAAAAA","GGTCGGGCGTGGTGGCTCACACTTGTAATCCCAGCACTTTGGGAGGCCGAGGCGGGTGGATCACCTGAGGTCAGGAGTTCAAGACCAGCCTGGCCAACATGGTGAAACCCCATCTCTACTAAAAATACAAAAATCAACCAGGTGTGGTAGTGGGTGCCTGTAATCCCAGCTACTCGGGAGGCTGAGACAGGAGAATCACTTGAACCCAGGAGGTGGAGGTTGCAGTGAGCCGAGATCGCGCCACTGTACTCCAGCCTGGGCAATAAAGAGTGAAACTCTGTCTCAAAAAAAAAAAAAA"
"chr1","46763234","46763513","KN295474v1","569694","569984","49","46193540","GGCCAGGCACGGTGGCTCACGCCTGTAATCTTAGCACTTTGTGAAGGCAGACTGCCTGAGCTCCGGAGTTGGAGACCAGCCTGGGAAACATGGTGAAACCCCGTCTTTACTAAAATACAAAAAATTGGCCAGGCACAGTGGCAGGTGCCTGTAATCCCAGCTACTCAGGAGGCTGAGGCACGAGAATTGTTTGAACCCGGGAGGCGGAGGTTGCATGAGCCAAGACCGTGCTACTGCACTCTAGCCTGGGCAACAAGAGCGAGACTCCGCCTCAAAAGAA","GGCCAGGCACGATGGCTCATGCCTGTAATCCTAGCACTTTGAGAAGCTGAGGCAGGTGGATCACCTGAGGTCAGGAGTTCAAGACCAGCCTGGCCAAGATGGTGAAACTCTGTCTCTACTAAAAATACAAAAAATTAGCCAGGTGTGGTGGCACGTGCCTGTAATCCCAGCTACTCCGGAAGCTGAGGCAGGAGAATTGCTTGAACCCAGGAGGCAGAGGTTGCAGTGAGCCAAGACTGTGCTACTCCACTCCAGCTTGGGCAACAAGAGTGAAACTCCATCTCAAAAAAA"
"chr1","46765459","46765771","KN294705v1","1001708","1002005","74","45763751","CAGTGGCTCATGCCTATAATCCTAGCACTTTGGAAGGCCGAGGCAGGTGGATCACCTGAGGTCAGAAGTTCGAGACCAGTCTAGCCTGGCCAACACAGCGAAACCCCATCTCTACTAAAGATAGAAAAATCAGTAGGGTGTGGTCACGGGTACCTACAATCCCAGCTACTCAGAAGGCTAAGGCAGGAGAATCGCTTGAACCCCGGGGCTGGGGTAGAAGGGGGAGGTGGGGACAGAGGTTGCAGTGAGCCAAGATTGCGCCACTTCACTCCAGCCTAGCCAAAAGAGCAAAACTCCGCCTCAAAAAAATAAA","GGCCCAGCACAGTGGCTCATGCCTGTAATCCCAACACTTTGGGAGGCCGAGGCAGGTGGATCACCTGAGGTCAGGAGTTTGAGACCACCAGCCTGGCCAACATGGTGAAACCCCATCTCTACTAAAAATACAAAAATTAGCCAAGGGTCGTGGTAGGCGTCTATAATCCCAGGTACTCAGGAGGCTGAGGCAGGAGAATCACTTGAACCCAGAAGGCGGAGGTTGCAGTGAGCTGAGATCACGCCACTTCACTCTAGCCTGGGCAACAAGAGCAAAACTCCATCTCAAAATAAATAAA"
"chr1","48016257","48016439","KN296883v1","678066","678244","24","47338191","AATTAGCTGGGCATGGTGGCGGTGGCCTGTAATCCCAGCTACTCAGGAGGCTGAGGTAGGAGAATCACTTGAACCCAGGAGGCGGAGGTTGCAGTGAGCTGAGATTGTGCCACTGCACTTCAGCCTGGACAACGAGAGCAAAAACTCCGTCTCGAAGAAAACAAACAAACAAAAAACAAAAAA","AATTAGCTGGGCGTGGTGGTGGGCACCTGTAATCTCAGCTACTCGGGAGGCTAAGGCAGGAGAATCACTTGAACTCAGGAGGCGGAGGTTGCAGTGAGCTGAGATTACACCACTGCACTCCAGCCTGGACGACAAGACCAAAACTCCCTCTCAAAAAAACAAACAACAAAATAAAAAAA"
"chr1","48111210","48111503","KN296096v1","2554971","2555261","37","45556239","GGCCAGGCGTGGCGGCTCACACCTCCAATCCCAGCACTTTGGGAGGCCGAGGTGGGCGGATCACCTGAGGTCAGGAGTTTGAGACCAGCCTGGCCAACATGGTGAAACTCTGTCACTACTAAAAATACAAAAATTAGCCAGGCATAGTGCTGGGTGCCTGTAATCCTAGCTACTTGGGAGACTGAGGCAGGAGAATCGCTTGAACCTGGGAGGTAGAGGTTGCAGTGAACTGAGATCATGCCGCTGCACTCTAGCCTGGGCAACAAGAAGGAAATTCTGTCTCAAAAAAAAAAA","GGCCAGGCGTGGTGGCTCACACCACCCAGCACTTTGGGAGGCCGAGGTGGGCGGATCACCTGAGGTCAGGAGTTTGAGACCAGCCTGGCCAACGTGGTGAAACCCCGTCTCTACTAAAAATACAAAAATTAGCCAGGTGTGGTGGAAGGCACCTGTAATCCCAGCTATTTGGGAGGTTGAGGCAGGAGAATCACTTGAACCCAGGAGGCAGAGGTTGCAGTGAGCCGAGATCATGCTGCTGCATTTCAGCCTGGGCAACAAGAGCGAAATTCCGTCTCAGAAAAAAAAAAA"
"chr1","48808195","48808489","KN295666v1","599906","600199","32","48208289","GGCCAGGCGCTGTGGCTCATGCCTGTAATCTCAGTACTTTGGGAGGCCAAAGCAGGCAGATCACCTGAGGTCATGAGTTCGAGACCAGCCTGGCCAACATGGTGAACCCCATCTCTACTAAAAATACAAAAACTTAGCTGGGCGTGGTGGCAGGCACCTGTAATCCCAGCTACTCAGGAGGCTGAGGCAGGAGAATTGCTTGAACCTGGGAGGCGTAGGTTGCAGTGAGCCGAGATTGCGCCACTGCACTCCAGCCTGAGCAACAAGAGGGAAACTCCATCTCGAAAAAAAAGAA","GGCCGGGCGCGGTGGCTCACGCCTGTAATCCCAGCACTTTGGGAGGCCGAGGCGGGCAGATCACCTGAGGTCAGGAGTTCGAGACCAGCCTGGCCAACATGGTGAAACCCCATCTCAACCAAAAATACAAAAATTAGCTGGGTGTGGTGGTGGGTGCCTGTAATCCCAGCTACTAAGGAAGCTGAGGCAGGAGAATTGCTTGAACCCGGAAGATGGAGGTTGCAGTGAGCCGAGATTGTGCCACTGCACTCTAGCCTGGGCAACAAGAGCGAAACTCCGTCTGAAAAAAAAAAA"
"chr1","51421662","51421942","KN294777v1","658614","658896","23","50763048","GGCTGGGCGCTGTGGCTCACGCCTGTAATCCCAGTGCTTTGGGAGGCCAAGCGGGCAGATCACCTGAGGTCAGGAGTTTGAGACCAGCCTGGCCAACATGGCGAAACCCTGTCTCTACTAAAAATACAAAAATTAGCCAGGTATGGTGGTGGGCACTTGTAATCCCTGCTACTTGGGAGGCTGAGACAGGAGAATTGGTTGAACCCAGGAGACGGAGGTTGCAGTGAGCCAAGATCGCGCCACTGCACTCCAGCCTGGGCAACAAAGAGCGAAACTGCATC","GGCTGGGCACTGTGGCTCACACCTGTAATCCCAGCACTTTGGGAGGCTGAGCGGGCAGATCACCTGAGGTCAGGAGTTCGAGACCAGCCTGGTCAACATGGCAAAACCCTGTCTCTACTAAAAATACAAAAATTAGCCAGGCATGGTGGTGGACACTTGTAATCCCAGCTACTTGGGAGGCTGAGACAGGAGAATTGGTTGAACCTGGGAGGCGGAGGTTGCAGTGAGCCGACATCGCGCCACTGTACTCCAGCCTGGGCAACAAAGAGAGAAACTGTGTCTC"
"chr1","51685098","51685406","KN296096v1","2342383","2342678","54","49342715","GGCACGGTGGCTCATGCCTGTAATCTCAACAGTTTGGGAGGCTGAGATGGGTGGATCACTTGAGATCAGGAGTCCCAGACCGGCCTGGCCAACATGGTAAAAACCCCATCTCTACCAAAAAAGAAAATACAAAATTAGCTGGGCGTGGTGGCTGGCACCTGTAGTCTCAGCTACTCGGGAGGCTGAGACACGAGAATCACTTGAACCCAGGAGGCGGAGGTTGCAGTCAGCTGAGATCACACCACTGCACTCCAGCCTGGGCAACAAGAGTGAACGTGAGCCCTTAGTAACTCAAAAANAAAAAAAAAA","GCCGGGCACGGTGGCTCACGCCTGTAATCCCAGCACTGTGGGAGGCTGAGGTGGGTGGATCACCTGAGGTCAGGAGTTCAAGACCAGCCTGGCCAACATGGTGGAAACCCCGTCTCTGCAAAAATACAAAAATTAGCTGGGCGTGGTGGCAGACGCCTGTAATCCCAGCTACTTGGGAGGCTGGGGCAGGAGAATCGCTTGAACCGGGGAGGCGGAGGTTGCAGTGAGCCGAGATCACACCACTGCACTCCAGCCTGGGCGACAAGAGTGAGACTGTCTCAAAAAAAAAAAAAAAA"
"chr1","51696822","51697111","KN295260v1","1828605","1828891","40","49868217","CCTGTAATCCCAGTACTTTGGGAAGCCACAGTGGGTGGATCAACTGAGGTCAGGAGTTTGGGACCAGCCTGGCCAAGATGGCGAAAACCCCCATCTCTACTAAAAGTCAAAAATTAGCCAGGCGTAGTTGGTTCTCGCCTGTAATCCCAGCTACTTGGGAGGCTGAGGGAGGAGAATCGCTTGAACCCAGGAGGCAGAGGTTGCAGTGAGCCAAGATCACGCCACTGCACTACAGCCTGGGCAACAAAAGCGAAACTCTGTCTCAAACAAAAAAAAGAAAGAAAAGAAAA","CTGTAATCCCAGCACTTTGGGAGGCCAAAGTGGGTGGATCACCTGAGGTCAGGAGTTCAAGACCAGCCTGGCCAACATGGTAAAACCTCATCTCTACTAAAAATACAAAAATTAGCCAGGCATGGTGGTGCGCACCTGTAATCCCAGCTACTCAGGAGGCTGAGGCAGGAGAATTGCTTGAACTTGGGAGGCAGAGGTTGCAGTGAGCCAAGATGACACCACTCCACTCCAGCCTAGACAACAAGAGCGAAACTCTGCCTCGAAAAAAAGAAAAAAAGAAAAGAAAA"
"chr1","51759843","51760106","KN295361v1","463073","463334","42","51296770","GAAGGCTGAGGTGGGTAGATCACCTGAGATCAGGAGTTCAAGACCAGCCTGGCCAACATGGTGAAACCCCGTCTCTACTAAAAATACAAAAAATTAGCTGGGCGTGGTGGCGGACACCTGTTATCCCAGCTACTCGGGAGGCTGAGGCAGAGAATTGCTTGAACCCAGGAGGCACAGGTTGCAGTGAGCCAAGATCGTGCCACCACACTCCACCCTGGGCAATAAGAGTGAAACTTCGCCTTAAACAAACAAACAAACAAAAAA","GGCCAAGGTGGGTGGATCACCTGAGGTCAGGAGTTTGAGACCAGTCTGGTCAACATGATGAAATCCCATCTCTACCAAAAATACAAAAAATTAGCTGGGCATGGTGGTGGGCACCTGTAATCCCAGCTACTTGGGAGGCTGAGGTGGAAGAATCGCTTGAACCCAGGAGGCAGAGGTTGCAGTGAGCCAAGATCATGCCACTGCACTCCAGCCTGGGCAACAAGAGTGAAACTCTGTCAAAAAAAAAGAGAAAGAAAAGAAA"
"chr1","51923817","51924131","KN295236v1","753928","754234","38","51169889","GCTGGGCATGGTGGCTCATGCCTGTAATCCCAGCATTTTGGGAGGCAAAGGTGGGCAGATCACCTGAGGTCAGGAGTTCGAGACCAGCCTGGCCAACATCGTGAAACCCCATCTCTACTAAAAATACAAAAATTAGCAGGGCGTGGTGGTGGGTGCCTGTAATCCCAGCTACTTGGGGGGCTGAGGCAGGAGAATCGCTTGAACCCGAGAGGCAGGCAGAGGTTGCAGGGAACCAAGATCACACCACTGCACTCCAGCAGCCTGGGCAACAAAAGTGAGACTCCATCTCAAAAAAAAAAAAAACAAAAACAAAAA","GCTGGGCACGGTGGCTCACGCCTGTAATCCCACCACTTTGGGAGGCTGAGGCAGGCGGATCACCTGAGGTCAGGAGTTCGAGACCAGCCTAGCCAACATGGCGAAAACCCATCTCTACTAAAACTACAAAACATTAGCTGGGCATGGTGGTGGGCACCTGTAATCCCAGCTACTTGGGAGGCTGAGGCAGGAGAATTGCTTGAACCCAGGAGGCAGAGGTTGCAGTGAGCTGAGACCGCACCACTGCACTACAGCCTGGGCAACAAGAGCGAGACTCCATCTCAAAAAAAAAAAAAAAAAAAAAAAA"
"chr1","51936825","51937122","KN296577v1","144899","145207","35","51791926","GGCCAGGCACAGTGGCTCACACCTGTAATCCCAGCACTTTGGGAGGGTGAGGCAGGTGGATCACTTGAGGTCAGGAGTTCGAGACCAGCCTGGACAACATGGTGAAACCTCGTCTATACTAAAATATAAAAATGAGCCAGATGCGGGGCAGGCGCCTGTAATCCCCACTACTTGGGAGGCTGAGGCAGGGGAATCGTTTGAACCCGGGAGGCAGTGGTTGCAGTGAGCCAAGATCACGCCACTGCACTCCAGCCTGGGCAACAAAAGCAAAACTCCATCTCGAAAAGAAAGAAAAAAA","GGCCGGGCACAGTAGCTCACACCTGTAATCTCAGCACTCTGGGAGGCTGAGGCAGATGGATCACTTGAGGTCAGGAGTTCGAGACCAGCCTGGTCAACATGGTGAAACCCCGTCTATACTAAAAATATAAAAATGAGCCAGGTGTGGTGGTGGGCGCCTGTAATTCCAACTACTTGGGAGGCTGAGGCAGGGGAATCGCTTGAACCCAGGAGGCAATGGTTGCAGTGAGCCAAGATCATGCCACTGCACTCCTGCCTGGGCAACAAAAGCAAAATTCTATTTCAAAAAAAAAAAAAAGGAAAGAAAAAA"
"chr1","51991844","51991912","KN295096v1","584550","584618","14","51407294","TCGTGACACTGCACTCCAACCTGAGCAACAAGAGCGAAGCTCCATCTACAAAAAAAAAAAAGAAGAAGA","GATCCTCCACTGCACTCCAAACTGGGCAACAAGAGCGAACCTCTGTCTCAAAAAAAAAAGAAAGAAAGA"
"chr1","52122911","52123055","KN295667v1","1070958","1071102","16","51051953","GGCTGGGAGTGGTGGCTCATGCCTGTAATCCCAGCACTTTCGGAGGCCAAGGTGGGTGGATCACGTAAGGTCAGGAGTTTGAGACCAGCCTGGCCAACATGGTGAAACCCCATCTCTACTAAAAATACAAAAATTAGTGAGGCAT","GGCTGGGTATGGTGGCTCATGCTTGTAATCCCAGCATTTTGGGAGGCCGAGGCAGGTGGCTCACCTGAGGTCAGGAATTTGAGACCAGCCTGGCCAACATGATGAAACCCCATCTCTACTAAAAATACAAAAATTAGCTGGGCGT"
"chr1","52123353","52123528","KN294172v1","1604931","1605105","30","50518422","TTAAGTCGGGCATGGTGGTAGATGCCTGTAATCCCAGCAACTAGCGAGGCTGAAGCAGGAGAATCGCCTGAACCCAGGAGGCAGACGTTGCAGTGAGCCGAGACTGCGTCACTGCACTCCAGCCTGGGCAACAAGAGCAAAACTCTGCCTCAAAAAAAAAAAGGAAAAAAAAGAAA","TTAGCCAGGCACGGTGGCAGGTGCCTGTCGTCCCAGCTACTTGGGAGGCTGAGGCAGGAGAATCACTTGAACCTGGGAGGCAGAGGTTGCAGTGAGCTAAGATCATGCCACTGCACTCCAGCCTGGGCAATAAGAGTGAAACTCTGTCTCAAAAAAAAAAAAAAAAAAAAAAAAA"
"chr1","52148222","52148517","KN297197v1","1630263","1630561","32","50517959","GGCTGGGCATGGTGGCTCACGCCTGCAATCCCTGCACTTTGGGAGGCCGAGGCAGGTGGGTCACTTGAGGTCAGGAGTTCGAAACCAGCCTGGCCAACATGATGAAACCCCATCTCTACTAAAAATACAAAAAATTAGCTGAGTGTGGTGGCACGCGACTGTAATCCCAGCCACTCAGGAGGCTGAGGCAGGAGAATTGCTTGAACCCGGGAGACGGAGGTTGCAGTAAGCCAAGATCGCGCCACTGCACTCCAGCCTGGGCAACAAGAGCAAAACTCCATCTCCAAAAAAAAAAA","GGCTGGGCGCGGTGGCTCACTCCTGTAATCCCTGCACTCTGGGAGGCCGAGGCGAGTGGATCACCTGAGGTGAGGAGTTTGAGACCAGCCTGGCCAACATGATGAAACCCCATCTCTACTAAAAATACAAAAAATTAGCAGGACGTGGTGGCGGGCACCTGTAATCCCAGCTACTCAGGAGGCTGAGGCAGGAGAATTGCTTGAACCCGGAAGGCGGAGATTGCAGTGAGCCAGGATCGCGCCACTGCACTCCAGCCTGGGCAACAAGAGCAAAACTCTGTCTCAAAAAAAAAAAAAAA"
"chr1","52156941","52157247","KN296167v1","187386","187697","42","51969555","GGCAAAGTGGCTCATGCCTGTAATCCCAGCACTTTGGGAGGCTGAGACGGGTGGATGACCTGAGGTCAGGAGTTCCAGACCAGCCTGGCCAACATAGTAAAACCCCATCTCTACTAAAAATACAAAAAATCAGCTGGGCGTGGTAGTGGCCGCCTGTTAATTCCCGCTACTAGGGAGACTGAGGCAGGAGAATCACTTGAACCCAGGAGGCAGAAGTTGCAGCAGTGAGCCAAGATGGCACCACTGCACTCCAGCCTGGGCAACAAGAGTGAAACTCCATCTCAAAAAAAAAAAGAAAAAAAGAAAA","GCCCGGCATGGTGGCTCATGCCTGTAATCCCAGCACTTTGGGAGGTTGAAGCAGGTGGATTGCCTGAGGTCAGGAGTTCGAGACCAGCCTGGCCAACATAGTAAAACCCCATCTCTACTAAAAATACAAAAAATCAGCTACATGTGGTGGTGGGCGCCTGTAATCCCAGCTACTAGGGAGGCTGAGGCAGGAGAATCGCTTGAACCCAGGAGGAGGAGCTTGCAGTGAGCCGAGACTGCGCCACTGCACTCCAGCCTGGGCAACAAGAGCGAAACTCTGTCTCAAAAAAAAGAAAGAAAGAAAAAGAAAAAA"
"chr1","52890289","52890585","KN296625v1","47509","47806","41","52842780","GGCCCGGCATGGTGGCTCGCGCCTGTAATCCCAGCACTTTGGGAGGCAGAGGGTAGATCACCTGAGGTCAGGAGCTCGAGACCAGCCTGGCCAACATGGTGAAACCCTGTCTCTACTAAAAATACTTTTTAAAAAATTAGTCGGGTGGGGTGGCGTGTGCCTGTAATCCCATTACTGAGGAGGCTGAGGCAGGAGAATTGCTTGAACCCGGGATGCGGAGGTTGCAGTGAGCCTAGATCGCACCACTGCACTCCAGCCTGGGCAATAAGAGCGAAACTCTGTCTCAAACAAAAAAAA","GGCCAGGGGCAGTAACTCACGCCTGTAATCCCAGCACTTTGGGTGGCCAAGGAGGGCAGATCACCTGAGGTTGGGAGTTCAAGACCAGCCTGCCCAACATGGCAAAACCCTGTCTCTACTAAAAATACAAAAAATTAGCCGGGTGTGGTGGCAGGTGCCTGTAATCCCAGCTACTGAGGAGGCTGATGCAGGAGAATTGCTTGAACCCAGGGGGCGGAGGTTGCAGTGAGCCGAGATCGCACCACTGCACTCCAGCCTGAGCAACAAGAGCGAAACTCTGTCTCAAAAAAAAAAAAAA"
"chr1","52959454","52959746","KN294747v1","654984","655267","41","52304470","GTGGCTCACACCTGTAATCCCTGCACTTTCGGAGGCTGAGGCGGGTGGATCACCTGAGGTCAGGAGTTCGAGGCCAGCCTGGCCAACATGGTGAACCCCCCCCCCCCGTCTCTACTAAAAATACAAAACATTAGCTGGGAGTGGTGGTGCACGCCTGTAATCCCAGCTACTCAGGAGGCTGAGGCAGGATAATCACTTGAACCCAGGAGGCGGAGGTTGCAGTGAGCCGAGATCGTGCCACTGCACTTCAGCCTGGGCAACAAGAGCAAAACTCCGTCTAAAAAAAAAAAGAA","CCCACACCCGTAATCCCAGCACTTTGGGAGGCTGAGGCGGGTGGATCACCTGAGGTCAGGAGTTCCAGACCAGCCTGGCCAACATGGTGAAACCCCATCTCTACTAAAAATACAAACAATTAGCTGGGCGTGGTGGCACACACCTGTAATCCCAGCTACTCAGGAGGCTGAGGTGGGAAAAATCACTGGAACCCAGGAGGCAGAGGTTGCAGTGAGCTGAGATTGTGCCACTGCACTCCAGCCTGGGCAACAAGAGCGAACCTCTCTGAAAAAAAAGAAAGAAA"
"chr1","53051751","53052059","KN295294v1","849337","849645","35","52202414","GGCCGGGTGTGGTGGCTCATGCCTGTAATCCCAGCACTTTGGGAGGCCAAGGCAGGTGGATCACCTGAGGTCAGGAGATCAAGACCAGCCTGGCCAACATGGTGAAACCCCGTCTCTACTAAAAATACAAAAATTAGCTGGGCATGGTTGCAGGCGCCTGTAATCCTAGCCACTCAGGAGGTTGAGGCAGGAGAATTGCTTGAACCGGGAAGAAGGAGGTTGCAGTGAGCCGAGATCGCGCCACTACACTCAAGCCTGGGCAACAAGAGACAAAACTCTGTCTACAAAAAAAAANAAAAAAAAAAAAAA","GGCCGGGCACTGTGGCTCACGCCTGTAATTCCAGCACTTTGGGAGGCCAAGGCAGGTGGATCACCTGAGGTCAGGAGTTCGAGACCAGCCTGACCAACATAGTGAAACCCCATCTCTACTAAAAATACAAAAATTAGCTGGGCATGGTGGTGGGCGCCTGTAATCCCAGCTACTCCAGAGGCTGAGGCAGGAGAATTGCTTGAACCCAGGAGGCGGAGGTTGCAGTGAGCCGAGATCACGCCACTGCACTCCAGCCTGGGCAACAAGAGTGAAACTCCATCTCCAAAAAAAAAAAAAAAAAAAAGAAAA"
"chr1","53088949","53089245","KN294251v1","954096","954390","38","52134853","GGCCAGGCGTCGTGGCTCATGCCTGTAATTCCAGCACTTTGCAAGGCCAACGTGGGTAGATCACCTGAGGTCAGGAGTTTGAGACCAGCCTGGCCAACGTGGTGAAACCTCATCTCTAGTAAAAATACACAAAAAATTAGGCAGGAGTGGTAGCGTGTGCCTGTAGTCCCAGCTACTCAGGAGGCTGAGGAGGGAGAATCACTTGAACCCGGGAGGTGGAGGTTGCAGTGAGCCGAGATTGCACCACTGCACTCCAGCCTGGGCAGCAAGTGTGAAGCTCCATCTCAAAAAAAGAAA","GGCCAGATGCAGTGGCTCACGCCTGTAATCACAACACTTTGGGAGGCCAAGGTGGGTCGATCACCTGAGGTCAGGAGTTCAAGACCAGCCTGGCAAACATGGTGAAACCCCGTCTCTACTAAAAATACAAAAATATTAGCTGGACCTGGTAGCAGGTGCCTGTAATCCCAGCTACTCGGGAGGCTGAGGAGGGAGAATCACTTGAACCCGGGAGGTGGAGGTTGCAGTGAGCTGAGATCACACCACTGTACTCCAGTCTGGGCAACAAGAGTGAAACTCCATCTCAAAAAAAAAA"
"chr1","53103941","53104245","KN294407v1","206812","207117","32","52897129","GGCCGGGCACAGCGGCTCACACCTGTAATCCCAACACTTTGGAAGGCAAAGGTGGGTGGATCACCTGAGGTCAGGAGCTCGAGACCAGCCTGGCCAACATGATGAAACCCCGTCGCTACTAAAAATAAAAAATTAGTCGGGTGTGGTGGCAGGTGCCTGTAATCCCTGCTACTTAGGAGGCTGAGGCAGGAGAATCGCTTGAACCCAGGAGGCAGAGGTTGCAGTGAACCAAGATCTTGCTACTGCACTCCAGCCTGGGCAAGCAACAAGAGTGAACTCCATCTACTAAAAAAAAAAAAAAAAAA","GGCTGGGTGCAGTGGCTCACGCCTGTAATCCCAACACTTTGGGAGGCCAAGGTGGGTGGATAACCTGAGGTCAGGAGCTCGAGACCAGCCTGGCCAACATGATTAAACCCTGTCTCTACTAAAAATACAAAAAATTAGTCAGGTGTGGTGGCAGGCGCCTATAATCCCTGCTACTTAGGACGCTGAGGCAGGAGAATTGCTTGAACTCAGTAGGCAAAGGTTGCAGTGAGCCAAGATCTTGCTACTGCACTCCAGGCTGGGCAACAAGAGTAAAACTCCATCTCACGAAAAAAAAAAAAAAAGAAA"
"chr1","53128579","53128889","KN294407v1","235329","235629","25","52893250","GGCTGGACATGGTGGCTCATGCCTGTAATCCCAGCACTTTGAGAGGCCAAGGAGGGGAGATCGCCTGAGGCCAAGAGTTCAAGACCAGCCTTGCCAACATGGTGAAACCGTCTCTTACTAAAAATACAAAATTTGCCAGGTGCGGTGGTGGGCGCCTGTAATCCCAGCTACTCAGGAGGCTGAGGCAGGAGAATCACTCAAGCCCAGGAGGCAGAGGTTGCAGTGAGCTGAGATCATGCCACTGCACTCCAGCCTGGACAACAAGAGCAAAACTCTGACTCAAACAAAGAATAAAATAAAATAAAATAAAA","GGCTGGACACGGCGGCTCATGCCTGTAATCCCAGCACTTTGGGAGGCCAAGGAGGAGAGATCACCTGAGGTCAGGAGTTCAAGACCAGCCTTGCCAACATGGTGAAACTGTCTCTTACTAAAAATACAAAATTTGCCAGGTGTGGTGGTGGGCGCCTGTAATCCCAGCTAACCGGGAGGCTGAGGCAGGAGAATCACTCAAGCCCGGGAGGCAGAGGTTGCAGTGAGCTGAGATCATGCCACTGCACTCCAGCCTGGGCAACAAGAGCAAAACTCTGTCTCAAAGAATAAAATAAAATAAA"
"chr1","53242582","53242830","KN296119v1","220472","220721","55","53022110","GGCTGGGCGCAGTGGGTCACACCTGTAATCCCAGCACTTTGGGAGGGTGAAACCCCATCTCTACTAAAAATACAAAAAATTAGCCAGGTGTGGTGGCAGATGCCTTTAATCTCAGCTATTCGGGAGGCTGAGGCAGGAGAATCGCTTGAACCCCACAGGTGGAGGTTGCAGTAAGCTGAGATCACACCACTGCACTCCAGCCTGGGCATCAAGAGTGAAACTCTGTCTCAAAAATAAATAAATAAATAA","GGTGGCTCACCTGAGGTCAGGAGTTTGAGACCAGCCTGGCCAACATAGTGAAACCTTGTCTCTACTAAAAATATAAAAATTAGCCAGGCATGGTGGCAGGTGCTGTAATCCCAGCTACTTGGGAGGCTGAGGCAGAAGAATTGCTTGAACCCGGGAGGTGGAGGTTGCAGTGAGCCAAGATCGCGCCACTGCACTCCAGCCTGGGCAACAAGAGTGAAACTCTGGCTCAAAAAAAAAAAAAAAAAAAAAA"
"chr1","53389060","53389129","KN294385v1","2588","2649","13","53386472","GATTGCACCACTGCACTCCAGTCTGGGCGAACAAGAAGCGAAACTACCGTCTCAAAAAAAAAAAAAAGAA","GTGCCACTGCATTCCAGCCTGGGCGACAAGAGCAAAACTCGGTCTCAAAAACAAAAAAAAGA"
"chr1","53406124","53406407","KN294407v1","503441","503731","22","52902683","GGCCAGGCGTGGTGGCTCACGCCTGTAATCCCAGCACTTTGGGAGGCCGAGGTAGGTGGATTACCTGAGATCAGGAGTTCACAACCAGCCTGGAGAACATGGTGAAACCCTGTCTCTACTAAAAATACGAAAAATAAGAGGGCGTGGTGGTGGGTGCTTGTAATCCCAGCTACTTGGGAGGCTGAGGCAGGAGAATCACTTGAACCCAGGAGGTGGAGGTTGCAGTGAGCCGAGACCGAGCCACTGCACTCCAGCCTGGGCAACAAGAGTTTCGTCTCAAAAAA","GGCCAGGCACGGTGGCTCATGCCTGTAATCCCAGCACTTTGGGAGGCCGAGGCAGGTGGATTATCTGAGATCAGGAGTTCACAACCAGCCTGGAGAACATGGTGAAACCCTGTCTCTACTAAAAATACAAAAACATAAGTGGGTGTGGTGGTGGGTGCTTGTAATCCCAGCTACTTGGGAGGCTGAGGCAGGAGAATCACTTGAACCCAGGAGGTAGAGGTTGCAGTAAGCTGAGATTGCGCCACTGCACTCCAGCCTGGGCAACAAGAGTGAAATTTCATCTCGAAAAAA"
"chr1","53407176","53407483","KN294407v1","504505","504801","42","52902671","GGCTGGGCGCGGTGGCTCATGCCTGTAATCTCAGCACTTCGAGAGGCCAGGGCAGGTGGATCACCTGAGGTCAGGAGCTCAAGACCAGCCTGGCCAACATGGCGAAATCCCATCTCTACTAAAAATACAAAAATTAGCCAGGCATGGTGGCACGTGCCTGTAATCCCAGCTACTCAGGAGGCTGAAGCAGGAAGATCGCTTGAACCGAGAAGGCAGTTTTCTGTGAGCTGAGATCGGGCCACTGCACTCCAGCCTGGGCAACAAGAGCGAAACTGTCTCAAAAATGAATAAATAAATAAATAAACAAA","GGCTGGGCATAGTGGCTCACGCCTATAATCCCAGCACTTTGGGAGGCCAAGGCAGGTGGATTATCTGAGGTCAGGAGACCAGCCAGGCCAACATGGCAAAATCCCATCTCTACTAAAATACAAAAATTAGCCAGGAATGGTGGTGCATGCCTGTAATCCCAGCTACTCAGGAGGCTGAAGCAGGAAGATCGCTTGAACCGAAGAGGCCGTTTGCCGTGTCGAGATCAGGCCACTGCACTTCAGCCTGGGCAACAAGAGCGAAACTCTGTCTCAAAAATAAATAAACAAACAAACAAA"
"chr1","53592897","53593210","KN294407v1","707064","707376","17","52885833","GGCCGGGCGCAGCGGCTCACGCCTGTAATCCCAGCACTTTGGAAGGCCAAGGCAAGCGGATCACCTGAGGTCAGGAGTTCGAGACCAGCCTGGCCAACATGGTGAAGCCACGTCTCTACTAAAAATACAAAAATTAGCCGGGTGTGGTGCCGGGTGTTTGTAATCCCAGCTACTCGGGAGGCTAAGGCAGGAGAATCACTTGAACCCGGGAGGTGGAGGTTGCAGTGAGCCGAGATCGCACCACTGCACTCCAGCCTGGGCAACAAGAGCGAAACTCCATCTACACAAAAAAAAAAAAAAAAAAAAAAAAAAAA","GGCCGGGCGCAGCGGCTCACACCTGTAATCCCAGCACTTTGGAAGGCCGAGGCAGGTGGATCACCTGAGGTCGGGAGTTCGAGACCAGCCTGGCCAACATGGTGAAACCCTGTCTCTATTAAAAATACAAAAATTAGCCAGGCTTGGTGCCGGGTGTTTGTAATCCCAGCTACTCGGGAGGCTGAGGCAGGAGAATCACTTGAACCCGGGAGGTGGAGGTTGCAGTGAGCCGAGATCGCACCACTGCACTCCAGCCTGGGCAACAAGAGCGAAACTCCATCTCAAAAAAAAAAAAAAAAAAAGAAAGAAAAAA"
"chr1","53659418","53659700","KN294407v1","777385","777672","24","52882033","GGCCAGGCGCAGTGGCTCATGGAGAATGTAATCCCAGCACTTTGGGAGGCCAAGACAAGTGGATCACTTGAGGTCAGGAGTTCTAGAGCAGCCTGGCCAACATGGTGAAACGCTGTCTCTACTAAAAATACAAAAAATTAGCCAGGTGTGGTGGCGGCTCCTAGCTACTTAGGAGGCTGAGGCAGGAGAATCCTGGAGGCAGAGGTTGAGGGAGCCAAGATTGTGCCACTGCACCCCAGCTTGGGCAACAAGAGTGAAACTCCGTCTCAAAAACAAACAAAAA","GCCAGGCGCATGGCTCATGCGTGTAATGCCAGCACTTTGTGAGGCCAAGACAAGTGGATCACTTGAGGTCAGGAGTTCTAGAGCATCCTGGCCAACATGGTGAAACGCTGTCTCTACTGAAAATACAAAAAATTAGCCAGGTGTGGTGGCGGCTCCTAGCTACTCAGGAGGCTGAGGCAGGAGAATTGCTTGAACCCAGGAGGCAGAGGTTGCAGGGAGCCAAGATTGTGCCACTGCACCCCAGCCTGGGCAACAAGAGTGAAACTCCTTCTCAAAAACAAACAAAAA"
"chr1","53682990","53683306","KN294856v1","400185","400505","39","53282805","GGCCGGGCACAGTGGCTTATGCCTGTAATCCCAGCACTTTGGGAGGCTTAGGTGGGCGGATCACCTGAGGTCAGGAGTTTGAGACCAGCCTGGCCAACATGGTGAAACCCCGTCTCTACTAAAAAAAAATAATAATAATACAAAAATTAGCCGGGCATGGTGGCAGGTGCCTGATATCTCAGCTACTCGGGAGGCTGAGGCAGGAGAATCGCTTGAACCCAGGAGGCAGAGGTTCCAGTGAGCCGAGATCGCGCCACTGTACTCCAGCCTGGGGAACAAGAGCGAGACTTCGTCTCAAAAAAAAAAAAAAAAAAGAA","GGCTGGGCACAGTGGCTTGCACCTGTAATCCCAGCACTTTGGGAGGCTGAGGCAGGTGGATCGCCTAAGGTCAGGAGTTTGAGACCAGCCTGACCAACATGGTGAAACCCCGTCTCTACTAAAAATACAAAAACAACAACAACAAAAACTAGCCGGGCATGGTGGCGGGCGCCTGTAATCCCAGCTACTCAGGAGGCTGAGGCAGGAGACTCGCTTGAACCTGGGAGGCAGAGGTTGCAGTGAGCCGAGATCACGCCACTGCACTCCAGCCTAGGCAACAAGAGTGAAACTCCGTCTCAAAAAAAAAAAAACAAAACAAAA"
"chr1","53760894","53761176","KN297008v1","3704335","3704617","31","50056559","GGCTGGGTACGGTGGCTCACACCTATAATCCCAGCACTTTGGGAGGCTGAGGTGGGTGGATCACCTGAGGTCAGGAGTTTGAGACCAGCCTGTCCAACATGGTGAAATCCCTTCTCTACTAAAAATACAAAAACTTAGACGGGCATAGTGGTGGGCCTCTGTAATCCCAGCTACTCGGGAGGCTGAGGCAGGAGAGTCACTTGAACCCAGGAGGCAGAGGTTGCAGTGAGCTGAGATCATGCCACTGCACTCCAGCCTGGGCAACAAGAGCAAAACTCTGTCT","GGCCAGGCACAGCGACTCACGCCTGTAATCCCAGCACTTTGGGAGGCTGAGGTGGACGGATCACCTGAGGTCAGGAGTTTGAGACCAGCCTGGCCAACATGGTGAAACCCCGTCTGTACTAAAAATACAAAAATTAGCCAGGCATGGTGGTGGGCGCCTGTAATCCCAGCTACTCGGGAGGCTGAGGCAGGAGAATCACTTGAACCTGGGAGGCAGAGCTTGCCGTGAGCCGAGATCATGCCACTGCACTCCAGCCTGGGAAACAAGAGCGAAACTCCATCTC"
"chr1","53792829","53792982","KN296726v1","834547","834705","28","52958282","GCTGGGCGTGGTGGCGGGCGCCTGTAATCCCAGCTACTTGGGAGGCTGAGGCAGGAGAATCACTTGAACTCGGAAGGCACAGGTTCAGTGAGCCGAGATCGCGCCACTGCACTCCAGGCTGGGCAATGAGCGAAACTGCGTCCCCAAAAAAAAA","TAGCCAGGCATGGTGGTGGGCACCTGTAATCCCAGCTACTCAGGAGGCTGAGGCAGGAGAATCGCTTGAACCCAGGAGGCGGAGGCTGCAGTGAGCCAAGATCGCGCCACTGCACTCCAGCCTGGGCAACAAGCGGAACTCCATCTCTAAAAAAATAAA"
"chr1","54698362","54698688","KN294407v1","1840936","1841273","31","52857426","GGCCAGGCATGGTGGCTCATGCCTGTAATCCCAACACTTTGGGAGGCCAAGGTGGGTGGATCACCTGAGGTCAGGAGTTTGAGACCAGCCTGACCAACATGGTGAAACCCCATCTCTACTAAAAATACAAAAACTAGCCAGGCATGGTGGCAGGCACCCGTAATCCCAGCTACTTGGGAGGCTGAGGCAGGAGAATCGCTTGAATCCAGGAGGCAGAGGTTGCAGTGAGCCAAGATTGCGCCACTGCACTCCAGCCTGGGCAACAAGAGCGAAACTCCGTCTCAAAAATAAATAAAATAAAATAAAATAAATAAATAAATAAATAAA","GGCCAGGCATAGTGGCTCATGCCTATAATCCCAACACTTTGGGAGGCCAAGGTGGGTGGATCACCTGAGGTCAGGAGTTTGAGACCGGCCTGGCCAACATGGTGAAACCCCATCTCTACTAAAAATACAAAAACTAGTCGGGCATAGTGGCAGGCCCCCATAATCCCAGCTACTTGGGAGGCTGAAGCAGGAGAATCACTTGAACCTGAGAGGCAAGGTTGCAGTGAGCCAAGATCGTGCCACTGCACTCCAGCCTGGGCAACAACAGCGAATCTCCGTCTCAAAAATAAATAAAACAAGATAAAATAAATAAATAAATAAATAAATAAATAAATAAA"
"chr1","54786142","54786442","KN294407v1","1932520","1932812","23","52853622","GGTCAGGCGCAGTGGCTAACACCTGTAATCCCAGCACTTTGGGAGGCTGAGGCAGGCAGATCACCTGAGGTCAGGAGTTTGAGACTAACCTGGCCACCATGGTGAGACCCCCAACTCTACTAAAAATACAAAAATTGGCCAGGTGTGGTGGCAGGTGCCTGTAATCCCAGCTACTCAGGAGGCTGAGGCAGGATAATTACTTGAACCCAGGAGGCACAGGTTGCAGTGAGCTGAGATTGTACGACTGCACTCCAGCCTGGGCAACAAGAGAGAAACTCCGTCTCAAAAAAGAAAAAAAAAA","GGCCAGGCACAGTGGCTCACACTTGTAATCCCAGCACTTTGGGAGGTGAGGCAGGCAGATGACCTGAGGTCAGGAGTTTGAGACCAGCCTGGCCACCATGGTGAGACCCCCAACTCTATTAAACATACAAAAATAGGCCGGGTGTGGTAGCAGGTGCCTGTAATCCCAGCTACTCAGGAGGCTGAGGCAGGATAATTACTTGAACCCAGGAGGCACAGGTTGCAGTGAGCTGAGACTGTACCACTGCACTCCAGCCTGGGCAACAAGAGAAACTCCATCTCAAAAAAAAAAAA"
"chr1","54826803","54827051","KN294407v1","1976889","1977138","27","52849914","CCAAGGTGGGTGGATCACCTGAGGTCAGAAGTTTGAGACCAGCCTGGCCAACATGGCAAAACCCCCATCTCTACTAAAAGTACAAAAATTAGCCGGCGTGGTGGGGGGCGCCTATAATCCCAGCTATCAGGAGGCTGAGGCAGGAGAATAGCTTGAACCTGGAGGTGGAGGTTGCAGTGAGCCAAGATCACGCCACTGCACTCCAGCCTGGACAACAAGAGCAAGACTCCGTCTAAAGAAATAAATAAA","CCGAGGCGGGCAGATCACCTGAGGTCAGAAGTTCAAGACCAGGCTGGCCAACATGGCAAAATCCCCGTCTCTACTAAAAGTACAAAAATTAGCTGGCGTGGTGAGAGGTGCTTATAATTCCAACTATCAGGAGGCTGAGGTAAGAGAATAGTTTGAACCCGGGAGGTGGAGGTTGCAGTGAGCCAAGATCGCACCACTGCACTCCAGCCTGGACAATAAAAGCAAGACTCCATCTAAAAAAATAAATAAA"
"chr1","54845121","54845382","KN296119v1","220472","220721","35","54624649","GTGGGTGGATCACCTGAGGTCAGGNGTTTGAGACCAGCCTGGCCAACATGGTGAAACCCCGTCTCTATTAAAAGTACAAAAAAATTTAGCCAGGCATGGTGGTGAGTGCCTGTAACCCCAGCTACTTGGGAGGCTGAGGCAGGAGAATTGCTTGAACCCGGGAGGCAGAGGTTGCAGTGAGCTGAGATTGCGCCACTGCACTCCAGCCTGAGCAATAAGAGCAAAACTCTGTCTCAAAAAAACAGAAAAAAATTAAAAAGAA","GGTGGCTCACCTGAGGTCAGGAGTTTGAGACCAGCCTGGCCAACATAGTGAAACCTTGTCTCTACTAAAAATATAAAAATTAGCCAGGCATGGTGGCAGGTGCTGTAATCCCAGCTACTTGGGAGGCTGAGGCAGAAGAATTGCTTGAACCCGGGAGGTGGAGGTTGCAGTGAGCCAAGATCGCGCCACTGCACTCCAGCCTGGGCAACAAGAGTGAAACTCTGGCTCAAAAAAAAAAAAAAAAAAAAAA"
"chr1","54867386","54867657","KN296119v1","220472","220721","53","54646914","GGGTGGATCACCTGAGGTCAGGTCAGGACTTCGAGACCAGCCTGCCAGCCTGGCCAACATGGTGAAACCTTATCTCTACTAAAAATACAAAAATTAGCTGGGCACAGTGGCGGGTACCTGTAATCCCAGCTGCTTGGGAGGTGGAGACAGGAGAATCGCTTGAATCCAGAAGGCAAAGGTTGCAGTGAGCTGAGATTGCACCACTACACTCCAGCCTGGGCAACAAGAGTGAAACTCCATCTACAAAAAAAAAAAAAAAAAAGGAAAAGAAA","GGTGGCTCACCTGAGGTCAGGAGTTTGAGACCAGCCTGGCCAACATAGTGAAACCTTGTCTCTACTAAAAATATAAAAATTAGCCAGGCATGGTGGCAGGTGCTGTAATCCCAGCTACTTGGGAGGCTGAGGCAGAAGAATTGCTTGAACCCGGGAGGTGGAGGTTGCAGTGAGCCAAGATCGCGCCACTGCACTCCAGCCTGGGCAACAAGAGTGAAACTCTGGCTCAAAAAAAAAAAAAAAAAAAAAA"
"chr1","55064359","55064584","KN296311v1","4279008","4279235","37","50785351","CAGCCTGGCCAACATGGTGAAACCCCATCTGTACTAAAAACGTAAAATTAGTCAGGTGTGGTGGCACATGCCTGTAATCCCAGCTACTTGGAAGGCTGAGGCAGGAGAATCGCTTGAACCTGGGAGGCGGAGGTTGCAGTGAACCAAGATAGCGCCACTGCACCCCAGCCTGGGCAACAAGAGCAAAACTCCATCTCAAAAAAAAAGAAAGGAAAAGAAAAGATAA","GACCAGCCTGCCCAACATGGTGAAACCCTGTCTTTACTAAAAATACAAAAAATCAGTCGGGCATGGTGGCAGGTGCCTGTAATCCCAGCTACTTGGGAGACTGAGGCAGGAAAATCGTTTGAACCCGGGAGGCGGAGGTTGTGGTGAGGCGAGATCACGCCACTGCACTCCAGCCTGGGCGACAAGAGCAAAACTCCGTCTCAAAAAAAAAAAAAAAAAGAAAAAAAA"
"chr1","55111491","55111859","KN296138v1","234707","235060","95","54876784","GGCTGGGCACAGTGGCTCACGCCTGTAATCCCGATACTTTCGGAGGCTGAAGTGGGAGGATCACTTGAGCCCAGGAGTTCGAGACCAGCCTGGGCAATGAAGTGAGACCCCATCTCTACAAAAAATTNNNNNNNNNNNNNNNNNNNNNNNNNNNNNNNNNNNNNNNNATGGTGAAACCCCGTCTCTACTAAAAATACAAATACCAGCCCGACATGGTCGTGGGCGCCTATAATCCCAGCTACTTGGGAGGCTGAGTAATAAGAATCGCTTGAACCTGGGAGGTGGAGGTTGCAGTGAACCGAGATCATGCCACTGCTCTCCTGCCTGGGCAACAAGAGTGAGACTTCATCTCCAAAAAAAAAAAAAAAA","GGCTGGGAGTGGTGCCTCATGCCTGTAATCCCAACACTTTGAGAGGCAGAGGCAGGCAGGTCACTTGAACCCAGAAGTTTGAGACCAGCCTGGGCAAAATGGCGAAACCACATGTCTACAAAAAAAAAAAAAAAAAAAAANNNNNNNNNNNNNNNCTGGTGAAACCCTGTCTCTACTAAAAGTACAAAAACTAGCCAGGCATGGTGGCAGGCACCTGTAATCCCCGCTACTTGGGAGGCTGAGGCAGGATAATTACTTGAACCCGAGAGGCGGAGGTTGCAGTGAGCCGAAATTGCACCACTGCACTCCAGCCTGGGAGACAAGAGCGAGACTTTGTCTCAAAATAAAAAAGAA"
"chr1","55206941","55207248","KN295459v1","634986","635295","42","54571955","GCCGGGCATGGTGGCTCACACCTATAATCCTAGCACTTTGGGAGGCTGAGGCAGGTAGTTCACCTGAGGTCAGGAGTTCGAGACCAGCCTGGCCAAGATGGCGAAACCCCATCTCTACTAAAAATACAAAAATTAGCCAGGCATGTTGGCGGGCGCCTGTAATTCCAGCTACTTGGGAGGCTGAGGGTAGGAGAATTGCTTGAACCAAAGGGGCGGAGGTTGCAGTGAGCTGAGATCGTGCCACTTCACTCCAGCATGGGCAAAAAAGCAAAACTCCATCAAAGAAAGAAAGAAAAGAAAGAACGAAA","GGCCGGGCGCGGTGGTTCACGCTTGTAATCATAGCACTTTGGGAGGCGAGGCGGGTGGATCACATGAGGTCAGGAGTTCGAGACCAGCCTGGACAACATGGCGAAACCCCGTCTCTACTAAAAATACAAAAAATTAGCCGGGCAAGGTGGCGGGCGCCTGTAATCCCAGCTACTGGGGAGGCTGAGGCAGGAGAATTACTTGAACCTGGGGGGCGGAGGTTGCAGTGAGCCGAGATCGTGCCACTTCACTCCAGCCTGGGCAAAAGAGCTAAACTCCGTCTCAAAAAAAAAAAAAAAAAAAAAAAGAAAA"
"chr1","55510349","55510661","KN295586v1","892853","893164","39","54617496","GACCAGGCACAGTGGCTCACACCTGTAATCCCAGCATTCTGGGAGGCCGAGCTGGGTGGATCACCTGAGGTCAGGAGTTCGAGACCAGCCTGGCCAACATGGCGAAATCCTGTCTTTACTAAAATACAAAAAATTAGCCATGCATGGTGGCACCCGTCTGTAATCCCAGCTACTTGGGAGGCTGAGGCAGGAGAGTCGCTTGAACCTGGGAGGCAGAGGTTGCAGTGAGCCGAGATTGCGCCACTGCACTCCAGCCTGGGCAACAGGAGCGAAACTCCGTCTCAAAAAATAAATAAATAAATAAATAAATAAA","GCCAGGCACAGTGGCTCATGCCTGTAATCCCAGCACTATGGGAGGCCGAGGTAGGTGAATCACCTGAGGTCAGGAGTTCAAGACCTGGTCCTGGTCAACATGGTGAAACCACATCTCTACTAAAAATACAAAAAATTAGCCAGGCAGGGTGGCGCCTGCCTGTAATCCCAGCTACTCGGAGGCTGAAGCAGGAGAATCGCTTGAACCTGGGAGACAGAGGTTGTAGTGAGCCGAGATCGCGCCACTGCACTCCAGCCTGGGCAACAAGAGCGAAAATCCATCTCAAAAATAAATAAATAAATAAAATAAAAA"
"chr1","55527055","55527366","KN295633v1","672161","672469","42","54854894","GGCCAGGGGTGGTGGCTCACACCTGTAATATCAGCACTTTGGGAGACCCAGGCAGGTGGGTCATCTGAGGTCAGGAGTTTGAGACCAGCCTAGCCAATGTGGTGAAACTCCATCTCTACTAAAAATAACAAAAATTAGCTGGGCATGATGGCGGGCGCCTGTAATCCCAGCTACTCAACAGGCTGAGGCAGGAAAATCACTTGAACCCAGGAGGCAGAGGTTATAGTGAGCCAAGATTGCTCCACTGCACTCCAGCCTGGGCAACAAGAGTGAAACTCTGTCTCAAAATAAATAAATAAATAAACAAACAAA","GGCCAAGTGCAGTGGCTCACACCTGTAATCCCAGCACTTTGGGAGGCCGAGGCAGGTGGGTCACCTGAGGTCAGGAGTTTGAGACCAGCCTGGCCAATATGGTGAAACCCCATCTCTACCAAAAATTCAAAAATTAGTTGGGCGTGGTGGTGGGCACCTGTAATCCCAGTTACTCGGGAAGCTGAGGCAGGAGAATTGCTTGAATCTGGGAGGCAGAGGTTAGAGTGAGCCAAGATTGCGCCACTGCACTCCAGCCTGGGCAACAAGAGTGAGACTCCATCTCAAAAAAAACAAACAAACAAAAAAAAA"
"chr1","55743251","55743551","KN296180v1","1884395","1884694","39","53858856","GGCTAGGCATGGTGGCTCATGCCTATAATCCCAGCTCTTTTGGGAGGCCAAGGCAGGTGGACCACCTGAGGTCAGGAGTTTGAGACCAGCCTGGCCAACATGGTGAAACCCCGCCCTCTGCTAAAAAAAAAATACAAAAGATTAGTTGGGCGTGGTGGTGGGTGCCTGTAATCCCAGTTACTCAGGAAGCTGAGGCAGGAGAATCGCTTGAATCTGGGAGGCGGAGGTTGCAGTGAGCCGAGATTGCGCCACTGCACTCCAGCCTGGGCAACAAGAGTGAAACTCTGTCTCAAAAAAAAAA","GCCAGGCACGATAGCTCATGCCTATAATCCCAGCACTTTGGGAGGCAGAGACAGGTGGATCATCTGAGGTCAGGAGTTTGAGACCAGCCTGACTGACTTGGTGAAACCCCATCCCTACTACAAAAAAAATACAAAAAAATTAACCGGCCGTGGTGGTGCGTGCCTGTAATCCCAGCTACTCAGAAGGCTGAGGCAGGAGAATCGCTTGAACCTGGGAGGCAGAGGTTGCAGTGAGCCGAGATCGCGCCACTGCACTCCAGCCTAGGCAACAAGAGTGAAACTTCGTCTGAAAAAAAAAAA"
"chr1","55802982","55803285","KN294407v1","2910911","2911209","32","52892071","GGCCAGGCGTGGTGGCTCACGCCTGTAATCCCAGCACTTTGGGAGGCTGAGGCATGCGGATTACCTGAGGTCAGGAGTTTGAGACCAGCCTGGCCAACATGGTGGAACCCCATCTCTACTAAAAATACAAAAATTAGCCAGGGGTAGTAGCAGGCGCCTGTAATCCCAATTACTTGGGAGGCTGAGACAGGAGAATCGCTTGAACCCAGGAGGCTGAGGTCGCAGTGAGCCGAGATTGTGCTACTGCACTCCAGCCTGGGCAACAAAGAGTGAAATTCTGTCTCAAAAAAAAAAAAAAAAAAAA","GGCCAGGCGTGGTGGCTCATGCCTGTAATCCCAGCACTTTGGGAGGCCGAGGCATGTGGATCACCTGAGGTAAGGAGTTTGAGAACAGCCTGGCCAACATGGTGAAACCCCATCTCTGCTAAAAATACAAAAATTAGCCAGGAGTGGTAGCAGGTGCCTGTAATCCCAGCTACTCAGGAGGCTGAGACAGGAGAATCGCTTGAACCCACGAGGCTGAGGTTGCAGTGAGCCGAGATCGTGTCACTGTACTCTAGCCTGGGCAACAAAGGGCAAAATTCCTTCTAAAAAAAAAAAAAAAA"
"chr1","55836103","55836410","KN294439v1","300738","301034","42","55535365","GGCTGGGTGCAGTGGCTCAAGCCTGTAATCCCTGCACTTTGGGAGGCCAGGGTGGGTCGATCACCTGAGGTCAGGAGTTTGAGACAAACCTGGTCAACATGGTGAAACCCCATCTCTACTAAAATTACTAAAATTACAAAAATTAGCCAGGTGTGGTGGCGGGCAGCTTGTAATCCCAGCTACTCGGGAGGCTGAGGCATGAGAATTGCTTGAACCTGGGAGGTGGAGGTTGCAGTGAGCCAAGATCCTGCCACTGTACTCCAGCCTGGGGAAGAAGAGCGAAACTCGGTCTCAAAAAAAAGAAAAAA","GGCCGGGTGCGGTGACTCACGCCTGTAATCCCAGCACTTTGGGAGGCCAAAGCGGGTGGATCACCTGAGGTCAGGAGTTTGTGACCAGCCTGGCCAACATGGTGAAACCCCGTCTCTACTAAAAATACAAAAAATTAGCCAGGCATGGTGGCAGGCGCCTGTAATCCCAGCTACTCGGGCAGCTGAGGCAGCAGAATCGCTTGAACCCGGGAGGTGGAGGTTGCAGTGAGCCAAGATCACGCCACTGCACTCCAGCCTGGGCAACAAGAGCGAAACTCTGTCTCAAAAAAAAAAAAA"
"chr1","55841104","55841429","KN294407v1","2949986","2950293","47","52891118","GGCCAGGCGTGGTGGCTCATGCCTGTAATCCCAGCACTTTGGGAGGCCAAGGCGGGTGGATCACCTGAGGTCAGGAGTTCAAGACCAGCCTGGCCAACATGGAGAAACCCTATCTCTACTAAAAGTACAAAAATTAGCCGGGCGTGGTGGCGGGCGCCTATAATCCCAGCTACTCAGGAGGCTGAGGCAAAAGAATCGCTTGAACCGGGGGCGGGGAGGGGTGGGAGGGCGGGGGTTGCAGTGAGCCAAAATCACACTGCTTCACTCCAGCCTAGCAAAGAGTGAAACTCTGTCTCAAACAAAAAAAAAAAAAGAAAAAGAAAAAA","GGGTGTGGTGGCTCATGCCTGTAATCCCAGCACTTTGGGAGGCCAAGGTGGGTGGATCACCTGAGGTCAGGAGTTCAAGACCAGCCTGGCCAACATGGCAAAACCCTGTCTCTACTAGAAGTACAAAAATTAGCCGGGCGTGGTGGCGGGCACCTATAATCCCAGCTACTCAGGAGGGTGAGGCAAGAGAATTGCTTGAAACGGCAGAGGGGCAGAGGTTGCTGTGAGCTGAGATCACACCACTTCATTGCAGCCTAGGCAAAGAGTGAAATTCTGTCTCAACAAAAAAATAAAATAAAAAAAGAAAA"
"chr1","56150749","56151038","KN295923v1","621393","621694","56","55529356","GGCCAGGCACAGTGGCTCATGCCTGTAATCCCAGCACTTCGGGAGGCAGAGGCAGGTGGATCACCTGAGGTCAGGAGTTCGAGACCAACATGACAAAACCCTATCTCTACTAAAAATGCAAAAAAAAAAAAAATAGCAGGGCACTGTGGCGCACCTGTAATCCCAGCTATTCAGGAAGCTGAGGCAGGAGAATTGCTTGAACTGGAGAGGAGGAGGTTGCAGTGAGCTGAGATCACGCCACTGCACGCCAGCCTGTGACAAAAGAGCAAAACTGCCTCCAAAAAAAAAAA","GGCCGGGCACCATGGCTCACGCCTGTAATCCCAGCACTCTGGGAGGCTGAGGTAGGCGGATCACCTGAGGTCAGGAGTTTGAGACCAGCCTGGCCAACATGGTGAAACTCCATCTCTACTAAAAATACAAAAAAAAAATTAGCTGGGCATAGTGGCGCATGCCTGTAATCCCAGCTACTTGGGAGGCTGAGGCAGGAGAATCGCTTGAACCAGGAAGGTAGAGGTTGCAGTGAGCTGAGATAGCGCCACTGCACTCCAGCTTGGGCAAAAAGAGCAAAACTCCATCTCAAAGAAAAAAAAAA"
"chr1","56201645","56201955","KN294407v1","3307409","3307704","46","52894236","GGCTGGGCGCAGTAGTTCACGCCTGTAATCCCAGCACTTTGGGAGGCCGAGGTGGGTGGATCACCTGAGGTCAGGAGTTCAAGTCTGGCCAACATGGTGAAACCCCGTCTTTACTAAAAATACAAAATTAGCTGGGTGTGGTGGTGCACACCTGTACCCCCAGCTACCTGGGAGGCTGAGGCAGGAGAATTGATTGAACCCAGGAGATGGAGGTTGCAGGGAGCCAAGATCACATCACTGCACTCCCTCCAGCCTGGGCAACAAGAGAGAAACTCCATCTAAAAAAAAAACCAAAACCAAAAACCAAAAAA","GGTTGGATGCAGTGGCTCATGCCTGTAATCCCAGCACTTTGGGAGGCTGAGGTGGGGGGAATCACCTGAGGTCAGGAGTTCGAGCCTGGCCAACATGGTGAAACACCATCTCTACTAAAAATACAAAATTAGCTGGGTGTGGTGATGCACGCTTGTACCCCCAGCTGCTTGGGAGGGGCAAGAAAATCGCTTGAATCCAGGAGATGGAGGTTGCAGTGAGCCAAGATCACACCACTGCACTCCAGCCTGGGCAAGAAGAGAGAAACTCTGTCTGAAAAAAAAAAAAAAAAAAAAAA"
"chr1","56358506","56358800","KN294439v1","300738","301034","34","56057768","GCCAGGCACTGTGGCTCATGCCTGTAATCCCAGCACTTTGGGAGGCCAACGTGGGTGGATCACTTGAGGTCAGGAGTTTGACACCAGCCTGACCAACATGGTGAAACCCCCTCTCTACTAAAAATACAAAAAATGAGCCAGGCATGGTGGCAGGTGCCTATAATCCCAGCTTCTTGAGAGGCTGAGGCAGGAGAATGGCTAGAACCTGGGAGACGAAGGTTGCAGTGAGCCAAGATCAGACCACTGCACTCCAGCCTGGGCAACAAGGGTGAAACTCTGTCTCAAAAAAAAAAAA","GGCCGGGTGCGGTGACTCACGCCTGTAATCCCAGCACTTTGGGAGGCCAAAGCGGGTGGATCACCTGAGGTCAGGAGTTTGTGACCAGCCTGGCCAACATGGTGAAACCCCGTCTCTACTAAAAATACAAAAAATTAGCCAGGCATGGTGGCAGGCGCCTGTAATCCCAGCTACTCGGGCAGCTGAGGCAGCAGAATCGCTTGAACCCGGGAGGTGGAGGTTGCAGTGAGCCAAGATCACGCCACTGCACTCCAGCCTGGGCAACAAGAGCGAAACTCTGTCTCAAAAAAAAAAAAA"
"chr1","57367905","57368212","KN295294v1","849337","849645","37","56518568","GGCCAGGCGCAGTGGCTCACGCCTGTAATCCCAGCACTTTGGGAGGCCGAGGCGGGTGGATCACCCGAGGTCTAGAGTTCGAGACCAGCCTGACCAACATGGTGAAATCCCATCTCTACTAGAAATACAAATTAGCCGGGTGTGTTCGTGGGCACTTGTAATCCCAGCTACTCGGGAGGCTGAGGCAGGAGAATCTCTTGAACCCAGGGGACGGAGGTTGCAGTGAGCCAAGATCACACCACTGCACTCCAGCCTGGGCAACAAGAGCAAAACTCCATCTCAAAACAGAAAAAAAAAAAAGATAAAAA","GGCCGGGCACTGTGGCTCACGCCTGTAATTCCAGCACTTTGGGAGGCCAAGGCAGGTGGATCACCTGAGGTCAGGAGTTCGAGACCAGCCTGACCAACATAGTGAAACCCCATCTCTACTAAAAATACAAAAATTAGCTGGGCATGGTGGTGGGCGCCTGTAATCCCAGCTACTCCAGAGGCTGAGGCAGGAGAATTGCTTGAACCCAGGAGGCGGAGGTTGCAGTGAGCCGAGATCACGCCACTGCACTCCAGCCTGGGCAACAAGAGTGAAACTCCATCTCCAAAAAAAAAAAAAAAAAAAAGAAAA"
"chr1","58688865","58689162","KN295974v1","2070068","2070368","23","56618797","GCCGGGAGCGGTGGCTCACACCTGTAATCCCAGCACTTGGGGAGGCAGAGTGAGTGGATCACCTGAGGTCAGGAGTTCGAGACCAGCCTGACCAACATAGTGAAACCCCTGTCTCTACTGAAAATACAAAAATTAGTCAGCTGTGATGGCAGGCACCTGTAATCCCAGCTACTTGGGAGGCTGAGGCAGGGGAATCAGTTGAACCTAGGAGGTGGAGGTTGCAGTGAGCTGAGATGGTGCCACTGCACTCCAGCCTGGGCAACAAGAGTGAGATTCCGTCTCAAACAAAACAAAAAAA","GCCGGGCGCAGTGGTTCACACCTGTAATCCCAGCACTTTGGGAGGCAGAGGCGGGTGGATCACCTGAGGTCAGGAGTTTGAGGCCAGCCTGACCAACATAGTGAAACCCCCGTCTCTACTGAAAATACAAAACTTAGTCAGGTGTGATGGCAGTCACCTGTAATCCCAGCTACTTGGGAGGCTGAGGCAGGAGAATCAGTTGAACCTGGGAGGCAGAGGTTGCAGTGAGCCGAGATCGTGCCACTGCACTCCAGCCTGGGCAACAAGAGCGAGACTCCGTCTCAAACAAAACAAAGCAAAA"
"chr1","58700006","58700315","KN294747v1","1263904","1264208","38","57436102","GGCCGGGCGCGGTGGCTCACACCTGTAATCCCAGCACTTTGGGAGGCTGAGGTGGGCGCATCACCTGAGGTCAGGAGTTCGAGACCAGACTGCCCAACATGGTGAAACCCCGTCTCTACTAAAAATACAAAAAATTAGCCGGGCGTGGTGGCAGGCACCTGTAATTGCAGCTATTCAGGTGGCTGAAGCTGGAGAATCGCTTGAACCCGGGAAGTGGAGGTTGCAGTGAGCCGAGATCATGCCACTGTCCTCTAGCCTGGGCAACAAGAGTGAAACTCCATCTCAAAAACAAACAAACAAACAAGCAAAA","GGCCGGGCGCGGTGGCTCACGCCTGTAATCCCAACACTTTTGGAGGCCAAGGCCGGCAGATCACCTGAGGTCAGGAGTTCAAGACCAGCCTGGCCAACATGGTGAAACCCCGTTTCTACCAAAAATACAAAAATTAGCCGGGAGTGGTGGCGGGCACCTGTAATCCCACCTACTCAGGTGGCTGAGGCAGGAGAATCGCTTGAACCCGGGAGGTGGAGGCTGCAGTAAGCCGAGATCACGCCACTGTACTCCAGCCTAGGCAACAAGAGCGAAACTCCATCTCAAAAAAAGAAAAGAAAACAAAA"
"chr1","59672179","59672467","KN296311v1","5551109","5551405","57","54121070","GGCCGGGCAAGGTGGCTTATGCCTGTAATCCTAGCACTTTGGGAGTCTGAGGTGGGCGGATCACCTGAGGTCAGGAGTTCAAGACCAGCCTGGCCAACACAGTGAAACCCCATCTCTACTAAAAAATAGAAAACTTAGCTGGGTGTGGTGGCAGGCACCTATAATCCCAGCTACTCGGGAGGCTGAGGTAGGAGAATCGCTTGAACCTCGGAATCAGAGGTTGCAGTGAGCCAAGATCACGCCACTGCACTNNNNNNNNNNNNNNNNNNNNAAAAAAAAAAAAAAAAAA","GGCCGGGCATGGTGGCTTATGCCTGTAATCCCAGCACTTTGGGAGGCTGAGGTGGCTGGATCACCTGAGGTCAGGAGTTCAAGACCAGCCTGGCCAACATGGTGAAACCCTGTCTCTACTAAAAATACAAAAAATTAGTTGGACGTGGTGGCGGGCGCCTGTAATCCCAGCTACTCGGGAGGCTGAGGCAGGAGAATCACTTGAACCCAGGAGGCCGAGATTGCAGTGAGCCAAGATGGCGCCACTGCACTCCACCCTGGGCAACAAGAGCAAAACTCCATCTGAAAAAAAAAAAAA"
"chr1","60956755","60957043","KN296635v1","126740","127032","29","60830015","GAGTGCAGTGGCTCACGCCTGTAATCCCAGCACTTTGGGAGGCCAAGGCAGGTGGATCACCTGAGGTCAGGAGTTCGAGACCAGCCTGGCCAACATGGTGAAACCCCGTTTCTACTAAAAATACAAAAATGAGCCGGCCGTGGTGGCAGGCGCCTGTAGTCCCAGCTACTTGGGAGGCTGAGGCAGGAAAATCACTTGAACCCAGAAAGTGGAGGTTGCAGTGAACCGGGATCATGCCACTGCACTCCAGCCTGGGCAACAAGAGCGAAACTCCATCTCAAAAAAAAAA","GGTTGGGTACAGTGGCTCACGCCTGTAATCCCAGCACTTTGGGAGGCCAAGGTGGGTGGATCACCTGAGGTCAGGAGTTCGAGACCAGCCTGGCCAACATGGTGAAACCCCTGTCTCTACTAAAAATACAATGAGCCAGGCGTGGTGGTGGGCACCTGTAATCCCAGCTACTCAGGAGGCTGAGGCAGGAAAATCGCTTGAACCCAGGAGGTGGAGGTTGCAGTGAGCCAGGATCATGCCACTGCACTCCAGCTTGGGCAACAAGAGCGAAACTCCATCTCAAAAAAAAAAAA"
"chr1","61169588","61169893","KN294873v1","312181","312477","43","60857407","GGCTGGGCGCAGTGGCTCACACCTGTAATCCCAGCACTTTGGGAGGCCGAGGTGGGCGGATCACCTGAGGTCAGGAGTTCAAGACCATCCTGGCAAGCATGGTGAAAACCTGTGTCTACCAAAAAATACAAAAAATATCTGGGCGTGGTGGCGGGTTCCTGTAGTCCCAGCTACTCAGGAGGGTGAGGCAGGAGAATCGCTTGAACCCAGGAGCTGGAGGTTGCAGTGAGCCAAGATCACGCCACTGCACTCTAGCCTAGACAAAATGAGTGAAACTCTGTCTCAATAAATAAATAAATAAATAAA","GGCTGGGCACAGAGGCTCACGCCTGTAATCTCAGCACTTTGGGAAGCCGAGGTGGGTGGATCACCAGAGGTTAGGAGTTCAAGACCAGCCTGGTCAATATGGTGAAACCCTGTCTCTACTAAAAATACAAAAAATTAGGCGTGGTGGTGGGTGCCTGTAATCCCAGCTACTCAGGAGGCTGAGGCAGGAGAATCACTTGAACCCAGGAGGTGGAGGTTACAGTGAGCTAAGATCACGCCACTGTACTCCAGCCTAGGCAACAAGAGCAAAACTCCACCTCAAAAAAAAAAAAAAAAA"
"chr1","61559501","61559792","KN295244v1","451775","452068","34","61107726","CTGGGTGCGGTGGCTCACGCCTGTAATCCCCACACTTTGGGAGGCTGTGGCGGGTGGATCACCTGAGGTCAGGAGTTCAAGACCTGCCTGGCCAACATGATGAAACCCTATCTCTACTAAAAATACAAAAAATTAGCTGGGCATGGTGGTGGGTGCCTATAATCCCAGCTACTCAGGAGGCTGAGACAAGAGAATTGCTTGAACCTGGGAGGTGGAGTTTGCAGTGAGCTGAGATTGTGCCACTGCACTCCAGCCTGGGCAACAAGAGTCAAATTCTTAAAAAAAAAAAAAA","GCTGGGCACGGTGGCTCACGCTTGTAATCCCAGGACTTTGGGAGGCCGAGGTGGGTGGATCACCTGAGGTCAGGAGTTCGAGAGCAGCCTGGCCAACATGGTGAAACCCCATCTCTACTAAAAATACAAAAAATTAGCTGGATGTGGTGGTGGATGCCTGTAATCCCAGCTATTCAGGTGGCTGAGACAGGAGAATCGCTTGAACCTGGGAGGCAGAGGTTGCAGTGAGCCGAGATTGTGCCACTGTACTCCAGCCTGGGCAACAAGAGTGAAACTTTTTTCAAAAAAAAAAAA"
"chr1","61859599","61859880","KN296635v1","875955","876237","28","60983644","GCCGGGCATGGTGGCCCACGCCTGTAATCCCAACACTTTGGGAGGCTGAGCAGGCGGATCACCTGAAGTCAGGAGTTCAAGGTCAGCCTGGCCAACATGGCAAAACCCTGTCTCTACCAAAAATACAAAAATTAGCCGGGCGTGGTGGTGGGCACCTGTAATCCCAACTACACAGGAGGCTGAGGCAGAGGAATTGCTTGAACCCGGGAGGCGGAGGTTGCAGTGAGCCGAGATTGTGCCACTGTACTCCAGCCTGGGCAACAAGAGCGAGAACCTGTCTCA","GCCGGGCATGGTGGTCCACACCTGTAATCCCAACACTTTGAGAGATCAAGGCAGGTGGATTGTCTGAAATCAGGAGTTCAAGGTCAGCCTGGCCAACATGGCAAAACCCTGTCTCTACCAAAAACACAACAATCAGCTGGGCGTGGTGGTGGGCACCTGTAATCCCAGCTACTCAGGAGGCTGAGGCAGGAGAATCGCTTGAACCTGGGAGGCGGAGGTTGCAGTGAGCCAAGATTGCGCCGCTGCACTCCAGCCTGGGCAACAAGAGCGAGAACCTGCCTCA"
"chr1","62578743","62579024","KN295906v1","275815","276092","37","62302928","GGCCGGGTGCGGTGGTTCACACCTGTAATCCCAGCAGTTTGGGAGGCCAAGGCGGGTGGATCACCTGAGGTCAGGAGTTCAAGACCAGCCTGGCCAACATGGTAAAACCCCGTCTCTACTAATAATACAAAAATTAGCTGGGCATGGTGGCGGGCACCTGTAATCCGGCTACTCCGAAGGCTGAGGCAGGAGAATCGCTTGAACCTGGGAGGCAGAGGATCACACCACTGCACTCCAGCCTGGGCAACAAGAGCAAAACTCTGTCTAAAAGAAAAAAAAAAA","GGCCAGGCACGGTGGCTCACACCTGAAATCCTAGCACTTTGGGAGGCCAAGGCAGGTGGATCACCTGAGATCAGGAGTTTAAGACCAGGCTGGCCAACATGGTGAAACTCCATCTCTACAAAAAATACTAAAAACTAACCGGGCATGGTAGTGGGCGCCTGTAATCCCAGCTACTCGGGAGGCTGAGGCAGGAGAATCGCTTGAACCTGGGAGGCGGAGGTCGCACCACTGCACTCCAGCCTGGGCAACAAGAGCGAAACTCTGTCTCAAAAAAAAAA"
"chr1","62665675","62665980","KN296635v1","1699891","1700194","19","60965784","GGTCAGGCGCGGTGGCTCACGCCTGTAATCCTAGCACTTTGGGAGGCTGAGGCGGGTGGATCACCTCAGGTCAGGAGTTCAAGACCAGCCTGGCCAACATGGCGAAACCCCGTCTCTACTAAAAATACAAAAAGCAGCTGGGCATGGCAGCAGGCATCTATAATTCCAGCAACTTGGGAGGCTGAGGCAGGAGAATTGCTTGAACCTGGTGGGTGGAGGTTGCAGTGAGCTGACATCTTGCCGCTTCACTCCAGCCTGGGCAAAAGAGCGAAACTCCATCTCAAAAAAGAAAGAAAGAAAAAAAAA","GGTCAGGCACGGTGGCTCACGCCTGTAATCCTAGCACTTTGGGAGGCCAAGGCGGGTGGATCACCTCAGGTCAGGAGTTCAAGACCAGCCTGGCCAACATGGCGAAACCCCATCTCTACTAAAAATACAAAAAGTAGCTGGGTATGGCAGCAGGTGTCTATAATTCCAGCTACTTGGGAGGCTGAGGTAGGAGAATCGCTTGAACCTGGGGGGTGGAGGTTGCAGTGAGCTGAGATCTTGCCACTTCACTCCAGCCTGGGCAAAAGAGCGAAACTCCATCTCAAAAAAACAAAACAAAACAAAA"
"chr1","62825342","62825627","KN294874v1","619764","620065","44","62205578","GGCCAGGTGCGGTGGCTCACGCCTGCAATCCCAGCAGTTTGGAAGGCCAAGGTGGGTGGATCACCTGAGGTCAGGAGTTCGAGACCAACATGGAGAAACCCCGTCTCTACTAAAAATACAAAAATTAGCTTGGTGTGGTGGCAGGTGCCTGTAATCCCAGCTACTTGGGAGGCTGAGGCAGGAAAATCGCTTGAACCCAGGAGGCAGAGATTGCAGTGAGCCGAGATCACGCCACTGCGCTCCAGCATGGGCAACAGAAACTCCGTCTAAAAATAAAAAATAAAAA","GGCCAGGTGCAGTGGCTCAGGCCTATAATCCCAGCACTTTGGGAGGCCGAGGTGGGTGGATCACCCGAGGTCTGGAGTTCGAGACCAGCCTGGTCAACATGGTGAAACCCCGTCTCTACTAAAAATACAAAAAATTAGCTGGGCATAATGGCACGCGCCTGTAATCCCAGCTACTTGGGAGGCTGAGGCAGGAGAATCACTTGAACCCAGGAGGCAGAGGTTGTGATGAGCCGAGATCACGCCACTGCACTCCAGCCTGGGCAACAAGATCGAAACTCCATCTCAAAAAAAAAAAAAAAAAA"
"chr1","62841079","62841381","KN297227v1","1013431","1013731","33","61827648","GGCCAGGCACAGTGGCTCATGCCTATAATCCTAGCACTTTGAGAGGCCAAGGCAGGTGGATCACCTGAGGGCAGGAGTTCGAGACCAGCCTGGCCAAAATGATGAAACCCCGTCTCTACTAAAAATACAAAAGAAATAGCCGAGTGTGATGGTGGGCGCCTGTAGTCCCAGCTACTCGGGAGGCTGAGGCAGGAGAATCACTTGATTCCAGGAGGTGGAGGTTGCAGTGAGCCAAGATCTGGCCACTGCACTCCAGCCTGGGCAACAAGAGCGAAACTCCATCTCAAAAAAAAAGAAAAGAAA","GGCCAGGCACAGTGGCTCACGCCTATAATCCCAGCACTTCGGGAGGCCAAGGCAGGTGGATCATTTGAGGTCATGAGTTGGAGACCAGCCTGGCCAACATGGTGAAACCCCATCTCTACTAAAAATACAAAAATTAGCCGGGCGTGGTGGTGGGTGCCTGTATTTCCAGCTACTTGGGAGGCTGAGGCAGGAGAATTGCTTGAACCCAGGAGGTGGAGGTTGCAGTGAGCCGAGATTGAGCCACTGCACTCCAGCCTGGGCAACAAGAGCAAAACTCCATCTAAAAAAAAAAAAAAAAAAA"
"chr1","62871075","62871357","KN296635v1","1913084","1913363","25","60957991","GGCTGGGCACGGTGGCTCACGCCTATAATCCCAACACTTTGGGAGGCCCAGGTGGGCAGATCACTTGAAGCCAGGAGTTTGAGACCAGCCTGGCCAACATGGTGAAACCCATCTCTACTAAAAATACAAAAATTAGCCCAGTGTGGTGGCATGCACCTGTAATTCCAGCTACTCGGGAGGCTGAGGCAGGAGAATCACTTGAACCCAGGAGGTGGAGGTTGCAGTAAGCTGAGATCATGCCACCGCACTCCAGCCCGGGCATCAAGAATGAAACTCCATCTCA","GGCTGGGCACGGTGGCTCACACCTGTAATCCCAACACTTTGGGAGGCCCTGGCAGGCAGATCAGTTGAGGCCAGGAGTTCAAGACCAGCCTGGCCAATATGGTGAAACCCCATCTCTACTAAAAATACAAAAATTAGCCCGGTGTGGTGGCATGCACCTGTAATCCCAGCTACACTCGGGAGGCTGAGGCAGGAGAATCACTTGAACCCAGGAGGTGGAGGTTACAGTAAGCCATGCCACTGCACTCCAGCCTGGGCAACAAGAATGAAACTCCATCTCA"
"chr1","63219137","63219435","KN296635v1","2257953","2258248","27","60961184","GGCCAGGCTCAGTGGCTCATGCCTGTAATCCCTGCGTTTTGGGAGGCCGAGACGGGTGGATCGCCTGAGGTCAGGAGTTCGAGACCAGCCTGGCCAACATGATGAAACCCTGTCTCTATTAAAAATACAAAAAATTAGCCAGGTGTAGTAGCGGGCACCTGTAATCCCAGCTACTTGGGAGGCTGAGGCAGGAGAATTGCTTGAACCCGGGAGGTGGAAGTTGCAGTGAGCCAAGATTGCACTACTGCACTCCAGCCTGGGCAACAAGAAGGAAACTCCATCTCAAAAAAAAAAAAAAA","GGCTGGGCACAGTGGCTCATGCCTGTAATGCCTGCATTTTGGGAAGCCGGGGCGGGTGGATCACCTGAGGTCAGGAGTTAGAGACCAGCCTGGCCAACATGTGAAACCCTGTCTCTATTAAAAATATAAAAAATTAGCCAGGCGTAGTAGCGGGTGCCTGTAATCCCAGCTACTCGGGAGGCTGAGGCAGGAGAATTGCTTGAACCCGGGAGGCAGAGGTTGCAGTGAGCCAAAATTGCACCACTGAACTCCAGCCTGGGCAATAAGAGGAAAACTCCATCTCAAAAAAAAAAAAA"
"chr1","63666327","63666629","KN295470v1","49643","49945","37","63616684","GCTGGGCATGGTGGCTCACGCTTGTAATCCCAGCACTCTGGGAGGCCAAGGTAGGCAAATCACCTGAGGTCAGGAGTTCGAGACCAGTCTGGCCAACATGGTGAAACCCTGTCTCTACTAAAAATACAAAAATTAGCCAGGCTTGGTTGGGGGTGCCTGTAATTCCAGATACTCGGGAAGCTGAGACAGGAGAATCGCTTGAACCCAGGAGGGGGAAGTTGCAGTGAGCTGAGATCACGACACTGCACTCCAGCCTGGGCAACAAAGAGCAAAACTCCGTCTCAAAAATAAATAAATAAAAAA","GACTGGGCACGGTGGCTCATGCCTGTAATCCCAGCACTCTGGGAGGCTGAGGCAGGTGGATTACCTGAGGTCAGGAGTTCGAGACCAGCCTGGCCAACATGGTGAAACCCTGTCTCTACAAAAAATACAAAAATTAGCTGGGCATGGTGGTGGGCGCCTGTAATCCCAGCTGCTCGGGAGGCTGAGACCAGAGAATGACTTGAACCCGGGAGGTGGAGGTTGCAGTGAGCTGAGATCACACCACTGCACTCCAGTCTGGGCAACAAAGAGCAAAACTCCATCTCAAAAAAAAAAAAAAAAAAA"
"chr1","63822158","63822448","KN294705v1","2200725","2201020","42","61621433","GGCTGGGCATGGTGGCTCACACCTGTAATCCCAGCACTTTGGGATGCTGAGGCAAGCAGGAGTTTGAGGTCAGGAGTTTGAGACCAGCCTGGCCAACATGGCAAAACTAGTCTCTACTAAAAACACAAAAATTAGCTGGGCATGGTGGTGGGCACCTGTAATCCCAGCTACTCGGGAGGCTGAGGCTGGAGAATCACCTGAACCCGGGAGGGAGAGGTTGCAGTGAGCTGAGATCGTGCCACTTTACTCCAGCCTGGGCAACAAAAGTGAAACTCCATCTGAAAAAAAAAA","GGCCAGGCATGGTGGCTCATGCCTGTAATCCCAGCACTTTAGGAGGCAGAGGTAGGTGCATCACCTGAGGTGAGGAGTTTGAGACCAGCCTGGCCAACATGGCAAAACCCTGTCTCTACTAAAAATACAAAAATTAGCTGGGCATGGTGGTGGGCGCCTGTAATCCCAGCTACTCAGGAGGCTGAGGCGGGAGAATCACTTGAACCCAGGAGGTGGAGATTGCAATGAGCCAAGATCGTGCCACTGCACTCCAGCCTGGGCGACAAGAGCAAAACTCCATCTCAAAAACTAAAAAA"
"chr1","63825114","63825428","KN294372v1","1186525","1186831","47","62638589","GGCTGGGTGCAGTAGCTCTAGCCTATAGTCCCAGCACTTTGGGAGGCCAAGGTGGGTAGATCATTGAGGTCAGGAGTTCGAGACCAGCCTCGCCAACGTGGTGACACCCTGTCTCTACTAAAAATACAAATAGAATTTAACCAGGCATGGTGGCGGATGCCTGTAATCCCAGCTACTCGGGAGCCTGAGGCAGGAGAATCACTTGAACCCAGGAGGCGGAGGTTGTAGTGAGCCGAGATCACGTCACTGCATTCCAGCCTGGGCAGCAAGAGCGAAACTCCATCTCAGAAAAAACAAAACAAAACAAAACAAAAA","GGCTGGGCACAGTGGCTCACGCCTGTAATCCCAGCACTTTGGGAGGCCAAGACCCGTGGATCACCTGAGGTCAGGGGTTTGAGACCAGCCTGGCCAACGTGGAGAAACCCTGTCTCTACTAATAATACAAAAAATTAGCCAGGCATGGTGGCGGGTCCCTGTAATCCCACTACTAGGGAGGCTGAGGCAGGAGAATCGCTTGAACCCCGGAGGCAGAGGTTTAGATGAGCCGAGATCACACCACTGCACTCCAGCCTGGGCAACAAGAGCAAAACTCCATCTCAAAAAAAACAAAAAAAGAAAGAAA"
"chr1","64111936","64112241","KN296907v1","96512","96823","39","64015424","CCAGGCACGGTGGCTCACACCTGTAATCCCAACACTTTGGGAGGCTGAGGCGGGTGGATCACCTGAGGTCAGGAGTTCGAGACCAGCCTAGCCAACATGGCAAAACCCCGTCTCTACTAAAAATACAAAAAATAGCCGGGTGTGGTGGGGAGCACTTGTAATCCCAGCTACTCAGGAGGATGAAGCAAGAGAATCGCTTGAACTCGGGAGGTGGAAGTTGAAGTGAGCCGAGATCGCGCCACTGCACTCCAGCCTGGGCAATAAGAGTGAAACTCAGTCTCAAATAAATAAATAAATAAAATAAAA","CAGGCACGGTGGCTCACACCTGTAATCCCAACACTTTGGGAGGCTGAGGCAGGTGGATCACCTGAGGTCAGGAGTTCGAGACCAGCCTGGCAACATGGCGAAACCCTGTCTCTACTAAAAATACAAAAAAATTAGCAGGGTGTGGTGGCAGGCACCTGTCATCCCAGCTACTTGGGAGGCTGAGGCAGGAGAATCACTTGAACCCTGGGGAGTGGAGGTTGCAGTGAGCTGAGGTTGTGCCACTGTACTCCAGCCTGGGCAACAAGAGCAAAACTCAGTCTCAAAATAAATAAATAAATAAATAAAATAAAA"
"chr1","64132714","64133005","KN294536v1","345039","345332","35","63787675","GCCCAGTGTGGTGGCTCATGCCTGTAATCTCAGCACTTTGGGAGGCCAAGGCATGTGGATCATGAAGTCAGGAGATTGAGACCAGCCTGGCCAACATGGTGAAACCCCATCTCTACTAAAAATACAAAAATTAGCCGGGCATGGTGGTGGGTGCTGTAATCCCAGCTACTTGAGAGGCTGAGGCAGGAGAATTGCTTGAACCTGGGAGGCGGAGGTTGCGGTGAGCTGAAACCATGCCACTGCACTCCAGCCTGGGCAACAAGAGCAAAACTCTGTCTAAAAAAGAGAAAAA","GGCCGGTCATGGTGGCTCACGCCTATAATCCCAGCACTTTGGGAGGCCGAGGTAGGTGGGTCTCCTGAGGTCAGGAGTTCACGACCAGCCTGGCCAATATAGTGAAACCCCATCTCTACTAAAAATAGAAAAATTAGCCGGGCATGGTGGTGGGTACCTGTAATCCCAGCTACTTGGGAGGCTGAGGCAGGAGAATTGTTTGAACCTGGGATGCGGAGGTTGCAGTGAGCCAAGACCATGCCACTGCACTCCAGCCTGGACAACAAGAGCAAAACTCTGTCTCAAAAAATAAAA"
"chr1","65407673","65407957","KN294592v1","1407123","1407409","47","64000550","GGCGAGGCGCGATGGCTCACGCCTGTAATCCCAACACTTTGGGAGGCCAAGGTGGGTGGATCACCTGAGGTCAGGAGTTTGAGACCAGCCTGGCCAACATGGTAAAACCCCATCCCTACTAAAAAAAAAATTAGCTGGGCATGGTGGTGAATGCCTGTAGTCCCAGTTACTTGGGAGGCTGAGGTGAGAGAATCACTTGATCCCAGGAGGCAGAGGTTGCAGTGAGCTGAAAGCACACCACCGCACTCCAGCCTGGACAATGGGAGTGAAACCCTGCCTCAAAAA","GGCTGGGCACAGGGGCTTGCCTGTAATCCCAACACTTTGGGAGGCTGAGGTGGGTGGATCACCTCAGGTCAGGAGTTTGAGAACAGACTGGCCAACATGGTGAAACCCCGTCTCTACCAAAAATACAAAATTTAGCCAGGCATGGTGGCGGGCGCCTGTAGTCCCAGCTACTCGGGAGGCTGAGGCAGGAGAACAGCTTGAACCCAGGAGGCGGAGGTTGCAGTGAGCCGAGATCACACCACTGCACTCCAGCCTGGGCAACAAGAGTGAAACCCCGTCTCAAAAAA"
"chr1","66178357","66178675","KN296635v1","5187200","5187519","32","60991157","GGCCGGGCACGGTGGCTCACGCCTGTAATCCCAGCACTTTGGGAGGCCAAGGTGGGTGGATCACCTGAGTTCAGGAGTTCTAGACCAGCCTGGCCAACATGGTAAAACCCTGTCTCTAGCAAAAATACAAAAAATTAGGCAGGCATGTTTGCAGATGCCTATAATCCCAGCTACTACTTGGGAAGCTGAGGGAGGAGAATCACTTGAATCCAGGAGGCGGAGGTTGCAGTGAGCAGAGATCTCACCACTGCACTCCAGCCTGGGCAAGAAGAGCAAAACTCTGTCTCAAAACAAAACAAAAAAATCTGGAAAAGAAAAA","GGCCAGGTGCAGTGGCTCATGCCTGTAATCTCAGCACTTTGGAAGGCTGAGGTGGGTGGATCACCTGAGTTCAGGAGTTCTAGACCAGTGTGGCCAACATGGTGAAATCCCGTCTCTACTAAAAATACAAAAAATTAGCCAGGCGTGTTGGCAGATGCCTGTAATCCCAGCTACTACTTGGAAGGCTGAGGCAGGAGAATCACTTGAACCGGGGAGGCGGAGGTTGCAGTGAGCCGAGATCTCGCCACTGCACTCCAGCCTGAGCAAAAAAAGCAAAACTCTGTCTCAAAACAAAACAAAACAAATCTGGAAAAGAAAAA"
"chr1","66224778","66225073","KN296635v1","5238302","5238600","24","60986476","CTGGGCACGGTGGCTCACACCTGTAATCCCAGCACTTTGGGAGGCCAAGGTGAGTGGATCCCCTGAGGTCAGGAGTTTGAGACAAGCCTGGCCAACATGGTGAAACCCCGTCTCTACTAAAAATACAAAAAATTAGCCGGGCGTGGTGGTGGGTGCCTGCAATCCCAGCTACTTGGGAGGCTGAGGCAGGAGAATTGCTTAAACCCAGGAGGCAGAGGTTGCAGTGAGCCGAGATCGTACCACTACACTCCAGCCTGGGCAACAAGAGCAAAACTCCCTCTCAAAAAAAAAAAAAA","CTGGGCACAGTGGCTCATGCCTGTAATCCCAGGGCTTTGGGAGGCCGAGGTGAGTGGATTCCCTGAGGTCAAGAGTTTGAGACAAGCCTGGCCAACATGGTGAAACCCCATCTCTACTAAAAATACAAAAAATTAGCCAGGCATGATGGCAGGTGCCTGTAATCCCAGCTACTCGGGAGGCTGAGGCAGGAGAATTGCTTGAACCCAGGAGGCAGAGGTTGCAGTGAGCCAAGATCGCACCACTACACTCCAGCCTGGGCAACAAGAGCAAAACTCTGTCTCAAAAAAAAAAAAAAAAA"
"chr1","66238992","66239294","KN297184v1","790654","790958","33","65448338","GGCCGGGCATGGTGGCTCACACCTGTAATCCTAACACTTTGGGAGGTCAAGGTGGGTGGATCACCTGAGGTCAGGAGTTCAAGACCAGCCTGGCCAACATGGTGAAACCCCGTCTCTACTAAAAATACAAAAATTAGCCAGGCACGGTGGTGGGTGCCTGTAATCCCAGCTACTTGGGAGGCTGAGACAGGAGAATTGCTTGAACCTGGGAGGCAGAGGTTGCAGTGAGCTGAGATTATGCCACTGCATTCCAGCCTGGGCAAAAGAGCAAAACTCTGACTACAAAAAAAAAAAAAAAAAAAA","GCCGGGCATGGTGGCTCATGCCTGTAATCCTAGCACTTTGGGAGGCCGAGGCGGGTGGCTTACCTGAGGTCAGGAGTTCAAGACCAGCCTGGTCAACATGGTGAAACCCCGTCTCTACTAAAAATAAAAAAATTAGTCAGGCATGGTGGAGCGTGCCTGTAATCCCAGCTATTCGGGAGGCTGAGGCAACAGAATTGCTTGAACCTGGGAGGCGGTGGTTGCAGTGAGCCAAGATTGTGCCACTGCACTCCAGCCTGGGCAATAAGAGTGAAACTCTGCCTCAAAAAAAAAAAAAAAAAAAAAAA"
"chr1","66434997","66435295","KN296635v1","5463227","5463530","32","60971770","CCAGGCACGGTGGCTCATGCCTGTAATCCCAGCACTTTGGGAGGCCGAGGTAGGCGGATCACCTGAGGTCAAGAGTTTGAGACCAGCCTGGCCAACATGCTGAAACCCCGTCTCTACTAAAAACACAAAAGAATTAGCCGGGCATGGTGGTGTGTGCTTGTAATCCCAGCCACTTGGGAGGCTGAGGCAGGAGAATTGCTTGAACCCGGGAGGTGAGTCAAGATTGCGCCACTGCACTCCACCCTGGGCAACAAGAGTGTGAAAACTCCATCTCAAAAAAAAAAGAAAAAAGAAAAAAA","CCGGGCACAGGGGCTCATGCCTGTAATCCCAGCACTTTGGGAGGCCGAGGCAGGTGGATCACCTGAGGTCAAGAGTTCAAGACCAGCCTGGCCAACATGGTGAAAGCCCGTCTCTACTAAAAACACAAAAGAATGAGCTGGGCATGATGGTGTGTGCTTGTAATCCCAGTCACTTGGGAGGCTGAGGCAGTAGAACTGCTTGAACCCGGGAGGCGAGCCGAGATTGTGCCACTGTGCTCCAGCCTGGGCAACAAGAGTGTGAAAACTCTGTCTTAAAAAAAAAAAAAAAAAAAAAAAAAAAAAA"
"chr1","66486886","66487179","KN294457v1","1018677","1018971","29","65468209","GGCCGGGTGCAGTGGCCGACACCTGTAATCCCAGCACTTTGGGAAGCTGAGGTGGGTGGATCACCTGAAGTCAGGAGTTCAAGACCAGCCTGGCCAACATGGTGAAACCCCGTCTCTACTAAAAACACAAAAAATTAGCCGGGCATGGTGGTGGACGCCTGTAATCCCAGCTACCTGGGAGGCTGAAGCAGGAGAATTGCTTGAACCTGAAGGCAGAGGTTGCATTGAGCCGAGATCGCGCCACTGCACTCCAGCCTGGGCAACAAGAGCGAAACTCCATCTTAAGAAAAAAAA","GGCCAGGTGCAGTGGCTCACGCCTGTAATCCCAGCACTTTGGGACGCTGAGGTGGGTGGATCACCTGAGGTCAGGAGTTCAAGACCAGCCTGGCCAACATGGTGAAACCCTGTCTCTACTAAAAATACAAAAATTAGCTGGCCGCGGTGGTGGGCGCCTGTGATCCCAGCTACTTGGGAGGCTGAGGCAAGAGAATCGCTTGAACCTGGGAGGCAGAGGTTGCAGTGAGCCGAGATCGTGCCACTGTACTCCAGCCTGGGCAACAAGAGTGAAACTCCATCTCAAACAAAACAAA"
"chr1","66697809","66698118","KN295090v1","2881719","2882025","34","63816090","GGCTGGGTGCAGTGGCTCATGCCTGTAATCACAGCACTTTGGGAGGCCAAGGTGGGCGGATCACCTGAGGTCAGGAGTTCGAGACCAGCCTGGCCAACATGGCAAAACCCCGTCTCTACTAAAAGTACAAAAATTAACCGGGTGTGGTGGCAGGTGCCTGTAATCCCAGCTACTCAGGAGGCTGAGGCAGGAGAATTGCTTGAACCCGGGAAGCAGAGGTTGCAGTGAGTCGAGATCATGCCACTGCACTCCAGCCTGAGCAACAAGAGCGAAGCTCCATACTTAAAAAAAACAAAAACAAAAAACAAAA","GGCTGGGCGCTGTGGCTCACACCTGTAATCCCAGCACTTTGGGAGGCCAAGGTGGGCAGATCACCTGAGGTCAGGAGTTCAAGACCAGCCTGGACAACATGGTGAAACCCCGTCTCTACTAAAAGCACAAAAATTAGCCGGGCGTGGTGGTGGGTGCCTGTAATCCCAGCTAGTCAGGAGGCTGAGGCAGGAGAATCGCTTGAACCCAGGAGGCGGAGGTTGCAGTGAGCCGAGATCGTGCCACTGCACTCCAGCCTGGGCAATAAGAGCAAGACTCCATCTCAAAAAAAAAAAGAAAAAGAAAAGA"
"chr1","66855977","66856263","KN295667v1","595363","595651","40","66260614","GGCCAGGCATGGTGGCTCACGCCTGTAATCCTAGCACTTTGGGAGGCCAAGGCGGGTAGATCACCTGAGGTCAGGAGCTCGAGACTAGCCTGGCCAACATGGTGAAACCCCATCTCTACTAAAAATACAAAAAATTAGCTGGGTGTGGTGGCGGGCACCTGTAATCCCAGCTACTTGGGAGGCTAAGGCAAGAGAATCACTTGAACCTGGGAGGCTGAGATTGCATCACTGCCCTCCAGCCTGAGCAACAAGAGTGAAACTCTGTCTCAAAAAAAAAAAAAACAAAA","GGCTGGGCGCGGTGGCTCACGCCTGTAATCAAGCACTTTGGGAGGCCGAGGCGGGCGGATCACCTGAGGTCAGGAGTTCGAGACCAGCCTGGCCGACATGGTGAAACCCCGTCTCTACTAAAAATACAAAAAATTAGCCGGGCATGGTGGTGGGTACCTGTAATCCCAGCTACTGGGGAGGCTGAGGCAGGAGAATCACTTGAACCTGGAAGCGGGGATCGCGCCACTGCATTCTAGCCTGGGCAACAAGAGCAGAACTCTGTCTCAAAAAAATAAAAAAAAAAAGAAA"
"chr1","67255348","67255660","KN296295v1","278782","279092","36","66976566","GGCCAGGCATGGTGGCTCACATCTGTAATCCCAGCACTTTGGGAGGCTGAGGCAGACAGATCCCCTGAGGTCAGGAGTTCAAGACGAGCCTGGCCAACGCGGTGAAACCCCATCTCTACTAAAAATATAAAAATTAGCCAGGCGTGGTGGCAGGCACCTGTAATACCCAGCTACTTGGGAGGCTGAGGCAAGAGAATCACTTGAATCCAGGAAGCAGAGGTTGCAGTGAGCCGAGATCTCACCACTGTACTCCAGCCTGGGCAACAGGAGGAAAACTCTGTCTCAAAAAAAAAAAAGAAGAAAAAAAGAAAAA","GGCCGGGCATGGTGGCTCACACTTATAATCCCAGCACTTTGGGAGGCCGAGGCAGACAGATCACCCGAGGTCAGGAGTTCAAGACCAGCCTGGTCAAAACGGTGAAACCCTGTCACTACTAAAAATACAAAAATTAGCCGGGCATGGTGGCAGGTGCCTGTAATCCCAGCTACTTGGGTGGCTGAGGCAAGAGAACCACCTGAACCCAGGAAGCAGAGGTTGCAGTGAGCTGAGATCTCGCTACTGCACTCCAACCTGGGCACCAGGAGGAAAACTCTGTCTCCAAAAAAAAAAAAAAAGGAAAGATAAAA"
"chr1","68026642","68026942","KN296315v1","1326220","1326518","44","66700422","GGTGGCTCATGCCTGTAATCCCAGCATGTTGGGAGGCCTAGGCAGGTGGATCACCTGAGGTCAGGAGTTCGAGATCAGTCTGGCTAACATGGTGACACCCCGTCTCTATTAAAAATACAAAAAATTAGCCAGGTGTAGTGGGGGGGGCGCCTGTAATCCCAGCTACTCGGGAGGCTGAGGCAGGAGAATTGCTTGAACCTGGGAGGTGGAGGTTGCAGTGAGCCAAGATGGCACCACTGCACTCCAGCCTGGGCAACAGGAGTGAAACTTGTCTCAAAAAAGAAAGAAAGAAAGAAAGAAA","GGTGGCTCACGCCTGTAATCCCAGCACTTTGGGAACCTGAAGCAGGTGGATCACCTGAGGTCAGGAGTTCGATACCAGCCTGGCCAACGTGGTGAAACCCTGTCTCTACTAAAAATACAAAAAATAGCTGGGCGTGGTGGCAGGCGCCTGTAATCCCAGTTACTCGGGAGGCTGACGCAGGAGAATCACTTGAACCCGGAAGGTGGAGGTTGCAGTGAGCCAAGATCACACCACTGCACTCCAGCCTGAGCGACGAGAGTGAAACTCCGTCTAAAAAAAAAAAAAAAAAGAAAAGAAAA"
"chr1","68272414","68272691","KN297095v1","1167761","1168047","45","67104653","GGTGGCTCACACCTATAATCCCAACACTTTGGGAGGCCAAGGCAGGTGGATCACCTGAGGTCAGGGAGTTCAAGAACAGCCTGGCCAACATGCTGAAACCCCATTTCTACTTAAAATACAAAAAATTAGCCAGGCTTGGTGGTGGGCACCTGTAATTCCAGCTACTCAGGAGGCTGAGGCAGGAGGATCACTTGAACCCAGAAGACGGAGGTTGCAGTGAGCCCAAATTGCGCCACTGCCCTCCAGCCTGGGCAACAAGAGCAAAACCCTGTCTCAAA","GGTGGCTCACGCCTGTAATCCCAGCACTTTGGGAGGCCAAGGCGGGTAGATCACCTGAGGTCAGGAGTTCAAGACCAGCCTGACCAACATGGTGAAACCCTGTCTCTACTAAAAATACAAAAAATTACCCAGGTGTGGTTGAGGACGCCTGTAATCCCAGCTACTCGGGAGGCTGAGGCAGGTAAATCGCTTGAACCCAGGAAGCGGAGGTTGCAGTGAGCCGAGATTGCGCCACTGCACTCCAGCCTGGGCGACAAGGGCAAAACTCCGTCTCAACAAACAAACAA"
"chr1","68386534","68386843","KN295077v1","564405","564717","40","67822129","GGCCAGGCGTGGTGGCTCATGCTTGTAATCCCAGCACTTTGGTAGGCTGAGGTAGGTGGATCACCTGAGGTCAGGAGTTCGAGTCCAGCCTGGCCAATATGCTGAAACCCTGTCTCTACTAAAATTACAAAAATTAGCCGGCCATGGTGGCAGGTGCTTGTCATCCCAGCTACTTGGGAGGCTGAGGCAGGAGAATCACTTGAACCAGGAAGGCAGAGGTTGCACTCAGCTGAGATTGTGCCACTGCACTCCAGCCTGGGCAACAAGAGCAAAACTCTGTCTAGGAAAAAAAAAAAAAAAAAAAAAAGAA","GGCCAGGTGCCGTGGCTCACGCCTGTAATCCCAGCACTTTGGGAGGCTGAGGTGGATGGATCACCTGAGGTCAGGAGTTCAAGACCAGCCTGGCCAACATGGTGAAACCCTGTCTCTACTAAAAATACAAAAATTAGCCGAGTGTGGTGGCGGGCGTCTGTAATCCCAGCTACTTAGGAGGCTGAGGCAGGAGAATCACTTGAACCCAGGAGGCGGAGGCTGCAGTGAGCCAAGATTGTGCCACTGCATTCCAGCCTGGACAACAAGAGCAAAACTCTGTCTCAAAAAAAAAAAGAAAAAGACAAAAAAAAAA"
"chr1","68467331","68467634","KN295596v1","3145346","3145648","40","65321985","GGCCGGGTGCGGTGGCTCACGCCTGTAATCCTAGCACTTTGGGAAGCTGAGGCAGGCGGATCACTTGAGTCCAGGAGTTCAAGACCAGCCTGGCCAACATGGCGAAACCCCATCTCTAATAAAAATACAAAAAATTAGCTGGGAATGGTGGCAGGTGCCTATAATCCCAGCTACTCGGGAGGCTGAGGCAGGAGAATTGCTTGAACACGGGGGACGGAGGTTGCAGTGAGCTGAGATTATGCCACTTCACTCCAGCATGAGCAAAAGAGCAAAACTCCATCTAAAAAACAAAGAAAGAAAGAAA","GACCGGGCACGGTGGCTCACGCCTGTAATCCTAGTACTTTGGGAGGCTGAGGCAGGTGAATCACCTGAGGTCAGGAGTTCAAGACCAGCTTGGCCAACATGGTGAAACCCAATCTCTACTAAAAATACAAAAATTAGCCGGGCGTGGTAGCAGGTACCTATAATCCCAGCTCCTTGGGAGGCTGAGTAGGAGAATCGCTTGAACCCGGTAGGTGGAGGTAGCAGTGAGCTGAGATTGTGCCACTACACTCCAGCCTGGGCAAAAGAGCAAAACTCCATCTCAAAAAAAAAAAAAAAAAAAAAA"
"chr1","68580777","68581068","KN295706v1","150980","151270","34","68429797","GGCTGGGCACGGTGGCTCACGCCTGTAATCCCAGCACTTTGGGAGGTCAAGGCAGGCAGATCACCTGAGGTCAGGAGTTTGAGACCAGCTTGGCCAACCTGGTGAAACCCTGTCTCTACTAAAAATACAAAAATTAGCTGGGGATGGTGGTGTGGGCCTGTAATCCCAGCTACTTTGGAGGCTGAGGCAGGAGAATCGCCTGAAGCCAGGAGACACATGTTGCAGTGAGCCAAGATTGTGCCACTGCACTCCAGCCTGGGCAACAAGAGTGAAACTCCATCTCAAAAAAAAA","GGCTGGGCACGGTGGCTCACGCCTGTAATCCCAGCACTTTGTGAGGCCATGGCAGGTGGATCACCTGAGGTCAGGAGTTCAAGACCAGCCTGGCCAACATGGTGAAATCCCATCTCTACTAAAAATACAAAAATTAGCTGGGCGAGGTGGCGGGCGCCTATAATCCCAGCTCCTCAGGAGGCTGAGGCAGGAGAATCACTTGAACCCGGGAGGCAGAGGTTGCAGTGAGCCGAGATTGTGCCACTGCACTCCAGCCTGGGCGACAAGAGCAAAACTCCGTCTCAAAAAAAA"
"chr1","68715243","68715551","KN294446v1","911552","911862","55","67803691","GGCCGGGCATGGTGGCTCACACCCAGCACTTTGGGAGGCCGAGGCAGGTGGATCACGTGAGGTCAGGAGTTCAAGACCAGCCCTGCCAACATGGTGAAACTCTGTCTCCACTAAAAACACAAAAATTAGCTGGGCACCTTGGCAGGCACGTGTAATCCCAGCTACTTGGGAGGCTGAGGCAGGAGAAGTGCTTGAACCTGGGGGTGGAGGTTGCAGTGATGCAGTGAGCCAGGATAGCACCACTGCACTCCAGCCTGGGCAAGAGTGAAATTCTGTCTCAAACAAAAACAAACGAAAAGAAACCAAAAA","GGCCGGACACAGTAGCTCATGCCTGTAATCCCAGCACTTTGGGAGGCCGAGGCAGGCGGATCACCTGAGGTCAGGGGTTCAAGACCAACCTGGTCAACATGGTGAAACCCTGTCTCTACTAAAAATACAAAAATCAGCTGGGCATGGAGGCAGGCACCTGTAATCCCAGCTACTTGGGAGGCTGAGGCAGGAGAATCGCTTGTACCTGGGAGGCGGAGGTTGCAGTGAGCCAAGATAGCACCACTGCACTCCAGCCTGGGGACAAGAGAGAGATTTTGTCTCAAAACAAAAACAAGAACAAAAAAAGAAAA"
"chr1","68836921","68837215","KN296063v1","1001562","1001853","40","67835359","GGCCAGGTTCGGTAGCTGACACCTGTAATCCCAGCACTTTTTGAAAGGCCAAGGCAGGTGGATCACCTGAGGTCGGGAGTTCGTGACCAGCCTGGCCAACATGGTGAAACCCCATTTCTACGAAAAATACAAAAAATTAGTCAAGCGTGGTGGCGGACACCTGTAATCCCAGCTACTCAGGAGGCTGAGGTAGGAGAATCACTTGAACCTGGGAGGTGGAGGTTGCAGTGAGCCAAGATTGCACCACTGCACTCCAGTCCAGGCAACAAGAGTGAAACTCTGTCTCAAAAAAAAA","GGCCAGGTGCAGTAGCTCACGCCTGTAATCCCAGCACTTTGGGAGGCCGAGGCAGGTGGATTACCTGAGGTCAGGAGTTCAAGACCAGCCTGGCCAACATGGTGAAACCCCGTCTCTACTAAAAATACAAACATTAGCCAGGCATGGTGGTGGGCGCCTGTAATCCCAGCTACTCGAGAGGTTGAGGCAGGAGAATCACTTGAACCCGGGAGAAGGAGGCTGCAGTGAACCGAGATTGCACCACTGCACTCCAGCCTGGCAACAAGAGCAAAACTCCGTCTCAAAAAAGAAA"
"chr1","68908267","68908437","KN297274v1","1583264","1583437","21","67325003","GGCCAGGCGTGGTGGCTCATGCCTGTAATCCCAGCACTTTGGGAGGCCAAGGCAGGCGGATCACCAGAGGTCAGGAGTTCGAGACCAGCCTGGTCAGCGTGGTAAAACCCTCTCTCTACTAAAAATACAAAAATTAGCCAGGCTTGGTGGCAGGTGCCTGACTCCATCTAC","GGCCAGGCGCGGTGGCTCACGCCTGTAATCCCAGCACTTTGGGAGGCCGAGGCAGGCTGATCACCTGAGGTCAGGAGTTCAATACCAGCCTGGTCAATGTGGAGAAACCCCGTCTCTACTAAAAGTACAAAAATTAGCCAGGCTTGGTGGCGGGTGCCTATAATCCTAGCTACT"
"chr1","69385958","69386231","KN295260v1","1828605","1828891","65","67557353","GTAATCCCAGCACTTTGGGAGGCCAAGGTGGGTGGATCACCTGAGATCAGGAGTTCAAGAGCAGCCTGGCCAACATGGTAAAACCCCCATCTCCACTAAAAATACAAAAAAAAAAAAAAAAAATTTGCTGGGCATGGTGGTGGGTGCCTGTAATCCCAGCTACGTGGGAGGCTGAGGCAGGAGAATCACTTGAACCTGGAGATTGTGCCACTGCACTCCAGCCTGGGCAACAAGAGCGAAACTCTGTCTCAAAAAAAAAGAAAAGAAAAAGAAA","CTGTAATCCCAGCACTTTGGGAGGCCAAAGTGGGTGGATCACCTGAGGTCAGGAGTTCAAGACCAGCCTGGCCAACATGGTAAAACCTCATCTCTACTAAAAATACAAAAATTAGCCAGGCATGGTGGTGCGCACCTGTAATCCCAGCTACTCAGGAGGCTGAGGCAGGAGAATTGCTTGAACTTGGGAGGCAGAGGTTGCAGTGAGCCAAGATGACACCACTCCACTCCAGCCTAGACAACAAGAGCGAAACTCTGCCTCGAAAAAAAGAAAAAAAGAAAAGAAAA"
"chr1","70993469","70993781","KN294181v1","1655832","1656144","41","69337637","GGCCAGGCACGGTGGCTCACACCTGCAATCCCAGCACTTTGGGATGCCGAGGATGGCAGATCACCTGAAGTCAAGAGATCAAGACCAGCCTGGCCAACATGATGAAACCCCATCTCTCCTAAAAATACAAAAAATTAGCCAGGCATGATGGCGGTGCCTGCAATGCCAGCTACTCAGGAGGCTGAGGCAGGAGAATCGCTTGAACCCGGGAGGTGGAGGCTGCAGTGAGCTGAAATTGCGCCACTGCATTCCAGCCTGGGCAACAAGAGTGAAACTCCGTCTCTAAATAAATAAATAAGAAAAAAGAAAGAAA","GGCCAGGTGCGGTGGCTCACACCTGTAATCCCAGCACTTTGGGATTCCGAGGCGGGCAGATCACCTGAGGTCAGGAGTTCGAGACCAGCCTGGCCAACATGATGAAACCCCATCTCTACTAAAAATACAAAAATTAGCTGGGCATGCTGGCAGGCGCCTGTAATCCTAGCTACTTGGGAGGCTGAGGCAGGAGAATCACTTGAACCTGGGAGGCAGAGGTTGCAGTGAGCTGAGATCATGCCACTGCACTCCAGCCTGGGCAACAGGAATGAAACTCCATCTCAAAAAAAAAAAAAAAAAAAAAGAAAGAAAA"
"chr1","71374230","71374523","KN295244v1","318312","318607","37","71055918","GGCTGGGCACGGTGGCTCACACCTATAATCTCAGCACTTTAGGAGGCTGAGGCAGGTGGATTACTTGAGGTCAGGAGTTCAAGACCAGCTTGGCCAACATGGTGAAACTCCGCCTCTACTAAAAACACAAAAAATTAGCCAGGCATGGTGGCAGGCACCTGTAATCCCAGCTACTCGGGAGGCTGAGGCAAGAGAATTGCTTGAGCCTGGGAGGCGGAGGTTGTAGTGAACTGAGATCACGCCACTGCACTCCAGCCTGGGCAACAAGAGCAAAACTCTGTCTCAAAAAAAAAA","GGCTGGGCACGGTGGCTCATGCCTGTAATCCCAACACTTTGGGAGGCCAAGGTGGGTGGATCACCTGAGTTCAGGAGTTCGAGACCAGCCTGGCCAACATGGTGAAACCCTGTCTCTATTAAAAATACAAAAATTAGCCAAGCATGGTGGCAGGCGCCTGTAATCCCAGCTACTCAGGAGGCTGAGGTAGGAGAATTGCTTGAACCTGGGAGGCAGAGGTTGCAGTGAGCCGAGATCATGCCTCTGCACTCCAGCCTGGGCAACAAGAGCAAGACTCTGTCTCAAAAAAAAAAAAA"
"chr1","71541188","71541382","KN294728v1","1036691","1036881","28","70504497","GCCGGGCATGGTGGCTCACGCCTGTAATCCCAGCACTTTGGGAGGCCGAGGCAAGTAGATTACCTGAGGTCAGGAGTTCGAGACCAGCCTGGCCAACATGGTGAAACCCCATCTCTACTAAAAATACAAAAATTAATTGGGCACTGTGGCAGGTGCCTGTAGTCCCAGCTACTCAGGAGAACCGCTTGAACTCGG","GGCTGGGCACTGTGGCTCATGCCTGTAATCCCAGCACTTTGGGAGGCCGAGGCCAGTGGATGACTTGAGGTCAGGAGTTTAAGACCAGCCTGGCCAACATGGTGAAACCCCATCTCTACTAAAAATACAAAAATTAGCTGGGCATGGTCTCAGGTGCCTGTGATCCCAGCTACTCAGGAGGCTGAGGCAGG"
"chr1","71593245","71593556","KN297444v1","360314","360617","35","71232931","GGCCGGGTGCAGTGGCTCACACCTTTAATCCCACCACTTTGGGAGGCTGAGGTGGATGGATCACCTGAGGTCAGGAGTTTGAGACCAGCCTGGCCAACATGGTGAAACCCCGTCTCTACTAAAAATACAAAAAATTAGCAGGCATGGAGGCGGGTGCCTATAATCCCAGCTACTTGGGAGGCTGAGGCAAGAGAATCGCTTGAACCCAGGAGGCGGAAGTTGCACTGAGCTGAGGTCGCGCCACTGCACTCCAGCCTGGGCAACAAGAGCAAGACTCCGTCTCAAAAAAAAAAAAGAAAAAGAAAAGAAAAA","GGCAGGGTGCGGTGGCTCACACCTGTAATCCCAGCACTATGGGAGGCTGAGGCGGGTGGATCACCTGAGGTCAGGAGTTCGAGACCAGCCTGGCCAACATGGCGAAATCGCGTCTCTACTAAAAATACAAAAAATTAGCCAGGCGTGGTGGTGGGTGCCTGTAATCCCAGCTACTTGGGAGGCTGAGGCATGAGAATCGCTTGAACCCAGGAGGCGGAGGTTGCAGTGAGCCGAGATCGCGCCACTGCACTCCAGCCTAGGCAACAAAAGCAAAACTCAGTCTCCAAAAAGAAAAAGAAAAAAA"
"chr1","71603754","71604048","KN294879v1","694535","694829","44","70909219","GACCAGGCACACTGGCTCACGCCTGTAATCGCAGCACTTTGGAAGGCTGAGGCAGACAGATCATCTAAGGTCAGGAGTTCGAGACCAGCCCGGCCAACATGGCGAAACCCCGTCTCTACTAAAAATACAAAAATTAACCGGATATGGTGGCAGGTACCTGCAATCCCAGCTACTTGGGAGGCTGAAACAGGAGAATCACTTGAACTCAGGAGGCGGAGGTTTCAGTGAGTCAAGATCACACCACTGCACTCCAACCTGGGCAACAAGAGCAAAACTCCATCTGGAAAAAAAAAAA","GGCAGGGCACAGTGTCTCATGCCTGCAATCCCAGCACTTTGGGAGGCTGAGGTGGGCAGATGACCTGAGGTCAGGAGTTCGAGACCAGCCTGGCCAACATGGTGAAACTCCATCTCTACTAAAAATACAAAAATTAGCTGGGTGTGGTGGCGGCCACCTGTAATCCCAGCTACTTGGGAGGCTGAGGCAGGAGAATCACTTGAACCCAAAAGGCGGAGGTTGCAGTGAGCCAAGATCACACCACTGCTCTCCAACCTGAGCAACAAGAGTGAGACTCTGTCTAAAAAAAAAAGAA"
"chr1","71610732","71611022","KN295260v1","1828605","1828891","44","69782127","CACCTGTAATCCCAGCACTTTGGGAGGCCAAGTGGGTGGATCATCTGAGGTCAGGAGTTCAAGACAAACCTGGCCAACATAATGAAACCCCATCTCTACTAAACATACAAAAAATTAGCCAGGTGTGGTGGTGTGGGCCTGTAATCCCAGCTACTCCAGAGGCTGAGGCAGGAGAATTGCTTGAACCCAGGAGGCGGAGGTTGCAGTGAGCCGAGATCACACCACCGCACTGTGGCCTGGGCAACAAGAGTGAAACTCCATCTAAAAAAAAACAAAAACAAAAACAAAAAA","CTGTAATCCCAGCACTTTGGGAGGCCAAAGTGGGTGGATCACCTGAGGTCAGGAGTTCAAGACCAGCCTGGCCAACATGGTAAAACCTCATCTCTACTAAAAATACAAAAATTAGCCAGGCATGGTGGTGCGCACCTGTAATCCCAGCTACTCAGGAGGCTGAGGCAGGAGAATTGCTTGAACTTGGGAGGCAGAGGTTGCAGTGAGCCAAGATGACACCACTCCACTCCAGCCTAGACAACAAGAGCGAAACTCTGCCTCGAAAAAAAGAAAAAAAGAAAAGAAAA"
"chr1","71765180","71765488","KN296435v1","2563437","2563748","36","69201743","GGCCGGGCACAGTGGCTCACACCTGTAATCCCAACACTGGGAGGCCAAGGTGGGCGGATCACCTGAGGTCAGGAGTTCAAGACCAGCCTGGCCAACATGTGAGACCCCATCTCTACCAAAAATACAAAAATTAGCTAGGCGTGGTGGCAGGTGCCTGTAACCCCAGCTACTCGGAAGGCTGAGGAAGGAGAGTCACTTGAACCCGGGAGCAGAGGTTGCAGTGAGCCGAGATCACACCACTGCACTCCAGCCTGGGCAACAAGAGGGAAACTCCATCTCAAAAAAACGAAAAAACAAACAACAAAAAAA","GGCCGGGCACAGTGGCTCACGCCTGTAATCCCAGCACTTTGGGAGGCCAAGGCAGGTGGATCACCTGAGGTCAGGAGTTCAAGACCAGCCTGGTCAACATGGCGAAACCCCATCTCTACTAAAAATACAAAAATTAGTTGGGCGTGGTGGCAGGTACCTATAATCCCAGCTACTCGGGAGGCTGAGGCAGGAGAATCGCTTGAACCTGGGAATCAGAGGTTGCAGTGAGCCGAGATCACACCGCTTCACTCCAGCCTGGGCAAAAGAGCAAAACTCCATCTCAAAAAAAAAAAAGAAAGAAAAAGAAACAAA"
"chr1","72658355","72658634","KN297105v1","2773760","2774037","39","69884595","CATGCCTGTAATCATAGCACTTTGGGAGGCTGAGGTGGGGGGATCACCTGAGGTTAGGAGTTTGAGACCAGCCTGGCCAACGTGGTGAAACCCTGTCTCTACTAAAAATACAAAAAAATTATCTGGGCGTGGTGGCGGGCACCTGTAATCCCAGCTACTCGGGAGGCTGAGGCAGGAGAATCACTTGAACCCAGGAGGCAGAGGTTGCAGTGAGCCGAGATTGTGCCACTACACTCCAGTCTGGGCAACAAGAGCAAAACTTTGACTCCAAAAAAAAAAA","GCCTGTAATCCTAGCACTTTGGGAGGCTGAGGCGGGTGGATCACCTGAGGTCAGGAGTTCGAGACCAGCCTGGCCTATATAGTGAAACCCCCGTCTCTACTAAAAATACAAAAATTAGCCAGGCGTGTTGGTGGGCGCCTATAATCTCTGCTACTCGGGAGGCTGAGGAAGGAAAATCACTTGAACCCAGGGGGCAGAGGTTGCAGTGAGCCAAGATCGTGCCACTTCACTCCAGCCTGGGCAAAAGGGCAAAACTTTGTCTCAAAACAAAAAAAGAA"
"chr1","73539156","73539461","KN295090v1","2881719","2882025","43","70657437","GGCTGGGCATGGTAGCTCACATCTGTAATCCCAAAACTTTGGGAGGCTAAGGTGGGCAGATCACCTGAGGTCAGCAGTTTAAGACCAGCCTGGCCAACATGGTAAAACCCTGTCTCTACTAAAAATACAAAAAAATTAGCCAGGCGTGGTGGTGGCTGCGTATAATCCCAGCTACTCCAGAGGCTGAGGTAGGAGAATCGCTTGAACCCAGGAAGCCGAGGTTGCAGTGAGCCGAGGTCATGTCACTGCACTCCAGCCTGGACAACAAGAGTGGAACTCTGTCTACAAAAAAAAAAAAAAAAAAAA","GGCTGGGCGCTGTGGCTCACACCTGTAATCCCAGCACTTTGGGAGGCCAAGGTGGGCAGATCACCTGAGGTCAGGAGTTCAAGACCAGCCTGGACAACATGGTGAAACCCCGTCTCTACTAAAAGCACAAAAATTAGCCGGGCGTGGTGGTGGGTGCCTGTAATCCCAGCTAGTCAGGAGGCTGAGGCAGGAGAATCGCTTGAACCCAGGAGGCGGAGGTTGCAGTGAGCCGAGATCGTGCCACTGCACTCCAGCCTGGGCAATAAGAGCAAGACTCCATCTCAAAAAAAAAAAGAAAAAGAAAAGA"
"chr1","73833422","73833728","KN295523v1","2221436","2221738","42","71611986","GGCCGGTTGTGGTGGCTCACGCCTGTAATCCCAGCACTTTGGGAAGCCAAGGCAGGCAGATCACCTGAAGTCAGGAGTTTGAAACCAGCCTGGCCAACATGGCAAAACCCTGTCTCTCCTAAATATAGAAAAATTAGCCAGGCGTGGTGGCGGGCACCTGTAATCCCAGCTACTTGGGAAGCTGAAGCAGGAGAATCGCTTGAACCCTGGACGTGGAGGTTGCAGTGAGCTGAGATCGCCCCACTGCACTCTAGCCTGGGCATGAAGAGTGAGACTCTGTCTACAAAAAAAAAAAGAAAAGATAAAA","GGCTGGATGCAGTGGCTCACGCCTGTAATCCCAGCACTTTGGGAGGCCGAGGCGGGCGGATCACCTGAGGTCAGGAGTTCAAGACCAGACTGGCCAACATGATGAAACTGTCTCTACTAAAAATACAAAAAGTAGCCAGGCATGGTGGCAGGCACCTGTAATCCCAGCTACTTGGGAGGCTGAGGCAGGAGAATCACTTGAACCCGGGAGGCGGAGGTTGCAGTGAGCTGAGATCATGCCACTGCACTCCAGCCTGGGCAAGAAGAGCAAAACTCTGTCTTAAAAAAAAAAAGAAAAAAAAAA"
"chr1","74427985","74428287","KN295261v1","349783","350088","47","74078202","GGCCAGGCGTGGTGGCTCACACCTGTGATCCCAGCACTTTGGGAGGCCAAGGCAGATGGATCACCTGGGGTCAGGAGTTCAAGCCTGGCCAACATGGTGAAACCTCATCTCTATTAAAAATACAAAAATTATCTGGGCGTGGTGGCACCTGTAATCTCAGCTTCTCAGGAGGCTGAAAGGCAGGAGAATCACTTGAACCCAGGGGATGGAATTTGCAGTGAACGGAGATCACACCACTGCACTCCAAACTGCGCCACAAGAGCAAAACTCCATCTCAAAAACAAAAACAAAAAACAAACAAAA","GGCTAGGCATGGTGGCTCACGCCTGTAATCTCAGCACTTTGGGAGGCCGAGGCAGGTAGATCACCTGAGGTCAGGAGTTCAAGACCAGCCTGGCCAACATGGTGAAACCCCATCTCTACTAAAAACACAAAAATTAGCCGGGCGTGGTGGAGCACGTCTGTAATCCCAGCTACTCAGGAGGCTGAGACAGGAGAATCTCTTGAACCCAGGAGGCGGAAGTTGCAGTGAGCTGAGCTCTCGCCACTGCACTCCAGCCTGGACAACAAGAGCAAAACTCCATCTCAAAACAAAAACAAAAACAAAAAA"
"chr1","74935612","74935922","KN295666v1","1573062","1573363","40","73362550","GGCCAGGCGCGGTGGCTCATTCCTGTAATCCCAGCACTCTGGGAGGCCAAGGCAGGCAGATCATCTGGGGTCAGGAGTTCAAGACAAGCCTGGCCAACATGGTGAAACCCCGTCTCTACTAAAAATACAAAAATTAGCCAGATGTGGTGGCACAGTGGCGTGTGCCTGTAGTCCCAGCTACTCAGGAAGCTGAGGCAGAAGAATCCCTTGAAGCTGGGAGGCAAAGGTGGCAGTGAGCCAAGATCATGCCACTGCACTCCAGCCTGGGCAACAAGAGTGAAACTCTGTCTCAAAAAAAAAAAAAAAAAAAA","GGCCGGGTGCGGTGGCTCACACCTGTAATCCCAGCACTTTGGCAGGCCGAGGCAGGCAGATCACCTGAGGTCAGGAGTTCGAGACCAGACTGGCCAACATGGTGAATCCCTGTCTCTACTAAAAGTACAAAAATTAGCCAGACATGGTGGCGGGTGCCTGCAATCCCAGCTACTCAGGAGGCTGAGGCATAAGAATCACTTGAACCCGGGAGGCAGAGGTTGCAGTGAGCCGAGATCATGCCACTGCACTCCATCCTGGGCCAAGAGTGAGACTCTGTCTCAATAAAAAAAAAAAAAAAAAA"
"chr1","75508280","75508535","KN297077v1","548799","549065","53","74959481","GGCTGAGCACAGTGGCTCATGCCTGTAATTCCAGCACTTTGGGAGACCAAGGCGGGCAGATCACATGAGGTCAGGAGTTAGAGACCAGCCTGGCCAACATAGCGAAACCCTGTCTCTACTAAAAATAGAAAAAAAATATCTGGGCATGGTGGCAGGTGGCAGGAGAATCACTTGAACCTGGGGTGGAGGTTGCAGTGAGCCAAGATCATGCCACTTCACTCCAGCCTGGGCAGAAGAGTGAAACTCCATATCAAAA","GGCTGGGTGCGGTGGCTCATGCCTGTAATCCCAGCATTTTGGGAGAACGAGGCGAGCAGATCACCTGAGGTCAGGAGTTCGAGACCAGCCTGCCCAACATGGCGAAACCCCATCTTTACTAAACGTACAAAAAATTAGCCGGGCGTGGTGGCAGGCGCCTGTAATCTCTCTTGAACCCGGGAGGCGGAGCTTGCAGTGAGCTGAGATCAGACCACTTCACTCCAGCCTGGGCGACAAGAGTGAAACTCCGTATCAAAGAAAAAAAAA"
"chr1","76712168","76712434","KN296398v1","205071","205339","28","76507097","GGCTGGGGATGGTGGCTCACGCCTGTAATCCCAACACTTTGGGAGGCCGAGGCGGGTGGATCAACTGAGGTCAGGAGTTCAAGACTGGCCTGGCCAACATGGCAAAACTCCATCTCTATTAAAAATACAAAAAAAAAAAATTAGCTGGGTGTGGTGTTAGGTGCCTGTAATCCCAGCTACTGGGGAGGCTGAGGCAGGAGAATGGCTTGAACGTGGGAGGTGGAGGTTGCAGTGGGCTGAGATCACACAACTGCACTCCAGCCTGGG","GGCTGGGCATGGTGGCTCACACCGTAATCCCAGCACTTTGGGAGGCTGAGGCGGGCAGATCGCCTGGGGTGAGGAGTTCAAGACTGGCCTGGCCAACATGGCAAAATCCTGTCTCAATTAAAAATACAAAAAAAAAAAAAAAATAGCTGGGTGTGGTGGCAGGTGCCTGTAATCCCAGCTACTTGCGAGGCTGAGGCGGGAGAATGGCTTGAACTTGGGAGGTGGAGGTTGCAGTGGGCTGAGATCACACCACTGCATTCTAGCCTGGG"
"chr1","77083511","77083619","KN295077v1","540029","540136","14","76543482","GCTTGAACCTGTGAGGTGGAAGTTGCAGTGAGCTGAGATCATGCCACTGCACTCCAGCCTGGGCAACAAGAGTAAAACTCCATCTCAAAAAAAAATTAAAAAAAGAAAA","CTTGAACCCCAGAGGCAGAGGTTGCAGTGAGCTGAGATCGAGCCACTGCACTCTAGCCTGGGCAACAAGAGTGAAACTCCATCTCAAAAAAAAAAAAAAAAAAAAAAA"
"chr1","78876935","78877237","KN295090v1","2881719","2882025","39","75995216","GACCGGGCACTGTGGCTCACACCTGTAATCCCAGCACTTTGGGAGGCTGAGGTGGGCAGATCACCTGAGGTCAGGAGTTCAAGACCAGCCTGGCCAACATGGTAAAACCTCATCTCTACTTAAAAAAAAAAAATTAGCTGGGCATGGTGGTGCATGCCTGTAATCTCAGCTACTCAGGAGGCTGAGGCAGGATAATTGCCTGAACCCGGGAGGCGGAGGTTGCCAGGAGCTGGGATTGTGCCACTGCACTCCAGCCTGGGCAACAAGGGCAAAACTCCATCTCCAAAAAAATAAATTAAAAAA","GGCTGGGCGCTGTGGCTCACACCTGTAATCCCAGCACTTTGGGAGGCCAAGGTGGGCAGATCACCTGAGGTCAGGAGTTCAAGACCAGCCTGGACAACATGGTGAAACCCCGTCTCTACTAAAAGCACAAAAATTAGCCGGGCGTGGTGGTGGGTGCCTGTAATCCCAGCTAGTCAGGAGGCTGAGGCAGGAGAATCGCTTGAACCCAGGAGGCGGAGGTTGCAGTGAGCCGAGATCGTGCCACTGCACTCCAGCCTGGGCAATAAGAGCAAGACTCCATCTCAAAAAAAAAAAGAAAAAGAAAAGA"
"chr1","79067937","79068232","KN296096v1","3068156","3068453","35","75999781","GGCCGGGCCCAGTGGCTCACGTCTGTAATCCCAGCACTTTGGAAGGCCGAGTTGGGCGGATCACCTGAGATCAGGAGTTCAAGACCAGCCTGGCCAACATGATGAAACCCCATCTCTATCAAAAATACAAAAATTAGCTGGGTGTGGTGCAGGTACCTATAATCCCAGCTACTCGGGATGCTGAGGCAGGAGAATCGCTTGAACCCGGGAGGCGGAGGTTGCAGTGAGCTGAGATGGCACCACTGCATTCCAGCCTGGGCAACAAGAGCAAAACTCTGTCTCAAAATAAAATAAAA","GGCCGGGCGCAGTGGCTCACGCCTGTCATCGCTGCACTTTGGGAGGCCGAGGTGGGCGGGTCACCTGAGGTCAGGAGTTTCAGACCAGCCTGGCCAACATGGTGAAACCCCGTCTCTACTAAAAATACAAAAAATTAGTTGGGTGTGGTGGCGGGTGCCTGTAATCCCAGCTACTCGGGAGACTGAGGCAGAAAAATCGCTTGAACCTGGGAGGCGGAGGTTGCAGTGAGCTGAGATTGCACCACCGCACGCCAGCCTGGACGACAAGAGCAAACCTCTGTCTCAAAAAAAAAAAAAA"
"chr1","79094991","79095286","KN294181v1","1771837","1772133","34","77323154","GGCCAGGCACAGTGGCTCACACCTGTAATCCCAGCACTTTGGGAGGCTGAGGCGGGTGGATAACTTGAGGTCAGGAGTTTGGGACGAACCTGGCCAACATGGTGAAACCCCATCTCTACTAAAAATACAAAAGATTAGCCGGGCATGATGGTGGGCACCTGTAATCTCAGCTACTCAGGGGGCTGAGGCAGGAGAATCGCTTGAACCTGGGAGGTGGAGGTTGCAAGTGAGCCAAGATCGCACCACTGCACTCCTGCCTGGGCAACAGGAGCAAAACTCTGTCTCAAAAAAAAAAA","GGCCAGGCGCTGTGGTTCACACTTGTAATCCCAGCACTTTGGGAGGCTGAGGCGGGTGGATCACTTGAGGTCAGGAGTTCGAGACCAGCCTGGCCAACATGGTGAAACCCCATCTCTACTAAAACTACAAACATTAGCTGGGCATGGTGGTGGGCACCTGTAATTCCAGCTACCCAGGAGGCTGAGGCAGGAGAATCGTTTGAACCTGCGAGGTGGAGGCTGCAGTGAGCCAAGATTGTGCCACTGCACTCCAGCCTGGGCAACAAGAGTGAAACTCCATCTCAAAGAAAACAAAAA"
"chr1","79165700","79165989","KN297047v1","4130656","4130943","40","75035044","GGCCAGGCGCGGTCGCTCACACCTGTAATCTCAGCACTTTGGGAGGCTGAGGCAGGTGGATCATTTGAGGTCAGGAGTTCGAGACCAGCCTGGCCAACATGGTGAAAGGCTGTCTCTTTTAAAAATACAAAAATTAGCTGGGTATGGTGGTGGGCACCTGTAATCCCAGCTACTCGGGAGGCTGAGGTGTAATAATCGCTTGAACCCAGGAGGCAGAGGTTGCAGTAAGCCGAGATCATGCCGCTGCACTCCAGCCTGGACAACAAGAGTGCAACTCTATCTCAAAAAAA","GGCTGGGTGAGGTGGCTCACGCCTGTAATCCCAGCACTTTGGGAGGCTGAGGTGGGAGGATCACCTGAGGTCAGGAGTTCGAGACCAGCCTGGCCAACATGGCAAAACCCTGTCTCTACTAAAAATACAAAAATTAGCTGGATGTGGTGGTGGGCACCTGTAATCCCAGCTACTCGGGAGGCTGAGGCAGGAGAATCACTTGAACCTGGGAGGCGGGGGTTGCAGTGAGCCGAGATCATGCCACTGCACTCCAGCCTGGAGGACAAGAGCAAAACTCTGTCTCAAAAA"
"chr1","79439074","79439233","KN295171v1","190435","190596","26","79248639","TGGTGGGAGGTGCCTGTAATCCCAGCTGCTCGGGAGGCTGAGGCAGGAGAACTGCTTGAACCCTGGAGGCGGAGGTTGCAGTGAGCCAAGAAGGCACCACTGCACTCCAGCCTGGGCAACAAGAGTGAAACTCCATCTACAAAAAAAAAAAAAAAAAAAA","GATGGTGGGCACCTGTAATCCCAGCTACTTGGGAGGCTGAGGCAGGAGAATTGCTTGAACCCAGGAGGTGGAGGTTGCAGTTAGCCAAGACCATGCCACTGCACTCCAGGATGGGCAGCAAGAGCAAAACTCCATCTCAAAAAAAAAAAAAAAAAAAAAAAA"
"chr1","79808881","79809178","KN296096v1","1838666","1838962","31","77970215","GGCCAGGCGTGGTGGCTCATGCCTGTAATCCCAGCACTTTGGGAGGCCGAGGTGGGTGGATCACCTGAGGTCAGGAGTTTGAGACCAGCCTTGCCAACGTGGTGAAACCTCATCTCTACTAAAAATACAAAAATTAGGCAGGTGTGGTGGTGGGTGCCTGTAATCCCAGCTACTCAGGAGGCTGAGGCAGGAGAATCACTTGAACCTGGGAAGTGGAGGTTGCAGTGAGCCAAGGTCACATCACTGCACTCCAGCCTGGACAACAAGAGCAACACTCCATCTCAAAAAAAAAAAAAAA","GGCTGGGCATGGTGGCTCACGCCTGTAATCCCAGCACTTTGGGAGGCTGAGGTGGGTGGATCACCTGAGGTCAGGAGTTTGAGACCAGCCTGGCCAACATGGTGAAACCCTGACTCTACTAAAAGTACAAAAATTAGCCAGGCGTGGTGGTGGGCACCTGTCATCCCAGCTACTCAGGAGACTGAGGCATGAGAATCACTGAACCTGGGAGGTGGAGGTTGCAGTGAGCCGAGATCGCACCACTGCACTCCAGCCTGGGCAGCAAGAGCAAAATTCCATTTCAAAAATAAAAACAAA"
"chr1","83220615","83220903","KN294421v1","1228170","1228462","35","81992445","GGTCTGGGGCGGTGGATCACGCCTGTAATCCCAGCACTTTGGGAGGCCGAGGCAGGTGGATCACCTGAGGTCAGGAGTTTGAGACCAGCCTGGCCAACATGGTGAAACCCCATCTCTACTAAAAATACAAAAAAATTAGCTAGGTGTGGGCGCCTATAATCCCAGTTACTCAGGAGGCTGAGGCAGGAGAAATGCTTGAACCCAGGTGGCGGAGGTTGTAGTGAGCCGAGATTGCACCACTGCACTCCAGCCTGGGCAACAAGAGTGCAACTCCATCTCAAAAAAAAAA","GGCTTGGCCCGTGGCTAACGCCTGTAATCCCAGCACTTTGGGAGGCCAAGGTGGGTGGATCACCTGAGGTTCGGAGTTCGAGACCAGCCTGGCCAACATGGTGAAACCCCATCTCTACTAAAAATACAAAACATTAGCCAGGTGTGGTGGCAGGCACCTATAATCCCAGCTACTCGGGAGGCTGAGGCAGGAGAATTGCTTGAACCCAGGAGGCGAAGGTTGCAGTGAGCCATGATCATACCACTGCACTCCAGCCTGGGCAACATGAGTGAAACTCCGTCTCAAAAAAAAAA"
"chr1","83230248","83230552","KN296528v1","1485437","1485734","43","81744811","GGTCTGGCGCTGTGGTTCATGCCTGTAATCCCAGCACTTTGGGAGGCTGAGGCGGGTGGATCACCTGACGTCAGGGGATTCAGGACCAGCCTGGCTAACACGGTGAAACCCCATCTCTACTAGAAATACAAAACTAGCCGGGTGTGGTGGCACATGCCTGTAATCCCAGTTACTAGGGAGGCTGGGGCAGGAGAATCATTTGAACCTGGGAGGCGGGGGTTGCAGTGAGCCAAGATCGCACCACTGCACTCTAGCTTGGGCAAAAAGAGCCAAACTCCCATCTCAAAAAAAAAAAAAAAAAAAAA","GCCGGGCGCGGTGGCTCATGCCTGTAATCCCAGCACTTTGGGAAGCTAAGGTGGGTGGATCACCTGAAGTCAGGAGTTCAAGACTAGCCTGACCAACATGGTGAAACCCCATCTCCACTAAAAATACAAAATTAGCTGGGTGTGGTGGCAGATGCCTGTAATCCCAGCTACTTGCGAGGCTAAGGCAGGAGAATAACTTAAACCCAGGAGGCGGAGGTTGCAGTGAGCCAAGATCGTGCCACTGCACTCCAGCCTGGGCAACAAGAGCGAAACTCCATCTCAAAAAAAAAAAAAAAAA"
"chr1","84933575","84933883","KN295923v1","1527713","1528024","42","83405862","GGCTGGACACAGTGGCTCACGCCTGTAATCCCAATACTTTGGGAGGCCGAGGTGGGTGGATCACCTGAGGTCAGGAGTTTGAGACCTGCCTGGCCAACATGGTGAAACCCCGTCTCTACTAAAAATAAAAAATTTGCTAGGCATGGTGGCACGCGTCCATAATTCCAGCTACTTGGGAGGCTGAGGCAGGAGAATCACTTGAACCTGGGAGGTGGAGGTTGCAGTGAGCCAAGATTGTGCCACTGCACTCCAGCGTGAGGCACAAGAGCAAAACTTTGTTTCCAAAAAAATAAATAAATAAAAAAAGAA","GGCTAGGCACAGTGGCTCACGCCTGTAATCCCAGCTCTTTGGGAGGCGGAGGTGGATGGATCATCTGAGGTCAGGAGTTTGAGACCAGCCTGGCCAACATGGTGAAACCCTGTCTCCACTAAAAATACAAAAATTAGCCAGGCATGGTGGTGCATGCCTGTAATCCCAGCTACTCAGGAGGCTGAGGCAGGAGAATCGCTTGAACCTGGGAGGTGGAGTTTGCAGTGGGCCAAGATTGTTCCACTGTACTCCAGCCTGGGCAACAAGAGCGAAACTCTGTGTCAAAAAATAAAATAAAATATAATAAAATAA"
"chr1","85003430","85003713","KN297190v1","2895570","2895865","40","82107860","GGCCGGGCGCAGTGGCTTACACCTGTAATCCCAGCACTTTTGGAGGCTGAGGCAGGCAGATCACTTGAGGTCAGGAGTTCGAGACCAGCCTGGCCAACAAGGTGAAACCCTGTGTCTACCAAAACTACAAAAATTAGCCAGGCGTGGTGGCGGGCACCTGTAATCCCAGCTACTCAGGAGGCTGAGGCAGGAGAATTGCTTGAACCCAGGAGGCAGAGGTGCAGATCACACCACTGCACTCCAGCCTGGGCAACAAGAGTGAGACTGTCTCAAAAAAAAAAAAA","GGTCGGGCACAGTGGCTCATGCCTGTAATCCCCGCACTTTGGGAGGCTGTGTCAGGCAGATCACTTGAGGTCAGGAGTTCGAGACCAGCCTGGACAACATGGTGAAACCCCATCTCTACTAAAAATACAAAAATTAGCCAGGCGTGGTGGTGGACACCTGCAATTCCAGCTACTTGGGTGGCTGAGGCAGGAGAATGGCTTGAACCCAGGAGGCGGAGGTTGCAGTGAGCCAAGATCACACCACTGCACTCCAACCTGGGCAAAAAGAGTGAGACTCCGTCTCAAAAAAATAAAAA"
"chr1","86879678","86879986","KN294443v1","739291","739598","43","86140387","GGCAGGGCGTGGTAGCTCACGCCTGTAATCCCAGCACTTTGGGAGGTGGAGGCGGGTGGATCACCTGAGGTCAGGAGTTCGAGACCAGCCTAGCCAACATGGTGAAAACCTGTCTCTGCTAAAAATACAAATTAGCCGCGAGTGGTGGCGTGCACCTGTAGTCCCAGCTACTCAGGAGGCTGAGGCAGGAGAATTGCTTGAACTGGGGAGGCAGCAGTTGAAGTAAGCCGAGATCGTGCCACTGCACTCCAGCCTGGGCAACAAGAGTGAAACTCCGTCAAAACAAAACAACAACAAAAAACAAAAAAA","GGCCGGGCGAGGTGGCTCACGCCTGTAATCCCAGCACTTTGGGAGGCCGAGGCGGGTGGATCACCTGAGGTCAGGAATTCAAGACAAGCCTTGCCAACATGGCGAAACCCCGTCTCTACTAAAAATACAAAAATTAGCCGAGCGTGGTGGCGGGCGCTTGTAATTCCAGCTACTCGGGAGGCTGAGGCAGGAGAATCGCTTGAACCCGGGAGGCGGGGGTTGCAGTGAGCAGAGATGGCACCACTGCACTCCAGCCTGGGCAACAAGAGCGAAACTCCGTCTCAAAAAAAAAAAAAAAAAAAAAAAAA"
"chr1","87053873","87054162","KN294705v1","1552100","1552398","44","85501773","GGCCGGGTTCAGTGGCTCACGCCTGTAATCCCAGCACTTTGGCAGGCCGAAGCAGGTAGATCACCTGAGATCAGCCTGGCCAGCATAGTGAAACCCTGTCTCTACTAAAAATACAAAAAATTAGCTGGGCGTGGTGGTGGGTGCCTGTAATCCCAGCTACTTGGAGGCTGAGACAGGAGAATTGCTTGAACTCAGGAGGCAGAGGTTGCAATGAGCCAAGATTGTGCCACTGCACTCCAGCCTAGGCAACAAGAGCTAAACTCCATCTCAAAAAAAAAAAAATACAAAAA","GGCCAGGCGTGGTGGCTCACGCCTGTAATCTCAGCACTTTGGGAGGCCGAGGCAGGCAGATTGCCTGAGGTCAGGCCAAGATCAGCCTGACCAACATGGTGAAACCCCGTCTCTACTAAAAAAACAAAAATTAGCTGGGCGTGGTGGTGGGTGCCTGTAATCCCAGCTACTTGGGAGGCTGAGACAGGAGAACTGCTTGAACCCGGGAGGCAGAGGTTGTGGTGAGCCAAGATCACACCACTGCACTCCAGCCTGGCAACAAGAGCGAAACTCCATCTTAAAAAAAAAAAAAAAAAAAA"
"chr1","87480892","87481197","KN295883v1","341100","341400","42","87139792","GGCTGGGCGCGGTGGCCCACGCCTGTAATCCTAGCACTTTGGGAGGCCGAGACAGGTGGACTGCTTGAGGCCAGGAGTTCAAAACCAGCCTGGCCAACATGGTGAAACCCGTCTCTATTAAAAATACAAAAAACTAGCCGGGCATGGTGTCGGGCACCTGTAATTCCACCTACTCAGGAGGCTGAGGCAGGAAAATCACTTGAACCCGGGAGGCAGAGGTTGCAGTGAGCCAAGATCTCGCCACTGCACTCCAGCCTCGGCAACAAGAGTGAAACTCTCTCTCTGTCTCAGACAAAAAGAAAAAAA","GGCCAGGCACAGTGGCTCATGCCTGTAATCCTAGCACTTTGGGAGGCTGAGATGGGTGGATTGCTTAAGGCCAGGAGTTCAAAACCAGCCTGGCCAACATGGTGAAACCTCATCTCTAATAAAAATACAAAAAATTAGCTGGGCATGGTGGCAGTTGCCTGTAATCCCAGCTACTCATGAGGCTGAGGCAGGAGAATCACTTGAACCAGGAGGCAGAGGTTGCAGTGAGCCAAAATCATGCCACTGCATTCCAGCCTGGGCAACAAGAGTGAAACTCCGTCTCAAATAAATAGAAAATAAA"
"chr1","88057545","88057874","KN294199v1","22718","23041","49","88034827","GGCCTGGTGCGGTGGCTCACGCCTGTAATCCCAACACTTTGGGAGCCCAAGGTGGACAGATCACTTGAGGTCAGGAGTTCGAGACCAGCCGGGCCAACATGGTGAAACCCCGTCTCTACTAAAAATACAAAAATTAGCTGGACGTGGTGGCAGGTGCCTGTAATCCCAACTACTCGGAAGGCTGAGACAGGAGAATCGCTTGAACCTGGGAAGCAGAGGTTGCAGTGAGCTGCAATCGTGCAGGTTGCAGTGAGCTGAGATTACACCACTGCACTCCAGCCTGGGCAACAAAGAGCAAAACTCCATCTCAAAAAAAAAAAAAAGAAAGAA","GGCCAGGCACGGTGGCTTACGCCTGTAATCCCAGCACTTTGGGAGGCCGAGGTGGATGGATTACCCAAGGTCAGGAGTTCGAGACCAGCCTGGCCAACATGGTGAAACCCCGTCTCTACAAAAAATACCAAAAATTACCTGGGCATAGTGGTAGGTGCCTGTAATCCCAGCTACTCAGGAGGCTGCGACAGGAGAATCGCTTGAACCCAGGAGGCAGAGGTTGCAGGGAGGTGGAGGTTGCAGTGAGCTGAGATTGTGCCACTGCACTCCAGCCTGGGCAAGAAGAGCGAAACTCTGTCTGAAAAAAAAAAAAAAAAAAAGAAA"
"chr1","88496378","88496683","KN294172v1","346409","346717","37","88149969","GGCTGGGCGTGGTGGCTCATGCCTGTAATCCCAGCACTTTGGGAGGCCGAGCTAGGCGGATCATGAGGTCAGGAGTTCGAGAGCAGCCTGGCCAACATGGTGAAATGCCGTCTCTACTGAAAATACAAAAATTAGCAGGGTGTGGTGGTGGGCACCTGTAATCCCAGCTACTCAGGAGGCTGAGGCAGGAGAATCGCTTGAACCTGGGGGGCAGAGGTTGCAGTGAGCTGAGATTATGCCACTGCACTCCAGCCTGGGCAACAAGAGCAAAACTCTGCCTCAAAAAAATAATAATAATAAAATAAA","GGCAGGGCGTGGTGGCTCATGCCTGTAATCCCAGCACTTTGGGAGGTCCAGGCGGGCAGATCACCTGAGGTCAGGAGTTTGAGACCAGCCTGGCCACCATGGTGAAACCCTGTCTCTACTAAAAATATAAAAATTAGCCGGGTGTGGTGGCGGGCGCCTGTAATCCCAGCTACTTGGGAGGCTGAGGCAGGAGAATTGCTTGAACCTGGGAGGTGGAGGTTGCAGTGAGCTGAGACCTCGCCACTGCACTCCAGCTTTGGCAACAAGAGCAAAACTCTTGTCTCAAAAAAATAAAAATAAATAAATAAA"
"chr1","89888981","89889283","KN297227v1","1013431","1013731","31","88875550","GGCCAGGCGCAGTGGCTCACTCCTGTAATCCCAGCACTTTGGGAGGCCAAGGAGGGTGGATCACCTGAGGTCAGGAGTTCAAGACCAGCCTGGCCAACATGGCGAAACCCCATCTCTACTAAAAATACAAAAATTAGCTGGGCGTGGTGGCATGTGCCTGTAATCCCAGCTACTTGAGAGGCTGAGGCAGGAGAATTGTTTGAACCCAGGAGGCGGGGGTTGCAGTGAGCCGAGATTGCACCACTGCACTCCAGCCTAGGCAAGAAGAGTGAAACTCCGTCTCAGAAAAAAAAAAAAAAAAAA","GGCCAGGCACAGTGGCTCACGCCTATAATCCCAGCACTTCGGGAGGCCAAGGCAGGTGGATCATTTGAGGTCATGAGTTGGAGACCAGCCTGGCCAACATGGTGAAACCCCATCTCTACTAAAAATACAAAAATTAGCCGGGCGTGGTGGTGGGTGCCTGTATTTCCAGCTACTTGGGAGGCTGAGGCAGGAGAATTGCTTGAACCCAGGAGGTGGAGGTTGCAGTGAGCCGAGATTGAGCCACTGCACTCCAGCCTGGGCAACAAGAGCAAAACTCCATCTAAAAAAAAAAAAAAAAAAA"
"chr1","90352332","90352636","KN295059v1","45263","45569","27","90307069","GGCCAGGCATGGTGGCTTACACCTGTAATCCCAGCACTTTGGGAGGCCGAGGCTGGTGGATCACCTGAGATCAGGAGTTCAAGACCAGCCTGGCCAACATGCTGAAACCCTGTCTCTACTAAAAATACAAAAAGTTAGCCGGGTGTAGTAGTGGGTCCCTGTAATCCCAGCTATTCGGGAGGCTGAGGCAGGAGAATCACTTGAAACTGGAAGGCAGAGGTTGCAGTGAGCTGGGATCACACCACGGCACTCCAGCCTGGGCAACAAAAGGGCAACAAGAGCGAAACTCCGTATCAAAAAAGAAA","GGCCAGGCGTGGTGGCTTATACCTGTAATCCCTGCACTTTGGAAGGCCGAGGCCGGTGGATCACCTGAGGTCAGGAGTTCCAAGACTAGCCTGGCCAACATGCTGAAACCCTGTCTCTACTAAAAATACAAAAAGTCAGCCAGGTATAGTAGTGGGCGCCTGTAATCCCAACTATTCAGGAGGCTGAGGCAGGAGAATCACTTGAACCTGGAAGGCAGAGGCTGCGGTGAGCTGAGATCGCACCACTGCACTCCAGCCTAGGCAACAAGAAGGCAACAACAGCGAAACTCCGTATCAAAAAAAAAAA"
"chr1","90418522","90418829","KN296024v1","24513","24820","33","90394009","CCAGGCACAATGGCTCACGCCTATAATCCCAACACTTTGGGAGGCCAAGGTGGGCGGATCACCTGAGGCCAGGAGTTCGAGACCAGCGTGGCCAACATGGCAAAACCCCGTCTCTACTAAAAGTACAAAAATTAGCTGGGCATGGTGGCAGGCGCCTGTAATCCCAGCTACTCAGGAGGCTGAGGCAGGAGAATTGCCTGAATCCAGGAGACAGAGGTTGCAGTGAGCTGAGATCGTGTCACTACACTCCAGCCTGGGCAACAAGAGCACGACTTCGTCTCAAAAAAAAAAAAAGGAAAGAAAAAAAA","CCAGGCACAATGGCTCACGCCTATAATCCCAACACTTTGGGAGGTCAAGGCAGGCGGGTCACCTGAGGTCAGGAGTTCGAGACCAGCCTGGCCAACATGGCAAAACCCCATCTCTACTAAAAGTGCGAAAATTAGCTGGGCGTGGTAGTGAGCACCTGTAATCCCAGCTACTCAGGAGGCTAAGGCAGAATTGCTTGAATCCAGGAGACAGAGGTTGCAGTGAGCCAAGATCGTGCCACTGCACTCCAGCCTGGACAACAAGAGCAAGACTTCATCTCAAAAAAAAAAAAAAAAAGAAAAAAAGAAAA"
"chr1","91289297","91289600","KN295368v1","1855168","1855468","28","89434129","GGCCATGTGCAGTGTCTCACGCCTGTAATCCCAGCACTTTGGGAGGCTGAGGCGGGTGGATCACCTGAGGTTAGGAGTTCGAGACCAGCCTGGCCAACATGGTGAAACCCTGTCTCTACTAAAAATACAAAAATTTAGCCAGGCATGGTAGTGGGCACCTGTAATCCCAGCTACTTGGGAGGCTGAGGCAGGAGAATCACTTGAACCCAGGAGGCAGAGATTGCAGTGAGCTGAGGTCGCGCCACTGCACTCTAGCCTGGGCAACAAGAGCGAAAATCCGTCTCCAAAAAAAAAAAAAAAAAAA","GGCCAGGTGCAGTGGCTCACGCCTGTAACCCCAGCTCTTTGGGAGACCGAGGTGGGTGGATCACCTGAGGTCAGGAGTTCGAGACCAGCCTGGCCAACATGGTGAAACCCTGTCTCTACTAAAAATAGAAAAATTAGCCAGGCATGGTGGCGGGCACCTGTAATCCCAGCTACTCGGGAGGCTGAGGCAGGAGAATCACTTGAACCCAGGAGGCAGAGGTTGCACTAAGCCAAGATGGCGCCACTGCACTCCAGCCTGGGCAACAAGCGCAGAACTCGGTCTCAAAAAAAAAAAAAAAAAA"
"chr1","92264442","92264741","KN297058v1","60082","60384","26","92204360","GGCGGGGCGTGGTGGCTCACACCTGTAATCCCAGCACTTTGTGGGGCCCAGGCAGGCAGATCACCTGAGGTCAGGAGGTTGAGACCAGCTTGGCCAACATGGTGAAACGGGGTCTCTACAAAAAATATAAAAAATTAGCCGGGTGTGGCGGTGGGCACCTGTAATCCCAGCTACTCGGGAGGCTGAGGCAGGAGAATCACTTGAACCCAAGAAGTGGAGGTTGCAGTGAACCGAGATCACACCACTGCACTCCAGCCTGGGCAACTAGAGCAAAACTCCATCTAAAAAAAAAAAAGAAAA","GGCAGGGTGTGGTGGCTCACACCTGTAGTCCCAGCACTTTGGGGGACCCAGGGAGGCAGGTCATCTGAGGTCAGGAGGTTGAGACCAGCTTGGCCAACATAGTGAAACCTGGTCTCTACAAAAAATATAAAAAATTAGCCACGTGTGGTGGTGGGCACCTGTAATCCCAGCTACTCGGGAGGCTGAGGCAGGAGAATCACTTGAACCCAGGAGGCAGAGGTTGCAGTGAGCTGAGATGGCACCACTGCACTCCAGCCTGGGCAACAAGAGCAAAACTCCATCTAAAAAAAAAAAAAAGAAAAA"
"chr1","92272199","92272487","KN296096v1","2743314","2743604","35","89528885","GGCTGGGCACGGTGGCTCACACCTGAAATCACAGCACTTTGGGAGGCCAAGGTGGGTGGATCACCTGAGGTCAGGAGTTTGAAACCAGCCTGGAGAACATGGTGAAACCCTGTCTCTACTAAAAATGAAAAAATTAGCCCGGTGTGGTGGTGGGTGCCTGTAATCCCAGCTACTGGGGAGGCTGAGGCAGGAGAATCACTTGAACCCAGGAGGCAGAGGTTGCAGTGAGCCAAGATAGAGCCACTGTACTCCAGCCTGGGCAACAAGAGCAAGACTCCATCTCAAAAAA","GGCCGGGCACAGTGGCTCACGCCTGTAATCCCAGCACTTTGGGAGGCTGAGGTGGGCGGATCACCTGAGGTCAGGAGTTCGAGACCAGCCTGGCTAACAGGGTGAAACCCCATTTCTACTAAAAATACAAAAAAATTAGCCAGGCATGGTGGCGTGTGCCTGTAATCCCAGCTACTTGGGAGGCTGAGGCAGGAGAATCACTTGAACCCAAGAGGCAGAGGTTGCAGTGAGCCAAGATCATGCCACTGCACTCCAGCTTAGGCAACAAGAGCGAAACTCCATCTCAAAGAA"
"chr1","92276065","92276361","KN297058v1","68777","69075","25","92207288","GCTGGGTGCAGTGGCTCACTCCTGTAGTCCCAGCACTTTGGGAGGCCGAGGCGGGTGGATCACCTGAGGTCAGGAGTTCGGGACCAGTCTGGCCAACATGGTGAAACCCGTCTCTACTAAAAATACAAAAATTAGCTGGGCATGGTGGCAGGCACCTGTAATCCCAGTTACTTGGGAGGCTGAGGCAGGAGAATCATTTGAACCCGGGAGGCAGAGGTTGCAGTGAGCTGAGATCGCGCTACTGCACTCCAGCCTGGGCAACAAGAATGAAACGCCGCCTCAAAGAAAAGAAAAAAA","GCTGGGTGCAGTGGCTCACTCCTGTAGTCCCAGCACTTTGGGAGGCTGAGGCGGGTGGATCACCTGAGGTCAGGAGTTCAAGACCAGTCTGGCCAACATGGTGAAACCCATCTCTACTAAAAATACAAAAATTAGCTGGGTAAGGCAGCATGAGCCTGTAATCCCAGCTACTTGGGAGGCTGAGGCAGGAGAATCACTTGAACCGGGGAGGCAGAAGTTGCAGTGAGCCGAGATTGCACTACTGCACTCCAGCCTGGGCAACGAGAACGAAACTCCGTCTCAAAAAAAAGAAAAAAAAA"
"chr1","92286946","92287242","KN297058v1","80278","80584","35","92206668","GGCCGGGTGCAGTGGCTCACACCTGTAATCCCAGCAATTTGGAAGGCCAAGGTGGGTGGATCACCTGAGGTCAGGAGTTTGAAACAAGCCTGGCCAACATGGAGAAACCCTGTCTCTACTAAAAATGCAAAAATTAGCCAGCTGTGGTGGCAGGCGCTTGTAATCCCAGCTACTCAGGAGGCTGAGGAAGGGGAATTGCTTGAACCCGGGAGGCAGTGGAGGTTGCAGTGATCTGAGATTGTGCCACTGCACTCCAGCCTGGGCAACAAGGGTGAAACTCTGTCTAAAACAAACAAA","GCTGGGTGCAGTGGCTCACACCTGTAATCCCAGGACTTTGGGAGGCTGAGGTGGGTGGATCACCTGAGATCAGGAGTTTGAGACAAATCTGGCCAACATGGGGAAACCCCATCTCTACTAAAAATGCAAAAATTAGCCAGGTGTGGTGGTGGGCGCTTGTAGTCCCAGCTACTCGGGAGGCTGAGGAAGGAGAATTGCTTGAACCCTGGAGGCAGTAGAGGTTGCAGTGATCTGAGATCGTGCCACTGCACTCCAGCCTGGGCAACAAGGGCGAAACTCTGTCTTAAACAACAACAACAACAACAAA"
"chr1","92371240","92371537","KN296508v1","20473","20772","34","92350767","GGCCAGGCGCGGTGGCTCATGCCTATAAGCCAGGCACTTTGGGAGGCCGAGGTGGGTGGATCACCTGAGGTCAGGAGTTAGAGACCAGCCTGGCCAACATGGTGAAACCCCGTCTCTACTAAAAATACAAAAAATTAGCTGGGCGTGGTGGCTGGCGCCTGTAATCCCAGATACTTGGGAGGTTGAAGCAGGAGAATCGCTTGAACCCAGGAGGTGAAGGTATCAGTGAGCCGAGATCATGCCACTGCATTCCAGCCTGGGCAACAAGAGCGAAACTCCATCTCAAAAAAAAGAGAAA","GGCCAGCTACAGTGGCTCACGCCTGTAATCCCAGCACTTTGGGAGGCCGAGGTGGGTGGATCACCTGAGGTCAGGAGTTTGAGACCAGCCTGGCCAATGTGGTGAAACCCCGTCTTTACTAAAAATACAAAAAGTTAGCTGGGCGTGGTGGCAGGCACCTGTCATCCCAGCTACTTGGGAGGCTGAGGCAGAAGAATCGCTTGAACCCAGGAGGCAGAAGTTGCAGTGAGCCGAGATCGTGCCACTGCACTCCAGCCTAGGCAACAAGAGCAAAACTCCATCTCAAAATAAATAAATAAA"
"chr1","92692995","92693307","KN294949v1","669778","670078","52","92023217","GCTAGGTACAGTGGCTCACACCTGTAATCTCAACAATTTGGGAGGCCGAAGGCAGGCAGATCACCTGAGGTCAGGAGTTCCAGACCAGCCTGGCCAATGTGGTGAAACCCCATCTCTACTAAAAATACAAAAATTAGCTGGGCATGGTGGCAGGCACCTGTAATCCCATGTAATACGAGCTACTCGGGAGGCTGAGGCAGGTGAATCACTTGAGCCTTGGGTGGAGGTTGCAGTGAGCTGAGATTGCACCACTGCACTCCAGCCTGGGCAACAAAGGCAAAACTCTATCTCAAAAAATAAATAAATAAATAAA","GCCGGGTACGGTGGCTCACGCCTGTAATCCCAGCACTTTGGGAGGCCGAGGCAGGTGGATCACCCGAGGTCAGGAGTTCGAGACCAGCCTGACTAACATGGTGAAACCCCATCTCTACTAAAAATACAAAAATTAGCCGGGCATGGTGGCAGGCGCCTATAATCCCAGCTACTCAGGAGGCTGAGGCACGAGAATCGCTTGAACCCAGGAGGTGGAGGTTGCAGTGAGCTGAGATCGCACCACTGCACTCCAGCCTGGGCAATAAGAGCAGAACTCTGTCTTCAAAAAAATGAAAATAAAA"
"chr1","92829670","92829962","KN295244v1","318312","318607","33","92511358","GGTTGGGCTCGGTGACTCATGCCTGTAATCCCAACACTGGGAGGCCGAGGTAGGAGGATCACTTGAGGTCAGGAGTTCAAGACCAGCCTGGCCAACATGGTGAAACCCTGTCTCTACTAAAAATACAAAAATTAGCCAGGCATGGTCGTGGGCACCTGTAATCTCAGCTACTCAGGAGGCTGAGGCAGGAGAATCGCTCGAACCTGAGAGGTGGAGGTTGCAGTGAGCGCGATCGAGCCACTGCACTCTAGCCTGAGCAACAAGAGCAAAACTCTGTCTCAAAAGAAAAAAAA","GGCTGGGCACGGTGGCTCATGCCTGTAATCCCAACACTTTGGGAGGCCAAGGTGGGTGGATCACCTGAGTTCAGGAGTTCGAGACCAGCCTGGCCAACATGGTGAAACCCTGTCTCTATTAAAAATACAAAAATTAGCCAAGCATGGTGGCAGGCGCCTGTAATCCCAGCTACTCAGGAGGCTGAGGTAGGAGAATTGCTTGAACCTGGGAGGCAGAGGTTGCAGTGAGCCGAGATCATGCCTCTGCACTCCAGCCTGGGCAACAAGAGCAAGACTCTGTCTCAAAAAAAAAAAAA"
"chr1","92831934","92832232","KN295814v1","769523","769821","40","92062411","CCGGGCACAATGGCTCACGCCTGTAATCCTAGCACTTTGGGAGGCTGAGGCAGGCGGATCACTTGAGGTCAGGAGTTTGAAACCAGCCCGGCCAACATGGTGAAACCCCGTCTCTACTAAAAAAAAAATACAAAAAAATTAGCCAGGCATGGTGGCGGGTGCCTGTAATCCCAGCTACTCGGGAAGCTGAGGCAGGAGAATTGCTTGAACTCGGGAGGCGGAGGTTGCAGTGAGCCGGGTTCCTGCCACTGTACTCCAGCCTGGGCAACAAGAGTGAAACTCTGTCTCAAATAAATAAA","GCCAGGTGCAGTGGCTCACGCCTGTAATCCCAGCACTTTGGGAGGCCGAGGCAGGCGGATCATTTGAGGTCAGGAGTTTGAAACCAGCATGGCCAACATGGTGAAACCCCATCTCTACTAAAAATACAAAAATTAGCCAGGCATGGTGGCGGGCACCTGTAAGCCCAGCTACTCGGGAGGCTGAGGCATGAGCATCACTTGAACCCGGGAGGCAGAGGTTGCAGTGAGCTGGGATCGTGCCACTGTACTCCAGCCTGGGCAACAAGAGTGACACTCTGTCTCAAAAAAAAAAAAAAAAA"
"chr1","92989477","92989787","KN296062v1","1513349","1513658","36","91476128","GGCTGGGTGCGGTGGCTCACACCTGTAATCCCAGCACTTTGGGAGGCCAAGGCGGGCGGATCACCTGAGGTCAGGAGTTCGAGACCAGCCTGCCCAACATGGCGAAACCCCATCTCTGCTGAAAATACAAAATATTAGTCAGGCTTGGTGGTGGGCACCTGTAATCCCAGCTACCCAGGAGGCTGAGGCAGGAGAATCGCTTGAACCCGGCAGGTGGAGGTTGCAGTGAGCCAAGATTGTGCCACTGCACTCCAGCCCGGGCAACAAGAGCAAAACTCTGTCTCAAAAAAAAATAAATAAATAAAATAAAA","GGCCGGGCACGGTGGCTCACGTCTGTAATCCCAGCACTTTGGGAGGCCGAGGTGGACAGATCACCTGAGGTCAGGAGTTCGAGACCAGCTGGCCAACATGGTGAAACCCCATCTCTACTGAAAATACAAAAAATCAGCCAGGCATGGTGGTGCGCACCTGTAGTCCCAGCTACTCAGGAGGCTGAGGCAGGAGAATCGCTTGAACCTGAGAGGCAGAGGTTGCAGTGAGCCGAGATCATGCCACTGTACTCCAGCCTGGGCAACAAGAGCAAAACTCCATCTCAAAAAAAAAAAAAAAAAAAAAAAAAAA"
"chr1","93014622","93014914","KN295112v1","416115","416402","45","92598507","GTGGCTCACACCTGTAATCCCAGCACTTTGGGAGGCCAAGGCAGGAGGATCACTTGAGGTCAGGAGTTTGAGATGAGCCTGGCCAACGTGGTGAAACAACATCTCTACCAAAAATACAAAAAAATTAGCCCAGTATGGTGGCATGCACCTGTAGTCCCAGGTACTCAGAAGGCTGAGGCAGAAGAATCACTTGAACCCATGAGGCGGAGGTTGCAATGAGCCAAGATGGCACCACTGCACTCCAGCCCGGGCAACAAGAGTGAAACTCCATTTCCAAAGGAAAAAAAAAGAAA","GTGGCTCACACCTGTAATCCAAGCACTTTGGGAGGCCAAGGCAAGAGGATCACTTGAGGTCAGGAGTTCAAGACCAGCCTGCCCAACATGGCAAAACCCCATCTCTACTAAAAACACAAAAATTAGCCAGTCATGATGGTGGGCACCTGTAATCCCAGCTACTGAAGATGCTGAAGCAGGAGAATCACTTGAACCCAAGAGGCGGAGGTTGCGATGAGCCGAGATTGTGCCACTGCACTCCAGCCTGGGCGACAGGAGTGAAACTCCATCTCAAAAAAAATAAATAAA"
"chr1","93033197","93033492","KN296320v1","198094","198393","41","92835103","GGCCGGGCACGATGGCTCACACCTGTAATCCTAGCACTTTGGGAGGCCAAGACGGGTGGATAGTTTGAAGCCAGGAGTTCAAAACCAGCCTGGCCAACATGGTGAAACCCGGTCTCTACTGAAAATACAAAAAATTAGCCAGGCATGGTGGTGGGCACCTGTAATTCCAGCTACTCGGGAGGCTGAGGTAGGAGAATCACTTGAACCCAGGAGGCAGAAGTTGCAGTGAGTCAAGATCACGTCACTGCACTCCAGCTTGGGCAAGAAGAGGGAAATTTTGTCTCAAAAAAAGAAAA","GGCCTGGCACAATGGCTCACACCTGTAATCCTGGCACTTTGGGTGGCCGAGACAGGTGGATTGCTTGAGGCCAGGAGTTCAAAACCAGCCTGGTCAACATGGTGAAACCGTGTCTCTACTAAAAATACAAAAAAATTAGCCGGGCGTGGTGGTGGGCTCCTGTAATCCCAGCTACTCGGGAGGCTGAGCCAGGAGAATCACTTGAACCCAGGAGGTGGAAGTTGCAATGAGTTATGATCATGTCGCTGTGCTCCAGCCTTGGCAACAAGAGAGAAACTCCATCTCAAAAAAAAAAAAAAA"
"chr1","93251888","93252044","KN295236v1","3777012","3777174","26","89474876","GGCATGGTGGTGGCTGCCTGTAATCCCAGCTACTTGAGAGGCTGAGGCAGGAGAACCACTTGAACCTGGGAGGCGGAGGTTGCGGTGAGCCGAGATGGCGCCACTGCACTCCAGCCTGGGCAACAAGAGCAAAACTAGGTCTCAAAAATAAAAGAAA","ATAAGCTGGGCATGGTGGCAGGCACCGTAATCCCAGCTACTTGGGAGGTCGAGGCAGGAGAACCGCTTGAACCTGGGAGGTGGAGGTTGCAGTGAGCCAAGATTGTGCCACTGCACTCCAGCCTGGGCAACAAGAGTGAAACTCCGTCTCAAAAATAAAAAAA"
"chr1","93289053","93289347","KN297197v1","1906448","1906757","58","91382605","CTGGGCACAGCGGCTCACGCCTGTAATCCCAACACTTTGGGAGGCCAAGGTGGGTGGATCACTTGAGGTCAGGAGTTATGGCAAAACCCTGTCTCTACTGAAAATACAAATATCAACCAGGCATGGTGGTGGGTGCTGGTAATCCCAGCTACTTGAGAGGCTGAGGCATGAGAATCACTTGAACCCGGGAGGTGGGGGTGGGGGTTGCAGTGAGCTGAGATCGCGCTGCTGCACTCTAGTCTGGGCAACAAGAGGGAAACTCCGTCTCAAAAAAAAAAAAAAGAAAGAAAGAAAA","GGCTGGGCACAGTGGCTCATGCTTGTAATTCCAGCACTTTGGGAGGCCGAGGTGGGTGGATCACCTGAGGTCAGGAGTTTGAGACCAGCCTGGTCAACATTGCAAAACCCCGTCTCTACTGAAAATACAAAATTAGCCCGGCGTGGTGGCAGGTGCCTGGAATCCCAGCTACTTGGGAGGCTGAGGCAGGAGAATCACTTGAACCCGGGAGGCAGAGGTTGCAGTGAGCTGAGATCACCCCACTGCACTCTAGCCTGGGCAACAAGAGTGAAACTCCGTCTCAAAGAAAAAAAAAAGAAAAAAAGAGAAA"
"chr1","93321729","93322016","KN295666v1","599906","600199","39","92721823","GGCTGGGCGTGGTGGCTCATGCCTGTAATCCCAGCACTTTGGGAGGCCAAGGCGGGTGGATCACGACGTCAGTAGTTCCAGACCAGCCTAGCCAACATGGTGAAACCCCGTCTCTACTAAAAATACAAAAATTAGCTGGTTGTGGTGGCTAGGGGCTGTAATCCCAGCTATTCAGGAGGCTGAGGCAGGATCACTTGAACCCAGGAGGTGGAGGTTCCAGTGAGCCGAGATTTTGCCACCGCACTGTAGCCTGGGCAACAATAGCGAAACTCCATCTCAAAAAAAAAA","GGCCGGGCGCGGTGGCTCACGCCTGTAATCCCAGCACTTTGGGAGGCCGAGGCGGGCAGATCACCTGAGGTCAGGAGTTCGAGACCAGCCTGGCCAACATGGTGAAACCCCATCTCAACCAAAAATACAAAAATTAGCTGGGTGTGGTGGTGGGTGCCTGTAATCCCAGCTACTAAGGAAGCTGAGGCAGGAGAATTGCTTGAACCCGGAAGATGGAGGTTGCAGTGAGCCGAGATTGTGCCACTGCACTCTAGCCTGGGCAACAAGAGCGAAACTCCGTCTGAAAAAAAAAAA"
"chr1","93331248","93331545","KN295171v1","416237","416530","48","92915011","GGCCTGGCACCGTGGCTCACACCTATAGGTTGAGGCAGGTGGATCACCTGAGGTCAGGAGTTCGAGACTGGCCTGGCCAACATGGTGAAACCCCTGTCTCTACTAATAATACAAAAAAATTAGCTGGGCGTGGTGGCGCATGCCTGTAATCTCAGCTACTTGGGAGGCTGAGGCAGGAGAATCGCTTGAACCTGGGAGGCGGAGGTTGCAGTGAGCTAAGATTGTGCCACTGCACTCCAGCCTGGGCAACAAGAGTGAAACTCCGTCTCAAAAAAACAAACAAACAAATAAAACAAAA","GGCCAGGCACAATGGCTCACGCCAGCTCAGGCCGAGGCAGGCAGATCATCTGAAGTCAGGAGTTTGAGACTATCTGGCTAACATGGTAAAACCCTGTCTCTATTAAAAATACAAAAAATTAGCCAGGCATGGTAGTGGGTGCCTGTAATCCCAGCTACTCGGGAGGCTGAGGCAGGAGAATCTCTTGAACCCGGGAGGTGGAGGTTGCAGTGAGCTGAGATCACACCACTGCACTCCAGCCTGGGCAACAAGAGCGAAACTCCATCTCAAAAAACAAAAAAACAAACAAAAAAA"
"chr1","93405761","93406072","KN296557v1","437116","437419","31","92968645","GGCTGGGCATGGTGGCTCACATCTGTAATCCCAGCACTTTGGGAGGCCGAGGCAGGCGATCGCCTAAGGTCAGGAGTTTGAGACCAGCCTGCCTAACATGGTGAAACCCCATTTCTATTAAAAATACAAAACATTAGCCAGGCATGGTGGCGTGCGCCTGTAATGCCAGCTACTGGGGACGCTGAGGCAGAAGAATCGCTTGAACCCAGGAGGTGGAGGTTGCAGTGAGCCGAGATCACACCACTGCACTCCAGCTTGGGCAACAAAAGCGAAACTTCATCTCGATAAAAACAAACAAACAAACAAACAAAA","GCCGGGCATGGTGGCTCACATTTGTAATCCCCGCACTTTGGGAGGCCGAGGCAGGTGGATCGCCTGAGGTCAGGAGTTCGAGACCAGCCTGCCTAACATGGTGAAACCCTGTTTCTATTAAAAATACAAAAAATTAGCCAGGCATGGTGGTGTGTGCCTGTAATCCCAGCTACTGGAGACGCTGAGGCAAAAGAATCGCTTGAACCCGGGAGGTGGAGGTTGCAGGGAGCTGAGATCGCACCACTGCACTCCAGCTTGGGCAACAAAAGTGAAACTTCGTCTCAATAAAAACAAACAAACAAAA"
"chr1","93440253","93440559","KN294172v1","4261970","4262272","41","89178283","GGCTGGGCGCAGTGGCTCACGCCTGTAATCCTAGCACTTTGGAAGGCCAAAGTGGGCGGATGGCTTGAGGTTAGGAATTTGAGACCAGCCTGGCCAACATGGTGAAACCACGTCTCCACTAAAAATACAAAAATTAGCCAGGCGTGGTGGCGGACACCTGTAATCCCAGCTACTAGGGAGGCTGAGGCAGGAGAATCGCTTGAACCCAGGAGATGGAGGTTGCAGTGAGCCGAGATCGAGTCACCGCACTCCAGCCTGGGCAACAAGAGGGAAACTCTGTCTCAAATAAATAAATAAATAAAATAAA","GGCCGGGCGCGGTGGCTCACGCCTGTAATCCCAGCACTTTGGGAGGCCGAGGCAGGTGCATCACCTGAGGTTGGGAGTTCCAGACCAGCCTGACCTACATGGTGAAACCCCATCTCTACTAAAAATACAAAAATTAGCCAGGCGTGGTGGTGGGCACCTGTAATCCCAGCTACTCGGGAGGCTGAGGCAGGAGAATTGCTTGAACCCAGGAGGCGGAGGTTGCAGTGAGCCGAGATTGCACCACTGCACTCCAGCTTGGGCAACAAGAGTGAAACTCCGTCTCAAAAAAATAATAATAATAAA"
"chr1","93467805","93468077","KN294235v1","266788","267059","35","93201017","GGCTGGGTGTGGTGGCTCATGCTTGTAATTCCAGCACTTTGGGAGGCTGAGGTGGGTGGATCACCTGAGGTCAGGAGTTCGAGTCCAGCCTGGCCAACATGGTGAAACCTCATCTCTACCAAAAATAAAAAATTAGCCGGGGATGGTGGCAAATGCCTGTAATCCCAGCTACTTGGGAGGCTGAGGCAGGAGAATTGCTTGAACCTGGGAGGCAGAGGTTGCAGTGAGCCAAGATTGCACCACTGCATTCCAGCCTGGGCAACAAGAGCAAAA","GGCCAGGTGTGGTGGCTCATGCCTGTAATCCCAGCACTTTGGGAGGCCGAGGTGGGTGGATCACCTGAGGTCAGGAGTTCGAGACCAGCATGGCCAACATGGTGAAATTCCATCTCTACTAAAAATACAAAAATTAGCTGGGTGTGGTGGCAGGTGCCTGTAATCCCAGCTATTCGGGAGGCTTGGGCAGGAATATTGCTTGAACCCGGGAGGTGGAGATTGCAGTGAGCCGAGATCACACTACTGCACTCCAGTCTGGGCAACAAGAGCAA"
"chr1","93531625","93531794","KN297215v1","545203","545376","26","92986422","GGTGTGGTGGCCGGGTGCCTGTAATCCCAACTACTCGGGAGGCTGAGGCAGGAGAATGGCTGAACCCAGGAGGTGGAGGTTGCAGTGAGCCAAGATCGCACCACCGCACTCCAGCCTGGGCAACAAGAGCGAAACTCCGTCTCAAAAAAAATAAAAAAATAAATAAAAAA","GGGTGTGGTGGTGGGCACCTGTTGTCCTAGCTACTCAGGAGGCTGAGGCAGGAGAATCACTTGAACCTAGGAGGCAGAGGTTGCAGTGAGCTGAGATCACACCACCGCACTCCAGCCTGGGCAACAAGAGCAAAACTCCGTCTCAAAAAAAAATAACAAAACAAAACAAGAAAA"
"chr1","93546884","93547205","KN295366v1","145957","146277","41","93400927","GGCTAGGCACAGTGGCTCATGCCTGTAATCCCAGCACTCTGGGAGGGCGAGGTGGGTGGATCACCTGAGGTCAGGAGTTCAAGACCAGCCTGACCAACATGGTGAAACCCCGTCTCTACTAAAAATACAAAAAATTAGCTGGGCATGGTGGCACGCTCCTGTACTCCCAGCTACTCGGGAAGCTGAGGCAAGAAAATCGCTTGAACCTGGGAGGCAGAGGTTGCAGTGAGCAGAGATCGTACCACTGCACTCCAGCCTAGGCAACAAGAGCAAAACTCTGTCTCAATAAATAAATAAATACATACGTAAATAAATAAATAAA","CGGGCGCAGTGGCTCACGCCTGTAATCCCAGCACTTTGGGAGGCCGAGGCGGGTGGATCGCCTGAGGTCAGGAGTTCAAGACCAGCCTGACCAACGTGGTAAAACCCTGCCTCTACTAAAAGTACAAAAATTAGTCGGGCATGGGTGGCAGGCACCTGTAATCCCAGCTACTCAGGAGGCTGAGGTAGGAGAATTGCTTGAACCTGGGAGGCGGAGGGTGCAGTGAGCTGAGATCGCACCAATGCACTCCAGCCTAGGCAACAAGAGCGAAACTCCGTCTCAAAAAAATAAATAAATAAATAAATAAATAAATAAAATAAA"
"chr1","94102093","94102389","KN295470v1","49643","49945","33","94052450","CTGGGCACAGTGGCTCGTGCCTATAATCCCAGCACTTTGGGAGGCAGAGGCAGGCGGATCACCTGAGGTCAGGAGTTCGAGATCAGCCTGGCCAACATAGTGAAACCCTGTCTCTACTAAAAATACAAAAATTAGCTGGGCGTAGTGGCGGGCGCATGTAATCCCAGCTACTAGGGAGGCTGAGGCAGGAGAATTGCTTGAACCTGGGAGGTGGAGGTTGCAGTGAGCCGAGATCACACCACTGCACTCCAGCCTGGGCAAAAAGAGTGCAACTCCATCTCAAAAAAAAAAAAAAAA","GACTGGGCACGGTGGCTCATGCCTGTAATCCCAGCACTCTGGGAGGCTGAGGCAGGTGGATTACCTGAGGTCAGGAGTTCGAGACCAGCCTGGCCAACATGGTGAAACCCTGTCTCTACAAAAAATACAAAAATTAGCTGGGCATGGTGGTGGGCGCCTGTAATCCCAGCTGCTCGGGAGGCTGAGACCAGAGAATGACTTGAACCCGGGAGGTGGAGGTTGCAGTGAGCTGAGATCACACCACTGCACTCCAGTCTGGGCAACAAAGAGCAAAACTCCATCTCAAAAAAAAAAAAAAAAAAA"
"chr1","95230155","95230444","KN295814v1","1558400","1558704","49","93671755","GCCAGGCGTGGTGGCTCACGCCTGTAATCCCAGCACTTTGGGAGGCCGAGGCAGGTGGATCACCTGAGCTCAGGAGTTTGAGACCAGCCTGGTGAAACCCCATCTCTACTAAAAATATAAAATTAGCTGGGCGTGGTGGCATGTGCCTGTAATCCCAGCTGCTCAGGAGGCTGAGGTGGGAGAATCGCTTGAATCGTGGAGGTTGCAGTGAGCCGAGATTGTGCCACCACTGCACTCCAGCCTGGGCAAAAAGAGTGAAACTCAGTCTAAAAAAAAGAAAAAGAAAAAAA","GCTGGGCACGGTGGCTCACGCCTGTAATCCCAGCACTTTGGGAGGCCGACGCAGGTGGATCACCTGAGGTCAGGAGTTTGAGACCAGCCTGGCCAACATGGTGAAACCCCGTCTCTACTAAAAATACACAAATCAGCCAGGCGTGGTGGCAGGCGCCTGTAAGCCCAGCTACTCAGGAGGCTGAGGCAGGAGAATTGCTTGAACTCGGGAGGCAGAGGTTGCAGTGAGGCGAGATTGCGCCACAGCACTCCAGCCTGGGCAACAAGACTGAAACTCCGTCTGGAAGAAAAAAAAAAAAAAGAAAA"
"chr1","95633786","95634074","KN296096v1","2743314","2743604","30","92890472","GCCAGGCGCGGTGGCTCACGCCTGTAATCCCAGCACTTTGGGAGGCCGAGGCGGGCGGATCACCTGAGGTCAGGAGTTTGAGACCAGCTTGGCTAATATGGTGAAACCCCATTTCTACTAAAAATACAAAAAATTAGCCGGGCGTGGTGGCGTGCACATGTAATCCCAGCTACTCGGGAGGCTAAGGCAGTAGAATCGCTTGAACCTGGGAGGTAGAGGTTGCAGTGAGCCAAGATCACACCACTGCACTCCAGCTTGGGCAACAAGAGCAAAACTCCGTCTCAAAAAA","GGCCGGGCACAGTGGCTCACGCCTGTAATCCCAGCACTTTGGGAGGCTGAGGTGGGCGGATCACCTGAGGTCAGGAGTTCGAGACCAGCCTGGCTAACAGGGTGAAACCCCATTTCTACTAAAAATACAAAAAAATTAGCCAGGCATGGTGGCGTGTGCCTGTAATCCCAGCTACTTGGGAGGCTGAGGCAGGAGAATCACTTGAACCCAAGAGGCAGAGGTTGCAGTGAGCCAAGATCATGCCACTGCACTCCAGCTTAGGCAACAAGAGCGAAACTCCATCTCAAAGAA"
"chr1","96259792","96260081","KN294592v1","1149325","1149619","48","95110467","GGTGGCTCATGCCTGTAATCTCTGCAGTTTGGGAGGCCAAGGCCGGTAAATCACCTGAGGTCAGGAGTTCGAGACCAGCCTGGCCAACATGGTGAAATGCCGTTTCTACTAAAAACACAAAAACTTAGCATGTGGTGGCATGTGCCTCTAGTCCCAGCTACTCCAGAGGATAAGGCAGGAGAATCACTTGAACCCGGGAGGCAGAGGTTGCAGTGAGCCGAGATTGTGCCACTGCACTCCAGCCTGGGCAACAGGAGCAAACAAAAGAAAACAAAAACGAAAACAAAAAA","GGTGGCTCAGGCCTGTAATCCCAGCACTTTGGGAGGCCAAAGCAGGTAGATCCCCTAAGGTCAGGTGTTCGAGACCAGCCTGGCTAACATGGTGAAACCCCGTTTCTACTAAAAATTCAAAAAATAAACCAGGTGTGGTGGCGAGTGCCTGTAATTCCAGCTACTCCAGAGGCTAAGGCAGGAGGATCGCTTGAACCCAGGAGGCAGAGGTTGCAGTGAGCCGAGATCGTGCCACTGCACTCCAGCTTTGGCAACAAGAGCGAAACTCCATCTCAAAAAAGAAAAAAGAAGAAAA"
"chr1","96426350","96426493","KN294571v1","1592697","1592838","21","94833653","GACCAGGTGCGGTGGTTCACACCTGTAATCCCAGCACTTTGGGAGGCCAAGATACGTGGATCGCCTGAAGGTCAAGAGTTTGAAACCAGCTTGGCCAACATGGTGAAACCCTGTCTCTACTAAAAATACAAAAAATTGGCTACA","GGCTGAGTGCGGTGGCTCACACCTGTAATCCCAGCACTTTGGGAGGCTGAGGTGGGTGGATCACCTGAGGTCAGGAGTTTGAGACCAGCCTGGCCAACATGGTGAAGCCCTGTCTCTACTAAAAATATAAAAAATTAGTCGA"
"chr1","96426804","96426984","KN295692v1","2229933","2230108","31","94196871","CCCCAAAAACAAATTAGCCAGGTGTGGTCATGGGCACTTGTAATCCCAGCTACCTGGGAGGCTGAGGCAAAATAATTGTTTGAACCTGGGAGGTGGAGGTTGCAGTGAGCCAAGATTGCACCACTGCACTCCAGCCTGGGCAACAAGAACAAAACTTCACCTAAAAAAAAAAAAACAAAAA","ATACAAAAATTAGCCAGGGGTGGTGGCGGGCACCTGTAATCCCAGCTACTTGGGAGGCTGAGTCAGGAGAATCAGTATAACCCGGGAGATGGAGGTTGCAGTGAGCCAAGATCGTGCCACTGCACTCCAGCCTGGGCAACAAGAGCAAAACTCCATCTCAAAAAAAAAAAAAAAAA"
"chr1","98310103","98310463","KN294509v1","45439","45805","87","98264664","GGCCGGGCGTGGTGGCTCATGCCTGTAATCTCTGCACTTTGGGACGCCGAGGCAGGTGGATCACCTGGGGCCAGGAGTTCGAGACAAGCCTGGCCAACATGATGAAACCCCGTCTCCACTAAAAATAAAAAAAATTAGCTGGACANNNNNNNNNNNNNNNNNNNNACGAACCCGTCCNCCAACTAAAATAAAAAAAATTAGCTGGACATGGTGTCACATGTCTATAATCCCAGCTACTCAGGATGCTGAGGCAGGAGAATTGCTTGAACCCTGGAGGCAGAGGTTGCAGTGAGACGAGATCGTGCCACTGCACTCCAGCCTGGGCAACAAGAGCAAAACTCCGACCTAAAAAAAAAAAAAA","GGTCAGGCACGGTGGCTCATGCCTGTAATCCCAGCACTTTGGGAGGCCGAGGCAGGCGGATCACATGAGGTCAGGAATTCAGGACCAGTCTGGCCAACGTGAAACCCCGTCTCTACTAAAAATACAAAAATTAGCTGGGTGTGAGGGACCAGTCTGGCCAACGTGAAACCCCGTCTCTACTGAAAATACAAAAATTAGCTGGGTGTGGTGGCAGGTGCCTGTAATCCCAGCTACTTGGGAGGCTGAGGCAGGAGAATAGCTTGAACGTGGGAGGCAGAGGTTGCAGTGAGCCAAGATTGTGCCACTGTACTCCAGCCTGGGCAACAAGAGCAAAACTCCATCTCAAAAAAATACAAAAAAACAAAAA"
"chr1","98823261","98823560","KN294439v1","300738","301034","31","98522523","GGCTGGGTGTGGTGGCTCATGCCTGTAATCCCAGCACTTTGGGAGGCCAAAGCAGGCAGATCACTTGAGGTCAGGAGTTTGTGACCAGCCTGACCAACATGGTGAAACCCCGTCTCTACTAAAAATACAAAAAATTAGTCAGGCATGGTGGCAGGTGCCTGTAATCCCAGCTACTCAGGAGGCTGAGGCAGGAGAACTGCTTGAACCCAGGAGGCAGAGGTTGCAGTGAGCCGAGATTATGCCACTGCACTCCAGCCTGGGCCACAGGAGTGAAACTCAATCTCCAAAAAAAAAAAAAAA","GGCCGGGTGCGGTGACTCACGCCTGTAATCCCAGCACTTTGGGAGGCCAAAGCGGGTGGATCACCTGAGGTCAGGAGTTTGTGACCAGCCTGGCCAACATGGTGAAACCCCGTCTCTACTAAAAATACAAAAAATTAGCCAGGCATGGTGGCAGGCGCCTGTAATCCCAGCTACTCGGGCAGCTGAGGCAGCAGAATCGCTTGAACCCGGGAGGTGGAGGTTGCAGTGAGCCAAGATCACGCCACTGCACTCCAGCCTGGGCAACAAGAGCGAAACTCTGTCTCAAAAAAAAAAAAA"
"chr1","98848249","98848543","KN295236v1","753928","754234","41","98094321","GGCCAGGCACAGTGGCTCATGCCTATAATCCCAACACTTTGGGAGGCCAAGACAGGCAGATCACCTGAGGTCAGGAGTTCGAGACCAGCCTGGCCAACATAGCGAAACCCCATCAAGTACAAAAATTAGCAGGGCGTGGTGGTGGGAACCTGTAATCCCAGCTACTCAGGAGGCTGAGGCAGGAGAATGGCTTGAACCCAGGAGGCAGAGATTGTAGTGAGCTGAGATCGCATCACTGCACTCCAGCCTGGGCAACAAGAGCAAGACTTCATCTAAAAAAAAAAAAAAAAAAAAA","GCTGGGCACGGTGGCTCACGCCTGTAATCCCACCACTTTGGGAGGCTGAGGCAGGCGGATCACCTGAGGTCAGGAGTTCGAGACCAGCCTAGCCAACATGGCGAAAACCCATCTCTACTAAAACTACAAAACATTAGCTGGGCATGGTGGTGGGCACCTGTAATCCCAGCTACTTGGGAGGCTGAGGCAGGAGAATTGCTTGAACCCAGGAGGCAGAGGTTGCAGTGAGCTGAGACCGCACCACTGCACTACAGCCTGGGCAACAAGAGCGAGACTCCATCTCAAAAAAAAAAAAAAAAAAAAAAAA"
"chr1","99267913","99268222","KN295294v1","849337","849645","37","98418576","GGCCAGGCATGATGGCTCCCGCCTGTAATCCCAACACTTTGGGAGTCCAAGGCAGGTGGATCACCAAGGTCAGGAGTTCAAGACCAGCCTGGCCAACATGGTGAAACCCTGTCTCTACTAAAAATACAAAAATTAGCCAGGCATGGTCGTGGGTGCCTGTAATCCCAGCTACTCAGAAGGCTGAGGCAGGAGAATCACTTGAACTCCAGAGGTGGAGGTTACAATGAGCCGAGATCACGCCACTGCACTCCAGCCTAGGCAACAAGAGTGAAACTCTGTCTCAAAATAAATAGATAAATAAAAATGAAAA","GGCCGGGCACTGTGGCTCACGCCTGTAATTCCAGCACTTTGGGAGGCCAAGGCAGGTGGATCACCTGAGGTCAGGAGTTCGAGACCAGCCTGACCAACATAGTGAAACCCCATCTCTACTAAAAATACAAAAATTAGCTGGGCATGGTGGTGGGCGCCTGTAATCCCAGCTACTCCAGAGGCTGAGGCAGGAGAATTGCTTGAACCCAGGAGGCGGAGGTTGCAGTGAGCCGAGATCACGCCACTGCACTCCAGCCTGGGCAACAAGAGTGAAACTCCATCTCCAAAAAAAAAAAAAAAAAAAAGAAAA"
"chr1","99475297","99475604","KN294493v1","393207","393512","36","99082090","GCCGGGCATGGTGGCTCATGCTTGTAATTCCAGCACTTTGGGAGGCCAAGGTGGGTGGATCAACTAAGGTCAGGAGTTTGAGGCCAGCCTGGCCAATATGATGAAACCCTGTCTCTACTAAAAATACAAAAAATTAGCCAGGCATGGTGGTGGGTGCCTGTAATCCCAGCTACTCGGGAGGCTGAGGCAGGAGGATCACTTGAACCCGGGAGGCAGAGGTTGCAGTGAGCCGAGATTGTGCCACTGCATTCCAGCCTGGGAAACAAGAGTGAAACCATCTCACAGAAAAGAAAAAACAAAAACAAAAA","GGCCAGGCATGGTGGCTCAAGCCTGTAATCCCAACACTTTGGGAGGCCAAGGTGGTTGGATCACCTGAGGTCAGGAGTTCGAGACCAGCCTGGCCAACTTAGTGAAACCCTGTCTCTACTAAAAATACAAAAAATTAGCCAGGCGTGGTGGCAGGCACCTGTAATCCCAGCTACTCGGAGGCTGAGGCAAGAGAATCACTTGAACCCAGGAGGTGGAGGTTGCAGTGAGCCGAGATGGTGCCACTGCATTCCAGCCTGGGTAATAAGAGTGAAACCCCATCTCAAAAAAAAAAAAAAAAAAAAAAA"
"chr1","99820063","99820338","KN295995v1","775102","775384","56","99044961","GCTGGGCGCAGTGGCTCATGCCTGTAATCCCAGCACTTTTGGAGGCTGAGGTGGGTGGATCACCTGAGGTCGGGAGTTCAATACCAGTCTCTACTAAAAATACAAAAATTAGCTGGGGGTGGTGGCAGGCACTTGTAATCCTAGCTACTCAGGAGGCTGAGGCAGGAGAATCGCTTTGGAGGCGGAGGCTGCGGTGAGCCGAGGTTGCACTACTGCACTCCAGCTTGGGCAATAAGAGCAAAACTCTGTCTACAAAAAAAAAAAAAAGAAAAGAAA","GGTCGGGTGCGTTGGCTCATGCCTGTAATCCCAGTGCTTTGGGAAGCCGAGGTGGGTGGATCATCTGAGGTTGGGAGTTTGAGACCAGCCTGAAAAATACAAAATTAGCCGGGTGTGGTGGTGGGCACCTGTAGTCCTAGCTACTCGGGAGGCTGAGGCAGGAGAATTGCTTGAACACAGGAGGTGGAGGTTGCAGTGAGCTGAGATCATGCCACTGCACTCCAGCCTGGGCAACAAGAGCGAAACTCCATCTCAAAAAAAAAAAAAAAAAAGAAGAAGAAAA"
"chr1","99885352","99885634","KN295907v1","1624481","1624768","63","98260871","GCAGTGGCTGACACCTGTAATCCCAGCACTTTGGGAGGCTGATATGGGCAATCACTTGAAGCCAGGAGTTTGAGACCAGCCTGGCCAACATAGTGAAACACTGTGTCTACTAAAAATACAAAAATTAGCCAGGTGTGTAATCCCAGCTACGTGTAATCCCAGCTACTCAGGTGGCTGAGGCAGGACAGTTGCTTGAATTTAGGAGGCAGAGGTTGCAGTGAGCCAAGACTGTGCTACTGCATTCTAGCCTGGGCAAAAAAAAAAGAAAAAAGAAAAAGAAAAA","CACGGTGGCTCACACCTGTAATCCCAGCACTTTAGGAGGCCGAGGTGGGCAGATGGCCTGAGGTCAGGAGTTTGAGACCAGCCTGGCCAACGTGGTGAAACCCTGTCTCTACTAAAAATACAAAAATTAGCCAGGCATGGTGGTGCGTGCCTGTGATCCCAGCTACTCGGGAGGCTGAGGCAGGAGAATCGCTTGAACCCGGGAGGCAGAGGTTGCAGTGAGCCGAGATCAAGCCACTGCACTCTGGCCTGGGCAACAAGTGCAAAACTCTGTCTCAGAAATAAAAAA"
"chr1","100157654","100157951","KN296508v1","1861452","1861744","49","98296202","GACTGGGCGTGGTGGCTCATGCCTGTAATACCAGCACTTTGAGAGGCCAAGCTAGGCGGGAGTTTGAGACCTGGGGTCAGGAGTTCGAGACCACCCTGGCCAACATGCTGACAACCCATATTTACTAAAAATATAAAAATTAGCCAGGTGTGGTGGCTCACACCTGTAATCCCAGCTACTTGGGAGGCTGAGGTGGGAGAATCGTTTGAACCCAGGAGGCGGAGGTTGCTGTGAGCTGAGATCGTGCCACTGCATTCCAGCCTGGGCTACAAGAGCAAAATTCCATTTCAAAAAAAAA","GGCCAGGCGCGGTGGTTCATGCCTGTAATCCCAGCACTTTGGGAGGCCGAGGTGGGTGGATCACCTGAGGTAAGGAGTTCGAGACCAGCCTGGCTAACATGGTGAAACCCCATTTCTACTAAAAATACAAAAAATTAGCTGGGCATGGTGGCACACGCCTGTAATCCCAGCTACTTGGGAGGCTGAGGCAGGAGAATGGCTTGAACCCAGGAGGCAGAGGTTGCAGTGAGCTGAGATCATGCCACTGCACTGCAGCTTGGGCAACAAGAGCAAAACTCCGTCTCAAAAAAAAA"
"chr1","101328741","101329047","KN294581v1","142146","142447","37","101186595","GGCCGGGCTCGGTGGCTCACGCCTGTAATCCCAGCACTTTGGGAGGCCGAGGCAGGAGGATCACCTGAGGTCAAGAGTTCAAGACCATCCTGGTCAACATGGTGAAACCCTGTCTCTACTAAAAATACAAAAAATTAGCCAGGTGTGGTGGCACGCACCTGTGGTCCCAGCTATTGGGAAGGCTGAGGCAGGAGAATCACTTGAACCCAGGAGACAGAGGTTGCAGTGAGCCGAGATTGTGCCACTGCACTCCAGCCTGGGCTACAAGCGCGAACTCTATCTACGAAAAAAAAAAAAAAGAAAGAAA","GGCTGGGCACAGTGGCTCACACCTGTAATCCTAGCACTTTGGGAGGCCGAGGCAGGTGGATCACCTGAGGTCAGGAGTTTGAGACCAGCCTGGTTAACATGGTGAAAACCTGTCTACTAAAAATACAAAAAATTAGCCAGGTGTGGTGGTAGGCACCTGTAGTCCCAGTTACTTGGGAAGCTGAGGCAGGAGAATCGCTTGAACCCTGGAAGCAGAGGTTGCAGTGAGCCGATTGTGCCACTGCACTCCAGCCTGGGCAACAAGAGTGAGGCTTTGTCTCAAAAAAAAAAAAAAAAAAAGAA"
"chr1","101333683","101333993","KN296865v1","1933794","1934101","41","99399889","GGCCTGGCGCAGTGGCTCACATCTGTAATCCTAGCACTTTGGGAGGCTGAGGTGGGTGGATTATCTGAGGTCAGGAGTTCAAGACCAGCCTGGTCAACATGGTGAAACCCCGTCTCTACTAAAAATACAAAAAATTAGCTGGGTGTGGTGATGTGCGCCTATAATCCCAGCTACTGGGAAGGCTGAGGCAGGAGAATAGCTTGAACCCGGGAGGCAGACATTGCATTGAGCTGAGATTACGCCACTGCACTCCAGCCTAGGCAACAAGGGCAAAACTCTGTCTACAAAAAAATAAAATAAAAATAAATAAA","GGCCAGATGCGGTGGCTCACGCCTGTAATCCCTGCACTTTAGAAGGCTGAGGCAGGTGGATCACCTGAGGTCAGGAGTTCGAGACCAGCCTGGCCAACATGATGAAACCCTGTCTCTACTAAAAATACAAAAAATTAGCTGGGTGTGGTGGTGCACGCCTATAATCCCAGCTACTCAGGAGGCTGAGGCAGGAGAATAGCTTGAACCTGGGAGGCAGAGGTTGCAGTGAGCCAAGATCACGCCACTGCACTCCAGCCTGGGCAACAAGAGTAAAACTCCATCTCAAAAAAAAAAAAAAAAAAAAAAAA"
"chr1","101448339","101448625","KN296731v1","1599838","1600125","34","99848501","GGCCGGGCACGGTGGCCCACACCTATAACCTTAGCACTTTGGGAGGCCAAGGTGGGTGAATCACCTGAGGTCAGGAGTTCGAGACCAGCCTGGCCAACATGGTGAAACCTCATCTCTACTAAAAATGCAAAAAAAATTTAGCTGGGCATGGTGGCACGTGCCTGTAATCCCAGCTACTCGGGAGGCTGAGGCAGGAGAATCACTTGAACCTGGGAGGTGGAGGTTGCAGTGAGCCAGCATTGCGCCACAGCACTCCAGCCTGGGCAACAAGAGTGAAACTCCATCTC","GGCCAGGTACGGTGGCTCACGCCTGTAATCCCAGCACTTTGGGAGGCCAAGGCGGGCAGATCACCTGAGGTCAGGAGTTCAAGACCAGCCTGGCCAACATGGTGAAACCTCATCTCTACTAAAAGTACAAAAAAAAAATTAGCCAGGCATGGTGGTGCACATCTGTAATCCCAGCTACTTGAGAGGCTGAGGCACAAGAATCACTTGAACCCAGGAGGTGGAGGTTGCAGTGAGCCAAGATTGCACCACTGCACTCCAGCCTGGGCAACAAGAGTGAAACTCCATCTC"
"chr1","101453621","101453906","KN296635v1","126740","127032","35","101326881","GGCCGGGCGCAGTGGCTCATGCCTGTAATCTCAGTGCTTTGGGAGGCCAAGGCTGGTGGATCACCTAAGGTCAGGAGTTCGAGATCAGCCTGGCCAACATGGTGAAACCCTGTCTCTACTAAAAAAATCAGCCAGGCGTGGTGGTGCACACCTGTAATCCCAGCTACTCGGGAGGCTGAGGCAGGAGAATCACTTGAACCCTGGAAGCGGAGTTTGCAGTGAGCCGAGATCGTGCCACTGCACTCCAGCCTGGGCAACAAGAGTGAAACTCCGTCTCAAAAAAAAA","GGTTGGGTACAGTGGCTCACGCCTGTAATCCCAGCACTTTGGGAGGCCAAGGTGGGTGGATCACCTGAGGTCAGGAGTTCGAGACCAGCCTGGCCAACATGGTGAAACCCCTGTCTCTACTAAAAATACAATGAGCCAGGCGTGGTGGTGGGCACCTGTAATCCCAGCTACTCAGGAGGCTGAGGCAGGAAAATCGCTTGAACCCAGGAGGTGGAGGTTGCAGTGAGCCAGGATCATGCCACTGCACTCCAGCTTGGGCAACAAGAGCGAAACTCCATCTCAAAAAAAAAAAA"
"chr1","101587623","101587936","KN296865v1","1933794","1934101","32","99653829","GGCCAGGCGCAGTGGCTCATGCCTGTAATCCCTGCACTTTGGGAGGCTGAGGAGGGTGGATCACCTGAGGTCAGGAGTTTGAGACCAGCCTGGCCAACATGATGAAACCCTGTCTCTACTAAAAATACAAAAAATTAGCTGAGCATGGTGGTGTGCACCTGTAATCCCAGATACTCAGGAGGCTGAGGCAGGAGAATTGCTTGAACCTGGGAGGCAGAGGCTGCAGTGAGCCAAGATCGTGCCACTGCACTACAGTCTGGACAACAAGAACAAAACTCCATCTCAAAAAAAAAGAAAAGAAAAGAAAAGAAAAA","GGCCAGATGCGGTGGCTCACGCCTGTAATCCCTGCACTTTAGAAGGCTGAGGCAGGTGGATCACCTGAGGTCAGGAGTTCGAGACCAGCCTGGCCAACATGATGAAACCCTGTCTCTACTAAAAATACAAAAAATTAGCTGGGTGTGGTGGTGCACGCCTATAATCCCAGCTACTCAGGAGGCTGAGGCAGGAGAATAGCTTGAACCTGGGAGGCAGAGGTTGCAGTGAGCCAAGATCACGCCACTGCACTCCAGCCTGGGCAACAAGAGTAAAACTCCATCTCAAAAAAAAAAAAAAAAAAAAAAAA"
"chr1","102929962","102930257","KN295244v1","318312","318607","39","102611650","GCTGAGCAAGGTGGCTCACACCTGTAATCCCTGCACTTTGGGAGGCCAAGGTGGGAGGATCACCTGAGGTCAGGGGTTTGAGATCAACCTGGCCAACATGGTGAAACCTTGTCTCTACTAAAAATAAAAAATTAGCCAGACGTGGTAGTGGGTGCCTGTAATCCCAGCTACTCGGGTGGCTGAGGCAGGAGAATTGCTTGAACCAGGGAGGTGGAGGTTGCACTGAGCAGAGATTGTGCCACTGCACTCCAGCCTGGGCAACAGGAGCAAAACTGTGTCTCAAAGAAAAAAAAAAA","GGCTGGGCACGGTGGCTCATGCCTGTAATCCCAACACTTTGGGAGGCCAAGGTGGGTGGATCACCTGAGTTCAGGAGTTCGAGACCAGCCTGGCCAACATGGTGAAACCCTGTCTCTATTAAAAATACAAAAATTAGCCAAGCATGGTGGCAGGCGCCTGTAATCCCAGCTACTCAGGAGGCTGAGGTAGGAGAATTGCTTGAACCTGGGAGGCAGAGGTTGCAGTGAGCCGAGATCATGCCTCTGCACTCCAGCCTGGGCAACAAGAGCAAGACTCTGTCTCAAAAAAAAAAAAA"
"chr1","103658300","103658640","KN297032v1","164398","164714","76","103493902","GGCTGGGTGCAGTAGCCCATGCCTGTAATCCCAGCACTTTGGGAGGCTGAGGTGGGTAGATCACTGGAGTTCAGGAGTTCAAGGAGGTGGGTAGATCACTGGAGTTCAGGAGTTCAAGACCAGCCTGGCCAACATAGTGAAATCCCATCTCTACCAAAAATACAAAAGTTAGCCAGGTGTGGTGGGGGGCACCTGTAATCCCAGCTACTTGGGAGTCTAAGGAGGAGAATTGCCTGAACTGGGAGGCAGAGGCTTCAGTGAGCCAAGATTCTGCCACTGCACTCTAGCCCAGGCAACAAGAGCGAGATTCCATCTCAACAATAAAAAATAATAAAAACAAA","GGCCAGGCACAGTGGCTCATGCCTGTAATCCCAGCACTTTGTGAAGCTGAGGCAGGCGGATCACCTGAGGTAGGCGGATCACCTGAGGTCAGGAGTTTAAGACCAGCCTGGCCAACATAGTGAAACCCCGTCTCTACTAAAAATACAAAAATTAGCCGGGTGTGGTGACGGACACCTGTAATCCCAGATATTTGGGAGGCTTAGGCAGGAGAATCGCTTGAACCCAGGAGGCAGAGGTTGCAGTGAGCCGAGATAGTGCCACTGCACTCCAGCCTGGGCAACAAAAGTGAAACTCCATCTATAAATAAATAAATAAA"
"chr1","104729761","104730064","KN296984v1","21323","21643","45","104708438","GGCCAGGTGCGGTGGCTTATGCCTGTAACCCCAGCACTTTGAGAGGCCAAGGCTGGTGGATCACCTGAGGGCAGGAGTTCAAGACCAGCCTGGCCAACATGGTGAAACCTTGGCTCTACTAAAAATACAAAAATTTGCTGGGTGTGGTGGCATGCACCTGTAATCAAAGATACTCAGGAGGCTGAGGCAGGAGAATAGCTTGAACCCCGGAGGAGGAGTTTGCAGTGAGTAGAGATTGTGAGATCGTGTCGCTGCATTCCAGCTTGGGCAACAAGAGCGAAATTCTGTCTCAAAAAAAAATAAA","GGCCAGGTACAGTGGCTCATGCCTGTAATACCAGAACTTGGAGAGGTCAAGGCTGGTGGATCACCTGAGGACAGGAGTTCAAGACCAGCCTGGCCAACATAGTAAAACCTTGGGTCTACTAAAAATACAAAAATTTGTTGGGTGTGGTGGCATGCACATGTAATCCAAGCTACTCAGGAGACTGAGGCAGGAGAATCACTTGAACCCTGGAGGAGGAGTTTGCAGTTAGTAGAGATCATGAGATTGTGTCACTGCATTCCAGCTTGGGCAGCAAGAGCAAAATTCTGTCTCAAAAAAAAAAAAAAAAAAAAAAAAAAAAAA"
"chr1","105359418","105359624","KN296322v1","586770","586970","38","104772648","TTTGAGACCAGCCTGGCCAACATACTAAAAGTACAAAAATTAGCTGGGCATGGTATCTGGCACCTGTAATCCCAACTACTTAGGAGGCAGAGGCAGGAGAATTGCTTGAACCCAGGAGGTGGAGGTTGCAGTGAGCCGAGACTGCGCCACTGCACTCCAGCCTGGGCAACAAGAATGAGACTCCGTCTCAAAACAAACACAAAAAAA","GGCGAAACCTCGTCTCTACTATAAGTACAAAAATTAGCCAGGCGTGGTGGCGGGTGCCTGTAATCCCAGCTACTAGGGAGGCTGAGGGAGGAGAATTGCTTGAACCCAGGAGGTGGAGGTTGCAGTGAGCCAAGAACGTGCCACTGCACTCCAGCCCTGGGCAACAAAAGCGTGACTCCGTCTCAAACAAACAAACAAAAA"
"chr1","106225272","106225416","KN295232v1","307361","307489","38","105917911","GCATGATGGCTCCCTGCAATCCCAGCACTTTGGGAGGCTGAGGCAGGAGGATCACTTAAGGCCAGGAGTTAGAGGTTGCAGTAAATCCTGATGTGGCCACCTCACTCCTGTTTGGACATCCACAAAAAAAAAAAAAAAAAAAGAA","TTAGTTCAGCATGATGACTCCCTGCAATCCCAGCATTTTGGGAGGCTGAGGCAGGAGGATCACTTAAGGCCAGGAATTAGAGGTTACAGTAAATCCTGATCTGGCTACCTCACTCCTGTTTGGACATAA"
"chr1","107340383","107340647","KN297403v1","3928","4192","41","107336455","GGGAGGTCGAGGTGGGTGGATCACCTGAGATCAGAAGTTCAAGACCAGCCTGGTCAACATGGTGAAAACCCGTCTCTACTAAATATACAAAAAACTAGCTGGGCGTGGTGGTGGGTGCCTGTAATCCCAGCTACTCAGGAGGCTGAGGCAGGAGAATTTCTTGAACCCGGGAGGTGAAGGTTGCGGTGAGCCAAGATCGCTCCACTGCACTCCAGCCTGGGCAACAAGAACGAAACTTCGTCTAAAAAACAAACAAAAAACAAAA","TGGGAGGCCGAGGCGGGTGGATCACCTGAGGTCAGGAGTTCGACACCAGCCTGGCCAACATGGCAAAACCCCATCTCTACTAAAAATATACAAAATTAGCTGGGTGTGGTGGTGGGTGCCTGTAATCCCAGCTACTCAGGAGGCTGAGGCAGGAGAATCGCTTGAAACAGGGAGGCAGAGGTTGCAGTAATCCGAGACTGTGCCACTGCACTCCAACCTGGGCAACAAGAGTGAAACTCCATCTCAAAAAAAAAAAAAAAAAAAA"
"chr1","107650317","107650618","KN294959v1","760738","761035","32","106889579","GGCCAGGCATGGTGGCTCACGCCTGTAATCACAGCACTTTGGGAAGCTGAGGCAGGTGGATCACCTGAGGTCAGGAGTTCGAGACCAGCCTGGCCAACACAGTGAAACCCCGTCTCTACTAAAAATACAAAAAAGTAGCAGGGCCTGGTGATGGATGCCTGTAATCCCAGCTACTCAGGAGGCTGAAGCAGGAGAATCCCTTGAACCAGAGAGGCAGAGGCTGCAGTGAGCTGAGATCACACCACTGCACTCCAGCCTGGGCAACAAGAGTGAAACTCCATCTCAAAAAATAAATAAATAAA","GGCCAGGCATGGTGGCTCACGCCTGTAATCCCCGCACTTTGGGAGGCCGAGGCGGGTGGATCACCTGAGGTCAGGAATTCGAGATCAGCCTGGTCAACATGGTGAAACCCCGTCTCTACTAAAAATACAGAAAAGTAGCAGCCCCTGGTGGTGGATGCCTGTAATCCCAGCTATTCAGGAGGTTGAAGCAGGAGAATCCCTTGAACCAGGGAGGCAGAGGTTACAGTGAGCCGAGATCATGCCACTGCACTCCAGCCTGGGCAACGAGAGTAAAACTCTGTCTCAAAAAACAAAACAA"
"chr1","109243680","109243992","KN295263v1","118995","119308","24","109124685","GCCAGGCATGGTGGTTCATGCCTGTAATCCCAGCACTTTGAGAGGCTGAGGCAGGCGGATCACCTGAGGCCAGGAGTTCGAGACCAACCTGGCCAACATGGTGAAACCCTGTCTCTACCAAAAATACAAAAAAGTTAGCCAGGTGTGGTGGCAGGTGCCTGTGATTCCAGCTACTTGGGAGGCTGAGGCAGGAGAATCACTTGAACCTGGGAGGTGGAGGTTGCAGTGAGCCGAGACTTTGCCACTGTACTCCAGCCTGGGCAACGAGAACGAAACTCTGTCTCAAAACAAAACAAAACAAAACACCAAAAAA","GGCTGGGCATGGTGGCTTGTGCCTGTAATTCCAGCACTTTGAGAGGCTGAGGCAGGTGGATCACCTGAGGTCAGGAGTTCAAGACCAACCTGGCCAACATGGTGAAACCCTGTCTCTACTAAAAATACAAAGAAGTTAGCCAGGTGTGATGGCAGGTGCCTGTGATCCCAGCTACTTGGGAGGCTGAGGCAGGAGAACCCCTTGAACCCAGGAAGTGAAGGTTGCAGTGAGCTGAGACCTTGCCACTGTACTCCAGCCTGGGCAACAAGAATGAAACTCTGTCTCAAAACAAAACAAAACAAAACACCAAAAAA"
"chr1","109554770","109555078","KN295371v1","551008","551309","36","109003762","GGCTGGACAGGGTGGTTCACCCCTGTAATCCCAGCACTTTGGGAGGCCGAGGCGGGTGGATCACCTGAGGTCAGGAGTTCGAGATCAGCCTGGCCAACATGGTGAAACCCCGTCTCTACTAAAAATACAAAAATTAGCCACGCATGGTGGCATGCACCTGTAATCCCAGCTACTCGGGAGGCTGAGGCAGGAGAATCGCTTGAACCCAGGAGGCGGAGGTTGCAGTTAGCCAAGATTGTGCCACTGCACTCTGGCCTTGGCTACAAGAACAAAACTCCATCTCAAAAAAAAAACAAAAAACAAAAAAAA","GGCACGGTGGCTCACGCCTGTAATCCCAGCACTTTGGGAGGCTGAGGTGGGTGGATCACCTGAGGTCAGGAGTTCAAGACCAGCCTGACCAACATGGTGAAACCCCGTCTCTATTAAAAATACAAAAATTAGCCAGGCATGGTGGCAGTCACCTGTAATCCCAGCTACTCAGGTGGCTGAGGCAGGAGAATTGCTTGAACCCAAGAGGTGGAGGTTGTAGTGAGCTGAGATTTCACCACTGCACTGTAGCCTGGGCGACAAGAGCAAAACTCCATCTGAAAAAAAAAAAAAAAAAAAAAAAA"
"chr1","109722127","109722420","KN295633v1","161032","161323","34","109561095","GCCAGGTGTGGTGGCTCACGCCTATAATCCCAGCTCTTTGGGAGGCTGAGGCAGGTGGACTACCTGAGGTCAGGAGTTCGAGACCAGCCTGGCCAACATGGTGAAACCCCATGACTACCAAAAATACAAAAAATTAGCCAGGTGTGGTGGCGGGCACCTGTAATCCCAGCTACTCAGGAGGCTGAGGCAGGAGAATCACTTGAACCTGGGAGGCAGAGGTTTCAGTGAGCCAAGATCGCACCACTGCACTCTGCCTGGGCAACAAGAGTGAAACTCCGTCTCAAAAAAAAAAAA","GGGTGTGGTGGCTCACGCCTGTAATCCCAGCACTTTGGGAGGCCGAGGTGGGTGGATTACCTGAGGTCAGGAGGTCGAGGCCAGCCTGGCCAACATGGTGAAACCCCATCTCTACTAAAAATACAAAAATTAGCCAGGTGTGGTGGTGGACACCTGCAATCTCAGCTACTTGGGAGGGTGAGGCAGGAGAATCGCTTGAACCCAGGAGGCAGAGGTTGCAGTGAGCCGAGCTGGCACCACTGCACTCCAGCCTGGGCAACAAGAGCGAAACTCCATCTCAAAAAAAAAAAAA"
"chr1","109958733","109959028","KN297197v1","1630263","1630561","41","108328470","GCTGGGCATGATGGCTCACACCTGTAATCCCAGCACTTTGGAAGGCTGAGGCGGGCGGATCACCTGAGGTCAGGAGGATGAGACCAGCCTGGCCAATATGATGAAGGCCCATCTCTACTGAAAATACAAAAGAATTAGCCAGGCATGGTGGTGGGAGCCTGTAATCCTAGCTATTCGGGAGGCTGAAGCAGGAGAATCGCTTGAACCCGGAAAGTGGAGGTGCAGTGAGCCAAGATTGCACCACTGCACTCCAGCCTGGGCAACAAGAGCAAAACTCCACCAAAAAAAAAAAAAAA","GGCTGGGCGCGGTGGCTCACTCCTGTAATCCCTGCACTCTGGGAGGCCGAGGCGAGTGGATCACCTGAGGTGAGGAGTTTGAGACCAGCCTGGCCAACATGATGAAACCCCATCTCTACTAAAAATACAAAAAATTAGCAGGACGTGGTGGCGGGCACCTGTAATCCCAGCTACTCAGGAGGCTGAGGCAGGAGAATTGCTTGAACCCGGAAGGCGGAGATTGCAGTGAGCCAGGATCGCGCCACTGCACTCCAGCCTGGGCAACAAGAGCAAAACTCTGTCTCAAAAAAAAAAAAAAA"
"chr1","110506896","110507193","KN294874v1","619764","620065","35","109887132","GCCAGGCGCAGTGGCTCATGCGTGTAATCCCAGCACTTTGGGAGGTCGAGGTGGGTGGATCACGAGGTCAGGAGTTCGAGACCAGTCTGGTCAACATAGTGAAACCCCATCTCTACTAAAAATACAAAAATTAGCCAGGCATGGTGGCAAACGCCTGTAGTCACAGCTACTCAAGAGGCTGAGGCAGGAGAATCGCTTGAACCCGGGAGGCAGAGGTTGTGGTGAGCCGAGATCGTACCACTGCACTCCAGCCTGGGCAACAAGAGTGAAACGCCATCTACAAAAAAAAAAAAAAAAA","GGCCAGGTGCAGTGGCTCAGGCCTATAATCCCAGCACTTTGGGAGGCCGAGGTGGGTGGATCACCCGAGGTCTGGAGTTCGAGACCAGCCTGGTCAACATGGTGAAACCCCGTCTCTACTAAAAATACAAAAAATTAGCTGGGCATAATGGCACGCGCCTGTAATCCCAGCTACTTGGGAGGCTGAGGCAGGAGAATCACTTGAACCCAGGAGGCAGAGGTTGTGATGAGCCGAGATCACGCCACTGCACTCCAGCCTGGGCAACAAGATCGAAACTCCATCTCAAAAAAAAAAAAAAAAAA"
"chr1","110541014","110541289","KN295394v1","783777","784048","43","109757237","GCCTGTAATCCCAGCACTTTGGGAGGCCAAGGCAGGTGGATCACCTGAGGTCAGGAGTTCGAGACCAGCCTGACCAACATGGTGAAAGCCTGTCTCTCTAAAAATACAAAAAATTAGGCTGGGCATAAGTGGCAGTGCCTGTAATTCCAGCACTTGGGAGGGCTGAGGCAGGAGAATCACTTAAACCTGGGAGGCAGAGGTTTCAGTGAGCTGAGATCGCGCCACTGCACTCCAGCCTGGGCAACAAGAGCAAGACTCTGTCCCAAAAAAAAAAAA","GCCTGTAATCACAGCACTTTGGGACGCTGAGGCAGGTGGATCACTTGAGGTCAGGAGTTCGAGACCAGGCTGGCCAACATGGTGAAACCCAGTCTCTACTAAAACTACAAAAATTAGCCTGGTATGGTGGCGAGTGCCTGTAATCCTGGCTACTCAGGAAGCTGAAGCAGGAGCATTGCTTGAACCTCGGAGGCAGAGATTGCAGTGAGCTGAGACCACGACTGCACTCCAGCCTGGGCAACAAGCGGAAAACTCTGTCAAAAAAAAAAAAA"
"chr1","110559917","110560209","KN294439v1","300738","301034","38","110259179","GCCAGGTGTGGTGGCTCACACCTGTAATCCCAGCACTTTGGGAGGCCAAGGTGGGCAGATCACCTGAGGTCAGGAGTTTGAGACCACCCTGGCCAACATGGCGAAACCCCGTCTCTACTAAAAGTACGAAAATTAGCTGGCCGTGGTGGCGGGCGCCTGTAATCTCAGCTACTCAGGAGGCTAAGGCAGGAGAAGCTTGAACCTGGGCGGCAGAGGTTGCAGTGAGCCAAGATCACGCCACTGCACTCTAGCCTGGGCAACAAAAGAGAGACTCTGTCTACAAAAAAAAAAAA","GGCCGGGTGCGGTGACTCACGCCTGTAATCCCAGCACTTTGGGAGGCCAAAGCGGGTGGATCACCTGAGGTCAGGAGTTTGTGACCAGCCTGGCCAACATGGTGAAACCCCGTCTCTACTAAAAATACAAAAAATTAGCCAGGCATGGTGGCAGGCGCCTGTAATCCCAGCTACTCGGGCAGCTGAGGCAGCAGAATCGCTTGAACCCGGGAGGTGGAGGTTGCAGTGAGCCAAGATCACGCCACTGCACTCCAGCCTGGGCAACAAGAGCGAAACTCTGTCTCAAAAAAAAAAAAA"
"chr1","110643264","110643376","KN295077v1","540029","540136","22","110103235","CTTTAACCCCANGGGGAGGTTGCAGTGAGCTGAGATGGGGCCACTGCACTCCAGACTGGTCAACAGGAGCGAAACTCTGTCTAAAAAAAAAAAAAAGTAAAGTAAAAAAAGAA","CTTGAACCCCAGAGGCAGAGGTTGCAGTGAGCTGAGATCGAGCCACTGCACTCTAGCCTGGGCAACAAGAGTGAAACTCCATCTCAAAAAAAAAAAAAAAAAAAAAAA"
"chr1","110649912","110650199","KN296921v1","2850553","2850841","35","107799359","GCTGGGTGCAGTGTCTCACCCCTGTAATCCCAGCACTTTGGGAGGCTGAGGCGGGCGGATCACCTGAGGTCAGGAGTTTGAGACCAGCCTGACCAACATGATGAAACTCCATCTCTACTAAAATACAAAAATTAGCTGGGGGTAGTGGTGGGCGCCTGTAATCTCAGCTACTTGGGAGGCTGAGGAGGGAGAATCGCTTGAACCCAGGAGGTGGAGGTTGCAGTGAGCCGAGATCGCGCCACTGCACTCCAGCCTGGGCAACAAGAGTGGGACTCTGTCTCAAAAAAA","GGCCGGGCGCAGTGGCTCACACCTGTAATCCCAGCACTTTGGGAGGCTGAGGCGGGTGGATCACCTGAGGTCAGGAGTTCGAGACCAGCCTGCCTAGCATGGCGAAACCCCATCTCTACTAAAAATACAAAAAATTAGTCGGGCCTGGTGGTGGGTGCCTGTAATCCCAGCTACTTGGGAGGCTGAGGCAGGAGAATAGCTTGAACCCAGGAGGAGGAGGTTGCAGTGAGCCAAGATAGCACCACTGCACTCCAGCCTGGGAGACAAGAGTGAAATCTGTCTCAAAAAA"
"chr1","110661801","110662089","KN294733v1","65842","66110","35","110595959","GCTAGGCACAGTGGCTCACGCACTTTGGGAGGCTGAGGGGGGTGGATCACCCGAGGTCAAGAGTTCGAGACCAGTGTAGCCAACATGGTGAAACACCATCTCTACGAAAAATACAAAAATTAGCCGGGAGTGATGGCAGACGCCTGTAATCCCAGCTACTTGGGAGGCTGAGGCAGGAGAATCCCTTGAACCTGGGAGGCGGAGGTTGCAGTGAGCCGAGATCACGCCACTGGACTCCAGCCTGGACAACAAGAAGGAAACTCCATCTCAAAAAAAAATTGAAAAAAAA","CACTTTGGGAGGCTGAGGTGGGTGGATTACCCGAGGTCAAGAGTTTGAGACCAGCATAGCCAACATGGTGAAACACCATCTCTACTAAAAATACAAAAATTAGCTGGGAGTGATGGCAGGCGCCTGTAATCCCAGCTACTTGGGAGGCTGAGGCAGGAGAATCCCTTGAACCTGGGAGGCGGAGGTTGCAGTGAGCCAAGATCACACCACTGCACTCCAGCCTGGGCAACAAGAATGAAACTCCATCTCAAAAAAAAATTTGAAAAAAA"
"chr1","110743757","110744051","KN294439v1","300738","301034","32","110443019","GGCGGGGTGTGGTGGCTCATGCCTGTAATCCCAGCACTTGGGAGGCCAAGGCAGGTGGATCACCTGAGGTTAGGAGTTCAAGACCAGCCTGACCAACATGGTGAGACCCTGTCTCTACCGAAAATACAAAAATTAGCCAGGCATGGTGGCAGGCGCCTATAATCGCAACTACCTGGGAGGCTGAGGAAGGAGAATCGCTTGAACCCGGGAGCAGAGGTTGCAGTAAGCCAAGATCATGCCACTGCACTCCAGCCTGGGCAACAAGAGCGAAACTCTGTCTCAAAAAAAAAAAAAA","GGCCGGGTGCGGTGACTCACGCCTGTAATCCCAGCACTTTGGGAGGCCAAAGCGGGTGGATCACCTGAGGTCAGGAGTTTGTGACCAGCCTGGCCAACATGGTGAAACCCCGTCTCTACTAAAAATACAAAAAATTAGCCAGGCATGGTGGCAGGCGCCTGTAATCCCAGCTACTCGGGCAGCTGAGGCAGCAGAATCGCTTGAACCCGGGAGGTGGAGGTTGCAGTGAGCCAAGATCACGCCACTGCACTCCAGCCTGGGCAACAAGAGCGAAACTCTGTCTCAAAAAAAAAAAAA"
"chr1","112232985","112233264","KN294172v1","4176770","4177051","38","108056215","GGCTGGGAGCGGTGGCTCATGCCTCTAATCCCAGCACTTTGGGAGGCTGAGATGGGTGGATCACCTGAGGTCAGGAGTTTGAGACCAGCCTGGACAACATGGTGAAACTGCATCTCTGCTAAAAATACAAAAATTAGCCAGGTGTGATGGTGCGTGCCTGTAATCCCAGCTACTCAGGAGGCTGAGGTAAGAGAATCACTTGAACCCTAGAGGCAGAGGTTGCAGTGAGTCAAGATCACGCCACTGCACTCCAGCCTGGGCAACAAGAGCAAAACTCCGT","GGCGGGACGCAGTGGCTCATGCCTGTAATCCCAGCACTTTGGGAGGCTGAGGCGGGTGGATCACTTGAGATCAGGAGTTCGAGACCAGCCTGGCCAACATGGTGAAACCCCATTTCTACTAAAAATACAAAAAATTAGCCAGGCGTGGTGGTGGGCGCCTGTAATCACAGCTACTTGGGAGGCTGAGGCAGGAGAATCACGTGAACCCTTGAGGTGGAGGTTACAGTGAGCCAAGATCGCCCCACTGCACTCCAGCCTGGGCAATAAGAGTAAAACTGTCTC"
"chr1","112606096","112606379","KN294446v1","216971","217252","46","112389125","GGTCAGGCGCAGTGGCCTGTAATCCCAGAACTTTGGGAGGCCAAGGCGGGCAGGATCACCTGACATCAGGAGTTTGAGACCAGCCTGGCCAACATAGGGAAATCCCATCTCTACTAAAAATATAAAAGTTAGCCAGGTGTGGTGGTGGGCACCTGTAATCCCAGATACTTGGGAGGCTGAGACAGGAGAATTGTTTGAACCTAGGAGGCAGAGGTTGCAGTGAGCCAAGATTGTACCACTGCACTTCAGCCTGGGCAACAAGAGTGAGACTCTGTCTTGAAAAA","GCGTGGTGGCTCATGCCTGTAACCCCAGCACTTTGGAAGGCCAAGGCAGGTGGATTGCCTGAGGTCAGGAGTTTGAGACCAGCCTGGCCAACATAGTGAAACCCCATCTCTACTAAAAATGCAAAAGATTTGCTGGGTGTGGTGGTGGGCGCCTGTAATCCCAGGTACTCAGGAGGCTGAGGCAGGAGAATGACTTGAACCTGAGAGGCGGAGGTTGCAGTGAGCCAAGGTTGCACCACTGCTCTCCAGTCTGTGCAACAAGAGCGAAACTCTGTCTGAAAA"
"chr1","113611812","113612112","KN297205v1","519447","519723","40","113092365","GGCTGGGCATGATGGCTCACGCCTGTAATCCCAGCACTTTGGGAGGCTGAGGAGGGTGGATCACTTGAGGTCAGGAGTTTGAGACCAGCCTGGCCAACATAGTGAAACCCCATCTCTACTAAAAATACAAAAAGTAGCCGGGCGTGGTGGCGGGTGCCTGCAATCCCAGCTTCTTGGGAGGCTGAGGCAGAAGAATTGCTTGAATCCAGGTGGCAGAGGTTGCAGTGAGCCGAGATCGCACCACTGCACTCTAGCCTGGACCACAAGAGCAAGATTCCATCCCTCCCGGCCAAAAAAAAAA","GGCTGGGCCTGATGGCTCACGCCTGTAATCCCAGCACTTTTGGAGGCTGAGGAGGGTGGATCACTTGAGGTCAGGAGTTTGAGACCAGCCTGGCCAACATAGTGAAACCCCATCTCTACTAAAAACACAAAAAGTAGCCGGGTGTGGTGGCGGGCACCTGCAATCCCAGCTTCTCAGGAGGCTGAGGCAGAATTGCTTGAATCCAGGAGGCCGAGGTTGCAGTGAGCCAAGATTGCACCACTGTACTCTAGCCTGGGCCACAAGAGCGAGATTCCGT"
"chr1","113620743","113621054","KN297205v1","510464","510761","31","113110279","GCTGGGCGCGGTGGCTCACACCTGTAATCCCTGCACGGTGGGAGGCCGAGGCAGGTGGATCACTTGAGGTCAGGAGTTCGAGACCAGCCTGGCCAACATGGTGAAACCCCGTCTCTACTAAAAATACAAAAAATGGGCTGGGCGTGGTGGTGGGCACCTGTAGTCCCAGCTACTTGGGAGGCTGAGGCAGGAGAATCACTTGAACCCAGGAGGCAGAGGTTGCAGTAAGCCGAGGTTGCGCCACTGCACTCCAGCCTGGGCAACAGAGTGAAAGAGCGAAACTCTGTTTACAAAAAAAAAAAAGAAAAAGAA","GCTGGGCGCGGTGGCTCACACCTGTAATTCCTGCACTTTGGGAGGCCGAGGCAGTTGGATCACTTGAGATCAGGAGTTCAAGACCAGCCTGGCCAACATGGTGAAACTCCGTCTCTACTAAAAATACAAAAAATGAGCCGGGCGTGGTGGTGGGCACCTGTAGTCCCAGCTACTCGGAAGGCTGAGGCAGGAGAATCACTTGAACCCAGGAGGTGGAGGTTGCAGTGAGCCGAGGTTGCGCCACTGCACTCCTGCCTGGGCAACAAAGTGAAAGAGCGAAACTCTGTTTTAAAAAAAA"
"chr1","113691668","113691981","KN297205v1","435353","435667","27","113256315","GGCTGGGCGTGGTGGCTTACGCTTGTAATCCCAGCACTTTGGGAGGCCGAGGCAGGTGGATCACGGGAGGTTGGGAGTTCAAGACCAGCCTGGCCAACATGGTGAAACCCCATCTCTACTAAAAAATACAAAAAATTAGCCAGGCATGGTGGTGGGCGCCTGTAATTCCAGCTACTTGGGAGGCTGAGGCAGGAGAATTGCTTGAACCTAGAAGGCGGAGGTTGCAGTGAGCGGAGATTGCACCACTGGACTCCAGCCTGGGCAATAAGAGTGAAACTCTTATCTCCAAAAAAAAAAAAAAAAAAAAGGAAAAA","GGCTGGGCGTGGTGGCTCATGCCTGTAATGCCAGCACTTTGGGAGGCCAAGGCGGGTGGATCACCTGAGGTAAGGAGTTTGAGACCAGCCTGGCCAACATGGTGAAACCCCGTCTCTACTAAAAAATACAAAAAATTAGCCAGGCATGGTGGTGGGCACCTGTAATTCCAGCTACTCAGGAGGCTGAGGCAGGAGAATTGCTTGAACCCAGGAGGTGGAGGTTGCAGTGAGCGGAGATTGCACCACTGCACTCCAGCCTGGGCAATAAGAGCGAAACTCTGTCTCCAAAAAAAAAAAAAAAAAAAAAAAAAAAAA"
"chr1","117697697","117697983","KN295281v1","181549","181835","34","117516148","GGCTGGGTGCGGTGGCTCATGCCTGTAATCCCAGCACTTTGGGAGGCCAAGGCAGGTGGATCACCTGAGGTAAGGACTTCGAGACCAGCCTGGCCAACATGGTGAAACCCCATCTCTACTAAAAATACAAATATCAGCCAGACACGATCATGGGCGCCTGTAATCCCAGCTACTTGGGAGGTTCATTAACGAGAATCACTTGAACCCGGGAGGCGGACATTGCAGTGAGCAGAGATCGCGCCACTGCATTCCTGCCTGGGCAACAAGAGGGAGACTCCATCTCAAAA","GGCCGGGCGCGGTGGCTCACGCCTGTAATCCCAGCACTTTGGGAGGCCGAGGCGGGTGGATCACCTGAGGTAAGGAGTTCAAGACCAGCCTGGCCAACACGGTGAAACCCCGTCTCTACTAAAAATACAAATATCAGCTGGGCGTGGTCGCGGGCGCCTGTAATCCCAGCCACTTGGGAGGCTGAGCAACGAGAATCGCTTGAACCTGGGAGGCAGACATTGCAGAGAGCCAAGATCGCACCACCGCACTCCTGCCTGAGTAACAAGAGCGAGACTCCATCTCAAAA"
"chr1","117853874","117854180","KN295236v1","2465192","2465497","31","115388682","GGCCGGGAATGGTGGCTCACGCCTGTAATCCCAGCACCTTGGGAAGCCGTGGCGGGCAGATCACCTGAGGTCAGGAGTTGGAGACCAGCCTAGCCAACATGGTAAAACCCTGTCTCTACTAAAAATACAAAAAATTAGCCGGGCTTGGTGGTGGGCGCCTGTAATCCCAGCTACTCAGGAGGCTGAGGCTGGAGAATTGCTTGAACCTGGGAGGCGGAGGTTGCAGTGAGCCAAGATCGTGCCACTGCACTCCAGCCTGGGCAAGAAGAGCAGAACTCTGTCTCAAAAAAAAAAAAGAAAAAAGAAA","GGCCAGGCACGGTGGCTCATGCCTGTAATTCCAGCACTTTGGGAAGCCGAGATGGGTGGATTGCCTGAGGTCAGGAGTTTGAGACCAGCCTGGCCAACGTAGTAAAACCCTGTCTCTACTAAAAATACAAAAAATTAGCTGGGCATGGTGGTGGGCGCCTGTAATCCCAGCTACTCAGGAGGCTGAGGCAGGAGAATCGCTTGAACCTGGGAGGTGGAGGTTGCAGTGAGCCAAGATTACACCACTGCACTCCAACCTGGGCAACAAGAGCAAAACTCTGTCTCAAAAAAAAAAAAGAAGAAGAAA"
"chr1","118398112","118398406","KN294182v1","193047","193344","35","118205065","GGCTGGGCGCAGTGGCTCACACCTGTAATCCCAGCACTTTGGAAAGCCGAGGTGGGCGGATCACCTGAGGTCGGGAGTTTGAGACCAGCCTGGCCAACATGGTGAAACCCCATCTACTAAAAATACAAAAATGAGCCAGGCATGGTGCTAGGCACCTGTAATCCCAGCTACTCGGGAGGCTGAGGCAGGAGAATCGCTCAAAACTGGAAGGCGGCAGTTGCAGTGAGCCAGGATTGTGCCACTGCACTCCAGCCTGGGCAACAAGGGCGAAACTCATCTCAAAAAAAAAAAAGAA","GGCTGGGCGCGGTGGCTCACACCTGTAATCCCAGAACTTTGGGAGGCTGAGGCAGGTGGATCACCTGAGGTCAGGAGTTGGAGACCAGCCTGGTCAACATGGTGAAACTCCATCTCTACTAAATATGCAAAAATTAGCCAGGCATGGTGGCAGTCGCCTGTAATCCCAGCTACTCGGGAGGCTGAGACAGGAGAATTGCTTGAACCTGGGTGGCAGAGGTTGCAGTGAGCCAAGATCGTGCCACTGCACTCCAGCCTGGGCAACAAGAGCGAAACTTCATCTCAAAAAAAAAAAAGAA"
"chr1","119599092","119599148","KN294372v1","2077882","2077940","6","117521210","ATTGTGTCACTGCACTCCAGCCTGGGCAACAAGAGCAAAACTCTGTCTAAAAAAAAA","TTGTGCCACTGCACTCCAGCCTGGGCAACAAGAGCAAAACACTGTCTCAAAAAAAAAAA"
"chr1","120716275","120716584","KN296982v1","365886","366192","40","120350389","GGCCGGGCGTGGTGGCTCATGCCTGTAATCCCAGCACTTTGGGAGGCTGAGGCAGGCAGATCACCTGAGGTCGGAAGTTTGAGACGAGCCTGGCCAACATGGCGAAACCCTGTCTCTACTAAAAATACAAAAAATTACCCGGGCGTGGTGGTTGGTGCCTGTAATCCCAGATACTCGGGAGGCTGAGGCAGAATCACTTGAACCCGGGAGGCAGAGGTTGCAGTGAGCTGAGATCATGTGACTGCACTCCAGCCTGGGCAACAAGAATGAGACACCATAACTAAAAAAAAAAAAAAACAAAAAAAAAAAA","GGCCGGGTGCGGTGGCTCACGCCTGTAATCCCTGCACTTTGGGAGGCCGAGGCAGGTGGATCACCTGAGGTCAGGAGTTGGAAATCAACCTGGCCAACATGATGAAACCTTGTCTCTACTAAAAATACAAAAAATTAATCAGGCGTGGTGGCGCCTGTAATCCCAGTTACTTGGGAGGCCTGAGGCAGGAGAATCACTTGAACCCGGGAGGCAGAGGTTGCAGTGAGCTGAGATCAGGCCACTGCACTCCAGCCTGGGCAACAAGAGTGAAACACCATCTCAAAAAAAAAAAAAAAAAAAAAAAAAA"
"chr1","121677657","121677868","KN296253v1","1347681","1347896","25","120329976","CAGCCTGGCCAACATGGCAAAACCCCGTCTCCACTAAAAGTACAAAAATTAGCCCACCATGGTGGTGGGCACCTGTAATCCCAGCTACTCAGGGGGCTGATGCAGGAGAATTGCTTGAACCTGGGAGGTGGAGGTTGCAGTGAGCTGAGATTGCACCACTGCACTCCAGCCTGGGCAACAAGAGTGAGACTCCATCTCAAAAGAAAAAAAAA","CAGCCTGGCCAACATGGCGAAACCCCATCTCCACTAAAAGTACAAAAATTAGCCGGGCACAGTGGTGGGTGCCTATAATCCCAGCTACTCAGGAGGCTGAGGCAGGAGAATTGCTTGAACCTGGGAGGCGGAGATTGCAGTGAGCCGAGATAGCACCACTGCACTCCAGCCTGGGCAGCAAGAGTAAGACTCTGTCTCAACAACAACAAAAAAAAA"
"chr1","121702273","121702574","KN295350v1","281962","282264","42","121420311","GGCTGGGCATGGAGGCTCACAACTGTAATCCCAGGACTTTGGGAGGCCGAGGCCAGTGGATCACCTGAGGTTAGGTGTTCAAGACCAGCCTGGCCAACATGGTGAAACCCCCGTCTCTACTAAAGATACAAAAAATTAGTTGGGCATGGTGGTGGGTACCTGTAATCCCAGCTCCTTGGGAAGCTGAGGCAGGAGAATTGCTTGAACCTGGGAGGCAGAGGTTTCAGTGAGCCGAGATCACACCACTGCACTCAAGCCTGGGCTACAACAGTGAAACTCTGGTTCAAAAAAAAAAAAAAAAA","GGCTGGGCATGGTGGCTCACGTCTGTAATCCCAGCACTTTGGGAGGCCAAGGCGGGCGGATCACCTGAGGTCAGGAGTTCAAGACCAGCCTGAACAAAGTGGGGAAACCCCATCTCTACTAAAAATACAAAAATTAGTCAGGCATGGTGGTGGGTGCCTATAGTCCCAGCTACTCGGGAGACTGAGGCAGGAGAATTGCTTGAACCTGAGAGGCAGAGGTTGCAGTGAGCCGAGATCATGCCACTGCACTCCAGCCTGGGCAACAAGAATGAAACTTTGTCTCAAAAAAAAAAAAAAAGTAAA"
"chr1","121987364","121987678","KN295907v1","1622346","1622658","41","120365018","GCTGGGCAGGGTGGCTCACGCTTGTAATCCCAGCACTTTGGGAGGCCAAGGAGGGTGGATCACCTGAGGTCAGGAATTTGAGACCAGCCTGGCCAACACAGTAAAACCCCATCTCTACTAAAAATACAAAAAATTAACTGGATGTGTTGGTGGGCATCTGTAATCCCAGCTACTCAGGAGGCTGAGGCAGGAGAATCACTTGAACCTGGGATGTGGAGGTTGCAGTGAGCCAAGAACATGCCACTGCACTCCAGCCTTGGCAACAAGAGCAAAACTGCATCTCAAAAACAAACCAAAATAAAAAAAGAAAGAAAA","GGCCAGGCGCGGTGGCTCATGCCTGTAATCCCTGCACTTTGGGAGGCCAAGGCGGGTGGATCACCTGAGGTCAGGAGTTCGAAACCAGCCTGGCCAACATGATGAAACTCCATCTCTACTAAAAATACAAAAAATTAGCTGGGTGTGGTGGCGCGTGTCTGTAATCCCAGCCACTCAGGAGGCTGAGGTAGGAGAATCGCTTGAACCCGGGGGGCGGAGGTTGCAGTGAGCCAAGATCATGCCACTGCACTCCAGCCTGGGCAACAAGAGCAAAACTCCATCTCAAAAAAAAAAAAAAAAAAAGGAATAAAAA"
"chr1","122896230","122896546","KN294443v1","739291","739598","43","122156939","GGCCGGGCACGGTGGTTCACACCTGTAATCCCAGCCCTCTGGGAGGCCGAGGCGGGTGGATCACCTGAGGTCAGGAGTTTGAAACCAGCCCGGCCAACATGGTGAAACCCCATGTCTACTAAAAATACAAAAAAAATTAGTCGGGCATGGTGGTGGACGCCTGTAATTCCAGCTACTCGGGAAGCTGAGGCAGGAGAATCTCTCGAACCCGGGAGGCGGAGGTTGCAGTGAGCCGCGATCGCACCACCGTACTCCATCCAGCTTGGGCAACCAGAGCGAAACTCAGTCTCAAAAAAACAAAAAAAACAAAAAAAAAA","GGCCGGGCGAGGTGGCTCACGCCTGTAATCCCAGCACTTTGGGAGGCCGAGGCGGGTGGATCACCTGAGGTCAGGAATTCAAGACAAGCCTTGCCAACATGGCGAAACCCCGTCTCTACTAAAAATACAAAAATTAGCCGAGCGTGGTGGCGGGCGCTTGTAATTCCAGCTACTCGGGAGGCTGAGGCAGGAGAATCGCTTGAACCCGGGAGGCGGGGGTTGCAGTGAGCAGAGATGGCACCACTGCACTCCAGCCTGGGCAACAAGAGCGAAACTCCGTCTCAAAAAAAAAAAAAAAAAAAAAAAAA"
"chr1","122957767","122958068","KN294439v1","300738","301034","36","122657029","GCCGGGTGCAATGGCTCACACCTGTAATCCCAGCATTTTGGGAGGCCAAGGCGGGCTGATTACTTGAGGTCAGGAGTTTGAGATCAGCCTGGTCAACATGGTGAAACCCTGTCTCTACTAAAAATACAAAAATTAGTCAGGCATGGTGGCAGGCGCCTGTAATCCCAGCTACTCGGGAGGCTGAGGCAGGAGAATCATTTGAACCTGGGAGGTGGATGTTGCAGCGAGCCAAGATCACGTCACTGCACTCTAGCCTGGGCAACAAGAGTGAGACTCTGTCTCAAAAAAAAAAAAAAAAGAAA","GGCCGGGTGCGGTGACTCACGCCTGTAATCCCAGCACTTTGGGAGGCCAAAGCGGGTGGATCACCTGAGGTCAGGAGTTTGTGACCAGCCTGGCCAACATGGTGAAACCCCGTCTCTACTAAAAATACAAAAAATTAGCCAGGCATGGTGGCAGGCGCCTGTAATCCCAGCTACTCGGGCAGCTGAGGCAGCAGAATCGCTTGAACCCGGGAGGTGGAGGTTGCAGTGAGCCAAGATCACGCCACTGCACTCCAGCCTGGGCAACAAGAGCGAAACTCTGTCTCAAAAAAAAAAAAA"
"chr1","123219758","123220054","KN296865v1","1168429","1168732","36","122051329","GGCCAGGCACAGTGGCTCACACCTGTAATTCCAGCACTTTGGGAGGCCAAGGCGGGCGGATCAACTGAGGTCAGGAGTTCGAGGCCAGCCTGGCCAAGATGGCGAAACCTCATCTCTACTAAAAGTACAAAATTTAGCCAGGCGTAGTGGTGCTTGCTTGTAATCCTGGCTACTTGGGAGGCTAAAGCAGGAGAATCGCTTGAACCCAGGAGGCAGAAGTTGCAGTGAGCCGAAATTGCGCCACTGCACTCCAGGAGCCGTGGGACAAACAAGAGACAAAACTCCATCTCAAAAAAA","GGCCAGGCACAGTGGTTCACACCTGTAATCCCAGCACTTTTGGAGGCCGAGGCGGGTGAATCAACTGAGGTCAGGAGTTCGAGACCAGCCTGGCCAAGATGGCAAACCCTCATCTCTACTATAAAGCACAAAAATTAGCCGGGCGTAGTGGTGCTTGCTTGTAATCCCGGCTACTTGGGAGGCTAAAGCAGAGAATCGTTTGAACCCAGGAGGCAGAAGTTGCAGTGAGCCGAGATTGCGCCACTGCCCTCCAGAGCCTGGGCAACAAGAGCAAAACTCCGTCTCAAAAAAAAAAAAAAAAAAA"
"chr1","123663080","123663371","KN296865v1","1618219","1618509","30","122044861","GGCCAGGCACAGTGGCTCATGCCTGTAATCCCAGCACTTTGGAGGCCAAGGTGGGCAGACTACCTGAGGTCAGGAGTTCGAGACCAGCCTGGCCAACATGGTAAAACCCCATCTCTACTAAAAATCAAAAAGTAGCTGGGTGTGGTGGCAGGCACCTGTAATCCCAGCTACTCGGGAGGCTGAGGCAGGAGAATCCTGGGAGGCAGAGGCTGCAGTGAGCCGAGATCGCACCACTGCACTCCAGCCTAGGCAACAAGAGTGAAACTCCATCTCACAAAAAAAAAAAAAAAAA","GGCCAGGCACAGTGGCTCACGCCTATAATCCCAGCACTTTGGGAGGCCAAGGGCAGATCACCTGAGGTCAGGAGTTCGAGACCAGCCTGGCCAACATGGTAAAACCCCGTCTCTACTAAAAATACAAAAATTAGCTGGGTGTGGTGGCAGGTGCCCGCGTGGTCCCAGCTACTCGGAAGGCTAAGGCAGGAGAATCTCGGGAGGCAGAGGCTGCAGTGAGCCGCGATCACACTACTGCATTCCAGCCTAGGTAACAAGAGTGAAACTCTATCTCAAAAAAAAAAAAAAAAA"
"chr1","124763672","124763949","KN297046v1","2855852","2856127","39","121907820","GCTGGGTGCGGTGGCTCATGCTTGTAATCCCAGCACTTTGGGAGGCCAAGGTGGGCGGATCACCTGAGGTCAGGAGTTCGAGACCAGCTTGGCCAACATGGTGAAACCCCATCTCTACTAAAAATACAAAAAATTAGCCAGGCGTGGTGGTATGCGCCTATAATCCCAGCTACTTGGGAGGCTAAGGCAAGAGAACCGCTTGAACCCAGGAGGCGGAGGTTGCAAGTGAGCCAACATCACGCCACTGTATTCCAGTTTGGGCAATGAGAGCGAAACTC","GGCCGGGCATGGTGGCTCATGCCTGCAATCCCAGCACTTTGGGAGCCCGAGGCGGGCAGATCACCTGAGGTCAGGAGTTCGAGACCAGCCTGGCCAACATCGTGAAACCCCATCTCTACTAAAAATACAAAAATTAGCTGGGCGTGGTGGCATGCACCTGTAATCCCAGCTACTAGGGAGACTGAGGCAGGAAAATCACTTGAACCCAGGAGGCAGAGGTTGCAGTGAGCCAAGATCATGCCACTGCACTCCAGCCTGGGCGACAAGAGCAAAACT"
"chr1","124861204","124861512","KN295077v1","564405","564717","46","124296799","GGCCAGGTGCCGCACTTCACAACTATAATCCTAGCACTTTGGGAGGCCGAGGAGGCTGAATCACCTGAGGTCAGGAGCTCGAGACCAGCCTGGCTAACATGGTGAAACCCCATCTCTACTAAAACTACAAAAATTAGCTGAGTGTGGTGGCAGGCACTTGTAATCCCAGCTACTCGGGAGCCTGAGGCAGGAGAATTACTTGAACCCGGGAGGCGGAGGTTGAGGTGAGCCAAGATCGCGCCACTGCACTGCAGCCTGGGCAATAAGAGCGAAACTCTGTACTAAAAAAAAAGAAAAGAAAAACAGAAA","GGCCAGGTGCCGTGGCTCACGCCTGTAATCCCAGCACTTTGGGAGGCTGAGGTGGATGGATCACCTGAGGTCAGGAGTTCAAGACCAGCCTGGCCAACATGGTGAAACCCTGTCTCTACTAAAAATACAAAAATTAGCCGAGTGTGGTGGCGGGCGTCTGTAATCCCAGCTACTTAGGAGGCTGAGGCAGGAGAATCACTTGAACCCAGGAGGCGGAGGCTGCAGTGAGCCAAGATTGTGCCACTGCATTCCAGCCTGGACAACAAGAGCAAAACTCTGTCTCAAAAAAAAAAAGAAAAAGACAAAAAAAAAA"
"chr1","125042204","125042501","KN296305v1","568169","568467","34","124474035","GGCTGGGTACAATGGCTCACGCCTGTAACTCCAGCACTTTGAGAGGCTGTGGCAGGGGGATTACCTGAGGTCAGGAGTTCAAGACCAGCCTGGCCAACATGGTGAAACCCCATCTCTACTAAAAATACAAAAATTAGCCAGGTGTGGTGGTGGGCACCTGTAATCCCAACTACTAGAGAGGCTGAGGCAGGAAAATCGCTTGAACCTGAGAGGCGGAGGTTGCAGTGAGCTGAGATCATGCCACTGTACGCCAGCCTGGGCAAAAAGAGCAAAACTCCATCTACTAAAAAAAAAAAAA","GACTGGGCACAGTGGCTCACGCCTGTAATCCCAGCACTTTGGGAGGCCAAGGCAGGTGGATCACCTGAGGTCAGGAGTTTGAGACCAGCCTGGCCAACATGATGAAACTCCATCTCTACTAAAAATACAAAAAGTATCCAGGTGTGGTGGCGAGTACCTGTAATCCTAGCTACTTGAGAGGCTGAGGCAGGAGAATCGCTTGAACCTGGGAGGCAGAGGTTGCGGTGAGCCGAGATCATGCCACTGCACTCCAGCCTGGGCAACAAGAGCAAAACTCCATCTCAAAAAAAAAAAAAAAA"
"chr1","125304121","125304432","KN297165v1","1212451","1212758","35","124091670","GGACGAGTGCAGTGGCTCACTCCTGTAATCCTAGCACTTTGGGAGGCTGAGGTGGGTGGATCACCTGAGGTCAGGAGTTCTAGACCAGCCTGGCCAACATGGTGAAACCCCGTCTCTACTAACAATACAAAAATTAGCTGGGCATGGTGGCGGGTGCCTGTAATCCCAGCTACTCGGAAGACTGAGGCAGGAGAATCGCTTGAACCCAGGAGGTGGAGGTTGCAGTGAGCCGAGATCGTGCCACTGCACTCCACCCTGGGCAACAAAGAGCGAAACTCTGTCTCAAAAAAACAAACAAACAAACAAACAAAA","GCCCGGCGCAGTAGCTCATGCCTGTAATCCCAGCACTTTGGGAGGCTGAGGTGGGCGGATCACTTGAGGTCAGGAGTTCAAGACCAGCCTGGCCAATATGGTGAAACCCCGTCTCTACTAAAAATACAAAAATTAGCTGGGCGTGGTGGCAGGCGCCTGTAATCCCAGCTACTCAGGAGGCTGAGGCGAAAGAATCTCTTAAACCCAGGAGGTGGAGGTTGCAGTGAGCCGAGATTGGGCCACTGCACTCCAGCCTGGGTAACAAGAGTGAAACTCTGTCTCAAAAAAAAAAAAAAAAAAAAAAAAAA"
"chr1","125982975","125983267","KN295375v1","114875","115176","51","125868100","GGTCAGGGGCAATGACTCACACCTGTAATACCAACACTTTGGAAGGCCAAGGCAGGTGTATCACCCCAGGTCAGGAGTTCAAGACTAGCCTGGCCAACACAGTGAAACCCTGCCTCTACTAAAAATACAAAATTAGCCGGACGCAGTGGTGCACACCTGTAGTCCCAGCTACTTGGTGGAAGGAGAATCACTTGAACCCGGGAGGTGGAGGTTGCAGTGAGCCAACATCGCACCACTGCACTCAAGCCTGGGCAACAAGAGTGAAACTCTGTCTCGGAAAAAAAAAAAAAAAA","GGCCAGGCGCAGTGGCTCACACCTGTAATCCCAGCACTTTGGAAGGCCAAGGCAGGTGTATCACCTGAGGTCAGAAGTTTGAGACCAGCCTGGCCAACATAGTGAAACCCCGTCTCTACTAAAAATATAAAAATTAGCTGGGCGTGGTGGTGGGCGCCTGTAATCCCAGCTACTAGGGAGGCTGAGGCAGGAGAATCGCTTGAACGTAGGAGGCAGAGGTTGCAGTAAGCCGAGATCGTACCACTGCACTCCAGCCTGGGCAACAAGAGTGAAAATCCGTCTCAAAAAAAAACAAAAAAGAA"
"chr1","126246149","126246447","KN296635v1","126740","127032","36","126119409","GGTCGGGCACGGTGGCTCATGCCTGTAATCTCAGCACTTTGGGAGGCCAAGGTGGGCAGATCACCTGAGGTCAGGAGTTCGAGACCAGCCTGGCTAACAGGGTGAAACCCTGTCTCTACTAAACACACAAAAATTAGCTGGGCATGGTGGTGGGCGCCTGTAATCCCAGCTACTCAAGAGGCTGAGACAGGAGAATTGCTTGAACCCAGGAGGCGAAGGTTGCAGTGAGCCAAGATCATGCCACTGCACACTAGCCTGGGCAGCAAGAGTGAAACTCCATCTCAACAAAGAAAAAAAAA","GGTTGGGTACAGTGGCTCACGCCTGTAATCCCAGCACTTTGGGAGGCCAAGGTGGGTGGATCACCTGAGGTCAGGAGTTCGAGACCAGCCTGGCCAACATGGTGAAACCCCTGTCTCTACTAAAAATACAATGAGCCAGGCGTGGTGGTGGGCACCTGTAATCCCAGCTACTCAGGAGGCTGAGGCAGGAAAATCGCTTGAACCCAGGAGGTGGAGGTTGCAGTGAGCCAGGATCATGCCACTGCACTCCAGCTTGGGCAACAAGAGCGAAACTCCATCTCAAAAAAAAAAAA"
"chr1","126372435","126372725","KN295594v1","71823","72120","38","126300612","GACTGGGTGTGGTGGCTCACACCTGTAATCTCAGCACTTTGGGAGGCTGAGGTGGGCCAATCACCTGAGGTCAGGAGTTCAAGACCAGCCTGGCCTATGTGGTGAAACCCTGTCTCTACTAAAAATACAAAATTAGCCAGGCATGGTGGTGCATGCCTGTAGTCCCAGCTACTCAGGAGGCTGAGGCAGGAGAATCACTTGAACCTGGGAGGTGGGGGTTGCAGTGAACCGAGATTGTGCCACTGCATTCCAGGCTGGGCAACAAGAGCAAAACTCCATCTCAAAAAAAAA","GCTGGGCGTGGTGGCTCACACCTGTAATCCCAGCACTTTGGGAGGCTGAGGCGGGGAAATCACCTGAGGTCAGGAGTTCGAGACCAGCCTAGCCAATGTGGTGAAACCCCGTCTTTACTAAACATACACAAATTAGCTGGGCATGGTGGCACATGCCTGTAGTCCCAGCTACTCAGGAGGCTGAGGCAGGAGAATCACTTTAACCCAGGAGGTGGAGGTTGCAGTGAGCCAAGACTGTGCCGCTGCACTCCAGCCTGGAGCAACAAGAGTGAAACTCTGTCTCCGAAAAAAAAAAAAA"
"chr1","127796391","127796661","KN294257v1","2460776","2461045","51","125335615","GGGTGAGGTGGCTCATGCCTGTAAACCCAGAGCTTTGGGAGTCCGAGGCAGGTGGATCACCTGAGGTCAGGAGTTCAAGACCAGCCTGGCCAACATTGTGAAACCCCATCTCTACTAAAGGTACAAAAATTAGCTGGGCGTGGTGGCTAATGCCTGTAGTCCCAGCAATTCAGGAGGCTGAGGCAGGAGAATTGCTTGAACCCAAGAGGCGGAGGTTGCAGTGAGCTGAGATTGTGCCACTGCATGCGAAACTCCATCTCAAAAAAAAGAA","GACCTGGCACAGTGGCTCACGCCTGTAATCCCTGCACTTTGGGAGGCCGAGGCGGGTAGATCACCTGAGGTCAGGAGTTCAAGACCAGCCTGGCCAACATGGTGAAACCCCATCTCTACTAAAAATATAAAAATTAGCCGGGCATGGTGGCATGTGCCTGTAGTCCCAGCTACTCAGGAGGCTAAGGCATGAGAATCGCTTGAACCCAGGAGGCAGGGGTTGCAGTGAGCTGAGATTACACCACTGCACTCCAGCCTGGGCAACAAGAGC"
"chr1","127816569","127816862","KN294365v1","462497","462793","32","127354072","GGCCGGGCATGGTGGCTCACACCTGTAATCCCAACACTTGGGAGGCCGAGGTGGGTGGATCACCTGAGGCCAGGAGTTCAAGACCAGCCTGGCCAATATGATGAAACCCTGTCTCTACTTAAAAATACAAAAAGTTAGCCAGGCATGGTGGTGGGTGCCTGTAATCCCAGCTACTTGGGAGGCTGAGGCAGGAGAATGGCTTGAACCCGGGAGACAGAGGTTGCAGTGAGCCAAGATTGCTCCACTGCACTCCAGCCTGGGCAACAAGAGCAAAACTCCATCTAAAAAAAAAAA","GGCTGAGCGTGGTGGCTCACACCTGTAATCCCAGCACTTTGGGAAGACAAGGAGGGTGGATCACCAGAGGTCAGGAGTTCAAGACCAGCCTGGCCAATGTGGTGAAACCCTGTCTCTACTAAAAATACAAAAAATTAGCTGGGCGTGGTGGTGGGTGCCTGTAATCCCAGCTACTTGGGAGGCTGAGGCAGAAGAATTGCTTGAACCCAGGAGGCAAAGGTTGCAGTGAGCCAAGATTGTGCCACTGCACTCCAGCCTGAGCAATAAAAGCAAAACTCCATCAAAACAAAAAAAAAA"
"chr1","127892130","127892443","KN296062v1","1513349","1513658","31","126378781","GGCCAGGCATGGTGGCTCACACCTATAATCCCAGCACTTTGGGAGGCCAAGGCGGGCGGATAACCTGAGGTCAGGAGTTCAAGACCAGCCTGGCCAACATGGTGAAACCCCATCTCTACTAAAAATACAAAAATTAGCTGGGCATGGTGGTGCGTACCTGTAATCCCAGCTACTCAGGAGGCTGAGACAGGAGAATCACTTGAACCTGGGAGGCGGAGGTTGCAGTGAGCCGAGATCGTGCCACTGCACTCCAGCCTGGGCAACAAAGAGAAAAACTCCGTCTCAAAAAAGAAAAAAAAAAAAAAAAAAAAAGA","GGCCGGGCACGGTGGCTCACGTCTGTAATCCCAGCACTTTGGGAGGCCGAGGTGGACAGATCACCTGAGGTCAGGAGTTCGAGACCAGCTGGCCAACATGGTGAAACCCCATCTCTACTGAAAATACAAAAAATCAGCCAGGCATGGTGGTGCGCACCTGTAGTCCCAGCTACTCAGGAGGCTGAGGCAGGAGAATCGCTTGAACCTGAGAGGCAGAGGTTGCAGTGAGCCGAGATCATGCCACTGTACTCCAGCCTGGGCAACAAGAGCAAAACTCCATCTCAAAAAAAAAAAAAAAAAAAAAAAAAAA"
"chr1","128400359","128400638","KN295371v1","312819","313104","38","128087540","GTAGCTCATGCCTGTAATCTCAGCTCTTTGGGAGGCCGAGGCGGTGGATCACCTGAGGTCAAGAGTTTGAGACCAGCCTGGCCACCATGGTGGAACCCCATCTCTACTAAAAATCACAAAAAATTAGCTGAGTGTGGTGGTGGGCACCTGTAATCCCAGCTACTCAGGAGGCTGTGGCAGGAGAATCGCTTGAACCCAGGAGGCAGAGGTTGCAGTGAGCCGAGATCGCACCGCTGCCCTCCAGCCTGGGCAACAAGAGCAAAACTCTGTCTCAAAAAAA","GCGTGGTGGCTCATGCCTGTAATCCCAACACTTTGGGAGGCTGAGGTGGGTGGATCACCTGAGGTCAGGAGTTTGAGACCAGCCTGGCCAACATGGTGAAACCCCCATCTCTACTAAAAATACAAAAAATTAACTGGGCGTGGTGGTGGGTGCCTGTAATCCCAGCTACTCGGGAGGCTGAGACAGGAGAAATGCTTGAACCCAGGAGGCAGAGGTTGCAGTGAGCTGAGACCATGCCACTGCACTCCAGCCTGGGCAACAAGAGTGAAACTTCGTCTCAAAAAAA"
"chr1","129205220","129205444","KN296442v1","752599","752819","33","128452621","CAGGAGCTCAAGACCAGCCTGGCCAACATGGTGAAACCCCATCTCTACTAAAAATACAAAAATTAGCCAGGCGTGGTGGTGGGCGCCTGTAATCCCAGCTACTCGGGAGGCTGAGGCAGAAGAGTCACTTGAACCCGGGAGGCAGAGGTTGCAGTGACCAGAGATCGCACCACTGCACTCCAGCCTAGGCAACAAGAGTGAATTCCGTCTCAATAAATAAATAAA","AATTCAAGACCAGCCTGGCCAACATGGAGAAACTCCATCACTACTAAAAATACAAAAATTAGTCGGGCGTGGTGGCAGGTGCCTGTAATCCCAGCTGCTCTGGAGGCTGAAGCAGGAGAATCACTTAAACCCGGGAGGTGGAGGTTGCAGTGAGCCAAGATTGCGCCACTGCACTCCAACCTGGGCTACAAGAGTGAAACTCCCTCAAATAAATAAATAAA"
"chr1","129379402","129379695","KN296478v1","687197","687466","62","128692205","GGCTGGGTGCAGTGGCTCACGCCTGTAATCCCAGCACTTTGGGAGGCCGAGGCAGGTGGGTCACCTGGGGTCAGGAGTTCAAGACCAGCCTGGCCAACAGGGTGAAACCTGGTCTCTACTAAACACACACACACACACACANNNNNNNNNNNNNNNNNNNNGCCAGGCGTGGTGGCAGGCGCCTGTAATCCCAACTACTTGGAGGCCGAGGCAGGAGAACTGCTTGAACCCAGGAGGCGGAGGTGGCAGTGAGCAGAGATCGTGCCACTGCACTCCAGCCTGGGCAACAAGAGC","CTGGGCGCAGTGGCTCACACCTGTAATCCCAGCACTTTGGGAAGCCGAGGTGGGTGGATCACCTGAGGTCACGAGTTCGAGACTAGCCTGGCCAACATGGTGAAACCCTGTCTTTACTAAAAACACACAAAAAAATTAGCCGGGCGTGGTGGCAAGTGCCTGAAATTCGAGCTCTTCAGGAGTCTGAGGCAGGAGAACCGCTTGAACTCAGGAGGCGGAGGTTGCAGTGAGCGGAGATTGCGCCACTGCACTCCAGCCTGGGCAACAAGA"
"chr1","129446694","129446987","KN297171v1","3842175","3842475","43","125604519","CAGTGGCTCACGCCTGTAATCTCAGCACTTTGGGAGGCAGAGGCAGGCGGATCACCTGAGGTCAGGAGTTTTTGAGACCAGCCTGGCCAACATGGTGAAACCCCATCACTGTTAAAAATATAAAATTAGCCAGGCGTGGTGGCGAATGCCTGTAATCCCAGCTACTTGGGAGGCTGAGGTAGGAGAATTGCTTAAACCTGGGAGGCGGAGGTTGCAGTGAGCCGAGATCGTGCCACTGCACTCCAGCCTGAGCAACAAGAGTGGAAAGTTCGTCTCAAAAAAAAAAAAGGAAAA","CCAGGCGCGGTGGCTCACTCCTGTAATCCTAGCACTTTGGGAGGCCAAGGCAGGGGCATCACCTGAGGTCAGGAGTTTGAGACGAGCCTGGCCAACATGGTGGAACCCCATCTCTACTAAAAATACAAAATTAGCCAGGCATGGTGGCGTGTGCCTGTAATCCCAGCTACTTGGGAGGCTGAGGCAGGAGAATCTCTTGAACCTGGGAGGTGGAGGTTGCAATGAGCCAAGATCGTGCCACTGCACTCCAGCCTTGGCAACAAGAGTGAAATTCCATCTCAAAAAAAAAAAAAAAAAAAAA"
"chr1","129594640","129594762","KN296153v1","546197","546323","33","129048443","GGTGTGGTGGCGGGTGCCTGTAATCTCAGCTACCAGGGAGGCTGAGGCAGGTTAATTGCTTGAACCTGGGAGGCAGAGGTTGCAGGAAGCTGAGATCGTGCCGCTGTACTACTCCAGCCTGGG","TTAGCTGGGCATGGTGGCAGGTGCCTGTAGTCCCAGCTACTCAGGAGGCTGAGGCAGGAGAATCACTTGAACCCGGGAGGCGGAACTTGCAGTGAGTCAAGATTGCGTCACTGCACTCCAGCCTGGG"
"chr1","129603557","129603840","KN294257v1","622598","622878","42","128980959","GGCCAGGGTAAGGTGGCTGACGCCTGTAATCCCAGCACTTTGGGAAGCTGAGGCGGGCAGGTCACCTGAGGTTAGGAGTTCGAGACTAGCCTGGCTAACATGGTGAAACCCCGTCTCTACTAAAAATACAAAAAAATTAGCCAGGCGCGGTGACGGGTGCCCGTAGTCCCAGCTACTCAGGAGGCTGAGGCAGGAGAATCGCTTGAACCCGGGAGGTGGACGTTGCAGTGAGCTGAGATCGCACCACTGCACTCCAGCCTGGGCAGGGGGAGCAAAACTCCATC","GGCCTGGTGTGGTAGCTCAGGCCTGTAATCCCAGCACTTTAGAGGCAGAGGTGGGCAGATCACCTGAGGTGGGGAGTTCGAGACTAGCCTGGCCAACATGATGAAACCCCATCTCTACTAAAAATACAAAAAATTAGCCAGGCATGGTGGTGGGCGCCTATAATCCCAGCTAATTGGGAGGCTGAGGCAGGAGAATTGCCTGAACCTGGGAGGTGGAGGTTGCACTGAGCCGAGATCACACCACTGCACTCCAGCCTGGGCAGCAAGAGCAAAACTCTGTC"
"chr1","129616488","129616704","KN297112v1","3923306","3923518","36","125693182","CGAGACCAGCCTGGCCAACATGGTGAAACCCCCGTCTCTACTAAAAATACAAAAATTAGCCAGGCCTGGTGGCAGGTGCCTGTAATCCCAGCTACTCCGCAAGCTAAGGCAGGAGAATCGCTTGAACCCAGGAGGCGGAGGTTTCAGTGAGCCGAGATCAAGCTACAGCACTTTAGCCTGGGCAATAAGAGTGAAACTTCATCTTGAAAAAATAAAA","GACCAGCCTGGCCAACATGGTGAAACCCCGTCTCTACTAAAAGTACAAAAATTAGCTGGGCATGGTGGCAGGCACCTGTAATTCCAGCTACTTGGGAGGCTAAGGCAGGAGAATCACTTGAACCCAGGAGGTGGAGGTTTCAGTGAGCTGAGATTGTGCCACTGCACTCCAGCTGAGCGACAAGAGTGAAACTCTGTCTAAAAAAAAAAAAAA"
"chr1","129617392","129617506","KN295923v1","1069950","1070068","24","128547442","GGCCTGGCATGGTGGCTCACACCTGTACTTTCAGCACTTTGGGAGGCCGAGGCAGGTGGATCCCCTGAGGTCAGAAGTTCGAGACCATGGCTGGGCGTGGTGGCTCACGCCTCTA","GGCCGGGCATGGTGGCTCACACCTGTAATCCCAGCACTTTGGGAGGCCGAGGCAGATGGATCACCTGAGGTCAGGAGTTCGAGATCAGCCTGGCCGACATGATGAAACCCTCTACTAAA"
"chr1","129634729","129635018","KN296281v1","69164","69458","35","129565565","GGCTTGGCATGGTGGCTCACGCCCGTAATCCCAGCACTTTGGGAGGCCGAAGCAGGTGGATCACCTGAGGTCAGGGGTTCAAAACCAGCCTGGCCAACATGGTGAAACCCCGGCTCTACTAGAAATACAAAATTAGCCAGGCATGGTGGATGCCTGTAATCCCAGCTGCTTGGGAGGCTGAGGCAGGAGAATCGCCTGAACCTGGGAGGCGGAGGTTGCAGTGAGCTGAGATCACGCCACTGCACTGCAGCCTGGGCAACAACAGCGAAACTCCGTCTCAAAAAAAAAAA","GACCTGGCATGGTAGCTCACGCCTGTAATCCCAACAGTTTGGGAGGCCGAGGGGGGTGGATCACCTGAGGTCAGGAGTTCGAGACCATCCTGGCCAATATGGTGAAACCCCATCTCTACTAAAAATACAAAAAATTAACCAGGCGTGGTGGCCCATGCCTGTAATCTCAGCTACTCGGGAGGCTGAGGCAGGAGAATCGCTTGAACCCAGGAGGGGGAGGTTGCAGTGAGCCGAGATCACGCCACTGCACTGCAGCCTGGGCAACAAGAGTGAAACTCCATCTCAAAAAAAAAAA"
"chr1","129675918","129676210","KN294842v1","959846","960139","32","128716072","GGCCGGGCGCGGTGGCTCACACCTGCAATCCCTGCACTTTGGGAGGTCAAGGCGGGTGGATCACCTGAGGTCAGGAGTTCGAGACCAGCCTGGCCAACATGATGAAACCCTGTCTCTACTAAAAATACAAAAATTAGCTGGGTGTGGTGGCACGTGCCTGTAATCCCAGCTACTCAGGAGGCTGAGGCAGGATAATCACTTGAACCTGAGAGGTGGAGGTTGCAGTTAGCTGAGATCACACCACTGCACTCCATCCTGGGCAACAAGAGCAAAACTCCGTCTCAAAAAAAAAA","GGCCAGGCATGGTGGCTCACACCTATAATCCCTGTACTTTGGGAGGCCGAGGCAGGTGGATCACCTGAGGTCAGGAGTTCAAGACCAGCCTGGCCAACATGATGAAACCGCGTCTCTACTAAAAATACAAAAAAGCTGGGTGTGGTGGCACGTGCCTATAATCCCAGCTGTTCAGGAGGCTGAGGCAGGAGAATCACTTGAACCAGGGAGGCAGAGGTTGCAGTGAGCCAAGATCAGGCCACTGCACTCCAGCCTGGGCAACAAGAGCAAAACTCTGTCTCAAAAAAAAAAAAA"
"chr1","129840358","129840441","KN297165v1","4164546","4164620","28","125675812","GGCCGGGCGCAGTGGCTCATGCTTGTAACCCTAGCACTTTGGGAGGCCAAGGCAGGCAGANNNNNNNNNNNNNNNNNNNNGAGA","GGCCAGGCGCTGTGGCTCACGCCTGTAATCCTAGCACTTTGGGAGGCCAAGGCAAGCAGATCACCAGAGATCAGG"
"chr1","129862105","129862401","KN296486v1","163955","164261","44","129698150","GACCAGGCACAGTGGCTCACGCCTGTAATCCCAACACTTTGGGAGGCCGAGGTGGGTGGATCACCTAAGGTCAGGAGTTCAAGACCAGCCTGACCAACATGGTGAAACCCCGTCTCTACTAAAAATATAAAAAATTACCAGGCGCCTGTAATCCCAGCTACTCAGGAGGCTGAGATAGGAGAACTGCTTGAACCCAGGAGGCAGAGGTTGCAGTGAGCCAATCGAGCCACTGAACTCCAGCCTGGGCAACAAGAGCAAAACTCCGTCTCAAAAAAAAAAAGTAAAGAAGAAGAAAAA","GGCAGGGCGCGGTGGCTCACGCCTGTAATGCCAGCACTTTGAGAGGCCGCGGTGGGAGGATCACCTGAGGTCAGGAGTTCAAGACCAGCCTGACCAACATGGTGAAACCCCCGTCTCTACTAAAAATACAAAAATTAGCCAGGTGTGGTGGCGGGTGCCTGTAATTCCAGCTACTCAGGAGGCTGAGGCAGGAGAATCGCTTGGACCCAGGAGGCAGAGGTTGCAGTGAGCCAAGATTGTGCCACTGCACTCCAGCCTGGGCAACAAGAGCAAAACTCCGTCTCAAAAAAAAAGGAAAGAGAAGAAA"
"chr1","129986592","129986894","KN296153v1","4205517","4205811","46","125781075","GGCTGGGCGCAGTGGCTCACGCCTGTAATCCTAGCACTTCGGGAGGCCGAGACAGGTTGATGACCTGAGGTCAGGAGTTTGAGACCAGCCTGACCAACATGGTGAAACCGCATCTGCTAAAAATACAAAAAATTAGGATAATGTGGTGGCAGGCGCCTGTAATCCCAGCTATTTGGGAGGCTGAGGCAGGAAAATCGCTTAAATCCAGGAGGCGGAGGTTGCCATGAGCCGAGATTGTGCCACTGCACTCCAGCCTCCAGCCTGGGCAACAAGAGTGAAACTCCATCTCAAAAAAAAAAAAAA","GCTGGGCTCAGTGGCTCACACCTATAATCCCAGCACTTTGGGAGGCCAAGGCGGGCAGATCACCTGAGGTCAGAAGTTCGAGATTAGCCTGGCCAACATGGTGAAACCATGTACTAAAAATACAAAAATTAGCCTGGCGTGGTGGTGGGCGCCTGTAATCCCAGCTACTTGGGAGGCTGAGGCAGGAGAATCGCTTGAACCTGGGAGGCAGAGGTTGCAGTGAGCCGAGATCGTACCACTGCACTCCACTCCAGCCTGGGCAACAAGAGCGAAACTCCATCTCAAAAACAAAAAA"
"chr1","129991471","129991748","KN295586v1","1950719","1950998","34","128040752","GCCAGGCACAGTGGCTCATGCCTGTAATCCCAGCACTTTGGGAGGACAAGGCGCGTGGATCATCTGAGGTCAGGAGTTCGAGACCAGCCTGACCAAAATGGTGAAACCCTGTCTCTACTAAAAATACAAAAATAAGCCGGGCATGGTGGTGGGTGCCTGCAATCCCAGCTACTTGGGAGGCTGAGGCAGGAGAATTGCTTGAACCCAGGAGGCGGAGGTTGCAGTGAGCCGAGATCGCGCCACTGCACTCCAGCCTGGGCAAGAAGAGCAAAACTCCG","GGCTGGGCACAGTGGCTCATGCCTGTAATCCCAGCACTTTGGGAGGCCGAGGCAGGTGGATCACCTGAGGTCAGGAGTTCGAGACCAGCCTGGCCAACATAGTGAAACCCCGTCTCCACTAAAAATACAAAAAATTAGCCGGGCCTGGTGGCGGATACCTGTAATCCCAGCTACTCGAGAGGCTGAGGCAGGAGAATCGCTTGAACCCAGGAAGCAGAGGGTGCAGCGAGCCGAGATTGCACCACTGTACTCCAGCCTGGGCAATAAGAGCGAAATTCTG"
"chr1","130387614","130387916","KN295090v1","583930","584231","41","129803684","GCTGGGCACAGTGGCTCATGTCTATAATCCCAGCACTTTAGGAGGCCGAGGCGGGTGGATCACCTGAGGTCAGGAGTCCAAGACCAGCCTGGCCAACATGGTGAAACCCCACCTTTACTAAAAACACAAAAAATTAGCCAGGTGTGGTGGCACGAGCCTGTAATCCCAGCTACTTGGGAGGCTGATGCAGGAGAATCGCTTGAACCTGGGAGGCGGAAGTTGCAGTGAGCCAAGATCACGCCACTGCACCCCAGCCTAGGCAACAAGAGCGAAACTCAAAAAACAAAACAAAAAAACACAAAA","GGCTGTGCGCAGTGGCTCATGCCTGTAATCCCAGCACTTTGCAAGGCTGAGGCAGGCAGATCACCTGAGGTCAGGAGATAGAAACCAGCCTGGCCAACATGGTGAAACCTCATCTCTACTAAAAATACAAAAAAATTAGCCAGGTGTGGTGGCACATGCCTGTAATCCCAGCTACTCAGGAGGCTGAAGCAGGAGAATCGCTTGAACCTGGGAGGCAGAGGCTGCAGTGAGCCAAGATCACGCCACTGCACTCCAGCCTGGGCAACAAAAGCGAAACTCCATCTCAAAAAAAAAGAAAAAAA"
"chr1","130484251","130484543","KN297047v1","4442061","4442354","35","126042190","GGCCAGGCGCGGTGGCTCATGCCTGTAATCCCAGCACTTTGGGAGGCCAAGGCAGGTGGATCACTTGAGGTCAGGAGTTCAAGACCAGCCTGGCCAACATGGTGAAACCCCGGCTCTACTAAAAATACAAAATTAGCCGGGCATGGTGGTGTGCGCCTATAGTACCAGGTACTCAGGAGGCTGAGGCAGGAGAATCGCTTTGAACCCAGGAGACGCAGGTTGCAGTGAGCCAAGATCACGCCACTGTACTCCAGCCTGGGCAACAATATCAAAACTTCGCCTCAAAAAAAAAA","GGCCGGGCATGGTGGCTCATGCCTGTAACCACAGCACTTTGGGAGGCCGAGGCAGGTGGATCACCTGAGGTCAGGAGTTCAAGACCAGCCTGGTCAACATAGTGAAACATCGTCTCTACTAAAAATACAAAATTAGTCGGGCATGGTGGTGCGTGCCTGTAGTCCCAGCTACTCAGGAGGCTGAGGCAGGAGAATCGCTTGAACCCGGGAGGCAGAGGTTGCAGTGAGGCAAGATCGCGCCACTGCACTCCATCCTGGGCAACAAGAGTGAAACTCCACCTCAGAAAAAAAAAA"
"chr1","130519996","130520290","KN294439v1","300738","301034","32","130219258","GGCCGGGCATGGTGGCTCATGCCTGTAATCCCAGCATTTTCGGAGGCCAAGGCGTGTGGATCACCTGAGGTCAGGAGTTTGAGACCAGCCTGACCAACATGGTGAAACCCTGTCTCTACTAAAAATACAAAATCAGCCGGGCGTGGTAGCGGGGGCCTGTAATCTCAGCTGCTCGGGAGGCTGAGGCAGGAGAATCGCTTGAACCTGGGAGACGGAGGTTACAGTGACCCAAGATCACGCCACTGCACTCCAGCCTGGGCAACAAGAGTGAAACTCTATCTCAAAAAAAAAAAAA","GGCCGGGTGCGGTGACTCACGCCTGTAATCCCAGCACTTTGGGAGGCCAAAGCGGGTGGATCACCTGAGGTCAGGAGTTTGTGACCAGCCTGGCCAACATGGTGAAACCCCGTCTCTACTAAAAATACAAAAAATTAGCCAGGCATGGTGGCAGGCGCCTGTAATCCCAGCTACTCGGGCAGCTGAGGCAGCAGAATCGCTTGAACCCGGGAGGTGGAGGTTGCAGTGAGCCAAGATCACGCCACTGCACTCCAGCCTGGGCAACAAGAGCGAAACTCTGTCTCAAAAAAAAAAAAA"
"chr1","130552798","130553027","KN297260v1","186541","186766","29","130366257","GGCCAGGCACAGTGGCTCACGCCTATAATCCCAGCACTTTGGGAGGCCAAGGCAGGTGGATCACCAGAGGTCAGGAGTTCAAGGCCAGCCTGGCCAACATGGTGAAACCCCGTCTCTACTAAAAATACAAAACACTGGCCAGGTGTGGTGGTGGGCACCTGTAATCCCAGTTGCCTGGGAGGCTGAGGCAGGAGAATCGCTTGAACCTGGGAGGCAGAGGCCCCAGGGAG","GGCCAGGCACATTGGCTCACACCTGTAATCCCAGCACTTTGGGAGGCCAAGGCAGGTGGATCCTCTGAGGTCAGGAGTTCAAGACCAGCCTGGCCAACATGGTGAAACCCCATCTGTACTAAAAGTACAAAAATTAGTTGGGTGTGGTGGCGGGCACCTGTAATCCCAGCTACTCGGGAGGCTGAGGCAGGAGAATCACTTGAACCTGGGAGGCAGAGGTTGCAAT"
"chr1","130960217","130960513","KN297165v1","3298693","3298988","28","127661524","GGCCGGGCACGGTGGCACACACCTGTAATCCCAGCACTTTGGGAGGCCGAGGCAGGTAGATCACCTGAGGTCAGGCGTTCGAGACCAGCCTGCCCAACACGGTGAAACCCCGTCTCTACTAAAAATACAAAAAATTAGCTGGGTGTAGTGGTGGGCACCTTTAATCCCAGCTACTCGGGGGGCTGAGGCAGGAGAATTGCTTAAGCCTGGGAGGCAGAGGTTGCAGTGAGCCAAGATCGTGCCACTGCACTCCAGCCTGGGCAACAAGAGCAAAATTCCATCTCAAAAAAAAAAAAA","GGCTGGGCGCGGTAGCTCACGCCTGTAATTCCAGCACTTTGGGAGGCCGAGGCAGGTGGATCACCTGAGGTCAGGAGTTCAAAACCAGCCTGGCCAACATGGTGAAACCCCGTCTCTACTAAGAATACAAAAATTATCTGGGTGTGGTGGTGGGCACCTGTAATCCCAGCTACTCGGGAGGCTGAGACAGGAGAATTGTTTAACCTGGGAGGCGGAGGTTGCAGTGAGCCGAGATCGCGCCACTGCACTCCAGCCTGGGCAACAAAGAGCAAAATTCTGTTTCAAAAAAAAAAAAA"
"chr1","130989456","130989761","KN294372v1","1816578","1816877","47","129172878","GGCCGGGCGCAGTGGCCTGTAATCCCAGCACTTTGGGAGGCCGAGGTGGGCAGATCACCTGAAGTCAGGAGTTTGAGACCAGCCTGCTCAACATGGCAAAACCCCGCCTCTACTAAAAATACAAAAAATTAGCCGGACATGGTGGCGGACGCCTGTAATCCCAGCTACCCGGGAGGCTGAGGCAGGAGAATCAGGAGAATAGCTTGAACCAGGGAGGCAGAGGTTGCAGTGAGCCAAGATCGCAACACTGCACTCCAGCCTGGGCAACAAGAGCAAAGCTCCGTCTCAAAAAAAAAAAAAAAAAAA","GGCCGGGCGCTCACGCCTGTAATCCCAGCACACTTTGGGAGACCGAGGCAGGTGGATCACCTGAGGTCAGGAGTTCGAGACCAGCCTGGCCAACATCGTGAAACCCCGTCTCTACTAAAAATACAAAAAATTAGCTGGGCATGGTGGCGGGTGCCTGTAATCCCAGCTACTCCGGAGGCTGAGGCAGGTGAATTGCTTGAACCCAGGAGGCAGAGGTTGCAGTGAGCCAAGATTGCGCCACTGCACTCCAGCCTGGGCAACAAGAGGGAAACTACATCTCAAAAAAAAAAGAGAAAAAAA"
"chr1","131543773","131544085","KN297249v1","308747","309053","37","131235026","GTCTGTAATCCCAGCACTTTGGGAGGCTGAGGCAAGTGAATTACCTGAGGTCAGGAGTTTGAGACTGCCTGACCAACATGATGAAACCACGTTATATGATTAGTCTCTACTAAAAATACAAAAAAAAAAAATAGCTTGGCATAGTGGCAGATGCCTGTAATCCCAGCTACTCAGGAGGCTGAGGCAGGAGAATTGCTTGAACCTGGGAGGCAGAGGTTGCAGTGAGCCTGTTGTGCCACTGCACTCCAGCCTGGGCAACAAGAGTGAAACTCCATCTCAAAAAGAAAAGAAAGAAAAGAAAAGAAAAAGAAAA","GTCTATAATCCCAGCGCTTTGGGGAGCTGAGGCAGGTGGATTACCTGAGGTCAGGAGTTTGAGACTGCCTGACCAGCATGGTGAAACCACATGTTATATGATAAGTCAAAATACAAAAAAAAAAAAAAAAATAGCTCAGTGTAGTGGCAGATACCTGTAATCCCAGTTACTCAGGAGGCTGAGGCAGGAGAAGTGCTTGAACCTGGGAGGCAGAGGTCGCAGTGAGCCCGTTGTGCCACTGCACTCCAGCCTGGGCCACAAGAGTGAAACTCCATCTCAAAAAAAGAAAACGAAAGAAAGAAAGAAA"
"chr1","131789560","131789859","KN297249v1","107156","107452","33","131682404","CTGGGCACAGTAGCTCACACCTGTAATCCTAGCACTTTGGGAGGCTGAGGTGGGTGGATCACCTGAGGTCAGGAGTTCGAGACCCGCCTGGCCAACATGGTGAAACCCCATCCCTACTAAAAATACAAAAATTAGCAGGGCATGGTGGCAGGTACCTGTAATGCCAGCCACTTGGGACGCTGAGGCAGGAGAATCGCTTGAACCCAGGGGGCTGAGGTTGCAGTGAGCCGAGATTGTGCCACTTCACTCCAGCCTGGGCAAAAGAGTGAAACTCCATTTAAAACAAGCAAACAAAAAAAA","CAGGCGCAGTGGCTCACACCTGTAACGCTAGCACTTTGGGAGGCTGAGGTGGGTGGGTCACCTGAGGTCAGGAGTTTGAGACCAGCCTGGCCAGCAAGGTGAAACCTTGTCTCTACTAAAAATACAAAAATTAACAGAGCGTGGTGGCAGACACCTGTAATCCCAGCCACTTGGGAAGCTGTGGCAGGAGAATCGCTTGAACCCAGGGAACTGAGGTTGCAGTGAGCAGAGATTGCGCCACTTCACTCCAACCTGGGCAAAAGAGTGAAACTCCATCTAAAATAAACAAACAAAAAA"
"chr1","132395501","132395817","KN294591v1","583940","584248","52","131811561","GCCAGGTGCAGTGGCTCACAACTGTAATCCCAGCACTTTGGGAGGCCGAGATGAGTGGATCGCTTGAGGTCAGGAGTTCGAGACCAGCCCGGCCAACATGATGAAACCCCATTTATATTAAAAATACAAAAATTAGCTGGACATAGTGGCAGGCACCTATAATCCCAGCTACTCAGAAGGCCGAGGCAGGAGAATCGCTTGAACCTAGGAGGAGGAGATTGCAGTGAGCCAAGATGACACCACTGCACTCTAACCTGGGCTGCAAGAGCAAAAGTGTGTCTCATGTAAAAAAAAAATTAAAAAAAACAAGAAAGAAA","GCCGGGTGCAGTGGCTCACACCTGTTATTCCAGCACTTTGGGAGGCTGAGACAGGTGAATCACCTGAGGTCAGGAGTTCGAGACCAGCCTGGCCAACACAGTGAAACCCCGTTTCTACTAAAAATACAAAAAATTAGCTGGGTGTGGTGGCAGGTGCCTGTAGTCCCAGCTACTCAGGAGGCTGAGGCAGGAGAATCGCTTGAACCCGGGAAGCGGAGGTTGCAGTGAGCAGAGATCACACCACTGCACTCTAGCCTGGGCAACAAGAGCAAAACTGTCTTAAAAAAAAAAAAAAAAAAAAAGGAAGAA"
"chr1","132640274","132640569","KN295814v1","1558400","1558704","26","131081874","GCTGGGCACGGTGGCTTACGCCTGTAATCCCATCACTTTGGGAGGCCAAGGCGGGTGGATCACCTGAGGTCAGGAGTTTGAGACCAGCCTGGCCAACATGGTGAAACTCCGTCTCTACTAAAAATACAAAAATTAGCCAGGCGTGGTGGCAGGCGCCTGTAAGCCCAGCTACTCAGGAGGCTGAGGCAGGAGAATTGCTTGAACTCGGGAGGCAGAGGTTGCAGTGAGCCGAGATCGCGAGACTGCACTCCAGCCTGGGCAACAAGAGTGAAACTCCAATCTAAAAAAAAAAAAAA","GCTGGGCACGGTGGCTCACGCCTGTAATCCCAGCACTTTGGGAGGCCGACGCAGGTGGATCACCTGAGGTCAGGAGTTTGAGACCAGCCTGGCCAACATGGTGAAACCCCGTCTCTACTAAAAATACACAAATCAGCCAGGCGTGGTGGCAGGCGCCTGTAAGCCCAGCTACTCAGGAGGCTGAGGCAGGAGAATTGCTTGAACTCGGGAGGCAGAGGTTGCAGTGAGGCGAGATTGCGCCACAGCACTCCAGCCTGGGCAACAAGACTGAAACTCCGTCTGGAAGAAAAAAAAAAAAAAGAAAA"
"chr1","132795410","132795731","KN295814v1","1395163","1395470","47","131400247","GGCTGGGCGTGGTGGCTCATGCCTATAATCCCAGCACTTTGGGAGGCCAAAGCGAGTGGATTACCTGAGGTCAGGAGTTCAAGACCACCCTGGCCAACATGATTGAAACCCCATCTCTACTGNNNNNNNNNNNNNNNNNNNNAAATCAAAAATTAGCCCGGCGTGGTGGCCGGTGCCTGTAATCCCAGCTACTCGGGAGGCTGAGGCAGGAGAATCGCTTGAACTTGGGAGGGTGGGGCTTGCAGTGAGCTGAGATTGTGCCACTGCACCTCCAGCCTGGGCAACGAGCGAAATTCTGTCTCAGATAAATAAGCAAACAAAA","GGCTAGGCGTGGTGGCTCATGCCTGTAATCCCAGCACTTTGGGAGGCCAAAGCGAGTGGATCACCTGAGGTCAGGAGTTCGAGACCACCCTGGCCAACATGACGAAACCCCATCTCTACTAAAAATACAAAAAATTAGCCCAGTGTGGTGGCGGGTGCCTGTAATTCCAGCTACTCAGGAGGCTGAGGCAGGAGAATCGCTTGAACTTGGGAGGCGGGGGTTGCAGTGAGCTGAGATTGTGCCACTGCACTCCAGCCTGGGCAACAAGAGTGAAATTCTGTCTCAAATAAATAAACAACCAGACAAAA"
"chr1","132871197","132871524","KN296146v1","170328","170637","60","132700869","GCCGGGAGTGGTGGTTCATGCCAGTAATCCCAGCATTTTGGGAGGCCAAGGTGGGTGGGTCACCTGAGGTCAGCAGTTCAAGACCAGCCTGGCCAGCATGGTGAAACCCCATCCCTACTCAAAATATAAAAAATTAGCTAGGTGTGGTGGCGGGCGCCTGTAATCCCAGCTACTTGGGAGGTTGAGGCAGGAGAACTGCTTGAGCCCAGGAGGCAGAGTTTGTAGTGAGCTGAGATCGTGCCACTGCACTCCAGCCTGGGCAACAAAAGTGAAACTCTGTCTCATNNNNNNNNNNNNNNNNNNNNAAAANAAAANAAAAANAAAAAAA","GGCCGGGTGTGGTGGCTTATGCCTGTAATCCCAGCACTTTGGGAGGCCGAGGCGGGTGGATCACCTGAGGTCAGGAGTTTAAGACCAGCCTGGCCAATATGGTAAAACTCCGTCTCTACTAAAAATACAAAAAATTAGCCAAGTGTGGTGGCGGACGCCTGTAATCCCACCTACTCGGGAGGCTGAGGCAGGAGAATTGCTTGAACCCAGGAGGCAGAGGTTGCAGTGAGCTGAGATTGCACCACTGCACTCCAGGCTGGGCAACAAGAGTGAAACTGTGTCTCAAGAAAAAAAATAAAAATAAAAAAAA"
"chr1","132903351","132903663","KN295893v1","178302","178608","35","132725049","GGCCGGGCACAATGGCTCCATGCCTGTAATCCCAGCACTTTGGGAGGCTGAGGTGGGCAGATCACCTGAGGTCAGGAGTTCGAGACCAGCCTGGCCAACATGGTGAAACCCTGTCTCTACTAAAAATACAAAAATTAGCCAAGCATGGTGACAGGTGACTGTAATCCCAGCTACTTGGGAGGTTGAGGCAGGAGAATCGCTTGAACCCAGGAGGCAGAGGTTGCACTGAGCTGAGATCACACCACTGCACTCCAGCCTGGGCAACAAGAGCAAAACTCCATCTCAAAAAATATAAAAATAAAATAAAATAAAA","GGCCGGGCACAGTGGCTCGTGCCAGTAATCCCAGCACTTTGGGAGGCTGAGGTGGGTGGATCACCTGAGGTCAGGAGTTTGAGACCAGCCTGGTCAACATGATGAAACCCCATCTCTACTAAAAATACGAAAAATTAGCCAGACATGGTGGCGGGCGCCTGTAATCCCAGCTACTCAGGAGGCTGAGGTAGGAGAATCGCTTGAACCCAGGAGGTGGAGGTTGCAATGAGCGGAGATCGCACCACTGCACTCCAGCCTGGGCAACAAGAGCAAAACTCCATCTCAATAAATAAATAAGTAAATAAAA"
"chr1","132957152","132957451","KN295666v1","599906","600199","33","132357246","GGCCGGGCACAGTGGCTCACGCCTGTAATCCCAGCACTTTAGGAGGCCAAGGTGGGCAGATCACCTGAGGTCAGAAGTTCAAGACCAGCCTGGCCAACATGGCAAAACCCAATGTCTATTTAAAAAAAATACAAAAAATTAGCGGGGCGTGGTGGTGGGTGCTTGTAATCCCAGCTACTTGGGAGGCTGAGGCAGGAGAATCGCTTGAACCCGGGAGGTGGAGGTTGCAGTGAGCCGAGATTGCACCACTGCACTCCAGCCTGGGCAACAAGAGCGAAACTCCATCTCAAAGAAAAAAAA","GGCCGGGCGCGGTGGCTCACGCCTGTAATCCCAGCACTTTGGGAGGCCGAGGCGGGCAGATCACCTGAGGTCAGGAGTTCGAGACCAGCCTGGCCAACATGGTGAAACCCCATCTCAACCAAAAATACAAAAATTAGCTGGGTGTGGTGGTGGGTGCCTGTAATCCCAGCTACTAAGGAAGCTGAGGCAGGAGAATTGCTTGAACCCGGAAGATGGAGGTTGCAGTGAGCCGAGATTGTGCCACTGCACTCTAGCCTGGGCAACAAGAGCGAAACTCCGTCTGAAAAAAAAAAA"
"chr1","133075317","133075626","KN295236v1","753928","754234","37","132321389","GGCTGGGCGCAGTGGCTCACGCCTGTAATCCCAGCACTTTGGGAGGCTGAGGCGGGCAGATCACCTGAGGCCAGGAGTTCAAGACCAGCCTGGCCAACATGGCAAAACCCTATATTTACTAAAAATACAAAAATTAGCTGGGCATGGTGGTGGACATCTGTAATCCCAGGTACTTGGGAGGCTGAGGCAGGAAAATCGCTTGAACCCGGGAGGTGGAGGTTGCAGTGAGCCGAGATCGTGCCACTGCACTCCAGCCTGGGCAACAAAAGCGAGACACTGTCTCAGAAAACAAAAACAAACAAACAAAAAA","GCTGGGCACGGTGGCTCACGCCTGTAATCCCACCACTTTGGGAGGCTGAGGCAGGCGGATCACCTGAGGTCAGGAGTTCGAGACCAGCCTAGCCAACATGGCGAAAACCCATCTCTACTAAAACTACAAAACATTAGCTGGGCATGGTGGTGGGCACCTGTAATCCCAGCTACTTGGGAGGCTGAGGCAGGAGAATTGCTTGAACCCAGGAGGCAGAGGTTGCAGTGAGCTGAGACCGCACCACTGCACTACAGCCTGGGCAACAAGAGCGAGACTCCATCTCAAAAAAAAAAAAAAAAAAAAAAAA"
"chr1","133081846","133082161","KN296865v1","1933794","1934101","39","131148052","GGCCAGGTGCGGTGTTTCACACCTGTAATCCCTGCACTTTGGGAGGCTGAGGCAGGTGGATCACCTGAGGTCAGGAGTTTCAGACCAGCCTGGCCAACATGATGAAACCCCATCTCTAATAAAAATACAAAAAATTAGCAGGGCATGGAAACGTGCACCTGTAATCCCAGCTACTCAGGAGGCTGAGGCAGGAGAATCACTTGAACCCAGGAAGCACAGGTTGCAGTGAGCCAAGATCACGCCACTGCACTCCAGCCTGGGAAACAAGAGCAAAACTCTGTCTCAAAAAAAAAAAGGTAGAAAAACTTGAAAAAAA","GGCCAGATGCGGTGGCTCACGCCTGTAATCCCTGCACTTTAGAAGGCTGAGGCAGGTGGATCACCTGAGGTCAGGAGTTCGAGACCAGCCTGGCCAACATGATGAAACCCTGTCTCTACTAAAAATACAAAAAATTAGCTGGGTGTGGTGGTGCACGCCTATAATCCCAGCTACTCAGGAGGCTGAGGCAGGAGAATAGCTTGAACCTGGGAGGCAGAGGTTGCAGTGAGCCAAGATCACGCCACTGCACTCCAGCCTGGGCAACAAGAGTAAAACTCCATCTCAAAAAAAAAAAAAAAAAAAAAAAA"
"chr1","133092309","133092617","KN294469v1","153201","153509","43","132939108","GGCTGGGAGAGGTGGCTCATGTCTATAATCCCAGCACTTTGGGAGGACGAGGTGGGTGGATCACCTGAGGTCAGGAGTTCAAAACCAGCCTGGCCAACATGGTGAAACCCCATCTCTACTAAAAATACAAAAAATCAGCTGAGCGTGTGGTGCATGCCTGTAGCTCCAGCTACTTGGGAGGCTGAGACAGGAGAATTGCTTGAACTTGGGAGGCGGAGGTTGCAGTAAGCTGAGATCACGCCACTGCACTCCAGCCTGGGCAACAATAGGGAAACCTGGTCTACAAAAAACAAACAAACAAACAAAAAA","GGCCAGACATGGTGGCTCACGCCTGTAATCCCAGCACTTTGGGAGGCCGAGGAGGGTGGATCACCTGAGGTCAGGAGTTCAAGACCAACTTGGCCAACACGGTGAAACCCCATCTCTACTAAAACTACAAAAATCAGCGGGGTGTGCTGGCGGGCACCTGTAGTGCCAGCTACTTGGGAGGCTGAGGCACGAGAATCTCTTGAACTTGGGAGGCGGAGGTTGCAGTGAGCCGAGATGGCACCACTGCACTCCAGCCTGGGCAACAAGAGTGAAACTCTGTCTGAAAAAACAAACAAACAAACAAAAAAA"
"chr1","133104691","133104977","KN295814v1","1060959","1061246","34","132043732","GGCCAGGCACAGTGGCTCATGCCTGTAATCCCAGCACTGTGGAAGGCCGAAGTGGGTGGATCATCTGAGGTCAGGAGTTCAAGACCAGCCTGGCCAACATGGTGAAACCCCGTCACTACTAAAAATACAAAAATTAGCCGGGCATGGTGGCGCACACCTGTAATCCCAGCTGCTTAGGAGGCCGAGGCAGGAGAATAACTCGAACCCGGGAGGCGGAGGTGGGAGTGAGCAGAAATTGCGCCACTGCACTCCAGCTTGGGCAACAAGAGCAAAACTCCACCTCAAAA","GGCCAGGCACAGTGGCTCACCCTGTAATCCCAGCACTGTGGAAGGCCGAGGTGGGTGGATCATCTGAGGTGAGGAGTTCGAGACCAGCCTGGCCAACATGATGAAATCCCGTTTCTACTAAAAATACAAAAATTATCCAGGCGTGGTGGCGTGCGCCTGTAATCCCAGCTGCTCAGGAGGCTGAGGCGGGAGAATAACTTAAACTCAGGAGGCAAAGGCAGGAGTGAGCAGAGATCGCGCCACTGCACTCCAGCTTGGGCAACAAGAGCGAAACTCTGTCTCAAAAAA"
"chr1","133170560","133170873","KN295814v1","993853","994162","22","132176707","GGCCAGGTGTGGTGGCTCGCACCTATAATCCCAGCACTCTGGGAAGCCGAGGCAGGTGGATCACCTGAGGTCAGGAGTTCGAGACCAGCCTGACCAACATGGTGAAACCCTATCTCTACTAAAAATACAAAAAATTAGCTGGGCATGGTGCCAGGCACCTGTAATCCCAGCTACTTGGGAAGCTAAGGCAGGAGAATCACTTGAACCTGGGAGGCAGAGGTTGCAGTGAGCCAAGATTGCGCCACTGTACACCAGCCTGGGCAACAAGAGTGAAACTCTGTCTCAAAAAAAAAAGAAAAGAAGAAAAAGAAAAA","GGCCAGGCATCGTGGCTCACACCTGTAATCCCAGCACTCTGGGAAGCTGAGGCAGGTGGGTCACCAGAGGTCAGGAGTTCGAGACCAGCCTGCCCAACATGGTGAAACCCTATCTCTACTAAAGATGCAAAAAATTAGCTGGGCATGATGCCAGGCACCTGTAATCCCAGCTACTTGGGAAGCTGAGGCAGGAGAATGGCTTGAACCTGGGAGGCGGAGGTTGCAGTGAGCCGAGATTGCGCCACTGTACACCAGCCTGGGCAACAAGAGTGAAACTCTGTCTCAAAAAAAAAGAAAAAGAAAAAAGAAA"
"chr1","133173338","133173636","KN296153v1","47077","47360","50","133126261","GGCCGGGCGTGGTGGCTCACGCCTATAATTCCAGCACTTTGGGAGGCCAAGGCAGGCCGATTACTTGAGGTCAGGGGTTTGAGAACAGCCTGGCCAACATGGCGAAACCCCAACATGGTGAAACTCCAACTCTACTGAAAATACAAAAATTAGCCAGGTGTGGTGGCGGGCACCTGTAATCCCAACTACTCAGGAGGCTGAGGCAGGAGAATTGCTTAGACCCAGGAGGCGGAGGTTGCAGCGAGCTGAGATCGTGCTACTGCACTCCAGCATGGGCAACAAGAGCGAAACTCCATCTC","GGCCAGGTGTGGTGGCTCACACCTATAAATCCAGCACTTTGGGAGGCCAAGGAGGGCAGATCACTTGAGATCAGGAGTTGGAGACCAGACCGGCCAACATGGTGAAACCTCATCTCCACTAAAAATACAAAAATTAGCCAGGCATGGTGGCGGGCACCTGTAATGCCAGCTACTCAGGAGGCTGAGGCAGGAGAATCGCTTGAACCCGGGAGGTGGAGGTTGCAGTGAGCTGAGATCGCACCACTGTACTCCAGCCTGGGCGACAAGAGCGAAACTCCATCCCA"
"chr1","133273953","133274244","KN294539v1","1216306","1216596","37","132057647","GGCTGGGCGCAGTGGCTCATGCCTGTAATCCTTGCACTTTGGGAGGCCGAGGTGGGTGGATCACTTGAGGTCAGGAGTTCGAGACCAGCCTGGCCAGCATGATGAAACCCCATCTCTACCAAAAATACAAAAAATTAGCTGTGTACGGTGGCGCGCACCTGTAATCCCACCGACTCAGGAGGCTGAGGCAGGAGAATCACTTGAACCCAGGAGGTGGAGATTGCAGTGTGCCAAGTTCACGCCACTGCACTCCAGCCTGGGCAACAAGAGCAAAACTCCATCTAAAAAAAAA","GGCTGGGCACAGTGGCTCACGCCTGTAATCCCAGCACTTTGGGAGGCCGAGGTGGGTGGATCACCTGAGGTCAGGAGTTCAAGACCAGCCTGGCCAACATGATGAAACCCCATCTCTACTGAAAATACAAAAATTAGCCAGGTGTCATGGTGGGTGCCTGTAATCTCAGCTACTCGGGAGGCTGAGGCAGGAGAATCGCTTGAACCCAGGAGGAGGAGGTTGCAGCGAACCAAGATCGCACACTGCACTGCAGCCTAGGCGACAAGAGCAAAACTCCATCTTAAAAAAAAA"
